사용년월,insum0,insum1,insum2,insum3,insum4,insum5,insum6,insum7,insum8,insum9,insum10,insum11,insum12,insum13,insum14,insum15,insum16,insum17,insum18,insum19,insum20,insum21,insum22,insum23,outsum0,outsum1,outsum2,outsum3,outsum4,outsum5,outsum6,outsum7,outsum8,outsum9,outsum10,outsum11,outsum12,outsum13,outsum14,outsum15,outsum16,outsum17,outsum18,outsum19,outsum20,outsum21,outsum22,outsum23,diff0,diff1,diff2,diff3,diff4,diff5,diff6,diff7,diff8,diff9,diff10,diff11,diff12,diff13,diff14,diff15,diff16,diff17,diff18,diff19,diff20,diff21,diff22,diff23
201901,40,0,0,0,27,100,190,365,747,451,240,222,324,308,360,352,334,349,491,383,267,280,242,151,21,0,0,0,3,33,198,338,623,448,286,299,308,269,341,379,391,403,578,350,260,265,273,176,-19,0,0,0,-24,-67,8,-27,-124,-3,46,77,-16,-39,-19,27,57,54,87,-33,-7,-15,31,25
201902,29,1,0,0,29,64,140,257,621,385,192,211,319,297,337,287,323,367,467,324,288,279,240,201,44,1,0,0,3,39,183,270,518,378,241,201,273,324,306,290,316,397,469,282,172,228,259,201,15,0,0,0,-26,-25,43,13,-103,-7,49,-10,-46,27,-31,3,-7,30,2,-42,-116,-51,19,0
201903,32,0,0,0,26,85,169,518,794,446,300,263,321,350,360,380,430,417,499,394,349,349,317,231,43,0,0,0,5,65,229,446,661,372,342,336,345,245,292,317,405,445,559,358,320,342,371,281,11,0,0,0,-21,-20,60,-72,-133,-74,42,73,24,-105,-68,-63,-25,28,60,-36,-29,-7,54,50
201904,46,0,0,0,22,101,199,391,781,516,309,285,280,301,418,347,360,479,646,478,350,312,303,203,41,0,0,0,2,69,220,349,666,413,312,245,243,289,296,305,338,466,610,460,325,310,336,178,-5,0,0,0,-20,-32,21,-42,-115,-103,3,-40,-37,-12,-122,-42,-22,-13,-36,-18,-25,-2,33,-25
201905,36,0,0,0,27,95,246,464,707,467,244,270,305,371,454,307,442,543,620,447,377,353,333,224,32,0,0,0,1,22,203,432,759,325,279,311,286,288,357,327,435,640,700,485,337,321,312,213,-4,0,0,0,-26,-73,-43,-32,52,-142,35,41,-19,-83,-97,20,-7,97,80,38,-40,-32,-21,-11
201906,38,0,0,0,22,97,192,444,676,421,319,261,296,360,411,509,458,579,567,409,317,318,289,215,58,0,0,0,3,20,126,379,679,284,289,266,272,272,374,437,531,651,588,369,334,287,335,215,20,0,0,0,-19,-77,-66,-65,3,-137,-30,5,-24,-88,-37,-72,73,72,21,-40,17,-31,46,0
201907,44,0,0,0,18,117,212,549,845,546,286,299,360,446,461,408,510,550,626,471,374,392,298,193,37,0,0,0,3,25,156,425,842,312,314,281,366,409,487,521,465,543,655,471,325,370,340,215,-7,0,0,0,-15,-92,-56,-124,-3,-234,28,-18,6,-37,26,113,-45,-7,29,0,-49,-22,42,22
201908,37,0,0,0,25,92,213,472,750,470,340,269,357,415,416,405,493,532,623,397,310,349,274,166,53,0,0,0,9,16,161,407,672,333,392,353,366,366,359,390,481,559,601,427,300,396,327,222,16,0,0,0,-16,-76,-52,-65,-78,-137,52,84,9,-49,-57,-15,-12,27,-22,30,-10,47,53,56
201909,27,1,0,0,33,116,183,420,725,515,277,298,302,351,390,344,430,464,555,344,319,290,259,142,49,0,0,0,1,11,107,368,752,432,412,331,258,361,352,322,454,577,578,395,241,272,375,239,22,-1,0,0,-32,-105,-76,-52,27,-83,135,33,-44,10,-38,-22,24,113,23,51,-78,-18,116,97
201910,39,0,0,0,16,128,226,467,715,573,258,355,396,419,486,431,449,543,561,411,421,338,310,172,53,0,0,0,8,17,200,481,770,474,351,345,348,400,381,356,488,579,564,380,339,320,353,190,14,0,0,0,-8,-111,-26,14,55,-99,93,-10,-48,-19,-105,-75,39,36,3,-31,-82,-18,43,18
201911,52,0,0,0,6,108,232,447,588,521,295,303,353,445,394,315,423,466,605,371,329,294,295,187,70,0,0,0,5,20,155,384,632,421,408,289,288,386,375,379,437,615,748,441,283,273,320,272,18,0,0,0,-1,-88,-77,-63,44,-100,113,-14,-65,-59,-19,64,14,149,143,70,-46,-21,25,85
201912,17,0,0,0,15,92,176,406,652,469,303,325,297,330,384,343,423,496,647,336,375,313,317,198,55,0,0,0,8,22,107,323,659,382,361,306,258,331,302,371,497,598,617,314,322,320,333,225,38,0,0,0,-7,-70,-69,-83,7,-87,58,-19,-39,1,-82,28,74,102,-30,-22,-53,7,16,27
202001,20,0,0,0,15,93,152,310,625,406,238,227,274,285,309,293,382,476,472,393,341,304,236,124,58,0,0,0,5,17,115,292,663,340,364,257,241,268,301,308,355,468,566,459,389,303,283,164,38,0,0,0,-10,-76,-37,-18,38,-66,126,30,-33,-17,-8,15,-27,-8,94,66,48,-1,47,40
202002,19,0,0,0,8,75,126,360,635,383,169,191,289,251,243,219,287,409,444,357,268,226,293,132,31,0,0,0,3,14,92,308,637,310,250,236,289,275,237,250,293,535,555,309,242,261,265,154,12,0,0,0,-5,-61,-34,-52,2,-73,81,45,0,24,-6,31,6,126,111,-48,-26,35,-28,22
202003,12,0,0,0,12,106,99,255,549,311,177,185,175,213,244,263,316,359,400,295,258,209,227,135,38,0,0,0,3,14,93,247,554,251,260,194,161,223,260,282,297,384,385,249,236,192,217,114,26,0,0,0,-9,-92,-6,-8,5,-60,83,9,-14,10,16,19,-19,25,-15,-46,-22,-17,-10,-21
202004,15,0,0,0,14,66,103,289,449,339,213,194,207,285,255,221,265,330,405,311,232,184,210,113,38,0,0,0,10,13,72,204,554,275,241,188,193,284,257,255,274,414,410,269,214,225,189,102,23,0,0,0,-4,-53,-31,-85,105,-64,28,-6,-14,-1,2,34,9,84,5,-42,-18,41,-21,-11
202005,31,0,0,0,11,82,101,312,415,364,222,214,286,313,266,302,309,349,474,397,274,241,288,130,48,0,0,0,4,20,122,219,556,297,266,247,274,233,233,321,380,367,474,258,240,200,190,131,17,0,0,0,-7,-62,21,-93,141,-67,44,33,-12,-80,-33,19,71,18,0,-139,-34,-41,-98,1
202006,31,0,0,0,7,54,119,397,491,392,237,234,280,269,294,307,421,435,454,419,300,255,332,132,54,0,0,0,5,14,121,249,628,352,312,233,220,273,293,386,425,442,428,278,253,252,241,136,23,0,0,0,-2,-40,2,-148,137,-40,75,-1,-60,4,-1,79,4,7,-26,-141,-47,-3,-91,4
202007,24,0,0,0,14,63,129,477,533,412,259,255,312,335,338,310,399,428,471,437,311,276,384,147,57,0,0,0,4,13,148,332,668,366,315,309,312,268,318,368,435,465,481,353,267,247,221,131,33,0,0,0,-10,-50,19,-145,135,-46,56,54,0,-67,-20,58,36,37,10,-84,-44,-29,-163,-16
202008,32,0,0,0,4,77,126,377,440,321,224,214,236,326,331,283,317,374,430,360,250,244,305,127,39,0,0,0,1,18,143,251,513,353,264,282,232,289,291,362,328,382,475,277,245,226,198,117,7,0,0,0,-3,-59,17,-126,73,32,40,68,-4,-37,-40,79,11,8,45,-83,-5,-18,-107,-10
202009,20,0,0,0,7,82,160,323,504,327,225,194,255,283,307,342,310,429,394,333,280,267,255,138,30,0,0,0,3,7,104,270,570,331,221,226,202,246,287,358,369,487,464,279,229,237,214,104,10,0,0,0,-4,-75,-56,-53,66,4,-4,32,-53,-37,-20,16,59,58,70,-54,-51,-30,-41,-34
202010,34,0,0,0,8,75,114,323,488,405,263,276,267,325,308,320,391,449,516,314,320,280,305,173,62,0,0,0,1,20,101,268,439,300,258,245,250,249,304,292,430,418,455,243,243,219,210,131,28,0,0,0,-7,-55,-13,-55,-49,-105,-5,-31,-17,-76,-4,-28,39,-31,-61,-71,-77,-61,-95,-42
202011,22,0,0,0,12,52,97,324,508,321,220,218,275,295,277,311,428,439,487,294,296,256,289,154,42,0,0,0,4,17,105,279,555,330,234,239,273,275,326,349,428,477,544,237,235,230,219,130,20,0,0,0,-8,-35,8,-45,47,9,14,21,-2,-20,49,38,0,38,57,-57,-61,-26,-70,-24
202012,10,0,0,0,9,53,73,210,428,288,187,198,212,266,290,318,306,336,350,254,270,291,128,58,11,0,0,0,1,9,77,201,432,319,234,219,228,224,318,356,287,319,377,223,184,226,101,56,1,0,0,0,-8,-44,4,-9,4,31,47,21,16,-42,28,38,-19,-17,27,-31,-86,-65,-27,-2
202101,8,0,0,0,2,15,78,185,434,293,201,157,206,252,301,256,279,306,380,280,236,306,119,98,10,0,0,0,1,13,74,195,456,305,238,195,197,226,299,350,319,359,409,192,197,258,102,63,2,0,0,0,-1,-2,-4,10,22,12,37,38,-9,-26,-2,94,40,53,29,-88,-39,-48,-17,-35
202102,7,0,0,0,2,16,82,200,350,286,207,192,201,297,249,309,291,302,331,286,313,263,168,87,11,0,0,0,3,18,83,198,408,345,187,166,212,227,296,338,323,291,364,191,195,225,124,59,4,0,0,0,1,2,1,-2,58,59,-20,-26,11,-70,47,29,32,-11,33,-95,-118,-38,-44,-28
