사용년월,insum0,insum1,insum2,insum3,insum4,insum5,insum6,insum7,insum8,insum9,insum10,insum11,insum12,insum13,insum14,insum15,insum16,insum17,insum18,insum19,insum20,insum21,insum22,insum23,outsum0,outsum1,outsum2,outsum3,outsum4,outsum5,outsum6,outsum7,outsum8,outsum9,outsum10,outsum11,outsum12,outsum13,outsum14,outsum15,outsum16,outsum17,outsum18,outsum19,outsum20,outsum21,outsum22,outsum23,diff0,diff1,diff2,diff3,diff4,diff5,diff6,diff7,diff8,diff9,diff10,diff11,diff12,diff13,diff14,diff15,diff16,diff17,diff18,diff19,diff20,diff21,diff22,diff23
201901,4,0,0,0,98,380,643,2116,2622,1253,951,810,886,833,690,622,651,848,863,668,362,368,226,104,5,0,0,0,12,45,63,97,301,124,93,95,103,133,165,189,208,262,417,467,314,349,319,156,1,0,0,0,-86,-335,-580,-2019,-2321,-1129,-858,-715,-783,-700,-525,-433,-443,-586,-446,-201,-48,-19,93,52
201902,2,0,0,0,100,346,510,1640,2123,992,872,637,851,744,694,611,636,791,693,645,295,314,180,123,2,2,0,0,14,39,96,110,297,114,81,84,116,168,173,177,206,244,362,424,300,319,293,157,0,2,0,0,-86,-307,-414,-1530,-1826,-878,-791,-553,-735,-576,-521,-434,-430,-547,-331,-221,5,5,113,34
201903,5,0,0,0,107,398,783,2803,2606,1232,907,709,935,848,659,642,643,845,790,782,410,358,277,128,3,0,0,0,12,66,55,253,400,114,108,73,154,173,164,263,375,367,440,540,339,353,359,196,-2,0,0,0,-95,-332,-728,-2550,-2206,-1118,-799,-636,-781,-675,-495,-379,-268,-478,-350,-242,-71,-5,82,68
201904,0,0,0,0,121,484,885,2843,2566,1189,941,659,900,766,613,556,617,791,777,742,430,369,197,84,5,0,0,0,23,78,79,269,440,132,138,113,192,166,197,227,389,343,427,510,321,378,349,165,5,0,0,0,-98,-406,-806,-2574,-2126,-1057,-803,-546,-708,-600,-416,-329,-228,-448,-350,-232,-109,9,152,81
201905,3,0,0,0,149,536,857,2750,2505,1265,1090,778,916,818,713,658,710,883,946,828,579,404,260,90,5,0,0,0,21,83,101,218,432,116,90,108,147,174,209,253,347,327,414,522,382,376,338,189,2,0,0,0,-128,-453,-756,-2532,-2073,-1149,-1000,-670,-769,-644,-504,-405,-363,-556,-532,-306,-197,-28,78,99
201906,3,0,0,0,177,458,659,2669,2341,1203,1014,736,960,838,691,610,693,833,811,724,520,340,260,92,6,0,0,0,14,70,117,206,330,128,123,106,169,181,177,227,325,266,375,476,326,302,298,142,3,0,0,0,-163,-388,-542,-2463,-2011,-1075,-891,-630,-791,-657,-514,-383,-368,-567,-436,-248,-194,-38,38,50
201907,4,0,0,0,207,460,815,2696,2469,1242,1014,760,1067,868,759,739,796,907,961,863,549,362,231,113,3,0,0,0,43,57,120,198,358,145,125,149,176,196,202,257,290,288,375,502,325,339,295,152,-1,0,0,0,-164,-403,-695,-2498,-2111,-1097,-889,-611,-891,-672,-557,-482,-506,-619,-586,-361,-224,-23,64,39
201908,1,0,0,0,174,430,778,2397,2342,1185,993,758,1044,887,689,660,868,817,894,827,506,363,241,102,2,0,0,0,34,80,100,190,306,156,117,121,148,168,145,251,287,282,430,495,317,327,303,163,1,0,0,0,-140,-350,-678,-2207,-2036,-1029,-876,-637,-896,-719,-544,-409,-581,-535,-464,-332,-189,-36,62,61
201909,2,0,0,0,158,379,784,2588,2309,1040,939,764,994,806,664,666,730,806,885,771,432,311,250,106,13,0,0,0,32,76,103,215,356,133,146,106,153,155,162,262,388,316,416,494,316,373,331,156,11,0,0,0,-126,-303,-681,-2373,-1953,-907,-793,-658,-841,-651,-502,-404,-342,-490,-469,-277,-116,62,81,50
201910,0,0,0,0,188,457,846,2897,2655,1285,1098,916,1090,866,776,712,769,938,963,849,439,338,276,84,3,0,0,0,23,76,119,231,333,122,136,120,181,170,187,295,445,350,444,550,398,392,359,186,3,0,0,0,-165,-381,-727,-2666,-2322,-1163,-962,-796,-909,-696,-589,-417,-324,-588,-519,-299,-41,54,83,102
201911,0,0,0,0,196,355,766,2747,2745,1269,1084,754,949,907,736,708,751,948,925,823,397,305,239,100,6,0,0,0,15,67,115,214,460,135,123,125,161,156,199,272,363,389,484,582,364,424,347,159,6,0,0,0,-181,-288,-651,-2533,-2285,-1134,-961,-629,-788,-751,-537,-436,-388,-559,-441,-241,-33,119,108,59
201912,5,0,0,0,160,332,744,2541,2583,1378,1075,874,1013,945,802,766,851,981,946,819,440,373,279,95,5,0,0,0,13,73,87,210,382,133,137,129,186,170,225,308,378,339,502,560,383,402,365,181,0,0,0,0,-147,-259,-657,-2331,-2201,-1245,-938,-745,-827,-775,-577,-458,-473,-642,-444,-259,-57,29,86,86
202001,5,0,0,0,141,328,709,2016,2158,1255,900,891,1020,960,799,739,792,876,863,725,372,313,253,93,4,1,0,0,18,68,81,112,272,123,112,100,144,143,207,219,260,271,490,544,339,320,310,160,-1,1,0,0,-123,-260,-628,-1904,-1886,-1132,-788,-791,-876,-817,-592,-520,-532,-605,-373,-181,-33,7,57,67
202002,1,0,0,0,137,264,705,1978,2210,1047,819,701,838,726,640,591,642,731,846,719,319,269,210,87,4,0,0,0,19,74,92,152,272,103,101,93,144,167,159,206,225,250,370,484,364,304,249,164,3,0,0,0,-118,-190,-613,-1826,-1938,-944,-718,-608,-694,-559,-481,-385,-417,-481,-476,-235,45,35,39,77
202003,3,0,0,0,118,318,669,1709,2143,890,693,608,643,664,554,567,594,644,750,657,304,259,168,88,2,0,0,0,18,63,86,93,240,114,66,87,93,122,147,187,177,243,409,467,301,320,198,128,-1,0,0,0,-100,-255,-583,-1616,-1903,-776,-627,-521,-550,-542,-407,-380,-417,-401,-341,-190,-3,61,30,40
202004,3,0,0,0,136,266,759,1602,2007,1052,872,650,647,716,728,550,704,664,718,671,345,314,184,94,3,0,0,0,21,55,114,101,262,99,101,86,106,132,156,193,181,203,416,496,295,314,196,122,0,0,0,0,-115,-211,-645,-1501,-1745,-953,-771,-564,-541,-584,-572,-357,-523,-461,-302,-175,-50,0,12,28
202005,1,0,0,0,138,271,859,1775,1910,1082,877,706,819,872,878,684,780,790,788,745,366,340,233,73,2,0,0,0,21,47,122,172,230,107,105,110,124,134,175,178,196,262,451,548,290,330,272,143,1,0,0,0,-117,-224,-737,-1603,-1680,-975,-772,-596,-695,-738,-703,-506,-584,-528,-337,-197,-76,-10,39,70
202006,0,0,0,0,124,291,860,2347,2077,1050,857,671,773,825,723,643,727,803,930,817,403,323,251,101,6,0,0,0,24,59,104,236,378,125,171,160,161,134,171,290,259,267,489,571,303,334,252,120,6,0,0,0,-100,-232,-756,-2111,-1699,-925,-686,-511,-612,-691,-552,-353,-468,-536,-441,-246,-100,11,1,19
202007,9,0,0,0,127,310,909,2450,2194,1013,930,665,936,868,786,685,742,809,969,869,429,313,275,110,9,0,0,0,28,39,93,301,432,131,144,131,194,155,190,232,352,334,534,589,352,345,269,108,0,0,0,0,-99,-271,-816,-2149,-1762,-882,-786,-534,-742,-713,-596,-453,-390,-475,-435,-280,-77,32,-6,-2
202008,6,0,0,0,124,278,739,2039,1852,1029,784,643,774,775,730,696,635,763,770,685,399,300,241,68,0,0,0,0,10,58,69,193,372,134,132,133,160,161,189,258,251,360,535,501,318,366,247,134,-6,0,0,0,-114,-220,-670,-1846,-1480,-895,-652,-510,-614,-614,-541,-438,-384,-403,-235,-184,-81,66,6,66
202009,3,0,0,0,119,266,723,2116,1877,909,844,552,725,725,710,591,608,722,737,673,391,280,216,77,3,0,0,0,20,79,62,229,315,153,121,142,181,133,176,231,248,305,532,561,344,351,244,91,0,0,0,0,-99,-187,-661,-1887,-1562,-756,-723,-410,-544,-592,-534,-360,-360,-417,-205,-112,-47,71,28,14
202010,9,0,0,0,111,301,713,2126,2005,954,875,623,779,731,762,651,705,794,864,816,412,335,214,75,4,0,0,0,13,66,81,216,394,151,144,150,196,169,186,238,315,361,514,542,352,373,310,137,-5,0,0,0,-98,-235,-632,-1910,-1611,-803,-731,-473,-583,-562,-576,-413,-390,-433,-350,-274,-60,38,96,62
202011,2,0,0,0,88,250,831,2196,2161,1033,885,678,807,778,766,638,694,802,857,775,393,302,177,60,3,0,0,0,16,42,61,211,348,137,126,135,185,190,177,235,300,323,502,611,385,379,278,144,1,0,0,0,-72,-208,-770,-1985,-1813,-896,-759,-543,-622,-588,-589,-403,-394,-479,-355,-164,-8,77,101,84
202012,0,0,0,0,92,233,804,1860,1781,968,722,666,671,693,627,635,549,636,701,585,262,249,142,48,3,0,0,0,9,31,50,232,309,130,125,101,146,127,166,171,212,313,463,556,313,362,156,83,3,0,0,0,-83,-202,-754,-1628,-1472,-838,-597,-565,-525,-566,-461,-464,-337,-323,-238,-29,51,113,14,35
202101,6,0,0,0,141,304,695,1647,1826,938,749,665,799,778,771,673,598,667,627,630,320,295,164,51,2,0,0,0,6,59,57,162,239,166,169,117,183,149,209,223,288,353,554,650,435,480,230,104,-4,0,0,0,-135,-245,-638,-1485,-1587,-772,-580,-548,-616,-629,-562,-450,-310,-314,-73,20,115,185,66,53
202102,1,0,0,0,116,272,685,1436,1648,839,719,672,747,746,701,631,638,657,578,593,267,248,183,52,3,0,0,0,7,55,42,119,255,137,103,115,139,151,178,194,242,281,565,536,355,346,226,114,2,0,0,0,-109,-217,-643,-1317,-1393,-702,-616,-557,-608,-595,-523,-437,-396,-376,-13,-57,88,98,43,62
