사용년월,insum0,insum1,insum2,insum3,insum4,insum5,insum6,insum7,insum8,insum9,insum10,insum11,insum12,insum13,insum14,insum15,insum16,insum17,insum18,insum19,insum20,insum21,insum22,insum23,outsum0,outsum1,outsum2,outsum3,outsum4,outsum5,outsum6,outsum7,outsum8,outsum9,outsum10,outsum11,outsum12,outsum13,outsum14,outsum15,outsum16,outsum17,outsum18,outsum19,outsum20,outsum21,outsum22,outsum23,diff0,diff1,diff2,diff3,diff4,diff5,diff6,diff7,diff8,diff9,diff10,diff11,diff12,diff13,diff14,diff15,diff16,diff17,diff18,diff19,diff20,diff21,diff22,diff23
201901,0,0,0,0,0,1,2,2,5,11,18,20,35,41,33,169,158,109,113,75,55,29,44,26,0,0,0,0,0,0,3,0,12,10,11,4,2,3,1,4,1,3,5,5,6,6,11,1,0,0,0,0,0,-1,1,-2,7,-1,-7,-16,-33,-38,-32,-165,-157,-106,-108,-70,-49,-23,-33,-25
201902,0,0,0,0,0,0,0,0,10,12,14,34,39,34,35,78,115,99,126,50,25,28,35,11,0,0,0,0,0,0,2,1,4,11,6,3,3,1,4,4,3,1,0,3,7,3,7,3,0,0,0,0,0,0,2,1,-6,-1,-8,-31,-36,-33,-31,-74,-112,-98,-126,-47,-18,-25,-28,-8
201903,0,0,0,0,0,2,3,8,12,9,25,98,53,135,125,203,315,399,415,130,88,100,121,53,0,0,0,0,0,1,2,3,18,11,7,9,3,4,4,6,5,6,5,3,2,10,8,3,0,0,0,0,0,-1,-1,-5,6,2,-18,-89,-50,-131,-121,-197,-310,-393,-410,-127,-86,-90,-113,-50
201904,0,0,0,0,0,7,14,12,13,17,39,108,65,163,126,252,346,426,335,198,124,136,153,102,0,0,0,0,0,4,4,5,23,9,15,8,5,1,4,3,4,6,4,9,2,3,10,1,0,0,0,0,0,-3,-10,-7,10,-8,-24,-100,-60,-162,-122,-249,-342,-420,-331,-189,-122,-133,-143,-101
201905,0,0,0,0,0,11,21,4,17,41,43,109,36,170,163,295,436,435,449,205,128,99,204,76,0,0,0,0,0,5,6,3,32,8,21,25,2,10,4,3,3,3,3,12,2,1,4,2,0,0,0,0,0,-6,-15,-1,15,-33,-22,-84,-34,-160,-159,-292,-433,-432,-446,-193,-126,-98,-200,-74
201906,0,0,0,0,0,21,17,17,17,27,44,81,62,129,109,183,250,247,215,144,102,91,100,71,0,0,0,0,0,2,9,2,18,8,9,11,3,13,4,3,3,2,3,3,1,2,7,9,0,0,0,0,0,-19,-8,-15,1,-19,-35,-70,-59,-116,-105,-180,-247,-245,-212,-141,-101,-89,-93,-62
201907,0,0,0,0,0,9,3,13,28,12,28,78,69,77,68,237,234,144,176,90,50,46,84,47,0,0,0,0,0,1,6,6,33,21,14,3,9,10,0,7,2,3,5,2,5,13,12,4,0,0,0,0,0,-8,3,-7,5,9,-14,-75,-60,-67,-68,-230,-232,-141,-171,-88,-45,-33,-72,-43
201908,0,0,0,0,0,5,5,29,32,18,18,62,55,51,50,182,213,139,214,128,57,43,76,25,0,0,0,0,0,1,8,2,21,34,13,4,3,5,1,7,7,8,2,5,3,4,5,2,0,0,0,0,0,-4,3,-27,-11,16,-5,-58,-52,-46,-49,-175,-206,-131,-212,-123,-54,-39,-71,-23
201909,0,0,0,0,0,5,4,30,23,21,37,44,121,113,258,249,414,454,292,158,100,92,117,48,0,0,0,0,0,2,10,5,25,21,10,9,8,6,7,3,11,5,5,8,7,4,8,4,0,0,0,0,0,-3,6,-25,2,0,-27,-35,-113,-107,-251,-246,-403,-449,-287,-150,-93,-88,-109,-44
201910,0,0,0,0,0,13,5,42,28,16,56,82,126,132,309,222,394,566,289,163,108,121,157,93,0,0,0,0,0,0,7,4,41,21,17,3,9,10,8,7,4,1,4,3,3,3,5,2,0,0,0,0,0,-13,2,-38,13,5,-39,-79,-117,-122,-301,-215,-390,-565,-285,-160,-105,-118,-152,-91
201911,0,0,0,0,0,7,15,39,29,40,60,74,119,100,274,231,420,577,337,189,140,133,144,67,0,0,0,0,0,0,7,3,36,18,8,1,7,4,4,3,3,6,10,1,5,6,12,6,0,0,0,0,0,-7,-8,-36,7,-22,-52,-73,-112,-96,-270,-228,-417,-571,-327,-188,-135,-127,-132,-61
201912,0,0,0,0,0,11,14,30,40,37,53,86,133,71,177,198,286,380,212,96,97,72,101,71,0,0,0,0,0,0,10,8,24,16,14,3,5,7,5,5,6,10,3,6,1,3,4,2,0,0,0,0,0,-11,-4,-22,-16,-21,-39,-83,-128,-64,-172,-193,-280,-370,-209,-90,-96,-69,-97,-69
202001,0,0,0,0,0,4,3,20,24,36,28,32,51,44,98,118,226,181,168,56,51,29,29,17,0,0,0,0,0,0,2,4,16,19,6,2,5,1,4,1,4,2,6,2,2,3,7,1,0,0,0,0,0,-4,-1,-16,-8,-17,-22,-30,-46,-43,-94,-117,-222,-179,-162,-54,-49,-26,-22,-16
202002,0,0,0,0,0,1,0,19,16,30,15,24,25,22,87,110,163,202,141,51,35,34,37,10,0,0,0,0,0,0,3,6,31,18,9,2,5,4,4,1,5,7,7,11,5,5,6,3,0,0,0,0,0,-1,3,-13,15,-12,-6,-22,-20,-18,-83,-109,-158,-195,-134,-40,-30,-29,-31,-7
202003,0,0,0,0,0,0,3,15,5,26,22,10,29,23,52,37,91,248,131,37,36,34,31,22,0,0,0,0,0,0,2,2,10,4,2,5,2,1,2,1,6,1,0,10,1,2,1,1,0,0,0,0,0,0,-1,-13,5,-22,-20,-5,-27,-22,-50,-36,-85,-247,-131,-27,-35,-32,-30,-21
202004,0,0,0,0,0,0,6,9,9,24,35,24,28,24,54,40,118,211,150,36,48,25,37,32,0,0,0,0,0,0,2,0,39,11,5,9,4,7,4,5,2,2,1,6,5,0,4,2,0,0,0,0,0,0,-4,-9,30,-13,-30,-15,-24,-17,-50,-35,-116,-209,-149,-30,-43,-25,-33,-30
202005,0,0,0,0,0,0,4,3,17,37,27,34,32,35,52,38,124,235,160,55,46,39,28,45,0,0,0,0,0,0,1,4,73,12,7,5,8,2,2,4,4,3,4,11,2,0,4,2,0,0,0,0,0,0,-3,1,56,-25,-20,-29,-24,-33,-50,-34,-120,-232,-156,-44,-44,-39,-24,-43
202006,0,0,0,0,0,6,7,26,25,57,31,61,86,42,71,97,165,323,149,64,51,62,40,44,0,0,0,0,0,0,4,5,73,18,7,4,12,4,5,4,7,4,2,15,0,6,1,2,0,0,0,0,0,-6,-3,-21,48,-39,-24,-57,-74,-38,-66,-93,-158,-319,-147,-49,-51,-56,-39,-42
202007,0,0,0,0,0,1,3,30,31,50,14,67,59,25,131,131,249,248,159,82,54,31,26,28,0,0,0,0,0,0,6,4,77,20,7,4,5,4,4,2,3,3,3,8,5,2,2,2,0,0,0,0,0,-1,3,-26,46,-30,-7,-63,-54,-21,-127,-129,-246,-245,-156,-74,-49,-29,-24,-26
202008,0,0,0,0,0,10,5,25,27,40,29,19,48,26,108,115,280,194,160,87,63,22,19,49,0,0,0,0,0,0,1,1,40,15,11,3,1,1,9,1,5,2,3,14,2,2,3,2,0,0,0,0,0,-10,-4,-24,13,-25,-18,-16,-47,-25,-99,-114,-275,-192,-157,-73,-61,-20,-16,-47
202009,0,0,0,0,0,2,3,29,5,36,14,21,49,28,57,49,123,265,173,57,38,24,34,33,0,0,0,0,0,0,0,1,37,22,6,4,7,5,5,0,9,1,2,13,2,1,3,2,0,0,0,0,0,-2,-3,-28,32,-14,-8,-17,-42,-23,-52,-49,-114,-264,-171,-44,-36,-23,-31,-31
202010,0,0,0,0,0,4,12,32,22,54,20,47,50,37,65,58,124,240,130,47,54,28,47,52,0,0,0,0,0,0,4,0,37,19,7,5,9,4,10,3,6,4,2,13,1,2,6,1,0,0,0,0,0,-4,-8,-32,15,-35,-13,-42,-41,-33,-55,-55,-118,-236,-128,-34,-53,-26,-41,-51
202011,0,0,0,0,0,5,7,63,32,66,12,53,75,48,96,62,148,257,119,56,63,51,34,45,0,0,0,0,0,0,9,2,27,14,4,7,7,5,1,6,4,2,1,9,3,2,4,1,0,0,0,0,0,-5,2,-61,-5,-52,-8,-46,-68,-43,-95,-56,-144,-255,-118,-47,-60,-49,-30,-44
202012,0,0,0,0,0,2,12,55,34,45,30,25,56,28,62,61,147,146,77,36,45,42,23,32,0,0,0,0,0,0,1,0,24,15,8,11,6,1,10,0,0,2,2,13,2,3,3,1,0,0,0,0,0,-2,-11,-55,-10,-30,-22,-14,-50,-27,-52,-61,-147,-144,-75,-23,-43,-39,-20,-31
202101,0,0,0,0,0,2,24,58,31,13,13,14,25,23,38,58,205,124,86,32,19,27,19,29,0,0,0,0,0,0,10,5,14,16,3,0,3,1,6,2,3,1,2,9,3,6,1,0,0,0,0,0,0,-2,-14,-53,-17,3,-10,-14,-22,-22,-32,-56,-202,-123,-84,-23,-16,-21,-18,-29
202102,0,0,0,0,0,2,21,16,21,13,10,16,29,21,58,55,95,112,45,26,13,23,15,32,0,0,0,0,0,4,18,7,25,13,3,7,9,2,6,3,8,3,4,15,2,0,7,0,0,0,0,0,0,2,-3,-9,4,0,-7,-9,-20,-19,-52,-52,-87,-109,-41,-11,-11,-23,-8,-32
