사용년월,insum0,insum1,insum2,insum3,insum4,insum5,insum6,insum7,insum8,insum9,insum10,insum11,insum12,insum13,insum14,insum15,insum16,insum17,insum18,insum19,insum20,insum21,insum22,insum23,outsum0,outsum1,outsum2,outsum3,outsum4,outsum5,outsum6,outsum7,outsum8,outsum9,outsum10,outsum11,outsum12,outsum13,outsum14,outsum15,outsum16,outsum17,outsum18,outsum19,outsum20,outsum21,outsum22,outsum23,diff0,diff1,diff2,diff3,diff4,diff5,diff6,diff7,diff8,diff9,diff10,diff11,diff12,diff13,diff14,diff15,diff16,diff17,diff18,diff19,diff20,diff21,diff22,diff23
201901,1,0,0,0,0,0,1,0,2,2,0,5,4,8,4,1,5,1,4,3,1,2,1,0,231,19,0,0,0,21,143,131,272,272,319,349,471,414,465,537,534,625,738,762,609,598,676,380,230,19,0,0,0,21,142,131,270,270,319,344,467,406,461,536,529,624,734,759,608,596,675,380
201902,4,0,0,0,0,0,1,0,3,3,2,0,2,4,3,2,3,3,4,3,14,4,1,2,212,23,1,0,0,19,108,126,283,256,254,259,410,404,388,432,507,522,647,595,557,484,675,413,208,23,1,0,0,19,107,126,280,253,252,259,408,400,385,430,504,519,643,592,543,480,674,411
201903,0,0,0,0,0,0,0,2,2,5,2,5,1,1,1,5,2,4,3,1,2,2,3,2,261,31,0,0,0,11,145,176,403,294,310,289,504,493,437,561,670,670,781,751,694,600,744,511,261,31,0,0,0,11,145,174,401,289,308,284,503,492,436,556,668,666,778,750,692,598,741,509
201904,0,0,0,0,0,0,0,0,2,2,7,1,7,8,2,7,7,5,3,2,0,3,7,1,264,37,0,0,0,16,165,174,425,284,348,351,432,498,405,532,690,709,820,717,713,569,736,452,264,37,0,0,0,16,165,174,423,282,341,350,425,490,403,525,683,704,817,715,713,566,729,451
201905,3,5,0,0,0,1,0,1,2,4,6,6,4,1,3,4,6,7,6,6,4,4,4,3,303,40,0,0,0,33,127,190,413,287,366,365,465,497,451,533,681,680,827,801,729,618,741,438,300,35,0,0,0,32,127,189,411,283,360,359,461,496,448,529,675,673,821,795,725,614,737,435
201906,0,0,0,0,0,0,3,1,1,3,5,2,4,4,4,9,8,2,4,5,6,4,2,2,270,51,0,0,0,39,109,155,408,318,371,347,437,471,450,570,652,756,793,715,725,560,682,404,270,51,0,0,0,39,106,154,407,315,366,345,433,467,446,561,644,754,789,710,719,556,680,402
201907,1,1,0,0,0,1,1,3,7,11,3,1,7,3,6,9,8,8,6,3,4,4,6,1,260,41,0,0,0,40,107,170,405,307,406,403,501,499,498,558,710,697,834,804,709,624,641,471,259,40,0,0,0,39,106,167,398,296,403,402,494,496,492,549,702,689,828,801,705,620,635,470
201908,1,0,0,0,0,0,1,2,0,5,3,5,5,1,5,12,1,5,5,4,2,3,4,2,255,35,0,0,0,46,88,178,362,330,337,453,527,509,518,635,703,667,772,766,705,563,684,462,254,35,0,0,0,46,87,176,362,325,334,448,522,508,513,623,702,662,767,762,703,560,680,460
201909,5,2,0,0,0,0,2,0,3,1,4,4,3,6,0,5,5,2,6,7,3,5,5,2,216,43,0,0,0,34,107,152,407,337,342,364,518,514,540,571,702,640,745,744,653,599,645,399,211,41,0,0,0,34,105,152,404,336,338,360,515,508,540,566,697,638,739,737,650,594,640,397
201910,3,1,0,0,0,0,1,1,0,4,5,3,2,2,5,6,4,7,6,6,0,3,7,0,227,37,0,0,0,17,108,164,431,365,384,431,525,546,483,678,741,713,819,826,656,647,689,461,224,36,0,0,0,17,107,163,431,361,379,428,523,544,478,672,737,706,813,820,656,644,682,461
201911,3,1,0,0,0,1,1,1,3,9,5,2,3,2,6,5,6,12,8,5,8,3,2,3,192,33,0,0,0,29,102,147,448,365,344,358,482,527,520,559,764,782,833,762,662,624,653,410,189,32,0,0,0,28,101,146,445,356,339,356,479,525,514,554,758,770,825,757,654,621,651,407
201912,3,0,0,0,0,0,1,1,4,1,2,4,3,3,5,10,4,9,5,2,6,7,8,2,256,48,0,0,0,35,111,176,346,326,369,384,509,489,484,571,766,731,788,802,721,620,679,478,253,48,0,0,0,35,110,175,342,325,367,380,506,486,479,561,762,722,783,800,715,613,671,476
202001,2,0,0,0,0,0,1,0,1,2,6,2,3,11,3,3,3,3,3,6,2,0,4,5,224,43,1,0,0,42,116,141,251,268,311,339,479,493,535,537,609,615,813,733,629,548,715,464,222,43,1,0,0,42,115,141,250,266,305,337,476,482,532,534,606,612,810,727,627,548,711,459
202002,2,0,0,0,0,0,0,0,2,4,1,2,4,4,5,4,7,1,6,4,1,4,0,3,212,26,0,0,0,19,98,147,303,257,270,320,392,433,352,440,484,485,626,670,513,554,576,339,210,26,0,0,0,19,98,147,301,253,269,318,388,429,347,436,477,484,620,666,512,550,576,336
202003,2,0,0,0,0,0,1,1,0,0,2,0,5,2,3,3,2,2,7,4,6,3,0,2,159,17,0,0,0,17,77,147,256,194,229,233,329,298,294,363,368,401,539,583,494,460,430,312,157,17,0,0,0,17,76,146,256,194,227,233,324,296,291,360,366,399,532,579,488,457,430,310
202004,3,1,0,0,0,0,1,0,3,3,4,2,8,3,6,5,4,2,3,4,3,2,7,2,164,21,0,0,0,19,111,143,370,166,270,315,333,343,346,435,494,456,668,597,505,471,538,358,161,20,0,0,0,19,110,143,367,163,266,313,325,340,340,430,490,454,665,593,502,469,531,356
202005,2,2,0,0,0,0,0,2,7,4,5,3,1,2,4,10,3,3,5,6,0,5,5,5,258,25,0,0,0,31,116,176,419,264,329,365,432,485,478,640,679,697,870,758,722,726,761,504,256,23,0,0,0,31,116,174,412,260,324,362,431,483,474,630,676,694,865,752,722,721,756,499
202006,4,2,0,0,0,0,2,3,4,9,4,7,7,2,5,1,2,7,7,5,5,6,5,6,244,25,0,0,0,33,147,186,492,296,354,431,499,551,558,641,760,698,896,857,779,693,772,438,240,23,0,0,0,33,145,183,488,287,350,424,492,549,553,640,758,691,889,852,774,687,767,432
202007,2,0,0,0,0,1,0,1,2,4,6,7,6,6,5,8,11,6,9,10,6,6,8,9,289,35,0,0,0,32,142,157,463,321,385,447,531,584,606,719,805,706,1023,864,732,728,854,499,287,35,0,0,0,31,142,156,461,317,379,440,525,578,601,711,794,700,1014,854,726,722,846,490
202008,2,1,0,0,0,1,0,0,2,1,3,3,8,6,6,5,13,5,6,7,1,6,2,1,206,20,0,0,0,27,135,133,367,283,320,360,465,459,485,617,674,610,836,748,689,614,645,385,204,19,0,0,0,26,135,133,365,282,317,357,457,453,479,612,661,605,830,741,688,608,643,384
202009,0,0,0,0,0,0,1,0,2,1,8,2,2,3,5,6,5,3,8,5,7,6,2,2,166,19,0,0,0,20,105,134,336,262,298,349,440,414,428,523,591,644,813,785,578,566,476,290,166,19,0,0,0,20,104,134,334,261,290,347,438,411,423,517,586,641,805,780,571,560,474,288
202010,3,0,0,0,0,1,0,1,1,3,2,9,0,6,4,8,6,6,7,4,4,2,6,0,223,34,0,0,0,29,115,142,373,242,383,407,452,419,513,579,716,719,853,843,652,640,647,435,220,34,0,0,0,28,115,141,372,239,381,398,452,413,509,571,710,713,846,839,648,638,641,435
202011,1,0,0,0,0,0,3,3,3,3,1,6,5,4,4,7,7,9,2,4,3,2,5,3,226,21,0,0,0,100,135,173,421,265,336,379,468,461,513,635,732,699,862,800,701,727,687,415,225,21,0,0,0,100,132,170,418,262,335,373,463,457,509,628,725,690,860,796,698,725,682,412
202012,1,0,0,0,0,0,0,4,11,3,5,7,9,10,7,2,6,6,7,8,1,5,5,1,66,6,0,0,0,20,102,148,334,256,318,386,472,418,514,524,602,637,844,794,601,700,347,210,65,6,0,0,0,20,102,144,323,253,313,379,463,408,507,522,596,631,837,786,600,695,342,209
202101,1,0,0,0,0,0,1,9,32,4,4,2,5,9,6,2,3,8,1,6,1,2,0,0,75,6,0,0,0,35,156,120,241,228,319,367,460,446,474,570,602,665,812,843,666,756,344,164,74,6,0,0,0,35,155,111,209,224,315,365,455,437,468,568,599,657,811,837,665,754,344,164
202102,1,0,0,0,0,0,4,2,26,3,8,5,12,10,7,8,5,5,5,6,4,6,0,1,106,9,0,0,0,40,112,114,262,233,309,361,445,446,420,492,573,614,789,813,633,750,490,249,105,9,0,0,0,40,108,112,236,230,301,356,433,436,413,484,568,609,784,807,629,744,490,248
