사용년월,insum0,insum1,insum2,insum3,insum4,insum5,insum6,insum7,insum8,insum9,insum10,insum11,insum12,insum13,insum14,insum15,insum16,insum17,insum18,insum19,insum20,insum21,insum22,insum23,outsum0,outsum1,outsum2,outsum3,outsum4,outsum5,outsum6,outsum7,outsum8,outsum9,outsum10,outsum11,outsum12,outsum13,outsum14,outsum15,outsum16,outsum17,outsum18,outsum19,outsum20,outsum21,outsum22,outsum23,diff0,diff1,diff2,diff3,diff4,diff5,diff6,diff7,diff8,diff9,diff10,diff11,diff12,diff13,diff14,diff15,diff16,diff17,diff18,diff19,diff20,diff21,diff22,diff23
201901,391,168,92,14,43,377,801,1299,1426,1071,916,918,1122,973,1001,993,1114,1012,1041,938,790,775,748,483,1261,575,201,88,84,211,470,737,988,879,903,839,991,1097,1298,1610,1906,2365,3079,3377,2606,2384,2795,2012,870,407,109,74,41,-166,-331,-562,-438,-192,-13,-79,-131,124,297,617,792,1353,2038,2439,1816,1609,2047,1529
201902,395,187,88,15,43,341,684,1158,1320,1031,923,840,1033,908,885,992,1010,947,1017,849,689,696,663,491,1158,519,156,90,76,173,380,531,906,740,835,798,926,1118,1150,1445,1600,1979,2634,2718,2264,2137,2502,1649,763,332,68,75,33,-168,-304,-627,-414,-291,-88,-42,-107,210,265,453,590,1032,1617,1869,1575,1441,1839,1158
201903,384,166,79,14,33,469,933,1871,1467,1185,1032,931,1150,1053,1075,1187,1390,1249,1144,1095,817,935,791,558,1329,533,188,110,106,237,486,4257,1158,903,913,937,1124,1114,1264,1665,2121,2379,3188,3476,2674,2592,3049,2063,945,367,109,96,73,-232,-447,2386,-309,-282,-119,6,-26,61,189,478,731,1130,2044,2381,1857,1657,2258,1505
201904,374,196,85,13,44,565,1061,1870,1638,1188,1018,933,1083,982,908,1107,1414,1123,1099,1148,905,853,789,463,1333,536,200,132,86,331,609,4628,1371,931,995,941,1204,1266,1326,1665,2105,2491,3334,3612,2763,2731,2952,2167,959,340,115,119,42,-234,-452,2758,-267,-257,-23,8,121,284,418,558,691,1368,2235,2464,1858,1878,2163,1704
201905,445,249,97,14,40,660,1026,1902,1640,1301,1092,1013,1225,1139,1043,1140,1367,1181,1213,1064,947,955,865,501,1363,636,199,151,96,298,716,3759,1497,1221,1026,979,1251,1306,1404,1796,2220,2550,3554,3602,2961,2698,3067,2252,918,387,102,137,56,-362,-310,1857,-143,-80,-66,-34,26,167,361,656,853,1369,2341,2538,2014,1743,2202,1751
201906,386,232,86,13,37,645,1026,1755,1537,1180,992,947,1091,1036,978,1173,1438,1282,1098,1077,893,921,813,528,1353,579,215,121,102,337,724,3152,1755,1077,1072,944,1221,1309,1302,1710,2142,2394,3107,3266,2743,2509,2795,2161,967,347,129,108,65,-308,-302,1397,218,-103,80,-3,130,273,324,537,704,1112,2009,2189,1850,1588,1982,1633
201907,392,237,111,3,33,624,905,1846,1777,1118,999,927,1305,1157,1051,1061,1348,1175,1116,1119,955,968,912,455,1455,619,192,123,86,343,689,2982,1896,1131,1143,1015,1274,1416,1422,1859,2185,2532,3422,3582,2938,2676,3040,2006,1063,382,81,120,53,-281,-216,1136,119,13,144,88,-31,259,371,798,837,1357,2306,2463,1983,1708,2128,1551
201908,441,242,99,13,40,575,883,1700,1521,1176,1034,964,1056,1045,962,1105,1320,1242,1047,1026,851,897,820,411,1548,626,176,123,88,312,544,2343,1491,1148,1105,968,1331,1363,1329,1722,2033,2590,3195,3574,2830,2646,2989,2200,1107,384,77,110,48,-263,-339,643,-30,-28,71,4,275,318,367,617,713,1348,2148,2548,1979,1749,2169,1789
201909,355,241,105,9,90,573,885,1797,1409,1080,1050,911,1090,1002,937,1090,1486,1107,1044,1033,837,853,736,398,1375,546,140,98,74,335,584,3323,1449,1110,1006,944,1165,1313,1340,1708,2110,2448,3283,3421,2809,2442,2879,1991,1020,305,35,89,-16,-238,-301,1526,40,30,-44,33,75,311,403,618,624,1341,2239,2388,1972,1589,2143,1593
201910,427,231,81,11,195,510,943,2001,1839,1313,1056,997,1316,1152,1011,1211,1554,1248,1261,1137,913,888,822,461,1613,622,142,121,106,393,669,3715,1894,1148,1078,1056,1341,1392,1511,1874,2469,2895,3810,4107,3211,3019,3253,2503,1186,391,61,110,-89,-117,-274,1714,55,-165,22,59,25,240,500,663,915,1647,2549,2970,2298,2131,2431,2042
201911,375,208,85,13,200,454,787,1926,1937,1173,1016,936,1071,1251,1143,1098,1407,1125,1148,1055,904,916,748,442,1492,670,167,142,100,350,556,3085,1870,1113,1113,1028,1296,1405,1531,1832,2483,2996,4007,3931,3039,3005,3226,2469,1117,462,82,129,-100,-104,-231,1159,-67,-60,97,92,225,154,388,734,1076,1871,2859,2876,2135,2089,2478,2027
201912,441,280,110,7,199,418,740,1656,1767,1212,1080,971,1304,1163,1160,1316,1539,1195,1138,1033,956,922,791,488,1670,776,213,148,138,347,592,3387,1612,1107,1158,1159,1418,1465,1561,1886,2470,3013,3967,3920,3169,3064,3147,2690,1229,496,103,141,-61,-71,-148,1731,-155,-105,78,188,114,302,401,570,931,1818,2829,2887,2213,2142,2356,2202
202001,361,189,103,3,176,383,707,1234,1527,1146,999,957,1123,1150,1091,1014,1081,1065,1078,890,877,818,760,444,1269,589,182,145,115,317,471,867,1314,1104,1038,1075,1282,1422,1479,1748,2129,2678,3516,3713,2963,2737,2921,2185,908,400,79,142,-61,-66,-236,-367,-213,-42,39,118,159,272,388,734,1048,1613,2438,2823,2086,1919,2161,1741
202002,324,190,87,9,168,369,737,1151,1453,1036,772,715,813,902,802,808,918,876,914,846,707,752,528,410,1046,458,164,151,89,286,490,1025,1241,1037,916,943,1134,1154,1272,1505,1875,2464,3541,3872,2663,2358,2327,1874,722,268,77,142,-79,-83,-247,-126,-212,1,144,228,321,252,470,697,957,1588,2627,3026,1956,1606,1799,1464
202003,286,113,62,14,166,468,699,1039,1543,1042,790,687,731,831,791,758,816,835,826,835,640,626,503,410,898,369,135,122,88,259,472,650,1005,777,688,852,955,1000,1133,1444,1727,2485,3544,3641,2491,2150,1919,1445,612,256,73,108,-78,-209,-227,-389,-538,-265,-102,165,224,169,342,686,911,1650,2718,2806,1851,1524,1416,1035
202004,316,154,58,23,133,465,773,1156,1365,1114,891,787,789,896,874,762,859,850,860,845,711,728,566,413,993,455,151,106,78,281,543,679,956,817,839,850,1010,1198,1193,1493,1906,2317,3329,3490,2421,2211,2074,1598,677,301,93,83,-55,-184,-230,-477,-409,-297,-52,63,221,302,319,731,1047,1467,2469,2645,1710,1483,1508,1185
202005,330,144,56,23,123,464,733,1354,1494,1151,981,932,926,998,1148,1000,1071,959,1029,870,823,763,626,399,1130,442,150,128,55,303,512,1436,1015,965,937,978,1139,1300,1362,1508,2161,2524,3339,3476,2690,2410,2415,1889,800,298,94,105,-68,-161,-221,82,-479,-186,-44,46,213,302,214,508,1090,1565,2310,2606,1867,1647,1789,1490
202006,329,146,66,14,131,480,781,1741,1579,1141,909,954,910,1013,1436,976,982,1060,1124,1006,900,884,628,393,1161,493,140,127,83,385,513,2858,1685,1023,1036,936,1239,1359,1491,1647,2195,2589,3733,3852,2754,2586,2648,1833,832,347,74,113,-48,-95,-268,1117,106,-118,127,-18,329,346,55,671,1213,1529,2609,2846,1854,1702,2020,1440
202007,385,144,91,12,120,536,864,1745,1624,1098,955,918,1097,1060,1479,1023,1114,1140,1151,912,947,868,766,446,1214,518,178,133,69,377,632,3184,1729,1076,1143,1070,1293,1385,1611,1785,2321,2680,3911,4037,2873,2545,2607,2157,829,374,87,121,-51,-159,-232,1439,105,-22,188,152,196,325,132,762,1207,1540,2760,3125,1926,1677,1841,1711
202008,295,120,47,13,117,460,784,1288,1599,1063,936,952,1142,983,1093,862,1013,1022,1021,827,766,830,589,391,1162,516,119,104,67,324,710,2210,1736,1312,1317,1319,1674,1723,1820,1945,2438,2949,4052,3883,2849,2525,2437,1905,867,396,72,91,-50,-136,-74,922,137,249,381,367,532,740,727,1083,1425,1927,3031,3056,2083,1695,1848,1514
202009,258,102,23,5,105,500,787,1365,1700,1072,885,875,1017,935,950,1092,1091,982,972,893,654,667,466,312,696,318,91,84,53,296,452,2191,1302,988,944,941,1143,1257,1369,1801,2075,2570,3453,3555,2475,2281,1830,1257,438,216,68,79,-52,-204,-335,826,-398,-84,59,66,126,322,419,709,984,1588,2481,2662,1821,1614,1364,945
202010,304,148,36,3,109,454,835,1512,1745,1138,1068,1039,1162,1049,1067,1073,1329,1070,1102,921,788,784,582,452,1015,459,146,121,69,331,522,2690,1406,1127,1044,1050,1321,1370,1622,1852,2248,2699,3615,3676,2576,2386,2392,1812,711,311,110,118,-40,-123,-313,1178,-339,-11,-24,11,159,321,555,779,919,1629,2513,2755,1788,1602,1810,1360
202011,292,118,30,7,107,428,766,1523,1808,985,990,853,975,1152,1005,928,1186,1037,1048,937,721,739,559,348,962,435,131,102,49,286,521,2440,1642,1208,1045,1007,1262,1407,1548,1900,2348,2782,4033,4002,2790,2624,2275,1625,670,317,101,95,-58,-142,-245,917,-166,223,55,154,287,255,543,972,1162,1745,2985,3065,2069,1885,1716,1277
202012,116,41,25,5,92,359,674,1393,1728,978,877,920,1005,925,943,899,982,993,883,797,655,697,361,196,375,146,29,44,27,269,449,1214,1129,1022,973,946,1300,1297,1381,1726,2209,2653,3852,3482,2501,2778,1693,825,259,105,4,39,-65,-90,-225,-179,-599,44,96,26,295,372,438,827,1227,1660,2969,2685,1846,2081,1332,629
202101,114,34,20,19,91,374,578,1124,1577,956,856,859,923,859,989,937,914,896,925,708,563,728,379,181,379,140,46,36,32,243,431,640,1145,912,929,875,1042,1197,1384,1657,2031,2551,3518,3405,2592,2990,1716,789,265,106,26,17,-59,-131,-147,-484,-432,-44,73,16,119,338,395,720,1117,1655,2593,2697,2029,2262,1337,608
202102,152,38,20,9,75,362,562,1077,1368,987,913,950,1020,1029,936,942,1003,984,902,765,577,684,471,229,451,165,33,42,35,263,370,696,1000,1020,934,928,1214,1178,1312,1569,1981,2164,3141,3374,2364,2690,2094,1064,299,127,13,33,-40,-99,-192,-381,-368,33,21,-22,194,149,376,627,978,1180,2239,2609,1787,2006,1623,835
