사용년월,insum0,insum1,insum2,insum3,insum4,insum5,insum6,insum7,insum8,insum9,insum10,insum11,insum12,insum13,insum14,insum15,insum16,insum17,insum18,insum19,insum20,insum21,insum22,insum23,outsum0,outsum1,outsum2,outsum3,outsum4,outsum5,outsum6,outsum7,outsum8,outsum9,outsum10,outsum11,outsum12,outsum13,outsum14,outsum15,outsum16,outsum17,outsum18,outsum19,outsum20,outsum21,outsum22,outsum23,diff0,diff1,diff2,diff3,diff4,diff5,diff6,diff7,diff8,diff9,diff10,diff11,diff12,diff13,diff14,diff15,diff16,diff17,diff18,diff19,diff20,diff21,diff22,diff23
201901,59,0,0,0,87,435,728,1246,1843,1116,829,666,740,694,604,619,660,655,716,458,354,299,441,110,75,0,0,0,53,119,58,205,703,331,305,271,304,408,393,407,444,469,445,341,360,356,321,159,16,0,0,0,-34,-316,-670,-1041,-1140,-785,-524,-395,-436,-286,-211,-212,-216,-186,-271,-117,6,57,-120,49
201902,49,0,0,0,74,333,601,1109,1324,889,689,640,715,689,605,560,539,591,558,474,366,279,435,110,76,1,0,0,42,96,79,216,554,347,281,228,263,322,309,337,371,422,440,363,356,335,319,154,27,1,0,0,-32,-237,-522,-893,-770,-542,-408,-412,-452,-367,-296,-223,-168,-169,-118,-111,-10,56,-116,44
201903,70,0,0,0,82,363,734,1548,1762,1116,835,657,733,637,657,627,758,753,677,529,421,354,659,118,67,0,0,0,59,124,95,361,591,320,304,277,277,323,340,391,445,482,503,394,363,411,350,193,-3,0,0,0,-23,-239,-639,-1187,-1171,-796,-531,-380,-456,-314,-317,-236,-313,-271,-174,-135,-58,57,-309,75
201904,66,0,0,0,95,431,830,1664,1555,1185,949,661,731,669,581,661,656,647,696,629,414,361,765,115,59,0,0,0,81,139,109,332,674,344,310,269,291,317,363,370,552,506,461,376,388,344,326,186,-7,0,0,0,-14,-292,-721,-1332,-881,-841,-639,-392,-440,-352,-218,-291,-104,-141,-235,-253,-26,-17,-439,71
201905,70,0,0,0,80,425,833,1596,1559,1279,949,765,761,670,653,644,727,641,705,589,379,312,759,140,75,0,0,0,58,157,97,317,624,372,328,325,314,359,410,410,495,544,505,446,396,388,368,226,5,0,0,0,-22,-268,-736,-1279,-935,-907,-621,-440,-447,-311,-243,-234,-232,-97,-200,-143,17,76,-391,86
201906,67,0,0,0,75,384,674,1518,1465,1248,881,606,685,678,664,652,734,716,647,560,365,379,678,125,84,0,0,0,46,130,115,305,572,334,290,252,302,358,376,390,496,539,476,403,358,375,385,234,17,0,0,0,-29,-254,-559,-1213,-893,-914,-591,-354,-383,-320,-288,-262,-238,-177,-171,-157,-7,-4,-293,109
201907,60,0,0,0,70,390,735,1617,1748,1145,883,708,767,744,701,698,654,651,728,590,359,421,763,179,73,0,0,0,69,167,109,387,669,396,356,315,332,405,408,441,499,613,518,470,446,435,386,247,13,0,0,0,-1,-223,-626,-1230,-1079,-749,-527,-393,-435,-339,-293,-257,-155,-38,-210,-120,87,14,-377,68
201908,49,0,0,0,62,339,647,1496,1675,1150,850,758,685,674,665,660,664,671,725,540,334,419,756,135,64,0,0,0,60,128,115,305,612,417,333,301,359,378,444,469,529,616,543,474,437,478,342,277,15,0,0,0,-2,-211,-532,-1191,-1063,-733,-517,-457,-326,-296,-221,-191,-135,-55,-182,-66,103,59,-414,142
201909,38,0,0,0,71,336,671,1390,1569,1139,851,699,704,741,627,627,748,678,670,526,266,381,705,112,65,3,0,0,44,115,100,290,631,382,277,296,316,339,359,422,527,529,488,445,445,358,283,261,27,3,0,0,-27,-221,-571,-1100,-938,-757,-574,-403,-388,-402,-268,-205,-221,-149,-182,-81,179,-23,-422,149
201910,52,0,0,0,163,438,788,1596,1540,1222,890,638,721,700,654,693,753,736,820,546,319,403,778,121,66,0,0,0,43,139,114,317,692,373,335,342,340,411,424,481,522,567,540,494,446,366,276,196,14,0,0,0,-120,-299,-674,-1279,-848,-849,-555,-296,-381,-289,-230,-212,-231,-169,-280,-52,127,-37,-502,75
201911,37,0,0,0,129,386,759,1521,1767,1287,793,634,725,621,618,698,734,780,748,475,269,371,357,114,55,0,0,0,33,142,98,291,706,342,312,291,333,368,380,423,532,577,523,461,425,397,295,204,18,0,0,0,-96,-244,-661,-1230,-1061,-945,-481,-343,-392,-253,-238,-275,-202,-203,-225,-14,156,26,-62,90
201912,75,0,0,0,161,390,696,1436,1709,1099,792,751,700,695,628,653,652,652,732,441,269,320,245,131,77,1,0,0,31,116,116,246,590,346,322,306,305,384,344,523,491,550,537,450,392,387,329,231,2,1,0,0,-130,-274,-580,-1190,-1119,-753,-470,-445,-395,-311,-284,-130,-161,-102,-195,9,123,67,84,100
202001,55,0,0,0,198,302,595,1215,1576,1001,715,575,689,627,609,556,545,655,694,456,295,302,368,120,54,0,0,0,38,104,122,263,546,325,317,259,332,332,380,484,399,559,485,386,315,298,282,197,-1,0,0,0,-160,-198,-473,-952,-1030,-676,-398,-316,-357,-295,-229,-72,-146,-96,-209,-70,20,-4,-86,77
202002,41,0,0,0,204,223,565,1251,1493,902,611,470,529,535,504,449,468,560,549,339,254,302,376,115,45,0,0,0,25,98,97,259,571,303,260,237,223,326,292,359,310,359,428,363,243,275,227,153,4,0,0,0,-179,-125,-468,-992,-922,-599,-351,-233,-306,-209,-212,-90,-158,-201,-121,24,-11,-27,-149,38
202003,47,0,0,0,128,279,540,1134,1159,830,522,384,414,397,429,360,393,462,437,270,199,226,475,98,63,0,0,0,11,82,93,267,557,271,202,198,202,253,248,232,225,313,337,293,207,259,158,177,16,0,0,0,-117,-197,-447,-867,-602,-559,-320,-186,-212,-144,-181,-128,-168,-149,-100,23,8,33,-317,79
202004,60,0,0,0,137,260,523,1025,1127,882,522,441,486,446,437,356,403,499,458,336,257,224,473,118,61,0,0,0,14,60,90,311,569,235,218,223,258,276,310,351,341,359,377,309,253,258,138,174,1,0,0,0,-123,-200,-433,-714,-558,-647,-304,-218,-228,-170,-127,-5,-62,-140,-81,-27,-4,34,-335,56
202005,42,0,0,0,140,259,577,1125,1226,1007,574,559,541,496,562,465,460,603,554,395,290,279,464,116,73,0,0,0,10,70,115,306,606,268,252,269,283,303,378,335,355,461,426,347,281,245,226,145,31,0,0,0,-130,-189,-462,-819,-620,-739,-322,-290,-258,-193,-184,-130,-105,-142,-128,-48,-9,-34,-238,29
202006,58,0,0,0,123,347,698,1486,1377,982,635,508,481,461,523,505,491,584,555,394,307,248,494,127,72,0,0,0,21,90,127,330,731,278,230,336,320,295,320,371,395,502,481,361,323,241,241,152,14,0,0,0,-102,-257,-571,-1156,-646,-704,-405,-172,-161,-166,-203,-134,-96,-82,-74,-33,16,-7,-253,25
202007,61,0,0,0,125,332,784,1517,1502,963,626,561,571,493,540,503,486,557,593,434,276,252,573,146,68,0,0,0,12,73,134,345,743,273,270,315,347,299,334,418,393,570,452,380,326,266,303,149,7,0,0,0,-113,-259,-650,-1172,-759,-690,-356,-246,-224,-194,-206,-85,-93,13,-141,-54,50,14,-270,3
202008,67,0,0,0,112,312,629,1081,1242,811,544,500,505,489,482,458,448,521,529,347,239,220,537,108,42,0,0,0,21,68,88,300,555,235,228,244,324,325,326,388,371,470,414,375,306,235,250,135,-25,0,0,0,-91,-244,-541,-781,-687,-576,-316,-256,-181,-164,-156,-70,-77,-51,-115,28,67,15,-287,27
202009,38,1,0,0,137,253,523,1076,1247,776,445,484,471,490,463,440,403,442,482,288,168,208,309,92,41,0,0,0,14,68,99,238,556,205,237,247,292,303,310,338,377,400,430,352,275,273,183,112,3,-1,0,0,-123,-185,-424,-838,-691,-571,-208,-237,-179,-187,-153,-102,-26,-42,-52,64,107,65,-126,20
202010,47,0,0,0,166,267,567,1204,1275,806,538,582,579,536,538,467,529,529,521,317,215,264,504,119,56,0,0,0,9,61,115,265,618,316,215,266,313,325,337,412,435,466,467,361,282,288,235,137,9,0,0,0,-157,-206,-452,-939,-657,-490,-323,-316,-266,-211,-201,-55,-94,-63,-54,44,67,24,-269,18
202011,38,0,0,0,170,268,614,1203,1323,909,584,501,534,528,502,441,535,503,549,305,205,334,404,86,54,0,0,0,29,67,89,270,666,316,231,271,294,308,323,399,386,512,453,319,236,281,257,134,16,0,0,0,-141,-201,-525,-933,-657,-593,-353,-230,-240,-220,-179,-42,-149,9,-96,14,31,-53,-147,48
202012,16,0,0,0,117,193,554,981,1077,808,530,533,448,419,450,394,359,347,442,222,134,189,107,36,19,0,0,0,10,62,42,152,498,281,188,232,255,293,265,302,353,370,327,247,243,274,132,82,3,0,0,0,-107,-131,-512,-829,-579,-527,-342,-301,-193,-126,-185,-92,-6,23,-115,25,109,85,25,46
202101,27,0,0,0,90,201,462,1005,997,760,449,485,434,466,463,401,380,352,462,226,188,349,83,30,22,0,0,0,7,61,51,162,560,277,203,249,283,230,277,337,339,335,337,236,199,325,124,53,-5,0,0,0,-83,-140,-411,-843,-437,-483,-246,-236,-151,-236,-186,-64,-41,-17,-125,10,11,-24,41,23
202102,36,0,0,0,78,202,428,981,826,689,451,503,487,453,465,446,370,376,408,229,182,278,235,56,29,0,0,0,9,53,59,173,480,250,207,261,252,248,263,359,317,374,316,273,189,273,212,96,-7,0,0,0,-69,-149,-369,-808,-346,-439,-244,-242,-235,-205,-202,-87,-53,-2,-92,44,7,-5,-23,40
