사용년월,insum0,insum1,insum2,insum3,insum4,insum5,insum6,insum7,insum8,insum9,insum10,insum11,insum12,insum13,insum14,insum15,insum16,insum17,insum18,insum19,insum20,insum21,insum22,insum23,outsum0,outsum1,outsum2,outsum3,outsum4,outsum5,outsum6,outsum7,outsum8,outsum9,outsum10,outsum11,outsum12,outsum13,outsum14,outsum15,outsum16,outsum17,outsum18,outsum19,outsum20,outsum21,outsum22,outsum23,diff0,diff1,diff2,diff3,diff4,diff5,diff6,diff7,diff8,diff9,diff10,diff11,diff12,diff13,diff14,diff15,diff16,diff17,diff18,diff19,diff20,diff21,diff22,diff23
201901,63,0,0,0,0,2,23,39,31,123,175,224,365,308,336,517,563,458,434,332,280,241,125,91,108,0,0,0,0,6,146,175,468,308,314,359,348,423,496,645,712,806,920,941,703,661,642,528,45,0,0,0,0,4,123,136,437,185,139,135,-17,115,160,128,149,348,486,609,423,420,517,437
201902,63,0,0,0,0,6,21,37,38,107,185,231,318,305,332,429,465,372,376,308,255,228,149,72,61,0,0,0,0,6,124,142,423,274,284,290,344,391,435,514,614,636,759,858,522,594,594,435,-2,0,0,0,0,0,103,105,385,167,99,59,26,86,103,85,149,264,383,550,267,366,445,363
201903,52,0,0,0,0,5,21,30,62,127,215,246,320,321,382,479,529,483,441,401,303,256,133,111,97,0,0,0,0,8,114,175,467,291,292,310,369,403,460,595,737,855,950,958,709,744,700,494,45,0,0,0,0,3,93,145,405,164,77,64,49,82,78,116,208,372,509,557,406,488,567,383
201904,49,0,0,0,0,3,24,41,46,132,185,283,328,302,334,474,471,480,430,368,363,281,161,124,86,0,0,0,0,6,123,182,463,288,263,319,305,390,420,561,723,817,901,944,712,719,659,492,37,0,0,0,0,3,99,141,417,156,78,36,-23,88,86,87,252,337,471,576,349,438,498,368
201905,48,0,0,0,0,6,30,34,50,125,208,275,331,349,327,441,493,437,462,392,320,244,129,127,72,0,0,0,0,9,114,179,456,316,296,317,371,392,475,588,689,819,846,884,620,658,627,450,24,0,0,0,0,3,84,145,406,191,88,42,40,43,148,147,196,382,384,492,300,414,498,323
201906,54,0,0,0,0,2,32,35,57,137,239,267,380,323,327,448,485,411,397,360,284,220,155,129,56,0,0,0,0,5,125,173,409,298,282,277,342,393,501,576,614,737,810,825,580,591,606,470,2,0,0,0,0,3,93,138,352,161,43,10,-38,70,174,128,129,326,413,465,296,371,451,341
201907,52,0,0,0,0,4,34,57,86,157,195,293,328,352,346,461,481,492,436,339,350,258,151,87,77,0,0,0,0,5,136,144,507,366,302,366,387,428,525,634,737,794,897,982,706,652,625,467,25,0,0,0,0,1,102,87,421,209,107,73,59,76,179,173,256,302,461,643,356,394,474,380
201908,27,0,0,0,0,4,32,79,48,155,257,264,343,323,320,389,554,436,429,407,356,271,129,95,73,0,0,0,0,4,147,135,452,346,343,371,405,415,532,573,762,838,917,958,717,672,643,441,46,0,0,0,0,0,115,56,404,191,86,107,62,92,212,184,208,402,488,551,361,401,514,346
201909,28,0,0,0,0,9,37,65,44,160,237,297,377,345,315,423,480,435,396,382,228,202,111,102,58,0,0,0,0,15,130,148,439,313,342,386,414,404,485,561,691,801,810,877,601,575,525,396,30,0,0,0,0,6,93,83,395,153,105,89,37,59,170,138,211,366,414,495,373,373,414,294
201910,52,0,0,0,1,4,19,64,62,132,211,232,331,349,317,444,456,398,398,317,221,185,133,77,66,0,0,0,0,9,125,146,457,335,285,304,329,388,453,597,737,786,926,945,635,624,596,457,14,0,0,0,-1,5,106,82,395,203,74,72,-2,39,136,153,281,388,528,628,414,439,463,380
201911,39,0,0,0,0,1,16,44,58,134,207,262,302,316,358,406,409,420,366,298,272,172,101,80,66,0,0,0,0,2,150,130,441,345,299,298,373,412,490,644,696,774,843,918,611,625,567,416,27,0,0,0,0,1,134,86,383,211,92,36,71,96,132,238,287,354,477,620,339,453,466,336
201912,43,0,0,0,0,4,23,29,37,108,178,199,290,308,296,423,397,400,355,308,256,190,136,93,78,0,0,0,0,3,138,134,399,332,271,312,331,414,473,528,710,829,867,843,637,621,631,484,35,0,0,0,0,-1,115,105,362,224,93,113,41,106,177,105,313,429,512,535,381,431,495,391
202001,31,0,0,0,0,5,27,37,41,99,200,211,279,337,335,399,442,429,356,281,230,226,117,71,61,0,0,0,0,8,115,128,415,307,239,311,340,422,477,570,672,840,848,828,640,628,570,449,30,0,0,0,0,3,88,91,374,208,39,100,61,85,142,171,230,411,492,547,410,402,453,378
202002,34,0,0,0,0,7,17,59,56,88,151,218,239,318,290,363,396,389,328,306,208,187,121,82,58,0,0,0,0,6,135,114,400,270,213,239,299,294,383,434,519,667,778,879,589,548,526,415,24,0,0,0,0,-1,118,55,344,182,62,21,60,-24,93,71,123,278,450,573,381,361,405,333
202003,24,0,0,0,0,4,17,50,59,101,161,175,242,248,301,309,308,395,354,306,202,157,81,71,64,0,0,0,0,3,104,109,373,251,190,222,258,294,317,375,474,600,741,742,579,425,399,339,40,0,0,0,0,-1,87,59,314,150,29,47,16,46,16,66,166,205,387,436,377,268,318,268
202004,26,0,0,0,0,2,13,21,51,94,161,212,238,195,293,360,381,378,332,318,222,159,101,55,43,0,0,0,0,2,122,85,336,254,190,266,268,295,344,452,582,663,771,749,560,459,373,335,17,0,0,0,0,0,109,64,285,160,29,54,30,100,51,92,201,285,439,431,338,300,272,280
202005,24,0,0,0,0,2,22,23,48,97,194,259,251,308,300,428,483,360,375,384,293,202,118,112,43,0,0,0,0,2,133,68,310,258,233,275,296,356,394,511,694,677,786,806,524,549,450,344,19,0,0,0,0,0,111,45,262,161,39,16,45,48,94,83,211,317,411,422,231,347,332,232
202006,17,0,0,0,0,4,27,23,34,115,251,285,300,306,316,392,471,460,362,354,253,253,142,104,34,0,0,0,0,3,116,78,379,253,256,268,334,340,377,532,616,693,754,776,503,508,485,331,17,0,0,0,0,-1,89,55,345,138,5,-17,34,34,61,140,145,233,392,422,250,255,343,227
202007,23,0,0,0,0,2,14,19,40,128,213,265,307,263,327,359,409,429,327,337,277,238,138,89,58,0,0,0,0,3,122,92,376,248,247,263,292,349,391,480,602,663,788,771,577,490,462,375,35,0,0,0,0,1,108,73,336,120,34,-2,-15,86,64,121,193,234,461,434,300,252,324,286
202008,24,0,0,0,0,0,7,15,55,104,203,305,274,245,295,349,411,393,363,331,240,174,101,71,50,0,0,0,0,1,75,100,352,191,230,277,286,334,368,422,544,620,682,664,562,470,384,321,26,0,0,0,0,1,68,85,297,87,27,-28,12,89,73,73,133,227,319,333,322,296,283,250
202009,19,0,0,0,0,1,16,12,55,140,192,284,283,276,304,408,411,357,307,283,193,127,91,53,29,0,0,0,0,0,104,71,364,210,233,258,281,330,332,425,519,596,648,589,489,466,344,207,10,0,0,0,0,-1,88,59,309,70,41,-26,-2,54,28,17,108,239,341,306,296,339,253,154
202010,17,0,0,0,0,3,11,21,49,87,152,225,246,227,253,330,287,300,232,196,223,157,110,62,29,0,0,0,0,2,77,55,292,174,200,241,251,262,278,430,463,507,560,568,464,378,382,258,12,0,0,0,0,-1,66,34,243,87,48,16,5,35,25,100,176,207,328,372,241,221,272,196
202011,11,0,0,0,0,5,12,18,48,96,140,239,272,212,249,315,337,271,199,194,187,135,96,71,29,0,0,0,0,0,99,46,364,186,192,203,270,263,329,402,502,570,621,558,443,447,391,299,18,0,0,0,0,-5,87,28,316,90,52,-36,-2,51,80,87,165,299,422,364,256,312,295,228
202012,4,0,0,0,0,2,9,21,68,69,141,198,263,288,301,385,423,359,223,211,186,171,67,32,12,0,0,0,0,4,74,46,338,189,218,199,265,282,343,354,504,616,627,575,510,410,268,135,8,0,0,0,0,2,65,25,270,120,77,1,2,-6,42,-31,81,257,404,364,324,239,201,103
202101,4,0,0,0,0,3,12,19,48,47,106,160,238,209,275,347,349,312,235,261,201,121,60,30,14,0,0,0,0,2,58,60,270,187,178,192,260,254,280,352,379,496,478,540,419,401,218,127,10,0,0,0,0,-1,46,41,222,140,72,32,22,45,5,5,30,184,243,279,218,280,158,97
202102,2,0,0,0,0,1,16,18,52,59,117,181,200,199,220,322,356,273,212,192,160,140,74,25,13,0,0,0,0,2,54,65,238,162,151,183,232,214,278,339,379,434,397,486,356,362,259,159,11,0,0,0,0,1,38,47,186,103,34,2,32,15,58,17,23,161,185,294,196,222,185,134
