사용년월,insum0,insum1,insum2,insum3,insum4,insum5,insum6,insum7,insum8,insum9,insum10,insum11,insum12,insum13,insum14,insum15,insum16,insum17,insum18,insum19,insum20,insum21,insum22,insum23,outsum0,outsum1,outsum2,outsum3,outsum4,outsum5,outsum6,outsum7,outsum8,outsum9,outsum10,outsum11,outsum12,outsum13,outsum14,outsum15,outsum16,outsum17,outsum18,outsum19,outsum20,outsum21,outsum22,outsum23,diff0,diff1,diff2,diff3,diff4,diff5,diff6,diff7,diff8,diff9,diff10,diff11,diff12,diff13,diff14,diff15,diff16,diff17,diff18,diff19,diff20,diff21,diff22,diff23
201901,1558,577,549,323,569,1398,1768,3070,4141,2850,2949,3904,4425,5012,5068,5389,5286,5264,5695,4503,4430,4366,5050,2938,765,233,178,146,238,1657,2343,5383,7149,7995,6058,6898,7226,8201,7454,7117,7224,7999,8468,6454,3870,3250,2895,1735,-793,-344,-371,-177,-331,259,575,2313,3008,5145,3109,2994,2801,3189,2386,1728,1938,2735,2773,1951,-560,-1116,-2155,-1203
201902,1380,549,388,296,530,1172,1313,2417,3260,2497,2560,3311,4066,4595,4560,4716,4813,5082,5054,4239,4011,3937,4340,2679,710,208,156,109,182,1358,2013,4459,5787,6281,5232,5866,6450,7346,6925,6514,6882,7499,7516,5863,3564,2895,2407,1508,-670,-341,-232,-187,-348,186,700,2042,2527,3784,2672,2555,2384,2751,2365,1798,2069,2417,2462,1624,-447,-1042,-1933,-1171
201903,1695,705,494,354,681,1301,1883,3078,4116,3135,3320,4050,4753,5339,5208,5324,5669,5674,6146,4795,4637,4847,5387,3391,778,253,171,144,239,1829,2519,5834,7725,7647,6304,6685,7208,7845,7128,7359,7644,8701,9211,6993,4103,3544,3032,1716,-917,-452,-323,-210,-442,528,636,2756,3609,4512,2984,2635,2455,2506,1920,2035,1975,3027,3065,2198,-534,-1303,-2355,-1675
201904,1579,637,530,315,679,1277,2061,3303,4538,3174,3384,3997,4663,5131,4980,5122,5258,5175,5888,4598,4274,4432,5061,2958,835,288,188,168,260,1882,2884,6326,7581,7541,6129,6385,6646,7089,6592,6639,6822,8019,8338,6428,4178,3456,3072,1676,-744,-349,-342,-147,-419,605,823,3023,3043,4367,2745,2388,1983,1958,1612,1517,1564,2844,2450,1830,-96,-976,-1989,-1282
201905,1832,814,623,457,736,1433,2024,3318,4466,3341,3530,4230,4864,5308,5118,5414,5755,5774,6156,5024,4869,4897,5607,3396,910,292,184,143,199,1935,3036,6067,7845,7699,6577,6619,7215,7531,6910,7201,7598,8885,9261,6991,4657,3709,3447,1966,-922,-522,-439,-314,-537,502,1012,2749,3379,4358,3047,2389,2351,2223,1792,1787,1843,3111,3105,1967,-212,-1188,-2160,-1430
201906,1872,765,585,403,747,1426,1915,2891,4220,3038,3332,3831,4664,5129,5164,5151,5423,5331,5697,4702,4273,4576,5011,2967,1016,239,188,175,212,1794,2562,5632,7151,7180,6022,6345,7029,7314,7204,7089,7244,7920,8216,6607,4079,3537,3217,1913,-856,-526,-397,-228,-535,368,647,2741,2931,4142,2690,2514,2365,2185,2040,1938,1821,2589,2519,1905,-194,-1039,-1794,-1054
201907,1717,753,518,357,679,1420,2024,3135,4553,3189,3222,4079,4625,5189,5306,5103,5484,5498,6042,4783,4517,4879,5580,3061,868,340,179,151,220,1907,2846,6385,7802,8394,6404,6956,7150,8018,7625,7180,7364,8302,8889,7056,4206,3563,3037,1862,-849,-413,-339,-206,-459,487,822,3250,3249,5205,3182,2877,2525,2829,2319,2077,1880,2804,2847,2273,-311,-1316,-2543,-1199
201908,1777,785,621,406,674,1424,1776,2718,4163,2892,3129,3845,4807,5111,5122,5219,5441,5545,6121,4806,4575,4967,5306,3257,975,309,184,182,183,1934,2572,5723,7129,7808,6317,6671,7285,7969,7428,7384,7369,8387,9019,6665,4176,3427,3225,1921,-802,-476,-437,-224,-491,510,796,3005,2966,4916,3188,2826,2478,2858,2306,2165,1928,2842,2898,1859,-399,-1540,-2081,-1336
201909,1744,717,604,368,628,1285,1545,2588,4027,2945,3064,3816,4413,4866,4827,4813,5129,5316,5569,4365,4200,4649,5013,2830,758,280,220,131,206,1770,2417,5328,6968,7074,5736,5913,6433,6696,6547,6870,7075,7981,8577,6325,3928,3302,3178,1647,-986,-437,-384,-237,-422,485,872,2740,2941,4129,2672,2097,2020,1830,1720,2057,1946,2665,3008,1960,-272,-1347,-1835,-1183
201910,1830,763,674,371,668,1397,1776,2804,4443,3347,3311,4103,4901,5445,5232,5424,5520,5657,5998,4671,4524,4577,5178,2996,1096,320,234,176,223,2054,2647,5952,7380,7667,6120,6309,7070,7276,7160,7310,7428,8560,8611,6904,4201,3613,3244,1888,-734,-443,-440,-195,-445,657,871,3148,2937,4320,2809,2206,2169,1831,1928,1886,1908,2903,2613,2233,-323,-964,-1934,-1108
201911,2081,766,614,327,630,1435,1629,2496,4308,3173,3136,3739,4622,5171,5092,5272,5528,5716,5998,4498,4393,4395,4939,3093,1075,317,246,160,203,1804,2364,5292,7284,7384,5909,5972,6641,7369,6587,7046,7120,8195,8855,6518,4020,3414,3172,1898,-1006,-449,-368,-167,-427,369,735,2796,2976,4211,2773,2233,2019,2198,1495,1774,1592,2479,2857,2020,-373,-981,-1767,-1195
201912,2326,1047,708,409,656,1469,1570,2396,4005,2858,2869,3839,4837,5052,5410,5744,5713,5907,5874,4787,4556,4655,4886,3375,1302,502,335,215,174,1728,2180,4958,6681,7129,5935,6576,7016,7579,7550,7725,7821,8639,8990,6735,4306,3394,3312,1956,-1024,-545,-373,-194,-482,259,610,2562,2676,4271,3066,2737,2179,2527,2140,1981,2108,2732,3116,1948,-250,-1261,-1574,-1419
202001,1648,728,586,285,637,1303,1417,2386,3886,2454,2666,3398,4184,4515,4862,4915,5081,4939,5172,4209,3954,4114,4313,2818,829,292,231,144,184,1539,2049,5152,6339,6957,5645,5816,6354,7275,6552,6610,6792,7498,8077,6101,3705,2916,2863,1506,-819,-436,-355,-141,-453,236,632,2766,2453,4503,2979,2418,2170,2760,1690,1695,1711,2559,2905,1892,-249,-1198,-1450,-1312
202002,1435,572,443,283,427,1084,1349,2359,3858,2383,2261,2881,3226,3470,3763,3727,4084,4036,4199,3538,3388,3299,3502,2309,704,217,154,104,206,1522,1908,4554,6141,6333,4849,4896,5147,5942,5560,5459,5587,6059,6801,5065,2850,2493,2162,1180,-731,-355,-289,-179,-221,438,559,2195,2283,3950,2588,2015,1921,2472,1797,1732,1503,2023,2602,1527,-538,-806,-1340,-1129
202003,957,468,340,183,416,943,1270,1945,3178,2216,1973,2321,2615,3010,3179,3247,3457,3705,3832,3066,3011,2877,2902,1750,407,152,143,129,164,1476,1769,4209,5208,5522,3954,3780,4075,4690,4505,4339,4560,5164,5439,4030,2467,1891,1742,928,-550,-316,-197,-54,-252,533,499,2264,2030,3306,1981,1459,1460,1680,1326,1092,1103,1459,1607,964,-544,-986,-1160,-822
202004,1352,505,383,231,425,951,1267,2206,3108,2127,2146,2649,3011,3403,3328,3669,3467,3740,4067,3135,3033,2979,3357,2025,600,161,146,114,175,1361,1877,4595,5237,5567,4042,4043,4582,5184,4827,4821,4804,5372,5981,4284,2589,2089,1820,1017,-752,-344,-237,-117,-250,410,610,2389,2129,3440,1896,1394,1571,1781,1499,1152,1337,1632,1914,1149,-444,-890,-1537,-1008
202005,1246,537,377,297,462,912,1335,2335,3295,2191,2286,2935,3465,3805,3843,3990,4000,4096,4343,3327,3138,3133,3493,1837,565,167,152,97,126,1361,2039,4715,5762,5875,4514,4683,5078,5784,5369,5028,5125,5398,5701,4084,2600,2199,1874,1013,-681,-370,-225,-200,-336,449,704,2380,2467,3684,2228,1748,1613,1979,1526,1038,1125,1302,1358,757,-538,-934,-1619,-824
202006,1350,488,339,252,448,1056,1545,2820,3711,2289,2417,3062,3521,3757,3862,3857,4047,4173,4514,3342,3325,3342,3382,1978,585,186,134,117,162,1620,2364,5110,6655,6277,4792,4799,5115,5705,5153,4869,4953,5414,5899,4396,2579,2190,1931,997,-765,-302,-205,-135,-286,564,819,2290,2944,3988,2375,1737,1594,1948,1291,1012,906,1241,1385,1054,-746,-1152,-1451,-981
202007,1618,650,341,302,469,1210,1687,2927,3886,2187,2551,3385,3933,4172,4347,4400,4686,4901,5147,4065,3730,3757,4106,2453,733,195,180,117,195,1769,2593,5376,7044,6917,5301,5290,5740,6475,5644,5509,5829,6147,6876,4847,2965,2351,2233,1151,-885,-455,-161,-185,-274,559,906,2449,3158,4730,2750,1905,1807,2303,1297,1109,1143,1246,1729,782,-765,-1406,-1873,-1302
202008,1297,463,324,209,368,1007,1352,2118,3004,2025,2058,2834,3181,3311,3622,3766,3869,4194,4194,3626,3180,3182,3112,1911,559,174,120,87,178,1503,2140,4166,5230,5630,4382,4400,4847,5548,4944,4956,5016,5491,5564,3961,2478,2075,1897,866,-738,-289,-204,-122,-190,496,788,2048,2226,3605,2324,1566,1666,2237,1322,1190,1147,1297,1370,335,-702,-1107,-1215,-1045
202009,810,327,240,153,342,893,1261,2130,2998,1962,2058,2658,2970,3243,3501,3445,3701,3711,3782,3177,2945,2810,2008,1188,365,113,101,73,142,1387,1941,3954,4962,4899,3708,3947,4124,4517,4481,4366,4413,4659,4854,3529,2129,1749,1307,666,-445,-214,-139,-80,-200,494,680,1824,1964,2937,1650,1289,1154,1274,980,921,712,948,1072,352,-816,-1061,-701,-522
202010,1413,574,397,215,421,1014,1342,2179,3164,2218,2380,3015,3426,3847,4047,4095,4233,4255,4387,3754,3323,3300,3070,1831,630,151,171,113,147,1498,2109,4458,5615,5383,4245,4491,5044,5459,5333,5050,5492,5729,5789,4239,2712,2082,1955,1127,-783,-423,-226,-102,-274,484,767,2279,2451,3165,1865,1476,1618,1612,1286,955,1259,1474,1402,485,-611,-1218,-1115,-704
202011,1202,419,305,183,380,1026,1330,2384,3176,2261,2260,2809,3345,3719,3865,3954,4025,4112,4084,3280,2914,3120,2837,1641,607,171,125,80,152,1716,2094,4600,5747,5618,4262,4161,4710,5097,4909,4798,5059,5195,5351,3969,2439,1999,1828,892,-595,-248,-180,-103,-228,690,764,2216,2571,3357,2002,1352,1365,1378,1044,844,1034,1083,1267,689,-475,-1121,-1009,-749
202012,379,162,110,59,229,775,1123,1900,2491,1745,1829,2355,2857,3073,3251,3488,3412,3343,3274,2708,2700,2469,917,578,158,72,52,33,115,1387,1653,3854,4724,4429,3349,3586,3897,4248,4130,4285,3976,3846,3966,2644,1730,1744,791,398,-221,-90,-58,-26,-114,612,530,1954,2233,2684,1520,1231,1040,1175,879,797,564,503,692,-64,-970,-725,-126,-180
202101,405,180,83,62,183,684,927,1753,2306,1679,1687,2208,2624,2960,3218,3282,3266,3034,3392,2718,3002,2901,893,503,163,73,44,29,148,1236,1631,3860,4661,4541,3315,3605,4124,4446,4463,4313,4208,4221,4155,2423,1729,1965,743,311,-242,-107,-39,-33,-35,552,704,2107,2355,2862,1628,1397,1500,1486,1245,1031,942,1187,763,-295,-1273,-936,-150,-192
202102,454,184,115,51,142,629,871,1629,2418,1643,1849,2320,2820,3082,3143,3316,3499,3461,3507,2814,2833,3253,1926,599,205,88,71,35,122,1140,1553,3707,4562,4430,3615,3929,4451,4923,4762,4710,4671,4627,4600,2945,1812,1938,1311,407,-249,-96,-44,-16,-20,511,682,2078,2144,2787,1766,1609,1631,1841,1619,1394,1172,1166,1093,131,-1021,-1315,-615,-192
