사용년월,insum0,insum1,insum2,insum3,insum4,insum5,insum6,insum7,insum8,insum9,insum10,insum11,insum12,insum13,insum14,insum15,insum16,insum17,insum18,insum19,insum20,insum21,insum22,insum23,outsum0,outsum1,outsum2,outsum3,outsum4,outsum5,outsum6,outsum7,outsum8,outsum9,outsum10,outsum11,outsum12,outsum13,outsum14,outsum15,outsum16,outsum17,outsum18,outsum19,outsum20,outsum21,outsum22,outsum23,diff0,diff1,diff2,diff3,diff4,diff5,diff6,diff7,diff8,diff9,diff10,diff11,diff12,diff13,diff14,diff15,diff16,diff17,diff18,diff19,diff20,diff21,diff22,diff23
201901,0,0,0,0,0,0,26,123,345,214,252,202,341,325,269,317,274,337,371,226,208,202,129,61,0,0,0,0,0,0,191,1136,3135,2561,915,533,436,453,464,482,449,361,516,568,271,232,233,93,0,0,0,0,0,0,165,1013,2790,2347,663,331,95,128,195,165,175,24,145,342,63,30,104,32
201902,0,0,0,0,0,0,17,102,262,191,200,191,227,330,261,325,259,289,302,217,193,172,112,40,0,0,0,0,0,0,150,984,2445,2033,727,436,350,409,393,321,377,336,429,428,267,222,196,85,0,0,0,0,0,0,133,882,2183,1842,527,245,123,79,132,-4,118,47,127,211,74,50,84,45
201903,0,0,0,0,0,0,19,142,348,319,302,209,285,358,317,349,248,348,372,216,230,234,182,51,0,0,0,0,0,0,261,1065,2590,2447,829,476,405,523,481,434,435,424,530,554,261,268,256,117,0,0,0,0,0,0,242,923,2242,2128,527,267,120,165,164,85,187,76,158,338,31,34,74,66
201904,0,0,0,0,0,0,13,159,325,299,257,185,266,316,279,340,259,400,374,266,259,195,289,74,0,0,0,0,0,0,265,1105,2809,2528,906,484,444,489,490,437,462,392,496,577,330,299,274,102,0,0,0,0,0,0,252,946,2484,2229,649,299,178,173,211,97,203,-8,122,311,71,104,-15,28
201905,0,0,0,0,0,0,18,184,298,315,247,250,332,395,254,332,244,341,379,296,246,194,208,76,0,0,0,0,0,0,293,1057,2469,2263,943,532,426,489,429,421,463,419,537,505,323,242,255,84,0,0,0,0,0,0,275,873,2171,1948,696,282,94,94,175,89,219,78,158,209,77,48,47,8
201906,0,0,0,0,0,0,24,137,265,335,297,204,281,406,257,322,277,323,347,265,232,192,202,77,0,0,0,0,0,0,236,926,2260,2027,862,499,454,523,476,426,440,404,446,474,300,240,226,111,0,0,0,0,0,0,212,789,1995,1692,565,295,173,117,219,104,163,81,99,209,68,48,24,34
201907,0,0,0,0,0,0,26,142,320,340,253,188,331,344,282,317,241,347,376,256,241,226,212,60,0,0,0,0,0,0,216,1294,2883,2451,926,528,459,530,540,516,438,409,413,548,285,209,244,84,0,0,0,0,0,0,190,1152,2563,2111,673,340,128,186,258,199,197,62,37,292,44,-17,32,24
201908,0,0,0,0,0,0,31,164,381,288,249,241,317,323,222,298,236,293,345,288,248,200,166,65,0,0,0,0,0,0,199,1050,2628,2246,925,529,450,506,448,423,463,423,527,558,303,219,204,112,0,0,0,0,0,0,168,886,2247,1958,676,288,133,183,226,125,227,130,182,270,55,19,38,47
201909,0,0,0,0,0,0,25,129,295,302,276,218,264,329,248,331,212,278,320,234,184,221,171,51,0,0,0,0,0,0,197,1002,2406,2106,940,527,438,498,450,420,445,404,480,552,272,190,160,57,0,0,0,0,0,0,172,873,2111,1804,664,309,174,169,202,89,233,126,160,318,88,-31,-11,6
201910,0,0,0,0,0,0,35,171,314,353,260,188,289,368,298,337,239,333,353,270,194,234,173,66,0,0,0,0,0,0,217,985,2595,2397,988,563,448,568,463,425,480,448,475,596,301,236,198,89,0,0,0,0,0,0,182,814,2281,2044,728,375,159,200,165,88,241,115,122,326,107,2,25,23
201911,0,0,0,0,0,0,37,178,284,307,280,187,304,371,287,310,252,293,407,298,203,204,140,60,0,0,0,0,0,0,230,1062,2539,2416,985,495,475,547,419,456,401,351,447,524,273,271,239,76,0,0,0,0,0,0,193,884,2255,2109,705,308,171,176,132,146,149,58,40,226,70,67,99,16
201912,0,0,0,0,0,0,56,180,346,317,271,204,222,399,289,377,266,297,383,239,277,219,188,56,0,0,0,0,0,0,181,1062,2499,2323,911,595,419,482,471,470,427,390,487,492,295,239,248,86,0,0,0,0,0,0,125,882,2153,2006,640,391,197,83,182,93,161,93,104,253,18,20,60,30
202001,0,0,0,0,0,0,52,147,296,311,240,205,230,369,259,332,249,362,380,258,190,191,123,57,0,0,0,0,0,0,140,1072,2719,2215,925,453,406,428,416,385,377,315,406,448,250,204,183,67,0,0,0,0,0,0,88,925,2423,1904,685,248,176,59,157,53,128,-47,26,190,60,13,60,10
202002,0,0,0,0,0,0,36,114,283,287,222,162,215,246,176,268,215,240,336,234,175,147,112,50,0,0,0,0,0,0,154,1058,2723,2035,759,433,317,466,320,332,304,244,364,383,171,154,138,60,0,0,0,0,0,0,118,944,2440,1748,537,271,102,220,144,64,89,4,28,149,-4,7,26,10
202003,0,0,0,0,0,0,12,78,228,208,163,127,139,147,146,165,126,192,266,167,152,94,97,20,0,0,0,0,0,0,186,882,2839,1748,604,290,226,251,216,200,163,175,262,244,138,94,79,41,0,0,0,0,0,0,174,804,2611,1540,441,163,87,104,70,35,37,-17,-4,77,-14,0,-18,21
202004,0,0,0,0,0,0,16,58,253,224,140,157,170,174,162,200,159,167,276,180,140,102,100,25,0,0,0,0,0,0,175,789,2638,1659,594,294,207,294,236,221,201,215,250,266,158,113,79,33,0,0,0,0,0,0,159,731,2385,1435,454,137,37,120,74,21,42,48,-26,86,18,11,-21,8
202005,0,0,0,0,0,0,23,82,263,228,167,159,159,203,206,217,193,214,283,218,153,137,111,50,0,0,0,0,0,0,178,792,2331,1634,661,342,255,322,271,279,223,276,336,281,152,147,111,52,0,0,0,0,0,0,155,710,2068,1406,494,183,96,119,65,62,30,62,53,63,-1,10,0,2
202006,0,0,0,0,0,0,19,83,302,244,209,144,191,234,207,234,186,218,349,232,175,121,111,42,0,0,0,0,0,0,185,877,2603,1914,652,321,294,360,316,346,346,277,396,289,147,138,138,56,0,0,0,0,0,0,166,794,2301,1670,443,177,103,126,109,112,160,59,47,57,-28,17,27,14
202007,0,0,0,0,0,0,22,104,292,266,232,175,217,212,209,248,216,258,389,268,188,154,122,49,0,0,0,0,0,0,190,954,2873,2200,779,396,327,407,369,367,326,287,461,360,208,194,135,56,0,0,0,0,0,0,168,850,2581,1934,547,221,110,195,160,119,110,29,72,92,20,40,13,7
202008,0,0,0,0,0,0,12,86,231,233,205,133,204,188,163,205,161,236,314,202,119,116,93,23,0,0,0,0,0,0,160,863,2491,1828,651,376,318,318,331,330,263,247,342,318,175,136,130,43,0,0,0,0,0,0,148,777,2260,1595,446,243,114,130,168,125,102,11,28,116,56,20,37,20
202009,0,0,0,0,0,0,13,63,201,184,131,164,146,152,159,190,193,251,337,221,107,104,77,17,0,0,0,0,0,0,169,801,2698,1749,563,311,265,334,282,285,269,256,336,289,163,131,124,31,0,0,0,0,0,0,156,738,2497,1565,432,147,119,182,123,95,76,5,-1,68,56,27,47,14
202010,0,0,0,0,0,0,21,97,273,202,170,214,192,181,211,209,182,243,342,208,141,104,111,42,0,0,0,0,0,0,195,763,2381,1787,641,337,340,319,311,356,289,249,381,296,181,135,152,43,0,0,0,0,0,0,174,666,2108,1585,471,123,148,138,100,147,107,6,39,88,40,31,41,1
202011,0,0,0,0,0,0,25,78,351,233,237,209,238,203,237,287,212,270,366,244,154,128,97,30,0,0,0,0,0,0,172,811,2532,2057,790,478,304,337,363,373,283,283,427,361,216,180,131,37,0,0,0,0,0,0,147,733,2181,1824,553,269,66,134,126,86,71,13,61,117,62,52,34,7
202012,0,0,0,0,0,0,11,61,176,117,185,187,195,189,223,222,179,253,346,158,146,113,51,11,0,0,0,0,0,0,154,809,2622,1980,741,404,312,329,271,281,264,215,329,269,185,118,83,20,0,0,0,0,0,0,143,748,2446,1863,556,217,117,140,48,59,85,-38,-17,111,39,5,32,9
202101,0,0,0,0,0,0,6,69,175,136,139,183,182,183,214,247,129,282,337,200,148,160,53,6,0,0,0,0,0,0,156,895,2678,2173,821,358,268,357,303,244,223,220,289,280,220,208,114,19,0,0,0,0,0,0,150,826,2503,2037,682,175,86,174,89,-3,94,-62,-48,80,72,48,61,13
202102,0,0,0,0,0,0,11,61,169,134,158,158,190,181,208,248,161,269,312,167,164,147,80,10,0,0,0,0,0,0,139,816,2616,2012,679,322,283,371,266,262,246,198,270,260,200,163,124,28,0,0,0,0,0,0,128,755,2447,1878,521,164,93,190,58,14,85,-71,-42,93,36,16,44,18
