ID,insum,outsum,diff
100000001,422,318,104
100000002,827,246,581
100000003,4167,1136,3031
100000004,867,219,648
100000005,686,1027,-341
100000006,72,34,38
100000007,185,158,27
100000008,49,349,-300
100000009,28,55,-27
100000010,3,21,-18
100000011,101,20,81
100000012,14,544,-530
100000013,5,114,-109
100000014,114,273,-159
100000015,190,253,-63
100000016,413,984,-571
100000017,226,866,-640
100000018,518,270,248
100000019,2893,924,1969
100000020,591,804,-213
100000021,5039,1103,3936
100000022,477,353,124
100000023,4140,549,3591
100000025,1879,308,1571
100000028,805,506,299
100000029,169,111,58
100000030,423,20,403
100000031,2371,1251,1120
100000032,1475,1686,-211
100000033,262,1081,-819
100000034,562,256,306
100000035,688,377,311
100000036,1098,414,684
100000037,129,199,-70
100000038,391,361,30
100000039,136,67,69
100000040,73,27,46
100000041,117,172,-55
100000042,120,127,-7
100000043,118,113,5
100000044,165,528,-363
100000045,193,1119,-926
100000046,275,915,-640
100000047,109,588,-479
100000048,217,670,-453
100000049,1085,2158,-1073
100000051,183,966,-783
100000053,15,3,12
100000054,22,7,15
100000055,121,261,-140
100000056,70,283,-213
100000057,504,379,125
100000058,387,1303,-916
100000059,2,96,-94
100000060,96,187,-91
100000061,418,231,187
100000062,244,180,64
100000063,185,99,86
100000064,222,260,-38
100000065,147,964,-817
100000066,81,839,-758
100000067,104,762,-658
100000068,256,1101,-845
100000069,137,1183,-1046
100000072,275,1163,-888
100000073,537,950,-413
100000075,217,292,-75
100000076,738,849,-111
100000077,407,29,378
100000078,104,15,89
100000079,47,22,25
100000080,4,5,-1
100000081,8,9,-1
100000102,568,499,69
100000103,1466,484,982
100000104,2319,659,1660
100000105,2087,312,1775
100000106,1115,634,481
100000107,193,164,29
100000108,451,951,-500
100000109,2013,777,1236
100000116,802,276,526
100000117,11,8,3
100000118,810,564,246
100000119,170,413,-243
100000121,76,420,-344
100000122,219,424,-205
100000123,2812,2748,64
100000124,8200,3132,5068
100000125,2493,324,2169
100000126,284,132,152
100000127,723,204,519
100000128,708,630,78
100000129,263,221,42
100000130,206,512,-306
100000131,4224,1877,2347
100000132,1893,573,1320
100000133,9440,2468,6972
100000135,115,275,-160
100000139,88,294,-206
100000140,134,197,-63
100000142,67,150,-83
100000143,376,635,-259
100000144,2731,799,1932
100000147,437,930,-493
100000150,9,327,-318
100000151,266,274,-8
100000153,134,81,53
100000154,18,60,-42
100000155,2,6,-4
100000156,35,15,20
100000157,17,99,-82
100000158,17,45,-28
100000159,118,217,-99
100000165,577,434,143
100000169,252,106,146
100000174,887,183,704
100000179,38,427,-389
100000180,304,874,-570
100000181,32,320,-288
100000188,55,234,-179
100000189,121,142,-21
100000190,151,135,16
100000191,276,176,100
100000192,45,34,11
100000193,22,21,1
100000330,1400,312,1088
100000355,53,356,-303
100000362,2823,2508,315
100000363,720,1301,-581
100000364,254,400,-146
100000365,2124,3947,-1823
100000366,3118,2064,1054
100000367,1368,2105,-737
100000368,1177,1409,-232
100000369,262,509,-247
100000370,43,172,-129
100000376,56,68,-12
100000379,839,524,315
100000380,1027,759,268
100000384,3371,1228,2143
100000385,2822,1908,914
100000386,4515,1157,3358
100000387,4089,1787,2302
100000388,11268,1881,9387
100000389,8686,1740,6946
100000390,8963,1828,7135
100000391,5029,1725,3304
100000392,2115,657,1458
100000393,681,545,136
100000394,3069,1745,1324
100000395,1550,529,1021
100000396,2155,1007,1148
100000397,1177,582,595
100000398,8789,6245,2544
100900002,0,0,0
100900003,38,41,-3
100900004,15,1137,-1122
100900005,10,4,6
100900006,0,0,0
100900007,13,0,13
100900008,11,518,-507
100900009,12,20,-8
100900010,0,0,0
100900011,4,254,-250
100900012,0,307,-307
100900013,84,8,76
100900014,0,0,0
100900015,60,24,36
100900016,1,15,-14
100900017,127,24,103
100900018,0,0,0
100900019,0,0,0
100900020,27,1,26
100900021,426,1,425
100900022,0,0,0
100900023,0,0,0
100900024,16,0,16
100900025,0,0,0
100900026,3,93,-90
100900027,246,935,-689
100900028,17,80,-63
100900029,63,12,51
100900030,0,7,-7
100900031,89,1,88
100900032,22,0,22
100900033,94,31,63
100900034,53,1,52
100900035,18,0,18
100900036,0,0,0
100900037,2,201,-199
100900038,1,16,-15
100900039,159,666,-507
100900040,27,810,-783
100900041,38,916,-878
100900042,129,23,106
100900043,0,0,0
100900044,1068,156,912
100900045,5,0,5
100900046,300,4,296
100900047,2,2,0
100900048,32,3,29
100900049,7,126,-119
100900050,0,3,-3
100900051,12,24,-12
100900052,36,4,32
100900053,90,17,73
100900054,0,82,-82
100900055,37,38,-1
100900056,1,6,-5
100900057,140,170,-30
100900058,18,13,5
100900059,2,0,2
100900060,27,4,23
100900061,68,93,-25
100900062,0,45,-45
100900063,27,149,-122
100900064,271,3,268
100900065,12,10,2
100900066,19,28,-9
100900067,0,0,0
100900068,3,96,-93
100900069,24,0,24
100900070,28,0,28
100900071,241,71,170
100900072,0,33,-33
100900073,19,362,-343
100900074,0,4,-4
100900075,2686,101,2585
100900076,10,4,6
100900077,0,0,0
100900078,26,10,16
100900079,0,22,-22
100900080,0,0,0
100900081,5,23,-18
100900082,8,528,-520
100900083,0,48,-48
100900085,0,48,-48
100900086,21,97,-76
100900088,7,403,-396
100900089,1,24,-23
100900090,29,177,-148
100900091,0,0,0
100900092,39,45,-6
100900093,28,41,-13
100900094,11,418,-407
100900095,1,9,-8
100900096,9,68,-59
100900097,0,0,0
100900098,2,31,-29
100900099,4,388,-384
100900100,3,56,-53
100900101,187,10,177
100900102,2,5,-3
100900103,0,10,-10
100900104,7,100,-93
100900105,1,11,-10
100900106,19,0,19
100900107,1049,188,861
100900108,0,1,-1
100900109,1,12,-11
100900110,0,0,0
100900111,28,69,-41
100900112,0,0,0
100900113,2,13,-11
100900114,1,13,-12
100900115,0,0,0
100900116,241,86,155
100900117,82,151,-69
100900118,0,44,-44
100900119,0,14,-14
100900120,0,0,0
100900121,157,85,72
100900122,108,149,-41
100900123,3,20,-17
100900124,0,8,-8
100900125,5,41,-36
100900126,3,15,-12
100900127,0,1,-1
100900128,27,48,-21
100900129,0,36,-36
100900131,20,41,-21
100900133,2,9,-7
100900134,0,5,-5
100900135,0,30,-30
100900137,174,139,35
100900138,56,69,-13
100900139,0,8,-8
100900140,1,732,-731
100900141,0,101,-101
100900142,0,0,0
100900143,552,122,430
100900144,3,1,2
100900145,2,40,-38
100900146,0,4,-4
100900147,1,147,-146
100900148,19,795,-776
100900149,2,12,-10
100900150,1,2,-1
100900151,41,386,-345
100900152,0,0,0
100900153,0,82,-82
100900154,3,2,1
100900155,0,0,0
100900156,0,0,0
100900157,0,44,-44
100900158,1004,247,757
100900159,1,0,1
100900160,0,1,-1
100900161,0,0,0
100900162,5,74,-69
100900163,81,118,-37
100900164,1,2,-1
100900165,5,28,-23
100900166,0,0,0
100900167,1,46,-45
100900168,1,29,-28
100900169,178,1355,-1177
100900170,0,0,0
100900171,9,815,-806
100900172,0,2,-2
100900173,4,506,-502
100900174,13,0,13
100900176,513,21,492
100900177,744,64,680
100900178,1,56,-55
100900179,17,14,3
100900180,0,0,0
100900181,0,0,0
100900182,0,0,0
100900184,0,0,0
100900186,570,233,337
100900187,0,73,-73
100900188,51,4,47
100900189,263,36,227
100900191,728,277,451
100900192,84,36,48
100900195,25,78,-53
100900197,0,0,0
100900198,7,74,-67
100900199,0,0,0
100900200,321,215,106
100900201,25,760,-735
100900202,2,0,2
100900203,0,28,-28
100900204,82,59,23
100900205,63,104,-41
100900206,28,5,23
100900207,30,35,-5
100900210,46,618,-572
100900211,59,24,35
100900213,15,5,10
100900214,742,19,723
100900215,0,10,-10
100900217,34,15,19
101000001,3019,1203,1816
101000002,2507,1331,1176
101000003,592,487,105
101000004,7768,2302,5466
101000005,4625,2934,1691
101000006,6086,3878,2208
101000007,2029,1453,576
101000008,2048,1563,485
101000009,766,1818,-1052
101000010,397,956,-559
101000011,1440,375,1065
101000012,578,154,424
101000013,323,442,-119
101000014,198,230,-32
101000015,458,679,-221
101000016,144,236,-92
101000017,205,323,-118
101000018,1841,1673,168
101000020,2437,623,1814
101000021,396,136,260
101000022,500,49,451
101000023,988,698,290
101000025,57,135,-78
101000026,245,21,224
101000027,795,898,-103
101000028,467,154,313
101000029,6,317,-311
101000030,466,43,423
101000031,225,182,43
101000032,2351,1212,1139
101000033,1611,887,724
101000034,1238,566,672
101000035,832,229,603
101000036,646,211,435
101000037,2207,549,1658
101000039,2099,473,1626
101000040,3234,1269,1965
101000041,5184,852,4332
101000042,422,184,238
101000043,6644,1278,5366
101000045,579,103,476
101000046,1166,598,568
101000047,654,659,-5
101000048,409,241,168
101000049,726,413,313
101000050,1945,987,958
101000051,3136,605,2531
101000052,1261,335,926
101000053,648,1252,-604
101000054,1074,1510,-436
101000055,1272,503,769
101000056,67,48,19
101000057,2511,370,2141
101000058,1380,330,1050
101000059,1680,522,1158
101000060,1483,152,1331
101000061,620,188,432
101000062,1799,223,1576
101000063,161,72,89
101000064,772,197,575
101000065,75,195,-120
101000066,49,34,15
101000067,343,193,150
101000068,128,109,19
101000069,223,81,142
101000070,1612,578,1034
101000071,1460,409,1051
101000072,1204,1719,-515
101000073,241,133,108
101000074,3577,1017,2560
101000075,7098,2147,4951
101000077,662,591,71
101000078,714,972,-258
101000079,237,1367,-1130
101000080,575,1094,-519
101000081,468,543,-75
101000082,2381,1538,843
101000083,866,688,178
101000084,826,1086,-260
101000085,799,553,246
101000086,981,784,197
101000087,569,926,-357
101000088,398,457,-59
101000089,437,637,-200
101000090,1906,997,909
101000091,154,886,-732
101000092,578,687,-109
101000093,910,457,453
101000094,374,830,-456
101000095,143,607,-464
101000096,117,410,-293
101000097,139,171,-32
101000098,236,339,-103
101000099,899,772,127
101000100,599,383,216
101000101,135,254,-119
101000102,352,143,209
101000103,444,536,-92
101000104,90,162,-72
101000105,504,110,394
101000106,283,267,16
101000107,69,137,-68
101000108,1070,211,859
101000109,74,41,33
101000110,16,516,-500
101000111,162,117,45
101000113,65,349,-284
101000114,1446,708,738
101000115,65,92,-27
101000116,23,133,-110
101000117,32,257,-225
101000119,129,24,105
101000120,202,11,191
101000121,42,4,38
101000122,31,9,22
101000123,14,23,-9
101000124,314,639,-325
101000125,64,263,-199
101000128,500,196,304
101000130,366,212,154
101000131,324,543,-219
101000132,222,1404,-1182
101000135,70,2,68
101000136,198,110,88
101000137,35,192,-157
101000141,1694,647,1047
101000147,512,510,2
101000148,2090,28,2062
101000149,24,7,17
101000150,23,992,-969
101000151,34,62,-28
101000152,166,222,-56
101000153,418,336,82
101000154,63,1566,-1503
101000155,69,104,-35
101000156,17,165,-148
101000157,32,12,20
101000160,12,80,-68
101000163,1,1,0
101000164,384,222,162
101000165,163,133,30
101000166,181,349,-168
101000168,275,180,95
101000252,346,373,-27
101000254,235,9,226
101000258,38,13,25
101000261,160,168,-8
101000262,208,495,-287
101000263,82,641,-559
101000265,42,320,-278
101000266,184,173,11
101000269,108,10,98
101000290,721,496,225
101000293,1,87,-86
101000294,307,369,-62
101000295,95,366,-271
101000301,514,75,439
101000304,1435,1679,-244
101000305,1370,980,390
101900001,6,36,-30
101900002,0,11,-11
101900003,23,68,-45
101900004,3,14,-11
101900005,4059,553,3506
101900006,344,1,343
101900007,192,15,177
101900008,61,33,28
101900009,10,32,-22
101900010,477,163,314
101900011,161,83,78
101900012,24,7,17
101900013,870,37,833
101900017,20,41,-21
101900018,1027,57,970
101900019,37,16,21
101900020,140,95,45
101900021,0,15,-15
101900022,11,916,-905
101900023,9,164,-155
102000001,1153,2081,-928
102000002,1450,823,627
102000003,2734,1853,881
102000004,6322,1253,5069
102000005,842,1350,-508
102000006,1134,559,575
102000007,1442,2456,-1014
102000008,5509,1020,4489
102000009,3873,3850,23
102000010,5038,1825,3213
102000011,1513,1457,56
102000012,1729,1968,-239
102000018,2335,830,1505
102000019,1781,467,1314
102000026,137,160,-23
102000029,381,102,279
102000030,77,125,-48
102000031,13,145,-132
102000032,148,284,-136
102000033,37,310,-273
102000034,336,282,54
102000035,663,270,393
102000036,7,90,-83
102000037,130,54,76
102000038,55,72,-17
102000039,4,41,-37
102000040,199,48,151
102000041,27,70,-43
102000042,39,32,7
102000043,102,116,-14
102000044,85,306,-221
102000045,425,619,-194
102000046,505,208,297
102000047,526,637,-111
102000048,74,321,-247
102000049,321,297,24
102000050,406,698,-292
102000051,200,224,-24
102000052,522,624,-102
102000053,201,409,-208
102000054,134,422,-288
102000055,454,674,-220
102000056,260,550,-290
102000057,643,214,429
102000058,842,1093,-251
102000059,606,1219,-613
102000060,411,299,112
102000061,788,2229,-1441
102000062,372,571,-199
102000063,711,915,-204
102000064,418,495,-77
102000065,20,106,-86
102000066,696,1005,-309
102000067,1635,1756,-121
102000068,4914,1782,3132
102000069,11,751,-740
102000070,2212,43,2169
102000071,4464,7061,-2597
102000072,2474,4086,-1612
102000073,343,916,-573
102000074,289,830,-541
102000075,50,200,-150
102000076,70,423,-353
102000077,96,991,-895
102000078,262,984,-722
102000079,55,272,-217
102000080,167,153,14
102000081,139,649,-510
102000082,459,278,181
102000083,122,627,-505
102000084,42,249,-207
102000085,1030,999,31
102000086,667,614,53
102000087,415,1967,-1552
102000088,124,179,-55
102000089,350,358,-8
102000090,244,933,-689
102000091,802,367,435
102000092,462,856,-394
102000093,369,389,-20
102000094,445,86,359
102000095,537,1065,-528
102000096,1054,330,724
102000097,2206,1438,768
102000098,422,1034,-612
102000099,931,410,521
102000100,323,380,-57
102000101,647,228,419
102000102,295,417,-122
102000103,791,240,551
102000104,1039,314,725
102000105,99,830,-731
102000106,197,936,-739
102000107,184,371,-187
102000108,176,333,-157
102000109,96,404,-308
102000110,137,852,-715
102000111,3,112,-109
102000112,91,50,41
102000113,4,32,-28
102000114,469,143,326
102000115,221,68,153
102000116,62,132,-70
102000117,50,361,-311
102000118,785,612,173
102000119,1655,350,1305
102000120,39,248,-209
102000121,291,305,-14
102000122,140,390,-250
102000123,859,471,388
102000124,612,451,161
102000125,500,356,144
102000126,318,425,-107
102000127,464,353,111
102000128,240,741,-501
102000129,347,560,-213
102000130,281,451,-170
102000131,358,403,-45
102000132,180,293,-113
102000133,565,2170,-1605
102000134,201,549,-348
102000135,775,326,449
102000136,695,150,545
102000137,546,516,30
102000138,201,363,-162
102000139,32,303,-271
102000140,96,210,-114
102000141,93,499,-406
102000142,58,294,-236
102000143,23,358,-335
102000144,27,360,-333
102000145,78,223,-145
102000146,181,253,-72
102000147,175,121,54
102000148,70,98,-28
102000149,85,391,-306
102000150,64,144,-80
102000151,42,175,-133
102000152,39,119,-80
102000153,278,117,161
102000154,222,323,-101
102000155,56,181,-125
102000156,116,26,90
102000157,33,80,-47
102000158,156,69,87
102000159,1408,51,1357
102000161,3278,420,2858
102000162,152,50,102
102000163,67,128,-61
102000164,751,286,465
102000165,156,88,68
102000166,6,45,-39
102000167,40,134,-94
102000168,62,87,-25
102000169,59,184,-125
102000170,531,80,451
102000171,73,42,31
102000172,7,88,-81
102000173,167,132,35
102000174,12,74,-62
102000175,39,40,-1
102000176,13,16,-3
102000178,150,430,-280
102000179,68,144,-76
102000180,191,524,-333
102000181,84,609,-525
102000182,221,679,-458
102000183,530,713,-183
102000184,378,893,-515
102000185,434,566,-132
102000186,315,1548,-1233
102000187,220,1572,-1352
102000188,103,655,-552
102000189,2805,779,2026
102000190,390,963,-573
102000191,829,145,684
102000192,437,760,-323
102000193,11,170,-159
102000194,40,97,-57
102000195,144,436,-292
102000196,32,392,-360
102000197,119,423,-304
102000198,26,743,-717
102000199,127,398,-271
102000200,88,813,-725
102000201,161,390,-229
102000202,0,107,-107
102000203,55,275,-220
102000204,127,542,-415
102000205,228,419,-191
102000206,186,585,-399
102000207,148,246,-98
102000208,109,436,-327
102000209,12,53,-41
102000210,44,589,-545
102000211,103,465,-362
102000212,22,12,10
102000213,10,316,-306
102000214,34,19,15
102000215,3,615,-612
102000216,6,9,-3
102000217,8,205,-197
102000218,24,16,8
102000219,247,395,-148
102000225,147,65,82
102000226,4558,241,4317
102000227,21,1,20
102000228,1,107,-106
102000229,7,34,-27
102000230,79,295,-216
102000231,98,227,-129
102000232,7,77,-70
102000233,217,296,-79
102000234,32,346,-314
102000236,266,63,203
102000237,161,119,42
102000238,147,128,19
102000240,448,430,18
102000241,183,71,112
102000243,11,15,-4
102000245,25,55,-30
102000246,22,12,10
102000247,192,425,-233
102000248,96,278,-182
102000249,63,144,-81
102000250,23,337,-314
102000254,18,263,-245
102000266,28,134,-106
102000271,0,0,0
102000286,280,138,142
102000297,812,432,380
102000301,0,0,0
102000303,0,0,0
102000305,0,0,0
102000307,0,9,-9
102000308,0,7,-7
102900001,314,240,74
102900002,112,5,107
102900003,5,251,-246
102900005,22,66,-44
102900006,90,54,36
102900007,87,6,81
102900008,37,16,21
102900009,0,0,0
102900010,150,330,-180
102900011,1607,126,1481
102900012,140,56,84
102900013,0,0,0
102900015,297,89,208
102900016,0,0,0
102900017,0,0,0
102900018,0,0,0
102900019,54,203,-149
102900020,15,20,-5
102900021,0,0,0
102900022,209,53,156
102900023,0,0,0
102900024,4,11,-7
102900025,0,0,0
102900026,244,333,-89
102900027,5,28,-23
102900028,27,116,-89
102900029,43,54,-11
102900030,44,56,-12
102900031,21,46,-25
102900032,6,123,-117
102900033,0,0,0
102900034,61,36,25
102900035,21,426,-405
102900036,29,362,-333
102900037,43,425,-382
102900038,173,222,-49
102900039,15,172,-157
102900040,86,129,-43
102900041,30,100,-70
102900042,67,315,-248
102900043,35,235,-200
102900044,219,1665,-1446
102900045,31,330,-299
102900046,35,293,-258
102900047,41,644,-603
102900048,197,654,-457
102900049,31,237,-206
102900050,136,276,-140
102900051,77,164,-87
102900052,0,0,0
102900053,110,438,-328
102900054,245,440,-195
102900055,0,0,0
102900056,63,241,-178
102900057,0,0,0
102900058,171,23,148
102900059,0,0,0
102900060,43,234,-191
102900061,24,352,-328
102900062,12,1295,-1283
102900063,137,149,-12
102900064,48,175,-127
102900065,391,223,168
102900066,96,12,84
102900068,32,32,0
102900070,23,548,-525
102900072,9,34,-25
102900073,60,9,51
102900074,38,23,15
102900075,0,0,0
102900076,0,0,0
102900077,0,0,0
102900078,0,0,0
102900079,70,1,69
102900080,44,5,39
102900081,52,140,-88
102900082,13,144,-131
102900083,0,1,-1
102900084,0,0,0
102900085,0,0,0
102900086,0,0,0
102900087,19,66,-47
102900088,6,25,-19
102900089,115,57,58
102900090,3,532,-529
102900091,29,1,28
102900092,67,937,-870
102900093,117,85,32
102900094,0,22,-22
102900095,7,0,7
102900096,12,2,10
102900097,0,123,-123
103000001,1197,1592,-395
103000002,964,1193,-229
103000003,2022,1495,527
103000004,654,524,130
103000005,1211,1006,205
103000006,329,646,-317
103000007,195,605,-410
103000008,338,871,-533
103000009,237,436,-199
103000010,69,72,-3
103000011,1250,798,452
103000012,639,488,151
103000013,5651,1466,4185
103000014,818,604,214
103000015,1966,685,1281
103000016,232,330,-98
103000017,31,63,-32
103000018,616,243,373
103000019,25,37,-12
103000020,689,978,-289
103000021,484,497,-13
103000022,436,999,-563
103000023,175,468,-293
103000024,76,67,9
103000025,33,55,-22
103000026,1292,61,1231
103000027,175,52,123
103000028,676,147,529
103000029,512,93,419
103000030,1866,341,1525
103000031,719,506,213
103000032,929,1066,-137
103000033,1419,1138,281
103000034,1318,559,759
103000035,277,467,-190
103000036,334,164,170
103000037,513,333,180
103000038,360,449,-89
103000039,74,316,-242
103000040,138,862,-724
103000041,935,2277,-1342
103000042,279,556,-277
103000043,185,909,-724
103000044,87,182,-95
103000046,175,217,-42
103000047,247,497,-250
103000048,90,101,-11
103000049,65,108,-43
103000050,164,508,-344
103000051,128,264,-136
103000052,392,324,68
103000053,58,193,-135
103000054,979,646,333
103000055,680,882,-202
103000056,325,1320,-995
103000057,284,189,95
103000058,118,655,-537
103000059,191,528,-337
103000060,497,645,-148
103000061,282,546,-264
103000062,437,679,-242
103000063,301,390,-89
103000064,66,237,-171
103000065,2,237,-235
103000066,66,18,48
103000069,42,326,-284
103000070,245,1180,-935
103000071,293,170,123
103000072,34,845,-811
103000073,95,70,25
103000074,105,42,63
103000075,113,812,-699
103000076,61,59,2
103000077,20,337,-317
103000078,462,91,371
103000079,1022,253,769
103000080,354,71,283
103000081,241,350,-109
103000082,118,96,22
103000083,47,311,-264
103000084,0,0,0
103000085,1,61,-60
103000086,221,94,127
103000087,62,236,-174
103000088,137,240,-103
103000089,76,157,-81
103000090,845,769,76
103000091,261,312,-51
103000092,74,186,-112
103000093,156,497,-341
103000094,39,75,-36
103000095,7,321,-314
103000096,199,71,128
103000097,32,474,-442
103000098,544,52,492
103000099,162,402,-240
103000100,35,803,-768
103000101,223,130,93
103000102,59,536,-477
103000103,169,143,26
103000104,9,121,-112
103000105,27,75,-48
103000106,2,115,-113
103000107,183,52,131
103000108,292,508,-216
103000109,208,243,-35
103000110,252,245,7
103000111,323,289,34
103000112,113,163,-50
103000113,154,418,-264
103000114,212,258,-46
103000115,227,312,-85
103000116,171,344,-173
103000117,77,375,-298
103000118,835,862,-27
103000119,1823,656,1167
103000120,30,102,-72
103000121,120,302,-182
103000122,113,121,-8
103000125,4,486,-482
103000126,142,6,136
103000127,3,286,-283
103000128,46,4,42
103000129,4,200,-196
103000130,12,12,0
103000131,203,57,146
103000132,54,71,-17
103000133,3,409,-406
103000134,285,212,73
103000135,729,97,632
103000136,457,188,269
103000137,205,250,-45
103000138,412,205,207
103000139,1,34,-33
103000140,86,12,74
103000141,16,74,-58
103000142,42,32,10
103000143,7,161,-154
103000144,47,63,-16
103000145,5,48,-43
103000150,40,42,-2
103000152,78,159,-81
103000153,52,111,-59
103000156,5,549,-544
103000157,76,6,70
103000159,37,96,-59
103000162,14,0,14
103000163,3,9,-6
103000164,1,1,0
103000165,81,323,-242
103000166,17,24,-7
103000167,38,119,-81
103000168,52,170,-118
103000169,49,52,-3
103000170,440,425,15
103000171,4,48,-44
103000172,90,203,-113
103000173,117,669,-552
103000174,121,225,-104
103000175,83,484,-401
103000176,443,109,334
103000177,539,267,272
103000178,204,145,59
103000179,38,26,12
103000183,15,33,-18
103000185,18,44,-26
103000186,39,106,-67
103000187,153,550,-397
103000188,3,59,-56
103000189,278,840,-562
103000191,260,473,-213
103000292,2142,311,1831
103000293,1349,381,968
103000295,32,59,-27
103000296,42,1,41
103000297,68,4,64
103000504,91,14,77
103000505,8,2,6
103000506,2,131,-129
103000507,51,2,49
103000508,45,24,21
103000509,160,434,-274
103900001,3,169,-166
103900002,903,75,828
103900003,901,47,854
103900004,2,5,-3
103900005,1,248,-247
103900006,0,0,0
103900007,0,0,0
103900008,1,0,1
103900009,24,124,-100
103900010,32,190,-158
103900011,30,241,-211
103900012,5,2,3
103900013,5,109,-104
103900014,9,9,0
103900015,4,9,-5
103900016,162,301,-139
103900017,22,85,-63
103900018,533,92,441
103900019,7,60,-53
103900020,46,102,-56
103900021,15,1,14
103900022,325,450,-125
103900023,18,0,18
103900024,61,615,-554
103900025,2,17,-15
103900026,0,0,0
103900027,56,124,-68
103900028,5,120,-115
103900029,311,150,161
103900030,52,7,45
103900031,12,0,12
103900032,15,4,11
103900033,8,2,6
103900034,14,188,-174
103900035,38,46,-8
103900036,14,5,9
103900037,3,16,-13
103900038,34,50,-16
103900039,8,339,-331
103900040,1,156,-155
103900041,3,12,-9
103900042,6,367,-361
103900043,9,79,-70
103900044,138,57,81
103900045,52,91,-39
103900047,2,21,-19
103900048,19,9,10
103900049,212,854,-642
103900050,0,75,-75
103900051,0,18,-18
103900052,64,403,-339
103900053,25,910,-885
103900054,18,435,-417
103900055,115,143,-28
103900056,11,44,-33
103900057,3,257,-254
103900058,33,584,-551
103900059,0,2,-2
103900060,4,96,-92
103900061,12,27,-15
103900062,21,38,-17
103900063,0,0,0
103900064,19,0,19
103900065,475,219,256
103900066,17,0,17
103900067,6,1,5
103900068,0,0,0
103900069,0,1,-1
103900070,31,183,-152
103900071,12,171,-159
103900072,5,298,-293
103900073,5,5,0
103900074,3,51,-48
103900075,34,50,-16
103900076,161,520,-359
103900077,33,10,23
103900078,23,69,-46
103900079,37,149,-112
103900080,3,6,-3
103900081,0,0,0
103900082,6,38,-32
103900083,1399,101,1298
103900084,7,88,-81
103900085,29,38,-9
103900086,83,191,-108
103900087,20,96,-76
103900088,247,70,177
103900089,10,81,-71
103900090,0,123,-123
103900091,344,120,224
103900092,76,305,-229
103900093,60,357,-297
103900094,3,128,-125
103900095,29,107,-78
103900096,1,322,-321
103900097,1,285,-284
103900098,72,70,2
103900099,7,269,-262
103900100,39,273,-234
103900101,35,538,-503
103900102,0,17,-17
103900104,13,6,7
103900105,61,114,-53
103900106,0,12,-12
103900107,10,147,-137
103900108,38,383,-345
103900109,9,52,-43
103900110,81,31,50
103900111,15,645,-630
103900112,1,15,-14
103900113,84,129,-45
103900114,314,220,94
103900115,166,31,135
103900116,4320,329,3991
103900117,232,148,84
103900119,10,19,-9
103900120,8,51,-43
103900122,5,311,-306
103900123,915,283,632
103900124,14,571,-557
103900125,31,77,-46
103900126,52,256,-204
103900127,41,620,-579
103900128,15,271,-256
103900131,5,85,-80
103900133,289,8,281
103900134,0,0,0
103900135,1,4,-3
103900137,0,11,-11
103900138,2,149,-147
103900139,88,379,-291
103900140,0,0,0
103900141,103,38,65
103900142,2,27,-25
103900143,7,1,6
103900144,0,14,-14
103900145,56,278,-222
103900146,105,175,-70
103900147,104,43,61
103900148,29,196,-167
103900149,44,545,-501
103900150,4458,644,3814
103900151,16,77,-61
103900152,38,653,-615
103900153,7,0,7
103900154,1082,274,808
103900155,9,130,-121
103900156,3,91,-88
103900157,2,164,-162
103900158,6,156,-150
103900159,16,60,-44
103900160,7,4,3
103900161,25,82,-57
103900162,46,163,-117
103900163,0,189,-189
103900167,0,16,-16
103900168,23,75,-52
103900169,3,10,-7
103900170,2,76,-74
103900171,0,27,-27
103900172,21,20,1
103900173,1,2,-1
103900174,8,41,-33
103900175,21,7,14
103900176,7,9,-2
103900177,5,10,-5
103900178,5,65,-60
103900179,3,187,-184
103900180,0,100,-100
103900181,23,16,7
103900182,27,7,20
103900184,365,16,349
103900185,143,25,118
103900187,33,8,25
103900188,24,4,20
103900189,54,6,48
103900190,1,28,-27
103900191,3,37,-34
103900192,1,33,-32
103900193,89,76,13
103900194,12,257,-245
103900195,2,11,-9
103900196,5,8,-3
103900197,4,18,-14
103900198,0,39,-39
103900199,22,77,-55
103900200,22,68,-46
103900201,25,121,-96
103900202,1,14,-13
103900203,10,6,4
103900204,1,115,-114
103900207,2,122,-120
103900208,11,0,11
103900209,2,77,-75
103900210,8,24,-16
103900211,103,437,-334
103900212,36,475,-439
103900213,40,177,-137
103900214,9,1,8
103900215,620,180,440
103900216,5,398,-393
103900217,8,5,3
103900218,0,52,-52
103900219,8,107,-99
103900233,28,1,27
103900235,7,9,-2
103900236,10,1,9
103900242,0,4,-4
103900243,0,3,-3
103900244,9,148,-139
103900245,8,137,-129
103900246,26,12,14
103900247,8,97,-89
103900248,0,2,-2
103900249,0,3,-3
103900250,3,1,2
103900251,0,5,-5
103900253,6,4,2
103900254,1,1,0
103900255,2,2,0
103900256,2,2,0
103900257,14,9,5
103900258,3,1,2
103900259,35,0,35
103900261,0,1,-1
103900262,7,0,7
103900263,7,11,-4
103900264,10,5,5
103900265,2,3,-1
103900266,0,9,-9
103900267,2,54,-52
103900268,1,86,-85
103900269,47,154,-107
103900270,4,113,-109
103900271,3,37,-34
104000001,1146,1658,-512
104000002,928,1663,-735
104000003,1334,1428,-94
104000004,2737,1734,1003
104000005,457,1036,-579
104000006,1583,1839,-256
104000007,2319,2307,12
104000008,182,490,-308
104000009,53,140,-87
104000010,35,85,-50
104000011,561,514,47
104000012,61,520,-459
104000013,30,48,-18
104000014,111,719,-608
104000015,71,55,16
104000016,121,386,-265
104000018,262,85,177
104000019,188,55,133
104000020,92,842,-750
104000021,141,776,-635
104000022,64,284,-220
104000023,247,190,57
104000024,53,148,-95
104000026,11,61,-50
104000027,98,380,-282
104000028,92,196,-104
104000029,180,542,-362
104000030,74,175,-101
104000031,166,130,36
104000032,47,353,-306
104000033,154,176,-22
104000034,161,438,-277
104000035,185,354,-169
104000036,180,515,-335
104000037,129,251,-122
104000038,157,171,-14
104000039,98,436,-338
104000040,314,430,-116
104000041,189,193,-4
104000042,123,361,-238
104000043,153,283,-130
104000044,102,644,-542
104000045,371,1006,-635
104000046,829,981,-152
104000047,291,894,-603
104000048,939,1569,-630
104000049,128,263,-135
104000050,91,400,-309
104000051,52,587,-535
104000052,362,945,-583
104000053,287,382,-95
104000054,213,604,-391
104000055,2539,1859,680
104000056,941,90,851
104000057,45,454,-409
104000058,340,597,-257
104000059,174,736,-562
104000060,177,668,-491
104000061,435,921,-486
104000062,28,31,-3
104000064,401,154,247
104000065,35,207,-172
104000069,1088,362,726
104000070,30,225,-195
104000071,77,309,-232
104000072,93,33,60
104000075,30,98,-68
104000076,126,42,84
104000082,993,1203,-210
104000083,345,94,251
104000084,103,397,-294
104000085,82,92,-10
104000086,133,459,-326
104000087,156,324,-168
104000090,355,1289,-934
104000092,263,2147,-1884
104000094,340,1717,-1377
104000095,832,1025,-193
104000096,352,378,-26
104000097,375,460,-85
104000098,271,712,-441
104000100,255,434,-179
104000101,653,1238,-585
104000106,102,258,-156
104000107,215,382,-167
104000108,160,395,-235
104000109,94,18,76
104000110,639,596,43
104000111,3305,742,2563
104000112,1589,351,1238
104000116,4,1363,-1359
104000117,11,788,-777
104000118,93,180,-87
104000119,98,163,-65
104000120,10,773,-763
104000121,108,459,-351
104000122,321,540,-219
104000123,539,640,-101
104000124,1399,1628,-229
104000125,4419,1822,2597
104000126,155,365,-210
104000127,1223,2470,-1247
104000128,277,311,-34
104000129,329,25,304
104000130,10,143,-133
104000131,983,633,350
104000132,442,962,-520
104000133,668,511,157
104000134,523,862,-339
104000135,249,554,-305
104000136,665,1157,-492
104000137,1402,125,1277
104000138,1008,193,815
104000139,9020,1954,7066
104000141,1013,1483,-470
104000142,366,894,-528
104000143,241,825,-584
104000144,18,84,-66
104000145,105,85,20
104000146,418,493,-75
104000147,77,298,-221
104000148,58,51,7
104000149,113,399,-286
104000150,181,190,-9
104000151,182,839,-657
104000152,219,1082,-863
104000153,59,173,-114
104000154,940,776,164
104000155,79,242,-163
104000157,785,1510,-725
104000158,121,189,-68
104000159,226,264,-38
104000160,1179,814,365
104000161,122,63,59
104000162,14,62,-48
104000165,537,416,121
104000167,123,223,-100
104000168,122,2,120
104000169,0,0,0
104000170,1002,184,818
104000248,3,525,-522
104000251,25,322,-297
104000272,0,2,-2
104000273,3,0,3
104000274,1,0,1
104000275,0,0,0
104000279,547,382,165
104000290,28,245,-217
104000291,471,478,-7
104000293,308,492,-184
104000294,0,0,0
104000295,236,549,-313
104000296,134,459,-325
104000297,583,1114,-531
104000298,1157,547,610
104000299,281,875,-594
104900001,11,85,-74
104900002,15,26,-11
104900003,13,360,-347
104900004,22,372,-350
104900005,38,97,-59
104900006,44,36,8
104900007,77,135,-58
104900009,20,363,-343
104900010,2,1,1
104900011,1,0,1
104900012,12,0,12
104900013,19,0,19
104900014,2201,149,2052
104900015,20,1,19
104900016,38,302,-264
104900017,13,145,-132
104900018,0,184,-184
104900019,74,225,-151
104900020,11,178,-167
104900021,0,0,0
104900022,2,92,-90
104900023,0,0,0
104900024,10,61,-51
104900025,29,290,-261
104900026,0,0,0
104900027,42,27,15
104900028,14,94,-80
104900029,0,0,0
104900030,61,24,37
104900031,100,150,-50
104900032,21,70,-49
104900033,0,0,0
104900034,58,27,31
104900035,22,12,10
104900036,23,7,16
104900037,16,154,-138
104900038,231,142,89
104900039,0,0,0
104900040,26,58,-32
104900041,0,0,0
104900042,33,233,-200
104900043,0,0,0
104900044,67,39,28
104900045,0,0,0
104900046,13,41,-28
104900047,25,21,4
104900048,11,18,-7
104900049,0,0,0
104900050,24,26,-2
104900051,8,9,-1
104900052,0,0,0
104900053,41,5,36
104900054,37,3,34
104900055,0,0,0
104900056,9,2,7
104900057,39,1,38
104900058,80,41,39
104900059,0,0,0
104900060,4,292,-288
104900061,141,501,-360
104900063,0,87,-87
104900064,0,83,-83
104900065,0,77,-77
104900066,1,143,-142
104900067,1,148,-147
104900068,0,174,-174
104900070,26,276,-250
104900071,4,699,-695
104900072,13,165,-152
104900073,5,114,-109
104900074,11,170,-159
104900075,4,23,-19
104900076,48,447,-399
104900077,500,23,477
104900078,72,706,-634
104900079,57,72,-15
104900080,12,393,-381
104900082,1,71,-70
104900085,0,105,-105
104900087,53,0,53
104900089,0,0,0
104900090,81,59,22
104900091,185,595,-410
104900093,83,287,-204
104900097,2056,569,1487
104900098,17,13,4
104900099,41,232,-191
104900100,551,112,439
104900102,18,187,-169
104900103,277,44,233
104900104,1559,324,1235
104900106,12,105,-93
104900107,10,292,-282
104900108,8,139,-131
104900109,9,52,-43
104900110,4,23,-19
104900111,45,63,-18
104900112,91,608,-517
104900113,194,244,-50
104900114,66,579,-513
104900115,156,356,-200
104900116,30,278,-248
104900118,2,51,-49
104900119,0,20,-20
104900120,0,0,0
104900121,0,0,0
104900122,0,0,0
104900123,0,0,0
104900124,0,0,0
104900125,65,4,61
104900126,35,35,0
104900127,5,0,5
104900128,1,22,-21
104900129,1326,277,1049
105000001,1289,1478,-189
105000002,855,1222,-367
105000003,1197,2682,-1485
105000004,215,722,-507
105000005,352,875,-523
105000006,478,832,-354
105000007,300,741,-441
105000008,337,915,-578
105000009,480,1098,-618
105000010,1928,2082,-154
105000011,831,781,50
105000012,2745,2956,-211
105000013,364,415,-51
105000014,511,903,-392
105000015,4562,2028,2534
105000016,2538,1235,1303
105000017,771,755,16
105000018,644,594,50
105000019,745,604,141
105000020,104,216,-112
105000021,213,104,109
105000022,37,35,2
105000023,196,90,106
105000028,57,145,-88
105000029,191,502,-311
105000030,2732,3007,-275
105000033,661,2112,-1451
105000034,45,283,-238
105000037,405,475,-70
105000038,474,491,-17
105000039,2822,2108,714
105000040,118,277,-159
105000041,418,1535,-1117
105000042,884,416,468
105000043,1772,2559,-787
105000044,111,133,-22
105000045,169,887,-718
105000046,167,220,-53
105000047,292,1532,-1240
105000048,115,91,24
105000049,230,686,-456
105000050,56,22,34
105000051,105,456,-351
105000052,112,715,-603
105000053,69,181,-112
105000054,85,693,-608
105000055,132,327,-195
105000056,363,1988,-1625
105000057,456,877,-421
105000058,729,1048,-319
105000059,98,250,-152
105000060,177,438,-261
105000061,70,233,-163
105000062,314,977,-663
105000063,115,593,-478
105000064,188,390,-202
105000065,135,936,-801
105000066,437,1845,-1408
105000067,215,282,-67
105000068,343,715,-372
105000069,1826,279,1547
105000070,460,447,13
105000071,31,98,-67
105000072,253,228,25
105000073,370,246,124
105000074,443,811,-368
105000075,281,535,-254
105000076,557,944,-387
105000077,1105,607,498
105000078,775,638,137
105000079,947,1178,-231
105000080,688,626,62
105000081,546,533,13
105000082,167,294,-127
105000083,356,469,-113
105000084,254,888,-634
105000085,493,484,9
105000086,243,750,-507
105000087,1810,1399,411
105000088,564,498,66
105000089,2503,2431,72
105000090,858,949,-91
105000091,1589,2335,-746
105000092,336,1256,-920
105000093,228,135,93
105000094,109,105,4
105000095,41,324,-283
105000096,341,330,11
105000097,511,506,5
105000098,152,205,-53
105000099,286,792,-506
105000100,617,834,-217
105000101,1066,1831,-765
105000102,720,1054,-334
105000103,691,1844,-1153
105000104,439,654,-215
105000105,390,1386,-996
105000106,441,1188,-747
105000107,236,565,-329
105000108,437,1054,-617
105000109,534,1382,-848
105000110,238,519,-281
105000111,161,416,-255
105000112,445,573,-128
105000113,123,299,-176
105000114,2477,629,1848
105000115,138,345,-207
105000116,114,167,-53
105000117,380,1151,-771
105000118,60,208,-148
105000119,214,903,-689
105000120,112,318,-206
105000121,355,870,-515
105000122,115,209,-94
105000123,472,1012,-540
105000124,365,558,-193
105000125,247,1376,-1129
105000126,854,1856,-1002
105000127,1124,1439,-315
105000128,132,942,-810
105000129,191,212,-21
105000130,38,287,-249
105000131,232,246,-14
105000132,265,173,92
105000133,153,908,-755
105000134,119,205,-86
105000135,168,526,-358
105000136,33,257,-224
105000137,20,23,-3
105000138,137,350,-213
105000139,597,1049,-452
105000140,28,123,-95
105000141,70,559,-489
105000142,16,160,-144
105000143,113,549,-436
105000144,160,484,-324
105000145,95,252,-157
105000146,170,490,-320
105000147,57,58,-1
105000148,154,83,71
105000149,180,161,19
105000150,1135,1153,-18
105000151,135,217,-82
105000152,48,544,-496
105000153,234,319,-85
105000154,207,749,-542
105000155,64,324,-260
105000156,354,757,-403
105000157,639,1564,-925
105000158,787,579,208
105000159,259,1189,-930
105000160,572,442,130
105000161,375,1847,-1472
105000162,142,614,-472
105000163,699,852,-153
105000164,152,212,-60
105000165,962,1440,-478
105000166,5791,179,5612
105000167,2026,753,1273
105000168,38,734,-696
105000169,108,466,-358
105000170,30,740,-710
105000171,671,251,420
105000172,0,2,-2
105000173,0,0,0
105000174,3,0,3
105000175,60,141,-81
105000176,28,30,-2
105000177,27,84,-57
105000178,32,220,-188
105000179,83,54,29
105000180,29,84,-55
105000181,21,130,-109
105000182,33,49,-16
105000183,2122,623,1499
105000184,768,705,63
105000185,272,187,85
105000186,179,1198,-1019
105000187,128,80,48
105000188,43,38,5
105000189,45,602,-557
105000190,25,36,-11
105000191,153,419,-266
105000192,33,53,-20
105000193,39,131,-92
105000194,53,45,8
105000195,153,986,-833
105000196,19,33,-14
105000197,89,586,-497
105000198,350,178,172
105000199,94,78,16
105000200,55,222,-167
105000201,29,16,13
105000203,3,229,-226
105000204,42,86,-44
105000205,54,164,-110
105000207,492,193,299
105000208,0,0,0
105000209,127,352,-225
105000212,272,1105,-833
105000213,108,112,-4
105000214,22,149,-127
105000215,13,129,-116
105000216,31,371,-340
105000217,50,397,-347
105000218,178,546,-368
105000221,49,206,-157
105000222,12,22,-10
105000223,34,104,-70
105000226,3,121,-118
105000227,3,74,-71
105000228,81,548,-467
105000229,33,89,-56
105000231,0,0,0
105000233,228,307,-79
105000234,391,1046,-655
105000235,96,266,-170
105000237,156,11,145
105000243,9,167,-158
105000248,77,37,40
105000262,96,1432,-1336
105000269,24,88,-64
105000270,76,165,-89
105000271,0,262,-262
105000282,40,28,12
105000287,221,100,121
105000288,110,260,-150
105000289,395,396,-1
105000290,0,0,0
105000402,3832,1182,2650
105000426,176,309,-133
105000438,296,300,-4
105000446,9170,3016,6154
105000447,5861,1806,4055
105000454,98,753,-655
105000455,64,131,-67
105000474,0,0,0
105000477,40,217,-177
105000478,446,584,-138
105000479,67,119,-52
105000480,840,809,31
105000481,855,956,-101
105000482,2849,2010,839
105000483,420,630,-210
105000484,1320,1932,-612
105000485,733,1048,-315
105000486,1880,1902,-22
105000488,1869,1786,83
105000489,191,460,-269
105000549,7,18,-11
105000550,217,750,-533
105000551,9,58,-49
105000552,3033,1497,1536
105900001,0,505,-505
105900002,1211,177,1034
105900003,1,32,-31
105900004,301,94,207
105900005,1,143,-142
105900006,3,21,-18
105900007,8,13,-5
105900008,20,640,-620
105900009,3,14,-11
105900011,19,53,-34
105900012,108,189,-81
105900013,0,16,-16
105900014,1,66,-65
105900015,69,258,-189
105900016,46,620,-574
105900017,252,57,195
105900018,156,187,-31
105900019,13,659,-646
105900020,9,38,-29
105900021,8,422,-414
105900022,121,236,-115
105900023,1,126,-125
105900024,9,223,-214
105900025,11,33,-22
105900026,129,23,106
105900027,2933,887,2046
105900028,10,108,-98
105900029,1613,279,1334
105900030,50,215,-165
105900031,204,189,15
105900032,16,94,-78
105900033,23,98,-75
105900034,31,192,-161
105900035,45,114,-69
105900036,7,104,-97
105900037,49,42,7
105900038,67,151,-84
105900039,16,122,-106
105900040,9,96,-87
105900041,105,245,-140
105900042,16,59,-43
105900043,1126,72,1054
105900044,1,62,-61
105900045,2,290,-288
105900046,3,94,-91
105900047,7,12,-5
105900048,8,317,-309
105900050,185,445,-260
105900051,4,903,-899
105900052,56,4,52
105900053,2808,389,2419
105900054,179,161,18
105900056,619,53,566
105900057,16,153,-137
105900058,1,18,-17
105900059,0,3,-3
106000001,1209,473,736
106000002,1502,2203,-701
106000003,1713,902,811
106000004,1657,1543,114
106000005,1191,1987,-796
106000006,4021,3337,684
106000007,296,250,46
106000008,217,316,-99
106000009,226,213,13
106000010,313,378,-65
106000011,266,458,-192
106000012,390,1295,-905
106000013,736,1027,-291
106000014,1230,1391,-161
106000015,478,630,-152
106000016,633,1907,-1274
106000017,407,481,-74
106000018,293,624,-331
106000019,124,324,-200
106000020,90,403,-313
106000021,203,292,-89
106000022,149,337,-188
106000023,245,199,46
106000024,243,708,-465
106000025,110,119,-9
106000026,113,315,-202
106000027,166,313,-147
106000028,286,840,-554
106000029,495,1470,-975
106000030,743,181,562
106000034,218,431,-213
106000035,190,394,-204
106000036,203,248,-45
106000037,803,989,-186
106000038,182,71,111
106000039,86,36,50
106000040,93,513,-420
106000041,333,218,115
106000043,185,47,138
106000046,185,26,159
106000047,18,228,-210
106000049,116,44,72
106000050,158,702,-544
106000051,96,144,-48
106000052,38,589,-551
106000053,0,0,0
106000054,223,359,-136
106000055,106,260,-154
106000056,221,501,-280
106000057,0,0,0
106000058,67,217,-150
106000059,53,82,-29
106000060,427,609,-182
106000061,39,170,-131
106000062,137,603,-466
106000063,91,203,-112
106000064,57,428,-371
106000065,38,62,-24
106000066,63,312,-249
106000067,30,44,-14
106000068,13,511,-498
106000069,26,70,-44
106000070,102,661,-559
106000071,84,146,-62
106000072,2680,773,1907
106000073,966,766,200
106000074,119,374,-255
106000075,115,533,-418
106000076,470,911,-441
106000077,1183,659,524
106000078,179,549,-370
106000079,176,746,-570
106000080,321,620,-299
106000081,160,656,-496
106000082,1121,615,506
106000083,101,632,-531
106000084,171,377,-206
106000085,617,696,-79
106000086,167,345,-178
106000087,196,310,-114
106000088,86,506,-420
106000089,159,324,-165
106000090,74,491,-417
106000091,161,412,-251
106000092,99,124,-25
106000093,44,28,16
106000094,74,342,-268
106000095,81,945,-864
106000096,138,534,-396
106000097,151,1253,-1102
106000098,131,725,-594
106000099,28,803,-775
106000100,146,212,-66
106000101,162,180,-18
106000102,45,407,-362
106000103,132,548,-416
106000104,234,175,59
106000105,166,843,-677
106000106,176,215,-39
106000107,47,351,-304
106000108,64,194,-130
106000109,26,301,-275
106000110,77,208,-131
106000111,53,465,-412
106000112,53,188,-135
106000113,804,490,314
106000114,313,202,111
106000115,95,455,-360
106000116,101,162,-61
106000117,554,729,-175
106000118,439,524,-85
106000119,2033,851,1182
106000120,512,243,269
106000121,60,99,-39
106000122,20,176,-156
106000123,74,204,-130
106000124,14,286,-272
106000125,6,268,-262
106000126,40,167,-127
106000127,141,725,-584
106000128,102,163,-61
106000129,162,660,-498
106000130,136,171,-35
106000131,35,462,-427
106000132,286,95,191
106000133,3204,548,2656
106000134,187,195,-8
106000135,102,654,-552
106000136,136,92,44
106000137,32,1131,-1099
106000138,120,32,88
106000139,0,0,0
106000140,13,80,-67
106000141,12,145,-133
106000142,1,0,1
106000143,10,118,-108
106000144,0,0,0
106000145,67,356,-289
106000146,0,0,0
106000147,175,277,-102
106000148,351,488,-137
106000149,192,234,-42
106000150,220,934,-714
106000151,2733,454,2279
106000152,956,411,545
106000153,46,510,-464
106000154,964,157,807
106000155,25,54,-29
106000156,187,196,-9
106000157,303,1311,-1008
106000158,1993,338,1655
106000159,3764,862,2902
106000160,65,613,-548
106000161,848,482,366
106000162,60,259,-199
106000163,94,472,-378
106000164,63,159,-96
106000165,52,617,-565
106000166,97,169,-72
106000167,123,1344,-1221
106000168,52,159,-107
106000169,45,709,-664
106000170,84,164,-80
106000171,36,636,-600
106000172,863,554,309
106000173,283,1923,-1640
106000174,100,209,-109
106000175,80,904,-824
106000176,299,323,-24
106000177,280,1651,-1371
106000178,998,671,327
106000179,575,1503,-928
106000180,397,1579,-1182
106000181,156,1618,-1462
106000182,136,417,-281
106000183,168,824,-656
106000184,451,765,-314
106000185,426,630,-204
106000186,349,111,238
106000187,93,475,-382
106000188,1,0,1
106000189,0,34,-34
106000190,0,0,0
106000191,170,138,32
106000192,0,31,-31
106000193,133,75,58
106000194,67,237,-170
106000195,124,42,82
106000196,35,164,-129
106000197,124,246,-122
106000198,50,236,-186
106000199,531,253,278
106000200,334,67,267
106000201,225,553,-328
106000202,5697,282,5415
106000203,146,173,-27
106000204,2,1,1
106000205,8,167,-159
106000206,7,3,4
106000207,30,748,-718
106000208,90,11,79
106000209,134,95,39
106000210,121,1323,-1202
106000211,243,1339,-1096
106000212,73,42,31
106000213,409,706,-297
106000214,875,152,723
106000215,92,297,-205
106000216,151,167,-16
106000217,97,328,-231
106000218,127,167,-40
106000219,40,207,-167
106000220,142,142,0
106000221,32,266,-234
106000222,11,86,-75
106000223,23,69,-46
106000224,52,303,-251
106000225,19,31,-12
106000226,91,270,-179
106000228,15,110,-95
106000229,23,645,-622
106000231,185,62,123
106000232,18,341,-323
106000233,63,70,-7
106000234,12,157,-145
106000235,54,22,32
106000236,28,32,-4
106000237,0,3,-3
106000238,2,1,1
106000239,1,35,-34
106000240,7,0,7
106000241,6,480,-474
106000242,22,2,20
106000249,0,0,0
106000250,13,238,-225
106000251,20,21,-1
106000252,10,129,-119
106000253,5,49,-44
106000254,14,66,-52
106000255,4,62,-58
106000256,31,91,-60
106000257,27,275,-248
106000258,21,4,17
106000259,0,12,-12
106000260,4,1,3
106000261,0,45,-45
106000262,3,2,1
106000263,0,33,-33
106000264,30,0,30
106000265,3,85,-82
106000266,45,8,37
106000267,6,84,-78
106000268,145,6,139
106000269,21,50,-29
106000270,80,297,-217
106000271,40,85,-45
106000272,44,44,0
106000273,5,62,-57
106000274,118,36,82
106000275,45,117,-72
106000276,51,49,2
106000277,80,96,-16
106000278,125,25,100
106000279,6,75,-69
106000280,16,145,-129
106000281,60,59,1
106000282,23,40,-17
106000283,45,87,-42
106000284,18,91,-73
106000285,47,104,-57
106000286,20,112,-92
106000287,38,97,-59
106000288,34,131,-97
106000289,22,97,-75
106000290,29,139,-110
106000291,28,66,-38
106000292,38,154,-116
106000293,49,70,-21
106000294,50,84,-34
106000295,10,24,-14
106000296,44,81,-37
106000297,82,104,-22
106000298,102,38,64
106000299,35,66,-31
106000300,18,66,-48
106000301,73,89,-16
106000303,3,27,-24
106000304,11,27,-16
106000305,12,36,-24
106000306,20,70,-50
106000307,8,5,3
106000308,25,181,-156
106000309,9,74,-65
106000310,97,352,-255
106000311,111,74,37
106000312,29,147,-118
106000313,32,175,-143
106000318,107,135,-28
106000319,91,9,82
106000320,3,31,-28
106000321,161,40,121
106000322,25,206,-181
106000324,5,107,-102
106000325,408,436,-28
106000326,413,1529,-1116
106000327,18,95,-77
106000328,0,66,-66
106000329,20,200,-180
106000330,15,41,-26
106000428,29,148,-119
106000429,32,324,-292
106000430,145,1094,-949
106000431,242,155,87
106000432,590,1767,-1177
106000433,458,261,197
106000434,749,260,489
106000435,1478,1797,-319
106000436,15,355,-340
106000437,50,8,42
106000438,141,33,108
106000439,82,389,-307
106000440,103,398,-295
106000441,0,0,0
106000442,14,4,10
106000443,52,515,-463
106000450,3,146,-143
106000451,3,4,-1
106000454,2,23,-21
106000455,4,91,-87
106000456,25,9,16
106000457,4,978,-974
106000458,83,24,59
106000459,20,403,-383
106000460,124,12,112
106000461,11,1898,-1887
106000462,0,6,-6
106000463,1,6,-5
106000464,3,499,-496
106000465,44,0,44
106000466,1,594,-593
106000467,316,332,-16
106000468,14,155,-141
106000469,45,3,42
106000470,147,637,-490
106000471,6,479,-473
106000472,16,1,15
106000473,14,36,-22
106000474,181,690,-509
106000475,73,96,-23
106000476,164,106,58
106000477,12,45,-33
106900001,0,3,-3
106900002,3,486,-483
106900003,108,475,-367
106900004,2,21,-19
106900006,0,5,-5
106900007,0,3,-3
106900008,55,151,-96
106900009,25,212,-187
106900010,31,200,-169
106900012,694,314,380
106900013,47,4,43
106900014,3,0,3
106900015,0,0,0
106900016,12,0,12
106900017,0,0,0
106900018,0,0,0
106900019,4,0,4
106900020,1908,219,1689
106900021,2,12,-10
106900022,22,0,22
106900023,0,209,-209
106900024,65,3,62
106900025,34,522,-488
106900026,1,854,-853
106900027,78,0,78
107000001,521,850,-329
107000002,1666,2831,-1165
107000003,1485,2791,-1306
107000004,3726,5174,-1448
107000005,627,1519,-892
107000006,2159,5928,-3769
107000007,2500,2104,396
107000008,16967,10572,6395
107000009,1916,2221,-305
107000010,7821,10774,-2953
107000011,726,1024,-298
107000012,2402,2697,-295
107000013,20,200,-180
107000014,15,224,-209
107000015,155,829,-674
107000016,165,1136,-971
107000017,1187,648,539
107000018,7,249,-242
107000020,480,178,302
107000021,612,1070,-458
107000022,288,1736,-1448
107000023,885,355,530
107000024,202,2190,-1988
107000025,61,251,-190
107000026,47,612,-565
107000027,593,512,81
107000028,741,1088,-347
107000029,541,801,-260
107000030,2178,2269,-91
107000031,680,894,-214
107000032,75,205,-130
107000033,2924,3095,-171
107000034,5285,1639,3646
107000035,169,89,80
107000036,223,661,-438
107000037,47,313,-266
107000038,177,212,-35
107000039,162,218,-56
107000040,80,307,-227
107000041,703,323,380
107000042,321,1025,-704
107000043,1682,350,1332
107000044,414,428,-14
107000045,47,230,-183
107000046,162,185,-23
107000047,154,682,-528
107000048,128,198,-70
107000049,175,496,-321
107000050,224,299,-75
107000051,358,202,156
107000052,464,332,132
107000053,97,36,61
107000054,28,215,-187
107000055,12,13,-1
107000056,287,623,-336
107000057,1126,176,950
107000058,434,618,-184
107000059,1126,2194,-1068
107000060,945,2096,-1151
107000061,3147,3220,-73
107000062,786,1183,-397
107000063,1999,4794,-2795
107000064,805,881,-76
107000065,2004,5230,-3226
107000066,663,750,-87
107000067,400,491,-91
107000068,742,273,469
107000069,171,241,-70
107000070,47,17,30
107000071,364,8,356
107000072,27,3110,-3083
107000073,73,53,20
107000074,104,744,-640
107000075,228,44,184
107000076,539,1711,-1172
107000077,575,94,481
107000078,704,2792,-2088
107000079,363,152,211
107000080,606,2776,-2170
107000081,247,224,23
107000082,182,2553,-2371
107000083,158,97,61
107000084,189,2603,-2414
107000085,1348,1814,-466
107000086,2217,1876,341
107000087,1238,1365,-127
107000088,1362,2215,-853
107000089,625,943,-318
107000090,567,717,-150
107000091,368,605,-237
107000092,233,837,-604
107000093,287,557,-270
107000094,347,933,-586
107000095,97,79,18
107000096,367,832,-465
107000097,36,95,-59
107000098,136,525,-389
107000099,83,127,-44
107000100,186,230,-44
107000101,15,51,-36
107000102,224,249,-25
107000103,92,70,22
107000104,128,246,-118
107000105,95,65,30
107000106,112,252,-140
107000107,84,55,29
107000108,83,716,-633
107000109,0,0,0
107000110,36,451,-415
107000111,0,0,0
107000112,16,362,-346
107000113,2,0,2
107000114,35,613,-578
107000115,1,1,0
107000116,54,920,-866
107000117,1,7,-6
107000118,49,211,-162
107000119,1001,205,796
107000120,1987,302,1685
107000121,122,308,-186
107000122,404,652,-248
107000123,108,458,-350
107000124,168,659,-491
107000125,147,501,-354
107000126,321,1133,-812
107000129,84,412,-328
107000130,39,208,-169
107000131,169,442,-273
107000132,88,163,-75
107000133,80,100,-20
107000134,34,2,32
107000135,0,190,-190
107000136,103,0,103
107000137,4,321,-317
107000138,129,7,122
107000139,7,270,-263
107000140,256,13,243
107000141,74,759,-685
107000142,110,16,94
107000143,14,735,-721
107000144,127,69,58
107000145,57,422,-365
107000146,98,57,41
107000147,2085,507,1578
107000150,668,792,-124
107000151,23,17,6
107000152,206,233,-27
107000153,187,154,33
107000154,24,54,-30
107000155,236,7,229
107000156,405,6,399
107000157,8,2743,-2735
107000158,101,3,98
107000159,22,1478,-1456
107000160,163,52,111
107000161,24,1783,-1759
107000162,59,96,-37
107000163,8,2,6
107000164,38,0,38
107000165,129,2,127
107000166,31,1208,-1177
107000167,188,179,9
107000168,298,105,193
107000169,688,972,-284
107000170,294,262,32
107000171,274,2980,-2706
107000172,196,285,-89
107000173,427,1079,-652
107000174,440,953,-513
107000175,10149,1460,8689
107000176,0,0,0
107000177,0,0,0
107000178,2,21,-19
107000179,212,3052,-2840
107000180,400,706,-306
107000181,123,1268,-1145
107000182,282,502,-220
107000183,73,878,-805
107000184,149,419,-270
107000185,82,1134,-1052
107000186,114,181,-67
107000187,534,697,-163
107000188,228,244,-16
107000189,154,582,-428
107000190,169,471,-302
107000191,168,429,-261
107000192,523,730,-207
107000193,117,203,-86
107000194,401,563,-162
107000197,88,98,-10
107000198,128,778,-650
107000199,460,621,-161
107000200,705,279,426
107000201,145,253,-108
107000202,130,292,-162
107000203,545,398,147
107000204,633,355,278
107000205,2148,1041,1107
107000206,617,321,296
107000207,340,442,-102
107000208,717,141,576
107000209,1635,311,1324
107000210,1480,166,1314
107000211,9,13,-4
107000212,12,206,-194
107000213,30,8,22
107000214,10,107,-97
107000215,119,408,-289
107000216,60,409,-349
107000217,42,144,-102
107000219,26,98,-72
107000220,47,319,-272
107000222,143,638,-495
107000224,131,19,112
107000225,84,889,-805
107000226,62,46,16
107000227,61,682,-621
107000228,51,114,-63
107000229,122,67,55
107000230,925,375,550
107000231,154,171,-17
107000232,43,48,-5
107000233,162,215,-53
107000234,0,2,-2
107000235,0,3,-3
107000236,13,306,-293
107000237,0,0,0
107000238,0,2,-2
107000239,5498,245,5253
107000240,44,1144,-1100
107000241,66,22,44
107000242,492,35,457
107000243,0,46,-46
107000244,5,89,-84
107000246,2,1032,-1030
107000249,2,742,-740
107000251,3,297,-294
107000252,3,1383,-1380
107000255,500,71,429
107000257,3,609,-606
107000258,0,138,-138
107000259,4,257,-253
107000260,55,8,47
107000262,8,888,-880
107000263,47,2,45
107000266,1,0,1
107000267,58,170,-112
107000268,91,172,-81
107000269,57,34,23
107000270,0,13,-13
107000271,3,1119,-1116
107000272,6,373,-367
107000273,1,216,-215
107000274,207,155,52
107000275,20,512,-492
107000280,123,5,118
107000281,15,1174,-1159
107000282,6,1683,-1677
107000290,0,50,-50
107000291,2,3,-1
107000292,0,49,-49
107000293,25,2,23
107000294,0,49,-49
107000295,11,3,8
107000296,0,5,-5
107000444,64,2,62
107000496,0,9,-9
107000497,687,3103,-2416
107000500,181,203,-22
107000501,34,121,-87
107000502,38,291,-253
107000505,403,560,-157
107000506,0,8,-8
107000508,1,704,-703
107000509,94,96,-2
107000510,2,8,-6
107000514,2,243,-241
107000515,4,262,-258
107000516,53,77,-24
107000518,122,99,23
107000519,2644,998,1646
107000520,17,3,14
107900001,11,307,-296
107900002,62,0,62
107900003,41,2,39
107900004,11,0,11
107900005,153,2,151
107900006,6,0,6
107900007,68,6,62
107900008,38,31,7
107900009,62,1,61
107900010,6,1,5
107900012,24,0,24
107900013,83,48,35
107900014,2,1,1
107900015,135,3,132
107900016,218,82,136
107900017,3,1,2
107900018,14,13,1
107900019,6,68,-62
107900020,47,8,39
107900021,4,132,-128
107900023,1,1,0
107900024,0,7,-7
107900025,134,339,-205
107900026,11,116,-105
107900027,5,62,-57
107900028,14,94,-80
107900030,59,2,57
107900031,27,207,-180
107900032,0,0,0
107900033,0,1,-1
107900034,54,2,52
107900035,152,5,147
107900036,21,3,18
107900037,0,8,-8
107900038,94,47,47
107900039,2,67,-65
107900040,68,14,54
107900041,0,0,0
107900043,7,116,-109
107900044,1,3,-2
107900045,18,8,10
107900046,23,14,9
107900047,2,32,-30
107900048,29,1,28
107900049,182,185,-3
107900050,57,244,-187
107900051,25,65,-40
107900052,3,0,3
107900053,11,77,-66
107900055,95,63,32
107900056,21,5,16
107900057,0,0,0
107900058,16,700,-684
107900060,1,22,-21
107900061,12,1,11
107900063,19,58,-39
107900064,182,12,170
107900065,25,8,17
107900066,1,4,-3
107900067,0,0,0
107900068,58,172,-114
107900069,14,165,-151
107900070,9,10,-1
107900071,19,926,-907
107900072,6,160,-154
107900073,9,96,-87
107900074,706,48,658
107900076,30,55,-25
107900077,10,1,9
107900078,103,2,101
107900079,1,10,-9
107900080,105,81,24
107900081,2,39,-37
107900082,29,9,20
107900083,84,69,15
107900084,13,40,-27
107900086,15,46,-31
107900087,208,28,180
107900088,1,2,-1
107900089,235,619,-384
107900090,232,254,-22
107900091,46,372,-326
107900092,1947,420,1527
107900093,21,23,-2
107900095,2275,674,1601
107900097,8,26,-18
107900098,19,24,-5
107900100,680,175,505
107900101,701,76,625
107900102,1,2,-1
107900103,36,169,-133
107900104,28,1,27
107900105,0,375,-375
107900106,4,1599,-1595
107900107,1415,67,1348
107900108,214,39,175
107900109,151,5,146
107900110,2,92,-90
107900111,8,1358,-1350
107900112,58,134,-76
107900113,18,61,-43
107900114,24,226,-202
107900115,22,44,-22
107900116,28,183,-155
107900117,125,304,-179
107900118,24,118,-94
107900119,29,35,-6
107900120,9,8,1
107900121,0,120,-120
107900122,1,28,-27
107900123,0,24,-24
107900124,3,27,-24
107900125,14,160,-146
107900126,1,18,-17
107900127,460,41,419
107900128,68,20,48
107900129,3,40,-37
107900130,4,13,-9
107900131,64,9,55
107900132,43,366,-323
107900133,3,35,-32
107900134,11,11,0
107900135,1,145,-144
107900136,32,15,17
107900137,56,43,13
107900138,4,21,-17
107900139,3,12,-9
107900140,55,46,9
107900141,22,10,12
107900142,37,811,-774
107900143,15,37,-22
107900144,1,112,-111
107900145,5,61,-56
107900146,15,75,-60
107900147,10,9,1
107900148,80,159,-79
107900149,1750,54,1696
107900150,52,534,-482
107900151,3,125,-122
107900152,7,260,-253
107900153,48,121,-73
107900154,13,0,13
107900155,8,23,-15
107900156,2,316,-314
107900157,26,66,-40
107900158,114,9,105
107900159,17,943,-926
107900160,19,194,-175
107900161,2,258,-256
107900162,2,209,-207
107900163,67,14,53
107900164,1,24,-23
107900165,2,25,-23
107900166,3,267,-264
107900167,2,0,2
107900168,7,47,-40
107900169,0,202,-202
107900171,9,1469,-1460
107900172,0,262,-262
107900173,2,216,-214
107900174,6,4,2
107900175,0,1,-1
107900176,3,26,-23
107900177,1,230,-229
107900178,0,249,-249
107900179,2,112,-110
107900180,1061,95,966
107900181,206,358,-152
107900182,7,1376,-1369
107900183,4,425,-421
107900184,4,236,-232
107900185,15,5,10
107900186,6,25,-19
107900187,0,137,-137
107900188,562,43,519
107900189,5,104,-99
107900190,126,8,118
107900191,5,117,-112
107900193,1,18,-17
107900194,40,1,39
107900195,3872,330,3542
107900196,13,41,-28
107900197,145,57,88
107900199,11,1198,-1187
107900201,33,110,-77
107900203,14,44,-30
107900204,226,164,62
107900205,75,448,-373
107900206,176,108,68
107900207,2,636,-634
107900208,3,810,-807
107900209,231,72,159
107900210,72,102,-30
107900213,100,242,-142
107900214,0,167,-167
107900215,106,273,-167
107900216,10,25,-15
107900217,7,41,-34
107900218,18,1542,-1524
107900219,3,137,-134
107900220,79,59,20
107900221,165,276,-111
107900223,10,430,-420
107900224,116,238,-122
107900225,4,675,-671
107900226,16,130,-114
107900227,55,434,-379
107900228,7,91,-84
107900229,1,114,-113
107900230,3,137,-134
107900231,3,139,-136
107900232,13,289,-276
107900233,0,128,-128
107900234,25,147,-122
107900235,38,75,-37
107900236,8,101,-93
107900237,53,132,-79
107900238,8,67,-59
107900239,1099,309,790
107900240,0,149,-149
107900241,6,112,-106
107900242,7,329,-322
107900243,3,27,-24
107900244,51,0,51
107900245,46,7,39
107900246,12,8,4
107900248,78,475,-397
107900249,90,1,89
107900250,2,542,-540
107900251,7,1142,-1135
107900252,77,2,75
107900253,15,1,14
107900254,16,41,-25
107900255,305,27,278
107900256,144,534,-390
107900257,27,36,-9
107900258,36,193,-157
107900259,63,286,-223
107900261,0,452,-452
107900262,24,48,-24
107900264,37,1,36
107900265,29,160,-131
107900267,24,10,14
107900268,29,2,27
107900269,0,5,-5
107900270,0,0,0
107900271,0,1,-1
107900272,7,0,7
107900273,21,67,-46
107900274,20,2,18
107900275,19,0,19
107900276,0,63,-63
107900277,1,200,-199
107900278,55,311,-256
107900279,137,32,105
107900280,1580,622,958
107900281,2443,426,2017
107900282,14,64,-50
107900283,1249,217,1032
107900284,67,665,-598
107900285,24,126,-102
107900286,38,48,-10
107900287,19,38,-19
107900290,1,25,-24
107900291,135,1,134
107900292,46,203,-157
107900293,17,358,-341
107900295,10,103,-93
107900297,4,238,-234
107900298,356,656,-300
107900299,2919,521,2398
107900300,18,168,-150
107900301,153,138,15
107900302,16,3,13
107900303,20,239,-219
107900304,27,365,-338
107900305,67,2,65
107900306,10,1,9
107900307,16,266,-250
107900308,91,15,76
107900309,1,0,1
107900310,0,0,0
107900311,50,31,19
107900312,0,0,0
107900313,0,21,-21
107900314,0,30,-30
107900315,2,25,-23
107900316,3,0,3
107900317,16,2,14
107900318,1,54,-53
107900319,2,258,-256
107900320,0,194,-194
107900321,8,1,7
107900322,3,232,-229
107900323,1,148,-147
107900324,35,0,35
107900325,23,0,23
107900326,28,372,-344
107900327,0,0,0
107900328,0,0,0
107900329,0,0,0
107900330,4,578,-574
107900331,16,7,9
107900332,26,21,5
107900333,15,2,13
107900334,7,203,-196
107900335,25,40,-15
107900336,2,26,-24
107900337,979,161,818
107900338,2,112,-110
107900339,0,23,-23
107900340,0,32,-32
107900341,0,0,0
107900342,24,91,-67
107900343,8,0,8
107900344,2,133,-131
107900345,16,11,5
107900346,8,0,8
107900347,4,0,4
107900348,1,2,-1
107900349,11,2,9
107900350,35,266,-231
108000001,1033,1121,-88
108000002,1723,2981,-1258
108000003,1355,700,655
108000004,14218,12194,2024
108000005,1555,1159,396
108000006,2753,4829,-2076
108000007,1419,1416,3
108000008,2540,4641,-2101
108000009,753,1582,-829
108000010,1228,4372,-3144
108000011,4077,3438,639
108000012,13810,12750,1060
108000014,121,300,-179
108000015,116,178,-62
108000016,89,565,-476
108000017,78,162,-84
108000018,202,226,-24
108000019,232,303,-71
108000020,160,145,15
108000021,279,1345,-1066
108000022,359,1334,-975
108000023,428,63,365
108000024,52,489,-437
108000025,65,162,-97
108000026,53,459,-406
108000027,85,403,-318
108000028,29,233,-204
108000029,69,557,-488
108000030,15,141,-126
108000031,48,534,-486
108000032,267,156,111
108000033,282,1008,-726
108000034,274,188,86
108000035,483,2152,-1669
108000036,157,1325,-1168
108000037,430,122,308
108000038,429,114,315
108000039,175,2292,-2117
108000040,349,147,202
108000041,373,2227,-1854
108000042,9,182,-173
108000043,53,303,-250
108000044,17,104,-87
108000045,43,727,-684
108000046,180,133,47
108000047,186,982,-796
108000048,64,433,-369
108000049,67,41,26
108000050,53,358,-305
108000051,31,19,12
108000052,187,545,-358
108000053,41,32,9
108000054,265,604,-339
108000055,227,151,76
108000056,534,850,-316
108000057,137,297,-160
108000058,669,872,-203
108000059,2408,1144,1264
108000060,15,185,-170
108000061,123,288,-165
108000062,145,206,-61
108000063,120,740,-620
108000064,43,139,-96
108000065,177,550,-373
108000066,574,269,305
108000067,399,190,209
108000068,124,120,4
108000069,81,962,-881
108000070,248,204,44
108000071,239,1563,-1324
108000072,258,293,-35
108000073,680,1601,-921
108000074,69,105,-36
108000075,113,697,-584
108000076,176,147,29
108000077,335,879,-544
108000078,678,556,122
108000079,806,1646,-840
108000080,182,266,-84
108000081,227,2507,-2280
108000082,767,1189,-422
108000083,529,298,231
108000084,187,942,-755
108000085,85,95,-10
108000086,567,625,-58
108000087,81,469,-388
108000088,24,1,23
108000089,133,164,-31
108000090,55,20,35
108000091,42,428,-386
108000092,28,16,12
108000093,51,725,-674
108000094,76,39,37
108000095,78,471,-393
108000096,34,27,7
108000097,36,477,-441
108000098,117,493,-376
108000099,3,0,3
108000100,5,8,-3
108000101,115,174,-59
108000102,319,630,-311
108000106,183,1,182
108000107,3,578,-575
108000108,189,18,171
108000109,4,676,-672
108000110,27,156,-129
108000111,66,523,-457
108000112,39,30,9
108000113,337,269,68
108000115,274,218,56
108000117,521,162,359
108000118,69,83,-14
108000119,297,322,-25
108000120,7,284,-277
108000121,64,424,-360
108000122,62,187,-125
108000123,81,204,-123
108000124,56,581,-525
108000125,53,321,-268
108000126,43,590,-547
108000127,41,344,-303
108000128,108,791,-683
108000129,73,1542,-1469
108000130,41,300,-259
108000131,188,82,106
108000132,633,814,-181
108000133,205,218,-13
108000134,381,852,-471
108000135,201,164,37
108000136,597,1165,-568
108000137,120,348,-228
108000138,128,961,-833
108000139,27,260,-233
108000140,45,26,19
108000141,8,203,-195
108000142,23,138,-115
108000143,22,21,1
108000144,8,7,1
108000145,12,19,-7
108000146,20,5,15
108000147,27,45,-18
108000148,10,1,9
108000149,6,26,-20
108000150,20,5,15
108000151,8,8,0
108000152,36,565,-529
108000153,45,33,12
108000154,11,7,4
108000155,6,11,-5
108000156,236,58,178
108000157,37,197,-160
108000158,38,188,-150
108000159,423,117,306
108000160,4016,341,3675
108000161,3906,646,3260
108000165,1,84,-83
108000172,4,48,-44
108000173,2330,794,1536
108000175,20,42,-22
108000178,339,391,-52
108000179,130,259,-129
108000181,30,31,-1
108000182,71,4,67
108000183,6,9,-3
108000184,696,662,34
108000185,34,734,-700
108000186,38,44,-6
108000187,38,794,-756
108000188,108,191,-83
108000189,120,347,-227
108000190,16,88,-72
108000192,23,601,-578
108000193,522,38,484
108000194,0,0,0
108000195,2,1047,-1045
108000196,8,39,-31
108000198,144,351,-207
108000199,0,73,-73
108000200,89,647,-558
108000202,2,170,-168
108000203,18,985,-967
108000204,71,16,55
108000205,435,484,-49
108000339,883,211,672
108000364,75,107,-32
108000365,19,296,-277
108000367,60,204,-144
108000368,5,46,-41
108000369,1711,80,1631
108000371,4,449,-445
108000372,83,0,83
108000373,0,2,-2
108000376,82,4,78
108000377,123,337,-214
108000378,4825,2770,2055
108000379,15,94,-79
108000381,6,4,2
108000382,16,0,16
108000383,1,88,-87
108900001,131,919,-788
108900002,132,34,98
108900003,263,775,-512
108900004,336,107,229
108900005,7,72,-65
108900006,243,150,93
108900007,35,115,-80
108900008,10,113,-103
108900009,13,67,-54
108900010,24,126,-102
108900011,54,238,-184
108900012,79,471,-392
108900013,18,227,-209
108900014,1,41,-40
108900015,0,12,-12
108900016,1,147,-146
108900017,76,103,-27
108900018,34,539,-505
108900019,8,1112,-1104
108900020,7,271,-264
108900021,41,240,-199
108900022,22,4,18
108900023,1,13,-12
108900024,1,119,-118
108900025,6,61,-55
108900026,20,29,-9
108900027,1,145,-144
108900028,10,433,-423
108900029,14,164,-150
108900030,1,126,-125
108900031,14,625,-611
108900032,0,219,-219
108900033,0,72,-72
108900034,1,277,-276
108900035,107,2018,-1911
108900036,144,336,-192
108900037,22,395,-373
108900038,0,349,-349
108900039,0,575,-575
108900040,1,110,-109
108900041,4652,758,3894
108900042,2,183,-181
108900043,29,426,-397
108900044,1,796,-795
108900045,16,537,-521
108900046,34,882,-848
108900047,0,37,-37
108900048,28,757,-729
108900049,4419,347,4072
108900050,2,247,-245
108900051,1,197,-196
108900052,3,304,-301
108900053,48,53,-5
108900054,13,183,-170
108900055,46,425,-379
108900056,0,165,-165
108900057,1,225,-224
108900058,5,528,-523
108900059,101,12,89
108900060,53,48,5
108900061,36,22,14
108900062,2,363,-361
108900063,4,449,-445
108900064,20,57,-37
108900065,5,292,-287
108900066,69,83,-14
108900067,21,246,-225
108900068,1,162,-161
108900069,5,140,-135
108900070,25,164,-139
108900071,37,27,10
108900072,1782,90,1692
108900073,4,85,-81
108900074,11,526,-515
108900075,33,88,-55
108900076,44,44,0
108900077,73,114,-41
108900078,3,203,-200
108900079,577,202,375
108900080,11,126,-115
108900081,28,209,-181
108900082,20,96,-76
108900083,3,55,-52
108900084,315,63,252
108900085,1415,85,1330
108900086,18,299,-281
108900087,97,172,-75
108900088,186,90,96
108900089,2,23,-21
108900090,2,400,-398
108900091,77,58,19
108900092,73,110,-37
108900093,21,3,18
108900094,70,47,23
108900095,36,546,-510
108900096,344,12,332
108900097,73,171,-98
108900098,2401,61,2340
108900099,77,294,-217
108900100,19,81,-62
108900101,50,21,29
108900102,104,210,-106
108900103,7,39,-32
108900104,201,194,7
108900105,0,165,-165
108900106,101,575,-474
108900108,24,28,-4
108900109,2,6,-4
108900110,46,412,-366
108900111,42,634,-592
108900112,24,5,19
108900113,17,7,10
108900114,0,1,-1
108900115,4,15,-11
108900116,3,1,2
108900117,8,5,3
108900118,60,1,59
108900119,48,33,15
108900120,8,42,-34
108900121,50,5,45
108900122,11,19,-8
108900123,11,9,2
108900124,67,38,29
108900125,56,3,53
108900126,21,4,17
108900127,27,9,18
108900128,18,1,17
108900129,107,27,80
108900130,20,0,20
108900131,78,3,75
108900132,71,42,29
108900133,36,33,3
108900134,22,116,-94
108900135,8,1,7
108900136,4,0,4
108900137,18,0,18
108900138,112,2,110
108900139,36,34,2
108900140,22,156,-134
108900141,21,0,21
108900142,22,1,21
108900143,3,0,3
108900144,5,0,5
108900145,8,0,8
108900146,5,0,5
108900147,38,0,38
108900148,29,19,10
108900149,235,219,16
108900150,127,5,122
108900151,9,2,7
108900152,13,30,-17
108900153,10,504,-494
108900154,938,95,843
108900155,30,23,7
108900156,25,5,20
108900157,7,588,-581
108900158,38,33,5
108900159,7,269,-262
108900160,0,174,-174
108900161,9,413,-404
108900162,6,0,6
108900163,2,58,-56
108900164,11,71,-60
108900165,82,39,43
108900167,1189,611,578
108900168,9413,931,8482
108900169,9,37,-28
108900171,5523,590,4933
108900172,45,6,39
108900173,158,207,-49
108900174,124,211,-87
108900176,59,557,-498
108900177,7743,744,6999
108900178,4582,639,3943
108900179,156,296,-140
108900180,12,51,-39
108900182,4,70,-66
108900183,59,175,-116
108900184,66,82,-16
108900185,17,210,-193
108900186,8,196,-188
108900187,40,33,7
108900188,51,34,17
108900189,65,86,-21
108900190,6,2548,-2542
108900191,58,3,55
108900192,21,251,-230
108900193,39,21,18
108900194,8,318,-310
108900195,15,295,-280
108900196,11,514,-503
108900198,0,492,-492
108900199,35,249,-214
108900200,159,245,-86
108900201,105,688,-583
108900203,104,13,91
108900204,76,1,75
108900205,44,2,42
108900206,59,2,57
108900207,33,4,29
108900208,22,320,-298
108900209,100,534,-434
108900210,62,167,-105
108900211,29,106,-77
108900212,348,265,83
108900215,52,477,-425
108900216,197,66,131
108900217,15,0,15
108900218,27,0,27
108900219,9,0,9
108900220,16,4,12
108900221,18,22,-4
108900222,41,0,41
108900223,2,25,-23
108900224,17,60,-43
108900225,0,108,-108
108900226,39,1,38
108900227,28,24,4
108900230,356,272,84
108900231,25,214,-189
108900232,3,391,-388
108900233,61,10,51
108900234,68,16,52
108900235,138,503,-365
108900236,15,284,-269
108900237,12,194,-182
108900240,10,54,-44
108900241,4,17,-13
108900245,1,163,-162
108900249,24,6,18
108900250,42,80,-38
108900257,12,455,-443
108900258,9,204,-195
108900259,8,49,-41
108900260,2,143,-141
108900261,65,117,-52
108900262,320,65,255
108900263,28,277,-249
108900264,147,145,2
108900265,1172,126,1046
108900266,752,73,679
108900267,0,14,-14
108900268,1,1,0
108900269,1,4,-3
108900270,5,1,4
108900271,14,14,0
108900272,29,0,29
108900273,662,161,501
108900274,8,26,-18
109000001,1468,419,1049
109000002,3620,1081,2539
109000003,725,316,409
109000004,350,2531,-2181
109000005,485,422,63
109000006,441,1808,-1367
109000007,303,308,-5
109000008,233,1672,-1439
109000009,1062,527,535
109000010,1018,3290,-2272
109000011,521,668,-147
109000012,900,3775,-2875
109000013,832,561,271
109000014,884,3328,-2444
109000015,1178,1130,48
109000016,8620,3687,4933
109000017,609,479,130
109000018,546,3053,-2507
109000019,622,473,149
109000020,821,1993,-1172
109000023,14,3,11
109000024,3,104,-101
109000025,255,139,116
109000026,392,226,166
109000027,29,155,-126
109000028,33,93,-60
109000029,99,63,36
109000030,32,389,-357
109000031,0,0,0
109000032,25,421,-396
109000033,55,5,50
109000034,28,22,6
109000035,4,3,1
109000036,44,287,-243
109000037,49,330,-281
109000038,488,292,196
109000039,330,163,167
109000040,3778,1132,2646
109000041,5431,657,4774
109000042,587,577,10
109000044,28,45,-17
109000045,23,424,-401
109000046,19,40,-21
109000047,10,376,-366
109000048,94,33,61
109000049,119,479,-360
109000050,57,34,23
109000051,116,287,-171
109000052,174,1703,-1529
109000053,43,29,14
109000054,36,617,-581
109000055,67,98,-31
109000056,95,562,-467
109000057,86,94,-8
109000058,464,185,279
109000059,209,648,-439
109000060,173,30,143
109000061,1243,286,957
109000062,49,68,-19
109000063,141,245,-104
109000064,34,72,-38
109000065,38,373,-335
109000066,68,74,-6
109000067,24,351,-327
109000068,7,0,7
109000069,14,1,13
109000070,5,637,-632
109000071,130,63,67
109000072,62,336,-274
109000073,15,65,-50
109000074,32,200,-168
109000075,10,358,-348
109000076,23,106,-83
109000077,138,220,-82
109000078,12,63,-51
109000079,13,181,-168
109000080,20,96,-76
109000081,9,429,-420
109000082,62,279,-217
109000083,44,756,-712
109000088,66,330,-264
109000089,75,9,66
109000090,167,458,-291
109000091,90,31,59
109000092,183,619,-436
109000093,106,34,72
109000094,69,5,64
109000095,43,741,-698
109000096,131,24,107
109000097,48,68,-20
109000098,4,10,-6
109000099,132,248,-116
109000100,53,373,-320
109000101,206,568,-362
109000102,114,745,-631
109000103,101,499,-398
109000104,290,324,-34
109000105,164,1436,-1272
109000106,338,279,59
109000107,207,1554,-1347
109000108,258,274,-16
109000109,278,1621,-1343
109000110,268,205,63
109000111,553,2008,-1455
109000112,112,126,-14
109000113,75,124,-49
109000114,19,231,-212
109000115,389,35,354
109000116,1,161,-160
109000117,38,67,-29
109000118,1,286,-285
109000119,143,188,-45
109000120,24,1218,-1194
109000121,22,38,-16
109000122,30,1326,-1296
109000123,10,70,-60
109000124,150,269,-119
109000125,116,227,-111
109000126,109,963,-854
109000127,132,102,30
109000128,138,2440,-2302
109000129,408,83,325
109000130,280,2499,-2219
109000131,188,80,108
109000132,371,1416,-1045
109000133,109,649,-540
109000134,272,1177,-905
109000135,429,952,-523
109000136,141,387,-246
109000137,56,163,-107
109000138,105,518,-413
109000139,127,293,-166
109000140,49,425,-376
109000141,107,323,-216
109000142,51,483,-432
109000143,25,32,-7
109000145,41,63,-22
109000146,26,46,-20
109000148,3654,432,3222
109000149,20,8,12
109000150,24,108,-84
109000155,137,378,-241
109000156,612,726,-114
109000158,13,175,-162
109000159,23,416,-393
109000160,176,272,-96
109000161,87,1029,-942
109000162,807,915,-108
109000163,315,1063,-748
109000164,407,1846,-1439
109000165,397,526,-129
109000166,180,135,45
109000167,67,758,-691
109000170,20,32,-12
109000171,23,46,-23
109000172,17,23,-6
109000173,6,27,-21
109000174,23,48,-25
109000175,9,91,-82
109000176,95,391,-296
109000177,14,71,-57
109000178,60,69,-9
109000179,6737,1114,5623
109000180,4365,1651,2714
109000181,2,48,-46
109000182,7,51,-44
109000183,6,33,-27
109000184,19,13,6
109000185,5,55,-50
109000188,130,2438,-2308
109000189,437,641,-204
109000190,173,448,-275
109000191,39,327,-288
109000192,60,217,-157
109000193,66,375,-309
109000194,20,95,-75
109000195,24,383,-359
109000196,56,78,-22
109000197,35,491,-456
109000198,33,26,7
109000199,64,424,-360
109000206,66,53,13
109000207,31,38,-7
109000208,54,27,27
109000209,57,32,25
109000210,175,316,-141
109000211,76,164,-88
109000214,94,568,-474
109000215,16,19,-3
109000216,24,35,-11
109000217,74,25,49
109000218,127,51,76
109000221,117,944,-827
109000222,147,14,133
109000223,111,159,-48
109000224,34,338,-304
109000225,23,47,-24
109000226,17,252,-235
109000227,200,1278,-1078
109000228,0,233,-233
109000231,2,428,-426
109000232,51,481,-430
109000236,86,670,-584
109000241,490,1272,-782
109000242,311,706,-395
109000293,6,12,-6
109000361,27,142,-115
109000364,87,533,-446
109000396,4,883,-879
109000397,106,6,100
109000399,84,375,-291
109000400,33,326,-293
109000403,17,131,-114
109000406,2,3,-1
109000407,101,257,-156
109000408,2,357,-355
109000410,341,142,199
109000411,21,22,-1
109900001,6,0,6
109900002,159,5,154
109900003,47,0,47
109900004,216,194,22
109900005,6,0,6
109900006,40,219,-179
109900007,96,946,-850
109900008,0,24,-24
109900009,40,1048,-1008
109900010,117,2,115
109900011,22,11,11
109900012,41,58,-17
109900013,103,46,57
109900014,65,33,32
109900015,64,39,25
109900016,23,64,-41
109900017,15,30,-15
109900018,39,120,-81
109900019,30,70,-40
109900020,1,10,-9
109900021,7,2,5
109900022,26,341,-315
109900023,7,1,6
109900024,6,1,5
109900025,9,68,-59
109900026,3,134,-131
109900027,26,1,25
109900028,2159,198,1961
109900029,4,540,-536
109900030,6,0,6
109900031,0,65,-65
109900032,2,251,-249
109900033,1,355,-354
109900034,6,0,6
109900035,3,19,-16
109900036,32,71,-39
109900037,7,426,-419
109900038,9,168,-159
109900039,1,0,1
109900040,11,694,-683
109900041,35,418,-383
109900042,7,460,-453
109900044,101,243,-142
109900045,15,22,-7
109900046,8,36,-28
109900047,245,182,63
109900048,15,48,-33
109900049,2,23,-21
109900050,1,247,-246
109900051,1,19,-18
109900052,12,221,-209
109900053,9,469,-460
109900054,88,41,47
109900055,12,211,-199
109900056,9,31,-22
109900057,5,202,-197
109900058,2,97,-95
109900059,100,31,69
109900060,82,93,-11
109900061,70,240,-170
109900062,0,219,-219
109900063,4,144,-140
109900064,42,136,-94
109900065,83,92,-9
109900066,131,915,-784
109900067,1,428,-427
109900068,6,0,6
109900069,0,19,-19
109900070,64,215,-151
109900071,0,26,-26
109900072,15,105,-90
109900073,34,620,-586
109900074,2,53,-51
109900075,2,13,-11
109900076,3,247,-244
109900077,10,69,-59
109900078,16,229,-213
109900080,74,292,-218
109900081,4,60,-56
109900082,22,445,-423
109900083,7,34,-27
109900084,5,116,-111
109900085,66,992,-926
109900086,26,55,-29
109900087,67,219,-152
109900089,87,43,44
109900090,298,843,-545
109900091,32,21,11
109900092,101,2,99
109900093,146,52,94
109900094,10,73,-63
109900095,39,136,-97
109900096,3,0,3
109900097,6,1,5
109900098,35,3,32
109900099,10,0,10
109900100,4,0,4
109900101,35,1,34
109900102,118,12,106
109900103,3,28,-25
109900104,52,1098,-1046
109900105,109,10,99
109900106,47,54,-7
109900107,94,37,57
109900108,26,830,-804
109900109,13,348,-335
109900110,14,439,-425
109900111,96,847,-751
109900112,98,789,-691
109900113,102,141,-39
109900114,299,65,234
109900115,22,30,-8
109900117,140,47,93
109900118,119,306,-187
109900119,252,169,83
109900120,8,0,8
109900121,117,62,55
109900122,26,2,24
109900123,3,157,-154
109900124,14,816,-802
109900125,0,201,-201
109900126,18,136,-118
109900128,34,43,-9
109900130,9160,396,8764
109900131,26,71,-45
109900132,18,101,-83
109900133,15,325,-310
109900134,13,7,6
109900135,229,18,211
109900136,15,75,-60
109900137,10,300,-290
109900138,49,186,-137
109900140,54,339,-285
109900142,135,142,-7
109900145,0,57,-57
109900146,110,11,99
109900148,8,57,-49
109900149,27,16,11
109900150,2,34,-32
109900151,5,27,-22
109900152,1,13,-12
109900153,0,30,-30
109900154,6,0,6
109900155,4,4,0
109900157,29,185,-156
109900158,45,52,-7
109900159,34,7,27
109900160,38,23,15
109900161,37,29,8
109900162,64,20,44
109900163,533,197,336
109900164,21,162,-141
109900165,47,1,46
109900166,0,175,-175
109900167,35,548,-513
109900168,24,443,-419
109900169,24,90,-66
109900170,137,166,-29
109900171,27,39,-12
109900172,45,83,-38
109900173,3216,416,2800
109900174,14,112,-98
109900175,13,82,-69
109900176,40,171,-131
109900177,6,316,-310
109900178,0,86,-86
109900179,2,3,-1
109900180,3,6,-3
110000001,260,394,-134
110000002,212,265,-53
110000003,632,551,81
110000004,295,298,-3
110000005,676,654,22
110000006,404,276,128
110000007,46,127,-81
110000008,0,47,-47
110000009,6,41,-35
110000010,5,59,-54
110000011,20,69,-49
110000012,511,327,184
110000013,8,226,-218
110000014,478,265,213
110000015,330,290,40
110000016,197,430,-233
110000017,3806,264,3542
110000018,3506,445,3061
110000019,3,151,-148
110000020,356,175,181
110000021,250,221,29
110000022,345,79,266
110000023,1,153,-152
110000024,502,309,193
110000025,48,3,45
110000026,6,544,-538
110000027,269,129,140
110000028,359,447,-88
110000029,202,804,-602
110000030,98,180,-82
110000031,79,534,-455
110000032,314,224,90
110000033,54,101,-47
110000034,111,690,-579
110000035,128,1030,-902
110000036,155,603,-448
110000037,42,759,-717
110000038,121,403,-282
110000039,168,552,-384
110000040,213,530,-317
110000041,29,115,-86
110000042,62,415,-353
110000043,77,20,57
110000044,9,66,-57
110000045,33,26,7
110000046,4,6,-2
110000047,0,2,-2
110000048,5,7,-2
110000049,0,0,0
110000050,3,5,-2
110000051,0,2,-2
110000052,20,33,-13
110000053,3,0,3
110000054,69,134,-65
110000055,26,2,24
110000056,15,38,-23
110000057,127,750,-623
110000058,310,501,-191
110000059,295,478,-183
110000060,200,369,-169
110000061,760,850,-90
110000062,389,414,-25
110000063,14,46,-32
110000064,43,142,-99
110000065,32,70,-38
110000066,9,32,-23
110000067,45,296,-251
110000068,49,505,-456
110000069,50,83,-33
110000071,23,89,-66
110000073,0,25,-25
110000075,1,76,-75
110000076,111,111,0
110000077,271,238,33
110000078,8,41,-33
110000080,116,394,-278
110000081,7,186,-179
110000082,22,135,-113
110000083,154,402,-248
110000084,227,223,4
110000085,2536,859,1677
110000086,770,464,306
110000087,1,40,-39
110000088,15,149,-134
110000089,22,153,-131
110000090,34,160,-126
110000091,1429,254,1175
110000092,9,103,-94
110000093,11,1,10
110000094,278,162,116
110000095,27,216,-189
110000096,3515,1103,2412
110000097,533,422,111
110000098,550,178,372
110000099,548,946,-398
110000100,86,703,-617
110000101,9,543,-534
110000102,17,25,-8
110000104,58,42,16
110000105,14,213,-199
110000106,164,54,110
110000107,235,289,-54
110000108,37,32,5
110000109,158,306,-148
110000110,3033,1371,1662
110000111,8280,1121,7159
110000112,872,201,671
110000113,635,327,308
110000114,52,189,-137
110000115,43,193,-150
110000116,10,24,-14
110000117,46,514,-468
110000118,153,240,-87
110000119,84,357,-273
110000120,126,116,10
110000121,34,206,-172
110000122,140,383,-243
110000123,154,211,-57
110000124,0,691,-691
110000125,384,1,383
110000126,68,3,65
110000127,170,11,159
110000128,15,1602,-1587
110000129,2,462,-460
110000130,49,45,4
110000131,58,254,-196
110000132,2,607,-605
110000133,32,163,-131
110000134,20,197,-177
110000135,72,29,43
110000136,10,248,-238
110000137,103,587,-484
110000138,188,798,-610
110000139,225,1247,-1022
110000140,347,124,223
110000143,313,205,108
110000144,2040,427,1613
110000145,534,324,210
110000146,1511,410,1101
110000147,92,510,-418
110000148,47,138,-91
110000151,463,338,125
110000152,352,207,145
110000153,18,45,-27
110000154,17,3,14
110000155,948,994,-46
110000156,425,601,-176
110000157,1321,860,461
110000160,204,321,-117
110000161,56,448,-392
110000166,63,76,-13
110000167,193,234,-41
110000168,264,129,135
110000169,91,141,-50
110000170,28,35,-7
110000171,149,150,-1
110000172,65,565,-500
110000173,582,835,-253
110000174,86,1112,-1026
110000175,85,44,41
110000176,21,92,-71
110000177,34,401,-367
110000178,399,407,-8
110000179,923,218,705
110000180,64,266,-202
110000181,131,250,-119
110000182,275,182,93
110000183,9433,2245,7188
110000184,296,925,-629
110000185,534,509,25
110000186,421,373,48
110000191,157,357,-200
110000192,95,1,94
110000193,115,1,114
110000194,6,1266,-1260
110000195,52,353,-301
110000196,86,491,-405
110000197,21,177,-156
110000198,33,57,-24
110000199,28,97,-69
110000200,1031,704,327
110000201,224,304,-80
110000202,343,214,129
110000203,254,830,-576
110000204,3,287,-284
110000205,18,68,-50
110000206,326,1627,-1301
110000207,144,178,-34
110000208,25,84,-59
110000209,63,703,-640
110000210,3,6,-3
110000211,0,3,-3
110000212,76,492,-416
110000213,19,39,-20
110000214,39,58,-19
110000215,18,649,-631
110000216,24,624,-600
110000217,74,157,-83
110000218,38,486,-448
110000219,73,35,38
110000220,10,397,-387
110000221,96,45,51
110000222,5,287,-282
110000223,4,19,-15
110000224,36,5,31
110000225,119,342,-223
110000226,5,11,-6
110000227,295,258,37
110000228,48,28,20
110000229,1,206,-205
110000230,128,421,-293
110000231,44,105,-61
110000232,36,150,-114
110000233,28,126,-98
110000234,209,326,-117
110000235,453,515,-62
110000236,113,805,-692
110000237,502,694,-192
110000238,380,754,-374
110000239,551,979,-428
110000240,1,117,-116
110000242,0,36,-36
110000243,34,202,-168
110000244,62,195,-133
110000245,13,259,-246
110000246,196,422,-226
110000247,825,2980,-2155
110000248,1263,1096,167
110000249,47,3,44
110000250,4,203,-199
110000251,44,471,-427
110000252,64,250,-186
110000253,416,252,164
110000254,312,1229,-917
110000255,140,1129,-989
110000256,190,86,104
110000257,204,291,-87
110000258,3,405,-402
110000259,31,21,10
110000260,11,439,-428
110000263,258,116,142
110000264,68,522,-454
110000265,538,690,-152
110000266,880,1129,-249
110000267,4,187,-183
110000268,58,390,-332
110000269,1,77,-76
110000270,1,1,0
110000271,964,133,831
110000272,328,643,-315
110000273,1035,924,111
110000274,184,500,-316
110000275,2649,360,2289
110000276,48,168,-120
110000277,53,208,-155
110000278,175,696,-521
110000279,126,461,-335
110000280,75,323,-248
110000281,4,122,-118
110000282,28,35,-7
110000283,3,18,-15
110000284,13,14,-1
110000285,0,160,-160
110000286,0,0,0
110000287,10,1,9
110000288,0,78,-78
110000289,245,724,-479
110000290,1144,390,754
110000291,5125,956,4169
110000292,967,1595,-628
110000293,175,875,-700
110000294,231,454,-223
110000295,39,687,-648
110000296,96,232,-136
110000297,1223,214,1009
110000298,133,346,-213
110000299,182,8,174
110000301,64,5,59
110000302,70,1124,-1054
110000303,107,1,106
110000304,72,236,-164
110000305,179,9,170
110000306,80,2144,-2064
110000307,340,4,336
110000308,82,4,78
110000309,7,1542,-1535
110000310,151,27,124
110000311,15,1002,-987
110000312,218,27,191
110000313,1761,1178,583
110000314,0,182,-182
110000315,1741,1111,630
110000316,335,783,-448
110000317,330,305,25
110000318,0,66,-66
110000319,7,12,-5
110000320,8,62,-54
110000321,3,25,-22
110000322,87,582,-495
110000323,93,321,-228
110000324,4794,929,3865
110000325,365,792,-427
110000327,157,178,-21
110000328,95,467,-372
110000333,151,148,3
110000334,234,1164,-930
110000335,300,401,-101
110000336,141,1237,-1096
110000337,220,292,-72
110000338,31,277,-246
110000339,25,207,-182
110000340,17,158,-141
110000341,87,530,-443
110000342,62,0,62
110000343,0,17,-17
110000344,10,123,-113
110000345,24,43,-19
110000346,1455,838,617
110000347,551,383,168
110000348,3,24,-21
110000349,1,8,-7
110000350,5,0,5
110000351,160,526,-366
110000352,171,1115,-944
110000353,1877,526,1351
110000354,463,1115,-652
110000355,29,63,-34
110000356,0,0,0
110000357,148,20,128
110000361,26,61,-35
110000362,16,82,-66
110000363,81,108,-27
110000364,49,254,-205
110000365,41,1,40
110000366,0,67,-67
110000367,153,217,-64
110000368,0,42,-42
110000369,6,1,5
110000373,6,252,-246
110000374,7,4,3
110000375,39,481,-442
110000376,30,121,-91
110000377,0,0,0
110000378,28,227,-199
110000379,2570,626,1944
110000380,7,9,-2
110000383,1,324,-323
110000384,617,85,532
110000385,0,231,-231
110000387,0,4,-4
110000388,12,230,-218
110000389,92,8,84
110000391,3,307,-304
110000396,15,146,-131
110000397,23,178,-155
110000398,7,19,-12
110000399,5,0,5
110000587,18,47,-29
110000589,50,99,-49
110000640,76,72,4
110000652,3,90,-87
110000653,46,370,-324
110000654,1,15,-14
110000656,1,491,-490
110000674,6,5,1
110000675,2,8,-6
110000676,0,28,-28
110000679,540,211,329
110000682,28,25,3
110000683,280,304,-24
110000684,2,48,-46
110000685,0,0,0
110000686,2,18,-16
110000687,1,0,1
110000688,19,178,-159
110000689,15,74,-59
110000692,46,237,-191
110000693,68,118,-50
110000694,2,97,-95
110000695,58,700,-642
110000696,89,112,-23
110900001,47,4,43
110900002,14,209,-195
110900003,77,902,-825
110900004,43,306,-263
110900005,3994,572,3422
110900006,12,0,12
110900007,3,5,-2
110900008,24,29,-5
110900009,50,21,29
110900010,2,59,-57
110900011,3,69,-66
110900012,4,116,-112
110900013,261,96,165
110900014,16,7,9
110900015,433,66,367
110900016,1,188,-187
110900017,63,46,17
110900018,109,16,93
110900019,14,7,7
110900020,9,519,-510
110900021,27,613,-586
110900022,40,395,-355
110900023,42,535,-493
110900024,15,519,-504
110900025,7,51,-44
110900027,12,251,-239
110900028,16,146,-130
110900029,39,467,-428
110900030,10,339,-329
110900031,0,169,-169
110900032,2,97,-95
110900033,25,272,-247
110900035,19,347,-328
110900036,11,15,-4
110900037,8,15,-7
110900038,1021,140,881
110900039,11,181,-170
110900040,76,14,62
110900041,0,140,-140
110900042,24,65,-41
110900043,0,177,-177
110900044,174,26,148
110900045,20,742,-722
110900046,114,268,-154
110900047,500,42,458
110900049,31,10,21
110900050,2,0,2
110900051,20,152,-132
110900052,2,175,-173
110900053,24,70,-46
110900054,7,284,-277
110900055,5,0,5
110900056,24,105,-81
110900057,0,206,-206
110900058,34,284,-250
110900059,266,829,-563
110900060,103,42,61
110900061,18,29,-11
110900062,31,332,-301
110900063,9,58,-49
110900064,0,0,0
110900065,331,67,264
110900066,1,53,-52
110900067,608,238,370
110900068,140,215,-75
110900069,1,17,-16
110900070,69,30,39
110900071,158,98,60
110900073,0,29,-29
110900074,81,38,43
110900075,63,39,24
110900077,119,180,-61
110900078,2,130,-128
110900079,1401,212,1189
110900080,18,43,-25
110900081,1,118,-117
110900082,11,137,-126
110900083,23,18,5
110900084,5,203,-198
110900085,32,287,-255
110900086,29,62,-33
110900087,52,64,-12
110900088,0,0,0
110900090,17,14,3
110900091,1,55,-54
110900093,68,15,53
110900095,7,72,-65
110900097,3,10,-7
110900098,9,96,-87
110900099,41,612,-571
110900100,0,15,-15
110900102,2,20,-18
110900105,676,344,332
110900108,1,100,-99
110900111,165,39,126
110900112,107,1,106
110900113,332,21,311
110900115,2,56,-54
110900116,108,2133,-2025
110900118,122,411,-289
110900119,5155,227,4928
110900120,1,90,-89
110900121,42,0,42
110900122,68,61,7
110900125,71,99,-28
110900127,255,288,-33
110900128,73,75,-2
110900129,155,70,85
110900130,650,103,547
110900131,20,63,-43
110900132,69,22,47
110900133,20,258,-238
110900135,78,465,-387
110900136,66,3,63
110900137,5,0,5
110900138,132,429,-297
110900139,0,28,-28
110900140,11,2,9
110900141,1,48,-47
110900142,33,174,-141
110900143,17,40,-23
110900144,6,529,-523
110900145,32,3,29
110900146,151,19,132
110900147,103,146,-43
110900148,0,231,-231
110900149,1,72,-71
110900150,7,5,2
110900151,0,51,-51
110900152,3,298,-295
110900153,10,9,1
111000001,185,119,66
111000002,275,461,-186
111000003,166,102,64
111000004,246,820,-574
111000005,291,249,42
111000006,543,920,-377
111000007,1919,707,1212
111000008,2577,2424,153
111000009,225,650,-425
111000010,256,146,110
111000011,446,717,-271
111000012,370,164,206
111000013,213,848,-635
111000014,354,254,100
111000017,86,314,-228
111000018,86,249,-163
111000020,2048,1483,565
111000021,41,39,2
111000023,31,36,-5
111000025,5456,1104,4352
111000029,18,76,-58
111000030,18,37,-19
111000031,1306,322,984
111000032,184,124,60
111000033,181,51,130
111000034,188,134,54
111000037,2177,809,1368
111000038,1277,1597,-320
111000039,654,1569,-915
111000040,752,1728,-976
111000041,894,820,74
111000042,5656,1771,3885
111000043,357,243,114
111000044,261,62,199
111000045,463,470,-7
111000046,311,480,-169
111000047,553,685,-132
111000049,173,418,-245
111000050,1239,1433,-194
111000051,225,832,-607
111000052,340,1052,-712
111000053,172,895,-723
111000054,174,728,-554
111000055,816,1860,-1044
111000056,51,735,-684
111000057,33,895,-862
111000058,16,86,-70
111000059,71,120,-49
111000060,255,185,70
111000061,135,277,-142
111000062,111,178,-67
111000063,464,414,50
111000064,122,285,-163
111000065,260,384,-124
111000066,57,99,-42
111000067,167,493,-326
111000068,110,490,-380
111000069,1087,1436,-349
111000070,1910,1060,850
111000071,76,568,-492
111000072,32,12,20
111000073,1,45,-44
111000074,279,221,58
111000075,85,151,-66
111000076,49,220,-171
111000077,428,639,-211
111000078,855,940,-85
111000079,751,468,283
111000080,179,385,-206
111000081,1683,1670,13
111000082,279,447,-168
111000084,225,365,-140
111000085,393,980,-587
111000086,1172,634,538
111000087,460,498,-38
111000088,2695,749,1946
111000089,226,628,-402
111000090,805,1049,-244
111000091,279,662,-383
111000092,393,1121,-728
111000093,149,524,-375
111000094,511,584,-73
111000095,213,942,-729
111000096,2218,3376,-1158
111000097,4659,714,3945
111000098,178,1111,-933
111000099,153,2198,-2045
111000100,121,2148,-2027
111000101,256,832,-576
111000102,41,848,-807
111000104,34,74,-40
111000107,14,614,-600
111000109,34,61,-27
111000110,180,118,62
111000111,339,122,217
111000112,298,90,208
111000113,176,107,69
111000114,312,302,10
111000115,5524,480,5044
111000116,417,468,-51
111000117,247,441,-194
111000118,820,635,185
111000119,458,1195,-737
111000120,134,351,-217
111000121,84,274,-190
111000122,179,881,-702
111000123,303,2987,-2684
111000124,180,3332,-3152
111000125,62,2074,-2012
111000126,33,1028,-995
111000127,56,16,40
111000128,101,39,62
111000129,184,51,133
111000130,197,321,-124
111000131,128,277,-149
111000132,77,61,16
111000133,57,106,-49
111000134,62,72,-10
111000135,12,66,-54
111000136,108,115,-7
111000138,3,7,-4
111000140,0,2,-2
111000141,39,238,-199
111000142,5,100,-95
111000143,0,73,-73
111000144,8,91,-83
111000145,0,0,0
111000146,0,0,0
111000147,0,0,0
111000148,26,70,-44
111000149,2,42,-40
111000150,2,9,-7
111000151,5,10,-5
111000153,283,298,-15
111000154,379,148,231
111000155,43,105,-62
111000156,80,83,-3
111000157,29,81,-52
111000158,340,182,158
111000159,1213,262,951
111000160,118,217,-99
111000161,5,138,-133
111000162,5,126,-121
111000163,129,562,-433
111000164,556,1095,-539
111000165,786,285,501
111000166,672,246,426
111000167,116,397,-281
111000168,93,223,-130
111000169,115,213,-98
111000170,225,204,21
111000171,249,726,-477
111000172,62,438,-376
111000173,81,899,-818
111000174,38,490,-452
111000175,17,202,-185
111000176,34,136,-102
111000177,73,285,-212
111000178,141,315,-174
111000179,16,129,-113
111000180,69,174,-105
111000181,212,192,20
111000182,31,97,-66
111000183,48,106,-58
111000184,57,87,-30
111000185,105,382,-277
111000186,52,258,-206
111000187,26,249,-223
111000188,51,312,-261
111000189,1209,454,755
111000190,136,521,-385
111000191,94,432,-338
111000192,96,714,-618
111000193,247,343,-96
111000194,16,360,-344
111000195,21,371,-350
111000196,15,315,-300
111000197,61,60,1
111000198,59,46,13
111000199,18,54,-36
111000200,21,118,-97
111000201,104,98,6
111000202,30,69,-39
111000203,38,76,-38
111000204,106,134,-28
111000213,30,228,-198
111000214,566,1064,-498
111000215,475,1006,-531
111000217,373,512,-139
111000218,277,485,-208
111000219,195,195,0
111000220,2377,388,1989
111000221,397,231,166
111000224,0,221,-221
111000225,53,49,4
111000226,9,0,9
111000227,1,1,0
111000228,12,144,-132
111000229,37,228,-191
111000230,58,357,-299
111000231,110,1192,-1082
111000232,106,710,-604
111000233,162,604,-442
111000234,24,140,-116
111000239,137,206,-69
111000240,20,6,14
111000241,27,415,-388
111000242,4,10,-6
111000243,32,851,-819
111000244,17,17,0
111000245,146,468,-322
111000246,40,536,-496
111000247,64,1114,-1050
111000248,142,308,-166
111000249,225,863,-638
111000250,18,172,-154
111000251,14,130,-116
111000253,0,0,0
111000255,0,0,0
111000257,0,0,0
111000260,25,1216,-1191
111000261,150,26,124
111000271,15,234,-219
111000273,4796,740,4056
111000274,647,1045,-398
111000275,21,21,0
111000276,159,2136,-1977
111000277,111,460,-349
111000278,241,117,124
111000291,143,921,-778
111000298,194,184,10
111000299,103,8,95
111000300,54,488,-434
111000302,99,54,45
111000303,63,232,-169
111000312,23,48,-25
111000315,0,137,-137
111000320,195,501,-306
111000321,83,20,63
111000322,66,405,-339
111000323,27,9,18
111000324,120,175,-55
111000325,11,45,-34
111000326,15,270,-255
111000327,123,305,-182
111000328,111,266,-155
111000329,1,17,-16
111000330,17,5,12
111000331,2,5,-3
111000332,275,813,-538
111000334,187,1202,-1015
111000335,124,53,71
111000337,121,337,-216
111000338,5,115,-110
111000339,80,756,-676
111000340,28,703,-675
111000341,330,76,254
111000342,16,164,-148
111000344,412,408,4
111000345,8,10,-2
111000346,10,80,-70
111000347,21,3,18
111000350,56,31,25
111000351,36,230,-194
111000352,49,37,12
111000353,28,221,-193
111000354,92,37,55
111000355,91,587,-496
111000358,38,1532,-1494
111000360,23,914,-891
111000361,16,377,-361
111000546,85,625,-540
111000547,45,449,-404
111000548,37,154,-117
111000549,55,271,-216
111000550,50,169,-119
111000551,322,66,256
111000552,43,20,23
111000907,22,27,-5
111000908,0,0,0
111000916,174,177,-3
111000917,13,213,-200
111000918,30,1010,-980
111000920,48,2,46
111000921,0,302,-302
111000922,92,334,-242
111000924,7,1044,-1037
111000925,493,733,-240
111000926,411,2200,-1789
111000927,1914,1405,509
111000928,6064,2769,3295
111000929,269,440,-171
111000930,371,1960,-1589
111000931,679,733,-54
111000932,2407,1969,438
111000933,1365,704,661
111000934,1672,2083,-411
111000935,293,524,-231
111000936,341,1766,-1425
111000937,247,589,-342
111000938,956,1964,-1008
111000939,10,0,10
111000940,85,195,-110
111000941,64,367,-303
111000943,60,189,-129
111000944,32,508,-476
111000945,10,1817,-1807
111001109,33,34,-1
111001110,59,694,-635
111001111,11,4,7
111001112,52,21,31
111001113,16,74,-58
111001114,194,21,173
111001115,47,241,-194
111001116,2676,332,2344
111001117,571,372,199
111001120,57,239,-182
111001121,42,304,-262
111001122,125,626,-501
111001123,6,26,-20
111001124,21,189,-168
111900001,1,177,-176
111900002,4,781,-777
111900003,0,429,-429
111900004,19,169,-150
111900006,3,1,2
111900007,8,2,6
111900008,18,1,17
111900009,24,137,-113
111900010,95,441,-346
111900012,79,85,-6
111900013,1,47,-46
111900014,7198,759,6439
111900015,0,56,-56
111900016,1,168,-167
111900017,1,164,-163
111900018,13,1,12
111900019,1,52,-51
111900020,1,34,-33
111900021,7,66,-59
111900022,4,40,-36
111900023,102,37,65
111900024,2,92,-90
111900025,0,30,-30
111900026,2,73,-71
111900027,3,125,-122
111900028,3,413,-410
111900029,0,64,-64
111900030,46,292,-246
111900031,0,58,-58
111900032,3,421,-418
111900033,4,91,-87
111900034,51,277,-226
111900035,3,234,-231
111900036,2,402,-400
111900038,122,279,-157
111900039,36,304,-268
111900040,0,755,-755
111900042,53,58,-5
111900043,0,508,-508
111900044,74,166,-92
111900046,35,229,-194
111900048,30,902,-872
111900049,16,369,-353
111900050,23,9,14
111900051,2,256,-254
111900052,303,598,-295
111900053,1118,118,1000
111900054,53,0,53
111900055,19,754,-735
111900056,89,41,48
111900057,10,30,-20
111900058,49,875,-826
111900059,1201,66,1135
111900060,64,0,64
111900061,5,283,-278
111900062,0,11,-11
111900063,73,194,-121
111900064,79,289,-210
111900065,19,8,11
111900066,5,59,-54
111900067,0,299,-299
111900068,5,13,-8
111900069,10,3,7
111900070,14,59,-45
111900071,1,275,-274
111900072,6,3,3
111900073,121,21,100
111900074,6,174,-168
111900075,29,1,28
111900076,23,5,18
111900077,4,1,3
111900078,37,4,33
111900079,4,1,3
111900080,109,19,90
111900081,654,44,610
111900082,12,2,10
111900083,4,0,4
111900084,3,2,1
111900085,6,4,2
111900086,5,1,4
111900087,12,1,11
111900088,43,1,42
111900089,6,0,6
111900090,54,8,46
111900091,13,0,13
111900092,10,0,10
111900093,24,0,24
111900094,1,0,1
111900095,72,2,70
111900096,29,0,29
111900097,8,0,8
111900098,13,0,13
111900099,10,0,10
111900100,12,1,11
111900101,9,0,9
111900102,38,784,-746
111900103,14,12,2
111900104,20,35,-15
111900105,64,54,10
111900106,1362,27,1335
111900107,23,83,-60
111900108,37,39,-2
111900109,164,88,76
111900110,3552,109,3443
111900111,6,193,-187
111900112,677,344,333
111900113,183,44,139
111900114,193,88,105
111900115,6,36,-30
111900118,36,2,34
111900119,36,18,18
111900122,19,4,15
111900123,4,1,3
111900124,21,80,-59
111900125,41,3,38
111900126,24,0,24
111900127,1,533,-532
111900128,3,464,-461
111900129,33,8,25
111900130,7,1,6
111900131,35,2,33
111900132,21,1038,-1017
111900133,3,331,-328
111900134,8,335,-327
111900135,1,3,-2
111900136,31,42,-11
111900137,25,26,-1
111900138,8,62,-54
111900139,24,160,-136
111900140,11,18,-7
111900141,1,10,-9
111900142,31,5,26
111900143,1,203,-202
111900144,0,150,-150
111900145,7,834,-827
111900146,4,421,-417
111900147,117,590,-473
111900148,31,961,-930
111900149,2,439,-437
111900150,8,192,-184
111900151,3,27,-24
111900152,102,20,82
111900153,1029,57,972
111900154,1,47,-46
111900155,10,16,-6
111900156,3,3,0
111900157,5,2,3
111900158,54,5,49
111900159,13,1,12
111900160,35,0,35
111900161,18,7,11
111900162,52,22,30
111900163,31,106,-75
111900164,16,3,13
111901113,36,292,-256
111901114,19,394,-375
111901115,4,1,3
111901116,4,0,4
111901117,8,2,6
111901118,42,19,23
111901119,1407,84,1323
111901120,85,242,-157
111901121,120,357,-237
111901122,3,602,-599
111901123,18,419,-401
111901124,30,0,30
111901125,30,35,-5
111901126,57,6,51
111901127,794,113,681
111901128,11,98,-87
111901129,1,133,-132
111901130,10,247,-237
111901131,1,212,-211
111901132,3,2,1
111901133,5,1,4
111901134,7,4,3
111901135,3,2,1
111901136,1,1,0
111901137,1,6,-5
111901138,20,69,-49
111901139,6,53,-47
111901140,5,148,-143
111901141,7,198,-191
111901142,3,126,-123
111901143,0,84,-84
111901144,28,9,19
111901145,38,55,-17
111901146,89,3,86
112000001,483,392,91
112000002,556,1883,-1327
112000003,219,411,-192
112000004,310,1502,-1192
112000005,607,581,26
112000006,869,1569,-700
112000007,512,562,-50
112000008,921,1800,-879
112000009,2350,2442,-92
112000010,1105,1371,-266
112000011,1094,2111,-1017
112000012,4194,831,3363
112000013,5904,2750,3154
112000014,1322,292,1030
112000015,1708,1440,268
112000016,1445,606,839
112000017,780,1017,-237
112000024,1336,492,844
112000026,3711,4296,-585
112000027,136,159,-23
112000028,1176,1683,-507
112000029,183,187,-4
112000030,167,103,64
112000031,1292,1162,130
112000032,728,42,686
112000033,1972,460,1512
112000034,318,22,296
112000035,68,248,-180
112000036,255,294,-39
112000037,326,1061,-735
112000038,311,611,-300
112000039,8,37,-29
112000040,86,400,-314
112000041,213,499,-286
112000042,522,218,304
112000050,99,362,-263
112000051,184,304,-120
112000054,1289,2085,-796
112000057,518,229,289
112000058,373,322,51
112000059,667,185,482
112000061,6566,1368,5198
112000062,3577,351,3226
112000063,1481,392,1089
112000064,5107,5150,-43
112000065,1978,2710,-732
112000066,1176,344,832
112000067,454,661,-207
112000068,460,347,113
112000069,229,2489,-2260
112000070,441,246,195
112000071,314,3178,-2864
112000072,316,484,-168
112000073,529,1452,-923
112000074,173,392,-219
112000075,294,360,-66
112000076,2045,2196,-151
112000077,187,613,-426
112000078,325,483,-158
112000079,633,1180,-547
112000080,219,675,-456
112000081,659,1390,-731
112000082,363,195,168
112000083,253,1381,-1128
112000084,359,296,63
112000085,271,965,-694
112000086,309,801,-492
112000087,59,515,-456
112000088,91,494,-403
112000089,64,327,-263
112000090,83,268,-185
112000091,316,1244,-928
112000092,366,400,-34
112000093,801,1166,-365
112000094,150,432,-282
112000095,296,716,-420
112000096,91,411,-320
112000097,152,238,-86
112000098,337,1520,-1183
112000099,177,176,1
112000100,315,512,-197
112000101,203,924,-721
112000102,197,276,-79
112000103,106,1354,-1248
112000105,292,1745,-1453
112000106,269,235,34
112000107,1,95,-94
112000108,73,1227,-1154
112000109,8,13,-5
112000110,313,136,177
112000111,840,5371,-4531
112000112,1076,211,865
112000113,712,2752,-2040
112000114,642,420,222
112000115,65,502,-437
112000116,173,811,-638
112000117,144,408,-264
112000118,375,775,-400
112000119,152,862,-710
112000120,17,382,-365
112000121,22,518,-496
112000122,53,74,-21
112000123,74,43,31
112000124,25,42,-17
112000125,13,67,-54
112000126,48,510,-462
112000127,1531,464,1067
112000128,907,475,432
112000129,12,63,-51
112000130,19,24,-5
112000131,13,214,-201
112000132,17,305,-288
112000133,64,174,-110
112000134,104,458,-354
112000135,151,283,-132
112000136,311,1239,-928
112000137,266,441,-175
112000138,480,1296,-816
112000139,251,84,167
112000140,356,1049,-693
112000141,154,133,21
112000142,77,946,-869
112000143,241,149,92
112000144,136,1592,-1456
112000145,537,429,108
112000146,511,2136,-1625
112000147,382,749,-367
112000148,882,1797,-915
112000149,37,317,-280
112000150,25,598,-573
112000151,86,228,-142
112000152,78,217,-139
112000153,40,98,-58
112000154,21,65,-44
112000155,73,44,29
112000157,193,182,11
112000158,72,493,-421
112000159,129,227,-98
112000167,115,13,102
112000169,136,241,-105
112000173,168,205,-37
112000175,82,214,-132
112000176,4671,1675,2996
112000177,86,62,24
112000178,46,430,-384
112000179,51,165,-114
112000180,101,161,-60
112000181,493,1597,-1104
112000182,161,1891,-1730
112000183,6,69,-63
112000184,74,263,-189
112000185,104,495,-391
112000187,1276,1665,-389
112000195,10,0,10
112000196,16,0,16
112000197,19,54,-35
112000198,27,470,-443
112000199,337,1020,-683
112000202,1,0,1
112000216,34,75,-41
112000230,10,1,9
112000231,0,503,-503
112000256,4,25,-21
112000313,94,189,-95
112000314,11,6,5
112000337,75,446,-371
112000352,75,112,-37
112000392,1605,796,809
112000398,292,312,-20
112000399,565,481,84
112000400,1274,3125,-1851
112000401,1530,2253,-723
112000402,504,894,-390
112000403,592,688,-96
112000404,127,254,-127
112000405,515,1012,-497
112000406,2152,2505,-353
112000407,1553,2574,-1021
112000408,6817,5134,1683
112000409,1159,3678,-2519
112000410,113,54,59
112000411,3896,175,3721
112000412,599,161,438
112000413,7365,554,6811
112000414,30,55,-25
112000415,21,16,5
112000416,481,580,-99
112000417,81,39,42
112000421,15,120,-105
112000422,141,375,-234
112000424,1433,567,866
112000425,170,720,-550
112000426,41,129,-88
112000427,0,12,-12
112000428,28,339,-311
112000429,866,1891,-1025
112000430,910,2364,-1454
112000431,22,21,1
112000432,300,2071,-1771
112000433,467,328,139
112000437,17,389,-372
112900001,2,1,1
112900002,36,1259,-1223
112900003,12,239,-227
112900004,4,413,-409
112900005,18,270,-252
112900006,3,462,-459
112900007,1,133,-132
112900008,0,9,-9
112900009,97,23,74
112900010,20,660,-640
112900011,258,239,19
112900012,0,74,-74
112900013,0,98,-98
112900014,1,161,-160
112900015,204,956,-752
112900016,2,204,-202
112900017,9,147,-138
112900018,2,335,-333
112900019,39,64,-25
112900020,424,1611,-1187
112900021,0,237,-237
112900022,4,44,-40
112900023,0,259,-259
112900024,8,150,-142
112900025,32,131,-99
112900026,0,245,-245
112900027,5,1353,-1348
112900028,20,85,-65
112900029,1,465,-464
112900030,269,171,98
112900031,3,534,-531
112900032,64,195,-131
112900034,0,32,-32
112900035,2,424,-422
112900036,31,113,-82
112900037,66,37,29
112900038,85,124,-39
112900039,17,268,-251
112900040,8,275,-267
112900041,958,331,627
112900042,13,346,-333
112900043,4,37,-33
112900044,253,264,-11
112900045,419,250,169
112900046,147,25,122
112900047,6,2,4
112900049,9,62,-53
112900050,64,674,-610
112900051,260,663,-403
112900052,8,813,-805
112900053,156,92,64
112900054,257,22,235
112900055,132,7,125
112900056,102,75,27
112900057,7,740,-733
112900058,118,31,87
112900059,20,90,-70
112900060,3,204,-201
112900061,19,127,-108
112900062,18,180,-162
112900063,30,3,27
112900064,87,58,29
112900065,1,2,-1
112900066,38,18,20
112900067,491,77,414
112900068,5,9,-4
112900069,2254,173,2081
112900071,8,0,8
112900072,97,215,-118
112900073,61,19,42
112900074,11,28,-17
112900075,1855,161,1694
112900076,18,1,17
112900078,37,69,-32
112900079,45,2,43
112900080,2,0,2
112900081,12,36,-24
112900082,94,2,92
112900083,8,12,-4
112900084,13,15,-2
112900085,0,3,-3
112900086,2,0,2
112900087,131,16,115
112900088,6,0,6
112900089,173,2,171
112900090,5,4,1
112900091,18,1,17
112900092,62,44,18
112900093,155,1,154
112900094,8,0,8
112900095,0,0,0
112900096,95,33,62
112900097,9,315,-306
112900098,1,0,1
112900099,114,3,111
112900100,7,0,7
112900101,24,1,23
112900102,27,3,24
112900103,25,0,25
112900104,5,0,5
112900105,0,0,0
112900106,77,26,51
112900107,0,0,0
112900108,0,0,0
112900109,5,0,5
112900110,69,1,68
112900111,98,2,96
112900112,12,0,12
112900113,0,8,-8
112900114,13,15,-2
112900115,150,0,150
112900116,17,38,-21
112900117,97,90,7
112900118,9,53,-44
112900119,12,0,12
112900120,496,101,395
112900121,164,94,70
112900122,16,117,-101
112900123,63,4,59
112900124,5,119,-114
112900125,37,157,-120
112900126,64,231,-167
112900127,99,5,94
112900128,283,498,-215
112900129,7,958,-951
112900130,37,27,10
112900131,28,155,-127
112900132,45,425,-380
112900133,19,1272,-1253
112900134,3,256,-253
112900135,42,8,34
112900136,1,34,-33
112900137,2,930,-928
112900138,6,465,-459
112900139,141,1082,-941
112900140,1,91,-90
112900141,63,16,47
112900142,52,23,29
112900143,30,476,-446
112900144,0,220,-220
112900145,15,418,-403
112900146,12,1384,-1372
112900147,4,2372,-2368
112900148,9,0,9
112900149,110,334,-224
112900151,29,20,9
112900152,4919,810,4109
112900153,652,248,404
112900154,0,33,-33
112900155,10,0,10
112900156,33,1730,-1697
112900157,24,1,23
112900158,1,8,-7
112900159,46,20,26
112900160,6,217,-211
112900161,25,10,15
112900162,14,6,8
112900163,30,7,23
112900164,8,35,-27
112900165,28,13,15
112900166,5,4,1
112900167,0,17,-17
112900168,1,0,1
112900169,5,4,1
112900170,7,60,-53
112900172,65,0,65
112900173,157,75,82
112900174,71,2,69
112900175,47,28,19
112900176,16,4,12
112900177,48,8,40
112900178,170,379,-209
112900179,21,499,-478
112900180,379,2878,-2499
112900181,117,6,111
112900182,32,1393,-1361
112900183,48,80,-32
112900184,219,205,14
112900185,174,194,-20
112900186,1075,282,793
112900187,16,92,-76
112900188,745,236,509
112900189,0,17,-17
112900190,2,42,-40
112900192,147,71,76
112900193,402,107,295
112900194,8,107,-99
112900195,106,9,97
112900196,167,737,-570
112900197,54,375,-321
112900199,55,447,-392
112900200,94,144,-50
112900201,28,46,-18
112900202,27,812,-785
112900203,32,135,-103
112900204,369,127,242
112900205,0,6,-6
112900206,0,50,-50
112900207,1,0,1
112900208,19,38,-19
112900209,160,397,-237
112900210,0,18,-18
112900211,18,27,-9
112900212,2,67,-65
112900213,1,7,-6
112900214,7,4,3
112900215,4,181,-177
112900216,23,21,2
112900217,0,74,-74
112900218,1,15,-14
112900219,4,0,4
112900220,0,0,0
112900221,2,104,-102
112900222,0,12,-12
112900223,173,3,170
112900224,41,711,-670
112900225,54,543,-489
112900226,230,91,139
112900227,58,1598,-1540
112900228,12,14,-2
112900229,23,27,-4
112900230,7503,1277,6226
112900232,101,41,60
112900233,7,171,-164
112900234,6,115,-109
112900235,18,4,14
112900236,15,9,6
112900237,11,324,-313
112900238,0,31,-31
112900239,230,147,83
113000001,3101,2956,145
113000002,1849,2268,-419
113000003,1508,947,561
113000004,1327,1179,148
113000005,614,712,-98
113000006,406,679,-273
113000007,677,986,-309
113000008,590,1038,-448
113000009,347,649,-302
113000010,408,1031,-623
113000011,382,1731,-1349
113000012,391,284,107
113000013,419,251,168
113000014,1056,877,179
113000015,342,127,215
113000016,216,244,-28
113000017,43,215,-172
113000018,40,23,17
113000019,30,240,-210
113000020,19,3,16
113000021,151,442,-291
113000022,179,1162,-983
113000025,36,218,-182
113000026,46,228,-182
113000027,156,227,-71
113000028,586,302,284
113000029,606,290,316
113000030,533,480,53
113000031,330,164,166
113000032,196,100,96
113000033,346,241,105
113000034,500,292,208
113000035,3,21,-18
113000036,20,47,-27
113000037,46,28,18
113000038,11,57,-46
113000039,63,294,-231
113000040,41,90,-49
113000042,453,219,234
113000051,350,958,-608
113000052,1753,904,849
113000053,115,559,-444
113000054,88,395,-307
113000055,318,711,-393
113000056,358,1385,-1027
113000058,561,969,-408
113000059,458,316,142
113000060,45,501,-456
113000061,430,835,-405
113000062,916,108,808
113000063,49,191,-142
113000064,5,269,-264
113000065,54,1073,-1019
113000066,84,59,25
113000067,458,735,-277
113000068,128,1664,-1536
113000069,151,1169,-1018
113000070,359,442,-83
113000071,99,673,-574
113000072,161,239,-78
113000073,428,1209,-781
113000074,545,173,372
113000075,1026,229,797
113000076,869,1285,-416
113000077,842,214,628
113000078,642,1247,-605
113000079,594,529,65
113000080,429,248,181
113000081,466,440,26
113000082,775,729,46
113000083,185,356,-171
113000084,652,1030,-378
113000085,291,284,7
113000086,408,755,-347
113000087,403,471,-68
113000088,1465,997,468
113000089,326,820,-494
113000090,54,168,-114
113000091,741,216,525
113000094,240,56,184
113000095,155,1167,-1012
113000096,104,771,-667
113000097,234,174,60
113000098,57,15,42
113000099,829,97,732
113000100,106,331,-225
113000101,278,409,-131
113000102,122,92,30
113000103,1446,502,944
113000104,202,1274,-1072
113000105,123,204,-81
113000106,117,460,-343
113000107,253,557,-304
113000108,566,1060,-494
113000109,339,1379,-1040
113000110,844,152,692
113000111,54,311,-257
113000112,115,133,-18
113000113,1792,116,1676
113000114,319,741,-422
113000116,462,174,288
113000117,593,186,407
113000118,79,168,-89
113000119,61,375,-314
113000120,26,142,-116
113000121,257,725,-468
113000124,43,114,-71
113000125,16,302,-286
113000127,3031,420,2611
113000128,352,358,-6
113000129,705,600,105
113000133,3729,626,3103
113000134,0,383,-383
113000135,1074,740,334
113000137,1123,453,670
113000139,356,113,243
113000140,161,223,-62
113000141,358,53,305
113000142,547,776,-229
113000143,156,113,43
113000144,249,455,-206
113000145,33,110,-77
113000146,63,63,0
113000147,79,114,-35
113000148,42,197,-155
113000149,60,132,-72
113000150,373,317,56
113000151,92,67,25
113000152,40,164,-124
113000153,1329,418,911
113000154,491,591,-100
113000155,165,173,-8
113000156,130,402,-272
113000157,181,679,-498
113000158,391,130,261
113000159,518,296,222
113000160,414,1136,-722
113000161,159,700,-541
113000162,367,191,176
113000163,24,16,8
113000164,20,109,-89
113000166,18,20,-2
113000167,28,216,-188
113000168,43,296,-253
113000169,28,29,-1
113000170,30,33,-3
113000171,67,117,-50
113000172,77,21,56
113000173,17,5,12
113000174,70,557,-487
113000175,124,29,95
113000176,121,39,82
113000177,55,427,-372
113000178,99,360,-261
113000179,49,19,30
113000180,220,909,-689
113000181,335,894,-559
113000182,150,171,-21
113000183,140,501,-361
113000184,8,100,-92
113000189,252,433,-181
113000190,1763,334,1429
113000192,1487,998,489
113000193,2403,513,1890
113000194,761,884,-123
113000195,811,365,446
113000196,29,55,-26
113000197,457,420,37
113000198,27,169,-142
113000199,296,302,-6
113000201,65,101,-36
113000202,2235,578,1657
113000203,33,19,14
113000204,596,921,-325
113000205,10,22,-12
113000206,4,30,-26
113000207,30,14,16
113000208,29,18,11
113000209,7,12,-5
113000210,5,25,-20
113000211,221,93,128
113000212,241,12,229
113000213,8,40,-32
113000214,32,97,-65
113000234,80,1321,-1241
113000410,70,60,10
113000411,1996,3004,-1008
113000412,9919,1253,8666
113000413,4805,1470,3335
113000414,11971,4801,7170
113000415,2218,1775,443
113000416,8456,2188,6268
113000417,2828,1899,929
113000418,2294,1847,447
113000419,1465,1480,-15
113000420,3257,1921,1336
113000421,2503,2250,253
113000422,18205,3697,14508
113000423,3112,2160,952
113000424,4260,3397,863
113000425,11,54,-43
113000428,681,44,637
113000430,96,46,50
113000432,288,46,242
113000433,121,790,-669
113000434,13,494,-481
113000435,10,1021,-1011
113000436,23,1322,-1299
113000437,40,1,39
113000438,22,3,19
113000439,9,225,-216
113000440,24,19,5
113000441,42,118,-76
113000442,68,323,-255
113000443,25,160,-135
113000444,36,405,-369
113000445,15,57,-42
113000446,9,115,-106
113000448,81,74,7
113000449,128,145,-17
113000450,381,373,8
113000451,808,85,723
113000452,133,82,51
113000453,72,197,-125
113000454,172,23,149
113000455,10,106,-96
113000456,2523,1359,1164
113000468,2167,218,1949
113000469,207,95,112
113000470,393,36,357
113000471,2,191,-189
113000472,30,206,-176
113000474,132,533,-401
113000475,919,1338,-419
113000476,488,1593,-1105
113000477,1005,1946,-941
113000478,2170,4256,-2086
113000479,7,197,-190
113000480,53,63,-10
113000485,0,0,0
113000486,0,0,0
113000487,0,0,0
113000488,0,0,0
113000489,0,0,0
113000490,0,0,0
113000491,0,0,0
113000492,0,0,0
113000493,0,0,0
113000495,77,227,-150
113000496,29,43,-14
113000497,0,0,0
113000499,0,1,-1
113000500,0,2,-2
113900001,0,9,-9
113900002,0,23,-23
113900003,0,17,-17
113900004,0,2,-2
113900005,0,9,-9
113900006,0,0,0
113900007,0,1,-1
113900008,2,0,2
113900009,6,0,6
113900010,3,0,3
113900011,0,0,0
113900012,0,0,0
113900013,55,0,55
113900014,642,6,636
113900015,0,46,-46
113900016,4,1,3
113900017,0,39,-39
113900018,310,25,285
113900019,26,44,-18
113900020,25,0,25
113900022,1,0,1
113900023,4,0,4
113900024,8,53,-45
113900025,165,12,153
113900026,10,1,9
113900027,5,37,-32
113900028,6,309,-303
113900029,9,270,-261
113900030,22,0,22
113900031,0,1,-1
113900032,5,0,5
113900033,16,45,-29
113900035,13,0,13
113900036,7,41,-34
113900037,21,450,-429
113900038,19,10,9
113900039,14,3,11
113900040,0,0,0
113900041,0,0,0
113900042,13,24,-11
113900043,111,95,16
113900044,71,13,58
113900045,18,0,18
113900046,330,677,-347
113900047,8,75,-67
113900048,368,26,342
113900049,842,66,776
113900050,107,281,-174
113900051,52,299,-247
113900052,99,52,47
113900053,168,25,143
113900054,2,4,-2
113900055,60,615,-555
113900056,2,102,-100
113900057,16,105,-89
113900058,20,137,-117
113900059,46,315,-269
113900060,112,199,-87
113900061,690,32,658
113900062,11,3,8
113900063,6,94,-88
113900064,16,157,-141
113900065,354,12,342
113900066,55,373,-318
113900067,16,361,-345
113900068,140,191,-51
113900069,46,2,44
113900070,128,445,-317
113900071,5,49,-44
113900072,13,121,-108
113900073,62,384,-322
113900074,11,384,-373
113900075,352,591,-239
113900076,43,3,40
113900077,7,270,-263
113900078,15,33,-18
113900079,0,53,-53
113900080,124,82,42
113900081,17,253,-236
113900082,27,174,-147
113900083,43,726,-683
113900084,72,51,21
113900085,8,368,-360
113900086,1,16,-15
113900087,21,258,-237
113900088,13,27,-14
113900089,138,20,118
113900090,155,180,-25
113900091,18,8,10
113900092,10,37,-27
113900093,26,222,-196
113900094,50,332,-282
113900095,36,36,0
113900096,30,24,6
113900097,0,103,-103
113900098,109,28,81
113900099,2,51,-49
113900100,0,1,-1
113900101,8,33,-25
113900102,33,44,-11
113900103,129,126,3
113900104,41,81,-40
113900105,10,385,-375
113900106,1,113,-112
113900107,0,19,-19
113900108,117,117,0
113900109,197,73,124
113900110,9,2,7
113900111,19,100,-81
113900112,24,82,-58
113900113,178,149,29
113900114,0,86,-86
113900115,0,87,-87
113900116,38,66,-28
113900117,17,6,11
113900118,27,104,-77
113900119,256,145,111
113900120,18,13,5
113900121,6,77,-71
113900122,146,576,-430
113900123,134,58,76
113900124,1,91,-90
113900125,993,132,861
113900126,51,17,34
113900127,94,193,-99
113900128,22,32,-10
113900129,2,59,-57
113900130,0,11,-11
113900131,24,26,-2
113900132,6,16,-10
113900133,11,27,-16
113900135,99,379,-280
113900136,55,47,8
113900137,110,63,47
113900138,28,53,-25
113900139,597,58,539
113900140,334,98,236
113900141,80,344,-264
113900142,9,74,-65
113900143,24,6,18
113900144,219,74,145
113900145,64,120,-56
113900146,16,20,-4
113900148,116,98,18
113900149,46,20,26
113900150,1366,490,876
113900151,69,145,-76
113900152,7,42,-35
113900153,503,310,193
113900154,0,59,-59
113900155,212,40,172
113900156,112,496,-384
113900157,5,138,-133
113900158,367,117,250
113900159,5,99,-94
113900160,175,566,-391
113900161,12,84,-72
113900162,400,356,44
113900163,105,172,-67
113900164,60,20,40
113900165,599,356,243
113900166,119,68,51
113900167,84,35,49
113900168,90,90,0
113900169,97,402,-305
113900171,37,10,27
113900172,15,254,-239
113900173,47,552,-505
113900174,123,828,-705
113900175,83,24,59
113900176,39,674,-635
113900177,111,102,9
113900178,56,39,17
113900179,13,593,-580
113900180,94,112,-18
113900181,135,24,111
113900182,155,719,-564
113900183,15,42,-27
113900184,7,459,-452
113900185,76,87,-11
113900186,10,42,-32
113900187,10,128,-118
113900188,13,117,-104
113900189,56,45,11
113900190,239,81,158
113900191,95,172,-77
113900192,5,194,-189
113900193,12,272,-260
113900194,1458,681,777
113900195,204,369,-165
113900196,0,104,-104
113900197,1,233,-232
113900198,3,80,-77
113900199,142,615,-473
113900200,11,188,-177
113900201,3,237,-234
113900202,26,134,-108
113900203,0,244,-244
113900204,11,554,-543
113900205,23,78,-55
113900206,2,81,-79
113900207,2,49,-47
113900208,0,54,-54
113900209,0,131,-131
113900210,338,247,91
113900211,47,8,39
113900212,35,499,-464
113900214,366,245,121
113900215,13,74,-61
113900216,7,1289,-1282
113900217,7,367,-360
113900218,48,13,35
113900219,71,361,-290
113900220,47,26,21
113900221,85,67,18
113900222,119,88,31
113900223,32,1154,-1122
113900224,78,33,45
113900225,513,109,404
113900226,156,96,60
113900227,145,71,74
113900228,282,170,112
113900229,12,259,-247
113900230,3395,590,2805
113900231,87,159,-72
113900232,23,90,-67
113900233,2,49,-47
113900234,62,141,-79
113900235,12,12,0
113900236,22,253,-231
113900237,22,2,20
113900238,138,188,-50
113900239,5,17,-12
113900240,0,53,-53
113900241,80,50,30
113900242,20,126,-106
113900243,73,249,-176
113900244,411,84,327
113900245,1364,162,1202
113900246,10,5,5
113900247,111,133,-22
113900248,3353,464,2889
113900249,676,68,608
113900250,25,67,-42
113900251,141,200,-59
113900252,213,12,201
113900253,142,10,132
113900254,84,29,55
113900255,98,5,93
113900256,95,10,85
113900257,34,652,-618
113900258,8,499,-491
113900259,117,233,-116
113900260,47,12,35
113900261,9,142,-133
113900262,38,694,-656
113900263,26,413,-387
113900264,4,600,-596
113900265,60,318,-258
113900266,14,274,-260
113900267,66,318,-252
113900268,96,119,-23
113900269,23,81,-58
113900270,113,181,-68
113900271,153,1314,-1161
113900273,10,0,10
113900274,5,1,4
113900275,11,30,-19
113900276,2,251,-249
113900277,20,1,19
113900278,178,109,69
113900279,97,82,15
113900280,638,365,273
113900281,168,647,-479
113900282,483,170,313
113900283,147,239,-92
113900284,377,80,297
113900285,51,33,18
113900286,28,142,-114
113900287,9,83,-74
113900288,0,66,-66
113900289,1380,34,1346
113900290,365,30,335
113900291,102,175,-73
113900292,3,3,0
113900293,2,164,-162
113900294,75,18,57
113900295,164,155,9
113900296,2106,229,1877
113900297,112,11,101
113900298,3,1287,-1284
113900299,3,130,-127
113900300,5502,1163,4339
113900301,318,57,261
113900302,1650,294,1356
113900303,493,59,434
113900304,1,183,-182
113900305,18,0,18
113900306,1,0,1
113900307,24,0,24
113900308,44,65,-21
113900309,6,870,-864
113900310,0,17,-17
113900311,0,0,0
113900312,31,65,-34
113900313,30,9,21
114000001,771,2386,-1615
114000002,78,426,-348
114000003,27,278,-251
114000004,142,484,-342
114000005,78,199,-121
114000006,2142,1853,289
114000007,342,1277,-935
114000008,1037,741,296
114000009,104,88,16
114000011,1171,1969,-798
114000012,551,2161,-1610
114000013,431,1640,-1209
114000014,235,309,-74
114000015,450,409,41
114000016,114,319,-205
114000017,88,123,-35
114000018,269,51,218
114000026,285,1282,-997
114000027,627,1316,-689
114000028,894,1127,-233
114000038,60,119,-59
114000039,50,83,-33
114000040,57,94,-37
114000042,38,162,-124
114000043,13,204,-191
114000044,45,52,-7
114000045,25,105,-80
114000046,1517,3939,-2422
114000047,0,46,-46
114000048,8,18,-10
114000049,822,594,228
114000050,710,600,110
114000051,2127,838,1289
114000052,1730,507,1223
114000053,16,284,-268
114000054,34,1118,-1084
114000055,111,9,102
114000056,489,368,121
114000057,6820,1764,5056
114000058,270,212,58
114000059,141,81,60
114000060,145,656,-511
114000061,1666,509,1157
114000062,841,301,540
114000063,2222,1240,982
114000064,6289,1688,4601
114000065,1050,1497,-447
114000066,86,392,-306
114000067,14,119,-105
114000068,339,256,83
114000069,343,338,5
114000070,1121,551,570
114000071,214,753,-539
114000072,70,334,-264
114000073,5,50,-45
114000074,5,16,-11
114000075,10,72,-62
114000076,4,61,-57
114000077,0,16,-16
114000078,68,1517,-1449
114000079,24,21,3
114000080,37,27,10
114000081,5,7,-2
114000082,38,468,-430
114000083,10,266,-256
114000084,27,65,-38
114000085,48,795,-747
114000086,78,735,-657
114000087,24,290,-266
114000088,7,32,-25
114000089,1048,251,797
114000090,171,133,38
114000091,560,227,333
114000092,463,167,296
114000093,353,457,-104
114000094,158,222,-64
114000095,21,18,3
114000096,56,566,-510
114000097,54,989,-935
114000098,50,10,40
114000099,65,1158,-1093
114000100,178,561,-383
114000101,224,1376,-1152
114000102,45,121,-76
114000103,46,427,-381
114000104,1,227,-226
114000105,18,67,-49
114000106,670,275,395
114000107,46,123,-77
114000108,1629,964,665
114000109,33,92,-59
114000110,252,1337,-1085
114000111,160,101,59
114000112,133,1218,-1085
114000113,133,128,5
114000114,699,1271,-572
114000115,253,113,140
114000116,99,162,-63
114000117,243,136,107
114000118,302,157,145
114000119,215,105,110
114000120,311,887,-576
114000121,232,408,-176
114000122,170,208,-38
114000123,160,98,62
114000124,94,132,-38
114000125,457,1335,-878
114000126,239,68,171
114000127,10,92,-82
114000128,84,194,-110
114000130,42,29,13
114000131,34,19,15
114000132,443,769,-326
114000133,896,1128,-232
114000134,46,241,-195
114000138,34,177,-143
114000139,171,59,112
114000144,186,155,31
114000145,62,173,-111
114000146,44,304,-260
114000147,452,362,90
114000148,936,191,745
114000149,69,41,28
114000150,589,451,138
114000151,473,383,90
114000152,59,12,47
114000153,478,841,-363
114000154,465,438,27
114000155,641,809,-168
114000156,214,252,-38
114000157,105,403,-298
114000158,2083,433,1650
114000159,148,244,-96
114000160,67,161,-94
114000161,617,377,240
114000162,340,285,55
114000163,12,149,-137
114000165,106,67,39
114000166,246,64,182
114000167,2913,754,2159
114000168,394,470,-76
114000169,526,195,331
114000170,159,135,24
114000171,172,218,-46
114000174,100,306,-206
114000176,292,294,-2
114000177,1818,537,1281
114000178,10,44,-34
114000179,325,75,250
114000180,185,393,-208
114000181,681,1148,-467
114000182,5100,1492,3608
114000183,729,569,160
114000184,494,1593,-1099
114000185,160,194,-34
114000189,39,12,27
114000190,268,39,229
114000191,8,8,0
114000192,262,1294,-1032
114000193,810,3126,-2316
114000194,566,1039,-473
114000195,22,3,19
114000196,9,326,-317
114000197,131,50,81
114000198,880,339,541
114000199,1298,654,644
114000200,350,2327,-1977
114000201,56,933,-877
114000202,503,666,-163
114000203,137,590,-453
114000204,54,312,-258
114000205,121,1450,-1329
114000206,193,1125,-932
114000207,388,2228,-1840
114000208,255,2971,-2716
114000209,386,2818,-2432
114000210,184,1647,-1463
114000211,395,899,-504
114000212,403,521,-118
114000213,405,356,49
114000214,26,244,-218
114000215,29,38,-9
114000216,116,9,107
114000217,7,243,-236
114000218,53,276,-223
114000219,226,250,-24
114000220,6,1181,-1175
114000221,110,67,43
114000222,92,976,-884
114000223,106,15,91
114000224,68,512,-444
114000225,32,362,-330
114000226,22,232,-210
114000227,227,283,-56
114000228,196,686,-490
114000229,279,1075,-796
114000230,509,1134,-625
114000231,289,929,-640
114000232,143,61,82
114000233,451,62,389
114000234,349,786,-437
114000235,339,1261,-922
114000236,2,614,-612
114000237,43,1017,-974
114000238,13,77,-64
114000239,98,1300,-1202
114000240,301,504,-203
114000241,153,824,-671
114000242,672,725,-53
114000243,320,406,-86
114000244,102,66,36
114000245,152,623,-471
114000246,86,32,54
114000247,199,512,-313
114000248,238,286,-48
114000249,173,247,-74
114000250,43,426,-383
114000251,54,267,-213
114000252,13,83,-70
114000253,9,60,-51
114000254,7,108,-101
114000255,315,107,208
114000256,756,260,496
114000257,413,2002,-1589
114000258,40,509,-469
114000259,11,277,-266
114000260,1,21,-20
114000261,4,0,4
114000262,21,208,-187
114000263,0,0,0
114000264,183,729,-546
114000265,0,27,-27
114000267,4,610,-606
114000268,3,1855,-1852
114000270,1,0,1
114000271,116,83,33
114000283,131,369,-238
114000285,56,287,-231
114000288,24,404,-380
114000289,448,52,396
114000293,53,252,-199
114000294,74,121,-47
114000395,93,5,88
114000396,94,80,14
114000402,90,303,-213
114000403,123,532,-409
114000405,37,565,-528
114000423,30,498,-468
114000424,66,176,-110
114000425,86,634,-548
114000426,29,40,-11
114000427,24,116,-92
114000428,120,52,68
114000429,3,172,-169
114000432,24,101,-77
114000434,5,75,-70
114000435,6,125,-119
114000436,4586,1195,3391
114000437,73,180,-107
114900001,175,1199,-1024
114900002,247,16,231
114900003,92,1696,-1604
114900004,54,34,20
114900005,124,652,-528
114900006,4,10,-6
114900007,8,4,4
114900008,10,20,-10
114900010,2207,768,1439
114900011,14,43,-29
114900013,32,33,-1
114900015,16,87,-71
114900018,286,31,255
114900020,21,30,-9
114900022,11,331,-320
114900024,29,77,-48
114900025,76,186,-110
114900026,19,38,-19
114900027,41,134,-93
114900029,10,7,3
114900030,46,196,-150
114900031,28,16,12
114900032,32,17,15
114900033,918,129,789
114900034,39,276,-237
114900035,46,188,-142
114900036,142,1217,-1075
114900037,43,186,-143
114900038,82,1377,-1295
114900039,226,869,-643
114900040,27,187,-160
114900041,135,818,-683
114900042,177,1084,-907
114900043,573,202,371
114900044,12,7,5
114900046,31,116,-85
114900047,65,581,-516
114900048,16,124,-108
114900049,6,191,-185
114900050,9,589,-580
114900051,3,522,-519
114900052,100,97,3
114900053,37,139,-102
114900054,31,127,-96
114900057,27,0,27
114900058,0,80,-80
114900059,5,25,-20
114900060,737,200,537
114900061,33,219,-186
114900062,220,170,50
114900063,12,233,-221
114900064,219,743,-524
114900065,86,490,-404
114900067,8,236,-228
114900068,39,153,-114
114900069,194,163,31
114900070,114,484,-370
114900072,7,162,-155
114900073,1,165,-164
114900074,61,815,-754
114900075,18,1,17
114900076,7,378,-371
114900080,2047,217,1830
114900082,2575,847,1728
114900083,144,394,-250
114900090,54,89,-35
114900091,93,117,-24
114900095,321,74,247
114900096,348,401,-53
114900097,11,1,10
114900098,0,113,-113
114900099,35,1,34
115000001,7689,6038,1651
115000002,1345,1060,285
115000003,2668,4251,-1583
115000004,699,1764,-1065
115000005,757,2593,-1836
115000006,176,515,-339
115000007,22,95,-73
115000008,176,118,58
115000009,70,204,-134
115000010,106,49,57
115000013,67,74,-7
115000015,61,91,-30
115000016,209,123,86
115000019,7,222,-215
115000020,118,80,38
115000021,231,279,-48
115000022,419,225,194
115000023,54,97,-43
115000024,838,375,463
115000025,151,122,29
115000026,82,297,-215
115000027,12,45,-33
115000028,70,554,-484
115000029,34,19,15
115000030,114,683,-569
115000031,167,67,100
115000032,6,202,-196
115000033,20,2,18
115000034,95,728,-633
115000035,95,2,93
115000036,1,370,-369
115000037,17,1,16
115000038,39,83,-44
115000039,1437,954,483
115000040,4104,1379,2725
115000041,357,1126,-769
115000042,267,304,-37
115000043,1537,1395,142
115000044,2899,3533,-634
115000045,898,2026,-1128
115000046,480,1100,-620
115000047,542,874,-332
115000048,933,2929,-1996
115000049,955,2432,-1477
115000050,874,745,129
115000051,1231,602,629
115000052,2811,1483,1328
115000053,689,557,132
115000054,620,844,-224
115000055,25,321,-296
115000056,31,69,-38
115000057,99,291,-192
115000058,29,65,-36
115000059,23,144,-121
115000061,16,21,-5
115000062,25,223,-198
115000063,44,356,-312
115000064,5,19,-14
115000065,11,108,-97
115000067,0,0,0
115000069,11,231,-220
115000070,23,286,-263
115000071,5,0,5
115000072,60,26,34
115000073,372,10,362
115000075,6,40,-34
115000076,1971,2815,-844
115000077,557,3582,-3025
115000078,261,1715,-1454
115000079,429,1954,-1525
115000080,594,2467,-1873
115000081,215,792,-577
115000082,1286,1812,-526
115000083,926,3271,-2345
115000084,259,539,-280
115000085,250,872,-622
115000086,88,476,-388
115000087,316,1156,-840
115000088,603,250,353
115000089,1273,1548,-275
115000090,553,54,499
115000091,229,1043,-814
115000092,126,236,-110
115000093,4,1,3
115000094,5520,2267,3253
115000095,4499,2519,1980
115000096,227,1744,-1517
115000097,164,598,-434
115000098,201,754,-553
115000099,409,2368,-1959
115000100,121,291,-170
115000101,253,1369,-1116
115000102,122,121,1
115000103,225,930,-705
115000105,37,170,-133
115000106,55,129,-74
115000107,90,569,-479
115000108,3098,2482,616
115000109,3683,833,2850
115000110,685,444,241
115000111,394,810,-416
115000112,278,311,-33
115000113,354,487,-133
115000114,1039,461,578
115000116,2088,741,1347
115000117,2282,822,1460
115000118,632,829,-197
115000119,680,863,-183
115000120,353,343,10
115000121,1194,341,853
115000122,2284,428,1856
115000123,1199,643,556
115000124,272,331,-59
115000125,176,430,-254
115000126,64,197,-133
115000127,103,84,19
115000128,727,374,353
115000129,44,74,-30
115000130,93,793,-700
115000131,75,158,-83
115000132,45,438,-393
115000133,94,267,-173
115000134,76,123,-47
115000135,16,190,-174
115000136,32,88,-56
115000137,45,223,-178
115000138,41,98,-57
115000139,119,307,-188
115000140,55,118,-63
115000141,50,329,-279
115000142,44,353,-309
115000143,57,287,-230
115000144,121,54,67
115000145,64,511,-447
115000146,43,97,-54
115000147,127,452,-325
115000148,175,1271,-1096
115000149,222,154,68
115000150,345,1191,-846
115000151,211,261,-50
115000152,194,1639,-1445
115000153,179,211,-32
115000154,196,206,-10
115000155,261,1160,-899
115000156,402,303,99
115000157,472,656,-184
115000158,429,158,271
115000159,310,212,98
115000160,418,301,117
115000161,326,402,-76
115000162,328,187,141
115000163,468,425,43
115000164,327,354,-27
115000165,122,159,-37
115000167,16,12,4
115000168,184,176,8
115000169,301,372,-71
115000170,37,125,-88
115000171,98,54,44
115000172,1451,370,1081
115000173,63,61,2
115000174,5,29,-24
115000175,16,53,-37
115000176,13,13,0
115000177,9,35,-26
115000178,5,305,-300
115000179,6,5,1
115000180,28,559,-531
115000181,82,67,15
115000182,72,194,-122
115000183,74,837,-763
115000186,90,186,-96
115000187,63,574,-511
115000188,100,198,-98
115000189,128,356,-228
115000190,135,140,-5
115000191,128,217,-89
115000194,84,66,18
115000195,72,33,39
115000196,22,33,-11
115000197,65,480,-415
115000198,44,134,-90
115000199,101,380,-279
115000200,41,27,14
115000201,31,386,-355
115000206,0,0,0
115000207,18,339,-321
115000208,413,650,-237
115000209,94,83,11
115000210,15,59,-44
115000211,98,160,-62
115000212,658,246,412
115000224,31,16,15
115000225,23,18,5
115000229,121,59,62
115000230,16,245,-229
115000231,206,2075,-1869
115000232,235,360,-125
115000233,30,266,-236
115000234,4,193,-189
115000241,5,134,-129
115000242,17,124,-107
115000243,8,127,-119
115000244,2,92,-90
115000246,9,9,0
115000247,3,4,-1
115000248,0,2,-2
115000249,3,7,-4
115000250,39,31,8
115000251,9,39,-30
115000252,5,56,-51
115000253,1,44,-43
115000258,24,65,-41
115000259,97,56,41
115000261,0,0,0
115000262,0,2,-2
115000263,0,6,-6
115000264,0,1,-1
115000267,6,14,-8
115000268,9,81,-72
115000269,9,27,-18
115000270,0,13,-13
115000272,11,54,-43
115000273,58,4,54
115000280,492,10,482
115000281,683,53,630
115000282,495,119,376
115000284,101,22,79
115000296,51,1,50
115000297,2,1,1
115000298,77,34,43
115000300,17,202,-185
115000302,19,57,-38
115000303,30,52,-22
115000304,81,26,55
115000305,25,1214,-1189
115000306,50,651,-601
115000307,15,282,-267
115000308,41,15,26
115000309,6,5,1
115000310,301,1127,-826
115000311,82,764,-682
115000313,86,706,-620
115000314,27,12,15
115000315,919,259,660
115000316,9,30,-21
115000317,70,525,-455
115000318,150,129,21
115000319,15,305,-290
115000320,6,89,-83
115000321,59,19,40
115000322,22,210,-188
115000449,162,43,119
115000557,1,182,-181
115000558,8,17,-9
115000587,70,155,-85
115000588,1470,3617,-2147
115000589,1101,1039,62
115000590,325,1272,-947
115000591,170,151,19
115000592,398,1156,-758
115000593,229,111,118
115000594,457,862,-405
115000609,41,66,-25
115000617,419,365,54
115000624,29,71,-42
115000633,101,1211,-1110
115000634,743,333,410
115000635,35,33,2
115000638,733,273,460
115000641,53,87,-34
115000642,113,100,13
115000643,48,373,-325
115000644,103,303,-200
115000646,431,622,-191
115000647,46,323,-277
115000648,239,1250,-1011
115000893,487,90,397
115000894,56,987,-931
115000895,135,696,-561
115000896,146,64,82
115000897,68,14,54
115000898,280,36,244
115000899,863,544,319
115000900,23,226,-203
115000901,80,42,38
115000912,67,8,59
115000913,3,61,-58
115000915,2,0,2
115000916,0,0,0
115000917,0,0,0
115000918,0,0,0
115000919,0,0,0
115000920,12,10,2
115000921,1418,33,1385
115000922,109,34,75
115000923,204,479,-275
115000925,20,59,-39
115000927,3,11,-8
115000933,164,79,85
115000934,11,101,-90
115000935,8,98,-90
115000936,0,0,0
115000937,512,76,436
115000938,10,49,-39
115000939,49,52,-3
115900001,10,98,-88
115900002,49,112,-63
115900003,36,74,-38
115900004,0,28,-28
115900005,14,1,13
115900006,19,245,-226
115900008,1,11,-10
115900009,19,224,-205
115900010,46,96,-50
115900011,47,213,-166
115900012,5,50,-45
115900013,229,81,148
115900014,59,141,-82
115900015,4,67,-63
115900016,28,11,17
115900017,0,0,0
115900018,118,50,68
115900019,427,4,423
115900020,7,1,6
115900021,1454,48,1406
115900022,1183,8,1175
115900023,2,1,1
115900025,66,82,-16
115900026,1018,306,712
115900027,0,341,-341
115900028,530,32,498
115900029,6,461,-455
115900030,46,29,17
115900031,167,33,134
115900032,192,530,-338
115900033,0,41,-41
115900034,7,505,-498
115900035,3,23,-20
115900036,98,115,-17
115900037,7,493,-486
115900038,1,2,-1
115900039,26,214,-188
115900041,91,87,4
115900042,0,1,-1
115900043,20,99,-79
115900044,94,95,-1
115900046,83,255,-172
115900047,8,13,-5
115900049,40,180,-140
115900051,1,39,-38
115900052,9,305,-296
115900053,31,238,-207
115900054,14,40,-26
115900055,14,171,-157
115900056,45,418,-373
115900057,0,2,-2
115900058,53,59,-6
115900060,14,117,-103
115900061,15,0,15
115900062,7,290,-283
115900063,40,8,32
115900064,99,108,-9
115900065,15,155,-140
115900066,159,161,-2
115900067,5,766,-761
115900068,3756,50,3706
115900069,51,100,-49
115900070,33,235,-202
115900071,0,731,-731
115900072,100,232,-132
115900073,5,9,-4
115900074,7,364,-357
115900075,12,371,-359
115900076,0,61,-61
115900077,8,331,-323
115900078,10,157,-147
115900079,20,7,13
115900080,201,85,116
115900081,7,91,-84
115900082,84,113,-29
115900084,33,17,16
115900085,34,34,0
115900086,1262,309,953
115900088,11,18,-7
115900089,29,745,-716
115900090,22,5,17
115900091,1,21,-20
115900092,5,230,-225
115900093,0,36,-36
115900094,4,423,-419
115900096,0,12,-12
115900097,10,580,-570
115900098,54,384,-330
115900099,3,55,-52
115900100,6,486,-480
115900101,43,344,-301
115900102,0,57,-57
115900103,62,200,-138
115900104,6,123,-117
115900105,14,512,-498
115900106,9,16,-7
115900107,2,154,-152
115900108,12,39,-27
115900109,26,379,-353
115900110,0,7,-7
115900111,1,106,-105
115900112,24,788,-764
115900113,10,3,7
115900114,0,169,-169
115900115,10,80,-70
115900116,82,974,-892
115900117,10,7,3
115900118,3,494,-491
115900119,14,68,-54
115900120,7,360,-353
115900121,34,255,-221
115900124,84,167,-83
115900125,62,10,52
115900126,194,29,165
115900127,201,15,186
115900128,7,43,-36
115900129,279,9,270
115900130,35,77,-42
115900131,48,5,43
115900132,43,4,39
115900134,65,12,53
115900135,333,288,45
115900137,5,0,5
115900139,53,20,33
115900140,26,9,17
115900141,5,38,-33
115900142,10,7,3
115900143,20,125,-105
115900144,7,127,-120
115900146,2,110,-108
115900147,46,83,-37
115900148,5,3,2
115900149,10,21,-11
115900150,4,40,-36
115900151,7,51,-44
115900152,12,339,-327
115900153,13,221,-208
115900154,462,177,285
115900155,0,78,-78
115900156,289,467,-178
115900157,15,261,-246
115900158,16,6,10
115900159,10,156,-146
115900160,0,5,-5
115900161,11,98,-87
115900163,43,68,-25
115900164,25,53,-28
115900165,1,61,-60
115900166,74,143,-69
115900168,12,111,-99
115900171,18,254,-236
115900172,8,97,-89
115900173,68,90,-22
115900174,161,134,27
115900175,27,85,-58
115900178,9,698,-689
115900179,18,10,8
115900180,12,204,-192
115900181,55,224,-169
115900182,65,277,-212
115900183,46,6,40
115900184,322,5,317
115900187,8,62,-54
115900189,1,45,-44
115900190,440,216,224
115900191,54,418,-364
115900192,5,36,-31
115900193,36,28,8
115900194,168,8,160
115900195,277,302,-25
115900198,75,199,-124
115900199,81,254,-173
115900200,147,272,-125
115900201,90,183,-93
115900202,0,5,-5
115900203,2,0,2
115900204,0,0,0
115900205,24,3,21
115900206,8,90,-82
115900207,3,8,-5
115900208,5,230,-225
115900209,0,126,-126
115900210,0,187,-187
115900211,0,188,-188
115900212,22,179,-157
115900213,0,1,-1
115900214,48,217,-169
115900215,15,18,-3
115900216,2,96,-94
115900217,1,104,-103
115900218,1,67,-66
115900219,4,2,2
115900220,7,4,3
115900221,6,8,-2
115900222,2,7,-5
115900223,0,14,-14
115900224,595,46,549
115900225,65,5,60
115900226,4,22,-18
115900227,0,17,-17
115900228,1,15,-14
115900229,1,16,-15
115900230,39,27,12
115900231,16,1,15
115900232,7,1,6
115900233,10,3,7
115900234,9,17,-8
115900235,3,8,-5
115900236,3,11,-8
115900237,0,60,-60
115900238,2,29,-27
115900239,1,36,-35
115900240,0,83,-83
115900241,24,46,-22
115900242,67,30,37
115900243,16,2,14
115900244,3,16,-13
115900245,10,18,-8
115900246,2,0,2
115900247,7,1,6
115900248,4,5,-1
115900249,3,4,-1
115900250,2,9,-7
115900251,0,8,-8
115900252,1,0,1
115900253,2,2,0
115900254,13,10,3
115900255,3,20,-17
115900256,13,12,1
115900257,0,1,-1
115900258,0,1,-1
115900259,1,1,0
115900260,13,0,13
115900261,4,3,1
115900262,8,0,8
115900263,1,2,-1
115900264,11,11,0
115900265,0,4,-4
115900266,1,0,1
115900267,1,2,-1
115900268,4,5,-1
115900269,83,262,-179
115900270,70,632,-562
115900271,5,1,4
115900272,5,0,5
115900273,1,7,-6
115900274,3,15,-12
115900275,0,34,-34
115900276,0,89,-89
115900277,0,109,-109
115900278,5,70,-65
115900279,4,53,-49
115900280,11,49,-38
115900281,242,35,207
115900282,9,5,4
116000001,17638,3503,14135
116000002,1795,1625,170
116000003,1046,1598,-552
116000004,547,734,-187
116000005,1346,1834,-488
116000006,700,522,178
116000007,2373,3165,-792
116000008,1718,825,893
116000009,1076,2263,-1187
116000010,455,390,65
116000011,377,1350,-973
116000012,266,328,-62
116000013,13538,3349,10189
116000014,17664,2341,15323
116000015,453,373,80
116000016,6699,809,5890
116000017,17,285,-268
116000018,489,272,217
116000019,118,171,-53
116000020,213,930,-717
116000021,79,186,-107
116000022,84,321,-237
116000023,245,249,-4
116000024,440,1265,-825
116000025,197,311,-114
116000026,833,1940,-1107
116000027,395,358,37
116000028,86,164,-78
116000029,736,395,341
116000030,55,46,9
116000031,113,165,-52
116000032,45,232,-187
116000033,35,289,-254
116000034,71,327,-256
116000035,48,459,-411
116000036,1048,229,819
116000037,215,163,52
116000038,178,101,77
116000039,365,168,197
116000040,285,61,224
116000041,128,399,-271
116000042,202,141,61
116000043,31,330,-299
116000044,4,33,-29
116000045,265,226,39
116000046,667,480,187
116000047,1192,1190,2
116000048,480,520,-40
116000049,253,617,-364
116000050,652,1035,-383
116000051,525,567,-42
116000052,1520,2143,-623
116000053,405,286,119
116000054,240,1581,-1341
116000055,184,966,-782
116000056,44,244,-200
116000057,2059,1460,599
116000058,1995,1008,987
116000059,1513,1361,152
116000060,2292,516,1776
116000061,238,399,-161
116000062,313,157,156
116000063,156,458,-302
116000066,12,54,-42
116000067,122,606,-484
116000068,20,27,-7
116000069,129,351,-222
116000078,55,261,-206
116000080,554,776,-222
116000082,5,100,-95
116000083,394,243,151
116000084,1121,2376,-1255
116000085,975,483,492
116000086,1164,870,294
116000087,645,491,154
116000088,489,874,-385
116000089,78,55,23
116000090,29,56,-27
116000091,95,52,43
116000093,1255,514,741
116000094,175,606,-431
116000095,256,411,-155
116000096,229,814,-585
116000097,169,597,-428
116000098,86,2355,-2269
116000099,5813,190,5623
116000100,38,2,36
116000101,253,1289,-1036
116000102,53,922,-869
116000103,111,183,-72
116000104,28,1131,-1103
116000105,241,185,56
116000106,45,956,-911
116000107,267,441,-174
116000108,4,139,-135
116000111,35,14,21
116000113,29,24,5
116000114,15,130,-115
116000115,87,26,61
116000116,110,575,-465
116000117,372,608,-236
116000118,443,1436,-993
116000119,481,494,-13
116000120,1266,4087,-2821
116000121,277,186,91
116000122,818,2599,-1781
116000123,151,200,-49
116000124,150,1180,-1030
116000125,427,279,148
116000126,182,1301,-1119
116000127,628,1398,-770
116000128,538,377,161
116000129,151,131,20
116000130,56,112,-56
116000133,158,669,-511
116000134,349,2369,-2020
116000135,386,883,-497
116000136,237,1780,-1543
116000137,193,333,-140
116000138,1252,275,977
116000139,730,1599,-869
116000140,57,194,-137
116000141,202,731,-529
116000142,2561,2964,-403
116000143,902,799,103
116000144,779,2536,-1757
116000145,544,1043,-499
116000146,35,216,-181
116000147,89,46,43
116000148,97,237,-140
116000149,119,332,-213
116000151,261,897,-636
116000153,11,93,-82
116000155,25,48,-23
116000156,1172,854,318
116000157,2,2,0
116000158,35,329,-294
116000159,1,1,0
116000160,16,133,-117
116000161,22,94,-72
116000162,46,50,-4
116000163,9,3,6
116000164,2,9,-7
116000177,2,91,-89
116000194,29,314,-285
116000195,493,361,132
116000196,2,5,-3
116000197,2,5,-3
116000198,595,472,123
116000200,480,134,346
116000201,284,517,-233
116000202,4,186,-182
116000203,1,83,-82
116000204,5,27,-22
116000205,0,154,-154
116000206,3,78,-75
116000207,1,29,-28
116000233,45,849,-804
116000287,29,602,-573
116000288,22,181,-159
116000292,15,221,-206
116000296,1,133,-132
116000297,29,2,27
116000304,13,14,-1
116000305,2,64,-62
116000346,37,222,-185
116000352,11,63,-52
116000354,10,18,-8
116000357,3,12,-9
116000358,49,12,37
116000361,83,5,78
116000372,7724,1340,6384
116000381,25,2,23
116000388,1,48,-47
116000389,173,348,-175
116000445,67,846,-779
116000446,84,717,-633
116000447,5,299,-294
116000448,289,110,179
116000563,224,158,66
116000565,122,397,-275
116000568,14,43,-29
116000579,23,155,-132
116000584,1,18,-17
116000585,6,7,-1
116000586,217,62,155
116000587,5,349,-344
116000589,3,78,-75
116000590,11,15,-4
116000591,41,160,-119
116000592,5,107,-102
116000593,0,11,-11
116000594,112,643,-531
116000595,90,213,-123
116000596,13,10,3
116000597,37,39,-2
116000598,4,274,-270
116000602,66,51,15
116000605,88,102,-14
116000606,3,36,-33
116000607,3,59,-56
116000609,108,290,-182
116000611,18,495,-477
116000612,236,1059,-823
116000613,107,190,-83
116000614,274,852,-578
116000615,1,74,-73
116000616,16,141,-125
116000617,51,107,-56
116000618,1,219,-218
116000619,5,51,-46
116000620,0,0,0
116000621,1,22,-21
116000622,4,24,-20
116000624,9,51,-42
116000627,3,34,-31
116000628,10,737,-727
116000629,27,515,-488
116000630,66,21,45
116000631,3,46,-43
116000632,82,668,-586
116000633,1,504,-503
116000634,66,11,55
116000635,794,411,383
116000636,338,469,-131
116000637,21,3,18
116000638,4,318,-314
116900001,50,87,-37
116900002,146,5,141
116900003,2,120,-118
116900004,7,7,0
116900005,40,61,-21
116900006,110,88,22
116900007,23,120,-97
116900008,57,475,-418
116900009,4,4,0
116900010,2,1446,-1444
116900011,7,33,-26
116900012,55,129,-74
116900013,2,213,-211
116900014,9,448,-439
116900015,33,36,-3
116900016,11,0,11
116900017,1,719,-718
116900018,15,13,2
116900019,4,366,-362
116900020,1300,82,1218
116900023,6,3,3
116900024,45,44,1
116900025,71,1019,-948
116900026,96,570,-474
116900027,5,20,-15
116900028,2,90,-88
116900029,2,10,-8
116900031,0,8,-8
116900032,3,308,-305
116900033,0,3,-3
116900034,6,56,-50
116900035,36,159,-123
116900036,0,64,-64
116900038,1,4,-3
116900041,7,4,3
116900042,991,158,833
116900043,8,44,-36
116900047,63,25,38
116900049,30,186,-156
116900050,23,236,-213
116900051,6,280,-274
116900052,42,22,20
116900055,0,2,-2
116900057,15,254,-239
116900058,13,271,-258
116900059,1,140,-139
116900060,47,207,-160
116900062,0,1,-1
116900064,36,956,-920
116900065,0,51,-51
116900067,11,67,-56
116900068,40,425,-385
116900070,0,2,-2
116900072,3,449,-446
116900073,2,172,-170
116900074,0,32,-32
116900076,0,13,-13
116900077,5,168,-163
116900078,143,123,20
116900079,7,256,-249
116900080,4,18,-14
116900081,95,1054,-959
116900082,141,816,-675
116900083,1,69,-68
116900084,41,38,3
116900085,8,143,-135
116900086,21,195,-174
116900088,169,31,138
116900090,163,31,132
116900091,37,88,-51
116900092,23,636,-613
116900093,1571,750,821
116900094,5320,971,4349
116900095,36,142,-106
116900096,66,53,13
116900097,2153,487,1666
116900098,852,74,778
116900099,345,210,135
116900100,169,8,161
116900101,170,563,-393
116900103,3,0,3
116900104,14,57,-43
116900105,57,12,45
116900106,183,591,-408
116900107,3272,404,2868
116900110,5,0,5
116900111,50,1154,-1104
116900112,32,549,-517
116900113,2011,280,1731
116900116,46,84,-38
116900117,7,72,-65
116900118,861,244,617
116900120,54,80,-26
116900121,10,31,-21
116900122,127,1018,-891
116900123,46,881,-835
116900124,32,541,-509
116900125,108,206,-98
116900126,176,345,-169
116900128,1,42,-41
116900129,1,279,-278
116900130,988,977,11
116900131,14,110,-96
116900132,16,44,-28
116900133,15,89,-74
116900134,47,188,-141
116900136,78,73,5
116900137,104,154,-50
116900138,40,147,-107
116900139,40,247,-207
116900140,73,152,-79
116900141,221,311,-90
116900142,0,9,-9
116900143,69,460,-391
116900144,4,20,-16
116900145,25,268,-243
116900147,270,224,46
116900148,0,20,-20
116900149,8,59,-51
116900150,0,3,-3
116900151,10,5,5
116900153,9,38,-29
116900154,81,73,8
116900155,12,30,-18
116900157,57,212,-155
116900158,7,27,-20
116900159,15,140,-125
116900160,342,125,217
116900161,7065,1303,5762
116900162,1,96,-95
116900163,21,110,-89
116900164,8,28,-20
116900165,26,32,-6
116900166,2,60,-58
116900167,61,52,9
116900168,67,86,-19
116900169,165,63,102
116900170,46,107,-61
116900171,8,181,-173
116900172,103,32,71
116900173,24,65,-41
116900174,2,16,-14
116900175,33,53,-20
116900178,7,146,-139
116900179,37,30,7
116900180,10,24,-14
116900182,137,152,-15
116900183,45,47,-2
116900185,3,12,-9
116900186,18,298,-280
116900187,8,6,2
116900188,20,15,5
116900189,5,2,3
116900191,131,258,-127
116900192,66,93,-27
116900194,5,203,-198
116900195,23,3,20
116900196,24,104,-80
116900197,14,0,14
116900198,216,65,151
116900200,2,70,-68
116900201,8,7,1
116900202,68,47,21
116900203,21,3,18
116900204,22,38,-16
116900206,1,21,-20
116900207,6,21,-15
116900208,3,77,-74
116900209,3,99,-96
116900210,131,121,10
116900211,96,8,88
116900212,5,102,-97
116900213,17,101,-84
116900214,25,99,-74
116900215,5,49,-44
116900216,57,360,-303
116900218,10,320,-310
116900219,549,334,215
116900220,28,103,-75
116900221,23,171,-148
116900222,122,126,-4
116900223,38,129,-91
116900226,11,69,-58
116900227,28,44,-16
116900228,74,271,-197
116900230,16,329,-313
116900231,2,397,-395
116900232,2,333,-331
116900233,23,28,-5
116900234,2,1,1
116900235,50,303,-253
116900238,960,185,775
116900239,13,285,-272
116900240,4570,852,3718
116900241,8,156,-148
116900242,255,91,164
116900243,2,83,-81
116900245,18,1,17
116900246,7,3,4
116900247,62,10,52
116900248,17,9,8
116900249,36,50,-14
116900250,43,58,-15
116900251,163,45,118
116900252,8,753,-745
116900253,8,31,-23
116900254,0,76,-76
116900255,66,5,61
116900256,48,38,10
116900257,8,633,-625
116900258,1,411,-410
116900259,9,3,6
116900260,0,180,-180
116900261,6,1,5
116900262,54,142,-88
116900263,0,3,-3
116900264,1,2,-1
116900265,2,0,2
116900266,0,25,-25
116900267,2,0,2
116900268,0,2,-2
116900269,91,214,-123
116900271,2558,46,2512
116900272,330,492,-162
116900273,119,18,101
116900274,7,30,-23
116900275,23,120,-97
116900276,718,16,702
116900277,319,7,312
116900278,0,5,-5
116900279,0,13,-13
116900280,1,27,-26
116900281,6086,731,5355
116900282,5,114,-109
116900283,12,81,-69
116900284,6,149,-143
116900285,144,47,97
116900286,83,3,80
116900287,5,75,-70
116900288,5,84,-79
116900289,1,34,-33
116900290,0,16,-16
116900291,0,16,-16
116900292,1,1,0
116900293,5,98,-93
116900294,21,90,-69
116900295,13,10,3
116900296,3,1,2
116900297,0,5,-5
116900298,11,17,-6
116900299,4,17,-13
116900300,12,43,-31
116900301,6,31,-25
116900302,6,7,-1
116900303,286,14,272
116900304,0,46,-46
116900305,1,4,-3
116900306,4,53,-49
117000001,379,548,-169
117000002,733,3084,-2351
117000003,1854,1044,810
117000004,2622,3715,-1093
117000005,437,541,-104
117000006,445,3107,-2662
117000007,805,372,433
117000008,764,3170,-2406
117000009,1482,504,978
117000010,1417,3113,-1696
117000011,307,680,-373
117000012,485,1469,-984
117000013,241,511,-270
117000014,296,1674,-1378
117000015,1128,476,652
117000016,134,54,80
117000017,88,109,-21
117000018,38,247,-209
117000019,0,0,0
117000020,416,632,-216
117000021,1936,134,1802
117000022,127,38,89
117000023,122,75,47
117000024,237,87,150
117000025,316,520,-204
117000026,459,146,313
117000027,1046,986,60
117000028,103,120,-17
117000030,221,333,-112
117000031,74,26,48
117000032,982,889,93
117000033,484,468,16
117000034,100,209,-109
117000035,28,26,2
117000036,107,194,-87
117000037,25,33,-8
117000038,36,221,-185
117000039,43,178,-135
117000040,43,1474,-1431
117000041,172,54,118
117000044,16,995,-979
117000045,82,18,64
117000046,182,650,-468
117000047,105,163,-58
117000048,1450,1067,383
117000049,75,218,-143
117000050,26,2764,-2738
117000051,601,121,480
117000052,4,795,-791
117000053,55,66,-11
117000054,348,0,348
117000055,11,3410,-3399
117000056,130,5,125
117000057,594,1625,-1031
117000060,213,1736,-1523
117000061,202,260,-58
117000062,85,312,-227
117000063,215,232,-17
117000064,571,566,5
117000066,917,559,358
117000067,53,171,-118
117000074,43,68,-25
117000076,25,15,10
117000077,60,45,15
117000078,61,452,-391
117000079,28,43,-15
117000080,0,319,-319
117000081,166,58,108
117000082,11,34,-23
117000083,8,0,8
117000084,0,0,0
117000085,58,271,-213
117000086,307,549,-242
117000087,79,345,-266
117000088,65,38,27
117000089,471,141,330
117000090,112,1604,-1492
117000091,203,110,93
117000092,184,1941,-1757
117000093,213,165,48
117000094,352,2314,-1962
117000095,472,337,135
117000096,331,2620,-2289
117000097,279,500,-221
117000098,2149,5418,-3269
117000099,604,317,287
117000100,43,88,-45
117000101,164,1158,-994
117000102,319,218,101
117000103,590,1671,-1081
117000104,277,247,30
117000105,304,1985,-1681
117000106,162,187,-25
117000107,300,2443,-2143
117000108,238,240,-2
117000109,992,3050,-2058
117000110,351,252,99
117000111,1125,1972,-847
117000112,780,881,-101
117000113,45,333,-288
117000114,26,38,-12
117000115,37,191,-154
117000116,12,109,-97
117000117,559,99,460
117000118,58,100,-42
117000119,22,16,6
117000120,47,15,32
117000121,39,76,-37
117000122,227,195,32
117000123,735,7,728
117000124,89,4,85
117000125,107,29,78
117000126,16,24,-8
117000127,78,218,-140
117000128,191,312,-121
117000129,120,81,39
117000130,2,8,-6
117000131,0,24,-24
117000132,302,33,269
117000133,233,295,-62
117000134,1,104,-103
117000135,3,31,-28
117000136,2,38,-36
117000137,15,39,-24
117000138,1,242,-241
117000140,254,1581,-1327
117000141,280,173,107
117000181,718,146,572
117000182,56,35,21
117000195,117,1356,-1239
117000196,30,19,11
117000225,39,0,39
117000226,3,36,-33
117000276,32,1,31
117000277,2,550,-548
117000310,1766,1406,360
117000315,11,146,-135
117000320,0,0,0
117000906,34,5,29
117000907,5,410,-405
117000908,34,3,31
117000909,26,15,11
117000910,116,109,7
117000911,96,181,-85
117000915,10,573,-563
117000916,2,0,2
117000917,184,8,176
117000918,2,15,-13
117000919,7,90,-83
117000920,3,1793,-1790
117000921,9,2396,-2387
117000922,0,0,0
117000924,91,195,-104
117000926,906,50,856
117000927,53,134,-81
117000928,0,324,-324
117000929,67,599,-532
117000930,32,9,23
117000931,195,23,172
117900002,72,242,-170
117900003,698,142,556
117900005,3,19,-16
117900006,0,19,-19
117900007,27,166,-139
117900008,0,36,-36
117900010,40,184,-144
117900011,6,7,-1
117900012,5,168,-163
117900013,0,279,-279
117900014,71,316,-245
117900015,16,325,-309
117900016,890,136,754
117900017,78,540,-462
117900018,81,22,59
117900019,54,558,-504
117900020,43,37,6
117900021,6,148,-142
117900022,14,7,7
117900023,529,23,506
117900024,21,247,-226
117900025,14,8,6
117900026,73,412,-339
117900028,5,0,5
117900029,69,911,-842
117900030,75,74,1
117900031,20,25,-5
117900032,125,142,-17
117900033,40,882,-842
117900034,8,26,-18
117900035,37,27,10
117900036,41,736,-695
117900037,11,77,-66
117900038,11,452,-441
117900039,2,68,-66
117900040,111,568,-457
117900041,1,58,-57
117900042,4105,323,3782
117900043,23,45,-22
117900044,23,429,-406
117900045,36,28,8
117900048,95,318,-223
117900049,36,481,-445
117900050,1,15,-14
117900051,4,3,1
117900052,18,71,-53
117900053,356,654,-298
117900054,0,21,-21
117900055,52,22,30
117900056,117,12,105
117900057,506,994,-488
117900058,26,2,24
117900059,38,14,24
117900060,251,4855,-4604
117900061,2,51,-49
117900063,47,154,-107
117900065,413,868,-455
117900066,0,12,-12
117900067,68,228,-160
117900069,121,352,-231
117900070,53,2,51
117900071,17,94,-77
117900073,74,358,-284
117900074,14,3,11
117900075,11,45,-34
117900076,3,24,-21
117900077,22,21,1
117900078,85,180,-95
117900080,17,27,-10
117900081,365,349,16
117900082,138,100,38
117900083,34,653,-619
117900086,19,27,-8
117900087,2,51,-49
117900088,1837,1100,737
117900089,483,142,341
117900090,56,732,-676
117900091,103,65,38
117900092,7,37,-30
117900093,2,64,-62
117900094,9,1,8
117900095,53,529,-476
117900096,11,142,-131
117900097,13,43,-30
117900098,2,2,0
117900099,21,343,-322
117900100,11,0,11
117900101,220,414,-194
117900102,8,19,-11
117900103,6,0,6
117900104,3,45,-42
117900105,28,98,-70
117900106,11,23,-12
117900107,7,0,7
117900109,64,190,-126
117900110,3,0,3
117900111,34,2,32
117900112,9,8,1
117900113,2452,552,1900
117900114,3,0,3
117900115,24,5,19
117900116,591,428,163
117900117,178,209,-31
117900118,1,0,1
117900119,16,377,-361
117900120,23,51,-28
117900121,3,18,-15
117900122,593,415,178
117900123,169,918,-749
117900124,268,379,-111
117900125,454,463,-9
117900126,196,404,-208
117900127,139,565,-426
117900128,76,861,-785
117900129,3,0,3
117900130,306,196,110
117900131,1,76,-75
117900132,7,109,-102
117900133,1,181,-180
117900134,9,208,-199
117900135,2,280,-278
117900136,1,60,-59
117900137,14,349,-335
117900138,0,55,-55
117900139,16,89,-73
117900140,4063,96,3967
117900141,70,184,-114
117900142,4,2,2
117900144,11,20,-9
117900145,13,8,5
117900146,44,39,5
117900147,15,55,-40
117900148,1839,494,1345
117900149,14,117,-103
117900150,13,200,-187
117900151,12,199,-187
117900152,20,72,-52
117900153,8,78,-70
117900154,81,462,-381
117900156,335,252,83
117900157,19,195,-176
117900158,21,19,2
117900160,207,191,16
117900161,2008,1819,189
117900162,21,198,-177
117900163,34,9,25
117900165,2,9,-7
117900166,28,72,-44
117900168,55,131,-76
117900169,2,89,-87
117900170,0,12,-12
117900171,0,12,-12
117900172,3,26,-23
117900173,102,23,79
117900174,12,35,-23
117900175,0,13,-13
117900176,4,30,-26
117900177,3,70,-67
117900178,59,15,44
117900180,180,15,165
117900181,76,50,26
117900182,0,2,-2
117900183,3,78,-75
117900184,1,15,-14
117900185,1,17,-16
117900186,6,11,-5
117900187,11,4,7
117900188,37,8,29
117900189,20,4,16
117900190,1,1,0
117900191,6,0,6
117900192,23,1,22
117900193,4,38,-34
117900194,1,2,-1
117900195,0,8,-8
117900196,0,6,-6
117900207,36,32,4
117900208,24,30,-6
117900209,69,86,-17
117900210,84,70,14
117900211,9,164,-155
117900212,38,82,-44
117900213,1,5,-4
117900214,1,57,-56
117900215,0,5,-5
117900216,8,8,0
117900217,10,24,-14
117900218,86,17,69
117900219,0,28,-28
117900220,4,8,-4
117900222,57,208,-151
117900223,47,54,-7
118000001,266,166,100
118000002,799,1218,-419
118000003,420,505,-85
118000004,1396,1283,113
118000005,1903,799,1104
118000006,6373,3113,3260
118000007,3088,1292,1796
118000008,2667,1775,892
118000009,1218,2198,-980
118000010,2326,2648,-322
118000011,311,2149,-1838
118000012,406,2213,-1807
118000013,2235,2267,-32
118000014,988,2762,-1774
118000016,170,498,-328
118000017,90,155,-65
118000018,142,559,-417
118000019,1210,707,503
118000020,1222,673,549
118000021,627,893,-266
118000022,1631,327,1304
118000023,928,202,726
118000024,1060,372,688
118000027,12328,2461,9867
118000029,954,275,679
118000032,612,546,66
118000033,1207,1055,152
118000034,3111,1271,1840
118000035,595,849,-254
118000036,351,645,-294
118000037,233,678,-445
118000038,60,168,-108
118000039,32,358,-326
118000040,452,1777,-1325
118000041,680,1024,-344
118000045,297,68,229
118000046,828,397,431
118000047,910,218,692
118000048,1578,761,817
118000051,1346,457,889
118000052,1235,366,869
118000053,1055,258,797
118000054,3601,757,2844
118000055,3312,541,2771
118000056,204,136,68
118000057,316,138,178
118000058,932,434,498
118000059,521,499,22
118000060,270,534,-264
118000061,343,713,-370
118000062,124,114,10
118000063,110,250,-140
118000064,464,642,-178
118000065,2482,625,1857
118000066,407,392,15
118000067,783,558,225
118000068,968,1598,-630
118000069,1815,703,1112
118000070,5442,815,4627
118000071,2423,2032,391
118000072,1008,668,340
118000073,1096,282,814
118000074,110,199,-89
118000075,616,285,331
118000076,438,592,-154
118000077,698,720,-22
118000078,826,1082,-256
118000079,144,235,-91
118000080,724,599,125
118000081,601,701,-100
118000082,157,505,-348
118000083,1704,616,1088
118000084,1778,880,898
118000086,84,340,-256
118000087,5388,1640,3748
118000088,1144,1135,9
118000089,2757,2320,437
118000090,1773,1147,626
118000091,1308,1000,308
118000092,1243,256,987
118000093,103,393,-290
118000096,217,311,-94
118000097,155,294,-139
118000098,71,133,-62
118000099,79,855,-776
118000101,202,263,-61
118000102,104,995,-891
118000107,2710,228,2482
118000108,66,173,-107
118000110,0,18,-18
118000111,4,713,-709
118000112,0,0,0
118000113,11,959,-948
118000114,0,0,0
118000115,0,1,-1
118000116,6,0,6
118000117,464,660,-196
118000118,264,310,-46
118000119,310,592,-282
118000120,798,1255,-457
118000121,11,383,-372
118000122,338,79,259
118000123,18,222,-204
118000125,934,1169,-235
118000126,286,1049,-763
118000127,589,259,330
118000128,461,943,-482
118000129,363,145,218
118000130,2362,3514,-1152
118000131,546,1013,-467
118000132,703,523,180
118000133,156,299,-143
118000135,55,81,-26
118000136,107,460,-353
118000137,290,56,234
118000138,89,580,-491
118000139,85,69,16
118000140,1472,1437,35
118000141,639,1091,-452
118000142,697,1591,-894
118000143,392,468,-76
118000144,957,554,403
118000145,939,2124,-1185
118000146,421,1097,-676
118000147,396,1557,-1161
118000148,126,820,-694
118000149,307,953,-646
118000150,90,73,17
118000151,61,178,-117
118000153,290,590,-300
118000154,227,856,-629
118000155,263,681,-418
118000156,1457,1309,148
118000157,163,189,-26
118000158,45,360,-315
118000159,2,9,-7
118000160,73,180,-107
118000161,131,712,-581
118000162,361,485,-124
118000163,146,380,-234
118000164,989,768,221
118000168,1508,147,1361
118000169,615,1375,-760
118000170,2305,5060,-2755
118000171,27,230,-203
118000172,15,78,-63
118000173,346,774,-428
118000175,125,122,3
118000176,74,150,-76
118000177,42,211,-169
118000178,11,20,-9
118000179,659,171,488
118000180,236,237,-1
118000181,486,204,282
118000182,239,169,70
118000183,110,126,-16
118000184,85,446,-361
118000185,866,423,443
118000186,474,569,-95
118000187,297,796,-499
118000188,146,169,-23
118000189,68,638,-570
118000190,3,5,-2
118000191,11,27,-16
118000192,68,74,-6
118000193,61,157,-96
118000194,1030,377,653
118000195,362,251,111
118000196,62,37,25
118000197,122,82,40
118000198,207,145,62
118000199,390,173,217
118000200,7,9,-2
118000201,183,210,-27
118000202,1,5,-4
118000203,600,178,422
118000204,133,84,49
118000205,195,103,92
118000206,93,108,-15
118000207,0,93,-93
118000208,405,850,-445
118000209,805,1351,-546
118000210,7,10,-3
118000211,1,7,-6
118000213,190,330,-140
118000214,370,117,253
118000215,115,212,-97
118000216,4,642,-638
118000217,14,74,-60
118000218,16,64,-48
118000219,167,211,-44
118000220,0,5,-5
118000221,19,137,-118
118000222,93,22,71
118000223,2,14,-12
118000224,148,80,68
118000225,30,822,-792
118000226,35,21,14
118000227,482,117,365
118000228,101,82,19
118000229,21,5,16
118000230,25,192,-167
118000231,14,149,-135
118000232,201,756,-555
118000233,247,491,-244
118000234,61,265,-204
118000236,119,427,-308
118000237,31,550,-519
118000238,56,407,-351
118000239,75,143,-68
118000240,496,69,427
118000241,32,190,-158
118000242,123,525,-402
118000243,41,182,-141
118000244,15,183,-168
118000246,0,9,-9
118000255,25,196,-171
118000256,18,148,-130
118000259,3,32,-29
118000260,38,57,-19
118000261,2,108,-106
118000263,21,135,-114
118000266,52,365,-313
118000267,0,111,-111
118000268,3,3,0
118000270,5,25,-20
118000271,46,222,-176
118000272,11,15,-4
118000273,16,124,-108
118000274,77,347,-270
118000276,71,263,-192
118000295,2,37,-35
118000298,53,381,-328
118000299,35,180,-145
118000301,0,42,-42
118000302,13,70,-57
118000311,44,110,-66
118000312,33,293,-260
118000313,16,203,-187
118000314,18,79,-61
118000315,18,65,-47
118000316,175,371,-196
118000325,9,70,-61
118000326,7,26,-19
118000331,6,84,-78
118000332,2,59,-57
118000333,0,63,-63
118000335,0,0,0
118000336,3,405,-402
118000407,6,38,-32
118000457,1,31,-30
118000465,1955,1200,755
118000480,2,110,-108
118000489,65,50,15
118000490,75,428,-353
118000492,72,112,-40
118000510,46,18,28
118000514,46,255,-209
118000515,86,82,4
118000517,333,208,125
118000524,529,115,414
118000525,489,583,-94
118000530,11,68,-57
118000531,56,124,-68
118000532,86,257,-171
118000533,143,132,11
118000534,133,377,-244
118000535,48,73,-25
118000536,229,118,111
118000537,19,38,-19
118000538,8,103,-95
118000539,3,64,-61
118000540,84,255,-171
118000541,27,92,-65
118000542,14,77,-63
118000543,63,128,-65
118000546,12,24,-12
118000560,2655,282,2373
118000562,4,204,-200
118000563,907,663,244
118000576,85,171,-86
118000577,98,86,12
118000578,53,64,-11
118000579,434,501,-67
118000595,92,44,48
118000596,0,59,-59
118000597,44,79,-35
118000598,3,0,3
118000599,11,24,-13
118000600,0,54,-54
118000601,3,0,3
118000602,0,32,-32
118000603,0,35,-35
118900001,663,198,465
118900002,676,223,453
118900003,26,7,19
118900004,4,29,-25
118900005,27,0,27
118900006,2,0,2
118900007,1,5,-4
118900008,663,19,644
118900009,0,0,0
118900010,2,0,2
118900011,39,6,33
118900012,103,177,-74
118900013,129,3,126
118900015,33,23,10
118900016,1,9,-8
118900017,2,14,-12
118900018,328,3,325
118900019,74,4,70
118900020,16,21,-5
118900021,34,204,-170
118900022,70,73,-3
118900023,19,21,-2
118900024,6,63,-57
118900025,0,2,-2
118900026,16,76,-60
118900027,60,50,10
118900028,18,107,-89
118900029,33,162,-129
118900030,3,1,2
118900031,51,83,-32
118900032,16,51,-35
118900033,96,378,-282
118900034,1,0,1
118900035,43,222,-179
118900036,244,503,-259
118900037,27,99,-72
118900038,53,391,-338
118900039,30,94,-64
118900040,60,150,-90
118900041,38,57,-19
118900042,26,53,-27
118900045,55,95,-40
118900046,847,91,756
118900047,488,91,397
118900048,15,89,-74
118900049,10,8,2
118900050,1,144,-143
118900051,7,16,-9
118900052,29,128,-99
118900053,6,9,-3
118900054,32,49,-17
118900055,5,116,-111
118900056,0,35,-35
118900057,66,179,-113
118900058,63,266,-203
118900059,1,15,-14
118900060,10,91,-81
118900062,19,106,-87
118900064,295,81,214
118900065,7,45,-38
118900066,17,24,-7
118900067,7076,1376,5700
118900068,2,21,-19
118900069,77,143,-66
118900071,2,23,-21
118900072,135,187,-52
118900073,25,50,-25
118900074,24,58,-34
118900075,2,24,-22
118900076,34,24,10
118900077,38,90,-52
118900078,2,3,-1
118900079,23,75,-52
118900080,0,28,-28
118900081,9,7,2
118900082,102,107,-5
118900083,5,26,-21
118900084,7,11,-4
118900085,201,561,-360
118900086,3,6,-3
118900087,13,64,-51
118900088,0,24,-24
118900089,9,3,6
118900090,108,339,-231
118900091,54,15,39
118900092,19,76,-57
118900093,28,5,23
118900096,13,4,9
118900097,93,631,-538
118900099,15,200,-185
118900100,26,94,-68
118900101,15,737,-722
118900102,0,41,-41
118900103,7,32,-25
118900104,31,138,-107
118900105,80,74,6
118900107,102,84,18
118900108,38,128,-90
118900110,225,116,109
118900111,49,406,-357
118900112,5,54,-49
118900113,10,405,-395
118900114,5,33,-28
118900115,63,242,-179
118900116,31,137,-106
118900117,14,137,-123
118900118,43,443,-400
118900119,18,245,-227
118900120,55,216,-161
118900121,0,119,-119
118900122,4,179,-175
118900123,84,190,-106
118900124,16,145,-129
118900126,0,135,-135
118900129,24,95,-71
118900130,5,27,-22
118900131,26,254,-228
118900132,75,108,-33
118900133,7,44,-37
118900135,31,156,-125
118900136,75,764,-689
118900137,0,7,-7
118900139,31,407,-376
118900140,119,802,-683
118900141,16,186,-170
118900144,26,821,-795
118900145,5,142,-137
118900146,91,579,-488
118900147,15,40,-25
118900148,9,35,-26
118900150,11,89,-78
118900152,114,645,-531
118900157,12,17,-5
118900158,10,21,-11
118900159,0,145,-145
118900161,7,1,6
118900163,42,17,25
118900164,5,22,-17
118900165,15,268,-253
118900166,24,11,13
118900167,8,188,-180
118900168,1,41,-40
118900169,34,524,-490
118900170,11,94,-83
118900171,8,19,-11
118900174,15,74,-59
118900175,39,323,-284
118900176,14,128,-114
118900177,4,42,-38
118900178,12,55,-43
118900179,0,41,-41
118900181,27,76,-49
118900182,18,29,-11
118900183,3,30,-27
118900184,68,28,40
118900185,7,74,-67
118900186,23,57,-34
118900187,70,153,-83
118900188,42,176,-134
118900189,3,138,-135
118900190,8,359,-351
118900191,22,8,14
118900192,16,4,12
118900193,15,6,9
118900195,48,522,-474
118900196,17,144,-127
118900197,6,24,-18
118900198,2,84,-82
118900199,13,54,-41
118900200,3,3,0
118900201,3,3,0
118900202,12,72,-60
118900203,2,40,-38
118900204,7,54,-47
118900205,0,19,-19
118900206,7,60,-53
119000001,429,485,-56
119000002,1647,1488,159
119000003,613,1491,-878
119000004,580,750,-170
119000005,596,931,-335
119000006,565,994,-429
119000007,1109,1729,-620
119000008,821,1855,-1034
119000009,2245,1506,739
119000010,6947,3296,3651
119000011,5448,1180,4268
119000012,5095,1953,3142
119000013,1689,829,860
119000014,1487,2576,-1089
119000019,67,164,-97
119000020,413,1053,-640
119000021,1497,1459,38
119000022,2480,682,1798
119000023,52,82,-30
119000024,1584,2565,-981
119000025,11423,792,10631
119000026,158,149,9
119000027,459,236,223
119000028,1164,839,325
119000029,84,202,-118
119000030,385,953,-568
119000031,360,607,-247
119000032,2106,1832,274
119000033,1159,1114,45
119000034,574,1080,-506
119000035,13,343,-330
119000036,376,960,-584
119000037,325,1856,-1531
119000038,46,888,-842
119000039,106,269,-163
119000040,755,267,488
119000041,737,620,117
119000048,3603,3421,182
119000049,769,3641,-2872
119000050,830,1616,-786
119000051,959,726,233
119000052,1082,2124,-1042
119000053,923,834,89
119000054,1144,2780,-1636
119000055,938,2665,-1727
119000056,643,1764,-1121
119000057,575,2031,-1456
119000058,855,1691,-836
119000059,427,1075,-648
119000060,400,606,-206
119000061,310,685,-375
119000062,657,1063,-406
119000063,95,115,-20
119000064,767,1229,-462
119000065,1172,2959,-1787
119000066,590,482,108
119000067,1008,2655,-1647
119000068,594,749,-155
119000069,552,2324,-1772
119000070,596,934,-338
119000071,376,798,-422
119000072,4562,3143,1419
119000073,2740,3227,-487
119000074,369,3346,-2977
119000075,359,2453,-2094
119000076,327,747,-420
119000077,345,427,-82
119000078,156,273,-117
119000079,30,474,-444
119000080,46,208,-162
119000081,76,298,-222
119000082,168,250,-82
119000083,128,238,-110
119000084,113,419,-306
119000085,254,137,117
119000086,123,315,-192
119000087,825,599,226
119000088,192,167,25
119000089,40,126,-86
119000090,52,56,-4
119000091,119,230,-111
119000092,317,62,255
119000093,2978,3124,-146
119000094,979,3339,-2360
119000095,566,2505,-1939
119000097,2333,1077,1256
119000098,401,835,-434
119000099,1157,1282,-125
119000100,1140,1427,-287
119000101,1729,2683,-954
119000102,449,381,68
119000103,747,370,377
119000104,2594,1326,1268
119000105,262,449,-187
119000106,102,2036,-1934
119000107,222,274,-52
119000108,113,1409,-1296
119000109,39,377,-338
119000110,330,617,-287
119000111,21,401,-380
119000112,185,216,-31
119000113,1924,266,1658
119000114,505,233,272
119000115,142,73,69
119000116,66,42,24
119000117,50,194,-144
119000118,0,1,-1
119000123,1012,299,713
119000124,139,146,-7
119000125,584,738,-154
119000126,93,683,-590
119000127,121,840,-719
119000128,29,7,22
119000131,250,1204,-954
119000132,3,8,-5
119000133,0,8,-8
119000134,1000,302,698
119000135,25,218,-193
119000136,42,378,-336
119000137,44,580,-536
119000138,61,538,-477
119000139,60,356,-296
119000140,34,158,-124
119000284,1185,2017,-832
119000285,2317,1993,324
119000286,4491,3149,1342
119000287,741,1695,-954
119000288,767,1366,-599
119000289,1214,3114,-1900
119000290,117,448,-331
119000291,7,285,-278
119000293,33,123,-90
119000294,16,16,0
119000295,1531,418,1113
119000296,63,130,-67
119000302,4849,1075,3774
119000303,3,33,-30
119000314,1318,2776,-1458
119000315,2,719,-717
119000316,17,102,-85
119000317,6,550,-544
119900001,57,343,-286
119900002,22,124,-102
119900003,22,1225,-1203
119900004,244,192,52
119900005,24,148,-124
119900006,62,225,-163
119900007,142,19,123
119900008,11,14,-3
119900009,198,407,-209
119900010,544,882,-338
119900011,34,40,-6
119900012,17,24,-7
119900013,795,494,301
119900014,430,188,242
119900015,18,20,-2
119900016,5,97,-92
119900017,8,10,-2
119900018,513,82,431
119900019,4,2,2
119900020,52,99,-47
119900021,14,36,-22
119900022,50,108,-58
119900023,354,154,200
119900025,24,22,2
119900026,689,25,664
119900027,3,12,-9
119900028,30,11,19
119900029,0,7,-7
119900030,61,253,-192
119900031,8,65,-57
119900033,1628,129,1499
119900034,34,157,-123
119900037,10,17,-7
119900038,22,49,-27
119900039,22,1,21
119900040,11,1,10
119900041,17,68,-51
119900042,21,115,-94
119900043,3,146,-143
119900044,98,131,-33
119900046,13,89,-76
119900047,43,8,35
119900048,1,43,-42
119900049,8,5,3
119900050,21,19,2
119900051,72,2,70
119900052,6,108,-102
119900053,69,168,-99
119900054,4,3,1
119900055,230,117,113
119900057,25,106,-81
119900058,45,0,45
119900059,53,18,35
119900060,34,2,32
119900062,3,48,-45
119900063,13,20,-7
119900064,48,51,-3
119900065,27,1,26
119900066,2,0,2
119900067,13,61,-48
119900068,63,1,62
119900069,14,19,-5
119900070,91,2,89
119900071,96,2,94
119900073,1040,314,726
119900074,11,17,-6
119900075,5061,1264,3797
119900076,77,442,-365
119900077,127,1336,-1209
119900078,68,595,-527
119900079,41,254,-213
119900080,257,1017,-760
119900081,22,57,-35
119900082,133,58,75
119900083,0,27,-27
119900084,106,76,30
119900085,109,37,72
119900087,44,86,-42
119900088,26,65,-39
119900089,2,580,-578
119900090,149,56,93
119900091,26,1197,-1171
119900092,5,423,-418
119900093,410,53,357
119900094,6,177,-171
119900095,74,56,18
119900096,25,81,-56
119900097,226,99,127
119900098,10,35,-25
119900099,10,380,-370
119900100,2487,853,1634
119900101,153,604,-451
119900102,20,395,-375
119900103,13,546,-533
119900104,33,261,-228
119900105,284,1693,-1409
119900106,1,201,-200
119900107,162,2842,-2680
119900108,1506,742,764
119900109,17,157,-140
119900110,148,720,-572
119900111,10,335,-325
119900112,2165,333,1832
119900113,25,572,-547
119900114,35,1839,-1804
119900115,19,1338,-1319
119900116,39,152,-113
119900117,94,1156,-1062
119900118,8,1170,-1162
119900119,46,295,-249
119900120,463,700,-237
119900121,81,1433,-1352
119900122,151,385,-234
119900123,49,159,-110
119900124,33,1114,-1081
119900125,20,405,-385
119900126,6542,103,6439
119900127,2146,554,1592
119900128,67,934,-867
119900129,26,923,-897
119900130,62,209,-147
119900131,9,369,-360
119900132,2,340,-338
119900133,5,27,-22
119900134,1874,179,1695
119900135,0,509,-509
119900136,81,563,-482
119900138,220,573,-353
119900139,4,53,-49
119900140,1,140,-139
119900141,111,136,-25
119900142,2,11,-9
119900143,2,269,-267
119900144,1953,128,1825
119900145,38,253,-215
119900146,72,80,-8
119900147,1,76,-75
119900148,42,24,18
119900149,1330,970,360
119900150,81,185,-104
119900151,744,465,279
119900152,31,314,-283
119900153,16,28,-12
119900154,3,389,-386
119900155,4,39,-35
119900156,1,0,1
119900157,11,282,-271
119900158,16,39,-23
119900159,3,1721,-1718
119900160,6,360,-354
119900161,86,250,-164
119900162,308,284,24
119900163,95,72,23
119900164,0,0,0
119900165,15,199,-184
119900166,26,10,16
119900167,33,166,-133
119900168,172,285,-113
119900169,73,117,-44
119900170,49,68,-19
119900171,336,511,-175
119900172,58,8,50
119900173,5,668,-663
119900174,3,399,-396
119900175,180,380,-200
119900177,11,253,-242
119900178,2,234,-232
119900179,23,118,-95
119900180,251,362,-111
119900181,35,7,28
119900182,4,477,-473
119900183,72,927,-855
119900184,2691,385,2306
119900185,5,40,-35
119900186,24,106,-82
119900187,13,608,-595
119900188,15,270,-255
119900189,146,113,33
119900190,26,53,-27
119900191,110,81,29
119900192,3,178,-175
119900193,53,120,-67
119900194,3,13,-10
119900195,3,257,-254
119900196,1978,319,1659
119900197,45,44,1
119900198,29,460,-431
119900199,123,9,114
119900200,103,307,-204
119900201,380,214,166
119900202,136,38,98
119900203,29,83,-54
119900204,54,172,-118
119900205,93,367,-274
119900206,9,117,-108
119900208,54,72,-18
119900209,130,229,-99
119900210,0,32,-32
119900211,24,4,20
119900212,34,300,-266
119900213,2,33,-31
119900214,5,101,-96
119900215,4,93,-89
119900216,1,100,-99
119900217,2,85,-83
119900218,10,83,-73
119900219,3,207,-204
119900220,3,153,-150
119900221,7,499,-492
119900222,8,349,-341
119900223,10,98,-88
119900224,23,43,-20
119900225,1490,56,1434
119900226,663,448,215
119900227,1669,281,1388
119900228,37,296,-259
119900229,114,260,-146
119900230,895,424,471
119900231,21,94,-73
119900232,59,13,46
119900233,6,0,6
119900234,8,12,-4
119900235,2,12,-10
119900236,17,209,-192
119900237,27,431,-404
119900238,0,105,-105
119900240,17,175,-158
119900241,53,254,-201
119900242,1318,301,1017
119900244,405,827,-422
119900245,16,119,-103
119900246,51,64,-13
119900247,5,16,-11
119900248,8,10,-2
119900249,54,8,46
119900253,3249,166,3083
119900254,10,64,-54
119900255,40,690,-650
119900256,42,1724,-1682
119900257,2,0,2
119900258,13,1,12
119900259,1,256,-255
119900260,20,1,19
119900261,40,149,-109
119900262,1,339,-338
119900263,498,409,89
119900264,12,258,-246
119900265,94,321,-227
119900266,62,267,-205
119900267,23,378,-355
119900268,13,253,-240
119900269,132,1842,-1710
119900271,16,55,-39
119900272,38,25,13
119900275,48,5,43
119900276,6,1,5
119900277,3,2,1
119900278,155,17,138
119900279,48,77,-29
119900280,741,175,566
119900281,0,33,-33
119900282,10,2,8
119900283,1,290,-289
119900284,24,140,-116
119900285,14,21,-7
119900286,14,11,3
119900288,4,28,-24
119900289,0,24,-24
119900290,0,26,-26
119900291,1,33,-32
119900292,3,4,-1
119900293,4,1,3
119900294,4,0,4
119900295,1,0,1
119900296,4,48,-44
119900299,13,385,-372
119900300,23,295,-272
119900301,9,27,-18
119900302,8,22,-14
119900303,21,177,-156
119900304,3,16,-13
119900305,37,73,-36
119900306,2,0,2
119900307,15,137,-122
119900308,0,4,-4
119900309,0,26,-26
119900310,164,265,-101
119900311,11,118,-107
119900312,33,71,-38
119900313,38,383,-345
119900314,25,98,-73
119900315,140,3042,-2902
119900318,9,12,-3
119900319,1,405,-404
119900320,24,785,-761
119900321,7,0,7
119900322,81,36,45
119900323,6,89,-83
119900324,0,65,-65
119900325,3,420,-417
119900326,114,57,57
120000001,5614,3452,2162
120000002,1332,3053,-1721
120000003,2895,2077,818
120000004,2410,2486,-76
120000005,4263,2311,1952
120000006,937,1129,-192
120000007,2210,1688,522
120000008,594,1241,-647
120000009,4981,834,4147
120000010,875,3477,-2602
120000011,476,2115,-1639
120000012,1187,3087,-1900
120000013,913,2444,-1531
120000014,271,1170,-899
120000015,1107,1358,-251
120000016,1185,787,398
120000017,663,705,-42
120000018,3036,3176,-140
120000019,320,566,-246
120000020,1188,1431,-243
120000021,1073,1257,-184
120000022,2230,2106,124
120000023,407,999,-592
120000024,840,1384,-544
120000025,729,1705,-976
120000026,409,1583,-1174
120000027,702,1277,-575
120000028,371,312,59
120000029,1774,340,1434
120000030,87,502,-415
120000031,1405,2607,-1202
120000032,10095,2186,7909
120000033,1124,1282,-158
120000034,530,1928,-1398
120000035,820,1940,-1120
120000036,1147,2615,-1468
120000037,251,426,-175
120000038,9496,3052,6444
120000039,204,962,-758
120000040,33,109,-76
120000041,225,2176,-1951
120000042,913,5491,-4578
120000043,2588,2655,-67
120000044,1246,1074,172
120000045,1543,921,622
120000046,804,1194,-390
120000047,1573,1711,-138
120000048,7723,2013,5710
120000049,1143,2067,-924
120000050,1411,3625,-2214
120000051,3637,3166,471
120000052,15049,1754,13295
120000053,481,4137,-3656
120000054,1284,7269,-5985
120000055,633,4369,-3736
120000056,2303,5148,-2845
120000057,851,1302,-451
120000058,145,134,11
120000059,133,1130,-997
120000061,52,649,-597
120000062,152,339,-187
120000063,1840,3847,-2007
120000064,206,2052,-1846
120000065,251,1906,-1655
120000066,64,481,-417
120000067,33,552,-519
120000068,69,1360,-1291
120000069,312,1848,-1536
120000070,16,1103,-1087
120000071,60,192,-132
120000072,112,448,-336
120000073,105,79,26
120000074,26,60,-34
120000075,89,187,-98
120000076,370,223,147
120000077,363,275,88
120000078,2469,362,2107
120000079,14,27,-13
120000080,12,26,-14
120000081,41,30,11
120000082,38,41,-3
120000083,14,48,-34
120000084,265,552,-287
120000085,254,481,-227
120000086,102,744,-642
120000087,65,1411,-1346
120000088,325,1051,-726
120000089,286,195,91
120000090,121,241,-120
120000091,162,491,-329
120000092,193,223,-30
120000093,70,273,-203
120000094,23,180,-157
120000095,368,756,-388
120000096,109,1431,-1322
120000098,387,1062,-675
120000099,66,669,-603
120000100,323,794,-471
120000101,205,550,-345
120000102,92,247,-155
120000103,220,183,37
120000104,326,109,217
120000105,386,133,253
120000106,336,147,189
120000107,509,144,365
120000108,200,47,153
120000109,210,32,178
120000110,53,910,-857
120000111,56,1464,-1408
120000112,273,4493,-4220
120000113,250,3025,-2775
120000114,227,2318,-2091
120000115,146,2040,-1894
120000116,316,1834,-1518
120000117,864,1756,-892
120000118,11,4,7
120000119,8,22,-14
120000120,12,8,4
120000121,11,22,-11
120000122,39,48,-9
120000123,5908,919,4989
120000124,170,248,-78
120000125,126,601,-475
120000126,95,346,-251
120000127,516,226,290
120000128,1201,1325,-124
120000129,133,85,48
120000130,262,292,-30
120000131,131,423,-292
120000134,206,1175,-969
120000135,38,316,-278
120000137,40,2428,-2388
120000138,100,648,-548
120000139,43,1066,-1023
120000140,135,806,-671
120000141,34,580,-546
120000142,67,664,-597
120000143,2,125,-123
120000144,7,2,5
120000145,56,2,54
120000146,1068,325,743
120000149,242,930,-688
120000150,4347,3794,553
120000151,168,259,-91
120000152,71,229,-158
120000153,86,772,-686
120000154,242,329,-87
120000155,51,117,-66
120000156,914,200,714
120000157,312,495,-183
120000158,264,798,-534
120000159,1255,2180,-925
120000160,1104,844,260
120000161,482,2266,-1784
120000162,18,99,-81
120000163,115,1280,-1165
120000164,112,441,-329
120000165,94,1057,-963
120000166,199,545,-346
120000167,6,18,-12
120000168,4,36,-32
120000169,87,106,-19
120000170,150,77,73
120000171,46,17,29
120000172,4,11,-7
120000173,1488,39,1449
120000174,205,3,202
120000175,339,14,325
120000176,105,75,30
120000177,840,385,455
120000178,48,4,44
120000179,221,20,201
120000180,330,38,292
120000181,52,37,15
120000182,42,40,2
120000183,2,105,-103
120000184,32,1631,-1599
120000186,4,22,-18
120000187,11,20,-9
120000188,86,16,70
120000190,488,1,487
120000191,798,3,795
120000192,845,2,843
120000193,216,0,216
120000195,21,0,21
120000196,127,8,119
120000197,41,40,1
120000198,40,216,-176
120000199,13,0,13
120000200,15,2,13
120000201,4,7,-3
120000202,0,58,-58
120000203,7,474,-467
120000207,2,159,-157
120000208,4,322,-318
120000209,1,154,-153
120000210,154,92,62
120000211,32,1,31
120000212,18,2,16
120000213,33,597,-564
120000214,2,535,-533
120000215,2,140,-138
120000216,24,2,22
120000217,893,1649,-756
120000218,247,2006,-1759
120000219,18,1314,-1296
120000220,25,4149,-4124
120000225,127,1,126
120000226,24,0,24
120000227,220,1,219
120000228,9782,1129,8653
120000230,47,5,42
120000231,211,2608,-2397
120000233,25,6,19
120000235,83,699,-616
120000236,0,2,-2
120000237,10,3116,-3106
120000238,0,44,-44
120000241,504,862,-358
120000412,904,50,854
120000413,51,336,-285
120000414,6,1,5
120000415,5,179,-174
120000416,5,21,-16
120000417,1,87,-86
120000418,10,9,1
120000419,8,393,-385
120000420,18,29,-11
120000421,15525,5735,9790
120000422,247,329,-82
120000423,1,46,-45
120000424,13,158,-145
120000436,89,142,-53
120000437,170,166,4
120000438,5109,358,4751
120000439,26,103,-77
120000443,81,0,81
120000444,137,432,-295
120000445,517,439,78
120000446,639,142,497
120000447,0,6,-6
120000449,9,3,6
120000450,6,342,-336
120000451,10,137,-127
120000452,9,2,7
120000453,0,393,-393
120000454,17,11,6
120000455,10,42,-32
120000456,3523,1818,1705
120000457,1233,776,457
120000458,343,588,-245
120000459,59,62,-3
120000665,549,133,416
120000668,40,110,-70
120000669,14,407,-393
120000670,198,289,-91
120000671,219,134,85
120000672,72,426,-354
120900001,12,15,-3
120900002,35,153,-118
120900003,55,14,41
120900004,2,10,-8
120900005,4,1072,-1068
120900006,41,161,-120
120900007,27,151,-124
120900008,35,1227,-1192
120900009,42,16,26
120900010,63,31,32
120900011,207,42,165
120900012,1014,300,714
120900013,56,15,41
120900014,7,870,-863
120900015,89,97,-8
120900016,107,42,65
120900017,3053,82,2971
120900018,32,539,-507
120900019,112,40,72
120900020,265,244,21
120900021,62,11,51
120900022,6,376,-370
120900023,26,23,3
120900024,1063,361,702
120900025,1982,510,1472
120900026,30,215,-185
120900027,266,92,174
120900028,51,18,33
120900029,32,79,-47
120900030,296,254,42
120900031,27,13,14
120900032,144,110,34
120900033,184,8,176
120900034,21,783,-762
120900035,22,236,-214
120900037,19,0,19
120900038,14,38,-24
120900039,7,9,-2
120900040,36,0,36
120900041,59,19,40
120900042,35,27,8
120900043,4,3,1
120900044,3,261,-258
120900045,104,182,-78
120900046,60,2,58
120900047,26,13,13
120900048,17,4,13
120900049,26,1,25
120900050,3597,380,3217
120900051,77,79,-2
120900052,60,4,56
120900053,21,48,-27
120900054,963,598,365
120900055,60,9,51
120900056,72,0,72
120900057,16,9,7
120900058,69,0,69
120900059,9,3,6
120900060,12,35,-23
120900061,140,285,-145
120900062,60,0,60
120900063,68,0,68
120900064,65,0,65
120900065,37,4,33
120900066,27,237,-210
120900067,26,11,15
120900068,26,0,26
120900069,20,90,-70
120900071,5,1,4
120900072,63,0,63
120900073,45,284,-239
120900074,77,5,72
120900076,32,0,32
120900077,3348,190,3158
120900078,88,904,-816
120900079,104,98,6
120900080,80,3503,-3423
120900081,103,1777,-1674
120900082,284,157,127
120900083,7,2,5
120900084,52,49,3
120900085,80,38,42
120900086,105,75,30
120900087,59,27,32
120900088,84,72,12
120900089,5053,428,4625
120900090,35,178,-143
120900091,204,87,117
120900092,273,652,-379
120900093,4814,303,4511
120900094,366,217,149
120900095,43,16,27
120900096,9,68,-59
120900097,468,1532,-1064
120900098,165,185,-20
120900099,31,98,-67
120900100,48,510,-462
120900101,159,392,-233
120900102,9,89,-80
120900103,10,79,-69
120900104,13,65,-52
120900105,15,1104,-1089
120900106,967,529,438
120900107,423,202,221
120900108,3,1223,-1220
120900109,23,950,-927
120900110,2,413,-411
120900111,78,411,-333
120900112,6,1679,-1673
120900113,3,1187,-1184
120900114,20,329,-309
120900115,96,86,10
120900116,31,749,-718
120900117,1,730,-729
120900118,6,1103,-1097
120900119,4029,1942,2087
120900120,20,853,-833
120900121,40,383,-343
120900122,35,814,-779
120900123,8,574,-566
120900124,2,746,-744
120900125,2,1142,-1140
120900126,800,638,162
120900127,6,806,-800
120900128,701,849,-148
120900129,37,486,-449
120900130,0,371,-371
120900131,18,48,-30
120900132,128,555,-427
120900133,143,1277,-1134
120900134,131,559,-428
120900135,6,791,-785
120900136,9,13,-4
120900137,16,122,-106
120900138,8,220,-212
120900139,8,1059,-1051
120900140,0,23,-23
120900141,66,80,-14
120900142,18,1160,-1142
120900143,7,1302,-1295
120900144,0,331,-331
120900145,18,1044,-1026
120900146,3,1264,-1261
120900147,2,298,-296
120900148,19,73,-54
120900149,2,429,-427
120900150,4,533,-529
120900151,4,753,-749
120900152,1,73,-72
120900153,3,85,-82
120900154,0,345,-345
120900155,49,1358,-1309
120900156,5,596,-591
120900157,8,249,-241
120900158,8,549,-541
120900159,13,418,-405
120900160,32,444,-412
120900161,4,1952,-1948
120900162,2,1995,-1993
120900163,4,50,-46
120900164,0,0,0
120900165,0,0,0
120900166,10,54,-44
120900167,36,68,-32
120900169,14,611,-597
120900170,2316,606,1710
120900171,1283,289,994
120900172,573,31,542
120900173,1,65,-64
120900174,4,159,-155
120900175,268,157,111
120900176,11,115,-104
120900177,0,154,-154
120900178,0,91,-91
120900179,348,389,-41
120900180,45,72,-27
120900181,7,38,-31
120900182,6,254,-248
120900183,427,55,372
120900184,84,66,18
120900185,1,471,-470
120900186,1,508,-507
120900187,59,293,-234
120900188,29,5,24
120900189,64,121,-57
120900190,10,8,2
120900191,0,26,-26
120900192,15263,952,14311
120900194,2,108,-106
120900195,54,305,-251
120900196,233,34,199
120900197,127,16,111
120900198,101,646,-545
120900199,114,1211,-1097
120900200,112,31,81
120900201,557,161,396
120900202,2,292,-290
120900203,14,27,-13
120900204,292,453,-161
120900205,48,81,-33
120900206,5,3,2
120900207,2,87,-85
121000001,650,1104,-454
121000002,818,741,77
121000003,4142,1845,2297
121000004,2024,1374,650
121000005,1705,2317,-612
121000006,1972,759,1213
121000007,2444,2815,-371
121000008,2304,1336,968
121000009,7623,4193,3430
121000010,7079,1938,5141
121000011,14812,7560,7252
121000012,17647,3885,13762
121000013,6113,5088,1025
121000014,6990,4390,2600
121000015,3672,4720,-1048
121000016,3764,2849,915
121000017,991,2810,-1819
121000018,1398,1388,10
121000019,13014,4981,8033
121000020,9351,3867,5484
121000021,2134,2513,-379
121000022,1356,1132,224
121000023,2377,2444,-67
121000024,1487,2524,-1037
121000025,579,348,231
121000026,143,54,89
121000027,1504,910,594
121000028,478,365,113
121000029,184,531,-347
121000030,88,136,-48
121000031,263,607,-344
121000032,103,77,26
121000034,21,10,11
121000035,42,62,-20
121000036,316,374,-58
121000037,241,502,-261
121000038,307,404,-97
121000039,141,221,-80
121000041,126,349,-223
121000042,81,219,-138
121000043,540,356,184
121000044,1018,327,691
121000045,209,336,-127
121000046,79,163,-84
121000047,11,57,-46
121000049,1279,639,640
121000050,181,803,-622
121000051,191,245,-54
121000052,130,440,-310
121000053,138,6,132
121000054,26,187,-161
121000055,1492,917,575
121000056,602,753,-151
121000057,99,180,-81
121000058,303,73,230
121000059,858,462,396
121000060,276,763,-487
121000061,24,88,-64
121000062,61,169,-108
121000063,328,339,-11
121000064,228,215,13
121000065,231,311,-80
121000066,290,492,-202
121000067,712,262,450
121000068,189,120,69
121000069,304,114,190
121000070,587,869,-282
121000071,257,426,-169
121000072,772,540,232
121000073,369,595,-226
121000074,90,172,-82
121000075,85,30,55
121000076,874,259,615
121000077,45,9,36
121000078,77,114,-37
121000080,2226,447,1779
121000081,952,760,192
121000082,140,256,-116
121000083,93,41,52
121000084,134,74,60
121000085,453,448,5
121000086,160,550,-390
121000087,28,146,-118
121000088,224,389,-165
121000089,208,154,54
121000090,159,251,-92
121000091,2303,653,1650
121000092,127,99,28
121000093,63,170,-107
121000094,259,191,68
121000095,117,251,-134
121000096,2451,1924,527
121000097,1771,1373,398
121000098,211,915,-704
121000099,232,772,-540
121000100,213,545,-332
121000101,24,65,-41
121000102,50,447,-397
121000103,9,56,-47
121000104,58,201,-143
121000105,87,394,-307
121000106,12,57,-45
121000107,1690,3092,-1402
121000109,1749,961,788
121000110,192,308,-116
121000114,2198,1922,276
121000115,908,658,250
121000116,502,656,-154
121000117,1067,221,846
121000118,874,210,664
121000119,122,319,-197
121000120,178,360,-182
121000121,161,327,-166
121000123,399,309,90
121000126,42,240,-198
121000127,44,85,-41
121000128,221,551,-330
121000129,169,379,-210
121000130,215,800,-585
121000131,542,501,41
121000132,440,465,-25
121000135,401,293,108
121000136,1100,525,575
121000137,367,100,267
121000138,405,343,62
121000139,302,55,247
121000141,119,98,21
121000142,656,428,228
121000143,133,5,128
121000144,784,640,144
121000145,181,967,-786
121000146,464,526,-62
121000147,324,384,-60
121000148,337,764,-427
121000149,802,842,-40
121000152,150,297,-147
121000153,1500,471,1029
121000154,489,369,120
121000155,690,554,136
121000156,378,589,-211
121000157,1627,840,787
121000158,251,418,-167
121000159,167,660,-493
121000160,124,778,-654
121000161,41,320,-279
121000162,12,320,-308
121000165,1126,674,452
121000166,54,285,-231
121000168,92,209,-117
121000169,11,255,-244
121000170,87,51,36
121000171,60,167,-107
121000172,256,367,-111
121000173,1110,572,538
121000174,104,423,-319
121000175,271,376,-105
121000176,223,203,20
121000177,286,536,-250
121000178,52,67,-15
121000179,46,56,-10
121000181,167,294,-127
121000182,53,128,-75
121000183,40,28,12
121000184,25,56,-31
121000185,17,119,-102
121000186,89,289,-200
121000187,118,307,-189
121000188,45,217,-172
121000192,323,314,9
121000193,280,290,-10
121000194,2197,1663,534
121000195,247,779,-532
121000196,297,154,143
121000197,103,637,-534
121000198,77,96,-19
121000199,41,697,-656
121000200,146,87,59
121000201,0,249,-249
121000202,86,34,52
121000203,159,2166,-2007
121000204,367,253,114
121000205,62,374,-312
121000206,51,102,-51
121000207,406,397,9
121000208,5,530,-525
121000209,40,558,-518
121000210,126,598,-472
121000211,20,125,-105
121000212,165,709,-544
121000213,5607,1409,4198
121000214,481,560,-79
121000215,1060,546,514
121000216,207,302,-95
121000217,2035,947,1088
121000218,399,1642,-1243
121000219,554,242,312
121000220,232,94,138
121000221,97,179,-82
121000222,1719,2340,-621
121000223,193,383,-190
121000224,24,33,-9
121000225,578,493,85
121000226,725,274,451
121000227,8,233,-225
121000228,6,977,-971
121000229,12,492,-480
121000230,67,1954,-1887
121000231,0,0,0
121000232,116,46,70
121000233,142,233,-91
121000234,0,21,-21
121000235,7,7,0
121000236,1,25,-24
121000237,8,0,8
121000238,1,73,-72
121000239,2,3,-1
121000240,0,169,-169
121000241,55,5,50
121000242,8,140,-132
121000243,28,13,15
121000244,0,68,-68
121000245,6,1,5
121000246,0,78,-78
121000247,4,0,4
121000248,114,365,-251
121000249,27,243,-216
121000250,69,53,16
121000251,9,524,-515
121000252,20,12,8
121000253,78,609,-531
121000254,195,166,29
121000255,94,141,-47
121000256,48,131,-83
121000257,16,51,-35
121000258,17,47,-30
121000259,11,50,-39
121000260,35,130,-95
121000261,20,13,7
121000262,1002,431,571
121000263,372,433,-61
121000271,273,1271,-998
121000273,16,12,4
121000274,1,34,-33
121000275,5,24,-19
121000276,0,5,-5
121000278,7,26,-19
121000279,5,21,-16
121000280,5,28,-23
121000289,60,7,53
121000290,689,521,168
121000294,33,307,-274
121000297,488,323,165
121000299,135,113,22
121000300,662,634,28
121000302,336,303,33
121000303,762,235,527
121000304,54,13,41
121000305,10,10,0
121000306,4,11,-7
121000308,96,252,-156
121000309,214,496,-282
121000310,34,383,-349
121000311,53,634,-581
121000312,95,56,39
121000313,536,273,263
121000314,209,78,131
121000315,47,48,-1
121000530,376,1118,-742
121000531,600,1107,-507
121000532,3924,2204,1720
121000533,1358,1317,41
121000918,4,232,-228
121000919,1,9,-8
121000938,1269,153,1116
121000939,1837,145,1692
121000956,257,1145,-888
121000957,1,16,-15
121000958,16,65,-49
121000959,104,1004,-900
121000960,355,1728,-1373
121000961,114,5,109
121000962,195,480,-285
121000973,1,201,-200
121000976,0,36,-36
121000979,5,5,0
121000981,109,16,93
121000982,41,96,-55
121000983,97,389,-292
121000984,10,23,-13
121000985,101,527,-426
121000986,23,550,-527
121000987,62,1351,-1289
121000988,219,83,136
121001302,211,84,127
121001308,8,17,-9
121001309,31,53,-22
121001313,19,435,-416
121001314,4827,3330,1497
121001315,3377,1188,2189
121900001,56,103,-47
121900002,1,11,-10
121900003,3,2,1
121900004,9,164,-155
121900005,0,3,-3
121900006,1,4,-3
121900007,29,290,-261
121900008,17,8,9
121900009,0,0,0
121900010,12,0,12
121900011,32,143,-111
121900012,22,22,0
121900013,86,0,86
121900014,104,34,70
121900015,12,30,-18
121900016,0,0,0
121900017,26,45,-19
121900018,62,0,62
121900019,34,87,-53
121900020,1,0,1
121900021,155,0,155
121900022,17,20,-3
121900023,0,27,-27
121900024,184,24,160
121900025,51,50,1
121900026,11,6,5
121900027,50,13,37
121900028,68,1,67
121900029,0,7,-7
121900030,126,119,7
121900031,184,644,-460
121900032,20,44,-24
121900033,24,32,-8
121900034,23,12,11
121900035,363,175,188
121900036,3,28,-25
121900037,15,184,-169
121900038,6,40,-34
121900039,20,6,14
121900040,1,10,-9
121900041,7,26,-19
121900042,42,31,11
121900043,0,1,-1
121900044,187,16,171
121900046,9,20,-11
121900047,15,5,10
121900048,1,37,-36
121900050,0,5,-5
121900051,13,43,-30
121900052,4,5,-1
121900053,50,53,-3
121900054,70,101,-31
121900055,0,1,-1
121900058,13,112,-99
121900059,7,8,-1
121900060,13,73,-60
121900061,13,22,-9
121900062,0,2,-2
121900063,78,82,-4
121900064,10,122,-112
121900066,1,9,-8
121900067,0,0,0
121900069,135,96,39
121900070,23,40,-17
121900071,29,103,-74
121900072,2,75,-73
121900073,20,47,-27
121900074,21,66,-45
121900075,42,50,-8
121900076,8,101,-93
121900077,0,9,-9
121900078,1,6,-5
121900079,0,0,0
121900080,74,97,-23
121900082,2,46,-44
121900084,2,151,-149
121900085,0,4,-4
121900086,0,5,-5
121900087,52,21,31
121900088,744,601,143
121900089,5,95,-90
121900090,1,77,-76
121900091,0,44,-44
121900092,0,15,-15
121900093,12,15,-3
121900094,5,3,2
121900095,63,37,26
121900096,233,24,209
121900097,28,23,5
121900098,0,0,0
121900099,7,10,-3
121900100,10,29,-19
121900101,16,33,-17
121900102,0,14,-14
121900103,32,11,21
121900104,132,65,67
121900105,4,10,-6
121900106,0,0,0
121900107,0,4,-4
121900108,0,0,0
121900109,57,34,23
121900110,39,528,-489
121900111,338,87,251
121900112,13,5,8
121900113,4,17,-13
121900114,0,0,0
121900117,9,6,3
121900118,681,66,615
121900119,21,122,-101
121900120,4,585,-581
121900121,0,1,-1
121900122,0,2,-2
121900123,33,92,-59
121900124,11,85,-74
121900125,365,420,-55
121900127,0,17,-17
121900128,13,92,-79
121900129,689,59,630
121900130,15,46,-31
121900131,36,42,-6
121900132,9,61,-52
121900133,13,6,7
121900134,0,33,-33
121900135,490,96,394
121900136,11,168,-157
121900137,18,93,-75
121900138,23,29,-6
121900139,185,148,37
121900140,3,32,-29
121900141,0,0,0
121900142,3,14,-11
121900143,0,26,-26
121900144,259,282,-23
121900145,12,44,-32
121900146,75,214,-139
121900147,36,128,-92
121900148,24,92,-68
121900149,78,237,-159
121900150,26,127,-101
121900151,17,70,-53
121900152,13,46,-33
121900153,9,121,-112
121900154,2,41,-39
121900155,0,32,-32
121900156,62,64,-2
121900157,1,176,-175
121900158,36,64,-28
121900159,1,55,-54
121900160,0,60,-60
121900161,97,78,19
121900162,39,22,17
121900163,6,451,-445
121900164,60,38,22
121900165,10,68,-58
121900166,24,67,-43
121900167,16,20,-4
121900168,33,39,-6
121900169,3,272,-269
121900170,0,47,-47
121900171,89,90,-1
121900172,27,81,-54
121900173,122,23,99
121900174,4,1,3
121900175,5,39,-34
121900176,177,1070,-893
121900177,21,24,-3
121900178,2,35,-33
121900179,19,19,0
121900180,4699,1245,3454
121900182,44,96,-52
121900183,94,83,11
121900184,1,164,-163
121900186,4,193,-189
121900187,4,43,-39
121900188,197,56,141
121900189,9,47,-38
121900190,37,130,-93
121900191,5,17,-12
121900192,294,71,223
121900193,1,45,-44
121900194,0,73,-73
121900195,8,45,-37
121900196,43,132,-89
121900197,145,1169,-1024
121900198,515,123,392
121900199,2,6,-4
121900200,13,63,-50
121900201,209,131,78
121900202,40,87,-47
121900203,29,56,-27
121900204,334,90,244
121900205,0,32,-32
121900206,0,1,-1
121900207,58,12,46
121900208,9,68,-59
121900209,15,2,13
121900210,37,110,-73
121900211,3,25,-22
121900212,25,38,-13
121900213,4,15,-11
121900214,3,145,-142
121900215,7,25,-18
121900216,10,20,-10
121900217,34,17,17
121900218,19,46,-27
121900220,41,3,38
121900221,57,145,-88
121900222,3,53,-50
121900223,6,9,-3
121900224,3,12,-9
121900225,2,7,-5
121900226,19,316,-297
121900227,13,65,-52
121900228,26,56,-30
121900230,30,13,17
121900231,181,21,160
121900232,46,60,-14
121900233,75,121,-46
121900234,17,74,-57
121900235,29,67,-38
121900236,20,21,-1
121900237,63,185,-122
121900238,77,68,9
121900239,32,16,16
121900240,41,29,12
121900241,1,13,-12
121900242,0,0,0
121900243,0,0,0
121900244,0,0,0
121900245,29,35,-6
121900246,13,12,1
121900247,73,93,-20
121900248,220,132,88
121900250,75,76,-1
121900251,21,0,21
121900252,353,35,318
121900253,26,304,-278
121900254,146,63,83
121900255,15,13,2
121900258,197,32,165
121900259,57,50,7
121900260,1,66,-65
121900261,20,84,-64
121900262,96,145,-49
121900263,8,93,-85
121900264,723,349,374
121900265,51,101,-50
121900266,15,44,-29
121900267,0,0,0
121900269,7,35,-28
121900270,4,50,-46
121900271,6,73,-67
121900273,93,274,-181
121900274,18,64,-46
121900277,65,787,-722
121900278,8,383,-375
121900279,38,149,-111
121900280,27,95,-68
121900281,114,6,108
121900284,26,3,23
121900286,12,168,-156
121900287,1,7,-6
121900288,0,0,0
121900290,65,112,-47
121900291,124,220,-96
121900292,28,29,-1
121900293,458,1960,-1502
121900294,97,0,97
121900295,11,61,-50
121900296,5,1,4
121900298,26,101,-75
121900299,0,0,0
121900300,0,0,0
121900301,0,0,0
121900302,0,10,-10
121900303,28,84,-56
121900304,1,1,0
121900305,0,0,0
121900306,0,0,0
121900307,0,0,0
121900308,2,246,-244
121900309,2,184,-182
121900310,11,336,-325
121900311,29,8,21
121900312,14,0,14
121900313,22,2,20
121900314,0,53,-53
121900315,0,0,0
121900316,0,0,0
121900317,0,0,0
121900318,0,7,-7
121900319,0,0,0
121900320,8,34,-26
121900321,0,0,0
121900322,0,2,-2
121900323,6,7,-1
121900324,0,0,0
121900325,0,0,0
121900326,0,6,-6
121900327,0,18,-18
121900328,0,7,-7
121900329,0,50,-50
121900330,0,4,-4
121900331,6,1,5
121900332,4,0,4
121900333,0,0,0
122000001,1575,1780,-205
122000002,3241,793,2448
122000003,1388,747,641
122000004,1911,681,1230
122000005,1469,511,958
122000006,1042,269,773
122000007,577,421,156
122000008,3816,1362,2454
122000009,574,121,453
122000010,1647,1632,15
122000011,2196,664,1532
122000012,640,785,-145
122000013,787,649,138
122000014,851,763,88
122000015,737,572,165
122000016,329,549,-220
122000017,836,813,23
122000018,782,1158,-376
122000019,450,1383,-933
122000020,130,127,3
122000021,546,247,299
122000022,478,356,122
122000023,234,770,-536
122000024,496,578,-82
122000025,685,759,-74
122000026,1075,429,646
122000027,416,1779,-1363
122000028,422,187,235
122000029,133,161,-28
122000030,231,55,176
122000031,79,74,5
122000032,543,1034,-491
122000033,332,426,-94
122000034,418,402,16
122000035,263,406,-143
122000036,203,486,-283
122000037,267,168,99
122000038,138,228,-90
122000039,272,322,-50
122000040,210,160,50
122000041,226,381,-155
122000042,81,269,-188
122000043,73,70,3
122000044,71,78,-7
122000045,690,333,357
122000046,283,549,-266
122000047,176,112,64
122000048,1736,1664,72
122000049,2923,1433,1490
122000050,601,420,181
122000051,153,150,3
122000052,231,121,110
122000053,85,305,-220
122000054,1354,1086,268
122000055,991,1348,-357
122000056,2813,1806,1007
122000057,2654,1567,1087
122000058,2207,910,1297
122000059,2003,1228,775
122000060,616,413,203
122000061,365,149,216
122000062,722,171,551
122000063,297,302,-5
122000064,1907,2369,-462
122000065,2320,1833,487
122000066,690,824,-134
122000067,598,762,-164
122000068,380,550,-170
122000069,400,502,-102
122000070,216,707,-491
122000071,437,554,-117
122000072,181,203,-22
122000073,166,275,-109
122000074,465,461,4
122000075,218,371,-153
122000076,749,576,173
122000077,461,528,-67
122000078,1614,1534,80
122000079,593,454,139
122000080,205,176,29
122000081,76,79,-3
122000082,375,369,6
122000083,542,1664,-1122
122000084,450,510,-60
122000085,149,1128,-979
122000086,1218,1506,-288
122000087,242,113,129
122000088,210,130,80
122000089,2927,1422,1505
122000090,155,261,-106
122000091,99,49,50
122000092,38,5,33
122000093,859,1180,-321
122000094,3596,1150,2446
122000095,1745,691,1054
122000096,1176,353,823
122000098,1607,1098,509
122000099,699,471,228
122000100,531,331,200
122000101,79,342,-263
122000102,1053,748,305
122000103,468,937,-469
122000104,136,149,-13
122000105,88,207,-119
122000106,246,263,-17
122000107,243,280,-37
122000108,192,515,-323
122000109,104,139,-35
122000110,155,323,-168
122000111,1630,741,889
122000112,380,646,-266
122000113,210,452,-242
122000114,1314,1266,48
122000115,1357,638,719
122000116,316,286,30
122000117,545,195,350
122000118,259,222,37
122000119,1861,1122,739
122000120,2088,1653,435
122000121,2526,1275,1251
122000122,452,752,-300
122000123,1146,450,696
122000124,379,189,190
122000125,360,484,-124
122000126,266,443,-177
122000127,794,615,179
122000128,295,574,-279
122000129,148,188,-40
122000130,1039,209,830
122000131,1209,265,944
122000132,763,286,477
122000133,568,1777,-1209
122000134,280,310,-30
122000135,364,876,-512
122000136,137,102,35
122000137,347,421,-74
122000139,732,1470,-738
122000140,660,276,384
122000141,3483,450,3033
122000142,152,462,-310
122000143,295,103,192
122000144,1027,475,552
122000145,444,468,-24
122000146,140,384,-244
122000147,289,162,127
122000148,1368,587,781
122000149,1339,508,831
122000150,692,422,270
122000151,153,266,-113
122000152,265,222,43
122000153,111,69,42
122000154,152,43,109
122000155,900,1003,-103
122000156,2086,1657,429
122000157,1001,1103,-102
122000158,133,370,-237
122000159,512,933,-421
122000160,2519,469,2050
122000161,602,278,324
122000162,1005,603,402
122000163,395,112,283
122000164,49,126,-77
122000165,403,394,9
122000166,346,560,-214
122000167,170,272,-102
122000168,105,332,-227
122000169,252,146,106
122000170,122,233,-111
122000171,22,84,-62
122000172,819,692,127
122000173,708,1120,-412
122000174,881,636,245
122000175,737,245,492
122000176,179,447,-268
122000177,906,1316,-410
122000178,1934,718,1216
122000179,1500,1148,352
122000180,1128,659,469
122000181,1348,1457,-109
122000182,2431,323,2108
122000183,932,165,767
122000184,3953,1635,2318
122000185,1336,1064,272
122000186,450,415,35
122000187,460,686,-226
122000188,256,135,121
122000189,101,92,9
122000190,251,750,-499
122000191,433,198,235
122000192,346,118,228
122000193,111,287,-176
122000194,261,77,184
122000195,87,282,-195
122000196,499,256,243
122000197,146,146,0
122000198,269,758,-489
122000199,185,114,71
122000200,608,161,447
122000201,1136,1844,-708
122000202,657,904,-247
122000203,1373,1084,289
122000204,863,1502,-639
122000205,871,735,136
122000206,1036,380,656
122000207,571,680,-109
122000208,632,847,-215
122000209,1004,113,891
122000210,592,1751,-1159
122000211,382,1017,-635
122000212,211,293,-82
122000213,566,641,-75
122000214,696,756,-60
122000215,713,766,-53
122000217,897,1179,-282
122000218,34,5,29
122000219,1345,1020,325
122000220,158,684,-526
122000221,60,309,-249
122000222,432,61,371
122000223,470,482,-12
122000225,397,158,239
122000226,497,1583,-1086
122000227,158,898,-740
122000228,203,429,-226
122000229,20,281,-261
122000230,42,659,-617
122000231,95,520,-425
122000232,171,759,-588
122000233,0,88,-88
122000234,32,269,-237
122000235,177,151,26
122000236,238,180,58
122000237,29,61,-32
122000238,32,60,-28
122000239,118,54,64
122000240,267,120,147
122000241,318,176,142
122000242,144,38,106
122000243,2,12,-10
122000244,2,266,-264
122000245,6,63,-57
122000246,1,17,-16
122000247,244,297,-53
122000248,833,1363,-530
122000249,72,207,-135
122000250,618,218,400
122000251,189,232,-43
122000252,355,43,312
122000253,13,240,-227
122000254,38,29,9
122000255,384,1179,-795
122000256,210,1268,-1058
122000257,88,364,-276
122000258,52,190,-138
122000259,11,636,-625
122000260,13,136,-123
122000261,0,90,-90
122000262,2,51,-49
122000263,32,96,-64
122000264,27,81,-54
122000265,309,203,106
122000266,993,179,814
122000267,25,45,-20
122000268,43,222,-179
122000269,169,159,10
122000270,142,84,58
122000271,173,890,-717
122000272,171,947,-776
122000273,117,425,-308
122000274,35,125,-90
122000275,8,89,-81
122000276,60,347,-287
122000277,272,652,-380
122000278,260,674,-414
122000279,59,545,-486
122000280,488,647,-159
122000281,212,657,-445
122000282,29,77,-48
122000283,373,31,342
122000284,50,102,-52
122000285,247,93,154
122000286,105,106,-1
122000287,269,399,-130
122000288,132,108,24
122000291,324,202,122
122000293,317,278,39
122000294,36,32,4
122000295,414,101,313
122000296,35,242,-207
122000297,1966,877,1089
122000299,92,297,-205
122000300,161,315,-154
122000301,10242,1084,9158
122000302,801,462,339
122000303,3718,754,2964
122000304,12,112,-100
122000305,549,134,415
122000306,13,911,-898
122000307,48,109,-61
122000309,22,75,-53
122000310,8,10,-2
122000311,52,32,20
122000312,46,24,22
122000313,14,33,-19
122000314,39,137,-98
122000315,31,9,22
122000316,124,108,16
122000317,269,95,174
122000318,95,143,-48
122000319,205,380,-175
122000320,201,2178,-1977
122000321,22,321,-299
122000322,1659,792,867
122000323,1194,649,545
122000324,696,778,-82
122000325,362,620,-258
122000326,1,36,-35
122000327,105,300,-195
122000328,512,699,-187
122000330,884,327,557
122000332,128,277,-149
122000333,10,192,-182
122000337,265,2055,-1790
122000338,91,409,-318
122000340,129,164,-35
122000342,1862,853,1009
122000343,159,1131,-972
122000344,6,7,-1
122000345,7,32,-25
122000346,192,434,-242
122000348,185,635,-450
122000349,51,612,-561
122000351,12,75,-63
122000352,113,33,80
122000353,28,115,-87
122000355,55,89,-34
122000356,877,545,332
122000357,10,14,-4
122000358,1,49,-48
122000359,0,47,-47
122000360,0,43,-43
122000362,9,90,-81
122000364,35,323,-288
122000365,1,9,-8
122000366,3,10,-7
122000368,245,443,-198
122000370,1,72,-71
122000371,1,0,1
122000372,0,0,0
122000381,10,198,-188
122000382,44,164,-120
122000384,1743,1061,682
122000385,0,0,0
122000386,74,336,-262
122000387,126,439,-313
122000388,395,169,226
122000389,180,708,-528
122000390,79,112,-33
122000391,21,17,4
122000392,111,219,-108
122000393,10,234,-224
122000394,70,294,-224
122000395,77,172,-95
122000396,96,92,4
122000397,13,60,-47
122000398,3,14,-11
122000399,22,92,-70
122000400,44,106,-62
122000401,71,88,-17
122000402,10,7,3
122000403,181,1430,-1249
122000404,40,121,-81
122000408,638,849,-211
122000503,6,37,-31
122000524,77,60,17
122000544,7,358,-351
122000616,741,8,733
122000640,22,202,-180
122000641,14,464,-450
122000642,629,1012,-383
122000643,5,23,-18
122000644,97,29,68
122000645,93,145,-52
122000651,679,511,168
122000664,88,25,63
122000665,811,418,393
122000666,351,689,-338
122000673,13,396,-383
122000674,90,39,51
122000675,450,1177,-727
122000686,79,949,-870
122000687,106,400,-294
122000688,96,537,-441
122000689,161,637,-476
122000690,189,732,-543
122000691,130,1973,-1843
122000692,406,528,-122
122000693,264,1601,-1337
122000695,86,580,-494
122000696,51,190,-139
122000698,60,1063,-1003
122000699,93,63,30
122000701,452,393,59
122000702,229,1137,-908
122000703,15,2,13
122000717,241,41,200
122000718,412,63,349
122000719,8,30,-22
122000720,39,109,-70
122000724,148,26,122
122900001,6,1,5
122900002,349,276,73
122900003,25,21,4
122900004,133,10,123
122900005,61,11,50
122900006,158,34,124
122900007,11,3,8
122900008,252,11,241
122900009,85,29,56
122900010,0,0,0
122900012,14,25,-11
122900014,29,171,-142
122900015,868,75,793
122900016,33,256,-223
122900017,123,428,-305
122900018,50,6,44
122900019,7,120,-113
122900020,290,256,34
122900021,22,254,-232
122900022,107,767,-660
122900023,149,281,-132
122900024,55,52,3
122900025,4,75,-71
122900026,106,280,-174
122900027,20,471,-451
122900028,32,88,-56
122900029,1713,423,1290
122900030,1338,149,1189
122900031,22,62,-40
122900032,62,141,-79
122900033,45,31,14
122900034,842,817,25
122900035,0,2,-2
122900036,1,18,-17
122900037,67,49,18
122900038,51,680,-629
122900039,41,125,-84
122900040,9,33,-24
122900041,12,27,-15
122900042,11,27,-16
122900043,64,40,24
122900044,1,28,-27
122900045,9,24,-15
122900046,11,16,-5
122900047,19,40,-21
122900048,16,41,-25
122900049,1190,62,1128
122900051,37,59,-22
122900052,61,108,-47
122900053,7,5,2
122900055,50,31,19
122900057,44,6,38
122900061,266,42,224
122900062,211,181,30
122900063,50,264,-214
122900064,550,473,77
122900065,129,99,30
122900066,188,177,11
122900067,1074,432,642
122900068,157,294,-137
122900069,128,307,-179
122900070,22,27,-5
122900071,36,438,-402
122900072,10,493,-483
122900073,42,144,-102
122900074,29,485,-456
122900075,0,57,-57
122900076,4,122,-118
122900077,3,205,-202
122900078,5,133,-128
122900080,8,4,4
122900081,29,1,28
122900082,61,2,59
122900083,2,3,-1
122900084,4,128,-124
122900086,0,3,-3
122900087,20,589,-569
122900088,7,21,-14
122900089,0,96,-96
122900090,11,592,-581
122900091,0,0,0
122900092,1,114,-113
122900093,1,145,-144
122900094,4,121,-117
122900095,0,0,0
122900096,0,145,-145
122900097,0,0,0
122900098,26,38,-12
122900099,1,1,0
122900100,79,46,33
122900101,91,17,74
122900102,4,3,1
122900103,2,2,0
122900104,6,1,5
122900105,1,2,-1
122900106,0,49,-49
122900107,0,124,-124
122900108,4,151,-147
123000001,1174,302,872
123000002,3775,1162,2613
123000003,2524,1322,1202
123000004,2977,3622,-645
123000005,857,1132,-275
123000006,2632,2600,32
123000007,808,1003,-195
123000008,1520,3878,-2358
123000009,1947,1537,410
123000010,3263,3302,-39
123000011,727,466,261
123000012,679,2045,-1366
123000013,1327,397,930
123000014,1177,3485,-2308
123000015,867,250,617
123000016,6344,2212,4132
123000017,2208,1009,1199
123000018,46,73,-27
123000019,50,290,-240
123000020,54,127,-73
123000021,19,85,-66
123000022,249,474,-225
123000023,721,792,-71
123000024,435,354,81
123000025,11,46,-35
123000026,0,54,-54
123000027,44,236,-192
123000028,391,56,335
123000029,667,278,389
123000030,27,907,-880
123000031,48,365,-317
123000032,52,244,-192
123000033,45,41,4
123000034,450,370,80
123000035,102,98,4
123000036,151,180,-29
123000037,90,255,-165
123000038,56,179,-123
123000039,708,699,9
123000040,788,314,474
123000041,382,196,186
123000042,321,430,-109
123000043,1929,1996,-67
123000044,3606,1577,2029
123000045,8478,1173,7305
123000046,548,509,39
123000047,2737,757,1980
123000048,39,152,-113
123000049,5093,1860,3233
123000050,500,500,0
123000051,31,75,-44
123000052,372,931,-559
123000053,2481,1479,1002
123000054,902,666,236
123000055,1296,572,724
123000056,993,1475,-482
123000057,14015,3187,10828
123000058,343,356,-13
123000059,197,341,-144
123000060,235,258,-23
123000061,116,440,-324
123000063,316,342,-26
123000064,505,114,391
123000065,6999,2281,4718
123000066,1135,544,591
123000067,207,398,-191
123000068,2683,2296,387
123000069,11194,2633,8561
123000070,122,594,-472
123000071,390,791,-401
123000072,630,1480,-850
123000073,286,535,-249
123000074,517,1814,-1297
123000075,164,390,-226
123000076,342,799,-457
123000077,1254,3008,-1754
123000078,471,1006,-535
123000079,494,1318,-824
123000080,1139,2164,-1025
123000081,150,616,-466
123000082,214,1082,-868
123000083,331,65,266
123000084,133,450,-317
123000085,32,95,-63
123000086,100,464,-364
123000087,16,546,-530
123000088,518,1318,-800
123000089,162,693,-531
123000090,736,981,-245
123000091,1155,826,329
123000092,887,856,31
123000094,177,180,-3
123000095,111,330,-219
123000096,167,268,-101
123000097,142,1178,-1036
123000098,222,321,-99
123000099,260,805,-545
123000100,351,303,48
123000101,460,233,227
123000102,258,329,-71
123000104,226,215,11
123000105,380,346,34
123000106,338,207,131
123000107,335,435,-100
123000108,836,1057,-221
123000111,271,142,129
123000112,332,355,-23
123000113,342,1499,-1157
123000114,341,289,52
123000115,80,151,-71
123000116,27,140,-113
123000117,725,2159,-1434
123000118,276,1017,-741
123000119,160,980,-820
123000120,200,739,-539
123000121,279,576,-297
123000122,207,231,-24
123000123,321,499,-178
123000124,352,456,-104
123000125,413,376,37
123000126,1412,1052,360
123000127,1820,762,1058
123000128,170,326,-156
123000129,43,33,10
123000130,61,16,45
123000131,176,239,-63
123000132,174,387,-213
123000133,193,305,-112
123000134,311,148,163
123000135,540,863,-323
123000136,121,1221,-1100
123000137,55,447,-392
123000138,33,562,-529
123000139,26,27,-1
123000140,89,756,-667
123000141,76,23,53
123000142,587,865,-278
123000143,765,2360,-1595
123000144,19,9,10
123000145,117,72,45
123000146,21,79,-58
123000147,34,70,-36
123000149,141,191,-50
123000150,71,126,-55
123000151,149,315,-166
123000152,72,272,-200
123000153,129,168,-39
123000154,1721,753,968
123000155,2069,510,1559
123000156,34,74,-40
123000157,283,676,-393
123000158,393,295,98
123000159,1679,790,889
123000160,351,202,149
123000161,538,292,246
123000162,194,469,-275
123000163,68,22,46
123000164,262,87,175
123000165,162,1898,-1736
123000166,19,154,-135
123000167,45,284,-239
123000168,96,430,-334
123000169,93,42,51
123000170,0,377,-377
123000171,11,59,-48
123000172,137,655,-518
123000173,94,57,37
123000174,119,31,88
123000175,816,1456,-640
123000176,414,38,376
123000177,306,992,-686
123000178,180,15,165
123000179,16,732,-716
123000180,632,149,483
123000181,193,1283,-1090
123000182,31,515,-484
123000183,127,82,45
123000184,56,833,-777
123000185,51,124,-73
123000186,4,623,-619
123000187,63,0,63
123000188,17,3,14
123000189,78,253,-175
123000190,21,84,-63
123000192,10,407,-397
123000193,27,439,-412
123000194,287,186,101
123000195,44,2,42
123000196,40,0,40
123000197,28,92,-64
123000198,4,209,-205
123000199,1,450,-449
123000200,66,4,62
123000201,219,7,212
123000202,32,1452,-1420
123000203,173,11,162
123000204,37,1370,-1333
123000205,235,2049,-1814
123000206,427,49,378
123000207,49,890,-841
123000208,110,31,79
123000209,441,102,339
123000210,252,1407,-1155
123000211,586,3016,-2430
123000212,503,98,405
123000213,109,8,101
123000215,36,39,-3
123000216,107,77,30
123000217,33,9,24
123000218,107,193,-86
123000219,255,8,247
123000220,119,11,108
123000221,119,71,48
123000222,129,499,-370
123000223,65,411,-346
123000224,126,392,-266
123000225,18,63,-45
123000226,14,437,-423
123000227,22,354,-332
123000228,22,49,-27
123000229,641,1676,-1035
123000232,62,483,-421
123000233,88,25,63
123000234,82,620,-538
123000235,41,116,-75
123000236,102,1016,-914
123000237,82,13,69
123000238,40,716,-676
123000239,294,2111,-1817
123000240,44,134,-90
123000241,463,57,406
123000242,40,167,-127
123000243,271,955,-684
123000244,520,390,130
123000245,27,141,-114
123000249,371,388,-17
123000252,164,74,90
123000253,199,101,98
123000254,237,1020,-783
123000255,301,403,-102
123000256,34,205,-171
123000257,2635,2252,383
123000258,536,1223,-687
123000259,112,286,-174
123000260,137,663,-526
123000261,33,285,-252
123000262,59,237,-178
123000263,141,81,60
123000264,115,41,74
123000265,43,153,-110
123000266,269,586,-317
123000267,88,108,-20
123000268,6,35,-29
123000269,19,22,-3
123000270,8,20,-12
123000271,32,64,-32
123000272,321,53,268
123000273,46,216,-170
123000274,232,137,95
123000275,188,899,-711
123000278,2609,1813,796
123000279,20,66,-46
123000280,75,346,-271
123000281,130,63,67
123000282,44,237,-193
123000283,17,21,-4
123000284,19,137,-118
123000286,245,165,80
123000287,444,181,263
123000288,130,126,4
123000289,184,173,11
123000291,292,790,-498
123000294,137,192,-55
123000295,377,509,-132
123000296,85,224,-139
123000297,163,698,-535
123000298,113,779,-666
123000299,14,154,-140
123000300,238,318,-80
123000301,25,120,-95
123000302,33,159,-126
123000303,26,70,-44
123000305,772,726,46
123000306,18,335,-317
123000309,33,72,-39
123000310,52,25,27
123000311,0,174,-174
123000312,443,823,-380
123000313,74,95,-21
123000315,39,359,-320
123000316,417,11,406
123000317,65,26,39
123000318,16,231,-215
123000329,50,30,20
123000337,28,226,-198
123000338,193,35,158
123000339,54,408,-354
123000340,58,250,-192
123000342,0,1,-1
123000343,0,0,0
123000344,721,273,448
123000345,220,492,-272
123000346,36,24,12
123000352,1905,640,1265
123000353,17,91,-74
123000354,41,4,37
123000355,0,297,-297
123000356,21,1,20
123000357,3,307,-304
123000359,1,207,-206
123000360,0,0,0
123000361,445,207,238
123000362,49,133,-84
123000363,14,329,-315
123000364,234,144,90
123000365,17,150,-133
123000366,188,655,-467
123000367,157,963,-806
123000370,8,307,-299
123000371,18,3,15
123000372,34,2,32
123000373,5,390,-385
123000374,1,202,-201
123000375,62,6,56
123000376,249,349,-100
123000377,47,6,41
123000378,9,557,-548
123000379,5,204,-199
123000380,31,127,-96
123000381,28,2,26
123000382,197,6,191
123000383,115,494,-379
123000384,114,22,92
123000385,335,545,-210
123000436,53,673,-620
123000507,176,171,5
123000508,238,200,38
123000517,203,16,187
123000518,26,253,-227
123000519,115,63,52
123000520,50,260,-210
123000521,226,82,144
123000522,201,625,-424
123000541,0,0,0
123000542,0,57,-57
123000565,0,0,0
123000566,149,886,-737
123000567,46,224,-178
123000573,30,1159,-1129
123000574,112,27,85
123000575,409,1317,-908
123000576,137,2055,-1918
123000577,49,409,-360
123000578,298,69,229
123000579,3142,1117,2025
123000580,40,2,38
123000582,22,6,16
123000583,12,621,-609
123000584,44,128,-84
123000585,1,90,-89
123000586,1,0,1
123000596,85,85,0
123000597,46,41,5
123000602,0,0,0
123000603,67,622,-555
123000604,129,1212,-1083
123000605,281,97,184
123000606,1,437,-436
123000609,9,365,-356
123000610,28,23,5
123000613,81,160,-79
123000614,43,10,33
123000615,64,208,-144
123000616,55,10,45
123000617,40,979,-939
123000618,37,823,-786
123000619,66,1,65
123000620,21,671,-650
123000622,101,5,96
123000624,35,3,32
123000630,176,266,-90
123000631,60,1761,-1701
123000632,932,1000,-68
123000633,0,105,-105
123000634,13,12,1
123000635,222,80,142
123000636,15,599,-584
123000637,66,85,-19
123000638,100,61,39
123000639,265,442,-177
123000640,4,1142,-1138
123900001,1153,101,1052
123900002,10,535,-525
123900003,164,352,-188
123900005,38,22,16
123900006,11,10,1
124000001,643,28,615
124000002,98,1359,-1261
124000003,92,62,30
124000004,28,641,-613
124000005,169,51,118
124000006,129,1533,-1404
124000007,115,18,97
124000008,6,234,-228
124000009,55,72,-17
124000010,60,539,-479
124000011,113,92,21
124000012,117,979,-862
124000017,0,0,0
124000018,74,99,-25
124000019,0,0,0
124000020,26,218,-192
124000021,0,0,0
124000022,67,182,-115
124000023,813,869,-56
124000024,829,551,278
124000025,669,789,-120
124000026,1029,874,155
124000027,3642,1652,1990
124000028,2821,2561,260
124000030,2339,937,1402
124000031,171,142,29
124000032,4780,809,3971
124000033,17,15,2
124000034,1832,396,1436
124000035,13,17,-4
124000036,22,103,-81
124000037,78,103,-25
124000038,23,5,18
124000039,432,99,333
124000040,358,338,20
124000041,97,40,57
124000042,31,335,-304
124000043,13,25,-12
124000044,30,343,-313
124000045,178,272,-94
124000046,104,771,-667
124000047,292,437,-145
124000048,193,2020,-1827
124000049,420,332,88
124000050,257,2508,-2251
124000051,168,214,-46
124000052,190,1524,-1334
124000053,243,343,-100
124000054,433,765,-332
124000055,532,511,21
124000056,3291,1268,2023
124000057,273,189,84
124000058,351,1321,-970
124000059,160,288,-128
124000060,586,746,-160
124000061,704,1290,-586
124000062,5210,1354,3856
124000063,1074,1316,-242
124000064,1947,1858,89
124000065,9,90,-81
124000066,246,61,185
124000067,38,144,-106
124000068,1,14,-13
124000069,0,0,0
124000070,13,167,-154
124000071,35,34,1
124000072,76,570,-494
124000073,213,28,185
124000074,93,1012,-919
124000075,0,0,0
124000076,5,273,-268
124000077,797,284,513
124000078,1226,109,1117
124000079,427,597,-170
124000080,18,70,-52
124000081,55,755,-700
124000082,4,27,-23
124000083,19,148,-129
124000084,1,50,-49
124000085,19,42,-23
124000086,31,46,-15
124000087,40,34,6
124000088,79,121,-42
124000089,216,230,-14
124000090,33,436,-403
124000091,94,86,8
124000092,43,714,-671
124000093,43,25,18
124000094,28,243,-215
124000095,25,47,-22
124000096,60,301,-241
124000097,22,58,-36
124000098,56,118,-62
124000099,17,27,-10
124000100,29,139,-110
124000101,24,49,-25
124000102,55,83,-28
124000103,46,58,-12
124000104,20,73,-53
124000105,22,23,-1
124000106,49,125,-76
124000107,4,63,-59
124000108,38,38,0
124000109,43,31,12
124000110,54,105,-51
124000111,71,150,-79
124000112,258,642,-384
124000113,27,32,-5
124000114,122,641,-519
124000115,265,700,-435
124000116,56,59,-3
124000117,62,33,29
124000118,20,38,-18
124000119,335,512,-177
124000120,56,256,-200
124000121,971,233,738
124000122,481,770,-289
124000123,400,206,194
124000124,283,664,-381
124000125,184,224,-40
124000126,252,502,-250
124000127,340,240,100
124000128,296,1007,-711
124000129,990,834,156
124000130,647,510,137
124000131,557,372,185
124000132,628,664,-36
124000133,270,431,-161
124000134,431,704,-273
124000135,897,717,180
124000136,817,827,-10
124000137,673,264,409
124000138,1223,711,512
124000139,139,26,113
124000140,21,341,-320
124000141,6,6,0
124000142,0,85,-85
124000143,19,12,7
124000144,11,52,-41
124000145,22,28,-6
124000146,10,144,-134
124000148,22,12,10
124000149,273,150,123
124000150,181,416,-235
124000151,252,83,169
124000152,298,868,-570
124000153,223,184,39
124000154,269,745,-476
124000155,484,299,185
124000156,837,820,17
124000169,53,112,-59
124000170,480,332,148
124000171,67,91,-24
124000172,242,569,-327
124000173,58,182,-124
124000174,94,727,-633
124000175,3,167,-164
124000176,0,0,0
124000177,25,44,-19
124000178,0,0,0
124000190,102,9,93
124000191,137,25,112
124000192,170,40,130
124000193,124,1158,-1034
124000194,189,522,-333
124000195,62,268,-206
124000196,432,1156,-724
124000197,16,43,-27
124000198,13,20,-7
124000201,66,836,-770
124000202,2,53,-51
124000203,53,1034,-981
124000204,13,383,-370
124000205,40,698,-658
124000206,25,306,-281
124000207,1,73,-72
124000209,101,590,-489
124000210,47,197,-150
124000211,35,1,34
124000212,3,681,-678
124000213,29,412,-383
124000214,3,569,-566
124000215,0,0,0
124000216,2,560,-558
124000329,35,2094,-2059
124000338,32,1165,-1133
124000339,91,18,73
124000341,150,21,129
124000344,26,45,-19
124000357,338,392,-54
124000358,518,385,133
124000359,246,153,93
124000360,134,92,42
124000361,401,237,164
124000362,1036,1629,-593
124000363,154,494,-340
124000364,293,1027,-734
124000365,523,1134,-611
124000366,1651,1078,573
124000367,77,514,-437
124000368,55,29,26
124000369,31,40,-9
124000370,41,447,-406
124000402,9,9,0
124000403,14,10,4
124000404,7,125,-118
124000405,622,337,285
124000406,645,830,-185
124000407,4,16,-12
124000411,3,401,-398
124000412,45,11,34
124000413,40,69,-29
124000414,23,80,-57
124000415,30,204,-174
124000416,81,280,-199
124000417,47,64,-17
124000418,16,124,-108
124000419,23,179,-156
124000420,14,94,-80
124000421,23,300,-277
124000422,8,3,5
124000423,38,15,23
124000424,1,98,-97
124000425,6,6,0
124000426,4,46,-42
124000427,7,8,-1
124000428,11,27,-16
124000429,12,109,-97
124000430,263,703,-440
124000431,96,660,-564
124000432,107,677,-570
124000439,1,1,0
124000443,3,10,-7
124000445,153,81,72
124000446,1400,53,1347
124900001,117,126,-9
124900002,56,420,-364
124900003,138,312,-174
124900004,97,201,-104
124900005,109,214,-105
124900006,147,218,-71
124900008,552,219,333
124900009,12,40,-28
124900010,18,6,12
124900011,61,46,15
124900012,75,39,36
124900013,91,45,46
124900014,36,36,0
124900015,49,30,19
124900016,5,20,-15
124900017,138,66,72
124900018,0,7,-7
124900020,7,9,-2
124900021,14,5,9
124900022,10,0,10
124900024,14,2,12
124900026,18,16,2
124900027,23,60,-37
124900028,471,97,374
124900029,12,120,-108
124900030,2,128,-126
124900031,12,336,-324
124900032,163,88,75
124900033,45,318,-273
124900034,11,66,-55
124900035,69,301,-232
124900036,0,39,-39
124900037,72,221,-149
124900038,236,249,-13
124900039,0,23,-23
124900040,15,98,-83
124900041,95,926,-831
124900042,10,4,6
124900043,195,872,-677
124900044,10,1,9
124900045,473,502,-29
124900046,1367,208,1159
124900047,55,164,-109
124900048,48,97,-49
124900050,76,213,-137
124900052,36,361,-325
124900053,22,355,-333
124900054,2043,220,1823
124900055,0,66,-66
124900057,0,60,-60
124900060,56,139,-83
124900061,5,0,5
124900062,11,1,10
124900066,0,22,-22
124900067,2,90,-88
124900068,105,102,3
124900070,0,3,-3
124900072,27,8,19
124900074,58,125,-67
124900075,36,110,-74
124900076,19,141,-122
124900077,16,72,-56
124900078,12,5,7
124900079,302,14,288
124900080,64,601,-537
124900081,197,112,85
124900082,124,722,-598
124900083,67,448,-381
124900084,1984,50,1934
124900085,1143,112,1031
124900086,17,238,-221
124900087,193,31,162
124900088,621,51,570
124900089,916,19,897
124900090,21,52,-31
124900091,71,532,-461
124900092,79,406,-327
124900093,31,45,-14
124900094,44,93,-49
124900095,19,110,-91
124900096,165,35,130
124900097,41,26,15
124900098,32,281,-249
124900099,257,178,79
124900100,31,3,28
124900101,3,24,-21
124900102,19,1,18
124900103,21,211,-190
124900104,6,196,-190
124900105,7,127,-120
124900106,15,4,11
124900107,9,1,8
124900108,89,7,82
124900109,3,62,-59
124900110,35,439,-404
124900111,0,25,-25
124900112,49,759,-710
124900113,1,57,-56
124900114,3,20,-17
124900115,2,1,1
124900116,18,22,-4
124900117,398,44,354
124900118,34,6,28
124900119,60,20,40
124900120,8,384,-376
124900121,33,42,-9
124900122,548,149,399
124900123,189,29,160
124900124,65,69,-4
129000186,22,7,15
204000001,3,0,3
204000002,0,2,-2
204000003,0,0,0
204000004,0,0,0
204000005,140,114,26
204000006,311,191,120
204000011,23,77,-54
204000012,3,188,-185
204000013,0,48,-48
204000019,250,342,-92
204000020,174,395,-221
204000021,862,372,490
204000022,134,253,-119
204000023,265,1148,-883
204000031,16,17,-1
204000032,134,18,116
204000034,30,532,-502
204000035,6,8,-2
204000036,19,39,-20
204000037,1,12,-11
204000038,1,14,-13
204000039,3,77,-74
204000040,3,65,-62
204000041,9,102,-93
204000042,3,2,1
204000043,2,0,2
204000044,1,0,1
204000045,5,3,2
204000046,0,1,-1
204000057,6,112,-106
204000062,7,68,-61
204000068,51,147,-96
204000069,10,117,-107
204000070,23,61,-38
204000080,49,56,-7
204000085,669,1176,-507
204000086,2151,1312,839
204000087,53,46,7
204000088,20,70,-50
204000090,45,677,-632
204000093,37,9,28
204000096,230,230,0
204000097,21,1,20
204000099,368,413,-45
204000100,258,335,-77
204000105,1002,1233,-231
204000110,480,1034,-554
204000111,265,666,-401
204000112,272,865,-593
204000113,197,763,-566
204000114,210,149,61
204000115,124,187,-63
204000116,208,281,-73
204000119,419,431,-12
204000132,228,109,119
204000133,230,110,120
204000134,116,58,58
204000135,114,42,72
204000136,95,64,31
204000138,131,118,13
204000140,74,58,16
204000141,85,37,48
204000144,3,19,-16
204000145,110,4,106
204000146,63,482,-419
204000147,24,97,-73
204000148,176,4,172
204000154,0,0,0
204000155,0,10,-10
204000177,26,15,11
204000179,0,0,0
204000180,0,60,-60
204000222,3,14,-11
204000235,21,21,0
204000236,26,324,-298
204000238,3,0,3
204000240,92,65,27
204000263,252,1033,-781
204000268,451,186,265
204000308,2,0,2
204000317,17,63,-46
204000322,6,17,-11
204000323,3,0,3
204000328,27,5,22
204000329,69,136,-67
204000330,20,2,18
204000331,74,191,-117
204010341,7,178,-171
205000001,1008,1137,-129
205000013,8,129,-121
205000014,24,143,-119
205000015,32,309,-277
205000016,7,189,-182
205000017,88,141,-53
205000022,233,582,-349
205000025,1829,771,1058
205000029,74,7,67
205000045,31,137,-106
205000046,24,356,-332
205000047,42,440,-398
205000048,66,700,-634
205000049,88,558,-470
205000050,912,240,672
205000059,1,250,-249
205000060,0,42,-42
205000061,1,22,-21
205000062,0,33,-33
205000063,3,42,-39
205000064,12,132,-120
205000065,47,803,-756
205000066,38,986,-948
205000067,35,1166,-1131
205000069,238,42,196
205000082,25,20,5
205000110,32,154,-122
205000111,91,176,-85
205000112,6,13,-7
205000113,291,196,95
205000121,6,0,6
205000123,69,191,-122
205000126,0,0,0
205000127,0,0,0
205000128,0,0,0
205000129,0,0,0
205000130,0,0,0
205000131,0,0,0
205000132,0,0,0
205000133,0,0,0
205000134,0,0,0
205000137,153,111,42
205000138,228,264,-36
205000139,24,54,-30
205000144,5,4,1
205000145,36,7,29
205000151,0,0,0
205000152,0,1,-1
205000153,0,0,0
205000154,0,0,0
205000155,0,0,0
205000207,95,162,-67
205000233,0,2,-2
205000234,0,0,0
205000243,0,0,0
205000244,0,4,-4
205000245,17,481,-464
205000249,0,31,-31
205000250,1,0,1
205000264,5,115,-110
206000027,0,0,0
206000028,0,0,0
206000043,23,316,-293
206000053,35,22,13
206000054,19,39,-20
206000055,3,72,-69
206000075,10,2,8
206000076,24,25,-1
206000077,24,16,8
206000078,18,20,-2
206000079,31,9,22
206000082,290,34,256
206000100,87,826,-739
206000103,12,31,-19
206000104,14,32,-18
206000105,9,34,-25
206000106,14,70,-56
206000108,509,52,457
206000125,14,0,14
206000157,343,1046,-703
206000170,3,523,-520
206000171,4,402,-398
206000172,17,1537,-1520
206000173,6,427,-421
206000174,5,364,-359
206000175,6,436,-430
206000176,32,710,-678
206000177,6,424,-418
206000178,1,278,-277
206000179,14,203,-189
206000180,82,387,-305
206000181,29,556,-527
206000182,77,520,-443
206000183,51,1581,-1530
206000184,14,710,-696
206000185,11,614,-603
206000186,181,2346,-2165
206000223,11,468,-457
206000226,0,0,0
206000227,0,0,0
206000237,53,583,-530
206000238,110,998,-888
206000239,937,2846,-1909
206000240,4,59,-55
206000241,1,254,-253
206000242,17,797,-780
206000243,16,704,-688
206000244,96,1504,-1408
206000245,207,31,176
206000246,34,6,28
206000247,38,5,33
206000248,97,12,85
206000252,62,36,26
206000258,24,37,-13
206000315,27,8,19
206000317,114,39,75
206000318,49,15,34
206000319,143,64,79
206000320,40,19,21
206000321,33,13,20
206000322,112,21,91
206000323,83,28,55
206000324,34,9,25
206000325,60,10,50
206000326,77,6,71
206000327,39,5,34
206000328,57,4,53
206000329,56,4,52
206000330,24,13,11
206000331,38,3,35
206000332,5,2,3
206000333,93,2,91
206000334,51,1,50
206000335,0,32,-32
206000361,9,396,-387
206000392,5,95,-90
206000405,82,0,82
206000441,0,0,0
206000498,22,9,13
206000515,339,67,272
206000530,18,11,7
206000531,17,25,-8
206000532,396,51,345
206000535,409,2031,-1622
206000536,33,305,-272
206000537,16,200,-184
206000613,328,37,291
207000001,90,393,-303
207000002,31,369,-338
207000003,78,316,-238
207000007,171,55,116
207000008,34,15,19
207000009,47,61,-14
207000010,421,630,-209
207000012,26,25,1
207000015,438,1861,-1423
207000019,112,54,58
207000021,268,108,160
207000022,25,61,-36
207000023,60,35,25
207000024,6,13,-7
207000025,13,35,-22
207000026,62,69,-7
207000027,12,70,-58
207000028,23,279,-256
207000029,192,484,-292
207000033,169,171,-2
207000034,131,48,83
207000039,1,2,-1
207000040,0,1,-1
207000041,0,0,0
207000042,0,0,0
207000043,0,0,0
207000051,49,394,-345
207000052,4,249,-245
207000053,338,793,-455
207000054,21,184,-163
207000055,55,239,-184
207000056,142,446,-304
207000057,90,288,-198
207000058,62,531,-469
207000059,27,926,-899
207000060,32,270,-238
207000061,33,65,-32
207000062,93,34,59
207000063,83,143,-60
207000064,229,217,12
207000065,167,217,-50
207000066,69,155,-86
207000067,17,132,-115
207000068,49,58,-9
207000069,538,385,153
207000082,35,502,-467
207000083,87,504,-417
207000084,41,52,-11
207000085,86,12,74
207000086,73,7,66
207000106,0,0,0
207000107,0,0,0
207000108,0,0,0
207000109,0,0,0
207000110,0,0,0
207000111,0,0,0
207000112,0,0,0
207000114,18,27,-9
207000115,23,79,-56
207000116,15,196,-181
207000117,14,109,-95
207000118,0,125,-125
207000119,12,162,-150
207000123,0,0,0
207000124,0,0,0
207000125,0,0,0
207000126,0,0,0
207000134,14,285,-271
207000135,33,326,-293
207000148,0,0,0
207000149,75,43,32
207000152,88,434,-346
207000153,1060,760,300
207000154,279,92,187
207000159,43,309,-266
207000160,59,781,-722
207000238,0,65,-65
207000242,3,131,-128
207000248,31,39,-8
207000249,98,64,34
207000250,467,70,397
207000251,80,93,-13
207000252,31,125,-94
207000278,5,13,-8
207000279,16,274,-258
207000280,63,32,31
207000281,73,1247,-1174
207000282,15,12,3
207000283,58,197,-139
207000284,25,25,0
207000285,133,22,111
207000291,8,117,-109
207000304,86,78,8
207000306,27,442,-415
207000310,0,0,0
207000353,0,0,0
207000356,0,20,-20
207000357,5,6,-1
207000358,2,1,1
207000415,9,162,-153
207000417,0,0,0
207000418,98,148,-50
207000438,0,1,-1
207000439,1518,312,1206
207000446,0,0,0
207000460,6,23,-17
207000466,91,180,-89
207000467,0,0,0
207000468,32,644,-612
207000476,3,67,-64
207000477,65,85,-20
207000478,5,7,-2
207000523,0,14,-14
207000524,0,0,0
207000527,73,114,-41
207000530,0,0,0
207000531,0,0,0
207000532,0,0,0
207000534,0,0,0
207000535,120,161,-41
207000537,31,85,-54
207000540,5,166,-161
207000541,6,366,-360
207000548,7,305,-298
207000549,0,0,0
207000561,0,0,0
207000562,23,190,-167
207000567,144,241,-97
207000568,40,116,-76
207000569,70,1162,-1092
207000584,378,129,249
207000585,0,0,0
207000616,0,267,-267
207000617,8,0,8
207900008,64,287,-223
208000001,147,222,-75
208000002,91,161,-70
208000003,257,175,82
208000004,265,160,105
208000005,3,43,-40
208000019,84,235,-151
208000020,17,137,-120
208000021,48,437,-389
208000022,389,624,-235
208000028,921,535,386
208000033,195,579,-384
208000034,662,1005,-343
208000040,15,80,-65
208000041,129,211,-82
208000042,128,230,-102
208000047,28,212,-184
208000064,1024,285,739
208000066,324,118,206
208000070,73,348,-275
208000071,79,443,-364
208000072,121,491,-370
208000080,53,92,-39
208000081,33,79,-46
208000082,93,283,-190
208000083,65,305,-240
208000084,3,17,-14
208000085,485,477,8
208000086,196,765,-569
208000087,80,542,-462
208000089,425,531,-106
208000090,292,943,-651
208000093,36,70,-34
208000094,215,503,-288
208000095,590,329,261
208000104,239,297,-58
208000105,148,248,-100
208000114,0,0,0
208000115,98,227,-129
208000116,55,488,-433
208000117,11,71,-60
208000118,12,67,-55
208000155,205,647,-442
208000158,1422,1708,-286
208000186,1062,285,777
208000204,191,719,-528
208000205,504,1025,-521
208000282,3342,841,2501
209000004,48,100,-52
209000005,6,19,-13
209000006,126,83,43
209000007,133,160,-27
209000010,252,115,137
209000011,49,166,-117
209000012,94,238,-144
209000013,103,844,-741
209000014,422,2001,-1579
209000025,81,21,60
209000026,330,66,264
209000027,178,1380,-1202
209000028,335,1506,-1171
209000029,330,1282,-952
209000030,183,2008,-1825
209000031,4143,2677,1466
209000034,170,242,-72
209000035,75,138,-63
209000036,95,135,-40
209000037,88,249,-161
209000038,82,150,-68
209000039,37,118,-81
209000040,268,625,-357
209000041,158,451,-293
209000042,221,539,-318
209000043,359,626,-267
209000044,327,483,-156
209000045,93,231,-138
209000046,42,240,-198
209000047,42,121,-79
209000048,21,125,-104
209000049,62,151,-89
209000050,110,235,-125
209000051,108,378,-270
209000052,85,370,-285
209000062,32,174,-142
209000063,12,111,-99
209000064,10,189,-179
209000065,21,71,-50
209000066,9,67,-58
209000067,31,58,-27
209000080,7,143,-136
209000082,43,31,12
209000091,29,88,-59
209000093,46,40,6
209000094,160,113,47
209000110,37,56,-19
209000111,245,520,-275
209000112,192,189,3
209000113,362,220,142
209000114,164,145,19
209000115,64,176,-112
209000116,880,607,273
209000118,11,19,-8
209000119,28,9,19
209000121,70,681,-611
209000135,72,77,-5
209000142,638,419,219
209000143,13,48,-35
209000144,15,35,-20
209000229,26,128,-102
209000240,13,422,-409
209000259,58,153,-95
209000260,51,947,-896
209000261,3,577,-574
209000262,0,547,-547
209000263,0,103,-103
209000264,0,26,-26
209000265,0,0,0
209000266,0,0,0
209000267,0,0,0
209000268,0,0,0
210000037,11,11,0
210000047,3,5,-2
210000048,4,4,0
210000049,17,10,7
210000052,10,189,-179
210000053,13,89,-76
210000054,36,70,-34
210000070,0,0,0
210000071,0,0,0
210000072,0,0,0
210000073,0,24,-24
210000074,0,52,-52
210000075,0,57,-57
210000076,2,139,-137
210000077,13,32,-19
210000078,21,26,-5
210000079,4,3,1
210000080,23,12,11
210000081,12,1,11
210000082,6,0,6
210000083,22,0,22
210000084,5,0,5
210000085,1,67,-66
210000086,3,112,-109
210000099,26,183,-157
210000100,23,196,-173
210000101,61,191,-130
210000105,64,77,-13
210000159,0,96,-96
210000163,235,159,76
210000164,166,22,144
210000168,53,12,41
210000187,0,5,-5
210000188,0,33,-33
210000214,2,0,2
210000219,4,14,-10
210000220,12,21,-9
210000232,0,21,-21
210000233,9,24,-15
210000234,18,126,-108
210000235,32,130,-98
210000245,1,21,-20
210000246,2,3,-1
210000258,7,146,-139
210000259,23,2,21
210000282,31,176,-145
210000285,0,81,-81
210000286,6,133,-127
210000290,1,0,1
210000295,19,78,-59
210000296,19,59,-40
210000320,47,35,12
210000321,8,19,-11
210000338,14,120,-106
210000339,602,515,87
210000340,63,144,-81
210000341,69,162,-93
210000342,65,112,-47
210000343,61,152,-91
210000344,80,72,8
210000345,115,46,69
210000346,14,26,-12
210000347,3,20,-17
210000348,29,2,27
210000349,10,8,2
210000350,19,49,-30
210000351,39,100,-61
210000352,26,71,-45
210000353,15,80,-65
210000354,32,89,-57
210000355,13,74,-61
210000356,7,26,-19
210000357,11,16,-5
210000358,201,59,142
210000359,27,18,9
210000360,60,50,10
210000361,16,62,-46
210000362,55,49,6
210000363,298,31,267
210000364,20,23,-3
210000365,12,8,4
210000366,12,5,7
210000367,13,2,11
210000368,24,4,20
210000369,6,7,-1
210000370,11,24,-13
210000372,10,16,-6
210000373,2,7,-5
210000374,16,4,12
210000375,12,75,-63
210000376,16,75,-59
210000404,111,120,-9
210000439,1,13,-12
210000472,41,2,39
210000482,22,28,-6
210000564,226,26,200
210000567,0,4,-4
210000568,96,1,95
211000092,4,58,-54
211000094,2,3,-1
211000169,84,6,78
211000172,4,160,-156
211000209,1,10,-9
211000226,1,1,0
211000270,0,5,-5
211000275,9,15,-6
211000276,12,18,-6
211000279,2,49,-47
211000281,8,58,-50
211507980,0,15,-15
211977296,2,1,1
212000003,41,32,9
212000004,5,15,-10
212000005,7,19,-12
212000006,8,84,-76
212000008,57,281,-224
212000009,7,144,-137
212000012,19,82,-63
212000013,5,48,-43
212000014,151,159,-8
212000015,110,207,-97
212000016,285,478,-193
212000027,234,255,-21
212000028,105,132,-27
212000029,63,83,-20
212000030,9,19,-10
212000031,26,39,-13
212000048,22,66,-44
212000049,22,41,-19
212000050,7,9,-2
212000051,109,194,-85
212000052,89,399,-310
212000053,256,592,-336
212000054,52,111,-59
212000055,60,158,-98
212000056,1,6,-5
212000057,1,5,-4
212000058,54,8,46
212000070,56,375,-319
212000077,108,630,-522
212000099,83,140,-57
212000108,48,121,-73
212000111,40,66,-26
212000120,58,106,-48
212000138,19,18,1
212000156,9,116,-107
212000158,5,4,1
212000159,90,43,47
212000160,135,117,18
212000161,6,4,2
212000310,14,26,-12
212000311,0,9,-9
212000374,9,16,-7
213000001,15,609,-594
213000005,119,28,91
213000006,355,40,315
213000007,9,0,9
213000009,75,31,44
213000010,44,18,26
213000011,31,25,6
213000012,68,315,-247
213000014,20,0,20
213000015,23,1,22
213000016,20,0,20
213000017,1,0,1
213000018,0,185,-185
213000019,3,123,-120
213000020,50,278,-228
213000021,0,82,-82
213000023,0,0,0
213000033,116,466,-350
213000034,91,110,-19
213000035,30,17,13
213000045,76,212,-136
213000046,67,138,-71
213000047,390,400,-10
213000056,4,3,1
213000069,2,1,1
213000073,2,9,-7
213000074,107,524,-417
213000075,56,1,55
213000076,0,0,0
213000085,3,23,-20
213000086,13,152,-139
213000091,0,0,0
213000092,0,0,0
213000099,92,540,-448
213000100,189,11,178
213000101,7,117,-110
213000102,8,470,-462
213000103,132,575,-443
213000104,36,445,-409
213000105,0,45,-45
213000106,2,223,-221
213000107,16,763,-747
213000108,12,516,-504
213000109,1,205,-204
213000110,1,46,-45
213000111,7,65,-58
213000112,94,138,-44
213000115,0,0,0
213000116,54,668,-614
213000117,2,861,-859
213000118,130,186,-56
213000119,45,630,-585
213000120,26,594,-568
213000122,99,715,-616
213000123,598,1071,-473
213000124,48,1409,-1361
213000125,0,0,0
213000126,55,68,-13
213000127,158,91,67
213000128,737,372,365
213000129,0,0,0
213000130,38,5,33
213000132,10,1,9
213000133,15,1,14
213000134,49,15,34
213000136,46,1,45
213000137,135,14,121
213000139,46,3,43
213000147,3,0,3
213000148,0,1,-1
213000149,0,0,0
213000150,0,53,-53
213000151,1,67,-66
213000152,0,75,-75
213000153,1,36,-35
213000154,14,202,-188
213000155,26,337,-311
213000156,18,459,-441
213000157,448,507,-59
213000158,178,629,-451
213000159,124,192,-68
213000163,62,11,51
213000165,169,9,160
213000171,2,172,-170
213000172,0,331,-331
213000173,1,378,-377
213000174,1,328,-327
213000175,3,140,-137
213000176,0,0,0
213000177,0,0,0
213000178,0,0,0
213000179,0,0,0
213000180,0,0,0
213000184,50,381,-331
213000188,94,23,71
213000189,95,12,83
213000190,272,461,-189
213000191,44,467,-423
213000192,38,462,-424
213000193,1155,149,1006
213000194,1,23,-22
213000195,4,308,-304
213000196,61,585,-524
213000197,76,20,56
213000198,1,0,1
213000200,68,1043,-975
213000201,115,67,48
213000202,6,594,-588
213000203,794,90,704
213000204,76,7,69
213000205,29,3,26
213000206,20,5,15
213000207,5,1,4
213000208,5,0,5
213000209,6,0,6
213000210,8,1,7
213000211,0,2,-2
213000212,1,10,-9
213000213,4,24,-20
213000218,76,772,-696
213000219,43,0,43
213000220,81,0,81
213000223,64,21,43
213000224,1,10,-9
213000225,9,0,9
213000226,4,0,4
213000227,112,41,71
213000228,37,21,16
213000229,79,4,75
213000230,46,2,44
213000232,16,213,-197
213000233,1,21,-20
213000234,1,26,-25
213000293,2,20,-18
213000294,5,1,4
213000295,1,44,-43
213000296,24,9,15
213000297,2,54,-52
213000298,11,55,-44
213000299,24,7,17
213000300,1,2,-1
213000303,1,24,-23
213000304,1,6,-5
213000305,3,5,-2
213000306,24,22,2
213000307,31,35,-4
213000308,59,229,-170
213000309,30,19,11
213000310,94,8,86
213000311,170,590,-420
213000315,42,121,-79
213000316,26,15,11
213000322,36,121,-85
213000323,16,48,-32
213000324,20,70,-50
213000325,5,88,-83
213000326,18,46,-28
213000327,4,89,-85
213000328,2,64,-62
213000329,25,51,-26
213000340,69,853,-784
213000341,22,1,21
213000346,37,16,21
213000347,262,29,233
213000348,4,121,-117
213000349,4,6,-2
213000350,120,1447,-1327
213000366,17,245,-228
213000367,26,12,14
213000379,37,123,-86
213000386,1,151,-150
213000406,28,259,-231
213000417,281,117,164
213000425,28,45,-17
213000426,30,50,-20
213000427,11,440,-429
213000428,9,228,-219
213000429,0,0,0
213000430,43,826,-783
213000431,49,1,48
213000432,1,9,-8
213000433,2,118,-116
213000434,25,31,-6
213000435,25,50,-25
213000436,4,42,-38
213000437,4,56,-52
213000438,30,68,-38
213000439,11,7,4
213000440,5,127,-122
213000441,0,1,-1
213000442,2,32,-30
213000443,147,142,5
213000444,12,73,-61
213000445,0,91,-91
213000446,0,6,-6
213000447,3,15,-12
213000448,0,27,-27
213000449,27,4,23
213000450,4,10,-6
213000451,24,16,8
213000452,0,3,-3
213000453,32,240,-208
213000455,56,44,12
213000456,0,67,-67
213000481,12,1,11
213000482,31,3,28
213000489,239,7,232
213000491,3,49,-46
213000492,19,18,1
213000493,0,18,-18
213000494,5,9,-4
213000495,0,148,-148
213000496,8,5,3
213000497,15,386,-371
213000498,50,284,-234
213000499,60,930,-870
213000500,19,5,14
213000501,6,3,3
213000502,38,8,30
213000503,1,51,-50
213000504,4,209,-205
213000505,0,1,-1
213000506,0,26,-26
213000507,2,168,-166
213900016,0,8,-8
213900244,0,0,0
213900245,0,43,-43
218000003,8,13,-5
218000004,9,15,-6
218000005,12,10,2
218000006,17,35,-18
218000007,3,15,-12
218000012,212,87,125
218000013,62,150,-88
218000014,455,267,188
218000019,756,410,346
218000020,243,328,-85
218000021,31,132,-101
218000022,8,66,-58
218000023,1,60,-59
218000024,1,28,-27
218000025,13,46,-33
218000026,21,83,-62
218000027,4,38,-34
218000028,0,15,-15
218000029,1,6,-5
218000030,20,65,-45
218000031,3,75,-72
218000032,1,63,-62
218000040,6,3,3
218000046,19,129,-110
218000047,3,194,-191
218000048,24,208,-184
218000049,53,153,-100
218000050,220,276,-56
218000051,28,353,-325
218000052,0,52,-52
218000053,1,14,-13
218000054,19,25,-6
218000055,0,17,-17
218000056,12,21,-9
218000057,0,25,-25
218000064,1,5,-4
218000065,57,46,11
218000066,17,51,-34
218000067,14,75,-61
218000068,38,98,-60
218000069,66,220,-154
218000070,81,310,-229
218000071,113,236,-123
218000072,385,262,123
218000078,291,1254,-963
218000079,24,47,-23
218000080,30,69,-39
218000081,136,220,-84
218000082,13,128,-115
218000083,12,64,-52
218000084,55,234,-179
218000085,106,536,-430
218000086,31,231,-200
218000087,159,287,-128
218000090,12,35,-23
218000091,345,213,132
218000092,33,121,-88
218000093,55,117,-62
218000094,339,704,-365
218000099,310,331,-21
218000100,177,254,-77
218000101,146,158,-12
218000102,133,268,-135
218000103,29,191,-162
218000104,12,49,-37
218000105,6,13,-7
218000106,5,16,-11
218000107,41,95,-54
218000108,4,60,-56
218000112,24,16,8
218000117,17,43,-26
218000134,382,738,-356
218000135,8,60,-52
218000136,73,59,14
218000137,51,245,-194
218000138,7,107,-100
218000139,38,281,-243
218000140,61,119,-58
218000141,15,39,-24
218000142,50,148,-98
218000143,7,147,-140
218000144,1,48,-47
218000145,143,344,-201
218000146,32,93,-61
218000151,15,33,-18
218000152,49,110,-61
218000153,2,12,-10
218000154,7,8,-1
218000155,17,4,13
218000156,46,41,5
218000157,11,31,-20
218000158,2,6,-4
218000159,4,9,-5
218000160,9,6,3
218000161,22,10,12
218000162,34,18,16
218000163,10,3,7
218000164,29,12,17
218000165,58,53,5
218000170,2,48,-46
218000171,27,30,-3
218000172,6,10,-4
218000173,46,24,22
218000174,5,5,0
218000176,92,12,80
218000177,382,89,293
218000178,99,80,19
218000179,114,27,87
218000180,86,13,73
218000181,162,10,152
218000187,1,9,-8
218000188,8,30,-22
218000189,8,49,-41
218000190,3,23,-20
218000191,18,109,-91
218000192,62,574,-512
218000193,285,594,-309
218000194,44,451,-407
218000195,79,98,-19
218000196,167,284,-117
218000197,137,318,-181
218000198,2,127,-125
218000199,28,35,-7
218000200,7,48,-41
218000201,4,27,-23
218000202,108,125,-17
218000207,9,57,-48
218000208,36,37,-1
218000211,15,24,-9
218000212,2,8,-6
218000213,76,31,45
218000214,3,18,-15
218000215,28,162,-134
218000217,3,87,-84
218000218,454,60,394
218000219,6,9,-3
218000220,41,217,-176
218000221,158,128,30
218000222,16,26,-10
218000223,54,241,-187
218000224,0,130,-130
218000225,216,36,180
218000226,82,81,1
218000230,0,0,0
218000232,21,48,-27
218000239,0,0,0
218000240,0,0,0
218000241,0,0,0
218000242,0,0,0
218000243,0,0,0
218000244,0,0,0
218000245,0,0,0
218000246,0,0,0
218000247,0,0,0
218000248,0,31,-31
218000249,0,2,-2
218000250,0,17,-17
218000251,2,21,-19
218000252,1,44,-43
218000253,0,11,-11
218000254,0,8,-8
218000255,1,7,-6
218000256,1,42,-41
218000267,682,756,-74
218000268,2,44,-42
218000269,3,19,-16
218000270,19,84,-65
218000271,34,64,-30
218000273,7,6,1
218000274,6,5,1
218000275,10,22,-12
218000276,11,63,-52
218000278,15,31,-16
218000279,14,72,-58
218000280,1,33,-32
218000281,2,23,-21
218000282,129,54,75
218000284,68,2,66
218000301,8,124,-116
218000302,25,31,-6
218000303,13,34,-21
218000316,488,928,-440
218000317,509,985,-476
218000318,201,834,-633
218000319,443,1463,-1020
218000320,369,720,-351
218000338,7,22,-15
218000345,42,59,-17
218000346,2,30,-28
218000459,78,341,-263
218000490,6,31,-25
218000501,23,17,6
218000502,12,140,-128
218000503,49,11,38
218000504,88,7,81
218000505,28,168,-140
218000506,35,110,-75
218000508,0,3,-3
218000510,174,18,156
218000520,69,105,-36
218000521,1,55,-54
218000522,0,110,-110
218000523,3,0,3
218000524,19,90,-71
218000525,12,6,6
218000526,16,105,-89
218000529,12,222,-210
218000530,2,13,-11
218000531,5,19,-14
218000532,5,35,-30
218000534,9,6,3
218000537,1,15,-14
218000538,44,116,-72
218000540,172,94,78
218000543,55,54,1
218000544,52,154,-102
218000545,27,67,-40
218000546,32,139,-107
218000547,20,77,-57
218000548,61,232,-171
218000549,267,68,199
218000550,245,727,-482
218000551,186,143,43
218000552,205,30,175
218000553,6,48,-42
218000554,33,11,22
218000555,21,33,-12
218000556,35,463,-428
218000557,152,83,69
218000558,0,0,0
218000559,0,11,-11
218000560,0,7,-7
218000561,0,0,0
218000562,9,156,-147
218000563,26,26,0
218000564,4,117,-113
218000565,17,20,-3
218000566,74,12,62
218000567,1,42,-41
218000568,0,0,0
218000569,4,56,-52
218000570,8,3,5
218000571,0,64,-64
218000572,0,0,0
218000573,2,18,-16
218000574,5,45,-40
218000575,0,0,0
218000576,1,41,-40
218000577,0,0,0
218000578,1,57,-56
218000579,10,2,8
218000581,0,99,-99
218000582,8,0,8
218000583,8,0,8
218000584,0,17,-17
218000585,7,3,4
218000586,3,40,-37
218000587,0,0,0
218000588,0,3,-3
218000589,0,2,-2
218000590,2,1,1
218000591,0,12,-12
218000592,0,0,0
218000593,0,1,-1
218000594,1,0,1
218000595,0,0,0
218000596,0,0,0
218000597,0,0,0
218000598,0,0,0
218000599,0,0,0
218000600,0,0,0
218000601,0,0,0
218000602,0,0,0
218000603,0,0,0
218000604,0,0,0
218000605,0,9,-9
218000606,4,0,4
218000607,5,37,-32
218000608,7,1,6
218000609,0,30,-30
218000610,7,2,5
218000611,5,2,3
218000612,1,47,-46
218000613,1,1,0
218000614,0,46,-46
218000615,11,1,10
218000616,2,165,-163
218000617,1,1,0
218000618,0,21,-21
218000619,15,7,8
218000620,0,14,-14
218000621,0,0,0
218000622,0,1,-1
218000623,0,0,0
218000624,0,6,-6
218000625,2,0,2
218000626,0,9,-9
218000628,29,23,6
218000631,2,3,-1
218000632,0,42,-42
218000633,0,0,0
218000634,0,15,-15
218000635,1,9,-8
218000636,519,1425,-906
218000637,372,522,-150
218000638,25,32,-7
218000639,10,328,-318
218000640,15,11,4
218000641,13,477,-464
218000652,102,161,-59
218000653,170,112,58
218000663,4,62,-58
218000675,4,14,-10
218000676,2,49,-47
218000677,6,21,-15
218000680,70,533,-463
218000681,27,8,19
218000691,46,435,-389
218000693,1,2,-1
218000703,11,104,-93
218000718,217,236,-19
218000719,119,29,90
218000720,4,13,-9
218000721,0,4,-4
218000725,1,11,-10
218001214,15,16,-1
218001258,0,0,0
218001329,0,4,-4
218001330,55,49,6
218001351,3,2,1
218001352,1,9,-8
218001353,0,1,-1
218001354,2,8,-6
218001355,6,7,-1
218001356,21,0,21
218001357,6,0,6
218001358,8,2,6
218001361,2,0,2
219000001,13,48,-35
219000002,27,56,-29
219000003,75,14,61
219000004,69,43,26
219000017,62,15,47
219000020,51,8,43
219000022,32,3,29
219000023,55,3,52
219000029,0,101,-101
219000034,2,4,-2
219000039,18,87,-69
219000040,16,12,4
219000041,48,33,15
219000051,0,78,-78
219000052,0,29,-29
219000053,0,276,-276
219000054,35,144,-109
219000055,44,4,40
219000056,3,1,2
219000057,33,1,32
219000062,6,228,-222
219000063,14,7,7
219000064,4,46,-42
219000110,133,21,112
219000111,67,24,43
219000112,148,38,110
219000113,65,22,43
219000114,163,35,128
219000116,71,40,31
219000117,175,114,61
219000118,52,49,3
219000123,166,76,90
219000124,22,52,-30
219000125,6,23,-17
219000126,22,109,-87
219000127,2,9,-7
219000128,31,88,-57
219000129,13,128,-115
219000130,1409,640,769
219000131,1565,932,633
219000133,86,30,56
219000134,11,19,-8
219000135,38,56,-18
219000136,147,148,-1
219000138,19,16,3
219000139,15,45,-30
219000140,15,0,15
219000141,3,126,-123
219000142,10,119,-109
219000143,8,103,-95
219000145,3,32,-29
219000146,7,73,-66
219000147,0,67,-67
219000148,3,80,-77
219000149,33,257,-224
219000150,1,136,-135
219000151,4,120,-116
219000157,117,116,1
219000158,110,220,-110
219000161,123,22,101
219000163,1252,299,953
219000166,42,110,-68
219000167,42,246,-204
219000168,174,38,136
219000174,142,100,42
219000175,53,2,51
219000176,45,3,42
219000177,2,1,1
219000178,5,1,4
219000179,14,2,12
219000180,42,30,12
219000182,21,3,18
219000183,6,53,-47
219000184,10,0,10
219000185,1,135,-134
219000186,2,50,-48
219000187,2,181,-179
219000189,103,142,-39
219000190,169,169,0
219000191,1254,534,720
219000192,138,146,-8
219000193,572,166,406
219000195,0,52,-52
219000196,2,99,-97
219000198,21,160,-139
219000199,62,202,-140
219000200,23,197,-174
219000201,80,293,-213
219000203,12,116,-104
219000204,44,169,-125
219000205,20,195,-175
219000207,121,200,-79
219000209,27,81,-54
219000210,38,102,-64
219000213,7,257,-250
219000239,117,99,18
219000240,94,228,-134
219000241,30,218,-188
219000242,27,206,-179
219000243,41,338,-297
219000244,2,101,-99
219000245,8,41,-33
219000246,11,9,2
219000247,32,6,26
219000248,173,57,116
219000249,46,13,33
219000250,17,4,13
219000251,147,8,139
219000252,0,0,0
219000253,0,0,0
219000255,13,43,-30
219000256,44,33,11
219000257,7,0,7
219000262,56,272,-216
219000263,29,226,-197
219000267,2,122,-120
219000268,2,4,-2
219000269,5,0,5
219000270,11,0,11
219000271,110,1,109
219000278,4,12,-8
219000279,0,6,-6
219000283,0,6,-6
219000295,19,118,-99
219000296,43,530,-487
219000297,17,161,-144
219000298,13,259,-246
219000299,189,23,166
219000300,14,419,-405
219000301,65,341,-276
219000302,9,219,-210
219000307,16,60,-44
219000308,63,35,28
219000311,39,27,12
219000312,116,24,92
219000313,74,11,63
219000314,137,560,-423
219000315,18,9,9
219000316,85,3,82
219000317,7,1,6
219000320,1,61,-60
219000321,0,16,-16
219000323,3,86,-83
219000325,0,52,-52
219000326,61,122,-61
219000327,57,65,-8
219000328,19,75,-56
219000329,341,76,265
219000330,14,24,-10
219000331,12,38,-26
219000332,26,41,-15
219000333,7,6,1
219000335,14,1,13
219000337,0,0,0
219000338,2,0,2
219000344,23,81,-58
219000345,133,158,-25
219000346,37,202,-165
219000348,39,157,-118
219000349,30,263,-233
219000350,43,64,-21
219000351,0,4,-4
219000352,165,52,113
219000353,60,55,5
219000354,102,121,-19
219000355,65,18,47
219000356,1683,297,1386
219000363,312,45,267
219000364,93,22,71
219000365,100,8,92
219000366,482,127,355
219000368,359,229,130
219000370,844,136,708
219000371,5,8,-3
219000382,0,5,-5
219000383,638,568,70
219000385,706,390,316
219000386,1068,955,113
219000387,0,7,-7
219000390,18,0,18
219000391,8,2,6
219000397,55,129,-74
219000398,91,43,48
219000401,5,70,-65
219000402,13,69,-56
219000403,38,82,-44
219000404,15,46,-31
219000407,6,16,-10
219000409,0,0,0
219000410,0,0,0
219000411,0,0,0
219000446,228,429,-201
219000447,0,14,-14
219000448,2,0,2
219000452,32,27,5
219000453,38,74,-36
219000454,248,130,118
219000556,23,7,16
219000558,43,330,-287
219000590,13,143,-130
219000591,8,1,7
219000592,98,402,-304
219000595,2,25,-23
219000635,14,1,13
219000636,12,130,-118
219000657,9,14,-5
219000658,9,40,-31
219000673,0,14,-14
219000676,10,1,9
219000679,14,10,4
219000684,19,0,19
219000685,1,112,-111
219000686,0,1,-1
219000688,1,134,-133
219000689,87,140,-53
219000690,0,0,0
219000691,57,62,-5
219000692,2,16,-14
219000693,0,39,-39
219000694,1,0,1
219000695,6,1,5
219000698,1,0,1
219000699,0,11,-11
219000727,2,189,-187
219000728,81,3,78
219000770,0,0,0
219000771,0,31,-31
219000788,171,156,15
219001150,2,4,-2
219001151,1,3,-2
219001166,0,0,0
219001167,3,64,-61
219001178,19,0,19
220000001,5,16,-11
220000002,5,150,-145
220000003,217,318,-101
220000004,430,621,-191
220000005,1101,1511,-410
220000006,59,677,-618
220000007,189,828,-639
220000008,98,962,-864
220000009,97,436,-339
220000010,38,130,-92
220000011,426,665,-239
220000012,31,72,-41
220000014,13,73,-60
220000015,4,57,-53
220000017,17,273,-256
220000018,3071,378,2693
220000019,39,159,-120
220000020,55,197,-142
220000021,198,132,66
220000022,295,372,-77
220000023,85,150,-65
220000024,1164,228,936
220000025,847,285,562
220000026,143,117,26
220000027,7,64,-57
220000028,20,25,-5
220000029,52,124,-72
220000030,39,66,-27
220000031,83,197,-114
220000064,9,631,-622
221000046,4,0,4
221000047,0,0,0
221000048,0,0,0
221000049,0,11,-11
221000050,10,0,10
221000055,39,36,3
221000057,30,4,26
221000068,235,68,167
221000069,109,37,72
221000070,87,24,63
221000071,29,6,23
221000072,74,7,67
221000073,78,27,51
221000074,0,10,-10
221000075,3,20,-17
221000076,7,50,-43
221000077,20,101,-81
221000081,15,8,7
221000082,29,2,27
221000083,11,5,6
221000084,1,6,-5
221000085,19,65,-46
221000086,15,138,-123
221000087,5,212,-207
221000088,20,153,-133
221000089,20,178,-158
221000090,156,252,-96
221000098,60,17,43
221000099,148,9,139
221000100,27,6,21
221000101,162,10,152
221000102,87,11,76
221000109,5,85,-80
221000110,8,148,-140
221000111,20,160,-140
221000112,3,102,-99
221000113,19,180,-161
221000114,8,165,-157
221000120,11,35,-24
221000121,0,25,-25
221000122,11,5,6
221000123,10,29,-19
221000124,9,383,-374
221000155,72,0,72
221000156,16,10,6
221000175,0,1,-1
221000176,3,1,2
221000182,14,7,7
221000241,446,141,305
221000242,305,218,87
221000243,269,65,204
221000244,132,217,-85
221000245,22,84,-62
221000246,11,128,-117
221000247,8,121,-113
221000248,20,124,-104
221000267,21,600,-579
221000325,25,46,-21
221000331,0,72,-72
221000338,2,9,-7
221000378,60,25,35
221000381,39,125,-86
222000282,0,1,-1
222000296,4,8,-4
222000568,111,3,108
222000569,39,9,30
222000570,27,2,25
222000571,22,1,21
222000577,5,213,-208
222000578,14,150,-136
222000579,33,78,-45
222000580,122,697,-575
222000599,0,144,-144
222000600,0,246,-246
222000601,4,615,-611
222000603,7,6,1
222000604,3,11,-8
222000605,9,4,5
222000606,1,11,-10
222000607,0,3,-3
222000608,2,29,-27
222000609,25,315,-290
222000616,28,27,1
222000617,0,0,0
222000618,0,0,0
222000620,1,1,0
222000621,1,4,-3
222000623,80,1,79
222000624,15,0,15
222000625,7,40,-33
222000636,9,1,8
222000686,0,1,-1
222000687,2,2,0
222001066,85,3,82
222001067,1,2,-1
222001068,3,11,-8
222001069,4,19,-15
222001082,14,63,-49
222001083,6,69,-63
222001084,0,21,-21
222001085,0,241,-241
222001111,12,207,-195
222001112,20,9,11
222001313,2,2,0
222001314,1,61,-60
222001464,1,11,-10
222001465,6,122,-116
222001484,3,7,-4
222001485,13,76,-63
222001494,16,16,0
222001495,37,399,-362
222001496,18,13,5
222001497,34,696,-662
222001502,29,108,-79
222001503,0,0,0
222001504,16,233,-217
222001505,0,0,0
222001506,28,173,-145
222001507,0,0,0
222001510,0,0,0
222001511,37,362,-325
222001514,0,0,0
222001515,142,626,-484
222001518,0,0,0
222001519,33,439,-406
222001527,0,0,0
222001528,63,158,-95
222001529,0,0,0
222001530,21,250,-229
222001533,95,459,-364
222001534,0,0,0
222001535,14,20,-6
222001536,78,392,-314
222001537,0,0,0
222001538,44,446,-402
222001563,0,0,0
222001564,20,816,-796
222001568,27,50,-23
222001576,0,0,0
222001579,0,1,-1
222001583,4,322,-318
222001584,4,3,1
222001596,285,1313,-1028
222001597,87,20,67
222001626,1,175,-174
222001650,1,41,-40
222001651,20,97,-77
222001914,0,0,0
222001915,44,164,-120
222001968,80,27,53
222001969,272,716,-444
222001970,10,145,-135
222001971,3,15,-12
222001972,1,49,-48
225000001,68,24,44
225000002,73,16,57
225000003,63,9,54
225000004,33,27,6
225000005,8,6,2
225000006,1,93,-92
225000007,3024,663,2361
225000010,79,23,56
225000011,104,159,-55
225000012,44,73,-29
225000013,4,38,-34
225000014,45,17,28
225000015,46,153,-107
225000021,38,25,13
225000027,167,316,-149
225000032,90,29,61
225000042,29,473,-444
225000049,11,32,-21
225000050,29,3,26
225000053,2,118,-116
225000058,38,22,16
225000067,64,240,-176
225000068,42,451,-409
225000069,64,439,-375
225000070,44,418,-374
225000071,13,276,-263
225000075,12,630,-618
225000076,26,72,-46
225000078,23,11,12
225000085,0,0,0
225000086,0,0,0
225000087,0,0,0
225000088,4,99,-95
225000089,319,289,30
225000090,9,177,-168
225000091,17,230,-213
225000092,13,60,-47
225000093,52,370,-318
225000094,8,397,-389
225000095,173,496,-323
225000096,65,334,-269
225000098,139,60,79
225000099,79,30,49
225000100,50,22,28
225000104,13,259,-246
225000110,14,419,-405
225000111,110,868,-758
225000112,116,707,-591
225000113,40,409,-369
225000114,17,209,-192
225000115,2190,333,1857
225000116,133,19,114
225000117,82,50,32
225000118,152,29,123
225000119,15,7,8
225000120,45,6,39
225000121,151,4,147
225000123,51,3,48
225000125,78,108,-30
225000126,443,55,388
225000127,500,146,354
225000128,90,79,11
225000132,117,15,102
225000133,111,31,80
225000134,255,43,212
225000135,16,14,2
225000136,57,12,45
225000137,34,19,15
225000138,210,11,199
225000143,84,78,6
225000144,2,223,-221
225000145,0,0,0
225000146,14,110,-96
225000147,11,299,-288
225000148,3,188,-185
225000149,28,319,-291
225000151,31,254,-223
225000155,97,251,-154
225000156,58,378,-320
225000157,75,270,-195
225000158,22,434,-412
225000171,6,181,-175
225000180,11,0,11
225000181,0,36,-36
225000182,6,0,6
225000185,6,181,-175
225000187,35,335,-300
225000191,0,0,0
225000194,0,7,-7
225000208,2,34,-32
225000209,0,0,0
225000210,5,123,-118
225000217,0,6,-6
225000218,0,0,0
225000223,1,26,-25
225000224,4,0,4
225000225,1,10,-9
225000226,10,0,10
225000227,32,35,-3
225000228,0,0,0
225000229,0,46,-46
225000230,0,0,0
225000231,1,98,-97
225000232,11,0,11
225000241,3,0,3
225000242,0,33,-33
225000249,2,0,2
225000250,31,743,-712
225000251,153,12,141
225000254,2,0,2
225000256,2,3,-1
225000257,0,2,-2
226000042,315,308,7
226000043,28,191,-163
226000044,58,632,-574
226000045,76,479,-403
226000046,120,42,78
226000047,105,39,66
226000048,177,45,132
226000049,83,86,-3
226000070,1,48,-47
226000071,0,60,-60
226000072,0,6,-6
226000073,0,11,-11
226000074,0,4,-4
226000084,0,50,-50
226000085,2,3,-1
226000086,0,8,-8
226000087,1,7,-6
226000088,45,9,36
226000090,72,21,51
226000091,7,1,6
226000092,1,0,1
226000093,11,0,11
226000094,0,0,0
226000095,5,2,3
226000105,1,0,1
226000106,4,0,4
226000107,6,3,3
226000108,14,0,14
226000109,49,0,49
226000124,92,37,55
226000134,172,211,-39
226000135,451,306,145
226000136,85,132,-47
226000137,15,426,-411
226000138,3,321,-318
226000139,1,32,-31
226000156,39,1,38
226000157,142,4,138
226000163,21,41,-20
226000202,2,327,-325
226000231,84,8,76
226000232,18,4,14
227000033,200,64,136
227000036,168,24,144
227000037,93,13,80
227000038,71,7,64
227000084,0,27,-27
227000085,0,31,-31
227000088,8,1,7
227000089,39,2,37
227000090,14,1,13
227000091,7,0,7
227000092,10,2,8
227000093,27,0,27
227000094,2,0,2
227000130,10,33,-23
227000131,7,210,-203
227000132,11,245,-234
227000133,8,246,-238
227000134,8,305,-297
227000152,0,2,-2
227000153,1,35,-34
227000154,0,19,-19
227000155,0,10,-10
227000156,0,16,-16
227000165,1,24,-23
227000196,71,360,-289
227000199,19,496,-477
227000230,30,496,-466
227000232,15,0,15
227000242,35,278,-243
227000243,365,69,296
227000245,13,285,-272
227000246,44,277,-233
227000247,139,95,44
227000248,90,30,60
227000249,16,183,-167
227000250,259,94,165
227000251,86,203,-117
227000252,6,354,-348
227000253,60,40,20
227000262,164,25,139
227000266,51,3,48
227000267,19,2108,-2089
227000282,3,223,-220
227000284,63,3,60
227000286,5,79,-74
227000287,16,185,-169
227000291,28,496,-468
227000296,106,103,3
227000484,76,15,61
227000485,33,449,-416
227000655,20,5,15
227000656,137,5,132
227000657,8,10,-2
227000661,12,2,10
229000265,3,19,-16
229000266,0,0,0
229000267,0,0,0
229000268,1,0,1
229000269,1,0,1
229000274,0,1,-1
229000275,0,2,-2
229000276,0,5,-5
229000277,0,0,0
229000278,0,1,-1
229000295,2,5,-3
229000296,1,3,-2
229000297,3,29,-26
229000298,4,59,-55
229000320,2,2,0
229000321,1,2,-1
229000412,2,61,-59
229000414,1,63,-62
229000415,0,0,0
229000416,0,1,-1
229000417,0,15,-15
229000419,50,206,-156
229000440,124,37,87
229000442,2,4,-2
229000443,0,1,-1
229000444,1,28,-27
229000445,5,5,0
229000446,7,14,-7
229000491,6,54,-48
229000492,17,184,-167
229000493,3,111,-108
229000494,34,21,13
229000495,127,120,7
229000496,21,110,-89
229000507,0,36,-36
229000508,3,28,-25
229000509,0,66,-66
229000510,8,43,-35
229000511,5,101,-96
229000512,1,56,-55
229000513,0,9,-9
229000514,0,4,-4
229000517,3,10,-7
229000518,3,44,-41
229000519,2,17,-15
229000520,2,43,-41
229000521,16,78,-62
229000522,0,36,-36
229000523,5,48,-43
229000524,10,40,-30
229000527,0,10,-10
229000528,1,4,-3
229000529,18,2,16
229000530,111,46,65
229000531,19,27,-8
229000532,29,16,13
229000533,280,54,226
229000534,133,23,110
229000564,71,14,57
229000565,24,9,15
229000566,0,47,-47
229000567,3,172,-169
229000582,410,22,388
229000583,8,24,-16
229000584,0,49,-49
229000585,4,51,-47
229000718,0,2,-2
229000719,0,1,-1
229000720,0,18,-18
229000721,0,15,-15
229000722,0,61,-61
229000723,0,23,-23
229000724,0,5,-5
229000725,1,9,-8
229000738,4,0,4
229000739,1,1,0
229000740,6,0,6
229000741,34,4,30
229000742,20,2,18
229000743,31,1,30
229000744,7,3,4
229000745,2,0,2
229000746,71,2,69
229000847,10,0,10
229000848,12,0,12
229000849,103,2,101
229000851,5,0,5
229000854,0,56,-56
229000856,2,155,-153
229000857,0,42,-42
229000858,0,161,-161
229000919,8,88,-80
229000930,2,147,-145
229000937,143,39,104
229000966,59,24,35
229000981,7,49,-42
229000985,2,29,-27
229000986,0,4,-4
229000987,0,0,0
229000988,0,8,-8
229000989,0,2,-2
229000990,0,0,0
229000991,1,2,-1
229000992,5,1,4
229000993,67,12,55
229000998,22,16,6
229000999,28,5,23
229001034,0,14,-14
229001035,1,0,1
229001036,0,5,-5
229001037,15,6,9
229001038,0,0,0
229001039,0,0,0
229001040,0,6,-6
229001041,0,0,0
229001042,6,3,3
229001047,1,17,-16
229001050,13,19,-6
229001168,0,8,-8
229001200,3,0,3
229001338,1,18,-17
229001394,309,6,303
229001422,259,40,219
229001423,30,162,-132
229001431,100,63,37
229001432,31,68,-37
229001444,65,19,46
229001445,11,184,-173
229001479,10,11,-1
229001503,163,74,89
229001504,77,148,-71
229001505,185,71,114
229001506,28,139,-111
229001509,17,10,7
229001510,2,2,0
229001545,75,13,62
229001546,9,111,-102
229001553,60,27,33
229001554,13,99,-86
229001630,24,2,22
229001631,11,37,-26
229001635,0,2,-2
229001636,0,0,0
229001658,4,70,-66
229001659,143,9,134
229001660,0,2,-2
229001661,0,12,-12
229001662,28,0,28
229001663,0,20,-20
229002584,72,46,26
229002831,73,94,-21
229002841,2,38,-36
229002842,2,8,-6
229002843,5,22,-17
229002844,8,63,-55
229002845,0,47,-47
229002846,0,12,-12
229002847,6,9,-3
229002848,0,3,-3
229002849,0,58,-58
229002850,0,0,0
229002851,6,50,-44
229002852,6,31,-25
229002853,8,5,3
229002854,3,59,-56
229002855,1,74,-73
229002856,5,6,-1
229002857,0,52,-52
229002858,0,1,-1
229002859,9,16,-7
229002860,9,10,-1
229002861,30,13,17
229002862,5,53,-48
229002863,6,20,-14
229002864,0,23,-23
229002865,0,9,-9
229002866,0,7,-7
229002867,1,24,-23
229002868,0,4,-4
229002869,0,131,-131
229002870,3,1,2
235000066,117,117,0
235000067,59,173,-114
235000072,31,50,-19
235000073,92,259,-167
235000074,19,73,-54
235000080,1,54,-53
235000081,73,137,-64
235000082,26,28,-2
235000083,33,48,-15
235000084,8,33,-25
235000085,52,28,24
235000089,8,52,-44
235000092,6,197,-191
235000093,1,2,-1
235000097,0,1,-1
235000098,49,43,6
235000099,11,24,-13
235000116,22,37,-15
235000117,632,5,627
235000133,25,204,-179
235000134,7,65,-58
235000206,6,3,3
235000207,0,1,-1
235000208,0,0,0
235000209,3,1,2
235000210,1,3,-2
235000212,0,9,-9
235000213,1,1,0
235000220,3,3,0
235000221,6,2,4
235000238,2,5,-3
235000239,1,3,-2
235000242,130,129,1
235000245,800,170,630
235000246,3,58,-55
235000284,1,79,-78
235000295,0,0,0
235000305,0,0,0
235000306,0,0,0
235000307,0,0,0
235000308,0,0,0
235000309,0,0,0
235000310,0,0,0
235000311,0,6,-6
235000322,0,15,-15
235000323,0,23,-23
235000324,0,14,-14
235000325,0,16,-16
235000326,3,216,-213
235000351,0,30,-30
235000352,6,48,-42
235000353,0,46,-46
235000354,1,31,-30
235000355,2,59,-57
235000356,0,0,0
235000357,0,0,0
235000358,0,0,0
235000359,0,0,0
235000360,0,0,0
235000361,0,0,0
235000381,28,284,-256
235000382,51,28,23
235000390,13,1,12
235000391,70,25,45
235000392,57,115,-58
235000393,45,75,-30
235000395,59,19,40
235000396,140,49,91
235000400,27,12,15
235000401,4,160,-156
235000405,43,505,-462
235000406,8,366,-358
235000407,50,134,-84
235000409,230,153,77
235000410,39,175,-136
235000411,8,59,-51
235000485,0,14,-14
235000486,1,1,0
235000549,24,44,-20
235000550,41,189,-148
235000599,58,121,-63
235000600,2,4,-2
235000601,9,13,-4
235000602,28,75,-47
235000614,0,0,0
235000648,0,28,-28
235000649,17,0,17
235000685,0,3,-3
235000815,2,32,-30
235000834,0,2,-2
235000855,25,22,3
235000862,11,177,-166
235000891,0,10,-10
235000892,14,18,-4
235000901,126,152,-26
235000907,0,9,-9
235001010,9,54,-45
235001029,707,317,390
235001030,563,123,440
235001078,41,48,-7
235001079,49,144,-95
235001147,2,22,-20
235001166,81,48,33
235001167,19,105,-86
235001169,9,251,-242
235001188,0,6,-6
235001189,0,0,0
235001197,4,10,-6
235001200,33,24,9
235001207,26,5,21
235001210,6,123,-117
235001215,7,107,-100
235001239,0,49,-49
235001244,0,7,-7
235016267,0,14,-14
277101746,0,44,-44
277102712,0,0,0
277103813,2,0,2
277103898,0,4,-4
277104249,0,1,-1
277104250,0,2,-2
277104251,0,7,-7
277104252,0,0,0
990011530,0,271,-271
990014944,5,478,-473
990015176,7,5,2
990015618,0,76,-76
990016032,0,252,-252
990032570,38,90,-52
990070001,0,0,0
990070103,0,3,-3
990070601,0,53,-53
990070751,43,2,41
990070766,3,941,-938
990071180,3,80,-77
990071343,0,0,0
990071387,0,6,-6
990071823,21,1,20
990072600,1,416,-415
990072964,3,598,-595
990073285,0,2,-2
990074393,3,952,-949
990074870,79,7,72
990075106,38,1,37
990075746,43,1,42
990076437,75,7,68
990076458,1,1081,-1080
997000007,18,2,16
997000041,0,168,-168
997000058,0,1,-1
997000062,2,0,2
997000069,0,3,-3
997000070,1,42,-41
997000100,2,0,2
997000141,0,52,-52
997000198,3,29,-26
998000475,0,28,-28
998000736,0,259,-259
998000965,0,0,0
998001031,0,45,-45
998001700,0,16,-16
998001899,0,1,-1
998001900,3,2,1
998003073,7,2,5
998101900,0,0,0
998102850,0,116,-116
998501927,4,270,-266
998501929,61,0,61
998501930,49,1,48
998501931,22,31,-9
998501932,42,23,19
998501933,0,1,-1
998501937,0,0,0
998501944,1,0,1
998501950,0,0,0
998501970,2,5,-3
998501971,1,45,-44
998501973,0,102,-102
998501974,2,212,-210
998501975,3,0,3
998501976,0,3,-3
998501977,0,19,-19
998501978,0,0,0
998501979,0,2,-2
998501980,2,0,2
998501981,1,1,0
998501982,1,120,-119
998502006,0,0,0
998502024,0,1,-1
998502032,0,0,0
998502062,2,0,2
998502063,0,0,0
998502173,10,1,9
998502269,1,0,1
998601159,2,270,-268
998601292,0,13,-13
999033574,0,448,-448
999800001,9,11,-2
999800002,0,1,-1
999800003,1,5,-4
999800004,0,14,-14
999800005,0,7,-7
