ID,insum,outsum,diff
100000001,745,1310,-565
100000002,4133,3080,1053
100000003,6879,6096,783
100000004,1058,1379,-321
100000005,2975,5714,-2739
100000006,697,248,449
100000007,2437,1018,1419
100000008,212,671,-459
100000009,668,353,315
100000010,101,91,10
100000011,1465,181,1284
100000012,101,1210,-1109
100000013,37,418,-381
100000014,359,418,-59
100000015,2012,3195,-1183
100000016,909,1728,-819
100000017,656,999,-343
100000018,1613,1002,611
100000019,4804,2759,2045
100000020,2173,8847,-6674
100000021,6539,3248,3291
100000022,1594,3928,-2334
100000023,6769,2114,4655
100000025,879,1837,-958
100000028,1301,1242,59
100000029,141,405,-264
100000030,125,56,69
100000031,3286,7174,-3888
100000032,2483,4867,-2384
100000033,1175,3778,-2603
100000034,225,713,-488
100000035,1645,2248,-603
100000036,2010,1973,37
100000037,697,430,267
100000038,2504,1362,1142
100000039,707,1113,-406
100000040,310,274,36
100000041,1694,673,1021
100000042,1301,574,727
100000043,847,591,256
100000044,372,965,-593
100000045,443,1322,-879
100000046,687,1073,-386
100000047,416,668,-252
100000048,664,692,-28
100000049,1619,1468,151
100000051,494,842,-348
100000053,284,12,272
100000054,559,56,503
100000055,1053,329,724
100000056,629,706,-77
100000057,2351,801,1550
100000058,1104,1133,-29
100000059,28,229,-201
100000060,469,395,74
100000061,2800,814,1986
100000062,2793,787,2006
100000063,1222,271,951
100000064,1975,373,1602
100000065,445,809,-364
100000066,193,617,-424
100000067,518,639,-121
100000068,568,1473,-905
100000069,344,1070,-726
100000072,231,844,-613
100000073,1230,1194,36
100000075,788,300,488
100000076,2667,3942,-1275
100000077,210,293,-83
100000078,40,51,-11
100000079,65,79,-14
100000080,29,58,-29
100000081,196,256,-60
100000102,2964,3368,-404
100000103,2908,2513,395
100000104,4043,3847,196
100000105,2158,2516,-358
100000106,2405,3271,-866
100000107,529,1780,-1251
100000108,661,1549,-888
100000109,1810,1683,127
100000116,1071,1310,-239
100000117,82,194,-112
100000118,1304,1853,-549
100000119,734,1152,-418
100000121,559,486,73
100000122,891,1515,-624
100000123,2059,4274,-2215
100000124,3907,6256,-2349
100000125,4091,2025,2066
100000126,711,701,10
100000127,1544,536,1008
100000128,1562,2849,-1287
100000129,479,699,-220
100000130,656,554,102
100000131,2628,3092,-464
100000132,1308,3510,-2202
100000133,3951,2193,1758
100000135,734,1485,-751
100000139,397,535,-138
100000140,480,472,8
100000142,670,613,57
100000143,2054,709,1345
100000144,3986,886,3100
100000147,1391,4025,-2634
100000150,66,516,-450
100000151,1289,1709,-420
100000153,230,552,-322
100000154,40,409,-369
100000155,18,47,-29
100000156,465,650,-185
100000157,489,193,296
100000158,358,149,209
100000159,205,763,-558
100000165,1419,984,435
100000169,171,1080,-909
100000174,446,902,-456
100000179,64,774,-710
100000180,4172,10493,-6321
100000181,809,639,170
100000188,107,674,-567
100000189,1519,714,805
100000190,679,1533,-854
100000191,804,855,-51
100000192,52,137,-85
100000193,397,210,187
100000330,1137,1015,122
100000355,250,1138,-888
100000362,4056,2461,1595
100000363,5734,5509,225
100000364,218,316,-98
100000365,6834,9726,-2892
100000366,4637,3275,1362
100000367,5887,8727,-2840
100000368,2766,1342,1424
100000369,1147,3118,-1971
100000370,277,1352,-1075
100000376,81,197,-116
100000379,2140,1837,303
100000380,4809,5962,-1153
100000384,5374,7071,-1697
100000385,3004,4927,-1923
100000386,5940,6085,-145
100000387,4340,7530,-3190
100000388,5516,7608,-2092
100000389,6787,8286,-1499
100000390,7880,7957,-77
100000391,6312,10372,-4060
100000392,3071,5480,-2409
100000393,2912,6419,-3507
100000394,6759,11152,-4393
100000395,5998,6090,-92
100000396,6591,4711,1880
100000397,5333,8857,-3524
100000398,11836,8729,3107
100900002,21,21,0
100900003,449,275,174
100900004,43,1492,-1449
100900005,128,22,106
100900006,38,93,-55
100900007,399,17,382
100900008,9,373,-364
100900009,127,161,-34
100900010,123,91,32
100900011,200,183,17
100900012,5,129,-124
100900013,1285,15,1270
100900014,1,17,-16
100900015,112,76,36
100900016,4,19,-15
100900017,1483,88,1395
100900018,1,12,-11
100900019,36,184,-148
100900020,393,10,383
100900021,634,1,633
100900022,12,28,-16
100900023,0,31,-31
100900024,713,8,705
100900025,16,10,6
100900026,143,122,21
100900027,757,3470,-2713
100900028,137,321,-184
100900029,35,2,33
100900030,3,96,-93
100900031,793,67,726
100900032,385,1,384
100900033,304,381,-77
100900034,730,4,726
100900035,540,1,539
100900036,29,2,27
100900037,158,171,-13
100900038,92,53,39
100900039,320,481,-161
100900040,589,571,18
100900041,1140,533,607
100900042,1488,1521,-33
100900043,1,22,-21
100900044,1550,648,902
100900045,40,28,12
100900046,1554,32,1522
100900047,1108,244,864
100900048,206,63,143
100900049,64,144,-80
100900050,10,14,-4
100900051,50,198,-148
100900052,598,61,537
100900053,599,28,571
100900054,16,40,-24
100900055,375,989,-614
100900056,120,266,-146
100900057,1503,1241,262
100900058,610,75,535
100900059,174,13,161
100900060,260,7,253
100900061,380,200,180
100900062,8,28,-20
100900063,284,1024,-740
100900064,876,32,844
100900065,95,157,-62
100900066,203,215,-12
100900067,34,7,27
100900068,193,100,93
100900069,681,57,624
100900070,537,5,532
100900071,612,186,426
100900072,7,43,-36
100900073,178,257,-79
100900074,7,4,3
100900075,1868,377,1491
100900076,15,41,-26
100900077,53,47,6
100900078,145,455,-310
100900079,13,14,-1
100900080,56,279,-223
100900081,80,218,-138
100900082,147,398,-251
100900083,21,20,1
100900085,35,350,-315
100900086,154,1024,-870
100900088,191,426,-235
100900089,6,21,-15
100900090,142,802,-660
100900091,7,26,-19
100900092,289,346,-57
100900093,328,432,-104
100900094,182,335,-153
100900095,6,23,-17
100900096,91,93,-2
100900097,1,3,-2
100900098,11,35,-24
100900099,36,549,-513
100900100,19,826,-807
100900101,280,55,225
100900102,79,202,-123
100900103,15,14,1
100900104,3,170,-167
100900105,73,822,-749
100900106,30,7,23
100900107,2220,945,1275
100900108,9,67,-58
100900109,29,23,6
100900110,4,38,-34
100900111,37,176,-139
100900112,11,23,-12
100900113,24,30,-6
100900114,15,14,1
100900115,6,25,-19
100900116,1260,957,303
100900117,403,1306,-903
100900118,21,33,-12
100900119,25,17,8
100900120,12,11,1
100900121,573,728,-155
100900122,136,194,-58
100900123,133,149,-16
100900124,11,22,-11
100900125,17,65,-48
100900126,257,144,113
100900127,7,11,-4
100900128,166,293,-127
100900129,1,209,-208
100900131,156,291,-135
100900133,82,41,41
100900134,0,11,-11
100900135,2,283,-281
100900137,388,215,173
100900138,480,511,-31
100900139,11,11,0
100900140,9,330,-321
100900141,4,846,-842
100900142,6,18,-12
100900143,651,634,17
100900144,21,13,8
100900145,84,244,-160
100900146,13,128,-115
100900147,20,782,-762
100900148,37,457,-420
100900149,29,345,-316
100900150,11,62,-51
100900151,167,475,-308
100900152,1063,22,1041
100900153,7,248,-241
100900154,11,84,-73
100900155,22,11,11
100900156,106,9,97
100900157,15,298,-283
100900159,10,31,-21
100900160,50,19,31
100900161,126,11,115
100900162,40,533,-493
100900163,148,144,4
100900164,82,42,40
100900165,31,10,21
100900166,173,8,165
100900167,37,84,-47
100900168,76,173,-97
100900169,123,1059,-936
100900170,31,4,27
100900171,16,435,-419
100900172,2,38,-36
100900173,15,288,-273
100900174,403,75,328
100900176,1821,267,1554
100900177,613,365,248
100900178,385,151,234
100900179,380,420,-40
100900180,3,10,-7
100900181,159,116,43
100900182,245,52,193
100900184,12,190,-178
100900186,679,498,181
100900187,9,66,-57
100900188,32,16,16
100900189,2182,312,1870
100900191,951,1334,-383
100900192,288,527,-239
100900195,105,199,-94
100900197,17,66,-49
100900198,51,200,-149
100900199,10,9,1
100900200,915,422,493
100900201,137,685,-548
100900202,53,0,53
100900203,9,259,-250
100900204,612,2210,-1598
100900205,237,708,-471
100900206,270,122,148
100900207,325,173,152
100900210,184,676,-492
100900211,842,208,634
100900213,287,70,217
100900214,579,173,406
100900215,28,45,-17
100900217,140,156,-16
101000001,3341,2712,629
101000002,7458,9517,-2059
101000003,495,1711,-1216
101000004,8043,7256,787
101000005,5105,5879,-774
101000006,7251,8536,-1285
101000007,4193,5948,-1755
101000008,2469,2467,2
101000009,2303,956,1347
101000010,941,835,106
101000011,1559,602,957
101000012,1048,884,164
101000013,894,1347,-453
101000014,490,615,-125
101000015,1547,1002,545
101000016,410,609,-199
101000017,541,498,43
101000018,2161,2849,-688
101000020,2199,1249,950
101000021,714,412,302
101000022,254,156,98
101000023,1420,707,713
101000025,362,567,-205
101000026,264,54,210
101000027,2216,3689,-1473
101000028,1174,252,922
101000029,282,3091,-2809
101000030,1997,193,1804
101000031,1208,1811,-603
101000032,7219,6367,852
101000033,2670,5344,-2674
101000034,1749,2321,-572
101000035,973,601,372
101000036,1393,1219,174
101000037,2021,2040,-19
101000039,2687,3219,-532
101000040,2881,5425,-2544
101000041,7729,10773,-3044
101000042,507,1804,-1297
101000043,6594,10833,-4239
101000045,1517,1362,155
101000046,3450,2831,619
101000047,2591,6985,-4394
101000048,785,741,44
101000049,831,3333,-2502
101000050,2444,3753,-1309
101000051,1797,4185,-2388
101000052,1683,1515,168
101000053,1411,2035,-624
101000054,2466,1466,1000
101000055,1526,1651,-125
101000056,32,108,-76
101000057,1637,1363,274
101000058,1219,1541,-322
101000059,2043,2835,-792
101000060,1793,763,1030
101000061,747,1746,-999
101000062,689,845,-156
101000063,550,1220,-670
101000064,1040,1259,-219
101000065,400,536,-136
101000066,1109,1126,-17
101000067,1070,1263,-193
101000068,262,659,-397
101000069,232,106,126
101000070,1323,1353,-30
101000071,2254,1164,1090
101000072,1023,4253,-3230
101000073,1100,1649,-549
101000074,6132,5067,1065
101000075,4545,7551,-3006
101000077,1984,1506,478
101000078,1107,1791,-684
101000079,1860,567,1293
101000080,1784,862,922
101000081,1949,1942,7
101000082,3005,2898,107
101000083,3279,2504,775
101000084,1387,831,556
101000085,1837,1344,493
101000086,1040,1330,-290
101000087,1017,1009,8
101000088,1580,1383,197
101000089,1459,1737,-278
101000090,2062,1281,781
101000091,508,776,-268
101000092,1336,912,424
101000093,1650,787,863
101000094,1313,1105,208
101000095,611,597,14
101000096,469,432,37
101000097,502,635,-133
101000098,562,696,-134
101000099,1233,1807,-574
101000100,1277,1359,-82
101000101,286,443,-157
101000102,945,674,271
101000103,818,724,94
101000104,482,813,-331
101000105,597,705,-108
101000106,1143,1576,-433
101000107,401,488,-87
101000108,757,259,498
101000109,554,104,450
101000110,33,336,-303
101000111,151,425,-274
101000113,317,918,-601
101000114,9153,11459,-2306
101000115,545,322,223
101000116,189,201,-12
101000117,1956,478,1478
101000119,76,64,12
101000120,150,81,69
101000121,64,74,-10
101000122,126,187,-61
101000123,68,172,-104
101000124,1730,401,1329
101000125,211,461,-250
101000128,437,951,-514
101000130,273,368,-95
101000131,1037,581,456
101000132,1008,942,66
101000135,45,55,-10
101000136,448,230,218
101000137,35,420,-385
101000141,1134,3894,-2760
101000147,1118,418,700
101000148,800,44,756
101000149,336,622,-286
101000150,135,544,-409
101000151,348,48,300
101000152,396,348,48
101000153,486,278,208
101000154,377,866,-489
101000155,410,176,234
101000156,32,337,-305
101000157,71,51,20
101000160,126,68,58
101000163,285,485,-200
101000164,397,326,71
101000165,319,386,-67
101000166,337,372,-35
101000168,969,433,536
101000252,2447,1037,1410
101000254,218,197,21
101000258,90,14,76
101000261,219,76,143
101000262,1534,3504,-1970
101000263,670,1973,-1303
101000265,179,1250,-1071
101000266,512,528,-16
101000269,34,22,12
101000290,1108,3191,-2083
101000293,62,96,-34
101000294,865,544,321
101000295,162,443,-281
101000301,612,699,-87
101000304,2239,3345,-1106
101000305,3014,1322,1692
101900001,43,112,-69
101900002,0,8,-8
101900003,73,119,-46
101900004,3,70,-67
101900005,2705,2968,-263
101900006,1338,95,1243
101900007,1038,313,725
101900008,96,343,-247
101900009,65,457,-392
101900010,786,885,-99
101900011,216,1257,-1041
101900012,457,271,186
101900013,710,203,507
101900017,11,159,-148
101900018,1218,369,849
101900019,216,138,78
101900020,64,38,26
101900021,4,52,-48
101900022,200,916,-716
101900023,178,158,20
101900026,134,41,93
101900027,24,118,-94
102000001,3122,5821,-2699
102000002,2591,1266,1325
102000003,3346,8399,-5053
102000004,5726,2980,2746
102000005,1507,2895,-1388
102000006,1092,1804,-712
102000007,2135,6205,-4070
102000008,4883,1717,3166
102000009,8265,10150,-1885
102000010,5689,3749,1940
102000011,4077,3875,202
102000012,3283,3053,230
102000018,2703,2917,-214
102000019,3021,1869,1152
102000026,229,640,-411
102000029,259,259,0
102000030,159,472,-313
102000031,80,118,-38
102000032,621,276,345
102000033,327,386,-59
102000034,590,477,113
102000035,2247,826,1421
102000036,26,278,-252
102000037,155,59,96
102000038,196,310,-114
102000039,177,85,92
102000040,344,285,59
102000041,214,419,-205
102000042,258,333,-75
102000043,226,278,-52
102000044,315,447,-132
102000045,658,755,-97
102000046,1260,683,577
102000047,980,845,135
102000048,615,809,-194
102000049,1210,925,285
102000050,1064,1170,-106
102000051,488,669,-181
102000052,1260,815,445
102000053,938,946,-8
102000054,894,1543,-649
102000055,1775,551,1224
102000056,1260,939,321
102000057,1664,595,1069
102000058,1382,1283,99
102000059,1726,1726,0
102000060,1385,1172,213
102000061,2083,1905,178
102000062,2116,1222,894
102000063,1170,1483,-313
102000064,682,836,-154
102000065,102,291,-189
102000066,908,1007,-99
102000067,2334,3122,-788
102000068,11222,2834,8388
102000069,133,2818,-2685
102000070,1565,67,1498
102000071,6560,8766,-2206
102000072,3389,3991,-602
102000073,2444,1693,751
102000074,1193,1682,-489
102000075,240,436,-196
102000076,263,453,-190
102000077,1030,694,336
102000078,1193,689,504
102000079,250,235,15
102000080,314,342,-28
102000081,475,1224,-749
102000082,782,485,297
102000083,719,266,453
102000084,476,301,175
102000085,3304,990,2314
102000086,1463,1207,256
102000087,1128,1598,-470
102000088,441,351,90
102000089,1664,456,1208
102000090,765,1376,-611
102000091,1464,830,634
102000092,383,848,-465
102000093,631,968,-337
102000094,1012,710,302
102000095,1079,1456,-377
102000096,830,866,-36
102000097,847,991,-144
102000098,623,936,-313
102000099,955,1044,-89
102000100,479,1411,-932
102000101,759,853,-94
102000102,298,1351,-1053
102000103,1447,369,1078
102000104,555,295,260
102000105,276,418,-142
102000106,939,484,455
102000107,1597,438,1159
102000108,786,198,588
102000109,694,470,224
102000110,1438,911,527
102000111,18,257,-239
102000112,186,138,48
102000113,25,31,-6
102000114,681,347,334
102000115,246,344,-98
102000116,309,502,-193
102000117,174,443,-269
102000118,1185,1396,-211
102000119,1361,831,530
102000120,289,561,-272
102000121,1264,654,610
102000122,904,1144,-240
102000123,1494,1325,169
102000124,1602,1243,359
102000125,960,1264,-304
102000126,869,734,135
102000127,1581,798,783
102000128,898,780,118
102000129,1767,751,1016
102000130,976,803,173
102000131,2584,803,1781
102000132,996,1173,-177
102000133,2567,1573,994
102000134,989,944,45
102000135,1284,1148,136
102000136,1524,677,847
102000137,813,1796,-983
102000138,343,746,-403
102000139,173,1154,-981
102000140,326,1337,-1011
102000141,516,2185,-1669
102000142,389,447,-58
102000143,227,280,-53
102000144,331,330,1
102000145,562,440,122
102000146,482,438,44
102000147,629,460,169
102000148,214,653,-439
102000149,233,268,-35
102000150,540,86,454
102000151,168,203,-35
102000152,222,134,88
102000153,1158,610,548
102000154,254,481,-227
102000155,83,344,-261
102000156,294,145,149
102000157,101,404,-303
102000158,480,545,-65
102000159,759,640,119
102000161,2907,2269,638
102000162,196,159,37
102000163,151,655,-504
102000164,1105,1169,-64
102000165,338,149,189
102000166,84,213,-129
102000167,313,205,108
102000168,334,161,173
102000169,241,669,-428
102000170,505,373,132
102000171,374,497,-123
102000172,433,764,-331
102000173,600,468,132
102000174,131,94,37
102000175,181,111,70
102000176,122,53,69
102000178,245,356,-111
102000179,437,213,224
102000180,1096,449,647
102000181,823,547,276
102000182,582,457,125
102000183,2064,1490,574
102000184,2085,740,1345
102000185,3201,1080,2121
102000186,1396,1361,35
102000187,1175,1222,-47
102000188,1599,1709,-110
102000189,2041,700,1341
102000190,661,2867,-2206
102000191,1776,534,1242
102000192,1398,1640,-242
102000193,72,130,-58
102000194,67,116,-49
102000195,486,452,34
102000196,215,310,-95
102000197,832,298,534
102000198,282,549,-267
102000199,1281,267,1014
102000200,346,879,-533
102000201,1397,513,884
102000202,4,99,-95
102000203,467,181,286
102000204,582,522,60
102000205,1366,354,1012
102000206,693,438,255
102000207,820,498,322
102000208,453,430,23
102000209,107,57,50
102000210,490,342,148
102000211,603,253,350
102000212,367,7,360
102000213,11,223,-212
102000214,375,9,366
102000215,22,249,-227
102000216,69,88,-19
102000217,16,73,-57
102000218,303,198,105
102000219,334,201,133
102000225,589,680,-91
102000226,4671,2172,2499
102000227,180,2,178
102000228,0,95,-95
102000229,58,76,-18
102000230,386,347,39
102000231,326,410,-84
102000232,45,168,-123
102000233,487,727,-240
102000234,150,1244,-1094
102000236,346,80,266
102000237,442,149,293
102000238,161,296,-135
102000240,531,707,-176
102000241,360,165,195
102000243,24,57,-33
102000245,30,183,-153
102000246,14,57,-43
102000247,816,910,-94
102000248,607,1276,-669
102000249,148,160,-12
102000250,131,292,-161
102000254,165,222,-57
102000266,38,702,-664
102000271,13,2,11
102000286,436,393,43
102000297,2406,1005,1401
102000299,0,0,0
102000301,0,0,0
102000303,0,0,0
102000305,0,0,0
102000307,0,7,-7
102000308,0,3,-3
102900001,1625,753,872
102900002,439,58,381
102900003,77,154,-77
102900005,506,228,278
102900006,530,129,401
102900007,522,25,497
102900008,332,55,277
102900009,630,336,294
102900010,390,1291,-901
102900011,1714,475,1239
102900012,416,72,344
102900013,37,86,-49
102900015,825,518,307
102900016,99,97,2
102900017,223,468,-245
102900018,40,94,-54
102900019,451,483,-32
102900020,174,31,143
102900021,29,131,-102
102900022,460,161,299
102900023,45,38,7
102900024,49,41,8
102900025,221,102,119
102900026,456,2307,-1851
102900027,89,60,29
102900028,206,982,-776
102900029,181,254,-73
102900030,542,379,163
102900031,285,140,145
102900032,129,130,-1
102900033,120,158,-38
102900034,665,80,585
102900035,173,269,-96
102900036,335,341,-6
102900037,404,272,132
102900038,549,355,194
102900039,26,703,-677
102900040,207,345,-138
102900041,120,215,-95
102900042,284,271,13
102900043,219,170,49
102900044,805,1829,-1024
102900045,195,527,-332
102900046,202,219,-17
102900047,197,566,-369
102900048,694,400,294
102900049,204,326,-122
102900050,339,292,47
102900051,277,222,55
102900052,71,88,-17
102900053,378,581,-203
102900054,726,1565,-839
102900055,148,231,-83
102900056,151,323,-172
102900057,7,78,-71
102900058,400,83,317
102900059,29,91,-62
102900060,162,418,-256
102900061,199,395,-196
102900062,310,710,-400
102900063,1365,430,935
102900064,129,425,-296
102900065,1126,520,606
102900066,449,27,422
102900068,116,108,8
102900070,286,745,-459
102900072,16,51,-35
102900073,108,7,101
102900075,27,70,-43
102900076,128,218,-90
102900077,74,38,36
102900078,44,106,-62
102900079,255,10,245
102900080,494,45,449
102900081,121,287,-166
102900082,16,219,-203
102900083,160,22,138
102900084,8,25,-17
102900085,429,159,270
102900086,35,71,-36
102900087,210,88,122
102900088,70,25,45
102900089,216,125,91
102900090,4,299,-295
102900091,237,5,232
102900092,469,644,-175
102900093,346,332,14
102900094,1,206,-205
102900095,130,1,129
102900096,90,11,79
102900097,93,174,-81
103000001,2471,2141,330
103000002,2208,2500,-292
103000003,3427,2870,557
103000004,917,797,120
103000005,1921,3316,-1395
103000006,1034,1539,-505
103000007,437,740,-303
103000008,1117,636,481
103000009,1530,1149,381
103000010,193,77,116
103000011,1792,1367,425
103000012,1943,1529,414
103000013,3623,1993,1630
103000014,1642,3098,-1456
103000015,1681,699,982
103000016,646,1605,-959
103000017,240,488,-248
103000018,854,303,551
103000019,428,381,47
103000020,1974,1426,548
103000021,1944,1937,7
103000022,685,916,-231
103000023,766,1769,-1003
103000024,122,112,10
103000025,113,825,-712
103000026,897,130,767
103000027,333,792,-459
103000028,375,454,-79
103000029,209,352,-143
103000030,1693,1713,-20
103000031,1388,2221,-833
103000032,2469,1590,879
103000033,3520,2887,633
103000034,1463,1201,262
103000035,488,1356,-868
103000036,339,527,-188
103000037,594,651,-57
103000038,585,1077,-492
103000039,544,333,211
103000040,583,727,-144
103000041,1740,1700,40
103000042,1422,381,1041
103000043,541,770,-229
103000044,326,165,161
103000046,467,496,-29
103000047,659,529,130
103000048,282,202,80
103000049,119,116,3
103000050,862,397,465
103000051,704,462,242
103000052,865,265,600
103000053,209,632,-423
103000054,2937,1172,1765
103000055,1995,1858,137
103000056,937,1318,-381
103000057,973,239,734
103000058,754,765,-11
103000059,585,797,-212
103000060,833,505,328
103000061,411,893,-482
103000062,1319,508,811
103000063,919,915,4
103000064,182,186,-4
103000065,11,333,-322
103000066,248,10,238
103000069,511,289,222
103000070,1054,622,432
103000071,1408,472,936
103000072,125,550,-425
103000073,806,127,679
103000074,948,91,857
103000075,139,516,-377
103000076,363,517,-154
103000077,48,384,-336
103000078,949,846,103
103000079,547,714,-167
103000080,1033,446,587
103000081,479,1402,-923
103000082,560,223,337
103000083,171,306,-135
103000084,108,19,89
103000085,4,164,-160
103000086,590,413,177
103000087,144,588,-444
103000088,228,280,-52
103000089,259,555,-296
103000090,2405,871,1534
103000091,612,473,139
103000092,247,225,22
103000093,245,410,-165
103000094,247,82,165
103000095,88,277,-189
103000096,659,69,590
103000097,83,628,-545
103000098,842,209,633
103000099,285,654,-369
103000100,134,588,-454
103000101,1169,124,1045
103000102,165,391,-226
103000103,861,132,729
103000104,83,98,-15
103000105,206,83,123
103000106,15,131,-116
103000107,236,58,178
103000108,902,633,269
103000109,411,424,-13
103000110,535,522,13
103000111,465,426,39
103000112,346,189,157
103000113,524,646,-122
103000114,1154,465,689
103000115,736,489,247
103000116,741,394,347
103000117,531,437,94
103000118,415,553,-138
103000119,885,426,459
103000120,93,100,-7
103000121,345,689,-344
103000122,511,824,-313
103000125,38,255,-217
103000126,873,7,866
103000127,5,172,-167
103000128,210,6,204
103000129,5,121,-116
103000130,132,77,55
103000131,300,123,177
103000132,75,294,-219
103000133,53,149,-96
103000134,430,1007,-577
103000135,537,294,243
103000136,623,474,149
103000137,422,669,-247
103000138,669,740,-71
103000139,4,70,-66
103000140,124,34,90
103000141,66,127,-61
103000142,183,85,98
103000143,45,145,-100
103000144,193,53,140
103000145,39,318,-279
103000150,120,40,80
103000152,193,235,-42
103000153,216,169,47
103000156,26,293,-267
103000157,598,6,592
103000159,156,77,79
103000162,109,59,50
103000163,24,83,-59
103000164,41,15,26
103000165,79,233,-154
103000166,297,363,-66
103000167,195,67,128
103000168,152,122,30
103000169,226,586,-360
103000170,984,419,565
103000171,38,128,-90
103000172,616,232,384
103000173,782,389,393
103000174,258,274,-16
103000175,470,220,250
103000176,808,680,128
103000177,470,338,132
103000178,235,289,-54
103000179,227,37,190
103000183,175,16,159
103000185,159,38,121
103000186,143,120,23
103000187,856,237,619
103000188,21,114,-93
103000189,725,639,86
103000191,684,643,41
103000292,1025,1872,-847
103000293,1192,2886,-1694
103000295,61,121,-60
103000296,532,13,519
103000297,98,219,-121
103000504,109,54,55
103000505,16,41,-25
103000506,1,218,-217
103000507,255,2,253
103000508,55,95,-40
103000509,218,546,-328
103900001,5,170,-165
103900002,1013,163,850
103900003,1195,162,1033
103900004,188,5,183
103900005,2,127,-125
103900006,3,1,2
103900007,79,3,76
103900008,17,0,17
103900009,339,541,-202
103900010,176,369,-193
103900011,452,135,317
103900012,32,27,5
103900013,70,66,4
103900014,91,7,84
103900015,73,15,58
103900016,236,200,36
103900017,43,53,-10
103900018,622,187,435
103900019,125,449,-324
103900020,257,490,-233
103900021,399,64,335
103900022,1408,771,637
103900023,202,2,200
103900024,127,421,-294
103900025,24,41,-17
103900026,175,1,174
103900027,849,246,603
103900028,32,287,-255
103900029,1196,163,1033
103900030,275,130,145
103900031,30,3,27
103900032,109,66,43
103900033,61,22,39
103900034,42,102,-60
103900035,78,35,43
103900036,44,35,9
103900037,90,76,14
103900038,149,244,-95
103900039,110,223,-113
103900040,16,135,-119
103900041,83,65,18
103900042,98,239,-141
103900043,229,51,178
103900044,93,261,-168
103900045,489,188,301
103900047,123,23,100
103900048,39,25,14
103900049,189,981,-792
103900050,25,174,-149
103900051,1,36,-35
103900052,262,311,-49
103900053,310,443,-133
103900054,160,282,-122
103900055,578,210,368
103900056,85,41,44
103900057,56,122,-66
103900058,330,444,-114
103900059,0,30,-30
103900060,52,147,-95
103900061,200,44,156
103900062,491,121,370
103900063,13,0,13
103900064,145,1,144
103900065,912,455,457
103900066,226,47,179
103900067,220,11,209
103900068,11,2,9
103900069,68,10,58
103900070,174,186,-12
103900071,21,111,-90
103900072,37,178,-141
103900073,31,25,6
103900074,59,67,-8
103900075,335,81,254
103900076,669,401,268
103900077,46,101,-55
103900078,355,124,231
103900079,165,204,-39
103900080,10,30,-20
103900081,28,13,15
103900082,18,118,-100
103900083,1040,1338,-298
103900084,76,105,-29
103900085,90,147,-57
103900086,936,377,559
103900087,34,57,-23
103900088,390,565,-175
103900089,70,102,-32
103900090,4,77,-73
103900091,1143,233,910
103900092,920,500,420
103900093,83,246,-163
103900094,17,92,-75
103900095,312,242,70
103900096,37,113,-76
103900097,4,434,-430
103900098,336,95,241
103900099,88,102,-14
103900100,395,270,125
103900101,129,1094,-965
103900102,16,9,7
103900104,7,28,-21
103900105,109,168,-59
103900106,0,109,-109
103900107,162,157,5
103900108,59,221,-162
103900109,156,70,86
103900110,323,59,264
103900111,132,450,-318
103900112,65,92,-27
103900113,160,235,-75
103900114,518,321,197
103900115,316,232,84
103900116,3699,3253,446
103900117,110,65,45
103900119,68,94,-26
103900120,79,96,-17
103900122,126,152,-26
103900123,1057,655,402
103900124,118,400,-282
103900125,169,74,95
103900126,652,315,337
103900127,237,346,-109
103900128,166,123,43
103900131,32,97,-65
103900133,977,116,861
103900134,0,9,-9
103900135,7,9,-2
103900137,1,32,-31
103900138,151,125,26
103900139,260,2395,-2135
103900140,5,203,-198
103900141,314,60,254
103900142,329,77,252
103900143,115,3,112
103900144,3,48,-45
103900145,266,174,92
103900146,383,240,143
103900147,437,156,281
103900148,321,235,86
103900149,444,498,-54
103900150,4647,5045,-398
103900151,29,179,-150
103900152,778,305,473
103900153,17,0,17
103900154,704,2213,-1509
103900155,50,180,-130
103900156,52,116,-64
103900157,79,98,-19
103900158,125,106,19
103900159,233,51,182
103900160,56,39,17
103900161,130,171,-41
103900162,66,187,-121
103900163,36,457,-421
103900167,20,115,-95
103900168,133,88,45
103900169,82,69,13
103900170,1,70,-69
103900171,2,49,-47
103900172,4,20,-16
103900173,21,20,1
103900174,235,87,148
103900175,51,79,-28
103900176,11,37,-26
103900177,7,93,-86
103900178,77,50,27
103900179,56,77,-21
103900180,19,69,-50
103900181,47,33,14
103900182,41,16,25
103900184,440,123,317
103900185,109,486,-377
103900187,23,88,-65
103900188,41,24,17
103900189,185,16,169
103900190,112,46,66
103900191,47,44,3
103900192,85,88,-3
103900193,141,139,2
103900194,94,206,-112
103900195,10,105,-95
103900196,33,28,5
103900197,33,35,-2
103900198,19,43,-24
103900199,168,56,112
103900200,181,99,82
103900201,149,208,-59
103900202,16,74,-58
103900203,36,32,4
103900204,2,75,-73
103900207,2,48,-46
103900208,99,1,98
103900209,14,71,-57
103900210,56,37,19
103900211,620,304,316
103900212,129,265,-136
103900213,75,228,-153
103900214,224,188,36
103900215,212,339,-127
103900216,8,331,-323
103900217,511,51,460
103900218,1,300,-299
103900219,218,217,1
103900233,66,3,63
103900235,19,28,-9
103900236,8,7,1
103900242,2,6,-4
103900243,3,5,-2
103900244,99,179,-80
103900245,118,172,-54
103900246,48,27,21
103900247,19,118,-99
103900248,10,138,-128
103900249,29,71,-42
103900250,20,23,-3
103900251,3,32,-29
103900253,26,110,-84
103900254,8,42,-34
103900255,11,20,-9
103900256,16,32,-16
103900257,93,136,-43
103900258,16,12,4
103900259,78,18,60
103900261,14,2,12
103900262,14,3,11
103900263,29,44,-15
103900264,65,41,24
103900265,41,4,37
103900266,5,92,-87
103900267,12,62,-50
103900268,8,61,-53
103900269,156,18,138
103900270,53,124,-71
103900271,56,75,-19
103900272,72,54,18
103900273,52,27,25
103900274,130,22,108
103900275,61,24,37
103900276,10,64,-54
103900277,9,55,-46
104000001,2544,2251,293
104000002,1737,2027,-290
104000003,2457,1946,511
104000004,2812,2597,215
104000005,2154,1846,308
104000006,3042,2637,405
104000007,4128,4294,-166
104000008,229,181,48
104000009,200,112,88
104000010,184,343,-159
104000011,365,210,155
104000012,128,280,-152
104000013,256,208,48
104000014,216,423,-207
104000015,393,114,279
104000016,584,329,255
104000018,958,152,806
104000019,704,237,467
104000020,135,429,-294
104000021,275,408,-133
104000022,172,261,-89
104000023,928,345,583
104000024,213,252,-39
104000026,48,294,-246
104000027,284,208,76
104000028,431,240,191
104000029,344,260,84
104000030,361,229,132
104000031,1466,328,1138
104000032,237,190,47
104000033,726,510,216
104000034,419,204,215
104000035,1212,362,850
104000036,933,426,507
104000037,308,189,119
104000038,566,317,249
104000039,250,176,74
104000040,221,421,-200
104000041,675,299,376
104000042,283,280,3
104000043,259,265,-6
104000044,247,439,-192
104000045,916,700,216
104000046,939,1369,-430
104000047,906,1087,-181
104000048,1159,1048,111
104000049,575,410,165
104000050,224,808,-584
104000051,155,482,-327
104000052,1719,1540,179
104000053,1017,418,599
104000054,728,336,392
104000055,3341,2238,1103
104000056,991,215,776
104000057,160,325,-165
104000058,848,685,163
104000059,507,977,-470
104000060,1214,1143,71
104000061,1395,849,546
104000062,400,117,283
104000064,451,331,120
104000065,266,673,-407
104000069,749,1258,-509
104000070,87,553,-466
104000071,149,297,-148
104000072,694,197,497
104000075,99,299,-200
104000076,524,118,406
104000082,2324,3248,-924
104000083,826,252,574
104000084,107,409,-302
104000085,297,395,-98
104000086,232,350,-118
104000087,458,2072,-1614
104000090,926,961,-35
104000092,1431,1466,-35
104000094,976,1182,-206
104000095,1977,1247,730
104000096,1778,142,1636
104000097,2042,686,1356
104000098,2841,646,2195
104000100,2013,584,1429
104000101,1247,1448,-201
104000106,41,592,-551
104000107,606,366,240
104000108,249,401,-152
104000109,389,143,246
104000110,834,1090,-256
104000111,2987,2847,140
104000112,1446,488,958
104000116,2,722,-720
104000117,173,516,-343
104000118,779,210,569
104000119,823,296,527
104000120,315,604,-289
104000121,211,609,-398
104000122,708,763,-55
104000123,646,709,-63
104000124,680,1600,-920
104000125,2775,5068,-2293
104000126,552,450,102
104000127,1192,1654,-462
104000128,701,406,295
104000129,415,26,389
104000130,18,385,-367
104000131,399,311,88
104000132,321,299,22
104000133,1343,874,469
104000134,1219,1873,-654
104000135,417,2048,-1631
104000136,858,4311,-3453
104000137,1722,494,1228
104000138,931,412,519
104000139,4172,2786,1386
104000141,993,1200,-207
104000142,623,470,153
104000143,656,388,268
104000144,172,205,-33
104000145,407,224,183
104000146,235,479,-244
104000147,152,291,-139
104000148,414,166,248
104000149,145,207,-62
104000150,1255,651,604
104000151,398,330,68
104000152,666,579,87
104000153,816,580,236
104000154,798,590,208
104000155,542,543,-1
104000157,1194,1124,70
104000158,596,910,-314
104000159,1099,796,303
104000160,1967,2049,-82
104000161,182,180,2
104000162,105,158,-53
104000165,774,1002,-228
104000167,840,1184,-344
104000168,684,7,677
104000169,166,35,131
104000170,366,607,-241
104000248,357,463,-106
104000251,107,193,-86
104000272,0,0,0
104000273,0,0,0
104000274,0,0,0
104000275,0,0,0
104000279,786,488,298
104000290,121,260,-139
104000291,478,984,-506
104000293,918,651,267
104000294,51,1,50
104000295,548,756,-208
104000296,385,701,-316
104000297,782,2071,-1289
104000298,2105,871,1234
104000299,800,1336,-536
104900001,193,289,-96
104900002,87,234,-147
104900003,69,308,-239
104900004,88,211,-123
104900005,369,315,54
104900006,510,91,419
104900007,357,212,145
104900009,164,219,-55
104900010,110,86,24
104900011,39,14,25
104900012,281,39,242
104900013,162,12,150
104900014,1980,298,1682
104900015,70,7,63
104900016,262,185,77
104900017,201,169,32
104900018,10,163,-153
104900019,238,3574,-3336
104900020,45,252,-207
104900021,5,128,-123
104900022,8,84,-76
104900023,1,51,-50
104900024,23,73,-50
104900025,69,188,-119
104900026,2,71,-69
104900027,625,324,301
104900028,32,94,-62
104900029,55,72,-17
104900030,562,205,357
104900031,74,156,-82
104900032,48,99,-51
104900033,194,258,-64
104900034,413,187,226
104900035,422,221,201
104900036,275,81,194
104900037,220,214,6
104900038,413,943,-530
104900039,427,432,-5
104900040,623,101,522
104900041,266,166,100
104900042,193,186,7
104900043,27,169,-142
104900044,722,200,522
104900045,498,48,450
104900046,273,134,139
104900047,403,127,276
104900048,396,56,340
104900049,53,50,3
104900050,404,133,271
104900051,351,49,302
104900052,87,4,83
104900053,546,110,436
104900054,173,34,139
104900055,154,0,154
104900056,178,21,157
104900057,66,22,44
104900058,869,704,165
104900059,203,72,131
104900060,2,371,-369
104900061,200,395,-195
104900063,0,122,-122
104900064,0,84,-84
104900065,0,199,-199
104900066,9,84,-75
104900067,5,319,-314
104900068,36,155,-119
104900070,178,200,-22
104900071,1,468,-467
104900072,44,240,-196
104900073,125,170,-45
104900074,76,160,-84
104900075,99,38,61
104900076,80,216,-136
104900077,759,303,456
104900078,185,321,-136
104900079,138,658,-520
104900080,131,467,-336
104900082,11,307,-296
104900085,0,174,-174
104900087,361,5,356
104900089,290,0,290
104900090,1064,726,338
104900091,670,542,128
104900093,199,403,-204
104900097,1856,1992,-136
104900098,213,42,171
104900099,499,978,-479
104900100,366,277,89
104900102,30,137,-107
104900103,388,59,329
104900104,2371,2150,221
104900106,141,100,41
104900107,174,190,-16
104900108,70,221,-151
104900109,157,225,-68
104900110,4,61,-57
104900111,211,143,68
104900112,305,470,-165
104900113,769,326,443
104900114,368,367,1
104900115,844,327,517
104900116,299,156,143
104900118,18,42,-24
104900119,12,83,-71
104900120,21,205,-184
104900121,0,53,-53
104900122,5,53,-48
104900123,96,18,78
104900124,58,1,57
104900125,506,5,501
104900126,82,52,30
104900127,39,55,-16
104900128,116,174,-58
104900129,1345,2452,-1107
105000001,2894,1341,1553
105000002,2244,1439,805
105000003,3342,3996,-654
105000004,812,725,87
105000005,1168,1113,55
105000006,1596,1791,-195
105000007,1355,1888,-533
105000008,1629,4233,-2604
105000009,3022,3470,-448
105000010,2959,1597,1362
105000011,4394,3175,1219
105000012,3932,2530,1402
105000013,1252,1268,-16
105000014,2931,2988,-57
105000015,10661,18050,-7389
105000016,2211,2236,-25
105000017,1630,976,654
105000018,1240,1828,-588
105000019,1088,1003,85
105000020,204,546,-342
105000021,347,96,251
105000022,339,185,154
105000023,612,340,272
105000028,69,98,-29
105000029,819,1548,-729
105000030,4416,2396,2020
105000033,1209,1666,-457
105000034,182,1089,-907
105000037,620,245,375
105000038,2058,1905,153
105000039,2307,1670,637
105000040,1241,1389,-148
105000041,644,1483,-839
105000042,4102,2353,1749
105000043,1752,3196,-1444
105000044,752,622,130
105000045,430,527,-97
105000046,1529,391,1138
105000047,604,1075,-471
105000048,722,218,504
105000049,247,390,-143
105000050,872,433,439
105000051,171,440,-269
105000052,710,856,-146
105000053,172,149,23
105000054,484,790,-306
105000055,964,320,644
105000056,1673,1814,-141
105000057,1430,779,651
105000058,1400,1068,332
105000059,871,703,168
105000060,470,568,-98
105000061,936,467,469
105000062,581,614,-33
105000063,326,386,-60
105000064,1896,713,1183
105000065,381,467,-86
105000066,971,1107,-136
105000067,1703,719,984
105000068,387,729,-342
105000069,1502,2349,-847
105000070,457,956,-499
105000071,269,964,-695
105000072,1150,2756,-1606
105000073,1048,726,322
105000074,1076,673,403
105000075,575,853,-278
105000076,1024,855,169
105000077,2342,1203,1139
105000078,1160,1481,-321
105000079,1281,3538,-2257
105000080,2315,1936,379
105000081,3496,1521,1975
105000082,1180,2328,-1148
105000083,4980,4669,311
105000084,609,738,-129
105000085,2127,2569,-442
105000086,653,900,-247
105000087,1426,2070,-644
105000088,1561,1748,-187
105000089,3439,2230,1209
105000090,1160,801,359
105000091,1259,1426,-167
105000092,711,773,-62
105000093,486,336,150
105000094,374,335,39
105000095,115,538,-423
105000096,1271,1152,119
105000097,921,867,54
105000098,1092,645,447
105000099,729,708,21
105000100,1675,1116,559
105000101,2308,2443,-135
105000102,3291,1937,1354
105000103,2218,3296,-1078
105000104,3121,1106,2015
105000105,1437,1688,-251
105000106,1671,1425,246
105000107,1741,755,986
105000108,1967,1087,880
105000109,1984,1356,628
105000110,985,535,450
105000111,1095,556,539
105000112,1360,655,705
105000113,506,677,-171
105000114,2161,1206,955
105000115,358,1357,-999
105000116,990,590,400
105000117,883,750,133
105000118,786,416,370
105000119,614,676,-62
105000120,1381,557,824
105000121,855,737,118
105000122,572,650,-78
105000123,1110,1033,77
105000124,2232,880,1352
105000125,845,1622,-777
105000126,2519,1337,1182
105000127,2584,1647,937
105000128,713,909,-196
105000129,962,326,636
105000130,420,3621,-3201
105000131,700,304,396
105000132,1093,888,205
105000133,531,915,-384
105000134,1137,624,513
105000135,478,538,-60
105000136,128,235,-107
105000137,678,257,421
105000138,197,245,-48
105000139,1023,749,274
105000140,609,518,91
105000141,391,479,-88
105000142,269,458,-189
105000143,278,552,-274
105000144,258,687,-429
105000145,823,352,471
105000146,404,728,-324
105000147,814,336,478
105000148,1336,559,777
105000149,3129,2466,663
105000150,1882,1280,602
105000151,579,388,191
105000152,210,416,-206
105000153,685,617,68
105000154,615,457,158
105000155,324,889,-565
105000156,758,557,201
105000157,797,1305,-508
105000158,2166,662,1504
105000159,415,828,-413
105000160,2313,640,1673
105000161,766,819,-53
105000162,573,1841,-1268
105000163,1008,693,315
105000164,241,219,22
105000165,745,6103,-5358
105000166,4362,1371,2991
105000167,1460,2264,-804
105000168,477,608,-131
105000169,722,270,452
105000170,335,1198,-863
105000171,1113,198,915
105000172,188,45,143
105000173,359,57,302
105000174,115,53,62
105000175,108,92,16
105000176,645,130,515
105000177,410,217,193
105000178,237,461,-224
105000179,911,178,733
105000180,220,89,131
105000181,271,263,8
105000182,92,41,51
105000183,1799,2141,-342
105000184,1127,1474,-347
105000185,1803,1128,675
105000186,442,819,-377
105000187,1007,264,743
105000188,412,226,186
105000189,220,583,-363
105000190,411,470,-59
105000191,461,305,156
105000192,511,81,430
105000193,123,170,-47
105000194,483,123,360
105000195,448,585,-137
105000196,76,267,-191
105000197,370,489,-119
105000198,485,289,196
105000199,221,663,-442
105000200,167,398,-231
105000201,177,40,137
105000203,20,171,-151
105000204,90,83,7
105000205,137,195,-58
105000207,548,177,371
105000208,269,1049,-780
105000209,230,270,-40
105000212,1316,989,327
105000213,141,198,-57
105000214,194,210,-16
105000215,418,162,256
105000216,199,282,-83
105000217,198,240,-42
105000218,1811,1000,811
105000221,198,135,63
105000222,690,265,425
105000223,481,221,260
105000226,114,244,-130
105000227,79,166,-87
105000228,220,2313,-2093
105000229,253,634,-381
105000231,406,375,31
105000233,932,635,297
105000234,614,1131,-517
105000235,442,550,-108
105000237,853,81,772
105000243,30,100,-70
105000248,73,95,-22
105000262,398,771,-373
105000269,267,200,67
105000270,473,46,427
105000271,1,161,-160
105000282,99,36,63
105000287,410,101,309
105000288,772,397,375
105000289,2433,2146,287
105000290,36,21,15
105000402,2677,4890,-2213
105000426,474,689,-215
105000438,3912,1760,2152
105000446,10611,5458,5153
105000447,5490,2555,2935
105000454,696,600,96
105000455,233,173,60
105000474,67,2,65
105000477,637,578,59
105000478,2296,5892,-3596
105000479,101,143,-42
105000480,9392,7746,1646
105000481,5270,4180,1090
105000482,4605,7379,-2774
105000483,2119,2542,-423
105000484,2293,3042,-749
105000485,1835,4004,-2169
105000486,3089,2388,701
105000488,8895,4699,4196
105000489,1077,748,329
105000549,151,186,-35
105000550,448,1368,-920
105000551,35,122,-87
105000552,2338,1473,865
105900001,9,2308,-2299
105900002,1150,891,259
105900003,13,110,-97
105900004,316,124,192
105900005,11,223,-212
105900006,20,119,-99
105900007,157,40,117
105900008,92,410,-318
105900009,41,27,14
105900011,281,65,216
105900012,668,118,550
105900013,4,41,-37
105900014,16,79,-63
105900015,298,440,-142
105900016,600,562,38
105900017,1728,47,1681
105900018,179,133,46
105900019,82,527,-445
105900020,69,47,22
105900021,43,780,-737
105900022,236,168,68
105900023,11,179,-168
105900024,24,428,-404
105900025,306,31,275
105900026,236,21,215
105900027,13067,8233,4834
105900028,834,671,163
105900029,1693,407,1286
105900030,238,262,-24
105900031,410,190,220
105900032,88,138,-50
105900033,98,142,-44
105900034,242,231,11
105900035,212,226,-14
105900036,107,141,-34
105900037,88,62,26
105900038,188,217,-29
105900039,202,108,94
105900040,67,114,-47
105900041,197,261,-64
105900042,103,173,-70
105900043,1309,100,1209
105900044,7,269,-262
105900045,2,873,-871
105900046,13,272,-259
105900047,20,38,-18
105900048,111,490,-379
105900050,5863,5721,142
105900051,61,1146,-1085
105900052,756,289,467
105900053,2620,3831,-1211
105900054,383,221,162
105900056,817,492,325
105900057,49,217,-168
105900058,27,10,17
105900059,0,55,-55
106000001,3944,2833,1111
106000002,1711,5104,-3393
106000003,3305,3755,-450
106000004,1555,2749,-1194
106000005,3975,5006,-1031
106000006,5331,2967,2364
106000007,628,561,67
106000008,499,316,183
106000009,736,372,364
106000010,686,598,88
106000011,1244,1156,88
106000012,917,1087,-170
106000013,2141,2057,84
106000014,1872,1419,453
106000015,2149,1198,951
106000016,1366,1676,-310
106000017,675,673,2
106000018,734,434,300
106000019,453,439,14
106000020,390,318,72
106000021,327,455,-128
106000022,412,204,208
106000023,643,339,304
106000024,668,398,270
106000025,136,187,-51
106000026,76,189,-113
106000027,1782,1370,412
106000028,713,359,354
106000029,696,837,-141
106000030,399,437,-38
106000034,193,451,-258
106000035,1006,2011,-1005
106000036,200,427,-227
106000037,1711,1176,535
106000038,282,138,144
106000039,146,113,33
106000040,125,954,-829
106000041,681,629,52
106000043,667,225,442
106000046,375,97,278
106000047,45,440,-395
106000049,1321,204,1117
106000050,294,548,-254
106000051,905,549,356
106000052,89,487,-398
106000053,525,117,408
106000054,324,328,-4
106000055,1290,892,398
106000056,271,231,40
106000057,437,287,150
106000058,159,144,15
106000059,480,269,211
106000060,330,416,-86
106000061,302,554,-252
106000062,165,509,-344
106000063,792,637,155
106000064,38,343,-305
106000065,439,370,69
106000066,112,327,-215
106000067,499,119,380
106000068,68,542,-474
106000069,319,87,232
106000070,491,622,-131
106000071,1321,310,1011
106000072,2347,1428,919
106000073,1366,3305,-1939
106000074,615,624,-9
106000075,341,1401,-1060
106000076,1679,1978,-299
106000077,3297,1349,1948
106000078,1176,777,399
106000079,760,763,-3
106000080,1359,581,778
106000081,775,1039,-264
106000082,2232,697,1535
106000083,528,1261,-733
106000084,1206,604,602
106000085,1518,1493,25
106000086,706,870,-164
106000087,1002,562,440
106000088,396,666,-270
106000089,1152,313,839
106000090,330,644,-314
106000091,303,450,-147
106000092,771,245,526
106000093,330,125,205
106000094,92,199,-107
106000095,1049,633,416
106000096,954,616,338
106000097,1303,795,508
106000098,914,913,1
106000099,320,1275,-955
106000100,2116,280,1836
106000101,2187,651,1536
106000102,479,1401,-922
106000103,311,662,-351
106000104,1009,364,645
106000105,531,573,-42
106000106,834,426,408
106000107,188,196,-8
106000108,288,227,61
106000109,241,175,66
106000110,293,340,-47
106000111,256,279,-23
106000112,227,737,-510
106000113,772,513,259
106000114,434,682,-248
106000115,222,303,-81
106000116,267,166,101
106000117,1120,598,522
106000118,1182,1402,-220
106000119,1269,793,476
106000120,1043,1376,-333
106000121,214,133,81
106000122,115,156,-41
106000123,570,114,456
106000124,72,138,-66
106000125,31,171,-140
106000126,415,79,336
106000127,982,653,329
106000128,1090,181,909
106000129,472,375,97
106000130,879,310,569
106000131,114,635,-521
106000132,624,174,450
106000133,1878,1131,747
106000134,514,2534,-2020
106000135,143,442,-299
106000136,659,1113,-454
106000137,70,597,-527
106000138,1224,115,1109
106000139,71,101,-30
106000140,36,29,7
106000141,147,31,116
106000142,98,80,18
106000143,49,57,-8
106000144,27,66,-39
106000145,311,206,105
106000146,474,146,328
106000147,358,355,3
106000148,509,809,-300
106000149,679,343,336
106000150,594,1897,-1303
106000151,3305,951,2354
106000152,1364,2161,-797
106000153,88,1959,-1871
106000154,1240,166,1074
106000155,179,273,-94
106000156,1139,260,879
106000157,659,1432,-773
106000158,2314,937,1377
106000159,2511,2056,455
106000160,552,3016,-2464
106000161,1389,280,1109
106000162,425,1209,-784
106000163,452,267,185
106000164,497,352,145
106000165,227,368,-141
106000166,1002,294,708
106000167,459,703,-244
106000168,665,270,395
106000169,307,465,-158
106000170,958,224,734
106000171,211,978,-767
106000172,2968,1253,1715
106000173,1099,2350,-1251
106000174,1417,360,1057
106000175,256,677,-421
106000176,2070,849,1221
106000177,844,1943,-1099
106000178,3637,1516,2121
106000179,961,1615,-654
106000180,821,923,-102
106000181,1130,1495,-365
106000182,1657,553,1104
106000183,1759,487,1272
106000184,1945,554,1391
106000185,1366,1284,82
106000186,827,153,674
106000187,229,1194,-965
106000188,1,1,0
106000189,18,43,-25
106000190,33,4,29
106000191,611,181,430
106000192,5,22,-17
106000193,442,218,224
106000194,161,425,-264
106000195,888,224,664
106000196,290,704,-414
106000197,624,305,319
106000198,168,215,-47
106000199,738,842,-104
106000200,210,237,-27
106000201,447,3444,-2997
106000202,2852,691,2161
106000203,29,120,-91
106000204,84,4,80
106000205,10,133,-123
106000206,92,17,75
106000207,52,551,-499
106000208,1558,133,1425
106000209,1850,399,1451
106000210,351,731,-380
106000211,474,958,-484
106000212,1380,421,959
106000213,579,2228,-1649
106000214,2456,823,1633
106000215,259,500,-241
106000216,377,261,116
106000217,242,325,-83
106000218,362,345,17
106000219,172,197,-25
106000220,656,272,384
106000221,233,209,24
106000222,66,69,-3
106000223,373,106,267
106000224,243,146,97
106000225,98,111,-13
106000226,91,197,-106
106000228,58,100,-42
106000229,93,509,-416
106000231,1060,100,960
106000232,99,250,-151
106000233,686,78,608
106000234,88,263,-175
106000235,825,113,712
106000236,222,123,99
106000237,3,13,-10
106000238,42,23,19
106000239,4,94,-90
106000240,72,5,67
106000241,15,478,-463
106000242,278,32,246
106000249,108,73,35
106000250,97,645,-548
106000251,94,24,70
106000252,28,66,-38
106000253,74,45,29
106000254,73,32,41
106000255,19,151,-132
106000256,48,29,19
106000257,143,235,-92
106000258,283,18,265
106000259,1,75,-74
106000260,59,2,57
106000261,1,38,-37
106000262,123,24,99
106000263,11,41,-30
106000264,319,15,304
106000265,11,123,-112
106000266,189,36,153
106000267,7,88,-81
106000268,408,85,323
106000269,46,30,16
106000270,163,438,-275
106000271,92,182,-90
106000272,179,64,115
106000273,11,302,-291
106000274,127,38,89
106000275,171,280,-109
106000276,198,25,173
106000277,128,263,-135
106000278,238,15,223
106000279,24,49,-25
106000280,94,44,50
106000281,81,48,33
106000282,77,69,8
106000283,110,51,59
106000284,93,67,26
106000285,149,61,88
106000286,124,115,9
106000287,116,53,63
106000288,94,163,-69
106000289,105,56,49
106000290,69,67,2
106000291,92,93,-1
106000292,55,78,-23
106000293,118,82,36
106000294,142,86,56
106000295,57,53,4
106000296,41,59,-18
106000297,50,193,-143
106000298,95,84,11
106000299,62,128,-66
106000300,53,91,-38
106000301,98,89,9
106000303,41,67,-26
106000304,32,35,-3
106000305,54,54,0
106000306,43,53,-10
106000307,81,19,62
106000308,34,90,-56
106000309,26,61,-35
106000310,290,443,-153
106000311,392,178,214
106000312,103,158,-55
106000313,192,181,11
106000318,72,502,-430
106000319,1085,253,832
106000320,1,92,-91
106000321,315,171,144
106000322,164,118,46
106000324,27,119,-92
106000325,1887,903,984
106000326,1101,1461,-360
106000327,218,55,163
106000328,36,175,-139
106000329,138,259,-121
106000330,39,94,-55
106000428,104,123,-19
106000429,153,359,-206
106000430,383,954,-571
106000431,2812,398,2414
106000432,1476,2271,-795
106000433,2980,1406,1574
106000434,3819,1895,1924
106000435,1209,2372,-1163
106000436,11,167,-156
106000437,337,69,268
106000438,388,209,179
106000439,56,478,-422
106000440,339,706,-367
106000441,2,0,2
106000442,132,5,127
106000443,157,245,-88
106000450,3,131,-128
106000451,20,74,-54
106000454,2,132,-130
106000455,12,128,-116
106000456,95,23,72
106000457,12,612,-600
106000458,1000,78,922
106000459,182,251,-69
106000460,1761,21,1740
106000461,115,726,-611
106000462,2,23,-21
106000463,2,19,-17
106000464,0,271,-271
106000465,910,3,907
106000466,2,349,-347
106000467,206,335,-129
106000468,110,151,-41
106000469,118,4,114
106000470,291,1719,-1428
106000471,31,415,-384
106000472,212,12,200
106000473,52,13,39
106000474,316,370,-54
106000475,306,220,86
106000476,132,297,-165
106000477,29,31,-2
106900001,0,16,-16
106900002,0,257,-257
106900003,225,2404,-2179
106900004,0,28,-28
106900006,0,10,-10
106900007,0,10,-10
106900008,490,176,314
106900009,394,236,158
106900010,214,196,18
106900012,1249,3189,-1940
106900013,950,220,730
106900014,18,1,17
106900015,18,2,16
106900016,375,18,357
106900017,14,0,14
106900018,9,0,9
106900019,63,3,60
106900020,4084,1812,2272
106900021,204,75,129
106900022,989,8,981
106900023,119,223,-104
106900024,1140,66,1074
106900025,58,1135,-1077
106900026,0,366,-366
106900027,850,7,843
107000001,4476,5157,-681
107000002,2751,4281,-1530
107000003,7572,7346,226
107000004,4491,3790,701
107000005,6012,6174,-162
107000006,3903,3049,854
107000007,7102,11648,-4546
107000008,9883,6559,3324
107000009,10145,9221,924
107000010,9134,7547,1587
107000011,1083,1078,5
107000012,3798,2401,1397
107000013,83,84,-1
107000014,67,151,-84
107000015,612,562,50
107000016,949,649,300
107000017,4356,5120,-764
107000018,85,4148,-4063
107000020,3100,4730,-1630
107000021,1560,516,1044
107000022,1326,2733,-1407
107000023,1887,256,1631
107000024,959,1513,-554
107000025,315,446,-131
107000026,419,431,-12
107000027,1578,1054,524
107000028,1728,1057,671
107000029,4171,3280,891
107000030,3192,2369,823
107000031,5106,2854,2252
107000032,528,893,-365
107000033,2817,5047,-2230
107000034,5964,1415,4549
107000035,435,272,163
107000036,781,1248,-467
107000037,97,830,-733
107000038,278,260,18
107000039,843,816,27
107000040,246,290,-44
107000041,1506,767,739
107000042,829,2383,-1554
107000043,2658,1094,1564
107000044,568,490,78
107000045,99,323,-224
107000046,1089,546,543
107000047,493,855,-362
107000048,678,372,306
107000049,662,801,-139
107000050,1025,587,438
107000051,311,378,-67
107000052,1165,1180,-15
107000053,415,332,83
107000054,55,286,-231
107000055,223,124,99
107000056,437,869,-432
107000057,1524,254,1270
107000058,2599,2734,-135
107000059,1908,3132,-1224
107000060,5589,5575,14
107000061,5274,3306,1968
107000062,5761,3053,2708
107000063,4510,4028,482
107000064,5616,2897,2719
107000065,4214,4168,46
107000066,2497,4033,-1536
107000067,1506,1364,142
107000068,1667,991,676
107000069,1169,674,495
107000070,1458,110,1348
107000071,4000,60,3940
107000072,57,2105,-2048
107000073,1063,494,569
107000074,180,772,-592
107000075,2155,532,1623
107000076,760,1174,-414
107000077,4641,1371,3270
107000078,2469,2836,-367
107000079,3387,1147,2240
107000080,1112,2482,-1370
107000081,2574,698,1876
107000082,573,1462,-889
107000083,1764,630,1134
107000084,373,1379,-1006
107000085,3279,3351,-72
107000086,3715,3336,379
107000087,3401,2223,1178
107000088,3541,3802,-261
107000089,1861,1792,69
107000090,1505,1042,463
107000091,1753,902,851
107000092,982,900,82
107000093,1439,987,452
107000094,1140,936,204
107000095,1099,744,355
107000096,602,720,-118
107000097,681,342,339
107000098,440,468,-28
107000099,540,289,251
107000100,263,403,-140
107000101,75,195,-120
107000102,190,342,-152
107000103,316,203,113
107000104,183,262,-79
107000105,435,126,309
107000106,256,287,-31
107000107,770,169,601
107000108,124,384,-260
107000109,1086,184,902
107000110,65,414,-349
107000111,399,42,357
107000112,40,239,-199
107000113,761,137,624
107000114,104,442,-338
107000115,783,170,613
107000116,113,599,-486
107000117,189,873,-684
107000118,130,135,-5
107000119,1432,1883,-451
107000120,1040,615,425
107000121,1139,595,544
107000122,1244,864,380
107000123,568,531,37
107000124,667,757,-90
107000125,1318,573,745
107000126,1121,559,562
107000129,386,387,-1
107000130,825,269,556
107000131,569,438,131
107000132,653,360,293
107000133,664,130,534
107000134,422,1,421
107000135,4,376,-372
107000136,984,11,973
107000137,10,626,-616
107000138,318,36,282
107000139,19,632,-613
107000140,1794,224,1570
107000141,168,692,-524
107000142,526,115,411
107000143,77,520,-443
107000144,594,530,64
107000145,180,411,-231
107000146,236,393,-157
107000147,3654,816,2838
107000150,781,4574,-3793
107000151,54,120,-66
107000152,424,1967,-1543
107000153,120,385,-265
107000154,176,239,-63
107000155,1280,64,1216
107000156,1577,60,1517
107000157,160,1160,-1000
107000158,898,39,859
107000159,35,689,-654
107000160,1425,199,1226
107000161,76,1014,-938
107000162,385,744,-359
107000163,295,5,290
107000164,1007,2,1005
107000165,1413,10,1403
107000166,37,849,-812
107000167,789,251,538
107000168,1178,571,607
107000169,792,778,14
107000170,3095,940,2155
107000171,831,1493,-662
107000172,1346,1705,-359
107000173,640,767,-127
107000174,1515,7162,-5647
107000175,5768,1341,4427
107000176,0,0,0
107000177,6,2,4
107000178,19,32,-13
107000179,350,1486,-1136
107000180,1686,280,1406
107000181,489,900,-411
107000182,2247,901,1346
107000183,169,668,-499
107000184,1216,588,628
107000185,605,1299,-694
107000186,1660,514,1146
107000187,1561,1236,325
107000188,783,565,218
107000189,727,986,-259
107000190,792,605,187
107000191,850,854,-4
107000192,1853,673,1180
107000193,491,628,-137
107000194,831,608,223
107000197,1198,353,845
107000198,322,625,-303
107000199,867,654,213
107000200,701,767,-66
107000201,645,321,324
107000202,358,525,-167
107000203,1154,1219,-65
107000204,1366,1288,78
107000205,2197,1208,989
107000206,1001,1756,-755
107000207,720,1356,-636
107000208,1219,722,497
107000209,1854,1578,276
107000210,679,327,352
107000211,3,51,-48
107000212,37,335,-298
107000213,2,30,-28
107000214,20,157,-137
107000215,583,347,236
107000216,603,523,80
107000217,211,145,66
107000219,132,206,-74
107000220,264,212,52
107000222,308,591,-283
107000224,1012,110,902
107000225,177,410,-233
107000226,936,98,838
107000227,113,245,-132
107000228,231,375,-144
107000229,103,146,-43
107000230,1139,547,592
107000231,1400,1990,-590
107000232,139,32,107
107000233,1068,1038,30
107000234,3,80,-77
107000235,100,35,65
107000236,12,610,-598
107000237,49,2,47
107000238,41,5,36
107000239,3391,612,2779
107000240,97,839,-742
107000241,106,15,91
107000242,346,35,311
107000243,0,56,-56
107000244,8,58,-50
107000246,0,1074,-1074
107000249,5,1280,-1275
107000251,0,320,-320
107000252,3,716,-713
107000255,332,177,155
107000257,3,280,-277
107000258,0,99,-99
107000259,4,150,-146
107000260,890,6,884
107000262,3,306,-303
107000263,378,11,367
107000266,10,7,3
107000267,48,102,-54
107000268,136,118,18
107000269,920,78,842
107000270,16,31,-15
107000271,27,442,-415
107000272,30,68,-38
107000273,11,367,-356
107000274,3416,866,2550
107000275,158,3076,-2918
107000280,1048,42,1006
107000281,49,558,-509
107000282,124,717,-593
107000290,27,42,-15
107000291,32,7,25
107000292,1,272,-271
107000293,126,9,117
107000294,0,43,-43
107000295,36,4,32
107000296,1,24,-23
107000444,388,6,382
107000496,7,7,0
107000497,1400,1670,-270
107000500,385,317,68
107000501,136,118,18
107000502,191,238,-47
107000505,348,770,-422
107000506,0,58,-58
107000508,4,405,-401
107000509,241,890,-649
107000510,29,38,-9
107000514,76,417,-341
107000515,22,155,-133
107000516,532,331,201
107000518,1438,1955,-517
107000519,1329,797,532
107000520,114,31,83
107000521,368,237,131
107000522,607,324,283
107900001,130,80,50
107900002,74,7,67
107900003,415,19,396
107900004,109,2,107
107900005,1580,10,1570
107900006,336,2,334
107900007,469,45,424
107900008,72,18,54
107900009,261,7,254
107900010,56,13,43
107900012,320,52,268
107900013,234,36,198
107900014,84,12,72
107900015,1149,18,1131
107900016,526,117,409
107900017,46,6,40
107900018,68,233,-165
107900019,25,34,-9
107900020,133,20,113
107900021,145,93,52
107900023,8,4,4
107900024,0,26,-26
107900025,279,262,17
107900026,92,46,46
107900027,31,60,-29
107900028,110,68,42
107900030,196,30,166
107900031,54,72,-18
107900032,35,3,32
107900033,29,9,20
107900034,461,19,442
107900035,1095,50,1045
107900036,88,36,52
107900037,0,30,-30
107900038,80,238,-158
107900039,31,43,-12
107900040,41,286,-245
107900041,3,0,3
107900043,62,93,-31
107900044,11,15,-4
107900045,132,51,81
107900046,167,214,-47
107900047,71,41,30
107900048,236,13,223
107900049,345,1862,-1517
107900050,83,291,-208
107900051,111,45,66
107900052,67,50,17
107900053,71,79,-8
107900055,911,339,572
107900056,162,79,83
107900057,0,0,0
107900058,26,467,-441
107900060,39,119,-80
107900061,14,14,0
107900063,96,127,-31
107900064,306,211,95
107900065,338,21,317
107900066,31,5,26
107900067,0,1,-1
107900068,130,612,-482
107900069,36,2735,-2699
107900070,123,99,24
107900071,20,511,-491
107900072,140,134,6
107900073,114,79,35
107900074,530,408,122
107900076,143,53,90
107900077,84,2,82
107900078,241,48,193
107900079,19,28,-9
107900080,280,679,-399
107900081,75,132,-57
107900082,12,14,-2
107900083,403,214,189
107900084,164,157,7
107900086,27,181,-154
107900087,564,142,422
107900088,53,9,44
107900089,262,1255,-993
107900090,1319,3267,-1948
107900091,161,269,-108
107900092,1824,382,1442
107900093,84,80,4
107900094,0,0,0
107900095,2965,2442,523
107900097,28,62,-34
107900098,63,213,-150
107900100,896,1682,-786
107900101,783,174,609
107900102,45,3,42
107900103,55,200,-145
107900104,258,6,252
107900105,0,246,-246
107900106,4,772,-768
107900107,1784,503,1281
107900108,174,128,46
107900109,1834,22,1812
107900110,101,53,48
107900111,5,558,-553
107900112,109,390,-281
107900113,259,72,187
107900114,205,107,98
107900115,2,29,-27
107900116,289,109,180
107900117,345,303,42
107900118,84,147,-63
107900119,113,280,-167
107900120,34,35,-1
107900121,3,168,-165
107900122,0,150,-150
107900123,9,85,-76
107900124,23,34,-11
107900125,57,275,-218
107900126,15,77,-62
107900127,583,358,225
107900128,57,72,-15
107900129,93,15,78
107900130,101,21,80
107900131,537,337,200
107900132,92,284,-192
107900133,0,83,-83
107900134,51,93,-42
107900135,8,147,-139
107900136,37,42,-5
107900137,111,120,-9
107900138,59,29,30
107900139,78,62,16
107900140,104,61,43
107900141,45,43,2
107900142,85,667,-582
107900143,56,17,39
107900144,1,138,-137
107900145,18,80,-62
107900146,40,157,-117
107900147,70,43,27
107900148,155,85,70
107900149,789,198,591
107900150,40,458,-418
107900151,46,87,-41
107900152,35,180,-145
107900153,159,374,-215
107900154,68,14,54
107900155,170,43,127
107900156,8,197,-189
107900157,43,43,0
107900158,1087,29,1058
107900159,28,628,-600
107900160,173,123,50
107900161,54,103,-49
107900162,0,126,-126
107900163,79,103,-24
107900164,16,48,-32
107900165,54,182,-128
107900166,23,129,-106
107900167,47,35,12
107900168,102,47,55
107900169,6,97,-91
107900171,8,818,-810
107900172,1,233,-232
107900173,26,107,-81
107900174,178,8,170
107900175,64,39,25
107900176,58,35,23
107900177,4,309,-305
107900178,4,115,-111
107900179,23,116,-93
107900180,483,876,-393
107900181,406,262,144
107900182,3,746,-743
107900183,81,142,-61
107900184,108,233,-125
107900185,150,5,145
107900186,62,47,15
107900187,4,151,-147
107900188,509,126,383
107900189,25,90,-65
107900190,72,193,-121
107900191,99,80,19
107900193,8,57,-49
107900194,343,16,327
107900195,1551,309,1242
107900196,74,91,-17
107900197,572,459,113
107900199,2,650,-648
107900201,90,60,30
107900203,32,61,-29
107900204,166,267,-101
107900205,234,340,-106
107900206,970,320,650
107900207,5,459,-454
107900208,4,443,-439
107900209,340,98,242
107900210,88,89,-1
107900213,777,635,142
107900214,25,89,-64
107900215,162,392,-230
107900216,173,55,118
107900217,45,107,-62
107900218,28,2304,-2276
107900219,27,84,-57
107900220,189,260,-71
107900221,174,236,-62
107900223,128,420,-292
107900224,142,475,-333
107900225,12,622,-610
107900226,91,95,-4
107900227,86,330,-244
107900228,39,83,-44
107900229,1,180,-179
107900230,21,70,-49
107900231,21,136,-115
107900232,103,101,2
107900233,3,93,-90
107900234,129,78,51
107900235,32,137,-105
107900236,150,38,112
107900237,32,327,-295
107900238,27,83,-56
107900239,550,681,-131
107900240,30,72,-42
107900241,15,56,-41
107900242,52,191,-139
107900243,2,36,-34
107900244,378,8,370
107900245,886,43,843
107900246,418,20,398
107900248,437,314,123
107900249,1009,54,955
107900250,0,383,-383
107900251,81,977,-896
107900252,1164,36,1128
107900253,213,8,205
107900254,74,435,-361
107900255,236,57,179
107900256,1923,2515,-592
107900257,325,140,185
107900258,143,253,-110
107900259,86,2669,-2583
107900261,2,286,-284
107900262,42,86,-44
107900264,419,6,413
107900265,166,152,14
107900267,367,14,353
107900268,34,3,31
107900269,0,16,-16
107900270,0,3,-3
107900271,2,33,-31
107900272,94,37,57
107900273,39,104,-65
107900274,125,1,124
107900275,28,0,28
107900276,2,94,-92
107900277,0,181,-181
107900278,290,325,-35
107900279,87,199,-112
107900280,2148,2071,77
107900281,929,3410,-2481
107900282,39,549,-510
107900283,829,787,42
107900284,686,467,219
107900285,154,72,82
107900286,113,94,19
107900287,374,201,173
107900290,0,181,-181
107900291,559,24,535
107900292,134,133,1
107900293,90,321,-231
107900295,45,44,1
107900297,1,330,-329
107900298,745,690,55
107900299,2384,2893,-509
107900300,95,338,-243
107900301,749,827,-78
107900302,155,44,111
107900303,252,254,-2
107900304,404,332,72
107900305,428,11,417
107900306,16,30,-14
107900307,46,255,-209
107900308,191,187,4
107900309,73,3,70
107900310,707,7,700
107900311,20,965,-945
107900312,93,2,91
107900313,13,250,-237
107900314,1,47,-46
107900315,4,53,-49
107900316,110,5,105
107900317,135,45,90
107900318,16,138,-122
107900319,10,148,-138
107900320,0,116,-116
107900321,198,2,196
107900322,1,78,-77
107900323,13,117,-104
107900324,179,4,175
107900325,129,2,127
107900326,357,186,171
107900327,0,95,-95
107900328,98,7,91
107900329,180,141,39
107900330,14,211,-197
107900331,283,34,249
107900332,312,22,290
107900333,85,27,58
107900334,16,89,-73
107900335,120,33,87
107900336,64,87,-23
107900337,695,1173,-478
107900338,3,125,-122
107900339,0,24,-24
107900340,1,41,-40
107900341,90,4,86
107900342,147,135,12
107900343,72,5,67
107900344,6,36,-30
107900345,107,34,73
107900346,25,3,22
107900347,14,0,14
107900348,5,2,3
107900349,17,9,8
107900350,10,198,-188
108000001,3465,3999,-534
108000002,1847,2028,-181
108000003,4098,3804,294
108000004,11060,12310,-1250
108000005,9487,7239,2248
108000006,7268,6684,584
108000007,5883,4043,1840
108000008,4003,5400,-1397
108000009,4580,4981,-401
108000010,2666,3747,-1081
108000011,14229,13567,662
108000012,13794,13319,475
108000014,939,1215,-276
108000015,817,256,561
108000016,362,666,-304
108000017,1302,409,893
108000018,2061,758,1303
108000019,2532,1140,1392
108000020,1498,555,943
108000021,372,1839,-1467
108000022,457,1231,-774
108000023,1547,283,1264
108000024,331,390,-59
108000025,378,350,28
108000026,829,344,485
108000027,901,470,431
108000028,686,333,353
108000029,568,404,164
108000030,770,227,543
108000031,265,647,-382
108000032,2035,731,1304
108000033,832,791,41
108000034,1997,579,1418
108000035,698,1563,-865
108000036,416,803,-387
108000037,2001,452,1549
108000038,3031,595,2436
108000039,513,1397,-884
108000040,2272,937,1335
108000041,752,1814,-1062
108000042,334,211,123
108000043,264,294,-30
108000044,670,188,482
108000045,319,411,-92
108000046,1695,346,1349
108000047,436,728,-292
108000048,261,365,-104
108000049,1456,278,1178
108000050,91,382,-291
108000051,328,171,157
108000052,317,522,-205
108000053,474,284,190
108000054,570,1121,-551
108000055,1371,628,743
108000056,869,1134,-265
108000057,793,1449,-656
108000058,2458,4070,-1612
108000059,2950,1888,1062
108000060,235,456,-221
108000061,139,273,-134
108000062,1062,688,374
108000063,666,392,274
108000064,289,273,16
108000065,592,453,139
108000066,1654,785,869
108000067,2213,826,1387
108000068,828,416,412
108000069,208,790,-582
108000070,2340,790,1550
108000071,714,1239,-525
108000072,2048,1129,919
108000073,1304,1361,-57
108000074,802,445,357
108000075,395,701,-306
108000076,1013,570,443
108000077,632,557,75
108000078,3076,1253,1823
108000079,928,1191,-263
108000080,1682,497,1185
108000081,539,1163,-624
108000082,896,1405,-509
108000083,2404,1028,1376
108000084,385,874,-489
108000085,1014,508,506
108000086,715,570,145
108000087,192,2544,-2352
108000088,300,13,287
108000089,383,368,15
108000090,565,142,423
108000091,204,454,-250
108000092,203,93,110
108000093,209,353,-144
108000094,673,125,548
108000095,216,245,-29
108000096,398,228,170
108000097,200,330,-130
108000098,2300,1323,977
108000099,413,176,237
108000100,86,232,-146
108000101,1856,1586,270
108000102,1779,3811,-2032
108000106,1232,7,1225
108000107,2,944,-942
108000108,834,63,771
108000109,12,873,-861
108000110,224,319,-95
108000111,195,458,-263
108000112,60,159,-99
108000113,431,219,212
108000115,362,262,100
108000117,755,354,401
108000118,62,224,-162
108000119,567,360,207
108000120,196,792,-596
108000121,235,423,-188
108000122,626,332,294
108000123,985,201,784
108000124,453,474,-21
108000125,550,190,360
108000126,179,313,-134
108000127,571,248,323
108000128,711,362,349
108000129,418,764,-346
108000130,586,261,325
108000131,1078,496,582
108000132,1828,986,842
108000133,1193,480,713
108000134,601,465,136
108000135,1308,533,775
108000136,329,649,-320
108000137,596,296,300
108000138,519,789,-270
108000139,638,306,332
108000140,141,23,118
108000141,33,39,-6
108000142,43,62,-19
108000143,24,17,7
108000144,55,9,46
108000145,53,8,45
108000146,95,13,82
108000147,29,12,17
108000148,106,10,96
108000149,34,8,26
108000150,56,13,43
108000151,25,24,1
108000152,125,400,-275
108000153,636,133,503
108000154,51,9,42
108000155,33,20,13
108000156,364,119,245
108000157,176,1370,-1194
108000158,78,863,-785
108000159,375,212,163
108000160,2190,1253,937
108000161,2079,3342,-1263
108000165,8,286,-278
108000172,5,226,-221
108000173,1322,2245,-923
108000175,351,131,220
108000178,399,286,113
108000179,164,1022,-858
108000181,77,31,46
108000182,104,17,87
108000183,19,41,-22
108000184,755,2668,-1913
108000185,314,329,-15
108000186,221,27,194
108000187,148,390,-242
108000188,786,187,599
108000189,529,1465,-936
108000190,54,111,-57
108000192,225,440,-215
108000193,871,58,813
108000194,40,30,10
108000195,2,763,-761
108000196,370,157,213
108000198,477,245,232
108000199,2,313,-311
108000200,574,401,173
108000202,2,423,-421
108000203,178,471,-293
108000204,177,62,115
108000205,173,374,-201
108000339,1052,349,703
108000364,121,271,-150
108000365,105,286,-181
108000367,161,254,-93
108000368,8,54,-46
108000369,649,269,380
108000371,3,621,-618
108000372,684,8,676
108000373,246,193,53
108000376,161,40,121
108000377,751,228,523
108000378,10028,11720,-1692
108000379,27,276,-249
108000381,99,11,88
108000382,121,1,120
108000383,0,210,-210
108900001,76,740,-664
108900002,239,71,168
108900003,337,566,-229
108900004,99,556,-457
108900005,85,487,-402
108900006,917,247,670
108900007,505,233,272
108900008,186,149,37
108900009,117,149,-32
108900010,409,192,217
108900011,808,392,416
108900012,524,478,46
108900013,266,260,6
108900014,16,119,-103
108900015,0,144,-144
108900016,1,224,-223
108900017,314,323,-9
108900018,226,385,-159
108900019,55,454,-399
108900020,75,166,-91
108900021,193,235,-42
108900022,213,11,202
108900023,20,42,-22
108900024,28,94,-66
108900025,166,124,42
108900026,28,131,-103
108900027,0,60,-60
108900028,86,219,-133
108900029,77,234,-157
108900030,1,83,-82
108900031,164,250,-86
108900032,19,259,-240
108900033,0,113,-113
108900034,1,138,-137
108900035,328,912,-584
108900036,224,205,19
108900037,93,272,-179
108900038,4,243,-239
108900039,0,251,-251
108900040,4,51,-47
108900041,4474,4082,392
108900042,4,488,-484
108900043,98,492,-394
108900044,4,301,-297
108900045,59,277,-218
108900046,37,523,-486
108900047,3,139,-136
108900048,123,602,-479
108900049,2016,1606,410
108900050,4,153,-149
108900051,2,102,-100
108900052,49,145,-96
108900053,105,257,-152
108900054,127,175,-48
108900055,88,383,-295
108900056,0,75,-75
108900057,1,119,-118
108900058,44,233,-189
108900059,562,45,517
108900060,136,140,-4
108900061,122,25,97
108900062,7,187,-180
108900063,39,185,-146
108900064,265,43,222
108900065,13,117,-104
108900066,665,132,533
108900067,16,167,-151
108900068,0,75,-75
108900069,85,43,42
108900070,34,118,-84
108900071,166,85,81
108900072,1948,688,1260
108900073,26,182,-156
108900074,293,200,93
108900075,55,51,4
108900076,507,61,446
108900077,85,274,-189
108900078,41,88,-47
108900079,554,147,407
108900080,23,967,-944
108900081,59,226,-167
108900082,86,75,11
108900083,14,315,-301
108900084,393,188,205
108900085,1870,159,1711
108900086,113,153,-40
108900087,101,164,-63
108900088,1028,387,641
108900089,44,168,-124
108900090,76,191,-115
108900091,120,41,79
108900092,601,273,328
108900093,135,81,54
108900094,314,127,187
108900095,167,336,-169
108900096,261,8,253
108900097,366,181,185
108900098,1588,946,642
108900099,450,187,263
108900100,85,154,-69
108900101,284,305,-21
108900102,101,1297,-1196
108900103,110,107,3
108900104,116,352,-236
108900105,7,1415,-1408
108900106,508,272,236
108900108,386,76,310
108900109,204,52,152
108900110,282,303,-21
108900111,499,397,102
108900112,280,35,245
108900113,59,55,4
108900114,16,7,9
108900115,102,82,20
108900116,88,14,74
108900117,276,14,262
108900118,735,37,698
108900119,353,27,326
108900120,234,204,30
108900121,298,103,195
108900122,178,28,150
108900123,178,127,51
108900124,545,202,343
108900125,639,12,627
108900126,116,36,80
108900127,203,26,177
108900128,201,70,131
108900129,1007,131,876
108900130,499,2,497
108900131,511,11,500
108900132,566,88,478
108900133,324,98,226
108900134,560,225,335
108900135,191,9,182
108900136,290,1,289
108900137,172,3,169
108900138,975,68,907
108900139,678,59,619
108900140,433,190,243
108900141,424,40,384
108900142,109,12,97
108900143,115,1,114
108900144,129,0,129
108900145,299,19,280
108900146,102,0,102
108900147,268,1,267
108900148,57,38,19
108900149,535,264,271
108900150,273,18,255
108900151,176,19,157
108900152,372,14,358
108900153,220,230,-10
108900154,6112,496,5616
108900155,329,76,253
108900156,81,19,62
108900157,26,379,-353
108900158,519,55,464
108900159,3,153,-150
108900160,10,166,-156
108900161,3,297,-294
108900162,153,0,153
108900163,8,279,-271
108900164,70,78,-8
108900165,144,76,68
108900167,1196,9108,-7912
108900168,5668,2891,2777
108900169,101,119,-18
108900171,5022,3594,1428
108900172,228,48,180
108900173,242,311,-69
108900174,1144,647,497
108900176,232,381,-149
108900177,4598,7205,-2607
108900178,3047,4209,-1162
108900179,681,2233,-1552
108900180,169,302,-133
108900182,55,437,-382
108900183,331,176,155
108900184,792,281,511
108900185,150,387,-237
108900186,160,449,-289
108900187,555,58,497
108900188,802,51,751
108900189,588,130,458
108900190,43,2021,-1978
108900191,155,55,100
108900192,131,226,-95
108900193,222,77,145
108900194,23,520,-497
108900195,128,204,-76
108900196,53,244,-191
108900198,7,337,-330
108900199,295,292,3
108900200,719,529,190
108900201,503,1281,-778
108900203,587,164,423
108900204,407,15,392
108900205,197,41,156
108900206,651,112,539
108900207,253,153,100
108900208,16,308,-292
108900209,199,489,-290
108900210,322,204,118
108900211,178,613,-435
108900212,523,1663,-1140
108900215,87,308,-221
108900216,481,382,99
108900217,107,2,105
108900218,225,22,203
108900219,96,15,81
108900220,64,27,37
108900221,38,320,-282
108900222,377,29,348
108900223,9,207,-198
108900224,25,209,-184
108900225,1,176,-175
108900226,297,25,272
108900227,129,391,-262
108900230,214,227,-13
108900231,48,206,-158
108900232,4,205,-201
108900233,542,82,460
108900234,350,157,193
108900235,209,549,-340
108900236,73,353,-280
108900237,108,157,-49
108900240,136,73,63
108900241,51,68,-17
108900245,25,1669,-1644
108900249,152,33,119
108900250,247,113,134
108900257,332,315,17
108900258,27,152,-125
108900259,40,54,-14
108900260,10,68,-58
108900261,70,114,-44
108900262,157,149,8
108900263,61,119,-58
108900264,431,233,198
108900265,1214,605,609
108900266,577,814,-237
108900267,13,170,-157
108900268,18,23,-5
108900269,90,27,63
108900270,122,16,106
108900271,76,18,58
108900272,254,23,231
108900273,620,1335,-715
108900274,80,69,11
109000001,2998,2390,608
109000002,1154,2195,-1041
109000003,2877,452,2425
109000004,584,1867,-1283
109000005,2414,603,1811
109000006,718,1884,-1166
109000007,1914,619,1295
109000008,738,1559,-821
109000009,4470,1362,3108
109000010,1279,2936,-1657
109000011,4121,2069,2052
109000012,2085,2518,-433
109000013,4751,3676,1075
109000014,2234,2475,-241
109000015,4090,9241,-5151
109000016,5088,2829,2259
109000017,3047,1305,1742
109000018,1064,2314,-1250
109000019,2843,1393,1450
109000020,1162,1572,-410
109000023,377,31,346
109000024,13,205,-192
109000025,376,542,-166
109000026,532,342,190
109000027,97,349,-252
109000028,163,102,61
109000029,120,224,-104
109000030,72,496,-424
109000031,297,167,130
109000032,126,419,-293
109000033,348,176,172
109000034,60,51,9
109000035,17,55,-38
109000036,75,259,-184
109000037,316,1879,-1563
109000038,558,337,221
109000039,1296,986,310
109000040,3805,11730,-7925
109000041,1939,1971,-32
109000042,552,1328,-776
109000044,467,55,412
109000045,105,309,-204
109000046,434,78,356
109000047,58,428,-370
109000048,900,288,612
109000049,294,580,-286
109000050,432,296,136
109000051,262,245,17
109000052,536,666,-130
109000053,261,89,172
109000054,500,461,39
109000055,371,389,-18
109000056,451,411,40
109000057,953,483,470
109000058,797,246,551
109000059,583,1463,-880
109000060,344,354,-10
109000061,727,1481,-754
109000062,147,331,-184
109000063,294,166,128
109000064,350,174,176
109000065,203,223,-20
109000066,496,75,421
109000067,95,232,-137
109000068,1873,12,1861
109000069,755,33,722
109000070,18,1900,-1882
109000071,421,106,315
109000072,142,341,-199
109000073,57,102,-45
109000074,35,184,-149
109000075,77,296,-219
109000076,172,257,-85
109000077,400,266,134
109000078,131,138,-7
109000079,168,148,20
109000080,202,106,96
109000081,148,397,-249
109000082,818,191,627
109000083,270,461,-191
109000088,136,385,-249
109000089,346,75,271
109000090,144,348,-204
109000091,399,206,193
109000092,348,424,-76
109000093,323,230,93
109000094,591,1,590
109000095,84,329,-245
109000096,886,292,594
109000097,117,143,-26
109000098,44,196,-152
109000099,926,429,497
109000100,339,698,-359
109000101,2085,666,1419
109000102,498,802,-304
109000103,576,547,29
109000104,2293,551,1742
109000105,510,1028,-518
109000106,2506,834,1672
109000107,628,1591,-963
109000108,2108,659,1449
109000109,636,1382,-746
109000110,1381,510,871
109000111,870,1639,-769
109000112,329,127,202
109000113,350,172,178
109000114,169,345,-176
109000115,1106,36,1070
109000116,10,268,-258
109000117,290,54,236
109000118,10,289,-279
109000119,1602,176,1426
109000120,210,618,-408
109000121,628,36,592
109000122,170,555,-385
109000123,52,54,-2
109000124,812,351,461
109000125,988,273,715
109000126,471,643,-172
109000127,1118,196,922
109000128,503,986,-483
109000129,3196,735,2461
109000130,575,1242,-667
109000131,1181,619,562
109000132,811,1467,-656
109000133,369,805,-436
109000134,873,1194,-321
109000135,1200,2068,-868
109000136,293,264,29
109000137,380,403,-23
109000138,572,289,283
109000139,652,355,297
109000140,227,340,-113
109000141,616,420,196
109000142,184,480,-296
109000143,133,72,61
109000145,149,216,-67
109000146,35,109,-74
109000148,3002,2380,622
109000149,31,66,-35
109000150,68,256,-188
109000155,1017,730,287
109000156,942,593,349
109000158,238,295,-57
109000159,223,551,-328
109000160,1214,225,989
109000161,379,859,-480
109000162,2315,703,1612
109000163,1293,1504,-211
109000164,1382,2032,-650
109000165,1443,506,937
109000166,776,117,659
109000167,118,460,-342
109000170,45,57,-12
109000171,71,54,17
109000172,48,85,-37
109000173,19,87,-68
109000174,106,47,59
109000175,48,75,-27
109000176,354,211,143
109000177,41,119,-78
109000178,1351,453,898
109000179,3915,6019,-2104
109000180,4716,4012,704
109000181,37,13,24
109000182,60,19,41
109000183,53,17,36
109000184,64,14,50
109000185,19,35,-16
109000188,555,1475,-920
109000189,3269,817,2452
109000190,888,445,443
109000191,466,425,41
109000192,506,151,355
109000193,246,185,61
109000194,365,67,298
109000195,161,256,-95
109000196,394,116,278
109000197,226,297,-71
109000198,481,63,418
109000199,152,377,-225
109000206,239,42,197
109000207,166,32,134
109000208,106,79,27
109000209,220,98,122
109000210,159,480,-321
109000211,766,431,335
109000214,362,279,83
109000215,148,75,73
109000216,318,288,30
109000217,330,150,180
109000218,339,198,141
109000221,439,760,-321
109000222,1049,250,799
109000223,409,408,1
109000224,38,94,-56
109000225,78,37,41
109000226,47,134,-87
109000227,1382,883,499
109000228,8,1999,-1991
109000231,326,308,18
109000232,421,190,231
109000236,327,715,-388
109000241,2385,1721,664
109000242,1950,1111,839
109000293,23,79,-56
109000361,104,126,-22
109000364,180,515,-335
109000396,3,345,-342
109000397,619,4,615
109000399,116,372,-256
109000400,101,244,-143
109000403,84,1024,-940
109000406,394,8,386
109000407,280,172,108
109000408,0,367,-367
109000410,1179,306,873
109000411,210,22,188
109900001,142,0,142
109900002,869,20,849
109900003,295,0,295
109900004,706,136,570
109900005,54,5,49
109900006,625,129,496
109900007,1061,294,767
109900008,2,36,-34
109900009,199,436,-237
109900010,569,38,531
109900011,105,61,44
109900012,310,235,75
109900013,482,150,332
109900014,390,45,345
109900015,487,196,291
109900016,196,19,177
109900017,267,210,57
109900018,290,34,256
109900019,240,32,208
109900020,62,53,9
109900021,37,23,14
109900022,148,207,-59
109900023,35,9,26
109900024,26,9,17
109900025,13,38,-25
109900026,2,184,-182
109900027,24,52,-28
109900028,866,1231,-365
109900029,5,193,-188
109900030,40,14,26
109900031,1,358,-357
109900032,14,293,-279
109900033,6,483,-477
109900034,86,4,82
109900035,20,30,-10
109900036,48,57,-9
109900037,48,388,-340
109900038,114,255,-141
109900039,10,0,10
109900040,38,399,-361
109900041,79,335,-256
109900042,50,1784,-1734
109900044,84,181,-97
109900045,209,144,65
109900046,25,61,-36
109900047,354,328,26
109900048,3,74,-71
109900049,12,23,-11
109900050,2,81,-79
109900051,0,31,-31
109900052,92,283,-191
109900053,1,166,-165
109900054,955,214,741
109900055,91,267,-176
109900056,18,224,-206
109900057,9,112,-103
109900058,0,53,-53
109900059,953,119,834
109900060,525,104,421
109900061,77,308,-231
109900062,1,109,-108
109900063,19,474,-455
109900064,643,213,430
109900065,59,138,-79
109900066,367,646,-279
109900067,1,150,-149
109900068,144,7,137
109900069,10,20,-10
109900070,43,273,-230
109900071,15,41,-26
109900072,19,124,-105
109900073,469,409,60
109900074,7,33,-26
109900075,24,35,-11
109900076,18,121,-103
109900077,53,57,-4
109900078,96,159,-63
109900080,145,220,-75
109900081,28,239,-211
109900082,40,252,-212
109900083,42,95,-53
109900084,68,126,-58
109900085,188,527,-339
109900086,175,523,-348
109900087,246,516,-270
109900089,874,251,623
109900090,544,965,-421
109900091,415,81,334
109900092,1481,59,1422
109900093,1191,189,1002
109900094,76,87,-11
109900095,150,216,-66
109900096,34,5,29
109900097,163,5,158
109900098,573,55,518
109900099,196,1,195
109900100,46,2,44
109900101,756,9,747
109900102,512,23,489
109900103,33,34,-1
109900104,701,397,304
109900105,595,31,564
109900106,594,68,526
109900107,1189,122,1067
109900108,201,347,-146
109900109,50,228,-178
109900110,88,292,-204
109900111,394,753,-359
109900112,286,412,-126
109900113,1151,605,546
109900114,1157,999,158
109900115,180,102,78
109900117,1207,142,1065
109900118,180,341,-161
109900119,580,294,286
109900120,97,25,72
109900121,418,471,-53
109900122,673,8,665
109900123,35,159,-124
109900124,31,315,-284
109900125,1,159,-158
109900126,364,75,289
109900128,418,49,369
109900130,4945,2875,2070
109900131,48,168,-120
109900132,32,116,-84
109900133,93,250,-157
109900134,72,78,-6
109900135,306,74,232
109900136,64,134,-70
109900137,180,233,-53
109900140,257,120,137
109900142,1584,329,1255
109900145,8,495,-487
109900146,360,37,323
109900148,30,65,-35
109900149,32,62,-30
109900150,12,68,-56
109900151,18,66,-48
109900152,3,33,-30
109900153,2,77,-75
109900154,60,2,58
109900155,68,21,47
109900157,82,185,-103
109900158,71,114,-43
109900159,137,49,88
109900160,187,83,104
109900161,260,75,185
109900162,204,109,95
109900163,736,274,462
109900164,67,250,-183
109900165,335,3,332
109900166,2,121,-119
109900167,201,403,-202
109900168,258,532,-274
109900169,226,174,52
109900170,240,1254,-1014
109900171,189,75,114
109900172,364,268,96
109900173,2081,2668,-587
109900174,48,102,-54
109900175,66,94,-28
109900176,189,137,52
109900177,59,188,-129
109900178,11,304,-293
109900179,96,15,81
109900180,12,22,-10
110000001,960,496,464
110000002,699,868,-169
110000003,878,740,138
110000004,530,749,-219
110000005,377,2124,-1747
110000006,313,363,-50
110000007,147,81,66
110000008,30,66,-36
110000009,56,29,27
110000010,43,45,-2
110000011,59,51,8
110000012,716,326,390
110000013,43,692,-649
110000014,623,368,255
110000015,265,667,-402
110000016,295,1923,-1628
110000017,3289,288,3001
110000018,2903,408,2495
110000019,14,78,-64
110000020,533,239,294
110000021,574,572,2
110000022,1295,274,1021
110000023,9,181,-172
110000024,658,551,107
110000025,488,3,485
110000026,14,285,-271
110000027,961,937,24
110000028,1028,565,463
110000029,532,561,-29
110000030,286,439,-153
110000031,325,400,-75
110000032,840,390,450
110000033,324,153,171
110000034,633,634,-1
110000035,1020,489,531
110000036,1266,711,555
110000037,271,497,-226
110000038,354,730,-376
110000039,870,4491,-3621
110000040,353,320,33
110000041,367,1954,-1587
110000042,172,649,-477
110000043,1047,373,674
110000044,236,1125,-889
110000045,1333,257,1076
110000046,10,90,-80
110000047,48,130,-82
110000048,30,99,-69
110000049,107,34,73
110000050,10,80,-70
110000051,55,25,30
110000052,21,18,3
110000053,225,25,200
110000054,453,951,-498
110000055,1077,108,969
110000056,234,164,70
110000057,422,555,-133
110000058,1307,495,812
110000059,1114,531,583
110000060,1015,1183,-168
110000061,934,771,163
110000062,710,991,-281
110000063,63,156,-93
110000064,50,57,-7
110000065,95,82,13
110000066,127,31,96
110000067,94,128,-34
110000068,324,111,213
110000069,453,60,393
110000071,223,74,149
110000073,28,28,0
110000075,18,81,-63
110000076,309,490,-181
110000077,393,1484,-1091
110000078,49,34,15
110000080,255,624,-369
110000081,85,215,-130
110000082,43,447,-404
110000083,257,556,-299
110000084,1497,1030,467
110000085,1491,1577,-86
110000086,1382,2662,-1280
110000087,26,61,-35
110000088,150,271,-121
110000089,355,101,254
110000090,216,218,-2
110000091,809,225,584
110000092,21,47,-26
110000093,58,28,30
110000094,609,238,371
110000095,238,638,-400
110000096,1892,2072,-180
110000097,1244,1613,-369
110000098,2250,697,1553
110000099,780,1641,-861
110000100,1255,332,923
110000101,20,265,-245
110000102,85,28,57
110000104,407,124,283
110000105,58,247,-189
110000106,680,531,149
110000107,243,285,-42
110000108,155,129,26
110000109,417,274,143
110000110,2383,4885,-2502
110000111,4919,3360,1559
110000112,916,1433,-517
110000113,275,2408,-2133
110000114,415,1002,-587
110000115,411,426,-15
110000116,79,82,-3
110000117,282,293,-11
110000118,608,146,462
110000119,330,276,54
110000120,383,157,226
110000121,70,448,-378
110000122,463,541,-78
110000123,634,725,-91
110000124,5,751,-746
110000125,1153,29,1124
110000126,297,13,284
110000127,1272,77,1195
110000128,35,1260,-1225
110000129,2,525,-523
110000130,361,222,139
110000131,118,266,-148
110000132,3,502,-499
110000133,45,439,-394
110000134,26,346,-320
110000135,232,40,192
110000136,74,290,-216
110000137,740,508,232
110000138,947,560,387
110000139,1139,873,266
110000140,923,738,185
110000143,680,349,331
110000144,5117,1926,3191
110000145,2016,1181,835
110000146,2451,823,1628
110000147,901,848,53
110000148,928,249,679
110000151,907,1150,-243
110000152,741,423,318
110000153,235,21,214
110000154,61,20,41
110000155,1622,4313,-2691
110000156,1181,2700,-1519
110000157,2152,2359,-207
110000160,626,284,342
110000161,228,230,-2
110000166,718,137,581
110000167,1204,547,657
110000168,1350,582,768
110000169,1062,400,662
110000170,164,82,82
110000171,697,146,551
110000172,195,778,-583
110000173,891,1028,-137
110000174,182,705,-523
110000175,960,62,898
110000176,324,505,-181
110000177,239,1069,-830
110000178,506,1620,-1114
110000179,1136,326,810
110000180,232,197,35
110000181,614,386,228
110000182,254,152,102
110000183,8157,8592,-435
110000184,318,3007,-2689
110000185,1372,1012,360
110000186,749,707,42
110000191,1532,274,1258
110000192,769,14,755
110000193,1479,11,1468
110000194,18,791,-773
110000195,590,279,311
110000196,559,214,345
110000197,123,166,-43
110000198,134,59,75
110000199,82,125,-43
110000200,1023,451,572
110000201,1162,1197,-35
110000202,1555,578,977
110000203,674,533,141
110000204,7,168,-161
110000205,228,45,183
110000206,665,999,-334
110000207,1529,415,1114
110000208,352,240,112
110000209,160,1070,-910
110000210,1646,468,1178
110000211,1298,1014,284
110000212,498,1343,-845
110000213,308,48,260
110000214,507,89,418
110000215,189,286,-97
110000216,102,251,-149
110000217,407,145,262
110000218,238,277,-39
110000219,426,89,337
110000220,66,213,-147
110000221,490,69,421
110000222,79,198,-119
110000223,2,199,-197
110000224,27,6,21
110000225,267,783,-516
110000226,304,70,234
110000227,965,1068,-103
110000228,330,164,166
110000229,0,208,-208
110000230,797,700,97
110000231,203,228,-25
110000232,294,255,39
110000233,285,281,4
110000234,911,1764,-853
110000235,1139,1256,-117
110000236,806,661,145
110000237,2916,1706,1210
110000238,1316,1331,-15
110000239,2246,1049,1197
110000240,0,56,-56
110000242,0,19,-19
110000243,138,95,43
110000244,169,594,-425
110000245,20,404,-384
110000246,1130,523,607
110000247,1400,4147,-2747
110000248,2119,1420,699
110000249,99,8,91
110000250,53,243,-190
110000251,429,435,-6
110000252,339,174,165
110000253,1580,655,925
110000254,673,896,-223
110000255,263,846,-583
110000256,612,394,218
110000257,637,458,179
110000258,9,455,-446
110000259,180,24,156
110000260,44,185,-141
110000263,690,99,591
110000264,371,331,40
110000265,1451,2088,-637
110000266,1937,3417,-1480
110000267,42,180,-138
110000268,298,408,-110
110000269,2,89,-87
110000270,93,8,85
110000271,1187,261,926
110000272,1214,1022,192
110000273,3268,1932,1336
110000274,205,1983,-1778
110000275,2102,776,1326
110000276,395,509,-114
110000277,389,415,-26
110000278,415,707,-292
110000279,1006,934,72
110000280,630,509,121
110000281,64,454,-390
110000282,272,35,237
110000283,52,155,-103
110000284,37,46,-9
110000285,4,913,-909
110000286,24,0,24
110000287,108,2,106
110000288,3,107,-104
110000289,449,2167,-1718
110000290,692,594,98
110000291,3835,1136,2699
110000292,1443,5782,-4339
110000293,827,573,254
110000294,1298,1285,13
110000295,168,726,-558
110000296,553,361,192
110000297,2720,256,2464
110000298,184,379,-195
110000299,191,88,103
110000301,413,31,382
110000302,514,699,-185
110000303,580,14,566
110000304,213,208,5
110000305,1724,44,1680
110000306,284,982,-698
110000307,2186,10,2176
110000308,811,16,795
110000309,5,717,-712
110000310,921,55,866
110000311,26,605,-579
110000312,651,128,523
110000313,2789,2623,166
110000314,0,201,-201
110000315,3127,3455,-328
110000316,544,1589,-1045
110000317,440,1204,-764
110000318,16,56,-40
110000319,18,35,-17
110000320,43,36,7
110000321,12,37,-25
110000322,342,360,-18
110000323,621,207,414
110000324,3106,1847,1259
110000325,2871,4037,-1166
110000327,513,338,175
110000328,194,477,-283
110000333,1565,955,610
110000334,1014,1416,-402
110000335,1540,596,944
110000336,1038,961,77
110000337,1952,634,1318
110000338,577,294,283
110000339,384,251,133
110000340,74,253,-179
110000341,558,537,21
110000342,449,5,444
110000343,1,27,-26
110000344,209,359,-150
110000345,410,416,-6
110000346,2497,2279,218
110000347,1446,883,563
110000348,12,23,-11
110000349,16,32,-16
110000350,66,10,56
110000351,1309,797,512
110000352,646,1584,-938
110000353,3166,740,2426
110000354,1119,3743,-2624
110000355,147,116,31
110000356,1058,21,1037
110000357,711,19,692
110000361,72,29,43
110000362,88,58,30
110000363,632,115,517
110000364,301,310,-9
110000365,158,3,155
110000366,0,114,-114
110000367,404,164,240
110000368,2,67,-65
110000369,95,2,93
110000373,1,237,-236
110000374,180,16,164
110000375,96,966,-870
110000376,35,78,-43
110000377,119,654,-535
110000378,17,445,-428
110000379,2489,2302,187
110000380,78,12,66
110000383,1,1239,-1238
110000384,1610,1084,526
110000385,2,199,-197
110000387,91,11,80
110000388,25,184,-159
110000389,841,4,837
110000391,906,245,661
110000396,201,121,80
110000397,164,133,31
110000398,2,37,-35
110000399,181,2,179
110000587,159,93,66
110000589,209,136,73
110000640,213,43,170
110000652,17,380,-363
110000653,360,383,-23
110000654,88,572,-484
110000656,1,426,-425
110000674,48,31,17
110000675,37,41,-4
110000676,79,47,32
110000679,233,1366,-1133
110000682,153,219,-66
110000683,366,432,-66
110000684,4,26,-22
110000685,5,17,-12
110000686,3,52,-49
110000687,72,8,64
110000688,77,1219,-1142
110000689,29,44,-15
110000692,85,173,-88
110000693,105,335,-230
110000694,0,128,-128
110000695,219,773,-554
110000696,49,123,-74
110900001,345,17,328
110900002,447,259,188
110900003,965,391,574
110900004,497,102,395
110900005,1893,3152,-1259
110900006,36,14,22
110900007,188,46,142
110900008,13,62,-49
110900009,524,190,334
110900010,24,82,-58
110900011,37,69,-32
110900012,15,98,-83
110900013,1278,111,1167
110900014,348,16,332
110900015,458,754,-296
110900016,79,114,-35
110900017,618,45,573
110900018,615,69,546
110900019,260,22,238
110900020,171,156,15
110900021,83,335,-252
110900022,126,213,-87
110900023,172,630,-458
110900024,14,287,-273
110900025,6,67,-61
110900027,43,224,-181
110900028,39,151,-112
110900029,17,225,-208
110900030,64,199,-135
110900031,2,188,-186
110900032,0,65,-65
110900033,35,199,-164
110900035,39,478,-439
110900036,119,30,89
110900037,140,27,113
110900038,907,168,739
110900039,19,253,-234
110900040,262,36,226
110900041,51,62,-11
110900042,171,48,123
110900043,6,59,-53
110900044,204,16,188
110900045,63,301,-238
110900046,31,144,-113
110900047,447,373,74
110900049,153,100,53
110900050,37,11,26
110900051,50,218,-168
110900052,7,143,-136
110900053,131,28,103
110900054,33,158,-125
110900055,43,2,41
110900056,93,117,-24
110900057,4,101,-97
110900058,350,180,170
110900059,501,397,104
110900060,514,160,354
110900061,29,56,-27
110900062,191,240,-49
110900063,48,150,-102
110900064,25,0,25
110900065,260,154,106
110900066,16,78,-62
110900067,312,890,-578
110900068,291,214,77
110900069,6,29,-23
110900071,255,860,-605
110900073,0,19,-19
110900074,594,89,505
110900075,491,97,394
110900077,1077,546,531
110900078,55,36,19
110900079,1629,1457,172
110900080,165,81,84
110900081,19,35,-16
110900082,128,89,39
110900083,182,93,89
110900084,60,48,12
110900085,94,232,-138
110900086,79,375,-296
110900087,408,69,339
110900088,7,0,7
110900090,65,72,-7
110900091,0,59,-59
110900093,452,132,320
110900095,67,62,5
110900097,20,16,4
110900098,59,81,-22
110900099,101,405,-304
110900100,0,11,-11
110900102,76,24,52
110900105,1768,235,1533
110900108,17,34,-17
110900111,674,172,502
110900112,957,9,948
110900113,465,64,401
110900115,2,46,-44
110900116,898,1184,-286
110900118,158,3933,-3775
110900119,2540,255,2285
110900120,16,65,-49
110900121,161,0,161
110900122,571,211,360
110900125,434,479,-45
110900127,573,1454,-881
110900128,234,285,-51
110900129,362,923,-561
110900130,815,686,129
110900131,411,38,373
110900132,501,106,395
110900133,172,136,36
110900135,103,311,-208
110900136,389,17,372
110900137,71,3,68
110900138,1446,1090,356
110900139,18,338,-320
110900140,66,9,57
110900141,10,346,-336
110900142,74,109,-35
110900143,206,128,78
110900144,3,518,-515
110900145,228,76,152
110900146,474,303,171
110900147,113,517,-404
110900148,9,239,-230
110900149,4,64,-60
110900150,146,27,119
110900151,22,81,-59
110900152,30,154,-124
110900153,195,178,17
111000001,763,438,325
111000002,560,468,92
111000003,1388,827,561
111000004,475,762,-287
111000005,1438,1305,133
111000006,953,1539,-586
111000007,4923,3420,1503
111000008,1849,3213,-1364
111000009,395,710,-315
111000010,995,269,726
111000011,382,1151,-769
111000012,642,330,312
111000013,499,1136,-637
111000014,1556,412,1144
111000017,127,1057,-930
111000018,239,378,-139
111000020,848,2054,-1206
111000021,92,91,1
111000023,108,80,28
111000025,4521,4448,73
111000029,162,112,50
111000030,42,89,-47
111000031,2459,1521,938
111000032,593,289,304
111000033,373,317,56
111000034,86,276,-190
111000037,1289,607,682
111000038,3155,2024,1131
111000039,2131,1742,389
111000040,2045,1780,265
111000041,1333,1382,-49
111000042,2487,2052,435
111000043,2092,4217,-2125
111000044,2185,1226,959
111000045,3016,2206,810
111000046,2289,1715,574
111000047,3261,4909,-1648
111000049,516,451,65
111000050,1341,1134,207
111000051,515,826,-311
111000052,629,1454,-825
111000053,352,697,-345
111000054,464,707,-243
111000055,1219,1415,-196
111000056,216,331,-115
111000057,121,407,-286
111000058,560,67,493
111000059,740,269,471
111000060,4711,907,3804
111000061,721,340,381
111000062,1088,351,737
111000063,1972,964,1008
111000064,852,624,228
111000065,1408,941,467
111000066,628,456,172
111000067,790,504,286
111000068,775,782,-7
111000069,1963,2149,-186
111000070,1051,874,177
111000071,254,526,-272
111000072,1604,624,980
111000073,320,1106,-786
111000074,1759,1687,72
111000075,1237,594,643
111000076,546,629,-83
111000077,1940,1692,248
111000078,2848,1349,1499
111000079,1397,788,609
111000080,645,674,-29
111000081,1655,5320,-3665
111000082,830,546,284
111000084,934,659,275
111000085,850,997,-147
111000086,2829,869,1960
111000087,744,527,217
111000088,5199,2784,2415
111000089,749,915,-166
111000090,790,1325,-535
111000091,832,395,437
111000092,1535,703,832
111000093,893,1045,-152
111000094,1960,1111,849
111000095,701,2427,-1726
111000096,1476,7927,-6451
111000097,4456,1608,2848
111000098,994,1014,-20
111000099,638,1326,-688
111000100,375,1049,-674
111000101,489,767,-278
111000102,305,591,-286
111000104,830,195,635
111000107,251,866,-615
111000109,1527,328,1199
111000110,1857,775,1082
111000111,2986,590,2396
111000112,2183,685,1498
111000113,1196,1915,-719
111000114,2310,4476,-2166
111000115,4936,1248,3688
111000116,1089,917,172
111000117,436,894,-458
111000118,1474,829,645
111000119,1411,882,529
111000120,684,631,53
111000121,406,682,-276
111000122,610,960,-350
111000123,1189,2058,-869
111000124,569,1907,-1338
111000125,312,1225,-913
111000126,107,667,-560
111000127,1098,145,953
111000128,2623,318,2305
111000129,3375,447,2928
111000130,2956,649,2307
111000131,2355,494,1861
111000132,2180,1138,1042
111000133,226,145,81
111000134,172,92,80
111000135,53,150,-97
111000136,466,324,142
111000138,22,5,17
111000140,2,10,-8
111000141,167,369,-202
111000142,17,276,-259
111000143,6,318,-312
111000144,40,1806,-1766
111000145,712,25,687
111000146,126,17,109
111000147,215,34,181
111000148,180,128,52
111000149,3,36,-33
111000150,34,4,30
111000151,2,37,-35
111000153,605,755,-150
111000154,700,233,467
111000155,147,186,-39
111000156,703,711,-8
111000157,263,1203,-940
111000158,1085,857,228
111000159,3783,836,2947
111000160,569,358,211
111000161,27,404,-377
111000162,47,114,-67
111000163,841,799,42
111000164,580,3318,-2738
111000165,796,404,392
111000166,1425,279,1146
111000167,177,331,-154
111000168,221,468,-247
111000169,324,623,-299
111000170,446,402,44
111000171,622,511,111
111000172,207,305,-98
111000173,419,592,-173
111000174,327,251,76
111000175,68,341,-273
111000176,520,100,420
111000177,488,186,302
111000178,1714,223,1491
111000179,282,121,161
111000180,392,446,-54
111000181,1444,247,1197
111000182,242,161,81
111000183,386,295,91
111000184,447,209,238
111000185,393,271,122
111000186,328,187,141
111000187,157,127,30
111000188,331,329,2
111000189,753,529,224
111000190,212,201,11
111000191,161,198,-37
111000192,189,307,-118
111000193,287,211,76
111000194,67,248,-181
111000195,212,295,-83
111000196,68,145,-77
111000197,505,129,376
111000198,740,126,614
111000199,307,150,157
111000200,500,290,210
111000201,827,233,594
111000202,423,219,204
111000203,429,299,130
111000204,456,1424,-968
111000213,219,428,-209
111000214,1505,1215,290
111000215,1197,1060,137
111000217,1789,759,1030
111000218,1498,1048,450
111000219,398,220,178
111000220,1124,805,319
111000221,558,125,433
111000224,0,201,-201
111000225,454,515,-61
111000226,143,1,142
111000227,26,3,23
111000228,31,523,-492
111000229,198,1117,-919
111000230,277,297,-20
111000231,1219,587,632
111000232,921,832,89
111000233,1222,619,603
111000234,181,507,-326
111000239,79,124,-45
111000240,97,255,-158
111000241,25,235,-210
111000242,310,58,252
111000243,201,355,-154
111000244,697,88,609
111000245,1150,288,862
111000246,652,252,400
111000247,519,594,-75
111000248,773,343,430
111000249,512,417,95
111000250,58,69,-11
111000251,42,99,-57
111000253,29,22,7
111000255,66,4,62
111000257,79,26,53
111000260,91,1116,-1025
111000261,1638,123,1515
111000271,61,234,-173
111000273,2693,1149,1544
111000274,1477,2662,-1185
111000275,207,31,176
111000276,327,1268,-941
111000277,227,321,-94
111000278,679,221,458
111000291,893,8248,-7355
111000298,655,224,431
111000299,831,179,652
111000300,114,495,-381
111000302,372,82,290
111000303,101,183,-82
111000312,48,59,-11
111000315,0,63,-63
111000320,234,564,-330
111000321,470,143,327
111000322,391,285,106
111000323,320,32,288
111000324,391,188,203
111000325,47,79,-32
111000326,194,270,-76
111000327,515,274,241
111000328,306,520,-214
111000329,1,30,-29
111000330,41,5,36
111000331,28,6,22
111000332,673,1226,-553
111000334,371,948,-577
111000335,1206,205,1001
111000337,1634,359,1275
111000338,64,105,-41
111000339,746,229,517
111000340,130,399,-269
111000341,1439,702,737
111000342,260,1296,-1036
111000344,1248,627,621
111000345,175,120,55
111000346,36,244,-208
111000347,141,10,131
111000350,231,116,115
111000351,131,298,-167
111000352,205,111,94
111000353,189,298,-109
111000354,677,118,559
111000355,320,580,-260
111000358,200,791,-591
111000360,234,421,-187
111000361,204,172,32
111000546,986,621,365
111000547,420,398,22
111000548,130,309,-179
111000549,378,199,179
111000550,60,967,-907
111000551,768,146,622
111000552,1555,289,1266
111000907,472,26,446
111000908,36,3,33
111000916,1926,263,1663
111000917,29,322,-293
111000918,261,574,-313
111000920,632,17,615
111000921,15,162,-147
111000922,693,270,423
111000924,88,507,-419
111000925,3636,1895,1741
111000926,1316,1341,-25
111000927,3322,4756,-1434
111000928,4202,2579,1623
111000929,1648,1204,444
111000930,852,1708,-856
111000931,2372,2688,-316
111000932,3818,1737,2081
111000933,3777,2834,943
111000934,1689,2921,-1232
111000935,2000,1022,978
111000936,1017,1698,-681
111000937,1382,1442,-60
111000938,1452,1209,243
111000939,770,51,719
111000940,702,90,612
111000941,480,388,92
111000943,727,232,495
111000944,194,197,-3
111000945,158,1001,-843
111001109,617,541,76
111001110,228,393,-165
111001111,92,6,86
111001112,125,7,118
111001113,1,161,-160
111001114,754,217,537
111001115,19,650,-631
111001116,3895,4170,-275
111001117,555,2720,-2165
111001120,131,236,-105
111001121,211,164,47
111001122,186,337,-151
111001123,334,69,265
111001124,107,77,30
111900001,43,118,-75
111900002,53,541,-488
111900003,2,226,-224
111900004,30,93,-63
111900006,13,88,-75
111900007,186,11,175
111900008,403,3,400
111900009,288,98,190
111900010,331,329,2
111900012,111,89,22
111900013,20,49,-29
111900014,3508,4976,-1468
111900015,1,45,-44
111900016,0,66,-66
111900017,1,80,-79
111900018,241,3,238
111900019,10,112,-102
111900020,1,51,-50
111900021,22,67,-45
111900022,5,41,-36
111900023,67,59,8
111900024,26,52,-26
111900025,0,32,-32
111900026,0,61,-61
111900027,0,117,-117
111900028,2,247,-245
111900029,5,75,-70
111900030,24,299,-275
111900031,23,22,1
111900032,0,196,-196
111900033,6,65,-59
111900034,200,460,-260
111900035,74,208,-134
111900036,0,152,-152
111900038,230,493,-263
111900039,26,300,-274
111900040,2,330,-328
111900042,24,114,-90
111900043,1,188,-187
111900044,279,157,122
111900046,34,126,-92
111900048,237,332,-95
111900049,27,182,-155
111900050,89,45,44
111900051,5,157,-152
111900052,291,353,-62
111900053,740,1843,-1103
111900054,244,9,235
111900055,19,199,-180
111900056,164,308,-144
111900057,145,28,117
111900058,536,433,103
111900059,1433,805,628
111900060,537,2,535
111900061,4,115,-111
111900062,29,66,-37
111900063,431,263,168
111900064,98,131,-33
111900065,115,16,99
111900066,134,148,-14
111900067,2,261,-259
111900068,57,68,-11
111900069,88,14,74
111900070,167,85,82
111900071,2,181,-179
111900072,62,40,22
111900073,1401,170,1231
111900074,12,192,-180
111900075,115,11,104
111900076,233,76,157
111900077,48,3,45
111900078,357,34,323
111900079,69,23,46
111900080,250,285,-35
111900082,161,48,113
111900083,192,13,179
111900084,117,10,107
111900085,47,170,-123
111900086,44,7,37
111900087,114,0,114
111900088,679,13,666
111900089,124,2,122
111900090,72,71,1
111900091,297,1,296
111900092,158,0,158
111900093,545,11,534
111900094,150,0,150
111900095,333,52,281
111900096,151,2,149
111900097,116,0,116
111900098,328,21,307
111900099,100,0,100
111900100,187,5,182
111900101,152,31,121
111900102,903,311,592
111900103,90,137,-47
111900104,282,117,165
111900105,363,209,154
111900106,820,44,776
111900110,1272,504,768
111900111,186,79,107
111900112,489,4106,-3617
111900113,203,66,137
111900118,472,92,380
111900119,372,177,195
111900122,100,45,55
111900123,18,31,-13
111900124,18,48,-30
111900125,599,61,538
111900126,394,3,391
111900127,2,529,-527
111900128,0,363,-363
111900129,383,6,377
111900130,302,50,252
111900131,553,2,551
111900132,14,661,-647
111900133,13,261,-248
111900134,9,185,-176
111900135,23,57,-34
111900136,101,121,-20
111900137,53,42,11
111900138,13,38,-25
111900139,12,75,-63
111900140,144,26,118
111900141,85,15,70
111900142,100,37,63
111900143,193,130,63
111900144,2,84,-82
111900145,0,282,-282
111900146,1,174,-173
111900147,107,303,-196
111900148,28,392,-364
111900149,6,186,-180
111900150,11,100,-89
111900151,1,23,-22
111900152,78,91,-13
111900153,946,641,305
111900154,21,437,-416
111900155,67,134,-67
111900156,77,65,12
111900157,160,18,142
111900158,744,98,646
111900159,456,44,412
111900160,423,2,421
111900161,248,7,241
111900162,107,212,-105
111900163,31,172,-141
111900164,159,82,77
111901113,639,124,515
111901114,352,199,153
111901115,148,7,141
111901116,42,3,39
111901117,40,35,5
111901118,44,394,-350
111901119,563,54,509
111901121,136,125,11
111901122,6,326,-320
111901123,300,216,84
111901124,244,1,243
111901125,602,204,398
111901127,436,818,-382
111901128,17,74,-57
111901129,4,113,-109
111901130,4,119,-115
111901131,1,168,-167
111901132,88,25,63
111901133,72,9,63
111901134,107,3,104
111901135,29,12,17
111901136,50,82,-32
111901137,0,30,-30
111901138,234,44,190
111901139,21,15,6
111901140,14,64,-50
111901141,6,121,-115
111901142,7,90,-83
111901143,1,90,-89
111901144,43,56,-13
111901145,132,289,-157
111901146,317,18,299
112000001,2137,754,1383
112000002,646,1869,-1223
112000003,2167,1153,1014
112000004,664,722,-58
112000005,4273,4122,151
112000006,1927,1305,622
112000007,4798,2674,2124
112000008,3250,4179,-929
112000009,2885,2412,473
112000010,3704,4739,-1035
112000011,1439,1367,72
112000012,5576,6703,-1127
112000013,3708,4239,-531
112000014,2675,3184,-509
112000015,3153,4554,-1401
112000016,5967,3196,2771
112000017,2231,5696,-3465
112000024,2023,805,1218
112000026,2807,3222,-415
112000027,995,709,286
112000028,1027,1342,-315
112000029,867,982,-115
112000030,158,94,64
112000031,1620,6341,-4721
112000032,295,45,250
112000033,2185,3158,-973
112000034,240,97,143
112000035,89,835,-746
112000036,621,1693,-1072
112000037,1662,1809,-147
112000038,1991,2214,-223
112000039,153,70,83
112000040,71,219,-148
112000041,453,418,35
112000042,948,490,458
112000050,1481,1748,-267
112000051,1333,1908,-575
112000054,1384,1392,-8
112000057,1059,528,531
112000058,514,762,-248
112000059,619,734,-115
112000061,3196,1726,1470
112000062,1558,1508,50
112000063,878,2462,-1584
112000064,3318,4595,-1277
112000065,1736,2069,-333
112000066,4348,1728,2620
112000067,755,654,101
112000068,3807,3028,779
112000069,733,1731,-998
112000070,2761,1147,1614
112000071,1208,2367,-1159
112000072,3082,942,2140
112000073,2029,2404,-375
112000074,1744,1344,400
112000075,1732,1363,369
112000076,3971,2365,1606
112000077,812,585,227
112000078,2046,815,1231
112000079,1893,1540,353
112000080,1012,857,155
112000081,1466,2323,-857
112000082,1613,803,810
112000083,710,1097,-387
112000084,1627,723,904
112000085,1391,974,417
112000086,2353,1103,1250
112000087,700,413,287
112000088,849,441,408
112000089,674,462,212
112000090,378,276,102
112000091,563,674,-111
112000092,2312,1030,1282
112000093,1676,792,884
112000094,813,835,-22
112000095,778,761,17
112000096,764,561,203
112000097,1740,745,995
112000098,957,905,52
112000099,960,2009,-1049
112000100,2318,742,1576
112000101,573,739,-166
112000102,1859,510,1349
112000103,413,738,-325
112000105,514,945,-431
112000106,2162,358,1804
112000107,18,261,-243
112000108,204,1399,-1195
112000109,88,67,21
112000110,2406,708,1698
112000111,1091,5565,-4474
112000112,4912,881,4031
112000113,920,1456,-536
112000114,3601,1083,2518
112000115,454,461,-7
112000116,776,924,-148
112000117,1214,893,321
112000118,916,725,191
112000119,461,535,-74
112000120,99,261,-162
112000121,176,266,-90
112000122,363,184,179
112000123,956,168,788
112000124,482,99,383
112000125,414,327,87
112000126,441,322,119
112000127,2623,2943,-320
112000128,1213,992,221
112000129,154,119,35
112000130,232,136,96
112000131,52,191,-139
112000132,219,197,22
112000133,543,175,368
112000134,615,305,310
112000135,2491,738,1753
112000136,1521,1446,75
112000137,2672,2592,80
112000138,2244,1659,585
112000139,1037,720,317
112000140,752,985,-233
112000141,1137,451,686
112000142,152,410,-258
112000143,1433,242,1191
112000144,295,783,-488
112000145,3259,606,2653
112000146,618,1385,-767
112000147,3200,1990,1210
112000148,1514,1872,-358
112000149,595,555,40
112000150,337,481,-144
112000151,291,256,35
112000152,528,319,209
112000153,149,201,-52
112000154,187,286,-99
112000155,125,133,-8
112000157,664,695,-31
112000158,344,310,34
112000159,724,370,354
112000167,577,154,423
112000169,290,435,-145
112000173,1027,306,721
112000175,464,343,121
112000176,2116,2097,19
112000177,1106,254,852
112000178,185,270,-85
112000179,369,81,288
112000180,318,311,7
112000181,1283,1487,-204
112000182,1634,1054,580
112000183,11,54,-43
112000184,445,316,129
112000185,709,371,338
112000187,4855,3023,1832
112000195,236,27,209
112000196,382,7,375
112000197,453,233,220
112000198,48,327,-279
112000199,1220,844,376
112000202,618,69,549
112000216,68,216,-148
112000230,166,3,163
112000231,3,203,-200
112000256,94,276,-182
112000313,86,142,-56
112000314,99,46,53
112000337,223,548,-325
112000352,250,501,-251
112000392,1527,1409,118
112000398,1808,949,859
112000399,1656,2992,-1336
112000400,1808,2009,-201
112000401,2574,1734,840
112000402,4566,4145,421
112000403,2208,3663,-1455
112000404,1302,972,330
112000405,2495,3315,-820
112000406,2640,1505,1135
112000407,9614,9348,266
112000408,7295,4570,2725
112000409,1520,3043,-1523
112000410,583,405,178
112000411,3776,2392,1384
112000412,1504,655,849
112000413,6250,7645,-1395
112000414,104,71,33
112000415,114,52,62
112000416,3313,1431,1882
112000417,413,73,340
112000421,108,71,37
112000422,353,243,110
112000424,1692,3225,-1533
112000425,475,472,3
112000426,218,348,-130
112000427,1,17,-16
112000428,359,296,63
112000429,2259,2138,121
112000430,2706,3069,-363
112000431,131,168,-37
112000432,662,911,-249
112000433,475,907,-432
112000437,55,153,-98
112900001,113,0,113
112900002,551,648,-97
112900003,95,287,-192
112900004,48,239,-191
112900005,276,121,155
112900006,26,252,-226
112900007,99,160,-61
112900008,5,77,-72
112900009,496,203,293
112900010,452,801,-349
112900011,106,193,-87
112900012,3,53,-50
112900013,4,267,-263
112900014,5,252,-247
112900015,437,654,-217
112900016,4,255,-251
112900017,34,180,-146
112900018,2,153,-151
112900019,55,162,-107
112900020,472,1045,-573
112900021,1,188,-187
112900022,20,66,-46
112900023,0,103,-103
112900024,25,167,-142
112900025,148,288,-140
112900026,0,157,-157
112900027,9,679,-670
112900028,41,111,-70
112900029,23,447,-424
112900030,82,96,-14
112900031,11,358,-347
112900032,235,235,0
112900034,3,50,-47
112900035,7,286,-279
112900036,39,182,-143
112900037,154,212,-58
112900038,908,164,744
112900039,18,292,-274
112900040,14,1030,-1016
112900041,790,1292,-502
112900042,257,226,31
112900043,72,50,22
112900044,452,432,20
112900045,228,346,-118
112900046,182,81,101
112900047,7,40,-33
112900049,405,84,321
112900050,45,679,-634
112900051,332,549,-217
112900052,7,588,-581
112900053,289,193,96
112900054,258,83,175
112900055,140,71,69
112900056,440,267,173
112900057,37,390,-353
112900058,316,401,-85
112900059,138,159,-21
112900060,39,152,-113
112900061,101,90,11
112900062,86,106,-20
112900063,97,11,86
112900064,198,229,-31
112900065,38,44,-6
112900066,384,220,164
112900067,323,143,180
112900068,93,70,23
112900069,1893,994,899
112900071,66,9,57
112900072,425,2891,-2466
112900073,643,114,529
112900074,151,332,-181
112900075,1173,1217,-44
112900076,67,41,26
112900078,406,521,-115
112900079,248,18,230
112900080,104,13,91
112900081,65,274,-209
112900082,766,22,744
112900083,140,107,33
112900084,317,157,160
112900086,180,0,180
112900087,1104,194,910
112900088,249,40,209
112900089,1113,49,1064
112900090,66,44,22
112900091,346,7,339
112900092,148,380,-232
112900093,1802,29,1773
112900095,80,0,80
112900096,692,209,483
112900097,88,296,-208
112900098,594,4,590
112900099,1073,34,1039
112900100,91,2,89
112900101,430,3,427
112900102,255,25,230
112900103,240,11,229
112900104,149,4,145
112900105,22,1,21
112900106,543,182,361
112900107,12,1,11
112900108,28,0,28
112900109,138,0,138
112900110,1495,16,1479
112900111,820,1,819
112900112,402,0,402
112900113,1,10,-9
112900114,240,51,189
112900115,1799,4,1795
112900116,122,19,103
112900117,86,38,48
112900118,32,83,-51
112900119,296,6,290
112900120,930,321,609
112900121,69,162,-93
112900122,10,83,-73
112900123,119,19,100
112900124,7,79,-72
112900125,109,563,-454
112900126,188,156,32
112900127,423,115,308
112900128,223,743,-520
112900129,3,555,-552
112900130,322,142,180
112900131,54,432,-378
112900132,102,543,-441
112900133,16,1507,-1491
112900134,0,235,-235
112900135,109,93,16
112900137,2,414,-412
112900138,12,219,-207
112900139,187,934,-747
112900141,1112,58,1054
112900142,94,181,-87
112900143,36,391,-355
112900144,2,201,-199
112900145,40,344,-304
112900146,2,790,-788
112900147,1,1064,-1063
112900148,69,3,66
112900149,271,565,-294
112900151,53,72,-19
112900152,4064,748,3316
112900153,1525,2689,-1164
112900154,6,103,-97
112900155,274,60,214
112900156,525,850,-325
112900157,415,45,370
112900158,101,14,87
112900159,301,183,118
112900160,71,266,-195
112900161,149,68,81
112900162,34,32,2
112900163,104,65,39
112900164,33,182,-149
112900165,175,32,143
112900166,27,79,-52
112900167,5,100,-95
112900168,14,5,9
112900169,9,26,-17
112900170,357,166,191
112900172,70,17,53
112900173,343,124,219
112900174,275,52,223
112900175,152,154,-2
112900176,9,132,-123
112900177,242,54,188
112900178,806,3125,-2319
112900179,32,405,-373
112900180,2755,1675,1080
112900181,802,6,796
112900182,89,653,-564
112900183,170,352,-182
112900184,528,511,17
112900185,307,926,-619
112900186,1404,1363,41
112900187,122,663,-541
112900188,777,2483,-1706
112900189,13,27,-14
112900190,21,73,-52
112900192,854,950,-96
112900193,1658,481,1177
112900194,81,63,18
112900195,1146,63,1083
112900196,230,337,-107
112900197,218,402,-184
112900199,839,393,446
112900200,791,198,593
112900201,173,74,99
112900202,428,622,-194
112900203,309,215,94
112900204,885,619,266
112900205,17,8,9
112900206,49,72,-23
112900207,23,0,23
112900208,120,343,-223
112900209,410,317,93
112900210,2,19,-17
112900211,107,79,28
112900212,2,137,-135
112900213,65,23,42
112900214,22,15,7
112900215,14,139,-125
112900216,26,55,-29
112900217,0,90,-90
112900218,84,9,75
112900219,89,4,85
112900220,64,0,64
112900221,96,95,1
112900222,20,61,-41
112900223,1387,25,1362
112900224,516,398,118
112900225,659,329,330
112900226,327,366,-39
112900227,836,679,157
112900228,96,58,38
112900229,269,42,227
112900230,8050,4450,3600
112900232,356,360,-4
112900233,60,124,-64
112900234,37,48,-11
112900235,143,24,119
112900236,426,16,410
112900237,270,176,94
112900238,10,19,-9
112900239,681,670,11
113000001,6837,4849,1988
113000002,4494,3396,1098
113000003,2024,1618,406
113000004,1821,2223,-402
113000005,2042,1028,1014
113000006,1255,1254,1
113000007,2239,1048,1191
113000008,1756,1540,216
113000009,1532,880,652
113000010,1344,1081,263
113000011,1321,1971,-650
113000012,2437,1026,1411
113000013,2726,1160,1566
113000014,1960,3779,-1819
113000015,715,695,20
113000016,889,2446,-1557
113000017,140,685,-545
113000018,561,126,435
113000019,269,420,-151
113000020,487,128,359
113000021,1233,511,722
113000022,801,1191,-390
113000025,444,2336,-1892
113000026,482,700,-218
113000027,661,763,-102
113000028,1023,994,29
113000029,1190,786,404
113000030,369,631,-262
113000031,226,293,-67
113000032,307,300,7
113000033,311,545,-234
113000034,362,293,69
113000035,62,57,5
113000036,30,52,-22
113000037,52,36,16
113000038,20,70,-50
113000039,95,464,-369
113000040,58,90,-32
113000042,717,614,103
113000051,1029,2422,-1393
113000052,2157,919,1238
113000053,605,377,228
113000054,448,734,-286
113000055,1441,485,956
113000056,1218,833,385
113000058,764,904,-140
113000059,1297,539,758
113000060,292,552,-260
113000061,650,951,-301
113000062,687,315,372
113000063,268,76,192
113000064,74,260,-186
113000065,174,565,-391
113000066,959,118,841
113000067,2766,1032,1734
113000068,464,981,-517
113000069,611,834,-223
113000070,3031,913,2118
113000071,623,640,-17
113000072,1076,459,617
113000073,455,1437,-982
113000074,1221,463,758
113000075,1890,632,1258
113000076,599,2297,-1698
113000077,1214,725,489
113000078,742,2592,-1850
113000079,782,965,-183
113000080,688,978,-290
113000081,968,1033,-65
113000082,1268,985,283
113000083,647,904,-257
113000084,1786,1342,444
113000085,1024,720,304
113000086,1681,1178,503
113000087,1498,1025,473
113000088,2396,1364,1032
113000089,974,1794,-820
113000090,339,787,-448
113000091,444,444,0
113000094,1512,256,1256
113000095,236,731,-495
113000096,151,692,-541
113000097,1219,427,792
113000098,186,41,145
113000099,2022,463,1559
113000100,141,349,-208
113000101,328,581,-253
113000102,709,514,195
113000103,1855,460,1395
113000104,658,2689,-2031
113000105,1137,560,577
113000106,343,465,-122
113000107,1214,782,432
113000108,985,1021,-36
113000109,677,1811,-1134
113000110,2484,483,2001
113000111,163,776,-613
113000112,405,360,45
113000113,1550,344,1206
113000114,382,1978,-1596
113000116,822,426,396
113000117,1117,218,899
113000118,87,704,-617
113000119,604,560,44
113000120,90,295,-205
113000121,776,1337,-561
113000124,269,120,149
113000125,108,958,-850
113000127,1914,282,1632
113000128,912,512,400
113000129,668,901,-233
113000133,1973,1802,171
113000134,7,1244,-1237
113000135,4368,5070,-702
113000137,1689,3862,-2173
113000139,435,423,12
113000140,138,275,-137
113000141,344,364,-20
113000142,647,1720,-1073
113000143,346,267,79
113000144,256,698,-442
113000145,107,107,0
113000146,170,75,95
113000147,207,73,134
113000148,257,152,105
113000149,170,133,37
113000150,629,282,347
113000151,56,45,11
113000152,49,131,-82
113000153,1440,559,881
113000154,968,1844,-876
113000155,421,851,-430
113000156,214,465,-251
113000157,318,790,-472
113000158,782,315,467
113000159,1282,911,371
113000160,767,962,-195
113000161,343,428,-85
113000162,1001,553,448
113000163,140,66,74
113000164,20,57,-37
113000166,230,159,71
113000167,55,71,-16
113000168,119,93,26
113000169,261,96,165
113000170,151,186,-35
113000171,77,98,-21
113000172,324,96,228
113000173,79,32,47
113000174,123,327,-204
113000175,460,113,347
113000176,630,232,398
113000177,236,344,-108
113000178,232,270,-38
113000179,335,306,29
113000180,904,1498,-594
113000181,1236,753,483
113000182,255,504,-249
113000183,163,714,-551
113000184,14,95,-81
113000189,463,1189,-726
113000190,789,578,211
113000192,957,3265,-2308
113000193,2986,2257,729
113000194,1118,1272,-154
113000195,2070,1611,459
113000196,235,75,160
113000197,2071,1709,362
113000198,75,557,-482
113000199,1991,569,1422
113000201,337,326,11
113000202,4479,1317,3162
113000203,182,159,23
113000204,1009,2668,-1659
113000205,18,18,0
113000206,14,28,-14
113000207,72,14,58
113000208,55,53,2
113000209,12,27,-15
113000210,7,35,-28
113000211,116,220,-104
113000212,70,27,43
113000213,81,297,-216
113000214,190,265,-75
113000234,235,650,-415
113000410,2079,439,1640
113000411,2859,4777,-1918
113000412,5384,2475,2909
113000413,2077,3190,-1113
113000414,5203,15644,-10441
113000415,2463,3051,-588
113000416,7198,3988,3210
113000417,2776,2909,-133
113000418,5528,4372,1156
113000419,2427,2483,-56
113000420,4901,7070,-2169
113000421,4843,8134,-3291
113000422,12196,12228,-32
113000423,2125,6373,-4248
113000424,3478,11109,-7631
113000425,8,109,-101
113000428,265,267,-2
113000430,68,2219,-2151
113000432,2173,175,1998
113000433,166,581,-415
113000434,30,128,-98
113000435,27,415,-388
113000436,48,840,-792
113000437,1267,23,1244
113000438,318,13,305
113000439,23,96,-73
113000440,163,42,121
113000441,242,182,60
113000442,134,103,31
113000443,368,185,183
113000444,254,134,120
113000445,164,81,83
113000446,42,89,-47
113000448,205,179,26
113000449,172,843,-671
113000450,757,2499,-1742
113000451,1194,222,972
113000452,210,485,-275
113000453,52,410,-358
113000454,572,145,427
113000455,7,400,-393
113000456,4073,2936,1137
113000468,1294,181,1113
113000469,81,278,-197
113000470,340,15,325
113000471,10,414,-404
113000472,114,260,-146
113000474,865,639,226
113000475,1634,1554,80
113000476,1836,1913,-77
113000477,4032,2002,2030
113000478,4055,4287,-232
113000479,120,170,-50
113000480,111,343,-232
113000483,0,0,0
113000484,0,0,0
113000485,0,0,0
113000486,22,5,17
113000487,0,0,0
113000488,2,3,-1
113000489,0,17,-17
113000490,0,44,-44
113000491,59,18,41
113000492,5,0,5
113000493,5,0,5
113000495,176,153,23
113000496,140,123,17
113000497,0,0,0
113000500,0,2,-2
113900001,1,179,-178
113900002,1,73,-72
113900003,0,39,-39
113900004,1,46,-45
113900005,0,70,-70
113900006,1,14,-13
113900007,73,41,32
113900008,22,0,22
113900009,71,0,71
113900010,51,0,51
113900011,80,0,80
113900012,105,0,105
113900013,153,7,146
113900014,769,0,769
113900015,0,58,-58
113900016,20,0,20
113900017,4,38,-34
113900018,353,315,38
113900019,191,46,145
113900020,174,1,173
113900022,49,0,49
113900023,39,0,39
113900024,52,36,16
113900025,332,38,294
113900026,75,1,74
113900027,13,29,-16
113900028,29,391,-362
113900029,98,139,-41
113900030,256,1,255
113900031,14,0,14
113900032,27,1,26
113900033,71,79,-8
113900035,46,1,45
113900036,21,56,-35
113900037,176,335,-159
113900038,46,144,-98
113900039,233,17,216
113900040,23,25,-2
113900041,19,7,12
113900042,89,30,59
113900043,131,79,52
113900044,618,393,225
113900045,78,3,75
113900046,588,551,37
113900047,56,119,-63
113900048,153,110,43
113900049,473,394,79
113900050,319,314,5
113900051,269,233,36
113900052,157,116,41
113900053,707,665,42
113900054,20,8,12
113900055,126,343,-217
113900056,64,166,-102
113900057,17,156,-139
113900058,97,86,11
113900059,304,199,105
113900060,205,262,-57
113900061,787,252,535
113900062,111,17,94
113900063,140,102,38
113900064,21,103,-82
113900065,567,24,543
113900066,525,201,324
113900067,258,466,-208
113900068,568,581,-13
113900069,98,54,44
113900070,173,434,-261
113900071,73,66,7
113900072,68,125,-57
113900073,352,324,28
113900074,429,1075,-646
113900075,1290,1467,-177
113900076,245,17,228
113900077,60,141,-81
113900078,51,77,-26
113900079,2,40,-38
113900080,483,201,282
113900081,67,154,-87
113900082,130,209,-79
113900083,468,263,205
113900084,254,113,141
113900085,59,201,-142
113900086,57,13,44
113900087,79,103,-24
113900088,80,63,17
113900089,463,41,422
113900090,798,364,434
113900091,20,14,6
113900092,55,72,-17
113900093,83,1007,-924
113900094,616,341,275
113900095,176,136,40
113900096,298,72,226
113900097,46,167,-121
113900098,824,106,718
113900099,2,51,-49
113900100,0,2,-2
113900101,20,93,-73
113900102,125,185,-60
113900103,326,303,23
113900104,128,195,-67
113900105,162,164,-2
113900106,0,24,-24
113900107,0,32,-32
113900108,162,272,-110
113900109,400,246,154
113900110,113,32,81
113900111,152,83,69
113900112,220,61,159
113900113,1442,436,1006
113900114,0,48,-48
113900115,0,50,-50
113900116,153,187,-34
113900117,95,19,76
113900118,223,559,-336
113900119,167,488,-321
113900120,67,40,27
113900121,92,90,2
113900122,676,2589,-1913
113900123,534,193,341
113900124,0,81,-81
113900125,803,116,687
113900126,120,50,70
113900127,308,787,-479
113900128,147,98,49
113900129,14,189,-175
113900130,12,322,-310
113900131,303,67,236
113900132,54,85,-31
113900133,33,64,-31
113900135,397,318,79
113900136,98,56,42
113900137,396,327,69
113900138,48,191,-143
113900139,235,199,36
113900140,178,520,-342
113900141,604,235,369
113900142,166,64,102
113900143,14,41,-27
113900144,228,535,-307
113900145,484,148,336
113900146,190,44,146
113900148,144,363,-219
113900149,221,106,115
113900150,392,483,-91
113900151,568,198,370
113900152,63,62,1
113900153,194,859,-665
113900154,8,123,-115
113900155,181,217,-36
113900156,259,324,-65
113900157,52,308,-256
113900158,358,940,-582
113900159,16,255,-239
113900160,773,443,330
113900161,59,246,-187
113900162,464,1491,-1027
113900163,304,283,21
113900164,312,48,264
113900165,921,337,584
113900166,144,212,-68
113900167,328,60,268
113900168,123,91,32
113900169,254,424,-170
113900171,223,86,137
113900172,17,114,-97
113900173,35,413,-378
113900174,638,704,-66
113900175,423,180,243
113900176,561,452,109
113900177,339,170,169
113900178,361,149,212
113900179,29,287,-258
113900180,170,72,98
113900181,1197,141,1056
113900182,887,802,85
113900183,55,76,-21
113900184,22,328,-306
113900185,169,76,93
113900186,70,42,28
113900187,32,135,-103
113900188,59,225,-166
113900189,310,119,191
113900190,299,112,187
113900191,114,209,-95
113900192,3,851,-848
113900193,13,165,-152
113900194,1259,849,410
113900195,271,300,-29
113900196,9,275,-266
113900197,0,134,-134
113900198,23,245,-222
113900199,141,594,-453
113900200,24,253,-229
113900201,0,130,-130
113900202,36,289,-253
113900203,0,54,-54
113900204,48,413,-365
113900205,10,151,-141
113900206,3,144,-141
113900207,0,44,-44
113900208,2,57,-55
113900209,0,68,-68
113900210,819,928,-109
113900211,224,86,138
113900212,221,304,-83
113900214,376,481,-105
113900215,58,93,-35
113900216,213,593,-380
113900217,87,171,-84
113900218,169,91,78
113900219,129,328,-199
113900220,149,120,29
113900221,407,379,28
113900222,226,637,-411
113900223,197,532,-335
113900224,58,49,9
113900225,1081,225,856
113900226,451,143,308
113900227,610,227,383
113900228,379,654,-275
113900229,77,1079,-1002
113900230,3747,4012,-265
113900231,166,142,24
113900232,93,75,18
113900233,113,73,40
113900234,439,484,-45
113900235,123,36,87
113900236,227,183,44
113900237,262,15,247
113900238,359,617,-258
113900239,67,109,-42
113900240,4,207,-203
113900241,111,70,41
113900242,59,133,-74
113900243,69,369,-300
113900244,297,196,101
113900245,1018,250,768
113900246,15,51,-36
113900247,164,451,-287
113900248,2006,2113,-107
113900249,803,498,305
113900250,74,213,-139
113900251,846,130,716
113900252,516,21,495
113900253,720,86,634
113900254,850,154,696
113900255,671,29,642
113900256,471,32,439
113900257,34,368,-334
113900258,21,312,-291
113900259,610,99,511
113900260,212,16,196
113900261,31,60,-29
113900262,119,363,-244
113900263,133,568,-435
113900264,5,338,-333
113900265,136,270,-134
113900266,34,179,-145
113900267,105,428,-323
113900268,441,478,-37
113900269,89,119,-30
113900270,315,945,-630
113900271,700,797,-97
113900273,118,15,103
113900274,91,45,46
113900275,21,81,-60
113900276,2,114,-112
113900277,190,7,183
113900278,262,195,67
113900279,195,129,66
113900280,1692,562,1130
113900281,688,1444,-756
113900282,953,810,143
113900283,418,445,-27
113900284,935,260,675
113900285,187,47,140
113900286,34,52,-18
113900287,70,53,17
113900288,3,224,-221
113900289,656,171,485
113900290,159,214,-55
113900291,111,142,-31
113900292,14,7,7
113900293,2,165,-163
113900294,602,19,583
113900295,566,437,129
113900296,1987,457,1530
113900297,2290,71,2219
113900298,17,1586,-1569
113900299,122,98,24
113900300,3770,4398,-628
113900301,726,479,247
113900302,1917,1015,902
113900303,436,636,-200
113900304,3,95,-92
113900305,138,0,138
113900306,89,2,87
113900307,56,0,56
113900308,114,152,-38
113900309,1,542,-541
113900310,0,5,-5
113900311,9,0,9
113900312,227,224,3
113900313,27,6,21
114000001,1166,2033,-867
114000002,366,320,46
114000003,48,295,-247
114000004,444,520,-76
114000005,345,183,162
114000006,2240,1738,502
114000007,775,1242,-467
114000008,1498,2008,-510
114000009,1014,282,732
114000011,3325,2063,1262
114000012,3389,1631,1758
114000013,2222,1348,874
114000014,540,258,282
114000015,2381,392,1989
114000016,326,207,119
114000017,183,452,-269
114000018,247,40,207
114000026,2461,1132,1329
114000027,4054,1980,2074
114000028,3159,2842,317
114000038,291,134,157
114000039,108,40,68
114000040,200,246,-46
114000042,227,157,70
114000043,40,74,-34
114000044,392,27,365
114000045,34,38,-4
114000046,3169,4496,-1327
114000047,15,89,-74
114000048,120,35,85
114000049,1901,1634,267
114000050,2070,1927,143
114000051,3453,1955,1498
114000052,4545,2003,2542
114000053,137,708,-571
114000054,192,784,-592
114000055,285,39,246
114000056,662,1196,-534
114000057,4276,2034,2242
114000058,370,1649,-1279
114000059,203,403,-200
114000060,548,787,-239
114000061,2619,3206,-587
114000062,1505,1970,-465
114000063,1826,1371,455
114000064,3954,4119,-165
114000065,1452,2162,-710
114000066,639,632,7
114000067,36,966,-930
114000068,609,749,-140
114000069,1114,598,516
114000070,2414,1857,557
114000071,921,537,384
114000072,643,196,447
114000073,19,40,-21
114000074,107,28,79
114000075,54,62,-8
114000076,35,57,-22
114000077,14,21,-7
114000078,547,534,13
114000079,281,20,261
114000080,84,110,-26
114000081,128,86,42
114000082,40,311,-271
114000083,78,187,-109
114000084,340,110,230
114000085,119,463,-344
114000086,250,369,-119
114000087,184,103,81
114000088,37,34,3
114000089,523,325,198
114000090,1182,971,211
114000091,1526,929,597
114000092,1251,495,756
114000093,1767,792,975
114000094,596,375,221
114000095,440,228,212
114000096,163,290,-127
114000097,138,426,-288
114000098,812,108,704
114000099,746,281,465
114000100,2101,541,1560
114000101,520,544,-24
114000102,749,273,476
114000103,176,318,-142
114000104,31,204,-173
114000105,218,112,106
114000106,780,1436,-656
114000107,459,128,331
114000108,1023,840,183
114000109,676,1308,-632
114000110,742,1087,-345
114000111,2521,934,1587
114000112,613,1366,-753
114000113,1323,567,756
114000114,1247,1034,213
114000115,2370,1149,1221
114000116,1308,1544,-236
114000117,4033,569,3464
114000118,3510,534,2976
114000119,2444,548,1896
114000120,935,626,309
114000121,483,697,-214
114000122,468,312,156
114000123,2521,339,2182
114000124,1133,274,859
114000125,836,1103,-267
114000126,2097,320,1777
114000127,476,194,282
114000128,883,374,509
114000130,578,489,89
114000131,394,108,286
114000132,769,377,392
114000133,1077,1237,-160
114000134,80,79,1
114000138,61,199,-138
114000139,541,305,236
114000144,1133,567,566
114000145,92,135,-43
114000146,89,192,-103
114000147,1626,2248,-622
114000148,1622,2004,-382
114000149,451,379,72
114000150,408,653,-245
114000151,729,1712,-983
114000152,133,29,104
114000153,700,2213,-1513
114000154,631,607,24
114000155,1447,2562,-1115
114000156,818,884,-66
114000157,238,1049,-811
114000158,1225,701,524
114000159,142,418,-276
114000160,96,436,-340
114000161,1314,3401,-2087
114000162,1309,2970,-1661
114000163,22,83,-61
114000165,574,344,230
114000166,651,456,195
114000167,2538,1530,1008
114000168,655,557,98
114000169,1569,1898,-329
114000170,1387,1356,31
114000171,1423,4366,-2943
114000174,216,470,-254
114000176,348,443,-95
114000177,1286,679,607
114000178,72,77,-5
114000179,1244,772,472
114000180,398,549,-151
114000181,1894,4455,-2561
114000182,2004,2260,-256
114000183,820,758,62
114000184,1545,833,712
114000185,1266,808,458
114000189,1620,184,1436
114000190,3835,445,3390
114000191,91,113,-22
114000192,192,997,-805
114000193,456,1658,-1202
114000194,1499,766,733
114000195,212,76,136
114000196,2,138,-136
114000197,1584,46,1538
114000198,777,370,407
114000199,1862,1905,-43
114000200,552,1254,-702
114000201,146,623,-477
114000202,1015,456,559
114000203,529,470,59
114000204,156,325,-169
114000205,256,1106,-850
114000206,722,1246,-524
114000207,522,1247,-725
114000208,463,1720,-1257
114000209,612,1585,-973
114000210,300,897,-597
114000211,1353,1503,-150
114000212,1064,817,247
114000213,1736,672,1064
114000214,118,185,-67
114000215,215,91,124
114000216,1484,530,954
114000217,452,218,234
114000218,202,185,17
114000219,1656,187,1469
114000220,28,700,-672
114000221,1064,190,874
114000222,142,793,-651
114000223,705,155,550
114000224,67,486,-419
114000225,298,492,-194
114000226,277,220,57
114000227,1086,515,571
114000228,1189,645,544
114000229,1476,1174,302
114000230,2005,1003,1002
114000231,1195,1173,22
114000232,956,159,797
114000233,2648,151,2497
114000234,1300,839,461
114000235,1317,1243,74
114000236,0,317,-317
114000237,139,654,-515
114000238,205,169,36
114000239,199,811,-612
114000240,882,786,96
114000241,348,748,-400
114000242,772,715,57
114000243,2089,837,1252
114000244,774,305,469
114000245,472,756,-284
114000246,113,50,63
114000247,785,523,262
114000248,1321,541,780
114000249,825,447,378
114000250,697,541,156
114000251,576,210,366
114000252,56,46,10
114000253,94,126,-32
114000254,68,48,20
114000255,832,285,547
114000256,940,2452,-1512
114000257,322,1094,-772
114000258,363,368,-5
114000259,115,159,-44
114000260,0,27,-27
114000261,67,56,11
114000262,352,124,228
114000263,8,1,7
114000264,1484,393,1091
114000265,0,1,-1
114000267,2,1774,-1772
114000268,2,957,-955
114000270,176,32,144
114000271,392,77,315
114000283,1551,392,1159
114000285,35,126,-91
114000288,115,282,-167
114000289,1774,132,1642
114000293,318,565,-247
114000294,362,326,36
114000395,1571,40,1531
114000396,822,612,210
114000402,700,246,454
114000403,343,235,108
114000405,213,304,-91
114000423,399,262,137
114000424,609,189,420
114000425,1012,282,730
114000426,315,920,-605
114000427,66,84,-18
114000428,171,188,-17
114000429,6,166,-160
114000432,143,102,41
114000434,10,71,-61
114000435,15,150,-135
114000436,522,184,338
114000437,211,1574,-1363
114900001,745,562,183
114900002,659,139,520
114900003,933,838,95
114900004,257,460,-203
114900005,543,598,-55
114900006,98,89,9
114900007,267,19,248
114900008,235,109,126
114900010,1476,1863,-387
114900011,219,152,67
114900013,286,121,165
114900015,104,520,-416
114900018,907,35,872
114900020,199,78,121
114900022,109,544,-435
114900024,273,161,112
114900025,576,152,424
114900026,59,158,-99
114900027,353,193,160
114900029,67,36,31
114900030,390,190,200
114900031,454,26,428
114900032,523,23,500
114900033,682,1184,-502
114900034,48,142,-94
114900035,126,272,-146
114900036,164,457,-293
114900037,140,129,11
114900038,181,499,-318
114900039,718,300,418
114900040,102,95,7
114900041,956,294,662
114900042,1083,442,641
114900043,500,213,287
114900044,224,39,185
114900046,50,119,-69
114900047,268,2517,-2249
114900048,154,201,-47
114900049,9,122,-113
114900050,71,249,-178
114900051,31,320,-289
114900052,75,246,-171
114900053,92,266,-174
114900054,34,71,-37
114900057,223,21,202
114900058,0,82,-82
114900059,102,84,18
114900060,756,693,63
114900061,120,95,25
114900062,224,305,-81
114900063,77,137,-60
114900064,1875,373,1502
114900065,470,719,-249
114900067,69,415,-346
114900068,46,118,-72
114900069,221,122,99
114900070,591,267,324
114900072,7,269,-262
114900073,1,135,-134
114900074,863,475,388
114900075,398,4,394
114900076,5,378,-373
114900080,1381,319,1062
114900082,2716,2478,238
114900083,1029,1154,-125
114900090,522,240,282
114900091,138,193,-55
114900095,355,114,241
114900096,370,536,-166
114900097,210,0,210
114900098,10,151,-141
114900099,196,8,188
115000001,4866,2917,1949
115000002,4958,5528,-570
115000003,4309,2359,1950
115000004,5774,6959,-1185
115000005,1766,1920,-154
115000006,1356,1562,-206
115000007,207,225,-18
115000008,482,618,-136
115000009,314,223,91
115000010,296,216,80
115000013,103,216,-113
115000015,72,331,-259
115000016,242,364,-122
115000019,59,491,-432
115000020,120,910,-790
115000021,229,401,-172
115000022,610,311,299
115000023,410,801,-391
115000024,939,412,527
115000025,975,746,229
115000026,166,381,-215
115000027,358,292,66
115000028,313,810,-497
115000029,814,107,707
115000030,1133,1030,103
115000031,1481,420,1061
115000032,13,271,-258
115000033,168,49,119
115000034,79,1124,-1045
115000035,1274,107,1167
115000036,0,363,-363
115000037,786,24,762
115000038,66,124,-58
115000039,3335,3664,-329
115000040,4265,2625,1640
115000041,1884,4153,-2269
115000042,902,633,269
115000043,4755,2567,2188
115000044,4153,3284,869
115000045,2727,1192,1535
115000046,3090,2579,511
115000047,2852,1415,1437
115000048,1821,1824,-3
115000049,1626,2772,-1146
115000050,3673,1732,1941
115000051,1782,3712,-1930
115000052,1771,1722,49
115000053,2241,2196,45
115000054,627,1067,-440
115000055,209,1058,-849
115000056,248,553,-305
115000057,626,1254,-628
115000058,350,476,-126
115000059,203,158,45
115000061,205,153,52
115000062,225,242,-17
115000063,587,226,361
115000064,264,97,167
115000065,99,601,-502
115000067,205,31,174
115000069,100,295,-195
115000070,34,840,-806
115000071,109,19,90
115000072,12,72,-60
115000073,1410,65,1345
115000075,120,64,56
115000076,2969,2568,401
115000077,2300,1717,583
115000078,1549,1145,404
115000079,1669,1307,362
115000080,3063,1753,1310
115000081,492,716,-224
115000082,4920,3803,1117
115000083,2144,1585,559
115000084,3007,1122,1885
115000085,939,728,211
115000086,1361,716,645
115000087,436,1285,-849
115000088,1877,657,1220
115000089,1402,1159,243
115000090,642,889,-247
115000091,237,710,-473
115000092,831,432,399
115000093,660,1,659
115000094,5761,6516,-755
115000095,4402,6960,-2558
115000096,926,1097,-171
115000097,1282,1108,174
115000098,1447,675,772
115000099,2932,2051,881
115000100,1501,299,1202
115000101,474,1175,-701
115000102,662,244,418
115000103,271,537,-266
115000105,85,140,-55
115000106,733,373,360
115000107,224,361,-137
115000108,2839,2162,677
115000109,4205,5260,-1055
115000110,1532,1868,-336
115000111,667,1427,-760
115000112,917,756,161
115000113,877,794,83
115000114,1741,709,1032
115000116,4007,2386,1621
115000117,3567,3260,307
115000118,2890,1642,1248
115000119,2288,2279,9
115000120,686,1744,-1058
115000121,1185,931,254
115000122,2651,2391,260
115000123,1340,3121,-1781
115000124,875,1142,-267
115000125,498,782,-284
115000126,181,346,-165
115000127,383,170,213
115000128,416,822,-406
115000129,359,443,-84
115000130,452,592,-140
115000131,885,247,638
115000132,302,301,1
115000133,705,240,465
115000134,472,406,66
115000135,413,140,273
115000136,322,419,-97
115000137,206,259,-53
115000138,426,300,126
115000139,275,216,59
115000140,477,238,239
115000141,250,204,46
115000142,194,225,-31
115000143,1060,645,415
115000144,539,82,457
115000145,284,227,57
115000146,479,350,129
115000147,416,355,61
115000148,347,666,-319
115000149,760,297,463
115000150,745,577,168
115000151,1522,532,990
115000152,777,748,29
115000153,1565,485,1080
115000154,1037,295,742
115000155,789,748,41
115000156,1268,761,507
115000157,776,693,83
115000158,668,402,266
115000159,653,700,-47
115000160,661,710,-49
115000161,603,434,169
115000162,723,963,-240
115000163,539,571,-32
115000164,711,603,108
115000165,481,506,-25
115000167,144,92,52
115000168,582,298,284
115000169,500,354,146
115000170,121,175,-54
115000171,287,248,39
115000172,1008,690,318
115000173,398,775,-377
115000174,181,434,-253
115000175,239,202,37
115000176,291,214,77
115000177,306,212,94
115000178,33,270,-237
115000179,64,40,24
115000180,152,452,-300
115000181,963,117,846
115000182,1127,308,819
115000183,474,627,-153
115000186,774,273,501
115000187,264,668,-404
115000188,423,440,-17
115000189,207,418,-211
115000190,663,444,219
115000191,165,596,-431
115000194,131,154,-23
115000195,361,265,96
115000196,325,98,227
115000197,270,203,67
115000198,547,156,391
115000199,393,139,254
115000200,426,114,312
115000201,164,391,-227
115000206,513,77,436
115000207,263,274,-11
115000208,334,549,-215
115000209,929,412,517
115000210,189,136,53
115000211,289,241,48
115000212,1203,356,847
115000224,432,54,378
115000225,71,90,-19
115000229,177,153,24
115000230,87,345,-258
115000231,287,984,-697
115000232,2124,285,1839
115000233,154,174,-20
115000234,33,254,-221
115000241,116,191,-75
115000242,134,194,-60
115000243,79,172,-93
115000244,17,98,-81
115000246,39,32,7
115000247,28,21,7
115000248,40,21,19
115000249,27,17,10
115000250,295,40,255
115000251,299,104,195
115000252,126,228,-102
115000253,24,429,-405
115000258,373,143,230
115000259,301,143,158
115000261,32,7,25
115000262,20,27,-7
115000263,23,46,-23
115000264,36,34,2
115000267,90,47,43
115000268,42,123,-81
115000269,123,45,78
115000270,5,6,-1
115000272,96,122,-26
115000273,481,56,425
115000280,1926,617,1309
115000281,433,1419,-986
115000282,905,1170,-265
115000284,237,157,80
115000296,1091,5,1086
115000297,128,331,-203
115000298,37,739,-702
115000300,229,185,44
115000302,685,121,564
115000303,1064,117,947
115000304,1155,63,1092
115000305,142,517,-375
115000306,290,232,58
115000307,163,212,-49
115000308,14,14,0
115000309,18,75,-57
115000310,1140,643,497
115000311,1246,1036,210
115000313,94,444,-350
115000314,519,119,400
115000315,659,475,184
115000316,79,134,-55
115000317,231,369,-138
115000318,964,360,604
115000319,91,231,-140
115000320,18,367,-349
115000321,347,12,335
115000322,54,185,-131
115000449,252,217,35
115000557,5,1794,-1789
115000558,350,130,220
115000587,710,369,341
115000588,2129,2646,-517
115000589,4003,2317,1686
115000590,1495,1508,-13
115000591,2252,820,1432
115000592,651,1995,-1344
115000593,1728,676,1052
115000594,684,2710,-2026
115000609,199,115,84
115000617,1332,3907,-2575
115000624,367,54,313
115000633,552,2041,-1489
115000634,2840,816,2024
115000635,587,89,498
115000638,608,673,-65
115000641,38,127,-89
115000642,434,286,148
115000643,118,442,-324
115000644,156,354,-198
115000646,1017,1606,-589
115000647,211,468,-257
115000648,2452,1455,997
115000893,2416,1502,914
115000894,178,951,-773
115000895,330,631,-301
115000896,1092,331,761
115000897,577,140,437
115000898,521,334,187
115000899,368,1260,-892
115000900,69,321,-252
115000901,50,156,-106
115000912,452,100,352
115000913,5,14,-9
115000915,16,0,16
115000916,24,18,6
115000917,0,7,-7
115000918,60,505,-445
115000919,8,22,-14
115000920,14,56,-42
115000921,429,114,315
115000922,666,768,-102
115000923,203,890,-687
115000925,103,133,-30
115000927,37,56,-19
115000933,148,179,-31
115000934,180,182,-2
115000935,168,73,95
115000936,82,875,-793
115000937,572,153,419
115000938,57,197,-140
115000939,30,165,-135
115900001,149,44,105
115900002,87,98,-11
115900003,191,73,118
115900004,2,48,-46
115900005,247,14,233
115900006,194,248,-54
115900008,110,9,101
115900009,96,179,-83
115900010,462,124,338
115900011,631,571,60
115900012,238,50,188
115900013,384,140,244
115900014,136,210,-74
115900015,151,37,114
115900016,123,25,98
115900017,24,8,16
115900018,181,49,132
115900019,236,15,221
115900020,136,1,135
115900021,1377,230,1147
115900022,1076,9,1067
115900023,43,12,31
115900025,47,320,-273
115900026,884,190,694
115900027,1,177,-176
115900028,544,47,497
115900029,30,351,-321
115900030,49,32,17
115900031,225,350,-125
115900032,519,575,-56
115900033,1,51,-50
115900034,31,273,-242
115900035,61,17,44
115900036,49,934,-885
115900037,37,226,-189
115900038,53,4,49
115900039,274,147,127
115900041,324,783,-459
115900042,37,8,29
115900043,110,64,46
115900044,217,356,-139
115900046,363,191,172
115900047,190,201,-11
115900049,188,157,31
115900051,4,50,-46
115900052,14,139,-125
115900053,270,151,119
115900054,326,38,288
115900055,11,88,-77
115900056,315,190,125
115900057,101,15,86
115900058,43,59,-16
115900060,270,199,71
115900061,320,4,316
115900062,60,193,-133
115900063,85,19,66
115900064,166,272,-106
115900065,131,95,36
115900066,140,93,47
115900067,18,325,-307
115900068,2213,1170,1043
115900069,53,186,-133
115900070,233,117,116
115900071,1,248,-247
115900072,43,124,-81
115900073,97,89,8
115900074,2,201,-199
115900075,31,215,-184
115900076,6,44,-38
115900077,5,171,-166
115900078,85,130,-45
115900079,218,22,196
115900080,314,193,121
115900081,32,45,-13
115900082,145,135,10
115900084,685,42,643
115900085,69,85,-16
115900086,1335,490,845
115900088,38,65,-27
115900089,459,490,-31
115900090,466,9,457
115900091,14,39,-25
115900092,73,103,-30
115900093,5,13,-8
115900094,5,181,-176
115900096,8,7,1
115900097,19,226,-207
115900098,261,300,-39
115900099,109,75,34
115900100,16,373,-357
115900101,162,205,-43
115900102,139,84,55
115900103,336,123,213
115900104,81,87,-6
115900105,371,439,-68
115900106,107,18,89
115900107,84,84,0
115900108,214,30,184
115900109,42,295,-253
115900110,2,7,-5
115900111,1,76,-75
115900112,36,716,-680
115900113,75,20,55
115900114,4,92,-88
115900115,125,220,-95
115900116,105,743,-638
115900117,122,21,101
115900118,3,245,-242
115900119,167,148,19
115900120,23,246,-223
115900121,247,200,47
115900124,363,707,-344
115900125,412,50,362
115900126,943,85,858
115900127,797,53,744
115900128,10,126,-116
115900129,774,64,710
115900130,23,199,-176
115900131,480,32,448
115900132,587,3,584
115900134,350,6,344
115900135,402,1488,-1086
115900137,28,12,16
115900139,45,112,-67
115900140,338,38,300
115900141,9,71,-62
115900142,13,32,-19
115900143,331,913,-582
115900144,108,231,-123
115900146,11,76,-65
115900147,190,259,-69
115900148,66,8,58
115900149,158,18,140
115900150,87,22,65
115900151,14,121,-107
115900152,157,286,-129
115900153,128,174,-46
115900154,441,311,130
115900155,1,42,-41
115900156,799,1047,-248
115900157,216,472,-256
115900158,24,9,15
115900159,236,213,23
115900160,9,6,3
115900161,283,209,74
115900163,272,165,107
115900164,660,18,642
115900165,1,149,-148
115900166,163,152,11
115900168,163,126,37
115900171,116,311,-195
115900172,77,153,-76
115900173,261,113,148
115900174,269,189,80
115900175,173,170,3
115900178,10,373,-363
115900179,313,18,295
115900180,20,95,-75
115900181,203,152,51
115900182,513,146,367
115900183,52,91,-39
115900184,1125,3,1122
115900187,8,116,-108
115900189,1,350,-349
115900190,337,1455,-1118
115900191,38,275,-237
115900192,21,146,-125
115900193,219,89,130
115900194,739,53,686
115900195,578,2445,-1867
115900198,227,264,-37
115900199,202,167,35
115900200,266,272,-6
115900201,373,363,10
115900202,5,93,-88
115900203,13,28,-15
115900204,1,13,-12
115900205,78,25,53
115900206,302,140,162
115900207,62,11,51
115900208,120,91,29
115900209,7,139,-132
115900210,5,136,-131
115900211,2,172,-170
115900212,217,200,17
115900213,81,115,-34
115900214,559,167,392
115900215,33,220,-187
115900216,6,103,-97
115900217,3,42,-39
115900218,12,19,-7
115900219,123,5,118
115900220,242,5,237
115900221,107,10,97
115900222,105,28,77
115900223,9,483,-474
115900224,770,1540,-770
115900225,66,70,-4
115900226,20,35,-15
115900227,12,32,-20
115900228,10,42,-32
115900229,11,51,-40
115900230,33,92,-59
115900231,127,4,123
115900232,58,2,56
115900233,103,13,90
115900234,55,34,21
115900235,39,29,10
115900236,47,39,8
115900237,24,33,-9
115900238,54,18,36
115900239,14,35,-21
115900240,14,60,-46
115900241,312,99,213
115900242,251,312,-61
115900243,5,7,-2
115900244,9,3,6
115900245,100,6,94
115900246,11,9,2
115900247,45,20,25
115900248,11,5,6
115900249,5,10,-5
115900250,11,35,-24
115900251,0,19,-19
115900252,7,2,5
115900253,17,13,4
115900254,8,25,-17
115900255,10,13,-3
115900256,22,27,-5
115900257,7,16,-9
115900258,0,2,-2
115900259,7,8,-1
115900260,11,3,8
115900261,7,4,3
115900262,5,3,2
115900263,9,0,9
115900264,13,0,13
115900265,3,6,-3
115900266,3,16,-13
115900267,14,15,-1
115900268,9,7,2
115900269,667,372,295
115900270,378,208,170
115900271,173,0,173
115900272,44,1,43
115900273,10,46,-36
115900274,0,6,-6
115900275,0,12,-12
115900276,0,11,-11
115900277,0,31,-31
115900278,67,73,-6
115900279,21,194,-173
115900280,25,458,-433
115900281,313,251,62
115900282,7,13,-6
115900283,13,23,-10
115900284,26,4,22
116000001,9224,3930,5294
116000002,5594,15061,-9467
116000003,1812,1481,331
116000004,3504,4985,-1481
116000005,1822,3160,-1338
116000006,2828,3017,-189
116000007,2988,4226,-1238
116000008,5957,3321,2636
116000009,1347,1939,-592
116000010,2869,2077,792
116000011,912,1962,-1050
116000012,2139,1399,740
116000013,6297,3545,2752
116000014,8184,14486,-6302
116000015,286,1772,-1486
116000016,5692,4501,1191
116000017,45,844,-799
116000018,767,352,415
116000019,962,361,601
116000020,680,1139,-459
116000021,601,331,270
116000022,446,339,107
116000023,1265,852,413
116000024,669,708,-39
116000025,1088,962,126
116000026,1868,2563,-695
116000027,928,628,300
116000028,514,1046,-532
116000029,665,733,-68
116000030,965,546,419
116000031,200,322,-122
116000032,451,188,263
116000033,396,458,-62
116000034,778,831,-53
116000035,335,761,-426
116000036,1350,1334,16
116000037,520,528,-8
116000038,354,582,-228
116000039,469,410,59
116000040,637,429,208
116000041,165,524,-359
116000042,645,383,262
116000043,127,791,-664
116000044,7,58,-51
116000045,2028,1581,447
116000046,1100,1790,-690
116000047,1725,2341,-616
116000048,2040,1814,226
116000049,1486,3098,-1612
116000050,1674,1300,374
116000051,7251,2570,4681
116000052,6370,4908,1462
116000053,2668,746,1922
116000054,890,2331,-1441
116000055,884,825,59
116000056,1290,1297,-7
116000057,2885,1556,1329
116000058,3173,2803,370
116000059,3036,4789,-1753
116000060,2085,1010,1075
116000061,624,1380,-756
116000062,817,245,572
116000063,745,1350,-605
116000066,310,738,-428
116000067,220,457,-237
116000068,237,325,-88
116000069,275,317,-42
116000078,721,1186,-465
116000080,2110,936,1174
116000082,4,48,-44
116000083,2201,470,1731
116000084,2193,3291,-1098
116000085,2550,2249,301
116000086,1464,888,576
116000087,2587,1990,597
116000088,859,1095,-236
116000089,199,85,114
116000090,107,174,-67
116000091,340,359,-19
116000093,1357,728,629
116000094,882,550,332
116000095,975,686,289
116000096,935,1704,-769
116000097,1224,580,644
116000098,118,8478,-8360
116000099,5986,295,5691
116000100,317,31,286
116000101,1209,708,501
116000102,255,833,-578
116000103,610,318,292
116000104,263,1043,-780
116000105,1230,145,1085
116000106,799,1041,-242
116000107,3800,332,3468
116000108,747,202,545
116000111,157,28,129
116000113,204,109,95
116000114,38,136,-98
116000115,488,144,344
116000116,264,450,-186
116000117,1836,1927,-91
116000118,1765,1193,572
116000119,4054,2003,2051
116000120,3036,3232,-196
116000121,1232,653,579
116000122,1228,1346,-118
116000123,1645,508,1137
116000124,448,833,-385
116000125,3841,857,2984
116000126,392,1263,-871
116000127,1108,924,184
116000128,2334,1006,1328
116000129,2381,407,1974
116000130,706,662,44
116000133,1493,795,698
116000134,1841,1557,284
116000135,3361,1526,1835
116000136,1025,1733,-708
116000137,1459,940,519
116000138,1117,670,447
116000139,1884,2460,-576
116000140,207,210,-3
116000141,361,544,-183
116000142,2914,2245,669
116000143,2052,2074,-22
116000144,1718,1891,-173
116000145,2178,1314,864
116000146,778,146,632
116000147,199,117,82
116000148,640,532,108
116000149,695,825,-130
116000151,552,488,64
116000153,116,380,-264
116000155,187,246,-59
116000156,946,1094,-148
116000157,93,15,78
116000158,281,323,-42
116000159,17,21,-4
116000160,12,45,-33
116000161,4,85,-81
116000162,92,135,-43
116000163,35,20,15
116000164,12,15,-3
116000177,799,121,678
116000194,122,438,-316
116000195,1297,650,647
116000196,5,1,4
116000197,5,5,0
116000198,2693,1115,1578
116000200,730,677,53
116000201,627,720,-93
116000202,14,242,-228
116000203,3,101,-98
116000204,24,49,-25
116000205,0,142,-142
116000206,9,117,-108
116000207,15,47,-32
116000233,188,344,-156
116000287,220,289,-69
116000288,324,209,115
116000292,89,51,38
116000296,28,298,-270
116000297,154,21,133
116000304,157,31,126
116000305,23,72,-49
116000346,210,67,143
116000352,92,62,30
116000354,50,37,13
116000357,8,114,-106
116000358,444,65,379
116000361,61,2,59
116000372,3734,5600,-1866
116000381,138,1,137
116000388,4,56,-52
116000389,866,595,271
116000445,615,425,190
116000446,744,482,262
116000447,12,562,-550
116000448,566,149,417
116000563,866,970,-104
116000565,55,348,-293
116000568,49,407,-358
116000579,33,119,-86
116000584,38,7,31
116000585,49,14,35
116000586,62,84,-22
116000587,540,571,-31
116000589,53,50,3
116000590,96,72,24
116000591,313,198,115
116000592,10,89,-79
116000593,0,20,-20
116000594,776,299,477
116000595,743,158,585
116000596,119,9,110
116000597,438,121,317
116000598,37,131,-94
116000602,62,473,-411
116000605,231,91,140
116000606,84,281,-197
116000607,2,10,-8
116000609,189,1157,-968
116000611,187,371,-184
116000612,1077,2087,-1010
116000613,734,310,424
116000614,420,400,20
116000615,6,473,-467
116000616,49,51,-2
116000617,175,17,158
116000618,5,52,-47
116000619,62,77,-15
116000620,145,110,35
116000621,110,139,-29
116000622,65,154,-89
116000624,323,82,241
116000627,68,18,50
116000628,88,240,-152
116000629,24,190,-166
116000630,597,58,539
116000631,184,45,139
116000632,735,193,542
116000633,74,226,-152
116000634,724,37,687
116000635,2391,2575,-184
116000636,582,1189,-607
116000637,438,13,425
116000638,40,318,-278
116900001,241,178,63
116900002,260,5,255
116900003,58,35,23
116900004,62,71,-9
116900005,355,68,287
116900006,117,424,-307
116900007,99,203,-104
116900008,499,236,263
116900009,16,2,14
116900010,6,870,-864
116900011,18,35,-17
116900012,271,202,69
116900013,0,146,-146
116900014,143,124,19
116900015,551,31,520
116900016,308,3,305
116900017,3,391,-388
116900018,111,42,69
116900019,5,192,-187
116900020,756,1404,-648
116900023,93,30,63
116900024,707,42,665
116900025,1301,693,608
116900026,92,483,-391
116900027,45,47,-2
116900028,9,130,-121
116900029,2,86,-84
116900031,0,3,-3
116900032,10,317,-307
116900033,27,4,23
116900034,15,59,-44
116900035,142,129,13
116900036,8,138,-130
116900038,30,1,29
116900041,51,18,33
116900042,400,230,170
116900043,54,36,18
116900047,30,225,-195
116900049,26,249,-223
116900050,131,370,-239
116900051,192,136,56
116900052,215,47,168
116900055,0,11,-11
116900057,16,188,-172
116900058,20,286,-266
116900059,0,113,-113
116900060,156,166,-10
116900062,2,11,-9
116900064,69,424,-355
116900065,23,96,-73
116900067,119,92,27
116900068,160,171,-11
116900070,3,6,-3
116900072,27,312,-285
116900073,17,86,-69
116900074,12,51,-39
116900076,11,36,-25
116900077,5,98,-93
116900078,169,78,91
116900079,41,205,-164
116900080,13,21,-8
116900081,452,803,-351
116900082,424,857,-433
116900083,27,46,-19
116900084,128,53,75
116900085,88,134,-46
116900086,48,137,-89
116900088,368,87,281
116900090,105,41,64
116900091,540,36,504
116900092,114,633,-519
116900093,1674,1785,-111
116900094,3170,4742,-1572
116900095,256,75,181
116900096,144,390,-246
116900097,2250,4063,-1813
116900098,766,337,429
116900099,574,870,-296
116900100,1242,60,1182
116900101,402,406,-4
116900103,5,0,5
116900104,62,85,-23
116900105,310,200,110
116900106,2686,179,2507
116900107,2633,3327,-694
116900110,10,1,9
116900111,659,572,87
116900112,303,807,-504
116900113,1730,1901,-171
116900116,80,613,-533
116900117,223,94,129
116900118,566,882,-316
116900120,506,54,452
116900121,210,16,194
116900122,1095,510,585
116900123,268,593,-325
116900124,261,852,-591
116900125,520,175,345
116900126,113,656,-543
116900128,4,43,-39
116900129,1,291,-290
116900130,504,4448,-3944
116900131,96,380,-284
116900132,62,150,-88
116900133,184,172,12
116900134,298,287,11
116900136,285,215,70
116900137,282,150,132
116900138,268,135,133
116900139,168,389,-221
116900140,206,177,29
116900141,937,393,544
116900142,4,62,-58
116900143,367,240,127
116900144,39,65,-26
116900145,74,165,-91
116900147,416,510,-94
116900148,4,38,-34
116900149,73,281,-208
116900150,20,14,6
116900151,47,17,30
116900153,175,88,87
116900154,418,630,-212
116900155,78,77,1
116900157,805,206,599
116900158,146,318,-172
116900159,67,350,-283
116900160,1187,847,340
116900161,4633,8473,-3840
116900162,15,91,-76
116900163,197,108,89
116900164,96,64,32
116900165,310,298,12
116900166,41,51,-10
116900167,621,70,551
116900168,359,78,281
116900169,433,623,-190
116900170,428,577,-149
116900171,39,175,-136
116900172,217,404,-187
116900173,259,28,231
116900174,65,42,23
116900175,201,246,-45
116900178,54,119,-65
116900179,117,397,-280
116900180,112,39,73
116900182,512,286,226
116900183,187,110,77
116900185,31,56,-25
116900186,74,167,-93
116900187,77,62,15
116900188,194,30,164
116900189,137,0,137
116900191,481,596,-115
116900192,401,126,275
116900194,192,1609,-1417
116900195,54,21,33
116900196,30,79,-49
116900197,122,18,104
116900198,164,291,-127
116900200,73,19,54
116900201,173,9,164
116900202,102,45,57
116900203,265,9,256
116900204,44,119,-75
116900206,35,7,28
116900207,33,39,-6
116900208,5,101,-96
116900209,31,77,-46
116900210,585,337,248
116900211,258,6,252
116900212,108,34,74
116900213,233,104,129
116900214,221,169,52
116900215,70,64,6
116900216,368,179,189
116900218,49,215,-166
116900219,1383,375,1008
116900220,133,299,-166
116900221,137,278,-141
116900222,477,393,84
116900223,125,291,-166
116900226,152,57,95
116900227,207,57,150
116900228,360,158,202
116900230,60,185,-125
116900231,23,286,-263
116900232,13,354,-341
116900233,366,67,299
116900234,58,14,44
116900235,137,219,-82
116900238,1289,297,992
116900239,29,1074,-1045
116900240,4756,3975,781
116900241,123,85,38
116900242,279,706,-427
116900243,15,77,-62
116900245,55,22,33
116900246,147,27,120
116900247,955,29,926
116900248,128,39,89
116900249,427,68,359
116900250,467,48,419
116900251,459,715,-256
116900252,355,827,-472
116900253,141,66,75
116900254,42,88,-46
116900255,121,83,38
116900256,430,115,315
116900257,29,288,-259
116900258,5,130,-125
116900259,263,11,252
116900260,4,58,-54
116900261,76,3,73
116900262,295,145,150
116900263,0,9,-9
116900264,2,4,-2
116900265,53,0,53
116900266,20,20,0
116900267,13,1,12
116900268,261,298,-37
116900269,359,632,-273
116900271,1273,385,888
116900272,301,209,92
116900273,120,69,51
116900274,164,56,108
116900275,184,86,98
116900276,661,210,451
116900277,427,25,402
116900278,4,5,-1
116900279,4,13,-9
116900280,43,14,29
116900281,4524,5604,-1080
116900282,11,57,-46
116900283,18,65,-47
116900284,19,181,-162
116900285,196,277,-81
116900286,187,29,158
116900287,7,36,-29
116900288,110,96,14
116900289,11,10,1
116900290,5,28,-23
116900291,20,10,10
116900292,0,26,-26
116900293,49,18,31
116900294,25,144,-119
116900295,114,77,37
116900296,59,56,3
116900297,7,75,-68
116900298,98,82,16
116900299,27,50,-23
116900300,3,62,-59
116900301,42,101,-59
116900302,26,59,-33
116900303,144,63,81
116900304,0,162,-162
116900305,11,29,-18
116900306,140,58,82
117000001,2489,1839,650
117000002,1976,3621,-1645
117000003,6904,3448,3456
117000004,3398,4641,-1243
117000005,2475,2016,459
117000006,1193,2713,-1520
117000007,4804,1199,3605
117000008,1037,2939,-1902
117000009,5731,1997,3734
117000010,2535,3292,-757
117000011,2855,1592,1263
117000012,1525,1071,454
117000013,2121,794,1327
117000014,1243,1988,-745
117000015,2376,1330,1046
117000016,225,116,109
117000017,213,135,78
117000018,129,745,-616
117000019,71,3,68
117000020,553,1879,-1326
117000021,1259,402,857
117000022,271,175,96
117000023,130,194,-64
117000024,203,269,-66
117000025,387,1257,-870
117000026,1782,1744,38
117000027,1881,5999,-4118
117000028,2497,2534,-37
117000030,365,474,-109
117000031,367,342,25
117000032,1569,1273,296
117000033,1430,707,723
117000034,441,330,111
117000035,464,431,33
117000036,494,296,198
117000037,306,235,71
117000038,196,481,-285
117000039,445,211,234
117000040,240,821,-581
117000041,1262,154,1108
117000044,8,594,-586
117000045,581,153,428
117000046,372,630,-258
117000047,869,763,106
117000048,1755,871,884
117000049,130,565,-435
117000050,255,1373,-1118
117000051,2820,115,2705
117000052,66,256,-190
117000053,833,47,786
117000054,2243,15,2228
117000055,11,2147,-2136
117000056,862,38,824
117000057,624,2233,-1609
117000060,473,1017,-544
117000061,2122,908,1214
117000062,274,588,-314
117000063,2255,1012,1243
117000064,620,596,24
117000066,887,915,-28
117000067,152,706,-554
117000074,105,229,-124
117000076,83,37,46
117000077,192,216,-24
117000078,138,603,-465
117000079,522,246,276
117000080,0,330,-330
117000081,1104,125,979
117000082,14,95,-81
117000083,183,7,176
117000084,190,1,189
117000085,423,842,-419
117000086,789,446,343
117000087,88,556,-468
117000088,330,167,163
117000089,1935,231,1704
117000090,342,1030,-688
117000091,1006,261,745
117000092,461,1031,-570
117000093,1545,743,802
117000094,1421,2162,-741
117000095,4254,916,3338
117000096,830,1864,-1034
117000097,2141,1111,1030
117000098,2270,3274,-1004
117000099,4521,1353,3168
117000100,359,400,-41
117000101,218,852,-634
117000102,2295,599,1696
117000103,798,1324,-526
117000104,1977,649,1328
117000105,832,1097,-265
117000106,1586,788,798
117000107,660,1383,-723
117000108,2192,991,1201
117000109,1353,2020,-667
117000110,1980,1405,575
117000111,3849,4114,-265
117000112,4187,1714,2473
117000113,115,231,-116
117000114,318,116,202
117000115,155,77,78
117000116,239,284,-45
117000117,1811,1192,619
117000118,310,134,176
117000119,182,226,-44
117000120,164,629,-465
117000121,62,1256,-1194
117000122,359,774,-415
117000123,1527,32,1495
117000124,387,123,264
117000125,165,141,24
117000126,56,20,36
117000127,149,354,-205
117000128,321,917,-596
117000129,307,716,-409
117000130,191,3,188
117000131,2,83,-81
117000132,4298,98,4200
117000133,2468,131,2337
117000134,0,72,-72
117000135,1,62,-61
117000136,0,23,-23
117000137,190,169,21
117000138,5,685,-680
117000140,476,1198,-722
117000141,2159,587,1572
117000181,535,244,291
117000182,516,919,-403
117000195,254,782,-528
117000196,448,163,285
117000225,98,70,28
117000226,8,106,-98
117000276,458,26,432
117000277,2,261,-259
117000310,1505,2364,-859
117000315,53,710,-657
117000320,61,0,61
117000906,486,13,473
117000907,16,226,-210
117000908,12,51,-39
117000909,46,38,8
117000910,234,257,-23
117000911,92,174,-82
117000915,4,378,-374
117000916,32,8,24
117000917,1516,60,1456
117000918,102,76,26
117000919,4,41,-37
117000920,1,1154,-1153
117000921,1,843,-842
117000922,25,68,-43
117000924,451,804,-353
117000926,598,85,513
117000927,989,1398,-409
117000928,0,96,-96
117000929,261,280,-19
117000930,270,14,256
117000931,238,247,-9
117900002,93,427,-334
117900003,744,561,183
117900005,21,40,-19
117900006,0,104,-104
117900007,156,105,51
117900008,0,41,-41
117900010,323,50,273
117900011,29,138,-109
117900012,64,72,-8
117900013,1,160,-159
117900014,481,87,394
117900015,18,106,-88
117900016,1160,1092,68
117900017,548,177,371
117900018,124,164,-40
117900019,617,147,470
117900020,122,459,-337
117900021,33,58,-25
117900022,48,15,33
117900023,793,122,671
117900024,47,56,-9
117900025,65,10,55
117900026,479,175,304
117900028,50,5,45
117900029,286,426,-140
117900030,546,245,301
117900031,167,86,81
117900032,1279,576,703
117900033,316,404,-88
117900034,63,26,37
117900035,272,127,145
117900036,283,289,-6
117900037,242,112,130
117900038,40,252,-212
117900039,5,50,-45
117900040,217,333,-116
117900041,7,78,-71
117900042,3526,352,3174
117900043,15,57,-42
117900044,18,3262,-3244
117900045,220,113,107
117900048,432,203,229
117900049,199,359,-160
117900050,7,97,-90
117900051,26,1,25
117900052,100,515,-415
117900053,1960,544,1416
117900054,0,46,-46
117900055,310,182,128
117900056,172,89,83
117900057,1262,1238,24
117900058,35,41,-6
117900059,310,107,203
117900060,3421,4275,-854
117900061,17,187,-170
117900063,462,182,280
117900065,762,1218,-456
117900066,21,79,-58
117900067,600,148,452
117900069,918,244,674
117900070,185,59,126
117900071,116,99,17
117900073,668,220,448
117900074,86,113,-27
117900075,67,63,4
117900076,20,59,-39
117900077,640,217,423
117900078,556,957,-401
117900080,111,29,82
117900081,517,395,122
117900082,608,456,152
117900083,506,343,163
117900086,160,26,134
117900087,173,56,117
117900088,2700,1674,1026
117900089,2932,933,1999
117900090,465,335,130
117900091,116,149,-33
117900092,102,22,80
117900093,104,48,56
117900094,58,38,20
117900095,325,302,23
117900096,117,250,-133
117900097,714,88,626
117900098,42,22,20
117900099,171,192,-21
117900100,434,2,432
117900101,583,2361,-1778
117900102,115,42,73
117900103,98,4,94
117900104,12,136,-124
117900105,149,215,-66
117900106,124,36,88
117900107,63,1,62
117900109,794,527,267
117900110,193,2,191
117900111,612,51,561
117900112,78,14,64
117900113,2039,2281,-242
117900114,40,0,40
117900115,183,70,113
117900116,876,685,191
117900117,762,290,472
117900118,139,1,138
117900119,301,147,154
117900120,287,36,251
117900121,284,111,173
117900122,1352,5770,-4418
117900123,776,303,473
117900124,763,679,84
117900125,2235,2055,180
117900126,213,502,-289
117900127,462,311,151
117900128,437,464,-27
117900129,113,0,113
117900130,1114,441,673
117900131,1,132,-131
117900132,32,97,-65
117900133,15,97,-82
117900134,149,383,-234
117900135,28,201,-173
117900136,0,33,-33
117900137,46,308,-262
117900138,0,35,-35
117900139,190,126,64
117900140,2497,172,2325
117900141,146,172,-26
117900142,40,62,-22
117900144,48,218,-170
117900145,46,34,12
117900146,156,179,-23
117900147,77,43,34
117900148,2456,2073,383
117900149,182,248,-66
117900150,51,61,-10
117900151,37,67,-30
117900152,94,50,44
117900153,16,113,-97
117900154,512,486,26
117900156,934,795,139
117900157,104,563,-459
117900158,428,227,201
117900160,951,864,87
117900161,2452,1870,582
117900162,586,377,209
117900163,39,162,-123
117900165,0,15,-15
117900166,124,496,-372
117900168,53,234,-181
117900169,1,102,-101
117900170,1,24,-23
117900171,3,15,-12
117900172,17,16,1
117900173,176,98,78
117900174,40,56,-16
117900175,11,34,-23
117900176,19,31,-12
117900177,46,42,4
117900178,130,41,89
117900180,274,76,198
117900181,64,435,-371
117900182,4,44,-40
117900183,101,220,-119
117900184,15,77,-62
117900185,60,49,11
117900186,57,19,38
117900187,27,17,10
117900188,259,52,207
117900189,95,41,54
117900190,26,0,26
117900191,83,1,82
117900192,289,17,272
117900193,15,52,-37
117900194,6,9,-3
117900195,39,85,-46
117900196,45,29,16
117900207,235,160,75
117900208,27,31,-4
117900209,156,161,-5
117900210,154,253,-99
117900211,8,198,-190
117900212,145,121,24
117900213,41,5,36
117900214,1,33,-32
117900215,36,70,-34
117900216,21,27,-6
117900217,47,370,-323
117900218,77,149,-72
117900219,5,118,-113
117900220,85,140,-55
117900222,166,286,-120
117900223,159,331,-172
118000001,918,1073,-155
118000002,788,1764,-976
118000003,1967,3483,-1516
118000004,1721,1817,-96
118000005,4435,6240,-1805
118000006,4107,9366,-5259
118000007,5205,4621,584
118000008,3197,4273,-1076
118000009,1688,3493,-1805
118000010,6318,3858,2460
118000011,1841,1861,-20
118000012,1183,1767,-584
118000013,2155,2148,7
118000014,2127,2116,11
118000016,228,224,4
118000017,594,453,141
118000018,468,428,40
118000019,2322,1636,686
118000020,1023,4029,-3006
118000021,605,3585,-2980
118000022,1497,999,498
118000023,751,292,459
118000024,1257,1612,-355
118000027,11318,13981,-2663
118000029,840,881,-41
118000032,894,4123,-3229
118000033,2776,6922,-4146
118000034,4483,2625,1858
118000035,2027,3518,-1491
118000036,1040,1528,-488
118000037,843,867,-24
118000038,318,120,198
118000039,105,226,-121
118000040,1897,1276,621
118000041,3067,1274,1793
118000045,379,240,139
118000046,1306,901,405
118000047,803,1061,-258
118000048,2032,2220,-188
118000051,3611,2364,1247
118000052,2779,1498,1281
118000053,378,974,-596
118000054,1519,1928,-409
118000055,1689,2067,-378
118000056,332,537,-205
118000057,373,593,-220
118000058,2915,2005,910
118000059,1924,1307,617
118000060,1604,627,977
118000061,1432,1297,135
118000062,793,376,417
118000063,571,779,-208
118000064,946,1167,-221
118000065,2909,1837,1072
118000066,1053,1726,-673
118000067,817,915,-98
118000068,1341,5125,-3784
118000069,2205,1095,1110
118000070,4519,1913,2606
118000071,3100,7404,-4304
118000072,1136,1567,-431
118000073,892,765,127
118000074,582,496,86
118000075,653,374,279
118000076,1445,3535,-2090
118000077,1139,1209,-70
118000078,1811,2466,-655
118000079,335,612,-277
118000080,842,853,-11
118000081,1949,1323,626
118000082,295,1277,-982
118000083,1640,1639,1
118000084,2722,1893,829
118000086,266,597,-331
118000087,4052,2596,1456
118000088,1870,1758,112
118000089,3759,2580,1179
118000090,3081,3185,-104
118000091,1005,3043,-2038
118000092,998,559,439
118000093,92,686,-594
118000096,532,618,-86
118000097,812,625,187
118000098,269,162,107
118000099,711,621,90
118000101,1499,372,1127
118000102,434,873,-439
118000107,1286,499,787
118000108,670,2863,-2193
118000110,0,25,-25
118000111,1,182,-181
118000112,642,8,634
118000113,1,296,-295
118000114,662,30,632
118000115,13,9,4
118000116,21,0,21
118000117,865,673,192
118000118,1127,1092,35
118000119,1068,1220,-152
118000120,1600,1104,496
118000121,83,654,-571
118000122,1294,389,905
118000123,64,253,-189
118000125,1364,845,519
118000126,822,1721,-899
118000127,1827,767,1060
118000128,491,1130,-639
118000129,1297,507,790
118000130,1960,2666,-706
118000131,513,659,-146
118000132,3636,2757,879
118000133,1117,464,653
118000135,710,538,172
118000136,121,406,-285
118000137,679,117,562
118000138,407,473,-66
118000139,515,99,416
118000140,3093,5627,-2534
118000141,2683,1734,949
118000142,2137,1441,696
118000143,2961,1393,1568
118000144,1240,603,637
118000145,2025,1309,716
118000146,1351,637,714
118000147,965,1127,-162
118000148,570,1171,-601
118000149,1050,761,289
118000150,619,266,353
118000151,721,450,271
118000153,1646,1172,474
118000154,1564,1388,176
118000155,1660,1383,277
118000156,1876,2736,-860
118000157,742,441,301
118000158,238,417,-179
118000159,39,134,-95
118000160,657,344,313
118000161,509,623,-114
118000162,1975,881,1094
118000163,1106,859,247
118000164,2014,1375,639
118000168,840,1003,-163
118000169,971,958,13
118000170,3407,4125,-718
118000171,377,739,-362
118000172,107,259,-152
118000173,1056,1156,-100
118000175,300,432,-132
118000176,343,463,-120
118000177,311,636,-325
118000178,47,24,23
118000179,1225,1540,-315
118000180,986,707,279
118000181,734,284,450
118000182,267,280,-13
118000183,242,333,-91
118000184,1192,605,587
118000185,1383,1535,-152
118000186,1011,1377,-366
118000187,1649,512,1137
118000188,900,176,724
118000189,998,606,392
118000190,12,23,-11
118000191,30,21,9
118000192,243,279,-36
118000193,211,374,-163
118000194,1406,958,448
118000195,433,1597,-1164
118000196,238,250,-12
118000197,125,178,-53
118000198,414,922,-508
118000199,508,479,29
118000200,119,235,-116
118000201,407,531,-124
118000202,46,82,-36
118000203,480,736,-256
118000204,102,561,-459
118000205,181,326,-145
118000206,296,203,93
118000207,0,45,-45
118000208,1581,1618,-37
118000209,2234,1178,1056
118000210,111,38,73
118000211,26,33,-7
118000213,1514,2366,-852
118000214,514,726,-212
118000215,408,121,287
118000216,2433,2288,145
118000217,41,93,-52
118000218,86,69,17
118000219,394,287,107
118000220,5,44,-39
118000221,369,419,-50
118000222,103,5,98
118000223,58,81,-23
118000224,172,91,81
118000225,99,558,-459
118000226,1002,193,809
118000227,806,532,274
118000228,144,265,-121
118000229,135,92,43
118000230,140,171,-31
118000231,119,213,-94
118000232,852,611,241
118000233,1366,828,538
118000234,602,211,391
118000236,491,261,230
118000237,100,334,-234
118000238,320,127,193
118000239,396,283,113
118000240,316,138,178
118000241,229,174,55
118000242,550,393,157
118000243,332,155,177
118000244,112,105,7
118000246,3,24,-21
118000255,104,274,-170
118000256,156,147,9
118000259,12,60,-48
118000260,220,61,159
118000261,31,43,-12
118000263,149,176,-27
118000266,126,206,-80
118000267,0,122,-122
118000268,244,5,239
118000270,127,30,97
118000271,182,205,-23
118000272,96,32,64
118000273,229,77,152
118000274,70,221,-151
118000276,569,380,189
118000295,17,149,-132
118000298,188,262,-74
118000299,37,108,-71
118000301,0,70,-70
118000302,138,47,91
118000311,712,107,605
118000312,373,155,218
118000313,84,120,-36
118000314,109,34,75
118000315,59,39,20
118000316,852,405,447
118000325,73,53,20
118000326,63,50,13
118000331,42,36,6
118000332,25,24,1
118000333,34,61,-27
118000335,484,2,482
118000336,0,166,-166
118000407,256,69,187
118000457,15,40,-25
118000465,2112,4169,-2057
118000480,42,75,-33
118000489,49,576,-527
118000490,34,198,-164
118000492,317,191,126
118000510,38,28,10
118000514,125,256,-131
118000515,805,752,53
118000517,404,201,203
118000524,358,380,-22
118000525,738,675,63
118000530,26,151,-125
118000531,436,260,176
118000532,235,193,42
118000533,340,128,212
118000534,581,359,222
118000535,422,150,272
118000536,447,1828,-1381
118000537,22,158,-136
118000538,37,72,-35
118000539,41,117,-76
118000540,363,181,182
118000541,217,87,130
118000542,145,239,-94
118000543,258,213,45
118000546,66,33,33
118000560,1866,2731,-865
118000562,51,107,-56
118000563,1315,1152,163
118000576,171,88,83
118000577,138,129,9
118000578,125,84,41
118000579,474,1297,-823
118000595,265,73,192
118000596,0,64,-64
118000597,130,68,62
118000598,16,2,14
118000599,73,30,43
118000600,3,29,-26
118000601,20,0,20
118000602,0,52,-52
118000603,0,18,-18
118900001,566,1300,-734
118900002,703,966,-263
118900003,529,20,509
118900004,39,49,-10
118900005,95,4,91
118900006,174,5,169
118900007,11,5,6
118900008,1461,80,1381
118900009,97,67,30
118900010,42,10,32
118900011,204,29,175
118900012,511,177,334
118900013,556,236,320
118900015,319,46,273
118900016,15,9,6
118900017,230,276,-46
118900018,1125,50,1075
118900019,43,15,28
118900020,236,150,86
118900021,201,385,-184
118900022,160,96,64
118900023,169,76,93
118900024,129,155,-26
118900025,48,37,11
118900026,81,77,4
118900027,489,192,297
118900028,184,156,28
118900029,335,507,-172
118900030,506,54,452
118900031,187,73,114
118900032,222,144,78
118900033,371,438,-67
118900034,236,20,216
118900035,207,149,58
118900036,1496,721,775
118900037,451,297,154
118900038,448,145,303
118900039,742,207,535
118900040,234,199,35
118900041,823,186,637
118900042,263,76,187
118900045,439,174,265
118900046,930,448,482
118900047,470,291,179
118900048,193,253,-60
118900049,79,41,38
118900050,48,60,-12
118900051,81,114,-33
118900052,357,248,109
118900053,19,95,-76
118900054,155,59,96
118900055,125,82,43
118900056,34,373,-339
118900057,888,542,346
118900058,478,372,106
118900059,21,89,-68
118900060,67,113,-46
118900062,370,233,137
118900064,444,735,-291
118900065,57,159,-102
118900066,84,101,-17
118900067,3647,4682,-1035
118900068,3,249,-246
118900069,498,245,253
118900071,16,69,-53
118900072,479,324,155
118900073,239,108,131
118900074,167,117,50
118900075,73,61,12
118900076,227,83,144
118900077,334,207,127
118900078,33,17,16
118900079,48,146,-98
118900080,62,127,-65
118900081,62,29,33
118900082,1112,150,962
118900083,45,4,41
118900084,27,13,14
118900085,724,645,79
118900086,39,117,-78
118900087,43,367,-324
118900088,0,9,-9
118900089,20,25,-5
118900090,478,312,166
118900091,226,232,-6
118900092,262,83,179
118900093,103,32,71
118900096,37,24,13
118900097,283,407,-124
118900099,122,180,-58
118900100,146,209,-63
118900101,150,378,-228
118900102,77,127,-50
118900103,101,164,-63
118900104,375,142,233
118900105,222,103,119
118900107,106,45,61
118900108,131,138,-7
118900110,1141,924,217
118900111,555,450,105
118900112,96,149,-53
118900113,101,337,-236
118900114,38,61,-23
118900115,150,401,-251
118900116,133,185,-52
118900117,103,188,-85
118900118,407,282,125
118900119,141,134,7
118900120,120,250,-130
118900121,17,101,-84
118900122,8,1088,-1080
118900123,145,232,-87
118900124,123,135,-12
118900126,29,399,-370
118900129,308,222,86
118900130,63,234,-171
118900131,186,229,-43
118900132,394,200,194
118900133,29,114,-85
118900135,259,204,55
118900136,192,394,-202
118900137,2,27,-25
118900139,247,261,-14
118900140,465,455,10
118900141,69,113,-44
118900144,137,248,-111
118900145,16,126,-110
118900146,346,542,-196
118900147,208,173,35
118900148,72,32,40
118900150,172,610,-438
118900152,654,611,43
118900157,101,191,-90
118900158,173,68,105
118900159,5,118,-113
118900161,57,11,46
118900163,90,83,7
118900164,4,114,-110
118900165,67,137,-70
118900166,64,1,63
118900167,99,134,-35
118900168,20,202,-182
118900169,151,211,-60
118900170,271,111,160
118900171,50,97,-47
118900174,71,53,18
118900175,490,437,53
118900176,185,216,-31
118900177,97,48,49
118900178,81,130,-49
118900179,0,31,-31
118900181,143,80,63
118900182,137,51,86
118900183,26,140,-114
118900184,364,106,258
118900185,123,91,32
118900186,112,123,-11
118900187,247,243,4
118900188,336,218,118
118900189,27,940,-913
118900190,21,247,-226
118900191,272,34,238
118900192,337,12,325
118900193,773,11,762
118900195,284,550,-266
118900196,31,105,-74
118900197,193,35,158
118900198,45,25,20
118900199,111,36,75
118900200,38,14,24
118900201,43,52,-9
118900202,16,61,-45
118900203,23,16,7
118900204,18,19,-1
118900205,2,9,-7
118900206,5,6,-1
119000001,1434,1770,-336
119000002,5024,3155,1869
119000003,3262,945,2317
119000004,2923,1371,1552
119000005,2064,2028,36
119000006,3537,1625,1912
119000007,4201,3755,446
119000008,1947,1842,105
119000009,3975,6181,-2206
119000010,5523,4871,652
119000011,3853,3651,202
119000012,2640,4116,-1476
119000013,3200,2091,1109
119000014,1784,2554,-770
119000019,406,195,211
119000020,2830,1853,977
119000021,5670,2838,2832
119000022,2279,3765,-1486
119000023,309,268,41
119000024,2470,15262,-12792
119000025,5004,1377,3627
119000026,236,570,-334
119000027,226,480,-254
119000028,1670,817,853
119000029,129,353,-224
119000030,638,1000,-362
119000031,1055,703,352
119000032,3324,2657,667
119000033,2388,1345,1043
119000034,1228,959,269
119000035,34,285,-251
119000036,2098,653,1445
119000037,1424,1237,187
119000038,186,656,-470
119000039,432,386,46
119000040,850,981,-131
119000041,957,1728,-771
119000048,2929,2264,665
119000049,2069,1575,494
119000050,1742,1527,215
119000051,2393,871,1522
119000052,1772,2665,-893
119000053,2196,1031,1165
119000054,3926,2369,1557
119000055,5999,2754,3245
119000056,3451,1980,1471
119000057,1667,1532,135
119000058,2238,1480,758
119000059,1428,1376,52
119000060,1980,1183,797
119000061,1241,785,456
119000062,1400,1253,147
119000063,771,510,261
119000064,1039,1227,-188
119000065,2127,3916,-1789
119000066,3110,1274,1836
119000067,2030,1748,282
119000068,2038,1064,974
119000069,1643,2096,-453
119000070,3558,786,2772
119000071,714,688,26
119000072,5267,3583,1684
119000073,5912,8359,-2447
119000074,1533,1728,-195
119000075,3365,2300,1065
119000076,506,1753,-1247
119000077,921,974,-53
119000078,560,435,125
119000079,199,1134,-935
119000080,437,340,97
119000081,513,1044,-531
119000082,1280,370,910
119000083,717,424,293
119000084,342,681,-339
119000085,1276,226,1050
119000086,526,525,1
119000087,1585,735,850
119000088,558,256,302
119000089,117,226,-109
119000090,164,166,-2
119000091,127,516,-389
119000092,726,213,513
119000093,3556,2160,1396
119000094,3924,4981,-1057
119000095,2205,2542,-337
119000097,1907,1052,855
119000098,1106,3730,-2624
119000099,2491,1297,1194
119000100,4887,3148,1739
119000101,5656,2489,3167
119000102,835,1287,-452
119000103,1560,703,857
119000104,2061,1152,909
119000105,1229,2357,-1128
119000106,358,1049,-691
119000107,1313,519,794
119000108,433,728,-295
119000109,220,1352,-1132
119000110,674,1228,-554
119000111,68,1099,-1031
119000112,237,243,-6
119000113,2868,507,2361
119000114,1243,1269,-26
119000115,154,137,17
119000116,90,127,-37
119000117,214,398,-184
119000118,5,4,1
119000123,4158,1951,2207
119000124,990,189,801
119000125,4474,607,3867
119000126,1054,564,490
119000127,667,429,238
119000128,37,2,35
119000131,1158,505,653
119000132,1,3,-2
119000133,1,11,-10
119000134,1614,530,1084
119000135,176,244,-68
119000136,302,174,128
119000137,334,245,89
119000138,591,271,320
119000139,373,186,187
119000140,357,396,-39
119000284,1178,2542,-1364
119000285,1996,1785,211
119000286,6462,4758,1704
119000287,1349,1773,-424
119000288,2105,994,1111
119000289,1461,2221,-760
119000290,206,401,-195
119000291,8,181,-173
119000293,182,185,-3
119000294,72,40,32
119000295,1270,319,951
119000296,357,122,235
119000302,1707,1316,391
119000303,56,132,-76
119000314,1587,11697,-10110
119000315,1,273,-272
119000316,174,85,89
119000317,116,192,-76
119900001,278,1322,-1044
119900002,219,262,-43
119900003,35,765,-730
119900004,313,1409,-1096
119900005,284,120,164
119900006,232,392,-160
119900007,1397,307,1090
119900008,164,53,111
119900009,664,574,90
119900010,1786,2213,-427
119900011,24,144,-120
119900012,13,131,-118
119900013,2720,1792,928
119900014,695,359,336
119900015,149,45,104
119900016,77,90,-13
119900017,65,40,25
119900018,1846,1125,721
119900019,64,12,52
119900020,166,182,-16
119900021,274,122,152
119900022,118,922,-804
119900023,521,1728,-1207
119900025,246,34,212
119900026,719,173,546
119900027,106,14,92
119900028,272,165,107
119900029,8,5,3
119900030,844,439,405
119900031,78,466,-388
119900033,2490,371,2119
119900034,519,89,430
119900037,248,38,210
119900038,66,465,-399
119900039,49,31,18
119900040,114,15,99
119900041,170,32,138
119900042,402,195,207
119900043,89,110,-21
119900044,230,998,-768
119900046,198,54,144
119900047,449,119,330
119900048,39,42,-3
119900049,173,20,153
119900050,185,385,-200
119900051,680,14,666
119900052,65,39,26
119900053,321,144,177
119900054,179,11,168
119900055,1598,459,1139
119900057,291,70,221
119900058,378,2,376
119900059,149,45,104
119900060,411,46,365
119900062,133,25,108
119900063,9,46,-37
119900064,551,72,479
119900065,342,6,336
119900066,0,1,-1
119900067,171,32,139
119900068,601,2,599
119900069,152,30,122
119900070,1149,9,1140
119900071,974,46,928
119900073,1626,606,1020
119900074,46,80,-34
119900075,3442,2524,918
119900076,1008,338,670
119900077,1039,607,432
119900078,704,838,-134
119900079,401,191,210
119900080,1904,1044,860
119900081,351,23,328
119900082,1850,319,1531
119900083,449,179,270
119900084,762,404,358
119900085,59,46,13
119900087,623,473,150
119900088,52,50,2
119900089,57,413,-356
119900090,150,66,84
119900091,36,674,-638
119900092,91,357,-266
119900093,1436,236,1200
119900094,37,238,-201
119900095,223,107,116
119900096,49,140,-91
119900097,470,209,261
119900098,76,55,21
119900099,25,226,-201
119900100,1572,3014,-1442
119900101,177,2241,-2064
119900102,41,250,-209
119900103,49,272,-223
119900104,54,224,-170
119900105,1542,7450,-5908
119900106,13,162,-149
119900107,357,1937,-1580
119900108,6571,759,5812
119900109,11,141,-130
119900110,1080,405,675
119900111,186,216,-30
119900112,1111,575,536
119900113,77,216,-139
119900114,315,948,-633
119900115,469,721,-252
119900116,136,447,-311
119900117,383,588,-205
119900118,143,627,-484
119900119,344,167,177
119900120,917,538,379
119900121,458,668,-210
119900122,448,304,144
119900123,238,233,5
119900124,241,589,-348
119900125,49,280,-231
119900126,4503,405,4098
119900127,1722,967,755
119900128,474,473,1
119900129,241,420,-179
119900130,10,199,-189
119900131,49,204,-155
119900132,7,159,-152
119900133,76,98,-22
119900134,1223,194,1029
119900135,1,264,-263
119900136,160,279,-119
119900138,307,508,-201
119900139,46,135,-89
119900140,8,150,-142
119900141,112,781,-669
119900142,28,52,-24
119900143,34,312,-278
119900144,1342,244,1098
119900145,100,137,-37
119900146,218,231,-13
119900147,2,166,-164
119900148,336,57,279
119900149,812,5709,-4897
119900150,161,105,56
119900151,2258,984,1274
119900152,150,196,-46
119900153,246,82,164
119900154,49,181,-132
119900155,47,33,14
119900156,21,2,19
119900157,202,181,21
119900158,246,86,160
119900159,2,943,-941
119900160,34,157,-123
119900161,206,172,34
119900162,1296,1338,-42
119900163,100,179,-79
119900164,1,0,1
119900165,197,140,57
119900166,158,116,42
119900167,90,108,-18
119900168,1106,519,587
119900169,83,328,-245
119900170,250,283,-33
119900171,1007,415,592
119900172,160,28,132
119900173,12,334,-322
119900174,8,189,-181
119900175,1767,652,1115
119900177,11,208,-197
119900178,14,144,-130
119900179,127,746,-619
119900180,1244,1083,161
119900181,72,131,-59
119900182,9,283,-274
119900183,152,474,-322
119900184,1619,463,1156
119900185,83,273,-190
119900186,75,1264,-1189
119900187,13,360,-347
119900188,140,304,-164
119900189,497,517,-20
119900190,112,390,-278
119900191,288,251,37
119900192,68,155,-87
119900193,545,210,335
119900194,41,66,-25
119900195,54,162,-108
119900196,1039,375,664
119900197,295,213,82
119900198,266,244,22
119900199,148,31,117
119900200,885,601,284
119900201,364,212,152
119900202,132,325,-193
119900203,261,688,-427
119900204,367,235,132
119900205,959,435,524
119900206,256,165,91
119900208,251,197,54
119900209,595,1502,-907
119900210,47,23,24
119900211,93,9,84
119900212,192,218,-26
119900213,3,90,-87
119900214,34,68,-34
119900215,57,57,0
119900216,23,43,-20
119900217,12,50,-38
119900218,31,45,-14
119900219,6,76,-70
119900220,4,64,-60
119900221,39,151,-112
119900222,12,140,-128
119900223,31,46,-15
119900224,13,25,-12
119900225,689,42,647
119900226,474,2377,-1903
119900227,888,341,547
119900228,125,301,-176
119900229,342,398,-56
119900230,1245,515,730
119900231,368,188,180
119900232,309,138,171
119900233,99,10,89
119900234,46,144,-98
119900235,13,90,-77
119900236,23,158,-135
119900237,75,429,-354
119900238,33,76,-43
119900240,86,150,-64
119900241,179,236,-57
119900242,1415,1936,-521
119900244,638,1499,-861
119900245,114,152,-38
119900246,365,748,-383
119900247,38,138,-100
119900248,96,306,-210
119900249,349,157,192
119900253,1960,372,1588
119900254,123,863,-740
119900255,155,938,-783
119900256,1167,772,395
119900257,84,4,80
119900258,275,29,246
119900259,11,120,-109
119900260,207,15,192
119900261,579,190,389
119900262,0,164,-164
119900263,1119,344,775
119900264,172,139,33
119900265,1079,341,738
119900266,509,235,274
119900267,261,371,-110
119900268,214,134,80
119900269,1851,1237,614
119900271,37,94,-57
119900272,414,274,140
119900275,196,70,126
119900276,70,0,70
119900277,17,3,14
119900278,299,111,188
119900279,206,339,-133
119900280,649,146,503
119900281,0,330,-330
119900282,73,125,-52
119900283,39,176,-137
119900284,84,275,-191
119900285,29,106,-77
119900286,3,26,-23
119900288,2,16,-14
119900289,0,28,-28
119900290,3,22,-19
119900291,1,94,-93
119900292,53,31,22
119900293,33,6,27
119900294,29,2,27
119900295,0,0,0
119900296,0,0,0
119900299,73,148,-75
119900300,361,188,173
119900301,124,227,-103
119900302,153,120,33
119900303,363,184,179
119900304,245,45,200
119900305,4,109,-105
119900306,31,4,27
119900307,108,87,21
119900308,9,19,-10
119900309,101,160,-59
119900310,320,258,62
119900311,161,107,54
119900312,125,79,46
119900313,292,336,-44
119900314,230,478,-248
119900315,2347,1541,806
119900318,30,54,-24
119900319,50,193,-143
119900320,440,403,37
119900321,113,11,102
119900322,15,78,-63
119900323,2,73,-71
119900324,5,27,-22
119900325,166,200,-34
119900326,47,77,-30
120000001,6153,18355,-12202
120000002,2702,2346,356
120000003,3151,1635,1516
120000004,2587,1604,983
120000005,3497,2017,1480
120000006,1324,1158,166
120000007,3181,3159,22
120000008,969,1141,-172
120000009,2002,1022,980
120000010,2129,2121,8
120000011,1207,1340,-133
120000012,1739,2282,-543
120000013,3515,2858,657
120000014,851,1490,-639
120000015,2766,1504,1262
120000016,4125,2106,2019
120000017,4020,2900,1120
120000018,3633,14648,-11015
120000019,1140,1520,-380
120000020,3395,3776,-381
120000021,2049,2275,-226
120000022,3054,4222,-1168
120000023,1174,1894,-720
120000024,1690,2795,-1105
120000025,2940,1782,1158
120000026,2557,1698,859
120000027,2517,2298,219
120000028,1088,2173,-1085
120000029,3867,2403,1464
120000030,670,1386,-716
120000031,2659,8613,-5954
120000032,7533,3789,3744
120000033,5671,1635,4036
120000034,2790,1566,1224
120000035,2401,1880,521
120000036,3631,5159,-1528
120000037,721,1631,-910
120000038,5791,3944,1847
120000039,1010,916,94
120000040,214,750,-536
120000041,1821,1565,256
120000042,2483,2132,351
120000043,5981,1437,4544
120000044,6360,1798,4562
120000045,7261,1124,6137
120000046,4479,3401,1078
120000047,893,7944,-7051
120000048,7020,4300,2720
120000049,3838,2821,1017
120000050,4095,3675,420
120000051,2975,4311,-1336
120000052,7566,2214,5352
120000053,1507,1734,-227
120000054,1527,3072,-1545
120000055,2039,4121,-2082
120000056,6114,3875,2239
120000057,4896,1311,3585
120000058,3676,1956,1720
120000059,10,2082,-2072
120000061,116,640,-524
120000062,263,370,-107
120000063,1431,2320,-889
120000064,238,901,-663
120000065,649,1200,-551
120000066,423,567,-144
120000067,70,503,-433
120000068,265,687,-422
120000069,699,801,-102
120000070,132,563,-431
120000071,769,112,657
120000072,963,477,486
120000073,1199,100,1099
120000074,265,132,133
120000075,1294,325,969
120000076,2975,413,2562
120000077,2612,724,1888
120000078,4334,1337,2997
120000079,335,176,159
120000080,175,222,-47
120000081,509,148,361
120000082,279,320,-41
120000083,89,810,-721
120000084,415,393,22
120000085,370,317,53
120000086,306,427,-121
120000087,235,439,-204
120000088,913,1017,-104
120000089,1260,603,657
120000090,798,572,226
120000091,1159,971,188
120000092,1559,635,924
120000093,659,443,216
120000094,204,814,-610
120000095,1217,404,813
120000096,332,611,-279
120000098,1114,742,372
120000099,557,687,-130
120000100,937,702,235
120000101,777,477,300
120000102,786,1003,-217
120000103,1747,946,801
120000104,2457,544,1913
120000105,3846,749,3097
120000106,3266,662,2604
120000107,5749,666,5083
120000108,1929,159,1770
120000109,1506,86,1420
120000110,115,858,-743
120000111,190,898,-708
120000112,840,2033,-1193
120000113,678,1589,-911
120000114,935,1812,-877
120000115,341,1779,-1438
120000116,659,1606,-947
120000117,902,1201,-299
120000118,68,58,10
120000119,20,75,-55
120000120,162,127,35
120000121,15,69,-54
120000122,280,577,-297
120000123,3576,7837,-4261
120000124,463,373,90
120000125,633,649,-16
120000126,440,998,-558
120000127,2260,1235,1025
120000128,2957,4953,-1996
120000129,291,286,5
120000130,1028,482,546
120000131,448,722,-274
120000134,383,830,-447
120000135,775,584,191
120000137,286,932,-646
120000138,1292,368,924
120000139,393,526,-133
120000140,1148,432,716
120000141,495,375,120
120000142,808,587,221
120000143,1,90,-89
120000144,204,6,198
120000145,477,4,473
120000146,942,882,60
120000149,879,1095,-216
120000150,3042,13140,-10098
120000151,497,428,69
120000152,904,177,727
120000153,405,506,-101
120000154,537,457,80
120000155,183,292,-109
120000156,689,1639,-950
120000157,1272,710,562
120000158,943,802,141
120000159,2169,2027,142
120000160,2945,1686,1259
120000161,2966,2267,699
120000162,91,277,-186
120000163,941,1109,-168
120000164,713,339,374
120000165,732,695,37
120000166,1715,530,1185
120000167,343,378,-35
120000168,65,1258,-1193
120000169,108,3314,-3206
120000170,85,2464,-2379
120000171,27,766,-739
120000172,32,427,-395
120000173,2144,2298,-154
120000174,465,87,378
120000175,272,38,234
120000176,308,65,243
120000177,1893,271,1622
120000178,239,32,207
120000179,342,108,234
120000180,994,211,783
120000181,461,2944,-2483
120000182,126,1124,-998
120000183,43,967,-924
120000184,288,2610,-2322
120000186,59,677,-618
120000187,23,442,-419
120000188,93,955,-862
120000190,703,107,596
120000191,1154,162,992
120000192,1013,57,956
120000193,383,12,371
120000195,83,12,71
120000196,475,42,433
120000197,143,113,30
120000198,295,86,209
120000199,171,1,170
120000200,161,3,158
120000201,17,27,-10
120000202,2,66,-64
120000203,90,192,-102
120000207,1,41,-40
120000208,15,249,-234
120000209,3,89,-86
120000210,44,67,-23
120000211,258,6,252
120000212,299,1,298
120000213,260,270,-10
120000214,2,225,-223
120000215,8,125,-117
120000216,165,27,138
120000217,618,1070,-452
120000218,123,616,-493
120000219,13,304,-291
120000220,12,1098,-1086
120000225,2403,5,2398
120000226,591,15,576
120000227,1207,97,1110
120000228,14626,3960,10666
120000230,539,33,506
120000231,1691,1919,-228
120000233,500,16,484
120000235,319,568,-249
120000236,1610,3,1607
120000237,1,1025,-1024
120000238,2,1352,-1350
120000241,1404,3943,-2539
120000412,623,13,610
120000413,390,209,181
120000414,150,4,146
120000415,2,74,-72
120000416,245,6,239
120000417,13,72,-59
120000418,241,29,212
120000419,7,162,-155
120000420,46,16,30
120000421,8333,5177,3156
120000422,83,1930,-1847
120000423,4,91,-87
120000424,164,126,38
120000436,119,889,-770
120000437,137,119,18
120000438,2100,313,1787
120000439,256,628,-372
120000443,266,2,264
120000444,1837,381,1456
120000445,2062,1103,959
120000446,709,190,519
120000447,300,2,298
120000449,135,5,130
120000450,14,164,-150
120000451,200,397,-197
120000452,581,2,579
120000453,0,348,-348
120000454,59,69,-10
120000455,74,31,43
120000456,3190,4306,-1116
120000457,985,401,584
120000458,712,674,38
120000459,157,66,91
120000665,1489,312,1177
120000668,154,1923,-1769
120000669,170,187,-17
120000670,239,1489,-1250
120000671,1679,668,1011
120000672,96,534,-438
120900001,103,132,-29
120900002,374,683,-309
120900003,244,36,208
120900004,36,90,-54
120900005,36,765,-729
120900006,501,304,197
120900007,230,97,133
120900008,579,1193,-614
120900009,748,60,688
120900010,648,156,492
120900011,186,209,-23
120900012,197,1691,-1494
120900013,477,112,365
120900014,4,407,-403
120900015,1138,91,1047
120900016,1178,60,1118
120900017,2279,105,2174
120900018,206,397,-191
120900019,780,445,335
120900020,792,1667,-875
120900021,1063,214,849
120900022,41,266,-225
120900023,516,33,483
120900024,2080,581,1499
120900025,1499,1044,455
120900026,200,266,-66
120900027,957,35,922
120900028,528,129,399
120900029,113,594,-481
120900030,1809,932,877
120900031,347,141,206
120900032,1410,125,1285
120900033,1568,142,1426
120900034,18,2896,-2878
120900035,56,177,-121
120900037,336,11,325
120900038,113,395,-282
120900039,170,64,106
120900040,504,8,496
120900041,109,23,86
120900042,664,30,634
120900043,222,84,138
120900044,16,383,-367
120900045,188,127,61
120900046,708,13,695
120900047,222,167,55
120900048,152,44,108
120900049,690,5,685
120900050,1606,1943,-337
120900051,482,123,359
120900052,881,4,877
120900053,528,54,474
120900054,1918,506,1412
120900055,602,4,598
120900056,723,28,695
120900057,196,17,179
120900058,675,1,674
120900059,123,6,117
120900060,122,34,88
120900061,268,261,7
120900062,279,1,278
120900063,786,6,780
120900064,830,1,829
120900065,588,7,581
120900066,478,265,213
120900067,251,55,196
120900068,448,0,448
120900069,314,38,276
120900071,68,1,67
120900072,944,3,941
120900073,734,121,613
120900074,718,11,707
120900076,647,2,645
120900077,2413,212,2201
120900078,1023,549,474
120900079,957,90,867
120900080,1084,1027,57
120900081,1426,587,839
120900082,478,442,36
120900083,159,4,155
120900084,500,445,55
120900085,65,126,-61
120900086,105,393,-288
120900087,605,405,200
120900088,251,611,-360
120900089,2364,3637,-1273
120900090,354,110,244
120900091,886,1015,-129
120900092,994,396,598
120900093,1644,136,1508
120900094,463,193,270
120900095,657,31,626
120900096,70,187,-117
120900097,649,569,80
120900098,232,151,81
120900099,79,65,14
120900100,73,185,-112
120900101,564,226,338
120900102,62,95,-33
120900103,84,258,-174
120900104,30,41,-11
120900105,55,344,-289
120900106,969,433,536
120900107,278,154,124
120900108,8,389,-381
120900109,49,443,-394
120900110,13,670,-657
120900111,236,349,-113
120900112,24,636,-612
120900113,19,556,-537
120900114,49,113,-64
120900115,171,311,-140
120900116,587,307,280
120900117,1,380,-379
120900118,30,543,-513
120900119,10349,5120,5229
120900120,62,359,-297
120900121,94,494,-400
120900122,765,406,359
120900123,4,293,-289
120900124,4,422,-418
120900125,6,464,-458
120900126,1473,886,587
120900127,7,327,-320
120900128,1142,1169,-27
120900129,29,209,-180
120900130,15,389,-374
120900131,161,106,55
120900132,1314,188,1126
120900133,147,612,-465
120900134,641,364,277
120900135,6,401,-395
120900136,74,251,-177
120900137,353,124,229
120900138,41,212,-171
120900139,3,467,-464
120900140,13,324,-311
120900141,216,254,-38
120900142,9,321,-312
120900143,3,645,-642
120900144,1,108,-107
120900145,234,692,-458
120900146,4,667,-663
120900147,4,461,-457
120900148,203,162,41
120900149,0,213,-213
120900150,51,397,-346
120900151,1,363,-362
120900152,6,23,-17
120900153,83,162,-79
120900154,0,169,-169
120900155,227,752,-525
120900156,53,241,-188
120900157,101,403,-302
120900158,78,539,-461
120900159,466,734,-268
120900160,40,632,-592
120900161,172,597,-425
120900162,145,965,-820
120900163,256,2356,-2100
120900164,0,91,-91
120900165,25,473,-448
120900166,236,603,-367
120900167,427,182,245
120900169,118,285,-167
120900170,792,3802,-3010
120900171,882,224,658
120900172,2587,3846,-1259
120900173,0,52,-52
120900174,16,128,-112
120900175,277,151,126
120900176,11,466,-455
120900177,6,1692,-1686
120900178,4,756,-752
120900179,666,421,245
120900180,107,224,-117
120900181,243,63,180
120900182,27,403,-376
120900183,1002,97,905
120900184,447,65,382
120900185,14,761,-747
120900186,0,291,-291
120900187,775,993,-218
120900188,259,12,247
120900189,88,1837,-1749
120900190,97,11,86
120900191,34,15,19
120900192,6932,10047,-3115
120900194,91,118,-27
120900195,145,366,-221
120900196,819,76,743
120900197,980,185,795
120900198,350,454,-104
120900199,567,537,30
120900200,84,143,-59
120900201,431,167,264
120900202,1,170,-169
120900203,47,86,-39
120900204,141,216,-75
120900205,69,35,34
120900206,38,40,-2
120900207,77,1020,-943
121000001,806,998,-192
121000002,2528,1467,1061
121000003,3418,1890,1528
121000004,2764,3777,-1013
121000005,1810,2724,-914
121000006,3472,1994,1478
121000007,2457,3115,-658
121000008,5730,4205,1525
121000009,5117,5994,-877
121000010,7999,6389,1610
121000011,8153,12028,-3875
121000012,16236,10794,5442
121000013,4957,6962,-2005
121000014,6494,5275,1219
121000015,3796,7015,-3219
121000016,4249,3484,765
121000017,2575,4131,-1556
121000018,3050,1934,1116
121000019,15066,12947,2119
121000020,13782,19671,-5889
121000021,3207,2793,414
121000022,3471,3823,-352
121000023,3794,2602,1192
121000024,5349,5132,217
121000025,548,1491,-943
121000026,409,184,225
121000027,1429,1226,203
121000028,966,537,429
121000029,1084,645,439
121000030,690,473,217
121000031,733,704,29
121000032,277,128,149
121000034,396,262,134
121000035,153,160,-7
121000036,926,900,26
121000037,597,530,67
121000038,521,929,-408
121000039,272,441,-169
121000041,484,492,-8
121000042,289,398,-109
121000043,597,602,-5
121000044,1404,1010,394
121000045,464,336,128
121000046,752,968,-216
121000047,46,99,-53
121000049,1190,576,614
121000050,341,1296,-955
121000051,632,293,339
121000052,365,724,-359
121000053,396,145,251
121000054,42,368,-326
121000055,1140,1294,-154
121000056,911,1159,-248
121000057,255,587,-332
121000058,361,183,178
121000059,2320,1152,1168
121000060,622,1047,-425
121000061,98,420,-322
121000062,143,377,-234
121000063,994,834,160
121000064,889,863,26
121000065,339,467,-128
121000066,698,585,113
121000067,421,538,-117
121000068,700,405,295
121000069,461,859,-398
121000070,1976,1212,764
121000071,1759,1407,352
121000072,1185,786,399
121000073,1197,913,284
121000074,119,155,-36
121000075,34,243,-209
121000076,555,375,180
121000077,148,202,-54
121000078,100,171,-71
121000080,2071,581,1490
121000081,3954,3697,257
121000082,131,242,-111
121000083,173,127,46
121000084,202,176,26
121000085,320,433,-113
121000086,410,716,-306
121000087,67,269,-202
121000088,534,501,33
121000089,360,468,-108
121000090,416,425,-9
121000091,1278,1066,212
121000092,197,65,132
121000093,240,215,25
121000094,569,959,-390
121000095,380,660,-280
121000096,2624,2392,232
121000097,746,2394,-1648
121000098,656,980,-324
121000099,817,747,70
121000100,1151,423,728
121000101,481,324,157
121000102,450,236,214
121000103,251,252,-1
121000104,346,135,211
121000105,639,225,414
121000106,459,409,50
121000107,2150,3001,-851
121000109,1267,1183,84
121000110,370,670,-300
121000114,2829,2001,828
121000115,1179,661,518
121000116,273,839,-566
121000117,536,245,291
121000118,1787,219,1568
121000119,400,485,-85
121000120,329,450,-121
121000121,641,1273,-632
121000123,1584,771,813
121000126,98,308,-210
121000127,209,88,121
121000128,1121,379,742
121000129,1388,620,768
121000130,756,793,-37
121000131,2330,2281,49
121000132,1462,2652,-1190
121000135,444,1101,-657
121000136,1197,1342,-145
121000137,501,457,44
121000138,1130,1407,-277
121000139,573,537,36
121000141,273,173,100
121000142,680,802,-122
121000143,150,34,116
121000144,891,1991,-1100
121000145,566,873,-307
121000146,1661,1078,583
121000147,1380,468,912
121000148,973,1004,-31
121000149,2425,1465,960
121000152,450,424,26
121000153,1835,564,1271
121000154,1298,697,601
121000155,1643,999,644
121000156,474,1067,-593
121000157,922,1695,-773
121000158,423,387,36
121000159,187,383,-196
121000160,258,291,-33
121000161,230,274,-44
121000162,142,151,-9
121000165,1495,2265,-770
121000166,36,464,-428
121000168,617,325,292
121000169,89,127,-38
121000170,508,100,408
121000171,65,156,-91
121000172,884,587,297
121000173,1540,1378,162
121000174,418,543,-125
121000175,1193,357,836
121000176,382,271,111
121000177,984,595,389
121000178,146,56,90
121000179,157,96,61
121000181,560,404,156
121000182,198,254,-56
121000183,99,107,-8
121000184,167,143,24
121000185,43,290,-247
121000186,226,691,-465
121000187,202,148,54
121000188,181,164,17
121000192,1143,442,701
121000193,658,458,200
121000194,2021,2062,-41
121000195,256,790,-534
121000196,650,247,403
121000197,193,680,-487
121000198,218,157,61
121000199,156,325,-169
121000200,750,101,649
121000201,5,188,-183
121000202,1051,140,911
121000203,969,1505,-536
121000204,3469,599,2870
121000205,173,296,-123
121000206,200,72,128
121000207,2359,462,1897
121000208,9,252,-243
121000209,530,176,354
121000210,712,340,372
121000211,502,132,370
121000212,615,583,32
121000213,10580,2932,7648
121000214,786,2187,-1401
121000215,1040,1093,-53
121000216,584,659,-75
121000217,4507,2802,1705
121000218,441,1658,-1217
121000219,1639,481,1158
121000220,155,96,59
121000221,159,320,-161
121000222,2564,2713,-149
121000223,393,424,-31
121000224,234,269,-35
121000225,945,2597,-1652
121000226,2153,1272,881
121000227,4,132,-128
121000228,23,484,-461
121000229,375,375,0
121000230,77,1313,-1236
121000231,1265,49,1216
121000232,321,307,14
121000233,657,372,285
121000234,24,50,-26
121000235,64,82,-18
121000236,19,78,-59
121000237,69,28,41
121000238,16,105,-89
121000239,63,8,55
121000240,13,231,-218
121000241,100,19,81
121000242,118,645,-527
121000243,466,155,311
121000244,38,118,-80
121000245,120,38,82
121000246,2,125,-123
121000247,151,7,144
121000248,945,1015,-70
121000249,108,398,-290
121000250,789,263,526
121000251,25,321,-296
121000252,136,79,57
121000253,354,434,-80
121000254,866,240,626
121000255,140,353,-213
121000256,360,284,76
121000257,39,114,-75
121000258,156,97,59
121000259,97,74,23
121000260,113,162,-49
121000261,106,84,22
121000262,923,705,218
121000263,441,422,19
121000271,346,1269,-923
121000273,35,8,27
121000274,18,52,-34
121000275,4,29,-25
121000276,10,37,-27
121000278,66,32,34
121000279,23,41,-18
121000280,39,83,-44
121000289,316,22,294
121000290,1101,1000,101
121000294,224,95,129
121000297,766,1205,-439
121000299,55,637,-582
121000300,765,491,274
121000302,49,1091,-1042
121000303,587,371,216
121000304,521,73,448
121000305,171,55,116
121000306,148,164,-16
121000308,157,349,-192
121000309,311,468,-157
121000310,103,256,-153
121000311,102,604,-502
121000312,399,306,93
121000313,361,469,-108
121000314,73,150,-77
121000315,53,130,-77
121000530,1849,1108,741
121000531,1857,1410,447
121000532,7032,8768,-1736
121000533,3429,3590,-161
121000918,60,118,-58
121000919,66,69,-3
121000938,158,233,-75
121000939,163,312,-149
121000956,1568,952,616
121000957,9,23,-14
121000958,42,68,-26
121000959,1110,580,530
121000960,1522,1604,-82
121000961,330,100,230
121000962,569,522,47
121000973,1,250,-249
121000976,22,230,-208
121000979,586,181,405
121000981,427,209,218
121000982,374,138,236
121000983,504,318,186
121000984,41,66,-25
121000985,764,446,318
121000986,485,166,319
121000987,216,686,-470
121000988,1019,128,891
121001302,270,137,133
121001308,10,18,-8
121001309,46,153,-107
121001313,276,132,144
121001314,1762,2604,-842
121001315,5732,3361,2371
121900001,99,135,-36
121900002,47,56,-9
121900003,406,2,404
121900004,97,429,-332
121900005,36,7,29
121900006,184,21,163
121900007,1988,1994,-6
121900008,752,416,336
121900009,672,21,651
121900010,248,5,243
121900011,422,388,34
121900012,22,1,21
121900013,984,109,875
121900014,1610,373,1237
121900015,260,167,93
121900016,4,44,-40
121900017,710,464,246
121900018,413,13,400
121900019,552,256,296
121900020,33,4,29
121900021,991,40,951
121900022,264,239,25
121900023,194,322,-128
121900024,322,85,237
121900025,799,390,409
121900026,357,41,316
121900027,580,265,315
121900028,269,23,246
121900029,125,242,-117
121900030,549,539,10
121900031,1034,7277,-6243
121900032,94,67,27
121900033,233,284,-51
121900034,297,75,222
121900035,3059,2727,332
121900036,104,308,-204
121900037,207,1089,-882
121900038,45,121,-76
121900039,396,70,326
121900040,98,164,-66
121900041,219,243,-24
121900042,444,177,267
121900043,20,10,10
121900044,109,72,37
121900046,300,337,-37
121900047,198,103,95
121900048,85,111,-26
121900050,62,56,6
121900051,203,275,-72
121900052,166,41,125
121900053,569,354,215
121900054,467,957,-490
121900055,5,14,-9
121900058,316,126,190
121900059,481,200,281
121900060,193,422,-229
121900061,207,140,67
121900062,133,157,-24
121900063,1936,416,1520
121900064,362,618,-256
121900066,99,28,71
121900067,41,42,-1
121900069,258,124,134
121900070,325,154,171
121900071,479,267,212
121900072,48,112,-64
121900073,380,248,132
121900074,739,1174,-435
121900075,482,606,-124
121900076,482,687,-205
121900077,19,18,1
121900078,148,63,85
121900079,0,0,0
121900080,852,400,452
121900082,77,72,5
121900084,44,98,-54
121900085,3,3,0
121900086,24,69,-45
121900087,162,161,1
121900088,1982,2959,-977
121900089,283,232,51
121900090,39,72,-33
121900091,90,93,-3
121900092,109,139,-30
121900093,99,78,21
121900094,11,6,5
121900095,348,194,154
121900096,1340,868,472
121900097,762,220,542
121900098,12,7,5
121900099,259,51,208
121900100,233,643,-410
121900101,231,186,45
121900102,3,144,-141
121900103,484,258,226
121900104,1708,272,1436
121900105,379,245,134
121900106,14,7,7
121900107,45,38,7
121900108,1,18,-17
121900109,239,127,112
121900110,606,616,-10
121900111,742,414,328
121900112,174,208,-34
121900113,95,477,-382
121900114,90,79,11
121900117,244,181,63
121900118,1773,619,1154
121900119,245,85,160
121900120,76,1335,-1259
121900121,435,39,396
121900122,33,109,-76
121900123,307,401,-94
121900124,225,154,71
121900125,1449,895,554
121900127,31,105,-74
121900128,90,69,21
121900129,450,153,297
121900130,127,215,-88
121900131,228,100,128
121900132,53,71,-18
121900133,80,1050,-970
121900134,34,144,-110
121900135,3421,489,2932
121900136,453,372,81
121900137,31,353,-322
121900138,127,240,-113
121900139,408,645,-237
121900140,90,153,-63
121900141,84,24,60
121900142,169,131,38
121900143,20,197,-177
121900144,154,278,-124
121900145,313,437,-124
121900146,703,704,-1
121900147,69,201,-132
121900148,173,294,-121
121900149,429,507,-78
121900150,53,150,-97
121900151,91,274,-183
121900152,121,113,8
121900153,104,883,-779
121900154,13,249,-236
121900155,6,134,-128
121900156,200,198,2
121900157,2,303,-301
121900158,82,118,-36
121900159,3,243,-240
121900160,75,230,-155
121900161,297,315,-18
121900162,101,222,-121
121900163,409,397,12
121900164,417,179,238
121900165,218,132,86
121900166,180,147,33
121900167,146,140,6
121900168,169,206,-37
121900169,11,145,-134
121900170,7,180,-173
121900171,925,653,272
121900172,582,191,391
121900173,889,313,576
121900174,66,84,-18
121900175,333,486,-153
121900176,516,1239,-723
121900177,204,89,115
121900178,39,32,7
121900179,422,220,202
121900180,2798,5441,-2643
121900182,690,333,357
121900183,639,1379,-740
121900184,84,630,-546
121900186,10,430,-420
121900187,35,176,-141
121900188,808,370,438
121900189,32,108,-76
121900190,195,466,-271
121900191,189,203,-14
121900192,310,885,-575
121900193,66,158,-92
121900194,23,360,-337
121900195,85,100,-15
121900196,817,1010,-193
121900197,503,1172,-669
121900198,1226,1090,136
121900199,11,73,-62
121900200,90,235,-145
121900201,876,849,27
121900202,138,710,-572
121900203,215,933,-718
121900204,675,1508,-833
121900205,18,89,-71
121900206,20,54,-34
121900207,97,41,56
121900208,131,203,-72
121900209,79,57,22
121900210,1327,1057,270
121900211,26,81,-55
121900212,168,125,43
121900213,271,65,206
121900214,15,605,-590
121900215,52,150,-98
121900216,34,339,-305
121900217,256,176,80
121900218,193,428,-235
121900220,145,18,127
121900221,244,573,-329
121900222,150,145,5
121900223,208,60,148
121900224,113,41,72
121900225,100,151,-51
121900226,351,340,11
121900227,299,559,-260
121900228,183,273,-90
121900230,71,268,-197
121900231,274,1440,-1166
121900232,205,394,-189
121900233,199,188,11
121900234,485,253,232
121900235,648,170,478
121900236,358,209,149
121900237,168,288,-120
121900238,154,281,-127
121900239,221,42,179
121900240,320,164,156
121900241,78,69,9
121900242,5,0,5
121900243,16,0,16
121900244,15,7,8
121900245,218,68,150
121900246,2849,363,2486
121900247,350,264,86
121900248,1239,1479,-240
121900250,267,292,-25
121900251,617,51,566
121900252,629,163,466
121900253,72,707,-635
121900254,429,256,173
121900255,447,119,328
121900258,3989,2257,1732
121900259,417,671,-254
121900260,162,119,43
121900261,171,614,-443
121900262,366,1042,-676
121900263,272,239,33
121900264,1630,1284,346
121900265,360,300,60
121900266,565,109,456
121900267,87,41,46
121900269,297,820,-523
121900270,44,202,-158
121900271,65,155,-90
121900273,487,2033,-1546
121900274,345,215,130
121900277,423,1288,-865
121900278,154,995,-841
121900279,171,252,-81
121900280,172,440,-268
121900281,387,419,-32
121900284,129,17,112
121900286,187,203,-16
121900287,29,33,-4
121900288,1,0,1
121900290,289,448,-159
121900291,430,800,-370
121900292,128,120,8
121900293,997,2592,-1595
121900294,253,2,251
121900295,141,184,-43
121900296,106,305,-199
121900298,325,987,-662
121900299,4,17,-13
121900300,133,14,119
121900301,87,9,78
121900302,4,48,-44
121900303,398,567,-169
121900304,0,20,-20
121900305,5,9,-4
121900306,236,0,236
121900307,101,14,87
121900308,22,241,-219
121900309,10,192,-182
121900310,16,355,-339
121900311,486,19,467
121900312,257,21,236
121900313,378,33,345
121900314,2,37,-35
121900315,16,0,16
121900316,0,11,-11
121900317,14,2,12
121900318,0,13,-13
121900319,41,75,-34
121900320,47,65,-18
121900321,14,0,14
121900322,5,14,-9
121900323,22,31,-9
121900324,3,51,-48
121900325,10,10,0
121900326,2,24,-22
121900327,6,36,-30
121900328,1,24,-23
121900329,2,112,-110
121900330,1,84,-83
121900331,125,77,48
121900332,89,28,61
121900333,20,1,19
122000001,1741,5052,-3311
122000002,3470,1547,1923
122000003,1957,2804,-847
122000004,2996,1575,1421
122000005,2711,2168,543
122000006,1510,1099,411
122000007,914,1575,-661
122000008,2364,4332,-1968
122000009,447,440,7
122000010,1984,2890,-906
122000011,3069,1479,1590
122000012,1020,1596,-576
122000013,1129,1282,-153
122000014,1921,1267,654
122000015,1320,1106,214
122000016,677,884,-207
122000017,1287,1129,158
122000018,1527,1429,98
122000019,810,1047,-237
122000020,242,278,-36
122000021,258,472,-214
122000022,1205,985,220
122000023,769,1632,-863
122000024,639,1377,-738
122000025,808,2049,-1241
122000026,713,1271,-558
122000027,690,1765,-1075
122000028,1087,527,560
122000029,580,460,120
122000030,263,180,83
122000031,152,343,-191
122000032,1969,2076,-107
122000033,660,1665,-1005
122000034,547,678,-131
122000035,330,702,-372
122000036,509,487,22
122000037,367,223,144
122000038,198,341,-143
122000039,559,482,77
122000040,244,298,-54
122000041,587,599,-12
122000042,309,364,-55
122000043,141,122,19
122000044,133,147,-14
122000045,1294,515,779
122000046,976,776,200
122000047,245,219,26
122000048,3788,4650,-862
122000049,5796,3541,2255
122000050,1328,833,495
122000051,227,435,-208
122000052,533,516,17
122000053,196,959,-763
122000054,2260,2028,232
122000055,1992,3365,-1373
122000056,4513,3558,955
122000057,2995,3872,-877
122000058,1738,1679,59
122000059,1899,2242,-343
122000060,527,872,-345
122000061,428,617,-189
122000062,709,352,357
122000063,1170,889,281
122000064,3358,3579,-221
122000065,3158,2392,766
122000066,1078,1041,37
122000067,1399,1228,171
122000068,1605,1104,501
122000069,776,730,46
122000070,1071,1347,-276
122000071,1965,1029,936
122000072,435,497,-62
122000073,350,837,-487
122000074,2944,1505,1439
122000075,956,1269,-313
122000076,3398,1555,1843
122000077,973,1297,-324
122000078,1533,3050,-1517
122000079,957,1549,-592
122000080,630,368,262
122000081,176,228,-52
122000082,482,1081,-599
122000083,2093,1400,693
122000084,1799,945,854
122000085,288,893,-605
122000086,2280,5943,-3663
122000087,451,317,134
122000088,531,642,-111
122000089,4560,2455,2105
122000090,249,543,-294
122000091,134,95,39
122000092,52,34,18
122000093,1588,2416,-828
122000094,4981,3142,1839
122000095,1882,4458,-2576
122000096,1399,1909,-510
122000098,3040,3028,12
122000099,1311,801,510
122000100,841,595,246
122000101,458,593,-135
122000102,1883,1160,723
122000103,2011,1584,427
122000104,411,185,226
122000105,525,303,222
122000106,401,705,-304
122000107,1177,482,695
122000108,475,834,-359
122000109,480,301,179
122000110,583,610,-27
122000111,2974,1428,1546
122000112,1170,1559,-389
122000113,780,647,133
122000114,2493,1609,884
122000115,2084,1266,818
122000116,634,619,15
122000117,1449,480,969
122000118,618,819,-201
122000119,3098,2610,488
122000120,2059,4214,-2155
122000121,1930,2975,-1045
122000122,680,1493,-813
122000123,1765,1775,-10
122000124,901,633,268
122000125,633,861,-228
122000126,483,924,-441
122000127,1088,1123,-35
122000128,417,631,-214
122000129,543,1775,-1232
122000130,3211,1365,1846
122000131,1624,1075,549
122000132,543,495,48
122000133,1014,1217,-203
122000134,978,802,176
122000135,677,591,86
122000136,856,663,193
122000137,2106,853,1253
122000139,1053,3898,-2845
122000140,608,623,-15
122000141,3587,1141,2446
122000142,301,892,-591
122000143,473,502,-29
122000144,1524,1005,519
122000145,1084,773,311
122000146,692,1170,-478
122000147,593,511,82
122000148,1396,2381,-985
122000149,2344,1543,801
122000150,1395,1097,298
122000151,147,416,-269
122000152,402,345,57
122000153,407,315,92
122000154,265,254,11
122000155,1620,2791,-1171
122000156,2630,2771,-141
122000157,1141,2563,-1422
122000158,398,598,-200
122000159,717,1397,-680
122000160,4418,2159,2259
122000161,1564,1264,300
122000162,1994,1993,1
122000163,312,114,198
122000164,47,100,-53
122000165,766,676,90
122000166,993,1074,-81
122000167,333,279,54
122000168,225,655,-430
122000169,372,228,144
122000170,383,291,92
122000171,69,88,-19
122000172,2060,1488,572
122000173,1470,2407,-937
122000174,2397,1097,1300
122000175,1016,298,718
122000176,306,848,-542
122000177,1516,1539,-23
122000178,2836,2552,284
122000179,1447,2451,-1004
122000180,1660,1461,199
122000181,1433,3019,-1586
122000182,1555,1868,-313
122000183,2338,1035,1303
122000184,2884,2599,285
122000185,1396,1848,-452
122000186,386,813,-427
122000187,1896,840,1056
122000188,505,269,236
122000189,287,365,-78
122000190,941,1269,-328
122000191,827,842,-15
122000192,1261,433,828
122000193,488,765,-277
122000194,542,218,324
122000195,154,522,-368
122000196,1233,584,649
122000197,566,822,-256
122000198,470,930,-460
122000199,291,353,-62
122000200,961,699,262
122000201,1337,1543,-206
122000202,1315,1665,-350
122000203,2739,1553,1186
122000204,1267,1891,-624
122000205,1282,1385,-103
122000206,2524,1036,1488
122000207,2611,1385,1226
122000208,2277,1375,902
122000209,2119,396,1723
122000210,2095,1487,608
122000211,1417,1292,125
122000212,885,613,272
122000213,1252,1374,-122
122000214,2436,1780,656
122000215,2188,1740,448
122000217,1746,1359,387
122000218,867,65,802
122000219,1001,823,178
122000220,379,739,-360
122000221,49,399,-350
122000222,582,164,418
122000223,1394,619,775
122000225,867,266,601
122000226,1740,1849,-109
122000227,288,2323,-2035
122000228,352,332,20
122000229,31,524,-493
122000230,113,460,-347
122000231,347,676,-329
122000232,653,758,-105
122000233,1,91,-90
122000234,414,56,358
122000235,470,113,357
122000236,1420,84,1336
122000237,107,104,3
122000238,499,376,123
122000239,763,269,494
122000240,1451,632,819
122000241,1991,501,1490
122000242,920,129,791
122000243,227,51,176
122000244,85,312,-227
122000245,71,141,-70
122000246,227,148,79
122000247,570,472,98
122000248,1049,1409,-360
122000249,1299,966,333
122000250,2436,1179,1257
122000251,272,396,-124
122000252,508,122,386
122000253,66,284,-218
122000254,295,85,210
122000255,726,1185,-459
122000256,299,731,-432
122000257,190,227,-37
122000258,336,295,41
122000259,28,355,-327
122000260,3,68,-65
122000261,24,254,-230
122000262,2,45,-43
122000263,536,241,295
122000264,1589,336,1253
122000265,2502,826,1676
122000266,4225,652,3573
122000267,126,115,11
122000268,251,278,-27
122000269,970,314,656
122000270,534,121,413
122000271,285,857,-572
122000272,321,741,-420
122000273,389,444,-55
122000274,246,146,100
122000275,82,148,-66
122000276,892,652,240
122000277,1416,1849,-433
122000278,2126,605,1521
122000279,237,432,-195
122000280,1171,667,504
122000281,1284,760,524
122000282,275,426,-151
122000283,307,171,136
122000284,443,92,351
122000285,361,59,302
122000286,54,170,-116
122000287,1351,1435,-84
122000288,550,223,327
122000291,2327,760,1567
122000293,254,209,45
122000294,136,262,-126
122000295,1300,185,1115
122000296,46,511,-465
122000297,2256,3789,-1533
122000299,611,352,259
122000300,581,690,-109
122000301,8098,3714,4384
122000302,739,2204,-1465
122000303,2999,1303,1696
122000304,97,234,-137
122000305,1372,266,1106
122000306,49,435,-386
122000307,152,126,26
122000309,71,69,2
122000310,27,119,-92
122000311,211,136,75
122000312,143,197,-54
122000313,135,84,51
122000314,131,270,-139
122000315,346,66,280
122000316,1111,231,880
122000317,1658,303,1355
122000318,382,1170,-788
122000319,235,321,-86
122000320,306,909,-603
122000321,109,143,-34
122000322,2104,2494,-390
122000323,1017,2278,-1261
122000324,1162,1319,-157
122000325,1051,2229,-1178
122000326,153,106,47
122000327,411,868,-457
122000328,887,583,304
122000330,1761,905,856
122000332,198,357,-159
122000333,14,93,-79
122000337,1243,995,248
122000338,695,373,322
122000340,314,520,-206
122000342,1348,858,490
122000343,544,784,-240
122000344,98,16,82
122000345,26,28,-2
122000346,401,334,67
122000348,1262,646,616
122000349,167,702,-535
122000351,166,234,-68
122000352,427,156,271
122000353,145,65,80
122000355,168,394,-226
122000356,1078,1265,-187
122000357,83,28,55
122000358,1,37,-36
122000359,0,16,-16
122000360,2,72,-70
122000362,11,57,-46
122000364,226,339,-113
122000365,1,56,-55
122000366,15,11,4
122000368,456,576,-120
122000370,27,47,-20
122000371,41,0,41
122000372,16,1,15
122000381,166,252,-86
122000382,102,221,-119
122000384,2393,1204,1189
122000385,101,0,101
122000386,301,1529,-1228
122000387,559,710,-151
122000388,1561,657,904
122000389,127,653,-526
122000390,353,224,129
122000391,385,357,28
122000392,170,190,-20
122000393,34,123,-89
122000394,584,225,359
122000395,159,105,54
122000396,395,62,333
122000397,51,72,-21
122000398,14,67,-53
122000399,139,93,46
122000400,75,595,-520
122000401,147,72,75
122000402,444,127,317
122000403,530,643,-113
122000404,200,198,2
122000408,970,1327,-357
122000503,17,141,-124
122000524,189,196,-7
122000544,142,2349,-2207
122000616,396,2,394
122000640,90,106,-16
122000641,148,241,-93
122000642,1110,757,353
122000643,71,193,-122
122000644,144,54,90
122000645,95,155,-60
122000651,965,1028,-63
122000664,196,25,171
122000665,1284,589,695
122000666,701,1111,-410
122000673,60,164,-104
122000674,192,63,129
122000675,2009,672,1337
122000686,537,867,-330
122000687,1926,277,1649
122000688,254,448,-194
122000689,1085,330,755
122000690,2616,365,2251
122000691,828,1197,-369
122000692,2158,406,1752
122000693,446,1557,-1111
122000695,409,365,44
122000696,485,153,332
122000698,501,461,40
122000699,245,84,161
122000701,1872,317,1555
122000702,501,913,-412
122000703,221,73,148
122000717,115,81,34
122000718,463,1153,-690
122000719,152,103,49
122000720,604,170,434
122000724,101,14,87
122900001,36,11,25
122900002,1150,6430,-5280
122900003,530,31,499
122900004,1697,114,1583
122900005,211,83,128
122900006,661,709,-48
122900007,175,71,104
122900008,624,256,368
122900009,613,535,78
122900010,230,156,74
122900012,260,455,-195
122900014,149,242,-93
122900015,1443,1372,71
122900016,155,253,-98
122900017,327,821,-494
122900018,186,22,164
122900019,14,120,-106
122900020,271,416,-145
122900021,75,394,-319
122900022,1187,718,469
122900023,567,200,367
122900024,131,121,10
122900025,21,321,-300
122900026,51,243,-192
122900027,52,583,-531
122900028,127,162,-35
122900029,4021,2879,1142
122900030,985,590,395
122900031,37,339,-302
122900032,116,449,-333
122900033,273,170,103
122900034,4269,5118,-849
122900035,62,19,43
122900036,79,84,-5
122900037,393,130,263
122900038,104,3350,-3246
122900039,114,508,-394
122900040,275,458,-183
122900041,376,339,37
122900042,203,312,-109
122900043,473,275,198
122900044,121,403,-282
122900045,137,108,29
122900046,200,297,-97
122900047,140,231,-91
122900048,53,305,-252
122900049,1209,166,1043
122900051,82,127,-45
122900052,121,140,-19
122900053,33,45,-12
122900055,422,63,359
122900057,268,56,212
122900061,604,181,423
122900062,722,759,-37
122900063,172,240,-68
122900064,754,381,373
122900065,591,251,340
122900066,755,382,373
122900067,1031,571,460
122900068,133,300,-167
122900069,389,1505,-1116
122900070,387,50,337
122900071,139,302,-163
122900072,9,366,-357
122900073,27,179,-152
122900074,1024,478,546
122900075,2,59,-57
122900076,0,151,-151
122900077,0,112,-112
122900078,223,41,182
122900080,52,43,9
122900081,325,127,198
122900082,985,164,821
122900083,160,104,56
122900084,12,179,-167
122900086,16,169,-153
122900087,288,399,-111
122900088,40,241,-201
122900089,55,229,-174
122900090,8,298,-290
122900091,301,0,301
122900092,0,141,-141
122900093,0,148,-148
122900094,3,143,-140
122900095,254,26,228
122900096,416,63,353
122900097,40,47,-7
122900098,42,104,-62
122900099,104,19,85
122900100,166,396,-230
122900101,597,297,300
122900102,33,37,-4
122900103,188,7,181
122900104,299,17,282
122900105,37,12,25
122900106,6,63,-57
122900107,9,147,-138
122900108,2,122,-120
123000001,1205,553,652
123000002,3145,6083,-2938
123000003,4109,4633,-524
123000004,3069,3950,-881
123000005,2991,2984,7
123000006,2439,2127,312
123000007,4494,2626,1868
123000008,2862,2953,-91
123000009,4665,2872,1793
123000010,3266,3228,38
123000011,2071,843,1228
123000012,828,2123,-1295
123000013,3788,1034,2754
123000014,897,3444,-2547
123000015,3044,1441,1603
123000016,4055,4916,-861
123000017,3439,1848,1591
123000018,93,97,-4
123000019,493,155,338
123000020,314,58,256
123000021,188,219,-31
123000022,418,1704,-1286
123000023,2028,2051,-23
123000024,1561,670,891
123000025,91,121,-30
123000026,12,139,-127
123000027,122,759,-637
123000028,1306,902,404
123000029,654,1572,-918
123000030,293,220,73
123000031,342,237,105
123000032,438,120,318
123000033,312,104,208
123000034,1164,856,308
123000035,391,440,-49
123000036,325,1009,-684
123000037,209,284,-75
123000038,85,209,-124
123000039,441,1784,-1343
123000040,706,302,404
123000041,1191,1239,-48
123000042,798,661,137
123000043,2582,12200,-9618
123000044,3906,2663,1243
123000045,5532,3313,2219
123000046,631,1786,-1155
123000047,1464,1087,377
123000048,82,1292,-1210
123000049,6030,11602,-5572
123000050,1732,1700,32
123000051,95,197,-102
123000052,900,3527,-2627
123000053,2841,2980,-139
123000054,1777,1815,-38
123000055,2032,3439,-1407
123000056,1279,1794,-515
123000057,7934,8150,-216
123000058,746,1344,-598
123000059,369,580,-211
123000060,1096,452,644
123000061,308,667,-359
123000063,998,922,76
123000064,1339,238,1101
123000065,4253,3035,1218
123000066,681,620,61
123000067,969,473,496
123000068,2566,2450,116
123000069,6378,2815,3563
123000070,253,644,-391
123000071,1433,739,694
123000072,1185,672,513
123000073,1640,747,893
123000074,1333,898,435
123000075,419,1365,-946
123000076,864,601,263
123000077,1958,1959,-1
123000078,1961,1339,622
123000079,1929,1628,301
123000080,2806,1277,1529
123000081,267,299,-32
123000082,325,902,-577
123000083,1155,300,855
123000084,799,463,336
123000085,434,63,371
123000086,743,109,634
123000087,542,277,265
123000088,1539,690,849
123000089,667,976,-309
123000090,1260,866,394
123000091,1497,1284,213
123000092,969,1142,-173
123000094,608,187,421
123000095,742,679,63
123000096,924,335,589
123000097,623,572,51
123000098,950,445,505
123000099,703,558,145
123000100,448,696,-248
123000101,572,643,-71
123000102,519,733,-214
123000104,493,504,-11
123000105,710,456,254
123000106,478,531,-53
123000107,365,489,-124
123000108,558,1141,-583
123000111,1165,325,840
123000112,1581,460,1121
123000113,604,929,-325
123000114,368,632,-264
123000115,351,262,89
123000116,71,107,-36
123000117,2146,1582,564
123000118,527,597,-70
123000119,284,668,-384
123000120,345,630,-285
123000121,455,518,-63
123000122,316,278,38
123000123,537,484,53
123000124,414,420,-6
123000125,1242,1548,-306
123000126,1357,4641,-3284
123000127,639,632,7
123000128,334,356,-22
123000129,1020,246,774
123000130,830,128,702
123000131,1156,811,345
123000132,319,729,-410
123000133,236,345,-109
123000134,362,155,207
123000135,3031,1079,1952
123000136,189,552,-363
123000137,125,214,-89
123000138,101,364,-263
123000139,699,110,589
123000140,188,556,-368
123000141,965,172,793
123000142,1122,1002,120
123000143,939,1521,-582
123000144,49,36,13
123000145,168,167,1
123000146,36,83,-47
123000147,64,90,-26
123000149,392,459,-67
123000150,198,270,-72
123000151,281,515,-234
123000152,134,342,-208
123000153,239,910,-671
123000154,1776,2307,-531
123000155,2216,1373,843
123000156,48,120,-72
123000157,681,890,-209
123000158,632,907,-275
123000159,3491,3046,445
123000160,1129,929,200
123000161,2044,1270,774
123000162,1198,1772,-574
123000163,741,128,613
123000164,1755,329,1426
123000165,362,1214,-852
123000166,47,116,-69
123000167,200,201,-1
123000168,337,187,150
123000169,969,138,831
123000170,74,111,-37
123000171,946,10,936
123000172,234,436,-202
123000173,741,289,452
123000174,1186,450,736
123000175,518,975,-457
123000176,1455,331,1124
123000177,318,860,-542
123000178,921,199,722
123000179,36,492,-456
123000180,1898,347,1551
123000181,312,1026,-714
123000182,430,372,58
123000183,186,576,-390
123000184,131,445,-314
123000185,1078,363,715
123000186,6,409,-403
123000187,743,7,736
123000188,210,0,210
123000189,165,122,43
123000190,73,102,-29
123000192,29,307,-278
123000193,78,720,-642
123000194,425,295,130
123000195,323,39,284
123000196,354,22,332
123000197,54,103,-49
123000198,46,778,-732
123000199,17,622,-605
123000200,738,18,720
123000201,1260,28,1232
123000202,24,797,-773
123000203,1120,86,1034
123000204,73,771,-698
123000205,441,1268,-827
123000206,2573,260,2313
123000207,103,657,-554
123000208,634,194,440
123000209,2361,671,1690
123000210,450,1592,-1142
123000211,596,1824,-1228
123000212,3503,549,2954
123000213,704,86,618
123000215,74,321,-247
123000216,212,1154,-942
123000217,219,32,187
123000218,47,824,-777
123000219,773,82,691
123000220,568,109,459
123000221,206,90,116
123000222,552,397,155
123000223,576,217,359
123000224,515,338,177
123000225,356,70,286
123000226,94,409,-315
123000227,118,263,-145
123000228,336,82,254
123000229,1082,1273,-191
123000232,156,503,-347
123000233,854,149,705
123000234,161,591,-430
123000235,1457,360,1097
123000236,323,585,-262
123000237,322,89,233
123000238,96,423,-327
123000239,463,1012,-549
123000240,51,529,-478
123000241,341,96,245
123000242,284,165,119
123000243,820,888,-68
123000244,951,706,245
123000245,59,152,-93
123000249,1017,590,427
123000252,1043,295,748
123000253,1626,532,1094
123000254,837,898,-61
123000255,1167,907,260
123000256,48,235,-187
123000257,2492,1698,794
123000258,971,717,254
123000259,458,387,71
123000260,504,340,164
123000261,344,160,184
123000262,78,142,-64
123000263,578,119,459
123000264,174,94,80
123000265,45,144,-99
123000266,576,592,-16
123000267,896,414,482
123000268,42,59,-17
123000269,46,80,-34
123000270,22,35,-13
123000271,73,82,-9
123000272,796,296,500
123000273,308,787,-479
123000274,1254,578,676
123000275,336,770,-434
123000278,2197,2656,-459
123000279,173,106,67
123000280,366,318,48
123000281,363,111,252
123000282,146,256,-110
123000283,178,37,141
123000284,54,57,-3
123000286,191,370,-179
123000287,450,282,168
123000288,1354,1119,235
123000289,373,1508,-1135
123000291,222,829,-607
123000294,190,207,-17
123000295,910,959,-49
123000296,674,451,223
123000297,870,433,437
123000298,831,364,467
123000299,80,159,-79
123000300,1211,863,348
123000301,202,328,-126
123000302,99,141,-42
123000303,176,207,-31
123000305,930,910,20
123000306,201,111,90
123000309,39,45,-6
123000310,55,29,26
123000311,0,70,-70
123000312,545,598,-53
123000313,650,384,266
123000315,233,305,-72
123000316,961,114,847
123000317,182,84,98
123000318,57,141,-84
123000329,18,20,-2
123000337,973,454,519
123000338,423,110,313
123000339,304,68,236
123000340,134,362,-228
123000342,23,36,-13
123000343,37,11,26
123000344,941,379,562
123000345,342,534,-192
123000346,425,42,383
123000352,1164,901,263
123000353,38,69,-31
123000354,276,7,269
123000355,1,321,-320
123000356,390,14,376
123000357,2,137,-135
123000359,5,120,-115
123000360,227,88,139
123000361,172,281,-109
123000362,647,89,558
123000363,160,212,-52
123000364,585,527,58
123000365,31,472,-441
123000366,379,2166,-1787
123000367,372,846,-474
123000370,32,286,-254
123000371,989,49,940
123000372,414,60,354
123000373,18,275,-257
123000374,34,166,-132
123000375,425,56,369
123000376,987,648,339
123000377,669,16,653
123000378,17,263,-246
123000379,22,164,-142
123000380,48,542,-494
123000381,143,122,21
123000382,924,146,778
123000383,152,1468,-1316
123000384,586,152,434
123000385,189,542,-353
123000436,42,1470,-1428
123000507,129,180,-51
123000508,209,1258,-1049
123000517,250,34,216
123000518,50,216,-166
123000519,174,62,112
123000520,45,189,-144
123000521,381,85,296
123000522,144,332,-188
123000541,8,0,8
123000542,0,4,-4
123000565,723,34,689
123000566,392,420,-28
123000567,82,232,-150
123000573,60,554,-494
123000574,978,75,903
123000575,1875,902,973
123000576,1078,1110,-32
123000577,76,645,-569
123000578,458,93,365
123000579,1651,7179,-5528
123000580,109,44,65
123000582,544,36,508
123000583,23,381,-358
123000584,282,288,-6
123000585,1,91,-90
123000586,101,7,94
123000596,76,78,-2
123000597,100,134,-34
123000602,92,18,74
123000603,991,555,436
123000604,588,520,68
123000605,973,182,791
123000606,0,442,-442
123000609,18,356,-338
123000610,188,149,39
123000613,24,191,-167
123000614,255,63,192
123000615,43,77,-34
123000616,1062,65,997
123000617,114,263,-149
123000618,82,662,-580
123000619,661,42,619
123000620,14,430,-416
123000622,581,23,558
123000624,182,39,143
123000630,1363,476,887
123000631,290,723,-433
123000632,666,577,89
123000633,0,160,-160
123000634,103,261,-158
123000635,92,105,-13
123000636,39,572,-533
123000637,364,75,289
123000638,588,38,550
123000639,872,5403,-4531
123000640,31,504,-473
123000648,31,13,18
123000649,14,72,-58
123900001,1089,46,1043
123900002,47,1252,-1205
123900003,245,370,-125
123900005,310,162,148
123900006,352,61,291
124000001,2314,205,2109
124000002,80,1369,-1289
124000003,1027,165,862
124000004,63,436,-373
124000005,1364,656,708
124000006,212,852,-640
124000007,445,131,314
124000008,1,451,-450
124000009,684,232,452
124000010,205,355,-150
124000011,1195,348,847
124000012,301,410,-109
124000017,239,152,87
124000018,148,78,70
124000019,179,151,28
124000020,50,130,-80
124000021,168,116,52
124000022,84,176,-92
124000023,1472,1655,-183
124000024,1108,373,735
124000025,1250,2050,-800
124000026,858,915,-57
124000027,5156,5216,-60
124000028,1576,3921,-2345
124000030,2212,1227,985
124000031,1382,4973,-3591
124000032,1906,751,1155
124000033,249,368,-119
124000034,787,569,218
124000035,149,287,-138
124000036,77,273,-196
124000037,769,1070,-301
124000038,58,159,-101
124000039,1084,518,566
124000040,556,1111,-555
124000041,675,125,550
124000042,154,425,-271
124000043,237,115,122
124000044,91,178,-87
124000045,1212,579,633
124000046,267,616,-349
124000047,2328,808,1520
124000048,999,1074,-75
124000049,2229,640,1589
124000050,960,1247,-287
124000051,1254,737,517
124000052,709,661,48
124000053,718,1925,-1207
124000054,857,546,311
124000055,1488,3349,-1861
124000056,1876,1180,696
124000057,1218,637,581
124000058,457,991,-534
124000059,827,1498,-671
124000060,1032,554,478
124000061,1482,6220,-4738
124000062,2943,1630,1313
124000063,1079,1466,-387
124000064,1949,1182,767
124000065,56,449,-393
124000066,206,175,31
124000067,229,178,51
124000068,52,77,-25
124000069,605,116,489
124000070,281,346,-65
124000071,428,103,325
124000072,230,438,-208
124000073,1291,136,1155
124000074,201,712,-511
124000075,407,38,369
124000076,13,171,-158
124000077,1332,894,438
124000078,2829,1221,1608
124000079,321,1327,-1006
124000080,797,236,561
124000081,280,427,-147
124000082,92,211,-119
124000083,103,107,-4
124000084,96,613,-517
124000085,124,64,60
124000086,45,131,-86
124000087,164,100,64
124000088,382,457,-75
124000089,1120,313,807
124000090,134,342,-208
124000091,600,112,488
124000092,131,565,-434
124000093,227,78,149
124000094,330,523,-193
124000095,107,91,16
124000096,178,241,-63
124000097,137,130,7
124000098,95,102,-7
124000099,304,135,169
124000100,88,106,-18
124000101,117,109,8
124000102,121,48,73
124000103,156,102,54
124000104,80,29,51
124000105,108,84,24
124000106,133,41,92
124000107,22,181,-159
124000108,66,26,40
124000109,132,108,24
124000110,191,89,102
124000111,246,143,103
124000112,835,538,297
124000113,118,99,19
124000114,289,298,-9
124000115,406,558,-152
124000116,109,148,-39
124000117,40,83,-43
124000118,32,137,-105
124000119,1014,507,507
124000120,711,524,187
124000121,1425,828,597
124000122,569,1377,-808
124000123,1137,401,736
124000124,506,972,-466
124000125,467,455,12
124000126,318,621,-303
124000127,1120,385,735
124000128,600,823,-223
124000129,2358,1520,838
124000130,861,543,318
124000131,985,580,405
124000132,902,699,203
124000133,1087,925,162
124000134,1226,619,607
124000135,1709,1858,-149
124000136,981,954,27
124000137,1210,870,340
124000138,1711,1270,441
124000139,601,32,569
124000140,28,477,-449
124000141,217,13,204
124000142,54,158,-104
124000143,73,12,61
124000144,27,50,-23
124000145,153,31,122
124000146,64,69,-5
124000148,26,97,-71
124000149,1351,433,918
124000150,364,614,-250
124000151,1120,471,649
124000152,798,1227,-429
124000153,1425,888,537
124000154,883,684,199
124000155,1815,1034,781
124000156,1591,1080,511
124000169,251,541,-290
124000170,459,449,10
124000171,372,272,100
124000172,317,405,-88
124000173,593,199,394
124000174,446,449,-3
124000175,10,98,-88
124000176,118,33,85
124000177,6,32,-26
124000178,80,73,7
124000190,117,79,38
124000191,128,163,-35
124000192,1863,442,1421
124000193,412,1024,-612
124000194,372,404,-32
124000195,365,542,-177
124000196,933,860,73
124000197,64,48,16
124000198,50,72,-22
124000201,286,621,-335
124000202,766,326,440
124000203,618,373,245
124000204,1101,230,871
124000205,115,262,-147
124000206,987,286,701
124000207,1,34,-33
124000209,225,283,-58
124000210,691,189,502
124000211,802,6,796
124000212,2,216,-214
124000213,647,205,442
124000214,495,393,102
124000215,579,14,565
124000216,2,280,-278
124000329,133,1083,-950
124000338,88,525,-437
124000339,1437,122,1315
124000341,1766,87,1679
124000344,36,35,1
124000357,1433,2564,-1131
124000358,949,1593,-644
124000359,1256,578,678
124000360,1016,381,635
124000361,2241,1001,1240
124000362,996,1384,-388
124000363,283,272,11
124000364,511,625,-114
124000365,529,885,-356
124000366,1255,767,488
124000367,81,362,-281
124000368,474,667,-193
124000369,175,111,64
124000370,97,526,-429
124000402,22,15,7
124000403,137,26,111
124000404,13,121,-108
124000405,1353,872,481
124000406,738,714,24
124000407,3,18,-15
124000411,16,261,-245
124000412,547,31,516
124000413,153,41,112
124000414,62,91,-29
124000415,48,77,-29
124000416,132,164,-32
124000417,193,101,92
124000418,234,83,151
124000419,118,89,29
124000420,119,61,58
124000421,44,112,-68
124000422,23,17,6
124000423,173,52,121
124000424,1,81,-80
124000425,28,40,-12
124000426,5,51,-46
124000427,56,10,46
124000428,17,57,-40
124000429,94,51,43
124000430,923,593,330
124000431,350,494,-144
124000432,300,661,-361
124000439,2,9,-7
124000443,3,6,-3
124000445,196,1210,-1014
124000446,894,187,707
124900001,684,412,272
124900002,201,191,10
124900003,1183,617,566
124900004,812,364,448
124900005,271,151,120
124900006,840,330,510
124900008,1382,651,731
124900009,258,414,-156
124900010,263,131,132
124900011,810,342,468
124900012,505,116,389
124900013,599,108,491
124900014,346,84,262
124900015,157,427,-270
124900016,83,118,-35
124900017,527,2210,-1683
124900018,81,13,68
124900020,118,54,64
124900021,429,51,378
124900022,86,10,76
124900024,364,16,348
124900026,165,33,132
124900027,158,577,-419
124900028,456,103,353
124900029,37,587,-550
124900030,2,97,-95
124900031,60,302,-242
124900032,300,277,23
124900033,145,267,-122
124900034,71,407,-336
124900035,232,365,-133
124900036,0,42,-42
124900037,266,241,25
124900038,287,231,56
124900039,0,96,-96
124900040,138,125,13
124900041,286,700,-414
124900042,283,2,281
124900043,548,748,-200
124900044,113,4,109
124900045,733,1125,-392
124900046,913,319,594
124900047,174,259,-85
124900048,153,67,86
124900050,163,163,0
124900052,88,385,-297
124900053,161,383,-222
124900054,1140,521,619
124900055,2,143,-141
124900057,6,47,-41
124900060,69,176,-107
124900061,107,11,96
124900062,216,23,193
124900066,1,14,-13
124900067,3,113,-110
124900068,291,581,-290
124900070,132,39,93
124900072,175,32,143
124900074,148,56,92
124900075,308,206,102
124900076,28,1324,-1296
124900077,52,159,-107
124900078,85,15,70
124900079,426,355,71
124900080,335,409,-74
124900081,1346,311,1035
124900082,394,547,-153
124900083,357,382,-25
124900084,1391,198,1193
124900085,838,643,195
124900086,74,1745,-1671
124900087,551,117,434
124900088,521,99,422
124900089,927,23,904
124900090,515,286,229
124900091,389,277,112
124900092,259,184,75
124900093,521,218,303
124900094,571,272,299
124900095,148,559,-411
124900096,529,311,218
124900097,410,71,339
124900098,121,260,-139
124900099,521,450,71
124900100,417,53,364
124900101,137,669,-532
124900102,258,23,235
124900103,179,167,12
124900104,47,165,-118
124900105,91,112,-21
124900106,485,60,425
124900107,136,16,120
124900108,169,130,39
124900109,21,75,-54
124900110,96,100,-4
124900111,1,98,-97
124900112,71,493,-422
124900113,153,287,-134
124900114,182,158,24
124900115,75,38,37
124900116,354,288,66
124900117,354,222,132
124900118,276,465,-189
124900119,457,173,284
124900120,60,277,-217
124900121,132,526,-394
124900122,238,234,4
124900123,280,108,172
124900124,168,301,-133
129000186,167,55,112
204000001,120,2,118
204000002,9,5,4
204000003,22,4,18
204000004,4,0,4
204000005,595,376,219
204000006,1413,1096,317
204000011,15,45,-30
204000012,77,66,11
204000019,745,424,321
204000020,835,815,20
204000021,2524,1301,1223
204000022,631,531,100
204000023,544,600,-56
204000031,64,17,47
204000032,369,24,345
204000034,21,152,-131
204000035,2,4,-2
204000036,4,23,-19
204000037,2,13,-11
204000038,2,12,-10
204000039,6,49,-43
204000040,5,22,-17
204000041,10,19,-9
204000042,61,29,32
204000043,47,6,41
204000044,40,7,33
204000045,77,9,68
204000046,24,1,23
204000057,9,26,-17
204000062,34,24,10
204000068,24,237,-213
204000069,91,355,-264
204000070,125,87,38
204000080,60,59,1
204000085,2054,1275,779
204000086,2020,1543,477
204000087,50,11,39
204000088,4,80,-76
204000090,33,258,-225
204000093,538,82,456
204000096,1091,961,130
204000097,602,9,593
204000099,1276,1477,-201
204000100,1543,1797,-254
204000105,1875,1096,779
204000110,921,1620,-699
204000111,492,887,-395
204000112,1294,1649,-355
204000113,668,1135,-467
204000114,1173,847,326
204000115,804,385,419
204000116,2170,1177,993
204000119,2084,2492,-408
204000132,902,453,449
204000133,1038,195,843
204000134,487,112,375
204000135,768,126,642
204000136,757,263,494
204000138,373,802,-429
204000140,260,169,91
204000141,200,88,112
204000144,2,40,-38
204000145,680,47,633
204000146,20,358,-338
204000147,30,171,-141
204000148,273,13,260
204000154,12,4,8
204000155,5,14,-9
204000177,99,89,10
204000179,41,8,33
204000180,0,27,-27
204000222,3,13,-10
204000235,47,16,31
204000236,78,206,-128
204000238,32,30,2
204000240,443,75,368
204000263,521,834,-313
204000268,913,569,344
204000308,159,8,151
204000317,8,77,-69
204000322,8,45,-37
204000323,9,6,3
204000328,271,44,227
204000329,56,164,-108
204000330,199,14,185
204000331,33,107,-74
204010341,16,204,-188
205000001,817,1337,-520
205000013,9,72,-63
205000014,29,68,-39
205000015,43,132,-89
205000016,47,131,-84
205000017,19,95,-76
205000022,214,748,-534
205000025,932,980,-48
205000029,281,14,267
205000045,160,649,-489
205000046,173,649,-476
205000047,61,758,-697
205000048,327,654,-327
205000049,158,620,-462
205000050,1090,246,844
205000059,1,209,-208
205000060,1,104,-103
205000061,4,174,-170
205000062,3,165,-162
205000063,45,153,-108
205000064,34,92,-58
205000065,86,496,-410
205000066,145,464,-319
205000067,40,663,-623
205000069,183,26,157
205000082,140,145,-5
205000110,87,202,-115
205000111,200,200,0
205000112,218,227,-9
205000113,195,386,-191
205000121,285,67,218
205000123,36,197,-161
205000126,450,82,368
205000127,788,108,680
205000128,404,52,352
205000129,592,61,531
205000130,141,38,103
205000131,87,10,77
205000132,117,4,113
205000133,85,1,84
205000134,285,2,283
205000137,77,170,-93
205000138,166,315,-149
205000139,24,168,-144
205000144,105,89,16
205000145,561,180,381
205000151,162,32,130
205000152,234,15,219
205000153,247,24,223
205000154,137,38,99
205000155,138,10,128
205000207,11,182,-171
205000233,19,1,18
205000234,0,0,0
205000243,0,0,0
205000244,0,1,-1
205000245,11,152,-141
205000249,0,19,-19
205000250,9,2,7
205000264,6,90,-84
206000027,9,5,4
206000028,12,2,10
206000043,14,38,-24
206000053,2,10,-8
206000054,2,13,-11
206000055,0,18,-18
206000075,15,15,0
206000076,37,7,30
206000077,46,7,39
206000078,20,8,12
206000079,28,3,25
206000082,474,74,400
206000100,29,401,-372
206000103,8,13,-5
206000104,14,31,-17
206000105,4,15,-11
206000106,18,30,-12
206000108,688,55,633
206000125,82,0,82
206000157,40,433,-393
206000170,4,125,-121
206000171,6,155,-149
206000172,9,228,-219
206000173,6,124,-118
206000174,26,39,-13
206000175,3,60,-57
206000176,9,101,-92
206000177,1,79,-78
206000178,1,153,-152
206000179,4,84,-80
206000180,9,90,-81
206000181,23,78,-55
206000182,4,69,-65
206000183,24,250,-226
206000184,3,176,-173
206000185,2,100,-98
206000186,80,448,-368
206000223,2,166,-164
206000226,14,4,10
206000227,23,3,20
206000237,32,187,-155
206000238,20,315,-295
206000239,190,1350,-1160
206000240,1,48,-47
206000241,0,70,-70
206000242,4,125,-121
206000243,6,92,-86
206000244,48,286,-238
206000245,1253,71,1182
206000246,350,10,340
206000247,449,7,442
206000248,656,15,641
206000252,70,30,40
206000258,30,39,-9
206000315,59,3,56
206000317,878,133,745
206000318,786,90,696
206000319,2461,86,2375
206000320,389,28,361
206000321,409,15,394
206000322,700,21,679
206000323,244,12,232
206000324,264,7,257
206000325,237,17,220
206000326,215,15,200
206000327,183,9,174
206000328,280,12,268
206000329,410,3,407
206000330,84,8,76
206000331,267,1,266
206000332,68,3,65
206000333,868,2,866
206000334,392,5,387
206000335,1,22,-21
206000361,4,160,-156
206000392,2,17,-15
206000405,201,0,201
206000441,29,12,17
206000498,57,20,37
206000515,95,54,41
206000530,433,76,357
206000531,320,265,55
206000532,1805,369,1436
206000535,132,1407,-1275
206000536,11,107,-96
206000537,18,124,-106
206000613,2014,277,1737
207000001,188,582,-394
207000002,108,302,-194
207000003,147,136,11
207000007,1383,258,1125
207000008,181,8,173
207000009,60,46,14
207000010,400,279,121
207000012,553,288,265
207000015,192,815,-623
207000019,323,65,258
207000021,714,181,533
207000022,232,146,86
207000023,251,56,195
207000024,3,21,-18
207000025,35,73,-38
207000026,81,56,25
207000027,51,65,-14
207000028,52,150,-98
207000029,215,346,-131
207000033,177,424,-247
207000034,411,107,304
207000039,640,105,535
207000040,544,61,483
207000041,251,47,204
207000042,334,54,280
207000043,278,209,69
207000051,133,177,-44
207000052,176,103,73
207000053,422,413,9
207000054,46,103,-57
207000055,150,111,39
207000056,326,257,69
207000057,150,337,-187
207000058,149,213,-64
207000059,82,322,-240
207000060,55,148,-93
207000061,242,824,-582
207000062,441,44,397
207000063,446,114,332
207000064,558,118,440
207000065,444,245,199
207000066,313,150,163
207000067,50,75,-25
207000068,135,59,76
207000069,962,307,655
207000082,8,147,-139
207000083,76,180,-104
207000084,374,255,119
207000085,315,35,280
207000086,331,6,325
207000106,48,28,20
207000107,129,23,106
207000108,93,17,76
207000109,59,12,47
207000110,63,75,-12
207000111,89,86,3
207000112,141,789,-648
207000114,20,40,-20
207000115,36,46,-10
207000116,44,376,-332
207000117,12,101,-89
207000118,5,66,-61
207000119,32,51,-19
207000123,213,26,187
207000124,103,33,70
207000125,79,33,46
207000126,89,40,49
207000134,124,108,16
207000135,29,140,-111
207000148,98,351,-253
207000149,77,23,54
207000152,125,379,-254
207000153,726,1193,-467
207000154,333,144,189
207000159,97,118,-21
207000160,109,248,-139
207000238,0,169,-169
207000242,10,124,-114
207000248,35,24,11
207000249,94,38,56
207000250,544,66,478
207000251,85,75,10
207000252,73,46,27
207000278,150,80,70
207000279,20,108,-88
207000280,839,82,757
207000281,97,598,-501
207000282,202,182,20
207000283,70,229,-159
207000284,38,409,-371
207000285,81,81,0
207000291,19,116,-97
207000304,134,56,78
207000306,70,271,-201
207000310,113,90,23
207000353,325,3,322
207000356,13,52,-39
207000357,27,13,14
207000358,8,19,-11
207000415,2,159,-157
207000417,52,5,47
207000418,171,176,-5
207000438,0,0,0
207000439,818,876,-58
207000446,208,9,199
207000460,54,6,48
207000466,157,104,53
207000467,434,88,346
207000468,59,202,-143
207000476,23,50,-27
207000477,803,90,713
207000478,0,61,-61
207000523,0,4,-4
207000524,56,0,56
207000527,166,166,0
207000530,649,7,642
207000531,413,16,397
207000532,136,43,93
207000534,335,47,288
207000535,31,304,-273
207000537,32,98,-66
207000540,3,166,-163
207000541,4,255,-251
207000548,10,214,-204
207000549,459,29,430
207000561,199,262,-63
207000562,49,165,-116
207000567,159,210,-51
207000568,274,40,234
207000569,565,409,156
207000584,268,158,110
207000585,73,376,-303
207000616,0,81,-81
207000617,214,2,212
207900008,371,79,292
208000001,716,1190,-474
208000002,898,484,414
208000003,1179,393,786
208000004,1126,730,396
208000005,3,20,-17
208000019,654,760,-106
208000020,241,426,-185
208000021,205,274,-69
208000022,924,420,504
208000028,1212,1518,-306
208000033,604,565,39
208000034,1121,1277,-156
208000037,253,14,239
208000040,257,122,135
208000041,781,569,212
208000042,1088,673,415
208000047,166,180,-14
208000064,2272,1314,958
208000066,1719,2650,-931
208000070,426,292,134
208000071,506,553,-47
208000072,489,1067,-578
208000080,344,382,-38
208000081,407,137,270
208000082,388,209,179
208000083,187,306,-119
208000084,15,14,1
208000085,805,590,215
208000086,484,974,-490
208000087,706,741,-35
208000089,1078,293,785
208000090,1039,450,589
208000093,156,155,1
208000094,493,372,121
208000095,745,460,285
208000104,1031,771,260
208000105,857,865,-8
208000114,129,347,-218
208000115,537,318,219
208000116,672,1056,-384
208000117,154,158,-4
208000118,142,202,-60
208000155,749,864,-115
208000158,1362,3728,-2366
208000186,3069,3806,-737
208000204,725,942,-217
208000205,1221,755,466
208000282,4402,3003,1399
209000004,450,193,257
209000005,52,59,-7
209000006,468,178,290
209000007,315,265,50
209000010,372,111,261
209000011,153,198,-45
209000012,182,177,5
209000013,245,239,6
209000014,451,784,-333
209000025,447,41,406
209000026,847,127,720
209000027,362,561,-199
209000028,554,521,33
209000029,423,540,-117
209000030,391,956,-565
209000031,2093,1542,551
209000034,222,320,-98
209000035,144,218,-74
209000036,225,146,79
209000037,420,194,226
209000038,188,150,38
209000039,91,157,-66
209000040,336,521,-185
209000041,214,399,-185
209000042,296,346,-50
209000043,723,760,-37
209000044,270,837,-567
209000045,1194,379,815
209000046,568,500,68
209000047,419,213,206
209000048,651,292,359
209000049,87,85,2
209000050,216,91,125
209000051,270,206,64
209000052,125,166,-41
209000062,39,62,-23
209000063,65,53,12
209000064,52,80,-28
209000065,93,16,77
209000066,108,22,86
209000067,135,42,93
209000080,14,143,-129
209000082,98,32,66
209000091,33,107,-74
209000093,79,16,63
209000094,121,190,-69
209000110,50,147,-97
209000111,609,1739,-1130
209000112,1303,443,860
209000113,2202,509,1693
209000114,1046,452,594
209000115,99,92,7
209000116,455,310,145
209000118,23,28,-5
209000119,28,6,22
209000121,111,340,-229
209000135,81,205,-124
209000142,894,2138,-1244
209000143,58,63,-5
209000144,41,115,-74
209000229,253,166,87
209000240,31,214,-183
209000259,84,86,-2
209000260,28,934,-906
209000261,6,473,-467
209000262,2,313,-311
209000263,0,187,-187
209000264,1,313,-312
209000265,460,1,459
209000266,218,4,214
209000267,1137,11,1126
209000268,754,64,690
210000037,85,36,49
210000047,115,22,93
210000048,123,11,112
210000049,60,6,54
210000052,71,71,0
210000053,53,69,-16
210000054,38,49,-11
210000070,154,8,146
210000071,94,0,94
210000072,44,0,44
210000073,1,43,-42
210000074,2,100,-98
210000075,4,85,-81
210000076,15,140,-125
210000077,2,46,-44
210000078,24,63,-39
210000079,20,15,5
210000080,87,84,3
210000081,218,18,200
210000082,117,12,105
210000083,158,5,153
210000084,68,0,68
210000085,0,48,-48
210000086,1,87,-86
210000099,60,179,-119
210000100,47,153,-106
210000101,75,146,-71
210000105,40,169,-129
210000159,2,258,-256
210000163,153,223,-70
210000164,316,235,81
210000168,99,28,71
210000187,0,17,-17
210000188,0,9,-9
210000214,24,0,24
210000219,45,59,-14
210000220,162,35,127
210000232,6,20,-14
210000233,40,31,9
210000234,29,107,-78
210000235,73,56,17
210000245,2,55,-53
210000246,34,0,34
210000258,18,98,-80
210000259,419,74,345
210000282,96,206,-110
210000285,2,100,-98
210000286,47,155,-108
210000290,4,8,-4
210000295,50,100,-50
210000296,49,36,13
210000320,226,57,169
210000321,109,59,50
210000338,32,72,-40
210000339,235,1155,-920
210000340,84,368,-284
210000341,215,262,-47
210000342,196,152,44
210000343,202,155,47
210000344,142,97,45
210000345,138,244,-106
210000346,72,120,-48
210000347,77,56,21
210000348,122,36,86
210000349,40,26,14
210000350,163,70,93
210000351,195,85,110
210000352,72,58,14
210000353,74,67,7
210000354,62,55,7
210000355,65,70,-5
210000356,27,65,-38
210000357,57,69,-12
210000358,219,155,64
210000359,61,89,-28
210000360,187,109,78
210000361,188,135,53
210000362,271,149,122
210000363,601,269,332
210000364,118,193,-75
210000365,100,104,-4
210000366,196,62,134
210000367,100,30,70
210000368,152,41,111
210000369,23,30,-7
210000370,59,39,20
210000372,28,28,0
210000373,22,21,1
210000374,64,17,47
210000375,33,49,-16
210000376,57,102,-45
210000404,59,118,-59
210000439,44,30,14
210000472,64,3,61
210000482,101,130,-29
210000564,275,362,-87
210000567,2,34,-32
210000568,287,1,286
211000092,55,61,-6
211000094,28,10,18
211000169,240,16,224
211000172,10,211,-201
211000209,0,32,-32
211000226,29,27,2
211000270,30,18,12
211000275,17,10,7
211000276,120,14,106
211000279,34,19,15
211000281,120,43,77
211507980,6,51,-45
211977296,44,6,38
212000003,182,40,142
212000004,16,37,-21
212000005,17,27,-10
212000006,37,42,-5
212000008,170,107,63
212000009,44,84,-40
212000012,95,90,5
212000013,29,46,-17
212000014,310,151,159
212000015,332,204,128
212000016,496,452,44
212000027,680,306,374
212000028,373,288,85
212000029,284,197,87
212000030,46,35,11
212000031,90,42,48
212000048,40,180,-140
212000049,13,135,-122
212000050,24,10,14
212000051,209,134,75
212000052,182,219,-37
212000053,353,354,-1
212000054,351,71,280
212000055,326,146,180
212000056,48,30,18
212000057,5,26,-21
212000058,163,47,116
212000070,98,179,-81
212000077,141,419,-278
212000099,306,238,68
212000108,237,143,94
212000111,284,83,201
212000120,118,43,75
212000138,158,22,136
212000156,10,79,-69
212000158,18,21,-3
212000159,573,34,539
212000160,1001,197,804
212000161,96,10,86
212000310,49,13,36
212000311,19,54,-35
212000374,30,9,21
213000001,48,299,-251
213000005,600,163,437
213000006,1207,319,888
213000007,104,7,97
213000009,686,448,238
213000010,254,329,-75
213000011,218,125,93
213000012,149,252,-103
213000014,93,26,67
213000015,284,5,279
213000016,424,1,423
213000017,102,0,102
213000018,0,134,-134
213000019,2,139,-137
213000020,127,309,-182
213000021,3,115,-112
213000023,534,222,312
213000033,400,1675,-1275
213000034,848,204,644
213000035,141,220,-79
213000045,149,285,-136
213000046,204,161,43
213000047,561,1327,-766
213000056,171,44,127
213000069,84,5,79
213000073,1,71,-70
213000074,58,357,-299
213000075,676,11,665
213000076,26,2,24
213000085,5,36,-31
213000086,21,140,-119
213000091,276,20,256
213000092,126,18,108
213000099,195,1125,-930
213000100,1313,298,1015
213000101,590,137,453
213000102,740,229,511
213000103,1103,777,326
213000104,65,369,-304
213000105,2,200,-198
213000106,29,103,-74
213000107,186,360,-174
213000108,39,353,-314
213000109,12,160,-148
213000110,20,55,-35
213000111,9,101,-92
213000112,93,122,-29
213000115,103,11,92
213000116,72,318,-246
213000117,4,567,-563
213000118,592,247,345
213000119,60,576,-516
213000120,77,425,-348
213000122,122,434,-312
213000123,335,968,-633
213000124,114,1234,-1120
213000125,201,36,165
213000126,66,139,-73
213000127,128,255,-127
213000128,347,1016,-669
213000129,297,1026,-729
213000130,817,401,416
213000132,673,123,550
213000133,941,130,811
213000134,1139,18,1121
213000136,619,29,590
213000137,803,69,734
213000139,230,20,210
213000147,94,9,85
213000148,46,23,23
213000149,50,6,44
213000150,0,153,-153
213000151,0,173,-173
213000152,2,140,-138
213000153,5,125,-120
213000154,54,422,-368
213000155,72,227,-155
213000156,171,368,-197
213000157,735,313,422
213000158,439,891,-452
213000159,716,453,263
213000163,1250,130,1120
213000165,1217,310,907
213000171,0,32,-32
213000172,1,148,-147
213000173,4,142,-138
213000174,1,88,-87
213000175,10,43,-33
213000176,54,28,26
213000177,160,5,155
213000178,255,6,249
213000179,307,1,306
213000180,259,0,259
213000184,109,373,-264
213000188,453,92,361
213000189,534,48,486
213000190,914,658,256
213000191,529,344,185
213000192,296,281,15
213000193,696,271,425
213000194,0,103,-103
213000195,29,344,-315
213000196,320,1170,-850
213000197,513,485,28
213000198,62,2,60
213000200,200,698,-498
213000201,35,59,-24
213000202,20,426,-406
213000203,2957,581,2376
213000204,806,54,752
213000205,423,73,350
213000206,548,54,494
213000207,105,12,93
213000208,97,4,93
213000209,170,1,169
213000210,282,2,280
213000211,5,30,-25
213000212,11,57,-46
213000213,28,66,-38
213000218,291,381,-90
213000219,661,23,638
213000220,614,14,600
213000223,210,240,-30
213000224,48,73,-25
213000225,104,16,88
213000226,67,13,54
213000227,1069,188,881
213000228,518,97,421
213000229,148,34,114
213000230,369,45,324
213000232,64,994,-930
213000233,11,711,-700
213000234,9,77,-68
213000293,20,102,-82
213000294,183,33,150
213000295,15,90,-75
213000296,59,17,42
213000297,24,70,-46
213000298,28,90,-62
213000299,52,37,15
213000300,12,9,3
213000303,5,39,-34
213000304,8,11,-3
213000305,6,21,-15
213000306,25,34,-9
213000307,131,64,67
213000308,121,178,-57
213000309,155,81,74
213000310,542,172,370
213000311,220,820,-600
213000315,95,81,14
213000316,183,58,125
213000322,90,77,13
213000323,143,68,75
213000324,86,22,64
213000325,54,64,-10
213000326,41,17,24
213000327,88,37,51
213000328,37,148,-111
213000329,135,26,109
213000340,154,401,-247
213000341,723,121,602
213000346,334,320,14
213000347,661,561,100
213000348,6,180,-174
213000349,28,12,16
213000350,309,754,-445
213000366,59,267,-208
213000367,302,27,275
213000379,91,86,5
213000386,12,319,-307
213000406,111,449,-338
213000417,1443,431,1012
213000425,312,36,276
213000426,227,62,165
213000427,56,138,-82
213000428,70,156,-86
213000429,7,3,4
213000430,134,535,-401
213000431,27,2,25
213000432,4,44,-40
213000433,31,99,-68
213000434,93,113,-20
213000435,152,88,64
213000436,54,67,-13
213000437,2,14,-12
213000438,198,78,120
213000439,80,10,70
213000440,18,329,-311
213000441,4,3,1
213000442,1,36,-35
213000443,412,298,114
213000444,69,34,35
213000445,0,116,-116
213000446,2,53,-51
213000447,0,28,-28
213000448,16,137,-121
213000449,673,10,663
213000450,30,35,-5
213000451,314,121,193
213000452,18,30,-12
213000453,57,226,-169
213000455,325,1,324
213000456,4,573,-569
213000481,12,11,1
213000482,45,3,42
213000489,318,79,239
213000491,2,189,-187
213000492,237,59,178
213000493,1,168,-167
213000494,328,118,210
213000495,0,43,-43
213000496,542,174,368
213000497,47,229,-182
213000498,164,147,17
213000499,253,341,-88
213000500,622,58,564
213000501,153,39,114
213000502,175,137,38
213000503,0,84,-84
213000504,27,63,-36
213000505,21,0,21
213000506,0,10,-10
213000507,5,113,-108
213900016,0,8,-8
213900244,70,0,70
213900245,0,25,-25
218000003,36,27,9
218000004,33,24,9
218000005,36,40,-4
218000006,54,37,17
218000007,48,15,33
218000012,215,128,87
218000013,129,136,-7
218000014,439,343,96
218000019,663,483,180
218000020,276,400,-124
218000021,36,27,9
218000022,13,19,-6
218000023,6,13,-7
218000024,2,4,-2
218000025,20,8,12
218000026,11,15,-4
218000027,1,6,-5
218000028,2,1,1
218000029,5,1,4
218000030,21,13,8
218000031,9,15,-6
218000032,3,31,-28
218000040,8,4,4
218000046,52,86,-34
218000047,12,93,-81
218000048,61,55,6
218000049,101,73,28
218000050,390,221,169
218000051,111,199,-88
218000052,1,84,-83
218000053,3,12,-9
218000054,11,123,-112
218000055,8,34,-26
218000056,11,27,-16
218000057,2,36,-34
218000064,4,17,-13
218000065,99,41,58
218000066,16,34,-18
218000067,52,73,-21
218000068,164,97,67
218000069,311,108,203
218000070,295,196,99
218000071,210,134,76
218000072,257,169,88
218000078,904,607,297
218000079,127,71,56
218000080,193,47,146
218000081,593,180,413
218000082,68,101,-33
218000083,74,54,20
218000084,171,80,91
218000085,186,222,-36
218000086,96,109,-13
218000087,185,133,52
218000090,25,117,-92
218000091,1131,493,638
218000092,95,146,-51
218000093,103,38,65
218000094,471,453,18
218000099,316,558,-242
218000100,295,245,50
218000101,363,112,251
218000102,401,157,244
218000103,137,117,20
218000104,109,35,74
218000105,48,17,31
218000106,15,4,11
218000107,70,45,25
218000108,9,37,-28
218000112,66,28,38
218000117,49,42,7
218000134,445,380,65
218000135,21,106,-85
218000136,205,116,89
218000137,154,125,29
218000138,54,103,-49
218000139,189,275,-86
218000140,545,234,311
218000141,74,66,8
218000142,238,204,34
218000143,105,396,-291
218000144,55,109,-54
218000145,473,302,171
218000146,119,174,-55
218000151,9,17,-8
218000152,105,35,70
218000153,16,3,13
218000154,25,3,22
218000155,27,1,26
218000156,100,10,90
218000157,53,7,46
218000158,15,9,6
218000159,9,5,4
218000160,15,4,11
218000161,39,3,36
218000162,38,5,33
218000163,12,8,4
218000164,65,5,60
218000165,71,26,45
218000170,4,42,-38
218000171,56,14,42
218000172,6,6,0
218000173,33,10,23
218000174,12,3,9
218000176,182,32,150
218000177,256,163,93
218000178,47,167,-120
218000179,69,48,21
218000180,55,20,35
218000181,132,33,99
218000187,18,39,-21
218000188,29,64,-35
218000189,30,52,-22
218000190,9,29,-20
218000191,169,46,123
218000192,206,147,59
218000193,432,238,194
218000194,113,224,-111
218000195,166,57,109
218000196,433,234,199
218000197,595,235,360
218000198,25,96,-71
218000199,60,35,25
218000200,79,27,52
218000201,21,7,14
218000202,76,295,-219
218000207,7,23,-16
218000208,24,19,5
218000211,72,43,29
218000212,0,16,-16
218000213,101,87,14
218000214,6,29,-23
218000215,40,39,1
218000217,5,62,-57
218000218,154,59,95
218000219,24,19,5
218000220,49,387,-338
218000221,582,185,397
218000222,3,30,-27
218000223,31,306,-275
218000224,3,146,-143
218000225,175,20,155
218000226,136,51,85
218000230,0,9,-9
218000232,44,19,25
218000239,121,11,110
218000240,10,5,5
218000241,28,1,27
218000242,41,7,34
218000243,60,20,40
218000244,71,11,60
218000245,39,5,34
218000246,1,1,0
218000247,0,0,0
218000248,0,25,-25
218000249,0,3,-3
218000250,1,13,-12
218000251,3,55,-52
218000252,0,117,-117
218000253,2,126,-124
218000254,0,93,-93
218000255,2,52,-50
218000256,12,121,-109
218000267,385,823,-438
218000268,12,32,-20
218000269,2,15,-13
218000270,142,50,92
218000271,9,38,-29
218000273,29,3,26
218000274,20,2,18
218000275,41,38,3
218000276,20,30,-10
218000278,17,31,-14
218000279,106,55,51
218000280,9,29,-20
218000281,19,18,1
218000282,576,704,-128
218000284,96,11,85
218000301,117,110,7
218000302,107,65,42
218000303,29,67,-38
218000316,912,927,-15
218000317,1642,833,809
218000318,1042,585,457
218000319,1256,679,577
218000320,820,449,371
218000338,39,33,6
218000345,90,48,42
218000346,36,179,-143
218000459,30,220,-190
218000490,16,55,-39
218000501,112,47,65
218000502,50,51,-1
218000503,125,19,106
218000504,135,31,104
218000505,56,114,-58
218000506,46,227,-181
218000508,6,11,-5
218000510,130,10,120
218000520,131,105,26
218000521,7,37,-30
218000522,4,128,-124
218000523,124,3,121
218000524,34,391,-357
218000525,104,27,77
218000526,40,222,-182
218000529,52,87,-35
218000530,18,6,12
218000531,24,19,5
218000532,24,15,9
218000534,239,15,224
218000537,24,66,-42
218000538,154,415,-261
218000540,349,104,245
218000543,225,63,162
218000544,36,47,-11
218000545,94,57,37
218000546,46,54,-8
218000547,91,201,-110
218000548,149,66,83
218000549,521,557,-36
218000550,168,180,-12
218000551,77,908,-831
218000552,315,81,234
218000553,45,97,-52
218000554,49,41,8
218000555,42,80,-38
218000556,152,174,-22
218000557,339,118,221
218000558,60,1,59
218000559,0,37,-37
218000560,0,26,-26
218000561,8,0,8
218000562,37,178,-141
218000563,182,15,167
218000564,9,142,-133
218000565,144,44,100
218000566,268,44,224
218000567,2,142,-140
218000568,48,10,38
218000569,12,309,-297
218000570,155,22,133
218000571,2,106,-104
218000572,120,5,115
218000573,12,278,-266
218000574,66,36,30
218000575,144,0,144
218000576,0,82,-82
218000577,122,3,119
218000578,1,78,-77
218000579,75,19,56
218000581,6,50,-44
218000582,47,3,44
218000583,19,0,19
218000584,1,28,-27
218000585,41,6,35
218000586,11,37,-26
218000587,3,1,2
218000588,2,4,-2
218000589,2,7,-5
218000590,0,2,-2
218000591,1,3,-2
218000592,5,1,4
218000593,0,0,0
218000594,0,1,-1
218000595,0,1,-1
218000596,0,0,0
218000597,0,0,0
218000598,0,0,0
218000599,3,0,3
218000600,1,1,0
218000601,1,0,1
218000602,1,1,0
218000603,0,4,-4
218000604,9,0,9
218000605,1,36,-35
218000606,66,0,66
218000607,11,36,-25
218000608,61,11,50
218000609,11,46,-35
218000610,97,9,88
218000611,21,3,18
218000612,3,12,-9
218000613,45,1,44
218000614,0,29,-29
218000615,121,0,121
218000616,6,141,-135
218000617,31,2,29
218000618,0,18,-18
218000619,43,25,18
218000620,21,45,-24
218000621,0,4,-4
218000622,0,13,-13
218000623,72,0,72
218000624,1,9,-8
218000625,10,2,8
218000626,3,10,-7
218000628,205,47,158
218000631,32,23,9
218000632,2,108,-106
218000633,174,3,171
218000634,2,15,-13
218000635,9,6,3
218000636,850,749,101
218000637,1293,420,873
218000638,207,34,173
218000639,16,93,-77
218000640,352,16,336
218000641,57,161,-104
218000652,41,52,-11
218000653,171,45,126
218000663,5,104,-99
218000675,79,79,0
218000676,3,21,-18
218000677,18,1,17
218000680,260,262,-2
218000681,390,133,257
218000691,193,129,64
218000693,388,140,248
218000703,9,17,-8
218000718,200,1144,-944
218000719,520,804,-284
218000720,19,411,-392
218000721,167,33,134
218000725,7,1,6
218001214,10,133,-123
218001258,111,1,110
218001329,99,124,-25
218001330,86,56,30
218001351,41,10,31
218001352,14,19,-5
218001353,17,8,9
218001354,8,26,-18
218001356,620,26,594
218001358,399,2,397
218001361,458,17,441
219000001,44,40,4
219000002,53,37,16
219000003,83,56,27
219000004,45,56,-11
219000017,78,45,33
219000020,168,43,125
219000022,161,1,160
219000023,108,1,107
219000029,8,65,-57
219000034,37,27,10
219000039,84,141,-57
219000040,67,60,7
219000041,156,31,125
219000051,1,56,-55
219000052,0,22,-22
219000053,0,67,-67
219000054,28,78,-50
219000055,268,9,259
219000056,10,0,10
219000057,82,0,82
219000062,24,59,-35
219000063,76,6,70
219000064,2,77,-75
219000110,461,85,376
219000111,147,36,111
219000112,209,62,147
219000113,143,60,83
219000114,201,76,125
219000116,87,41,46
219000117,118,50,68
219000118,159,54,105
219000123,137,92,45
219000124,129,76,53
219000125,24,11,13
219000126,52,84,-32
219000127,0,7,-7
219000128,6,83,-77
219000129,20,107,-87
219000130,236,405,-169
219000131,638,811,-173
219000133,40,48,-8
219000134,9,35,-26
219000135,29,61,-32
219000136,90,179,-89
219000138,39,12,27
219000139,40,10,30
219000140,93,6,87
219000141,28,59,-31
219000142,19,71,-52
219000143,13,55,-42
219000145,23,32,-9
219000146,11,20,-9
219000147,1,18,-17
219000148,3,25,-22
219000149,7,40,-33
219000150,4,34,-30
219000151,2,17,-15
219000157,255,99,156
219000158,121,216,-95
219000161,155,9,146
219000163,1153,527,626
219000166,108,155,-47
219000167,115,148,-33
219000168,340,85,255
219000174,511,141,370
219000175,130,3,127
219000176,172,9,163
219000177,71,5,66
219000178,82,3,79
219000179,35,9,26
219000180,39,47,-8
219000182,112,20,92
219000183,75,43,32
219000184,107,29,78
219000185,1,34,-33
219000186,53,19,34
219000187,22,71,-49
219000189,60,142,-82
219000190,49,202,-153
219000191,422,1254,-832
219000192,164,107,57
219000193,165,125,40
219000195,1,37,-36
219000196,2,85,-83
219000198,19,84,-65
219000199,45,186,-141
219000200,40,136,-96
219000201,54,135,-81
219000203,39,120,-81
219000204,53,275,-222
219000205,59,185,-126
219000207,108,198,-90
219000209,23,51,-28
219000210,23,80,-57
219000213,6,98,-92
219000239,224,188,36
219000240,290,303,-13
219000241,167,140,27
219000242,55,133,-78
219000243,94,171,-77
219000244,16,77,-61
219000245,30,40,-10
219000246,40,36,4
219000247,257,44,213
219000248,582,523,59
219000249,179,112,67
219000250,168,101,67
219000251,662,257,405
219000252,222,170,52
219000253,507,129,378
219000255,139,105,34
219000256,294,82,212
219000257,110,0,110
219000262,94,72,22
219000263,72,106,-34
219000267,4,54,-50
219000268,8,0,8
219000269,5,5,0
219000270,8,0,8
219000271,151,6,145
219000278,0,7,-7
219000279,0,2,-2
219000283,0,20,-20
219000295,14,92,-78
219000296,72,349,-277
219000297,14,75,-61
219000298,17,95,-78
219000299,522,75,447
219000300,24,133,-109
219000301,150,304,-154
219000302,31,197,-166
219000307,33,22,11
219000308,64,54,10
219000311,198,43,155
219000312,652,105,547
219000313,385,52,333
219000314,63,222,-159
219000315,330,27,303
219000316,603,82,521
219000317,141,10,131
219000320,0,35,-35
219000321,0,19,-19
219000323,4,54,-50
219000325,0,13,-13
219000326,55,49,6
219000327,45,25,20
219000328,18,51,-33
219000329,296,94,202
219000330,51,39,12
219000331,50,40,10
219000332,194,70,124
219000333,21,0,21
219000335,92,0,92
219000337,24,0,24
219000338,59,2,57
219000344,22,64,-42
219000345,50,49,1
219000346,35,46,-11
219000348,156,53,103
219000349,27,115,-88
219000350,101,207,-106
219000351,7,10,-3
219000352,382,66,316
219000353,114,46,68
219000354,254,63,191
219000355,151,52,99
219000356,834,1282,-448
219000363,217,51,166
219000364,135,41,94
219000365,113,11,102
219000366,247,413,-166
219000368,354,579,-225
219000370,1027,677,350
219000371,4,22,-18
219000382,9,21,-12
219000383,413,1308,-895
219000385,447,429,18
219000386,556,1567,-1011
219000387,2,20,-18
219000390,1,0,1
219000391,2,0,2
219000397,64,28,36
219000398,80,51,29
219000401,12,118,-106
219000402,19,117,-98
219000403,150,359,-209
219000404,10,131,-121
219000407,8,46,-38
219000409,79,39,40
219000410,132,42,90
219000411,75,27,48
219000446,81,400,-319
219000447,2,15,-13
219000448,22,2,20
219000452,126,76,50
219000453,61,188,-127
219000454,209,316,-107
219000556,330,75,255
219000558,328,104,224
219000590,34,150,-116
219000591,141,99,42
219000592,122,254,-132
219000595,5,22,-17
219000635,233,57,176
219000636,19,51,-32
219000657,67,34,33
219000658,84,164,-80
219000673,0,52,-52
219000676,69,14,55
219000679,38,5,33
219000684,123,7,116
219000685,0,39,-39
219000686,0,5,-5
219000688,1,37,-36
219000689,28,222,-194
219000690,156,12,144
219000691,58,177,-119
219000692,227,28,199
219000693,0,13,-13
219000694,15,1,14
219000695,36,3,33
219000698,11,0,11
219000699,0,28,-28
219000727,2,69,-67
219000728,90,2,88
219000770,75,0,75
219000771,0,32,-32
219000788,258,228,30
219001150,2,49,-47
219001151,0,8,-8
219001166,35,22,13
219001167,2,93,-91
219001178,73,0,73
220000001,42,85,-43
220000002,6,68,-62
220000003,362,146,216
220000004,489,340,149
220000005,997,1384,-387
220000006,191,593,-402
220000007,366,330,36
220000008,306,594,-288
220000009,264,359,-95
220000010,145,104,41
220000011,395,3079,-2684
220000012,72,369,-297
220000014,122,48,74
220000015,42,279,-237
220000017,86,249,-163
220000018,3965,2102,1863
220000019,112,324,-212
220000020,418,212,206
220000021,798,189,609
220000022,994,347,647
220000023,383,198,185
220000024,1891,404,1487
220000025,1088,1356,-268
220000026,367,548,-181
220000027,33,124,-91
220000028,52,77,-25
220000029,54,102,-48
220000030,46,86,-40
220000031,660,434,226
220000064,21,816,-795
221000046,2,0,2
221000047,0,2,-2
221000048,0,3,-3
221000049,0,11,-11
221000050,22,0,22
221000055,21,49,-28
221000057,87,8,79
221000068,317,127,190
221000069,384,77,307
221000070,280,27,253
221000071,118,10,108
221000072,225,12,213
221000073,165,41,124
221000074,1,14,-13
221000075,15,20,-5
221000076,7,12,-5
221000077,22,75,-53
221000081,16,6,10
221000082,84,3,81
221000083,16,3,13
221000084,3,4,-1
221000085,12,44,-32
221000086,10,78,-68
221000087,5,111,-106
221000088,12,106,-94
221000089,32,209,-177
221000090,68,431,-363
221000098,122,13,109
221000099,193,6,187
221000100,112,6,106
221000101,220,16,204
221000102,158,23,135
221000109,7,100,-93
221000110,6,59,-53
221000111,13,99,-86
221000112,5,91,-86
221000113,20,111,-91
221000114,6,106,-100
221000120,25,42,-17
221000121,0,46,-46
221000122,58,56,2
221000123,8,8,0
221000124,24,122,-98
221000155,155,12,143
221000156,59,35,24
221000175,1,6,-5
221000176,0,2,-2
221000182,41,4,37
221000241,491,252,239
221000242,136,311,-175
221000243,433,181,252
221000244,272,369,-97
221000245,92,69,23
221000246,44,241,-197
221000247,93,108,-15
221000248,123,89,34
221000267,68,695,-627
221000325,79,88,-9
221000331,9,58,-49
221000338,7,31,-24
221000378,307,31,276
221000381,57,53,4
222000282,11,5,6
222000296,4,13,-9
222000568,388,22,366
222000569,274,49,225
222000570,184,19,165
222000571,448,26,422
222000577,13,77,-64
222000578,25,104,-79
222000579,26,129,-103
222000580,68,628,-560
222000599,0,112,-112
222000600,0,231,-231
222000601,5,836,-831
222000603,14,49,-35
222000604,1,89,-88
222000605,28,29,-1
222000606,2,25,-23
222000607,1,11,-10
222000608,18,24,-6
222000609,70,128,-58
222000616,497,44,453
222000617,20,45,-25
222000618,8,8,0
222000620,31,17,14
222000621,41,22,19
222000623,629,3,626
222000624,419,4,415
222000625,804,15,789
222000636,69,8,61
222000686,75,24,51
222000687,69,22,47
222001066,421,4,417
222001067,50,2,48
222001068,99,26,73
222001069,60,32,28
222001082,28,30,-2
222001083,34,41,-7
222001084,0,58,-58
222001085,0,207,-207
222001111,83,98,-15
222001112,194,28,166
222001313,27,4,23
222001314,13,102,-89
222001464,101,42,59
222001465,18,48,-30
222001484,201,54,147
222001485,30,40,-10
222001494,701,148,553
222001495,113,142,-29
222001496,431,122,309
222001497,81,213,-132
222001502,18,77,-59
222001503,141,49,92
222001504,48,240,-192
222001505,442,23,419
222001506,43,277,-234
222001507,339,29,310
222001510,683,25,658
222001511,37,229,-192
222001514,902,175,727
222001515,181,408,-227
222001518,438,72,366
222001519,63,130,-67
222001527,287,49,238
222001528,51,112,-61
222001529,385,49,336
222001530,70,162,-92
222001533,84,187,-103
222001534,422,66,356
222001535,267,216,51
222001536,157,124,33
222001537,476,39,437
222001538,68,348,-280
222001563,1013,154,859
222001564,58,312,-254
222001568,268,161,107
222001576,3,4,-1
222001579,0,27,-27
222001583,8,95,-87
222001584,105,8,97
222001596,774,1598,-824
222001597,2480,572,1908
222001626,0,163,-163
222001650,47,221,-174
222001651,78,615,-537
222001914,260,67,193
222001915,83,139,-56
222001968,553,312,241
222001969,491,512,-21
222001970,163,217,-54
222001971,38,21,17
222001972,2,16,-14
225000001,487,201,286
225000002,640,204,436
225000003,730,115,615
225000004,441,266,175
225000005,88,78,10
225000006,0,136,-136
225000007,1121,1162,-41
225000010,427,22,405
225000011,351,1060,-709
225000012,197,588,-391
225000013,91,102,-11
225000014,801,71,730
225000015,70,89,-19
225000021,815,223,592
225000027,197,374,-177
225000032,667,138,529
225000042,54,438,-384
225000049,85,62,23
225000050,119,13,106
225000053,5,243,-238
225000058,618,165,453
225000067,235,123,112
225000068,123,209,-86
225000069,105,369,-264
225000070,94,286,-192
225000071,59,122,-63
225000075,25,637,-612
225000076,48,139,-91
225000078,67,45,22
225000085,84,139,-55
225000086,396,96,300
225000087,207,26,181
225000088,7,163,-156
225000089,188,1048,-860
225000090,69,440,-371
225000091,203,155,48
225000092,112,58,54
225000093,223,205,18
225000094,21,139,-118
225000095,282,264,18
225000096,261,362,-101
225000098,927,263,664
225000099,391,172,219
225000100,456,136,320
225000104,121,293,-172
225000110,5,311,-306
225000111,180,677,-497
225000112,248,836,-588
225000113,169,494,-325
225000114,69,240,-171
225000115,901,503,398
225000116,920,241,679
225000117,710,275,435
225000118,1063,267,796
225000119,245,110,135
225000120,755,77,678
225000121,253,20,233
225000123,503,18,485
225000125,415,115,300
225000126,556,132,424
225000127,525,1494,-969
225000128,457,896,-439
225000132,378,41,337
225000133,243,14,229
225000134,750,161,589
225000135,69,39,30
225000136,306,19,287
225000137,284,41,243
225000138,432,133,299
225000143,56,220,-164
225000144,3,292,-289
225000145,85,41,44
225000146,48,74,-26
225000147,28,145,-117
225000148,7,134,-127
225000149,78,422,-344
225000151,34,107,-73
225000155,315,275,40
225000156,133,715,-582
225000157,199,276,-77
225000158,74,167,-93
225000171,14,139,-125
225000180,46,9,37
225000181,0,62,-62
225000182,58,13,45
225000185,9,337,-328
225000187,47,323,-276
225000191,47,1,46
225000194,1,7,-6
225000208,0,39,-39
225000209,88,8,80
225000210,3,214,-211
225000217,2,20,-18
225000218,10,2,8
225000223,0,36,-36
225000224,55,1,54
225000225,0,15,-15
225000226,37,3,34
225000227,42,62,-20
225000228,15,22,-7
225000229,1,65,-64
225000230,187,0,187
225000231,0,48,-48
225000232,233,0,233
225000241,80,2,78
225000242,1,33,-32
225000249,9,0,9
225000250,45,442,-397
225000251,400,27,373
225000254,1,6,-5
225000256,0,27,-27
225000257,1,18,-17
226000042,233,334,-101
226000043,51,193,-142
226000044,143,299,-156
226000045,61,220,-159
226000046,505,94,411
226000047,363,100,263
226000048,418,111,307
226000049,325,187,138
226000070,0,35,-35
226000071,1,62,-61
226000072,0,20,-20
226000073,0,4,-4
226000074,0,13,-13
226000084,1,54,-53
226000085,3,6,-3
226000086,7,16,-9
226000087,4,23,-19
226000088,34,60,-26
226000090,298,119,179
226000091,17,67,-50
226000092,8,34,-26
226000093,27,9,18
226000094,4,7,-3
226000095,14,1,13
226000105,25,2,23
226000106,12,0,12
226000107,12,0,12
226000108,23,1,22
226000109,116,2,114
226000124,143,79,64
226000134,970,460,510
226000135,1817,551,1266
226000136,788,494,294
226000137,7,229,-222
226000138,15,150,-135
226000139,2,29,-27
226000156,226,3,223
226000157,254,23,231
226000163,184,173,11
226000202,13,212,-199
226000231,403,10,393
226000232,124,8,116
227000033,382,41,341
227000036,432,38,394
227000037,427,28,399
227000038,160,24,136
227000084,0,44,-44
227000085,1,37,-36
227000088,47,5,42
227000089,82,0,82
227000090,29,1,28
227000091,24,2,22
227000092,34,0,34
227000093,141,1,140
227000094,10,1,9
227000130,13,86,-73
227000131,16,170,-154
227000132,6,164,-158
227000133,20,110,-90
227000134,13,205,-192
227000152,0,6,-6
227000153,0,57,-57
227000154,0,28,-28
227000155,2,9,-7
227000156,1,12,-11
227000165,1,34,-33
227000196,459,154,305
227000199,430,292,138
227000230,11,259,-248
227000232,671,16,655
227000242,58,314,-256
227000243,539,70,469
227000245,9,261,-252
227000246,82,253,-171
227000247,521,64,457
227000248,143,34,109
227000249,17,92,-75
227000250,308,144,164
227000251,67,149,-82
227000252,34,210,-176
227000253,195,8,187
227000262,491,50,441
227000266,1552,15,1537
227000267,18,988,-970
227000282,3,127,-124
227000284,734,29,705
227000286,1,39,-38
227000287,12,76,-64
227000291,7,382,-375
227000296,202,258,-56
227000484,228,14,214
227000485,23,693,-670
227000655,242,12,230
227000656,690,47,643
227000657,160,10,150
227000661,374,13,361
229000265,19,16,3
229000296,10,21,-11
229000297,2,24,-22
229000298,6,123,-117
229000320,11,2,9
229000321,18,2,16
229000412,10,53,-43
229000414,14,44,-30
229000415,22,2,20
229000416,0,4,-4
229000417,5,13,-8
229000419,84,358,-274
229000440,419,48,371
229000442,29,8,21
229000443,4,4,0
229000444,3,33,-30
229000445,27,2,25
229000446,59,9,50
229000491,0,11,-11
229000492,4,38,-34
229000493,5,41,-36
229000494,44,2,42
229000495,147,16,131
229000496,83,4,79
229000507,0,67,-67
229000508,0,39,-39
229000509,0,66,-66
229000510,5,12,-7
229000511,7,36,-29
229000512,1,17,-16
229000513,0,8,-8
229000514,0,1,-1
229000517,0,6,-6
229000518,15,8,7
229000519,1,6,-5
229000520,13,19,-6
229000521,54,16,38
229000522,10,1,9
229000523,15,4,11
229000524,8,0,8
229000527,2,3,-1
229000528,0,1,-1
229000529,16,0,16
229000530,69,3,66
229000531,48,3,45
229000532,17,0,17
229000533,82,0,82
229000534,49,0,49
229000564,62,0,62
229000565,27,1,26
229000566,0,4,-4
229000567,0,24,-24
229000582,101,6,95
229000583,11,8,3
229000584,2,26,-24
229000585,2,65,-63
229000718,0,2,-2
229000719,0,1,-1
229000720,0,8,-8
229000721,0,5,-5
229000722,0,2,-2
229000723,0,8,-8
229000724,0,1,-1
229000725,0,3,-3
229000738,7,0,7
229000739,0,0,0
229000740,4,0,4
229000741,17,0,17
229000742,16,0,16
229000743,15,0,15
229000744,1,0,1
229000745,1,0,1
229000746,10,1,9
229000847,39,0,39
229000848,23,0,23
229000849,100,1,99
229000851,42,0,42
229000854,0,11,-11
229000856,2,48,-46
229000857,0,15,-15
229000858,0,27,-27
229000919,7,51,-44
229000930,2,226,-224
229000937,83,19,64
229000966,45,29,16
229000981,32,23,9
229000985,28,39,-11
229000986,7,10,-3
229000987,0,2,-2
229000988,3,5,-2
229000989,1,10,-9
229000990,0,1,-1
229000991,2,6,-4
229000992,11,2,9
229000993,85,7,78
229000998,9,52,-43
229000999,76,8,68
229001034,0,12,-12
229001035,10,1,9
229001037,30,6,24
229001042,19,8,11
229001047,6,52,-46
229001050,26,48,-22
229001168,0,14,-14
229001200,20,3,17
229001338,4,21,-17
229001394,221,3,218
229001422,104,27,77
229001423,43,107,-64
229001431,65,59,6
229001432,35,53,-18
229001444,201,49,152
229001445,19,121,-102
229001479,31,1,30
229001503,227,70,157
229001504,121,87,34
229001505,107,28,79
229001506,89,83,6
229001509,42,18,24
229001545,83,2,81
229001546,8,89,-81
229001553,88,18,70
229001554,43,68,-25
229001630,44,4,40
229001631,7,22,-15
229001635,0,25,-25
229001636,7,1,6
229001658,1,109,-108
229001659,44,2,42
229001660,35,7,28
229001661,13,28,-15
229001662,16,0,16
229001663,0,15,-15
229002584,241,134,107
229002831,146,176,-30
229002841,36,23,13
229002842,23,26,-3
229002843,51,18,33
229002844,48,61,-13
229002845,29,65,-36
229002846,29,20,9
229002847,0,15,-15
229002848,10,9,1
229002849,2,75,-73
229002850,39,1,38
229002851,46,171,-125
229002852,206,35,171
229002853,142,22,120
229002854,60,72,-12
229002855,8,24,-16
229002856,51,21,30
229002857,13,159,-146
229002858,19,15,4
229002859,19,121,-102
229002860,194,12,182
229002861,66,13,53
229002862,40,39,1
229002863,20,17,3
229002864,33,21,12
229002865,12,17,-5
229002866,13,12,1
229002867,5,17,-12
229002868,6,12,-6
229002869,21,106,-85
229002870,84,17,67
235000066,356,59,297
235000067,88,78,10
235000072,33,79,-46
235000073,101,376,-275
235000074,75,55,20
235000080,19,68,-49
235000081,160,75,85
235000082,183,28,155
235000083,283,55,228
235000084,37,41,-4
235000085,174,41,133
235000089,21,19,2
235000092,47,143,-96
235000093,16,5,11
235000097,5,6,-1
235000098,74,5,69
235000099,66,30,36
235000116,66,19,47
235000117,551,10,541
235000133,11,619,-608
235000134,13,193,-180
235000206,27,4,23
235000207,3,5,-2
235000208,4,3,1
235000209,5,2,3
235000210,10,0,10
235000212,10,18,-8
235000213,1,10,-9
235000220,3,12,-9
235000221,33,17,16
235000238,12,123,-111
235000239,1,18,-17
235000242,323,865,-542
235000245,581,178,403
235000246,15,60,-45
235000284,29,171,-142
235000295,105,21,84
235000305,260,13,247
235000306,278,3,275
235000307,25,2,23
235000308,18,0,18
235000309,56,0,56
235000310,30,0,30
235000311,83,31,52
235000322,0,28,-28
235000323,0,44,-44
235000324,2,18,-16
235000325,1,36,-35
235000326,5,108,-103
235000351,4,76,-72
235000352,10,52,-42
235000353,2,47,-45
235000354,26,50,-24
235000355,32,84,-52
235000356,127,8,119
235000357,34,9,25
235000358,129,12,117
235000359,7,9,-2
235000360,69,10,59
235000361,53,7,46
235000381,83,78,5
235000382,255,30,225
235000390,16,9,7
235000391,209,31,178
235000392,203,257,-54
235000393,140,189,-49
235000395,161,44,117
235000396,553,106,447
235000400,84,50,34
235000401,13,100,-87
235000405,100,180,-80
235000406,39,156,-117
235000407,54,80,-26
235000409,138,98,40
235000410,50,229,-179
235000411,1,49,-48
235000485,0,10,-10
235000486,11,0,11
235000549,132,110,22
235000550,129,153,-24
235000599,261,76,185
235000600,17,24,-7
235000601,17,43,-26
235000602,124,62,62
235000614,2,7,-5
235000648,1,10,-9
235000649,44,4,40
235000685,1,5,-4
235000815,52,113,-61
235000834,0,18,-18
235000855,61,44,17
235000862,22,71,-49
235000891,0,18,-18
235000892,49,33,16
235000901,159,70,89
235000907,23,11,12
235001010,98,73,25
235001029,448,339,109
235001030,453,258,195
235001078,113,105,8
235001079,68,72,-4
235001147,10,48,-38
235001166,18,54,-36
235001167,70,46,24
235001169,40,308,-268
235001188,0,9,-9
235001189,6,0,6
235001197,8,18,-10
235001200,53,46,7
235001207,203,67,136
235001210,23,76,-53
235001215,30,81,-51
235001239,6,42,-36
235001244,0,13,-13
235016267,0,55,-55
277101746,0,1,-1
277102712,6,0,6
277103813,0,1,-1
277103814,0,0,0
277103898,0,3,-3
277104249,0,0,0
277104250,0,9,-9
277104251,0,3,-3
277104252,0,5,-5
990011530,1,162,-161
990014944,5,279,-274
990015176,25,1,24
990015618,1,113,-112
990016032,2,330,-328
990032570,8,333,-325
990070001,72,3,69
990070103,0,4,-4
990070601,0,48,-48
990070751,1246,2,1244
990070766,2,311,-309
990071180,555,168,387
990071343,26,4,22
990071387,0,14,-14
990071823,567,6,561
990072600,1,1207,-1206
990072964,1,356,-355
990073285,0,2,-2
990074393,1,657,-656
990074870,1418,12,1406
990075106,1394,65,1329
990075746,675,8,667
990076437,1760,53,1707
990076458,4,457,-453
997000007,669,7,662
997000041,0,230,-230
997000058,105,0,105
997000062,29,1,28
997000069,0,2,-2
997000070,0,26,-26
997000100,71,0,71
997000141,13,2722,-2709
997000198,5,1269,-1264
998000475,5,42,-37
998000736,1,122,-121
998000965,1,7,-6
998001031,0,51,-51
998001700,0,0,0
998001899,0,0,0
998001900,12,1,11
998003073,1558,5,1553
998101900,0,0,0
998102850,11,230,-219
998501927,950,986,-36
998501929,128,6,122
998501930,72,0,72
998501931,103,0,103
998501932,1,1,0
998501933,49,0,49
998501937,21,1,20
998501944,4,0,4
998501970,211,80,131
998501971,0,74,-74
998501973,3,45,-42
998501974,0,156,-156
998501975,75,0,75
998501976,92,3,89
998501977,0,24,-24
998501978,36,0,36
998501979,0,13,-13
998501980,109,14,95
998501981,66,0,66
998501982,0,93,-93
998501983,0,0,0
998502006,0,1,-1
998502024,0,4,-4
998502032,0,6,-6
998502062,22,1,21
998502063,0,0,0
998502173,16,0,16
998502269,0,5,-5
998601159,11,106,-95
998601292,0,39,-39
999033574,1,284,-283
999800001,49,3,46
999800002,0,6,-6
999800003,6,9,-3
999800004,0,3,-3
999800005,0,5,-5
