ID,insum,outsum,diff
100000001,248,292,-44
100000002,75,83,-8
100000003,585,348,237
100000004,80,20,60
100000005,156,411,-255
100000006,3,0,3
100000007,7,2,5
100000008,4,70,-66
100000009,0,0,0
100000010,0,0,0
100000011,0,0,0
100000012,1,132,-131
100000013,0,39,-39
100000014,11,61,-50
100000015,2,2,0
100000016,79,226,-147
100000017,29,208,-179
100000018,135,95,40
100000019,800,324,476
100000020,27,16,11
100000021,818,211,607
100000022,64,57,7
100000023,678,71,607
100000025,884,291,593
100000028,422,275,147
100000029,46,59,-13
100000030,0,0,0
100000031,559,321,238
100000032,576,364,212
100000033,76,387,-311
100000034,526,379,147
100000035,98,69,29
100000036,169,210,-41
100000037,2,0,2
100000038,8,9,-1
100000039,14,7,7
100000040,4,0,4
100000041,2,0,2
100000042,3,0,3
100000043,0,0,0
100000044,25,145,-120
100000045,52,257,-205
100000046,49,254,-205
100000047,45,347,-302
100000048,96,357,-261
100000049,323,736,-413
100000051,60,307,-247
100000053,5,2,3
100000054,3,0,3
100000055,89,104,-15
100000056,0,0,0
100000057,13,0,13
100000058,183,403,-220
100000059,0,19,-19
100000060,28,79,-51
100000061,123,110,13
100000062,87,76,11
100000063,48,45,3
100000064,70,98,-28
100000065,61,277,-216
100000066,36,227,-191
100000067,59,222,-163
100000068,77,302,-225
100000069,52,339,-287
100000072,55,139,-84
100000073,267,604,-337
100000075,74,161,-87
100000076,111,173,-62
100000077,0,0,0
100000078,0,0,0
100000079,0,0,0
100000080,0,0,0
100000081,0,0,0
100000102,52,151,-99
100000103,451,152,299
100000104,564,222,342
100000105,773,82,691
100000106,93,38,55
100000107,33,27,6
100000108,241,484,-243
100000109,1374,592,782
100000116,300,182,118
100000117,0,0,0
100000118,661,985,-324
100000119,42,351,-309
100000121,0,0,0
100000122,28,168,-140
100000123,707,811,-104
100000124,2961,1447,1514
100000125,386,30,356
100000126,36,18,18
100000127,94,30,64
100000128,162,194,-32
100000129,28,113,-85
100000130,0,4,-4
100000131,1624,737,887
100000132,368,65,303
100000133,4881,1715,3166
100000135,4,0,4
100000139,0,0,0
100000140,99,203,-104
100000142,0,0,0
100000143,195,398,-203
100000144,666,234,432
100000147,49,117,-68
100000150,1,75,-74
100000151,5,32,-27
100000153,0,0,0
100000154,7,99,-92
100000155,0,0,0
100000156,0,0,0
100000157,0,0,0
100000158,0,0,0
100000159,29,48,-19
100000165,294,150,144
100000169,4,0,4
100000174,19,29,-10
100000179,0,0,0
100000180,2,39,-37
100000181,8,67,-59
100000188,1,5,-4
100000189,0,0,0
100000190,232,97,135
100000191,56,30,26
100000192,0,0,0
100000193,0,0,0
100000330,191,56,135
100000355,28,125,-97
100000362,1179,956,223
100000363,135,220,-85
100000364,33,29,4
100000365,1378,1135,243
100000366,2764,1486,1278
100000367,780,1022,-242
100000368,741,786,-45
100000369,0,10,-10
100000370,4,19,-15
100000376,7,17,-10
100000379,187,178,9
100000380,392,568,-176
100000384,2298,936,1362
100000385,1264,1030,234
100000386,1807,842,965
100000387,1880,797,1083
100000388,6406,1762,4644
100000389,4789,1072,3717
100000390,5414,1465,3949
100000391,2800,750,2050
100000392,1391,489,902
100000393,311,284,27
100000394,1888,1311,577
100000395,922,297,625
100000396,1163,885,278
100000397,847,287,560
100000398,5305,3759,1546
100900002,0,0,0
100900003,0,0,0
100900004,1,124,-123
100900005,0,0,0
100900006,0,0,0
100900007,0,0,0
100900008,2,97,-95
100900009,0,0,0
100900010,0,0,0
100900011,0,0,0
100900012,0,54,-54
100900013,0,0,0
100900014,0,0,0
100900015,0,0,0
100900016,0,0,0
100900017,0,0,0
100900018,0,0,0
100900019,0,0,0
100900020,0,0,0
100900021,0,0,0
100900022,0,0,0
100900023,0,0,0
100900024,0,0,0
100900025,0,0,0
100900026,0,0,0
100900027,0,0,0
100900028,0,0,0
100900029,0,0,0
100900030,0,0,0
100900031,0,0,0
100900032,0,0,0
100900033,0,0,0
100900034,0,0,0
100900035,0,0,0
100900036,0,0,0
100900037,0,0,0
100900038,0,0,0
100900039,17,90,-73
100900040,2,169,-167
100900041,0,68,-68
100900042,0,0,0
100900043,0,0,0
100900044,0,0,0
100900045,0,0,0
100900046,0,0,0
100900047,0,0,0
100900048,0,0,0
100900049,0,0,0
100900050,0,0,0
100900051,0,0,0
100900052,0,0,0
100900053,0,0,0
100900054,0,0,0
100900055,0,0,0
100900056,0,0,0
100900057,0,0,0
100900058,0,0,0
100900059,0,0,0
100900060,0,0,0
100900061,0,0,0
100900062,0,0,0
100900063,0,0,0
100900064,0,0,0
100900065,0,0,0
100900066,0,0,0
100900067,0,0,0
100900068,0,0,0
100900069,0,0,0
100900070,0,0,0
100900071,0,0,0
100900072,0,0,0
100900073,0,0,0
100900074,0,0,0
100900075,205,14,191
100900076,0,0,0
100900077,0,0,0
100900078,0,0,0
100900079,0,0,0
100900080,0,0,0
100900081,0,0,0
100900082,0,0,0
100900083,0,0,0
100900085,0,0,0
100900086,0,0,0
100900088,0,0,0
100900089,0,0,0
100900090,0,0,0
100900091,0,0,0
100900092,0,0,0
100900093,0,0,0
100900094,0,0,0
100900095,0,0,0
100900096,0,0,0
100900097,0,0,0
100900098,0,0,0
100900099,0,11,-11
100900100,0,0,0
100900101,0,0,0
100900102,0,0,0
100900103,0,0,0
100900104,0,1,-1
100900105,0,0,0
100900106,0,0,0
100900107,0,0,0
100900108,0,0,0
100900109,0,0,0
100900110,0,0,0
100900111,0,1,-1
100900112,0,0,0
100900113,0,0,0
100900114,0,0,0
100900115,0,0,0
100900116,0,0,0
100900117,0,0,0
100900118,0,0,0
100900119,0,0,0
100900120,0,0,0
100900121,0,0,0
100900122,7,18,-11
100900123,0,0,0
100900124,0,0,0
100900125,0,0,0
100900126,0,0,0
100900127,0,0,0
100900128,1,2,-1
100900129,0,0,0
100900131,0,0,0
100900133,0,0,0
100900134,0,0,0
100900135,0,0,0
100900137,0,0,0
100900138,0,0,0
100900139,0,0,0
100900140,0,28,-28
100900141,0,0,0
100900142,0,0,0
100900143,0,0,0
100900144,0,0,0
100900145,0,0,0
100900146,0,0,0
100900147,0,0,0
100900148,3,119,-116
100900149,0,0,0
100900150,0,0,0
100900151,4,35,-31
100900152,0,0,0
100900153,0,0,0
100900154,0,0,0
100900155,0,0,0
100900156,0,0,0
100900157,0,0,0
100900158,92,4,88
100900159,0,0,0
100900160,0,0,0
100900161,0,0,0
100900162,0,0,0
100900163,18,11,7
100900164,0,0,0
100900165,0,0,0
100900166,0,0,0
100900167,0,0,0
100900168,0,0,0
100900169,15,177,-162
100900170,0,0,0
100900171,3,63,-60
100900172,0,0,0
100900173,1,54,-53
100900174,0,0,0
100900176,0,0,0
100900177,0,0,0
100900178,0,0,0
100900179,0,0,0
100900180,0,0,0
100900181,0,0,0
100900182,0,0,0
100900184,0,0,0
100900186,0,0,0
100900187,0,0,0
100900188,0,0,0
100900189,0,0,0
100900191,0,0,0
100900192,0,0,0
100900195,0,0,0
100900197,0,0,0
100900198,0,0,0
100900199,0,0,0
100900200,42,24,18
100900201,3,108,-105
100900202,0,0,0
100900203,0,0,0
100900204,0,0,0
100900205,0,0,0
100900206,0,0,0
100900207,0,0,0
100900210,4,41,-37
100900211,0,0,0
100900213,0,0,0
100900214,115,7,108
100900215,0,0,0
100900217,0,0,0
101000001,725,240,485
101000002,947,366,581
101000003,135,64,71
101000004,3485,392,3093
101000005,1347,529,818
101000006,1759,1089,670
101000007,1972,933,1039
101000008,966,482,484
101000009,112,470,-358
101000010,102,159,-57
101000011,506,31,475
101000012,0,0,0
101000013,189,91,98
101000014,74,10,64
101000015,163,171,-8
101000016,20,14,6
101000017,100,90,10
101000018,548,568,-20
101000020,783,185,598
101000021,39,20,19
101000022,597,112,485
101000023,540,519,21
101000025,0,0,0
101000026,15,2,13
101000027,474,170,304
101000028,239,92,147
101000029,1,88,-87
101000030,181,10,171
101000031,34,4,30
101000032,539,375,164
101000033,764,429,335
101000034,605,264,341
101000035,301,35,266
101000036,271,117,154
101000037,521,109,412
101000039,413,270,143
101000040,1387,438,949
101000041,834,116,718
101000042,19,92,-73
101000043,2259,513,1746
101000045,171,44,127
101000046,457,199,258
101000047,113,115,-2
101000048,125,69,56
101000049,116,174,-58
101000050,320,131,189
101000051,1244,193,1051
101000052,432,108,324
101000053,120,200,-80
101000054,376,233,143
101000055,394,120,274
101000056,15,8,7
101000057,1192,200,992
101000058,405,38,367
101000059,202,35,167
101000060,413,57,356
101000061,39,30,9
101000062,1280,128,1152
101000063,7,9,-2
101000064,378,119,259
101000065,14,20,-6
101000066,5,6,-1
101000067,187,168,19
101000068,67,37,30
101000069,138,47,91
101000070,829,503,326
101000071,849,198,651
101000072,501,430,71
101000073,47,42,5
101000074,1833,445,1388
101000075,4263,1125,3138
101000077,232,224,8
101000078,144,99,45
101000079,117,152,-35
101000080,532,342,190
101000081,161,117,44
101000082,586,335,251
101000083,137,134,3
101000084,249,284,-35
101000085,67,15,52
101000086,587,344,243
101000087,259,271,-12
101000088,30,16,14
101000089,38,34,4
101000090,671,245,426
101000091,33,127,-94
101000092,226,106,120
101000093,157,39,118
101000094,245,366,-121
101000095,66,251,-185
101000096,15,33,-18
101000097,43,85,-42
101000098,14,33,-19
101000099,300,128,172
101000100,256,192,64
101000101,7,16,-9
101000102,166,93,73
101000103,110,111,-1
101000104,27,83,-56
101000105,0,1,-1
101000106,224,82,142
101000107,8,36,-28
101000108,8,1,7
101000109,8,3,5
101000110,0,1,-1
101000111,30,37,-7
101000113,0,0,0
101000114,612,306,306
101000115,5,14,-9
101000116,0,16,-16
101000117,7,38,-31
101000119,33,5,28
101000120,92,8,84
101000121,26,1,25
101000122,25,10,15
101000123,21,12,9
101000124,214,148,66
101000125,48,154,-106
101000128,198,122,76
101000130,223,46,177
101000131,60,54,6
101000132,121,449,-328
101000135,36,3,33
101000136,163,58,105
101000137,7,31,-24
101000141,191,125,66
101000147,388,219,169
101000148,266,1,265
101000149,10,4,6
101000150,0,6,-6
101000151,6,9,-3
101000152,37,53,-16
101000153,60,32,28
101000154,5,216,-211
101000155,34,32,2
101000156,28,96,-68
101000157,0,0,0
101000160,4,11,-7
101000163,0,0,0
101000164,59,107,-48
101000165,121,85,36
101000166,17,28,-11
101000168,61,64,-3
101000252,75,151,-76
101000254,320,21,299
101000258,1,0,1
101000261,2,2,0
101000262,58,86,-28
101000263,6,17,-11
101000265,12,112,-100
101000266,83,73,10
101000269,226,44,182
101000290,215,31,184
101000293,0,8,-8
101000294,176,110,66
101000295,7,45,-38
101000301,158,57,101
101000304,649,1052,-403
101000305,347,417,-70
101900001,0,2,-2
101900002,0,0,0
101900003,1,8,-7
101900004,0,0,0
101900005,402,42,360
101900006,0,0,0
101900007,0,0,0
101900008,0,0,0
101900009,0,0,0
101900010,0,0,0
101900011,0,0,0
101900012,0,0,0
101900013,59,2,57
101900017,0,0,0
101900018,0,0,0
101900019,0,0,0
101900020,0,0,0
101900021,0,0,0
101900022,0,0,0
101900023,0,0,0
102000001,328,576,-248
102000002,161,178,-17
102000003,1519,734,785
102000004,1171,252,919
102000005,504,572,-68
102000006,267,236,31
102000007,682,976,-294
102000008,1019,321,698
102000009,1269,1350,-81
102000010,1647,695,952
102000011,726,702,24
102000012,462,582,-120
102000018,306,54,252
102000019,29,46,-17
102000026,0,0,0
102000029,0,0,0
102000030,8,18,-10
102000031,0,6,-6
102000032,19,37,-18
102000033,0,4,-4
102000034,44,41,3
102000035,0,1,-1
102000036,0,0,0
102000037,8,4,4
102000038,1,4,-3
102000039,0,0,0
102000040,22,2,20
102000041,0,0,0
102000042,0,0,0
102000043,13,5,8
102000044,0,0,0
102000045,68,102,-34
102000046,68,20,48
102000047,46,137,-91
102000048,16,28,-12
102000049,34,26,8
102000050,50,162,-112
102000051,38,28,10
102000052,101,153,-52
102000053,56,67,-11
102000054,34,173,-139
102000055,165,234,-69
102000056,73,166,-93
102000057,136,58,78
102000058,272,300,-28
102000059,270,519,-249
102000060,82,62,20
102000061,223,624,-401
102000062,67,107,-40
102000063,270,341,-71
102000064,117,184,-67
102000065,25,33,-8
102000066,416,399,17
102000067,419,540,-121
102000068,1055,473,582
102000069,0,0,0
102000070,319,21,298
102000071,1924,2218,-294
102000072,1109,1642,-533
102000073,39,232,-193
102000074,52,294,-242
102000075,9,84,-75
102000076,31,210,-179
102000077,40,453,-413
102000078,74,660,-586
102000079,29,89,-60
102000080,49,79,-30
102000081,72,379,-307
102000082,130,149,-19
102000083,33,149,-116
102000084,0,0,0
102000085,132,198,-66
102000086,73,49,24
102000087,119,311,-192
102000088,18,19,-1
102000089,0,0,0
102000090,112,120,-8
102000091,489,123,366
102000092,236,175,61
102000093,90,188,-98
102000094,0,0,0
102000095,175,655,-480
102000096,0,0,0
102000097,793,717,76
102000098,33,83,-50
102000099,342,128,214
102000100,20,30,-10
102000101,144,40,104
102000102,80,5,75
102000103,217,81,136
102000104,118,20,98
102000105,9,52,-43
102000106,22,65,-43
102000107,1,2,-1
102000108,17,36,-19
102000109,0,2,-2
102000110,0,0,0
102000111,0,0,0
102000112,4,6,-2
102000113,0,2,-2
102000114,3,0,3
102000115,52,12,40
102000116,2,16,-14
102000117,11,104,-93
102000118,29,92,-63
102000119,547,88,459
102000120,12,10,2
102000121,74,84,-10
102000122,29,10,19
102000123,131,94,37
102000124,114,19,95
102000125,75,69,6
102000126,60,24,36
102000127,114,46,68
102000128,68,51,17
102000129,64,77,-13
102000130,48,55,-7
102000131,105,39,66
102000132,47,30,17
102000133,113,592,-479
102000134,51,56,-5
102000135,0,0,0
102000136,18,26,-8
102000137,58,34,24
102000138,0,0,0
102000139,0,0,0
102000140,16,8,8
102000141,4,27,-23
102000142,8,34,-26
102000143,4,58,-54
102000144,8,58,-50
102000145,5,27,-22
102000146,0,6,-6
102000147,18,23,-5
102000148,0,0,0
102000149,5,0,5
102000150,0,2,-2
102000151,0,0,0
102000152,0,2,-2
102000153,4,0,4
102000154,22,25,-3
102000155,12,21,-9
102000156,51,9,42
102000157,0,9,-9
102000158,23,6,17
102000159,157,5,152
102000161,890,241,649
102000162,54,48,6
102000163,0,0,0
102000164,0,0,0
102000165,88,43,45
102000166,0,29,-29
102000167,62,131,-69
102000168,52,28,24
102000169,40,108,-68
102000170,368,108,260
102000171,16,33,-17
102000172,6,43,-37
102000173,50,36,14
102000174,6,21,-15
102000175,4,0,4
102000176,1,0,1
102000178,49,112,-63
102000179,16,46,-30
102000180,53,132,-79
102000181,19,147,-128
102000182,84,173,-89
102000183,157,267,-110
102000184,145,401,-256
102000185,98,208,-110
102000186,123,749,-626
102000187,92,670,-578
102000188,24,188,-164
102000189,1226,264,962
102000190,224,391,-167
102000191,208,22,186
102000192,225,313,-88
102000193,0,0,0
102000194,0,1,-1
102000195,12,59,-47
102000196,0,1,-1
102000197,10,69,-59
102000198,0,2,-2
102000199,14,37,-23
102000200,0,1,-1
102000201,26,57,-31
102000202,0,0,0
102000203,34,68,-34
102000204,11,26,-15
102000205,17,19,-2
102000206,76,130,-54
102000207,6,12,-6
102000208,23,127,-104
102000209,3,9,-6
102000210,0,198,-198
102000211,11,119,-108
102000212,0,0,0
102000213,0,37,-37
102000214,0,0,0
102000215,1,90,-89
102000216,0,0,0
102000217,2,56,-54
102000218,0,0,0
102000219,38,38,0
102000225,1,0,1
102000226,34,28,6
102000227,0,0,0
102000228,0,32,-32
102000229,1,9,-8
102000230,10,84,-74
102000231,18,16,2
102000232,0,0,0
102000233,37,35,2
102000234,0,0,0
102000236,5,4,1
102000237,6,14,-8
102000238,6,3,3
102000240,257,386,-129
102000241,70,30,40
102000243,0,0,0
102000245,16,31,-15
102000246,0,0,0
102000247,42,121,-79
102000248,56,124,-68
102000249,9,43,-34
102000250,4,149,-145
102000254,0,0,0
102000266,1,4,-3
102000271,0,0,0
102000286,0,0,0
102000297,63,14,49
102000301,0,0,0
102000303,1,0,1
102000305,0,1,-1
102000307,0,8,-8
102000308,0,7,-7
102900001,0,0,0
102900002,0,0,0
102900003,0,25,-25
102900005,0,0,0
102900006,0,0,0
102900007,0,0,0
102900008,0,0,0
102900009,0,0,0
102900010,0,0,0
102900011,0,0,0
102900012,0,0,0
102900013,0,0,0
102900015,0,0,0
102900016,0,0,0
102900017,0,0,0
102900018,0,0,0
102900019,0,0,0
102900020,0,0,0
102900021,0,0,0
102900022,22,18,4
102900023,0,0,0
102900024,0,0,0
102900025,0,0,0
102900026,0,0,0
102900027,0,0,0
102900028,0,0,0
102900029,0,2,-2
102900030,0,0,0
102900031,0,0,0
102900032,1,21,-20
102900033,0,0,0
102900034,0,0,0
102900035,0,65,-65
102900036,0,0,0
102900037,0,0,0
102900038,0,0,0
102900039,0,0,0
102900040,0,0,0
102900041,0,0,0
102900042,0,0,0
102900043,0,0,0
102900044,0,0,0
102900045,0,0,0
102900046,0,0,0
102900047,0,0,0
102900048,0,0,0
102900049,0,0,0
102900050,0,0,0
102900051,0,0,0
102900052,0,0,0
102900053,0,0,0
102900054,0,0,0
102900055,0,0,0
102900056,0,0,0
102900057,0,0,0
102900058,0,0,0
102900059,0,0,0
102900060,0,0,0
102900061,0,0,0
102900062,0,0,0
102900063,0,0,0
102900064,0,0,0
102900065,0,0,0
102900066,0,0,0
102900068,0,0,0
102900070,0,55,-55
102900072,1,10,-9
102900073,15,3,12
102900074,0,0,0
102900075,0,0,0
102900076,0,0,0
102900077,0,0,0
102900078,0,0,0
102900079,0,0,0
102900080,0,0,0
102900081,0,0,0
102900082,0,0,0
102900083,0,0,0
102900084,0,0,0
102900085,0,0,0
102900086,0,0,0
102900087,0,0,0
102900088,0,0,0
102900089,0,0,0
102900090,0,131,-131
102900091,3,0,3
102900092,7,213,-206
102900093,0,0,0
102900094,0,0,0
102900095,0,0,0
102900096,1,3,-2
102900097,2,9,-7
103000001,605,579,26
103000002,192,451,-259
103000003,722,528,194
103000004,194,158,36
103000005,110,134,-24
103000006,61,84,-23
103000007,26,54,-28
103000008,96,339,-243
103000009,19,23,-4
103000010,3,10,-7
103000011,390,234,156
103000012,161,116,45
103000013,2507,622,1885
103000014,29,70,-41
103000015,888,311,577
103000016,50,23,27
103000017,0,0,0
103000018,0,0,0
103000019,0,0,0
103000020,239,463,-224
103000021,14,30,-16
103000022,204,427,-223
103000023,6,28,-22
103000024,0,0,0
103000025,0,0,0
103000026,0,0,0
103000027,0,0,0
103000028,0,0,0
103000029,28,3,25
103000030,828,131,697
103000031,84,74,10
103000032,399,375,24
103000033,149,66,83
103000034,676,287,389
103000035,129,118,11
103000036,107,38,69
103000037,289,152,137
103000038,95,76,19
103000039,23,156,-133
103000040,5,37,-32
103000041,449,899,-450
103000042,213,201,12
103000043,12,65,-53
103000044,20,4,16
103000046,35,26,9
103000047,2,2,0
103000048,11,11,0
103000049,0,1,-1
103000050,14,34,-20
103000051,23,33,-10
103000052,23,11,12
103000053,7,25,-18
103000054,429,179,250
103000055,67,59,8
103000056,98,245,-147
103000057,73,65,8
103000058,57,172,-115
103000059,46,47,-1
103000060,194,238,-44
103000061,21,28,-7
103000062,178,248,-70
103000063,59,57,2
103000064,56,111,-55
103000065,0,6,-6
103000066,11,2,9
103000069,2,9,-7
103000070,63,304,-241
103000071,26,8,18
103000072,19,311,-292
103000073,0,0,0
103000074,0,0,0
103000075,56,274,-218
103000076,0,0,0
103000077,23,134,-111
103000078,7,1,6
103000079,324,63,261
103000080,7,6,1
103000081,49,113,-64
103000082,0,0,0
103000083,6,82,-76
103000084,0,0,0
103000085,0,23,-23
103000086,37,28,9
103000087,29,116,-87
103000088,79,73,6
103000089,6,13,-7
103000090,359,225,134
103000091,74,90,-16
103000092,4,7,-3
103000093,41,157,-116
103000094,0,2,-2
103000095,3,89,-86
103000096,8,0,8
103000097,5,135,-130
103000098,1,1,0
103000099,14,98,-84
103000100,17,328,-311
103000101,0,0,0
103000102,22,246,-224
103000103,1,16,-15
103000104,1,54,-53
103000105,0,25,-25
103000106,2,66,-64
103000107,8,28,-20
103000108,60,91,-31
103000109,98,67,31
103000110,159,87,72
103000111,205,83,122
103000112,14,12,2
103000113,52,131,-79
103000114,14,9,5
103000115,41,42,-1
103000116,36,50,-14
103000117,18,50,-32
103000118,193,291,-98
103000119,673,243,430
103000120,6,22,-16
103000121,24,78,-54
103000122,5,7,-2
103000125,0,0,0
103000126,5,0,5
103000127,0,0,0
103000128,2,0,2
103000129,0,0,0
103000130,0,0,0
103000131,0,0,0
103000132,0,6,-6
103000133,0,0,0
103000134,164,75,89
103000135,214,54,160
103000136,196,100,96
103000137,80,85,-5
103000138,317,66,251
103000139,0,16,-16
103000140,0,0,0
103000141,2,19,-17
103000142,0,0,0
103000143,3,69,-66
103000144,0,0,0
103000145,0,0,0
103000150,5,5,0
103000152,27,44,-17
103000153,6,12,-6
103000156,0,0,0
103000157,0,0,0
103000159,11,39,-28
103000162,0,0,0
103000163,0,0,0
103000164,0,0,0
103000165,0,1,-1
103000166,0,0,0
103000167,3,7,-4
103000168,16,29,-13
103000169,0,0,0
103000170,110,56,54
103000171,0,0,0
103000172,3,1,2
103000173,41,204,-163
103000174,0,0,0
103000175,99,382,-283
103000176,0,0,0
103000177,268,110,158
103000178,261,157,104
103000179,2,0,2
103000183,0,12,-12
103000185,0,27,-27
103000186,0,0,0
103000187,44,172,-128
103000188,0,36,-36
103000189,107,363,-256
103000191,50,61,-11
103000292,355,25,330
103000293,0,0,0
103000295,0,0,0
103000296,0,0,0
103000297,0,0,0
103000504,1,1,0
103000505,0,0,0
103000506,0,5,-5
103000507,5,0,5
103000508,12,1,11
103000509,40,150,-110
103900001,0,0,0
103900002,0,0,0
103900003,0,8,-8
103900004,0,0,0
103900005,0,0,0
103900006,0,0,0
103900007,0,0,0
103900008,0,0,0
103900009,7,76,-69
103900010,7,50,-43
103900011,7,77,-70
103900012,0,0,0
103900013,0,17,-17
103900014,0,0,0
103900015,0,0,0
103900016,36,59,-23
103900017,2,22,-20
103900018,58,16,42
103900019,0,0,0
103900020,0,0,0
103900021,0,0,0
103900022,1,75,-74
103900023,0,0,0
103900024,0,0,0
103900025,0,0,0
103900026,0,0,0
103900027,0,0,0
103900028,1,42,-41
103900029,21,47,-26
103900030,0,0,0
103900031,0,0,0
103900032,0,0,0
103900033,0,0,0
103900034,2,33,-31
103900035,1,2,-1
103900036,0,0,0
103900037,0,0,0
103900038,0,0,0
103900039,2,109,-107
103900040,1,10,-9
103900041,0,0,0
103900042,1,136,-135
103900043,0,0,0
103900044,0,0,0
103900045,0,0,0
103900047,4,30,-26
103900048,0,0,0
103900049,0,0,0
103900050,0,25,-25
103900051,0,6,-6
103900052,8,29,-21
103900053,0,141,-141
103900054,0,0,0
103900055,8,16,-8
103900056,0,8,-8
103900057,0,0,0
103900058,6,96,-90
103900059,0,0,0
103900060,0,0,0
103900061,0,1,-1
103900062,5,4,1
103900063,0,0,0
103900064,0,0,0
103900065,88,47,41
103900066,0,0,0
103900067,0,0,0
103900068,0,0,0
103900069,0,0,0
103900070,0,0,0
103900071,2,23,-21
103900072,0,81,-81
103900073,0,0,0
103900074,0,0,0
103900075,0,0,0
103900076,7,21,-14
103900077,0,0,0
103900078,0,0,0
103900079,0,0,0
103900080,0,0,0
103900081,0,0,0
103900082,0,0,0
103900083,0,0,0
103900084,0,0,0
103900085,3,4,-1
103900086,0,0,0
103900087,0,1,-1
103900088,0,0,0
103900089,0,1,-1
103900090,0,0,0
103900091,0,0,0
103900092,2,35,-33
103900093,0,0,0
103900094,0,0,0
103900095,9,10,-1
103900096,0,0,0
103900097,0,0,0
103900098,2,1,1
103900099,0,0,0
103900100,10,60,-50
103900101,0,0,0
103900102,0,0,0
103900104,0,0,0
103900105,3,14,-11
103900106,0,0,0
103900107,0,0,0
103900108,8,137,-129
103900109,0,0,0
103900110,15,3,12
103900111,1,114,-113
103900112,0,0,0
103900113,6,3,3
103900114,22,14,8
103900115,25,2,23
103900116,385,5,380
103900117,63,20,43
103900119,0,0,0
103900120,0,0,0
103900122,1,86,-85
103900123,27,31,-4
103900124,2,119,-117
103900125,9,15,-6
103900126,0,0,0
103900127,8,83,-75
103900128,1,27,-26
103900131,1,23,-22
103900133,0,0,0
103900134,0,0,0
103900135,0,0,0
103900137,0,0,0
103900138,0,0,0
103900139,0,66,-66
103900140,0,0,0
103900141,0,0,0
103900142,0,0,0
103900143,0,0,0
103900144,0,0,0
103900145,0,0,0
103900146,0,0,0
103900147,8,13,-5
103900148,13,47,-34
103900149,0,0,0
103900150,2,91,-89
103900151,0,0,0
103900152,0,0,0
103900153,0,0,0
103900154,96,7,89
103900155,0,0,0
103900156,0,0,0
103900157,0,0,0
103900158,0,0,0
103900159,0,0,0
103900160,0,0,0
103900161,0,0,0
103900162,23,20,3
103900163,0,0,0
103900167,0,0,0
103900168,0,0,0
103900169,0,0,0
103900170,0,0,0
103900171,0,0,0
103900172,0,0,0
103900173,0,0,0
103900174,0,0,0
103900175,0,0,0
103900176,0,0,0
103900177,0,0,0
103900178,0,0,0
103900179,1,1,0
103900180,0,5,-5
103900181,0,0,0
103900182,0,0,0
103900184,3,0,3
103900185,2,0,2
103900187,2,0,2
103900188,3,1,2
103900189,4,0,4
103900190,0,0,0
103900191,0,0,0
103900192,0,0,0
103900193,0,0,0
103900194,0,0,0
103900195,0,0,0
103900196,0,0,0
103900197,0,0,0
103900198,0,0,0
103900199,0,2,-2
103900200,0,0,0
103900201,0,3,-3
103900202,0,0,0
103900203,1,0,1
103900204,0,0,0
103900207,0,0,0
103900208,0,0,0
103900209,0,0,0
103900210,0,2,-2
103900211,3,0,3
103900212,4,122,-118
103900213,52,213,-161
103900214,25,10,15
103900215,920,155,765
103900216,0,11,-11
103900217,0,0,0
103900218,0,0,0
103900219,0,0,0
103900233,0,0,0
103900235,0,0,0
103900236,0,0,0
103900242,0,0,0
103900243,0,0,0
103900244,0,0,0
103900245,0,0,0
103900246,2,1,1
103900247,0,0,0
103900248,0,0,0
103900249,0,0,0
103900250,0,0,0
103900251,0,0,0
103900253,0,0,0
103900254,0,0,0
103900255,0,0,0
103900256,0,0,0
103900257,0,0,0
103900258,0,0,0
103900259,0,0,0
103900261,0,0,0
103900262,0,0,0
103900263,0,0,0
103900264,0,0,0
103900265,0,0,0
103900266,0,0,0
103900267,0,10,-10
103900268,0,3,-3
103900269,0,3,-3
103900270,0,5,-5
103900271,0,0,0
104000001,480,511,-31
104000002,514,762,-248
104000003,438,648,-210
104000004,1617,695,922
104000005,119,435,-316
104000006,575,864,-289
104000007,994,900,94
104000008,292,382,-90
104000009,22,65,-43
104000010,0,0,0
104000011,326,394,-68
104000012,36,381,-345
104000013,0,0,0
104000014,92,476,-384
104000015,0,0,0
104000016,75,257,-182
104000018,43,8,35
104000019,47,5,42
104000020,0,6,-6
104000021,12,20,-8
104000022,5,11,-6
104000023,32,69,-37
104000024,3,6,-3
104000026,2,2,0
104000027,73,278,-205
104000028,49,37,12
104000029,124,368,-244
104000030,29,30,-1
104000031,15,15,0
104000032,19,259,-240
104000033,5,8,-3
104000034,72,341,-269
104000035,9,23,-14
104000036,15,27,-12
104000037,55,213,-158
104000038,65,68,-3
104000039,6,20,-14
104000040,16,18,-2
104000041,74,76,-2
104000042,24,101,-77
104000043,40,66,-26
104000044,61,184,-123
104000045,110,238,-128
104000046,189,241,-52
104000047,15,50,-35
104000048,31,133,-102
104000049,8,43,-35
104000050,7,33,-26
104000051,37,288,-251
104000052,190,493,-303
104000053,162,145,17
104000054,33,132,-99
104000055,829,436,393
104000056,45,10,35
104000057,14,195,-181
104000058,139,182,-43
104000059,21,319,-298
104000060,62,258,-196
104000061,116,180,-64
104000062,0,0,0
104000064,75,20,55
104000065,2,31,-29
104000069,274,44,230
104000070,4,9,-5
104000071,25,79,-54
104000072,0,0,0
104000075,0,0,0
104000076,0,0,0
104000082,456,570,-114
104000083,82,35,47
104000084,19,122,-103
104000085,8,21,-13
104000086,46,94,-48
104000087,17,46,-29
104000090,45,387,-342
104000092,68,627,-559
104000094,67,440,-373
104000095,437,463,-26
104000096,0,58,-58
104000097,0,0,0
104000098,0,0,0
104000100,0,0,0
104000101,183,270,-87
104000106,10,43,-33
104000107,53,173,-120
104000108,35,94,-59
104000109,0,0,0
104000110,125,104,21
104000111,189,186,3
104000112,236,56,180
104000116,0,662,-662
104000117,3,221,-218
104000118,12,30,-18
104000119,6,33,-27
104000120,5,213,-208
104000121,11,68,-57
104000122,61,117,-56
104000123,196,251,-55
104000124,519,426,93
104000125,947,244,703
104000126,36,129,-93
104000127,478,857,-379
104000128,52,107,-55
104000129,48,20,28
104000130,10,85,-75
104000131,927,469,458
104000132,403,633,-230
104000133,294,237,57
104000134,230,154,76
104000135,87,129,-42
104000136,418,287,131
104000137,879,92,787
104000138,509,131,378
104000139,3152,582,2570
104000141,260,489,-229
104000142,124,428,-304
104000143,105,486,-381
104000144,0,0,0
104000145,0,0,0
104000146,168,494,-326
104000147,52,215,-163
104000148,0,0,0
104000149,59,217,-158
104000150,0,0,0
104000151,96,406,-310
104000152,69,536,-467
104000153,0,0,0
104000154,414,435,-21
104000155,0,0,0
104000157,164,409,-245
104000158,45,58,-13
104000159,76,46,30
104000160,579,185,394
104000161,0,0,0
104000162,0,0,0
104000165,0,0,0
104000167,28,79,-51
104000168,0,0,0
104000169,0,0,0
104000170,336,73,263
104000248,1,143,-142
104000251,12,107,-95
104000272,6,1,5
104000273,18,5,13
104000274,2,1,1
104000275,5,1,4
104000279,200,85,115
104000290,30,108,-78
104000291,119,143,-24
104000293,17,17,0
104000294,0,0,0
104000295,99,326,-227
104000296,38,132,-94
104000297,426,512,-86
104000298,400,158,242
104000299,104,349,-245
104900001,0,0,0
104900002,0,0,0
104900003,0,0,0
104900004,0,0,0
104900005,1,8,-7
104900006,0,0,0
104900007,1,12,-11
104900009,0,0,0
104900010,0,0,0
104900011,0,0,0
104900012,0,0,0
104900013,0,0,0
104900014,0,0,0
104900015,0,0,0
104900016,0,0,0
104900017,0,0,0
104900018,0,0,0
104900019,0,0,0
104900020,0,0,0
104900021,0,0,0
104900022,0,0,0
104900023,0,0,0
104900024,0,0,0
104900025,0,0,0
104900026,0,0,0
104900027,0,0,0
104900028,0,0,0
104900029,0,0,0
104900030,0,0,0
104900031,0,0,0
104900032,0,0,0
104900033,0,0,0
104900034,0,0,0
104900035,0,0,0
104900036,0,0,0
104900037,0,0,0
104900038,0,0,0
104900039,0,0,0
104900040,0,0,0
104900041,0,0,0
104900042,0,0,0
104900043,0,0,0
104900044,0,0,0
104900045,0,0,0
104900046,0,0,0
104900047,0,0,0
104900048,0,0,0
104900049,0,0,0
104900050,0,0,0
104900051,0,0,0
104900052,0,0,0
104900053,0,0,0
104900054,0,0,0
104900055,0,0,0
104900056,0,0,0
104900057,0,0,0
104900058,0,0,0
104900059,0,0,0
104900060,0,6,-6
104900061,0,0,0
104900063,0,0,0
104900064,0,0,0
104900065,0,2,-2
104900066,0,0,0
104900067,0,0,0
104900068,0,0,0
104900070,0,0,0
104900071,0,125,-125
104900072,0,0,0
104900073,0,0,0
104900074,0,0,0
104900075,0,0,0
104900076,0,0,0
104900077,0,0,0
104900078,0,0,0
104900079,0,0,0
104900080,0,0,0
104900082,0,0,0
104900085,0,0,0
104900087,0,0,0
104900089,0,0,0
104900090,0,0,0
104900091,0,0,0
104900093,0,0,0
104900097,0,0,0
104900098,0,0,0
104900099,0,0,0
104900100,0,0,0
104900102,0,0,0
104900103,0,0,0
104900104,0,0,0
104900106,0,0,0
104900107,0,0,0
104900108,0,0,0
104900109,0,0,0
104900110,0,0,0
104900111,0,0,0
104900112,0,0,0
104900113,6,20,-14
104900114,0,0,0
104900115,8,37,-29
104900116,0,0,0
104900118,0,0,0
104900119,0,0,0
104900120,0,0,0
104900121,0,0,0
104900122,0,0,0
104900123,0,0,0
104900124,0,0,0
104900125,0,0,0
104900126,0,0,0
104900127,0,0,0
104900128,0,0,0
104900129,0,0,0
105000001,457,654,-197
105000002,167,365,-198
105000003,314,650,-336
105000004,90,315,-225
105000005,133,301,-168
105000006,68,249,-181
105000007,49,208,-159
105000008,34,376,-342
105000009,158,298,-140
105000010,840,1226,-386
105000011,225,239,-14
105000012,1344,1967,-623
105000013,166,151,15
105000014,146,178,-32
105000015,1456,476,980
105000016,1509,551,958
105000017,291,216,75
105000018,124,216,-92
105000019,15,10,5
105000020,17,106,-89
105000021,3,5,-2
105000022,0,0,0
105000023,0,0,0
105000028,8,39,-31
105000029,61,123,-62
105000030,1150,1878,-728
105000033,352,1345,-993
105000034,0,0,0
105000037,47,75,-28
105000038,60,127,-67
105000039,1383,1644,-261
105000040,13,47,-34
105000041,150,1080,-930
105000042,139,81,58
105000043,942,2073,-1131
105000044,23,33,-10
105000045,59,511,-452
105000046,42,21,21
105000047,111,698,-587
105000048,9,0,9
105000049,122,380,-258
105000050,0,0,0
105000051,64,167,-103
105000052,8,70,-62
105000053,27,84,-57
105000054,4,130,-126
105000055,14,74,-60
105000056,10,274,-264
105000057,106,304,-198
105000058,162,288,-126
105000059,23,72,-49
105000060,58,198,-140
105000061,16,34,-18
105000062,125,380,-255
105000063,38,229,-191
105000064,33,114,-81
105000065,57,321,-264
105000066,132,539,-407
105000067,79,48,31
105000068,130,185,-55
105000069,395,138,257
105000070,52,78,-26
105000071,0,0,0
105000072,71,38,33
105000073,24,17,7
105000074,155,383,-228
105000075,110,162,-52
105000076,306,318,-12
105000077,619,238,381
105000078,160,126,34
105000079,437,814,-377
105000080,119,73,46
105000081,263,264,-1
105000082,37,71,-34
105000083,20,34,-14
105000084,83,354,-271
105000085,45,50,-5
105000086,111,259,-148
105000087,649,571,78
105000088,40,9,31
105000089,1046,1301,-255
105000090,400,669,-269
105000091,852,1213,-361
105000092,197,550,-353
105000093,8,52,-44
105000094,12,11,1
105000095,3,51,-48
105000096,6,7,-1
105000097,123,193,-70
105000098,0,0,0
105000099,94,309,-215
105000100,233,202,31
105000101,178,367,-189
105000102,135,363,-228
105000103,115,443,-328
105000104,141,200,-59
105000105,23,359,-336
105000106,95,289,-194
105000107,60,66,-6
105000108,150,103,47
105000109,106,349,-243
105000110,52,29,23
105000111,29,85,-56
105000112,268,47,221
105000113,16,65,-49
105000114,4,0,4
105000115,30,79,-49
105000116,6,14,-8
105000117,98,212,-114
105000118,5,6,-1
105000119,70,182,-112
105000120,2,3,-1
105000121,128,161,-33
105000122,15,128,-113
105000123,159,269,-110
105000124,107,269,-162
105000125,86,404,-318
105000126,279,625,-346
105000127,190,346,-156
105000128,26,379,-353
105000129,41,85,-44
105000130,0,0,0
105000131,87,124,-37
105000132,1,1,0
105000133,93,415,-322
105000134,0,1,-1
105000135,111,241,-130
105000136,23,162,-139
105000137,0,0,0
105000138,70,178,-108
105000139,196,325,-129
105000140,0,0,0
105000141,40,198,-158
105000142,0,0,0
105000143,39,209,-170
105000144,96,251,-155
105000145,0,0,0
105000146,115,319,-204
105000147,0,0,0
105000148,0,0,0
105000149,0,0,0
105000150,535,527,8
105000151,9,43,-34
105000152,16,195,-179
105000153,30,46,-16
105000154,21,248,-227
105000155,7,45,-38
105000156,54,273,-219
105000157,123,602,-479
105000158,97,82,15
105000159,38,440,-402
105000160,87,71,16
105000161,83,719,-636
105000162,18,92,-74
105000163,178,302,-124
105000164,79,76,3
105000165,107,182,-75
105000166,2000,53,1947
105000167,295,215,80
105000168,6,259,-253
105000169,59,222,-163
105000170,0,0,0
105000171,112,33,79
105000172,0,0,0
105000173,0,0,0
105000174,0,0,0
105000175,7,42,-35
105000176,11,23,-12
105000177,7,30,-23
105000178,0,0,0
105000179,16,16,0
105000180,9,35,-26
105000181,0,0,0
105000182,5,16,-11
105000183,24,7,17
105000184,441,467,-26
105000185,207,163,44
105000186,67,702,-635
105000187,91,72,19
105000188,5,33,-28
105000189,21,332,-311
105000190,0,0,0
105000191,69,262,-193
105000192,14,45,-31
105000193,17,83,-66
105000194,62,43,19
105000195,38,310,-272
105000196,8,28,-20
105000197,29,186,-157
105000198,168,81,87
105000199,32,59,-27
105000200,8,34,-26
105000201,13,12,1
105000203,0,18,-18
105000204,12,37,-25
105000205,12,24,-12
105000207,240,159,81
105000208,0,0,0
105000209,55,239,-184
105000212,86,301,-215
105000213,0,0,0
105000214,0,0,0
105000215,9,68,-59
105000216,42,246,-204
105000217,28,260,-232
105000218,14,207,-193
105000221,9,48,-39
105000222,5,12,-7
105000223,7,37,-30
105000226,0,0,0
105000227,0,0,0
105000228,10,90,-80
105000229,0,0,0
105000231,0,0,0
105000233,52,33,19
105000234,257,938,-681
105000235,20,13,7
105000237,0,0,0
105000243,0,2,-2
105000248,46,31,15
105000262,20,327,-307
105000269,10,28,-18
105000270,13,47,-34
105000271,1,20,-19
105000282,1,10,-9
105000287,6,0,6
105000288,3,69,-66
105000289,146,188,-42
105000290,0,0,0
105000402,590,194,396
105000426,49,49,0
105000438,143,128,15
105000446,2209,1298,911
105000447,2531,927,1604
105000454,1,43,-42
105000455,0,0,0
105000474,0,0,0
105000477,0,0,0
105000478,111,168,-57
105000479,9,29,-20
105000480,316,419,-103
105000481,448,461,-13
105000482,1663,1262,401
105000483,282,458,-176
105000484,464,1088,-624
105000485,653,726,-73
105000486,1056,1067,-11
105000488,825,934,-109
105000489,49,115,-66
105000549,0,0,0
105000550,141,461,-320
105000551,0,0,0
105000552,1882,875,1007
105900001,0,0,0
105900002,2,25,-23
105900003,2,6,-4
105900004,57,24,33
105900005,0,66,-66
105900006,0,0,0
105900007,0,0,0
105900008,4,140,-136
105900009,0,0,0
105900011,0,0,0
105900012,0,0,0
105900013,0,0,0
105900014,0,0,0
105900015,8,41,-33
105900016,0,0,0
105900017,0,0,0
105900018,9,35,-26
105900019,0,0,0
105900020,0,7,-7
105900021,0,0,0
105900022,4,19,-15
105900023,0,0,0
105900024,0,0,0
105900025,0,0,0
105900026,13,1,12
105900027,0,0,0
105900028,0,45,-45
105900029,8,34,-26
105900030,7,32,-25
105900031,35,36,-1
105900032,1,22,-21
105900033,6,22,-16
105900034,1,52,-51
105900035,9,33,-24
105900036,1,16,-15
105900037,12,11,1
105900038,12,19,-7
105900039,2,13,-11
105900040,3,13,-10
105900041,15,25,-10
105900042,3,23,-20
105900043,47,7,40
105900044,0,15,-15
105900045,0,61,-61
105900046,0,39,-39
105900047,0,2,-2
105900048,1,83,-82
105900050,0,0,0
105900051,0,0,0
105900052,0,0,0
105900053,380,11,369
105900054,9,23,-14
105900056,0,0,0
105900057,0,0,0
105900058,0,1,-1
105900059,0,0,0
106000001,357,179,178
106000002,843,1366,-523
106000003,697,397,300
106000004,913,866,47
106000005,430,585,-155
106000006,1994,1806,188
106000007,108,59,49
106000008,160,205,-45
106000009,63,36,27
106000010,192,277,-85
106000011,92,96,-4
106000012,199,607,-408
106000013,192,204,-12
106000014,542,682,-140
106000015,73,143,-70
106000016,397,924,-527
106000017,231,122,109
106000018,237,449,-212
106000019,34,55,-21
106000020,35,264,-229
106000021,46,71,-25
106000022,78,185,-107
106000023,49,42,7
106000024,146,428,-282
106000025,35,38,-3
106000026,146,197,-51
106000027,70,89,-19
106000028,235,461,-226
106000029,409,869,-460
106000030,101,70,31
106000034,172,242,-70
106000035,59,131,-72
106000036,86,123,-37
106000037,388,550,-162
106000038,0,0,0
106000039,0,0,0
106000040,39,279,-240
106000041,87,88,-1
106000043,0,0,0
106000046,0,0,0
106000047,3,68,-65
106000049,7,2,5
106000050,89,457,-368
106000051,3,15,-12
106000052,33,458,-425
106000053,0,0,0
106000054,120,289,-169
106000055,0,0,0
106000056,103,336,-233
106000057,0,0,0
106000058,25,120,-95
106000059,2,7,-5
106000060,219,445,-226
106000061,3,2,1
106000062,60,394,-334
106000063,0,6,-6
106000064,40,264,-224
106000065,9,11,-2
106000066,31,167,-136
106000067,5,7,-2
106000068,4,243,-239
106000069,19,8,11
106000070,61,292,-231
106000071,33,36,-3
106000072,1090,544,546
106000073,473,293,180
106000074,61,217,-156
106000075,51,277,-226
106000076,139,502,-363
106000077,519,376,143
106000078,118,372,-254
106000079,48,387,-339
106000080,184,358,-174
106000081,23,270,-247
106000082,641,429,212
106000083,25,302,-277
106000084,107,317,-210
106000085,107,323,-216
106000086,45,220,-175
106000087,86,209,-123
106000088,9,279,-270
106000089,74,207,-133
106000090,1,287,-286
106000091,82,198,-116
106000092,0,34,-34
106000093,0,0,0
106000094,18,143,-125
106000095,29,260,-231
106000096,23,210,-187
106000097,57,486,-429
106000098,5,390,-385
106000099,9,483,-474
106000100,30,36,-6
106000101,13,29,-16
106000102,0,250,-250
106000103,31,93,-62
106000104,104,60,44
106000105,48,131,-83
106000106,42,78,-36
106000107,8,110,-102
106000108,15,34,-19
106000109,2,70,-68
106000110,27,40,-13
106000111,28,118,-90
106000112,14,31,-17
106000113,173,91,82
106000114,114,53,61
106000115,32,79,-47
106000116,56,56,0
106000117,224,307,-83
106000118,65,144,-79
106000119,734,367,367
106000120,27,20,7
106000121,4,4,0
106000122,5,56,-51
106000123,4,13,-9
106000124,4,41,-37
106000125,3,83,-80
106000126,1,7,-6
106000127,14,97,-83
106000128,1,2,-1
106000129,66,200,-134
106000130,0,0,0
106000131,20,149,-129
106000132,0,0,0
106000133,1349,209,1140
106000134,0,0,0
106000135,39,333,-294
106000136,0,0,0
106000137,20,685,-665
106000138,0,0,0
106000139,0,0,0
106000140,7,91,-84
106000141,7,77,-70
106000142,0,0,0
106000143,10,93,-83
106000144,0,0,0
106000145,24,246,-222
106000146,0,0,0
106000147,94,131,-37
106000148,79,223,-144
106000149,70,84,-14
106000150,82,343,-261
106000151,1041,146,895
106000152,138,87,51
106000153,6,149,-143
106000154,124,25,99
106000155,1,6,-5
106000156,57,60,-3
106000157,119,582,-463
106000158,654,159,495
106000159,1384,348,1036
106000160,16,212,-196
106000161,323,197,126
106000162,7,66,-59
106000163,43,223,-180
106000164,21,54,-33
106000165,23,280,-257
106000166,63,78,-15
106000167,29,642,-613
106000168,13,80,-67
106000169,19,376,-357
106000170,72,65,7
106000171,12,308,-296
106000172,319,305,14
106000173,68,801,-733
106000174,35,123,-88
106000175,32,466,-434
106000176,64,60,4
106000177,92,899,-807
106000178,217,182,35
106000179,152,728,-576
106000180,239,768,-529
106000181,52,680,-628
106000182,50,195,-145
106000183,54,297,-243
106000184,85,274,-189
106000185,71,255,-184
106000186,134,32,102
106000187,16,227,-211
106000188,0,2,-2
106000189,0,0,0
106000190,0,0,0
106000191,40,68,-28
106000192,0,13,-13
106000193,43,31,12
106000194,16,115,-99
106000195,15,16,-1
106000196,3,79,-76
106000197,28,51,-23
106000198,2,91,-89
106000199,193,77,116
106000200,137,51,86
106000201,48,53,-5
106000202,2224,100,2124
106000203,14,113,-99
106000204,0,0,0
106000205,13,89,-76
106000206,0,0,0
106000207,12,426,-414
106000208,14,3,11
106000209,19,31,-12
106000210,59,588,-529
106000211,143,725,-582
106000212,7,1,6
106000213,66,354,-288
106000214,183,42,141
106000215,15,55,-40
106000216,36,47,-11
106000217,18,52,-34
106000218,40,65,-25
106000219,4,34,-30
106000220,42,42,0
106000221,16,118,-102
106000222,0,0,0
106000223,0,0,0
106000224,32,131,-99
106000225,0,0,0
106000226,29,169,-140
106000228,6,122,-116
106000229,9,341,-332
106000231,16,8,8
106000232,8,224,-216
106000233,4,9,-5
106000234,3,97,-94
106000235,1,0,1
106000236,7,27,-20
106000237,0,0,0
106000238,0,0,0
106000239,1,12,-11
106000240,0,0,0
106000241,13,333,-320
106000242,5,1,4
106000249,0,0,0
106000250,5,123,-118
106000251,0,0,0
106000252,2,28,-26
106000253,0,0,0
106000254,28,28,0
106000255,0,0,0
106000256,24,41,-17
106000257,16,113,-97
106000258,0,0,0
106000259,0,16,-16
106000260,0,0,0
106000261,0,31,-31
106000262,0,0,0
106000263,0,17,-17
106000264,0,0,0
106000265,5,30,-25
106000266,0,0,0
106000267,1,24,-23
106000268,0,0,0
106000269,11,12,-1
106000270,17,149,-132
106000271,0,0,0
106000272,3,5,-2
106000273,0,0,0
106000274,11,8,3
106000275,0,1,-1
106000276,3,7,-4
106000277,0,0,0
106000278,15,6,9
106000279,0,7,-7
106000280,4,12,-8
106000281,6,5,1
106000282,18,11,7
106000283,1,12,-11
106000284,2,16,-14
106000285,3,16,-13
106000286,3,11,-8
106000287,5,10,-5
106000288,2,27,-25
106000289,2,9,-7
106000290,8,26,-18
106000291,14,8,6
106000292,9,21,-12
106000293,2,12,-10
106000294,5,15,-10
106000295,2,5,-3
106000296,23,30,-7
106000297,22,16,6
106000298,14,15,-1
106000299,7,13,-6
106000300,1,12,-11
106000301,4,30,-26
106000303,0,0,0
106000304,4,4,0
106000305,0,0,0
106000306,8,14,-6
106000307,0,0,0
106000308,5,25,-20
106000309,0,15,-15
106000310,27,135,-108
106000311,33,19,14
106000312,22,55,-33
106000313,11,32,-21
106000318,24,58,-34
106000319,69,0,69
106000320,0,0,0
106000321,5,2,3
106000322,25,93,-68
106000324,0,0,0
106000325,104,61,43
106000326,253,730,-477
106000327,0,0,0
106000328,0,0,0
106000329,10,39,-29
106000330,7,28,-21
106000428,28,75,-47
106000429,35,84,-49
106000430,116,364,-248
106000431,60,75,-15
106000432,313,752,-439
106000433,180,150,30
106000434,202,72,130
106000435,803,965,-162
106000436,5,185,-180
106000437,0,0,0
106000438,0,0,0
106000439,21,160,-139
106000440,35,69,-34
106000441,0,0,0
106000442,0,0,0
106000443,6,28,-22
106000450,0,90,-90
106000451,0,0,0
106000454,1,10,-9
106000455,2,76,-74
106000456,0,0,0
106000457,5,520,-515
106000458,0,0,0
106000459,9,227,-218
106000460,0,0,0
106000461,13,904,-891
106000462,0,6,-6
106000463,0,0,0
106000464,4,254,-250
106000465,0,0,0
106000466,3,330,-327
106000467,216,194,22
106000468,0,1,-1
106000469,0,2,-2
106000470,74,265,-191
106000471,6,185,-179
106000472,0,0,0
106000473,0,7,-7
106000474,109,335,-226
106000475,19,33,-14
106000476,50,13,37
106000477,5,47,-42
106900001,0,2,-2
106900002,0,0,0
106900003,0,0,0
106900004,0,2,-2
106900006,0,2,-2
106900007,0,0,0
106900008,0,0,0
106900009,0,0,0
106900010,0,0,0
106900012,0,0,0
106900013,0,0,0
106900014,0,0,0
106900015,0,0,0
106900016,0,0,0
106900017,0,0,0
106900018,0,0,0
106900019,0,0,0
106900020,0,0,0
106900021,0,0,0
106900022,0,0,0
106900023,0,0,0
106900024,0,0,0
106900025,0,0,0
106900026,0,0,0
106900027,0,0,0
107000001,363,512,-149
107000002,1238,2049,-811
107000003,666,916,-250
107000004,2226,3177,-951
107000005,205,501,-296
107000006,1181,3228,-2047
107000007,744,767,-23
107000008,10649,7134,3515
107000009,436,632,-196
107000010,6741,5402,1339
107000011,475,422,53
107000012,907,978,-71
107000013,23,161,-138
107000014,4,207,-203
107000015,100,581,-481
107000016,97,749,-652
107000017,261,200,61
107000018,3,110,-107
107000020,102,59,43
107000021,355,477,-122
107000022,65,833,-768
107000023,293,184,109
107000024,75,1242,-1167
107000025,54,119,-65
107000026,13,315,-302
107000027,409,166,243
107000028,314,458,-144
107000029,244,162,82
107000030,430,1088,-658
107000031,217,295,-78
107000032,10,58,-48
107000033,901,1312,-411
107000034,2453,701,1752
107000035,8,8,0
107000036,32,203,-171
107000037,1,19,-18
107000038,81,114,-33
107000039,0,0,0
107000040,61,156,-95
107000041,249,97,152
107000042,128,349,-221
107000043,409,127,282
107000044,148,199,-51
107000045,13,90,-77
107000046,58,60,-2
107000047,32,244,-212
107000048,27,68,-41
107000049,45,221,-176
107000050,46,94,-48
107000051,111,81,30
107000052,194,78,116
107000053,18,28,-10
107000054,14,100,-86
107000055,41,17,24
107000056,75,306,-231
107000057,125,45,80
107000058,0,0,0
107000059,409,1193,-784
107000060,40,57,-17
107000061,1243,1530,-287
107000062,35,64,-29
107000063,862,2335,-1473
107000064,48,50,-2
107000065,904,2257,-1353
107000066,22,56,-34
107000067,25,55,-30
107000068,0,0,0
107000069,0,0,0
107000070,2,13,-11
107000071,0,0,0
107000072,13,1558,-1545
107000073,0,0,0
107000074,45,482,-437
107000075,0,0,0
107000076,287,1282,-995
107000077,0,0,0
107000078,362,1776,-1414
107000079,2,2,0
107000080,272,1435,-1163
107000081,14,6,8
107000082,107,1333,-1226
107000083,4,9,-5
107000084,107,1101,-994
107000085,457,542,-85
107000086,494,746,-252
107000087,320,422,-102
107000088,324,792,-468
107000089,126,180,-54
107000090,291,409,-118
107000091,79,185,-106
107000092,236,360,-124
107000093,59,178,-119
107000094,160,463,-303
107000095,0,0,0
107000096,255,510,-255
107000097,0,0,0
107000098,80,376,-296
107000099,0,0,0
107000100,82,132,-50
107000101,0,0,0
107000102,135,126,9
107000103,0,0,0
107000104,68,141,-73
107000105,8,0,8
107000106,32,138,-106
107000107,6,4,2
107000108,38,358,-320
107000109,0,0,0
107000110,18,214,-196
107000111,0,0,0
107000112,0,152,-152
107000113,0,0,0
107000114,21,256,-235
107000115,0,0,0
107000116,25,454,-429
107000117,0,0,0
107000118,27,117,-90
107000119,146,39,107
107000120,730,275,455
107000121,27,24,3
107000122,187,383,-196
107000123,27,47,-20
107000124,63,403,-340
107000125,49,39,10
107000126,101,633,-532
107000129,43,217,-174
107000130,0,0,0
107000131,157,276,-119
107000132,0,0,0
107000133,6,15,-9
107000134,1,0,1
107000135,0,25,-25
107000136,16,0,16
107000137,0,11,-11
107000138,11,2,9
107000139,1,37,-36
107000140,57,0,57
107000141,22,71,-49
107000142,13,2,11
107000143,10,87,-77
107000144,18,6,12
107000145,16,41,-25
107000146,8,1,7
107000147,334,18,316
107000150,36,24,12
107000151,2,7,-5
107000152,6,61,-55
107000153,26,50,-24
107000154,3,6,-3
107000155,24,1,23
107000156,67,1,66
107000157,3,504,-501
107000158,10,0,10
107000159,2,189,-187
107000160,16,2,14
107000161,6,200,-194
107000162,10,19,-9
107000163,0,0,0
107000164,0,0,0
107000165,0,0,0
107000166,7,455,-448
107000167,23,28,-5
107000168,61,17,44
107000169,130,597,-467
107000170,57,16,41
107000171,76,1487,-1411
107000172,34,28,6
107000173,103,405,-302
107000174,142,158,-16
107000175,2785,570,2215
107000176,0,0,0
107000177,0,0,0
107000178,0,0,0
107000179,55,1419,-1364
107000180,23,213,-190
107000181,54,506,-452
107000182,10,120,-110
107000183,48,391,-343
107000184,14,102,-88
107000185,30,567,-537
107000186,0,0,0
107000187,100,154,-54
107000188,66,80,-14
107000189,21,78,-57
107000190,52,202,-150
107000191,1,13,-12
107000192,144,273,-129
107000193,0,1,-1
107000194,153,188,-35
107000197,0,0,0
107000198,36,316,-280
107000199,274,361,-87
107000200,0,0,0
107000201,99,116,-17
107000202,0,0,0
107000203,124,192,-68
107000204,17,14,3
107000205,1106,625,481
107000206,14,3,11
107000207,12,12,0
107000208,27,7,20
107000209,80,5,75
107000210,274,50,224
107000211,0,0,0
107000212,1,75,-74
107000213,0,0,0
107000214,0,23,-23
107000215,8,49,-41
107000216,7,68,-61
107000217,2,9,-7
107000219,1,13,-12
107000220,6,42,-36
107000222,59,252,-193
107000224,0,0,0
107000225,19,154,-135
107000226,0,0,0
107000227,13,150,-137
107000228,7,25,-18
107000229,13,6,7
107000230,369,179,190
107000231,9,23,-14
107000232,0,0,0
107000233,12,32,-20
107000234,0,0,0
107000235,0,9,-9
107000236,16,360,-344
107000237,0,0,0
107000238,0,1,-1
107000239,243,14,229
107000240,0,321,-321
107000241,44,13,31
107000242,184,33,151
107000243,0,63,-63
107000244,1,106,-105
107000246,5,643,-638
107000249,1,281,-280
107000251,3,119,-116
107000252,1,583,-582
107000255,119,15,104
107000257,0,65,-65
107000258,0,16,-16
107000259,0,23,-23
107000260,0,0,0
107000262,0,134,-134
107000263,0,0,0
107000266,0,0,0
107000267,4,21,-17
107000268,8,22,-14
107000269,0,1,-1
107000270,0,1,-1
107000271,0,173,-173
107000272,2,64,-62
107000273,0,34,-34
107000274,20,37,-17
107000275,0,67,-67
107000280,11,1,10
107000281,1,160,-159
107000282,1,319,-318
107000290,1,13,-12
107000291,0,0,0
107000292,1,12,-11
107000293,0,0,0
107000294,0,17,-17
107000295,0,0,0
107000296,0,0,0
107000444,5,1,4
107000496,0,0,0
107000497,279,1512,-1233
107000500,0,0,0
107000501,0,0,0
107000502,0,0,0
107000505,137,285,-148
107000506,0,4,-4
107000508,1,239,-238
107000509,28,10,18
107000510,0,0,0
107000514,0,30,-30
107000515,1,36,-35
107000516,0,0,0
107000518,0,0,0
107000519,826,662,164
107000520,0,0,0
107900001,0,6,-6
107900002,0,0,0
107900003,3,0,3
107900004,1,0,1
107900005,33,0,33
107900006,0,0,0
107900007,7,1,6
107900008,15,7,8
107900009,0,0,0
107900010,0,0,0
107900012,5,1,4
107900013,24,7,17
107900014,0,0,0
107900015,38,0,38
107900016,22,7,15
107900017,0,0,0
107900018,0,4,-4
107900019,0,12,-12
107900020,0,0,0
107900021,3,22,-19
107900023,0,0,0
107900024,0,0,0
107900025,17,36,-19
107900026,2,19,-17
107900027,0,0,0
107900028,1,13,-12
107900030,3,0,3
107900031,4,67,-63
107900032,0,0,0
107900033,1,1,0
107900034,17,0,17
107900035,54,2,52
107900036,0,0,0
107900037,0,0,0
107900038,22,5,17
107900039,1,10,-9
107900040,0,0,0
107900041,0,0,0
107900043,1,34,-33
107900044,1,0,1
107900045,11,0,11
107900046,10,2,8
107900047,0,0,0
107900048,7,0,7
107900049,33,22,11
107900050,38,58,-20
107900051,12,6,6
107900052,0,0,0
107900053,1,15,-14
107900055,25,22,3
107900056,7,1,6
107900057,0,0,0
107900058,7,160,-153
107900060,0,0,0
107900061,0,0,0
107900063,7,13,-6
107900064,14,1,13
107900065,8,1,7
107900066,0,0,0
107900067,0,0,0
107900068,2,23,-21
107900069,0,2,-2
107900070,0,0,0
107900071,0,270,-270
107900072,3,19,-16
107900073,0,0,0
107900074,0,0,0
107900076,7,17,-10
107900077,0,0,0
107900078,7,2,5
107900079,0,2,-2
107900080,0,9,-9
107900081,0,0,0
107900082,0,0,0
107900083,19,20,-1
107900084,4,12,-8
107900086,3,13,-10
107900087,59,3,56
107900088,0,0,0
107900089,32,69,-37
107900090,37,32,5
107900091,7,79,-72
107900092,464,63,401
107900093,0,0,0
107900095,210,62,148
107900097,3,10,-7
107900098,2,5,-3
107900100,218,60,158
107900101,290,28,262
107900102,0,0,0
107900103,5,16,-11
107900104,0,0,0
107900105,0,115,-115
107900106,1,527,-526
107900107,266,25,241
107900108,4,2,2
107900109,0,0,0
107900110,0,18,-18
107900111,3,339,-336
107900112,13,56,-43
107900113,0,0,0
107900114,0,58,-58
107900115,0,0,0
107900116,1,43,-42
107900117,16,54,-38
107900118,14,28,-14
107900119,2,5,-3
107900120,0,0,0
107900121,0,13,-13
107900122,0,5,-5
107900123,0,13,-13
107900124,0,0,0
107900125,0,52,-52
107900126,0,13,-13
107900127,157,7,150
107900128,2,0,2
107900129,0,7,-7
107900130,0,0,0
107900131,20,6,14
107900132,14,86,-72
107900133,0,5,-5
107900134,0,0,0
107900135,1,56,-55
107900136,8,4,4
107900137,4,2,2
107900138,2,6,-4
107900139,0,0,0
107900140,15,17,-2
107900141,0,1,-1
107900142,37,281,-244
107900143,3,3,0
107900144,0,39,-39
107900145,1,13,-12
107900146,0,2,-2
107900147,3,0,3
107900148,19,32,-13
107900149,498,19,479
107900150,13,186,-173
107900151,0,39,-39
107900152,1,37,-36
107900153,6,5,1
107900154,4,2,2
107900155,0,0,0
107900156,0,0,0
107900157,9,23,-14
107900158,19,0,19
107900159,5,275,-270
107900160,2,61,-59
107900161,0,79,-79
107900162,0,39,-39
107900163,10,0,10
107900164,1,11,-10
107900165,0,3,-3
107900166,1,115,-114
107900167,0,0,0
107900168,0,16,-16
107900169,0,56,-56
107900171,4,473,-469
107900172,0,107,-107
107900173,0,78,-78
107900174,5,0,5
107900175,0,0,0
107900176,0,2,-2
107900177,0,46,-46
107900178,1,75,-74
107900179,0,32,-32
107900180,107,11,96
107900181,103,81,22
107900182,3,500,-497
107900183,0,148,-148
107900184,0,10,-10
107900185,5,0,5
107900186,3,8,-5
107900187,0,58,-58
107900188,63,6,57
107900189,0,44,-44
107900190,30,2,28
107900191,0,37,-37
107900193,1,18,-17
107900194,11,3,8
107900195,626,42,584
107900196,0,1,-1
107900197,17,2,15
107900199,1,182,-181
107900201,6,36,-30
107900203,4,23,-19
107900204,80,54,26
107900205,25,176,-151
107900206,17,4,13
107900207,0,226,-226
107900208,1,127,-126
107900209,66,33,33
107900210,14,21,-7
107900213,48,88,-40
107900214,0,50,-50
107900215,52,137,-85
107900216,0,6,-6
107900217,1,0,1
107900218,2,214,-212
107900219,1,52,-51
107900220,16,15,1
107900221,33,68,-35
107900223,0,2,-2
107900224,14,92,-78
107900225,0,90,-90
107900226,0,31,-31
107900227,15,124,-109
107900228,0,34,-34
107900229,0,40,-40
107900230,0,28,-28
107900231,0,2,-2
107900232,1,78,-77
107900233,2,31,-29
107900234,10,61,-51
107900235,18,27,-9
107900236,0,44,-44
107900237,8,61,-53
107900238,0,0,0
107900239,267,148,119
107900240,2,40,-38
107900241,0,24,-24
107900242,1,102,-101
107900243,0,5,-5
107900244,0,0,0
107900245,1,0,1
107900246,2,1,1
107900248,9,207,-198
107900249,0,0,0
107900250,1,132,-131
107900251,7,289,-282
107900252,1,0,1
107900253,1,0,1
107900254,4,10,-6
107900255,61,1,60
107900256,15,82,-67
107900257,3,2,1
107900258,1,21,-20
107900259,1,14,-13
107900261,0,160,-160
107900262,0,1,-1
107900264,0,0,0
107900265,2,22,-20
107900267,1,0,1
107900268,0,0,0
107900269,0,0,0
107900270,0,0,0
107900271,0,0,0
107900272,0,0,0
107900273,1,24,-23
107900274,0,0,0
107900275,0,0,0
107900276,1,26,-25
107900277,0,79,-79
107900278,2,52,-50
107900279,24,5,19
107900280,2,43,-41
107900281,513,102,411
107900282,8,30,-22
107900283,63,20,43
107900284,12,269,-257
107900285,0,15,-15
107900286,19,12,7
107900287,2,10,-8
107900290,0,17,-17
107900291,30,1,29
107900292,3,45,-42
107900293,0,44,-44
107900295,0,30,-30
107900297,2,88,-86
107900298,53,104,-51
107900299,799,94,705
107900300,17,51,-34
107900301,12,40,-28
107900302,7,4,3
107900303,2,89,-87
107900304,3,85,-82
107900305,20,0,20
107900306,0,0,0
107900307,15,115,-100
107900308,17,2,15
107900309,0,0,0
107900310,0,0,0
107900311,5,9,-4
107900312,0,0,0
107900313,0,8,-8
107900314,0,13,-13
107900315,0,3,-3
107900316,0,0,0
107900317,2,0,2
107900318,0,16,-16
107900319,1,67,-66
107900320,0,58,-58
107900321,2,0,2
107900322,1,61,-60
107900323,0,33,-33
107900324,1,0,1
107900325,6,0,6
107900326,1,137,-136
107900327,0,0,0
107900328,0,0,0
107900329,0,0,0
107900330,0,126,-126
107900331,2,0,2
107900332,0,7,-7
107900333,2,0,2
107900334,1,62,-61
107900335,11,13,-2
107900336,5,2,3
107900337,213,29,184
107900338,1,47,-46
107900339,0,25,-25
107900340,0,15,-15
107900341,0,0,0
107900342,1,31,-30
107900343,0,0,0
107900344,0,87,-87
107900345,0,1,-1
107900346,0,0,0
107900347,0,0,0
107900348,0,0,0
107900349,2,0,2
107900350,11,102,-91
108000001,450,470,-20
108000002,1536,2106,-570
108000003,430,320,110
108000004,8655,7936,719
108000005,427,430,-3
108000006,1411,3084,-1673
108000007,440,508,-68
108000008,1533,2961,-1428
108000009,246,625,-379
108000010,656,2790,-2134
108000011,1515,1099,416
108000012,7865,6946,919
108000014,9,82,-73
108000015,12,61,-49
108000016,80,421,-341
108000017,5,41,-36
108000018,8,38,-30
108000019,8,94,-86
108000020,1,0,1
108000021,124,929,-805
108000022,128,691,-563
108000023,0,0,0
108000024,13,261,-248
108000025,7,90,-83
108000026,34,277,-243
108000027,19,241,-222
108000028,7,169,-162
108000029,9,376,-367
108000030,2,113,-111
108000031,20,358,-338
108000032,0,1,-1
108000033,154,630,-476
108000034,0,1,-1
108000035,292,1398,-1106
108000036,76,644,-568
108000037,107,19,88
108000038,60,17,43
108000039,111,1165,-1054
108000040,29,16,13
108000041,247,1382,-1135
108000042,1,87,-86
108000043,19,229,-210
108000044,3,73,-70
108000045,28,581,-553
108000046,0,1,-1
108000047,122,714,-592
108000048,54,389,-335
108000049,32,26,6
108000050,12,234,-222
108000051,16,9,7
108000052,131,225,-94
108000053,22,27,-5
108000054,93,213,-120
108000055,24,17,7
108000056,266,444,-178
108000057,7,98,-91
108000058,22,268,-246
108000059,1269,481,788
108000060,1,17,-16
108000061,34,160,-126
108000062,13,16,-3
108000063,35,217,-182
108000064,0,0,0
108000065,70,198,-128
108000066,328,48,280
108000067,69,68,1
108000068,0,0,0
108000069,92,637,-545
108000070,0,0,0
108000071,122,1028,-906
108000072,0,0,0
108000073,272,869,-597
108000074,0,0,0
108000075,69,325,-256
108000076,0,0,0
108000077,203,509,-306
108000078,42,42,0
108000079,510,1009,-499
108000080,6,19,-13
108000081,116,1212,-1096
108000082,291,705,-414
108000083,21,14,7
108000084,53,453,-400
108000085,1,6,-5
108000086,141,281,-140
108000087,2,20,-18
108000088,0,0,0
108000089,22,54,-32
108000090,10,0,10
108000091,16,304,-288
108000092,0,3,-3
108000093,58,331,-273
108000094,0,0,0
108000095,80,292,-212
108000096,0,0,0
108000097,43,296,-253
108000098,51,122,-71
108000099,0,0,0
108000100,0,0,0
108000101,0,0,0
108000102,81,189,-108
108000106,0,0,0
108000107,2,363,-361
108000108,0,0,0
108000109,2,360,-358
108000110,14,73,-59
108000111,61,472,-411
108000112,0,0,0
108000113,31,17,14
108000115,61,85,-24
108000117,107,70,37
108000118,14,102,-88
108000119,72,186,-114
108000120,9,106,-97
108000121,5,260,-255
108000122,11,72,-61
108000123,3,0,3
108000124,26,335,-309
108000125,2,3,-1
108000126,29,345,-316
108000127,0,1,-1
108000128,37,505,-468
108000129,38,943,-905
108000130,2,0,2
108000131,0,7,-7
108000132,357,409,-52
108000133,0,2,-2
108000134,154,564,-410
108000135,6,6,0
108000136,229,741,-512
108000137,0,1,-1
108000138,27,178,-151
108000139,0,14,-14
108000140,26,5,21
108000141,8,83,-75
108000142,58,173,-115
108000143,10,69,-59
108000144,7,1,6
108000145,7,128,-121
108000146,6,2,4
108000147,3,111,-108
108000148,7,3,4
108000149,4,42,-38
108000150,7,4,3
108000151,3,3,0
108000152,12,134,-122
108000153,2,2,0
108000154,9,19,-10
108000155,1,5,-4
108000156,124,7,117
108000157,8,18,-10
108000158,31,110,-79
108000159,47,0,47
108000160,803,158,645
108000161,736,210,526
108000165,0,11,-11
108000172,0,0,0
108000173,556,29,527
108000175,0,39,-39
108000178,190,177,13
108000179,0,0,0
108000181,0,2,-2
108000182,11,1,10
108000183,8,26,-18
108000184,139,167,-28
108000185,3,225,-222
108000186,2,4,-2
108000187,3,151,-148
108000188,13,32,-19
108000189,15,43,-28
108000190,5,74,-69
108000192,19,228,-209
108000193,199,10,189
108000194,0,1,-1
108000195,0,970,-970
108000196,0,22,-22
108000198,75,104,-29
108000199,0,77,-77
108000200,6,99,-93
108000202,0,107,-107
108000203,2,310,-308
108000204,15,2,13
108000205,104,96,8
108000339,109,30,79
108000364,5,17,-12
108000365,0,26,-26
108000367,8,38,-30
108000368,1,27,-26
108000369,489,31,458
108000371,1,272,-271
108000372,0,0,0
108000373,0,0,0
108000376,13,4,9
108000377,41,12,29
108000378,1883,1005,878
108000379,6,72,-66
108000381,0,0,0
108000382,0,0,0
108000383,1,37,-36
108900001,22,49,-27
108900002,11,7,4
108900003,53,124,-71
108900004,121,51,70
108900005,0,27,-27
108900006,73,48,25
108900007,2,23,-21
108900008,1,32,-31
108900009,4,14,-10
108900010,9,32,-23
108900011,12,53,-41
108900012,15,92,-77
108900013,3,60,-57
108900014,0,12,-12
108900015,0,2,-2
108900016,0,27,-27
108900017,0,17,-17
108900018,0,75,-75
108900019,2,207,-205
108900020,1,35,-34
108900021,6,32,-26
108900022,0,0,0
108900023,0,2,-2
108900024,0,25,-25
108900025,0,0,0
108900026,1,7,-6
108900027,1,21,-20
108900028,0,98,-98
108900029,0,27,-27
108900030,0,52,-52
108900031,1,113,-112
108900032,0,21,-21
108900033,0,16,-16
108900034,0,13,-13
108900035,6,419,-413
108900036,21,52,-31
108900037,2,47,-45
108900038,0,52,-52
108900039,0,35,-35
108900040,0,18,-18
108900041,582,75,507
108900042,1,33,-32
108900043,1,33,-32
108900044,1,136,-135
108900045,10,78,-68
108900046,2,113,-111
108900047,0,11,-11
108900048,4,108,-104
108900049,481,30,451
108900050,1,31,-30
108900051,0,53,-53
108900052,2,33,-31
108900053,4,3,1
108900054,3,9,-6
108900055,5,71,-66
108900056,0,45,-45
108900057,0,58,-58
108900058,3,98,-95
108900059,8,1,7
108900060,0,0,0
108900061,2,0,2
108900062,3,99,-96
108900063,0,53,-53
108900064,2,1,1
108900065,0,17,-17
108900066,0,0,0
108900067,3,57,-54
108900068,0,14,-14
108900069,1,5,-4
108900070,5,5,0
108900071,0,0,0
108900072,4,2,2
108900073,0,10,-10
108900074,0,36,-36
108900075,1,4,-3
108900076,0,0,0
108900077,2,20,-18
108900078,0,13,-13
108900079,16,16,0
108900080,0,0,0
108900081,5,53,-48
108900082,0,12,-12
108900083,0,0,0
108900084,48,27,21
108900085,211,13,198
108900086,3,20,-17
108900087,12,12,0
108900088,0,0,0
108900089,0,0,0
108900090,1,25,-24
108900091,5,4,1
108900092,0,1,-1
108900093,0,0,0
108900094,5,6,-1
108900095,6,44,-38
108900096,39,2,37
108900097,1,91,-90
108900098,11,0,11
108900099,0,91,-91
108900100,3,10,-7
108900101,0,0,0
108900102,0,7,-7
108900103,0,0,0
108900104,41,37,4
108900105,0,0,0
108900106,0,133,-133
108900108,0,0,0
108900109,0,0,0
108900110,1,68,-67
108900111,1,120,-119
108900112,0,0,0
108900113,0,0,0
108900114,0,0,0
108900115,0,0,0
108900116,0,0,0
108900117,0,0,0
108900118,0,0,0
108900119,0,0,0
108900120,0,0,0
108900121,0,0,0
108900122,0,0,0
108900123,0,0,0
108900124,0,3,-3
108900125,0,0,0
108900126,0,0,0
108900127,0,0,0
108900128,0,0,0
108900129,0,1,-1
108900130,0,0,0
108900131,0,0,0
108900132,0,0,0
108900133,0,0,0
108900134,0,0,0
108900135,0,0,0
108900136,0,0,0
108900137,4,0,4
108900138,0,0,0
108900139,0,0,0
108900140,0,0,0
108900141,0,0,0
108900142,0,0,0
108900143,0,0,0
108900144,0,0,0
108900145,0,0,0
108900146,0,0,0
108900147,2,0,2
108900148,12,0,12
108900149,37,30,7
108900150,0,0,0
108900151,0,0,0
108900152,0,9,-9
108900153,0,45,-45
108900154,0,2,-2
108900155,0,8,-8
108900156,0,0,0
108900157,0,37,-37
108900158,0,0,0
108900159,1,42,-41
108900160,1,31,-30
108900161,1,61,-60
108900162,0,0,0
108900163,0,0,0
108900164,1,8,-7
108900165,13,12,1
108900167,133,21,112
108900168,920,47,873
108900169,3,4,-1
108900171,465,177,288
108900172,0,0,0
108900173,13,13,0
108900174,0,0,0
108900176,4,105,-101
108900177,1121,85,1036
108900178,356,27,329
108900179,2,11,-9
108900180,0,0,0
108900182,0,3,-3
108900183,5,27,-22
108900184,0,1,-1
108900185,1,34,-33
108900186,0,53,-53
108900187,0,0,0
108900188,0,0,0
108900189,0,0,0
108900190,4,448,-444
108900191,0,3,-3
108900192,3,38,-35
108900193,0,0,0
108900194,1,88,-87
108900195,3,62,-59
108900196,0,92,-92
108900198,0,106,-106
108900199,15,51,-36
108900200,38,58,-20
108900201,21,146,-125
108900203,1,0,1
108900204,4,0,4
108900205,3,0,3
108900206,0,0,0
108900207,0,0,0
108900208,6,65,-59
108900209,22,124,-102
108900210,5,10,-5
108900211,5,7,-2
108900212,30,29,1
108900215,6,81,-75
108900216,0,6,-6
108900217,0,0,0
108900218,0,0,0
108900219,0,0,0
108900220,0,0,0
108900221,3,3,0
108900222,0,0,0
108900223,0,1,-1
108900224,2,7,-5
108900225,0,12,-12
108900226,0,0,0
108900227,3,1,2
108900230,15,10,5
108900231,4,20,-16
108900232,0,53,-53
108900233,0,0,0
108900234,0,0,0
108900235,11,49,-38
108900236,1,29,-28
108900237,0,27,-27
108900240,2,15,-13
108900241,0,0,0
108900245,0,0,0
108900249,0,0,0
108900250,0,7,-7
108900257,2,77,-75
108900258,0,8,-8
108900259,0,3,-3
108900260,0,6,-6
108900261,2,7,-5
108900262,0,0,0
108900263,0,0,0
108900264,0,0,0
108900265,0,0,0
108900266,0,0,0
108900267,0,0,0
108900268,0,0,0
108900269,0,0,0
108900270,0,0,0
108900271,0,0,0
108900272,0,0,0
108900273,0,0,0
108900274,7,15,-8
109000001,514,136,378
109000002,3758,655,3103
109000003,320,119,201
109000004,379,1606,-1227
109000005,207,164,43
109000006,382,1317,-935
109000007,133,126,7
109000008,183,1049,-866
109000009,446,268,178
109000010,724,2470,-1746
109000011,375,311,64
109000012,764,2397,-1633
109000013,453,240,213
109000014,552,2182,-1630
109000015,534,376,158
109000016,5120,2563,2557
109000017,265,269,-4
109000018,517,2131,-1614
109000019,305,247,58
109000020,584,1356,-772
109000023,0,0,0
109000024,1,38,-37
109000025,119,48,71
109000026,101,59,42
109000027,11,50,-39
109000028,14,29,-15
109000029,50,17,33
109000030,22,196,-174
109000031,0,0,0
109000032,15,190,-175
109000033,0,0,0
109000034,0,3,-3
109000035,0,0,0
109000036,16,173,-157
109000037,16,50,-34
109000038,364,134,230
109000039,96,23,73
109000040,730,130,600
109000041,3224,291,2933
109000042,102,215,-113
109000044,0,2,-2
109000045,35,298,-263
109000046,1,5,-4
109000047,9,319,-310
109000048,1,2,-1
109000049,80,517,-437
109000050,0,7,-7
109000051,124,266,-142
109000052,37,400,-363
109000053,4,3,1
109000054,10,152,-142
109000055,9,33,-24
109000056,22,105,-83
109000057,21,23,-2
109000058,148,21,127
109000059,24,145,-121
109000060,60,4,56
109000061,320,67,253
109000062,7,6,1
109000063,63,69,-6
109000064,5,1,4
109000065,11,104,-93
109000066,6,0,6
109000067,2,89,-87
109000068,1,1,0
109000069,0,0,0
109000070,3,313,-310
109000071,97,13,84
109000072,7,78,-71
109000073,11,19,-8
109000074,4,34,-30
109000075,27,394,-367
109000076,3,8,-5
109000077,52,51,1
109000078,0,19,-19
109000079,4,69,-65
109000080,2,27,-25
109000081,2,133,-131
109000082,14,64,-50
109000083,18,246,-228
109000088,8,98,-90
109000089,11,5,6
109000090,37,123,-86
109000091,36,8,28
109000092,90,240,-150
109000093,30,14,16
109000094,22,1,21
109000095,6,188,-182
109000096,37,2,35
109000097,9,27,-18
109000098,0,0,0
109000099,50,80,-30
109000100,11,193,-182
109000101,78,145,-67
109000102,22,525,-503
109000103,45,180,-135
109000104,104,74,30
109000105,66,941,-875
109000106,167,85,82
109000107,49,823,-774
109000108,112,70,42
109000109,137,861,-724
109000110,117,99,18
109000111,241,916,-675
109000112,32,60,-28
109000113,30,108,-78
109000114,0,68,-68
109000115,42,5,37
109000116,1,119,-118
109000117,9,14,-5
109000118,3,194,-191
109000119,22,30,-8
109000120,17,568,-551
109000121,6,12,-6
109000122,12,846,-834
109000123,3,17,-14
109000124,72,87,-15
109000125,54,92,-38
109000126,55,1090,-1035
109000127,36,39,-3
109000128,66,1397,-1331
109000129,24,10,14
109000130,192,1744,-1552
109000131,67,51,16
109000132,289,866,-577
109000133,28,420,-392
109000134,105,982,-877
109000135,157,606,-449
109000136,8,13,-5
109000137,40,71,-31
109000138,6,28,-22
109000139,38,113,-75
109000140,8,36,-28
109000141,31,178,-147
109000142,13,103,-90
109000143,1,4,-3
109000145,19,16,3
109000146,2,5,-3
109000148,1277,140,1137
109000149,9,26,-17
109000150,0,0,0
109000155,53,162,-109
109000156,242,270,-28
109000158,8,87,-79
109000159,12,150,-138
109000160,89,112,-23
109000161,22,354,-332
109000162,231,396,-165
109000163,64,260,-196
109000164,110,667,-557
109000165,76,194,-118
109000166,52,63,-11
109000167,18,201,-183
109000170,0,0,0
109000171,2,0,2
109000172,0,0,0
109000173,0,1,-1
109000174,0,0,0
109000175,0,0,0
109000176,22,203,-181
109000177,0,0,0
109000178,17,51,-34
109000179,1236,229,1007
109000180,1263,430,833
109000181,14,17,-3
109000182,6,21,-15
109000183,2,10,-8
109000184,6,4,2
109000185,2,12,-10
109000188,15,102,-87
109000189,194,237,-43
109000190,65,304,-239
109000191,0,0,0
109000192,1,19,-18
109000193,21,152,-131
109000194,1,7,-6
109000195,6,100,-94
109000196,1,5,-4
109000197,20,159,-139
109000198,3,5,-2
109000199,7,139,-132
109000206,21,15,6
109000207,9,15,-6
109000208,15,18,-3
109000209,5,15,-10
109000210,28,87,-59
109000211,11,27,-16
109000214,14,30,-16
109000215,0,2,-2
109000216,12,36,-24
109000217,23,15,8
109000218,6,18,-12
109000221,24,250,-226
109000222,33,3,30
109000223,37,76,-39
109000224,1,11,-10
109000225,3,13,-10
109000226,8,45,-37
109000227,54,312,-258
109000228,0,187,-187
109000231,0,154,-154
109000232,6,122,-116
109000236,37,459,-422
109000241,184,471,-287
109000242,62,195,-133
109000293,0,0,0
109000361,9,40,-31
109000364,12,132,-120
109000396,0,274,-274
109000397,17,0,17
109000399,41,119,-78
109000400,14,155,-141
109000403,7,24,-17
109000406,21,1,20
109000407,10,30,-20
109000408,6,96,-90
109000410,187,121,66
109000411,0,0,0
109900001,0,0,0
109900002,0,0,0
109900003,0,0,0
109900004,12,33,-21
109900005,2,2,0
109900006,0,23,-23
109900007,0,207,-207
109900008,0,8,-8
109900009,4,194,-190
109900010,0,0,0
109900011,9,0,9
109900012,8,21,-13
109900013,17,14,3
109900014,12,5,7
109900015,20,12,8
109900016,4,13,-9
109900017,4,9,-5
109900018,2,31,-29
109900019,7,15,-8
109900020,0,0,0
109900021,0,0,0
109900022,0,32,-32
109900023,0,0,0
109900024,1,0,1
109900025,0,11,-11
109900026,0,15,-15
109900027,1,0,1
109900028,157,23,134
109900029,1,46,-45
109900030,1,0,1
109900031,0,19,-19
109900032,1,54,-53
109900033,0,0,0
109900034,0,0,0
109900035,1,4,-3
109900036,3,16,-13
109900037,0,115,-115
109900038,0,0,0
109900039,0,0,0
109900040,1,152,-151
109900041,7,73,-66
109900042,0,99,-99
109900044,0,16,-16
109900045,0,5,-5
109900046,0,0,0
109900047,6,34,-28
109900048,5,13,-8
109900049,1,6,-5
109900050,0,71,-71
109900051,0,5,-5
109900052,2,56,-54
109900053,0,93,-93
109900054,0,0,0
109900055,1,44,-43
109900056,0,0,0
109900057,0,25,-25
109900058,0,10,-10
109900059,0,0,0
109900060,0,0,0
109900061,17,79,-62
109900062,0,37,-37
109900063,0,18,-18
109900064,9,3,6
109900065,9,40,-31
109900066,29,149,-120
109900067,0,93,-93
109900068,0,0,0
109900069,0,5,-5
109900070,20,58,-38
109900071,1,6,-5
109900072,1,42,-41
109900073,1,48,-47
109900074,0,30,-30
109900075,0,0,0
109900076,0,29,-29
109900077,7,22,-15
109900078,8,44,-36
109900080,2,26,-24
109900081,0,1,-1
109900082,1,38,-37
109900083,0,11,-11
109900084,0,20,-20
109900085,6,69,-63
109900086,0,0,0
109900087,13,46,-33
109900089,0,0,0
109900090,13,36,-23
109900091,0,0,0
109900092,0,0,0
109900093,0,0,0
109900094,1,10,-9
109900095,2,2,0
109900096,0,0,0
109900097,0,0,0
109900098,0,0,0
109900099,0,0,0
109900100,0,0,0
109900101,0,0,0
109900102,0,0,0
109900103,1,2,-1
109900104,3,354,-351
109900105,0,0,0
109900106,0,0,0
109900107,0,0,0
109900108,9,138,-129
109900109,0,50,-50
109900110,0,13,-13
109900111,4,31,-27
109900112,12,43,-31
109900113,0,0,0
109900114,0,0,0
109900115,0,0,0
109900117,0,0,0
109900118,20,70,-50
109900119,62,60,2
109900120,1,0,1
109900121,20,8,12
109900122,0,0,0
109900123,0,6,-6
109900124,0,41,-41
109900125,0,25,-25
109900126,0,14,-14
109900128,0,0,0
109900130,91,15,76
109900131,0,0,0
109900132,0,0,0
109900133,0,0,0
109900134,0,0,0
109900135,38,3,35
109900136,9,25,-16
109900137,0,0,0
109900138,0,0,0
109900140,10,71,-61
109900142,53,28,25
109900145,1,12,-11
109900146,4,0,4
109900148,1,25,-24
109900149,6,9,-3
109900150,1,12,-11
109900151,0,15,-15
109900152,0,3,-3
109900153,0,15,-15
109900154,1,0,1
109900155,0,0,0
109900157,3,38,-35
109900158,13,26,-13
109900159,6,2,4
109900160,2,1,1
109900161,2,4,-2
109900162,7,5,2
109900163,18,2,16
109900164,2,60,-58
109900165,6,0,6
109900166,1,18,-17
109900167,6,125,-119
109900168,6,102,-96
109900169,16,51,-35
109900170,12,18,-6
109900171,7,10,-3
109900172,8,16,-8
109900173,700,73,627
109900174,4,17,-13
109900175,7,27,-20
109900176,25,68,-43
109900177,10,143,-133
109900178,0,13,-13
109900179,0,0,0
109900180,0,0,0
110000001,187,282,-95
110000002,67,63,4
110000003,1067,386,681
110000004,179,93,86
110000005,486,200,286
110000006,81,131,-50
110000007,2,21,-19
110000008,0,22,-22
110000009,0,0,0
110000010,2,35,-33
110000011,1,22,-21
110000012,288,196,92
110000013,3,61,-58
110000014,183,33,150
110000015,19,43,-24
110000016,105,118,-13
110000017,211,44,167
110000018,955,100,855
110000019,1,79,-78
110000020,107,86,21
110000021,6,11,-5
110000022,49,13,36
110000023,0,53,-53
110000024,213,193,20
110000025,11,0,11
110000026,0,167,-167
110000027,64,51,13
110000028,35,50,-15
110000029,82,363,-281
110000030,11,25,-14
110000031,44,219,-175
110000032,23,30,-7
110000033,13,12,1
110000034,60,356,-296
110000035,31,184,-153
110000036,59,243,-184
110000037,10,148,-138
110000038,76,123,-47
110000039,109,137,-28
110000040,47,75,-28
110000041,0,0,0
110000042,11,87,-76
110000043,0,0,0
110000044,3,18,-15
110000045,0,0,0
110000046,1,1,0
110000047,0,0,0
110000048,0,1,-1
110000049,0,0,0
110000050,1,2,-1
110000051,0,0,0
110000052,0,0,0
110000053,0,0,0
110000054,12,48,-36
110000055,0,0,0
110000056,0,0,0
110000057,91,430,-339
110000058,68,66,2
110000059,182,342,-160
110000060,62,84,-22
110000061,415,510,-95
110000062,207,136,71
110000063,3,31,-28
110000064,0,0,0
110000065,6,39,-33
110000066,4,15,-11
110000067,0,0,0
110000068,0,0,0
110000069,13,67,-54
110000071,2,48,-46
110000073,0,9,-9
110000075,2,71,-69
110000076,19,13,6
110000077,31,24,7
110000078,4,17,-13
110000080,56,279,-223
110000081,2,51,-49
110000082,2,68,-66
110000083,94,234,-140
110000084,54,99,-45
110000085,1412,489,923
110000086,77,215,-138
110000087,1,23,-22
110000088,1,129,-128
110000089,4,34,-30
110000090,9,65,-56
110000091,492,109,383
110000092,1,13,-12
110000093,35,0,35
110000094,113,180,-67
110000095,16,87,-71
110000096,1093,530,563
110000097,213,201,12
110000098,130,88,42
110000099,145,447,-302
110000100,8,175,-167
110000101,2,153,-151
110000102,17,7,10
110000104,7,7,0
110000105,4,42,-38
110000106,44,17,27
110000107,44,30,14
110000108,30,1,29
110000109,45,184,-139
110000110,611,208,403
110000111,2963,768,2195
110000112,259,83,176
110000113,174,112,62
110000114,8,57,-49
110000115,11,30,-19
110000116,4,10,-6
110000117,5,245,-240
110000118,43,62,-19
110000119,14,189,-175
110000120,80,26,54
110000121,7,113,-106
110000122,54,209,-155
110000123,25,59,-34
110000124,1,385,-384
110000125,0,0,0
110000126,0,0,0
110000127,0,0,0
110000128,8,752,-744
110000129,1,255,-254
110000130,0,0,0
110000131,33,171,-138
110000132,0,327,-327
110000133,14,73,-59
110000134,10,84,-74
110000135,0,0,0
110000136,9,107,-98
110000137,6,77,-71
110000138,35,303,-268
110000139,26,173,-147
110000140,0,0,0
110000143,62,49,13
110000144,995,259,736
110000145,254,122,132
110000146,572,156,416
110000147,27,334,-307
110000148,0,0,0
110000151,42,29,13
110000152,60,103,-43
110000153,4,28,-24
110000154,0,0,0
110000155,504,844,-340
110000156,130,479,-349
110000157,553,559,-6
110000160,49,124,-75
110000161,36,130,-94
110000166,10,3,7
110000167,89,92,-3
110000168,125,37,88
110000169,38,38,0
110000170,5,3,2
110000171,12,27,-15
110000172,29,435,-406
110000173,252,415,-163
110000174,21,456,-435
110000175,0,0,0
110000176,0,0,0
110000177,1,63,-62
110000178,526,159,367
110000179,274,157,117
110000180,26,101,-75
110000181,42,130,-88
110000182,173,77,96
110000183,1275,717,558
110000184,53,136,-83
110000185,107,283,-176
110000186,146,133,13
110000191,6,168,-162
110000192,9,0,9
110000193,13,0,13
110000194,3,507,-504
110000195,6,31,-25
110000196,24,117,-93
110000197,2,18,-16
110000198,2,3,-1
110000199,8,68,-60
110000200,115,240,-125
110000201,43,102,-59
110000202,149,94,55
110000203,58,274,-216
110000204,1,94,-93
110000205,4,12,-8
110000206,30,501,-471
110000207,30,54,-24
110000208,6,23,-17
110000209,29,302,-273
110000210,0,0,0
110000211,0,0,0
110000212,19,59,-40
110000213,0,7,-7
110000214,5,17,-12
110000215,6,233,-227
110000216,8,218,-210
110000217,8,35,-27
110000218,13,220,-207
110000219,3,6,-3
110000220,4,183,-179
110000221,7,11,-4
110000222,8,112,-104
110000223,2,4,-2
110000224,4,1,3
110000225,29,181,-152
110000226,3,2,1
110000227,96,100,-4
110000228,26,3,23
110000229,0,79,-79
110000230,44,90,-46
110000231,11,30,-19
110000232,10,146,-136
110000233,2,51,-49
110000234,16,83,-67
110000235,76,188,-112
110000236,137,514,-377
110000237,369,465,-96
110000238,44,287,-243
110000239,142,467,-325
110000240,1,80,-79
110000242,0,43,-43
110000243,17,61,-44
110000244,10,122,-112
110000245,5,165,-160
110000246,32,180,-148
110000247,195,1049,-854
110000248,13,434,-421
110000249,0,0,0
110000250,1,54,-53
110000251,6,101,-95
110000252,14,102,-88
110000253,76,52,24
110000254,159,548,-389
110000255,32,491,-459
110000256,15,12,3
110000257,68,195,-127
110000258,1,62,-61
110000259,10,16,-6
110000260,9,73,-64
110000263,115,26,89
110000264,36,96,-60
110000265,326,342,-16
110000266,439,472,-33
110000267,14,97,-83
110000268,1,48,-47
110000269,2,28,-26
110000270,0,0,0
110000271,15,13,2
110000272,126,382,-256
110000273,428,463,-35
110000274,19,191,-172
110000275,775,159,616
110000276,29,101,-72
110000277,26,92,-66
110000278,72,271,-199
110000279,5,178,-173
110000280,3,92,-89
110000281,0,81,-81
110000282,9,16,-7
110000283,2,7,-5
110000284,5,10,-5
110000285,0,86,-86
110000286,0,0,0
110000287,0,0,0
110000288,0,31,-31
110000289,29,328,-299
110000290,418,240,178
110000291,1440,441,999
110000292,432,420,12
110000293,38,318,-280
110000294,57,247,-190
110000295,6,231,-225
110000296,15,152,-137
110000297,379,174,205
110000298,49,151,-102
110000299,0,0,0
110000301,0,0,0
110000302,34,470,-436
110000303,0,0,0
110000304,27,104,-77
110000305,7,0,7
110000306,29,1037,-1008
110000307,19,0,19
110000308,2,0,2
110000309,2,637,-635
110000310,46,13,33
110000311,10,485,-475
110000312,34,5,29
110000313,337,695,-358
110000314,1,104,-103
110000315,703,512,191
110000316,214,564,-350
110000317,127,131,-4
110000318,1,33,-32
110000319,0,0,0
110000320,4,41,-37
110000321,1,0,1
110000322,9,99,-90
110000323,30,195,-165
110000324,2049,780,1269
110000325,15,42,-27
110000327,1,60,-59
110000328,68,261,-193
110000333,6,2,4
110000334,50,484,-434
110000335,43,128,-85
110000336,61,634,-573
110000337,53,81,-28
110000338,9,83,-74
110000339,13,69,-56
110000340,2,57,-55
110000341,44,364,-320
110000342,0,0,0
110000343,0,23,-23
110000344,5,48,-43
110000345,2,6,-4
110000346,654,455,199
110000347,210,41,169
110000348,1,11,-10
110000349,1,5,-4
110000350,0,0,0
110000351,47,239,-192
110000352,46,707,-661
110000353,584,302,282
110000354,91,660,-569
110000355,0,31,-31
110000356,0,0,0
110000357,31,5,26
110000361,3,19,-16
110000362,0,0,0
110000363,4,16,-12
110000364,1,101,-100
110000365,0,0,0
110000366,0,35,-35
110000367,59,102,-43
110000368,1,30,-29
110000369,0,0,0
110000373,2,120,-118
110000374,0,0,0
110000375,14,273,-259
110000376,10,43,-33
110000377,0,0,0
110000378,9,161,-152
110000379,850,335,515
110000380,2,4,-2
110000383,0,125,-125
110000384,26,45,-19
110000385,1,93,-92
110000387,0,10,-10
110000388,4,118,-114
110000389,0,1,-1
110000391,3,126,-123
110000396,6,45,-39
110000397,13,13,0
110000398,2,8,-6
110000399,0,0,0
110000587,0,2,-2
110000589,1,7,-6
110000640,13,12,1
110000652,2,24,-22
110000653,13,203,-190
110000654,0,2,-2
110000656,2,170,-168
110000674,0,6,-6
110000675,0,2,-2
110000676,0,26,-26
110000679,388,150,238
110000682,0,0,0
110000683,13,20,-7
110000684,0,26,-26
110000685,0,0,0
110000686,0,2,-2
110000687,0,0,0
110000688,12,5,7
110000689,2,19,-17
110000692,17,43,-26
110000693,12,84,-72
110000694,1,155,-154
110000695,28,325,-297
110000696,0,0,0
110900001,0,4,-4
110900002,0,25,-25
110900003,1,284,-283
110900004,1,64,-63
110900005,345,20,325
110900006,0,0,0
110900007,0,0,0
110900008,0,3,-3
110900009,0,0,0
110900010,0,17,-17
110900011,0,7,-7
110900012,1,20,-19
110900013,0,0,0
110900014,0,0,0
110900015,0,0,0
110900016,0,25,-25
110900017,0,0,0
110900018,0,0,0
110900019,0,0,0
110900020,1,142,-141
110900021,8,134,-126
110900022,1,62,-61
110900023,6,111,-105
110900024,1,99,-98
110900025,2,12,-10
110900027,3,9,-6
110900028,0,9,-9
110900029,4,132,-128
110900030,0,42,-42
110900031,0,41,-41
110900032,0,10,-10
110900033,3,57,-54
110900035,2,62,-60
110900036,2,0,2
110900037,1,1,0
110900038,52,0,52
110900039,0,31,-31
110900040,1,2,-1
110900041,1,34,-33
110900042,0,0,0
110900043,0,47,-47
110900044,0,0,0
110900045,6,143,-137
110900046,24,79,-55
110900047,0,0,0
110900049,0,2,-2
110900050,0,0,0
110900051,6,19,-13
110900052,0,33,-33
110900053,0,0,0
110900054,1,53,-52
110900055,0,0,0
110900056,4,15,-11
110900057,0,34,-34
110900058,0,0,0
110900059,58,179,-121
110900060,7,1,6
110900061,1,3,-2
110900062,0,0,0
110900063,0,17,-17
110900064,0,0,0
110900065,25,5,20
110900066,1,9,-8
110900067,0,0,0
110900068,13,31,-18
110900069,0,8,-8
110900070,3,5,-2
110900071,0,0,0
110900073,0,6,-6
110900074,0,14,-14
110900075,4,5,-1
110900077,0,0,0
110900078,0,46,-46
110900079,108,10,98
110900080,0,0,0
110900081,1,50,-49
110900082,0,0,0
110900083,0,0,0
110900084,1,66,-65
110900085,6,112,-106
110900086,0,0,0
110900087,0,0,0
110900088,1,0,1
110900090,0,0,0
110900091,0,0,0
110900093,0,0,0
110900095,0,1,-1
110900097,0,5,-5
110900098,0,19,-19
110900099,8,90,-82
110900100,0,2,-2
110900102,0,3,-3
110900105,132,71,61
110900108,0,13,-13
110900111,16,15,1
110900112,0,0,0
110900113,0,0,0
110900115,0,0,0
110900116,21,593,-572
110900118,2,24,-22
110900119,1071,42,1029
110900120,0,47,-47
110900121,0,0,0
110900122,0,1,-1
110900125,1,3,-2
110900127,51,161,-110
110900128,4,12,-8
110900129,0,0,0
110900130,73,4,69
110900131,0,0,0
110900132,4,0,4
110900133,1,66,-65
110900135,11,74,-63
110900136,0,0,0
110900137,0,0,0
110900138,0,107,-107
110900139,0,9,-9
110900140,0,1,-1
110900141,0,8,-8
110900142,1,34,-33
110900143,0,0,0
110900144,1,272,-271
110900145,6,0,6
110900146,6,0,6
110900147,46,82,-36
110900148,0,135,-135
110900149,0,12,-12
110900150,0,4,-4
110900151,1,7,-6
110900152,2,96,-94
110900153,0,0,0
111000001,285,100,185
111000002,266,325,-59
111000003,103,114,-11
111000004,240,548,-308
111000005,138,163,-25
111000006,372,686,-314
111000007,669,419,250
111000008,1651,903,748
111000009,272,562,-290
111000010,228,120,108
111000011,607,531,76
111000012,302,123,179
111000013,166,654,-488
111000014,145,149,-4
111000017,54,182,-128
111000018,59,115,-56
111000020,802,1104,-302
111000021,0,0,0
111000023,0,0,0
111000025,1719,574,1145
111000029,6,25,-19
111000030,19,24,-5
111000031,103,31,72
111000032,29,19,10
111000033,0,0,0
111000034,42,189,-147
111000037,563,279,284
111000038,314,626,-312
111000039,116,433,-317
111000040,228,556,-328
111000041,189,250,-61
111000042,1797,493,1304
111000043,0,0,0
111000044,0,0,0
111000045,19,41,-22
111000046,11,17,-6
111000047,111,130,-19
111000049,56,251,-195
111000050,617,895,-278
111000051,138,566,-428
111000052,205,568,-363
111000053,132,393,-261
111000054,106,409,-303
111000055,239,882,-643
111000056,39,235,-196
111000057,13,262,-249
111000058,19,34,-15
111000059,21,74,-53
111000060,80,121,-41
111000061,49,64,-15
111000062,26,90,-64
111000063,92,123,-31
111000064,43,65,-22
111000065,46,100,-54
111000066,50,80,-30
111000067,63,267,-204
111000068,33,209,-176
111000069,566,666,-100
111000070,892,442,450
111000071,42,373,-331
111000072,0,0,0
111000073,0,0,0
111000074,0,0,0
111000075,0,0,0
111000076,0,0,0
111000077,132,173,-41
111000078,490,575,-85
111000079,237,224,13
111000080,88,217,-129
111000081,840,633,207
111000082,123,236,-113
111000084,89,179,-90
111000085,136,170,-34
111000086,103,171,-68
111000087,98,140,-42
111000088,145,169,-24
111000089,104,290,-186
111000090,517,479,38
111000091,196,297,-101
111000092,189,398,-209
111000093,50,243,-193
111000094,154,249,-95
111000095,52,442,-390
111000096,523,2104,-1581
111000097,2485,257,2228
111000098,140,543,-403
111000099,97,1105,-1008
111000100,69,977,-908
111000101,103,312,-209
111000102,28,388,-360
111000104,0,0,0
111000107,18,333,-315
111000109,0,0,0
111000110,22,4,18
111000111,42,19,23
111000112,42,5,37
111000113,15,9,6
111000114,53,31,22
111000115,1573,128,1445
111000116,107,115,-8
111000117,80,191,-111
111000118,221,141,80
111000119,142,260,-118
111000120,65,121,-56
111000121,26,137,-111
111000122,80,402,-322
111000123,74,1066,-992
111000124,96,1311,-1215
111000125,45,828,-783
111000126,14,381,-367
111000127,0,0,0
111000128,0,0,0
111000129,0,0,0
111000130,39,99,-60
111000131,40,59,-19
111000132,0,0,0
111000133,11,14,-3
111000134,6,15,-9
111000135,5,57,-52
111000136,19,31,-12
111000138,0,0,0
111000140,1,1,0
111000141,22,154,-132
111000142,7,91,-84
111000143,2,59,-57
111000144,3,69,-66
111000145,0,0,0
111000146,0,0,0
111000147,0,0,0
111000148,6,22,-16
111000149,4,15,-11
111000150,0,0,0
111000151,3,11,-8
111000153,68,135,-67
111000154,27,85,-58
111000155,4,80,-76
111000156,0,0,0
111000157,0,0,0
111000158,0,0,0
111000159,0,0,0
111000160,0,0,0
111000161,0,0,0
111000162,3,37,-34
111000163,85,183,-98
111000164,251,575,-324
111000165,316,159,157
111000166,300,85,215
111000167,58,162,-104
111000168,51,69,-18
111000169,13,45,-32
111000170,53,65,-12
111000171,41,173,-132
111000172,9,128,-119
111000173,27,322,-295
111000174,7,167,-160
111000175,13,74,-61
111000176,4,60,-56
111000177,9,86,-77
111000178,51,151,-100
111000179,7,70,-63
111000180,37,104,-67
111000181,55,57,-2
111000182,6,46,-40
111000183,13,38,-25
111000184,13,27,-14
111000185,38,210,-172
111000186,27,119,-92
111000187,14,154,-140
111000188,7,182,-175
111000189,418,135,283
111000190,62,198,-136
111000191,23,163,-140
111000192,69,259,-190
111000193,121,193,-72
111000194,2,146,-144
111000195,10,177,-167
111000196,1,118,-117
111000197,0,0,0
111000198,0,0,0
111000199,0,0,0
111000200,0,0,0
111000201,0,0,0
111000202,0,0,0
111000203,0,0,0
111000204,0,1,-1
111000213,2,25,-23
111000214,105,306,-201
111000215,83,374,-291
111000217,93,178,-85
111000218,93,234,-141
111000219,103,176,-73
111000220,13,213,-200
111000221,0,1,-1
111000224,2,117,-115
111000225,14,42,-28
111000226,0,0,0
111000227,0,0,0
111000228,8,65,-57
111000229,11,106,-95
111000230,0,0,0
111000231,0,0,0
111000232,51,397,-346
111000233,73,343,-270
111000234,9,106,-97
111000239,109,100,9
111000240,0,0,0
111000241,14,203,-189
111000242,0,0,0
111000243,16,522,-506
111000244,0,0,0
111000245,0,6,-6
111000246,1,25,-24
111000247,26,626,-600
111000248,11,15,-4
111000249,127,355,-228
111000250,2,31,-29
111000251,3,26,-23
111000253,0,0,0
111000255,0,0,0
111000257,0,0,0
111000260,30,502,-472
111000261,33,3,30
111000271,6,83,-77
111000273,1249,168,1081
111000274,211,525,-314
111000275,0,0,0
111000276,56,699,-643
111000277,32,118,-86
111000278,90,45,45
111000291,24,164,-140
111000298,20,10,10
111000299,0,0,0
111000300,4,112,-108
111000302,10,7,3
111000303,6,45,-39
111000312,10,10,0
111000315,1,166,-165
111000320,57,90,-33
111000321,12,9,3
111000322,18,94,-76
111000323,8,6,2
111000324,0,0,0
111000325,2,19,-17
111000326,3,72,-69
111000327,47,76,-29
111000328,28,125,-97
111000329,1,24,-23
111000330,0,0,0
111000331,0,0,0
111000332,84,199,-115
111000334,82,618,-536
111000335,49,47,2
111000337,50,283,-233
111000338,2,67,-65
111000339,23,271,-248
111000340,5,272,-267
111000341,60,47,13
111000342,11,119,-108
111000344,125,141,-16
111000345,2,0,2
111000346,9,40,-31
111000347,10,1,9
111000350,3,1,2
111000351,19,39,-20
111000352,21,0,21
111000353,5,58,-53
111000354,11,1,10
111000355,34,143,-109
111000358,9,569,-560
111000360,4,353,-349
111000361,6,164,-158
111000546,58,328,-270
111000547,4,109,-105
111000548,28,96,-68
111000549,9,65,-56
111000550,31,125,-94
111000551,71,18,53
111000552,2,2,0
111000907,0,20,-20
111000908,0,0,0
111000916,101,121,-20
111000917,16,122,-106
111000918,9,406,-397
111000920,0,0,0
111000921,2,135,-133
111000922,55,217,-162
111000924,5,449,-444
111000925,213,494,-281
111000926,441,1548,-1107
111000927,1191,1006,185
111000928,3534,1728,1806
111000929,112,243,-131
111000930,278,1234,-956
111000931,231,510,-279
111000932,1563,1323,240
111000933,367,238,129
111000934,847,1361,-514
111000935,73,181,-108
111000936,201,983,-782
111000937,117,102,15
111000938,410,1215,-805
111000939,0,0,0
111000940,25,75,-50
111000941,3,101,-98
111000943,13,73,-60
111000944,11,108,-97
111000945,5,1244,-1239
111001109,8,5,3
111001110,49,430,-381
111001111,3,2,1
111001112,29,14,15
111001113,1,69,-68
111001114,0,0,0
111001115,13,157,-144
111001116,601,64,537
111001117,445,347,98
111001120,13,71,-58
111001121,11,76,-65
111001122,24,200,-176
111001123,0,0,0
111001124,9,24,-15
111900001,0,13,-13
111900002,0,41,-41
111900003,2,27,-25
111900004,3,12,-9
111900006,0,0,0
111900007,0,0,0
111900008,0,0,0
111900009,0,19,-19
111900010,27,73,-46
111900012,20,9,11
111900013,0,11,-11
111900014,799,80,719
111900015,0,17,-17
111900016,0,31,-31
111900017,1,35,-34
111900018,0,0,0
111900019,0,3,-3
111900020,0,0,0
111900021,0,9,-9
111900022,1,5,-4
111900023,19,4,15
111900024,0,21,-21
111900025,0,7,-7
111900026,0,13,-13
111900027,1,22,-21
111900028,0,136,-136
111900029,0,0,0
111900030,0,0,0
111900031,0,46,-46
111900032,0,112,-112
111900033,0,5,-5
111900034,0,0,0
111900035,0,32,-32
111900036,0,87,-87
111900038,0,0,0
111900039,9,88,-79
111900040,0,139,-139
111900042,6,9,-3
111900043,1,66,-65
111900044,0,0,0
111900046,7,35,-28
111900048,16,267,-251
111900049,0,53,-53
111900050,1,3,-2
111900051,0,64,-64
111900052,79,118,-39
111900053,0,0,0
111900054,6,0,6
111900055,4,145,-141
111900056,0,0,0
111900057,0,5,-5
111900058,1,223,-222
111900059,0,0,0
111900060,7,0,7
111900061,1,56,-55
111900062,0,0,0
111900063,3,18,-15
111900064,28,46,-18
111900065,0,0,0
111900066,0,0,0
111900067,1,54,-53
111900068,0,0,0
111900069,0,0,0
111900070,0,0,0
111900071,0,28,-28
111900072,0,0,0
111900073,1,1,0
111900074,1,4,-3
111900075,0,0,0
111900076,1,0,1
111900077,0,0,0
111900078,2,0,2
111900079,0,0,0
111900080,0,0,0
111900081,0,0,0
111900082,1,0,1
111900083,0,0,0
111900084,0,0,0
111900085,0,0,0
111900086,2,0,2
111900087,0,0,0
111900088,1,0,1
111900089,0,0,0
111900090,0,0,0
111900091,2,0,2
111900092,0,0,0
111900093,1,0,1
111900094,0,0,0
111900095,0,0,0
111900096,1,2,-1
111900097,0,0,0
111900098,0,1,-1
111900099,0,0,0
111900100,0,0,0
111900101,0,0,0
111900102,0,147,-147
111900103,0,0,0
111900104,0,0,0
111900105,0,0,0
111900106,98,0,98
111900107,0,2,-2
111900108,4,3,1
111900109,10,6,4
111900110,295,7,288
111900111,0,11,-11
111900112,0,0,0
111900113,1,0,1
111900114,0,0,0
111900115,0,0,0
111900118,0,0,0
111900119,0,0,0
111900122,0,0,0
111900123,0,0,0
111900124,2,3,-1
111900125,0,0,0
111900126,0,0,0
111900127,0,0,0
111900128,0,0,0
111900129,0,0,0
111900130,0,0,0
111900131,0,0,0
111900132,0,0,0
111900133,0,0,0
111900134,9,66,-57
111900135,0,0,0
111900136,0,0,0
111900137,6,7,-1
111900138,0,17,-17
111900139,11,41,-30
111900140,0,0,0
111900141,0,0,0
111900142,0,0,0
111900143,0,37,-37
111900144,0,24,-24
111900145,0,109,-109
111900146,1,46,-45
111900147,22,66,-44
111900148,1,70,-69
111900149,0,34,-34
111900150,0,7,-7
111900151,0,2,-2
111900152,7,0,7
111900153,5,0,5
111900154,0,0,0
111900155,0,0,0
111900156,0,0,0
111900157,0,0,0
111900158,0,0,0
111900159,0,0,0
111900160,0,0,0
111900161,0,6,-6
111900162,0,0,0
111900163,0,0,0
111900164,0,0,0
111901113,1,58,-57
111901114,0,5,-5
111901115,0,0,0
111901116,0,0,0
111901117,0,0,0
111901118,0,0,0
111901119,0,1,-1
111901120,0,0,0
111901121,26,22,4
111901122,0,101,-101
111901123,2,88,-86
111901124,0,0,0
111901125,0,0,0
111901126,0,0,0
111901127,0,0,0
111901128,0,0,0
111901129,0,0,0
111901130,0,0,0
111901131,0,39,-39
111901132,0,0,0
111901133,0,0,0
111901134,0,0,0
111901135,0,0,0
111901136,0,0,0
111901137,0,0,0
111901138,0,0,0
111901139,0,0,0
111901140,0,0,0
111901141,0,0,0
111901142,0,0,0
111901143,0,0,0
111901144,0,0,0
111901145,0,0,0
111901146,1,0,1
112000001,228,189,39
112000002,358,993,-635
112000003,147,212,-65
112000004,146,720,-574
112000005,316,322,-6
112000006,444,897,-453
112000007,126,169,-43
112000008,270,452,-182
112000009,830,1088,-258
112000010,201,324,-123
112000011,396,976,-580
112000012,440,391,49
112000013,2604,1262,1342
112000014,141,73,68
112000015,507,762,-255
112000016,120,182,-62
112000017,212,588,-376
112000024,675,292,383
112000026,1494,2302,-808
112000027,6,5,1
112000028,511,1042,-531
112000029,39,40,-1
112000030,85,33,52
112000031,353,372,-19
112000032,485,26,459
112000033,554,113,441
112000034,106,18,88
112000035,5,98,-93
112000036,73,68,5
112000037,23,249,-226
112000038,49,115,-66
112000039,0,0,0
112000040,15,58,-43
112000041,25,97,-72
112000042,143,106,37
112000050,0,0,0
112000051,14,55,-41
112000054,583,489,94
112000057,129,88,41
112000058,109,87,22
112000059,3,0,3
112000061,2179,665,1514
112000062,1128,91,1037
112000063,125,96,29
112000064,2312,2276,36
112000065,745,1063,-318
112000066,0,2,-2
112000067,206,267,-61
112000068,0,0,0
112000069,95,1157,-1062
112000070,48,15,33
112000071,108,1331,-1223
112000072,60,51,9
112000073,181,499,-318
112000074,4,82,-78
112000075,17,88,-71
112000076,326,446,-120
112000077,47,247,-200
112000078,72,221,-149
112000079,192,483,-291
112000080,35,253,-218
112000081,504,672,-168
112000082,43,29,14
112000083,191,458,-267
112000084,43,21,22
112000085,129,391,-262
112000086,31,58,-27
112000087,23,226,-203
112000088,9,25,-16
112000089,19,203,-184
112000090,3,21,-18
112000091,152,684,-532
112000092,63,106,-43
112000093,370,591,-221
112000094,21,106,-85
112000095,93,394,-301
112000096,14,113,-99
112000097,6,10,-4
112000098,172,608,-436
112000099,13,12,1
112000100,61,31,30
112000101,102,446,-344
112000102,19,11,8
112000103,82,653,-571
112000105,107,863,-756
112000106,11,19,-8
112000107,0,0,0
112000108,12,242,-230
112000109,0,0,0
112000110,59,28,31
112000111,307,2519,-2212
112000112,84,23,61
112000113,408,1302,-894
112000114,34,28,6
112000115,8,118,-110
112000116,4,134,-130
112000117,7,89,-82
112000118,102,307,-205
112000119,69,353,-284
112000120,25,188,-163
112000121,0,0,0
112000122,0,0,0
112000123,0,0,0
112000124,0,0,0
112000125,0,0,0
112000126,0,0,0
112000127,376,104,272
112000128,204,80,124
112000129,3,52,-49
112000130,3,10,-7
112000131,0,127,-127
112000132,8,154,-146
112000133,1,80,-79
112000134,33,178,-145
112000135,45,7,38
112000136,153,437,-284
112000137,19,12,7
112000138,179,520,-341
112000139,0,0,0
112000140,118,360,-242
112000141,0,0,0
112000142,27,354,-327
112000143,0,0,0
112000144,30,605,-575
112000145,0,0,0
112000146,197,1078,-881
112000147,0,0,0
112000148,126,859,-733
112000149,0,0,0
112000150,17,147,-130
112000151,0,0,0
112000152,13,61,-48
112000153,0,21,-21
112000154,5,28,-23
112000155,12,8,4
112000157,105,75,30
112000158,3,58,-55
112000159,22,95,-73
112000167,20,0,20
112000169,20,26,-6
112000173,3,66,-63
112000175,4,27,-23
112000176,1566,840,726
112000177,1,11,-10
112000178,0,8,-8
112000179,4,18,-14
112000180,21,109,-88
112000181,197,835,-638
112000182,36,475,-439
112000183,0,0,0
112000184,0,0,0
112000185,28,120,-92
112000187,479,688,-209
112000195,0,0,0
112000196,0,0,0
112000197,0,0,0
112000198,1,13,-12
112000199,57,22,35
112000202,0,1,-1
112000216,11,24,-13
112000230,0,0,0
112000231,0,8,-8
112000256,0,0,0
112000313,13,16,-3
112000314,2,0,2
112000337,11,197,-186
112000352,17,16,1
112000392,319,171,148
112000398,59,61,-2
112000399,16,31,-15
112000400,352,1238,-886
112000401,1254,889,365
112000402,146,228,-82
112000403,29,73,-44
112000404,50,83,-33
112000405,77,218,-141
112000406,837,1169,-332
112000407,447,491,-44
112000408,2949,2313,636
112000409,317,1590,-1273
112000410,0,0,0
112000411,387,21,366
112000412,142,36,106
112000413,208,17,191
112000414,5,24,-19
112000415,0,0,0
112000416,129,120,9
112000417,0,0,0
112000421,4,36,-32
112000422,26,67,-41
112000424,282,265,17
112000425,97,416,-319
112000426,6,89,-83
112000427,0,3,-3
112000428,2,32,-30
112000429,353,773,-420
112000430,539,1098,-559
112000431,0,0,0
112000432,117,908,-791
112000433,174,79,95
112000437,8,46,-38
112900001,0,0,0
112900002,0,0,0
112900003,2,44,-42
112900004,2,84,-82
112900005,0,43,-43
112900006,0,134,-134
112900007,0,0,0
112900008,0,0,0
112900009,0,0,0
112900010,0,97,-97
112900011,31,14,17
112900012,0,6,-6
112900013,0,0,0
112900014,0,33,-33
112900015,93,451,-358
112900016,0,70,-70
112900017,0,0,0
112900018,0,72,-72
112900019,2,20,-18
112900020,184,686,-502
112900021,1,93,-92
112900022,0,0,0
112900023,0,42,-42
112900024,4,40,-36
112900025,0,0,0
112900026,0,35,-35
112900027,0,0,0
112900028,2,26,-24
112900029,0,0,0
112900030,57,54,3
112900031,0,0,0
112900032,12,19,-7
112900034,0,0,0
112900035,0,0,0
112900036,8,5,3
112900037,0,0,0
112900038,1,11,-10
112900039,0,0,0
112900040,0,7,-7
112900041,159,99,60
112900042,4,75,-71
112900043,0,7,-7
112900044,49,52,-3
112900045,0,0,0
112900046,9,3,6
112900047,0,1,-1
112900049,0,3,-3
112900050,38,173,-135
112900051,105,179,-74
112900052,0,170,-170
112900053,12,91,-79
112900054,4,0,4
112900055,1,0,1
112900056,0,0,0
112900057,0,158,-158
112900058,5,3,2
112900059,0,7,-7
112900060,0,34,-34
112900061,1,11,-10
112900062,0,10,-10
112900063,0,0,0
112900064,9,12,-3
112900065,0,0,0
112900066,2,1,1
112900067,65,8,57
112900068,0,0,0
112900069,183,15,168
112900071,0,0,0
112900072,7,16,-9
112900073,6,0,6
112900074,0,0,0
112900075,13,7,6
112900076,0,0,0
112900078,0,0,0
112900079,0,0,0
112900080,1,0,1
112900081,1,2,-1
112900082,4,0,4
112900083,0,0,0
112900084,0,0,0
112900085,0,0,0
112900086,0,0,0
112900087,3,3,0
112900088,0,0,0
112900089,13,0,13
112900090,0,0,0
112900091,0,0,0
112900092,0,0,0
112900093,0,0,0
112900094,0,0,0
112900095,0,0,0
112900096,5,0,5
112900097,0,52,-52
112900098,0,0,0
112900099,9,0,9
112900100,0,0,0
112900101,0,0,0
112900102,0,0,0
112900103,0,0,0
112900104,0,0,0
112900105,0,0,0
112900106,8,0,8
112900107,0,0,0
112900108,0,0,0
112900109,0,0,0
112900110,0,0,0
112900111,0,0,0
112900112,0,0,0
112900113,0,1,-1
112900114,0,1,-1
112900115,10,0,10
112900116,0,5,-5
112900117,4,12,-8
112900118,3,7,-4
112900119,0,1,-1
112900120,143,71,72
112900121,26,9,17
112900122,1,22,-21
112900123,0,0,0
112900124,1,31,-30
112900125,0,10,-10
112900126,12,27,-15
112900127,0,0,0
112900128,50,258,-208
112900129,1,418,-417
112900130,0,0,0
112900131,7,65,-58
112900132,10,96,-86
112900133,5,187,-182
112900134,0,118,-118
112900135,0,0,0
112900136,0,3,-3
112900137,0,159,-159
112900138,1,230,-229
112900139,74,372,-298
112900140,0,15,-15
112900141,18,7,11
112900142,0,0,0
112900143,13,196,-183
112900144,0,50,-50
112900145,6,163,-157
112900146,0,173,-173
112900147,1,1006,-1005
112900148,3,0,3
112900149,10,54,-44
112900151,0,0,0
112900152,588,100,488
112900153,5,2,3
112900154,0,0,0
112900155,0,0,0
112900156,0,174,-174
112900157,25,2,23
112900158,0,0,0
112900159,0,4,-4
112900160,1,44,-43
112900161,0,0,0
112900162,1,0,1
112900163,0,0,0
112900164,0,0,0
112900165,2,11,-9
112900166,0,0,0
112900167,0,0,0
112900168,0,0,0
112900169,0,0,0
112900170,0,0,0
112900172,0,0,0
112900173,19,8,11
112900174,0,0,0
112900175,0,0,0
112900176,0,0,0
112900177,0,0,0
112900178,0,0,0
112900179,6,80,-74
112900180,2,477,-475
112900181,0,0,0
112900182,0,19,-19
112900183,0,0,0
112900184,52,80,-28
112900185,1,12,-11
112900186,195,62,133
112900187,0,0,0
112900188,259,50,209
112900189,0,2,-2
112900190,0,5,-5
112900192,32,25,7
112900193,82,22,60
112900194,0,8,-8
112900195,21,0,21
112900196,61,256,-195
112900197,30,184,-154
112900199,0,0,0
112900200,0,0,0
112900201,0,0,0
112900202,1,127,-126
112900203,0,0,0
112900204,41,10,31
112900205,0,2,-2
112900206,0,9,-9
112900207,0,0,0
112900208,0,4,-4
112900209,39,101,-62
112900210,0,3,-3
112900211,0,0,0
112900212,0,0,0
112900213,1,1,0
112900214,1,0,1
112900215,0,37,-37
112900216,4,0,4
112900217,0,33,-33
112900218,0,0,0
112900219,0,0,0
112900220,0,0,0
112900221,0,0,0
112900222,0,0,0
112900223,56,0,56
112900224,0,192,-192
112900225,3,188,-185
112900226,9,0,9
112900227,0,495,-495
112900228,0,1,-1
112900229,0,0,0
112900230,2060,363,1697
112900232,9,13,-4
112900233,2,56,-54
112900234,0,13,-13
112900235,0,0,0
112900236,0,3,-3
112900237,1,58,-57
112900238,0,10,-10
112900239,63,60,3
113000001,1262,1238,24
113000002,455,201,254
113000003,796,433,363
113000004,640,226,414
113000005,207,255,-48
113000006,109,93,16
113000007,254,395,-141
113000008,212,150,62
113000009,288,316,-28
113000010,177,112,65
113000011,149,618,-469
113000012,205,114,91
113000013,252,181,71
113000014,153,272,-119
113000015,25,36,-11
113000016,114,185,-71
113000017,7,119,-112
113000018,17,1,16
113000019,10,175,-165
113000020,0,0,0
113000021,70,326,-256
113000022,107,684,-577
113000025,20,85,-65
113000026,9,36,-27
113000027,26,40,-14
113000028,165,121,44
113000029,0,0,0
113000030,395,324,71
113000031,300,110,190
113000032,0,0,0
113000033,0,0,0
113000034,376,242,134
113000035,11,34,-23
113000036,0,0,0
113000037,47,32,15
113000038,0,0,0
113000039,26,64,-38
113000040,22,33,-11
113000042,181,68,113
113000051,88,128,-40
113000052,606,129,477
113000053,54,141,-87
113000054,9,60,-51
113000055,51,156,-105
113000056,81,357,-276
113000058,142,306,-164
113000059,0,0,0
113000060,18,130,-112
113000061,110,96,14
113000062,105,7,98
113000063,0,0,0
113000064,0,0,0
113000065,43,453,-410
113000066,32,20,12
113000067,63,87,-24
113000068,53,730,-677
113000069,67,447,-380
113000070,60,60,0
113000071,54,251,-197
113000072,32,28,4
113000073,170,529,-359
113000074,77,54,23
113000075,132,68,64
113000076,478,582,-104
113000077,0,0,0
113000078,215,724,-509
113000079,262,234,28
113000080,1,8,-7
113000081,1,1,0
113000082,390,283,107
113000083,0,1,-1
113000084,316,332,-16
113000085,45,59,-14
113000086,158,330,-172
113000087,54,29,25
113000088,653,397,256
113000089,18,50,-32
113000090,1,44,-43
113000091,455,134,321
113000094,39,13,26
113000095,80,597,-517
113000096,84,427,-343
113000097,34,13,21
113000098,0,0,0
113000099,55,32,23
113000100,69,227,-158
113000101,111,159,-48
113000102,8,12,-4
113000103,460,250,210
113000104,1,17,-16
113000105,5,10,-5
113000106,29,191,-162
113000107,45,66,-21
113000108,247,543,-296
113000109,85,209,-124
113000110,10,1,9
113000111,13,60,-47
113000112,3,3,0
113000113,7,0,7
113000114,83,175,-92
113000116,109,25,84
113000117,97,12,85
113000118,0,12,-12
113000119,12,51,-39
113000120,0,11,-11
113000121,33,141,-108
113000124,0,0,0
113000125,0,1,-1
113000127,969,156,813
113000128,2,7,-5
113000129,637,343,294
113000133,1752,412,1340
113000134,4,206,-202
113000135,36,51,-15
113000137,0,0,0
113000139,0,0,0
113000140,138,226,-88
113000141,0,0,0
113000142,197,409,-212
113000143,0,0,0
113000144,114,124,-10
113000145,2,4,-2
113000146,42,42,0
113000147,48,60,-12
113000148,1,6,-5
113000149,0,9,-9
113000150,100,97,3
113000151,70,40,30
113000152,3,14,-11
113000153,315,44,271
113000154,163,196,-33
113000155,68,90,-22
113000156,41,84,-43
113000157,40,167,-127
113000158,244,54,190
113000159,333,146,187
113000160,96,252,-156
113000161,8,47,-39
113000162,238,139,99
113000163,0,0,0
113000164,10,80,-70
113000166,0,0,0
113000167,7,222,-215
113000168,12,234,-222
113000169,0,0,0
113000170,0,0,0
113000171,54,89,-35
113000172,0,0,0
113000173,0,0,0
113000174,30,474,-444
113000175,0,0,0
113000176,0,0,0
113000177,27,353,-326
113000178,28,387,-359
113000179,0,0,0
113000180,63,258,-195
113000181,165,396,-231
113000182,74,38,36
113000183,112,270,-158
113000184,4,61,-57
113000189,60,138,-78
113000190,249,54,195
113000192,657,412,245
113000193,593,194,399
113000194,356,349,7
113000195,143,94,49
113000196,20,39,-19
113000197,105,115,-10
113000198,9,57,-48
113000199,19,20,-1
113000201,13,31,-18
113000202,653,138,515
113000203,0,0,0
113000204,267,343,-76
113000205,8,21,-13
113000206,0,0,0
113000207,28,6,22
113000208,0,0,0
113000209,5,14,-9
113000210,0,0,0
113000211,57,12,45
113000212,53,1,52
113000213,0,9,-9
113000214,10,59,-49
113000234,31,447,-416
113000410,28,12,16
113000411,717,1284,-567
113000412,3523,792,2731
113000413,1613,670,943
113000414,3520,933,2587
113000415,1173,1277,-104
113000416,4357,1502,2855
113000417,931,993,-62
113000418,780,909,-129
113000419,517,480,37
113000420,1777,975,802
113000421,842,521,321
113000422,7544,1033,6511
113000423,2263,961,1302
113000424,1981,967,1014
113000425,7,40,-33
113000428,59,34,25
113000430,18,11,7
113000432,48,9,39
113000433,42,382,-340
113000434,11,211,-200
113000435,4,395,-391
113000436,8,515,-507
113000437,0,0,0
113000438,0,0,0
113000439,2,91,-89
113000440,0,0,0
113000441,0,0,0
113000442,23,165,-142
113000443,0,0,0
113000444,13,168,-155
113000445,0,0,0
113000446,8,66,-58
113000448,38,36,2
113000449,0,0,0
113000450,36,15,21
113000451,284,56,228
113000452,0,0,0
113000453,22,110,-88
113000454,0,0,0
113000455,4,62,-58
113000456,307,175,132
113000468,192,10,182
113000469,32,11,21
113000470,0,0,0
113000471,0,0,0
113000472,34,38,-4
113000474,48,173,-125
113000475,343,537,-194
113000476,235,724,-489
113000477,496,913,-417
113000478,874,1435,-561
113000479,2,212,-210
113000480,9,8,1
113000485,0,0,0
113000486,0,0,0
113000487,0,0,0
113000488,0,0,0
113000489,0,0,0
113000490,0,0,0
113000491,0,0,0
113000492,0,0,0
113000493,0,0,0
113000495,22,103,-81
113000496,0,0,0
113000497,0,0,0
113000499,0,0,0
113000500,0,10,-10
113900001,0,0,0
113900002,0,0,0
113900003,0,0,0
113900004,0,0,0
113900005,0,0,0
113900006,0,0,0
113900007,0,0,0
113900008,0,0,0
113900009,0,0,0
113900010,0,0,0
113900011,0,0,0
113900012,0,0,0
113900013,0,0,0
113900014,0,0,0
113900015,0,6,-6
113900016,1,1,0
113900017,0,0,0
113900018,45,3,42
113900019,10,0,10
113900020,0,0,0
113900022,0,0,0
113900023,0,0,0
113900024,1,6,-5
113900025,0,0,0
113900026,0,0,0
113900027,0,0,0
113900028,0,0,0
113900029,1,21,-20
113900030,0,0,0
113900031,0,0,0
113900032,0,0,0
113900033,1,4,-3
113900035,0,0,0
113900036,0,0,0
113900037,0,0,0
113900038,1,4,-3
113900039,0,0,0
113900040,0,0,0
113900041,0,0,0
113900042,2,0,2
113900043,7,13,-6
113900044,0,0,0
113900045,0,0,0
113900046,55,65,-10
113900047,0,0,0
113900048,75,7,68
113900049,87,0,87
113900050,13,39,-26
113900051,8,36,-28
113900052,0,0,0
113900053,0,0,0
113900054,0,0,0
113900055,5,78,-73
113900056,0,0,0
113900057,0,8,-8
113900058,5,15,-10
113900059,1,42,-41
113900060,0,0,0
113900061,0,0,0
113900062,0,0,0
113900063,0,0,0
113900064,0,31,-31
113900065,0,0,0
113900066,8,44,-36
113900067,0,0,0
113900068,0,0,0
113900069,0,0,0
113900070,9,97,-88
113900071,0,0,0
113900072,0,32,-32
113900073,3,44,-41
113900074,0,0,0
113900075,0,0,0
113900076,0,0,0
113900077,0,46,-46
113900078,0,0,0
113900079,0,1,-1
113900080,0,0,0
113900081,0,27,-27
113900082,1,50,-49
113900083,0,0,0
113900084,0,0,0
113900085,6,61,-55
113900086,0,0,0
113900087,0,0,0
113900088,0,0,0
113900089,0,0,0
113900090,5,4,1
113900091,0,0,0
113900092,1,3,-2
113900093,2,38,-36
113900094,0,0,0
113900095,0,0,0
113900096,0,0,0
113900097,0,11,-11
113900098,0,0,0
113900099,0,0,0
113900100,0,0,0
113900101,1,4,-3
113900102,0,12,-12
113900103,0,0,0
113900104,0,0,0
113900105,0,51,-51
113900106,0,0,0
113900107,0,0,0
113900108,3,30,-27
113900109,1,10,-9
113900110,0,0,0
113900111,0,0,0
113900112,0,5,-5
113900113,22,13,9
113900114,0,0,0
113900115,0,0,0
113900116,0,21,-21
113900117,8,0,8
113900118,0,0,0
113900119,1,1,0
113900120,0,0,0
113900121,0,0,0
113900122,0,0,0
113900123,3,2,1
113900124,0,0,0
113900125,5,14,-9
113900126,4,1,3
113900127,4,12,-8
113900128,0,0,0
113900129,0,2,-2
113900130,0,0,0
113900131,0,3,-3
113900132,0,0,0
113900133,5,5,0
113900135,28,122,-94
113900136,2,7,-5
113900137,19,2,17
113900138,0,0,0
113900139,154,9,145
113900140,1,2,-1
113900141,7,38,-31
113900142,0,11,-11
113900143,2,1,1
113900144,3,0,3
113900145,3,5,-2
113900146,1,5,-4
113900148,16,12,4
113900149,0,0,0
113900150,284,116,168
113900151,5,11,-6
113900152,0,3,-3
113900153,65,43,22
113900154,0,0,0
113900155,47,12,35
113900156,25,180,-155
113900157,0,10,-10
113900158,46,15,31
113900159,0,0,0
113900160,54,153,-99
113900161,2,7,-5
113900162,77,71,6
113900163,36,24,12
113900164,0,0,0
113900165,151,104,47
113900166,17,7,10
113900167,0,0,0
113900168,10,20,-10
113900169,20,98,-78
113900171,0,0,0
113900172,5,58,-53
113900173,13,81,-68
113900174,44,233,-189
113900175,0,0,0
113900176,35,190,-155
113900177,11,22,-11
113900178,0,0,0
113900179,2,102,-100
113900180,12,12,0
113900181,0,0,0
113900182,58,229,-171
113900183,4,9,-5
113900184,6,126,-120
113900185,7,11,-4
113900186,4,3,1
113900187,7,11,-4
113900188,6,15,-9
113900189,0,0,0
113900190,62,15,47
113900191,26,12,14
113900192,0,0,0
113900193,1,43,-42
113900194,225,114,111
113900195,34,124,-90
113900196,0,9,-9
113900197,0,39,-39
113900198,2,23,-21
113900199,22,93,-71
113900200,3,23,-20
113900201,1,63,-62
113900202,4,22,-18
113900203,0,51,-51
113900204,5,91,-86
113900205,1,11,-10
113900206,2,14,-12
113900207,0,26,-26
113900208,0,4,-4
113900209,0,30,-30
113900210,67,67,0
113900211,15,1,14
113900212,0,120,-120
113900214,53,65,-12
113900215,0,20,-20
113900216,1,126,-125
113900217,0,0,0
113900218,0,0,0
113900219,17,46,-29
113900220,0,0,0
113900221,0,0,0
113900222,0,7,-7
113900223,2,120,-118
113900224,18,3,15
113900225,0,0,0
113900226,1,1,0
113900227,1,2,-1
113900228,13,6,7
113900229,0,21,-21
113900230,229,38,191
113900231,7,24,-17
113900232,1,19,-18
113900233,0,3,-3
113900234,7,9,-2
113900235,0,0,0
113900236,0,0,0
113900237,0,0,0
113900238,1,9,-8
113900239,0,1,-1
113900240,0,8,-8
113900241,15,8,7
113900242,9,20,-11
113900243,10,37,-27
113900244,123,19,104
113900245,186,20,166
113900246,0,0,0
113900247,0,0,0
113900248,338,50,288
113900249,0,0,0
113900250,0,0,0
113900251,0,45,-45
113900252,0,0,0
113900253,0,0,0
113900254,0,0,0
113900255,0,0,0
113900256,0,0,0
113900257,6,104,-98
113900258,2,90,-88
113900259,0,43,-43
113900260,0,1,-1
113900261,0,22,-22
113900262,1,123,-122
113900263,13,56,-43
113900264,0,100,-100
113900265,31,51,-20
113900266,7,60,-53
113900267,5,48,-43
113900268,4,3,1
113900269,6,25,-19
113900270,9,79,-70
113900271,45,372,-327
113900273,0,0,0
113900274,0,0,0
113900275,2,8,-6
113900276,0,42,-42
113900277,0,0,0
113900278,21,15,6
113900279,6,22,-16
113900280,66,52,14
113900281,10,74,-64
113900282,55,11,44
113900283,0,0,0
113900284,1,4,-3
113900285,0,0,0
113900286,0,0,0
113900287,2,3,-1
113900288,0,31,-31
113900289,150,7,143
113900290,76,3,73
113900291,11,18,-7
113900292,0,0,0
113900293,0,38,-38
113900294,0,0,0
113900295,25,11,14
113900296,8,1,7
113900297,0,0,0
113900298,4,372,-368
113900299,0,0,0
113900300,389,7,382
113900301,0,0,0
113900302,0,9,-9
113900303,52,10,42
113900304,0,56,-56
113900305,0,0,0
113900306,0,0,0
113900307,0,0,0
113900308,4,14,-10
113900309,2,220,-218
113900310,0,0,0
113900311,0,0,0
113900312,0,3,-3
113900313,0,0,0
114000001,388,910,-522
114000002,3,12,-9
114000003,2,8,-6
114000004,18,55,-37
114000005,3,10,-7
114000006,603,598,5
114000007,90,451,-361
114000008,265,316,-51
114000009,10,14,-4
114000011,672,893,-221
114000012,222,910,-688
114000013,208,727,-519
114000014,115,168,-53
114000015,103,121,-18
114000016,29,140,-111
114000017,23,15,8
114000018,105,13,92
114000026,123,560,-437
114000027,223,591,-368
114000028,365,614,-249
114000038,1,9,-8
114000039,14,58,-44
114000040,13,36,-23
114000042,36,85,-49
114000043,1,39,-38
114000044,5,30,-25
114000045,6,42,-36
114000046,393,1260,-867
114000047,0,4,-4
114000048,4,16,-12
114000049,54,85,-31
114000050,32,121,-89
114000051,179,179,0
114000052,154,81,73
114000053,1,13,-12
114000054,3,49,-46
114000055,10,3,7
114000056,202,217,-15
114000057,2455,719,1736
114000058,46,32,14
114000059,58,69,-11
114000060,74,284,-210
114000061,231,40,191
114000062,93,38,55
114000063,844,844,0
114000064,2609,602,2007
114000065,464,854,-390
114000066,56,205,-149
114000067,0,0,0
114000068,44,37,7
114000069,65,51,14
114000070,79,21,58
114000071,28,92,-64
114000072,13,86,-73
114000073,0,0,0
114000074,6,13,-7
114000075,0,0,0
114000076,0,0,0
114000077,0,0,0
114000078,12,145,-133
114000079,11,17,-6
114000080,0,0,0
114000081,0,0,0
114000082,18,200,-182
114000083,18,119,-101
114000084,2,0,2
114000085,15,277,-262
114000086,28,294,-266
114000087,5,69,-64
114000088,0,0,0
114000089,213,73,140
114000090,35,31,4
114000091,121,62,59
114000092,120,76,44
114000093,31,120,-89
114000094,26,78,-52
114000095,0,0,0
114000096,12,123,-111
114000097,5,218,-213
114000098,0,0,0
114000099,13,199,-186
114000100,10,124,-114
114000101,44,318,-274
114000102,0,0,0
114000103,1,67,-66
114000104,0,35,-35
114000105,3,15,-12
114000106,166,52,114
114000107,14,26,-12
114000108,819,488,331
114000109,0,0,0
114000110,74,538,-464
114000111,0,0,0
114000112,60,654,-594
114000113,0,0,0
114000114,241,650,-409
114000115,0,0,0
114000116,67,35,32
114000117,85,24,61
114000118,87,12,75
114000119,65,11,54
114000120,191,364,-173
114000121,100,225,-125
114000122,88,109,-21
114000123,13,4,9
114000124,5,7,-2
114000125,253,766,-513
114000126,8,6,2
114000127,8,68,-60
114000128,40,84,-44
114000130,0,0,0
114000131,0,0,0
114000132,226,282,-56
114000133,229,366,-137
114000134,9,47,-38
114000138,19,41,-22
114000139,0,0,0
114000144,0,0,0
114000145,10,49,-39
114000146,2,56,-54
114000147,0,0,0
114000148,76,5,71
114000149,11,11,0
114000150,249,185,64
114000151,12,8,4
114000152,10,12,-2
114000153,229,283,-54
114000154,144,155,-11
114000155,96,122,-26
114000156,28,59,-31
114000157,30,139,-109
114000158,583,135,448
114000159,48,58,-10
114000160,16,35,-19
114000161,55,24,31
114000162,5,10,-5
114000163,3,35,-32
114000165,0,0,0
114000166,93,12,81
114000167,882,461,421
114000168,182,339,-157
114000169,229,98,131
114000170,93,99,-6
114000171,69,69,0
114000174,62,226,-164
114000176,132,211,-79
114000177,654,332,322
114000178,0,0,0
114000179,27,2,25
114000180,115,300,-185
114000181,210,340,-130
114000182,1669,872,797
114000183,416,343,73
114000184,255,858,-603
114000185,36,19,17
114000189,0,0,0
114000190,0,0,0
114000191,0,0,0
114000192,110,649,-539
114000193,347,1453,-1106
114000194,354,459,-105
114000195,0,0,0
114000196,0,152,-152
114000197,0,15,-15
114000198,312,120,192
114000199,354,189,165
114000200,57,788,-731
114000201,12,361,-349
114000202,184,245,-61
114000203,95,289,-194
114000204,17,130,-113
114000205,9,551,-542
114000206,85,507,-422
114000207,207,1155,-948
114000208,77,1343,-1266
114000209,155,1397,-1242
114000210,106,807,-701
114000211,53,312,-259
114000212,78,218,-140
114000213,259,69,190
114000214,4,37,-33
114000215,1,32,-31
114000216,62,0,62
114000217,2,83,-81
114000218,13,53,-40
114000219,44,121,-77
114000220,8,572,-564
114000221,48,35,13
114000222,29,480,-451
114000223,0,0,0
114000224,30,240,-210
114000225,39,238,-199
114000226,8,112,-104
114000227,65,151,-86
114000228,66,175,-109
114000229,104,375,-271
114000230,117,185,-68
114000231,176,451,-275
114000232,21,14,7
114000233,54,9,45
114000234,88,143,-55
114000235,162,488,-326
114000236,2,491,-489
114000237,30,474,-444
114000238,2,6,-4
114000239,10,519,-509
114000240,196,294,-98
114000241,58,460,-402
114000242,266,361,-95
114000243,148,132,16
114000244,0,0,0
114000245,48,392,-344
114000246,83,18,65
114000247,51,121,-70
114000248,75,96,-21
114000249,47,127,-80
114000250,92,216,-124
114000251,16,133,-117
114000252,18,30,-12
114000253,0,0,0
114000254,1,24,-23
114000255,95,54,41
114000256,47,19,28
114000257,155,1059,-904
114000258,16,128,-112
114000259,14,125,-111
114000260,0,65,-65
114000261,17,1,16
114000262,2,62,-60
114000263,0,0,0
114000264,30,90,-60
114000265,0,10,-10
114000267,1,566,-565
114000268,1,834,-833
114000270,0,0,0
114000271,66,32,34
114000283,81,121,-40
114000285,31,156,-125
114000288,10,180,-170
114000289,95,22,73
114000293,22,181,-159
114000294,11,13,-2
114000395,53,2,51
114000396,0,0,0
114000402,16,45,-29
114000403,14,31,-17
114000405,13,212,-199
114000423,7,231,-224
114000424,24,81,-57
114000425,35,263,-228
114000426,0,0,0
114000427,11,94,-83
114000428,0,0,0
114000429,4,86,-82
114000432,0,0,0
114000434,5,50,-45
114000435,0,35,-35
114000436,1406,611,795
114000437,3,37,-34
114900001,0,0,0
114900002,0,0,0
114900003,0,0,0
114900004,0,0,0
114900005,0,0,0
114900006,0,0,0
114900007,0,0,0
114900008,0,0,0
114900010,6,0,6
114900011,0,0,0
114900013,0,0,0
114900015,0,0,0
114900018,0,0,0
114900020,0,0,0
114900022,0,23,-23
114900024,0,0,0
114900025,0,0,0
114900026,0,0,0
114900027,0,0,0
114900029,0,0,0
114900030,0,0,0
114900031,0,0,0
114900032,0,0,0
114900033,0,0,0
114900034,4,32,-28
114900035,3,19,-16
114900036,19,171,-152
114900037,3,37,-34
114900038,6,216,-210
114900039,80,137,-57
114900040,1,7,-6
114900041,22,151,-129
114900042,28,181,-153
114900043,52,12,40
114900044,0,0,0
114900046,2,7,-5
114900047,9,119,-110
114900048,1,13,-12
114900049,2,35,-33
114900050,1,119,-118
114900051,5,79,-74
114900052,4,12,-8
114900053,8,13,-5
114900054,1,20,-19
114900057,0,0,0
114900058,0,32,-32
114900059,0,0,0
114900060,69,26,43
114900061,7,24,-17
114900062,10,16,-6
114900063,5,31,-26
114900064,23,141,-118
114900065,13,113,-100
114900067,0,61,-61
114900068,0,36,-36
114900069,11,12,-1
114900070,0,0,0
114900072,1,44,-43
114900073,0,70,-70
114900074,0,0,0
114900075,0,0,0
114900076,0,82,-82
114900080,0,0,0
114900082,2,162,-160
114900083,1,54,-53
114900090,0,0,0
114900091,2,8,-6
114900095,61,20,41
114900096,14,41,-27
114900097,0,0,0
114900098,0,0,0
114900099,0,0,0
115000001,3026,3073,-47
115000002,471,223,248
115000003,1056,2183,-1127
115000004,286,366,-80
115000005,532,1678,-1146
115000006,91,135,-44
115000007,0,0,0
115000008,50,65,-15
115000009,9,17,-8
115000010,0,0,0
115000013,16,61,-45
115000015,43,113,-70
115000016,113,60,53
115000019,0,73,-73
115000020,0,0,0
115000021,92,169,-77
115000022,235,136,99
115000023,38,44,-6
115000024,375,184,191
115000025,47,65,-18
115000026,35,151,-116
115000027,19,52,-33
115000028,33,273,-240
115000029,24,14,10
115000030,46,361,-315
115000031,151,47,104
115000032,5,136,-131
115000033,0,0,0
115000034,11,355,-344
115000035,0,0,0
115000036,0,198,-198
115000037,0,0,0
115000038,0,0,0
115000039,244,267,-23
115000040,976,470,506
115000041,69,326,-257
115000042,53,114,-61
115000043,226,866,-640
115000044,1416,1785,-369
115000045,343,1195,-852
115000046,81,412,-331
115000047,210,335,-125
115000048,443,1624,-1181
115000049,466,1258,-792
115000050,437,213,224
115000051,696,204,492
115000052,1398,789,609
115000053,255,194,61
115000054,198,365,-167
115000055,17,261,-244
115000056,0,32,-32
115000057,19,125,-106
115000058,0,41,-41
115000059,0,84,-84
115000061,0,0,0
115000062,3,92,-89
115000063,15,120,-105
115000064,0,0,0
115000065,4,65,-61
115000067,0,0,0
115000069,1,70,-69
115000070,4,110,-106
115000071,0,0,0
115000072,21,14,7
115000073,175,2,173
115000075,1,7,-6
115000076,697,732,-35
115000077,147,975,-828
115000078,84,590,-506
115000079,155,709,-554
115000080,180,930,-750
115000081,45,175,-130
115000082,387,778,-391
115000083,284,1030,-746
115000084,0,0,0
115000085,67,368,-301
115000086,0,0,0
115000087,113,452,-339
115000088,0,0,0
115000089,678,642,36
115000090,39,32,7
115000091,46,398,-352
115000092,17,83,-66
115000093,0,0,0
115000094,1785,810,975
115000095,1277,1344,-67
115000096,54,626,-572
115000097,41,285,-244
115000098,65,437,-372
115000099,94,842,-748
115000100,23,43,-20
115000101,97,748,-651
115000102,22,38,-16
115000103,117,348,-231
115000105,0,2,-2
115000106,18,18,0
115000107,37,283,-246
115000108,1303,1407,-104
115000109,350,147,203
115000110,430,197,233
115000111,123,381,-258
115000112,93,163,-70
115000113,167,201,-34
115000114,409,269,140
115000116,549,224,325
115000117,217,304,-87
115000118,144,329,-185
115000119,264,292,-28
115000120,112,241,-129
115000121,663,232,431
115000122,814,241,573
115000123,407,248,159
115000124,116,125,-9
115000125,49,125,-76
115000126,22,125,-103
115000127,44,55,-11
115000128,131,152,-21
115000129,5,29,-24
115000130,14,221,-207
115000131,10,70,-60
115000132,7,111,-104
115000133,15,87,-72
115000134,10,80,-70
115000135,10,73,-63
115000136,0,0,0
115000137,14,93,-79
115000138,0,0,0
115000139,30,174,-144
115000140,0,0,0
115000141,26,183,-157
115000142,9,151,-142
115000143,0,0,0
115000144,6,8,-2
115000145,26,238,-212
115000146,0,0,0
115000147,8,173,-165
115000148,70,334,-264
115000149,19,21,-2
115000150,130,310,-180
115000151,30,55,-25
115000152,99,493,-394
115000153,30,39,-9
115000154,34,20,14
115000155,92,331,-239
115000156,43,31,12
115000157,163,191,-28
115000158,24,33,-9
115000159,41,47,-6
115000160,130,42,88
115000161,51,88,-37
115000162,0,0,0
115000163,286,239,47
115000164,162,166,-4
115000165,0,0,0
115000167,0,0,0
115000168,0,0,0
115000169,187,287,-100
115000170,27,60,-33
115000171,0,0,0
115000172,283,133,150
115000173,0,0,0
115000174,0,0,0
115000175,9,45,-36
115000176,0,0,0
115000177,4,30,-26
115000178,0,82,-82
115000179,0,0,0
115000180,17,220,-203
115000181,0,0,0
115000182,0,0,0
115000183,30,340,-310
115000186,56,81,-25
115000187,31,259,-228
115000188,97,96,1
115000189,57,164,-107
115000190,90,50,40
115000191,39,124,-85
115000194,65,50,15
115000195,0,0,0
115000196,0,0,0
115000197,1,99,-98
115000198,0,0,0
115000199,7,76,-69
115000200,0,0,0
115000201,19,143,-124
115000206,0,0,0
115000207,6,185,-179
115000208,131,301,-170
115000209,47,37,10
115000210,4,10,-6
115000211,70,96,-26
115000212,304,144,160
115000224,0,0,0
115000225,0,0,0
115000229,0,0,0
115000230,0,0,0
115000231,48,872,-824
115000232,40,83,-43
115000233,16,195,-179
115000234,0,0,0
115000241,0,0,0
115000242,0,0,0
115000243,0,0,0
115000244,0,0,0
115000246,0,0,0
115000247,0,0,0
115000248,0,0,0
115000249,0,0,0
115000250,9,9,0
115000251,0,0,0
115000252,0,0,0
115000253,0,0,0
115000258,0,0,0
115000259,0,0,0
115000261,0,0,0
115000262,0,0,0
115000263,0,0,0
115000264,0,0,0
115000267,0,0,0
115000268,1,5,-4
115000269,0,0,0
115000270,0,0,0
115000272,0,0,0
115000273,0,0,0
115000280,0,0,0
115000281,161,37,124
115000282,129,24,105
115000284,136,63,73
115000296,0,0,0
115000297,0,0,0
115000298,25,18,7
115000300,2,68,-66
115000302,0,0,0
115000303,0,0,0
115000304,0,0,0
115000305,11,287,-276
115000306,2,191,-189
115000307,0,93,-93
115000308,6,7,-1
115000309,0,0,0
115000310,114,417,-303
115000311,0,0,0
115000313,43,149,-106
115000314,0,0,0
115000315,361,143,218
115000316,0,0,0
115000317,12,254,-242
115000318,128,59,69
115000319,5,149,-144
115000320,5,53,-48
115000321,101,7,94
115000322,13,136,-123
115000449,0,0,0
115000557,0,10,-10
115000558,0,0,0
115000587,20,37,-17
115000588,1118,2215,-1097
115000589,791,433,358
115000590,198,794,-596
115000591,87,94,-7
115000592,198,853,-655
115000593,136,63,73
115000594,324,728,-404
115000609,0,0,0
115000617,277,85,192
115000624,0,12,-12
115000633,27,729,-702
115000634,855,213,642
115000635,36,8,28
115000638,0,0,0
115000641,0,0,0
115000642,27,29,-2
115000643,11,135,-124
115000644,19,114,-95
115000646,147,209,-62
115000647,11,198,-187
115000648,79,571,-492
115000893,417,140,277
115000894,34,620,-586
115000895,71,623,-552
115000896,103,28,75
115000897,82,3,79
115000898,101,29,72
115000899,253,161,92
115000900,12,40,-28
115000901,36,17,19
115000912,31,5,26
115000913,1,6,-5
115000915,0,0,0
115000916,0,0,0
115000917,0,1,-1
115000918,0,0,0
115000919,0,0,0
115000920,2,2,0
115000921,150,4,146
115000922,39,65,-26
115000923,118,383,-265
115000925,12,21,-9
115000927,0,0,0
115000933,56,31,25
115000934,0,0,0
115000935,0,0,0
115000936,0,0,0
115000937,153,17,136
115000938,21,10,11
115000939,9,31,-22
115900001,0,0,0
115900002,0,0,0
115900003,0,0,0
115900004,0,0,0
115900005,0,0,0
115900006,0,0,0
115900008,0,0,0
115900009,0,0,0
115900010,0,0,0
115900011,5,22,-17
115900012,0,0,0
115900013,0,0,0
115900014,6,20,-14
115900015,0,0,0
115900016,0,0,0
115900017,0,0,0
115900018,24,3,21
115900019,0,0,0
115900020,0,0,0
115900021,112,0,112
115900022,0,0,0
115900023,0,0,0
115900025,0,0,0
115900026,0,0,0
115900027,0,9,-9
115900028,46,0,46
115900029,2,71,-69
115900030,0,0,0
115900031,0,0,0
115900032,0,0,0
115900033,0,0,0
115900034,1,77,-76
115900035,0,0,0
115900036,3,4,-1
115900037,5,65,-60
115900038,0,0,0
115900039,0,0,0
115900041,2,3,-1
115900042,0,0,0
115900043,0,0,0
115900044,0,0,0
115900046,4,17,-13
115900047,0,0,0
115900049,1,3,-2
115900051,0,14,-14
115900052,0,43,-43
115900053,1,1,0
115900054,0,25,-25
115900055,3,19,-16
115900056,0,2,-2
115900057,0,0,0
115900058,9,8,1
115900060,0,0,0
115900061,0,0,0
115900062,1,73,-72
115900063,2,0,2
115900064,0,0,0
115900065,0,0,0
115900066,20,23,-3
115900067,2,156,-154
115900068,461,2,459
115900069,0,0,0
115900070,0,0,0
115900071,0,28,-28
115900072,17,30,-13
115900073,0,0,0
115900074,1,105,-104
115900075,0,25,-25
115900076,0,0,0
115900077,1,84,-83
115900078,2,14,-12
115900079,0,0,0
115900080,0,0,0
115900081,0,19,-19
115900082,10,9,1
115900084,0,0,0
115900085,0,6,-6
115900086,181,30,151
115900088,0,1,-1
115900089,3,84,-81
115900090,0,0,0
115900091,0,1,-1
115900092,1,15,-14
115900093,0,4,-4
115900094,0,65,-65
115900096,0,6,-6
115900097,2,67,-65
115900098,3,43,-40
115900099,0,0,0
115900100,1,90,-89
115900101,3,26,-23
115900102,0,0,0
115900103,1,19,-18
115900104,0,0,0
115900105,0,0,0
115900106,0,0,0
115900107,0,0,0
115900108,0,1,-1
115900109,4,50,-46
115900110,0,0,0
115900111,0,31,-31
115900112,2,117,-115
115900113,0,0,0
115900114,0,35,-35
115900115,0,5,-5
115900116,13,131,-118
115900117,0,0,0
115900118,0,98,-98
115900119,1,2,-1
115900120,1,35,-34
115900121,16,37,-21
115900124,11,42,-31
115900125,8,3,5
115900126,50,12,38
115900127,30,3,27
115900128,0,0,0
115900129,58,5,53
115900130,0,0,0
115900131,19,3,16
115900132,9,1,8
115900134,15,2,13
115900135,0,0,0
115900137,1,1,0
115900139,3,0,3
115900140,0,0,0
115900141,0,1,-1
115900142,0,0,0
115900143,5,29,-24
115900144,0,20,-20
115900146,0,0,0
115900147,0,0,0
115900148,0,1,-1
115900149,1,2,-1
115900150,0,0,0
115900151,0,17,-17
115900152,2,92,-90
115900153,4,52,-48
115900154,94,26,68
115900155,0,0,0
115900156,81,174,-93
115900157,1,90,-89
115900158,0,0,0
115900159,8,55,-47
115900160,0,0,0
115900161,0,41,-41
115900163,13,37,-24
115900164,0,0,0
115900165,1,6,-5
115900166,0,0,0
115900168,0,7,-7
115900171,16,66,-50
115900172,3,45,-42
115900173,0,0,0
115900174,33,35,-2
115900175,1,9,-8
115900178,1,158,-157
115900179,0,0,0
115900180,0,0,0
115900181,6,27,-21
115900182,9,36,-27
115900183,2,0,2
115900184,0,0,0
115900187,0,0,0
115900189,2,16,-14
115900190,0,64,-64
115900191,7,71,-64
115900192,1,7,-6
115900193,3,10,-7
115900194,37,1,36
115900195,62,50,12
115900198,4,10,-6
115900199,36,35,1
115900200,41,69,-28
115900201,6,40,-34
115900202,0,0,0
115900203,0,0,0
115900204,0,0,0
115900205,1,1,0
115900206,0,8,-8
115900207,0,0,0
115900208,0,0,0
115900209,0,30,-30
115900210,0,14,-14
115900211,0,16,-16
115900212,0,6,-6
115900213,0,0,0
115900214,0,26,-26
115900215,0,0,0
115900216,1,33,-32
115900217,0,26,-26
115900218,0,16,-16
115900219,0,0,0
115900220,0,0,0
115900221,0,0,0
115900222,0,0,0
115900223,0,0,0
115900224,0,0,0
115900225,0,0,0
115900226,0,0,0
115900227,0,0,0
115900228,0,0,0
115900229,0,0,0
115900230,0,0,0
115900231,0,0,0
115900232,0,0,0
115900233,0,0,0
115900234,0,0,0
115900235,0,0,0
115900236,0,2,-2
115900237,1,10,-9
115900238,0,6,-6
115900239,0,11,-11
115900240,0,22,-22
115900241,0,3,-3
115900242,1,0,1
115900243,3,0,3
115900244,0,1,-1
115900245,0,0,0
115900246,0,0,0
115900247,0,0,0
115900248,0,0,0
115900249,0,0,0
115900250,0,0,0
115900251,0,0,0
115900252,0,0,0
115900253,0,0,0
115900254,0,0,0
115900255,0,0,0
115900256,0,0,0
115900257,0,0,0
115900258,0,0,0
115900259,0,0,0
115900260,0,0,0
115900261,0,0,0
115900262,0,0,0
115900263,0,0,0
115900264,0,0,0
115900265,0,0,0
115900266,0,0,0
115900267,0,0,0
115900268,0,0,0
115900269,4,11,-7
115900270,0,0,0
115900271,0,0,0
115900272,0,0,0
115900273,0,0,0
115900274,0,4,-4
115900275,0,10,-10
115900276,0,14,-14
115900277,0,30,-30
115900278,0,14,-14
115900279,0,16,-16
115900280,0,15,-15
115900281,0,7,-7
115900282,0,0,0
116000001,8736,1233,7503
116000002,1105,381,724
116000003,617,737,-120
116000004,633,113,520
116000005,562,904,-342
116000006,273,193,80
116000007,1006,1307,-301
116000008,482,445,37
116000009,344,705,-361
116000010,188,83,105
116000011,150,229,-79
116000012,118,110,8
116000013,7290,1466,5824
116000014,1021,190,831
116000015,107,375,-268
116000016,484,100,384
116000017,12,143,-131
116000018,83,32,51
116000019,60,65,-5
116000020,28,65,-37
116000021,25,85,-60
116000022,26,41,-15
116000023,32,66,-34
116000024,54,164,-110
116000025,41,78,-37
116000026,172,626,-454
116000027,55,145,-90
116000028,0,0,0
116000029,345,147,198
116000030,0,0,0
116000031,50,74,-24
116000032,23,109,-86
116000033,4,137,-133
116000034,12,184,-172
116000035,58,273,-215
116000036,140,53,87
116000037,0,0,0
116000038,0,0,0
116000039,122,78,44
116000040,0,0,0
116000041,32,159,-127
116000042,1,7,-6
116000043,29,172,-143
116000044,0,0,0
116000045,0,0,0
116000046,307,462,-155
116000047,326,583,-257
116000048,81,89,-8
116000049,34,152,-118
116000050,241,466,-225
116000051,87,185,-98
116000052,466,900,-434
116000053,0,0,0
116000054,101,728,-627
116000055,87,368,-281
116000056,0,0,0
116000057,1361,555,806
116000058,739,245,494
116000059,275,133,142
116000060,727,126,601
116000061,85,100,-15
116000062,68,96,-28
116000063,77,155,-78
116000066,0,0,0
116000067,107,182,-75
116000068,0,0,0
116000069,105,104,1
116000078,0,0,0
116000080,225,356,-131
116000082,0,70,-70
116000083,117,63,54
116000084,99,432,-333
116000085,256,111,145
116000086,123,278,-155
116000087,157,71,86
116000088,162,316,-154
116000089,8,5,3
116000090,0,0,0
116000091,2,5,-3
116000093,143,68,75
116000094,32,331,-299
116000095,54,59,-5
116000096,41,300,-259
116000097,52,130,-78
116000098,8,535,-527
116000099,1210,45,1165
116000100,5,0,5
116000101,29,65,-36
116000102,23,279,-256
116000103,11,42,-31
116000104,5,298,-293
116000105,16,43,-27
116000106,11,264,-253
116000107,36,144,-108
116000108,0,36,-36
116000111,0,0,0
116000113,0,0,0
116000114,8,23,-15
116000115,0,0,0
116000116,10,35,-25
116000117,22,58,-36
116000118,129,586,-457
116000119,6,54,-48
116000120,422,1564,-1142
116000121,0,0,0
116000122,333,1336,-1003
116000123,0,0,0
116000124,81,811,-730
116000125,6,10,-4
116000126,60,837,-777
116000127,250,700,-450
116000128,15,2,13
116000129,7,11,-4
116000130,1,5,-4
116000133,170,374,-204
116000134,150,1127,-977
116000135,134,185,-51
116000136,113,813,-700
116000137,45,138,-93
116000138,461,96,365
116000139,188,629,-441
116000140,28,94,-66
116000141,54,187,-133
116000142,1025,1455,-430
116000143,508,133,375
116000144,274,1274,-1000
116000145,312,288,24
116000146,27,70,-43
116000147,53,4,49
116000148,10,65,-55
116000149,0,71,-71
116000151,125,447,-322
116000153,0,0,0
116000155,0,0,0
116000156,124,352,-228
116000157,0,0,0
116000158,27,214,-187
116000159,0,0,0
116000160,11,37,-26
116000161,7,22,-15
116000162,138,7,131
116000163,10,0,10
116000164,1,11,-10
116000177,3,29,-26
116000194,0,191,-191
116000195,106,98,8
116000196,0,0,0
116000197,2,0,2
116000198,112,96,16
116000200,0,0,0
116000201,93,112,-19
116000202,0,0,0
116000203,0,7,-7
116000204,0,6,-6
116000205,0,24,-24
116000206,0,9,-9
116000207,0,5,-5
116000233,7,83,-76
116000287,17,228,-211
116000288,0,0,0
116000292,0,24,-24
116000296,0,0,0
116000297,0,0,0
116000304,0,0,0
116000305,0,0,0
116000346,7,39,-32
116000352,2,8,-6
116000354,3,5,-2
116000357,1,0,1
116000358,0,0,0
116000361,0,0,0
116000372,2260,614,1646
116000381,0,0,0
116000388,1,27,-26
116000389,19,37,-18
116000445,24,460,-436
116000446,0,0,0
116000447,2,228,-226
116000448,0,0,0
116000563,0,0,0
116000565,38,46,-8
116000568,1,7,-6
116000579,2,21,-19
116000584,2,2,0
116000585,7,2,5
116000586,48,26,22
116000587,1,96,-95
116000589,4,14,-10
116000590,0,0,0
116000591,0,0,0
116000592,0,0,0
116000593,0,10,-10
116000594,11,134,-123
116000595,19,51,-32
116000596,3,5,-2
116000597,0,0,0
116000598,2,36,-34
116000602,0,19,-19
116000605,2,13,-11
116000606,0,0,0
116000607,0,7,-7
116000609,5,87,-82
116000611,8,241,-233
116000612,147,262,-115
116000613,0,0,0
116000614,93,417,-324
116000615,0,123,-123
116000616,3,57,-54
116000617,7,73,-66
116000618,0,52,-52
116000619,2,6,-4
116000620,0,0,0
116000621,0,0,0
116000622,0,0,0
116000624,0,1,-1
116000627,1,5,-4
116000628,0,0,0
116000629,0,0,0
116000630,0,0,0
116000631,0,0,0
116000632,0,0,0
116000633,0,0,0
116000634,0,2,-2
116000635,153,146,7
116000636,241,171,70
116000637,0,0,0
116000638,0,0,0
116900001,0,0,0
116900002,0,0,0
116900003,0,0,0
116900004,0,0,0
116900005,1,13,-12
116900006,0,0,0
116900007,0,0,0
116900008,2,157,-155
116900009,0,0,0
116900010,1,222,-221
116900011,0,2,-2
116900012,0,0,0
116900013,0,64,-64
116900014,0,0,0
116900015,0,0,0
116900016,0,0,0
116900017,0,98,-98
116900018,0,0,0
116900019,1,62,-61
116900020,34,6,28
116900023,0,0,0
116900024,0,0,0
116900025,1,97,-96
116900026,4,90,-86
116900027,0,0,0
116900028,0,13,-13
116900029,0,1,-1
116900031,0,0,0
116900032,0,20,-20
116900033,0,0,0
116900034,1,6,-5
116900035,3,14,-11
116900036,0,14,-14
116900038,0,0,0
116900041,0,0,0
116900042,135,27,108
116900043,0,6,-6
116900047,0,0,0
116900049,1,34,-33
116900050,1,12,-11
116900051,0,0,0
116900052,0,0,0
116900055,0,0,0
116900057,0,43,-43
116900058,0,14,-14
116900059,0,0,0
116900060,8,35,-27
116900062,0,0,0
116900064,5,189,-184
116900065,0,2,-2
116900067,0,0,0
116900068,4,74,-70
116900070,0,0,0
116900072,2,71,-69
116900073,1,10,-9
116900074,0,0,0
116900076,0,0,0
116900077,1,17,-16
116900078,22,12,10
116900079,1,22,-21
116900080,0,0,0
116900081,2,78,-76
116900082,10,95,-85
116900083,0,0,0
116900084,2,5,-3
116900085,1,29,-28
116900086,0,24,-24
116900088,0,0,0
116900090,0,0,0
116900091,0,14,-14
116900092,0,63,-63
116900093,9,0,9
116900094,265,15,250
116900095,0,29,-29
116900096,0,10,-10
116900097,2,0,2
116900098,55,7,48
116900099,26,19,7
116900100,0,0,0
116900101,15,57,-42
116900103,4,0,4
116900104,6,4,2
116900105,0,0,0
116900106,0,57,-57
116900107,8,4,4
116900110,2,0,2
116900111,0,108,-108
116900112,0,42,-42
116900113,199,15,184
116900116,0,0,0
116900117,4,17,-13
116900118,7,278,-271
116900120,0,0,0
116900121,0,0,0
116900122,12,321,-309
116900123,2,181,-179
116900124,2,37,-35
116900125,5,23,-18
116900126,12,91,-79
116900128,0,10,-10
116900129,1,61,-60
116900130,181,236,-55
116900131,4,36,-32
116900132,0,13,-13
116900133,6,24,-18
116900134,6,35,-29
116900136,2,16,-14
116900137,9,15,-6
116900138,3,34,-31
116900139,6,41,-35
116900140,12,18,-6
116900141,25,16,9
116900142,0,1,-1
116900143,7,33,-26
116900144,0,3,-3
116900145,2,26,-24
116900147,9,17,-8
116900148,0,0,0
116900149,0,0,0
116900150,1,1,0
116900151,0,0,0
116900153,0,0,0
116900154,0,4,-4
116900155,2,4,-2
116900157,0,0,0
116900158,0,1,-1
116900159,0,45,-45
116900160,0,0,0
116900161,929,169,760
116900162,0,0,0
116900163,0,0,0
116900164,0,1,-1
116900165,0,1,-1
116900166,0,0,0
116900167,0,0,0
116900168,6,16,-10
116900169,0,0,0
116900170,0,0,0
116900171,0,0,0
116900172,0,0,0
116900173,2,2,0
116900174,0,1,-1
116900175,0,0,0
116900178,0,0,0
116900179,0,0,0
116900180,2,4,-2
116900182,0,0,0
116900183,0,0,0
116900185,0,0,0
116900186,0,0,0
116900187,0,0,0
116900188,2,3,-1
116900189,0,0,0
116900191,0,0,0
116900192,0,0,0
116900194,0,0,0
116900195,0,0,0
116900196,0,0,0
116900197,0,0,0
116900198,13,22,-9
116900200,0,0,0
116900201,0,0,0
116900202,0,0,0
116900203,0,0,0
116900204,1,2,-1
116900206,0,0,0
116900207,3,6,-3
116900208,0,0,0
116900209,0,0,0
116900210,0,10,-10
116900211,0,0,0
116900212,0,0,0
116900213,0,0,0
116900214,1,18,-17
116900215,0,0,0
116900216,1,7,-6
116900218,2,72,-70
116900219,85,52,33
116900220,0,0,0
116900221,1,27,-26
116900222,0,0,0
116900223,0,0,0
116900226,0,9,-9
116900227,6,5,1
116900228,7,26,-19
116900230,1,9,-8
116900231,0,30,-30
116900232,0,28,-28
116900233,0,0,0
116900234,0,0,0
116900235,11,142,-131
116900238,36,21,15
116900239,0,11,-11
116900240,271,61,210
116900241,1,0,1
116900242,26,19,7
116900243,0,9,-9
116900245,0,0,0
116900246,0,0,0
116900247,0,0,0
116900248,2,1,1
116900249,0,0,0
116900250,2,14,-12
116900251,0,0,0
116900252,0,60,-60
116900253,0,0,0
116900254,0,0,0
116900255,7,5,2
116900256,11,5,6
116900257,1,112,-111
116900258,0,76,-76
116900259,0,0,0
116900260,0,33,-33
116900261,0,0,0
116900262,0,44,-44
116900263,0,0,0
116900264,0,0,0
116900265,0,0,0
116900266,0,3,-3
116900267,0,1,-1
116900268,0,16,-16
116900269,0,16,-16
116900271,0,0,0
116900272,46,63,-17
116900273,7,0,7
116900274,0,0,0
116900275,0,0,0
116900276,0,0,0
116900277,0,0,0
116900278,0,0,0
116900279,0,4,-4
116900280,0,2,-2
116900281,148,25,123
116900282,0,8,-8
116900283,1,8,-7
116900284,1,7,-6
116900285,0,0,0
116900286,0,0,0
116900287,0,0,0
116900288,0,0,0
116900289,0,0,0
116900290,0,0,0
116900291,0,0,0
116900292,0,0,0
116900293,0,0,0
116900294,3,19,-16
116900295,0,0,0
116900296,0,0,0
116900297,0,0,0
116900298,0,0,0
116900299,0,0,0
116900300,0,0,0
116900301,0,0,0
116900302,0,2,-2
116900303,0,6,-6
116900304,0,36,-36
116900305,0,0,0
116900306,0,0,0
117000001,160,148,12
117000002,436,1321,-885
117000003,450,113,337
117000004,1267,1602,-335
117000005,101,43,58
117000006,227,1608,-1381
117000007,159,11,148
117000008,314,1578,-1264
117000009,1,0,1
117000010,726,1702,-976
117000011,0,3,-3
117000012,277,866,-589
117000013,0,0,0
117000014,148,1062,-914
117000015,0,0,0
117000016,11,18,-7
117000017,34,26,8
117000018,21,110,-89
117000019,0,0,0
117000020,124,312,-188
117000021,552,62,490
117000022,40,9,31
117000023,31,53,-22
117000024,61,89,-28
117000025,185,240,-55
117000026,73,40,33
117000027,398,779,-381
117000028,0,0,0
117000030,41,100,-59
117000031,0,0,0
117000032,249,280,-31
117000033,193,197,-4
117000034,23,72,-49
117000035,0,0,0
117000036,36,67,-31
117000037,0,0,0
117000038,9,101,-92
117000039,9,18,-9
117000040,22,491,-469
117000041,0,0,0
117000044,13,388,-375
117000045,0,0,0
117000046,121,314,-193
117000047,1,6,-5
117000048,482,310,172
117000049,19,33,-14
117000050,9,862,-853
117000051,71,28,43
117000052,1,52,-51
117000053,6,10,-4
117000054,45,0,45
117000055,5,1257,-1252
117000056,23,1,22
117000057,104,563,-459
117000060,35,264,-229
117000061,3,10,-7
117000062,21,72,-51
117000063,0,0,0
117000064,100,311,-211
117000066,291,128,163
117000067,3,55,-52
117000074,0,0,0
117000076,0,0,0
117000077,29,27,2
117000078,5,121,-116
117000079,2,19,-17
117000080,4,202,-198
117000081,6,12,-6
117000082,5,16,-11
117000083,0,0,0
117000084,0,0,0
117000085,26,125,-99
117000086,10,184,-174
117000087,38,229,-191
117000088,0,0,0
117000089,33,22,11
117000090,45,801,-756
117000091,17,6,11
117000092,100,799,-699
117000093,14,11,3
117000094,157,1052,-895
117000095,29,20,9
117000096,169,1482,-1313
117000097,31,57,-26
117000098,581,1975,-1394
117000099,18,29,-11
117000100,3,25,-22
117000101,27,279,-252
117000102,0,0,0
117000103,431,730,-299
117000104,0,0,0
117000105,139,788,-649
117000106,0,0,0
117000107,133,1029,-896
117000108,0,0,0
117000109,599,1356,-757
117000110,0,0,0
117000111,393,397,-4
117000112,136,245,-109
117000113,4,62,-58
117000114,0,0,0
117000115,3,28,-25
117000116,1,19,-18
117000117,81,12,69
117000118,4,23,-19
117000119,1,2,-1
117000120,0,3,-3
117000121,0,2,-2
117000122,0,0,0
117000123,0,0,0
117000124,0,0,0
117000125,6,11,-5
117000126,0,0,0
117000127,6,1,5
117000128,12,13,-1
117000129,7,6,1
117000130,0,0,0
117000131,0,18,-18
117000132,102,18,84
117000133,9,122,-113
117000134,0,29,-29
117000135,0,23,-23
117000136,1,18,-17
117000137,0,0,0
117000138,2,207,-205
117000140,96,651,-555
117000141,0,0,0
117000181,78,29,49
117000182,0,0,0
117000195,9,177,-168
117000196,0,0,0
117000225,0,0,0
117000226,1,4,-3
117000276,0,0,0
117000277,1,77,-76
117000310,488,789,-301
117000315,0,0,0
117000320,0,0,0
117000906,0,0,0
117000907,0,184,-184
117000908,2,2,0
117000909,6,3,3
117000910,51,65,-14
117000911,12,33,-21
117000915,0,132,-132
117000916,0,0,0
117000917,0,0,0
117000918,0,0,0
117000919,0,13,-13
117000920,5,986,-981
117000921,1,360,-359
117000922,0,0,0
117000924,29,32,-3
117000926,274,22,252
117000927,13,55,-42
117000928,0,132,-132
117000929,15,89,-74
117000930,17,0,17
117000931,39,8,31
117900002,42,65,-23
117900003,34,9,25
117900005,1,1,0
117900006,0,3,-3
117900007,7,36,-29
117900008,1,2,-1
117900010,2,32,-30
117900011,0,0,0
117900012,3,29,-26
117900013,0,40,-40
117900014,4,44,-40
117900015,2,42,-40
117900016,84,21,63
117900017,4,46,-42
117900018,7,2,5
117900019,2,68,-66
117900020,2,18,-16
117900021,2,15,-13
117900022,2,1,1
117900023,10,1,9
117900024,3,30,-27
117900025,1,5,-4
117900026,5,52,-47
117900028,0,0,0
117900029,1,101,-100
117900030,3,16,-13
117900031,0,0,0
117900032,19,9,10
117900033,3,80,-77
117900034,0,0,0
117900035,10,0,10
117900036,5,63,-58
117900037,0,0,0
117900038,3,55,-52
117900039,0,32,-32
117900040,19,70,-51
117900041,0,15,-15
117900042,22,12,10
117900043,2,21,-19
117900044,0,34,-34
117900045,0,0,0
117900048,21,64,-43
117900049,2,41,-39
117900050,0,0,0
117900051,0,0,0
117900052,0,0,0
117900053,50,132,-82
117900054,0,0,0
117900055,0,0,0
117900056,0,0,0
117900057,31,207,-176
117900058,0,0,0
117900059,0,0,0
117900060,25,635,-610
117900061,0,0,0
117900063,1,26,-25
117900065,50,91,-41
117900066,0,0,0
117900067,2,26,-24
117900069,6,39,-33
117900070,0,0,0
117900071,0,0,0
117900073,9,49,-40
117900074,0,0,0
117900075,0,0,0
117900076,0,19,-19
117900077,0,0,0
117900078,19,48,-29
117900080,0,0,0
117900081,48,41,7
117900082,16,24,-8
117900083,5,88,-83
117900086,0,0,0
117900087,0,0,0
117900088,165,93,72
117900089,57,12,45
117900090,3,121,-118
117900091,30,10,20
117900092,0,0,0
117900093,0,0,0
117900094,0,0,0
117900095,7,72,-65
117900096,0,0,0
117900097,0,0,0
117900098,0,0,0
117900099,3,59,-56
117900100,0,0,0
117900101,43,57,-14
117900102,0,0,0
117900103,0,0,0
117900104,0,13,-13
117900105,3,20,-17
117900106,0,0,0
117900107,0,0,0
117900109,12,36,-24
117900110,0,0,0
117900111,0,0,0
117900112,0,0,0
117900113,0,7,-7
117900114,0,0,0
117900115,5,3,2
117900116,39,52,-13
117900117,20,43,-23
117900118,0,0,0
117900119,0,69,-69
117900120,0,15,-15
117900121,0,4,-4
117900122,28,24,4
117900123,23,71,-48
117900124,27,63,-36
117900125,161,118,43
117900126,38,57,-19
117900127,2,68,-66
117900128,4,84,-80
117900129,0,0,0
117900130,0,23,-23
117900131,1,20,-19
117900132,1,16,-15
117900133,0,33,-33
117900134,1,37,-36
117900135,1,60,-59
117900136,0,11,-11
117900137,0,66,-66
117900138,0,5,-5
117900139,3,7,-4
117900140,1,1,0
117900141,10,24,-14
117900142,0,0,0
117900144,0,0,0
117900145,0,0,0
117900146,0,0,0
117900147,0,0,0
117900148,107,114,-7
117900149,0,15,-15
117900150,1,21,-20
117900151,0,32,-32
117900152,0,3,-3
117900153,0,12,-12
117900154,2,50,-48
117900156,27,39,-12
117900157,0,11,-11
117900158,0,0,0
117900160,37,31,6
117900161,262,238,24
117900162,1,23,-22
117900163,0,1,-1
117900165,0,0,0
117900166,0,3,-3
117900168,2,32,-30
117900169,0,23,-23
117900170,0,3,-3
117900171,0,4,-4
117900172,3,10,-7
117900173,29,9,20
117900174,1,2,-1
117900175,0,0,0
117900176,0,0,0
117900177,0,0,0
117900178,0,0,0
117900180,0,0,0
117900181,0,0,0
117900182,0,0,0
117900183,0,0,0
117900184,0,0,0
117900185,0,0,0
117900186,0,0,0
117900187,0,0,0
117900188,0,0,0
117900189,0,0,0
117900190,0,0,0
117900191,0,0,0
117900192,0,0,0
117900193,0,12,-12
117900194,0,0,0
117900195,0,0,0
117900196,0,0,0
117900207,0,0,0
117900208,0,1,-1
117900209,0,3,-3
117900210,0,0,0
117900211,0,0,0
117900212,6,8,-2
117900213,0,0,0
117900214,0,0,0
117900215,0,0,0
117900216,0,0,0
117900217,2,20,-18
117900218,0,0,0
117900219,0,9,-9
117900220,0,0,0
117900222,19,61,-42
117900223,0,3,-3
118000001,96,96,0
118000002,227,433,-206
118000003,136,222,-86
118000004,439,334,105
118000005,938,613,325
118000006,2036,1141,895
118000007,820,346,474
118000008,698,575,123
118000009,418,641,-223
118000010,435,793,-358
118000011,126,541,-415
118000012,152,501,-349
118000013,632,579,53
118000014,181,703,-522
118000016,42,122,-80
118000017,0,0,0
118000018,50,142,-92
118000019,961,210,751
118000020,472,329,143
118000021,233,516,-283
118000022,203,37,166
118000023,83,150,-67
118000024,160,177,-17
118000027,3371,535,2836
118000029,124,33,91
118000032,52,80,-28
118000033,205,141,64
118000034,1133,391,742
118000035,99,528,-429
118000036,59,271,-212
118000037,139,289,-150
118000038,0,0,0
118000039,19,34,-15
118000040,88,540,-452
118000041,271,379,-108
118000045,11,0,11
118000046,113,27,86
118000047,92,55,37
118000048,210,167,43
118000051,53,21,32
118000052,90,38,52
118000053,26,13,13
118000054,547,80,467
118000055,400,49,351
118000056,20,3,17
118000057,21,14,7
118000058,92,34,58
118000059,51,34,17
118000060,15,52,-37
118000061,41,59,-18
118000062,25,7,18
118000063,7,7,0
118000064,30,46,-16
118000065,308,74,234
118000066,39,24,15
118000067,208,165,43
118000068,159,283,-124
118000069,260,80,180
118000070,870,87,783
118000071,554,346,208
118000072,233,143,90
118000073,118,35,83
118000074,9,10,-1
118000075,106,59,47
118000076,174,181,-7
118000077,343,238,105
118000078,110,112,-2
118000079,57,125,-68
118000080,363,243,120
118000081,83,78,5
118000082,8,18,-10
118000083,73,42,31
118000084,260,125,135
118000086,26,89,-63
118000087,2274,545,1729
118000088,153,172,-19
118000089,904,1239,-335
118000090,1551,439,1112
118000091,993,659,334
118000092,201,24,177
118000093,14,50,-36
118000096,19,33,-14
118000097,29,54,-25
118000098,8,1,7
118000099,68,175,-107
118000101,111,95,16
118000102,16,184,-168
118000107,845,109,736
118000108,5,42,-37
118000110,0,8,-8
118000111,0,326,-326
118000112,0,0,0
118000113,6,507,-501
118000114,0,0,0
118000115,0,0,0
118000116,0,0,0
118000117,260,253,7
118000118,22,27,-5
118000119,35,49,-14
118000120,428,600,-172
118000121,0,59,-59
118000122,97,11,86
118000123,4,66,-62
118000125,268,298,-30
118000126,16,51,-35
118000127,23,24,-1
118000128,166,427,-261
118000129,83,66,17
118000130,932,1450,-518
118000131,131,449,-318
118000132,75,59,16
118000133,33,70,-37
118000135,0,0,0
118000136,6,66,-60
118000137,82,20,62
118000138,5,53,-48
118000139,7,23,-16
118000140,675,421,254
118000141,162,175,-13
118000142,278,591,-313
118000143,13,45,-32
118000144,50,71,-21
118000145,433,852,-419
118000146,218,309,-91
118000147,203,504,-301
118000148,50,264,-214
118000149,50,194,-144
118000150,5,0,5
118000151,9,7,2
118000153,18,87,-69
118000154,13,140,-127
118000155,41,56,-15
118000156,432,461,-29
118000157,22,17,5
118000158,9,82,-73
118000159,0,0,0
118000160,0,0,0
118000161,22,261,-239
118000162,26,83,-57
118000163,7,44,-37
118000164,134,83,51
118000168,11,30,-19
118000169,351,731,-380
118000170,419,754,-335
118000171,0,0,0
118000172,0,0,0
118000173,93,193,-100
118000175,40,22,18
118000176,19,41,-22
118000177,3,12,-9
118000178,5,8,-3
118000179,0,0,0
118000180,0,0,0
118000181,251,179,72
118000182,64,97,-33
118000183,66,78,-12
118000184,0,0,0
118000185,523,224,299
118000186,259,309,-50
118000187,115,203,-88
118000188,13,60,-47
118000189,12,133,-121
118000190,0,1,-1
118000191,1,7,-6
118000192,8,51,-43
118000193,8,51,-43
118000194,368,78,290
118000195,0,4,-4
118000196,0,0,0
118000197,43,16,27
118000198,11,6,5
118000199,243,92,151
118000200,0,0,0
118000201,20,5,15
118000202,0,0,0
118000203,76,27,49
118000204,76,52,24
118000205,32,19,13
118000206,7,1,6
118000207,0,17,-17
118000208,72,123,-51
118000209,218,466,-248
118000210,0,0,0
118000211,0,0,0
118000213,3,11,-8
118000214,196,54,142
118000215,60,136,-76
118000216,0,0,0
118000217,1,11,-10
118000218,1,6,-5
118000219,8,17,-9
118000220,0,0,0
118000221,4,26,-22
118000222,52,8,44
118000223,0,0,0
118000224,3,5,-2
118000225,1,325,-324
118000226,0,0,0
118000227,102,43,59
118000228,83,50,33
118000229,0,0,0
118000230,4,30,-26
118000231,1,13,-12
118000232,58,232,-174
118000233,22,31,-9
118000234,8,21,-13
118000236,18,71,-53
118000237,0,0,0
118000238,6,71,-65
118000239,0,8,-8
118000240,77,15,62
118000241,0,36,-36
118000242,24,162,-138
118000243,7,26,-19
118000244,0,36,-36
118000246,0,2,-2
118000255,0,14,-14
118000256,0,17,-17
118000259,0,9,-9
118000260,0,0,0
118000261,0,11,-11
118000263,1,24,-23
118000266,11,43,-32
118000267,0,53,-53
118000268,0,0,0
118000270,0,0,0
118000271,3,32,-29
118000272,0,0,0
118000273,5,33,-28
118000274,20,89,-69
118000276,4,20,-16
118000295,1,16,-15
118000298,25,190,-165
118000299,20,94,-74
118000301,0,20,-20
118000302,1,6,-5
118000311,8,35,-27
118000312,4,50,-46
118000313,2,26,-24
118000314,0,13,-13
118000315,0,15,-15
118000316,7,55,-48
118000325,0,12,-12
118000326,0,0,0
118000331,1,2,-1
118000332,0,4,-4
118000333,0,12,-12
118000335,0,0,0
118000336,2,156,-154
118000407,0,0,0
118000457,6,13,-7
118000465,649,427,222
118000480,0,21,-21
118000489,0,0,0
118000490,31,160,-129
118000492,14,13,1
118000510,6,13,-7
118000514,10,145,-135
118000515,5,37,-32
118000517,86,42,44
118000524,822,180,642
118000525,297,391,-94
118000530,0,0,0
118000531,0,0,0
118000532,52,108,-56
118000533,81,144,-63
118000534,45,165,-120
118000535,0,7,-7
118000536,45,67,-22
118000537,5,41,-36
118000538,2,34,-32
118000539,0,0,0
118000540,23,121,-98
118000541,12,56,-44
118000542,0,0,0
118000543,0,0,0
118000546,4,29,-25
118000560,456,62,394
118000562,0,0,0
118000563,190,99,91
118000576,9,31,-22
118000577,26,9,17
118000578,18,4,14
118000579,82,155,-73
118000595,0,0,0
118000596,0,22,-22
118000597,3,18,-15
118000598,0,0,0
118000599,0,0,0
118000600,0,29,-29
118000601,0,0,0
118000602,0,12,-12
118000603,0,61,-61
118900001,0,0,0
118900002,6,24,-18
118900003,0,0,0
118900004,0,0,0
118900005,0,0,0
118900006,0,0,0
118900007,0,0,0
118900008,0,0,0
118900009,0,0,0
118900010,0,0,0
118900011,1,0,1
118900012,2,3,-1
118900013,0,0,0
118900015,6,0,6
118900016,0,1,-1
118900017,0,0,0
118900018,0,0,0
118900019,8,1,7
118900020,0,0,0
118900021,0,0,0
118900022,7,6,1
118900023,0,0,0
118900024,0,0,0
118900025,0,0,0
118900026,4,7,-3
118900027,0,0,0
118900028,0,0,0
118900029,0,0,0
118900030,0,0,0
118900031,6,9,-3
118900032,0,0,0
118900033,0,0,0
118900034,0,0,0
118900035,12,22,-10
118900036,16,64,-48
118900037,0,0,0
118900038,4,69,-65
118900039,0,0,0
118900040,11,11,0
118900041,0,0,0
118900042,3,8,-5
118900045,7,15,-8
118900046,66,4,62
118900047,58,7,51
118900048,0,0,0
118900049,0,0,0
118900050,0,23,-23
118900051,0,0,0
118900052,0,0,0
118900053,0,0,0
118900054,0,3,-3
118900055,2,15,-13
118900056,0,0,0
118900057,3,32,-29
118900058,0,0,0
118900059,0,0,0
118900060,2,10,-8
118900062,0,0,0
118900064,0,0,0
118900065,0,0,0
118900066,0,0,0
118900067,36,0,36
118900068,0,0,0
118900069,5,36,-31
118900071,0,0,0
118900072,0,0,0
118900073,4,10,-6
118900074,0,0,0
118900075,0,0,0
118900076,0,0,0
118900077,0,15,-15
118900078,0,1,-1
118900079,0,0,0
118900080,0,0,0
118900081,0,0,0
118900082,2,12,-10
118900083,0,0,0
118900084,0,0,0
118900085,12,87,-75
118900086,0,0,0
118900087,2,12,-10
118900088,0,3,-3
118900089,0,0,0
118900090,15,36,-21
118900091,0,0,0
118900092,1,28,-27
118900093,0,0,0
118900096,0,0,0
118900097,10,112,-102
118900099,0,50,-50
118900100,0,0,0
118900101,2,102,-100
118900102,4,14,-10
118900103,3,14,-11
118900104,6,30,-24
118900105,48,27,21
118900107,11,2,9
118900108,3,8,-5
118900110,0,0,0
118900111,0,0,0
118900112,0,0,0
118900113,0,0,0
118900114,0,0,0
118900115,0,0,0
118900116,5,44,-39
118900117,3,40,-37
118900118,6,106,-100
118900119,4,68,-64
118900120,6,43,-37
118900121,0,0,0
118900122,0,30,-30
118900123,17,62,-45
118900124,0,0,0
118900126,0,33,-33
118900129,4,23,-19
118900130,0,0,0
118900131,3,69,-66
118900132,2,15,-13
118900133,0,0,0
118900135,4,29,-25
118900136,18,182,-164
118900137,0,0,0
118900139,0,0,0
118900140,21,150,-129
118900141,0,0,0
118900144,4,229,-225
118900145,0,0,0
118900146,7,124,-117
118900147,0,0,0
118900148,0,0,0
118900150,0,0,0
118900152,25,99,-74
118900157,0,0,0
118900158,0,0,0
118900159,0,0,0
118900161,0,0,0
118900163,0,0,0
118900164,0,0,0
118900165,1,31,-30
118900166,12,1,11
118900167,3,19,-16
118900168,0,15,-15
118900169,12,41,-29
118900170,2,20,-18
118900171,0,7,-7
118900174,9,14,-5
118900175,2,23,-21
118900176,2,16,-14
118900177,2,3,-1
118900178,9,3,6
118900179,0,8,-8
118900181,5,9,-4
118900182,3,3,0
118900183,0,7,-7
118900184,6,2,4
118900185,2,8,-6
118900186,15,45,-30
118900187,0,0,0
118900188,0,0,0
118900189,1,16,-15
118900190,0,0,0
118900191,0,0,0
118900192,0,0,0
118900193,0,0,0
118900195,0,0,0
118900196,3,33,-30
118900197,0,0,0
118900198,1,6,-5
118900199,1,11,-10
118900200,0,0,0
118900201,0,1,-1
118900202,5,19,-14
118900203,0,11,-11
118900204,0,10,-10
118900205,0,2,-2
118900206,0,20,-20
119000001,87,88,-1
119000002,188,382,-194
119000003,104,424,-320
119000004,158,228,-70
119000005,139,248,-109
119000006,137,197,-60
119000007,194,331,-137
119000008,326,993,-667
119000009,512,584,-72
119000010,2259,1532,727
119000011,1262,540,722
119000012,1643,969,674
119000013,630,386,244
119000014,444,1017,-573
119000019,11,39,-28
119000020,139,239,-100
119000021,271,261,10
119000022,100,142,-42
119000023,0,0,0
119000024,257,400,-143
119000025,2849,273,2576
119000026,0,2,-2
119000027,65,79,-14
119000028,270,314,-44
119000029,0,1,-1
119000030,85,261,-176
119000031,124,194,-70
119000032,242,292,-50
119000033,525,433,92
119000034,231,262,-31
119000035,8,202,-194
119000036,138,361,-223
119000037,102,627,-525
119000038,36,312,-276
119000039,29,66,-37
119000040,410,79,331
119000041,579,160,419
119000048,1521,708,813
119000049,133,702,-569
119000050,121,150,-29
119000051,145,75,70
119000052,105,153,-48
119000053,132,98,34
119000054,171,799,-628
119000055,290,581,-291
119000056,189,406,-217
119000057,74,541,-467
119000058,137,530,-393
119000059,32,41,-9
119000060,121,211,-90
119000061,29,23,6
119000062,169,295,-126
119000063,46,59,-13
119000064,63,87,-24
119000065,29,216,-187
119000066,133,167,-34
119000067,69,147,-78
119000068,177,282,-105
119000069,23,151,-128
119000070,251,300,-49
119000071,1,2,-1
119000072,740,408,332
119000073,502,775,-273
119000074,57,553,-496
119000075,126,1155,-1029
119000076,1,3,-2
119000077,2,0,2
119000078,1,0,1
119000079,0,0,0
119000080,0,2,-2
119000081,0,0,0
119000082,0,3,-3
119000083,2,2,0
119000084,0,0,0
119000085,0,0,0
119000086,1,2,-1
119000087,34,42,-8
119000088,3,2,1
119000089,0,2,-2
119000090,0,0,0
119000091,3,4,-1
119000092,0,0,0
119000093,713,614,99
119000094,326,901,-575
119000095,120,561,-441
119000097,665,267,398
119000098,98,253,-155
119000099,252,501,-249
119000100,425,448,-23
119000101,580,795,-215
119000102,20,36,-16
119000103,71,5,66
119000104,826,857,-31
119000105,0,1,-1
119000106,36,796,-760
119000107,1,0,1
119000108,66,753,-687
119000109,0,1,-1
119000110,19,122,-103
119000111,1,12,-11
119000112,22,23,-1
119000113,191,15,176
119000114,1,12,-11
119000115,47,27,20
119000116,0,0,0
119000117,5,16,-11
119000118,0,1,-1
119000123,63,20,43
119000124,0,0,0
119000125,0,0,0
119000126,1,4,-3
119000127,110,446,-336
119000128,21,9,12
119000131,124,599,-475
119000132,3,0,3
119000133,0,0,0
119000134,0,0,0
119000135,0,0,0
119000136,3,72,-69
119000137,0,0,0
119000138,10,94,-84
119000139,0,0,0
119000140,5,35,-30
119000284,559,1301,-742
119000285,1036,1183,-147
119000286,1472,1265,207
119000287,206,684,-478
119000288,223,544,-321
119000289,326,1077,-751
119000290,7,26,-19
119000291,11,136,-125
119000293,54,71,-17
119000294,0,0,0
119000295,558,101,457
119000296,1,0,1
119000302,1000,165,835
119000303,0,0,0
119000314,351,515,-164
119000315,0,0,0
119000316,1,20,-19
119000317,0,0,0
119900001,7,36,-29
119900002,0,0,0
119900003,1,97,-96
119900004,0,3,-3
119900005,0,0,0
119900006,5,44,-39
119900007,0,0,0
119900008,0,0,0
119900009,1,44,-43
119900010,3,76,-73
119900011,0,1,-1
119900012,0,3,-3
119900013,102,83,19
119900014,6,24,-18
119900015,0,0,0
119900016,0,0,0
119900017,0,0,0
119900018,0,0,0
119900019,0,0,0
119900020,0,0,0
119900021,1,1,0
119900022,0,0,0
119900023,0,0,0
119900025,0,0,0
119900026,0,0,0
119900027,0,0,0
119900028,0,0,0
119900029,0,0,0
119900030,1,7,-6
119900031,0,0,0
119900033,129,3,126
119900034,0,0,0
119900037,0,0,0
119900038,0,0,0
119900039,0,0,0
119900040,0,0,0
119900041,0,0,0
119900042,0,0,0
119900043,0,0,0
119900044,0,0,0
119900046,0,0,0
119900047,0,0,0
119900048,0,3,-3
119900049,0,0,0
119900050,0,0,0
119900051,0,0,0
119900052,0,0,0
119900053,0,0,0
119900054,0,0,0
119900055,10,35,-25
119900057,0,0,0
119900058,0,0,0
119900059,0,0,0
119900060,0,0,0
119900062,0,0,0
119900063,0,2,-2
119900064,0,0,0
119900065,0,0,0
119900066,0,0,0
119900067,0,0,0
119900068,0,0,0
119900069,0,0,0
119900070,0,0,0
119900071,0,0,0
119900073,0,16,-16
119900074,0,0,0
119900075,480,124,356
119900076,0,53,-53
119900077,1,150,-149
119900078,0,0,0
119900079,0,0,0
119900080,0,200,-200
119900081,0,15,-15
119900082,0,6,-6
119900083,0,0,0
119900084,4,12,-8
119900085,20,3,17
119900087,1,3,-2
119900088,6,8,-2
119900089,2,185,-183
119900090,18,5,13
119900091,1,257,-256
119900092,3,135,-132
119900093,42,5,37
119900094,6,56,-50
119900095,0,3,-3
119900096,0,6,-6
119900097,51,22,29
119900098,0,1,-1
119900099,1,45,-44
119900100,582,195,387
119900101,33,162,-129
119900102,0,41,-41
119900103,5,93,-88
119900104,0,32,-32
119900105,43,335,-292
119900106,2,27,-25
119900107,34,262,-228
119900108,303,195,108
119900109,4,5,-1
119900110,19,150,-131
119900111,0,0,0
119900112,187,14,173
119900113,0,0,0
119900114,5,394,-389
119900115,0,0,0
119900116,0,18,-18
119900117,17,154,-137
119900118,0,0,0
119900119,0,27,-27
119900120,83,73,10
119900121,1,73,-72
119900122,0,0,0
119900123,3,10,-7
119900124,1,90,-89
119900125,0,0,0
119900126,635,10,625
119900127,0,0,0
119900128,1,43,-42
119900129,1,38,-37
119900130,0,0,0
119900131,5,15,-10
119900132,0,0,0
119900133,0,1,-1
119900134,106,8,98
119900135,0,0,0
119900136,0,0,0
119900138,0,0,0
119900139,0,2,-2
119900140,0,1,-1
119900141,0,0,0
119900142,0,0,0
119900143,1,6,-5
119900144,0,0,0
119900145,2,24,-22
119900146,1,9,-8
119900147,0,0,0
119900148,0,0,0
119900149,1,14,-13
119900150,13,17,-4
119900151,54,14,40
119900152,0,0,0
119900153,0,0,0
119900154,0,73,-73
119900155,0,9,-9
119900156,0,0,0
119900157,0,0,0
119900158,0,0,0
119900159,1,338,-337
119900160,0,10,-10
119900161,0,0,0
119900162,0,0,0
119900163,5,1,4
119900164,0,1,-1
119900165,0,0,0
119900166,0,0,0
119900167,0,2,-2
119900168,0,0,0
119900169,7,22,-15
119900170,3,4,-1
119900171,13,36,-23
119900172,0,0,0
119900173,0,90,-90
119900174,0,5,-5
119900175,0,0,0
119900177,4,52,-48
119900178,0,0,0
119900179,0,0,0
119900180,0,0,0
119900181,0,0,0
119900182,0,40,-40
119900183,3,116,-113
119900184,8,2,6
119900185,0,0,0
119900186,0,0,0
119900187,0,68,-68
119900188,1,10,-9
119900189,7,3,4
119900190,0,0,0
119900191,0,0,0
119900192,0,16,-16
119900193,0,0,0
119900194,0,0,0
119900195,0,29,-29
119900196,0,0,0
119900197,0,0,0
119900198,6,76,-70
119900199,0,0,0
119900200,0,0,0
119900201,22,16,6
119900202,0,0,0
119900203,0,0,0
119900204,0,0,0
119900205,0,0,0
119900206,0,0,0
119900208,0,0,0
119900209,1,18,-17
119900210,0,0,0
119900211,0,0,0
119900212,0,23,-23
119900213,0,5,-5
119900214,0,14,-14
119900215,2,18,-16
119900216,1,23,-22
119900217,0,10,-10
119900218,1,16,-15
119900219,0,10,-10
119900220,0,1,-1
119900221,0,0,0
119900222,0,0,0
119900223,0,0,0
119900224,0,0,0
119900225,0,0,0
119900226,0,0,0
119900227,288,23,265
119900228,0,15,-15
119900229,0,0,0
119900230,21,13,8
119900231,0,0,0
119900232,0,0,0
119900233,0,0,0
119900234,0,0,0
119900235,0,2,-2
119900236,0,0,0
119900237,0,0,0
119900238,0,28,-28
119900240,2,19,-17
119900241,3,59,-56
119900242,0,15,-15
119900244,0,0,0
119900245,0,9,-9
119900246,0,0,0
119900247,0,0,0
119900248,0,0,0
119900249,0,1,-1
119900253,0,0,0
119900254,0,0,0
119900255,8,171,-163
119900256,0,93,-93
119900257,0,0,0
119900258,0,0,0
119900259,0,14,-14
119900260,0,0,0
119900261,0,0,0
119900262,0,63,-63
119900263,44,72,-28
119900264,0,0,0
119900265,0,0,0
119900266,0,0,0
119900267,3,34,-31
119900268,1,19,-18
119900269,3,114,-111
119900271,0,0,0
119900272,0,0,0
119900275,0,0,0
119900276,0,0,0
119900277,0,0,0
119900278,12,0,12
119900279,1,3,-2
119900280,81,31,50
119900281,0,18,-18
119900282,1,1,0
119900283,0,0,0
119900284,1,60,-59
119900285,0,0,0
119900286,0,2,-2
119900288,1,19,-18
119900289,0,17,-17
119900290,0,9,-9
119900291,0,4,-4
119900292,0,1,-1
119900293,0,0,0
119900294,1,0,1
119900295,0,0,0
119900296,0,1,-1
119900299,0,0,0
119900300,0,0,0
119900301,0,0,0
119900302,1,2,-1
119900303,0,16,-16
119900304,0,1,-1
119900305,0,0,0
119900306,0,0,0
119900307,0,0,0
119900308,0,0,0
119900309,0,0,0
119900310,11,18,-7
119900311,0,0,0
119900312,8,9,-1
119900313,0,10,-10
119900314,0,0,0
119900315,1,241,-240
119900318,0,0,0
119900319,0,55,-55
119900320,0,128,-128
119900321,0,0,0
119900322,24,9,15
119900323,2,43,-41
119900324,0,12,-12
119900325,0,117,-117
119900326,17,10,7
120000001,1288,503,785
120000002,345,837,-492
120000003,582,590,-8
120000004,644,818,-174
120000005,2585,1014,1571
120000006,289,401,-112
120000007,848,916,-68
120000008,273,637,-364
120000009,1795,400,1395
120000010,250,1424,-1174
120000011,152,940,-788
120000012,546,1541,-995
120000013,356,1110,-754
120000014,75,603,-528
120000015,411,733,-322
120000016,331,80,251
120000017,64,79,-15
120000018,422,410,12
120000019,126,131,-5
120000020,341,352,-11
120000021,352,358,-6
120000022,1479,521,958
120000023,173,269,-96
120000024,245,411,-166
120000025,214,563,-349
120000026,66,542,-476
120000027,329,605,-276
120000028,85,405,-320
120000029,309,152,157
120000030,4,57,-53
120000031,286,295,-9
120000032,2686,374,2312
120000033,181,357,-176
120000034,73,657,-584
120000035,121,248,-127
120000036,138,385,-247
120000037,12,32,-20
120000038,1907,288,1619
120000039,38,154,-116
120000040,5,35,-30
120000041,32,290,-258
120000042,63,980,-917
120000043,208,443,-235
120000044,282,184,98
120000045,286,182,104
120000046,163,220,-57
120000047,255,373,-118
120000048,2095,346,1749
120000049,347,628,-281
120000050,310,800,-490
120000051,1150,1075,75
120000052,4942,274,4668
120000053,69,884,-815
120000054,150,2076,-1926
120000055,185,1378,-1193
120000056,144,1392,-1248
120000057,81,433,-352
120000058,12,43,-31
120000059,5,32,-27
120000061,36,394,-358
120000062,39,90,-51
120000063,586,1443,-857
120000064,57,710,-653
120000065,47,632,-585
120000066,13,125,-112
120000067,7,169,-162
120000068,25,495,-470
120000069,88,675,-587
120000070,2,266,-264
120000071,34,25,9
120000072,82,204,-122
120000073,56,46,10
120000074,12,22,-10
120000075,25,80,-55
120000076,80,136,-56
120000077,88,161,-73
120000078,537,187,350
120000079,0,0,0
120000080,0,0,0
120000081,0,0,0
120000082,0,0,0
120000083,0,0,0
120000084,67,69,-2
120000085,41,64,-23
120000086,25,128,-103
120000087,4,358,-354
120000088,33,127,-94
120000089,0,0,0
120000090,0,0,0
120000091,0,0,0
120000092,0,0,0
120000093,0,0,0
120000094,0,0,0
120000095,61,89,-28
120000096,5,216,-211
120000098,64,177,-113
120000099,17,117,-100
120000100,78,139,-61
120000101,38,91,-53
120000102,19,51,-32
120000103,48,43,5
120000104,81,19,62
120000105,101,24,77
120000106,70,21,49
120000107,76,33,43
120000108,31,11,20
120000109,77,4,73
120000110,26,419,-393
120000111,23,651,-628
120000112,137,1736,-1599
120000113,124,1120,-996
120000114,81,891,-810
120000115,65,884,-819
120000116,102,916,-814
120000117,446,677,-231
120000118,0,0,0
120000119,0,0,0
120000120,0,0,0
120000121,0,0,0
120000122,0,0,0
120000123,387,107,280
120000124,20,30,-10
120000125,21,135,-114
120000126,10,74,-64
120000127,62,79,-17
120000128,138,202,-64
120000129,3,4,-1
120000130,0,0,0
120000131,36,70,-34
120000134,0,0,0
120000135,2,61,-59
120000137,0,0,0
120000138,8,65,-57
120000139,0,0,0
120000140,11,73,-62
120000141,0,0,0
120000142,3,39,-36
120000143,0,0,0
120000144,0,0,0
120000145,0,1,-1
120000146,332,103,229
120000149,40,152,-112
120000150,19,82,-63
120000151,0,0,0
120000152,0,0,0
120000153,46,329,-283
120000154,91,267,-176
120000155,0,0,0
120000156,0,0,0
120000157,0,0,0
120000158,122,409,-287
120000159,396,1446,-1050
120000160,464,174,290
120000161,128,722,-594
120000162,10,12,-2
120000163,39,497,-458
120000164,45,235,-190
120000165,22,352,-330
120000166,37,238,-201
120000167,4,3,1
120000168,0,5,-5
120000169,39,33,6
120000170,95,17,78
120000171,34,4,30
120000172,3,1,2
120000173,185,11,174
120000174,35,1,34
120000175,25,1,24
120000176,9,30,-21
120000177,123,234,-111
120000178,1,3,-2
120000179,22,11,11
120000180,86,28,58
120000181,12,25,-13
120000182,11,16,-5
120000183,0,36,-36
120000184,15,1085,-1070
120000186,0,6,-6
120000187,1,6,-5
120000188,0,6,-6
120000190,0,0,0
120000191,0,0,0
120000192,0,0,0
120000193,0,0,0
120000195,0,0,0
120000196,0,0,0
120000197,0,0,0
120000198,0,35,-35
120000199,0,0,0
120000200,0,0,0
120000201,0,0,0
120000202,0,5,-5
120000203,1,69,-68
120000207,0,0,0
120000208,0,0,0
120000209,0,0,0
120000210,0,0,0
120000211,0,0,0
120000212,0,0,0
120000213,0,0,0
120000214,0,0,0
120000215,0,0,0
120000216,0,0,0
120000217,62,186,-124
120000218,36,328,-292
120000219,9,221,-212
120000220,1,727,-726
120000225,0,0,0
120000226,0,0,0
120000227,0,0,0
120000228,1180,203,977
120000230,0,0,0
120000231,0,0,0
120000233,0,0,0
120000235,60,336,-276
120000236,0,1,-1
120000237,1,458,-457
120000238,0,27,-27
120000241,0,0,0
120000412,0,0,0
120000413,0,0,0
120000414,0,0,0
120000415,0,0,0
120000416,0,0,0
120000417,0,0,0
120000418,0,0,0
120000419,0,0,0
120000420,0,0,0
120000421,5684,3053,2631
120000422,78,67,11
120000423,0,7,-7
120000424,1,38,-37
120000436,11,25,-14
120000437,38,55,-17
120000438,1433,82,1351
120000439,12,84,-72
120000443,0,0,0
120000444,15,260,-245
120000445,48,50,-2
120000446,101,16,85
120000447,0,0,0
120000449,0,0,0
120000450,0,0,0
120000451,1,41,-40
120000452,0,6,-6
120000453,0,281,-281
120000454,0,0,0
120000455,5,7,-2
120000456,472,382,90
120000457,263,150,113
120000458,198,273,-75
120000459,0,0,0
120000665,84,6,78
120000668,10,57,-47
120000669,0,0,0
120000670,15,25,-10
120000671,140,91,49
120000672,31,287,-256
120900001,0,0,0
120900002,0,0,0
120900003,0,0,0
120900004,0,2,-2
120900005,0,0,0
120900006,0,0,0
120900007,3,16,-13
120900008,0,30,-30
120900009,0,0,0
120900010,3,1,2
120900011,0,0,0
120900012,26,18,8
120900013,0,0,0
120900014,0,0,0
120900015,0,0,0
120900016,0,1,-1
120900017,259,26,233
120900018,0,2,-2
120900019,2,2,0
120900020,10,8,2
120900021,0,0,0
120900022,0,0,0
120900023,0,0,0
120900024,99,59,40
120900025,1,0,1
120900026,0,0,0
120900027,0,0,0
120900028,0,0,0
120900029,0,0,0
120900030,3,5,-2
120900031,0,0,0
120900032,0,0,0
120900033,0,0,0
120900034,0,0,0
120900035,0,0,0
120900037,2,0,2
120900038,0,0,0
120900039,0,0,0
120900040,0,0,0
120900041,0,0,0
120900042,0,0,0
120900043,0,0,0
120900044,0,0,0
120900045,0,1,-1
120900046,5,0,5
120900047,0,0,0
120900048,0,0,0
120900049,0,0,0
120900050,0,0,0
120900051,0,0,0
120900052,0,0,0
120900053,0,0,0
120900054,0,0,0
120900055,4,0,4
120900056,0,0,0
120900057,0,0,0
120900058,0,0,0
120900059,0,0,0
120900060,0,0,0
120900061,0,0,0
120900062,2,0,2
120900063,0,0,0
120900064,0,0,0
120900065,0,0,0
120900066,0,48,-48
120900067,0,0,0
120900068,0,0,0
120900069,0,0,0
120900071,0,0,0
120900072,0,0,0
120900073,0,0,0
120900074,0,0,0
120900076,0,0,0
120900077,0,3,-3
120900078,2,170,-168
120900079,0,1,-1
120900080,0,218,-218
120900081,0,0,0
120900082,0,38,-38
120900083,0,1,-1
120900084,0,0,0
120900085,0,0,0
120900086,4,2,2
120900087,0,0,0
120900088,0,1,-1
120900089,539,53,486
120900090,0,7,-7
120900091,0,0,0
120900092,19,78,-59
120900093,0,0,0
120900094,54,23,31
120900095,0,0,0
120900096,0,1,-1
120900097,34,165,-131
120900098,0,0,0
120900099,2,15,-13
120900100,0,7,-7
120900101,0,0,0
120900102,0,0,0
120900103,1,2,-1
120900104,0,4,-4
120900105,0,0,0
120900106,225,84,141
120900107,62,25,37
120900108,0,0,0
120900109,5,153,-148
120900110,0,0,0
120900111,4,22,-18
120900112,0,1,-1
120900113,0,177,-177
120900114,0,36,-36
120900115,30,42,-12
120900116,0,39,-39
120900117,0,5,-5
120900118,1,242,-241
120900119,0,0,0
120900120,3,114,-111
120900121,29,58,-29
120900122,0,50,-50
120900123,0,8,-8
120900124,0,194,-194
120900125,0,169,-169
120900126,120,98,22
120900127,0,12,-12
120900128,126,218,-92
120900129,8,88,-80
120900130,0,134,-134
120900131,0,0,0
120900132,0,1,-1
120900133,16,182,-166
120900134,42,103,-61
120900135,0,169,-169
120900136,0,1,-1
120900137,0,1,-1
120900138,1,37,-36
120900139,0,187,-187
120900140,0,3,-3
120900141,0,1,-1
120900142,0,230,-230
120900143,0,224,-224
120900144,0,67,-67
120900145,6,202,-196
120900146,0,205,-205
120900147,0,13,-13
120900148,1,6,-5
120900149,0,116,-116
120900150,3,105,-102
120900151,1,162,-161
120900152,0,3,-3
120900153,0,1,-1
120900154,0,99,-99
120900155,12,276,-264
120900156,0,154,-154
120900157,0,9,-9
120900158,3,130,-127
120900159,0,17,-17
120900160,8,149,-141
120900161,0,76,-76
120900162,0,127,-127
120900163,0,0,0
120900164,0,0,0
120900165,0,0,0
120900166,0,1,-1
120900167,2,11,-9
120900169,3,137,-134
120900170,78,28,50
120900171,134,34,100
120900172,0,0,0
120900173,0,22,-22
120900174,3,38,-35
120900175,0,0,0
120900176,2,5,-3
120900177,0,8,-8
120900178,0,4,-4
120900179,73,48,25
120900180,1,3,-2
120900181,0,0,0
120900182,0,0,0
120900183,0,0,0
120900184,0,0,0
120900185,0,9,-9
120900186,0,147,-147
120900187,2,23,-21
120900188,0,0,0
120900189,0,0,0
120900190,0,0,0
120900191,0,1,-1
120900192,986,40,946
120900194,0,0,0
120900195,4,67,-63
120900196,0,0,0
120900197,0,0,0
120900198,15,116,-101
120900199,4,173,-169
120900200,0,0,0
120900201,45,22,23
120900202,0,44,-44
120900203,0,0,0
120900204,112,148,-36
120900205,0,0,0
120900206,0,0,0
120900207,0,7,-7
121000001,308,585,-277
121000002,376,226,150
121000003,3044,1016,2028
121000004,679,393,286
121000005,963,874,89
121000006,918,427,491
121000007,1368,1521,-153
121000008,1344,568,776
121000009,4268,2090,2178
121000010,3277,894,2383
121000011,8303,2656,5647
121000012,6819,1448,5371
121000013,3476,2514,962
121000014,3396,2024,1372
121000015,1759,2472,-713
121000016,2570,2265,305
121000017,403,918,-515
121000018,788,483,305
121000019,5127,1604,3523
121000020,4515,1606,2909
121000021,729,967,-238
121000022,581,567,14
121000023,1211,1025,186
121000024,740,1327,-587
121000025,135,67,68
121000026,39,13,26
121000027,879,194,685
121000028,149,90,59
121000029,13,99,-86
121000030,56,53,3
121000031,49,147,-98
121000032,46,26,20
121000034,0,0,0
121000035,8,31,-23
121000036,65,117,-52
121000037,111,191,-80
121000038,130,169,-39
121000039,8,44,-36
121000041,23,48,-25
121000042,1,1,0
121000043,45,29,16
121000044,169,104,65
121000045,20,69,-49
121000046,35,75,-40
121000047,2,15,-13
121000049,283,154,129
121000050,98,539,-441
121000051,51,32,19
121000052,38,162,-124
121000053,0,0,0
121000054,17,102,-85
121000055,412,257,155
121000056,234,235,-1
121000057,52,60,-8
121000058,104,63,41
121000059,71,64,7
121000060,106,73,33
121000061,5,30,-25
121000062,32,24,8
121000063,106,268,-162
121000064,47,41,6
121000065,22,58,-36
121000066,36,106,-70
121000067,92,80,12
121000068,0,0,0
121000069,0,0,0
121000070,114,220,-106
121000071,106,248,-142
121000072,198,109,89
121000073,223,270,-47
121000074,29,65,-36
121000075,32,23,9
121000076,32,39,-7
121000077,0,0,0
121000078,13,61,-48
121000080,490,190,300
121000081,353,316,37
121000082,64,126,-62
121000083,0,0,0
121000084,70,64,6
121000085,242,183,59
121000086,0,0,0
121000087,0,0,0
121000088,127,276,-149
121000089,0,0,0
121000090,67,186,-119
121000091,825,653,172
121000092,54,22,32
121000093,19,58,-39
121000094,132,55,77
121000095,0,0,0
121000096,1656,1165,491
121000097,703,591,112
121000098,109,331,-222
121000099,133,318,-185
121000100,61,261,-200
121000101,0,0,0
121000102,25,157,-132
121000103,0,0,0
121000104,16,79,-63
121000105,65,128,-63
121000106,0,0,0
121000107,762,1167,-405
121000109,601,649,-48
121000110,64,89,-25
121000114,935,1176,-241
121000115,341,382,-41
121000116,180,326,-146
121000117,24,4,20
121000118,76,13,63
121000119,12,15,-3
121000120,0,0,0
121000121,0,0,0
121000123,0,0,0
121000126,8,30,-22
121000127,4,11,-7
121000128,62,282,-220
121000129,61,186,-125
121000130,121,271,-150
121000131,262,203,59
121000132,212,160,52
121000135,48,38,10
121000136,142,49,93
121000137,50,4,46
121000138,80,76,4
121000139,129,58,71
121000141,21,36,-15
121000142,155,155,0
121000143,0,0,0
121000144,51,32,19
121000145,38,213,-175
121000146,122,148,-26
121000147,62,94,-32
121000148,58,157,-99
121000149,250,416,-166
121000152,83,68,15
121000153,461,102,359
121000154,192,33,159
121000155,286,190,96
121000156,154,182,-28
121000157,285,112,173
121000158,54,71,-17
121000159,8,138,-130
121000160,16,154,-138
121000161,0,2,-2
121000162,1,1,0
121000165,0,0,0
121000166,13,23,-10
121000168,39,89,-50
121000169,8,126,-118
121000170,65,17,48
121000171,42,84,-42
121000172,123,168,-45
121000173,352,205,147
121000174,44,199,-155
121000175,116,144,-28
121000176,200,91,109
121000177,51,129,-78
121000178,6,17,-11
121000179,6,18,-12
121000181,72,129,-57
121000182,92,33,59
121000183,10,3,7
121000184,2,3,-1
121000185,0,0,0
121000186,22,128,-106
121000187,0,0,0
121000188,0,0,0
121000192,116,66,50
121000193,83,115,-32
121000194,1611,773,838
121000195,73,331,-258
121000196,2,1,1
121000197,39,232,-193
121000198,14,71,-57
121000199,35,404,-369
121000200,59,51,8
121000201,1,58,-57
121000202,15,2,13
121000203,13,220,-207
121000204,56,22,34
121000205,65,315,-250
121000206,18,73,-55
121000207,137,121,16
121000208,0,122,-122
121000209,32,363,-331
121000210,70,294,-224
121000211,23,81,-58
121000212,104,289,-185
121000213,354,264,90
121000214,113,183,-70
121000215,289,267,22
121000216,43,143,-100
121000217,773,239,534
121000218,143,899,-756
121000219,212,109,103
121000220,146,85,61
121000221,46,26,20
121000222,748,1314,-566
121000223,44,183,-139
121000224,0,0,0
121000225,144,158,-14
121000226,89,105,-16
121000227,2,85,-83
121000228,13,705,-692
121000229,2,435,-433
121000230,41,1515,-1474
121000231,0,0,0
121000232,0,0,0
121000233,5,15,-10
121000234,0,0,0
121000235,0,1,-1
121000236,0,0,0
121000237,0,0,0
121000238,0,0,0
121000239,1,1,0
121000240,0,0,0
121000241,7,5,2
121000242,0,0,0
121000243,1,2,-1
121000244,0,1,-1
121000245,0,1,-1
121000246,0,0,0
121000247,2,0,2
121000248,3,7,-4
121000249,5,94,-89
121000250,27,37,-10
121000251,6,276,-270
121000252,7,11,-4
121000253,70,506,-436
121000254,120,52,68
121000255,25,59,-34
121000256,20,21,-1
121000257,17,42,-25
121000258,11,3,8
121000259,9,20,-11
121000260,17,59,-42
121000261,5,11,-6
121000262,386,249,137
121000263,99,186,-87
121000271,119,351,-232
121000273,6,22,-16
121000274,0,2,-2
121000275,1,21,-20
121000276,2,1,1
121000278,0,1,-1
121000279,8,22,-14
121000280,0,1,-1
121000289,2,0,2
121000290,234,202,32
121000294,7,62,-55
121000297,96,110,-14
121000299,8,114,-106
121000300,249,164,85
121000302,49,83,-34
121000303,199,75,124
121000304,0,0,0
121000305,0,0,0
121000306,0,0,0
121000308,61,111,-50
121000309,215,228,-13
121000310,27,189,-162
121000311,21,409,-388
121000312,0,0,0
121000313,227,183,44
121000314,89,41,48
121000315,44,17,27
121000530,108,409,-301
121000531,140,339,-199
121000532,1344,378,966
121000533,796,438,358
121000918,2,66,-64
121000919,0,0,0
121000938,188,23,165
121000939,138,7,131
121000956,118,432,-314
121000957,4,81,-77
121000958,3,162,-159
121000959,69,421,-352
121000960,115,680,-565
121000961,13,2,11
121000962,0,0,0
121000973,1,109,-108
121000976,0,0,0
121000979,0,0,0
121000981,19,1,18
121000982,0,0,0
121000983,31,193,-162
121000984,1,13,-12
121000985,47,171,-124
121000986,2,71,-69
121000987,50,815,-765
121000988,111,18,93
121001302,134,67,67
121001308,3,7,-4
121001309,4,4,0
121001313,12,159,-147
121001314,3942,2095,1847
121001315,1566,1045,521
121900001,0,0,0
121900002,1,4,-3
121900003,0,0,0
121900004,0,0,0
121900005,0,0,0
121900006,0,0,0
121900007,0,0,0
121900008,0,0,0
121900009,0,0,0
121900010,0,0,0
121900011,0,0,0
121900012,0,0,0
121900013,0,0,0
121900014,0,0,0
121900015,0,0,0
121900016,0,0,0
121900017,0,0,0
121900018,0,0,0
121900019,0,0,0
121900020,0,0,0
121900021,0,0,0
121900022,0,0,0
121900023,0,0,0
121900024,0,0,0
121900025,0,0,0
121900026,0,0,0
121900027,0,0,0
121900028,0,0,0
121900029,0,0,0
121900030,0,0,0
121900031,0,0,0
121900032,0,0,0
121900033,0,0,0
121900034,0,0,0
121900035,0,0,0
121900036,0,0,0
121900037,0,0,0
121900038,0,0,0
121900039,0,0,0
121900040,0,0,0
121900041,0,0,0
121900042,0,0,0
121900043,0,0,0
121900044,0,0,0
121900046,0,0,0
121900047,0,0,0
121900048,0,0,0
121900050,0,0,0
121900051,0,0,0
121900052,0,0,0
121900053,19,39,-20
121900054,0,0,0
121900055,0,0,0
121900058,0,0,0
121900059,0,0,0
121900060,0,0,0
121900061,0,0,0
121900062,0,0,0
121900063,0,0,0
121900064,0,0,0
121900066,0,0,0
121900067,0,0,0
121900069,0,0,0
121900070,0,0,0
121900071,0,0,0
121900072,0,0,0
121900073,0,0,0
121900074,0,0,0
121900075,0,0,0
121900076,0,0,0
121900077,0,0,0
121900078,0,0,0
121900079,0,0,0
121900080,0,0,0
121900082,0,0,0
121900084,0,0,0
121900085,0,0,0
121900086,0,0,0
121900087,0,0,0
121900088,0,0,0
121900089,0,0,0
121900090,0,0,0
121900091,0,0,0
121900092,0,0,0
121900093,0,0,0
121900094,0,0,0
121900095,0,0,0
121900096,0,0,0
121900097,0,0,0
121900098,0,0,0
121900099,0,0,0
121900100,0,0,0
121900101,0,0,0
121900102,0,0,0
121900103,0,0,0
121900104,0,0,0
121900105,0,0,0
121900106,0,0,0
121900107,0,0,0
121900108,0,0,0
121900109,0,0,0
121900110,0,0,0
121900111,0,0,0
121900112,0,0,0
121900113,0,0,0
121900114,0,0,0
121900117,0,0,0
121900118,0,0,0
121900119,0,0,0
121900120,0,0,0
121900121,0,0,0
121900122,0,0,0
121900123,0,0,0
121900124,0,0,0
121900125,2,1,1
121900127,0,0,0
121900128,0,0,0
121900129,0,0,0
121900130,0,0,0
121900131,0,0,0
121900132,0,0,0
121900133,0,0,0
121900134,0,0,0
121900135,0,0,0
121900136,0,0,0
121900137,0,0,0
121900138,0,0,0
121900139,0,0,0
121900140,0,0,0
121900141,0,0,0
121900142,0,0,0
121900143,0,0,0
121900144,1,1,0
121900145,0,0,0
121900146,0,0,0
121900147,2,4,-2
121900148,0,0,0
121900149,0,0,0
121900150,0,1,-1
121900151,0,0,0
121900152,0,0,0
121900153,0,0,0
121900154,0,0,0
121900155,0,1,-1
121900156,1,0,1
121900157,0,0,0
121900158,0,0,0
121900159,0,0,0
121900160,0,0,0
121900161,0,0,0
121900162,5,5,0
121900163,0,0,0
121900164,0,0,0
121900165,0,0,0
121900166,0,0,0
121900167,0,0,0
121900168,0,0,0
121900169,2,52,-50
121900170,0,0,0
121900171,0,0,0
121900172,0,0,0
121900173,0,0,0
121900174,0,0,0
121900175,0,0,0
121900176,13,148,-135
121900177,1,1,0
121900178,0,0,0
121900179,0,0,0
121900180,14,2,12
121900182,0,0,0
121900183,0,0,0
121900184,0,0,0
121900186,0,0,0
121900187,0,3,-3
121900188,0,0,0
121900189,0,0,0
121900190,0,0,0
121900191,0,0,0
121900192,0,0,0
121900193,0,0,0
121900194,0,0,0
121900195,0,0,0
121900196,0,0,0
121900197,7,75,-68
121900198,0,0,0
121900199,0,0,0
121900200,0,0,0
121900201,0,0,0
121900202,0,3,-3
121900203,0,0,0
121900204,0,0,0
121900205,0,0,0
121900206,0,0,0
121900207,0,0,0
121900208,0,0,0
121900209,0,0,0
121900210,0,0,0
121900211,0,0,0
121900212,0,0,0
121900213,0,0,0
121900214,0,0,0
121900215,0,0,0
121900216,0,0,0
121900217,0,0,0
121900218,0,0,0
121900220,0,0,0
121900221,0,0,0
121900222,0,0,0
121900223,0,0,0
121900224,0,0,0
121900225,0,0,0
121900226,0,0,0
121900227,0,0,0
121900228,0,0,0
121900230,0,0,0
121900231,0,0,0
121900232,0,0,0
121900233,2,0,2
121900234,0,0,0
121900235,0,0,0
121900236,0,0,0
121900237,0,0,0
121900238,0,0,0
121900239,0,0,0
121900240,0,0,0
121900241,0,0,0
121900242,0,0,0
121900243,0,0,0
121900244,0,0,0
121900245,0,0,0
121900246,0,0,0
121900247,0,0,0
121900248,0,0,0
121900250,0,0,0
121900251,0,0,0
121900252,0,0,0
121900253,0,0,0
121900254,0,0,0
121900255,0,0,0
121900258,0,0,0
121900259,0,0,0
121900260,0,0,0
121900261,0,0,0
121900262,0,0,0
121900263,0,0,0
121900264,0,0,0
121900265,0,0,0
121900266,0,0,0
121900267,0,0,0
121900269,0,0,0
121900270,0,0,0
121900271,0,0,0
121900273,0,0,0
121900274,0,0,0
121900277,0,0,0
121900278,0,0,0
121900279,0,0,0
121900280,0,0,0
121900281,0,0,0
121900284,0,0,0
121900286,1,26,-25
121900287,0,2,-2
121900288,0,0,0
121900290,0,0,0
121900291,10,28,-18
121900292,0,0,0
121900293,22,289,-267
121900294,0,0,0
121900295,0,0,0
121900296,0,0,0
121900298,0,0,0
121900299,0,0,0
121900300,0,0,0
121900301,0,0,0
121900302,0,0,0
121900303,0,0,0
121900304,0,0,0
121900305,0,0,0
121900306,0,0,0
121900307,0,0,0
121900308,0,29,-29
121900309,1,27,-26
121900310,1,48,-47
121900311,0,0,0
121900312,0,0,0
121900313,0,0,0
121900314,0,0,0
121900315,0,0,0
121900316,0,0,0
121900317,0,0,0
121900318,0,0,0
121900319,0,0,0
121900320,0,0,0
121900321,0,0,0
121900322,0,0,0
121900323,0,0,0
121900324,0,0,0
121900325,0,0,0
121900326,0,0,0
121900327,0,0,0
121900328,0,0,0
121900329,0,0,0
121900330,0,0,0
121900331,0,0,0
121900332,0,0,0
121900333,0,0,0
122000001,634,852,-218
122000002,796,317,479
122000003,484,310,174
122000004,439,234,205
122000005,336,131,205
122000006,173,59,114
122000007,90,138,-48
122000008,825,494,331
122000009,164,27,137
122000010,381,307,74
122000011,316,126,190
122000012,159,226,-67
122000013,168,222,-54
122000014,214,228,-14
122000015,103,82,21
122000016,90,112,-22
122000017,335,213,122
122000018,313,498,-185
122000019,181,704,-523
122000020,37,44,-7
122000021,191,73,118
122000022,232,78,154
122000023,77,111,-34
122000024,104,141,-37
122000025,105,177,-72
122000026,53,28,25
122000027,269,535,-266
122000028,0,0,0
122000029,0,0,0
122000030,118,29,89
122000031,0,0,0
122000032,79,86,-7
122000033,37,79,-42
122000034,193,243,-50
122000035,177,221,-44
122000036,70,236,-166
122000037,82,83,-1
122000038,61,64,-3
122000039,107,165,-58
122000040,92,97,-5
122000041,0,2,-2
122000042,1,2,-1
122000043,0,0,0
122000044,0,0,0
122000045,54,39,15
122000046,32,85,-53
122000047,92,69,23
122000048,771,476,295
122000049,1331,696,635
122000050,173,206,-33
122000051,0,0,0
122000052,13,14,-1
122000053,4,110,-106
122000054,363,316,47
122000055,520,674,-154
122000056,728,715,13
122000057,1482,906,576
122000058,731,655,76
122000059,649,615,34
122000060,195,159,36
122000061,120,43,77
122000062,328,90,238
122000063,83,144,-61
122000064,792,908,-116
122000065,990,844,146
122000066,375,414,-39
122000067,173,433,-260
122000068,239,195,44
122000069,448,273,175
122000070,26,64,-38
122000071,61,67,-6
122000072,98,61,37
122000073,66,125,-59
122000074,21,10,11
122000075,15,5,10
122000076,138,90,48
122000077,168,245,-77
122000078,270,651,-381
122000079,244,270,-26
122000080,48,49,-1
122000081,39,24,15
122000082,0,0,0
122000083,231,400,-169
122000084,204,238,-34
122000085,99,378,-279
122000086,442,517,-75
122000087,15,20,-5
122000088,57,78,-21
122000089,992,487,505
122000090,30,53,-23
122000091,16,11,5
122000092,12,1,11
122000093,203,567,-364
122000094,1381,282,1099
122000095,989,366,623
122000096,232,29,203
122000098,1217,653,564
122000099,67,176,-109
122000100,84,87,-3
122000101,8,59,-51
122000102,463,253,210
122000103,189,256,-67
122000104,58,26,32
122000105,19,48,-29
122000106,78,59,19
122000107,29,33,-4
122000108,81,185,-104
122000109,5,13,-8
122000110,59,122,-63
122000111,460,153,307
122000112,47,86,-39
122000113,32,73,-41
122000114,657,1165,-508
122000115,689,430,259
122000116,195,92,103
122000117,164,16,148
122000118,58,46,12
122000119,589,577,12
122000120,628,856,-228
122000121,763,449,314
122000122,177,273,-96
122000123,467,74,393
122000124,143,72,71
122000125,327,228,99
122000126,92,215,-123
122000127,342,357,-15
122000128,78,232,-154
122000129,47,24,23
122000130,97,24,73
122000131,138,19,119
122000132,316,91,225
122000133,117,645,-528
122000134,172,101,71
122000135,88,525,-437
122000136,8,9,-1
122000137,47,26,21
122000139,314,383,-69
122000140,230,77,153
122000141,1166,195,971
122000142,74,370,-296
122000143,64,19,45
122000144,113,57,56
122000145,118,108,10
122000146,0,0,0
122000147,54,21,33
122000148,1036,393,643
122000149,367,102,265
122000150,121,86,35
122000151,56,121,-65
122000152,82,77,5
122000153,0,0,0
122000154,0,0,0
122000155,183,171,12
122000156,1484,1072,412
122000157,665,753,-88
122000158,31,106,-75
122000159,62,72,-10
122000160,293,65,228
122000161,105,30,75
122000162,157,68,89
122000163,0,0,0
122000164,0,0,0
122000165,94,82,12
122000166,32,61,-29
122000167,84,146,-62
122000168,1,1,0
122000169,93,91,2
122000170,43,139,-96
122000171,28,86,-58
122000172,366,398,-32
122000173,274,565,-291
122000174,370,442,-72
122000175,371,112,259
122000176,0,0,0
122000177,424,720,-296
122000178,250,52,198
122000179,396,336,60
122000180,295,556,-261
122000181,596,1407,-811
122000182,295,62,233
122000183,472,30,442
122000184,4099,846,3253
122000185,869,683,186
122000186,112,128,-16
122000187,42,187,-145
122000188,101,72,29
122000189,0,0,0
122000190,22,231,-209
122000191,102,40,62
122000192,119,10,109
122000193,0,6,-6
122000194,65,27,38
122000195,0,4,-4
122000196,45,54,-9
122000197,30,25,5
122000198,88,97,-9
122000199,37,30,7
122000200,134,38,96
122000201,889,1328,-439
122000202,600,716,-116
122000203,794,619,175
122000204,247,676,-429
122000205,141,381,-240
122000206,132,55,77
122000207,58,117,-59
122000208,54,142,-88
122000209,65,5,60
122000210,153,741,-588
122000211,182,444,-262
122000212,149,156,-7
122000213,212,182,30
122000214,209,307,-98
122000215,244,261,-17
122000217,438,717,-279
122000218,0,0,0
122000219,707,515,192
122000220,101,312,-211
122000221,43,68,-25
122000222,116,19,97
122000223,149,248,-99
122000225,203,59,144
122000226,145,630,-485
122000227,75,417,-342
122000228,71,237,-166
122000229,3,157,-154
122000230,10,289,-279
122000231,18,249,-231
122000232,25,357,-332
122000233,0,0,0
122000234,13,13,0
122000235,15,11,4
122000236,35,40,-5
122000237,6,9,-3
122000238,16,5,11
122000239,8,9,-1
122000240,27,8,19
122000241,11,1,10
122000242,3,1,2
122000243,1,3,-2
122000244,2,89,-87
122000245,8,32,-24
122000246,0,12,-12
122000247,106,144,-38
122000248,274,566,-292
122000249,13,37,-24
122000250,86,29,57
122000251,90,147,-57
122000252,27,4,23
122000253,7,125,-118
122000254,7,3,4
122000255,45,42,3
122000256,151,1131,-980
122000257,52,251,-199
122000258,24,35,-11
122000259,4,294,-290
122000260,0,119,-119
122000261,0,8,-8
122000262,1,46,-45
122000263,8,65,-57
122000264,0,0,0
122000265,0,0,0
122000266,0,0,0
122000267,0,0,0
122000268,0,0,0
122000269,0,0,0
122000270,0,0,0
122000271,5,20,-15
122000272,3,15,-12
122000273,15,14,1
122000274,7,4,3
122000275,3,5,-2
122000276,26,83,-57
122000277,140,226,-86
122000278,86,57,29
122000279,59,300,-241
122000280,307,395,-88
122000281,86,359,-273
122000282,16,35,-19
122000283,229,41,188
122000284,34,61,-27
122000285,179,127,52
122000286,61,130,-69
122000287,7,2,5
122000288,20,0,20
122000291,145,47,98
122000293,28,17,11
122000294,0,0,0
122000295,0,2,-2
122000296,10,106,-96
122000297,365,166,199
122000299,32,52,-20
122000300,106,233,-127
122000301,2352,281,2071
122000302,95,43,52
122000303,1977,586,1391
122000304,3,44,-41
122000305,208,43,165
122000306,9,399,-390
122000307,61,49,12
122000309,14,169,-155
122000310,2,9,-7
122000311,11,24,-13
122000312,16,3,13
122000313,1,6,-5
122000314,14,32,-18
122000315,3,0,3
122000316,30,4,26
122000317,69,7,62
122000318,5,12,-7
122000319,64,171,-107
122000320,49,825,-776
122000321,17,330,-313
122000322,573,148,425
122000323,271,180,91
122000324,184,256,-72
122000325,34,121,-87
122000326,0,0,0
122000327,38,98,-60
122000328,213,385,-172
122000330,162,25,137
122000332,15,113,-98
122000333,1,138,-137
122000337,139,1076,-937
122000338,59,249,-190
122000340,43,55,-12
122000342,507,356,151
122000343,38,435,-397
122000344,0,0,0
122000345,3,2,1
122000346,39,29,10
122000348,62,141,-79
122000349,1,225,-224
122000351,0,4,-4
122000352,32,13,19
122000353,3,89,-86
122000355,0,0,0
122000356,785,337,448
122000357,0,0,0
122000358,0,0,0
122000359,0,0,0
122000360,0,1,-1
122000362,4,31,-27
122000364,6,102,-96
122000365,0,0,0
122000366,1,0,1
122000368,69,176,-107
122000370,2,31,-29
122000371,0,0,0
122000372,0,0,0
122000381,12,83,-71
122000382,6,53,-47
122000384,554,378,176
122000385,0,0,0
122000386,9,54,-45
122000387,39,96,-57
122000388,107,25,82
122000389,84,318,-234
122000390,16,67,-51
122000391,0,0,0
122000392,7,35,-28
122000393,0,18,-18
122000394,14,79,-65
122000395,7,37,-30
122000396,13,33,-20
122000397,2,40,-38
122000398,0,0,0
122000399,4,8,-4
122000400,0,0,0
122000401,28,34,-6
122000402,0,0,0
122000403,110,1009,-899
122000404,9,14,-5
122000408,227,294,-67
122000503,0,0,0
122000524,2,4,-2
122000544,0,0,0
122000616,597,3,594
122000640,2,0,2
122000641,0,11,-11
122000642,2,20,-18
122000643,0,0,0
122000644,64,42,22
122000645,88,178,-90
122000651,121,162,-41
122000664,17,11,6
122000665,440,251,189
122000666,60,162,-102
122000673,22,212,-190
122000674,90,14,76
122000675,151,448,-297
122000686,0,0,0
122000687,37,205,-168
122000688,0,0,0
122000689,81,438,-357
122000690,107,570,-463
122000691,0,0,0
122000692,174,308,-134
122000693,0,0,0
122000695,51,291,-240
122000696,8,9,-1
122000698,31,466,-435
122000699,34,1,33
122000701,130,152,-22
122000702,0,0,0
122000703,0,0,0
122000717,108,21,87
122000718,10,5,5
122000719,0,0,0
122000720,5,9,-4
122000724,71,15,56
122900001,0,0,0
122900002,0,0,0
122900003,0,0,0
122900004,0,0,0
122900005,0,0,0
122900006,0,0,0
122900007,0,0,0
122900008,0,0,0
122900009,0,0,0
122900010,0,0,0
122900012,0,0,0
122900014,0,0,0
122900015,0,0,0
122900016,0,0,0
122900017,0,0,0
122900018,0,0,0
122900019,0,35,-35
122900020,0,0,0
122900021,0,0,0
122900022,10,73,-63
122900023,11,21,-10
122900024,7,4,3
122900025,0,0,0
122900026,0,0,0
122900027,2,53,-51
122900028,0,0,0
122900029,0,0,0
122900030,228,18,210
122900031,0,0,0
122900032,7,11,-4
122900033,0,0,0
122900034,0,0,0
122900035,0,0,0
122900036,0,0,0
122900037,0,0,0
122900038,0,26,-26
122900039,0,0,0
122900040,0,0,0
122900041,0,0,0
122900042,0,0,0
122900043,0,0,0
122900044,0,0,0
122900045,0,0,0
122900046,0,0,0
122900047,0,0,0
122900048,0,0,0
122900049,0,0,0
122900051,0,3,-3
122900052,0,7,-7
122900053,0,0,0
122900055,0,0,0
122900057,0,0,0
122900061,0,0,0
122900062,19,5,14
122900063,0,0,0
122900064,0,0,0
122900065,7,10,-3
122900066,7,15,-8
122900067,0,0,0
122900068,0,0,0
122900069,1,10,-9
122900070,4,1,3
122900071,0,24,-24
122900072,1,47,-46
122900073,0,0,0
122900074,0,0,0
122900075,0,3,-3
122900076,0,16,-16
122900077,1,37,-36
122900078,1,44,-43
122900080,0,0,0
122900081,0,0,0
122900082,0,0,0
122900083,0,0,0
122900084,0,0,0
122900086,0,0,0
122900087,0,0,0
122900088,0,0,0
122900089,0,0,0
122900090,0,31,-31
122900091,0,0,0
122900092,0,0,0
122900093,0,0,0
122900094,0,0,0
122900095,0,0,0
122900096,0,0,0
122900097,0,0,0
122900098,0,0,0
122900099,0,0,0
122900100,0,0,0
122900101,0,0,0
122900102,0,0,0
122900103,0,0,0
122900104,0,0,0
122900105,0,0,0
122900106,0,0,0
122900107,0,0,0
122900108,0,0,0
123000001,472,244,228
123000002,2177,712,1465
123000003,939,639,300
123000004,1636,1906,-270
123000005,281,396,-115
123000006,1208,1484,-276
123000007,332,344,-12
123000008,869,2265,-1396
123000009,922,690,232
123000010,2508,2848,-340
123000011,445,297,148
123000012,494,1619,-1125
123000013,576,180,396
123000014,870,2127,-1257
123000015,1308,274,1034
123000016,3259,1600,1659
123000017,409,153,256
123000018,12,32,-20
123000019,1,27,-26
123000020,1,3,-2
123000021,1,5,-4
123000022,13,22,-9
123000023,94,125,-31
123000024,56,80,-24
123000025,1,14,-13
123000026,1,11,-10
123000027,14,65,-51
123000028,15,5,10
123000029,79,90,-11
123000030,6,321,-315
123000031,0,39,-39
123000032,3,18,-15
123000033,0,0,0
123000034,45,77,-32
123000035,19,14,5
123000036,27,16,11
123000037,59,141,-82
123000038,31,116,-85
123000039,275,252,23
123000040,436,194,242
123000041,62,27,35
123000042,169,247,-78
123000043,265,275,-10
123000044,1394,764,630
123000045,3305,747,2558
123000046,8,35,-27
123000047,953,318,635
123000048,0,0,0
123000049,1093,215,878
123000050,152,92,60
123000051,2,15,-13
123000052,128,249,-121
123000053,979,498,481
123000054,374,183,191
123000055,201,159,42
123000056,393,774,-381
123000057,4993,1416,3577
123000058,69,91,-22
123000059,52,56,-4
123000060,97,86,11
123000061,41,77,-36
123000063,102,189,-87
123000064,126,94,32
123000065,2186,994,1192
123000066,402,233,169
123000067,45,140,-95
123000068,1211,1307,-96
123000069,5225,1507,3718
123000070,33,71,-38
123000071,16,46,-30
123000072,364,559,-195
123000073,21,40,-19
123000074,229,621,-392
123000075,25,59,-34
123000076,106,307,-201
123000077,908,1134,-226
123000078,27,70,-43
123000079,19,41,-22
123000080,402,938,-536
123000081,25,99,-74
123000082,76,241,-165
123000083,65,15,50
123000084,36,219,-183
123000085,3,15,-12
123000086,5,50,-45
123000087,6,67,-61
123000088,136,358,-222
123000089,3,5,-2
123000090,408,574,-166
123000091,2,0,2
123000092,331,471,-140
123000094,28,30,-2
123000095,7,16,-9
123000096,6,17,-11
123000097,53,374,-321
123000098,7,20,-13
123000099,125,276,-151
123000100,154,125,29
123000101,0,1,-1
123000102,54,99,-45
123000104,25,94,-69
123000105,200,210,-10
123000106,36,98,-62
123000107,107,203,-96
123000108,249,416,-167
123000111,24,18,6
123000112,49,65,-16
123000113,95,613,-518
123000114,3,9,-6
123000115,12,72,-60
123000116,7,36,-29
123000117,172,617,-445
123000118,108,311,-203
123000119,44,273,-229
123000120,89,197,-108
123000121,70,52,18
123000122,144,168,-24
123000123,45,48,-3
123000124,232,341,-109
123000125,45,10,35
123000126,41,98,-57
123000127,1241,564,677
123000128,86,197,-111
123000129,0,0,0
123000130,0,0,0
123000131,25,203,-178
123000132,114,266,-152
123000133,78,174,-96
123000134,169,74,95
123000135,99,165,-66
123000136,64,570,-506
123000137,16,191,-175
123000138,11,238,-227
123000139,0,0,0
123000140,37,353,-316
123000141,0,0,0
123000142,309,482,-173
123000143,362,1133,-771
123000144,6,4,2
123000145,19,29,-10
123000146,2,22,-20
123000147,1,10,-9
123000149,0,0,0
123000150,0,0,0
123000151,63,66,-3
123000152,23,143,-120
123000153,30,43,-13
123000154,381,185,196
123000155,645,165,480
123000156,9,42,-33
123000157,95,345,-250
123000158,0,0,0
123000159,388,169,219
123000160,92,27,65
123000161,227,29,198
123000162,49,32,17
123000163,0,0,0
123000164,0,0,0
123000165,51,526,-475
123000166,9,68,-59
123000167,5,161,-156
123000168,30,127,-97
123000169,0,0,0
123000170,3,155,-152
123000171,0,20,-20
123000172,58,316,-258
123000173,0,0,0
123000174,0,0,0
123000175,291,632,-341
123000176,0,0,0
123000177,59,379,-320
123000178,0,0,0
123000179,2,237,-235
123000180,199,12,187
123000181,69,658,-589
123000182,14,177,-163
123000183,42,17,25
123000184,10,240,-230
123000185,0,0,0
123000186,2,470,-468
123000187,0,0,0
123000188,0,1,-1
123000189,27,77,-50
123000190,0,22,-22
123000192,6,184,-178
123000193,5,155,-150
123000194,106,84,22
123000195,0,0,0
123000196,0,0,0
123000197,1,73,-72
123000198,4,79,-75
123000199,0,191,-191
123000200,0,0,0
123000201,0,0,0
123000202,8,665,-657
123000203,0,0,0
123000204,18,618,-600
123000205,69,759,-690
123000206,74,0,74
123000207,26,318,-292
123000208,13,12,1
123000209,105,10,95
123000210,120,511,-391
123000211,203,1093,-890
123000212,0,0,0
123000213,0,0,0
123000215,349,44,305
123000216,0,0,0
123000217,0,0,0
123000218,45,113,-68
123000219,0,0,0
123000220,0,0,0
123000221,0,0,0
123000222,21,19,2
123000223,3,18,-15
123000224,16,68,-52
123000225,5,31,-26
123000226,1,234,-233
123000227,7,179,-172
123000228,2,29,-27
123000229,243,798,-555
123000232,40,265,-225
123000233,0,0,0
123000234,40,399,-359
123000235,0,0,0
123000236,43,410,-367
123000237,0,0,0
123000238,19,343,-324
123000239,144,1042,-898
123000240,5,61,-56
123000241,0,0,0
123000242,23,63,-40
123000243,215,462,-247
123000244,361,300,61
123000245,31,129,-98
123000249,724,362,362
123000252,0,0,0
123000253,0,0,0
123000254,31,318,-287
123000255,52,92,-40
123000256,12,114,-102
123000257,873,915,-42
123000258,193,513,-320
123000259,27,108,-81
123000260,45,235,-190
123000261,21,151,-130
123000262,16,113,-97
123000263,20,9,11
123000264,16,1,15
123000265,19,52,-33
123000266,65,220,-155
123000267,0,0,0
123000268,4,18,-14
123000269,0,0,0
123000270,0,0,0
123000271,16,24,-8
123000272,0,0,0
123000273,0,0,0
123000274,0,0,0
123000275,87,580,-493
123000278,647,571,76
123000279,0,0,0
123000280,10,107,-97
123000281,0,0,0
123000282,11,88,-77
123000283,0,0,0
123000284,9,45,-36
123000286,106,44,62
123000287,81,63,18
123000288,0,0,0
123000289,0,0,0
123000291,134,454,-320
123000294,13,50,-37
123000295,150,52,98
123000296,22,12,10
123000297,1,9,-8
123000298,6,48,-42
123000299,0,0,0
123000300,26,109,-83
123000301,3,54,-51
123000302,2,12,-10
123000303,4,8,-4
123000305,373,269,104
123000306,4,137,-133
123000309,8,29,-21
123000310,0,0,0
123000311,0,123,-123
123000312,129,248,-119
123000313,0,0,0
123000315,2,34,-32
123000316,0,1,-1
123000317,0,0,0
123000318,5,46,-41
123000329,221,53,168
123000337,0,53,-53
123000338,20,4,16
123000339,2,305,-303
123000340,4,20,-16
123000342,0,0,0
123000343,0,0,0
123000344,172,100,72
123000345,59,159,-100
123000346,0,0,0
123000352,788,437,351
123000353,13,36,-23
123000354,30,6,24
123000355,5,133,-128
123000356,2,0,2
123000357,1,107,-106
123000359,1,91,-90
123000360,0,0,0
123000361,159,76,83
123000362,27,57,-30
123000363,0,159,-159
123000364,29,29,0
123000365,14,79,-65
123000366,100,217,-117
123000367,34,286,-252
123000370,7,125,-118
123000371,0,0,0
123000372,1,0,1
123000373,0,169,-169
123000374,3,91,-88
123000375,3,1,2
123000376,46,70,-24
123000377,0,0,0
123000378,2,230,-228
123000379,2,98,-96
123000380,4,78,-74
123000381,8,1,7
123000382,32,8,24
123000383,44,180,-136
123000384,20,1,19
123000385,36,284,-248
123000436,61,292,-231
123000507,49,32,17
123000508,37,93,-56
123000517,148,14,134
123000518,8,72,-64
123000519,93,40,53
123000520,20,58,-38
123000521,99,62,37
123000522,39,144,-105
123000541,0,0,0
123000542,0,18,-18
123000565,0,0,0
123000566,51,277,-226
123000567,27,86,-59
123000573,63,570,-507
123000574,0,0,0
123000575,80,705,-625
123000576,35,1096,-1061
123000577,53,373,-320
123000578,0,0,0
123000579,404,133,271
123000580,34,2,32
123000582,0,0,0
123000583,3,320,-317
123000584,0,0,0
123000585,1,46,-45
123000586,0,0,0
123000596,34,35,-1
123000597,0,0,0
123000602,0,0,0
123000603,29,193,-164
123000604,16,569,-553
123000605,403,102,301
123000606,2,914,-912
123000609,31,210,-179
123000610,12,7,5
123000613,89,124,-35
123000614,0,0,0
123000615,79,200,-121
123000616,0,0,0
123000617,37,499,-462
123000618,26,397,-371
123000619,0,0,0
123000620,38,338,-300
123000622,0,0,0
123000624,0,0,0
123000630,38,45,-7
123000631,66,794,-728
123000632,232,409,-177
123000633,0,66,-66
123000634,0,0,0
123000635,83,63,20
123000636,5,193,-188
123000637,0,0,0
123000638,0,0,0
123000639,0,0,0
123000640,0,506,-506
123900001,82,4,78
123900002,0,0,0
123900003,0,0,0
123900005,0,0,0
123900006,0,0,0
124000001,224,0,224
124000002,60,708,-648
124000003,27,0,27
124000004,20,364,-344
124000005,17,1,16
124000006,112,822,-710
124000007,17,0,17
124000008,5,170,-165
124000009,7,6,1
124000010,43,300,-257
124000011,17,4,13
124000012,65,479,-414
124000017,0,0,0
124000018,52,48,4
124000019,0,0,0
124000020,16,118,-102
124000021,0,0,0
124000022,47,164,-117
124000023,263,153,110
124000024,254,256,-2
124000025,129,82,47
124000026,385,277,108
124000027,1054,335,719
124000028,1362,1614,-252
124000030,1250,540,710
124000031,33,1,32
124000032,2090,410,1680
124000033,0,0,0
124000034,801,247,554
124000035,3,1,2
124000036,19,75,-56
124000037,5,4,1
124000038,3,5,-2
124000039,150,75,75
124000040,134,322,-188
124000041,62,8,54
124000042,16,282,-266
124000043,20,16,4
124000044,11,197,-186
124000045,0,0,0
124000046,62,476,-414
124000047,0,0,0
124000048,166,1069,-903
124000049,0,0,0
124000050,140,1204,-1064
124000051,0,0,0
124000052,112,658,-546
124000053,0,0,0
124000054,330,389,-59
124000055,0,0,0
124000056,1269,928,341
124000057,0,0,0
124000058,159,746,-587
124000059,13,45,-32
124000060,414,343,71
124000061,25,86,-61
124000062,2998,756,2242
124000063,687,828,-141
124000064,650,869,-219
124000065,3,57,-54
124000066,11,0,11
124000067,0,0,0
124000068,1,10,-9
124000069,0,0,0
124000070,5,151,-146
124000071,0,0,0
124000072,36,180,-144
124000073,0,0,0
124000074,38,328,-290
124000075,0,0,0
124000076,4,166,-162
124000077,367,181,186
124000078,14,0,14
124000079,455,373,82
124000080,0,0,0
124000081,33,357,-324
124000082,0,0,0
124000083,11,57,-46
124000084,0,8,-8
124000085,9,34,-25
124000086,0,0,0
124000087,0,0,0
124000088,6,15,-9
124000089,14,6,8
124000090,14,240,-226
124000091,17,5,12
124000092,19,434,-415
124000093,0,0,0
124000094,8,70,-62
124000095,0,0,0
124000096,17,58,-41
124000097,0,0,0
124000098,19,67,-48
124000099,1,4,-3
124000100,2,81,-79
124000101,1,6,-5
124000102,14,62,-48
124000103,2,4,-2
124000104,18,70,-52
124000105,2,3,-1
124000106,16,84,-68
124000107,0,4,-4
124000108,10,24,-14
124000109,0,0,0
124000110,13,67,-54
124000111,7,26,-19
124000112,57,106,-49
124000113,0,0,0
124000114,25,92,-67
124000115,79,112,-33
124000116,1,2,-1
124000117,70,44,26
124000118,3,7,-4
124000119,77,185,-108
124000120,5,36,-31
124000121,157,24,133
124000122,466,416,50
124000123,151,75,76
124000124,87,301,-214
124000125,46,49,-3
124000126,153,269,-116
124000127,90,64,26
124000128,206,605,-399
124000129,182,364,-182
124000130,294,243,51
124000131,112,110,2
124000132,474,407,67
124000133,33,70,-37
124000134,173,297,-124
124000135,135,114,21
124000136,274,363,-89
124000137,112,60,52
124000138,279,370,-91
124000139,0,0,0
124000140,30,175,-145
124000141,0,0,0
124000142,0,55,-55
124000143,0,0,0
124000144,6,19,-13
124000145,0,0,0
124000146,5,73,-68
124000148,0,0,0
124000149,3,1,2
124000150,111,251,-140
124000151,12,0,12
124000152,125,411,-286
124000153,18,21,-3
124000154,113,402,-289
124000155,14,11,3
124000156,374,388,-14
124000169,15,12,3
124000170,160,150,10
124000171,4,7,-3
124000172,51,169,-118
124000173,6,25,-19
124000174,30,281,-251
124000175,12,88,-76
124000176,0,0,0
124000177,30,42,-12
124000178,0,0,0
124000190,11,2,9
124000191,52,17,35
124000192,23,6,17
124000193,101,663,-562
124000194,91,300,-209
124000195,17,95,-78
124000196,346,634,-288
124000197,13,21,-8
124000198,0,1,-1
124000201,14,442,-428
124000202,2,22,-20
124000203,14,505,-491
124000204,0,108,-108
124000205,7,351,-344
124000206,2,113,-111
124000207,0,82,-82
124000209,36,321,-285
124000210,9,131,-122
124000211,0,0,0
124000212,3,333,-330
124000213,2,252,-250
124000214,2,155,-153
124000215,0,0,0
124000216,5,322,-317
124000329,36,1028,-992
124000338,26,521,-495
124000339,8,0,8
124000341,13,0,13
124000344,0,2,-2
124000357,67,53,14
124000358,147,95,52
124000359,37,40,-3
124000360,25,17,8
124000361,72,39,33
124000362,510,1125,-615
124000363,126,384,-258
124000364,250,867,-617
124000365,563,1331,-768
124000366,1387,959,428
124000367,65,321,-256
124000368,2,1,1
124000369,13,13,0
124000370,22,283,-261
124000402,0,0,0
124000403,0,0,0
124000404,4,59,-55
124000405,189,89,100
124000406,368,527,-159
124000407,6,13,-7
124000411,2,149,-147
124000412,0,0,0
124000413,0,0,0
124000414,13,20,-7
124000415,17,73,-56
124000416,34,130,-96
124000417,8,29,-21
124000418,7,25,-18
124000419,7,114,-107
124000420,1,14,-13
124000421,9,144,-135
124000422,1,2,-1
124000423,7,9,-2
124000424,3,60,-57
124000425,0,0,0
124000426,2,23,-21
124000427,0,0,0
124000428,2,18,-16
124000429,1,192,-191
124000430,43,142,-99
124000431,23,154,-131
124000432,55,160,-105
124000439,0,0,0
124000443,3,10,-7
124000445,8,7,1
124000446,502,28,474
124900001,0,0,0
124900002,0,0,0
124900003,0,0,0
124900004,0,0,0
124900005,0,0,0
124900006,0,0,0
124900008,0,0,0
124900009,0,0,0
124900010,0,0,0
124900011,0,0,0
124900012,0,0,0
124900013,0,0,0
124900014,0,0,0
124900015,0,0,0
124900016,0,0,0
124900017,0,0,0
124900018,0,0,0
124900020,0,0,0
124900021,0,0,0
124900022,0,0,0
124900024,0,0,0
124900026,0,2,-2
124900027,0,0,0
124900028,0,0,0
124900029,0,0,0
124900030,0,0,0
124900031,0,0,0
124900032,0,0,0
124900033,0,0,0
124900034,0,0,0
124900035,1,4,-3
124900036,0,0,0
124900037,1,5,-4
124900038,1,3,-2
124900039,0,0,0
124900040,0,0,0
124900041,6,38,-32
124900042,0,0,0
124900043,22,83,-61
124900044,0,0,0
124900045,50,58,-8
124900046,73,19,54
124900047,6,18,-12
124900048,4,17,-13
124900050,5,22,-17
124900052,8,58,-50
124900053,1,87,-86
124900054,378,39,339
124900055,0,17,-17
124900057,0,14,-14
124900060,8,46,-38
124900061,0,0,0
124900062,0,0,0
124900066,0,11,-11
124900067,1,27,-26
124900068,0,0,0
124900070,0,0,0
124900072,0,0,0
124900074,0,0,0
124900075,0,0,0
124900076,0,0,0
124900077,0,0,0
124900078,0,0,0
124900079,17,1,16
124900080,10,55,-45
124900081,0,0,0
124900082,1,7,-6
124900083,11,46,-35
124900084,0,0,0
124900085,0,0,0
124900086,0,0,0
124900087,0,0,0
124900088,1,0,1
124900089,82,7,75
124900090,0,0,0
124900091,0,0,0
124900092,0,0,0
124900093,0,0,0
124900094,0,0,0
124900095,0,0,0
124900096,0,0,0
124900097,0,0,0
124900098,0,0,0
124900099,0,0,0
124900100,0,0,0
124900101,0,0,0
124900102,0,0,0
124900103,0,11,-11
124900104,0,9,-9
124900105,0,8,-8
124900106,0,0,0
124900107,0,0,0
124900108,2,0,2
124900109,2,8,-6
124900110,16,83,-67
124900111,0,7,-7
124900112,3,94,-91
124900113,0,5,-5
124900114,0,1,-1
124900115,0,0,0
124900116,0,0,0
124900117,0,0,0
124900118,0,0,0
124900119,0,0,0
124900120,4,56,-52
124900121,0,0,0
124900122,76,28,48
124900123,0,0,0
124900124,10,16,-6
129000186,0,0,0
204000001,0,0,0
204000002,0,0,0
204000003,0,0,0
204000004,0,0,0
204000005,0,0,0
204000006,0,0,0
204000011,35,99,-64
204000012,8,145,-137
204000013,2,33,-31
204000019,196,145,51
204000020,55,141,-86
204000021,227,148,79
204000022,80,110,-30
204000023,262,955,-693
204000031,0,0,0
204000032,0,0,0
204000034,78,485,-407
204000035,16,12,4
204000036,17,32,-15
204000037,1,15,-14
204000038,2,14,-12
204000039,9,57,-48
204000040,11,25,-14
204000041,8,52,-44
204000042,0,0,0
204000043,0,0,0
204000044,0,0,0
204000045,0,0,0
204000046,0,0,0
204000057,7,68,-61
204000062,16,49,-33
204000068,46,106,-60
204000069,8,81,-73
204000070,0,0,0
204000080,26,70,-44
204000085,421,709,-288
204000086,1431,1070,361
204000087,76,163,-87
204000088,35,98,-63
204000090,92,543,-451
204000093,0,0,0
204000096,12,11,1
204000097,0,0,0
204000099,33,45,-12
204000100,10,25,-15
204000105,522,729,-207
204000110,327,895,-568
204000111,175,487,-312
204000112,163,634,-471
204000113,86,447,-361
204000114,57,60,-3
204000115,46,53,-7
204000116,100,85,15
204000119,0,4,-4
204000132,0,0,0
204000133,0,0,0
204000134,0,0,0
204000135,0,0,0
204000136,0,0,0
204000138,0,0,0
204000140,0,0,0
204000141,0,0,0
204000144,0,0,0
204000145,0,0,0
204000146,92,328,-236
204000147,29,116,-87
204000148,0,0,0
204000154,0,0,0
204000155,7,11,-4
204000177,0,0,0
204000179,0,0,0
204000180,0,87,-87
204000222,1,7,-6
204000235,34,25,9
204000236,25,292,-267
204000238,0,0,0
204000240,27,52,-25
204000263,237,611,-374
204000268,0,0,0
204000308,0,0,0
204000317,42,51,-9
204000322,9,25,-16
204000323,0,0,0
204000328,0,0,0
204000329,66,148,-82
204000330,0,0,0
204000331,93,193,-100
204010341,0,0,0
205000001,1038,551,487
205000013,4,81,-77
205000014,13,141,-128
205000015,19,250,-231
205000016,5,188,-183
205000017,39,50,-11
205000022,186,376,-190
205000025,1431,731,700
205000029,56,32,24
205000045,19,165,-146
205000046,36,395,-359
205000047,44,407,-363
205000048,73,807,-734
205000049,90,607,-517
205000050,857,287,570
205000059,0,232,-232
205000060,0,24,-24
205000061,1,13,-12
205000062,0,25,-25
205000063,4,30,-26
205000064,27,122,-95
205000065,33,443,-410
205000066,31,711,-680
205000067,14,1087,-1073
205000069,436,317,119
205000082,0,0,0
205000110,22,219,-197
205000111,90,235,-145
205000112,0,0,0
205000113,156,97,59
205000121,0,0,0
205000123,130,139,-9
205000126,0,0,0
205000127,0,0,0
205000128,0,0,0
205000129,0,0,0
205000130,0,0,0
205000131,0,0,0
205000132,0,0,0
205000133,0,0,0
205000134,0,0,0
205000137,72,77,-5
205000138,137,168,-31
205000139,7,56,-49
205000144,0,0,0
205000145,0,0,0
205000151,0,0,0
205000152,0,0,0
205000153,0,0,0
205000154,0,0,0
205000155,0,0,0
205000207,283,198,85
205000233,0,0,0
205000234,0,1,-1
205000243,0,0,0
205000244,0,1,-1
205000245,9,302,-293
205000249,0,16,-16
205000250,0,0,0
205000264,5,95,-90
206000027,0,0,0
206000028,0,0,0
206000043,9,179,-170
206000053,13,30,-17
206000054,14,47,-33
206000055,13,69,-56
206000075,7,15,-8
206000076,12,24,-12
206000077,14,21,-7
206000078,31,19,12
206000079,35,7,28
206000082,0,0,0
206000100,77,820,-743
206000103,23,32,-9
206000104,18,37,-19
206000105,9,18,-9
206000106,28,81,-53
206000108,670,167,503
206000125,0,0,0
206000157,303,953,-650
206000170,5,345,-340
206000171,6,328,-322
206000172,15,990,-975
206000173,7,294,-287
206000174,6,245,-239
206000175,6,306,-300
206000176,54,431,-377
206000177,5,332,-327
206000178,4,208,-204
206000179,7,163,-156
206000180,40,288,-248
206000181,21,287,-266
206000182,66,318,-252
206000183,66,808,-742
206000184,30,523,-493
206000185,21,413,-392
206000186,151,1225,-1074
206000223,10,290,-280
206000226,0,0,0
206000227,0,0,0
206000237,24,310,-286
206000238,58,500,-442
206000239,814,1230,-416
206000240,1,66,-65
206000241,3,329,-326
206000242,27,499,-472
206000243,4,393,-389
206000244,125,939,-814
206000245,57,8,49
206000246,6,0,6
206000247,34,1,33
206000248,35,6,29
206000252,39,69,-30
206000258,25,61,-36
206000315,39,11,28
206000317,61,22,39
206000318,36,11,25
206000319,92,22,70
206000320,22,11,11
206000321,23,6,17
206000322,0,0,0
206000323,0,0,0
206000324,0,0,0
206000325,0,0,0
206000326,0,0,0
206000327,6,1,5
206000328,10,0,10
206000329,6,0,6
206000330,3,0,3
206000331,4,0,4
206000332,0,0,0
206000333,17,1,16
206000334,17,0,17
206000335,0,49,-49
206000361,9,342,-333
206000392,4,60,-56
206000405,34,0,34
206000441,0,0,0
206000498,3,8,-5
206000515,442,52,390
206000530,0,0,0
206000531,0,0,0
206000532,0,0,0
206000535,204,631,-427
206000536,18,141,-123
206000537,13,100,-87
206000613,0,0,0
207000001,100,430,-330
207000002,50,357,-307
207000003,57,320,-263
207000007,76,9,67
207000008,1,2,-1
207000009,11,7,4
207000010,199,279,-80
207000012,0,0,0
207000015,312,720,-408
207000019,78,27,51
207000021,50,47,3
207000022,7,12,-5
207000023,13,7,6
207000024,0,3,-3
207000025,2,12,-10
207000026,43,141,-98
207000027,14,145,-131
207000028,32,303,-271
207000029,175,536,-361
207000033,46,60,-14
207000034,22,16,6
207000039,0,0,0
207000040,0,0,0
207000041,0,0,0
207000042,0,0,0
207000043,0,0,0
207000051,28,365,-337
207000052,8,246,-238
207000053,466,799,-333
207000054,13,120,-107
207000055,41,188,-147
207000056,125,418,-293
207000057,123,329,-206
207000058,82,483,-401
207000059,41,742,-701
207000060,22,184,-162
207000061,6,14,-8
207000062,34,28,6
207000063,23,100,-77
207000064,115,90,25
207000065,49,93,-44
207000066,42,110,-68
207000067,20,61,-41
207000068,18,32,-14
207000069,377,194,183
207000082,3,23,-20
207000083,40,202,-162
207000084,6,2,4
207000085,18,1,17
207000086,8,0,8
207000106,0,0,0
207000107,0,0,0
207000108,0,0,0
207000109,0,0,0
207000110,0,0,0
207000111,0,0,0
207000112,0,0,0
207000114,5,38,-33
207000115,12,106,-94
207000116,22,252,-230
207000117,14,139,-125
207000118,1,120,-119
207000119,12,173,-161
207000123,0,0,0
207000124,0,0,0
207000125,0,0,0
207000126,0,0,0
207000134,10,35,-25
207000135,2,28,-26
207000148,0,0,0
207000149,40,53,-13
207000152,100,413,-313
207000153,1801,1021,780
207000154,114,44,70
207000159,30,229,-199
207000160,75,568,-493
207000238,0,64,-64
207000242,1,117,-116
207000248,15,27,-12
207000249,64,77,-13
207000250,262,54,208
207000251,56,58,-2
207000252,25,86,-61
207000278,0,0,0
207000279,28,217,-189
207000280,16,5,11
207000281,31,453,-422
207000282,1,2,-1
207000283,37,87,-50
207000284,3,14,-11
207000285,0,0,0
207000291,15,127,-112
207000304,38,25,13
207000306,35,450,-415
207000310,0,0,0
207000353,0,0,0
207000356,4,16,-12
207000357,0,0,0
207000358,0,0,0
207000415,5,137,-132
207000417,0,0,0
207000418,22,87,-65
207000438,0,4,-4
207000439,420,130,290
207000446,0,0,0
207000460,1,5,-4
207000466,86,266,-180
207000467,0,0,0
207000468,27,417,-390
207000476,8,11,-3
207000477,4,20,-16
207000478,0,9,-9
207000523,0,18,-18
207000524,0,0,0
207000527,28,48,-20
207000530,0,0,0
207000531,0,0,0
207000532,0,0,0
207000534,0,0,0
207000535,30,140,-110
207000537,20,89,-69
207000540,6,153,-147
207000541,1,261,-260
207000548,3,261,-258
207000549,0,0,0
207000561,0,0,0
207000562,27,112,-85
207000567,202,289,-87
207000568,7,30,-23
207000569,9,355,-346
207000584,250,97,153
207000585,0,0,0
207000616,3,305,-302
207000617,0,0,0
207900008,8,45,-37
208000001,24,63,-39
208000002,19,57,-38
208000003,69,66,3
208000004,77,86,-9
208000005,5,38,-33
208000019,0,0,0
208000020,0,0,0
208000021,28,222,-194
208000022,219,305,-86
208000028,106,28,78
208000033,113,285,-172
208000034,289,561,-272
208000040,0,0,0
208000041,0,0,0
208000042,0,0,0
208000047,27,183,-156
208000064,0,0,0
208000066,0,0,0
208000070,0,0,0
208000071,0,0,0
208000072,0,0,0
208000080,17,40,-23
208000081,5,40,-35
208000082,29,158,-129
208000083,41,281,-240
208000084,0,0,0
208000085,275,345,-70
208000086,163,617,-454
208000087,76,402,-326
208000089,239,279,-40
208000090,219,526,-307
208000093,12,43,-31
208000094,141,317,-176
208000095,355,205,150
208000104,0,0,0
208000105,0,0,0
208000114,0,0,0
208000115,64,214,-150
208000116,0,0,0
208000117,0,0,0
208000118,0,0,0
208000155,163,528,-365
208000158,964,1266,-302
208000186,0,0,0
208000204,134,439,-305
208000205,296,576,-280
208000282,2066,619,1447
209000004,50,58,-8
209000005,13,13,0
209000006,156,132,24
209000007,95,92,3
209000010,137,88,49
209000011,48,125,-77
209000012,62,261,-199
209000013,67,529,-462
209000014,294,1380,-1086
209000025,45,30,15
209000026,205,42,163
209000027,109,927,-818
209000028,145,1045,-900
209000029,207,837,-630
209000030,169,1451,-1282
209000031,3585,1956,1629
209000034,86,299,-213
209000035,62,131,-69
209000036,62,116,-54
209000037,58,143,-85
209000038,62,156,-94
209000039,53,94,-41
209000040,125,437,-312
209000041,141,415,-274
209000042,153,393,-240
209000043,213,323,-110
209000044,224,302,-78
209000045,47,213,-166
209000046,50,216,-166
209000047,29,109,-80
209000048,33,107,-74
209000049,50,118,-68
209000050,122,229,-107
209000051,99,324,-225
209000052,57,283,-226
209000062,16,115,-99
209000063,12,80,-68
209000064,8,114,-106
209000065,0,0,0
209000066,0,0,0
209000067,0,0,0
209000080,15,106,-91
209000082,0,0,0
209000091,7,53,-46
209000093,39,36,3
209000094,222,98,124
209000110,0,0,0
209000111,167,578,-411
209000112,175,151,24
209000113,224,200,24
209000114,97,114,-17
209000115,78,173,-95
209000116,1365,393,972
209000118,0,0,0
209000119,24,11,13
209000121,118,475,-357
209000135,0,0,0
209000142,632,425,207
209000143,9,46,-37
209000144,9,15,-6
209000229,25,92,-67
209000240,11,317,-306
209000259,79,146,-67
209000260,18,677,-659
209000261,7,244,-237
209000262,1,192,-191
209000263,0,57,-57
209000264,0,39,-39
209000265,0,0,0
209000266,0,0,0
209000267,0,0,0
209000268,0,0,0
210000037,0,0,0
210000047,0,0,0
210000048,0,0,0
210000049,0,0,0
210000052,9,109,-100
210000053,7,61,-54
210000054,32,41,-9
210000070,0,0,0
210000071,0,0,0
210000072,0,0,0
210000073,0,21,-21
210000074,1,65,-64
210000075,0,36,-36
210000076,2,94,-92
210000077,5,29,-24
210000078,18,20,-2
210000079,0,0,0
210000080,0,0,0
210000081,0,0,0
210000082,0,0,0
210000083,0,0,0
210000084,0,0,0
210000085,0,46,-46
210000086,2,98,-96
210000099,24,156,-132
210000100,11,151,-140
210000101,45,189,-144
210000105,47,54,-7
210000159,0,54,-54
210000163,113,133,-20
210000164,0,0,0
210000168,0,0,0
210000187,0,7,-7
210000188,0,21,-21
210000214,0,0,0
210000219,0,0,0
210000220,0,0,0
210000232,2,8,-6
210000233,1,18,-17
210000234,11,77,-66
210000235,9,87,-78
210000245,0,28,-28
210000246,0,0,0
210000258,6,84,-78
210000259,0,0,0
210000282,11,127,-116
210000285,0,35,-35
210000286,7,102,-95
210000290,0,0,0
210000295,4,40,-36
210000296,8,15,-7
210000320,0,0,0
210000321,0,0,0
210000338,19,75,-56
210000339,390,428,-38
210000340,68,109,-41
210000341,103,100,3
210000342,62,97,-35
210000343,60,122,-62
210000344,70,65,5
210000345,83,59,24
210000346,15,32,-17
210000347,7,18,-11
210000348,22,8,14
210000349,12,24,-12
210000350,41,51,-10
210000351,46,82,-36
210000352,0,0,0
210000353,0,0,0
210000354,0,0,0
210000355,0,0,0
210000356,0,0,0
210000357,0,0,0
210000358,0,0,0
210000359,0,0,0
210000360,0,0,0
210000361,0,0,0
210000362,0,0,0
210000363,0,0,0
210000364,0,0,0
210000365,0,0,0
210000366,0,0,0
210000367,0,0,0
210000368,0,0,0
210000369,0,0,0
210000370,0,0,0
210000372,0,0,0
210000373,0,0,0
210000374,0,0,0
210000375,0,0,0
210000376,0,0,0
210000404,102,101,1
210000439,0,0,0
210000472,0,0,0
210000482,0,0,0
210000564,0,0,0
210000567,1,0,1
210000568,0,0,0
211000092,0,0,0
211000094,0,0,0
211000169,0,0,0
211000172,0,0,0
211000209,0,0,0
211000226,0,0,0
211000270,0,2,-2
211000275,0,0,0
211000276,0,0,0
211000279,0,0,0
211000281,0,0,0
211507980,0,0,0
211977296,0,0,0
212000003,0,0,0
212000004,3,10,-7
212000005,8,7,1
212000006,11,63,-52
212000008,66,267,-201
212000009,8,123,-115
212000012,21,72,-51
212000013,4,49,-45
212000014,161,124,37
212000015,98,173,-75
212000016,386,386,0
212000027,0,0,0
212000028,0,0,0
212000029,0,0,0
212000030,0,0,0
212000031,0,0,0
212000048,6,41,-35
212000049,12,18,-6
212000050,19,13,6
212000051,69,156,-87
212000052,82,273,-191
212000053,266,406,-140
212000054,1,0,1
212000055,0,0,0
212000056,0,0,0
212000057,0,0,0
212000058,0,0,0
212000070,42,182,-140
212000077,69,500,-431
212000099,1,0,1
212000108,0,0,0
212000111,0,0,0
212000120,46,117,-71
212000138,26,16,10
212000156,4,69,-65
212000158,1,0,1
212000159,5,0,5
212000160,2,6,-4
212000161,0,0,0
212000310,17,43,-26
212000311,0,0,0
212000374,6,15,-9
213000001,9,274,-265
213000005,9,12,-3
213000006,24,3,21
213000007,0,0,0
213000009,0,0,0
213000010,0,0,0
213000011,0,0,0
213000012,41,153,-112
213000014,0,0,0
213000015,0,0,0
213000016,0,0,0
213000017,0,0,0
213000018,1,134,-133
213000019,7,95,-88
213000020,20,111,-91
213000021,2,73,-71
213000023,0,0,0
213000033,44,252,-208
213000034,0,0,0
213000035,0,0,0
213000045,37,52,-15
213000046,21,25,-4
213000047,201,106,95
213000056,0,0,0
213000069,0,0,0
213000073,0,9,-9
213000074,45,256,-211
213000075,0,0,0
213000076,0,0,0
213000085,1,31,-30
213000086,2,185,-183
213000091,0,0,0
213000092,0,0,0
213000099,75,244,-169
213000100,0,0,0
213000101,3,57,-54
213000102,9,205,-196
213000103,63,241,-178
213000104,37,191,-154
213000105,2,23,-21
213000106,6,152,-146
213000107,35,419,-384
213000108,4,242,-238
213000109,0,118,-118
213000110,2,20,-18
213000111,3,12,-9
213000112,91,76,15
213000115,0,0,0
213000116,20,139,-119
213000117,1,290,-289
213000118,80,87,-7
213000119,25,493,-468
213000120,52,516,-464
213000122,84,372,-288
213000123,394,435,-41
213000124,25,638,-613
213000125,0,0,0
213000126,19,15,4
213000127,44,48,-4
213000128,269,177,92
213000129,0,0,0
213000130,0,0,0
213000132,0,0,0
213000133,0,0,0
213000134,0,0,0
213000136,1,1,0
213000137,2,0,2
213000139,0,0,0
213000147,0,0,0
213000148,0,0,0
213000149,0,0,0
213000150,0,61,-61
213000151,0,50,-50
213000152,0,28,-28
213000153,0,17,-17
213000154,14,110,-96
213000155,15,226,-211
213000156,20,267,-247
213000157,252,316,-64
213000158,58,309,-251
213000159,0,0,0
213000163,0,0,0
213000165,0,0,0
213000171,1,67,-66
213000172,1,139,-138
213000173,2,142,-140
213000174,0,135,-135
213000175,2,90,-88
213000176,0,0,0
213000177,0,0,0
213000178,0,0,0
213000179,0,0,0
213000180,0,0,0
213000184,24,167,-143
213000188,0,0,0
213000189,0,0,0
213000190,20,387,-367
213000191,7,323,-316
213000192,10,271,-261
213000193,1292,85,1207
213000194,0,22,-22
213000195,6,212,-206
213000196,52,460,-408
213000197,0,0,0
213000198,0,0,0
213000200,49,551,-502
213000201,21,38,-17
213000202,4,519,-515
213000203,0,0,0
213000204,0,0,0
213000205,0,0,0
213000206,0,0,0
213000207,0,0,0
213000208,0,0,0
213000209,0,0,0
213000210,0,0,0
213000211,1,4,-3
213000212,3,10,-7
213000213,3,13,-10
213000218,48,373,-325
213000219,0,0,0
213000220,0,0,0
213000223,1,2,-1
213000224,0,0,0
213000225,1,0,1
213000226,0,0,0
213000227,0,0,0
213000228,0,0,0
213000229,0,0,0
213000230,0,0,0
213000232,7,198,-191
213000233,1,9,-8
213000234,2,33,-31
213000293,1,27,-26
213000294,0,0,0
213000295,0,28,-28
213000296,0,0,0
213000297,8,37,-29
213000298,19,38,-19
213000299,0,0,0
213000300,0,0,0
213000303,7,29,-22
213000304,8,10,-2
213000305,0,0,0
213000306,9,12,-3
213000307,0,0,0
213000308,25,116,-91
213000309,0,0,0
213000310,0,0,0
213000311,100,222,-122
213000315,22,62,-40
213000316,0,0,0
213000322,10,24,-14
213000323,0,0,0
213000324,6,30,-24
213000325,0,0,0
213000326,0,12,-12
213000327,0,0,0
213000328,7,17,-10
213000329,0,0,0
213000340,82,811,-729
213000341,0,0,0
213000346,0,0,0
213000347,0,0,0
213000348,2,67,-65
213000349,1,3,-2
213000350,48,719,-671
213000366,22,136,-114
213000367,3,0,3
213000379,16,54,-38
213000386,0,108,-108
213000406,35,209,-174
213000417,41,29,12
213000425,0,0,0
213000426,0,0,0
213000427,2,56,-54
213000428,1,47,-46
213000429,2,0,2
213000430,1,71,-70
213000431,29,0,29
213000432,0,1,-1
213000433,0,22,-22
213000434,0,0,0
213000435,0,0,0
213000436,0,0,0
213000437,0,0,0
213000438,0,0,0
213000439,2,2,0
213000440,3,34,-31
213000441,1,0,1
213000442,0,3,-3
213000443,0,29,-29
213000444,14,29,-15
213000445,0,10,-10
213000446,0,2,-2
213000447,0,1,-1
213000448,0,0,0
213000449,0,0,0
213000450,0,0,0
213000451,0,0,0
213000452,0,0,0
213000453,9,133,-124
213000455,0,1,-1
213000456,0,43,-43
213000481,0,0,0
213000482,0,0,0
213000489,0,0,0
213000491,1,31,-30
213000492,0,0,0
213000493,0,23,-23
213000494,0,0,0
213000495,0,87,-87
213000496,0,0,0
213000497,15,162,-147
213000498,38,97,-59
213000499,25,271,-246
213000500,0,0,0
213000501,0,0,0
213000502,0,0,0
213000503,2,29,-27
213000504,5,103,-98
213000505,0,2,-2
213000506,0,15,-15
213000507,0,98,-98
213900016,0,9,-9
213900244,0,0,0
213900245,0,27,-27
218000003,4,9,-5
218000004,7,16,-9
218000005,0,0,0
218000006,7,58,-51
218000007,2,20,-18
218000012,200,29,171
218000013,35,150,-115
218000014,308,238,70
218000019,844,354,490
218000020,292,332,-40
218000021,26,127,-101
218000022,5,76,-71
218000023,3,57,-54
218000024,0,34,-34
218000025,7,51,-44
218000026,8,94,-86
218000027,3,26,-23
218000028,1,15,-14
218000029,0,5,-5
218000030,17,67,-50
218000031,0,67,-67
218000032,1,58,-57
218000040,3,0,3
218000046,20,91,-71
218000047,4,129,-125
218000048,18,192,-174
218000049,39,122,-83
218000050,126,232,-106
218000051,24,281,-257
218000052,0,47,-47
218000053,1,13,-12
218000054,0,24,-24
218000055,1,5,-4
218000056,11,15,-4
218000057,0,28,-28
218000064,0,2,-2
218000065,1,0,1
218000066,0,0,0
218000067,13,105,-92
218000068,29,112,-83
218000069,54,289,-235
218000070,66,273,-207
218000071,130,232,-102
218000072,466,247,219
218000078,306,743,-437
218000079,17,67,-50
218000080,64,104,-40
218000081,126,198,-72
218000082,12,90,-78
218000083,11,70,-59
218000084,71,182,-111
218000085,184,403,-219
218000086,27,126,-99
218000087,123,150,-27
218000090,21,57,-36
218000091,303,234,69
218000092,37,165,-128
218000093,81,86,-5
218000094,243,578,-335
218000099,260,275,-15
218000100,126,235,-109
218000101,53,112,-59
218000102,99,202,-103
218000103,24,105,-81
218000104,11,40,-29
218000105,7,9,-2
218000106,3,16,-13
218000107,23,136,-113
218000108,0,80,-80
218000112,34,9,25
218000117,0,0,0
218000134,218,413,-195
218000135,10,36,-26
218000136,44,42,2
218000137,41,97,-56
218000138,2,50,-48
218000139,55,204,-149
218000140,34,102,-68
218000141,3,19,-16
218000142,57,150,-93
218000143,13,134,-121
218000144,9,47,-38
218000145,95,162,-67
218000146,33,136,-103
218000151,6,30,-24
218000152,25,68,-43
218000153,4,21,-17
218000154,9,3,6
218000155,12,6,6
218000156,126,68,58
218000157,17,51,-34
218000158,2,15,-13
218000159,17,5,12
218000160,9,3,6
218000161,36,13,23
218000162,53,30,23
218000163,7,8,-1
218000164,62,21,41
218000165,83,68,15
218000170,0,16,-16
218000171,12,11,1
218000172,2,5,-3
218000173,3,8,-5
218000174,3,5,-2
218000176,35,12,23
218000177,148,32,116
218000178,71,21,50
218000179,58,13,45
218000180,38,6,32
218000181,40,1,39
218000187,1,15,-14
218000188,5,23,-18
218000189,5,42,-37
218000190,6,15,-9
218000191,53,74,-21
218000192,91,378,-287
218000193,390,359,31
218000194,44,465,-421
218000195,122,100,22
218000196,146,237,-91
218000197,92,275,-183
218000198,1,83,-82
218000199,22,25,-3
218000200,5,23,-18
218000201,6,3,3
218000202,120,62,58
218000207,1,39,-38
218000208,18,28,-10
218000211,6,33,-27
218000212,1,9,-8
218000213,84,39,45
218000214,2,18,-16
218000215,27,150,-123
218000217,4,91,-87
218000218,425,89,336
218000219,3,9,-6
218000220,72,185,-113
218000221,52,109,-57
218000222,31,29,2
218000223,97,116,-19
218000224,3,58,-55
218000225,196,28,168
218000226,59,83,-24
218000230,0,3,-3
218000232,41,41,0
218000239,0,0,0
218000240,0,0,0
218000241,0,0,0
218000242,0,0,0
218000243,0,0,0
218000244,0,0,0
218000245,0,0,0
218000246,0,0,0
218000247,0,0,0
218000248,1,23,-22
218000249,0,2,-2
218000250,0,14,-14
218000251,1,15,-14
218000252,1,32,-31
218000253,0,2,-2
218000254,0,0,0
218000255,0,2,-2
218000256,0,22,-22
218000267,315,465,-150
218000268,1,51,-50
218000269,0,15,-15
218000270,15,113,-98
218000271,90,128,-38
218000273,0,0,0
218000274,0,0,0
218000275,34,40,-6
218000276,14,97,-83
218000278,16,33,-17
218000279,16,36,-20
218000280,0,11,-11
218000281,2,17,-15
218000282,77,49,28
218000284,0,0,0
218000301,19,75,-56
218000302,22,14,8
218000303,6,39,-33
218000316,494,430,64
218000317,271,508,-237
218000318,100,458,-358
218000319,325,982,-657
218000320,318,501,-183
218000338,3,23,-20
218000345,45,60,-15
218000346,0,0,0
218000459,57,326,-269
218000490,5,30,-25
218000501,5,5,0
218000502,17,118,-101
218000503,10,1,9
218000504,30,2,28
218000505,20,161,-141
218000506,67,101,-34
218000508,0,4,-4
218000510,62,8,54
218000520,81,72,9
218000521,0,11,-11
218000522,0,55,-55
218000523,0,0,0
218000524,10,26,-16
218000525,4,6,-2
218000526,15,28,-13
218000529,3,43,-40
218000530,7,13,-6
218000531,0,0,0
218000532,4,14,-10
218000534,0,0,0
218000537,0,0,0
218000538,27,58,-31
218000540,142,90,52
218000543,56,33,23
218000544,67,161,-94
218000545,21,50,-29
218000546,25,117,-92
218000547,21,54,-33
218000548,63,123,-60
218000549,91,43,48
218000550,142,401,-259
218000551,146,133,13
218000552,48,30,18
218000553,2,27,-25
218000554,5,13,-8
218000555,3,17,-14
218000556,57,335,-278
218000557,98,52,46
218000558,0,0,0
218000559,0,10,-10
218000560,0,0,0
218000561,0,0,0
218000562,16,113,-97
218000563,12,12,0
218000564,8,50,-42
218000565,7,15,-8
218000566,22,6,16
218000567,2,7,-5
218000568,0,0,0
218000569,2,20,-18
218000570,2,3,-1
218000571,0,18,-18
218000572,0,0,0
218000573,7,13,-6
218000574,1,17,-16
218000575,0,0,0
218000576,0,9,-9
218000577,0,0,0
218000578,0,25,-25
218000579,11,0,11
218000581,2,52,-50
218000582,2,0,2
218000583,1,0,1
218000584,0,24,-24
218000585,2,3,-1
218000586,2,35,-33
218000587,0,0,0
218000588,0,1,-1
218000589,0,0,0
218000590,0,0,0
218000591,0,8,-8
218000592,0,0,0
218000593,0,0,0
218000594,0,0,0
218000595,0,0,0
218000596,0,0,0
218000597,0,0,0
218000598,0,0,0
218000599,0,0,0
218000600,0,0,0
218000601,0,0,0
218000602,0,0,0
218000603,0,2,-2
218000604,0,0,0
218000605,0,9,-9
218000606,0,0,0
218000607,8,14,-6
218000608,0,1,-1
218000609,0,12,-12
218000610,9,2,7
218000611,0,1,-1
218000612,0,15,-15
218000613,5,0,5
218000614,0,16,-16
218000615,1,0,1
218000616,1,100,-99
218000617,0,0,0
218000618,0,13,-13
218000619,4,1,3
218000620,2,16,-14
218000621,0,0,0
218000622,0,2,-2
218000623,0,1,-1
218000624,0,4,-4
218000625,0,0,0
218000626,0,4,-4
218000628,9,6,3
218000631,0,0,0
218000632,1,20,-19
218000633,0,0,0
218000634,0,4,-4
218000635,2,5,-3
218000636,341,770,-429
218000637,222,241,-19
218000638,0,0,0
218000639,4,309,-305
218000640,0,0,0
218000641,9,257,-248
218000652,80,130,-50
218000653,187,134,53
218000663,0,6,-6
218000675,1,3,-2
218000676,3,37,-34
218000677,11,14,-3
218000680,26,73,-47
218000681,0,0,0
218000691,17,88,-71
218000693,0,0,0
218000703,11,92,-81
218000718,65,109,-44
218000719,9,28,-19
218000720,1,7,-6
218000721,6,5,1
218000725,3,14,-11
218001214,6,15,-9
218001258,0,0,0
218001329,0,0,0
218001330,18,18,0
218001351,0,0,0
218001352,2,2,0
218001353,0,0,0
218001354,0,2,-2
218001355,0,2,-2
218001356,0,0,0
218001357,0,0,0
218001358,0,0,0
218001361,0,0,0
219000001,17,64,-47
219000002,30,89,-59
219000003,205,37,168
219000004,197,65,132
219000017,21,35,-14
219000020,31,7,24
219000022,20,4,16
219000023,24,2,22
219000029,1,80,-79
219000034,0,0,0
219000039,10,46,-36
219000040,13,25,-12
219000041,38,59,-21
219000051,0,116,-116
219000052,2,29,-27
219000053,0,142,-142
219000054,37,127,-90
219000055,23,5,18
219000056,1,1,0
219000057,25,0,25
219000062,1,148,-147
219000063,47,13,34
219000064,5,21,-16
219000110,45,15,30
219000111,47,13,34
219000112,78,17,61
219000113,42,21,21
219000114,81,10,71
219000116,80,52,28
219000117,151,133,18
219000118,49,153,-104
219000123,171,90,81
219000124,36,62,-26
219000125,6,31,-25
219000126,33,54,-21
219000127,0,10,-10
219000128,12,146,-134
219000129,27,183,-156
219000130,1841,674,1167
219000131,1556,1334,222
219000133,27,74,-47
219000134,15,37,-22
219000135,182,113,69
219000136,284,251,33
219000138,6,18,-12
219000139,6,65,-59
219000140,0,0,0
219000141,2,77,-75
219000142,0,81,-81
219000143,6,80,-74
219000145,0,18,-18
219000146,13,83,-70
219000147,3,50,-47
219000148,0,36,-36
219000149,26,195,-169
219000150,4,125,-121
219000151,2,120,-118
219000157,67,69,-2
219000158,77,224,-147
219000161,124,72,52
219000163,953,215,738
219000166,32,111,-79
219000167,41,208,-167
219000168,122,19,103
219000174,0,0,0
219000175,0,0,0
219000176,0,0,0
219000177,0,0,0
219000178,0,0,0
219000179,0,0,0
219000180,8,32,-24
219000182,0,0,0
219000183,0,35,-35
219000184,0,0,0
219000185,0,138,-138
219000186,0,22,-22
219000187,2,82,-80
219000189,149,178,-29
219000190,188,182,6
219000191,1208,521,687
219000192,179,390,-211
219000193,521,255,266
219000195,0,36,-36
219000196,8,87,-79
219000198,13,138,-125
219000199,34,155,-121
219000200,34,148,-114
219000201,42,132,-90
219000203,12,98,-86
219000204,18,133,-115
219000205,22,186,-164
219000207,97,160,-63
219000209,16,55,-39
219000210,18,81,-63
219000213,7,187,-180
219000239,58,64,-6
219000240,38,149,-111
219000241,29,121,-92
219000242,31,112,-81
219000243,27,282,-255
219000244,5,77,-72
219000245,3,15,-12
219000246,0,0,0
219000247,0,0,0
219000248,0,0,0
219000249,0,0,0
219000250,0,0,0
219000251,0,0,0
219000252,0,0,0
219000253,0,0,0
219000255,0,0,0
219000256,0,0,0
219000257,0,0,0
219000262,44,295,-251
219000263,53,185,-132
219000267,1,114,-113
219000268,4,11,-7
219000269,0,0,0
219000270,0,0,0
219000271,119,2,117
219000278,0,6,-6
219000279,0,5,-5
219000283,0,9,-9
219000295,17,86,-69
219000296,46,429,-383
219000297,11,138,-127
219000298,10,215,-205
219000299,0,0,0
219000300,31,359,-328
219000301,62,305,-243
219000302,14,175,-161
219000307,27,95,-68
219000308,47,62,-15
219000311,0,0,0
219000312,0,0,0
219000313,0,0,0
219000314,100,485,-385
219000315,0,0,0
219000316,0,0,0
219000317,0,0,0
219000320,1,34,-33
219000321,0,10,-10
219000323,8,37,-29
219000325,2,46,-44
219000326,46,142,-96
219000327,31,27,4
219000328,25,34,-9
219000329,410,185,225
219000330,23,59,-36
219000331,30,61,-31
219000332,0,0,0
219000333,0,0,0
219000335,0,0,0
219000337,0,0,0
219000338,0,0,0
219000344,33,78,-45
219000345,88,143,-55
219000346,36,152,-116
219000348,65,109,-44
219000349,21,177,-156
219000350,10,88,-78
219000351,0,7,-7
219000352,54,46,8
219000353,57,89,-32
219000354,83,147,-64
219000355,51,12,39
219000356,898,465,433
219000363,291,89,202
219000364,104,58,46
219000365,98,9,89
219000366,503,150,353
219000368,182,90,92
219000370,393,161,232
219000371,7,15,-8
219000382,8,18,-10
219000383,599,459,140
219000385,574,295,279
219000386,697,820,-123
219000387,0,2,-2
219000390,0,0,0
219000391,0,0,0
219000397,76,118,-42
219000398,107,40,67
219000401,9,37,-28
219000402,4,33,-29
219000403,18,51,-33
219000404,6,19,-13
219000407,1,16,-15
219000409,0,0,0
219000410,0,0,0
219000411,0,0,0
219000446,192,354,-162
219000447,0,19,-19
219000448,0,0,0
219000452,0,0,0
219000453,19,53,-34
219000454,140,74,66
219000556,0,0,0
219000558,42,161,-119
219000590,3,90,-87
219000591,0,0,0
219000592,82,366,-284
219000595,1,27,-26
219000635,0,0,0
219000636,9,122,-113
219000657,15,19,-4
219000658,8,38,-30
219000673,0,25,-25
219000676,0,2,-2
219000679,15,40,-25
219000684,23,3,20
219000685,0,84,-84
219000686,10,1,9
219000688,2,208,-206
219000689,98,80,18
219000690,0,0,0
219000691,39,29,10
219000692,5,28,-23
219000693,0,27,-27
219000694,0,0,0
219000695,0,0,0
219000698,0,0,0
219000699,0,6,-6
219000727,2,141,-139
219000728,48,1,47
219000770,0,0,0
219000771,1,18,-17
219000788,104,91,13
219001150,5,2,3
219001151,0,4,-4
219001166,0,0,0
219001167,2,36,-34
219001178,22,2,20
220000001,3,21,-18
220000002,7,77,-70
220000003,162,228,-66
220000004,264,318,-54
220000005,877,960,-83
220000006,79,420,-341
220000007,213,605,-392
220000008,121,650,-529
220000009,217,325,-108
220000010,15,27,-12
220000011,155,130,25
220000012,7,19,-12
220000014,4,47,-43
220000015,0,0,0
220000017,12,140,-128
220000018,1008,101,907
220000019,17,91,-74
220000020,93,240,-147
220000021,149,115,34
220000022,297,442,-145
220000023,82,140,-58
220000024,988,340,648
220000025,422,336,86
220000026,169,103,66
220000027,5,45,-40
220000028,10,41,-31
220000029,34,89,-55
220000030,28,53,-25
220000031,27,103,-76
220000064,0,0,0
221000046,0,1,-1
221000047,0,1,-1
221000048,0,0,0
221000049,0,11,-11
221000050,2,0,2
221000055,19,40,-21
221000057,10,0,10
221000068,104,27,77
221000069,41,17,24
221000070,30,7,23
221000071,3,1,2
221000072,54,4,50
221000073,22,16,6
221000074,0,9,-9
221000075,1,23,-22
221000076,5,70,-65
221000077,17,96,-79
221000081,1,1,0
221000082,5,2,3
221000083,2,0,2
221000084,1,0,1
221000085,13,64,-51
221000086,23,169,-146
221000087,5,150,-145
221000088,26,99,-73
221000089,41,160,-119
221000090,311,270,41
221000098,9,0,9
221000099,16,2,14
221000100,6,0,6
221000101,36,5,31
221000102,38,2,36
221000109,7,104,-97
221000110,11,133,-122
221000111,9,141,-132
221000112,6,108,-102
221000113,19,170,-151
221000114,21,190,-169
221000120,0,4,-4
221000121,0,0,0
221000122,0,0,0
221000123,1,2,-1
221000124,1,86,-85
221000155,0,0,0
221000156,0,0,0
221000175,0,0,0
221000176,0,0,0
221000182,7,2,5
221000241,368,61,307
221000242,375,223,152
221000243,168,40,128
221000244,84,207,-123
221000245,16,51,-35
221000246,29,126,-97
221000247,6,85,-79
221000248,16,102,-86
221000267,5,177,-172
221000325,5,7,-2
221000331,0,7,-7
221000338,0,0,0
221000378,0,0,0
221000381,2,20,-18
222000282,0,0,0
222000296,0,1,-1
222000568,0,0,0
222000569,0,0,0
222000570,0,0,0
222000571,0,0,0
222000577,2,62,-60
222000578,7,43,-36
222000579,13,20,-7
222000580,26,174,-148
222000599,0,28,-28
222000600,0,42,-42
222000601,2,83,-81
222000603,7,5,2
222000604,0,1,-1
222000605,0,1,-1
222000606,0,1,-1
222000607,0,1,-1
222000608,1,2,-1
222000609,1,40,-39
222000616,0,0,0
222000617,0,0,0
222000618,0,0,0
222000620,0,0,0
222000621,0,0,0
222000623,0,0,0
222000624,0,0,0
222000625,0,14,-14
222000636,0,0,0
222000686,0,0,0
222000687,0,0,0
222001066,0,0,0
222001067,0,0,0
222001068,0,0,0
222001069,0,0,0
222001082,1,21,-20
222001083,3,13,-10
222001084,0,5,-5
222001085,0,57,-57
222001111,0,74,-74
222001112,0,0,0
222001313,0,0,0
222001314,0,7,-7
222001464,0,0,0
222001465,0,4,-4
222001484,0,0,0
222001485,5,11,-6
222001494,0,0,0
222001495,2,21,-19
222001496,0,0,0
222001497,2,32,-30
222001502,17,138,-121
222001503,0,0,0
222001504,10,198,-188
222001505,0,0,0
222001506,13,185,-172
222001507,0,0,0
222001510,0,0,0
222001511,17,221,-204
222001514,0,0,0
222001515,88,408,-320
222001518,0,0,0
222001519,18,221,-203
222001527,0,0,0
222001528,39,112,-73
222001529,0,0,0
222001530,14,133,-119
222001533,79,432,-353
222001534,0,0,0
222001535,0,0,0
222001536,1,12,-11
222001537,0,0,0
222001538,23,260,-237
222001563,0,0,0
222001564,18,482,-464
222001568,0,38,-38
222001576,0,0,0
222001579,0,0,0
222001583,2,28,-26
222001584,0,0,0
222001596,54,486,-432
222001597,0,0,0
222001626,0,32,-32
222001650,1,22,-21
222001651,0,0,0
222001914,0,0,0
222001915,20,103,-83
222001968,0,0,0
222001969,4,5,-1
222001970,0,0,0
222001971,0,0,0
222001972,0,14,-14
225000001,13,2,11
225000002,25,3,22
225000003,22,1,21
225000004,18,23,-5
225000005,0,0,0
225000006,0,60,-60
225000007,2406,471,1935
225000010,87,19,68
225000011,0,0,0
225000012,0,0,0
225000013,0,0,0
225000014,0,0,0
225000015,62,149,-87
225000021,0,0,0
225000027,98,296,-198
225000032,0,0,0
225000042,32,528,-496
225000049,24,53,-29
225000050,16,3,13
225000053,3,82,-79
225000058,0,0,0
225000067,49,201,-152
225000068,24,399,-375
225000069,61,359,-298
225000070,57,341,-284
225000071,20,214,-194
225000075,19,457,-438
225000076,36,65,-29
225000078,0,0,0
225000085,0,0,0
225000086,0,0,0
225000087,0,0,0
225000088,1,69,-68
225000089,653,304,349
225000090,14,203,-189
225000091,27,140,-113
225000092,11,55,-44
225000093,41,365,-324
225000094,4,320,-316
225000095,125,500,-375
225000096,56,316,-260
225000098,23,9,14
225000099,15,6,9
225000100,9,5,4
225000104,19,251,-232
225000110,16,268,-252
225000111,50,644,-594
225000112,61,606,-545
225000113,44,364,-320
225000114,37,180,-143
225000115,1825,235,1590
225000116,0,0,0
225000117,0,0,0
225000118,0,0,0
225000119,0,0,0
225000120,0,0,0
225000121,0,0,0
225000123,0,0,0
225000125,22,34,-12
225000126,235,5,230
225000127,321,36,285
225000128,30,26,4
225000132,71,27,44
225000133,35,25,10
225000134,191,23,168
225000135,30,2,28
225000136,54,7,47
225000137,29,10,19
225000138,112,4,108
225000143,26,69,-43
225000144,2,193,-191
225000145,0,0,0
225000146,7,82,-75
225000147,4,229,-225
225000148,0,143,-143
225000149,66,264,-198
225000151,41,89,-48
225000155,125,197,-72
225000156,63,234,-171
225000157,38,195,-157
225000158,23,261,-238
225000171,0,103,-103
225000180,18,0,18
225000181,0,21,-21
225000182,0,0,0
225000185,7,151,-144
225000187,31,249,-218
225000191,0,0,0
225000194,0,11,-11
225000208,1,44,-43
225000209,0,0,0
225000210,2,73,-71
225000217,0,12,-12
225000218,0,0,0
225000223,0,28,-28
225000224,0,0,0
225000225,0,6,-6
225000226,0,0,0
225000227,26,39,-13
225000228,0,0,0
225000229,0,51,-51
225000230,0,0,0
225000231,2,78,-76
225000232,0,0,0
225000241,0,0,0
225000242,1,44,-43
225000249,0,0,0
225000250,59,450,-391
225000251,112,21,91
225000254,0,0,0
225000256,0,3,-3
225000257,0,1,-1
226000042,116,227,-111
226000043,11,181,-170
226000044,62,570,-508
226000045,40,377,-337
226000046,72,27,45
226000047,86,26,60
226000048,114,13,101
226000049,73,31,42
226000070,1,44,-43
226000071,0,31,-31
226000072,0,8,-8
226000073,0,5,-5
226000074,0,7,-7
226000084,2,33,-31
226000085,0,6,-6
226000086,1,3,-2
226000087,0,11,-11
226000088,1,4,-3
226000090,4,3,1
226000091,0,0,0
226000092,0,0,0
226000093,0,0,0
226000094,3,0,3
226000095,2,0,2
226000105,0,0,0
226000106,0,0,0
226000107,0,0,0
226000108,0,0,0
226000109,12,1,11
226000124,82,18,64
226000134,201,113,88
226000135,397,249,148
226000136,75,75,0
226000137,9,255,-246
226000138,11,156,-145
226000139,0,13,-13
226000156,13,0,13
226000157,42,0,42
226000163,10,23,-13
226000202,1,204,-203
226000231,27,3,24
226000232,3,0,3
227000033,0,0,0
227000036,0,0,0
227000037,0,0,0
227000038,0,0,0
227000084,0,22,-22
227000085,0,18,-18
227000088,0,0,0
227000089,0,0,0
227000090,0,0,0
227000091,0,0,0
227000092,0,0,0
227000093,0,0,0
227000094,0,0,0
227000130,5,53,-48
227000131,9,224,-215
227000132,4,197,-193
227000133,6,218,-212
227000134,8,317,-309
227000152,0,6,-6
227000153,0,33,-33
227000154,0,20,-20
227000155,0,13,-13
227000156,0,15,-15
227000165,0,22,-22
227000196,61,167,-106
227000199,3,258,-255
227000230,29,304,-275
227000232,0,0,0
227000242,54,395,-341
227000243,0,0,0
227000245,50,372,-322
227000246,52,402,-350
227000247,0,0,0
227000248,0,0,0
227000249,17,276,-259
227000250,19,11,8
227000251,118,246,-128
227000252,20,402,-382
227000253,0,0,0
227000262,0,0,0
227000266,0,0,0
227000267,28,1294,-1266
227000282,22,119,-97
227000284,0,0,0
227000286,18,34,-16
227000287,11,102,-91
227000291,66,335,-269
227000296,0,0,0
227000484,0,0,0
227000485,24,426,-402
227000655,0,0,0
227000656,0,0,0
227000657,0,0,0
227000661,0,0,0
229000265,0,18,-18
229000266,0,0,0
229000267,0,0,0
229000268,0,0,0
229000269,0,0,0
229000274,0,1,-1
229000275,0,0,0
229000276,0,0,0
229000277,0,1,-1
229000278,0,0,0
229000295,2,2,0
229000296,1,1,0
229000297,6,13,-7
229000298,13,38,-25
229000320,0,2,-2
229000321,1,1,0
229000412,1,26,-25
229000414,0,20,-20
229000415,1,0,1
229000416,0,0,0
229000417,0,4,-4
229000419,25,123,-98
229000440,26,9,17
229000442,0,1,-1
229000443,1,0,1
229000444,2,21,-19
229000445,0,0,0
229000446,4,2,2
229000491,10,46,-36
229000492,27,126,-99
229000493,2,100,-98
229000494,42,32,10
229000495,142,122,20
229000496,13,139,-126
229000507,0,46,-46
229000508,7,27,-20
229000509,1,46,-45
229000510,2,55,-53
229000511,1,53,-52
229000512,1,33,-32
229000513,0,8,-8
229000514,0,4,-4
229000517,1,9,-8
229000518,6,38,-32
229000519,1,10,-9
229000520,6,44,-38
229000521,48,72,-24
229000522,4,25,-21
229000523,9,31,-22
229000524,4,20,-16
229000527,4,10,-6
229000528,2,4,-2
229000529,10,3,7
229000530,77,38,39
229000531,16,50,-34
229000532,26,24,2
229000533,220,115,105
229000534,96,37,59
229000564,79,18,61
229000565,22,28,-6
229000566,0,42,-42
229000567,3,119,-116
229000582,325,19,306
229000583,6,24,-18
229000584,0,42,-42
229000585,11,62,-51
229000718,0,3,-3
229000719,0,1,-1
229000720,0,12,-12
229000721,0,12,-12
229000722,0,33,-33
229000723,0,16,-16
229000724,0,3,-3
229000725,0,20,-20
229000738,12,3,9
229000739,1,0,1
229000740,7,0,7
229000741,68,0,68
229000742,31,2,29
229000743,86,2,84
229000744,6,3,3
229000745,4,0,4
229000746,105,4,101
229000847,47,4,43
229000848,28,3,25
229000849,335,4,331
229000851,21,0,21
229000854,0,35,-35
229000856,0,68,-68
229000857,0,20,-20
229000858,1,73,-72
229000919,8,97,-89
229000930,1,120,-119
229000937,269,35,234
229000966,79,31,48
229000981,10,56,-46
229000985,1,8,-7
229000986,0,5,-5
229000987,0,0,0
229000988,0,2,-2
229000989,0,1,-1
229000990,0,0,0
229000991,0,0,0
229000992,2,2,0
229000993,12,7,5
229000998,13,16,-3
229000999,7,0,7
229001034,0,17,-17
229001035,0,4,-4
229001036,2,4,-2
229001037,4,11,-7
229001038,0,1,-1
229001039,0,0,0
229001040,0,10,-10
229001041,0,0,0
229001042,0,1,-1
229001047,2,19,-17
229001050,1,29,-28
229001168,0,6,-6
229001200,0,0,0
229001338,0,15,-15
229001394,227,5,222
229001422,361,61,300
229001423,23,154,-131
229001431,231,63,168
229001432,23,55,-32
229001444,5,4,1
229001445,8,98,-90
229001479,12,17,-5
229001503,260,99,161
229001504,48,137,-89
229001505,365,61,304
229001506,38,137,-99
229001509,10,23,-13
229001510,0,4,-4
229001545,102,21,81
229001546,9,75,-66
229001553,57,23,34
229001554,7,107,-100
229001630,2,0,2
229001631,9,14,-5
229001635,0,6,-6
229001636,0,0,0
229001658,2,56,-54
229001659,185,7,178
229001660,0,2,-2
229001661,0,6,-6
229001662,22,1,21
229001663,0,12,-12
229002584,22,10,12
229002831,48,61,-13
229002841,0,13,-13
229002842,2,5,-3
229002843,1,1,0
229002844,5,36,-31
229002845,1,26,-25
229002846,0,1,-1
229002847,5,2,3
229002848,0,6,-6
229002849,1,20,-19
229002850,0,0,0
229002851,4,32,-28
229002852,6,1,5
229002853,4,3,1
229002854,8,23,-15
229002855,2,20,-18
229002856,1,1,0
229002857,0,18,-18
229002858,1,1,0
229002859,0,9,-9
229002860,1,3,-2
229002861,8,6,2
229002862,1,18,-17
229002863,3,8,-5
229002864,2,5,-3
229002865,0,4,-4
229002866,0,2,-2
229002867,2,8,-6
229002868,0,2,-2
229002869,1,40,-39
229002870,0,0,0
235000066,0,0,0
235000067,0,0,0
235000072,17,90,-73
235000073,33,219,-186
235000074,19,62,-43
235000080,4,59,-55
235000081,38,117,-79
235000082,0,0,0
235000083,0,0,0
235000084,0,0,0
235000085,0,0,0
235000089,0,0,0
235000092,12,176,-164
235000093,3,2,1
235000097,0,0,0
235000098,0,0,0
235000099,0,0,0
235000116,0,0,0
235000117,0,0,0
235000133,5,155,-150
235000134,3,68,-65
235000206,0,0,0
235000207,0,0,0
235000208,0,0,0
235000209,0,0,0
235000210,0,0,0
235000212,1,12,-11
235000213,0,6,-6
235000220,0,1,-1
235000221,13,5,8
235000238,0,0,0
235000239,0,1,-1
235000242,42,11,31
235000245,531,224,307
235000246,3,70,-67
235000284,1,54,-53
235000295,0,0,0
235000305,0,0,0
235000306,0,0,0
235000307,0,0,0
235000308,0,0,0
235000309,0,0,0
235000310,0,0,0
235000311,0,3,-3
235000322,0,9,-9
235000323,0,22,-22
235000324,0,5,-5
235000325,0,5,-5
235000326,2,114,-112
235000351,0,37,-37
235000352,1,40,-39
235000353,1,26,-25
235000354,1,23,-22
235000355,1,58,-57
235000356,0,0,0
235000357,0,0,0
235000358,0,0,0
235000359,0,0,0
235000360,0,0,0
235000361,0,0,0
235000381,31,166,-135
235000382,0,0,0
235000390,0,0,0
235000391,0,0,0
235000392,0,0,0
235000393,0,0,0
235000395,0,0,0
235000396,0,0,0
235000400,0,0,0
235000401,5,106,-101
235000405,47,308,-261
235000406,12,203,-191
235000407,34,90,-56
235000409,87,119,-32
235000410,18,161,-143
235000411,0,71,-71
235000485,0,11,-11
235000486,0,0,0
235000549,0,0,0
235000550,80,138,-58
235000599,82,102,-20
235000600,7,8,-1
235000601,0,0,0
235000602,0,0,0
235000614,0,0,0
235000648,0,54,-54
235000649,0,0,0
235000685,0,3,-3
235000815,4,27,-23
235000834,0,3,-3
235000855,0,0,0
235000862,11,114,-103
235000891,0,5,-5
235000892,48,23,25
235000901,95,100,-5
235000907,9,6,3
235001010,0,0,0
235001029,460,212,248
235001030,0,0,0
235001078,0,0,0
235001079,19,84,-65
235001147,0,0,0
235001166,0,0,0
235001167,4,44,-40
235001169,5,168,-163
235001188,1,3,-2
235001189,0,0,0
235001197,1,13,-12
235001200,17,67,-50
235001207,0,0,0
235001210,2,76,-74
235001215,19,69,-50
235001239,0,48,-48
235001244,0,0,0
235016267,0,6,-6
277101746,0,39,-39
277102712,0,0,0
277103813,0,0,0
277103898,0,5,-5
277104249,0,2,-2
277104250,0,0,0
277104251,0,2,-2
277104252,0,0,0
990011530,0,173,-173
990014944,1,322,-321
990015176,0,0,0
990015618,1,71,-70
990016032,0,149,-149
990032570,0,77,-77
990070001,0,0,0
990070103,0,1,-1
990070601,0,21,-21
990070751,0,0,0
990070766,0,177,-177
990071180,0,64,-64
990071343,0,0,0
990071387,0,3,-3
990071823,0,0,0
990072600,2,359,-357
990072964,0,293,-293
990073285,0,1,-1
990074393,0,303,-303
990074870,0,1,-1
990075106,0,0,0
990075746,0,2,-2
990076437,0,0,0
990076458,5,558,-553
997000007,0,0,0
997000041,1,94,-93
997000058,0,0,0
997000062,0,0,0
997000069,0,7,-7
997000070,0,57,-57
997000100,0,0,0
997000141,0,1,-1
997000198,0,0,0
998000475,0,19,-19
998000736,0,97,-97
998000965,0,0,0
998001031,0,19,-19
998001700,0,16,-16
998001899,0,0,0
998001900,29,6,23
998003073,0,0,0
998101900,0,0,0
998102850,0,4,-4
998501927,1,194,-193
998501929,14,1,13
998501930,9,0,9
998501931,17,12,5
998501932,24,9,15
998501933,0,0,0
998501937,0,0,0
998501944,0,2,-2
998501950,0,0,0
998501970,9,2,7
998501971,1,102,-101
998501973,0,29,-29
998501974,1,120,-119
998501975,1,1,0
998501976,3,0,3
998501977,0,18,-18
998501978,0,0,0
998501979,0,28,-28
998501980,0,0,0
998501981,0,0,0
998501982,0,112,-112
998502006,0,0,0
998502024,0,3,-3
998502032,0,1,-1
998502062,0,0,0
998502063,0,0,0
998502173,0,0,0
998502269,0,2,-2
998601159,0,63,-63
998601292,0,3,-3
999033574,0,365,-365
999800001,0,0,0
999800002,0,0,0
999800003,0,4,-4
999800004,0,14,-14
999800005,0,23,-23
