ID,insum,outsum,diff
100000001,756,1261,-505
100000002,3563,3024,539
100000003,7622,5904,1718
100000004,1537,1560,-23
100000005,3225,6435,-3210
100000006,554,232,322
100000007,2163,941,1222
100000008,167,486,-319
100000009,493,381,112
100000010,60,146,-86
100000011,1238,151,1087
100000012,118,991,-873
100000013,41,293,-252
100000014,327,378,-51
100000015,2247,2829,-582
100000016,964,1620,-656
100000017,571,1214,-643
100000018,1569,916,653
100000019,4836,2454,2382
100000020,2601,8205,-5604
100000021,5955,2838,3117
100000022,1694,3408,-1714
100000023,6367,2470,3897
100000025,1133,1733,-600
100000028,1653,1709,-56
100000029,213,476,-263
100000030,217,85,132
100000031,4875,8542,-3667
100000032,2592,4641,-2049
100000033,1079,3457,-2378
100000034,424,736,-312
100000035,1650,2395,-745
100000036,1930,1876,54
100000037,874,548,326
100000038,2737,1235,1502
100000039,748,703,45
100000040,279,176,103
100000041,1685,655,1030
100000042,1150,622,528
100000043,1043,537,506
100000044,370,858,-488
100000045,529,1072,-543
100000046,753,1019,-266
100000047,450,665,-215
100000048,835,695,140
100000049,1674,1547,127
100000051,623,901,-278
100000053,354,15,339
100000054,663,63,600
100000055,1540,296,1244
100000056,696,597,99
100000057,2402,778,1624
100000058,1157,1068,89
100000059,31,177,-146
100000060,502,402,100
100000061,2898,616,2282
100000062,2421,637,1784
100000063,968,283,685
100000064,1645,374,1271
100000065,431,840,-409
100000066,175,732,-557
100000067,627,644,-17
100000068,554,1550,-996
100000069,364,1297,-933
100000072,240,1066,-826
100000073,1233,1385,-152
100000075,837,343,494
100000076,2078,3745,-1667
100000077,210,288,-78
100000078,59,41,18
100000079,48,65,-17
100000080,24,67,-43
100000081,191,208,-17
100000102,2823,3060,-237
100000103,2495,2099,396
100000104,4540,3488,1052
100000105,2567,2279,288
100000106,2815,3125,-310
100000107,594,1438,-844
100000108,892,1284,-392
100000109,2168,1578,590
100000116,1481,1278,203
100000117,118,173,-55
100000118,1421,1952,-531
100000119,757,1106,-349
100000121,460,570,-110
100000122,1004,1597,-593
100000123,3269,5362,-2093
100000124,4351,7098,-2747
100000125,4218,2290,1928
100000126,937,739,198
100000127,1911,507,1404
100000128,1343,3488,-2145
100000129,686,616,70
100000130,622,525,97
100000131,2430,3355,-925
100000132,1460,3969,-2509
100000133,4575,2561,2014
100000135,690,1480,-790
100000139,489,481,8
100000140,479,481,-2
100000142,601,657,-56
100000143,790,474,316
100000144,3832,862,2970
100000147,1420,4058,-2638
100000150,75,419,-344
100000151,1280,1522,-242
100000153,369,590,-221
100000154,59,409,-350
100000155,21,62,-41
100000156,553,601,-48
100000157,200,186,14
100000158,370,133,237
100000159,201,854,-653
100000165,1961,1089,872
100000169,307,1030,-723
100000174,868,1087,-219
100000179,89,710,-621
100000180,4133,5404,-1271
100000181,974,388,586
100000188,128,274,-146
100000189,1683,557,1126
100000190,1041,1517,-476
100000191,917,875,42
100000192,81,120,-39
100000193,357,252,105
100000330,1373,1162,211
100000355,231,1302,-1071
100000362,4402,3152,1250
100000363,5648,5616,32
100000364,273,295,-22
100000365,7092,8902,-1810
100000366,6328,3933,2395
100000367,6560,9090,-2530
100000368,2444,1610,834
100000369,1353,2690,-1337
100000370,274,1167,-893
100000376,58,236,-178
100000379,2482,2493,-11
100000380,4918,6249,-1331
100000384,6415,7303,-888
100000385,4354,5766,-1412
100000386,7857,6832,1025
100000387,5435,7195,-1760
100000388,7467,8930,-1463
100000389,8906,8254,652
100000390,9522,8475,1047
100000391,7325,11772,-4447
100000392,3560,4973,-1413
100000393,3409,6493,-3084
100000394,8187,11293,-3106
100000395,6262,5268,994
100000396,8600,4820,3780
100000397,5966,8867,-2901
100000398,12061,9193,2868
100900002,7,22,-15
100900003,437,205,232
100900004,27,1244,-1217
100900005,146,29,117
100900006,38,60,-22
100900007,438,8,430
100900008,1,436,-435
100900009,103,144,-41
100900010,113,47,66
100900011,181,226,-45
100900012,1,176,-175
100900013,1315,7,1308
100900014,4,15,-11
100900015,130,80,50
100900016,13,37,-24
100900017,1037,98,939
100900018,0,16,-16
100900019,24,192,-168
100900020,370,19,351
100900021,561,1,560
100900022,21,63,-42
100900023,0,32,-32
100900024,783,8,775
100900025,46,12,34
100900026,159,153,6
100900027,684,3397,-2713
100900028,124,311,-187
100900029,53,5,48
100900030,1,150,-149
100900031,777,65,712
100900032,349,1,348
100900033,362,299,63
100900034,700,1,699
100900035,502,3,499
100900036,20,0,20
100900037,138,205,-67
100900038,94,45,49
100900039,278,413,-135
100900040,633,643,-10
100900041,1163,554,609
100900042,1289,1972,-683
100900043,1,10,-9
100900044,1846,708,1138
100900045,6,4,2
100900046,1603,18,1585
100900047,834,279,555
100900048,176,52,124
100900049,102,163,-61
100900050,0,12,-12
100900051,126,167,-41
100900052,441,68,373
100900053,534,27,507
100900054,14,56,-42
100900055,409,867,-458
100900056,163,249,-86
100900057,1973,1139,834
100900058,320,70,250
100900059,140,15,125
100900060,237,4,233
100900061,342,180,162
100900062,9,29,-20
100900063,358,809,-451
100900064,943,43,900
100900065,146,114,32
100900066,181,162,19
100900067,10,11,-1
100900068,150,123,27
100900069,394,14,380
100900070,457,1,456
100900071,730,240,490
100900072,2,40,-38
100900073,174,423,-249
100900074,7,13,-6
100900075,2213,487,1726
100900076,12,38,-26
100900077,57,86,-29
100900078,160,369,-209
100900079,21,25,-4
100900080,76,221,-145
100900081,40,185,-145
100900082,141,402,-261
100900083,15,22,-7
100900085,14,472,-458
100900086,201,776,-575
100900088,143,385,-242
100900089,6,16,-10
100900090,134,716,-582
100900091,12,18,-6
100900092,278,209,69
100900093,310,451,-141
100900094,197,367,-170
100900095,5,28,-23
100900096,91,157,-66
100900097,6,4,2
100900098,20,10,10
100900099,47,458,-411
100900100,34,695,-661
100900101,389,75,314
100900102,87,217,-130
100900103,8,16,-8
100900104,5,178,-173
100900105,59,587,-528
100900106,43,4,39
100900107,2026,907,1119
100900108,12,73,-61
100900109,17,27,-10
100900110,5,18,-13
100900111,72,205,-133
100900112,3,28,-25
100900113,27,30,-3
100900114,17,11,6
100900115,12,36,-24
100900116,985,778,207
100900117,337,1151,-814
100900118,277,157,120
100900119,36,10,26
100900120,5,8,-3
100900121,413,595,-182
100900122,166,184,-18
100900123,245,167,78
100900124,15,17,-2
100900125,15,77,-62
100900126,186,194,-8
100900127,6,19,-13
100900128,88,204,-116
100900129,1,222,-221
100900131,142,280,-138
100900133,70,44,26
100900134,2,1,1
100900135,2,278,-276
100900137,356,176,180
100900138,517,632,-115
100900139,7,3,4
100900140,9,479,-470
100900141,4,680,-676
100900142,0,12,-12
100900143,886,546,340
100900144,27,11,16
100900145,180,258,-78
100900146,15,67,-52
100900147,17,1002,-985
100900148,37,469,-432
100900149,31,436,-405
100900150,9,43,-34
100900151,162,545,-383
100900152,401,10,391
100900153,13,288,-275
100900154,22,110,-88
100900155,13,25,-12
100900156,46,9,37
100900157,28,243,-215
100900158,1079,169,910
100900159,1,29,-28
100900160,56,3,53
100900161,51,7,44
100900162,46,433,-387
100900163,173,165,8
100900164,66,40,26
100900165,6,30,-24
100900166,29,7,22
100900167,17,111,-94
100900168,60,149,-89
100900169,156,1101,-945
100900170,44,10,34
100900171,18,610,-592
100900172,0,35,-35
100900173,8,387,-379
100900174,363,54,309
100900176,1751,237,1514
100900177,709,314,395
100900178,305,136,169
100900179,257,489,-232
100900180,11,3,8
100900181,150,140,10
100900182,84,48,36
100900184,24,169,-145
100900186,655,508,147
100900187,18,83,-65
100900188,36,12,24
100900189,2136,253,1883
100900191,1094,1366,-272
100900192,286,439,-153
100900195,146,155,-9
100900197,13,38,-25
100900198,47,210,-163
100900199,15,16,-1
100900200,769,459,310
100900201,121,818,-697
100900202,77,0,77
100900203,1,188,-187
100900204,707,1823,-1116
100900205,182,705,-523
100900206,214,140,74
100900207,390,161,229
100900210,167,466,-299
100900211,775,162,613
100900213,238,44,194
100900214,711,122,589
100900215,31,38,-7
101000001,4506,2887,1619
101000002,7104,8140,-1036
101000003,545,1767,-1222
101000004,8623,7361,1262
101000005,5166,5830,-664
101000006,7433,7870,-437
101000007,4057,4987,-930
101000008,2774,2700,74
101000009,2178,1169,1009
101000010,948,1011,-63
101000011,1414,565,849
101000012,1212,897,315
101000013,790,1376,-586
101000014,534,654,-120
101000015,1536,1159,377
101000016,386,644,-258
101000017,690,586,104
101000018,2440,3086,-646
101000020,2238,1289,949
101000021,900,509,391
101000022,306,176,130
101000023,1346,808,538
101000025,337,426,-89
101000026,337,55,282
101000027,2816,3567,-751
101000028,212,104,108
101000029,331,2670,-2339
101000030,2306,167,2139
101000031,1474,1670,-196
101000032,9382,6088,3294
101000033,2534,4479,-1945
101000034,2178,2272,-94
101000035,1059,686,373
101000036,1757,1140,617
101000037,2571,2383,188
101000039,2404,3638,-1234
101000040,3290,4913,-1623
101000041,10350,10640,-290
101000042,612,1794,-1182
101000043,8212,11284,-3072
101000045,2040,1322,718
101000046,4753,2690,2063
101000047,2966,6002,-3036
101000048,941,713,228
101000049,809,2689,-1880
101000050,2582,3537,-955
101000051,2058,3731,-1673
101000052,1669,1411,258
101000053,1200,1681,-481
101000054,2453,1430,1023
101000055,1742,1814,-72
101000056,43,121,-78
101000057,2160,1637,523
101000058,1326,1669,-343
101000059,2196,2802,-606
101000060,1985,817,1168
101000061,1011,1671,-660
101000062,780,796,-16
101000063,558,1168,-610
101000064,958,1212,-254
101000065,460,593,-133
101000066,1089,1059,30
101000067,1350,1247,103
101000068,300,603,-303
101000069,298,133,165
101000070,927,1331,-404
101000071,2524,1255,1269
101000072,1011,4109,-3098
101000073,918,1428,-510
101000074,6610,5657,953
101000075,5110,7530,-2420
101000077,1989,1549,440
101000078,961,2018,-1057
101000079,891,502,389
101000080,739,765,-26
101000081,2037,1934,103
101000082,3404,3055,349
101000083,3105,2445,660
101000084,1381,806,575
101000085,1665,1212,453
101000086,1173,1200,-27
101000087,891,1058,-167
101000088,1727,1362,365
101000089,1350,1742,-392
101000090,2110,1211,899
101000091,523,851,-328
101000092,1438,942,496
101000093,1721,779,942
101000094,1283,1047,236
101000095,533,647,-114
101000096,488,492,-4
101000097,551,655,-104
101000098,484,596,-112
101000099,1286,1547,-261
101000100,1213,1465,-252
101000101,435,601,-166
101000102,914,667,247
101000103,906,703,203
101000104,477,725,-248
101000105,322,565,-243
101000106,755,1271,-516
101000107,338,407,-69
101000108,684,268,416
101000109,446,108,338
101000110,65,394,-329
101000111,131,332,-201
101000113,332,823,-491
101000114,10826,10569,257
101000115,435,266,169
101000116,184,183,1
101000117,1661,354,1307
101000119,71,90,-19
101000120,206,95,111
101000121,72,73,-1
101000122,153,168,-15
101000123,68,146,-78
101000124,715,353,362
101000125,228,437,-209
101000128,584,746,-162
101000130,246,361,-115
101000131,1122,578,544
101000132,878,1060,-182
101000135,45,38,7
101000136,476,245,231
101000137,30,464,-434
101000141,1387,3966,-2579
101000147,673,330,343
101000148,1231,61,1170
101000149,239,329,-90
101000150,111,571,-460
101000151,315,48,267
101000152,350,245,105
101000153,460,286,174
101000154,310,886,-576
101000155,469,193,276
101000156,15,334,-319
101000157,50,47,3
101000160,71,69,2
101000163,270,359,-89
101000164,396,263,133
101000165,301,445,-144
101000166,317,449,-132
101000168,1053,474,579
101000252,2471,950,1521
101000254,391,192,199
101000258,51,12,39
101000261,154,82,72
101000262,1363,3444,-2081
101000263,472,1826,-1354
101000265,100,992,-892
101000266,392,430,-38
101000269,42,24,18
101000290,1458,3680,-2222
101000293,31,80,-49
101000294,897,520,377
101000295,211,440,-229
101000301,713,630,83
101000304,2305,3207,-902
101000305,3113,1565,1548
101900001,13,61,-48
101900002,0,13,-13
101900003,50,107,-57
101900004,4,90,-86
101900005,2969,3109,-140
101900006,1327,82,1245
101900007,949,364,585
101900008,62,386,-324
101900009,88,539,-451
101900010,959,789,170
101900011,201,1347,-1146
101900012,361,260,101
101900013,783,247,536
101900017,20,130,-110
101900018,915,255,660
101900019,242,204,38
101900020,272,97,175
101900021,1,56,-55
101900022,176,923,-747
101900023,137,169,-32
102000001,3162,5634,-2472
102000002,3208,1047,2161
102000003,3651,8848,-5197
102000004,6265,3382,2883
102000005,1532,2756,-1224
102000006,1242,2059,-817
102000007,2219,6297,-4078
102000008,4734,1775,2959
102000009,8105,9759,-1654
102000010,5848,3802,2046
102000011,4212,3659,553
102000012,3565,3539,26
102000018,3066,3144,-78
102000019,2625,1698,927
102000026,247,498,-251
102000029,303,189,114
102000030,138,455,-317
102000031,82,125,-43
102000032,582,303,279
102000033,302,412,-110
102000034,784,511,273
102000035,2088,965,1123
102000036,9,281,-272
102000037,129,61,68
102000038,178,412,-234
102000039,247,96,151
102000040,424,275,149
102000041,185,411,-226
102000042,287,398,-111
102000043,302,196,106
102000044,340,507,-167
102000045,872,913,-41
102000046,1433,708,725
102000047,824,1061,-237
102000048,551,911,-360
102000049,1172,965,207
102000050,1329,1296,33
102000051,568,704,-136
102000052,1382,832,550
102000053,1070,1149,-79
102000054,780,1202,-422
102000055,1567,584,983
102000056,1268,1079,189
102000057,1889,766,1123
102000058,1423,1434,-11
102000059,1663,1768,-105
102000060,1450,1274,176
102000061,1950,1987,-37
102000062,2182,1257,925
102000063,1353,1663,-310
102000064,616,833,-217
102000065,60,151,-91
102000066,908,1193,-285
102000067,2625,3529,-904
102000068,10452,3238,7214
102000069,98,2636,-2538
102000070,1465,48,1417
102000071,7096,9798,-2702
102000072,3619,5058,-1439
102000073,1646,1364,282
102000074,862,1545,-683
102000075,180,362,-182
102000076,256,450,-194
102000077,694,678,16
102000078,1025,703,322
102000079,202,264,-62
102000080,284,264,20
102000081,368,692,-324
102000082,734,372,362
102000083,737,272,465
102000084,437,298,139
102000085,3260,1038,2222
102000086,1483,1401,82
102000087,1167,1914,-747
102000088,391,441,-50
102000089,1615,520,1095
102000090,679,1354,-675
102000091,1785,826,959
102000092,425,869,-444
102000093,588,823,-235
102000094,1115,907,208
102000095,1134,1629,-495
102000096,970,1048,-78
102000097,1078,1124,-46
102000098,561,966,-405
102000099,990,1062,-72
102000100,596,1495,-899
102000101,1011,895,116
102000102,358,1594,-1236
102000103,2063,528,1535
102000104,554,350,204
102000105,342,436,-94
102000106,948,523,425
102000107,1640,474,1166
102000108,584,194,390
102000109,613,572,41
102000110,1183,901,282
102000111,11,255,-244
102000112,122,128,-6
102000113,20,51,-31
102000114,671,387,284
102000115,258,316,-58
102000116,958,989,-31
102000117,323,1776,-1453
102000118,1488,1571,-83
102000119,1438,1622,-184
102000120,276,523,-247
102000121,1409,656,753
102000122,997,989,8
102000123,1407,1489,-82
102000124,1729,1313,416
102000125,992,1214,-222
102000126,955,828,127
102000127,1423,842,581
102000128,872,1014,-142
102000129,1550,795,755
102000130,797,1086,-289
102000131,3182,1225,1957
102000132,1592,1894,-302
102000133,2366,1539,827
102000134,957,918,39
102000135,1153,1174,-21
102000136,1662,646,1016
102000137,1085,1436,-351
102000138,493,669,-176
102000139,355,1195,-840
102000140,457,1161,-704
102000141,736,2187,-1451
102000142,399,410,-11
102000143,181,287,-106
102000144,329,399,-70
102000145,400,425,-25
102000146,523,448,75
102000147,740,473,267
102000148,249,433,-184
102000149,148,338,-190
102000150,494,136,358
102000151,114,238,-124
102000152,243,144,99
102000153,1236,615,621
102000154,193,581,-388
102000155,97,339,-242
102000156,351,178,173
102000157,152,428,-276
102000158,247,334,-87
102000159,940,538,402
102000161,3263,2418,845
102000162,194,153,41
102000163,103,677,-574
102000164,1015,1227,-212
102000165,366,168,198
102000166,127,190,-63
102000167,374,251,123
102000168,376,166,210
102000169,130,581,-451
102000170,485,285,200
102000171,225,346,-121
102000172,236,552,-316
102000173,530,390,140
102000174,107,90,17
102000175,116,117,-1
102000176,102,36,66
102000178,240,540,-300
102000179,390,214,176
102000180,954,519,435
102000181,1033,484,549
102000182,773,528,245
102000183,1942,1460,482
102000184,2034,671,1363
102000185,3345,1217,2128
102000186,1428,1483,-55
102000187,1096,1252,-156
102000188,1364,1469,-105
102000189,2321,794,1527
102000190,763,3200,-2437
102000191,1353,550,803
102000192,1460,1620,-160
102000193,87,140,-53
102000194,56,100,-44
102000195,462,449,13
102000196,282,311,-29
102000197,856,344,512
102000198,268,662,-394
102000199,1218,282,936
102000200,375,879,-504
102000201,1141,403,738
102000202,8,81,-73
102000203,380,173,207
102000204,590,625,-35
102000205,1303,453,850
102000206,789,511,278
102000207,771,536,235
102000208,385,472,-87
102000209,73,45,28
102000210,403,379,24
102000211,588,302,286
102000212,386,11,375
102000213,8,242,-234
102000214,350,12,338
102000215,3,299,-296
102000216,73,74,-1
102000217,6,117,-111
102000218,335,172,163
102000219,333,236,97
102000225,501,781,-280
102000226,4209,1679,2530
102000227,176,4,172
102000228,1,91,-90
102000229,34,61,-27
102000230,305,413,-108
102000231,360,451,-91
102000232,49,156,-107
102000233,509,772,-263
102000234,154,1179,-1025
102000236,398,91,307
102000237,426,128,298
102000238,193,295,-102
102000240,505,722,-217
102000241,424,153,271
102000243,35,65,-30
102000245,18,119,-101
102000246,20,38,-18
102000247,302,546,-244
102000248,346,715,-369
102000249,160,155,5
102000250,104,304,-200
102000254,165,241,-76
102000266,47,579,-532
102000271,19,0,19
102000286,512,370,142
102000297,2113,1131,982
102000299,0,0,0
102000301,0,0,0
102000302,0,0,0
102000303,0,0,0
102000305,0,0,0
102000307,0,7,-7
102000308,0,0,0
102900001,1513,764,749
102900002,566,56,510
102900003,84,172,-88
102900005,519,263,256
102900006,607,147,460
102900007,590,24,566
102900008,254,72,182
102900009,559,445,114
102900010,292,839,-547
102900011,1647,412,1235
102900012,466,95,371
102900013,45,68,-23
102900015,754,660,94
102900016,67,73,-6
102900017,224,490,-266
102900018,39,69,-30
102900019,440,616,-176
102900020,204,45,159
102900021,33,70,-37
102900022,561,200,361
102900023,30,41,-11
102900024,52,80,-28
102900025,203,73,130
102900026,476,2179,-1703
102900027,106,92,14
102900028,248,841,-593
102900029,217,245,-28
102900030,425,320,105
102900031,266,161,105
102900032,130,115,15
102900033,141,179,-38
102900034,661,94,567
102900035,157,347,-190
102900036,369,348,21
102900037,266,443,-177
102900038,436,430,6
102900039,27,569,-542
102900040,234,293,-59
102900041,137,186,-49
102900042,240,277,-37
102900043,247,205,42
102900044,584,1680,-1096
102900045,173,484,-311
102900046,175,225,-50
102900047,167,572,-405
102900048,636,492,144
102900049,123,333,-210
102900050,284,332,-48
102900051,255,205,50
102900052,61,72,-11
102900053,364,594,-230
102900054,656,1387,-731
102900055,172,206,-34
102900056,123,377,-254
102900057,11,70,-59
102900058,394,84,310
102900059,21,57,-36
102900060,158,447,-289
102900061,205,420,-215
102900062,359,676,-317
102900063,1398,380,1018
102900064,174,440,-266
102900065,1244,498,746
102900066,380,28,352
102900068,147,90,57
102900070,343,792,-449
102900072,8,35,-27
102900073,110,13,97
102900074,244,268,-24
102900075,22,66,-44
102900076,121,158,-37
102900077,42,47,-5
102900078,22,63,-41
102900079,290,8,282
102900080,539,38,501
102900081,111,383,-272
102900082,13,248,-235
102900083,187,19,168
102900084,8,40,-32
102900085,360,124,236
102900086,22,60,-38
102900087,169,96,73
102900088,76,28,48
102900089,262,130,132
102900090,3,273,-270
102900091,180,4,176
102900092,422,650,-228
102900093,262,313,-51
102900094,7,186,-179
102900095,225,2,223
102900096,65,16,49
102900097,12,101,-89
103000001,2802,2701,101
103000002,2218,2572,-354
103000003,3727,3104,623
103000004,822,677,145
103000005,1930,2960,-1030
103000006,806,1448,-642
103000007,481,705,-224
103000008,1235,744,491
103000009,1478,1245,233
103000010,177,95,82
103000011,1735,1367,368
103000012,1777,1619,158
103000013,3912,2212,1700
103000014,1817,3089,-1272
103000015,1673,646,1027
103000016,580,1565,-985
103000017,238,418,-180
103000018,985,330,655
103000019,407,331,76
103000020,2045,1353,692
103000021,1977,2013,-36
103000022,903,1081,-178
103000023,740,2012,-1272
103000024,81,126,-45
103000025,119,777,-658
103000026,949,138,811
103000027,297,745,-448
103000028,384,391,-7
103000029,261,444,-183
103000030,1672,1321,351
103000031,1464,2398,-934
103000032,2669,1833,836
103000033,3364,3075,289
103000034,1748,1252,496
103000035,600,1502,-902
103000036,419,551,-132
103000037,579,573,6
103000038,648,1115,-467
103000039,562,285,277
103000040,458,876,-418
103000041,1621,1942,-321
103000042,1448,422,1026
103000043,695,869,-174
103000044,363,175,188
103000046,485,456,29
103000047,596,654,-58
103000048,226,198,28
103000049,95,161,-66
103000050,811,441,370
103000051,699,422,277
103000052,821,349,472
103000053,214,590,-376
103000054,2853,1242,1611
103000055,2111,2114,-3
103000056,1100,1255,-155
103000057,929,296,633
103000058,765,825,-60
103000059,593,713,-120
103000060,950,578,372
103000061,522,913,-391
103000062,1188,507,681
103000063,1100,938,162
103000064,166,182,-16
103000065,4,353,-349
103000066,247,14,233
103000069,485,266,219
103000070,1106,765,341
103000071,1575,730,845
103000072,166,607,-441
103000073,810,89,721
103000074,819,86,733
103000075,113,637,-524
103000076,365,484,-119
103000077,32,379,-347
103000078,985,765,220
103000079,726,714,12
103000080,1111,418,693
103000081,466,1311,-845
103000082,561,187,374
103000083,128,297,-169
103000084,103,15,88
103000085,2,101,-99
103000086,688,476,212
103000087,241,669,-428
103000088,247,277,-30
103000089,300,598,-298
103000090,2549,960,1589
103000091,706,445,261
103000092,334,264,70
103000093,297,356,-59
103000094,247,127,120
103000095,105,287,-182
103000096,662,81,581
103000097,66,691,-625
103000098,866,199,667
103000099,275,674,-399
103000100,183,672,-489
103000101,1076,102,974
103000102,155,489,-334
103000103,744,119,625
103000104,66,96,-30
103000105,196,70,126
103000106,15,135,-120
103000107,214,31,183
103000108,868,516,352
103000109,426,467,-41
103000110,615,586,29
103000111,561,505,56
103000112,428,207,221
103000113,490,616,-126
103000114,1382,480,902
103000115,756,484,272
103000116,696,410,286
103000117,422,451,-29
103000118,636,603,33
103000119,1035,544,491
103000120,73,130,-57
103000121,195,515,-320
103000122,475,561,-86
103000125,45,208,-163
103000126,781,7,774
103000127,7,174,-167
103000128,228,3,225
103000129,6,142,-136
103000130,74,61,13
103000131,225,134,91
103000132,79,280,-201
103000133,15,174,-159
103000134,411,991,-580
103000135,574,256,318
103000136,695,470,225
103000137,567,545,22
103000138,733,754,-21
103000139,3,58,-55
103000140,139,36,103
103000141,56,116,-60
103000142,159,105,54
103000143,62,157,-95
103000144,229,58,171
103000145,65,381,-316
103000150,104,53,51
103000152,179,195,-16
103000153,249,136,113
103000156,10,277,-267
103000157,627,6,621
103000159,174,57,117
103000162,64,39,25
103000163,37,64,-27
103000164,15,4,11
103000165,117,254,-137
103000166,276,304,-28
103000167,270,122,148
103000168,152,182,-30
103000169,222,515,-293
103000170,994,412,582
103000171,65,132,-67
103000172,967,737,230
103000173,790,331,459
103000174,276,303,-27
103000175,488,237,251
103000176,1021,553,468
103000177,495,413,82
103000178,274,333,-59
103000179,230,38,192
103000183,155,32,123
103000185,132,31,101
103000186,185,141,44
103000187,752,263,489
103000188,16,100,-84
103000189,729,653,76
103000191,648,653,-5
103000292,1193,2189,-996
103000293,1096,3027,-1931
103000295,78,122,-44
103000296,526,2,524
103000297,111,158,-47
103000504,41,16,25
103000505,2,31,-29
103000506,1,194,-193
103000507,271,2,269
103000508,47,117,-70
103000509,283,500,-217
103900001,33,201,-168
103900002,1064,254,810
103900003,1360,173,1187
103900004,178,0,178
103900005,1,169,-168
103900006,2,1,1
103900007,62,1,61
103900008,16,3,13
103900009,337,481,-144
103900010,203,339,-136
103900011,460,136,324
103900012,21,23,-2
103900013,84,65,19
103900014,57,15,42
103900015,61,8,53
103900016,247,217,30
103900017,25,66,-41
103900018,564,194,370
103900019,111,365,-254
103900020,227,552,-325
103900021,414,46,368
103900022,1048,551,497
103900023,182,1,181
103900024,108,511,-403
103900025,25,66,-41
103900026,60,0,60
103900027,858,154,704
103900028,31,291,-260
103900029,1017,110,907
103900030,317,101,216
103900031,52,0,52
103900032,94,52,42
103900033,129,35,94
103900034,35,94,-59
103900035,64,55,9
103900036,43,31,12
103900037,120,98,22
103900038,103,207,-104
103900039,99,227,-128
103900040,14,149,-135
103900041,51,54,-3
103900042,98,251,-153
103900043,213,53,160
103900044,93,232,-139
103900045,357,170,187
103900047,110,34,76
103900048,53,48,5
103900049,216,1443,-1227
103900050,13,143,-130
103900051,5,40,-35
103900052,248,330,-82
103900053,193,434,-241
103900054,123,270,-147
103900055,487,187,300
103900056,54,36,18
103900057,62,134,-72
103900058,334,516,-182
103900059,0,28,-28
103900060,68,159,-91
103900061,168,37,131
103900062,452,110,342
103900063,25,0,25
103900064,109,5,104
103900065,818,390,428
103900066,215,43,172
103900067,231,15,216
103900068,2,1,1
103900069,82,14,68
103900070,223,216,7
103900071,19,119,-100
103900072,35,166,-131
103900073,29,32,-3
103900074,103,92,11
103900075,171,48,123
103900076,619,533,86
103900077,73,102,-29
103900078,400,140,260
103900079,178,184,-6
103900080,8,44,-36
103900081,41,15,26
103900082,20,133,-113
103900083,1109,1132,-23
103900084,108,182,-74
103900085,98,148,-50
103900086,899,413,486
103900087,29,78,-49
103900088,428,585,-157
103900089,62,141,-79
103900090,84,178,-94
103900091,1082,261,821
103900092,589,597,-8
103900093,95,318,-223
103900094,13,99,-86
103900095,351,278,73
103900096,56,134,-78
103900097,9,419,-410
103900098,292,124,168
103900099,105,121,-16
103900100,318,314,4
103900101,100,991,-891
103900102,5,21,-16
103900104,5,9,-4
103900105,70,170,-100
103900106,0,108,-108
103900107,192,209,-17
103900108,59,253,-194
103900109,114,78,36
103900110,320,43,277
103900111,128,483,-355
103900112,102,201,-99
103900113,147,282,-135
103900114,481,310,171
103900115,354,237,117
103900116,3863,2653,1210
103900117,120,55,65
103900119,35,74,-39
103900120,59,89,-30
103900122,131,177,-46
103900123,946,584,362
103900124,38,16,22
103900125,90,49,41
103900126,595,298,297
103900127,189,448,-259
103900128,173,146,27
103900131,25,63,-38
103900133,1088,27,1061
103900134,1,6,-5
103900135,14,6,8
103900137,1,22,-21
103900138,131,145,-14
103900139,179,2619,-2440
103900140,6,178,-172
103900141,302,48,254
103900142,209,106,103
103900143,103,13,90
103900144,4,35,-31
103900145,221,240,-19
103900146,356,237,119
103900147,525,176,349
103900148,315,209,106
103900149,401,545,-144
103900150,6050,4978,1072
103900151,30,174,-144
103900152,624,411,213
103900153,9,7,2
103900154,771,1883,-1112
103900155,61,163,-102
103900156,43,134,-91
103900157,61,138,-77
103900158,133,125,8
103900159,269,71,198
103900160,76,43,33
103900161,122,155,-33
103900162,57,184,-127
103900163,15,463,-448
103900164,299,21,278
103900167,20,113,-93
103900168,164,86,78
103900169,43,67,-24
103900170,1,88,-87
103900171,2,57,-55
103900172,3,15,-12
103900173,11,16,-5
103900174,267,56,211
103900175,49,60,-11
103900176,17,44,-27
103900177,10,50,-40
103900178,59,52,7
103900179,72,79,-7
103900180,12,66,-54
103900181,47,39,8
103900182,18,24,-6
103900184,376,71,305
103900185,117,560,-443
103900187,6,66,-60
103900188,55,33,22
103900189,111,11,100
103900190,104,42,62
103900191,20,113,-93
103900192,24,87,-63
103900193,139,166,-27
103900194,69,206,-137
103900195,5,83,-78
103900196,55,55,0
103900197,46,36,10
103900198,14,36,-22
103900199,187,52,135
103900200,164,94,70
103900201,130,231,-101
103900202,30,79,-49
103900203,61,27,34
103900204,2,70,-68
103900207,0,76,-76
103900208,113,2,111
103900209,25,104,-79
103900210,46,40,6
103900211,681,306,375
103900212,141,339,-198
103900213,45,213,-168
103900214,249,185,64
103900215,287,309,-22
103900216,23,586,-563
103900217,521,104,417
103900218,4,283,-279
103900219,202,280,-78
103900233,106,5,101
103900235,65,31,34
103900236,14,0,14
103900242,8,7,1
103900243,3,9,-6
103900244,136,165,-29
103900245,109,172,-63
103900246,42,27,15
103900247,20,54,-34
103900248,3,82,-79
103900249,27,65,-38
103900250,13,32,-19
103900251,4,43,-39
103900253,27,107,-80
103900254,6,26,-20
103900255,9,15,-6
103900256,11,18,-7
103900257,17,141,-124
103900258,38,4,34
103900259,63,3,60
103900261,5,2,3
103900262,12,5,7
103900263,46,23,23
103900264,44,38,6
103900265,60,5,55
103900266,5,109,-104
103900267,5,39,-34
104000001,2787,2294,493
104000002,2070,2440,-370
104000003,2854,2051,803
104000004,2951,2595,356
104000005,1763,1923,-160
104000006,3601,2630,971
104000007,4599,4211,388
104000008,225,197,28
104000009,227,97,130
104000010,206,331,-125
104000011,337,215,122
104000012,136,199,-63
104000013,332,266,66
104000014,194,474,-280
104000015,404,152,252
104000016,540,349,191
104000018,1080,183,897
104000019,740,207,533
104000020,150,439,-289
104000021,250,368,-118
104000022,132,238,-106
104000023,889,393,496
104000024,249,294,-45
104000026,41,328,-287
104000027,266,202,64
104000028,391,218,173
104000029,377,277,100
104000030,329,235,94
104000031,1491,328,1163
104000032,215,217,-2
104000033,787,479,308
104000034,414,213,201
104000035,994,387,607
104000036,965,466,499
104000037,272,213,59
104000038,562,306,256
104000039,241,200,41
104000040,191,310,-119
104000041,637,290,347
104000042,255,274,-19
104000043,221,283,-62
104000044,307,518,-211
104000045,924,747,177
104000046,984,1112,-128
104000047,978,1108,-130
104000048,1182,1194,-12
104000049,542,417,125
104000050,243,814,-571
104000051,166,555,-389
104000052,1747,1740,7
104000053,892,400,492
104000054,671,343,328
104000055,3817,2435,1382
104000056,1049,270,779
104000057,238,373,-135
104000058,820,707,113
104000059,627,989,-362
104000060,1090,1350,-260
104000061,1313,985,328
104000062,404,122,282
104000064,524,376,148
104000065,295,813,-518
104000069,802,1168,-366
104000070,66,543,-477
104000071,154,392,-238
104000072,648,168,480
104000075,109,287,-178
104000076,505,107,398
104000082,2636,3581,-945
104000083,807,211,596
104000084,127,510,-383
104000085,300,359,-59
104000086,209,418,-209
104000087,455,2354,-1899
104000090,891,940,-49
104000092,1453,1519,-66
104000094,886,1221,-335
104000095,2137,1348,789
104000096,1975,135,1840
104000097,2118,713,1405
104000098,2649,843,1806
104000100,1975,598,1377
104000101,1252,1425,-173
104000106,50,630,-580
104000107,578,346,232
104000108,256,503,-247
104000109,348,137,211
104000110,894,1187,-293
104000111,3378,3009,369
104000112,1869,532,1337
104000116,3,791,-788
104000117,174,478,-304
104000118,794,162,632
104000119,777,255,522
104000120,301,680,-379
104000121,248,699,-451
104000122,751,722,29
104000123,690,805,-115
104000124,706,1773,-1067
104000125,3210,5024,-1814
104000126,561,415,146
104000127,1244,1791,-547
104000128,659,400,259
104000129,62,3,59
104000130,5,326,-321
104000131,393,377,16
104000132,408,448,-40
104000133,1419,883,536
104000134,1051,1803,-752
104000135,527,2289,-1762
104000136,874,4695,-3821
104000137,1923,498,1425
104000138,1190,466,724
104000139,5129,3069,2060
104000141,1260,1293,-33
104000142,710,599,111
104000143,700,502,198
104000144,147,220,-73
104000145,422,255,167
104000146,325,396,-71
104000147,171,242,-71
104000148,441,226,215
104000149,159,217,-58
104000150,1329,663,666
104000151,399,411,-12
104000152,644,534,110
104000153,807,556,251
104000154,765,482,283
104000155,539,549,-10
104000157,1130,1260,-130
104000158,587,1039,-452
104000159,1107,796,311
104000160,2127,2148,-21
104000161,192,192,0
104000162,79,145,-66
104000165,925,977,-52
104000167,779,1145,-366
104000168,646,13,633
104000169,167,25,142
104000170,441,627,-186
104000248,425,513,-88
104000251,61,152,-91
104000272,0,0,0
104000273,0,0,0
104000274,0,0,0
104000275,0,0,0
104000279,809,473,336
104000290,124,275,-151
104000291,491,1092,-601
104000293,865,639,226
104000294,38,1,37
104000295,675,771,-96
104000296,395,665,-270
104000297,837,2121,-1284
104000298,2123,869,1254
104000299,709,1384,-675
104900001,179,316,-137
104900002,112,211,-99
104900003,47,279,-232
104900004,87,242,-155
104900005,354,299,55
104900006,395,97,298
104900007,322,167,155
104900009,161,294,-133
104900010,77,53,24
104900011,25,15,10
104900012,336,48,288
104900013,204,14,190
104900014,2340,333,2007
104900015,108,8,100
104900016,336,209,127
104900017,233,171,62
104900018,6,213,-207
104900019,253,3526,-3273
104900020,63,276,-213
104900021,2,143,-141
104900022,9,100,-91
104900023,0,50,-50
104900024,23,79,-56
104900025,73,247,-174
104900026,0,70,-70
104900027,583,360,223
104900028,32,96,-64
104900029,53,68,-15
104900030,654,234,420
104900031,99,218,-119
104900032,74,120,-46
104900033,210,238,-28
104900034,495,176,319
104900035,432,207,225
104900036,240,68,172
104900037,150,159,-9
104900038,428,951,-523
104900039,569,576,-7
104900040,526,85,441
104900041,400,184,216
104900042,202,208,-6
104900043,16,188,-172
104900044,830,181,649
104900045,508,80,428
104900046,249,161,88
104900047,430,120,310
104900048,410,80,330
104900049,44,42,2
104900050,311,136,175
104900051,363,61,302
104900052,72,3,69
104900053,457,129,328
104900054,271,40,231
104900055,150,0,150
104900056,205,22,183
104900057,58,0,58
104900058,895,791,104
104900059,255,69,186
104900060,0,503,-503
104900061,189,427,-238
104900063,1,96,-95
104900064,0,76,-76
104900065,0,219,-219
104900066,2,137,-135
104900067,7,292,-285
104900068,43,207,-164
104900070,210,287,-77
104900071,1,496,-495
104900072,64,263,-199
104900073,130,200,-70
104900074,67,155,-88
104900075,78,71,7
104900076,132,200,-68
104900077,950,390,560
104900078,246,333,-87
104900079,150,602,-452
104900080,90,466,-376
104900082,19,337,-318
104900085,7,139,-132
104900087,343,18,325
104900089,252,0,252
104900090,1134,965,169
104900091,589,639,-50
104900093,246,459,-213
104900097,2140,2516,-376
104900098,198,59,139
104900099,170,611,-441
104900100,460,250,210
104900102,31,131,-100
104900103,459,87,372
104900104,2933,2787,146
104900106,110,113,-3
104900107,148,193,-45
104900108,78,219,-141
104900109,181,227,-46
104900110,10,73,-63
104900111,274,151,123
104900112,285,526,-241
104900113,798,310,488
104900114,414,392,22
104900115,931,296,635
104900116,328,187,141
104900118,19,57,-38
104900119,15,50,-35
104900120,26,219,-193
104900121,0,85,-85
104900122,7,56,-49
104900123,91,18,73
104900124,60,1,59
104900125,588,9,579
104900126,62,44,18
104900127,35,76,-41
104900128,95,231,-136
104900129,1743,2675,-932
105000001,3160,1655,1505
105000002,2755,1703,1052
105000003,3640,4111,-471
105000004,839,939,-100
105000005,1202,1290,-88
105000006,1760,1991,-231
105000007,1451,1980,-529
105000008,1793,4291,-2498
105000009,2855,3823,-968
105000010,2707,1832,875
105000011,4411,3727,684
105000012,3615,2781,834
105000013,1213,1201,12
105000014,2376,3209,-833
105000015,11147,18703,-7556
105000016,2718,2559,159
105000017,1861,980,881
105000018,1327,1677,-350
105000019,1247,1115,132
105000020,216,537,-321
105000021,330,121,209
105000022,380,128,252
105000023,612,392,220
105000028,76,108,-32
105000029,648,1776,-1128
105000030,4271,2906,1365
105000033,1034,1720,-686
105000034,153,1083,-930
105000037,610,240,370
105000038,2356,2207,149
105000039,2292,1931,361
105000040,1270,1615,-345
105000041,924,1396,-472
105000042,4909,2102,2807
105000043,1860,2395,-535
105000044,1103,669,434
105000045,490,761,-271
105000046,1441,503,938
105000047,593,1072,-479
105000048,747,227,520
105000049,249,385,-136
105000050,798,417,381
105000051,169,404,-235
105000052,599,785,-186
105000053,107,143,-36
105000054,353,843,-490
105000055,750,319,431
105000056,1494,1866,-372
105000057,1385,789,596
105000058,1259,1034,225
105000059,831,612,219
105000060,540,575,-35
105000061,837,550,287
105000062,631,702,-71
105000063,304,534,-230
105000064,1902,844,1058
105000065,355,514,-159
105000066,1087,1286,-199
105000067,1713,901,812
105000068,404,874,-470
105000069,1709,1948,-239
105000070,603,1033,-430
105000071,239,959,-720
105000072,864,2489,-1625
105000073,1022,722,300
105000074,1213,701,512
105000075,599,937,-338
105000076,1285,966,319
105000077,2699,1391,1308
105000078,1424,1535,-111
105000079,1321,3475,-2154
105000080,2482,1893,589
105000081,3439,1496,1943
105000082,1147,2012,-865
105000083,4731,4493,238
105000084,612,717,-105
105000085,2007,2480,-473
105000086,628,955,-327
105000087,1521,1954,-433
105000088,1735,1773,-38
105000089,3696,2449,1247
105000090,1062,1018,44
105000091,1400,1589,-189
105000092,733,825,-92
105000093,351,352,-1
105000094,423,395,28
105000095,121,612,-491
105000096,1270,1318,-48
105000097,869,795,74
105000098,1140,869,271
105000099,863,802,61
105000100,1744,1161,583
105000101,1923,2780,-857
105000102,3052,2023,1029
105000103,1895,4022,-2127
105000104,2487,1243,1244
105000105,1222,1685,-463
105000106,1917,1768,149
105000107,2160,1025,1135
105000108,2352,1534,818
105000109,2066,1604,462
105000110,1126,578,548
105000111,946,557,389
105000112,1302,611,691
105000113,488,652,-164
105000114,2361,1224,1137
105000115,289,1236,-947
105000116,974,648,326
105000117,794,741,53
105000118,802,633,169
105000119,775,924,-149
105000120,1527,672,855
105000121,901,957,-56
105000122,460,715,-255
105000123,1109,1166,-57
105000124,2459,809,1650
105000125,924,1511,-587
105000126,2516,1530,986
105000127,2735,1580,1155
105000128,647,926,-279
105000129,856,317,539
105000130,408,3594,-3186
105000131,840,305,535
105000132,1128,920,208
105000133,492,911,-419
105000134,1096,687,409
105000135,458,519,-61
105000136,56,88,-32
105000137,428,292,136
105000138,63,119,-56
105000139,1080,776,304
105000140,386,489,-103
105000141,361,543,-182
105000142,265,377,-112
105000143,215,665,-450
105000144,313,751,-438
105000145,857,370,487
105000146,416,842,-426
105000147,825,360,465
105000148,1354,620,734
105000149,3103,2516,587
105000150,1876,1489,387
105000151,487,333,154
105000152,228,482,-254
105000153,680,650,30
105000154,747,532,215
105000155,360,925,-565
105000156,816,683,133
105000157,914,1572,-658
105000158,2066,710,1356
105000159,305,891,-586
105000160,2160,570,1590
105000161,758,842,-84
105000162,704,1874,-1170
105000163,1087,738,349
105000164,221,276,-55
105000165,785,5725,-4940
105000166,4977,1158,3819
105000167,1574,1950,-376
105000168,520,473,47
105000169,615,260,355
105000170,273,1213,-940
105000171,1034,230,804
105000172,169,24,145
105000173,223,31,192
105000174,72,37,35
105000175,107,179,-72
105000176,590,181,409
105000177,343,200,143
105000178,192,417,-225
105000179,793,199,594
105000180,224,207,17
105000181,176,294,-118
105000182,62,50,12
105000183,2003,2226,-223
105000184,1083,1678,-595
105000185,1923,1417,506
105000186,472,1039,-567
105000187,1152,247,905
105000188,328,196,132
105000189,176,623,-447
105000190,436,472,-36
105000191,438,350,88
105000192,378,52,326
105000193,78,144,-66
105000194,373,98,275
105000195,337,835,-498
105000196,70,250,-180
105000197,293,586,-293
105000198,582,346,236
105000199,237,608,-371
105000200,162,375,-213
105000201,133,53,80
105000203,16,144,-128
105000204,117,98,19
105000205,108,250,-142
105000207,605,196,409
105000208,401,683,-282
105000209,190,266,-76
105000212,1286,1121,165
105000213,203,191,12
105000214,204,330,-126
105000215,394,159,235
105000216,170,323,-153
105000217,185,274,-89
105000218,1747,1101,646
105000221,197,158,39
105000222,404,163,241
105000223,302,186,116
105000226,112,263,-151
105000227,107,175,-68
105000228,236,2392,-2156
105000229,193,642,-449
105000231,404,319,85
105000233,969,777,192
105000234,482,1243,-761
105000235,489,593,-104
105000237,896,83,813
105000243,26,102,-76
105000248,52,88,-36
105000262,354,934,-580
105000269,196,215,-19
105000270,557,40,517
105000271,0,198,-198
105000282,45,39,6
105000287,408,100,308
105000288,574,395,179
105000289,2449,2254,195
105000290,24,13,11
105000402,3212,5110,-1898
105000426,544,717,-173
105000438,3786,1666,2120
105000446,12759,6342,6417
105000447,6250,2990,3260
105000454,580,266,314
105000455,277,163,114
105000474,111,1,110
105000477,575,618,-43
105000478,2371,5958,-3587
105000479,137,117,20
105000480,9262,7703,1559
105000481,5429,4317,1112
105000482,4753,7747,-2994
105000483,2097,2523,-426
105000484,2409,3076,-667
105000485,2055,4062,-2007
105000486,3576,2680,896
105000488,8829,5178,3651
105000489,1110,827,283
105000549,126,142,-16
105000550,422,1582,-1160
105000551,50,175,-125
105000552,2405,1396,1009
105900001,25,2726,-2701
105900002,1128,664,464
105900003,10,163,-153
105900004,279,126,153
105900005,9,189,-180
105900006,41,148,-107
105900007,204,54,150
105900008,77,438,-361
105900009,40,9,31
105900011,337,53,284
105900012,684,143,541
105900013,7,67,-60
105900014,14,75,-61
105900015,230,559,-329
105900016,636,686,-50
105900017,1535,34,1501
105900018,226,170,56
105900019,77,417,-340
105900020,53,61,-8
105900021,54,1145,-1091
105900022,340,218,122
105900023,10,204,-194
105900024,27,405,-378
105900025,325,25,300
105900026,286,26,260
105900027,14937,7944,6993
105900028,412,502,-90
105900029,1781,374,1407
105900030,210,254,-44
105900031,369,214,155
105900032,113,142,-29
105900033,107,122,-15
105900034,190,230,-40
105900035,261,196,65
105900036,117,133,-16
105900037,83,75,8
105900038,169,285,-116
105900039,159,80,79
105900040,80,100,-20
105900041,204,279,-75
105900042,94,100,-6
105900043,1730,110,1620
105900044,8,309,-301
105900045,1,844,-843
105900046,6,243,-237
105900047,12,35,-23
105900048,109,414,-305
105900050,5862,8879,-3017
105900051,90,1215,-1125
105900052,562,207,355
105900053,2594,3173,-579
105900054,338,213,125
105900056,767,474,293
105900057,77,179,-102
105900058,16,18,-2
105900059,0,43,-43
106000001,4415,2647,1768
106000002,2139,5577,-3438
106000003,3361,3816,-455
106000004,1611,2667,-1056
106000005,4120,5289,-1169
106000006,5807,3392,2415
106000007,555,591,-36
106000008,619,310,309
106000009,711,446,265
106000010,768,540,228
106000011,1316,1203,113
106000012,1031,1226,-195
106000013,2227,2072,155
106000014,1911,1400,511
106000015,2036,1347,689
106000016,1380,1748,-368
106000017,683,718,-35
106000018,607,468,139
106000019,374,394,-20
106000020,497,350,147
106000021,327,392,-65
106000022,399,225,174
106000023,714,334,380
106000024,568,440,128
106000025,133,208,-75
106000026,70,174,-104
106000027,1647,1322,325
106000028,554,396,158
106000029,716,957,-241
106000030,543,658,-115
106000034,250,529,-279
106000035,939,2093,-1154
106000036,213,543,-330
106000037,1767,1285,482
106000038,348,119,229
106000039,126,128,-2
106000040,123,1159,-1036
106000041,671,619,52
106000043,587,269,318
106000046,396,62,334
106000047,45,503,-458
106000049,1080,243,837
106000050,244,534,-290
106000051,859,577,282
106000052,111,472,-361
106000053,507,144,363
106000054,425,419,6
106000055,1345,989,356
106000056,236,378,-142
106000057,491,262,229
106000058,167,163,4
106000059,507,312,195
106000060,359,403,-44
106000061,303,556,-253
106000062,149,579,-430
106000063,839,571,268
106000064,28,358,-330
106000065,462,376,86
106000066,119,299,-180
106000067,446,125,321
106000068,82,484,-402
106000069,303,74,229
106000070,505,655,-150
106000071,1307,346,961
106000072,2891,1625,1266
106000073,1479,2970,-1491
106000074,675,709,-34
106000075,359,1268,-909
106000076,1731,1950,-219
106000077,3531,1287,2244
106000078,1324,871,453
106000079,853,915,-62
106000080,1507,642,865
106000081,793,1044,-251
106000082,2658,889,1769
106000083,552,1405,-853
106000084,1413,668,745
106000085,1599,1600,-1
106000086,657,837,-180
106000087,1122,535,587
106000088,442,775,-333
106000089,1141,330,811
106000090,320,659,-339
106000091,294,481,-187
106000092,690,364,326
106000093,296,103,193
106000094,86,268,-182
106000095,1027,702,325
106000096,1023,589,434
106000097,1460,662,798
106000098,763,850,-87
106000099,307,1295,-988
106000100,1952,239,1713
106000101,1784,676,1108
106000102,408,1340,-932
106000103,294,685,-391
106000104,1014,406,608
106000105,591,612,-21
106000106,714,408,306
106000107,140,212,-72
106000108,312,226,86
106000109,194,196,-2
106000110,277,232,45
106000111,209,302,-93
106000112,219,440,-221
106000113,697,520,177
106000114,435,646,-211
106000115,207,364,-157
106000116,330,236,94
106000117,1212,593,619
106000118,1312,1424,-112
106000119,1250,868,382
106000120,1000,1296,-296
106000121,237,150,87
106000122,132,129,3
106000123,532,121,411
106000124,127,126,1
106000125,24,224,-200
106000126,341,104,237
106000127,1106,712,394
106000128,848,173,675
106000129,509,500,9
106000130,832,317,515
106000131,168,609,-441
106000132,612,145,467
106000133,2145,1097,1048
106000134,516,2119,-1603
106000135,218,467,-249
106000136,692,1103,-411
106000137,86,701,-615
106000138,1162,110,1052
106000139,57,93,-36
106000140,46,55,-9
106000141,90,34,56
106000142,111,76,35
106000143,49,36,13
106000144,41,52,-11
106000145,282,247,35
106000146,477,155,322
106000147,431,398,33
106000148,465,766,-301
106000149,698,336,362
106000150,593,1832,-1239
106000151,3643,872,2771
106000152,1270,1768,-498
106000153,113,1723,-1610
106000154,1391,206,1185
106000155,147,289,-142
106000156,1178,255,923
106000157,713,1489,-776
106000158,2076,955,1121
106000159,2921,1970,951
106000160,510,2967,-2457
106000161,1622,362,1260
106000162,432,948,-516
106000163,507,313,194
106000164,554,298,256
106000165,271,431,-160
106000166,855,262,593
106000167,419,822,-403
106000168,619,254,365
106000169,342,440,-98
106000170,896,226,670
106000171,219,1260,-1041
106000172,3223,1350,1873
106000173,1085,2750,-1665
106000174,1315,418,897
106000175,261,764,-503
106000176,1868,817,1051
106000177,864,2212,-1348
106000178,3439,1586,1853
106000179,1051,1877,-826
106000180,887,1003,-116
106000181,1079,1848,-769
106000182,1624,618,1006
106000183,1531,605,926
106000184,1701,676,1025
106000185,1199,1695,-496
106000186,974,153,821
106000187,250,1057,-807
106000188,0,5,-5
106000189,21,39,-18
106000190,39,2,37
106000191,673,201,472
106000192,11,30,-19
106000193,465,192,273
106000194,184,463,-279
106000195,1068,330,738
106000196,314,952,-638
106000197,610,351,259
106000198,175,262,-87
106000199,792,822,-30
106000200,324,246,78
106000201,451,3045,-2594
106000202,3324,666,2658
106000203,35,138,-103
106000204,79,9,70
106000205,7,145,-138
106000206,83,20,63
106000207,50,696,-646
106000208,1579,185,1394
106000209,1899,399,1500
106000210,551,911,-360
106000211,341,999,-658
106000212,1027,475,552
106000213,614,2282,-1668
106000214,2293,794,1499
106000215,258,482,-224
106000216,316,286,30
106000217,273,368,-95
106000218,391,383,8
106000219,180,216,-36
106000220,501,284,217
106000221,172,189,-17
106000222,109,87,22
106000223,390,101,289
106000224,232,175,57
106000225,105,145,-40
106000226,124,252,-128
106000228,50,71,-21
106000229,73,558,-485
106000231,937,118,819
106000232,82,365,-283
106000233,565,110,455
106000234,36,244,-208
106000235,484,151,333
106000236,216,94,122
106000237,3,13,-10
106000238,22,11,11
106000239,10,86,-76
106000240,87,5,82
106000241,17,489,-472
106000242,296,30,266
106000249,75,57,18
106000250,75,572,-497
106000251,87,26,61
106000252,10,67,-57
106000253,65,68,-3
106000254,110,45,65
106000255,26,190,-164
106000256,78,49,29
106000257,153,281,-128
106000258,164,20,144
106000259,8,41,-33
106000260,22,6,16
106000261,4,48,-44
106000262,71,12,59
106000263,8,32,-24
106000264,344,13,331
106000265,15,149,-134
106000266,159,19,140
106000267,2,124,-122
106000268,485,28,457
106000269,36,57,-21
106000270,114,430,-316
106000271,124,176,-52
106000272,178,54,124
106000273,8,262,-254
106000274,205,39,166
106000275,182,229,-47
106000276,229,60,169
106000277,117,282,-165
106000278,176,22,154
106000279,32,39,-7
106000280,96,49,47
106000281,89,56,33
106000282,53,76,-23
106000283,159,48,111
106000284,115,109,6
106000285,183,77,106
106000286,145,140,5
106000287,124,40,84
106000288,96,123,-27
106000289,99,80,19
106000290,57,87,-30
106000291,118,94,24
106000292,91,74,17
106000293,163,101,62
106000294,170,92,78
106000295,52,68,-16
106000296,41,81,-40
106000297,75,257,-182
106000298,112,82,30
106000299,87,122,-35
106000300,53,85,-32
106000301,63,139,-76
106000303,48,68,-20
106000304,31,22,9
106000305,66,51,15
106000306,62,50,12
106000307,64,18,46
106000308,36,99,-63
106000309,19,54,-35
106000310,293,398,-105
106000311,376,171,205
106000312,127,140,-13
106000313,231,201,30
106000318,101,537,-436
106000319,1149,228,921
106000320,8,118,-110
106000321,282,118,164
106000322,190,127,63
106000324,10,173,-163
106000325,1949,915,1034
106000326,993,1555,-562
106000327,254,75,179
106000328,34,122,-88
106000329,128,283,-155
106000330,60,105,-45
106000428,118,155,-37
106000429,101,339,-238
106000430,414,1034,-620
106000431,2589,411,2178
106000432,1484,2419,-935
106000433,2701,1384,1317
106000434,3676,1752,1924
106000435,1447,2567,-1120
106000436,21,203,-182
106000437,309,86,223
106000438,279,233,46
106000439,41,670,-629
106000440,308,692,-384
106000441,2,0,2
106000442,137,9,128
106000443,206,240,-34
106000450,3,131,-128
106000451,24,53,-29
106000454,3,80,-77
106000455,11,144,-133
106000456,94,46,48
106000457,28,731,-703
106000458,1014,91,923
106000459,178,267,-89
106000460,1878,39,1839
106000461,128,857,-729
106000462,3,29,-26
106000463,4,12,-8
106000464,5,353,-348
106000465,797,6,791
106000466,2,365,-363
106000467,252,393,-141
106000468,109,141,-32
106000469,149,2,147
106000470,342,1912,-1570
106000471,24,488,-464
106000472,206,21,185
106000473,52,9,43
106000474,293,391,-98
106000475,249,137,112
106000476,103,196,-93
106000477,16,26,-10
106900001,0,14,-14
106900002,4,314,-310
106900003,209,2174,-1965
106900004,0,33,-33
106900006,0,17,-17
106900007,0,7,-7
106900008,437,160,277
106900009,368,195,173
106900010,213,223,-10
106900012,1326,3104,-1778
106900013,769,207,562
106900014,28,3,25
106900015,15,2,13
106900016,383,9,374
106900017,3,0,3
106900018,2,0,2
106900019,44,4,40
106900020,3433,1663,1770
106900021,77,109,-32
106900022,990,7,983
106900023,60,258,-198
106900024,1338,61,1277
106900025,51,952,-901
106900026,2,390,-388
106900027,888,5,883
107000001,4525,5295,-770
107000002,3031,4718,-1687
107000003,7440,8006,-566
107000004,5285,4712,573
107000005,5757,6440,-683
107000006,3748,3442,306
107000007,7416,11940,-4524
107000008,10761,7121,3640
107000009,9807,9239,568
107000010,9715,8573,1142
107000011,1054,1245,-191
107000012,3777,2668,1109
107000013,83,66,17
107000014,58,214,-156
107000015,522,584,-62
107000016,814,679,135
107000017,6506,5889,617
107000018,65,4152,-4087
107000020,4328,5565,-1237
107000021,1865,506,1359
107000022,1364,3223,-1859
107000023,1998,273,1725
107000024,901,1735,-834
107000025,274,398,-124
107000026,377,461,-84
107000027,1493,1154,339
107000028,1823,1047,776
107000029,3959,3421,538
107000030,3284,2805,479
107000031,4991,3402,1589
107000032,515,996,-481
107000033,3257,5984,-2727
107000034,6226,1725,4501
107000035,442,270,172
107000036,847,1382,-535
107000037,125,954,-829
107000038,249,230,19
107000039,942,939,3
107000040,193,359,-166
107000041,2025,1067,958
107000042,859,2425,-1566
107000043,3168,1303,1865
107000044,611,517,94
107000045,120,377,-257
107000046,1043,489,554
107000047,607,862,-255
107000048,723,354,369
107000049,734,777,-43
107000050,1339,538,801
107000051,288,359,-71
107000052,1358,965,393
107000053,446,224,222
107000054,81,242,-161
107000055,145,119,26
107000056,530,830,-300
107000057,1636,217,1419
107000058,2669,2809,-140
107000059,2219,3238,-1019
107000060,5712,6010,-298
107000061,5304,3543,1761
107000062,6077,3383,2694
107000063,4221,4462,-241
107000064,5719,3342,2377
107000065,3939,4256,-317
107000066,3055,4357,-1302
107000067,1627,1551,76
107000068,1716,907,809
107000069,1021,731,290
107000070,1405,10,1395
107000071,3681,47,3634
107000072,50,2405,-2355
107000073,1049,398,651
107000074,155,756,-601
107000075,2191,561,1630
107000076,719,1323,-604
107000077,4703,1419,3284
107000078,2431,2824,-393
107000079,3386,1275,2111
107000080,1120,2779,-1659
107000081,2461,674,1787
107000082,572,1698,-1126
107000083,1631,498,1133
107000084,349,1601,-1252
107000085,3428,3465,-37
107000086,3622,3307,315
107000087,3598,2379,1219
107000088,3661,3770,-109
107000089,1790,1830,-40
107000090,1333,1082,251
107000091,1607,887,720
107000092,1004,927,77
107000093,1350,938,412
107000094,912,1069,-157
107000095,971,656,315
107000096,637,715,-78
107000097,526,280,246
107000098,298,355,-57
107000099,479,362,117
107000100,336,336,0
107000101,92,171,-79
107000102,228,324,-96
107000103,337,180,157
107000104,220,289,-69
107000105,421,184,237
107000106,158,232,-74
107000107,676,156,520
107000108,135,450,-315
107000109,742,152,590
107000110,72,470,-398
107000111,467,63,404
107000112,68,257,-189
107000113,716,158,558
107000114,139,411,-272
107000115,796,186,610
107000116,124,651,-527
107000117,275,665,-390
107000118,177,153,24
107000119,1654,1646,8
107000120,911,518,393
107000121,1219,686,533
107000122,1339,874,465
107000123,598,520,78
107000124,560,825,-265
107000125,1091,563,528
107000126,819,507,312
107000127,20,294,-274
107000129,254,163,91
107000130,337,291,46
107000131,602,386,216
107000132,737,458,279
107000133,546,129,417
107000134,425,4,421
107000135,5,360,-355
107000136,902,7,895
107000137,6,565,-559
107000138,436,33,403
107000139,35,564,-529
107000140,1562,143,1419
107000141,125,790,-665
107000142,454,98,356
107000143,65,619,-554
107000144,540,577,-37
107000145,167,518,-351
107000146,290,430,-140
107000147,3251,868,2383
107000150,935,5048,-4113
107000151,37,145,-108
107000152,440,1894,-1454
107000153,171,455,-284
107000154,273,296,-23
107000155,1285,37,1248
107000156,1690,47,1643
107000157,150,1278,-1128
107000158,552,40,512
107000159,57,674,-617
107000160,1421,233,1188
107000161,77,1088,-1011
107000162,366,711,-345
107000163,225,4,221
107000164,1054,5,1049
107000165,1369,13,1356
107000166,42,1017,-975
107000167,775,208,567
107000168,1136,605,531
107000169,757,829,-72
107000170,2860,994,1866
107000171,754,1852,-1098
107000172,1352,1603,-251
107000173,739,900,-161
107000174,1320,6688,-5368
107000175,6711,1616,5095
107000176,0,0,0
107000177,14,0,14
107000178,41,68,-27
107000179,346,1722,-1376
107000180,1794,287,1507
107000181,506,860,-354
107000182,2235,951,1284
107000183,208,730,-522
107000184,1322,638,684
107000185,689,1335,-646
107000186,1725,475,1250
107000187,1613,1307,306
107000188,786,625,161
107000189,674,1098,-424
107000190,787,711,76
107000191,917,953,-36
107000192,1969,774,1195
107000193,496,626,-130
107000194,824,642,182
107000197,1084,337,747
107000198,385,664,-279
107000199,1151,762,389
107000200,823,817,6
107000201,523,493,30
107000202,440,539,-99
107000203,973,1567,-594
107000204,1123,1772,-649
107000205,2207,1293,914
107000206,1301,2022,-721
107000207,790,1250,-460
107000208,1314,744,570
107000209,2195,1529,666
107000210,731,339,392
107000211,14,62,-48
107000212,22,323,-301
107000213,8,21,-13
107000214,29,138,-109
107000215,573,343,230
107000216,485,433,52
107000217,212,123,89
107000219,137,297,-160
107000220,203,217,-14
107000222,296,651,-355
107000224,925,112,813
107000225,170,529,-359
107000226,644,85,559
107000227,92,274,-182
107000228,217,297,-80
107000229,127,142,-15
107000230,1171,503,668
107000231,1335,2024,-689
107000232,112,35,77
107000233,1275,1149,126
107000234,2,55,-53
107000235,124,6,118
107000236,14,668,-654
107000237,29,1,28
107000238,14,2,12
107000239,4506,683,3823
107000240,74,855,-781
107000241,136,19,117
107000242,426,48,378
107000243,0,46,-46
107000244,8,62,-54
107000246,3,916,-913
107000249,3,1013,-1010
107000251,1,331,-330
107000252,2,830,-828
107000255,394,161,233
107000257,4,377,-373
107000258,1,126,-125
107000259,4,181,-177
107000260,848,5,843
107000262,4,414,-410
107000263,420,4,416
107000266,12,15,-3
107000267,99,114,-15
107000268,175,120,55
107000269,760,110,650
107000270,7,44,-37
107000271,28,477,-449
107000272,35,111,-76
107000273,12,455,-443
107000274,4010,1047,2963
107000275,220,4005,-3785
107000280,1027,38,989
107000281,47,612,-565
107000282,93,712,-619
107000290,13,42,-29
107000291,23,15,8
107000292,5,283,-278
107000293,135,4,131
107000294,1,37,-36
107000295,33,2,31
107000296,0,35,-35
107000444,344,9,335
107000496,2,13,-11
107000497,1466,2149,-683
107000500,461,290,171
107000501,156,164,-8
107000502,200,293,-93
107000505,295,780,-485
107000506,2,161,-159
107000508,7,534,-527
107000509,292,831,-539
107000510,36,30,6
107000514,69,379,-310
107000515,18,148,-130
107000516,449,294,155
107000518,1402,1620,-218
107000519,1601,930,671
107000520,72,31,41
107900001,107,113,-6
107900002,89,9,80
107900003,360,32,328
107900004,191,2,189
107900005,1491,4,1487
107900006,214,2,212
107900007,383,54,329
107900008,166,26,140
107900009,290,16,274
107900010,61,7,54
107900012,415,50,365
107900013,282,24,258
107900014,53,5,48
107900015,1139,20,1119
107900016,721,99,622
107900017,63,0,63
107900018,76,184,-108
107900019,17,40,-23
107900020,363,14,349
107900021,102,114,-12
107900023,18,6,12
107900024,0,29,-29
107900025,364,242,122
107900026,81,51,30
107900027,93,52,41
107900028,125,75,50
107900030,220,36,184
107900031,87,98,-11
107900032,17,4,13
107900033,32,15,17
107900034,438,20,418
107900035,1046,51,995
107900036,95,38,57
107900037,0,20,-20
107900038,163,277,-114
107900039,45,50,-5
107900040,43,398,-355
107900041,1,6,-5
107900043,47,108,-61
107900044,10,11,-1
107900045,117,62,55
107900046,174,167,7
107900047,36,35,1
107900048,258,22,236
107900049,355,2117,-1762
107900050,112,382,-270
107900051,94,56,38
107900052,57,51,6
107900053,65,98,-33
107900055,1071,351,720
107900056,213,62,151
107900057,7,0,7
107900058,31,523,-492
107900060,23,333,-310
107900061,11,9,2
107900063,88,148,-60
107900064,398,163,235
107900065,291,16,275
107900066,32,3,29
107900067,1,0,1
107900068,121,996,-875
107900069,30,2426,-2396
107900070,152,88,64
107900071,33,628,-595
107900072,212,131,81
107900073,143,69,74
107900074,600,396,204
107900076,127,65,62
107900077,100,3,97
107900078,252,60,192
107900079,18,17,1
107900080,179,960,-781
107900081,59,108,-49
107900082,24,13,11
107900083,353,246,107
107900084,86,171,-85
107900086,41,217,-176
107900087,602,191,411
107900088,62,5,57
107900089,284,1138,-854
107900090,1447,2870,-1423
107900091,207,331,-124
107900092,2077,460,1617
107900093,71,65,6
107900095,2850,2188,662
107900097,41,90,-49
107900098,63,212,-149
107900100,963,1382,-419
107900101,907,183,724
107900102,38,9,29
107900103,51,210,-159
107900104,254,8,246
107900105,10,248,-238
107900106,3,718,-715
107900107,2644,502,2142
107900108,181,149,32
107900109,1683,19,1664
107900110,94,59,35
107900111,10,755,-745
107900112,77,414,-337
107900113,234,72,162
107900114,185,141,44
107900115,7,32,-25
107900116,234,139,95
107900117,325,287,38
107900118,73,170,-97
107900119,127,358,-231
107900120,65,33,32
107900121,3,190,-187
107900122,0,111,-111
107900123,1,95,-94
107900124,13,66,-53
107900125,13,197,-184
107900126,5,56,-51
107900127,587,346,241
107900128,87,81,6
107900129,81,30,51
107900130,122,16,106
107900131,680,428,252
107900132,120,353,-233
107900133,2,88,-86
107900134,41,107,-66
107900135,12,112,-100
107900136,34,58,-24
107900137,114,111,3
107900138,72,30,42
107900139,38,29,9
107900140,98,43,55
107900141,56,43,13
107900142,43,764,-721
107900143,54,43,11
107900144,1,114,-113
107900145,21,86,-65
107900146,99,119,-20
107900147,60,40,20
107900148,211,136,75
107900149,1061,311,750
107900150,60,521,-461
107900151,46,90,-44
107900152,9,176,-167
107900153,125,359,-234
107900154,80,41,39
107900155,88,55,33
107900156,13,231,-218
107900157,48,49,-1
107900158,1071,25,1046
107900159,43,743,-700
107900160,128,204,-76
107900161,33,158,-125
107900162,4,170,-166
107900163,86,207,-121
107900164,10,40,-30
107900165,20,127,-107
107900166,26,140,-114
107900167,41,54,-13
107900168,28,56,-28
107900169,1,115,-114
107900171,11,1091,-1080
107900172,2,298,-296
107900173,26,102,-76
107900174,178,7,171
107900175,29,73,-44
107900176,41,56,-15
107900177,3,406,-403
107900178,0,131,-131
107900179,22,126,-104
107900180,573,816,-243
107900181,369,243,126
107900182,2,948,-946
107900183,65,150,-85
107900184,105,290,-185
107900185,137,3,134
107900186,36,50,-14
107900187,1,170,-169
107900188,525,143,382
107900189,12,111,-99
107900190,45,178,-133
107900191,121,83,38
107900193,17,72,-55
107900194,255,21,234
107900195,1896,360,1536
107900196,79,111,-32
107900197,803,530,273
107900199,2,678,-676
107900201,82,107,-25
107900203,29,68,-39
107900204,222,290,-68
107900205,221,351,-130
107900206,748,499,249
107900207,4,503,-499
107900208,5,530,-525
107900209,313,120,193
107900210,53,86,-33
107900213,1008,674,334
107900214,63,91,-28
107900215,132,361,-229
107900216,166,62,104
107900217,48,110,-62
107900218,14,2606,-2592
107900219,67,77,-10
107900220,287,244,43
107900221,185,194,-9
107900223,128,460,-332
107900224,131,463,-332
107900225,8,726,-718
107900226,92,101,-9
107900227,153,345,-192
107900228,24,119,-95
107900229,4,225,-221
107900230,29,71,-42
107900231,21,200,-179
107900232,108,143,-35
107900233,10,146,-136
107900234,123,69,54
107900235,44,164,-120
107900236,123,32,91
107900237,52,367,-315
107900238,53,116,-63
107900239,572,630,-58
107900240,47,88,-41
107900241,7,72,-65
107900242,46,163,-117
107900243,4,74,-70
107900244,318,2,316
107900245,668,43,625
107900246,313,26,287
107900248,553,357,196
107900249,960,35,925
107900250,0,466,-466
107900251,92,1234,-1142
107900252,1255,25,1230
107900253,238,8,230
107900254,67,553,-486
107900255,252,92,160
107900256,2149,2836,-687
107900257,300,144,156
107900258,161,196,-35
107900259,67,2308,-2241
107900261,2,315,-313
107900262,68,103,-35
107900264,333,7,326
107900265,202,154,48
107900267,282,30,252
107900268,20,4,16
107900269,0,12,-12
107900270,4,0,4
107900271,2,18,-16
107900272,74,31,43
107900273,58,95,-37
107900274,123,2,121
107900275,30,0,30
107900276,0,68,-68
107900277,2,152,-150
107900278,410,354,56
107900279,68,195,-127
107900280,2612,2035,577
107900281,1172,3209,-2037
107900282,34,584,-550
107900283,1002,831,171
107900284,554,531,23
107900285,107,75,32
107900286,161,109,52
107900287,278,179,99
107900290,0,150,-150
107900291,542,21,521
107900292,159,149,10
107900293,98,359,-261
107900295,67,42,25
107900297,6,340,-334
107900298,730,663,67
107900299,2310,2630,-320
107900300,106,334,-228
107900301,570,774,-204
107900302,133,53,80
107900303,221,318,-97
107900304,408,381,27
107900305,418,5,413
107900306,21,29,-8
107900307,36,240,-204
107900308,215,172,43
107900309,106,3,103
107900310,693,9,684
107900311,8,477,-469
107900312,114,1,113
107900313,1,158,-157
107900314,0,63,-63
107900315,0,53,-53
107900316,78,11,67
107900317,98,34,64
107900318,11,165,-154
107900319,5,172,-167
107900320,5,155,-150
107900321,134,11,123
107900322,4,78,-74
107900323,8,142,-134
107900324,195,7,188
107900325,108,1,107
107900326,291,193,98
107900327,3,95,-92
107900328,83,4,79
107900329,127,140,-13
107900330,9,339,-330
107900331,300,20,280
107900332,259,23,236
107900333,77,20,57
107900334,15,110,-95
107900335,117,54,63
107900336,53,69,-16
107900337,829,900,-71
107900338,7,170,-163
107900339,0,24,-24
107900340,3,67,-64
107900341,80,0,80
107900342,88,64,24
107900343,94,2,92
107900344,8,67,-59
107900345,139,25,114
107900346,33,0,33
107900347,30,4,26
107900348,17,5,12
107900349,24,8,16
107900350,21,192,-171
108000001,3117,4090,-973
108000002,1910,2243,-333
108000003,4055,3924,131
108000004,11452,13793,-2341
108000005,9814,6976,2838
108000006,7833,7125,708
108000007,6183,4148,2035
108000008,4485,5535,-1050
108000009,4564,5155,-591
108000010,3116,3781,-665
108000011,14217,13493,724
108000012,15235,14255,980
108000014,944,898,46
108000015,896,306,590
108000016,415,542,-127
108000017,1292,447,845
108000018,2214,711,1503
108000019,2753,1091,1662
108000020,1557,573,984
108000021,403,1860,-1457
108000022,454,1302,-848
108000023,1408,245,1163
108000024,408,440,-32
108000025,351,308,43
108000026,808,395,413
108000027,850,418,432
108000028,726,240,486
108000029,674,409,265
108000030,853,242,611
108000031,261,757,-496
108000032,1973,726,1247
108000033,732,921,-189
108000034,2022,613,1409
108000035,768,2076,-1308
108000036,410,902,-492
108000037,2221,508,1713
108000038,2966,661,2305
108000039,572,1652,-1080
108000040,2124,1074,1050
108000041,685,1896,-1211
108000042,405,206,199
108000043,234,342,-108
108000044,675,176,499
108000045,404,413,-9
108000046,1732,420,1312
108000047,569,865,-296
108000048,217,327,-110
108000049,1287,318,969
108000050,114,399,-285
108000051,405,180,225
108000052,209,530,-321
108000053,528,240,288
108000054,559,1078,-519
108000055,1238,643,595
108000056,760,1282,-522
108000057,664,1294,-630
108000058,2105,4201,-2096
108000059,2895,1851,1044
108000060,265,480,-215
108000061,130,235,-105
108000062,1088,590,498
108000063,603,453,150
108000064,296,265,31
108000065,547,515,32
108000066,1725,980,745
108000067,2058,723,1335
108000068,844,460,384
108000069,184,782,-598
108000070,2233,938,1295
108000071,671,1274,-603
108000072,2140,1207,933
108000073,1371,1525,-154
108000074,756,421,335
108000075,380,767,-387
108000076,1079,554,525
108000077,618,648,-30
108000078,2900,1360,1540
108000079,869,1188,-319
108000080,1644,569,1075
108000081,569,1371,-802
108000082,1001,1631,-630
108000083,2235,1055,1180
108000084,402,1105,-703
108000085,903,451,452
108000086,823,659,164
108000087,179,2284,-2105
108000088,227,14,213
108000089,358,368,-10
108000090,568,242,326
108000091,330,388,-58
108000092,184,70,114
108000093,221,490,-269
108000094,682,86,596
108000095,177,291,-114
108000096,303,173,130
108000097,175,352,-177
108000098,2118,1323,795
108000099,267,88,179
108000100,93,259,-166
108000101,1616,1531,85
108000102,1894,3529,-1635
108000106,938,2,936
108000107,0,915,-915
108000108,938,50,888
108000109,11,755,-744
108000110,256,289,-33
108000111,198,578,-380
108000112,63,144,-81
108000113,519,222,297
108000115,479,280,199
108000117,736,395,341
108000118,96,242,-146
108000119,664,307,357
108000120,165,713,-548
108000121,219,367,-148
108000122,648,405,243
108000123,819,192,627
108000124,323,511,-188
108000125,446,318,128
108000126,195,351,-156
108000127,565,271,294
108000128,687,374,313
108000129,376,731,-355
108000130,572,201,371
108000131,913,429,484
108000132,1739,1075,664
108000133,1060,464,596
108000134,471,453,18
108000135,1125,443,682
108000136,286,667,-381
108000137,551,287,264
108000138,478,805,-327
108000139,602,301,301
108000140,162,37,125
108000141,45,56,-11
108000142,75,66,9
108000143,45,22,23
108000144,76,17,59
108000145,62,16,46
108000146,101,24,77
108000147,37,22,15
108000148,86,52,34
108000149,30,16,14
108000150,44,23,21
108000151,16,14,2
108000152,115,357,-242
108000153,589,118,471
108000154,40,11,29
108000155,26,35,-9
108000156,314,94,220
108000157,205,1261,-1056
108000158,68,805,-737
108000159,417,186,231
108000160,2332,1161,1171
108000161,2279,3260,-981
108000165,6,263,-257
108000172,7,352,-345
108000173,1394,2326,-932
108000175,331,131,200
108000178,427,348,79
108000179,181,993,-812
108000181,100,22,78
108000182,97,16,81
108000183,28,17,11
108000184,856,2541,-1685
108000185,344,361,-17
108000186,212,57,155
108000187,101,382,-281
108000188,782,246,536
108000189,589,1756,-1167
108000190,49,137,-88
108000192,249,419,-170
108000193,881,38,843
108000194,29,7,22
108000195,2,851,-849
108000196,207,142,65
108000198,548,219,329
108000199,0,149,-149
108000200,570,400,170
108000202,1,261,-260
108000203,138,527,-389
108000204,167,84,83
108000205,240,381,-141
108000339,1411,399,1012
108000364,133,316,-183
108000365,92,277,-185
108000367,177,317,-140
108000368,14,51,-37
108000369,664,227,437
108000371,0,655,-655
108000372,760,3,757
108000373,262,125,137
108000376,112,32,80
108000377,450,211,239
108000378,10399,11526,-1127
108000379,36,190,-154
108000381,71,9,62
108000382,101,2,99
108000383,0,72,-72
108900001,66,804,-738
108900002,200,79,121
108900003,287,531,-244
108900004,224,496,-272
108900005,92,473,-381
108900006,839,210,629
108900007,369,250,119
108900008,213,159,54
108900009,79,123,-44
108900010,384,164,220
108900011,751,382,369
108900012,418,363,55
108900013,207,257,-50
108900014,19,127,-108
108900015,0,82,-82
108900016,1,259,-258
108900017,256,511,-255
108900018,215,439,-224
108900019,44,676,-632
108900020,55,180,-125
108900021,193,192,1
108900022,214,14,200
108900023,2,31,-29
108900024,50,77,-27
108900025,141,104,37
108900026,25,139,-114
108900027,0,51,-51
108900028,86,250,-164
108900029,48,187,-139
108900030,0,72,-72
108900031,164,319,-155
108900032,17,201,-184
108900033,0,97,-97
108900034,0,121,-121
108900035,315,984,-669
108900036,189,212,-23
108900037,56,302,-246
108900038,2,239,-237
108900039,3,326,-323
108900040,18,101,-83
108900041,4804,3789,1015
108900042,8,371,-363
108900043,108,489,-381
108900044,0,358,-358
108900045,76,321,-245
108900046,34,560,-526
108900047,0,59,-59
108900048,95,625,-530
108900049,2314,1389,925
108900050,1,148,-147
108900051,0,138,-138
108900052,48,166,-118
108900053,73,206,-133
108900054,102,187,-85
108900055,49,399,-350
108900056,1,107,-106
108900057,1,147,-146
108900058,50,262,-212
108900059,564,86,478
108900060,121,163,-42
108900061,83,30,53
108900062,3,170,-167
108900063,19,218,-199
108900064,298,46,252
108900065,17,188,-171
108900066,550,158,392
108900067,35,129,-94
108900068,0,61,-61
108900069,91,69,22
108900070,33,69,-36
108900071,106,78,28
108900072,2174,789,1385
108900073,12,54,-42
108900074,230,249,-19
108900075,48,49,-1
108900076,481,85,396
108900077,77,148,-71
108900078,51,134,-83
108900079,675,225,450
108900080,76,1072,-996
108900081,77,243,-166
108900082,93,82,11
108900083,45,370,-325
108900084,370,158,212
108900085,1886,206,1680
108900086,227,177,50
108900087,61,155,-94
108900088,1117,465,652
108900089,29,171,-142
108900090,65,172,-107
108900091,132,70,62
108900092,547,368,179
108900093,163,113,50
108900094,285,88,197
108900095,42,296,-254
108900096,251,9,242
108900097,315,185,130
108900098,1772,987,785
108900099,503,189,314
108900100,95,110,-15
108900101,251,248,3
108900102,105,1291,-1186
108900103,103,130,-27
108900104,152,403,-251
108900105,8,1364,-1356
108900106,562,255,307
108900108,414,72,342
108900109,41,36,5
108900110,265,341,-76
108900111,598,433,165
108900112,312,30,282
108900113,67,88,-21
108900114,1,5,-4
108900115,109,99,10
108900116,144,10,134
108900117,256,32,224
108900118,773,31,742
108900119,418,35,383
108900120,213,185,28
108900121,420,147,273
108900122,160,29,131
108900123,167,131,36
108900124,568,190,378
108900125,578,6,572
108900126,90,47,43
108900127,254,37,217
108900128,134,21,113
108900129,939,185,754
108900130,491,2,489
108900131,445,6,439
108900132,528,63,465
108900133,359,69,290
108900134,516,244,272
108900135,196,14,182
108900136,106,3,103
108900137,206,1,205
108900138,847,66,781
108900139,740,153,587
108900140,354,219,135
108900141,471,15,456
108900142,182,7,175
108900143,76,0,76
108900144,125,0,125
108900145,188,16,172
108900146,97,0,97
108900147,301,2,299
108900148,69,34,35
108900149,693,281,412
108900150,330,7,323
108900151,181,22,159
108900152,268,116,152
108900153,212,272,-60
108900154,5514,418,5096
108900155,293,82,211
108900156,101,7,94
108900157,32,420,-388
108900158,422,33,389
108900159,3,196,-193
108900160,9,187,-178
108900161,11,317,-306
108900162,123,1,122
108900163,4,288,-284
108900164,51,77,-26
108900165,118,106,12
108900167,1488,7993,-6505
108900168,5663,2837,2826
108900169,75,152,-77
108900171,5811,3421,2390
108900172,228,43,185
108900173,188,305,-117
108900174,1041,608,433
108900176,111,324,-213
108900177,4783,7518,-2735
108900178,3251,4224,-973
108900179,604,2116,-1512
108900180,152,330,-178
108900182,41,412,-371
108900183,283,247,36
108900184,556,287,269
108900185,119,432,-313
108900186,126,376,-250
108900187,571,60,511
108900188,720,96,624
108900189,556,163,393
108900190,37,2182,-2145
108900191,215,35,180
108900192,97,199,-102
108900193,190,59,131
108900194,24,432,-408
108900195,169,231,-62
108900196,56,322,-266
108900198,2,273,-271
108900199,315,362,-47
108900200,615,420,195
108900201,441,1383,-942
108900203,624,121,503
108900204,429,15,414
108900205,190,29,161
108900206,735,125,610
108900207,275,130,145
108900208,24,303,-279
108900209,178,517,-339
108900210,238,246,-8
108900211,217,678,-461
108900212,506,1782,-1276
108900215,77,365,-288
108900216,451,265,186
108900217,105,0,105
108900218,172,17,155
108900219,123,6,117
108900220,86,41,45
108900221,51,215,-164
108900222,366,25,341
108900223,5,176,-171
108900224,59,187,-128
108900225,2,188,-186
108900226,311,30,281
108900227,142,484,-342
108900230,164,202,-38
108900231,31,181,-150
108900232,0,194,-194
108900233,602,125,477
108900234,415,166,249
108900235,225,636,-411
108900236,68,559,-491
108900237,86,204,-118
108900240,181,142,39
108900241,58,51,7
108900245,22,1816,-1794
108900249,177,34,143
108900250,300,116,184
108900257,340,452,-112
108900258,5,169,-164
108900259,149,47,102
108900260,10,48,-38
108900261,65,113,-48
108900262,133,128,5
108900263,47,153,-106
108900264,452,310,142
108900265,1045,465,580
108900266,632,713,-81
108900267,8,148,-140
108900268,9,16,-7
108900269,111,18,93
108900270,90,12,78
108900271,72,13,59
108900272,266,21,245
108900273,627,1008,-381
108900274,58,52,6
109000001,2813,1757,1056
109000002,1222,1656,-434
109000003,3053,475,2578
109000004,557,1916,-1359
109000005,2700,622,2078
109000006,566,1800,-1234
109000007,1818,650,1168
109000008,590,1634,-1044
109000009,4259,1335,2924
109000010,1272,3092,-1820
109000011,3854,2577,1277
109000012,1788,2870,-1082
109000013,4713,3519,1194
109000014,2078,3228,-1150
109000015,4456,8024,-3568
109000016,5435,3371,2064
109000017,2898,1285,1613
109000018,847,2619,-1772
109000019,2883,1267,1616
109000020,876,1662,-786
109000023,305,34,271
109000024,8,177,-169
109000025,358,501,-143
109000026,684,318,366
109000027,96,319,-223
109000028,154,74,80
109000029,152,274,-122
109000030,90,568,-478
109000031,291,144,147
109000032,98,479,-381
109000033,410,179,231
109000034,66,47,19
109000035,12,71,-59
109000036,130,387,-257
109000037,257,1641,-1384
109000038,454,367,87
109000039,1149,1026,123
109000040,4251,10251,-6000
109000041,2380,2041,339
109000042,494,1223,-729
109000044,442,81,361
109000045,127,352,-225
109000046,396,95,301
109000047,87,420,-333
109000048,1036,279,757
109000049,321,710,-389
109000050,511,366,145
109000051,308,257,51
109000052,618,735,-117
109000053,294,89,205
109000054,332,491,-159
109000055,228,411,-183
109000056,470,427,43
109000057,912,591,321
109000058,1117,394,723
109000059,788,1760,-972
109000060,465,384,81
109000061,782,1582,-800
109000062,169,357,-188
109000063,275,166,109
109000064,329,193,136
109000065,176,210,-34
109000066,487,86,401
109000067,106,297,-191
109000068,2514,10,2504
109000069,871,35,836
109000070,8,1525,-1517
109000071,417,88,329
109000072,84,295,-211
109000073,62,93,-31
109000074,16,144,-128
109000075,67,386,-319
109000076,106,220,-114
109000077,355,230,125
109000078,56,137,-81
109000079,153,106,47
109000080,169,90,79
109000081,161,339,-178
109000082,596,186,410
109000083,309,520,-211
109000088,105,371,-266
109000089,319,62,257
109000090,144,361,-217
109000091,340,244,96
109000092,361,453,-92
109000093,301,234,67
109000094,687,2,685
109000095,143,402,-259
109000096,903,253,650
109000097,92,134,-42
109000098,68,179,-111
109000099,1159,347,812
109000100,350,558,-208
109000101,2097,777,1320
109000102,375,788,-413
109000103,568,657,-89
109000104,2408,630,1778
109000105,546,1111,-565
109000106,2434,970,1464
109000107,644,1805,-1161
109000108,2324,668,1656
109000109,607,1592,-985
109000110,1532,569,963
109000111,1015,1676,-661
109000112,451,119,332
109000113,233,179,54
109000114,220,263,-43
109000115,1362,46,1316
109000116,10,241,-231
109000117,290,59,231
109000118,12,278,-266
109000119,1698,232,1466
109000120,221,641,-420
109000121,574,54,520
109000122,140,579,-439
109000123,23,41,-18
109000124,767,408,359
109000125,921,341,580
109000126,436,619,-183
109000127,1101,206,895
109000128,486,1132,-646
109000129,2888,863,2025
109000130,463,1306,-843
109000131,965,685,280
109000132,777,1542,-765
109000133,330,870,-540
109000134,819,1172,-353
109000135,1477,1738,-261
109000136,389,308,81
109000137,420,449,-29
109000138,431,290,141
109000139,616,423,193
109000140,192,367,-175
109000141,641,477,164
109000142,143,500,-357
109000143,180,98,82
109000145,153,226,-73
109000146,47,108,-61
109000148,3021,1981,1040
109000149,29,49,-20
109000150,59,316,-257
109000155,930,740,190
109000156,1085,596,489
109000158,173,308,-135
109000159,186,548,-362
109000160,1200,293,907
109000161,419,930,-511
109000162,2348,656,1692
109000163,1263,1541,-278
109000164,1389,2079,-690
109000165,1480,616,864
109000166,881,108,773
109000167,144,447,-303
109000170,42,39,3
109000171,69,50,19
109000172,41,75,-34
109000173,20,81,-61
109000174,113,65,48
109000175,66,72,-6
109000176,357,212,145
109000177,29,86,-57
109000178,525,92,433
109000179,4111,5482,-1371
109000180,5473,4393,1080
109000181,19,20,-1
109000182,49,42,7
109000183,35,29,6
109000184,23,18,5
109000185,18,49,-31
109000188,492,1554,-1062
109000189,2391,919,1472
109000190,651,436,215
109000191,422,360,62
109000192,530,183,347
109000193,281,237,44
109000194,309,91,218
109000195,155,261,-106
109000196,300,105,195
109000197,266,331,-65
109000198,532,74,458
109000199,179,428,-249
109000206,229,36,193
109000207,177,45,132
109000208,99,85,14
109000209,194,114,80
109000210,188,472,-284
109000211,272,198,74
109000214,422,291,131
109000215,136,101,35
109000216,312,317,-5
109000217,271,131,140
109000218,427,248,179
109000221,417,880,-463
109000222,1040,279,761
109000223,384,375,9
109000224,53,96,-43
109000225,84,24,60
109000226,63,171,-108
109000227,1248,953,295
109000228,5,1478,-1473
109000231,2,241,-239
109000232,377,244,133
109000236,402,629,-227
109000241,2332,1653,679
109000242,1886,1114,772
109000293,18,68,-50
109000361,108,213,-105
109000364,357,534,-177
109000396,5,447,-442
109000397,670,17,653
109000399,138,347,-209
109000400,73,134,-61
109000403,195,1183,-988
109000406,333,17,316
109000407,293,172,121
109000408,0,234,-234
109000410,1237,289,948
109000411,133,10,123
109900001,98,0,98
109900002,810,18,792
109900003,328,2,326
109900004,911,131,780
109900005,41,12,29
109900006,685,176,509
109900007,962,374,588
109900008,0,16,-16
109900009,140,524,-384
109900010,609,33,576
109900011,100,59,41
109900012,328,279,49
109900013,476,160,316
109900014,478,70,408
109900015,442,177,265
109900016,182,38,144
109900017,195,246,-51
109900018,342,58,284
109900019,336,68,268
109900020,62,46,16
109900021,51,18,33
109900022,63,188,-125
109900023,29,10,19
109900024,26,13,13
109900025,32,50,-18
109900026,6,146,-140
109900027,58,86,-28
109900028,941,1109,-168
109900029,2,233,-231
109900030,65,24,41
109900031,0,328,-328
109900032,16,275,-259
109900033,5,484,-479
109900034,48,2,46
109900035,16,15,1
109900036,48,42,6
109900037,24,367,-343
109900038,131,248,-117
109900039,9,3,6
109900040,36,409,-373
109900041,70,272,-202
109900042,42,1369,-1327
109900044,141,191,-50
109900045,250,102,148
109900046,27,75,-48
109900047,339,265,74
109900048,17,81,-64
109900049,23,44,-21
109900050,0,107,-107
109900051,0,36,-36
109900052,109,253,-144
109900053,0,192,-192
109900054,877,217,660
109900055,82,292,-210
109900056,25,194,-169
109900057,6,82,-76
109900058,1,53,-52
109900059,844,148,696
109900060,492,118,374
109900061,50,218,-168
109900062,0,135,-135
109900063,37,565,-528
109900064,532,239,293
109900065,80,161,-81
109900066,297,760,-463
109900067,2,186,-184
109900068,105,8,97
109900069,5,42,-37
109900070,53,285,-232
109900071,2,32,-30
109900072,22,158,-136
109900073,487,425,62
109900074,16,33,-17
109900075,18,104,-86
109900076,12,137,-125
109900077,29,49,-20
109900078,105,200,-95
109900080,134,286,-152
109900081,30,316,-286
109900082,48,296,-248
109900083,20,56,-36
109900084,58,114,-56
109900085,199,558,-359
109900086,140,452,-312
109900087,295,594,-299
109900089,900,225,675
109900090,539,964,-425
109900091,377,78,299
109900092,1548,49,1499
109900093,1200,172,1028
109900094,82,115,-33
109900095,174,244,-70
109900096,47,5,42
109900097,114,5,109
109900098,465,48,417
109900099,208,3,205
109900100,61,0,61
109900101,609,19,590
109900102,589,24,565
109900103,21,40,-19
109900104,670,489,181
109900105,661,20,641
109900106,945,83,862
109900107,1280,83,1197
109900108,137,336,-199
109900109,47,163,-116
109900110,92,332,-240
109900111,293,691,-398
109900112,288,501,-213
109900113,956,679,277
109900114,973,1503,-530
109900115,184,148,36
109900117,1124,141,983
109900118,230,408,-178
109900119,553,363,190
109900120,83,19,64
109900121,506,467,39
109900122,522,8,514
109900123,21,153,-132
109900124,52,363,-311
109900125,0,175,-175
109900126,296,80,216
109900128,393,46,347
109900130,5762,2477,3285
109900131,74,162,-88
109900132,33,125,-92
109900133,104,266,-162
109900134,129,94,35
109900135,268,50,218
109900136,88,128,-40
109900137,186,273,-87
109900138,425,240,185
109900140,213,148,65
109900141,528,237,291
109900142,1563,391,1172
109900145,7,695,-688
109900146,503,59,444
109900148,49,103,-54
109900149,59,74,-15
109900150,22,92,-70
109900151,6,60,-54
109900152,0,38,-38
109900153,2,55,-53
109900154,101,1,100
109900155,99,30,69
109900157,80,178,-98
109900158,63,142,-79
109900159,156,41,115
109900160,152,68,84
109900161,245,68,177
109900162,237,100,137
109900163,715,293,422
109900164,115,207,-92
109900165,341,6,335
109900166,2,134,-132
109900167,221,400,-179
109900168,206,555,-349
109900169,282,163,119
109900170,220,1206,-986
109900171,194,102,92
109900172,225,276,-51
109900173,2177,2424,-247
109900174,79,146,-67
109900175,69,104,-35
109900176,147,131,16
109900177,67,165,-98
109900178,7,261,-254
109900179,63,27,36
109900180,4,14,-10
110000001,1001,498,503
110000002,673,755,-82
110000003,949,783,166
110000004,522,801,-279
110000005,482,2171,-1689
110000006,336,330,6
110000007,175,123,52
110000008,39,83,-44
110000009,41,33,8
110000010,33,57,-24
110000011,42,67,-25
110000012,830,302,528
110000013,40,589,-549
110000014,503,490,13
110000015,333,553,-220
110000016,272,1832,-1560
110000017,3037,271,2766
110000018,2772,399,2373
110000019,13,134,-121
110000020,863,237,626
110000021,606,642,-36
110000022,1321,238,1083
110000023,8,183,-175
110000024,730,661,69
110000025,335,5,330
110000026,6,319,-313
110000027,919,1371,-452
110000028,891,665,226
110000029,594,650,-56
110000030,294,349,-55
110000031,310,420,-110
110000032,893,366,527
110000033,357,227,130
110000034,472,647,-175
110000035,1271,602,669
110000036,1140,647,493
110000037,278,489,-211
110000038,248,651,-403
110000039,731,4049,-3318
110000040,334,380,-46
110000041,337,1829,-1492
110000042,111,614,-503
110000043,1040,344,696
110000044,228,1069,-841
110000045,1724,200,1524
110000046,8,51,-43
110000047,75,113,-38
110000048,11,59,-48
110000049,45,26,19
110000050,32,83,-51
110000051,20,18,2
110000052,37,36,1
110000053,127,26,101
110000054,159,668,-509
110000055,738,94,644
110000056,194,131,63
110000057,513,658,-145
110000058,1484,493,991
110000059,1147,536,611
110000060,931,1142,-211
110000061,933,749,184
110000062,738,892,-154
110000063,42,145,-103
110000064,78,74,4
110000065,96,80,16
110000066,77,30,47
110000067,108,169,-61
110000068,349,174,175
110000069,372,74,298
110000071,222,77,145
110000073,14,12,2
110000075,19,56,-37
110000076,343,425,-82
110000077,419,1536,-1117
110000078,32,25,7
110000080,236,613,-377
110000081,56,221,-165
110000082,15,368,-353
110000083,179,544,-365
110000084,1371,1030,341
110000085,1556,1585,-29
110000086,1497,2682,-1185
110000087,13,53,-40
110000088,108,208,-100
110000089,308,101,207
110000090,111,222,-111
110000091,936,222,714
110000092,28,67,-39
110000093,47,11,36
110000094,517,236,281
110000095,275,633,-358
110000096,1854,1936,-82
110000097,1279,1463,-184
110000098,2257,653,1604
110000099,846,1551,-705
110000100,1076,409,667
110000101,28,266,-238
110000102,81,35,46
110000104,378,176,202
110000105,60,269,-209
110000106,790,442,348
110000107,221,298,-77
110000108,199,94,105
110000109,249,233,16
110000110,2823,5673,-2850
110000111,6112,3413,2699
110000112,1126,1330,-204
110000113,295,2309,-2014
110000114,180,620,-440
110000115,377,300,77
110000116,55,48,7
110000117,282,335,-53
110000118,578,107,471
110000119,284,277,7
110000120,419,131,288
110000121,85,370,-285
110000122,409,626,-217
110000123,834,727,107
110000124,1,747,-746
110000125,1195,13,1182
110000126,408,20,388
110000127,1314,53,1261
110000128,55,1249,-1194
110000129,1,493,-492
110000130,255,226,29
110000131,109,259,-150
110000132,2,590,-588
110000133,44,442,-398
110000134,26,373,-347
110000135,208,35,173
110000136,50,241,-191
110000137,603,535,68
110000138,867,543,324
110000139,1070,903,167
110000140,1070,698,372
110000143,588,385,203
110000144,5621,2346,3275
110000145,2032,1508,524
110000146,2536,975,1561
110000147,534,742,-208
110000148,789,284,505
110000151,1011,1362,-351
110000152,887,478,409
110000153,152,29,123
110000154,47,36,11
110000155,1892,4694,-2802
110000156,1095,2666,-1571
110000157,2168,2681,-513
110000160,473,314,159
110000161,218,254,-36
110000166,742,120,622
110000167,1133,518,615
110000168,1270,498,772
110000169,991,412,579
110000170,119,66,53
110000171,659,140,519
110000172,197,748,-551
110000173,860,1070,-210
110000174,199,662,-463
110000175,899,74,825
110000176,139,381,-242
110000177,241,901,-660
110000178,440,1626,-1186
110000179,1271,385,886
110000180,257,265,-8
110000181,556,413,143
110000182,371,158,213
110000183,9059,8728,331
110000184,323,2890,-2567
110000185,1544,892,652
110000186,855,694,161
110000191,1191,252,939
110000192,723,15,708
110000193,1258,9,1249
110000194,11,904,-893
110000195,574,308,266
110000196,511,270,241
110000197,138,145,-7
110000198,109,91,18
110000199,103,150,-47
110000200,1125,552,573
110000201,961,1196,-235
110000202,1445,565,880
110000203,613,664,-51
110000204,5,187,-182
110000205,166,47,119
110000206,618,1085,-467
110000207,1318,506,812
110000208,336,265,71
110000209,129,1667,-1538
110000210,1497,476,1021
110000211,1275,1225,50
110000212,525,1153,-628
110000213,272,65,207
110000214,300,106,194
110000215,219,355,-136
110000216,113,227,-114
110000217,365,149,216
110000218,225,267,-42
110000219,371,72,299
110000220,64,215,-151
110000221,406,89,317
110000222,83,208,-125
110000223,10,313,-303
110000224,119,18,101
110000225,368,747,-379
110000226,205,89,116
110000227,1039,1014,25
110000228,306,216,90
110000229,1,195,-194
110000230,719,948,-229
110000231,187,231,-44
110000232,306,320,-14
110000233,217,330,-113
110000234,943,1983,-1040
110000235,1160,1346,-186
110000236,733,679,54
110000237,2760,1876,884
110000238,1249,1479,-230
110000239,1924,1206,718
110000240,1,75,-74
110000242,0,18,-18
110000243,161,116,45
110000244,172,869,-697
110000245,48,435,-387
110000246,923,471,452
110000247,1385,5182,-3797
110000248,2359,1853,506
110000249,87,21,66
110000250,21,219,-198
110000251,351,545,-194
110000252,306,190,116
110000253,1266,635,631
110000254,742,1166,-424
110000255,219,952,-733
110000256,411,360,51
110000257,808,433,375
110000258,7,659,-652
110000259,133,21,112
110000260,42,228,-186
110000263,628,110,518
110000264,292,463,-171
110000265,1388,2372,-984
110000266,2371,3863,-1492
110000267,37,211,-174
110000268,367,533,-166
110000269,6,87,-81
110000270,100,16,84
110000271,1438,274,1164
110000272,1458,1143,315
110000273,3527,2000,1527
110000274,198,1783,-1585
110000275,1954,616,1338
110000276,284,408,-124
110000277,352,399,-47
110000278,354,710,-356
110000279,980,773,207
110000280,514,520,-6
110000281,66,449,-383
110000282,305,31,274
110000283,87,149,-62
110000284,58,57,1
110000285,6,878,-872
110000286,34,1,33
110000287,95,4,91
110000288,4,125,-121
110000289,440,2107,-1667
110000290,761,672,89
110000291,5259,1336,3923
110000292,1359,5199,-3840
110000293,635,724,-89
110000294,1186,1115,71
110000295,206,1064,-858
110000296,571,417,154
110000297,2749,429,2320
110000298,133,401,-268
110000299,314,101,213
110000301,406,22,384
110000302,200,663,-463
110000303,551,7,544
110000304,118,183,-65
110000305,1401,22,1379
110000306,263,1058,-795
110000307,1875,6,1869
110000308,822,8,814
110000309,4,714,-710
110000310,809,48,761
110000311,29,710,-681
110000312,487,123,364
110000313,2899,3037,-138
110000314,3,181,-178
110000315,3359,3708,-349
110000316,609,1557,-948
110000317,517,1511,-994
110000318,1,47,-46
110000319,4,37,-33
110000320,38,40,-2
110000321,13,51,-38
110000322,306,382,-76
110000323,469,252,217
110000324,3033,1924,1109
110000325,2628,3342,-714
110000327,597,347,250
110000328,189,495,-306
110000333,1162,874,288
110000334,941,1425,-484
110000335,1043,551,492
110000336,812,957,-145
110000337,1605,685,920
110000338,602,270,332
110000339,363,247,116
110000340,34,200,-166
110000341,536,471,65
110000342,551,1,550
110000343,0,26,-26
110000344,270,161,109
110000345,259,263,-4
110000346,2764,2308,456
110000347,1225,827,398
110000348,23,25,-2
110000349,17,22,-5
110000350,63,9,54
110000351,1307,772,535
110000352,704,1606,-902
110000353,3535,664,2871
110000354,1116,3531,-2415
110000355,143,68,75
110000356,1347,6,1341
110000357,621,19,602
110000361,65,47,18
110000362,73,87,-14
110000363,583,103,480
110000364,378,413,-35
110000365,186,0,186
110000366,1,119,-118
110000367,476,254,222
110000368,2,60,-58
110000369,63,4,59
110000373,4,274,-270
110000374,161,16,145
110000375,110,912,-802
110000376,42,126,-84
110000377,70,608,-538
110000378,22,360,-338
110000379,2767,2109,658
110000380,46,10,36
110000383,3,1542,-1539
110000384,2297,1611,686
110000385,1,271,-270
110000387,124,10,114
110000388,50,273,-223
110000389,874,37,837
110000391,847,362,485
110000396,202,146,56
110000397,135,156,-21
110000398,5,37,-32
110000399,124,0,124
110000587,106,62,44
110000589,208,128,80
110000640,200,61,139
110000652,15,487,-472
110000653,316,474,-158
110000654,54,367,-313
110000656,1,496,-495
110000674,37,43,-6
110000675,16,53,-37
110000676,1,59,-58
110000679,264,1455,-1191
110000682,128,265,-137
110000683,348,516,-168
110000684,14,65,-51
110000685,7,20,-13
110000686,5,56,-51
110000687,170,9,161
110000688,93,1045,-952
110000689,16,31,-15
110000692,88,264,-176
110000693,91,471,-380
110000694,0,144,-144
110000695,183,705,-522
110000696,69,66,3
110900001,414,77,337
110900002,500,240,260
110900003,1040,455,585
110900004,634,174,460
110900005,2056,2482,-426
110900006,36,18,18
110900007,175,43,132
110900008,19,31,-12
110900009,608,203,405
110900010,23,68,-45
110900011,33,88,-55
110900012,22,77,-55
110900013,1095,88,1007
110900014,185,15,170
110900015,445,604,-159
110900016,58,144,-86
110900017,560,39,521
110900018,547,47,500
110900019,237,31,206
110900020,123,181,-58
110900021,77,443,-366
110900022,68,262,-194
110900023,177,797,-620
110900024,39,303,-264
110900025,6,45,-39
110900027,79,283,-204
110900028,37,144,-107
110900029,11,255,-244
110900030,28,224,-196
110900031,0,121,-121
110900032,0,79,-79
110900033,40,200,-160
110900035,24,381,-357
110900036,142,26,116
110900037,116,15,101
110900038,1208,177,1031
110900039,10,284,-274
110900040,186,36,150
110900041,30,80,-50
110900042,169,41,128
110900043,5,77,-72
110900044,241,17,224
110900045,51,320,-269
110900046,35,180,-145
110900047,516,333,183
110900049,114,104,10
110900050,29,6,23
110900051,23,201,-178
110900052,2,132,-130
110900053,128,39,89
110900054,40,153,-113
110900055,38,2,36
110900056,77,113,-36
110900057,13,112,-99
110900058,286,204,82
110900059,539,448,91
110900060,543,151,392
110900061,17,56,-39
110900062,151,243,-92
110900063,45,165,-120
110900064,10,0,10
110900065,288,140,148
110900066,7,106,-99
110900067,319,750,-431
110900068,197,192,5
110900069,10,24,-14
110900070,136,66,70
110900071,257,914,-657
110900073,2,25,-23
110900074,409,110,299
110900075,405,87,318
110900077,989,608,381
110900078,45,43,2
110900079,1886,1640,246
110900080,180,79,101
110900081,9,48,-39
110900082,187,125,62
110900083,121,73,48
110900084,60,59,1
110900085,115,226,-111
110900086,94,391,-297
110900087,385,75,310
110900088,16,2,14
110900090,47,50,-3
110900091,4,63,-59
110900093,347,149,198
110900095,96,70,26
110900097,26,23,3
110900098,31,60,-29
110900099,100,433,-333
110900100,0,18,-18
110900102,36,17,19
110900105,2135,267,1868
110900108,26,57,-31
110900111,491,170,321
110900112,946,8,938
110900113,421,87,334
110900115,22,57,-35
110900116,911,1328,-417
110900118,96,3395,-3299
110900119,2886,317,2569
110900120,18,39,-21
110900121,170,1,169
110900122,494,180,314
110900125,501,489,12
110900127,698,1600,-902
110900128,252,320,-68
110900129,422,986,-564
110900130,823,516,307
110900131,290,51,239
110900132,497,83,414
110900133,79,133,-54
110900135,86,277,-191
110900136,341,27,314
110900137,66,1,65
110900138,1336,1365,-29
110900139,12,356,-344
110900140,90,8,82
110900141,23,377,-354
110900142,59,128,-69
110900143,284,83,201
110900144,4,516,-512
110900145,151,50,101
110900146,416,231,185
110900147,102,695,-593
110900148,3,258,-255
110900149,8,64,-56
110900150,114,17,97
110900151,7,117,-110
110900152,33,152,-119
110900153,178,51,127
111000001,443,303,140
111000002,328,463,-135
111000003,1186,721,465
111000004,444,847,-403
111000005,1719,1286,433
111000006,940,1704,-764
111000007,5009,3115,1894
111000008,2010,3108,-1098
111000009,441,794,-353
111000010,975,296,679
111000011,211,959,-748
111000012,287,381,-94
111000013,390,838,-448
111000014,1080,489,591
111000017,125,1073,-948
111000018,231,383,-152
111000020,788,2318,-1530
111000021,97,106,-9
111000023,128,100,28
111000025,3658,3863,-205
111000029,104,116,-12
111000030,42,118,-76
111000031,2308,1277,1031
111000032,608,396,212
111000033,376,376,0
111000034,148,299,-151
111000037,1334,825,509
111000038,3455,2222,1233
111000039,1955,2178,-223
111000040,1778,2014,-236
111000041,1565,1569,-4
111000042,2727,2327,400
111000043,2428,3646,-1218
111000044,2455,1100,1355
111000045,2876,2489,387
111000046,2165,2092,73
111000047,3103,4753,-1650
111000049,481,572,-91
111000050,1364,1147,217
111000051,590,943,-353
111000052,552,1463,-911
111000053,394,896,-502
111000054,420,727,-307
111000055,1078,1397,-319
111000056,133,462,-329
111000057,116,458,-342
111000058,436,73,363
111000059,515,270,245
111000060,4405,906,3499
111000061,637,323,314
111000062,947,353,594
111000063,1991,994,997
111000064,857,554,303
111000065,1419,854,565
111000066,646,512,134
111000067,602,601,1
111000068,643,975,-332
111000069,1732,1941,-209
111000070,862,838,24
111000071,351,439,-88
111000072,1172,428,744
111000073,335,848,-513
111000074,1879,1751,128
111000075,1185,693,492
111000076,698,801,-103
111000077,1833,1515,318
111000078,2970,1407,1563
111000079,1411,858,553
111000080,583,668,-85
111000081,1794,4841,-3047
111000082,894,597,297
111000084,849,608,241
111000085,999,1031,-32
111000086,2872,839,2033
111000087,767,583,184
111000088,6699,2598,4101
111000089,757,681,76
111000090,891,1304,-413
111000091,853,434,419
111000092,1580,833,747
111000093,886,1077,-191
111000094,1874,1014,860
111000095,789,2343,-1554
111000096,1618,7942,-6324
111000097,3870,1449,2421
111000098,760,1020,-260
111000099,673,1574,-901
111000100,527,1279,-752
111000101,436,958,-522
111000102,281,722,-441
111000104,902,246,656
111000107,116,731,-615
111000109,1007,225,782
111000110,1643,748,895
111000111,2733,534,2199
111000112,2157,637,1520
111000113,1040,1559,-519
111000114,1708,3571,-1863
111000115,5158,1177,3981
111000116,943,853,90
111000117,420,847,-427
111000118,1341,719,622
111000119,1376,907,469
111000120,604,619,-15
111000121,363,777,-414
111000122,614,1053,-439
111000123,1179,2305,-1126
111000124,441,2147,-1706
111000125,238,1153,-915
111000126,74,691,-617
111000127,1172,181,991
111000128,2274,313,1961
111000129,3185,525,2660
111000130,2725,624,2101
111000131,2336,499,1837
111000132,1950,995,955
111000133,270,149,121
111000134,203,113,90
111000135,60,145,-85
111000136,330,263,67
111000138,15,1,14
111000140,0,4,-4
111000141,224,377,-153
111000142,27,163,-136
111000143,9,156,-147
111000144,35,531,-496
111000145,1006,21,985
111000146,103,20,83
111000147,322,32,290
111000148,156,78,78
111000149,9,48,-39
111000150,31,10,21
111000151,4,24,-20
111000153,619,746,-127
111000154,738,223,515
111000155,107,205,-98
111000156,585,746,-161
111000157,292,1315,-1023
111000158,1089,808,281
111000159,3273,915,2358
111000160,582,322,260
111000161,36,411,-375
111000162,101,171,-70
111000163,866,981,-115
111000164,743,3744,-3001
111000165,976,556,420
111000166,1781,381,1400
111000167,180,431,-251
111000168,233,429,-196
111000169,314,698,-384
111000170,449,390,59
111000171,592,506,86
111000172,192,321,-129
111000173,298,630,-332
111000174,261,293,-32
111000175,61,499,-438
111000176,491,95,396
111000177,414,214,200
111000178,1239,299,940
111000179,268,126,142
111000180,294,468,-174
111000181,1500,207,1293
111000182,233,206,27
111000183,319,305,14
111000184,393,249,144
111000185,330,375,-45
111000186,292,210,82
111000187,160,148,12
111000188,291,271,20
111000189,898,588,310
111000190,183,271,-88
111000191,162,263,-101
111000192,161,427,-266
111000193,303,225,78
111000194,59,258,-199
111000195,144,339,-195
111000196,62,159,-97
111000197,488,108,380
111000198,602,98,504
111000199,220,159,61
111000200,491,286,205
111000201,692,185,507
111000202,343,149,194
111000203,351,223,128
111000204,433,961,-528
111000213,244,420,-176
111000214,1729,1084,645
111000215,1035,1123,-88
111000217,1675,887,788
111000218,1377,1093,284
111000219,427,204,223
111000220,1344,906,438
111000221,534,99,435
111000224,0,193,-193
111000225,291,73,218
111000226,109,3,106
111000227,30,7,23
111000228,37,474,-437
111000229,57,964,-907
111000230,402,333,69
111000231,1078,578,500
111000232,761,863,-102
111000233,1029,673,356
111000234,193,606,-413
111000239,85,121,-36
111000240,69,259,-190
111000241,47,273,-226
111000242,243,80,163
111000243,144,424,-280
111000244,578,95,483
111000245,1022,398,624
111000246,701,302,399
111000247,436,622,-186
111000248,828,348,480
111000249,501,509,-8
111000250,44,94,-50
111000251,56,105,-49
111000253,21,14,7
111000255,43,20,23
111000257,44,22,22
111000260,92,948,-856
111000261,1514,110,1404
111000271,27,212,-185
111000273,3412,1216,2196
111000274,1438,2519,-1081
111000275,170,43,127
111000276,252,1390,-1138
111000277,208,311,-103
111000278,706,202,504
111000291,794,7103,-6309
111000298,604,202,402
111000299,714,118,596
111000300,112,513,-401
111000302,359,56,303
111000303,97,191,-94
111000312,29,66,-37
111000315,0,52,-52
111000320,237,641,-404
111000321,523,166,357
111000322,384,341,43
111000323,285,33,252
111000324,421,193,228
111000325,36,72,-36
111000326,217,268,-51
111000327,475,318,157
111000328,261,506,-245
111000329,2,28,-26
111000330,58,6,52
111000331,17,4,13
111000332,649,1320,-671
111000334,360,1125,-765
111000335,813,281,532
111000337,1443,420,1023
111000338,169,136,33
111000339,812,265,547
111000340,149,480,-331
111000341,1373,628,745
111000342,150,749,-599
111000344,1272,680,592
111000345,224,69,155
111000346,24,176,-152
111000347,154,24,130
111000350,133,115,18
111000351,145,268,-123
111000352,228,134,94
111000353,142,249,-107
111000354,647,160,487
111000355,393,688,-295
111000358,187,814,-627
111000360,219,474,-255
111000361,195,204,-9
111000546,935,625,310
111000547,531,410,121
111000548,204,266,-62
111000549,357,285,72
111000550,73,882,-809
111000551,610,116,494
111000552,1208,141,1067
111000907,296,58,238
111000908,22,0,22
111000916,1831,319,1512
111000917,35,404,-369
111000918,277,623,-346
111000920,537,24,513
111000921,6,125,-119
111000922,632,254,378
111000924,47,547,-500
111000925,2836,1924,912
111000926,1053,1114,-61
111000927,3198,4510,-1312
111000928,4193,2708,1485
111000929,1610,1290,320
111000930,778,1985,-1207
111000931,2820,3003,-183
111000932,4003,2077,1926
111000933,4074,2781,1293
111000934,1961,3416,-1455
111000935,1943,988,955
111000936,1174,1852,-678
111000937,1241,1419,-178
111000938,1536,1311,225
111000939,676,54,622
111000940,670,107,563
111000941,599,439,160
111000943,519,230,289
111000944,141,232,-91
111000945,137,1104,-967
111001109,536,445,91
111001110,173,406,-233
111001111,72,6,66
111001112,102,4,98
111001113,1,150,-149
111001114,795,82,713
111001115,23,574,-551
111001116,3935,3824,111
111001117,543,2677,-2134
111001120,118,337,-219
111001121,196,176,20
111001122,18,197,-179
111001123,28,8,20
111900001,32,123,-91
111900002,18,515,-497
111900003,9,286,-277
111900004,53,108,-55
111900006,14,30,-16
111900007,157,13,144
111900008,303,2,301
111900009,232,139,93
111900010,321,403,-82
111900012,62,81,-19
111900013,19,60,-41
111900014,4099,4745,-646
111900015,0,72,-72
111900016,0,88,-88
111900017,0,98,-98
111900018,234,9,225
111900019,4,178,-174
111900020,3,79,-76
111900021,37,99,-62
111900022,5,48,-43
111900023,143,94,49
111900024,0,54,-54
111900025,0,29,-29
111900026,1,73,-72
111900027,4,98,-94
111900028,1,247,-246
111900029,5,60,-55
111900030,52,392,-340
111900031,3,17,-14
111900032,1,228,-227
111900033,8,70,-62
111900034,190,354,-164
111900035,50,163,-113
111900036,1,196,-195
111900038,251,509,-258
111900039,69,296,-227
111900040,2,335,-333
111900042,40,102,-62
111900043,6,227,-221
111900044,302,184,118
111900046,47,122,-75
111900048,296,510,-214
111900049,22,175,-153
111900050,134,29,105
111900051,14,231,-217
111900052,243,386,-143
111900053,1050,2163,-1113
111900054,160,2,158
111900055,20,311,-291
111900056,176,373,-197
111900057,228,28,200
111900058,542,534,8
111900059,1421,688,733
111900060,306,4,302
111900061,4,179,-175
111900062,40,82,-42
111900063,482,256,226
111900064,93,175,-82
111900065,135,65,70
111900066,195,196,-1
111900067,0,238,-238
111900068,58,34,24
111900069,114,42,72
111900070,193,136,57
111900071,1,210,-209
111900072,73,23,50
111900073,1156,208,948
111900074,22,176,-154
111900075,97,10,87
111900076,236,66,170
111900077,82,1,81
111900078,346,19,327
111900079,62,42,20
111900080,270,301,-31
111900081,511,205,306
111900082,187,29,158
111900083,190,16,174
111900084,136,7,129
111900085,90,140,-50
111900086,46,3,43
111900087,76,4,72
111900088,629,13,616
111900089,111,1,110
111900090,67,47,20
111900091,282,3,279
111900092,137,3,134
111900093,510,4,506
111900094,125,0,125
111900095,264,52,212
111900096,279,0,279
111900097,71,0,71
111900098,348,52,296
111900099,82,0,82
111900100,125,2,123
111900101,134,26,108
111900102,648,395,253
111900103,77,130,-53
111900104,144,117,27
111900105,462,446,16
111900106,1199,63,1136
111900107,111,116,-5
111900108,123,200,-77
111900109,451,588,-137
111900110,1497,425,1072
111900111,255,140,115
111900112,529,3239,-2710
111900113,203,62,141
111900114,134,125,9
111900115,15,30,-15
111900118,277,104,173
111900119,363,176,187
111900122,137,81,56
111900123,24,50,-26
111900124,31,103,-72
111900125,695,45,650
111900126,353,5,348
111900127,3,530,-527
111900128,2,343,-341
111900129,380,4,376
111900130,277,50,227
111900131,574,1,573
111900132,19,800,-781
111900133,24,311,-287
111900134,8,199,-191
111900135,10,46,-36
111900136,91,178,-87
111900137,77,64,13
111900138,25,62,-37
111900139,18,88,-70
111900140,190,26,164
111900141,88,5,83
111900142,152,23,129
111900143,29,158,-129
111900144,0,72,-72
111900145,0,321,-321
111900146,2,149,-147
111900147,112,377,-265
111900148,39,463,-424
111900149,6,263,-257
111900150,9,143,-134
111900151,3,32,-29
111900152,56,103,-47
111900153,1146,821,325
111900154,14,369,-355
111900155,61,97,-36
111900156,75,72,3
111900157,163,26,137
111900158,676,76,600
111900159,373,29,344
111900160,372,1,371
111900161,230,1,229
111900162,68,150,-82
111900163,78,163,-85
111900164,97,42,55
111901113,596,140,456
111901114,216,277,-61
111901115,85,2,83
111901116,50,3,47
111901117,22,29,-7
111901118,36,272,-236
111901119,544,72,472
111901120,88,128,-40
111901121,130,152,-22
111901122,18,311,-293
111901123,210,222,-12
111901124,245,7,238
111901125,350,144,206
111901126,120,68,52
111901127,572,697,-125
111901128,20,102,-82
111901129,7,136,-129
111901130,18,155,-137
111901131,2,221,-219
111901132,89,28,61
111901133,59,6,53
111901134,165,9,156
111901135,37,6,31
111901136,40,74,-34
111901137,1,41,-40
111901138,199,41,158
111901139,26,31,-5
111901140,12,69,-57
111901141,20,98,-78
111901142,3,72,-69
111901143,1,116,-115
111901144,28,59,-31
112000001,2194,729,1465
112000002,683,1943,-1260
112000003,1994,1216,778
112000004,774,777,-3
112000005,4229,4106,123
112000006,2127,1687,440
112000007,4398,2634,1764
112000008,3064,4147,-1083
112000009,3021,2446,575
112000010,4035,4614,-579
112000011,1677,1521,156
112000012,6063,6595,-532
112000013,3868,3988,-120
112000014,2663,4064,-1401
112000015,2540,4435,-1895
112000016,6129,3232,2897
112000017,2583,5444,-2861
112000024,2436,1070,1366
112000026,2782,3489,-707
112000027,1042,664,378
112000028,1179,1552,-373
112000029,790,1053,-263
112000030,199,95,104
112000031,1600,6302,-4702
112000032,305,46,259
112000033,1995,3286,-1291
112000034,188,74,114
112000035,104,771,-667
112000036,832,1740,-908
112000037,1295,1132,163
112000038,1508,1867,-359
112000039,116,88,28
112000040,122,228,-106
112000041,434,438,-4
112000042,1242,464,778
112000050,1379,1648,-269
112000051,1380,2051,-671
112000054,1814,1754,60
112000057,830,544,286
112000058,459,737,-278
112000059,683,993,-310
112000061,3000,2004,996
112000062,1769,1439,330
112000063,1109,2084,-975
112000064,4070,5109,-1039
112000065,1739,2212,-473
112000066,4122,1675,2447
112000067,811,787,24
112000068,3754,2837,917
112000069,721,1945,-1224
112000070,2687,1076,1611
112000071,1275,2616,-1341
112000072,3121,1088,2033
112000073,1949,2823,-874
112000074,1835,1457,378
112000075,1599,1413,186
112000076,3705,2757,948
112000077,767,560,207
112000078,2037,682,1355
112000079,1731,1511,220
112000080,959,751,208
112000081,1328,2391,-1063
112000082,1792,837,955
112000083,692,1280,-588
112000084,1718,841,877
112000085,1556,1045,511
112000086,2407,1245,1162
112000087,598,372,226
112000088,881,434,447
112000089,395,422,-27
112000090,431,411,20
112000091,679,771,-92
112000092,2405,1057,1348
112000093,1775,823,952
112000094,840,889,-49
112000095,751,820,-69
112000096,787,614,173
112000097,1512,835,677
112000098,1013,907,106
112000099,957,2101,-1144
112000100,2446,900,1546
112000101,657,692,-35
112000102,1750,460,1290
112000103,381,892,-511
112000105,472,1109,-637
112000106,2032,369,1663
112000107,31,272,-241
112000108,321,1603,-1282
112000109,82,76,6
112000110,1913,563,1350
112000111,1397,7112,-5715
112000112,7373,960,6413
112000113,1041,1975,-934
112000114,3668,1177,2491
112000115,465,449,16
112000116,770,982,-212
112000117,1081,899,182
112000118,994,764,230
112000119,436,606,-170
112000120,89,298,-209
112000121,146,375,-229
112000122,393,198,195
112000123,948,177,771
112000124,468,83,385
112000125,242,304,-62
112000126,367,368,-1
112000127,2719,3137,-418
112000128,946,1003,-57
112000129,150,95,55
112000130,284,95,189
112000131,67,246,-179
112000132,157,279,-122
112000133,402,194,208
112000134,596,292,304
112000135,1814,834,980
112000136,1206,1930,-724
112000137,2782,4323,-1541
112000138,2492,2350,142
112000139,1020,707,313
112000140,852,1170,-318
112000141,1132,374,758
112000142,184,547,-363
112000143,1173,163,1010
112000144,321,976,-655
112000145,3092,514,2578
112000146,643,1424,-781
112000147,3163,1760,1403
112000148,1383,2156,-773
112000149,722,539,183
112000150,318,506,-188
112000151,396,339,57
112000152,401,376,25
112000153,166,200,-34
112000154,157,281,-124
112000155,130,142,-12
112000157,707,598,109
112000158,383,352,31
112000159,639,417,222
112000167,680,90,590
112000169,290,488,-198
112000173,927,263,664
112000175,520,387,133
112000176,2707,2282,425
112000177,936,272,664
112000178,80,290,-210
112000179,318,118,200
112000180,277,331,-54
112000181,1439,1549,-110
112000182,1741,1195,546
112000183,46,63,-17
112000184,447,311,136
112000185,661,380,281
112000187,6308,3871,2437
112000195,215,20,195
112000196,319,4,315
112000197,212,213,-1
112000198,35,336,-301
112000199,119,846,-727
112000202,611,1,610
112000216,97,242,-145
112000230,142,6,136
112000231,8,245,-237
112000256,71,324,-253
112000313,75,179,-104
112000314,60,36,24
112000337,532,717,-185
112000352,392,479,-87
112000392,1733,1390,343
112000398,1695,890,805
112000399,1768,2830,-1062
112000400,1705,2348,-643
112000401,2516,2223,293
112000402,4552,4639,-87
112000403,1852,3792,-1940
112000404,1206,1305,-99
112000405,2516,3266,-750
112000406,3063,1930,1133
112000407,8946,9765,-819
112000408,7964,5019,2945
112000409,1562,3527,-1965
112000410,616,432,184
112000411,3372,2139,1233
112000412,1492,623,869
112000413,6847,6941,-94
112000414,93,78,15
112000415,113,43,70
112000416,3165,1431,1734
112000417,333,111,222
112000421,51,100,-49
112000422,371,267,104
112000424,1922,3217,-1295
112000425,520,597,-77
112000426,159,349,-190
112000427,3,13,-10
112000428,282,274,8
112000429,2367,2470,-103
112000430,2733,3265,-532
112000431,86,170,-84
112000432,656,945,-289
112000433,399,900,-501
112000437,69,174,-105
112900001,84,3,81
112900002,608,752,-144
112900003,95,275,-180
112900004,59,211,-152
112900005,275,160,115
112900006,10,241,-231
112900007,56,156,-100
112900008,0,52,-52
112900009,403,159,244
112900010,417,716,-299
112900011,108,228,-120
112900012,1,39,-38
112900013,11,364,-353
112900014,2,256,-254
112900015,470,778,-308
112900016,12,184,-172
112900017,50,226,-176
112900018,4,185,-181
112900019,39,174,-135
112900020,370,1143,-773
112900021,2,140,-138
112900022,27,88,-61
112900023,0,99,-99
112900024,18,189,-171
112900025,143,319,-176
112900026,4,172,-168
112900027,4,804,-800
112900028,21,147,-126
112900029,18,457,-439
112900030,81,127,-46
112900031,6,403,-397
112900032,265,269,-4
112900034,3,53,-50
112900035,1,321,-320
112900036,43,137,-94
112900037,169,239,-70
112900038,880,215,665
112900039,18,281,-263
112900040,6,706,-700
112900041,848,1434,-586
112900042,124,302,-178
112900043,47,90,-43
112900044,554,541,13
112900045,284,295,-11
112900046,175,51,124
112900047,20,26,-6
112900049,292,94,198
112900050,35,635,-600
112900051,283,490,-207
112900052,10,611,-601
112900053,298,194,104
112900054,230,64,166
112900055,187,86,101
112900056,511,292,219
112900057,21,368,-347
112900058,418,458,-40
112900059,145,200,-55
112900060,23,137,-114
112900061,82,101,-19
112900062,63,108,-45
112900063,104,23,81
112900064,202,247,-45
112900065,48,32,16
112900066,468,222,246
112900067,338,163,175
112900068,68,57,11
112900069,1875,934,941
112900071,36,10,26
112900072,197,2422,-2225
112900073,643,152,491
112900074,100,309,-209
112900075,1286,1186,100
112900076,82,48,34
112900078,384,466,-82
112900079,437,48,389
112900080,85,9,76
112900081,54,232,-178
112900082,737,27,710
112900083,157,105,52
112900084,293,133,160
112900085,1,11,-10
112900086,94,1,93
112900087,982,191,791
112900088,216,34,182
112900089,1405,50,1355
112900090,72,33,39
112900091,317,7,310
112900092,265,388,-123
112900093,1865,17,1848
112900094,56,1,55
112900095,69,2,67
112900096,660,216,444
112900097,87,338,-251
112900098,298,8,290
112900099,1133,27,1106
112900100,73,2,71
112900101,403,8,395
112900102,252,27,225
112900103,242,5,237
112900104,38,1,37
112900105,43,0,43
112900106,389,138,251
112900107,9,1,8
112900108,29,0,29
112900109,133,2,131
112900110,1558,32,1526
112900111,946,7,939
112900112,351,2,349
112900113,1,10,-9
112900114,189,43,146
112900115,1548,5,1543
112900116,161,38,123
112900117,80,65,15
112900118,36,106,-70
112900119,170,6,164
112900120,798,329,469
112900121,101,157,-56
112900122,19,111,-92
112900123,105,24,81
112900124,18,102,-84
112900125,89,672,-583
112900126,199,201,-2
112900127,381,80,301
112900128,214,729,-515
112900129,1,709,-708
112900130,318,98,220
112900131,49,440,-391
112900132,185,460,-275
112900133,36,1479,-1443
112900134,1,338,-337
112900135,112,68,44
112900136,0,22,-22
112900137,3,412,-409
112900138,8,249,-241
112900139,204,1246,-1042
112900140,0,51,-51
112900141,935,55,880
112900142,82,237,-155
112900143,30,455,-425
112900144,2,171,-169
112900145,27,374,-347
112900146,5,808,-803
112900147,2,1152,-1150
112900148,51,3,48
112900149,330,306,24
112900151,13,53,-40
112900152,3718,809,2909
112900153,1665,2900,-1235
112900154,0,83,-83
112900155,257,28,229
112900156,371,968,-597
112900157,453,38,415
112900158,99,29,70
112900159,270,176,94
112900160,82,267,-185
112900161,124,69,55
112900162,29,24,5
112900163,82,41,41
112900164,54,209,-155
112900165,165,41,124
112900166,45,90,-45
112900167,5,111,-106
112900168,3,2,1
112900169,11,18,-7
112900170,192,130,62
112900172,44,27,17
112900173,233,84,149
112900174,272,31,241
112900175,144,161,-17
112900176,13,45,-32
112900177,197,74,123
112900178,932,3028,-2096
112900179,53,471,-418
112900180,2382,1819,563
112900181,775,4,771
112900182,63,743,-680
112900183,179,363,-184
112900184,570,549,21
112900185,327,849,-522
112900186,1586,1482,104
112900187,117,823,-706
112900188,741,1471,-730
112900189,11,38,-27
112900190,12,137,-125
112900192,890,851,39
112900193,1753,449,1304
112900194,98,86,12
112900195,1308,53,1255
112900196,299,377,-78
112900197,213,455,-242
112900199,786,470,316
112900200,716,208,508
112900201,178,100,78
112900202,432,660,-228
112900203,381,200,181
112900204,946,632,314
112900205,28,25,3
112900206,44,69,-25
112900207,33,2,31
112900208,120,340,-220
112900209,461,312,149
112900210,2,20,-18
112900211,93,54,39
112900212,3,88,-85
112900213,59,3,56
112900214,12,12,0
112900215,18,134,-116
112900216,36,49,-13
112900217,2,50,-48
112900218,156,12,144
112900219,77,7,70
112900220,8,1,7
112900221,58,114,-56
112900222,0,62,-62
112900223,1423,29,1394
112900224,496,450,46
112900225,646,297,349
112900226,323,460,-137
112900227,812,875,-63
112900228,74,59,15
112900229,357,78,279
112900230,8283,5100,3183
112900232,504,369,135
112900233,83,196,-113
112900234,37,72,-35
112900235,123,36,87
112900236,397,20,377
112900237,210,111,99
112900238,13,27,-14
113000001,7451,4667,2784
113000002,4503,3626,877
113000003,2200,1711,489
113000004,1794,2400,-606
113000005,2275,1233,1042
113000006,1282,1484,-202
113000007,2647,1159,1488
113000008,1971,1696,275
113000009,1467,763,704
113000010,1385,1462,-77
113000011,834,1546,-712
113000012,2358,858,1500
113000013,1342,743,599
113000014,1390,1982,-592
113000015,406,467,-61
113000016,457,1151,-694
113000017,88,416,-328
113000018,417,52,365
113000019,244,315,-71
113000020,367,58,309
113000021,1214,463,751
113000022,860,1219,-359
113000025,118,386,-268
113000026,487,644,-157
113000027,600,790,-190
113000028,1066,785,281
113000029,1149,694,455
113000030,358,702,-344
113000031,261,320,-59
113000032,357,302,55
113000033,411,526,-115
113000034,341,336,5
113000035,63,72,-9
113000036,56,107,-51
113000037,89,51,38
113000038,34,83,-49
113000039,139,343,-204
113000040,53,109,-56
113000042,982,651,331
113000051,984,2228,-1244
113000052,2270,829,1441
113000053,530,413,117
113000054,503,683,-180
113000055,1370,532,838
113000056,1233,969,264
113000058,800,941,-141
113000059,1532,563,969
113000060,340,561,-221
113000061,508,839,-331
113000062,791,307,484
113000063,257,99,158
113000064,72,225,-153
113000065,148,672,-524
113000066,1055,117,938
113000067,2683,1100,1583
113000068,306,1047,-741
113000069,593,883,-290
113000070,3071,890,2181
113000071,508,626,-118
113000072,1131,516,615
113000073,470,1309,-839
113000074,1132,501,631
113000075,2020,700,1320
113000076,618,2047,-1429
113000077,1518,958,560
113000078,798,2913,-2115
113000079,1139,1278,-139
113000080,850,1252,-402
113000081,1239,1350,-111
113000082,1668,1464,204
113000083,639,1022,-383
113000084,2004,1496,508
113000085,1047,825,222
113000086,1057,1289,-232
113000087,977,1007,-30
113000088,2609,1559,1050
113000089,1164,1716,-552
113000090,315,707,-392
113000091,542,403,139
113000094,1482,211,1271
113000095,228,830,-602
113000096,180,863,-683
113000097,1208,470,738
113000098,175,91,84
113000099,1367,433,934
113000100,141,479,-338
113000101,387,644,-257
113000102,830,477,353
113000103,1926,505,1421
113000104,788,2316,-1528
113000105,1194,785,409
113000106,417,606,-189
113000107,1102,715,387
113000108,808,1072,-264
113000109,682,1907,-1225
113000110,2261,630,1631
113000111,106,601,-495
113000112,275,323,-48
113000113,1773,351,1422
113000114,279,1842,-1563
113000116,964,396,568
113000117,1915,161,1754
113000118,160,841,-681
113000119,488,689,-201
113000120,92,396,-304
113000121,1016,2247,-1231
113000124,290,137,153
113000125,122,969,-847
113000127,2132,332,1800
113000128,671,690,-19
113000129,711,898,-187
113000133,2319,2048,271
113000134,12,1197,-1185
113000135,4964,5293,-329
113000137,2177,4246,-2069
113000139,515,370,145
113000140,150,265,-115
113000141,431,353,78
113000142,792,2030,-1238
113000143,342,228,114
113000144,289,791,-502
113000145,120,190,-70
113000146,158,78,80
113000147,266,162,104
113000148,277,176,101
113000149,205,223,-18
113000150,857,362,495
113000151,94,73,21
113000152,56,135,-79
113000153,1513,653,860
113000154,1103,1714,-611
113000155,520,712,-192
113000156,196,393,-197
113000157,319,882,-563
113000158,796,242,554
113000159,1178,571,607
113000160,658,1073,-415
113000161,364,443,-79
113000162,1029,328,701
113000163,141,57,84
113000164,51,106,-55
113000166,220,112,108
113000167,49,86,-37
113000168,108,91,17
113000169,257,63,194
113000170,115,62,53
113000171,48,99,-51
113000172,378,88,290
113000173,80,36,44
113000174,131,321,-190
113000175,574,97,477
113000176,597,146,451
113000177,176,421,-245
113000178,198,260,-62
113000179,401,158,243
113000180,829,1156,-327
113000181,1082,796,286
113000182,152,446,-294
113000183,154,587,-433
113000184,19,156,-137
113000189,455,1179,-724
113000190,814,561,253
113000192,853,3189,-2336
113000193,3438,2089,1349
113000194,1231,1473,-242
113000195,2225,1687,538
113000196,198,77,121
113000197,1538,1544,-6
113000198,76,307,-231
113000199,2352,687,1665
113000201,190,391,-201
113000202,4500,1296,3204
113000203,165,141,24
113000204,1052,2938,-1886
113000205,16,37,-21
113000206,10,84,-74
113000207,68,36,32
113000208,65,88,-23
113000209,13,44,-31
113000210,11,27,-16
113000211,152,208,-56
113000212,69,35,34
113000213,26,196,-170
113000214,128,280,-152
113000234,216,784,-568
113000410,197,277,-80
113000411,3407,5398,-1991
113000412,6070,2728,3342
113000413,2549,3376,-827
113000414,6135,17305,-11170
113000415,2542,3334,-792
113000416,8316,4611,3705
113000417,3100,3385,-285
113000418,6002,4442,1560
113000419,2468,2960,-492
113000420,5339,7845,-2506
113000421,5168,8507,-3339
113000422,14633,13236,1397
113000423,2488,6426,-3938
113000424,3440,10728,-7288
113000425,4,89,-85
113000428,23,43,-20
113000430,24,95,-71
113000432,2269,168,2101
113000433,105,619,-514
113000434,13,155,-142
113000435,13,429,-416
113000436,26,1056,-1030
113000437,1176,26,1150
113000438,254,23,231
113000439,16,84,-68
113000440,128,23,105
113000441,225,161,64
113000442,125,143,-18
113000443,258,240,18
113000444,171,137,34
113000445,128,92,36
113000446,17,63,-46
113000448,173,175,-2
113000449,201,495,-294
113000450,618,1765,-1147
113000451,1278,195,1083
113000452,244,347,-103
113000453,51,405,-354
113000454,505,31,474
113000455,4,401,-397
113000456,4302,3337,965
113000468,1344,199,1145
113000469,77,204,-127
113000470,438,35,403
113000471,13,305,-292
113000472,146,324,-178
113000474,816,584,232
113000475,1609,2130,-521
113000476,1754,2099,-345
113000477,4116,1995,2121
113000478,4098,4881,-783
113000479,104,176,-72
113000480,104,284,-180
113000481,0,0,0
113000482,0,0,0
113000483,0,0,0
113000485,0,0,0
113000486,3,0,3
113000487,0,0,0
113000488,0,0,0
113000489,0,1,-1
113000490,0,1,-1
113000491,8,3,5
113000492,1,0,1
113000493,0,0,0
113000495,114,122,-8
113000496,75,55,20
113000497,0,0,0
113000498,0,0,0
113000499,0,0,0
113000500,0,6,-6
113900001,1,288,-287
113900002,0,74,-74
113900003,1,59,-58
113900004,5,84,-79
113900005,5,103,-98
113900006,3,11,-8
113900007,47,17,30
113900008,29,0,29
113900009,75,0,75
113900010,46,0,46
113900011,34,0,34
113900012,25,1,24
113900013,194,2,192
113900014,630,1,629
113900015,0,64,-64
113900016,38,0,38
113900017,3,40,-37
113900018,352,248,104
113900019,151,32,119
113900020,208,1,207
113900022,47,1,46
113900023,42,1,41
113900024,39,42,-3
113900025,406,47,359
113900026,107,0,107
113900027,2,53,-51
113900028,19,365,-346
113900029,79,138,-59
113900030,300,3,297
113900031,10,3,7
113900032,36,0,36
113900033,48,70,-22
113900035,70,0,70
113900036,24,83,-59
113900037,246,384,-138
113900038,24,130,-106
113900039,240,35,205
113900040,6,18,-12
113900041,12,0,12
113900042,68,41,27
113900043,196,120,76
113900044,261,357,-96
113900045,84,1,83
113900046,405,696,-291
113900047,60,106,-46
113900048,177,106,71
113900049,438,314,124
113900050,339,363,-24
113900051,197,341,-144
113900052,173,145,28
113900053,854,566,288
113900054,40,1,39
113900055,140,443,-303
113900056,65,159,-94
113900057,32,175,-143
113900058,79,116,-37
113900059,265,401,-136
113900060,96,331,-235
113900061,881,224,657
113900062,120,27,93
113900063,114,127,-13
113900064,29,105,-76
113900065,455,17,438
113900066,403,255,148
113900067,184,591,-407
113900068,689,527,162
113900069,75,17,58
113900070,209,403,-194
113900071,78,67,11
113900072,64,149,-85
113900073,267,307,-40
113900074,289,1053,-764
113900075,1371,1283,88
113900076,284,12,272
113900077,63,152,-89
113900078,44,69,-25
113900079,2,33,-31
113900080,614,211,403
113900081,83,187,-104
113900082,114,240,-126
113900083,458,239,219
113900084,292,107,185
113900085,51,237,-186
113900086,53,4,49
113900087,125,221,-96
113900088,64,83,-19
113900089,525,44,481
113900090,787,379,408
113900091,15,9,6
113900092,26,105,-79
113900093,75,858,-783
113900094,656,378,278
113900095,184,137,47
113900096,380,107,273
113900097,23,96,-73
113900098,815,124,691
113900099,0,36,-36
113900100,0,3,-3
113900101,12,71,-59
113900102,129,184,-55
113900103,376,414,-38
113900104,148,223,-75
113900105,156,158,-2
113900106,1,48,-47
113900107,2,47,-45
113900108,210,263,-53
113900109,441,205,236
113900110,81,13,68
113900111,173,114,59
113900112,143,54,89
113900113,1190,418,772
113900114,0,55,-55
113900115,0,80,-80
113900116,143,173,-30
113900117,130,24,106
113900118,266,478,-212
113900119,157,579,-422
113900120,68,48,20
113900121,109,76,33
113900122,592,2173,-1581
113900123,571,205,366
113900124,5,104,-99
113900125,936,134,802
113900126,135,34,101
113900127,317,831,-514
113900128,153,77,76
113900129,12,185,-173
113900130,16,161,-145
113900131,357,55,302
113900132,51,84,-33
113900133,33,72,-39
113900135,309,288,21
113900136,145,82,63
113900137,399,260,139
113900138,61,310,-249
113900139,309,188,121
113900140,193,516,-323
113900141,716,342,374
113900142,163,82,81
113900143,28,45,-17
113900144,266,533,-267
113900145,513,152,361
113900146,239,75,164
113900148,147,343,-196
113900149,237,105,132
113900150,579,571,8
113900151,482,211,271
113900152,56,68,-12
113900153,258,734,-476
113900154,1,162,-161
113900155,169,181,-12
113900156,262,403,-141
113900157,70,372,-302
113900158,438,830,-392
113900159,10,272,-262
113900160,524,517,7
113900161,83,310,-227
113900162,640,1676,-1036
113900163,314,277,37
113900164,277,43,234
113900165,741,512,229
113900166,210,215,-5
113900167,267,42,225
113900168,90,82,8
113900169,250,394,-144
113900171,201,82,119
113900172,7,136,-129
113900173,55,479,-424
113900174,521,667,-146
113900175,362,154,208
113900176,422,545,-123
113900177,310,170,140
113900178,224,123,101
113900179,20,309,-289
113900180,157,92,65
113900181,986,153,833
113900182,747,943,-196
113900183,58,75,-17
113900184,15,397,-382
113900185,167,90,77
113900186,75,49,26
113900187,55,136,-81
113900188,63,225,-162
113900189,305,158,147
113900190,291,147,144
113900191,120,266,-146
113900192,4,659,-655
113900193,9,175,-166
113900194,1356,806,550
113900195,302,334,-32
113900196,14,249,-235
113900197,1,140,-139
113900198,30,204,-174
113900199,211,771,-560
113900200,29,295,-266
113900201,2,119,-117
113900202,35,271,-236
113900203,0,63,-63
113900204,50,447,-397
113900205,8,162,-154
113900206,8,163,-155
113900207,0,52,-52
113900208,0,68,-68
113900209,0,88,-88
113900210,524,880,-356
113900211,242,72,170
113900212,228,391,-163
113900214,441,428,13
113900215,346,121,225
113900216,219,648,-429
113900217,59,139,-80
113900218,215,74,141
113900219,138,604,-466
113900220,197,172,25
113900221,440,299,141
113900222,223,657,-434
113900223,163,672,-509
113900224,66,55,11
113900225,1073,277,796
113900226,466,164,302
113900227,467,273,194
113900228,347,637,-290
113900229,63,1059,-996
113900230,4381,4390,-9
113900231,185,184,1
113900232,86,68,18
113900233,119,105,14
113900234,416,505,-89
113900235,124,20,104
113900236,210,230,-20
113900237,280,13,267
113900238,299,619,-320
113900239,73,135,-62
113900240,6,212,-206
113900241,99,75,24
113900242,55,197,-142
113900243,119,421,-302
113900244,322,209,113
113900245,1038,297,741
113900246,11,23,-12
113900247,140,502,-362
113900248,2578,2062,516
113900249,833,431,402
113900250,73,206,-133
113900251,823,125,698
113900252,712,29,683
113900253,793,76,717
113900254,974,189,785
113900255,641,22,619
113900256,403,36,367
113900257,36,414,-378
113900258,25,361,-336
113900259,596,147,449
113900260,261,26,235
113900261,34,58,-24
113900262,126,378,-252
113900263,139,588,-449
113900264,3,326,-323
113900265,147,292,-145
113900266,55,146,-91
113900267,94,517,-423
113900268,347,415,-68
113900269,62,132,-70
113900270,273,803,-530
113900271,672,909,-237
113900273,54,14,40
113900274,73,25,48
113900275,48,40,8
113900276,0,148,-148
113900277,176,7,169
113900278,295,191,104
113900279,101,116,-15
113900280,1534,571,963
113900281,582,1587,-1005
113900282,858,737,121
113900283,425,560,-135
113900284,851,287,564
113900285,161,66,95
113900286,78,93,-15
113900287,57,70,-13
113900288,4,154,-150
113900289,815,114,701
113900290,217,216,1
113900291,141,169,-28
113900292,8,11,-3
113900293,4,231,-227
113900294,502,23,479
113900295,562,466,96
113900296,2192,467,1725
113900297,2270,52,2218
113900298,10,1393,-1383
113900299,93,94,-1
113900300,4355,4159,196
113900301,749,454,295
113900302,1998,1070,928
113900303,475,558,-83
113900304,0,92,-92
113900305,122,0,122
113900306,52,1,51
113900307,28,1,27
113900308,122,141,-19
113900309,6,533,-527
113900310,4,9,-5
113900311,13,0,13
113900312,161,205,-44
113900313,14,5,9
114000001,979,2330,-1351
114000002,357,309,48
114000003,57,302,-245
114000004,306,396,-90
114000005,306,276,30
114000006,2716,2398,318
114000007,793,1275,-482
114000008,1496,1981,-485
114000009,944,329,615
114000011,3245,2173,1072
114000012,3233,1564,1669
114000013,1989,1411,578
114000014,577,232,345
114000015,2041,363,1678
114000016,246,230,16
114000017,138,380,-242
114000018,219,42,177
114000026,2281,1343,938
114000027,3875,2196,1679
114000028,2895,2938,-43
114000038,309,186,123
114000039,170,47,123
114000040,206,244,-38
114000042,226,203,23
114000043,55,71,-16
114000044,318,40,278
114000045,60,71,-11
114000046,2753,5033,-2280
114000047,4,62,-58
114000048,121,48,73
114000049,1862,1863,-1
114000050,1930,2269,-339
114000051,3349,2283,1066
114000052,4031,2337,1694
114000053,103,843,-740
114000054,201,888,-687
114000055,285,52,233
114000056,820,1127,-307
114000057,4589,2288,2301
114000058,525,1671,-1146
114000059,315,380,-65
114000060,651,815,-164
114000061,3197,3386,-189
114000062,2037,1874,163
114000063,2259,1662,597
114000064,4946,4023,923
114000065,1365,2437,-1072
114000066,470,689,-219
114000067,30,965,-935
114000068,579,706,-127
114000069,1169,665,504
114000070,2386,1962,424
114000071,928,538,390
114000072,544,238,306
114000073,29,64,-35
114000074,95,15,80
114000075,74,60,14
114000076,48,85,-37
114000077,6,32,-26
114000078,357,673,-316
114000079,168,30,138
114000080,67,96,-29
114000081,94,117,-23
114000082,66,411,-345
114000083,63,254,-191
114000084,455,106,349
114000085,111,554,-443
114000086,231,403,-172
114000087,150,173,-23
114000088,41,22,19
114000089,728,331,397
114000090,960,970,-10
114000091,1617,938,679
114000092,1013,493,520
114000093,1570,675,895
114000094,383,410,-27
114000095,332,200,132
114000096,115,398,-283
114000097,121,421,-300
114000098,638,129,509
114000099,763,396,367
114000100,1930,619,1311
114000101,468,630,-162
114000102,650,304,346
114000103,180,284,-104
114000104,33,194,-161
114000105,172,106,66
114000106,885,1387,-502
114000107,573,123,450
114000108,1058,982,76
114000109,688,1172,-484
114000110,623,1194,-571
114000111,2332,863,1469
114000112,338,1270,-932
114000113,1080,425,655
114000114,1376,1193,183
114000115,2427,1189,1238
114000116,974,2049,-1075
114000117,4099,567,3532
114000118,3161,582,2579
114000119,2103,485,1618
114000120,638,685,-47
114000121,482,756,-274
114000122,426,348,78
114000123,2427,333,2094
114000124,1261,265,996
114000125,797,1134,-337
114000126,1992,204,1788
114000127,313,188,125
114000128,942,379,563
114000130,539,550,-11
114000131,333,112,221
114000132,694,485,209
114000133,1003,1527,-524
114000134,80,142,-62
114000138,48,186,-138
114000139,560,355,205
114000144,1115,600,515
114000145,137,141,-4
114000146,124,229,-105
114000147,1769,2288,-519
114000148,1876,1935,-59
114000149,360,310,50
114000150,464,680,-216
114000151,763,1648,-885
114000152,134,45,89
114000153,728,2593,-1865
114000154,732,760,-28
114000155,1372,2376,-1004
114000156,776,763,13
114000157,311,1239,-928
114000158,1429,787,642
114000159,171,465,-294
114000160,155,553,-398
114000161,1587,3519,-1932
114000162,1383,3122,-1739
114000163,16,93,-77
114000165,644,394,250
114000166,882,583,299
114000167,2745,1593,1152
114000168,730,588,142
114000169,1477,1644,-167
114000170,1321,1340,-19
114000171,1600,4464,-2864
114000174,248,426,-178
114000176,424,509,-85
114000177,1620,715,905
114000178,64,57,7
114000179,1243,682,561
114000180,454,586,-132
114000181,1806,4255,-2449
114000182,2028,2434,-406
114000183,904,936,-32
114000184,2905,926,1979
114000185,1252,836,416
114000189,1440,182,1258
114000190,3453,538,2915
114000191,73,124,-51
114000192,205,1157,-952
114000193,536,1968,-1432
114000194,1545,715,830
114000195,241,37,204
114000196,1,149,-148
114000197,1614,23,1591
114000198,875,362,513
114000199,1872,1658,214
114000200,512,1434,-922
114000201,190,767,-577
114000202,1211,602,609
114000203,488,517,-29
114000204,185,405,-220
114000205,254,1302,-1048
114000206,718,1124,-406
114000207,674,1388,-714
114000208,539,2034,-1495
114000209,607,1788,-1181
114000210,220,1004,-784
114000211,1137,1274,-137
114000212,1016,891,125
114000213,1521,603,918
114000214,99,180,-81
114000215,220,83,137
114000216,1587,290,1297
114000217,361,177,184
114000218,171,190,-19
114000219,1241,177,1064
114000220,19,760,-741
114000221,1068,154,914
114000222,207,907,-700
114000223,559,137,422
114000224,90,504,-414
114000225,292,504,-212
114000226,241,228,13
114000227,798,502,296
114000228,905,681,224
114000229,1395,1260,135
114000230,1935,1028,907
114000231,1325,1406,-81
114000232,943,148,795
114000233,2564,141,2423
114000234,1176,757,419
114000235,1193,1135,58
114000236,0,373,-373
114000237,119,820,-701
114000238,106,216,-110
114000239,204,971,-767
114000240,848,800,48
114000241,366,881,-515
114000242,934,698,236
114000243,1676,908,768
114000244,558,326,232
114000245,355,698,-343
114000246,139,51,88
114000247,613,611,2
114000248,1207,524,683
114000249,556,418,138
114000250,548,650,-102
114000251,470,223,247
114000252,80,70,10
114000253,67,133,-66
114000254,51,93,-42
114000255,688,277,411
114000256,1222,2459,-1237
114000257,334,1082,-748
114000258,281,378,-97
114000259,76,198,-122
114000260,0,24,-24
114000261,51,31,20
114000262,294,121,173
114000263,7,0,7
114000264,1375,536,839
114000265,0,0,0
114000267,6,1486,-1480
114000268,3,1054,-1051
114000270,187,2,185
114000271,387,70,317
114000283,1231,448,783
114000285,26,136,-110
114000288,83,245,-162
114000289,1623,91,1532
114000293,270,454,-184
114000294,234,301,-67
114000395,1281,88,1193
114000396,705,625,80
114000402,619,253,366
114000403,385,258,127
114000405,237,346,-109
114000423,409,271,138
114000424,544,245,299
114000425,1051,317,734
114000426,336,853,-517
114000427,72,79,-7
114000428,122,177,-55
114000429,15,172,-157
114000432,113,77,36
114000434,38,102,-64
114000435,9,133,-124
114900001,779,694,85
114900002,803,181,622
114900003,986,919,67
114900004,250,519,-269
114900005,748,608,140
114900006,109,100,9
114900007,397,22,375
114900008,189,87,102
114900010,1683,1863,-180
114900011,250,155,95
114900013,269,156,113
114900015,91,444,-353
114900018,1005,18,987
114900020,251,95,156
114900021,236,173,63
114900022,2,712,-710
114900024,303,148,155
114900025,621,198,423
114900026,74,150,-76
114900027,240,286,-46
114900029,26,22,4
114900030,351,262,89
114900031,425,17,408
114900032,465,29,436
114900033,846,1077,-231
114900034,74,177,-103
114900035,170,273,-103
114900036,247,532,-285
114900037,133,163,-30
114900038,173,511,-338
114900039,601,456,145
114900040,93,106,-13
114900041,924,378,546
114900042,1004,460,544
114900043,545,223,322
114900044,206,57,149
114900045,179,324,-145
114900046,32,117,-85
114900047,244,2089,-1845
114900048,139,291,-152
114900049,12,110,-98
114900050,61,331,-270
114900051,20,407,-387
114900052,126,236,-110
114900053,83,260,-177
114900054,78,114,-36
114900057,260,12,248
114900058,0,55,-55
114900059,109,80,29
114900060,897,866,31
114900061,133,113,20
114900062,241,374,-133
114900063,78,171,-93
114900064,1759,387,1372
114900065,451,799,-348
114900067,50,430,-380
114900068,48,113,-65
114900069,189,112,77
114900070,678,342,336
114900072,5,330,-325
114900073,2,160,-158
114900074,777,483,294
114900075,390,6,384
114900076,11,325,-314
114900080,1664,297,1367
114900082,3072,2408,664
114900083,1152,1174,-22
114900084,58,54,4
114900090,495,192,303
114900091,113,167,-54
114900095,291,115,176
114900096,436,705,-269
114900097,175,1,174
114900098,2,177,-175
114900099,324,11,313
115000001,5454,3338,2116
115000002,4712,4768,-56
115000003,5310,2741,2569
115000004,5418,6777,-1359
115000005,1738,2039,-301
115000006,1098,1740,-642
115000007,123,238,-115
115000008,419,473,-54
115000009,294,242,52
115000010,355,179,176
115000013,70,187,-117
115000015,57,284,-227
115000016,223,396,-173
115000019,52,518,-466
115000020,160,856,-696
115000021,276,513,-237
115000022,491,438,53
115000023,521,713,-192
115000024,1124,447,677
115000025,1098,743,355
115000026,207,371,-164
115000027,325,331,-6
115000028,289,797,-508
115000029,684,138,546
115000030,1009,1062,-53
115000031,1473,429,1044
115000032,9,278,-269
115000033,188,48,140
115000034,85,1158,-1073
115000035,1183,57,1126
115000036,1,430,-429
115000037,629,19,610
115000038,86,167,-81
115000039,3384,3730,-346
115000040,5121,2967,2154
115000041,1484,4018,-2534
115000042,958,678,280
115000043,4225,2552,1673
115000044,3609,3536,73
115000045,2844,1434,1410
115000046,2860,2451,409
115000047,2875,1398,1477
115000048,1732,1965,-233
115000049,1668,2894,-1226
115000050,3657,1709,1948
115000051,1696,3002,-1306
115000052,1870,1565,305
115000053,2114,1919,195
115000054,681,1065,-384
115000055,177,757,-580
115000056,178,398,-220
115000057,580,1167,-587
115000058,405,343,62
115000059,215,133,82
115000061,129,173,-44
115000062,171,262,-91
115000063,456,267,189
115000064,193,126,67
115000065,64,479,-415
115000067,176,10,166
115000069,96,337,-241
115000070,27,898,-871
115000071,125,13,112
115000072,8,74,-66
115000073,1499,65,1434
115000075,106,71,35
115000076,3150,2698,452
115000077,2244,2020,224
115000078,1539,1146,393
115000079,1586,1397,189
115000080,2676,1934,742
115000081,465,848,-383
115000082,4732,3864,868
115000083,2230,1621,609
115000084,2947,1089,1858
115000085,894,813,81
115000086,1478,750,728
115000087,425,1342,-917
115000088,2209,817,1392
115000089,1378,1225,153
115000090,591,920,-329
115000091,215,667,-452
115000092,690,409,281
115000093,575,3,572
115000094,6310,5970,340
115000095,4402,6326,-1924
115000096,933,1150,-217
115000097,1262,898,364
115000098,1403,627,776
115000099,2892,2173,719
115000100,1344,410,934
115000101,504,1289,-785
115000102,562,207,355
115000103,317,630,-313
115000105,84,104,-20
115000106,702,317,385
115000107,261,355,-94
115000108,2834,2018,816
115000109,3997,5330,-1333
115000110,1733,1878,-145
115000111,686,1516,-830
115000112,989,824,165
115000113,937,950,-13
115000114,1686,758,928
115000116,4283,2492,1791
115000117,3491,3098,393
115000118,2526,1968,558
115000119,1640,2219,-579
115000120,681,1767,-1086
115000121,1372,1158,214
115000122,3438,2278,1160
115000123,1561,2983,-1422
115000124,741,929,-188
115000125,544,646,-102
115000126,204,375,-171
115000127,407,144,263
115000128,468,885,-417
115000129,264,429,-165
115000130,477,711,-234
115000131,895,241,654
115000132,266,329,-63
115000133,602,245,357
115000134,311,281,30
115000135,243,218,25
115000136,289,306,-17
115000137,110,194,-84
115000138,437,249,188
115000139,231,206,25
115000140,408,243,165
115000141,211,227,-16
115000142,181,224,-43
115000143,897,546,351
115000144,511,47,464
115000145,296,300,-4
115000146,521,370,151
115000147,364,401,-37
115000148,335,820,-485
115000149,786,248,538
115000150,729,702,27
115000151,1319,429,890
115000152,829,991,-162
115000153,1233,528,705
115000154,1041,291,750
115000155,685,746,-61
115000156,1266,714,552
115000157,773,799,-26
115000158,714,423,291
115000159,667,698,-31
115000160,595,708,-113
115000161,605,542,63
115000162,717,913,-196
115000163,566,719,-153
115000164,738,599,139
115000165,399,679,-280
115000167,136,83,53
115000168,504,333,171
115000169,576,391,185
115000170,111,170,-59
115000171,324,274,50
115000172,1290,862,428
115000173,346,748,-402
115000174,370,578,-208
115000175,258,457,-199
115000176,160,201,-41
115000177,190,240,-50
115000178,14,204,-190
115000179,35,50,-15
115000180,131,430,-299
115000181,855,161,694
115000182,1027,394,633
115000183,456,685,-229
115000186,788,297,491
115000187,225,668,-443
115000188,389,497,-108
115000189,226,451,-225
115000190,733,444,289
115000191,163,568,-405
115000194,149,175,-26
115000195,406,332,74
115000196,215,88,127
115000197,173,235,-62
115000198,456,161,295
115000199,440,163,277
115000200,403,116,287
115000201,147,286,-139
115000206,434,67,367
115000207,203,254,-51
115000208,432,617,-185
115000209,792,357,435
115000210,201,177,24
115000211,281,276,5
115000212,1419,385,1034
115000218,76,111,-35
115000219,23,46,-23
115000224,398,57,341
115000225,63,70,-7
115000229,173,158,15
115000230,104,366,-262
115000231,304,1223,-919
115000232,1993,306,1687
115000233,120,167,-47
115000234,30,258,-228
115000241,134,188,-54
115000242,154,253,-99
115000243,58,165,-107
115000244,2,115,-113
115000246,46,19,27
115000247,40,16,24
115000248,47,20,27
115000249,47,17,30
115000250,239,34,205
115000251,269,112,157
115000252,128,198,-70
115000253,25,450,-425
115000258,440,156,284
115000259,321,147,174
115000261,22,27,-5
115000262,30,26,4
115000263,19,32,-13
115000264,21,33,-12
115000267,80,76,4
115000268,59,115,-56
115000269,147,53,94
115000270,5,18,-13
115000272,69,160,-91
115000273,395,41,354
115000274,425,163,262
115000280,2716,401,2315
115000281,802,1000,-198
115000282,1142,1112,30
115000284,223,204,19
115000296,806,10,796
115000297,138,335,-197
115000298,35,700,-665
115000300,252,178,74
115000302,468,144,324
115000303,753,87,666
115000304,942,55,887
115000305,136,603,-467
115000306,212,280,-68
115000307,132,176,-44
115000308,21,12,9
115000310,1193,721,472
115000311,1208,1115,93
115000313,132,481,-349
115000314,548,125,423
115000315,718,409,309
115000316,56,130,-74
115000317,234,508,-274
115000318,972,350,622
115000319,71,301,-230
115000320,23,329,-306
115000321,313,11,302
115000322,41,193,-152
115000449,242,185,57
115000557,14,1314,-1300
115000558,373,109,264
115000587,605,400,205
115000588,1998,2634,-636
115000589,4038,2472,1566
115000590,1303,1522,-219
115000591,1948,845,1103
115000592,773,1960,-1187
115000593,1634,733,901
115000594,804,2544,-1740
115000609,118,119,-1
115000617,1570,3839,-2269
115000624,240,32,208
115000633,534,2089,-1555
115000634,3325,972,2353
115000635,676,156,520
115000638,693,624,69
115000641,94,104,-10
115000642,376,229,147
115000643,141,406,-265
115000644,180,419,-239
115000646,941,1675,-734
115000647,210,541,-331
115000648,2309,1571,738
115000893,2549,1550,999
115000894,138,1031,-893
115000895,359,808,-449
115000896,986,305,681
115000897,595,207,388
115000898,738,229,509
115000899,303,1068,-765
115000900,84,274,-190
115000901,45,143,-98
115000912,411,91,320
115000913,1,8,-7
115000915,26,0,26
115000916,33,26,7
115000917,0,4,-4
115000918,244,746,-502
115000919,25,14,11
115000920,14,48,-34
115000921,686,100,586
115000922,558,779,-221
115000923,232,844,-612
115000925,83,100,-17
115000927,23,41,-18
115000933,104,135,-31
115900001,100,40,60
115900002,101,111,-10
115900003,216,70,146
115900004,0,52,-52
115900005,216,17,199
115900006,155,233,-78
115900008,80,7,73
115900009,100,216,-116
115900010,461,144,317
115900011,782,221,561
115900012,161,36,125
115900013,453,148,305
115900014,135,118,17
115900015,140,52,88
115900016,181,44,137
115900017,13,7,6
115900018,155,70,85
115900019,732,18,714
115900020,94,4,90
115900021,997,806,191
115900022,724,16,708
115900023,21,20,1
115900025,27,244,-217
115900026,1009,208,801
115900027,1,286,-285
115900028,546,64,482
115900029,40,323,-283
115900030,46,16,30
115900031,217,347,-130
115900032,578,613,-35
115900033,0,86,-86
115900034,38,312,-274
115900035,60,8,52
115900036,44,951,-907
115900037,60,291,-231
115900038,55,14,41
115900039,182,154,28
115900041,300,709,-409
115900042,51,7,44
115900043,105,93,12
115900044,216,331,-115
115900046,328,208,120
115900047,124,155,-31
115900049,148,186,-38
115900051,3,65,-62
115900052,24,203,-179
115900053,265,175,90
115900054,330,67,263
115900055,29,110,-81
115900056,223,240,-17
115900057,46,15,31
115900058,28,61,-33
115900060,86,534,-448
115900061,237,2,235
115900062,19,240,-221
115900063,65,4,61
115900064,225,224,1
115900065,117,175,-58
115900066,210,112,98
115900067,13,444,-431
115900068,2101,962,1139
115900069,53,146,-93
115900070,177,108,69
115900071,0,364,-364
115900072,44,174,-130
115900073,112,104,8
115900074,5,232,-227
115900075,35,219,-184
115900076,4,37,-33
115900077,5,187,-182
115900078,52,149,-97
115900079,293,19,274
115900080,306,194,112
115900081,13,66,-53
115900082,124,162,-38
115900084,624,19,605
115900085,32,55,-23
115900086,1441,604,837
115900088,12,59,-47
115900089,393,512,-119
115900090,474,16,458
115900091,12,37,-25
115900092,29,103,-74
115900093,11,14,-3
115900094,3,220,-217
115900096,5,5,0
115900097,8,225,-217
115900098,169,229,-60
115900099,77,43,34
115900100,11,308,-297
115900101,180,179,1
115900102,92,66,26
115900103,346,153,193
115900104,102,76,26
115900105,315,467,-152
115900106,120,18,102
115900107,105,74,31
115900108,143,41,102
115900109,41,396,-355
115900110,2,15,-13
115900111,3,70,-67
115900112,34,784,-750
115900113,65,18,47
115900114,3,107,-104
115900115,78,202,-124
115900116,80,722,-642
115900117,93,12,81
115900118,1,193,-192
115900119,154,140,14
115900120,33,256,-223
115900121,233,197,36
115900124,278,658,-380
115900125,338,64,274
115900126,911,82,829
115900127,801,50,751
115900128,5,388,-383
115900129,809,44,765
115900130,24,237,-213
115900131,352,49,303
115900132,691,11,680
115900134,329,26,303
115900135,538,1360,-822
115900137,17,6,11
115900139,133,206,-73
115900140,307,44,263
115900141,34,129,-95
115900142,52,102,-50
115900143,278,338,-60
115900144,122,239,-117
115900146,19,58,-39
115900147,295,316,-21
115900148,53,9,44
115900149,94,21,73
115900150,82,38,44
115900151,18,102,-84
115900152,132,315,-183
115900153,157,167,-10
115900154,413,362,51
115900155,0,41,-41
115900156,839,865,-26
115900157,195,453,-258
115900158,8,7,1
115900159,169,176,-7
115900160,23,6,17
115900161,85,449,-364
115900163,248,179,69
115900164,634,42,592
115900165,3,125,-122
115900166,170,152,18
115900168,98,107,-9
115900171,107,401,-294
115900172,55,122,-67
115900173,241,160,81
115900174,309,251,58
115900175,190,218,-28
115900178,3,378,-375
115900179,367,26,341
115900180,25,98,-73
115900181,221,114,107
115900182,481,140,341
115900183,178,225,-47
115900184,1844,31,1813
115900187,13,115,-102
115900189,0,372,-372
115900190,41,1486,-1445
115900191,35,301,-266
115900192,14,109,-95
115900193,278,88,190
115900194,976,64,912
115900195,628,2327,-1699
115900198,219,327,-108
115900199,236,194,42
115900200,218,309,-91
115900201,461,350,111
115900202,0,59,-59
115900203,13,21,-8
115900204,2,6,-4
115900205,46,7,39
115900206,198,133,65
115900207,36,10,26
115900208,143,126,17
115900209,5,120,-115
115900210,2,152,-150
115900211,1,180,-179
115900212,195,181,14
115900213,136,105,31
115900214,533,188,345
115900215,16,165,-149
115900216,3,67,-64
115900217,1,26,-25
115900218,5,29,-24
115900219,102,2,100
115900220,200,10,190
115900221,114,10,104
115900222,64,24,40
115900223,11,379,-368
115900224,788,1222,-434
115900225,73,54,19
115900226,11,58,-47
115900227,11,48,-37
115900228,11,74,-63
115900229,7,46,-39
115900230,41,103,-62
115900231,136,2,134
115900232,59,2,57
115900233,70,17,53
115900234,50,35,15
115900235,49,31,18
115900236,15,43,-28
115900237,19,41,-22
115900238,9,12,-3
115900239,21,56,-35
115900240,12,56,-44
115900241,295,126,169
115900242,257,369,-112
115900243,19,8,11
115900244,18,18,0
115900245,3,19,-16
115900246,15,8,7
115900247,31,6,25
115900248,22,3,19
115900249,4,20,-16
115900250,9,31,-22
115900251,1,18,-17
115900252,2,1,1
115900253,17,18,-1
115900254,22,23,-1
115900255,0,11,-11
115900256,10,34,-24
115900257,2,6,-4
115900258,0,1,-1
115900259,6,3,3
115900260,16,1,15
115900261,10,3,7
115900262,4,1,3
115900263,9,2,7
115900264,28,3,25
115900265,12,13,-1
115900266,6,12,-6
115900267,5,12,-7
115900268,5,9,-4
115900269,501,324,177
115900270,431,283,148
116000001,10050,4194,5856
116000002,5766,12850,-7084
116000003,1703,1504,199
116000004,2850,4526,-1676
116000005,2086,3304,-1218
116000006,2779,3186,-407
116000007,2654,4139,-1485
116000008,5308,3404,1904
116000009,1557,1793,-236
116000010,2773,1996,777
116000011,910,1833,-923
116000012,1896,1151,745
116000013,7136,4105,3031
116000014,9673,13616,-3943
116000015,325,1873,-1548
116000016,6777,4540,2237
116000017,36,912,-876
116000018,828,433,395
116000019,1337,414,923
116000020,787,1394,-607
116000021,592,325,267
116000022,415,341,74
116000023,1512,1045,467
116000024,751,834,-83
116000025,1029,1006,23
116000026,1749,3327,-1578
116000027,716,750,-34
116000028,528,1032,-504
116000029,715,753,-38
116000030,888,503,385
116000031,274,333,-59
116000032,177,183,-6
116000033,349,224,125
116000034,943,505,438
116000035,324,791,-467
116000036,2072,2159,-87
116000037,819,661,158
116000038,438,608,-170
116000039,614,586,28
116000040,975,387,588
116000041,285,662,-377
116000042,793,390,403
116000043,161,1335,-1174
116000044,3,40,-37
116000045,2135,1744,391
116000046,1177,2025,-848
116000047,1831,2109,-278
116000048,2287,1789,498
116000049,1594,3308,-1714
116000050,1534,1344,190
116000051,6469,3045,3424
116000052,5506,5363,143
116000053,2323,862,1461
116000054,836,2719,-1883
116000055,769,905,-136
116000056,949,1034,-85
116000057,3234,1646,1588
116000058,3941,3223,718
116000059,3706,5755,-2049
116000060,2404,950,1454
116000061,296,1006,-710
116000062,663,234,429
116000063,589,1200,-611
116000066,323,665,-342
116000067,248,428,-180
116000068,266,338,-72
116000069,252,336,-84
116000078,568,1284,-716
116000080,2058,892,1166
116000082,4,47,-43
116000083,1945,426,1519
116000084,2009,3123,-1114
116000085,2345,1911,434
116000086,1472,762,710
116000087,2265,1672,593
116000088,721,1009,-288
116000089,166,84,82
116000090,113,201,-88
116000091,458,250,208
116000093,1150,580,570
116000094,829,571,258
116000095,921,719,202
116000096,981,1563,-582
116000097,1019,853,166
116000098,31,6496,-6465
116000099,6493,222,6271
116000100,263,17,246
116000101,1015,732,283
116000102,224,943,-719
116000103,372,242,130
116000104,264,1229,-965
116000105,1228,193,1035
116000106,426,982,-556
116000107,2529,371,2158
116000108,115,173,-58
116000111,148,33,115
116000113,222,82,140
116000114,39,153,-114
116000115,454,125,329
116000116,306,474,-168
116000117,1921,1867,54
116000118,1748,1162,586
116000119,4193,1944,2249
116000120,3031,3333,-302
116000121,1112,589,523
116000122,1281,1556,-275
116000123,1370,501,869
116000124,397,956,-559
116000125,3439,827,2612
116000126,331,1205,-874
116000127,877,1062,-185
116000128,2277,912,1365
116000129,1744,221,1523
116000130,775,541,234
116000133,1303,752,551
116000134,1791,1780,11
116000135,3077,1455,1622
116000136,1103,1724,-621
116000137,1328,867,461
116000138,1313,739,574
116000139,1851,2759,-908
116000140,187,257,-70
116000141,326,479,-153
116000142,3080,2202,878
116000143,2039,1794,245
116000144,1655,1769,-114
116000145,2133,1273,860
116000146,629,181,448
116000147,236,138,98
116000148,619,591,28
116000149,910,895,15
116000151,481,472,9
116000153,141,413,-272
116000155,237,310,-73
116000156,795,1059,-264
116000157,98,16,82
116000158,339,422,-83
116000159,17,13,4
116000160,31,71,-40
116000161,1,90,-89
116000162,87,158,-71
116000163,47,11,36
116000164,17,19,-2
116000177,113,92,21
116000194,95,407,-312
116000195,1432,663,769
116000196,21,3,18
116000197,22,15,7
116000198,2916,1419,1497
116000200,819,575,244
116000201,747,696,51
116000202,2,245,-243
116000203,1,68,-67
116000204,11,58,-47
116000205,1,110,-109
116000206,0,68,-68
116000207,10,33,-23
116000233,221,449,-228
116000287,171,276,-105
116000288,357,202,155
116000292,68,135,-67
116000296,29,189,-160
116000297,77,12,65
116000304,346,19,327
116000305,26,184,-158
116000346,189,92,97
116000352,122,57,65
116000354,47,9,38
116000357,16,8,8
116000358,400,65,335
116000361,79,3,76
116000372,4367,5065,-698
116000381,175,3,172
116000388,2,43,-41
116000389,1096,615,481
116000445,535,442,93
116000446,697,509,188
116000447,22,563,-541
116000448,565,199,366
116000563,1144,1018,126
116000565,67,376,-309
116000568,64,408,-344
116000579,33,125,-92
116000584,22,4,18
116000585,40,28,12
116000586,63,138,-75
116000587,348,510,-162
116000589,57,62,-5
116000590,88,82,6
116000591,280,217,63
116000592,25,110,-85
116000593,0,39,-39
116000594,765,416,349
116000595,671,141,530
116000596,163,3,160
116000597,494,108,386
116000598,16,189,-173
116000602,71,431,-360
116000605,206,133,73
116000606,93,174,-81
116000607,13,51,-38
116000609,173,839,-666
116000611,214,379,-165
116000612,902,2106,-1204
116000613,819,296,523
116000614,472,470,2
116000615,32,567,-535
116000616,82,49,33
116000617,105,30,75
116000618,4,45,-41
116000619,60,71,-11
116000620,166,104,62
116000621,54,127,-73
116000622,70,127,-57
116000624,161,83,78
116000628,1,102,-101
116000629,0,101,-101
116000630,94,2,92
116000631,50,1,49
116000632,270,113,157
116000633,16,148,-132
116000634,219,6,213
116900001,260,234,26
116900002,312,3,309
116900003,47,60,-13
116900004,61,70,-9
116900005,370,104,266
116900006,176,401,-225
116900007,117,256,-139
116900008,647,240,407
116900009,34,8,26
116900010,3,985,-982
116900011,20,39,-19
116900012,245,268,-23
116900013,2,201,-199
116900014,152,166,-14
116900015,474,55,419
116900016,275,5,270
116900017,7,399,-392
116900018,105,56,49
116900019,8,283,-275
116900020,703,901,-198
116900023,36,20,16
116900024,671,51,620
116900025,1342,818,524
116900026,130,545,-415
116900027,45,55,-10
116900028,11,134,-123
116900029,1,56,-55
116900031,3,1,2
116900032,3,254,-251
116900033,23,16,7
116900034,31,63,-32
116900035,163,172,-9
116900036,5,124,-119
116900038,48,7,41
116900041,97,28,69
116900042,492,236,256
116900043,30,50,-20
116900045,245,108,137
116900047,38,132,-94
116900049,27,271,-244
116900050,166,368,-202
116900051,168,159,9
116900052,216,80,136
116900055,1,9,-8
116900057,31,222,-191
116900058,46,313,-267
116900059,2,125,-123
116900060,250,188,62
116900062,1,9,-8
116900064,66,539,-473
116900065,28,106,-78
116900067,173,72,101
116900068,165,191,-26
116900070,4,1,3
116900072,33,297,-264
116900073,11,143,-132
116900074,7,43,-36
116900076,10,28,-18
116900077,13,119,-106
116900078,225,68,157
116900079,41,176,-135
116900080,14,36,-22
116900081,339,1018,-679
116900082,276,1068,-792
116900083,34,29,5
116900084,135,56,79
116900085,48,163,-115
116900086,58,154,-96
116900088,374,134,240
116900090,105,40,65
116900091,391,38,353
116900092,88,606,-518
116900093,1723,1895,-172
116900094,4333,4565,-232
116900095,285,130,155
116900096,207,387,-180
116900097,2262,3176,-914
116900098,811,372,439
116900099,767,709,58
116900100,985,93,892
116900101,377,547,-170
116900103,4,1,3
116900104,70,72,-2
116900105,332,178,154
116900106,2203,139,2064
116900107,2780,2944,-164
116900110,7,0,7
116900111,752,554,198
116900112,346,836,-490
116900113,1842,1090,752
116900116,75,717,-642
116900117,155,117,38
116900118,762,892,-130
116900120,532,54,478
116900121,169,19,150
116900122,1122,632,490
116900123,305,645,-340
116900124,178,790,-612
116900125,482,168,314
116900126,118,639,-521
116900128,0,28,-28
116900129,2,314,-312
116900130,618,4128,-3510
116900131,70,440,-370
116900132,81,113,-32
116900133,159,152,7
116900134,232,286,-54
116900136,241,246,-5
116900137,298,193,105
116900138,248,210,38
116900139,230,419,-189
116900140,274,148,126
116900141,911,413,498
116900142,4,60,-56
116900143,542,501,41
116900144,38,73,-35
116900145,145,196,-51
116900147,499,522,-23
116900148,10,38,-28
116900149,60,268,-208
116900150,10,16,-6
116900151,20,10,10
116900153,124,90,34
116900154,541,659,-118
116900155,76,108,-32
116900157,718,190,528
116900158,106,322,-216
116900159,72,306,-234
116900160,988,1036,-48
116900161,5156,7683,-2527
116900162,16,83,-67
116900163,229,115,114
116900164,115,59,56
116900165,303,368,-65
116900166,40,36,4
116900167,483,68,415
116900168,363,64,299
116900169,547,638,-91
116900170,353,618,-265
116900171,77,128,-51
116900172,187,391,-204
116900173,274,25,249
116900174,74,46,28
116900175,227,219,8
116900178,53,102,-49
116900179,82,351,-269
116900180,110,30,80
116900182,756,319,437
116900183,245,118,127
116900185,36,71,-35
116900186,109,192,-83
116900187,98,50,48
116900188,202,35,167
116900189,83,3,80
116900191,496,691,-195
116900192,419,139,280
116900194,188,1563,-1375
116900195,76,34,42
116900196,26,99,-73
116900197,132,16,116
116900198,118,238,-120
116900200,51,19,32
116900201,155,14,141
116900202,122,45,77
116900203,176,4,172
116900204,42,117,-75
116900206,21,15,6
116900207,28,41,-13
116900208,8,112,-104
116900209,50,118,-68
116900210,607,312,295
116900211,251,10,241
116900212,72,45,27
116900213,312,98,214
116900214,270,157,113
116900215,84,70,14
116900216,287,195,92
116900218,9,229,-220
116900219,1211,334,877
116900220,131,299,-168
116900221,109,408,-299
116900222,445,374,71
116900223,157,325,-168
116900226,138,71,67
116900227,171,70,101
116900228,293,202,91
116900230,115,212,-97
116900231,37,283,-246
116900232,20,264,-244
116900233,371,103,268
116900234,33,18,15
116900235,139,265,-126
116900238,1304,324,980
116900239,27,1573,-1546
116900240,4449,3154,1295
116900241,132,163,-31
116900242,342,674,-332
116900243,5,95,-90
116900245,54,35,19
116900246,116,6,110
116900247,917,39,878
116900248,85,45,40
116900249,517,114,403
116900250,411,41,370
116900251,355,671,-316
116900252,148,718,-570
116900253,156,35,121
116900254,22,88,-66
116900255,85,104,-19
116900256,506,114,392
116900257,20,387,-367
116900258,5,147,-142
116900259,273,14,259
116900260,3,110,-107
116900261,88,2,86
116900262,192,152,40
116900263,0,23,-23
116900264,0,3,-3
116900265,49,5,44
116900266,16,31,-15
116900267,8,1,7
116900268,305,286,19
116900269,344,711,-367
116900271,1557,294,1263
116900272,327,234,93
116900273,163,110,53
116900274,107,38,69
116900275,147,81,66
116900276,435,186,249
116900277,495,39,456
116900278,1,7,-6
116900279,2,14,-12
116900280,34,15,19
116900281,4802,5092,-290
116900282,7,83,-76
116900283,11,89,-78
116900284,24,164,-140
116900285,208,224,-16
116900286,215,20,195
116900287,14,26,-12
116900288,94,86,8
116900289,11,4,7
116900290,1,45,-44
116900291,22,6,16
116900292,0,17,-17
116900293,91,38,53
116900294,26,130,-104
116900295,59,60,-1
116900296,23,28,-5
116900297,3,55,-52
116900298,46,57,-11
116900299,17,84,-67
116900300,7,56,-49
116900301,33,44,-11
116900302,1064,1033,31
116900303,133,78,55
116900304,1,124,-123
116900305,11,44,-33
116900306,212,121,91
117000001,2629,1897,732
117000002,1979,4225,-2246
117000003,7496,3489,4007
117000004,3919,4734,-815
117000005,2574,2036,538
117000006,1164,2768,-1604
117000007,4288,1171,3117
117000008,976,3256,-2280
117000009,5550,2034,3516
117000010,2575,3432,-857
117000011,2242,1762,480
117000012,1308,1054,254
117000013,1866,810,1056
117000014,1332,2036,-704
117000015,2790,1356,1434
117000016,288,151,137
117000017,185,131,54
117000018,162,726,-564
117000019,98,1,97
117000020,444,1744,-1300
117000021,1469,286,1183
117000022,320,148,172
117000023,140,142,-2
117000024,182,284,-102
117000025,488,1212,-724
117000026,2042,1499,543
117000027,1377,3374,-1997
117000028,2153,1224,929
117000030,127,165,-38
117000032,1309,1353,-44
117000033,1591,1467,124
117000034,153,92,61
117000036,182,86,96
117000038,152,240,-88
117000039,37,57,-20
117000040,239,823,-584
117000041,1295,157,1138
117000044,20,617,-597
117000045,449,102,347
117000046,426,726,-300
117000047,883,671,212
117000048,1835,847,988
117000049,161,856,-695
117000050,135,1447,-1312
117000051,2586,141,2445
117000052,67,251,-184
117000053,697,47,650
117000054,2439,13,2426
117000055,11,2387,-2376
117000056,918,36,882
117000057,457,2242,-1785
117000060,484,1245,-761
117000061,1955,998,957
117000062,294,662,-368
117000063,2067,1074,993
117000064,606,624,-18
117000066,1237,851,386
117000067,178,760,-582
117000074,147,157,-10
117000076,94,49,45
117000077,158,220,-62
117000078,152,640,-488
117000079,457,268,189
117000080,0,297,-297
117000081,1099,122,977
117000082,24,87,-63
117000083,145,7,138
117000084,240,11,229
117000085,307,864,-557
117000086,946,490,456
117000087,115,547,-432
117000088,339,162,177
117000089,1988,273,1715
117000090,291,1077,-786
117000091,1020,346,674
117000092,467,1089,-622
117000093,1529,911,618
117000094,1365,2571,-1206
117000095,4205,1026,3179
117000096,744,2021,-1277
117000097,1942,1141,801
117000098,2487,3810,-1323
117000099,4578,1409,3169
117000100,239,425,-186
117000101,188,936,-748
117000102,2179,772,1407
117000103,715,1438,-723
117000104,1819,702,1117
117000105,839,1396,-557
117000106,1631,868,763
117000107,622,1514,-892
117000108,2166,1051,1115
117000109,1488,2273,-785
117000110,1955,1385,570
117000111,3858,4177,-319
117000112,4316,1875,2441
117000113,107,194,-87
117000114,371,171,200
117000115,83,99,-16
117000116,161,255,-94
117000117,2043,1418,625
117000118,316,115,201
117000119,201,237,-36
117000120,191,699,-508
117000121,172,1419,-1247
117000122,185,702,-517
117000123,1461,42,1419
117000124,551,161,390
117000125,315,161,154
117000126,71,45,26
117000127,197,393,-196
117000128,394,837,-443
117000129,165,156,9
117000130,63,0,63
117000131,0,63,-63
117000132,3615,106,3509
117000133,2002,52,1950
117000134,0,64,-64
117000135,3,72,-69
117000136,4,45,-41
117000137,117,153,-36
117000138,6,756,-750
117000140,520,1301,-781
117000141,2040,605,1435
117000181,536,166,370
117000182,428,790,-362
117000195,254,927,-673
117000196,434,165,269
117000225,72,28,44
117000226,13,97,-84
117000276,387,17,370
117000277,2,235,-233
117000310,1457,1993,-536
117000315,36,500,-464
117000320,55,0,55
117000906,435,12,423
117000907,15,267,-252
117000908,23,63,-40
117000909,66,54,12
117000910,229,225,4
117000911,105,139,-34
117000915,4,421,-417
117000916,53,8,45
117000917,1559,34,1525
117000918,68,84,-16
117000919,4,66,-62
117000920,6,1173,-1167
117000921,4,977,-973
117000922,28,83,-55
117000924,747,873,-126
117000926,693,115,578
117000927,1469,1549,-80
117000928,1,108,-107
117000929,273,232,41
117000930,249,10,239
117000931,455,189,266
117900002,119,500,-381
117900003,694,493,201
117900005,8,28,-20
117900006,0,45,-45
117900007,168,83,85
117900008,0,12,-12
117900010,293,96,197
117900011,23,159,-136
117900012,80,71,9
117900013,0,161,-161
117900014,442,82,360
117900015,8,57,-49
117900016,1194,1257,-63
117900017,567,216,351
117900018,122,129,-7
117900019,648,221,427
117900020,105,563,-458
117900021,58,70,-12
117900022,69,14,55
117900023,649,98,551
117900024,61,64,-3
117900025,40,7,33
117900026,466,217,249
117900028,48,2,46
117900029,360,471,-111
117900030,628,276,352
117900031,134,92,42
117900032,1033,633,400
117900033,314,462,-148
117900034,44,20,24
117900035,228,111,117
117900036,253,335,-82
117900037,206,75,131
117900038,39,283,-244
117900039,5,49,-44
117900040,228,323,-95
117900041,7,39,-32
117900042,3685,451,3234
117900043,24,40,-16
117900044,29,3246,-3217
117900045,229,149,80
117900048,454,234,220
117900049,275,376,-101
117900050,3,112,-109
117900051,45,9,36
117900052,89,430,-341
117900053,1891,546,1345
117900054,1,22,-21
117900055,256,96,160
117900056,185,20,165
117900057,1186,1102,84
117900058,425,1557,-1132
117900059,313,84,229
117900060,2699,4133,-1434
117900061,11,191,-180
117900063,450,211,239
117900065,552,1206,-654
117900066,3,105,-102
117900067,596,194,402
117900069,887,284,603
117900070,174,27,147
117900071,83,178,-95
117900073,663,272,391
117900074,95,64,31
117900075,104,94,10
117900076,10,61,-51
117900077,555,133,422
117900078,387,995,-608
117900080,150,47,103
117900081,440,343,97
117900082,532,413,119
117900083,479,341,138
117900086,162,23,139
117900087,174,79,95
117900088,3075,1970,1105
117900089,2767,853,1914
117900090,477,413,64
117900091,199,152,47
117900092,75,18,57
117900093,107,73,34
117900094,73,29,44
117900095,306,224,82
117900096,137,236,-99
117900097,328,78,250
117900098,73,27,46
117900099,154,186,-32
117900100,346,5,341
117900101,531,1939,-1408
117900102,79,34,45
117900103,71,1,70
117900104,14,77,-63
117900105,132,217,-85
117900106,150,23,127
117900107,54,0,54
117900109,823,484,339
117900110,130,0,130
117900111,384,19,365
117900112,115,9,106
117900113,2272,1837,435
117900114,43,1,42
117900115,284,83,201
117900116,786,771,15
117900117,796,388,408
117900118,101,0,101
117900119,247,108,139
117900120,258,37,221
117900121,91,55,36
117900122,1583,4777,-3194
117900123,843,346,497
117900124,730,637,93
117900125,2104,2058,46
117900126,229,521,-292
117900127,454,438,16
117900128,414,604,-190
117900129,80,3,77
117900130,919,473,446
117900131,2,123,-121
117900132,22,104,-82
117900133,8,93,-85
117900134,54,359,-305
117900135,26,192,-166
117900136,0,35,-35
117900137,85,282,-197
117900138,0,42,-42
117900139,186,84,102
117900140,2905,260,2645
117900141,126,179,-53
117900142,81,50,31
117900144,76,197,-121
117900145,24,45,-21
117900146,226,191,35
117900147,81,65,16
117900148,2291,1959,332
117900149,138,199,-61
117900150,72,43,29
117900151,36,82,-46
117900152,83,62,21
117900153,26,127,-101
117900154,481,582,-101
117900156,890,701,189
117900157,70,504,-434
117900158,411,139,272
117900160,893,956,-63
117900161,2460,2062,398
117900162,578,470,108
117900163,31,132,-101
117900165,1,21,-20
117900166,119,592,-473
117900168,40,204,-164
117900169,1,129,-128
117900170,7,31,-24
117900171,10,24,-14
117900172,13,33,-20
117900173,173,98,75
117900174,27,66,-39
117900175,15,30,-15
117900176,31,36,-5
117900177,30,43,-13
117900178,111,43,68
117900180,235,51,184
117900181,81,473,-392
117900182,3,63,-60
117900183,82,227,-145
117900184,20,92,-72
117900185,54,48,6
117900186,71,19,52
117900187,40,12,28
117900188,242,38,204
117900189,100,19,81
117900190,48,3,45
117900191,91,2,89
117900192,253,1,252
117900193,27,55,-28
117900194,17,6,11
117900195,21,97,-76
117900196,32,41,-9
117900207,195,187,8
117900208,63,46,17
117900209,167,154,13
117900210,162,243,-81
117900211,9,169,-160
117900212,123,126,-3
117900213,26,6,20
117900214,13,47,-34
117900216,4,66,-62
117900217,47,517,-470
117900218,160,137,23
117900219,7,192,-185
117900220,55,98,-43
117900221,14,10,4
118000001,1057,1100,-43
118000002,870,1835,-965
118000003,2196,3439,-1243
118000004,1968,2121,-153
118000005,4818,6801,-1983
118000006,4986,9677,-4691
118000007,5580,4406,1174
118000008,3146,4516,-1370
118000009,1747,3646,-1899
118000010,6385,4309,2076
118000011,1669,1948,-279
118000012,1215,1926,-711
118000013,2698,2348,350
118000014,1912,2099,-187
118000016,269,276,-7
118000017,528,418,110
118000018,442,451,-9
118000019,2213,1818,395
118000020,1337,4924,-3587
118000021,690,4078,-3388
118000022,1721,911,810
118000023,948,263,685
118000024,1516,1918,-402
118000025,835,2472,-1637
118000027,11516,13045,-1529
118000029,1069,941,128
118000032,1005,4140,-3135
118000033,2843,8133,-5290
118000034,5198,3087,2111
118000035,1894,3821,-1927
118000036,1063,1535,-472
118000037,864,1110,-246
118000038,241,112,129
118000039,134,234,-100
118000040,1952,1533,419
118000041,2826,1353,1473
118000045,320,271,49
118000046,1358,823,535
118000047,922,1540,-618
118000048,2225,2205,20
118000051,2693,2004,689
118000052,1804,1116,688
118000053,377,819,-442
118000054,1584,1585,-1
118000055,1572,1761,-189
118000056,277,482,-205
118000057,280,452,-172
118000058,2517,2373,144
118000059,1931,1687,244
118000060,1324,600,724
118000061,1440,1380,60
118000062,712,353,359
118000063,398,923,-525
118000064,962,1206,-244
118000065,3099,1761,1338
118000066,926,1701,-775
118000067,674,882,-208
118000068,1596,5035,-3439
118000069,2455,1211,1244
118000070,4921,2058,2863
118000071,3341,7233,-3892
118000072,1291,1451,-160
118000073,1135,873,262
118000074,545,411,134
118000075,807,378,429
118000076,1401,3023,-1622
118000077,1290,1395,-105
118000078,1980,2803,-823
118000079,258,559,-301
118000080,943,881,62
118000081,1957,1502,455
118000082,305,1255,-950
118000083,1804,1875,-71
118000084,3152,1963,1189
118000086,263,640,-377
118000087,4300,2601,1699
118000088,1802,1607,195
118000089,3958,2351,1607
118000090,1396,3080,-1684
118000091,1172,2596,-1424
118000092,922,464,458
118000093,93,732,-639
118000096,474,658,-184
118000097,873,626,247
118000098,287,254,33
118000099,718,786,-68
118000101,1241,347,894
118000102,513,981,-468
118000107,1701,460,1241
118000108,828,2588,-1760
118000110,2,17,-15
118000111,0,219,-219
118000112,584,3,581
118000113,5,389,-384
118000114,556,7,549
118000115,10,9,1
118000116,29,0,29
118000117,922,709,213
118000118,1061,1067,-6
118000119,1058,1291,-233
118000120,1682,1271,411
118000121,93,650,-557
118000122,1352,359,993
118000123,61,257,-196
118000125,1619,890,729
118000126,629,1558,-929
118000127,1948,751,1197
118000128,579,1001,-422
118000129,1018,449,569
118000130,2249,3042,-793
118000131,509,681,-172
118000132,3042,2186,856
118000133,971,400,571
118000135,634,415,219
118000136,106,412,-306
118000137,646,93,553
118000138,461,556,-95
118000139,489,93,396
118000140,2863,5801,-2938
118000141,2772,1887,885
118000142,2086,1637,449
118000143,2340,1286,1054
118000144,1018,799,219
118000145,1603,1552,51
118000146,1433,673,760
118000147,878,1342,-464
118000148,515,1126,-611
118000149,1049,851,198
118000150,529,227,302
118000151,642,509,133
118000153,1780,1240,540
118000154,1724,1556,168
118000155,1701,1386,315
118000156,2021,2627,-606
118000157,711,397,314
118000158,205,442,-237
118000159,24,126,-102
118000160,634,356,278
118000161,583,655,-72
118000162,2129,1001,1128
118000163,1208,930,278
118000164,2265,1429,836
118000168,978,915,63
118000169,1225,1172,53
118000170,3495,4474,-979
118000171,407,681,-274
118000172,115,230,-115
118000173,881,1347,-466
118000175,346,403,-57
118000176,393,516,-123
118000177,260,713,-453
118000178,52,56,-4
118000179,1434,1531,-97
118000180,932,702,230
118000181,751,311,440
118000182,366,278,88
118000183,254,309,-55
118000184,1046,650,396
118000185,1475,1399,76
118000186,864,1312,-448
118000187,1502,640,862
118000188,717,158,559
118000189,862,599,263
118000190,12,15,-3
118000191,42,34,8
118000192,125,270,-145
118000193,117,409,-292
118000194,1374,1020,354
118000195,519,1269,-750
118000196,359,288,71
118000197,149,151,-2
118000198,380,853,-473
118000199,360,433,-73
118000200,77,313,-236
118000201,482,503,-21
118000202,76,90,-14
118000203,617,673,-56
118000204,110,404,-294
118000205,160,332,-172
118000206,264,198,66
118000207,1,65,-64
118000208,1507,1666,-159
118000209,2465,1468,997
118000210,64,37,27
118000211,39,26,13
118000213,1267,2187,-920
118000214,523,568,-45
118000215,409,113,296
118000216,2624,2161,463
118000217,27,85,-58
118000218,111,77,34
118000219,414,207,207
118000220,0,34,-34
118000221,280,398,-118
118000222,97,7,90
118000223,42,56,-14
118000224,157,97,60
118000225,121,637,-516
118000226,1148,200,948
118000227,719,493,226
118000228,162,304,-142
118000229,221,133,88
118000230,152,192,-40
118000231,125,231,-106
118000232,914,672,242
118000233,1339,915,424
118000234,532,263,269
118000236,534,322,212
118000237,99,387,-288
118000238,385,149,236
118000239,320,282,38
118000240,304,164,140
118000241,211,213,-2
118000242,455,426,29
118000243,378,158,220
118000244,50,77,-27
118000246,0,22,-22
118000255,63,222,-159
118000256,146,180,-34
118000259,6,48,-42
118000260,240,75,165
118000261,34,53,-19
118000263,76,182,-106
118000266,118,208,-90
118000267,0,136,-136
118000268,266,5,261
118000270,96,16,80
118000271,192,213,-21
118000272,85,34,51
118000273,170,65,105
118000274,128,281,-153
118000276,636,496,140
118000295,11,162,-151
118000298,201,238,-37
118000299,39,119,-80
118000301,1,39,-38
118000302,110,48,62
118000311,549,87,462
118000312,335,202,133
118000313,73,148,-75
118000314,115,58,57
118000315,58,33,25
118000316,807,429,378
118000325,89,60,29
118000326,38,28,10
118000331,52,41,11
118000332,14,31,-17
118000333,33,67,-34
118000335,355,5,350
118000336,0,178,-178
118000407,259,44,215
118000457,2,20,-18
118000465,2795,4066,-1271
118000480,37,63,-26
118000489,22,412,-390
118000490,29,171,-142
118000492,244,152,92
118000510,64,22,42
118000514,131,254,-123
118000515,855,741,114
118000517,383,211,172
118000524,267,322,-55
118000525,941,887,54
118000530,30,100,-70
118000531,436,303,133
118000532,225,218,7
118000533,298,135,163
118000534,682,447,235
118000535,335,126,209
118000536,710,2059,-1349
118000537,7,211,-204
118000538,27,66,-39
118000539,34,113,-79
118000540,380,154,226
118000541,184,64,120
118000542,132,213,-81
118000543,303,242,61
118000546,43,34,9
118000560,2218,2717,-499
118000562,38,142,-104
118000563,1662,1228,434
118000576,183,145,38
118000577,147,138,9
118000578,121,86,35
118000579,474,1337,-863
118000595,224,98,126
118000596,1,74,-73
118000597,111,96,15
118000598,30,3,27
118000599,74,50,24
118000600,2,38,-36
118000601,24,0,24
118000602,2,9,-7
118000603,0,11,-11
118900001,612,1541,-929
118900002,931,1032,-101
118900003,577,23,554
118900004,88,44,44
118900005,96,2,94
118900006,184,8,176
118900007,5,2,3
118900008,1968,64,1904
118900009,95,57,38
118900010,105,15,90
118900011,187,29,158
118900012,534,239,295
118900013,542,219,323
118900015,282,74,208
118900016,22,9,13
118900017,200,328,-128
118900018,1200,34,1166
118900019,34,25,9
118900020,234,167,67
118900021,194,487,-293
118900022,173,120,53
118900023,212,89,123
118900024,140,170,-30
118900025,66,25,41
118900026,80,74,6
118900027,427,187,240
118900028,210,163,47
118900029,379,608,-229
118900030,522,84,438
118900031,199,76,123
118900032,202,130,72
118900033,396,507,-111
118900034,182,46,136
118900035,143,146,-3
118900036,1446,746,700
118900037,451,380,71
118900038,458,168,290
118900039,667,147,520
118900040,292,196,96
118900041,730,149,581
118900042,169,112,57
118900045,377,177,200
118900046,807,386,421
118900047,464,191,273
118900048,122,249,-127
118900049,54,68,-14
118900050,32,59,-27
118900051,59,105,-46
118900052,316,281,35
118900053,45,143,-98
118900054,170,51,119
118900055,122,50,72
118900056,22,397,-375
118900057,1028,490,538
118900058,418,351,67
118900059,23,103,-80
118900060,64,98,-34
118900062,694,204,490
118900064,570,610,-40
118900065,54,168,-114
118900066,92,100,-8
118900067,4576,4125,451
118900068,1,185,-184
118900069,584,184,400
118900071,16,77,-61
118900072,517,334,183
118900073,162,124,38
118900074,138,130,8
118900075,90,68,22
118900076,251,92,159
118900077,322,201,121
118900078,28,9,19
118900079,66,196,-130
118900080,40,136,-96
118900081,83,43,40
118900082,905,154,751
118900083,37,1,36
118900084,18,25,-7
118900085,567,767,-200
118900086,41,108,-67
118900087,25,313,-288
118900088,0,14,-14
118900089,19,18,1
118900090,581,336,245
118900091,215,241,-26
118900092,207,89,118
118900093,126,17,109
118900096,74,38,36
118900097,259,386,-127
118900099,105,209,-104
118900100,135,219,-84
118900101,157,374,-217
118900102,90,134,-44
118900103,85,106,-21
118900104,337,161,176
118900105,267,108,159
118900107,128,80,48
118900108,117,155,-38
118900109,864,676,188
118900110,1282,955,327
118900111,515,490,25
118900112,109,147,-38
118900113,111,391,-280
118900114,27,88,-61
118900115,153,416,-263
118900116,135,234,-99
118900117,119,189,-70
118900118,321,316,5
118900119,201,188,13
118900120,100,297,-197
118900121,6,103,-97
118900122,14,1150,-1136
118900123,156,253,-97
118900124,97,155,-58
118900126,38,423,-385
118900129,277,234,43
118900130,40,197,-157
118900131,160,209,-49
118900132,452,214,238
118900133,8,75,-67
118900135,283,195,88
118900136,234,488,-254
118900137,6,47,-41
118900139,234,352,-118
118900140,461,604,-143
118900141,60,108,-48
118900144,165,321,-156
118900145,19,141,-122
118900146,368,624,-256
118900147,142,157,-15
118900148,102,62,40
118900150,157,554,-397
118900152,641,617,24
118900157,76,164,-88
118900158,139,82,57
118900159,0,120,-120
118900161,84,10,74
118900163,79,89,-10
118900164,5,91,-86
118900165,99,183,-84
118900166,40,2,38
118900167,106,83,23
118900168,11,278,-267
118900169,173,252,-79
118900170,261,89,172
118900171,43,61,-18
118900174,79,49,30
118900175,552,531,21
118900176,175,276,-101
118900177,58,40,18
118900178,61,225,-164
118900179,7,27,-20
118900181,141,71,70
118900182,93,38,55
118900183,39,155,-116
118900184,330,94,236
118900185,105,108,-3
118900186,110,112,-2
118900187,314,345,-31
118900188,430,341,89
118900189,41,886,-845
118900190,28,311,-283
118900191,205,47,158
118900192,321,30,291
118900193,701,13,688
118900195,328,552,-224
118900196,28,106,-78
118900197,198,76,122
118900198,27,9,18
118900199,103,29,74
118900200,30,14,16
118900201,27,46,-19
118900202,5,43,-38
118900203,2,35,-33
118900204,21,24,-3
118900205,1,11,-10
118900206,6,15,-9
119000001,1595,2101,-506
119000002,5004,4058,946
119000003,3429,1133,2296
119000004,2766,1487,1279
119000005,2032,2121,-89
119000006,3034,1740,1294
119000007,4131,3346,785
119000008,2269,2011,258
119000009,3764,5542,-1778
119000010,6063,4556,1507
119000011,4877,3947,930
119000012,3898,4153,-255
119000013,3417,2108,1309
119000014,1963,3017,-1054
119000019,389,212,177
119000020,2229,1669,560
119000021,5336,2858,2478
119000022,2883,3292,-409
119000023,261,302,-41
119000024,2491,14530,-12039
119000025,6920,1530,5390
119000026,184,736,-552
119000027,286,592,-306
119000028,1861,914,947
119000029,132,446,-314
119000030,582,982,-400
119000031,900,636,264
119000032,2897,2645,252
119000033,2611,1397,1214
119000034,1298,1010,288
119000035,33,303,-270
119000036,2144,632,1512
119000037,1447,1577,-130
119000038,188,770,-582
119000039,395,287,108
119000040,759,609,150
119000041,838,1379,-541
119000048,3158,2285,873
119000049,2013,1891,122
119000050,1773,1720,53
119000051,2199,1046,1153
119000052,1944,2740,-796
119000053,2236,1304,932
119000054,3784,2728,1056
119000055,5510,3044,2466
119000056,3438,2079,1359
119000057,1905,1823,82
119000058,2343,1632,711
119000059,1547,1693,-146
119000060,1880,1247,633
119000061,1269,812,457
119000062,1339,1325,14
119000063,693,395,298
119000064,999,1053,-54
119000065,1959,3973,-2014
119000066,2739,1221,1518
119000067,2053,2103,-50
119000068,2101,1084,1017
119000069,1764,2567,-803
119000070,3138,952,2186
119000071,575,883,-308
119000072,5973,4179,1794
119000073,6425,8059,-1634
119000074,1533,1912,-379
119000075,2909,2315,594
119000076,630,1888,-1258
119000077,981,765,216
119000078,541,343,198
119000079,183,1022,-839
119000080,479,281,198
119000081,587,1064,-477
119000082,1430,347,1083
119000083,676,410,266
119000084,349,680,-331
119000085,1052,201,851
119000086,424,500,-76
119000087,1647,894,753
119000088,469,260,209
119000089,110,242,-132
119000090,175,148,27
119000091,134,509,-375
119000092,600,155,445
119000093,3697,2564,1133
119000094,3843,5135,-1292
119000095,2028,3033,-1005
119000097,2206,1284,922
119000098,1241,3611,-2370
119000099,2603,1661,942
119000100,5077,3612,1465
119000101,5493,2657,2836
119000102,792,1458,-666
119000103,1545,900,645
119000104,2172,1261,911
119000105,1422,2283,-861
119000106,429,1089,-660
119000107,1178,506,672
119000108,389,771,-382
119000109,123,1016,-893
119000110,721,1004,-283
119000111,86,939,-853
119000112,247,275,-28
119000113,3205,433,2772
119000114,1365,1126,239
119000115,157,243,-86
119000116,183,138,45
119000117,192,418,-226
119000118,7,1,6
119000123,3099,2580,519
119000124,863,243,620
119000125,4298,656,3642
119000126,796,578,218
119000127,567,523,44
119000128,36,4,32
119000131,993,542,451
119000132,5,2,3
119000133,1,6,-5
119000134,1848,668,1180
119000135,121,227,-106
119000136,269,141,128
119000137,273,256,17
119000138,569,201,368
119000139,335,209,126
119000140,273,407,-134
119000284,1095,2438,-1343
119000285,1998,1934,64
119000286,6583,5417,1166
119000287,1238,1877,-639
119000288,2051,1180,871
119000289,1432,2420,-988
119000290,273,410,-137
119000291,14,196,-182
119000293,146,165,-19
119000294,47,19,28
119000295,1557,381,1176
119000296,333,173,160
119000302,1774,1166,608
119000303,57,153,-96
119000314,1829,11434,-9605
119000315,1,285,-284
119000316,134,93,41
119000317,104,195,-91
119900001,322,1354,-1032
119900002,175,266,-91
119900003,46,882,-836
119900004,261,1372,-1111
119900005,240,90,150
119900006,275,470,-195
119900007,1244,232,1012
119900008,157,64,93
119900009,652,639,13
119900010,1812,2140,-328
119900011,19,137,-118
119900012,30,118,-88
119900013,2409,1737,672
119900014,773,447,326
119900015,156,44,112
119900016,73,85,-12
119900017,53,20,33
119900018,1890,1170,720
119900019,57,10,47
119900020,207,183,24
119900021,271,114,157
119900022,148,1050,-902
119900023,487,1783,-1296
119900025,248,45,203
119900026,811,220,591
119900027,25,17,8
119900028,285,136,149
119900029,8,5,3
119900030,732,468,264
119900031,89,579,-490
119900033,2426,356,2070
119900034,471,115,356
119900037,206,28,178
119900038,85,413,-328
119900039,54,20,34
119900040,269,31,238
119900041,118,37,81
119900042,125,164,-39
119900043,105,141,-36
119900044,215,1030,-815
119900046,145,54,91
119900047,446,91,355
119900048,50,16,34
119900049,139,6,133
119900050,225,178,47
119900051,1142,21,1121
119900052,78,57,21
119900053,250,140,110
119900054,194,11,183
119900055,1569,500,1069
119900057,280,109,171
119900058,239,5,234
119900059,178,38,140
119900060,270,37,233
119900061,403,6,397
119900062,96,24,72
119900063,17,70,-53
119900064,528,82,446
119900065,273,5,268
119900066,1,1,0
119900067,118,35,83
119900068,649,2,647
119900069,135,18,117
119900070,1436,28,1408
119900071,796,30,766
119900072,598,617,-19
119900073,1641,563,1078
119900074,34,54,-20
119900075,4086,2717,1369
119900076,1185,378,807
119900077,1064,808,256
119900078,533,761,-228
119900079,342,148,194
119900080,343,249,94
119900081,57,47,10
119900082,2076,281,1795
119900083,639,225,414
119900084,775,371,404
119900085,49,44,5
119900086,93,526,-433
119900087,478,419,59
119900088,35,55,-20
119900089,16,399,-383
119900090,144,76,68
119900091,70,712,-642
119900092,255,469,-214
119900093,1386,277,1109
119900094,56,223,-167
119900095,199,109,90
119900096,58,154,-96
119900097,621,273,348
119900098,59,57,2
119900099,54,189,-135
119900100,1882,3600,-1718
119900101,216,2153,-1937
119900102,55,200,-145
119900103,54,280,-226
119900104,55,206,-151
119900105,1242,5707,-4465
119900106,18,122,-104
119900107,313,2121,-1808
119900108,5417,775,4642
119900109,18,144,-126
119900110,1074,514,560
119900111,175,254,-79
119900112,1253,584,669
119900113,65,195,-130
119900114,355,1056,-701
119900115,433,725,-292
119900116,224,469,-245
119900117,390,680,-290
119900118,144,673,-529
119900119,290,185,105
119900120,848,617,231
119900121,392,802,-410
119900122,433,308,125
119900123,234,336,-102
119900124,240,700,-460
119900125,66,262,-196
119900126,4561,427,4134
119900127,1748,1043,705
119900128,529,580,-51
119900129,262,395,-133
119900130,31,219,-188
119900131,49,214,-165
119900132,9,184,-175
119900133,68,105,-37
119900134,1429,237,1192
119900135,2,296,-294
119900136,244,321,-77
119900138,352,576,-224
119900139,47,146,-99
119900140,2,121,-119
119900141,107,946,-839
119900142,14,39,-25
119900143,20,290,-270
119900144,1335,274,1061
119900145,93,192,-99
119900146,210,175,35
119900147,3,223,-220
119900148,305,86,219
119900149,1091,5388,-4297
119900150,168,185,-17
119900151,2099,1326,773
119900152,130,294,-164
119900153,193,57,136
119900154,14,175,-161
119900155,50,40,10
119900156,14,5,9
119900157,155,251,-96
119900158,272,91,181
119900159,2,1216,-1214
119900160,39,147,-108
119900161,115,147,-32
119900162,1182,1240,-58
119900163,84,164,-80
119900164,0,2,-2
119900165,160,166,-6
119900166,108,40,68
119900167,66,106,-40
119900168,1119,548,571
119900169,187,319,-132
119900170,303,322,-19
119900171,1078,492,586
119900172,182,24,158
119900173,15,366,-351
119900174,8,183,-175
119900175,1651,718,933
119900177,19,201,-182
119900178,19,129,-110
119900179,143,571,-428
119900180,1108,918,190
119900181,82,138,-56
119900182,4,300,-296
119900183,150,685,-535
119900184,1992,580,1412
119900185,66,227,-161
119900186,71,1320,-1249
119900187,21,338,-317
119900188,118,344,-226
119900189,514,514,0
119900190,113,345,-232
119900191,279,318,-39
119900192,62,164,-102
119900193,494,153,341
119900194,51,103,-52
119900195,201,236,-35
119900196,1170,459,711
119900197,306,201,105
119900198,168,301,-133
119900199,207,33,174
119900200,775,792,-17
119900201,333,253,80
119900202,91,289,-198
119900203,242,622,-380
119900204,401,318,83
119900205,920,433,487
119900206,267,143,124
119900208,206,200,6
119900209,567,1494,-927
119900210,58,38,20
119900211,95,6,89
119900212,245,239,6
119900213,11,73,-62
119900214,47,57,-10
119900215,69,53,16
119900216,12,42,-30
119900217,11,74,-63
119900218,18,46,-28
119900219,9,77,-68
119900220,3,65,-62
119900221,30,222,-192
119900222,11,159,-148
119900223,18,78,-60
119900224,19,22,-3
119900225,723,48,675
119900226,781,2410,-1629
119900227,1150,344,806
119900228,118,333,-215
119900229,338,457,-119
119900230,1268,571,697
119900231,379,139,240
119900232,338,142,196
119900233,106,8,98
119900234,16,107,-91
119900235,16,54,-38
119900236,41,186,-145
119900237,100,514,-414
119900238,1,111,-110
119900240,105,124,-19
119900241,162,257,-95
119900242,1596,1639,-43
119900244,795,1725,-930
119900245,151,194,-43
119900246,409,613,-204
119900247,52,164,-112
119900248,72,283,-211
119900249,286,112,174
119900253,2416,399,2017
119900254,113,923,-810
119900255,192,984,-792
119900256,892,800,92
119900257,96,4,92
119900258,243,27,216
119900259,9,88,-79
119900260,166,7,159
119900261,301,222,79
119900262,0,176,-176
119900263,1394,369,1025
119900264,98,164,-66
119900265,713,366,347
119900266,490,208,282
119900267,272,426,-154
119900268,137,153,-16
119900269,1332,986,346
119900271,42,113,-71
119900272,331,360,-29
119900275,229,62,167
119900276,66,3,63
119900277,5,6,-1
119900278,237,115,122
119900279,130,290,-160
119900280,726,165,561
119900281,3,286,-283
119900282,62,138,-76
119900283,23,164,-141
119900284,79,214,-135
119900285,33,160,-127
119900286,3,50,-47
119900288,5,15,-10
119900289,3,31,-28
119900290,2,8,-6
119900291,1,128,-127
119900292,24,62,-38
119900293,21,66,-45
119900294,27,87,-60
119900295,21,28,-7
119900296,46,134,-88
119900297,1,26,-25
119900298,8,6,2
119900299,65,176,-111
119900300,283,243,40
119900301,97,148,-51
119900302,171,66,105
119900303,275,121,154
119900304,186,42,144
119900305,11,102,-91
119900306,32,2,30
119900307,78,124,-46
119900308,5,23,-18
119900309,75,153,-78
119900310,344,295,49
119900311,112,83,29
119900312,155,90,65
119900313,251,297,-46
119900314,296,438,-142
119900315,2020,1921,99
119900318,12,53,-41
119900319,9,233,-224
119900320,289,476,-187
119900321,89,3,86
120000001,7252,17707,-10455
120000002,2870,2496,374
120000003,3260,1549,1711
120000004,2776,1849,927
120000005,4119,2198,1921
120000006,1222,1214,8
120000007,3616,3407,209
120000008,1211,1198,13
120000009,2542,1382,1160
120000010,2204,2719,-515
120000011,1118,1712,-594
120000012,1863,2452,-589
120000013,3764,3157,607
120000014,912,1483,-571
120000015,2718,1574,1144
120000016,4405,2425,1980
120000017,3365,2777,588
120000018,3820,13706,-9886
120000019,1236,1576,-340
120000020,3464,3691,-227
120000021,2076,2643,-567
120000022,3436,4200,-764
120000023,1311,1500,-189
120000024,1619,2637,-1018
120000025,3217,2162,1055
120000026,2261,1864,397
120000027,2636,2375,261
120000028,1106,1972,-866
120000029,4526,2061,2465
120000030,374,1625,-1251
120000031,2781,8945,-6164
120000032,8320,4054,4266
120000033,4987,1875,3112
120000034,2519,1671,848
120000035,2612,1951,661
120000036,3310,5364,-2054
120000037,767,1786,-1019
120000038,6906,4828,2078
120000039,925,1024,-99
120000040,97,742,-645
120000041,1740,1882,-142
120000042,2259,2739,-480
120000043,6265,1782,4483
120000044,6371,1570,4801
120000045,7294,1111,6183
120000046,3959,3177,782
120000047,1163,7287,-6124
120000048,7735,4664,3071
120000049,4215,3312,903
120000050,4028,4011,17
120000051,3096,4629,-1533
120000052,8528,2560,5968
120000053,1418,2059,-641
120000054,1434,3678,-2244
120000055,1761,4565,-2804
120000056,5911,4324,1587
120000057,4264,1202,3062
120000058,4261,1431,2830
120000059,23,1961,-1938
120000061,87,519,-432
120000062,242,407,-165
120000063,1370,2599,-1229
120000064,252,1005,-753
120000065,569,1289,-720
120000066,544,617,-73
120000067,68,494,-426
120000068,269,698,-429
120000069,598,907,-309
120000070,94,496,-402
120000071,726,110,616
120000072,986,468,518
120000073,1015,129,886
120000074,318,180,138
120000075,1247,433,814
120000076,2504,428,2076
120000077,2481,771,1710
120000078,4483,1392,3091
120000079,309,156,153
120000080,137,202,-65
120000081,384,140,244
120000082,231,259,-28
120000083,89,724,-635
120000084,497,393,104
120000085,538,386,152
120000086,272,469,-197
120000087,210,514,-304
120000088,790,1084,-294
120000089,1409,677,732
120000090,956,598,358
120000091,1144,1073,71
120000092,1485,651,834
120000093,673,476,197
120000094,221,805,-584
120000095,1250,429,821
120000096,375,602,-227
120000098,1190,787,403
120000099,601,816,-215
120000100,1010,872,138
120000101,867,520,347
120000102,748,1075,-327
120000103,1737,915,822
120000104,2490,496,1994
120000105,3781,667,3114
120000106,2763,619,2144
120000107,4905,597,4308
120000108,1627,152,1475
120000109,1428,103,1325
120000110,64,884,-820
120000111,118,898,-780
120000112,785,2193,-1408
120000113,529,1569,-1040
120000114,799,2075,-1276
120000115,340,1883,-1543
120000116,685,1747,-1062
120000117,895,1443,-548
120000118,52,66,-14
120000119,41,52,-11
120000120,113,90,23
120000121,30,64,-34
120000122,278,417,-139
120000123,3845,6654,-2809
120000124,479,373,106
120000125,697,651,46
120000126,313,1140,-827
120000127,2346,1193,1153
120000128,3429,4997,-1568
120000129,320,334,-14
120000130,894,468,426
120000131,367,814,-447
120000134,401,863,-462
120000135,673,567,106
120000137,325,1083,-758
120000138,1222,426,796
120000139,328,624,-296
120000140,1047,469,578
120000141,335,460,-125
120000142,596,715,-119
120000143,1,86,-85
120000144,117,7,110
120000145,519,5,514
120000146,993,1020,-27
120000149,805,1029,-224
120000150,3324,13372,-10048
120000151,562,364,198
120000152,665,161,504
120000153,455,540,-85
120000154,645,486,159
120000155,148,257,-109
120000156,747,1262,-515
120000157,1117,631,486
120000158,971,790,181
120000159,1972,2360,-388
120000160,2634,1738,896
120000161,2712,2317,395
120000162,99,285,-186
120000163,899,955,-56
120000164,724,295,429
120000165,604,674,-70
120000166,1669,569,1100
120000167,232,374,-142
120000168,52,1213,-1161
120000169,112,2673,-2561
120000170,168,1733,-1565
120000171,107,647,-540
120000172,33,287,-254
120000173,2375,2587,-212
120000174,467,32,435
120000175,305,46,259
120000176,204,62,142
120000177,1951,211,1740
120000178,180,29,151
120000179,281,93,188
120000180,1685,140,1545
120000181,365,3084,-2719
120000182,189,1110,-921
120000183,43,1037,-994
120000184,252,2272,-2020
120000186,91,816,-725
120000187,32,421,-389
120000188,89,754,-665
120000190,883,109,774
120000191,1113,133,980
120000192,1156,85,1071
120000193,463,23,440
120000195,191,8,183
120000196,448,106,342
120000197,204,172,32
120000198,237,80,157
120000199,145,0,145
120000200,175,5,170
120000201,4,28,-24
120000202,1,55,-54
120000203,57,174,-117
120000207,2,43,-41
120000208,2,172,-170
120000209,8,61,-53
120000210,53,75,-22
120000211,208,4,204
120000212,219,1,218
120000213,226,250,-24
120000214,0,200,-200
120000215,6,114,-108
120000216,131,32,99
120000217,720,1627,-907
120000218,146,672,-526
120000219,8,426,-418
120000220,7,1318,-1311
120000225,2116,4,2112
120000226,421,10,411
120000227,1126,101,1025
120000228,14333,3805,10528
120000230,412,22,390
120000231,1631,1946,-315
120000233,609,13,596
120000235,283,497,-214
120000236,1439,2,1437
120000237,1,1241,-1240
120000238,4,1588,-1584
120000241,1346,3908,-2562
120000412,652,8,644
120000413,328,225,103
120000414,173,6,167
120000415,2,58,-56
120000416,135,5,130
120000417,10,47,-37
120000418,261,22,239
120000419,24,169,-145
120000420,61,16,45
120000421,10449,6109,4340
120000422,127,1694,-1567
120000423,7,90,-83
120000424,85,120,-35
120000436,123,780,-657
120000437,177,147,30
120000438,2179,358,1821
120000439,312,633,-321
120000443,223,4,219
120000444,1711,447,1264
120000445,2014,1185,829
120000446,780,194,586
120000447,307,4,303
120000449,182,5,177
120000450,8,168,-160
120000451,146,432,-286
120000452,417,2,415
120000453,2,401,-399
120000454,91,73,18
120000455,105,45,60
120000456,3217,4310,-1093
120000457,1326,468,858
120000458,494,626,-132
120000459,121,63,58
120000665,1774,421,1353
120000668,163,1767,-1604
120000669,137,207,-70
120000670,303,1340,-1037
120000671,1317,450,867
120000672,68,487,-419
120900001,105,138,-33
120900002,521,673,-152
120900003,268,42,226
120900004,16,97,-81
120900005,187,707,-520
120900006,422,279,143
120900007,227,96,131
120900008,505,1180,-675
120900009,267,43,224
120900010,537,129,408
120900011,344,209,135
120900012,273,1589,-1316
120900013,472,175,297
120900014,2,516,-514
120900015,972,99,873
120900016,1024,81,943
120900017,2261,85,2176
120900018,230,424,-194
120900019,798,362,436
120900020,679,1545,-866
120900021,1057,276,781
120900022,22,277,-255
120900023,384,36,348
120900024,2196,569,1627
120900025,1659,1295,364
120900026,389,202,187
120900027,1260,45,1215
120900028,497,138,359
120900029,126,596,-470
120900030,1520,884,636
120900031,339,125,214
120900032,1440,105,1335
120900033,1319,101,1218
120900034,38,3103,-3065
120900035,100,160,-60
120900037,284,13,271
120900038,68,346,-278
120900039,140,96,44
120900040,356,5,351
120900041,138,31,107
120900042,642,47,595
120900043,92,52,40
120900044,11,422,-411
120900045,180,128,52
120900046,473,6,467
120900047,108,140,-32
120900048,165,37,128
120900049,601,3,598
120900050,1837,1872,-35
120900051,385,94,291
120900052,696,8,688
120900053,442,64,378
120900054,1570,590,980
120900055,490,5,485
120900056,646,22,624
120900057,210,13,197
120900058,667,2,665
120900059,129,2,127
120900060,97,39,58
120900061,218,260,-42
120900062,275,1,274
120900063,751,7,744
120900064,801,6,795
120900065,585,4,581
120900066,458,220,238
120900067,232,67,165
120900068,340,0,340
120900069,244,44,200
120900071,37,1,36
120900072,918,5,913
120900073,614,129,485
120900074,753,19,734
120900076,432,6,426
120900077,2856,328,2528
120900078,1093,683,410
120900079,1002,108,894
120900080,1044,1271,-227
120900081,1130,727,403
120900082,393,425,-32
120900083,142,6,136
120900084,410,598,-188
120900085,89,119,-30
120900086,130,400,-270
120900087,532,401,131
120900088,227,537,-310
120900089,2682,3335,-653
120900090,350,97,253
120900091,701,951,-250
120900092,1134,388,746
120900093,1687,147,1540
120900094,497,210,287
120900095,505,31,474
120900096,76,227,-151
120900097,933,613,320
120900098,237,177,60
120900099,95,71,24
120900100,116,199,-83
120900101,544,222,322
120900102,77,124,-47
120900103,57,225,-168
120900104,21,44,-23
120900105,44,436,-392
120900106,1005,491,514
120900107,290,175,115
120900108,11,440,-429
120900109,47,549,-502
120900110,9,704,-695
120900111,172,310,-138
120900112,8,604,-596
120900113,23,622,-599
120900114,65,128,-63
120900115,182,230,-48
120900116,483,376,107
120900117,3,347,-344
120900118,13,526,-513
120900119,8473,5044,3429
120900120,64,360,-296
120900121,359,564,-205
120900122,658,369,289
120900123,8,296,-288
120900124,1,424,-423
120900125,18,660,-642
120900126,1457,972,485
120900127,22,370,-348
120900128,988,1453,-465
120900129,48,236,-188
120900130,64,448,-384
120900131,145,70,75
120900132,1256,302,954
120900133,223,709,-486
120900134,690,424,266
120900135,2,459,-457
120900136,56,85,-29
120900137,288,132,156
120900138,23,228,-205
120900139,5,579,-574
120900140,14,133,-119
120900141,253,239,14
120900142,14,419,-405
120900143,4,680,-676
120900144,1,176,-175
120900145,175,606,-431
120900146,2,846,-844
120900147,3,462,-459
120900148,193,164,29
120900149,1,258,-257
120900150,65,404,-339
120900151,0,521,-521
120900152,0,29,-29
120900153,88,141,-53
120900154,2,1025,-1023
120900155,233,820,-587
120900156,118,326,-208
120900157,150,381,-231
120900158,80,575,-495
120900159,121,430,-309
120900160,38,621,-583
120900161,202,662,-460
120900162,111,1048,-937
120900163,160,2103,-1943
120900164,5,35,-30
120900165,13,75,-62
120900166,172,769,-597
120900167,494,146,348
120900169,83,313,-230
120900170,829,3105,-2276
120900171,1212,270,942
120900172,1300,2328,-1028
120900173,2,829,-827
120900174,11,167,-156
120900175,268,188,80
120900176,15,397,-382
120900177,5,1425,-1420
120900178,1,622,-621
120900179,768,499,269
120900180,87,194,-107
120900181,80,55,25
120900182,36,382,-346
120900183,874,101,773
120900184,519,83,436
120900185,27,481,-454
120900186,0,265,-265
120900187,643,1050,-407
120900188,202,6,196
120900189,113,1586,-1473
120900190,120,5,115
120900191,15,18,-3
120900192,8915,8780,135
120900194,85,105,-20
120900195,145,384,-239
120900196,1148,39,1109
120900197,938,143,795
120900198,280,497,-217
120900199,582,1596,-1014
120900200,94,109,-15
120900201,477,198,279
120900202,3,125,-122
120900203,41,86,-45
120900204,174,321,-147
120900205,65,57,8
120900206,37,57,-20
121000001,955,1343,-388
121000002,3134,1678,1456
121000003,3486,2395,1091
121000004,3287,3828,-541
121000005,1877,3129,-1252
121000006,4111,2054,2057
121000007,2787,3458,-671
121000008,5679,4440,1239
121000009,6197,6569,-372
121000010,9589,7028,2561
121000011,10140,13997,-3857
121000012,19017,11857,7160
121000013,5510,7647,-2137
121000014,6994,5997,997
121000015,4803,7709,-2906
121000016,5040,3703,1337
121000017,2497,4046,-1549
121000018,3111,1899,1212
121000019,16834,12823,4011
121000020,15545,19097,-3552
121000021,3098,3194,-96
121000022,3007,3835,-828
121000023,3993,2959,1034
121000024,5464,5595,-131
121000025,832,1502,-670
121000026,401,167,234
121000027,1921,1279,642
121000028,1154,658,496
121000029,1165,782,383
121000030,781,581,200
121000031,810,830,-20
121000032,301,139,162
121000034,352,295,57
121000035,189,193,-4
121000036,1131,911,220
121000037,607,542,65
121000038,581,1113,-532
121000039,288,495,-207
121000041,645,627,18
121000042,320,489,-169
121000043,769,679,90
121000044,1504,986,518
121000045,564,352,212
121000046,779,1072,-293
121000047,33,131,-98
121000049,1361,643,718
121000050,369,1296,-927
121000051,722,324,398
121000052,490,707,-217
121000053,541,124,417
121000054,74,514,-440
121000055,1173,1322,-149
121000056,871,1094,-223
121000057,324,573,-249
121000058,492,297,195
121000059,2891,1572,1319
121000060,731,1028,-297
121000061,88,569,-481
121000062,193,495,-302
121000063,1037,851,186
121000064,678,639,39
121000065,442,548,-106
121000066,347,394,-47
121000067,625,932,-307
121000068,893,480,413
121000069,844,1434,-590
121000070,1909,1511,398
121000071,1495,1577,-82
121000072,1634,869,765
121000073,1265,1167,98
121000074,157,178,-21
121000075,82,771,-689
121000076,876,760,116
121000077,202,339,-137
121000078,125,197,-72
121000080,2139,765,1374
121000081,6611,3546,3065
121000082,119,274,-155
121000083,207,186,21
121000084,231,150,81
121000085,326,489,-163
121000086,310,798,-488
121000087,66,355,-289
121000088,568,545,23
121000089,588,591,-3
121000090,528,448,80
121000091,1726,1173,553
121000092,232,84,148
121000093,237,258,-21
121000094,632,825,-193
121000095,366,867,-501
121000096,2743,2571,172
121000097,1120,2791,-1671
121000098,709,1088,-379
121000099,673,819,-146
121000100,942,374,568
121000101,414,308,106
121000102,420,263,157
121000103,257,290,-33
121000104,316,186,130
121000105,579,258,321
121000106,390,463,-73
121000107,2157,3235,-1078
121000109,1242,1304,-62
121000110,293,680,-387
121000114,3499,2295,1204
121000115,1162,700,462
121000116,258,817,-559
121000117,740,259,481
121000118,1574,240,1334
121000119,238,481,-243
121000120,367,510,-143
121000121,688,1727,-1039
121000123,1527,827,700
121000126,83,432,-349
121000127,202,112,90
121000128,1020,381,639
121000129,944,565,379
121000130,680,907,-227
121000131,2476,2202,274
121000132,1723,2285,-562
121000135,565,1056,-491
121000136,1551,1450,101
121000137,620,354,266
121000138,1090,1907,-817
121000139,503,715,-212
121000141,227,184,43
121000142,633,968,-335
121000143,154,36,118
121000144,1174,2060,-886
121000145,631,1020,-389
121000146,1724,1282,442
121000147,1236,589,647
121000148,1100,1126,-26
121000149,2481,1418,1063
121000152,424,514,-90
121000153,2098,630,1468
121000154,1334,664,670
121000155,2025,1037,988
121000156,494,1043,-549
121000157,966,1821,-855
121000158,342,404,-62
121000159,237,328,-91
121000160,345,345,0
121000161,271,354,-83
121000162,183,203,-20
121000165,1873,2308,-435
121000166,34,467,-433
121000168,445,270,175
121000169,101,144,-43
121000170,390,112,278
121000171,150,194,-44
121000172,742,625,117
121000173,1655,1408,247
121000174,423,565,-142
121000175,1210,400,810
121000176,454,366,88
121000177,929,658,271
121000178,109,61,48
121000179,70,81,-11
121000181,475,391,84
121000182,245,302,-57
121000183,77,180,-103
121000184,75,228,-153
121000185,75,297,-222
121000186,267,1004,-737
121000187,288,189,99
121000188,244,181,63
121000192,1197,499,698
121000193,718,564,154
121000194,2428,2388,40
121000195,292,995,-703
121000196,397,244,153
121000197,309,918,-609
121000198,300,232,68
121000199,210,352,-142
121000200,900,133,767
121000201,6,201,-195
121000202,204,6,198
121000203,878,1846,-968
121000204,3306,776,2530
121000205,217,264,-47
121000206,379,58,321
121000207,2378,466,1912
121000208,10,257,-247
121000209,448,217,231
121000210,758,368,390
121000211,367,173,194
121000212,523,577,-54
121000213,10887,3152,7735
121000214,1120,2315,-1195
121000215,1135,1231,-96
121000216,691,703,-12
121000217,5056,2824,2232
121000218,447,1839,-1392
121000219,1630,457,1173
121000220,238,128,110
121000221,177,305,-128
121000222,2605,3064,-459
121000223,405,457,-52
121000224,374,412,-38
121000225,855,2265,-1410
121000226,2054,1298,756
121000227,19,150,-131
121000228,20,514,-494
121000229,419,294,125
121000230,66,1451,-1385
121000231,1319,20,1299
121000232,402,345,57
121000233,602,336,266
121000234,26,59,-33
121000235,89,78,11
121000236,16,67,-51
121000237,65,30,35
121000238,8,79,-71
121000239,60,13,47
121000240,5,154,-149
121000241,82,24,58
121000242,99,399,-300
121000243,715,212,503
121000244,23,84,-61
121000245,101,47,54
121000246,13,122,-109
121000247,125,4,121
121000248,1365,632,733
121000249,120,372,-252
121000250,617,314,303
121000251,24,339,-315
121000252,129,97,32
121000253,293,285,8
121000254,617,234,383
121000255,136,299,-163
121000256,387,231,156
121000257,37,88,-51
121000258,131,111,20
121000259,59,81,-22
121000260,78,161,-83
121000261,87,118,-31
121000262,1094,759,335
121000263,444,443,1
121000271,398,1493,-1095
121000273,27,9,18
121000274,7,41,-34
121000275,5,6,-1
121000276,7,29,-22
121000278,34,54,-20
121000279,36,24,12
121000280,26,57,-31
121000289,284,31,253
121000290,1241,913,328
121000294,173,114,59
121000297,768,1264,-496
121000299,104,668,-564
121000300,1160,656,504
121000302,73,1275,-1202
121000303,447,303,144
121000304,602,63,539
121000305,198,47,151
121000306,138,139,-1
121000308,140,341,-201
121000309,358,589,-231
121000310,116,334,-218
121000311,86,772,-686
121000312,488,376,112
121000313,436,492,-56
121000314,104,121,-17
121000315,54,128,-74
121000530,1991,1390,601
121000531,1730,1520,210
121000532,7597,8434,-837
121000533,3711,3712,-1
121000918,89,140,-51
121000919,69,96,-27
121000938,111,170,-59
121000939,106,196,-90
121000956,1746,1030,716
121000957,2,23,-21
121000958,34,90,-56
121000959,885,694,191
121000960,1535,1712,-177
121000961,289,122,167
121000962,315,410,-95
121000973,4,206,-202
121000976,12,268,-256
121000979,588,196,392
121000981,485,218,267
121000982,363,181,182
121000983,389,319,70
121000984,35,98,-63
121000985,813,493,320
121000986,492,156,336
121000987,273,856,-583
121000988,919,136,783
121001302,284,128,156
121001308,7,28,-21
121001309,63,125,-62
121001313,197,190,7
121001314,1979,2675,-696
121001315,5124,2941,2183
121900001,130,223,-93
121900002,38,33,5
121900003,521,44,477
121900004,145,462,-317
121900005,40,15,25
121900006,87,45,42
121900007,2376,2276,100
121900008,1709,1383,326
121900009,845,16,829
121900010,258,6,252
121900011,349,425,-76
121900012,29,0,29
121900013,1173,83,1090
121900014,1566,348,1218
121900015,235,199,36
121900016,2,18,-16
121900017,431,557,-126
121900018,415,12,403
121900019,499,275,224
121900020,22,1,21
121900021,1070,19,1051
121900022,242,229,13
121900023,167,456,-289
121900024,398,83,315
121900025,753,475,278
121900026,394,53,341
121900027,478,235,243
121900028,314,13,301
121900029,166,273,-107
121900030,603,574,29
121900031,1056,7364,-6308
121900032,150,102,48
121900033,196,311,-115
121900034,384,87,297
121900035,3397,2594,803
121900036,109,313,-204
121900037,270,1272,-1002
121900038,54,131,-77
121900039,413,61,352
121900040,87,162,-75
121900041,129,220,-91
121900042,502,194,308
121900043,5,9,-4
121900044,119,58,61
121900046,294,373,-79
121900047,253,81,172
121900048,65,126,-61
121900050,46,82,-36
121900051,211,159,52
121900052,192,45,147
121900053,514,346,168
121900054,453,968,-515
121900055,12,21,-9
121900058,327,189,138
121900059,508,190,318
121900060,170,439,-269
121900061,251,217,34
121900062,162,146,16
121900063,2262,511,1751
121900064,333,610,-277
121900066,69,43,26
121900067,89,86,3
121900069,178,152,26
121900070,380,140,240
121900071,340,255,85
121900072,56,120,-64
121900073,285,275,10
121900074,1006,1213,-207
121900075,497,671,-174
121900076,442,708,-266
121900077,35,44,-9
121900078,132,70,62
121900079,0,2,-2
121900080,1047,472,575
121900082,45,108,-63
121900084,24,101,-77
121900085,4,10,-6
121900086,23,103,-80
121900087,231,103,128
121900088,2308,3684,-1376
121900089,238,253,-15
121900090,30,79,-49
121900091,82,84,-2
121900092,118,213,-95
121900093,82,115,-33
121900094,20,8,12
121900095,325,197,128
121900096,1397,918,479
121900097,731,213,518
121900098,7,8,-1
121900099,258,64,194
121900100,227,568,-341
121900101,198,171,27
121900102,2,122,-120
121900103,542,322,220
121900104,1818,276,1542
121900105,360,222,138
121900106,11,13,-2
121900107,61,32,29
121900108,4,33,-29
121900109,278,167,111
121900110,640,746,-106
121900111,722,365,357
121900112,181,220,-39
121900113,72,431,-359
121900114,110,84,26
121900115,229,378,-149
121900117,266,206,60
121900118,1927,609,1318
121900119,158,101,57
121900120,75,1308,-1233
121900121,504,53,451
121900122,54,71,-17
121900123,304,419,-115
121900124,115,169,-54
121900125,2811,1120,1691
121900127,47,105,-58
121900128,150,118,32
121900129,598,227,371
121900130,106,240,-134
121900131,253,111,142
121900132,63,104,-41
121900133,67,1177,-1110
121900134,36,198,-162
121900135,4094,510,3584
121900136,317,390,-73
121900137,92,419,-327
121900138,112,286,-174
121900139,365,756,-391
121900140,81,170,-89
121900141,63,63,0
121900142,207,151,56
121900143,29,136,-107
121900144,164,276,-112
121900145,285,390,-105
121900146,717,754,-37
121900147,63,189,-126
121900148,164,388,-224
121900149,388,646,-258
121900150,71,155,-84
121900151,84,232,-148
121900152,121,162,-41
121900153,125,934,-809
121900154,15,219,-204
121900155,11,335,-324
121900156,305,168,137
121900157,3,357,-354
121900158,84,122,-38
121900159,0,186,-186
121900160,10,196,-186
121900161,361,355,6
121900162,64,155,-91
121900163,312,446,-134
121900164,348,232,116
121900165,309,191,118
121900166,157,157,0
121900167,99,145,-46
121900168,119,168,-49
121900169,5,202,-197
121900170,25,207,-182
121900171,1013,711,302
121900172,622,240,382
121900173,1086,251,835
121900174,41,76,-35
121900175,190,448,-258
121900176,562,1398,-836
121900177,241,95,146
121900179,501,230,271
121900180,3680,5361,-1681
121900182,726,328,398
121900183,646,1621,-975
121900184,88,774,-686
121900186,5,405,-400
121900187,48,192,-144
121900188,836,350,486
121900189,54,99,-45
121900190,294,435,-141
121900191,170,229,-59
121900192,365,772,-407
121900194,13,343,-330
121900195,88,108,-20
121900196,991,1084,-93
121900197,330,1314,-984
121900198,1249,1033,216
121900199,2,29,-27
121900200,41,271,-230
121900201,1103,875,228
121900202,155,858,-703
121900203,309,1182,-873
121900204,908,1305,-397
121900205,239,177,62
121900206,24,94,-70
121900207,172,51,121
121900208,146,292,-146
121900209,127,27,100
121900210,1488,989,499
121900211,19,126,-107
121900212,171,117,54
121900213,217,69,148
121900214,15,559,-544
121900215,49,117,-68
121900216,40,362,-322
121900217,317,204,113
121900218,201,395,-194
121900219,286,108,178
121900220,143,22,121
121900221,274,653,-379
121900222,175,151,24
121900223,210,72,138
121900224,142,70,72
121900225,129,160,-31
121900226,388,910,-522
121900227,253,573,-320
121900228,206,298,-92
121900229,426,335,91
121900230,88,556,-468
121900231,442,3896,-3454
121900232,294,470,-176
121900233,250,266,-16
121900234,456,242,214
121900235,653,140,513
121900236,398,178,220
121900237,222,369,-147
121900238,178,310,-132
121900239,243,46,197
121900240,306,158,148
121900241,52,54,-2
121900242,9,0,9
121900243,21,1,20
121900244,48,6,42
121900245,292,62,230
121900246,2901,410,2491
121900247,308,297,11
121900248,1403,1446,-43
121900250,282,311,-29
121900251,542,54,488
121900252,660,152,508
121900253,126,862,-736
121900254,469,301,168
121900255,436,129,307
121900258,4202,2166,2036
121900259,311,604,-293
121900260,192,138,54
121900261,183,533,-350
121900262,382,991,-609
121900263,359,261,98
121900264,1808,1461,347
121900265,350,239,111
121900266,544,134,410
121900267,57,61,-4
121900269,356,814,-458
121900270,36,228,-192
121900271,58,173,-115
121900273,496,2090,-1594
121900274,428,231,197
121900276,854,160,694
121900277,731,1557,-826
121900278,149,1264,-1115
121900279,171,196,-25
121900280,197,406,-209
121900281,484,931,-447
121900284,137,6,131
121900286,207,87,120
121900287,16,22,-6
121900290,358,523,-165
121900291,418,746,-328
121900292,156,154,2
121900293,974,2699,-1725
121900294,312,7,305
121900295,189,225,-36
121900296,42,380,-338
121900298,317,882,-565
121900299,0,7,-7
121900300,134,9,125
121900301,41,5,36
121900302,4,55,-51
121900303,296,599,-303
121900304,3,11,-8
121900305,3,8,-5
121900306,242,1,241
121900307,80,29,51
121900308,50,247,-197
121900309,10,172,-162
121900310,7,345,-338
121900311,565,23,542
121900312,493,12,481
121900313,448,24,424
121900314,5,60,-55
121900315,26,2,24
121900316,1,9,-8
121900317,24,12,12
121900318,1,13,-12
121900319,43,167,-124
121900320,30,30,0
121900321,30,3,27
121900322,0,22,-22
121900323,17,31,-14
121900324,6,49,-43
121900325,16,6,10
121900326,4,23,-19
121900327,3,54,-51
121900328,0,37,-37
121900329,0,111,-111
121900330,2,75,-73
121900331,69,62,7
121900332,104,27,77
122000001,2145,5222,-3077
122000002,3714,1633,2081
122000003,2023,2996,-973
122000004,2983,1887,1096
122000005,2796,2280,516
122000006,1773,1160,613
122000007,1106,1720,-614
122000008,3037,4831,-1794
122000009,506,469,37
122000010,2372,3323,-951
122000011,3565,1639,1926
122000012,1028,1832,-804
122000013,1362,1128,234
122000014,2132,1188,944
122000015,1668,1224,444
122000016,598,941,-343
122000017,1382,1214,168
122000018,1671,1605,66
122000019,960,1189,-229
122000020,212,265,-53
122000021,348,553,-205
122000022,1241,1104,137
122000023,811,2110,-1299
122000024,635,1599,-964
122000025,852,2205,-1353
122000026,836,1364,-528
122000027,725,1751,-1026
122000028,1045,546,499
122000029,549,563,-14
122000030,288,186,102
122000031,233,288,-55
122000032,1886,1929,-43
122000033,771,1464,-693
122000034,738,799,-61
122000035,401,760,-359
122000036,689,537,152
122000037,472,328,144
122000038,280,374,-94
122000039,615,430,185
122000040,254,300,-46
122000041,500,599,-99
122000042,419,476,-57
122000043,124,123,1
122000044,128,137,-9
122000045,1229,583,646
122000046,902,781,121
122000047,218,257,-39
122000048,3847,4843,-996
122000049,6523,3924,2599
122000050,1515,841,674
122000051,342,362,-20
122000052,526,449,77
122000053,197,936,-739
122000054,2444,2156,288
122000055,2097,3273,-1176
122000056,4831,3651,1180
122000057,3331,3988,-657
122000058,1970,1727,243
122000059,2510,1987,523
122000060,548,773,-225
122000061,436,572,-136
122000062,813,346,467
122000063,1114,862,252
122000064,3356,3447,-91
122000065,3371,2678,693
122000066,1109,1024,85
122000067,1591,1197,394
122000068,1801,1109,692
122000069,795,731,64
122000070,945,1487,-542
122000071,2081,1298,783
122000072,396,471,-75
122000073,328,830,-502
122000074,3098,1738,1360
122000075,934,1204,-270
122000076,3112,1447,1665
122000077,1097,1087,10
122000078,1612,3017,-1405
122000079,883,1491,-608
122000080,690,429,261
122000081,176,257,-81
122000082,537,1062,-525
122000083,2322,1703,619
122000084,1939,1099,840
122000085,332,1178,-846
122000086,2456,6022,-3566
122000087,467,454,13
122000088,406,547,-141
122000089,4930,2740,2190
122000090,279,693,-414
122000091,179,134,45
122000092,114,41,73
122000093,1799,2531,-732
122000094,5868,3355,2513
122000095,2290,4965,-2675
122000096,1929,1979,-50
122000098,3434,3077,357
122000099,1676,892,784
122000100,974,784,190
122000101,439,707,-268
122000102,2272,1243,1029
122000103,2062,1693,369
122000104,572,185,387
122000105,620,297,323
122000106,527,688,-161
122000107,1168,591,577
122000108,518,776,-258
122000109,452,297,155
122000110,545,528,17
122000111,2962,1434,1528
122000112,1101,1394,-293
122000113,731,633,98
122000114,2806,1826,980
122000115,2027,1407,620
122000116,460,640,-180
122000117,1457,516,941
122000118,727,884,-157
122000119,3763,2927,836
122000120,2354,5164,-2810
122000121,2326,3440,-1114
122000122,753,1917,-1164
122000123,1839,1785,54
122000124,1109,558,551
122000125,731,865,-134
122000126,617,1262,-645
122000127,1021,1313,-292
122000128,467,890,-423
122000129,574,1319,-745
122000130,3728,1707,2021
122000131,1814,1287,527
122000132,700,691,9
122000133,1171,1685,-514
122000134,1078,893,185
122000135,693,791,-98
122000136,924,689,235
122000137,2533,898,1635
122000139,1342,4108,-2766
122000140,704,650,54
122000141,4482,1286,3196
122000142,350,1083,-733
122000143,536,763,-227
122000144,1789,1259,530
122000145,1638,1077,561
122000146,847,1603,-756
122000147,695,549,146
122000148,1484,2284,-800
122000149,2356,1643,713
122000150,1294,1106,188
122000151,187,425,-238
122000152,442,443,-1
122000153,480,334,146
122000154,271,230,41
122000155,1593,2551,-958
122000156,2889,3100,-211
122000157,1249,2981,-1732
122000158,359,876,-517
122000159,826,1960,-1134
122000160,4366,3116,1250
122000161,1621,1338,283
122000162,2479,2028,451
122000163,286,102,184
122000164,48,78,-30
122000165,776,739,37
122000166,840,1266,-426
122000167,302,299,3
122000168,220,604,-384
122000169,369,219,150
122000170,373,312,61
122000171,77,111,-34
122000172,2045,1591,454
122000173,1737,2552,-815
122000174,2359,1180,1179
122000175,873,307,566
122000176,371,879,-508
122000177,1591,1573,18
122000178,3383,2679,704
122000179,1871,2592,-721
122000180,2032,1509,523
122000181,1715,3370,-1655
122000182,2310,2048,262
122000183,2401,1144,1257
122000184,3709,2982,727
122000185,1675,2222,-547
122000186,589,905,-316
122000187,2012,1035,977
122000188,513,289,224
122000189,314,311,3
122000190,1016,1256,-240
122000191,953,867,86
122000192,1317,365,952
122000193,520,929,-409
122000194,565,183,382
122000195,205,538,-333
122000196,1372,718,654
122000197,551,778,-227
122000198,546,1088,-542
122000199,410,393,17
122000200,1004,628,376
122000201,1401,1789,-388
122000202,1440,1929,-489
122000203,2719,1438,1281
122000204,1429,1950,-521
122000205,1275,1561,-286
122000206,2790,1160,1630
122000207,1863,1736,127
122000208,2467,1522,945
122000209,1880,380,1500
122000210,2207,1775,432
122000211,1612,1545,67
122000212,882,586,296
122000213,1181,1395,-214
122000214,2277,1856,421
122000215,2434,1754,680
122000217,2054,1577,477
122000218,957,81,876
122000219,1206,1004,202
122000220,467,839,-372
122000221,102,488,-386
122000222,611,145,466
122000223,1296,651,645
122000225,899,291,608
122000226,1670,1998,-328
122000227,289,2372,-2083
122000228,372,386,-14
122000229,34,538,-504
122000230,115,565,-450
122000231,492,762,-270
122000232,744,725,19
122000233,1,95,-94
122000234,405,64,341
122000235,703,136,567
122000236,1284,81,1203
122000237,159,109,50
122000238,528,351,177
122000239,830,235,595
122000240,1268,794,474
122000241,756,486,270
122000242,760,173,587
122000243,9,25,-16
122000244,9,322,-313
122000245,19,69,-50
122000246,81,162,-81
122000247,742,361,381
122000248,1079,1638,-559
122000249,1195,1043,152
122000250,2711,1108,1603
122000251,288,444,-156
122000252,555,169,386
122000253,71,253,-182
122000254,284,125,159
122000255,844,1432,-588
122000256,378,787,-409
122000257,216,269,-53
122000258,338,259,79
122000259,11,501,-490
122000260,5,49,-44
122000261,25,188,-163
122000262,0,51,-51
122000263,591,172,419
122000264,1728,341,1387
122000265,2765,994,1771
122000266,4727,678,4049
122000267,198,130,68
122000268,180,348,-168
122000269,1097,386,711
122000270,589,232,357
122000271,300,1029,-729
122000272,391,823,-432
122000273,455,382,73
122000274,301,240,61
122000275,84,217,-133
122000276,882,601,281
122000277,1357,1627,-270
122000278,2026,623,1403
122000279,367,430,-63
122000280,966,742,224
122000281,1156,803,353
122000282,232,573,-341
122000283,289,209,80
122000284,208,56,152
122000285,318,99,219
122000286,82,206,-124
122000287,1579,1484,95
122000288,512,266,246
122000291,2275,800,1475
122000293,240,294,-54
122000294,160,281,-121
122000295,1362,165,1197
122000296,30,466,-436
122000297,2512,3492,-980
122000299,711,430,281
122000300,524,682,-158
122000301,8565,3220,5345
122000302,584,1764,-1180
122000303,2862,1386,1476
122000304,65,269,-204
122000305,1442,295,1147
122000306,25,522,-497
122000307,155,110,45
122000309,82,36,46
122000310,19,98,-79
122000311,143,120,23
122000312,124,168,-44
122000313,70,99,-29
122000314,183,268,-85
122000315,313,55,258
122000316,1088,241,847
122000317,1871,313,1558
122000318,353,1015,-662
122000319,222,345,-123
122000320,334,1170,-836
122000321,122,156,-34
122000322,2015,2181,-166
122000323,1315,2365,-1050
122000324,1187,1423,-236
122000325,1059,2003,-944
122000326,152,84,68
122000327,603,1050,-447
122000328,989,674,315
122000330,2304,1203,1101
122000332,257,441,-184
122000333,5,81,-76
122000337,1227,1293,-66
122000338,644,462,182
122000340,344,728,-384
122000342,1375,995,380
122000343,334,543,-209
122000344,46,10,36
122000345,78,35,43
122000346,446,348,98
122000348,951,738,213
122000349,136,726,-590
122000351,156,188,-32
122000352,316,207,109
122000353,131,72,59
122000355,118,418,-300
122000356,1117,1423,-306
122000357,95,34,61
122000358,1,42,-41
122000359,0,23,-23
122000360,0,41,-41
122000362,6,78,-72
122000364,192,334,-142
122000365,1,38,-37
122000366,9,11,-2
122000368,405,731,-326
122000370,24,38,-14
122000371,29,0,29
122000372,18,3,15
122000381,130,367,-237
122000382,92,239,-147
122000384,2304,1145,1159
122000385,79,0,79
122000386,324,1712,-1388
122000387,564,748,-184
122000388,1573,773,800
122000389,187,736,-549
122000390,368,297,71
122000391,338,402,-64
122000392,172,194,-22
122000393,53,127,-74
122000394,674,234,440
122000395,167,125,42
122000396,224,89,135
122000397,33,52,-19
122000398,18,71,-53
122000399,164,87,77
122000400,107,625,-518
122000401,155,52,103
122000402,417,140,277
122000403,559,671,-112
122000404,233,233,0
122000408,975,1357,-382
122000503,19,112,-93
122000524,215,204,11
122000544,129,2163,-2034
122000616,466,7,459
122000640,100,146,-46
122000641,142,348,-206
122000642,1268,867,401
122000643,69,287,-218
122000644,200,116,84
122000645,103,198,-95
122000651,1250,1005,245
122000664,162,40,122
122000665,1465,551,914
122000666,818,1235,-417
122000673,51,191,-140
122000674,230,102,128
122000675,1934,730,1204
122000686,360,991,-631
122000687,1516,300,1216
122000688,399,478,-79
122000689,1050,381,669
122000690,2438,491,1947
122000691,858,1357,-499
122000692,1804,343,1461
122000693,416,1503,-1087
122000695,430,318,112
122000696,541,310,231
122000698,440,450,-10
122000699,207,121,86
122000701,1612,335,1277
122000702,479,1049,-570
122000703,235,75,160
122000717,99,62,37
122000718,380,866,-486
122000719,121,101,20
122000720,496,185,311
122900001,63,13,50
122900002,1124,5999,-4875
122900003,472,53,419
122900004,2111,91,2020
122900005,122,166,-44
122900006,597,1236,-639
122900007,104,117,-13
122900008,443,202,241
122900009,942,508,434
122900010,289,156,133
122900012,232,491,-259
122900014,157,228,-71
122900015,1693,1291,402
122900016,144,301,-157
122900017,375,929,-554
122900018,225,22,203
122900019,3,102,-99
122900020,194,573,-379
122900021,34,534,-500
122900022,980,760,220
122900023,595,244,351
122900024,164,92,72
122900025,16,461,-445
122900026,45,260,-215
122900027,66,637,-571
122900028,118,133,-15
122900029,4452,3022,1430
122900030,1088,594,494
122900031,57,370,-313
122900032,192,406,-214
122900033,216,195,21
122900034,4331,5153,-822
122900035,97,60,37
122900036,97,116,-19
122900037,369,198,171
122900038,135,3350,-3215
122900039,91,569,-478
122900040,232,585,-353
122900041,256,508,-252
122900042,201,294,-93
122900043,351,236,115
122900044,120,334,-214
122900045,122,125,-3
122900046,160,366,-206
122900047,115,241,-126
122900048,74,263,-189
122900049,1261,167,1094
122900051,106,152,-46
122900052,138,168,-30
122900053,41,33,8
122900055,394,106,288
122900057,254,67,187
122900061,485,189,296
122900062,597,640,-43
122900063,250,236,14
122900064,912,513,399
122900065,636,231,405
122900066,803,293,510
122900067,990,665,325
122900068,148,323,-175
122900069,354,1310,-956
122900070,369,45,324
122900071,103,321,-218
122900072,9,447,-438
122900073,25,177,-152
122900074,1056,510,546
122900075,0,47,-47
122900076,9,230,-221
122900077,0,135,-135
122900078,260,72,188
122900080,41,49,-8
122900081,216,163,53
122900082,1056,244,812
122900083,138,146,-8
122900084,16,171,-155
122900086,33,120,-87
122900087,296,429,-133
122900088,33,199,-166
122900089,93,227,-134
122900090,24,368,-344
122900091,330,2,328
122900092,0,154,-154
122900093,0,175,-175
122900094,1,146,-145
122900095,213,9,204
122900096,423,120,303
122900097,34,50,-16
122900098,48,126,-78
122900099,58,19,39
122900100,235,468,-233
122900101,566,252,314
122900102,13,37,-24
122900103,73,7,66
122900104,191,8,183
122900105,30,11,19
122900106,5,47,-42
122900107,4,106,-102
122900108,3,81,-78
123000001,1229,428,801
123000002,3656,5921,-2265
123000003,4661,4490,171
123000004,3157,4065,-908
123000005,3143,3131,12
123000006,2510,2610,-100
123000007,4115,2789,1326
123000008,3106,3075,31
123000009,4927,3248,1679
123000010,3248,3684,-436
123000011,2336,1025,1311
123000012,764,2234,-1470
123000013,4095,940,3155
123000014,777,3643,-2866
123000015,3632,1286,2346
123000016,4435,5253,-818
123000017,3880,1971,1909
123000018,121,94,27
123000019,524,150,374
123000020,288,63,225
123000021,167,193,-26
123000022,346,1574,-1228
123000023,2021,2245,-224
123000024,1711,760,951
123000025,75,107,-32
123000026,6,98,-92
123000027,86,623,-537
123000028,1030,1222,-192
123000029,481,1580,-1099
123000030,285,244,41
123000031,467,230,237
123000032,578,114,464
123000033,213,58,155
123000034,1110,692,418
123000035,633,497,136
123000036,346,1035,-689
123000037,388,344,44
123000038,184,241,-57
123000039,726,1813,-1087
123000040,655,325,330
123000041,1069,1247,-178
123000042,623,692,-69
123000043,3230,12075,-8845
123000044,4122,2813,1309
123000045,6751,3379,3372
123000046,724,1844,-1120
123000047,1965,1104,861
123000048,121,1073,-952
123000049,7167,11746,-4579
123000050,1934,1784,150
123000051,87,225,-138
123000052,887,3894,-3007
123000053,3139,3376,-237
123000054,1738,2242,-504
123000055,1847,3843,-1996
123000056,1083,1714,-631
123000057,10069,7970,2099
123000058,660,1189,-529
123000059,410,576,-166
123000060,1110,445,665
123000061,265,714,-449
123000063,1061,1037,24
123000064,1415,260,1155
123000065,4811,3539,1272
123000066,818,631,187
123000067,1215,662,553
123000068,2865,2882,-17
123000069,6661,3117,3544
123000070,306,645,-339
123000071,1665,935,730
123000072,1390,850,540
123000073,1751,881,870
123000074,1340,1059,281
123000075,474,1446,-972
123000076,842,700,142
123000077,2194,2381,-187
123000078,2131,1447,684
123000079,2053,2257,-204
123000080,2568,1843,725
123000081,177,347,-170
123000082,406,949,-543
123000083,1100,250,850
123000084,838,449,389
123000085,408,91,317
123000086,683,180,503
123000087,439,362,77
123000088,1370,772,598
123000089,705,1050,-345
123000090,1188,851,337
123000091,1743,1217,526
123000092,892,1126,-234
123000094,697,233,464
123000095,700,641,59
123000096,793,422,371
123000097,570,579,-9
123000098,689,529,160
123000099,610,595,15
123000100,528,780,-252
123000101,635,676,-41
123000102,542,734,-192
123000104,519,532,-13
123000105,630,543,87
123000106,567,538,29
123000107,407,525,-118
123000108,740,1160,-420
123000111,1189,383,806
123000112,1592,516,1076
123000113,611,1123,-512
123000114,382,545,-163
123000115,390,366,24
123000116,48,133,-85
123000117,1923,1761,162
123000118,573,780,-207
123000119,311,733,-422
123000120,354,746,-392
123000121,611,501,110
123000122,343,274,69
123000123,556,553,3
123000124,437,508,-71
123000125,1478,1363,115
123000126,1286,5010,-3724
123000127,715,645,70
123000128,402,337,65
123000129,1002,237,765
123000130,836,119,717
123000131,1191,753,438
123000132,327,606,-279
123000133,276,376,-100
123000134,420,173,247
123000135,2850,1284,1566
123000136,242,639,-397
123000137,142,267,-125
123000138,77,372,-295
123000139,738,111,627
123000140,119,732,-613
123000141,961,143,818
123000142,994,894,100
123000143,884,1769,-885
123000144,46,51,-5
123000145,200,328,-128
123000146,50,98,-48
123000147,96,115,-19
123000149,347,425,-78
123000150,164,289,-125
123000151,221,539,-318
123000152,133,513,-380
123000153,279,924,-645
123000154,1664,2130,-466
123000155,2117,1381,736
123000156,29,118,-89
123000157,610,885,-275
123000158,639,829,-190
123000159,3615,3254,361
123000160,968,973,-5
123000161,1914,1283,631
123000162,1257,1710,-453
123000163,666,174,492
123000164,1940,362,1578
123000165,490,1364,-874
123000166,47,135,-88
123000167,198,277,-79
123000168,322,219,103
123000169,1080,150,930
123000170,100,154,-54
123000171,909,10,899
123000172,185,534,-349
123000173,744,387,357
123000174,1346,448,898
123000175,470,1169,-699
123000176,1287,327,960
123000177,317,992,-675
123000178,965,223,742
123000179,68,529,-461
123000180,1997,339,1658
123000181,286,1043,-757
123000182,310,367,-57
123000183,191,436,-245
123000184,86,470,-384
123000185,1022,316,706
123000186,1,456,-455
123000187,722,8,714
123000188,207,3,204
123000189,232,154,78
123000190,92,89,3
123000192,27,419,-392
123000193,92,781,-689
123000194,447,268,179
123000195,433,38,395
123000196,383,21,362
123000197,63,96,-33
123000198,34,645,-611
123000199,25,708,-683
123000200,614,8,606
123000201,1331,23,1308
123000202,10,891,-881
123000203,1172,70,1102
123000204,60,897,-837
123000205,510,1314,-804
123000206,2648,261,2387
123000207,76,707,-631
123000208,647,248,399
123000209,2695,642,2053
123000210,468,1656,-1188
123000211,548,2214,-1666
123000212,4003,615,3388
123000213,761,98,663
123000215,96,289,-193
123000216,252,1301,-1049
123000217,251,34,217
123000218,55,812,-757
123000219,828,79,749
123000220,572,146,426
123000221,171,101,70
123000222,483,406,77
123000223,565,289,276
123000224,465,370,95
123000225,348,75,273
123000226,93,342,-249
123000227,80,310,-230
123000228,335,74,261
123000229,965,1321,-356
123000232,104,507,-403
123000233,920,186,734
123000234,186,527,-341
123000235,1385,342,1043
123000236,374,677,-303
123000237,417,117,300
123000238,85,431,-346
123000239,489,1271,-782
123000240,72,584,-512
123000241,429,124,305
123000242,292,182,110
123000243,754,915,-161
123000244,882,807,75
123000245,67,130,-63
123000249,1473,536,937
123000252,1137,320,817
123000253,1544,569,975
123000254,751,857,-106
123000255,1234,985,249
123000256,38,261,-223
123000257,2629,1857,772
123000258,999,728,271
123000259,411,403,8
123000260,651,437,214
123000261,288,195,93
123000262,85,131,-46
123000263,481,94,387
123000264,233,134,99
123000265,53,125,-72
123000266,574,711,-137
123000267,864,423,441
123000268,63,41,22
123000269,41,101,-60
123000270,40,81,-41
123000271,44,67,-23
123000272,874,328,546
123000273,362,820,-458
123000274,1321,680,641
123000275,355,723,-368
123000278,2532,2731,-199
123000279,112,105,7
123000280,327,291,36
123000281,323,129,194
123000282,121,271,-150
123000283,135,77,58
123000284,76,81,-5
123000286,219,449,-230
123000287,422,296,126
123000288,1652,1135,517
123000289,422,1386,-964
123000291,242,989,-747
123000294,172,287,-115
123000295,1049,1071,-22
123000296,662,513,149
123000297,353,334,19
123000298,417,274,143
123000299,27,146,-119
123000300,1219,934,285
123000301,139,298,-159
123000302,153,126,27
123000303,149,224,-75
123000305,966,806,160
123000306,193,101,92
123000309,54,78,-24
123000310,47,52,-5
123000311,0,74,-74
123000312,405,689,-284
123000313,662,279,383
123000315,353,307,46
123000316,954,74,880
123000317,241,88,153
123000318,48,189,-141
123000329,23,27,-4
123000337,962,454,508
123000338,334,112,222
123000339,302,100,202
123000340,123,366,-243
123000342,15,26,-11
123000343,53,16,37
123000344,1115,448,667
123000345,359,654,-295
123000346,492,45,447
123000352,1161,976,185
123000353,39,76,-37
123000354,278,24,254
123000355,0,263,-263
123000356,465,12,453
123000357,3,118,-115
123000359,3,156,-153
123000360,236,77,159
123000361,236,337,-101
123000362,572,109,463
123000363,144,174,-30
123000364,636,552,84
123000365,20,403,-383
123000366,518,2340,-1822
123000367,341,951,-610
123000370,21,265,-244
123000371,669,66,603
123000372,429,32,397
123000373,6,416,-410
123000374,7,164,-157
123000375,409,48,361
123000376,1145,737,408
123000377,525,19,506
123000378,19,219,-200
123000379,1,233,-232
123000380,62,519,-457
123000381,188,104,84
123000382,1071,157,914
123000383,188,1408,-1220
123000384,563,92,471
123000385,189,555,-366
123000436,44,1288,-1244
123000507,112,186,-74
123000508,160,1295,-1135
123000517,301,43,258
123000518,31,195,-164
123000519,185,67,118
123000520,53,229,-176
123000521,410,105,305
123000522,137,315,-178
123000541,11,4,7
123000542,0,14,-14
123000565,839,33,806
123000566,287,362,-75
123000567,115,162,-47
123000573,28,712,-684
123000574,820,64,756
123000575,1565,1108,457
123000576,1196,1277,-81
123000577,75,784,-709
123000578,526,94,432
123000579,1922,6679,-4757
123000580,125,50,75
123000582,489,32,457
123000583,19,333,-314
123000584,195,324,-129
123000585,2,88,-86
123000586,139,1,138
123000596,107,82,25
123000597,69,137,-68
123000602,59,7,52
123000603,998,501,497
123000604,486,589,-103
123000605,829,149,680
123000606,1,347,-346
123000609,22,372,-350
123000610,222,150,72
123000613,30,173,-143
123000614,396,74,322
123000615,54,117,-63
123000616,1063,71,992
123000617,106,314,-208
123000618,80,660,-580
123000619,597,43,554
123000620,25,424,-399
123000622,498,21,477
123000624,192,40,152
123000630,1382,423,959
123000631,225,796,-571
123000632,733,764,-31
123000633,1,196,-195
123000634,66,163,-97
123000635,97,96,1
123000636,46,464,-418
123000637,223,71,152
123000638,429,24,405
123000639,1085,5031,-3946
123000640,42,488,-446
123900001,1219,69,1150
123900002,19,1322,-1303
123900003,253,485,-232
123900005,300,212,88
123900006,320,48,272
124000001,2126,166,1960
124000002,77,1598,-1521
124000003,1057,149,908
124000004,88,465,-377
124000005,1329,568,761
124000006,228,805,-577
124000007,400,110,290
124000008,10,449,-439
124000009,623,203,420
124000010,263,335,-72
124000011,954,252,702
124000012,320,487,-167
124000017,237,150,87
124000018,165,57,108
124000019,161,131,30
124000020,77,139,-62
124000021,176,91,85
124000022,102,206,-104
124000023,1307,1695,-388
124000024,1054,391,663
124000025,1060,1993,-933
124000026,1103,971,132
124000027,5273,5854,-581
124000028,1935,4465,-2530
124000030,2568,1332,1236
124000031,1328,3759,-2431
124000032,2163,812,1351
124000033,183,245,-62
124000034,878,568,310
124000035,36,274,-238
124000036,73,151,-78
124000037,478,1271,-793
124000038,62,96,-34
124000039,1011,560,451
124000040,511,1302,-791
124000041,485,77,408
124000042,92,458,-366
124000043,93,55,38
124000044,28,204,-176
124000045,966,497,469
124000046,332,605,-273
124000047,2050,792,1258
124000048,972,1239,-267
124000049,1989,616,1373
124000050,928,1436,-508
124000051,1127,537,590
124000052,650,846,-196
124000053,708,1753,-1045
124000054,898,455,443
124000055,1687,3078,-1391
124000056,2185,1287,898
124000057,1059,614,445
124000058,433,1020,-587
124000059,877,1417,-540
124000060,1117,572,545
124000061,1450,5969,-4519
124000062,3277,1757,1520
124000063,1151,1514,-363
124000064,2058,1239,819
124000065,10,401,-391
124000066,50,46,4
124000067,225,159,66
124000068,17,18,-1
124000069,203,11,192
124000070,54,130,-76
124000071,141,89,52
124000072,135,398,-263
124000073,1061,151,910
124000074,206,667,-461
124000075,484,24,460
124000076,2,153,-151
124000077,1227,1181,46
124000078,2507,1319,1188
124000079,372,1746,-1374
124000080,526,226,300
124000081,329,556,-227
124000082,91,170,-79
124000083,71,127,-56
124000084,47,385,-338
124000085,109,35,74
124000086,67,104,-37
124000087,179,136,43
124000088,473,626,-153
124000089,1001,518,483
124000090,125,255,-130
124000091,436,47,389
124000092,68,346,-278
124000093,111,97,14
124000094,233,592,-359
124000095,148,48,100
124000096,124,274,-150
124000097,140,109,31
124000098,65,82,-17
124000099,143,75,68
124000100,92,92,0
124000101,122,141,-19
124000102,66,64,2
124000103,126,107,19
124000104,50,27,23
124000105,163,103,60
124000106,135,43,92
124000107,19,218,-199
124000108,61,17,44
124000109,139,104,35
124000110,175,75,100
124000111,249,140,109
124000112,810,529,281
124000113,140,100,40
124000114,329,368,-39
124000115,346,706,-360
124000116,144,192,-48
124000117,67,84,-17
124000118,58,127,-69
124000119,1094,664,430
124000120,850,492,358
124000121,1272,754,518
124000122,609,1280,-671
124000123,1261,477,784
124000124,469,1027,-558
124000125,567,403,164
124000126,400,577,-177
124000127,1077,365,712
124000128,645,848,-203
124000129,2419,1621,798
124000130,821,562,259
124000131,990,686,304
124000132,820,741,79
124000133,1056,902,154
124000134,1224,591,633
124000135,2133,1973,160
124000136,1048,985,63
124000137,1600,1076,524
124000138,1902,1427,475
124000139,562,42,520
124000140,23,389,-366
124000141,150,19,131
124000142,8,163,-155
124000143,62,8,54
124000144,7,56,-49
124000145,128,49,79
124000146,17,90,-73
124000148,18,88,-70
124000149,1233,428,805
124000150,397,714,-317
124000151,687,222,465
124000152,692,1050,-358
124000153,779,666,113
124000154,431,681,-250
124000155,1233,710,523
124000156,1212,962,250
124000169,232,534,-302
124000170,503,429,74
124000171,328,274,54
124000172,418,503,-85
124000173,675,188,487
124000174,349,538,-189
124000175,12,175,-163
124000176,72,12,60
124000177,16,40,-24
124000178,77,87,-10
124000190,47,33,14
124000191,48,75,-27
124000192,1418,358,1060
124000193,320,982,-662
124000194,401,409,-8
124000195,311,580,-269
124000196,934,966,-32
124000197,40,45,-5
124000198,61,97,-36
124000201,272,983,-711
124000202,581,319,262
124000203,456,453,3
124000204,994,349,645
124000205,97,361,-264
124000206,845,295,550
124000207,1,45,-44
124000209,182,358,-176
124000210,703,220,483
124000211,843,3,840
124000212,2,389,-387
124000213,517,260,257
124000214,463,446,17
124000215,419,24,395
124000216,3,327,-324
124000329,152,1265,-1113
124000338,136,617,-481
124000339,1357,95,1262
124000341,1685,69,1616
124000344,39,7,32
124000357,1334,2367,-1033
124000358,996,1394,-398
124000359,1550,782,768
124000360,1168,486,682
124000361,1895,834,1061
124000362,1041,1386,-345
124000363,311,382,-71
124000364,557,949,-392
124000365,577,1018,-441
124000366,1287,824,463
124000367,93,433,-340
124000368,370,371,-1
124000369,203,91,112
124000370,87,473,-386
124000402,35,27,8
124000403,169,18,151
124000404,36,88,-52
124000405,1262,762,500
124000406,858,823,35
124000407,4,17,-13
124000411,10,316,-306
124000412,463,9,454
124000413,131,55,76
124000414,97,101,-4
124000415,78,97,-19
124000416,150,153,-3
124000417,209,84,125
124000418,240,70,170
124000419,91,111,-20
124000420,98,55,43
124000421,66,107,-41
124000422,26,18,8
124000423,190,49,141
124000424,9,50,-41
124000425,50,23,27
124000426,3,42,-39
124000427,52,5,47
124000428,1,73,-72
124000429,104,47,57
124000430,744,546,198
124000431,344,733,-389
124000432,233,575,-342
124000439,12,6,6
124000442,16,68,-52
124000443,0,7,-7
124000445,89,525,-436
124000446,561,78,483
124900001,559,391,168
124900002,203,283,-80
124900003,1153,444,709
124900004,714,266,448
124900005,314,134,180
124900006,744,206,538
124900008,1167,499,668
124900009,261,524,-263
124900010,347,201,146
124900011,1007,280,727
124900012,873,153,720
124900013,423,108,315
124900014,313,51,262
124900015,217,559,-342
124900016,70,154,-84
124900017,571,1746,-1175
124900018,55,9,46
124900019,517,47,470
124900020,165,151,14
124900021,422,127,295
124900022,57,9,48
124900024,365,16,349
124900026,136,21,115
124900027,105,535,-430
124900028,586,157,429
124900029,16,482,-466
124900030,5,178,-173
124900031,69,405,-336
124900032,317,233,84
124900033,136,343,-207
124900034,13,114,-101
124900035,177,447,-270
124900036,1,99,-98
124900037,223,317,-94
124900038,300,229,71
124900039,5,205,-200
124900040,134,71,63
124900041,236,686,-450
124900042,238,2,236
124900043,426,694,-268
124900044,76,7,69
124900045,665,982,-317
124900046,1521,363,1158
124900047,122,207,-85
124900048,197,105,92
124900050,126,182,-56
124900052,125,705,-580
124900053,119,267,-148
124900054,1147,465,682
124900055,0,149,-149
124900057,14,49,-35
124900060,63,209,-146
124900061,122,8,114
124900062,194,21,173
124900066,0,16,-16
124900067,2,121,-119
124900068,383,1013,-630
124900069,126,178,-52
124900070,124,35,89
124900072,153,43,110
124900074,461,172,289
124900075,284,135,149
124900076,22,1158,-1136
124900077,38,98,-60
124900078,83,21,62
124900079,462,297,165
124900080,242,386,-144
124900081,953,259,694
124900082,310,473,-163
124900083,147,394,-247
124900084,1330,139,1191
124900085,780,550,230
124900086,101,1565,-1464
124900087,584,122,462
124900088,575,116,459
124900089,1146,39,1107
124900090,508,306,202
124900091,362,266,96
124900092,283,243,40
124900093,506,280,226
124900094,525,274,251
124900095,131,673,-542
124900096,665,388,277
124900097,458,78,380
124900098,229,377,-148
124900099,793,513,280
124900100,368,52,316
124900101,109,451,-342
124900102,293,25,268
124900103,108,204,-96
124900104,75,138,-63
124900105,116,112,4
124900106,555,107,448
124900107,132,27,105
124900108,185,92,93
124900109,105,114,-9
124900110,342,228,114
124900111,2,91,-89
124900112,90,734,-644
124900113,2,11,-9
124900114,6,8,-2
124900115,4,1,3
124900116,16,20,-4
124900117,4,7,-3
124900118,2,8,-6
124900119,11,8,3
124900120,0,23,-23
124900121,5,21,-16
124900122,5,20,-15
124900123,14,3,11
124900124,8,12,-4
129000186,156,62,94
204000001,29,5,24
204000002,14,2,12
204000003,24,6,18
204000004,6,3,3
204000005,659,434,225
204000006,1296,1118,178
204000008,943,618,325
204000011,25,46,-21
204000012,70,57,13
204000013,0,20,-20
204000019,680,439,241
204000020,821,828,-7
204000021,2322,948,1374
204000022,620,484,136
204000023,528,639,-111
204000031,13,5,8
204000032,405,49,356
204000034,21,192,-171
204000035,1,4,-3
204000036,14,16,-2
204000037,0,6,-6
204000038,0,6,-6
204000039,9,10,-1
204000040,7,10,-3
204000041,4,15,-11
204000042,47,8,39
204000043,40,2,38
204000044,29,3,26
204000045,64,2,62
204000046,13,6,7
204000057,11,13,-2
204000062,12,6,6
204000068,42,208,-166
204000069,17,316,-299
204000070,72,76,-4
204000080,39,43,-4
204000085,1910,1798,112
204000086,1917,1601,316
204000087,42,9,33
204000088,8,85,-77
204000090,21,302,-281
204000093,467,49,418
204000096,820,902,-82
204000097,601,2,599
204000099,1188,1333,-145
204000100,1572,1709,-137
204000105,2220,1395,825
204000110,787,1304,-517
204000111,485,843,-358
204000112,1269,2307,-1038
204000113,496,1293,-797
204000114,951,922,29
204000115,713,326,387
204000116,2644,1275,1369
204000119,1998,2491,-493
204000132,697,348,349
204000133,959,148,811
204000134,430,101,329
204000135,632,131,501
204000136,691,179,512
204000138,484,651,-167
204000140,250,151,99
204000141,150,61,89
204000144,6,28,-22
204000145,560,43,517
204000146,28,316,-288
204000147,18,144,-126
204000148,236,24,212
204000154,9,3,6
204000155,3,4,-1
204000177,75,28,47
204000179,16,1,15
204000180,0,19,-19
204000222,30,28,2
204000235,20,10,10
204000236,57,181,-124
204000238,32,19,13
204000240,395,74,321
204000263,93,232,-139
204000308,167,5,162
204000317,8,98,-90
204000322,8,55,-47
204000323,16,11,5
204000328,280,39,241
204000329,37,148,-111
204000330,177,14,163
204000331,26,88,-62
204010341,13,251,-238
205000001,653,1525,-872
205000013,6,60,-54
205000014,19,94,-75
205000015,24,141,-117
205000016,18,124,-106
205000017,15,83,-68
205000022,208,683,-475
205000025,969,988,-19
205000029,221,11,210
205000045,115,483,-368
205000047,75,617,-542
205000048,289,623,-334
205000049,152,695,-543
205000050,666,288,378
205000059,1,173,-172
205000060,0,72,-72
205000061,1,93,-92
205000062,2,99,-97
205000063,16,105,-89
205000064,20,74,-54
205000065,62,451,-389
205000066,113,469,-356
205000067,43,638,-595
205000069,219,34,185
205000082,177,147,30
205000110,50,247,-197
205000111,156,212,-56
205000112,189,231,-42
205000113,155,338,-183
205000121,259,43,216
205000123,38,193,-155
205000126,507,62,445
205000127,821,92,729
205000128,418,57,361
205000129,640,61,579
205000130,126,15,111
205000131,73,4,69
205000132,129,6,123
205000133,59,1,58
205000134,266,2,264
205000137,60,145,-85
205000138,157,281,-124
205000139,16,117,-101
205000144,85,92,-7
205000145,422,133,289
205000151,172,22,150
205000152,195,10,185
205000153,262,24,238
205000154,185,22,163
205000155,116,6,110
205000207,21,167,-146
205000233,14,0,14
205000234,0,1,-1
205000243,0,0,0
205000244,0,2,-2
205000245,10,153,-143
205000249,0,21,-21
205000250,8,1,7
205000251,133,455,-322
205000264,7,79,-72
206000027,10,6,4
206000028,5,1,4
206000043,7,48,-41
206000053,0,6,-6
206000054,1,26,-25
206000055,0,21,-21
206000075,13,33,-20
206000076,34,19,15
206000077,28,10,18
206000078,30,10,20
206000079,18,4,14
206000082,491,55,436
206000100,30,505,-475
206000103,2,7,-5
206000104,11,12,-1
206000105,10,6,4
206000106,6,26,-20
206000108,733,52,681
206000125,66,0,66
206000157,48,522,-474
206000170,1,179,-178
206000171,5,182,-177
206000172,20,387,-367
206000173,2,158,-156
206000174,19,45,-26
206000175,7,67,-60
206000176,14,121,-107
206000177,0,132,-132
206000178,1,157,-156
206000179,3,126,-123
206000180,18,117,-99
206000181,3,95,-92
206000182,4,97,-93
206000183,12,409,-397
206000184,1,237,-236
206000185,2,136,-134
206000186,87,652,-565
206000223,4,201,-197
206000226,22,1,21
206000227,22,4,18
206000237,35,248,-213
206000238,32,404,-372
206000239,202,1643,-1441
206000240,0,70,-70
206000241,0,63,-63
206000242,10,151,-141
206000243,8,94,-86
206000244,48,406,-358
206000245,1023,74,949
206000246,298,11,287
206000247,283,6,277
206000248,547,16,531
206000252,55,41,14
206000258,32,43,-11
206000315,33,5,28
206000317,677,120,557
206000318,699,59,640
206000319,1950,85,1865
206000320,267,48,219
206000321,319,7,312
206000322,654,16,638
206000323,206,15,191
206000324,274,5,269
206000325,315,8,307
206000326,254,14,240
206000327,125,12,113
206000328,229,4,225
206000329,337,10,327
206000330,64,6,58
206000331,280,2,278
206000332,72,1,71
206000333,738,1,737
206000334,297,0,297
206000335,0,17,-17
206000361,4,178,-174
206000392,5,14,-9
206000405,140,1,139
206000441,33,25,8
206000498,35,7,28
206000515,99,32,67
206000530,393,73,320
206000531,314,285,29
206000532,2100,382,1718
206000535,208,1635,-1427
206000536,16,126,-110
206000537,10,159,-149
206000613,2095,280,1815
207000001,108,556,-448
207000002,104,257,-153
207000003,126,121,5
207000007,1044,213,831
207000008,148,8,140
207000009,54,24,30
207000010,338,377,-39
207000012,472,161,311
207000015,208,1001,-793
207000019,290,69,221
207000021,544,160,384
207000022,155,114,41
207000023,225,42,183
207000024,5,13,-8
207000025,21,49,-28
207000026,73,41,32
207000027,11,61,-50
207000028,35,141,-106
207000029,148,370,-222
207000033,223,416,-193
207000034,310,107,203
207000039,513,95,418
207000040,477,51,426
207000041,163,40,123
207000042,291,53,238
207000043,240,156,84
207000051,101,183,-82
207000052,23,121,-98
207000053,375,384,-9
207000054,43,62,-19
207000055,142,73,69
207000056,258,248,10
207000057,153,316,-163
207000058,140,218,-78
207000059,56,331,-275
207000060,63,114,-51
207000061,137,556,-419
207000062,343,37,306
207000063,403,70,333
207000064,582,217,365
207000065,486,239,247
207000066,247,193,54
207000067,87,68,19
207000068,130,37,93
207000069,770,287,483
207000082,9,162,-153
207000083,74,243,-169
207000084,308,193,115
207000085,224,24,200
207000086,204,9,195
207000106,48,37,11
207000107,69,26,43
207000108,77,11,66
207000109,47,4,43
207000110,58,44,14
207000111,79,90,-11
207000112,154,650,-496
207000114,15,27,-12
207000115,11,60,-49
207000116,17,324,-307
207000117,13,69,-56
207000118,5,71,-66
207000119,35,53,-18
207000123,211,35,176
207000124,68,27,41
207000125,41,62,-21
207000126,60,35,25
207000134,67,125,-58
207000135,27,197,-170
207000148,59,320,-261
207000149,47,36,11
207000152,77,314,-237
207000153,729,1200,-471
207000154,384,167,217
207000159,137,138,-1
207000160,112,260,-148
207000238,1,148,-147
207000242,4,127,-123
207000248,16,27,-11
207000249,82,23,59
207000250,500,63,437
207000251,74,79,-5
207000252,51,45,6
207000278,131,61,70
207000279,15,105,-90
207000280,674,61,613
207000281,103,625,-522
207000282,131,102,29
207000283,87,178,-91
207000284,68,277,-209
207000285,101,84,17
207000291,19,54,-35
207000304,123,63,60
207000306,52,357,-305
207000310,95,97,-2
207000353,234,3,231
207000356,5,67,-62
207000357,18,17,1
207000358,6,8,-2
207000415,8,122,-114
207000417,71,1,70
207000437,0,2,-2
207000439,802,856,-54
207000446,153,4,149
207000460,45,6,39
207000466,136,96,40
207000467,55,88,-33
207000468,13,136,-123
207000476,6,65,-59
207000477,676,75,601
207000523,0,9,-9
207000524,43,0,43
207000527,173,125,48
207000530,544,5,539
207000531,352,6,346
207000532,106,30,76
207000534,286,49,237
207000535,23,230,-207
207000537,10,82,-72
207000540,5,124,-119
207000541,1,241,-240
207000548,6,170,-164
207000549,308,17,291
207000561,170,218,-48
207000562,25,104,-79
207000567,149,231,-82
207000568,219,67,152
207000569,462,436,26
207000584,266,163,103
207000585,62,331,-269
207000616,0,84,-84
207000617,139,0,139
207900008,330,87,243
208000001,576,1096,-520
208000002,537,633,-96
208000003,1180,395,785
208000004,1351,762,589
208000005,3,5,-2
208000019,700,767,-67
208000020,190,466,-276
208000021,250,368,-118
208000022,1200,463,737
208000028,1553,1551,2
208000033,675,526,149
208000034,1263,1171,92
208000040,332,168,164
208000041,911,535,376
208000042,1480,522,958
208000047,169,207,-38
208000064,2383,1357,1026
208000066,1626,2845,-1219
208000070,420,264,156
208000071,406,602,-196
208000072,349,959,-610
208000080,284,399,-115
208000081,382,97,285
208000082,307,218,89
208000083,143,289,-146
208000084,13,12,1
208000085,862,592,270
208000086,406,1021,-615
208000087,323,694,-371
208000089,1070,318,752
208000090,1041,473,568
208000093,162,206,-44
208000094,581,349,232
208000095,633,457,176
208000104,1010,683,327
208000105,667,803,-136
208000114,101,464,-363
208000115,503,354,149
208000116,709,998,-289
208000117,90,147,-57
208000118,83,126,-43
208000155,584,977,-393
208000158,1487,3933,-2446
208000186,3079,4534,-1455
208000204,709,1066,-357
208000205,1221,863,358
208000282,4786,3428,1358
209000004,361,128,233
209000005,44,33,11
209000006,458,163,295
209000007,281,393,-112
209000010,408,115,293
209000011,157,220,-63
209000012,100,149,-49
209000013,248,236,12
209000014,446,775,-329
209000025,388,40,348
209000026,723,85,638
209000027,326,647,-321
209000028,381,514,-133
209000029,506,628,-122
209000030,406,1027,-621
209000031,2043,1645,398
209000034,163,207,-44
209000035,117,151,-34
209000036,195,100,95
209000037,287,164,123
209000038,131,128,3
209000039,55,109,-54
209000040,277,493,-216
209000041,159,384,-225
209000042,257,334,-77
209000043,644,703,-59
209000044,211,812,-601
209000045,1231,494,737
209000046,549,476,73
209000047,354,227,127
209000048,566,402,164
209000049,86,59,27
209000050,140,77,63
209000051,239,152,87
209000052,137,129,8
209000062,53,66,-13
209000063,48,52,-4
209000064,51,83,-32
209000065,122,28,94
209000066,92,24,68
209000067,128,51,77
209000080,21,172,-151
209000082,93,30,63
209000091,22,79,-57
209000093,49,27,22
209000094,107,205,-98
209000110,48,140,-92
209000111,760,1673,-913
209000112,1264,490,774
209000113,2055,522,1533
209000114,885,481,404
209000115,33,51,-18
209000116,275,287,-12
209000118,21,32,-11
209000119,15,21,-6
209000121,99,392,-293
209000135,89,181,-92
209000142,726,1931,-1205
209000143,65,62,3
209000144,70,139,-69
209000229,233,169,64
209000240,31,201,-170
209000259,47,59,-12
209000260,40,873,-833
209000261,5,668,-663
209000262,2,401,-399
209000263,0,140,-140
209000264,0,147,-147
209000265,532,0,532
209000266,139,0,139
209000267,2291,15,2276
209000268,709,55,654
210000037,74,23,51
210000047,79,19,60
210000048,94,29,65
210000049,42,7,35
210000052,91,81,10
210000053,41,57,-16
210000054,39,71,-32
210000070,240,5,235
210000071,102,0,102
210000072,21,0,21
210000073,0,42,-42
210000074,2,123,-121
210000075,9,105,-96
210000076,21,151,-130
210000077,7,55,-48
210000078,24,45,-21
210000079,29,32,-3
210000080,112,80,32
210000081,219,18,201
210000082,111,4,107
210000083,101,1,100
210000084,56,0,56
210000085,1,57,-56
210000086,0,114,-114
210000099,49,224,-175
210000100,48,120,-72
210000101,115,127,-12
210000105,30,151,-121
210000159,0,163,-163
210000163,140,233,-93
210000164,252,203,49
210000168,156,42,114
210000187,0,30,-30
210000188,0,24,-24
210000214,37,1,36
210000219,41,44,-3
210000220,122,40,82
210000232,4,15,-11
210000233,42,58,-16
210000234,34,97,-63
210000235,63,64,-1
210000245,0,52,-52
210000246,49,28,21
210000258,7,128,-121
210000259,379,82,297
210000282,58,211,-153
210000285,0,133,-133
210000286,23,202,-179
210000295,54,125,-71
210000296,33,29,4
210000320,185,47,138
210000321,113,50,63
210000338,43,60,-17
210000339,352,1273,-921
210000340,106,385,-279
210000341,225,265,-40
210000342,197,206,-9
210000343,181,146,35
210000344,148,116,32
210000345,141,216,-75
210000346,90,101,-11
210000347,59,54,5
210000348,103,29,74
210000349,49,27,22
210000350,135,58,77
210000351,165,101,64
210000352,107,54,53
210000353,51,107,-56
210000354,61,76,-15
210000355,63,75,-12
210000356,37,79,-42
210000357,31,69,-38
210000358,244,138,106
210000359,102,111,-9
210000360,201,139,62
210000361,209,137,72
210000362,292,211,81
210000363,712,272,440
210000364,127,176,-49
210000365,156,77,79
210000366,143,67,76
210000367,125,29,96
210000368,162,30,132
210000369,14,53,-39
210000370,55,41,14
210000372,24,28,-4
210000373,45,15,30
210000374,55,38,17
210000375,38,44,-6
210000376,66,79,-13
210000404,55,114,-59
210000439,27,27,0
210000472,79,9,70
210000482,76,83,-7
210000564,362,345,17
210000568,323,2,321
211000092,46,35,11
211000094,28,5,23
211000169,183,19,164
211000172,12,120,-108
211000209,1,25,-24
211000275,31,30,1
211000276,108,33,75
211000279,24,17,7
211000281,83,21,62
211507980,1,44,-43
211977296,47,4,43
212000003,114,43,71
212000004,20,36,-16
212000005,15,44,-29
212000006,32,41,-9
212000008,193,137,56
212000009,39,106,-67
212000012,121,86,35
212000013,33,52,-19
212000014,276,143,133
212000015,275,207,68
212000016,556,523,33
212000027,669,409,260
212000028,399,392,7
212000029,260,240,20
212000030,63,15,48
212000031,67,39,28
212000048,37,189,-152
212000049,31,123,-92
212000050,48,15,33
212000051,212,180,32
212000052,187,230,-43
212000053,358,420,-62
212000054,383,82,301
212000055,317,185,132
212000056,30,32,-2
212000057,7,27,-20
212000058,219,47,172
212000070,121,187,-66
212000077,148,470,-322
212000099,326,265,61
212000108,161,151,10
212000111,199,91,108
212000120,97,64,33
212000138,147,25,122
212000156,6,76,-70
212000158,4,40,-36
212000159,561,43,518
212000160,895,257,638
212000161,82,8,74
212000310,60,20,40
212000311,21,53,-32
212000374,37,13,24
213000001,32,397,-365
213000005,606,118,488
213000006,1223,271,952
213000007,96,12,84
213000009,764,437,327
213000010,223,287,-64
213000011,217,115,102
213000012,139,243,-104
213000014,79,23,56
213000015,317,15,302
213000016,431,3,428
213000017,73,0,73
213000018,0,125,-125
213000019,1,130,-129
213000020,146,324,-178
213000021,5,116,-111
213000023,462,182,280
213000033,362,1622,-1260
213000034,833,245,588
213000035,137,177,-40
213000045,166,222,-56
213000046,243,190,53
213000047,553,1375,-822
213000056,106,34,72
213000069,113,0,113
213000073,0,56,-56
213000074,84,333,-249
213000075,671,49,622
213000085,8,43,-35
213000086,16,125,-109
213000091,354,21,333
213000092,100,11,89
213000099,120,1093,-973
213000100,1040,281,759
213000101,488,112,376
213000102,594,277,317
213000103,969,832,137
213000104,56,420,-364
213000105,6,201,-195
213000106,31,103,-72
213000107,134,394,-260
213000108,40,421,-381
213000109,15,213,-198
213000110,20,82,-62
213000111,14,101,-87
213000112,147,138,9
213000115,90,15,75
213000116,54,366,-312
213000117,4,609,-605
213000118,504,262,242
213000119,38,499,-461
213000120,105,407,-302
213000122,128,472,-344
213000123,279,1033,-754
213000124,150,1353,-1203
213000125,162,42,120
213000126,53,128,-75
213000127,109,249,-140
213000128,340,1135,-795
213000129,373,756,-383
213000130,816,301,515
213000132,545,104,441
213000133,680,127,553
213000134,968,30,938
213000136,570,21,549
213000137,808,84,724
213000139,115,24,91
213000147,74,6,68
213000148,31,13,18
213000149,45,4,41
213000150,0,174,-174
213000151,8,118,-110
213000152,7,95,-88
213000153,13,107,-94
213000154,38,393,-355
213000155,58,280,-222
213000156,132,406,-274
213000157,756,351,405
213000158,451,973,-522
213000159,830,455,375
213000163,1198,108,1090
213000165,1100,434,666
213000171,0,61,-61
213000172,1,189,-188
213000173,3,186,-183
213000174,5,143,-138
213000175,12,150,-138
213000176,215,45,170
213000177,194,7,187
213000178,201,10,191
213000179,304,1,303
213000180,213,0,213
213000184,88,448,-360
213000188,471,104,367
213000189,438,62,376
213000190,981,701,280
213000191,430,305,125
213000192,303,307,-4
213000193,557,305,252
213000194,3,83,-80
213000195,37,312,-275
213000196,272,1309,-1037
213000197,572,501,71
213000198,103,6,97
213000200,158,756,-598
213000201,47,57,-10
213000202,16,410,-394
213000203,3155,607,2548
213000204,830,54,776
213000205,556,86,470
213000206,475,52,423
213000207,137,22,115
213000208,71,8,63
213000209,216,6,210
213000210,422,3,419
213000211,13,29,-16
213000212,10,44,-34
213000213,22,66,-44
213000218,248,454,-206
213000219,641,27,614
213000220,530,18,512
213000223,242,210,32
213000224,91,54,37
213000225,121,20,101
213000226,75,12,63
213000227,1062,192,870
213000228,398,49,349
213000229,153,10,143
213000230,365,12,353
213000232,56,1037,-981
213000233,16,615,-599
213000234,2,74,-72
213000293,11,79,-68
213000294,141,8,133
213000295,15,87,-72
213000296,56,20,36
213000297,7,86,-79
213000298,20,77,-57
213000299,65,24,41
213000300,22,7,15
213000303,7,23,-16
213000304,2,8,-6
213000305,1,15,-14
213000306,51,32,19
213000307,97,64,33
213000308,117,166,-49
213000309,179,52,127
213000310,508,239,269
213000311,226,807,-581
213000315,80,104,-24
213000316,206,43,163
213000322,113,140,-27
213000323,135,61,74
213000324,145,101,44
213000325,83,104,-21
213000326,127,54,73
213000327,125,103,22
213000328,165,163,2
213000329,178,62,116
213000340,129,437,-308
213000341,668,92,576
213000347,628,448,180
213000348,15,174,-159
213000349,46,12,34
213000350,308,902,-594
213000366,72,309,-237
213000367,291,26,265
213000379,91,49,42
213000386,16,350,-334
213000406,80,385,-305
213000417,1388,513,875
213000425,286,69,217
213000426,231,57,174
213000427,53,233,-180
213000428,38,153,-115
213000429,14,4,10
213000430,142,522,-380
213000431,130,1,129
213000432,6,54,-48
213000433,29,143,-114
213000434,136,96,40
213000435,168,57,111
213000436,32,41,-9
213000437,2,30,-28
213000438,197,86,111
213000439,44,18,26
213000440,18,235,-217
213000441,4,0,4
213000442,12,42,-30
213000443,498,419,79
213000444,72,64,8
213000445,1,80,-79
213000446,2,61,-59
213000447,2,44,-42
213000448,18,151,-133
213000449,470,8,462
213000450,23,37,-14
213000451,286,97,189
213000452,26,28,-2
213000453,32,239,-207
213000455,547,6,541
213000456,5,341,-336
213000481,10,5,5
213000484,30,3,27
213000489,352,62,290
213900002,0,114,-114
213900003,204,5,199
213900013,0,121,-121
213900015,0,12,-12
213900016,13,13,0
213900020,19,87,-68
213900030,1,77,-76
213900032,177,114,63
213900033,125,27,98
213900034,594,92,502
213900035,240,367,-127
213900036,124,135,-11
213900037,34,252,-218
213900038,566,142,424
213900039,1,61,-60
213900041,0,204,-204
213900042,346,251,95
213900043,371,103,268
213900244,44,0,44
213900245,1,17,-16
218000003,21,14,7
218000004,51,27,24
218000005,32,29,3
218000006,52,26,26
218000007,15,17,-2
218000012,164,110,54
218000013,107,162,-55
218000014,390,391,-1
218000019,769,514,255
218000020,304,346,-42
218000021,33,38,-5
218000022,4,16,-12
218000023,4,10,-6
218000024,0,10,-10
218000025,10,12,-2
218000026,18,22,-4
218000027,0,9,-9
218000028,1,4,-3
218000029,2,2,0
218000030,6,20,-14
218000031,2,17,-15
218000032,2,17,-15
218000040,14,11,3
218000046,52,71,-19
218000047,10,103,-93
218000048,53,85,-32
218000049,95,90,5
218000050,337,235,102
218000051,83,241,-158
218000052,2,71,-69
218000053,3,1,2
218000054,17,56,-39
218000055,2,21,-19
218000056,32,48,-16
218000057,5,27,-22
218000064,2,18,-16
218000065,110,32,78
218000066,8,38,-30
218000067,44,46,-2
218000068,147,94,53
218000069,217,118,99
218000070,201,212,-11
218000071,161,181,-20
218000072,307,184,123
218000078,1001,663,338
218000079,167,91,76
218000080,178,67,111
218000081,570,204,366
218000082,58,101,-43
218000083,73,45,28
218000084,193,145,48
218000085,166,344,-178
218000086,91,137,-46
218000087,234,150,84
218000090,15,136,-121
218000091,906,452,454
218000092,109,103,6
218000093,69,56,13
218000094,391,371,20
218000099,309,716,-407
218000100,266,258,8
218000101,246,145,101
218000102,519,210,309
218000103,122,139,-17
218000104,97,56,41
218000105,21,36,-15
218000106,8,12,-4
218000107,84,50,34
218000108,14,40,-26
218000112,63,51,12
218000117,101,45,56
218000134,592,472,120
218000135,33,82,-49
218000136,272,104,168
218000137,226,145,81
218000138,59,68,-9
218000139,208,272,-64
218000140,548,190,358
218000141,90,71,19
218000142,211,154,57
218000143,147,395,-248
218000144,50,111,-61
218000145,534,333,201
218000146,101,181,-80
218000151,8,28,-20
218000152,152,54,98
218000153,9,5,4
218000154,19,4,15
218000155,27,1,26
218000156,87,15,72
218000157,55,26,29
218000158,16,7,9
218000159,1,9,-8
218000160,6,3,3
218000161,44,8,36
218000162,52,5,47
218000163,15,1,14
218000164,66,2,64
218000165,77,28,49
218000170,7,40,-33
218000171,106,28,78
218000172,14,24,-10
218000173,67,12,55
218000174,30,7,23
218000176,271,49,222
218000177,503,273,230
218000178,116,210,-94
218000179,152,56,96
218000180,159,35,124
218000181,231,56,175
218000187,10,24,-14
218000188,19,33,-14
218000189,30,44,-14
218000190,31,22,9
218000191,147,39,108
218000192,217,199,18
218000193,481,278,203
218000194,123,240,-117
218000195,146,52,94
218000196,445,203,242
218000197,513,266,247
218000198,37,70,-33
218000199,47,22,25
218000200,93,22,71
218000201,16,8,8
218000202,76,237,-161
218000207,5,21,-16
218000208,41,19,22
218000211,50,21,29
218000212,1,9,-8
218000213,106,108,-2
218000214,13,31,-18
218000215,31,39,-8
218000217,4,61,-57
218000218,236,89,147
218000219,20,24,-4
218000220,76,392,-316
218000221,531,183,348
218000222,12,46,-34
218000223,58,590,-532
218000224,15,256,-241
218000225,187,15,172
218000226,167,99,68
218000230,1,2,-1
218000232,54,42,12
218000239,159,17,142
218000240,23,5,18
218000241,42,1,41
218000242,68,10,58
218000243,37,23,14
218000244,47,2,45
218000245,21,1,20
218000246,0,0,0
218000247,10,0,10
218000248,0,20,-20
218000249,0,4,-4
218000250,4,9,-5
218000251,2,20,-18
218000252,2,35,-33
218000253,6,74,-68
218000254,0,18,-18
218000255,4,12,-8
218000256,9,59,-50
218000267,331,732,-401
218000268,19,35,-16
218000269,1,13,-12
218000270,42,25,17
218000271,9,12,-3
218000273,46,4,42
218000274,14,1,13
218000275,24,36,-12
218000276,15,46,-31
218000278,8,26,-18
218000279,40,18,22
218000280,9,10,-1
218000281,13,7,6
218000282,356,424,-68
218000284,56,1,55
218000301,103,101,2
218000302,174,64,110
218000303,19,33,-14
218000316,786,784,2
218000317,1297,786,511
218000318,895,564,331
218000319,1144,856,288
218000320,1075,600,475
218000338,51,16,35
218000345,93,52,41
218000346,43,188,-145
218000459,22,239,-217
218000490,24,68,-44
218000501,92,41,51
218000502,79,55,24
218000503,70,19,51
218000504,117,23,94
218000505,65,76,-11
218000506,36,122,-86
218000508,3,6,-3
218000510,144,12,132
218000520,128,85,43
218000521,2,44,-42
218000522,4,124,-120
218000523,126,1,125
218000524,37,252,-215
218000525,123,15,108
218000526,37,176,-139
218000529,13,107,-94
218000530,21,2,19
218000531,49,23,26
218000532,28,19,9
218000534,126,9,117
218000537,12,64,-52
218000538,155,363,-208
218000540,361,119,242
218000543,145,52,93
218000544,34,84,-50
218000545,65,74,-9
218000546,64,72,-8
218000547,94,141,-47
218000548,170,99,71
218000549,571,573,-2
218000550,249,281,-32
218000551,112,954,-842
218000552,309,58,251
218000553,17,72,-55
218000554,38,39,-1
218000555,27,43,-16
218000556,137,150,-13
218000557,249,123,126
218000558,52,1,51
218000559,0,49,-49
218000560,1,26,-25
218000561,15,0,15
218000562,35,208,-173
218000563,196,23,173
218000564,12,124,-112
218000565,181,30,151
218000566,416,38,378
218000567,3,84,-81
218000568,63,2,61
218000569,7,153,-146
218000570,114,12,102
218000571,2,91,-89
218000572,176,2,174
218000573,10,161,-151
218000574,169,27,142
218000575,151,2,149
218000576,3,92,-89
218000577,146,1,145
218000578,0,68,-68
218000579,63,21,42
218000581,5,28,-23
218000582,51,5,46
218000583,10,0,10
218000584,1,13,-12
218000585,61,7,54
218000586,12,38,-26
218000587,3,0,3
218000588,13,3,10
218000589,1,2,-1
218000590,3,0,3
218000591,4,11,-7
218000592,18,1,17
218000593,0,1,-1
218000594,1,1,0
218000595,1,0,1
218000596,0,0,0
218000597,0,0,0
218000598,0,0,0
218000599,3,0,3
218000600,2,0,2
218000601,0,0,0
218000602,0,8,-8
218000603,0,6,-6
218000604,9,1,8
218000605,0,31,-31
218000606,71,0,71
218000607,8,44,-36
218000608,53,23,30
218000609,5,32,-27
218000610,84,6,78
218000611,27,5,22
218000612,3,25,-22
218000613,70,0,70
218000614,4,49,-45
218000615,175,3,172
218000616,10,93,-83
218000617,29,0,29
218000618,1,18,-17
218000619,35,32,3
218000620,11,29,-18
218000621,0,2,-2
218000622,0,16,-16
218000623,97,0,97
218000624,4,22,-18
218000625,6,0,6
218000626,2,14,-12
218000628,158,27,131
218000631,28,16,12
218000632,4,99,-95
218000633,246,4,242
218000634,5,13,-8
218000635,8,7,1
218000636,843,916,-73
218000637,1039,404,635
218000638,245,41,204
218000639,30,133,-103
218000640,360,42,318
218000641,87,276,-189
218000652,44,54,-10
218000653,209,61,148
218000663,1,82,-81
218000675,55,27,28
218000676,5,11,-6
218000677,15,2,13
218000680,109,284,-175
218000681,339,61,278
218000691,101,118,-17
218000693,243,59,184
218000703,4,17,-13
218000718,257,1235,-978
218000719,579,672,-93
218000720,8,208,-200
218000721,157,17,140
218000725,6,4,2
218001214,8,136,-128
218001329,47,69,-22
218001330,23,29,-6
218001359,0,0,0
218001360,0,2,-2
218001361,1,1,0
218001362,0,0,0
219000001,58,54,4
219000002,36,63,-27
219000003,88,29,59
219000004,72,51,21
219000017,69,39,30
219000020,127,35,92
219000022,134,3,131
219000023,94,0,94
219000029,0,71,-71
219000034,38,29,9
219000039,29,147,-118
219000040,34,98,-64
219000041,114,21,93
219000051,0,42,-42
219000052,1,9,-8
219000053,2,56,-54
219000054,472,390,82
219000055,219,1,218
219000056,6,2,4
219000057,104,1,103
219000062,15,62,-47
219000063,49,8,41
219000064,2,55,-53
219000110,300,138,162
219000111,118,46,72
219000112,218,41,177
219000113,156,29,127
219000114,222,59,163
219000116,85,39,46
219000117,151,45,106
219000118,115,38,77
219000123,180,58,122
219000124,107,109,-2
219000125,16,6,10
219000126,74,118,-44
219000127,0,17,-17
219000128,9,121,-112
219000129,18,118,-100
219000130,371,466,-95
219000131,461,883,-422
219000133,43,55,-12
219000134,19,28,-9
219000135,32,89,-57
219000136,90,216,-126
219000138,83,14,69
219000139,63,42,21
219000140,114,5,109
219000141,27,72,-45
219000142,27,81,-54
219000143,6,72,-66
219000145,19,47,-28
219000146,2,19,-17
219000147,5,31,-26
219000148,3,28,-25
219000149,7,66,-59
219000150,1,32,-31
219000151,1,28,-27
219000157,222,128,94
219000158,198,183,15
219000161,120,6,114
219000163,1163,528,635
219000166,127,170,-43
219000167,144,125,19
219000168,208,96,112
219000174,474,131,343
219000175,114,10,104
219000176,94,8,86
219000177,52,1,51
219000178,58,0,58
219000179,36,4,32
219000180,49,28,21
219000182,126,18,108
219000183,82,33,49
219000184,86,13,73
219000185,2,37,-35
219000186,42,42,0
219000187,65,90,-25
219000189,64,162,-98
219000190,60,222,-162
219000191,577,1481,-904
219000192,196,136,60
219000193,131,156,-25
219000195,1,50,-49
219000196,6,90,-84
219000198,12,84,-72
219000199,65,270,-205
219000200,37,149,-112
219000201,56,136,-80
219000203,22,117,-95
219000204,91,337,-246
219000205,45,198,-153
219000207,109,240,-131
219000209,25,46,-21
219000210,27,85,-58
219000213,4,135,-131
219000239,198,203,-5
219000240,184,396,-212
219000241,173,159,14
219000242,49,101,-52
219000243,41,206,-165
219000244,8,77,-69
219000245,26,42,-16
219000246,58,24,34
219000247,157,32,125
219000248,467,465,2
219000249,135,99,36
219000250,165,86,79
219000251,601,216,385
219000252,221,146,75
219000253,433,94,339
219000255,84,123,-39
219000256,200,55,145
219000257,108,1,107
219000262,86,99,-13
219000263,88,163,-75
219000267,8,77,-69
219000268,5,6,-1
219000269,3,1,2
219000270,20,0,20
219000271,138,0,138
219000278,3,5,-2
219000279,2,2,0
219000283,0,11,-11
219000295,19,68,-49
219000296,82,287,-205
219000297,19,101,-82
219000298,22,79,-57
219000299,439,71,368
219000300,18,173,-155
219000301,204,362,-158
219000302,37,286,-249
219000307,50,33,17
219000308,59,42,17
219000311,236,56,180
219000312,580,137,443
219000313,353,77,276
219000314,51,331,-280
219000315,331,26,305
219000316,570,56,514
219000317,101,19,82
219000320,0,43,-43
219000321,0,26,-26
219000323,0,54,-54
219000325,2,4,-2
219000326,123,65,58
219000327,77,33,44
219000328,59,52,7
219000329,271,124,147
219000330,40,25,15
219000331,72,35,37
219000332,135,78,57
219000333,14,4,10
219000335,81,1,80
219000337,27,0,27
219000338,72,1,71
219000344,14,68,-54
219000345,51,69,-18
219000346,47,87,-40
219000348,174,79,95
219000349,50,120,-70
219000350,66,364,-298
219000351,3,8,-5
219000352,246,138,108
219000353,108,47,61
219000354,227,88,139
219000355,142,43,99
219000356,890,1388,-498
219000363,174,58,116
219000364,76,58,18
219000365,93,14,79
219000366,229,310,-81
219000368,381,564,-183
219000370,1012,581,431
219000371,5,50,-45
219000382,8,20,-12
219000383,486,1290,-804
219000385,457,482,-25
219000386,659,1600,-941
219000387,2,1,1
219000390,9,0,9
219000391,3,2,1
219000397,47,52,-5
219000398,75,55,20
219000401,8,76,-68
219000402,28,71,-43
219000403,156,291,-135
219000404,18,131,-113
219000407,1,46,-45
219000409,70,42,28
219000410,88,41,47
219000411,67,18,49
219000446,132,406,-274
219000447,0,16,-16
219000448,25,11,14
219000452,148,77,71
219000453,64,195,-131
219000454,228,272,-44
219000556,223,55,168
219000558,165,135,30
219000590,25,166,-141
219000591,99,71,28
219000592,94,296,-202
219000595,2,13,-11
219000635,200,45,155
219000636,32,57,-25
219000657,30,37,-7
219000658,60,160,-100
219000673,0,67,-67
219000676,73,32,41
219000679,40,13,27
219000684,127,2,125
219000685,0,36,-36
219000686,0,6,-6
219000688,0,69,-69
219000689,21,166,-145
219000690,144,15,129
219000691,13,121,-108
219000692,185,11,174
219000693,0,23,-23
219000694,39,0,39
219000695,29,1,28
219000698,26,1,25
219000699,0,22,-22
219000727,1,43,-42
219000728,141,1,140
219000770,88,1,87
219000771,4,26,-22
219001150,2,38,-36
219001151,0,2,-2
219001166,12,37,-25
219001167,3,66,-63
220000001,31,59,-28
220000002,18,66,-48
220000003,330,175,155
220000004,444,352,92
220000005,970,1604,-634
220000006,155,619,-464
220000007,368,377,-9
220000008,231,599,-368
220000009,276,286,-10
220000010,94,61,33
220000011,410,3208,-2798
220000012,139,392,-253
220000014,100,75,25
220000015,49,202,-153
220000017,83,264,-181
220000018,4440,1536,2904
220000019,92,352,-260
220000020,386,258,128
220000021,763,163,600
220000022,888,433,455
220000023,370,157,213
220000024,1801,408,1393
220000025,1141,1199,-58
220000026,289,446,-157
220000027,28,104,-76
220000028,48,48,0
220000029,30,100,-70
220000030,56,72,-16
220000031,534,431,103
220000064,20,862,-842
221000046,25,24,1
221000047,0,1,-1
221000048,0,1,-1
221000049,0,9,-9
221000050,25,0,25
221000055,34,48,-14
221000057,52,14,38
221000068,368,145,223
221000069,430,65,365
221000070,248,29,219
221000071,137,6,131
221000072,220,14,206
221000073,192,47,145
221000074,4,10,-6
221000075,15,13,2
221000076,9,38,-29
221000077,22,73,-51
221000081,24,6,18
221000082,79,13,66
221000083,29,6,23
221000084,1,0,1
221000085,14,40,-26
221000086,10,77,-67
221000087,6,117,-111
221000088,22,169,-147
221000089,39,231,-192
221000090,79,458,-379
221000098,126,17,109
221000099,192,10,182
221000100,108,3,105
221000101,189,16,173
221000102,135,23,112
221000109,8,82,-74
221000110,12,79,-67
221000111,28,121,-93
221000112,10,96,-86
221000113,13,107,-94
221000114,16,124,-108
221000120,44,38,6
221000121,13,44,-31
221000122,105,35,70
221000123,4,3,1
221000124,33,139,-106
221000155,152,7,145
221000156,12,26,-14
221000175,1,5,-4
221000176,0,2,-2
221000182,58,11,47
221000241,556,323,233
221000242,163,350,-187
221000243,435,180,255
221000244,224,354,-130
221000245,77,67,10
221000246,50,163,-113
221000247,70,94,-24
221000248,106,74,32
221000267,70,609,-539
221000325,73,92,-19
221000331,17,64,-47
221000338,8,28,-20
221000378,201,15,186
221000381,57,40,17
222000282,4,2,2
222000296,3,17,-14
222000568,372,19,353
222000569,223,42,181
222000570,161,33,128
222000571,371,28,343
222000577,29,96,-67
222000578,24,129,-105
222000579,19,103,-84
222000580,71,666,-595
222000599,1,114,-113
222000600,4,216,-212
222000601,7,748,-741
222000603,26,36,-10
222000604,2,33,-31
222000605,24,19,5
222000606,5,10,-5
222000607,0,10,-10
222000608,33,13,20
222000609,58,103,-45
222000616,403,52,351
222000617,11,15,-4
222000618,11,3,8
222000620,30,9,21
222000621,54,17,37
222000623,661,9,652
222000624,403,1,402
222000625,565,26,539
222000636,88,4,84
222000686,18,13,5
222000687,36,22,14
222001066,319,2,317
222001067,27,3,24
222001068,69,16,53
222001069,40,24,16
222001082,13,26,-13
222001083,29,40,-11
222001084,1,25,-24
222001085,1,187,-186
222001111,57,107,-50
222001112,119,33,86
222001313,31,4,27
222001314,4,137,-133
222001464,56,26,30
222001465,27,62,-35
222001484,157,83,74
222001485,27,45,-18
222001494,622,81,541
222001495,98,193,-95
222001496,355,60,295
222001497,63,300,-237
222001502,16,83,-67
222001503,125,55,70
222001504,32,294,-262
222001505,384,13,371
222001506,42,322,-280
222001507,326,34,292
222001510,558,40,518
222001511,49,282,-233
222001514,790,216,574
222001515,230,459,-229
222001518,361,78,283
222001519,72,197,-125
222001527,264,53,211
222001528,51,137,-86
222001529,325,31,294
222001530,69,198,-129
222001533,142,234,-92
222001534,378,66,312
222001535,258,209,49
222001536,81,159,-78
222001537,301,48,253
222001538,80,431,-351
222001563,882,120,762
222001564,89,357,-268
222001568,363,170,193
222001576,2,2,0
222001579,0,11,-11
222001583,17,173,-156
222001584,91,11,80
222001596,865,1307,-442
222001597,2633,556,2077
222001626,0,107,-107
222001650,83,164,-81
222001651,75,338,-263
222001914,236,57,179
222001915,60,210,-150
222900004,502,276,226
222900009,284,433,-149
222900019,185,189,-4
222900024,32,7,25
222900025,4,23,-19
225000001,422,98,324
225000002,580,129,451
225000003,581,80,501
225000004,378,177,201
225000005,78,57,21
225000006,0,158,-158
225000007,1021,982,39
225000010,286,12,274
225000011,347,967,-620
225000012,254,537,-283
225000013,84,106,-22
225000014,756,84,672
225000015,88,137,-49
225000021,913,148,765
225000027,208,386,-178
225000032,685,126,559
225000042,46,450,-404
225000049,29,47,-18
225000050,115,17,98
225000053,7,286,-279
225000058,624,170,454
225000067,165,125,40
225000068,105,251,-146
225000069,112,339,-227
225000070,74,333,-259
225000071,26,127,-101
225000075,21,494,-473
225000076,40,84,-44
225000078,62,34,28
225000085,70,121,-51
225000086,270,46,224
225000087,148,11,137
225000088,4,175,-171
225000089,121,822,-701
225000090,68,367,-299
225000091,146,136,10
225000092,60,55,5
225000093,178,185,-7
225000094,22,183,-161
225000095,239,305,-66
225000096,227,321,-94
225000098,779,214,565
225000099,310,108,202
225000100,363,102,261
225000104,76,250,-174
225000110,11,301,-290
225000111,179,851,-672
225000112,217,858,-641
225000113,166,559,-393
225000114,57,225,-168
225000115,1126,561,565
225000116,779,171,608
225000117,715,214,501
225000118,1178,204,974
225000119,277,80,197
225000120,649,42,607
225000121,163,19,144
225000123,512,13,499
225000125,468,118,350
225000126,631,101,530
225000127,605,1188,-583
225000128,439,738,-299
225000132,359,29,330
225000133,231,29,202
225000134,682,153,529
225000135,64,9,55
225000136,367,14,353
225000137,247,39,208
225000138,401,108,293
225000143,44,162,-118
225000144,4,214,-210
225000145,38,34,4
225000146,50,44,6
225000147,16,159,-143
225000148,14,126,-112
225000149,32,378,-346
225000151,22,149,-127
225000155,280,299,-19
225000156,120,648,-528
225000157,244,268,-24
225000158,75,183,-108
225000171,4,134,-130
225000180,37,1,36
225000181,0,62,-62
225000182,59,12,47
225000185,10,301,-291
225000187,33,251,-218
225000191,111,2,109
225000194,0,3,-3
225000208,0,37,-37
225000209,72,7,65
225000210,7,295,-288
225000217,0,14,-14
225000218,15,1,14
225000223,0,36,-36
225000224,40,4,36
225000225,1,15,-14
225000226,32,1,31
225000227,31,40,-9
225000228,14,14,0
225000229,0,58,-58
225000230,17,2,15
225000231,0,37,-37
225000232,160,0,160
225000241,85,1,84
225000242,0,20,-20
225000249,67,53,14
225000250,42,518,-476
225000251,405,24,381
225000254,4,11,-7
225000256,1,29,-28
225000257,1,23,-22
226000042,291,315,-24
226000043,59,184,-125
226000044,151,324,-173
226000045,57,294,-237
226000046,447,92,355
226000047,399,67,332
226000048,352,98,254
226000049,254,162,92
226000070,0,36,-36
226000071,1,57,-56
226000072,0,10,-10
226000073,0,5,-5
226000074,1,3,-2
226000084,15,57,-42
226000085,3,16,-13
226000086,2,9,-7
226000087,1,9,-8
226000088,45,42,3
226000090,195,58,137
226000091,23,50,-27
226000092,3,19,-16
226000093,28,3,25
226000094,12,4,8
226000095,11,2,9
226000105,13,1,12
226000106,10,0,10
226000107,8,0,8
226000108,19,0,19
226000109,91,1,90
226000124,169,55,114
226000134,786,483,303
226000135,1533,523,1010
226000136,613,399,214
226000137,6,264,-258
226000138,13,179,-166
226000139,1,45,-44
226000156,210,5,205
226000157,196,7,189
226000163,127,200,-73
226000202,14,251,-237
226000231,322,15,307
226000232,39,15,24
227000033,353,49,304
227000036,371,35,336
227000037,315,28,287
227000038,154,39,115
227000084,0,35,-35
227000085,3,32,-29
227000088,47,1,46
227000089,129,1,128
227000090,31,4,27
227000091,24,1,23
227000092,24,0,24
227000093,120,3,117
227000094,9,0,9
227000130,23,78,-55
227000131,16,141,-125
227000132,10,159,-149
227000133,9,141,-132
227000134,12,191,-179
227000152,0,4,-4
227000153,0,38,-38
227000154,2,30,-28
227000155,2,6,-4
227000156,2,13,-11
227000165,3,34,-31
227000196,410,213,197
227000199,355,367,-12
227000230,17,309,-292
227000232,465,19,446
227000242,55,313,-258
227000243,403,49,354
227000245,13,302,-289
227000246,85,359,-274
227000247,436,55,381
227000248,139,37,102
227000249,11,87,-76
227000250,326,129,197
227000251,82,92,-10
227000252,16,226,-210
227000253,175,10,165
227000262,379,34,345
227000266,1243,15,1228
227000267,29,1034,-1005
227000282,4,106,-102
227000284,531,12,519
227000286,3,62,-59
227000291,14,358,-344
227000296,170,302,-132
227000484,168,12,156
227000485,11,684,-673
227000655,197,4,193
227000656,526,26,500
227000657,68,6,62
227000704,74,15,59
229000265,9,17,-8
229000266,6,2,4
229000267,3,1,2
229000268,18,0,18
229000269,53,0,53
229000274,0,23,-23
229000275,0,37,-37
229000276,0,14,-14
229000277,0,4,-4
229000278,2,4,-2
229000295,17,29,-12
229000296,10,6,4
229000297,7,43,-36
229000298,12,146,-134
229000320,17,18,-1
229000321,17,8,9
229000412,18,42,-24
229000414,8,39,-31
229000415,22,2,20
229000416,1,3,-2
229000417,3,9,-6
229000419,96,298,-202
229000440,429,87,342
229000442,23,18,5
229000443,10,2,8
229000444,2,20,-18
229000445,75,5,70
229000446,93,19,74
229000491,6,20,-14
229000492,13,77,-64
229000493,3,51,-48
229000494,35,2,33
229000495,99,6,93
229000496,52,4,48
229000507,0,62,-62
229000508,0,21,-21
229000509,0,51,-51
229000510,0,35,-35
229000511,10,45,-35
229000512,0,22,-22
229000513,0,9,-9
229000514,0,3,-3
229000517,1,7,-6
229000518,4,12,-8
229000519,4,7,-3
229000520,9,19,-10
229000521,56,23,33
229000522,12,5,7
229000523,7,9,-2
229000524,6,2,4
229000527,9,0,9
229000528,2,0,2
229000529,9,0,9
229000530,73,0,73
229000531,36,2,34
229000532,18,0,18
229000533,94,2,92
229000534,50,1,49
229000564,84,0,84
229000565,15,0,15
229000566,1,10,-9
229000567,0,19,-19
229000582,105,3,102
229000583,9,1,8
229000584,0,27,-27
229000585,4,54,-50
229000718,0,1,-1
229000719,0,2,-2
229000720,0,6,-6
229000721,0,4,-4
229000722,0,6,-6
229000723,0,1,-1
229000724,0,1,-1
229000725,0,1,-1
229000738,7,0,7
229000739,2,0,2
229000740,8,0,8
229000741,17,0,17
229000742,8,0,8
229000743,12,0,12
229000744,2,0,2
229000745,3,0,3
229000746,19,0,19
229000847,58,1,57
229000848,29,0,29
229000849,65,0,65
229000851,52,0,52
229000854,0,16,-16
229000856,1,74,-73
229000857,0,31,-31
229000858,1,32,-31
229000919,8,54,-46
229000930,0,163,-163
229000937,61,19,42
229000966,48,25,23
229000981,23,19,4
229000985,25,31,-6
229000986,4,6,-2
229000987,0,2,-2
229000988,3,1,2
229000989,9,6,3
229000990,0,2,-2
229000991,4,2,2
229000992,17,4,13
229000993,117,26,91
229000998,26,51,-25
229000999,87,12,75
229001034,1,18,-17
229001035,7,4,3
229001036,4,49,-45
229001037,43,3,40
229001038,0,3,-3
229001039,1,1,0
229001040,0,61,-61
229001041,64,1,63
229001042,18,16,2
229001047,22,52,-30
229001050,34,21,13
229001168,0,11,-11
229001200,28,2,26
229001338,2,14,-12
229001394,190,0,190
229001422,140,26,114
229001423,40,107,-67
229001431,55,36,19
229001432,34,78,-44
229001444,177,37,140
229001445,69,171,-102
229001479,24,3,21
229001503,186,65,121
229001504,138,127,11
229001505,104,31,73
229001506,63,94,-31
229001509,40,4,36
229001510,9,41,-32
229001545,107,4,103
229001546,8,62,-54
229001553,125,25,100
229001554,26,76,-50
229001630,77,17,60
229001631,19,11,8
229001635,0,8,-8
229001636,3,2,1
229001658,0,88,-88
229001659,72,0,72
229001660,40,6,34
229001661,13,21,-8
229001662,10,0,10
229001663,0,9,-9
229002584,238,223,15
229002831,170,163,7
229002841,11,17,-6
229002842,21,13,8
229002843,98,20,78
229002844,68,65,3
229002845,13,60,-47
229002846,23,23,0
229002847,0,9,-9
229002848,24,19,5
229002849,2,50,-48
229002850,3,1,2
229002851,58,106,-48
229002852,214,56,158
229002853,146,20,126
229002854,48,43,5
229002855,8,33,-25
229002856,43,24,19
229002857,18,141,-123
229002858,9,14,-5
229002859,46,53,-7
229002860,271,24,247
229002861,107,29,78
229002862,35,47,-12
229002863,19,19,0
229002864,26,36,-10
229002865,30,30,0
229002866,36,18,18
229002867,1,17,-16
229002868,12,12,0
229002869,26,98,-72
229002870,54,14,40
235000066,328,50,278
235000067,112,74,38
235000072,28,59,-31
235000073,104,272,-168
235000074,60,60,0
235000080,8,112,-104
235000081,102,113,-11
235000082,172,33,139
235000083,215,51,164
235000084,40,46,-6
235000085,240,55,185
235000089,16,16,0
235000092,33,113,-80
235000093,6,4,2
235000097,3,2,1
235000098,43,12,31
235000099,43,24,19
235000116,52,18,34
235000117,587,17,570
235000133,14,411,-397
235000134,8,151,-143
235000206,5,2,3
235000207,4,10,-6
235000208,5,3,2
235000209,7,3,4
235000210,11,3,8
235000212,1,17,-16
235000213,1,9,-8
235000220,2,4,-2
235000221,76,17,59
235000238,14,110,-96
235000239,2,32,-30
235000242,379,686,-307
235000245,574,152,422
235000246,34,44,-10
235000284,16,122,-106
235000295,194,11,183
235000305,248,32,216
235000306,262,5,257
235000307,15,0,15
235000308,22,0,22
235000309,74,1,73
235000310,36,0,36
235000311,78,22,56
235000322,0,34,-34
235000323,0,34,-34
235000324,1,19,-18
235000325,3,8,-5
235000326,5,139,-134
235000351,9,53,-44
235000352,14,39,-25
235000353,1,24,-23
235000354,8,48,-40
235000355,8,81,-73
235000356,120,19,101
235000357,32,0,32
235000358,171,10,161
235000359,10,3,7
235000360,56,50,6
235000361,64,22,42
235000381,58,128,-70
235000382,218,35,183
235000390,13,6,7
235000391,160,47,113
235000392,185,313,-128
235000393,113,164,-51
235000395,130,31,99
235000396,522,55,467
235000400,214,58,156
235000401,19,121,-102
235000405,83,271,-188
235000406,47,226,-179
235000407,145,58,87
235000409,156,106,50
235000410,40,166,-126
235000411,1,57,-56
235000485,0,14,-14
235000486,28,0,28
235000549,83,117,-34
235000550,109,211,-102
235000599,103,38,65
235000600,6,21,-15
235000601,17,33,-16
235000602,88,49,39
235000614,1,6,-5
235000648,0,16,-16
235000649,27,5,22
235000685,1,0,1
235000815,34,71,-37
235000834,0,14,-14
235000855,58,65,-7
235000862,44,158,-114
235000891,0,17,-17
235000892,123,80,43
235000901,137,99,38
235000907,21,11,10
235001010,92,67,25
235001029,458,307,151
235001030,369,231,138
235001078,77,82,-5
235001079,67,81,-14
235001147,4,39,-35
235001166,18,54,-36
235001167,43,24,19
235001169,29,219,-190
235001188,1,5,-4
235001189,2,2,0
235001197,2,9,-7
235001200,68,67,1
235001208,25,16,9
235001209,48,35,13
235001210,26,105,-79
235001239,2,69,-67
235001244,0,6,-6
235016267,0,49,-49
241900007,47,0,47
277101746,0,3,-3
277102712,2,0,2
277103813,0,1,-1
277103814,0,0,0
277103898,0,4,-4
990011530,0,182,-182
990014944,0,358,-358
990015176,48,2,46
990015618,1,115,-114
990016032,1,282,-281
990032570,4,347,-343
990070001,61,0,61
990070103,0,8,-8
990070601,0,59,-59
990070751,1126,3,1123
990070766,1,342,-341
990071180,734,282,452
990071343,18,4,14
990071387,0,12,-12
990071823,672,5,667
990072600,5,1018,-1013
990072964,1,352,-351
990073285,0,3,-3
990074393,2,613,-611
990074870,1664,51,1613
990075106,1434,13,1421
990075746,629,10,619
990076437,1625,16,1609
990076458,0,493,-493
997000007,644,13,631
997000041,0,311,-311
997000058,66,1,65
997000062,22,1,21
997000069,1,0,1
997000070,0,40,-40
997000100,50,0,50
997000141,4,2310,-2306
997000198,1,1203,-1202
998000475,7,56,-49
998000736,3,209,-206
998000965,0,11,-11
998001031,0,60,-60
998001700,0,0,0
998001899,0,3,-3
998001900,3,2,1
998003073,1614,4,1610
998101900,0,0,0
998102850,11,341,-330
998501927,1039,755,284
998501929,153,5,148
998501930,62,31,31
998501931,114,8,106
998501932,4,0,4
998501933,59,0,59
998501937,17,4,13
998501944,4,0,4
998501970,88,8,80
998501971,0,121,-121
998501972,348,2,346
998501973,1,25,-24
998501974,0,201,-201
998501975,182,70,112
998501976,80,1,79
998501977,0,23,-23
998501978,23,0,23
998501979,1,23,-22
998501980,116,42,74
998501981,43,27,16
998501982,0,134,-134
998502006,0,0,0
998502024,0,7,-7
998502032,0,2,-2
998502062,12,1,11
998502063,0,0,0
998502173,25,1,24
998502269,0,4,-4
998601159,5,121,-116
998601292,0,19,-19
999033574,0,154,-154
999800001,49,2,47
999800002,0,6,-6
999800003,0,3,-3
999800004,0,2,-2
999800005,0,7,-7
