ID,insum,outsum,diff
100000001,606,1000,-394
100000002,4074,2868,1206
100000003,4804,5632,-828
100000004,841,1480,-639
100000005,2654,5182,-2528
100000006,687,261,426
100000007,2319,817,1502
100000008,230,517,-287
100000009,793,320,473
100000010,45,109,-64
100000011,673,103,570
100000012,120,816,-696
100000013,39,266,-227
100000014,325,306,19
100000015,1637,2403,-766
100000016,610,1315,-705
100000017,571,814,-243
100000018,1040,543,497
100000019,3141,2068,1073
100000020,1561,6294,-4733
100000021,4371,2682,1689
100000022,988,2953,-1965
100000023,3912,2153,1759
100000025,706,1789,-1083
100000028,964,1235,-271
100000029,102,525,-423
100000030,118,85,33
100000031,3271,6902,-3631
100000032,1590,3999,-2409
100000033,1019,2758,-1739
100000034,232,1020,-788
100000035,873,1622,-749
100000036,1120,1655,-535
100000037,667,408,259
100000038,2378,1054,1324
100000039,451,371,80
100000040,212,151,61
100000041,1550,602,948
100000042,1070,469,601
100000043,814,376,438
100000044,254,670,-416
100000045,316,910,-594
100000046,514,606,-92
100000047,228,425,-197
100000048,284,560,-276
100000049,1277,1016,261
100000051,360,640,-280
100000053,115,5,110
100000054,372,32,340
100000055,618,312,306
100000056,527,577,-50
100000057,2342,525,1817
100000058,834,873,-39
100000059,14,203,-189
100000060,528,283,245
100000061,2713,463,2250
100000062,2101,551,1550
100000063,1093,275,818
100000064,1268,251,1017
100000065,313,574,-261
100000066,186,472,-286
100000067,481,497,-16
100000068,409,1159,-750
100000069,247,945,-698
100000072,177,631,-454
100000073,961,907,54
100000075,694,229,465
100000076,1731,3807,-2076
100000077,139,478,-339
100000078,37,43,-6
100000079,58,50,8
100000080,28,62,-34
100000081,94,254,-160
100000102,3004,4049,-1045
100000103,1730,1601,129
100000104,2641,3119,-478
100000105,1579,2459,-880
100000106,1974,3464,-1490
100000107,312,1586,-1274
100000108,507,919,-412
100000109,1603,1308,295
100000116,809,1034,-225
100000117,72,152,-80
100000118,899,1673,-774
100000119,527,945,-418
100000121,239,424,-185
100000122,1643,1242,401
100000123,1639,3711,-2072
100000124,3738,5908,-2170
100000125,3675,2155,1520
100000126,582,656,-74
100000127,1340,466,874
100000128,1677,2488,-811
100000129,307,582,-275
100000130,402,316,86
100000131,1422,2390,-968
100000132,892,2700,-1808
100000133,3039,1934,1105
100000135,789,1439,-650
100000139,242,575,-333
100000140,220,325,-105
100000142,709,561,148
100000143,830,319,511
100000144,2220,626,1594
100000147,1230,3821,-2591
100000150,65,449,-384
100000151,808,1932,-1124
100000153,325,534,-209
100000154,47,484,-437
100000155,19,64,-45
100000156,430,557,-127
100000157,394,222,172
100000158,322,161,161
100000159,280,594,-314
100000165,847,837,10
100000169,118,1367,-1249
100000174,363,1313,-950
100000179,67,570,-503
100000180,1305,2636,-1331
100000181,467,567,-100
100000188,58,178,-120
100000189,980,439,541
100000190,520,1452,-932
100000191,729,793,-64
100000192,45,154,-109
100000193,310,235,75
100000330,781,1178,-397
100000355,169,752,-583
100000362,3354,1776,1578
100000363,5781,5112,669
100000364,132,293,-161
100000365,5988,9622,-3634
100000366,2846,2518,328
100000367,4912,7841,-2929
100000368,2998,1078,1920
100000369,809,2787,-1978
100000370,180,1085,-905
100000376,60,130,-70
100000379,1874,1927,-53
100000380,4944,6194,-1250
100000384,5847,7265,-1418
100000385,2443,4516,-2073
100000386,4767,6921,-2154
100000387,3341,6507,-3166
100000388,4505,8185,-3680
100000389,5470,8147,-2677
100000390,7765,7973,-208
100000391,4859,11117,-6258
100000392,2234,5471,-3237
100000393,2075,6319,-4244
100000394,4980,10216,-5236
100000395,3525,5806,-2281
100000396,4952,4100,852
100000397,3467,8640,-5173
100000398,8073,6833,1240
100900002,15,12,3
100900003,437,250,187
100900004,18,857,-839
100900005,142,24,118
100900006,34,37,-3
100900007,223,10,213
100900008,1,333,-332
100900009,62,239,-177
100900010,87,34,53
100900011,193,176,17
100900012,1,114,-113
100900013,975,23,952
100900014,9,5,4
100900015,79,83,-4
100900016,1,23,-22
100900017,1393,63,1330
100900018,1,16,-15
100900019,32,122,-90
100900020,341,8,333
100900021,457,2,455
100900022,12,31,-19
100900023,0,28,-28
100900024,447,4,443
100900025,10,10,0
100900026,135,90,45
100900027,475,3026,-2551
100900028,166,306,-140
100900029,20,7,13
100900030,4,88,-84
100900031,864,42,822
100900032,336,1,335
100900033,307,300,7
100900034,789,2,787
100900035,307,2,305
100900036,6,0,6
100900037,136,119,17
100900038,115,68,47
100900039,222,258,-36
100900040,540,403,137
100900041,1223,347,876
100900042,2237,1827,410
100900043,0,8,-8
100900044,1427,564,863
100900045,146,4,142
100900046,1262,20,1242
100900047,552,205,347
100900048,124,132,-8
100900049,77,110,-33
100900050,3,15,-12
100900051,70,182,-112
100900052,350,72,278
100900053,635,24,611
100900054,13,36,-23
100900055,251,924,-673
100900056,59,102,-43
100900057,1750,1596,154
100900058,304,79,225
100900059,97,4,93
100900060,274,8,266
100900061,317,201,116
100900062,1,19,-18
100900063,300,780,-480
100900064,783,41,742
100900065,103,173,-70
100900066,167,258,-91
100900067,4,12,-8
100900068,137,88,49
100900069,1293,16,1277
100900070,459,2,457
100900071,589,208,381
100900072,10,17,-7
100900073,162,301,-139
100900074,6,6,0
100900075,1598,367,1231
100900076,14,47,-33
100900077,44,53,-9
100900078,76,420,-344
100900079,19,17,2
100900080,68,147,-79
100900081,24,256,-232
100900082,194,297,-103
100900083,11,6,5
100900085,22,312,-290
100900086,117,906,-789
100900088,169,290,-121
100900089,15,8,7
100900090,120,580,-460
100900091,2,15,-13
100900092,153,323,-170
100900093,359,338,21
100900094,233,237,-4
100900095,9,20,-11
100900096,54,104,-50
100900097,1,10,-9
100900098,44,20,24
100900099,25,433,-408
100900100,14,652,-638
100900101,196,56,140
100900102,50,146,-96
100900103,6,12,-6
100900104,2,142,-140
100900105,17,535,-518
100900106,36,14,22
100900107,1540,888,652
100900108,7,66,-59
100900109,11,23,-12
100900110,3,9,-6
100900111,49,202,-153
100900112,6,9,-3
100900113,16,35,-19
100900114,12,11,1
100900115,10,26,-16
100900116,839,634,205
100900117,282,1188,-906
100900118,122,139,-17
100900119,17,13,4
100900120,18,17,1
100900121,387,565,-178
100900122,99,109,-10
100900123,134,147,-13
100900124,2,9,-7
100900125,5,48,-43
100900126,231,140,91
100900127,2,13,-11
100900128,137,170,-33
100900129,0,242,-242
100900131,41,218,-177
100900133,76,38,38
100900134,0,4,-4
100900135,0,248,-248
100900137,313,240,73
100900138,393,468,-75
100900139,5,0,5
100900140,5,352,-347
100900141,4,576,-572
100900142,1,11,-10
100900143,603,514,89
100900144,5,6,-1
100900145,56,178,-122
100900146,7,76,-69
100900147,10,536,-526
100900148,34,343,-309
100900149,31,271,-240
100900150,0,33,-33
100900151,132,457,-325
100900152,224,3,221
100900153,1,156,-155
100900154,32,132,-100
100900155,25,26,-1
100900156,32,2,30
100900157,10,454,-444
100900158,437,102,335
100900159,1,55,-54
100900160,48,8,40
100900161,28,22,6
100900162,14,562,-548
100900163,141,134,7
100900164,50,39,11
100900165,10,13,-3
100900166,19,2,17
100900167,16,51,-35
100900168,19,194,-175
100900169,100,738,-638
100900170,17,3,14
100900171,12,366,-354
100900172,1,25,-24
100900173,4,202,-198
100900174,132,41,91
100900176,1662,264,1398
100900177,522,368,154
100900178,248,104,144
100900179,197,446,-249
100900180,2,6,-4
100900181,73,96,-23
100900182,75,55,20
100900184,20,127,-107
100900186,495,380,115
100900187,20,57,-37
100900188,15,7,8
100900189,1806,209,1597
100900191,715,1397,-682
100900192,161,492,-331
100900195,128,164,-36
100900197,24,13,11
100900198,36,160,-124
100900199,3,2,1
100900200,766,362,404
100900201,110,891,-781
100900202,42,0,42
100900203,1,170,-169
100900204,460,1053,-593
100900205,173,690,-517
100900206,264,87,177
100900207,304,164,140
100900210,44,253,-209
100900211,490,188,302
100900213,195,39,156
100900214,536,112,424
100900215,26,43,-17
101000001,2366,2247,119
101000002,6835,7891,-1056
101000003,381,1040,-659
101000004,6406,5956,450
101000005,4840,5040,-200
101000006,6060,7292,-1232
101000007,3939,4644,-705
101000008,2260,1925,335
101000009,2085,749,1336
101000010,908,639,269
101000011,1038,424,614
101000012,678,747,-69
101000013,741,1071,-330
101000014,351,529,-178
101000015,1722,846,876
101000016,362,494,-132
101000017,472,417,55
101000018,1725,2161,-436
101000020,1623,868,755
101000021,781,361,420
101000022,169,224,-55
101000023,1145,604,541
101000025,288,458,-170
101000026,203,36,167
101000027,2836,3642,-806
101000028,28,52,-24
101000029,248,1868,-1620
101000030,1460,214,1246
101000031,516,1348,-832
101000032,4445,4959,-514
101000033,1969,4244,-2275
101000034,1324,2068,-744
101000035,782,373,409
101000036,1533,1090,443
101000037,1824,2171,-347
101000039,1773,3695,-1922
101000040,2542,5076,-2534
101000041,4492,10192,-5700
101000042,323,1398,-1075
101000043,4532,11039,-6507
101000045,835,1261,-426
101000046,1969,2555,-586
101000047,1576,6026,-4450
101000048,565,488,77
101000049,587,2342,-1755
101000050,1540,2576,-1036
101000051,1147,3267,-2120
101000052,1217,1540,-323
101000053,877,1131,-254
101000054,2080,976,1104
101000055,1279,1480,-201
101000056,38,137,-99
101000057,1311,1609,-298
101000058,803,1482,-679
101000059,1982,2456,-474
101000060,1764,834,930
101000061,804,1652,-848
101000062,519,963,-444
101000063,526,1309,-783
101000064,759,1136,-377
101000065,279,746,-467
101000066,902,1262,-360
101000067,1097,1349,-252
101000068,219,606,-387
101000069,202,100,102
101000070,718,1175,-457
101000071,2145,1025,1120
101000072,600,3711,-3111
101000073,780,1336,-556
101000074,3882,4756,-874
101000075,2607,5968,-3361
101000077,1736,1376,360
101000078,768,1390,-622
101000079,1423,810,613
101000080,1125,882,243
101000081,1775,1637,138
101000082,2355,2483,-128
101000083,2650,2431,219
101000084,1255,637,618
101000085,1393,1139,254
101000086,1004,1193,-189
101000087,833,811,22
101000088,1355,1190,165
101000089,1076,1724,-648
101000090,1615,998,617
101000091,455,549,-94
101000092,1222,655,567
101000093,1508,672,836
101000094,1120,959,161
101000095,579,575,4
101000096,410,434,-24
101000097,515,613,-98
101000098,355,1066,-711
101000099,694,1272,-578
101000100,785,1193,-408
101000101,234,386,-152
101000102,924,672,252
101000103,818,700,118
101000104,428,686,-258
101000105,342,475,-133
101000106,504,1031,-527
101000107,316,390,-74
101000108,506,211,295
101000109,533,69,464
101000110,34,248,-214
101000111,88,218,-130
101000113,253,657,-404
101000114,5887,11693,-5806
101000115,45,86,-41
101000116,67,29,38
101000117,1181,169,1012
101000119,74,102,-28
101000120,136,87,49
101000121,42,91,-49
101000122,119,184,-65
101000123,47,159,-112
101000124,1268,428,840
101000125,126,344,-218
101000128,324,995,-671
101000130,149,255,-106
101000131,983,387,596
101000132,907,699,208
101000135,24,48,-24
101000136,288,207,81
101000137,32,491,-459
101000141,967,4307,-3340
101000147,561,289,272
101000148,538,35,503
101000149,125,282,-157
101000150,100,289,-189
101000151,372,57,315
101000152,222,299,-77
101000153,393,192,201
101000154,333,627,-294
101000155,485,177,308
101000156,23,283,-260
101000157,52,31,21
101000160,46,35,11
101000163,178,464,-286
101000164,314,238,76
101000165,304,367,-63
101000166,196,281,-85
101000168,837,433,404
101000252,2391,994,1397
101000254,103,162,-59
101000258,36,11,25
101000261,129,84,45
101000262,1558,3497,-1939
101000263,397,1339,-942
101000265,94,838,-744
101000266,282,271,11
101000269,21,16,5
101000290,1002,2837,-1835
101000293,56,42,14
101000294,665,530,135
101000295,118,326,-208
101000301,442,608,-166
101000304,2370,2614,-244
101000305,2660,1064,1596
101900001,7,35,-28
101900002,0,3,-3
101900003,18,82,-64
101900004,2,54,-52
101900005,2040,3131,-1091
101900006,1435,99,1336
101900007,754,283,471
101900008,85,248,-163
101900009,59,457,-398
101900010,604,640,-36
101900011,226,986,-760
101900012,388,138,250
101900013,415,172,243
101900017,8,130,-122
101900018,325,187,138
101900019,137,108,29
101900020,366,213,153
101900021,2,48,-46
101900022,197,496,-299
101900023,168,120,48
102000001,3534,5332,-1798
102000002,2397,790,1607
102000003,2607,7441,-4834
102000004,3756,2441,1315
102000005,1363,2702,-1339
102000006,820,1648,-828
102000007,1918,4725,-2807
102000008,3232,1548,1684
102000009,6864,8692,-1828
102000010,3931,3016,915
102000011,4008,3178,830
102000012,2813,2631,182
102000018,2463,2830,-367
102000019,2065,1833,232
102000026,195,470,-275
102000029,238,182,56
102000030,130,312,-182
102000031,95,118,-23
102000032,614,238,376
102000033,232,271,-39
102000034,579,370,209
102000035,1252,632,620
102000036,17,209,-192
102000037,140,35,105
102000038,221,372,-151
102000039,170,106,64
102000040,256,295,-39
102000041,127,460,-333
102000042,171,456,-285
102000043,149,220,-71
102000044,307,463,-156
102000045,478,711,-233
102000046,1193,718,475
102000047,684,712,-28
102000048,550,680,-130
102000049,970,745,225
102000050,988,1135,-147
102000051,441,625,-184
102000052,1049,732,317
102000053,882,969,-87
102000054,788,1260,-472
102000055,1432,377,1055
102000056,1160,573,587
102000057,1348,514,834
102000058,986,960,26
102000059,1347,1162,185
102000060,1083,910,173
102000061,1722,1253,469
102000062,2262,1007,1255
102000063,881,978,-97
102000064,477,541,-64
102000065,67,152,-85
102000066,780,655,125
102000067,2164,2380,-216
102000068,9060,2592,6468
102000069,92,2420,-2328
102000070,1122,46,1076
102000071,5757,7017,-1260
102000072,3046,3383,-337
102000073,845,1056,-211
102000074,499,1331,-832
102000075,108,282,-174
102000076,197,221,-24
102000077,835,498,337
102000078,966,449,517
102000079,177,166,11
102000080,266,211,55
102000081,346,749,-403
102000082,482,391,91
102000083,823,213,610
102000084,376,215,161
102000085,2209,755,1454
102000086,1251,760,491
102000087,941,1248,-307
102000088,230,277,-47
102000089,1321,381,940
102000090,380,1052,-672
102000091,1525,590,935
102000092,238,521,-283
102000093,442,669,-227
102000094,649,561,88
102000095,767,1113,-346
102000096,544,741,-197
102000097,683,762,-79
102000098,409,658,-249
102000099,673,812,-139
102000100,355,1044,-689
102000101,521,793,-272
102000102,255,1055,-800
102000103,1141,312,829
102000104,571,240,331
102000105,300,409,-109
102000106,769,480,289
102000107,1626,341,1285
102000108,541,189,352
102000109,621,388,233
102000110,1252,640,612
102000111,13,175,-162
102000112,108,109,-1
102000113,18,19,-1
102000114,470,292,178
102000115,192,237,-45
102000116,297,460,-163
102000117,161,418,-257
102000118,900,1273,-373
102000119,1144,861,283
102000120,251,423,-172
102000121,1207,594,613
102000122,895,888,7
102000123,1255,1292,-37
102000124,1593,1186,407
102000125,756,935,-179
102000126,796,686,110
102000127,1459,636,823
102000128,890,848,42
102000129,1707,560,1147
102000130,865,895,-30
102000131,1770,996,774
102000132,730,1891,-1161
102000133,2612,1339,1273
102000134,987,582,405
102000135,876,806,70
102000136,1205,646,559
102000137,520,1076,-556
102000138,184,427,-243
102000139,85,576,-491
102000140,133,659,-526
102000141,278,1358,-1080
102000142,307,271,36
102000143,225,196,29
102000144,415,203,212
102000145,345,363,-18
102000146,494,336,158
102000147,699,391,308
102000148,236,549,-313
102000149,266,211,55
102000150,731,75,656
102000151,126,178,-52
102000152,261,140,121
102000153,907,590,317
102000154,228,450,-222
102000155,63,333,-270
102000156,306,142,164
102000157,85,456,-371
102000158,201,293,-92
102000159,820,734,86
102000161,1898,1927,-29
102000162,160,146,14
102000163,78,489,-411
102000164,589,962,-373
102000165,211,129,82
102000166,69,189,-120
102000167,262,219,43
102000168,370,142,228
102000169,93,523,-430
102000170,338,215,123
102000171,174,228,-54
102000172,117,436,-319
102000173,378,275,103
102000174,131,60,71
102000175,98,71,27
102000176,77,28,49
102000178,499,297,202
102000179,639,192,447
102000180,1045,320,725
102000181,899,345,554
102000182,689,367,322
102000183,1865,1143,722
102000184,2032,616,1416
102000185,3037,898,2139
102000186,1492,1118,374
102000187,904,882,22
102000188,1284,1190,94
102000189,1525,432,1093
102000190,522,2364,-1842
102000191,1105,448,657
102000192,1223,1481,-258
102000193,69,103,-34
102000194,52,89,-37
102000195,446,382,64
102000196,261,227,34
102000197,823,248,575
102000198,227,416,-189
102000199,1305,245,1060
102000200,287,718,-431
102000201,1409,356,1053
102000202,3,82,-79
102000203,445,107,338
102000204,686,442,244
102000205,1352,282,1070
102000206,770,328,442
102000207,786,446,340
102000208,359,346,13
102000209,44,56,-12
102000210,430,206,224
102000211,630,192,438
102000212,380,8,372
102000213,9,153,-144
102000214,349,10,339
102000215,13,229,-216
102000216,97,87,10
102000217,4,80,-76
102000218,316,199,117
102000219,234,199,35
102000225,397,423,-26
102000226,1432,1282,150
102000227,157,2,155
102000228,0,59,-59
102000229,56,72,-16
102000230,333,283,50
102000231,270,316,-46
102000232,20,119,-99
102000233,414,591,-177
102000234,107,899,-792
102000236,151,85,66
102000237,394,95,299
102000238,151,222,-71
102000240,400,686,-286
102000241,313,123,190
102000243,41,18,23
102000245,16,76,-60
102000246,1,26,-25
102000247,189,322,-133
102000248,190,487,-297
102000249,124,115,9
102000250,93,254,-161
102000254,162,183,-21
102000266,24,487,-463
102000271,9,1,8
102000286,346,294,52
102000297,1901,847,1054
102000300,0,0,0
102000301,0,0,0
102000305,0,0,0
102000306,0,0,0
102000307,0,5,-5
102000308,0,0,0
102900001,1463,601,862
102900002,370,40,330
102900003,87,122,-35
102900005,481,213,268
102900006,536,95,441
102900007,581,16,565
102900008,261,34,227
102900009,648,326,322
102900010,279,862,-583
102900011,1168,412,756
102900012,387,76,311
102900013,37,37,0
102900015,513,571,-58
102900016,45,45,0
102900017,203,269,-66
102900018,63,75,-12
102900019,442,463,-21
102900020,174,20,154
102900021,25,71,-46
102900022,416,225,191
102900023,22,32,-10
102900024,37,40,-3
102900025,139,76,63
102900026,390,2127,-1737
102900027,70,55,15
102900028,208,823,-615
102900029,127,226,-99
102900030,427,353,74
102900031,294,143,151
102900032,119,75,44
102900033,108,161,-53
102900034,566,86,480
102900035,182,198,-16
102900036,335,244,91
102900037,336,301,35
102900038,411,309,102
102900039,19,513,-494
102900040,202,217,-15
102900041,85,118,-33
102900042,242,210,32
102900043,169,145,24
102900044,534,1266,-732
102900045,151,339,-188
102900046,169,172,-3
102900047,137,443,-306
102900048,543,342,201
102900049,125,337,-212
102900050,232,272,-40
102900051,135,167,-32
102900052,34,45,-11
102900053,321,497,-176
102900054,467,1127,-660
102900055,143,212,-69
102900056,133,312,-179
102900057,18,60,-42
102900058,378,65,313
102900059,27,59,-32
102900060,133,342,-209
102900061,213,292,-79
102900062,401,472,-71
102900063,1441,318,1123
102900064,111,386,-275
102900065,967,388,579
102900066,354,19,335
102900068,99,106,-7
102900070,290,491,-201
102900072,21,78,-57
102900073,94,13,81
102900074,231,299,-68
102900075,24,50,-26
102900076,70,168,-98
102900077,46,37,9
102900078,21,68,-47
102900079,205,17,188
102900080,512,33,479
102900081,74,217,-143
102900082,9,171,-162
102900083,134,19,115
102900084,9,35,-26
102900085,328,143,185
102900086,18,45,-27
102900087,164,95,69
102900088,52,29,23
102900089,159,112,47
102900090,3,165,-162
102900091,235,6,229
102900092,550,391,159
102900093,297,239,58
102900094,2,178,-176
102900095,159,2,157
102900096,127,25,102
102900097,40,79,-39
103000001,2197,2047,150
103000002,1976,2337,-361
103000003,2918,3144,-226
103000004,654,555,99
103000005,1545,2638,-1093
103000006,778,1378,-600
103000007,319,530,-211
103000008,994,588,406
103000009,1488,1043,445
103000010,107,50,57
103000011,1375,1078,297
103000012,1696,1427,269
103000013,2632,1551,1081
103000014,1376,2659,-1283
103000015,1203,571,632
103000016,461,1429,-968
103000017,240,422,-182
103000018,648,265,383
103000019,393,345,48
103000020,2122,1374,748
103000021,1826,2113,-287
103000022,597,905,-308
103000023,681,1880,-1199
103000024,71,118,-47
103000025,89,754,-665
103000026,606,109,497
103000027,254,566,-312
103000028,256,248,8
103000029,145,258,-113
103000030,1227,1057,170
103000031,954,1974,-1020
103000032,2168,1548,620
103000033,2831,2643,188
103000034,1211,1081,130
103000035,465,1226,-761
103000036,359,427,-68
103000037,404,447,-43
103000038,492,1238,-746
103000039,559,265,294
103000040,591,596,-5
103000041,1658,1400,258
103000042,1565,334,1231
103000043,727,545,182
103000044,262,115,147
103000046,412,344,68
103000047,561,384,177
103000048,212,122,90
103000049,97,78,19
103000050,729,329,400
103000051,700,375,325
103000052,610,230,380
103000053,207,427,-220
103000054,2538,1114,1424
103000055,1858,1797,61
103000056,756,987,-231
103000057,881,155,726
103000058,639,629,10
103000059,628,608,20
103000060,706,298,408
103000061,404,806,-402
103000062,1150,393,757
103000063,883,832,51
103000064,159,124,35
103000065,8,254,-246
103000066,207,13,194
103000069,403,188,215
103000070,1082,593,489
103000071,1413,501,912
103000072,197,428,-231
103000073,755,115,640
103000074,836,83,753
103000075,143,386,-243
103000076,389,491,-102
103000077,14,205,-191
103000078,760,772,-12
103000079,369,509,-140
103000080,685,419,266
103000081,389,899,-510
103000082,529,219,310
103000083,165,219,-54
103000084,93,10,83
103000085,3,70,-67
103000086,630,436,194
103000087,221,557,-336
103000088,174,295,-121
103000089,307,455,-148
103000090,2492,827,1665
103000091,587,467,120
103000092,237,247,-10
103000093,314,417,-103
103000094,261,90,171
103000095,85,273,-188
103000096,503,81,422
103000097,64,650,-586
103000098,639,178,461
103000099,202,676,-474
103000100,176,439,-263
103000101,1123,88,1035
103000102,172,344,-172
103000103,741,114,627
103000104,74,79,-5
103000105,169,57,112
103000106,11,149,-138
103000107,201,53,148
103000108,783,549,234
103000109,426,374,52
103000110,506,555,-49
103000111,423,461,-38
103000112,301,231,70
103000113,558,605,-47
103000114,1442,627,815
103000115,711,414,297
103000116,787,301,486
103000117,386,375,11
103000118,525,440,85
103000119,798,391,407
103000120,58,101,-43
103000121,114,187,-73
103000122,271,331,-60
103000125,16,105,-89
103000126,658,2,656
103000127,0,142,-142
103000128,196,3,193
103000129,3,81,-78
103000130,69,34,35
103000131,101,102,-1
103000132,61,163,-102
103000133,21,75,-54
103000134,339,935,-596
103000135,441,174,267
103000136,567,416,151
103000137,367,495,-128
103000138,553,655,-102
103000139,1,61,-60
103000140,127,36,91
103000141,31,97,-66
103000142,153,75,78
103000143,48,128,-80
103000144,202,53,149
103000145,50,134,-84
103000150,71,34,37
103000152,166,188,-22
103000153,216,153,63
103000156,18,167,-149
103000157,423,3,420
103000159,130,50,80
103000162,43,15,28
103000163,6,18,-12
103000164,11,9,2
103000165,75,139,-64
103000166,206,291,-85
103000167,155,90,65
103000168,128,123,5
103000169,197,430,-233
103000170,1059,246,813
103000171,38,77,-39
103000172,931,501,430
103000173,773,223,550
103000174,263,188,75
103000175,363,136,227
103000176,756,616,140
103000177,407,355,52
103000178,187,318,-131
103000179,205,30,175
103000183,191,17,174
103000185,114,26,88
103000186,191,84,107
103000187,783,195,588
103000188,16,125,-109
103000189,766,438,328
103000191,456,586,-130
103000292,638,1610,-972
103000293,744,2841,-2097
103000295,62,130,-68
103000296,260,0,260
103000297,37,68,-31
103000504,119,16,103
103000505,2,34,-32
103000506,0,110,-110
103000507,197,1,196
103000508,32,95,-63
103000509,224,442,-218
103900001,0,76,-76
103900002,818,172,646
103900003,1067,117,950
103900004,205,0,205
103900005,4,137,-133
103900006,7,4,3
103900007,39,30,9
103900008,14,2,12
103900009,326,465,-139
103900010,152,282,-130
103900011,508,124,384
103900012,22,23,-1
103900013,99,34,65
103900014,87,7,80
103900015,68,11,57
103900016,238,130,108
103900017,41,49,-8
103900018,354,166,188
103900019,66,412,-346
103900020,224,545,-321
103900021,184,26,158
103900022,955,485,470
103900023,199,1,198
103900024,84,232,-148
103900025,27,22,5
103900026,24,0,24
103900027,805,178,627
103900028,27,289,-262
103900029,1150,132,1018
103900030,340,116,224
103900031,46,1,45
103900032,78,65,13
103900033,139,16,123
103900034,37,60,-23
103900035,50,26,24
103900036,57,66,-9
103900037,100,100,0
103900038,108,198,-90
103900039,127,169,-42
103900040,35,100,-65
103900041,69,38,31
103900042,91,168,-77
103900043,214,35,179
103900044,104,321,-217
103900045,418,145,273
103900047,117,8,109
103900048,54,44,10
103900049,138,983,-845
103900050,15,158,-143
103900051,3,42,-39
103900052,262,253,9
103900053,221,332,-111
103900054,141,223,-82
103900055,496,227,269
103900056,64,25,39
103900057,80,104,-24
103900058,445,275,170
103900059,0,13,-13
103900060,74,111,-37
103900061,217,29,188
103900062,590,162,428
103900063,2,0,2
103900064,158,2,156
103900065,641,406,235
103900066,213,36,177
103900067,231,9,222
103900068,7,0,7
103900069,95,25,70
103900070,133,130,3
103900071,18,67,-49
103900072,21,120,-99
103900073,38,47,-9
103900074,89,62,27
103900075,99,45,54
103900076,720,254,466
103900077,56,138,-82
103900078,320,81,239
103900079,233,202,31
103900080,10,41,-31
103900081,52,59,-7
103900082,17,131,-114
103900083,872,1402,-530
103900084,109,176,-67
103900085,69,183,-114
103900086,1104,408,696
103900087,17,89,-72
103900088,390,631,-241
103900089,57,107,-50
103900090,1,37,-36
103900091,938,193,745
103900092,772,395,377
103900093,47,200,-153
103900094,17,67,-50
103900095,353,190,163
103900096,54,107,-53
103900097,12,319,-307
103900098,266,132,134
103900099,182,94,88
103900100,339,207,132
103900101,37,873,-836
103900102,0,8,-8
103900104,0,21,-21
103900105,56,126,-70
103900106,0,29,-29
103900107,150,90,60
103900108,51,182,-131
103900109,150,38,112
103900110,265,37,228
103900111,178,365,-187
103900112,131,140,-9
103900113,130,249,-119
103900114,311,207,104
103900115,314,255,59
103900116,2305,2709,-404
103900117,106,27,79
103900119,28,91,-63
103900120,35,55,-20
103900122,166,83,83
103900123,667,539,128
103900124,55,18,37
103900125,93,34,59
103900126,629,273,356
103900127,263,234,29
103900128,148,72,76
103900131,24,54,-30
103900133,1044,26,1018
103900134,1,6,-5
103900135,18,4,14
103900137,0,22,-22
103900138,248,93,155
103900139,180,2684,-2504
103900140,7,240,-233
103900141,199,59,140
103900142,300,55,245
103900143,99,2,97
103900144,0,32,-32
103900145,153,216,-63
103900146,307,162,145
103900147,410,96,314
103900148,319,220,99
103900149,460,326,134
103900150,3560,5185,-1625
103900151,37,148,-111
103900152,757,239,518
103900153,4,2,2
103900154,464,1821,-1357
103900155,42,111,-69
103900156,111,96,15
103900157,110,76,34
103900158,177,62,115
103900159,219,29,190
103900160,68,53,15
103900161,124,132,-8
103900162,48,108,-60
103900163,5,342,-337
103900164,213,17,196
103900167,18,149,-131
103900168,156,73,83
103900169,64,58,6
103900170,0,54,-54
103900171,1,33,-32
103900172,3,6,-3
103900173,11,13,-2
103900174,294,38,256
103900175,24,100,-76
103900176,5,57,-52
103900177,14,68,-54
103900178,80,36,44
103900179,98,43,55
103900180,21,40,-19
103900181,45,39,6
103900182,46,22,24
103900184,337,110,227
103900185,98,611,-513
103900187,5,69,-64
103900188,70,34,36
103900189,102,6,96
103900190,93,53,40
103900191,30,44,-14
103900192,40,129,-89
103900193,104,104,0
103900194,83,140,-57
103900195,10,102,-92
103900196,37,45,-8
103900197,15,23,-8
103900198,13,35,-22
103900199,133,74,59
103900200,192,70,122
103900201,131,168,-37
103900202,13,51,-38
103900203,35,19,16
103900204,1,45,-44
103900207,0,33,-33
103900208,122,0,122
103900209,6,55,-49
103900210,52,37,15
103900211,795,363,432
103900212,193,206,-13
103900213,48,181,-133
103900214,197,135,62
103900215,169,244,-75
103900216,15,384,-369
103900217,285,27,258
103900218,1,232,-231
103900219,139,116,23
103900233,80,3,77
103900235,19,24,-5
103900236,8,8,0
103900242,8,1,7
103900243,4,4,0
103900244,172,101,71
103900245,136,106,30
103900246,52,23,29
103900247,8,46,-38
103900248,2,30,-28
103900249,4,70,-66
103900250,8,29,-21
103900251,1,24,-23
103900253,23,76,-53
103900254,4,7,-3
103900255,5,5,0
103900256,9,14,-5
103900257,5,113,-108
103900258,12,6,6
103900259,36,6,30
103900261,7,1,6
103900262,3,1,2
103900263,25,24,1
103900264,27,4,23
103900265,13,3,10
103900266,1,144,-143
103900267,1,23,-22
104000001,2577,2280,297
104000002,1627,1779,-152
104000003,2436,1744,692
104000004,2153,2043,110
104000005,1783,1630,153
104000006,2967,2125,842
104000007,3507,3482,25
104000008,186,153,33
104000009,217,100,117
104000010,140,334,-194
104000011,291,189,102
104000012,142,190,-48
104000013,250,248,2
104000014,165,381,-216
104000015,290,122,168
104000016,572,264,308
104000018,875,162,713
104000019,579,234,345
104000020,120,263,-143
104000021,186,291,-105
104000022,121,174,-53
104000023,840,358,482
104000024,157,203,-46
104000026,43,248,-205
104000027,206,117,89
104000028,430,189,241
104000029,328,222,106
104000030,332,182,150
104000031,1432,317,1115
104000032,239,196,43
104000033,697,401,296
104000034,417,213,204
104000035,1083,323,760
104000036,806,401,405
104000037,352,161,191
104000038,585,228,357
104000039,182,124,58
104000040,148,257,-109
104000041,587,255,332
104000042,163,245,-82
104000043,194,206,-12
104000044,180,254,-74
104000045,895,667,228
104000046,629,1044,-415
104000047,594,734,-140
104000048,944,800,144
104000049,441,253,188
104000050,133,532,-399
104000051,117,444,-327
104000052,1639,1431,208
104000053,926,391,535
104000054,565,242,323
104000055,3211,1883,1328
104000056,719,177,542
104000057,135,253,-118
104000058,708,626,82
104000059,586,873,-287
104000060,1144,1075,69
104000061,1057,830,227
104000062,306,56,250
104000064,435,268,167
104000065,238,652,-414
104000069,619,1108,-489
104000070,69,414,-345
104000071,91,244,-153
104000072,496,140,356
104000075,163,226,-63
104000076,469,106,363
104000082,2238,3104,-866
104000083,685,207,478
104000084,131,389,-258
104000085,305,317,-12
104000086,169,360,-191
104000087,341,1846,-1505
104000090,871,816,55
104000092,1430,1241,189
104000094,788,885,-97
104000095,1927,1015,912
104000096,1640,82,1558
104000097,1859,595,1264
104000098,2627,602,2025
104000100,1825,503,1322
104000101,996,1165,-169
104000106,36,505,-469
104000107,592,238,354
104000108,168,400,-232
104000109,297,90,207
104000110,749,1032,-283
104000111,2482,2772,-290
104000112,1027,511,516
104000116,0,580,-580
104000117,175,356,-181
104000118,833,135,698
104000119,758,245,513
104000120,273,447,-174
104000121,210,542,-332
104000122,681,679,2
104000123,730,596,134
104000124,432,1241,-809
104000125,2463,4687,-2224
104000126,491,473,18
104000127,1010,1430,-420
104000128,646,306,340
104000129,62,0,62
104000130,1,276,-275
104000131,234,261,-27
104000132,257,284,-27
104000133,1197,641,556
104000134,812,1459,-647
104000135,372,1582,-1210
104000136,610,3543,-2933
104000137,1318,369,949
104000138,640,364,276
104000139,3402,2271,1131
104000141,717,786,-69
104000142,542,359,183
104000143,605,324,281
104000144,102,163,-61
104000145,332,183,149
104000146,198,379,-181
104000147,122,275,-153
104000148,348,139,209
104000149,139,169,-30
104000150,920,425,495
104000151,282,303,-21
104000152,635,365,270
104000153,913,535,378
104000154,650,317,333
104000155,428,442,-14
104000157,870,910,-40
104000158,222,487,-265
104000159,908,408,500
104000160,1590,1689,-99
104000161,192,159,33
104000162,87,109,-22
104000165,496,697,-201
104000167,599,1143,-544
104000168,747,10,737
104000169,115,15,100
104000170,224,532,-308
104000248,302,415,-113
104000251,39,144,-105
104000272,0,0,0
104000273,0,0,0
104000274,0,0,0
104000275,0,0,0
104000279,754,483,271
104000290,89,254,-165
104000291,428,860,-432
104000293,815,778,37
104000294,52,0,52
104000295,529,592,-63
104000296,431,516,-85
104000297,587,1577,-990
104000298,1776,648,1128
104000299,615,1020,-405
104900001,132,225,-93
104900002,80,209,-129
104900003,75,204,-129
104900004,109,165,-56
104900005,317,348,-31
104900006,448,82,366
104900007,425,221,204
104900009,166,208,-42
104900010,81,47,34
104900011,10,15,-5
104900012,236,35,201
104900013,106,10,96
104900014,1730,334,1396
104900015,69,11,58
104900016,268,168,100
104900017,182,124,58
104900018,14,110,-96
104900019,196,3438,-3242
104900020,25,152,-127
104900021,2,90,-88
104900022,8,78,-70
104900023,1,46,-45
104900024,19,85,-66
104900025,57,156,-99
104900026,0,43,-43
104900027,654,262,392
104900028,21,66,-45
104900029,37,55,-18
104900030,492,214,278
104900031,60,178,-118
104900032,42,71,-29
104900033,178,236,-58
104900034,372,143,229
104900035,405,176,229
104900036,263,44,219
104900037,129,153,-24
104900038,237,928,-691
104900039,425,577,-152
104900040,490,64,426
104900041,281,124,157
104900042,178,173,5
104900043,15,181,-166
104900044,772,126,646
104900045,409,62,347
104900046,261,100,161
104900047,472,69,403
104900048,367,56,311
104900049,69,40,29
104900050,356,91,265
104900051,362,36,326
104900052,100,1,99
104900053,412,111,301
104900054,176,47,129
104900055,150,0,150
104900056,131,19,112
104900057,43,0,43
104900058,700,806,-106
104900059,125,60,65
104900060,1,450,-449
104900061,156,363,-207
104900063,1,97,-96
104900064,0,65,-65
104900065,0,174,-174
104900066,0,76,-76
104900067,12,212,-200
104900068,20,96,-76
104900070,188,196,-8
104900071,1,379,-378
104900072,54,232,-178
104900073,110,98,12
104900074,47,161,-114
104900075,79,17,62
104900076,104,183,-79
104900077,589,343,246
104900078,167,292,-125
104900079,122,474,-352
104900080,108,383,-275
104900082,22,253,-231
104900085,2,125,-123
104900087,231,13,218
104900089,369,1,368
104900090,1104,882,222
104900091,592,529,63
104900093,185,328,-143
104900097,1732,2298,-566
104900098,205,42,163
104900099,67,608,-541
104900100,237,197,40
104900102,62,106,-44
104900103,469,57,412
104900104,1924,2118,-194
104900106,208,127,81
104900107,140,161,-21
104900108,105,177,-72
104900109,144,186,-42
104900110,10,53,-43
104900111,268,91,177
104900112,245,372,-127
104900113,757,269,488
104900114,432,305,127
104900115,825,257,568
104900116,328,139,189
104900118,27,30,-3
104900119,3,48,-45
104900120,10,220,-210
104900121,1,41,-40
104900122,3,46,-43
104900123,79,28,51
104900124,73,1,72
104900125,394,5,389
104900126,47,19,28
104900127,28,48,-20
104900128,95,139,-44
104900129,1188,2505,-1317
105000001,2514,1311,1203
105000002,2370,1393,977
105000003,2939,4290,-1351
105000004,658,711,-53
105000005,1165,1217,-52
105000006,1543,1684,-141
105000007,1363,1798,-435
105000008,1348,4078,-2730
105000009,2757,2757,0
105000010,2402,1300,1102
105000011,4129,2729,1400
105000012,3099,1979,1120
105000013,1162,1053,109
105000014,2249,2902,-653
105000015,9859,16955,-7096
105000016,1651,1784,-133
105000017,1543,809,734
105000018,1031,1388,-357
105000019,817,813,4
105000020,137,494,-357
105000021,208,96,112
105000022,227,134,93
105000023,508,296,212
105000028,46,70,-24
105000029,552,1421,-869
105000030,2864,1819,1045
105000033,667,1345,-678
105000034,137,1046,-909
105000037,523,202,321
105000038,1679,1664,15
105000039,1981,1226,755
105000040,1126,1757,-631
105000041,461,973,-512
105000042,3106,1914,1192
105000043,1006,2103,-1097
105000044,1372,688,684
105000045,564,608,-44
105000046,1361,443,918
105000047,496,658,-162
105000048,701,173,528
105000049,197,316,-119
105000050,722,364,358
105000051,112,207,-95
105000052,641,653,-12
105000053,82,81,1
105000054,487,741,-254
105000055,738,243,495
105000056,1937,1399,538
105000057,1196,635,561
105000058,1070,786,284
105000059,840,550,290
105000060,444,539,-95
105000061,808,480,328
105000062,440,542,-102
105000063,290,262,28
105000064,1832,700,1132
105000065,314,406,-92
105000066,852,962,-110
105000067,1686,736,950
105000068,357,605,-248
105000069,1283,2109,-826
105000070,465,1005,-540
105000071,178,1088,-910
105000072,739,2303,-1564
105000073,913,617,296
105000074,964,600,364
105000075,478,732,-254
105000076,979,776,203
105000077,1848,1109,739
105000078,997,1334,-337
105000079,1037,3502,-2465
105000080,1942,1853,89
105000081,2895,1457,1438
105000082,1049,2390,-1341
105000083,4220,4892,-672
105000084,575,607,-32
105000085,1759,2800,-1041
105000086,647,670,-23
105000087,1110,1477,-367
105000088,1249,1496,-247
105000089,2200,1584,616
105000090,905,636,269
105000091,1079,1016,63
105000092,589,615,-26
105000093,323,369,-46
105000094,224,237,-13
105000095,103,359,-256
105000096,1122,1160,-38
105000097,764,694,70
105000098,1055,708,347
105000099,646,579,67
105000100,1425,918,507
105000101,1825,1412,413
105000102,1703,1212,491
105000103,1071,1819,-748
105000104,2454,825,1629
105000105,1002,1549,-547
105000106,1929,1454,475
105000107,1849,859,990
105000108,2373,1275,1098
105000109,2046,1318,728
105000110,950,445,505
105000111,907,461,446
105000112,1143,498,645
105000113,384,677,-293
105000114,1766,1139,627
105000115,240,1187,-947
105000116,1036,447,589
105000117,769,467,302
105000118,776,511,265
105000119,722,634,88
105000120,1301,530,771
105000121,875,726,149
105000122,478,645,-167
105000123,887,827,60
105000124,2141,603,1538
105000125,949,1239,-290
105000126,2293,1092,1201
105000127,2176,1402,774
105000128,781,766,15
105000129,917,210,707
105000130,397,3620,-3223
105000131,910,259,651
105000132,917,713,204
105000133,562,719,-157
105000134,1003,512,491
105000135,448,347,101
105000136,32,82,-50
105000137,353,143,210
105000138,39,78,-39
105000139,944,622,322
105000140,342,433,-91
105000141,315,322,-7
105000142,286,327,-41
105000143,176,377,-201
105000144,245,524,-279
105000145,775,292,483
105000146,356,579,-223
105000147,738,292,446
105000148,1059,488,571
105000149,2757,1858,899
105000150,1551,1040,511
105000151,535,310,225
105000152,147,380,-233
105000153,507,587,-80
105000154,512,418,94
105000155,297,817,-520
105000156,650,498,152
105000157,702,1218,-516
105000158,1983,609,1374
105000159,273,780,-507
105000160,2345,611,1734
105000161,703,812,-109
105000162,601,1836,-1235
105000163,904,679,225
105000164,180,222,-42
105000165,593,5807,-5214
105000166,3681,1163,2518
105000167,1226,2197,-971
105000168,508,389,119
105000169,683,216,467
105000170,306,1021,-715
105000171,1064,179,885
105000172,130,31,99
105000173,304,32,272
105000174,103,33,70
105000175,103,83,20
105000176,550,106,444
105000177,406,197,209
105000178,211,281,-70
105000179,850,124,726
105000180,229,111,118
105000181,188,149,39
105000182,56,41,15
105000183,1620,1987,-367
105000184,1087,898,189
105000185,1275,1085,190
105000186,438,597,-159
105000187,751,181,570
105000188,263,122,141
105000189,192,390,-198
105000190,343,265,78
105000191,313,242,71
105000192,323,68,255
105000193,102,88,14
105000194,361,116,245
105000195,363,509,-146
105000196,88,261,-173
105000197,260,398,-138
105000198,361,232,129
105000199,167,535,-368
105000200,151,371,-220
105000201,80,32,48
105000203,9,92,-83
105000204,111,83,28
105000205,76,115,-39
105000207,340,155,185
105000208,243,732,-489
105000209,141,196,-55
105000212,1074,707,367
105000213,118,157,-39
105000214,133,181,-48
105000215,492,147,345
105000216,159,190,-31
105000217,170,179,-9
105000218,1708,951,757
105000221,156,138,18
105000222,456,145,311
105000223,293,148,145
105000226,115,130,-15
105000227,101,97,4
105000228,185,2126,-1941
105000229,165,599,-434
105000231,393,335,58
105000233,1011,667,344
105000234,388,780,-392
105000235,398,485,-87
105000237,837,59,778
105000243,40,71,-31
105000248,95,109,-14
105000262,404,729,-325
105000269,257,219,38
105000270,578,34,544
105000271,1,148,-147
105000282,39,32,7
105000287,321,88,233
105000288,769,395,374
105000289,1787,2167,-380
105000290,26,12,14
105000402,2242,4547,-2305
105000426,334,609,-275
105000438,3272,1706,1566
105000446,7072,4695,2377
105000447,4017,2102,1915
105000454,684,142,542
105000455,148,140,8
105000474,133,0,133
105000477,505,523,-18
105000478,2158,5931,-3773
105000479,123,129,-6
105000480,7804,7927,-123
105000481,4633,3479,1154
105000482,3488,6515,-3027
105000483,1650,2507,-857
105000484,1555,2633,-1078
105000485,1521,3368,-1847
105000486,2303,2125,178
105000488,7915,3976,3939
105000489,923,643,280
105000549,80,104,-24
105000550,374,1175,-801
105000551,32,72,-40
105000552,1525,1034,491
105900001,3,1542,-1539
105900002,738,718,20
105900003,10,91,-81
105900004,233,108,125
105900005,5,175,-170
105900006,10,167,-157
105900007,80,37,43
105900008,67,325,-258
105900009,22,9,13
105900011,166,30,136
105900012,595,99,496
105900013,9,49,-40
105900014,11,79,-68
105900015,100,267,-167
105900016,753,317,436
105900017,1661,38,1623
105900018,132,130,2
105900019,64,512,-448
105900020,57,70,-13
105900021,30,337,-307
105900022,292,189,103
105900023,9,107,-98
105900024,19,181,-162
105900025,280,15,265
105900026,260,26,234
105900027,9240,8047,1193
105900028,524,513,11
105900029,1490,399,1091
105900030,200,248,-48
105900031,312,180,132
105900032,85,105,-20
105900033,101,87,14
105900034,247,164,83
105900035,251,231,20
105900036,145,75,70
105900037,122,57,65
105900038,128,223,-95
105900039,173,63,110
105900040,68,108,-40
105900041,161,264,-103
105900042,82,128,-46
105900043,1102,63,1039
105900044,1,258,-257
105900045,3,779,-776
105900046,4,164,-160
105900047,27,32,-5
105900048,84,445,-361
105900050,6721,5100,1621
105900051,47,1028,-981
105900052,508,297,211
105900053,2258,3308,-1050
105900054,315,206,109
105900056,468,496,-28
105900057,26,94,-68
105900058,26,21,5
105900059,0,71,-71
106000001,3409,2602,807
106000002,1305,4194,-2889
106000003,2686,3420,-734
106000004,1294,2031,-737
106000005,3943,4513,-570
106000006,4337,2315,2022
106000007,467,500,-33
106000008,442,227,215
106000009,617,354,263
106000010,526,443,83
106000011,1257,1077,180
106000012,771,832,-61
106000013,1998,1723,275
106000014,1540,1162,378
106000015,2039,1130,909
106000016,1078,1399,-321
106000017,545,624,-79
106000018,498,304,194
106000019,399,352,47
106000020,390,204,186
106000021,330,375,-45
106000022,358,143,215
106000023,573,239,334
106000024,545,259,286
106000025,119,177,-58
106000026,39,119,-80
106000027,1570,1106,464
106000028,543,254,289
106000029,616,636,-20
106000030,316,506,-190
106000034,207,401,-194
106000035,893,1920,-1027
106000036,139,386,-247
106000037,1522,1079,443
106000038,154,98,56
106000039,112,124,-12
106000040,98,725,-627
106000041,561,622,-61
106000043,463,265,198
106000046,277,101,176
106000047,27,457,-430
106000049,1011,192,819
106000050,224,414,-190
106000051,725,515,210
106000052,116,384,-268
106000053,491,127,364
106000054,326,279,47
106000055,1197,785,412
106000056,216,212,4
106000057,529,265,264
106000058,126,112,14
106000059,475,232,243
106000060,204,355,-151
106000061,232,463,-231
106000062,141,430,-289
106000063,715,472,243
106000064,34,250,-216
106000065,364,331,33
106000066,98,197,-99
106000067,466,98,368
106000068,46,414,-368
106000069,311,67,244
106000070,397,577,-180
106000071,1016,247,769
106000072,2066,1364,702
106000073,1097,2893,-1796
106000074,571,604,-33
106000075,261,1328,-1067
106000076,1475,1572,-97
106000077,2639,1030,1609
106000078,1213,602,611
106000079,788,668,120
106000080,1205,471,734
106000081,673,915,-242
106000082,1976,667,1309
106000083,402,1233,-831
106000084,1132,614,518
106000085,1193,1379,-186
106000086,582,716,-134
106000087,867,485,382
106000088,358,629,-271
106000089,1097,267,830
106000090,265,424,-159
106000091,224,396,-172
106000092,681,226,455
106000093,260,121,139
106000094,80,199,-119
106000095,946,542,404
106000096,963,507,456
106000097,1216,527,689
106000098,816,601,215
106000099,210,513,-303
106000100,1151,167,984
106000101,701,173,528
106000102,140,409,-269
106000103,238,317,-79
106000104,624,277,347
106000105,505,374,131
106000106,718,281,437
106000107,102,150,-48
106000108,259,129,130
106000109,165,136,29
106000110,336,153,183
106000111,167,187,-20
106000112,256,433,-177
106000113,472,361,111
106000114,376,541,-165
106000115,144,245,-101
106000116,298,177,121
106000117,812,449,363
106000118,1373,1436,-63
106000119,937,653,284
106000120,1050,1292,-242
106000121,180,124,56
106000122,162,108,54
106000123,475,61,414
106000124,72,100,-28
106000125,28,129,-101
106000126,297,46,251
106000127,863,405,458
106000128,810,95,715
106000129,419,266,153
106000130,924,231,693
106000131,121,511,-390
106000132,428,138,290
106000133,982,962,20
106000134,378,1563,-1185
106000135,136,394,-258
106000136,544,906,-362
106000137,62,406,-344
106000138,1157,81,1076
106000139,50,56,-6
106000140,62,28,34
106000141,95,28,67
106000142,74,42,32
106000143,40,24,16
106000144,23,65,-42
106000145,302,120,182
106000146,452,104,348
106000147,340,294,46
106000148,326,468,-142
106000149,757,222,535
106000150,449,1586,-1137
106000151,2653,647,2006
106000152,898,1727,-829
106000153,54,1410,-1356
106000154,839,120,719
106000155,140,243,-103
106000156,1353,235,1118
106000157,567,1225,-658
106000158,1587,784,803
106000159,2041,1753,288
106000160,547,2929,-2382
106000161,1268,240,1028
106000162,292,1049,-757
106000163,380,220,160
106000164,514,206,308
106000165,263,298,-35
106000166,887,248,639
106000167,423,609,-186
106000168,612,251,361
106000169,332,391,-59
106000170,832,206,626
106000171,233,874,-641
106000172,2917,1244,1673
106000173,965,1940,-975
106000174,1299,364,935
106000175,322,585,-263
106000176,1909,781,1128
106000177,850,1658,-808
106000178,3453,1362,2091
106000179,843,1343,-500
106000180,766,779,-13
106000181,1054,1390,-336
106000182,1732,588,1144
106000183,1627,464,1163
106000184,2381,509,1872
106000185,1376,1106,270
106000186,765,108,657
106000187,190,1005,-815
106000188,0,5,-5
106000189,4,23,-19
106000190,37,0,37
106000191,625,123,502
106000192,4,16,-12
106000193,343,221,122
106000194,131,431,-300
106000195,867,347,520
106000196,271,766,-495
106000197,716,402,314
106000198,188,205,-17
106000199,839,725,114
106000200,167,211,-44
106000201,412,3255,-2843
106000202,2259,510,1749
106000203,22,108,-86
106000204,125,5,120
106000205,13,85,-72
106000206,63,20,43
106000207,22,415,-393
106000208,1713,147,1566
106000209,1725,415,1310
106000210,321,609,-288
106000211,285,925,-640
106000212,894,482,412
106000213,383,1683,-1300
106000214,1426,773,653
106000215,308,374,-66
106000216,440,240,200
106000217,214,251,-37
106000218,306,294,12
106000219,121,173,-52
106000220,342,160,182
106000221,231,124,107
106000222,108,69,39
106000223,305,87,218
106000224,221,123,98
106000225,84,109,-25
106000226,105,149,-44
106000228,67,60,7
106000229,63,439,-376
106000231,970,73,897
106000232,58,233,-175
106000233,589,68,521
106000234,41,197,-156
106000235,709,117,592
106000236,186,111,75
106000237,2,18,-16
106000238,12,10,2
106000239,2,78,-76
106000240,34,2,32
106000241,19,413,-394
106000242,204,57,147
106000249,49,45,4
106000250,86,555,-469
106000251,136,46,90
106000252,20,74,-54
106000253,72,70,2
106000254,45,21,24
106000255,28,158,-130
106000256,31,36,-5
106000257,207,196,11
106000258,320,20,300
106000259,7,55,-48
106000260,21,6,15
106000261,3,51,-48
106000262,71,8,63
106000263,15,43,-28
106000264,220,9,211
106000265,8,114,-106
106000266,118,24,94
106000267,1,104,-103
106000268,350,51,299
106000269,29,35,-6
106000270,126,379,-253
106000271,78,122,-44
106000272,198,45,153
106000273,9,178,-169
106000274,122,34,88
106000275,133,282,-149
106000276,100,32,68
106000277,104,275,-171
106000278,130,17,113
106000279,16,9,7
106000280,56,33,23
106000281,64,38,26
106000282,50,41,9
106000283,146,32,114
106000284,93,54,39
106000285,129,61,68
106000286,139,72,67
106000287,141,48,93
106000288,119,84,35
106000289,106,34,72
106000290,65,63,2
106000291,98,76,22
106000292,59,70,-11
106000293,126,55,71
106000294,120,90,30
106000295,35,56,-21
106000296,31,45,-14
106000297,72,256,-184
106000298,76,57,19
106000299,50,106,-56
106000300,53,99,-46
106000301,53,85,-32
106000303,22,52,-30
106000304,29,51,-22
106000305,55,59,-4
106000306,44,43,1
106000307,57,24,33
106000308,21,68,-47
106000309,45,43,2
106000310,333,360,-27
106000311,462,191,271
106000312,107,100,7
106000313,307,117,190
106000318,54,452,-398
106000319,1131,253,878
106000320,2,75,-73
106000321,213,132,81
106000322,169,100,69
106000324,20,84,-64
106000325,1804,938,866
106000326,842,1160,-318
106000327,202,59,143
106000328,30,119,-89
106000329,111,209,-98
106000330,38,82,-44
106000428,103,118,-15
106000429,149,231,-82
106000430,278,886,-608
106000431,2301,390,1911
106000432,1124,1995,-871
106000433,2713,1248,1465
106000434,3235,1697,1538
106000435,927,1752,-825
106000436,12,122,-110
106000437,372,56,316
106000438,440,269,171
106000439,112,407,-295
106000440,187,271,-84
106000441,0,1,-1
106000442,131,7,124
106000443,170,155,15
106000450,2,95,-93
106000451,28,87,-59
106000454,1,71,-70
106000455,4,87,-83
106000456,113,22,91
106000457,29,457,-428
106000458,1174,52,1122
106000459,179,180,-1
106000460,1917,29,1888
106000461,166,530,-364
106000462,0,28,-28
106000463,7,14,-7
106000464,6,214,-208
106000465,913,8,905
106000466,11,298,-287
106000467,171,278,-107
106000468,91,113,-22
106000469,89,0,89
106000470,246,1847,-1601
106000471,15,289,-274
106000472,175,26,149
106000473,55,10,45
106000474,217,216,1
106000475,352,147,205
106000476,77,195,-118
106000477,20,10,10
106900001,0,11,-11
106900002,1,225,-224
106900003,118,612,-494
106900004,1,21,-20
106900006,0,5,-5
106900007,1,8,-7
106900008,470,109,361
106900009,444,228,216
106900010,218,215,3
106900012,1047,2185,-1138
106900013,548,204,344
106900014,48,2,46
106900015,35,1,34
106900016,328,14,314
106900017,14,2,12
106900018,7,0,7
106900019,88,7,81
106900020,1276,1685,-409
106900021,221,89,132
106900022,905,5,900
106900023,62,209,-147
106900024,670,90,580
106900025,36,381,-345
106900026,1,278,-277
106900027,931,3,928
107000001,3210,5397,-2187
107000002,1995,3854,-1859
107000003,7068,6793,275
107000004,3885,3200,685
107000005,6551,5794,757
107000006,3417,2207,1210
107000007,5972,10064,-4092
107000008,6515,5039,1476
107000009,9210,7806,1404
107000010,7077,5874,1203
107000011,668,914,-246
107000012,2760,1966,794
107000013,89,46,43
107000014,67,99,-32
107000015,385,461,-76
107000016,635,500,135
107000017,1447,1976,-529
107000018,12,1490,-1478
107000020,1237,1788,-551
107000021,1027,368,659
107000022,720,1409,-689
107000023,1664,182,1482
107000024,579,1138,-559
107000025,255,327,-72
107000026,282,359,-77
107000027,1604,793,811
107000028,1161,823,338
107000029,3606,2758,848
107000030,2085,1795,290
107000031,5276,2867,2409
107000032,449,697,-248
107000033,2155,3141,-986
107000034,3303,1164,2139
107000035,442,200,242
107000036,347,1022,-675
107000037,98,771,-673
107000038,166,186,-20
107000039,717,693,24
107000040,222,289,-67
107000041,1654,906,748
107000042,702,1880,-1178
107000043,1962,1065,897
107000044,366,306,60
107000045,46,262,-216
107000046,740,398,342
107000047,405,649,-244
107000048,659,263,396
107000049,643,677,-34
107000050,1094,529,565
107000051,178,242,-64
107000052,1065,906,159
107000053,360,219,141
107000054,31,199,-168
107000055,142,52,90
107000056,386,581,-195
107000057,804,164,640
107000058,2018,2485,-467
107000059,1746,2716,-970
107000060,4949,4989,-40
107000061,4385,2820,1565
107000062,6043,2723,3320
107000063,4241,3373,868
107000064,4900,2550,2350
107000065,3297,3245,52
107000066,1825,3014,-1189
107000067,1332,1368,-36
107000068,1344,831,513
107000069,1045,664,381
107000070,1241,17,1224
107000071,4291,74,4217
107000072,37,1556,-1519
107000073,975,530,445
107000074,139,580,-441
107000075,2284,660,1624
107000076,423,975,-552
107000077,4278,1656,2622
107000078,1780,2122,-342
107000079,3167,1298,1869
107000080,992,1998,-1006
107000081,2717,534,2183
107000082,633,833,-200
107000083,1980,539,1441
107000084,342,1049,-707
107000085,2748,2765,-17
107000086,3047,2785,262
107000087,3193,1987,1206
107000088,3147,2976,171
107000089,1836,1721,115
107000090,1094,799,295
107000091,1775,707,1068
107000092,1020,686,334
107000093,1383,849,534
107000094,885,752,133
107000095,1033,459,574
107000096,499,528,-29
107000097,426,204,222
107000098,192,261,-69
107000099,438,312,126
107000100,328,260,68
107000101,87,155,-68
107000102,203,208,-5
107000103,191,185,6
107000104,159,213,-54
107000105,448,136,312
107000106,205,206,-1
107000107,482,125,357
107000108,126,327,-201
107000109,747,127,620
107000110,62,218,-156
107000111,395,62,333
107000112,34,161,-127
107000113,741,128,613
107000114,83,296,-213
107000115,677,201,476
107000116,95,474,-379
107000117,167,670,-503
107000118,128,109,19
107000119,1275,1455,-180
107000120,680,500,180
107000121,1150,479,671
107000122,1013,601,412
107000123,662,366,296
107000124,627,524,103
107000125,766,316,450
107000126,673,340,333
107000127,31,198,-167
107000129,151,115,36
107000130,305,238,67
107000131,387,285,102
107000132,704,396,308
107000133,481,126,355
107000134,276,1,275
107000135,1,298,-297
107000136,735,11,724
107000137,7,428,-421
107000138,224,21,203
107000139,14,616,-602
107000140,1524,110,1414
107000141,127,586,-459
107000142,488,125,363
107000143,81,525,-444
107000144,523,539,-16
107000145,123,342,-219
107000146,205,365,-160
107000147,2964,739,2225
107000150,533,2597,-2064
107000151,30,105,-75
107000152,372,1758,-1386
107000153,86,347,-261
107000154,126,266,-140
107000155,931,25,906
107000156,1364,24,1340
107000157,34,671,-637
107000158,472,18,454
107000159,14,335,-321
107000160,1485,158,1327
107000161,70,638,-568
107000162,365,573,-208
107000163,237,11,226
107000164,934,5,929
107000165,1856,9,1847
107000166,26,604,-578
107000167,785,202,583
107000168,1127,604,523
107000169,428,556,-128
107000170,3485,920,2565
107000171,634,1195,-561
107000172,1467,1783,-316
107000173,575,597,-22
107000174,1283,6377,-5094
107000175,4184,1175,3009
107000176,0,0,0
107000177,20,2,18
107000178,37,15,22
107000179,293,1148,-855
107000180,1817,223,1594
107000181,446,664,-218
107000182,2282,733,1549
107000183,158,600,-442
107000184,1224,558,666
107000185,521,1161,-640
107000186,1633,425,1208
107000187,1469,970,499
107000188,768,521,247
107000189,649,794,-145
107000190,887,576,311
107000191,864,741,123
107000192,1888,573,1315
107000193,475,517,-42
107000194,669,561,108
107000197,1002,320,682
107000198,324,498,-174
107000199,774,596,178
107000200,560,622,-62
107000201,401,339,62
107000202,314,419,-105
107000203,1037,1053,-16
107000204,1184,1283,-99
107000205,1635,797,838
107000206,734,1509,-775
107000207,661,1104,-443
107000208,868,587,281
107000209,1368,1464,-96
107000210,391,269,122
107000211,6,65,-59
107000212,58,337,-279
107000213,4,29,-25
107000214,40,174,-134
107000215,419,294,125
107000216,636,335,301
107000217,228,218,10
107000219,105,203,-98
107000220,237,160,77
107000222,277,442,-165
107000224,572,100,472
107000225,152,236,-84
107000226,655,149,506
107000227,93,108,-15
107000228,91,405,-314
107000229,44,60,-16
107000230,904,385,519
107000231,825,1927,-1102
107000232,110,9,101
107000233,614,936,-322
107000234,5,96,-91
107000235,78,7,71
107000236,12,389,-377
107000237,48,0,48
107000238,50,4,46
107000239,1801,482,1319
107000240,112,385,-273
107000241,65,15,50
107000242,219,18,201
107000243,0,31,-31
107000244,1,57,-56
107000246,6,906,-900
107000249,0,923,-923
107000251,0,304,-304
107000252,2,648,-646
107000255,178,144,34
107000257,3,342,-339
107000258,3,189,-186
107000259,1,131,-130
107000260,2019,21,1998
107000262,1,218,-217
107000263,434,3,431
107000266,9,12,-3
107000267,35,81,-46
107000268,82,68,14
107000269,154,9,145
107000270,86,33,53
107000271,10,69,-59
107000272,37,24,13
107000273,1,137,-136
107000274,1266,297,969
107000275,11,1167,-1156
107000280,1103,36,1067
107000281,31,308,-277
107000282,24,401,-377
107000290,12,12,0
107000291,11,3,8
107000292,0,84,-84
107000293,20,4,16
107000294,0,59,-59
107000295,38,1,37
107000296,1,13,-12
107000444,317,5,312
107000496,5,9,-4
107000497,1086,1327,-241
107000500,322,212,110
107000501,74,116,-42
107000502,154,192,-38
107000505,212,566,-354
107000506,1,18,-17
107000508,1,267,-266
107000509,152,655,-503
107000510,24,53,-29
107000514,67,417,-350
107000515,14,80,-66
107000516,430,379,51
107000518,1157,2019,-862
107000519,866,565,301
107000520,89,80,9
107900001,105,82,23
107900002,96,15,81
107900003,713,22,691
107900004,181,1,180
107900005,1756,7,1749
107900006,316,7,309
107900007,483,51,432
107900008,112,14,98
107900009,136,7,129
107900010,88,9,79
107900012,308,82,226
107900013,246,12,234
107900014,70,11,59
107900015,1515,17,1498
107900016,289,114,175
107900017,39,9,30
107900018,80,281,-201
107900019,23,18,5
107900020,73,7,66
107900021,104,92,12
107900023,2,4,-2
107900024,0,6,-6
107900025,179,170,9
107900026,76,24,52
107900027,54,51,3
107900028,143,65,78
107900030,222,35,187
107900031,73,45,28
107900032,21,8,13
107900033,55,18,37
107900034,476,33,443
107900035,1255,55,1200
107900036,99,28,71
107900037,0,1,-1
107900038,95,338,-243
107900039,47,31,16
107900040,43,240,-197
107900041,1,5,-4
107900043,61,95,-34
107900044,23,19,4
107900045,135,83,52
107900046,178,287,-109
107900047,15,7,8
107900048,311,30,281
107900049,206,1145,-939
107900050,47,206,-159
107900051,79,60,19
107900052,8,34,-26
107900053,58,76,-18
107900055,862,403,459
107900056,148,74,74
107900057,3,0,3
107900058,26,460,-434
107900060,17,83,-66
107900061,12,12,0
107900063,93,115,-22
107900064,351,266,85
107900065,429,18,411
107900066,45,10,35
107900067,0,0,0
107900068,106,565,-459
107900069,30,2750,-2720
107900070,273,116,157
107900071,25,402,-377
107900072,165,71,94
107900073,215,55,160
107900074,395,387,8
107900076,149,43,106
107900077,92,3,89
107900078,255,74,181
107900079,7,27,-20
107900080,257,730,-473
107900081,52,72,-20
107900082,11,9,2
107900083,361,206,155
107900084,129,135,-6
107900086,25,258,-233
107900087,404,176,228
107900088,97,12,85
107900089,199,780,-581
107900090,565,2979,-2414
107900091,154,223,-69
107900092,1328,323,1005
107900093,82,75,7
107900095,2206,2380,-174
107900097,51,71,-20
107900098,92,175,-83
107900100,669,1792,-1123
107900101,623,96,527
107900102,44,12,32
107900103,53,162,-109
107900104,169,5,164
107900105,2,165,-163
107900106,1,517,-516
107900107,1364,570,794
107900108,153,129,24
107900109,1898,34,1864
107900110,109,33,76
107900111,6,448,-442
107900112,88,430,-342
107900113,334,54,280
107900114,214,93,121
107900115,4,24,-20
107900116,270,89,181
107900117,266,199,67
107900118,40,90,-50
107900119,89,352,-263
107900120,37,48,-11
107900121,1,115,-114
107900122,0,90,-90
107900123,7,40,-33
107900124,18,37,-19
107900125,15,201,-186
107900126,16,46,-30
107900127,460,406,54
107900128,74,79,-5
107900129,119,16,103
107900130,105,22,83
107900131,325,432,-107
107900132,99,202,-103
107900133,1,52,-51
107900134,62,143,-81
107900135,12,122,-110
107900136,29,42,-13
107900137,164,155,9
107900138,78,32,46
107900139,56,52,4
107900140,63,46,17
107900141,51,44,7
107900142,54,459,-405
107900143,35,12,23
107900144,1,98,-97
107900145,7,111,-104
107900146,87,186,-99
107900147,61,51,10
107900148,170,89,81
107900149,543,163,380
107900150,56,342,-286
107900151,38,56,-18
107900152,12,119,-107
107900153,83,410,-327
107900154,85,12,73
107900155,88,62,26
107900156,9,122,-113
107900157,45,51,-6
107900158,1246,37,1209
107900159,21,482,-461
107900160,153,110,43
107900161,42,77,-35
107900162,0,103,-103
107900163,77,186,-109
107900164,30,39,-9
107900165,43,150,-107
107900166,31,92,-61
107900167,11,44,-33
107900168,52,33,19
107900169,14,174,-160
107900171,6,570,-564
107900172,1,168,-167
107900173,39,48,-9
107900174,171,2,169
107900175,10,31,-21
107900176,41,25,16
107900177,6,151,-145
107900178,31,82,-51
107900179,31,72,-41
107900180,325,815,-490
107900181,383,276,107
107900182,0,588,-588
107900183,106,134,-28
107900184,126,159,-33
107900185,179,5,174
107900186,59,50,9
107900187,0,108,-108
107900188,371,155,216
107900189,45,74,-29
107900190,45,164,-119
107900191,97,83,14
107900193,1,62,-61
107900194,295,18,277
107900195,1224,305,919
107900196,58,63,-5
107900197,387,490,-103
107900199,3,440,-437
107900201,61,80,-19
107900203,45,68,-23
107900204,119,283,-164
107900205,237,283,-46
107900206,1142,354,788
107900207,14,249,-235
107900208,8,280,-272
107900209,220,112,108
107900210,47,64,-17
107900213,727,687,40
107900214,16,60,-44
107900215,150,462,-312
107900216,161,81,80
107900217,56,136,-80
107900218,26,1056,-1030
107900219,47,37,10
107900220,146,295,-149
107900221,101,175,-74
107900223,183,328,-145
107900224,144,471,-327
107900225,3,364,-361
107900226,84,71,13
107900227,142,316,-174
107900228,18,68,-50
107900229,0,135,-135
107900230,4,48,-44
107900231,18,119,-101
107900232,124,67,57
107900233,7,82,-75
107900234,148,77,71
107900235,18,100,-82
107900236,182,39,143
107900237,28,287,-259
107900238,24,54,-30
107900239,411,595,-184
107900240,37,55,-18
107900241,4,53,-49
107900242,35,105,-70
107900243,1,39,-38
107900244,436,32,404
107900245,825,39,786
107900246,366,20,346
107900248,310,209,101
107900249,1141,73,1068
107900250,4,281,-277
107900251,51,817,-766
107900252,1325,37,1288
107900253,292,16,276
107900254,57,267,-210
107900255,185,110,75
107900256,927,1236,-309
107900257,301,152,149
107900258,126,144,-18
107900259,71,2752,-2681
107900261,2,154,-152
107900262,63,70,-7
107900264,512,16,496
107900265,267,113,154
107900267,366,13,353
107900268,7,0,7
107900269,0,2,-2
107900270,0,0,0
107900271,0,10,-10
107900272,20,9,11
107900273,66,80,-14
107900274,136,0,136
107900275,41,0,41
107900276,1,55,-54
107900277,0,138,-138
107900278,455,258,197
107900279,58,123,-65
107900280,2146,2181,-35
107900281,698,3779,-3081
107900282,37,690,-653
107900283,737,752,-15
107900284,710,346,364
107900285,148,46,102
107900286,81,76,5
107900287,371,204,167
107900290,0,203,-203
107900291,608,25,583
107900292,123,85,38
107900293,75,229,-154
107900295,66,26,40
107900297,3,295,-292
107900298,637,487,150
107900299,2101,2618,-517
107900300,99,331,-232
107900301,771,808,-37
107900302,148,37,111
107900303,335,242,93
107900304,501,280,221
107900305,394,19,375
107900306,8,43,-35
107900307,32,179,-147
107900308,180,212,-32
107900309,59,0,59
107900310,326,6,320
107900311,2,554,-552
107900312,79,2,77
107900313,0,155,-155
107900314,1,41,-40
107900315,1,40,-39
107900316,66,0,66
107900317,129,12,117
107900318,11,105,-94
107900319,5,128,-123
107900320,6,87,-81
107900321,121,2,119
107900322,3,59,-56
107900323,23,64,-41
107900324,128,0,128
107900325,115,0,115
107900326,544,138,406
107900327,0,35,-35
107900328,61,0,61
107900329,46,62,-16
107900330,11,220,-209
107900331,269,21,248
107900332,282,10,272
107900333,92,25,67
107900334,11,70,-59
107900335,55,29,26
107900336,30,68,-38
107900337,528,920,-392
107900338,0,118,-118
107900339,1,26,-25
107900340,0,40,-40
107900341,89,1,88
107900342,55,65,-10
107900343,55,2,53
107900344,1,58,-57
107900345,99,26,73
107900346,14,1,13
107900347,21,4,17
107900348,1,1,0
107900349,26,8,18
107900350,37,158,-121
108000001,3377,3440,-63
108000002,1630,1706,-76
108000003,3694,3877,-183
108000004,9446,11085,-1639
108000005,8112,6201,1911
108000006,5618,5502,116
108000007,5239,3968,1271
108000008,3526,4576,-1050
108000009,4525,5217,-692
108000010,2867,3290,-423
108000011,12915,12795,120
108000012,10678,11471,-793
108000014,508,1018,-510
108000015,869,204,665
108000016,295,551,-256
108000017,1250,379,871
108000018,1945,613,1332
108000019,1479,915,564
108000020,1286,581,705
108000021,322,1284,-962
108000022,387,961,-574
108000023,1291,253,1038
108000024,317,279,38
108000025,318,209,109
108000026,789,269,520
108000027,794,301,493
108000028,756,192,564
108000029,566,375,191
108000030,674,199,475
108000031,223,526,-303
108000032,1966,723,1243
108000033,787,711,76
108000034,2008,444,1564
108000035,609,1368,-759
108000036,340,629,-289
108000037,1834,449,1385
108000038,2971,540,2431
108000039,431,1258,-827
108000040,2260,987,1273
108000041,653,1695,-1042
108000042,386,162,224
108000043,222,181,41
108000044,725,115,610
108000045,287,290,-3
108000046,1690,259,1431
108000047,450,656,-206
108000048,125,260,-135
108000049,992,248,744
108000050,83,284,-201
108000051,370,164,206
108000052,158,397,-239
108000053,473,248,225
108000054,391,883,-492
108000055,1142,635,507
108000056,695,1184,-489
108000057,548,1426,-878
108000058,1684,3544,-1860
108000059,2130,1504,626
108000060,222,418,-196
108000061,130,210,-80
108000062,1080,624,456
108000063,539,398,141
108000064,342,219,123
108000065,457,339,118
108000066,1412,622,790
108000067,2225,684,1541
108000068,836,434,402
108000069,174,570,-396
108000070,2345,654,1691
108000071,538,953,-415
108000072,2050,1024,1026
108000073,1139,1150,-11
108000074,716,326,390
108000075,351,643,-292
108000076,946,522,424
108000077,548,458,90
108000078,2928,1073,1855
108000079,599,990,-391
108000080,1803,502,1301
108000081,542,835,-293
108000082,747,1281,-534
108000083,2048,989,1059
108000084,402,795,-393
108000085,1007,488,519
108000086,511,456,55
108000087,129,2535,-2406
108000088,237,11,226
108000089,448,393,55
108000090,629,139,490
108000091,470,352,118
108000092,160,67,93
108000093,217,313,-96
108000094,721,91,630
108000095,180,193,-13
108000096,407,163,244
108000097,110,253,-143
108000098,2262,959,1303
108000099,244,52,192
108000100,73,159,-86
108000101,1798,1375,423
108000102,1628,3452,-1824
108000106,749,1,748
108000107,4,630,-626
108000108,615,65,550
108000109,12,625,-613
108000110,304,201,103
108000111,176,427,-251
108000112,46,133,-87
108000113,369,174,195
108000115,188,311,-123
108000117,475,480,-5
108000118,39,253,-214
108000119,407,248,159
108000120,148,800,-652
108000121,161,265,-104
108000122,738,323,415
108000123,690,131,559
108000124,372,348,24
108000125,594,132,462
108000126,185,270,-85
108000127,634,128,506
108000128,708,250,458
108000129,454,499,-45
108000130,678,208,470
108000131,937,485,452
108000132,1244,851,393
108000133,1256,524,732
108000134,423,327,96
108000135,1351,473,878
108000136,272,566,-294
108000137,617,157,460
108000138,403,258,145
108000139,572,188,384
108000140,119,24,95
108000141,34,33,1
108000142,57,47,10
108000143,43,12,31
108000144,51,10,41
108000145,51,14,37
108000146,87,8,79
108000147,42,17,25
108000148,90,23,67
108000149,28,10,18
108000150,56,2,54
108000151,8,8,0
108000152,93,172,-79
108000153,764,99,665
108000154,39,7,32
108000155,48,21,27
108000156,407,85,322
108000157,213,1356,-1143
108000158,49,910,-861
108000159,287,197,90
108000160,1468,990,478
108000161,1724,3116,-1392
108000165,3,230,-227
108000172,3,357,-354
108000173,946,2018,-1072
108000175,361,84,277
108000178,291,304,-13
108000179,129,1016,-887
108000181,62,29,33
108000182,53,16,37
108000183,15,4,11
108000184,628,2427,-1799
108000185,274,249,25
108000186,185,35,150
108000187,96,199,-103
108000188,767,165,602
108000189,346,1409,-1063
108000190,29,97,-68
108000192,210,319,-109
108000193,456,40,416
108000194,30,9,21
108000195,3,612,-609
108000196,164,179,-15
108000197,138,208,-70
108000198,537,150,387
108000199,0,253,-253
108000200,665,204,461
108000202,2,315,-313
108000203,92,247,-155
108000204,154,58,96
108000205,144,221,-77
108000339,878,347,531
108000364,74,276,-202
108000365,55,231,-176
108000367,151,239,-88
108000368,9,37,-28
108000369,361,178,183
108000371,2,481,-479
108000372,663,3,660
108000373,233,83,150
108000376,111,50,61
108000377,500,112,388
108000378,9098,10773,-1675
108000379,22,151,-129
108000381,89,12,77
108000382,37,0,37
108000383,0,95,-95
108900001,77,493,-416
108900002,179,64,115
108900003,216,454,-238
108900004,126,507,-381
108900005,72,512,-440
108900006,694,154,540
108900007,391,179,212
108900008,213,124,89
108900009,159,125,34
108900010,347,123,224
108900011,734,312,422
108900012,528,348,180
108900013,205,198,7
108900014,26,93,-67
108900015,1,88,-87
108900016,1,147,-146
108900017,390,501,-111
108900018,198,306,-108
108900019,45,503,-458
108900020,60,110,-50
108900021,126,151,-25
108900022,111,4,107
108900023,0,29,-29
108900024,43,56,-13
108900025,202,66,136
108900026,21,66,-45
108900027,0,31,-31
108900028,123,146,-23
108900029,48,161,-113
108900030,0,35,-35
108900031,167,193,-26
108900032,6,174,-168
108900033,1,113,-112
108900034,1,98,-97
108900035,287,663,-376
108900036,202,200,2
108900037,44,200,-156
108900038,2,174,-172
108900039,1,218,-217
108900040,4,69,-65
108900041,3578,3643,-65
108900042,8,380,-372
108900043,53,391,-338
108900044,0,238,-238
108900045,74,258,-184
108900046,25,435,-410
108900047,0,58,-58
108900048,69,509,-440
108900049,1376,1752,-376
108900050,0,114,-114
108900051,1,103,-102
108900052,27,121,-94
108900053,71,228,-157
108900054,65,159,-94
108900055,37,355,-318
108900056,0,92,-92
108900057,1,120,-119
108900058,46,195,-149
108900059,600,63,537
108900060,133,162,-29
108900061,89,33,56
108900062,2,121,-119
108900063,33,161,-128
108900064,357,34,323
108900065,16,128,-112
108900066,490,149,341
108900067,32,121,-89
108900068,6,48,-42
108900069,92,47,45
108900070,22,71,-49
108900071,134,50,84
108900072,1727,602,1125
108900073,7,34,-27
108900074,300,170,130
108900075,46,47,-1
108900076,546,51,495
108900077,73,88,-15
108900078,70,98,-28
108900079,502,109,393
108900080,39,1129,-1090
108900081,44,184,-140
108900082,145,51,94
108900083,28,337,-309
108900084,312,228,84
108900085,1224,148,1076
108900086,208,168,40
108900087,60,158,-98
108900088,1030,449,581
108900089,26,190,-164
108900090,81,153,-72
108900091,125,40,85
108900092,535,260,275
108900093,149,122,27
108900094,265,64,201
108900095,27,237,-210
108900096,220,8,212
108900097,327,143,184
108900098,1251,1200,51
108900099,512,131,381
108900100,75,105,-30
108900101,218,263,-45
108900102,85,1336,-1251
108900103,72,169,-97
108900104,84,329,-245
108900105,6,1277,-1271
108900106,606,142,464
108900108,446,48,398
108900109,59,60,-1
108900110,248,257,-9
108900111,588,313,275
108900112,384,21,363
108900113,58,88,-30
108900114,5,2,3
108900115,169,73,96
108900116,92,14,78
108900117,238,27,211
108900118,817,20,797
108900119,491,34,457
108900120,240,192,48
108900121,383,143,240
108900122,232,22,210
108900123,228,169,59
108900124,620,223,397
108900125,666,8,658
108900126,109,80,29
108900127,224,22,202
108900128,140,50,90
108900129,947,185,762
108900130,465,7,458
108900131,411,7,404
108900132,582,82,500
108900133,371,42,329
108900134,563,167,396
108900135,218,15,203
108900136,69,4,65
108900137,258,5,253
108900138,949,73,876
108900139,811,108,703
108900140,450,169,281
108900141,457,11,446
108900142,120,5,115
108900143,134,0,134
108900144,130,0,130
108900145,194,14,180
108900146,96,0,96
108900147,287,0,287
108900148,82,22,60
108900149,470,217,253
108900150,330,17,313
108900151,79,18,61
108900152,244,71,173
108900153,284,192,92
108900154,5390,421,4969
108900155,273,57,216
108900156,112,6,106
108900157,44,241,-197
108900158,487,26,461
108900159,2,121,-119
108900160,10,178,-168
108900161,4,260,-256
108900162,149,3,146
108900163,7,309,-302
108900164,40,66,-26
108900165,89,62,27
108900167,1006,8781,-7775
108900168,4293,2925,1368
108900169,68,119,-51
108900171,3661,3360,301
108900172,254,52,202
108900173,142,320,-178
108900174,1094,527,567
108900176,154,261,-107
108900177,3062,6310,-3248
108900178,2798,3876,-1078
108900179,491,2430,-1939
108900180,183,251,-68
108900182,36,386,-350
108900183,211,150,61
108900184,580,198,382
108900185,138,315,-177
108900186,108,268,-160
108900187,608,36,572
108900188,885,63,822
108900189,578,116,462
108900190,62,1552,-1490
108900191,251,41,210
108900192,152,184,-32
108900193,54,33,21
108900194,8,194,-186
108900195,118,139,-21
108900196,20,230,-210
108900198,17,251,-234
108900199,257,221,36
108900200,693,317,376
108900201,507,1167,-660
108900203,618,148,470
108900204,390,18,372
108900205,183,26,157
108900206,535,89,446
108900207,212,150,62
108900208,27,235,-208
108900209,124,413,-289
108900210,196,179,17
108900211,207,562,-355
108900212,337,1418,-1081
108900215,58,257,-199
108900216,278,368,-90
108900217,109,1,108
108900218,118,15,103
108900219,66,11,55
108900220,71,31,40
108900221,36,176,-140
108900222,467,19,448
108900223,5,88,-83
108900224,28,126,-98
108900225,2,88,-86
108900226,382,35,347
108900227,123,474,-351
108900230,147,187,-40
108900231,16,171,-155
108900232,0,146,-146
108900233,642,125,517
108900234,426,166,260
108900235,113,452,-339
108900236,66,328,-262
108900237,47,191,-144
108900240,182,115,67
108900241,61,63,-2
108900245,23,2054,-2031
108900249,175,39,136
108900250,216,77,139
108900257,480,211,269
108900258,6,139,-133
108900259,44,30,14
108900260,6,28,-22
108900261,40,64,-24
108900262,87,86,1
108900263,37,126,-89
108900264,317,278,39
108900265,691,453,238
108900266,391,702,-311
108900267,2,167,-165
108900268,3,10,-7
108900269,88,20,68
108900270,94,11,83
108900271,81,38,43
108900272,227,23,204
108900273,451,917,-466
108900274,48,23,25
109000001,1850,1797,53
109000002,832,1601,-769
109000003,2902,337,2565
109000004,444,1750,-1306
109000005,2682,490,2192
109000006,566,1577,-1011
109000007,1741,591,1150
109000008,621,1369,-748
109000009,3498,1259,2239
109000010,903,2746,-1843
109000011,4045,2177,1868
109000012,1761,2302,-541
109000013,4783,3426,1357
109000014,2057,2116,-59
109000015,4304,7692,-3388
109000016,4581,2521,2060
109000017,3019,1161,1858
109000018,994,2037,-1043
109000019,2664,1104,1560
109000020,808,1358,-550
109000023,274,30,244
109000024,21,173,-152
109000025,257,529,-272
109000026,415,335,80
109000027,119,353,-234
109000028,90,93,-3
109000029,115,222,-107
109000030,51,457,-406
109000031,239,160,79
109000032,118,362,-244
109000033,278,151,127
109000034,49,53,-4
109000035,17,57,-40
109000036,99,310,-211
109000037,298,2247,-1949
109000038,442,325,117
109000039,1358,1112,246
109000040,3125,13142,-10017
109000041,1529,1659,-130
109000042,505,1394,-889
109000044,472,47,425
109000045,129,310,-181
109000046,424,60,364
109000047,60,395,-335
109000048,854,213,641
109000049,258,509,-251
109000050,416,259,157
109000051,241,231,10
109000052,629,577,52
109000053,308,101,207
109000054,332,293,39
109000055,278,351,-73
109000056,514,278,236
109000057,894,525,369
109000058,750,244,506
109000059,482,1476,-994
109000060,306,342,-36
109000061,519,1389,-870
109000062,128,363,-235
109000063,241,113,128
109000064,311,161,150
109000065,233,101,132
109000066,471,89,382
109000067,68,167,-99
109000068,1083,30,1053
109000069,884,19,865
109000070,21,1595,-1574
109000071,409,95,314
109000072,101,293,-192
109000073,51,89,-38
109000074,16,130,-114
109000075,61,353,-292
109000076,78,190,-112
109000077,226,185,41
109000078,27,132,-105
109000079,95,89,6
109000080,162,74,88
109000081,151,249,-98
109000082,609,106,503
109000083,358,392,-34
109000088,126,352,-226
109000089,340,93,247
109000090,132,309,-177
109000091,439,197,242
109000092,248,319,-71
109000093,319,217,102
109000094,807,2,805
109000095,101,303,-202
109000096,857,213,644
109000097,83,89,-6
109000098,57,198,-141
109000099,857,247,610
109000100,247,444,-197
109000101,1943,528,1415
109000102,458,691,-233
109000103,452,402,50
109000104,2273,435,1838
109000105,419,726,-307
109000106,2205,672,1533
109000107,510,1244,-734
109000108,2258,619,1639
109000109,461,1146,-685
109000110,1221,535,686
109000111,747,1539,-792
109000112,356,104,252
109000113,254,132,122
109000114,176,212,-36
109000115,1138,21,1117
109000116,7,230,-223
109000117,288,29,259
109000118,10,239,-229
109000119,1733,135,1598
109000120,251,431,-180
109000121,561,22,539
109000122,144,387,-243
109000123,22,26,-4
109000124,763,273,490
109000125,915,206,709
109000126,374,500,-126
109000127,1083,147,936
109000128,482,676,-194
109000129,3010,906,2104
109000130,414,886,-472
109000131,867,671,196
109000132,603,1108,-505
109000133,281,617,-336
109000134,614,963,-349
109000135,729,1163,-434
109000136,331,241,90
109000137,360,304,56
109000138,516,192,324
109000139,639,273,366
109000140,280,243,37
109000141,571,273,298
109000142,128,423,-295
109000143,96,56,40
109000145,75,189,-114
109000146,22,77,-55
109000148,2128,1808,320
109000149,17,61,-44
109000150,58,325,-267
109000155,1026,641,385
109000156,788,493,295
109000158,169,224,-55
109000159,151,395,-244
109000160,1106,176,930
109000161,384,684,-300
109000162,2224,515,1709
109000163,1184,1216,-32
109000164,1375,1732,-357
109000165,1442,439,1003
109000166,887,97,790
109000167,109,344,-235
109000170,43,21,22
109000171,66,26,40
109000172,38,47,-9
109000173,18,85,-67
109000174,122,33,89
109000175,52,47,5
109000176,302,129,173
109000177,53,72,-19
109000178,446,82,364
109000179,2971,5803,-2832
109000180,3309,3899,-590
109000181,39,16,23
109000182,47,23,24
109000183,42,11,31
109000184,40,18,22
109000185,15,19,-4
109000188,601,1090,-489
109000189,2639,637,2002
109000190,624,313,311
109000191,349,324,25
109000192,510,144,366
109000193,212,128,84
109000194,334,52,282
109000195,187,198,-11
109000196,303,72,231
109000197,235,181,54
109000198,387,66,321
109000199,114,291,-177
109000206,282,26,256
109000207,171,33,138
109000208,138,81,57
109000209,185,81,104
109000210,130,406,-276
109000211,231,185,46
109000214,474,175,299
109000215,135,73,62
109000216,373,310,63
109000217,210,179,31
109000218,553,249,304
109000221,368,712,-344
109000222,1017,221,796
109000223,437,406,31
109000224,40,61,-21
109000225,82,24,58
109000226,46,104,-58
109000227,1491,634,857
109000228,4,1758,-1754
109000231,5,202,-197
109000232,451,190,261
109000236,304,535,-231
109000241,1936,1355,581
109000242,1850,937,913
109000293,21,73,-52
109000361,102,186,-84
109000364,176,422,-246
109000396,6,292,-286
109000397,779,21,758
109000399,92,271,-179
109000400,92,125,-33
109000403,120,991,-871
109000406,234,6,228
109000407,285,130,155
109000408,1,165,-164
109000410,1005,197,808
109000411,80,14,66
109900001,160,4,156
109900002,1058,26,1032
109900003,344,2,342
109900004,688,95,593
109900005,43,4,39
109900006,561,142,419
109900007,961,260,701
109900008,0,24,-24
109900009,162,255,-93
109900010,604,27,577
109900011,96,73,23
109900012,375,244,131
109900013,443,203,240
109900014,470,90,380
109900015,483,224,259
109900016,187,19,168
109900017,225,286,-61
109900018,296,57,239
109900019,409,55,354
109900020,38,34,4
109900021,57,13,44
109900022,57,194,-137
109900023,24,4,20
109900024,39,5,34
109900025,12,52,-40
109900026,3,157,-154
109900027,44,19,25
109900028,672,1112,-440
109900029,16,198,-182
109900030,56,6,50
109900031,0,343,-343
109900032,18,233,-215
109900033,4,409,-405
109900034,40,1,39
109900035,44,41,3
109900036,19,25,-6
109900037,23,290,-267
109900038,139,248,-109
109900039,12,1,11
109900040,34,308,-274
109900041,50,190,-140
109900042,34,453,-419
109900044,197,154,43
109900045,104,67,37
109900046,26,81,-55
109900047,251,244,7
109900048,2,64,-62
109900049,18,27,-9
109900050,0,45,-45
109900051,0,19,-19
109900052,125,237,-112
109900053,1,131,-130
109900054,1273,266,1007
109900055,94,218,-124
109900056,18,211,-193
109900057,3,78,-75
109900058,2,48,-46
109900059,1389,155,1234
109900060,609,104,505
109900061,38,234,-196
109900062,0,72,-72
109900063,16,415,-399
109900064,634,185,449
109900065,42,112,-70
109900066,261,557,-296
109900067,0,93,-93
109900068,165,7,158
109900069,5,33,-28
109900070,30,198,-168
109900071,5,24,-19
109900072,12,124,-112
109900073,631,314,317
109900074,9,16,-7
109900075,45,37,8
109900076,8,106,-98
109900077,24,30,-6
109900078,73,210,-137
109900080,118,209,-91
109900081,40,264,-224
109900082,35,245,-210
109900083,37,52,-15
109900084,51,72,-21
109900085,166,405,-239
109900086,98,625,-527
109900087,236,517,-281
109900089,863,194,669
109900090,436,1018,-582
109900091,525,67,458
109900092,401,9,392
109900093,1263,188,1075
109900094,86,82,4
109900095,131,221,-90
109900096,51,10,41
109900097,98,3,95
109900098,557,42,515
109900099,261,5,256
109900100,60,2,58
109900101,794,16,778
109900102,524,32,492
109900103,32,42,-10
109900104,865,280,585
109900105,599,28,571
109900106,356,43,313
109900107,763,76,687
109900108,141,200,-59
109900109,46,152,-106
109900110,76,221,-145
109900111,244,639,-395
109900112,251,368,-117
109900113,1117,826,291
109900114,1490,1307,183
109900115,222,91,131
109900117,1412,139,1273
109900118,173,357,-184
109900119,564,317,247
109900120,74,30,44
109900121,448,515,-67
109900122,579,3,576
109900123,16,114,-98
109900124,54,295,-241
109900125,1,166,-165
109900126,466,60,406
109900128,533,31,502
109900130,4172,3353,819
109900131,38,100,-62
109900132,32,89,-57
109900133,89,175,-86
109900134,69,89,-20
109900135,225,37,188
109900136,31,87,-56
109900137,161,186,-25
109900138,602,233,369
109900140,217,98,119
109900141,597,208,389
109900142,1660,283,1377
109900145,12,610,-598
109900146,371,52,319
109900148,44,54,-10
109900149,21,56,-35
109900150,6,45,-39
109900151,12,41,-29
109900152,0,15,-15
109900153,0,39,-39
109900154,43,0,43
109900155,64,27,37
109900157,71,166,-95
109900158,57,116,-59
109900159,161,51,110
109900160,181,57,124
109900161,266,99,167
109900162,268,163,105
109900163,633,300,333
109900164,74,155,-81
109900165,313,8,305
109900166,2,99,-97
109900167,153,340,-187
109900168,254,461,-207
109900169,268,127,141
109900170,188,1065,-877
109900171,219,57,162
109900172,218,264,-46
109900173,1546,2493,-947
109900174,40,105,-65
109900175,94,70,24
109900176,113,128,-15
109900177,56,137,-81
109900178,16,151,-135
109900179,23,21,2
109900180,6,10,-4
110000001,782,407,375
110000002,532,681,-149
110000003,678,563,115
110000004,539,685,-146
110000005,300,1912,-1612
110000006,170,263,-93
110000007,116,77,39
110000008,13,30,-17
110000009,33,15,18
110000010,29,54,-25
110000011,45,40,5
110000012,452,211,241
110000013,37,496,-459
110000014,354,309,45
110000015,169,412,-243
110000016,244,1607,-1363
110000017,2324,273,2051
110000018,2079,304,1775
110000019,7,58,-51
110000020,425,125,300
110000021,353,334,19
110000022,1117,174,943
110000023,17,49,-32
110000024,540,275,265
110000025,547,9,538
110000026,0,144,-144
110000027,1036,848,188
110000028,1047,536,511
110000029,426,464,-38
110000030,300,277,23
110000031,224,232,-8
110000032,837,319,518
110000033,278,119,159
110000034,584,441,143
110000035,830,365,465
110000036,1094,448,646
110000037,209,292,-83
110000038,254,615,-361
110000039,811,3830,-3019
110000040,335,193,142
110000041,299,1815,-1516
110000042,62,379,-317
110000043,751,281,470
110000044,112,594,-482
110000045,927,94,833
110000046,5,17,-12
110000047,94,53,41
110000048,2,34,-32
110000049,29,14,15
110000050,37,120,-83
110000051,18,8,10
110000052,30,27,3
110000053,155,31,124
110000054,167,563,-396
110000055,599,74,525
110000056,74,113,-39
110000057,304,395,-91
110000058,1141,394,747
110000059,1047,425,622
110000060,987,965,22
110000061,735,603,132
110000062,584,786,-202
110000063,35,155,-120
110000064,51,37,14
110000065,111,127,-16
110000066,95,28,67
110000067,121,99,22
110000068,298,61,237
110000069,426,73,353
110000071,293,53,240
110000073,31,20,11
110000075,17,43,-26
110000076,285,477,-192
110000077,285,1229,-944
110000078,66,33,33
110000080,192,470,-278
110000081,39,201,-162
110000082,11,273,-262
110000083,229,428,-199
110000084,1280,829,451
110000085,968,1130,-162
110000086,1174,2250,-1076
110000087,30,57,-27
110000088,135,179,-44
110000089,287,54,233
110000090,130,206,-76
110000091,588,168,420
110000092,13,37,-24
110000093,33,26,7
110000094,446,186,260
110000095,198,680,-482
110000096,1321,1814,-493
110000097,1105,1538,-433
110000098,1905,664,1241
110000099,657,1403,-746
110000100,1227,282,945
110000101,44,149,-105
110000102,108,13,95
110000104,428,127,301
110000105,55,190,-135
110000106,570,477,93
110000107,210,226,-16
110000108,127,137,-10
110000109,170,255,-85
110000110,1706,4680,-2974
110000111,3571,2864,707
110000112,634,1237,-603
110000113,139,2228,-2089
110000114,183,651,-468
110000115,393,235,158
110000116,50,38,12
110000117,237,171,66
110000118,482,101,381
110000119,315,182,133
110000120,314,126,188
110000121,67,330,-263
110000122,375,469,-94
110000123,677,645,32
110000124,0,557,-557
110000125,1010,10,1000
110000126,325,34,291
110000127,1188,65,1123
110000128,37,883,-846
110000129,5,349,-344
110000130,312,256,56
110000131,69,180,-111
110000132,1,450,-449
110000133,25,347,-322
110000134,29,247,-218
110000135,146,21,125
110000136,35,195,-160
110000137,655,478,177
110000138,957,389,568
110000139,888,685,203
110000140,701,753,-52
110000143,511,364,147
110000144,4396,2046,2350
110000145,2076,1434,642
110000146,2805,1020,1785
110000147,492,712,-220
110000148,680,236,444
110000151,1037,1047,-10
110000152,880,349,531
110000153,204,28,176
110000154,35,27,8
110000155,1435,3749,-2314
110000156,1248,2248,-1000
110000157,2261,2263,-2
110000160,326,210,116
110000161,145,146,-1
110000166,682,103,579
110000167,965,511,454
110000168,1108,527,581
110000169,944,375,569
110000170,133,43,90
110000171,572,106,466
110000172,214,597,-383
110000173,769,790,-21
110000174,140,514,-374
110000175,689,37,652
110000176,117,420,-303
110000177,150,750,-600
110000178,320,1546,-1226
110000179,722,251,471
110000180,234,178,56
110000181,578,330,248
110000182,232,89,143
110000183,5488,7658,-2170
110000184,223,2730,-2507
110000185,708,762,-54
110000186,562,566,-4
110000191,1424,167,1257
110000192,700,11,689
110000193,1345,11,1334
110000194,15,526,-511
110000195,501,197,304
110000196,463,153,310
110000197,127,101,26
110000198,117,54,63
110000199,80,118,-38
110000200,959,337,622
110000201,917,1118,-201
110000202,1282,587,695
110000203,522,486,36
110000204,7,138,-131
110000205,197,58,139
110000206,421,743,-322
110000207,1412,332,1080
110000208,213,251,-38
110000209,116,500,-384
110000210,1694,295,1399
110000211,849,461,388
110000212,462,1065,-603
110000213,336,33,303
110000214,399,62,337
110000215,196,231,-35
110000216,139,164,-25
110000217,491,81,410
110000218,168,169,-1
110000219,508,26,482
110000220,82,140,-58
110000221,430,50,380
110000222,78,107,-29
110000223,3,114,-111
110000224,14,6,8
110000225,260,650,-390
110000226,235,64,171
110000227,709,945,-236
110000228,249,110,139
110000229,0,141,-141
110000230,470,378,92
110000231,187,199,-12
110000232,219,163,56
110000233,278,207,71
110000234,475,863,-388
110000235,793,947,-154
110000236,617,364,253
110000237,1752,982,770
110000238,1122,962,160
110000239,1811,873,938
110000240,0,39,-39
110000242,0,20,-20
110000243,117,73,44
110000244,160,259,-99
110000245,26,273,-247
110000246,918,414,504
110000247,966,3089,-2123
110000248,1622,1164,458
110000249,62,11,51
110000250,34,114,-80
110000251,463,351,112
110000252,387,137,250
110000253,1474,639,835
110000254,570,746,-176
110000255,183,644,-461
110000256,478,313,165
110000257,512,232,280
110000258,7,288,-281
110000259,171,11,160
110000260,31,145,-114
110000263,377,78,299
110000264,436,262,174
110000265,1039,1644,-605
110000266,1449,2550,-1101
110000267,32,164,-132
110000268,400,335,65
110000269,8,90,-82
110000270,91,4,87
110000271,1006,244,762
110000272,1087,878,209
110000273,2220,1354,866
110000274,202,1637,-1435
110000275,1212,492,720
110000276,302,400,-98
110000277,351,270,81
110000278,318,490,-172
110000279,771,599,172
110000280,584,350,234
110000281,32,325,-293
110000282,177,15,162
110000283,22,115,-93
110000284,21,30,-9
110000285,10,636,-626
110000286,16,0,16
110000287,136,6,130
110000288,8,69,-61
110000289,438,2139,-1701
110000290,513,538,-25
110000291,3045,1119,1926
110000292,1290,5201,-3911
110000293,698,452,246
110000294,1341,1051,290
110000295,218,626,-408
110000296,673,304,369
110000297,2315,361,1954
110000298,71,295,-224
110000299,156,83,73
110000301,285,27,258
110000302,178,430,-252
110000303,438,12,426
110000304,94,145,-51
110000305,1457,26,1431
110000306,158,745,-587
110000307,2055,8,2047
110000308,720,9,711
110000309,6,567,-561
110000310,827,29,798
110000311,21,469,-448
110000312,381,120,261
110000313,1957,2188,-231
110000314,2,183,-181
110000315,2614,2314,300
110000316,388,1046,-658
110000317,232,490,-258
110000318,3,57,-54
110000319,18,12,6
110000320,42,46,-4
110000321,9,39,-30
110000322,273,235,38
110000323,561,139,422
110000324,2365,1406,959
110000325,2153,3416,-1263
110000327,485,242,243
110000328,171,299,-128
110000333,956,779,177
110000334,691,985,-294
110000335,831,419,412
110000336,719,711,8
110000337,1801,446,1355
110000338,528,185,343
110000339,355,196,159
110000340,52,127,-75
110000341,493,313,180
110000342,197,2,195
110000343,0,14,-14
110000344,275,145,130
110000345,327,129,198
110000346,1936,1666,270
110000347,1064,628,436
110000348,16,18,-2
110000349,18,14,4
110000350,76,1,75
110000351,1294,573,721
110000352,691,1265,-574
110000353,1905,501,1404
110000354,858,2595,-1737
110000355,132,78,54
110000356,749,7,742
110000357,475,11,464
110000361,47,42,5
110000362,92,31,61
110000363,718,70,648
110000364,327,191,136
110000365,174,0,174
110000366,0,85,-85
110000367,372,160,212
110000368,4,46,-42
110000369,75,6,69
110000373,9,223,-214
110000374,192,17,175
110000375,106,838,-732
110000376,20,50,-30
110000377,111,382,-271
110000378,16,411,-395
110000379,1742,1736,6
110000380,76,24,52
110000383,2,978,-976
110000384,833,532,301
110000385,3,269,-266
110000387,124,7,117
110000388,42,145,-103
110000389,1002,18,984
110000391,963,171,792
110000396,218,68,150
110000397,187,73,114
110000398,7,11,-4
110000399,127,4,123
110000587,185,60,125
110000589,186,64,122
110000640,182,34,148
110000652,23,372,-349
110000653,345,256,89
110000654,29,623,-594
110000656,1,245,-244
110000674,23,9,14
110000675,20,4,16
110000676,2,46,-44
110000679,112,1226,-1114
110000682,70,155,-85
110000683,193,381,-188
110000684,5,31,-26
110000685,7,11,-4
110000686,2,35,-33
110000687,22,11,11
110000688,49,1121,-1072
110000689,19,17,2
110000692,27,117,-90
110000693,122,190,-68
110000694,1,102,-101
110000695,189,476,-287
110000696,51,44,7
110900001,296,9,287
110900002,404,215,189
110900003,1126,295,831
110900004,582,94,488
110900005,1540,2840,-1300
110900006,32,42,-10
110900007,156,41,115
110900008,6,13,-7
110900009,566,198,368
110900010,11,38,-27
110900011,25,71,-46
110900012,47,88,-41
110900013,1061,89,972
110900014,264,20,244
110900015,381,875,-494
110900016,65,83,-18
110900017,516,39,477
110900018,465,54,411
110900019,294,27,267
110900020,129,139,-10
110900021,90,302,-212
110900022,90,151,-61
110900023,81,321,-240
110900024,41,174,-133
110900025,3,26,-23
110900027,46,214,-168
110900028,33,116,-83
110900029,16,163,-147
110900030,37,146,-109
110900031,5,127,-122
110900032,0,47,-47
110900033,39,188,-149
110900035,11,430,-419
110900036,136,20,116
110900037,91,18,73
110900038,609,192,417
110900039,8,278,-270
110900040,318,18,300
110900041,15,62,-47
110900042,151,49,102
110900043,6,61,-55
110900044,247,16,231
110900045,66,201,-135
110900046,15,149,-134
110900047,389,305,84
110900049,103,113,-10
110900050,23,4,19
110900051,23,153,-130
110900052,4,106,-102
110900053,90,14,76
110900054,27,160,-133
110900055,28,9,19
110900056,30,88,-58
110900057,10,70,-60
110900058,253,131,122
110900059,488,282,206
110900060,530,140,390
110900061,19,36,-17
110900062,163,104,59
110900063,36,140,-104
110900064,12,0,12
110900065,170,83,87
110900066,10,68,-58
110900067,163,648,-485
110900068,174,175,-1
110900069,8,20,-12
110900070,100,51,49
110900071,168,858,-690
110900073,0,29,-29
110900074,452,75,377
110900075,543,65,478
110900077,1186,543,643
110900078,50,23,27
110900079,1521,1315,206
110900080,159,70,89
110900081,18,14,4
110900082,163,96,67
110900083,125,51,74
110900084,68,37,31
110900085,57,182,-125
110900086,66,422,-356
110900087,400,82,318
110900088,7,3,4
110900090,54,47,7
110900091,2,26,-24
110900093,315,97,218
110900095,49,48,1
110900097,18,11,7
110900098,50,66,-16
110900099,57,238,-181
110900100,0,10,-10
110900102,94,18,76
110900105,769,161,608
110900108,38,45,-7
110900111,398,169,229
110900112,1042,12,1030
110900113,301,56,245
110900115,5,45,-40
110900116,1033,987,46
110900118,77,3669,-3592
110900119,1699,264,1435
110900120,35,35,0
110900121,216,5,211
110900122,484,172,312
110900125,446,436,10
110900127,602,1517,-915
110900128,239,308,-69
110900129,285,1065,-780
110900130,618,439,179
110900131,321,63,258
110900132,464,92,372
110900133,145,130,15
110900135,52,164,-112
110900136,403,13,390
110900137,47,0,47
110900138,541,483,58
110900139,9,140,-131
110900140,46,2,44
110900141,4,132,-128
110900142,38,107,-69
110900143,241,53,188
110900144,2,362,-360
110900145,191,69,122
110900146,226,259,-33
110900147,76,289,-213
110900148,5,189,-184
110900149,5,57,-52
110900150,114,13,101
110900151,7,58,-51
110900152,24,76,-52
110900153,209,49,160
111000001,311,232,79
111000002,215,424,-209
111000003,1285,718,567
111000004,494,666,-172
111000005,1708,1308,400
111000006,947,1571,-624
111000007,4489,3482,1007
111000008,1781,3072,-1291
111000009,297,659,-362
111000010,1080,222,858
111000011,151,683,-532
111000012,205,367,-162
111000013,390,632,-242
111000014,1101,479,622
111000017,118,912,-794
111000018,213,339,-126
111000020,687,1655,-968
111000021,58,101,-43
111000023,118,61,57
111000025,3257,3729,-472
111000029,74,121,-47
111000030,42,78,-36
111000031,1851,1132,719
111000032,486,422,64
111000033,231,276,-45
111000034,67,250,-183
111000037,1071,477,594
111000038,2825,1793,1032
111000039,1826,1825,1
111000040,1727,1724,3
111000041,1170,1030,140
111000042,1802,1795,7
111000043,1914,4069,-2155
111000044,1819,1149,670
111000045,2979,2482,497
111000046,1998,1819,179
111000047,2825,4712,-1887
111000049,445,414,31
111000050,986,862,124
111000051,545,854,-309
111000052,545,1269,-724
111000053,387,654,-267
111000054,361,579,-218
111000055,903,1184,-281
111000056,229,277,-48
111000057,143,261,-118
111000058,560,67,493
111000059,829,233,596
111000060,4062,790,3272
111000061,666,271,395
111000062,1032,389,643
111000063,1911,1112,799
111000064,855,570,285
111000065,1310,915,395
111000066,563,356,207
111000067,693,478,215
111000068,644,734,-90
111000069,1709,1711,-2
111000070,451,537,-86
111000071,110,405,-295
111000072,1068,341,727
111000073,285,593,-308
111000074,1505,1547,-42
111000075,939,494,445
111000076,680,405,275
111000077,1632,1337,295
111000078,2668,1278,1390
111000079,1050,599,451
111000080,539,415,124
111000081,1280,3088,-1808
111000082,778,416,362
111000084,831,503,328
111000085,672,810,-138
111000086,1632,761,871
111000087,655,360,295
111000088,3457,2609,848
111000089,641,650,-9
111000090,629,1097,-468
111000091,699,302,397
111000092,1644,657,987
111000093,845,1090,-245
111000094,1779,844,935
111000095,624,2110,-1486
111000096,1029,7434,-6405
111000097,2908,1136,1772
111000098,593,831,-238
111000099,553,1092,-539
111000100,394,805,-411
111000101,349,470,-121
111000102,318,467,-149
111000104,773,159,614
111000107,140,738,-598
111000109,1002,239,763
111000110,1600,558,1042
111000111,3173,463,2710
111000112,2239,659,1580
111000113,876,1726,-850
111000114,1389,3547,-2158
111000115,3852,1101,2751
111000116,953,775,178
111000117,357,742,-385
111000118,1120,666,454
111000119,1315,706,609
111000120,520,535,-15
111000121,288,629,-341
111000122,568,914,-346
111000123,1107,1536,-429
111000124,445,1487,-1042
111000125,229,772,-543
111000126,102,564,-462
111000127,1165,137,1028
111000128,2479,268,2211
111000129,3365,343,3022
111000130,2832,555,2277
111000131,2459,467,1992
111000132,2154,1114,1040
111000133,193,77,116
111000134,139,77,62
111000135,73,136,-63
111000136,353,269,84
111000138,39,4,35
111000140,0,3,-3
111000141,228,387,-159
111000142,14,283,-269
111000143,3,323,-320
111000144,29,1205,-1176
111000145,247,14,233
111000146,120,13,107
111000147,162,27,135
111000148,209,84,125
111000149,3,21,-18
111000150,34,6,28
111000151,1,15,-14
111000153,498,673,-175
111000154,495,209,286
111000155,106,200,-94
111000156,525,528,-3
111000157,197,923,-726
111000158,866,628,238
111000159,2752,806,1946
111000160,558,305,253
111000161,25,480,-455
111000162,30,102,-72
111000163,775,620,155
111000164,463,2201,-1738
111000165,660,360,300
111000166,1127,284,843
111000167,119,294,-175
111000168,234,365,-131
111000169,274,476,-202
111000170,327,277,50
111000171,436,453,-17
111000172,169,221,-52
111000173,322,361,-39
111000174,206,140,66
111000175,46,274,-228
111000176,525,70,455
111000177,441,105,336
111000178,1356,181,1175
111000179,330,138,192
111000180,304,433,-129
111000181,1705,209,1496
111000182,241,164,77
111000183,312,255,57
111000184,311,212,99
111000185,360,264,96
111000186,343,174,169
111000187,125,102,23
111000188,324,269,55
111000189,576,363,213
111000190,209,187,22
111000191,154,203,-49
111000192,198,327,-129
111000193,266,220,46
111000194,58,208,-150
111000195,142,252,-110
111000196,88,111,-23
111000197,445,56,389
111000198,517,34,483
111000199,261,110,151
111000200,609,221,388
111000201,935,152,783
111000202,333,145,188
111000203,338,280,58
111000204,302,1032,-730
111000213,166,468,-302
111000214,1263,959,304
111000215,933,872,61
111000217,1553,733,820
111000218,1279,959,320
111000219,291,139,152
111000220,968,700,268
111000221,356,153,203
111000224,2,174,-172
111000225,261,44,217
111000226,74,0,74
111000227,14,1,13
111000228,26,557,-531
111000229,60,1301,-1241
111000230,355,231,124
111000231,1045,382,663
111000232,794,615,179
111000233,1417,468,949
111000234,213,636,-423
111000239,66,142,-76
111000240,78,238,-160
111000241,60,206,-146
111000242,263,65,198
111000243,126,290,-164
111000244,674,58,616
111000245,1029,227,802
111000246,758,209,549
111000247,540,467,73
111000248,686,305,381
111000249,516,372,144
111000250,57,83,-26
111000251,92,57,35
111000253,23,16,7
111000255,32,9,23
111000257,29,12,17
111000260,97,782,-685
111000261,1641,135,1506
111000271,39,178,-139
111000273,2165,894,1271
111000274,1184,2072,-888
111000275,140,43,97
111000276,265,963,-698
111000277,232,253,-21
111000278,610,197,413
111000291,884,7567,-6683
111000298,610,115,495
111000299,674,214,460
111000300,85,338,-253
111000302,315,58,257
111000303,50,146,-96
111000312,55,49,6
111000315,0,21,-21
111000320,217,490,-273
111000321,479,136,343
111000322,330,255,75
111000323,311,29,282
111000324,293,168,125
111000325,72,58,14
111000326,304,178,126
111000327,367,226,141
111000328,310,370,-60
111000329,2,20,-18
111000330,61,1,60
111000331,10,0,10
111000332,569,1088,-519
111000334,294,697,-403
111000335,1175,247,928
111000337,1809,227,1582
111000338,104,78,26
111000339,935,165,770
111000340,169,320,-151
111000341,1333,671,662
111000342,93,942,-849
111000344,1260,604,656
111000345,185,82,103
111000346,19,215,-196
111000347,197,8,189
111000350,129,76,53
111000351,113,172,-59
111000352,211,90,121
111000353,185,147,38
111000354,681,97,584
111000355,352,448,-96
111000358,241,539,-298
111000360,246,304,-58
111000361,205,150,55
111000546,929,409,520
111000547,464,265,199
111000548,207,260,-53
111000549,356,175,181
111000550,39,894,-855
111000551,449,122,327
111000552,574,136,438
111000907,143,13,130
111000908,20,1,19
111000916,2273,210,2063
111000917,41,323,-282
111000918,279,362,-83
111000920,660,18,642
111000921,13,105,-92
111000922,770,220,550
111000924,25,382,-357
111000925,3091,1798,1293
111000926,918,839,79
111000927,2842,4331,-1489
111000928,3522,2070,1452
111000929,1863,1311,552
111000930,819,1488,-669
111000931,2678,2516,162
111000932,3148,1514,1634
111000933,3299,2640,659
111000934,1212,2252,-1040
111000935,1750,891,859
111000936,1042,1401,-359
111000937,961,1244,-283
111000938,1061,906,155
111000939,764,22,742
111000940,588,45,543
111000941,464,261,203
111000943,679,283,396
111000944,173,186,-13
111000945,97,826,-729
111001109,515,568,-53
111001110,136,315,-179
111001111,77,8,69
111001112,76,2,74
111001113,1,100,-99
111001114,600,109,491
111001115,9,648,-639
111001116,2468,4685,-2217
111001117,332,2649,-2317
111001120,92,129,-37
111001121,132,134,-2
111001122,34,170,-136
111900001,26,71,-45
111900002,43,322,-279
111900003,12,172,-160
111900004,29,53,-24
111900006,17,49,-32
111900007,203,9,194
111900008,331,2,329
111900009,324,76,248
111900010,224,359,-135
111900012,44,82,-38
111900013,2,27,-25
111900014,2627,5241,-2614
111900015,1,51,-50
111900016,1,43,-42
111900017,0,83,-83
111900018,160,5,155
111900019,2,124,-122
111900020,2,31,-29
111900021,20,58,-38
111900022,11,36,-25
111900023,73,54,19
111900024,0,37,-37
111900025,0,25,-25
111900026,1,23,-22
111900027,1,65,-64
111900028,1,130,-129
111900029,3,47,-44
111900030,7,278,-271
111900031,11,44,-33
111900032,0,169,-169
111900033,4,56,-52
111900034,165,232,-67
111900035,98,153,-55
111900036,0,131,-131
111900038,202,377,-175
111900039,30,280,-250
111900040,0,206,-206
111900042,14,110,-96
111900043,2,162,-160
111900044,176,165,11
111900046,18,90,-72
111900048,391,274,117
111900049,17,144,-127
111900050,139,44,95
111900051,1,100,-99
111900052,193,275,-82
111900053,528,2402,-1874
111900054,212,4,208
111900055,12,159,-147
111900056,134,396,-262
111900057,232,25,207
111900058,699,273,426
111900059,1030,741,289
111900060,457,8,449
111900061,7,136,-129
111900062,50,101,-51
111900063,439,303,136
111900064,53,125,-72
111900065,213,35,178
111900066,238,152,86
111900067,1,241,-240
111900068,33,58,-25
111900069,78,36,42
111900070,207,97,110
111900071,1,144,-143
111900072,38,45,-7
111900073,1313,228,1085
111900074,17,136,-119
111900075,81,11,70
111900076,279,124,155
111900077,53,8,45
111900078,422,49,373
111900079,81,45,36
111900080,185,277,-92
111900081,510,265,245
111900082,236,51,185
111900083,237,21,216
111900084,187,10,177
111900085,45,149,-104
111900086,79,14,65
111900087,135,0,135
111900088,745,20,725
111900089,134,8,126
111900090,73,80,-7
111900091,336,1,335
111900092,127,0,127
111900093,600,13,587
111900094,251,0,251
111900095,345,61,284
111900096,270,4,266
111900097,84,0,84
111900098,404,16,388
111900099,93,0,93
111900100,205,9,196
111900101,131,25,106
111900102,965,341,624
111900103,67,83,-16
111900104,125,42,83
111900105,338,419,-81
111900106,675,48,627
111900107,85,145,-60
111900108,159,229,-70
111900109,334,594,-260
111900110,1196,389,807
111900111,201,47,154
111900112,390,3809,-3419
111900113,176,99,77
111900114,110,100,10
111900115,19,17,2
111900118,265,112,153
111900119,351,209,142
111900122,119,119,0
111900123,17,32,-15
111900124,28,49,-21
111900125,715,64,651
111900126,404,3,401
111900127,1,288,-287
111900128,6,265,-259
111900129,395,2,393
111900130,300,83,217
111900131,677,1,676
111900132,23,477,-454
111900133,7,177,-170
111900134,4,184,-180
111900135,21,37,-16
111900136,74,128,-54
111900137,50,27,23
111900138,5,34,-29
111900139,19,42,-23
111900140,73,19,54
111900141,79,12,67
111900142,127,20,107
111900143,92,117,-25
111900144,0,28,-28
111900145,1,206,-205
111900146,2,117,-115
111900147,74,229,-155
111900148,13,411,-398
111900149,1,186,-185
111900150,17,111,-94
111900151,10,29,-19
111900152,82,87,-5
111900153,796,862,-66
111900154,27,428,-401
111900155,81,110,-29
111900156,95,111,-16
111900157,218,26,192
111900158,631,115,516
111900159,368,30,338
111900160,585,2,583
111900161,312,1,311
111900162,120,188,-68
111900163,13,163,-150
111900164,80,100,-20
111901113,694,51,643
111901114,324,188,136
111901115,112,0,112
111901116,64,4,60
111901117,40,59,-19
111901118,32,356,-324
111901119,342,75,267
111901120,68,113,-45
111901121,129,115,14
111901122,16,243,-227
111901123,323,201,122
111901124,331,2,329
111901125,370,56,314
111901126,207,109,98
111901127,311,918,-607
111901128,11,57,-46
111901129,1,75,-74
111901130,5,87,-82
111901131,4,153,-149
111901132,80,26,54
111901133,92,3,89
111901134,131,7,124
111901135,21,14,7
111901136,31,46,-15
111901137,0,43,-43
111901138,122,41,81
111901139,26,14,12
111901140,7,46,-39
111901141,2,56,-54
111901142,3,53,-50
111901143,1,80,-79
111901144,20,46,-26
112000001,2201,678,1523
112000002,609,1685,-1076
112000003,2126,1212,914
112000004,791,492,299
112000005,4399,4217,182
112000006,1750,1082,668
112000007,4586,2732,1854
112000008,2491,3784,-1293
112000009,2397,1861,536
112000010,3196,3824,-628
112000011,1184,1150,34
112000012,4179,5537,-1358
112000013,2771,2914,-143
112000014,2242,3198,-956
112000015,3375,3589,-214
112000016,3954,2136,1818
112000017,1411,3813,-2402
112000024,1677,709,968
112000026,2036,2320,-284
112000027,987,703,284
112000028,808,983,-175
112000029,795,866,-71
112000030,137,68,69
112000031,1455,4741,-3286
112000032,197,36,161
112000033,1574,2577,-1003
112000034,201,52,149
112000035,62,505,-443
112000036,445,1191,-746
112000037,1089,893,196
112000038,1375,1369,6
112000039,94,62,32
112000040,72,148,-76
112000041,316,346,-30
112000042,860,412,448
112000050,1278,1299,-21
112000051,1275,1685,-410
112000054,1411,1206,205
112000057,568,368,200
112000058,278,564,-286
112000059,503,717,-214
112000061,1986,1254,732
112000062,1074,1110,-36
112000063,748,2777,-2029
112000064,2437,3755,-1318
112000065,1112,1646,-534
112000066,3574,1630,1944
112000067,632,567,65
112000068,3260,2601,659
112000069,437,1471,-1034
112000070,2095,1001,1094
112000071,1108,1885,-777
112000072,3039,1001,2038
112000073,1847,1896,-49
112000074,1630,1096,534
112000075,1441,1189,252
112000076,3287,2111,1176
112000077,852,487,365
112000078,2135,566,1569
112000079,1542,1309,233
112000080,825,574,251
112000081,1156,1969,-813
112000082,1491,596,895
112000083,566,950,-384
112000084,1578,598,980
112000085,1358,750,608
112000086,1736,848,888
112000087,618,232,386
112000088,867,305,562
112000089,297,263,34
112000090,182,160,22
112000091,582,700,-118
112000092,2418,909,1509
112000093,1373,663,710
112000094,836,688,148
112000095,643,674,-31
112000096,636,523,113
112000097,1857,831,1026
112000098,812,594,218
112000099,921,1992,-1071
112000100,2770,693,2077
112000101,619,567,52
112000102,2051,341,1710
112000103,526,629,-103
112000105,494,861,-367
112000106,2122,279,1843
112000107,36,187,-151
112000108,266,992,-726
112000109,73,85,-12
112000110,1629,496,1133
112000111,796,2736,-1940
112000112,4455,567,3888
112000113,663,1160,-497
112000114,2492,916,1576
112000115,273,307,-34
112000116,744,900,-156
112000117,1101,618,483
112000118,941,578,363
112000119,423,503,-80
112000120,53,216,-163
112000121,174,262,-88
112000122,293,138,155
112000123,954,121,833
112000124,561,80,481
112000125,240,253,-13
112000126,407,268,139
112000127,1859,2887,-1028
112000128,504,658,-154
112000129,150,79,71
112000130,242,87,155
112000131,48,177,-129
112000132,193,169,24
112000133,462,126,336
112000134,406,240,166
112000135,1547,583,964
112000136,915,815,100
112000137,1850,1516,334
112000138,1256,808,448
112000139,774,663,111
112000140,530,808,-278
112000141,1133,361,772
112000142,118,291,-173
112000143,1224,179,1045
112000144,221,643,-422
112000145,3153,568,2585
112000146,556,1204,-648
112000147,2688,1621,1067
112000148,1332,1321,11
112000149,628,319,309
112000150,256,428,-172
112000151,253,174,79
112000152,469,294,175
112000153,124,165,-41
112000154,122,178,-56
112000155,170,109,61
112000157,591,591,0
112000158,294,281,13
112000159,895,281,614
112000167,469,140,329
112000169,296,421,-125
112000173,1094,238,856
112000175,481,234,247
112000176,1360,1641,-281
112000177,1181,349,832
112000178,85,229,-144
112000179,304,83,221
112000180,267,249,18
112000181,1364,1275,89
112000182,1641,754,887
112000183,26,31,-5
112000184,473,206,267
112000185,664,270,394
112000187,5307,3259,2048
112000195,184,18,166
112000196,285,1,284
112000197,154,349,-195
112000198,46,319,-273
112000199,119,553,-434
112000202,504,4,500
112000216,39,176,-137
112000230,114,6,108
112000231,6,159,-153
112000256,80,247,-167
112000313,49,88,-39
112000314,70,39,31
112000337,228,481,-253
112000352,231,416,-185
112000392,1329,1189,140
112000398,1889,760,1129
112000399,1458,2782,-1324
112000400,1541,1495,46
112000401,2151,1300,851
112000402,3974,3964,10
112000403,1602,3296,-1694
112000404,1482,1010,472
112000405,2698,3034,-336
112000406,2457,1335,1122
112000407,9029,9123,-94
112000408,5900,3552,2348
112000409,1543,2683,-1140
112000410,423,443,-20
112000411,2355,2021,334
112000412,1122,507,615
112000413,5162,7563,-2401
112000414,89,55,34
112000415,76,31,45
112000416,2977,1317,1660
112000417,358,90,268
112000421,66,94,-28
112000422,377,201,176
112000424,1258,3017,-1759
112000425,401,368,33
112000426,177,318,-141
112000427,0,16,-16
112000428,350,193,157
112000429,1859,1731,128
112000430,2725,2507,218
112000431,73,147,-74
112000432,685,523,162
112000433,329,645,-316
112000437,39,84,-45
112900001,117,0,117
112900002,693,550,143
112900003,81,198,-117
112900004,66,141,-75
112900005,289,131,158
112900006,33,216,-183
112900007,67,141,-74
112900008,5,71,-66
112900009,474,162,312
112900010,560,639,-79
112900011,85,147,-62
112900012,0,28,-28
112900013,6,194,-188
112900014,6,184,-178
112900015,284,516,-232
112900016,5,160,-155
112900017,40,161,-121
112900018,1,109,-108
112900019,28,174,-146
112900020,336,957,-621
112900021,3,122,-119
112900022,7,59,-52
112900023,1,71,-70
112900024,19,146,-127
112900025,68,228,-160
112900026,5,134,-129
112900027,14,510,-496
112900028,19,81,-62
112900029,26,316,-290
112900030,42,97,-55
112900031,11,286,-275
112900032,346,177,169
112900034,3,38,-35
112900035,5,231,-226
112900036,80,135,-55
112900037,131,255,-124
112900038,961,92,869
112900039,12,183,-171
112900040,11,389,-378
112900041,602,1428,-826
112900042,94,188,-94
112900043,99,74,25
112900044,345,411,-66
112900045,205,233,-28
112900046,136,65,71
112900047,18,19,-1
112900049,339,68,271
112900050,29,425,-396
112900051,211,337,-126
112900052,4,412,-408
112900053,272,117,155
112900054,131,53,78
112900055,115,33,82
112900056,430,254,176
112900057,15,312,-297
112900058,346,451,-105
112900059,130,170,-40
112900060,43,102,-59
112900061,153,68,85
112900062,70,80,-10
112900063,47,26,21
112900064,122,232,-110
112900065,51,44,7
112900066,340,334,6
112900067,224,106,118
112900068,49,68,-19
112900069,1050,903,147
112900071,40,7,33
112900072,131,2726,-2595
112900073,391,191,200
112900074,137,352,-215
112900075,810,1076,-266
112900076,88,66,22
112900078,358,560,-202
112900079,351,22,329
112900080,98,4,94
112900081,46,299,-253
112900082,746,36,710
112900083,194,89,105
112900084,298,230,68
112900085,2,9,-7
112900086,114,1,113
112900087,1026,202,824
112900088,234,34,200
112900089,1494,53,1441
112900090,151,75,76
112900091,339,11,328
112900092,149,397,-248
112900093,1530,38,1492
112900094,111,1,110
112900095,55,0,55
112900096,716,235,481
112900097,103,274,-171
112900098,433,16,417
112900099,1077,32,1045
112900100,90,7,83
112900101,615,7,608
112900102,120,13,107
112900103,245,8,237
112900104,45,0,45
112900105,26,0,26
112900106,450,162,288
112900107,16,1,15
112900108,5,2,3
112900109,158,3,155
112900110,1899,20,1879
112900111,830,9,821
112900112,430,1,429
112900113,0,9,-9
112900114,227,20,207
112900115,2071,13,2058
112900116,152,38,114
112900117,70,35,35
112900118,18,66,-48
112900119,165,1,164
112900120,582,220,362
112900121,62,113,-51
112900122,5,58,-53
112900123,95,25,70
112900124,18,65,-47
112900125,47,526,-479
112900126,142,133,9
112900127,379,124,255
112900128,141,662,-521
112900129,3,551,-548
112900130,235,98,137
112900131,36,194,-158
112900132,98,231,-133
112900133,25,758,-733
112900134,0,166,-166
112900135,112,41,71
112900136,0,10,-10
112900137,0,246,-246
112900138,10,159,-149
112900139,220,982,-762
112900140,1,42,-41
112900141,1188,70,1118
112900142,81,185,-104
112900143,24,334,-310
112900144,1,111,-110
112900145,23,353,-330
112900146,10,648,-638
112900147,2,828,-826
112900148,83,0,83
112900149,408,428,-20
112900151,9,37,-28
112900152,2173,525,1648
112900153,1216,2817,-1601
112900154,0,47,-47
112900155,273,83,190
112900156,444,616,-172
112900157,461,19,442
112900158,145,15,130
112900159,269,168,101
112900160,40,188,-148
112900161,150,68,82
112900162,27,24,3
112900163,68,48,20
112900164,30,201,-171
112900165,104,34,70
112900166,18,102,-84
112900167,6,97,-91
112900168,1,7,-6
112900169,20,26,-6
112900170,349,233,116
112900172,37,16,21
112900173,223,85,138
112900174,269,63,206
112900175,135,182,-47
112900176,34,35,-1
112900177,207,71,136
112900178,768,2960,-2192
112900179,30,249,-219
112900180,2255,962,1293
112900181,842,9,833
112900182,61,529,-468
112900183,115,303,-188
112900184,353,529,-176
112900185,180,730,-550
112900186,1063,1337,-274
112900187,114,585,-471
112900188,810,1422,-612
112900189,25,8,17
112900190,37,21,16
112900192,763,936,-173
112900193,1408,424,984
112900194,71,49,22
112900195,1227,95,1132
112900196,328,346,-18
112900197,166,331,-165
112900199,848,371,477
112900200,710,197,513
112900201,265,93,172
112900202,501,526,-25
112900203,318,179,139
112900204,766,649,117
112900205,16,1,15
112900206,30,123,-93
112900207,23,0,23
112900208,79,297,-218
112900209,270,302,-32
112900210,1,17,-16
112900211,81,27,54
112900212,4,32,-28
112900213,56,9,47
112900214,17,18,-1
112900215,34,71,-37
112900216,20,52,-32
112900217,3,64,-61
112900218,135,14,121
112900219,126,8,118
112900220,2,0,2
112900221,31,69,-38
112900222,0,30,-30
112900223,1330,26,1304
112900224,523,295,228
112900225,563,224,339
112900226,200,390,-190
112900227,849,646,203
112900228,74,37,37
112900229,373,20,353
112900230,5876,3924,1952
112900232,372,412,-40
112900233,94,126,-32
112900234,25,66,-41
112900235,62,21,41
112900236,402,13,389
112900237,248,112,136
112900238,11,16,-5
113000001,6609,4671,1938
113000002,3487,3179,308
113000003,1765,1544,221
113000004,1469,2213,-744
113000005,1911,1024,887
113000006,1166,1295,-129
113000007,2385,1022,1363
113000008,1654,1375,279
113000009,1311,670,641
113000010,1294,1036,258
113000011,703,962,-259
113000012,2057,683,1374
113000013,1043,640,403
113000014,904,1180,-276
113000015,236,190,46
113000016,279,789,-510
113000017,79,277,-198
113000018,419,41,378
113000019,291,327,-36
113000020,521,81,440
113000021,1392,389,1003
113000022,779,993,-214
113000025,80,224,-144
113000026,532,466,66
113000027,629,641,-12
113000028,808,1008,-200
113000029,859,539,320
113000030,289,484,-195
113000031,171,262,-91
113000032,211,275,-64
113000033,252,407,-155
113000034,207,297,-90
113000035,40,48,-8
113000036,34,64,-30
113000037,64,21,43
113000038,20,66,-46
113000039,68,258,-190
113000040,73,60,13
113000042,678,533,145
113000051,931,2040,-1109
113000052,1928,572,1356
113000053,460,305,155
113000054,436,583,-147
113000055,1374,437,937
113000056,1341,669,672
113000058,640,731,-91
113000059,1013,371,642
113000060,269,478,-209
113000061,551,837,-286
113000062,477,370,107
113000063,260,54,206
113000064,84,215,-131
113000065,140,474,-334
113000066,936,89,847
113000067,3096,970,2126
113000068,367,646,-279
113000069,603,661,-58
113000070,3120,902,2218
113000071,548,419,129
113000072,1082,430,652
113000073,409,1201,-792
113000074,1152,488,664
113000075,1813,800,1013
113000076,604,1943,-1339
113000077,961,671,290
113000078,489,2444,-1955
113000079,527,735,-208
113000080,558,780,-222
113000081,718,859,-141
113000082,1057,764,293
113000083,562,841,-279
113000084,1451,1234,217
113000085,805,605,200
113000086,891,1011,-120
113000087,848,802,46
113000088,2072,1327,745
113000089,860,1504,-644
113000090,292,696,-404
113000091,353,365,-12
113000094,1403,229,1174
113000095,196,523,-327
113000096,92,628,-536
113000097,1062,403,659
113000098,94,48,46
113000099,1143,452,691
113000100,99,351,-252
113000101,294,565,-271
113000102,659,622,37
113000103,1549,357,1192
113000104,500,2004,-1504
113000105,843,462,381
113000106,353,425,-72
113000107,881,641,240
113000108,592,694,-102
113000109,579,1042,-463
113000110,1901,480,1421
113000111,112,466,-354
113000112,220,227,-7
113000113,971,269,702
113000114,246,1365,-1119
113000116,559,292,267
113000117,812,106,706
113000118,55,533,-478
113000119,253,269,-16
113000120,47,250,-203
113000121,580,872,-292
113000124,205,99,106
113000125,43,899,-856
113000127,1390,199,1191
113000128,543,399,144
113000129,494,714,-220
113000133,1626,1445,181
113000134,13,1383,-1370
113000135,4155,5702,-1547
113000137,1324,4083,-2759
113000139,269,220,49
113000140,68,212,-144
113000141,171,181,-10
113000142,293,941,-648
113000143,208,161,47
113000144,156,486,-330
113000145,115,124,-9
113000146,136,45,91
113000147,216,135,81
113000148,268,138,130
113000149,195,214,-19
113000150,655,239,416
113000151,61,40,21
113000152,57,98,-41
113000153,1108,499,609
113000154,686,1388,-702
113000155,401,682,-281
113000156,135,285,-150
113000157,214,668,-454
113000158,768,197,571
113000159,1019,444,575
113000160,510,734,-224
113000161,272,240,32
113000162,988,311,677
113000163,143,23,120
113000164,11,53,-42
113000166,216,83,133
113000167,55,71,-16
113000168,88,84,4
113000169,224,65,159
113000170,61,102,-41
113000171,42,76,-34
113000172,289,51,238
113000173,65,23,42
113000174,98,224,-126
113000175,426,76,350
113000176,452,104,348
113000177,149,340,-191
113000178,153,242,-89
113000179,288,223,65
113000180,729,940,-211
113000181,1070,567,503
113000182,102,440,-338
113000183,103,487,-384
113000184,17,89,-72
113000189,288,872,-584
113000190,417,411,6
113000192,771,3226,-2455
113000193,2539,2175,364
113000194,870,987,-117
113000195,1591,1555,36
113000196,230,53,177
113000197,1316,1429,-113
113000198,79,195,-116
113000199,1590,321,1269
113000201,243,266,-23
113000202,4352,1022,3330
113000203,142,153,-11
113000204,768,2701,-1933
113000205,8,37,-29
113000206,9,18,-9
113000207,101,13,88
113000208,61,56,5
113000209,16,15,1
113000210,8,10,-2
113000211,97,187,-90
113000212,55,31,24
113000213,16,145,-129
113000214,159,234,-75
113000234,180,527,-347
113000410,92,261,-169
113000411,2053,3392,-1339
113000412,3983,1856,2127
113000413,1351,2752,-1401
113000414,3392,12088,-8696
113000415,1919,2258,-339
113000416,4936,3214,1722
113000417,2588,2491,97
113000418,4154,3632,522
113000419,2016,2754,-738
113000420,3904,6898,-2994
113000421,4111,7692,-3581
113000422,8421,10208,-1787
113000423,1729,5444,-3715
113000424,2170,8230,-6060
113000425,5,62,-57
113000428,20,8,12
113000430,3,33,-30
113000432,2562,174,2388
113000433,67,558,-491
113000434,17,77,-60
113000435,20,290,-270
113000436,17,681,-664
113000437,1600,14,1586
113000438,304,4,300
113000439,34,55,-21
113000440,167,18,149
113000441,254,99,155
113000442,164,66,98
113000443,319,98,221
113000444,295,108,187
113000445,95,59,36
113000446,39,73,-34
113000448,186,188,-2
113000449,93,545,-452
113000450,542,1717,-1175
113000451,1135,203,932
113000452,201,428,-227
113000453,44,467,-423
113000454,418,54,364
113000455,1,409,-408
113000456,2956,2597,359
113000468,834,109,725
113000469,61,224,-163
113000470,343,13,330
113000471,15,310,-295
113000472,123,254,-131
113000474,856,522,334
113000475,1259,1445,-186
113000476,1694,1729,-35
113000477,3885,1594,2291
113000478,3046,3263,-217
113000479,72,99,-27
113000480,108,302,-194
113000482,0,0,0
113000483,0,0,0
113000485,0,0,0
113000486,0,0,0
113000487,0,0,0
113000488,0,1,-1
113000489,0,0,0
113000490,0,2,-2
113000491,2,0,2
113000492,0,0,0
113000493,0,0,0
113000495,96,71,25
113000496,62,52,10
113000497,0,0,0
113000500,0,3,-3
113900001,3,362,-359
113900002,0,51,-51
113900003,9,54,-45
113900004,1,52,-51
113900005,1,91,-90
113900006,0,12,-12
113900007,46,19,27
113900008,8,0,8
113900009,47,0,47
113900010,43,1,42
113900011,83,0,83
113900012,27,0,27
113900013,109,2,107
113900014,584,4,580
113900015,0,25,-25
113900016,41,0,41
113900017,6,36,-30
113900018,283,358,-75
113900019,250,70,180
113900020,190,1,189
113900022,79,2,77
113900023,20,0,20
113900024,48,46,2
113900025,185,32,153
113900026,81,0,81
113900027,7,31,-24
113900028,40,231,-191
113900029,88,92,-4
113900030,218,0,218
113900031,27,4,23
113900032,73,0,73
113900033,63,57,6
113900035,90,2,88
113900036,19,47,-28
113900037,213,272,-59
113900038,25,142,-117
113900039,183,44,139
113900040,19,41,-22
113900041,23,2,21
113900042,63,38,25
113900043,183,99,84
113900044,180,340,-160
113900045,77,0,77
113900046,322,446,-124
113900047,67,122,-55
113900048,108,141,-33
113900049,314,357,-43
113900050,349,285,64
113900051,246,247,-1
113900052,96,107,-11
113900053,782,815,-33
113900054,17,0,17
113900055,112,323,-211
113900056,43,151,-108
113900057,24,38,-14
113900058,115,71,44
113900059,218,247,-29
113900060,96,138,-42
113900061,525,266,259
113900062,103,24,79
113900063,155,133,22
113900064,45,67,-22
113900065,543,20,523
113900066,477,199,278
113900067,273,130,143
113900068,444,582,-138
113900069,37,43,-6
113900070,131,305,-174
113900071,84,38,46
113900072,75,160,-85
113900073,213,173,40
113900074,163,285,-122
113900075,1079,1401,-322
113900076,209,18,191
113900077,68,111,-43
113900078,36,44,-8
113900079,0,21,-21
113900080,667,231,436
113900081,48,139,-91
113900082,119,199,-80
113900083,546,165,381
113900084,260,119,141
113900085,41,128,-87
113900086,34,14,20
113900087,126,102,24
113900088,73,102,-29
113900089,425,39,386
113900090,659,329,330
113900091,15,19,-4
113900092,24,62,-38
113900093,97,795,-698
113900094,655,278,377
113900095,146,103,43
113900096,287,89,198
113900097,78,53,25
113900098,805,121,684
113900099,1,28,-27
113900100,0,6,-6
113900101,12,62,-50
113900102,111,161,-50
113900103,325,331,-6
113900104,157,179,-22
113900105,181,93,88
113900106,1,30,-29
113900107,2,25,-23
113900108,157,238,-81
113900109,341,196,145
113900110,89,41,48
113900111,168,65,103
113900112,183,36,147
113900113,1078,484,594
113900114,2,28,-26
113900115,2,44,-42
113900116,85,152,-67
113900117,79,28,51
113900118,229,505,-276
113900119,132,454,-322
113900120,145,40,105
113900121,82,88,-6
113900122,383,2414,-2031
113900123,520,224,296
113900124,3,41,-38
113900125,572,96,476
113900126,111,39,72
113900127,400,813,-413
113900128,123,77,46
113900129,8,189,-181
113900130,4,127,-123
113900131,285,90,195
113900132,21,67,-46
113900133,9,68,-59
113900135,250,160,90
113900136,121,76,45
113900137,350,267,83
113900138,36,313,-277
113900139,153,223,-70
113900140,106,387,-281
113900141,764,165,599
113900142,191,67,124
113900143,17,68,-51
113900144,80,179,-99
113900145,366,116,250
113900146,204,35,169
113900148,95,416,-321
113900149,115,96,19
113900150,246,443,-197
113900151,539,141,398
113900152,63,69,-6
113900153,120,635,-515
113900154,2,142,-140
113900155,154,257,-103
113900156,152,271,-119
113900157,56,305,-249
113900158,224,555,-331
113900159,29,237,-208
113900160,373,330,43
113900161,71,260,-189
113900162,219,917,-698
113900163,265,150,115
113900164,364,35,329
113900165,542,312,230
113900166,89,172,-83
113900167,364,29,335
113900168,43,67,-24
113900169,183,271,-88
113900171,340,76,264
113900172,9,59,-50
113900173,23,267,-244
113900174,461,361,100
113900175,389,141,248
113900176,339,352,-13
113900177,294,157,137
113900178,284,93,191
113900179,17,177,-160
113900180,157,58,99
113900181,828,171,657
113900182,784,628,156
113900183,58,55,3
113900184,8,219,-211
113900185,173,47,126
113900186,50,32,18
113900187,41,109,-68
113900188,40,155,-115
113900189,213,138,75
113900190,207,124,83
113900191,84,128,-44
113900192,3,787,-784
113900193,12,94,-82
113900194,952,686,266
113900195,200,272,-72
113900196,4,117,-113
113900197,3,70,-67
113900198,41,206,-165
113900199,120,468,-348
113900200,12,171,-159
113900201,0,70,-70
113900202,20,192,-172
113900203,0,37,-37
113900204,31,314,-283
113900205,6,116,-110
113900206,2,97,-95
113900207,0,36,-36
113900208,0,28,-28
113900209,0,45,-45
113900210,393,755,-362
113900211,277,57,220
113900212,259,292,-33
113900214,265,359,-94
113900215,51,105,-54
113900216,235,433,-198
113900217,149,143,6
113900218,181,69,112
113900219,126,322,-196
113900220,111,143,-32
113900221,401,344,57
113900222,121,545,-424
113900223,244,291,-47
113900224,32,58,-26
113900225,410,172,238
113900226,442,124,318
113900227,380,261,119
113900228,177,642,-465
113900229,52,866,-814
113900230,2658,3718,-1060
113900231,209,144,65
113900232,116,58,58
113900233,164,72,92
113900234,426,437,-11
113900235,112,27,85
113900236,280,180,100
113900237,256,15,241
113900238,213,609,-396
113900239,70,114,-44
113900240,9,238,-229
113900241,128,47,81
113900242,21,127,-106
113900243,82,294,-212
113900244,201,142,59
113900245,773,267,506
113900246,12,30,-18
113900247,107,650,-543
113900248,1708,2197,-489
113900249,601,497,104
113900250,41,135,-94
113900251,958,82,876
113900252,566,33,533
113900253,709,78,631
113900254,714,188,526
113900255,550,13,537
113900256,346,22,324
113900257,15,217,-202
113900258,29,244,-215
113900259,584,91,493
113900260,315,34,281
113900261,58,65,-7
113900262,144,321,-177
113900263,92,458,-366
113900264,9,211,-202
113900265,102,259,-157
113900266,38,125,-87
113900267,63,417,-354
113900268,332,425,-93
113900269,83,151,-68
113900270,188,608,-420
113900271,655,654,1
113900273,45,23,22
113900274,99,37,62
113900275,21,71,-50
113900276,1,58,-57
113900277,198,7,191
113900278,188,169,19
113900279,48,63,-15
113900280,1371,507,864
113900281,406,1410,-1004
113900282,519,714,-195
113900283,396,551,-155
113900284,996,99,897
113900285,178,22,156
113900286,107,90,17
113900287,102,49,53
113900288,1,93,-92
113900289,282,111,171
113900290,127,364,-237
113900291,79,125,-46
113900292,15,5,10
113900293,1,130,-129
113900294,519,16,503
113900295,322,323,-1
113900296,1384,438,946
113900297,2949,47,2902
113900298,15,1196,-1181
113900299,137,61,76
113900300,3172,3783,-611
113900301,631,449,182
113900302,1554,826,728
113900303,297,624,-327
113900304,0,58,-58
113900305,120,1,119
113900306,79,2,77
113900307,21,0,21
113900308,89,87,2
113900309,4,311,-307
113900310,1,7,-6
113900311,12,1,11
113900312,179,198,-19
113900313,5,9,-4
114000001,972,1892,-920
114000002,288,230,58
114000003,61,208,-147
114000004,91,117,-26
114000005,339,180,159
114000006,1968,1454,514
114000007,720,1099,-379
114000008,1260,1982,-722
114000009,1110,244,866
114000011,2714,1733,981
114000012,2983,1306,1677
114000013,2020,1011,1009
114000014,484,191,293
114000015,2063,223,1840
114000016,242,129,113
114000017,78,150,-72
114000018,157,22,135
114000026,2416,847,1569
114000027,4275,1990,2285
114000028,2379,2801,-422
114000038,348,72,276
114000039,69,34,35
114000040,122,284,-162
114000042,199,97,102
114000043,65,42,23
114000044,360,25,335
114000045,52,78,-26
114000046,2855,3895,-1040
114000047,11,62,-51
114000048,90,30,60
114000049,1542,1391,151
114000050,1840,1673,167
114000051,3094,1994,1100
114000052,4768,1918,2850
114000053,137,663,-526
114000054,215,635,-420
114000055,245,48,197
114000056,401,1104,-703
114000057,4058,2074,1984
114000058,203,1629,-1426
114000059,125,385,-260
114000060,565,682,-117
114000061,2159,3153,-994
114000062,1071,1782,-711
114000063,1245,1162,83
114000064,2916,3362,-446
114000065,1134,1747,-613
114000066,346,473,-127
114000067,51,904,-853
114000068,459,760,-301
114000069,1140,527,613
114000070,2157,1722,435
114000071,874,336,538
114000072,587,172,415
114000073,38,24,14
114000074,81,17,64
114000075,68,37,31
114000076,21,35,-14
114000077,8,18,-10
114000078,328,306,22
114000079,182,25,157
114000080,59,90,-31
114000081,70,54,16
114000082,39,233,-194
114000083,58,155,-97
114000084,391,104,287
114000085,100,297,-197
114000086,275,209,66
114000087,192,73,119
114000088,42,18,24
114000089,392,231,161
114000090,918,911,7
114000091,1622,811,811
114000092,975,478,497
114000093,1382,658,724
114000094,373,290,83
114000095,196,144,52
114000096,72,206,-134
114000097,103,280,-177
114000098,678,87,591
114000099,826,222,604
114000100,1919,419,1500
114000101,473,330,143
114000102,644,229,415
114000103,100,209,-109
114000104,18,146,-128
114000105,152,91,61
114000106,635,1526,-891
114000107,582,107,475
114000108,673,718,-45
114000109,719,1110,-391
114000110,544,835,-291
114000111,2131,872,1259
114000112,341,923,-582
114000113,955,398,557
114000114,1045,831,214
114000115,2121,1199,922
114000116,981,2448,-1467
114000117,4226,574,3652
114000118,3142,524,2618
114000119,2206,514,1692
114000120,643,549,94
114000121,353,612,-259
114000122,372,224,148
114000123,2408,293,2115
114000124,1180,228,952
114000125,826,819,7
114000126,2257,186,2071
114000127,268,136,132
114000128,892,250,642
114000130,426,435,-9
114000131,273,123,150
114000132,616,340,276
114000133,973,926,47
114000134,93,51,42
114000138,24,142,-118
114000139,472,247,225
114000144,917,515,402
114000145,87,88,-1
114000146,89,120,-31
114000147,1529,2358,-829
114000148,1488,1869,-381
114000149,293,333,-40
114000150,309,498,-189
114000151,612,1533,-921
114000152,135,45,90
114000153,751,2217,-1466
114000154,761,504,257
114000155,1208,2290,-1082
114000156,768,573,195
114000157,188,882,-694
114000158,885,631,254
114000159,133,331,-198
114000160,86,321,-235
114000161,1201,3277,-2076
114000162,1014,2983,-1969
114000163,12,34,-22
114000165,615,367,248
114000166,653,463,190
114000167,1993,1302,691
114000168,476,504,-28
114000169,1267,1479,-212
114000170,1155,1342,-187
114000171,1203,5065,-3862
114000174,195,345,-150
114000176,366,408,-42
114000177,1187,660,527
114000178,51,51,0
114000179,992,619,373
114000180,332,488,-156
114000181,1885,4302,-2417
114000182,1343,2142,-799
114000183,647,793,-146
114000184,1909,712,1197
114000185,1042,681,361
114000189,1405,190,1215
114000190,3749,548,3201
114000191,84,160,-76
114000192,137,847,-710
114000193,360,1251,-891
114000194,1374,564,810
114000195,209,58,151
114000196,2,83,-81
114000197,1895,34,1861
114000198,683,263,420
114000199,1688,1676,12
114000200,450,873,-423
114000201,142,539,-397
114000202,993,494,499
114000203,582,437,145
114000204,154,291,-137
114000205,192,971,-779
114000206,591,976,-385
114000207,474,1059,-585
114000208,403,1428,-1025
114000209,444,1255,-811
114000210,207,741,-534
114000211,1208,984,224
114000212,940,777,163
114000213,1451,459,992
114000214,91,120,-29
114000215,211,82,129
114000216,1496,251,1245
114000217,456,159,297
114000218,240,124,116
114000219,1104,142,962
114000220,13,423,-410
114000221,906,183,723
114000222,119,494,-375
114000223,605,150,455
114000224,59,371,-312
114000225,325,396,-71
114000226,213,227,-14
114000227,837,425,412
114000228,823,476,347
114000229,1343,844,499
114000230,1517,739,778
114000231,1043,1084,-41
114000232,829,176,653
114000233,2332,101,2231
114000234,1069,564,505
114000235,1060,857,203
114000236,0,325,-325
114000237,80,570,-490
114000238,97,202,-105
114000239,138,611,-473
114000240,866,797,69
114000241,239,596,-357
114000242,711,527,184
114000243,1471,724,747
114000244,448,282,166
114000245,452,655,-203
114000246,83,26,57
114000247,630,491,139
114000248,1154,459,695
114000249,606,349,257
114000250,651,473,178
114000251,527,180,347
114000252,68,36,32
114000253,51,95,-44
114000254,86,30,56
114000255,548,396,152
114000256,610,2434,-1824
114000257,273,696,-423
114000258,385,265,120
114000259,110,161,-51
114000260,0,24,-24
114000261,55,26,29
114000262,275,61,214
114000263,9,0,9
114000264,1725,376,1349
114000265,0,0,0
114000267,0,1275,-1275
114000268,3,791,-788
114000270,118,3,115
114000271,329,44,285
114000283,1325,282,1043
114000285,17,77,-60
114000288,62,216,-154
114000289,1583,123,1460
114000293,208,351,-143
114000294,122,260,-138
114000395,1129,28,1101
114000396,652,622,30
114000402,702,217,485
114000403,293,173,120
114000405,224,162,62
114000423,434,214,220
114000424,534,121,413
114000425,1145,212,933
114000426,360,786,-426
114000427,61,52,9
114000428,180,176,4
114000429,10,112,-102
114000432,83,37,46
114000434,40,41,-1
114900001,702,475,227
114900002,634,232,402
114900003,856,650,206
114900004,230,469,-239
114900005,634,415,219
114900006,91,96,-5
114900007,351,21,330
114900008,219,99,120
114900010,1254,1699,-445
114900011,278,151,127
114900013,310,156,154
114900015,113,522,-409
114900018,1122,33,1089
114900020,235,127,108
114900021,357,224,133
114900022,2,540,-538
114900024,374,107,267
114900025,523,145,378
114900026,72,169,-97
114900027,210,172,38
114900029,32,25,7
114900030,400,155,245
114900031,541,31,510
114900032,602,31,571
114900033,621,1169,-548
114900034,42,112,-70
114900035,118,246,-128
114900036,199,301,-102
114900037,138,125,13
114900038,205,322,-117
114900039,529,278,251
114900040,64,50,14
114900041,904,242,662
114900042,1044,324,720
114900043,377,210,167
114900044,159,55,104
114900045,160,260,-100
114900046,49,107,-58
114900047,187,2340,-2153
114900048,157,209,-52
114900049,3,108,-105
114900050,57,158,-101
114900051,28,303,-275
114900052,119,310,-191
114900053,142,240,-98
114900054,22,87,-65
114900057,194,12,182
114900058,3,85,-82
114900059,127,70,57
114900060,555,851,-296
114900061,107,76,31
114900062,235,246,-11
114900063,57,96,-39
114900064,1948,261,1687
114900065,465,593,-128
114900067,54,345,-291
114900068,68,101,-33
114900069,170,90,80
114900070,715,204,511
114900072,3,227,-224
114900073,0,94,-94
114900074,953,278,675
114900075,491,13,478
114900076,6,278,-272
114900080,1071,243,828
114900082,2570,2481,89
114900083,972,1016,-44
114900084,251,104,147
114900090,511,196,315
114900091,85,183,-98
114900095,187,91,96
114900096,480,587,-107
114900097,194,55,139
114900098,8,132,-124
114900099,283,14,269
115000001,3884,2051,1833
115000002,4115,4632,-517
115000003,3835,1800,2035
115000004,4877,6252,-1375
115000005,1376,1510,-134
115000006,1118,1288,-170
115000007,109,183,-74
115000008,327,402,-75
115000009,179,152,27
115000010,276,155,121
115000013,36,218,-182
115000015,42,236,-194
115000016,137,335,-198
115000019,40,458,-418
115000020,88,1130,-1042
115000021,269,354,-85
115000022,473,378,95
115000023,346,687,-341
115000024,858,399,459
115000025,902,859,43
115000026,223,260,-37
115000027,295,328,-33
115000028,225,625,-400
115000029,754,120,634
115000030,867,923,-56
115000031,1306,399,907
115000032,12,221,-209
115000033,233,42,191
115000034,51,1104,-1053
115000035,1132,81,1051
115000036,0,284,-284
115000037,581,24,557
115000038,62,132,-70
115000039,2507,3400,-893
115000040,3587,2307,1280
115000041,1383,3758,-2375
115000042,1146,547,599
115000043,4333,2594,1739
115000044,3465,2712,753
115000045,2414,1110,1304
115000046,2559,2076,483
115000047,2344,1061,1283
115000048,1614,1604,10
115000049,1424,2515,-1091
115000050,3264,1365,1899
115000051,1363,2931,-1568
115000052,1277,1380,-103
115000053,1728,1856,-128
115000054,542,804,-262
115000055,172,738,-566
115000056,192,695,-503
115000057,725,1087,-362
115000058,675,456,219
115000059,445,193,252
115000061,116,158,-42
115000062,232,198,34
115000063,425,211,214
115000064,249,47,202
115000065,71,530,-459
115000067,139,14,125
115000069,94,215,-121
115000070,30,775,-745
115000071,91,15,76
115000072,12,62,-50
115000073,1522,93,1429
115000075,142,56,86
115000076,2752,2152,600
115000077,2240,1195,1045
115000078,1494,845,649
115000079,1236,1282,-46
115000080,2619,1493,1126
115000081,386,653,-267
115000082,4520,3551,969
115000083,1941,1159,782
115000084,2802,926,1876
115000085,890,600,290
115000086,1295,530,765
115000087,384,1244,-860
115000088,1843,485,1358
115000089,1152,1055,97
115000090,432,863,-431
115000091,171,436,-265
115000092,746,407,339
115000093,543,4,539
115000094,4606,5824,-1218
115000095,3250,6041,-2791
115000096,838,884,-46
115000097,1234,899,335
115000098,1371,595,776
115000099,2693,1723,970
115000100,1289,298,991
115000101,497,1038,-541
115000102,505,250,255
115000103,246,413,-167
115000105,46,79,-33
115000106,712,277,435
115000107,198,261,-63
115000108,2235,1632,603
115000109,2988,5087,-2099
115000110,1449,1906,-457
115000111,647,1308,-661
115000112,975,855,120
115000113,777,844,-67
115000114,1538,628,910
115000116,3287,2507,780
115000117,2714,2833,-119
115000118,2323,1735,588
115000119,1680,2195,-515
115000120,462,1428,-966
115000121,754,866,-112
115000122,1527,1956,-429
115000123,897,2479,-1582
115000124,620,1003,-383
115000125,369,583,-214
115000126,193,332,-139
115000127,415,133,282
115000128,282,712,-430
115000129,226,431,-205
115000130,594,459,135
115000131,1017,214,803
115000132,287,190,97
115000133,646,206,440
115000134,424,199,225
115000135,285,130,155
115000136,300,200,100
115000137,94,143,-49
115000138,420,252,168
115000139,239,152,87
115000140,402,160,242
115000141,219,146,73
115000142,160,150,10
115000143,1095,562,533
115000144,474,59,415
115000145,288,173,115
115000146,528,347,181
115000147,340,341,-1
115000148,312,540,-228
115000149,728,223,505
115000150,677,488,189
115000151,1371,473,898
115000152,790,545,245
115000153,1416,472,944
115000154,1131,260,871
115000155,694,657,37
115000156,1061,692,369
115000157,596,714,-118
115000158,464,375,89
115000159,545,627,-82
115000160,543,710,-167
115000161,455,394,61
115000162,530,827,-297
115000163,482,691,-209
115000164,626,626,0
115000165,285,517,-232
115000167,146,47,99
115000168,366,292,74
115000169,503,416,87
115000170,59,126,-67
115000171,201,202,-1
115000172,894,643,251
115000173,287,769,-482
115000174,126,441,-315
115000175,145,265,-120
115000176,169,146,23
115000177,181,191,-10
115000178,14,167,-153
115000179,36,51,-15
115000180,122,364,-242
115000181,851,109,742
115000182,1176,207,969
115000183,427,525,-98
115000186,594,183,411
115000187,291,596,-305
115000188,382,547,-165
115000189,219,423,-204
115000190,659,455,204
115000191,175,561,-386
115000194,162,185,-23
115000195,324,265,59
115000196,267,90,177
115000197,274,172,102
115000198,560,129,431
115000199,423,109,314
115000200,473,102,371
115000201,161,212,-51
115000206,413,45,368
115000207,260,182,78
115000208,260,460,-200
115000209,618,345,273
115000210,189,124,65
115000211,170,204,-34
115000212,1017,310,707
115000218,79,138,-59
115000219,109,21,88
115000224,303,68,235
115000225,54,86,-32
115000229,135,88,47
115000230,105,273,-168
115000231,205,704,-499
115000232,1977,257,1720
115000233,135,154,-19
115000234,14,233,-219
115000241,150,100,50
115000242,155,139,16
115000243,40,105,-65
115000244,11,77,-66
115000246,21,34,-13
115000247,55,34,21
115000248,40,12,28
115000249,19,25,-6
115000250,247,23,224
115000251,253,80,173
115000252,128,151,-23
115000253,15,409,-394
115000258,334,94,240
115000259,256,92,164
115000261,20,22,-2
115000262,18,22,-4
115000263,8,25,-17
115000264,36,25,11
115000267,84,66,18
115000268,32,84,-52
115000269,121,80,41
115000270,3,29,-26
115000272,47,86,-39
115000273,520,59,461
115000274,465,108,357
115000280,1586,335,1251
115000281,276,880,-604
115000282,822,1150,-328
115000284,164,140,24
115000296,1186,8,1178
115000297,192,213,-21
115000298,66,536,-470
115000300,237,141,96
115000302,481,91,390
115000303,669,90,579
115000304,1077,60,1017
115000305,145,350,-205
115000306,248,138,110
115000307,120,127,-7
115000308,19,21,-2
115000310,1224,454,770
115000311,1269,909,360
115000313,117,321,-204
115000314,572,157,415
115000315,481,519,-38
115000316,72,162,-90
115000317,197,309,-112
115000318,884,336,548
115000319,70,207,-137
115000320,21,356,-335
115000321,316,9,307
115000322,49,127,-78
115000449,164,148,16
115000557,29,1540,-1511
115000558,440,107,333
115000587,657,294,363
115000588,1734,1861,-127
115000589,3485,1865,1620
115000590,1308,1400,-92
115000591,1889,674,1215
115000592,539,1781,-1242
115000593,1497,624,873
115000594,481,2050,-1569
115000609,76,125,-49
115000617,778,3731,-2953
115000624,244,20,224
115000633,549,1722,-1173
115000634,2768,775,1993
115000635,611,96,515
115000638,351,334,17
115000641,50,92,-42
115000642,320,241,79
115000643,143,292,-149
115000644,176,252,-76
115000646,874,1535,-661
115000647,179,422,-243
115000648,2180,1273,907
115000893,1470,1326,144
115000894,180,710,-530
115000895,248,542,-294
115000896,1001,220,781
115000897,446,107,339
115000898,562,246,316
115000899,228,920,-692
115000900,63,255,-192
115000901,41,113,-72
115000912,470,104,366
115000913,2,16,-14
115000915,10,0,10
115000916,7,1,6
115000917,0,7,-7
115000918,85,758,-673
115000919,6,19,-13
115000920,25,35,-10
115000921,362,102,260
115000922,330,788,-458
115000923,128,746,-618
115000925,108,104,4
115000927,33,46,-13
115000933,49,102,-53
115900001,206,29,177
115900002,106,114,-8
115900003,187,48,139
115900004,1,13,-12
115900005,277,22,255
115900006,114,136,-22
115900008,65,6,59
115900009,99,128,-29
115900010,417,87,330
115900011,420,148,272
115900012,232,32,200
115900013,366,148,218
115900014,103,114,-11
115900015,193,40,153
115900016,142,58,84
115900017,23,11,12
115900018,93,47,46
115900019,220,27,193
115900020,129,7,122
115900021,702,730,-28
115900022,659,24,635
115900023,6,3,3
115900025,33,144,-111
115900026,752,130,622
115900027,1,164,-163
115900028,430,68,362
115900029,11,169,-158
115900030,45,19,26
115900031,187,356,-169
115900032,538,507,31
115900033,0,45,-45
115900034,20,151,-131
115900035,41,8,33
115900036,39,1006,-967
115900037,29,183,-154
115900038,39,8,31
115900039,208,110,98
115900041,178,757,-579
115900042,34,9,25
115900043,118,43,75
115900044,140,314,-174
115900046,346,179,167
115900047,175,221,-46
115900049,240,155,85
115900051,2,22,-20
115900052,10,89,-79
115900053,379,153,226
115900054,330,24,306
115900055,14,61,-47
115900056,218,171,47
115900057,25,12,13
115900058,24,41,-17
115900060,141,95,46
115900061,354,0,354
115900062,174,153,21
115900063,76,9,67
115900064,186,193,-7
115900065,129,33,96
115900066,71,75,-4
115900067,4,202,-198
115900068,1604,1224,380
115900069,81,165,-84
115900070,209,48,161
115900071,0,217,-217
115900072,48,119,-71
115900073,110,124,-14
115900074,9,146,-137
115900075,31,158,-127
115900076,7,26,-19
115900077,5,120,-115
115900078,54,100,-46
115900079,421,11,410
115900080,230,119,111
115900081,21,48,-27
115900082,141,160,-19
115900084,702,9,693
115900085,17,61,-44
115900086,1052,572,480
115900088,4,30,-26
115900089,419,379,40
115900090,510,7,503
115900091,2,15,-13
115900092,42,98,-56
115900093,10,11,-1
115900094,3,111,-108
115900096,3,17,-14
115900097,18,184,-166
115900098,202,160,42
115900099,81,40,41
115900100,8,241,-233
115900101,148,149,-1
115900102,82,46,36
115900103,279,119,160
115900104,109,58,51
115900105,399,280,119
115900106,104,12,92
115900107,130,41,89
115900108,175,7,168
115900109,46,275,-229
115900110,6,4,2
115900111,1,69,-68
115900112,39,591,-552
115900113,95,16,79
115900114,5,97,-92
115900115,81,161,-80
115900116,83,534,-451
115900117,83,10,73
115900118,2,124,-122
115900119,195,132,63
115900120,35,199,-164
115900121,271,153,118
115900124,293,799,-506
115900125,433,48,385
115900126,921,90,831
115900127,823,51,772
115900128,7,143,-136
115900129,829,55,774
115900130,18,201,-183
115900131,481,33,448
115900132,756,13,743
115900134,403,17,386
115900135,256,1188,-932
115900137,37,16,21
115900139,124,268,-144
115900140,300,33,267
115900141,30,135,-105
115900142,39,106,-67
115900143,250,250,0
115900144,107,170,-63
115900146,9,34,-25
115900147,240,309,-69
115900148,109,8,101
115900149,160,8,152
115900150,100,14,86
115900151,11,124,-113
115900152,184,276,-92
115900153,124,117,7
115900154,352,320,32
115900155,0,19,-19
115900156,811,1024,-213
115900157,269,541,-272
115900158,7,4,3
115900159,202,139,63
115900160,2,10,-8
115900161,129,112,17
115900163,260,92,168
115900164,742,29,713
115900165,4,156,-152
115900166,121,115,6
115900168,170,90,80
115900171,118,354,-236
115900172,84,71,13
115900173,237,91,146
115900174,185,183,2
115900175,175,199,-24
115900178,10,243,-233
115900179,413,5,408
115900180,22,90,-68
115900181,217,82,135
115900182,582,99,483
115900183,215,196,19
115900184,754,9,745
115900187,18,116,-98
115900189,0,352,-352
115900190,285,1172,-887
115900191,31,200,-169
115900192,9,118,-109
115900193,126,95,31
115900194,956,73,883
115900195,461,2386,-1925
115900198,281,271,10
115900199,250,163,87
115900200,185,282,-97
115900201,360,388,-28
115900202,1,79,-78
115900203,12,29,-17
115900204,0,10,-10
115900205,74,33,41
115900206,299,123,176
115900207,50,2,48
115900208,165,54,111
115900209,3,97,-94
115900210,4,129,-125
115900211,6,161,-155
115900212,199,180,19
115900213,84,134,-50
115900214,439,44,395
115900215,18,155,-137
115900216,4,107,-103
115900217,1,26,-25
115900218,3,18,-15
115900219,121,3,118
115900220,306,5,301
115900221,136,14,122
115900222,99,30,69
115900223,13,496,-483
115900224,540,1478,-938
115900225,37,63,-26
115900226,42,37,5
115900227,13,33,-20
115900228,7,63,-56
115900229,4,41,-37
115900230,29,81,-52
115900231,166,2,164
115900232,56,4,52
115900233,103,19,84
115900234,72,24,48
115900235,38,36,2
115900236,53,23,30
115900237,13,26,-13
115900238,19,8,11
115900239,23,20,3
115900240,15,48,-33
115900241,279,81,198
115900242,177,390,-213
115900243,20,14,6
115900244,33,11,22
115900245,2,6,-4
115900246,26,4,22
115900247,15,5,10
115900248,15,8,7
115900249,4,10,-6
115900250,19,16,3
115900251,3,12,-9
115900252,3,5,-2
115900253,17,28,-11
115900254,23,24,-1
115900255,1,32,-31
115900256,9,34,-25
115900257,10,2,8
115900258,0,0,0
115900259,1,4,-3
115900260,10,0,10
115900261,2,1,1
115900262,2,1,1
115900263,16,1,15
115900264,41,5,36
115900265,5,13,-8
115900266,5,26,-21
115900267,2,26,-24
115900268,7,12,-5
115900269,623,256,367
115900270,427,144,283
116000001,5691,3062,2629
116000002,4384,13403,-9019
116000003,1055,1093,-38
116000004,2752,4652,-1900
116000005,1432,2586,-1154
116000006,2458,2907,-449
116000007,2151,2261,-110
116000008,4065,2748,1317
116000009,1064,1503,-439
116000010,2823,1602,1221
116000011,593,1391,-798
116000012,1863,1213,650
116000013,5269,3332,1937
116000014,6950,13344,-6394
116000015,206,1268,-1062
116000016,4417,4591,-174
116000017,32,751,-719
116000018,611,356,255
116000019,875,323,552
116000020,594,1013,-419
116000021,615,330,285
116000022,322,286,36
116000023,1363,949,414
116000024,707,696,11
116000025,908,930,-22
116000026,1690,2553,-863
116000027,838,659,179
116000028,411,1093,-682
116000029,563,735,-172
116000030,678,505,173
116000031,162,244,-82
116000032,144,142,2
116000033,232,207,25
116000034,1005,455,550
116000035,253,639,-386
116000036,1475,2313,-838
116000037,639,570,69
116000038,285,632,-347
116000039,403,664,-261
116000040,627,573,54
116000041,146,536,-390
116000042,704,458,246
116000043,135,1042,-907
116000045,1759,1983,-224
116000046,1001,1870,-869
116000047,1598,2082,-484
116000048,2197,1701,496
116000049,1517,3072,-1555
116000050,1435,1304,131
116000051,6280,2905,3375
116000052,6033,4986,1047
116000053,2193,770,1423
116000054,951,2492,-1541
116000055,817,850,-33
116000056,1005,1049,-44
116000057,2841,1365,1476
116000058,3244,3064,180
116000059,2707,4832,-2125
116000060,1609,927,682
116000061,267,924,-657
116000062,499,225,274
116000063,565,1319,-754
116000066,239,694,-455
116000067,176,332,-156
116000068,245,294,-49
116000069,246,268,-22
116000078,542,1172,-630
116000080,1875,722,1153
116000082,6,27,-21
116000083,1849,364,1485
116000084,1565,2235,-670
116000085,2258,1774,484
116000086,1027,517,510
116000087,2362,1652,710
116000088,774,705,69
116000089,174,78,96
116000090,97,131,-34
116000091,279,245,34
116000093,871,524,347
116000094,696,334,362
116000095,917,556,361
116000096,890,1411,-521
116000097,1410,871,539
116000098,20,6079,-6059
116000099,4282,184,4098
116000100,289,20,269
116000101,1070,403,667
116000102,37,201,-164
116000103,422,276,146
116000104,208,950,-742
116000105,1340,107,1233
116000106,373,730,-357
116000107,2307,229,2078
116000108,176,189,-13
116000111,128,14,114
116000113,128,142,-14
116000114,56,116,-60
116000115,409,147,262
116000116,242,291,-49
116000117,1820,1558,262
116000118,1714,1016,698
116000119,4205,1996,2209
116000120,2999,2691,308
116000121,1105,561,544
116000122,962,971,-9
116000123,1418,449,969
116000124,428,718,-290
116000125,3608,858,2750
116000126,245,951,-706
116000127,832,836,-4
116000128,2154,980,1174
116000129,1498,245,1253
116000130,821,654,167
116000133,1511,723,788
116000134,1580,1192,388
116000135,3187,1242,1945
116000136,823,1234,-411
116000137,1400,704,696
116000138,994,698,296
116000139,1974,2216,-242
116000140,186,169,17
116000141,250,346,-96
116000142,2709,1979,730
116000143,1821,1640,181
116000144,1506,1361,145
116000145,1915,964,951
116000146,781,111,670
116000147,251,176,75
116000148,653,647,6
116000149,763,716,47
116000151,494,304,190
116000153,115,306,-191
116000155,160,274,-114
116000156,471,815,-344
116000157,3,0,3
116000158,237,292,-55
116000159,1,0,1
116000160,21,31,-10
116000161,4,77,-73
116000162,73,150,-77
116000163,36,15,21
116000164,4,12,-8
116000177,122,86,36
116000194,85,307,-222
116000195,1264,469,795
116000196,22,11,11
116000197,21,13,8
116000198,2273,1155,1118
116000200,603,519,84
116000201,601,567,34
116000202,6,172,-166
116000203,1,54,-53
116000204,16,50,-34
116000205,0,96,-96
116000206,2,81,-79
116000207,9,28,-19
116000233,188,307,-119
116000287,165,267,-102
116000288,419,230,189
116000292,80,105,-25
116000296,7,73,-66
116000297,83,17,66
116000304,264,3,261
116000305,14,137,-123
116000346,217,91,126
116000352,131,45,86
116000354,38,30,8
116000357,11,35,-24
116000358,338,57,281
116000361,38,0,38
116000372,3036,5023,-1987
116000381,146,1,145
116000388,1,29,-28
116000389,977,485,492
116000445,557,271,286
116000446,802,309,493
116000447,21,481,-460
116000448,523,156,367
116000563,838,1025,-187
116000565,38,280,-242
116000568,60,450,-390
116000579,18,147,-129
116000584,12,4,8
116000585,35,33,2
116000586,76,134,-58
116000587,262,522,-260
116000589,53,70,-17
116000590,109,44,65
116000591,289,127,162
116000592,7,73,-66
116000593,0,33,-33
116000594,870,267,603
116000595,709,95,614
116000596,159,4,155
116000597,520,118,402
116000598,29,78,-49
116000602,40,449,-409
116000605,118,123,-5
116000606,62,156,-94
116000607,9,53,-44
116000609,114,1112,-998
116000611,205,279,-74
116000612,860,1949,-1089
116000613,713,296,417
116000614,371,307,64
116000615,25,437,-412
116000616,81,69,12
116000617,134,11,123
116000618,4,51,-47
116000619,53,84,-31
116000620,205,117,88
116000621,67,116,-49
116000622,58,95,-37
116000624,178,62,116
116900001,278,157,121
116900002,260,2,258
116900003,56,34,22
116900004,58,90,-32
116900005,362,69,293
116900006,53,143,-90
116900007,136,152,-16
116900008,587,145,442
116900009,30,15,15
116900010,3,682,-679
116900011,16,30,-14
116900012,220,216,4
116900013,5,105,-100
116900014,221,79,142
116900015,592,45,547
116900016,316,4,312
116900017,0,309,-309
116900018,103,39,64
116900019,2,178,-176
116900020,292,761,-469
116900023,67,12,55
116900024,852,43,809
116900025,1457,608,849
116900026,78,451,-373
116900027,30,37,-7
116900028,6,84,-78
116900029,0,44,-44
116900031,1,3,-2
116900032,7,217,-210
116900033,19,10,9
116900034,11,47,-36
116900035,137,160,-23
116900036,5,76,-71
116900038,20,0,20
116900041,89,20,69
116900042,351,232,119
116900043,19,51,-32
116900045,261,86,175
116900047,22,208,-186
116900049,18,194,-176
116900050,142,307,-165
116900051,238,68,170
116900052,140,65,75
116900055,1,15,-14
116900057,7,138,-131
116900058,44,222,-178
116900059,0,103,-103
116900060,212,146,66
116900062,4,12,-8
116900064,112,261,-149
116900065,29,61,-32
116900067,99,41,58
116900068,122,181,-59
116900070,6,6,0
116900072,21,184,-163
116900073,28,72,-44
116900074,3,33,-30
116900076,15,25,-10
116900077,9,77,-68
116900078,172,67,105
116900079,28,123,-95
116900080,17,28,-11
116900081,323,875,-552
116900082,431,880,-449
116900083,21,19,2
116900084,88,50,38
116900085,39,99,-60
116900086,61,110,-49
116900088,367,79,288
116900090,76,26,50
116900091,323,23,300
116900092,98,513,-415
116900093,2059,1609,450
116900094,2941,4590,-1649
116900095,238,97,141
116900096,97,437,-340
116900097,1875,3659,-1784
116900098,305,254,51
116900099,587,778,-191
116900100,1079,70,1009
116900101,255,345,-90
116900103,4,0,4
116900104,45,84,-39
116900105,305,194,111
116900106,2696,69,2627
116900107,2061,2734,-673
116900110,10,5,5
116900111,781,324,457
116900112,325,558,-233
116900113,1151,1018,133
116900116,84,782,-698
116900117,148,99,49
116900118,523,847,-324
116900120,549,73,476
116900121,152,20,132
116900122,1204,475,729
116900123,283,434,-151
116900124,141,717,-576
116900125,561,130,431
116900126,100,523,-423
116900128,0,28,-28
116900129,4,261,-257
116900130,508,4417,-3909
116900131,86,330,-244
116900132,88,132,-44
116900133,211,124,87
116900134,297,236,61
116900136,265,182,83
116900137,257,155,102
116900138,257,143,114
116900139,156,333,-177
116900140,212,163,49
116900141,670,417,253
116900142,3,62,-59
116900143,434,441,-7
116900144,47,81,-34
116900145,106,168,-62
116900147,313,844,-531
116900148,7,53,-46
116900149,66,271,-205
116900150,16,26,-10
116900151,479,167,312
116900153,132,111,21
116900154,303,654,-351
116900155,75,88,-13
116900157,727,115,612
116900158,84,370,-286
116900159,57,347,-290
116900160,988,943,45
116900161,4249,7699,-3450
116900162,15,47,-32
116900163,261,76,185
116900164,103,95,8
116900165,273,405,-132
116900166,35,24,11
116900167,469,38,431
116900168,373,54,319
116900169,392,720,-328
116900170,384,546,-162
116900171,78,94,-16
116900172,128,431,-303
116900173,325,36,289
116900174,60,48,12
116900175,218,294,-76
116900178,50,93,-43
116900179,122,366,-244
116900180,95,33,62
116900182,681,273,408
116900183,177,122,55
116900185,32,70,-38
116900186,92,147,-55
116900187,48,65,-17
116900188,156,28,128
116900189,44,2,42
116900191,394,547,-153
116900192,338,120,218
116900194,198,1646,-1448
116900195,56,31,25
116900196,22,76,-54
116900197,131,10,121
116900198,103,291,-188
116900200,98,15,83
116900201,192,7,185
116900202,118,34,84
116900203,187,9,178
116900204,52,118,-66
116900206,16,5,11
116900207,27,26,1
116900208,3,62,-59
116900209,43,71,-28
116900210,572,318,254
116900211,262,7,255
116900212,74,14,60
116900213,231,99,132
116900214,255,163,92
116900215,64,43,21
116900216,268,156,112
116900218,2,171,-169
116900219,1171,268,903
116900220,119,256,-137
116900221,145,357,-212
116900222,431,369,62
116900223,117,298,-181
116900226,148,37,111
116900227,237,58,179
116900228,304,112,192
116900230,74,163,-89
116900231,48,237,-189
116900232,33,227,-194
116900233,403,107,296
116900234,33,8,25
116900235,163,195,-32
116900238,1210,222,988
116900239,79,1455,-1376
116900240,3358,2995,363
116900241,171,114,57
116900242,278,756,-478
116900243,12,57,-45
116900245,60,47,13
116900246,130,17,113
116900247,1101,39,1062
116900248,81,33,48
116900249,603,82,521
116900250,438,38,400
116900251,353,831,-478
116900252,177,461,-284
116900253,121,43,78
116900254,36,67,-31
116900255,115,137,-22
116900256,535,100,435
116900257,12,246,-234
116900258,3,101,-98
116900259,289,3,286
116900260,3,49,-46
116900261,135,2,133
116900262,153,97,56
116900263,0,18,-18
116900264,1,1,0
116900265,41,0,41
116900266,21,30,-9
116900267,2,1,1
116900268,286,114,172
116900269,264,539,-275
116900271,748,260,488
116900272,270,242,28
116900273,100,126,-26
116900274,149,48,101
116900275,189,51,138
116900276,381,174,207
116900277,373,44,329
116900278,1,6,-5
116900279,1,13,-12
116900280,33,11,22
116900281,3444,5728,-2284
116900282,2,40,-38
116900283,12,54,-42
116900284,10,131,-121
116900285,113,211,-98
116900286,154,25,129
116900287,7,21,-14
116900288,91,73,18
116900289,12,12,0
116900290,5,13,-8
116900291,40,8,32
116900292,0,32,-32
116900293,99,24,75
116900294,33,133,-100
116900295,39,59,-20
116900296,24,26,-2
116900297,0,56,-56
116900298,28,32,-4
116900299,34,76,-42
116900300,1,78,-77
116900301,26,48,-22
116900302,440,1014,-574
116900303,49,120,-71
116900304,0,155,-155
116900305,13,48,-35
116900306,191,60,131
117000001,2762,2054,708
117000002,1921,3540,-1619
117000003,6320,3189,3131
117000004,2682,3891,-1209
117000005,2604,2023,581
117000006,1214,2168,-954
117000007,4808,1310,3498
117000008,786,2522,-1736
117000009,4621,1994,2627
117000010,2028,2771,-743
117000011,2575,1510,1065
117000012,1211,903,308
117000013,2028,796,1232
117000014,1318,1801,-483
117000015,2677,1274,1403
117000016,296,195,101
117000017,103,89,14
117000018,155,960,-805
117000019,83,6,77
117000020,331,1986,-1655
117000021,904,285,619
117000022,217,179,38
117000023,99,155,-56
117000024,174,364,-190
117000025,355,1156,-801
117000026,2013,1775,238
117000027,656,2152,-1496
117000028,884,1366,-482
117000030,81,103,-22
117000032,1158,1116,42
117000033,1710,1422,288
117000034,291,73,218
117000036,138,81,57
117000038,84,176,-92
117000039,26,37,-11
117000040,243,709,-466
117000041,1434,175,1259
117000044,17,451,-434
117000045,496,104,392
117000046,328,796,-468
117000047,1202,720,482
117000048,1455,649,806
117000049,106,683,-577
117000050,133,1052,-919
117000051,2711,53,2658
117000052,47,185,-138
117000053,791,34,757
117000054,1871,12,1859
117000055,11,1803,-1792
117000056,732,31,701
117000057,412,1828,-1416
117000060,492,1010,-518
117000061,2156,1002,1154
117000062,285,546,-261
117000063,1986,975,1011
117000064,392,513,-121
117000066,852,802,50
117000067,73,652,-579
117000074,65,132,-67
117000076,47,28,19
117000077,156,197,-41
117000078,135,517,-382
117000079,443,256,187
117000080,0,250,-250
117000081,1071,107,964
117000082,8,59,-51
117000083,130,9,121
117000084,141,0,141
117000085,285,872,-587
117000086,798,327,471
117000087,72,481,-409
117000088,261,128,133
117000089,1995,231,1764
117000090,281,865,-584
117000091,1036,233,803
117000092,376,906,-530
117000093,1431,633,798
117000094,1107,1863,-756
117000095,4248,729,3519
117000096,686,1574,-888
117000097,1871,919,952
117000098,1840,2588,-748
117000099,4563,1272,3291
117000100,240,309,-69
117000101,117,700,-583
117000102,2283,606,1677
117000103,627,1072,-445
117000104,1751,608,1143
117000105,720,1025,-305
117000106,1650,732,918
117000107,477,1156,-679
117000108,2283,1000,1283
117000109,1089,1767,-678
117000110,2019,1467,552
117000111,3349,3688,-339
117000112,3722,1623,2099
117000113,149,137,12
117000114,275,106,169
117000115,80,67,13
117000116,248,238,10
117000117,1608,1370,238
117000118,226,87,139
117000119,258,305,-47
117000120,191,698,-507
117000121,64,1031,-967
117000122,176,685,-509
117000123,1403,54,1349
117000124,185,192,-7
117000125,167,278,-111
117000126,59,42,17
117000127,159,351,-192
117000128,239,857,-618
117000129,88,145,-57
117000130,33,0,33
117000131,0,40,-40
117000132,4061,21,4040
117000133,2525,29,2496
117000134,1,87,-86
117000135,0,77,-77
117000136,0,16,-16
117000137,119,192,-73
117000138,4,683,-679
117000140,335,1106,-771
117000141,2201,513,1688
117000181,399,159,240
117000182,579,893,-314
117000195,154,541,-387
117000196,350,217,133
117000225,75,64,11
117000226,5,77,-72
117000276,435,39,396
117000277,0,166,-166
117000310,1278,1818,-540
117000315,62,559,-497
117000320,74,1,73
117000906,448,13,435
117000907,15,178,-163
117000908,11,77,-66
117000909,31,47,-16
117000910,202,196,6
117000911,72,137,-65
117000915,3,284,-281
117000916,86,6,80
117000917,1547,57,1490
117000918,93,64,29
117000919,4,59,-55
117000920,1,748,-747
117000921,1,540,-539
117000922,18,55,-37
117000924,680,645,35
117000926,448,104,344
117000927,640,1564,-924
117000928,0,84,-84
117000929,228,132,96
117000930,203,12,191
117000931,151,170,-19
117900002,95,416,-321
117900003,383,438,-55
117900005,7,74,-67
117900006,1,181,-180
117900007,125,105,20
117900008,0,16,-16
117900010,350,79,271
117900011,26,163,-137
117900012,84,85,-1
117900013,5,126,-121
117900014,295,68,227
117900015,5,49,-44
117900016,1008,944,64
117900017,642,133,509
117900018,154,164,-10
117900019,602,136,466
117900020,86,582,-496
117900021,31,41,-10
117900022,35,13,22
117900023,768,116,652
117900024,40,40,0
117900025,47,4,43
117900026,507,183,324
117900028,57,7,50
117900029,329,352,-23
117900030,627,199,428
117900031,110,132,-22
117900032,1205,644,561
117900033,345,359,-14
117900034,21,10,11
117900035,295,120,175
117900036,308,255,53
117900037,226,110,116
117900038,46,155,-109
117900039,3,44,-41
117900040,116,183,-67
117900041,8,26,-18
117900042,3126,360,2766
117900043,11,41,-30
117900044,45,3386,-3341
117900045,204,166,38
117900048,546,158,388
117900049,236,362,-126
117900050,3,183,-180
117900051,36,4,32
117900052,37,447,-410
117900053,2247,367,1880
117900054,1,21,-20
117900055,455,159,296
117900056,56,5,51
117900057,777,989,-212
117900058,180,1079,-899
117900059,205,82,123
117900060,3062,3081,-19
117900061,21,229,-208
117900063,526,175,351
117900065,488,760,-272
117900066,6,85,-79
117900067,603,119,484
117900069,872,214,658
117900070,167,79,88
117900071,92,112,-20
117900073,689,167,522
117900074,76,98,-22
117900075,71,91,-20
117900076,6,30,-24
117900077,580,180,400
117900078,364,929,-565
117900080,132,50,82
117900081,405,354,51
117900082,503,413,90
117900083,476,273,203
117900086,129,40,89
117900087,197,63,134
117900088,1997,1599,398
117900089,2626,829,1797
117900090,378,307,71
117900091,87,101,-14
117900092,62,42,20
117900093,160,65,95
117900094,64,49,15
117900095,233,110,123
117900096,110,198,-88
117900097,440,96,344
117900098,39,21,18
117900099,158,123,35
117900100,392,4,388
117900101,404,2145,-1741
117900102,113,39,74
117900103,130,5,125
117900104,29,237,-208
117900105,90,176,-86
117900106,110,27,83
117900107,52,0,52
117900109,843,431,412
117900110,127,2,125
117900111,425,42,383
117900112,95,27,68
117900113,1498,1841,-343
117900114,34,0,34
117900115,109,99,10
117900116,776,660,116
117900117,898,325,573
117900118,128,2,126
117900119,302,79,223
117900120,378,32,346
117900121,285,177,108
117900122,1273,4823,-3550
117900123,691,327,364
117900124,769,492,277
117900125,1714,2013,-299
117900126,172,431,-259
117900127,520,335,185
117900128,425,369,56
117900129,94,2,92
117900130,831,336,495
117900131,7,127,-120
117900132,13,77,-64
117900133,6,57,-51
117900134,142,214,-72
117900135,32,108,-76
117900136,0,21,-21
117900137,45,186,-141
117900138,0,28,-28
117900139,151,83,68
117900140,2407,249,2158
117900141,91,174,-83
117900142,85,61,24
117900144,68,426,-358
117900145,31,56,-25
117900146,124,259,-135
117900147,74,77,-3
117900148,1762,1730,32
117900149,126,151,-25
117900150,42,42,0
117900151,45,69,-24
117900152,61,47,14
117900153,16,98,-82
117900154,471,402,69
117900156,739,671,68
117900157,62,523,-461
117900158,386,123,263
117900160,935,974,-39
117900161,1828,1413,415
117900162,530,398,132
117900163,31,249,-218
117900165,0,9,-9
117900166,111,604,-493
117900168,56,158,-102
117900169,0,73,-73
117900170,2,10,-8
117900171,3,12,-9
117900172,14,19,-5
117900173,81,101,-20
117900174,14,48,-34
117900175,16,19,-3
117900176,16,28,-12
117900177,26,28,-2
117900178,53,26,27
117900180,183,30,153
117900181,51,468,-417
117900182,1,36,-35
117900183,66,163,-97
117900184,14,52,-38
117900185,65,43,22
117900186,60,13,47
117900187,37,6,31
117900188,209,28,181
117900189,97,28,69
117900190,34,2,32
117900191,85,0,85
117900192,206,1,205
117900193,40,30,10
117900194,16,5,11
117900195,11,56,-45
117900196,23,25,-2
117900207,124,155,-31
117900208,33,26,7
117900209,118,118,0
117900210,103,160,-57
117900211,20,143,-123
117900212,122,139,-17
117900213,31,24,7
117900214,13,12,1
117900216,4,47,-43
117900217,21,446,-425
117900218,81,151,-70
117900219,13,154,-141
117900220,54,134,-80
117900221,10,13,-3
118000001,740,1102,-362
118000002,524,1457,-933
118000003,1765,3563,-1798
118000004,1772,1565,207
118000005,2907,5672,-2765
118000006,2639,8204,-5565
118000007,4698,4183,515
118000008,2190,3365,-1175
118000009,1486,2733,-1247
118000010,6067,3809,2258
118000011,1695,1904,-209
118000012,1079,1570,-491
118000013,2083,1848,235
118000014,1653,1456,197
118000016,256,196,60
118000017,528,404,124
118000018,339,311,28
118000019,1523,1505,18
118000020,846,3415,-2569
118000021,535,3395,-2860
118000022,1265,804,461
118000023,608,287,321
118000024,830,1461,-631
118000025,437,1928,-1491
118000027,7515,10697,-3182
118000029,554,815,-261
118000032,477,3787,-3310
118000033,2780,6930,-4150
118000034,4060,2792,1268
118000035,1858,3185,-1327
118000036,789,1179,-390
118000037,674,813,-139
118000038,218,59,159
118000039,85,152,-67
118000040,1699,1083,616
118000041,2367,1194,1173
118000045,434,138,296
118000046,928,754,174
118000047,783,1420,-637
118000048,1736,1734,2
118000051,1534,1903,-369
118000052,899,1176,-277
118000053,401,483,-82
118000054,1553,759,794
118000055,1288,1243,45
118000056,175,484,-309
118000057,194,334,-140
118000058,3335,2525,810
118000059,1999,1729,270
118000060,1468,486,982
118000061,1311,931,380
118000062,460,408,52
118000063,383,887,-504
118000064,824,1103,-279
118000065,2267,2101,166
118000066,878,1781,-903
118000067,463,648,-185
118000068,1336,5099,-3763
118000069,1794,1063,731
118000070,3960,1893,2067
118000071,2579,6754,-4175
118000072,1189,1462,-273
118000073,842,699,143
118000074,442,295,147
118000075,528,230,298
118000076,1558,2651,-1093
118000077,1054,1136,-82
118000078,1719,2535,-816
118000079,243,552,-309
118000080,855,781,74
118000081,1645,1389,256
118000082,289,1024,-735
118000083,1332,1594,-262
118000084,2813,2033,780
118000086,238,610,-372
118000087,2811,2249,562
118000088,1419,1475,-56
118000089,3485,2476,1009
118000090,964,2554,-1590
118000091,1027,3148,-2121
118000092,846,589,257
118000093,55,784,-729
118000096,453,632,-179
118000097,757,794,-37
118000098,273,188,85
118000099,826,553,273
118000101,1321,275,1046
118000102,465,777,-312
118000107,1043,427,616
118000108,622,2646,-2024
118000110,0,23,-23
118000111,0,105,-105
118000112,655,5,650
118000113,5,240,-235
118000114,504,10,494
118000115,3,13,-10
118000116,20,1,19
118000117,751,595,156
118000118,906,1160,-254
118000119,935,1279,-344
118000120,1297,980,317
118000121,44,577,-533
118000122,920,316,604
118000123,38,198,-160
118000125,1081,750,331
118000126,642,1749,-1107
118000127,1275,686,589
118000128,395,957,-562
118000129,1012,405,607
118000130,1448,2082,-634
118000131,285,384,-99
118000132,2785,2208,577
118000133,1106,375,731
118000135,584,472,112
118000136,83,300,-217
118000137,450,80,370
118000138,371,340,31
118000139,550,72,478
118000140,2462,5613,-3151
118000141,2245,1475,770
118000142,1839,1376,463
118000143,2215,1133,1082
118000144,977,539,438
118000145,1651,1078,573
118000146,1333,468,865
118000147,894,997,-103
118000148,536,970,-434
118000149,1065,736,329
118000150,443,164,279
118000151,680,404,276
118000153,1589,1047,542
118000154,1451,1519,-68
118000155,1599,1195,404
118000156,2008,2486,-478
118000157,560,293,267
118000158,230,380,-150
118000159,28,83,-55
118000160,614,369,245
118000161,617,550,67
118000162,1794,804,990
118000163,1073,793,280
118000164,1828,1436,392
118000168,796,1005,-209
118000169,787,770,17
118000170,3046,2963,83
118000171,372,363,9
118000172,70,209,-139
118000173,926,1254,-328
118000175,312,439,-127
118000176,347,608,-261
118000177,301,666,-365
118000178,31,37,-6
118000179,939,1577,-638
118000180,781,612,169
118000181,715,288,427
118000182,252,254,-2
118000183,202,328,-126
118000184,1056,540,516
118000185,1044,1548,-504
118000186,868,1377,-509
118000187,1710,480,1230
118000188,732,87,645
118000189,864,406,458
118000190,16,4,12
118000191,34,27,7
118000192,33,102,-69
118000193,21,210,-189
118000194,997,765,232
118000195,307,1226,-919
118000196,302,233,69
118000197,93,125,-32
118000198,336,671,-335
118000199,541,386,155
118000200,57,203,-146
118000201,379,580,-201
118000202,64,43,21
118000203,475,729,-254
118000204,68,385,-317
118000205,84,308,-224
118000206,267,230,37
118000207,0,59,-59
118000208,1304,1238,66
118000209,2282,1167,1115
118000210,89,34,55
118000211,25,48,-23
118000213,651,2203,-1552
118000214,411,493,-82
118000215,317,122,195
118000216,2823,1319,1504
118000217,17,55,-38
118000218,111,62,49
118000219,372,192,180
118000220,1,48,-47
118000221,359,363,-4
118000222,58,7,51
118000223,60,42,18
118000224,109,66,43
118000225,132,434,-302
118000226,1063,182,881
118000227,430,381,49
118000228,106,257,-151
118000229,130,138,-8
118000230,152,147,5
118000231,78,162,-84
118000232,921,504,417
118000233,1275,594,681
118000234,487,131,356
118000236,376,276,100
118000237,69,242,-173
118000238,330,94,236
118000239,308,259,49
118000240,223,191,32
118000241,159,116,43
118000242,501,336,165
118000243,330,182,148
118000244,50,37,13
118000246,4,22,-18
118000255,40,216,-176
118000256,109,163,-54
118000259,14,51,-37
118000260,193,71,122
118000261,45,36,9
118000263,74,181,-107
118000266,91,182,-91
118000267,1,111,-110
118000268,219,8,211
118000270,99,15,84
118000271,153,162,-9
118000272,107,48,59
118000273,161,79,82
118000274,74,195,-121
118000276,624,278,346
118000295,21,104,-83
118000298,163,160,3
118000299,49,82,-33
118000301,0,43,-43
118000302,156,31,125
118000311,750,50,700
118000312,313,94,219
118000313,60,72,-12
118000314,103,32,71
118000315,78,17,61
118000316,675,367,308
118000325,52,39,13
118000326,38,29,9
118000331,46,31,15
118000332,14,16,-2
118000333,36,85,-49
118000335,407,0,407
118000336,0,98,-98
118000407,258,66,192
118000457,4,21,-17
118000465,1501,3687,-2186
118000480,40,42,-2
118000489,7,371,-364
118000490,7,119,-112
118000492,141,160,-19
118000510,42,43,-1
118000514,78,242,-164
118000515,722,702,20
118000517,277,150,127
118000524,179,400,-221
118000525,586,617,-31
118000530,31,71,-40
118000531,427,230,197
118000532,292,227,65
118000533,261,125,136
118000534,584,370,214
118000535,306,140,166
118000536,253,1588,-1335
118000537,17,230,-213
118000538,23,68,-45
118000539,15,106,-91
118000540,278,164,114
118000541,225,60,165
118000542,128,198,-70
118000543,257,258,-1
118000546,45,29,16
118000560,1409,2288,-879
118000562,38,76,-38
118000563,1048,970,78
118000576,156,57,99
118000577,122,138,-16
118000578,88,44,44
118000579,323,1239,-916
118000595,256,76,180
118000596,0,56,-56
118000597,115,69,46
118000598,12,1,11
118000599,56,37,19
118000600,1,31,-30
118000601,25,1,24
118000602,0,14,-14
118000603,0,10,-10
118900001,428,1293,-865
118900002,769,934,-165
118900003,527,7,520
118900004,65,57,8
118900005,98,6,92
118900006,174,5,169
118900007,7,2,5
118900008,1466,74,1392
118900009,73,58,15
118900010,98,9,89
118900011,224,44,180
118900012,408,203,205
118900013,455,274,181
118900015,319,78,241
118900016,12,9,3
118900017,174,289,-115
118900018,1073,40,1033
118900019,23,24,-1
118900020,148,172,-24
118900021,125,405,-280
118900022,121,93,28
118900023,186,85,101
118900024,93,179,-86
118900025,38,19,19
118900026,80,58,22
118900027,376,168,208
118900028,257,168,89
118900029,319,507,-188
118900030,538,78,460
118900031,193,86,107
118900032,268,117,151
118900033,332,383,-51
118900034,193,20,173
118900035,101,107,-6
118900036,1113,557,556
118900037,400,328,72
118900038,451,70,381
118900039,620,130,490
118900040,288,159,129
118900041,693,98,595
118900042,193,91,102
118900045,288,158,130
118900046,653,415,238
118900047,332,208,124
118900048,120,265,-145
118900049,54,45,9
118900050,40,35,5
118900051,80,79,1
118900052,326,283,43
118900053,38,98,-60
118900054,141,49,92
118900055,102,45,57
118900056,16,412,-396
118900057,939,459,480
118900058,363,278,85
118900059,21,75,-54
118900060,61,81,-20
118900062,504,153,351
118900064,355,647,-292
118900065,71,113,-42
118900066,82,73,9
118900067,2710,4361,-1651
118900068,15,170,-155
118900069,543,163,380
118900071,9,49,-40
118900072,474,265,209
118900073,228,90,138
118900074,157,96,61
118900075,48,35,13
118900076,246,115,131
118900077,316,174,142
118900078,29,9,20
118900079,67,111,-44
118900080,21,94,-73
118900081,103,35,68
118900082,946,117,829
118900083,37,6,31
118900084,26,16,10
118900085,695,477,218
118900086,27,131,-104
118900087,45,267,-222
118900088,0,2,-2
118900089,25,19,6
118900090,652,255,397
118900091,167,220,-53
118900092,240,82,158
118900093,114,24,90
118900096,66,15,51
118900097,326,333,-7
118900099,90,169,-79
118900100,101,145,-44
118900101,249,295,-46
118900102,36,69,-33
118900103,60,101,-41
118900104,345,110,235
118900105,238,76,162
118900107,121,69,52
118900108,109,103,6
118900109,504,540,-36
118900110,1044,908,136
118900111,586,339,247
118900112,109,142,-33
118900113,140,293,-153
118900114,20,65,-45
118900115,111,434,-323
118900116,149,221,-72
118900117,123,181,-58
118900118,353,235,118
118900119,149,160,-11
118900120,96,246,-150
118900121,37,129,-92
118900122,18,1248,-1230
118900123,191,178,13
118900124,115,115,0
118900126,18,419,-401
118900129,215,194,21
118900130,52,191,-139
118900131,141,211,-70
118900132,307,212,95
118900133,5,91,-86
118900135,203,196,7
118900136,279,360,-81
118900137,7,45,-38
118900139,197,182,15
118900140,447,434,13
118900141,73,116,-43
118900144,175,285,-110
118900145,26,107,-81
118900146,437,570,-133
118900147,244,153,91
118900148,85,54,31
118900150,123,525,-402
118900152,640,525,115
118900157,53,152,-99
118900158,131,44,87
118900159,0,90,-90
118900161,54,3,51
118900163,81,60,21
118900164,2,65,-63
118900165,105,102,3
118900166,43,2,41
118900167,105,134,-29
118900168,36,252,-216
118900169,152,157,-5
118900170,315,82,233
118900171,53,48,5
118900174,55,65,-10
118900175,485,469,16
118900176,195,217,-22
118900177,68,27,41
118900178,50,195,-145
118900179,10,23,-13
118900181,88,65,23
118900182,98,74,24
118900183,39,165,-126
118900184,299,162,137
118900185,125,57,68
118900186,108,80,28
118900187,272,351,-79
118900188,363,274,89
118900189,63,939,-876
118900190,21,151,-130
118900191,210,30,180
118900192,253,14,239
118900193,762,6,756
118900195,240,497,-257
118900196,53,128,-75
118900197,188,39,149
118900198,38,16,22
118900199,85,16,69
118900200,28,22,6
118900201,25,29,-4
118900202,11,43,-32
118900203,29,12,17
118900204,27,20,7
118900205,3,14,-11
118900206,6,17,-11
119000001,1584,2463,-879
119000002,4345,4685,-340
119000003,3085,817,2268
119000004,2855,1430,1425
119000005,1872,2088,-216
119000006,2813,1436,1377
119000007,3466,3090,376
119000008,1855,1403,452
119000009,3236,5266,-2030
119000010,4885,4223,662
119000011,2928,3042,-114
119000012,1903,3581,-1678
119000013,2862,1828,1034
119000014,1451,2393,-942
119000019,262,143,119
119000020,2328,1294,1034
119000021,5117,2717,2400
119000022,1720,3107,-1387
119000023,210,229,-19
119000024,1568,12710,-11142
119000025,3938,1104,2834
119000026,64,383,-319
119000027,178,313,-135
119000028,1516,528,988
119000029,81,301,-220
119000030,391,608,-217
119000031,655,485,170
119000032,2128,1949,179
119000033,2626,1083,1543
119000034,1103,667,436
119000035,25,211,-186
119000036,2395,599,1796
119000037,1390,1020,370
119000038,185,494,-309
119000039,432,301,131
119000040,546,633,-87
119000041,504,1018,-514
119000048,2362,1636,726
119000049,1980,1338,642
119000050,1483,1422,61
119000051,1821,822,999
119000052,1428,2224,-796
119000053,1665,932,733
119000054,3435,1795,1640
119000055,5308,2432,2876
119000056,3057,1825,1232
119000057,1568,1345,223
119000058,1995,1312,683
119000059,1310,1176,134
119000060,1691,1040,651
119000061,1019,582,437
119000062,1138,1110,28
119000063,581,360,221
119000064,814,809,5
119000065,1786,2920,-1134
119000066,2200,1090,1110
119000067,1688,1458,230
119000068,1829,889,940
119000069,1588,1578,10
119000070,3124,724,2400
119000071,318,545,-227
119000072,4243,2441,1802
119000073,4167,7211,-3044
119000074,1641,1423,218
119000075,3428,1744,1684
119000076,251,976,-725
119000077,540,518,22
119000078,359,143,216
119000079,161,512,-351
119000080,626,112,514
119000081,371,328,43
119000082,1039,203,836
119000083,698,374,324
119000084,315,402,-87
119000085,587,162,425
119000086,349,391,-42
119000087,1257,542,715
119000088,390,158,232
119000089,53,126,-73
119000090,89,123,-34
119000091,87,328,-241
119000092,262,173,89
119000093,3180,1950,1230
119000094,3531,4300,-769
119000095,2159,2124,35
119000097,1638,1003,635
119000098,1014,3374,-2360
119000099,2228,1236,992
119000100,4513,3157,1356
119000101,4348,1573,2775
119000102,773,1159,-386
119000103,1433,665,768
119000104,1685,1026,659
119000105,1097,2419,-1322
119000106,409,734,-325
119000107,1266,554,712
119000108,364,581,-217
119000109,123,618,-495
119000110,431,567,-136
119000111,38,599,-561
119000112,141,133,8
119000113,1421,410,1011
119000114,1134,1093,41
119000115,145,168,-23
119000116,108,96,12
119000117,149,379,-230
119000118,2,1,1
119000123,3963,1814,2149
119000124,849,173,676
119000125,4413,568,3845
119000126,832,381,451
119000127,641,281,360
119000128,21,2,19
119000131,973,315,658
119000132,1,2,-1
119000133,2,7,-5
119000134,1318,498,820
119000135,177,188,-11
119000136,343,105,238
119000137,326,243,83
119000138,739,186,553
119000139,267,133,134
119000140,437,314,123
119000284,969,2274,-1305
119000285,1666,1588,78
119000286,5052,4131,921
119000287,1026,1533,-507
119000288,1932,766,1166
119000289,1191,1580,-389
119000290,233,257,-24
119000291,12,198,-186
119000293,157,140,17
119000294,51,26,25
119000295,1010,260,750
119000296,232,117,115
119000302,1021,958,63
119000303,42,137,-95
119000314,1349,11101,-9752
119000315,0,171,-171
119000316,114,73,41
119000317,66,132,-66
119900001,305,1633,-1328
119900002,150,161,-11
119900003,25,484,-459
119900004,162,1763,-1601
119900005,265,65,200
119900006,258,462,-204
119900007,991,296,695
119900008,208,54,154
119900009,708,509,199
119900010,1005,971,34
119900011,15,196,-181
119900012,22,136,-114
119900013,2051,1406,645
119900014,504,257,247
119900015,176,38,138
119900016,73,48,25
119900017,71,43,28
119900018,1489,1305,184
119900019,64,6,58
119900020,243,216,27
119900021,176,99,77
119900022,97,1147,-1050
119900023,421,1859,-1438
119900025,306,20,286
119900026,576,170,406
119900027,68,21,47
119900028,189,181,8
119900029,4,3,1
119900030,648,368,280
119900031,67,558,-491
119900033,2063,401,1662
119900034,689,78,611
119900037,209,19,190
119900038,73,447,-374
119900039,47,9,38
119900040,217,26,191
119900041,182,19,163
119900042,125,147,-22
119900043,108,106,2
119900044,246,1242,-996
119900046,206,42,164
119900047,441,130,311
119900048,29,13,16
119900049,158,3,155
119900050,209,194,15
119900051,1348,18,1330
119900052,107,22,85
119900053,253,113,140
119900054,149,10,139
119900055,1598,483,1115
119900057,329,63,266
119900058,292,5,287
119900059,127,25,102
119900060,409,56,353
119900061,461,12,449
119900062,146,20,126
119900063,41,68,-27
119900064,606,84,522
119900065,312,23,289
119900066,2,0,2
119900067,138,25,113
119900068,606,2,604
119900069,169,5,164
119900070,1682,35,1647
119900071,1101,48,1053
119900072,424,334,90
119900073,1264,602,662
119900074,59,28,31
119900075,2573,2431,142
119900076,866,257,609
119900077,1304,502,802
119900078,607,608,-1
119900079,306,90,216
119900080,368,222,146
119900081,41,11,30
119900082,2366,257,2109
119900083,286,93,193
119900084,633,302,331
119900085,43,47,-4
119900086,198,426,-228
119900087,775,499,276
119900088,39,47,-8
119900089,37,318,-281
119900090,84,59,25
119900091,104,447,-343
119900092,154,420,-266
119900093,1264,254,1010
119900094,10,131,-121
119900095,180,106,74
119900096,19,110,-91
119900097,422,180,242
119900098,76,54,22
119900099,53,128,-75
119900100,1276,2994,-1718
119900101,142,1335,-1193
119900102,54,133,-79
119900103,40,196,-156
119900104,82,191,-109
119900105,1043,3140,-2097
119900106,12,89,-77
119900107,275,1365,-1090
119900108,3292,665,2627
119900109,28,123,-95
119900110,804,358,446
119900111,237,172,65
119900112,730,527,203
119900113,53,199,-146
119900114,310,585,-275
119900115,565,550,15
119900116,124,368,-244
119900117,412,460,-48
119900118,164,445,-281
119900119,291,142,149
119900120,589,478,111
119900121,495,516,-21
119900122,302,256,46
119900123,245,299,-54
119900124,242,477,-235
119900125,35,186,-151
119900126,3097,293,2804
119900127,1244,760,484
119900128,607,364,243
119900129,275,269,6
119900130,15,208,-193
119900131,52,183,-131
119900132,0,104,-104
119900133,87,122,-35
119900134,899,189,710
119900135,2,225,-223
119900136,162,210,-48
119900138,320,484,-164
119900139,34,129,-95
119900140,2,75,-73
119900141,96,771,-675
119900142,21,59,-38
119900143,31,244,-213
119900144,1077,241,836
119900145,97,100,-3
119900146,142,223,-81
119900147,11,158,-147
119900148,344,55,289
119900149,716,5586,-4870
119900150,115,99,16
119900151,1346,765,581
119900152,132,198,-66
119900153,229,62,167
119900154,29,125,-96
119900155,45,29,16
119900156,25,5,20
119900157,199,157,42
119900158,303,78,225
119900159,4,758,-754
119900160,32,89,-57
119900161,137,106,31
119900162,1078,1120,-42
119900163,108,166,-58
119900164,1,1,0
119900165,174,111,63
119900166,116,53,63
119900167,64,66,-2
119900168,1116,496,620
119900169,62,266,-204
119900170,209,265,-56
119900171,1156,304,852
119900172,134,46,88
119900173,3,226,-223
119900174,5,132,-127
119900175,1706,546,1160
119900177,32,126,-94
119900178,7,97,-90
119900179,134,630,-496
119900180,1026,822,204
119900181,81,158,-77
119900182,7,194,-187
119900183,133,505,-372
119900184,1155,450,705
119900185,70,260,-190
119900186,26,1342,-1316
119900187,12,196,-184
119900188,112,278,-166
119900189,423,393,30
119900190,86,373,-287
119900191,188,310,-122
119900192,98,125,-27
119900193,528,116,412
119900194,46,126,-80
119900195,53,127,-74
119900196,695,253,442
119900197,268,190,78
119900198,252,177,75
119900199,149,22,127
119900200,723,629,94
119900201,237,167,70
119900202,78,320,-242
119900203,264,587,-323
119900204,459,200,259
119900205,1052,304,748
119900206,304,120,184
119900208,213,240,-27
119900209,630,1560,-930
119900210,58,26,32
119900211,77,6,71
119900212,280,220,60
119900213,8,77,-69
119900214,47,49,-2
119900215,63,44,19
119900216,42,31,11
119900217,21,38,-17
119900218,15,61,-46
119900219,9,66,-57
119900220,3,55,-52
119900221,45,125,-80
119900222,19,89,-70
119900223,14,32,-18
119900224,9,10,-1
119900225,517,34,483
119900226,390,2156,-1766
119900227,541,289,252
119900228,157,273,-116
119900229,277,386,-109
119900230,971,415,556
119900231,412,118,294
119900232,287,134,153
119900233,100,10,90
119900234,30,91,-61
119900235,21,55,-34
119900236,25,154,-129
119900237,49,601,-552
119900238,20,61,-41
119900240,119,89,30
119900241,142,178,-36
119900242,1392,1605,-213
119900244,585,1173,-588
119900245,101,151,-50
119900246,270,554,-284
119900247,69,131,-62
119900248,71,372,-301
119900249,280,117,163
119900253,1350,443,907
119900254,126,842,-716
119900255,174,722,-548
119900256,1061,548,513
119900257,142,6,136
119900258,331,21,310
119900259,13,73,-60
119900260,206,11,195
119900261,347,193,154
119900262,0,131,-131
119900263,1188,313,875
119900264,180,89,91
119900265,506,269,237
119900266,484,141,343
119900267,313,394,-81
119900268,204,89,115
119900269,1116,711,405
119900271,32,110,-78
119900272,451,277,174
119900275,157,46,111
119900276,58,5,53
119900277,11,10,1
119900278,131,101,30
119900279,110,314,-204
119900280,554,147,407
119900281,0,344,-344
119900282,47,134,-87
119900283,31,150,-119
119900284,46,134,-88
119900285,21,72,-51
119900286,0,20,-20
119900288,2,17,-15
119900289,4,14,-10
119900290,6,21,-15
119900291,18,153,-135
119900292,30,85,-55
119900293,24,60,-36
119900294,20,66,-46
119900295,28,11,17
119900296,89,97,-8
119900297,0,27,-27
119900298,9,19,-10
119900299,84,155,-71
119900300,444,148,296
119900301,143,191,-48
119900302,196,106,90
119900303,428,103,325
119900304,246,29,217
119900305,3,83,-80
119900306,40,2,38
119900307,69,64,5
119900308,4,30,-26
119900309,83,160,-77
119900310,223,207,16
119900311,150,54,96
119900312,144,76,68
119900313,263,236,27
119900314,251,429,-178
119900315,2682,1290,1392
119900318,16,72,-56
119900319,11,138,-127
119900320,370,330,40
119900321,129,13,116
120000001,7046,18430,-11384
120000002,2306,1994,312
120000003,2468,1308,1160
120000004,2384,1324,1060
120000005,2841,1671,1170
120000006,1089,925,164
120000007,2690,3040,-350
120000008,928,1127,-199
120000009,1738,1057,681
120000010,1808,1992,-184
120000011,1007,1249,-242
120000012,1678,1916,-238
120000013,3240,2463,777
120000014,769,1306,-537
120000015,2547,1541,1006
120000016,3982,2163,1819
120000017,3456,2803,653
120000018,2897,13752,-10855
120000019,985,1566,-581
120000020,2342,3649,-1307
120000021,1510,2309,-799
120000022,2465,3561,-1096
120000023,1072,1538,-466
120000024,1196,2140,-944
120000025,2601,1585,1016
120000026,2418,1413,1005
120000027,2440,1987,453
120000028,939,2105,-1166
120000029,1842,2037,-195
120000030,275,919,-644
120000031,2038,5551,-3513
120000032,5721,3036,2685
120000033,4372,1448,2924
120000034,2617,1273,1344
120000035,2616,1726,890
120000036,3336,5194,-1858
120000037,586,1582,-996
120000038,4223,3417,806
120000039,706,721,-15
120000040,76,616,-540
120000041,969,1070,-101
120000042,2066,1511,555
120000043,5355,1137,4218
120000044,6145,1515,4630
120000045,7101,1015,6086
120000046,4384,2971,1413
120000047,797,7136,-6339
120000048,5990,4088,1902
120000049,3772,2419,1353
120000050,3795,3166,629
120000051,2613,4371,-1758
120000052,6303,1928,4375
120000053,1323,1443,-120
120000054,1259,2525,-1266
120000055,1645,3591,-1946
120000056,4895,3613,1282
120000057,4357,1209,3148
120000058,1832,1637,195
120000059,9,1447,-1438
120000061,90,334,-244
120000062,127,267,-140
120000063,1008,1844,-836
120000064,163,696,-533
120000065,532,1199,-667
120000066,268,570,-302
120000067,63,556,-493
120000068,214,497,-283
120000069,559,492,67
120000070,74,381,-307
120000071,921,60,861
120000072,1142,326,816
120000073,1143,122,1021
120000074,146,169,-23
120000075,1256,367,889
120000076,3184,443,2741
120000077,2490,698,1792
120000078,3659,1328,2331
120000079,265,161,104
120000080,114,172,-58
120000081,311,118,193
120000082,227,197,30
120000083,60,606,-546
120000084,388,271,117
120000085,321,264,57
120000086,222,283,-61
120000087,159,311,-152
120000088,794,882,-88
120000089,1197,504,693
120000090,695,406,289
120000091,1096,867,229
120000092,1351,560,791
120000093,705,424,281
120000094,223,717,-494
120000095,963,298,665
120000096,371,460,-89
120000098,1013,585,428
120000099,367,645,-278
120000100,775,674,101
120000101,696,370,326
120000102,747,1005,-258
120000103,1652,949,703
120000104,2176,604,1572
120000105,3969,752,3217
120000106,2923,697,2226
120000107,5227,543,4684
120000108,1758,127,1631
120000109,1344,59,1285
120000110,73,723,-650
120000111,125,655,-530
120000112,648,1562,-914
120000113,604,1277,-673
120000114,816,1654,-838
120000115,256,1404,-1148
120000116,588,1253,-665
120000117,867,1079,-212
120000118,28,76,-48
120000119,35,47,-12
120000120,85,104,-19
120000121,26,48,-22
120000122,209,449,-240
120000123,2804,7664,-4860
120000124,474,305,169
120000125,676,531,145
120000126,354,984,-630
120000127,1851,1303,548
120000128,2317,4201,-1884
120000129,229,243,-14
120000130,675,402,273
120000131,352,637,-285
120000134,412,444,-32
120000135,906,546,360
120000137,315,567,-252
120000138,1536,296,1240
120000139,366,356,10
120000140,1150,300,850
120000141,578,306,272
120000142,946,441,505
120000143,0,56,-56
120000144,184,16,168
120000145,512,2,510
120000146,813,956,-143
120000149,715,833,-118
120000150,1985,11208,-9223
120000151,539,388,151
120000152,951,128,823
120000153,400,383,17
120000154,571,470,101
120000155,171,241,-70
120000156,523,1356,-833
120000157,1173,522,651
120000158,947,615,332
120000159,1768,2019,-251
120000160,2418,1699,719
120000161,2632,2043,589
120000162,85,288,-203
120000163,974,721,253
120000164,925,279,646
120000165,721,527,194
120000166,1692,372,1320
120000167,294,313,-19
120000168,17,886,-869
120000169,57,2518,-2461
120000170,57,1718,-1661
120000171,21,594,-573
120000172,40,418,-378
120000173,828,1807,-979
120000174,131,63,68
120000175,180,53,127
120000176,178,63,115
120000177,1139,138,1001
120000178,41,24,17
120000179,119,88,31
120000180,481,123,358
120000181,170,2358,-2188
120000182,55,954,-899
120000183,9,430,-421
120000184,155,2003,-1848
120000186,90,971,-881
120000187,27,353,-326
120000188,86,672,-586
120000190,322,84,238
120000191,497,113,384
120000192,566,29,537
120000193,303,10,293
120000195,79,3,76
120000196,261,40,221
120000197,31,59,-28
120000198,378,65,313
120000199,130,2,128
120000200,190,9,181
120000201,28,51,-23
120000202,2,40,-38
120000203,108,132,-24
120000207,3,62,-59
120000208,11,126,-115
120000209,6,51,-45
120000210,51,60,-9
120000211,270,4,266
120000212,298,1,297
120000213,191,128,63
120000214,4,136,-132
120000215,2,108,-106
120000216,201,36,165
120000217,397,1097,-700
120000218,112,507,-395
120000219,2,306,-304
120000220,4,799,-795
120000225,2353,7,2346
120000226,594,10,584
120000227,1027,124,903
120000228,11416,4445,6971
120000230,679,27,652
120000231,1983,1387,596
120000233,463,4,459
120000235,312,456,-144
120000236,1329,27,1302
120000237,4,716,-712
120000238,1,1092,-1091
120000241,1230,3806,-2576
120000412,449,10,439
120000413,415,132,283
120000414,247,4,243
120000415,2,43,-41
120000416,233,7,226
120000417,2,89,-87
120000418,320,25,295
120000419,12,103,-91
120000420,38,14,24
120000421,7155,4805,2350
120000422,79,1588,-1509
120000423,4,83,-79
120000424,149,126,23
120000436,121,812,-691
120000437,91,105,-14
120000438,1578,256,1322
120000439,264,613,-349
120000443,161,2,159
120000444,1660,286,1374
120000445,1799,927,872
120000446,712,168,544
120000447,260,1,259
120000449,213,6,207
120000450,4,112,-108
120000451,158,318,-160
120000452,308,2,306
120000453,0,137,-137
120000454,55,57,-2
120000455,89,30,59
120000456,2271,4314,-2043
120000457,736,374,362
120000458,491,538,-47
120000459,84,60,24
120000665,937,238,699
120000668,146,1411,-1265
120000669,171,146,25
120000670,144,1183,-1039
120000671,1842,539,1303
120000672,72,439,-367
120900001,87,100,-13
120900002,276,663,-387
120900003,227,31,196
120900004,15,137,-122
120900005,82,543,-461
120900006,594,286,308
120900007,183,63,120
120900008,473,727,-254
120900009,319,21,298
120900010,659,144,515
120900011,115,210,-95
120900012,208,1700,-1492
120900013,443,198,245
120900014,1,358,-357
120900015,1035,146,889
120900016,1196,75,1121
120900017,1590,86,1504
120900018,202,296,-94
120900019,790,403,387
120900020,550,1746,-1196
120900021,1178,306,872
120900022,27,228,-201
120900023,415,40,375
120900024,2155,536,1619
120900025,1217,1063,154
120900026,264,146,118
120900027,963,21,942
120900028,600,169,431
120900029,112,741,-629
120900030,1704,885,819
120900031,379,164,215
120900032,1657,68,1589
120900033,1507,123,1384
120900034,38,2837,-2799
120900035,70,150,-80
120900037,270,11,259
120900038,68,430,-362
120900039,199,104,95
120900040,498,4,494
120900041,70,15,55
120900042,913,42,871
120900043,76,47,29
120900044,22,350,-328
120900045,133,86,47
120900046,687,6,681
120900047,157,209,-52
120900048,178,32,146
120900049,675,6,669
120900050,1170,2009,-839
120900051,391,72,319
120900052,905,11,894
120900053,511,37,474
120900054,1273,451,822
120900055,569,5,564
120900056,864,41,823
120900057,203,14,189
120900058,875,0,875
120900059,163,5,158
120900060,126,29,97
120900061,241,188,53
120900062,309,3,306
120900063,919,10,909
120900064,947,1,946
120900065,774,2,772
120900066,442,135,307
120900067,163,66,97
120900068,425,0,425
120900069,345,22,323
120900071,44,0,44
120900072,1208,10,1198
120900073,862,95,767
120900074,1264,26,1238
120900076,450,1,449
120900077,1811,207,1604
120900078,1170,464,706
120900079,1220,95,1125
120900080,1154,738,416
120900081,1182,408,774
120900082,399,492,-93
120900083,133,4,129
120900084,497,598,-101
120900085,55,123,-68
120900086,92,407,-315
120900087,640,383,257
120900088,258,687,-429
120900089,1978,3771,-1793
120900090,422,72,350
120900091,613,1109,-496
120900092,774,365,409
120900093,1067,126,941
120900094,322,162,160
120900095,448,13,435
120900096,70,213,-143
120900097,706,398,308
120900098,234,156,78
120900099,79,83,-4
120900100,112,167,-55
120900101,376,162,214
120900102,62,108,-46
120900103,55,243,-188
120900104,20,56,-36
120900105,44,228,-184
120900106,868,329,539
120900107,224,163,61
120900108,5,250,-245
120900109,50,328,-278
120900110,8,327,-319
120900111,221,282,-61
120900112,28,435,-407
120900113,18,472,-454
120900114,32,152,-120
120900115,142,258,-116
120900116,541,224,317
120900117,10,203,-193
120900118,37,460,-423
120900119,7990,3374,4616
120900120,98,331,-233
120900121,154,390,-236
120900122,803,241,562
120900123,9,175,-166
120900124,0,317,-317
120900125,7,485,-478
120900126,1223,763,460
120900127,18,238,-220
120900128,881,1007,-126
120900129,30,200,-170
120900130,5,282,-277
120900131,133,54,79
120900132,1298,144,1154
120900133,97,433,-336
120900134,560,330,230
120900135,10,386,-376
120900136,77,57,20
120900137,343,106,237
120900138,16,157,-141
120900139,5,382,-377
120900140,8,128,-120
120900141,346,155,191
120900142,11,178,-167
120900143,2,478,-476
120900144,0,81,-81
120900145,294,465,-171
120900146,1,618,-617
120900147,2,471,-469
120900148,181,147,34
120900149,0,136,-136
120900150,72,295,-223
120900151,0,365,-365
120900152,0,23,-23
120900153,88,89,-1
120900154,0,111,-111
120900155,284,545,-261
120900156,131,262,-131
120900157,122,236,-114
120900158,90,437,-347
120900159,139,255,-116
120900160,38,489,-451
120900161,58,369,-311
120900162,66,573,-507
120900163,133,1677,-1544
120900164,0,98,-98
120900165,2,522,-520
120900166,134,650,-516
120900167,330,130,200
120900169,122,171,-49
120900170,520,3484,-2964
120900171,658,148,510
120900172,598,2212,-1614
120900173,1,52,-51
120900174,12,81,-69
120900175,183,125,58
120900176,10,427,-417
120900177,2,1565,-1563
120900178,0,761,-761
120900179,458,370,88
120900180,76,187,-111
120900181,129,24,105
120900182,19,270,-251
120900183,534,77,457
120900184,294,65,229
120900185,46,419,-373
120900186,1,209,-208
120900187,627,853,-226
120900188,276,6,270
120900189,87,1967,-1880
120900190,156,11,145
120900191,35,22,13
120900192,5360,10332,-4972
120900194,58,75,-17
120900195,141,310,-169
120900196,815,18,797
120900197,1009,180,829
120900198,240,401,-161
120900199,541,1484,-943
120900200,38,118,-80
120900201,306,110,196
120900202,0,80,-80
120900203,47,108,-61
120900204,73,192,-119
120900205,45,39,6
120900206,24,30,-6
121000001,612,1105,-493
121000002,2271,1729,542
121000003,2585,1758,827
121000004,2354,3671,-1317
121000005,1592,2438,-846
121000006,3313,2265,1048
121000007,1979,2950,-971
121000008,5082,4556,526
121000009,3971,5735,-1764
121000010,6981,6989,-8
121000011,6431,11126,-4695
121000012,12998,10141,2857
121000013,4854,6167,-1313
121000014,5393,4952,441
121000015,4037,6454,-2417
121000016,3638,3342,296
121000017,2335,3258,-923
121000018,3124,1757,1367
121000019,11427,10576,851
121000020,11310,18757,-7447
121000021,2398,2068,330
121000022,2789,3848,-1059
121000023,2808,2094,714
121000024,5152,4642,510
121000025,399,1386,-987
121000026,293,175,118
121000027,1306,1307,-1
121000028,842,525,317
121000029,856,492,364
121000030,125,191,-66
121000031,545,654,-109
121000032,210,134,76
121000034,330,202,128
121000035,134,132,2
121000036,858,801,57
121000037,495,510,-15
121000038,435,942,-507
121000039,231,366,-135
121000041,497,408,89
121000042,278,313,-35
121000043,535,521,14
121000044,1205,892,313
121000045,522,271,251
121000046,785,948,-163
121000047,34,80,-46
121000049,1021,600,421
121000050,300,1376,-1076
121000051,564,237,327
121000052,330,740,-410
121000053,299,133,166
121000054,58,439,-381
121000055,865,1161,-296
121000056,726,934,-208
121000057,449,491,-42
121000058,280,220,60
121000059,2282,1171,1111
121000060,581,1214,-633
121000061,146,450,-304
121000062,173,481,-308
121000063,795,821,-26
121000064,562,716,-154
121000065,262,473,-211
121000066,271,322,-51
121000067,387,669,-282
121000068,723,412,311
121000069,288,1133,-845
121000070,1793,1055,738
121000071,1616,1527,89
121000072,1107,580,527
121000073,1103,1217,-114
121000074,85,145,-60
121000075,26,319,-293
121000076,343,353,-10
121000077,154,215,-61
121000078,87,151,-64
121000080,1699,558,1141
121000081,3710,3596,114
121000082,78,263,-185
121000083,117,135,-18
121000084,198,157,41
121000085,224,394,-170
121000086,360,541,-181
121000087,91,235,-144
121000088,500,442,58
121000089,288,403,-115
121000090,303,355,-52
121000091,1117,860,257
121000092,208,78,130
121000093,189,182,7
121000094,442,821,-379
121000095,377,676,-299
121000096,2635,2232,403
121000097,645,2560,-1915
121000098,737,606,131
121000099,740,559,181
121000100,935,217,718
121000101,438,194,244
121000102,392,179,213
121000103,284,210,74
121000104,376,135,241
121000105,647,195,452
121000106,388,266,122
121000107,1954,2725,-771
121000109,946,932,14
121000110,241,660,-419
121000114,2880,2038,842
121000115,1366,484,882
121000116,297,724,-427
121000117,409,208,201
121000118,1803,176,1627
121000119,262,349,-87
121000120,292,346,-54
121000121,690,1209,-519
121000123,1242,651,591
121000126,61,325,-264
121000127,182,102,80
121000128,1203,268,935
121000129,1052,531,521
121000130,764,606,158
121000131,1390,1792,-402
121000132,995,2035,-1040
121000135,359,891,-532
121000136,1412,1254,158
121000137,514,374,140
121000138,929,1485,-556
121000139,538,591,-53
121000141,284,183,101
121000142,577,729,-152
121000143,137,38,99
121000144,635,1913,-1278
121000145,616,682,-66
121000146,1598,1081,517
121000147,1173,464,709
121000148,856,834,22
121000149,2328,1341,987
121000152,438,388,50
121000153,1506,540,966
121000154,1123,484,639
121000155,1541,937,604
121000156,445,1015,-570
121000157,692,1310,-618
121000158,361,426,-65
121000159,281,322,-41
121000160,281,337,-56
121000161,321,255,66
121000162,172,119,53
121000165,1250,2107,-857
121000166,20,370,-350
121000168,476,240,236
121000169,123,101,22
121000170,349,94,255
121000171,48,167,-119
121000172,747,560,187
121000173,1300,1276,24
121000174,467,477,-10
121000175,1165,325,840
121000176,375,242,133
121000177,570,262,308
121000178,99,34,65
121000179,19,27,-8
121000181,448,355,93
121000182,143,269,-126
121000183,115,126,-11
121000184,153,154,-1
121000185,32,211,-179
121000186,277,609,-332
121000187,233,111,122
121000188,208,98,110
121000192,870,377,493
121000193,706,426,280
121000194,1925,1971,-46
121000195,190,813,-623
121000196,295,183,112
121000197,177,625,-448
121000198,185,224,-39
121000199,125,181,-56
121000200,633,124,509
121000201,10,115,-105
121000202,200,5,195
121000203,881,1549,-668
121000204,3486,734,2752
121000205,143,242,-99
121000206,201,55,146
121000207,2305,712,1593
121000208,7,282,-275
121000209,545,111,434
121000210,888,265,623
121000211,457,110,347
121000212,659,293,366
121000213,9542,2867,6675
121000214,831,1931,-1100
121000215,806,1196,-390
121000216,452,602,-150
121000217,3857,2980,877
121000218,316,1507,-1191
121000219,1363,591,772
121000220,138,126,12
121000221,113,308,-195
121000222,1907,3093,-1186
121000223,248,441,-193
121000224,239,337,-98
121000225,647,2118,-1471
121000226,2834,1321,1513
121000227,12,124,-112
121000228,11,489,-478
121000229,372,463,-91
121000230,47,1331,-1284
121000231,1484,30,1454
121000232,358,305,53
121000233,666,315,351
121000234,23,51,-28
121000235,56,60,-4
121000236,5,60,-55
121000237,49,16,33
121000238,7,54,-47
121000239,39,3,36
121000240,10,121,-111
121000241,87,9,78
121000242,37,407,-370
121000243,226,91,135
121000244,5,53,-48
121000245,41,31,10
121000246,5,70,-65
121000247,126,8,118
121000248,467,748,-281
121000249,113,207,-94
121000250,688,300,388
121000251,22,216,-194
121000252,139,69,70
121000253,320,223,97
121000254,673,143,530
121000255,135,146,-11
121000256,312,212,100
121000257,27,63,-36
121000258,103,75,28
121000259,33,49,-16
121000260,81,79,2
121000261,99,51,48
121000262,872,638,234
121000263,519,305,214
121000271,429,1250,-821
121000273,38,4,34
121000274,9,69,-60
121000275,8,6,2
121000276,14,24,-10
121000278,53,18,35
121000279,14,20,-6
121000280,41,25,16
121000289,231,13,218
121000290,1011,887,124
121000294,204,56,148
121000297,591,1073,-482
121000299,108,398,-290
121000300,855,628,227
121000302,35,814,-779
121000303,535,313,222
121000304,444,78,366
121000305,168,56,112
121000306,183,145,38
121000308,157,274,-117
121000309,340,423,-83
121000310,114,303,-189
121000311,84,586,-502
121000312,388,357,31
121000313,333,433,-100
121000314,39,57,-18
121000315,21,60,-39
121000530,1784,1222,562
121000531,1758,1302,456
121000532,6392,8237,-1845
121000533,3241,3316,-75
121000918,38,64,-26
121000919,36,57,-21
121000938,33,134,-101
121000939,21,200,-179
121000956,1908,871,1037
121000957,5,13,-8
121000958,42,54,-12
121000959,943,463,480
121000960,1263,1489,-226
121000961,328,55,273
121000962,371,338,33
121000973,1,179,-178
121000976,13,259,-246
121000979,424,160,264
121000981,364,96,268
121000982,374,96,278
121000983,496,221,275
121000984,45,51,-6
121000985,883,244,639
121000986,629,92,537
121000987,285,517,-232
121000988,1127,117,1010
121001302,212,126,86
121001308,2,15,-13
121001309,79,422,-343
121001313,219,79,140
121001314,1188,2186,-998
121001315,5141,3143,1998
121900001,121,164,-43
121900002,38,28,10
121900003,565,28,537
121900004,98,329,-231
121900005,18,14,4
121900006,140,12,128
121900007,1777,2079,-302
121900008,212,599,-387
121900009,641,29,612
121900010,251,5,246
121900011,370,306,64
121900012,13,1,12
121900013,758,123,635
121900014,1349,351,998
121900015,186,172,14
121900016,8,22,-14
121900017,752,385,367
121900018,427,18,409
121900019,619,198,421
121900020,19,4,15
121900021,1154,29,1125
121900022,278,288,-10
121900023,222,333,-111
121900024,359,74,285
121900025,635,381,254
121900026,269,59,210
121900027,624,221,403
121900028,286,16,270
121900029,135,199,-64
121900030,453,551,-98
121900031,870,6878,-6008
121900032,123,71,52
121900033,229,205,24
121900034,344,105,239
121900035,2760,2442,318
121900036,145,360,-215
121900037,196,1020,-824
121900038,29,102,-73
121900039,381,79,302
121900040,78,95,-17
121900041,115,189,-74
121900042,447,220,227
121900043,0,1,-1
121900044,59,65,-6
121900045,556,297,259
121900046,306,373,-67
121900047,245,61,184
121900048,126,105,21
121900050,47,50,-3
121900051,196,112,84
121900052,200,46,154
121900053,597,337,260
121900054,461,940,-479
121900055,5,17,-12
121900058,319,128,191
121900059,461,159,302
121900060,202,315,-113
121900061,181,202,-21
121900062,118,189,-71
121900063,1728,407,1321
121900064,409,441,-32
121900066,78,30,48
121900067,52,22,30
121900069,162,115,47
121900070,278,179,99
121900071,500,266,234
121900072,61,102,-41
121900073,232,243,-11
121900074,612,1236,-624
121900075,360,864,-504
121900076,654,468,186
121900077,35,23,12
121900078,135,34,101
121900079,3,3,0
121900080,976,373,603
121900082,64,87,-23
121900083,245,161,84
121900084,28,46,-18
121900085,4,19,-15
121900086,17,70,-53
121900087,152,104,48
121900088,1467,3104,-1637
121900089,255,234,21
121900090,62,64,-2
121900091,91,37,54
121900092,99,102,-3
121900093,110,80,30
121900094,16,6,10
121900095,393,187,206
121900096,1386,778,608
121900097,875,215,660
121900098,6,3,3
121900099,230,46,184
121900100,87,555,-468
121900101,157,125,32
121900102,8,106,-98
121900103,546,199,347
121900104,1822,316,1506
121900105,382,254,128
121900106,11,36,-25
121900107,81,41,40
121900108,1,27,-26
121900109,241,121,120
121900110,858,443,415
121900111,746,304,442
121900112,210,162,48
121900113,74,582,-508
121900114,135,77,58
121900115,187,297,-110
121900117,215,227,-12
121900118,1731,726,1005
121900119,264,69,195
121900120,44,1140,-1096
121900121,433,33,400
121900122,22,72,-50
121900123,195,451,-256
121900124,199,157,42
121900125,1813,1005,808
121900127,17,89,-72
121900128,85,74,11
121900129,310,150,160
121900130,100,247,-147
121900131,224,90,134
121900132,59,71,-12
121900133,62,1317,-1255
121900134,30,174,-144
121900135,3179,520,2659
121900136,362,206,156
121900137,46,307,-261
121900138,157,159,-2
121900139,309,786,-477
121900140,71,147,-76
121900141,81,23,58
121900142,169,115,54
121900143,31,179,-148
121900144,99,202,-103
121900145,241,375,-134
121900146,582,671,-89
121900147,43,186,-143
121900148,196,300,-104
121900149,335,476,-141
121900150,61,108,-47
121900151,86,252,-166
121900152,112,103,9
121900153,68,824,-756
121900154,14,312,-298
121900155,4,161,-157
121900156,183,130,53
121900157,1,241,-240
121900158,113,99,14
121900159,0,192,-192
121900160,19,232,-213
121900161,283,401,-118
121900162,87,188,-101
121900163,334,297,37
121900164,336,164,172
121900165,287,100,187
121900166,129,115,14
121900167,121,103,18
121900168,158,208,-50
121900169,1,162,-161
121900170,6,209,-203
121900171,873,550,323
121900172,608,264,344
121900173,825,267,558
121900174,52,64,-12
121900175,166,267,-101
121900176,449,1274,-825
121900177,139,83,56
121900178,14,1,13
121900179,404,218,186
121900180,2013,6181,-4168
121900182,674,354,320
121900183,868,1473,-605
121900184,115,667,-552
121900185,184,96,88
121900186,9,532,-523
121900187,22,180,-158
121900188,458,387,71
121900189,66,78,-12
121900190,257,392,-135
121900191,121,207,-86
121900192,276,862,-586
121900193,20,27,-7
121900194,11,284,-273
121900195,46,112,-66
121900196,832,965,-133
121900197,341,986,-645
121900198,1273,934,339
121900199,3,34,-31
121900200,61,191,-130
121900201,656,869,-213
121900202,107,763,-656
121900203,172,1043,-871
121900204,624,1245,-621
121900205,118,145,-27
121900206,34,35,-1
121900207,78,41,37
121900208,135,333,-198
121900209,146,56,90
121900210,1056,966,90
121900211,3,92,-89
121900212,113,124,-11
121900213,272,52,220
121900214,14,535,-521
121900215,52,133,-81
121900216,54,299,-245
121900217,257,217,40
121900218,174,356,-182
121900219,265,60,205
121900220,105,16,89
121900221,282,525,-243
121900222,197,81,116
121900223,219,62,157
121900224,75,48,27
121900225,120,148,-28
121900226,376,132,244
121900227,316,552,-236
121900228,180,218,-38
121900229,312,300,12
121900230,64,396,-332
121900231,109,2041,-1932
121900232,201,303,-102
121900233,190,204,-14
121900234,558,175,383
121900235,738,114,624
121900236,321,159,162
121900237,153,348,-195
121900238,170,274,-104
121900239,274,56,218
121900240,298,126,172
121900241,94,44,50
121900242,11,0,11
121900243,14,0,14
121900244,15,15,0
121900245,184,53,131
121900246,2850,245,2605
121900247,258,239,19
121900248,1074,1274,-200
121900250,265,369,-104
121900251,442,47,395
121900252,509,157,352
121900253,70,560,-490
121900254,378,263,115
121900255,417,113,304
121900258,3571,2049,1522
121900259,246,670,-424
121900260,236,95,141
121900261,207,580,-373
121900262,390,1041,-651
121900263,385,262,123
121900264,1319,1260,59
121900265,379,198,181
121900266,703,114,589
121900267,96,49,47
121900269,258,1022,-764
121900270,51,221,-170
121900271,50,156,-106
121900273,419,1987,-1568
121900274,334,217,117
121900276,953,108,845
121900277,425,897,-472
121900278,85,716,-631
121900279,162,178,-16
121900280,113,415,-302
121900281,194,689,-495
121900284,90,10,80
121900286,215,85,130
121900287,41,52,-11
121900290,202,533,-331
121900291,341,767,-426
121900292,173,113,60
121900293,821,2735,-1914
121900294,253,6,247
121900295,211,171,40
121900296,47,174,-127
121900298,207,1018,-811
121900299,5,15,-10
121900300,101,13,88
121900301,89,9,80
121900302,2,58,-56
121900303,387,258,129
121900304,5,14,-9
121900305,3,15,-12
121900306,285,0,285
121900307,118,13,105
121900308,48,130,-82
121900309,1,130,-129
121900310,9,226,-217
121900311,500,20,480
121900312,452,7,445
121900313,402,14,388
121900314,2,34,-32
121900315,9,0,9
121900316,0,3,-3
121900317,21,7,14
121900318,5,12,-7
121900319,38,197,-159
121900320,31,28,3
121900321,19,5,14
121900322,0,6,-6
121900323,12,17,-5
121900324,1,26,-25
121900325,17,3,14
121900326,0,11,-11
121900327,5,26,-21
121900328,1,13,-12
121900329,0,58,-58
121900330,7,39,-32
121900331,60,40,20
121900332,76,38,38
122000001,1458,4245,-2787
122000002,2750,1252,1498
122000003,1592,2736,-1144
122000004,2259,1454,805
122000005,2513,2292,221
122000006,1219,1106,113
122000007,675,1436,-761
122000008,1730,3620,-1890
122000009,392,416,-24
122000010,1995,2503,-508
122000011,3534,1761,1773
122000012,872,2219,-1347
122000013,816,1087,-271
122000014,1990,1040,950
122000015,1134,1078,56
122000016,414,760,-346
122000017,1175,1083,92
122000018,1396,1651,-255
122000019,841,1039,-198
122000020,220,221,-1
122000021,161,447,-286
122000022,964,1108,-144
122000023,876,1654,-778
122000024,604,1761,-1157
122000025,718,2157,-1439
122000026,576,1300,-724
122000027,608,1174,-566
122000028,817,496,321
122000029,476,534,-58
122000030,178,151,27
122000031,183,303,-120
122000032,2083,1975,108
122000033,453,1663,-1210
122000034,451,604,-153
122000035,281,635,-354
122000036,541,422,119
122000037,428,264,164
122000038,199,350,-151
122000039,440,452,-12
122000040,193,258,-65
122000041,432,542,-110
122000042,321,333,-12
122000043,110,136,-26
122000044,147,134,13
122000045,1116,481,635
122000046,775,698,77
122000047,177,196,-19
122000048,2937,4254,-1317
122000049,5014,3167,1847
122000050,1019,759,260
122000051,186,363,-177
122000052,402,453,-51
122000053,209,1039,-830
122000054,2190,1721,469
122000055,1826,3185,-1359
122000056,3160,2891,269
122000057,2282,3522,-1240
122000058,1227,1622,-395
122000059,1292,2075,-783
122000060,373,783,-410
122000061,254,554,-300
122000062,503,214,289
122000063,762,869,-107
122000064,2687,3671,-984
122000065,2536,2184,352
122000066,877,1011,-134
122000067,1332,1064,268
122000068,1675,1014,661
122000069,811,699,112
122000070,883,1365,-482
122000071,2033,1187,846
122000072,506,464,42
122000073,266,752,-486
122000074,3052,1478,1574
122000075,829,1127,-298
122000076,3318,1355,1963
122000077,762,973,-211
122000078,1099,2882,-1783
122000079,548,1308,-760
122000080,504,356,148
122000081,151,198,-47
122000082,297,1109,-812
122000083,2576,1141,1435
122000084,1952,1149,803
122000085,284,757,-473
122000086,1947,5232,-3285
122000087,290,470,-180
122000088,341,511,-170
122000089,3622,2368,1254
122000090,171,586,-415
122000091,150,148,2
122000092,68,37,31
122000093,1780,2830,-1050
122000094,4211,3088,1123
122000095,1209,3894,-2685
122000096,854,1768,-914
122000098,2091,3394,-1303
122000099,1140,808,332
122000100,720,554,166
122000101,351,483,-132
122000102,1740,923,817
122000103,1984,1410,574
122000104,493,159,334
122000105,453,252,201
122000106,410,687,-277
122000107,1002,417,585
122000108,487,709,-222
122000109,389,277,112
122000110,484,449,35
122000111,2390,1462,928
122000112,980,1231,-251
122000113,584,581,3
122000114,2162,1814,348
122000115,1570,1284,286
122000116,442,586,-144
122000117,1120,423,697
122000118,612,629,-17
122000119,2347,2022,325
122000120,1113,3197,-2084
122000121,1108,2312,-1204
122000122,471,1224,-753
122000123,1424,2063,-639
122000124,846,889,-43
122000125,427,810,-383
122000126,496,1408,-912
122000127,618,855,-237
122000128,270,485,-215
122000129,409,1081,-672
122000130,2824,1390,1434
122000131,1166,946,220
122000132,340,397,-57
122000133,954,915,39
122000134,1084,842,242
122000135,560,416,144
122000136,844,574,270
122000137,2339,849,1490
122000139,786,3718,-2932
122000140,698,610,88
122000141,2975,1283,1692
122000142,199,750,-551
122000143,322,453,-131
122000144,1304,976,328
122000145,980,823,157
122000146,581,1694,-1113
122000147,579,499,80
122000148,840,2094,-1254
122000149,1805,1136,669
122000150,1285,794,491
122000151,120,291,-171
122000152,287,332,-45
122000153,310,294,16
122000154,186,194,-8
122000155,1443,2517,-1074
122000156,2468,2842,-374
122000157,943,2992,-2049
122000158,325,665,-340
122000159,569,1154,-585
122000160,2690,2181,509
122000161,1094,1120,-26
122000162,1361,1755,-394
122000163,226,98,128
122000164,38,96,-58
122000165,811,708,103
122000166,780,1022,-242
122000167,307,300,7
122000168,191,619,-428
122000169,264,183,81
122000170,324,266,58
122000171,41,103,-62
122000172,1447,1298,149
122000173,1290,2309,-1019
122000174,2088,1027,1061
122000175,643,308,335
122000176,275,761,-486
122000177,1138,1451,-313
122000178,2544,2517,27
122000179,1560,2416,-856
122000180,1243,1278,-35
122000181,1342,2903,-1561
122000182,1436,1853,-417
122000183,1872,949,923
122000184,2680,2766,-86
122000185,1217,1941,-724
122000186,446,914,-468
122000187,1993,816,1177
122000188,390,236,154
122000189,210,354,-144
122000190,796,1272,-476
122000191,840,857,-17
122000192,1245,351,894
122000193,474,653,-179
122000194,501,180,321
122000195,144,438,-294
122000196,1236,533,703
122000197,582,603,-21
122000198,343,937,-594
122000199,284,353,-69
122000200,815,657,158
122000201,1078,1608,-530
122000202,1285,1745,-460
122000203,2357,1179,1178
122000204,1186,1562,-376
122000205,837,1093,-256
122000206,2549,944,1605
122000207,2152,1227,925
122000208,2405,1331,1074
122000209,1903,377,1526
122000210,2110,1531,579
122000211,1425,1051,374
122000212,975,675,300
122000213,992,1510,-518
122000214,2141,1908,233
122000215,1958,1660,298
122000217,1439,1392,47
122000218,762,113,649
122000219,901,718,183
122000220,365,614,-249
122000221,93,392,-299
122000222,564,158,406
122000223,1266,508,758
122000225,794,307,487
122000226,1685,1371,314
122000227,223,1814,-1591
122000228,330,279,51
122000229,22,563,-541
122000230,47,350,-303
122000231,223,661,-438
122000232,575,391,184
122000233,0,36,-36
122000234,427,41,386
122000235,605,93,512
122000236,1783,89,1694
122000237,116,83,33
122000238,321,262,59
122000239,746,158,588
122000240,1165,677,488
122000241,248,286,-38
122000242,642,121,521
122000243,64,44,20
122000244,11,258,-247
122000245,5,48,-43
122000246,32,108,-76
122000247,614,135,479
122000248,672,896,-224
122000249,1178,896,282
122000250,2178,985,1193
122000251,182,518,-336
122000252,446,119,327
122000253,101,199,-98
122000254,419,85,334
122000255,728,909,-181
122000256,371,540,-169
122000257,221,168,53
122000258,402,272,130
122000259,15,297,-282
122000260,4,40,-36
122000261,4,286,-282
122000262,1,23,-22
122000263,302,526,-224
122000264,1572,242,1330
122000265,2361,974,1387
122000266,4220,631,3589
122000267,191,86,105
122000268,168,323,-155
122000269,951,287,664
122000270,599,182,417
122000271,254,1011,-757
122000272,379,792,-413
122000273,392,327,65
122000274,219,180,39
122000275,68,199,-131
122000276,1066,435,631
122000277,1160,1397,-237
122000278,2081,529,1552
122000279,287,283,4
122000280,760,600,160
122000281,976,662,314
122000282,211,396,-185
122000283,319,141,178
122000284,239,47,192
122000285,294,78,216
122000286,59,135,-76
122000287,1319,1303,16
122000288,462,243,219
122000291,2412,764,1648
122000293,186,151,35
122000294,152,317,-165
122000295,1259,191,1068
122000296,28,348,-320
122000297,1865,3887,-2022
122000299,540,374,166
122000300,412,576,-164
122000301,6043,2877,3166
122000302,438,1922,-1484
122000303,2317,1144,1173
122000304,121,162,-41
122000305,1299,185,1114
122000306,33,312,-279
122000307,132,97,35
122000309,55,49,6
122000310,21,89,-68
122000311,156,113,43
122000312,125,154,-29
122000313,66,67,-1
122000314,98,279,-181
122000315,263,56,207
122000316,1258,214,1044
122000317,1930,268,1662
122000318,237,1043,-806
122000319,128,241,-113
122000320,240,815,-575
122000321,71,125,-54
122000322,1215,1866,-651
122000323,896,2205,-1309
122000324,1147,1094,53
122000325,834,1984,-1150
122000326,114,80,34
122000327,474,646,-172
122000328,549,462,87
122000330,1724,1101,623
122000332,216,340,-124
122000333,6,55,-49
122000337,1252,766,486
122000338,603,316,287
122000340,300,752,-452
122000342,964,853,111
122000343,207,249,-42
122000344,98,21,77
122000345,40,20,20
122000346,218,53,165
122000348,992,578,414
122000349,92,439,-347
122000351,173,167,6
122000352,348,160,188
122000353,102,32,70
122000355,167,320,-153
122000356,892,1214,-322
122000357,85,14,71
122000358,0,33,-33
122000359,0,16,-16
122000360,0,22,-22
122000362,22,46,-24
122000364,268,299,-31
122000365,1,27,-26
122000366,5,6,-1
122000368,467,603,-136
122000370,22,23,-1
122000371,44,0,44
122000372,11,1,10
122000381,156,350,-194
122000382,109,206,-97
122000384,1524,977,547
122000385,112,0,112
122000386,259,1897,-1638
122000387,544,647,-103
122000388,1370,744,626
122000389,226,826,-600
122000390,388,291,97
122000391,228,284,-56
122000392,231,146,85
122000393,49,108,-59
122000394,636,280,356
122000395,126,96,30
122000396,211,90,121
122000397,14,15,-1
122000398,29,43,-14
122000399,142,75,67
122000400,97,702,-605
122000401,159,60,99
122000402,435,124,311
122000403,491,483,8
122000404,219,152,67
122000408,523,831,-308
122000503,8,117,-109
122000524,177,194,-17
122000544,94,2064,-1970
122000616,255,2,253
122000640,102,87,15
122000641,134,178,-44
122000642,1158,649,509
122000643,72,160,-88
122000644,86,41,45
122000645,100,201,-101
122000651,823,1115,-292
122000664,100,32,68
122000665,1099,470,629
122000666,740,993,-253
122000673,34,123,-89
122000674,214,54,160
122000675,2074,608,1466
122000686,459,689,-230
122000687,1494,224,1270
122000688,294,350,-56
122000689,1154,221,933
122000690,2652,286,2366
122000691,856,832,24
122000692,1654,252,1402
122000693,495,866,-371
122000695,423,218,205
122000696,694,152,542
122000698,563,267,296
122000699,193,88,105
122000701,1325,251,1074
122000702,393,719,-326
122000703,194,55,139
122000717,42,52,-10
122000718,278,822,-544
122000719,188,88,100
122000720,595,109,486
122900001,48,17,31
122900002,899,5987,-5088
122900003,413,36,377
122900004,1989,98,1891
122900005,132,107,25
122900006,748,1147,-399
122900007,102,112,-10
122900008,542,222,320
122900009,705,488,217
122900010,243,76,167
122900012,167,377,-210
122900014,113,140,-27
122900015,853,1499,-646
122900016,107,262,-155
122900017,314,717,-403
122900018,180,20,160
122900019,15,132,-117
122900020,158,386,-228
122900021,41,437,-396
122900022,1348,610,738
122900023,698,173,525
122900024,207,106,101
122900025,11,363,-352
122900026,31,165,-134
122900027,62,534,-472
122900028,308,326,-18
122900029,3990,2980,1010
122900030,1293,576,717
122900031,44,297,-253
122900032,126,435,-309
122900033,219,113,106
122900034,3572,4749,-1177
122900035,95,56,39
122900036,92,77,15
122900037,454,127,327
122900038,78,3391,-3313
122900039,111,536,-425
122900040,263,517,-254
122900041,359,356,3
122900042,180,317,-137
122900043,398,211,187
122900044,76,366,-290
122900045,127,121,6
122900046,214,269,-55
122900047,112,237,-125
122900048,55,193,-138
122900049,1297,160,1137
122900051,79,129,-50
122900052,120,93,27
122900053,33,31,2
122900055,313,143,170
122900057,269,66,203
122900061,501,212,289
122900062,562,755,-193
122900063,172,145,27
122900064,796,398,398
122900065,669,240,429
122900066,896,350,546
122900067,778,487,291
122900068,115,238,-123
122900069,421,1440,-1019
122900070,398,47,351
122900071,92,241,-149
122900072,9,330,-321
122900073,11,133,-122
122900074,1092,307,785
122900075,1,78,-77
122900076,9,144,-135
122900077,0,94,-94
122900078,230,49,181
122900080,31,39,-8
122900081,171,158,13
122900082,1165,139,1026
122900083,118,103,15
122900084,2,135,-133
122900086,15,133,-118
122900087,399,477,-78
122900088,64,266,-202
122900089,21,244,-223
122900090,8,243,-235
122900091,313,2,311
122900092,0,104,-104
122900093,0,119,-119
122900094,3,82,-79
122900095,230,20,210
122900096,492,68,424
122900097,39,63,-24
122900098,46,96,-50
122900099,57,33,24
122900100,209,521,-312
122900101,280,249,31
123000001,894,463,431
123000002,2600,5689,-3089
123000003,4002,4443,-441
123000004,2401,3445,-1044
123000005,2964,2819,145
123000006,1855,1670,185
123000007,2987,2222,765
123000008,1913,2329,-416
123000009,4697,2831,1866
123000010,3066,3102,-36
123000011,1939,866,1073
123000012,594,1866,-1272
123000013,3773,961,2812
123000014,588,2811,-2223
123000015,2557,959,1598
123000016,2724,4284,-1560
123000017,2874,1552,1322
123000018,56,95,-39
123000019,498,140,358
123000020,345,48,297
123000021,187,188,-1
123000022,243,1785,-1542
123000023,1666,1973,-307
123000024,1736,688,1048
123000025,130,120,10
123000026,29,183,-154
123000027,117,810,-693
123000028,1645,678,967
123000029,785,1373,-588
123000030,356,159,197
123000031,405,134,271
123000032,498,117,381
123000033,251,64,187
123000034,1145,725,420
123000035,680,390,290
123000036,277,920,-643
123000037,327,254,73
123000038,148,239,-91
123000039,560,1902,-1342
123000040,512,298,214
123000041,859,1270,-411
123000042,532,698,-166
123000043,2227,12496,-10269
123000044,3068,2501,567
123000045,4295,2882,1413
123000046,509,1735,-1226
123000047,1464,1025,439
123000048,102,1007,-905
123000049,5444,11514,-6070
123000050,2165,1694,471
123000051,99,174,-75
123000052,948,3378,-2430
123000053,2676,2936,-260
123000054,1749,1771,-22
123000055,1627,3279,-1652
123000056,1129,1430,-301
123000057,5555,7139,-1584
123000058,662,1237,-575
123000059,252,494,-242
123000060,1079,335,744
123000061,254,519,-265
123000063,995,959,36
123000064,1214,195,1019
123000065,3377,2357,1020
123000066,513,513,0
123000067,921,422,499
123000068,2061,2089,-28
123000069,5056,1992,3064
123000070,165,490,-325
123000071,1634,724,910
123000072,1224,562,662
123000073,1605,690,915
123000074,1009,714,295
123000075,322,1428,-1106
123000076,835,406,429
123000077,1671,1489,182
123000078,2007,1243,764
123000079,2065,1563,502
123000080,2602,1201,1401
123000081,165,305,-140
123000082,293,718,-425
123000083,1129,295,834
123000084,815,298,517
123000085,489,49,440
123000086,693,98,595
123000087,455,222,233
123000088,1305,553,752
123000089,620,850,-230
123000090,1234,748,486
123000091,1305,1054,251
123000092,631,1035,-404
123000094,697,194,503
123000095,762,533,229
123000096,687,269,418
123000097,640,363,277
123000098,635,419,216
123000099,523,401,122
123000100,456,781,-325
123000101,505,514,-9
123000102,331,647,-316
123000104,402,456,-54
123000105,519,410,109
123000106,428,510,-82
123000107,344,375,-31
123000108,445,892,-447
123000111,1123,395,728
123000112,1558,481,1077
123000113,423,771,-348
123000114,311,535,-224
123000115,292,212,80
123000116,51,58,-7
123000117,1985,1288,697
123000118,601,661,-60
123000119,236,639,-403
123000120,294,605,-311
123000121,432,424,8
123000122,269,257,12
123000123,486,465,21
123000124,428,290,138
123000125,1297,1386,-89
123000126,1147,5075,-3928
123000127,506,518,-12
123000128,234,170,64
123000129,894,222,672
123000130,752,95,657
123000131,1237,760,477
123000132,247,402,-155
123000133,135,283,-148
123000134,217,113,104
123000135,3240,1110,2130
123000136,216,508,-292
123000137,120,152,-32
123000138,98,239,-141
123000139,712,74,638
123000140,80,556,-476
123000141,871,136,735
123000142,773,639,134
123000143,803,1270,-467
123000144,28,28,0
123000145,193,291,-98
123000146,34,94,-60
123000147,56,76,-20
123000149,381,353,28
123000150,127,203,-76
123000151,175,488,-313
123000152,50,428,-378
123000153,109,667,-558
123000154,1093,1532,-439
123000155,1486,1100,386
123000156,22,86,-64
123000157,578,665,-87
123000158,479,731,-252
123000159,3192,3066,126
123000160,1122,839,283
123000161,1781,1219,562
123000162,1313,1676,-363
123000163,601,102,499
123000164,1831,284,1547
123000165,402,1020,-618
123000166,49,101,-52
123000167,130,179,-49
123000168,244,148,96
123000169,1085,107,978
123000170,67,137,-70
123000171,1029,16,1013
123000172,148,376,-228
123000173,551,266,285
123000174,1213,462,751
123000175,423,855,-432
123000176,1284,276,1008
123000177,259,764,-505
123000178,889,183,706
123000179,44,351,-307
123000180,2003,297,1706
123000181,256,847,-591
123000182,305,247,58
123000183,176,436,-260
123000184,73,337,-264
123000185,1157,220,937
123000186,4,479,-475
123000187,755,7,748
123000188,173,11,162
123000189,213,132,81
123000190,66,80,-14
123000192,6,278,-272
123000193,77,594,-517
123000194,260,213,47
123000195,362,35,327
123000196,406,19,387
123000197,81,95,-14
123000198,26,891,-865
123000199,10,553,-543
123000200,627,9,618
123000201,1327,18,1309
123000202,21,571,-550
123000203,1242,51,1191
123000204,56,671,-615
123000205,316,978,-662
123000206,2494,239,2255
123000207,62,591,-529
123000208,486,245,241
123000209,2410,744,1666
123000210,369,1243,-874
123000211,443,1531,-1088
123000212,3526,504,3022
123000213,579,82,497
123000215,45,213,-168
123000216,204,545,-341
123000217,219,38,181
123000218,49,695,-646
123000219,571,60,511
123000220,511,149,362
123000221,175,76,99
123000222,516,245,271
123000223,694,159,535
123000224,504,230,274
123000225,279,49,230
123000226,112,264,-152
123000227,105,167,-62
123000228,385,58,327
123000229,720,991,-271
123000232,85,429,-344
123000233,943,154,789
123000234,155,473,-318
123000235,1741,285,1456
123000236,327,452,-125
123000237,327,107,220
123000238,64,296,-232
123000239,339,700,-361
123000240,44,592,-548
123000241,286,77,209
123000242,294,160,134
123000243,875,822,53
123000244,823,680,143
123000245,48,124,-76
123000249,208,427,-219
123000252,878,285,593
123000253,1703,412,1291
123000254,703,639,64
123000255,1313,786,527
123000256,12,196,-184
123000257,2200,1367,833
123000258,869,542,327
123000259,422,330,92
123000260,531,271,260
123000261,386,105,281
123000262,109,137,-28
123000263,569,83,486
123000264,191,78,113
123000265,45,118,-73
123000266,642,512,130
123000267,851,336,515
123000268,36,52,-16
123000269,40,46,-6
123000270,43,40,3
123000271,33,61,-28
123000272,717,250,467
123000273,270,766,-496
123000274,1139,527,612
123000275,223,579,-356
123000278,1973,2556,-583
123000279,80,56,24
123000280,291,192,99
123000281,332,112,220
123000282,81,201,-120
123000283,160,64,96
123000284,62,69,-7
123000286,160,272,-112
123000287,459,275,184
123000288,1545,1257,288
123000289,399,1474,-1075
123000291,249,698,-449
123000294,154,181,-27
123000295,916,1075,-159
123000296,961,459,502
123000297,125,151,-26
123000298,177,137,40
123000299,8,70,-62
123000300,1198,882,316
123000301,156,314,-158
123000302,78,95,-17
123000303,134,204,-70
123000305,708,659,49
123000306,183,60,123
123000309,31,54,-23
123000310,40,19,21
123000311,0,79,-79
123000312,300,508,-208
123000313,639,260,379
123000315,161,184,-23
123000316,722,75,647
123000317,219,60,159
123000318,63,115,-52
123000329,35,29,6
123000337,541,462,79
123000338,281,106,175
123000339,344,69,275
123000340,85,212,-127
123000342,39,35,4
123000343,58,11,47
123000344,728,297,431
123000345,323,474,-151
123000346,470,28,442
123000352,861,712,149
123000353,48,144,-96
123000354,257,28,229
123000355,0,179,-179
123000356,398,2,396
123000357,1,114,-113
123000359,2,102,-100
123000360,179,53,126
123000361,137,199,-62
123000362,572,88,484
123000363,105,125,-20
123000364,522,489,33
123000365,16,448,-432
123000366,342,2306,-1964
123000367,287,741,-454
123000370,26,171,-145
123000371,520,28,492
123000372,353,24,329
123000373,9,216,-207
123000374,8,148,-140
123000375,382,39,343
123000376,820,594,226
123000377,676,14,662
123000378,19,180,-161
123000379,2,104,-102
123000380,21,383,-362
123000381,108,145,-37
123000382,744,145,599
123000383,86,1360,-1274
123000384,417,114,303
123000385,146,494,-348
123000436,44,1164,-1120
123000507,69,157,-88
123000508,66,1226,-1160
123000517,262,48,214
123000518,23,179,-156
123000519,176,97,79
123000520,36,169,-133
123000521,484,102,382
123000522,127,216,-89
123000541,10,0,10
123000542,0,2,-2
123000565,896,33,863
123000566,355,192,163
123000567,68,114,-46
123000573,36,537,-501
123000574,908,83,825
123000575,1724,700,1024
123000576,1365,823,542
123000577,61,513,-452
123000578,324,91,233
123000579,1157,6459,-5302
123000580,118,48,70
123000582,534,29,505
123000583,17,255,-238
123000584,209,241,-32
123000585,1,60,-59
123000586,77,1,76
123000596,78,89,-11
123000597,58,116,-58
123000602,56,10,46
123000603,1058,306,752
123000604,524,394,130
123000605,653,107,546
123000606,0,310,-310
123000609,5,279,-274
123000610,149,109,40
123000613,38,187,-149
123000614,283,39,244
123000615,37,57,-20
123000616,1056,64,992
123000617,152,198,-46
123000618,48,403,-355
123000619,566,64,502
123000620,16,247,-231
123000622,649,28,621
123000624,207,39,168
123000630,1403,400,1003
123000631,189,509,-320
123000632,505,486,19
123000633,0,115,-115
123000634,44,164,-120
123000635,39,77,-38
123000636,29,335,-306
123000637,147,35,112
123000638,413,19,394
123000639,837,5227,-4390
123000640,13,270,-257
123900001,837,47,790
123900002,27,1180,-1153
123900003,234,299,-65
123900005,278,159,119
123900006,304,52,252
124000001,2166,198,1968
124000002,42,1041,-999
124000003,1218,157,1061
124000004,41,356,-315
124000005,1155,711,444
124000006,180,583,-403
124000007,386,127,259
124000008,7,430,-423
124000009,732,200,532
124000010,193,265,-72
124000011,1228,333,895
124000012,331,249,82
124000017,251,98,153
124000018,127,31,96
124000019,131,135,-4
124000020,56,82,-26
124000021,135,118,17
124000022,80,154,-74
124000023,1246,1432,-186
124000024,972,286,686
124000025,1115,1741,-626
124000026,827,822,5
124000027,4483,4867,-384
124000028,1104,3093,-1989
124000030,1675,1085,590
124000031,1411,4578,-3167
124000032,1349,561,788
124000033,195,256,-61
124000034,527,457,70
124000035,22,253,-231
124000036,16,101,-85
124000037,411,1274,-863
124000038,25,53,-28
124000039,884,506,378
124000040,400,1275,-875
124000041,668,87,581
124000042,149,395,-246
124000043,94,80,14
124000044,43,122,-79
124000045,925,447,478
124000046,325,548,-223
124000047,2453,631,1822
124000048,1036,677,359
124000049,2105,563,1542
124000050,823,1014,-191
124000051,1225,451,774
124000052,514,576,-62
124000053,559,1930,-1371
124000054,685,309,376
124000055,1389,3480,-2091
124000056,1414,982,432
124000057,1076,588,488
124000058,389,704,-315
124000059,658,1283,-625
124000060,675,473,202
124000061,1107,5154,-4047
124000062,1962,1568,394
124000063,916,1178,-262
124000064,1606,928,678
124000065,13,464,-451
124000066,69,29,40
124000067,251,167,84
124000068,19,16,3
124000069,272,12,260
124000070,66,79,-13
124000071,274,90,184
124000072,160,299,-139
124000073,1004,136,868
124000074,188,381,-193
124000075,580,35,545
124000076,6,106,-100
124000077,1047,814,233
124000078,2751,1297,1454
124000079,259,1174,-915
124000080,547,249,298
124000081,213,311,-98
124000082,41,135,-94
124000083,24,54,-30
124000084,53,328,-275
124000085,108,15,93
124000086,35,117,-82
124000087,120,95,25
124000088,232,540,-308
124000089,1049,323,726
124000090,101,177,-76
124000091,372,88,284
124000092,51,257,-206
124000093,99,192,-93
124000094,147,624,-477
124000095,112,73,39
124000096,102,173,-71
124000097,99,102,-3
124000098,65,54,11
124000099,149,84,65
124000100,54,61,-7
124000101,77,100,-23
124000102,63,58,5
124000103,113,88,25
124000104,77,26,51
124000105,107,89,18
124000106,124,23,101
124000107,28,198,-170
124000108,24,6,18
124000109,140,84,56
124000110,111,46,65
124000111,190,148,42
124000112,759,400,359
124000113,83,55,28
124000114,330,273,57
124000115,311,451,-140
124000116,96,109,-13
124000117,63,91,-28
124000118,35,65,-30
124000119,821,505,316
124000120,609,330,279
124000121,1037,638,399
124000122,507,1040,-533
124000123,984,537,447
124000124,312,801,-489
124000125,452,483,-31
124000126,296,541,-245
124000127,889,286,603
124000128,525,683,-158
124000129,1932,1543,389
124000130,624,471,153
124000131,816,570,246
124000132,630,592,38
124000133,868,764,104
124000134,831,376,455
124000135,1794,1942,-148
124000136,613,669,-56
124000137,1060,1044,16
124000138,1367,1081,286
124000139,497,38,459
124000140,29,244,-215
124000141,168,21,147
124000142,24,143,-119
124000143,56,24,32
124000144,19,41,-22
124000145,199,81,118
124000146,36,78,-42
124000148,40,126,-86
124000149,1261,462,799
124000150,250,582,-332
124000151,821,284,537
124000152,502,790,-288
124000153,670,880,-210
124000154,262,625,-363
124000155,1061,682,379
124000156,748,804,-56
124000169,173,489,-316
124000170,443,330,113
124000171,391,248,143
124000172,328,391,-63
124000173,671,145,526
124000174,334,491,-157
124000175,15,66,-51
124000176,59,38,21
124000177,8,31,-23
124000178,41,103,-62
124000190,16,33,-17
124000191,32,35,-3
124000192,1187,398,789
124000193,305,670,-365
124000194,259,341,-82
124000195,267,573,-306
124000196,707,698,9
124000197,29,31,-2
124000198,72,48,24
124000201,264,617,-353
124000202,663,391,272
124000203,645,302,343
124000204,1171,234,937
124000205,149,218,-69
124000206,1011,231,780
124000207,2,48,-46
124000209,173,242,-69
124000210,839,186,653
124000211,903,4,899
124000212,0,242,-242
124000213,599,188,411
124000214,626,250,376
124000215,497,52,445
124000216,3,184,-181
124000329,235,866,-631
124000338,131,384,-253
124000339,1432,107,1325
124000341,1786,90,1696
124000344,63,38,25
124000357,1316,2461,-1145
124000358,895,1472,-577
124000359,1647,716,931
124000360,1174,431,743
124000361,2050,808,1242
124000362,825,1113,-288
124000363,211,261,-50
124000364,432,646,-214
124000365,495,731,-236
124000366,992,606,386
124000367,81,291,-210
124000368,450,534,-84
124000369,81,90,-9
124000370,30,376,-346
124000402,36,23,13
124000403,163,34,129
124000404,12,51,-39
124000405,1062,720,342
124000406,568,620,-52
124000407,1,7,-6
124000411,6,136,-130
124000412,386,6,380
124000413,91,33,58
124000414,93,83,10
124000415,66,40,26
124000416,141,112,29
124000417,187,78,109
124000418,155,78,77
124000419,113,64,49
124000420,114,33,81
124000421,47,63,-16
124000422,19,22,-3
124000423,185,32,153
124000424,11,38,-27
124000425,42,18,24
124000426,7,23,-16
124000427,50,3,47
124000428,7,31,-24
124000429,109,52,57
124000430,696,426,270
124000431,280,368,-88
124000432,304,458,-154
124000439,8,3,5
124000442,14,52,-38
124000443,3,9,-6
124000445,56,576,-520
124000446,258,45,213
124900001,545,391,154
124900002,206,239,-33
124900003,985,376,609
124900004,734,254,480
124900005,221,141,80
124900006,776,216,560
124900008,1010,518,492
124900009,223,774,-551
124900010,318,232,86
124900011,1036,385,651
124900012,976,128,848
124900013,511,133,378
124900014,345,63,282
124900015,158,581,-423
124900016,81,196,-115
124900017,500,2248,-1748
124900018,99,17,82
124900019,598,27,571
124900020,170,110,60
124900021,480,52,428
124900022,53,4,49
124900024,309,5,304
124900026,101,17,84
124900027,119,558,-439
124900028,362,62,300
124900029,15,508,-493
124900030,8,103,-95
124900031,76,299,-223
124900032,190,253,-63
124900033,85,211,-126
124900034,12,88,-76
124900035,186,385,-199
124900036,1,48,-47
124900037,151,219,-68
124900038,200,165,35
124900039,3,58,-55
124900040,134,101,33
124900041,236,451,-215
124900042,65,0,65
124900043,376,461,-85
124900044,108,4,104
124900045,481,902,-421
124900046,940,373,567
124900047,139,148,-9
124900048,152,51,101
124900050,91,124,-33
124900052,139,399,-260
124900053,187,173,14
124900054,799,523,276
124900055,1,180,-179
124900057,3,35,-32
124900060,61,150,-89
124900061,103,3,100
124900062,194,21,173
124900066,0,9,-9
124900067,4,80,-76
124900068,316,1079,-763
124900069,92,153,-61
124900070,63,34,29
124900072,213,31,182
124900074,577,112,465
124900075,334,167,167
124900076,26,1271,-1245
124900077,13,88,-75
124900078,112,20,92
124900079,273,161,112
124900080,242,309,-67
124900081,900,243,657
124900082,237,383,-146
124900083,215,303,-88
124900084,786,102,684
124900085,524,605,-81
124900086,85,1351,-1266
124900087,240,96,144
124900088,330,74,256
124900089,729,24,705
124900090,527,220,307
124900091,404,231,173
124900092,259,171,88
124900093,485,203,282
124900094,571,274,297
124900095,121,602,-481
124900096,468,449,19
124900097,380,81,299
124900098,151,346,-195
124900099,466,474,-8
124900100,368,71,297
124900101,50,243,-193
124900102,275,15,260
124900103,118,126,-8
124900104,58,112,-54
124900105,110,94,16
124900106,552,43,509
124900107,156,42,114
124900108,97,112,-15
124900109,103,98,5
124900110,418,181,237
124900111,1,93,-92
124900112,70,392,-322
129000186,146,91,55
204000001,21,1,20
204000002,8,0,8
204000003,21,3,18
204000004,6,3,3
204000005,600,353,247
204000006,1232,988,244
204000008,767,485,282
204000011,10,36,-26
204000012,48,77,-29
204000013,6,21,-15
204000019,811,372,439
204000020,715,359,356
204000021,885,598,287
204000022,693,377,316
204000023,565,526,39
204000031,7,14,-7
204000032,203,23,180
204000034,17,133,-116
204000035,0,1,-1
204000036,11,17,-6
204000037,0,9,-9
204000038,0,22,-22
204000039,16,25,-9
204000040,4,10,-6
204000041,7,16,-9
204000042,32,9,23
204000043,36,1,35
204000044,56,10,46
204000045,71,3,68
204000046,7,1,6
204000057,6,14,-8
204000062,5,9,-4
204000068,28,152,-124
204000069,3,199,-196
204000070,57,41,16
204000080,28,47,-19
204000085,1607,1463,144
204000086,1546,1282,264
204000087,43,7,36
204000088,5,88,-83
204000090,18,189,-171
204000093,703,61,642
204000096,1092,858,234
204000097,660,6,654
204000099,1057,1364,-307
204000100,1617,1550,67
204000105,1656,1035,621
204000110,335,722,-387
204000111,409,424,-15
204000112,451,404,47
204000113,301,475,-174
204000114,637,659,-22
204000115,575,270,305
204000116,456,403,53
204000119,1892,2253,-361
204000132,771,332,439
204000133,899,149,750
204000134,174,67,107
204000135,490,55,435
204000136,500,154,346
204000138,406,409,-3
204000140,235,99,136
204000141,180,44,136
204000144,4,21,-17
204000145,499,41,458
204000146,24,189,-165
204000147,9,92,-83
204000148,218,20,198
204000154,8,2,6
204000155,4,10,-6
204000177,51,40,11
204000179,29,7,22
204000180,0,28,-28
204000222,4,14,-10
204000235,30,18,12
204000236,49,85,-36
204000238,41,12,29
204000240,413,67,346
204000308,118,12,106
204000317,11,61,-50
204000322,13,68,-55
204000323,20,3,17
204000328,221,33,188
204000329,32,179,-147
204000330,128,29,99
204000331,27,107,-80
204010341,15,187,-172
205000001,581,1048,-467
205000013,4,43,-39
205000014,15,56,-41
205000015,27,108,-81
205000016,11,103,-92
205000017,18,77,-59
205000022,182,601,-419
205000025,888,653,235
205000029,295,11,284
205000045,154,603,-449
205000047,61,245,-184
205000048,300,442,-142
205000049,137,516,-379
205000050,421,248,173
205000059,0,129,-129
205000060,0,61,-61
205000061,3,78,-75
205000062,1,128,-127
205000063,15,140,-125
205000064,14,72,-58
205000065,53,356,-303
205000066,81,332,-251
205000067,30,594,-564
205000069,231,21,210
205000082,141,175,-34
205000110,48,132,-84
205000111,154,126,28
205000112,217,152,65
205000113,210,251,-41
205000121,243,33,210
205000123,29,208,-179
205000126,458,84,374
205000127,756,159,597
205000128,366,49,317
205000129,723,70,653
205000130,149,28,121
205000131,87,11,76
205000132,95,1,94
205000133,83,1,82
205000134,275,1,274
205000137,57,130,-73
205000138,150,384,-234
205000139,19,125,-106
205000144,75,82,-7
205000145,333,162,171
205000151,127,13,114
205000152,149,20,129
205000153,204,18,186
205000154,158,26,132
205000155,112,9,103
205000207,7,123,-116
205000233,9,10,-1
205000234,0,0,0
205000243,0,2,-2
205000244,0,3,-3
205000245,8,128,-120
205000249,0,18,-18
205000250,2,6,-4
205000251,66,288,-222
205000264,6,76,-70
206000027,21,2,19
206000028,14,1,13
206000043,5,35,-30
206000053,4,11,-7
206000054,0,16,-16
206000055,2,19,-17
206000075,17,27,-10
206000076,31,7,24
206000077,28,5,23
206000078,31,6,25
206000079,19,7,12
206000082,360,88,272
206000100,13,276,-263
206000103,2,11,-9
206000104,19,9,10
206000105,6,6,0
206000106,2,19,-17
206000108,702,32,670
206000125,70,0,70
206000157,38,415,-377
206000170,0,111,-111
206000171,9,123,-114
206000172,14,208,-194
206000173,2,80,-78
206000174,15,32,-17
206000175,1,46,-45
206000176,15,75,-60
206000177,2,71,-69
206000178,3,88,-85
206000179,4,80,-76
206000180,11,100,-89
206000181,7,45,-38
206000182,3,94,-91
206000183,11,154,-143
206000184,5,163,-158
206000185,2,53,-51
206000186,78,350,-272
206000223,5,129,-124
206000226,23,1,22
206000227,34,1,33
206000237,37,156,-119
206000238,7,247,-240
206000239,160,1057,-897
206000240,2,52,-50
206000241,0,35,-35
206000242,6,95,-89
206000243,8,52,-44
206000244,39,209,-170
206000245,1299,57,1242
206000246,424,10,414
206000247,400,8,392
206000248,498,18,480
206000252,75,40,35
206000258,26,22,4
206000315,37,4,33
206000317,704,159,545
206000318,662,74,588
206000319,2548,91,2457
206000320,341,29,312
206000321,327,5,322
206000322,887,26,861
206000323,238,14,224
206000324,276,13,263
206000325,233,19,214
206000326,255,17,238
206000327,83,22,61
206000328,260,6,254
206000329,432,5,427
206000330,62,4,58
206000331,297,2,295
206000332,95,1,94
206000333,995,3,992
206000334,451,2,449
206000335,0,15,-15
206000361,4,122,-118
206000392,0,13,-13
206000405,119,0,119
206000441,61,9,52
206000498,25,3,22
206000515,71,34,37
206000530,456,72,384
206000531,262,366,-104
206000532,1521,493,1028
206000535,98,1277,-1179
206000536,14,68,-54
206000537,18,94,-76
206000613,1909,267,1642
207000001,91,556,-465
207000002,91,268,-177
207000003,117,118,-1
207000007,1288,216,1072
207000008,154,10,144
207000009,45,59,-14
207000010,241,243,-2
207000012,455,158,297
207000015,232,569,-337
207000019,223,73,150
207000021,547,162,385
207000022,201,130,71
207000023,270,46,224
207000024,7,20,-13
207000025,26,55,-29
207000026,45,39,6
207000027,12,58,-46
207000028,47,117,-70
207000029,156,355,-199
207000033,204,431,-227
207000034,280,120,160
207000039,551,78,473
207000040,568,64,504
207000041,143,19,124
207000042,387,45,342
207000043,228,160,68
207000051,97,190,-93
207000052,45,108,-63
207000053,319,371,-52
207000054,43,62,-19
207000055,134,79,55
207000056,296,218,78
207000057,94,192,-98
207000058,152,169,-17
207000059,73,209,-136
207000060,65,88,-23
207000061,134,635,-501
207000062,360,18,342
207000063,488,67,421
207000064,401,110,291
207000065,386,201,185
207000066,246,126,120
207000067,59,80,-21
207000068,137,40,97
207000069,775,305,470
207000082,6,102,-96
207000083,76,152,-76
207000084,388,189,199
207000085,255,22,233
207000086,236,6,230
207000106,48,30,18
207000107,102,22,80
207000108,68,7,61
207000109,51,10,41
207000110,71,60,11
207000111,83,90,-7
207000112,108,574,-466
207000114,15,25,-10
207000115,28,44,-16
207000116,22,283,-261
207000117,5,51,-46
207000118,5,31,-26
207000119,27,39,-12
207000123,190,16,174
207000124,118,18,100
207000125,53,31,22
207000126,57,31,26
207000134,114,74,40
207000135,19,129,-110
207000148,105,296,-191
207000149,48,19,29
207000152,79,338,-259
207000153,478,983,-505
207000154,271,174,97
207000159,94,170,-76
207000160,140,200,-60
207000238,0,78,-78
207000242,6,60,-54
207000248,28,25,3
207000249,87,33,54
207000250,308,41,267
207000251,82,66,16
207000252,62,49,13
207000278,141,51,90
207000279,14,83,-69
207000280,847,40,807
207000281,110,292,-182
207000282,86,102,-16
207000283,45,108,-63
207000284,36,298,-262
207000285,39,52,-13
207000291,16,62,-46
207000304,106,47,59
207000306,71,296,-225
207000310,106,72,34
207000353,210,6,204
207000356,6,59,-53
207000357,17,21,-4
207000415,1,85,-84
207000417,49,9,40
207000437,0,0,0
207000439,631,678,-47
207000446,189,9,180
207000460,33,11,22
207000466,104,92,12
207000476,9,39,-30
207000477,884,34,850
207000523,0,4,-4
207000524,31,1,30
207000527,165,103,62
207000530,561,7,554
207000531,340,12,328
207000532,83,32,51
207000534,178,27,151
207000535,17,232,-215
207000537,10,61,-51
207000540,4,92,-88
207000541,1,164,-163
207000548,8,96,-88
207000549,245,11,234
207000561,192,195,-3
207000562,21,85,-64
207000567,92,204,-112
207000568,235,42,193
207000569,596,323,273
207000584,130,198,-68
207000585,27,299,-272
207000616,0,57,-57
207000617,168,0,168
207900008,334,75,259
208000001,555,1168,-613
208000002,566,494,72
208000003,1169,337,832
208000004,848,656,192
208000005,11,14,-3
208000019,740,695,45
208000020,166,351,-185
208000021,276,233,43
208000022,1079,360,719
208000028,823,1025,-202
208000033,581,421,160
208000034,959,1268,-309
208000040,168,160,8
208000041,795,577,218
208000042,814,559,255
208000047,162,159,3
208000064,2143,1310,833
208000066,1574,2512,-938
208000070,432,285,147
208000071,610,523,87
208000072,464,852,-388
208000080,314,268,46
208000081,365,87,278
208000082,316,151,165
208000083,151,202,-51
208000084,20,12,8
208000085,619,477,142
208000086,511,813,-302
208000087,319,554,-235
208000089,1033,291,742
208000090,932,360,572
208000093,172,120,52
208000094,559,337,222
208000095,692,424,268
208000104,1234,616,618
208000105,771,825,-54
208000114,116,408,-292
208000115,479,294,185
208000116,722,1007,-285
208000117,185,113,72
208000118,78,114,-36
208000155,657,970,-313
208000158,1231,3232,-2001
208000186,2304,3500,-1196
208000204,672,956,-284
208000205,1301,744,557
208000282,3270,2730,540
209000004,514,193,321
209000005,75,47,28
209000006,497,206,291
209000007,235,311,-76
209000010,331,139,192
209000011,118,245,-127
209000012,120,94,26
209000013,198,152,46
209000014,368,522,-154
209000025,422,37,385
209000026,897,77,820
209000027,371,425,-54
209000028,328,344,-16
209000029,412,510,-98
209000030,309,696,-387
209000031,1484,1133,351
209000034,158,164,-6
209000035,115,117,-2
209000036,194,75,119
209000037,279,157,122
209000038,115,85,30
209000039,70,94,-24
209000040,268,450,-182
209000041,123,323,-200
209000042,260,247,13
209000043,680,622,58
209000044,336,713,-377
209000045,964,407,557
209000046,510,475,35
209000047,407,179,228
209000048,600,391,209
209000049,94,40,54
209000050,138,54,84
209000051,217,124,93
209000052,105,107,-2
209000062,31,63,-32
209000063,56,38,18
209000064,27,19,8
209000065,134,20,114
209000066,113,13,100
209000067,132,27,105
209000080,53,164,-111
209000082,83,20,63
209000091,24,79,-55
209000093,33,13,20
209000094,76,143,-67
209000110,34,108,-74
209000111,619,1574,-955
209000112,1384,444,940
209000113,1830,506,1324
209000114,1001,462,539
209000115,65,61,4
209000116,281,218,63
209000118,13,39,-26
209000119,11,7,4
209000121,94,292,-198
209000135,56,176,-120
209000142,634,1804,-1170
209000143,37,55,-18
209000144,59,110,-51
209000229,212,134,78
209000240,34,134,-100
209000259,32,64,-32
209000260,40,948,-908
209000261,3,613,-610
209000262,9,414,-405
209000263,0,104,-104
209000264,0,200,-200
209000265,366,4,362
209000266,173,1,172
209000267,1969,8,1961
209000268,655,66,589
210000037,82,19,63
210000047,60,14,46
210000048,136,24,112
210000049,55,7,48
210000052,74,60,14
210000053,47,37,10
210000054,54,54,0
210000070,168,4,164
210000071,79,1,78
210000072,39,0,39
210000073,0,22,-22
210000074,2,80,-78
210000075,6,85,-79
210000076,15,141,-126
210000077,10,54,-44
210000078,27,79,-52
210000079,15,10,5
210000080,36,62,-26
210000081,206,25,181
210000082,148,2,146
210000083,62,3,59
210000084,54,0,54
210000085,1,48,-47
210000086,1,60,-59
210000099,61,238,-177
210000100,44,139,-95
210000101,56,103,-47
210000105,38,173,-135
210000159,1,201,-200
210000163,110,175,-65
210000164,214,231,-17
210000168,110,49,61
210000187,0,19,-19
210000188,0,17,-17
210000214,20,1,19
210000219,45,66,-21
210000220,143,15,128
210000232,5,21,-16
210000233,37,32,5
210000234,31,77,-46
210000235,98,53,45
210000245,0,70,-70
210000246,25,0,25
210000258,18,88,-70
210000259,314,59,255
210000282,87,218,-131
210000285,0,110,-110
210000286,22,151,-129
210000295,49,110,-61
210000296,59,25,34
210000320,244,52,192
210000321,165,51,114
210000338,66,47,19
210000339,227,895,-668
210000340,108,389,-281
210000341,207,240,-33
210000342,198,212,-14
210000343,154,161,-7
210000344,130,78,52
210000345,90,171,-81
210000346,37,87,-50
210000347,29,28,1
210000348,103,21,82
210000349,30,16,14
210000350,131,57,74
210000351,123,59,64
210000352,74,32,42
210000353,48,55,-7
210000354,69,28,41
210000355,27,32,-5
210000356,7,26,-19
210000357,31,34,-3
210000358,103,108,-5
210000359,54,68,-14
210000360,147,94,53
210000361,191,121,70
210000362,277,169,108
210000363,390,237,153
210000364,82,129,-47
210000365,126,55,71
210000366,95,43,52
210000367,59,27,32
210000368,142,36,106
210000369,11,16,-5
210000370,54,32,22
210000372,5,18,-13
210000373,21,24,-3
210000374,52,31,21
210000375,36,31,5
210000376,49,59,-10
210000404,29,86,-57
210000439,27,26,1
210000472,68,6,62
210000482,63,140,-77
210000564,120,274,-154
210000568,220,0,220
211000092,45,22,23
211000094,39,4,35
211000169,199,23,176
211000172,12,63,-51
211000209,4,18,-14
211000275,25,6,19
211000276,110,39,71
211000279,25,15,10
211000281,140,17,123
211507980,2,26,-24
211977296,48,1,47
212000003,96,19,77
212000004,9,21,-12
212000005,9,21,-12
212000006,28,46,-18
212000008,159,93,66
212000009,31,63,-32
212000012,82,37,45
212000013,35,23,12
212000014,275,103,172
212000015,289,163,126
212000016,504,468,36
212000027,566,290,276
212000028,359,271,88
212000029,230,182,48
212000030,59,16,43
212000031,46,25,21
212000048,41,263,-222
212000049,30,163,-133
212000050,22,10,12
212000051,228,120,108
212000052,180,148,32
212000053,338,282,56
212000054,369,54,315
212000055,340,134,206
212000056,16,28,-12
212000057,16,25,-9
212000058,111,17,94
212000070,102,137,-35
212000077,97,313,-216
212000099,306,194,112
212000108,199,96,103
212000111,193,41,152
212000120,83,45,38
212000138,119,23,96
212000156,1,80,-79
212000158,4,20,-16
212000159,510,38,472
212000160,801,166,635
212000161,59,1,58
212000310,60,15,45
212000311,23,39,-16
212000374,40,16,24
213000001,22,353,-331
213000005,535,115,420
213000006,851,249,602
213000007,72,12,60
213000009,480,412,68
213000010,203,252,-49
213000011,236,93,143
213000012,168,206,-38
213000014,75,11,64
213000015,279,3,276
213000016,538,4,534
213000017,88,2,86
213000018,1,73,-72
213000019,0,75,-75
213000020,121,243,-122
213000021,2,94,-92
213000023,424,217,207
213000033,338,1504,-1166
213000034,557,201,356
213000035,95,158,-63
213000045,196,246,-50
213000046,173,166,7
213000047,467,1170,-703
213000056,115,22,93
213000069,79,3,76
213000073,0,25,-25
213000074,53,250,-197
213000075,514,9,505
213000085,8,59,-51
213000086,24,130,-106
213000091,355,39,316
213000092,26,12,14
213000099,138,1024,-886
213000100,986,226,760
213000101,520,96,424
213000102,537,151,386
213000103,879,668,211
213000104,47,313,-266
213000105,2,198,-196
213000106,21,77,-56
213000107,133,258,-125
213000108,28,317,-289
213000109,11,164,-153
213000110,20,61,-41
213000111,8,59,-51
213000112,94,101,-7
213000115,52,6,46
213000116,61,237,-176
213000117,8,399,-391
213000118,649,260,389
213000119,27,390,-363
213000120,107,301,-194
213000122,96,345,-249
213000123,253,805,-552
213000124,133,1080,-947
213000125,184,20,164
213000126,47,101,-54
213000127,83,260,-177
213000128,236,1066,-830
213000129,341,706,-365
213000130,1002,293,709
213000132,658,81,577
213000133,761,83,678
213000134,997,14,983
213000136,621,13,608
213000137,717,55,662
213000139,81,17,64
213000147,40,5,35
213000148,15,0,15
213000149,12,4,8
213000150,0,146,-146
213000151,2,150,-148
213000152,0,107,-107
213000153,4,100,-96
213000154,40,378,-338
213000155,77,197,-120
213000156,189,328,-139
213000157,831,303,528
213000158,530,775,-245
213000159,772,334,438
213000163,1416,131,1285
213000165,975,312,663
213000171,0,43,-43
213000172,3,142,-139
213000173,3,150,-147
213000174,8,107,-99
213000175,20,80,-60
213000176,325,36,289
213000177,241,11,230
213000178,250,3,247
213000179,295,3,292
213000180,233,4,229
213000184,82,433,-351
213000188,451,88,363
213000189,587,31,556
213000190,994,581,413
213000191,464,269,195
213000192,299,169,130
213000193,410,311,99
213000194,0,76,-76
213000195,42,298,-256
213000196,315,1141,-826
213000197,477,379,98
213000198,60,3,57
213000200,81,518,-437
213000201,21,37,-16
213000202,20,357,-337
213000203,2234,546,1688
213000204,763,39,724
213000205,542,58,484
213000206,399,37,362
213000207,48,7,41
213000208,63,3,60
213000209,136,0,136
213000210,219,2,217
213000211,5,27,-22
213000212,5,17,-12
213000213,4,29,-25
213000218,279,327,-48
213000219,613,14,599
213000220,536,7,529
213000223,167,200,-33
213000224,23,31,-8
213000225,90,8,82
213000226,66,14,52
213000227,977,165,812
213000228,536,66,470
213000229,74,18,56
213000230,345,25,320
213000232,23,711,-688
213000233,15,759,-744
213000234,1,12,-11
213000293,14,69,-55
213000294,110,21,89
213000295,7,77,-70
213000296,32,17,15
213000297,6,79,-73
213000298,26,81,-55
213000299,42,13,29
213000300,5,4,1
213000303,3,15,-12
213000304,2,10,-8
213000305,0,29,-29
213000306,27,43,-16
213000307,100,74,26
213000308,99,124,-25
213000309,157,60,97
213000310,559,193,366
213000311,190,726,-536
213000315,62,68,-6
213000316,165,33,132
213000322,115,76,39
213000323,134,44,90
213000324,191,104,87
213000325,171,83,88
213000326,214,60,154
213000327,155,89,66
213000328,116,160,-44
213000329,185,50,135
213000340,142,295,-153
213000341,734,89,645
213000347,505,559,-54
213000348,6,121,-115
213000349,10,16,-6
213000350,280,626,-346
213000366,61,177,-116
213000367,253,8,245
213000379,79,83,-4
213000386,5,251,-246
213000406,90,265,-175
213000417,1385,484,901
213000425,288,27,261
213000426,190,28,162
213000427,48,126,-78
213000428,53,114,-61
213000429,15,2,13
213000430,152,407,-255
213000431,26,2,24
213000432,11,41,-30
213000433,26,136,-110
213000434,152,89,63
213000435,181,74,107
213000436,62,31,31
213000437,6,35,-29
213000438,181,79,102
213000439,55,19,36
213000440,21,265,-244
213000441,5,3,2
213000442,13,44,-31
213000443,425,207,218
213000444,42,74,-32
213000445,0,66,-66
213000446,0,33,-33
213000447,11,40,-29
213000448,8,156,-148
213000449,608,9,599
213000450,23,31,-8
213000451,338,88,250
213000452,31,18,13
213000453,37,236,-199
213000455,227,12,215
213000456,0,228,-228
213000481,7,5,2
213000484,23,0,23
213000489,243,38,205
213900002,0,106,-106
213900003,122,20,102
213900013,2,66,-64
213900015,0,11,-11
213900016,10,16,-6
213900020,14,36,-22
213900030,1,29,-28
213900032,192,189,3
213900033,129,39,90
213900034,806,87,719
213900035,257,183,74
213900036,145,85,60
213900037,54,208,-154
213900038,525,140,385
213900039,0,46,-46
213900041,5,124,-119
213900042,216,361,-145
213900043,325,129,196
213900244,66,0,66
213900245,0,22,-22
218000003,20,12,8
218000004,40,23,17
218000005,16,28,-12
218000006,49,31,18
218000007,11,11,0
218000012,120,101,19
218000013,180,229,-49
218000014,434,512,-78
218000019,822,799,23
218000020,282,436,-154
218000021,37,36,1
218000022,22,11,11
218000023,4,18,-14
218000024,2,5,-3
218000025,4,10,-6
218000026,9,19,-10
218000027,1,12,-11
218000028,1,7,-6
218000029,1,1,0
218000030,13,18,-5
218000031,7,15,-8
218000032,1,15,-14
218000039,65,50,15
218000040,7,4,3
218000046,39,62,-23
218000047,14,89,-75
218000048,52,59,-7
218000049,70,43,27
218000050,282,146,136
218000051,91,185,-94
218000052,2,64,-62
218000053,2,8,-6
218000054,10,76,-66
218000055,5,28,-23
218000056,14,35,-21
218000057,1,27,-26
218000064,3,43,-40
218000065,207,47,160
218000066,28,121,-93
218000067,91,79,12
218000068,202,123,79
218000069,333,138,195
218000070,289,241,48
218000071,250,233,17
218000072,308,245,63
218000078,778,373,405
218000079,229,75,154
218000080,235,81,154
218000081,694,219,475
218000082,85,102,-17
218000083,124,65,59
218000084,238,127,111
218000085,246,285,-39
218000086,120,104,16
218000087,290,143,147
218000090,7,78,-71
218000091,776,173,603
218000092,136,157,-21
218000093,67,64,3
218000094,184,151,33
218000099,308,1131,-823
218000100,359,447,-88
218000101,371,199,172
218000102,681,198,483
218000103,173,169,4
218000104,112,61,51
218000105,121,64,57
218000107,133,57,76
218000108,18,55,-37
218000112,171,135,36
218000117,193,273,-80
218000134,554,351,203
218000135,26,61,-35
218000136,128,97,31
218000137,187,64,123
218000138,67,92,-25
218000139,205,270,-65
218000140,521,231,290
218000141,89,99,-10
218000142,158,121,37
218000143,62,208,-146
218000144,50,98,-48
218000145,566,351,215
218000146,223,246,-23
218000151,8,14,-6
218000152,140,41,99
218000153,10,5,5
218000154,11,7,4
218000155,29,7,22
218000156,84,7,77
218000157,44,25,19
218000158,8,8,0
218000159,8,5,3
218000160,3,4,-1
218000161,57,4,53
218000162,42,7,35
218000163,13,3,10
218000164,64,5,59
218000165,142,29,113
218000170,9,23,-14
218000171,37,9,28
218000172,9,13,-4
218000173,19,28,-9
218000174,19,12,7
218000176,300,44,256
218000177,437,242,195
218000178,112,200,-88
218000179,162,78,84
218000180,112,55,57
218000181,234,36,198
218000187,13,33,-20
218000188,17,46,-29
218000189,24,44,-20
218000190,13,18,-5
218000191,207,31,176
218000192,426,151,275
218000193,668,290,378
218000194,151,250,-99
218000195,150,78,72
218000196,496,380,116
218000197,552,348,204
218000198,8,92,-84
218000199,55,23,32
218000200,82,19,63
218000201,20,5,15
218000202,55,196,-141
218000207,2,9,-7
218000208,28,17,11
218000211,28,17,11
218000212,4,13,-9
218000213,82,120,-38
218000214,11,60,-49
218000215,25,40,-15
218000217,2,37,-35
218000218,238,52,186
218000219,16,37,-21
218000220,56,309,-253
218000221,462,173,289
218000222,4,17,-13
218000223,37,537,-500
218000224,16,169,-153
218000225,218,16,202
218000226,204,59,145
218000230,0,3,-3
218000232,68,48,20
218000234,49,15,34
218000239,119,20,99
218000240,10,3,7
218000241,18,2,16
218000242,14,10,4
218000243,14,6,8
218000244,37,7,30
218000245,38,3,35
218000246,0,0,0
218000247,3,0,3
218000248,0,62,-62
218000249,0,1,-1
218000250,1,19,-18
218000251,4,42,-38
218000252,3,102,-99
218000253,0,97,-97
218000254,0,50,-50
218000255,1,40,-39
218000256,13,74,-61
218000267,88,361,-273
218000268,11,27,-16
218000269,3,8,-5
218000270,21,7,14
218000271,8,19,-11
218000273,28,5,23
218000274,16,0,16
218000275,28,38,-10
218000276,12,13,-1
218000278,8,27,-19
218000279,31,23,8
218000280,2,9,-7
218000281,6,14,-8
218000282,253,220,33
218000284,64,4,60
218000301,181,120,61
218000302,143,54,89
218000303,7,35,-28
218000316,727,625,102
218000317,1353,568,785
218000318,922,386,536
218000319,971,549,422
218000320,769,426,343
218000338,27,14,13
218000339,27,13,14
218000342,119,94,25
218000343,215,46,169
218000345,5,7,-2
218000346,9,35,-26
218000353,80,9,71
218000354,85,70,15
218000459,29,183,-154
218000490,29,34,-5
218000501,260,69,191
218000502,111,63,48
218000503,228,49,179
218000504,264,79,185
218000505,136,145,-9
218000506,81,405,-324
218000508,3,14,-11
218000510,324,44,280
218000520,138,208,-70
218000522,1,165,-164
218000523,143,0,143
218000524,7,234,-227
218000525,66,16,50
218000526,35,161,-126
218000530,20,8,12
218000531,55,46,9
218000532,75,23,52
218000537,4,6,-2
218000538,112,176,-64
218000539,133,28,105
218000540,140,82,58
218000543,186,39,147
218000544,19,39,-20
218000545,104,53,51
218000546,69,42,27
218000547,121,150,-29
218000548,164,105,59
218000549,637,524,113
218000550,205,160,45
218000551,55,656,-601
218000552,250,60,190
218000553,3,35,-32
218000554,3,17,-14
218000555,23,24,-1
218000556,41,118,-77
218000557,386,27,359
218000558,53,0,53
218000559,1,22,-21
218000560,0,16,-16
218000561,11,0,11
218000562,25,120,-95
218000563,182,14,168
218000564,8,109,-101
218000565,111,45,66
218000566,89,40,49
218000567,0,100,-100
218000568,13,4,9
218000569,6,234,-228
218000570,46,10,36
218000571,2,90,-88
218000572,101,5,96
218000573,3,125,-122
218000574,29,32,-3
218000575,88,1,87
218000576,0,55,-55
218000577,97,2,95
218000578,2,64,-62
218000579,6,6,0
218000581,7,42,-35
218000582,48,3,45
218000583,6,0,6
218000584,0,22,-22
218000585,44,8,36
218000586,14,21,-7
218000587,6,1,5
218000588,3,4,-1
218000589,1,10,-9
218000590,4,0,4
218000591,0,6,-6
218000592,1,1,0
218000593,0,2,-2
218000594,1,3,-2
218000595,7,2,5
218000596,0,0,0
218000597,0,0,0
218000598,0,0,0
218000599,0,2,-2
218000600,0,0,0
218000601,0,0,0
218000602,0,5,-5
218000603,0,6,-6
218000604,3,0,3
218000605,0,20,-20
218000606,69,1,68
218000607,9,41,-32
218000608,55,25,30
218000609,7,33,-26
218000610,54,4,50
218000611,49,0,49
218000612,1,20,-19
218000613,47,1,46
218000614,1,29,-28
218000615,190,0,190
218000616,10,89,-79
218000617,24,1,23
218000618,2,19,-17
218000619,53,18,35
218000620,10,31,-21
218000621,0,0,0
218000622,0,10,-10
218000623,8,0,8
218000624,0,8,-8
218000625,4,0,4
218000626,0,6,-6
218000628,125,65,60
218000632,3,98,-95
218000633,73,0,73
218000634,7,11,-4
218000635,15,8,7
218000636,780,575,205
218000637,1062,263,799
218000638,331,28,303
218000639,19,96,-77
218000640,358,21,337
218000641,63,176,-113
218000652,37,36,1
218000653,196,51,145
218000675,12,10,2
218000676,1,27,-26
218000677,23,5,18
218000703,3,18,-15
218000718,78,724,-646
218000719,191,515,-324
218000720,2,169,-167
218000721,38,9,29
218000725,13,5,8
218001214,6,40,-34
219000001,48,49,-1
219000002,31,62,-31
219000003,83,58,25
219000004,48,54,-6
219000017,74,27,47
219000020,182,32,150
219000022,111,8,103
219000023,94,2,92
219000029,0,51,-51
219000034,31,28,3
219000039,77,113,-36
219000040,63,74,-11
219000041,129,13,116
219000051,0,25,-25
219000052,0,19,-19
219000053,0,93,-93
219000054,300,341,-41
219000055,258,2,256
219000056,7,2,5
219000057,110,0,110
219000062,8,30,-22
219000063,69,11,58
219000110,410,78,332
219000111,111,49,62
219000112,192,42,150
219000113,205,34,171
219000114,155,66,89
219000116,75,36,39
219000117,120,37,83
219000118,110,42,68
219000123,125,39,86
219000124,88,60,28
219000125,23,16,7
219000126,56,85,-29
219000127,0,3,-3
219000128,13,92,-79
219000129,30,98,-68
219000130,196,371,-175
219000131,520,910,-390
219000133,41,69,-28
219000134,6,19,-13
219000135,29,103,-74
219000136,57,195,-138
219000138,70,19,51
219000139,64,27,37
219000140,106,2,104
219000141,46,60,-14
219000142,7,35,-28
219000143,12,44,-32
219000145,10,35,-25
219000146,7,29,-22
219000147,2,18,-16
219000148,2,7,-5
219000149,9,36,-27
219000150,1,37,-36
219000151,1,31,-30
219000157,216,89,127
219000158,166,117,49
219000161,131,11,120
219000163,923,420,503
219000166,149,202,-53
219000167,122,106,16
219000168,275,96,179
219000174,434,136,298
219000175,158,9,149
219000176,112,9,103
219000177,67,1,66
219000178,73,2,71
219000179,33,12,21
219000180,30,25,5
219000182,177,18,159
219000183,83,15,68
219000184,92,10,82
219000185,1,49,-48
219000186,99,25,74
219000187,41,60,-19
219000189,39,177,-138
219000190,56,220,-164
219000191,298,1217,-919
219000192,170,131,39
219000193,165,137,28
219000195,2,35,-33
219000196,6,78,-72
219000198,9,79,-70
219000199,35,136,-101
219000200,40,109,-69
219000201,46,106,-60
219000203,27,81,-54
219000204,75,200,-125
219000205,38,205,-167
219000207,55,202,-147
219000209,40,45,-5
219000210,30,51,-21
219000213,7,136,-129
219000239,167,290,-123
219000240,138,343,-205
219000241,160,111,49
219000242,27,89,-62
219000243,53,175,-122
219000244,21,52,-31
219000245,31,14,17
219000246,24,14,10
219000247,197,40,157
219000248,449,327,122
219000249,139,75,64
219000250,167,114,53
219000251,533,202,331
219000252,202,146,56
219000253,378,81,297
219000255,140,86,54
219000256,275,66,209
219000257,125,0,125
219000262,78,68,10
219000263,45,63,-18
219000267,6,53,-47
219000268,2,4,-2
219000269,0,1,-1
219000270,12,0,12
219000271,109,7,102
219000278,1,1,0
219000279,1,3,-2
219000283,1,8,-7
219000295,20,60,-40
219000296,93,238,-145
219000297,17,63,-46
219000298,11,86,-75
219000299,475,78,397
219000300,22,89,-67
219000301,175,259,-84
219000302,21,237,-216
219000307,37,20,17
219000308,49,46,3
219000311,194,46,148
219000312,518,145,373
219000313,380,47,333
219000314,28,204,-176
219000315,328,46,282
219000316,665,81,584
219000317,131,10,121
219000320,0,42,-42
219000321,0,21,-21
219000323,1,50,-49
219000325,0,10,-10
219000326,82,48,34
219000327,52,20,32
219000328,21,32,-11
219000329,321,120,201
219000330,33,16,17
219000331,58,29,29
219000332,185,83,102
219000333,39,1,38
219000335,113,2,111
219000337,24,0,24
219000338,39,0,39
219000344,12,52,-40
219000345,43,40,3
219000346,32,40,-8
219000348,185,70,115
219000349,36,106,-70
219000350,122,258,-136
219000351,4,15,-11
219000352,351,107,244
219000353,115,57,58
219000354,277,46,231
219000355,139,40,99
219000356,565,1387,-822
219000363,185,60,125
219000364,75,61,14
219000365,93,11,82
219000366,181,370,-189
219000368,275,574,-299
219000370,879,658,221
219000371,17,14,3
219000382,8,21,-13
219000383,314,1173,-859
219000385,334,408,-74
219000386,467,1246,-779
219000387,2,12,-10
219000390,2,1,1
219000391,1,0,1
219000397,69,36,33
219000398,52,64,-12
219000401,10,69,-59
219000402,26,72,-46
219000403,115,365,-250
219000404,16,155,-139
219000409,62,36,26
219000410,149,33,116
219000411,70,8,62
219000446,73,308,-235
219000447,0,7,-7
219000448,9,11,-2
219000452,96,73,23
219000453,42,175,-133
219000454,205,325,-120
219000556,316,63,253
219000558,91,75,16
219000590,18,161,-143
219000591,124,66,58
219000592,71,197,-126
219000595,2,21,-19
219000635,185,32,153
219000636,22,39,-17
219000657,22,30,-8
219000658,29,163,-134
219000673,0,33,-33
219000676,5,13,-8
219000679,28,8,20
219000684,111,1,110
219000685,0,24,-24
219000686,0,2,-2
219000688,1,49,-48
219000689,26,267,-241
219000690,284,59,225
219000693,1,16,-15
219000694,36,0,36
219000695,28,4,24
219000698,25,0,25
219000699,0,21,-21
219000727,6,89,-83
219000728,73,2,71
219000770,29,1,28
219000771,0,21,-21
219001150,1,34,-33
219001151,4,5,-1
220000001,35,55,-20
220000002,8,46,-38
220000003,214,135,79
220000004,301,268,33
220000005,707,1701,-994
220000006,151,646,-495
220000007,433,242,191
220000008,360,332,28
220000009,224,238,-14
220000010,110,64,46
220000011,363,3203,-2840
220000012,41,277,-236
220000014,93,49,44
220000015,19,206,-187
220000017,51,199,-148
220000018,3324,1347,1977
220000019,88,283,-195
220000020,407,162,245
220000021,659,132,527
220000022,872,308,564
220000023,325,166,159
220000024,1250,377,873
220000025,919,1537,-618
220000026,322,573,-251
220000027,17,104,-87
220000028,47,23,24
220000029,29,93,-64
220000030,42,57,-15
220000031,594,285,309
220000064,18,890,-872
221000046,0,0,0
221000047,0,0,0
221000048,0,1,-1
221000049,1,4,-3
221000050,13,0,13
221000055,18,52,-34
221000057,66,8,58
221000068,309,81,228
221000069,336,62,274
221000070,239,30,209
221000071,104,8,96
221000072,202,4,198
221000073,137,38,99
221000074,0,4,-4
221000075,5,12,-7
221000076,5,9,-4
221000077,11,53,-42
221000081,12,7,5
221000082,75,1,74
221000083,13,2,11
221000084,3,3,0
221000085,6,43,-37
221000086,11,53,-42
221000087,6,76,-70
221000088,15,126,-111
221000089,31,202,-171
221000090,57,421,-364
221000098,89,22,67
221000099,154,24,130
221000100,97,16,81
221000101,194,7,187
221000102,141,9,132
221000109,8,64,-56
221000110,6,49,-43
221000111,19,88,-69
221000112,3,79,-76
221000113,20,99,-79
221000114,11,93,-82
221000120,52,44,8
221000121,7,86,-79
221000122,36,76,-40
221000123,2,8,-6
221000124,20,107,-87
221000155,173,16,157
221000156,18,39,-21
221000175,0,8,-8
221000176,0,1,-1
221000182,49,4,45
221000241,416,231,185
221000242,144,296,-152
221000243,453,157,296
221000244,250,327,-77
221000245,66,60,6
221000246,40,163,-123
221000247,61,49,12
221000248,127,71,56
221000267,86,437,-351
221000325,42,82,-40
221000331,8,54,-46
221000338,8,31,-23
221000378,237,16,221
221000381,38,30,8
222000282,4,7,-3
222000296,5,16,-11
222000568,462,25,437
222000569,276,65,211
222000570,142,29,113
222000571,486,28,458
222000577,24,69,-45
222000578,45,114,-69
222000579,23,85,-62
222000580,63,532,-469
222000599,0,100,-100
222000600,1,182,-181
222000601,3,549,-546
222000603,12,47,-35
222000604,1,27,-26
222000605,14,37,-23
222000606,1,17,-16
222000607,4,7,-3
222000608,30,9,21
222000609,69,60,9
222000616,658,30,628
222000617,5,19,-14
222000618,10,4,6
222000620,11,5,6
222000621,30,14,16
222000623,591,7,584
222000624,448,1,447
222000625,642,12,630
222000636,80,5,75
222000686,16,30,-14
222000687,59,20,39
222001066,290,2,288
222001067,20,1,19
222001068,76,20,56
222001069,86,39,47
222001082,26,16,10
222001083,38,11,27
222001084,0,20,-20
222001085,1,214,-213
222001111,97,63,34
222001112,205,31,174
222001313,34,6,28
222001314,13,115,-102
222001464,58,40,18
222001465,10,38,-28
222001484,166,38,128
222001485,25,27,-2
222001494,715,120,595
222001495,150,108,42
222001496,371,61,310
222001497,100,198,-98
222001502,21,53,-32
222001503,154,56,98
222001504,30,251,-221
222001505,417,16,401
222001506,76,324,-248
222001507,375,30,345
222001510,771,46,725
222001511,54,187,-133
222001514,779,184,595
222001515,210,297,-87
222001518,480,90,390
222001519,55,116,-61
222001527,199,46,153
222001528,32,129,-97
222001529,510,26,484
222001530,97,104,-7
222001533,137,183,-46
222001534,565,57,508
222001535,283,243,40
222001536,59,94,-35
222001537,394,51,343
222001538,89,282,-193
222001563,1019,109,910
222001564,79,256,-177
222001568,190,193,-3
222001576,0,3,-3
222001579,0,12,-12
222001583,16,100,-84
222001584,114,1,113
222001596,543,1032,-489
222001597,1609,355,1254
222001626,0,93,-93
222001650,23,227,-204
222001651,40,676,-636
222001914,254,47,207
222001915,39,150,-111
222900004,522,259,263
222900009,260,361,-101
222900019,174,189,-15
222900024,28,6,22
222900025,3,17,-14
225000001,417,124,293
225000002,601,164,437
225000003,843,73,770
225000004,451,158,293
225000005,77,50,27
225000006,1,153,-152
225000007,898,945,-47
225000010,371,24,347
225000011,266,1087,-821
225000012,240,658,-418
225000013,93,100,-7
225000014,690,95,595
225000015,85,79,6
225000021,779,136,643
225000027,160,308,-148
225000032,601,120,481
225000042,55,357,-302
225000049,64,36,28
225000050,110,7,103
225000053,3,253,-250
225000058,596,179,417
225000067,180,94,86
225000068,113,181,-68
225000069,97,314,-217
225000070,101,216,-115
225000071,38,88,-50
225000075,18,500,-482
225000076,40,96,-56
225000078,43,33,10
225000085,111,114,-3
225000086,269,59,210
225000087,133,18,115
225000088,7,154,-147
225000089,156,855,-699
225000090,71,359,-288
225000091,140,114,26
225000092,23,64,-41
225000093,184,173,11
225000094,6,116,-110
225000095,271,230,41
225000096,182,303,-121
225000098,737,278,459
225000099,430,146,284
225000100,491,105,386
225000104,104,258,-154
225000110,15,202,-187
225000111,189,594,-405
225000112,181,730,-549
225000113,169,449,-280
225000114,88,186,-98
225000115,761,449,312
225000116,643,201,442
225000117,652,235,417
225000118,1111,287,824
225000119,307,75,232
225000120,747,36,711
225000121,151,19,132
225000123,540,18,522
225000125,413,84,329
225000126,503,100,403
225000127,513,1458,-945
225000128,395,843,-448
225000132,361,29,332
225000133,239,36,203
225000134,619,169,450
225000135,58,5,53
225000136,346,15,331
225000137,246,59,187
225000138,326,138,188
225000143,54,145,-91
225000144,5,216,-211
225000145,47,9,38
225000146,46,51,-5
225000147,20,119,-99
225000148,8,105,-97
225000149,57,248,-191
225000151,26,118,-92
225000155,283,205,78
225000156,161,670,-509
225000157,242,223,19
225000158,46,134,-88
225000171,1,92,-91
225000180,36,0,36
225000181,1,53,-52
225000182,62,3,59
225000185,2,360,-358
225000187,37,291,-254
225000191,85,4,81
225000194,0,5,-5
225000208,0,34,-34
225000209,139,15,124
225000210,13,238,-225
225000217,0,8,-8
225000218,9,2,7
225000223,0,28,-28
225000224,34,0,34
225000225,1,16,-15
225000226,9,1,8
225000227,35,46,-11
225000228,5,12,-7
225000229,0,48,-48
225000230,70,2,68
225000231,0,24,-24
225000232,138,1,137
225000241,35,2,33
225000242,0,36,-36
225000249,2,0,2
225000250,36,319,-283
225000251,372,27,345
225000254,3,3,0
225000256,0,24,-24
225000257,0,12,-12
226000042,199,255,-56
226000043,42,191,-149
226000044,97,262,-165
226000045,53,152,-99
226000046,502,50,452
226000047,347,91,256
226000048,343,71,272
226000049,231,188,43
226000070,0,16,-16
226000071,0,37,-37
226000072,0,6,-6
226000073,0,7,-7
226000074,0,7,-7
226000084,4,30,-26
226000085,0,15,-15
226000086,0,8,-8
226000087,7,12,-5
226000088,32,44,-12
226000090,214,102,112
226000091,20,59,-39
226000092,4,30,-26
226000093,25,0,25
226000094,4,5,-1
226000095,12,2,10
226000105,6,6,0
226000106,12,1,11
226000107,7,0,7
226000108,41,1,40
226000109,110,0,110
226000124,141,33,108
226000134,1025,396,629
226000135,1771,473,1298
226000136,662,376,286
226000137,4,194,-190
226000138,3,53,-50
226000139,5,20,-15
226000156,195,2,193
226000157,245,9,236
226000163,84,203,-119
226000202,19,141,-122
226000231,186,15,171
226000232,35,8,27
227000033,361,64,297
227000036,494,44,450
227000037,513,37,476
227000038,134,26,108
227000084,2,50,-48
227000085,0,49,-49
227000088,50,1,49
227000089,69,2,67
227000090,25,1,24
227000091,13,1,12
227000092,20,0,20
227000093,125,0,125
227000094,11,0,11
227000130,13,110,-97
227000131,24,105,-81
227000132,5,154,-149
227000133,11,134,-123
227000134,11,165,-154
227000152,0,3,-3
227000153,0,49,-49
227000154,0,22,-22
227000155,0,7,-7
227000156,0,10,-10
227000165,5,71,-66
227000196,508,140,368
227000199,478,216,262
227000230,12,122,-110
227000232,684,14,670
227000242,45,271,-226
227000243,539,67,472
227000245,16,246,-230
227000246,118,236,-118
227000247,507,66,441
227000248,101,23,78
227000249,23,54,-31
227000250,266,116,150
227000251,74,101,-27
227000252,19,148,-129
227000253,167,19,148
227000262,483,55,428
227000266,1554,19,1535
227000267,31,652,-621
227000282,8,91,-83
227000284,655,16,639
227000286,3,32,-29
227000291,8,246,-238
227000296,119,405,-286
227000484,168,11,157
227000485,17,481,-464
227000655,240,3,237
227000656,524,37,487
227000657,103,10,93
229000265,20,9,11
229000266,3,0,3
229000267,10,0,10
229000268,18,1,17
229000269,26,0,26
229000274,0,26,-26
229000275,0,25,-25
229000276,0,16,-16
229000277,1,1,0
229000278,0,5,-5
229000295,8,21,-13
229000296,17,9,8
229000297,10,10,0
229000298,7,74,-67
229000320,16,9,7
229000321,15,6,9
229000412,11,46,-35
229000414,5,33,-28
229000415,25,2,23
229000416,2,2,0
229000417,3,13,-10
229000419,93,289,-196
229000440,367,89,278
229000442,21,10,11
229000443,10,1,9
229000444,1,21,-20
229000445,94,7,87
229000446,95,11,84
229000491,7,10,-3
229000492,9,42,-33
229000493,8,45,-37
229000494,42,2,40
229000495,171,7,164
229000496,86,5,81
229000507,1,68,-67
229000508,1,29,-28
229000509,0,48,-48
229000510,2,13,-11
229000511,8,51,-43
229000512,0,12,-12
229000513,0,2,-2
229000514,1,7,-6
229000517,0,9,-9
229000518,23,10,13
229000519,0,6,-6
229000520,8,25,-17
229000521,76,17,59
229000522,7,5,2
229000523,6,2,4
229000524,4,0,4
229000527,1,0,1
229000528,0,0,0
229000529,13,0,13
229000530,98,2,96
229000531,30,2,28
229000532,24,0,24
229000533,87,1,86
229000534,69,0,69
229000564,75,0,75
229000565,24,0,24
229000566,0,8,-8
229000567,0,26,-26
229000582,98,3,95
229000583,5,6,-1
229000584,0,33,-33
229000585,0,35,-35
229000718,0,2,-2
229000719,0,2,-2
229000720,0,4,-4
229000721,0,0,0
229000722,0,4,-4
229000723,0,3,-3
229000724,0,0,0
229000725,0,5,-5
229000738,2,0,2
229000739,1,0,1
229000740,2,0,2
229000741,30,0,30
229000742,8,0,8
229000743,24,0,24
229000744,1,0,1
229000745,0,0,0
229000746,19,0,19
229000847,90,0,90
229000848,32,0,32
229000849,195,0,195
229000851,102,0,102
229000854,0,10,-10
229000856,1,33,-32
229000857,0,21,-21
229000858,0,25,-25
229000919,8,40,-32
229000930,1,247,-246
229000937,99,9,90
229000966,67,33,34
229000981,18,19,-1
229000985,16,26,-10
229000986,0,2,-2
229000987,0,0,0
229000988,1,4,-3
229000989,10,3,7
229000990,3,0,3
229000991,0,1,-1
229000992,15,3,12
229000993,129,37,92
229000998,16,34,-18
229000999,99,24,75
229001034,3,21,-18
229001035,1,4,-3
229001036,5,43,-38
229001037,48,0,48
229001038,0,4,-4
229001039,2,0,2
229001040,0,60,-60
229001041,43,0,43
229001042,14,13,1
229001047,22,22,0
229001050,34,12,22
229001168,0,8,-8
229001200,46,6,40
229001338,5,33,-28
229001394,195,8,187
229001422,153,34,119
229001423,34,88,-54
229001431,37,35,2
229001432,39,52,-13
229001444,264,111,153
229001445,30,126,-96
229001479,22,3,19
229001503,164,58,106
229001504,120,71,49
229001505,93,24,69
229001506,110,59,51
229001509,38,4,34
229001510,5,40,-35
229001545,83,3,80
229001546,11,101,-90
229001553,102,13,89
229001554,53,64,-11
229001630,47,11,36
229001631,18,14,4
229001635,0,5,-5
229001636,3,2,1
229001658,0,107,-107
229001659,70,1,69
229001660,12,4,8
229001661,3,36,-33
229001662,10,0,10
229001663,0,33,-33
229002584,236,183,53
229002831,125,121,4
229002841,10,19,-9
229002842,24,13,11
229002843,90,19,71
229002844,31,47,-16
229002845,16,86,-70
229002846,33,22,11
229002847,1,6,-5
229002848,14,13,1
229002849,1,69,-68
229002850,13,0,13
229002851,20,155,-135
229002852,155,15,140
229002853,127,17,110
229002854,40,57,-17
229002855,7,18,-11
229002856,30,20,10
229002857,13,219,-206
229002858,11,17,-6
229002859,37,92,-55
229002860,154,14,140
229002861,79,34,45
229002862,15,33,-18
229002863,17,8,9
229002864,32,25,7
229002865,11,7,4
229002866,48,26,22
229002867,0,20,-20
229002868,7,4,3
229002869,25,108,-83
229002870,75,18,57
235000067,195,27,168
235000072,82,244,-162
235000080,10,42,-32
235000081,110,84,26
235000082,155,16,139
235000083,325,18,307
235000084,68,10,58
235000085,219,27,192
235000093,8,2,6
235000097,3,5,-2
235000098,45,6,39
235000115,71,62,9
235000116,29,11,18
235000117,307,5,302
235000133,3,468,-465
235000134,7,114,-107
235000206,19,5,14
235000207,4,2,2
235000210,7,4,3
235000212,2,7,-5
235000220,4,4,0
235000221,96,23,73
235000238,17,133,-116
235000239,3,17,-14
235000242,317,961,-644
235000245,293,116,177
235000246,10,48,-38
235000284,9,115,-106
235000295,62,19,43
235000305,224,22,202
235000306,319,6,313
235000307,10,4,6
235000308,26,2,24
235000309,43,0,43
235000310,57,0,57
235000311,143,60,83
235000322,1,42,-41
235000323,1,35,-34
235000324,1,24,-23
235000325,0,9,-9
235000326,6,62,-56
235000351,5,55,-50
235000352,31,37,-6
235000353,5,29,-24
235000354,12,47,-35
235000355,21,49,-28
235000356,62,2,60
235000357,30,2,28
235000358,36,12,24
235000359,17,5,12
235000360,61,18,43
235000361,58,9,49
235000381,35,71,-36
235000382,169,23,146
235000390,8,2,6
235000391,178,22,156
235000392,225,302,-77
235000393,159,153,6
235000395,200,47,153
235000396,723,57,666
235000399,109,28,81
235000400,79,59,20
235000401,11,137,-126
235000402,18,88,-70
235000405,89,162,-73
235000406,34,162,-128
235000407,63,53,10
235000409,138,54,84
235000411,0,23,-23
235000485,0,3,-3
235000486,7,0,7
235000549,100,61,39
235000550,57,98,-41
235000599,111,15,96
235000600,5,15,-10
235000601,15,27,-12
235000602,46,16,30
235000614,0,2,-2
235000648,0,12,-12
235000649,41,5,36
235000815,9,122,-113
235000834,0,6,-6
235000855,40,8,32
235000862,56,86,-30
235000891,0,4,-4
235000892,19,0,19
235000901,64,34,30
235000907,6,12,-6
235001010,117,32,85
235001030,362,220,142
235001078,93,72,21
235001079,37,73,-36
235001147,9,44,-35
235001166,9,39,-30
235001167,53,6,47
235001169,14,256,-242
235001200,52,36,16
235001239,0,14,-14
235016266,3,7,-4
235016267,0,57,-57
235900013,2,4,-2
235900014,4,4,0
241900007,55,2,53
277101746,0,1,-1
277102712,1,0,1
277103813,0,0,0
277103814,0,0,0
277103898,0,5,-5
990010990,33,123,-90
990011530,0,161,-161
990014944,0,300,-300
990015176,24,6,18
990015618,0,74,-74
990015888,21,50,-29
990016032,1,168,-167
990032570,2,378,-376
990070001,66,4,62
990070103,0,4,-4
990070601,1,67,-66
990070751,1368,3,1365
990070766,1,230,-229
990071180,427,158,269
990071343,23,2,21
990071387,1,9,-8
990071823,649,55,594
990072600,0,1261,-1261
990072964,3,310,-307
990073285,0,0,0
990074393,1,520,-519
990074714,17,20,-3
990074870,1543,11,1532
990075106,954,8,946
990075746,591,3,588
990076437,1847,3,1844
990076458,5,284,-279
997000007,408,16,392
997000041,0,177,-177
997000058,48,1,47
997000062,28,3,25
997000069,0,2,-2
997000070,0,22,-22
997000100,63,0,63
997000141,6,1425,-1419
997000198,9,624,-615
998000475,0,13,-13
998000736,0,105,-105
998000965,0,21,-21
998001031,0,77,-77
998001072,355,183,172
998001091,4,8,-4
998001093,8,1,7
998001103,5,4,1
998001105,3,9,-6
998001700,0,3,-3
998001899,0,0,0
998001900,2,3,-1
998003073,883,5,878
998003124,16,5,11
998003125,58,67,-9
998101900,0,0,0
998102850,3,329,-326
998501819,4,0,4
998501820,0,4,-4
998501832,126,48,78
998501927,739,1102,-363
998501929,78,1,77
998501930,36,1,35
998501931,131,6,125
998501932,1,0,1
998501933,60,2,58
998501937,14,0,14
998501944,4,0,4
998501950,0,0,0
998501970,90,8,82
998501971,1,78,-77
998501972,323,9,314
998501973,0,36,-36
998501974,1,165,-164
998501975,95,0,95
998501976,86,1,85
998501977,0,16,-16
998501978,22,1,21
998501979,0,3,-3
998501980,32,0,32
998501981,52,2,50
998501982,0,133,-133
998501983,0,0,0
998502006,0,0,0
998502024,0,4,-4
998502032,0,2,-2
998502062,23,0,23
998502063,0,0,0
998502173,14,0,14
998502269,0,2,-2
998601159,5,70,-65
998601292,0,11,-11
999033574,1,75,-74
999800001,51,6,45
999800002,0,3,-3
999800003,6,2,4
999800004,0,4,-4
999800005,0,7,-7
