ID,insum,outsum,diff
100000001,136,90,46
100000002,1241,1941,-700
100000003,1249,2205,-956
100000004,127,719,-592
100000005,1117,1632,-515
100000006,7,36,-29
100000007,103,157,-54
100000008,0,0,0
100000009,2,27,-25
100000010,1,18,-17
100000011,40,12,28
100000012,0,0,0
100000013,0,0,0
100000014,0,0,0
100000015,244,273,-29
100000016,0,0,0
100000017,0,0,0
100000018,126,84,42
100000019,140,339,-199
100000020,62,354,-292
100000021,2,0,2
100000022,130,228,-98
100000023,36,0,36
100000025,0,4,-4
100000028,18,24,-6
100000029,0,0,0
100000030,0,0,0
100000031,203,618,-415
100000032,207,223,-16
100000033,129,143,-14
100000034,0,0,0
100000035,31,123,-92
100000036,44,65,-21
100000037,34,53,-19
100000038,288,112,176
100000039,107,12,95
100000040,1,15,-14
100000041,64,69,-5
100000042,109,84,25
100000043,30,31,-1
100000044,0,0,0
100000045,0,0,0
100000046,0,0,0
100000047,0,0,0
100000048,0,0,0
100000049,0,0,0
100000051,0,0,0
100000053,3,0,3
100000054,9,9,0
100000055,0,0,0
100000056,13,20,-7
100000057,163,48,115
100000058,0,0,0
100000059,4,2,2
100000060,96,37,59
100000061,105,52,53
100000062,124,60,64
100000063,123,46,77
100000064,160,23,137
100000065,24,13,11
100000066,7,9,-2
100000067,14,16,-2
100000068,15,18,-3
100000069,29,28,1
100000072,0,0,0
100000073,0,0,0
100000075,0,0,0
100000076,218,1046,-828
100000077,25,82,-57
100000078,16,154,-138
100000079,0,121,-121
100000080,1,40,-39
100000081,2,33,-31
100000102,273,1234,-961
100000103,108,122,-14
100000104,100,166,-66
100000105,0,0,0
100000106,89,1475,-1386
100000107,13,332,-319
100000108,0,9,-9
100000109,105,37,68
100000116,83,64,19
100000117,1,98,-97
100000118,359,86,273
100000119,77,69,8
100000121,32,29,3
100000122,139,139,0
100000123,237,114,123
100000124,132,120,12
100000125,73,103,-30
100000126,7,14,-7
100000127,2,15,-13
100000128,3,36,-33
100000129,4,9,-5
100000130,0,0,0
100000131,4,1,3
100000132,16,151,-135
100000133,343,98,245
100000135,120,97,23
100000139,70,116,-46
100000140,0,0,0
100000142,119,54,65
100000143,0,0,0
100000144,0,0,0
100000147,246,1239,-993
100000150,1,23,-22
100000151,88,567,-479
100000153,0,0,0
100000154,0,0,0
100000155,2,48,-46
100000156,20,124,-104
100000157,311,101,210
100000158,34,97,-63
100000159,9,60,-51
100000165,74,10,64
100000169,0,0,0
100000174,0,0,0
100000179,8,33,-25
100000180,0,0,0
100000181,9,0,9
100000188,0,0,0
100000189,176,74,102
100000190,90,279,-189
100000191,6,199,-193
100000192,2,289,-287
100000193,40,62,-22
100000330,0,0,0
100000355,28,4,24
100000362,203,70,133
100000363,2012,2684,-672
100000364,0,0,0
100000365,2971,1474,1497
100000366,554,376,178
100000367,2352,1816,536
100000368,65,77,-12
100000369,135,863,-728
100000370,1,24,-23
100000376,0,0,0
100000379,99,442,-343
100000380,756,1763,-1007
100000384,1503,2480,-977
100000385,137,668,-531
100000386,604,1273,-669
100000387,279,1326,-1047
100000388,1653,1188,465
100000389,1267,2110,-843
100000390,752,423,329
100000391,738,2113,-1375
100000392,159,285,-126
100000393,113,1052,-939
100000394,136,430,-294
100000395,111,265,-154
100000396,348,388,-40
100000397,431,823,-392
100000398,2196,1027,1169
100900002,0,0,0
100900003,0,0,0
100900004,0,0,0
100900005,0,0,0
100900006,0,0,0
100900007,0,0,0
100900008,0,0,0
100900009,0,13,-13
100900010,0,0,0
100900011,0,0,0
100900012,0,0,0
100900013,0,0,0
100900014,0,0,0
100900015,0,0,0
100900016,0,0,0
100900017,0,0,0
100900018,0,0,0
100900019,0,0,0
100900020,0,0,0
100900021,0,0,0
100900022,0,0,0
100900023,0,0,0
100900024,0,0,0
100900025,0,0,0
100900026,0,0,0
100900027,1,0,1
100900028,0,0,0
100900029,0,0,0
100900030,0,0,0
100900031,0,0,0
100900032,0,0,0
100900033,0,0,0
100900034,0,0,0
100900035,0,0,0
100900036,0,0,0
100900037,0,0,0
100900038,0,2,-2
100900039,0,0,0
100900040,0,0,0
100900041,0,0,0
100900042,2,6,-4
100900043,0,0,0
100900044,0,0,0
100900045,0,0,0
100900046,0,0,0
100900047,0,0,0
100900048,0,0,0
100900049,0,0,0
100900050,0,0,0
100900051,0,0,0
100900052,0,0,0
100900053,0,0,0
100900054,0,0,0
100900055,0,0,0
100900056,0,0,0
100900057,0,0,0
100900058,0,0,0
100900059,0,0,0
100900060,0,0,0
100900061,0,0,0
100900062,0,0,0
100900063,0,0,0
100900064,0,0,0
100900065,0,0,0
100900066,0,0,0
100900067,0,0,0
100900068,0,0,0
100900069,0,0,0
100900070,0,0,0
100900071,0,0,0
100900072,0,0,0
100900073,0,0,0
100900074,0,0,0
100900075,0,0,0
100900076,0,0,0
100900077,0,0,0
100900078,0,0,0
100900079,0,0,0
100900080,0,0,0
100900081,0,0,0
100900082,0,0,0
100900083,0,0,0
100900085,0,0,0
100900086,0,0,0
100900088,0,0,0
100900089,0,0,0
100900090,0,0,0
100900091,0,0,0
100900092,0,0,0
100900093,0,0,0
100900094,0,0,0
100900095,0,0,0
100900096,0,0,0
100900097,0,0,0
100900098,0,0,0
100900099,0,0,0
100900100,0,0,0
100900101,0,0,0
100900102,0,0,0
100900103,0,0,0
100900104,0,0,0
100900105,0,0,0
100900106,0,0,0
100900107,0,0,0
100900108,0,0,0
100900109,0,0,0
100900110,0,0,0
100900111,0,0,0
100900112,0,0,0
100900113,0,0,0
100900114,0,0,0
100900115,0,0,0
100900116,0,0,0
100900117,0,0,0
100900118,0,0,0
100900119,0,0,0
100900120,0,0,0
100900121,0,0,0
100900122,0,0,0
100900123,0,0,0
100900124,0,0,0
100900125,0,0,0
100900126,0,0,0
100900127,0,0,0
100900128,0,0,0
100900129,0,0,0
100900131,0,0,0
100900133,0,0,0
100900134,0,0,0
100900135,0,0,0
100900137,0,0,0
100900138,0,0,0
100900139,0,0,0
100900140,0,0,0
100900141,0,0,0
100900142,0,0,0
100900143,0,0,0
100900144,0,0,0
100900145,0,0,0
100900146,0,0,0
100900147,0,0,0
100900148,0,0,0
100900149,0,0,0
100900150,0,0,0
100900151,0,0,0
100900152,0,0,0
100900153,0,0,0
100900154,0,0,0
100900155,0,0,0
100900156,0,0,0
100900157,0,0,0
100900159,0,0,0
100900160,0,0,0
100900161,0,0,0
100900162,0,0,0
100900163,0,0,0
100900164,0,0,0
100900165,0,0,0
100900166,0,0,0
100900167,0,0,0
100900168,0,0,0
100900169,0,0,0
100900170,0,0,0
100900171,0,0,0
100900172,0,0,0
100900173,0,0,0
100900174,0,0,0
100900176,0,0,0
100900177,0,0,0
100900178,0,0,0
100900179,0,0,0
100900180,0,0,0
100900181,0,0,0
100900182,0,0,0
100900184,0,0,0
100900186,0,0,0
100900187,0,0,0
100900188,0,0,0
100900189,0,0,0
100900191,0,0,0
100900192,0,0,0
100900195,0,0,0
100900197,0,0,0
100900198,0,0,0
100900199,0,0,0
100900200,0,0,0
100900201,0,0,0
100900202,0,0,0
100900203,0,0,0
100900204,0,0,0
100900205,0,0,0
100900206,0,0,0
100900207,0,0,0
100900210,0,0,0
100900211,0,0,0
100900213,0,0,0
100900214,0,0,0
100900215,0,0,0
100900217,0,0,0
101000001,160,425,-265
101000002,40,111,-71
101000003,4,125,-121
101000004,1364,1793,-429
101000005,968,1557,-589
101000006,326,70,256
101000007,54,398,-344
101000008,271,787,-516
101000009,175,86,89
101000010,84,73,11
101000011,18,68,-50
101000012,0,0,0
101000013,36,173,-137
101000014,59,103,-44
101000015,22,13,9
101000016,0,0,0
101000017,0,0,0
101000018,128,16,112
101000020,127,28,99
101000021,34,100,-66
101000022,0,0,0
101000023,35,263,-228
101000025,0,0,0
101000026,0,0,0
101000027,162,256,-94
101000028,0,0,0
101000029,0,0,0
101000030,0,0,0
101000031,0,28,-28
101000032,866,1019,-153
101000033,25,23,2
101000034,89,84,5
101000035,0,0,0
101000036,12,33,-21
101000037,91,306,-215
101000039,0,0,0
101000040,55,210,-155
101000041,1011,1773,-762
101000042,13,183,-170
101000043,54,192,-138
101000045,47,221,-174
101000046,288,447,-159
101000047,578,371,207
101000048,26,145,-119
101000049,0,8,-8
101000050,58,263,-205
101000051,96,637,-541
101000052,157,629,-472
101000053,190,193,-3
101000054,158,40,118
101000055,490,636,-146
101000056,0,0,0
101000057,91,2,89
101000058,63,437,-374
101000059,363,1420,-1057
101000060,37,3,34
101000061,150,1285,-1135
101000062,25,1,24
101000063,88,702,-614
101000064,69,4,65
101000065,97,279,-182
101000066,172,239,-67
101000067,98,11,87
101000068,49,2,47
101000069,129,7,122
101000070,217,17,200
101000071,68,58,10
101000072,834,599,235
101000073,219,134,85
101000074,1646,502,1144
101000075,1469,394,1075
101000077,307,73,234
101000078,132,50,82
101000079,273,177,96
101000080,44,8,36
101000081,293,110,183
101000082,31,33,-2
101000083,488,178,310
101000084,13,28,-15
101000085,381,266,115
101000086,0,0,0
101000087,0,0,0
101000088,467,179,288
101000089,179,171,8
101000090,0,0,0
101000091,15,3,12
101000092,390,66,324
101000093,182,68,114
101000094,11,43,-32
101000095,4,18,-14
101000096,71,26,45
101000097,1,12,-11
101000098,0,3,-3
101000099,104,179,-75
101000100,9,5,4
101000101,72,57,15
101000102,134,104,30
101000103,62,70,-8
101000104,37,159,-122
101000105,5,58,-53
101000106,0,0,0
101000107,0,0,0
101000108,0,0,0
101000109,0,0,0
101000110,0,0,0
101000111,0,0,0
101000113,0,0,0
101000114,380,135,245
101000115,0,0,0
101000116,0,0,0
101000117,0,0,0
101000119,0,7,-7
101000120,0,0,0
101000121,0,0,0
101000122,0,0,0
101000123,0,0,0
101000124,0,0,0
101000125,2,1,1
101000128,0,0,0
101000130,31,16,15
101000131,47,49,-2
101000132,7,19,-12
101000135,0,0,0
101000136,0,0,0
101000137,0,1,-1
101000141,206,1911,-1705
101000147,10,8,2
101000148,0,0,0
101000149,0,0,0
101000150,0,0,0
101000151,0,0,0
101000152,6,5,1
101000153,35,9,26
101000154,61,14,47
101000155,0,0,0
101000156,0,0,0
101000157,0,0,0
101000160,0,0,0
101000163,17,171,-154
101000164,0,0,0
101000165,178,110,68
101000166,13,24,-11
101000168,0,0,0
101000252,396,106,290
101000254,0,0,0
101000258,0,0,0
101000261,0,0,0
101000262,296,2132,-1836
101000263,88,316,-228
101000265,0,0,0
101000266,0,0,0
101000269,0,0,0
101000290,125,221,-96
101000293,0,0,0
101000294,38,15,23
101000295,0,22,-22
101000301,6,8,-2
101000304,186,591,-405
101000305,291,324,-33
101000328,0,37,-37
101900001,0,0,0
101900002,0,0,0
101900003,0,0,0
101900004,0,0,0
101900005,0,0,0
101900006,0,0,0
101900007,0,0,0
101900008,0,0,0
101900009,0,0,0
101900010,0,0,0
101900011,0,0,0
101900012,0,0,0
101900013,0,0,0
101900017,0,0,0
101900018,0,0,0
101900019,0,0,0
101900020,0,0,0
101900021,0,0,0
101900022,0,0,0
101900023,0,0,0
101900026,0,0,0
101900027,0,0,0
102000001,299,509,-210
102000002,112,98,14
102000003,159,334,-175
102000004,154,436,-282
102000005,49,477,-428
102000006,40,348,-308
102000007,42,476,-434
102000008,488,249,239
102000009,513,616,-103
102000010,323,339,-16
102000011,273,517,-244
102000012,414,488,-74
102000018,107,153,-46
102000019,0,0,0
102000026,0,0,0
102000029,0,0,0
102000030,0,0,0
102000031,0,2,-2
102000032,0,0,0
102000033,0,0,0
102000034,0,0,0
102000035,0,0,0
102000036,0,0,0
102000037,0,0,0
102000038,0,0,0
102000039,0,0,0
102000040,0,0,0
102000041,0,0,0
102000042,0,0,0
102000043,0,0,0
102000044,0,0,0
102000045,64,102,-38
102000046,0,0,0
102000047,100,76,24
102000048,0,0,0
102000049,0,0,0
102000050,90,106,-16
102000051,0,0,0
102000052,162,86,76
102000053,0,0,0
102000054,67,18,49
102000055,40,1,39
102000056,334,78,256
102000057,41,124,-83
102000058,29,4,25
102000059,29,37,-8
102000060,489,325,164
102000061,2,20,-18
102000062,166,174,-8
102000063,9,12,-3
102000064,5,31,-26
102000065,0,1,-1
102000066,86,19,67
102000067,66,197,-131
102000068,327,325,2
102000069,0,0,0
102000070,0,0,0
102000071,757,565,192
102000072,503,640,-137
102000073,2,0,2
102000074,0,0,0
102000075,2,2,0
102000076,0,0,0
102000077,24,0,24
102000078,0,0,0
102000079,0,1,-1
102000080,0,0,0
102000081,9,1,8
102000082,0,0,0
102000083,0,0,0
102000084,184,29,155
102000085,0,0,0
102000086,198,56,142
102000087,1,3,-2
102000088,15,27,-12
102000089,156,72,84
102000090,39,181,-142
102000091,304,239,65
102000092,85,165,-80
102000093,181,183,-2
102000094,178,48,130
102000095,0,0,0
102000096,905,154,751
102000097,0,0,0
102000098,248,164,84
102000099,40,14,26
102000100,61,54,7
102000101,29,29,0
102000102,57,45,12
102000103,17,35,-18
102000104,0,0,0
102000105,0,0,0
102000106,0,0,0
102000107,0,0,0
102000108,0,0,0
102000109,0,0,0
102000110,0,0,0
102000111,0,0,0
102000112,0,0,0
102000113,0,0,0
102000114,0,0,0
102000115,0,0,0
102000116,2,71,-69
102000117,0,0,0
102000118,42,306,-264
102000119,0,0,0
102000120,0,0,0
102000121,0,0,0
102000122,0,0,0
102000123,0,0,0
102000124,0,0,0
102000125,0,0,0
102000126,0,0,0
102000127,0,0,0
102000128,0,0,0
102000129,0,0,0
102000130,0,0,0
102000131,0,0,0
102000132,0,0,0
102000133,319,71,248
102000134,60,96,-36
102000135,0,0,0
102000136,0,0,0
102000137,0,0,0
102000138,0,0,0
102000139,0,0,0
102000140,0,0,0
102000141,0,0,0
102000142,0,0,0
102000143,0,0,0
102000144,0,0,0
102000145,0,0,0
102000146,0,0,0
102000147,0,0,0
102000148,0,0,0
102000149,0,0,0
102000150,0,0,0
102000151,0,0,0
102000152,0,0,0
102000153,0,0,0
102000154,0,0,0
102000155,0,0,0
102000156,0,0,0
102000157,0,2,-2
102000158,0,0,0
102000159,0,0,0
102000161,0,0,0
102000162,0,0,0
102000163,0,1,-1
102000164,2,3,-1
102000165,0,0,0
102000166,0,2,-2
102000167,0,0,0
102000168,3,7,-4
102000169,2,1,1
102000170,0,0,0
102000171,0,0,0
102000172,0,0,0
102000173,5,10,-5
102000174,0,0,0
102000175,22,3,19
102000176,0,0,0
102000178,15,2,13
102000179,6,18,-12
102000180,50,1,49
102000181,77,4,73
102000182,42,6,36
102000183,163,147,16
102000184,18,8,10
102000185,336,104,232
102000186,36,8,28
102000187,32,8,24
102000188,210,137,73
102000189,80,22,58
102000190,394,362,32
102000191,103,44,59
102000192,0,0,0
102000193,0,0,0
102000194,0,0,0
102000195,0,0,0
102000196,0,0,0
102000197,0,0,0
102000198,0,0,0
102000199,0,0,0
102000200,0,0,0
102000201,0,0,0
102000202,0,0,0
102000203,0,0,0
102000204,0,0,0
102000205,0,0,0
102000206,0,0,0
102000207,0,0,0
102000208,0,0,0
102000209,0,0,0
102000210,0,0,0
102000211,0,0,0
102000212,0,0,0
102000213,0,0,0
102000214,0,0,0
102000215,0,0,0
102000216,0,0,0
102000217,0,0,0
102000218,0,0,0
102000219,0,0,0
102000225,249,175,74
102000226,0,0,0
102000227,0,0,0
102000228,0,0,0
102000229,0,0,0
102000230,49,75,-26
102000231,0,0,0
102000232,0,0,0
102000233,62,59,3
102000234,18,366,-348
102000236,0,0,0
102000237,0,0,0
102000238,0,0,0
102000240,0,0,0
102000241,0,0,0
102000243,0,6,-6
102000245,0,0,0
102000246,0,0,0
102000247,6,40,-34
102000248,28,158,-130
102000249,0,0,0
102000250,0,0,0
102000254,50,40,10
102000266,0,0,0
102000271,0,0,0
102000286,0,3,-3
102000297,0,0,0
102000299,0,0,0
102000301,0,0,0
102000305,0,0,0
102000307,0,0,0
102000308,0,0,0
102900001,0,0,0
102900002,0,0,0
102900003,0,0,0
102900005,0,0,0
102900006,0,0,0
102900007,0,0,0
102900008,0,0,0
102900009,0,0,0
102900010,0,0,0
102900011,0,0,0
102900012,0,0,0
102900013,0,0,0
102900015,0,0,0
102900016,0,0,0
102900017,0,0,0
102900018,0,0,0
102900019,0,0,0
102900020,0,0,0
102900021,0,0,0
102900022,0,0,0
102900023,0,0,0
102900024,0,0,0
102900025,0,0,0
102900026,0,0,0
102900027,0,0,0
102900028,0,0,0
102900029,0,0,0
102900030,0,0,0
102900031,0,0,0
102900032,0,0,0
102900033,0,0,0
102900034,0,0,0
102900035,0,0,0
102900036,0,0,0
102900037,0,0,0
102900038,0,0,0
102900039,0,0,0
102900040,0,0,0
102900041,0,0,0
102900042,0,0,0
102900043,0,0,0
102900044,0,0,0
102900045,0,0,0
102900046,0,0,0
102900047,0,0,0
102900048,0,0,0
102900049,0,0,0
102900050,0,0,0
102900051,0,0,0
102900052,0,0,0
102900053,0,0,0
102900054,0,0,0
102900055,0,0,0
102900056,0,0,0
102900057,0,0,0
102900058,0,0,0
102900059,0,0,0
102900060,0,0,0
102900061,0,0,0
102900062,0,0,0
102900063,0,0,0
102900064,0,0,0
102900065,0,0,0
102900066,0,0,0
102900068,0,0,0
102900070,0,0,0
102900072,0,0,0
102900073,0,0,0
102900075,0,0,0
102900076,0,0,0
102900077,0,0,0
102900078,0,0,0
102900079,0,0,0
102900080,0,0,0
102900081,0,0,0
102900082,0,0,0
102900083,0,0,0
102900084,0,0,0
102900085,0,0,0
102900086,0,0,0
102900087,0,0,0
102900088,0,0,0
102900089,0,0,0
102900090,0,0,0
102900091,0,0,0
102900092,0,0,0
102900093,0,0,0
102900094,0,0,0
102900095,0,0,0
102900096,0,0,0
102900097,0,0,0
103000001,117,99,18
103000002,39,65,-26
103000003,75,114,-39
103000004,10,60,-50
103000005,476,363,113
103000006,210,162,48
103000007,6,16,-10
103000008,0,0,0
103000009,128,141,-13
103000010,0,0,0
103000011,26,40,-14
103000012,465,431,34
103000013,122,15,107
103000014,500,742,-242
103000015,0,0,0
103000016,78,96,-18
103000017,110,110,0
103000018,0,0,0
103000019,117,146,-29
103000020,13,77,-64
103000021,975,675,300
103000022,38,64,-26
103000023,303,752,-449
103000024,0,0,0
103000025,4,109,-105
103000026,0,0,0
103000027,72,75,-3
103000028,10,38,-28
103000029,41,52,-11
103000030,63,55,8
103000031,180,267,-87
103000032,271,171,100
103000033,1779,1018,761
103000034,20,34,-14
103000035,75,269,-194
103000036,8,219,-211
103000037,12,31,-19
103000038,193,291,-98
103000039,5,62,-57
103000040,20,55,-35
103000041,170,227,-57
103000042,117,15,102
103000043,81,122,-41
103000044,0,0,0
103000046,0,0,0
103000047,0,0,0
103000048,0,0,0
103000049,0,0,0
103000050,0,0,0
103000051,0,0,0
103000052,0,0,0
103000053,0,0,0
103000054,232,47,185
103000055,479,69,410
103000056,31,29,2
103000057,386,146,240
103000058,184,29,155
103000059,46,63,-17
103000060,128,30,98
103000061,100,144,-44
103000062,0,0,0
103000063,142,78,64
103000064,0,0,0
103000065,0,0,0
103000066,0,0,0
103000069,0,0,0
103000070,0,0,0
103000071,62,46,16
103000072,0,0,0
103000073,101,4,97
103000074,131,3,128
103000075,0,0,0
103000076,44,44,0
103000077,0,0,0
103000078,85,62,23
103000079,2,85,-83
103000080,210,78,132
103000081,10,162,-152
103000082,190,31,159
103000083,0,0,0
103000084,11,6,5
103000085,0,0,0
103000086,211,92,119
103000087,84,220,-136
103000088,0,0,0
103000089,66,117,-51
103000090,573,367,206
103000091,63,179,-116
103000092,274,64,210
103000093,0,0,0
103000094,150,42,108
103000095,0,0,0
103000096,203,33,170
103000097,0,0,0
103000098,227,18,209
103000099,0,0,0
103000100,0,0,0
103000101,222,13,209
103000102,0,0,0
103000103,127,9,118
103000104,1,0,1
103000105,31,0,31
103000106,0,0,0
103000107,96,3,93
103000108,88,47,41
103000109,10,23,-13
103000110,74,62,12
103000111,0,0,0
103000112,40,26,14
103000113,0,0,0
103000114,315,90,225
103000115,51,22,29
103000116,54,13,41
103000117,88,16,72
103000118,0,0,0
103000119,0,0,0
103000120,0,0,0
103000121,1,26,-25
103000122,282,921,-639
103000125,1,14,-13
103000126,63,0,63
103000127,1,9,-8
103000128,25,1,24
103000129,0,2,-2
103000130,49,2,47
103000131,6,18,-12
103000132,2,1,1
103000133,0,23,-23
103000134,228,124,104
103000135,99,23,76
103000136,330,139,191
103000137,28,147,-119
103000138,99,165,-66
103000139,0,0,0
103000140,13,23,-10
103000141,0,0,0
103000142,16,17,-1
103000143,0,0,0
103000144,38,13,25
103000145,1,1,0
103000150,0,0,0
103000152,0,0,0
103000153,75,67,8
103000156,1,11,-10
103000157,23,0,23
103000159,0,0,0
103000162,1,0,1
103000163,1,50,-49
103000164,0,0,0
103000165,0,0,0
103000166,57,106,-49
103000167,20,12,8
103000168,0,0,0
103000169,36,32,4
103000170,571,339,232
103000171,0,1,-1
103000172,156,4,152
103000173,0,0,0
103000174,155,7,148
103000175,0,0,0
103000176,21,55,-34
103000177,0,0,0
103000178,0,0,0
103000179,0,0,0
103000183,53,0,53
103000185,19,1,18
103000186,7,4,3
103000187,0,0,0
103000188,0,0,0
103000189,0,0,0
103000191,0,2,-2
103000292,4,55,-51
103000293,28,174,-146
103000295,54,9,45
103000296,3,0,3
103000297,3,0,3
103000504,0,0,0
103000505,0,1,-1
103000506,0,0,0
103000507,0,0,0
103000508,0,0,0
103000509,0,0,0
103900001,0,0,0
103900002,0,0,0
103900003,0,0,0
103900004,0,0,0
103900005,0,0,0
103900006,0,0,0
103900007,0,0,0
103900008,0,0,0
103900009,0,0,0
103900010,0,0,0
103900011,0,0,0
103900012,0,0,0
103900013,0,0,0
103900014,0,0,0
103900015,0,0,0
103900016,0,0,0
103900017,0,0,0
103900018,0,0,0
103900019,0,0,0
103900020,0,0,0
103900021,0,0,0
103900022,0,0,0
103900023,0,0,0
103900024,0,0,0
103900025,0,0,0
103900026,0,0,0
103900027,0,0,0
103900028,0,0,0
103900029,0,0,0
103900030,0,0,0
103900031,0,0,0
103900032,0,0,0
103900033,0,0,0
103900034,0,0,0
103900035,0,0,0
103900036,0,0,0
103900037,0,0,0
103900038,0,0,0
103900039,0,0,0
103900040,0,0,0
103900041,0,0,0
103900042,0,0,0
103900043,0,0,0
103900044,0,0,0
103900045,0,0,0
103900047,0,0,0
103900048,0,0,0
103900049,0,0,0
103900050,0,0,0
103900051,0,0,0
103900052,0,0,0
103900053,0,0,0
103900054,0,0,0
103900055,0,0,0
103900056,0,0,0
103900057,0,0,0
103900058,0,0,0
103900059,0,0,0
103900060,0,0,0
103900061,0,0,0
103900062,0,0,0
103900063,0,0,0
103900064,0,0,0
103900065,0,0,0
103900066,0,0,0
103900067,0,0,0
103900068,0,0,0
103900069,0,0,0
103900070,0,0,0
103900071,0,0,0
103900072,0,0,0
103900073,0,0,0
103900074,0,0,0
103900075,0,0,0
103900076,0,0,0
103900077,0,0,0
103900078,0,0,0
103900079,0,0,0
103900080,0,0,0
103900081,0,0,0
103900082,0,0,0
103900083,0,0,0
103900084,0,0,0
103900085,0,0,0
103900086,0,0,0
103900087,0,0,0
103900088,0,0,0
103900089,0,0,0
103900090,0,0,0
103900091,0,0,0
103900092,0,0,0
103900093,0,0,0
103900094,0,0,0
103900095,0,0,0
103900096,0,0,0
103900097,0,0,0
103900098,0,0,0
103900099,0,0,0
103900100,0,0,0
103900101,0,0,0
103900102,0,0,0
103900104,0,0,0
103900105,0,0,0
103900106,0,0,0
103900107,0,0,0
103900108,0,0,0
103900109,0,0,0
103900110,0,0,0
103900111,0,0,0
103900112,0,0,0
103900113,0,0,0
103900114,0,0,0
103900115,0,0,0
103900116,0,0,0
103900117,0,0,0
103900119,0,0,0
103900120,0,0,0
103900122,0,0,0
103900123,0,0,0
103900124,0,0,0
103900125,0,0,0
103900126,0,0,0
103900127,0,0,0
103900128,0,0,0
103900131,0,0,0
103900133,0,0,0
103900134,0,0,0
103900135,0,0,0
103900137,0,0,0
103900138,0,0,0
103900139,0,0,0
103900140,0,0,0
103900141,0,0,0
103900142,0,0,0
103900143,0,0,0
103900144,0,0,0
103900145,0,0,0
103900146,0,0,0
103900147,0,0,0
103900148,0,0,0
103900149,0,0,0
103900150,0,0,0
103900151,0,0,0
103900152,0,0,0
103900153,0,0,0
103900154,0,0,0
103900155,0,0,0
103900156,0,0,0
103900157,0,0,0
103900158,0,0,0
103900159,0,0,0
103900160,0,0,0
103900161,0,0,0
103900162,0,0,0
103900163,0,0,0
103900167,0,0,0
103900168,0,0,0
103900169,0,0,0
103900170,0,0,0
103900171,0,0,0
103900172,0,0,0
103900173,0,0,0
103900174,0,0,0
103900175,0,0,0
103900176,0,0,0
103900177,0,0,0
103900178,0,0,0
103900179,0,0,0
103900180,0,0,0
103900181,0,0,0
103900182,0,0,0
103900184,0,0,0
103900185,0,0,0
103900187,0,0,0
103900188,0,0,0
103900189,0,0,0
103900190,0,0,0
103900191,0,0,0
103900192,0,0,0
103900193,0,0,0
103900194,0,0,0
103900195,0,0,0
103900196,0,0,0
103900197,0,0,0
103900198,0,0,0
103900199,0,0,0
103900200,0,0,0
103900201,0,0,0
103900202,0,0,0
103900203,0,0,0
103900204,0,0,0
103900207,0,0,0
103900208,0,0,0
103900209,0,0,0
103900210,0,0,0
103900211,0,0,0
103900212,0,0,0
103900213,6,122,-116
103900214,55,120,-65
103900215,42,73,-31
103900216,0,0,0
103900217,0,0,0
103900218,0,0,0
103900219,0,0,0
103900233,0,0,0
103900235,0,0,0
103900236,0,0,0
103900242,0,0,0
103900243,0,0,0
103900244,0,0,0
103900245,0,0,0
103900246,0,0,0
103900247,0,0,0
103900248,0,0,0
103900249,0,0,0
103900250,0,0,0
103900251,0,0,0
103900253,0,0,0
103900254,0,0,0
103900255,0,0,0
103900256,0,0,0
103900257,0,0,0
103900258,0,0,0
103900259,0,0,0
103900261,0,0,0
103900262,0,0,0
103900263,0,0,0
103900264,0,0,0
103900265,0,0,0
103900266,0,0,0
103900267,0,0,0
103900268,0,0,0
103900269,0,0,0
103900270,0,0,0
103900271,0,0,0
103900272,0,0,0
103900273,0,0,0
103900274,0,0,0
103900275,0,0,0
103900276,0,0,0
103900277,0,0,0
103900278,0,0,0
103900279,0,0,0
104000001,608,401,207
104000002,27,105,-78
104000003,788,531,257
104000004,743,341,402
104000005,509,555,-46
104000006,1236,351,885
104000007,887,157,730
104000008,123,93,30
104000009,139,56,83
104000010,118,81,37
104000011,0,0,0
104000012,0,0,0
104000013,172,43,129
104000014,0,0,0
104000015,196,28,168
104000016,0,0,0
104000018,157,130,27
104000019,237,174,63
104000020,84,153,-69
104000021,179,69,110
104000022,28,30,-2
104000023,166,30,136
104000024,0,0,0
104000026,0,0,0
104000027,32,37,-5
104000028,223,25,198
104000029,26,55,-29
104000030,158,38,120
104000031,137,32,105
104000032,0,0,0
104000033,209,10,199
104000034,0,0,0
104000035,318,50,268
104000036,244,61,183
104000037,0,0,0
104000038,192,71,121
104000039,157,65,92
104000040,49,92,-43
104000041,82,19,63
104000042,67,35,32
104000043,65,45,20
104000044,97,22,75
104000045,165,42,123
104000046,82,99,-17
104000047,68,310,-242
104000048,225,515,-290
104000049,2,5,-3
104000050,2,17,-15
104000051,0,0,0
104000052,225,127,98
104000053,139,63,76
104000054,3,2,1
104000055,401,158,243
104000056,0,0,0
104000057,0,0,0
104000058,440,56,384
104000059,148,179,-31
104000060,276,97,179
104000061,72,55,17
104000062,4,1,3
104000064,0,0,0
104000065,0,0,0
104000069,0,0,0
104000070,0,0,0
104000071,0,0,0
104000072,32,7,25
104000075,0,0,0
104000076,0,0,0
104000082,252,226,26
104000083,10,11,-1
104000084,2,18,-16
104000085,16,2,14
104000086,9,20,-11
104000087,3,8,-5
104000090,0,0,0
104000092,0,0,0
104000094,0,0,0
104000095,62,242,-180
104000096,293,0,293
104000097,563,78,485
104000098,1070,83,987
104000100,999,126,873
104000101,219,248,-29
104000106,4,2,2
104000107,238,30,208
104000108,63,15,48
104000109,83,3,80
104000110,26,3,23
104000111,148,37,111
104000112,7,12,-5
104000116,0,0,0
104000117,103,19,84
104000118,24,0,24
104000119,24,2,22
104000120,51,28,23
104000121,2,35,-33
104000122,262,31,231
104000123,79,132,-53
104000124,404,626,-222
104000125,49,26,23
104000126,261,78,183
104000127,95,390,-295
104000128,276,17,259
104000129,195,1,194
104000130,1,2,-1
104000131,0,0,0
104000132,0,0,0
104000133,84,5,79
104000134,132,79,53
104000135,74,184,-110
104000136,335,222,113
104000137,362,116,246
104000138,0,0,0
104000139,702,513,189
104000141,159,256,-97
104000142,0,0,0
104000143,0,0,0
104000144,0,0,0
104000145,225,49,176
104000146,0,0,0
104000147,0,0,0
104000148,64,65,-1
104000149,0,0,0
104000150,340,162,178
104000151,0,0,0
104000152,0,0,0
104000153,130,95,35
104000154,0,0,0
104000155,116,124,-8
104000157,76,23,53
104000158,26,11,15
104000159,8,7,1
104000160,279,70,209
104000161,41,38,3
104000162,38,87,-49
104000165,229,395,-166
104000167,181,201,-20
104000168,89,0,89
104000169,54,7,47
104000170,0,0,0
104000248,0,0,0
104000251,0,0,0
104000272,0,0,0
104000273,0,0,0
104000274,0,0,0
104000275,0,0,0
104000279,0,0,0
104000290,0,0,0
104000291,124,169,-45
104000293,130,103,27
104000294,0,0,0
104000295,24,55,-31
104000296,208,207,1
104000297,47,156,-109
104000298,407,96,311
104000299,118,149,-31
104900001,0,0,0
104900002,0,0,0
104900003,0,0,0
104900004,0,0,0
104900005,0,0,0
104900006,0,0,0
104900007,0,0,0
104900009,0,0,0
104900010,0,0,0
104900011,0,0,0
104900012,0,0,0
104900013,0,0,0
104900014,0,0,0
104900015,0,0,0
104900016,0,0,0
104900017,0,0,0
104900018,0,0,0
104900019,0,0,0
104900020,0,0,0
104900021,0,0,0
104900022,0,0,0
104900023,0,0,0
104900024,0,0,0
104900025,0,0,0
104900026,0,0,0
104900027,0,0,0
104900028,0,0,0
104900029,0,0,0
104900030,0,0,0
104900031,0,0,0
104900032,0,0,0
104900033,0,0,0
104900034,0,0,0
104900035,0,0,0
104900036,0,0,0
104900037,0,0,0
104900038,0,0,0
104900039,0,0,0
104900040,0,0,0
104900041,0,0,0
104900042,0,0,0
104900043,0,0,0
104900044,0,0,0
104900045,0,0,0
104900046,0,0,0
104900047,0,0,0
104900048,0,0,0
104900049,0,0,0
104900050,0,0,0
104900051,0,0,0
104900052,0,0,0
104900053,0,0,0
104900054,0,0,0
104900055,0,0,0
104900056,0,0,0
104900057,0,0,0
104900058,0,0,0
104900059,0,0,0
104900060,0,0,0
104900061,0,0,0
104900063,0,0,0
104900064,0,0,0
104900065,0,0,0
104900066,0,0,0
104900067,0,0,0
104900068,0,0,0
104900070,0,0,0
104900071,0,0,0
104900072,0,0,0
104900073,0,0,0
104900074,0,0,0
104900075,0,0,0
104900076,0,0,0
104900077,0,0,0
104900078,0,0,0
104900079,0,0,0
104900080,0,0,0
104900082,0,0,0
104900085,0,0,0
104900087,0,0,0
104900089,0,0,0
104900090,0,0,0
104900091,0,0,0
104900093,0,0,0
104900097,0,0,0
104900098,0,0,0
104900099,0,0,0
104900100,0,0,0
104900102,0,0,0
104900103,0,0,0
104900104,0,0,0
104900106,0,0,0
104900107,0,0,0
104900108,0,0,0
104900109,0,0,0
104900110,0,0,0
104900111,0,0,0
104900112,0,0,0
104900113,0,0,0
104900114,0,0,0
104900115,0,0,0
104900116,0,0,0
104900118,0,0,0
104900119,0,0,0
104900120,0,0,0
104900121,0,0,0
104900122,0,0,0
104900123,0,0,0
104900124,0,0,0
104900125,0,0,0
104900126,0,0,0
104900127,0,0,0
104900128,0,0,0
104900129,0,0,0
105000001,1017,205,812
105000002,436,307,129
105000003,423,387,36
105000004,29,71,-42
105000005,77,253,-176
105000006,149,394,-245
105000007,90,213,-123
105000008,4,506,-502
105000009,1868,1034,834
105000010,56,153,-97
105000011,759,910,-151
105000012,67,121,-54
105000013,372,697,-325
105000014,2592,1259,1333
105000015,1979,2607,-628
105000016,166,191,-25
105000017,34,38,-4
105000018,95,111,-16
105000019,0,0,0
105000020,0,0,0
105000021,0,0,0
105000022,8,13,-5
105000023,0,0,0
105000028,0,1,-1
105000029,0,17,-17
105000030,318,265,53
105000033,82,184,-102
105000034,0,0,0
105000037,0,0,0
105000038,267,276,-9
105000039,82,205,-123
105000040,234,449,-215
105000041,28,129,-101
105000042,1133,440,693
105000043,114,97,17
105000044,209,84,125
105000045,20,43,-23
105000046,435,45,390
105000047,35,80,-45
105000048,391,173,218
105000049,5,1,4
105000050,409,149,260
105000051,0,0,0
105000052,66,62,4
105000053,2,6,-4
105000054,76,35,41
105000055,0,0,0
105000056,433,181,252
105000057,19,1,18
105000058,10,27,-17
105000059,467,217,250
105000060,6,0,6
105000061,514,120,394
105000062,0,2,-2
105000063,0,0,0
105000064,357,83,274
105000065,0,0,0
105000066,103,8,95
105000067,440,201,239
105000068,17,33,-16
105000069,26,103,-77
105000070,33,55,-22
105000071,198,192,6
105000072,356,55,301
105000073,263,69,194
105000074,0,0,0
105000075,12,41,-29
105000076,23,39,-16
105000077,75,7,68
105000078,23,78,-55
105000079,3,36,-33
105000080,657,639,18
105000081,9,0,9
105000082,204,673,-469
105000083,1124,714,410
105000084,0,0,0
105000085,745,917,-172
105000086,0,0,0
105000087,0,0,0
105000088,383,461,-78
105000089,47,74,-27
105000090,46,10,36
105000091,0,0,0
105000092,0,0,0
105000093,0,0,0
105000094,33,18,15
105000095,0,0,0
105000096,192,209,-17
105000097,0,0,0
105000098,238,68,170
105000099,0,0,0
105000100,0,0,0
105000101,155,32,123
105000102,0,0,0
105000103,235,108,127
105000104,0,0,0
105000105,312,88,224
105000106,16,2,14
105000107,10,3,7
105000108,22,15,7
105000109,23,2,21
105000110,41,24,17
105000111,2,0,2
105000112,94,32,62
105000113,0,0,0
105000114,28,110,-82
105000115,0,0,0
105000116,140,51,89
105000117,0,0,0
105000118,31,33,-2
105000119,0,0,0
105000120,255,44,211
105000121,0,0,0
105000122,13,12,1
105000123,178,17,161
105000124,152,58,94
105000125,151,50,101
105000126,92,49,43
105000127,224,31,193
105000128,5,17,-12
105000129,26,78,-52
105000130,31,470,-439
105000131,0,0,0
105000132,134,77,57
105000133,0,0,0
105000134,278,36,242
105000135,0,0,0
105000136,0,0,0
105000137,220,28,192
105000138,0,0,0
105000139,0,0,0
105000140,418,45,373
105000141,0,0,0
105000142,194,71,123
105000143,0,0,0
105000144,0,0,0
105000145,226,78,148
105000146,0,0,0
105000147,374,111,263
105000148,268,47,221
105000149,760,153,607
105000150,0,0,0
105000151,0,0,0
105000152,0,0,0
105000153,0,0,0
105000154,3,2,1
105000155,0,0,0
105000156,3,0,3
105000157,18,23,-5
105000158,53,12,41
105000159,16,12,4
105000160,62,53,9
105000161,91,11,80
105000162,23,38,-15
105000163,57,11,46
105000164,6,1,5
105000165,24,63,-39
105000166,51,51,0
105000167,49,147,-98
105000168,176,186,-10
105000169,30,28,2
105000170,0,0,0
105000171,0,0,0
105000172,1,0,1
105000173,12,2,10
105000174,1,1,0
105000175,0,0,0
105000176,6,1,5
105000177,70,22,48
105000178,40,1,39
105000179,36,1,35
105000180,0,0,0
105000181,19,2,17
105000182,0,0,0
105000183,0,0,0
105000184,0,0,0
105000185,43,306,-263
105000186,0,0,0
105000187,157,33,124
105000188,4,32,-28
105000189,0,0,0
105000190,119,83,36
105000191,11,0,11
105000192,110,31,79
105000193,1,18,-17
105000194,81,16,65
105000195,1,10,-9
105000196,36,21,15
105000197,25,0,25
105000198,0,0,0
105000199,3,38,-35
105000200,72,130,-58
105000201,18,0,18
105000203,0,0,0
105000204,0,13,-13
105000205,0,0,0
105000207,0,0,0
105000208,12,220,-208
105000209,0,0,0
105000212,125,13,112
105000213,69,40,29
105000214,7,15,-8
105000215,158,97,61
105000216,25,0,25
105000217,0,0,0
105000218,202,34,168
105000221,39,1,38
105000222,71,0,71
105000223,39,0,39
105000226,6,0,6
105000227,1,7,-6
105000228,1,3,-2
105000229,50,279,-229
105000231,271,67,204
105000233,252,464,-212
105000234,85,344,-259
105000235,232,107,125
105000237,49,1,48
105000243,0,0,0
105000248,0,0,0
105000262,2,0,2
105000269,0,0,0
105000270,92,1,91
105000271,0,0,0
105000282,2,1,1
105000287,0,0,0
105000288,0,7,-7
105000289,375,414,-39
105000290,1,0,1
105000402,18,86,-68
105000426,0,0,0
105000438,38,125,-87
105000446,506,406,100
105000447,93,50,43
105000454,0,0,0
105000455,0,0,0
105000474,4,0,4
105000477,0,0,0
105000478,471,1342,-871
105000479,0,0,0
105000480,1769,1648,121
105000481,972,520,452
105000482,135,287,-152
105000483,289,899,-610
105000484,102,332,-230
105000485,225,1217,-992
105000486,221,347,-126
105000488,59,224,-165
105000489,364,101,263
105000549,2,27,-25
105000550,0,0,0
105000551,27,14,13
105000552,159,86,73
105000555,23,153,-130
105900001,0,0,0
105900002,0,0,0
105900003,0,0,0
105900004,0,0,0
105900005,0,0,0
105900006,0,0,0
105900007,0,0,0
105900008,0,0,0
105900009,0,0,0
105900011,0,0,0
105900012,0,0,0
105900013,0,0,0
105900014,0,0,0
105900015,0,0,0
105900016,0,0,0
105900017,0,0,0
105900018,0,0,0
105900019,0,0,0
105900020,0,0,0
105900021,0,0,0
105900022,0,0,0
105900023,0,0,0
105900024,0,0,0
105900025,0,0,0
105900026,0,0,0
105900027,0,0,0
105900028,0,0,0
105900029,0,0,0
105900030,0,0,0
105900031,0,0,0
105900032,0,0,0
105900033,0,0,0
105900034,0,0,0
105900035,0,0,0
105900036,0,0,0
105900037,0,0,0
105900038,0,0,0
105900039,0,0,0
105900040,0,0,0
105900041,0,0,0
105900042,0,0,0
105900043,0,0,0
105900044,0,0,0
105900045,0,0,0
105900046,0,0,0
105900047,0,0,0
105900048,36,5,31
105900050,0,0,0
105900051,0,0,0
105900052,0,0,0
105900053,0,0,0
105900054,0,0,0
105900056,0,0,0
105900057,0,0,0
105900058,0,0,0
105900059,0,0,0
106000001,939,385,554
106000002,5,205,-200
106000003,1298,700,598
106000004,43,387,-344
106000005,2217,1283,934
106000006,82,276,-194
106000007,664,69,595
106000008,90,85,5
106000009,574,172,402
106000010,12,84,-72
106000011,824,442,382
106000012,23,61,-38
106000013,1354,530,824
106000014,72,76,-4
106000015,1287,515,772
106000016,68,126,-58
106000017,633,142,491
106000018,103,141,-38
106000019,232,117,115
106000020,6,45,-39
106000021,297,97,200
106000022,30,29,1
106000023,450,37,413
106000024,88,68,20
106000025,212,94,118
106000026,11,55,-44
106000027,873,473,400
106000028,11,54,-43
106000029,76,47,29
106000030,0,0,0
106000034,0,0,0
106000035,157,336,-179
106000036,0,0,0
106000037,0,0,0
106000038,0,0,0
106000039,0,0,0
106000040,0,0,0
106000041,219,74,145
106000043,85,6,79
106000046,0,0,0
106000047,0,0,0
106000049,216,8,208
106000050,0,0,0
106000051,138,146,-8
106000052,0,0,0
106000053,262,31,231
106000054,0,0,0
106000055,205,7,198
106000056,0,0,0
106000057,211,47,164
106000058,0,0,0
106000059,239,131,108
106000060,0,0,0
106000061,22,188,-166
106000062,0,0,0
106000063,538,149,389
106000064,0,0,0
106000065,224,21,203
106000066,11,4,7
106000067,186,10,176
106000068,3,8,-5
106000069,6,4,2
106000070,14,2,12
106000071,246,12,234
106000072,294,252,42
106000073,430,167,263
106000074,172,166,6
106000075,101,149,-48
106000076,602,125,477
106000077,748,118,630
106000078,275,51,224
106000079,542,38,504
106000080,453,23,430
106000081,457,142,315
106000082,500,25,475
106000083,330,155,175
106000084,462,57,405
106000085,477,221,256
106000086,609,97,512
106000087,261,8,253
106000088,218,18,200
106000089,524,20,504
106000090,464,30,434
106000091,2,1,1
106000092,195,37,158
106000093,164,1,163
106000094,0,0,0
106000095,268,28,240
106000096,343,20,323
106000097,259,54,205
106000098,348,20,328
106000099,5,3,2
106000100,694,19,675
106000101,400,7,393
106000102,3,8,-5
106000103,1,120,-119
106000104,130,33,97
106000105,23,82,-59
106000106,166,26,140
106000107,18,138,-120
106000108,83,7,76
106000109,16,96,-80
106000110,98,8,90
106000111,15,61,-46
106000112,152,9,143
106000113,13,64,-51
106000114,80,10,70
106000115,23,43,-20
106000116,74,70,4
106000117,0,0,0
106000118,372,97,275
106000119,0,0,0
106000120,305,163,142
106000121,13,9,4
106000122,0,0,0
106000123,23,25,-2
106000124,0,0,0
106000125,0,0,0
106000126,18,1,17
106000127,0,0,0
106000128,196,15,181
106000129,0,0,0
106000130,221,55,166
106000131,0,0,0
106000132,233,19,214
106000133,0,0,0
106000134,252,70,182
106000135,0,0,0
106000136,317,82,235
106000137,0,0,0
106000138,217,5,212
106000139,106,34,72
106000140,0,0,0
106000141,0,0,0
106000142,37,13,24
106000143,0,0,0
106000144,112,43,69
106000145,0,0,0
106000146,241,110,131
106000147,67,6,61
106000148,113,92,21
106000149,234,23,211
106000150,98,128,-30
106000151,175,86,89
106000152,128,177,-49
106000153,0,18,-18
106000154,65,4,61
106000155,40,30,10
106000156,324,16,308
106000157,149,136,13
106000158,588,162,426
106000159,174,69,105
106000160,262,223,39
106000161,112,9,103
106000162,219,52,167
106000163,42,8,34
106000164,154,9,145
106000165,55,14,41
106000166,360,29,331
106000167,87,56,31
106000168,189,18,171
106000169,17,40,-23
106000170,191,27,164
106000171,20,130,-110
106000172,556,72,484
106000173,105,180,-75
106000174,255,16,239
106000175,73,14,59
106000176,338,64,274
106000177,0,0,0
106000178,456,37,419
106000179,0,0,0
106000180,122,54,68
106000181,40,62,-22
106000182,603,42,561
106000183,631,67,564
106000184,359,59,300
106000185,52,33,19
106000186,101,13,88
106000187,24,6,18
106000188,0,0,0
106000189,0,4,-4
106000190,21,0,21
106000191,155,17,138
106000192,0,0,0
106000193,91,36,55
106000194,1,11,-10
106000195,30,0,30
106000196,5,33,-28
106000197,219,2,217
106000198,0,12,-12
106000199,117,17,100
106000200,14,64,-50
106000201,31,28,3
106000202,46,32,14
106000203,0,0,0
106000204,10,7,3
106000205,0,0,0
106000206,21,1,20
106000207,0,23,-23
106000208,412,51,361
106000209,651,72,579
106000210,0,29,-29
106000211,13,96,-83
106000212,781,90,691
106000213,0,0,0
106000214,322,60,262
106000215,0,56,-56
106000216,169,14,155
106000217,4,65,-61
106000218,102,23,79
106000219,24,64,-40
106000220,154,12,142
106000221,0,0,0
106000222,72,9,63
106000223,185,27,158
106000224,0,0,0
106000225,5,168,-163
106000226,0,0,0
106000228,0,0,0
106000229,0,0,0
106000231,212,1,211
106000232,0,0,0
106000233,65,16,49
106000234,0,0,0
106000235,46,43,3
106000236,0,0,0
106000237,0,0,0
106000238,0,0,0
106000239,0,0,0
106000240,0,0,0
106000241,1,48,-47
106000242,52,42,10
106000249,77,15,62
106000250,2,61,-59
106000251,0,0,0
106000252,0,0,0
106000253,0,0,0
106000254,0,0,0
106000255,0,0,0
106000256,0,0,0
106000257,26,26,0
106000258,0,0,0
106000259,0,0,0
106000260,0,0,0
106000261,0,0,0
106000262,0,0,0
106000263,0,0,0
106000264,0,0,0
106000265,0,0,0
106000266,0,0,0
106000267,0,0,0
106000268,0,0,0
106000269,0,0,0
106000270,51,0,51
106000271,0,0,0
106000272,0,0,0
106000273,0,0,0
106000274,0,0,0
106000275,0,0,0
106000276,0,0,0
106000277,0,0,0
106000278,0,0,0
106000279,0,0,0
106000280,0,0,0
106000281,0,0,0
106000282,0,0,0
106000283,0,0,0
106000284,0,0,0
106000285,0,0,0
106000286,0,0,0
106000287,0,0,0
106000288,0,0,0
106000289,0,0,0
106000290,0,0,0
106000291,0,0,0
106000292,0,0,0
106000293,0,0,0
106000294,0,0,0
106000295,0,0,0
106000296,0,0,0
106000297,0,0,0
106000298,0,0,0
106000299,0,0,0
106000300,0,0,0
106000301,0,0,0
106000303,0,0,0
106000304,0,0,0
106000305,0,0,0
106000306,0,0,0
106000307,0,0,0
106000308,0,0,0
106000309,0,0,0
106000310,37,29,8
106000311,90,14,76
106000312,1,18,-17
106000313,24,3,21
106000318,0,0,0
106000319,333,41,292
106000320,0,0,0
106000321,0,0,0
106000322,0,0,0
106000324,0,0,0
106000325,1392,329,1063
106000326,20,116,-96
106000327,141,3,138
106000328,0,0,0
106000329,0,7,-7
106000330,1,2,-1
106000428,40,170,-130
106000429,0,0,0
106000430,0,0,0
106000431,324,308,16
106000432,5,134,-129
106000433,1057,580,477
106000434,1064,356,708
106000435,1,101,-100
106000436,0,0,0
106000437,26,7,19
106000438,35,3,32
106000439,0,0,0
106000440,13,59,-46
106000441,0,0,0
106000442,62,0,62
106000443,55,74,-19
106000450,0,0,0
106000451,15,17,-2
106000454,0,0,0
106000455,0,22,-22
106000456,33,1,32
106000457,0,0,0
106000458,199,11,188
106000459,0,0,0
106000460,333,14,319
106000461,0,0,0
106000462,0,0,0
106000463,0,1,-1
106000464,0,0,0
106000465,176,0,176
106000466,0,0,0
106000467,0,57,-57
106000468,71,27,44
106000469,28,0,28
106000470,0,0,0
106000471,0,0,0
106000472,11,0,11
106000473,0,0,0
106000474,32,95,-63
106000475,133,73,60
106000476,12,20,-8
106000477,0,0,0
106000480,0,0,0
106900001,0,0,0
106900002,0,0,0
106900003,0,0,0
106900004,0,0,0
106900006,0,0,0
106900007,0,0,0
106900008,0,0,0
106900009,0,0,0
106900010,0,0,0
106900012,0,0,0
106900013,0,0,0
106900014,0,0,0
106900015,0,0,0
106900016,0,0,0
106900017,0,0,0
106900018,0,0,0
106900019,0,0,0
106900020,0,0,0
106900021,0,0,0
106900022,0,0,0
106900023,0,0,0
106900024,0,0,0
106900025,0,0,0
106900026,0,0,0
106900027,195,1,194
107000001,1545,2344,-799
107000002,210,368,-158
107000003,4626,4384,242
107000004,459,418,41
107000005,4610,3277,1333
107000006,328,292,36
107000007,1782,2366,-584
107000008,436,372,64
107000009,4231,3120,1111
107000010,489,367,122
107000011,0,0,0
107000012,0,0,0
107000013,0,0,0
107000014,0,0,0
107000015,0,0,0
107000016,0,0,0
107000017,55,3,52
107000018,0,0,0
107000020,78,392,-314
107000021,39,5,34
107000022,94,402,-308
107000023,228,10,218
107000024,102,246,-144
107000025,55,24,31
107000026,69,50,19
107000027,201,35,166
107000028,62,122,-60
107000029,934,79,855
107000030,66,118,-52
107000031,828,215,613
107000032,111,124,-13
107000033,206,61,145
107000034,0,0,0
107000035,39,60,-21
107000036,0,0,0
107000037,28,117,-89
107000038,4,36,-32
107000039,140,392,-252
107000040,20,4,16
107000041,602,137,465
107000042,56,35,21
107000043,334,102,232
107000044,6,7,-1
107000045,2,34,-32
107000046,455,99,356
107000047,30,53,-23
107000048,334,66,268
107000049,27,103,-76
107000050,334,100,234
107000051,35,214,-179
107000052,390,74,316
107000053,341,75,266
107000054,20,173,-153
107000055,182,135,47
107000056,34,80,-46
107000057,71,220,-149
107000058,976,1203,-227
107000059,0,0,0
107000060,2271,1958,313
107000061,44,12,32
107000062,1888,1154,734
107000063,8,47,-39
107000064,1320,1072,248
107000065,8,14,-6
107000066,739,597,142
107000067,203,142,61
107000068,124,184,-60
107000069,120,315,-195
107000070,199,0,199
107000071,913,18,895
107000072,0,0,0
107000073,268,37,231
107000074,0,0,0
107000075,1401,68,1333
107000076,0,0,0
107000077,1336,68,1268
107000078,0,0,0
107000079,1206,53,1153
107000080,0,0,0
107000081,1029,164,865
107000082,0,0,0
107000083,449,469,-20
107000084,0,0,0
107000085,939,656,283
107000086,124,247,-123
107000087,590,254,336
107000088,127,166,-39
107000089,303,197,106
107000090,65,71,-6
107000091,342,126,216
107000092,62,88,-26
107000093,254,302,-48
107000094,40,68,-28
107000095,1224,607,617
107000096,0,0,0
107000097,291,96,195
107000098,0,0,0
107000099,334,201,133
107000100,0,0,0
107000101,147,142,5
107000102,0,0,0
107000103,233,70,163
107000104,0,0,0
107000105,262,72,190
107000106,0,0,0
107000107,271,105,166
107000108,0,0,0
107000109,226,34,192
107000110,0,0,0
107000111,140,15,125
107000112,0,0,0
107000113,327,16,311
107000114,0,0,0
107000115,418,52,366
107000116,0,0,0
107000117,238,81,157
107000118,0,0,0
107000119,769,237,532
107000120,0,0,0
107000121,456,50,406
107000122,11,112,-101
107000123,456,51,405
107000124,9,65,-56
107000125,720,43,677
107000126,55,92,-37
107000129,0,0,0
107000130,266,162,104
107000131,0,0,0
107000132,338,143,195
107000133,4,0,4
107000134,43,0,43
107000135,0,0,0
107000136,140,0,140
107000137,1,2,-1
107000138,1,0,1
107000139,0,0,0
107000140,100,0,100
107000141,0,7,-7
107000142,49,1,48
107000143,0,9,-9
107000144,76,1,75
107000145,0,19,-19
107000146,0,0,0
107000147,3,30,-27
107000150,0,0,0
107000151,0,0,0
107000152,28,70,-42
107000153,0,0,0
107000154,0,0,0
107000155,67,0,67
107000156,104,0,104
107000157,0,0,0
107000158,87,0,87
107000159,0,0,0
107000160,121,73,48
107000161,0,1,-1
107000162,1,71,-70
107000163,39,0,39
107000164,0,0,0
107000165,0,0,0
107000166,0,0,0
107000167,0,0,0
107000168,505,61,444
107000169,9,4,5
107000170,579,97,482
107000171,10,13,-3
107000172,291,107,184
107000173,5,13,-8
107000174,207,272,-65
107000175,56,8,48
107000176,10,0,10
107000177,0,0,0
107000178,0,1,-1
107000179,0,0,0
107000180,596,25,571
107000181,0,0,0
107000182,500,32,468
107000183,0,0,0
107000184,430,38,392
107000185,0,0,0
107000186,516,75,441
107000187,56,28,28
107000188,0,0,0
107000189,42,31,11
107000190,0,0,0
107000191,118,93,25
107000192,0,0,0
107000193,80,42,38
107000194,0,0,0
107000197,199,48,151
107000198,0,0,0
107000199,152,77,75
107000200,6,39,-33
107000201,59,41,18
107000202,45,52,-7
107000203,59,174,-115
107000204,66,575,-509
107000205,79,69,10
107000206,30,437,-407
107000207,22,33,-11
107000208,17,27,-10
107000209,0,0,0
107000210,0,0,0
107000211,0,0,0
107000212,0,0,0
107000213,0,0,0
107000214,0,0,0
107000215,0,0,0
107000216,0,0,0
107000217,0,0,0
107000219,0,0,0
107000220,0,0,0
107000222,12,48,-36
107000224,21,1,20
107000225,0,0,0
107000226,107,5,102
107000227,0,0,0
107000228,0,0,0
107000229,0,0,0
107000230,30,7,23
107000231,94,102,-8
107000232,0,0,0
107000233,0,0,0
107000234,0,0,0
107000235,202,2,200
107000236,0,0,0
107000237,0,0,0
107000238,6,0,6
107000239,0,0,0
107000240,0,0,0
107000241,0,0,0
107000242,0,0,0
107000243,0,0,0
107000244,16,0,16
107000246,0,0,0
107000249,0,0,0
107000251,0,0,0
107000252,0,0,0
107000255,0,0,0
107000257,0,0,0
107000258,0,0,0
107000259,0,0,0
107000260,0,0,0
107000262,0,0,0
107000263,0,0,0
107000266,0,0,0
107000267,0,0,0
107000268,0,0,0
107000269,0,0,0
107000270,0,0,0
107000271,0,0,0
107000272,0,0,0
107000273,0,0,0
107000274,2,0,2
107000275,0,0,0
107000280,28,2,26
107000281,0,0,0
107000282,0,0,0
107000290,0,0,0
107000291,0,0,0
107000292,0,0,0
107000293,0,0,0
107000294,0,0,0
107000295,0,0,0
107000296,0,24,-24
107000444,62,0,62
107000496,0,0,0
107000497,0,0,0
107000500,0,0,0
107000501,0,0,0
107000502,0,0,0
107000505,0,21,-21
107000506,0,0,0
107000508,0,0,0
107000509,18,65,-47
107000510,0,0,0
107000514,0,0,0
107000515,0,0,0
107000516,104,115,-11
107000518,414,55,359
107000519,0,0,0
107000520,0,0,0
107000521,0,0,0
107000522,295,151,144
107900001,0,0,0
107900002,0,0,0
107900003,0,0,0
107900004,0,0,0
107900005,0,0,0
107900006,0,0,0
107900007,0,0,0
107900008,0,0,0
107900009,0,0,0
107900010,0,0,0
107900012,0,0,0
107900013,0,0,0
107900014,0,0,0
107900015,0,0,0
107900016,0,0,0
107900017,0,0,0
107900018,0,0,0
107900019,0,0,0
107900020,0,0,0
107900021,0,0,0
107900023,0,0,0
107900024,0,0,0
107900025,0,0,0
107900026,0,0,0
107900027,0,0,0
107900028,0,0,0
107900030,0,0,0
107900031,0,0,0
107900032,0,0,0
107900033,0,0,0
107900034,0,0,0
107900035,0,0,0
107900036,0,0,0
107900037,0,0,0
107900038,0,0,0
107900039,0,0,0
107900040,0,0,0
107900041,0,0,0
107900043,0,0,0
107900044,0,0,0
107900045,0,0,0
107900046,0,0,0
107900047,0,0,0
107900048,0,0,0
107900049,0,0,0
107900050,0,0,0
107900051,0,0,0
107900052,0,0,0
107900053,0,0,0
107900055,0,0,0
107900056,0,0,0
107900057,0,0,0
107900058,0,0,0
107900060,0,0,0
107900061,0,0,0
107900063,0,0,0
107900064,0,0,0
107900065,0,0,0
107900066,0,0,0
107900067,0,0,0
107900068,0,0,0
107900069,0,0,0
107900070,0,0,0
107900071,0,0,0
107900072,0,0,0
107900073,0,0,0
107900074,0,0,0
107900076,0,0,0
107900077,0,0,0
107900078,0,0,0
107900079,0,0,0
107900080,0,0,0
107900081,0,0,0
107900082,0,0,0
107900083,0,0,0
107900084,0,0,0
107900086,0,0,0
107900087,0,0,0
107900088,0,0,0
107900089,0,0,0
107900090,0,0,0
107900091,0,0,0
107900092,0,0,0
107900093,0,0,0
107900095,0,0,0
107900097,0,0,0
107900098,0,0,0
107900100,0,0,0
107900101,0,0,0
107900102,0,0,0
107900103,0,0,0
107900104,0,0,0
107900105,0,0,0
107900106,0,0,0
107900107,0,0,0
107900108,0,0,0
107900109,0,0,0
107900110,0,0,0
107900111,0,0,0
107900112,0,0,0
107900113,0,0,0
107900114,0,0,0
107900115,0,0,0
107900116,0,0,0
107900117,0,0,0
107900118,0,0,0
107900119,0,0,0
107900120,0,0,0
107900121,0,0,0
107900122,0,0,0
107900123,0,0,0
107900124,0,0,0
107900125,0,0,0
107900126,0,0,0
107900127,0,0,0
107900128,0,0,0
107900129,0,0,0
107900130,0,0,0
107900131,0,0,0
107900132,0,0,0
107900133,0,0,0
107900134,0,0,0
107900135,0,0,0
107900136,0,0,0
107900137,0,0,0
107900138,0,0,0
107900139,0,0,0
107900140,0,0,0
107900141,0,0,0
107900142,0,0,0
107900143,0,0,0
107900144,0,0,0
107900145,0,0,0
107900146,0,0,0
107900147,0,0,0
107900148,0,0,0
107900149,0,0,0
107900150,0,0,0
107900151,0,0,0
107900152,0,0,0
107900153,0,0,0
107900154,0,0,0
107900155,0,0,0
107900156,0,0,0
107900157,0,0,0
107900158,0,0,0
107900159,0,0,0
107900160,0,0,0
107900161,0,0,0
107900162,0,0,0
107900163,0,0,0
107900164,0,0,0
107900165,0,0,0
107900166,0,0,0
107900167,0,0,0
107900168,0,0,0
107900169,0,0,0
107900171,0,0,0
107900172,0,0,0
107900173,0,0,0
107900174,0,0,0
107900175,0,0,0
107900176,0,0,0
107900177,0,0,0
107900178,0,0,0
107900179,0,0,0
107900180,0,0,0
107900181,0,0,0
107900182,0,0,0
107900183,0,0,0
107900184,0,0,0
107900185,0,0,0
107900186,0,0,0
107900187,0,0,0
107900188,0,0,0
107900189,0,0,0
107900190,0,0,0
107900191,0,0,0
107900193,0,0,0
107900194,0,0,0
107900195,0,0,0
107900196,0,0,0
107900197,0,0,0
107900199,0,0,0
107900201,0,0,0
107900203,0,0,0
107900204,0,0,0
107900205,0,0,0
107900206,0,0,0
107900207,0,0,0
107900208,0,0,0
107900209,0,0,0
107900210,0,0,0
107900213,0,0,0
107900214,0,0,0
107900215,0,0,0
107900216,0,0,0
107900217,0,0,0
107900218,0,0,0
107900219,0,0,0
107900220,0,0,0
107900221,0,0,0
107900223,0,0,0
107900224,0,0,0
107900225,0,0,0
107900226,0,0,0
107900227,0,0,0
107900228,0,0,0
107900229,0,0,0
107900230,0,0,0
107900231,0,0,0
107900232,0,0,0
107900233,0,0,0
107900234,0,0,0
107900235,0,0,0
107900236,0,0,0
107900237,0,0,0
107900238,0,0,0
107900239,0,0,0
107900240,0,0,0
107900241,0,0,0
107900242,0,0,0
107900243,0,0,0
107900244,0,0,0
107900245,0,0,0
107900246,0,0,0
107900248,0,0,0
107900249,0,0,0
107900250,0,0,0
107900251,0,0,0
107900252,0,0,0
107900253,0,0,0
107900254,0,0,0
107900255,0,0,0
107900256,0,0,0
107900257,0,0,0
107900258,0,0,0
107900259,0,0,0
107900261,0,0,0
107900262,0,0,0
107900264,0,0,0
107900265,0,0,0
107900267,0,0,0
107900268,0,0,0
107900269,0,0,0
107900270,0,0,0
107900271,0,0,0
107900272,0,0,0
107900273,0,0,0
107900274,0,0,0
107900275,0,0,0
107900276,0,0,0
107900277,0,0,0
107900278,0,0,0
107900279,0,0,0
107900280,0,0,0
107900281,0,0,0
107900282,0,0,0
107900283,0,0,0
107900284,0,0,0
107900285,0,0,0
107900286,0,0,0
107900287,0,0,0
107900290,0,0,0
107900291,0,0,0
107900292,0,0,0
107900293,0,0,0
107900295,0,0,0
107900297,0,0,0
107900298,0,0,0
107900299,0,0,0
107900300,20,21,-1
107900301,4,30,-26
107900302,0,0,0
107900303,0,0,0
107900304,0,0,0
107900305,0,0,0
107900306,0,0,0
107900307,0,0,0
107900308,0,0,0
107900309,0,0,0
107900310,0,0,0
107900311,0,0,0
107900312,0,0,0
107900313,0,0,0
107900314,0,0,0
107900315,0,0,0
107900316,0,0,0
107900317,0,0,0
107900318,0,0,0
107900319,0,0,0
107900320,0,0,0
107900321,0,0,0
107900322,0,0,0
107900323,0,0,0
107900324,0,0,0
107900325,0,0,0
107900326,0,0,0
107900327,0,0,0
107900328,0,0,0
107900329,0,0,0
107900330,0,0,0
107900331,0,0,0
107900332,0,0,0
107900333,0,0,0
107900334,0,0,0
107900335,0,0,0
107900336,0,0,0
107900337,0,0,0
107900338,0,0,0
107900339,0,0,0
107900340,0,0,0
107900341,0,0,0
107900342,0,0,0
107900343,0,0,0
107900344,0,0,0
107900345,2,2,0
107900346,0,0,0
107900347,0,0,0
107900348,0,0,0
107900349,0,0,0
107900350,0,0,0
108000001,2411,1274,1137
108000002,88,198,-110
108000003,1639,877,762
108000004,409,1457,-1048
108000005,4832,1540,3292
108000006,96,590,-494
108000007,4372,1119,3253
108000008,423,320,103
108000009,2843,1328,1515
108000010,212,241,-29
108000011,5191,1653,3538
108000012,566,693,-127
108000014,172,0,172
108000015,476,5,471
108000016,0,3,-3
108000017,493,20,473
108000018,1600,85,1515
108000019,205,68,137
108000020,527,127,400
108000021,0,0,0
108000022,23,28,-5
108000023,754,97,657
108000024,99,7,92
108000025,41,3,38
108000026,476,45,431
108000027,94,10,84
108000028,418,7,411
108000029,117,4,113
108000030,405,26,379
108000031,46,2,44
108000032,1206,105,1101
108000033,0,0,0
108000034,1103,63,1040
108000035,0,0,0
108000036,22,30,-8
108000037,574,67,507
108000038,903,69,834
108000039,22,17,5
108000040,1173,167,1006
108000041,6,28,-22
108000042,380,6,374
108000043,46,1,45
108000044,645,6,639
108000045,13,0,13
108000046,1084,166,918
108000047,0,0,0
108000048,0,0,0
108000049,333,22,311
108000050,0,4,-4
108000051,132,28,104
108000052,5,8,-3
108000053,215,45,170
108000054,3,70,-67
108000055,449,129,320
108000056,31,30,1
108000057,404,448,-44
108000058,645,658,-13
108000059,1,102,-101
108000060,212,159,53
108000061,0,0,0
108000062,316,80,236
108000063,0,0,0
108000064,116,104,12
108000065,0,0,0
108000066,466,41,425
108000067,915,16,899
108000068,553,91,462
108000069,0,0,0
108000070,1486,68,1418
108000071,0,0,0
108000072,1756,156,1600
108000073,0,0,0
108000074,443,133,310
108000075,0,0,0
108000076,881,231,650
108000077,0,0,0
108000078,1937,614,1323
108000079,0,0,0
108000080,1194,237,957
108000081,0,0,0
108000082,0,0,0
108000083,160,21,139
108000084,0,0,0
108000085,73,57,16
108000086,0,0,0
108000087,54,250,-196
108000088,163,1,162
108000089,0,0,0
108000090,422,28,394
108000091,0,0,0
108000092,463,8,455
108000093,0,0,0
108000094,863,50,813
108000095,0,0,0
108000096,526,302,224
108000097,0,0,0
108000098,1268,82,1186
108000099,106,31,75
108000100,114,49,65
108000101,1026,243,783
108000102,412,614,-202
108000106,231,0,231
108000107,0,0,0
108000108,137,6,131
108000109,0,0,0
108000110,5,10,-5
108000111,0,0,0
108000112,2,20,-18
108000113,113,32,81
108000115,67,31,36
108000117,131,15,116
108000118,9,0,9
108000119,90,15,75
108000120,595,161,434
108000121,47,12,35
108000122,567,56,511
108000123,431,55,376
108000124,0,0,0
108000125,512,72,440
108000126,0,0,0
108000127,615,20,595
108000128,0,0,0
108000129,0,0,0
108000130,320,59,261
108000131,335,56,279
108000132,0,0,0
108000133,841,43,798
108000134,0,0,0
108000135,1478,19,1459
108000136,0,0,0
108000137,55,10,45
108000138,14,36,-22
108000139,82,40,42
108000140,0,0,0
108000141,0,0,0
108000142,0,0,0
108000143,0,0,0
108000144,0,0,0
108000145,0,0,0
108000146,0,0,0
108000147,0,0,0
108000148,0,0,0
108000149,0,0,0
108000150,0,0,0
108000151,0,0,0
108000152,0,0,0
108000153,0,0,0
108000154,0,0,0
108000155,0,0,0
108000156,0,0,0
108000157,0,0,0
108000158,0,0,0
108000159,48,23,25
108000160,81,10,71
108000161,214,36,178
108000165,0,0,0
108000172,0,0,0
108000173,0,0,0
108000175,355,14,341
108000178,0,0,0
108000179,79,467,-388
108000181,0,0,0
108000182,0,0,0
108000183,0,0,0
108000184,41,173,-132
108000185,0,0,0
108000186,0,0,0
108000187,0,0,0
108000188,0,0,0
108000189,84,19,65
108000190,0,0,0
108000192,0,0,0
108000193,0,0,0
108000194,14,0,14
108000195,0,0,0
108000196,83,45,38
108000198,0,0,0
108000199,0,0,0
108000200,0,0,0
108000202,1,146,-145
108000203,0,0,0
108000204,0,0,0
108000205,0,0,0
108000339,184,23,161
108000364,47,15,32
108000365,20,15,5
108000367,0,0,0
108000368,0,0,0
108000369,0,0,0
108000371,0,0,0
108000372,133,0,133
108000373,60,9,51
108000376,0,0,0
108000377,55,102,-47
108000378,6032,3189,2843
108000379,0,0,0
108000381,0,0,0
108000382,59,0,59
108000383,0,0,0
108900001,0,0,0
108900002,0,0,0
108900003,0,0,0
108900004,48,31,17
108900005,1,20,-19
108900006,2,2,0
108900007,82,23,59
108900008,17,6,11
108900009,6,0,6
108900010,0,0,0
108900011,67,21,46
108900012,37,4,33
108900013,90,36,54
108900014,0,0,0
108900015,0,0,0
108900016,0,0,0
108900017,0,0,0
108900018,0,0,0
108900019,0,0,0
108900020,0,0,0
108900021,0,0,0
108900022,0,0,0
108900023,0,0,0
108900024,0,0,0
108900025,0,0,0
108900026,0,0,0
108900027,0,0,0
108900028,0,0,0
108900029,0,0,0
108900030,0,0,0
108900031,0,0,0
108900032,0,0,0
108900033,0,0,0
108900034,0,0,0
108900035,0,0,0
108900036,0,0,0
108900037,0,0,0
108900038,0,0,0
108900039,0,0,0
108900040,0,0,0
108900041,169,69,100
108900042,0,0,0
108900043,0,0,0
108900044,0,0,0
108900045,0,0,0
108900046,0,0,0
108900047,0,0,0
108900048,0,0,0
108900049,0,0,0
108900050,0,0,0
108900051,0,0,0
108900052,0,0,0
108900053,0,0,0
108900054,0,0,0
108900055,0,0,0
108900056,0,0,0
108900057,0,0,0
108900058,0,0,0
108900059,0,0,0
108900060,0,5,-5
108900061,0,0,0
108900062,0,0,0
108900063,0,0,0
108900064,0,0,0
108900065,0,0,0
108900066,60,5,55
108900067,0,0,0
108900068,0,0,0
108900069,0,0,0
108900070,0,0,0
108900071,2,0,2
108900072,0,0,0
108900073,0,0,0
108900074,0,0,0
108900075,0,0,0
108900076,2,0,2
108900077,0,0,0
108900078,0,0,0
108900079,0,0,0
108900080,0,0,0
108900081,0,0,0
108900082,0,0,0
108900083,0,0,0
108900084,0,0,0
108900085,0,0,0
108900086,0,0,0
108900087,0,0,0
108900088,15,2,13
108900089,0,0,0
108900090,0,0,0
108900091,0,0,0
108900092,61,6,55
108900093,0,0,0
108900094,0,0,0
108900095,0,0,0
108900096,0,0,0
108900097,6,1,5
108900098,0,0,0
108900099,24,0,24
108900100,0,0,0
108900101,0,0,0
108900102,0,0,0
108900103,0,0,0
108900104,0,0,0
108900105,0,0,0
108900106,24,0,24
108900108,0,0,0
108900109,0,0,0
108900110,21,6,15
108900111,15,0,15
108900112,0,0,0
108900113,0,0,0
108900114,0,0,0
108900115,0,0,0
108900116,0,0,0
108900117,0,0,0
108900118,0,0,0
108900119,0,0,0
108900120,0,0,0
108900121,0,0,0
108900122,0,0,0
108900123,0,0,0
108900124,0,0,0
108900125,0,0,0
108900126,0,0,0
108900127,0,0,0
108900128,0,0,0
108900129,0,0,0
108900130,0,0,0
108900131,0,0,0
108900132,0,0,0
108900133,0,0,0
108900134,0,0,0
108900135,0,0,0
108900136,0,0,0
108900137,0,0,0
108900138,0,0,0
108900139,0,0,0
108900140,0,0,0
108900141,0,0,0
108900142,0,0,0
108900143,0,0,0
108900144,0,0,0
108900145,0,0,0
108900146,0,0,0
108900147,0,0,0
108900148,0,0,0
108900149,0,0,0
108900150,0,0,0
108900151,0,0,0
108900152,0,0,0
108900153,0,0,0
108900154,6,0,6
108900155,0,0,0
108900156,0,0,0
108900157,0,0,0
108900158,0,0,0
108900159,0,0,0
108900160,0,0,0
108900161,0,0,0
108900162,0,0,0
108900163,0,0,0
108900164,0,0,0
108900165,0,0,0
108900167,0,0,0
108900168,0,0,0
108900169,0,0,0
108900171,15,102,-87
108900172,0,0,0
108900173,0,0,0
108900174,0,0,0
108900176,0,0,0
108900177,0,0,0
108900178,0,0,0
108900179,2,48,-46
108900180,2,22,-20
108900182,0,5,-5
108900183,0,0,0
108900184,39,0,39
108900185,0,0,0
108900186,0,0,0
108900187,0,0,0
108900188,0,0,0
108900189,4,0,4
108900190,0,0,0
108900191,0,0,0
108900192,0,0,0
108900193,0,0,0
108900194,0,0,0
108900195,1,0,1
108900196,0,0,0
108900198,0,0,0
108900199,0,0,0
108900200,8,0,8
108900201,0,0,0
108900203,0,0,0
108900204,0,0,0
108900205,0,0,0
108900206,0,0,0
108900207,0,0,0
108900208,0,0,0
108900209,0,0,0
108900210,0,0,0
108900211,0,0,0
108900212,0,0,0
108900215,0,0,0
108900216,0,0,0
108900217,0,0,0
108900218,0,0,0
108900219,0,0,0
108900220,0,0,0
108900221,0,0,0
108900222,0,0,0
108900223,0,0,0
108900224,0,0,0
108900225,0,0,0
108900226,0,0,0
108900227,0,0,0
108900230,0,0,0
108900231,0,0,0
108900232,0,0,0
108900233,0,0,0
108900234,0,0,0
108900235,0,0,0
108900236,0,0,0
108900237,0,0,0
108900240,0,0,0
108900241,0,0,0
108900245,0,0,0
108900249,0,0,0
108900250,0,0,0
108900257,0,0,0
108900258,0,0,0
108900259,0,0,0
108900260,0,0,0
108900261,0,0,0
108900262,0,0,0
108900263,0,0,0
108900264,0,0,0
108900265,0,0,0
108900266,0,0,0
108900267,0,0,0
108900268,0,0,0
108900269,0,0,0
108900270,0,0,0
108900271,0,0,0
108900272,0,0,0
108900273,0,0,0
108900274,0,0,0
109000001,1015,598,417
109000002,1,316,-315
109000003,1831,283,1548
109000004,1,159,-158
109000005,1562,165,1397
109000006,0,149,-149
109000007,1528,233,1295
109000008,1,119,-118
109000009,2058,390,1668
109000010,27,229,-202
109000011,2511,681,1830
109000012,35,211,-176
109000013,3036,911,2125
109000014,56,306,-250
109000015,3923,645,3278
109000016,78,311,-233
109000017,2210,565,1645
109000018,60,280,-220
109000019,1875,298,1577
109000020,16,229,-213
109000023,14,1,13
109000024,0,0,0
109000025,0,0,0
109000026,33,0,33
109000027,0,0,0
109000028,21,2,19
109000029,0,0,0
109000030,0,0,0
109000031,346,43,303
109000032,0,0,0
109000033,222,68,154
109000034,0,0,0
109000035,0,0,0
109000036,0,5,-5
109000037,0,0,0
109000038,31,23,8
109000039,0,0,0
109000040,0,0,0
109000041,50,91,-41
109000042,22,66,-44
109000044,104,25,79
109000045,0,0,0
109000046,165,27,138
109000047,0,0,0
109000048,252,74,178
109000049,0,0,0
109000050,189,99,90
109000051,0,0,0
109000052,0,0,0
109000053,0,0,0
109000054,0,0,0
109000055,0,0,0
109000056,0,0,0
109000057,0,0,0
109000058,0,0,0
109000059,0,0,0
109000060,3,20,-17
109000061,0,0,0
109000062,6,28,-22
109000063,0,0,0
109000064,6,41,-35
109000065,0,0,0
109000066,34,0,34
109000067,0,0,0
109000068,128,2,126
109000069,300,16,284
109000070,0,0,0
109000071,0,0,0
109000072,0,0,0
109000073,0,0,0
109000074,0,0,0
109000075,0,0,0
109000076,2,51,-49
109000077,28,2,26
109000078,2,1,1
109000079,38,0,38
109000080,25,1,24
109000081,36,9,27
109000082,81,9,72
109000083,46,7,39
109000088,0,17,-17
109000089,0,0,0
109000090,0,14,-14
109000091,0,0,0
109000092,2,24,-22
109000093,0,0,0
109000094,6,0,6
109000095,1,6,-5
109000096,43,5,38
109000097,0,0,0
109000098,45,20,25
109000099,230,6,224
109000100,0,23,-23
109000101,425,6,419
109000102,7,39,-32
109000103,16,26,-10
109000104,511,15,496
109000105,9,82,-73
109000106,503,11,492
109000107,18,63,-45
109000108,473,29,444
109000109,21,67,-46
109000110,157,109,48
109000111,59,188,-129
109000112,0,0,0
109000113,13,2,11
109000114,161,100,61
109000115,149,5,144
109000116,0,0,0
109000117,154,13,141
109000118,0,0,0
109000119,395,1,394
109000120,0,0,0
109000121,264,16,248
109000122,0,0,0
109000123,0,0,0
109000124,65,0,65
109000125,680,18,662
109000126,0,0,0
109000127,660,14,646
109000128,0,0,0
109000129,564,81,483
109000130,0,0,0
109000131,153,251,-98
109000132,2,28,-26
109000133,0,0,0
109000134,0,0,0
109000135,0,0,0
109000136,26,20,6
109000137,80,1,79
109000138,27,6,21
109000139,89,26,63
109000140,11,4,7
109000141,86,10,76
109000142,0,0,0
109000143,0,0,0
109000145,0,0,0
109000146,15,32,-17
109000148,0,0,0
109000149,0,0,0
109000150,4,91,-87
109000155,0,0,0
109000156,249,12,237
109000158,0,0,0
109000159,49,24,25
109000160,0,0,0
109000161,425,56,369
109000162,77,12,65
109000163,551,43,508
109000164,54,18,36
109000165,478,152,326
109000166,61,27,34
109000167,1,5,-4
109000170,0,0,0
109000171,0,0,0
109000172,0,0,0
109000173,0,0,0
109000174,0,0,0
109000175,0,0,0
109000176,35,3,32
109000177,0,0,0
109000178,19,0,19
109000179,0,0,0
109000180,0,0,0
109000181,0,0,0
109000182,0,0,0
109000183,0,0,0
109000184,0,0,0
109000185,7,7,0
109000188,10,33,-23
109000189,59,1,58
109000190,0,0,0
109000191,451,34,417
109000192,0,0,0
109000193,0,0,0
109000194,0,0,0
109000195,0,0,0
109000196,0,0,0
109000197,0,0,0
109000198,0,0,0
109000199,0,0,0
109000206,0,0,0
109000207,0,0,0
109000208,0,0,0
109000209,0,0,0
109000210,0,0,0
109000211,0,0,0
109000214,68,37,31
109000215,213,43,170
109000216,61,217,-156
109000217,0,0,0
109000218,0,0,0
109000221,0,31,-31
109000222,7,10,-3
109000223,8,54,-46
109000224,0,0,0
109000225,15,2,13
109000226,25,6,19
109000227,62,10,52
109000228,0,0,0
109000231,0,7,-7
109000232,54,3,51
109000236,0,0,0
109000241,52,35,17
109000242,363,56,307
109000293,0,0,0
109000361,0,0,0
109000364,0,0,0
109000396,0,2,-2
109000397,0,0,0
109000399,1,28,-27
109000400,0,0,0
109000403,0,0,0
109000406,100,6,94
109000407,0,0,0
109000408,0,115,-115
109000410,0,0,0
109000411,23,1,22
109900001,0,0,0
109900002,0,0,0
109900003,0,0,0
109900004,0,0,0
109900005,0,0,0
109900006,0,0,0
109900007,0,0,0
109900008,0,0,0
109900009,0,0,0
109900010,0,0,0
109900011,0,0,0
109900012,0,0,0
109900013,0,0,0
109900014,0,0,0
109900015,0,0,0
109900016,0,0,0
109900017,0,0,0
109900018,0,0,0
109900019,0,0,0
109900020,0,0,0
109900021,0,0,0
109900022,5,1,4
109900023,0,0,0
109900024,0,0,0
109900025,0,0,0
109900026,0,0,0
109900027,0,0,0
109900028,0,0,0
109900029,0,0,0
109900030,0,0,0
109900031,0,0,0
109900032,0,0,0
109900033,0,0,0
109900034,0,0,0
109900035,0,0,0
109900036,0,0,0
109900037,0,0,0
109900038,0,0,0
109900039,0,0,0
109900040,0,0,0
109900041,0,0,0
109900042,0,0,0
109900044,0,0,0
109900045,0,0,0
109900046,0,0,0
109900047,0,0,0
109900048,0,0,0
109900049,0,0,0
109900050,0,0,0
109900051,0,0,0
109900052,0,0,0
109900053,0,0,0
109900054,0,0,0
109900055,0,0,0
109900056,0,0,0
109900057,0,0,0
109900058,0,0,0
109900059,0,0,0
109900060,0,0,0
109900061,0,0,0
109900062,0,0,0
109900063,0,0,0
109900064,15,1,14
109900065,0,0,0
109900066,0,0,0
109900067,0,0,0
109900068,0,0,0
109900069,0,0,0
109900070,0,0,0
109900071,0,0,0
109900072,0,0,0
109900073,0,0,0
109900074,0,0,0
109900075,0,0,0
109900076,0,0,0
109900077,0,0,0
109900078,0,0,0
109900080,0,0,0
109900081,0,0,0
109900082,0,0,0
109900083,0,0,0
109900084,0,0,0
109900085,0,0,0
109900086,0,0,0
109900087,0,0,0
109900089,0,0,0
109900090,0,0,0
109900091,0,0,0
109900092,0,0,0
109900093,0,0,0
109900094,0,0,0
109900095,0,0,0
109900096,0,0,0
109900097,0,0,0
109900098,0,0,0
109900099,0,0,0
109900100,0,0,0
109900101,0,0,0
109900102,0,0,0
109900103,0,0,0
109900104,0,0,0
109900105,0,0,0
109900106,0,0,0
109900107,0,0,0
109900108,0,0,0
109900109,0,0,0
109900110,0,0,0
109900111,0,0,0
109900112,0,0,0
109900113,0,0,0
109900114,0,0,0
109900115,0,0,0
109900117,0,0,0
109900118,0,0,0
109900119,0,0,0
109900120,0,0,0
109900121,0,0,0
109900122,0,0,0
109900123,0,0,0
109900124,0,0,0
109900125,0,0,0
109900126,0,0,0
109900128,0,0,0
109900130,0,0,0
109900131,0,0,0
109900132,0,0,0
109900133,0,0,0
109900134,0,0,0
109900135,0,0,0
109900136,0,0,0
109900137,0,0,0
109900140,0,0,0
109900142,0,0,0
109900145,0,0,0
109900146,0,0,0
109900148,0,0,0
109900149,0,0,0
109900150,0,0,0
109900151,0,0,0
109900152,0,0,0
109900153,0,0,0
109900154,0,0,0
109900155,0,0,0
109900157,0,0,0
109900158,0,0,0
109900159,0,0,0
109900160,0,0,0
109900161,0,0,0
109900162,0,0,0
109900163,0,0,0
109900164,0,0,0
109900165,0,0,0
109900166,0,0,0
109900167,0,0,0
109900168,0,0,0
109900169,0,0,0
109900170,0,0,0
109900171,0,0,0
109900172,0,0,0
109900173,0,0,0
109900174,0,0,0
109900175,0,0,0
109900176,0,0,0
109900177,0,0,0
109900178,0,0,0
109900179,0,0,0
109900180,0,0,0
110000001,55,72,-17
110000002,632,292,340
110000003,110,287,-177
110000004,590,202,388
110000005,41,52,-11
110000006,3,97,-94
110000007,7,0,7
110000008,0,0,0
110000009,1,0,1
110000010,0,0,0
110000011,7,1,6
110000012,0,0,0
110000013,2,9,-7
110000014,17,20,-3
110000015,10,8,2
110000016,53,48,5
110000017,66,36,30
110000018,4,32,-28
110000019,0,0,0
110000020,0,0,0
110000021,55,9,46
110000022,0,0,0
110000023,0,0,0
110000024,0,0,0
110000025,0,0,0
110000026,0,0,0
110000027,9,27,-18
110000028,176,20,156
110000029,0,0,0
110000030,77,20,57
110000031,0,0,0
110000032,117,2,115
110000033,3,6,-3
110000034,2,1,1
110000035,18,16,2
110000036,51,0,51
110000037,10,25,-15
110000038,17,1,16
110000039,176,78,98
110000040,0,0,0
110000041,230,130,100
110000042,0,0,0
110000043,108,125,-17
110000044,0,0,0
110000045,3,36,-33
110000046,0,0,0
110000047,4,37,-33
110000048,0,0,0
110000049,2,2,0
110000050,0,0,0
110000051,0,1,-1
110000052,6,3,3
110000053,3,0,3
110000054,0,0,0
110000055,44,16,28
110000056,156,74,82
110000057,0,0,0
110000058,124,109,15
110000059,16,87,-71
110000060,811,216,595
110000061,82,166,-84
110000062,746,169,577
110000063,0,0,0
110000064,12,7,5
110000065,0,0,0
110000066,0,0,0
110000067,2,2,0
110000068,1,2,-1
110000069,0,0,0
110000071,0,0,0
110000073,0,0,0
110000075,0,0,0
110000076,0,0,0
110000077,0,0,0
110000078,0,0,0
110000080,32,9,23
110000081,1,0,1
110000082,0,0,0
110000083,35,148,-113
110000084,427,172,255
110000085,290,392,-102
110000086,414,215,199
110000087,0,36,-36
110000088,0,151,-151
110000089,381,2,379
110000090,0,0,0
110000091,0,0,0
110000092,0,0,0
110000093,107,8,99
110000094,7,2,5
110000095,538,64,474
110000096,106,55,51
110000097,731,104,627
110000098,473,49,424
110000099,65,77,-12
110000100,61,0,61
110000101,0,0,0
110000102,0,0,0
110000104,0,0,0
110000105,18,4,14
110000106,0,0,0
110000107,5,34,-29
110000108,413,1,412
110000109,0,0,0
110000110,1059,166,893
110000111,0,0,0
110000112,0,0,0
110000113,0,0,0
110000114,0,3,-3
110000115,8,24,-16
110000116,3,17,-14
110000117,0,0,0
110000118,194,14,180
110000119,0,0,0
110000120,83,14,69
110000121,0,0,0
110000122,19,5,14
110000123,80,104,-24
110000124,0,0,0
110000125,294,26,268
110000126,104,9,95
110000127,364,13,351
110000128,0,0,0
110000129,0,0,0
110000130,40,15,25
110000131,0,0,0
110000132,0,0,0
110000133,0,0,0
110000134,0,0,0
110000135,32,1,31
110000136,0,0,0
110000137,150,1,149
110000138,0,0,0
110000139,131,4,127
110000140,693,17,676
110000143,121,11,110
110000144,1163,349,814
110000145,268,83,185
110000146,860,102,758
110000147,0,0,0
110000148,81,21,60
110000151,11,31,-20
110000152,0,0,0
110000153,0,0,0
110000154,2,2,0
110000155,78,459,-381
110000156,18,155,-137
110000157,70,349,-279
110000160,0,0,0
110000161,0,0,0
110000166,0,0,0
110000167,350,56,294
110000168,580,81,499
110000169,280,157,123
110000170,70,20,50
110000171,266,21,245
110000172,20,41,-21
110000173,73,10,63
110000174,0,0,0
110000175,79,6,73
110000176,25,20,5
110000177,15,53,-38
110000178,157,44,113
110000179,65,76,-11
110000180,44,34,10
110000181,141,14,127
110000182,89,5,84
110000183,288,76,212
110000184,140,82,58
110000185,0,0,0
110000186,0,0,0
110000191,155,0,155
110000192,0,0,0
110000193,0,0,0
110000194,0,0,0
110000195,0,0,0
110000196,0,0,0
110000197,0,0,0
110000198,0,0,0
110000199,0,0,0
110000200,17,0,17
110000201,0,0,0
110000202,0,0,0
110000203,0,0,0
110000204,0,0,0
110000205,0,0,0
110000206,0,0,0
110000207,0,0,0
110000208,0,0,0
110000209,0,0,0
110000210,764,177,587
110000211,746,232,514
110000212,131,34,97
110000213,20,0,20
110000214,51,1,50
110000215,0,0,0
110000216,0,0,0
110000217,200,0,200
110000218,0,0,0
110000219,66,0,66
110000220,0,0,0
110000221,35,0,35
110000222,0,0,0
110000223,0,0,0
110000224,0,0,0
110000225,0,0,0
110000226,385,29,356
110000227,0,0,0
110000228,41,1,40
110000229,0,0,0
110000230,315,82,233
110000231,101,74,27
110000232,0,0,0
110000233,70,2,68
110000234,158,33,125
110000235,134,111,23
110000236,0,0,0
110000237,0,0,0
110000238,332,123,209
110000239,0,0,0
110000240,0,0,0
110000242,0,0,0
110000243,0,0,0
110000244,0,0,0
110000245,0,0,0
110000246,19,9,10
110000247,97,123,-26
110000248,82,23,59
110000249,0,0,0
110000250,0,2,-2
110000251,2,29,-27
110000252,52,2,50
110000253,81,38,43
110000254,0,0,0
110000255,0,0,0
110000256,38,35,3
110000257,22,3,19
110000258,0,5,-5
110000259,0,0,0
110000260,5,2,3
110000263,0,0,0
110000264,2,1,1
110000265,1143,157,986
110000266,436,402,34
110000267,0,0,0
110000268,3,1,2
110000269,0,0,0
110000270,66,0,66
110000271,164,26,138
110000272,201,274,-73
110000273,152,161,-9
110000274,42,179,-137
110000275,132,14,118
110000276,6,148,-142
110000277,588,118,470
110000278,1,145,-144
110000279,438,113,325
110000280,358,47,311
110000281,0,0,0
110000282,43,0,43
110000283,0,0,0
110000284,0,0,0
110000285,0,0,0
110000286,19,0,19
110000287,0,0,0
110000288,0,0,0
110000289,0,0,0
110000290,0,0,0
110000291,149,11,138
110000292,0,0,0
110000293,244,20,224
110000294,0,0,0
110000295,81,10,71
110000296,0,0,0
110000297,0,0,0
110000298,0,0,0
110000299,0,0,0
110000301,0,0,0
110000302,0,0,0
110000303,0,0,0
110000304,0,0,0
110000305,95,0,95
110000306,0,0,0
110000307,74,1,73
110000308,157,0,157
110000309,0,0,0
110000310,76,0,76
110000311,0,0,0
110000312,17,0,17
110000313,0,0,0
110000314,0,0,0
110000315,53,230,-177
110000316,4,141,-137
110000317,0,0,0
110000318,0,0,0
110000319,0,0,0
110000320,0,0,0
110000321,0,0,0
110000322,2,15,-13
110000323,0,0,0
110000324,0,0,0
110000325,580,411,169
110000327,154,0,154
110000328,0,0,0
110000333,60,161,-101
110000334,3,9,-6
110000335,24,16,8
110000336,2,18,-16
110000337,673,117,556
110000338,58,19,39
110000339,33,35,-2
110000340,0,2,-2
110000341,53,3,50
110000342,6,0,6
110000343,0,0,0
110000344,0,0,0
110000345,1,3,-2
110000346,257,250,7
110000347,702,230,472
110000348,0,0,0
110000349,0,0,0
110000350,12,1,11
110000351,477,108,369
110000352,0,0,0
110000353,929,89,840
110000354,2,6,-4
110000355,0,0,0
110000356,200,2,198
110000357,0,0,0
110000361,0,0,0
110000362,0,14,-14
110000363,109,1,108
110000364,105,50,55
110000365,25,0,25
110000366,0,0,0
110000367,0,0,0
110000368,0,0,0
110000369,7,0,7
110000373,0,0,0
110000374,0,0,0
110000375,113,8,105
110000376,0,0,0
110000377,71,137,-66
110000378,0,0,0
110000379,527,139,388
110000380,126,3,123
110000383,0,0,0
110000384,213,5,208
110000385,0,0,0
110000387,20,0,20
110000388,0,0,0
110000389,730,28,702
110000391,261,20,241
110000396,0,0,0
110000397,0,0,0
110000398,0,0,0
110000399,532,2,530
110000587,1,1,0
110000589,1,0,1
110000640,0,0,0
110000652,0,0,0
110000653,0,0,0
110000654,0,0,0
110000656,0,0,0
110000674,0,0,0
110000675,0,0,0
110000676,0,0,0
110000679,0,0,0
110000682,5,30,-25
110000683,68,49,19
110000684,0,0,0
110000685,12,3,9
110000686,0,0,0
110000687,5,0,5
110000688,43,0,43
110000689,0,0,0
110000692,6,6,0
110000693,0,0,0
110000694,0,0,0
110000695,0,0,0
110000696,44,15,29
110900001,2,1,1
110900002,0,0,0
110900003,0,0,0
110900004,0,0,0
110900005,0,0,0
110900006,0,0,0
110900007,0,0,0
110900008,0,0,0
110900009,0,0,0
110900010,0,0,0
110900011,0,0,0
110900012,0,0,0
110900013,0,0,0
110900014,0,0,0
110900015,0,0,0
110900016,0,0,0
110900017,0,0,0
110900018,0,0,0
110900019,0,0,0
110900020,0,0,0
110900021,0,0,0
110900022,0,0,0
110900023,0,0,0
110900024,0,0,0
110900025,0,0,0
110900027,0,0,0
110900028,0,0,0
110900029,0,0,0
110900030,0,0,0
110900031,0,0,0
110900032,0,0,0
110900033,0,0,0
110900035,0,0,0
110900036,0,0,0
110900037,0,0,0
110900038,0,0,0
110900039,0,0,0
110900040,0,0,0
110900041,0,0,0
110900042,0,0,0
110900043,0,0,0
110900044,0,0,0
110900045,0,0,0
110900046,0,0,0
110900047,0,0,0
110900049,0,0,0
110900050,0,0,0
110900051,0,0,0
110900052,0,0,0
110900053,0,0,0
110900054,0,0,0
110900055,0,0,0
110900056,0,0,0
110900057,0,0,0
110900058,0,0,0
110900059,0,0,0
110900060,0,0,0
110900061,0,0,0
110900062,0,0,0
110900063,0,0,0
110900064,0,0,0
110900065,0,0,0
110900066,0,0,0
110900067,0,0,0
110900068,0,0,0
110900069,0,0,0
110900071,0,0,0
110900073,0,0,0
110900074,0,0,0
110900075,0,0,0
110900077,0,0,0
110900078,0,0,0
110900079,0,0,0
110900080,0,0,0
110900081,0,0,0
110900082,0,0,0
110900083,0,0,0
110900084,0,0,0
110900085,0,0,0
110900086,0,0,0
110900087,0,0,0
110900088,0,0,0
110900090,0,0,0
110900091,0,0,0
110900093,0,0,0
110900095,0,0,0
110900097,0,0,0
110900098,0,0,0
110900099,0,0,0
110900100,0,0,0
110900102,0,0,0
110900105,0,0,0
110900108,0,0,0
110900111,0,0,0
110900112,0,0,0
110900113,0,0,0
110900115,0,0,0
110900116,0,0,0
110900118,0,0,0
110900119,0,0,0
110900120,0,0,0
110900121,0,0,0
110900122,0,0,0
110900125,0,0,0
110900127,0,0,0
110900128,0,0,0
110900129,0,0,0
110900130,0,0,0
110900131,0,0,0
110900132,0,0,0
110900133,0,0,0
110900135,0,0,0
110900136,0,0,0
110900137,0,0,0
110900138,0,0,0
110900139,0,0,0
110900140,0,0,0
110900141,0,0,0
110900142,0,0,0
110900143,0,0,0
110900144,0,0,0
110900145,0,0,0
110900146,0,0,0
110900147,0,0,0
110900148,0,0,0
110900149,0,0,0
110900150,0,0,0
110900151,0,0,0
110900152,0,0,0
110900153,0,0,0
111000001,108,33,75
111000002,0,0,0
111000003,532,67,465
111000004,0,0,0
111000005,484,76,408
111000006,0,0,0
111000007,836,116,720
111000008,0,0,0
111000009,10,160,-150
111000010,753,143,610
111000011,20,25,-5
111000012,364,80,284
111000013,11,66,-55
111000014,702,102,600
111000017,0,0,0
111000018,0,0,0
111000020,0,0,0
111000021,31,3,28
111000023,75,5,70
111000025,90,214,-124
111000029,0,0,0
111000030,0,0,0
111000031,591,172,419
111000032,55,25,30
111000033,39,11,28
111000034,8,24,-16
111000037,0,0,0
111000038,11,19,-8
111000039,12,3,9
111000040,2,13,-11
111000041,0,0,0
111000042,0,0,0
111000043,1040,168,872
111000044,924,141,783
111000045,1015,391,624
111000046,483,186,297
111000047,622,227,395
111000049,58,45,13
111000050,0,0,0
111000051,0,0,0
111000052,0,0,0
111000053,0,0,0
111000054,0,0,0
111000055,13,0,13
111000056,0,0,0
111000057,0,0,0
111000058,101,13,88
111000059,332,74,258
111000060,1938,148,1790
111000061,129,33,96
111000062,403,24,379
111000063,738,84,654
111000064,679,68,611
111000065,709,59,650
111000066,200,11,189
111000067,0,0,0
111000068,0,0,0
111000069,0,0,0
111000070,0,0,0
111000071,0,0,0
111000072,1022,152,870
111000073,440,195,245
111000074,1156,214,942
111000075,172,31,141
111000076,322,51,271
111000077,775,188,587
111000078,221,30,191
111000079,379,47,332
111000080,194,60,134
111000081,123,103,20
111000082,174,35,139
111000084,82,161,-79
111000085,65,39,26
111000086,79,13,66
111000087,111,22,89
111000088,186,62,124
111000089,101,47,54
111000090,65,56,9
111000091,0,0,0
111000092,0,0,0
111000093,0,0,0
111000094,76,1,75
111000095,7,7,0
111000096,60,30,30
111000097,0,0,0
111000098,0,0,0
111000099,0,0,0
111000100,0,0,0
111000101,0,0,0
111000102,0,0,0
111000104,174,39,135
111000107,0,0,0
111000109,69,45,24
111000110,256,96,160
111000111,1264,36,1228
111000112,1218,14,1204
111000113,584,173,411
111000114,447,161,286
111000115,1535,157,1378
111000116,298,71,227
111000117,82,27,55
111000118,274,62,212
111000119,294,82,212
111000120,301,45,256
111000121,128,42,86
111000122,17,17,0
111000123,11,4,7
111000124,0,0,0
111000125,0,0,0
111000126,0,0,0
111000127,381,1,380
111000128,923,10,913
111000129,1368,15,1353
111000130,1372,54,1318
111000131,963,43,920
111000132,464,91,373
111000133,11,13,-2
111000134,50,20,30
111000135,0,0,0
111000136,309,18,291
111000138,20,0,20
111000140,0,0,0
111000141,5,3,2
111000142,0,0,0
111000143,0,0,0
111000144,0,0,0
111000145,1,1,0
111000146,5,3,2
111000147,43,1,42
111000148,79,6,73
111000149,0,0,0
111000150,26,0,26
111000151,0,0,0
111000153,150,3,147
111000154,10,5,5
111000155,47,8,39
111000156,191,19,172
111000157,84,134,-50
111000158,290,207,83
111000159,343,118,225
111000160,83,31,52
111000161,1,78,-77
111000162,0,0,0
111000163,0,0,0
111000164,0,0,0
111000165,184,17,167
111000166,0,0,0
111000167,0,0,0
111000168,20,31,-11
111000169,56,15,41
111000170,44,6,38
111000171,69,7,62
111000172,6,7,-1
111000173,20,8,12
111000174,8,8,0
111000175,1,1,0
111000176,0,0,0
111000177,0,0,0
111000178,0,0,0
111000179,0,0,0
111000180,0,0,0
111000181,127,0,127
111000182,65,0,65
111000183,35,0,35
111000184,130,30,100
111000185,1,16,-15
111000186,12,7,5
111000187,7,2,5
111000188,7,1,6
111000189,0,0,0
111000190,0,0,0
111000191,0,0,0
111000192,0,0,0
111000193,0,0,0
111000194,0,0,0
111000195,0,0,0
111000196,0,0,0
111000197,128,13,115
111000198,198,3,195
111000199,84,7,77
111000200,379,34,345
111000201,145,8,137
111000202,76,8,68
111000203,144,25,119
111000204,34,265,-231
111000213,121,36,85
111000214,152,44,108
111000215,296,53,243
111000217,398,26,372
111000218,124,166,-42
111000219,0,0,0
111000220,147,54,93
111000221,26,36,-10
111000224,0,0,0
111000225,53,67,-14
111000226,3,0,3
111000227,0,2,-2
111000228,0,0,0
111000229,0,0,0
111000230,5,4,1
111000231,236,13,223
111000232,0,0,0
111000233,0,0,0
111000234,0,0,0
111000239,0,0,0
111000240,17,28,-11
111000241,0,0,0
111000242,55,7,48
111000243,0,0,0
111000244,92,0,92
111000245,226,31,195
111000246,159,46,113
111000247,0,0,0
111000248,80,58,22
111000249,0,0,0
111000250,0,0,0
111000251,0,0,0
111000253,0,0,0
111000255,0,0,0
111000257,0,0,0
111000260,0,0,0
111000261,149,13,136
111000271,0,0,0
111000273,104,30,74
111000274,299,232,67
111000275,57,2,55
111000276,0,0,0
111000277,0,0,0
111000278,172,10,162
111000291,282,475,-193
111000298,3,7,-4
111000299,103,0,103
111000300,0,0,0
111000302,0,0,0
111000303,0,0,0
111000312,0,0,0
111000315,0,0,0
111000320,0,21,-21
111000321,3,17,-14
111000322,124,5,119
111000323,16,1,15
111000324,10,5,5
111000325,0,0,0
111000326,5,0,5
111000327,67,22,45
111000328,15,47,-32
111000329,0,0,0
111000330,7,0,7
111000331,29,0,29
111000332,133,73,60
111000334,19,46,-27
111000335,41,4,37
111000337,150,1,149
111000338,4,0,4
111000339,2,0,2
111000340,10,4,6
111000341,198,9,189
111000342,0,0,0
111000344,241,30,211
111000345,9,16,-7
111000346,0,0,0
111000347,0,0,0
111000350,14,9,5
111000351,0,0,0
111000352,38,11,27
111000353,0,0,0
111000354,41,4,37
111000355,0,0,0
111000358,43,11,32
111000360,32,9,23
111000361,70,8,62
111000546,6,0,6
111000547,149,17,132
111000548,0,0,0
111000549,129,5,124
111000550,0,3,-3
111000551,60,2,58
111000552,8,10,-2
111000907,289,2,287
111000908,7,1,6
111000916,118,1,117
111000917,0,0,0
111000918,24,17,7
111000920,64,1,63
111000921,0,0,0
111000922,3,0,3
111000924,0,0,0
111000925,2169,299,1870
111000926,200,100,100
111000927,1941,468,1473
111000928,321,410,-89
111000929,1513,235,1278
111000930,39,183,-144
111000931,1589,367,1222
111000932,209,166,43
111000933,1900,576,1324
111000934,5,123,-118
111000935,1057,150,907
111000936,7,74,-67
111000937,600,244,356
111000938,12,120,-108
111000939,189,2,187
111000940,0,0,0
111000941,42,2,40
111000943,0,0,0
111000944,36,2,34
111000945,8,0,8
111001109,218,4,214
111001110,0,0,0
111001111,0,0,0
111001112,224,1,223
111001113,0,163,-163
111001114,7,2,5
111001115,0,0,0
111001116,567,81,486
111001117,0,0,0
111001120,52,8,44
111001121,0,0,0
111001122,0,0,0
111001123,10,5,5
111001124,0,0,0
111001125,0,59,-59
111900001,0,0,0
111900002,0,0,0
111900003,0,0,0
111900004,0,0,0
111900006,0,0,0
111900007,0,0,0
111900008,0,0,0
111900009,0,0,0
111900010,0,0,0
111900012,0,0,0
111900013,0,0,0
111900014,5,0,5
111900015,0,0,0
111900016,0,0,0
111900017,0,0,0
111900018,0,0,0
111900019,0,0,0
111900020,0,0,0
111900021,0,0,0
111900022,0,0,0
111900023,0,0,0
111900024,3,0,3
111900025,0,0,0
111900026,0,0,0
111900027,0,0,0
111900028,0,0,0
111900029,0,0,0
111900030,0,0,0
111900031,0,0,0
111900032,0,0,0
111900033,0,0,0
111900034,0,0,0
111900035,0,0,0
111900036,0,0,0
111900038,0,0,0
111900039,0,0,0
111900040,0,0,0
111900042,0,0,0
111900043,0,0,0
111900044,0,0,0
111900046,0,0,0
111900048,0,0,0
111900049,0,0,0
111900050,0,0,0
111900051,0,0,0
111900052,0,0,0
111900053,0,0,0
111900054,0,0,0
111900055,0,0,0
111900056,0,0,0
111900057,30,0,30
111900058,0,0,0
111900059,21,29,-8
111900060,0,0,0
111900061,0,0,0
111900062,0,0,0
111900063,0,0,0
111900064,0,0,0
111900065,0,0,0
111900066,0,0,0
111900067,0,0,0
111900068,0,0,0
111900069,0,0,0
111900070,0,0,0
111900071,0,0,0
111900072,0,0,0
111900073,0,0,0
111900074,0,0,0
111900075,0,0,0
111900076,0,0,0
111900077,0,0,0
111900078,0,0,0
111900079,0,0,0
111900080,0,0,0
111900082,0,0,0
111900083,0,0,0
111900084,0,0,0
111900085,0,0,0
111900086,0,0,0
111900087,0,0,0
111900088,0,0,0
111900089,0,0,0
111900090,0,0,0
111900091,0,0,0
111900092,0,0,0
111900093,0,0,0
111900094,0,0,0
111900095,0,0,0
111900096,0,0,0
111900097,0,0,0
111900098,0,0,0
111900099,0,0,0
111900100,0,0,0
111900101,0,0,0
111900102,0,0,0
111900103,0,0,0
111900104,0,0,0
111900105,0,0,0
111900106,0,0,0
111900110,0,0,0
111900111,17,0,17
111900112,0,0,0
111900113,0,0,0
111900118,0,0,0
111900119,0,0,0
111900122,0,0,0
111900123,0,0,0
111900124,0,0,0
111900125,0,0,0
111900126,0,0,0
111900127,0,0,0
111900128,0,0,0
111900129,0,0,0
111900130,0,0,0
111900131,0,0,0
111900132,0,0,0
111900133,0,0,0
111900134,0,0,0
111900135,0,0,0
111900136,0,0,0
111900137,0,0,0
111900138,0,0,0
111900139,0,0,0
111900140,0,0,0
111900141,0,0,0
111900142,0,0,0
111900143,0,0,0
111900144,0,0,0
111900145,0,0,0
111900146,0,0,0
111900147,0,0,0
111900148,0,0,0
111900149,0,0,0
111900150,0,0,0
111900151,0,0,0
111900152,0,0,0
111900153,0,0,0
111900154,0,0,0
111900155,0,0,0
111900156,0,0,0
111900157,0,0,0
111900158,0,0,0
111900159,0,0,0
111900160,0,0,0
111900161,0,0,0
111900162,0,0,0
111900163,0,0,0
111900164,0,0,0
111901113,0,0,0
111901114,0,0,0
111901115,0,0,0
111901116,0,0,0
111901117,0,0,0
111901118,0,0,0
111901119,0,0,0
111901121,0,0,0
111901122,0,0,0
111901123,0,0,0
111901124,0,0,0
111901125,36,40,-4
111901127,0,0,0
111901128,0,0,0
111901129,0,0,0
111901130,0,0,0
111901131,0,0,0
111901132,0,0,0
111901133,0,0,0
111901134,0,0,0
111901135,0,0,0
111901136,0,0,0
111901137,0,0,0
111901138,0,0,0
111901139,0,0,0
111901140,0,0,0
111901141,0,0,0
111901142,0,0,0
111901143,0,0,0
111901144,0,0,0
111901145,0,0,0
111901146,0,0,0
112000001,1308,407,901
112000002,0,0,0
112000003,600,152,448
112000004,0,0,0
112000005,3246,1358,1888
112000006,0,0,0
112000007,1176,1080,96
112000008,1906,1831,75
112000009,708,50,658
112000010,376,810,-434
112000011,131,34,97
112000012,868,1571,-703
112000013,88,98,-10
112000014,263,703,-440
112000015,0,0,0
112000016,105,325,-220
112000017,0,0,0
112000024,0,0,0
112000026,0,0,0
112000027,610,496,114
112000028,0,0,0
112000029,0,0,0
112000030,0,0,0
112000031,2,40,-38
112000032,0,0,0
112000033,3,26,-23
112000034,0,0,0
112000035,0,0,0
112000036,0,0,0
112000037,0,0,0
112000038,0,0,0
112000039,22,7,15
112000040,0,0,0
112000041,0,0,0
112000042,0,0,0
112000050,732,530,202
112000051,627,898,-271
112000054,34,162,-128
112000057,0,0,0
112000058,0,0,0
112000059,0,0,0
112000061,0,0,0
112000062,14,83,-69
112000063,0,0,0
112000064,0,0,0
112000065,0,0,0
112000066,97,351,-254
112000067,0,0,0
112000068,71,213,-142
112000069,0,0,0
112000070,63,39,24
112000071,0,0,0
112000072,237,47,190
112000073,1,0,1
112000074,77,31,46
112000075,338,117,221
112000076,140,56,84
112000077,107,15,92
112000078,212,45,167
112000079,113,23,90
112000080,44,33,11
112000081,41,136,-95
112000082,156,98,58
112000083,151,50,101
112000084,225,113,112
112000085,361,41,320
112000086,324,45,279
112000087,107,20,87
112000088,122,54,68
112000089,4,19,-15
112000090,8,4,4
112000091,37,37,0
112000092,1056,98,958
112000093,122,21,101
112000094,476,136,340
112000095,122,22,100
112000096,594,63,531
112000097,562,464,98
112000098,0,0,0
112000099,58,1124,-1066
112000100,660,153,507
112000101,0,0,0
112000102,395,52,343
112000103,0,0,0
112000105,0,0,0
112000106,435,83,352
112000107,0,4,-4
112000108,0,0,0
112000109,15,1,14
112000110,263,16,247
112000111,2,48,-46
112000112,350,11,339
112000113,3,21,-18
112000114,408,55,353
112000115,0,0,0
112000116,0,0,0
112000117,0,0,0
112000118,0,0,0
112000119,0,0,0
112000120,0,0,0
112000121,0,0,0
112000122,73,14,59
112000123,189,22,167
112000124,46,16,30
112000125,43,15,28
112000126,0,0,0
112000127,56,134,-78
112000128,0,0,0
112000129,136,6,130
112000130,0,0,0
112000131,0,0,0
112000132,0,0,0
112000133,54,0,54
112000134,100,10,90
112000135,221,31,190
112000136,4,1,3
112000137,305,97,208
112000138,6,3,3
112000139,8,33,-25
112000140,0,0,0
112000141,51,9,42
112000142,0,0,0
112000143,189,18,171
112000144,0,0,0
112000145,400,23,377
112000146,0,0,0
112000147,189,43,146
112000148,0,0,0
112000149,2,1,1
112000150,0,0,0
112000151,25,3,22
112000152,0,0,0
112000153,7,1,6
112000154,44,0,44
112000155,0,0,0
112000157,25,298,-273
112000158,64,1,63
112000159,0,0,0
112000167,0,0,0
112000169,0,0,0
112000173,0,0,0
112000175,35,3,32
112000176,0,0,0
112000177,0,0,0
112000178,0,0,0
112000179,0,0,0
112000180,0,0,0
112000181,73,11,62
112000182,214,8,206
112000183,44,0,44
112000184,23,1,22
112000185,0,0,0
112000187,0,0,0
112000195,0,0,0
112000196,0,0,0
112000197,0,0,0
112000198,0,0,0
112000199,0,0,0
112000202,419,1,418
112000216,0,0,0
112000230,0,0,0
112000231,0,0,0
112000256,30,50,-20
112000313,0,0,0
112000314,0,0,0
112000337,0,0,0
112000352,0,0,0
112000392,105,158,-53
112000398,371,85,286
112000399,225,1787,-1562
112000400,5,43,-38
112000401,37,54,-17
112000402,539,1651,-1112
112000403,120,1053,-933
112000404,148,332,-184
112000405,1231,797,434
112000406,25,83,-58
112000407,2812,544,2268
112000408,72,126,-54
112000409,7,125,-118
112000410,0,0,0
112000411,0,0,0
112000412,0,0,0
112000413,0,0,0
112000414,0,0,0
112000415,0,0,0
112000416,832,145,687
112000417,21,25,-4
112000421,0,0,0
112000422,22,0,22
112000424,0,0,0
112000425,0,0,0
112000426,0,0,0
112000427,0,0,0
112000428,0,0,0
112000429,432,500,-68
112000430,439,756,-317
112000431,39,8,31
112000432,0,0,0
112000433,39,88,-49
112000437,1,13,-12
112900001,0,0,0
112900002,0,0,0
112900003,0,0,0
112900004,0,0,0
112900005,0,0,0
112900006,0,0,0
112900007,0,0,0
112900008,0,0,0
112900009,0,0,0
112900010,0,0,0
112900011,0,0,0
112900012,0,0,0
112900013,0,0,0
112900014,0,0,0
112900015,0,0,0
112900016,0,0,0
112900017,0,0,0
112900018,0,0,0
112900019,0,0,0
112900020,0,0,0
112900021,0,0,0
112900022,0,0,0
112900023,0,0,0
112900024,0,0,0
112900025,0,0,0
112900026,0,0,0
112900027,0,0,0
112900028,0,0,0
112900029,0,0,0
112900030,0,0,0
112900031,0,0,0
112900032,0,0,0
112900034,0,0,0
112900035,0,0,0
112900036,0,0,0
112900037,0,0,0
112900038,0,0,0
112900039,0,0,0
112900040,0,0,0
112900041,0,0,0
112900042,0,0,0
112900043,0,0,0
112900044,0,0,0
112900045,0,0,0
112900046,0,0,0
112900047,0,0,0
112900049,0,0,0
112900050,0,0,0
112900051,0,0,0
112900052,0,0,0
112900053,0,0,0
112900054,0,0,0
112900055,0,0,0
112900056,0,0,0
112900057,0,0,0
112900058,0,0,0
112900059,0,0,0
112900060,0,0,0
112900061,0,0,0
112900062,0,0,0
112900063,0,0,0
112900064,0,0,0
112900065,0,0,0
112900066,0,0,0
112900067,0,0,0
112900068,0,0,0
112900069,0,0,0
112900071,0,0,0
112900072,0,0,0
112900073,0,0,0
112900074,0,0,0
112900075,0,0,0
112900076,0,0,0
112900078,0,0,0
112900079,0,0,0
112900080,0,0,0
112900081,0,0,0
112900082,0,0,0
112900083,0,0,0
112900084,0,0,0
112900086,0,0,0
112900087,0,0,0
112900088,0,0,0
112900089,0,0,0
112900090,0,0,0
112900091,0,0,0
112900092,0,0,0
112900093,0,0,0
112900095,0,0,0
112900096,0,0,0
112900097,0,0,0
112900098,0,0,0
112900099,0,0,0
112900100,0,0,0
112900101,0,0,0
112900102,0,0,0
112900103,0,0,0
112900104,0,0,0
112900105,0,0,0
112900106,0,0,0
112900107,0,0,0
112900108,0,0,0
112900109,0,0,0
112900110,0,0,0
112900111,0,0,0
112900112,0,0,0
112900113,0,0,0
112900114,0,0,0
112900115,0,0,0
112900116,0,0,0
112900117,0,0,0
112900118,0,0,0
112900119,0,0,0
112900120,0,0,0
112900121,0,0,0
112900122,0,0,0
112900123,0,0,0
112900124,0,0,0
112900125,0,0,0
112900126,0,0,0
112900127,0,0,0
112900128,0,0,0
112900129,0,0,0
112900130,0,0,0
112900131,0,0,0
112900132,0,0,0
112900133,0,0,0
112900134,0,0,0
112900135,0,0,0
112900137,0,0,0
112900138,0,0,0
112900139,0,0,0
112900141,0,0,0
112900142,0,0,0
112900143,0,0,0
112900144,0,0,0
112900145,0,0,0
112900146,0,0,0
112900147,0,0,0
112900148,0,0,0
112900149,0,0,0
112900151,0,0,0
112900152,0,0,0
112900153,0,0,0
112900154,0,0,0
112900155,0,0,0
112900156,0,0,0
112900157,0,0,0
112900158,0,0,0
112900159,0,0,0
112900160,0,0,0
112900161,0,0,0
112900162,0,0,0
112900163,0,0,0
112900164,0,0,0
112900165,0,0,0
112900166,0,0,0
112900167,0,0,0
112900168,0,0,0
112900169,0,0,0
112900170,0,0,0
112900172,0,0,0
112900173,0,0,0
112900174,0,0,0
112900175,0,0,0
112900176,0,0,0
112900177,0,0,0
112900178,0,0,0
112900179,0,0,0
112900180,0,0,0
112900181,0,0,0
112900182,0,0,0
112900183,0,0,0
112900184,0,0,0
112900185,0,0,0
112900186,0,0,0
112900187,0,0,0
112900188,0,0,0
112900189,0,0,0
112900190,0,0,0
112900192,0,0,0
112900193,0,0,0
112900194,0,0,0
112900195,0,0,0
112900196,0,0,0
112900197,0,0,0
112900199,0,0,0
112900200,0,0,0
112900201,0,0,0
112900202,0,0,0
112900203,0,0,0
112900204,0,0,0
112900205,0,0,0
112900206,0,0,0
112900207,0,0,0
112900208,0,0,0
112900209,0,0,0
112900210,0,0,0
112900211,0,0,0
112900212,0,0,0
112900213,0,0,0
112900214,0,0,0
112900215,0,0,0
112900216,0,0,0
112900217,0,0,0
112900218,0,0,0
112900219,0,0,0
112900220,0,0,0
112900221,0,0,0
112900222,0,0,0
112900223,0,0,0
112900224,0,0,0
112900225,0,0,0
112900226,0,0,0
112900227,0,0,0
112900228,0,0,0
112900229,0,0,0
112900230,0,0,0
112900232,0,0,0
112900233,0,0,0
112900234,0,0,0
112900235,0,0,0
112900236,0,0,0
112900237,0,0,0
112900238,0,0,0
112900239,0,0,0
113000001,279,325,-46
113000002,310,397,-87
113000003,213,215,-2
113000004,88,141,-53
113000005,61,59,2
113000006,71,118,-47
113000007,56,42,14
113000008,103,55,48
113000009,114,28,86
113000010,227,61,166
113000011,0,0,0
113000012,778,37,741
113000013,2,41,-39
113000014,53,1,52
113000015,4,2,2
113000016,2,1,1
113000017,0,0,0
113000018,76,28,48
113000019,0,0,0
113000020,161,16,145
113000021,281,29,252
113000022,54,7,47
113000025,0,0,0
113000026,22,4,18
113000027,106,0,106
113000028,9,1,8
113000029,52,42,10
113000030,0,0,0
113000031,0,0,0
113000032,66,45,21
113000033,91,31,60
113000034,0,0,0
113000035,0,0,0
113000036,0,0,0
113000037,0,0,0
113000038,0,0,0
113000039,0,0,0
113000040,0,0,0
113000042,0,0,0
113000051,174,136,38
113000052,137,65,72
113000053,25,21,4
113000054,48,50,-2
113000055,105,27,78
113000056,167,55,112
113000058,0,0,0
113000059,251,53,198
113000060,0,0,0
113000061,141,91,50
113000062,0,0,0
113000063,0,0,0
113000064,0,0,0
113000065,3,7,-4
113000066,201,3,198
113000067,71,1,70
113000068,15,20,-5
113000069,42,69,-27
113000070,64,18,46
113000071,25,53,-28
113000072,127,4,123
113000073,1,79,-78
113000074,94,5,89
113000075,274,11,263
113000076,2,213,-211
113000077,79,91,-12
113000078,0,0,0
113000079,0,0,0
113000080,70,40,30
113000081,219,88,131
113000082,0,0,0
113000083,209,213,-4
113000084,10,1,9
113000085,171,203,-32
113000086,7,2,5
113000087,128,496,-368
113000088,10,4,6
113000089,192,498,-306
113000090,4,23,-19
113000091,22,1,21
113000094,69,5,64
113000095,0,0,0
113000096,0,0,0
113000097,48,15,33
113000098,0,0,0
113000099,66,13,53
113000100,3,2,1
113000101,2,0,2
113000102,25,32,-7
113000103,0,0,0
113000104,316,161,155
113000105,729,153,576
113000106,0,0,0
113000107,282,514,-232
113000108,112,25,87
113000109,0,0,0
113000110,82,149,-67
113000111,0,0,0
113000112,3,50,-47
113000113,85,38,47
113000114,0,0,0
113000116,0,0,0
113000117,0,0,0
113000118,0,1,-1
113000119,0,0,0
113000120,0,1,-1
113000121,0,0,0
113000124,18,14,4
113000125,0,0,0
113000127,0,0,0
113000128,0,0,0
113000129,0,0,0
113000133,29,2,27
113000134,8,77,-69
113000135,1317,1148,169
113000137,459,440,19
113000139,73,31,42
113000140,0,0,0
113000141,56,18,38
113000142,0,0,0
113000143,1,5,-4
113000144,0,0,0
113000145,0,0,0
113000146,0,0,0
113000147,0,0,0
113000148,0,0,0
113000149,0,0,0
113000150,0,0,0
113000151,0,0,0
113000152,0,0,0
113000153,0,0,0
113000154,12,54,-42
113000155,44,45,-1
113000156,0,0,0
113000157,0,0,0
113000158,0,0,0
113000159,0,0,0
113000160,0,0,0
113000161,0,0,0
113000162,0,0,0
113000163,2,0,2
113000164,0,0,0
113000166,91,5,86
113000167,0,0,0
113000168,0,0,0
113000169,114,18,96
113000170,211,21,190
113000171,0,0,0
113000172,87,8,79
113000173,17,1,16
113000174,0,0,0
113000175,73,15,58
113000176,243,14,229
113000177,0,0,0
113000178,0,0,0
113000179,72,33,39
113000180,90,19,71
113000181,61,25,36
113000182,9,2,7
113000183,1,44,-43
113000184,0,0,0
113000189,0,0,0
113000190,0,0,0
113000192,77,276,-199
113000193,101,13,88
113000194,12,52,-40
113000195,66,71,-5
113000196,111,7,104
113000197,33,54,-21
113000198,0,0,0
113000199,2,0,2
113000201,0,0,0
113000202,0,0,0
113000203,10,2,8
113000204,17,132,-115
113000205,0,0,0
113000206,0,0,0
113000207,0,0,0
113000208,0,0,0
113000209,0,0,0
113000210,0,0,0
113000211,2,1,1
113000212,0,0,0
113000213,15,1,14
113000214,0,0,0
113000234,0,0,0
113000410,1,5,-4
113000411,56,156,-100
113000412,655,353,302
113000413,354,443,-89
113000414,333,414,-81
113000415,28,76,-48
113000416,75,73,2
113000417,22,78,-56
113000418,542,296,246
113000419,139,139,0
113000420,630,203,427
113000421,2335,1453,882
113000422,488,648,-160
113000423,482,423,59
113000424,885,508,377
113000425,0,0,0
113000428,0,0,0
113000430,0,0,0
113000432,279,9,270
113000433,0,0,0
113000434,0,0,0
113000435,0,0,0
113000436,0,0,0
113000437,50,1,49
113000438,2,0,2
113000439,0,0,0
113000440,0,2,-2
113000441,1,2,-1
113000442,0,0,0
113000443,7,0,7
113000444,0,0,0
113000445,1,0,1
113000446,0,0,0
113000448,0,0,0
113000449,0,0,0
113000450,0,1,-1
113000451,0,0,0
113000452,20,2,18
113000453,0,0,0
113000454,0,0,0
113000455,0,0,0
113000456,0,0,0
113000468,0,0,0
113000469,0,0,0
113000470,0,0,0
113000471,0,0,0
113000472,0,0,0
113000474,7,60,-53
113000475,74,68,6
113000476,183,403,-220
113000477,1008,384,624
113000478,517,190,327
113000479,0,0,0
113000480,0,1,-1
113000484,0,0,0
113000485,0,0,0
113000486,0,0,0
113000487,0,0,0
113000488,0,0,0
113000489,0,0,0
113000490,0,0,0
113000491,0,0,0
113000492,0,0,0
113000493,0,0,0
113000495,0,0,0
113000496,0,4,-4
113000497,0,0,0
113000499,0,0,0
113000500,0,0,0
113900001,0,0,0
113900002,0,0,0
113900003,0,0,0
113900004,0,0,0
113900005,0,0,0
113900006,0,0,0
113900007,0,0,0
113900008,0,0,0
113900009,0,0,0
113900010,0,0,0
113900011,0,0,0
113900012,0,0,0
113900013,0,0,0
113900014,0,0,0
113900015,0,0,0
113900016,0,0,0
113900017,0,0,0
113900018,0,0,0
113900019,0,0,0
113900020,0,0,0
113900022,0,0,0
113900023,0,0,0
113900024,0,0,0
113900025,0,0,0
113900026,0,0,0
113900027,0,0,0
113900028,0,0,0
113900029,0,0,0
113900030,0,0,0
113900031,0,0,0
113900032,0,0,0
113900033,0,0,0
113900035,0,0,0
113900036,0,0,0
113900037,0,0,0
113900038,0,0,0
113900039,0,0,0
113900040,0,0,0
113900041,0,0,0
113900042,0,0,0
113900043,0,0,0
113900044,0,0,0
113900045,0,0,0
113900046,0,0,0
113900047,0,0,0
113900048,0,0,0
113900049,0,0,0
113900050,0,0,0
113900051,0,0,0
113900052,0,0,0
113900053,0,0,0
113900054,0,0,0
113900055,0,0,0
113900056,0,0,0
113900057,0,0,0
113900058,0,0,0
113900059,0,0,0
113900060,0,0,0
113900061,0,0,0
113900062,0,0,0
113900063,0,0,0
113900064,0,0,0
113900065,0,0,0
113900066,0,0,0
113900067,0,0,0
113900068,0,0,0
113900069,0,0,0
113900070,0,0,0
113900071,0,0,0
113900072,0,0,0
113900073,0,0,0
113900074,0,0,0
113900075,0,0,0
113900076,0,0,0
113900077,0,0,0
113900078,0,0,0
113900079,0,0,0
113900080,0,0,0
113900081,0,0,0
113900082,0,0,0
113900083,0,0,0
113900084,0,0,0
113900085,0,0,0
113900086,0,0,0
113900087,0,0,0
113900088,0,0,0
113900089,0,0,0
113900090,0,0,0
113900091,0,0,0
113900092,0,0,0
113900093,0,0,0
113900094,0,0,0
113900095,0,0,0
113900096,0,0,0
113900097,0,0,0
113900098,0,0,0
113900099,0,0,0
113900100,0,0,0
113900101,0,0,0
113900102,0,0,0
113900103,0,0,0
113900104,0,0,0
113900105,0,0,0
113900106,0,0,0
113900107,0,0,0
113900108,0,0,0
113900109,0,0,0
113900110,0,0,0
113900111,0,0,0
113900112,0,0,0
113900113,0,0,0
113900114,0,0,0
113900115,0,0,0
113900116,0,0,0
113900117,0,0,0
113900118,0,0,0
113900119,0,0,0
113900120,0,0,0
113900121,0,0,0
113900122,0,0,0
113900123,0,0,0
113900124,0,0,0
113900125,0,0,0
113900126,0,0,0
113900127,0,0,0
113900128,0,0,0
113900129,0,0,0
113900130,0,0,0
113900131,0,0,0
113900132,0,0,0
113900133,0,0,0
113900135,0,0,0
113900136,0,0,0
113900137,0,0,0
113900138,0,0,0
113900139,0,0,0
113900140,0,0,0
113900141,0,0,0
113900142,0,0,0
113900143,0,0,0
113900144,0,0,0
113900145,0,0,0
113900146,0,0,0
113900148,0,0,0
113900149,0,0,0
113900150,0,0,0
113900151,0,0,0
113900152,0,0,0
113900153,0,0,0
113900154,0,0,0
113900155,0,0,0
113900156,0,0,0
113900157,0,0,0
113900158,0,0,0
113900159,0,0,0
113900160,0,0,0
113900161,0,0,0
113900162,0,0,0
113900163,0,0,0
113900164,0,0,0
113900165,0,0,0
113900166,0,0,0
113900167,0,0,0
113900168,0,0,0
113900169,0,0,0
113900171,0,0,0
113900172,0,0,0
113900173,0,0,0
113900174,0,0,0
113900175,0,0,0
113900176,0,0,0
113900177,0,0,0
113900178,0,0,0
113900179,0,0,0
113900180,0,0,0
113900181,0,0,0
113900182,0,0,0
113900183,0,0,0
113900184,0,0,0
113900185,0,0,0
113900186,0,0,0
113900187,0,0,0
113900188,0,0,0
113900189,0,0,0
113900190,0,0,0
113900191,0,0,0
113900192,0,0,0
113900193,0,0,0
113900194,0,0,0
113900195,0,0,0
113900196,0,0,0
113900197,0,0,0
113900198,0,0,0
113900199,0,0,0
113900200,0,0,0
113900201,0,0,0
113900202,0,0,0
113900203,0,0,0
113900204,0,0,0
113900205,0,0,0
113900206,0,0,0
113900207,0,0,0
113900208,0,0,0
113900209,0,0,0
113900210,0,0,0
113900211,0,0,0
113900212,0,0,0
113900214,0,0,0
113900215,0,0,0
113900216,0,0,0
113900217,0,0,0
113900218,0,0,0
113900219,0,0,0
113900220,0,0,0
113900221,0,0,0
113900222,0,0,0
113900223,0,0,0
113900224,0,0,0
113900225,0,0,0
113900226,0,0,0
113900227,0,0,0
113900228,0,0,0
113900229,0,0,0
113900230,0,0,0
113900231,0,0,0
113900232,0,0,0
113900233,0,0,0
113900234,0,0,0
113900235,0,0,0
113900236,0,0,0
113900237,0,0,0
113900238,0,0,0
113900239,0,0,0
113900240,0,0,0
113900241,0,0,0
113900242,0,0,0
113900243,0,0,0
113900244,0,0,0
113900245,0,0,0
113900246,0,0,0
113900247,0,0,0
113900248,0,0,0
113900249,0,0,0
113900250,0,0,0
113900251,0,0,0
113900252,0,0,0
113900253,0,0,0
113900254,0,0,0
113900255,0,0,0
113900256,0,0,0
113900257,0,0,0
113900258,0,0,0
113900259,0,0,0
113900260,2,0,2
113900261,0,0,0
113900262,0,0,0
113900263,0,0,0
113900264,0,0,0
113900265,0,0,0
113900266,0,0,0
113900267,0,0,0
113900268,0,0,0
113900269,0,0,0
113900270,0,0,0
113900271,0,0,0
113900273,0,0,0
113900274,0,0,0
113900275,0,0,0
113900276,0,0,0
113900277,0,0,0
113900278,0,0,0
113900279,0,0,0
113900280,0,0,0
113900281,0,0,0
113900282,0,0,0
113900283,0,0,0
113900284,0,0,0
113900285,0,0,0
113900286,0,0,0
113900287,0,0,0
113900288,0,0,0
113900289,0,0,0
113900290,0,0,0
113900291,0,0,0
113900292,0,0,0
113900293,0,0,0
113900294,0,0,0
113900295,5,5,0
113900296,0,0,0
113900297,0,0,0
113900298,0,0,0
113900299,0,0,0
113900300,0,0,0
113900301,0,0,0
113900302,0,0,0
113900303,0,0,0
113900304,0,0,0
113900305,0,0,0
113900306,0,0,0
113900307,0,0,0
113900308,0,0,0
113900309,0,0,0
113900310,0,0,0
113900311,0,0,0
113900312,0,0,0
113900313,0,0,0
114000001,166,98,68
114000002,51,49,2
114000003,0,0,0
114000004,0,0,0
114000005,0,0,0
114000006,0,0,0
114000007,0,0,0
114000008,5,79,-74
114000009,5,11,-6
114000011,757,134,623
114000012,477,45,432
114000013,294,113,181
114000014,0,0,0
114000015,0,0,0
114000016,0,0,0
114000017,43,4,39
114000018,0,0,0
114000026,349,115,234
114000027,396,165,231
114000028,327,211,116
114000038,0,0,0
114000039,0,0,0
114000040,3,2,1
114000042,0,0,0
114000043,0,0,0
114000044,10,1,9
114000045,0,0,0
114000046,0,0,0
114000047,0,0,0
114000048,1,20,-19
114000049,34,79,-45
114000050,9,100,-91
114000051,44,292,-248
114000052,20,162,-142
114000053,0,0,0
114000054,0,0,0
114000055,0,0,0
114000056,0,0,0
114000057,274,135,139
114000058,0,0,0
114000059,0,0,0
114000060,0,0,0
114000061,88,170,-82
114000062,55,183,-128
114000063,4,6,-2
114000064,18,5,13
114000065,41,40,1
114000066,72,52,20
114000067,31,9,22
114000068,21,0,21
114000069,73,1,72
114000070,742,387,355
114000071,0,0,0
114000072,0,0,0
114000073,0,1,-1
114000074,0,0,0
114000075,34,0,34
114000076,33,2,31
114000077,22,1,21
114000078,1,1,0
114000079,0,0,0
114000080,0,15,-15
114000081,37,21,16
114000082,0,0,0
114000083,0,0,0
114000084,0,0,0
114000085,0,0,0
114000086,0,0,0
114000087,0,0,0
114000088,2,0,2
114000089,4,18,-14
114000090,97,88,9
114000091,60,45,15
114000092,67,20,47
114000093,64,30,34
114000094,67,32,35
114000095,21,35,-14
114000096,0,0,0
114000097,0,0,0
114000098,63,9,54
114000099,0,0,0
114000100,1121,11,1110
114000101,0,0,0
114000102,117,18,99
114000103,0,0,0
114000104,0,0,0
114000105,0,0,0
114000106,0,0,0
114000107,0,0,0
114000108,0,0,0
114000109,492,221,271
114000110,0,0,0
114000111,454,121,333
114000112,0,0,0
114000113,411,32,379
114000114,0,0,0
114000115,733,176,557
114000116,383,168,215
114000117,1125,87,1038
114000118,658,73,585
114000119,889,57,832
114000120,154,6,148
114000121,0,0,0
114000122,141,19,122
114000123,465,49,416
114000124,89,58,31
114000125,33,119,-86
114000126,291,29,262
114000127,7,3,4
114000128,59,4,55
114000130,14,8,6
114000131,39,41,-2
114000132,0,0,0
114000133,0,0,0
114000134,0,0,0
114000138,0,0,0
114000139,12,45,-33
114000144,167,51,116
114000145,0,0,0
114000146,0,0,0
114000147,390,66,324
114000148,44,33,11
114000149,31,76,-45
114000150,0,0,0
114000151,64,143,-79
114000152,1,4,-3
114000153,0,0,0
114000154,46,3,43
114000155,330,115,215
114000156,67,30,37
114000157,36,73,-37
114000158,0,0,0
114000159,0,0,0
114000160,0,0,0
114000161,179,449,-270
114000162,923,767,156
114000163,0,0,0
114000165,3,33,-30
114000166,22,16,6
114000167,276,73,203
114000168,0,0,0
114000169,374,318,56
114000170,630,303,327
114000171,931,180,751
114000174,0,0,0
114000176,0,0,0
114000177,0,0,0
114000178,1,6,-5
114000179,282,58,224
114000180,0,0,0
114000181,207,667,-460
114000182,129,199,-70
114000183,104,98,6
114000184,92,150,-58
114000185,389,135,254
114000189,268,7,261
114000190,861,30,831
114000191,0,0,0
114000192,0,45,-45
114000193,0,0,0
114000194,194,16,178
114000195,0,0,0
114000196,0,0,0
114000197,333,0,333
114000198,0,0,0
114000199,0,0,0
114000200,9,9,0
114000201,1,2,-1
114000202,179,81,98
114000203,63,49,14
114000204,0,0,0
114000205,0,2,-2
114000206,0,0,0
114000207,4,129,-125
114000208,2,76,-74
114000209,3,74,-71
114000210,3,96,-93
114000211,634,328,306
114000212,92,282,-190
114000213,526,293,233
114000214,25,0,25
114000215,0,0,0
114000216,297,115,182
114000217,121,22,99
114000218,20,2,18
114000219,311,3,308
114000220,0,29,-29
114000221,242,9,233
114000222,14,52,-38
114000223,328,45,283
114000224,16,50,-34
114000225,9,12,-3
114000226,154,65,89
114000227,228,126,102
114000228,336,47,289
114000229,160,51,109
114000230,604,64,540
114000231,152,44,108
114000232,385,135,250
114000233,822,72,750
114000234,664,209,455
114000235,123,38,85
114000236,0,0,0
114000237,2,0,2
114000238,1,171,-170
114000239,0,0,0
114000240,103,70,33
114000241,20,66,-46
114000242,108,70,38
114000243,628,240,388
114000244,556,125,431
114000245,0,0,0
114000246,0,0,0
114000247,317,103,214
114000248,385,121,264
114000249,222,181,41
114000250,115,5,110
114000251,68,20,48
114000252,0,0,0
114000253,30,5,25
114000254,0,0,0
114000255,0,0,0
114000256,6,75,-69
114000257,2,121,-119
114000258,66,5,61
114000259,1,8,-7
114000260,0,0,0
114000261,92,25,67
114000262,0,0,0
114000263,43,1,42
114000264,0,0,0
114000265,0,0,0
114000267,2,343,-341
114000268,0,0,0
114000270,32,1,31
114000271,112,0,112
114000283,310,22,288
114000285,0,0,0
114000288,4,10,-6
114000289,0,0,0
114000293,36,11,25
114000294,0,7,-7
114000395,555,15,540
114000396,107,51,56
114000402,0,0,0
114000403,39,16,23
114000405,41,6,35
114000423,159,24,135
114000424,67,29,38
114000425,201,34,167
114000426,56,39,17
114000427,0,0,0
114000428,0,0,0
114000429,1,2,-1
114000432,0,0,0
114000434,0,0,0
114000435,0,0,0
114900001,0,0,0
114900002,0,0,0
114900003,0,0,0
114900004,0,0,0
114900005,0,0,0
114900006,0,0,0
114900007,0,0,0
114900008,0,0,0
114900010,0,0,0
114900011,0,0,0
114900013,0,0,0
114900015,0,0,0
114900018,0,0,0
114900020,0,0,0
114900022,0,0,0
114900024,0,0,0
114900025,0,0,0
114900026,0,0,0
114900027,0,0,0
114900029,0,0,0
114900030,0,0,0
114900031,0,0,0
114900032,0,0,0
114900033,0,0,0
114900034,0,0,0
114900035,0,0,0
114900036,0,0,0
114900037,0,0,0
114900038,0,0,0
114900039,0,0,0
114900040,0,0,0
114900041,0,0,0
114900042,0,0,0
114900043,0,0,0
114900044,0,0,0
114900046,0,0,0
114900047,0,0,0
114900048,0,0,0
114900049,0,0,0
114900050,0,0,0
114900051,0,0,0
114900052,0,0,0
114900053,0,0,0
114900054,0,0,0
114900057,0,0,0
114900058,0,0,0
114900059,0,0,0
114900060,0,0,0
114900061,0,0,0
114900062,0,0,0
114900063,0,0,0
114900064,0,0,0
114900065,0,0,0
114900067,0,0,0
114900068,0,0,0
114900069,0,0,0
114900070,0,0,0
114900072,0,0,0
114900073,0,0,0
114900074,0,0,0
114900075,0,0,0
114900076,0,0,0
114900080,0,0,0
114900082,0,0,0
114900083,0,0,0
114900090,0,0,0
114900091,0,0,0
114900095,0,0,0
114900096,0,0,0
114900097,0,0,0
114900098,0,0,0
114900099,0,0,0
115000001,125,260,-135
115000002,1638,576,1062
115000003,230,170,60
115000004,1441,1204,237
115000005,9,107,-98
115000006,539,420,119
115000007,0,0,0
115000008,150,144,6
115000009,0,0,0
115000010,174,197,-23
115000013,0,0,0
115000015,0,0,0
115000016,0,0,0
115000019,27,177,-150
115000020,0,0,0
115000021,2,335,-333
115000022,11,84,-73
115000023,622,200,422
115000024,25,60,-35
115000025,517,155,362
115000026,1,0,1
115000027,221,68,153
115000028,0,29,-29
115000029,504,13,491
115000030,2,74,-72
115000031,679,48,631
115000032,0,0,0
115000033,86,9,77
115000034,0,0,0
115000035,629,2,627
115000036,0,0,0
115000037,287,0,287
115000038,11,55,-44
115000039,21,44,-23
115000040,202,54,148
115000041,27,59,-32
115000042,72,24,48
115000043,1109,550,559
115000044,641,83,558
115000045,145,15,130
115000046,780,325,455
115000047,1163,181,982
115000048,147,85,62
115000049,100,241,-141
115000050,1472,405,1067
115000051,470,376,94
115000052,155,139,16
115000053,379,229,150
115000054,69,57,12
115000055,0,0,0
115000056,48,30,18
115000057,0,0,0
115000058,33,16,17
115000059,0,0,0
115000061,30,5,25
115000062,0,0,0
115000063,0,0,0
115000064,77,10,67
115000065,0,0,0
115000067,7,0,7
115000069,0,0,0
115000070,0,33,-33
115000071,43,4,39
115000072,0,0,0
115000073,398,12,386
115000075,0,0,0
115000076,548,322,226
115000077,209,176,33
115000078,144,146,-2
115000079,266,180,86
115000080,529,190,339
115000081,0,0,0
115000082,1119,621,498
115000083,0,0,0
115000084,831,194,637
115000085,0,0,0
115000086,564,91,473
115000087,0,0,0
115000088,819,200,619
115000089,0,0,0
115000090,57,134,-77
115000091,84,30,54
115000092,403,12,391
115000093,475,4,471
115000094,1711,411,1300
115000095,1107,265,842
115000096,170,18,152
115000097,252,38,214
115000098,349,25,324
115000099,857,253,604
115000100,684,121,563
115000101,4,8,-4
115000102,311,105,206
115000103,3,0,3
115000105,3,7,-4
115000106,282,65,217
115000107,1,21,-20
115000108,78,91,-13
115000109,959,1082,-123
115000110,229,140,89
115000111,4,76,-72
115000112,65,26,39
115000113,47,74,-27
115000114,90,61,29
115000116,117,102,15
115000117,64,27,37
115000118,137,251,-114
115000119,58,51,7
115000120,23,300,-277
115000121,96,69,27
115000122,67,20,47
115000123,143,394,-251
115000124,64,57,7
115000125,97,80,17
115000126,39,36,3
115000127,10,2,8
115000128,29,32,-3
115000129,74,2,72
115000130,62,1,61
115000131,75,27,48
115000132,114,0,114
115000133,64,16,48
115000134,59,1,58
115000135,16,2,14
115000136,83,19,64
115000137,0,0,0
115000138,148,32,116
115000139,0,0,0
115000140,161,28,133
115000141,0,0,0
115000142,0,0,0
115000143,217,43,174
115000144,0,0,0
115000145,0,0,0
115000146,114,34,80
115000147,0,0,0
115000148,28,41,-13
115000149,0,5,-5
115000150,41,21,20
115000151,26,25,1
115000152,43,14,29
115000153,32,19,13
115000154,31,13,18
115000155,22,23,-1
115000156,8,62,-54
115000157,4,18,-14
115000158,19,38,-19
115000159,0,0,0
115000160,10,1,9
115000161,209,150,59
115000162,283,54,229
115000163,0,0,0
115000164,0,0,0
115000165,95,63,32
115000167,48,3,45
115000168,82,42,40
115000169,0,0,0
115000170,0,0,0
115000171,79,105,-26
115000172,0,0,0
115000173,3,8,-5
115000174,25,34,-9
115000175,0,0,0
115000176,3,1,2
115000177,0,0,0
115000178,0,0,0
115000179,8,2,6
115000180,0,0,0
115000181,143,3,140
115000182,221,14,207
115000183,0,0,0
115000186,151,2,149
115000187,75,35,40
115000188,171,27,144
115000189,14,69,-55
115000190,529,32,497
115000191,12,36,-24
115000194,0,0,0
115000195,12,3,9
115000196,5,0,5
115000197,0,0,0
115000198,65,0,65
115000199,0,0,0
115000200,16,4,12
115000201,0,0,0
115000206,312,0,312
115000207,0,0,0
115000208,40,45,-5
115000209,445,5,440
115000210,26,77,-51
115000211,7,10,-3
115000212,28,0,28
115000224,0,0,0
115000225,0,0,0
115000229,6,1,5
115000230,6,5,1
115000231,94,3,91
115000232,404,1,403
115000233,0,0,0
115000234,0,0,0
115000241,0,0,0
115000242,0,0,0
115000243,0,0,0
115000244,0,0,0
115000246,0,0,0
115000247,0,0,0
115000248,0,0,0
115000249,0,0,0
115000250,0,0,0
115000251,0,0,0
115000252,0,0,0
115000253,0,0,0
115000258,0,0,0
115000259,0,0,0
115000261,0,0,0
115000262,0,0,0
115000263,0,0,0
115000264,0,0,0
115000267,0,0,0
115000268,0,0,0
115000269,0,0,0
115000270,0,0,0
115000272,0,0,0
115000273,0,0,0
115000280,17,532,-515
115000281,0,0,0
115000282,244,421,-177
115000284,0,0,0
115000296,351,11,340
115000297,11,293,-282
115000298,0,0,0
115000300,0,0,0
115000302,87,17,70
115000303,141,17,124
115000304,82,18,64
115000305,0,0,0
115000306,0,0,0
115000307,0,0,0
115000308,0,0,0
115000309,0,0,0
115000310,0,0,0
115000311,413,51,362
115000313,0,0,0
115000314,12,29,-17
115000315,20,88,-68
115000316,0,0,0
115000317,102,29,73
115000318,482,4,478
115000319,5,35,-30
115000320,3,68,-65
115000321,56,2,54
115000322,1,42,-41
115000449,0,0,0
115000557,0,0,0
115000558,182,15,167
115000587,5,4,1
115000588,131,187,-56
115000589,2175,1184,991
115000590,33,72,-39
115000591,504,462,42
115000592,18,100,-82
115000593,730,215,515
115000594,105,139,-34
115000609,0,4,-4
115000617,137,100,37
115000624,0,0,0
115000633,286,144,142
115000634,1333,163,1170
115000635,327,45,282
115000638,0,0,0
115000641,0,0,0
115000642,155,8,147
115000643,0,19,-19
115000644,1,6,-5
115000646,103,58,45
115000647,45,23,22
115000648,308,22,286
115000893,1538,450,1088
115000894,1,151,-150
115000895,18,126,-108
115000896,941,195,746
115000897,44,24,20
115000898,79,4,75
115000899,6,15,-9
115000900,0,39,-39
115000901,3,21,-18
115000912,71,4,67
115000913,0,0,0
115000915,2,0,2
115000916,30,22,8
115000917,0,0,0
115000918,0,0,0
115000919,0,0,0
115000920,0,0,0
115000921,0,0,0
115000922,121,397,-276
115000923,12,98,-86
115000925,0,0,0
115000927,0,0,0
115000933,0,19,-19
115000934,0,0,0
115000935,0,0,0
115000936,0,0,0
115000937,13,25,-12
115000938,4,7,-3
115000939,0,14,-14
115900001,0,0,0
115900002,0,0,0
115900003,0,0,0
115900004,0,0,0
115900005,0,0,0
115900006,0,0,0
115900008,0,0,0
115900009,0,0,0
115900010,0,0,0
115900011,0,0,0
115900012,0,0,0
115900013,0,0,0
115900014,0,0,0
115900015,0,0,0
115900016,0,0,0
115900017,0,0,0
115900018,0,0,0
115900019,0,0,0
115900020,0,0,0
115900021,0,0,0
115900022,0,0,0
115900023,0,0,0
115900025,0,0,0
115900026,0,0,0
115900027,0,0,0
115900028,0,0,0
115900029,0,0,0
115900030,0,0,0
115900031,0,0,0
115900032,0,0,0
115900033,0,0,0
115900034,0,0,0
115900035,0,0,0
115900036,0,0,0
115900037,0,0,0
115900038,0,0,0
115900039,0,0,0
115900041,0,0,0
115900042,0,0,0
115900043,0,0,0
115900044,0,0,0
115900046,0,0,0
115900047,0,0,0
115900049,0,0,0
115900051,0,0,0
115900052,0,0,0
115900053,0,0,0
115900054,0,0,0
115900055,0,0,0
115900056,0,0,0
115900057,0,0,0
115900058,0,0,0
115900060,0,0,0
115900061,0,0,0
115900062,0,0,0
115900063,0,0,0
115900064,0,0,0
115900065,0,0,0
115900066,0,0,0
115900067,0,0,0
115900068,0,0,0
115900069,0,0,0
115900070,0,0,0
115900071,0,0,0
115900072,0,0,0
115900073,0,0,0
115900074,0,0,0
115900075,0,0,0
115900076,0,0,0
115900077,0,0,0
115900078,0,0,0
115900079,0,0,0
115900080,0,0,0
115900081,0,0,0
115900082,0,0,0
115900084,0,0,0
115900085,0,0,0
115900086,0,0,0
115900088,0,0,0
115900089,0,0,0
115900090,0,0,0
115900091,0,0,0
115900092,0,0,0
115900093,0,0,0
115900094,0,0,0
115900096,0,0,0
115900097,0,0,0
115900098,0,0,0
115900099,0,0,0
115900100,0,0,0
115900101,0,0,0
115900102,0,0,0
115900103,0,0,0
115900104,0,0,0
115900105,0,0,0
115900106,0,0,0
115900107,0,0,0
115900108,0,0,0
115900109,0,0,0
115900110,0,0,0
115900111,0,0,0
115900112,0,0,0
115900113,0,0,0
115900114,0,0,0
115900115,0,0,0
115900116,0,0,0
115900117,0,0,0
115900118,0,0,0
115900119,0,0,0
115900120,0,0,0
115900121,0,0,0
115900124,0,0,0
115900125,0,0,0
115900126,0,0,0
115900127,0,0,0
115900128,0,0,0
115900129,0,0,0
115900130,0,0,0
115900131,0,0,0
115900132,0,0,0
115900134,0,0,0
115900135,0,0,0
115900137,0,0,0
115900139,0,0,0
115900140,0,0,0
115900141,0,0,0
115900142,0,0,0
115900143,0,0,0
115900144,0,0,0
115900146,0,0,0
115900147,0,0,0
115900148,0,0,0
115900149,0,0,0
115900150,0,0,0
115900151,0,0,0
115900152,0,0,0
115900153,0,0,0
115900154,0,0,0
115900155,0,0,0
115900156,0,0,0
115900157,0,0,0
115900158,0,0,0
115900159,0,0,0
115900160,0,0,0
115900161,0,0,0
115900163,0,0,0
115900164,0,0,0
115900165,0,0,0
115900166,0,0,0
115900168,0,0,0
115900171,0,0,0
115900172,0,0,0
115900173,0,0,0
115900174,0,0,0
115900175,0,0,0
115900178,0,0,0
115900179,0,0,0
115900180,0,0,0
115900181,0,0,0
115900182,0,0,0
115900183,0,0,0
115900184,0,0,0
115900187,0,0,0
115900189,0,0,0
115900190,0,0,0
115900191,0,0,0
115900192,0,0,0
115900193,0,0,0
115900194,0,0,0
115900195,0,0,0
115900198,0,0,0
115900199,0,0,0
115900200,0,0,0
115900201,0,0,0
115900202,0,0,0
115900203,0,0,0
115900204,0,0,0
115900205,0,0,0
115900206,0,0,0
115900207,0,0,0
115900208,0,0,0
115900209,0,0,0
115900210,0,0,0
115900211,0,0,0
115900212,0,0,0
115900213,0,0,0
115900214,0,0,0
115900215,0,0,0
115900216,0,0,0
115900217,0,0,0
115900218,0,0,0
115900219,0,0,0
115900220,0,0,0
115900221,0,0,0
115900222,0,0,0
115900223,0,0,0
115900224,0,0,0
115900225,0,0,0
115900226,0,0,0
115900227,0,0,0
115900228,0,0,0
115900229,0,0,0
115900230,0,0,0
115900231,0,0,0
115900232,0,0,0
115900233,0,0,0
115900234,0,0,0
115900235,0,0,0
115900236,0,0,0
115900237,0,0,0
115900238,0,0,0
115900239,0,0,0
115900240,0,0,0
115900241,0,0,0
115900242,0,1,-1
115900243,0,0,0
115900244,0,0,0
115900245,0,0,0
115900246,0,0,0
115900247,0,0,0
115900248,0,0,0
115900249,0,0,0
115900250,0,0,0
115900251,0,0,0
115900252,0,0,0
115900253,0,0,0
115900254,0,0,0
115900255,0,0,0
115900256,0,0,0
115900257,0,0,0
115900258,0,0,0
115900259,0,0,0
115900260,0,0,0
115900261,0,0,0
115900262,0,0,0
115900263,0,0,0
115900264,0,0,0
115900265,0,0,0
115900266,0,0,0
115900267,0,0,0
115900268,0,0,0
115900269,0,0,0
115900270,0,0,0
115900271,0,0,0
115900272,0,0,0
115900273,0,0,0
115900274,0,0,0
115900275,0,0,0
115900276,0,0,0
115900277,0,0,0
115900278,0,0,0
115900279,0,0,0
115900280,0,0,0
115900281,0,0,0
115900282,0,0,0
115900283,0,0,0
115900284,0,0,0
116000001,156,231,-75
116000002,1752,2702,-950
116000003,63,139,-76
116000004,617,2138,-1521
116000005,49,105,-56
116000006,225,786,-561
116000007,149,196,-47
116000008,836,507,329
116000009,19,123,-104
116000010,597,608,-11
116000011,48,219,-171
116000012,1069,351,718
116000013,148,573,-425
116000014,0,0,0
116000015,17,2,15
116000016,915,52,863
116000017,44,4,40
116000018,112,10,102
116000019,47,1,46
116000020,555,46,509
116000021,250,3,247
116000022,239,49,190
116000023,0,2,-2
116000024,236,31,205
116000025,7,19,-12
116000026,462,82,380
116000027,349,88,261
116000028,473,785,-312
116000029,0,0,0
116000030,454,457,-3
116000031,0,0,0
116000032,144,4,140
116000033,447,234,213
116000034,1707,1422,285
116000035,494,52,442
116000036,0,0,0
116000037,1,62,-61
116000038,18,114,-96
116000039,0,0,0
116000040,73,180,-107
116000041,0,0,0
116000042,285,304,-19
116000043,0,0,0
116000044,0,0,0
116000045,2395,2117,278
116000046,279,134,145
116000047,274,111,163
116000048,2073,879,1194
116000049,1229,560,669
116000050,550,279,271
116000051,1855,369,1486
116000052,955,312,643
116000053,1099,343,756
116000054,0,0,0
116000055,0,0,0
116000056,470,1451,-981
116000057,0,0,0
116000058,86,119,-33
116000059,494,2275,-1781
116000060,93,88,5
116000061,154,405,-251
116000062,33,25,8
116000063,139,485,-346
116000066,55,440,-385
116000067,0,0,0
116000068,37,160,-123
116000069,0,0,0
116000078,183,337,-154
116000080,0,0,0
116000082,0,0,0
116000083,417,181,236
116000084,36,508,-472
116000085,576,97,479
116000086,37,148,-111
116000087,1047,290,757
116000088,44,94,-50
116000089,0,0,0
116000090,0,0,0
116000091,0,0,0
116000093,415,125,290
116000094,0,45,-45
116000095,446,64,382
116000096,42,168,-126
116000097,614,70,544
116000098,6,282,-276
116000099,676,99,577
116000100,39,0,39
116000101,16,7,9
116000102,93,14,79
116000103,49,33,16
116000104,13,12,1
116000105,94,6,88
116000106,65,4,61
116000107,207,2,205
116000108,0,6,-6
116000111,13,0,13
116000113,19,5,14
116000114,0,0,0
116000115,87,27,60
116000116,0,0,0
116000117,316,459,-143
116000118,0,0,0
116000119,1195,481,714
116000120,0,0,0
116000121,261,181,80
116000122,0,0,0
116000123,971,91,880
116000124,0,0,0
116000125,917,52,865
116000126,0,0,0
116000127,0,0,0
116000128,762,84,678
116000129,0,0,0
116000130,0,0,0
116000133,406,13,393
116000134,168,33,135
116000135,784,161,623
116000136,118,66,52
116000137,377,163,214
116000138,0,0,0
116000139,554,1096,-542
116000140,3,6,-3
116000141,44,7,37
116000142,313,795,-482
116000143,505,234,271
116000144,160,234,-74
116000145,1647,375,1272
116000146,190,3,187
116000147,123,214,-91
116000148,0,4,-4
116000149,0,0,0
116000151,34,75,-41
116000153,125,718,-593
116000155,214,486,-272
116000156,14,38,-24
116000157,18,1,17
116000158,681,21,660
116000159,17,2,15
116000160,0,0,0
116000161,0,0,0
116000162,0,0,0
116000163,0,0,0
116000164,0,0,0
116000177,4,0,4
116000194,0,0,0
116000195,1031,169,862
116000196,0,0,0
116000197,0,0,0
116000198,593,536,57
116000200,2,24,-22
116000201,0,0,0
116000202,0,0,0
116000203,0,0,0
116000204,0,0,0
116000205,0,0,0
116000206,0,0,0
116000207,0,0,0
116000233,0,0,0
116000287,0,0,0
116000288,206,74,132
116000292,0,0,0
116000296,0,0,0
116000297,0,0,0
116000304,0,0,0
116000305,0,0,0
116000346,0,0,0
116000352,0,0,0
116000354,0,0,0
116000357,0,0,0
116000358,0,0,0
116000361,0,0,0
116000372,0,0,0
116000381,0,0,0
116000388,0,0,0
116000389,77,9,68
116000445,0,0,0
116000446,427,51,376
116000447,0,0,0
116000448,540,123,417
116000563,158,1215,-1057
116000565,0,0,0
116000568,0,0,0
116000579,0,0,0
116000584,0,0,0
116000585,0,0,0
116000586,0,0,0
116000587,801,4,797
116000589,0,0,0
116000590,6,3,3
116000591,153,22,131
116000592,0,0,0
116000593,0,0,0
116000594,0,0,0
116000595,0,0,0
116000596,0,0,0
116000597,145,2,143
116000598,0,0,0
116000602,0,0,0
116000605,0,0,0
116000606,35,11,24
116000607,0,0,0
116000609,0,0,0
116000611,0,0,0
116000612,1118,461,657
116000613,468,126,342
116000614,0,0,0
116000615,0,0,0
116000616,0,0,0
116000617,0,0,0
116000618,0,0,0
116000619,0,7,-7
116000620,531,25,506
116000621,3,49,-46
116000622,94,43,51
116000624,0,2,-2
116000627,0,0,0
116000628,0,0,0
116000629,0,0,0
116000630,30,1,29
116000631,1,2,-1
116000632,0,0,0
116000633,0,0,0
116000634,0,0,0
116000635,1675,1346,329
116000636,168,258,-90
116000637,0,0,0
116000638,0,0,0
116900001,0,0,0
116900002,0,0,0
116900003,0,0,0
116900004,0,0,0
116900005,0,0,0
116900006,0,0,0
116900007,0,0,0
116900008,0,0,0
116900009,0,0,0
116900010,0,0,0
116900011,0,0,0
116900012,0,0,0
116900013,0,0,0
116900014,0,0,0
116900015,0,0,0
116900016,0,0,0
116900017,0,0,0
116900018,0,0,0
116900019,0,0,0
116900020,0,0,0
116900023,0,0,0
116900024,0,0,0
116900025,0,0,0
116900026,0,0,0
116900027,0,0,0
116900028,0,0,0
116900029,0,0,0
116900031,0,0,0
116900032,0,0,0
116900033,0,0,0
116900034,0,0,0
116900035,0,0,0
116900036,0,0,0
116900038,0,0,0
116900041,0,0,0
116900042,0,0,0
116900043,0,0,0
116900047,0,0,0
116900049,0,0,0
116900050,0,0,0
116900051,0,0,0
116900052,0,0,0
116900055,0,0,0
116900057,0,0,0
116900058,0,0,0
116900059,0,0,0
116900060,0,0,0
116900062,0,0,0
116900064,0,0,0
116900065,0,0,0
116900067,0,0,0
116900068,0,0,0
116900070,0,0,0
116900072,0,0,0
116900073,0,0,0
116900074,0,0,0
116900076,0,0,0
116900077,0,0,0
116900078,0,0,0
116900079,0,0,0
116900080,0,0,0
116900081,0,0,0
116900082,0,0,0
116900083,0,0,0
116900084,0,0,0
116900085,0,0,0
116900086,0,0,0
116900088,0,0,0
116900090,0,0,0
116900091,0,0,0
116900092,0,0,0
116900093,0,0,0
116900094,0,0,0
116900095,0,0,0
116900096,0,0,0
116900097,0,0,0
116900098,0,0,0
116900099,0,0,0
116900100,0,0,0
116900101,0,0,0
116900103,0,0,0
116900104,0,0,0
116900105,0,0,0
116900106,0,0,0
116900107,0,0,0
116900110,0,0,0
116900111,322,2,320
116900112,120,6,114
116900113,97,35,62
116900116,0,0,0
116900117,0,0,0
116900118,0,0,0
116900120,0,0,0
116900121,0,0,0
116900122,0,0,0
116900123,0,0,0
116900124,0,0,0
116900125,0,0,0
116900126,0,0,0
116900128,0,0,0
116900129,0,0,0
116900130,0,0,0
116900131,0,0,0
116900132,0,0,0
116900133,0,0,0
116900134,0,0,0
116900136,0,0,0
116900137,0,0,0
116900138,0,0,0
116900139,0,0,0
116900140,0,0,0
116900141,0,0,0
116900142,0,0,0
116900143,0,0,0
116900144,0,0,0
116900145,0,0,0
116900147,0,0,0
116900148,0,0,0
116900149,0,0,0
116900150,0,0,0
116900151,0,0,0
116900153,0,0,0
116900154,0,0,0
116900155,0,0,0
116900157,0,0,0
116900158,0,0,0
116900159,0,0,0
116900160,0,0,0
116900161,0,0,0
116900162,0,0,0
116900163,0,0,0
116900164,0,0,0
116900165,0,0,0
116900166,0,0,0
116900167,0,0,0
116900168,0,0,0
116900169,0,0,0
116900170,0,0,0
116900171,0,0,0
116900172,0,0,0
116900173,0,0,0
116900174,0,0,0
116900175,0,0,0
116900178,0,0,0
116900179,0,0,0
116900180,0,0,0
116900182,0,0,0
116900183,0,0,0
116900185,0,0,0
116900186,0,0,0
116900187,0,0,0
116900188,0,0,0
116900189,0,0,0
116900191,0,0,0
116900192,0,0,0
116900194,0,0,0
116900195,0,0,0
116900196,0,0,0
116900197,0,0,0
116900198,0,0,0
116900200,0,0,0
116900201,0,0,0
116900202,0,0,0
116900203,0,0,0
116900204,0,0,0
116900206,0,0,0
116900207,0,0,0
116900208,0,0,0
116900209,0,0,0
116900210,0,0,0
116900211,0,0,0
116900212,0,0,0
116900213,0,0,0
116900214,0,0,0
116900215,0,0,0
116900216,0,0,0
116900218,0,0,0
116900219,0,0,0
116900220,0,0,0
116900221,0,0,0
116900222,232,96,136
116900223,0,0,0
116900226,0,0,0
116900227,0,0,0
116900228,0,0,0
116900230,0,0,0
116900231,0,0,0
116900232,0,0,0
116900233,0,0,0
116900234,0,0,0
116900235,0,0,0
116900238,0,0,0
116900239,0,0,0
116900240,0,0,0
116900241,0,0,0
116900242,0,0,0
116900243,0,0,0
116900245,0,0,0
116900246,0,0,0
116900247,0,0,0
116900248,0,0,0
116900249,0,0,0
116900250,0,0,0
116900251,0,0,0
116900252,209,9,200
116900253,0,0,0
116900254,0,0,0
116900255,0,0,0
116900256,0,0,0
116900257,0,0,0
116900258,0,0,0
116900259,0,0,0
116900260,0,0,0
116900261,0,0,0
116900262,0,0,0
116900263,0,0,0
116900264,0,0,0
116900265,0,0,0
116900266,0,0,0
116900267,0,0,0
116900268,0,0,0
116900269,180,116,64
116900271,0,0,0
116900272,0,0,0
116900273,0,0,0
116900274,0,0,0
116900275,0,0,0
116900276,94,0,94
116900277,0,0,0
116900278,0,0,0
116900279,0,0,0
116900280,0,0,0
116900281,0,0,0
116900282,0,0,0
116900283,0,0,0
116900284,0,0,0
116900285,0,0,0
116900286,0,0,0
116900287,0,0,0
116900288,0,0,0
116900289,0,0,0
116900290,0,0,0
116900291,0,0,0
116900292,0,0,0
116900293,0,0,0
116900294,0,0,0
116900295,0,0,0
116900296,0,0,0
116900297,0,0,0
116900298,0,0,0
116900299,0,0,0
116900300,0,0,0
116900301,0,0,0
116900302,0,0,0
116900303,0,0,0
116900304,0,0,0
116900305,0,0,0
116900306,2,4,-2
117000001,1304,711,593
117000002,9,54,-45
117000003,2384,1210,1174
117000004,366,247,119
117000005,1509,725,784
117000006,190,188,2
117000007,3231,792,2439
117000008,91,209,-118
117000009,2147,394,1753
117000010,162,170,-8
117000011,1139,344,795
117000012,136,72,64
117000013,1099,199,900
117000014,7,347,-340
117000015,524,258,266
117000016,33,14,19
117000017,81,23,58
117000018,1,27,-26
117000019,9,15,-6
117000020,22,34,-12
117000021,66,15,51
117000022,107,23,84
117000023,26,26,0
117000024,0,0,0
117000025,0,0,0
117000026,944,1114,-170
117000027,0,0,0
117000028,408,197,211
117000030,158,38,120
117000031,225,271,-46
117000032,481,339,142
117000033,440,275,165
117000034,237,100,137
117000035,413,120,293
117000036,88,182,-94
117000037,543,76,467
117000038,213,205,8
117000039,512,89,423
117000040,0,0,0
117000041,536,19,517
117000044,0,0,0
117000045,14,36,-22
117000046,0,0,0
117000047,727,407,320
117000048,0,0,0
117000049,7,42,-35
117000050,5,8,-3
117000051,658,178,480
117000052,0,0,0
117000053,0,0,0
117000054,1281,60,1221
117000055,1,25,-24
117000056,431,57,374
117000057,0,22,-22
117000060,0,0,0
117000061,490,412,78
117000062,0,0,0
117000063,294,178,116
117000064,0,0,0
117000066,1,6,-5
117000067,19,63,-44
117000074,0,40,-40
117000076,4,5,-1
117000077,80,85,-5
117000078,0,0,0
117000079,57,18,39
117000080,0,0,0
117000081,197,1,196
117000082,0,0,0
117000083,63,0,63
117000084,41,0,41
117000085,21,8,13
117000086,275,229,46
117000087,20,89,-69
117000088,305,181,124
117000089,1333,215,1118
117000090,16,75,-59
117000091,813,133,680
117000092,1,29,-28
117000093,1584,252,1332
117000094,56,85,-29
117000095,2175,234,1941
117000096,18,98,-80
117000097,1441,151,1290
117000098,64,78,-14
117000099,1599,193,1406
117000100,0,0,0
117000101,0,0,0
117000102,1130,315,815
117000103,29,51,-22
117000104,840,277,563
117000105,49,65,-16
117000106,1287,326,961
117000107,120,37,83
117000108,916,582,334
117000109,215,36,179
117000110,943,883,60
117000111,2475,1655,820
117000112,930,542,388
117000113,0,0,0
117000114,3,0,3
117000115,0,0,0
117000116,2,2,0
117000117,133,121,12
117000118,25,17,8
117000119,3,65,-62
117000120,1,54,-53
117000121,0,88,-88
117000122,2,79,-77
117000123,209,55,154
117000124,10,0,10
117000125,4,0,4
117000126,1,1,0
117000127,4,0,4
117000128,7,1,6
117000129,222,525,-303
117000130,35,0,35
117000131,0,0,0
117000132,1951,77,1874
117000133,0,0,0
117000134,0,0,0
117000135,0,0,0
117000136,0,0,0
117000137,0,0,0
117000138,0,0,0
117000140,37,78,-41
117000141,1139,223,916
117000181,0,0,0
117000182,0,0,0
117000195,0,0,0
117000196,0,0,0
117000225,0,0,0
117000226,0,0,0
117000276,0,0,0
117000277,0,0,0
117000310,1,488,-487
117000315,0,0,0
117000320,155,0,155
117000906,119,3,116
117000907,0,0,0
117000908,0,0,0
117000909,0,12,-12
117000910,0,0,0
117000911,0,52,-52
117000915,0,0,0
117000916,10,17,-7
117000917,330,9,321
117000918,47,57,-10
117000919,0,0,0
117000920,1,23,-22
117000921,0,0,0
117000922,5,12,-7
117000924,64,258,-194
117000926,75,7,68
117000927,124,546,-422
117000928,0,0,0
117000929,0,0,0
117000930,0,0,0
117000931,0,0,0
117900002,0,0,0
117900003,0,0,0
117900005,0,0,0
117900006,0,0,0
117900007,0,0,0
117900008,0,0,0
117900010,0,0,0
117900011,0,0,0
117900012,0,0,0
117900013,0,0,0
117900014,0,0,0
117900015,0,0,0
117900016,0,0,0
117900017,0,0,0
117900018,0,0,0
117900019,0,0,0
117900020,0,0,0
117900021,0,0,0
117900022,0,0,0
117900023,0,0,0
117900024,0,0,0
117900025,0,0,0
117900026,0,0,0
117900028,0,0,0
117900029,0,0,0
117900030,0,0,0
117900031,0,0,0
117900032,0,0,0
117900033,0,0,0
117900034,0,0,0
117900035,0,0,0
117900036,0,0,0
117900037,0,0,0
117900038,0,0,0
117900039,0,0,0
117900040,0,0,0
117900041,0,0,0
117900042,0,0,0
117900043,0,0,0
117900044,0,0,0
117900045,0,0,0
117900048,0,0,0
117900049,0,0,0
117900050,0,0,0
117900051,0,0,0
117900052,0,0,0
117900053,0,0,0
117900054,0,0,0
117900055,0,0,0
117900056,0,0,0
117900057,0,0,0
117900058,0,0,0
117900059,0,0,0
117900060,0,0,0
117900061,0,0,0
117900063,0,0,0
117900065,0,0,0
117900066,0,0,0
117900067,0,0,0
117900069,0,0,0
117900070,0,0,0
117900071,0,0,0
117900073,0,0,0
117900074,0,0,0
117900075,0,0,0
117900076,0,0,0
117900077,0,0,0
117900078,0,0,0
117900080,0,0,0
117900081,0,0,0
117900082,0,0,0
117900083,0,0,0
117900086,0,0,0
117900087,0,0,0
117900088,0,0,0
117900089,0,0,0
117900090,0,0,0
117900091,0,0,0
117900092,0,0,0
117900093,0,0,0
117900094,0,0,0
117900095,0,0,0
117900096,0,0,0
117900097,0,0,0
117900098,0,0,0
117900099,0,0,0
117900100,0,0,0
117900101,0,0,0
117900102,0,0,0
117900103,0,0,0
117900104,0,0,0
117900105,0,0,0
117900106,0,0,0
117900107,0,0,0
117900109,0,0,0
117900110,0,0,0
117900111,5,1,4
117900112,0,0,0
117900113,0,0,0
117900114,0,0,0
117900115,0,0,0
117900116,0,0,0
117900117,0,0,0
117900118,4,0,4
117900119,0,0,0
117900120,3,0,3
117900121,6,0,6
117900122,0,0,0
117900123,0,0,0
117900124,0,0,0
117900125,0,0,0
117900126,0,0,0
117900127,0,0,0
117900128,0,0,0
117900129,0,0,0
117900130,0,0,0
117900131,0,0,0
117900132,0,0,0
117900133,0,0,0
117900134,0,0,0
117900135,0,0,0
117900136,0,0,0
117900137,0,0,0
117900138,0,0,0
117900139,0,0,0
117900140,0,0,0
117900141,0,0,0
117900142,0,0,0
117900144,0,0,0
117900145,0,0,0
117900146,0,0,0
117900147,0,0,0
117900148,0,0,0
117900149,0,0,0
117900150,0,0,0
117900151,0,0,0
117900152,0,0,0
117900153,0,0,0
117900154,0,0,0
117900156,0,0,0
117900157,0,0,0
117900158,0,0,0
117900160,0,0,0
117900161,0,0,0
117900162,0,0,0
117900163,0,0,0
117900165,0,0,0
117900166,0,0,0
117900168,0,0,0
117900169,0,0,0
117900170,0,0,0
117900171,0,0,0
117900172,0,0,0
117900173,0,0,0
117900174,0,0,0
117900175,0,0,0
117900176,0,0,0
117900177,0,0,0
117900178,0,0,0
117900180,0,0,0
117900181,0,0,0
117900182,0,0,0
117900183,0,0,0
117900184,0,0,0
117900185,0,0,0
117900186,0,0,0
117900187,0,0,0
117900188,0,0,0
117900189,0,0,0
117900190,0,0,0
117900191,0,0,0
117900192,0,0,0
117900193,0,0,0
117900194,0,0,0
117900195,0,0,0
117900196,0,0,0
117900207,0,0,0
117900208,0,0,0
117900209,0,0,0
117900210,0,0,0
117900211,0,0,0
117900212,0,0,0
117900213,0,0,0
117900214,0,0,0
117900215,0,0,0
117900216,0,0,0
117900217,0,0,0
117900218,0,0,0
117900219,0,0,0
117900220,0,0,0
117900222,0,0,0
117900223,0,0,0
118000001,284,711,-427
118000002,10,112,-102
118000003,1112,2183,-1071
118000004,34,64,-30
118000005,2028,1845,183
118000006,162,282,-120
118000007,191,740,-549
118000008,152,589,-437
118000009,40,270,-230
118000010,102,518,-416
118000011,0,0,0
118000012,0,0,0
118000013,0,0,0
118000014,0,0,0
118000016,0,0,0
118000017,43,55,-12
118000018,0,0,0
118000019,0,0,0
118000020,23,93,-70
118000021,4,102,-98
118000022,133,21,112
118000023,237,151,86
118000024,268,291,-23
118000027,279,350,-71
118000029,22,436,-414
118000032,293,840,-547
118000033,841,1568,-727
118000034,134,418,-284
118000035,92,365,-273
118000036,83,208,-125
118000037,0,0,0
118000038,31,145,-114
118000039,0,0,0
118000040,232,306,-74
118000041,0,0,0
118000045,5,76,-71
118000046,2,188,-186
118000047,0,0,0
118000048,70,174,-104
118000051,29,269,-240
118000052,6,55,-49
118000053,22,58,-36
118000054,45,122,-77
118000055,1,30,-29
118000056,0,0,0
118000057,0,1,-1
118000058,0,0,0
118000059,2,40,-38
118000060,33,11,22
118000061,16,107,-91
118000062,0,0,0
118000063,0,13,-13
118000064,11,129,-118
118000065,87,67,20
118000066,1,255,-254
118000067,5,50,-45
118000068,31,167,-136
118000069,3,20,-17
118000070,35,66,-31
118000071,107,143,-36
118000072,279,434,-155
118000073,32,97,-65
118000074,0,15,-15
118000075,7,61,-54
118000076,635,2066,-1431
118000077,0,0,0
118000078,770,1101,-331
118000079,13,89,-76
118000080,0,0,0
118000081,400,677,-277
118000082,0,0,0
118000083,0,0,0
118000084,0,0,0
118000086,0,0,0
118000087,111,183,-72
118000088,172,420,-248
118000089,397,217,180
118000090,7,100,-93
118000091,97,160,-63
118000092,0,0,0
118000093,0,0,0
118000096,0,0,0
118000097,0,0,0
118000098,0,0,0
118000099,0,0,0
118000101,447,288,159
118000102,131,48,83
118000107,25,0,25
118000108,47,13,34
118000110,0,0,0
118000111,0,0,0
118000112,127,0,127
118000113,0,0,0
118000114,103,0,103
118000115,0,0,0
118000116,0,0,0
118000117,23,0,23
118000118,335,305,30
118000119,292,328,-36
118000120,65,10,55
118000121,0,0,0
118000122,0,0,0
118000123,0,0,0
118000125,0,0,0
118000126,8,24,-16
118000127,75,339,-264
118000128,0,0,0
118000129,136,83,53
118000130,8,90,-82
118000131,26,124,-98
118000132,216,319,-103
118000133,162,135,27
118000135,173,217,-44
118000136,2,12,-10
118000137,0,0,0
118000138,0,0,0
118000139,0,0,0
118000140,13,45,-32
118000141,1238,1048,190
118000142,91,34,57
118000143,453,601,-148
118000144,99,141,-42
118000145,374,212,162
118000146,454,75,379
118000147,436,50,386
118000148,30,140,-110
118000149,0,0,0
118000150,394,115,279
118000151,67,40,27
118000153,640,715,-75
118000154,406,371,35
118000155,601,715,-114
118000156,242,162,80
118000157,274,109,165
118000158,0,0,0
118000159,89,136,-47
118000160,687,209,478
118000161,0,0,0
118000162,244,67,177
118000163,244,234,10
118000164,794,222,572
118000168,0,0,0
118000169,0,0,0
118000170,29,43,-14
118000171,20,23,-3
118000172,2,3,-1
118000173,202,99,103
118000175,279,495,-216
118000176,266,669,-403
118000177,276,420,-144
118000178,0,0,0
118000179,1266,1126,140
118000180,794,540,254
118000181,40,22,18
118000182,47,66,-19
118000183,93,104,-11
118000184,884,274,610
118000185,0,0,0
118000186,0,0,0
118000187,0,0,0
118000188,0,0,0
118000189,0,0,0
118000190,0,0,0
118000191,0,0,0
118000192,0,13,-13
118000193,0,0,0
118000194,716,892,-176
118000195,9,19,-10
118000196,0,0,0
118000197,2,1,1
118000198,4,67,-63
118000199,150,159,-9
118000200,0,0,0
118000201,0,0,0
118000202,0,0,0
118000203,0,0,0
118000204,0,14,-14
118000205,22,36,-14
118000206,106,19,87
118000207,0,0,0
118000208,319,519,-200
118000209,308,48,260
118000210,48,8,40
118000211,32,8,24
118000213,2,40,-38
118000214,59,23,36
118000215,0,0,0
118000216,0,0,0
118000217,0,0,0
118000218,0,0,0
118000219,0,0,0
118000220,1,17,-16
118000221,0,0,0
118000222,0,0,0
118000223,14,8,6
118000224,0,0,0
118000225,0,0,0
118000226,33,2,31
118000227,45,90,-45
118000228,0,13,-13
118000229,0,0,0
118000230,0,0,0
118000231,0,0,0
118000232,0,0,0
118000233,193,33,160
118000234,0,0,0
118000236,0,0,0
118000237,0,0,0
118000238,0,0,0
118000239,175,36,139
118000240,0,0,0
118000241,0,0,0
118000242,0,0,0
118000243,0,0,0
118000244,0,0,0
118000246,0,0,0
118000255,0,0,0
118000256,1,2,-1
118000259,0,0,0
118000260,0,0,0
118000261,0,0,0
118000263,0,0,0
118000266,0,0,0
118000267,0,0,0
118000268,49,8,41
118000270,0,0,0
118000271,3,0,3
118000272,0,0,0
118000273,0,0,0
118000274,0,0,0
118000276,0,0,0
118000295,0,0,0
118000298,0,0,0
118000299,0,0,0
118000301,0,0,0
118000302,0,0,0
118000311,0,0,0
118000312,0,0,0
118000313,0,0,0
118000314,0,0,0
118000315,0,0,0
118000316,0,0,0
118000325,0,0,0
118000326,0,0,0
118000331,0,0,0
118000332,0,0,0
118000333,0,0,0
118000335,87,0,87
118000336,0,0,0
118000407,0,0,0
118000457,0,0,0
118000465,88,149,-61
118000480,0,0,0
118000489,9,108,-99
118000490,0,0,0
118000492,161,27,134
118000510,0,0,0
118000514,30,0,30
118000515,49,2,47
118000517,0,0,0
118000524,0,0,0
118000525,57,83,-26
118000530,12,54,-42
118000531,100,39,61
118000532,0,0,0
118000533,0,0,0
118000534,0,0,0
118000535,91,54,37
118000536,0,0,0
118000537,0,0,0
118000538,0,0,0
118000539,0,42,-42
118000540,0,0,0
118000541,0,0,0
118000542,30,87,-57
118000543,7,31,-24
118000546,0,0,0
118000553,0,0,0
118000560,0,0,0
118000562,0,0,0
118000563,236,654,-418
118000576,0,0,0
118000577,0,0,0
118000578,0,0,0
118000579,0,3,-3
118000583,0,0,0
118000595,62,158,-96
118000596,0,0,0
118000597,0,0,0
118000598,0,0,0
118000599,0,0,0
118000600,0,0,0
118000601,0,0,0
118000602,0,0,0
118000603,0,0,0
118900001,0,0,0
118900002,0,0,0
118900003,0,0,0
118900004,0,0,0
118900005,0,0,0
118900006,0,0,0
118900007,0,0,0
118900008,0,0,0
118900009,0,0,0
118900010,0,0,0
118900011,0,0,0
118900012,0,0,0
118900013,0,0,0
118900015,0,0,0
118900016,0,0,0
118900017,0,0,0
118900018,0,0,0
118900019,0,0,0
118900020,0,0,0
118900021,0,0,0
118900022,0,0,0
118900023,0,0,0
118900024,0,0,0
118900025,0,0,0
118900026,0,0,0
118900027,0,0,0
118900028,0,0,0
118900029,0,0,0
118900030,0,0,0
118900031,0,0,0
118900032,0,0,0
118900033,0,0,0
118900034,0,0,0
118900035,0,0,0
118900036,0,0,0
118900037,0,0,0
118900038,0,0,0
118900039,0,0,0
118900040,0,0,0
118900041,0,0,0
118900042,0,0,0
118900045,0,0,0
118900046,0,0,0
118900047,0,0,0
118900048,0,0,0
118900049,0,0,0
118900050,0,0,0
118900051,0,0,0
118900052,0,0,0
118900053,0,0,0
118900054,0,0,0
118900055,0,0,0
118900056,0,0,0
118900057,0,0,0
118900058,0,0,0
118900059,0,0,0
118900060,0,0,0
118900062,0,0,0
118900064,0,0,0
118900065,0,0,0
118900066,0,0,0
118900067,0,0,0
118900068,0,0,0
118900069,0,0,0
118900071,0,0,0
118900072,0,0,0
118900073,0,0,0
118900074,0,0,0
118900075,0,0,0
118900076,0,0,0
118900077,0,0,0
118900078,0,0,0
118900079,0,0,0
118900080,0,0,0
118900081,0,0,0
118900082,0,0,0
118900083,0,0,0
118900084,0,0,0
118900085,0,0,0
118900086,0,0,0
118900087,0,0,0
118900088,0,0,0
118900089,0,0,0
118900090,0,0,0
118900091,0,0,0
118900092,0,0,0
118900093,0,0,0
118900096,0,0,0
118900097,0,0,0
118900099,0,0,0
118900100,0,0,0
118900101,0,0,0
118900102,0,0,0
118900103,0,0,0
118900104,2,0,2
118900105,0,0,0
118900107,0,0,0
118900108,0,0,0
118900110,0,0,0
118900111,0,0,0
118900112,0,0,0
118900113,0,0,0
118900114,0,0,0
118900115,0,0,0
118900116,0,0,0
118900117,0,0,0
118900118,0,0,0
118900119,0,0,0
118900120,0,0,0
118900121,0,0,0
118900122,0,0,0
118900123,0,0,0
118900124,0,0,0
118900126,0,0,0
118900129,0,0,0
118900130,0,0,0
118900131,0,0,0
118900132,0,0,0
118900133,0,0,0
118900135,0,0,0
118900136,0,0,0
118900137,0,0,0
118900139,0,0,0
118900140,0,0,0
118900141,0,0,0
118900144,0,0,0
118900145,0,0,0
118900146,0,0,0
118900147,0,0,0
118900148,0,0,0
118900150,0,0,0
118900152,0,0,0
118900157,0,0,0
118900158,0,0,0
118900159,0,0,0
118900161,0,0,0
118900163,0,0,0
118900164,0,0,0
118900165,0,0,0
118900166,0,0,0
118900167,0,0,0
118900168,0,0,0
118900169,0,0,0
118900170,0,0,0
118900171,0,0,0
118900174,0,0,0
118900175,0,0,0
118900176,0,0,0
118900177,0,0,0
118900178,0,0,0
118900179,0,0,0
118900181,0,0,0
118900182,0,0,0
118900183,0,0,0
118900184,0,0,0
118900185,0,0,0
118900186,0,0,0
118900187,0,0,0
118900188,0,0,0
118900189,0,0,0
118900190,0,0,0
118900191,0,0,0
118900192,0,0,0
118900193,0,0,0
118900195,0,0,0
118900196,0,0,0
118900197,0,0,0
118900198,0,0,0
118900199,0,0,0
118900200,0,0,0
118900201,0,0,0
118900202,0,0,0
118900203,0,0,0
118900204,0,0,0
118900205,0,0,0
118900206,0,0,0
119000001,438,480,-42
119000002,689,316,373
119000003,50,82,-32
119000004,25,115,-90
119000005,123,83,40
119000006,127,46,81
119000007,894,645,249
119000008,0,0,0
119000009,355,426,-71
119000010,0,0,0
119000011,594,417,177
119000012,28,70,-42
119000013,1459,552,907
119000014,17,56,-39
119000019,76,50,26
119000020,172,133,39
119000021,173,126,47
119000022,0,0,0
119000023,105,213,-108
119000024,241,1340,-1099
119000025,32,99,-67
119000026,0,0,0
119000027,3,62,-59
119000028,120,75,45
119000029,0,0,0
119000030,35,130,-95
119000031,1,1,0
119000032,0,24,-24
119000033,350,111,239
119000034,15,1,14
119000035,0,2,-2
119000036,163,39,124
119000037,8,9,-1
119000038,1,24,-23
119000039,7,71,-64
119000040,1,258,-257
119000041,4,38,-34
119000048,317,130,187
119000049,34,54,-20
119000050,21,10,11
119000051,93,41,52
119000052,1,3,-2
119000053,74,8,66
119000054,275,112,163
119000055,1412,158,1254
119000056,651,440,211
119000057,68,78,-10
119000058,112,62,50
119000059,790,250,540
119000060,0,0,0
119000061,130,112,18
119000062,0,0,0
119000063,47,49,-2
119000064,13,92,-79
119000065,31,95,-64
119000066,164,144,20
119000067,245,117,128
119000068,186,39,147
119000069,299,133,166
119000070,77,24,53
119000071,0,0,0
119000072,284,97,187
119000073,137,49,88
119000074,363,125,238
119000075,351,80,271
119000076,0,1,-1
119000077,0,0,0
119000078,0,0,0
119000079,0,0,0
119000080,0,0,0
119000081,0,0,0
119000082,0,0,0
119000083,0,0,0
119000084,0,0,0
119000085,0,0,0
119000086,0,0,0
119000087,0,0,0
119000088,0,0,0
119000089,0,0,0
119000090,0,0,0
119000091,0,0,0
119000092,0,0,0
119000093,352,97,255
119000094,1061,208,853
119000095,99,113,-14
119000097,151,104,47
119000098,193,624,-431
119000099,577,123,454
119000100,421,342,79
119000101,0,0,0
119000102,0,0,0
119000103,35,19,16
119000104,0,0,0
119000105,80,84,-4
119000106,0,0,0
119000107,177,136,41
119000108,0,0,0
119000109,0,0,0
119000110,0,0,0
119000111,0,0,0
119000112,0,0,0
119000113,0,0,0
119000114,41,31,10
119000115,0,0,0
119000116,1,45,-44
119000117,0,0,0
119000118,0,0,0
119000123,0,0,0
119000124,95,12,83
119000125,421,27,394
119000126,317,32,285
119000127,0,0,0
119000128,0,0,0
119000131,0,0,0
119000132,0,0,0
119000133,0,0,0
119000134,226,178,48
119000135,0,0,0
119000136,0,0,0
119000137,0,0,0
119000138,0,0,0
119000139,0,0,0
119000140,0,0,0
119000284,0,0,0
119000285,0,0,0
119000286,0,0,0
119000287,0,0,0
119000288,0,0,0
119000289,0,0,0
119000290,89,17,72
119000291,0,0,0
119000293,5,8,-3
119000294,166,71,95
119000295,0,0,0
119000296,0,0,0
119000299,0,0,0
119000302,0,0,0
119000303,1,35,-34
119000314,0,0,0
119000315,0,0,0
119000316,0,0,0
119000317,0,0,0
119900001,0,0,0
119900002,0,0,0
119900003,0,0,0
119900004,0,0,0
119900005,0,0,0
119900006,0,0,0
119900007,0,0,0
119900008,0,0,0
119900009,0,0,0
119900010,0,0,0
119900011,0,0,0
119900012,0,0,0
119900013,0,0,0
119900014,0,0,0
119900015,0,0,0
119900016,0,0,0
119900017,0,0,0
119900018,0,0,0
119900019,0,0,0
119900020,0,0,0
119900021,0,0,0
119900022,0,0,0
119900023,0,0,0
119900025,0,0,0
119900026,0,0,0
119900027,0,0,0
119900028,0,0,0
119900029,0,0,0
119900030,0,0,0
119900031,0,0,0
119900033,0,0,0
119900034,0,0,0
119900037,0,0,0
119900038,0,0,0
119900039,0,0,0
119900040,0,0,0
119900041,0,0,0
119900042,0,0,0
119900043,0,0,0
119900044,0,0,0
119900046,0,0,0
119900047,0,0,0
119900048,0,0,0
119900049,0,0,0
119900050,0,0,0
119900051,0,0,0
119900052,0,0,0
119900053,0,0,0
119900054,0,0,0
119900055,0,0,0
119900057,0,0,0
119900058,0,0,0
119900059,0,0,0
119900060,0,0,0
119900062,0,0,0
119900063,0,0,0
119900065,0,0,0
119900066,0,0,0
119900067,0,0,0
119900068,0,0,0
119900069,0,0,0
119900070,0,0,0
119900071,0,0,0
119900073,0,0,0
119900074,0,0,0
119900075,0,0,0
119900076,0,0,0
119900077,0,0,0
119900078,0,0,0
119900079,0,0,0
119900080,0,0,0
119900081,0,0,0
119900082,3,0,3
119900083,0,0,0
119900084,0,0,0
119900085,0,0,0
119900087,0,0,0
119900088,0,0,0
119900089,0,0,0
119900090,0,0,0
119900091,0,0,0
119900092,0,0,0
119900093,0,0,0
119900094,0,0,0
119900095,0,0,0
119900096,0,0,0
119900097,0,0,0
119900098,0,0,0
119900099,0,0,0
119900100,0,0,0
119900101,0,0,0
119900102,0,0,0
119900103,0,0,0
119900104,0,0,0
119900105,0,0,0
119900106,0,0,0
119900107,0,0,0
119900108,0,0,0
119900109,0,0,0
119900110,0,0,0
119900111,0,0,0
119900112,0,0,0
119900113,0,0,0
119900114,0,0,0
119900115,0,0,0
119900116,0,0,0
119900117,0,0,0
119900118,0,0,0
119900119,0,0,0
119900120,0,0,0
119900121,0,0,0
119900122,0,0,0
119900123,0,0,0
119900124,0,0,0
119900125,0,0,0
119900126,0,0,0
119900127,0,0,0
119900128,0,0,0
119900129,0,0,0
119900130,0,0,0
119900131,0,0,0
119900132,0,0,0
119900133,0,0,0
119900134,0,0,0
119900135,0,0,0
119900136,0,0,0
119900138,0,0,0
119900139,0,0,0
119900140,0,0,0
119900141,0,0,0
119900142,0,0,0
119900143,0,0,0
119900144,0,0,0
119900145,0,0,0
119900146,0,0,0
119900147,0,0,0
119900148,0,0,0
119900149,0,0,0
119900150,0,0,0
119900151,0,0,0
119900152,0,0,0
119900153,0,0,0
119900154,0,0,0
119900155,0,0,0
119900156,0,0,0
119900157,0,0,0
119900158,0,0,0
119900159,0,0,0
119900160,0,0,0
119900161,0,0,0
119900162,0,0,0
119900163,0,0,0
119900164,0,0,0
119900165,0,0,0
119900166,0,0,0
119900167,0,0,0
119900168,0,0,0
119900169,0,0,0
119900170,0,0,0
119900171,0,0,0
119900172,0,0,0
119900173,0,0,0
119900174,0,0,0
119900175,0,0,0
119900177,0,0,0
119900178,0,0,0
119900179,0,0,0
119900180,0,0,0
119900181,0,0,0
119900182,0,0,0
119900183,0,0,0
119900184,0,0,0
119900185,0,0,0
119900186,0,0,0
119900187,0,0,0
119900188,0,0,0
119900189,0,0,0
119900190,0,0,0
119900191,0,0,0
119900192,0,0,0
119900193,0,0,0
119900194,0,0,0
119900195,0,0,0
119900196,0,0,0
119900197,0,0,0
119900198,0,0,0
119900199,0,0,0
119900200,0,0,0
119900201,0,0,0
119900202,0,0,0
119900203,0,0,0
119900204,0,0,0
119900205,0,0,0
119900206,0,0,0
119900208,0,0,0
119900209,0,0,0
119900210,0,0,0
119900211,0,0,0
119900212,0,0,0
119900213,0,0,0
119900214,0,0,0
119900215,0,0,0
119900216,0,0,0
119900217,0,0,0
119900218,0,0,0
119900219,0,0,0
119900220,0,0,0
119900221,0,0,0
119900222,0,0,0
119900223,0,0,0
119900224,0,0,0
119900225,0,0,0
119900226,0,0,0
119900227,0,0,0
119900228,0,0,0
119900229,0,0,0
119900230,0,0,0
119900231,0,0,0
119900232,0,0,0
119900233,0,0,0
119900234,0,0,0
119900235,0,0,0
119900236,0,0,0
119900237,0,0,0
119900238,0,0,0
119900240,0,0,0
119900241,0,0,0
119900242,0,0,0
119900244,0,0,0
119900245,0,0,0
119900246,0,0,0
119900247,0,0,0
119900248,0,0,0
119900249,0,0,0
119900253,0,0,0
119900254,0,0,0
119900255,0,0,0
119900256,0,0,0
119900257,0,0,0
119900258,0,0,0
119900259,0,0,0
119900260,0,0,0
119900261,0,0,0
119900262,0,0,0
119900263,0,0,0
119900264,0,0,0
119900265,0,0,0
119900266,0,0,0
119900267,0,0,0
119900268,0,0,0
119900269,0,0,0
119900271,0,0,0
119900272,0,0,0
119900275,0,0,0
119900276,0,0,0
119900277,0,0,0
119900278,0,0,0
119900279,0,0,0
119900280,0,0,0
119900281,0,0,0
119900282,0,0,0
119900283,0,0,0
119900284,0,0,0
119900285,0,0,0
119900286,0,0,0
119900288,0,0,0
119900289,0,0,0
119900290,0,0,0
119900291,0,0,0
119900292,0,0,0
119900293,0,0,0
119900294,0,0,0
119900295,0,0,0
119900296,0,0,0
119900299,0,0,0
119900300,0,0,0
119900301,0,0,0
119900302,0,0,0
119900303,0,0,0
119900304,0,0,0
119900305,0,0,0
119900306,0,0,0
119900307,0,0,0
119900308,0,0,0
119900309,0,0,0
119900310,0,0,0
119900311,0,0,0
119900312,0,0,0
119900313,0,0,0
119900314,0,0,0
119900315,0,0,0
119900318,0,0,0
119900319,0,0,0
119900320,0,0,0
119900321,0,0,0
119900322,0,0,0
119900323,0,0,0
119900324,0,0,0
119900325,0,0,0
119900326,0,0,0
120000001,2069,2699,-630
120000002,175,117,58
120000003,74,119,-45
120000004,95,165,-70
120000005,260,247,13
120000006,87,106,-19
120000007,149,113,36
120000008,43,134,-91
120000009,31,20,11
120000010,51,71,-20
120000011,16,127,-111
120000012,40,310,-270
120000013,702,265,437
120000014,312,323,-11
120000015,1098,630,468
120000016,2429,744,1685
120000017,834,473,361
120000018,1628,599,1029
120000019,332,167,165
120000020,933,521,412
120000021,375,981,-606
120000022,2302,1538,764
120000023,462,387,75
120000024,260,445,-185
120000025,972,387,585
120000026,402,631,-229
120000027,690,816,-126
120000028,0,1,-1
120000029,28,211,-183
120000030,15,196,-181
120000031,746,631,115
120000032,538,120,418
120000033,245,104,141
120000034,330,56,274
120000035,572,92,480
120000036,1243,867,376
120000037,396,715,-319
120000038,319,829,-510
120000039,2,67,-65
120000040,1,24,-23
120000041,32,15,17
120000042,60,43,17
120000043,165,47,118
120000044,39,9,30
120000045,9,1,8
120000046,110,62,48
120000047,6,17,-11
120000048,599,231,368
120000049,601,259,342
120000050,57,259,-202
120000051,73,299,-226
120000052,0,0,0
120000053,252,65,187
120000054,117,34,83
120000055,100,34,66
120000056,481,217,264
120000057,349,87,262
120000058,68,60,8
120000059,4,327,-323
120000061,0,13,-13
120000062,0,0,0
120000063,62,1,61
120000064,60,4,56
120000065,145,0,145
120000066,41,7,34
120000067,18,6,12
120000068,38,32,6
120000069,87,10,77
120000070,4,13,-9
120000071,391,192,199
120000072,509,178,331
120000073,264,166,98
120000074,115,71,44
120000075,601,83,518
120000076,987,136,851
120000077,436,213,223
120000078,623,298,325
120000079,0,0,0
120000080,0,0,0
120000081,0,0,0
120000082,0,0,0
120000083,0,0,0
120000084,36,5,31
120000085,2,2,0
120000086,37,12,25
120000087,2,9,-7
120000088,397,81,316
120000089,654,46,608
120000090,316,65,251
120000091,672,186,486
120000092,912,213,699
120000093,147,179,-32
120000094,103,386,-283
120000095,0,0,0
120000096,0,0,0
120000098,145,0,145
120000099,25,0,25
120000100,171,1,170
120000101,83,0,83
120000102,127,862,-735
120000103,672,678,-6
120000104,1464,143,1321
120000105,1872,60,1812
120000106,1706,50,1656
120000107,2232,35,2197
120000108,1139,12,1127
120000109,336,5,331
120000110,0,40,-40
120000111,1,19,-18
120000112,5,17,-12
120000113,1,23,-22
120000114,65,8,57
120000115,9,14,-5
120000116,24,36,-12
120000117,0,0,0
120000118,0,0,0
120000119,12,111,-99
120000120,0,0,0
120000121,23,67,-44
120000122,94,179,-85
120000123,404,262,142
120000124,305,156,149
120000125,14,9,5
120000126,118,234,-116
120000127,209,139,70
120000128,117,23,94
120000129,178,89,89
120000130,546,144,402
120000131,158,113,45
120000134,0,0,0
120000135,0,0,0
120000137,0,0,0
120000138,0,0,0
120000139,0,0,0
120000140,0,0,0
120000141,0,0,0
120000142,0,0,0
120000143,0,0,0
120000144,0,0,0
120000145,0,0,0
120000146,451,630,-179
120000149,0,0,0
120000150,0,0,0
120000151,132,60,72
120000152,261,43,218
120000153,0,0,0
120000154,80,2,78
120000155,143,58,85
120000156,157,29,128
120000157,192,77,115
120000158,0,0,0
120000159,85,350,-265
120000160,749,308,441
120000161,376,180,196
120000162,28,171,-143
120000163,0,0,0
120000164,0,0,0
120000165,114,9,105
120000166,151,87,64
120000167,0,0,0
120000168,0,0,0
120000169,0,0,0
120000170,0,0,0
120000171,0,0,0
120000172,0,0,0
120000173,0,0,0
120000174,0,0,0
120000175,0,0,0
120000176,0,0,0
120000177,0,0,0
120000178,0,0,0
120000179,0,0,0
120000180,0,0,0
120000181,0,0,0
120000182,0,0,0
120000183,0,0,0
120000184,0,0,0
120000186,0,0,0
120000187,0,0,0
120000188,0,0,0
120000190,0,0,0
120000191,0,0,0
120000192,0,0,0
120000193,0,0,0
120000195,0,0,0
120000196,0,0,0
120000197,0,0,0
120000198,0,0,0
120000199,0,0,0
120000200,0,0,0
120000201,0,0,0
120000202,0,0,0
120000203,0,0,0
120000207,0,0,0
120000208,0,0,0
120000209,0,0,0
120000210,0,0,0
120000211,0,0,0
120000212,0,0,0
120000213,0,0,0
120000214,0,0,0
120000215,0,0,0
120000216,0,0,0
120000217,0,0,0
120000218,0,0,0
120000219,0,0,0
120000220,0,0,0
120000225,0,0,0
120000226,0,0,0
120000227,0,0,0
120000228,0,0,0
120000230,0,0,0
120000231,0,0,0
120000233,414,0,414
120000235,0,51,-51
120000236,967,2,965
120000237,0,0,0
120000238,0,0,0
120000241,739,614,125
120000412,0,0,0
120000413,0,0,0
120000414,0,0,0
120000415,0,0,0
120000416,0,0,0
120000417,0,0,0
120000418,0,0,0
120000419,0,0,0
120000420,71,0,71
120000421,435,423,12
120000422,0,0,0
120000423,0,0,0
120000424,0,0,0
120000436,134,59,75
120000437,0,0,0
120000438,0,0,0
120000439,422,160,262
120000443,0,0,0
120000444,510,84,426
120000445,324,356,-32
120000446,180,65,115
120000447,497,2,495
120000449,0,0,0
120000450,0,0,0
120000451,48,49,-1
120000452,0,0,0
120000453,0,0,0
120000454,12,1,11
120000455,30,104,-74
120000456,7,204,-197
120000457,81,14,67
120000458,8,0,8
120000459,76,42,34
120000665,6,237,-231
120000668,0,44,-44
120000669,60,7,53
120000670,1,65,-64
120000671,88,22,66
120000672,0,19,-19
120900001,0,0,0
120900002,0,0,0
120900003,0,0,0
120900004,0,0,0
120900005,0,0,0
120900006,0,0,0
120900007,0,0,0
120900008,0,0,0
120900009,0,0,0
120900010,0,0,0
120900011,0,0,0
120900012,0,0,0
120900013,0,0,0
120900014,0,0,0
120900015,0,0,0
120900016,0,0,0
120900017,0,0,0
120900018,0,0,0
120900019,0,0,0
120900020,0,0,0
120900021,0,0,0
120900022,0,0,0
120900023,0,0,0
120900024,0,0,0
120900025,0,0,0
120900026,0,0,0
120900027,0,0,0
120900028,0,0,0
120900029,0,0,0
120900030,0,0,0
120900031,0,0,0
120900032,0,0,0
120900033,0,0,0
120900034,0,0,0
120900035,0,0,0
120900037,0,0,0
120900038,0,0,0
120900039,0,0,0
120900040,0,0,0
120900041,0,0,0
120900042,0,0,0
120900043,0,0,0
120900044,0,0,0
120900045,0,0,0
120900046,0,0,0
120900047,0,0,0
120900048,0,0,0
120900049,0,0,0
120900050,0,0,0
120900051,0,0,0
120900052,0,0,0
120900053,0,0,0
120900054,0,0,0
120900055,0,0,0
120900056,0,0,0
120900057,0,0,0
120900058,0,0,0
120900059,0,0,0
120900060,0,0,0
120900061,0,0,0
120900062,0,0,0
120900063,0,0,0
120900064,0,0,0
120900065,0,0,0
120900066,0,0,0
120900067,0,0,0
120900068,0,0,0
120900069,0,0,0
120900071,0,0,0
120900072,0,0,0
120900073,0,0,0
120900074,0,0,0
120900076,0,0,0
120900077,0,0,0
120900078,0,0,0
120900079,0,0,0
120900080,0,0,0
120900081,0,0,0
120900082,0,0,0
120900083,0,0,0
120900084,0,0,0
120900085,0,0,0
120900086,0,0,0
120900087,0,0,0
120900088,0,0,0
120900089,0,0,0
120900090,0,0,0
120900091,0,0,0
120900092,0,0,0
120900093,0,0,0
120900094,0,0,0
120900095,0,0,0
120900096,0,0,0
120900097,0,0,0
120900098,0,0,0
120900099,0,0,0
120900100,0,0,0
120900101,0,0,0
120900102,0,0,0
120900103,0,0,0
120900104,0,0,0
120900105,0,0,0
120900106,0,0,0
120900107,0,0,0
120900108,0,0,0
120900109,0,0,0
120900110,0,0,0
120900111,0,0,0
120900112,0,0,0
120900113,0,0,0
120900114,0,0,0
120900115,109,32,77
120900116,0,0,0
120900117,0,0,0
120900118,0,0,0
120900119,0,0,0
120900120,0,0,0
120900121,0,0,0
120900122,0,0,0
120900123,0,0,0
120900124,0,0,0
120900125,0,0,0
120900126,0,0,0
120900127,0,0,0
120900128,0,0,0
120900129,0,0,0
120900130,0,0,0
120900131,0,0,0
120900132,0,0,0
120900133,0,0,0
120900134,0,0,0
120900135,0,0,0
120900136,0,0,0
120900137,0,0,0
120900138,0,0,0
120900139,0,0,0
120900140,0,0,0
120900141,0,0,0
120900142,0,0,0
120900143,0,0,0
120900144,0,0,0
120900145,0,0,0
120900146,0,0,0
120900147,0,0,0
120900148,0,0,0
120900149,0,0,0
120900150,0,0,0
120900151,0,0,0
120900152,0,0,0
120900153,0,0,0
120900154,0,0,0
120900155,0,0,0
120900156,0,0,0
120900157,0,0,0
120900158,0,0,0
120900159,0,0,0
120900160,0,0,0
120900161,0,0,0
120900162,0,0,0
120900163,0,0,0
120900164,0,0,0
120900165,0,0,0
120900166,0,0,0
120900167,0,0,0
120900169,0,0,0
120900170,0,0,0
120900171,0,0,0
120900172,0,0,0
120900173,0,0,0
120900174,0,0,0
120900175,0,0,0
120900176,0,0,0
120900177,0,0,0
120900178,0,0,0
120900179,0,0,0
120900180,0,0,0
120900181,0,0,0
120900182,0,0,0
120900183,0,0,0
120900184,0,0,0
120900185,0,0,0
120900186,0,0,0
120900187,0,0,0
120900188,0,0,0
120900189,0,0,0
120900190,0,0,0
120900191,0,0,0
120900192,0,0,0
120900194,0,0,0
120900195,0,0,0
120900196,0,0,0
120900197,0,0,0
120900198,0,0,0
120900199,0,0,0
120900200,0,0,0
120900201,0,0,0
120900202,0,0,0
120900203,0,0,0
120900204,0,0,0
120900205,0,0,0
120900206,0,0,0
120900207,0,0,0
121000001,0,0,0
121000002,256,180,76
121000003,0,0,0
121000004,245,218,27
121000005,5,34,-29
121000006,197,361,-164
121000007,8,38,-30
121000008,439,452,-13
121000009,60,76,-16
121000010,742,412,330
121000011,390,298,92
121000012,2046,816,1230
121000013,339,445,-106
121000014,2223,739,1484
121000015,776,1161,-385
121000016,1007,732,275
121000017,107,205,-98
121000018,218,298,-80
121000019,298,239,59
121000020,806,1137,-331
121000021,31,40,-9
121000022,118,526,-408
121000023,43,23,20
121000024,901,794,107
121000025,37,65,-28
121000026,59,114,-55
121000027,92,112,-20
121000028,15,75,-60
121000029,83,22,61
121000030,0,0,0
121000031,1,23,-22
121000032,0,0,0
121000034,14,18,-4
121000035,0,0,0
121000036,31,30,1
121000037,62,49,13
121000038,18,88,-70
121000039,0,0,0
121000041,0,0,0
121000042,2,54,-52
121000043,71,22,49
121000044,6,67,-61
121000045,6,23,-17
121000046,0,0,0
121000047,0,0,0
121000049,148,71,77
121000050,39,238,-199
121000051,4,25,-21
121000052,25,58,-33
121000053,9,7,2
121000054,0,0,0
121000055,0,0,0
121000056,254,381,-127
121000057,0,0,0
121000058,0,0,0
121000059,20,23,-3
121000060,71,49,22
121000061,0,25,-25
121000062,0,16,-16
121000063,15,21,-6
121000064,36,11,25
121000065,1,26,-25
121000066,0,0,0
121000067,0,0,0
121000068,26,5,21
121000069,0,9,-9
121000070,94,136,-42
121000071,38,245,-207
121000072,19,43,-24
121000073,22,250,-228
121000074,0,0,0
121000075,0,0,0
121000076,2,7,-5
121000077,7,22,-15
121000078,0,0,0
121000080,175,70,105
121000081,325,275,50
121000082,18,60,-42
121000083,4,12,-8
121000084,0,0,0
121000085,87,49,38
121000086,4,27,-23
121000087,2,57,-55
121000088,0,0,0
121000089,3,143,-140
121000090,0,0,0
121000091,616,100,516
121000092,11,15,-4
121000093,8,49,-41
121000094,48,57,-9
121000095,0,1,-1
121000096,0,0,0
121000097,0,0,0
121000098,33,49,-16
121000099,2,9,-7
121000100,0,0,0
121000101,10,26,-16
121000102,0,0,0
121000103,0,6,-6
121000104,0,0,0
121000105,0,0,0
121000106,45,12,33
121000107,196,235,-39
121000109,58,229,-171
121000110,0,0,0
121000114,313,447,-134
121000115,0,0,0
121000116,0,0,0
121000117,44,3,41
121000118,0,0,0
121000119,0,0,0
121000120,1,58,-57
121000121,1,4,-3
121000123,3,0,3
121000126,0,0,0
121000127,0,0,0
121000128,0,0,0
121000129,0,0,0
121000130,39,61,-22
121000131,0,0,0
121000132,17,90,-73
121000135,0,0,0
121000136,28,94,-66
121000137,0,0,0
121000138,12,37,-25
121000139,0,0,0
121000141,0,0,0
121000142,0,0,0
121000143,0,0,0
121000144,0,0,0
121000145,0,1,-1
121000146,56,7,49
121000147,46,41,5
121000148,0,0,0
121000149,156,335,-179
121000152,32,35,-3
121000153,90,4,86
121000154,143,10,133
121000155,102,46,56
121000156,125,33,92
121000157,53,23,30
121000158,64,19,45
121000159,30,21,9
121000160,16,6,10
121000161,0,0,0
121000162,0,0,0
121000165,146,699,-553
121000166,1,41,-40
121000168,9,96,-87
121000169,2,5,-3
121000170,64,52,12
121000171,34,44,-10
121000172,21,88,-67
121000173,3,21,-18
121000174,7,17,-10
121000175,6,25,-19
121000176,35,19,16
121000177,4,1,3
121000178,0,0,0
121000179,8,11,-3
121000181,38,91,-53
121000182,71,108,-37
121000183,8,27,-19
121000184,3,33,-30
121000185,0,28,-28
121000186,0,9,-9
121000187,0,0,0
121000188,0,0,0
121000192,11,8,3
121000193,0,0,0
121000194,40,138,-98
121000195,0,0,0
121000196,0,0,0
121000197,0,7,-7
121000198,0,0,0
121000199,2,1,1
121000200,0,0,0
121000201,0,0,0
121000202,0,0,0
121000203,0,0,0
121000204,0,0,0
121000205,43,8,35
121000206,0,0,0
121000207,0,0,0
121000208,0,0,0
121000209,51,3,48
121000210,0,0,0
121000211,1,1,0
121000212,0,0,0
121000213,33,150,-117
121000214,22,175,-153
121000215,64,77,-13
121000216,43,69,-26
121000217,615,216,399
121000218,6,22,-16
121000219,170,109,61
121000220,0,0,0
121000221,4,74,-70
121000222,26,52,-26
121000223,0,0,0
121000224,0,0,0
121000225,1,60,-59
121000226,31,274,-243
121000227,0,0,0
121000228,0,0,0
121000229,0,0,0
121000230,0,0,0
121000231,185,3,182
121000232,0,0,0
121000233,160,8,152
121000234,3,21,-18
121000235,0,10,-10
121000236,0,10,-10
121000237,22,0,22
121000238,0,1,-1
121000239,0,0,0
121000240,0,14,-14
121000241,48,0,48
121000242,0,7,-7
121000243,28,1,27
121000244,1,7,-6
121000245,11,0,11
121000246,0,3,-3
121000247,24,0,24
121000248,41,11,30
121000249,0,0,0
121000250,26,89,-63
121000251,0,0,0
121000252,3,43,-40
121000253,0,0,0
121000254,164,13,151
121000255,0,0,0
121000256,32,25,7
121000257,0,0,0
121000258,47,67,-20
121000259,0,0,0
121000260,0,0,0
121000261,4,33,-29
121000262,0,0,0
121000263,17,77,-60
121000271,0,0,0
121000273,0,0,0
121000274,4,6,-2
121000275,0,0,0
121000276,1,3,-2
121000278,10,3,7
121000279,0,0,0
121000280,6,25,-19
121000289,3,0,3
121000290,67,66,1
121000294,0,0,0
121000297,54,74,-20
121000299,0,0,0
121000300,0,0,0
121000302,0,82,-82
121000303,10,18,-8
121000304,167,155,12
121000305,34,85,-51
121000306,57,40,17
121000308,0,0,0
121000309,0,0,0
121000310,0,0,0
121000311,0,0,0
121000312,91,29,62
121000313,0,0,0
121000314,0,0,0
121000315,0,0,0
121000530,341,236,105
121000531,422,291,131
121000532,1168,364,804
121000533,3659,1226,2433
121000918,0,0,0
121000919,0,0,0
121000938,0,0,0
121000939,16,43,-27
121000956,0,0,0
121000957,0,0,0
121000958,0,1,-1
121000959,18,5,13
121000960,30,40,-10
121000961,134,1,133
121000962,3,26,-23
121000963,0,0,0
121000973,0,0,0
121000976,0,0,0
121000979,0,0,0
121000981,63,8,55
121000982,0,0,0
121000983,7,1,6
121000984,0,0,0
121000985,0,0,0
121000986,0,0,0
121000987,0,0,0
121000988,262,25,237
121001302,0,0,0
121001308,0,0,0
121001309,0,0,0
121001313,0,0,0
121001314,0,0,0
121001315,1441,108,1333
121900001,1,68,-67
121900002,0,0,0
121900003,0,0,0
121900004,0,0,0
121900005,0,0,0
121900006,0,0,0
121900007,8,5,3
121900008,0,0,0
121900009,0,0,0
121900010,0,0,0
121900011,1,1,0
121900012,0,0,0
121900013,0,0,0
121900014,0,0,0
121900015,0,0,0
121900016,0,0,0
121900017,0,0,0
121900018,0,0,0
121900019,0,0,0
121900020,0,0,0
121900021,0,0,0
121900022,0,0,0
121900023,0,0,0
121900024,0,0,0
121900025,0,0,0
121900026,0,0,0
121900027,0,0,0
121900028,0,0,0
121900029,0,0,0
121900030,0,0,0
121900031,0,0,0
121900032,0,0,0
121900033,0,0,0
121900034,0,0,0
121900035,0,0,0
121900036,0,0,0
121900037,0,0,0
121900038,0,0,0
121900039,0,0,0
121900040,0,0,0
121900041,0,0,0
121900042,0,0,0
121900043,0,0,0
121900044,0,0,0
121900046,0,0,0
121900047,0,0,0
121900048,0,0,0
121900050,0,0,0
121900051,0,0,0
121900052,0,0,0
121900053,0,0,0
121900054,0,0,0
121900055,0,0,0
121900058,0,0,0
121900059,0,0,0
121900060,0,0,0
121900061,0,0,0
121900062,0,0,0
121900063,0,0,0
121900064,0,0,0
121900066,0,0,0
121900067,0,0,0
121900069,0,0,0
121900070,0,0,0
121900071,0,0,0
121900072,0,0,0
121900073,0,0,0
121900074,0,0,0
121900075,0,0,0
121900076,0,0,0
121900077,0,0,0
121900078,0,0,0
121900079,0,0,0
121900080,0,0,0
121900082,0,0,0
121900084,0,0,0
121900085,0,0,0
121900086,0,0,0
121900087,0,0,0
121900088,0,0,0
121900089,0,0,0
121900090,0,0,0
121900091,0,0,0
121900092,0,0,0
121900093,0,0,0
121900094,0,0,0
121900095,0,0,0
121900096,0,0,0
121900097,0,0,0
121900098,0,0,0
121900099,0,0,0
121900100,0,0,0
121900101,0,0,0
121900102,0,0,0
121900103,0,0,0
121900104,0,0,0
121900105,0,0,0
121900106,0,0,0
121900107,0,0,0
121900108,0,0,0
121900109,0,0,0
121900110,0,0,0
121900111,0,0,0
121900112,0,0,0
121900113,0,0,0
121900114,0,0,0
121900117,0,0,0
121900118,0,0,0
121900119,0,0,0
121900120,0,0,0
121900121,0,0,0
121900122,0,0,0
121900123,0,0,0
121900124,0,0,0
121900125,0,0,0
121900127,0,0,0
121900128,0,0,0
121900129,0,0,0
121900130,0,0,0
121900131,0,0,0
121900132,0,0,0
121900133,0,0,0
121900134,0,0,0
121900135,0,0,0
121900136,0,0,0
121900137,0,0,0
121900138,0,0,0
121900139,0,0,0
121900140,0,0,0
121900141,0,0,0
121900142,0,0,0
121900143,0,0,0
121900144,0,0,0
121900145,0,0,0
121900146,0,0,0
121900147,0,0,0
121900148,0,0,0
121900149,0,0,0
121900150,0,0,0
121900151,0,0,0
121900152,0,0,0
121900153,0,0,0
121900154,0,0,0
121900155,0,0,0
121900156,0,0,0
121900157,0,0,0
121900158,0,0,0
121900159,0,0,0
121900160,0,0,0
121900161,0,0,0
121900162,0,0,0
121900163,0,0,0
121900164,0,0,0
121900165,0,0,0
121900166,0,0,0
121900167,0,0,0
121900168,0,0,0
121900169,0,0,0
121900170,0,0,0
121900171,0,0,0
121900172,0,0,0
121900173,0,0,0
121900174,0,0,0
121900175,0,0,0
121900176,0,0,0
121900177,0,0,0
121900178,0,0,0
121900179,0,0,0
121900180,0,0,0
121900182,0,0,0
121900183,0,0,0
121900184,0,0,0
121900186,0,0,0
121900187,0,0,0
121900188,0,0,0
121900189,0,0,0
121900190,0,0,0
121900191,0,0,0
121900192,0,0,0
121900193,0,0,0
121900194,0,0,0
121900195,0,0,0
121900196,0,0,0
121900197,0,0,0
121900198,0,0,0
121900199,0,0,0
121900200,0,0,0
121900201,0,0,0
121900202,0,0,0
121900203,0,0,0
121900204,0,0,0
121900205,0,0,0
121900206,0,0,0
121900207,0,0,0
121900208,0,0,0
121900209,0,0,0
121900210,0,0,0
121900211,0,0,0
121900212,0,0,0
121900213,0,0,0
121900214,0,0,0
121900215,0,0,0
121900216,0,0,0
121900217,0,0,0
121900218,0,0,0
121900220,0,0,0
121900221,0,0,0
121900222,0,0,0
121900223,0,0,0
121900224,0,0,0
121900225,0,0,0
121900226,0,0,0
121900227,0,0,0
121900228,0,0,0
121900230,0,0,0
121900231,0,0,0
121900232,0,0,0
121900233,0,0,0
121900234,0,0,0
121900235,0,0,0
121900236,0,0,0
121900237,0,0,0
121900238,0,0,0
121900239,0,0,0
121900240,0,0,0
121900241,0,0,0
121900242,0,0,0
121900243,0,0,0
121900244,0,0,0
121900245,0,0,0
121900246,0,0,0
121900247,0,0,0
121900248,0,0,0
121900250,0,0,0
121900251,0,0,0
121900252,0,0,0
121900253,0,0,0
121900254,0,0,0
121900255,0,0,0
121900258,0,0,0
121900259,0,0,0
121900260,0,0,0
121900261,0,0,0
121900262,0,0,0
121900263,0,0,0
121900264,0,0,0
121900265,0,0,0
121900266,0,0,0
121900267,0,0,0
121900269,0,0,0
121900270,0,0,0
121900271,0,0,0
121900273,0,0,0
121900274,0,0,0
121900277,0,0,0
121900278,0,0,0
121900279,0,0,0
121900280,0,0,0
121900281,0,0,0
121900284,0,0,0
121900286,0,0,0
121900287,0,0,0
121900288,0,0,0
121900290,0,0,0
121900291,0,0,0
121900292,0,0,0
121900293,0,0,0
121900294,0,0,0
121900295,0,0,0
121900296,0,0,0
121900298,0,0,0
121900299,0,0,0
121900300,0,0,0
121900301,0,0,0
121900302,0,0,0
121900303,0,0,0
121900304,0,0,0
121900305,0,0,0
121900306,0,0,0
121900307,0,0,0
121900308,0,0,0
121900309,0,0,0
121900310,0,0,0
121900311,0,0,0
121900312,0,0,0
121900313,0,0,0
121900314,0,0,0
121900315,0,0,0
121900316,0,0,0
121900317,0,0,0
121900318,0,0,0
121900319,0,0,0
121900320,0,0,0
121900321,0,0,0
121900322,0,0,0
121900323,0,0,0
121900324,0,0,0
121900325,0,0,0
121900326,0,0,0
121900327,0,0,0
121900328,0,0,0
121900329,0,0,0
121900330,0,0,0
121900331,0,0,0
121900332,0,0,0
121900333,0,0,0
122000001,85,120,-35
122000002,110,52,58
122000003,60,116,-56
122000004,135,147,-12
122000005,544,774,-230
122000006,73,298,-225
122000007,38,267,-229
122000008,114,239,-125
122000009,23,59,-36
122000010,737,312,425
122000011,172,163,9
122000012,150,95,55
122000013,26,93,-67
122000014,3,19,-16
122000015,58,62,-4
122000016,1,66,-65
122000017,0,3,-3
122000018,0,0,0
122000019,0,17,-17
122000020,0,0,0
122000021,0,0,0
122000022,122,25,97
122000023,12,21,-9
122000024,285,161,124
122000025,65,200,-135
122000026,439,269,170
122000027,0,0,0
122000028,52,18,34
122000029,39,10,29
122000030,0,0,0
122000031,0,26,-26
122000032,87,59,28
122000033,115,277,-162
122000034,0,0,0
122000035,0,0,0
122000036,0,0,0
122000037,0,6,-6
122000038,21,1,20
122000039,0,0,0
122000040,0,0,0
122000041,1,8,-7
122000042,0,7,-7
122000043,4,2,2
122000044,1,1,0
122000045,127,68,59
122000046,171,67,104
122000047,0,0,0
122000048,287,754,-467
122000049,501,180,321
122000050,33,27,6
122000051,5,28,-23
122000052,5,26,-21
122000053,18,594,-576
122000054,105,172,-67
122000055,380,751,-371
122000056,221,146,75
122000057,78,218,-140
122000058,101,94,7
122000059,105,91,14
122000060,0,0,0
122000061,0,0,0
122000062,71,13,58
122000063,0,27,-27
122000064,99,163,-64
122000065,157,271,-114
122000066,91,102,-11
122000067,227,556,-329
122000068,72,298,-226
122000069,37,18,19
122000070,283,69,214
122000071,35,68,-33
122000072,0,0,0
122000073,0,0,0
122000074,39,67,-28
122000075,52,77,-25
122000076,169,168,1
122000077,0,0,0
122000078,494,248,246
122000079,2,56,-54
122000080,0,0,0
122000081,0,0,0
122000082,168,139,29
122000083,0,0,0
122000084,0,0,0
122000085,3,10,-7
122000086,25,315,-290
122000087,14,52,-38
122000088,0,0,0
122000089,178,295,-117
122000090,0,0,0
122000091,0,0,0
122000092,0,0,0
122000093,250,626,-376
122000094,397,402,-5
122000095,14,112,-98
122000096,10,337,-327
122000098,363,554,-191
122000099,2,7,-5
122000100,22,2,20
122000101,1,1,0
122000102,0,0,0
122000103,0,0,0
122000104,1,0,1
122000105,3,10,-7
122000106,2,20,-18
122000107,9,14,-5
122000108,0,0,0
122000109,2,14,-12
122000110,0,0,0
122000111,331,57,274
122000112,66,47,19
122000113,103,16,87
122000114,499,705,-206
122000115,506,419,87
122000116,9,92,-83
122000117,106,11,95
122000118,27,22,5
122000119,0,0,0
122000120,0,0,0
122000121,56,14,42
122000122,2,13,-11
122000123,158,160,-2
122000124,11,61,-50
122000125,12,65,-53
122000126,3,45,-42
122000127,13,24,-11
122000128,4,6,-2
122000129,63,7,56
122000130,218,108,110
122000131,7,21,-14
122000132,0,0,0
122000133,0,0,0
122000134,56,65,-9
122000135,9,34,-25
122000136,22,62,-40
122000137,18,41,-23
122000139,5,124,-119
122000140,0,0,0
122000141,23,2,21
122000142,0,0,0
122000143,0,0,0
122000144,26,10,16
122000145,0,0,0
122000146,100,35,65
122000147,8,84,-76
122000148,194,189,5
122000149,127,49,78
122000150,131,89,42
122000151,0,0,0
122000152,0,0,0
122000153,79,48,31
122000154,107,10,97
122000155,258,108,150
122000156,444,446,-2
122000157,228,288,-60
122000158,0,1,-1
122000159,57,21,36
122000160,171,44,127
122000161,96,39,57
122000162,177,75,102
122000163,0,0,0
122000164,0,0,0
122000165,0,5,-5
122000166,67,75,-8
122000167,0,0,0
122000168,0,6,-6
122000169,0,0,0
122000170,0,0,0
122000171,0,0,0
122000172,0,0,0
122000173,0,0,0
122000174,388,363,25
122000175,0,0,0
122000176,0,3,-3
122000177,503,489,14
122000178,570,137,433
122000179,0,0,0
122000180,234,381,-147
122000181,698,588,110
122000182,121,82,39
122000183,23,12,11
122000184,632,427,205
122000185,174,177,-3
122000186,0,0,0
122000187,125,50,75
122000188,0,0,0
122000189,15,26,-11
122000190,207,78,129
122000191,34,14,20
122000192,0,0,0
122000193,0,0,0
122000194,0,0,0
122000195,0,0,0
122000196,0,0,0
122000197,9,17,-8
122000198,0,0,0
122000199,23,87,-64
122000200,34,47,-13
122000201,242,272,-30
122000202,170,168,2
122000203,0,0,0
122000204,0,0,0
122000205,0,0,0
122000206,143,37,106
122000207,76,72,4
122000208,152,31,121
122000209,258,55,203
122000210,17,6,11
122000211,4,38,-34
122000212,28,56,-28
122000213,72,188,-116
122000214,167,137,30
122000215,103,124,-21
122000217,6,0,6
122000218,84,17,67
122000219,76,39,37
122000220,18,65,-47
122000221,0,0,0
122000222,23,0,23
122000223,50,37,13
122000225,154,12,142
122000226,0,10,-10
122000227,6,17,-11
122000228,0,5,-5
122000229,0,1,-1
122000230,0,12,-12
122000231,0,24,-24
122000232,0,15,-15
122000233,0,0,0
122000234,17,3,14
122000235,17,1,16
122000236,20,3,17
122000237,0,0,0
122000238,10,16,-6
122000239,52,1,51
122000240,72,1,71
122000241,71,28,43
122000242,0,0,0
122000243,0,0,0
122000244,0,0,0
122000245,1,0,1
122000246,28,69,-41
122000247,16,0,16
122000248,5,11,-6
122000249,116,101,15
122000250,171,46,125
122000251,0,0,0
122000252,6,1,5
122000253,0,0,0
122000254,2,0,2
122000255,0,0,0
122000256,2,40,-38
122000257,5,22,-17
122000258,45,30,15
122000259,0,0,0
122000260,0,0,0
122000261,0,2,-2
122000262,0,0,0
122000263,0,0,0
122000264,166,18,148
122000265,188,19,169
122000266,208,5,203
122000267,0,0,0
122000268,0,0,0
122000269,0,0,0
122000270,0,0,0
122000271,0,0,0
122000272,0,0,0
122000273,0,0,0
122000274,0,0,0
122000275,0,0,0
122000276,41,111,-70
122000277,176,125,51
122000278,98,50,48
122000279,4,19,-15
122000280,7,13,-6
122000281,7,8,-1
122000282,10,2,8
122000283,0,0,0
122000284,0,0,0
122000285,0,0,0
122000286,0,0,0
122000287,536,75,461
122000288,35,4,31
122000291,1020,110,910
122000293,0,0,0
122000294,95,9,86
122000295,146,1,145
122000296,25,126,-101
122000297,919,447,472
122000299,116,15,101
122000300,2,19,-17
122000301,83,124,-41
122000302,5,7,-2
122000303,29,105,-76
122000304,0,1,-1
122000305,395,55,340
122000306,0,25,-25
122000307,0,0,0
122000309,0,0,0
122000310,0,0,0
122000311,0,0,0
122000312,4,65,-61
122000313,22,53,-31
122000314,66,61,5
122000315,0,0,0
122000316,32,12,20
122000317,53,19,34
122000318,29,58,-29
122000319,5,7,-2
122000320,0,0,0
122000321,0,0,0
122000322,86,86,0
122000323,49,55,-6
122000324,8,22,-14
122000325,67,167,-100
122000326,5,0,5
122000327,1,21,-20
122000328,0,0,0
122000330,100,161,-61
122000332,0,0,0
122000333,0,0,0
122000337,11,26,-15
122000338,2,3,-1
122000340,0,2,-2
122000342,5,31,-26
122000343,1,13,-12
122000344,24,0,24
122000345,11,8,3
122000346,0,0,0
122000348,41,45,-4
122000349,0,0,0
122000351,0,0,0
122000352,0,0,0
122000353,0,0,0
122000355,0,0,0
122000356,13,19,-6
122000357,0,8,-8
122000358,0,0,0
122000359,0,0,0
122000360,0,0,0
122000362,0,0,0
122000364,0,0,0
122000365,0,0,0
122000366,0,0,0
122000368,0,0,0
122000370,0,0,0
122000371,0,0,0
122000372,0,0,0
122000381,0,0,0
122000382,0,0,0
122000384,2,0,2
122000385,0,0,0
122000386,7,185,-178
122000387,0,0,0
122000388,6,59,-53
122000389,0,0,0
122000390,6,85,-79
122000391,0,0,0
122000392,0,0,0
122000393,0,0,0
122000394,0,0,0
122000395,0,0,0
122000396,0,0,0
122000397,0,0,0
122000398,30,56,-26
122000399,0,0,0
122000400,12,61,-49
122000401,0,0,0
122000402,30,20,10
122000403,0,0,0
122000404,115,13,102
122000408,258,313,-55
122000503,0,0,0
122000524,0,0,0
122000544,0,0,0
122000616,0,0,0
122000640,0,0,0
122000641,0,0,0
122000642,0,0,0
122000643,27,17,10
122000644,0,0,0
122000645,0,0,0
122000651,11,41,-30
122000664,11,7,4
122000665,0,0,0
122000666,136,46,90
122000673,0,0,0
122000674,28,18,10
122000675,45,27,18
122000686,87,12,75
122000687,51,6,45
122000688,150,32,118
122000689,157,44,113
122000690,332,3,329
122000691,321,42,279
122000692,66,2,64
122000693,31,20,11
122000695,0,0,0
122000696,122,17,105
122000698,0,0,0
122000699,6,4,2
122000701,106,5,101
122000702,66,48,18
122000703,21,11,10
122000717,0,0,0
122000718,52,258,-206
122000719,0,9,-9
122000720,65,10,55
122000724,0,0,0
122900001,0,0,0
122900002,0,0,0
122900003,0,0,0
122900004,0,0,0
122900005,0,0,0
122900006,0,0,0
122900007,0,0,0
122900008,0,0,0
122900009,0,0,0
122900010,0,0,0
122900012,0,0,0
122900014,0,0,0
122900015,0,0,0
122900016,0,0,0
122900017,0,0,0
122900018,0,0,0
122900019,0,0,0
122900020,0,0,0
122900021,0,0,0
122900022,0,0,0
122900023,0,0,0
122900024,0,0,0
122900025,0,0,0
122900026,0,0,0
122900027,0,0,0
122900028,0,0,0
122900029,0,0,0
122900030,0,0,0
122900031,0,0,0
122900032,0,0,0
122900033,0,0,0
122900034,0,0,0
122900035,0,0,0
122900036,0,0,0
122900037,0,0,0
122900038,0,0,0
122900039,0,0,0
122900040,0,0,0
122900041,0,0,0
122900042,0,0,0
122900043,0,0,0
122900044,0,0,0
122900045,0,0,0
122900046,0,0,0
122900047,0,0,0
122900048,0,0,0
122900049,0,0,0
122900051,0,0,0
122900052,0,0,0
122900053,0,0,0
122900055,0,0,0
122900057,0,0,0
122900061,0,0,0
122900062,0,0,0
122900063,0,0,0
122900064,0,0,0
122900065,0,0,0
122900066,0,0,0
122900067,0,0,0
122900068,0,0,0
122900069,0,0,0
122900070,0,0,0
122900071,0,0,0
122900072,0,0,0
122900073,0,0,0
122900074,0,0,0
122900075,0,0,0
122900076,0,0,0
122900077,0,0,0
122900078,0,0,0
122900080,0,0,0
122900081,0,0,0
122900082,0,0,0
122900083,0,0,0
122900084,0,0,0
122900086,0,0,0
122900087,0,0,0
122900088,0,0,0
122900089,0,0,0
122900090,0,0,0
122900091,0,0,0
122900092,0,0,0
122900093,0,0,0
122900094,0,0,0
122900095,0,0,0
122900096,0,0,0
122900097,0,0,0
122900098,0,0,0
122900099,0,0,0
122900100,0,0,0
122900101,0,0,0
122900102,0,0,0
122900103,0,0,0
122900104,0,0,0
122900105,0,0,0
122900106,0,0,0
122900107,0,0,0
122900108,0,0,0
123000001,187,26,161
123000002,205,1223,-1018
123000003,789,290,499
123000004,213,506,-293
123000005,970,251,719
123000006,166,536,-370
123000007,874,435,439
123000008,49,147,-98
123000009,2461,1879,582
123000010,90,267,-177
123000011,652,757,-105
123000012,24,215,-191
123000013,919,273,646
123000014,11,171,-160
123000015,1357,349,1008
123000016,34,164,-130
123000017,883,220,663
123000018,139,3,136
123000019,114,2,112
123000020,27,0,27
123000021,81,4,77
123000022,255,36,219
123000023,167,47,120
123000024,119,45,74
123000025,0,66,-66
123000026,0,0,0
123000027,0,0,0
123000028,58,192,-134
123000029,0,0,0
123000030,0,0,0
123000031,58,3,55
123000032,39,9,30
123000033,3,22,-19
123000034,343,64,279
123000035,62,96,-34
123000036,14,465,-451
123000037,0,0,0
123000038,0,0,0
123000039,0,0,0
123000040,0,0,0
123000041,36,639,-603
123000042,0,0,0
123000043,152,176,-24
123000044,26,43,-17
123000045,0,0,0
123000046,0,0,0
123000047,0,0,0
123000048,0,127,-127
123000049,3335,1094,2241
123000050,125,141,-16
123000051,1,5,-4
123000052,139,319,-180
123000053,747,326,421
123000054,186,405,-219
123000055,698,809,-111
123000056,6,48,-42
123000057,63,160,-97
123000058,0,0,0
123000059,0,4,-4
123000060,1,0,1
123000061,0,34,-34
123000063,19,19,0
123000064,5,2,3
123000065,13,54,-41
123000066,6,31,-25
123000067,2,9,-7
123000068,39,141,-102
123000069,132,147,-15
123000070,8,1,7
123000071,127,30,97
123000072,0,0,0
123000073,144,34,110
123000074,0,0,0
123000075,67,129,-62
123000076,0,0,0
123000077,15,2,13
123000078,261,110,151
123000079,456,165,291
123000080,23,2,21
123000081,0,0,0
123000082,0,0,0
123000083,0,1,-1
123000084,0,0,0
123000085,0,0,0
123000086,0,0,0
123000087,0,0,0
123000088,0,0,0
123000089,295,133,162
123000090,0,0,0
123000091,161,58,103
123000092,0,0,0
123000094,4,1,3
123000095,44,40,4
123000096,112,10,102
123000097,0,0,0
123000098,80,7,73
123000099,0,0,0
123000100,0,0,0
123000101,57,20,37
123000102,119,47,72
123000104,0,0,0
123000105,0,0,0
123000106,0,0,0
123000107,0,0,0
123000108,0,0,0
123000111,15,16,-1
123000112,18,5,13
123000113,0,0,0
123000114,5,25,-20
123000115,17,24,-7
123000116,0,0,0
123000117,3,10,-7
123000118,10,8,2
123000119,2,9,-7
123000120,4,24,-20
123000121,0,0,0
123000122,0,0,0
123000123,0,0,0
123000124,0,0,0
123000125,91,121,-30
123000126,231,244,-13
123000127,0,0,0
123000128,0,0,0
123000129,219,23,196
123000130,92,13,79
123000131,79,11,68
123000132,0,0,0
123000133,0,0,0
123000134,0,0,0
123000135,55,30,25
123000136,0,0,0
123000137,0,0,0
123000138,0,0,0
123000139,103,15,88
123000140,0,0,0
123000141,53,13,40
123000142,0,0,0
123000143,0,0,0
123000144,0,0,0
123000145,0,0,0
123000146,0,0,0
123000147,0,0,0
123000149,13,53,-40
123000150,36,19,17
123000151,35,50,-15
123000152,0,0,0
123000153,4,18,-14
123000154,19,70,-51
123000155,8,42,-34
123000156,0,0,0
123000157,28,14,14
123000158,70,41,29
123000159,128,225,-97
123000160,31,94,-63
123000161,147,46,101
123000162,269,161,108
123000163,38,1,37
123000164,364,12,352
123000165,0,0,0
123000166,0,0,0
123000167,26,4,22
123000168,65,1,64
123000169,166,6,160
123000170,1,0,1
123000171,288,0,288
123000172,0,0,0
123000173,39,44,-5
123000174,166,19,147
123000175,0,0,0
123000176,139,10,129
123000177,0,0,0
123000178,214,21,193
123000179,0,0,0
123000180,509,35,474
123000181,0,0,0
123000182,0,0,0
123000183,44,23,21
123000184,0,0,0
123000185,253,38,215
123000186,0,0,0
123000187,481,11,470
123000188,281,1,280
123000189,216,1,215
123000190,39,1,38
123000192,0,0,0
123000193,0,0,0
123000194,0,0,0
123000195,214,0,214
123000196,302,1,301
123000197,71,0,71
123000198,0,0,0
123000199,0,0,0
123000200,200,21,179
123000201,388,13,375
123000202,0,0,0
123000203,544,4,540
123000204,0,0,0
123000205,0,0,0
123000206,589,11,578
123000207,0,0,0
123000208,138,11,127
123000209,229,29,200
123000210,0,0,0
123000211,0,0,0
123000212,544,20,524
123000213,170,3,167
123000215,185,125,60
123000216,27,117,-90
123000217,76,4,72
123000218,0,0,0
123000219,61,14,47
123000220,189,5,184
123000221,23,2,21
123000222,10,9,1
123000223,54,29,25
123000224,98,45,53
123000225,37,3,34
123000226,79,1,78
123000227,1,1,0
123000228,68,5,63
123000229,0,0,0
123000232,0,0,0
123000233,246,16,230
123000234,0,0,0
123000235,149,32,117
123000236,0,2,-2
123000237,48,14,34
123000238,0,0,0
123000239,0,0,0
123000240,0,0,0
123000241,22,6,16
123000242,0,0,0
123000243,13,65,-52
123000244,7,65,-58
123000245,0,0,0
123000249,0,0,0
123000252,270,113,157
123000253,365,118,247
123000254,8,20,-12
123000255,98,132,-34
123000256,0,0,0
123000257,0,0,0
123000258,0,0,0
123000259,31,7,24
123000260,9,50,-41
123000261,0,0,0
123000262,0,0,0
123000263,54,11,43
123000264,30,1,29
123000265,0,0,0
123000266,22,5,17
123000267,20,118,-98
123000268,0,0,0
123000269,4,31,-27
123000270,11,2,9
123000271,0,0,0
123000272,295,47,248
123000273,115,574,-459
123000274,179,131,48
123000275,0,0,0
123000278,2,39,-37
123000279,10,22,-12
123000280,8,1,7
123000281,74,6,68
123000282,0,0,0
123000283,0,2,-2
123000284,0,0,0
123000286,0,4,-4
123000287,16,48,-32
123000288,238,134,104
123000289,60,88,-28
123000291,0,0,0
123000294,0,0,0
123000295,346,203,143
123000296,109,210,-101
123000297,0,2,-2
123000298,29,26,3
123000299,24,146,-122
123000300,67,43,24
123000301,0,0,0
123000302,171,22,149
123000303,0,79,-79
123000305,0,0,0
123000306,0,0,0
123000309,0,0,0
123000310,6,1,5
123000311,0,0,0
123000312,0,0,0
123000313,127,33,94
123000315,127,5,122
123000316,580,3,577
123000317,0,0,0
123000318,0,0,0
123000329,0,0,0
123000337,76,7,69
123000338,170,7,163
123000339,0,0,0
123000340,3,38,-35
123000342,0,0,0
123000343,4,0,4
123000344,28,1,27
123000345,4,0,4
123000346,158,27,131
123000352,0,0,0
123000353,0,0,0
123000354,390,3,387
123000355,0,0,0
123000356,119,0,119
123000357,0,0,0
123000359,0,0,0
123000360,123,39,84
123000361,0,0,0
123000362,142,3,139
123000363,47,0,47
123000364,6,27,-21
123000365,0,0,0
123000366,6,84,-78
123000367,0,24,-24
123000370,0,0,0
123000371,95,5,90
123000372,95,0,95
123000373,0,0,0
123000374,0,0,0
123000375,110,6,104
123000376,82,63,19
123000377,162,3,159
123000378,0,0,0
123000379,0,0,0
123000380,0,0,0
123000381,23,21,2
123000382,91,7,84
123000383,0,0,0
123000384,38,2,36
123000385,0,0,0
123000436,0,0,0
123000507,1,28,-27
123000508,262,739,-477
123000517,0,0,0
123000518,0,0,0
123000519,0,0,0
123000520,0,0,0
123000521,0,0,0
123000522,0,0,0
123000541,0,0,0
123000542,0,0,0
123000565,91,0,91
123000566,7,0,7
123000567,39,0,39
123000573,0,0,0
123000574,72,5,67
123000575,174,6,168
123000576,51,0,51
123000577,0,0,0
123000578,30,13,17
123000579,507,275,232
123000580,11,0,11
123000582,62,1,61
123000583,0,0,0
123000584,61,53,8
123000585,0,0,0
123000586,36,0,36
123000596,0,0,0
123000597,32,5,27
123000602,1,1,0
123000603,220,4,216
123000604,8,8,0
123000605,873,439,434
123000606,0,0,0
123000609,0,0,0
123000610,116,58,58
123000613,0,0,0
123000614,44,7,37
123000615,0,0,0
123000616,60,3,57
123000617,0,0,0
123000618,0,0,0
123000619,13,3,10
123000620,0,0,0
123000622,102,8,94
123000624,86,14,72
123000630,505,43,462
123000631,68,20,48
123000632,0,0,0
123000633,5,507,-502
123000634,2,8,-6
123000635,0,0,0
123000636,0,0,0
123000637,2,3,-1
123000638,24,3,21
123000639,322,294,28
123000640,0,0,0
123000648,16,0,16
123000649,0,0,0
123900001,0,0,0
123900002,0,0,0
123900003,0,0,0
123900005,0,0,0
123900006,0,0,0
124000001,542,152,390
124000002,4,213,-209
124000003,251,21,230
124000004,0,17,-17
124000005,222,18,204
124000006,0,17,-17
124000007,115,31,84
124000008,0,0,0
124000009,170,71,99
124000010,0,0,0
124000011,264,110,154
124000012,0,0,0
124000017,201,66,135
124000018,0,0,0
124000019,166,24,142
124000020,0,0,0
124000021,277,27,250
124000022,0,0,0
124000023,444,59,385
124000024,0,0,0
124000025,390,51,339
124000026,0,0,0
124000027,1475,271,1204
124000028,95,683,-588
124000030,0,0,0
124000031,350,128,222
124000032,1,22,-21
124000033,182,4,178
124000034,1,28,-27
124000035,32,7,25
124000036,0,7,-7
124000037,51,45,6
124000038,0,3,-3
124000039,14,3,11
124000040,77,64,13
124000041,117,6,111
124000042,1,15,-14
124000043,22,8,14
124000044,2,4,-2
124000045,109,4,105
124000046,0,0,0
124000047,251,24,227
124000048,0,0,0
124000049,243,10,233
124000050,0,0,0
124000051,202,12,190
124000052,0,0,0
124000053,127,72,55
124000054,0,0,0
124000055,422,80,342
124000056,0,0,0
124000057,172,82,90
124000058,0,0,0
124000059,162,102,60
124000060,0,0,0
124000061,85,170,-85
124000062,0,0,0
124000063,0,0,0
124000064,0,0,0
124000065,0,0,0
124000066,17,1,16
124000067,34,15,19
124000068,0,0,0
124000069,234,24,210
124000070,0,0,0
124000071,40,31,9
124000072,0,0,0
124000073,231,21,210
124000074,0,0,0
124000075,116,35,81
124000076,0,0,0
124000077,0,0,0
124000078,181,185,-4
124000079,0,0,0
124000080,274,72,202
124000081,0,0,0
124000082,28,85,-57
124000083,0,0,0
124000084,2,100,-98
124000085,0,0,0
124000086,0,0,0
124000087,0,0,0
124000088,11,18,-7
124000089,173,18,155
124000090,0,0,0
124000091,156,47,109
124000092,0,0,0
124000093,4,25,-21
124000094,0,0,0
124000095,64,2,62
124000096,0,0,0
124000097,31,8,23
124000098,0,0,0
124000099,7,4,3
124000100,0,0,0
124000101,12,13,-1
124000102,0,0,0
124000103,6,10,-4
124000104,0,0,0
124000105,7,14,-7
124000106,0,0,0
124000107,4,11,-7
124000108,0,0,0
124000109,38,8,30
124000110,0,0,0
124000111,127,30,97
124000112,0,0,0
124000113,18,46,-28
124000114,0,0,0
124000115,0,0,0
124000116,56,44,12
124000117,0,0,0
124000118,14,6,8
124000119,0,0,0
124000120,74,21,53
124000121,124,21,103
124000122,0,0,0
124000123,156,22,134
124000124,20,55,-35
124000125,96,15,81
124000126,6,30,-24
124000127,302,8,294
124000128,30,62,-32
124000129,150,78,72
124000130,106,41,65
124000131,75,124,-49
124000132,117,125,-8
124000133,280,54,226
124000134,0,0,0
124000135,342,87,255
124000136,0,0,0
124000137,60,25,35
124000138,0,0,0
124000139,52,17,35
124000140,0,0,0
124000141,0,2,-2
124000142,0,0,0
124000143,3,0,3
124000144,0,0,0
124000145,23,1,22
124000146,0,0,0
124000148,2,1,1
124000149,109,14,95
124000150,0,0,0
124000151,53,30,23
124000152,0,0,0
124000153,93,93,0
124000154,0,0,0
124000155,193,79,114
124000156,0,0,0
124000169,10,9,1
124000170,0,0,0
124000171,39,11,28
124000172,0,0,0
124000173,12,25,-13
124000174,0,0,0
124000175,0,0,0
124000176,150,61,89
124000177,0,0,0
124000178,20,3,17
124000190,1,43,-42
124000191,0,0,0
124000192,136,124,12
124000193,0,0,0
124000194,23,47,-24
124000195,146,35,111
124000196,0,0,0
124000197,0,0,0
124000198,4,8,-4
124000201,0,0,0
124000202,211,2,209
124000203,0,0,0
124000204,306,8,298
124000205,55,0,55
124000206,380,1,379
124000207,0,0,0
124000209,66,1,65
124000210,114,64,50
124000211,443,1,442
124000212,0,0,0
124000213,0,0,0
124000214,314,2,312
124000215,27,1,26
124000216,0,0,0
124000329,0,0,0
124000338,0,0,0
124000339,195,4,191
124000341,168,1,167
124000344,26,0,26
124000357,456,202,254
124000358,771,225,546
124000359,463,83,380
124000360,167,140,27
124000361,605,218,387
124000362,0,0,0
124000363,0,0,0
124000364,0,0,0
124000365,39,272,-233
124000366,6,175,-169
124000367,0,0,0
124000368,4,70,-66
124000369,40,65,-25
124000370,0,0,0
124000402,0,0,0
124000403,29,0,29
124000404,0,0,0
124000405,188,20,168
124000406,35,66,-31
124000407,0,0,0
124000411,0,0,0
124000412,58,3,55
124000413,0,15,-15
124000414,29,11,18
124000415,0,0,0
124000416,0,0,0
124000417,6,16,-10
124000418,12,5,7
124000419,0,0,0
124000420,58,7,51
124000421,0,0,0
124000422,0,0,0
124000423,0,0,0
124000424,0,0,0
124000425,0,0,0
124000426,0,0,0
124000427,0,0,0
124000428,0,0,0
124000429,29,4,25
124000430,0,0,0
124000431,0,0,0
124000432,0,0,0
124000439,6,1,5
124000443,0,0,0
124000445,7,175,-168
124000446,0,0,0
124900001,0,0,0
124900002,0,0,0
124900003,0,0,0
124900004,0,0,0
124900005,0,0,0
124900006,0,0,0
124900008,0,0,0
124900009,0,0,0
124900010,0,0,0
124900011,0,0,0
124900012,0,0,0
124900013,0,0,0
124900014,0,0,0
124900015,0,0,0
124900016,0,0,0
124900017,0,0,0
124900018,0,0,0
124900020,0,0,0
124900021,0,0,0
124900022,0,0,0
124900024,0,0,0
124900026,0,0,0
124900027,0,0,0
124900028,0,0,0
124900029,0,0,0
124900030,0,0,0
124900031,0,0,0
124900032,0,0,0
124900033,0,0,0
124900034,0,0,0
124900035,0,0,0
124900036,0,0,0
124900037,0,0,0
124900038,0,0,0
124900039,0,0,0
124900040,0,0,0
124900041,0,0,0
124900042,0,0,0
124900043,0,0,0
124900044,0,0,0
124900045,0,0,0
124900046,0,0,0
124900047,0,0,0
124900048,0,0,0
124900050,0,0,0
124900052,0,0,0
124900053,0,0,0
124900054,0,0,0
124900055,0,0,0
124900057,0,0,0
124900060,0,0,0
124900061,0,0,0
124900062,0,0,0
124900066,0,0,0
124900067,0,0,0
124900068,0,0,0
124900070,0,0,0
124900072,0,0,0
124900075,0,0,0
124900076,0,0,0
124900077,0,0,0
124900078,0,0,0
124900079,0,0,0
124900080,0,0,0
124900081,0,0,0
124900082,0,0,0
124900083,0,0,0
124900084,0,0,0
124900085,0,0,0
124900086,0,0,0
124900087,0,0,0
124900088,0,0,0
124900089,0,0,0
124900090,0,0,0
124900091,0,0,0
124900092,0,0,0
124900093,0,0,0
124900094,0,0,0
124900095,0,0,0
124900096,0,0,0
124900097,0,0,0
124900098,0,0,0
124900099,0,0,0
124900100,0,0,0
124900101,0,0,0
124900102,0,0,0
124900103,0,0,0
124900104,0,0,0
124900105,0,0,0
124900106,0,0,0
124900107,0,0,0
124900108,0,0,0
124900111,0,0,0
124900112,0,0,0
124900113,0,0,0
124900114,0,0,0
124900115,0,0,0
124900116,0,0,0
124900117,0,0,0
124900118,0,0,0
124900119,0,0,0
124900120,0,0,0
124900121,0,0,0
124900122,0,0,0
124900123,0,0,0
124900124,0,0,0
204000001,50,1,49
204000002,3,5,-2
204000003,1,19,-18
204000004,3,1,2
204000005,514,311,203
204000006,1608,1035,573
204000011,0,0,0
204000012,0,0,0
204000019,595,383,212
204000020,147,105,42
204000021,204,51,153
204000022,694,302,392
204000023,0,0,0
204000031,2,31,-29
204000032,259,16,243
204000034,0,0,0
204000035,0,0,0
204000036,0,0,0
204000037,0,0,0
204000038,0,0,0
204000039,0,0,0
204000040,0,0,0
204000041,0,0,0
204000042,5,9,-4
204000043,5,1,4
204000044,5,0,5
204000045,8,0,8
204000046,2,0,2
204000057,0,0,0
204000062,0,0,0
204000068,0,0,0
204000069,0,0,0
204000070,333,273,60
204000080,0,0,0
204000085,0,0,0
204000086,0,0,0
204000087,0,0,0
204000088,0,0,0
204000090,0,0,0
204000093,358,15,343
204000096,414,253,161
204000097,124,7,117
204000099,910,627,283
204000100,943,368,575
204000105,0,0,0
204000110,0,0,0
204000111,0,0,0
204000112,0,0,0
204000113,0,0,0
204000114,127,256,-129
204000115,40,91,-51
204000116,83,65,18
204000119,1450,503,947
204000132,664,56,608
204000133,772,96,676
204000134,122,70,52
204000135,491,14,477
204000136,414,217,197
204000138,448,145,303
204000140,291,129,162
204000141,339,86,253
204000144,0,21,-21
204000145,63,7,56
204000146,0,0,0
204000147,0,0,0
204000148,328,6,322
204000154,0,0,0
204000155,0,0,0
204000177,86,42,44
204000179,24,1,23
204000180,0,0,0
204000222,0,0,0
204000235,0,0,0
204000236,7,19,-12
204000238,7,16,-9
204000240,13,1,12
204000263,0,0,0
204000268,653,187,466
204000308,43,14,29
204000317,0,0,0
204000322,0,0,0
204000323,2,5,-3
204000328,188,28,160
204000329,0,0,0
204000330,81,15,66
204000331,0,0,0
204010341,23,2,21
205000001,0,0,0
205000013,0,0,0
205000014,0,0,0
205000015,0,0,0
205000016,0,0,0
205000017,0,0,0
205000022,0,0,0
205000025,0,0,0
205000029,64,7,57
205000045,0,0,0
205000046,0,0,0
205000047,0,0,0
205000048,0,0,0
205000049,0,0,0
205000050,0,0,0
205000059,0,0,0
205000060,0,0,0
205000061,0,0,0
205000062,0,0,0
205000063,0,0,0
205000064,0,0,0
205000065,0,0,0
205000066,0,0,0
205000067,0,0,0
205000069,0,0,0
205000082,191,57,134
205000110,0,0,0
205000111,0,0,0
205000112,191,141,50
205000113,0,0,0
205000121,245,102,143
205000123,0,0,0
205000126,911,121,790
205000127,993,80,913
205000128,399,21,378
205000129,501,14,487
205000130,95,8,87
205000131,9,0,9
205000132,20,3,17
205000133,9,0,9
205000134,220,1,219
205000137,0,0,0
205000138,0,0,0
205000139,0,0,0
205000144,71,37,34
205000145,153,28,125
205000151,80,19,61
205000152,69,26,43
205000153,295,21,274
205000154,83,70,13
205000155,112,10,102
205000207,0,0,0
205000233,21,0,21
205000234,0,0,0
205000243,0,0,0
205000244,0,0,0
205000245,0,0,0
205000249,0,0,0
205000250,5,2,3
205000264,0,0,0
206000027,25,3,22
206000028,10,2,8
206000043,0,0,0
206000053,0,0,0
206000054,0,0,0
206000055,0,0,0
206000075,0,0,0
206000076,0,0,0
206000077,0,0,0
206000078,0,0,0
206000079,0,0,0
206000082,198,4,194
206000100,0,0,0
206000103,0,0,0
206000104,0,0,0
206000105,0,0,0
206000106,0,0,0
206000108,351,97,254
206000125,153,0,153
206000157,0,0,0
206000170,0,0,0
206000171,0,0,0
206000172,0,0,0
206000173,0,0,0
206000174,0,0,0
206000175,0,0,0
206000176,0,0,0
206000177,0,0,0
206000178,0,0,0
206000179,0,0,0
206000180,0,0,0
206000181,0,0,0
206000182,0,0,0
206000183,0,0,0
206000184,0,0,0
206000185,0,0,0
206000186,0,0,0
206000223,0,0,0
206000226,1,1,0
206000227,33,0,33
206000237,0,0,0
206000238,0,0,0
206000239,0,0,0
206000240,0,0,0
206000241,0,0,0
206000242,0,0,0
206000243,0,0,0
206000244,0,0,0
206000245,145,5,140
206000246,75,0,75
206000247,41,0,41
206000248,37,0,37
206000252,0,0,0
206000258,0,0,0
206000315,0,0,0
206000317,82,11,71
206000318,62,0,62
206000319,166,4,162
206000320,102,0,102
206000321,27,1,26
206000322,56,3,53
206000323,43,4,39
206000324,59,2,57
206000325,68,2,66
206000326,15,17,-2
206000327,5,12,-7
206000328,177,4,173
206000329,28,1,27
206000330,7,1,6
206000331,56,0,56
206000332,3,0,3
206000333,272,4,268
206000334,89,2,87
206000335,0,0,0
206000361,0,0,0
206000392,0,0,0
206000405,119,0,119
206000441,72,59,13
206000498,26,0,26
206000515,0,0,0
206000530,25,2,23
206000531,19,1,18
206000532,67,4,63
206000535,0,0,0
206000536,0,0,0
206000537,0,0,0
206000613,122,5,117
207000001,0,0,0
207000002,0,0,0
207000003,0,0,0
207000007,255,106,149
207000008,0,0,0
207000009,0,0,0
207000010,8,7,1
207000012,157,137,20
207000015,3,16,-13
207000019,217,15,202
207000021,435,58,377
207000022,170,28,142
207000023,279,15,264
207000024,0,12,-12
207000025,7,23,-16
207000026,0,0,0
207000027,0,0,0
207000028,0,0,0
207000029,0,0,0
207000033,303,270,33
207000034,88,47,41
207000039,181,28,153
207000040,263,5,258
207000041,112,6,106
207000042,350,53,297
207000043,144,62,82
207000051,0,0,0
207000052,0,0,0
207000053,0,0,0
207000054,0,0,0
207000055,0,0,0
207000056,0,0,0
207000057,0,0,0
207000058,0,0,0
207000059,0,0,0
207000060,0,0,0
207000061,29,318,-289
207000062,215,117,98
207000063,111,160,-49
207000064,280,67,213
207000065,317,54,263
207000066,276,61,215
207000067,29,35,-6
207000068,122,8,114
207000069,631,127,504
207000082,0,1,-1
207000083,0,4,-4
207000084,95,36,59
207000085,0,0,0
207000086,0,0,0
207000106,22,3,19
207000107,70,2,68
207000108,91,2,89
207000109,47,0,47
207000110,26,18,8
207000111,210,9,201
207000112,87,33,54
207000114,0,0,0
207000115,0,0,0
207000116,0,0,0
207000117,0,0,0
207000118,0,0,0
207000119,0,0,0
207000123,82,1,81
207000124,78,8,70
207000125,14,3,11
207000126,54,18,36
207000134,0,0,0
207000135,0,0,0
207000148,185,51,134
207000149,0,0,0
207000152,0,0,0
207000153,0,0,0
207000154,367,44,323
207000159,0,0,0
207000160,0,0,0
207000238,0,0,0
207000242,0,0,0
207000248,0,0,0
207000249,0,0,0
207000250,0,0,0
207000251,0,0,0
207000252,0,0,0
207000278,122,72,50
207000279,0,0,0
207000280,178,14,164
207000281,40,26,14
207000282,0,13,-13
207000283,1,0,1
207000284,0,0,0
207000285,0,3,-3
207000291,0,0,0
207000304,35,16,19
207000306,0,0,0
207000310,136,75,61
207000353,46,0,46
207000356,0,0,0
207000357,0,53,-53
207000358,1,9,-8
207000415,0,0,0
207000417,73,1,72
207000418,86,42,44
207000438,0,0,0
207000439,679,162,517
207000446,93,0,93
207000460,0,0,0
207000466,0,0,0
207000467,136,8,128
207000468,0,0,0
207000476,0,0,0
207000477,0,0,0
207000478,0,0,0
207000523,0,0,0
207000524,4,0,4
207000527,314,78,236
207000530,264,0,264
207000531,125,1,124
207000532,63,2,61
207000534,257,19,238
207000535,0,0,0
207000537,0,0,0
207000540,0,0,0
207000541,0,0,0
207000548,0,0,0
207000549,106,4,102
207000561,136,13,123
207000562,0,0,0
207000567,0,0,0
207000568,0,0,0
207000569,0,0,0
207000584,0,0,0
207000585,62,80,-18
207000616,0,0,0
207000617,190,0,190
207900008,0,0,0
208000001,89,232,-143
208000002,139,115,24
208000003,224,117,107
208000004,297,137,160
208000005,0,0,0
208000019,320,205,115
208000020,286,99,187
208000021,0,0,0
208000022,0,0,0
208000028,0,0,0
208000033,0,0,0
208000034,0,0,0
208000037,132,1,131
208000040,36,63,-27
208000041,283,74,209
208000042,331,94,237
208000047,0,0,0
208000064,764,388,376
208000066,513,401,112
208000070,70,42,28
208000071,142,46,96
208000072,81,79,2
208000080,73,162,-89
208000081,107,29,78
208000082,0,0,0
208000083,0,0,0
208000084,0,1,-1
208000085,0,0,0
208000086,0,0,0
208000087,0,0,0
208000089,0,0,0
208000090,0,0,0
208000093,0,0,0
208000094,0,0,0
208000095,1,0,1
208000104,651,103,548
208000105,521,123,398
208000114,150,157,-7
208000115,185,104,81
208000116,203,278,-75
208000117,4,14,-10
208000118,26,9,17
208000155,0,0,0
208000158,0,0,0
208000186,650,422,228
208000204,0,0,0
208000205,0,0,0
208000282,0,0,0
209000004,8,16,-8
209000005,26,0,26
209000006,199,24,175
209000007,0,0,0
209000010,0,0,0
209000011,0,0,0
209000012,0,0,0
209000013,0,0,0
209000014,0,0,0
209000025,79,22,57
209000026,256,19,237
209000027,0,0,0
209000028,0,0,0
209000029,0,0,0
209000030,0,0,0
209000031,0,0,0
209000034,0,0,0
209000035,0,0,0
209000036,0,0,0
209000037,0,0,0
209000038,0,0,0
209000039,0,0,0
209000040,0,0,0
209000041,0,0,0
209000042,0,0,0
209000043,0,0,0
209000044,0,0,0
209000045,255,17,238
209000046,169,54,115
209000047,305,16,289
209000048,371,46,325
209000049,0,0,0
209000050,0,0,0
209000051,0,0,0
209000052,0,0,0
209000062,0,0,0
209000063,0,0,0
209000064,0,0,0
209000065,2,0,2
209000066,4,3,1
209000067,40,6,34
209000080,0,0,0
209000082,11,1,10
209000091,0,0,0
209000093,0,0,0
209000094,0,0,0
209000110,31,21,10
209000111,163,59,104
209000112,144,37,107
209000113,181,44,137
209000114,30,4,26
209000115,0,0,0
209000116,0,0,0
209000118,3,5,-2
209000119,0,0,0
209000121,0,0,0
209000135,6,15,-9
209000142,157,27,130
209000143,0,0,0
209000144,0,0,0
209000229,83,5,78
209000240,0,0,0
209000259,0,0,0
209000260,0,0,0
209000261,0,0,0
209000262,0,0,0
209000263,0,0,0
209000264,0,0,0
209000265,58,2,56
209000266,12,0,12
209000267,219,2,217
209000268,539,5,534
210000037,33,0,33
210000047,78,0,78
210000048,41,0,41
210000049,2,0,2
210000052,0,0,0
210000053,0,0,0
210000054,0,0,0
210000070,16,0,16
210000071,73,0,73
210000072,17,0,17
210000073,0,0,0
210000074,0,0,0
210000075,0,0,0
210000076,0,0,0
210000077,0,0,0
210000078,0,0,0
210000079,21,4,17
210000080,47,8,39
210000081,44,8,36
210000082,26,0,26
210000083,41,0,41
210000084,59,0,59
210000085,0,0,0
210000086,0,0,0
210000099,0,0,0
210000100,0,0,0
210000101,0,0,0
210000105,0,0,0
210000159,0,0,0
210000163,0,0,0
210000164,87,29,58
210000168,22,2,20
210000187,0,0,0
210000188,0,0,0
210000214,18,0,18
210000219,44,16,28
210000220,40,2,38
210000232,0,0,0
210000233,0,0,0
210000234,0,0,0
210000235,0,0,0
210000245,0,0,0
210000246,15,0,15
210000258,0,0,0
210000259,119,10,109
210000282,0,0,0
210000285,0,0,0
210000286,0,0,0
210000290,0,0,0
210000295,0,0,0
210000296,0,0,0
210000320,81,6,75
210000321,23,1,22
210000338,0,0,0
210000339,0,0,0
210000340,0,0,0
210000341,0,0,0
210000342,0,0,0
210000343,0,0,0
210000344,0,0,0
210000345,0,0,0
210000346,0,0,0
210000347,0,0,0
210000348,0,0,0
210000349,0,0,0
210000350,0,0,0
210000351,0,0,0
210000352,7,16,-9
210000353,64,21,43
210000354,28,20,8
210000355,36,11,25
210000356,3,11,-8
210000357,4,32,-28
210000358,12,21,-9
210000359,67,10,57
210000360,137,34,103
210000361,94,44,50
210000362,60,42,18
210000363,251,81,170
210000364,86,62,24
210000365,101,20,81
210000366,112,7,105
210000367,82,2,80
210000368,62,0,62
210000369,27,1,26
210000370,29,12,17
210000372,2,10,-8
210000373,0,10,-10
210000374,119,0,119
210000375,13,7,6
210000376,49,12,37
210000404,0,0,0
210000439,23,1,22
210000472,46,0,46
210000482,25,36,-11
210000564,290,35,255
210000567,0,0,0
210000568,35,0,35
211000092,0,0,0
211000094,0,0,0
211000169,0,0,0
211000172,0,0,0
211000209,0,0,0
211000226,20,4,16
211000270,0,0,0
211000275,0,0,0
211000276,0,0,0
211000279,0,0,0
211000281,0,0,0
211507980,0,0,0
211977296,0,0,0
212000003,74,1,73
212000004,0,0,0
212000005,0,0,0
212000006,0,0,0
212000008,0,0,0
212000009,0,0,0
212000012,0,0,0
212000013,0,0,0
212000014,0,0,0
212000015,0,0,0
212000016,0,0,0
212000027,513,61,452
212000028,257,144,113
212000029,214,148,66
212000030,30,21,9
212000031,6,7,-1
212000048,0,0,0
212000049,0,0,0
212000050,0,0,0
212000051,0,0,0
212000052,0,0,0
212000053,0,0,0
212000054,317,15,302
212000055,297,36,261
212000056,28,28,0
212000057,0,26,-26
212000058,5,5,0
212000070,0,0,0
212000077,0,0,0
212000099,152,34,118
212000108,147,9,138
212000111,30,5,25
212000120,0,0,0
212000138,0,0,0
212000156,0,0,0
212000158,3,80,-77
212000159,477,62,415
212000160,372,63,309
212000161,0,1,-1
212000310,0,0,0
212000311,1,19,-18
212000374,0,0,0
213000001,0,0,0
213000005,227,24,203
213000006,174,70,104
213000007,3,0,3
213000009,293,55,238
213000010,207,37,170
213000011,117,3,114
213000012,0,0,0
213000014,34,34,0
213000015,200,1,199
213000016,90,0,90
213000017,18,0,18
213000018,0,0,0
213000019,0,0,0
213000020,0,0,0
213000021,0,0,0
213000023,1021,24,997
213000033,0,0,0
213000034,441,33,408
213000035,264,20,244
213000045,0,0,0
213000046,0,0,0
213000047,0,0,0
213000056,185,4,181
213000069,14,0,14
213000073,0,0,0
213000074,0,0,0
213000075,314,3,311
213000076,0,0,0
213000085,0,0,0
213000086,0,0,0
213000091,300,1,299
213000092,12,1,11
213000099,0,0,0
213000100,396,82,314
213000101,419,8,411
213000102,391,3,388
213000103,323,5,318
213000104,0,0,0
213000105,0,0,0
213000106,0,0,0
213000107,0,0,0
213000108,0,0,0
213000109,0,0,0
213000110,0,0,0
213000111,0,0,0
213000112,0,0,0
213000115,5,0,5
213000116,0,0,0
213000117,0,0,0
213000118,119,216,-97
213000119,0,0,0
213000120,0,0,0
213000122,0,0,0
213000123,0,0,0
213000124,0,0,0
213000125,109,120,-11
213000126,0,0,0
213000127,0,0,0
213000128,0,0,0
213000129,283,96,187
213000130,415,53,362
213000132,297,49,248
213000133,436,109,327
213000134,402,2,400
213000136,191,0,191
213000137,519,2,517
213000139,56,0,56
213000147,8,0,8
213000148,0,0,0
213000149,3,0,3
213000150,0,0,0
213000151,0,0,0
213000152,0,0,0
213000153,0,0,0
213000154,0,0,0
213000155,0,0,0
213000156,0,0,0
213000157,0,0,0
213000158,0,0,0
213000159,513,43,470
213000163,309,99,210
213000165,456,60,396
213000171,0,0,0
213000172,0,0,0
213000173,0,0,0
213000174,0,0,0
213000175,0,0,0
213000176,289,72,217
213000177,130,3,127
213000178,336,1,335
213000179,146,0,146
213000180,165,0,165
213000184,0,0,0
213000188,173,6,167
213000189,172,2,170
213000190,168,3,165
213000191,131,0,131
213000192,59,1,58
213000193,0,0,0
213000194,0,0,0
213000195,0,0,0
213000196,0,0,0
213000197,612,71,541
213000198,3,0,3
213000200,0,0,0
213000201,0,0,0
213000202,0,0,0
213000203,884,95,789
213000204,720,26,694
213000205,309,25,284
213000206,652,5,647
213000207,6,0,6
213000208,0,0,0
213000209,5,0,5
213000210,88,1,87
213000211,0,0,0
213000212,0,0,0
213000213,0,0,0
213000218,22,176,-154
213000219,330,22,308
213000220,178,33,145
213000223,14,79,-65
213000224,2,0,2
213000225,46,0,46
213000226,48,1,47
213000227,551,20,531
213000228,380,18,362
213000229,12,0,12
213000230,154,0,154
213000232,0,0,0
213000233,0,0,0
213000234,0,0,0
213000293,0,0,0
213000294,24,0,24
213000295,0,0,0
213000296,26,7,19
213000297,0,0,0
213000298,0,0,0
213000299,11,2,9
213000300,0,6,-6
213000303,0,0,0
213000304,0,0,0
213000305,0,4,-4
213000306,0,0,0
213000307,2,2,0
213000308,0,0,0
213000309,89,8,81
213000310,127,17,110
213000311,0,0,0
213000315,0,0,0
213000316,60,6,54
213000322,0,0,0
213000323,0,0,0
213000324,0,0,0
213000325,0,0,0
213000326,0,0,0
213000327,0,0,0
213000328,0,0,0
213000329,0,0,0
213000340,0,0,0
213000341,276,12,264
213000346,8,44,-36
213000347,107,22,85
213000348,0,0,0
213000349,0,0,0
213000350,0,0,0
213000366,0,0,0
213000367,96,14,82
213000379,0,0,0
213000386,0,0,0
213000406,0,0,0
213000417,568,157,411
213000425,0,0,0
213000426,0,0,0
213000427,0,0,0
213000428,0,0,0
213000429,0,0,0
213000430,0,0,0
213000431,0,0,0
213000432,0,0,0
213000433,0,0,0
213000434,0,0,0
213000435,0,0,0
213000436,0,0,0
213000437,0,0,0
213000438,0,0,0
213000439,0,0,0
213000440,0,0,0
213000441,0,0,0
213000442,0,0,0
213000443,0,0,0
213000444,0,0,0
213000445,0,0,0
213000446,0,0,0
213000447,0,0,0
213000448,0,0,0
213000449,0,0,0
213000450,0,0,0
213000451,0,0,0
213000452,0,0,0
213000453,0,0,0
213000455,27,2,25
213000456,0,0,0
213000481,3,0,3
213000482,0,0,0
213000489,58,1,57
213000491,0,0,0
213000492,64,0,64
213000493,0,0,0
213000494,181,17,164
213000495,0,0,0
213000496,635,75,560
213000497,0,0,0
213000498,0,0,0
213000499,0,0,0
213000500,245,2,243
213000501,30,1,29
213000502,27,4,23
213000503,0,0,0
213000504,0,0,0
213000505,132,19,113
213000506,0,0,0
213000507,0,0,0
213900016,0,0,0
213900244,53,0,53
213900245,0,0,0
218000003,0,0,0
218000004,0,0,0
218000005,2,5,-3
218000006,0,0,0
218000007,0,0,0
218000012,0,0,0
218000013,21,66,-45
218000014,67,57,10
218000019,0,0,0
218000020,0,0,0
218000021,0,0,0
218000022,0,0,0
218000023,0,0,0
218000024,0,0,0
218000025,0,0,0
218000026,0,0,0
218000027,0,0,0
218000028,0,0,0
218000029,0,0,0
218000030,0,0,0
218000031,0,0,0
218000032,0,0,0
218000040,2,2,0
218000046,4,25,-21
218000047,0,4,-4
218000048,4,10,-6
218000049,3,13,-10
218000050,36,51,-15
218000051,2,35,-33
218000052,0,7,-7
218000053,0,0,0
218000054,1,9,-8
218000055,0,7,-7
218000056,0,21,-21
218000057,0,0,0
218000064,1,1,0
218000065,92,3,89
218000066,26,8,18
218000067,0,0,0
218000068,0,0,0
218000069,0,0,0
218000070,0,0,0
218000071,0,0,0
218000072,0,0,0
218000078,0,0,0
218000079,0,0,0
218000080,0,0,0
218000081,0,0,0
218000082,0,0,0
218000083,0,0,0
218000084,0,0,0
218000085,0,0,0
218000086,0,0,0
218000087,0,0,0
218000090,0,0,0
218000091,139,58,81
218000092,0,0,0
218000093,12,2,10
218000094,0,0,0
218000099,51,50,1
218000100,21,31,-10
218000101,5,3,2
218000102,129,3,126
218000103,16,2,14
218000104,36,0,36
218000105,0,0,0
218000106,0,0,0
218000107,0,0,0
218000108,0,0,0
218000112,0,0,0
218000117,19,8,11
218000134,0,0,0
218000135,0,0,0
218000136,0,0,0
218000137,0,0,0
218000138,0,0,0
218000139,0,0,0
218000140,0,0,0
218000141,0,0,0
218000142,0,0,0
218000143,0,0,0
218000144,0,0,0
218000145,0,0,0
218000146,0,0,0
218000151,0,8,-8
218000152,39,6,33
218000153,0,0,0
218000154,0,0,0
218000155,0,0,0
218000156,0,0,0
218000157,0,0,0
218000158,0,0,0
218000159,0,0,0
218000160,0,0,0
218000161,0,0,0
218000162,0,0,0
218000163,0,0,0
218000164,0,0,0
218000165,0,0,0
218000170,1,2,-1
218000171,46,14,32
218000172,0,4,-4
218000173,0,11,-11
218000174,14,12,2
218000176,158,12,146
218000177,335,58,277
218000178,192,29,163
218000179,366,36,330
218000180,50,1,49
218000181,163,17,146
218000187,0,0,0
218000188,0,0,0
218000189,0,0,0
218000190,0,0,0
218000191,0,0,0
218000192,0,0,0
218000193,0,0,0
218000194,0,0,0
218000195,0,0,0
218000196,0,0,0
218000197,0,0,0
218000198,0,1,-1
218000199,0,1,-1
218000200,1,2,-1
218000201,1,0,1
218000202,0,0,0
218000207,0,0,0
218000208,0,0,0
218000211,0,0,0
218000212,0,0,0
218000213,12,11,1
218000214,0,19,-19
218000215,4,8,-4
218000217,0,6,-6
218000218,16,92,-76
218000219,0,13,-13
218000220,34,14,20
218000221,209,177,32
218000222,3,16,-13
218000223,28,126,-98
218000224,19,101,-82
218000225,120,58,62
218000226,108,11,97
218000230,0,0,0
218000232,0,0,0
218000239,18,0,18
218000240,1,0,1
218000241,0,0,0
218000242,3,0,3
218000243,1,0,1
218000244,3,0,3
218000245,2,1,1
218000246,0,0,0
218000247,0,0,0
218000248,0,0,0
218000249,0,0,0
218000250,0,0,0
218000251,0,0,0
218000252,0,0,0
218000253,0,0,0
218000254,0,0,0
218000255,0,0,0
218000256,0,0,0
218000267,0,0,0
218000268,0,0,0
218000269,0,0,0
218000270,0,0,0
218000271,0,0,0
218000273,111,22,89
218000274,24,3,21
218000275,0,0,0
218000276,0,0,0
218000278,0,0,0
218000279,0,0,0
218000280,0,0,0
218000281,0,0,0
218000282,62,9,53
218000284,136,45,91
218000301,0,0,0
218000302,0,0,0
218000303,0,0,0
218000316,33,31,2
218000317,6,2,4
218000318,0,0,0
218000319,0,0,0
218000320,0,0,0
218000338,0,1,-1
218000345,0,0,0
218000346,32,29,3
218000459,22,29,-7
218000490,0,0,0
218000501,17,2,15
218000502,0,0,0
218000503,7,4,3
218000504,38,1,37
218000505,0,0,0
218000506,0,0,0
218000508,0,0,0
218000510,78,1,77
218000520,0,0,0
218000521,0,0,0
218000522,0,0,0
218000523,22,0,22
218000524,0,0,0
218000525,17,0,17
218000526,0,0,0
218000529,0,0,0
218000530,0,0,0
218000531,34,1,33
218000532,0,0,0
218000534,5,3,2
218000537,5,18,-13
218000538,0,0,0
218000540,0,0,0
218000543,0,0,0
218000544,0,0,0
218000545,0,0,0
218000546,0,0,0
218000547,0,0,0
218000548,0,0,0
218000549,189,1,188
218000550,0,0,0
218000551,0,0,0
218000552,66,6,60
218000553,0,0,0
218000554,0,0,0
218000555,5,4,1
218000556,0,0,0
218000557,12,12,0
218000558,32,2,30
218000559,0,0,0
218000560,0,0,0
218000561,0,0,0
218000562,0,0,0
218000563,122,0,122
218000564,0,0,0
218000565,8,0,8
218000566,9,0,9
218000567,0,0,0
218000568,0,0,0
218000569,0,0,0
218000570,0,0,0
218000571,0,0,0
218000572,2,0,2
218000573,0,0,0
218000574,3,0,3
218000575,36,0,36
218000576,0,0,0
218000577,24,0,24
218000578,0,0,0
218000579,0,0,0
218000581,0,0,0
218000582,0,0,0
218000583,0,0,0
218000584,0,0,0
218000585,0,0,0
218000586,0,0,0
218000587,0,0,0
218000588,0,0,0
218000589,0,0,0
218000590,0,0,0
218000591,0,0,0
218000592,0,0,0
218000593,0,0,0
218000594,0,0,0
218000595,0,0,0
218000596,0,0,0
218000597,0,0,0
218000598,0,0,0
218000599,0,0,0
218000600,0,0,0
218000601,0,0,0
218000602,0,0,0
218000603,0,0,0
218000604,0,0,0
218000605,0,0,0
218000606,1,0,1
218000607,0,0,0
218000608,0,0,0
218000609,0,0,0
218000610,0,0,0
218000611,0,0,0
218000612,0,0,0
218000613,0,0,0
218000614,0,0,0
218000615,0,0,0
218000616,0,0,0
218000617,0,0,0
218000618,0,0,0
218000619,2,4,-2
218000620,0,0,0
218000621,0,2,-2
218000622,0,0,0
218000623,0,0,0
218000624,0,2,-2
218000625,0,0,0
218000626,0,0,0
218000628,31,17,14
218000631,0,1,-1
218000632,0,0,0
218000633,1,0,1
218000634,0,0,0
218000635,0,2,-2
218000636,0,0,0
218000637,0,0,0
218000638,267,58,209
218000639,0,0,0
218000640,86,16,70
218000641,0,0,0
218000652,14,4,10
218000653,336,56,280
218000663,0,0,0
218000675,2,3,-1
218000676,0,0,0
218000677,0,0,0
218000680,0,0,0
218000681,43,4,39
218000691,0,0,0
218000693,183,36,147
218000703,0,0,0
218000718,0,0,0
218000719,33,17,16
218000720,0,0,0
218000721,0,2,-2
218000725,0,0,0
218001147,0,0,0
218001214,0,0,0
218001258,55,1,54
218001329,39,14,25
218001330,0,0,0
218001351,0,5,-5
218001352,0,0,0
218001353,1,3,-2
218001354,0,0,0
218001355,0,0,0
218001356,70,22,48
218001357,0,0,0
218001358,31,1,30
218001361,130,10,120
218001362,0,0,0
219000001,0,0,0
219000002,0,0,0
219000003,41,5,36
219000004,14,39,-25
219000017,0,0,0
219000020,70,0,70
219000022,61,0,61
219000023,42,0,42
219000029,0,0,0
219000034,20,26,-6
219000039,0,0,0
219000040,0,0,0
219000041,0,0,0
219000051,0,0,0
219000052,0,0,0
219000053,0,0,0
219000054,0,0,0
219000055,0,0,0
219000056,0,0,0
219000057,0,0,0
219000062,0,0,0
219000063,0,0,0
219000064,0,0,0
219000110,34,21,13
219000111,43,26,17
219000112,59,2,57
219000113,109,0,109
219000114,110,0,110
219000116,0,0,0
219000117,0,0,0
219000118,4,3,1
219000123,92,0,92
219000124,5,0,5
219000125,0,0,0
219000126,0,0,0
219000127,0,0,0
219000128,0,0,0
219000129,0,0,0
219000130,0,0,0
219000131,208,206,2
219000133,0,2,-2
219000134,2,16,-14
219000135,3,4,-1
219000136,35,37,-2
219000138,1,0,1
219000139,0,0,0
219000140,3,0,3
219000141,0,0,0
219000142,0,0,0
219000143,0,0,0
219000145,7,1,6
219000146,0,0,0
219000147,0,0,0
219000148,0,0,0
219000149,0,0,0
219000150,0,0,0
219000151,0,0,0
219000157,35,4,31
219000158,1,6,-5
219000161,0,0,0
219000163,15,19,-4
219000166,5,19,-14
219000167,0,0,0
219000168,24,19,5
219000174,65,9,56
219000175,0,0,0
219000176,0,0,0
219000177,0,0,0
219000178,0,0,0
219000179,0,0,0
219000180,0,0,0
219000182,29,0,29
219000183,50,0,50
219000184,9,0,9
219000185,0,0,0
219000186,45,2,43
219000187,15,0,15
219000189,0,0,0
219000190,0,0,0
219000191,0,0,0
219000192,35,21,14
219000193,0,0,0
219000195,0,0,0
219000196,0,0,0
219000198,0,0,0
219000199,0,0,0
219000200,0,0,0
219000201,0,0,0
219000203,0,0,0
219000204,0,0,0
219000205,0,0,0
219000207,0,0,0
219000209,0,0,0
219000210,0,0,0
219000213,0,0,0
219000239,0,0,0
219000240,0,0,0
219000241,0,0,0
219000242,0,0,0
219000243,0,0,0
219000244,0,0,0
219000245,0,0,0
219000246,8,10,-2
219000247,54,14,40
219000248,96,166,-70
219000249,49,50,-1
219000250,15,14,1
219000251,120,90,30
219000252,124,67,57
219000253,78,2,76
219000255,10,25,-15
219000256,31,8,23
219000257,99,0,99
219000262,0,0,0
219000263,0,0,0
219000267,0,0,0
219000268,0,0,0
219000269,0,0,0
219000270,0,0,0
219000271,0,0,0
219000278,0,0,0
219000279,0,0,0
219000283,0,0,0
219000295,0,0,0
219000296,0,0,0
219000297,0,0,0
219000298,0,0,0
219000299,172,5,167
219000300,0,0,0
219000301,0,0,0
219000302,0,0,0
219000307,0,0,0
219000308,0,0,0
219000311,83,13,70
219000312,73,10,63
219000313,96,7,89
219000314,0,0,0
219000315,150,3,147
219000316,141,2,139
219000317,44,0,44
219000320,0,0,0
219000321,0,0,0
219000323,0,0,0
219000325,0,0,0
219000326,0,0,0
219000327,0,0,0
219000328,0,0,0
219000329,0,0,0
219000330,0,0,0
219000331,0,0,0
219000332,16,4,12
219000333,0,0,0
219000335,0,0,0
219000337,5,0,5
219000338,7,0,7
219000344,0,0,0
219000345,0,0,0
219000346,0,0,0
219000348,0,0,0
219000349,0,0,0
219000350,0,0,0
219000351,0,0,0
219000352,4,10,-6
219000353,39,5,34
219000354,2,14,-12
219000355,17,5,12
219000356,37,62,-25
219000363,116,4,112
219000364,135,2,133
219000365,16,0,16
219000366,131,5,126
219000368,47,26,21
219000370,65,75,-10
219000371,0,0,0
219000382,0,0,0
219000383,0,0,0
219000385,0,0,0
219000386,0,0,0
219000387,0,0,0
219000390,0,0,0
219000391,0,0,0
219000397,0,0,0
219000398,0,0,0
219000401,0,0,0
219000402,0,0,0
219000403,0,0,0
219000404,0,0,0
219000407,0,0,0
219000409,10,31,-21
219000410,122,1,121
219000411,42,1,41
219000446,0,0,0
219000447,0,0,0
219000448,27,3,24
219000452,0,0,0
219000453,0,0,0
219000454,18,15,3
219000556,55,15,40
219000558,0,0,0
219000590,0,0,0
219000591,23,8,15
219000592,0,0,0
219000595,0,0,0
219000635,36,2,34
219000636,0,0,0
219000657,0,2,-2
219000658,0,0,0
219000673,0,0,0
219000676,1,0,1
219000679,0,0,0
219000684,0,0,0
219000685,0,0,0
219000686,0,0,0
219000688,0,0,0
219000689,0,0,0
219000690,316,7,309
219000691,0,0,0
219000692,45,1,44
219000693,0,0,0
219000694,0,0,0
219000695,0,0,0
219000698,21,1,20
219000699,0,0,0
219000727,0,0,0
219000728,0,0,0
219000770,2,0,2
219000771,0,0,0
219000788,0,0,0
219001150,0,0,0
219001151,0,0,0
219001166,17,2,15
219001167,0,0,0
219001178,100,0,100
220000001,0,2,-2
220000002,0,0,0
220000003,0,0,0
220000004,0,0,0
220000005,0,0,0
220000006,0,0,0
220000007,0,0,0
220000008,0,0,0
220000009,0,0,0
220000010,2,0,2
220000011,3,5,-2
220000012,0,0,0
220000014,0,0,0
220000015,0,0,0
220000017,0,0,0
220000018,0,0,0
220000019,0,0,0
220000020,7,3,4
220000021,0,0,0
220000022,0,0,0
220000023,0,0,0
220000024,0,0,0
220000025,4,8,-4
220000026,10,26,-16
220000027,0,5,-5
220000028,1,7,-6
220000029,0,0,0
220000030,0,0,0
220000031,13,28,-15
220000064,0,0,0
221000046,19,0,19
221000047,0,0,0
221000048,0,0,0
221000049,0,0,0
221000050,21,0,21
221000055,31,0,31
221000057,147,8,139
221000068,289,35,254
221000069,195,25,170
221000070,107,27,80
221000071,86,1,85
221000072,200,2,198
221000073,94,2,92
221000074,0,0,0
221000075,0,0,0
221000076,0,0,0
221000077,0,0,0
221000081,7,0,7
221000082,25,0,25
221000083,34,1,33
221000084,3,0,3
221000085,6,2,4
221000086,0,0,0
221000087,0,0,0
221000088,0,0,0
221000089,0,0,0
221000090,0,0,0
221000098,103,24,79
221000099,58,5,53
221000100,91,2,89
221000101,143,3,140
221000102,49,0,49
221000109,0,0,0
221000110,0,0,0
221000111,0,0,0
221000112,0,0,0
221000113,0,0,0
221000114,0,0,0
221000120,0,0,0
221000121,0,21,-21
221000122,0,5,-5
221000123,0,0,0
221000124,0,0,0
221000155,39,10,29
221000156,5,0,5
221000175,0,0,0
221000176,0,0,0
221000182,7,0,7
221000241,741,37,704
221000242,0,0,0
221000243,365,18,347
221000244,0,0,0
221000245,208,20,188
221000246,0,0,0
221000247,189,22,167
221000248,0,0,0
221000267,0,0,0
221000325,0,0,0
221000331,0,0,0
221000338,0,22,-22
221000378,125,8,117
221000381,0,0,0
222000282,0,0,0
222000296,0,0,0
222000568,81,6,75
222000569,100,15,85
222000570,72,1,71
222000571,293,10,283
222000577,0,0,0
222000578,0,0,0
222000579,0,0,0
222000580,0,0,0
222000599,0,0,0
222000600,0,0,0
222000601,0,0,0
222000603,0,0,0
222000604,0,0,0
222000605,0,0,0
222000606,0,0,0
222000607,0,0,0
222000608,0,0,0
222000609,0,0,0
222000616,61,1,60
222000617,0,0,0
222000618,0,0,0
222000620,1,0,1
222000621,36,1,35
222000623,237,0,237
222000624,260,0,260
222000625,219,0,219
222000636,2,0,2
222000686,0,0,0
222000687,0,1,-1
222001066,165,0,165
222001067,30,0,30
222001068,56,0,56
222001069,11,0,11
222001082,0,0,0
222001083,0,0,0
222001084,0,0,0
222001085,0,0,0
222001111,0,0,0
222001112,67,13,54
222001313,0,1,-1
222001314,0,0,0
222001464,1,0,1
222001465,0,0,0
222001484,36,0,36
222001485,0,0,0
222001494,68,12,56
222001495,0,0,0
222001496,79,3,76
222001497,0,0,0
222001502,0,0,0
222001503,82,2,80
222001504,0,0,0
222001505,220,2,218
222001506,0,0,0
222001507,150,1,149
222001510,241,7,234
222001511,0,0,0
222001514,316,26,290
222001515,0,0,0
222001518,88,7,81
222001519,0,0,0
222001527,30,7,23
222001528,0,0,0
222001529,115,0,115
222001530,0,0,0
222001533,0,0,0
222001534,377,9,368
222001535,49,14,35
222001536,0,0,0
222001537,47,7,40
222001538,0,0,0
222001563,369,6,363
222001564,0,0,0
222001568,2,7,-5
222001576,0,0,0
222001579,0,0,0
222001583,0,0,0
222001584,12,0,12
222001596,0,0,0
222001597,228,65,163
222001626,0,0,0
222001650,0,13,-13
222001651,1,0,1
222001914,31,2,29
222001915,0,0,0
222001968,94,20,74
222001969,0,0,0
222001970,28,0,28
222001971,1,0,1
222001972,0,0,0
225000001,103,43,60
225000002,188,28,160
225000003,111,6,105
225000004,147,37,110
225000005,78,14,64
225000006,0,0,0
225000007,0,0,0
225000010,12,0,12
225000011,34,195,-161
225000012,95,149,-54
225000013,69,24,45
225000014,79,21,58
225000015,0,0,0
225000021,172,28,144
225000027,0,0,0
225000032,179,75,104
225000042,0,0,0
225000049,0,0,0
225000050,13,0,13
225000053,0,0,0
225000058,200,38,162
225000067,0,0,0
225000068,0,0,0
225000069,0,0,0
225000070,0,0,0
225000071,0,0,0
225000075,13,0,13
225000076,0,0,0
225000078,2,13,-11
225000085,3,29,-26
225000086,16,0,16
225000087,49,2,47
225000088,0,0,0
225000089,0,0,0
225000090,0,0,0
225000091,0,0,0
225000092,0,0,0
225000093,0,0,0
225000094,0,0,0
225000095,0,0,0
225000096,0,0,0
225000098,221,62,159
225000099,239,28,211
225000100,39,36,3
225000104,0,0,0
225000110,0,0,0
225000111,0,0,0
225000112,0,0,0
225000113,0,0,0
225000114,0,0,0
225000115,0,0,0
225000116,148,58,90
225000117,328,259,69
225000118,422,117,305
225000119,52,3,49
225000120,168,0,168
225000121,133,6,127
225000123,927,10,917
225000125,181,45,136
225000126,233,29,204
225000127,337,94,243
225000128,298,143,155
225000132,0,0,0
225000133,0,0,0
225000134,63,99,-36
225000135,22,0,22
225000136,47,0,47
225000137,18,0,18
225000138,281,0,281
225000143,0,0,0
225000144,0,0,0
225000145,68,26,42
225000146,0,0,0
225000147,0,0,0
225000148,0,0,0
225000149,0,0,0
225000151,0,0,0
225000155,0,0,0
225000156,0,0,0
225000157,0,0,0
225000158,0,0,0
225000171,0,0,0
225000180,8,0,8
225000181,0,0,0
225000182,37,6,31
225000185,0,0,0
225000187,0,0,0
225000191,18,0,18
225000194,0,0,0
225000208,0,0,0
225000209,54,7,47
225000210,0,0,0
225000217,0,0,0
225000218,38,1,37
225000223,0,0,0
225000224,29,0,29
225000225,0,0,0
225000226,502,17,485
225000227,0,0,0
225000228,18,5,13
225000229,0,0,0
225000230,2,0,2
225000231,0,0,0
225000232,71,0,71
225000241,91,0,91
225000242,0,0,0
225000249,34,0,34
225000250,0,0,0
225000251,0,0,0
225000254,0,0,0
225000256,0,0,0
225000257,0,0,0
226000042,0,0,0
226000043,0,0,0
226000044,0,0,0
226000045,0,0,0
226000046,132,30,102
226000047,56,3,53
226000048,155,2,153
226000049,42,75,-33
226000070,0,0,0
226000071,0,0,0
226000072,0,0,0
226000073,0,0,0
226000074,0,0,0
226000084,0,0,0
226000085,0,0,0
226000086,0,0,0
226000087,0,0,0
226000088,0,0,0
226000090,2,4,-2
226000091,1,0,1
226000092,0,0,0
226000093,0,0,0
226000094,0,7,-7
226000095,1,53,-52
226000105,0,0,0
226000106,3,1,2
226000107,2,0,2
226000108,2,0,2
226000109,22,1,21
226000124,27,32,-5
226000134,119,45,74
226000135,158,39,119
226000136,15,10,5
226000137,0,0,0
226000138,0,0,0
226000139,0,0,0
226000156,65,1,64
226000157,133,0,133
226000163,0,0,0
226000202,0,0,0
226000231,151,1,150
226000232,0,0,0
227000033,70,3,67
227000036,164,0,164
227000037,77,0,77
227000038,34,3,31
227000084,0,0,0
227000085,0,0,0
227000088,16,0,16
227000089,4,0,4
227000090,1,1,0
227000091,6,1,5
227000092,0,0,0
227000093,8,0,8
227000094,1,0,1
227000130,0,0,0
227000131,0,0,0
227000132,0,0,0
227000133,0,0,0
227000134,0,0,0
227000152,0,0,0
227000153,0,0,0
227000154,0,0,0
227000155,0,0,0
227000156,0,0,0
227000165,0,0,0
227000196,45,0,45
227000199,153,8,145
227000230,0,0,0
227000232,40,8,32
227000242,0,0,0
227000243,149,4,145
227000245,0,0,0
227000246,0,0,0
227000247,143,4,139
227000248,10,0,10
227000249,0,0,0
227000250,19,72,-53
227000251,0,0,0
227000252,0,0,0
227000253,85,2,83
227000262,238,3,235
227000266,241,4,237
227000267,0,0,0
227000282,0,0,0
227000284,150,5,145
227000286,0,0,0
227000287,0,0,0
227000291,0,0,0
227000296,27,3,24
227000484,202,2,200
227000485,0,0,0
227000655,36,0,36
227000656,90,3,87
227000657,6,2,4
227000661,32,1,31
227000680,0,0,0
229000265,22,0,22
229000296,0,0,0
229000297,0,0,0
229000298,0,0,0
229000320,1,0,1
229000321,0,0,0
229000412,0,0,0
229000414,0,0,0
229000415,2,0,2
229000416,0,0,0
229000417,0,0,0
229000419,1,1,0
229000440,29,1,28
229000442,1,3,-2
229000443,1,0,1
229000444,0,1,-1
229000445,0,0,0
229000446,23,1,22
229000491,0,0,0
229000492,0,0,0
229000493,0,0,0
229000494,0,0,0
229000495,0,0,0
229000496,0,0,0
229000507,0,0,0
229000508,0,0,0
229000509,0,0,0
229000510,0,0,0
229000511,0,0,0
229000512,0,0,0
229000513,0,0,0
229000514,0,0,0
229000517,0,0,0
229000518,0,0,0
229000519,0,0,0
229000520,0,0,0
229000521,0,0,0
229000522,0,0,0
229000523,0,0,0
229000524,0,0,0
229000527,0,0,0
229000528,0,0,0
229000529,0,0,0
229000530,0,0,0
229000531,0,0,0
229000532,4,0,4
229000533,10,0,10
229000534,4,4,0
229000564,53,9,44
229000565,17,0,17
229000566,0,0,0
229000567,0,0,0
229000582,33,12,21
229000583,0,13,-13
229000584,0,0,0
229000585,0,0,0
229000718,0,0,0
229000719,0,0,0
229000720,0,0,0
229000721,0,0,0
229000722,0,0,0
229000723,0,0,0
229000724,0,0,0
229000725,0,0,0
229000738,2,0,2
229000739,0,0,0
229000740,0,0,0
229000741,54,0,54
229000742,39,0,39
229000743,10,0,10
229000744,0,0,0
229000745,0,0,0
229000746,16,0,16
229000847,0,0,0
229000848,0,0,0
229000849,0,0,0
229000851,0,0,0
229000854,0,0,0
229000856,0,0,0
229000857,0,0,0
229000858,0,0,0
229000919,0,5,-5
229000930,0,2,-2
229000937,106,1,105
229000966,8,3,5
229000981,0,0,0
229000985,0,0,0
229000986,0,0,0
229000987,0,0,0
229000988,0,0,0
229000989,0,0,0
229000990,0,0,0
229000991,0,0,0
229000992,20,0,20
229000993,17,0,17
229000998,0,0,0
229000999,4,0,4
229001034,0,0,0
229001035,0,0,0
229001037,10,0,10
229001042,0,0,0
229001047,0,0,0
229001050,21,0,21
229001168,0,0,0
229001200,1,0,1
229001338,0,0,0
229001394,118,2,116
229001422,59,5,54
229001423,0,0,0
229001431,53,9,44
229001432,0,0,0
229001444,60,0,60
229001445,0,2,-2
229001479,0,0,0
229001503,151,8,143
229001504,0,0,0
229001505,114,10,104
229001506,0,0,0
229001509,4,0,4
229001545,56,0,56
229001546,0,0,0
229001553,36,1,35
229001554,0,2,-2
229001559,0,0,0
229001560,0,0,0
229001630,4,0,4
229001631,0,0,0
229001635,0,0,0
229001636,0,0,0
229001658,0,0,0
229001659,73,0,73
229001660,0,0,0
229001661,0,1,-1
229001662,5,0,5
229001663,0,0,0
229002584,23,3,20
229002831,1,0,1
229002841,0,0,0
229002842,0,0,0
229002843,1,2,-1
229002844,0,0,0
229002845,0,1,-1
229002846,0,0,0
229002847,0,0,0
229002848,1,1,0
229002849,0,1,-1
229002850,22,0,22
229002851,0,2,-2
229002852,15,1,14
229002853,19,0,19
229002854,0,0,0
229002855,0,0,0
229002856,15,4,11
229002857,0,0,0
229002858,1,0,1
229002859,0,0,0
229002860,1,0,1
229002861,4,6,-2
229002862,0,0,0
229002863,0,1,-1
229002864,2,4,-2
229002865,0,0,0
229002866,3,0,3
229002867,0,2,-2
229002868,19,1,18
229002869,0,0,0
229002870,5,0,5
235000066,252,5,247
235000067,121,9,112
235000072,0,0,0
235000073,0,0,0
235000074,0,0,0
235000080,0,0,0
235000081,0,0,0
235000082,155,2,153
235000083,113,13,100
235000084,20,7,13
235000085,295,10,285
235000089,19,0,19
235000092,0,0,0
235000093,0,0,0
235000097,2,0,2
235000098,106,0,106
235000099,27,2,25
235000116,9,2,7
235000117,97,0,97
235000133,0,0,0
235000134,0,0,0
235000206,1,0,1
235000207,0,0,0
235000208,0,0,0
235000209,0,0,0
235000210,2,1,1
235000212,0,0,0
235000213,0,0,0
235000220,0,0,0
235000221,0,0,0
235000238,0,185,-185
235000239,0,2,-2
235000242,24,434,-410
235000245,0,0,0
235000246,0,0,0
235000284,0,0,0
235000295,42,0,42
235000305,77,26,51
235000306,75,1,74
235000307,26,0,26
235000308,2,0,2
235000309,3,0,3
235000310,2,0,2
235000311,29,3,26
235000322,0,0,0
235000323,0,0,0
235000324,0,0,0
235000325,0,0,0
235000326,0,0,0
235000351,0,0,0
235000352,0,0,0
235000353,0,0,0
235000354,0,0,0
235000355,0,0,0
235000356,8,0,8
235000357,0,0,0
235000358,8,5,3
235000359,0,0,0
235000360,3,0,3
235000361,6,0,6
235000381,0,0,0
235000382,96,4,92
235000390,1,0,1
235000391,170,3,167
235000392,214,19,195
235000393,107,17,90
235000395,79,8,71
235000396,371,6,365
235000400,16,4,12
235000401,0,0,0
235000405,0,0,0
235000406,0,0,0
235000407,0,0,0
235000409,0,0,0
235000410,0,0,0
235000411,0,0,0
235000485,0,0,0
235000486,52,0,52
235000549,76,19,57
235000550,0,0,0
235000599,0,0,0
235000600,0,0,0
235000601,4,2,2
235000602,75,8,67
235000614,0,0,0
235000648,0,0,0
235000649,64,0,64
235000685,0,0,0
235000815,0,0,0
235000834,0,0,0
235000855,36,7,29
235000862,0,0,0
235000891,0,0,0
235000892,0,0,0
235000901,0,0,0
235000907,0,0,0
235001010,42,10,32
235001029,0,0,0
235001030,240,11,229
235001078,67,15,52
235001079,0,0,0
235001147,1,6,-5
235001166,9,2,7
235001167,0,0,0
235001169,0,0,0
235001188,0,0,0
235001189,0,1,-1
235001197,0,0,0
235001200,0,0,0
235001207,91,10,81
235001210,0,0,0
235001215,0,0,0
235001239,0,0,0
235001244,0,0,0
235016267,0,0,0
277101746,0,0,0
277102712,6,0,6
277103813,0,0,0
277103898,0,0,0
277104249,0,0,0
277104250,0,0,0
277104251,0,0,0
277104252,0,0,0
990011530,0,0,0
990014944,0,0,0
990015176,4,0,4
990015618,0,0,0
990016032,0,0,0
990032570,0,3,-3
990070001,23,2,21
990070103,0,0,0
990070601,0,0,0
990070751,0,0,0
990070766,0,0,0
990071180,498,10,488
990071343,12,0,12
990071387,0,0,0
990071823,53,4,49
990072600,0,0,0
990072964,0,0,0
990073285,0,0,0
990074393,0,0,0
990074870,389,2,387
990075106,226,1,225
990075746,190,0,190
990076437,1552,37,1515
990076458,0,0,0
997000007,138,0,138
997000041,0,0,0
997000058,62,1,61
997000062,58,0,58
997000069,0,0,0
997000070,0,0,0
997000100,0,0,0
997000141,0,0,0
997000198,0,0,0
998000475,0,0,0
998000736,0,0,0
998000965,0,0,0
998001031,0,0,0
998001700,0,0,0
998001899,0,0,0
998001900,40,184,-144
998003073,494,31,463
998101900,9,61,-52
998102850,0,0,0
998501927,129,1,128
998501929,426,7,419
998501930,59,0,59
998501931,106,2,104
998501932,1,0,1
998501933,385,0,385
998501937,9,1,8
998501944,1,0,1
998501950,0,0,0
998501970,101,18,83
998501971,2,164,-162
998501973,0,0,0
998501974,0,0,0
998501975,32,1,31
998501976,36,0,36
998501977,0,1,-1
998501978,4,0,4
998501979,0,0,0
998501980,84,7,77
998501981,128,0,128
998501982,0,0,0
998502006,0,0,0
998502024,0,0,0
998502032,0,7,-7
998502062,0,2,-2
998502063,0,0,0
998502173,2,0,2
998502269,0,0,0
998601159,0,0,0
998601292,0,0,0
999033574,0,0,0
999800001,21,2,19
999800002,1,0,1
999800003,9,0,9
999800004,0,0,0
999800005,0,0,0
