ID,insum,outsum,diff
100000001,583,1260,-677
100000002,3991,3101,890
100000003,7475,5883,1592
100000004,1445,1248,197
100000005,2770,5686,-2916
100000006,571,145,426
100000007,2023,919,1104
100000008,323,519,-196
100000009,703,316,387
100000010,141,103,38
100000011,1358,146,1212
100000012,132,1080,-948
100000013,233,319,-86
100000014,661,387,274
100000015,2005,2698,-693
100000016,1181,1597,-416
100000017,727,1017,-290
100000018,1936,770,1166
100000019,4702,2327,2375
100000020,2793,7695,-4902
100000021,6626,2620,4006
100000022,1831,3118,-1287
100000023,6526,2122,4404
100000025,1733,1673,60
100000028,2287,1546,741
100000029,328,480,-152
100000030,303,83,220
100000031,5515,8281,-2766
100000032,2630,4173,-1543
100000033,1189,2788,-1599
100000034,522,779,-257
100000035,2033,2214,-181
100000036,2415,1715,700
100000037,835,475,360
100000038,2448,1073,1375
100000039,1089,725,364
100000040,280,212,68
100000041,1757,530,1227
100000042,1171,542,629
100000043,1193,513,680
100000044,383,842,-459
100000045,596,1254,-658
100000046,1317,1040,277
100000047,548,701,-153
100000048,1065,737,328
100000049,1785,1978,-193
100000051,607,987,-380
100000053,298,9,289
100000054,678,48,630
100000055,2014,332,1682
100000056,776,577,199
100000057,2499,766,1733
100000058,1226,1232,-6
100000059,17,155,-138
100000060,440,386,54
100000061,2599,702,1897
100000062,2019,763,1256
100000063,859,324,535
100000064,1692,349,1343
100000065,502,885,-383
100000066,239,678,-439
100000067,566,846,-280
100000068,527,1851,-1324
100000069,332,1428,-1096
100000072,300,1334,-1034
100000073,1397,1344,53
100000075,790,283,507
100000076,2474,3565,-1091
100000077,205,276,-71
100000078,31,26,5
100000079,61,67,-6
100000080,57,71,-14
100000081,195,221,-26
100000102,2890,2636,254
100000103,3196,1982,1214
100000104,5298,3335,1963
100000105,3055,2173,882
100000106,2984,2949,35
100000107,853,1295,-442
100000108,919,1165,-246
100000109,2762,1508,1254
100000116,1799,1414,385
100000117,105,170,-65
100000118,1674,1726,-52
100000119,751,1137,-386
100000121,495,511,-16
100000122,1015,1269,-254
100000123,4085,5407,-1322
100000124,5395,7425,-2030
100000125,4236,2145,2091
100000126,931,574,357
100000127,2028,452,1576
100000128,1784,3267,-1483
100000129,679,572,107
100000130,517,601,-84
100000131,2849,3291,-442
100000132,1484,4010,-2526
100000133,5562,2629,2933
100000135,745,1533,-788
100000139,538,464,74
100000140,460,428,32
100000142,566,719,-153
100000143,836,471,365
100000144,3767,895,2872
100000147,1355,3618,-2263
100000150,65,436,-371
100000151,1533,1424,109
100000153,275,566,-291
100000154,48,306,-258
100000155,42,45,-3
100000156,655,552,103
100000157,179,143,36
100000158,410,134,276
100000159,319,707,-388
100000165,1907,1053,854
100000169,464,849,-385
100000174,1031,919,112
100000179,95,696,-601
100000180,7099,6757,342
100000181,837,360,477
100000188,112,437,-325
100000189,1796,607,1189
100000190,1089,1529,-440
100000191,867,738,129
100000192,63,142,-79
100000193,367,248,119
100000330,1496,1180,316
100000355,301,1042,-741
100000362,4978,3797,1181
100000363,5447,5258,189
100000364,346,383,-37
100000365,6931,8769,-1838
100000366,7513,4002,3511
100000367,6775,8206,-1431
100000368,3139,1794,1345
100000369,1677,2438,-761
100000370,270,1062,-792
100000376,117,192,-75
100000379,2691,2167,524
100000380,4909,5104,-195
100000384,6450,6296,154
100000385,5000,5640,-640
100000386,9015,6222,2793
100000387,5933,6961,-1028
100000388,7857,8289,-432
100000389,9133,7773,1360
100000390,9604,7892,1712
100000391,7816,10374,-2558
100000392,4410,4936,-526
100000393,3506,6224,-2718
100000394,9680,10600,-920
100000395,7198,5227,1971
100000396,10266,5182,5084
100000397,7033,8789,-1756
100000398,12584,9917,2667
100900002,6,46,-40
100900003,582,226,356
100900004,42,1431,-1389
100900005,169,13,156
100900006,36,97,-61
100900007,587,13,574
100900008,4,477,-473
100900009,87,171,-84
100900010,122,85,37
100900011,124,170,-46
100900012,1,214,-213
100900013,1701,24,1677
100900014,1,23,-22
100900015,105,124,-19
100900016,9,41,-32
100900017,963,96,867
100900018,0,25,-25
100900019,48,202,-154
100900020,325,18,307
100900021,460,1,459
100900022,44,46,-2
100900023,0,43,-43
100900024,925,5,920
100900025,39,14,25
100900026,98,120,-22
100900027,719,3216,-2497
100900028,136,274,-138
100900029,65,13,52
100900030,6,117,-111
100900031,671,61,610
100900032,285,1,284
100900033,435,312,123
100900034,525,3,522
100900035,628,1,627
100900036,22,3,19
100900037,107,191,-84
100900038,110,51,59
100900039,267,578,-311
100900040,461,648,-187
100900041,1035,650,385
100900042,1798,1750,48
100900043,0,30,-30
100900044,2315,754,1561
100900045,21,0,21
100900046,1607,19,1588
100900047,1059,360,699
100900048,179,47,132
100900049,175,182,-7
100900050,3,10,-7
100900051,117,165,-48
100900052,431,96,335
100900053,457,16,441
100900054,6,47,-41
100900055,484,753,-269
100900056,201,229,-28
100900057,1762,1398,364
100900058,270,97,173
100900059,127,6,121
100900060,231,2,229
100900061,380,288,92
100900062,6,38,-32
100900063,303,691,-388
100900064,933,35,898
100900065,121,122,-1
100900066,162,215,-53
100900067,20,14,6
100900068,93,88,5
100900069,459,11,448
100900070,364,4,360
100900071,877,337,540
100900072,9,28,-19
100900073,197,451,-254
100900074,4,8,-4
100900075,2265,425,1840
100900076,21,54,-33
100900077,32,86,-54
100900078,128,322,-194
100900079,11,27,-16
100900080,50,227,-177
100900081,38,179,-141
100900082,138,460,-322
100900083,16,25,-9
100900085,15,404,-389
100900086,179,856,-677
100900088,117,445,-328
100900089,8,20,-12
100900090,154,529,-375
100900091,12,32,-20
100900092,277,212,65
100900093,267,560,-293
100900094,182,424,-242
100900095,8,35,-27
100900096,99,151,-52
100900097,2,1,1
100900098,29,16,13
100900099,48,550,-502
100900100,15,785,-770
100900101,262,46,216
100900102,93,198,-105
100900103,4,25,-21
100900104,8,198,-190
100900105,52,561,-509
100900106,22,3,19
100900107,2050,861,1189
100900108,7,99,-92
100900109,10,52,-42
100900110,5,35,-30
100900111,62,230,-168
100900112,21,36,-15
100900113,23,24,-1
100900114,14,17,-3
100900115,7,45,-38
100900116,1038,671,367
100900117,327,1016,-689
100900118,301,169,132
100900119,29,14,15
100900120,16,24,-8
100900121,488,603,-115
100900122,268,184,84
100900123,81,230,-149
100900124,7,14,-7
100900125,15,71,-56
100900126,200,268,-68
100900127,6,10,-4
100900128,118,178,-60
100900129,0,209,-209
100900131,90,279,-189
100900133,49,64,-15
100900134,0,5,-5
100900135,3,234,-231
100900137,339,230,109
100900138,590,602,-12
100900139,8,6,2
100900140,9,502,-493
100900141,9,607,-598
100900142,2,21,-19
100900143,1053,498,555
100900144,47,11,36
100900145,296,286,10
100900146,6,76,-70
100900147,25,608,-583
100900148,25,512,-487
100900149,44,229,-185
100900150,4,32,-28
100900151,175,579,-404
100900152,683,4,679
100900153,2,246,-244
100900154,15,157,-142
100900155,27,31,-4
100900156,92,7,85
100900157,15,244,-229
100900158,1068,219,849
100900159,11,51,-40
100900160,26,8,18
100900161,111,10,101
100900162,27,672,-645
100900163,191,193,-2
100900164,50,70,-20
100900165,8,29,-21
100900166,47,5,42
100900167,15,86,-71
100900168,71,194,-123
100900169,145,1155,-1010
100900170,97,9,88
100900171,37,568,-531
100900172,2,34,-32
100900173,8,369,-361
100900174,396,32,364
100900176,1906,245,1661
100900177,646,318,328
100900178,237,162,75
100900179,252,556,-304
100900180,4,7,-3
100900181,127,94,33
100900182,98,43,55
100900184,14,224,-210
100900186,829,587,242
100900187,18,93,-75
100900188,57,22,35
100900189,2007,267,1740
100900191,1239,1273,-34
100900192,377,478,-101
100900195,180,158,22
100900197,90,56,34
100900198,45,211,-166
100900199,10,15,-5
100900200,876,502,374
100900201,151,883,-732
100900202,70,1,69
100900203,1,220,-219
100900204,1044,2071,-1027
100900205,213,588,-375
100900206,179,134,45
100900207,290,171,119
100900210,163,445,-282
100900211,856,199,657
100900213,290,71,219
100900214,1029,122,907
100900215,15,78,-63
101000001,4957,2760,2197
101000002,6543,7296,-753
101000003,515,1900,-1385
101000004,8630,7336,1294
101000005,4847,5504,-657
101000006,6851,7798,-947
101000007,3536,4595,-1059
101000008,3452,2892,560
101000009,2096,1452,644
101000010,978,1222,-244
101000011,1441,598,843
101000012,1451,866,585
101000013,758,1417,-659
101000014,600,727,-127
101000015,1515,1027,488
101000016,423,558,-135
101000017,732,619,113
101000018,3384,2964,420
101000020,3274,1378,1896
101000021,981,484,497
101000022,264,140,124
101000023,1903,821,1082
101000025,293,421,-128
101000026,394,41,353
101000027,2896,3214,-318
101000028,169,81,88
101000029,437,2501,-2064
101000030,2491,197,2294
101000031,1706,1309,397
101000032,11847,6237,5610
101000033,2845,4033,-1188
101000034,2698,2192,506
101000035,1155,683,472
101000036,1908,1170,738
101000037,3256,2106,1150
101000039,2695,3176,-481
101000040,3766,4586,-820
101000041,12256,10739,1517
101000042,864,1784,-920
101000043,9025,10133,-1108
101000045,2341,1281,1060
101000046,5726,2435,3291
101000047,3647,5904,-2257
101000048,977,820,157
101000049,846,2535,-1689
101000050,3223,3497,-274
101000051,2742,3711,-969
101000052,1739,1312,427
101000053,1336,1743,-407
101000054,2614,1551,1063
101000055,1855,1663,192
101000056,48,129,-81
101000057,2213,1360,853
101000058,1477,1639,-162
101000059,2359,2545,-186
101000060,2139,741,1398
101000061,1146,1364,-218
101000062,1004,826,178
101000063,611,1130,-519
101000064,1132,1186,-54
101000065,430,502,-72
101000066,1355,1028,327
101000067,1503,1196,307
101000068,410,645,-235
101000069,455,93,362
101000070,1382,1372,10
101000071,2331,1055,1276
101000072,1027,4162,-3135
101000073,1036,1421,-385
101000074,8127,5110,3017
101000075,6178,7561,-1383
101000077,2059,1474,585
101000078,1278,2354,-1076
101000079,1081,467,614
101000080,1029,661,368
101000081,2242,1787,455
101000082,3741,3498,243
101000083,3150,2521,629
101000084,1505,907,598
101000085,1741,1512,229
101000086,1259,1216,43
101000087,1101,1022,79
101000088,1652,1322,330
101000089,1300,1697,-397
101000090,2209,1266,943
101000091,461,861,-400
101000092,1265,1044,221
101000093,1571,1001,570
101000094,1243,1085,158
101000095,540,666,-126
101000096,426,548,-122
101000097,568,536,32
101000098,523,553,-30
101000099,1361,1357,4
101000100,1321,1176,145
101000101,402,487,-85
101000102,904,600,304
101000103,1081,624,457
101000104,401,679,-278
101000105,542,604,-62
101000106,897,1275,-378
101000107,323,355,-32
101000108,866,336,530
101000109,381,71,310
101000110,47,463,-416
101000111,148,332,-184
101000113,288,824,-536
101000114,11922,9947,1975
101000115,464,227,237
101000116,225,147,78
101000117,1593,395,1198
101000119,97,76,21
101000120,134,42,92
101000121,112,71,41
101000122,150,139,11
101000123,82,180,-98
101000124,752,345,407
101000125,261,509,-248
101000128,783,644,139
101000130,314,405,-91
101000131,906,597,309
101000132,731,1040,-309
101000135,46,62,-16
101000136,601,250,351
101000137,39,431,-392
101000141,1516,3584,-2068
101000147,615,374,241
101000148,1341,61,1280
101000149,303,350,-47
101000150,83,597,-514
101000151,278,47,231
101000152,360,292,68
101000153,669,304,365
101000154,247,942,-695
101000155,403,170,233
101000156,7,355,-348
101000157,67,44,23
101000160,96,77,19
101000163,281,378,-97
101000164,423,310,113
101000165,331,431,-100
101000166,305,440,-135
101000168,991,518,473
101000252,2175,951,1224
101000254,565,226,339
101000258,73,12,61
101000261,202,68,134
101000262,1421,2768,-1347
101000263,425,1852,-1427
101000265,104,898,-794
101000266,409,413,-4
101000269,42,18,24
101000290,1624,3554,-1930
101000293,30,73,-43
101000294,803,573,230
101000295,163,546,-383
101000301,686,518,168
101000304,2229,2913,-684
101000305,3058,1689,1369
101900001,15,65,-50
101900002,0,10,-10
101900003,50,110,-60
101900004,7,65,-58
101900005,3548,2682,866
101900006,1280,85,1195
101900007,1029,361,668
101900008,86,326,-240
101900009,99,548,-449
101900010,934,726,208
101900011,309,1489,-1180
101900012,312,298,14
101900013,927,230,697
101900017,12,163,-151
101900018,1132,287,845
101900019,242,107,135
101900020,175,74,101
101900021,1,45,-44
101900022,145,921,-776
101900023,170,212,-42
102000001,2912,5176,-2264
102000002,3480,1047,2433
102000003,3909,8518,-4609
102000004,7324,3497,3827
102000005,1559,2409,-850
102000006,1365,2154,-789
102000007,2062,5354,-3292
102000008,5037,1878,3159
102000009,7682,8883,-1201
102000010,6384,3880,2504
102000011,3698,3156,542
102000012,3794,3700,94
102000018,3125,2951,174
102000019,2736,1737,999
102000026,251,579,-328
102000029,420,257,163
102000030,150,435,-285
102000031,62,157,-95
102000032,556,358,198
102000033,293,432,-139
102000034,757,496,261
102000035,1471,843,628
102000036,13,252,-239
102000037,206,63,143
102000038,266,414,-148
102000039,222,88,134
102000040,460,326,134
102000041,220,415,-195
102000042,269,409,-140
102000043,385,238,147
102000044,343,480,-137
102000045,1089,947,142
102000046,1196,642,554
102000047,854,1129,-275
102000048,481,824,-343
102000049,1219,818,401
102000050,1432,1439,-7
102000051,571,651,-80
102000052,1453,949,504
102000053,1078,1090,-12
102000054,748,1392,-644
102000055,1499,630,869
102000056,1066,1197,-131
102000057,1772,740,1032
102000058,1591,1583,8
102000059,1689,1613,76
102000060,1495,1100,395
102000061,1662,1996,-334
102000062,1938,1127,811
102000063,1278,1473,-195
102000064,628,864,-236
102000065,64,157,-93
102000066,993,1073,-80
102000067,2411,3375,-964
102000068,9554,2945,6609
102000069,115,2175,-2060
102000070,1792,56,1736
102000071,7512,10142,-2630
102000072,3824,4995,-1171
102000073,1744,1377,367
102000074,910,1387,-477
102000075,175,384,-209
102000076,224,578,-354
102000077,751,786,-35
102000078,920,758,162
102000079,251,331,-80
102000080,329,296,33
102000081,439,883,-444
102000082,728,470,258
102000083,618,347,271
102000084,284,298,-14
102000085,2436,1079,1357
102000086,1485,1597,-112
102000087,963,1678,-715
102000088,367,414,-47
102000089,1394,451,943
102000090,656,1377,-721
102000091,1706,729,977
102000092,468,875,-407
102000093,677,839,-162
102000094,1195,793,402
102000095,1296,1601,-305
102000096,1146,1021,125
102000097,1247,1035,212
102000098,661,998,-337
102000099,1051,919,132
102000100,826,1482,-656
102000101,1318,842,476
102000102,377,1484,-1107
102000103,2257,647,1610
102000104,696,349,347
102000105,287,507,-220
102000106,868,634,234
102000107,1430,574,856
102000108,817,242,575
102000109,574,556,18
102000110,1101,1147,-46
102000111,8,243,-235
102000112,200,106,94
102000113,21,35,-14
102000114,685,376,309
102000115,273,281,-8
102000116,1291,1103,188
102000117,403,2317,-1914
102000118,1777,1353,424
102000119,1778,1797,-19
102000120,205,565,-360
102000121,1143,665,478
102000122,774,996,-222
102000123,1511,1392,119
102000124,1680,1363,317
102000125,1243,941,302
102000126,1095,851,244
102000127,1325,807,518
102000128,787,1097,-310
102000129,1563,820,743
102000130,812,1002,-190
102000131,2248,979,1269
102000132,832,1425,-593
102000133,2149,1726,423
102000134,858,857,1
102000135,863,1023,-160
102000136,1319,703,616
102000137,1241,1168,73
102000138,528,518,10
102000139,442,733,-291
102000140,763,659,104
102000141,1201,1247,-46
102000142,530,410,120
102000143,196,461,-265
102000144,357,478,-121
102000145,475,499,-24
102000146,491,435,56
102000147,733,602,131
102000148,253,460,-207
102000149,148,395,-247
102000150,405,117,288
102000151,114,290,-176
102000152,244,141,103
102000153,1212,568,644
102000154,307,746,-439
102000155,127,377,-250
102000156,392,153,239
102000157,156,463,-307
102000158,358,353,5
102000159,1149,537,612
102000161,3763,2397,1366
102000162,171,163,8
102000163,106,614,-508
102000164,1106,1364,-258
102000165,434,152,282
102000166,106,155,-49
102000167,320,249,71
102000168,347,145,202
102000169,110,489,-379
102000170,605,250,355
102000171,296,403,-107
102000172,278,486,-208
102000173,418,358,60
102000174,99,92,7
102000175,236,121,115
102000176,101,38,63
102000178,306,408,-102
102000179,388,235,153
102000180,1023,518,505
102000181,833,548,285
102000182,645,637,8
102000183,1741,1692,49
102000184,1957,882,1075
102000185,3037,1419,1618
102000186,1255,1952,-697
102000187,993,1518,-525
102000188,1103,1426,-323
102000189,2506,820,1686
102000190,923,2870,-1947
102000191,1400,617,783
102000192,1427,1634,-207
102000193,76,168,-92
102000194,77,131,-54
102000195,489,515,-26
102000196,275,357,-82
102000197,787,484,303
102000198,236,894,-658
102000199,1127,470,657
102000200,328,1134,-806
102000201,1111,501,610
102000202,12,98,-86
102000203,369,242,127
102000204,420,647,-227
102000205,1311,436,875
102000206,678,662,16
102000207,628,498,130
102000208,427,551,-124
102000209,60,61,-1
102000210,478,393,85
102000211,556,300,256
102000212,350,15,335
102000213,7,305,-298
102000214,262,21,241
102000215,7,399,-392
102000216,67,62,5
102000217,7,157,-150
102000218,319,166,153
102000219,329,271,58
102000225,610,773,-163
102000226,4869,1471,3398
102000227,165,0,165
102000228,0,106,-106
102000229,43,43,0
102000230,273,461,-188
102000231,311,377,-66
102000232,31,168,-137
102000233,533,867,-334
102000234,172,1267,-1095
102000236,398,76,322
102000237,418,167,251
102000238,205,278,-73
102000240,647,745,-98
102000241,327,167,160
102000243,15,60,-45
102000245,28,85,-57
102000246,19,42,-23
102000247,248,574,-326
102000248,326,681,-355
102000249,179,163,16
102000250,99,332,-233
102000254,94,278,-184
102000266,117,478,-361
102000271,20,1,19
102000286,449,425,24
102000297,2027,946,1081
102000299,0,0,0
102000301,0,0,0
102000302,0,0,0
102000303,0,0,0
102000305,0,0,0
102000307,0,3,-3
102000308,0,1,-1
102900001,1330,789,541
102900002,500,54,446
102900003,79,229,-150
102900005,383,282,101
102900006,504,165,339
102900007,678,19,659
102900008,224,89,135
102900009,704,453,251
102900010,528,762,-234
102900011,1771,432,1339
102900012,475,78,397
102900013,42,51,-9
102900015,878,671,207
102900016,70,104,-34
102900017,202,556,-354
102900018,63,95,-32
102900019,465,506,-41
102900020,210,39,171
102900021,38,83,-45
102900022,518,138,380
102900023,38,45,-7
102900024,45,55,-10
102900025,232,96,136
102900026,459,2121,-1662
102900027,106,77,29
102900028,207,778,-571
102900029,275,187,88
102900030,486,279,207
102900031,206,153,53
102900032,122,136,-14
102900033,171,173,-2
102900034,605,105,500
102900035,150,311,-161
102900036,428,495,-67
102900037,314,511,-197
102900038,432,499,-67
102900039,65,585,-520
102900040,195,301,-106
102900041,78,188,-110
102900042,279,252,27
102900043,188,238,-50
102900044,704,1738,-1034
102900045,196,451,-255
102900046,162,258,-96
102900047,93,641,-548
102900048,562,542,20
102900049,154,381,-227
102900050,259,303,-44
102900051,242,235,7
102900052,66,62,4
102900053,483,717,-234
102900054,826,1422,-596
102900055,134,201,-67
102900056,115,427,-312
102900057,6,72,-66
102900058,349,113,236
102900059,24,61,-37
102900060,102,499,-397
102900061,201,414,-213
102900062,339,949,-610
102900063,1233,385,848
102900064,226,438,-212
102900065,1337,538,799
102900066,383,43,340
102900068,152,86,66
102900070,334,613,-279
102900072,10,49,-39
102900073,150,10,140
102900074,279,276,3
102900075,23,47,-24
102900076,179,145,34
102900077,51,61,-10
102900078,27,80,-53
102900079,206,12,194
102900080,398,44,354
102900081,108,393,-285
102900082,9,282,-273
102900083,224,18,206
102900084,7,61,-54
102900085,433,152,281
102900086,12,80,-68
102900087,133,153,-20
102900088,41,49,-8
102900089,265,117,148
102900090,4,318,-314
102900091,159,3,156
102900092,400,722,-322
102900093,350,316,34
102900094,0,176,-176
102900095,202,3,199
102900096,54,11,43
102900097,17,93,-76
103000001,2839,2719,120
103000002,2295,2849,-554
103000003,3885,3236,649
103000004,964,813,151
103000005,1922,2563,-641
103000006,778,1502,-724
103000007,345,725,-380
103000008,994,688,306
103000009,1216,1103,113
103000010,127,99,28
103000011,1749,1526,223
103000012,1791,1572,219
103000013,4376,2235,2141
103000014,1705,2944,-1239
103000015,1721,724,997
103000016,541,1508,-967
103000017,248,419,-171
103000018,841,359,482
103000019,329,325,4
103000020,2510,1575,935
103000021,2010,1769,241
103000022,849,1049,-200
103000023,773,1642,-869
103000024,87,135,-48
103000025,125,732,-607
103000026,1097,142,955
103000027,345,609,-264
103000028,475,402,73
103000029,304,278,26
103000030,1774,1183,591
103000031,1757,2191,-434
103000032,2537,1889,648
103000033,3266,3056,210
103000034,1847,1342,505
103000035,570,1526,-956
103000036,510,648,-138
103000037,718,607,111
103000038,729,1248,-519
103000039,500,330,170
103000040,434,976,-542
103000041,1504,2210,-706
103000042,1298,524,774
103000043,697,985,-288
103000044,323,210,113
103000046,444,454,-10
103000047,694,699,-5
103000048,197,251,-54
103000049,128,195,-67
103000050,703,508,195
103000051,549,518,31
103000052,873,409,464
103000053,225,669,-444
103000054,2998,1447,1551
103000055,2087,2444,-357
103000056,880,1466,-586
103000057,705,274,431
103000058,754,920,-166
103000059,510,827,-317
103000060,903,676,227
103000061,461,1050,-589
103000062,1305,522,783
103000063,969,967,2
103000064,152,229,-77
103000065,12,386,-374
103000066,215,14,201
103000069,486,354,132
103000070,1031,889,142
103000071,1278,710,568
103000072,145,774,-629
103000073,693,161,532
103000074,774,137,637
103000075,163,673,-510
103000076,381,380,1
103000077,41,389,-348
103000078,959,626,333
103000079,813,687,126
103000080,1259,361,898
103000081,526,1157,-631
103000082,647,255,392
103000083,161,312,-151
103000084,118,17,101
103000085,4,104,-100
103000086,673,460,213
103000087,220,575,-355
103000088,273,373,-100
103000089,338,516,-178
103000090,2117,868,1249
103000091,702,449,253
103000092,255,341,-86
103000093,334,397,-63
103000094,259,107,152
103000095,93,301,-208
103000096,660,140,520
103000097,73,819,-746
103000098,898,267,631
103000099,375,751,-376
103000100,163,735,-572
103000101,1050,131,919
103000102,130,619,-489
103000103,838,163,675
103000104,36,130,-94
103000105,140,69,71
103000106,10,145,-135
103000107,226,48,178
103000108,672,565,107
103000109,485,340,145
103000110,513,493,20
103000111,576,478,98
103000112,412,239,173
103000113,740,640,100
103000114,1373,471,902
103000115,650,420,230
103000116,614,382,232
103000117,387,509,-122
103000118,653,735,-82
103000119,1197,630,567
103000120,61,150,-89
103000121,345,584,-239
103000122,448,557,-109
103000125,23,228,-205
103000126,676,2,674
103000127,0,133,-133
103000128,195,3,192
103000129,6,111,-105
103000130,104,34,70
103000131,179,97,82
103000132,104,166,-62
103000133,19,106,-87
103000134,543,880,-337
103000135,646,260,386
103000136,762,513,249
103000137,603,626,-23
103000138,852,773,79
103000139,2,78,-76
103000140,156,38,118
103000141,125,158,-33
103000142,205,84,121
103000143,63,183,-120
103000144,255,76,179
103000145,93,168,-75
103000150,95,41,54
103000152,191,325,-134
103000153,212,138,74
103000156,7,288,-281
103000157,451,2,449
103000159,138,56,82
103000162,78,38,40
103000163,28,73,-45
103000164,27,11,16
103000165,134,295,-161
103000166,201,296,-95
103000167,218,113,105
103000168,129,215,-86
103000169,222,475,-253
103000170,895,458,437
103000171,74,105,-31
103000172,830,835,-5
103000173,634,379,255
103000174,178,297,-119
103000175,338,274,64
103000176,1019,648,371
103000177,524,422,102
103000178,301,287,14
103000179,290,49,241
103000183,141,17,124
103000185,113,37,76
103000186,144,164,-20
103000187,637,343,294
103000188,14,126,-112
103000189,788,812,-24
103000191,722,670,52
103000292,1514,1717,-203
103000293,1049,2746,-1697
103000295,91,99,-8
103000296,413,0,413
103000297,123,132,-9
103000504,41,21,20
103000505,3,21,-18
103000506,1,205,-204
103000507,239,5,234
103000508,59,109,-50
103000509,258,557,-299
103900001,18,273,-255
103900002,1215,197,1018
103900003,1551,120,1431
103900004,161,5,156
103900005,5,245,-240
103900006,6,3,3
103900007,53,1,52
103900008,16,0,16
103900009,283,588,-305
103900010,188,563,-375
103900011,358,226,132
103900012,8,19,-11
103900013,122,81,41
103900014,69,28,41
103900015,58,16,42
103900016,391,251,140
103900017,34,95,-61
103900018,542,190,352
103900019,88,322,-234
103900020,197,585,-388
103900021,563,66,497
103900022,1044,661,383
103900023,189,1,188
103900024,117,475,-358
103900025,14,54,-40
103900026,160,2,158
103900027,812,241,571
103900028,17,341,-324
103900029,1045,130,915
103900030,314,85,229
103900031,50,5,45
103900032,91,47,44
103900033,124,18,106
103900034,40,125,-85
103900035,63,67,-4
103900036,46,39,7
103900037,131,93,38
103900038,127,178,-51
103900039,102,307,-205
103900040,6,172,-166
103900041,57,72,-15
103900042,82,254,-172
103900043,162,69,93
103900044,108,264,-156
103900045,405,140,265
103900047,97,21,76
103900048,179,38,141
103900049,239,1706,-1467
103900050,19,136,-117
103900051,0,53,-53
103900052,210,314,-104
103900053,179,527,-348
103900054,96,332,-236
103900055,483,213,270
103900056,67,63,4
103900057,49,161,-112
103900058,301,635,-334
103900059,0,35,-35
103900060,57,167,-110
103900061,192,27,165
103900062,373,104,269
103900063,5,1,4
103900064,118,5,113
103900065,962,399,563
103900066,157,53,104
103900067,198,3,195
103900068,38,0,38
103900069,117,24,93
103900070,196,223,-27
103900071,8,119,-111
103900072,24,193,-169
103900073,54,36,18
103900074,87,72,15
103900075,102,95,7
103900076,549,502,47
103900077,63,93,-30
103900078,615,128,487
103900079,198,199,-1
103900080,13,50,-37
103900081,76,15,61
103900082,23,136,-113
103900083,1360,1141,219
103900084,90,198,-108
103900085,91,141,-50
103900086,863,490,373
103900087,31,94,-63
103900088,357,658,-301
103900089,91,158,-67
103900090,113,268,-155
103900091,1182,277,905
103900092,589,546,43
103900093,89,327,-238
103900094,22,142,-120
103900095,315,236,79
103900096,46,181,-135
103900097,7,470,-463
103900098,268,115,153
103900099,141,122,19
103900100,323,336,-13
103900101,74,906,-832
103900102,1,26,-25
103900104,4,22,-18
103900105,105,183,-78
103900106,0,95,-95
103900107,150,188,-38
103900108,48,260,-212
103900109,138,74,64
103900110,279,69,210
103900111,128,552,-424
103900112,120,208,-88
103900113,136,236,-100
103900114,411,266,145
103900115,359,204,155
103900116,4648,2575,2073
103900117,106,93,13
103900119,45,103,-58
103900120,37,88,-51
103900122,115,265,-150
103900123,1224,663,561
103900124,48,17,31
103900125,97,37,60
103900126,586,380,206
103900127,157,530,-373
103900128,317,138,179
103900131,31,79,-48
103900133,1105,86,1019
103900134,0,6,-6
103900135,8,7,1
103900137,2,42,-40
103900138,104,223,-119
103900139,216,2097,-1881
103900140,5,130,-125
103900141,274,49,225
103900142,220,140,80
103900143,95,3,92
103900144,2,52,-50
103900145,225,240,-15
103900146,291,302,-11
103900147,369,175,194
103900148,242,375,-133
103900149,285,612,-327
103900150,6676,4181,2495
103900151,52,179,-127
103900152,546,477,69
103900153,7,10,-3
103900154,944,1663,-719
103900155,63,203,-140
103900156,39,175,-136
103900157,52,158,-106
103900158,102,168,-66
103900159,183,72,111
103900160,67,36,31
103900161,132,170,-38
103900162,52,207,-155
103900163,12,453,-441
103900164,287,50,237
103900167,23,124,-101
103900168,128,101,27
103900169,80,55,25
103900170,3,109,-106
103900171,0,70,-70
103900172,6,18,-12
103900173,9,19,-10
103900174,208,62,146
103900175,81,66,15
103900176,8,38,-30
103900177,6,72,-66
103900178,56,78,-22
103900179,54,148,-94
103900180,17,121,-104
103900181,41,67,-26
103900182,24,16,8
103900184,474,124,350
103900185,169,396,-227
103900187,19,73,-54
103900188,43,30,13
103900189,162,13,149
103900190,87,70,17
103900191,48,77,-29
103900192,16,112,-96
103900193,138,233,-95
103900194,66,232,-166
103900195,0,69,-69
103900196,242,51,191
103900197,8,28,-20
103900198,22,38,-16
103900199,136,65,71
103900200,193,105,88
103900201,182,226,-44
103900202,34,91,-57
103900203,35,30,5
103900204,1,83,-82
103900207,0,100,-100
103900208,115,2,113
103900209,9,120,-111
103900210,48,43,5
103900211,617,326,291
103900212,119,415,-296
103900213,66,211,-145
103900214,290,174,116
103900215,362,328,34
103900216,34,697,-663
103900217,458,57,401
103900218,0,231,-231
103900219,175,322,-147
103900233,154,11,143
103900235,22,33,-11
103900236,12,5,7
103900242,8,7,1
103900243,6,7,-1
103900244,126,179,-53
103900245,87,167,-80
103900246,68,55,13
103900247,17,83,-66
103900248,16,68,-52
103900249,26,53,-27
103900250,36,25,11
103900251,14,41,-27
103900253,16,88,-72
103900254,3,19,-16
103900255,6,11,-5
103900256,6,27,-21
103900257,21,107,-86
103900258,39,8,31
103900259,102,16,86
103900261,4,5,-1
103900262,9,7,2
103900263,34,36,-2
103900264,68,34,34
103900265,77,6,71
103900266,0,109,-109
103900267,8,64,-56
104000001,2542,2225,317
104000002,1765,2568,-803
104000003,2639,2307,332
104000004,2911,3023,-112
104000005,1743,2227,-484
104000006,3337,2805,532
104000007,4374,4140,234
104000008,239,300,-61
104000009,171,148,23
104000010,197,336,-139
104000011,420,275,145
104000012,168,278,-110
104000013,253,226,27
104000014,230,556,-326
104000015,392,158,234
104000016,622,330,292
104000018,956,165,791
104000019,695,226,469
104000020,147,508,-361
104000021,226,460,-234
104000022,117,228,-111
104000023,724,317,407
104000024,237,321,-84
104000026,52,311,-259
104000027,236,236,0
104000028,385,247,138
104000029,350,324,26
104000030,319,248,71
104000031,1500,423,1077
104000032,256,246,10
104000033,673,479,194
104000034,373,266,107
104000035,980,370,610
104000036,824,580,244
104000037,355,218,137
104000038,522,274,248
104000039,240,192,48
104000040,227,355,-128
104000041,595,278,317
104000042,237,266,-29
104000043,207,332,-125
104000044,235,513,-278
104000045,999,934,65
104000046,1137,1433,-296
104000047,1020,1195,-175
104000048,1203,1498,-295
104000049,651,354,297
104000050,255,732,-477
104000051,135,503,-368
104000052,1683,1548,135
104000053,1154,532,622
104000054,610,405,205
104000055,4101,2650,1451
104000056,1176,228,948
104000057,139,441,-302
104000058,860,704,156
104000059,540,986,-446
104000060,1101,1256,-155
104000061,1290,1062,228
104000062,376,110,266
104000064,544,343,201
104000065,257,756,-499
104000069,1082,1234,-152
104000070,79,560,-481
104000071,109,379,-270
104000072,587,168,419
104000075,99,286,-187
104000076,541,145,396
104000082,2427,3436,-1009
104000083,923,175,748
104000084,98,581,-483
104000085,282,404,-122
104000086,275,474,-199
104000087,449,2436,-1987
104000090,748,1074,-326
104000092,1412,1868,-456
104000094,1024,1369,-345
104000095,1776,1365,411
104000096,1741,209,1532
104000097,1981,886,1095
104000098,2428,1034,1394
104000100,1827,615,1212
104000101,1136,1757,-621
104000106,63,626,-563
104000107,708,377,331
104000108,289,534,-245
104000109,284,89,195
104000110,943,1187,-244
104000111,4163,2764,1399
104000112,2246,587,1659
104000116,2,944,-942
104000117,181,524,-343
104000118,626,246,380
104000119,711,233,478
104000120,286,717,-431
104000121,240,769,-529
104000122,653,818,-165
104000123,800,887,-87
104000124,921,2025,-1104
104000125,3411,4803,-1392
104000126,538,438,100
104000127,1371,2504,-1133
104000128,659,501,158
104000129,70,1,69
104000130,0,276,-276
104000131,567,428,139
104000132,421,493,-72
104000133,1441,1034,407
104000134,1127,1848,-721
104000135,466,2249,-1783
104000136,957,4572,-3615
104000137,1750,472,1278
104000138,1147,354,793
104000139,6167,3238,2929
104000141,1267,1428,-161
104000142,657,756,-99
104000143,620,607,13
104000144,88,188,-100
104000145,355,269,86
104000146,290,498,-208
104000147,164,298,-134
104000148,422,207,215
104000149,223,283,-60
104000150,1330,556,774
104000151,390,451,-61
104000152,735,630,105
104000153,698,605,93
104000154,941,524,417
104000155,503,593,-90
104000157,1185,1387,-202
104000158,605,885,-280
104000159,927,673,254
104000160,1932,1882,50
104000161,211,207,4
104000162,55,168,-113
104000165,909,1106,-197
104000167,741,986,-245
104000168,577,18,559
104000169,132,48,84
104000170,479,682,-203
104000248,230,587,-357
104000251,64,208,-144
104000272,0,0,0
104000273,0,0,0
104000274,0,0,0
104000275,0,0,0
104000279,802,482,320
104000290,120,285,-165
104000291,576,1088,-512
104000293,801,676,125
104000294,39,0,39
104000295,560,815,-255
104000296,383,770,-387
104000297,827,2013,-1186
104000298,2413,983,1430
104000299,695,1429,-734
104900001,171,453,-282
104900002,107,222,-115
104900003,76,319,-243
104900004,99,233,-134
104900005,303,258,45
104900006,398,137,261
104900007,337,248,89
104900009,129,334,-205
104900010,119,42,77
104900011,48,54,-6
104900012,366,40,326
104900013,182,18,164
104900014,2685,413,2272
104900015,102,5,97
104900016,326,262,64
104900017,188,232,-44
104900018,9,177,-168
104900019,321,3024,-2703
104900020,67,319,-252
104900021,2,150,-148
104900022,10,129,-119
104900023,0,62,-62
104900024,36,93,-57
104900025,76,246,-170
104900026,3,101,-98
104900027,600,308,292
104900028,48,105,-57
104900029,49,77,-28
104900030,568,254,314
104900031,95,236,-141
104900032,44,131,-87
104900033,216,273,-57
104900034,412,134,278
104900035,350,178,172
104900036,222,74,148
104900037,166,201,-35
104900038,570,828,-258
104900039,676,456,220
104900040,485,106,379
104900041,257,201,56
104900042,145,297,-152
104900043,18,194,-176
104900044,596,208,388
104900045,435,81,354
104900046,202,164,38
104900047,368,131,237
104900048,350,53,297
104900049,50,39,11
104900050,287,128,159
104900051,319,54,265
104900052,71,3,68
104900053,399,154,245
104900054,150,47,103
104900055,144,2,142
104900056,162,29,133
104900057,58,1,57
104900058,1091,746,345
104900059,269,81,188
104900060,2,480,-478
104900061,234,497,-263
104900063,0,94,-94
104900064,1,60,-59
104900065,0,206,-206
104900066,1,194,-193
104900067,1,295,-294
104900068,22,167,-145
104900070,207,281,-74
104900071,1,476,-475
104900072,76,329,-253
104900073,112,216,-104
104900074,92,253,-161
104900075,64,66,-2
104900076,76,272,-196
104900077,1110,371,739
104900078,178,478,-300
104900079,163,488,-325
104900080,101,491,-390
104900082,23,382,-359
104900085,0,161,-161
104900087,393,7,386
104900089,249,2,247
104900090,1085,781,304
104900091,1294,719,575
104900093,250,547,-297
104900097,2517,2375,142
104900098,135,43,92
104900099,158,631,-473
104900100,458,298,160
104900102,41,165,-124
104900103,542,89,453
104900104,3257,2539,718
104900106,84,130,-46
104900107,229,217,12
104900108,75,222,-147
104900109,161,317,-156
104900110,9,52,-43
104900111,255,198,57
104900112,263,627,-364
104900113,779,333,446
104900114,444,497,-53
104900115,818,392,426
104900116,229,219,10
104900118,42,86,-44
104900119,9,75,-66
104900120,30,222,-192
104900121,0,75,-75
104900122,3,58,-55
104900123,66,16,50
104900124,65,1,64
104900125,574,15,559
104900126,46,52,-6
104900127,42,78,-36
104900128,136,217,-81
104900129,2063,2164,-101
105000001,2831,1537,1294
105000002,2570,1771,799
105000003,3786,4196,-410
105000004,716,1029,-313
105000005,1103,1258,-155
105000006,1631,1967,-336
105000007,1256,1708,-452
105000008,2017,3845,-1828
105000009,2472,3325,-853
105000010,2573,1986,587
105000011,4114,2962,1152
105000012,3822,2825,997
105000013,1072,1132,-60
105000014,2276,2981,-705
105000015,11525,16994,-5469
105000016,3086,2778,308
105000017,2021,1069,952
105000018,1320,1679,-359
105000019,1169,898,271
105000020,208,453,-245
105000021,284,119,165
105000022,339,94,245
105000023,554,491,63
105000028,80,132,-52
105000029,601,1685,-1084
105000030,4385,2819,1566
105000033,999,1899,-900
105000034,156,1021,-865
105000037,751,363,388
105000038,2303,2028,275
105000039,3063,1992,1071
105000040,1191,1325,-134
105000041,596,1659,-1063
105000042,5114,1991,3123
105000043,2035,3406,-1371
105000044,937,699,238
105000045,536,953,-417
105000046,1409,464,945
105000047,626,1260,-634
105000048,628,238,390
105000049,277,470,-193
105000050,661,351,310
105000051,153,399,-246
105000052,591,789,-198
105000053,92,121,-29
105000054,348,914,-566
105000055,925,382,543
105000056,1429,1909,-480
105000057,1316,895,421
105000058,1337,1296,41
105000059,852,646,206
105000060,496,634,-138
105000061,694,536,158
105000062,647,774,-127
105000063,348,517,-169
105000064,1622,838,784
105000065,320,541,-221
105000066,1110,1348,-238
105000067,1657,880,777
105000068,565,889,-324
105000069,1856,1756,100
105000070,595,1005,-410
105000071,259,894,-635
105000072,839,2039,-1200
105000073,1043,675,368
105000074,1406,797,609
105000075,578,901,-323
105000076,1225,1083,142
105000077,2953,1259,1694
105000078,1471,1528,-57
105000079,1452,3637,-2185
105000080,2463,1825,638
105000081,3878,1577,2301
105000082,1251,2102,-851
105000083,5585,4697,888
105000084,740,746,-6
105000085,1966,2364,-398
105000086,572,823,-251
105000087,1499,1921,-422
105000088,1576,1518,58
105000089,3651,2239,1412
105000090,1047,896,151
105000091,1377,1581,-204
105000092,798,1014,-216
105000093,306,303,3
105000094,299,286,13
105000095,119,431,-312
105000096,1311,1092,219
105000097,1038,821,217
105000098,1007,851,156
105000099,873,747,126
105000100,1468,1138,330
105000101,1859,2360,-501
105000102,2941,1603,1338
105000103,1988,3069,-1081
105000104,2216,1053,1163
105000105,1259,2035,-776
105000106,1781,2057,-276
105000107,1761,1155,606
105000108,2137,1807,330
105000109,1814,1813,1
105000110,937,661,276
105000111,793,634,159
105000112,1367,716,651
105000113,471,714,-243
105000114,2863,1296,1567
105000115,338,1119,-781
105000116,737,537,200
105000117,790,924,-134
105000118,782,529,253
105000119,829,1084,-255
105000120,1272,578,694
105000121,957,1111,-154
105000122,491,576,-85
105000123,977,1305,-328
105000124,2063,824,1239
105000125,889,1757,-868
105000126,2188,1718,470
105000127,2426,1933,493
105000128,771,980,-209
105000129,920,332,588
105000130,500,3536,-3036
105000131,998,339,659
105000132,1091,812,279
105000133,507,961,-454
105000134,941,673,268
105000135,442,538,-96
105000136,69,142,-73
105000137,377,211,166
105000138,85,121,-36
105000139,1116,931,185
105000140,328,476,-148
105000141,313,561,-248
105000142,254,435,-181
105000143,271,725,-454
105000144,283,832,-549
105000145,743,366,377
105000146,390,867,-477
105000147,744,420,324
105000148,1240,655,585
105000149,2736,2254,482
105000150,2129,1509,620
105000151,447,390,57
105000152,133,484,-351
105000153,577,665,-88
105000154,717,573,144
105000155,361,944,-583
105000156,941,676,265
105000157,885,1923,-1038
105000158,2006,692,1314
105000159,309,1056,-747
105000160,1753,610,1143
105000161,693,918,-225
105000162,662,1613,-951
105000163,1167,781,386
105000164,209,244,-35
105000165,924,5225,-4301
105000166,5092,901,4191
105000167,1804,1681,123
105000168,405,572,-167
105000169,570,311,259
105000170,261,1221,-960
105000171,1025,255,770
105000172,235,44,191
105000173,198,36,162
105000174,75,56,19
105000175,125,139,-14
105000176,469,108,361
105000177,296,157,139
105000178,157,541,-384
105000179,609,211,398
105000180,191,165,26
105000181,126,272,-146
105000182,57,59,-2
105000183,2469,2121,348
105000184,1390,1511,-121
105000185,1860,1177,683
105000186,615,1027,-412
105000187,990,282,708
105000188,403,157,246
105000189,201,565,-364
105000190,344,395,-51
105000191,422,342,80
105000192,421,60,361
105000193,113,183,-70
105000194,298,108,190
105000195,370,769,-399
105000196,68,242,-174
105000197,292,558,-266
105000198,514,367,147
105000199,249,617,-368
105000200,220,366,-146
105000201,153,55,98
105000203,7,167,-160
105000204,114,75,39
105000205,88,245,-157
105000207,715,306,409
105000208,307,875,-568
105000209,212,346,-134
105000212,1228,1259,-31
105000213,188,217,-29
105000214,141,253,-112
105000215,328,199,129
105000216,135,305,-170
105000217,141,289,-148
105000218,1329,1062,267
105000221,180,150,30
105000222,587,116,471
105000223,320,141,179
105000226,108,257,-149
105000227,99,163,-64
105000228,281,2560,-2279
105000229,180,600,-420
105000231,307,369,-62
105000233,969,742,227
105000234,596,1335,-739
105000235,451,591,-140
105000237,763,76,687
105000243,36,135,-99
105000248,66,127,-61
105000262,350,1220,-870
105000269,204,192,12
105000270,476,45,431
105000271,2,184,-182
105000282,62,54,8
105000287,415,121,294
105000288,586,435,151
105000289,3044,2335,709
105000290,29,5,24
105000402,3605,5105,-1500
105000426,609,637,-28
105000438,4301,1866,2435
105000446,12962,6763,6199
105000447,7638,3319,4319
105000454,598,274,324
105000455,300,194,106
105000474,82,4,78
105000477,458,682,-224
105000478,2108,5202,-3094
105000479,141,154,-13
105000480,9820,7597,2223
105000481,5574,3787,1787
105000482,5478,8592,-3114
105000483,1857,2201,-344
105000484,2282,3228,-946
105000485,2112,3606,-1494
105000486,4046,2799,1247
105000488,10132,5980,4152
105000489,988,901,87
105000549,143,110,33
105000550,559,1551,-992
105000551,40,128,-88
105000552,2419,1608,811
105900001,26,2138,-2112
105900002,1264,627,637
105900003,6,146,-140
105900004,321,138,183
105900005,20,189,-169
105900006,44,127,-83
105900007,192,30,162
105900008,71,490,-419
105900009,33,18,15
105900011,422,101,321
105900012,649,140,509
105900013,11,29,-18
105900014,15,99,-84
105900015,227,364,-137
105900016,498,636,-138
105900017,1284,64,1220
105900018,198,162,36
105900019,44,424,-380
105900020,54,63,-9
105900021,47,801,-754
105900022,305,205,100
105900023,11,201,-190
105900024,16,311,-295
105900025,304,40,264
105900026,258,21,237
105900027,13060,9652,3408
105900028,663,359,304
105900029,1723,372,1351
105900030,221,248,-27
105900031,402,208,194
105900032,99,129,-30
105900033,182,134,48
105900034,212,233,-21
105900035,209,211,-2
105900036,93,109,-16
105900037,85,72,13
105900038,201,287,-86
105900039,154,73,81
105900040,80,143,-63
105900041,164,184,-20
105900042,74,149,-75
105900043,1404,102,1302
105900044,7,285,-278
105900045,6,810,-804
105900046,2,221,-219
105900047,11,51,-40
105900048,79,439,-360
105900050,9101,6809,2292
105900051,68,1173,-1105
105900052,523,319,204
105900053,2774,2818,-44
105900054,323,218,105
105900056,888,372,516
105900057,107,166,-59
105900058,27,20,7
105900059,0,47,-47
106000001,4901,2683,2218
106000002,2424,5689,-3265
106000003,3070,3546,-476
106000004,1612,2726,-1114
106000005,3782,5731,-1949
106000006,5558,3766,1792
106000007,575,656,-81
106000008,509,351,158
106000009,647,382,265
106000010,709,582,127
106000011,1170,1182,-12
106000012,893,1257,-364
106000013,1961,2062,-101
106000014,2044,1517,527
106000015,1992,1325,667
106000016,1274,1915,-641
106000017,631,737,-106
106000018,619,465,154
106000019,459,448,11
106000020,415,344,71
106000021,315,400,-85
106000022,358,231,127
106000023,604,285,319
106000024,536,420,116
106000025,121,183,-62
106000026,93,244,-151
106000027,1284,1189,95
106000028,547,465,82
106000029,678,1037,-359
106000030,526,563,-37
106000034,226,542,-316
106000035,840,2042,-1202
106000036,302,499,-197
106000037,1908,1418,490
106000038,460,142,318
106000039,142,127,15
106000040,136,979,-843
106000041,723,693,30
106000043,563,296,267
106000046,379,72,307
106000047,88,451,-363
106000049,954,236,718
106000050,264,690,-426
106000051,801,480,321
106000052,136,593,-457
106000053,477,134,343
106000054,437,513,-76
106000055,1200,1018,182
106000056,308,398,-90
106000057,421,219,202
106000058,153,181,-28
106000059,375,254,121
106000060,339,490,-151
106000061,218,563,-345
106000062,140,581,-441
106000063,655,531,124
106000064,58,377,-319
106000065,389,431,-42
106000066,102,334,-232
106000067,353,128,225
106000068,61,634,-573
106000069,243,56,187
106000070,391,816,-425
106000071,1045,361,684
106000072,2775,1612,1163
106000073,1614,2798,-1184
106000074,602,653,-51
106000075,355,1473,-1118
106000076,1806,2213,-407
106000077,3638,1381,2257
106000078,1092,951,141
106000079,717,881,-164
106000080,1369,665,704
106000081,760,1173,-413
106000082,2507,899,1608
106000083,452,1534,-1082
106000084,1360,641,719
106000085,1460,1515,-55
106000086,680,887,-207
106000087,1051,585,466
106000088,446,775,-329
106000089,1041,364,677
106000090,287,601,-314
106000091,289,542,-253
106000092,704,289,415
106000093,271,164,107
106000094,80,212,-132
106000095,845,738,107
106000096,832,622,210
106000097,1210,845,365
106000098,756,896,-140
106000099,246,793,-547
106000100,2008,250,1758
106000101,2317,346,1971
106000102,445,612,-167
106000103,303,472,-169
106000104,1002,481,521
106000105,545,593,-48
106000106,562,430,132
106000107,138,239,-101
106000108,261,227,34
106000109,161,225,-64
106000110,228,247,-19
106000111,167,317,-150
106000112,192,466,-274
106000113,581,565,16
106000114,431,555,-124
106000115,228,354,-126
106000116,269,197,72
106000117,1143,689,454
106000118,1182,1342,-160
106000119,1448,904,544
106000120,914,1144,-230
106000121,198,142,56
106000122,115,159,-44
106000123,483,128,355
106000124,53,210,-157
106000125,30,242,-212
106000126,283,79,204
106000127,847,663,184
106000128,659,164,495
106000129,493,500,-7
106000130,782,266,516
106000131,134,659,-525
106000132,496,167,329
106000133,1707,1114,593
106000134,532,2396,-1864
106000135,220,525,-305
106000136,601,977,-376
106000137,83,662,-579
106000138,1094,93,1001
106000139,55,133,-78
106000140,37,37,0
106000141,100,52,48
106000142,110,73,37
106000143,38,48,-10
106000144,40,67,-27
106000145,235,246,-11
106000146,399,141,258
106000147,477,424,53
106000148,509,765,-256
106000149,537,344,193
106000150,482,1695,-1213
106000151,3472,765,2707
106000152,1298,1881,-583
106000153,117,1737,-1620
106000154,1310,201,1109
106000155,139,232,-93
106000156,942,305,637
106000157,704,1594,-890
106000158,2291,881,1410
106000159,2877,1815,1062
106000160,489,2777,-2288
106000161,1601,356,1245
106000162,283,833,-550
106000163,428,308,120
106000164,412,340,72
106000165,248,404,-156
106000166,638,317,321
106000167,392,862,-470
106000168,524,243,281
106000169,283,577,-294
106000170,815,240,575
106000171,333,1204,-871
106000172,2963,1330,1633
106000173,1214,2569,-1355
106000174,1180,417,763
106000175,312,889,-577
106000176,1689,870,819
106000177,794,2350,-1556
106000178,3300,1531,1769
106000179,1038,2184,-1146
106000180,877,1128,-251
106000181,816,1777,-961
106000182,1343,705,638
106000183,1326,658,668
106000184,2098,721,1377
106000185,1232,1399,-167
106000186,963,158,805
106000187,234,1004,-770
106000188,1,1,0
106000189,20,48,-28
106000190,44,0,44
106000191,687,210,477
106000192,5,20,-15
106000193,431,190,241
106000194,184,456,-272
106000195,825,358,467
106000196,338,783,-445
106000197,743,385,358
106000198,186,245,-59
106000199,814,740,74
106000200,280,233,47
106000201,453,2557,-2104
106000202,3675,612,3063
106000203,65,150,-85
106000204,66,9,57
106000205,20,128,-108
106000206,77,17,60
106000207,41,898,-857
106000208,1396,157,1239
106000209,1768,358,1410
106000210,775,959,-184
106000211,347,1027,-680
106000212,962,443,519
106000213,669,2202,-1533
106000214,2653,849,1804
106000215,221,478,-257
106000216,318,307,11
106000217,281,372,-91
106000218,426,399,27
106000219,139,209,-70
106000220,496,280,216
106000221,197,221,-24
106000222,62,101,-39
106000223,221,115,106
106000224,212,175,37
106000225,78,104,-26
106000226,118,242,-124
106000228,53,82,-29
106000229,60,668,-608
106000231,920,120,800
106000232,69,314,-245
106000233,746,90,656
106000234,277,202,75
106000235,507,104,403
106000236,209,92,117
106000237,1,12,-11
106000238,16,15,1
106000239,12,80,-68
106000240,60,0,60
106000241,19,539,-520
106000242,278,39,239
106000249,54,79,-25
106000250,82,614,-532
106000251,73,34,39
106000252,26,99,-73
106000253,56,80,-24
106000254,37,45,-8
106000255,20,147,-127
106000256,48,62,-14
106000257,122,239,-117
106000258,207,22,185
106000259,4,42,-38
106000260,23,6,17
106000261,3,56,-53
106000262,105,8,97
106000263,7,52,-45
106000264,264,13,251
106000265,9,125,-116
106000266,192,24,168
106000267,5,99,-94
106000268,547,37,510
106000269,58,56,2
106000270,103,408,-305
106000271,92,199,-107
106000272,235,71,164
106000273,14,277,-263
106000274,172,38,134
106000275,144,352,-208
106000276,199,47,152
106000277,104,290,-186
106000278,183,38,145
106000279,18,26,-8
106000280,59,55,4
106000281,79,49,30
106000282,52,80,-28
106000283,136,59,77
106000284,83,113,-30
106000285,124,81,43
106000286,108,156,-48
106000287,139,60,79
106000288,120,119,1
106000289,97,58,39
106000290,50,84,-34
106000291,132,82,50
106000292,91,75,16
106000293,115,86,29
106000294,140,79,61
106000295,64,47,17
106000296,58,96,-38
106000297,77,220,-143
106000298,102,73,29
106000299,74,162,-88
106000300,45,90,-45
106000301,66,99,-33
106000303,32,94,-62
106000304,46,24,22
106000305,45,57,-12
106000306,40,48,-8
106000307,81,21,60
106000308,27,93,-66
106000309,30,90,-60
106000310,287,448,-161
106000311,395,194,201
106000312,82,143,-61
106000313,163,181,-18
106000318,108,425,-317
106000319,970,232,738
106000320,1,81,-80
106000321,346,185,161
106000322,155,137,18
106000324,20,130,-110
106000325,1829,928,901
106000326,1004,1631,-627
106000327,153,115,38
106000328,90,96,-6
106000329,215,310,-95
106000330,101,89,12
106000428,116,158,-42
106000429,136,358,-222
106000430,393,1139,-746
106000431,2401,394,2007
106000432,1641,2775,-1134
106000433,2478,1410,1068
106000434,3168,1651,1517
106000435,1403,2524,-1121
106000436,11,236,-225
106000437,296,65,231
106000438,460,226,234
106000439,77,448,-371
106000440,291,428,-137
106000441,1,0,1
106000442,103,5,98
106000443,137,255,-118
106000450,1,135,-134
106000451,38,64,-26
106000454,2,125,-123
106000455,9,196,-187
106000456,95,38,57
106000457,15,828,-813
106000458,748,102,646
106000459,98,350,-252
106000460,1576,35,1541
106000461,104,951,-847
106000462,8,23,-15
106000463,1,20,-19
106000464,5,418,-413
106000465,687,2,685
106000466,3,428,-425
106000467,245,436,-191
106000468,96,149,-53
106000469,157,9,148
106000470,285,1611,-1326
106000471,25,579,-554
106000472,181,13,168
106000473,42,17,25
106000474,296,407,-111
106000475,224,185,39
106000476,116,183,-67
106000477,19,34,-15
106900001,0,16,-16
106900002,1,349,-348
106900003,215,1129,-914
106900004,0,24,-24
106900006,0,15,-15
106900007,0,12,-12
106900008,308,159,149
106900009,324,242,82
106900010,238,228,10
106900012,1445,2891,-1446
106900013,964,166,798
106900014,25,4,21
106900015,19,4,15
106900016,254,14,240
106900017,12,1,11
106900018,9,0,9
106900019,62,2,60
106900020,2289,1533,756
106900021,89,73,16
106900022,868,7,861
106900023,63,279,-216
106900024,1245,52,1193
106900025,62,605,-543
106900026,2,431,-429
106900027,746,8,738
107000001,4721,4915,-194
107000002,3583,5195,-1612
107000003,6759,7408,-649
107000004,4963,5201,-238
107000005,4845,5737,-892
107000006,4561,4307,254
107000007,7053,11516,-4463
107000008,12311,8859,3452
107000009,8524,8933,-409
107000010,10175,10023,152
107000011,1138,1383,-245
107000012,4194,3063,1131
107000013,86,95,-9
107000014,55,228,-173
107000015,493,730,-237
107000016,877,889,-12
107000017,7836,3638,4198
107000018,98,3017,-2919
107000020,5884,4032,1852
107000021,2086,609,1477
107000022,1578,2642,-1064
107000023,2433,299,2134
107000024,958,1586,-628
107000025,209,418,-209
107000026,371,470,-99
107000027,1566,1401,165
107000028,1749,1319,430
107000029,3850,3220,630
107000030,3607,3029,578
107000031,4367,3327,1040
107000032,581,1048,-467
107000033,2899,6196,-3297
107000034,5184,1806,3378
107000035,397,277,120
107000036,845,1354,-509
107000037,91,958,-867
107000038,211,323,-112
107000039,912,931,-19
107000040,168,424,-256
107000041,2152,1065,1087
107000042,986,2270,-1284
107000043,3169,1287,1882
107000044,616,502,114
107000045,113,369,-256
107000046,926,547,379
107000047,482,935,-453
107000048,730,312,418
107000049,674,794,-120
107000050,1305,566,739
107000051,334,385,-51
107000052,1402,884,518
107000053,420,189,231
107000054,103,268,-165
107000055,160,76,84
107000056,476,773,-297
107000057,1301,242,1059
107000058,2459,2885,-426
107000059,2186,3511,-1325
107000060,4967,5853,-886
107000061,5360,3809,1551
107000062,5178,3176,2002
107000063,4467,4896,-429
107000064,4825,2655,2170
107000065,4234,4541,-307
107000066,2455,3232,-777
107000067,1467,1438,29
107000068,1774,878,896
107000069,953,548,405
107000070,1591,40,1551
107000071,3602,44,3558
107000072,79,2594,-2515
107000073,889,358,531
107000074,166,854,-688
107000075,1832,575,1257
107000076,612,1401,-789
107000077,4306,1556,2750
107000078,2524,3157,-633
107000079,3105,1170,1935
107000080,1165,3269,-2104
107000081,2060,610,1450
107000082,657,1850,-1193
107000083,1591,507,1084
107000084,363,1835,-1472
107000085,3362,3457,-95
107000086,3907,3692,215
107000087,3447,2137,1310
107000088,3958,4003,-45
107000089,1721,1845,-124
107000090,1346,1168,178
107000091,1663,909,754
107000092,987,942,45
107000093,1368,903,465
107000094,1161,1175,-14
107000095,886,654,232
107000096,625,833,-208
107000097,525,274,251
107000098,452,382,70
107000099,547,384,163
107000100,380,304,76
107000101,104,192,-88
107000102,249,388,-139
107000103,265,186,79
107000104,207,309,-102
107000105,429,172,257
107000106,194,273,-79
107000107,549,154,395
107000108,185,536,-351
107000109,644,155,489
107000110,112,464,-352
107000111,326,68,258
107000112,85,250,-165
107000113,683,148,535
107000114,153,412,-259
107000115,682,140,542
107000116,159,698,-539
107000117,165,538,-373
107000118,177,166,11
107000119,1555,1526,29
107000120,1016,538,478
107000121,1151,687,464
107000122,1236,912,324
107000123,562,590,-28
107000124,485,850,-365
107000125,965,553,412
107000126,689,596,93
107000127,70,377,-307
107000129,187,140,47
107000130,329,300,29
107000131,508,340,168
107000132,749,435,314
107000133,715,137,578
107000134,366,3,363
107000135,11,345,-334
107000136,982,7,975
107000137,19,498,-479
107000138,445,33,412
107000139,37,472,-435
107000140,1625,121,1504
107000141,149,738,-589
107000142,465,145,320
107000143,103,735,-632
107000144,570,537,33
107000145,183,553,-370
107000146,259,348,-89
107000147,3126,884,2242
107000150,826,4593,-3767
107000151,68,189,-121
107000152,446,1495,-1049
107000153,162,474,-312
107000154,257,312,-55
107000155,1052,45,1007
107000156,1467,40,1427
107000157,151,1380,-1229
107000158,495,43,452
107000159,43,701,-658
107000160,1134,270,864
107000161,96,1305,-1209
107000162,413,750,-337
107000163,271,1,270
107000164,897,3,894
107000165,1031,45,986
107000166,45,1046,-1001
107000167,648,258,390
107000168,1050,519,531
107000169,706,952,-246
107000170,2355,943,1412
107000171,745,2045,-1300
107000172,1271,1565,-294
107000173,807,1042,-235
107000174,1205,6305,-5100
107000175,7242,1934,5308
107000176,1,3,-2
107000177,14,7,7
107000178,16,37,-21
107000179,308,1931,-1623
107000180,1579,331,1248
107000181,427,989,-562
107000182,1984,1070,914
107000183,169,774,-605
107000184,1063,702,361
107000185,608,1621,-1013
107000186,1575,566,1009
107000187,1412,1367,45
107000188,657,664,-7
107000189,594,1113,-519
107000190,753,775,-22
107000191,850,915,-65
107000192,1901,759,1142
107000193,497,548,-51
107000194,960,662,298
107000197,1193,391,802
107000198,360,676,-316
107000199,942,691,251
107000200,752,813,-61
107000201,470,391,79
107000202,388,543,-155
107000203,1096,1168,-72
107000204,1411,1530,-119
107000205,2500,1205,1295
107000206,1268,1783,-515
107000207,845,1109,-264
107000208,1294,661,633
107000209,2302,1517,785
107000210,861,349,512
107000211,6,59,-53
107000212,17,303,-286
107000213,6,24,-18
107000214,19,167,-148
107000215,552,379,173
107000216,468,649,-181
107000217,132,143,-11
107000219,122,220,-98
107000220,199,189,10
107000222,269,701,-432
107000224,862,119,743
107000225,487,516,-29
107000226,667,116,551
107000227,132,296,-164
107000228,184,278,-94
107000229,134,149,-15
107000230,1185,501,684
107000231,1722,2073,-351
107000232,128,46,82
107000233,1570,1160,410
107000234,3,55,-52
107000235,140,6,134
107000236,7,675,-668
107000237,28,0,28
107000238,33,1,32
107000239,4297,630,3667
107000240,67,892,-825
107000241,114,14,100
107000242,415,47,368
107000243,0,41,-41
107000244,12,54,-42
107000246,1,973,-972
107000249,5,1068,-1063
107000251,1,323,-322
107000252,3,1006,-1003
107000255,407,92,315
107000257,2,358,-356
107000258,0,117,-117
107000259,6,163,-157
107000260,621,3,618
107000262,3,447,-444
107000263,291,5,286
107000266,7,12,-5
107000267,144,136,8
107000268,140,145,-5
107000269,784,113,671
107000270,1,39,-38
107000271,31,541,-510
107000272,20,130,-110
107000273,5,352,-347
107000274,6351,1099,5252
107000275,152,3702,-3550
107000280,849,41,808
107000281,55,675,-620
107000282,120,828,-708
107000290,10,42,-32
107000291,12,10,2
107000292,3,184,-181
107000293,125,4,121
107000294,1,51,-50
107000295,47,3,44
107000296,1,37,-36
107000444,379,9,370
107000496,4,23,-19
107000497,1526,2065,-539
107000500,383,412,-29
107000501,263,180,83
107000502,161,401,-240
107000505,317,778,-461
107000506,6,111,-105
107000508,10,542,-532
107000509,279,808,-529
107000510,46,38,8
107000514,50,395,-345
107000515,10,158,-148
107000516,332,289,43
107000518,1049,1447,-398
107000519,1705,941,764
107000520,133,51,82
107900001,78,135,-57
107900002,87,15,72
107900003,416,25,391
107900004,147,1,146
107900005,1445,5,1440
107900006,191,2,189
107900007,222,55,167
107900008,228,31,197
107900009,213,12,201
107900010,51,4,47
107900012,347,47,300
107900013,239,34,205
107900014,32,5,27
107900015,974,11,963
107900016,580,101,479
107900017,41,4,37
107900018,51,134,-83
107900019,33,48,-15
107900020,121,27,94
107900021,68,115,-47
107900023,7,1,6
107900024,0,19,-19
107900025,220,263,-43
107900026,70,71,-1
107900027,50,55,-5
107900028,113,55,58
107900030,215,35,180
107900031,59,87,-28
107900032,29,6,23
107900033,21,15,6
107900034,399,20,379
107900035,815,51,764
107900036,69,12,57
107900037,0,33,-33
107900038,126,266,-140
107900039,29,44,-15
107900040,39,283,-244
107900041,1,4,-3
107900043,20,117,-97
107900044,18,13,5
107900045,106,54,52
107900046,127,192,-65
107900047,44,41,3
107900048,241,30,211
107900049,396,2484,-2088
107900050,199,375,-176
107900051,96,92,4
107900052,11,48,-37
107900053,42,103,-61
107900055,1064,408,656
107900056,185,66,119
107900057,0,2,-2
107900058,62,516,-454
107900060,57,77,-20
107900061,8,6,2
107900063,113,118,-5
107900064,385,196,189
107900065,193,15,178
107900066,46,7,39
107900067,0,0,0
107900068,159,678,-519
107900069,37,1935,-1898
107900070,116,44,72
107900071,23,613,-590
107900072,116,182,-66
107900073,325,123,202
107900074,712,342,370
107900076,138,67,71
107900077,102,6,96
107900078,232,75,157
107900079,11,23,-12
107900080,261,735,-474
107900081,50,134,-84
107900082,29,18,11
107900083,329,196,133
107900084,107,140,-33
107900086,41,187,-146
107900087,641,211,430
107900088,43,6,37
107900089,245,976,-731
107900090,1325,2511,-1186
107900091,221,426,-205
107900092,2133,521,1612
107900093,89,84,5
107900095,3039,2020,1019
107900097,40,76,-36
107900098,69,241,-172
107900100,1045,1200,-155
107900101,937,213,724
107900102,45,8,37
107900103,49,173,-124
107900104,241,10,231
107900105,10,285,-275
107900106,3,931,-928
107900107,2817,562,2255
107900108,223,143,80
107900109,1324,19,1305
107900110,71,94,-23
107900111,5,720,-715
107900112,79,327,-248
107900113,280,110,170
107900114,193,150,43
107900115,1,34,-33
107900116,187,184,3
107900117,376,336,40
107900118,93,144,-51
107900119,85,319,-234
107900120,49,36,13
107900121,1,128,-127
107900122,3,110,-107
107900123,8,46,-38
107900124,14,33,-19
107900125,27,184,-157
107900126,12,71,-59
107900127,732,361,371
107900128,92,87,5
107900129,69,42,27
107900130,123,24,99
107900131,888,318,570
107900132,125,366,-241
107900133,3,103,-100
107900134,58,95,-37
107900135,24,178,-154
107900136,53,58,-5
107900137,140,102,38
107900138,83,37,46
107900139,21,76,-55
107900140,105,52,53
107900141,56,37,19
107900142,92,796,-704
107900143,146,32,114
107900144,2,136,-134
107900145,21,97,-76
107900146,90,117,-27
107900147,61,53,8
107900148,250,155,95
107900149,1025,296,729
107900150,64,590,-526
107900151,63,100,-37
107900152,19,208,-189
107900153,145,286,-141
107900154,66,18,48
107900155,67,67,0
107900156,17,263,-246
107900157,72,49,23
107900158,937,25,912
107900159,35,870,-835
107900160,138,201,-63
107900161,34,161,-127
107900162,1,158,-157
107900163,55,134,-79
107900164,8,38,-30
107900165,26,94,-68
107900166,27,170,-143
107900167,17,56,-39
107900168,33,44,-11
107900169,2,147,-145
107900171,9,1137,-1128
107900172,6,293,-287
107900173,30,121,-91
107900174,116,4,112
107900175,22,49,-27
107900176,39,58,-19
107900177,8,486,-478
107900178,0,135,-135
107900179,17,146,-129
107900180,651,585,66
107900181,522,271,251
107900182,3,944,-941
107900183,56,202,-146
107900184,100,282,-182
107900185,133,2,131
107900186,25,61,-36
107900187,2,205,-203
107900188,604,191,413
107900189,18,107,-89
107900190,66,142,-76
107900191,101,99,2
107900193,10,64,-54
107900194,242,6,236
107900195,2355,431,1924
107900196,70,102,-32
107900197,914,507,407
107900199,2,668,-666
107900201,97,87,10
107900203,48,82,-34
107900204,195,296,-101
107900205,204,357,-153
107900206,1064,379,685
107900207,3,487,-484
107900208,4,507,-503
107900209,308,116,192
107900210,56,127,-71
107900213,1070,826,244
107900214,55,111,-56
107900215,153,355,-202
107900216,174,63,111
107900217,63,95,-32
107900218,18,2467,-2449
107900219,24,106,-82
107900220,256,268,-12
107900221,187,195,-8
107900223,101,584,-483
107900224,111,427,-316
107900225,9,715,-706
107900226,93,122,-29
107900227,144,380,-236
107900228,19,112,-93
107900229,2,262,-260
107900230,22,100,-78
107900231,13,215,-202
107900232,55,105,-50
107900233,3,143,-140
107900234,92,94,-2
107900235,37,115,-78
107900236,105,59,46
107900237,48,521,-473
107900238,18,108,-90
107900239,634,554,80
107900240,93,100,-7
107900241,14,81,-67
107900242,43,171,-128
107900243,4,91,-87
107900244,343,6,337
107900245,599,48,551
107900246,298,11,287
107900248,438,343,95
107900249,656,19,637
107900250,1,500,-499
107900251,80,1447,-1367
107900252,1128,28,1100
107900253,209,3,206
107900254,68,443,-375
107900255,321,115,206
107900256,3140,3250,-110
107900257,255,173,82
107900258,155,225,-70
107900259,92,1997,-1905
107900261,3,390,-387
107900262,202,104,98
107900264,237,5,232
107900265,116,227,-111
107900267,230,17,213
107900268,29,4,25
107900269,0,10,-10
107900270,0,0,0
107900271,3,22,-19
107900272,75,22,53
107900273,43,94,-51
107900274,68,1,67
107900275,35,0,35
107900276,0,63,-63
107900277,1,172,-171
107900278,330,440,-110
107900279,82,212,-130
107900280,2102,2171,-69
107900281,1333,2651,-1318
107900282,37,515,-478
107900283,1102,742,360
107900284,658,550,108
107900285,83,88,-5
107900286,172,127,45
107900287,229,188,41
107900290,0,150,-150
107900291,440,25,415
107900292,155,181,-26
107900293,63,441,-378
107900295,61,55,6
107900297,2,334,-332
107900298,722,826,-104
107900299,2856,2513,343
107900300,89,331,-242
107900301,610,829,-219
107900302,120,48,72
107900303,297,320,-23
107900304,351,495,-144
107900305,396,6,390
107900306,13,39,-26
107900307,68,251,-183
107900308,159,156,3
107900309,80,0,80
107900310,550,4,546
107900311,8,581,-573
107900312,94,1,93
107900313,1,146,-145
107900314,0,65,-65
107900315,0,51,-51
107900316,49,10,39
107900317,96,13,83
107900318,18,169,-151
107900319,5,170,-165
107900320,4,140,-136
107900321,139,2,137
107900322,9,112,-103
107900323,19,185,-166
107900324,157,3,154
107900325,145,1,144
107900326,311,183,128
107900327,0,58,-58
107900328,80,2,78
107900329,95,96,-1
107900330,17,312,-295
107900331,260,32,228
107900332,266,24,242
107900333,57,21,36
107900334,16,162,-146
107900335,157,47,110
107900336,45,63,-18
107900337,967,1010,-43
107900338,4,174,-170
107900339,3,24,-21
107900340,0,81,-81
107900341,55,1,54
107900342,94,72,22
107900343,59,5,54
107900344,9,77,-68
107900345,126,38,88
107900346,47,3,44
107900347,42,2,40
107900348,18,5,13
107900349,23,11,12
107900350,31,231,-200
108000001,3111,4056,-945
108000002,1997,2428,-431
108000003,4114,3816,298
108000004,12380,14919,-2539
108000005,9881,7154,2727
108000006,8486,8024,462
108000007,5763,4443,1320
108000008,4407,6110,-1703
108000009,4085,4976,-891
108000010,2843,4328,-1485
108000011,13729,13469,260
108000012,16496,15784,712
108000014,1138,780,358
108000015,751,345,406
108000016,312,600,-288
108000017,1131,431,700
108000018,2128,787,1341
108000019,3247,1217,2030
108000020,1429,613,816
108000021,395,1855,-1460
108000022,475,1308,-833
108000023,1490,284,1206
108000024,365,588,-223
108000025,347,268,79
108000026,666,442,224
108000027,701,414,287
108000028,656,231,425
108000029,542,493,49
108000030,687,265,422
108000031,286,697,-411
108000032,1657,756,901
108000033,821,996,-175
108000034,1746,589,1157
108000035,738,2128,-1390
108000036,383,931,-548
108000037,1878,576,1302
108000038,2934,813,2121
108000039,553,1673,-1120
108000040,1964,1114,850
108000041,687,2268,-1581
108000042,295,273,22
108000043,269,278,-9
108000044,604,196,408
108000045,281,407,-126
108000046,1719,347,1372
108000047,570,970,-400
108000048,219,319,-100
108000049,985,311,674
108000050,112,389,-277
108000051,325,152,173
108000052,227,639,-412
108000053,495,242,253
108000054,519,989,-470
108000055,1170,632,538
108000056,878,1290,-412
108000057,734,1304,-570
108000058,2039,4022,-1983
108000059,3051,1922,1129
108000060,228,415,-187
108000061,138,243,-105
108000062,847,584,263
108000063,590,514,76
108000064,281,260,21
108000065,550,598,-48
108000066,1510,788,722
108000067,1945,697,1248
108000068,820,448,372
108000069,209,874,-665
108000070,2081,851,1230
108000071,716,1275,-559
108000072,1786,1393,393
108000073,1484,1709,-225
108000074,811,459,352
108000075,423,783,-360
108000076,939,603,336
108000077,646,718,-72
108000078,2456,1360,1096
108000079,784,1509,-725
108000080,1308,559,749
108000081,472,1637,-1165
108000082,1006,1915,-909
108000083,2074,1078,996
108000084,373,1148,-775
108000085,841,471,370
108000086,826,680,146
108000087,210,2194,-1984
108000088,194,10,184
108000089,351,374,-23
108000090,561,237,324
108000091,357,417,-60
108000092,139,59,80
108000093,204,470,-266
108000094,562,85,477
108000095,163,280,-117
108000096,264,148,116
108000097,181,359,-178
108000098,1922,1421,501
108000099,244,79,165
108000100,83,215,-132
108000101,1458,1419,39
108000102,1727,3327,-1600
108000106,1020,1,1019
108000107,1,816,-815
108000108,913,58,855
108000109,7,675,-668
108000110,223,290,-67
108000111,199,590,-391
108000112,51,162,-111
108000113,410,258,152
108000115,400,285,115
108000117,777,420,357
108000118,75,227,-152
108000119,586,344,242
108000120,181,832,-651
108000121,189,389,-200
108000122,630,359,271
108000123,1032,243,789
108000124,422,506,-84
108000125,499,274,225
108000126,171,387,-216
108000127,649,367,282
108000128,628,416,212
108000129,423,906,-483
108000130,441,242,199
108000131,931,532,399
108000132,1915,1407,508
108000133,985,510,475
108000134,512,510,2
108000135,1053,525,528
108000136,373,822,-449
108000137,447,331,116
108000138,438,764,-326
108000139,617,348,269
108000140,97,26,71
108000141,42,89,-47
108000142,61,67,-6
108000143,32,24,8
108000144,53,16,37
108000145,62,10,52
108000146,92,19,73
108000147,61,25,36
108000148,82,39,43
108000149,20,20,0
108000150,46,24,22
108000151,17,39,-22
108000152,98,492,-394
108000153,492,113,379
108000154,38,10,28
108000155,19,21,-2
108000156,383,140,243
108000157,709,1111,-402
108000158,128,876,-748
108000159,492,224,268
108000160,2811,1128,1683
108000161,2509,3005,-496
108000165,8,267,-259
108000172,4,279,-275
108000173,1808,2065,-257
108000175,287,110,177
108000178,440,345,95
108000179,187,934,-747
108000181,60,38,22
108000182,108,10,98
108000183,38,22,16
108000184,1009,2219,-1210
108000185,357,471,-114
108000186,159,63,96
108000187,76,465,-389
108000188,600,232,368
108000189,672,1523,-851
108000190,22,127,-105
108000192,226,540,-314
108000193,1047,37,1010
108000194,57,8,49
108000195,2,982,-980
108000196,440,193,247
108000198,460,250,210
108000199,0,185,-185
108000200,489,505,-16
108000202,0,215,-215
108000203,95,608,-513
108000204,121,52,69
108000205,262,362,-100
108000339,1375,424,951
108000364,141,282,-141
108000365,96,302,-206
108000367,175,405,-230
108000368,16,38,-22
108000369,680,178,502
108000371,2,574,-572
108000372,792,10,782
108000373,245,124,121
108000376,105,31,74
108000377,488,262,226
108000378,10229,11395,-1166
108000379,50,202,-152
108000381,47,16,31
108000382,74,1,73
108000383,0,86,-86
108900001,118,961,-843
108900002,208,53,155
108900003,287,549,-262
108900004,525,474,51
108900005,86,476,-390
108900006,767,245,522
108900007,321,240,81
108900008,156,182,-26
108900009,93,84,9
108900010,265,181,84
108900011,625,391,234
108900012,347,464,-117
108900013,196,307,-111
108900014,13,130,-117
108900015,1,72,-71
108900016,1,243,-242
108900017,270,456,-186
108900018,185,462,-277
108900019,66,847,-781
108900020,45,202,-157
108900021,145,229,-84
108900022,177,10,167
108900023,1,40,-39
108900024,34,82,-48
108900025,108,123,-15
108900026,29,111,-82
108900027,0,91,-91
108900028,101,292,-191
108900029,59,176,-117
108900030,0,68,-68
108900031,104,299,-195
108900032,24,221,-197
108900033,0,107,-107
108900034,0,184,-184
108900035,355,1193,-838
108900036,202,268,-66
108900037,58,316,-258
108900038,0,295,-295
108900039,1,459,-458
108900040,5,116,-111
108900041,5294,3552,1742
108900042,9,372,-363
108900043,103,519,-416
108900044,3,382,-379
108900045,69,452,-383
108900046,59,636,-577
108900047,0,47,-47
108900048,150,780,-630
108900049,2842,1233,1609
108900050,2,215,-213
108900051,2,153,-151
108900052,31,194,-163
108900053,87,168,-81
108900054,80,177,-97
108900055,56,317,-261
108900056,0,123,-123
108900057,2,145,-143
108900058,46,319,-273
108900059,445,54,391
108900060,120,141,-21
108900061,95,34,61
108900062,7,264,-257
108900063,20,265,-245
108900064,216,95,121
108900065,11,161,-150
108900066,409,137,272
108900067,32,138,-106
108900068,0,76,-76
108900069,105,112,-7
108900070,53,82,-29
108900071,99,61,38
108900072,2105,836,1269
108900073,22,69,-47
108900074,191,386,-195
108900075,56,68,-12
108900076,448,117,331
108900077,79,125,-46
108900078,36,130,-94
108900079,827,217,610
108900080,68,961,-893
108900081,72,225,-153
108900082,110,71,39
108900083,45,324,-279
108900084,383,131,252
108900085,1968,194,1774
108900086,125,234,-109
108900087,108,164,-56
108900088,1099,464,635
108900089,30,160,-130
108900090,33,306,-273
108900091,140,83,57
108900092,451,386,65
108900093,98,103,-5
108900094,237,88,149
108900095,59,334,-275
108900096,365,20,345
108900097,331,209,122
108900098,1949,899,1050
108900099,436,248,188
108900100,94,112,-18
108900101,177,231,-54
108900102,101,997,-896
108900103,76,133,-57
108900104,138,445,-307
108900105,6,1087,-1081
108900106,497,316,181
108900108,491,78,413
108900109,39,32,7
108900110,246,430,-184
108900111,474,436,38
108900112,273,39,234
108900113,44,58,-14
108900114,1,2,-1
108900115,134,77,57
108900116,123,19,104
108900117,196,23,173
108900118,655,22,633
108900119,357,27,330
108900120,180,200,-20
108900121,384,143,241
108900122,173,23,150
108900123,132,147,-15
108900124,410,213,197
108900125,436,8,428
108900126,117,43,74
108900127,169,34,135
108900128,128,45,83
108900129,714,153,561
108900130,382,0,382
108900131,390,4,386
108900132,505,70,435
108900133,215,115,100
108900134,395,244,151
108900135,152,9,143
108900136,75,1,74
108900137,181,1,180
108900138,707,61,646
108900139,628,197,431
108900140,310,284,26
108900141,355,18,337
108900142,163,4,159
108900143,65,1,64
108900144,92,0,92
108900145,193,14,179
108900146,102,1,101
108900147,190,0,190
108900148,73,36,37
108900149,802,319,483
108900150,283,12,271
108900151,216,16,200
108900152,225,60,165
108900153,175,329,-154
108900154,5327,500,4827
108900155,231,78,153
108900156,89,9,80
108900157,33,379,-346
108900158,375,35,340
108900159,2,220,-218
108900160,11,256,-245
108900161,7,397,-390
108900162,100,1,99
108900163,3,275,-272
108900164,53,77,-24
108900165,154,112,42
108900167,1564,6844,-5280
108900168,6561,2853,3708
108900169,63,147,-84
108900171,6850,2973,3877
108900172,217,31,186
108900173,199,370,-171
108900174,928,615,313
108900176,151,455,-304
108900177,5450,6390,-940
108900178,3625,3464,161
108900179,646,1948,-1302
108900180,132,305,-173
108900182,63,343,-280
108900183,288,267,21
108900184,455,231,224
108900185,154,432,-278
108900186,91,392,-301
108900187,463,54,409
108900188,594,99,495
108900189,539,199,340
108900190,51,2470,-2419
108900191,208,31,177
108900192,124,235,-111
108900193,232,73,159
108900194,37,363,-326
108900195,201,271,-70
108900196,41,416,-375
108900198,12,356,-344
108900199,302,379,-77
108900200,674,393,281
108900201,505,1516,-1011
108900203,608,86,522
108900204,374,14,360
108900205,164,26,138
108900206,470,80,390
108900207,213,85,128
108900208,23,388,-365
108900209,220,562,-342
108900210,245,215,30
108900211,189,664,-475
108900212,556,1497,-941
108900215,99,363,-264
108900216,732,206,526
108900217,157,1,156
108900218,170,7,163
108900219,128,5,123
108900220,79,34,45
108900221,56,171,-115
108900222,347,23,324
108900223,9,122,-113
108900224,30,206,-176
108900225,0,182,-182
108900226,261,27,234
108900227,108,350,-242
108900230,210,281,-71
108900231,29,219,-190
108900232,2,217,-215
108900233,545,112,433
108900234,405,191,214
108900235,195,653,-458
108900236,61,385,-324
108900237,81,265,-184
108900240,190,147,43
108900241,70,68,2
108900245,9,1701,-1692
108900249,166,56,110
108900250,274,132,142
108900257,347,491,-144
108900258,14,205,-191
108900259,269,80,189
108900260,14,59,-45
108900261,77,162,-85
108900262,151,141,10
108900263,20,139,-119
108900264,541,272,269
108900265,1502,545,957
108900266,690,593,97
108900267,2,128,-126
108900268,33,16,17
108900269,98,19,79
108900270,77,9,68
108900271,60,14,46
108900272,256,13,243
108900273,765,1173,-408
108900274,68,34,34
109000001,3052,1414,1638
109000002,1378,1451,-73
109000003,2663,459,2204
109000004,438,1983,-1545
109000005,2617,680,1937
109000006,588,1940,-1352
109000007,1752,643,1109
109000008,469,1680,-1211
109000009,3913,1358,2555
109000010,1357,3430,-2073
109000011,3504,2371,1133
109000012,2000,3061,-1061
109000013,4036,3064,972
109000014,1902,3033,-1131
109000015,4216,7531,-3315
109000016,5781,3599,2182
109000017,2749,1220,1529
109000018,921,2834,-1913
109000019,2655,1196,1459
109000020,853,1798,-945
109000023,271,41,230
109000024,10,179,-169
109000025,332,459,-127
109000026,709,331,378
109000027,115,277,-162
109000028,101,88,13
109000029,170,205,-35
109000030,87,538,-451
109000031,232,176,56
109000032,132,495,-363
109000033,321,201,120
109000034,80,53,27
109000035,13,77,-64
109000036,111,389,-278
109000037,248,1388,-1140
109000038,591,373,218
109000039,1038,787,251
109000040,4521,8822,-4301
109000041,3158,1944,1214
109000042,585,1364,-779
109000044,424,65,359
109000045,134,314,-180
109000046,443,95,348
109000047,43,444,-401
109000048,925,324,601
109000049,317,697,-380
109000050,429,308,121
109000051,345,291,54
109000052,498,994,-496
109000053,219,62,157
109000054,404,484,-80
109000055,269,363,-94
109000056,409,596,-187
109000057,770,567,203
109000058,1181,483,698
109000059,929,1672,-743
109000060,394,345,49
109000061,820,1335,-515
109000062,193,395,-202
109000063,220,203,17
109000064,452,229,223
109000065,175,223,-48
109000066,468,121,347
109000067,95,312,-217
109000068,2941,20,2921
109000069,969,37,932
109000070,11,1272,-1261
109000071,431,79,352
109000072,127,256,-129
109000073,43,85,-42
109000074,23,163,-140
109000075,73,336,-263
109000076,100,175,-75
109000077,356,261,95
109000078,52,161,-109
109000079,121,156,-35
109000080,158,81,77
109000081,118,404,-286
109000082,535,172,363
109000083,257,550,-293
109000088,124,458,-334
109000089,368,69,299
109000090,168,392,-224
109000091,344,255,89
109000092,314,455,-141
109000093,255,248,7
109000094,595,1,594
109000095,112,407,-295
109000096,776,314,462
109000097,92,122,-30
109000098,72,136,-64
109000099,1177,342,835
109000100,317,571,-254
109000101,1854,781,1073
109000102,432,828,-396
109000103,481,589,-108
109000104,1948,623,1325
109000105,478,1145,-667
109000106,2365,958,1407
109000107,637,1898,-1261
109000108,1847,708,1139
109000109,517,1647,-1130
109000110,1445,570,875
109000111,1017,1925,-908
109000112,454,123,331
109000113,345,217,128
109000114,244,298,-54
109000115,1389,45,1344
109000116,4,286,-282
109000117,258,106,152
109000118,18,343,-325
109000119,1720,259,1461
109000120,279,845,-566
109000121,459,57,402
109000122,135,728,-593
109000123,24,52,-28
109000124,661,426,235
109000125,810,492,318
109000126,428,673,-245
109000127,983,223,760
109000128,470,1373,-903
109000129,2591,957,1634
109000130,565,1650,-1085
109000131,1030,658,372
109000132,862,1740,-878
109000133,347,956,-609
109000134,762,1307,-545
109000135,1627,2023,-396
109000136,270,345,-75
109000137,309,365,-56
109000138,546,329,217
109000139,535,513,22
109000140,194,364,-170
109000141,633,505,128
109000142,135,560,-425
109000143,137,73,64
109000145,123,192,-69
109000146,57,128,-71
109000148,3340,1696,1644
109000149,16,42,-26
109000150,95,357,-262
109000155,848,659,189
109000156,1092,603,489
109000158,204,347,-143
109000159,221,633,-412
109000160,995,228,767
109000161,348,1029,-681
109000162,2062,720,1342
109000163,1131,1870,-739
109000164,1330,2387,-1057
109000165,1325,526,799
109000166,759,107,652
109000167,127,512,-385
109000170,45,61,-16
109000171,67,33,34
109000172,52,71,-19
109000173,37,95,-58
109000174,118,68,50
109000175,67,107,-40
109000176,322,260,62
109000177,41,122,-81
109000178,478,99,379
109000179,4321,5191,-870
109000180,5298,3991,1307
109000181,24,20,4
109000182,38,34,4
109000183,49,34,15
109000184,39,19,20
109000185,38,51,-13
109000188,444,1832,-1388
109000189,2185,856,1329
109000190,612,450,162
109000191,340,450,-110
109000192,456,289,167
109000193,213,236,-23
109000194,266,148,118
109000195,193,292,-99
109000196,424,131,293
109000197,258,398,-140
109000198,358,65,293
109000199,165,489,-324
109000206,214,20,194
109000207,131,43,88
109000208,138,85,53
109000209,218,133,85
109000210,149,472,-323
109000211,225,165,60
109000214,470,323,147
109000215,172,81,91
109000216,305,330,-25
109000217,232,138,94
109000218,396,248,148
109000221,436,992,-556
109000222,917,288,629
109000223,340,312,28
109000224,55,112,-57
109000225,99,35,64
109000226,64,223,-159
109000227,1207,922,285
109000228,1,1235,-1234
109000231,2,236,-234
109000232,368,307,61
109000236,367,612,-245
109000241,2157,1911,246
109000242,1917,1481,436
109000293,21,83,-62
109000361,139,488,-349
109000364,658,515,143
109000396,4,517,-513
109000397,609,15,594
109000399,110,413,-303
109000400,73,168,-95
109000403,179,994,-815
109000406,432,57,375
109000407,250,185,65
109000408,0,211,-211
109000410,1084,280,804
109000411,132,19,113
109900001,110,2,108
109900002,871,25,846
109900003,252,2,250
109900004,1031,139,892
109900005,52,5,47
109900006,491,216,275
109900007,926,446,480
109900008,1,38,-37
109900009,125,592,-467
109900010,622,34,588
109900011,101,59,42
109900012,364,265,99
109900013,380,204,176
109900014,445,109,336
109900015,541,216,325
109900016,190,30,160
109900017,157,268,-111
109900018,311,62,249
109900019,486,44,442
109900020,38,34,4
109900021,33,11,22
109900022,83,209,-126
109900023,20,14,6
109900024,28,21,7
109900025,23,74,-51
109900026,1,190,-189
109900027,25,75,-50
109900028,1324,838,486
109900029,4,253,-249
109900030,70,19,51
109900031,0,234,-234
109900032,6,328,-322
109900033,5,459,-454
109900034,35,1,34
109900035,18,28,-10
109900036,27,60,-33
109900037,23,413,-390
109900038,142,226,-84
109900039,4,1,3
109900040,25,415,-390
109900041,74,333,-259
109900042,102,1474,-1372
109900044,273,241,32
109900045,197,75,122
109900046,20,98,-78
109900047,346,346,0
109900048,5,89,-84
109900049,9,46,-37
109900050,2,112,-110
109900051,0,44,-44
109900052,95,259,-164
109900053,3,222,-219
109900054,712,261,451
109900055,67,258,-191
109900056,23,250,-227
109900057,8,121,-113
109900058,0,82,-82
109900059,758,158,600
109900060,427,118,309
109900061,72,289,-217
109900062,1,164,-163
109900063,12,518,-506
109900064,590,230,360
109900065,78,165,-87
109900066,419,843,-424
109900067,0,185,-185
109900068,78,3,75
109900069,6,51,-45
109900070,34,387,-353
109900071,6,55,-49
109900072,28,188,-160
109900073,450,469,-19
109900074,15,41,-26
109900075,24,58,-34
109900076,14,154,-140
109900077,28,53,-25
109900078,141,220,-79
109900080,116,339,-223
109900081,42,305,-263
109900082,42,385,-343
109900083,18,75,-57
109900084,71,165,-94
109900085,195,672,-477
109900086,141,405,-264
109900087,376,653,-277
109900089,857,214,643
109900090,565,1098,-533
109900091,366,72,294
109900092,1867,58,1809
109900093,1144,148,996
109900094,70,104,-34
109900095,192,248,-56
109900096,26,7,19
109900097,86,4,82
109900098,420,44,376
109900099,190,4,186
109900100,51,0,51
109900101,478,22,456
109900102,416,27,389
109900103,30,55,-25
109900104,591,620,-29
109900105,523,23,500
109900106,730,81,649
109900107,995,119,876
109900108,135,406,-271
109900109,42,215,-173
109900110,75,362,-287
109900111,342,806,-464
109900112,330,539,-209
109900113,821,566,255
109900114,1370,1316,54
109900115,162,120,42
109900117,1067,204,863
109900118,392,437,-45
109900119,709,467,242
109900120,101,28,73
109900121,495,531,-36
109900122,433,12,421
109900123,12,155,-143
109900124,26,445,-419
109900125,3,197,-194
109900126,293,103,190
109900128,338,47,291
109900130,6634,2351,4283
109900131,38,136,-98
109900132,31,136,-105
109900133,54,324,-270
109900134,80,88,-8
109900135,287,54,233
109900136,126,179,-53
109900137,162,289,-127
109900138,369,287,82
109900140,220,150,70
109900141,487,255,232
109900142,1292,337,955
109900145,11,549,-538
109900146,526,54,472
109900148,46,93,-47
109900149,55,80,-25
109900150,12,98,-86
109900151,15,66,-51
109900152,0,43,-43
109900153,1,50,-49
109900154,205,3,202
109900155,75,27,48
109900157,57,301,-244
109900158,56,132,-76
109900159,177,55,122
109900160,185,85,100
109900161,243,124,119
109900162,266,148,118
109900163,697,309,388
109900164,102,197,-95
109900165,319,4,315
109900166,1,116,-115
109900167,186,500,-314
109900168,243,671,-428
109900169,241,137,104
109900170,234,943,-709
109900171,220,123,97
109900172,247,289,-42
109900173,2429,2301,128
109900174,85,126,-41
109900175,72,88,-16
109900176,210,200,10
109900177,70,166,-96
109900178,9,255,-246
109900179,70,27,43
109900180,14,26,-12
110000001,963,503,460
110000002,628,836,-208
110000003,945,768,177
110000004,564,832,-268
110000005,493,1978,-1485
110000006,326,367,-41
110000007,150,167,-17
110000008,22,56,-34
110000009,55,37,18
110000010,33,77,-44
110000011,50,79,-29
110000012,644,354,290
110000013,52,475,-423
110000014,590,486,104
110000015,311,624,-313
110000016,258,1670,-1412
110000017,3349,293,3056
110000018,2930,465,2465
110000019,12,100,-88
110000020,624,266,358
110000021,768,474,294
110000022,1189,231,958
110000023,14,157,-143
110000024,731,400,331
110000025,382,6,376
110000026,11,356,-345
110000027,1357,1240,117
110000028,812,733,79
110000029,518,657,-139
110000030,293,382,-89
110000031,265,501,-236
110000032,726,385,341
110000033,336,143,193
110000034,512,649,-137
110000035,1074,567,507
110000036,1005,814,191
110000037,251,618,-367
110000038,303,634,-331
110000039,741,3319,-2578
110000040,358,387,-29
110000041,268,1613,-1345
110000042,155,681,-526
110000043,890,292,598
110000044,405,1389,-984
110000045,2346,211,2135
110000046,4,43,-39
110000047,52,99,-47
110000048,7,31,-24
110000049,41,14,27
110000050,8,87,-79
110000051,25,19,6
110000052,26,26,0
110000053,153,24,129
110000054,276,415,-139
110000055,858,80,778
110000056,276,79,197
110000057,374,600,-226
110000058,1156,550,606
110000059,1099,581,518
110000060,929,1161,-232
110000061,1027,805,222
110000062,703,881,-178
110000063,47,118,-71
110000064,50,80,-30
110000065,113,74,39
110000066,94,35,59
110000067,98,215,-117
110000068,285,181,104
110000069,269,91,178
110000071,162,118,44
110000073,12,14,-2
110000075,11,71,-60
110000076,340,435,-95
110000077,451,1478,-1027
110000078,33,47,-14
110000080,256,776,-520
110000081,32,321,-289
110000082,18,430,-412
110000083,248,748,-500
110000084,1171,919,252
110000085,1711,1668,43
110000086,1476,2432,-956
110000087,17,64,-47
110000088,86,204,-118
110000089,284,101,183
110000090,340,272,68
110000091,1061,314,747
110000092,35,78,-43
110000093,79,15,64
110000094,547,227,320
110000095,211,612,-401
110000096,2090,2080,10
110000097,1224,1388,-164
110000098,2277,665,1612
110000099,820,1668,-848
110000100,934,425,509
110000101,16,315,-299
110000102,61,25,36
110000104,473,159,314
110000105,74,291,-217
110000106,624,418,206
110000107,292,440,-148
110000108,139,89,50
110000109,336,286,50
110000110,3038,5149,-2111
110000111,6095,3202,2893
110000112,1243,1327,-84
110000113,351,2140,-1789
110000114,141,584,-443
110000115,379,374,5
110000116,69,54,15
110000117,199,322,-123
110000118,521,155,366
110000119,265,292,-27
110000120,454,176,278
110000121,96,360,-264
110000122,408,665,-257
110000123,573,801,-228
110000124,5,782,-777
110000125,1177,10,1167
110000126,317,31,286
110000127,1239,44,1195
110000128,28,1250,-1222
110000129,1,437,-436
110000130,239,213,26
110000131,69,313,-244
110000132,4,532,-528
110000133,59,429,-370
110000134,25,391,-366
110000135,176,29,147
110000136,101,328,-227
110000137,514,644,-130
110000138,812,635,177
110000139,880,1082,-202
110000140,998,796,202
110000143,661,503,158
110000144,5922,2317,3605
110000145,2086,1445,641
110000146,2684,1050,1634
110000147,566,729,-163
110000148,710,354,356
110000151,1106,1266,-160
110000152,809,366,443
110000153,132,39,93
110000154,59,50,9
110000155,2112,4869,-2757
110000156,1217,2908,-1691
110000157,2479,2576,-97
110000160,526,268,258
110000161,186,249,-63
110000166,607,120,487
110000167,958,523,435
110000168,1243,510,733
110000169,930,372,558
110000170,179,85,94
110000171,646,148,498
110000172,168,721,-553
110000173,936,1202,-266
110000174,175,863,-688
110000175,824,74,750
110000176,408,306,102
110000177,183,947,-764
110000178,477,1586,-1109
110000179,1139,351,788
110000180,236,273,-37
110000181,433,438,-5
110000182,337,136,201
110000183,9006,7860,1146
110000184,325,2807,-2482
110000185,2035,997,1038
110000186,867,765,102
110000191,1055,257,798
110000192,724,19,705
110000193,1285,12,1273
110000194,20,887,-867
110000195,407,281,126
110000196,451,297,154
110000197,115,165,-50
110000198,202,99,103
110000199,169,165,4
110000200,1365,599,766
110000201,1084,1101,-17
110000202,1285,627,658
110000203,671,631,40
110000204,4,215,-211
110000205,138,61,77
110000206,586,1202,-616
110000207,1095,405,690
110000208,370,296,74
110000209,135,1170,-1035
110000210,1242,518,724
110000211,1105,816,289
110000212,409,1079,-670
110000213,221,125,96
110000214,307,134,173
110000215,207,329,-122
110000216,89,351,-262
110000217,328,170,158
110000218,183,278,-95
110000219,317,82,235
110000220,68,240,-172
110000221,353,93,260
110000222,54,223,-169
110000223,6,276,-270
110000224,94,17,77
110000225,428,755,-327
110000226,293,98,195
110000227,1100,843,257
110000228,282,250,32
110000229,2,233,-231
110000230,629,698,-69
110000231,150,259,-109
110000232,213,284,-71
110000233,311,382,-71
110000234,1299,1754,-455
110000235,1092,1351,-259
110000236,751,726,25
110000237,2654,1465,1189
110000238,1283,1519,-236
110000239,2100,1281,819
110000240,0,87,-87
110000242,1,11,-10
110000243,132,118,14
110000244,153,534,-381
110000245,28,327,-299
110000246,872,586,286
110000247,1282,4558,-3276
110000248,2313,1627,686
110000249,67,17,50
110000250,44,174,-130
110000251,346,456,-110
110000252,267,209,58
110000253,1175,593,582
110000254,676,1210,-534
110000255,272,995,-723
110000256,581,339,242
110000257,805,428,377
110000258,5,447,-442
110000259,110,14,96
110000260,14,217,-203
110000263,502,97,405
110000264,374,421,-47
110000265,1143,2291,-1148
110000266,2394,3575,-1181
110000267,25,218,-193
110000268,409,503,-94
110000269,6,68,-62
110000270,76,6,70
110000271,1355,259,1096
110000272,1161,1053,108
110000273,4120,2073,2047
110000274,207,1518,-1311
110000275,1847,464,1383
110000276,312,339,-27
110000277,245,330,-85
110000278,428,758,-330
110000279,833,764,69
110000280,430,447,-17
110000281,58,415,-357
110000282,357,17,340
110000283,73,140,-67
110000284,44,51,-7
110000285,4,865,-861
110000286,35,1,34
110000287,77,3,74
110000288,1,104,-103
110000289,445,1879,-1434
110000290,782,526,256
110000291,4793,1350,3443
110000292,1415,4585,-3170
110000293,566,683,-117
110000294,1025,1238,-213
110000295,326,878,-552
110000296,668,440,228
110000297,2375,359,2016
110000298,201,448,-247
110000299,293,154,139
110000301,377,31,346
110000302,186,776,-590
110000303,428,11,417
110000304,115,228,-113
110000305,1347,31,1316
110000306,146,1118,-972
110000307,1797,10,1787
110000308,787,9,778
110000309,5,785,-780
110000310,655,29,626
110000311,27,676,-649
110000312,407,99,308
110000313,2713,2887,-174
110000314,2,238,-236
110000315,3758,3230,528
110000316,534,1420,-886
110000317,550,646,-96
110000318,5,71,-66
110000319,19,29,-10
110000320,43,43,0
110000321,12,47,-35
110000322,318,362,-44
110000323,510,207,303
110000324,3409,1830,1579
110000325,3129,3485,-356
110000327,596,351,245
110000328,204,407,-203
110000333,1115,774,341
110000334,1037,1558,-521
110000335,1127,553,574
110000336,711,1088,-377
110000337,1440,640,800
110000338,502,247,255
110000339,333,211,122
110000340,39,173,-134
110000341,452,512,-60
110000342,642,6,636
110000343,0,38,-38
110000344,240,181,59
110000345,331,170,161
110000346,2998,2130,868
110000347,1298,800,498
110000348,16,12,4
110000349,13,18,-5
110000350,73,11,62
110000351,1009,815,194
110000352,726,1502,-776
110000353,2855,703,2152
110000354,940,2974,-2034
110000355,117,92,25
110000356,1289,9,1280
110000357,476,23,453
110000361,64,44,20
110000362,81,95,-14
110000363,447,177,270
110000364,347,373,-26
110000365,192,3,189
110000366,1,91,-90
110000367,563,295,268
110000368,10,75,-65
110000369,63,4,59
110000373,7,288,-281
110000374,146,11,135
110000375,140,947,-807
110000376,23,118,-95
110000377,62,527,-465
110000378,33,427,-394
110000379,2620,1742,878
110000380,71,13,58
110000383,2,1791,-1789
110000384,2726,1685,1041
110000385,1,256,-255
110000387,106,9,97
110000388,40,182,-142
110000389,921,3,918
110000391,754,362,392
110000396,190,167,23
110000397,139,153,-14
110000398,5,42,-37
110000399,220,3,217
110000587,71,50,21
110000589,235,157,78
110000640,156,55,101
110000652,19,336,-317
110000653,269,360,-91
110000654,100,287,-187
110000656,1,558,-557
110000674,31,55,-24
110000675,26,60,-34
110000676,2,51,-49
110000679,306,1393,-1087
110000682,144,188,-44
110000683,350,506,-156
110000684,4,33,-29
110000685,11,27,-16
110000686,4,42,-38
110000687,32,6,26
110000688,72,903,-831
110000689,33,24,9
110000692,88,181,-93
110000693,153,368,-215
110000694,0,175,-175
110000695,268,606,-338
110000696,64,85,-21
110900001,402,35,367
110900002,683,210,473
110900003,803,575,228
110900004,612,210,402
110900005,2368,2374,-6
110900006,39,16,23
110900007,146,38,108
110900008,11,26,-15
110900009,502,154,348
110900010,12,80,-68
110900011,27,72,-45
110900012,16,90,-74
110900013,1252,144,1108
110900014,258,15,243
110900015,501,728,-227
110900016,49,142,-93
110900017,505,37,468
110900018,515,68,447
110900019,193,20,173
110900020,116,235,-119
110900021,90,489,-399
110900022,103,281,-178
110900023,111,544,-433
110900024,24,368,-344
110900025,0,36,-36
110900027,59,226,-167
110900028,66,159,-93
110900029,54,293,-239
110900030,35,230,-195
110900031,0,158,-158
110900032,0,68,-68
110900033,28,197,-169
110900035,18,426,-408
110900036,128,15,113
110900037,71,26,45
110900038,993,159,834
110900039,4,258,-254
110900040,187,54,133
110900041,15,106,-91
110900042,150,56,94
110900043,5,120,-115
110900044,220,26,194
110900045,40,378,-338
110900046,32,248,-216
110900047,571,298,273
110900049,124,86,38
110900050,22,7,15
110900051,38,182,-144
110900052,4,166,-162
110900053,110,29,81
110900054,72,204,-132
110900055,31,3,28
110900056,48,132,-84
110900057,13,147,-134
110900058,282,194,88
110900059,571,533,38
110900060,539,165,374
110900061,19,48,-29
110900062,184,249,-65
110900063,62,171,-109
110900064,18,0,18
110900065,308,130,178
110900066,14,90,-76
110900067,334,562,-228
110900068,206,257,-51
110900069,11,24,-13
110900070,138,52,86
110900071,239,656,-417
110900073,1,27,-26
110900074,362,94,268
110900075,438,59,379
110900077,846,663,183
110900078,64,57,7
110900079,2072,1665,407
110900080,117,93,24
110900081,8,61,-53
110900082,138,109,29
110900083,123,55,68
110900084,54,85,-31
110900085,65,275,-210
110900086,113,376,-263
110900087,391,127,264
110900088,15,2,13
110900090,42,50,-8
110900091,1,56,-55
110900093,331,110,221
110900095,72,36,36
110900097,13,19,-6
110900098,32,98,-66
110900099,80,361,-281
110900100,0,18,-18
110900102,60,19,41
110900105,1068,237,831
110900108,15,67,-52
110900111,487,206,281
110900112,875,6,869
110900113,484,76,408
110900115,7,44,-37
110900116,657,1605,-948
110900118,98,2954,-2856
110900119,3470,360,3110
110900120,18,62,-44
110900121,177,7,170
110900122,542,219,323
110900125,501,418,83
110900127,719,1683,-964
110900128,222,315,-93
110900129,528,983,-455
110900130,958,581,377
110900131,410,70,340
110900132,349,90,259
110900133,317,154,163
110900135,94,311,-217
110900136,315,28,287
110900137,106,0,106
110900138,1383,712,671
110900139,26,186,-160
110900140,113,6,107
110900141,6,244,-238
110900142,60,147,-87
110900143,192,116,76
110900144,2,489,-487
110900145,181,52,129
110900146,476,193,283
110900147,113,509,-396
110900148,9,274,-265
110900149,3,102,-99
110900150,149,17,132
110900151,36,132,-96
110900152,34,238,-204
110900153,166,47,119
111000001,347,231,116
111000002,315,472,-157
111000003,1031,662,369
111000004,436,910,-474
111000005,1587,1213,374
111000006,1011,1794,-783
111000007,4817,3019,1798
111000008,2152,3269,-1117
111000009,408,887,-479
111000010,833,192,641
111000011,236,910,-674
111000012,329,336,-7
111000013,375,792,-417
111000014,930,459,471
111000017,141,1183,-1042
111000018,312,413,-101
111000020,836,2604,-1768
111000021,122,100,22
111000023,114,83,31
111000025,4059,3892,167
111000029,95,134,-39
111000030,31,138,-107
111000031,2462,1310,1152
111000032,536,396,140
111000033,330,370,-40
111000034,189,279,-90
111000037,1717,936,781
111000038,3768,2497,1271
111000039,1907,2381,-474
111000040,1917,2279,-362
111000041,1751,1737,14
111000042,3252,2500,752
111000043,2068,3480,-1412
111000044,2103,1311,792
111000045,2343,2445,-102
111000046,1781,1935,-154
111000047,2767,4018,-1251
111000049,597,619,-22
111000050,1297,1381,-84
111000051,564,994,-430
111000052,588,1527,-939
111000053,413,872,-459
111000054,362,737,-375
111000055,996,1518,-522
111000056,175,423,-248
111000057,75,468,-393
111000058,358,72,286
111000059,612,318,294
111000060,4114,949,3165
111000061,657,340,317
111000062,817,334,483
111000063,1794,972,822
111000064,733,676,57
111000065,1300,965,335
111000066,506,459,47
111000067,690,661,29
111000068,685,1120,-435
111000069,1794,2297,-503
111000070,952,832,120
111000071,297,518,-221
111000072,1030,417,613
111000073,325,756,-431
111000074,1699,1675,24
111000075,1206,743,463
111000076,609,650,-41
111000077,1813,1664,149
111000078,3016,1459,1557
111000079,1334,839,495
111000080,576,638,-62
111000081,1673,4567,-2894
111000082,752,580,172
111000084,948,607,341
111000085,951,1311,-360
111000086,2672,937,1735
111000087,703,676,27
111000088,5352,2321,3031
111000089,778,880,-102
111000090,923,1501,-578
111000091,822,490,332
111000092,1409,805,604
111000093,823,1099,-276
111000094,1766,990,776
111000095,651,2147,-1496
111000096,1601,7495,-5894
111000097,4094,1512,2582
111000098,754,1095,-341
111000099,690,1716,-1026
111000100,468,1358,-890
111000101,454,890,-436
111000102,221,632,-411
111000104,721,196,525
111000107,166,746,-580
111000109,968,273,695
111000110,1309,574,735
111000111,2566,550,2016
111000112,2261,622,1639
111000113,909,1465,-556
111000114,1654,3041,-1387
111000115,5425,1072,4353
111000116,945,897,48
111000117,451,773,-322
111000118,1318,758,560
111000119,1047,962,85
111000120,617,675,-58
111000121,262,685,-423
111000122,584,1126,-542
111000123,1040,2528,-1488
111000124,473,2596,-2123
111000125,274,1236,-962
111000126,79,744,-665
111000127,1124,170,954
111000128,2418,342,2076
111000129,2825,499,2326
111000130,2367,734,1633
111000131,1925,590,1335
111000132,1563,973,590
111000133,190,159,31
111000134,163,106,57
111000135,58,157,-99
111000136,353,267,86
111000138,12,6,6
111000140,1,7,-6
111000141,221,328,-107
111000142,18,122,-104
111000143,6,140,-134
111000144,19,335,-316
111000145,1393,19,1374
111000146,123,13,110
111000147,414,53,361
111000148,165,81,84
111000149,4,25,-21
111000150,18,3,15
111000151,1,21,-20
111000153,710,834,-124
111000154,838,243,595
111000155,89,198,-109
111000156,532,742,-210
111000157,285,1139,-854
111000158,1096,861,235
111000159,2705,771,1934
111000160,519,335,184
111000161,29,359,-330
111000162,98,174,-76
111000163,798,1075,-277
111000164,790,4383,-3593
111000165,1011,657,354
111000166,2399,538,1861
111000167,170,421,-251
111000168,232,575,-343
111000169,325,687,-362
111000170,519,418,101
111000171,506,604,-98
111000172,152,358,-206
111000173,344,695,-351
111000174,214,287,-73
111000175,45,381,-336
111000176,541,107,434
111000177,401,202,199
111000178,1067,293,774
111000179,216,184,32
111000180,272,462,-190
111000181,1151,240,911
111000182,189,226,-37
111000183,316,337,-21
111000184,399,210,189
111000185,426,389,37
111000186,326,234,92
111000187,136,185,-49
111000188,281,375,-94
111000189,1048,683,365
111000190,176,290,-114
111000191,156,330,-174
111000192,213,457,-244
111000193,275,288,-13
111000194,36,298,-262
111000195,160,304,-144
111000196,67,181,-114
111000197,438,130,308
111000198,925,125,800
111000199,241,118,123
111000200,407,248,159
111000201,633,248,385
111000202,313,212,101
111000203,310,322,-12
111000204,488,996,-508
111000213,225,444,-219
111000214,1629,1225,404
111000215,964,1189,-225
111000217,1504,964,540
111000218,1188,1202,-14
111000219,438,214,224
111000220,1681,1010,671
111000221,717,90,627
111000224,1,170,-169
111000225,257,68,189
111000226,87,2,85
111000227,32,2,30
111000228,36,372,-336
111000229,90,920,-830
111000230,378,378,0
111000231,998,679,319
111000232,688,879,-191
111000233,865,755,110
111000234,168,517,-349
111000239,128,146,-18
111000240,61,219,-158
111000241,61,261,-200
111000242,187,53,134
111000243,216,504,-288
111000244,554,91,463
111000245,1225,457,768
111000246,522,313,209
111000247,437,734,-297
111000248,754,480,274
111000249,518,582,-64
111000250,49,124,-75
111000251,80,134,-54
111000253,25,29,-4
111000255,45,13,32
111000257,41,18,23
111000260,78,974,-896
111000261,1348,120,1228
111000271,46,251,-205
111000273,3636,1307,2329
111000274,1173,2451,-1278
111000275,197,61,136
111000276,303,1666,-1363
111000277,192,345,-153
111000278,699,236,463
111000291,778,5938,-5160
111000298,518,228,290
111000299,643,177,466
111000300,123,534,-411
111000302,342,68,274
111000303,89,207,-118
111000312,33,71,-38
111000315,0,56,-56
111000320,303,795,-492
111000321,386,119,267
111000322,327,483,-156
111000323,220,25,195
111000324,385,239,146
111000325,56,63,-7
111000326,198,293,-95
111000327,784,375,409
111000328,256,452,-196
111000329,1,44,-43
111000330,53,7,46
111000331,21,7,14
111000332,535,1406,-871
111000334,306,1200,-894
111000335,816,328,488
111000337,1218,429,789
111000338,132,101,31
111000339,609,308,301
111000340,106,539,-433
111000341,1116,686,430
111000342,195,635,-440
111000344,1119,685,434
111000345,275,80,195
111000346,10,97,-87
111000347,156,16,140
111000350,137,120,17
111000351,118,256,-138
111000352,166,124,42
111000353,118,256,-138
111000354,479,162,317
111000355,295,589,-294
111000358,194,1009,-815
111000360,283,553,-270
111000361,164,267,-103
111000546,1006,656,350
111000547,428,434,-6
111000548,119,371,-252
111000549,283,332,-49
111000550,77,869,-792
111000551,570,164,406
111000552,1534,172,1362
111000907,332,64,268
111000908,24,0,24
111000916,1488,311,1177
111000917,28,466,-438
111000918,219,635,-416
111000920,472,11,461
111000921,6,165,-159
111000922,489,343,146
111000924,50,666,-616
111000925,2678,1984,694
111000926,1075,1264,-189
111000927,3372,4558,-1186
111000928,4521,3003,1518
111000929,1386,1378,8
111000930,792,2229,-1437
111000931,2541,2906,-365
111000932,4342,2477,1865
111000933,3714,2602,1112
111000934,1836,3625,-1789
111000935,1585,1043,542
111000936,1083,2144,-1061
111000937,1034,1590,-556
111000938,1475,1379,96
111000939,494,41,453
111000940,515,137,378
111000941,371,453,-82
111000943,470,267,203
111000944,155,329,-174
111000945,82,1209,-1127
111001109,490,387,103
111001110,168,459,-291
111001111,68,4,64
111001112,145,32,113
111001113,0,147,-147
111001114,870,94,776
111001115,21,461,-440
111001116,4347,3731,616
111001117,687,2181,-1494
111001120,98,334,-236
111001121,160,218,-58
111001122,22,276,-254
111001123,21,5,16
111900001,35,143,-108
111900002,27,668,-641
111900003,3,302,-299
111900004,87,116,-29
111900006,16,29,-13
111900007,120,6,114
111900008,238,10,228
111900009,214,169,45
111900010,382,460,-78
111900012,85,111,-26
111900013,10,104,-94
111900014,4794,4077,717
111900015,0,68,-68
111900016,2,110,-108
111900017,0,137,-137
111900018,307,13,294
111900019,1,166,-165
111900020,4,53,-49
111900021,39,102,-63
111900022,25,76,-51
111900023,105,62,43
111900024,0,57,-57
111900025,0,37,-37
111900026,0,104,-104
111900027,5,143,-138
111900028,2,335,-333
111900029,3,97,-94
111900030,27,401,-374
111900031,30,66,-36
111900032,2,294,-292
111900033,12,100,-88
111900034,236,426,-190
111900035,29,193,-164
111900036,0,240,-240
111900038,303,553,-250
111900039,52,354,-302
111900040,1,399,-398
111900042,50,139,-89
111900043,3,298,-295
111900044,337,222,115
111900046,47,161,-114
111900048,247,575,-328
111900049,32,232,-200
111900050,146,46,100
111900051,0,145,-145
111900052,349,423,-74
111900053,1061,1768,-707
111900054,206,9,197
111900055,22,350,-328
111900056,179,355,-176
111900057,219,37,182
111900058,461,590,-129
111900059,1541,631,910
111900060,444,7,437
111900061,16,237,-221
111900062,31,83,-52
111900063,497,249,248
111900064,94,229,-135
111900065,88,55,33
111900066,167,160,7
111900067,3,269,-266
111900068,91,84,7
111900069,66,36,30
111900070,153,128,25
111900071,0,183,-183
111900072,71,34,37
111900073,898,159,739
111900074,14,170,-156
111900075,153,12,141
111900076,211,49,162
111900077,74,0,74
111900078,306,19,287
111900079,36,48,-12
111900080,245,261,-16
111900081,496,187,309
111900082,119,20,99
111900083,129,8,121
111900084,126,3,123
111900085,47,159,-112
111900086,42,10,32
111900087,82,1,81
111900088,498,10,488
111900089,158,4,154
111900090,66,28,38
111900091,290,2,288
111900092,96,2,94
111900093,418,7,411
111900094,168,0,168
111900095,221,39,182
111900096,188,4,184
111900097,67,1,66
111900098,229,1,228
111900099,118,0,118
111900100,107,7,100
111900101,119,23,96
111900102,598,477,121
111900103,78,93,-15
111900104,163,86,77
111900105,468,414,54
111900106,1436,82,1354
111900107,95,96,-1
111900108,136,239,-103
111900109,517,494,23
111900110,1817,424,1393
111900111,236,123,113
111900112,601,2779,-2178
111900113,252,75,177
111900114,173,147,26
111900115,20,36,-16
111900118,239,119,120
111900119,426,229,197
111900122,147,79,68
111900123,34,38,-4
111900124,29,90,-61
111900125,523,49,474
111900126,323,4,319
111900127,2,610,-608
111900128,3,431,-428
111900129,323,7,316
111900130,232,51,181
111900131,569,5,564
111900132,22,932,-910
111900133,7,291,-284
111900134,9,161,-152
111900135,9,45,-36
111900136,96,156,-60
111900137,44,63,-19
111900138,13,56,-43
111900139,52,87,-35
111900140,117,52,65
111900141,52,8,44
111900142,139,31,108
111900143,31,171,-140
111900144,0,85,-85
111900145,1,357,-356
111900146,2,195,-193
111900147,158,438,-280
111900148,21,522,-501
111900149,11,274,-263
111900150,10,197,-187
111900151,3,18,-15
111900152,75,100,-25
111900153,1361,613,748
111900154,22,315,-293
111900155,57,76,-19
111900156,77,50,27
111900157,123,20,103
111900158,654,72,582
111900159,326,20,306
111900160,272,0,272
111900161,150,3,147
111900162,73,140,-67
111900163,38,183,-145
111900164,72,62,10
111901113,591,203,388
111901114,247,239,8
111901115,63,4,59
111901116,51,0,51
111901117,12,18,-6
111901118,41,200,-159
111901119,644,64,580
111901120,94,131,-37
111901121,129,154,-25
111901122,23,355,-332
111901123,199,246,-47
111901124,183,0,183
111901125,328,163,165
111901126,105,62,43
111901127,533,509,24
111901128,7,86,-79
111901129,14,115,-101
111901130,10,165,-155
111901131,13,195,-182
111901132,89,21,68
111901133,39,2,37
111901134,63,10,53
111901135,26,19,7
111901136,42,73,-31
111901137,0,44,-44
111901138,228,46,182
111901139,21,19,2
111901140,20,56,-36
111901141,11,111,-100
111901142,11,93,-82
111901143,0,101,-101
111901144,38,31,7
112000001,1964,774,1190
112000002,653,2129,-1476
112000003,1613,1178,435
112000004,692,874,-182
112000005,3727,3880,-153
112000006,2337,2022,315
112000007,3363,2307,1056
112000008,2677,3769,-1092
112000009,3204,2840,364
112000010,3157,4020,-863
112000011,1773,1681,92
112000012,5610,5554,56
112000013,4585,3692,893
112000014,3041,3016,25
112000015,3838,4205,-367
112000016,6203,2027,4176
112000017,2553,4009,-1456
112000024,2499,1188,1311
112000026,3381,4317,-936
112000027,1006,695,311
112000028,1222,1737,-515
112000029,586,902,-316
112000030,191,114,77
112000031,1514,5848,-4334
112000032,457,85,372
112000033,2069,2363,-294
112000034,327,114,213
112000035,184,589,-405
112000036,908,1504,-596
112000037,1706,1021,685
112000038,1605,1483,122
112000039,95,91,4
112000040,115,242,-127
112000041,437,511,-74
112000042,1294,511,783
112000050,1442,1739,-297
112000051,1179,1598,-419
112000054,1802,1925,-123
112000057,746,468,278
112000058,430,789,-359
112000059,645,1077,-432
112000061,3110,1996,1114
112000062,1359,1011,348
112000063,945,1363,-418
112000064,4345,5000,-655
112000065,1808,2543,-735
112000066,4035,1536,2499
112000067,915,745,170
112000068,3524,2607,917
112000069,815,2054,-1239
112000070,2574,982,1592
112000071,1170,3306,-2136
112000072,2722,973,1749
112000073,2021,2667,-646
112000074,2042,1345,697
112000075,1519,1417,102
112000076,3700,2662,1038
112000077,1068,620,448
112000078,1963,726,1237
112000079,1795,1456,339
112000080,839,842,-3
112000081,1306,2426,-1120
112000082,1565,865,700
112000083,604,1221,-617
112000084,1316,905,411
112000085,1384,955,429
112000086,2130,1377,753
112000087,558,413,145
112000088,856,575,281
112000089,420,362,58
112000090,345,320,25
112000091,592,903,-311
112000092,2171,1094,1077
112000093,1528,885,643
112000094,745,858,-113
112000095,667,785,-118
112000096,688,583,105
112000097,1464,874,590
112000098,1086,1104,-18
112000099,874,2006,-1132
112000100,2056,767,1289
112000101,551,921,-370
112000102,1378,536,842
112000103,363,1093,-730
112000105,470,1470,-1000
112000106,1702,395,1307
112000107,24,272,-248
112000108,268,1706,-1438
112000109,108,91,17
112000110,2004,655,1349
112000111,1472,5486,-4014
112000112,8220,849,7371
112000113,981,1744,-763
112000114,3967,1115,2852
112000115,560,475,85
112000116,688,1077,-389
112000117,1082,855,227
112000118,1265,873,392
112000119,492,698,-206
112000120,92,353,-261
112000121,127,450,-323
112000122,321,164,157
112000123,719,161,558
112000124,362,93,269
112000125,240,313,-73
112000126,285,430,-145
112000127,2767,2629,138
112000128,1095,946,149
112000129,126,112,14
112000130,228,106,122
112000131,54,232,-178
112000132,143,262,-119
112000133,444,181,263
112000134,574,368,206
112000135,2511,713,1798
112000136,1646,1479,167
112000137,3593,2350,1243
112000138,3628,1479,2149
112000139,1126,585,541
112000140,1146,1291,-145
112000141,898,316,582
112000142,146,603,-457
112000143,1136,207,929
112000144,339,1113,-774
112000145,2647,631,2016
112000146,521,1787,-1266
112000147,2749,1944,805
112000148,1577,2241,-664
112000149,870,589,281
112000150,284,633,-349
112000151,298,357,-59
112000152,499,446,53
112000153,209,228,-19
112000154,114,300,-186
112000155,142,116,26
112000157,1047,675,372
112000158,326,494,-168
112000159,567,398,169
112000167,652,86,566
112000169,323,462,-139
112000173,865,229,636
112000175,459,426,33
112000176,3106,2315,791
112000177,795,221,574
112000178,109,352,-243
112000179,278,150,128
112000180,286,399,-113
112000181,1498,1765,-267
112000182,1330,1517,-187
112000183,41,56,-15
112000184,365,336,29
112000185,598,479,119
112000187,6421,4229,2192
112000195,222,17,205
112000196,317,7,310
112000197,263,330,-67
112000198,45,294,-249
112000199,152,1043,-891
112000202,418,0,418
112000216,64,232,-168
112000230,129,6,123
112000231,6,218,-212
112000256,60,314,-254
112000313,75,159,-84
112000314,80,31,49
112000337,1087,674,413
112000352,471,344,127
112000392,1396,1230,166
112000398,1451,963,488
112000399,1735,2619,-884
112000400,1807,2876,-1069
112000401,3103,2779,324
112000402,4340,4026,314
112000403,2089,3326,-1237
112000404,1010,1054,-44
112000405,2248,3067,-819
112000406,3465,2268,1197
112000407,8470,9764,-1294
112000408,8240,6429,1811
112000409,1634,4508,-2874
112000410,500,378,122
112000411,4139,2101,2038
112000412,1668,675,993
112000413,7772,6350,1422
112000414,92,73,19
112000415,91,61,30
112000416,2718,1463,1255
112000417,306,82,224
112000421,52,169,-117
112000422,336,352,-16
112000424,2032,3004,-972
112000425,475,681,-206
112000426,107,314,-207
112000427,0,20,-20
112000428,179,288,-109
112000429,2421,2785,-364
112000430,2678,3279,-601
112000431,102,170,-68
112000432,707,1082,-375
112000433,519,1020,-501
112000437,41,171,-130
112900001,64,0,64
112900002,540,886,-346
112900003,81,361,-280
112900004,66,334,-268
112900005,212,156,56
112900006,12,326,-314
112900007,52,181,-129
112900008,2,43,-41
112900009,443,173,270
112900010,362,884,-522
112900011,174,223,-49
112900012,0,52,-52
112900013,39,276,-237
112900014,3,294,-291
112900015,407,754,-347
112900016,15,272,-257
112900017,45,215,-170
112900018,1,253,-252
112900019,42,193,-151
112900020,396,1060,-664
112900021,2,203,-201
112900022,12,87,-75
112900023,3,164,-161
112900024,29,251,-222
112900025,106,301,-195
112900026,5,225,-220
112900027,7,1010,-1003
112900028,20,132,-112
112900029,8,469,-461
112900030,113,138,-25
112900031,11,397,-386
112900032,516,227,289
112900034,1,51,-50
112900035,6,349,-343
112900036,104,159,-55
112900037,190,237,-47
112900038,806,213,593
112900039,15,251,-236
112900040,12,1928,-1916
112900041,810,1277,-467
112900042,159,296,-137
112900043,18,67,-49
112900044,535,569,-34
112900045,289,331,-42
112900046,250,87,163
112900047,21,64,-43
112900049,247,81,166
112900050,55,498,-443
112900051,351,523,-172
112900052,8,754,-746
112900053,807,326,481
112900054,421,69,352
112900055,184,54,130
112900056,391,241,150
112900057,25,462,-437
112900058,427,381,46
112900059,175,198,-23
112900060,19,193,-174
112900061,91,150,-59
112900062,78,131,-53
112900063,172,17,155
112900064,196,234,-38
112900065,56,36,20
112900066,420,213,207
112900067,375,231,144
112900068,71,50,21
112900069,2860,946,1914
112900071,30,11,19
112900072,266,2181,-1915
112900073,662,113,549
112900074,134,363,-229
112900075,1778,970,808
112900076,106,59,47
112900078,398,423,-25
112900079,339,59,280
112900080,105,5,100
112900081,61,217,-156
112900082,650,34,616
112900083,170,131,39
112900084,208,134,74
112900085,0,22,-22
112900086,114,0,114
112900087,843,194,649
112900088,199,17,182
112900089,1388,46,1342
112900090,91,37,54
112900091,293,16,277
112900092,425,347,78
112900093,1599,33,1566
112900094,59,3,56
112900095,37,1,36
112900096,586,207,379
112900097,131,331,-200
112900098,361,3,358
112900099,1007,29,978
112900100,99,6,93
112900101,457,6,451
112900102,407,7,400
112900103,230,9,221
112900104,41,2,39
112900105,19,0,19
112900106,436,173,263
112900107,16,1,15
112900108,33,2,31
112900109,142,1,141
112900110,1240,62,1178
112900111,813,9,804
112900112,356,1,355
112900113,2,14,-12
112900114,145,65,80
112900115,1250,2,1248
112900116,166,34,132
112900117,71,73,-2
112900118,32,96,-64
112900119,143,3,140
112900120,806,347,459
112900121,106,218,-112
112900122,14,108,-94
112900123,149,25,124
112900124,22,102,-80
112900125,93,555,-462
112900126,226,227,-1
112900127,382,67,315
112900128,329,704,-375
112900129,0,829,-829
112900130,304,100,204
112900131,29,281,-252
112900132,198,523,-325
112900133,41,1502,-1461
112900134,1,282,-281
112900135,106,37,69
112900136,0,22,-22
112900137,2,520,-518
112900138,10,274,-264
112900139,234,1260,-1026
112900140,1,63,-62
112900141,869,108,761
112900142,85,170,-85
112900143,43,482,-439
112900144,0,197,-197
112900145,31,469,-438
112900146,5,912,-907
112900147,4,1354,-1350
112900148,80,3,77
112900149,306,344,-38
112900151,9,66,-57
112900152,4206,895,3311
112900153,2074,2629,-555
112900154,0,105,-105
112900155,240,38,202
112900156,456,1390,-934
112900157,242,6,236
112900158,88,58,30
112900159,271,182,89
112900160,70,235,-165
112900161,137,56,81
112900162,76,32,44
112900163,104,40,64
112900164,32,208,-176
112900165,268,52,216
112900166,48,66,-18
112900167,8,110,-102
112900168,8,6,2
112900169,12,9,3
112900170,155,128,27
112900172,52,19,33
112900173,196,111,85
112900174,276,45,231
112900175,164,136,28
112900176,16,54,-38
112900177,207,55,152
112900178,922,2734,-1812
112900179,54,495,-441
112900180,2342,1965,377
112900181,689,6,683
112900182,37,938,-901
112900183,238,333,-95
112900184,533,517,16
112900185,365,862,-497
112900186,1459,1270,189
112900187,99,573,-474
112900188,706,1015,-309
112900189,17,39,-22
112900190,17,27,-10
112900192,816,718,98
112900193,1543,442,1101
112900194,51,50,1
112900195,1136,78,1058
112900196,186,302,-116
112900197,219,422,-203
112900199,712,521,191
112900200,608,250,358
112900201,157,101,56
112900202,410,863,-453
112900203,300,237,63
112900204,1077,748,329
112900205,22,19,3
112900206,41,98,-57
112900207,28,0,28
112900208,108,327,-219
112900209,431,336,95
112900210,1,21,-20
112900211,131,111,20
112900212,0,72,-72
112900213,28,20,8
112900214,31,11,20
112900215,15,162,-147
112900216,29,95,-66
112900217,24,66,-42
112900218,68,15,53
112900219,258,15,243
112900220,5,0,5
112900221,52,136,-84
112900222,5,37,-32
112900223,1260,23,1237
112900224,412,457,-45
112900225,535,331,204
112900226,323,510,-187
112900227,853,1041,-188
112900228,48,42,6
112900229,286,68,218
112900230,8226,5013,3213
112900232,401,361,40
112900233,89,207,-118
112900234,19,53,-34
112900235,97,29,68
112900236,350,19,331
112900237,150,164,-14
112900238,6,32,-26
113000001,6676,4604,2072
113000002,4158,3961,197
113000003,2142,1578,564
113000004,1736,2510,-774
113000005,2180,1099,1081
113000006,1211,1440,-229
113000007,2398,1295,1103
113000008,1899,1905,-6
113000009,1223,848,375
113000010,1204,1511,-307
113000011,786,1729,-943
113000012,2227,750,1477
113000013,1386,796,590
113000014,1555,2005,-450
113000015,594,708,-114
113000016,376,1226,-850
113000017,86,471,-385
113000018,420,66,354
113000019,324,368,-44
113000020,433,74,359
113000021,1313,556,757
113000022,777,1203,-426
113000025,165,556,-391
113000026,430,532,-102
113000027,620,746,-126
113000028,1107,913,194
113000029,1010,690,320
113000030,448,883,-435
113000031,237,325,-88
113000032,350,362,-12
113000033,406,464,-58
113000034,385,440,-55
113000035,67,53,14
113000036,37,70,-33
113000037,87,71,16
113000038,17,68,-51
113000039,99,413,-314
113000040,68,86,-18
113000042,960,748,212
113000051,1057,2472,-1415
113000052,2195,906,1289
113000053,463,433,30
113000054,377,765,-388
113000055,1316,658,658
113000056,1150,826,324
113000058,742,979,-237
113000059,1461,668,793
113000060,254,555,-301
113000061,543,867,-324
113000062,946,309,637
113000063,218,79,139
113000064,49,312,-263
113000065,112,805,-693
113000066,871,118,753
113000067,2296,1238,1058
113000068,394,1205,-811
113000069,601,1104,-503
113000070,2793,1081,1712
113000071,574,587,-13
113000072,938,557,381
113000073,439,1515,-1076
113000074,1091,507,584
113000075,2079,703,1376
113000076,708,2054,-1346
113000077,1410,777,633
113000078,915,2814,-1899
113000079,1038,978,60
113000080,833,841,-8
113000081,1025,1048,-23
113000082,1492,1052,440
113000083,612,991,-379
113000084,1921,1308,613
113000085,984,697,287
113000086,1437,1229,208
113000087,1236,923,313
113000088,2605,1535,1070
113000089,1095,1716,-621
113000090,313,619,-306
113000091,556,413,143
113000094,1220,212,1008
113000095,239,814,-575
113000096,199,871,-672
113000097,1018,450,568
113000098,169,43,126
113000099,1129,443,686
113000100,164,483,-319
113000101,468,667,-199
113000102,694,422,272
113000103,2022,521,1501
113000104,593,2144,-1551
113000105,974,587,387
113000106,380,651,-271
113000107,871,746,125
113000108,730,1157,-427
113000109,595,1785,-1190
113000110,2115,568,1547
113000111,101,553,-452
113000112,221,299,-78
113000113,1710,382,1328
113000114,280,1745,-1465
113000116,823,345,478
113000117,1145,160,985
113000118,122,623,-501
113000119,321,456,-135
113000120,66,315,-249
113000121,929,1314,-385
113000124,288,136,152
113000125,66,871,-805
113000127,2490,412,2078
113000128,565,678,-113
113000129,720,799,-79
113000133,2333,2141,192
113000134,5,1010,-1005
113000135,4588,5079,-491
113000137,2398,4122,-1724
113000139,491,293,198
113000140,190,290,-100
113000141,509,296,213
113000142,946,1716,-770
113000143,329,271,58
113000144,286,822,-536
113000145,91,201,-110
113000146,131,104,27
113000147,261,192,69
113000148,243,133,110
113000149,154,190,-36
113000150,764,388,376
113000151,71,78,-7
113000152,71,118,-47
113000153,1575,697,878
113000154,1067,1717,-650
113000155,451,644,-193
113000156,213,435,-222
113000157,289,964,-675
113000158,865,248,617
113000159,1204,642,562
113000160,642,1243,-601
113000161,336,463,-127
113000162,1041,401,640
113000163,208,52,156
113000164,43,98,-55
113000166,165,126,39
113000167,70,100,-30
113000168,112,126,-14
113000169,241,61,180
113000170,99,99,0
113000171,47,103,-56
113000172,344,96,248
113000173,83,38,45
113000174,136,393,-257
113000175,438,89,349
113000176,616,144,472
113000177,218,476,-258
113000178,332,331,1
113000179,306,150,156
113000180,711,1128,-417
113000181,1049,871,178
113000182,184,509,-325
113000183,156,653,-497
113000184,27,135,-108
113000189,496,1055,-559
113000190,1040,712,328
113000192,1173,2541,-1368
113000193,4102,1547,2555
113000194,1470,1197,273
113000195,2398,1295,1103
113000196,192,88,104
113000197,1601,1288,313
113000198,85,333,-248
113000199,1964,492,1472
113000201,244,333,-89
113000202,4415,1459,2956
113000203,209,139,70
113000204,1247,2620,-1373
113000205,16,35,-19
113000206,12,43,-31
113000207,111,52,59
113000208,55,54,1
113000209,19,28,-9
113000210,15,34,-19
113000211,186,172,14
113000212,70,17,53
113000213,43,161,-118
113000214,150,254,-104
113000234,233,888,-655
113000410,249,337,-88
113000411,3455,5260,-1805
113000412,6826,2764,4062
113000413,2771,3280,-509
113000414,6926,16598,-9672
113000415,2525,3572,-1047
113000416,9345,4969,4376
113000417,2989,3647,-658
113000418,5595,4042,1553
113000419,2236,2795,-559
113000420,5208,7128,-1920
113000421,5018,8015,-2997
113000422,14047,12877,1170
113000423,2556,6379,-3823
113000424,3695,9688,-5993
113000425,21,106,-85
113000428,72,40,32
113000430,13,110,-97
113000432,2251,192,2059
113000433,164,707,-543
113000434,17,131,-114
113000435,18,494,-476
113000436,30,1088,-1058
113000437,1091,13,1078
113000438,359,16,343
113000439,26,91,-65
113000440,92,37,55
113000441,213,172,41
113000442,131,179,-48
113000443,239,175,64
113000444,172,157,15
113000445,117,105,12
113000446,19,73,-54
113000448,181,215,-34
113000449,181,589,-408
113000450,636,1738,-1102
113000451,1106,155,951
113000452,390,302,88
113000453,38,310,-272
113000454,685,24,661
113000455,13,350,-337
113000456,4248,3348,900
113000468,1558,227,1331
113000469,182,192,-10
113000470,388,30,358
113000471,15,347,-332
113000472,140,297,-157
113000474,653,581,72
113000475,1585,1951,-366
113000476,1610,2070,-460
113000477,3468,2073,1395
113000478,4258,5816,-1558
113000479,64,197,-133
113000480,133,288,-155
113000481,0,0,0
113000482,0,0,0
113000483,0,0,0
113000485,0,0,0
113000486,8,0,8
113000487,0,0,0
113000488,0,0,0
113000489,0,7,-7
113000490,0,0,0
113000491,5,4,1
113000492,5,3,2
113000493,0,0,0
113000495,105,138,-33
113000496,65,73,-8
113000497,0,0,0
113000498,0,0,0
113000499,0,0,0
113000500,0,3,-3
113900001,3,268,-265
113900002,1,102,-101
113900003,0,82,-82
113900004,2,50,-48
113900005,3,86,-83
113900006,2,19,-17
113900007,53,37,16
113900008,14,0,14
113900009,126,0,126
113900010,54,1,53
113900011,40,0,40
113900012,30,3,27
113900013,216,3,213
113900014,598,1,597
113900015,0,78,-78
113900016,50,0,50
113900017,3,59,-56
113900018,373,232,141
113900019,138,50,88
113900020,164,8,156
113900022,39,0,39
113900023,27,0,27
113900024,46,54,-8
113900025,329,42,287
113900026,71,0,71
113900027,8,66,-58
113900028,28,377,-349
113900029,53,194,-141
113900030,182,0,182
113900031,15,1,14
113900032,40,0,40
113900033,100,77,23
113900035,52,0,52
113900036,32,101,-69
113900037,217,394,-177
113900038,37,106,-69
113900039,221,31,190
113900040,14,20,-6
113900041,16,4,12
113900042,72,42,30
113900043,157,114,43
113900044,307,342,-35
113900045,76,0,76
113900046,382,619,-237
113900047,54,103,-49
113900048,193,95,98
113900049,537,257,280
113900050,248,335,-87
113900051,231,375,-144
113900052,180,126,54
113900053,832,617,215
113900054,34,2,32
113900055,100,489,-389
113900056,39,163,-124
113900057,24,171,-147
113900058,67,136,-69
113900059,285,417,-132
113900060,124,291,-167
113900061,935,304,631
113900062,113,13,100
113900063,77,149,-72
113900064,31,103,-72
113900065,411,28,383
113900066,344,307,37
113900067,179,302,-123
113900068,564,490,74
113900069,70,41,29
113900070,206,541,-335
113900071,51,60,-9
113900072,59,145,-86
113900073,176,289,-113
113900074,165,442,-277
113900075,1393,1105,288
113900076,275,17,258
113900077,65,191,-126
113900078,50,66,-16
113900079,0,37,-37
113900080,707,258,449
113900081,59,202,-143
113900082,118,225,-107
113900083,440,408,32
113900084,295,108,187
113900085,54,237,-183
113900086,44,14,30
113900087,135,203,-68
113900088,84,90,-6
113900089,491,54,437
113900090,782,402,380
113900091,19,26,-7
113900092,37,84,-47
113900093,68,716,-648
113900094,575,425,150
113900095,155,90,65
113900096,329,81,248
113900097,33,122,-89
113900098,704,88,616
113900099,0,52,-52
113900100,1,9,-8
113900101,14,66,-52
113900102,154,180,-26
113900103,321,375,-54
113900104,184,222,-38
113900105,107,197,-90
113900106,1,60,-59
113900107,0,23,-23
113900108,249,289,-40
113900109,434,174,260
113900110,69,10,59
113900111,151,125,26
113900112,120,77,43
113900113,1173,507,666
113900114,2,72,-70
113900115,1,76,-75
113900116,133,163,-30
113900117,125,22,103
113900118,225,393,-168
113900119,168,568,-400
113900120,39,46,-7
113900121,58,99,-41
113900122,530,2017,-1487
113900123,538,182,356
113900124,1,48,-47
113900125,1056,135,921
113900126,163,37,126
113900127,306,857,-551
113900128,155,72,83
113900129,11,157,-146
113900130,12,104,-92
113900131,313,80,233
113900132,56,73,-17
113900133,39,66,-27
113900135,254,318,-64
113900136,156,95,61
113900137,338,274,64
113900138,69,199,-130
113900139,360,178,182
113900140,288,486,-198
113900141,696,305,391
113900142,154,86,68
113900143,15,45,-30
113900144,333,392,-59
113900145,423,203,220
113900146,162,58,104
113900148,180,302,-122
113900149,180,101,79
113900150,662,479,183
113900151,462,188,274
113900152,29,47,-18
113900153,298,732,-434
113900154,4,166,-162
113900155,183,191,-8
113900156,235,454,-219
113900157,65,305,-240
113900158,515,703,-188
113900159,25,304,-279
113900160,894,612,282
113900161,73,292,-219
113900162,713,1194,-481
113900163,298,284,14
113900164,307,39,268
113900165,808,547,261
113900166,365,225,140
113900167,267,50,217
113900168,123,90,33
113900169,209,415,-206
113900171,228,77,151
113900172,13,143,-130
113900173,48,526,-478
113900174,518,643,-125
113900175,350,154,196
113900176,480,655,-175
113900177,344,234,110
113900178,408,132,276
113900179,15,394,-379
113900180,154,127,27
113900181,712,129,583
113900182,841,1049,-208
113900183,70,99,-29
113900184,8,418,-410
113900185,177,87,90
113900186,34,36,-2
113900187,53,164,-111
113900188,47,195,-148
113900189,331,122,209
113900190,289,147,142
113900191,115,275,-160
113900192,6,642,-636
113900193,33,208,-175
113900194,1349,977,372
113900195,236,386,-150
113900196,64,194,-130
113900197,2,158,-156
113900198,43,196,-153
113900199,191,664,-473
113900200,29,292,-263
113900201,0,153,-153
113900202,35,253,-218
113900203,0,109,-109
113900204,54,466,-412
113900205,16,165,-149
113900206,8,150,-142
113900207,1,61,-60
113900208,2,70,-68
113900209,0,96,-96
113900210,583,813,-230
113900211,221,81,140
113900212,225,416,-191
113900214,441,419,22
113900215,135,162,-27
113900216,105,813,-708
113900217,57,185,-128
113900218,229,76,153
113900219,112,436,-324
113900220,209,125,84
113900221,481,306,175
113900222,261,645,-384
113900223,154,712,-558
113900224,77,58,19
113900225,628,250,378
113900226,437,163,274
113900227,575,256,319
113900228,335,543,-208
113900229,91,985,-894
113900230,4335,4178,157
113900231,176,212,-36
113900232,112,81,31
113900233,118,66,52
113900234,371,443,-72
113900235,134,32,102
113900236,166,241,-75
113900237,254,12,242
113900238,315,532,-217
113900239,56,95,-39
113900240,16,189,-173
113900241,131,57,74
113900242,35,157,-122
113900243,166,417,-251
113900244,394,203,191
113900245,1200,341,859
113900246,8,19,-11
113900247,158,569,-411
113900248,2755,2048,707
113900249,824,472,352
113900250,77,200,-123
113900251,684,159,525
113900252,544,20,524
113900253,829,77,752
113900254,1027,127,900
113900255,504,21,483
113900256,347,25,322
113900257,26,420,-394
113900258,7,374,-367
113900259,567,162,405
113900260,223,19,204
113900261,33,78,-45
113900262,145,479,-334
113900263,184,659,-475
113900264,5,380,-375
113900265,226,361,-135
113900266,24,166,-142
113900267,98,560,-462
113900268,341,438,-97
113900269,67,190,-123
113900270,361,803,-442
113900271,773,1139,-366
113900273,92,8,84
113900274,85,21,64
113900275,55,71,-16
113900276,0,167,-167
113900277,165,5,160
113900278,339,203,136
113900279,127,115,12
113900280,1502,661,841
113900281,719,1688,-969
113900282,828,861,-33
113900283,408,550,-142
113900284,805,279,526
113900285,179,111,68
113900286,113,129,-16
113900287,52,138,-86
113900288,9,196,-187
113900289,963,139,824
113900290,220,181,39
113900291,128,175,-47
113900292,8,3,5
113900293,2,236,-234
113900294,433,28,405
113900295,562,483,79
113900296,2069,448,1621
113900297,2432,41,2391
113900298,9,1690,-1681
113900299,77,125,-48
113900300,4887,3763,1124
113900301,883,371,512
113900302,2184,1024,1160
113900303,487,478,9
113900304,1,140,-139
113900305,98,0,98
113900306,57,0,57
113900307,66,2,64
113900308,89,129,-40
113900309,4,639,-635
113900310,0,7,-7
113900311,9,1,8
113900312,171,215,-44
113900313,16,17,-1
114000001,1148,2652,-1504
114000002,264,297,-33
114000003,31,261,-230
114000004,300,367,-67
114000005,250,262,-12
114000006,2327,2275,52
114000007,779,1394,-615
114000008,1291,1935,-644
114000009,646,232,414
114000011,2996,2511,485
114000012,2808,1900,908
114000013,1851,1472,379
114000014,501,277,224
114000015,1850,382,1468
114000016,226,282,-56
114000017,135,336,-201
114000018,240,43,197
114000026,2018,1255,763
114000027,3365,2196,1169
114000028,2846,2979,-133
114000038,298,144,154
114000039,107,51,56
114000040,108,180,-72
114000042,197,156,41
114000043,64,109,-45
114000044,278,35,243
114000045,48,77,-29
114000046,2930,5206,-2276
114000047,18,100,-82
114000048,82,64,18
114000049,1580,1669,-89
114000050,1665,2134,-469
114000051,2941,2132,809
114000052,3973,2132,1841
114000053,81,699,-618
114000054,203,986,-783
114000055,217,43,174
114000056,1141,981,160
114000057,5111,2462,2649
114000058,578,1583,-1005
114000059,312,275,37
114000060,584,857,-273
114000061,3039,3148,-109
114000062,2413,1808,605
114000063,2505,1821,684
114000064,5898,4131,1767
114000065,1613,2496,-883
114000066,508,595,-87
114000067,37,831,-794
114000068,556,829,-273
114000069,1133,668,465
114000070,2559,1794,765
114000071,817,591,226
114000072,735,288,447
114000073,20,60,-40
114000074,37,28,9
114000075,54,110,-56
114000076,22,111,-89
114000077,4,37,-33
114000078,593,775,-182
114000079,152,25,127
114000080,92,91,1
114000081,79,87,-8
114000082,60,408,-348
114000083,92,222,-130
114000084,320,86,234
114000085,95,612,-517
114000086,210,341,-131
114000087,122,211,-89
114000088,59,29,30
114000089,971,408,563
114000090,921,932,-11
114000091,1695,787,908
114000092,1078,489,589
114000093,1518,657,861
114000094,402,298,104
114000095,225,165,60
114000096,156,398,-242
114000097,129,570,-441
114000098,503,76,427
114000099,683,445,238
114000100,1567,648,919
114000101,438,725,-287
114000102,590,334,256
114000103,141,384,-243
114000104,129,252,-123
114000105,256,106,150
114000106,843,1050,-207
114000107,382,106,276
114000108,1273,944,329
114000109,530,1079,-549
114000110,609,1283,-674
114000111,1980,851,1129
114000112,367,1390,-1023
114000113,1050,391,659
114000114,1378,1248,130
114000115,2143,1203,940
114000116,1074,1598,-524
114000117,3269,464,2805
114000118,2628,414,2214
114000119,1895,482,1413
114000120,591,802,-211
114000121,392,809,-417
114000122,430,319,111
114000123,2194,403,1791
114000124,884,313,571
114000125,749,1302,-553
114000126,1953,223,1730
114000127,406,152,254
114000128,850,371,479
114000130,529,531,-2
114000131,356,87,269
114000132,657,540,117
114000133,970,1374,-404
114000134,77,181,-104
114000138,69,227,-158
114000139,455,302,153
114000144,1011,550,461
114000145,88,232,-144
114000146,125,210,-85
114000147,1703,2088,-385
114000148,1974,2006,-32
114000149,362,274,88
114000150,587,680,-93
114000151,762,1428,-666
114000152,145,43,102
114000153,791,2477,-1686
114000154,785,713,72
114000155,1306,2328,-1022
114000156,852,632,220
114000157,282,1094,-812
114000158,1549,823,726
114000159,147,449,-302
114000160,177,550,-373
114000161,1511,3223,-1712
114000162,1198,3116,-1918
114000163,22,94,-72
114000165,678,323,355
114000166,974,490,484
114000167,3057,1650,1407
114000168,766,683,83
114000169,1730,1546,184
114000170,1294,1425,-131
114000171,1347,3655,-2308
114000174,247,470,-223
114000176,470,563,-93
114000177,1884,912,972
114000178,52,50,2
114000179,1240,763,477
114000180,479,700,-221
114000181,1871,3969,-2098
114000182,2633,2605,28
114000183,1011,942,69
114000184,3662,993,2669
114000185,1294,955,339
114000189,1118,165,953
114000190,2929,356,2573
114000191,35,97,-62
114000192,209,1338,-1129
114000193,699,2450,-1751
114000194,1455,854,601
114000195,152,34,118
114000196,0,210,-210
114000197,1259,12,1247
114000198,911,383,528
114000199,2123,1810,313
114000200,615,1775,-1160
114000201,203,900,-697
114000202,1040,563,477
114000203,432,629,-197
114000204,287,447,-160
114000205,241,1375,-1134
114000206,717,1180,-463
114000207,634,1584,-950
114000208,464,2532,-2068
114000209,666,2103,-1437
114000210,257,1252,-995
114000211,1017,1631,-614
114000212,770,868,-98
114000213,1339,571,768
114000214,87,177,-90
114000215,222,106,116
114000216,1411,320,1091
114000217,331,218,113
114000218,159,203,-44
114000219,1200,231,969
114000220,38,792,-754
114000221,950,189,761
114000222,190,821,-631
114000223,499,133,366
114000224,108,611,-503
114000225,232,534,-302
114000226,225,253,-28
114000227,804,518,286
114000228,868,680,188
114000229,1231,1275,-44
114000230,1706,1167,539
114000231,990,1225,-235
114000232,762,131,631
114000233,2074,158,1916
114000234,1050,868,182
114000235,1023,1216,-193
114000236,0,373,-373
114000237,85,898,-813
114000238,106,193,-87
114000239,235,986,-751
114000240,802,874,-72
114000241,256,899,-643
114000242,895,756,139
114000243,1607,932,675
114000244,706,417,289
114000245,422,687,-265
114000246,107,42,65
114000247,767,687,80
114000248,1782,610,1172
114000249,473,476,-3
114000250,505,691,-186
114000251,387,284,103
114000252,79,85,-6
114000253,118,137,-19
114000254,49,108,-59
114000255,590,252,338
114000256,1531,2345,-814
114000257,362,1257,-895
114000258,342,389,-47
114000259,183,262,-79
114000260,0,39,-39
114000261,38,37,1
114000262,342,167,175
114000263,19,3,16
114000264,1322,639,683
114000265,0,11,-11
114000267,3,1563,-1560
114000268,2,1271,-1269
114000270,112,7,105
114000271,386,84,302
114000283,1262,440,822
114000285,39,198,-159
114000288,69,299,-230
114000289,1314,131,1183
114000293,259,455,-196
114000294,223,303,-80
114000395,1498,90,1408
114000396,600,557,43
114000402,533,295,238
114000403,309,346,-37
114000405,159,409,-250
114000423,346,339,7
114000424,497,214,283
114000425,713,393,320
114000426,396,826,-430
114000427,64,106,-42
114000428,156,204,-48
114000429,16,208,-192
114000432,108,97,11
114000434,16,78,-62
114000435,0,153,-153
114900001,718,950,-232
114900002,706,160,546
114900003,744,1226,-482
114900004,227,480,-253
114900005,609,702,-93
114900006,94,128,-34
114900007,478,22,456
114900008,152,92,60
114900010,1774,1695,79
114900011,230,166,64
114900013,290,171,119
114900015,79,445,-366
114900018,780,36,744
114900020,192,91,101
114900021,261,177,84
114900022,76,693,-617
114900024,315,178,137
114900025,497,251,246
114900026,52,176,-124
114900027,203,230,-27
114900029,18,25,-7
114900030,279,234,45
114900031,362,22,340
114900032,416,23,393
114900033,967,870,97
114900034,87,198,-111
114900035,160,291,-131
114900036,261,698,-437
114900037,186,159,27
114900038,192,721,-529
114900039,572,502,70
114900040,76,164,-88
114900041,756,419,337
114900042,904,648,256
114900043,595,249,346
114900044,256,46,210
114900045,162,258,-96
114900046,43,133,-90
114900047,251,1939,-1688
114900048,142,265,-123
114900049,6,157,-151
114900050,39,374,-335
114900051,29,383,-354
114900052,102,305,-203
114900053,123,338,-215
114900054,47,125,-78
114900057,303,12,291
114900058,0,55,-55
114900059,116,58,58
114900060,1072,891,181
114900061,150,110,40
114900062,232,351,-119
114900063,106,217,-111
114900064,1647,469,1178
114900065,477,749,-272
114900067,136,484,-348
114900068,59,139,-80
114900069,205,125,80
114900070,522,438,84
114900072,9,314,-305
114900073,3,143,-140
114900074,671,491,180
114900075,330,13,317
114900076,22,334,-312
114900080,1879,384,1495
114900082,3253,2393,860
114900083,1199,1331,-132
114900084,78,67,11
114900090,341,171,170
114900091,195,177,18
114900095,279,103,176
114900096,510,702,-192
114900097,153,0,153
114900098,1,203,-202
114900099,290,14,276
115000001,5750,3740,2010
115000002,3919,4118,-199
115000003,5464,3317,2147
115000004,4554,6676,-2122
115000005,1575,2194,-619
115000006,1053,1750,-697
115000007,139,206,-67
115000008,322,484,-162
115000009,198,242,-44
115000010,353,235,118
115000013,119,159,-40
115000015,68,264,-196
115000016,285,348,-63
115000019,54,469,-415
115000020,128,879,-751
115000021,243,403,-160
115000022,536,466,70
115000023,479,724,-245
115000024,1194,494,700
115000025,945,774,171
115000026,237,479,-242
115000027,293,325,-32
115000028,323,872,-549
115000029,634,149,485
115000030,1070,1220,-150
115000031,1463,510,953
115000032,15,220,-205
115000033,204,52,152
115000034,83,1179,-1096
115000035,1306,77,1229
115000036,1,481,-480
115000037,620,4,616
115000038,86,218,-132
115000039,3570,3673,-103
115000040,5979,3066,2913
115000041,1332,3793,-2461
115000042,997,718,279
115000043,4164,2445,1719
115000044,3375,3769,-394
115000045,2848,1696,1152
115000046,2561,2422,139
115000047,2402,1665,737
115000048,1650,2292,-642
115000049,1600,3452,-1852
115000050,3487,2013,1474
115000051,1840,2918,-1078
115000052,2142,1674,468
115000053,1889,1783,106
115000054,647,1162,-515
115000055,199,778,-579
115000056,248,601,-353
115000057,629,1155,-526
115000058,590,325,265
115000059,268,134,134
115000061,148,168,-20
115000062,212,296,-84
115000063,385,317,68
115000064,269,137,132
115000065,64,517,-453
115000067,176,16,160
115000069,73,329,-256
115000070,37,1008,-971
115000071,149,15,134
115000072,10,83,-73
115000073,1446,67,1379
115000075,108,60,48
115000076,3366,2856,510
115000077,2451,2420,31
115000078,1612,1347,265
115000079,1425,1598,-173
115000080,2624,2227,397
115000081,498,1057,-559
115000082,4222,4062,160
115000083,2225,2098,127
115000084,2638,1088,1550
115000085,778,1001,-223
115000086,1300,830,470
115000087,557,1480,-923
115000088,2149,790,1359
115000089,1574,1332,242
115000090,552,838,-286
115000091,269,794,-525
115000092,562,334,228
115000093,557,8,549
115000094,6848,5686,1162
115000095,4617,6041,-1424
115000096,815,1393,-578
115000097,967,812,155
115000098,1212,790,422
115000099,2708,2610,98
115000100,1148,455,693
115000101,447,1333,-886
115000102,522,242,280
115000103,319,671,-352
115000105,75,134,-59
115000106,666,301,365
115000107,271,394,-123
115000108,3061,2248,813
115000109,4289,4697,-408
115000110,1890,1653,237
115000111,840,1651,-811
115000112,1094,884,210
115000113,998,992,6
115000114,1874,860,1014
115000116,4309,2683,1626
115000117,3744,3347,397
115000118,2085,1959,126
115000119,1717,2702,-985
115000120,705,1725,-1020
115000121,1420,1267,153
115000122,4393,2317,2076
115000123,1948,2967,-1019
115000124,834,885,-51
115000125,594,652,-58
115000126,213,425,-212
115000127,350,149,201
115000128,476,929,-453
115000129,313,309,4
115000130,535,736,-201
115000131,785,246,539
115000132,312,363,-51
115000133,467,299,168
115000134,364,251,113
115000135,330,208,122
115000136,260,263,-3
115000137,190,221,-31
115000138,423,251,172
115000139,217,219,-2
115000140,396,169,227
115000141,168,252,-84
115000142,209,250,-41
115000143,740,609,131
115000144,598,64,534
115000145,301,293,8
115000146,446,355,91
115000147,429,447,-18
115000148,343,969,-626
115000149,589,264,325
115000150,749,810,-61
115000151,1210,554,656
115000152,819,1011,-192
115000153,1223,633,590
115000154,883,361,522
115000155,686,968,-282
115000156,1167,860,307
115000157,800,888,-88
115000158,792,415,377
115000159,756,790,-34
115000160,706,729,-23
115000161,486,522,-36
115000162,699,848,-149
115000163,610,761,-151
115000164,686,631,55
115000165,423,635,-212
115000167,132,84,48
115000168,582,393,189
115000169,675,411,264
115000170,145,172,-27
115000171,323,261,62
115000172,1400,875,525
115000173,395,616,-221
115000174,498,693,-195
115000175,315,544,-229
115000176,199,266,-67
115000177,195,226,-31
115000178,20,245,-225
115000179,28,65,-37
115000180,141,541,-400
115000181,758,165,593
115000182,980,356,624
115000183,366,851,-485
115000186,765,293,472
115000187,250,744,-494
115000188,498,487,11
115000189,265,479,-214
115000190,719,439,280
115000191,196,544,-348
115000194,121,203,-82
115000195,399,361,38
115000196,228,107,121
115000197,309,272,37
115000198,391,246,145
115000199,366,180,186
115000200,399,105,294
115000201,121,405,-284
115000206,495,90,405
115000207,190,348,-158
115000208,492,638,-146
115000209,667,330,337
115000210,184,135,49
115000211,389,253,136
115000212,1490,472,1018
115000218,139,138,1
115000219,61,60,1
115000224,464,67,397
115000225,68,102,-34
115000229,243,145,98
115000230,142,549,-407
115000231,263,1404,-1141
115000232,1648,229,1419
115000233,126,199,-73
115000234,38,328,-290
115000241,101,243,-142
115000242,97,267,-170
115000243,53,181,-128
115000244,5,79,-74
115000246,39,35,4
115000247,57,25,32
115000248,28,28,0
115000249,57,23,34
115000250,239,34,205
115000251,301,104,197
115000252,119,213,-94
115000253,21,443,-422
115000258,366,145,221
115000259,372,156,216
115000261,31,20,11
115000262,25,39,-14
115000263,24,40,-16
115000264,31,46,-15
115000267,81,72,9
115000268,43,117,-74
115000269,155,64,91
115000270,5,35,-30
115000272,61,185,-124
115000273,408,45,363
115000274,388,198,190
115000280,2858,297,2561
115000281,802,759,43
115000282,1400,882,518
115000284,285,205,80
115000296,1306,14,1292
115000297,221,187,34
115000298,85,528,-443
115000300,201,199,2
115000302,549,137,412
115000303,753,169,584
115000304,806,91,715
115000305,148,706,-558
115000306,258,289,-31
115000307,136,174,-38
115000308,13,11,2
115000310,1100,845,255
115000311,1033,1209,-176
115000313,115,517,-402
115000314,534,170,364
115000315,823,411,412
115000316,52,121,-69
115000317,227,541,-314
115000318,842,342,500
115000319,69,328,-259
115000320,30,392,-362
115000321,417,13,404
115000322,48,214,-166
115000449,315,170,145
115000557,44,1122,-1078
115000558,392,118,274
115000587,506,346,160
115000588,2130,2957,-827
115000589,3596,2375,1221
115000590,1097,1590,-493
115000591,1931,828,1103
115000592,746,1787,-1041
115000593,1538,691,847
115000594,971,2443,-1472
115000609,122,118,4
115000617,1962,3686,-1724
115000624,182,30,152
115000633,523,1938,-1415
115000634,3018,1000,2018
115000635,631,154,477
115000638,739,683,56
115000641,73,114,-41
115000642,308,286,22
115000643,142,546,-404
115000644,162,507,-345
115000646,996,1843,-847
115000647,236,552,-316
115000648,2027,1867,160
115000893,2922,1570,1352
115000894,177,1053,-876
115000895,260,667,-407
115000896,996,322,674
115000897,582,172,410
115000898,970,222,748
115000899,445,1107,-662
115000900,87,310,-223
115000901,42,127,-85
115000912,451,109,342
115000913,4,12,-8
115000915,34,0,34
115000916,15,3,12
115000917,0,17,-17
115000918,265,533,-268
115000919,14,13,1
115000920,14,47,-33
115000921,758,146,612
115000922,703,655,48
115000923,317,843,-526
115000925,59,88,-29
115000927,36,47,-11
115000933,130,135,-5
115900001,116,35,81
115900002,95,135,-40
115900003,226,142,84
115900004,1,41,-40
115900005,177,5,172
115900006,183,258,-75
115900008,53,11,42
115900009,114,267,-153
115900010,320,166,154
115900011,624,270,354
115900012,137,50,87
115900013,477,157,320
115900014,219,192,27
115900015,132,59,73
115900016,103,20,83
115900017,19,3,16
115900018,170,71,99
115900019,671,23,648
115900020,84,1,83
115900021,1304,642,662
115900022,865,12,853
115900023,28,6,22
115900025,51,195,-144
115900026,1016,260,756
115900027,2,277,-275
115900028,739,67,672
115900029,28,324,-296
115900030,24,34,-10
115900031,372,381,-9
115900032,579,734,-155
115900033,2,89,-87
115900034,34,305,-271
115900035,38,44,-6
115900036,40,716,-676
115900037,51,313,-262
115900038,70,11,59
115900039,164,209,-45
115900041,373,658,-285
115900042,20,3,17
115900043,72,75,-3
115900044,210,322,-112
115900046,331,253,78
115900047,204,159,45
115900049,138,188,-50
115900051,4,32,-28
115900052,12,218,-206
115900053,261,170,91
115900054,286,50,236
115900055,24,118,-94
115900056,223,267,-44
115900057,46,15,31
115900058,29,65,-36
115900060,86,263,-177
115900061,169,2,167
115900062,52,256,-204
115900063,89,12,77
115900064,243,229,14
115900065,143,130,13
115900066,184,108,76
115900067,6,484,-478
115900068,2665,882,1783
115900069,83,186,-103
115900070,171,152,19
115900071,0,432,-432
115900072,35,158,-123
115900073,98,77,21
115900074,8,248,-240
115900075,51,266,-215
115900076,4,59,-55
115900077,6,221,-215
115900078,95,145,-50
115900079,224,30,194
115900080,430,210,220
115900081,17,66,-49
115900082,142,176,-34
115900084,407,13,394
115900085,40,76,-36
115900086,1514,658,856
115900088,8,60,-52
115900089,344,554,-210
115900090,318,20,298
115900091,21,54,-33
115900092,10,126,-116
115900093,8,12,-4
115900094,6,232,-226
115900096,2,9,-7
115900097,18,294,-276
115900098,151,269,-118
115900099,179,59,120
115900100,13,452,-439
115900101,135,260,-125
115900102,85,49,36
115900103,390,183,207
115900104,80,86,-6
115900105,280,526,-246
115900106,102,29,73
115900107,141,76,65
115900108,149,54,95
115900109,53,386,-333
115900110,15,14,1
115900111,2,87,-85
115900112,41,868,-827
115900113,38,28,10
115900114,5,105,-100
115900115,62,201,-139
115900116,73,887,-814
115900117,75,19,56
115900118,2,232,-230
115900119,108,144,-36
115900120,30,348,-318
115900121,205,240,-35
115900124,288,640,-352
115900125,299,72,227
115900126,771,106,665
115900127,727,74,653
115900128,5,488,-483
115900129,884,54,830
115900130,23,234,-211
115900131,474,44,430
115900132,607,9,598
115900134,340,14,326
115900135,616,1346,-730
115900137,33,1,32
115900139,147,232,-85
115900140,249,32,217
115900141,38,140,-102
115900142,54,95,-41
115900143,228,393,-165
115900144,97,288,-191
115900146,16,84,-68
115900147,237,232,5
115900148,62,16,46
115900149,100,19,81
115900150,82,30,52
115900151,18,85,-67
115900152,143,274,-131
115900153,156,207,-51
115900154,511,403,108
115900155,0,45,-45
115900156,808,938,-130
115900157,186,434,-248
115900158,15,11,4
115900159,113,238,-125
115900160,3,3,0
115900161,50,222,-172
115900163,225,139,86
115900164,615,60,555
115900165,3,126,-123
115900166,213,189,24
115900168,94,159,-65
115900171,138,469,-331
115900172,98,109,-11
115900173,210,149,61
115900174,264,259,5
115900175,145,267,-122
115900178,6,456,-450
115900179,283,14,269
115900180,39,152,-113
115900181,187,149,38
115900182,438,173,265
115900183,223,204,19
115900184,1771,21,1750
115900187,14,134,-120
115900189,1,416,-415
115900190,537,1507,-970
115900191,29,317,-288
115900192,14,119,-105
115900193,300,102,198
115900194,803,87,716
115900195,640,2200,-1560
115900198,225,338,-113
115900199,213,229,-16
115900200,302,314,-12
115900201,464,373,91
115900202,18,54,-36
115900203,2,15,-13
115900204,2,8,-6
115900205,53,27,26
115900206,191,153,38
115900207,38,31,7
115900208,132,146,-14
115900209,7,134,-127
115900210,3,155,-152
115900211,4,193,-189
115900212,164,248,-84
115900213,218,112,106
115900214,469,269,200
115900215,28,138,-110
115900216,10,108,-98
115900217,29,45,-16
115900218,10,26,-16
115900219,90,9,81
115900220,157,16,141
115900221,90,11,79
115900222,57,26,31
115900223,13,410,-397
115900224,928,1036,-108
115900225,63,84,-21
115900226,20,52,-32
115900227,12,49,-37
115900228,8,60,-52
115900229,7,56,-49
115900230,54,93,-39
115900231,95,9,86
115900232,50,4,46
115900233,64,14,50
115900234,63,32,31
115900235,23,33,-10
115900236,105,28,77
115900237,54,52,2
115900238,83,15,68
115900239,18,37,-19
115900240,12,53,-41
115900241,226,116,110
115900242,271,371,-100
115900243,21,22,-1
115900244,18,17,1
115900245,5,18,-13
115900246,17,16,1
115900247,33,9,24
115900248,26,8,18
115900249,12,25,-13
115900250,15,35,-20
115900251,1,18,-17
115900252,7,4,3
115900253,7,16,-9
115900254,19,34,-15
115900255,4,20,-16
115900256,12,21,-9
115900257,5,11,-6
115900258,0,2,-2
115900259,2,0,2
115900260,12,2,10
115900261,12,0,12
115900262,5,0,5
115900263,9,2,7
115900264,21,3,18
115900265,4,9,-5
115900266,3,32,-29
115900267,8,14,-6
115900268,7,11,-4
115900269,420,446,-26
115900270,416,307,109
116000001,10939,4576,6363
116000002,5446,11269,-5823
116000003,1789,1577,212
116000004,2437,3917,-1480
116000005,2517,3217,-700
116000006,2900,2594,306
116000007,3796,3586,210
116000008,5838,2494,3344
116000009,1729,2303,-574
116000010,2561,1725,836
116000011,885,2085,-1200
116000012,1641,1112,529
116000013,8516,4439,4077
116000014,11095,11857,-762
116000015,298,1482,-1184
116000016,6487,3767,2720
116000017,44,805,-761
116000018,904,401,503
116000019,770,358,412
116000020,779,1219,-440
116000021,463,313,150
116000022,387,404,-17
116000023,1068,793,275
116000024,843,1004,-161
116000025,956,855,101
116000026,1970,3071,-1101
116000027,786,706,80
116000028,490,890,-400
116000029,723,789,-66
116000030,870,428,442
116000031,252,340,-88
116000032,171,173,-2
116000033,227,212,15
116000034,895,536,359
116000035,283,807,-524
116000036,2370,2006,364
116000037,883,768,115
116000038,540,550,-10
116000039,671,585,86
116000040,946,347,599
116000041,303,685,-382
116000042,768,352,416
116000043,168,1343,-1175
116000044,2,69,-67
116000045,2144,1640,504
116000046,1258,2041,-783
116000047,1876,2116,-240
116000048,2164,1778,386
116000049,1397,3214,-1817
116000050,1574,1342,232
116000051,6632,2999,3633
116000052,5943,5531,412
116000053,2111,843,1268
116000054,926,3046,-2120
116000055,653,961,-308
116000056,861,1062,-201
116000057,3312,1751,1561
116000058,3983,3359,624
116000059,3843,5394,-1551
116000060,2392,1002,1390
116000061,388,896,-508
116000062,606,253,353
116000063,611,1019,-408
116000066,262,635,-373
116000067,254,430,-176
116000068,279,345,-66
116000069,315,424,-109
116000078,624,1332,-708
116000080,2065,955,1110
116000082,6,70,-64
116000083,1707,480,1227
116000084,2224,3615,-1391
116000085,2166,1975,191
116000086,1772,931,841
116000087,1946,1643,303
116000088,770,1127,-357
116000089,172,118,54
116000090,111,189,-78
116000091,839,228,611
116000093,1275,679,596
116000094,727,663,64
116000095,807,725,82
116000096,842,1488,-646
116000097,1018,862,156
116000098,26,6133,-6107
116000099,6826,261,6565
116000100,327,21,306
116000101,929,944,-15
116000102,235,1373,-1138
116000103,442,305,137
116000104,267,1402,-1135
116000105,1074,173,901
116000106,465,873,-408
116000107,2425,352,2073
116000108,89,192,-103
116000111,141,53,88
116000113,181,120,61
116000114,47,169,-122
116000115,475,113,362
116000116,240,564,-324
116000117,1669,1827,-158
116000118,1578,1340,238
116000119,3579,1887,1692
116000120,2869,3937,-1068
116000121,1014,607,407
116000122,1286,1687,-401
116000123,1158,482,676
116000124,421,963,-542
116000125,3074,798,2276
116000126,340,1514,-1174
116000127,955,1300,-345
116000128,1980,924,1056
116000129,1399,266,1133
116000130,518,546,-28
116000133,1109,840,269
116000134,1870,2025,-155
116000135,2819,1499,1320
116000136,1099,1932,-833
116000137,1231,744,487
116000138,1290,752,538
116000139,1701,2618,-917
116000140,188,175,13
116000141,317,614,-297
116000142,3291,2491,800
116000143,1773,1588,185
116000144,1475,1861,-386
116000145,1623,1178,445
116000146,575,253,322
116000147,266,147,119
116000148,593,517,76
116000149,898,873,25
116000151,486,545,-59
116000153,150,426,-276
116000155,220,273,-53
116000156,1169,1359,-190
116000157,61,20,41
116000158,225,384,-159
116000159,17,8,9
116000160,13,62,-49
116000161,10,137,-127
116000162,110,106,4
116000163,20,11,9
116000164,17,24,-7
116000177,91,109,-18
116000194,97,434,-337
116000195,1377,585,792
116000196,23,11,12
116000197,9,12,-3
116000198,2701,1272,1429
116000200,726,461,265
116000201,715,711,4
116000202,3,240,-237
116000203,2,125,-123
116000204,13,75,-62
116000205,0,150,-150
116000206,0,82,-82
116000207,5,45,-40
116000233,193,510,-317
116000287,176,440,-264
116000288,276,228,48
116000292,61,138,-77
116000296,22,238,-216
116000297,103,26,77
116000304,290,8,282
116000305,22,205,-183
116000346,223,127,96
116000352,119,62,57
116000354,35,15,20
116000357,11,29,-18
116000358,385,43,342
116000361,71,5,66
116000372,4791,4225,566
116000381,96,1,95
116000388,1,54,-53
116000389,1116,628,488
116000445,466,445,21
116000446,662,541,121
116000447,34,548,-514
116000448,559,176,383
116000563,1232,1007,225
116000565,42,394,-352
116000568,62,448,-386
116000579,26,95,-69
116000584,21,8,13
116000585,27,28,-1
116000586,89,188,-99
116000587,409,536,-127
116000589,128,98,30
116000590,147,66,81
116000591,259,205,54
116000592,15,114,-99
116000593,0,26,-26
116000594,557,417,140
116000595,754,134,620
116000596,88,3,85
116000597,530,87,443
116000598,21,157,-136
116000602,55,462,-407
116000605,453,135,318
116000606,92,235,-143
116000607,12,53,-41
116000609,232,874,-642
116000611,164,431,-267
116000612,682,1814,-1132
116000613,702,330,372
116000614,392,533,-141
116000615,29,424,-395
116000616,73,69,4
116000617,56,26,30
116000618,6,70,-64
116000619,74,72,2
116000620,128,65,63
116000621,59,125,-66
116000622,67,129,-62
116000624,167,101,66
116000628,2,75,-73
116000629,0,106,-106
116000630,130,4,126
116000631,69,2,67
116000632,270,127,143
116000633,18,182,-164
116000634,218,0,218
116900001,276,198,78
116900002,289,4,285
116900003,37,47,-10
116900004,50,56,-6
116900005,279,101,178
116900006,340,449,-109
116900007,132,218,-86
116900008,515,246,269
116900009,21,10,11
116900010,4,1154,-1150
116900011,40,55,-15
116900012,202,203,-1
116900013,8,180,-172
116900014,130,188,-58
116900015,419,67,352
116900016,197,4,193
116900017,3,468,-465
116900018,100,38,62
116900019,7,334,-327
116900020,819,800,19
116900023,84,26,58
116900024,559,38,521
116900025,1205,956,249
116900026,131,657,-526
116900027,37,47,-10
116900028,2,115,-113
116900029,1,49,-48
116900031,3,3,0
116900032,21,321,-300
116900033,25,13,12
116900034,39,64,-25
116900035,142,146,-4
116900036,4,109,-105
116900038,56,3,53
116900041,104,23,81
116900042,564,254,310
116900043,26,64,-38
116900045,309,128,181
116900047,37,170,-133
116900049,30,363,-333
116900050,113,455,-342
116900051,133,230,-97
116900052,183,92,91
116900055,3,14,-11
116900057,15,220,-205
116900058,56,375,-319
116900059,2,181,-179
116900060,193,214,-21
116900062,4,9,-5
116900064,88,529,-441
116900065,36,157,-121
116900067,129,86,43
116900068,113,269,-156
116900070,2,11,-9
116900072,24,307,-283
116900073,19,131,-112
116900074,13,50,-37
116900076,9,67,-58
116900077,10,124,-114
116900078,196,102,94
116900079,68,244,-176
116900080,20,25,-5
116900081,418,1199,-781
116900082,432,1046,-614
116900083,37,40,-3
116900084,143,70,73
116900085,49,163,-114
116900086,67,210,-143
116900088,375,117,258
116900090,83,54,29
116900091,298,39,259
116900092,101,653,-552
116900093,1731,2116,-385
116900094,4512,3853,659
116900095,273,125,148
116900096,194,430,-236
116900097,2649,2948,-299
116900098,942,456,486
116900099,895,810,85
116900100,872,54,818
116900101,411,527,-116
116900103,12,0,12
116900104,73,90,-17
116900105,278,167,111
116900106,1833,188,1645
116900107,3506,2583,923
116900110,14,2,12
116900111,512,551,-39
116900112,272,939,-667
116900113,1792,1135,657
116900116,147,682,-535
116900117,121,118,3
116900118,703,891,-188
116900120,371,88,283
116900121,166,34,132
116900122,877,760,117
116900123,255,752,-497
116900124,244,872,-628
116900125,466,325,141
116900126,135,563,-428
116900128,0,38,-38
116900129,2,309,-307
116900130,672,3707,-3035
116900131,96,394,-298
116900132,56,136,-80
116900133,166,161,5
116900134,256,277,-21
116900136,214,251,-37
116900137,253,139,114
116900138,229,196,33
116900139,187,447,-260
116900140,246,177,69
116900141,888,520,368
116900142,3,82,-79
116900143,482,634,-152
116900144,56,89,-33
116900145,107,243,-136
116900147,551,481,70
116900148,16,61,-45
116900149,50,276,-226
116900150,16,16,0
116900151,25,12,13
116900153,109,90,19
116900154,645,636,9
116900155,102,109,-7
116900157,620,205,415
116900158,121,297,-176
116900159,55,314,-259
116900160,965,1023,-58
116900161,6380,6897,-517
116900162,12,80,-68
116900163,199,126,73
116900164,131,72,59
116900165,234,396,-162
116900166,30,56,-26
116900167,433,69,364
116900168,305,66,239
116900169,534,594,-60
116900170,325,700,-375
116900171,49,172,-123
116900172,218,258,-40
116900173,214,29,185
116900174,85,46,39
116900175,226,186,40
116900178,34,131,-97
116900179,123,296,-173
116900180,97,32,65
116900182,621,272,349
116900183,131,93,38
116900185,46,63,-17
116900186,109,212,-103
116900187,87,66,21
116900188,177,29,148
116900189,87,1,86
116900191,466,650,-184
116900192,342,140,202
116900194,164,1331,-1167
116900195,51,28,23
116900196,21,83,-62
116900197,119,16,103
116900198,145,219,-74
116900200,53,37,16
116900201,140,24,116
116900202,109,67,42
116900203,191,9,182
116900204,50,99,-49
116900206,8,18,-10
116900207,29,27,2
116900208,11,117,-106
116900209,25,95,-70
116900210,626,354,272
116900211,307,7,300
116900212,70,39,31
116900213,271,108,163
116900214,216,183,33
116900215,91,52,39
116900216,242,205,37
116900218,15,272,-257
116900219,1406,364,1042
116900220,131,285,-154
116900221,110,428,-318
116900222,442,463,-21
116900223,144,361,-217
116900226,81,69,12
116900227,175,86,89
116900228,264,210,54
116900230,79,255,-176
116900231,33,324,-291
116900232,16,356,-340
116900233,257,120,137
116900234,26,14,12
116900235,129,362,-233
116900238,1677,385,1292
116900239,28,1353,-1325
116900240,5452,3101,2351
116900241,116,229,-113
116900242,366,621,-255
116900243,30,63,-33
116900245,42,16,26
116900246,123,12,111
116900247,730,21,709
116900248,88,35,53
116900249,423,153,270
116900250,716,65,651
116900251,419,507,-88
116900252,144,722,-578
116900253,142,101,41
116900254,39,70,-31
116900255,97,70,27
116900256,407,164,243
116900257,25,440,-415
116900258,3,211,-208
116900259,252,12,240
116900260,2,114,-112
116900261,71,3,68
116900262,190,161,29
116900263,0,11,-11
116900264,1,3,-2
116900265,31,0,31
116900266,15,55,-40
116900267,5,0,5
116900268,303,233,70
116900269,303,561,-258
116900271,1854,194,1660
116900272,354,304,50
116900273,167,47,120
116900274,98,68,30
116900275,160,99,61
116900276,430,192,238
116900277,564,50,514
116900278,8,13,-5
116900279,2,36,-34
116900280,44,42,2
116900281,5706,4339,1367
116900282,1,128,-127
116900283,31,105,-74
116900284,39,210,-171
116900285,198,179,19
116900286,242,26,216
116900287,12,43,-31
116900288,78,128,-50
116900289,10,9,1
116900290,2,19,-17
116900291,34,10,24
116900292,0,15,-15
116900293,49,50,-1
116900294,37,160,-123
116900295,82,58,24
116900296,40,45,-5
116900297,6,56,-50
116900298,39,50,-11
116900299,25,52,-27
116900300,25,42,-17
116900301,22,58,-36
116900302,1331,1191,140
116900303,240,92,148
116900304,0,158,-158
116900305,13,38,-25
116900306,147,124,23
117000001,2344,1799,545
117000002,1936,4352,-2416
117000003,6660,3356,3304
117000004,3785,5240,-1455
117000005,2001,1855,146
117000006,1149,3032,-1883
117000007,3898,1115,2783
117000008,1015,3462,-2447
117000009,5148,2195,2953
117000010,2603,3715,-1112
117000011,1935,1625,310
117000012,1224,1243,-19
117000013,1808,869,939
117000014,1254,2011,-757
117000015,2849,1298,1551
117000016,363,124,239
117000017,212,115,97
117000018,171,697,-526
117000019,93,1,92
117000020,455,1702,-1247
117000021,1666,323,1343
117000022,409,152,257
117000023,260,152,108
117000024,287,246,41
117000025,522,1210,-688
117000026,2261,1362,899
117000027,1798,3605,-1807
117000028,2949,1184,1765
117000030,192,145,47
117000032,1524,1444,80
117000033,1578,1327,251
117000034,160,133,27
117000036,171,130,41
117000038,116,313,-197
117000039,46,52,-6
117000040,198,900,-702
117000041,1173,173,1000
117000044,13,641,-628
117000045,401,86,315
117000046,431,758,-327
117000047,799,752,47
117000048,2026,969,1057
117000049,132,821,-689
117000050,121,1620,-1499
117000051,2164,116,2048
117000052,68,286,-218
117000053,554,60,494
117000054,1829,11,1818
117000055,11,2932,-2921
117000056,777,30,747
117000057,521,2389,-1868
117000060,560,1480,-920
117000061,1728,872,856
117000062,360,737,-377
117000063,1957,1042,915
117000064,799,840,-41
117000066,1186,890,296
117000067,123,677,-554
117000074,142,183,-41
117000076,88,37,51
117000077,219,192,27
117000078,163,628,-465
117000079,507,280,227
117000080,3,300,-297
117000081,1350,163,1187
117000082,9,111,-102
117000083,113,13,100
117000084,211,1,210
117000085,257,743,-486
117000086,765,484,281
117000087,121,510,-389
117000088,248,192,56
117000089,1622,265,1357
117000090,319,1161,-842
117000091,962,282,680
117000092,440,1224,-784
117000093,1260,770,490
117000094,1361,2629,-1268
117000095,3879,987,2892
117000096,688,2182,-1494
117000097,1547,1133,414
117000098,2379,4252,-1873
117000099,3982,1213,2769
117000100,246,408,-162
117000101,215,1121,-906
117000102,1782,731,1051
117000103,708,1525,-817
117000104,1450,650,800
117000105,911,1422,-511
117000106,1293,788,505
117000107,497,1845,-1348
117000108,1804,882,922
117000109,1562,2389,-827
117000110,1689,1206,483
117000111,3749,4353,-604
117000112,3644,1801,1843
117000113,185,264,-79
117000114,262,166,96
117000115,87,141,-54
117000116,143,290,-147
117000117,2185,1476,709
117000118,343,148,195
117000119,197,212,-15
117000120,244,664,-420
117000121,208,1357,-1149
117000122,225,560,-335
117000123,1704,62,1642
117000124,745,162,583
117000125,338,160,178
117000126,62,59,3
117000127,167,439,-272
117000128,436,843,-407
117000129,198,82,116
117000130,85,2,83
117000131,1,48,-47
117000132,2898,55,2843
117000133,1782,74,1708
117000134,0,44,-44
117000135,0,63,-63
117000136,1,25,-24
117000137,111,150,-39
117000138,6,838,-832
117000140,473,1524,-1051
117000141,1848,559,1289
117000181,626,294,332
117000182,354,644,-290
117000195,194,982,-788
117000196,250,143,107
117000225,64,17,47
117000226,8,82,-74
117000276,281,22,259
117000277,2,303,-301
117000310,1488,1971,-483
117000315,66,596,-530
117000320,58,0,58
117000906,327,17,310
117000907,24,300,-276
117000908,31,34,-3
117000909,60,67,-7
117000910,215,156,59
117000911,95,201,-106
117000915,7,457,-450
117000916,34,2,32
117000917,1308,39,1269
117000918,89,87,2
117000919,25,94,-69
117000920,3,1278,-1275
117000921,1,1117,-1116
117000922,39,114,-75
117000924,579,843,-264
117000926,843,85,758
117000927,2057,1681,376
117000928,0,120,-120
117000929,215,210,5
117000930,160,20,140
117000931,598,211,387
117900002,90,429,-339
117900003,751,532,219
117900005,9,37,-28
117900006,0,36,-36
117900007,181,157,24
117900008,0,35,-35
117900010,241,82,159
117900011,46,132,-86
117900012,75,113,-38
117900013,0,181,-181
117900014,319,103,216
117900015,10,84,-74
117900016,1306,1084,222
117900017,444,261,183
117900018,142,116,26
117900019,529,252,277
117900020,64,565,-501
117900021,27,76,-49
117900022,36,13,23
117900023,702,145,557
117900024,103,65,38
117900025,28,14,14
117900026,447,298,149
117900028,23,3,20
117900029,276,572,-296
117900030,629,316,313
117900031,155,89,66
117900032,1026,517,509
117900033,303,602,-299
117900034,39,34,5
117900035,196,68,128
117900036,303,366,-63
117900037,188,137,51
117900038,42,259,-217
117900039,10,57,-47
117900040,99,417,-318
117900041,8,90,-82
117900042,3983,491,3492
117900043,33,81,-48
117900044,28,2955,-2927
117900045,219,167,52
117900048,396,236,160
117900049,245,418,-173
117900050,2,46,-44
117900051,49,8,41
117900052,83,455,-372
117900053,1563,636,927
117900054,1,29,-28
117900055,241,86,155
117900056,278,5,273
117900057,1076,1119,-43
117900058,567,1559,-992
117900059,330,103,227
117900060,2312,4665,-2353
117900061,28,190,-162
117900063,444,178,266
117900065,612,1275,-663
117900066,17,88,-71
117900067,548,200,348
117900069,805,345,460
117900070,176,37,139
117900071,88,153,-65
117900073,490,318,172
117900074,87,35,52
117900075,97,90,7
117900076,17,59,-42
117900077,620,174,446
117900078,362,831,-469
117900080,130,57,73
117900081,534,384,150
117900082,431,326,105
117900083,390,384,6
117900086,171,31,140
117900087,171,83,88
117900088,3296,2096,1200
117900089,2574,807,1767
117900090,445,445,0
117900091,239,180,59
117900092,79,17,62
117900093,123,98,25
117900094,44,21,23
117900095,272,253,19
117900096,125,300,-175
117900097,343,141,202
117900098,28,16,12
117900099,164,250,-86
117900100,242,5,237
117900101,464,1804,-1340
117900102,71,80,-9
117900103,50,2,48
117900104,16,64,-48
117900105,175,189,-14
117900106,122,52,70
117900107,46,0,46
117900109,623,401,222
117900110,149,5,144
117900111,250,24,226
117900112,103,12,91
117900113,3120,1889,1231
117900114,40,3,37
117900115,289,73,216
117900116,1020,843,177
117900117,726,385,341
117900118,60,0,60
117900119,182,155,27
117900120,218,45,173
117900121,70,48,22
117900122,1641,3942,-2301
117900123,722,451,271
117900124,869,719,150
117900125,1930,1993,-63
117900126,216,591,-375
117900127,547,531,16
117900128,367,806,-439
117900129,77,1,76
117900130,1396,421,975
117900131,9,133,-124
117900132,26,101,-75
117900133,10,123,-113
117900134,83,294,-211
117900135,44,198,-154
117900136,0,34,-34
117900137,44,344,-300
117900138,2,34,-32
117900139,172,140,32
117900140,3148,253,2895
117900141,172,227,-55
117900142,99,80,19
117900144,58,196,-138
117900145,50,36,14
117900146,220,232,-12
117900147,98,75,23
117900148,2879,1724,1155
117900149,103,208,-105
117900150,69,37,32
117900151,31,98,-67
117900152,94,59,35
117900153,18,116,-98
117900154,451,606,-155
117900156,970,812,158
117900157,177,574,-397
117900158,290,154,136
117900160,777,733,44
117900161,2493,2199,294
117900162,466,448,18
117900163,61,124,-63
117900165,0,15,-15
117900166,124,604,-480
117900168,2,194,-192
117900169,0,79,-79
117900170,2,40,-38
117900171,4,17,-13
117900172,25,36,-11
117900173,154,86,68
117900174,33,80,-47
117900175,10,50,-40
117900176,9,41,-32
117900177,38,42,-4
117900178,149,38,111
117900180,230,34,196
117900181,104,309,-205
117900182,1,28,-27
117900183,46,222,-176
117900184,20,68,-48
117900185,43,35,8
117900186,38,16,22
117900187,31,8,23
117900188,171,35,136
117900189,52,19,33
117900190,47,0,47
117900191,84,2,82
117900192,259,3,256
117900193,30,82,-52
117900194,8,7,1
117900195,43,49,-6
117900196,17,39,-22
117900207,187,179,8
117900208,44,63,-19
117900209,165,149,16
117900210,141,229,-88
117900211,17,184,-167
117900212,155,186,-31
117900213,25,10,15
117900214,12,33,-21
117900216,8,64,-56
117900217,56,521,-465
117900218,165,126,39
117900219,7,167,-160
117900220,108,104,4
117900221,20,7,13
118000001,896,1039,-143
118000002,889,1985,-1096
118000003,2177,3388,-1211
118000004,2581,2145,436
118000005,5341,6460,-1119
118000006,6355,10366,-4011
118000007,5318,4072,1246
118000008,4230,4039,191
118000009,1999,4372,-2373
118000010,7480,4663,2817
118000011,1605,2406,-801
118000012,1230,2163,-933
118000013,2875,2457,418
118000014,2080,2476,-396
118000016,240,324,-84
118000017,551,480,71
118000018,459,555,-96
118000019,2316,1642,674
118000020,1583,4780,-3197
118000021,747,4106,-3359
118000022,1930,939,991
118000023,1066,265,801
118000024,1853,1820,33
118000025,1148,2498,-1350
118000027,13634,12870,764
118000029,1134,868,266
118000032,1392,4341,-2949
118000033,3317,7569,-4252
118000034,5895,3057,2838
118000035,1851,3801,-1950
118000036,1033,1498,-465
118000037,791,998,-207
118000038,263,101,162
118000039,96,208,-112
118000040,1865,1579,286
118000041,2359,1386,973
118000045,503,186,317
118000046,1478,717,761
118000047,1020,1352,-332
118000048,2734,1934,800
118000051,4057,2589,1468
118000052,2662,1501,1161
118000053,407,967,-560
118000054,1796,1935,-139
118000055,1792,1982,-190
118000056,549,475,74
118000057,330,512,-182
118000058,3151,2382,769
118000059,2055,1600,455
118000060,1128,690,438
118000061,1242,1463,-221
118000062,668,358,310
118000063,403,861,-458
118000064,923,1296,-373
118000065,3900,1788,2112
118000066,869,1654,-785
118000067,1090,993,97
118000068,1756,4550,-2794
118000069,3556,1217,2339
118000070,5453,2137,3316
118000071,3528,6601,-3073
118000072,1603,1372,231
118000073,1994,702,1292
118000074,532,440,92
118000075,757,322,435
118000076,1681,2444,-763
118000077,1346,1371,-25
118000078,1873,2612,-739
118000079,379,555,-176
118000080,1132,904,228
118000081,1767,1327,440
118000082,338,1314,-976
118000083,1944,1917,27
118000084,3535,1733,1802
118000086,255,545,-290
118000087,4814,2739,2075
118000088,2033,1699,334
118000089,3964,2150,1814
118000090,1527,2700,-1173
118000091,1196,2236,-1040
118000092,1071,558,513
118000093,95,812,-717
118000096,514,692,-178
118000097,930,658,272
118000098,257,206,51
118000099,681,768,-87
118000101,1232,306,926
118000102,428,1157,-729
118000107,1828,576,1252
118000108,829,2152,-1323
118000110,0,27,-27
118000111,0,263,-263
118000112,467,4,463
118000113,1,460,-459
118000114,384,3,381
118000115,35,12,23
118000116,28,1,27
118000117,1118,756,362
118000118,993,958,35
118000119,944,1171,-227
118000120,1645,1320,325
118000121,80,696,-616
118000122,1463,397,1066
118000123,45,278,-233
118000125,1550,912,638
118000126,687,1491,-804
118000127,2437,704,1733
118000128,824,1052,-228
118000129,892,431,461
118000130,2320,3232,-912
118000131,590,740,-150
118000132,2617,1964,653
118000133,879,378,501
118000135,657,382,275
118000136,117,401,-284
118000137,731,103,628
118000138,371,540,-169
118000139,451,86,365
118000140,2908,4900,-1992
118000141,2255,1861,394
118000142,1858,1643,215
118000143,2273,1214,1059
118000144,1185,834,351
118000145,1679,1765,-86
118000146,1278,775,503
118000147,875,1547,-672
118000148,466,1182,-716
118000149,1106,901,205
118000150,538,203,335
118000151,569,472,97
118000153,1559,1226,333
118000154,1590,1666,-76
118000155,1357,1330,27
118000156,2152,2412,-260
118000157,623,385,238
118000158,223,383,-160
118000159,29,130,-101
118000160,540,444,96
118000161,480,713,-233
118000162,1905,905,1000
118000163,1068,898,170
118000164,2227,1549,678
118000168,1156,720,436
118000169,1172,1207,-35
118000170,4088,5439,-1351
118000171,356,818,-462
118000172,115,313,-198
118000173,984,1309,-325
118000175,375,397,-22
118000176,293,479,-186
118000177,266,588,-322
118000178,36,36,0
118000179,1395,1262,133
118000180,1002,654,348
118000181,805,345,460
118000182,305,224,81
118000183,241,277,-36
118000184,915,684,231
118000185,1481,1348,133
118000186,975,1228,-253
118000187,1454,658,796
118000188,634,213,421
118000189,610,710,-100
118000190,10,10,0
118000191,28,22,6
118000192,198,285,-87
118000193,157,502,-345
118000194,1260,935,325
118000195,849,1276,-427
118000196,327,257,70
118000197,182,178,4
118000198,368,598,-230
118000199,295,342,-47
118000200,107,263,-156
118000201,460,495,-35
118000202,64,74,-10
118000203,879,642,237
118000204,124,354,-230
118000205,201,385,-184
118000206,256,201,55
118000207,0,75,-75
118000208,1438,1597,-159
118000209,2329,1859,470
118000210,81,38,43
118000211,42,40,2
118000213,1841,2158,-317
118000214,627,550,77
118000215,357,138,219
118000216,2388,2720,-332
118000217,41,112,-71
118000218,83,126,-43
118000219,488,256,232
118000220,2,30,-28
118000221,202,341,-139
118000222,88,16,72
118000223,23,49,-26
118000224,186,76,110
118000225,113,643,-530
118000226,980,243,737
118000227,847,453,394
118000228,176,388,-212
118000229,278,114,164
118000230,168,199,-31
118000231,90,233,-143
118000232,826,769,57
118000233,1240,873,367
118000234,505,246,259
118000236,500,334,166
118000237,118,374,-256
118000238,296,179,117
118000239,332,263,69
118000240,345,183,162
118000241,153,167,-14
118000242,403,522,-119
118000243,281,202,79
118000244,59,105,-46
118000246,1,21,-20
118000255,72,218,-146
118000256,102,196,-94
118000259,18,53,-35
118000260,155,81,74
118000261,46,68,-22
118000263,75,190,-115
118000266,98,254,-156
118000267,0,123,-123
118000268,292,1,291
118000270,98,35,63
118000271,135,268,-133
118000272,131,29,102
118000273,144,70,74
118000274,82,272,-190
118000276,493,388,105
118000295,5,141,-136
118000298,195,245,-50
118000299,56,145,-89
118000301,0,50,-50
118000302,108,50,58
118000311,520,94,426
118000312,272,201,71
118000313,48,124,-76
118000314,78,60,18
118000315,41,36,5
118000316,769,481,288
118000325,59,52,7
118000326,55,38,17
118000331,59,57,2
118000332,25,35,-10
118000333,58,80,-22
118000335,335,0,335
118000336,1,184,-183
118000407,180,74,106
118000457,11,28,-17
118000465,3547,4401,-854
118000480,30,87,-57
118000489,37,329,-292
118000490,28,266,-238
118000492,240,196,44
118000510,82,21,61
118000514,114,292,-178
118000515,799,630,169
118000517,385,201,184
118000524,356,333,23
118000525,848,818,30
118000530,22,116,-94
118000531,343,272,71
118000532,236,319,-83
118000533,299,139,160
118000534,664,536,128
118000535,262,170,92
118000536,889,2084,-1195
118000537,21,206,-185
118000538,31,55,-24
118000539,20,102,-82
118000540,301,150,151
118000541,198,57,141
118000542,130,214,-84
118000543,221,182,39
118000546,47,33,14
118000560,2528,2263,265
118000562,36,199,-163
118000563,1592,1267,325
118000576,150,134,16
118000577,159,140,19
118000578,109,72,37
118000579,531,1185,-654
118000595,258,106,152
118000596,0,79,-79
118000597,115,76,39
118000598,21,0,21
118000599,37,34,3
118000600,2,35,-33
118000601,24,0,24
118000602,1,16,-15
118000603,0,12,-12
118900001,672,1460,-788
118900002,839,930,-91
118900003,476,16,460
118900004,87,62,25
118900005,52,7,45
118900006,137,6,131
118900007,8,2,6
118900008,1919,60,1859
118900009,80,53,27
118900010,64,4,60
118900011,148,26,122
118900012,438,210,228
118900013,517,162,355
118900015,243,83,160
118900016,11,15,-4
118900017,204,313,-109
118900018,1107,23,1084
118900019,60,23,37
118900020,217,138,79
118900021,195,388,-193
118900022,132,107,25
118900023,201,74,127
118900024,90,190,-100
118900025,92,32,60
118900026,67,85,-18
118900027,430,196,234
118900028,219,208,11
118900029,367,563,-196
118900030,359,52,307
118900031,204,103,101
118900032,219,142,77
118900033,419,459,-40
118900034,161,36,125
118900035,145,209,-64
118900036,1192,723,469
118900037,398,265,133
118900038,463,212,251
118900039,624,130,494
118900040,210,213,-3
118900041,583,135,448
118900042,192,113,79
118900045,281,177,104
118900046,823,371,452
118900047,562,240,322
118900048,148,204,-56
118900049,50,59,-9
118900050,35,120,-85
118900051,59,105,-46
118900052,343,257,86
118900053,57,109,-52
118900054,154,43,111
118900055,94,83,11
118900056,24,398,-374
118900057,984,593,391
118900058,359,397,-38
118900059,41,96,-55
118900060,97,106,-9
118900062,667,229,438
118900064,602,592,10
118900065,78,145,-67
118900066,86,82,4
118900067,5010,3260,1750
118900068,11,200,-189
118900069,452,220,232
118900071,12,81,-69
118900072,411,355,56
118900073,133,111,22
118900074,126,162,-36
118900075,64,61,3
118900076,203,88,115
118900077,400,214,186
118900078,65,13,52
118900079,54,219,-165
118900080,20,173,-153
118900081,77,39,38
118900082,780,154,626
118900083,51,3,48
118900084,11,29,-18
118900085,620,834,-214
118900086,62,102,-40
118900087,32,264,-232
118900088,1,10,-9
118900089,21,14,7
118900090,484,385,99
118900091,229,200,29
118900092,136,90,46
118900093,139,25,114
118900096,52,35,17
118900097,262,404,-142
118900099,101,229,-128
118900100,158,254,-96
118900101,94,459,-365
118900102,54,104,-50
118900103,73,120,-47
118900104,260,137,123
118900105,302,128,174
118900107,207,116,91
118900108,123,120,3
118900109,1055,629,426
118900110,1403,792,611
118900111,449,542,-93
118900112,73,206,-133
118900113,95,426,-331
118900114,29,88,-59
118900115,160,475,-315
118900116,132,256,-124
118900117,130,221,-91
118900118,336,351,-15
118900119,151,244,-93
118900120,94,361,-267
118900121,6,156,-150
118900122,25,1021,-996
118900123,192,245,-53
118900124,82,173,-91
118900126,27,444,-417
118900129,268,226,42
118900130,65,197,-132
118900131,177,188,-11
118900132,423,242,181
118900133,17,117,-100
118900135,248,231,17
118900136,189,564,-375
118900137,15,54,-39
118900139,219,362,-143
118900140,417,616,-199
118900141,98,154,-56
118900144,119,425,-306
118900145,96,126,-30
118900146,350,586,-236
118900147,231,150,81
118900148,115,96,19
118900150,125,637,-512
118900152,613,799,-186
118900157,101,148,-47
118900158,116,62,54
118900159,1,185,-184
118900161,64,15,49
118900163,112,131,-19
118900164,2,142,-140
118900165,48,182,-134
118900166,35,0,35
118900167,109,124,-15
118900168,13,217,-204
118900169,91,303,-212
118900170,193,136,57
118900171,38,43,-5
118900174,72,67,5
118900175,492,473,19
118900176,179,352,-173
118900177,58,71,-13
118900178,61,212,-151
118900179,8,34,-26
118900181,97,100,-3
118900182,119,52,67
118900183,52,150,-98
118900184,336,97,239
118900185,120,109,11
118900186,115,89,26
118900187,255,267,-12
118900188,408,299,109
118900189,63,873,-810
118900190,9,355,-346
118900191,181,61,120
118900192,231,14,217
118900193,479,17,462
118900195,336,553,-217
118900196,40,137,-97
118900197,161,48,113
118900198,26,24,2
118900199,89,61,28
118900200,29,20,9
118900201,20,21,-1
118900202,12,64,-52
118900203,10,32,-22
118900204,18,15,3
118900205,4,14,-10
118900206,6,34,-28
119000001,1549,2034,-485
119000002,5171,3792,1379
119000003,2803,1186,1617
119000004,2251,1501,750
119000005,1912,2127,-215
119000006,2853,1644,1209
119000007,3701,3339,362
119000008,2040,2039,1
119000009,3919,4906,-987
119000010,6652,4523,2129
119000011,4705,3319,1386
119000012,3799,3833,-34
119000013,2746,1767,979
119000014,1916,3066,-1150
119000019,320,202,118
119000020,2296,1522,774
119000021,4483,2524,1959
119000022,2906,2909,-3
119000023,271,278,-7
119000024,2112,11483,-9371
119000025,7192,1578,5614
119000026,137,483,-346
119000027,286,514,-228
119000028,1957,1001,956
119000029,94,408,-314
119000030,509,1018,-509
119000031,822,678,144
119000032,3401,2865,536
119000033,2506,1529,977
119000034,1206,1132,74
119000035,35,360,-325
119000036,1757,783,974
119000037,1370,1801,-431
119000038,184,841,-657
119000039,369,307,62
119000040,839,616,223
119000041,838,1263,-425
119000048,3459,2757,702
119000049,1883,2120,-237
119000050,2075,1864,211
119000051,2241,1060,1181
119000052,2047,2759,-712
119000053,1953,1227,726
119000054,3674,3224,450
119000055,4595,3238,1357
119000056,2963,2208,755
119000057,1963,1991,-28
119000058,2190,1843,347
119000059,1482,1737,-255
119000060,1712,1329,383
119000061,1215,831,384
119000062,1428,1467,-39
119000063,660,388,272
119000064,1070,1336,-266
119000065,2208,4280,-2072
119000066,2773,1248,1525
119000067,2084,2284,-200
119000068,1783,1157,626
119000069,1596,2646,-1050
119000070,2584,891,1693
119000071,550,805,-255
119000072,5768,4006,1762
119000073,6970,7852,-882
119000074,1332,2273,-941
119000075,2491,2491,0
119000076,659,1532,-873
119000077,1239,766,473
119000078,490,260,230
119000079,253,972,-719
119000080,401,250,151
119000081,436,606,-170
119000082,1176,305,871
119000083,649,413,236
119000084,370,540,-170
119000085,778,236,542
119000086,347,424,-77
119000087,1691,902,789
119000088,424,262,162
119000089,74,183,-109
119000090,160,154,6
119000091,133,446,-313
119000092,571,190,381
119000093,3777,2891,886
119000094,3315,5333,-2018
119000095,1917,3154,-1237
119000097,2140,1492,648
119000098,1079,2976,-1897
119000099,2710,1847,863
119000100,4090,3153,937
119000101,6034,2680,3354
119000102,962,1249,-287
119000103,1858,774,1084
119000104,2465,1471,994
119000105,1250,2084,-834
119000106,363,1401,-1038
119000107,970,514,456
119000108,400,883,-483
119000109,218,1198,-980
119000110,1102,1206,-104
119000111,82,801,-719
119000112,262,286,-24
119000113,3839,419,3420
119000114,1166,948,218
119000115,190,156,34
119000116,127,104,23
119000117,195,400,-205
119000118,3,3,0
119000123,4306,2410,1896
119000124,762,288,474
119000125,3715,725,2990
119000126,683,612,71
119000127,487,582,-95
119000128,39,5,34
119000131,926,693,233
119000132,2,7,-5
119000133,8,8,0
119000134,1872,588,1284
119000135,152,336,-184
119000136,252,227,25
119000137,258,351,-93
119000138,525,317,208
119000139,322,254,68
119000140,268,447,-179
119000284,1282,2637,-1355
119000285,2071,2111,-40
119000286,7522,5853,1669
119000287,1328,2245,-917
119000288,1877,1352,525
119000289,1615,2825,-1210
119000290,232,422,-190
119000291,12,280,-268
119000293,114,162,-48
119000294,56,30,26
119000295,1577,416,1161
119000296,220,151,69
119000302,2276,1291,985
119000303,32,138,-106
119000314,1715,10547,-8832
119000315,1,340,-339
119000316,108,116,-8
119000317,102,291,-189
119900001,256,1301,-1045
119900002,178,258,-80
119900003,41,1074,-1033
119900004,360,1237,-877
119900005,167,123,44
119900006,275,442,-167
119900007,1334,245,1089
119900008,107,50,57
119900009,734,722,12
119900010,2458,2187,271
119900011,27,115,-88
119900012,19,86,-67
119900013,2377,1676,701
119900014,881,503,378
119900015,132,44,88
119900016,45,77,-32
119900017,43,62,-19
119900018,2160,900,1260
119900019,51,7,44
119900020,236,227,9
119900021,208,129,79
119900022,146,756,-610
119900023,533,1266,-733
119900025,180,38,142
119900026,789,190,599
119900027,51,35,16
119900028,266,113,153
119900029,4,4,0
119900030,608,511,97
119900031,105,448,-343
119900033,3001,351,2650
119900034,403,155,248
119900037,179,34,145
119900038,74,339,-265
119900039,66,14,52
119900040,332,22,310
119900041,149,32,117
119900042,122,218,-96
119900043,77,182,-105
119900044,209,914,-705
119900046,143,63,80
119900047,332,74,258
119900048,48,24,24
119900049,146,7,139
119900050,290,178,112
119900051,963,14,949
119900052,77,64,13
119900053,230,162,68
119900054,140,8,132
119900055,1398,444,954
119900057,248,88,160
119900058,263,6,257
119900059,230,60,170
119900060,300,41,259
119900061,315,9,306
119900062,71,21,50
119900063,16,53,-37
119900064,508,106,402
119900065,286,13,273
119900066,1,1,0
119900067,198,36,162
119900068,467,1,466
119900069,89,13,76
119900070,1189,39,1150
119900071,723,28,695
119900072,337,618,-281
119900073,1782,620,1162
119900074,60,41,19
119900075,5000,2989,2011
119900076,730,370,360
119900077,922,970,-48
119900078,555,802,-247
119900079,280,267,13
119900080,380,285,95
119900081,42,51,-9
119900082,1526,219,1307
119900083,605,192,413
119900084,868,385,483
119900085,68,65,3
119900086,181,829,-648
119900087,747,430,317
119900088,35,72,-37
119900089,28,563,-535
119900090,177,72,105
119900091,99,817,-718
119900092,511,496,15
119900093,1451,329,1122
119900094,61,199,-138
119900095,217,106,111
119900096,42,170,-128
119900097,623,230,393
119900098,67,48,19
119900099,45,295,-250
119900100,2063,3178,-1115
119900101,199,1530,-1331
119900102,44,252,-208
119900103,77,338,-261
119900104,69,232,-163
119900105,1737,5859,-4122
119900106,7,191,-184
119900107,265,2549,-2284
119900108,5004,838,4166
119900109,33,191,-158
119900110,948,577,371
119900111,156,312,-156
119900112,1478,565,913
119900113,100,292,-192
119900114,307,1111,-804
119900115,366,977,-611
119900116,169,409,-240
119900117,330,736,-406
119900118,113,767,-654
119900119,255,241,14
119900120,966,700,266
119900121,359,954,-595
119900122,537,406,131
119900123,215,309,-94
119900124,257,808,-551
119900125,67,291,-224
119900126,5244,374,4870
119900127,2139,1134,1005
119900128,406,722,-316
119900129,207,468,-261
119900130,36,235,-199
119900131,50,258,-208
119900132,14,206,-192
119900133,63,97,-34
119900134,1646,241,1405
119900135,1,400,-399
119900136,206,328,-122
119900138,379,562,-183
119900139,36,132,-96
119900140,3,126,-123
119900141,103,821,-718
119900142,32,57,-25
119900143,23,253,-230
119900144,1455,243,1212
119900145,117,181,-64
119900146,201,256,-55
119900147,1,211,-210
119900148,267,71,196
119900149,1242,4978,-3736
119900150,143,175,-32
119900151,2311,1098,1213
119900152,154,333,-179
119900153,164,77,87
119900154,33,206,-173
119900155,58,48,10
119900156,34,8,26
119900157,142,269,-127
119900158,254,69,185
119900159,6,1271,-1265
119900160,25,181,-156
119900161,173,203,-30
119900162,1067,1113,-46
119900163,109,192,-83
119900164,0,2,-2
119900165,219,206,13
119900166,110,52,58
119900167,95,144,-49
119900168,964,581,383
119900169,315,307,8
119900170,246,302,-56
119900171,1668,485,1183
119900172,183,30,153
119900173,5,444,-439
119900174,6,198,-192
119900175,1541,767,774
119900177,28,230,-202
119900178,9,137,-128
119900179,132,478,-346
119900180,1070,992,78
119900181,95,134,-39
119900182,11,396,-385
119900183,147,613,-466
119900184,2289,684,1605
119900185,51,202,-151
119900186,99,1034,-935
119900187,24,413,-389
119900188,122,355,-233
119900189,582,516,66
119900190,90,351,-261
119900191,363,302,61
119900192,78,175,-97
119900193,375,213,162
119900194,29,83,-54
119900195,563,398,165
119900196,1524,603,921
119900197,236,161,75
119900198,200,313,-113
119900199,197,40,157
119900200,931,608,323
119900201,376,259,117
119900202,108,239,-131
119900203,199,506,-307
119900204,343,366,-23
119900205,771,462,309
119900206,195,166,29
119900208,227,202,25
119900209,563,1403,-840
119900210,40,47,-7
119900211,104,9,95
119900212,163,262,-99
119900213,12,62,-50
119900214,35,61,-26
119900215,61,79,-18
119900216,10,62,-52
119900217,8,53,-45
119900218,78,85,-7
119900219,25,150,-125
119900220,16,129,-113
119900221,25,294,-269
119900222,11,191,-180
119900223,39,81,-42
119900224,11,38,-27
119900225,893,46,847
119900226,743,2231,-1488
119900227,1138,378,760
119900228,80,339,-259
119900229,328,463,-135
119900230,1413,616,797
119900231,268,197,71
119900232,366,141,225
119900233,147,7,140
119900234,30,102,-72
119900235,24,68,-44
119900236,31,223,-192
119900237,72,662,-590
119900238,7,111,-104
119900240,129,224,-95
119900241,182,305,-123
119900242,1609,1905,-296
119900244,759,1954,-1195
119900245,183,253,-70
119900246,409,686,-277
119900247,56,140,-84
119900248,89,266,-177
119900249,293,124,169
119900253,2861,456,2405
119900254,85,705,-620
119900255,170,829,-659
119900256,655,939,-284
119900257,85,7,78
119900258,192,39,153
119900259,7,108,-101
119900260,158,3,155
119900261,300,233,67
119900262,3,187,-184
119900263,1261,490,771
119900264,118,192,-74
119900265,755,425,330
119900266,410,247,163
119900267,320,543,-223
119900268,140,174,-34
119900269,1258,1317,-59
119900271,42,139,-97
119900272,426,304,122
119900275,209,88,121
119900276,63,2,61
119900277,8,4,4
119900278,235,84,151
119900279,152,300,-148
119900280,758,209,549
119900281,1,199,-198
119900282,70,96,-26
119900283,19,210,-191
119900284,72,228,-156
119900285,25,99,-74
119900286,3,23,-20
119900288,5,27,-22
119900289,2,38,-36
119900290,8,25,-17
119900291,1,106,-105
119900292,32,53,-21
119900293,13,90,-77
119900294,15,115,-100
119900295,13,50,-37
119900296,33,204,-171
119900297,3,23,-20
119900298,12,24,-12
119900299,69,212,-143
119900300,178,208,-30
119900301,144,103,41
119900302,180,67,113
119900303,209,182,27
119900304,211,32,179
119900305,16,106,-90
119900306,23,3,20
119900307,91,134,-43
119900308,4,25,-21
119900309,47,125,-78
119900310,325,331,-6
119900311,93,126,-33
119900312,122,104,18
119900313,271,349,-78
119900314,213,419,-206
119900315,1880,2509,-629
119900318,29,37,-8
119900319,2,262,-260
119900320,285,590,-305
119900321,78,1,77
120000001,7001,15757,-8756
120000002,2735,2901,-166
120000003,3719,1678,2041
120000004,2917,2115,802
120000005,4221,2294,1927
120000006,1215,1334,-119
120000007,3701,3150,551
120000008,1095,1425,-330
120000009,3021,1119,1902
120000010,2117,2781,-664
120000011,1128,1836,-708
120000012,1849,2839,-990
120000013,3697,3151,546
120000014,748,1587,-839
120000015,2740,1625,1115
120000016,4085,2297,1788
120000017,2894,2477,417
120000018,3853,12113,-8260
120000019,1153,1427,-274
120000020,3305,3288,17
120000021,2015,2322,-307
120000022,3384,4206,-822
120000023,1064,1555,-491
120000024,1691,2586,-895
120000025,2711,2109,602
120000026,1969,1808,161
120000027,2443,2283,160
120000028,835,1431,-596
120000029,4947,1517,3430
120000030,233,1208,-975
120000031,2784,7672,-4888
120000032,8544,4249,4295
120000033,5263,2046,3217
120000034,2019,1792,227
120000035,2163,2057,106
120000036,3028,5293,-2265
120000037,827,1715,-888
120000038,7037,4476,2561
120000039,677,1120,-443
120000040,124,702,-578
120000041,2061,2157,-96
120000042,2118,2576,-458
120000043,5739,1793,3946
120000044,5739,1750,3989
120000045,6174,1244,4930
120000046,3156,2965,191
120000047,1213,5917,-4704
120000048,7840,5016,2824
120000049,3746,3194,552
120000050,4205,4433,-228
120000051,3374,5164,-1790
120000052,8706,2564,6142
120000053,1215,2409,-1194
120000054,1361,3943,-2582
120000055,1770,4468,-2698
120000056,4728,4015,713
120000057,3338,1085,2253
120000058,4572,1131,3441
120000059,33,1707,-1674
120000061,116,468,-352
120000062,170,386,-216
120000063,1454,2640,-1186
120000064,218,1072,-854
120000065,535,1475,-940
120000066,853,733,120
120000067,133,851,-718
120000068,184,818,-634
120000069,558,1136,-578
120000070,85,597,-512
120000071,514,124,390
120000072,833,444,389
120000073,909,216,693
120000074,326,261,65
120000075,1164,314,850
120000076,2145,433,1712
120000077,2058,698,1360
120000078,4035,1296,2739
120000079,230,148,82
120000080,104,150,-46
120000081,267,136,131
120000082,195,258,-63
120000083,89,706,-617
120000084,421,338,83
120000085,347,321,26
120000086,198,424,-226
120000087,143,563,-420
120000088,810,1234,-424
120000089,1116,753,363
120000090,796,557,239
120000091,931,959,-28
120000092,1497,657,840
120000093,497,498,-1
120000094,181,767,-586
120000095,1108,442,666
120000096,299,755,-456
120000098,1142,873,269
120000099,564,881,-317
120000100,913,945,-32
120000101,603,479,124
120000102,632,864,-232
120000103,1611,910,701
120000104,2067,504,1563
120000105,3482,724,2758
120000106,2534,687,1847
120000107,3945,611,3334
120000108,1331,138,1193
120000109,1290,87,1203
120000110,115,925,-810
120000111,127,993,-866
120000112,699,2604,-1905
120000113,588,1835,-1247
120000114,957,2606,-1649
120000115,361,2170,-1809
120000116,728,2018,-1290
120000117,957,1590,-633
120000118,51,32,19
120000119,24,81,-57
120000120,113,90,23
120000121,33,73,-40
120000122,260,398,-138
120000123,4828,5485,-657
120000124,448,371,77
120000125,551,700,-149
120000126,335,1120,-785
120000127,2885,1176,1709
120000128,3806,4799,-993
120000129,333,297,36
120000130,915,491,424
120000131,318,770,-452
120000134,399,1089,-690
120000135,644,603,41
120000137,316,1369,-1053
120000138,1035,533,502
120000139,292,732,-440
120000140,959,605,354
120000141,694,598,96
120000142,908,782,126
120000143,0,141,-141
120000144,109,7,102
120000145,435,12,423
120000146,1244,1145,99
120000149,814,1210,-396
120000150,3691,13217,-9526
120000151,491,439,52
120000152,556,208,348
120000153,393,605,-212
120000154,502,402,100
120000155,172,259,-87
120000156,776,1241,-465
120000157,1085,660,425
120000158,887,906,-19
120000159,1977,2554,-577
120000160,2584,1433,1151
120000161,2221,2349,-128
120000162,84,272,-188
120000163,848,1185,-337
120000164,661,405,256
120000165,546,860,-314
120000166,1324,625,699
120000167,152,229,-77
120000168,45,792,-747
120000169,95,2032,-1937
120000170,74,1030,-956
120000171,33,408,-375
120000172,26,285,-259
120000173,2956,1246,1710
120000174,588,28,560
120000175,316,29,287
120000176,498,53,445
120000177,1845,230,1615
120000178,200,20,180
120000179,298,70,228
120000180,1126,147,979
120000181,201,1622,-1421
120000182,123,649,-526
120000183,21,616,-595
120000184,205,1468,-1263
120000186,57,420,-363
120000187,63,253,-190
120000188,139,478,-339
120000190,959,75,884
120000191,1123,97,1026
120000192,1498,50,1448
120000193,505,13,492
120000195,175,13,162
120000196,584,64,520
120000197,220,162,58
120000198,211,83,128
120000199,110,0,110
120000200,115,2,113
120000201,13,22,-9
120000202,0,62,-62
120000203,63,168,-105
120000207,2,72,-70
120000208,8,185,-177
120000209,4,54,-50
120000210,51,82,-31
120000211,156,2,154
120000212,167,1,166
120000213,144,210,-66
120000214,0,224,-224
120000215,1,134,-133
120000216,102,25,77
120000217,775,1326,-551
120000218,166,716,-550
120000219,9,428,-419
120000220,32,1490,-1458
120000225,1762,2,1760
120000226,363,6,357
120000227,913,64,849
120000228,11825,3851,7974
120000230,436,22,414
120000231,1412,2193,-781
120000233,424,18,406
120000235,284,601,-317
120000236,1277,9,1268
120000237,0,1428,-1428
120000238,10,1149,-1139
120000241,1252,3803,-2551
120000412,872,19,853
120000413,269,225,44
120000414,179,8,171
120000415,0,83,-83
120000416,200,12,188
120000417,17,71,-54
120000418,222,22,200
120000419,24,268,-244
120000420,43,20,23
120000421,11171,6418,4753
120000422,151,1290,-1139
120000423,6,65,-59
120000424,77,96,-19
120000436,175,612,-437
120000437,149,153,-4
120000438,2525,361,2164
120000439,267,563,-296
120000443,305,3,302
120000444,1363,535,828
120000445,1657,1022,635
120000446,791,254,537
120000447,255,3,252
120000449,108,12,96
120000450,6,224,-218
120000451,200,278,-78
120000452,100,0,100
120000453,2,338,-336
120000454,89,41,48
120000455,123,45,78
120000456,2533,3914,-1381
120000457,1374,559,815
120000458,765,725,40
120000459,149,51,98
120000665,1375,330,1045
120000668,157,1228,-1071
120000669,97,204,-107
120000670,265,963,-698
120000671,1314,437,877
120000672,88,476,-388
120900001,66,107,-41
120900002,533,716,-183
120900003,375,54,321
120900004,17,80,-63
120900005,113,819,-706
120900006,388,258,130
120900007,195,104,91
120900008,387,1215,-828
120900009,399,48,351
120900010,484,117,367
120900011,467,190,277
120900012,351,1451,-1100
120900013,417,104,313
120900014,3,544,-541
120900015,705,103,602
120900016,819,74,745
120900017,2330,103,2227
120900018,174,441,-267
120900019,728,361,367
120900020,816,1482,-666
120900021,870,250,620
120900022,36,331,-295
120900023,297,41,256
120900024,2279,585,1694
120900025,1623,1104,519
120900026,516,224,292
120900027,1027,56,971
120900028,462,124,338
120900029,150,487,-337
120900030,1324,811,513
120900031,225,105,120
120900032,1117,128,989
120900033,1061,87,974
120900034,21,2571,-2550
120900035,106,196,-90
120900037,256,9,247
120900038,63,313,-250
120900039,108,69,39
120900040,353,5,348
120900041,136,32,104
120900042,592,53,539
120900043,87,33,54
120900044,21,410,-389
120900045,147,137,10
120900046,498,5,493
120900047,116,131,-15
120900048,144,63,81
120900049,507,1,506
120900050,2032,1654,378
120900051,368,139,229
120900052,660,4,656
120900053,333,98,235
120900054,1752,776,976
120900055,372,3,369
120900056,485,23,462
120900057,164,22,142
120900058,553,0,553
120900059,98,6,92
120900060,95,35,60
120900061,248,280,-32
120900062,234,2,232
120900063,562,6,556
120900064,664,2,662
120900065,506,3,503
120900066,386,366,20
120900067,167,57,110
120900068,267,2,265
120900069,274,40,234
120900071,30,4,26
120900072,802,8,794
120900073,576,165,411
120900074,695,14,681
120900076,387,24,363
120900077,3146,343,2803
120900078,915,814,101
120900079,853,109,744
120900080,742,1427,-685
120900081,1057,697,360
120900082,500,478,22
120900083,125,3,122
120900084,285,466,-181
120900085,65,117,-52
120900086,120,288,-168
120900087,517,401,116
120900088,185,416,-231
120900089,2994,2954,40
120900090,206,167,39
120900091,718,892,-174
120900092,1266,513,753
120900093,2035,169,1866
120900094,518,165,353
120900095,626,34,592
120900096,45,283,-238
120900097,1009,667,342
120900098,249,196,53
120900099,154,99,55
120900100,106,235,-129
120900101,641,280,361
120900102,39,124,-85
120900103,52,219,-167
120900104,38,50,-12
120900105,27,461,-434
120900106,1425,550,875
120900107,253,188,65
120900108,5,475,-470
120900109,46,601,-555
120900110,16,780,-764
120900111,261,372,-111
120900112,13,789,-776
120900113,20,723,-703
120900114,75,156,-81
120900115,181,234,-53
120900116,457,374,83
120900117,6,444,-438
120900118,33,668,-635
120900119,6306,5708,598
120900120,76,475,-399
120900121,595,580,15
120900122,492,514,-22
120900123,5,319,-314
120900124,3,499,-496
120900125,2,805,-803
120900126,1576,1142,434
120900127,14,410,-396
120900128,1112,1455,-343
120900129,81,301,-220
120900130,18,425,-407
120900131,67,149,-82
120900132,1186,259,927
120900133,291,849,-558
120900134,808,493,315
120900135,28,548,-520
120900136,40,111,-71
120900137,242,138,104
120900138,31,242,-211
120900139,6,610,-604
120900140,2,184,-182
120900141,265,236,29
120900142,21,440,-419
120900143,9,882,-873
120900144,0,173,-173
120900145,192,613,-421
120900146,2,966,-964
120900147,6,390,-384
120900148,171,98,73
120900149,0,242,-242
120900150,43,523,-480
120900151,2,713,-711
120900152,6,33,-27
120900153,45,136,-91
120900154,1,264,-263
120900155,203,1031,-828
120900156,80,245,-165
120900157,101,272,-171
120900158,59,492,-433
120900159,96,389,-293
120900160,36,548,-512
120900161,58,610,-552
120900162,64,959,-895
120900163,92,1044,-952
120900164,4,21,-17
120900165,21,62,-41
120900166,236,730,-494
120900167,506,191,315
120900169,81,348,-267
120900170,1060,2836,-1776
120900171,1156,283,873
120900172,1386,1502,-116
120900173,0,73,-73
120900174,9,140,-131
120900175,284,170,114
120900176,19,378,-359
120900177,3,1370,-1367
120900178,2,711,-709
120900179,846,540,306
120900180,87,175,-88
120900181,150,55,95
120900182,27,383,-356
120900183,553,76,477
120900184,415,106,309
120900185,7,726,-719
120900186,1,363,-362
120900187,557,1118,-561
120900188,213,16,197
120900189,95,1300,-1205
120900190,93,5,88
120900191,11,22,-11
120900192,9046,7217,1829
120900194,50,98,-48
120900195,183,384,-201
120900196,874,51,823
120900197,718,168,550
120900198,272,522,-250
120900199,503,1832,-1329
120900200,92,118,-26
120900201,427,211,216
120900202,3,179,-176
120900203,34,80,-46
120900204,186,320,-134
120900205,53,50,3
120900206,22,50,-28
121000001,853,1285,-432
121000002,2510,1451,1059
121000003,3503,2453,1050
121000004,3337,3789,-452
121000005,2053,3139,-1086
121000006,4056,2079,1977
121000007,2727,3310,-583
121000008,6024,4160,1864
121000009,5979,6301,-322
121000010,9602,6577,3025
121000011,9717,13377,-3660
121000012,18311,11416,6895
121000013,5297,7787,-2490
121000014,7157,6360,797
121000015,4696,7963,-3267
121000016,5096,3763,1333
121000017,2271,4087,-1816
121000018,3131,1997,1134
121000019,19280,13018,6262
121000020,15768,18626,-2858
121000021,3444,3153,291
121000022,2682,3545,-863
121000023,4748,3114,1634
121000024,4896,5258,-362
121000025,927,1515,-588
121000026,366,168,198
121000027,2064,1390,674
121000028,994,616,378
121000029,1218,818,400
121000030,800,558,242
121000031,872,775,97
121000032,374,126,248
121000034,513,251,262
121000035,220,210,10
121000036,1091,969,122
121000037,663,649,14
121000038,544,1095,-551
121000039,363,467,-104
121000041,684,539,145
121000042,385,445,-60
121000043,779,652,127
121000044,1434,1024,410
121000045,600,382,218
121000046,804,1123,-319
121000047,47,116,-69
121000049,1507,657,850
121000050,375,1251,-876
121000051,622,390,232
121000052,413,697,-284
121000053,560,133,427
121000054,80,440,-360
121000055,1141,1227,-86
121000056,814,1196,-382
121000057,438,643,-205
121000058,548,288,260
121000059,3112,1597,1515
121000060,723,1120,-397
121000061,138,451,-313
121000062,221,460,-239
121000063,847,872,-25
121000064,661,642,19
121000065,506,666,-160
121000066,413,409,4
121000067,687,841,-154
121000068,888,504,384
121000069,1089,1344,-255
121000070,2141,1555,586
121000071,1885,1539,346
121000072,1639,955,684
121000073,1228,1242,-14
121000074,218,192,26
121000075,78,753,-675
121000076,1245,721,524
121000077,174,309,-135
121000078,143,229,-86
121000080,2384,760,1624
121000081,5719,3509,2210
121000082,132,332,-200
121000083,190,158,32
121000084,209,187,22
121000085,326,425,-99
121000086,244,875,-631
121000087,58,381,-323
121000088,497,640,-143
121000089,568,459,109
121000090,572,457,115
121000091,1631,998,633
121000092,223,88,135
121000093,232,228,4
121000094,636,867,-231
121000095,390,746,-356
121000096,2576,2605,-29
121000097,1084,2507,-1423
121000098,665,1173,-508
121000099,576,851,-275
121000100,906,422,484
121000101,314,325,-11
121000102,293,322,-29
121000103,205,290,-85
121000104,341,173,168
121000105,544,281,263
121000106,404,445,-41
121000107,2245,3362,-1117
121000109,1454,1206,248
121000110,367,769,-402
121000114,3293,2256,1037
121000115,1052,702,350
121000116,305,860,-555
121000117,832,261,571
121000118,1503,270,1233
121000119,268,497,-229
121000120,307,470,-163
121000121,714,1550,-836
121000123,1633,786,847
121000126,133,372,-239
121000127,173,106,67
121000128,1007,497,510
121000129,888,642,246
121000130,666,932,-266
121000131,2741,2095,646
121000132,1897,2275,-378
121000135,644,1170,-526
121000136,1765,1336,429
121000137,699,387,312
121000138,1184,1845,-661
121000139,707,649,58
121000141,209,162,47
121000142,762,1053,-291
121000143,176,36,140
121000144,1336,2180,-844
121000145,651,1197,-546
121000146,1627,1194,433
121000147,1017,555,462
121000148,1077,1254,-177
121000149,2144,1461,683
121000152,521,469,52
121000153,2057,714,1343
121000154,1196,643,553
121000155,2005,1181,824
121000156,470,1133,-663
121000157,1194,1851,-657
121000158,510,541,-31
121000159,250,433,-183
121000160,308,458,-150
121000161,258,333,-75
121000162,139,236,-97
121000165,2151,2114,37
121000166,33,409,-376
121000168,395,253,142
121000169,62,177,-115
121000170,411,121,290
121000171,141,223,-82
121000172,799,677,122
121000173,1695,1344,351
121000174,401,515,-114
121000175,1087,386,701
121000176,404,243,161
121000177,1033,750,283
121000178,147,52,95
121000179,118,69,49
121000181,504,484,20
121000182,261,281,-20
121000183,107,186,-79
121000184,130,271,-141
121000185,54,251,-197
121000186,256,893,-637
121000187,214,212,2
121000188,255,228,27
121000192,1017,529,488
121000193,731,645,86
121000194,2439,2451,-12
121000195,293,941,-648
121000196,424,231,193
121000197,239,812,-573
121000198,185,168,17
121000199,171,352,-181
121000200,618,95,523
121000201,7,215,-208
121000202,167,16,151
121000203,849,2046,-1197
121000204,2865,947,1918
121000205,199,370,-171
121000206,301,60,241
121000207,2227,398,1829
121000208,4,288,-284
121000209,405,289,116
121000210,698,404,294
121000211,313,136,177
121000212,446,522,-76
121000213,10736,3281,7455
121000214,1068,2454,-1386
121000215,1189,1206,-17
121000216,632,778,-146
121000217,5004,2560,2444
121000218,393,1876,-1483
121000219,1600,501,1099
121000220,195,110,85
121000221,157,251,-94
121000222,2505,3145,-640
121000223,507,414,93
121000224,363,321,42
121000225,1046,1961,-915
121000226,2528,1262,1266
121000227,16,179,-163
121000228,14,593,-579
121000229,304,308,-4
121000230,46,1450,-1404
121000231,986,36,950
121000232,434,356,78
121000233,561,383,178
121000234,22,53,-31
121000235,94,121,-27
121000236,20,48,-28
121000237,68,31,37
121000238,6,85,-79
121000239,63,7,56
121000240,10,171,-161
121000241,77,16,61
121000242,100,361,-261
121000243,693,333,360
121000244,24,71,-47
121000245,118,53,65
121000246,2,102,-100
121000247,101,25,76
121000248,2352,681,1671
121000249,141,345,-204
121000250,629,264,365
121000251,23,361,-338
121000252,113,78,35
121000253,275,337,-62
121000254,545,207,338
121000255,172,248,-76
121000256,352,176,176
121000257,45,123,-78
121000258,151,87,64
121000259,58,73,-15
121000260,64,121,-57
121000261,120,70,50
121000262,1051,727,324
121000263,537,448,89
121000271,341,1433,-1092
121000273,32,8,24
121000274,20,37,-17
121000275,4,10,-6
121000276,4,22,-18
121000278,41,29,12
121000279,23,21,2
121000280,29,47,-18
121000289,230,19,211
121000290,1338,968,370
121000294,173,150,23
121000297,949,1189,-240
121000299,177,520,-343
121000300,1231,746,485
121000302,59,1267,-1208
121000303,453,395,58
121000304,547,62,485
121000305,217,58,159
121000306,165,149,16
121000308,208,370,-162
121000309,373,541,-168
121000310,94,371,-277
121000311,79,841,-762
121000312,482,315,167
121000313,390,473,-83
121000314,117,115,2
121000315,41,136,-95
121000530,1644,1363,281
121000531,1700,1642,58
121000532,7404,8595,-1191
121000533,3703,3599,104
121000918,73,129,-56
121000919,81,112,-31
121000938,138,249,-111
121000939,178,276,-98
121000956,1535,1345,190
121000957,4,23,-19
121000958,39,90,-51
121000959,839,781,58
121000960,1709,1937,-228
121000961,243,280,-37
121000962,333,469,-136
121000973,0,169,-169
121000976,29,248,-219
121000979,647,218,429
121000981,434,425,9
121000982,353,174,179
121000983,440,427,13
121000984,32,78,-46
121000985,689,462,227
121000986,371,200,171
121000987,340,937,-597
121000988,811,130,681
121001302,290,115,175
121001308,8,20,-12
121001309,98,108,-10
121001313,184,202,-18
121001314,2034,2826,-792
121001315,5072,2771,2301
121900001,102,227,-125
121900002,74,38,36
121900003,480,18,462
121900004,131,468,-337
121900005,28,7,21
121900006,69,10,59
121900007,2209,2309,-100
121900008,2240,1436,804
121900009,847,22,825
121900010,266,1,265
121900011,429,445,-16
121900012,25,2,23
121900013,1509,133,1376
121900014,1540,422,1118
121900015,219,227,-8
121900016,5,35,-30
121900017,638,519,119
121900018,364,14,350
121900019,569,255,314
121900020,23,5,18
121900021,1012,12,1000
121900022,428,275,153
121900023,167,406,-239
121900024,386,110,276
121900025,724,468,256
121900026,447,59,388
121900027,530,200,330
121900028,278,18,260
121900029,142,276,-134
121900030,557,570,-13
121900031,1113,6398,-5285
121900032,202,106,96
121900033,277,242,35
121900034,353,97,256
121900035,3580,2436,1144
121900036,68,323,-255
121900037,213,1143,-930
121900038,71,142,-71
121900039,432,98,334
121900040,110,108,2
121900041,115,265,-150
121900042,458,228,230
121900043,2,10,-8
121900044,186,84,102
121900046,343,495,-152
121900047,195,75,120
121900048,80,135,-55
121900050,70,73,-3
121900051,163,218,-55
121900052,189,69,120
121900053,587,310,277
121900054,477,1115,-638
121900055,12,24,-12
121900058,291,182,109
121900059,554,184,370
121900060,149,445,-296
121900061,248,260,-12
121900062,218,132,86
121900063,1698,399,1299
121900064,316,697,-381
121900066,72,48,24
121900067,101,48,53
121900069,198,179,19
121900070,322,197,125
121900071,393,301,92
121900072,64,206,-142
121900073,272,258,14
121900074,968,1271,-303
121900075,509,606,-97
121900076,433,676,-243
121900077,24,42,-18
121900078,94,55,39
121900079,0,0,0
121900080,1176,506,670
121900082,55,120,-65
121900084,26,163,-137
121900085,5,17,-12
121900086,10,63,-53
121900087,212,106,106
121900088,2456,3728,-1272
121900089,212,324,-112
121900090,28,112,-84
121900091,72,121,-49
121900092,113,99,14
121900093,104,86,18
121900094,17,23,-6
121900095,299,166,133
121900096,1401,1044,357
121900097,519,270,249
121900098,5,9,-4
121900099,250,69,181
121900100,360,636,-276
121900101,190,133,57
121900102,7,207,-200
121900103,565,286,279
121900104,1603,404,1199
121900105,327,208,119
121900106,8,9,-1
121900107,46,38,8
121900108,9,23,-14
121900109,326,158,168
121900110,516,742,-226
121900111,704,309,395
121900112,196,182,14
121900113,94,385,-291
121900114,126,131,-5
121900115,181,386,-205
121900117,349,120,229
121900118,2251,720,1531
121900119,131,89,42
121900120,67,1397,-1330
121900121,471,46,425
121900122,53,72,-19
121900123,288,461,-173
121900124,102,199,-97
121900125,2633,1189,1444
121900127,16,118,-102
121900128,110,128,-18
121900129,630,196,434
121900130,182,264,-82
121900131,245,101,144
121900132,72,168,-96
121900133,112,1293,-1181
121900134,55,235,-180
121900135,3348,454,2894
121900136,535,333,202
121900137,63,443,-380
121900138,148,362,-214
121900139,427,624,-197
121900140,108,201,-93
121900141,57,40,17
121900142,235,144,91
121900143,21,214,-193
121900144,139,299,-160
121900145,253,333,-80
121900146,744,939,-195
121900147,51,216,-165
121900148,182,379,-197
121900149,405,701,-296
121900150,98,139,-41
121900151,115,257,-142
121900152,119,176,-57
121900153,153,895,-742
121900154,18,287,-269
121900155,7,305,-298
121900156,315,152,163
121900157,9,386,-377
121900158,73,177,-104
121900159,0,230,-230
121900160,39,255,-216
121900161,410,424,-14
121900162,117,213,-96
121900163,243,635,-392
121900164,513,292,221
121900165,518,201,317
121900166,191,178,13
121900167,134,164,-30
121900168,154,259,-105
121900169,3,186,-183
121900170,17,221,-204
121900171,947,710,237
121900172,679,299,380
121900173,1070,294,776
121900174,33,82,-49
121900175,187,212,-25
121900176,575,1564,-989
121900177,259,109,150
121900179,435,186,249
121900180,4244,4812,-568
121900182,652,338,314
121900183,688,1489,-801
121900184,92,715,-623
121900186,13,510,-497
121900187,64,218,-154
121900188,516,288,228
121900189,32,139,-107
121900190,315,434,-119
121900191,139,201,-62
121900192,364,873,-509
121900194,6,327,-321
121900195,79,164,-85
121900196,1146,1173,-27
121900197,372,1515,-1143
121900198,1324,1092,232
121900199,0,44,-44
121900200,43,256,-213
121900201,1128,881,247
121900202,161,840,-679
121900203,252,1008,-756
121900204,946,1060,-114
121900205,182,243,-61
121900206,27,70,-43
121900207,147,62,85
121900208,142,350,-208
121900209,128,56,72
121900210,1332,1128,204
121900211,18,137,-119
121900212,130,148,-18
121900213,180,68,112
121900214,15,515,-500
121900215,58,158,-100
121900216,50,304,-254
121900217,370,173,197
121900218,238,445,-207
121900219,296,74,222
121900220,194,14,180
121900221,277,586,-309
121900222,195,211,-16
121900223,270,66,204
121900224,137,57,80
121900225,113,146,-33
121900226,410,1118,-708
121900227,275,643,-368
121900228,167,314,-147
121900229,377,312,65
121900230,173,496,-323
121900231,531,3273,-2742
121900232,316,489,-173
121900233,265,254,11
121900234,397,271,126
121900235,602,174,428
121900236,386,195,191
121900237,185,309,-124
121900238,181,311,-130
121900239,430,51,379
121900240,304,158,146
121900241,81,63,18
121900242,8,0,8
121900243,27,0,27
121900244,49,5,44
121900245,229,122,107
121900246,2374,348,2026
121900247,320,286,34
121900248,1620,1428,192
121900250,255,336,-81
121900251,502,64,438
121900252,742,216,526
121900253,118,815,-697
121900254,505,351,154
121900255,460,135,325
121900258,4158,2502,1656
121900259,413,655,-242
121900260,157,243,-86
121900261,209,539,-330
121900262,378,944,-566
121900263,269,263,6
121900264,1836,1483,353
121900265,367,270,97
121900266,478,193,285
121900267,74,45,29
121900269,337,698,-361
121900270,44,223,-179
121900271,56,155,-99
121900273,481,2021,-1540
121900274,355,268,87
121900276,757,143,614
121900277,877,1288,-411
121900278,101,1110,-1009
121900279,146,230,-84
121900280,216,522,-306
121900281,621,839,-218
121900284,112,9,103
121900286,187,121,66
121900287,11,23,-12
121900290,317,481,-164
121900291,469,710,-241
121900292,194,129,65
121900293,1087,2950,-1863
121900294,289,2,287
121900295,184,176,8
121900296,95,487,-392
121900298,298,806,-508
121900299,0,8,-8
121900300,124,8,116
121900301,58,11,47
121900302,3,25,-22
121900303,360,643,-283
121900304,1,13,-12
121900305,12,9,3
121900306,163,3,160
121900307,67,27,40
121900308,62,247,-185
121900309,14,238,-224
121900310,20,375,-355
121900311,480,18,462
121900312,503,27,476
121900313,418,37,381
121900314,6,67,-61
121900315,13,0,13
121900316,0,14,-14
121900317,11,8,3
121900318,1,27,-26
121900319,34,78,-44
121900320,43,49,-6
121900321,17,2,15
121900322,2,23,-21
121900323,21,28,-7
121900324,6,42,-36
121900325,12,1,11
121900326,5,24,-19
121900327,4,48,-44
121900328,0,23,-23
121900329,1,132,-131
121900330,4,21,-17
121900331,83,72,11
121900332,91,26,65
122000001,2282,5255,-2973
122000002,4182,1785,2397
122000003,2180,3043,-863
122000004,3196,1921,1275
122000005,2750,2101,649
122000006,1960,1167,793
122000007,1042,1801,-759
122000008,3746,5268,-1522
122000009,463,451,12
122000010,2347,3204,-857
122000011,3723,1790,1933
122000012,1260,1897,-637
122000013,1417,1019,398
122000014,1772,1210,562
122000015,1478,1306,172
122000016,675,1042,-367
122000017,1338,1152,186
122000018,1526,1471,55
122000019,835,1224,-389
122000020,237,232,5
122000021,374,557,-183
122000022,1231,1190,41
122000023,666,2016,-1350
122000024,925,1512,-587
122000025,1241,2115,-874
122000026,1278,1281,-3
122000027,738,2035,-1297
122000028,1072,517,555
122000029,607,533,74
122000030,229,137,92
122000031,304,312,-8
122000032,1879,2141,-262
122000033,775,1437,-662
122000034,818,779,39
122000035,380,827,-447
122000036,670,616,54
122000037,450,266,184
122000038,329,414,-85
122000039,641,496,145
122000040,333,289,44
122000041,520,613,-93
122000042,382,499,-117
122000043,152,128,24
122000044,113,171,-58
122000045,1323,545,778
122000046,869,823,46
122000047,300,271,29
122000048,3864,4991,-1127
122000049,6780,3776,3004
122000050,1593,856,737
122000051,406,373,33
122000052,681,438,243
122000053,221,1001,-780
122000054,2654,2260,394
122000055,2207,3423,-1216
122000056,5413,3815,1598
122000057,3432,4083,-651
122000058,2573,1626,947
122000059,3196,2054,1142
122000060,825,781,44
122000061,560,503,57
122000062,1008,397,611
122000063,1418,865,553
122000064,3327,3007,320
122000065,4058,2657,1401
122000066,1204,928,276
122000067,1468,1233,235
122000068,1469,1062,407
122000069,777,799,-22
122000070,943,1563,-620
122000071,1907,1441,466
122000072,395,537,-142
122000073,419,806,-387
122000074,3096,1827,1269
122000075,944,1160,-216
122000076,2630,1325,1305
122000077,1217,871,346
122000078,2319,2985,-666
122000079,1087,1435,-348
122000080,816,481,335
122000081,191,332,-141
122000082,771,993,-222
122000083,1918,1844,74
122000084,1718,1027,691
122000085,309,1300,-991
122000086,2455,5447,-2992
122000087,452,292,160
122000088,458,591,-133
122000089,5253,2389,2864
122000090,291,517,-226
122000091,234,92,142
122000092,161,26,135
122000093,1908,2279,-371
122000094,6056,2979,3077
122000095,3022,4464,-1442
122000096,2400,1986,414
122000098,3886,2900,986
122000099,1747,788,959
122000100,1131,614,517
122000101,431,723,-292
122000102,2114,1385,729
122000103,2148,1930,218
122000104,489,229,260
122000105,551,303,248
122000106,549,733,-184
122000107,1057,538,519
122000108,499,871,-372
122000109,532,299,233
122000110,568,602,-34
122000111,2936,1460,1476
122000112,1225,1428,-203
122000113,744,732,12
122000114,2885,1615,1270
122000115,1887,1390,497
122000116,642,566,76
122000117,1613,485,1128
122000118,668,1045,-377
122000119,3384,2575,809
122000120,1934,4388,-2454
122000121,2017,3078,-1061
122000122,820,1960,-1140
122000123,1832,1922,-90
122000124,1179,617,562
122000125,745,856,-111
122000126,658,1214,-556
122000127,1142,1333,-191
122000128,481,843,-362
122000129,515,1265,-750
122000130,3343,1296,2047
122000131,1500,1083,417
122000132,591,641,-50
122000133,1018,1826,-808
122000134,1090,897,193
122000135,736,854,-118
122000136,890,635,255
122000137,2173,1106,1067
122000139,1451,3609,-2158
122000140,863,765,98
122000141,4818,1261,3557
122000142,441,858,-417
122000143,504,491,13
122000144,1450,1283,167
122000145,1450,931,519
122000146,1147,1667,-520
122000147,713,571,142
122000148,1769,2281,-512
122000149,2260,1775,485
122000150,1291,1164,127
122000151,186,398,-212
122000152,393,431,-38
122000153,402,360,42
122000154,286,288,-2
122000155,1667,2402,-735
122000156,2716,2926,-210
122000157,1515,2636,-1121
122000158,394,797,-403
122000159,788,1838,-1050
122000160,3687,2226,1461
122000161,1169,1073,96
122000162,2286,1961,325
122000163,294,102,192
122000164,39,123,-84
122000165,922,712,210
122000166,938,1008,-70
122000167,290,284,6
122000168,300,639,-339
122000169,433,180,253
122000170,430,280,150
122000171,59,114,-55
122000172,1827,1518,309
122000173,1773,2493,-720
122000174,2274,1016,1258
122000175,1168,322,846
122000176,399,829,-430
122000177,1479,1604,-125
122000178,2976,2495,481
122000179,1688,2663,-975
122000180,1962,1561,401
122000181,1682,3234,-1552
122000182,2261,1997,264
122000183,2319,1076,1243
122000184,3492,2469,1023
122000185,1603,1870,-267
122000186,545,862,-317
122000187,2089,935,1154
122000188,514,264,250
122000189,286,334,-48
122000190,1093,1074,19
122000191,1071,889,182
122000192,1167,348,819
122000193,537,963,-426
122000194,608,190,418
122000195,163,647,-484
122000196,1264,722,542
122000197,580,870,-290
122000198,523,1010,-487
122000199,428,386,42
122000200,1088,665,423
122000201,1403,1696,-293
122000202,1461,1605,-144
122000203,2863,1558,1305
122000204,1597,2035,-438
122000205,1338,1589,-251
122000206,2507,1095,1412
122000207,1936,1714,222
122000208,2318,1495,823
122000209,2116,397,1719
122000210,1999,1897,102
122000211,1497,1540,-43
122000212,859,534,325
122000213,1236,1401,-165
122000214,2396,1897,499
122000215,2290,1861,429
122000217,2127,1767,360
122000218,831,113,718
122000219,1321,1077,244
122000220,481,795,-314
122000221,88,452,-364
122000222,607,157,450
122000223,1333,603,730
122000225,934,283,651
122000226,1786,2013,-227
122000227,331,2216,-1885
122000228,459,477,-18
122000229,51,597,-546
122000230,342,581,-239
122000231,531,887,-356
122000232,766,813,-47
122000233,0,109,-109
122000234,384,107,277
122000235,641,159,482
122000236,1227,127,1100
122000237,172,113,59
122000238,771,318,453
122000239,765,191,574
122000240,1376,841,535
122000241,751,485,266
122000242,797,141,656
122000243,9,31,-22
122000244,13,300,-287
122000245,37,64,-27
122000246,69,92,-23
122000247,568,244,324
122000248,1020,1499,-479
122000249,851,884,-33
122000250,2244,954,1290
122000251,249,506,-257
122000252,503,145,358
122000253,104,288,-184
122000254,371,123,248
122000255,842,1667,-825
122000256,433,947,-514
122000257,217,340,-123
122000258,308,326,-18
122000259,13,429,-416
122000260,3,81,-78
122000261,15,229,-214
122000262,5,36,-31
122000263,571,165,406
122000264,1652,375,1277
122000265,2717,894,1823
122000266,4716,679,4037
122000267,363,163,200
122000268,193,452,-259
122000269,896,395,501
122000270,700,174,526
122000271,270,1150,-880
122000272,383,1016,-633
122000273,426,445,-19
122000274,289,214,75
122000275,273,242,31
122000276,806,619,187
122000277,1203,1778,-575
122000278,1592,735,857
122000279,285,471,-186
122000280,896,737,159
122000281,1032,806,226
122000282,256,557,-301
122000283,311,176,135
122000284,346,64,282
122000285,414,130,284
122000286,85,201,-116
122000287,1370,1672,-302
122000288,423,322,101
122000291,2050,796,1254
122000293,254,220,34
122000294,157,267,-110
122000295,1459,210,1249
122000296,50,452,-402
122000297,2442,3066,-624
122000299,651,427,224
122000300,599,612,-13
122000301,9491,3112,6379
122000302,549,1598,-1049
122000303,3040,1353,1687
122000304,84,255,-171
122000305,1188,301,887
122000306,55,578,-523
122000307,135,134,1
122000309,66,39,27
122000310,35,89,-54
122000311,265,150,115
122000312,150,225,-75
122000313,130,96,34
122000314,134,275,-141
122000315,269,56,213
122000316,925,244,681
122000317,1747,331,1416
122000318,434,922,-488
122000319,176,335,-159
122000320,312,1292,-980
122000321,96,186,-90
122000322,2551,2120,431
122000323,1725,2612,-887
122000324,1208,1221,-13
122000325,1284,1731,-447
122000326,90,91,-1
122000327,398,746,-348
122000328,801,617,184
122000330,2339,1028,1311
122000332,270,393,-123
122000333,18,107,-89
122000337,1159,1322,-163
122000338,538,470,68
122000340,392,564,-172
122000342,1534,1031,503
122000343,377,609,-232
122000344,58,30,28
122000345,66,41,25
122000346,454,441,13
122000348,820,736,84
122000349,138,653,-515
122000351,141,206,-65
122000352,333,190,143
122000353,86,60,26
122000355,142,340,-198
122000356,1325,1416,-91
122000357,108,31,77
122000358,0,73,-73
122000359,0,46,-46
122000360,0,53,-53
122000362,26,81,-55
122000364,173,375,-202
122000365,5,56,-51
122000366,9,16,-7
122000368,482,752,-270
122000370,46,60,-14
122000371,27,0,27
122000372,13,5,8
122000381,105,383,-278
122000382,81,239,-158
122000384,3129,1299,1830
122000385,76,0,76
122000386,319,1386,-1067
122000387,540,669,-129
122000388,1447,684,763
122000389,173,670,-497
122000390,363,241,122
122000391,395,366,29
122000392,385,236,149
122000393,58,161,-103
122000394,665,284,381
122000395,145,150,-5
122000396,309,126,183
122000397,39,72,-33
122000398,26,52,-26
122000399,118,87,31
122000400,147,642,-495
122000401,155,81,74
122000402,393,162,231
122000403,595,705,-110
122000404,191,265,-74
122000408,906,1357,-451
122000503,36,153,-117
122000524,351,222,129
122000544,114,2211,-2097
122000616,385,4,381
122000640,75,131,-56
122000641,126,276,-150
122000642,1188,1009,179
122000643,78,221,-143
122000644,191,92,99
122000645,154,199,-45
122000651,1522,963,559
122000664,136,47,89
122000665,1335,568,767
122000666,801,1112,-311
122000673,21,286,-265
122000674,185,69,116
122000675,1725,820,905
122000686,619,1157,-538
122000687,1502,367,1135
122000688,511,592,-81
122000689,871,449,422
122000690,2215,510,1705
122000691,1574,1594,-20
122000692,1498,397,1101
122000693,391,1824,-1433
122000695,352,386,-34
122000696,476,298,178
122000698,496,491,5
122000699,235,165,70
122000701,1388,318,1070
122000702,541,1121,-580
122000703,194,62,132
122000717,52,63,-11
122000718,161,749,-588
122000719,98,89,9
122000720,442,210,232
122900001,59,9,50
122900002,1141,4972,-3831
122900003,311,59,252
122900004,1600,66,1534
122900005,122,92,30
122900006,703,835,-132
122900007,186,77,109
122900008,641,154,487
122900009,955,516,439
122900010,316,162,154
122900012,184,523,-339
122900014,159,301,-142
122900015,2168,1273,895
122900016,155,313,-158
122900017,362,1086,-724
122900018,220,26,194
122900019,13,139,-126
122900020,250,611,-361
122900021,61,526,-465
122900022,962,968,-6
122900023,530,276,254
122900024,148,154,-6
122900025,13,487,-474
122900026,68,268,-200
122900027,89,612,-523
122900028,138,206,-68
122900029,4811,3385,1426
122900030,1088,660,428
122900031,89,289,-200
122900032,178,455,-277
122900033,211,163,48
122900034,4791,5221,-430
122900035,73,68,5
122900036,101,147,-46
122900037,462,164,298
122900038,155,2950,-2795
122900039,115,523,-408
122900040,279,556,-277
122900041,289,411,-122
122900042,237,363,-126
122900043,427,240,187
122900044,172,383,-211
122900045,133,124,9
122900046,209,299,-90
122900047,141,223,-82
122900048,112,240,-128
122900049,1324,168,1156
122900051,92,171,-79
122900052,132,182,-50
122900053,27,48,-21
122900055,445,103,342
122900057,253,103,150
122900061,529,192,337
122900062,587,615,-28
122900063,160,249,-89
122900064,953,636,317
122900065,628,306,322
122900066,798,417,381
122900067,1332,746,586
122900068,117,352,-235
122900069,411,1356,-945
122900070,431,53,378
122900071,103,367,-264
122900072,7,492,-485
122900073,34,224,-190
122900074,885,547,338
122900075,2,51,-49
122900076,12,190,-178
122900077,0,132,-132
122900078,335,82,253
122900080,46,39,7
122900081,181,260,-79
122900082,922,495,427
122900083,153,333,-180
122900084,11,233,-222
122900086,11,121,-110
122900087,339,560,-221
122900088,43,241,-198
122900089,67,320,-253
122900090,10,394,-384
122900091,201,0,201
122900092,1,186,-185
122900093,1,207,-206
122900094,0,161,-161
122900095,118,15,103
122900096,299,135,164
122900097,58,44,14
122900098,44,91,-47
122900099,77,12,65
122900100,257,374,-117
122900101,495,272,223
122900102,25,28,-3
122900103,67,9,58
122900104,121,15,106
122900105,17,7,10
122900106,8,66,-58
122900107,2,148,-146
122900108,1,108,-107
123000001,1585,532,1053
123000002,3915,5905,-1990
123000003,4059,4260,-201
123000004,3214,4066,-852
123000005,3016,2891,125
123000006,2598,2648,-50
123000007,3825,2818,1007
123000008,2879,2962,-83
123000009,5083,3059,2024
123000010,3576,3789,-213
123000011,2567,916,1651
123000012,814,2225,-1411
123000013,3806,927,2879
123000014,780,3585,-2805
123000015,4408,1415,2993
123000016,4811,5587,-776
123000017,3252,1632,1620
123000018,56,102,-46
123000019,345,165,180
123000020,220,93,127
123000021,97,183,-86
123000022,300,1658,-1358
123000023,1806,1701,105
123000024,1530,634,896
123000025,118,102,16
123000026,247,93,154
123000027,221,559,-338
123000028,1488,614,874
123000029,842,1289,-447
123000030,243,313,-70
123000031,321,285,36
123000032,480,152,328
123000033,209,89,120
123000034,1118,794,324
123000035,553,436,117
123000036,305,962,-657
123000037,293,585,-292
123000038,127,226,-99
123000039,492,1529,-1037
123000040,725,417,308
123000041,1217,1160,57
123000042,1145,656,489
123000043,3493,10729,-7236
123000044,4770,2928,1842
123000045,8321,3390,4931
123000046,859,1849,-990
123000047,2206,1085,1121
123000048,155,930,-775
123000049,7697,11326,-3629
123000050,1646,1765,-119
123000051,89,192,-103
123000052,900,3862,-2962
123000053,2668,3492,-824
123000054,1476,2168,-692
123000055,1838,2830,-992
123000056,1067,1852,-785
123000057,12814,8397,4417
123000058,664,1238,-574
123000059,566,673,-107
123000060,879,497,382
123000061,263,896,-633
123000063,828,936,-108
123000064,1084,280,804
123000065,5885,3293,2592
123000066,828,592,236
123000067,797,590,207
123000068,2832,2986,-154
123000069,6931,3252,3679
123000070,265,802,-537
123000071,1276,989,287
123000072,1303,1047,256
123000073,1312,901,411
123000074,1256,1194,62
123000075,390,1195,-805
123000076,1181,678,503
123000077,1999,2703,-704
123000078,1862,1599,263
123000079,1726,1944,-218
123000080,2579,1845,734
123000081,220,409,-189
123000082,391,1124,-733
123000083,1083,260,823
123000084,701,493,208
123000085,349,86,263
123000086,604,180,424
123000087,488,316,172
123000088,1367,787,580
123000089,591,1101,-510
123000090,1277,910,367
123000091,1463,1350,113
123000092,947,1101,-154
123000094,706,270,436
123000095,642,660,-18
123000096,644,394,250
123000097,536,646,-110
123000098,735,534,201
123000099,597,702,-105
123000100,637,925,-288
123000101,659,860,-201
123000102,485,626,-141
123000104,515,446,69
123000105,640,504,136
123000106,477,429,48
123000107,439,498,-59
123000108,733,1049,-316
123000111,940,345,595
123000112,1319,616,703
123000113,601,1404,-803
123000114,435,602,-167
123000115,349,282,67
123000116,42,91,-49
123000117,2057,1969,88
123000118,525,835,-310
123000119,334,823,-489
123000120,358,853,-495
123000121,491,534,-43
123000122,352,300,52
123000123,447,547,-100
123000124,530,460,70
123000125,1173,1224,-51
123000126,1367,4715,-3348
123000127,749,695,54
123000128,326,261,65
123000129,781,210,571
123000130,775,106,669
123000131,1006,669,337
123000132,369,623,-254
123000133,269,331,-62
123000134,351,134,217
123000135,2617,1475,1142
123000136,237,777,-540
123000137,123,281,-158
123000138,101,418,-317
123000139,646,111,535
123000140,161,764,-603
123000141,971,165,806
123000142,963,984,-21
123000143,1051,1798,-747
123000144,70,61,9
123000145,245,340,-95
123000146,87,100,-13
123000147,92,94,-2
123000149,330,485,-155
123000150,136,253,-117
123000151,237,498,-261
123000152,200,500,-300
123000153,351,734,-383
123000154,1561,1940,-379
123000155,2364,1221,1143
123000156,31,105,-74
123000157,513,889,-376
123000158,634,738,-104
123000159,3577,2753,824
123000160,1046,757,289
123000161,1812,1195,617
123000162,1157,1759,-602
123000163,681,162,519
123000164,1778,310,1468
123000165,552,1525,-973
123000166,56,168,-112
123000167,131,251,-120
123000168,286,244,42
123000169,891,146,745
123000170,95,165,-70
123000171,748,25,723
123000172,248,624,-376
123000173,684,349,335
123000174,1287,474,813
123000175,752,1413,-661
123000176,1210,337,873
123000177,454,1109,-655
123000178,821,192,629
123000179,57,527,-470
123000180,1801,294,1507
123000181,287,1252,-965
123000182,251,438,-187
123000183,154,431,-277
123000184,176,547,-371
123000185,915,363,552
123000186,2,634,-632
123000187,632,4,628
123000188,225,1,224
123000189,172,169,3
123000190,60,85,-25
123000192,17,417,-400
123000193,73,957,-884
123000194,436,326,110
123000195,387,52,335
123000196,394,27,367
123000197,57,139,-82
123000198,46,513,-467
123000199,13,706,-693
123000200,648,17,631
123000201,1110,26,1084
123000202,24,1070,-1046
123000203,1134,68,1066
123000204,89,1014,-925
123000205,720,1504,-784
123000206,2431,285,2146
123000207,92,738,-646
123000208,625,249,376
123000209,2383,692,1691
123000210,481,1824,-1343
123000211,593,2517,-1924
123000212,3298,605,2693
123000213,706,87,619
123000215,94,267,-173
123000216,242,1250,-1008
123000217,247,38,209
123000218,77,904,-827
123000219,878,73,805
123000220,560,92,468
123000221,162,124,38
123000222,494,511,-17
123000223,425,364,61
123000224,408,414,-6
123000225,276,70,206
123000226,89,320,-231
123000227,66,323,-257
123000228,292,56,236
123000229,1109,1581,-472
123000232,106,658,-552
123000233,878,151,727
123000234,210,650,-440
123000235,1119,360,759
123000236,339,764,-425
123000237,307,101,206
123000238,87,482,-395
123000239,489,1458,-969
123000240,98,442,-344
123000241,517,91,426
123000242,271,252,19
123000243,720,969,-249
123000244,986,762,224
123000245,61,170,-109
123000249,698,563,135
123000252,963,294,669
123000253,1220,528,692
123000254,741,1064,-323
123000255,1420,1077,343
123000256,31,262,-231
123000257,2876,2207,669
123000258,1074,795,279
123000259,396,423,-27
123000260,593,449,144
123000261,288,208,80
123000262,100,188,-88
123000263,420,102,318
123000264,243,104,139
123000265,55,172,-117
123000266,582,776,-194
123000267,753,449,304
123000268,40,55,-15
123000269,59,53,6
123000270,24,50,-26
123000271,86,61,25
123000272,810,239,571
123000273,281,664,-383
123000274,1312,678,634
123000275,340,810,-470
123000278,3054,2689,365
123000279,97,98,-1
123000280,444,300,144
123000281,372,134,238
123000282,160,340,-180
123000283,153,61,92
123000284,55,81,-26
123000286,248,411,-163
123000287,578,339,239
123000288,1662,879,783
123000289,468,1007,-539
123000291,312,829,-517
123000294,143,249,-106
123000295,990,920,70
123000296,682,402,280
123000297,390,422,-32
123000298,520,334,186
123000299,34,155,-121
123000300,1000,895,105
123000301,121,261,-140
123000302,85,158,-73
123000303,109,173,-64
123000305,823,808,15
123000306,159,132,27
123000309,38,58,-20
123000310,39,40,-1
123000311,0,65,-65
123000312,453,826,-373
123000313,626,261,365
123000315,166,305,-139
123000316,1053,84,969
123000317,194,64,130
123000318,60,184,-124
123000329,41,24,17
123000337,983,399,584
123000338,440,58,382
123000339,291,170,121
123000340,123,322,-199
123000342,62,15,47
123000343,46,8,38
123000344,1206,490,716
123000345,366,633,-267
123000346,348,54,294
123000352,1447,915,532
123000353,20,113,-93
123000354,294,7,287
123000355,1,310,-309
123000356,379,9,370
123000357,7,119,-112
123000359,5,152,-147
123000360,245,72,173
123000361,248,343,-95
123000362,473,106,367
123000363,97,190,-93
123000364,571,523,48
123000365,28,385,-357
123000366,428,1981,-1553
123000367,342,1095,-753
123000370,44,225,-181
123000371,445,45,400
123000372,355,25,330
123000373,5,372,-367
123000374,19,211,-192
123000375,482,36,446
123000376,961,626,335
123000377,493,19,474
123000378,10,296,-286
123000379,15,254,-239
123000380,50,470,-420
123000381,154,108,46
123000382,1271,118,1153
123000383,210,1482,-1272
123000384,568,134,434
123000385,150,506,-356
123000436,58,1070,-1012
123000507,112,210,-98
123000508,115,1156,-1041
123000517,257,19,238
123000518,26,221,-195
123000519,190,95,95
123000520,44,204,-160
123000521,424,81,343
123000522,150,372,-222
123000541,23,2,21
123000542,0,19,-19
123000565,687,51,636
123000566,218,461,-243
123000567,100,180,-80
123000573,34,837,-803
123000574,871,58,813
123000575,1341,1080,261
123000576,1072,1219,-147
123000577,86,764,-678
123000578,498,96,402
123000579,2503,6083,-3580
123000580,115,31,84
123000582,445,27,418
123000583,19,387,-368
123000584,157,264,-107
123000585,0,104,-104
123000586,90,1,89
123000596,110,95,15
123000597,61,166,-105
123000602,37,16,21
123000603,780,558,222
123000604,411,726,-315
123000605,741,100,641
123000606,3,333,-330
123000609,20,320,-300
123000610,190,110,80
123000613,16,198,-182
123000614,282,76,206
123000615,36,120,-84
123000616,700,62,638
123000617,136,433,-297
123000618,77,734,-657
123000619,580,55,525
123000620,34,503,-469
123000622,415,25,390
123000624,162,53,109
123000630,973,375,598
123000631,259,1012,-753
123000632,837,850,-13
123000633,0,162,-162
123000634,68,99,-31
123000635,116,109,7
123000636,20,536,-516
123000637,178,78,100
123000638,402,47,355
123000639,1212,4076,-2864
123000640,25,660,-635
123900001,1213,45,1168
123900002,29,1247,-1218
123900003,312,426,-114
123900005,294,155,139
123900006,265,46,219
124000001,2149,175,1974
124000002,95,1681,-1586
124000003,932,175,757
124000004,113,536,-423
124000005,1098,496,602
124000006,220,974,-754
124000007,461,97,364
124000008,14,454,-440
124000009,563,225,338
124000010,221,422,-201
124000011,950,314,636
124000012,337,529,-192
124000017,127,146,-19
124000018,149,73,76
124000019,128,108,20
124000020,66,155,-89
124000021,134,80,54
124000022,90,194,-104
124000023,1428,1723,-295
124000024,1007,464,543
124000025,1149,1806,-657
124000026,1045,965,80
124000027,5357,5749,-392
124000028,2245,4561,-2316
124000030,2751,1382,1369
124000031,1276,2914,-1638
124000032,2289,796,1493
124000033,249,238,11
124000034,855,508,347
124000035,26,231,-205
124000036,44,142,-98
124000037,603,1164,-561
124000038,43,62,-19
124000039,1080,580,500
124000040,597,1405,-808
124000041,405,89,316
124000042,88,489,-401
124000043,97,87,10
124000044,51,246,-195
124000045,856,546,310
124000046,314,629,-315
124000047,1772,760,1012
124000048,880,1226,-346
124000049,1896,593,1303
124000050,852,1591,-739
124000051,1096,593,503
124000052,766,964,-198
124000053,591,1464,-873
124000054,949,567,382
124000055,1507,2717,-1210
124000056,2324,1404,920
124000057,829,623,206
124000058,447,1118,-671
124000059,630,1326,-696
124000060,1155,581,574
124000061,1283,5130,-3847
124000062,3624,1851,1773
124000063,1234,1745,-511
124000064,2236,1514,722
124000065,10,342,-332
124000066,92,61,31
124000067,194,231,-37
124000068,12,26,-14
124000069,187,13,174
124000070,35,112,-77
124000071,298,88,210
124000072,206,371,-165
124000073,1003,139,864
124000074,256,710,-454
124000075,293,29,264
124000076,4,171,-167
124000077,1497,1211,286
124000078,2844,1250,1594
124000079,362,1736,-1374
124000080,513,220,293
124000081,268,633,-365
124000082,47,172,-125
124000083,57,96,-39
124000084,66,325,-259
124000085,115,35,80
124000086,137,121,16
124000087,199,106,93
124000088,301,434,-133
124000089,1001,505,496
124000090,122,339,-217
124000091,375,75,300
124000092,78,342,-264
124000093,151,75,76
124000094,247,474,-227
124000095,100,79,21
124000096,113,308,-195
124000097,79,105,-26
124000098,55,98,-43
124000099,126,80,46
124000100,51,71,-20
124000101,97,110,-13
124000102,89,81,8
124000103,91,94,-3
124000104,65,39,26
124000105,86,75,11
124000106,111,37,74
124000107,15,180,-165
124000108,50,22,28
124000109,138,83,55
124000110,172,106,66
124000111,180,144,36
124000112,766,642,124
124000113,127,87,40
124000114,306,442,-136
124000115,404,712,-308
124000116,127,148,-21
124000117,76,94,-18
124000118,44,86,-42
124000119,903,602,301
124000120,562,434,128
124000121,1325,657,668
124000122,565,1082,-517
124000123,1286,488,798
124000124,432,1129,-697
124000125,487,521,-34
124000126,362,619,-257
124000127,877,353,524
124000128,561,974,-413
124000129,2157,1550,607
124000130,888,656,232
124000131,1036,706,330
124000132,868,796,72
124000133,759,816,-57
124000134,981,621,360
124000135,1963,1974,-11
124000136,1134,1084,50
124000137,1457,1048,409
124000138,2114,1391,723
124000139,570,26,544
124000140,20,434,-414
124000141,146,9,137
124000142,10,160,-150
124000143,53,9,44
124000144,8,63,-55
124000145,132,53,79
124000146,54,70,-16
124000148,25,120,-95
124000149,1373,485,888
124000150,485,727,-242
124000151,707,193,514
124000152,635,1054,-419
124000153,842,579,263
124000154,496,600,-104
124000155,1291,730,561
124000156,1228,876,352
124000169,280,457,-177
124000170,523,494,29
124000171,352,235,117
124000172,395,536,-141
124000173,509,215,294
124000174,314,580,-266
124000175,6,108,-102
124000176,50,18,32
124000177,22,34,-12
124000178,72,77,-5
124000190,42,25,17
124000191,76,76,0
124000192,1577,362,1215
124000193,364,944,-580
124000194,437,464,-27
124000195,279,513,-234
124000196,957,1019,-62
124000197,59,46,13
124000198,38,62,-24
124000201,293,907,-614
124000202,584,510,74
124000203,683,539,144
124000204,917,330,587
124000205,108,393,-285
124000206,687,336,351
124000207,1,60,-59
124000209,205,397,-192
124000210,586,249,337
124000211,797,5,792
124000212,1,441,-440
124000213,442,307,135
124000214,432,466,-34
124000215,342,39,303
124000216,6,416,-410
124000329,154,1359,-1205
124000338,418,695,-277
124000339,1128,201,927
124000341,1394,182,1212
124000344,21,0,21
124000357,1082,1956,-874
124000358,965,1268,-303
124000359,1461,731,730
124000360,1011,565,446
124000361,1724,741,983
124000362,1246,1603,-357
124000363,353,430,-77
124000364,613,1055,-442
124000365,563,1110,-547
124000366,1479,905,574
124000367,108,478,-370
124000368,473,448,25
124000369,181,129,52
124000370,112,535,-423
124000402,27,25,2
124000403,151,18,133
124000404,15,111,-96
124000405,1163,795,368
124000406,855,895,-40
124000407,4,31,-27
124000411,18,268,-250
124000412,411,9,402
124000413,151,44,107
124000414,58,97,-39
124000415,34,81,-47
124000416,115,187,-72
124000417,169,81,88
124000418,146,93,53
124000419,81,86,-5
124000420,78,63,15
124000421,45,137,-92
124000422,37,25,12
124000423,184,39,145
124000424,1,74,-73
124000425,43,18,25
124000426,9,29,-20
124000427,47,7,40
124000428,13,48,-35
124000429,80,65,15
124000430,717,550,167
124000431,335,719,-384
124000432,236,699,-463
124000439,5,6,-1
124000442,10,112,-102
124000443,0,6,-6
124000445,128,463,-335
124000446,732,68,664
124900001,401,367,34
124900002,231,325,-94
124900003,1066,451,615
124900004,641,272,369
124900005,279,192,87
124900006,702,250,452
124900008,1153,532,621
124900009,229,595,-366
124900010,307,186,121
124900011,806,257,549
124900012,942,199,743
124900013,506,127,379
124900014,298,60,238
124900015,217,533,-316
124900016,79,145,-66
124900017,668,1483,-815
124900018,57,12,45
124900019,544,30,514
124900020,155,99,56
124900021,381,76,305
124900022,39,9,30
124900024,271,10,261
124900026,150,20,130
124900027,97,521,-424
124900028,525,134,391
124900029,12,485,-473
124900030,16,144,-128
124900031,73,373,-300
124900032,353,267,86
124900033,99,389,-290
124900034,28,120,-92
124900035,129,502,-373
124900036,2,62,-60
124900037,185,287,-102
124900038,271,200,71
124900039,3,196,-193
124900040,231,133,98
124900041,203,819,-616
124900042,181,1,180
124900043,407,764,-357
124900044,72,1,71
124900045,664,955,-291
124900046,1643,394,1249
124900047,108,199,-91
124900048,164,95,69
124900050,147,166,-19
124900052,141,700,-559
124900053,114,307,-193
124900054,1422,491,931
124900055,0,214,-214
124900057,21,35,-14
124900060,112,192,-80
124900061,92,11,81
124900062,258,30,228
124900066,0,21,-21
124900067,9,101,-92
124900068,375,1034,-659
124900069,114,151,-37
124900070,155,33,122
124900072,155,30,125
124900074,519,204,315
124900075,213,177,36
124900076,36,1234,-1198
124900077,45,119,-74
124900078,99,22,77
124900079,527,294,233
124900080,214,509,-295
124900081,854,276,578
124900082,317,518,-201
124900083,146,430,-284
124900084,1533,142,1391
124900085,907,540,367
124900086,114,1371,-1257
124900087,600,133,467
124900088,606,107,499
124900089,1250,32,1218
124900090,396,294,102
124900091,333,323,10
124900092,274,256,18
124900093,492,235,257
124900094,452,307,145
124900095,142,669,-527
124900096,642,373,269
124900097,376,60,316
124900098,129,347,-218
124900099,801,555,246
124900100,329,51,278
124900101,83,437,-354
124900102,288,15,273
124900103,121,202,-81
124900104,57,153,-96
124900105,107,112,-5
124900106,508,70,438
124900107,135,25,110
124900108,117,80,37
124900109,87,113,-26
124900110,341,298,43
124900111,1,130,-129
124900112,48,741,-693
124900113,0,15,-15
124900114,7,7,0
124900115,0,3,-3
124900116,8,20,-12
124900117,3,5,-2
124900118,2,2,0
124900119,10,4,6
124900120,0,12,-12
124900121,7,13,-6
124900122,3,8,-5
124900123,2,0,2
124900124,7,12,-5
129000186,148,64,84
204000001,36,4,32
204000002,29,4,25
204000003,44,3,41
204000004,8,1,7
204000005,582,387,195
204000006,1313,966,347
204000008,882,604,278
204000011,17,38,-21
204000012,51,85,-34
204000013,3,32,-29
204000019,655,446,209
204000020,769,600,169
204000021,1772,820,952
204000022,460,442,18
204000023,524,695,-171
204000031,27,9,18
204000032,322,21,301
204000034,27,245,-218
204000035,2,4,-2
204000036,9,23,-14
204000037,2,17,-15
204000038,1,3,-2
204000039,4,30,-26
204000040,4,15,-11
204000041,13,26,-13
204000042,30,5,25
204000043,35,7,28
204000044,43,2,41
204000045,57,5,52
204000046,19,2,17
204000057,8,39,-31
204000062,2,8,-6
204000068,45,200,-155
204000069,20,211,-191
204000070,91,49,42
204000080,55,52,3
204000085,2046,1904,142
204000086,2112,1880,232
204000087,42,11,31
204000088,3,89,-86
204000090,20,338,-318
204000093,388,54,334
204000096,741,914,-173
204000097,509,11,498
204000099,1251,1154,97
204000100,1584,1658,-74
204000105,2275,1604,671
204000110,794,1123,-329
204000111,471,664,-193
204000112,1509,1180,329
204000113,749,874,-125
204000114,1292,850,442
204000115,805,352,453
204000116,2822,681,2141
204000119,1870,2583,-713
204000132,582,286,296
204000133,784,199,585
204000134,452,118,334
204000135,601,61,540
204000136,665,162,503
204000138,375,513,-138
204000140,169,142,27
204000141,149,66,83
204000144,11,22,-11
204000145,502,44,458
204000146,36,348,-312
204000147,12,149,-137
204000148,159,10,149
204000154,12,5,7
204000155,5,0,5
204000177,82,32,50
204000179,13,1,12
204000180,2,24,-22
204000222,7,18,-11
204000235,14,35,-21
204000236,97,183,-86
204000238,19,18,1
204000240,343,67,276
204000263,105,258,-153
204000308,187,13,174
204000317,10,58,-48
204000322,10,43,-33
204000323,15,4,11
204000328,244,48,196
204000329,38,221,-183
204000330,187,14,173
204000331,29,95,-66
204010341,7,174,-167
205000001,765,1679,-914
205000013,4,47,-43
205000014,15,87,-72
205000015,19,138,-119
205000016,14,147,-133
205000017,18,93,-75
205000022,239,789,-550
205000025,1057,1061,-4
205000029,196,10,186
205000045,128,422,-294
205000047,86,428,-342
205000048,233,858,-625
205000049,192,710,-518
205000050,609,275,334
205000059,1,179,-178
205000060,0,58,-58
205000061,7,106,-99
205000062,1,74,-73
205000063,14,116,-102
205000064,19,78,-59
205000065,34,488,-454
205000066,88,507,-419
205000067,26,739,-713
205000069,203,15,188
205000082,218,170,48
205000110,47,213,-166
205000111,191,209,-18
205000112,169,256,-87
205000113,124,314,-190
205000121,360,57,303
205000123,30,168,-138
205000126,385,65,320
205000127,633,96,537
205000128,376,40,336
205000129,481,43,438
205000130,180,23,157
205000131,108,4,104
205000132,183,3,180
205000133,78,0,78
205000134,239,0,239
205000137,77,128,-51
205000138,153,285,-132
205000139,42,107,-65
205000144,56,101,-45
205000145,453,146,307
205000151,178,33,145
205000152,205,12,193
205000153,255,27,228
205000154,130,30,100
205000155,105,10,95
205000207,14,195,-181
205000233,5,1,4
205000234,0,1,-1
205000243,0,2,-2
205000244,0,1,-1
205000245,14,161,-147
205000249,0,29,-29
205000250,6,1,5
205000251,104,379,-275
205000264,4,99,-95
206000027,11,6,5
206000028,2,2,0
206000043,5,69,-64
206000053,5,12,-7
206000054,2,21,-19
206000055,2,19,-17
206000075,13,15,-2
206000076,13,12,1
206000077,21,4,17
206000078,26,6,20
206000079,20,3,17
206000082,370,56,314
206000100,35,539,-504
206000103,8,10,-2
206000104,15,20,-5
206000105,3,17,-14
206000106,12,23,-11
206000108,705,33,672
206000125,51,0,51
206000157,57,660,-603
206000170,4,187,-183
206000171,5,166,-161
206000172,7,404,-397
206000173,4,199,-195
206000174,7,59,-52
206000175,4,89,-85
206000176,18,186,-168
206000177,1,162,-161
206000178,2,163,-161
206000179,2,102,-100
206000180,15,149,-134
206000181,2,117,-115
206000182,13,134,-121
206000183,13,493,-480
206000184,2,329,-327
206000185,3,148,-145
206000186,116,790,-674
206000223,2,236,-234
206000226,27,3,24
206000227,22,5,17
206000237,19,344,-325
206000238,33,430,-397
206000239,240,1861,-1621
206000240,2,66,-64
206000241,0,105,-105
206000242,1,204,-203
206000243,6,151,-145
206000244,31,486,-455
206000245,767,70,697
206000246,220,8,212
206000247,239,8,231
206000248,330,16,314
206000252,56,48,8
206000258,15,26,-11
206000315,23,4,19
206000317,573,116,457
206000318,513,57,456
206000319,1377,66,1311
206000320,182,43,139
206000321,216,6,210
206000322,477,13,464
206000323,145,13,132
206000324,200,5,195
206000325,220,10,210
206000326,167,11,156
206000327,163,8,155
206000328,180,4,176
206000329,229,5,224
206000330,71,3,68
206000331,161,1,160
206000332,43,1,42
206000333,543,2,541
206000334,270,0,270
206000335,0,25,-25
206000361,3,146,-143
206000392,2,20,-18
206000405,149,1,148
206000441,41,14,27
206000498,49,1,48
206000515,109,27,82
206000530,299,63,236
206000531,231,229,2
206000532,1919,266,1653
206000535,251,1813,-1562
206000536,19,172,-153
206000537,12,122,-110
206000613,2040,184,1856
207000001,144,569,-425
207000002,114,292,-178
207000003,151,177,-26
207000007,937,256,681
207000008,104,6,98
207000009,58,33,25
207000010,294,349,-55
207000012,356,186,170
207000015,208,1049,-841
207000019,225,79,146
207000021,545,141,404
207000022,184,118,66
207000023,186,55,131
207000024,9,22,-13
207000025,35,44,-9
207000026,79,28,51
207000027,18,56,-38
207000028,65,197,-132
207000029,192,411,-219
207000033,181,443,-262
207000034,336,100,236
207000039,427,91,336
207000040,361,57,304
207000041,122,53,69
207000042,267,59,208
207000043,220,156,64
207000051,129,217,-88
207000052,13,115,-102
207000053,412,426,-14
207000054,29,80,-51
207000055,167,91,76
207000056,343,248,95
207000057,125,215,-90
207000058,124,235,-111
207000059,71,312,-241
207000060,70,147,-77
207000061,139,439,-300
207000062,254,21,233
207000063,237,83,154
207000064,453,146,307
207000065,417,233,184
207000066,196,119,77
207000067,65,67,-2
207000068,108,73,35
207000069,635,266,369
207000082,9,178,-169
207000083,89,255,-166
207000084,244,202,42
207000085,224,12,212
207000086,229,8,221
207000106,19,33,-14
207000107,71,22,49
207000108,53,16,37
207000109,56,13,43
207000110,51,78,-27
207000111,84,70,14
207000112,154,522,-368
207000114,26,29,-3
207000115,20,75,-55
207000116,20,340,-320
207000117,10,78,-68
207000118,5,70,-65
207000119,35,52,-17
207000123,179,17,162
207000124,51,23,28
207000125,54,31,23
207000126,88,40,48
207000134,59,119,-60
207000135,28,195,-167
207000148,63,292,-229
207000149,47,36,11
207000152,89,362,-273
207000153,930,1262,-332
207000154,322,152,170
207000159,75,153,-78
207000160,148,324,-176
207000238,0,129,-129
207000242,4,111,-107
207000248,22,29,-7
207000249,105,34,71
207000250,460,65,395
207000251,83,65,18
207000252,67,43,24
207000278,103,57,46
207000279,35,144,-109
207000280,670,69,601
207000281,125,722,-597
207000282,195,97,98
207000283,90,166,-76
207000284,96,207,-111
207000285,83,87,-4
207000291,6,85,-79
207000304,106,51,55
207000306,53,316,-263
207000310,86,66,20
207000353,256,3,253
207000356,4,63,-59
207000357,31,4,27
207000358,8,19,-11
207000415,5,104,-99
207000417,27,3,24
207000437,0,1,-1
207000439,924,761,163
207000446,137,7,130
207000460,32,3,29
207000466,175,115,60
207000467,62,58,4
207000468,9,193,-184
207000476,11,54,-43
207000477,675,68,607
207000523,0,5,-5
207000524,52,0,52
207000527,138,156,-18
207000530,416,5,411
207000531,276,3,273
207000532,85,20,65
207000534,322,48,274
207000535,40,260,-220
207000537,14,84,-70
207000540,3,133,-130
207000541,1,229,-228
207000548,6,212,-206
207000549,294,14,280
207000561,126,219,-93
207000562,41,125,-84
207000567,146,194,-48
207000568,196,43,153
207000569,402,617,-215
207000584,256,149,107
207000585,87,350,-263
207000616,1,111,-110
207000617,124,0,124
207900008,203,114,89
208000001,591,970,-379
208000002,652,498,154
208000003,1183,363,820
208000004,1324,660,664
208000005,4,17,-13
208000019,630,804,-174
208000020,142,435,-293
208000021,274,325,-51
208000022,1134,477,657
208000028,1626,1105,521
208000033,577,496,81
208000034,1250,1199,51
208000040,275,155,120
208000041,967,587,380
208000042,1436,589,847
208000047,149,182,-33
208000064,2539,1494,1045
208000066,1785,2663,-878
208000070,348,294,54
208000071,386,813,-427
208000072,349,1062,-713
208000080,297,351,-54
208000081,335,123,212
208000082,279,234,45
208000083,110,367,-257
208000084,16,26,-10
208000085,822,614,208
208000086,412,1019,-607
208000087,347,693,-346
208000089,915,359,556
208000090,869,559,310
208000093,120,158,-38
208000094,427,328,99
208000095,688,456,232
208000104,987,835,152
208000105,635,831,-196
208000114,116,362,-246
208000115,500,350,150
208000116,576,1074,-498
208000117,88,156,-68
208000118,64,137,-73
208000155,709,1068,-359
208000158,1263,3710,-2447
208000186,3636,4516,-880
208000204,612,962,-350
208000205,966,875,91
208000282,5587,3228,2359
209000004,349,119,230
209000005,51,37,14
209000006,417,159,258
209000007,257,355,-98
209000010,392,144,248
209000011,197,255,-58
209000012,349,129,220
209000013,279,275,4
209000014,459,881,-422
209000025,297,37,260
209000026,674,98,576
209000027,361,683,-322
209000028,450,629,-179
209000029,513,733,-220
209000030,417,1229,-812
209000031,2232,2012,220
209000034,213,190,23
209000035,169,155,14
209000036,203,82,121
209000037,273,173,100
209000038,87,118,-31
209000039,53,101,-48
209000040,239,410,-171
209000041,160,412,-252
209000042,234,300,-66
209000043,657,807,-150
209000044,185,797,-612
209000045,1247,462,785
209000046,529,455,74
209000047,397,164,233
209000048,565,369,196
209000049,117,67,50
209000050,157,102,55
209000051,220,181,39
209000052,142,173,-31
209000062,29,78,-49
209000063,50,70,-20
209000064,41,67,-26
209000065,76,47,29
209000066,89,25,64
209000067,108,31,77
209000080,35,206,-171
209000082,112,33,79
209000091,14,98,-84
209000093,29,21,8
209000094,171,162,9
209000110,35,106,-71
209000111,571,1310,-739
209000112,993,419,574
209000113,1538,432,1106
209000114,718,457,261
209000115,59,83,-24
209000116,321,358,-37
209000118,14,50,-36
209000119,19,11,8
209000121,102,452,-350
209000135,93,201,-108
209000142,611,1557,-946
209000143,87,62,25
209000144,59,130,-71
209000229,243,132,111
209000240,27,258,-231
209000259,85,83,2
209000260,46,1104,-1058
209000261,6,885,-879
209000262,1,445,-444
209000263,0,135,-135
209000264,0,116,-116
209000265,602,6,596
209000266,122,1,121
209000267,1777,14,1763
209000268,709,59,650
210000037,63,30,33
210000047,88,21,67
210000048,91,46,45
210000049,48,8,40
210000052,55,66,-11
210000053,22,53,-31
210000054,25,58,-33
210000070,208,6,202
210000071,113,0,113
210000072,34,1,33
210000073,0,18,-18
210000074,0,89,-89
210000075,1,103,-102
210000076,11,161,-150
210000077,12,41,-29
210000078,34,31,3
210000079,26,19,7
210000080,74,45,29
210000081,237,25,212
210000082,153,1,152
210000083,64,1,63
210000084,32,0,32
210000085,0,44,-44
210000086,1,105,-104
210000099,39,242,-203
210000100,55,159,-104
210000101,99,150,-51
210000105,23,170,-147
210000159,4,118,-114
210000163,151,211,-60
210000164,266,205,61
210000168,154,50,104
210000187,0,19,-19
210000188,0,17,-17
210000214,31,0,31
210000219,36,42,-6
210000220,88,57,31
210000232,1,23,-22
210000233,21,56,-35
210000234,37,90,-53
210000235,63,68,-5
210000245,0,52,-52
210000246,50,3,47
210000258,11,101,-90
210000259,369,80,289
210000282,82,192,-110
210000285,1,114,-113
210000286,16,136,-120
210000295,32,90,-58
210000296,42,24,18
210000320,157,61,96
210000321,145,76,69
210000338,56,64,-8
210000339,307,1134,-827
210000340,118,384,-266
210000341,186,257,-71
210000342,203,162,41
210000343,168,172,-4
210000344,171,103,68
210000345,152,213,-61
210000346,74,110,-36
210000347,93,28,65
210000348,141,21,120
210000349,57,26,31
210000350,119,68,51
210000351,164,115,49
210000352,84,77,7
210000353,50,86,-36
210000354,82,99,-17
210000355,58,50,8
210000356,67,54,13
210000357,58,54,4
210000358,295,160,135
210000359,95,77,18
210000360,168,108,60
210000361,191,121,70
210000362,316,204,112
210000363,676,273,403
210000364,102,170,-68
210000365,98,65,33
210000366,170,52,118
210000367,82,29,53
210000368,145,27,118
210000369,22,16,6
210000370,46,33,13
210000372,14,26,-12
210000373,37,16,21
210000374,41,18,23
210000375,32,89,-57
210000376,73,101,-28
210000404,46,69,-23
210000439,17,49,-32
210000472,101,2,99
210000482,63,120,-57
210000564,345,338,7
210000568,325,2,323
211000092,44,40,4
211000094,32,3,29
211000169,157,13,144
211000172,8,189,-181
211000209,3,25,-22
211000275,20,17,3
211000276,101,26,75
211000279,13,31,-18
211000281,71,31,40
211507980,0,39,-39
211977296,52,8,44
212000003,103,49,54
212000004,34,30,4
212000005,6,24,-18
212000006,30,51,-21
212000008,139,112,27
212000009,34,110,-76
212000012,91,93,-2
212000013,26,46,-20
212000014,251,133,118
212000015,277,223,54
212000016,481,484,-3
212000027,553,461,92
212000028,358,389,-31
212000029,228,241,-13
212000030,46,33,13
212000031,72,52,20
212000048,35,142,-107
212000049,27,77,-50
212000050,25,9,16
212000051,180,200,-20
212000052,165,257,-92
212000053,428,472,-44
212000054,285,106,179
212000055,262,181,81
212000056,23,37,-14
212000057,10,21,-11
212000058,198,63,135
212000070,94,189,-95
212000077,126,485,-359
212000099,339,250,89
212000108,144,118,26
212000111,193,108,85
212000120,141,68,73
212000138,138,38,100
212000156,9,96,-87
212000158,7,13,-6
212000159,455,45,410
212000160,684,244,440
212000161,50,10,40
212000310,60,12,48
212000311,21,54,-33
212000374,41,9,32
213000001,41,450,-409
213000005,435,126,309
213000006,1214,296,918
213000007,145,11,134
213000009,821,410,411
213000010,178,249,-71
213000011,217,108,109
213000012,180,298,-118
213000014,83,12,71
213000015,259,8,251
213000016,413,6,407
213000017,80,0,80
213000018,0,137,-137
213000019,1,130,-129
213000020,120,349,-229
213000021,5,114,-109
213000023,389,167,222
213000033,356,1651,-1295
213000034,899,258,641
213000035,125,205,-80
213000045,187,215,-28
213000046,227,195,32
213000047,600,1243,-643
213000056,117,44,73
213000069,105,2,103
213000073,0,43,-43
213000074,66,341,-275
213000075,546,24,522
213000085,12,38,-26
213000086,10,143,-133
213000091,217,10,207
213000092,94,12,82
213000099,125,1161,-1036
213000100,1009,230,779
213000101,328,133,195
213000102,474,304,170
213000103,1067,915,152
213000104,48,466,-418
213000105,7,197,-190
213000106,46,92,-46
213000107,113,469,-356
213000108,31,393,-362
213000109,13,199,-186
213000110,14,84,-70
213000111,7,85,-78
213000112,130,138,-8
213000115,49,8,41
213000116,27,358,-331
213000117,18,634,-616
213000118,389,255,134
213000119,43,622,-579
213000120,153,522,-369
213000122,125,491,-366
213000123,387,1175,-788
213000124,111,1357,-1246
213000125,154,26,128
213000126,118,144,-26
213000127,116,255,-139
213000128,434,1116,-682
213000129,433,588,-155
213000130,722,274,448
213000132,521,88,433
213000133,577,89,488
213000134,816,21,795
213000136,515,26,489
213000137,695,68,627
213000139,175,25,150
213000147,83,8,75
213000148,21,4,17
213000149,34,2,32
213000150,0,153,-153
213000151,8,90,-82
213000152,6,101,-95
213000153,4,103,-99
213000154,34,395,-361
213000155,54,237,-183
213000156,131,407,-276
213000157,643,374,269
213000158,389,898,-509
213000159,744,449,295
213000163,1093,150,943
213000165,1079,307,772
213000171,0,66,-66
213000172,3,231,-228
213000173,5,214,-209
213000174,6,161,-155
213000175,17,138,-121
213000176,133,51,82
213000177,143,17,126
213000178,208,8,200
213000179,247,1,246
213000180,172,2,170
213000184,101,402,-301
213000188,506,106,400
213000189,431,41,390
213000190,957,791,166
213000191,299,344,-45
213000192,293,334,-41
213000193,755,345,410
213000194,0,57,-57
213000195,40,303,-263
213000196,234,1263,-1029
213000197,501,568,-67
213000198,136,7,129
213000200,131,754,-623
213000201,48,46,2
213000202,17,488,-471
213000203,3040,707,2333
213000204,651,76,575
213000205,438,122,316
213000206,403,52,351
213000207,178,22,156
213000208,91,5,86
213000209,194,4,190
213000210,462,3,459
213000211,10,26,-16
213000212,6,37,-31
213000213,19,60,-41
213000218,188,480,-292
213000219,569,25,544
213000220,542,15,527
213000223,193,180,13
213000224,73,58,15
213000225,272,11,261
213000226,101,16,85
213000227,821,167,654
213000228,517,64,453
213000229,288,12,276
213000230,376,22,354
213000232,59,939,-880
213000233,12,489,-477
213000234,10,48,-38
213000293,9,67,-58
213000294,136,30,106
213000295,10,81,-71
213000296,57,21,36
213000297,12,81,-69
213000298,13,89,-76
213000299,69,38,31
213000300,7,5,2
213000303,1,22,-21
213000304,6,20,-14
213000305,2,11,-9
213000306,63,45,18
213000307,164,58,106
213000308,91,191,-100
213000309,153,62,91
213000310,570,220,350
213000311,249,715,-466
213000315,64,107,-43
213000316,174,58,116
213000322,73,128,-55
213000323,137,70,67
213000324,128,104,24
213000325,110,104,6
213000326,90,63,27
213000327,121,119,2
213000328,80,175,-95
213000329,140,75,65
213000340,138,538,-400
213000341,507,103,404
213000347,643,422,221
213000348,15,95,-80
213000349,35,9,26
213000350,265,892,-627
213000366,56,339,-283
213000367,229,13,216
213000379,103,40,63
213000386,8,291,-283
213000406,87,359,-272
213000417,1215,468,747
213000425,208,38,170
213000426,185,62,123
213000427,37,268,-231
213000428,78,187,-109
213000429,20,5,15
213000430,149,645,-496
213000431,133,3,130
213000432,4,144,-140
213000433,25,162,-137
213000434,106,111,-5
213000435,179,68,111
213000436,46,49,-3
213000437,3,30,-27
213000438,175,95,80
213000439,46,12,34
213000440,22,323,-301
213000441,3,2,1
213000442,2,49,-47
213000443,522,396,126
213000444,36,70,-34
213000445,0,92,-92
213000446,3,180,-177
213000447,5,69,-64
213000448,18,159,-141
213000449,375,7,368
213000450,21,34,-13
213000451,265,106,159
213000452,15,28,-13
213000453,37,263,-226
213000455,522,11,511
213000456,2,283,-281
213000481,4,9,-5
213000484,21,1,20
213000489,300,63,237
213900002,0,107,-107
213900003,199,1,198
213900013,3,166,-163
213900015,0,13,-13
213900016,26,14,12
213900020,17,94,-77
213900030,0,68,-68
213900032,217,202,15
213900033,118,46,72
213900034,646,93,553
213900035,203,428,-225
213900036,137,208,-71
213900037,33,307,-274
213900038,451,159,292
213900039,0,66,-66
213900041,0,163,-163
213900042,244,263,-19
213900043,262,100,162
213900244,52,1,51
213900245,0,15,-15
218000003,25,14,11
218000004,30,23,7
218000005,53,24,29
218000006,45,24,21
218000007,11,14,-3
218000012,155,111,44
218000013,111,173,-62
218000014,429,390,39
218000019,723,549,174
218000020,312,351,-39
218000021,21,36,-15
218000022,9,15,-6
218000023,2,22,-20
218000024,1,6,-5
218000025,8,13,-5
218000026,9,18,-9
218000027,2,16,-14
218000028,1,2,-1
218000029,7,5,2
218000030,14,16,-2
218000031,0,19,-19
218000032,1,20,-19
218000040,8,2,6
218000046,43,108,-65
218000047,17,141,-124
218000048,46,107,-61
218000049,98,129,-31
218000050,440,328,112
218000051,57,283,-226
218000052,2,115,-113
218000053,10,10,0
218000054,12,63,-51
218000055,6,38,-32
218000056,23,28,-5
218000057,5,29,-24
218000064,3,9,-6
218000065,76,40,36
218000066,24,20,4
218000067,54,42,12
218000068,118,103,15
218000069,221,124,97
218000070,216,197,19
218000071,205,161,44
218000072,263,172,91
218000078,850,701,149
218000079,120,85,35
218000080,135,44,91
218000081,442,180,262
218000082,67,111,-44
218000083,64,67,-3
218000084,137,144,-7
218000085,166,360,-194
218000086,64,169,-105
218000087,201,168,33
218000090,17,104,-87
218000091,803,438,365
218000092,92,100,-8
218000093,89,55,34
218000094,403,393,10
218000099,331,760,-429
218000100,265,303,-38
218000101,255,178,77
218000102,402,194,208
218000103,99,127,-28
218000104,102,22,80
218000105,17,19,-2
218000106,12,7,5
218000107,61,56,5
218000108,5,44,-39
218000112,77,37,40
218000117,78,44,34
218000134,582,558,24
218000135,41,94,-53
218000136,294,91,203
218000137,220,126,94
218000138,35,83,-48
218000139,180,264,-84
218000140,435,175,260
218000141,102,44,58
218000142,220,146,74
218000143,144,279,-135
218000144,74,71,3
218000145,370,325,45
218000146,105,211,-106
218000151,10,35,-25
218000152,161,64,97
218000153,15,1,14
218000154,24,1,23
218000155,27,0,27
218000156,67,12,55
218000157,22,13,9
218000158,4,7,-3
218000159,2,8,-6
218000160,2,3,-1
218000161,21,20,1
218000162,45,6,39
218000163,5,1,4
218000164,33,4,29
218000165,72,20,52
218000170,4,58,-54
218000171,85,12,73
218000172,24,13,11
218000173,102,17,85
218000174,24,5,19
218000176,212,48,164
218000177,428,275,153
218000178,96,300,-204
218000179,90,87,3
218000180,86,40,46
218000181,174,61,113
218000187,7,26,-19
218000188,22,53,-31
218000189,35,79,-44
218000190,18,21,-3
218000191,183,52,131
218000192,178,221,-43
218000193,437,337,100
218000194,95,348,-253
218000195,154,66,88
218000196,329,264,65
218000197,382,357,25
218000198,36,140,-104
218000199,55,29,26
218000200,109,34,75
218000201,19,9,10
218000202,64,201,-137
218000207,3,27,-24
218000208,56,19,37
218000211,46,11,35
218000212,1,17,-16
218000213,104,97,7
218000214,5,41,-36
218000215,38,72,-34
218000217,8,74,-66
218000218,226,74,152
218000219,34,19,15
218000220,93,433,-340
218000221,578,149,429
218000222,15,33,-18
218000223,53,465,-412
218000224,9,179,-170
218000225,191,27,164
218000226,118,58,60
218000230,0,5,-5
218000232,50,44,6
218000239,183,5,178
218000240,17,2,15
218000241,47,0,47
218000242,125,2,123
218000243,80,1,79
218000244,48,5,43
218000245,22,1,21
218000246,0,1,-1
218000247,0,0,0
218000248,0,13,-13
218000249,0,3,-3
218000250,0,9,-9
218000251,5,18,-13
218000252,3,32,-29
218000253,8,23,-15
218000254,3,12,-9
218000255,2,6,-4
218000256,8,45,-37
218000267,330,785,-455
218000268,14,54,-40
218000269,15,12,3
218000270,26,23,3
218000271,12,26,-14
218000273,24,2,22
218000274,15,2,13
218000275,15,41,-26
218000276,15,29,-14
218000278,5,16,-11
218000279,21,31,-10
218000280,11,7,4
218000281,23,7,16
218000282,400,304,96
218000284,86,3,83
218000301,84,128,-44
218000302,191,46,145
218000303,30,33,-3
218000316,690,764,-74
218000317,1024,834,190
218000318,706,640,66
218000319,1076,920,156
218000320,802,565,237
218000338,61,35,26
218000345,99,61,38
218000346,35,185,-150
218000459,38,233,-195
218000490,17,42,-25
218000501,99,42,57
218000502,53,82,-29
218000503,116,23,93
218000504,144,22,122
218000505,63,114,-51
218000506,46,183,-137
218000508,1,8,-7
218000510,135,17,118
218000520,112,74,38
218000521,9,44,-35
218000522,0,130,-130
218000523,131,1,130
218000524,48,200,-152
218000525,165,9,156
218000526,36,133,-97
218000529,18,114,-96
218000530,11,2,9
218000531,11,17,-6
218000532,35,14,21
218000534,84,12,72
218000537,12,49,-37
218000538,164,230,-66
218000540,493,87,406
218000543,130,55,75
218000544,42,86,-44
218000545,74,101,-27
218000546,34,75,-41
218000547,81,148,-67
218000548,96,131,-35
218000549,460,503,-43
218000550,220,295,-75
218000551,129,1058,-929
218000552,404,48,356
218000553,13,69,-56
218000554,24,21,3
218000555,29,38,-9
218000556,94,177,-83
218000557,208,99,109
218000558,73,2,71
218000559,0,73,-73
218000560,0,21,-21
218000561,13,0,13
218000562,35,217,-182
218000563,208,24,184
218000564,10,145,-135
218000565,225,32,193
218000566,521,29,492
218000567,1,88,-87
218000568,57,7,50
218000569,13,103,-90
218000570,106,8,98
218000571,16,92,-76
218000572,161,3,158
218000573,26,146,-120
218000574,201,34,167
218000575,105,0,105
218000576,0,91,-91
218000577,107,1,106
218000578,1,86,-85
218000579,105,15,90
218000581,5,60,-55
218000582,52,1,51
218000583,22,0,22
218000584,0,45,-45
218000585,26,20,6
218000586,12,36,-24
218000587,2,0,2
218000588,8,3,5
218000589,0,10,-10
218000590,3,0,3
218000591,7,4,3
218000592,34,1,33
218000593,0,1,-1
218000594,2,0,2
218000595,0,0,0
218000596,0,0,0
218000597,0,2,-2
218000598,0,1,-1
218000599,0,0,0
218000600,1,2,-1
218000601,0,0,0
218000602,0,14,-14
218000603,0,7,-7
218000604,31,0,31
218000605,0,29,-29
218000606,73,0,73
218000607,11,32,-21
218000608,59,21,38
218000609,5,37,-32
218000610,61,7,54
218000611,18,5,13
218000612,4,32,-28
218000613,38,1,37
218000614,2,47,-45
218000615,203,2,201
218000616,1,101,-100
218000617,24,2,22
218000618,1,26,-25
218000619,47,30,17
218000620,21,22,-1
218000621,0,0,0
218000622,1,18,-17
218000623,299,3,296
218000624,3,17,-14
218000625,10,4,6
218000626,0,10,-10
218000628,101,26,75
218000631,14,11,3
218000632,3,106,-103
218000633,132,2,130
218000634,8,16,-8
218000635,11,18,-7
218000636,718,1020,-302
218000637,882,445,437
218000638,170,29,141
218000639,17,209,-192
218000640,286,38,248
218000641,61,357,-296
218000652,52,64,-12
218000653,172,73,99
218000663,6,89,-83
218000675,52,29,23
218000676,4,25,-21
218000677,9,4,5
218000680,82,295,-213
218000681,241,77,164
218000691,87,124,-37
218000693,176,74,102
218000703,3,33,-30
218000718,421,1345,-924
218000719,709,634,75
218000720,22,176,-154
218000721,205,10,195
218000725,8,4,4
218001214,22,79,-57
218001329,49,57,-8
218001330,23,35,-12
218001359,0,2,-2
218001360,0,0,0
218001361,0,0,0
218001362,0,1,-1
219000001,58,57,1
219000002,41,51,-10
219000003,86,44,42
219000004,43,43,0
219000017,84,26,58
219000020,130,57,73
219000022,123,10,113
219000023,98,0,98
219000029,0,42,-42
219000034,45,22,23
219000039,75,170,-95
219000040,51,80,-29
219000041,109,12,97
219000051,0,31,-31
219000052,2,27,-25
219000053,1,93,-92
219000054,463,349,114
219000055,166,1,165
219000056,17,0,17
219000057,66,1,65
219000062,9,63,-54
219000063,65,3,62
219000064,3,30,-27
219000110,372,54,318
219000111,78,45,33
219000112,178,51,127
219000113,131,36,95
219000114,175,69,106
219000116,107,61,46
219000117,174,63,111
219000118,164,48,116
219000123,236,57,179
219000124,133,60,73
219000125,6,8,-2
219000126,46,94,-48
219000127,1,9,-8
219000128,5,117,-112
219000129,17,141,-124
219000130,382,455,-73
219000131,555,974,-419
219000133,61,43,18
219000134,4,31,-27
219000135,58,131,-73
219000136,107,210,-103
219000138,71,19,52
219000139,30,35,-5
219000140,39,1,38
219000141,19,82,-63
219000142,19,70,-51
219000143,18,72,-54
219000145,30,30,0
219000146,2,29,-27
219000147,12,35,-23
219000148,3,17,-14
219000149,11,81,-70
219000150,3,59,-56
219000151,1,37,-36
219000157,157,107,50
219000158,207,199,8
219000161,108,6,102
219000163,1261,468,793
219000166,139,194,-55
219000167,117,159,-42
219000168,258,87,171
219000174,429,143,286
219000175,68,4,64
219000176,111,9,102
219000177,49,6,43
219000178,46,0,46
219000179,23,11,12
219000180,39,34,5
219000182,145,19,126
219000183,118,26,92
219000184,91,7,84
219000185,1,54,-53
219000186,41,38,3
219000187,12,86,-74
219000189,62,167,-105
219000190,94,197,-103
219000191,691,1370,-679
219000192,177,140,37
219000193,198,136,62
219000195,1,45,-44
219000196,7,98,-91
219000198,12,96,-84
219000199,52,228,-176
219000200,40,157,-117
219000201,43,151,-108
219000203,24,116,-92
219000204,76,216,-140
219000205,39,193,-154
219000207,109,240,-131
219000209,17,63,-46
219000210,21,75,-54
219000213,3,122,-119
219000239,222,237,-15
219000240,214,390,-176
219000241,161,141,20
219000242,63,100,-37
219000243,71,168,-97
219000244,19,75,-56
219000245,41,36,5
219000246,36,16,20
219000247,149,38,111
219000248,510,429,81
219000249,124,80,44
219000250,111,97,14
219000251,575,236,339
219000252,174,160,14
219000253,432,103,329
219000255,79,98,-19
219000256,229,80,149
219000257,104,0,104
219000262,135,116,19
219000263,71,133,-62
219000267,3,58,-55
219000268,3,3,0
219000269,1,1,0
219000270,2,0,2
219000271,123,10,113
219000278,6,5,1
219000279,11,5,6
219000283,0,12,-12
219000295,19,87,-68
219000296,76,398,-322
219000297,9,104,-95
219000298,11,82,-71
219000299,372,79,293
219000300,23,166,-143
219000301,209,334,-125
219000302,44,246,-202
219000307,53,41,12
219000308,44,36,8
219000311,195,56,139
219000312,657,126,531
219000313,357,59,298
219000314,52,343,-291
219000315,245,40,205
219000316,508,73,435
219000317,84,33,51
219000320,0,46,-46
219000321,0,25,-25
219000323,4,51,-47
219000325,1,10,-9
219000326,67,82,-15
219000327,69,28,41
219000328,22,60,-38
219000329,279,112,167
219000330,54,45,9
219000331,39,64,-25
219000332,110,106,4
219000333,22,6,16
219000335,79,3,76
219000337,18,0,18
219000338,70,0,70
219000344,15,59,-44
219000345,48,84,-36
219000346,30,102,-72
219000348,154,116,38
219000349,57,169,-112
219000350,94,250,-156
219000351,5,5,0
219000352,426,139,287
219000353,92,57,35
219000354,187,94,93
219000355,116,61,55
219000356,1096,1288,-192
219000363,258,50,208
219000364,78,36,42
219000365,107,16,91
219000366,198,260,-62
219000368,313,538,-225
219000370,1229,487,742
219000371,20,32,-12
219000382,15,27,-12
219000383,523,1143,-620
219000385,387,462,-75
219000386,642,1567,-925
219000387,3,8,-5
219000390,5,0,5
219000391,2,0,2
219000397,81,73,8
219000398,79,52,27
219000401,9,82,-73
219000402,51,77,-26
219000403,178,327,-149
219000404,28,119,-91
219000407,0,22,-22
219000409,59,74,-15
219000410,84,46,38
219000411,67,8,59
219000446,121,374,-253
219000447,0,19,-19
219000448,20,4,16
219000452,88,87,1
219000453,62,183,-121
219000454,188,256,-68
219000556,204,58,146
219000558,128,162,-34
219000590,25,155,-130
219000591,66,81,-15
219000592,94,319,-225
219000595,3,12,-9
219000635,223,32,191
219000636,19,52,-33
219000657,28,34,-6
219000658,58,144,-86
219000673,1,49,-48
219000676,107,26,81
219000679,42,18,24
219000684,88,3,85
219000685,1,43,-42
219000686,0,3,-3
219000688,0,55,-55
219000689,25,192,-167
219000690,168,23,145
219000691,22,178,-156
219000692,179,18,161
219000693,0,28,-28
219000694,18,1,17
219000695,13,0,13
219000698,21,0,21
219000699,0,18,-18
219000727,0,84,-84
219000728,66,2,64
219000770,37,0,37
219000771,0,26,-26
219001150,2,39,-37
219001151,0,5,-5
219001166,6,12,-6
219001167,2,53,-51
220000001,50,80,-30
220000002,16,109,-93
220000003,293,208,85
220000004,566,455,111
220000005,1364,1792,-428
220000006,158,793,-635
220000007,375,403,-28
220000008,274,617,-343
220000009,218,283,-65
220000010,178,102,76
220000011,453,3125,-2672
220000012,141,262,-121
220000014,121,76,45
220000015,40,177,-137
220000017,81,223,-142
220000018,4136,1370,2766
220000019,76,263,-187
220000020,357,265,92
220000021,675,166,509
220000022,720,409,311
220000023,302,130,172
220000024,1845,356,1489
220000025,1408,1123,285
220000026,204,329,-125
220000027,27,89,-62
220000028,53,42,11
220000029,40,114,-74
220000030,96,55,41
220000031,396,243,153
220000064,26,1198,-1172
221000046,37,26,11
221000047,0,4,-4
221000048,0,3,-3
221000049,0,11,-11
221000050,9,0,9
221000055,41,39,2
221000057,58,7,51
221000068,327,135,192
221000069,424,68,356
221000070,279,33,246
221000071,98,9,89
221000072,200,9,191
221000073,142,53,89
221000074,0,16,-16
221000075,18,21,-3
221000076,12,25,-13
221000077,42,94,-52
221000081,18,6,12
221000082,63,11,52
221000083,27,4,23
221000084,4,7,-3
221000085,24,51,-27
221000086,10,74,-64
221000087,4,122,-118
221000088,18,155,-137
221000089,24,202,-178
221000090,84,457,-373
221000098,105,10,95
221000099,152,10,142
221000100,88,5,83
221000101,152,12,140
221000102,114,18,96
221000109,6,75,-69
221000110,10,87,-77
221000111,26,166,-140
221000112,8,126,-118
221000113,16,127,-111
221000114,11,129,-118
221000120,30,24,6
221000121,11,26,-15
221000122,47,29,18
221000123,8,6,2
221000124,30,149,-119
221000155,108,10,98
221000156,14,27,-13
221000175,0,3,-3
221000176,1,4,-3
221000182,36,4,32
221000241,451,288,163
221000242,133,383,-250
221000243,391,135,256
221000244,219,406,-187
221000245,65,107,-42
221000246,25,195,-170
221000247,72,86,-14
221000248,118,86,32
221000267,46,515,-469
221000325,80,59,21
221000331,7,73,-66
221000338,10,32,-22
221000378,179,21,158
221000381,47,31,16
222000282,13,1,12
222000296,4,16,-12
222000568,347,22,325
222000569,169,45,124
222000570,153,33,120
222000571,274,29,245
222000577,24,98,-74
222000578,33,125,-92
222000579,34,139,-105
222000580,70,732,-662
222000599,1,144,-143
222000600,5,223,-218
222000601,5,896,-891
222000603,23,43,-20
222000604,2,32,-30
222000605,15,22,-7
222000606,2,7,-5
222000607,2,7,-5
222000608,27,9,18
222000609,69,128,-59
222000616,275,42,233
222000617,9,13,-4
222000618,9,3,6
222000620,20,17,3
222000621,71,23,48
222000623,487,11,476
222000624,326,4,322
222000625,474,17,457
222000636,73,3,70
222000686,28,9,19
222000687,33,21,12
222001066,337,2,335
222001067,20,0,20
222001068,43,21,22
222001069,42,42,0
222001082,6,42,-36
222001083,15,54,-39
222001084,0,13,-13
222001085,0,203,-203
222001111,51,100,-49
222001112,122,34,88
222001313,44,13,31
222001314,12,117,-105
222001464,43,30,13
222001465,16,48,-32
222001484,87,60,27
222001485,24,51,-27
222001494,500,113,387
222001495,107,226,-119
222001496,337,70,267
222001497,81,345,-264
222001502,17,83,-66
222001503,97,30,67
222001504,33,307,-274
222001505,315,20,295
222001506,40,323,-283
222001507,298,20,278
222001510,432,32,400
222001511,52,344,-292
222001514,586,236,350
222001515,199,543,-344
222001518,288,67,221
222001519,48,238,-190
222001527,172,51,121
222001528,68,143,-75
222001529,260,45,215
222001530,71,225,-154
222001533,125,258,-133
222001534,399,50,349
222001535,197,222,-25
222001536,79,193,-114
222001537,249,55,194
222001538,72,495,-423
222001563,682,113,569
222001564,102,425,-323
222001568,485,137,348
222001576,1,3,-2
222001579,1,6,-5
222001583,15,176,-161
222001584,96,7,89
222001596,784,1143,-359
222001597,2259,391,1868
222001626,3,134,-131
222001650,102,119,-17
222001651,133,144,-11
222001914,175,89,86
222001915,68,215,-147
222900004,462,214,248
222900009,405,534,-129
222900019,173,194,-21
222900024,34,20,14
222900025,5,11,-6
225000001,419,121,298
225000002,479,125,354
225000003,543,63,480
225000004,306,183,123
225000005,46,79,-33
225000006,0,163,-163
225000007,1200,1045,155
225000010,283,9,274
225000011,329,827,-498
225000012,203,432,-229
225000013,106,96,10
225000014,762,120,642
225000015,97,141,-44
225000021,761,138,623
225000027,203,352,-149
225000032,649,123,526
225000042,47,489,-442
225000049,14,53,-39
225000050,64,17,47
225000053,7,243,-236
225000058,496,127,369
225000067,196,115,81
225000068,102,245,-143
225000069,109,367,-258
225000070,65,285,-220
225000071,19,113,-94
225000075,19,515,-496
225000076,40,106,-66
225000078,70,56,14
225000085,39,108,-69
225000086,253,94,159
225000087,158,5,153
225000088,7,156,-149
225000089,128,761,-633
225000090,56,300,-244
225000091,116,146,-30
225000092,18,63,-45
225000093,178,201,-23
225000094,13,200,-187
225000095,270,298,-28
225000096,226,398,-172
225000098,614,251,363
225000099,352,102,250
225000100,285,126,159
225000104,93,307,-214
225000110,18,275,-257
225000111,188,893,-705
225000112,262,917,-655
225000113,149,499,-350
225000114,65,188,-123
225000115,1136,547,589
225000116,809,179,630
225000117,671,226,445
225000118,970,184,786
225000119,175,59,116
225000120,592,25,567
225000121,206,24,182
225000123,476,14,462
225000125,319,110,209
225000126,606,99,507
225000127,582,875,-293
225000128,359,604,-245
225000132,331,26,305
225000133,292,22,270
225000134,635,153,482
225000135,51,8,43
225000136,268,10,258
225000137,207,45,162
225000138,361,72,289
225000143,48,158,-110
225000144,3,240,-237
225000145,37,40,-3
225000146,49,63,-14
225000147,22,164,-142
225000148,6,164,-158
225000149,31,377,-346
225000151,18,175,-157
225000155,240,322,-82
225000156,130,668,-538
225000157,192,275,-83
225000158,68,271,-203
225000171,1,165,-164
225000180,25,3,22
225000181,0,73,-73
225000182,61,4,57
225000185,6,326,-320
225000187,33,276,-243
225000191,95,8,87
225000194,0,12,-12
225000208,0,38,-38
225000209,68,12,56
225000210,1,234,-233
225000217,2,16,-14
225000218,5,2,3
225000223,0,30,-30
225000224,49,0,49
225000225,2,14,-12
225000226,28,0,28
225000227,19,44,-25
225000228,13,5,8
225000229,0,51,-51
225000230,32,0,32
225000231,1,40,-39
225000232,121,0,121
225000241,64,0,64
225000242,1,41,-40
225000249,52,47,5
225000250,26,680,-654
225000251,324,26,298
225000254,3,20,-17
225000256,1,35,-34
225000257,4,29,-25
226000042,279,329,-50
226000043,43,254,-211
226000044,122,437,-315
226000045,53,322,-269
226000046,301,86,215
226000047,387,96,291
226000048,314,111,203
226000049,211,155,56
226000070,0,30,-30
226000071,0,55,-55
226000072,0,15,-15
226000073,0,11,-11
226000074,0,12,-12
226000084,1,46,-45
226000085,5,9,-4
226000086,8,8,0
226000087,4,14,-10
226000088,38,52,-14
226000090,214,60,154
226000091,39,30,9
226000092,7,10,-3
226000093,22,0,22
226000094,16,6,10
226000095,20,14,6
226000105,10,3,7
226000106,9,0,9
226000107,10,0,10
226000108,25,2,23
226000109,65,0,65
226000124,137,54,83
226000134,599,505,94
226000135,1361,464,897
226000136,466,407,59
226000137,5,227,-222
226000138,8,146,-138
226000139,0,33,-33
226000156,138,1,137
226000157,192,11,181
226000163,89,147,-58
226000202,8,239,-231
226000231,311,9,302
226000232,40,7,33
227000033,239,58,181
227000036,226,35,191
227000037,214,26,188
227000038,203,24,179
227000084,2,55,-53
227000085,1,38,-37
227000088,40,5,35
227000089,80,0,80
227000090,33,0,33
227000091,14,2,12
227000092,41,0,41
227000093,97,0,97
227000094,11,1,10
227000130,15,60,-45
227000131,22,165,-143
227000132,11,179,-168
227000133,10,154,-144
227000134,17,257,-240
227000152,0,0,0
227000153,0,59,-59
227000154,0,17,-17
227000155,0,15,-15
227000156,0,11,-11
227000165,7,33,-26
227000196,390,215,175
227000199,290,349,-59
227000230,14,343,-329
227000232,470,17,453
227000242,56,341,-285
227000243,341,48,293
227000245,8,317,-309
227000246,116,301,-185
227000247,338,44,294
227000248,72,14,58
227000249,15,95,-80
227000250,285,94,191
227000251,69,105,-36
227000252,18,218,-200
227000253,83,11,72
227000262,278,44,234
227000266,1150,14,1136
227000267,26,1069,-1043
227000282,13,98,-85
227000284,378,12,366
227000286,1,66,-65
227000291,10,378,-368
227000296,164,229,-65
227000484,198,24,174
227000485,14,568,-554
227000655,167,7,160
227000656,564,42,522
227000657,39,6,33
227000704,89,10,79
229000265,9,10,-1
229000266,3,1,2
229000267,5,0,5
229000268,18,1,17
229000269,31,0,31
229000274,0,30,-30
229000275,0,32,-32
229000276,0,23,-23
229000277,0,3,-3
229000278,1,8,-7
229000295,25,31,-6
229000296,38,11,27
229000297,14,27,-13
229000298,5,207,-202
229000320,13,12,1
229000321,32,7,25
229000412,39,47,-8
229000414,12,43,-31
229000415,18,4,14
229000416,3,8,-5
229000417,5,26,-21
229000419,115,287,-172
229000440,452,82,370
229000442,17,19,-2
229000443,7,0,7
229000444,0,23,-23
229000445,78,9,69
229000446,86,16,70
229000491,0,10,-10
229000492,7,61,-54
229000493,2,62,-60
229000494,30,3,27
229000495,103,3,100
229000496,47,5,42
229000507,0,59,-59
229000508,0,28,-28
229000509,0,57,-57
229000510,0,41,-41
229000511,2,42,-40
229000512,0,27,-27
229000513,0,6,-6
229000514,0,1,-1
229000517,2,6,-4
229000518,8,8,0
229000519,0,5,-5
229000520,9,34,-25
229000521,38,15,23
229000522,9,12,-3
229000523,11,5,6
229000524,2,1,1
229000527,4,0,4
229000528,0,0,0
229000529,5,1,4
229000530,64,3,61
229000531,44,3,41
229000532,32,0,32
229000533,69,0,69
229000534,78,2,76
229000564,40,0,40
229000565,18,0,18
229000566,0,6,-6
229000567,0,14,-14
229000582,76,1,75
229000583,7,2,5
229000584,0,23,-23
229000585,1,42,-41
229000718,0,3,-3
229000719,0,3,-3
229000720,0,11,-11
229000721,0,9,-9
229000722,0,9,-9
229000723,0,7,-7
229000724,0,3,-3
229000725,0,0,0
229000738,1,0,1
229000739,1,0,1
229000740,3,0,3
229000741,15,0,15
229000742,1,0,1
229000743,14,0,14
229000744,3,0,3
229000745,0,0,0
229000746,26,0,26
229000847,40,0,40
229000848,30,0,30
229000849,128,3,125
229000851,50,0,50
229000854,0,17,-17
229000856,2,54,-52
229000857,0,19,-19
229000858,1,32,-31
229000919,10,64,-54
229000930,3,219,-216
229000937,50,24,26
229000966,50,31,19
229000981,11,24,-13
229000985,22,44,-22
229000986,4,7,-3
229000987,1,1,0
229000988,1,2,-1
229000989,6,16,-10
229000990,2,2,0
229000991,4,1,3
229000992,9,5,4
229000993,156,27,129
229000998,20,77,-57
229000999,64,14,50
229001034,1,18,-17
229001035,7,0,7
229001036,7,54,-47
229001037,46,2,44
229001038,0,6,-6
229001039,3,0,3
229001040,0,99,-99
229001041,67,1,66
229001042,23,21,2
229001047,8,40,-32
229001050,28,8,20
229001168,0,14,-14
229001200,18,1,17
229001338,10,23,-13
229001394,143,7,136
229001422,78,10,68
229001423,28,132,-104
229001431,107,42,65
229001432,55,64,-9
229001444,230,33,197
229001445,79,161,-82
229001479,17,4,13
229001503,229,89,140
229001504,122,126,-4
229001505,127,38,89
229001506,51,96,-45
229001509,36,2,34
229001510,2,43,-41
229001545,52,2,50
229001546,8,88,-80
229001553,85,19,66
229001554,67,103,-36
229001630,51,7,44
229001631,29,31,-2
229001635,0,17,-17
229001636,10,1,9
229001658,1,113,-112
229001659,40,0,40
229001660,40,6,34
229001661,4,17,-13
229001662,24,1,23
229001663,0,16,-16
229002584,202,220,-18
229002831,173,128,45
229002841,16,20,-4
229002842,36,28,8
229002843,65,25,40
229002844,44,65,-21
229002845,18,67,-49
229002846,57,26,31
229002847,2,9,-7
229002848,24,14,10
229002849,4,65,-61
229002850,12,0,12
229002851,41,121,-80
229002852,254,24,230
229002853,163,29,134
229002854,27,47,-20
229002855,9,17,-8
229002856,29,13,16
229002857,12,130,-118
229002858,15,14,1
229002859,22,46,-24
229002860,243,14,229
229002861,40,20,20
229002862,41,29,12
229002863,19,11,8
229002864,35,40,-5
229002865,22,22,0
229002866,34,33,1
229002867,8,27,-19
229002868,4,23,-19
229002869,28,128,-100
229002870,44,8,36
235000066,379,49,330
235000067,155,88,67
235000072,28,51,-23
235000073,74,293,-219
235000074,58,50,8
235000080,13,88,-75
235000081,110,155,-45
235000082,125,54,71
235000083,195,81,114
235000084,61,72,-11
235000085,156,69,87
235000089,17,13,4
235000092,26,102,-76
235000093,20,10,10
235000097,4,4,0
235000098,57,12,45
235000099,27,24,3
235000116,57,19,38
235000117,579,9,570
235000133,8,364,-356
235000134,12,135,-123
235000206,7,3,4
235000207,1,1,0
235000208,1,0,1
235000209,7,0,7
235000210,16,1,15
235000212,6,16,-10
235000213,0,7,-7
235000220,0,3,-3
235000221,69,12,57
235000238,16,83,-67
235000239,2,16,-14
235000242,359,560,-201
235000245,749,132,617
235000246,16,52,-36
235000284,34,80,-46
235000295,194,23,171
235000305,232,23,209
235000306,219,10,209
235000307,8,1,7
235000308,18,0,18
235000309,61,0,61
235000310,65,0,65
235000311,85,19,66
235000322,1,40,-39
235000323,0,45,-45
235000324,2,33,-31
235000325,0,10,-10
235000326,4,144,-140
235000351,0,36,-36
235000352,33,30,3
235000353,2,14,-12
235000354,13,32,-19
235000355,5,27,-22
235000356,155,13,142
235000357,33,10,23
235000358,137,15,122
235000359,14,9,5
235000360,44,42,2
235000361,66,35,31
235000381,40,190,-150
235000382,196,32,164
235000390,7,9,-2
235000391,120,23,97
235000392,130,317,-187
235000393,116,131,-15
235000395,125,25,100
235000396,461,74,387
235000400,227,27,200
235000401,15,175,-160
235000405,108,371,-263
235000406,42,322,-280
235000407,260,82,178
235000409,175,114,61
235000410,36,212,-176
235000411,1,53,-52
235000485,1,8,-7
235000486,9,0,9
235000549,95,127,-32
235000550,57,213,-156
235000599,116,43,73
235000600,6,10,-4
235000601,39,24,15
235000602,102,50,52
235000614,3,4,-1
235000648,1,10,-9
235000649,9,5,4
235000685,5,7,-2
235000815,12,40,-28
235000834,0,8,-8
235000855,66,51,15
235000862,57,160,-103
235000891,0,9,-9
235000892,219,185,34
235000901,218,98,120
235000907,3,14,-11
235001010,89,90,-1
235001029,589,348,241
235001030,363,287,76
235001078,65,88,-23
235001079,67,122,-55
235001147,0,51,-51
235001166,11,57,-46
235001167,40,35,5
235001169,18,243,-225
235001188,0,4,-4
235001189,6,2,4
235001197,5,7,-2
235001200,40,37,3
235001208,23,18,5
235001209,24,83,-59
235001210,25,117,-92
235001239,3,21,-18
235001244,0,7,-7
235016267,0,57,-57
241900007,34,1,33
277101746,0,1,-1
277102712,0,0,0
277103813,0,0,0
277103814,0,0,0
277103898,0,2,-2
990011530,0,148,-148
990014944,2,361,-359
990015176,23,10,13
990015618,1,114,-113
990016032,2,343,-341
990032570,0,244,-244
990070001,50,2,48
990070103,0,4,-4
990070601,0,70,-70
990070751,840,3,837
990070766,2,464,-462
990071180,573,239,334
990071343,25,2,23
990071387,0,16,-16
990071823,659,14,645
990072600,3,949,-946
990072964,1,417,-416
990073285,0,2,-2
990074393,0,800,-800
990074870,1494,38,1456
990075106,1868,14,1854
990075746,647,5,642
990076437,1275,4,1271
990076458,2,621,-619
997000007,646,8,638
997000041,0,263,-263
997000058,49,0,49
997000062,43,0,43
997000069,0,4,-4
997000070,0,21,-21
997000100,49,0,49
997000141,11,2589,-2578
997000198,3,1403,-1400
998000475,2,71,-69
998000736,4,130,-126
998000965,0,25,-25
998001031,0,77,-77
998001700,0,9,-9
998001899,0,1,-1
998001900,16,1,15
998003073,1647,4,1643
998101900,0,0,0
998102850,2,238,-236
998501927,1405,653,752
998501929,70,3,67
998501930,46,0,46
998501931,227,1,226
998501932,2,0,2
998501933,63,3,60
998501937,15,2,13
998501944,4,2,2
998501970,99,9,90
998501971,0,79,-79
998501972,372,4,368
998501973,0,40,-40
998501974,4,275,-271
998501975,182,22,160
998501976,53,2,51
998501977,0,14,-14
998501978,21,0,21
998501979,0,16,-16
998501980,136,13,123
998501981,40,17,23
998501982,0,125,-125
998502006,0,0,0
998502024,0,5,-5
998502032,0,9,-9
998502062,18,0,18
998502063,0,0,0
998502173,27,0,27
998502269,0,1,-1
998601159,2,126,-124
998601292,0,21,-21
999033574,1,185,-184
999800001,54,4,50
999800002,0,5,-5
999800003,3,3,0
999800004,0,1,-1
999800005,0,7,-7
