ID,insum,outsum,diff
100000001,579,649,-70
100000002,1314,718,596
100000003,10404,1990,8414
100000004,2111,736,1375
100000005,2360,2090,270
100000006,155,86,69
100000007,634,325,309
100000008,65,666,-601
100000009,156,159,-3
100000010,7,41,-34
100000011,253,56,197
100000012,40,766,-726
100000013,22,224,-202
100000014,188,439,-251
100000015,729,639,90
100000016,881,1526,-645
100000017,428,1252,-824
100000018,1250,556,694
100000019,5679,1694,3985
100000020,1758,2283,-525
100000021,8460,1757,6703
100000022,1103,662,441
100000023,7548,792,6756
100000025,3413,419,2994
100000028,1690,753,937
100000029,341,145,196
100000030,905,42,863
100000031,5605,3739,1866
100000032,2847,2747,100
100000033,596,1553,-957
100000034,1126,307,819
100000035,1464,624,840
100000036,2480,975,1505
100000037,265,376,-111
100000038,733,819,-86
100000039,583,178,405
100000040,94,64,30
100000041,476,295,181
100000042,391,297,94
100000043,297,191,106
100000044,346,806,-460
100000045,455,1540,-1085
100000046,489,1511,-1022
100000047,291,1050,-759
100000048,773,831,-58
100000049,1665,3070,-1405
100000051,296,1217,-921
100000053,17,5,12
100000054,73,20,53
100000055,342,331,11
100000056,139,492,-353
100000057,1475,672,803
100000058,684,1543,-859
100000059,0,129,-129
100000060,148,284,-136
100000061,976,404,572
100000062,896,370,526
100000063,272,262,10
100000064,508,367,141
100000065,389,1520,-1131
100000066,220,1138,-918
100000067,367,894,-527
100000068,372,1760,-1388
100000069,171,1838,-1667
100000072,469,1557,-1088
100000073,1145,1556,-411
100000075,316,320,-4
100000076,1609,1593,16
100000077,714,51,663
100000078,159,63,96
100000079,70,51,19
100000080,16,14,2
100000081,45,17,28
100000102,1801,1058,743
100000103,3064,828,2236
100000104,4841,1082,3759
100000105,4558,522,4036
100000106,2344,1047,1297
100000107,496,262,234
100000108,940,1290,-350
100000109,3844,1402,2442
100000116,1228,435,793
100000117,35,19,16
100000118,1137,621,516
100000119,337,606,-269
100000121,123,611,-488
100000122,665,848,-183
100000123,4798,4216,582
100000124,10923,4760,6163
100000125,4475,696,3779
100000126,824,289,535
100000127,2114,416,1698
100000128,914,945,-31
100000129,595,429,166
100000130,389,597,-208
100000131,6589,2891,3698
100000132,3249,1305,1944
100000133,14235,3504,10731
100000135,232,436,-204
100000139,152,273,-121
100000140,196,270,-74
100000142,223,586,-363
100000143,1730,1141,589
100000144,4302,1172,3130
100000147,742,1553,-811
100000150,22,514,-492
100000151,484,292,192
100000153,375,220,155
100000154,121,76,45
100000155,21,19,2
100000156,102,77,25
100000157,107,186,-79
100000158,47,88,-41
100000159,295,464,-169
100000165,997,820,177
100000169,628,211,417
100000174,2113,278,1835
100000179,75,596,-521
100000180,2599,1246,1353
100000181,81,397,-316
100000188,76,389,-313
100000189,532,241,291
100000190,308,250,58
100000191,448,414,34
100000192,129,109,20
100000193,118,105,13
100000330,2658,331,2327
100000355,290,578,-288
100000362,5189,4081,1108
100000363,1676,2811,-1135
100000364,327,161,166
100000365,2666,4341,-1675
100000366,3870,2906,964
100000367,1911,2687,-776
100000368,1916,2079,-163
100000369,709,1283,-574
100000370,115,253,-138
100000376,91,47,44
100000379,2091,1066,1025
100000380,2657,1346,1311
100000384,6851,2152,4699
100000385,6887,2914,3973
100000386,11479,2245,9234
100000387,8773,2878,5895
100000388,19597,3122,16475
100000389,15190,3212,11978
100000390,15791,2539,13252
100000391,9054,2945,6109
100000392,2957,1144,1813
100000393,1110,960,150
100000394,6757,2735,4022
100000395,3524,709,2815
100000396,4565,1771,2794
100000397,2240,928,1312
100000398,12503,8757,3746
100900002,0,63,-63
100900003,109,90,19
100900004,23,1385,-1362
100900005,43,3,40
100900006,7,225,-218
100900007,171,4,167
100900008,7,687,-680
100900009,30,40,-10
100900010,36,125,-89
100900011,39,352,-313
100900012,0,338,-338
100900013,565,5,560
100900014,0,1,-1
100900015,148,82,66
100900016,1,66,-65
100900017,640,38,602
100900018,0,10,-10
100900019,9,90,-81
100900020,200,0,200
100900021,745,1,744
100900022,2,17,-15
100900023,0,10,-10
100900024,535,1,534
100900025,4,11,-7
100900026,31,182,-151
100900027,669,2104,-1435
100900028,73,139,-66
100900029,95,15,80
100900030,0,26,-26
100900031,253,43,210
100900032,85,0,85
100900033,238,97,141
100900034,184,0,184
100900035,349,0,349
100900036,18,0,18
100900037,12,384,-372
100900038,19,6,13
100900039,233,673,-440
100900040,143,1125,-982
100900041,177,1216,-1039
100900042,254,147,107
100900043,0,0,0
100900044,3048,300,2748
100900045,22,0,22
100900046,737,4,733
100900047,838,40,798
100900048,28,10,18
100900049,31,235,-204
100900050,1,27,-26
100900051,30,45,-15
100900052,64,15,49
100900053,81,26,55
100900054,2,140,-138
100900055,128,181,-53
100900056,25,120,-95
100900057,503,285,218
100900058,115,29,86
100900059,21,2,19
100900060,28,11,17
100900061,212,250,-38
100900062,0,47,-47
100900063,95,353,-258
100900064,521,4,517
100900065,42,54,-12
100900066,16,31,-15
100900067,5,16,-11
100900068,59,156,-97
100900069,115,2,113
100900070,54,4,50
100900071,635,243,392
100900072,0,56,-56
100900073,75,629,-554
100900074,1,2,-1
100900075,3380,267,3113
100900076,42,26,16
100900077,6,136,-130
100900078,45,100,-55
100900079,2,31,-29
100900080,17,119,-102
100900081,11,55,-44
100900082,34,832,-798
100900083,2,52,-50
100900085,6,78,-72
100900086,65,458,-393
100900088,26,926,-900
100900089,1,46,-45
100900090,282,530,-248
100900091,1,20,-19
100900092,99,113,-14
100900093,25,228,-203
100900094,48,975,-927
100900095,2,31,-29
100900096,18,108,-90
100900097,2,8,-6
100900098,1,35,-34
100900099,20,619,-599
100900100,7,192,-185
100900101,301,19,282
100900102,118,20,98
100900103,1,22,-21
100900104,11,182,-171
100900105,8,96,-88
100900106,36,2,34
100900107,1723,418,1305
100900108,1,3,-2
100900109,2,30,-28
100900110,1,22,-21
100900111,84,127,-43
100900112,0,7,-7
100900113,0,17,-17
100900114,0,29,-29
100900115,0,21,-21
100900116,701,271,430
100900117,198,351,-153
100900118,36,39,-3
100900119,0,18,-18
100900120,0,11,-11
100900121,300,235,65
100900122,80,232,-152
100900123,36,77,-41
100900124,0,4,-4
100900125,5,93,-88
100900126,30,178,-148
100900127,3,2,1
100900128,96,133,-37
100900129,0,126,-126
100900131,45,125,-80
100900133,46,52,-6
100900134,0,2,-2
100900135,0,110,-110
100900137,319,139,180
100900138,353,209,144
100900139,0,6,-6
100900140,3,1063,-1060
100900141,1,283,-282
100900142,1,5,-4
100900143,1168,259,909
100900144,2,2,0
100900145,12,104,-92
100900146,13,6,7
100900147,2,286,-284
100900148,31,1232,-1201
100900149,4,39,-35
100900150,2,10,-8
100900151,71,574,-503
100900152,114,3,111
100900153,2,170,-168
100900154,19,31,-12
100900155,1,4,-3
100900156,22,3,19
100900157,1,103,-102
100900159,0,37,-37
100900160,3,8,-5
100900161,148,3,145
100900162,5,199,-194
100900163,131,251,-120
100900164,14,40,-26
100900165,16,46,-30
100900166,27,4,23
100900167,17,97,-80
100900168,9,110,-101
100900169,177,1532,-1355
100900170,6,2,4
100900171,18,970,-952
100900172,0,5,-5
100900173,4,721,-717
100900174,110,18,92
100900176,1285,33,1252
100900177,1046,159,887
100900178,147,179,-32
100900179,117,28,89
100900180,0,2,-2
100900181,33,20,13
100900182,9,18,-9
100900184,1,159,-158
100900186,1107,547,560
100900187,3,220,-217
100900188,65,9,56
100900189,772,149,623
100900191,1274,706,568
100900192,164,79,85
100900195,45,214,-169
100900197,0,61,-61
100900198,15,268,-253
100900199,6,4,2
100900200,583,346,237
100900201,57,1000,-943
100900202,3,0,3
100900203,0,58,-58
100900204,514,125,389
100900205,70,222,-152
100900206,30,37,-7
100900207,65,41,24
100900210,43,986,-943
100900211,309,66,243
100900213,27,4,23
100900214,1004,78,926
100900215,2,28,-26
100900217,82,53,29
101000001,4981,2203,2778
101000002,3464,2419,1045
101000003,812,1719,-907
101000004,11189,5889,5300
101000005,6313,4320,1993
101000006,8976,5616,3360
101000007,2292,2760,-468
101000008,3194,2573,621
101000009,1022,2490,-1468
101000010,667,1715,-1048
101000011,2360,802,1558
101000012,1999,391,1608
101000013,515,594,-79
101000014,472,587,-115
101000015,738,856,-118
101000016,286,422,-136
101000017,391,487,-96
101000018,3658,2657,1001
101000020,4419,1165,3254
101000021,912,250,662
101000022,543,76,467
101000023,1636,936,700
101000025,63,275,-212
101000026,426,34,392
101000027,1253,1492,-239
101000028,700,158,542
101000029,28,714,-686
101000030,564,82,482
101000031,287,362,-75
101000032,4917,2164,2753
101000033,2844,1540,1304
101000034,2572,1030,1542
101000035,1317,362,955
101000036,1211,268,943
101000037,4589,874,3715
101000039,4820,836,3984
101000040,5462,2060,3402
101000041,13521,2424,11097
101000042,944,368,576
101000043,12090,1948,10142
101000045,1297,313,984
101000046,1856,840,1016
101000047,1011,1093,-82
101000048,766,897,-131
101000049,761,485,276
101000050,3471,1404,2067
101000051,5666,1051,4615
101000052,1608,441,1167
101000053,875,1258,-383
101000054,1849,1371,478
101000055,1863,729,1134
101000056,60,46,14
101000057,3975,586,3389
101000058,2349,593,1756
101000059,3998,1478,2520
101000060,2105,190,1915
101000061,1502,601,901
101000062,1749,284,1465
101000063,413,303,110
101000064,1124,383,741
101000065,127,219,-92
101000066,245,150,95
101000067,614,355,259
101000068,214,133,81
101000069,292,109,183
101000070,2161,776,1385
101000071,1927,689,1238
101000072,1191,2702,-1511
101000073,845,304,541
101000074,5960,2125,3835
101000075,9526,2771,6755
101000077,1483,883,600
101000078,1124,1801,-677
101000079,399,927,-528
101000080,718,669,49
101000081,800,737,63
101000082,3343,2705,638
101000083,1442,1067,375
101000084,1219,1467,-248
101000085,1513,918,595
101000086,1208,1001,207
101000087,882,1399,-517
101000088,682,752,-70
101000089,710,1162,-452
101000090,2777,1626,1151
101000091,260,1694,-1434
101000092,869,1333,-464
101000093,1497,734,763
101000094,420,1223,-803
101000095,181,826,-645
101000096,235,725,-490
101000097,235,327,-92
101000098,549,564,-15
101000099,1427,1137,290
101000100,957,641,316
101000101,272,391,-119
101000102,802,346,456
101000103,1003,493,510
101000104,274,325,-51
101000105,1111,116,995
101000106,540,247,293
101000107,104,234,-130
101000108,1733,436,1297
101000109,87,31,56
101000110,30,997,-967
101000111,77,138,-61
101000113,107,552,-445
101000114,2146,1111,1035
101000115,59,52,7
101000116,80,123,-43
101000117,90,186,-96
101000119,226,48,178
101000120,236,19,217
101000121,47,9,38
101000122,54,29,25
101000123,32,40,-8
101000124,331,232,99
101000125,114,438,-324
101000128,1028,299,729
101000130,417,283,134
101000131,459,799,-340
101000132,263,1869,-1606
101000135,61,18,43
101000136,341,86,255
101000137,30,206,-176
101000141,3346,1191,2155
101000147,672,622,50
101000148,3388,47,3341
101000149,23,6,17
101000150,35,1498,-1463
101000151,42,121,-79
101000152,317,333,-16
101000153,570,567,3
101000154,93,2068,-1975
101000155,74,107,-33
101000156,17,226,-209
101000157,64,31,33
101000160,20,29,-9
101000163,186,64,122
101000164,438,322,116
101000165,211,343,-132
101000166,235,561,-326
101000168,562,357,205
101000252,794,546,248
101000254,487,8,479
101000258,74,10,64
101000261,158,104,54
101000262,439,849,-410
101000263,191,1187,-996
101000265,23,531,-508
101000266,247,243,4
101000269,124,8,116
101000290,1947,1985,-38
101000293,8,101,-93
101000294,504,537,-33
101000295,146,580,-434
101000301,1065,182,883
101000304,1804,2313,-509
101000305,2203,1918,285
101000328,30,369,-339
101900001,17,91,-74
101900002,0,37,-37
101900003,64,99,-35
101900004,3,29,-26
101900005,6623,766,5857
101900006,837,13,824
101900007,392,41,351
101900008,140,162,-22
101900009,57,241,-184
101900010,942,300,642
101900011,325,695,-370
101900012,114,168,-54
101900013,1322,65,1257
101900017,25,76,-51
101900018,2243,115,2128
101900019,82,32,50
101900020,35,85,-50
101900021,2,18,-16
101900022,24,1688,-1664
101900023,31,325,-294
101900026,58,48,10
101900027,5,105,-100
102000001,1695,3591,-1896
102000002,2668,1365,1303
102000003,4104,3540,564
102000004,10939,2388,8551
102000005,1403,1955,-552
102000006,2106,1140,966
102000007,1525,4163,-2638
102000008,8794,1656,7138
102000009,6044,6950,-906
102000010,7954,3157,4797
102000011,2155,2264,-109
102000012,3430,3711,-281
102000018,4387,2234,2153
102000019,3013,1073,1940
102000026,271,375,-104
102000029,563,213,350
102000030,61,252,-191
102000031,9,263,-254
102000032,183,421,-238
102000033,110,525,-415
102000034,549,379,170
102000035,1102,536,566
102000036,6,148,-142
102000037,153,64,89
102000038,63,95,-32
102000039,89,43,46
102000040,421,93,328
102000041,176,135,41
102000042,147,52,95
102000043,280,193,87
102000044,241,496,-255
102000045,697,1147,-450
102000046,834,360,474
102000047,574,1232,-658
102000048,149,660,-511
102000049,564,511,53
102000050,820,1090,-270
102000051,246,446,-200
102000052,959,987,-28
102000053,420,721,-301
102000054,246,637,-391
102000055,512,1104,-592
102000056,440,1471,-1031
102000057,1321,613,708
102000058,1156,1930,-774
102000059,861,1334,-473
102000060,836,966,-130
102000061,881,3162,-2281
102000062,678,1507,-829
102000063,1214,1586,-372
102000064,499,713,-214
102000065,37,118,-81
102000066,966,1108,-142
102000067,2904,2764,140
102000068,8157,2519,5638
102000069,51,1512,-1461
102000070,2668,84,2584
102000071,7005,10696,-3691
102000072,3542,4801,-1259
102000073,727,992,-265
102000074,565,941,-376
102000075,126,269,-143
102000076,120,522,-402
102000077,188,1519,-1331
102000078,448,1227,-779
102000079,76,282,-206
102000080,107,283,-176
102000081,586,1037,-451
102000082,1219,291,928
102000083,160,752,-592
102000084,82,539,-457
102000085,1697,1413,284
102000086,1098,1879,-781
102000087,601,2477,-1876
102000088,222,369,-147
102000089,627,684,-57
102000090,385,1253,-868
102000091,1282,569,713
102000092,541,676,-135
102000093,559,481,78
102000094,1209,423,786
102000095,984,1121,-137
102000096,2040,782,1258
102000097,2416,1611,805
102000098,663,1431,-768
102000099,1105,505,600
102000100,1145,708,437
102000101,1663,310,1353
102000102,515,1572,-1057
102000103,1927,338,1589
102000104,1272,371,901
102000105,138,1030,-892
102000106,519,1147,-628
102000107,538,643,-105
102000108,414,352,62
102000109,231,723,-492
102000110,309,1865,-1556
102000111,1,340,-339
102000112,132,78,54
102000113,3,42,-39
102000114,1184,321,863
102000115,186,177,9
102000116,328,200,128
102000117,232,490,-258
102000118,1818,888,930
102000119,2711,483,2228
102000120,81,445,-364
102000121,688,525,163
102000122,253,762,-509
102000123,1346,1112,234
102000124,986,881,105
102000125,965,864,101
102000126,568,575,-7
102000127,889,678,211
102000128,428,1107,-679
102000129,663,1026,-363
102000130,329,760,-431
102000131,2083,726,1357
102000132,947,586,361
102000133,708,3233,-2525
102000134,295,759,-464
102000135,1349,620,729
102000136,1246,309,937
102000137,1428,958,470
102000138,409,532,-123
102000139,87,445,-358
102000140,352,244,108
102000141,336,640,-304
102000142,152,401,-249
102000143,38,534,-496
102000144,80,572,-492
102000145,213,457,-244
102000146,174,348,-174
102000147,291,308,-17
102000148,136,209,-73
102000149,149,887,-738
102000150,145,275,-130
102000151,97,466,-369
102000152,81,161,-80
102000153,820,249,571
102000154,462,607,-145
102000155,103,259,-156
102000156,321,54,267
102000157,103,135,-32
102000158,379,231,148
102000159,1925,134,1791
102000161,5537,1202,4335
102000162,183,99,84
102000163,131,349,-218
102000164,1319,541,778
102000165,210,181,29
102000166,29,80,-51
102000167,117,227,-110
102000168,185,132,53
102000169,62,330,-268
102000170,834,104,730
102000171,107,77,30
102000172,16,192,-176
102000173,221,197,24
102000174,13,60,-47
102000175,73,226,-153
102000176,31,66,-35
102000178,107,674,-567
102000179,129,193,-64
102000180,339,649,-310
102000181,208,926,-718
102000182,328,758,-430
102000183,770,2118,-1348
102000184,799,1152,-353
102000185,1070,1825,-755
102000186,478,2308,-1830
102000187,336,2260,-1924
102000188,407,1758,-1351
102000189,3996,1254,2742
102000190,809,2402,-1593
102000191,1344,592,752
102000192,591,1090,-499
102000193,21,218,-197
102000194,46,178,-132
102000195,257,676,-419
102000196,62,675,-613
102000197,197,607,-410
102000198,114,1253,-1139
102000199,246,467,-221
102000200,114,1603,-1489
102000201,216,593,-377
102000202,4,156,-152
102000203,136,399,-263
102000204,185,1223,-1038
102000205,424,991,-567
102000206,293,899,-606
102000207,406,544,-138
102000208,124,748,-624
102000209,31,83,-52
102000210,134,768,-634
102000211,184,540,-356
102000212,60,22,38
102000213,3,513,-510
102000214,69,15,54
102000215,3,765,-762
102000216,18,28,-10
102000217,5,273,-268
102000218,96,46,50
102000219,330,400,-70
102000225,903,753,150
102000226,4396,230,4166
102000227,37,1,36
102000228,2,108,-106
102000229,28,22,6
102000230,223,761,-538
102000231,250,433,-183
102000232,8,126,-118
102000233,372,685,-313
102000234,107,2027,-1920
102000236,405,70,335
102000237,298,188,110
102000238,125,273,-148
102000240,882,580,302
102000241,263,84,179
102000243,7,69,-62
102000245,16,110,-94
102000246,26,48,-22
102000247,758,1041,-283
102000248,461,489,-28
102000249,94,211,-117
102000250,39,534,-495
102000254,36,615,-579
102000266,64,200,-136
102000271,7,0,7
102000286,386,336,50
102000297,1427,838,589
102000299,0,0,0
102000301,0,1,-1
102000303,0,0,0
102000305,0,0,0
102000307,0,5,-5
102900001,926,876,50
102900002,326,55,271
102900003,10,379,-369
102900005,168,306,-138
102900006,296,262,34
102900007,390,37,353
102900008,177,69,108
102900009,323,91,232
102900010,1485,387,1098
102900011,2626,256,2370
102900012,331,40,291
102900013,6,74,-68
102900015,704,172,532
102900016,29,110,-81
102900017,50,620,-570
102900018,13,111,-98
102900019,171,587,-416
102900020,34,51,-17
102900021,7,125,-118
102900022,263,35,228
102900023,11,53,-42
102900024,22,56,-34
102900025,229,120,109
102900026,700,1081,-381
102900027,54,96,-42
102900028,87,356,-269
102900029,88,115,-27
102900030,229,150,79
102900031,103,142,-39
102900032,16,163,-147
102900033,31,149,-118
102900034,153,146,7
102900035,42,521,-479
102900036,64,753,-689
102900037,115,919,-804
102900038,323,666,-343
102900039,23,345,-322
102900040,132,217,-85
102900041,58,187,-129
102900042,143,341,-198
102900043,98,315,-217
102900044,423,2152,-1729
102900045,51,613,-562
102900046,61,369,-308
102900047,120,961,-841
102900048,409,892,-483
102900049,44,383,-339
102900050,206,396,-190
102900051,96,188,-92
102900052,14,20,-6
102900053,246,878,-632
102900054,1007,698,309
102900055,48,81,-33
102900056,129,521,-392
102900057,2,19,-17
102900058,296,47,249
102900059,7,59,-52
102900060,53,533,-480
102900061,35,488,-453
102900062,39,1847,-1808
102900063,425,444,-19
102900064,171,621,-450
102900065,1707,919,788
102900066,293,41,252
102900068,43,69,-26
102900070,173,888,-715
102900072,20,19,1
102900073,120,9,111
102900075,8,9,-1
102900076,177,33,144
102900077,17,29,-12
102900078,27,63,-36
102900079,231,19,212
102900080,214,33,181
102900081,67,264,-197
102900082,17,292,-275
102900083,277,1,276
102900084,2,11,-9
102900085,72,54,18
102900086,0,10,-10
102900087,49,130,-81
102900088,10,63,-53
102900089,267,140,127
102900090,1,603,-602
102900091,44,1,43
102900092,85,1231,-1146
102900093,210,179,31
102900094,7,45,-38
102900095,54,8,46
102900096,16,9,7
102900097,3,162,-159
103000001,1926,2809,-883
103000002,1550,1789,-239
103000003,2781,2456,325
103000004,961,755,206
103000005,1971,2096,-125
103000006,447,1322,-875
103000007,446,1045,-599
103000008,791,1217,-426
103000009,583,812,-229
103000010,146,123,23
103000011,1788,944,844
103000012,913,959,-46
103000013,8051,1808,6243
103000014,1290,1419,-129
103000015,2762,1069,1693
103000016,542,759,-217
103000017,133,279,-146
103000018,1146,439,707
103000019,140,143,-3
103000020,1805,1562,243
103000021,1223,1128,95
103000022,826,1295,-469
103000023,405,918,-513
103000024,134,172,-38
103000025,44,247,-203
103000026,2364,130,2234
103000027,330,291,39
103000028,993,280,713
103000029,630,187,443
103000030,2658,517,2141
103000031,1776,921,855
103000032,2211,1849,362
103000033,2726,2391,335
103000034,2027,805,1222
103000035,554,759,-205
103000036,463,444,19
103000037,671,392,279
103000038,566,718,-152
103000039,125,530,-405
103000040,181,1470,-1289
103000041,1390,3575,-2185
103000042,500,823,-323
103000043,260,1600,-1340
103000044,91,321,-230
103000046,224,289,-65
103000047,434,789,-355
103000048,76,160,-84
103000049,80,237,-157
103000050,310,766,-456
103000051,254,625,-371
103000052,786,526,260
103000053,133,380,-247
103000054,1364,1102,262
103000055,1136,1576,-440
103000056,366,2342,-1976
103000057,380,317,63
103000058,274,1137,-863
103000059,187,859,-672
103000060,799,906,-107
103000061,391,768,-377
103000062,701,970,-269
103000063,518,740,-222
103000064,91,302,-211
103000065,2,327,-325
103000066,64,16,48
103000069,95,373,-278
103000070,451,1410,-959
103000071,493,297,196
103000072,76,1267,-1191
103000073,236,119,117
103000074,324,87,237
103000075,101,1113,-1012
103000076,125,118,7
103000077,56,468,-412
103000078,1094,198,896
103000079,1814,452,1362
103000080,869,115,754
103000081,478,588,-110
103000082,292,144,148
103000083,54,490,-436
103000084,152,7,145
103000085,4,93,-89
103000086,484,243,241
103000087,92,324,-232
103000088,241,353,-112
103000089,130,250,-120
103000090,1014,956,58
103000091,425,356,69
103000092,148,274,-126
103000093,274,577,-303
103000094,86,112,-26
103000095,16,531,-515
103000096,603,80,523
103000097,39,777,-738
103000098,776,100,676
103000099,289,636,-347
103000100,37,1015,-978
103000101,364,191,173
103000102,91,823,-732
103000103,379,320,59
103000104,29,199,-170
103000105,40,143,-103
103000106,3,113,-110
103000107,299,64,235
103000108,416,591,-175
103000109,292,301,-9
103000110,279,311,-32
103000111,432,354,78
103000112,244,250,-6
103000113,349,624,-275
103000114,522,391,131
103000115,276,410,-134
103000116,283,507,-224
103000117,125,406,-281
103000118,1236,1336,-100
103000119,2331,756,1575
103000120,30,80,-50
103000121,136,610,-474
103000122,173,208,-35
103000125,13,758,-745
103000126,277,9,268
103000127,3,490,-487
103000128,57,4,53
103000129,2,204,-202
103000130,18,19,-1
103000131,327,112,215
103000132,82,111,-29
103000133,15,354,-339
103000134,488,442,46
103000135,1124,198,926
103000136,679,330,349
103000137,589,494,95
103000138,829,568,261
103000139,4,33,-29
103000140,81,22,59
103000141,18,108,-90
103000142,126,85,41
103000143,26,229,-203
103000144,116,89,27
103000145,37,83,-46
103000150,69,65,4
103000152,147,270,-123
103000153,84,163,-79
103000156,4,777,-773
103000157,199,4,195
103000159,82,155,-73
103000162,55,13,42
103000163,8,6,2
103000164,3,14,-11
103000165,149,616,-467
103000166,76,151,-75
103000167,101,141,-40
103000168,63,196,-133
103000169,150,306,-156
103000170,581,606,-25
103000171,36,58,-22
103000172,139,335,-196
103000173,148,1060,-912
103000174,146,273,-127
103000175,79,591,-512
103000176,758,184,574
103000177,917,437,480
103000178,574,288,286
103000179,86,28,58
103000183,62,35,27
103000185,45,97,-52
103000186,48,176,-128
103000187,184,863,-679
103000188,12,116,-104
103000189,541,1180,-639
103000191,700,909,-209
103000292,3330,931,2399
103000293,2012,804,1208
103000295,60,45,15
103000296,234,10,224
103000297,268,25,243
103000504,119,20,99
103000505,13,13,0
103000506,3,213,-210
103000507,76,0,76
103000508,56,29,27
103000509,153,597,-444
103900001,3,512,-509
103900002,2202,158,2044
103900003,2040,81,1959
103900004,13,1,12
103900005,1,302,-301
103900006,3,11,-8
103900007,18,50,-32
103900008,0,1,-1
103900009,100,333,-233
103900010,114,289,-175
103900011,52,300,-248
103900012,7,20,-13
103900013,9,88,-79
103900014,12,25,-13
103900015,32,18,14
103900016,165,422,-257
103900017,11,108,-97
103900018,861,187,674
103900019,65,143,-78
103900020,104,226,-122
103900021,1052,43,1009
103900022,735,662,73
103900023,40,1,39
103900024,68,889,-821
103900025,4,40,-36
103900026,6,0,6
103900027,208,264,-56
103900028,11,266,-255
103900029,576,140,436
103900030,84,14,70
103900031,4,0,4
103900032,27,28,-1
103900033,25,3,22
103900034,10,321,-311
103900035,42,81,-39
103900036,14,18,-4
103900037,18,42,-24
103900038,66,58,8
103900039,21,603,-582
103900040,3,240,-237
103900041,11,18,-7
103900042,23,610,-587
103900043,55,174,-119
103900044,245,70,175
103900045,80,188,-108
103900047,24,44,-20
103900048,45,10,35
103900049,147,1212,-1065
103900050,5,80,-75
103900051,0,32,-32
103900052,81,912,-831
103900053,66,1631,-1565
103900054,28,837,-809
103900055,192,253,-61
103900056,21,90,-69
103900057,9,308,-299
103900058,51,869,-818
103900059,0,6,-6
103900060,1,243,-242
103900061,24,49,-25
103900062,46,41,5
103900063,0,0,0
103900064,15,4,11
103900065,904,290,614
103900066,66,30,36
103900067,39,2,37
103900068,0,0,0
103900069,89,15,74
103900070,102,301,-199
103900071,25,220,-195
103900072,4,457,-453
103900073,4,5,-1
103900074,11,165,-154
103900075,114,135,-21
103900076,191,900,-709
103900077,80,26,54
103900078,59,172,-113
103900079,53,312,-259
103900080,12,26,-14
103900081,62,9,53
103900082,3,128,-125
103900083,2522,213,2309
103900084,3,138,-135
103900085,76,101,-25
103900086,189,288,-99
103900088,501,179,322
103900089,86,297,-211
103900090,24,478,-454
103900091,731,215,516
103900092,158,539,-381
103900093,83,543,-460
103900094,3,198,-195
103900095,130,173,-43
103900096,14,457,-443
103900097,2,558,-556
103900098,96,75,21
103900099,10,275,-265
103900100,68,421,-353
103900101,68,862,-794
103900102,0,39,-39
103900104,2,16,-14
103900105,126,196,-70
103900106,0,16,-16
103900107,29,242,-213
103900108,19,678,-659
103900109,39,95,-56
103900110,179,42,137
103900111,42,991,-949
103900112,6,69,-63
103900113,123,212,-89
103900114,559,385,174
103900115,168,50,118
103900116,8876,886,7990
103900117,243,166,77
103900119,52,31,21
103900120,13,133,-120
103900122,24,458,-434
103900123,1699,545,1154
103900124,29,798,-769
103900125,70,121,-51
103900126,151,540,-389
103900127,109,1192,-1083
103900128,18,320,-302
103900131,16,215,-199
103900133,760,16,744
103900134,0,1,-1
103900135,10,16,-6
103900137,2,166,-164
103900138,20,330,-310
103900139,318,901,-583
103900140,2,26,-24
103900141,229,133,96
103900142,38,238,-200
103900143,17,1,16
103900144,0,97,-97
103900145,140,430,-290
103900146,281,424,-143
103900147,193,112,81
103900148,77,267,-190
103900149,32,711,-679
103900150,8751,1444,7307
103900151,11,151,-140
103900152,170,945,-775
103900153,0,0,0
103900154,1705,588,1117
103900155,6,233,-227
103900156,7,196,-189
103900157,15,309,-294
103900158,23,249,-226
103900159,11,85,-74
103900160,17,17,0
103900161,57,176,-119
103900162,91,415,-324
103900163,4,343,-339
103900167,11,65,-54
103900168,26,138,-112
103900169,8,27,-19
103900170,2,89,-87
103900171,4,100,-96
103900172,6,46,-40
103900173,3,11,-8
103900174,41,74,-33
103900175,38,26,12
103900176,5,11,-6
103900177,3,22,-19
103900178,20,89,-69
103900179,19,258,-239
103900180,2,152,-150
103900181,44,27,17
103900182,36,4,32
103900184,598,18,580
103900185,272,50,222
103900187,87,36,51
103900188,13,9,4
103900189,44,8,36
103900190,18,48,-30
103900191,9,46,-37
103900192,21,81,-60
103900193,151,121,30
103900194,40,420,-380
103900195,2,29,-27
103900196,12,14,-2
103900197,7,40,-33
103900198,9,73,-64
103900199,60,79,-19
103900200,101,193,-92
103900201,24,238,-214
103900202,5,46,-41
103900203,18,21,-3
103900204,2,165,-163
103900207,2,224,-222
103900208,14,0,14
103900209,2,126,-124
103900210,11,34,-23
103900211,315,773,-458
103900212,48,703,-655
103900213,52,217,-165
103900214,128,92,36
103900215,666,265,401
103900216,8,601,-593
103900217,298,22,276
103900218,0,176,-176
103900219,42,382,-340
103900233,39,4,35
103900235,13,18,-5
103900236,14,3,11
103900242,4,2,2
103900243,11,4,7
103900244,29,453,-424
103900245,53,298,-245
103900246,18,32,-14
103900247,31,93,-62
103900248,0,15,-15
103900249,4,10,-6
103900250,30,11,19
103900251,0,27,-27
103900253,12,33,-21
103900254,3,9,-6
103900255,3,6,-3
103900256,19,5,14
103900257,101,67,34
103900258,9,0,9
103900259,57,4,53
103900261,5,2,3
103900262,6,1,5
103900263,18,21,-3
103900264,52,17,35
103900265,23,3,20
103900266,2,32,-30
103900267,5,46,-41
103900268,7,160,-153
103900269,60,38,22
103900270,7,147,-140
103900271,46,270,-224
103900272,1,25,-24
103900273,2,27,-25
103900274,3,4,-1
103900275,12,6,6
103900276,1,37,-36
103900277,2,67,-65
103900278,1,9,-8
103900279,0,2,-2
104000001,1745,2359,-614
104000002,1391,2684,-1293
104000003,1957,2281,-324
104000004,3726,2525,1201
104000005,737,1776,-1039
104000006,2359,2973,-614
104000007,3719,3522,197
104000008,227,623,-396
104000009,72,115,-43
104000010,91,142,-51
104000011,781,613,168
104000012,104,624,-520
104000013,76,140,-64
104000014,160,831,-671
104000015,181,143,38
104000016,320,469,-149
104000018,488,113,375
104000019,327,93,234
104000020,172,1066,-894
104000021,228,926,-698
104000022,85,384,-299
104000023,377,288,89
104000024,152,496,-344
104000026,34,321,-287
104000027,164,437,-273
104000028,224,280,-56
104000029,352,713,-361
104000030,104,209,-105
104000031,403,260,143
104000032,193,442,-249
104000033,297,329,-32
104000034,249,484,-235
104000035,344,517,-173
104000036,258,765,-507
104000037,192,322,-130
104000038,245,294,-49
104000039,161,573,-412
104000040,526,608,-82
104000041,369,319,50
104000042,194,610,-416
104000043,229,505,-276
104000044,191,1027,-836
104000045,572,1560,-988
104000046,1685,1840,-155
104000047,729,1787,-1058
104000048,1227,2666,-1439
104000049,248,291,-43
104000050,202,690,-488
104000051,70,875,-805
104000052,729,1624,-895
104000053,594,744,-150
104000054,497,773,-276
104000055,4330,3322,1008
104000056,1948,261,1687
104000057,66,632,-566
104000058,487,716,-229
104000059,263,1311,-1048
104000060,529,1107,-578
104000061,1088,1604,-516
104000062,183,162,21
104000064,677,316,361
104000065,148,328,-180
104000069,1466,551,915
104000070,55,377,-322
104000071,152,534,-382
104000072,756,194,562
104000075,38,292,-254
104000076,424,136,288
104000082,1991,2402,-411
104000083,725,228,497
104000084,72,418,-346
104000085,155,240,-85
104000086,152,401,-249
104000087,582,999,-417
104000090,533,1862,-1329
104000092,495,3334,-2839
104000094,696,2646,-1950
104000095,1133,1418,-285
104000096,621,603,18
104000097,918,1435,-517
104000098,785,1841,-1056
104000100,852,876,-24
104000101,858,2840,-1982
104000106,71,519,-448
104000107,422,663,-241
104000108,328,756,-428
104000109,241,48,193
104000110,748,895,-147
104000111,6984,1360,5624
104000112,3045,555,2490
104000116,3,1720,-1717
104000117,87,1476,-1389
104000118,251,284,-33
104000119,451,282,169
104000120,144,1531,-1387
104000121,139,773,-634
104000122,421,743,-322
104000123,860,1905,-1045
104000124,2045,3072,-1027
104000125,6893,2646,4247
104000126,180,538,-358
104000127,1799,4890,-3091
104000128,825,584,241
104000129,425,23,402
104000130,11,217,-206
104000131,1094,809,285
104000132,565,1150,-585
104000133,1063,826,237
104000134,866,1192,-326
104000135,410,842,-432
104000136,1116,1958,-842
104000137,2157,213,1944
104000138,1744,294,1450
104000139,12416,3327,9089
104000141,1569,2301,-732
104000142,582,1374,-792
104000143,396,1117,-721
104000144,34,196,-162
104000145,315,129,186
104000146,514,612,-98
104000147,103,432,-329
104000148,117,128,-11
104000149,206,573,-367
104000150,553,431,122
104000151,301,902,-601
104000152,308,1193,-885
104000153,145,449,-304
104000154,1226,947,279
104000155,245,397,-152
104000157,1301,2237,-936
104000158,351,253,98
104000159,394,313,81
104000160,1642,1313,329
104000161,237,156,81
104000162,39,122,-83
104000165,1333,1035,298
104000167,467,456,11
104000168,371,2,369
104000169,22,45,-23
104000170,1122,240,882
104000248,117,1014,-897
104000251,56,456,-400
104000272,0,0,0
104000273,0,0,0
104000274,0,0,0
104000275,0,0,0
104000279,738,443,295
104000290,54,477,-423
104000291,720,1045,-325
104000293,564,763,-199
104000294,2,0,2
104000295,360,786,-426
104000296,263,860,-597
104000297,927,1459,-532
104000298,2251,1036,1215
104000299,461,1359,-898
104900001,105,505,-400
104900002,23,76,-53
104900003,49,565,-516
104900004,63,464,-401
104900005,124,211,-87
104900006,69,33,36
104900007,143,330,-187
104900009,69,683,-614
104900010,20,10,10
104900011,5,2,3
104900012,101,1,100
104900013,32,2,30
104900014,5559,358,5201
104900015,43,0,43
104900016,73,350,-277
104900017,16,248,-232
104900018,4,335,-331
104900019,357,881,-524
104900020,35,372,-337
104900021,2,306,-304
104900022,2,171,-169
104900023,1,154,-153
104900024,6,152,-146
104900025,67,560,-493
104900026,0,149,-149
104900027,150,176,-26
104900028,42,113,-71
104900029,23,74,-51
104900030,260,135,125
104900031,133,209,-76
104900032,44,208,-164
104900033,53,111,-58
104900034,168,85,83
104900035,89,66,23
104900036,49,73,-24
104900037,50,381,-331
104900038,800,415,385
104900039,787,78,709
104900040,80,90,-10
104900041,78,86,-8
104900042,113,549,-436
104900043,19,25,-6
104900044,201,221,-20
104900045,120,33,87
104900046,31,134,-103
104900047,115,174,-59
104900048,105,109,-4
104900049,4,3,1
104900050,59,109,-50
104900051,34,36,-2
104900052,11,1,10
104900053,203,64,139
104900054,137,28,109
104900055,11,0,11
104900056,82,4,78
104900057,21,3,18
104900058,823,100,723
104900059,4,16,-12
104900060,0,432,-432
104900061,299,815,-516
104900063,1,136,-135
104900064,0,126,-126
104900065,0,121,-121
104900066,5,281,-276
104900067,6,223,-217
104900068,13,299,-286
104900070,41,408,-367
104900071,6,1000,-994
104900072,11,225,-214
104900073,14,420,-406
104900074,37,307,-270
104900075,22,133,-111
104900076,36,595,-559
104900077,1597,90,1507
104900078,111,1091,-980
104900079,86,135,-49
104900080,35,773,-738
104900082,9,303,-294
104900085,4,372,-368
104900087,334,3,331
104900089,49,0,49
104900090,280,381,-101
104900091,543,1226,-683
104900093,211,609,-398
104900097,3633,1078,2555
104900098,46,33,13
104900099,189,380,-191
104900100,1031,224,807
104900102,12,376,-364
104900103,466,122,344
104900104,3734,889,2845
104900106,38,184,-146
104900107,31,475,-444
104900108,4,340,-336
104900109,31,198,-167
104900110,6,36,-30
104900111,99,152,-53
104900112,134,1354,-1220
104900113,359,507,-148
104900114,148,1053,-905
104900115,302,699,-397
104900116,69,436,-367
104900118,13,115,-102
104900119,0,45,-45
104900120,119,25,94
104900121,2,112,-110
104900122,2,91,-89
104900123,11,1,10
104900124,5,0,5
104900125,401,7,394
104900126,77,66,11
104900127,23,29,-6
104900128,70,120,-50
104900129,3121,683,2438
105000001,1784,1959,-175
105000002,1670,1768,-98
105000003,2058,4113,-2055
105000004,454,1362,-908
105000005,578,1174,-596
105000006,764,1396,-632
105000007,601,1053,-452
105000008,506,1290,-784
105000009,871,2469,-1598
105000010,3250,3280,-30
105000011,1551,1790,-239
105000012,4342,3884,458
105000013,640,896,-256
105000014,1056,1926,-870
105000015,6850,5071,1779
105000016,3846,1983,1863
105000017,1393,1394,-1
105000018,1272,856,416
105000019,1467,1160,307
105000020,107,335,-228
105000021,269,120,149
105000022,103,41,62
105000023,300,276,24
105000028,44,165,-121
105000029,312,695,-383
105000030,3866,4122,-256
105000033,1031,2733,-1702
105000034,138,425,-287
105000037,567,723,-156
105000038,1851,1051,800
105000039,4382,2524,1858
105000040,554,641,-87
105000041,672,1699,-1027
105000042,2882,1006,1876
105000043,2766,2994,-228
105000044,228,302,-74
105000045,222,1140,-918
105000046,425,373,52
105000047,367,2036,-1669
105000048,272,179,93
105000049,244,922,-678
105000050,288,296,-8
105000051,146,619,-473
105000052,274,1132,-858
105000053,67,189,-122
105000054,126,1159,-1033
105000055,220,434,-214
105000056,709,3286,-2577
105000057,923,1317,-394
105000058,1751,1635,116
105000059,341,338,3
105000060,421,740,-319
105000061,245,330,-85
105000062,846,1182,-336
105000063,225,869,-644
105000064,428,641,-213
105000065,337,1243,-906
105000066,674,2681,-2007
105000067,473,482,-9
105000068,364,1109,-745
105000069,2864,560,2304
105000070,801,840,-39
105000071,172,358,-186
105000072,650,677,-27
105000073,539,471,68
105000074,850,1116,-266
105000075,529,962,-433
105000076,1163,1386,-223
105000077,1802,1007,795
105000078,1414,1148,266
105000079,1748,1749,-1
105000080,1351,854,497
105000081,780,657,123
105000082,402,448,-46
105000083,847,546,301
105000084,350,1228,-878
105000085,887,958,-71
105000086,368,987,-619
105000087,2700,1899,801
105000088,1637,1230,407
105000089,3988,3109,879
105000090,1228,1225,3
105000091,2143,2482,-339
105000092,502,1676,-1174
105000093,375,266,109
105000094,208,209,-1
105000095,70,458,-388
105000096,818,624,194
105000097,928,636,292
105000098,454,506,-52
105000099,551,1009,-458
105000100,887,1265,-378
105000101,1747,2600,-853
105000102,1982,1743,239
105000103,1718,2607,-889
105000104,962,1125,-163
105000105,741,2089,-1348
105000106,709,1620,-911
105000107,581,998,-417
105000108,769,2085,-1316
105000109,886,1707,-821
105000110,380,962,-582
105000111,361,729,-368
105000112,667,993,-326
105000113,176,419,-243
105000114,4256,899,3357
105000115,199,625,-426
105000116,381,437,-56
105000117,701,1947,-1246
105000118,178,426,-248
105000119,324,1509,-1185
105000120,358,762,-404
105000121,564,1312,-748
105000122,186,493,-307
105000123,1043,1735,-692
105000124,1144,1100,44
105000125,550,1935,-1385
105000126,1266,2468,-1202
105000127,1737,2179,-442
105000128,382,1438,-1056
105000129,457,291,166
105000130,63,812,-749
105000131,469,487,-18
105000132,452,392,60
105000133,308,1388,-1080
105000134,383,646,-263
105000135,345,865,-520
105000136,52,486,-434
105000137,177,249,-72
105000138,302,407,-105
105000139,807,1357,-550
105000140,150,479,-329
105000141,124,794,-670
105000142,61,527,-466
105000143,187,726,-539
105000144,230,786,-556
105000145,393,574,-181
105000146,389,722,-333
105000147,430,396,34
105000148,977,596,381
105000149,1237,1250,-13
105000150,2335,1703,632
105000151,233,325,-92
105000152,79,708,-629
105000153,385,395,-10
105000154,739,1003,-264
105000155,283,489,-206
105000156,1059,998,61
105000157,1299,1963,-664
105000158,1720,831,889
105000159,373,1475,-1102
105000160,1190,658,532
105000161,703,2395,-1692
105000162,286,1171,-885
105000163,1438,1542,-104
105000164,218,410,-192
105000165,1872,3174,-1302
105000166,9504,289,9215
105000167,3390,1118,2272
105000168,107,1108,-1001
105000169,184,608,-424
105000170,63,1220,-1157
105000171,1099,466,633
105000172,21,57,-36
105000173,34,42,-8
105000174,17,26,-9
105000175,56,144,-88
105000176,54,91,-37
105000177,50,126,-76
105000178,124,910,-786
105000179,101,149,-48
105000180,73,121,-48
105000181,40,686,-646
105000182,27,95,-68
105000183,3373,1499,1874
105000184,1546,886,660
105000185,1622,539,1083
105000186,438,1267,-829
105000187,620,247,373
105000188,225,97,128
105000189,161,705,-544
105000190,87,440,-353
105000191,224,553,-329
105000192,60,84,-24
105000193,44,169,-125
105000194,103,90,13
105000195,192,1637,-1445
105000196,18,65,-47
105000197,171,972,-801
105000198,433,302,131
105000199,105,182,-77
105000200,61,255,-194
105000201,52,12,40
105000203,7,328,-321
105000204,52,114,-62
105000205,96,304,-208
105000207,963,272,691
105000208,259,266,-7
105000209,164,509,-345
105000212,699,1713,-1014
105000213,224,157,67
105000214,45,265,-220
105000215,74,246,-172
105000216,60,512,-452
105000217,96,490,-394
105000218,428,1076,-648
105000221,62,345,-283
105000222,54,46,8
105000223,84,218,-134
105000226,12,537,-525
105000227,23,303,-280
105000228,153,627,-474
105000229,47,190,-143
105000231,111,199,-88
105000233,545,633,-88
105000234,480,1402,-922
105000235,121,466,-345
105000237,399,53,346
105000243,7,307,-300
105000248,49,34,15
105000262,128,2338,-2210
105000269,70,123,-53
105000270,178,129,49
105000271,1,361,-360
105000282,80,50,30
105000287,341,172,169
105000288,221,352,-131
105000289,777,869,-92
105000290,5,0,5
105000402,5891,1652,4239
105000426,331,616,-285
105000438,510,574,-64
105000446,14360,4884,9476
105000447,8549,2837,5712
105000454,119,1197,-1078
105000455,352,256,96
105000474,6,1,5
105000477,105,366,-261
105000478,928,1454,-526
105000479,77,136,-59
105000480,1280,1495,-215
105000481,1673,1963,-290
105000482,4318,3053,1265
105000483,777,1002,-225
105000484,1976,3037,-1061
105000485,796,1190,-394
105000486,3304,2587,717
105000488,2873,2933,-60
105000489,414,825,-411
105000549,10,105,-95
105000550,426,1192,-766
105000551,25,116,-91
105000552,3976,2461,1515
105000555,349,484,-135
105900001,15,872,-857
105900002,2021,485,1536
105900003,7,89,-82
105900004,522,114,408
105900005,2,251,-249
105900006,5,41,-36
105900007,46,11,35
105900008,31,898,-867
105900009,15,19,-4
105900011,181,71,110
105900012,512,277,235
105900013,2,25,-23
105900014,4,89,-85
105900015,191,344,-153
105900016,124,989,-865
105900017,474,41,433
105900018,205,305,-100
105900019,103,747,-644
105900020,16,73,-57
105900021,16,459,-443
105900022,151,382,-231
105900023,1,161,-160
105900024,5,303,-298
105900025,19,45,-26
105900026,147,30,117
105900027,5840,4575,1265
105900028,18,179,-161
105900029,2369,383,1986
105900030,173,370,-197
105900031,400,202,198
105900032,45,163,-118
105900033,39,136,-97
105900034,63,318,-255
105900035,168,194,-26
105900036,15,114,-99
105900037,42,100,-58
105900038,64,283,-219
105900039,26,176,-150
105900040,53,87,-34
105900041,161,477,-316
105900042,24,89,-65
105900043,1999,82,1917
105900044,5,121,-116
105900045,3,614,-611
105900046,0,172,-172
105900047,1,29,-28
105900048,51,441,-390
105900050,3502,771,2731
105900051,10,1534,-1524
105900052,252,106,146
105900053,4784,958,3826
105900054,269,349,-80
105900056,1376,249,1127
105900057,20,302,-282
105900058,4,31,-27
105900059,0,25,-25
106000001,3091,1036,2055
106000002,2576,3411,-835
106000003,2823,2124,699
106000004,2512,2394,118
106000005,1961,4346,-2385
106000006,6160,4888,1272
106000007,500,519,-19
106000008,366,335,31
106000009,446,327,119
106000010,397,539,-142
106000011,409,975,-566
106000012,598,1713,-1115
106000013,1187,1944,-757
106000014,2048,1988,60
106000015,773,1035,-262
106000016,869,2378,-1509
106000017,496,651,-155
106000018,436,590,-154
106000019,155,503,-348
106000020,147,527,-380
106000021,212,496,-284
106000022,212,399,-187
106000023,426,393,33
106000024,351,950,-599
106000025,74,156,-82
106000026,114,358,-244
106000027,502,999,-497
106000028,340,901,-561
106000029,757,1929,-1172
106000030,900,225,675
106000034,118,656,-538
106000035,515,790,-275
106000036,403,248,155
106000037,1297,1551,-254
106000038,373,56,317
106000039,152,40,112
106000040,172,653,-481
106000041,677,222,455
106000043,420,58,362
106000046,281,26,255
106000047,56,385,-329
106000049,309,124,185
106000050,199,1066,-867
106000051,234,319,-85
106000052,57,764,-707
106000053,83,79,4
106000054,305,521,-216
106000055,446,659,-213
106000056,209,607,-398
106000057,125,122,3
106000058,91,249,-158
106000059,109,232,-123
106000060,645,719,-74
106000061,184,321,-137
106000062,141,651,-510
106000063,320,324,-4
106000064,33,517,-484
106000065,111,110,1
106000066,49,486,-437
106000067,164,56,108
106000068,72,716,-644
106000069,99,87,12
106000070,303,895,-592
106000071,552,235,317
106000072,4686,1246,3440
106000073,1645,1623,22
106000074,172,558,-386
106000075,200,977,-777
106000076,845,1438,-593
106000077,2277,1155,1122
106000078,474,804,-330
106000079,370,1133,-763
106000080,689,985,-296
106000081,418,952,-534
106000082,1941,1011,930
106000083,295,1042,-747
106000084,505,564,-59
106000085,1377,948,429
106000086,464,563,-99
106000087,433,555,-122
106000088,279,833,-554
106000089,500,479,21
106000090,170,724,-554
106000091,234,683,-449
106000092,394,189,205
106000093,204,95,109
106000094,111,448,-337
106000095,295,1448,-1153
106000096,458,831,-373
106000097,449,1593,-1144
106000098,290,1231,-941
106000099,99,1019,-920
106000100,474,308,166
106000101,714,314,400
106000102,126,604,-478
106000103,176,776,-600
106000104,458,409,49
106000105,308,1090,-782
106000106,286,474,-188
106000107,54,548,-494
106000108,86,313,-227
106000109,82,431,-349
106000110,77,269,-192
106000111,86,753,-667
106000112,65,330,-265
106000113,1377,774,603
106000114,366,352,14
106000115,145,634,-489
106000116,107,288,-181
106000117,772,892,-120
106000118,804,1034,-230
106000119,2576,1391,1185
106000120,804,727,77
106000121,79,216,-137
106000122,53,427,-374
106000123,124,339,-215
106000124,20,487,-467
106000125,15,447,-432
106000126,81,262,-181
106000127,353,1070,-717
106000128,279,365,-86
106000129,225,782,-557
106000130,314,376,-62
106000131,62,565,-503
106000132,972,165,807
106000133,4790,862,3928
106000134,669,814,-145
106000135,159,997,-838
106000136,370,355,15
106000137,110,1837,-1727
106000138,402,81,321
106000139,20,100,-80
106000140,20,95,-75
106000141,27,174,-147
106000142,17,103,-86
106000143,19,142,-123
106000144,14,52,-38
106000145,103,503,-400
106000146,96,195,-99
106000147,325,496,-171
106000148,639,766,-127
106000149,339,403,-64
106000150,320,1667,-1347
106000151,4754,738,4016
106000152,1538,993,545
106000153,44,1181,-1137
106000154,1510,226,1284
106000155,40,158,-118
106000156,384,362,22
106000157,382,2005,-1623
106000158,3453,668,2785
106000159,5523,1400,4123
106000160,147,1402,-1255
106000161,1255,713,542
106000162,116,580,-464
106000163,162,664,-502
106000164,142,357,-215
106000165,84,950,-866
106000166,231,333,-102
106000167,182,1704,-1522
106000168,109,270,-161
106000169,87,1011,-924
106000170,181,253,-72
106000171,72,967,-895
106000172,1998,714,1284
106000173,667,2717,-2050
106000174,699,255,444
106000175,289,1170,-881
106000176,721,570,151
106000177,525,2385,-1860
106000178,2619,1466,1153
106000179,1089,1916,-827
106000180,903,2142,-1239
106000181,365,2300,-1935
106000182,311,752,-441
106000183,437,1222,-785
106000184,909,1168,-259
106000185,543,977,-434
106000186,854,192,662
106000187,198,897,-699
106000188,1,6,-5
106000189,8,48,-40
106000190,14,0,14
106000191,565,163,402
106000192,1,35,-34
106000193,284,143,141
106000194,128,506,-378
106000195,260,95,165
106000196,92,366,-274
106000197,173,352,-179
106000198,87,354,-267
106000199,952,648,304
106000200,438,164,274
106000201,542,1081,-539
106000202,8043,641,7402
106000203,257,172,85
106000204,25,3,22
106000205,6,162,-156
106000206,51,18,33
106000207,54,1098,-1044
106000208,402,59,343
106000209,631,255,376
106000210,224,1462,-1238
106000211,331,1642,-1311
106000212,280,155,125
106000213,778,976,-198
106000214,2608,435,2173
106000215,150,465,-315
106000216,252,350,-98
106000217,138,522,-384
106000218,243,329,-86
106000219,79,298,-219
106000220,318,234,84
106000221,44,315,-271
106000222,9,233,-224
106000223,40,231,-191
106000224,89,424,-335
106000225,26,59,-33
106000226,122,447,-325
106000228,16,115,-99
106000229,44,936,-892
106000231,326,100,226
106000232,27,455,-428
106000233,249,127,122
106000234,61,287,-226
106000235,205,63,142
106000236,55,48,7
106000237,0,6,-6
106000238,3,6,-3
106000239,5,44,-39
106000240,27,0,27
106000241,10,627,-617
106000242,152,10,142
106000249,28,46,-18
106000250,32,460,-428
106000251,42,56,-14
106000252,30,132,-102
106000253,7,71,-64
106000254,21,74,-53
106000255,15,79,-64
106000256,61,130,-69
106000257,139,357,-218
106000258,73,11,62
106000259,0,46,-46
106000260,2,3,-1
106000261,0,51,-51
106000262,8,8,0
106000263,0,113,-113
106000264,74,14,60
106000265,3,157,-154
106000266,65,14,51
106000267,7,132,-125
106000268,297,8,289
106000269,54,71,-17
106000270,140,454,-314
106000271,62,191,-129
106000272,88,69,19
106000273,13,145,-132
106000274,134,41,93
106000275,86,171,-85
106000276,111,64,47
106000277,80,167,-87
106000278,123,35,88
106000279,3,76,-73
106000280,18,220,-202
106000281,75,107,-32
106000282,61,49,12
106000283,63,144,-81
106000284,51,121,-70
106000285,80,175,-95
106000286,34,156,-122
106000287,56,158,-102
106000288,74,171,-97
106000289,29,90,-61
106000290,34,137,-103
106000291,39,96,-57
106000292,51,160,-109
106000293,65,103,-38
106000294,87,139,-52
106000295,32,44,-12
106000296,66,124,-58
106000297,61,178,-117
106000298,117,66,51
106000299,60,118,-58
106000300,31,80,-49
106000301,40,107,-67
106000303,17,49,-32
106000304,50,58,-8
106000305,23,36,-13
106000306,73,91,-18
106000307,8,7,1
106000308,27,224,-197
106000309,8,90,-82
106000310,119,658,-539
106000311,152,72,80
106000312,47,193,-146
106000313,56,253,-197
106000318,215,148,67
106000319,342,46,296
106000320,1,49,-48
106000321,402,43,359
106000322,42,229,-187
106000324,3,185,-182
106000325,707,897,-190
106000326,689,2038,-1349
106000327,46,285,-239
106000328,6,104,-98
106000329,34,339,-305
106000330,42,66,-24
106000428,38,217,-179
106000429,53,574,-521
106000430,252,1790,-1538
106000431,637,339,298
106000432,1072,2697,-1625
106000433,856,641,215
106000434,1931,650,1281
106000435,2171,2595,-424
106000436,26,440,-414
106000437,136,17,119
106000438,486,111,375
106000439,57,539,-482
106000440,174,607,-433
106000441,0,4,-4
106000442,54,6,48
106000443,45,751,-706
106000450,7,236,-229
106000451,33,11,22
106000454,1,44,-43
106000455,18,172,-154
106000456,74,29,45
106000457,10,1353,-1343
106000458,117,164,-47
106000459,26,543,-517
106000460,305,28,277
106000461,14,2520,-2506
106000462,0,8,-8
106000463,2,20,-18
106000464,8,767,-759
106000465,136,0,136
106000466,0,873,-873
106000467,595,645,-50
106000468,28,249,-221
106000469,246,2,244
106000470,236,1117,-881
106000471,15,681,-666
106000472,75,10,65
106000473,19,37,-18
106000474,186,847,-661
106000475,114,146,-32
106000476,172,130,42
106000477,3,113,-110
106000480,0,55,-55
106900001,1,9,-8
106900002,4,691,-687
106900003,228,788,-560
106900004,0,44,-44
106900006,0,14,-14
106900007,0,4,-4
106900008,84,308,-224
106900009,72,450,-378
106900010,124,342,-218
106900012,1980,1024,956
106900013,221,24,197
106900014,12,1,11
106900015,3,0,3
106900016,66,0,66
106900017,1,1,0
106900018,2,0,2
106900019,11,1,10
106900020,2955,481,2474
106900021,4,9,-5
106900022,98,0,98
106900023,2,351,-349
106900024,211,3,208
106900025,64,642,-578
106900026,4,992,-988
106900027,197,1,196
107000001,1368,1261,107
107000002,2676,4359,-1683
107000003,3570,4313,-743
107000004,5585,7495,-1910
107000005,1452,2872,-1420
107000006,3258,8752,-5494
107000007,4991,4545,446
107000008,24064,14355,9709
107000009,4224,4101,123
107000010,12100,15290,-3190
107000011,1016,1772,-756
107000012,4519,4523,-4
107000013,41,283,-242
107000014,12,509,-497
107000015,319,1189,-870
107000016,297,1707,-1410
107000017,5004,1011,3993
107000018,25,349,-324
107000020,3556,463,3093
107000021,1088,1131,-43
107000022,1277,2035,-758
107000023,1518,496,1022
107000024,472,2822,-2350
107000025,121,446,-325
107000026,132,938,-806
107000027,937,945,-8
107000028,1125,2130,-1005
107000029,1184,1460,-276
107000030,3518,4059,-541
107000031,1765,1624,141
107000032,250,957,-707
107000033,5278,5709,-431
107000034,6913,2715,4198
107000035,367,162,205
107000036,405,871,-466
107000037,64,727,-663
107000038,282,316,-34
107000039,397,505,-108
107000040,101,439,-338
107000041,1329,548,781
107000042,691,1815,-1124
107000043,3490,797,2693
107000044,669,494,175
107000045,173,321,-148
107000046,355,278,77
107000047,299,1020,-721
107000048,360,389,-29
107000049,351,787,-436
107000050,633,523,110
107000051,538,338,200
107000052,903,699,204
107000053,209,87,122
107000054,83,317,-234
107000055,123,65,58
107000056,426,840,-414
107000057,1573,192,1381
107000058,1305,1639,-334
107000059,1860,3152,-1292
107000060,2992,5010,-2018
107000061,5308,4452,856
107000062,1676,2814,-1138
107000063,3299,6630,-3331
107000064,2077,1905,172
107000065,3164,7279,-4115
107000066,1685,2078,-393
107000067,722,955,-233
107000068,1567,584,983
107000069,345,391,-46
107000070,225,18,207
107000071,770,10,760
107000072,26,4199,-4173
107000073,155,111,44
107000074,101,1037,-936
107000075,646,135,511
107000076,753,2332,-1579
107000077,1437,352,1085
107000078,1334,4022,-2688
107000079,1049,292,757
107000080,980,4053,-3073
107000081,616,331,285
107000082,444,3522,-3078
107000083,601,201,400
107000084,408,3298,-2890
107000085,2648,3256,-608
107000086,3768,2903,865
107000087,1805,2099,-294
107000088,2373,3404,-1031
107000089,1137,1830,-693
107000090,900,1274,-374
107000091,743,1159,-416
107000092,454,1460,-1006
107000093,499,941,-442
107000094,662,1831,-1169
107000095,384,715,-331
107000096,513,1036,-523
107000097,322,352,-30
107000098,308,897,-589
107000099,282,223,59
107000100,237,403,-166
107000101,39,132,-93
107000102,432,433,-1
107000103,213,116,97
107000104,241,310,-69
107000105,149,94,55
107000106,84,359,-275
107000107,258,161,97
107000108,94,1108,-1014
107000109,219,75,144
107000110,24,608,-584
107000111,69,30,39
107000112,22,431,-409
107000113,201,79,122
107000114,40,811,-771
107000115,124,43,81
107000116,59,1233,-1174
107000117,32,154,-122
107000118,103,306,-203
107000119,1958,715,1243
107000120,3268,408,2860
107000121,247,609,-362
107000122,684,881,-197
107000123,149,973,-824
107000124,273,909,-636
107000125,313,1031,-718
107000126,464,1484,-1020
107000129,120,1257,-1137
107000130,121,189,-68
107000131,257,754,-497
107000132,310,316,-6
107000133,526,135,391
107000134,156,4,152
107000135,0,251,-251
107000136,293,3,290
107000137,21,390,-369
107000138,308,16,292
107000139,24,355,-331
107000140,526,31,495
107000141,122,934,-812
107000142,218,41,177
107000143,35,1160,-1125
107000144,238,154,84
107000145,95,677,-582
107000146,167,217,-50
107000147,3216,751,2465
107000150,1009,1836,-827
107000151,19,43,-24
107000152,600,360,240
107000153,313,285,28
107000154,156,40,116
107000155,580,38,542
107000156,733,51,682
107000157,30,3638,-3608
107000158,281,20,261
107000159,37,1865,-1828
107000160,341,78,263
107000161,75,2683,-2608
107000162,100,260,-160
107000163,43,25,18
107000164,65,0,65
107000165,227,0,227
107000166,34,1569,-1535
107000167,194,258,-64
107000168,438,278,160
107000169,1016,1374,-358
107000170,700,437,263
107000171,581,3905,-3324
107000172,561,629,-68
107000173,813,1715,-902
107000174,988,2030,-1042
107000175,14762,2021,12741
107000176,1,0,1
107000177,2,1,1
107000178,3,47,-44
107000179,191,3822,-3631
107000180,558,329,229
107000181,128,1517,-1389
107000182,555,815,-260
107000183,71,1241,-1170
107000184,332,726,-394
107000185,164,1610,-1446
107000186,318,376,-58
107000187,981,1275,-294
107000188,402,373,29
107000189,278,1016,-738
107000190,371,691,-320
107000191,367,970,-603
107000192,959,1103,-144
107000193,295,408,-113
107000194,772,871,-99
107000197,324,247,77
107000198,168,941,-773
107000199,589,956,-367
107000200,1155,513,642
107000201,270,274,-4
107000202,152,564,-412
107000203,738,680,58
107000204,867,713,154
107000205,3313,1475,1838
107000206,854,833,21
107000207,735,993,-258
107000208,1513,263,1250
107000209,2434,408,2026
107000210,1918,207,1711
107000211,7,16,-9
107000212,19,176,-157
107000213,13,27,-14
107000214,15,116,-101
107000215,215,726,-511
107000216,120,690,-570
107000217,35,196,-161
107000219,43,136,-93
107000220,72,464,-392
107000222,342,917,-575
107000224,331,30,301
107000225,116,983,-867
107000226,147,56,91
107000227,80,741,-661
107000228,77,164,-87
107000229,240,131,109
107000230,1153,568,585
107000231,605,354,251
107000232,46,64,-18
107000233,337,220,117
107000234,4,18,-14
107000235,30,0,30
107000236,20,558,-538
107000237,0,0,0
107000238,2,2,0
107000239,7901,409,7492
107000240,60,1627,-1567
107000241,109,32,77
107000242,612,70,542
107000243,0,35,-35
107000244,4,80,-76
107000246,5,1462,-1457
107000249,4,1018,-1014
107000251,3,446,-443
107000252,6,1880,-1874
107000255,762,86,676
107000257,2,805,-803
107000258,0,182,-182
107000259,2,334,-332
107000260,154,15,139
107000262,8,1162,-1154
107000263,76,2,74
107000266,7,3,4
107000267,61,224,-163
107000268,123,224,-101
107000269,135,29,106
107000270,0,6,-6
107000271,3,1262,-1259
107000272,11,318,-307
107000273,3,334,-331
107000274,1534,376,1158
107000275,143,1067,-924
107000280,236,15,221
107000281,41,1522,-1481
107000282,21,1909,-1888
107000290,3,67,-64
107000291,9,18,-9
107000292,0,27,-27
107000293,101,4,97
107000294,0,40,-40
107000295,42,5,37
107000296,0,7,-7
107000444,157,10,147
107000496,1,31,-30
107000497,1161,4312,-3151
107000500,247,493,-246
107000501,34,206,-172
107000502,100,447,-347
107000505,691,903,-212
107000506,0,9,-9
107000508,4,949,-945
107000509,221,531,-310
107000510,19,18,1
107000514,26,272,-246
107000515,12,458,-446
107000516,138,163,-25
107000518,345,262,83
107000519,4376,1508,2868
107000520,33,3,30
107000521,202,613,-411
107000522,256,872,-616
107900001,18,290,-272
107900002,19,3,16
107900003,155,9,146
107900004,16,0,16
107900005,248,2,246
107900006,23,0,23
107900007,81,13,68
107900008,22,56,-34
107900009,81,3,78
107900010,4,0,4
107900012,128,9,119
107900013,145,64,81
107900014,5,1,4
107900015,255,1,254
107900016,496,159,337
107900017,10,2,8
107900018,27,33,-6
107900019,3,112,-109
107900020,117,10,107
107900021,17,201,-184
107900023,1,1,0
107900024,0,40,-40
107900025,248,518,-270
107900026,11,175,-164
107900027,24,110,-86
107900028,13,120,-107
107900030,82,11,71
107900031,24,230,-206
107900032,3,0,3
107900033,4,4,0
107900034,128,7,121
107900035,361,7,354
107900036,14,3,11
107900037,2,78,-76
107900038,107,83,24
107900039,3,88,-85
107900040,228,96,132
107900041,1,0,1
107900043,46,151,-105
107900044,7,0,7
107900045,24,18,6
107900046,63,22,41
107900047,8,153,-145
107900048,33,1,32
107900049,249,814,-565
107900050,78,398,-320
107900051,42,95,-53
107900052,8,3,5
107900053,3,90,-87
107900055,190,125,65
107900056,76,7,69
107900057,0,0,0
107900058,20,968,-948
107900060,5,31,-26
107900061,13,1,12
107900063,37,111,-74
107900064,222,37,185
107900065,61,5,56
107900066,1,4,-3
107900067,0,0,0
107900068,87,233,-146
107900069,20,414,-394
107900070,32,11,21
107900071,9,1108,-1099
107900072,18,260,-242
107900073,29,129,-100
107900074,981,100,881
107900076,40,51,-11
107900077,20,1,19
107900078,155,12,143
107900079,2,8,-6
107900080,122,185,-63
107900081,7,116,-109
107900082,12,18,-6
107900083,117,92,25
107900084,35,94,-59
107900086,46,67,-21
107900087,265,45,220
107900088,5,0,5
107900089,410,1103,-693
107900090,487,541,-54
107900091,87,524,-437
107900092,2529,547,1982
107900093,51,65,-14
107900095,3267,893,2374
107900097,7,36,-29
107900098,32,78,-46
107900100,1077,397,680
107900101,1087,122,965
107900102,10,1,9
107900103,31,229,-198
107900104,82,1,81
107900105,1,783,-782
107900106,2,1841,-1839
107900107,1814,110,1704
107900108,341,52,289
107900109,230,2,228
107900110,5,132,-127
107900111,14,1954,-1940
107900112,70,210,-140
107900113,41,129,-88
107900114,66,267,-201
107900115,1,57,-56
107900116,28,247,-219
107900117,176,441,-265
107900118,54,190,-136
107900119,28,125,-97
107900120,26,3,23
107900121,1,189,-188
107900122,2,70,-68
107900123,1,33,-32
107900124,6,96,-90
107900125,23,205,-182
107900126,0,29,-29
107900127,729,68,661
107900128,82,33,49
107900129,9,61,-52
107900130,20,27,-7
107900131,121,17,104
107900132,68,521,-453
107900133,5,57,-52
107900134,9,31,-22
107900135,1,195,-194
107900136,52,25,27
107900137,94,92,2
107900138,9,33,-24
107900139,6,37,-31
107900140,107,67,40
107900141,45,11,34
107900142,88,1242,-1154
107900143,40,37,3
107900144,0,177,-177
107900145,13,147,-134
107900146,46,121,-75
107900147,12,14,-2
107900148,81,163,-82
107900149,2709,147,2562
107900150,46,945,-899
107900151,3,133,-130
107900152,5,396,-391
107900153,90,138,-48
107900154,11,11,0
107900155,13,31,-18
107900156,2,397,-395
107900157,41,72,-31
107900158,207,4,203
107900159,46,1426,-1380
107900160,18,213,-195
107900161,10,216,-206
107900162,1,231,-230
107900163,199,87,112
107900164,4,18,-14
107900165,5,21,-16
107900166,9,270,-261
107900167,36,12,24
107900168,9,82,-73
107900169,4,211,-207
107900171,12,2244,-2232
107900172,1,462,-461
107900173,7,260,-253
107900174,29,5,24
107900175,7,9,-2
107900176,7,53,-46
107900177,2,245,-243
107900178,2,391,-389
107900179,1,160,-159
107900180,1388,119,1269
107900181,295,564,-269
107900182,5,1902,-1897
107900183,11,433,-422
107900184,31,274,-243
107900185,14,5,9
107900186,6,51,-45
107900187,1,181,-180
107900188,972,72,900
107900189,8,161,-153
107900190,156,28,128
107900191,10,175,-165
107900193,0,21,-21
107900194,45,1,44
107900195,5625,493,5132
107900196,49,51,-2
107900197,444,61,383
107900199,2,1278,-1276
107900201,36,156,-120
107900203,15,71,-56
107900204,215,215,0
107900205,142,576,-434
107900206,253,167,86
107900207,2,895,-893
107900208,12,1243,-1231
107900209,434,103,331
107900210,55,135,-80
107900213,205,380,-175
107900214,3,179,-176
107900215,120,356,-236
107900216,33,40,-7
107900217,33,40,-7
107900218,12,2091,-2079
107900219,38,191,-153
107900220,165,64,101
107900221,155,226,-71
107900223,61,700,-639
107900224,103,349,-246
107900225,4,1032,-1028
107900226,23,127,-104
107900227,55,574,-519
107900228,14,122,-108
107900229,11,309,-298
107900230,2,198,-196
107900231,3,255,-252
107900232,16,264,-248
107900233,6,163,-157
107900234,48,228,-180
107900235,53,122,-69
107900236,56,108,-52
107900237,118,544,-426
107900238,10,126,-116
107900239,1362,410,952
107900240,8,247,-239
107900241,9,110,-101
107900242,5,456,-451
107900243,2,38,-36
107900244,101,1,100
107900245,91,33,58
107900246,32,6,26
107900248,44,753,-709
107900249,183,11,172
107900250,2,588,-586
107900251,18,1480,-1462
107900252,212,4,208
107900253,33,1,32
107900254,51,298,-247
107900255,420,49,371
107900256,1108,840,268
107900257,68,64,4
107900258,32,230,-198
107900259,84,563,-479
107900261,3,620,-617
107900262,61,128,-67
107900264,58,1,57
107900265,29,285,-256
107900267,43,21,22
107900268,80,5,75
107900269,1,15,-14
107900270,0,0,0
107900271,4,0,4
107900272,217,8,209
107900273,14,78,-64
107900274,12,0,12
107900275,11,0,11
107900276,3,43,-40
107900277,1,289,-288
107900278,82,417,-335
107900279,159,56,103
107900280,2482,1038,1444
107900281,4375,815,3560
107900282,61,152,-91
107900283,1780,323,1457
107900284,56,1044,-988
107900285,19,170,-151
107900286,103,72,31
107900287,56,80,-24
107900290,0,75,-75
107900291,129,1,128
107900292,85,291,-206
107900293,37,547,-510
107900295,15,132,-117
107900297,1,298,-297
107900298,685,912,-227
107900299,4507,918,3589
107900300,36,141,-105
107900301,410,168,242
107900302,47,25,22
107900303,34,274,-240
107900304,73,535,-462
107900305,138,18,120
107900306,17,5,12
107900307,29,344,-315
107900308,196,24,172
107900309,2,0,2
107900310,0,0,0
107900311,117,48,69
107900312,0,0,0
107900313,1,90,-89
107900314,0,48,-48
107900315,2,91,-89
107900316,21,0,21
107900317,15,1,14
107900318,7,161,-154
107900319,1,274,-273
107900320,7,217,-210
107900321,27,2,25
107900322,1,255,-254
107900323,20,224,-204
107900324,62,1,61
107900325,23,0,23
107900326,86,456,-370
107900327,0,0,0
107900328,0,0,0
107900329,0,0,0
107900330,8,755,-747
107900331,47,24,23
107900332,46,24,22
107900333,21,7,14
107900334,4,247,-243
107900335,28,56,-28
107900336,4,24,-20
107900337,1611,389,1222
107900338,3,136,-133
107900339,1,25,-24
107900340,1,59,-58
107900341,14,0,14
107900342,87,154,-67
107900343,19,1,18
107900344,1,104,-103
107900345,36,20,16
107900346,8,0,8
107900347,16,0,16
107900348,0,1,-1
107900349,3,2,1
107900350,35,378,-343
107900351,5,89,-84
108000001,2341,2203,138
108000002,2833,3604,-771
108000003,2310,1389,921
108000004,18739,16651,2088
108000005,3462,2179,1283
108000006,4512,6356,-1844
108000007,3153,2724,429
108000008,4644,6491,-1847
108000009,1751,2368,-617
108000010,2019,5587,-3568
108000011,8787,6049,2738
108000012,19365,17615,1750
108000014,408,388,20
108000015,292,289,3
108000016,144,577,-433
108000017,421,313,108
108000018,796,408,388
108000019,1130,495,635
108000020,648,321,327
108000021,413,1797,-1384
108000022,485,1621,-1136
108000023,712,127,585
108000024,102,855,-753
108000025,85,182,-97
108000026,190,759,-569
108000027,184,529,-345
108000028,112,302,-190
108000029,131,724,-593
108000030,220,259,-39
108000031,94,610,-516
108000032,570,369,201
108000033,384,1489,-1105
108000034,711,340,371
108000035,774,2916,-2142
108000036,286,1677,-1391
108000037,807,285,522
108000038,1083,263,820
108000039,349,2860,-2511
108000040,726,382,344
108000041,598,3122,-2524
108000042,101,296,-195
108000043,144,335,-191
108000044,128,178,-50
108000045,104,987,-883
108000046,689,212,477
108000047,273,1240,-967
108000048,80,594,-514
108000049,266,143,123
108000050,58,567,-509
108000051,97,51,46
108000052,326,736,-410
108000053,157,65,92
108000054,409,1052,-643
108000055,551,262,289
108000056,935,1067,-132
108000057,423,528,-105
108000058,1646,1497,149
108000059,3618,1684,1934
108000060,69,286,-217
108000061,110,358,-248
108000062,271,346,-75
108000063,243,828,-585
108000064,77,268,-191
108000065,260,696,-436
108000066,1217,563,654
108000067,772,341,431
108000068,323,280,43
108000069,145,1246,-1101
108000070,662,446,216
108000071,406,2155,-1749
108000072,713,623,90
108000073,1128,2003,-875
108000074,201,279,-78
108000075,189,876,-687
108000076,339,350,-11
108000077,617,1053,-436
108000078,1170,1001,169
108000079,1003,2334,-1331
108000080,468,410,58
108000081,452,3612,-3160
108000082,939,1829,-890
108000083,1167,554,613
108000084,236,1354,-1118
108000085,187,214,-27
108000086,812,868,-56
108000087,171,962,-791
108000088,50,6,44
108000089,183,286,-103
108000090,157,111,46
108000091,83,563,-480
108000092,45,72,-27
108000093,89,921,-832
108000094,236,107,129
108000095,79,627,-548
108000096,159,118,41
108000097,46,589,-543
108000098,446,1515,-1069
108000099,84,93,-9
108000100,10,231,-221
108000101,653,784,-131
108000102,811,1382,-571
108000106,371,1,370
108000107,4,700,-696
108000108,255,24,231
108000109,1,875,-874
108000110,87,241,-154
108000111,70,656,-586
108000112,39,70,-31
108000113,470,366,104
108000115,452,441,11
108000117,738,274,464
108000118,101,118,-17
108000119,804,482,322
108000120,85,424,-339
108000121,120,678,-558
108000122,192,245,-53
108000123,210,329,-119
108000124,177,614,-437
108000125,103,417,-314
108000126,52,798,-746
108000127,112,425,-313
108000128,169,1017,-848
108000129,112,1744,-1632
108000130,88,358,-270
108000131,365,141,224
108000132,1241,1397,-156
108000133,335,308,27
108000134,615,1042,-427
108000135,380,221,159
108000136,819,1307,-488
108000137,121,424,-303
108000138,166,1216,-1050
108000139,43,427,-384
108000140,17,24,-7
108000141,9,175,-166
108000142,24,91,-67
108000143,23,18,5
108000144,11,9,2
108000145,15,38,-23
108000146,24,7,17
108000147,11,46,-35
108000148,16,3,13
108000149,15,44,-29
108000150,8,0,8
108000151,6,8,-2
108000152,64,856,-792
108000153,124,104,20
108000154,33,8,25
108000155,9,6,3
108000156,295,86,209
108000157,128,259,-131
108000158,53,305,-252
108000159,579,86,493
108000160,6076,511,5565
108000161,5895,883,5012
108000165,5,94,-89
108000172,1,102,-101
108000173,3178,833,2345
108000175,81,73,8
108000178,449,461,-12
108000179,161,450,-289
108000181,33,35,-2
108000182,107,12,95
108000183,11,16,-5
108000184,1254,934,320
108000185,44,849,-805
108000186,81,55,26
108000187,37,1078,-1041
108000188,161,253,-92
108000189,454,515,-61
108000190,29,82,-53
108000192,55,763,-708
108000193,622,66,556
108000194,26,8,18
108000195,4,1252,-1248
108000196,41,72,-31
108000198,207,394,-187
108000199,0,127,-127
108000200,143,889,-746
108000202,5,158,-153
108000203,49,1456,-1407
108000204,45,26,19
108000205,589,675,-86
108000339,2062,224,1838
108000364,207,145,62
108000365,19,453,-434
108000367,155,417,-262
108000368,8,47,-39
108000369,2135,125,2010
108000371,0,682,-682
108000372,173,2,171
108000373,63,206,-143
108000376,62,18,44
108000377,162,362,-200
108000378,8301,6070,2231
108000379,28,158,-130
108000381,18,9,9
108000382,60,3,57
108000383,0,106,-106
108900001,180,1155,-975
108900002,206,47,159
108900003,396,1155,-759
108900004,31,92,-61
108900005,25,72,-47
108900006,267,133,134
108900007,77,149,-72
108900008,17,130,-113
108900009,7,100,-93
108900010,51,189,-138
108900011,159,386,-227
108900012,125,586,-461
108900013,49,251,-202
108900014,1,43,-42
108900015,0,22,-22
108900016,0,212,-212
108900017,113,198,-85
108900018,52,703,-651
108900019,10,1575,-1565
108900020,16,411,-395
108900021,66,413,-347
108900022,15,6,9
108900023,4,35,-31
108900024,7,159,-152
108900025,21,124,-103
108900026,18,66,-48
108900027,1,178,-177
108900028,17,564,-547
108900029,16,303,-287
108900030,0,169,-169
108900031,16,778,-762
108900032,5,366,-361
108900033,0,84,-84
108900034,0,328,-328
108900035,159,2401,-2242
108900036,187,494,-307
108900037,14,586,-572
108900038,4,531,-527
108900039,1,738,-737
108900040,2,120,-118
108900041,6555,1440,5115
108900042,1,219,-218
108900043,14,515,-501
108900044,3,960,-957
108900045,20,819,-799
108900046,50,1365,-1315
108900047,2,95,-93
108900048,38,1158,-1120
108900049,6601,638,5963
108900050,1,350,-349
108900051,0,220,-220
108900052,3,356,-353
108900053,85,90,-5
108900054,50,293,-243
108900055,75,588,-513
108900056,0,212,-212
108900057,0,238,-238
108900058,3,639,-636
108900059,153,9,144
108900060,35,44,-9
108900061,31,20,11
108900062,6,440,-434
108900063,4,506,-502
108900064,34,78,-44
108900065,2,389,-387
108900066,101,98,3
108900067,13,314,-301
108900068,3,271,-268
108900069,21,189,-168
108900070,13,201,-188
108900071,17,44,-27
108900072,2816,178,2638
108900073,12,706,-694
108900074,21,642,-621
108900075,46,91,-45
108900076,102,71,31
108900077,122,757,-635
108900078,6,258,-252
108900079,848,289,559
108900080,4,258,-254
108900081,48,274,-226
108900082,18,121,-103
108900083,15,112,-97
108900084,382,118,264
108900085,2788,130,2658
108900086,24,375,-351
108900087,100,187,-87
108900088,346,223,123
108900089,8,54,-46
108900090,4,550,-546
108900091,158,137,21
108900092,144,205,-61
108900093,38,43,-5
108900094,108,37,71
108900095,63,896,-833
108900096,551,32,519
108900097,142,222,-80
108900098,3604,211,3393
108900099,218,390,-172
108900100,28,133,-105
108900101,115,35,80
108900102,198,312,-114
108900103,45,36,9
108900104,218,318,-100
108900105,2,283,-281
108900106,141,684,-543
108900108,113,24,89
108900109,120,36,84
108900110,21,561,-540
108900111,118,815,-697
108900112,50,8,42
108900113,19,6,13
108900114,18,11,7
108900115,55,39,16
108900116,24,7,17
108900117,31,16,15
108900118,133,4,129
108900119,34,19,15
108900120,99,112,-13
108900121,101,17,84
108900122,18,28,-10
108900123,41,20,21
108900124,166,53,113
108900125,83,0,83
108900126,32,5,27
108900127,47,11,36
108900128,23,8,15
108900129,248,59,189
108900130,49,0,49
108900131,108,1,107
108900132,101,27,74
108900133,96,29,67
108900134,77,217,-140
108900135,36,5,31
108900136,2,0,2
108900137,21,0,21
108900138,155,3,152
108900139,112,80,32
108900140,67,263,-196
108900141,63,17,46
108900142,26,2,24
108900143,4,0,4
108900144,12,0,12
108900145,31,2,29
108900146,17,0,17
108900147,49,0,49
108900148,37,16,21
108900149,313,457,-144
108900150,140,5,135
108900151,7,0,7
108900152,21,14,7
108900153,33,621,-588
108900154,1983,230,1753
108900155,111,126,-15
108900156,10,6,4
108900157,7,806,-799
108900158,63,30,33
108900159,3,441,-438
108900160,7,296,-289
108900161,4,496,-492
108900162,31,0,31
108900163,8,92,-84
108900164,21,130,-109
108900165,167,65,102
108900167,1753,1512,241
108900168,13285,1403,11882
108900169,10,125,-115
108900171,10198,1126,9072
108900172,83,12,71
108900173,180,312,-132
108900174,195,311,-116
108900176,83,1043,-960
108900177,10934,1678,9256
108900178,6381,925,5456
108900179,339,539,-200
108900180,38,97,-59
108900182,10,97,-87
108900183,195,229,-34
108900184,193,138,55
108900185,16,275,-259
108900186,50,311,-261
108900187,86,39,47
108900188,91,31,60
108900189,160,118,42
108900190,15,3491,-3476
108900191,101,7,94
108900192,48,333,-285
108900193,69,12,57
108900194,7,371,-364
108900195,39,447,-408
108900196,9,638,-629
108900198,1,627,-626
108900199,76,314,-238
108900200,164,315,-151
108900201,176,1191,-1015
108900203,123,18,105
108900204,102,2,100
108900205,123,5,118
108900206,87,15,72
108900207,63,24,39
108900208,15,390,-375
108900209,238,709,-471
108900210,207,207,0
108900211,130,176,-46
108900212,608,498,110
108900215,50,837,-787
108900216,271,86,185
108900217,19,0,19
108900218,30,2,28
108900219,16,3,13
108900220,24,2,22
108900221,34,57,-23
108900222,71,1,70
108900223,9,38,-29
108900224,26,72,-46
108900225,1,184,-183
108900226,78,3,75
108900227,37,55,-18
108900230,466,358,108
108900231,39,345,-306
108900232,2,516,-514
108900233,119,23,96
108900234,135,44,91
108900235,180,714,-534
108900236,41,456,-415
108900237,27,323,-296
108900240,30,100,-70
108900241,10,8,2
108900245,2,374,-372
108900249,37,13,24
108900250,67,108,-41
108900257,42,725,-683
108900258,10,296,-286
108900259,21,67,-46
108900260,4,106,-102
108900261,139,141,-2
108900262,319,103,216
108900263,32,398,-366
108900264,271,228,43
108900265,1721,179,1542
108900266,1227,149,1078
108900267,0,42,-42
108900268,9,1,8
108900269,16,4,12
108900270,22,2,20
108900271,12,3,9
108900272,68,1,67
108900273,889,312,577
108900274,10,41,-31
109000001,2452,791,1661
109000002,3667,1386,2281
109000003,1507,497,1010
109000004,457,3313,-2856
109000005,1167,692,475
109000006,530,2419,-1889
109000007,694,544,150
109000008,335,2285,-1950
109000009,2503,745,1758
109000010,1453,4287,-2834
109000011,1459,1214,245
109000012,1366,4658,-3292
109000013,2089,1443,646
109000014,1410,4385,-2975
109000015,2464,2951,-487
109000016,11546,4804,6742
109000017,1308,839,469
109000018,584,3699,-3115
109000019,1392,774,618
109000020,1121,2515,-1394
109000023,142,8,134
109000024,5,146,-141
109000025,307,239,68
109000026,611,278,333
109000027,64,188,-124
109000028,62,108,-46
109000029,159,73,86
109000030,71,567,-496
109000031,42,72,-30
109000032,40,474,-434
109000033,123,81,42
109000034,51,21,30
109000035,14,29,-15
109000036,114,376,-262
109000037,129,478,-349
109000038,670,359,311
109000039,459,280,179
109000040,6122,2495,3627
109000041,6576,892,5684
109000042,990,964,26
109000044,136,77,59
109000045,35,571,-536
109000046,102,62,40
109000047,51,507,-456
109000048,608,78,530
109000049,161,522,-361
109000050,271,142,129
109000051,253,325,-72
109000052,355,2213,-1858
109000053,92,114,-22
109000054,177,977,-800
109000055,120,203,-83
109000056,137,868,-731
109000057,164,239,-75
109000058,742,317,425
109000059,436,935,-499
109000060,392,127,265
109000061,1956,475,1481
109000062,143,218,-75
109000063,121,288,-167
109000064,84,174,-90
109000065,91,540,-449
109000066,132,154,-22
109000067,53,524,-471
109000068,143,1,142
109000069,389,11,378
109000070,7,853,-846
109000071,234,66,168
109000072,58,470,-412
109000073,33,51,-18
109000074,12,299,-287
109000075,73,495,-422
109000076,68,83,-15
109000077,343,288,55
109000078,26,107,-81
109000079,88,274,-186
109000080,65,143,-78
109000081,28,593,-565
109000082,178,309,-131
109000083,138,1116,-978
109000088,96,550,-454
109000089,91,27,64
109000090,291,597,-306
109000091,175,76,99
109000092,368,747,-379
109000093,144,46,98
109000094,105,2,103
109000095,60,969,-909
109000096,259,117,142
109000097,79,89,-10
109000098,31,43,-12
109000099,413,316,97
109000100,139,612,-473
109000101,549,815,-266
109000102,282,1136,-854
109000103,191,759,-568
109000104,697,566,131
109000105,323,1991,-1668
109000106,1098,479,619
109000107,337,2269,-1932
109000108,651,357,294
109000109,346,2289,-1943
109000110,946,342,604
109000111,948,2886,-1938
109000112,283,212,71
109000113,126,224,-98
109000114,89,520,-431
109000115,833,53,780
109000116,0,226,-226
109000117,44,88,-44
109000118,6,350,-344
109000119,307,330,-23
109000120,61,1536,-1475
109000121,130,72,58
109000122,43,1422,-1379
109000123,13,94,-81
109000124,247,377,-130
109000125,373,330,43
109000126,260,1409,-1149
109000127,333,181,152
109000128,272,3132,-2860
109000129,931,290,641
109000130,585,3380,-2795
109000131,386,165,221
109000132,580,2017,-1437
109000133,293,934,-641
109000134,412,1746,-1334
109000135,716,1262,-546
109000136,141,495,-354
109000137,113,297,-184
109000138,213,603,-390
109000139,169,365,-196
109000140,30,646,-616
109000141,188,552,-364
109000142,96,706,-610
109000143,70,38,32
109000145,62,69,-7
109000146,42,94,-52
109000148,5311,870,4441
109000149,23,15,8
109000150,52,154,-102
109000155,219,456,-237
109000156,842,1277,-435
109000158,58,238,-180
109000159,58,702,-644
109000160,305,361,-56
109000161,246,1740,-1494
109000162,993,1124,-131
109000163,440,1936,-1496
109000164,616,2782,-2166
109000165,680,841,-161
109000166,271,143,128
109000167,65,1134,-1069
109000170,15,86,-71
109000171,40,36,4
109000172,36,81,-45
109000173,14,54,-40
109000174,31,78,-47
109000175,27,203,-176
109000176,101,406,-305
109000177,17,188,-171
109000178,303,495,-192
109000179,9722,2213,7509
109000180,6526,3198,3328
109000181,7,46,-39
109000182,8,63,-55
109000183,18,58,-40
109000184,8,18,-10
109000185,16,100,-84
109000188,501,3298,-2797
109000189,1722,954,768
109000190,277,582,-305
109000191,313,950,-637
109000192,96,300,-204
109000193,71,548,-477
109000194,64,171,-107
109000195,62,641,-579
109000196,130,84,46
109000197,82,667,-585
109000198,95,59,36
109000199,84,586,-502
109000206,57,31,26
109000207,25,39,-14
109000208,93,41,52
109000209,120,65,55
109000210,156,530,-374
109000211,136,352,-216
109000214,219,789,-570
109000215,59,63,-4
109000216,79,95,-16
109000217,154,79,75
109000218,95,120,-25
109000221,168,1193,-1025
109000222,324,62,262
109000223,173,188,-15
109000224,31,406,-375
109000225,64,38,26
109000226,26,332,-306
109000227,517,1766,-1249
109000228,3,290,-287
109000231,5,632,-627
109000232,101,581,-480
109000236,127,894,-767
109000241,746,1872,-1126
109000242,627,1359,-732
109000293,6,26,-20
109000361,45,262,-217
109000364,252,768,-516
109000396,5,1111,-1106
109000397,134,6,128
109000399,127,625,-498
109000400,24,400,-376
109000403,33,172,-139
109000406,73,3,70
109000407,141,336,-195
109000408,3,685,-682
109000410,537,186,351
109000411,34,52,-18
109900001,49,3,46
109900002,211,14,197
109900003,35,0,35
109900004,449,306,143
109900005,11,2,9
109900006,147,253,-106
109900007,202,1053,-851
109900008,0,39,-39
109900009,59,1473,-1414
109900010,191,8,183
109900011,24,26,-2
109900012,167,139,28
109900013,169,77,92
109900014,46,33,13
109900015,240,43,197
109900016,80,49,31
109900017,22,49,-27
109900018,121,162,-41
109900019,51,104,-53
109900020,3,26,-23
109900021,2,5,-3
109900022,68,443,-375
109900023,5,0,5
109900024,5,0,5
109900025,2,107,-105
109900026,4,179,-175
109900027,12,10,2
109900028,3176,356,2820
109900029,14,719,-705
109900030,5,1,4
109900031,1,43,-42
109900032,10,352,-342
109900033,4,530,-526
109900034,2,0,2
109900035,8,17,-9
109900036,8,75,-67
109900037,14,564,-550
109900038,14,297,-283
109900039,3,0,3
109900040,22,899,-877
109900041,36,613,-577
109900042,21,606,-585
109900044,30,420,-390
109900045,31,23,8
109900046,32,53,-21
109900047,315,418,-103
109900048,1,80,-79
109900049,2,25,-23
109900050,0,326,-326
109900051,0,44,-44
109900052,22,283,-261
109900053,5,593,-588
109900054,277,87,190
109900055,26,319,-293
109900056,13,69,-56
109900057,10,289,-279
109900058,1,122,-121
109900059,195,56,139
109900060,145,174,-29
109900061,130,364,-234
109900062,1,298,-297
109900063,2,364,-362
109900064,93,200,-107
109900065,104,122,-18
109900066,200,1222,-1022
109900067,1,496,-495
109900068,14,0,14
109900069,1,49,-48
109900070,47,373,-326
109900071,3,32,-29
109900072,10,134,-124
109900073,64,1084,-1020
109900074,2,86,-84
109900075,6,15,-9
109900076,13,342,-329
109900077,15,59,-44
109900078,58,279,-221
109900080,116,422,-306
109900081,5,60,-55
109900082,16,643,-627
109900083,7,44,-37
109900084,14,155,-141
109900085,134,1396,-1262
109900086,58,157,-99
109900087,121,358,-237
109900089,180,68,112
109900090,352,1138,-786
109900091,83,51,32
109900092,442,16,426
109900093,252,80,172
109900094,15,74,-59
109900095,118,255,-137
109900096,6,2,4
109900097,19,0,19
109900098,131,14,117
109900099,29,0,29
109900100,12,0,12
109900101,112,2,110
109900102,203,20,183
109900103,2,37,-35
109900104,117,1368,-1251
109900105,232,10,222
109900106,143,68,75
109900107,213,91,122
109900108,65,1180,-1115
109900109,28,296,-268
109900110,36,632,-596
109900111,171,1390,-1219
109900112,340,1237,-897
109900113,229,207,22
109900114,796,164,632
109900115,56,68,-12
109900117,318,134,184
109900118,180,516,-336
109900119,478,305,173
109900120,23,3,20
109900121,248,78,170
109900122,163,3,160
109900123,3,200,-197
109900124,30,1000,-970
109900125,1,269,-268
109900126,44,202,-158
109900128,39,42,-3
109900130,14295,1047,13248
109900131,51,148,-97
109900132,24,213,-189
109900133,32,530,-498
109900134,52,26,26
109900135,383,54,329
109900136,29,137,-108
109900137,21,477,-456
109900140,101,440,-339
109900142,328,265,63
109900145,1,62,-61
109900146,252,20,232
109900148,19,59,-40
109900149,38,38,0
109900150,3,51,-48
109900151,3,52,-49
109900152,0,54,-54
109900153,0,31,-31
109900154,3,0,3
109900155,18,8,10
109900157,19,275,-256
109900158,47,100,-53
109900159,56,12,44
109900160,27,35,-8
109900161,95,42,53
109900162,70,63,7
109900163,913,312,601
109900164,27,214,-187
109900165,111,3,108
109900166,5,259,-254
109900167,54,789,-735
109900168,75,671,-596
109900169,62,128,-66
109900170,164,289,-125
109900171,32,48,-16
109900172,55,116,-61
109900173,5574,783,4791
109900174,28,178,-150
109900175,16,108,-92
109900176,56,306,-250
109900177,15,431,-416
109900178,2,118,-116
109900179,7,19,-12
109900180,2,4,-2
110000001,555,499,56
110000002,368,510,-142
110000003,896,621,275
110000004,470,515,-45
110000005,750,1205,-455
110000006,632,331,301
110000007,72,189,-117
110000008,8,65,-57
110000009,8,68,-60
110000010,11,102,-91
110000011,8,95,-87
110000012,699,431,268
110000013,26,391,-365
110000014,567,330,237
110000015,494,547,-53
110000016,363,891,-528
110000017,5109,276,4833
110000018,4171,568,3603
110000019,24,336,-312
110000020,531,254,277
110000021,569,484,85
110000022,837,179,658
110000023,7,263,-256
110000024,631,462,169
110000025,84,2,82
110000026,6,833,-827
110000027,461,326,135
110000028,648,921,-273
110000029,327,953,-626
110000030,141,398,-257
110000031,142,669,-527
110000032,443,545,-102
110000033,99,101,-2
110000034,185,1302,-1117
110000035,314,1311,-997
110000036,431,1256,-825
110000037,93,1108,-1015
110000038,196,1003,-807
110000039,464,1486,-1022
110000040,277,652,-375
110000041,112,502,-390
110000042,82,483,-401
110000043,399,115,284
110000044,95,106,-11
110000045,671,68,603
110000046,2,2,0
110000047,4,11,-7
110000048,3,10,-7
110000049,5,7,-2
110000050,3,14,-11
110000051,9,2,7
110000052,19,50,-31
110000053,27,6,21
110000054,158,274,-116
110000055,246,15,231
110000056,59,37,22
110000057,292,852,-560
110000058,470,755,-285
110000059,498,627,-129
110000060,428,981,-553
110000061,951,928,23
110000062,645,809,-164
110000063,25,96,-71
110000064,61,142,-81
110000065,41,164,-123
110000066,30,69,-39
110000067,60,397,-337
110000068,98,675,-577
110000069,81,162,-81
110000071,40,272,-232
110000073,0,39,-39
110000075,10,114,-104
110000076,270,211,59
110000077,449,593,-144
110000078,210,171,39
110000080,190,803,-613
110000081,7,268,-261
110000082,21,231,-210
110000083,179,761,-582
110000084,490,477,13
110000085,3784,1662,2122
110000086,1745,782,963
110000087,5,47,-42
110000088,40,258,-218
110000089,118,168,-50
110000090,21,354,-333
110000091,1999,320,1679
110000092,22,138,-116
110000093,42,9,33
110000094,408,282,126
110000095,96,393,-297
110000096,4492,2066,2426
110000097,841,720,121
110000098,1292,450,842
110000099,998,1717,-719
110000100,175,1185,-1010
110000101,24,866,-842
110000102,22,33,-11
110000104,86,56,30
110000105,56,333,-277
110000106,220,132,88
110000107,368,567,-199
110000108,136,27,109
110000109,306,325,-19
110000110,6595,2921,3674
110000111,11327,1721,9606
110000112,1526,369,1157
110000113,1198,736,462
110000114,72,315,-243
110000115,118,347,-229
110000116,24,47,-23
110000117,82,708,-626
110000118,197,305,-108
110000119,143,550,-407
110000120,187,203,-16
110000121,79,316,-237
110000122,251,647,-396
110000123,150,488,-338
110000124,5,1051,-1046
110000125,476,4,472
110000126,87,9,78
110000127,332,22,310
110000128,21,2288,-2267
110000129,8,679,-671
110000130,48,82,-34
110000131,69,430,-361
110000132,6,899,-893
110000133,46,296,-250
110000134,25,306,-281
110000135,194,50,144
110000136,26,357,-331
110000137,268,817,-549
110000138,369,1208,-839
110000139,597,1923,-1326
110000140,575,211,364
110000143,742,407,335
110000144,4421,931,3490
110000145,1296,764,532
110000146,2917,1141,1776
110000147,150,534,-384
110000148,253,488,-235
110000151,872,650,222
110000152,612,250,362
110000153,25,71,-46
110000154,57,21,36
110000155,2260,1741,519
110000156,791,1073,-282
110000157,1784,1326,458
110000160,306,563,-257
110000161,135,725,-590
110000166,158,126,32
110000167,561,493,68
110000168,524,207,317
110000169,190,311,-121
110000170,75,124,-49
110000171,396,298,98
110000172,101,1183,-1082
110000173,1201,1614,-413
110000174,77,1645,-1568
110000175,298,154,144
110000176,25,303,-278
110000177,126,796,-670
110000178,546,628,-82
110000179,1512,308,1204
110000180,54,419,-365
110000181,153,430,-277
110000182,299,318,-19
110000183,14728,4272,10456
110000184,763,1535,-772
110000185,1152,639,513
110000186,648,524,124
110000191,193,394,-201
110000192,186,4,182
110000193,195,2,193
110000194,11,1573,-1562
110000195,104,565,-461
110000196,110,621,-511
110000197,27,270,-243
110000198,34,99,-65
110000199,38,115,-77
110000200,1533,755,778
110000201,483,455,28
110000202,684,328,356
110000203,667,970,-303
110000204,2,338,-336
110000205,58,93,-35
110000206,609,1897,-1288
110000207,291,311,-20
110000208,126,115,11
110000209,102,893,-791
110000210,250,677,-427
110000211,528,711,-183
110000212,141,801,-660
110000213,28,64,-36
110000214,68,126,-58
110000215,46,827,-781
110000216,25,883,-858
110000217,110,214,-104
110000218,51,647,-596
110000219,95,67,28
110000220,21,582,-561
110000221,149,139,10
110000222,27,404,-377
110000223,5,69,-64
110000224,69,6,63
110000225,102,537,-435
110000226,90,33,57
110000227,464,371,93
110000228,212,204,8
110000229,1,293,-292
110000230,463,633,-170
110000231,133,213,-80
110000232,47,213,-166
110000233,54,275,-221
110000234,574,408,166
110000235,1085,935,150
110000236,190,1167,-977
110000237,1325,1107,218
110000238,612,1428,-816
110000239,758,1468,-710
110000240,0,103,-103
110000242,0,5,-5
110000243,52,230,-178
110000244,86,323,-237
110000245,32,444,-412
110000246,367,867,-500
110000247,3499,4355,-856
110000248,4362,1534,2828
110000249,86,0,86
110000250,11,248,-237
110000251,89,537,-448
110000252,180,366,-186
110000253,900,383,517
110000254,1196,1746,-550
110000255,367,1470,-1103
110000256,484,155,329
110000257,946,423,523
110000258,8,605,-597
110000259,37,30,7
110000260,13,635,-622
110000263,1117,100,1017
110000264,121,686,-565
110000265,882,1547,-665
110000266,2303,2492,-189
110000267,14,220,-206
110000268,308,659,-351
110000269,1,118,-117
110000270,21,1,20
110000271,2490,288,2202
110000272,527,919,-392
110000273,2980,1189,1791
110000274,205,1156,-951
110000275,3712,490,3222
110000276,96,306,-210
110000277,120,415,-295
110000278,238,988,-750
110000279,562,654,-92
110000280,135,435,-300
110000281,10,188,-178
110000282,163,47,116
110000283,16,93,-77
110000284,23,22,1
110000285,4,171,-167
110000286,12,0,12
110000287,29,0,29
110000288,2,96,-94
110000289,374,1059,-685
110000290,1538,720,818
110000291,7600,1455,6145
110000292,1239,5014,-3775
110000293,268,1185,-917
110000294,430,1040,-610
110000295,59,1106,-1047
110000296,141,429,-288
110000297,4142,319,3823
110000298,768,535,233
110000299,1334,23,1311
110000301,253,3,250
110000302,114,1495,-1381
110000303,186,3,183
110000304,86,324,-238
110000305,414,16,398
110000306,97,2859,-2762
110000307,483,5,478
110000308,224,23,201
110000309,11,1970,-1959
110000310,336,81,255
110000311,13,1196,-1183
110000312,668,37,631
110000313,5494,1771,3723
110000314,0,240,-240
110000315,2931,1410,1521
110000316,541,1056,-515
110000317,539,306,233
110000318,1,91,-90
110000319,6,39,-33
110000320,14,71,-57
110000321,7,65,-58
110000322,115,724,-609
110000323,235,390,-155
110000324,6091,1250,4841
110000325,2294,2639,-345
110000327,594,201,393
110000328,160,631,-471
110000333,585,657,-72
110000334,677,1514,-837
110000335,1304,781,523
110000336,375,1463,-1088
110000337,617,666,-49
110000338,97,285,-188
110000339,80,330,-250
110000340,21,208,-187
110000341,179,714,-535
110000342,465,4,461
110000343,0,15,-15
110000344,20,193,-173
110000345,45,102,-57
110000346,2497,1526,971
110000347,1119,914,205
110000348,6,24,-18
110000349,6,52,-46
110000350,48,3,45
110000351,415,992,-577
110000352,263,1681,-1418
110000353,3525,1121,2404
110000354,567,1966,-1399
110000355,38,105,-67
110000356,386,2,384
110000357,196,19,177
110000361,10,89,-79
110000362,46,244,-198
110000363,89,122,-33
110000364,40,404,-364
110000365,129,4,125
110000366,0,91,-91
110000367,187,259,-72
110000368,1,77,-76
110000369,15,2,13
110000373,3,381,-378
110000374,29,7,22
110000375,118,792,-674
110000376,23,165,-142
110000377,39,192,-153
110000378,23,342,-319
110000379,4315,914,3401
110000380,83,18,65
110000383,0,462,-462
110000384,1275,347,928
110000385,2,238,-236
110000387,25,9,16
110000388,20,309,-289
110000389,225,4,221
110000391,210,578,-368
110000396,24,174,-150
110000397,30,311,-281
110000398,7,45,-38
110000399,100,1,99
110000587,32,65,-33
110000589,117,289,-172
110000640,98,216,-118
110000652,8,117,-109
110000653,78,510,-432
110000654,0,15,-15
110000656,3,707,-704
110000674,1,5,-4
110000675,17,29,-12
110000676,5,42,-37
110000679,701,399,302
110000682,61,83,-22
110000683,418,726,-308
110000684,2,90,-88
110000685,11,8,3
110000686,1,22,-21
110000687,4,2,2
110000688,46,432,-386
110000689,17,150,-133
110000692,83,324,-241
110000693,117,331,-214
110000694,0,136,-136
110000695,156,976,-820
110000696,131,173,-42
110900001,58,9,49
110900002,49,243,-194
110900003,140,1420,-1280
110900004,131,459,-328
110900005,5482,1008,4474
110900006,14,6,8
110900007,32,7,25
110900008,2,37,-35
110900009,186,22,164
110900010,3,98,-95
110900011,5,94,-89
110900012,3,140,-137
110900013,495,182,313
110900014,70,9,61
110900015,965,175,790
110900016,4,200,-196
110900017,161,42,119
110900018,332,37,295
110900019,64,5,59
110900020,18,618,-600
110900021,40,904,-864
110900022,64,581,-517
110900023,59,492,-433
110900024,22,657,-635
110900025,3,46,-43
110900027,21,345,-324
110900028,17,222,-205
110900029,45,587,-542
110900030,21,432,-411
110900031,2,213,-211
110900032,0,155,-155
110900033,24,378,-354
110900035,43,462,-419
110900036,41,26,15
110900037,16,28,-12
110900038,1522,187,1335
110900039,13,267,-254
110900040,120,25,95
110900041,7,243,-236
110900042,21,39,-18
110900043,3,232,-229
110900044,200,12,188
110900045,33,904,-871
110900046,142,426,-284
110900047,925,76,849
110900049,64,34,30
110900050,5,2,3
110900051,41,188,-147
110900052,2,274,-272
110900053,32,85,-53
110900054,27,441,-414
110900055,10,1,9
110900056,94,106,-12
110900057,5,348,-343
110900058,74,367,-293
110900059,520,1153,-633
110900060,254,82,172
110900061,37,43,-6
110900062,25,500,-475
110900063,10,90,-80
110900064,5,0,5
110900065,520,90,430
110900066,1,60,-59
110900067,739,408,331
110900068,181,256,-75
110900069,0,29,-29
110900070,39,29,10
110900071,291,287,4
110900073,0,22,-22
110900074,175,53,122
110900075,117,78,39
110900077,182,445,-263
110900078,11,189,-178
110900079,1949,400,1549
110900080,21,44,-23
110900081,2,183,-181
110900082,26,246,-220
110900083,71,56,15
110900084,13,288,-275
110900085,32,359,-327
110900086,51,96,-45
110900087,76,93,-17
110900088,7,0,7
110900090,24,15,9
110900091,1,89,-88
110900093,255,83,172
110900095,26,61,-35
110900097,4,44,-40
110900098,9,109,-100
110900099,54,662,-608
110900100,0,29,-29
110900102,11,12,-1
110900105,692,367,325
110900108,0,117,-117
110900111,280,63,217
110900112,225,0,225
110900113,668,13,655
110900115,3,92,-89
110900116,232,3116,-2884
110900118,139,884,-745
110900119,7874,280,7594
110900120,3,214,-211
110900121,73,2,71
110900122,155,156,-1
110900125,114,213,-99
110900127,399,570,-171
110900128,111,145,-34
110900129,287,197,90
110900130,1193,230,963
110900131,53,54,-1
110900132,168,30,138
110900133,40,454,-414
110900135,94,658,-564
110900136,112,7,105
110900137,375,2,373
110900138,396,438,-42
110900139,3,24,-21
110900140,33,6,27
110900141,2,39,-37
110900142,31,237,-206
110900143,77,55,22
110900144,3,779,-776
110900145,56,16,40
110900146,518,33,485
110900147,196,219,-23
110900148,0,347,-347
110900149,2,74,-72
110900150,19,23,-4
110900151,3,78,-75
110900152,5,434,-429
110900153,44,29,15
111000001,204,378,-174
111000002,441,747,-306
111000003,325,315,10
111000004,390,1198,-808
111000005,580,506,74
111000006,749,1311,-562
111000007,4044,1206,2838
111000008,4035,3946,89
111000009,254,844,-590
111000010,340,248,92
111000011,392,894,-502
111000012,659,280,379
111000013,271,1329,-1058
111000014,979,580,399
111000017,168,399,-231
111000018,128,351,-223
111000020,3070,2143,927
111000021,55,152,-97
111000023,61,161,-100
111000025,8276,1842,6434
111000029,64,120,-56
111000030,48,77,-29
111000031,2332,628,1704
111000032,428,270,158
111000033,187,124,63
111000034,294,174,120
111000037,3317,1310,2007
111000038,3034,2866,168
111000039,1450,2426,-976
111000040,1361,2531,-1170
111000041,1633,1618,15
111000042,7776,3229,4547
111000043,1654,1217,437
111000044,779,398,381
111000045,1058,1347,-289
111000046,808,1048,-240
111000047,1129,1631,-502
111000049,248,649,-401
111000050,1826,1979,-153
111000051,292,1299,-1007
111000052,531,1412,-881
111000053,385,1156,-771
111000054,220,1044,-824
111000055,1110,2349,-1239
111000056,83,851,-768
111000057,51,1205,-1154
111000058,62,127,-65
111000059,193,220,-27
111000060,1657,505,1152
111000061,245,329,-84
111000062,399,243,156
111000063,1572,732,840
111000064,252,550,-298
111000065,517,699,-182
111000066,158,242,-84
111000067,294,718,-424
111000068,179,616,-437
111000069,1581,2132,-551
111000070,2938,1420,1518
111000071,198,976,-778
111000072,326,188,138
111000073,81,316,-235
111000074,1173,996,177
111000075,392,736,-344
111000076,209,900,-691
111000077,788,1123,-335
111000078,1576,1198,378
111000079,1276,801,475
111000080,279,831,-552
111000081,2443,3630,-1187
111000082,425,802,-377
111000084,548,565,-17
111000085,740,1918,-1178
111000086,3617,1480,2137
111000087,772,974,-202
111000088,7401,1713,5688
111000089,363,949,-586
111000090,1153,1458,-305
111000091,431,930,-499
111000092,615,1412,-797
111000093,467,727,-260
111000094,1518,800,718
111000095,747,1504,-757
111000096,3467,4899,-1432
111000097,7586,1224,6362
111000098,278,1740,-1462
111000099,199,3022,-2823
111000100,190,2956,-2766
111000101,386,1108,-722
111000102,60,1093,-1033
111000104,176,213,-37
111000107,43,949,-906
111000109,148,219,-71
111000110,403,450,-47
111000111,612,418,194
111000112,685,236,449
111000113,445,339,106
111000114,1079,844,235
111000115,9531,750,8781
111000116,782,744,38
111000117,626,896,-270
111000118,1621,1123,498
111000119,681,2002,-1321
111000120,249,602,-353
111000121,188,508,-320
111000122,333,1206,-873
111000123,570,4052,-3482
111000124,354,4696,-4342
111000125,132,2589,-2457
111000126,56,1280,-1224
111000127,371,143,228
111000128,468,236,232
111000129,975,293,682
111000130,626,678,-52
111000131,576,557,19
111000132,483,349,134
111000133,84,201,-117
111000134,67,207,-140
111000135,44,127,-83
111000136,128,307,-179
111000138,1,11,-10
111000140,0,6,-6
111000141,55,242,-187
111000142,11,131,-120
111000143,3,90,-87
111000144,0,116,-116
111000145,18,1,17
111000146,13,0,13
111000147,48,2,46
111000148,137,157,-20
111000149,0,32,-32
111000150,4,8,-4
111000151,0,22,-22
111000153,459,434,25
111000154,683,213,470
111000155,64,187,-123
111000156,352,197,155
111000157,98,324,-226
111000158,668,425,243
111000159,2848,593,2255
111000160,140,529,-389
111000161,10,258,-248
111000162,2,178,-176
111000163,219,785,-566
111000164,871,2205,-1334
111000165,1468,458,1010
111000166,1191,298,893
111000167,160,543,-383
111000168,194,446,-252
111000169,207,452,-245
111000170,456,335,121
111000171,365,1015,-650
111000172,72,686,-614
111000173,140,1558,-1418
111000174,74,802,-728
111000175,15,282,-267
111000176,103,229,-126
111000177,70,324,-254
111000178,493,522,-29
111000179,40,216,-176
111000180,109,299,-190
111000181,319,318,1
111000182,110,182,-72
111000183,165,217,-52
111000184,221,242,-21
111000185,272,617,-345
111000186,169,350,-181
111000187,42,312,-270
111000188,89,500,-411
111000189,1864,627,1237
111000190,172,720,-548
111000191,97,637,-540
111000192,162,754,-592
111000193,479,498,-19
111000194,22,542,-520
111000195,83,622,-539
111000196,13,467,-454
111000197,134,243,-109
111000198,144,133,11
111000199,46,192,-146
111000200,108,358,-250
111000201,203,225,-22
111000202,63,205,-142
111000203,143,174,-31
111000204,203,279,-76
111000213,70,442,-372
111000214,1059,1770,-711
111000215,677,1422,-745
111000217,610,1100,-490
111000218,743,862,-119
111000219,310,194,116
111000220,3591,769,2822
111000221,594,259,335
111000224,55,290,-235
111000225,148,171,-23
111000226,138,2,136
111000227,52,11,41
111000228,21,158,-137
111000229,29,281,-252
111000230,166,667,-501
111000231,254,1751,-1497
111000232,149,1057,-908
111000233,216,925,-709
111000234,26,182,-156
111000239,195,232,-37
111000240,11,41,-30
111000241,31,592,-561
111000242,22,42,-20
111000243,48,1205,-1157
111000244,115,114,1
111000245,237,674,-437
111000246,121,786,-665
111000247,69,1467,-1398
111000248,157,393,-236
111000249,356,1154,-798
111000250,26,184,-158
111000251,9,159,-150
111000253,0,0,0
111000255,0,0,0
111000257,0,0,0
111000260,44,1571,-1527
111000261,375,86,289
111000271,29,395,-366
111000273,7296,1526,5770
111000274,1052,2040,-988
111000275,65,84,-19
111000276,291,3197,-2906
111000277,136,729,-593
111000278,441,283,158
111000291,267,2168,-1901
111000298,263,271,-8
111000299,393,54,339
111000300,73,698,-625
111000302,150,74,76
111000303,73,316,-243
111000312,29,62,-33
111000315,10,269,-259
111000320,289,734,-445
111000321,221,41,180
111000322,88,698,-610
111000323,52,20,32
111000324,237,321,-84
111000325,10,68,-58
111000326,63,428,-365
111000327,322,613,-291
111000328,163,456,-293
111000329,0,17,-17
111000330,14,19,-5
111000331,0,7,-7
111000332,280,1164,-884
111000334,395,2102,-1707
111000335,207,101,106
111000337,232,442,-210
111000338,6,173,-167
111000339,99,1005,-906
111000340,68,1267,-1199
111000341,364,135,229
111000342,29,239,-210
111000344,463,752,-289
111000345,35,30,5
111000346,8,85,-77
111000347,30,1,29
111000350,124,190,-66
111000351,50,249,-199
111000352,121,103,18
111000353,74,257,-183
111000354,242,155,87
111000355,146,801,-655
111000358,74,2266,-2192
111000360,73,1374,-1301
111000361,50,566,-516
111000546,144,908,-764
111000547,134,871,-737
111000548,34,179,-145
111000549,129,499,-370
111000550,78,219,-141
111000551,689,121,568
111000552,204,52,152
111000907,96,20,76
111000908,8,0,8
111000916,388,245,143
111000917,25,365,-340
111000918,117,1440,-1323
111000920,141,4,137
111000921,3,511,-508
111000922,113,406,-293
111000924,15,1453,-1438
111000925,1026,1322,-296
111000926,791,3147,-2356
111000927,2993,2855,138
111000928,7415,4198,3217
111000929,575,832,-257
111000930,596,2684,-2088
111000931,1109,1397,-288
111000932,3479,2491,988
111000933,2539,1467,1072
111000934,2466,2954,-488
111000935,611,1042,-431
111000936,580,2478,-1898
111000937,521,956,-435
111000938,1604,2890,-1286
111000939,179,26,153
111000940,162,330,-168
111000941,100,828,-728
111000943,101,259,-158
111000944,72,594,-522
111000945,11,2948,-2937
111001109,173,108,65
111001110,104,779,-675
111001111,11,1,10
111001112,38,1,37
111001113,37,74,-37
111001114,756,71,685
111001115,95,406,-311
111001116,6335,987,5348
111001117,680,498,182
111001120,89,426,-337
111001121,110,456,-346
111001122,165,956,-791
111001123,76,144,-68
111001124,41,536,-495
111001125,1,20,-19
111900001,13,248,-235
111900002,2,935,-933
111900003,6,676,-670
111900004,11,247,-236
111900006,11,12,-1
111900007,22,9,13
111900008,17,2,15
111900009,22,121,-99
111900010,136,631,-495
111900012,84,127,-43
111900013,6,72,-66
111900014,9952,1268,8684
111900015,0,72,-72
111900016,1,220,-219
111900017,0,201,-201
111900018,30,3,27
111900019,12,68,-56
111900020,3,38,-35
111900021,13,74,-61
111900022,9,62,-53
111900023,132,58,74
111900024,1,96,-95
111900025,0,42,-42
111900026,6,103,-97
111900027,8,186,-178
111900028,7,552,-545
111900029,2,74,-72
111900030,64,495,-431
111900031,9,129,-120
111900032,1,532,-531
111900033,6,103,-97
111900034,111,796,-685
111900035,7,330,-323
111900036,4,517,-513
111900038,253,718,-465
111900039,58,452,-394
111900040,9,1015,-1006
111900042,35,81,-46
111900043,3,636,-633
111900044,145,273,-128
111900046,49,325,-276
111900048,36,1068,-1032
111900049,29,484,-455
111900050,38,15,23
111900051,1,269,-268
111900052,395,885,-490
111900053,1566,201,1365
111900054,29,2,27
111900055,17,951,-934
111900056,151,65,86
111900057,21,54,-33
111900058,104,1065,-961
111900059,2586,184,2402
111900060,139,1,138
111900061,13,402,-389
111900062,5,15,-10
111900063,76,225,-149
111900064,101,371,-270
111900065,12,12,0
111900066,22,74,-52
111900067,1,359,-358
111900068,29,15,14
111900069,40,12,28
111900070,50,125,-75
111900071,1,348,-347
111900072,7,7,0
111900073,184,34,150
111900074,5,260,-255
111900075,19,6,13
111900076,23,20,3
111900077,3,1,2
111900078,64,5,59
111900079,8,4,4
111900080,197,53,144
111900082,32,5,27
111900083,21,3,18
111900084,12,4,8
111900085,21,15,6
111900086,30,1,29
111900087,12,0,12
111900088,111,2,109
111900089,12,7,5
111900090,55,19,36
111900091,28,1,27
111900092,13,0,13
111900093,85,3,82
111900094,13,0,13
111900095,77,7,70
111900096,14,0,14
111900097,13,0,13
111900098,59,0,59
111900099,5,0,5
111900100,29,0,29
111900101,41,7,34
111900102,164,1048,-884
111900103,65,21,44
111900104,76,70,6
111900105,124,114,10
111900106,2226,50,2176
111900110,4328,166,4162
111900111,36,265,-229
111900112,913,736,177
111900113,310,100,210
111900118,55,13,42
111900119,120,41,79
111900122,45,5,40
111900123,3,21,-18
111900124,21,134,-113
111900125,120,1,119
111900126,56,1,55
111900127,3,727,-724
111900128,1,728,-727
111900129,59,6,53
111900130,78,10,68
111900131,91,0,91
111900132,30,1747,-1717
111900133,5,279,-274
111900134,24,403,-379
111900135,3,6,-3
111900136,34,50,-16
111900137,45,50,-5
111900138,12,83,-71
111900139,23,217,-194
111900140,16,7,9
111900141,14,16,-2
111900142,58,7,51
111900143,26,520,-494
111900144,1,141,-140
111900145,3,887,-884
111900146,2,482,-480
111900147,176,630,-454
111900148,32,1188,-1156
111900149,18,615,-597
111900150,11,299,-288
111900151,1,40,-39
111900152,106,32,74
111900153,1753,136,1617
111900154,5,97,-92
111900155,45,17,28
111900156,11,34,-23
111900157,25,6,19
111900158,84,14,70
111900159,77,19,58
111900160,59,3,56
111900161,27,2,25
111900162,99,99,0
111900163,31,217,-186
111900164,31,15,16
111901113,89,176,-87
111901114,42,544,-502
111901115,23,0,23
111901116,13,1,12
111901117,2,8,-6
111901118,109,48,61
111901119,1921,110,1811
111901121,127,427,-300
111901122,7,684,-677
111901123,49,539,-490
111901124,47,4,43
111901125,102,161,-59
111901127,1215,191,1024
111901128,22,142,-120
111901129,2,166,-164
111901130,12,330,-318
111901131,1,276,-275
111901132,39,3,36
111901133,20,5,15
111901134,9,2,7
111901135,4,4,0
111901136,7,5,2
111901137,0,12,-12
111901138,28,35,-7
111901139,25,51,-26
111901140,9,200,-191
111901141,5,355,-350
111901142,5,171,-166
111901143,0,81,-81
111901144,30,12,18
111901145,137,160,-23
111901146,209,4,205
112000001,1113,704,409
112000002,684,2895,-2211
112000003,435,710,-275
112000004,529,2144,-1615
112000005,1229,1339,-110
112000006,1344,2391,-1047
112000007,1192,1106,86
112000008,1702,2624,-922
112000009,4141,4332,-191
112000010,1755,2142,-387
112000011,2106,2902,-796
112000012,8080,1495,6585
112000013,9220,3830,5390
112000014,3067,464,2603
112000015,3875,2487,1388
112000016,4188,1090,3098
112000017,2016,1219,797
112000024,1926,656,1270
112000026,5604,6511,-907
112000027,585,318,267
112000028,1805,2074,-269
112000029,212,508,-296
112000030,286,183,103
112000031,1920,2010,-90
112000032,915,70,845
112000033,2803,647,2156
112000034,443,41,402
112000035,109,309,-200
112000036,826,657,169
112000037,953,1429,-476
112000038,1115,1016,99
112000039,17,133,-116
112000040,159,474,-315
112000041,403,652,-249
112000042,881,347,534
112000050,399,1452,-1053
112000051,509,662,-153
112000054,1634,2785,-1151
112000057,755,339,416
112000058,387,587,-200
112000059,1147,493,654
112000061,8447,1586,6861
112000062,3747,463,3284
112000063,2498,663,1835
112000064,6423,7167,-744
112000065,3156,3586,-430
112000066,2735,835,1900
112000067,589,800,-211
112000068,1358,919,439
112000069,669,3287,-2618
112000070,1248,417,831
112000071,712,4262,-3550
112000072,672,961,-289
112000073,949,2205,-1256
112000074,514,737,-223
112000075,690,864,-174
112000076,3280,3164,116
112000077,256,902,-646
112000078,1012,926,86
112000079,1397,1790,-393
112000080,401,1216,-815
112000081,904,2084,-1180
112000082,868,636,232
112000083,407,2134,-1727
112000084,708,635,73
112000085,688,1528,-840
112000086,1002,1705,-703
112000087,111,656,-545
112000088,187,902,-715
112000089,252,431,-179
112000090,231,560,-329
112000091,557,1473,-916
112000092,834,760,74
112000093,1232,1447,-215
112000094,254,785,-531
112000095,373,938,-565
112000096,204,741,-537
112000097,343,484,-141
112000098,635,2112,-1477
112000099,442,516,-74
112000100,727,934,-207
112000101,249,1248,-999
112000102,394,472,-78
112000103,142,1871,-1729
112000105,312,2578,-2266
112000106,455,393,62
112000107,1,160,-159
112000108,118,2066,-1948
112000109,25,38,-13
112000110,825,331,494
112000111,1713,6345,-4632
112000112,4275,471,3804
112000113,1011,2879,-1868
112000114,2175,812,1363
112000115,129,706,-577
112000116,361,1190,-829
112000117,396,669,-273
112000118,584,1164,-580
112000119,378,1200,-822
112000120,49,487,-438
112000121,44,931,-887
112000122,107,180,-73
112000123,246,140,106
112000124,80,61,19
112000125,57,120,-63
112000126,70,945,-875
112000127,3430,980,2450
112000128,1605,494,1111
112000129,38,120,-82
112000130,34,49,-15
112000131,16,402,-386
112000132,46,365,-319
112000133,143,271,-128
112000134,362,464,-102
112000135,739,583,156
112000136,945,1512,-567
112000137,1252,1314,-62
112000138,1980,1634,346
112000139,590,181,409
112000140,884,1387,-503
112000141,300,177,123
112000142,107,1341,-1234
112000143,437,232,205
112000144,187,2386,-2199
112000145,1177,805,372
112000146,569,2890,-2321
112000147,1078,1468,-390
112000148,1262,2512,-1250
112000149,107,824,-717
112000150,85,864,-779
112000151,197,786,-589
112000152,158,374,-216
112000153,175,359,-184
112000154,63,149,-86
112000155,88,61,27
112000157,471,406,65
112000158,93,926,-833
112000159,163,417,-254
112000167,97,14,83
112000169,256,304,-48
112000173,317,326,-9
112000175,154,412,-258
112000176,6773,1685,5088
112000177,167,77,90
112000178,62,726,-664
112000179,75,210,-135
112000180,187,307,-120
112000181,835,2123,-1288
112000182,333,2642,-2309
112000183,37,43,-6
112000184,149,687,-538
112000185,161,673,-512
112000187,1886,2264,-378
112000195,67,18,49
112000196,151,2,149
112000197,126,119,7
112000198,48,561,-513
112000199,857,1314,-457
112000202,99,3,96
112000216,41,122,-81
112000230,25,12,13
112000231,5,588,-583
112000256,27,107,-80
112000313,179,289,-110
112000314,7,11,-4
112000337,185,665,-480
112000352,201,150,51
112000392,2356,1027,1329
112000398,624,682,-58
112000399,1618,1137,481
112000400,1934,5268,-3334
112000401,2762,3716,-954
112000402,1050,1520,-470
112000403,1637,1416,221
112000404,199,428,-229
112000405,1176,2201,-1025
112000406,3492,3823,-331
112000407,2682,5024,-2342
112000408,9071,8222,849
112000409,1377,5884,-4507
112000410,132,94,38
112000411,5965,640,5325
112000412,915,238,677
112000413,11902,1543,10359
112000414,37,156,-119
112000415,91,49,42
112000416,981,1109,-128
112000417,135,56,79
112000421,29,176,-147
112000422,195,645,-450
112000424,2598,1188,1410
112000425,283,1365,-1082
112000426,95,265,-170
112000427,0,14,-14
112000428,45,568,-523
112000429,1706,3419,-1713
112000430,1476,3504,-2028
112000431,19,65,-46
112000432,435,2851,-2416
112000433,1115,662,453
112000437,30,375,-345
112900001,26,3,23
112900002,80,1563,-1483
112900003,12,260,-248
112900004,11,366,-355
112900005,64,338,-274
112900006,6,573,-567
112900007,7,193,-186
112900008,0,5,-5
112900009,296,69,227
112900010,45,975,-930
112900011,378,298,80
112900012,1,50,-49
112900013,0,152,-152
112900014,0,400,-400
112900015,296,1258,-962
112900016,0,203,-203
112900017,12,181,-169
112900018,2,497,-495
112900019,74,170,-96
112900020,563,2020,-1457
112900021,2,358,-356
112900022,6,69,-63
112900023,1,419,-418
112900024,10,226,-216
112900025,71,189,-118
112900026,3,401,-398
112900027,9,1614,-1605
112900028,12,121,-109
112900029,5,773,-768
112900030,338,175,163
112900031,2,696,-694
112900032,57,299,-242
112900034,2,98,-96
112900035,3,674,-671
112900036,19,159,-140
112900037,119,58,61
112900038,114,157,-43
112900039,15,424,-409
112900040,2,397,-395
112900041,1662,651,1011
112900042,23,482,-459
112900043,8,34,-26
112900044,507,411,96
112900045,608,317,291
112900046,242,65,177
112900047,15,12,3
112900049,28,83,-55
112900050,64,824,-760
112900051,294,1106,-812
112900052,10,1435,-1425
112900053,314,115,199
112900054,273,30,243
112900055,150,5,145
112900056,143,88,55
112900057,4,1005,-1001
112900058,211,79,132
112900059,63,176,-113
112900060,0,310,-310
112900061,20,181,-161
112900062,39,201,-162
112900063,44,2,42
112900064,141,116,25
112900065,11,1,10
112900066,115,31,84
112900067,782,152,630
112900068,17,6,11
112900069,3663,372,3291
112900071,12,1,11
112900072,239,427,-188
112900073,239,23,216
112900074,24,47,-23
112900075,2880,300,2580
112900076,55,2,53
112900078,68,170,-102
112900079,94,4,90
112900080,8,0,8
112900081,30,52,-22
112900082,123,7,116
112900083,13,27,-14
112900084,97,29,68
112900086,15,0,15
112900087,172,48,124
112900088,7,0,7
112900089,323,7,316
112900090,9,6,3
112900091,49,0,49
112900092,108,46,62
112900093,601,5,596
112900095,4,1,3
112900096,169,39,130
112900097,15,500,-485
112900098,49,0,49
112900099,185,15,170
112900100,16,0,16
112900101,59,2,57
112900102,74,3,71
112900103,72,0,72
112900104,27,2,25
112900105,2,0,2
112900106,220,66,154
112900107,1,0,1
112900108,0,0,0
112900109,31,0,31
112900110,185,4,181
112900111,199,10,189
112900112,59,0,59
112900113,0,19,-19
112900114,15,32,-17
112900115,246,3,243
112900116,29,27,2
112900117,102,98,4
112900118,8,86,-78
112900119,20,1,19
112900120,664,151,513
112900121,223,156,67
112900122,17,206,-189
112900123,168,3,165
112900124,3,200,-197
112900125,109,283,-174
112900126,104,276,-172
112900127,94,29,65
112900128,534,795,-261
112900129,5,1332,-1327
112900130,97,25,72
112900131,52,200,-148
112900132,57,510,-453
112900133,20,1656,-1636
112900134,2,326,-324
112900135,46,14,32
112900137,0,1130,-1130
112900138,2,673,-671
112900139,175,1214,-1039
112900141,229,25,204
112900142,58,22,36
112900143,20,715,-695
112900144,0,421,-421
112900145,22,586,-564
112900146,8,1908,-1900
112900147,12,3038,-3026
112900148,9,1,8
112900149,165,694,-529
112900151,43,27,16
112900152,6888,1212,5676
112900153,1225,623,602
112900154,0,97,-97
112900155,23,0,23
112900156,66,2488,-2422
112900157,39,207,-168
112900158,7,24,-17
112900159,138,34,104
112900160,17,284,-267
112900161,34,18,16
112900162,23,9,14
112900163,83,16,67
112900164,15,87,-72
112900165,139,44,95
112900166,2,20,-18
112900167,32,35,-3
112900168,0,1,-1
112900169,2,3,-1
112900170,31,96,-65
112900172,83,1,82
112900173,274,130,144
112900174,106,11,95
112900175,130,47,83
112900176,19,6,13
112900177,97,10,87
112900178,347,751,-404
112900179,38,720,-682
112900180,782,3851,-3069
112900181,187,3,184
112900182,10,1990,-1980
112900183,81,163,-82
112900184,374,274,100
112900185,261,396,-135
112900186,2099,523,1576
112900187,35,158,-123
112900188,826,268,558
112900189,5,35,-30
112900190,0,76,-76
112900192,278,131,147
112900193,741,202,539
112900194,11,126,-115
112900195,256,20,236
112900196,169,651,-482
112900197,109,592,-483
112900199,197,666,-469
112900200,168,316,-148
112900201,37,78,-41
112900202,72,1287,-1215
112900203,31,345,-314
112900204,641,286,355
112900205,0,9,-9
112900206,1,33,-32
112900207,1,0,1
112900208,61,37,24
112900209,257,473,-216
112900210,0,19,-19
112900211,37,95,-58
112900212,1,70,-69
112900213,2,9,-7
112900214,10,2,8
112900215,5,259,-254
112900216,37,47,-10
112900217,1,96,-95
112900218,2,6,-4
112900219,5,0,5
112900220,0,0,0
112900221,10,129,-119
112900222,0,16,-16
112900223,289,3,286
112900224,75,1073,-998
112900225,124,754,-630
112900226,353,183,170
112900227,104,1855,-1751
112900228,22,34,-12
112900229,31,81,-50
112900230,10907,2568,8339
112900232,114,121,-7
112900233,19,216,-197
112900234,1,199,-198
112900235,36,12,24
112900236,35,15,20
112900237,31,477,-446
112900238,1,41,-40
112900239,603,228,375
113000001,4984,4897,87
113000002,3820,3731,89
113000003,2073,1808,265
113000004,2220,2212,8
113000005,1202,1104,98
113000006,845,1498,-653
113000007,1087,1425,-338
113000008,1062,2112,-1050
113000009,523,1024,-501
113000010,578,2018,-1440
113000011,651,2345,-1694
113000012,816,642,174
113000013,1041,426,615
113000014,2044,1524,520
113000015,691,265,426
113000016,293,313,-20
113000017,57,283,-226
113000018,110,35,75
113000019,40,228,-188
113000020,50,29,21
113000021,416,576,-160
113000022,322,1449,-1127
113000025,19,318,-299
113000026,106,395,-289
113000027,595,323,272
113000028,1092,401,691
113000029,976,505,471
113000030,644,746,-102
113000031,443,228,215
113000032,243,185,58
113000033,422,324,98
113000034,576,338,238
113000035,23,38,-15
113000036,28,63,-35
113000037,49,43,6
113000038,14,53,-39
113000039,116,563,-447
113000040,49,106,-57
113000042,892,844,48
113000051,559,1557,-998
113000052,2716,1274,1442
113000053,249,894,-645
113000054,165,818,-653
113000055,564,1159,-595
113000056,472,2006,-1534
113000058,732,1130,-398
113000059,1362,1020,342
113000060,67,659,-592
113000061,1164,1260,-96
113000062,1402,133,1269
113000063,56,283,-227
113000064,20,526,-506
113000065,158,1603,-1445
113000066,317,89,228
113000067,980,1144,-164
113000068,401,2750,-2349
113000069,325,1925,-1600
113000070,678,727,-49
113000071,223,1069,-846
113000072,246,502,-256
113000073,555,1754,-1199
113000074,960,253,707
113000075,2027,369,1658
113000076,1462,1686,-224
113000077,2068,477,1591
113000078,1378,1528,-150
113000079,1278,673,605
113000080,1260,649,611
113000081,1161,1002,159
113000082,1540,874,666
113000083,620,871,-251
113000084,1690,1087,603
113000085,933,590,343
113000086,953,1099,-146
113000087,1161,974,187
113000088,2292,1291,1001
113000089,762,1668,-906
113000090,338,296,42
113000091,1012,272,740
113000094,539,159,380
113000095,230,1413,-1183
113000096,188,1067,-879
113000097,485,288,197
113000098,69,24,45
113000099,1038,199,839
113000100,149,567,-418
113000101,412,657,-245
113000102,486,164,322
113000103,2281,763,1518
113000104,242,2053,-1811
113000105,311,441,-130
113000106,312,721,-409
113000107,421,729,-308
113000108,748,1893,-1145
113000109,376,2646,-2270
113000110,1556,412,1144
113000111,95,476,-381
113000112,415,392,23
113000113,2842,272,2570
113000114,529,918,-389
113000116,839,244,595
113000117,782,231,551
113000118,137,415,-278
113000119,115,509,-394
113000120,31,233,-202
113000121,746,1104,-358
113000124,123,196,-73
113000125,18,429,-411
113000127,4478,709,3769
113000128,526,533,-7
113000129,759,1039,-280
113000133,5524,850,4674
113000134,9,450,-441
113000135,3043,2122,921
113000137,3285,1476,1809
113000139,638,166,472
113000140,285,304,-19
113000141,653,108,545
113000142,1003,927,76
113000143,457,158,299
113000144,389,677,-288
113000145,55,174,-119
113000146,100,76,24
113000147,108,175,-67
113000148,66,206,-140
113000149,134,146,-12
113000150,496,400,96
113000151,201,58,143
113000152,31,181,-150
113000153,2395,557,1838
113000154,671,850,-179
113000155,231,274,-43
113000156,158,515,-357
113000157,337,963,-626
113000158,410,205,205
113000159,661,468,193
113000160,540,1502,-962
113000161,183,996,-813
113000162,431,383,48
113000163,64,39,25
113000164,19,114,-95
113000166,54,70,-16
113000167,25,224,-199
113000168,47,300,-253
113000169,103,39,64
113000170,66,65,1
113000171,51,118,-67
113000172,135,49,86
113000173,19,11,8
113000174,93,680,-587
113000175,261,106,155
113000176,253,85,168
113000177,92,501,-409
113000178,140,497,-357
113000179,131,86,45
113000180,471,1537,-1066
113000181,519,1189,-670
113000182,237,218,19
113000183,150,523,-373
113000184,16,95,-79
113000189,1163,609,554
113000190,2340,404,1936
113000192,2452,1180,1272
113000193,4422,675,3747
113000194,1580,1168,412
113000195,1937,418,1519
113000196,74,86,-12
113000197,1154,837,317
113000198,22,351,-329
113000199,1144,505,639
113000201,191,169,22
113000202,3941,1288,2653
113000203,378,122,256
113000204,1379,1306,73
113000205,10,31,-21
113000206,8,47,-39
113000207,55,28,27
113000208,37,53,-16
113000209,19,26,-7
113000210,5,20,-15
113000211,274,129,145
113000212,384,19,365
113000213,14,73,-59
113000214,60,178,-118
113000234,131,1861,-1730
113000410,40,85,-45
113000411,2895,4452,-1557
113000412,13543,1901,11642
113000413,6223,2187,4036
113000414,16900,9647,7253
113000415,3453,2471,982
113000416,13014,3642,9372
113000417,4719,2892,1827
113000418,3578,2645,933
113000419,2462,1771,691
113000420,4886,3312,1574
113000421,4925,4415,510
113000422,25250,6536,18714
113000423,3908,3269,639
113000424,5748,6122,-374
113000425,7,71,-64
113000428,57,11,46
113000430,12,9,3
113000432,745,67,678
113000433,181,1182,-1001
113000434,12,543,-531
113000435,15,1385,-1370
113000436,41,1843,-1802
113000437,233,12,221
113000438,98,11,87
113000439,9,235,-226
113000440,39,32,7
113000441,87,280,-193
113000442,122,431,-309
113000443,77,366,-289
113000444,74,506,-432
113000445,38,209,-171
113000446,15,107,-92
113000448,238,136,102
113000449,393,601,-208
113000450,775,1603,-828
113000451,1717,121,1596
113000452,475,269,206
113000453,184,285,-101
113000454,582,56,526
113000455,75,112,-37
113000456,4047,2426,1621
113000468,3211,443,2768
113000469,408,106,302
113000470,612,98,514
113000471,9,374,-365
113000472,58,266,-208
113000474,187,808,-621
113000475,1127,1842,-715
113000476,793,2430,-1637
113000477,1561,2769,-1208
113000478,3027,7146,-4119
113000479,36,390,-354
113000480,71,56,15
113000484,0,0,0
113000485,0,0,0
113000486,0,0,0
113000487,0,0,0
113000488,0,0,0
113000489,0,0,0
113000490,0,0,0
113000491,0,0,0
113000492,0,0,0
113000493,0,0,0
113000495,161,307,-146
113000496,59,127,-68
113000499,0,1,-1
113900001,1,52,-51
113900002,0,152,-152
113900003,0,105,-105
113900004,0,17,-17
113900005,0,23,-23
113900006,11,16,-5
113900007,22,5,17
113900008,35,1,34
113900009,136,0,136
113900010,75,0,75
113900011,7,0,7
113900012,3,1,2
113900013,373,3,370
113900014,355,1,354
113900015,0,75,-75
113900016,8,0,8
113900017,1,44,-43
113900018,511,58,453
113900019,29,65,-36
113900020,41,4,37
113900022,7,0,7
113900023,0,0,0
113900024,35,93,-58
113900025,348,25,323
113900026,25,0,25
113900027,1,67,-66
113900028,6,521,-515
113900029,11,363,-352
113900030,93,1,92
113900031,1,1,0
113900032,7,0,7
113900033,65,77,-12
113900035,30,1,29
113900036,4,118,-114
113900037,15,638,-623
113900038,107,45,62
113900039,51,3,48
113900040,3,0,3
113900041,3,2,1
113900042,29,34,-5
113900043,220,123,97
113900044,121,34,87
113900045,29,0,29
113900046,299,880,-581
113900047,16,190,-174
113900048,448,35,413
113900049,960,97,863
113900050,94,443,-349
113900051,140,625,-485
113900052,179,151,28
113900053,403,111,292
113900054,17,4,13
113900055,88,775,-687
113900056,33,148,-115
113900057,24,134,-110
113900058,40,267,-227
113900059,86,516,-430
113900060,145,369,-224
113900061,1120,40,1080
113900062,41,3,38
113900063,53,173,-120
113900064,49,230,-181
113900065,267,21,246
113900066,171,734,-563
113900067,28,571,-543
113900068,308,288,20
113900069,170,24,146
113900070,187,604,-417
113900071,32,62,-30
113900072,31,221,-190
113900073,99,499,-400
113900074,20,549,-529
113900075,686,701,-15
113900076,113,6,107
113900077,30,364,-334
113900078,54,54,0
113900079,1,69,-68
113900080,296,149,147
113900081,27,306,-279
113900082,91,250,-159
113900083,100,919,-819
113900084,160,67,93
113900085,19,432,-413
113900086,12,18,-6
113900087,19,243,-224
113900088,16,41,-25
113900089,265,34,231
113900090,358,241,117
113900091,13,39,-26
113900092,38,90,-52
113900093,68,411,-343
113900094,114,640,-526
113900095,63,72,-9
113900096,80,42,38
113900097,4,187,-183
113900098,319,43,276
113900099,0,91,-91
113900100,0,0,0
113900101,12,36,-24
113900102,76,65,11
113900103,169,289,-120
113900104,68,108,-40
113900105,27,529,-502
113900106,1,130,-129
113900107,0,22,-22
113900108,216,149,67
113900109,300,103,197
113900110,21,15,6
113900111,34,119,-85
113900112,29,92,-63
113900113,383,440,-57
113900114,1,173,-172
113900115,0,115,-115
113900116,52,108,-56
113900117,44,3,41
113900118,115,183,-68
113900119,423,159,264
113900120,30,30,0
113900121,16,55,-39
113900122,170,1040,-870
113900123,246,163,83
113900124,1,48,-47
113900125,1660,156,1504
113900126,73,40,33
113900127,212,337,-125
113900128,58,38,20
113900129,12,59,-47
113900130,4,7,-3
113900131,42,73,-31
113900132,23,44,-21
113900133,20,38,-18
113900135,131,590,-459
113900136,78,62,16
113900137,219,125,94
113900138,55,119,-64
113900139,698,95,603
113900140,568,117,451
113900141,99,584,-485
113900142,41,67,-26
113900143,7,12,-5
113900144,575,81,494
113900145,203,231,-28
113900146,28,53,-25
113900148,134,155,-21
113900149,124,31,93
113900150,1826,556,1270
113900151,87,215,-128
113900152,11,80,-69
113900153,682,416,266
113900154,1,78,-77
113900155,244,67,177
113900156,169,940,-771
113900157,17,262,-245
113900158,720,141,579
113900159,13,186,-173
113900160,401,1077,-676
113900161,27,187,-160
113900162,864,517,347
113900163,418,175,243
113900164,154,31,123
113900165,583,751,-168
113900166,329,84,245
113900167,209,32,177
113900168,126,175,-49
113900169,145,578,-433
113900171,53,24,29
113900172,7,257,-250
113900173,48,922,-874
113900174,335,938,-603
113900175,152,55,97
113900176,131,983,-852
113900177,290,208,82
113900178,156,119,37
113900179,12,938,-926
113900180,134,169,-35
113900181,271,70,201
113900182,407,1154,-747
113900183,34,83,-49
113900184,20,628,-608
113900185,101,100,1
113900186,29,55,-26
113900187,16,203,-187
113900188,15,164,-149
113900189,146,83,63
113900190,359,149,210
113900191,56,330,-274
113900192,5,273,-268
113900193,19,339,-320
113900194,2413,1146,1267
113900195,312,590,-278
113900196,3,145,-142
113900197,6,438,-432
113900198,10,164,-154
113900199,241,846,-605
113900200,12,296,-284
113900201,2,354,-352
113900202,48,229,-181
113900203,2,323,-321
113900204,25,848,-823
113900205,10,111,-101
113900206,3,155,-152
113900207,0,50,-50
113900208,5,71,-66
113900209,2,128,-126
113900210,597,388,209
113900211,72,24,48
113900212,78,839,-761
113900214,597,335,262
113900215,39,194,-155
113900216,21,1793,-1772
113900217,21,412,-391
113900218,51,13,38
113900219,95,634,-539
113900220,109,67,42
113900221,296,136,160
113900222,372,292,80
113900223,35,1498,-1463
113900224,177,74,103
113900225,990,236,754
113900226,222,143,79
113900227,254,141,113
113900228,406,314,92
113900229,17,577,-560
113900230,6069,1213,4856
113900231,120,279,-159
113900232,41,122,-81
113900233,21,43,-22
113900234,117,319,-202
113900235,28,24,4
113900236,17,468,-451
113900237,62,4,58
113900238,155,222,-67
113900239,47,59,-12
113900240,0,80,-80
113900241,104,68,36
113900242,70,210,-140
113900243,121,473,-352
113900244,605,200,405
113900245,1996,283,1713
113900246,18,20,-2
113900247,116,100,16
113900248,5354,878,4476
113900249,1264,158,1106
113900250,30,57,-27
113900251,191,260,-69
113900252,253,10,243
113900253,361,16,345
113900254,169,46,123
113900255,227,20,207
113900256,143,17,126
113900257,27,1051,-1024
113900258,9,740,-731
113900259,204,345,-141
113900260,72,27,45
113900261,23,213,-190
113900262,85,1072,-987
113900263,47,607,-560
113900264,3,858,-855
113900265,109,425,-316
113900266,37,434,-397
113900267,127,600,-473
113900268,139,322,-183
113900269,38,121,-83
113900270,234,343,-109
113900271,517,1921,-1404
113900273,5,3,2
113900274,6,6,0
113900275,15,74,-59
113900276,4,338,-334
113900277,37,4,33
113900278,297,208,89
113900279,109,96,13
113900280,1070,532,538
113900281,206,1012,-806
113900282,937,400,537
113900283,255,353,-98
113900284,411,103,308
113900285,55,44,11
113900286,7,181,-174
113900287,4,58,-54
113900288,0,79,-79
113900289,2012,53,1959
113900290,570,64,506
113900291,114,209,-95
113900292,3,8,-5
113900293,1,266,-265
113900294,192,10,182
113900295,902,249,653
113900296,3088,296,2792
113900297,455,38,417
113900298,4,1900,-1896
113900299,5,155,-150
113900300,8675,1967,6708
113900301,909,237,672
113900302,2823,552,2271
113900303,786,145,641
113900304,1,229,-228
113900305,19,1,18
113900306,1,0,1
113900307,59,0,59
113900308,93,138,-45
113900309,3,1006,-1003
113900310,0,31,-31
113900311,2,0,2
113900312,46,85,-39
113900313,19,8,11
114000001,1075,4192,-3117
114000002,142,651,-509
114000003,75,354,-279
114000004,263,589,-326
114000005,145,358,-213
114000006,5848,2729,3119
114000007,651,1780,-1129
114000008,2143,1178,965
114000009,188,205,-17
114000011,1939,3698,-1759
114000012,1138,3405,-2267
114000013,740,2497,-1757
114000014,460,588,-128
114000015,810,790,20
114000016,263,558,-295
114000017,82,249,-167
114000018,528,102,426
114000026,538,2171,-1633
114000027,1204,2306,-1102
114000028,1603,1793,-190
114000038,81,148,-67
114000039,52,163,-111
114000040,78,218,-140
114000042,51,246,-195
114000043,39,304,-265
114000044,71,77,-6
114000045,28,165,-137
114000046,3699,5877,-2178
114000047,14,81,-67
114000048,53,85,-32
114000049,1920,1273,647
114000050,2133,1111,1022
114000051,5623,1569,4054
114000052,3277,1205,2072
114000053,38,461,-423
114000054,55,1893,-1838
114000055,230,30,200
114000056,1353,661,692
114000057,10524,2632,7892
114000058,562,518,44
114000059,303,211,92
114000060,367,1181,-814
114000061,4050,1322,2728
114000062,2109,659,1450
114000063,4186,1792,2394
114000064,11051,2557,8494
114000065,2297,2270,27
114000066,193,564,-371
114000067,45,330,-285
114000068,556,422,134
114000069,853,481,372
114000070,2460,1251,1209
114000071,367,937,-570
114000072,157,512,-355
114000073,18,183,-165
114000074,11,25,-14
114000075,15,328,-313
114000076,8,291,-283
114000077,6,92,-86
114000078,84,1934,-1850
114000079,49,53,-4
114000080,81,92,-11
114000081,23,102,-79
114000082,51,856,-805
114000083,18,427,-409
114000084,76,100,-24
114000085,118,1289,-1171
114000086,107,1129,-1022
114000087,29,458,-429
114000088,47,96,-49
114000089,2168,600,1568
114000090,618,454,164
114000091,1822,396,1426
114000092,1085,299,786
114000093,911,749,162
114000094,258,427,-169
114000095,62,89,-27
114000096,64,724,-660
114000097,88,1328,-1240
114000098,143,50,93
114000099,153,1274,-1121
114000100,439,1050,-611
114000101,217,1968,-1751
114000102,136,263,-127
114000103,81,635,-554
114000104,10,484,-474
114000105,22,83,-61
114000106,1216,384,832
114000107,71,130,-59
114000108,2581,1573,1008
114000109,168,346,-178
114000110,532,2234,-1702
114000111,648,330,318
114000112,242,2071,-1829
114000113,385,297,88
114000114,1191,1925,-734
114000115,678,466,212
114000116,304,593,-289
114000117,896,293,603
114000118,796,283,513
114000119,523,213,310
114000120,507,1074,-567
114000121,382,602,-220
114000122,260,233,27
114000123,508,199,309
114000124,208,280,-72
114000125,685,2044,-1359
114000126,501,126,375
114000127,54,162,-108
114000128,507,581,-74
114000130,241,360,-119
114000131,85,50,35
114000132,672,1200,-528
114000133,1418,1900,-482
114000134,34,369,-335
114000138,47,255,-208
114000139,355,114,241
114000144,504,281,223
114000145,65,236,-171
114000146,53,558,-505
114000147,816,638,178
114000148,2202,955,1247
114000149,329,142,187
114000150,1195,716,479
114000151,768,668,100
114000152,236,17,219
114000153,1223,1254,-31
114000154,929,791,138
114000155,1340,1281,59
114000156,604,417,187
114000157,243,639,-396
114000158,3624,832,2792
114000159,272,514,-242
114000160,212,293,-81
114000161,1599,892,707
114000162,757,543,214
114000163,11,266,-255
114000165,187,93,94
114000166,743,188,555
114000167,5236,1327,3909
114000168,957,844,113
114000169,1707,475,1232
114000170,924,401,523
114000171,572,805,-233
114000174,186,582,-396
114000176,615,483,132
114000177,2223,919,1304
114000178,18,59,-41
114000179,1125,542,583
114000180,262,628,-366
114000181,1349,1806,-457
114000182,6228,2180,4048
114000183,1130,1154,-24
114000184,8185,1992,6193
114000185,800,844,-44
114000189,219,21,198
114000190,936,98,838
114000191,7,23,-16
114000192,346,1864,-1518
114000193,1008,4079,-3071
114000194,1034,1441,-407
114000195,42,5,37
114000196,2,436,-434
114000197,417,32,385
114000198,1254,399,855
114000199,1778,949,829
114000200,544,3438,-2894
114000201,119,1438,-1319
114000202,807,942,-135
114000203,321,1002,-681
114000204,87,478,-391
114000205,261,2293,-2032
114000206,288,1475,-1187
114000207,633,3139,-2506
114000208,505,4078,-3573
114000209,678,4191,-3513
114000210,374,2234,-1860
114000211,726,1656,-930
114000212,593,789,-196
114000213,818,728,90
114000214,76,301,-225
114000215,67,71,-4
114000216,440,133,307
114000217,77,361,-284
114000218,62,374,-312
114000219,382,363,19
114000220,10,1599,-1589
114000221,268,102,166
114000222,144,1453,-1309
114000223,255,49,206
114000224,138,781,-643
114000225,69,618,-549
114000226,42,258,-216
114000227,488,513,-25
114000228,356,1108,-752
114000229,409,1401,-992
114000230,963,1950,-987
114000231,414,1309,-895
114000232,285,119,166
114000233,815,156,659
114000234,661,1295,-634
114000235,524,1631,-1107
114000236,0,566,-566
114000237,82,1418,-1336
114000238,26,132,-106
114000239,170,1779,-1609
114000240,459,680,-221
114000241,275,1505,-1230
114000242,944,1092,-148
114000243,678,697,-19
114000244,340,329,11
114000245,296,705,-409
114000246,102,35,67
114000247,420,859,-439
114000248,503,448,55
114000249,328,534,-206
114000250,188,554,-366
114000251,122,430,-308
114000252,62,143,-81
114000253,42,362,-320
114000254,15,143,-128
114000255,496,133,363
114000256,1814,440,1374
114000257,546,2628,-2082
114000258,69,745,-676
114000259,43,293,-250
114000260,0,26,-26
114000261,25,15,10
114000262,26,290,-264
114000263,7,2,5
114000264,285,959,-674
114000265,0,13,-13
114000267,2,1074,-1072
114000268,6,2484,-2478
114000270,74,1,73
114000271,198,108,90
114000283,540,535,5
114000285,51,392,-341
114000288,61,528,-467
114000289,934,95,839
114000293,48,356,-308
114000294,175,426,-251
114000395,615,47,568
114000396,160,296,-136
114000402,215,393,-178
114000403,136,789,-653
114000405,151,890,-739
114000423,56,690,-634
114000424,196,329,-133
114000425,130,889,-759
114000426,176,396,-220
114000427,34,197,-163
114000428,293,61,232
114000429,11,291,-280
114000432,27,180,-153
114000434,35,172,-137
114000435,10,248,-238
114900001,270,1967,-1697
114900002,316,50,266
114900003,190,2960,-2770
114900004,74,127,-53
114900005,186,1319,-1133
114900006,10,20,-10
114900007,35,5,30
114900008,50,29,21
114900010,3915,2081,1834
114900011,44,69,-25
114900013,71,63,8
114900015,31,169,-138
114900018,699,44,655
114900020,46,35,11
114900022,5,591,-586
114900024,87,135,-48
114900025,210,264,-54
114900026,27,47,-20
114900027,187,264,-77
114900029,11,12,-1
114900030,115,256,-141
114900031,65,27,38
114900032,73,29,44
114900033,1624,258,1366
114900034,37,463,-426
114900035,146,306,-160
114900036,224,1570,-1346
114900037,69,381,-312
114900038,142,1533,-1391
114900039,468,1110,-642
114900040,39,331,-292
114900041,180,1060,-880
114900042,365,1243,-878
114900043,904,393,511
114900044,31,14,17
114900046,50,237,-187
114900047,120,1146,-1026
114900048,63,238,-175
114900049,8,351,-343
114900050,14,759,-745
114900051,30,752,-722
114900052,66,251,-185
114900053,75,243,-168
114900054,50,201,-151
114900057,165,6,159
114900058,0,118,-118
114900059,17,15,2
114900060,1985,371,1614
114900061,76,381,-305
114900062,384,340,44
114900063,35,385,-350
114900064,415,932,-517
114900065,126,779,-653
114900067,14,383,-369
114900068,60,233,-173
114900069,220,214,6
114900070,183,918,-735
114900072,16,311,-295
114900073,1,256,-255
114900074,128,1489,-1361
114900075,81,4,77
114900076,8,554,-546
114900080,3651,444,3207
114900082,4845,1428,3417
114900083,520,815,-295
114900090,122,87,35
114900091,94,242,-148
114900095,506,142,364
114900096,843,801,42
114900097,46,1,45
114900098,3,277,-274
114900099,55,4,51
115000001,10436,8460,1976
115000002,2493,3041,-548
115000003,3946,5961,-2015
115000004,1793,4188,-2395
115000005,959,3530,-2571
115000006,394,1357,-963
115000007,31,142,-111
115000008,321,475,-154
115000009,110,331,-221
115000010,200,178,22
115000013,125,89,36
115000015,75,125,-50
115000016,262,150,112
115000019,8,407,-399
115000020,210,195,15
115000021,262,459,-197
115000022,395,417,-22
115000023,239,285,-46
115000024,1115,680,435
115000025,602,381,221
115000026,138,405,-267
115000027,114,204,-90
115000028,119,699,-580
115000029,162,122,40
115000030,221,845,-624
115000031,429,240,189
115000032,6,259,-253
115000033,67,10,57
115000034,165,1013,-848
115000035,652,16,636
115000036,3,457,-454
115000037,125,1,124
115000038,46,212,-166
115000039,3153,1795,1358
115000040,7570,2584,4986
115000041,857,1814,-957
115000042,827,705,122
115000043,2944,2476,468
115000044,3828,5084,-1256
115000045,1564,3040,-1476
115000046,1110,2442,-1332
115000047,1004,1931,-927
115000048,1187,3769,-2582
115000049,1304,3343,-2039
115000050,2190,1678,512
115000051,2229,1051,1178
115000052,4366,2230,2136
115000053,1136,919,217
115000054,1057,1794,-737
115000055,43,405,-362
115000056,108,264,-156
115000057,295,601,-306
115000058,276,103,173
115000059,160,367,-207
115000061,91,127,-36
115000062,46,308,-262
115000063,128,433,-305
115000064,106,189,-83
115000065,8,199,-191
115000067,151,17,134
115000069,41,243,-202
115000070,32,658,-626
115000071,60,3,57
115000072,27,58,-31
115000073,938,29,909
115000075,18,71,-53
115000076,3771,4394,-623
115000077,1025,5259,-4234
115000078,373,2560,-2187
115000079,887,3097,-2210
115000080,1182,3563,-2381
115000081,353,1067,-714
115000082,2275,2606,-331
115000083,1422,4536,-3114
115000084,749,1166,-417
115000085,297,1415,-1118
115000086,364,1190,-826
115000087,510,1676,-1166
115000088,1362,548,814
115000089,1708,1723,-15
115000090,959,567,392
115000091,323,1610,-1287
115000092,280,303,-23
115000093,307,0,307
115000094,9074,4523,4551
115000095,7601,3920,3681
115000096,363,2717,-2354
115000097,272,804,-532
115000098,362,1011,-649
115000099,919,4039,-3120
115000100,441,593,-152
115000101,319,1977,-1658
115000102,226,188,38
115000103,472,1181,-709
115000105,51,245,-194
115000106,155,245,-90
115000107,171,824,-653
115000108,4589,3482,1107
115000109,6066,1769,4297
115000110,1070,670,400
115000111,832,1598,-766
115000112,585,456,129
115000113,941,978,-37
115000114,1512,964,548
115000116,3342,1171,2171
115000117,4120,1641,2479
115000118,1969,1287,682
115000119,2371,1637,734
115000120,759,572,187
115000121,2041,732,1309
115000122,4551,658,3893
115000123,2535,1067,1468
115000124,767,571,196
115000125,306,641,-335
115000126,155,237,-82
115000127,305,181,124
115000128,1354,738,616
115000129,220,137,83
115000130,213,1546,-1333
115000131,222,334,-112
115000132,70,696,-626
115000133,167,454,-287
115000134,83,251,-168
115000135,44,236,-192
115000136,58,224,-166
115000137,50,211,-161
115000138,117,235,-118
115000139,132,345,-213
115000140,81,190,-109
115000141,80,477,-397
115000142,62,395,-333
115000143,174,512,-338
115000144,204,109,95
115000145,114,622,-508
115000146,125,161,-36
115000147,210,642,-432
115000148,264,2008,-1744
115000149,284,179,105
115000150,542,2123,-1581
115000151,346,475,-129
115000152,388,2629,-2241
115000153,313,438,-125
115000154,392,388,4
115000155,406,1582,-1176
115000156,637,546,91
115000157,979,1080,-101
115000158,634,331,303
115000159,648,386,262
115000160,615,471,144
115000161,394,684,-290
115000162,657,441,216
115000163,619,535,84
115000164,500,422,78
115000165,266,323,-57
115000167,47,49,-2
115000168,582,328,254
115000169,481,483,-2
115000170,30,130,-100
115000171,154,165,-11
115000172,2319,627,1692
115000173,218,245,-27
115000174,33,172,-139
115000175,54,100,-46
115000176,165,40,125
115000177,125,96,29
115000178,9,355,-346
115000179,25,15,10
115000180,66,864,-798
115000181,215,148,67
115000182,322,473,-151
115000183,104,1231,-1127
115000186,474,323,151
115000187,107,860,-753
115000188,470,391,79
115000189,240,416,-176
115000190,694,276,418
115000191,343,386,-43
115000194,174,108,66
115000195,330,183,147
115000196,74,126,-52
115000197,96,568,-472
115000198,97,290,-193
115000199,113,502,-389
115000200,236,97,139
115000201,59,530,-471
115000206,90,57,33
115000207,39,471,-432
115000208,642,789,-147
115000209,291,135,156
115000210,77,104,-27
115000211,182,254,-72
115000212,1401,352,1049
115000224,101,56,45
115000225,131,51,80
115000229,299,160,139
115000230,65,512,-447
115000231,353,3169,-2816
115000232,671,381,290
115000233,49,295,-246
115000234,8,266,-258
115000241,46,293,-247
115000242,45,331,-286
115000243,10,297,-287
115000244,3,80,-77
115000246,19,7,12
115000247,14,13,1
115000248,20,3,17
115000249,22,7,15
115000250,77,51,26
115000251,83,193,-110
115000252,32,157,-125
115000253,6,188,-182
115000258,93,227,-134
115000259,220,169,51
115000261,6,49,-43
115000262,5,16,-11
115000263,5,38,-33
115000264,7,32,-25
115000267,31,71,-40
115000268,35,120,-85
115000269,41,46,-5
115000270,1,16,-15
115000272,43,178,-135
115000273,194,20,174
115000280,2870,72,2798
115000281,858,92,766
115000282,1637,378,1259
115000284,408,79,329
115000296,403,9,394
115000297,163,28,135
115000298,129,71,58
115000300,67,252,-185
115000302,113,210,-97
115000303,184,156,28
115000304,240,145,95
115000305,45,1597,-1552
115000306,80,860,-780
115000307,24,418,-394
115000308,104,15,89
115000309,26,8,18
115000310,450,1644,-1194
115000311,254,1694,-1440
115000313,97,1135,-1038
115000314,106,44,62
115000315,1566,194,1372
115000316,37,52,-15
115000317,150,743,-593
115000318,334,249,85
115000319,39,312,-273
115000320,2,147,-145
115000321,139,10,129
115000322,21,322,-301
115000449,418,99,319
115000557,1,267,-266
115000558,143,62,81
115000587,243,303,-60
115000588,2215,5085,-2870
115000589,2509,2617,-108
115000590,928,1762,-834
115000591,2125,685,1440
115000592,852,1588,-736
115000593,1379,491,888
115000594,991,1322,-331
115000609,159,107,52
115000617,2030,956,1074
115000624,63,116,-53
115000633,329,1954,-1625
115000634,2186,583,1603
115000635,136,147,-11
115000638,1865,890,975
115000641,100,110,-10
115000642,316,238,78
115000643,101,549,-448
115000644,150,594,-444
115000646,618,947,-329
115000647,99,494,-395
115000648,638,1792,-1154
115000893,3912,799,3113
115000894,51,1277,-1226
115000895,243,894,-651
115000896,643,300,343
115000897,408,49,359
115000898,1058,172,886
115000899,1200,926,274
115000900,71,395,-324
115000901,71,82,-11
115000912,216,54,162
115000913,4,67,-63
115000915,27,0,27
115000916,1,0,1
115000917,0,3,-3
115000918,107,107,0
115000919,33,12,21
115000920,9,19,-10
115000921,1699,48,1651
115000922,872,289,583
115000923,527,668,-141
115000925,33,52,-19
115000927,10,18,-8
115000933,362,111,251
115000934,78,286,-208
115000935,33,129,-96
115000936,33,133,-100
115000937,1253,125,1128
115000938,87,125,-38
115000939,104,89,15
115900001,25,171,-146
115900002,165,241,-76
115900003,79,148,-69
115900004,1,64,-63
115900005,51,6,45
115900006,71,665,-594
115900008,21,24,-3
115900009,54,410,-356
115900010,88,292,-204
115900011,173,366,-193
115900012,31,173,-142
115900013,550,198,352
115900014,116,232,-116
115900015,8,185,-177
115900016,34,19,15
115900017,2,3,-1
115900018,224,88,136
115900019,532,24,508
115900020,7,0,7
115900021,2139,96,2043
115900022,3113,16,3097
115900023,1,1,0
115900025,123,146,-23
115900026,1164,463,701
115900027,1,645,-644
115900028,602,66,536
115900029,7,722,-715
115900030,8,5,3
115900031,306,90,216
115900032,336,864,-528
115900033,0,55,-55
115900034,15,732,-717
115900035,25,121,-96
115900036,265,206,59
115900037,18,725,-707
115900038,8,4,4
115900039,68,420,-352
115900041,279,218,61
115900042,3,2,1
115900043,24,209,-185
115900044,151,179,-28
115900046,113,340,-227
115900047,57,19,38
115900049,96,222,-126
115900051,1,91,-90
115900052,11,466,-455
115900053,55,326,-271
115900054,39,56,-17
115900055,11,224,-213
115900056,89,533,-444
115900057,1,0,1
115900058,37,102,-65
115900060,43,119,-76
115900061,37,0,37
115900062,3,375,-372
115900063,27,22,5
115900064,171,227,-56
115900065,44,169,-125
115900066,173,235,-62
115900067,4,976,-972
115900068,5008,141,4867
115900069,65,227,-162
115900070,112,337,-225
115900071,1,957,-956
115900072,94,285,-191
115900073,19,29,-10
115900074,4,451,-447
115900075,26,495,-469
115900076,3,127,-124
115900077,9,421,-412
115900078,36,191,-155
115900079,56,7,49
115900080,431,178,253
115900081,12,100,-88
115900082,207,184,23
115900084,91,48,43
115900085,62,16,46
115900086,1945,475,1470
115900088,6,13,-7
115900089,97,895,-798
115900090,54,8,46
115900091,0,13,-13
115900092,13,336,-323
115900093,0,44,-44
115900094,5,598,-593
115900096,0,15,-15
115900097,17,895,-878
115900098,50,647,-597
115900099,21,147,-126
115900100,10,639,-629
115900101,58,551,-493
115900102,6,117,-111
115900103,91,307,-216
115900104,18,223,-205
115900105,49,1070,-1021
115900106,17,15,2
115900107,12,254,-242
115900108,25,26,-1
115900109,43,545,-502
115900110,1,16,-15
115900111,1,125,-124
115900112,45,1175,-1130
115900113,11,29,-18
115900114,1,199,-198
115900115,17,189,-172
115900116,68,1473,-1405
115900117,14,20,-6
115900118,4,475,-471
115900119,34,119,-85
115900120,17,560,-543
115900121,63,353,-290
115900124,102,211,-109
115900125,108,19,89
115900126,237,46,191
115900127,241,26,215
115900128,7,81,-74
115900129,366,19,347
115900130,29,210,-181
115900131,100,29,71
115900132,112,5,107
115900134,100,6,94
115900135,674,447,227
115900137,2,3,-1
115900139,56,24,32
115900140,56,15,41
115900141,12,22,-10
115900142,7,4,3
115900143,89,238,-149
115900144,15,178,-163
115900146,4,197,-193
115900147,150,231,-81
115900148,4,19,-15
115900149,13,30,-17
115900150,13,117,-104
115900151,12,65,-53
115900152,24,482,-458
115900153,16,310,-294
115900154,581,274,307
115900155,1,113,-112
115900156,430,789,-359
115900157,87,454,-367
115900158,41,10,31
115900159,19,351,-332
115900160,10,4,6
115900161,38,179,-141
115900163,114,140,-26
115900164,96,40,56
115900165,1,90,-89
115900166,174,315,-141
115900168,15,238,-223
115900171,55,402,-347
115900172,27,204,-177
115900173,109,198,-89
115900174,284,250,34
115900175,55,165,-110
115900178,4,972,-968
115900179,35,18,17
115900180,22,385,-363
115900181,62,383,-321
115900182,124,386,-262
115900183,105,17,88
115900184,1042,6,1036
115900187,1,128,-127
115900189,0,60,-60
115900190,829,426,403
115900191,35,662,-627
115900192,8,66,-58
115900193,71,17,54
115900194,200,21,179
115900195,419,517,-98
115900198,230,286,-56
115900199,153,354,-201
115900200,396,420,-24
115900201,291,213,78
115900202,0,3,-3
115900203,1,2,-1
115900204,0,3,-3
115900205,30,6,24
115900206,26,176,-150
115900207,10,26,-16
115900208,33,490,-457
115900209,5,189,-184
115900210,6,196,-190
115900211,2,265,-263
115900212,44,331,-287
115900213,16,12,4
115900214,118,398,-280
115900215,14,27,-13
115900216,7,80,-73
115900217,1,102,-101
115900218,0,97,-97
115900219,14,3,11
115900220,24,13,11
115900221,19,8,11
115900222,15,3,12
115900223,2,44,-42
115900224,2019,208,1811
115900225,92,14,78
115900226,13,35,-22
115900227,6,48,-42
115900228,2,32,-30
115900229,3,61,-58
115900230,66,114,-48
115900231,62,2,60
115900232,9,1,8
115900233,44,6,38
115900234,16,15,1
115900235,2,19,-17
115900236,13,25,-12
115900237,4,34,-30
115900238,15,12,3
115900239,8,39,-31
115900240,7,80,-73
115900241,32,100,-68
115900242,141,132,9
115900243,3,7,-4
115900244,0,22,-22
115900245,6,22,-16
115900246,14,0,14
115900247,15,1,14
115900248,7,2,5
115900249,2,2,0
115900250,1,6,-5
115900251,0,4,-4
115900252,0,1,-1
115900253,4,12,-8
115900254,7,16,-9
115900255,6,8,-2
115900256,32,5,27
115900257,0,10,-10
115900258,0,6,-6
115900259,5,3,2
115900260,15,3,12
115900261,9,1,8
115900262,0,1,-1
115900263,19,3,16
115900264,2,7,-5
115900265,1,4,-3
115900266,2,8,-6
115900267,2,12,-10
115900268,2,11,-9
115900269,123,511,-388
115900270,125,991,-866
115900271,18,0,18
115900272,5,0,5
115900273,4,2,2
115900274,2,28,-26
115900275,1,59,-58
115900276,0,99,-99
115900277,1,218,-217
115900278,14,87,-73
115900279,14,119,-105
115900280,29,135,-106
115900281,591,71,520
115900282,9,4,5
115900283,7,9,-2
115900284,3,10,-7
116000001,25263,5811,19452
116000002,3686,4187,-501
116000003,1666,2454,-788
116000004,1174,1583,-409
116000005,2302,3445,-1143
116000006,1363,913,450
116000007,4505,4839,-334
116000008,4458,1263,3195
116000009,1913,3311,-1398
116000010,1099,651,448
116000011,748,1993,-1245
116000012,499,492,7
116000013,21805,5346,16459
116000014,25483,4610,20873
116000015,550,537,13
116000016,10587,1451,9136
116000017,43,345,-302
116000018,826,456,370
116000019,382,281,101
116000020,414,1577,-1163
116000021,146,172,-26
116000022,191,560,-369
116000023,556,399,157
116000024,680,1815,-1135
116000025,407,404,3
116000026,1309,2759,-1450
116000027,530,478,52
116000028,315,480,-165
116000029,1217,627,590
116000030,257,275,-18
116000031,134,218,-84
116000032,113,345,-232
116000033,108,481,-373
116000034,285,876,-591
116000035,98,647,-549
116000036,1810,364,1446
116000037,464,253,211
116000038,380,190,190
116000039,591,336,255
116000040,810,325,485
116000041,219,692,-473
116000042,312,228,84
116000043,64,524,-460
116000044,4,95,-91
116000045,935,625,310
116000046,926,703,223
116000047,1665,1679,-14
116000048,1683,1317,366
116000049,573,1528,-955
116000050,919,1650,-731
116000051,1578,1392,186
116000052,2328,3593,-1265
116000053,878,1060,-182
116000054,475,2632,-2157
116000055,252,1912,-1660
116000056,416,947,-531
116000057,2958,2777,181
116000058,3094,1873,1221
116000059,2127,2600,-473
116000060,3190,848,2342
116000061,526,770,-244
116000062,419,224,195
116000063,292,1105,-813
116000066,131,188,-57
116000067,252,754,-502
116000068,138,119,19
116000069,187,653,-466
116000078,151,887,-736
116000080,875,1220,-345
116000082,25,160,-135
116000083,827,281,546
116000084,2515,4381,-1866
116000085,1579,812,767
116000086,2260,1437,823
116000087,993,863,130
116000088,813,1624,-811
116000089,102,100,2
116000090,114,128,-14
116000091,174,95,79
116000093,1053,662,391
116000094,261,823,-562
116000095,377,552,-175
116000096,515,1323,-808
116000097,268,894,-626
116000098,323,3309,-2986
116000099,9789,379,9410
116000100,66,24,42
116000101,277,1902,-1625
116000102,160,1557,-1397
116000103,315,192,123
116000104,111,1983,-1872
116000105,460,216,244
116000106,132,1566,-1434
116000107,819,513,306
116000108,18,162,-144
116000111,16,14,2
116000113,86,42,44
116000114,20,230,-210
116000115,183,70,113
116000116,175,778,-603
116000117,751,1669,-918
116000118,801,1759,-958
116000119,1233,1419,-186
116000120,2153,5789,-3636
116000121,485,323,162
116000122,1423,3077,-1654
116000123,322,363,-41
116000124,276,1534,-1258
116000125,1047,540,507
116000126,235,1800,-1565
116000127,928,1997,-1069
116000128,818,634,184
116000129,372,197,175
116000130,121,181,-60
116000133,251,901,-650
116000134,1035,3803,-2768
116000135,881,1189,-308
116000136,968,2754,-1786
116000137,452,559,-107
116000138,1815,491,1324
116000139,1395,2264,-869
116000140,51,239,-188
116000141,297,1328,-1031
116000142,4126,4168,-42
116000143,1914,1352,562
116000144,1024,3532,-2508
116000145,1131,1595,-464
116000146,181,469,-288
116000147,130,110,20
116000148,205,420,-215
116000149,242,546,-304
116000151,371,1114,-743
116000153,52,371,-319
116000155,91,252,-161
116000156,1421,1194,227
116000157,16,35,-19
116000158,96,454,-358
116000159,10,4,6
116000160,27,155,-128
116000161,7,110,-103
116000162,66,28,38
116000163,8,7,1
116000164,2,16,-14
116000177,18,101,-83
116000194,51,427,-376
116000195,947,606,341
116000196,7,4,3
116000197,5,7,-2
116000198,1656,935,721
116000200,806,172,634
116000201,469,661,-192
116000202,8,379,-371
116000203,2,106,-104
116000204,4,42,-38
116000205,0,216,-216
116000206,1,92,-91
116000207,1,36,-35
116000233,67,1134,-1067
116000287,51,712,-661
116000288,42,276,-234
116000292,21,319,-298
116000296,8,308,-300
116000297,48,8,40
116000304,20,54,-34
116000305,4,169,-165
116000346,64,284,-220
116000352,37,68,-31
116000354,22,13,9
116000357,2,7,-5
116000358,108,15,93
116000361,130,2,128
116000372,12049,1856,10193
116000381,39,0,39
116000388,0,47,-47
116000389,392,635,-243
116000445,135,1099,-964
116000446,121,1214,-1093
116000447,9,453,-444
116000448,532,264,268
116000563,786,374,412
116000565,117,610,-493
116000568,31,106,-75
116000579,21,176,-155
116000584,5,22,-17
116000585,12,8,4
116000586,231,80,151
116000587,81,511,-430
116000589,8,89,-81
116000590,53,28,25
116000591,39,305,-266
116000592,7,207,-200
116000593,0,56,-56
116000594,130,803,-673
116000595,270,258,12
116000596,21,7,14
116000597,114,67,47
116000598,15,329,-314
116000602,162,137,25
116000605,144,163,-19
116000606,14,130,-116
116000607,4,62,-58
116000609,232,502,-270
116000611,31,733,-702
116000612,367,1633,-1266
116000613,160,295,-135
116000614,471,1126,-655
116000615,0,101,-101
116000616,19,203,-184
116000617,28,193,-165
116000618,1,242,-241
116000619,4,60,-56
116000620,13,22,-9
116000621,41,62,-21
116000622,19,124,-105
116000624,34,85,-51
116000627,6,32,-26
116000628,30,1126,-1096
116000629,25,675,-650
116000630,102,188,-86
116000631,41,112,-71
116000632,125,696,-571
116000633,7,1063,-1056
116000634,122,35,87
116000635,2017,1043,974
116000636,731,688,43
116000637,80,18,62
116000638,22,896,-874
116900001,101,142,-41
116900002,309,2,307
116900003,2,76,-74
116900004,26,35,-9
116900005,76,61,15
116900006,201,154,47
116900007,49,205,-156
116900008,138,728,-590
116900009,4,2,2
116900010,6,2602,-2596
116900011,9,53,-44
116900012,110,239,-129
116900013,12,194,-182
116900014,17,456,-439
116900015,82,102,-20
116900016,20,0,20
116900017,0,1002,-1002
116900018,18,21,-3
116900019,2,546,-544
116900020,2258,240,2018
116900023,26,17,9
116900024,109,119,-10
116900025,289,1465,-1176
116900026,179,851,-672
116900027,2,42,-40
116900028,1,131,-130
116900029,3,5,-2
116900031,0,12,-12
116900032,11,509,-498
116900033,7,4,3
116900034,2,85,-83
116900035,51,252,-201
116900036,0,159,-159
116900038,5,4,1
116900041,21,18,3
116900042,1199,189,1010
116900043,7,60,-53
116900047,61,26,35
116900049,45,242,-197
116900050,41,437,-396
116900051,17,374,-357
116900052,122,83,39
116900055,0,2,-2
116900057,8,400,-392
116900058,32,526,-494
116900059,0,210,-210
116900060,82,320,-238
116900062,2,6,-4
116900064,37,1385,-1348
116900065,8,100,-92
116900067,55,173,-118
116900068,81,583,-502
116900070,0,1,-1
116900072,12,636,-624
116900073,7,257,-250
116900074,1,46,-45
116900076,2,17,-15
116900077,8,272,-264
116900078,205,152,53
116900079,8,521,-513
116900080,10,27,-17
116900081,256,1575,-1319
116900082,156,1268,-1112
116900083,29,92,-63
116900084,122,58,64
116900085,30,182,-152
116900086,19,269,-250
116900088,480,73,407
116900090,179,86,93
116900091,77,163,-86
116900092,45,966,-921
116900093,2421,1487,934
116900094,8893,1711,7182
116900095,119,200,-81
116900096,79,93,-14
116900097,3784,984,2800
116900098,1121,122,999
116900099,431,288,143
116900100,308,6,302
116900101,243,914,-671
116900103,2,1,1
116900104,30,77,-47
116900105,117,21,96
116900106,431,349,82
116900107,5260,876,4384
116900110,6,0,6
116900111,116,1591,-1475
116900112,102,1140,-1038
116900113,3813,748,3065
116900116,57,149,-92
116900117,12,85,-73
116900118,1345,489,856
116900120,86,169,-83
116900121,27,44,-17
116900122,239,1297,-1058
116900123,61,1229,-1168
116900124,82,978,-896
116900125,87,234,-147
116900126,317,435,-118
116900128,0,47,-47
116900129,1,464,-463
116900130,1486,1953,-467
116900131,44,154,-110
116900132,11,78,-67
116900133,31,105,-74
116900134,99,218,-119
116900136,131,140,-9
116900137,188,218,-30
116900138,101,203,-102
116900139,55,484,-429
116900140,129,230,-101
116900141,292,413,-121
116900142,0,12,-12
116900143,117,622,-505
116900144,4,8,-4
116900145,54,523,-469
116900147,506,294,212
116900148,1,14,-13
116900149,11,96,-85
116900150,2,4,-2
116900151,82,23,59
116900153,22,51,-29
116900154,414,133,281
116900155,22,27,-5
116900157,124,422,-298
116900158,24,61,-37
116900159,30,162,-132
116900160,375,250,125
116900161,12279,3098,9181
116900162,9,235,-226
116900163,39,171,-132
116900164,11,30,-19
116900165,52,56,-4
116900166,4,125,-121
116900167,178,72,106
116900168,66,115,-49
116900169,561,138,423
116900170,135,203,-68
116900171,16,398,-382
116900172,212,42,170
116900173,34,77,-43
116900174,9,14,-5
116900175,80,73,7
116900178,3,233,-230
116900179,72,63,9
116900180,20,49,-29
116900182,224,233,-9
116900183,53,85,-32
116900185,6,21,-15
116900186,51,510,-459
116900187,7,6,1
116900188,72,16,56
116900189,10,0,10
116900191,215,359,-144
116900192,111,215,-104
116900194,15,309,-294
116900195,23,11,12
116900196,11,156,-145
116900197,17,2,15
116900198,406,91,315
116900200,10,55,-45
116900201,19,5,14
116900202,156,137,19
116900203,64,1,63
116900204,32,66,-34
116900206,3,52,-49
116900207,3,28,-25
116900208,9,146,-137
116900209,18,174,-156
116900210,219,223,-4
116900211,237,15,222
116900212,6,77,-71
116900213,87,267,-180
116900214,40,122,-82
116900215,54,127,-73
116900216,108,515,-407
116900218,4,478,-474
116900219,749,485,264
116900220,80,242,-162
116900221,38,289,-251
116900222,264,331,-67
116900223,49,198,-149
116900226,11,62,-51
116900227,48,68,-20
116900228,134,293,-159
116900230,21,426,-405
116900231,1,700,-699
116900232,9,597,-588
116900233,51,87,-36
116900234,5,2,3
116900235,75,364,-289
116900238,1433,379,1054
116900239,55,558,-503
116900240,7158,1720,5438
116900241,27,355,-328
116900242,474,122,352
116900243,4,45,-41
116900245,16,12,4
116900246,16,8,8
116900247,169,19,150
116900248,46,22,24
116900249,91,164,-73
116900250,80,56,24
116900251,456,143,313
116900252,25,1229,-1204
116900253,49,104,-55
116900254,1,85,-84
116900255,96,31,65
116900256,126,100,26
116900257,11,907,-896
116900258,2,473,-471
116900259,39,5,34
116900260,2,191,-189
116900261,6,0,6
116900262,48,147,-99
116900263,0,7,-7
116900264,0,4,-4
116900265,8,0,8
116900266,1,77,-76
116900267,7,2,5
116900268,8,9,-1
116900269,253,572,-319
116900271,3841,87,3754
116900272,493,746,-253
116900273,169,30,139
116900274,34,82,-48
116900275,55,163,-108
116900276,1510,38,1472
116900277,843,53,790
116900278,1,15,-14
116900279,2,12,-10
116900280,5,37,-32
116900281,9699,1442,8257
116900282,2,167,-165
116900283,10,131,-121
116900284,24,275,-251
116900285,456,96,360
116900286,251,6,245
116900287,5,135,-130
116900288,22,138,-116
116900289,0,40,-40
116900290,2,57,-55
116900291,3,12,-9
116900292,0,0,0
116900293,5,118,-113
116900294,29,117,-88
116900295,168,65,103
116900296,13,41,-28
116900297,2,30,-28
116900298,104,54,50
116900299,24,92,-68
116900300,172,404,-232
116900301,60,87,-27
116900302,33,22,11
116900303,542,21,521
116900304,0,107,-107
116900305,4,18,-14
116900306,20,131,-111
117000001,799,1065,-266
117000002,1189,5046,-3857
117000003,5165,2259,2906
117000004,4972,5390,-418
117000005,843,1444,-601
117000006,886,4672,-3786
117000007,1934,1236,698
117000008,1199,5158,-3959
117000009,4130,1062,3068
117000010,2925,4766,-1841
117000011,895,1552,-657
117000012,872,2337,-1465
117000013,590,1205,-615
117000014,548,2870,-2322
117000015,2558,1208,1350
117000016,252,68,184
117000017,224,201,23
117000018,125,346,-221
117000019,124,1,123
117000020,803,763,40
117000021,3542,333,3209
117000022,371,60,311
117000023,360,102,258
117000024,455,68,387
117000025,702,674,28
117000026,1959,550,1409
117000027,2172,1040,1132
117000028,1012,429,583
117000030,506,571,-65
117000031,401,175,226
117000032,1684,1495,189
117000033,855,780,75
117000034,202,331,-129
117000035,174,145,29
117000036,198,296,-98
117000037,89,194,-105
117000038,144,344,-200
117000039,227,332,-105
117000040,139,1727,-1588
117000041,447,162,285
117000044,25,1531,-1506
117000045,180,38,142
117000046,388,849,-461
117000047,319,515,-196
117000048,2086,1595,491
117000049,143,473,-330
117000050,100,3258,-3158
117000051,1092,157,935
117000052,15,884,-869
117000053,96,69,27
117000054,956,4,952
117000055,24,4510,-4486
117000056,374,13,361
117000057,641,2332,-1691
117000060,377,2880,-2503
117000061,663,557,106
117000062,191,591,-400
117000063,769,583,186
117000064,926,814,112
117000066,1260,581,679
117000067,122,330,-208
117000074,170,115,55
117000076,83,60,23
117000077,136,57,79
117000078,103,661,-558
117000079,129,135,-6
117000080,1,431,-430
117000081,365,110,255
117000082,12,61,-49
117000083,22,13,9
117000084,193,2,191
117000085,123,425,-302
117000086,889,828,61
117000087,70,466,-396
117000088,246,148,98
117000089,960,299,661
117000090,122,1850,-1728
117000091,312,363,-51
117000092,269,2392,-2123
117000093,550,663,-113
117000094,540,3131,-2591
117000095,1161,724,437
117000096,417,3483,-3066
117000097,627,1073,-446
117000098,2956,7513,-4557
117000099,1328,752,576
117000100,94,129,-35
117000101,188,1722,-1534
117000102,698,447,251
117000103,753,2419,-1666
117000104,712,407,305
117000105,474,2663,-2189
117000106,457,587,-130
117000107,303,3316,-3013
117000108,596,688,-92
117000109,1748,4131,-2383
117000110,686,501,185
117000111,2500,4429,-1929
117000112,1744,1896,-152
117000113,73,434,-361
117000114,69,104,-35
117000115,29,232,-203
117000116,32,242,-210
117000117,1297,271,1026
117000118,167,146,21
117000119,116,20,96
117000120,137,27,110
117000121,20,157,-137
117000122,483,561,-78
117000123,1493,28,1465
117000124,203,18,185
117000125,246,55,191
117000126,26,35,-9
117000127,140,329,-189
117000128,379,405,-26
117000129,502,299,203
117000130,57,2,55
117000131,0,222,-222
117000132,858,37,821
117000133,534,69,465
117000134,5,78,-73
117000135,5,32,-27
117000136,3,50,-47
117000137,33,47,-14
117000138,3,488,-485
117000140,350,2515,-2165
117000141,664,505,159
117000181,1421,311,1110
117000182,183,130,53
117000195,160,1772,-1612
117000196,80,40,40
117000225,116,2,114
117000226,5,113,-108
117000276,44,19,25
117000277,5,777,-772
117000310,2348,2800,-452
117000315,17,361,-344
117000320,39,0,39
117000906,80,11,69
117000907,2,686,-684
117000908,78,9,69
117000909,57,28,29
117000910,166,128,38
117000911,96,365,-269
117000915,4,787,-783
117000916,4,1,3
117000917,358,11,347
117000918,29,38,-9
117000919,17,209,-192
117000920,1,2091,-2090
117000921,12,3185,-3173
117000922,43,78,-35
117000924,229,602,-373
117000926,1668,59,1609
117000927,796,176,620
117000928,3,365,-362
117000929,119,636,-517
117000930,59,36,23
117000931,393,32,361
117900002,100,371,-271
117900003,1127,248,879
117900005,2,4,-2
117900006,0,35,-35
117900007,79,181,-102
117900008,0,68,-68
117900010,107,201,-94
117900011,15,18,-3
117900012,26,229,-203
117900013,2,441,-439
117900014,188,376,-188
117900015,29,385,-356
117900016,1403,279,1124
117900017,186,647,-461
117900018,200,30,170
117900019,117,692,-575
117900020,39,111,-72
117900021,8,129,-121
117900022,12,24,-12
117900023,879,56,823
117900024,49,243,-194
117900025,43,24,19
117900026,120,542,-422
117900028,6,9,-3
117900029,92,1281,-1189
117900030,103,138,-35
117900031,53,62,-9
117900032,398,135,263
117900033,82,1207,-1125
117900034,35,62,-27
117900035,38,41,-3
117900036,122,1038,-916
117900037,26,134,-108
117900038,28,512,-484
117900039,1,109,-108
117900040,76,826,-750
117900041,1,70,-69
117900042,5751,463,5288
117900043,11,73,-62
117900044,149,1253,-1104
117900045,102,89,13
117900048,88,399,-311
117900049,53,754,-701
117900050,13,32,-19
117900051,6,7,-1
117900052,39,241,-202
117900053,518,762,-244
117900054,1,15,-14
117900055,126,112,14
117900056,195,28,167
117900057,722,1476,-754
117900058,39,7,32
117900059,490,93,397
117900060,605,6487,-5882
117900061,9,102,-93
117900063,73,200,-127
117900065,666,1249,-583
117900066,5,32,-27
117900067,174,340,-166
117900069,268,621,-353
117900070,113,2,111
117900071,59,101,-42
117900073,132,444,-312
117900074,98,5,93
117900075,21,127,-106
117900076,11,73,-62
117900077,178,135,43
117900078,160,330,-170
117900080,39,52,-13
117900081,610,497,113
117900082,188,157,31
117900083,126,919,-793
117900086,47,68,-21
117900087,23,71,-48
117900088,2775,1769,1006
117900089,916,235,681
117900090,108,957,-849
117900091,119,157,-38
117900092,22,61,-39
117900093,32,107,-75
117900094,13,5,8
117900095,94,765,-671
117900096,37,254,-217
117900097,184,61,123
117900098,8,2,6
117900099,64,630,-566
117900100,32,1,31
117900101,439,817,-378
117900102,9,45,-36
117900103,5,0,5
117900104,6,140,-134
117900105,110,216,-106
117900106,33,54,-21
117900107,9,0,9
117900109,193,266,-73
117900110,10,1,9
117900111,105,4,101
117900112,14,32,-18
117900113,4626,1671,2955
117900114,1,0,1
117900115,73,16,57
117900116,963,818,145
117900117,266,303,-37
117900118,26,0,26
117900119,35,387,-352
117900120,151,109,42
117900121,10,14,-4
117900122,901,1036,-135
117900123,358,995,-637
117900124,420,573,-153
117900125,997,702,295
117900126,364,662,-298
117900127,177,795,-618
117900128,164,1250,-1086
117900129,20,0,20
117900130,662,348,314
117900131,0,136,-136
117900132,11,144,-133
117900133,3,218,-215
117900134,45,252,-207
117900135,15,343,-328
117900136,0,65,-65
117900137,11,432,-421
117900138,1,74,-73
117900139,18,154,-136
117900140,5947,129,5818
117900141,134,353,-219
117900142,15,11,4
117900144,53,90,-37
117900145,56,5,51
117900146,96,64,32
117900147,16,96,-80
117900148,3053,1045,2008
117900149,17,260,-243
117900150,18,221,-203
117900151,21,245,-224
117900152,53,127,-74
117900153,6,99,-93
117900154,179,704,-525
117900156,646,633,13
117900157,37,357,-320
117900158,70,48,22
117900160,242,263,-21
117900161,2763,2675,88
117900162,109,331,-222
117900163,42,7,35
117900165,0,9,-9
117900166,78,105,-27
117900168,90,174,-84
117900169,1,168,-167
117900170,0,29,-29
117900171,0,20,-20
117900172,18,45,-27
117900173,138,41,97
117900174,43,57,-14
117900175,1,14,-13
117900176,7,81,-74
117900177,5,50,-45
117900178,76,36,40
117900180,306,24,282
117900181,131,109,22
117900182,4,16,-12
117900183,10,118,-108
117900184,1,50,-49
117900185,2,27,-25
117900186,9,12,-3
117900187,11,8,3
117900188,208,21,187
117900189,59,9,50
117900190,2,0,2
117900191,24,0,24
117900192,50,1,49
117900193,4,59,-55
117900194,2,8,-6
117900195,2,21,-19
117900196,6,28,-22
117900207,113,56,57
117900208,15,46,-31
117900209,86,152,-66
117900210,141,141,0
117900211,9,256,-247
117900212,62,186,-124
117900213,9,15,-6
117900214,10,47,-37
117900215,3,44,-41
117900216,36,12,24
117900217,85,32,53
117900218,230,165,65
117900219,0,17,-17
117900220,20,52,-32
117900222,92,261,-169
117900223,73,125,-52
118000001,533,320,213
118000002,1312,1946,-634
118000003,1179,923,256
118000004,2947,2237,710
118000005,6497,1579,4918
118000006,10597,6669,3928
118000007,6644,1905,4739
118000008,5576,2769,2807
118000009,2180,4271,-2091
118000010,6032,4702,1330
118000011,676,3965,-3289
118000012,879,3914,-3035
118000013,4144,3862,282
118000014,2293,4300,-2007
118000016,274,672,-398
118000017,128,417,-289
118000018,211,773,-562
118000019,1843,1386,457
118000020,1451,1209,242
118000021,750,1558,-808
118000022,2252,622,1630
118000023,1270,264,1006
118000024,1920,592,1328
118000027,22565,4512,18053
118000029,1650,495,1155
118000032,2018,1238,780
118000033,2723,1949,774
118000034,5590,1836,3754
118000035,1594,1419,175
118000036,1003,1104,-101
118000037,474,1060,-586
118000038,116,131,-15
118000039,65,369,-304
118000040,1394,2717,-1323
118000041,1647,1613,34
118000045,803,114,689
118000046,1700,536,1164
118000047,1853,319,1534
118000048,3989,1131,2858
118000051,2349,743,1606
118000052,1509,518,991
118000053,334,378,-44
118000054,1320,1107,213
118000055,956,1839,-883
118000056,287,251,36
118000057,293,442,-149
118000058,4365,1152,3213
118000059,3001,676,2325
118000060,508,1048,-540
118000061,495,1320,-825
118000062,422,239,183
118000063,289,429,-140
118000064,855,1289,-434
118000065,5988,1590,4398
118000066,807,1057,-250
118000067,1570,1074,496
118000068,1839,2509,-670
118000069,3463,1566,1897
118000070,10402,1572,8830
118000071,4572,4257,315
118000072,2128,845,1283
118000073,3033,358,2675
118000074,203,344,-141
118000075,525,357,168
118000076,1057,1070,-13
118000077,1247,1175,72
118000078,1639,1860,-221
118000079,340,450,-110
118000080,1000,863,137
118000081,1234,1104,130
118000082,327,671,-344
118000083,3083,1132,1951
118000084,2987,1463,1524
118000086,139,778,-639
118000087,7609,2641,4968
118000088,2279,2072,207
118000089,4717,2496,2221
118000090,2602,2242,360
118000091,2038,1594,444
118000092,1526,376,1150
118000093,126,675,-549
118000096,464,509,-45
118000097,544,511,33
118000098,167,229,-62
118000099,241,1293,-1052
118000101,500,392,108
118000102,223,2240,-2017
118000107,4382,411,3971
118000108,519,627,-108
118000110,0,13,-13
118000111,3,920,-917
118000112,80,0,80
118000113,12,1413,-1401
118000114,76,1,75
118000115,9,4,5
118000116,27,0,27
118000117,1220,959,261
118000118,651,816,-165
118000119,624,1310,-686
118000120,1484,1813,-329
118000121,52,426,-374
118000122,652,129,523
118000123,67,311,-244
118000125,1509,1541,-32
118000126,406,1896,-1490
118000127,1370,667,703
118000128,671,1325,-654
118000129,473,219,254
118000130,3713,5735,-2022
118000131,437,1364,-927
118000132,2023,1540,483
118000133,407,519,-112
118000135,288,336,-48
118000136,75,742,-667
118000137,492,77,415
118000138,243,1240,-997
118000139,111,150,-39
118000140,2066,2585,-519
118000141,1408,2392,-984
118000142,1099,2662,-1563
118000143,947,913,34
118000144,1636,1202,434
118000145,1097,4149,-3052
118000146,874,2496,-1622
118000147,576,2306,-1730
118000148,255,1572,-1317
118000149,522,1293,-771
118000150,169,195,-26
118000151,127,486,-359
118000153,491,1280,-789
118000154,429,1644,-1215
118000155,501,1362,-861
118000156,2554,2333,221
118000157,372,393,-21
118000158,86,618,-532
118000159,10,52,-42
118000160,196,561,-365
118000161,245,1251,-1006
118000162,1058,752,306
118000163,240,738,-498
118000164,2095,1499,596
118000168,2250,211,2039
118000169,1200,2392,-1192
118000170,4916,9747,-4831
118000171,222,798,-576
118000172,75,312,-237
118000173,644,1266,-622
118000175,172,344,-172
118000176,170,384,-214
118000177,153,472,-319
118000178,30,28,2
118000179,2217,583,1634
118000180,821,916,-95
118000181,714,449,265
118000182,194,363,-169
118000183,151,199,-48
118000184,244,1498,-1254
118000185,1136,730,406
118000186,558,919,-361
118000187,613,1318,-705
118000188,157,336,-179
118000189,244,1132,-888
118000190,8,15,-7
118000191,11,51,-40
118000192,32,95,-63
118000193,29,224,-195
118000194,1959,1010,949
118000195,999,505,494
118000196,333,101,232
118000197,143,46,97
118000198,802,273,529
118000199,435,239,196
118000200,63,186,-123
118000201,355,320,35
118000202,26,43,-17
118000203,1488,306,1182
118000204,202,149,53
118000205,420,259,161
118000206,92,145,-53
118000207,3,151,-148
118000208,1069,1649,-580
118000209,1135,2172,-1037
118000210,28,36,-8
118000211,2,27,-25
118000213,822,794,28
118000214,677,230,447
118000215,174,325,-151
118000216,1046,3698,-2652
118000217,8,144,-136
118000218,40,140,-100
118000219,452,424,28
118000220,2,9,-7
118000221,76,228,-152
118000222,99,16,83
118000223,14,27,-13
118000224,254,147,107
118000225,42,1020,-978
118000226,375,117,258
118000227,1184,338,846
118000228,178,117,61
118000229,131,16,115
118000230,50,355,-305
118000231,25,232,-207
118000232,485,1306,-821
118000233,495,914,-419
118000234,131,422,-291
118000236,197,603,-406
118000237,38,1008,-970
118000238,50,458,-408
118000239,178,269,-91
118000240,764,54,710
118000241,60,348,-288
118000242,311,901,-590
118000243,76,191,-115
118000244,16,281,-265
118000246,0,12,-12
118000255,28,230,-202
118000256,43,251,-208
118000259,13,53,-40
118000260,94,105,-11
118000261,13,175,-162
118000263,55,284,-229
118000266,83,712,-629
118000267,0,118,-118
118000268,163,5,158
118000270,20,41,-21
118000271,68,297,-229
118000272,29,39,-10
118000273,40,110,-70
118000274,91,508,-417
118000276,142,351,-209
118000295,1,67,-66
118000298,150,660,-510
118000299,33,279,-246
118000301,0,53,-53
118000302,33,116,-83
118000311,99,160,-61
118000312,89,295,-206
118000313,18,263,-245
118000314,27,98,-71
118000315,18,90,-72
118000316,316,558,-242
118000325,18,72,-54
118000326,14,73,-59
118000331,6,49,-43
118000332,5,57,-52
118000333,9,59,-50
118000335,53,0,53
118000336,1,577,-576
118000407,44,85,-41
118000457,2,46,-44
118000465,4341,2269,2072
118000480,12,206,-194
118000489,17,110,-93
118000490,45,574,-529
118000492,154,245,-91
118000510,66,23,43
118000514,144,365,-221
118000515,388,293,95
118000517,476,176,300
118000524,865,132,733
118000525,944,1097,-153
118000530,12,146,-134
118000531,103,207,-104
118000532,104,445,-341
118000533,213,203,10
118000534,339,499,-160
118000535,79,100,-21
118000536,1006,369,637
118000537,11,71,-60
118000538,19,144,-125
118000539,16,133,-117
118000540,242,478,-236
118000541,169,155,14
118000542,62,190,-128
118000543,119,282,-163
118000546,32,41,-9
118000553,0,0,0
118000557,0,0,0
118000560,4784,573,4211
118000562,9,505,-496
118000563,2127,1771,356
118000576,84,259,-175
118000577,157,123,34
118000578,168,114,54
118000579,861,925,-64
118000583,1,4,-3
118000595,109,58,51
118000596,0,58,-58
118000597,61,185,-124
118000598,3,0,3
118000599,10,57,-47
118000600,2,21,-19
118000601,2,0,2
118000602,0,25,-25
118000603,0,46,-46
118900001,1765,632,1133
118900002,1340,445,895
118900003,86,17,69
118900004,15,101,-86
118900005,56,1,55
118900006,16,1,15
118900007,4,2,2
118900008,824,47,777
118900009,10,8,2
118900010,8,1,7
118900011,78,20,58
118900012,225,294,-69
118900013,794,38,756
118900015,79,50,29
118900016,12,47,-35
118900017,76,94,-18
118900018,1476,16,1460
118900019,40,6,34
118900020,114,137,-23
118900021,92,315,-223
118900022,109,98,11
118900023,52,112,-60
118900024,14,222,-208
118900025,17,17,0
118900026,26,110,-84
118900027,401,243,158
118900028,54,166,-112
118900029,70,521,-451
118900030,40,52,-12
118900031,55,155,-100
118900032,54,224,-170
118900033,253,922,-669
118900034,28,5,23
118900035,66,379,-313
118900036,456,689,-233
118900037,150,296,-146
118900038,141,437,-296
118900039,128,347,-219
118900040,138,183,-45
118900041,138,251,-113
118900042,85,113,-28
118900045,134,129,5
118900046,855,149,706
118900047,894,151,743
118900048,63,160,-97
118900049,78,32,46
118900050,5,213,-208
118900051,30,33,-3
118900052,120,281,-161
118900053,27,102,-75
118900054,19,83,-64
118900055,11,118,-107
118900056,21,111,-90
118900057,150,273,-123
118900058,212,569,-357
118900059,3,84,-81
118900060,19,136,-117
118900062,66,212,-146
118900064,680,311,369
118900065,23,127,-104
118900066,40,110,-70
118900067,9655,2474,7181
118900068,3,114,-111
118900069,160,293,-133
118900071,3,40,-37
118900072,220,437,-217
118900073,30,95,-65
118900074,43,130,-87
118900075,4,91,-87
118900076,108,59,49
118900077,109,175,-66
118900078,12,2,10
118900079,41,162,-121
118900080,8,97,-89
118900081,30,19,11
118900082,229,170,59
118900083,10,35,-25
118900084,4,16,-12
118900085,401,1069,-668
118900086,11,50,-39
118900087,32,100,-68
118900088,0,40,-40
118900089,13,18,-5
118900090,397,541,-144
118900091,184,82,102
118900092,65,100,-35
118900093,97,13,84
118900096,21,15,6
118900097,140,1074,-934
118900099,17,298,-281
118900100,117,211,-94
118900101,32,1008,-976
118900102,10,53,-43
118900103,57,40,17
118900104,58,241,-183
118900105,157,155,2
118900107,221,128,93
118900108,73,111,-38
118900110,2091,280,1811
118900111,189,756,-567
118900112,20,114,-94
118900113,64,940,-876
118900114,6,137,-131
118900115,58,423,-365
118900116,40,204,-164
118900117,41,224,-183
118900118,119,625,-506
118900119,55,328,-273
118900120,62,350,-288
118900121,5,349,-344
118900122,9,356,-347
118900123,91,283,-192
118900124,53,237,-184
118900126,2,225,-223
118900129,86,145,-59
118900130,45,58,-13
118900131,60,331,-271
118900132,137,156,-19
118900133,20,87,-67
118900135,71,294,-223
118900136,233,1101,-868
118900137,2,10,-8
118900139,53,833,-780
118900140,366,1297,-931
118900141,51,409,-358
118900144,72,959,-887
118900145,29,242,-213
118900146,170,905,-735
118900147,48,68,-20
118900148,24,92,-68
118900150,83,226,-143
118900152,261,1133,-872
118900157,109,120,-11
118900158,14,126,-112
118900159,2,263,-261
118900161,35,6,29
118900163,243,75,168
118900164,2,134,-132
118900165,28,523,-495
118900166,32,11,21
118900167,18,261,-243
118900168,2,66,-64
118900169,55,747,-692
118900170,37,147,-110
118900171,2,32,-30
118900174,21,67,-46
118900175,101,319,-218
118900176,25,169,-144
118900177,4,48,-44
118900178,24,102,-78
118900179,1,55,-54
118900181,44,124,-80
118900182,79,39,40
118900183,6,60,-54
118900184,204,47,157
118900185,41,127,-86
118900186,56,131,-75
118900187,50,279,-229
118900188,108,353,-245
118900189,17,352,-335
118900190,8,832,-824
118900191,56,42,14
118900192,64,25,39
118900193,100,9,91
118900195,317,1117,-800
118900196,17,235,-218
118900197,51,134,-83
118900198,9,59,-50
118900199,2,61,-59
118900200,8,4,4
118900201,9,7,2
118900202,8,84,-76
118900203,3,84,-81
118900204,5,74,-69
118900205,6,29,-23
118900206,0,64,-64
119000001,808,1057,-249
119000002,4025,2788,1237
119000003,1238,2130,-892
119000004,1587,1486,101
119000005,1174,1545,-371
119000006,1154,1437,-283
119000007,2742,3145,-403
119000008,1365,2700,-1335
119000009,5042,2721,2321
119000010,13348,4452,8896
119000011,8323,1878,6445
119000012,8411,3109,5302
119000013,2607,1425,1182
119000014,2580,3931,-1351
119000019,212,240,-28
119000020,850,1507,-657
119000021,2331,2197,134
119000022,4793,1450,3343
119000023,295,228,67
119000024,3229,5729,-2500
119000025,17839,1701,16138
119000026,579,298,281
119000027,1265,482,783
119000028,2138,1494,644
119000029,184,258,-74
119000030,445,1509,-1064
119000031,586,893,-307
119000032,3183,2658,525
119000033,1730,2028,-298
119000034,861,1176,-315
119000035,21,527,-506
119000036,631,1594,-963
119000037,711,3156,-2445
119000038,77,1638,-1561
119000039,96,404,-308
119000040,1197,521,676
119000041,1068,921,147
119000048,4906,5173,-267
119000049,1376,5094,-3718
119000050,1652,2730,-1078
119000051,1584,984,600
119000052,2467,3429,-962
119000053,1753,1336,417
119000054,2060,5084,-3024
119000055,1858,4090,-2232
119000056,1239,2299,-1060
119000057,1048,3410,-2362
119000058,1508,2987,-1479
119000059,818,2059,-1241
119000060,973,819,154
119000061,871,1083,-212
119000062,980,1580,-600
119000063,163,212,-49
119000064,1102,2044,-942
119000065,1874,4495,-2621
119000066,1541,1044,497
119000067,1738,3554,-1816
119000068,862,1096,-234
119000069,868,3420,-2552
119000070,1157,1397,-240
119000071,567,1274,-707
119000072,7471,4870,2601
119000073,6023,5679,344
119000074,524,5036,-4512
119000075,561,3055,-2494
119000076,531,1111,-580
119000077,877,700,177
119000078,231,360,-129
119000079,51,926,-875
119000080,90,336,-246
119000081,176,658,-482
119000082,386,372,14
119000083,239,400,-161
119000084,214,864,-650
119000085,724,402,322
119000086,156,481,-325
119000087,1684,1314,370
119000088,221,306,-85
119000089,40,125,-85
119000090,176,167,9
119000091,135,267,-132
119000092,974,194,780
119000093,4419,4956,-537
119000094,1598,5062,-3464
119000095,929,3838,-2909
119000097,3587,2048,1539
119000098,549,1410,-861
119000099,2059,2186,-127
119000100,2908,2198,710
119000101,3472,3474,-2
119000102,754,533,221
119000103,1764,594,1170
119000104,3902,1947,1955
119000105,455,754,-299
119000106,198,3195,-2997
119000107,276,504,-228
119000108,138,1861,-1723
119000109,111,505,-394
119000110,624,780,-156
119000111,72,529,-457
119000112,248,247,1
119000113,3997,414,3583
119000114,821,524,297
119000115,163,94,69
119000116,123,74,49
119000117,137,391,-254
119000118,3,2,1
119000123,2205,602,1603
119000124,236,308,-72
119000125,1095,1474,-379
119000126,345,1279,-934
119000127,156,1383,-1227
119000128,76,10,66
119000131,380,1621,-1241
119000132,1,12,-11
119000133,0,8,-8
119000134,3769,651,3118
119000135,42,274,-232
119000136,74,479,-405
119000137,64,810,-746
119000138,110,756,-646
119000139,83,460,-377
119000140,102,267,-165
119000284,1831,2965,-1134
119000285,3316,2425,891
119000286,7915,5499,2416
119000287,1518,2751,-1233
119000288,1383,2459,-1076
119000289,2548,5459,-2911
119000290,221,684,-463
119000291,3,455,-452
119000293,32,182,-150
119000294,43,23,20
119000295,2734,877,1857
119000296,120,183,-63
119000302,6483,1629,4854
119000303,24,122,-98
119000304,0,0,0
119000310,0,0,0
119000314,1745,4988,-3243
119000315,3,954,-951
119000316,38,155,-117
119000317,27,806,-779
119900001,162,558,-396
119900002,41,311,-270
119900003,29,1841,-1812
119900004,425,255,170
119900005,48,201,-153
119900006,77,364,-287
119900007,410,64,346
119900008,50,47,3
119900009,329,629,-300
119900010,1842,1511,331
119900011,16,19,-3
119900012,7,52,-45
119900013,1508,658,850
119900014,796,254,542
119900015,50,21,29
119900016,19,136,-117
119900017,8,44,-36
119900018,1233,149,1084
119900019,13,1,12
119900020,106,255,-149
119900021,55,97,-42
119900022,110,225,-115
119900023,989,340,649
119900025,51,22,29
119900026,1297,55,1242
119900027,5,25,-20
119900028,67,38,29
119900029,1,11,-10
119900030,551,531,20
119900031,18,133,-115
119900033,3054,114,2940
119900034,89,225,-136
119900037,25,42,-17
119900038,26,141,-115
119900039,51,4,47
119900040,36,13,23
119900041,61,74,-13
119900042,41,193,-152
119900043,15,199,-184
119900044,158,310,-152
119900046,49,122,-73
119900047,101,46,55
119900048,5,47,-42
119900049,19,6,13
119900050,30,53,-23
119900051,92,3,89
119900052,16,112,-96
119900053,82,270,-188
119900054,15,0,15
119900055,463,243,220
119900057,62,115,-53
119900058,50,3,47
119900059,99,44,55
119900060,125,4,121
119900062,13,42,-29
119900063,6,47,-41
119900065,104,3,101
119900066,0,1,-1
119900067,43,47,-4
119900068,122,1,121
119900069,33,31,2
119900070,204,54,150
119900071,118,7,111
119900073,2489,498,1991
119900074,20,24,-4
119900075,7727,1929,5798
119900076,138,609,-471
119900077,223,2225,-2002
119900078,161,954,-793
119900079,59,505,-446
119900080,531,1572,-1041
119900081,50,58,-8
119900082,272,120,152
119900083,396,105,291
119900084,547,209,338
119900085,198,58,140
119900087,190,173,17
119900088,48,109,-61
119900089,6,855,-849
119900090,221,111,110
119900091,11,1659,-1648
119900092,21,591,-570
119900093,776,98,678
119900094,25,304,-279
119900095,154,81,73
119900096,44,101,-57
119900097,351,192,159
119900098,34,57,-23
119900099,36,412,-376
119900100,3667,1616,2051
119900101,218,859,-641
119900102,33,533,-500
119900103,18,779,-761
119900104,34,388,-354
119900105,767,2160,-1393
119900106,7,347,-340
119900107,386,4549,-4163
119900108,2130,881,1249
119900109,13,327,-314
119900110,320,990,-670
119900111,41,541,-500
119900112,3563,476,3087
119900113,51,715,-664
119900114,108,2393,-2285
119900115,61,1727,-1666
119900116,273,244,29
119900117,119,1749,-1630
119900118,83,1689,-1606
119900119,48,395,-347
119900120,694,1137,-443
119900121,115,1965,-1850
119900122,288,565,-277
119900123,157,235,-78
119900124,43,1637,-1594
119900125,27,671,-644
119900126,8732,258,8474
119900127,3313,1120,2193
119900128,186,1374,-1188
119900129,40,1470,-1430
119900130,28,399,-371
119900131,20,609,-589
119900132,0,549,-549
119900133,10,37,-27
119900134,2997,356,2641
119900135,2,738,-736
119900136,171,910,-739
119900138,487,1123,-636
119900139,9,122,-113
119900140,5,246,-241
119900141,115,277,-162
119900142,10,37,-27
119900143,15,336,-321
119900144,3563,327,3236
119900145,53,361,-308
119900146,167,159,8
119900147,5,137,-132
119900148,52,58,-6
119900149,2453,2510,-57
119900150,145,280,-135
119900151,1848,924,924
119900152,39,668,-629
119900153,71,75,-4
119900154,78,567,-489
119900155,5,23,-18
119900156,5,5,0
119900157,26,422,-396
119900158,45,101,-56
119900159,7,2377,-2370
119900160,10,414,-404
119900161,177,430,-253
119900162,526,552,-26
119900163,181,135,46
119900164,0,2,-2
119900165,64,469,-405
119900166,43,34,9
119900167,45,160,-115
119900168,225,475,-250
119900169,189,149,40
119900170,181,160,21
119900171,484,739,-255
119900172,138,15,123
119900173,7,856,-849
119900174,1,451,-450
119900175,426,757,-331
119900177,9,293,-284
119900178,25,326,-301
119900179,30,153,-123
119900180,649,692,-43
119900181,22,17,5
119900182,2,864,-862
119900183,104,1357,-1253
119900184,4048,605,3443
119900185,12,71,-59
119900186,48,250,-202
119900187,5,928,-923
119900188,30,428,-398
119900189,290,184,106
119900190,42,173,-131
119900191,190,111,79
119900192,17,307,-290
119900193,81,249,-168
119900194,8,25,-17
119900195,8,299,-291
119900196,3031,597,2434
119900197,48,133,-85
119900198,36,616,-580
119900199,150,16,134
119900200,184,741,-557
119900201,436,259,177
119900202,306,66,240
119900203,87,228,-141
119900204,95,440,-345
119900205,166,850,-684
119900206,22,150,-128
119900208,97,137,-40
119900209,209,488,-279
119900210,13,33,-20
119900211,86,20,66
119900212,51,422,-371
119900213,5,55,-50
119900214,3,153,-150
119900215,16,129,-113
119900216,5,134,-129
119900217,6,96,-90
119900218,8,74,-66
119900219,3,172,-169
119900220,8,209,-201
119900221,11,773,-762
119900222,16,547,-531
119900223,21,214,-193
119900224,27,67,-40
119900225,2037,47,1990
119900226,1658,982,676
119900227,2056,535,1521
119900228,51,408,-357
119900229,246,581,-335
119900230,1653,762,891
119900231,47,239,-192
119900232,141,35,106
119900233,10,0,10
119900234,13,35,-22
119900235,9,25,-16
119900236,20,337,-317
119900237,59,791,-732
119900238,1,132,-131
119900240,18,192,-174
119900241,73,345,-272
119900242,2727,835,1892
119900244,871,1822,-951
119900245,47,143,-96
119900246,148,157,-9
119900247,13,59,-46
119900248,30,31,-1
119900249,120,50,70
119900253,5522,364,5158
119900254,21,162,-141
119900255,68,866,-798
119900256,171,2162,-1991
119900257,12,0,12
119900258,46,39,7
119900259,2,396,-394
119900260,20,0,20
119900261,99,272,-173
119900262,45,490,-445
119900263,930,449,481
119900264,39,442,-403
119900265,199,765,-566
119900266,116,427,-311
119900267,100,642,-542
119900268,73,457,-384
119900269,250,2597,-2347
119900271,50,112,-62
119900272,86,33,53
119900275,36,1,35
119900276,6,0,6
119900277,0,1,-1
119900278,328,34,294
119900279,106,191,-85
119900280,1126,243,883
119900281,2,51,-49
119900282,42,21,21
119900283,3,459,-456
119900284,47,301,-254
119900285,5,30,-25
119900286,5,11,-6
119900288,2,28,-26
119900289,2,32,-30
119900290,3,32,-29
119900291,0,43,-43
119900292,13,5,8
119900293,9,1,8
119900294,8,1,7
119900295,0,0,0
119900296,0,0,0
119900299,31,481,-450
119900300,117,391,-274
119900301,99,16,83
119900302,73,64,9
119900303,137,440,-303
119900304,74,29,45
119900305,36,126,-90
119900306,11,2,9
119900307,19,260,-241
119900308,10,20,-10
119900309,2,36,-34
119900310,284,345,-61
119900311,25,244,-219
119900312,60,135,-75
119900313,99,579,-480
119900314,47,241,-194
119900315,441,3832,-3391
119900318,27,15,12
119900319,1,863,-862
119900320,179,1025,-846
119900321,27,1,26
119900322,49,89,-40
119900323,7,125,-118
119900324,1,64,-63
119900325,24,577,-553
119900326,277,62,215
120000001,9654,6697,2957
120000002,2228,4276,-2048
120000003,4180,2464,1716
120000004,3405,3208,197
120000005,6643,2725,3918
120000006,1489,1589,-100
120000007,3641,2567,1074
120000008,1242,1743,-501
120000009,6997,1176,5821
120000010,1202,4554,-3352
120000011,863,2868,-2005
120000012,1660,4217,-2557
120000013,1732,3567,-1835
120000014,348,2011,-1663
120000015,2110,2097,13
120000016,2664,2203,461
120000017,1426,1560,-134
120000018,6491,6341,150
120000019,816,902,-86
120000020,2756,2248,508
120000021,2513,1786,727
120000022,3369,3046,323
120000023,741,1890,-1149
120000024,1396,2393,-997
120000025,1506,2663,-1157
120000026,926,2430,-1504
120000027,1045,1789,-744
120000028,583,377,206
120000029,3422,468,2954
120000030,299,660,-361
120000031,2267,5410,-3143
120000032,14087,3789,10298
120000033,2035,2100,-65
120000034,879,3073,-2194
120000035,1047,3168,-2121
120000036,2151,4501,-2350
120000037,454,774,-320
120000038,15238,3822,11416
120000039,452,1303,-851
120000040,52,124,-72
120000041,335,2705,-2370
120000042,1497,6737,-5240
120000043,4149,3639,510
120000044,2315,1356,959
120000045,2388,1121,1267
120000046,1296,1881,-585
120000047,2419,2855,-436
120000048,11498,3370,8128
120000049,2058,3217,-1159
120000050,2338,5319,-2981
120000051,4556,4372,184
120000052,21433,3383,18050
120000053,829,5827,-4998
120000054,1542,9407,-7865
120000055,848,5746,-4898
120000056,3471,6690,-3219
120000057,1572,1305,267
120000058,283,277,6
120000059,115,1292,-1177
120000061,99,965,-866
120000062,227,291,-64
120000063,2185,4312,-2127
120000064,236,2358,-2122
120000065,367,2585,-2218
120000066,94,772,-678
120000067,41,717,-676
120000068,99,1634,-1535
120000069,462,2377,-1915
120000070,27,1548,-1521
120000071,91,236,-145
120000072,202,514,-312
120000073,167,100,67
120000074,64,116,-52
120000075,191,256,-65
120000076,581,301,280
120000077,772,390,382
120000078,4296,491,3805
120000079,62,138,-76
120000080,31,103,-72
120000081,212,92,120
120000082,143,120,23
120000083,36,158,-122
120000084,413,897,-484
120000085,453,749,-296
120000086,214,1099,-885
120000087,132,1935,-1803
120000088,621,1568,-947
120000089,843,502,341
120000090,274,505,-231
120000091,409,1005,-596
120000092,770,634,136
120000093,187,593,-406
120000094,69,361,-292
120000095,580,988,-408
120000096,205,1844,-1639
120000098,603,1471,-868
120000099,143,1026,-883
120000100,574,1262,-688
120000101,317,692,-375
120000102,350,351,-1
120000103,559,286,273
120000104,804,205,599
120000105,1020,267,753
120000106,806,268,538
120000107,1146,424,722
120000108,306,107,199
120000109,505,45,460
120000110,69,1164,-1095
120000111,111,1876,-1765
120000112,519,6029,-5510
120000113,496,4391,-3895
120000114,343,3243,-2900
120000115,247,2839,-2592
120000116,539,2724,-2185
120000117,1502,2394,-892
120000118,21,16,5
120000119,34,37,-3
120000120,18,21,-3
120000121,19,32,-13
120000122,198,257,-59
120000123,8975,2132,6843
120000124,199,670,-471
120000125,209,902,-693
120000126,196,610,-414
120000127,1207,515,692
120000128,2632,1779,853
120000129,204,254,-50
120000130,619,781,-162
120000131,205,507,-302
120000134,370,2147,-1777
120000135,77,352,-275
120000137,78,3279,-3201
120000138,177,752,-575
120000139,93,1700,-1607
120000140,174,882,-708
120000141,81,772,-691
120000142,112,751,-639
120000143,2,144,-142
120000144,33,1,32
120000145,119,3,116
120000146,2352,658,1694
120000149,432,1198,-766
120000150,7615,7124,491
120000151,447,397,50
120000152,177,343,-166
120000153,118,1048,-930
120000154,316,497,-181
120000155,126,124,2
120000156,1939,326,1613
120000157,907,699,208
120000158,497,1253,-756
120000159,2280,2994,-714
120000160,2145,1432,713
120000161,789,3292,-2503
120000162,32,239,-207
120000163,225,1839,-1614
120000164,190,678,-488
120000165,184,1295,-1111
120000166,370,763,-393
120000167,8,18,-10
120000168,3,86,-83
120000169,116,192,-76
120000170,167,122,45
120000171,34,35,-1
120000172,17,26,-9
120000173,2872,142,2730
120000174,438,6,432
120000175,431,7,424
120000176,175,83,92
120000177,1532,520,1012
120000178,151,5,146
120000179,318,10,308
120000180,617,49,568
120000181,222,79,143
120000182,108,53,55
120000183,5,134,-129
120000184,120,2444,-2324
120000186,30,59,-29
120000187,63,30,33
120000188,155,58,97
120000190,1156,11,1145
120000191,1869,8,1861
120000192,2180,7,2173
120000193,1109,2,1107
120000195,112,1,111
120000196,336,48,288
120000197,90,172,-82
120000198,62,248,-186
120000199,29,1,28
120000200,21,1,20
120000201,13,10,3
120000202,2,82,-80
120000203,13,679,-666
120000207,3,179,-176
120000208,13,568,-555
120000209,4,176,-172
120000210,205,131,74
120000211,43,0,43
120000212,40,1,39
120000213,46,565,-519
120000214,1,663,-662
120000215,3,229,-226
120000216,29,8,21
120000217,1091,1972,-881
120000218,300,1914,-1614
120000219,15,1234,-1219
120000220,22,4410,-4388
120000225,396,0,396
120000226,177,2,175
120000227,646,16,630
120000228,11081,1888,9193
120000230,67,6,61
120000231,327,3643,-3316
120000233,64,13,51
120000235,68,826,-758
120000236,342,0,342
120000237,4,3341,-3337
120000238,0,112,-112
120000241,1006,2410,-1404
120000412,2513,26,2487
120000413,97,642,-545
120000414,24,4,20
120000415,4,295,-291
120000416,16,14,2
120000417,0,134,-134
120000418,28,18,10
120000419,10,784,-774
120000420,57,21,36
120000421,22064,7364,14700
120000422,333,359,-26
120000423,3,47,-44
120000424,35,372,-337
120000436,72,266,-194
120000437,174,278,-104
120000438,7320,445,6875
120000439,110,201,-91
120000443,107,0,107
120000444,419,573,-154
120000445,1173,1151,22
120000446,1151,351,800
120000447,103,2,101
120000449,31,9,22
120000450,6,575,-569
120000451,50,238,-188
120000452,126,4,122
120000453,2,490,-488
120000454,64,24,40
120000455,36,85,-49
120000456,4604,2683,1921
120000457,1700,1292,408
120000458,455,931,-476
120000459,49,64,-15
120000665,1160,141,1019
120000668,85,128,-43
120000669,36,594,-558
120000670,271,458,-187
120000671,334,244,90
120000672,107,560,-453
120900001,45,22,23
120900002,128,297,-169
120900003,110,35,75
120900004,8,30,-22
120900005,5,1530,-1525
120900006,72,216,-144
120900007,63,266,-203
120900008,167,1718,-1551
120900009,233,93,140
120900010,149,36,113
120900011,349,100,249
120900012,1640,486,1154
120900013,120,17,103
120900014,4,1264,-1260
120900015,217,108,109
120900016,209,60,149
120900017,4421,134,4287
120900018,44,625,-581
120900019,354,61,293
120900020,520,304,216
120900021,200,35,165
120900022,21,623,-602
120900023,59,45,14
120900024,1549,495,1054
120900025,2644,725,1919
120900026,33,202,-169
120900027,670,150,520
120900028,80,26,54
120900029,72,175,-103
120900030,497,399,98
120900031,67,19,48
120900032,242,206,36
120900033,271,17,254
120900034,147,1617,-1470
120900035,27,121,-94
120900037,45,1,44
120900038,21,83,-62
120900039,21,25,-4
120900040,85,3,82
120900041,137,32,105
120900042,76,59,17
120900043,15,7,8
120900044,116,647,-531
120900045,83,195,-112
120900046,123,6,117
120900047,62,25,37
120900048,46,11,35
120900049,83,1,82
120900050,5840,791,5049
120900051,134,100,34
120900052,109,1,108
120900053,98,113,-15
120900054,1311,1117,194
120900055,57,1,56
120900056,173,9,164
120900057,47,24,23
120900058,118,2,116
120900059,22,0,22
120900060,13,35,-22
120900061,191,384,-193
120900062,72,0,72
120900063,151,5,146
120900064,107,1,106
120900065,100,3,97
120900066,54,482,-428
120900067,126,21,105
120900068,67,1,66
120900069,87,111,-24
120900071,33,9,24
120900072,185,0,185
120900073,116,392,-276
120900074,250,4,246
120900076,90,0,90
120900077,5102,194,4908
120900078,222,1023,-801
120900079,150,102,48
120900080,177,3600,-3423
120900081,189,2589,-2400
120900082,595,244,351
120900083,13,2,11
120900084,104,166,-62
120900085,126,88,38
120900086,260,125,135
120900087,155,57,98
120900088,144,183,-39
120900089,6936,1049,5887
120900090,56,243,-187
120900091,308,193,115
120900092,535,1176,-641
120900093,6732,389,6343
120900094,500,395,105
120900095,87,19,68
120900096,24,127,-103
120900097,673,2113,-1440
120900098,298,320,-22
120900099,42,101,-59
120900100,66,631,-565
120900101,274,487,-213
120900102,11,168,-157
120900103,16,167,-151
120900104,39,50,-11
120900105,30,1421,-1391
120900106,1468,912,556
120900107,565,334,231
120900108,2,1619,-1617
120900109,16,1163,-1147
120900110,8,627,-619
120900111,153,567,-414
120900112,13,2120,-2107
120900113,5,1410,-1405
120900114,16,408,-392
120900115,155,121,34
120900116,55,1029,-974
120900117,2,894,-892
120900118,2,1406,-1404
120900119,6388,3687,2701
120900120,29,1167,-1138
120900121,61,551,-490
120900122,80,1005,-925
120900123,4,821,-817
120900124,4,910,-906
120900125,8,1584,-1576
120900126,1107,904,203
120900127,6,870,-864
120900128,952,1058,-106
120900129,43,675,-632
120900130,5,501,-496
120900131,16,87,-71
120900132,200,484,-284
120900133,233,1978,-1745
120900134,258,702,-444
120900135,12,1098,-1086
120900136,25,17,8
120900137,60,152,-92
120900138,7,371,-364
120900139,6,1332,-1326
120900140,3,76,-73
120900141,26,113,-87
120900142,8,1272,-1264
120900143,6,1633,-1627
120900144,2,366,-364
120900145,101,1281,-1180
120900146,7,1714,-1707
120900147,3,391,-388
120900148,29,94,-65
120900149,2,673,-671
120900150,31,797,-766
120900151,2,951,-949
120900152,1,69,-68
120900153,3,113,-110
120900154,2,476,-474
120900155,78,1642,-1564
120900156,14,602,-588
120900157,14,374,-360
120900158,10,830,-820
120900159,41,1117,-1076
120900160,24,480,-456
120900161,34,1850,-1816
120900162,13,2006,-1993
120900163,6,127,-121
120900164,0,0,0
120900165,0,6,-6
120900166,29,151,-122
120900167,114,125,-11
120900169,26,794,-768
120900170,3779,1074,2705
120900171,1669,439,1230
120900172,1875,105,1770
120900173,1,77,-76
120900174,2,141,-139
120900175,460,293,167
120900176,7,119,-112
120900177,0,293,-293
120900178,0,163,-163
120900179,559,468,91
120900180,110,80,30
120900181,21,92,-71
120900182,26,388,-362
120900183,637,109,528
120900184,157,86,71
120900185,2,558,-556
120900186,5,670,-665
120900187,157,538,-381
120900188,47,10,37
120900189,141,249,-108
120900190,24,23,1
120900191,2,27,-25
120900192,21499,1836,19663
120900194,27,132,-105
120900195,72,501,-429
120900196,428,82,346
120900197,236,37,199
120900198,209,1049,-840
120900199,205,119,86
120900200,152,70,82
120900201,915,232,683
120900202,1,313,-312
120900203,6,36,-30
120900204,321,568,-247
120900205,81,135,-54
120900206,18,18,0
120900207,52,1830,-1778
121000001,1199,1443,-244
121000002,1772,1083,689
121000003,6140,2537,3603
121000004,3061,2493,568
121000005,2600,3099,-499
121000006,3100,1262,1838
121000007,3251,3682,-431
121000008,4239,2555,1684
121000009,11717,6259,5458
121000010,13058,3565,9493
121000011,20460,10713,9747
121000012,27582,7257,20325
121000013,7257,6902,355
121000014,9269,6481,2788
121000015,5362,6514,-1152
121000016,5437,4013,1424
121000017,1789,4450,-2661
121000018,2212,2106,106
121000019,21069,8607,12462
121000020,13314,7433,5881
121000021,2817,4009,-1192
121000022,1451,1536,-85
121000023,5604,4252,1352
121000024,2775,3492,-717
121000025,778,784,-6
121000026,304,128,176
121000027,1772,991,781
121000028,708,586,122
121000029,790,955,-165
121000030,422,428,-6
121000031,429,837,-408
121000032,146,71,75
121000034,189,127,62
121000035,81,84,-3
121000036,812,925,-113
121000037,465,711,-246
121000038,653,516,137
121000039,301,637,-336
121000041,324,763,-439
121000042,166,285,-119
121000043,1018,724,294
121000044,1826,655,1171
121000045,357,458,-101
121000046,277,836,-559
121000047,23,149,-126
121000049,2050,915,1135
121000050,301,1205,-904
121000051,577,551,26
121000052,261,600,-339
121000053,403,64,339
121000054,23,203,-180
121000055,2032,1144,888
121000056,1053,1065,-12
121000057,139,451,-312
121000058,481,102,379
121000059,2107,1225,882
121000060,453,691,-238
121000061,58,153,-95
121000062,148,210,-62
121000063,688,493,195
121000064,407,679,-272
121000065,449,430,19
121000066,647,589,58
121000067,1134,279,855
121000068,602,589,13
121000069,1140,202,938
121000070,1706,1797,-91
121000071,727,853,-126
121000072,1184,1055,129
121000073,752,844,-92
121000074,90,128,-38
121000075,152,49,103
121000076,2122,373,1749
121000077,239,100,139
121000078,133,112,21
121000080,3499,763,2736
121000081,3131,1587,1544
121000082,144,337,-193
121000083,448,148,300
121000084,191,74,117
121000085,484,593,-109
121000086,197,1025,-828
121000087,102,289,-187
121000088,385,759,-374
121000089,639,282,357
121000090,399,404,-5
121000091,2611,664,1947
121000092,102,113,-11
121000093,184,288,-104
121000094,521,464,57
121000095,302,796,-494
121000096,3237,2225,1012
121000097,2338,1507,831
121000098,249,1747,-1498
121000099,292,1162,-870
121000100,284,1012,-728
121000101,126,363,-237
121000102,48,707,-659
121000103,75,453,-378
121000104,62,275,-213
121000105,251,495,-244
121000106,118,497,-379
121000107,2556,4933,-2377
121000109,2088,1181,907
121000110,422,365,57
121000114,2522,2338,184
121000115,1101,909,192
121000116,653,874,-221
121000117,1531,269,1262
121000118,1214,413,801
121000119,192,383,-191
121000120,211,655,-444
121000121,641,1165,-524
121000123,2295,888,1407
121000126,125,338,-213
121000127,130,80,50
121000128,335,943,-608
121000129,259,676,-417
121000130,360,1523,-1163
121000131,2403,1071,1332
121000132,1191,1126,65
121000135,676,530,146
121000136,1223,652,571
121000137,577,170,407
121000138,832,486,346
121000139,567,73,494
121000141,191,147,44
121000142,1226,626,600
121000143,167,12,155
121000144,1171,1010,161
121000145,293,1607,-1314
121000146,754,951,-197
121000147,474,508,-34
121000148,760,1321,-561
121000149,1511,1169,342
121000152,340,670,-330
121000153,2414,671,1743
121000154,700,725,-25
121000155,1069,1012,57
121000156,489,876,-387
121000157,2035,2306,-271
121000158,460,618,-158
121000159,152,782,-630
121000160,285,944,-659
121000161,58,451,-393
121000162,24,460,-436
121000165,2628,1617,1011
121000166,51,337,-286
121000168,150,272,-122
121000169,24,249,-225
121000170,162,64,98
121000171,37,207,-170
121000172,364,509,-145
121000173,1259,690,569
121000174,156,409,-253
121000175,452,522,-70
121000176,353,251,102
121000177,708,703,5
121000178,61,77,-16
121000179,80,94,-14
121000181,362,397,-35
121000182,46,158,-112
121000183,40,50,-10
121000184,20,44,-24
121000185,6,127,-121
121000186,131,248,-117
121000187,125,431,-306
121000188,29,385,-356
121000192,608,421,187
121000193,455,452,3
121000194,3089,2656,433
121000195,477,1114,-637
121000196,585,269,316
121000197,198,1052,-854
121000198,93,63,30
121000199,68,771,-703
121000200,133,68,65
121000201,4,304,-300
121000202,203,105,98
121000203,340,3400,-3060
121000204,798,669,129
121000205,139,418,-279
121000206,87,46,41
121000207,660,571,89
121000208,7,640,-633
121000209,121,652,-531
121000210,152,715,-563
121000211,59,131,-72
121000212,275,1076,-801
121000213,11534,2810,8724
121000214,890,1068,-178
121000215,1737,861,876
121000216,484,416,68
121000217,4156,1907,2249
121000218,447,2223,-1776
121000219,1044,348,696
121000220,399,99,300
121000221,117,286,-169
121000222,2730,2817,-87
121000223,404,297,107
121000224,320,85,235
121000225,996,780,216
121000226,1229,502,727
121000227,10,266,-256
121000228,12,1128,-1116
121000229,74,666,-592
121000230,70,2504,-2434
121000231,177,14,163
121000232,380,159,221
121000233,327,340,-13
121000234,6,34,-28
121000235,10,9,1
121000236,1,48,-47
121000237,8,6,2
121000238,1,111,-110
121000239,12,3,9
121000240,5,178,-173
121000241,45,9,36
121000242,9,164,-155
121000243,61,20,41
121000244,3,93,-90
121000245,1,24,-23
121000246,7,84,-77
121000247,23,3,20
121000248,275,467,-192
121000249,60,283,-223
121000250,131,70,61
121000251,20,814,-794
121000252,28,20,8
121000253,167,903,-736
121000254,279,254,25
121000255,173,120,53
121000256,191,179,12
121000257,33,72,-39
121000258,29,55,-26
121000259,11,36,-25
121000260,35,149,-114
121000261,17,41,-24
121000262,1614,575,1039
121000263,308,513,-205
121000271,253,2133,-1880
121000273,27,10,17
121000274,0,51,-51
121000275,3,27,-24
121000276,0,6,-6
121000278,16,73,-57
121000279,35,15,20
121000280,11,60,-49
121000289,63,32,31
121000290,1163,797,366
121000294,35,336,-301
121000297,937,601,336
121000299,118,224,-106
121000300,926,543,383
121000302,85,582,-497
121000303,480,356,124
121000304,334,69,265
121000305,101,82,19
121000306,33,138,-105
121000308,155,378,-223
121000309,415,735,-320
121000310,79,608,-529
121000311,78,892,-814
121000312,446,218,228
121000313,738,585,153
121000314,107,124,-17
121000315,42,49,-7
121000530,675,1661,-986
121000531,1077,1620,-543
121000532,5808,4130,1678
121000533,2506,2566,-60
121000918,17,331,-314
121000919,8,51,-43
121000938,253,119,134
121000939,451,91,360
121000956,410,1776,-1366
121000957,6,11,-5
121000958,45,81,-36
121000959,226,1622,-1396
121000960,638,3028,-2390
121000961,188,16,172
121000962,272,616,-344
121000973,1,244,-243
121000976,15,224,-209
121000979,150,63,87
121000981,220,44,176
121000982,119,305,-186
121000983,134,610,-476
121000984,12,35,-23
121000985,228,1031,-803
121000986,65,670,-605
121000987,93,2084,-1991
121000988,325,127,198
121001302,409,109,300
121001308,2,6,-4
121001309,44,45,-1
121001311,0,1,-1
121001313,83,607,-524
121001314,5473,4622,851
121001315,4289,1512,2777
121001318,0,0,0
121900001,56,207,-151
121900002,22,21,1
121900003,275,26,249
121900004,65,413,-348
121900005,7,4,3
121900006,47,27,20
121900007,2104,2452,-348
121900008,3351,209,3142
121900009,395,21,374
121900010,246,5,241
121900011,347,554,-207
121900012,1,0,1
121900013,565,8,557
121900014,1033,325,708
121900015,93,222,-129
121900016,3,30,-27
121900017,181,499,-318
121900018,210,1,209
121900019,133,298,-165
121900020,38,1,37
121900021,491,8,483
121900022,217,138,79
121900023,38,418,-380
121900024,436,43,393
121900025,349,265,84
121900026,201,49,152
121900027,179,130,49
121900028,196,6,190
121900029,79,206,-127
121900030,481,418,63
121900031,1065,2164,-1099
121900032,85,67,18
121900033,111,120,-9
121900034,122,67,55
121900035,2878,1305,1573
121900036,50,387,-337
121900037,112,695,-583
121900038,20,134,-114
121900039,238,31,207
121900040,14,74,-60
121900041,72,147,-75
121900042,229,130,99
121900043,6,6,0
121900044,465,24,441
121900046,298,153,145
121900047,154,30,124
121900048,7,164,-157
121900050,12,41,-29
121900051,57,188,-131
121900052,58,63,-5
121900053,184,190,-6
121900054,519,865,-346
121900055,0,17,-17
121900058,42,278,-236
121900059,155,98,57
121900060,58,286,-228
121900061,127,134,-7
121900062,77,36,41
121900063,295,231,64
121900064,85,983,-898
121900066,13,37,-24
121900067,0,3,-3
121900069,212,153,59
121900070,131,94,37
121900071,67,244,-177
121900072,35,172,-137
121900073,207,152,55
121900074,570,372,198
121900075,241,165,76
121900076,132,721,-589
121900077,3,27,-24
121900078,31,51,-20
121900079,0,0,0
121900080,408,562,-154
121900082,28,140,-112
121900084,1,341,-340
121900085,1,12,-11
121900086,5,57,-52
121900087,248,103,145
121900088,3524,1887,1637
121900089,28,549,-521
121900090,3,189,-186
121900091,3,113,-110
121900092,60,133,-73
121900093,38,66,-28
121900094,6,6,0
121900095,135,105,30
121900096,2008,405,1603
121900097,124,166,-42
121900098,2,1,1
121900099,100,133,-33
121900100,59,142,-83
121900101,69,81,-12
121900102,8,106,-98
121900103,465,133,332
121900104,630,162,468
121900105,43,53,-10
121900106,2,4,-2
121900107,5,58,-53
121900108,0,0,0
121900109,257,92,165
121900110,130,1546,-1416
121900111,759,94,665
121900112,193,96,97
121900113,35,140,-105
121900114,0,0,0
121900117,40,12,28
121900118,2705,246,2459
121900119,39,172,-133
121900120,32,1499,-1467
121900121,685,74,611
121900122,7,28,-21
121900123,211,342,-131
121900124,72,288,-216
121900125,1022,1056,-34
121900127,16,67,-51
121900128,25,201,-176
121900129,1698,66,1632
121900130,56,270,-214
121900131,119,119,0
121900132,14,158,-144
121900133,63,41,22
121900134,7,127,-120
121900135,2927,304,2623
121900136,65,530,-465
121900137,35,250,-215
121900138,63,256,-193
121900139,386,465,-79
121900140,16,179,-163
121900141,23,13,10
121900142,25,138,-113
121900143,5,153,-148
121900144,268,340,-72
121900145,113,141,-28
121900146,426,803,-377
121900147,69,250,-181
121900148,103,282,-179
121900149,207,776,-569
121900150,63,245,-182
121900151,56,236,-180
121900152,35,154,-119
121900153,51,556,-505
121900154,3,155,-152
121900155,1,74,-73
121900156,127,121,6
121900157,3,485,-482
121900158,51,93,-42
121900159,2,222,-220
121900160,44,246,-202
121900161,537,269,268
121900162,96,82,14
121900163,49,965,-916
121900164,255,199,56
121900165,46,264,-218
121900166,83,240,-157
121900167,90,98,-8
121900168,148,112,36
121900169,6,440,-434
121900170,4,163,-159
121900171,452,514,-62
121900172,207,324,-117
121900173,755,179,576
121900174,22,76,-54
121900175,40,175,-135
121900176,395,2170,-1775
121900177,131,65,66
121900178,12,120,-108
121900179,165,106,59
121900180,7701,2651,5050
121900182,329,304,25
121900183,343,283,60
121900184,32,748,-716
121900186,19,384,-365
121900187,15,103,-88
121900188,621,213,408
121900189,33,158,-125
121900190,158,442,-284
121900191,61,118,-57
121900192,527,535,-8
121900193,16,292,-276
121900194,5,172,-167
121900195,90,121,-31
121900196,579,973,-394
121900197,357,2423,-2066
121900198,1090,940,150
121900199,3,32,-29
121900200,38,164,-126
121900201,1024,660,364
121900202,120,317,-197
121900203,347,713,-366
121900204,1160,618,542
121900205,4,118,-114
121900206,3,8,-5
121900207,140,19,121
121900208,78,220,-142
121900209,46,25,21
121900210,904,983,-79
121900211,28,124,-96
121900212,88,117,-29
121900213,37,171,-134
121900214,5,469,-464
121900215,31,116,-85
121900216,20,39,-19
121900217,248,96,152
121900218,231,456,-225
121900220,179,12,167
121900221,192,559,-367
121900222,24,225,-201
121900223,62,65,-3
121900224,16,55,-39
121900225,54,61,-7
121900226,219,2426,-2207
121900227,111,347,-236
121900228,157,253,-96
121900230,64,53,11
121900231,664,256,408
121900232,348,360,-12
121900233,292,295,-3
121900234,110,451,-341
121900235,154,365,-211
121900236,147,151,-4
121900237,148,242,-94
121900238,96,166,-70
121900239,119,56,63
121900240,157,171,-14
121900241,12,83,-71
121900242,0,0,0
121900243,0,0,0
121900244,0,0,0
121900245,142,123,19
121900246,1034,497,537
121900247,237,403,-166
121900248,1207,553,654
121900250,207,220,-13
121900251,216,18,198
121900252,876,152,724
121900253,120,915,-795
121900254,685,270,415
121900255,96,46,50
121900258,2255,1145,1110
121900259,399,358,41
121900260,42,214,-172
121900261,120,337,-217
121900262,370,598,-228
121900263,82,293,-211
121900264,2845,1329,1516
121900265,149,458,-309
121900266,131,217,-86
121900267,16,17,-1
121900269,148,268,-120
121900270,6,137,-131
121900271,18,163,-145
121900273,415,923,-508
121900274,58,241,-183
121900277,193,1851,-1658
121900278,51,982,-931
121900279,126,393,-267
121900280,127,292,-165
121900281,930,132,798
121900284,202,6,196
121900286,30,265,-235
121900287,6,4,2
121900288,1,0,1
121900290,188,248,-60
121900291,400,507,-107
121900292,134,83,51
121900293,903,3618,-2715
121900294,252,2,250
121900295,36,267,-231
121900296,36,23,13
121900298,179,295,-116
121900299,0,0,0
121900300,3,0,3
121900301,78,0,78
121900302,0,52,-52
121900303,242,483,-241
121900304,3,0,3
121900305,0,0,0
121900306,33,1,32
121900307,8,15,-7
121900308,7,518,-511
121900309,1,349,-348
121900310,6,641,-635
121900311,115,3,112
121900312,68,5,63
121900313,164,30,134
121900314,2,78,-76
121900315,0,0,0
121900316,0,7,-7
121900317,0,1,-1
121900318,0,23,-23
121900319,8,14,-6
121900320,43,107,-64
121900321,3,0,3
121900322,3,34,-31
121900323,9,18,-9
121900324,3,26,-23
121900325,6,1,5
121900326,1,26,-25
121900327,6,45,-39
121900328,0,16,-16
121900329,0,267,-267
121900330,0,39,-39
121900331,95,5,90
121900332,69,28,41
121900333,6,4,2
121900334,0,1,-1
122000001,2751,3154,-403
122000002,5727,1463,4264
122000003,2473,1503,970
122000004,3318,1167,2151
122000005,2952,883,2069
122000006,2404,378,2026
122000007,1333,867,466
122000008,7246,3465,3781
122000009,795,224,571
122000010,2461,2494,-33
122000011,4409,790,3619
122000012,1181,957,224
122000013,1929,1087,842
122000014,1245,1604,-359
122000015,1129,952,177
122000016,363,831,-468
122000017,1125,1094,31
122000018,1174,1159,15
122000019,647,1855,-1208
122000020,254,206,48
122000021,910,456,454
122000022,1381,1518,-137
122000023,525,3143,-2618
122000024,1209,905,304
122000025,1681,1102,579
122000026,2647,756,1891
122000027,612,4567,-3955
122000028,711,319,392
122000029,377,245,132
122000030,340,99,241
122000031,133,132,1
122000032,1176,2324,-1148
122000033,953,668,285
122000034,644,492,152
122000035,412,632,-220
122000036,370,708,-338
122000037,339,303,36
122000038,278,401,-123
122000039,515,452,63
122000040,434,261,173
122000041,401,525,-124
122000042,213,347,-134
122000043,136,92,44
122000044,131,151,-20
122000045,1174,522,652
122000046,537,860,-323
122000047,294,164,130
122000048,3176,3357,-181
122000049,5383,2548,2835
122000050,1461,518,943
122000051,355,222,133
122000052,569,181,388
122000053,127,405,-278
122000054,2060,2020,40
122000055,2264,2006,258
122000056,4671,2939,1732
122000057,3858,2298,1560
122000058,4971,1250,3721
122000059,4432,1353,3079
122000060,1221,517,704
122000061,877,206,671
122000062,1397,282,1115
122000063,834,408,426
122000064,3702,3080,622
122000065,6607,3457,3150
122000066,1331,1170,161
122000067,1313,1364,-51
122000068,806,1301,-495
122000069,591,839,-248
122000070,491,2846,-2355
122000071,844,1705,-861
122000072,279,289,-10
122000073,272,381,-109
122000074,1291,1382,-91
122000075,434,1020,-586
122000076,1348,1044,304
122000077,1269,610,659
122000078,3432,1851,1581
122000079,1187,734,453
122000080,527,314,213
122000081,141,174,-33
122000082,1557,763,794
122000083,1104,3501,-2397
122000084,760,779,-19
122000085,216,2171,-1955
122000086,2342,3304,-962
122000087,497,132,365
122000088,518,212,306
122000089,7538,3276,4262
122000090,270,339,-69
122000091,280,77,203
122000092,85,12,73
122000093,1418,1250,168
122000094,8910,1838,7072
122000095,4810,1368,3442
122000096,3825,1030,2795
122000098,3895,1542,2353
122000099,1998,680,1318
122000100,1706,652,1054
122000101,219,1193,-974
122000102,1631,1245,386
122000103,1005,1465,-460
122000104,207,183,24
122000105,200,255,-55
122000106,741,429,312
122000107,748,482,266
122000108,336,1020,-684
122000109,233,278,-45
122000110,289,493,-204
122000111,2974,1342,1632
122000112,608,1450,-842
122000113,446,754,-308
122000114,2558,1494,1064
122000115,1973,991,982
122000116,565,844,-279
122000117,1096,403,693
122000118,379,678,-299
122000119,3189,1700,1489
122000120,5786,2551,3235
122000121,7896,2930,4966
122000122,1018,1710,-692
122000123,4546,1403,3143
122000124,1932,671,1261
122000125,568,684,-116
122000126,1230,749,481
122000127,2950,1054,1896
122000128,998,1511,-513
122000129,262,471,-209
122000130,3026,429,2597
122000131,3129,490,2639
122000132,1500,506,994
122000133,1233,2838,-1605
122000134,502,530,-28
122000135,782,1580,-798
122000136,303,190,113
122000137,855,685,170
122000139,1351,2954,-1603
122000140,1152,447,705
122000141,7179,1032,6147
122000142,344,745,-401
122000143,1011,220,791
122000144,3397,939,2458
122000145,1500,793,707
122000146,959,922,37
122000147,1071,380,691
122000148,2802,1421,1381
122000149,2668,1334,1334
122000150,1870,1041,829
122000151,535,294,241
122000152,671,362,309
122000153,678,283,395
122000154,585,222,363
122000155,3036,2118,918
122000156,2951,1884,1067
122000157,1937,1304,633
122000158,291,621,-330
122000159,2611,1828,783
122000160,9931,776,9155
122000161,1956,723,1233
122000162,2264,1771,493
122000163,411,65,346
122000164,40,83,-43
122000165,1056,810,246
122000166,848,822,26
122000167,195,240,-45
122000168,222,443,-221
122000169,355,155,200
122000170,191,325,-134
122000171,34,70,-36
122000172,1683,1686,-3
122000173,1625,2282,-657
122000174,1512,869,643
122000175,1205,396,809
122000176,285,576,-291
122000177,1774,1461,313
122000178,3150,1836,1314
122000179,2374,2365,9
122000180,2066,847,1219
122000181,2303,2057,246
122000182,3555,734,2821
122000183,2299,857,1442
122000184,4448,1537,2911
122000185,1762,1198,564
122000186,621,896,-275
122000187,1354,1982,-628
122000188,545,206,339
122000189,291,325,-34
122000190,967,1274,-307
122000191,907,448,459
122000192,808,374,434
122000193,368,757,-389
122000194,507,194,313
122000195,140,460,-320
122000196,745,545,200
122000197,453,831,-378
122000198,454,1096,-642
122000199,350,325,25
122000200,996,442,554
122000201,1644,1914,-270
122000202,837,1180,-343
122000203,4468,1635,2833
122000204,2069,2131,-62
122000205,1603,1025,578
122000206,2360,1261,1099
122000207,1338,1954,-616
122000208,1536,2010,-474
122000209,1918,301,1617
122000210,1218,2527,-1309
122000211,896,1635,-739
122000212,467,588,-121
122000213,966,1222,-256
122000214,1747,2107,-360
122000215,1745,1464,281
122000217,1716,1701,15
122000218,407,43,364
122000219,1840,1461,379
122000220,311,1063,-752
122000221,157,473,-316
122000222,535,88,447
122000223,767,642,125
122000225,618,519,99
122000226,1082,2148,-1066
122000227,294,1750,-1456
122000228,397,604,-207
122000229,33,452,-419
122000230,54,1237,-1183
122000231,243,885,-642
122000232,573,1347,-774
122000233,3,184,-181
122000234,66,227,-161
122000235,281,300,-19
122000236,394,347,47
122000237,46,89,-43
122000238,68,132,-64
122000239,357,115,242
122000240,803,357,446
122000241,636,372,264
122000242,410,138,272
122000243,130,68,62
122000244,43,719,-676
122000245,52,495,-443
122000246,136,128,8
122000247,656,1608,-952
122000248,1824,3250,-1426
122000249,275,576,-301
122000250,1489,512,977
122000251,253,369,-116
122000252,575,87,488
122000253,22,436,-414
122000254,120,85,35
122000255,609,2929,-2320
122000256,365,2129,-1764
122000257,94,549,-455
122000258,54,197,-143
122000259,29,1005,-976
122000260,10,152,-142
122000261,9,235,-226
122000262,1,75,-74
122000263,44,143,-99
122000264,354,664,-310
122000265,1512,721,791
122000266,3652,514,3138
122000267,60,179,-119
122000268,70,597,-527
122000269,417,299,118
122000270,436,127,309
122000271,353,1362,-1009
122000272,268,1563,-1295
122000273,257,687,-430
122000274,64,253,-189
122000275,21,171,-150
122000276,253,645,-392
122000277,579,1385,-806
122000278,544,1388,-844
122000279,116,990,-874
122000280,673,1303,-630
122000281,517,981,-464
122000282,89,327,-238
122000283,269,66,203
122000284,86,124,-38
122000285,213,113,100
122000286,92,235,-143
122000287,575,1418,-843
122000288,190,254,-64
122000291,554,415,139
122000293,402,637,-235
122000294,83,142,-59
122000295,1108,144,964
122000296,45,526,-481
122000297,3864,1997,1867
122000299,340,541,-201
122000300,394,514,-120
122000301,18434,2372,16062
122000302,1209,628,581
122000303,5042,1260,3782
122000304,22,181,-159
122000305,725,352,373
122000306,29,1067,-1038
122000307,77,152,-75
122000309,31,59,-28
122000310,4,13,-9
122000311,41,27,14
122000312,46,29,17
122000313,4,29,-25
122000314,61,177,-116
122000315,101,14,87
122000316,193,176,17
122000317,554,171,383
122000318,147,335,-188
122000319,304,668,-364
122000320,229,2743,-2514
122000321,59,368,-309
122000322,3181,1988,1193
122000323,2142,1288,854
122000324,1483,1333,150
122000325,929,1091,-162
122000326,7,185,-178
122000327,191,451,-260
122000328,1959,1523,436
122000330,2514,742,1772
122000332,200,340,-140
122000333,14,193,-179
122000337,481,3657,-3176
122000338,186,751,-565
122000340,356,223,133
122000342,3670,1629,2041
122000343,465,2544,-2079
122000344,24,19,5
122000345,13,47,-34
122000346,353,870,-517
122000348,411,928,-517
122000349,210,1112,-902
122000351,82,266,-184
122000352,419,43,376
122000353,61,185,-124
122000355,126,179,-53
122000356,1372,841,531
122000357,24,16,8
122000358,2,136,-134
122000359,0,72,-72
122000360,0,85,-85
122000362,19,182,-163
122000364,89,667,-578
122000365,0,25,-25
122000366,7,11,-4
122000368,411,1010,-599
122000370,11,127,-116
122000371,7,0,7
122000372,3,1,2
122000381,27,391,-364
122000382,47,354,-307
122000384,4883,2320,2563
122000385,10,0,10
122000386,322,691,-369
122000387,373,628,-255
122000388,1379,415,964
122000389,199,999,-800
122000390,275,334,-59
122000391,226,78,148
122000392,205,374,-169
122000393,11,265,-254
122000394,195,388,-193
122000395,134,225,-91
122000396,180,167,13
122000397,22,193,-171
122000398,5,49,-44
122000399,40,131,-91
122000400,157,319,-162
122000401,93,189,-96
122000402,82,64,18
122000403,267,1722,-1455
122000404,71,275,-204
122000408,797,1192,-395
122000503,2,80,-78
122000524,248,100,148
122000544,25,1106,-1081
122000616,799,7,792
122000640,36,284,-248
122000641,23,692,-669
122000642,877,1724,-847
122000643,3,102,-99
122000644,162,37,125
122000645,91,135,-44
122000651,1866,621,1245
122000664,138,47,91
122000665,1090,647,443
122000666,519,1484,-965
122000673,15,444,-429
122000674,71,50,21
122000675,956,1441,-485
122000686,216,1738,-1522
122000687,332,458,-126
122000688,144,1125,-981
122000689,321,842,-521
122000690,366,986,-620
122000691,298,3471,-3173
122000692,946,519,427
122000693,552,2700,-2148
122000695,126,777,-651
122000696,145,497,-352
122000698,68,1593,-1525
122000699,102,181,-79
122000701,700,393,307
122000702,367,2721,-2354
122000703,114,26,88
122000717,263,59,204
122000718,470,264,206
122000719,25,36,-11
122000720,103,312,-209
122000724,207,25,182
122900001,8,1,7
122900002,1254,1296,-42
122900003,141,45,96
122900004,588,12,576
122900005,64,47,17
122900006,625,356,269
122900007,90,14,76
122900008,528,93,435
122900009,868,184,684
122900010,181,128,53
122900012,400,493,-93
122900014,122,402,-280
122900015,2965,284,2681
122900016,27,407,-380
122900017,524,1085,-561
122900018,162,12,150
122900019,9,202,-193
122900020,338,469,-131
122900021,51,531,-480
122900022,284,1342,-1058
122900023,190,344,-154
122900024,92,119,-27
122900025,9,199,-190
122900026,243,509,-266
122900027,33,757,-724
122900028,76,173,-97
122900029,5246,1364,3882
122900030,1754,508,1246
122900031,94,156,-62
122900032,167,272,-105
122900033,144,169,-25
122900034,4107,3362,745
122900035,16,10,6
122900036,10,103,-93
122900037,260,173,87
122900038,134,1463,-1329
122900039,103,386,-283
122900040,159,487,-328
122900041,246,218,28
122900042,108,336,-228
122900043,221,228,-7
122900044,98,379,-281
122900045,53,116,-63
122900046,122,71,51
122900047,93,103,-10
122900048,21,137,-116
122900049,2011,117,1894
122900051,96,123,-27
122900052,20,99,-79
122900053,9,16,-7
122900055,178,106,72
122900057,155,14,141
122900061,560,106,454
122900062,347,397,-50
122900063,93,624,-531
122900064,806,911,-105
122900065,240,136,104
122900066,300,264,36
122900067,2421,998,1423
122900068,278,552,-274
122900069,194,920,-726
122900070,82,37,45
122900071,106,681,-575
122900072,36,771,-735
122900073,93,331,-238
122900074,161,1081,-920
122900075,1,95,-94
122900076,12,184,-172
122900077,0,222,-222
122900078,32,223,-191
122900080,67,12,55
122900081,129,153,-24
122900082,343,220,123
122900083,187,95,92
122900084,7,249,-242
122900086,11,23,-12
122900087,149,841,-692
122900088,57,69,-12
122900089,12,137,-125
122900090,13,747,-734
122900091,38,0,38
122900092,1,337,-336
122900093,4,583,-579
122900094,6,361,-355
122900095,76,1,75
122900096,37,430,-393
122900097,12,3,9
122900098,89,143,-54
122900099,4,6,-2
122900100,213,151,62
122900101,957,184,773
122900102,11,19,-8
122900103,26,10,16
122900104,29,3,26
122900105,6,4,2
122900106,7,112,-105
122900107,2,326,-324
122900108,7,269,-262
123000001,2147,375,1772
123000002,7204,2118,5086
123000003,4243,2442,1801
123000004,4199,5006,-807
123000005,2269,2276,-7
123000006,3782,3588,194
123000007,2447,2228,219
123000008,2537,4911,-2374
123000009,4946,3378,1568
123000010,4801,4215,586
123000011,2343,1104,1239
123000012,1031,2716,-1685
123000013,3973,1167,2806
123000014,1663,4593,-2930
123000015,4534,763,3771
123000016,9401,2745,6656
123000017,3521,1609,1912
123000018,31,86,-55
123000019,83,405,-322
123000020,57,157,-100
123000021,35,158,-123
123000022,420,648,-228
123000023,1278,1382,-104
123000024,884,554,330
123000025,13,88,-75
123000026,9,39,-30
123000027,123,424,-301
123000028,286,282,4
123000029,730,425,305
123000030,97,1134,-1037
123000031,85,586,-501
123000032,113,358,-245
123000033,103,59,44
123000034,590,538,52
123000035,171,273,-102
123000036,190,502,-312
123000037,144,500,-356
123000038,78,228,-150
123000039,834,1437,-603
123000040,1240,488,752
123000041,657,480,177
123000042,648,603,45
123000043,4269,4295,-26
123000044,7707,2116,5591
123000045,15935,1698,14237
123000046,1290,961,329
123000047,4142,1200,2942
123000048,83,267,-184
123000049,9052,3828,5224
123000050,683,1074,-391
123000051,132,169,-37
123000052,611,1917,-1306
123000053,2942,2535,407
123000054,1393,1168,225
123000055,974,1066,-92
123000056,1202,2366,-1164
123000057,22413,5176,17237
123000058,542,643,-101
123000059,393,416,-23
123000060,615,530,85
123000061,159,804,-645
123000063,932,575,357
123000064,1085,232,853
123000065,9742,3977,5765
123000066,1488,973,515
123000067,345,741,-396
123000068,3712,4229,-517
123000069,12453,5232,7221
123000070,347,961,-614
123000071,555,1409,-854
123000072,894,2066,-1172
123000073,585,1096,-511
123000074,962,2841,-1879
123000075,443,723,-280
123000076,536,1975,-1439
123000077,2248,4431,-2183
123000078,858,2083,-1225
123000079,783,2461,-1678
123000080,1699,3284,-1585
123000081,171,826,-655
123000082,466,1616,-1150
123000083,654,128,526
123000084,287,870,-583
123000085,72,199,-127
123000086,125,748,-623
123000087,178,761,-583
123000088,872,1811,-939
123000089,440,1575,-1135
123000090,1147,1551,-404
123000091,1762,1416,346
123000092,1488,1299,189
123000094,411,311,100
123000095,229,684,-455
123000096,298,633,-335
123000097,200,1756,-1556
123000098,490,723,-233
123000099,462,1200,-738
123000100,453,545,-92
123000101,543,420,123
123000102,625,557,68
123000104,377,315,62
123000105,586,519,67
123000106,547,235,312
123000107,559,571,-12
123000108,1441,1473,-32
123000111,428,248,180
123000112,475,724,-249
123000113,623,2592,-1969
123000114,422,415,7
123000115,203,421,-218
123000116,33,284,-251
123000117,1621,3452,-1831
123000118,442,1487,-1045
123000119,202,1409,-1207
123000120,466,1332,-866
123000121,398,697,-299
123000122,367,275,92
123000123,485,579,-94
123000124,662,568,94
123000125,1142,718,424
123000126,2921,1838,1083
123000127,2655,1052,1603
123000128,331,519,-188
123000129,256,193,63
123000130,285,67,218
123000131,541,450,91
123000132,463,711,-248
123000133,677,500,177
123000134,819,274,545
123000135,1130,1323,-193
123000136,157,1735,-1578
123000137,78,641,-563
123000138,57,684,-627
123000139,370,140,230
123000140,204,1094,-890
123000141,1258,83,1175
123000142,980,1281,-301
123000143,1125,3115,-1990
123000144,23,44,-21
123000145,231,191,40
123000146,66,107,-41
123000147,54,119,-65
123000149,432,403,29
123000150,311,311,0
123000151,304,579,-275
123000152,88,441,-353
123000153,266,483,-217
123000154,3852,1779,2073
123000155,3770,1361,2409
123000156,80,119,-39
123000157,665,1241,-576
123000158,1059,456,603
123000159,3247,1734,1513
123000160,551,393,158
123000161,1096,693,403
123000162,309,1184,-875
123000163,201,49,152
123000164,502,181,321
123000165,332,3015,-2683
123000166,48,249,-201
123000167,68,373,-305
123000168,193,549,-356
123000169,316,97,219
123000170,26,585,-559
123000171,141,122,19
123000172,333,977,-644
123000173,816,107,709
123000174,672,187,485
123000175,1400,2087,-687
123000176,618,84,534
123000177,480,1441,-961
123000178,377,84,293
123000179,35,1130,-1095
123000180,925,295,630
123000181,403,1961,-1558
123000182,117,695,-578
123000183,135,170,-35
123000184,61,1122,-1061
123000185,186,417,-231
123000186,2,850,-848
123000187,293,5,288
123000188,78,2,76
123000189,132,324,-192
123000190,8,89,-81
123000192,14,524,-510
123000193,46,793,-747
123000194,563,326,237
123000195,202,11,191
123000196,119,2,117
123000197,35,128,-93
123000198,6,253,-247
123000199,3,625,-622
123000200,191,12,179
123000201,413,11,402
123000202,29,1731,-1702
123000203,400,22,378
123000204,67,1716,-1649
123000205,314,2999,-2685
123000206,796,117,679
123000207,59,1279,-1220
123000208,142,58,84
123000209,834,244,590
123000210,481,2134,-1653
123000211,678,3976,-3298
123000212,1274,277,997
123000213,260,46,214
123000215,107,121,-14
123000216,213,571,-358
123000217,137,27,110
123000218,123,285,-162
123000219,1109,28,1081
123000220,351,78,273
123000221,146,202,-56
123000222,209,888,-679
123000223,92,838,-746
123000224,474,869,-395
123000225,150,89,61
123000226,76,517,-441
123000227,82,551,-469
123000228,189,47,142
123000229,1287,2481,-1194
123000232,88,885,-797
123000233,400,71,329
123000234,122,877,-755
123000235,149,337,-188
123000236,124,1442,-1318
123000237,183,59,124
123000238,62,995,-933
123000239,532,3109,-2577
123000240,19,239,-220
123000241,1117,126,991
123000242,80,287,-207
123000243,363,1193,-830
123000244,898,537,361
123000245,53,147,-94
123000249,455,671,-216
123000252,577,147,430
123000253,420,297,123
123000254,529,1659,-1130
123000255,620,855,-235
123000256,39,394,-355
123000257,4302,3265,1037
123000258,1082,1786,-704
123000259,152,488,-336
123000260,247,851,-604
123000261,68,341,-273
123000262,70,376,-306
123000263,179,162,17
123000264,131,52,79
123000265,32,243,-211
123000266,426,811,-385
123000267,232,266,-34
123000268,17,91,-74
123000269,17,29,-12
123000270,23,24,-1
123000271,52,106,-54
123000272,938,197,741
123000273,140,449,-309
123000274,860,332,528
123000275,313,1407,-1094
123000278,4052,2986,1066
123000279,40,112,-72
123000280,242,487,-245
123000281,194,89,105
123000282,38,378,-340
123000283,59,41,18
123000284,34,159,-125
123000286,484,207,277
123000287,830,255,575
123000288,693,395,298
123000289,393,518,-125
123000291,499,1087,-588
123000294,160,299,-139
123000295,837,1002,-165
123000296,162,573,-411
123000297,181,1282,-1101
123000298,189,1275,-1086
123000299,28,371,-343
123000300,550,614,-64
123000301,53,185,-132
123000302,71,253,-182
123000303,25,110,-85
123000305,1128,1039,89
123000306,21,402,-381
123000309,36,96,-60
123000310,62,47,15
123000311,1,179,-178
123000312,857,1309,-452
123000313,151,375,-224
123000315,80,436,-356
123000316,2113,66,2047
123000317,208,39,169
123000318,52,426,-374
123000329,6,20,-14
123000337,108,357,-249
123000338,388,57,331
123000339,67,550,-483
123000340,182,565,-383
123000342,1,82,-81
123000343,17,0,17
123000344,932,472,460
123000345,351,802,-451
123000346,157,96,61
123000352,3040,940,2100
123000353,29,174,-145
123000354,103,2,101
123000355,1,514,-513
123000356,89,6,83
123000357,1,402,-401
123000359,2,331,-329
123000360,86,9,77
123000361,736,301,435
123000362,132,112,20
123000363,65,347,-282
123000364,376,274,102
123000365,34,229,-195
123000366,253,1188,-935
123000367,296,1587,-1291
123000370,29,436,-407
123000371,185,17,168
123000372,109,5,104
123000373,6,567,-561
123000374,6,235,-229
123000375,167,12,155
123000376,621,576,45
123000377,157,15,142
123000378,5,647,-642
123000379,1,319,-318
123000380,55,183,-128
123000381,113,29,84
123000382,1014,18,996
123000383,245,703,-458
123000384,427,97,330
123000385,494,634,-140
123000436,64,821,-757
123000507,160,374,-214
123000508,123,420,-297
123000517,337,22,315
123000518,55,227,-172
123000519,152,82,70
123000520,66,250,-184
123000521,262,110,152
123000522,233,682,-449
123000541,3,0,3
123000542,2,57,-55
123000565,200,17,183
123000566,60,1250,-1190
123000567,93,356,-263
123000573,42,1325,-1283
123000574,420,123,297
123000575,1315,1683,-368
123000576,502,2565,-2063
123000577,113,470,-357
123000578,782,167,615
123000579,6948,2470,4478
123000580,67,15,52
123000582,165,19,146
123000583,20,717,-697
123000584,120,289,-169
123000585,0,134,-134
123000586,18,0,18
123000596,121,166,-45
123000597,31,70,-39
123000602,7,0,7
123000603,209,1081,-872
123000604,280,1580,-1300
123000605,686,138,548
123000606,1,228,-227
123000609,14,564,-550
123000610,54,125,-71
123000613,28,117,-89
123000614,181,58,123
123000615,16,207,-191
123000616,350,73,277
123000617,27,977,-950
123000618,37,945,-908
123000619,576,26,550
123000620,12,774,-762
123000622,243,25,218
123000624,129,50,79
123000630,460,483,-23
123000631,233,2894,-2661
123000632,1391,1680,-289
123000633,0,209,-209
123000634,66,24,42
123000635,334,187,147
123000636,17,930,-913
123000637,115,230,-115
123000638,383,130,253
123000639,1152,2553,-1401
123000640,70,1490,-1420
123000648,82,38,44
123000649,24,761,-737
123900001,1812,84,1728
123900002,16,839,-823
123900003,376,867,-491
123900005,116,70,46
123900006,50,20,30
124000001,1139,97,1042
124000002,108,1967,-1859
124000003,337,158,179
124000004,48,944,-896
124000005,567,195,372
124000006,253,2120,-1867
124000007,542,90,452
124000008,9,472,-463
124000009,170,346,-176
124000010,88,652,-564
124000011,310,292,18
124000012,189,1297,-1108
124000017,40,144,-104
124000018,74,209,-135
124000019,56,137,-81
124000020,53,327,-274
124000021,49,71,-22
124000022,89,386,-297
124000023,1155,1377,-222
124000024,1070,794,276
124000025,1091,1294,-203
124000026,1359,1171,188
124000027,6018,3075,2943
124000028,4196,3955,241
124000030,4385,1404,2981
124000031,574,759,-185
124000032,5790,1175,4615
124000033,296,220,76
124000034,2540,885,1655
124000035,107,70,37
124000036,123,749,-626
124000037,465,232,233
124000038,37,96,-59
124000039,1470,241,1229
124000040,780,512,268
124000041,209,73,136
124000042,81,383,-302
124000043,30,90,-60
124000044,48,385,-337
124000045,346,704,-358
124000046,238,1014,-776
124000047,571,1058,-487
124000048,386,2584,-2198
124000049,666,784,-118
124000050,401,3449,-3048
124000051,345,529,-184
124000052,400,2105,-1705
124000053,482,716,-234
124000054,614,1015,-401
124000055,955,1080,-125
124000056,5238,1512,3726
124000057,490,479,11
124000058,353,1825,-1472
124000059,258,495,-237
124000060,963,1174,-211
124000061,1187,2247,-1060
124000062,11323,2142,9181
124000063,1416,1806,-390
124000064,3115,2370,745
124000065,97,157,-60
124000066,323,48,275
124000067,61,292,-231
124000068,29,98,-69
124000069,282,337,-55
124000070,132,775,-643
124000071,78,54,24
124000072,134,671,-537
124000073,482,113,369
124000074,166,1434,-1268
124000075,107,24,83
124000076,15,411,-396
124000077,2074,808,1266
124000078,3403,283,3120
124000079,896,910,-14
124000080,190,111,79
124000081,156,1153,-997
124000082,12,120,-108
124000083,20,217,-197
124000084,78,179,-101
124000085,42,78,-36
124000086,109,82,27
124000087,84,47,37
124000088,240,445,-205
124000089,360,370,-10
124000090,113,666,-553
124000091,239,140,99
124000092,55,1060,-1005
124000093,111,81,30
124000094,129,475,-346
124000095,84,72,12
124000096,76,397,-321
124000097,77,73,4
124000098,58,204,-146
124000099,135,134,1
124000100,19,135,-116
124000101,32,139,-107
124000102,63,92,-29
124000103,45,87,-42
124000104,39,122,-83
124000105,15,49,-34
124000106,86,126,-40
124000107,14,85,-71
124000108,48,35,13
124000109,108,71,37
124000110,88,153,-65
124000111,151,171,-20
124000112,479,893,-414
124000113,33,45,-12
124000114,197,723,-526
124000115,368,915,-547
124000116,59,71,-12
124000117,93,82,11
124000118,33,45,-12
124000119,903,764,139
124000120,453,688,-235
124000121,1665,551,1114
124000122,738,1000,-262
124000123,661,350,311
124000124,561,1130,-569
124000125,403,372,31
124000126,424,670,-246
124000127,634,373,261
124000128,570,1335,-765
124000129,1734,1246,488
124000130,973,696,277
124000131,943,601,342
124000132,998,882,116
124000133,562,897,-335
124000134,634,1063,-429
124000135,1557,1494,63
124000136,1196,1403,-207
124000137,1545,669,876
124000138,2165,1232,933
124000139,258,10,248
124000140,20,436,-416
124000141,40,6,34
124000142,18,113,-95
124000143,23,17,6
124000144,8,56,-48
124000145,32,26,6
124000146,6,188,-182
124000148,26,19,7
124000149,593,275,318
124000150,298,620,-322
124000151,486,272,214
124000152,767,1490,-723
124000153,516,545,-29
124000154,597,1090,-493
124000155,1033,612,421
124000156,1389,1269,120
124000169,164,381,-217
124000170,831,476,355
124000171,189,241,-52
124000172,400,727,-327
124000173,215,332,-117
124000174,206,968,-762
124000175,11,211,-200
124000176,5,9,-4
124000177,25,82,-57
124000178,22,21,1
124000190,241,41,200
124000191,450,81,369
124000192,1396,229,1167
124000193,469,1455,-986
124000194,438,757,-319
124000195,156,553,-397
124000196,889,1419,-530
124000197,66,58,8
124000198,7,26,-19
124000201,221,1236,-1015
124000202,364,82,282
124000203,126,1290,-1164
124000204,252,685,-433
124000205,34,862,-828
124000206,119,496,-377
124000207,1,73,-72
124000209,173,772,-599
124000210,122,245,-123
124000211,160,2,158
124000212,0,823,-823
124000213,118,460,-342
124000214,117,1034,-917
124000215,69,9,60
124000216,1,779,-778
124000329,74,3359,-3285
124000338,28,1745,-1717
124000339,236,70,166
124000341,327,80,247
124000344,12,3,9
124000357,780,1181,-401
124000358,869,949,-80
124000359,666,423,243
124000360,354,276,78
124000361,875,706,169
124000362,1722,2658,-936
124000363,279,614,-335
124000364,435,1345,-910
124000365,779,1430,-651
124000366,2554,1004,1550
124000367,134,782,-648
124000368,189,121,68
124000369,114,71,43
124000370,113,925,-812
124000402,16,8,8
124000403,41,8,33
124000404,16,146,-130
124000405,1235,662,573
124000406,1183,1009,174
124000407,5,34,-29
124000411,5,610,-605
124000412,127,17,110
124000413,129,29,100
124000414,34,125,-91
124000415,36,355,-319
124000416,115,522,-407
124000417,147,107,40
124000418,43,163,-120
124000419,69,301,-232
124000420,21,91,-70
124000421,16,432,-416
124000422,60,17,43
124000423,94,55,39
124000424,0,134,-134
124000425,23,8,15
124000426,3,58,-55
124000427,7,31,-24
124000428,11,24,-13
124000429,21,89,-68
124000430,492,1011,-519
124000431,218,923,-705
124000432,84,1045,-961
124000439,2,3,-1
124000443,2,20,-18
124000445,297,365,-68
124000446,3375,108,3267
124900001,239,203,36
124900002,79,591,-512
124900003,370,531,-161
124900004,183,360,-177
124900005,207,320,-113
124900006,233,408,-175
124900008,1111,500,611
124900009,70,81,-11
124900010,63,31,32
124900011,146,99,47
124900012,221,62,159
124900013,173,98,75
124900014,112,100,12
124900015,88,96,-8
124900016,13,57,-44
124900017,555,188,367
124900018,12,2,10
124900020,30,64,-34
124900021,96,22,74
124900022,12,2,10
124900024,97,4,93
124900026,28,3,25
124900027,61,150,-89
124900028,850,167,683
124900029,9,319,-310
124900030,3,185,-182
124900031,23,454,-431
124900032,333,174,159
124900033,61,548,-487
124900034,19,153,-134
124900035,126,544,-418
124900036,3,62,-59
124900037,143,435,-292
124900038,419,630,-211
124900039,0,37,-37
124900040,37,144,-107
124900041,191,1822,-1631
124900042,11,0,11
124900043,349,1601,-1252
124900044,19,2,17
124900045,701,838,-137
124900046,2166,260,1906
124900047,107,274,-167
124900048,123,193,-70
124900050,85,305,-220
124900052,76,459,-383
124900053,36,529,-493
124900054,3999,390,3609
124900055,0,121,-121
124900057,2,101,-99
124900060,42,285,-243
124900061,27,3,24
124900062,25,5,20
124900066,0,17,-17
124900067,2,225,-223
124900068,224,200,24
124900070,25,37,-12
124900072,39,11,28
124900075,70,228,-158
124900076,44,279,-235
124900077,30,115,-85
124900078,156,8,148
124900079,666,58,608
124900080,147,1072,-925
124900081,450,206,244
124900082,300,1426,-1126
124900083,110,723,-613
124900085,1888,239,1649
124900086,84,457,-373
124900087,491,73,418
124900088,895,138,757
124900089,1496,32,1464
124900090,88,179,-91
124900091,192,783,-591
124900092,144,641,-497
124900093,126,206,-80
124900094,136,227,-91
124900095,42,305,-263
124900096,557,94,463
124900097,156,60,96
124900098,124,461,-337
124900099,634,318,316
124900100,169,35,134
124900101,17,665,-648
124900102,73,15,58
124900103,63,348,-285
124900104,46,274,-228
124900105,37,182,-145
124900106,243,28,215
124900107,41,9,32
124900108,173,27,146
124900111,0,45,-45
124900112,77,1103,-1026
124900113,180,117,63
124900114,344,36,308
124900115,20,32,-12
124900116,68,168,-100
124900117,891,111,780
124900118,119,88,31
124900119,196,64,132
124900120,20,496,-476
124900121,97,106,-9
124900122,744,235,509
124900123,616,41,575
124900124,193,189,4
204000001,22,39,-17
204000002,5,26,-21
204000003,4,2,2
204000004,5,1,4
204000005,370,298,72
204000006,723,643,80
204000011,9,56,-47
204000012,17,136,-119
204000019,363,523,-160
204000020,373,787,-414
204000021,2350,855,1495
204000022,374,546,-172
204000023,304,1629,-1325
204000031,61,18,43
204000032,603,40,563
204000034,22,415,-393
204000035,1,4,-3
204000036,4,30,-26
204000037,0,22,-22
204000038,1,40,-39
204000039,3,137,-134
204000040,7,48,-41
204000041,5,88,-83
204000042,15,13,2
204000043,7,4,3
204000044,18,4,14
204000045,26,11,15
204000046,0,2,-2
204000057,4,124,-120
204000062,11,209,-198
204000068,42,110,-68
204000069,25,196,-171
204000070,28,176,-148
204000080,9,72,-63
204000085,954,1969,-1015
204000086,3551,2330,1221
204000087,44,16,28
204000088,8,134,-126
204000090,15,610,-595
204000093,179,39,140
204000096,400,552,-152
204000097,219,16,203
204000099,604,1099,-495
204000100,547,859,-312
204000105,1993,1569,424
204000110,737,1662,-925
204000111,268,994,-726
204000112,707,1157,-450
204000113,680,1016,-336
204000114,934,427,507
204000115,236,429,-193
204000116,822,585,237
204000119,1226,1215,11
204000132,281,287,-6
204000133,602,308,294
204000134,437,167,270
204000135,313,136,177
204000136,174,187,-13
204000138,170,460,-290
204000140,156,101,55
204000141,71,61,10
204000144,7,14,-7
204000145,837,25,812
204000146,39,496,-457
204000147,24,128,-104
204000148,458,30,428
204000154,0,0,0
204000155,2,11,-9
204000177,69,101,-32
204000179,8,6,2
204000180,1,41,-40
204000222,2,25,-23
204000235,15,13,2
204000236,107,464,-357
204000238,43,32,11
204000240,438,91,347
204000263,492,1574,-1082
204000268,777,345,432
204000308,226,17,209
204000317,7,54,-47
204000322,2,28,-26
204000323,24,10,14
204000328,191,40,151
204000329,64,89,-25
204000330,195,21,174
204000331,22,195,-173
204010341,16,330,-314
205000001,1311,1591,-280
205000013,6,121,-115
205000014,12,145,-133
205000015,24,293,-269
205000016,15,316,-301
205000017,44,144,-100
205000022,288,598,-310
205000025,2039,1063,976
205000029,127,5,122
205000045,47,356,-309
205000046,46,720,-674
205000047,78,749,-671
205000048,135,1347,-1212
205000049,107,965,-858
205000050,1601,351,1250
205000059,1,318,-317
205000060,1,58,-57
205000061,0,31,-31
205000062,1,57,-56
205000063,7,49,-42
205000064,30,131,-101
205000065,57,798,-741
205000066,50,1026,-976
205000067,48,1381,-1333
205000069,177,23,154
205000082,182,165,17
205000110,84,286,-202
205000111,185,301,-116
205000112,45,152,-107
205000113,281,273,8
205000121,106,41,65
205000123,67,238,-171
205000126,229,51,178
205000127,259,52,207
205000128,253,25,228
205000129,224,56,168
205000130,94,7,87
205000131,73,1,72
205000132,206,0,206
205000133,29,1,28
205000134,64,0,64
205000137,122,207,-85
205000138,358,323,35
205000139,30,109,-79
205000144,33,41,-8
205000145,335,70,265
205000151,136,25,111
205000152,105,29,76
205000153,132,18,114
205000154,31,21,10
205000155,58,5,53
205000207,41,227,-186
205000233,21,20,1
205000234,0,1,-1
205000243,0,1,-1
205000244,0,5,-5
205000245,20,479,-459
205000249,0,35,-35
205000250,1,0,1
205000264,1,115,-114
206000027,10,1,9
206000028,3,1,2
206000043,11,190,-179
206000053,2,19,-17
206000054,9,43,-34
206000055,8,83,-75
206000075,4,4,0
206000076,14,10,4
206000077,15,3,12
206000078,12,5,7
206000079,17,8,9
206000082,462,28,434
206000100,70,862,-792
206000103,0,37,-37
206000104,11,38,-27
206000105,6,45,-39
206000106,27,41,-14
206000108,691,39,652
206000125,35,0,35
206000157,190,1087,-897
206000170,2,339,-337
206000171,4,302,-298
206000172,8,1462,-1454
206000173,3,462,-459
206000174,5,286,-281
206000175,3,370,-367
206000176,16,613,-597
206000177,2,396,-394
206000178,2,308,-306
206000179,11,156,-145
206000180,32,365,-333
206000181,9,542,-533
206000182,33,497,-464
206000183,35,1794,-1759
206000184,8,757,-749
206000185,9,549,-540
206000186,208,2563,-2355
206000223,8,406,-398
206000226,70,2,68
206000227,21,0,21
206000237,43,602,-559
206000238,91,1048,-957
206000239,905,3203,-2298
206000240,0,60,-60
206000241,1,253,-252
206000242,5,812,-807
206000243,10,658,-648
206000244,88,1610,-1522
206000245,355,51,304
206000246,66,7,59
206000247,59,7,52
206000248,118,15,103
206000252,112,21,91
206000258,28,42,-14
206000315,20,0,20
206000317,279,90,189
206000318,113,84,29
206000319,467,107,360
206000320,43,30,13
206000321,47,14,33
206000322,193,17,176
206000323,97,9,88
206000324,62,8,54
206000325,116,8,108
206000326,62,11,51
206000327,125,2,123
206000328,54,9,45
206000329,76,3,73
206000330,24,6,18
206000331,47,3,44
206000332,16,10,6
206000333,143,2,141
206000334,127,1,126
206000335,1,38,-37
206000361,14,318,-304
206000392,10,66,-56
206000405,90,0,90
206000441,12,9,3
206000498,16,3,13
206000515,210,18,192
206000530,65,38,27
206000531,159,81,78
206000532,1614,129,1485
206000535,481,2827,-2346
206000536,25,379,-354
206000537,10,246,-236
206000613,1340,121,1219
207000001,128,365,-237
207000002,46,364,-318
207000003,117,289,-172
207000007,485,330,155
207000008,36,11,25
207000009,56,37,19
207000010,602,805,-203
207000012,268,340,-72
207000015,393,2318,-1925
207000019,142,72,70
207000021,547,160,387
207000022,59,108,-49
207000023,88,35,53
207000024,1,12,-11
207000025,6,53,-47
207000026,82,75,7
207000027,23,101,-78
207000028,28,338,-310
207000029,240,518,-278
207000033,247,207,40
207000034,129,26,103
207000039,210,175,35
207000040,111,251,-140
207000041,68,86,-18
207000042,167,106,61
207000043,140,248,-108
207000051,85,504,-419
207000052,23,263,-240
207000053,485,848,-363
207000054,31,186,-155
207000055,67,280,-213
207000056,235,505,-270
207000057,107,359,-252
207000058,72,578,-506
207000059,41,1129,-1088
207000060,34,360,-326
207000061,54,129,-75
207000062,125,68,57
207000063,122,248,-126
207000064,287,254,33
207000065,225,266,-41
207000066,86,189,-103
207000067,39,125,-86
207000068,72,92,-20
207000069,686,435,251
207000082,65,502,-437
207000083,114,576,-462
207000084,98,204,-106
207000085,115,8,107
207000086,71,3,68
207000106,15,54,-39
207000107,27,33,-6
207000108,19,11,8
207000109,23,12,11
207000110,27,28,-1
207000111,53,43,10
207000112,129,217,-88
207000114,37,25,12
207000115,16,70,-54
207000116,15,244,-229
207000117,12,150,-138
207000118,1,91,-90
207000119,18,132,-114
207000123,233,23,210
207000124,30,11,19
207000125,48,19,29
207000126,65,26,39
207000134,21,371,-350
207000135,23,372,-349
207000148,41,106,-65
207000149,69,49,20
207000152,150,493,-343
207000153,1393,985,408
207000154,315,129,186
207000159,43,340,-297
207000160,53,895,-842
207000238,0,66,-66
207000242,0,222,-222
207000248,41,34,7
207000249,164,68,96
207000250,739,59,680
207000251,117,61,56
207000252,52,74,-22
207000278,36,81,-45
207000279,10,260,-250
207000280,157,65,92
207000281,55,1869,-1814
207000282,125,26,99
207000283,208,243,-35
207000284,30,59,-29
207000285,176,35,141
207000291,11,146,-135
207000304,69,102,-33
207000306,39,494,-455
207000310,43,90,-47
207000353,117,1,116
207000356,5,25,-20
207000357,8,8,0
207000358,20,9,11
207000415,3,240,-237
207000417,12,2,10
207000418,107,150,-43
207000438,0,0,0
207000439,1634,359,1275
207000446,53,2,51
207000460,13,10,3
207000466,186,196,-10
207000467,130,143,-13
207000468,25,712,-687
207000476,2,97,-95
207000477,169,208,-39
207000478,7,17,-10
207000523,1,11,-10
207000524,4,3,1
207000527,81,180,-99
207000530,58,4,54
207000531,78,12,66
207000532,69,11,58
207000534,851,21,830
207000535,55,164,-109
207000537,18,161,-143
207000540,8,273,-265
207000541,2,458,-456
207000548,8,407,-399
207000549,74,9,65
207000561,79,58,21
207000562,49,238,-189
207000567,223,342,-119
207000568,24,140,-116
207000569,132,1624,-1492
207000584,520,152,368
207000585,46,141,-95
207000587,1,6,-5
207000616,1,341,-340
207000617,69,0,69
207900008,73,352,-279
208000001,374,611,-237
208000002,337,421,-84
208000003,567,519,48
208000004,743,590,153
208000005,5,19,-14
208000019,315,918,-603
208000020,81,432,-351
208000021,55,580,-525
208000022,454,787,-333
208000028,1133,1075,58
208000033,302,698,-396
208000034,930,1437,-507
208000037,259,40,219
208000040,58,172,-114
208000041,490,527,-37
208000042,532,569,-37
208000047,110,427,-317
208000064,2757,1134,1623
208000066,1271,602,669
208000070,123,616,-493
208000071,165,899,-734
208000072,224,1240,-1016
208000080,90,253,-163
208000081,116,191,-75
208000082,201,343,-142
208000083,67,415,-348
208000084,2,15,-13
208000085,718,633,85
208000086,328,957,-629
208000087,288,767,-479
208000089,531,719,-188
208000090,445,1211,-766
208000093,43,147,-104
208000094,260,677,-417
208000095,540,366,174
208000104,611,986,-375
208000105,483,1153,-670
208000114,37,134,-97
208000115,354,328,26
208000116,115,1073,-958
208000117,9,110,-101
208000118,39,105,-66
208000155,465,955,-490
208000158,1722,2224,-502
208000186,3486,1297,2189
208000204,280,830,-550
208000205,619,1451,-832
208000282,3499,976,2523
209000004,77,195,-118
209000005,5,16,-11
209000006,258,95,163
209000007,208,222,-14
209000010,421,145,276
209000011,111,206,-95
209000012,207,304,-97
209000013,157,904,-747
209000014,739,2137,-1398
209000025,137,31,106
209000026,467,63,404
209000027,394,1409,-1015
209000028,358,1664,-1306
209000029,473,1369,-896
209000030,346,2293,-1947
209000031,5442,3410,2032
209000034,128,191,-63
209000035,76,113,-37
209000036,78,132,-54
209000037,154,225,-71
209000038,76,198,-122
209000039,42,145,-103
209000040,281,527,-246
209000041,178,405,-227
209000042,266,414,-148
209000043,799,513,286
209000044,223,514,-291
209000045,818,353,465
209000046,206,369,-163
209000047,150,181,-31
209000048,194,242,-48
209000049,99,169,-70
209000050,230,270,-40
209000051,299,466,-167
209000052,96,441,-345
209000062,17,226,-209
209000063,13,182,-169
209000064,9,165,-156
209000065,15,31,-16
209000066,28,47,-19
209000067,25,68,-43
209000080,13,164,-151
209000082,52,62,-10
209000091,29,117,-88
209000093,93,35,58
209000094,137,127,10
209000110,34,62,-28
209000111,470,738,-268
209000112,401,361,40
209000113,751,367,384
209000114,173,267,-94
209000115,88,218,-130
209000116,1018,762,256
209000118,10,61,-51
209000119,11,17,-6
209000121,140,979,-839
209000135,38,70,-32
209000142,809,576,233
209000143,60,94,-34
209000144,29,58,-29
209000229,89,165,-76
209000240,21,554,-533
209000259,101,176,-75
209000260,44,1212,-1168
209000261,3,697,-694
209000262,2,690,-688
209000263,1,154,-153
209000264,0,48,-48
209000265,226,2,224
209000266,27,1,26
209000267,163,2,161
209000268,393,28,365
210000037,78,34,44
210000047,25,39,-14
210000048,25,45,-20
210000049,66,44,22
210000052,32,167,-135
210000053,18,121,-103
210000054,59,73,-14
210000070,50,0,50
210000071,13,0,13
210000072,9,0,9
210000073,0,20,-20
210000074,0,95,-95
210000075,1,64,-63
210000076,4,183,-179
210000077,13,27,-14
210000078,33,25,8
210000079,14,9,5
210000080,71,40,31
210000081,52,5,47
210000082,64,0,64
210000083,47,0,47
210000084,8,1,7
210000085,0,95,-95
210000086,4,171,-167
210000099,42,275,-233
210000100,22,257,-235
210000101,81,206,-125
210000105,94,147,-53
210000159,2,159,-157
210000163,165,156,9
210000164,313,95,218
210000168,170,35,135
210000187,0,7,-7
210000188,0,19,-19
210000214,12,0,12
210000219,27,48,-21
210000220,44,123,-79
210000232,1,29,-28
210000233,8,40,-32
210000234,35,132,-97
210000235,32,136,-104
210000245,0,19,-19
210000246,26,2,24
210000258,12,179,-167
210000259,104,17,87
210000282,47,208,-161
210000285,0,80,-80
210000286,7,233,-226
210000290,2,7,-5
210000295,34,109,-75
210000296,24,55,-31
210000320,90,183,-93
210000321,58,121,-63
210000338,64,104,-40
210000339,779,622,157
210000340,139,206,-67
210000341,95,185,-90
210000342,137,197,-60
210000343,101,172,-71
210000344,133,97,36
210000345,139,62,77
210000346,29,46,-17
210000347,36,15,21
210000348,39,10,29
210000349,30,16,14
210000350,46,62,-16
210000351,61,107,-46
210000352,56,80,-24
210000353,37,121,-84
210000354,37,123,-86
210000355,28,97,-69
210000356,40,77,-37
210000357,31,34,-3
210000358,339,97,242
210000359,59,39,20
210000360,105,86,19
210000361,74,145,-71
210000362,182,145,37
210000363,1033,91,942
210000364,96,62,34
210000365,65,25,40
210000366,68,33,35
210000367,52,23,29
210000368,79,27,52
210000369,16,22,-6
210000370,48,83,-35
210000372,24,14,10
210000373,13,7,6
210000374,63,5,58
210000375,12,92,-80
210000376,37,179,-142
210000404,133,123,10
210000439,10,81,-71
210000472,119,6,113
210000482,81,51,30
210000564,881,105,776
210000567,0,17,-17
210000568,692,3,689
211000092,25,75,-50
211000094,87,33,54
211000169,226,6,220
211000172,7,187,-180
211000209,0,20,-20
211000226,14,32,-18
211000270,2,12,-10
211000275,14,40,-26
211000276,92,24,68
211000279,2,67,-65
211000281,14,65,-51
211507980,1,30,-29
211977296,4,9,-5
212000003,66,59,7
212000004,18,26,-8
212000005,2,21,-19
212000006,15,78,-63
212000008,74,310,-236
212000009,15,195,-180
212000012,34,81,-47
212000013,4,46,-42
212000014,184,177,7
212000015,143,283,-140
212000016,334,585,-251
212000027,287,436,-149
212000028,142,373,-231
212000029,91,237,-146
212000030,30,41,-11
212000031,26,79,-53
212000048,24,77,-53
212000049,8,64,-56
212000050,13,10,3
212000051,100,302,-202
212000052,122,590,-468
212000053,238,723,-485
212000054,94,113,-19
212000055,120,252,-132
212000056,12,44,-32
212000057,1,44,-43
212000058,344,46,298
212000070,44,453,-409
212000077,82,1015,-933
212000099,149,186,-37
212000108,105,168,-63
212000111,135,173,-38
212000120,58,148,-90
212000138,32,13,19
212000156,6,145,-139
212000158,8,7,1
212000159,136,62,74
212000160,311,183,128
212000161,10,15,-5
212000310,16,28,-12
212000311,3,93,-90
212000374,6,23,-17
213000001,24,799,-775
213000005,457,80,377
213000006,1290,103,1187
213000007,42,9,33
213000009,420,249,171
213000010,116,192,-76
213000011,185,156,29
213000012,111,393,-282
213000014,27,3,24
213000015,114,0,114
213000016,107,0,107
213000017,29,0,29
213000018,2,300,-298
213000019,1,235,-234
213000020,51,356,-305
213000021,4,139,-135
213000023,158,158,0
213000033,232,712,-480
213000034,302,356,-54
213000035,94,113,-19
213000045,73,287,-214
213000046,68,149,-81
213000047,370,645,-275
213000056,21,11,10
213000069,15,1,14
213000073,0,12,-12
213000074,194,729,-535
213000075,321,2,319
213000076,16,0,16
213000085,2,72,-70
213000086,16,345,-329
213000091,25,1,24
213000092,36,6,30
213000099,168,838,-670
213000100,1285,171,1114
213000101,70,184,-114
213000102,138,599,-461
213000103,563,787,-224
213000104,24,523,-499
213000105,0,37,-37
213000106,10,283,-273
213000107,53,1019,-966
213000108,13,713,-700
213000109,3,363,-360
213000110,4,73,-69
213000111,2,48,-46
213000112,279,134,145
213000115,19,0,19
213000116,114,769,-655
213000117,5,986,-981
213000118,207,316,-109
213000119,54,959,-905
213000120,69,1085,-1016
213000122,222,959,-737
213000123,1019,1538,-519
213000124,58,2111,-2053
213000125,144,14,130
213000126,121,63,58
213000127,281,136,145
213000128,1010,522,488
213000129,606,183,423
213000130,236,103,133
213000132,123,56,67
213000133,117,75,42
213000134,362,27,335
213000136,182,13,169
213000137,400,78,322
213000139,249,8,241
213000147,9,0,9
213000148,2,2,0
213000149,15,1,14
213000150,1,60,-59
213000151,2,72,-70
213000152,0,76,-76
213000153,0,42,-42
213000154,8,361,-353
213000155,34,469,-435
213000156,55,811,-756
213000157,890,742,148
213000158,200,899,-699
213000159,380,657,-277
213000163,388,137,251
213000165,647,82,565
213000171,0,262,-262
213000172,0,455,-455
213000173,2,398,-396
213000174,0,333,-333
213000175,6,220,-214
213000176,7,6,1
213000177,7,0,7
213000178,25,0,25
213000179,63,1,62
213000180,27,0,27
213000184,125,556,-431
213000188,232,106,126
213000189,179,31,148
213000190,899,815,84
213000191,118,706,-588
213000192,78,739,-661
213000193,1772,170,1602
213000194,0,27,-27
213000195,23,633,-610
213000196,147,905,-758
213000197,221,172,49
213000198,11,2,9
213000200,83,1276,-1193
213000201,203,84,119
213000202,7,843,-836
213000203,2890,339,2551
213000204,335,20,315
213000205,120,16,104
213000206,129,21,108
213000207,24,9,15
213000208,36,0,36
213000209,20,0,20
213000210,156,4,152
213000211,2,11,-9
213000212,5,43,-38
213000213,0,23,-23
213000218,109,1123,-1014
213000219,521,11,510
213000220,332,5,327
213000223,224,110,114
213000224,10,18,-8
213000225,23,2,21
213000226,30,2,28
213000227,417,146,271
213000228,73,47,26
213000229,505,9,496
213000230,170,8,162
213000232,47,278,-231
213000233,1,40,-39
213000234,3,39,-36
213000293,3,42,-39
213000294,43,5,38
213000295,1,89,-88
213000296,78,34,44
213000297,5,70,-65
213000298,18,84,-66
213000299,80,32,48
213000300,7,3,4
213000303,4,30,-26
213000304,0,2,-2
213000305,5,8,-3
213000306,19,34,-15
213000307,112,72,40
213000308,58,292,-234
213000309,100,77,23
213000310,213,110,103
213000311,390,644,-254
213000315,34,181,-147
213000316,38,63,-25
213000322,28,204,-176
213000323,32,139,-107
213000324,16,92,-76
213000325,16,139,-123
213000326,8,27,-19
213000327,1,123,-122
213000328,3,74,-71
213000329,8,58,-50
213000340,112,1193,-1081
213000341,173,80,93
213000346,167,56,111
213000347,1118,114,1004
213000348,4,193,-189
213000349,55,12,43
213000350,209,1815,-1606
213000366,35,287,-252
213000367,100,31,69
213000379,102,234,-132
213000386,0,189,-189
213000406,123,479,-356
213000417,679,323,356
213000425,48,62,-14
213000426,69,114,-45
213000427,17,468,-451
213000428,16,293,-277
213000429,6,3,3
213000430,75,1388,-1313
213000431,62,1,61
213000432,1,9,-8
213000433,3,102,-99
213000434,25,98,-73
213000435,56,80,-24
213000436,2,112,-110
213000437,1,48,-47
213000438,66,91,-25
213000439,18,7,11
213000440,5,169,-164
213000441,0,0,0
213000442,1,38,-37
213000443,324,257,67
213000444,17,110,-93
213000445,0,135,-135
213000446,4,8,-4
213000447,0,27,-27
213000448,10,50,-40
213000449,59,1,58
213000450,9,56,-47
213000451,44,78,-34
213000452,13,11,2
213000453,39,279,-240
213000455,229,2,227
213000456,1,191,-190
213000481,7,2,5
213000482,128,6,122
213000489,530,21,509
213000491,1,51,-50
213000492,73,1,72
213000493,0,29,-29
213000494,48,148,-100
213000495,0,232,-232
213000496,194,241,-47
213000497,10,450,-440
213000498,54,331,-277
213000499,79,1028,-949
213000500,151,139,12
213000501,32,26,6
213000502,117,43,74
213000503,3,86,-83
213000504,1,278,-277
213000505,2,5,-3
213000506,0,12,-12
213000507,0,201,-201
213900016,0,12,-12
213900244,3,0,3
213900245,0,50,-50
218000003,25,21,4
218000004,18,11,7
218000005,15,29,-14
218000006,29,31,-2
218000007,4,21,-17
218000012,254,144,110
218000013,63,151,-88
218000014,640,423,217
218000019,1044,445,599
218000020,288,441,-153
218000021,27,110,-83
218000022,6,61,-55
218000023,4,70,-66
218000024,0,31,-31
218000025,11,50,-39
218000026,12,79,-67
218000027,0,22,-22
218000028,0,13,-13
218000029,2,12,-10
218000030,23,53,-30
218000031,2,89,-87
218000032,1,62,-61
218000040,0,2,-2
218000046,30,216,-186
218000047,8,227,-219
218000048,36,263,-227
218000049,90,167,-77
218000050,302,349,-47
218000051,35,413,-378
218000052,0,54,-54
218000053,1,14,-13
218000054,32,32,0
218000055,1,12,-11
218000056,6,23,-17
218000057,0,29,-29
218000064,0,12,-12
218000065,27,72,-45
218000066,5,79,-74
218000067,27,97,-70
218000068,68,96,-28
218000069,100,233,-133
218000070,133,361,-228
218000071,151,305,-154
218000072,408,311,97
218000078,568,1401,-833
218000079,35,69,-34
218000080,80,103,-23
218000081,201,360,-159
218000082,15,149,-134
218000083,9,48,-39
218000084,69,304,-235
218000085,104,695,-591
218000086,36,267,-231
218000087,169,308,-139
218000090,14,76,-62
218000091,616,420,196
218000092,45,175,-130
218000093,55,162,-107
218000094,476,1114,-638
218000099,409,440,-31
218000100,161,359,-198
218000101,164,215,-51
218000102,109,374,-265
218000103,68,274,-206
218000104,35,66,-31
218000105,21,10,11
218000106,28,24,4
218000107,39,149,-110
218000108,1,88,-87
218000112,48,12,36
218000117,28,58,-30
218000134,461,937,-476
218000135,13,103,-90
218000136,78,63,15
218000137,78,171,-93
218000138,25,123,-98
218000139,65,479,-414
218000140,130,197,-67
218000141,14,49,-35
218000142,96,210,-114
218000143,25,206,-181
218000144,15,65,-50
218000145,190,584,-394
218000146,37,115,-78
218000151,2,11,-9
218000152,37,63,-26
218000153,0,7,-7
218000154,1,4,-3
218000155,4,3,1
218000156,43,18,25
218000157,3,22,-19
218000158,0,12,-12
218000159,2,3,-1
218000160,1,2,-1
218000161,8,10,-2
218000162,18,22,-4
218000163,2,2,0
218000164,18,33,-15
218000165,35,41,-6
218000170,1,23,-22
218000171,23,6,17
218000172,2,17,-15
218000173,71,16,55
218000174,3,3,0
218000176,75,10,65
218000177,204,66,138
218000178,44,73,-29
218000179,40,18,22
218000180,47,13,34
218000181,66,19,47
218000187,12,10,2
218000188,36,42,-6
218000189,11,54,-43
218000190,4,31,-27
218000191,51,112,-61
218000192,83,616,-533
218000193,312,732,-420
218000194,20,535,-515
218000195,62,100,-38
218000196,198,301,-103
218000197,110,466,-356
218000198,4,178,-174
218000199,11,33,-22
218000200,64,53,11
218000201,10,17,-7
218000202,143,134,9
218000207,4,31,-27
218000208,24,68,-44
218000211,17,11,6
218000212,1,10,-9
218000213,86,51,35
218000214,9,20,-11
218000215,46,134,-88
218000217,2,120,-118
218000218,252,71,181
218000219,19,7,12
218000220,51,366,-315
218000221,505,152,353
218000222,32,10,22
218000223,14,78,-64
218000224,2,68,-66
218000225,145,21,124
218000226,29,70,-41
218000230,0,3,-3
218000232,49,56,-7
218000239,14,1,13
218000240,0,0,0
218000241,5,0,5
218000242,0,0,0
218000243,5,1,4
218000244,0,1,-1
218000245,1,2,-1
218000246,0,0,0
218000247,0,1,-1
218000248,0,36,-36
218000249,0,2,-2
218000250,4,9,-5
218000251,0,7,-7
218000252,0,34,-34
218000253,0,10,-10
218000254,0,24,-24
218000255,0,8,-8
218000256,0,44,-44
218000267,1072,1490,-418
218000268,14,88,-74
218000269,5,9,-4
218000270,55,133,-78
218000271,24,136,-112
218000273,5,12,-7
218000274,11,18,-7
218000275,27,34,-7
218000276,5,54,-49
218000278,14,17,-3
218000279,11,111,-100
218000280,7,44,-37
218000281,22,15,7
218000282,424,162,262
218000284,109,14,95
218000301,26,112,-86
218000302,77,38,39
218000303,7,48,-41
218000316,738,1385,-647
218000317,494,1345,-851
218000318,258,1202,-944
218000319,716,1736,-1020
218000320,487,869,-382
218000338,7,15,-8
218000345,85,85,0
218000346,69,129,-60
218000459,73,322,-249
218000490,9,65,-56
218000501,28,35,-7
218000502,20,154,-134
218000503,38,34,4
218000504,108,2,106
218000505,20,224,-204
218000506,35,191,-156
218000508,1,1,0
218000510,184,13,171
218000520,76,143,-67
218000521,1,90,-89
218000522,4,129,-125
218000523,57,1,56
218000524,68,130,-62
218000525,51,14,37
218000526,58,87,-29
218000529,26,299,-273
218000530,1,6,-5
218000531,3,24,-21
218000532,9,31,-22
218000534,41,20,21
218000537,7,73,-66
218000538,93,175,-82
218000540,407,93,314
218000543,83,50,33
218000544,80,177,-97
218000545,27,79,-52
218000546,41,146,-105
218000547,39,101,-62
218000548,91,235,-144
218000549,511,106,405
218000550,498,703,-205
218000551,295,234,61
218000552,784,24,760
218000553,32,76,-44
218000554,24,24,0
218000555,10,73,-63
218000556,139,502,-363
218000557,189,191,-2
218000558,52,1,51
218000559,0,19,-19
218000560,0,7,-7
218000561,8,0,8
218000562,21,166,-145
218000563,98,34,64
218000564,7,159,-152
218000565,240,25,215
218000566,247,16,231
218000567,13,54,-41
218000568,3,0,3
218000569,1,55,-54
218000570,115,9,106
218000571,0,101,-101
218000572,22,0,22
218000573,33,40,-7
218000574,159,68,91
218000575,27,2,25
218000576,0,71,-71
218000577,11,0,11
218000578,0,113,-113
218000579,70,2,68
218000581,0,80,-80
218000582,9,3,6
218000583,2,0,2
218000584,0,34,-34
218000585,8,6,2
218000586,3,50,-47
218000587,0,1,-1
218000588,0,3,-3
218000589,0,2,-2
218000590,0,0,0
218000591,0,4,-4
218000592,0,1,-1
218000593,0,0,0
218000594,0,0,0
218000597,0,0,0
218000598,0,0,0
218000599,0,0,0
218000600,0,0,0
218000601,0,0,0
218000602,0,0,0
218000603,0,4,-4
218000604,33,26,7
218000605,0,17,-17
218000606,20,0,20
218000607,21,21,0
218000608,9,5,4
218000609,0,31,-31
218000610,21,2,19
218000611,5,3,2
218000612,0,53,-53
218000613,7,0,7
218000614,4,64,-60
218000615,26,2,24
218000616,2,172,-170
218000617,2,1,1
218000618,0,19,-19
218000619,11,4,7
218000620,3,23,-20
218000621,0,0,0
218000622,0,8,-8
218000623,1,0,1
218000624,0,10,-10
218000625,0,1,-1
218000626,0,12,-12
218000628,44,55,-11
218000631,3,32,-29
218000632,0,65,-65
218000633,53,0,53
218000634,2,16,-14
218000635,4,8,-4
218000636,611,1689,-1078
218000637,507,814,-307
218000638,28,37,-9
218000639,26,351,-325
218000640,95,17,78
218000641,26,476,-450
218000652,121,145,-24
218000653,84,56,28
218000663,1,98,-97
218000675,28,85,-57
218000676,1,57,-56
218000677,14,26,-12
218000680,173,620,-447
218000681,257,137,120
218000691,94,546,-452
218000693,88,121,-33
218000703,11,96,-85
218000718,1163,256,907
218000719,1525,69,1456
218000720,5,29,-24
218000721,19,6,13
218000725,3,11,-8
218001147,2,155,-153
218001214,32,28,4
218001258,22,1,21
218001329,139,125,14
218001330,189,73,116
218001351,14,10,4
218001352,7,4,3
218001353,3,13,-10
218001354,0,11,-11
218001355,6,519,-513
218001356,168,4,164
218001357,4,261,-257
218001358,100,0,100
218001361,54,9,45
218001362,2,221,-219
219000001,22,91,-69
219000002,26,105,-79
219000003,40,23,17
219000004,56,47,9
219000017,62,21,41
219000020,50,20,30
219000022,75,6,69
219000023,72,2,70
219000029,0,110,-110
219000034,9,5,4
219000039,24,57,-33
219000040,56,12,44
219000041,57,53,4
219000051,0,86,-86
219000052,0,43,-43
219000053,0,354,-354
219000054,29,217,-188
219000055,37,1,36
219000056,2,0,2
219000057,20,0,20
219000062,5,305,-300
219000063,29,6,23
219000064,3,45,-42
219000110,206,43,163
219000111,83,28,55
219000112,128,64,64
219000113,103,53,50
219000114,585,24,561
219000116,68,31,37
219000117,167,187,-20
219000118,56,90,-34
219000123,203,96,107
219000124,51,54,-3
219000125,14,45,-31
219000126,44,121,-77
219000127,0,3,-3
219000128,27,104,-77
219000129,31,119,-88
219000130,1259,715,544
219000131,1068,868,200
219000133,25,30,-5
219000134,3,27,-24
219000135,36,36,0
219000136,134,159,-25
219000138,47,13,34
219000139,22,64,-42
219000140,10,3,7
219000141,13,164,-151
219000142,12,105,-93
219000143,14,147,-133
219000145,27,39,-12
219000146,11,58,-47
219000147,0,77,-77
219000148,3,135,-132
219000149,30,287,-257
219000150,1,198,-197
219000151,4,137,-133
219000157,125,206,-81
219000158,78,225,-147
219000161,115,6,109
219000163,1792,436,1356
219000166,62,218,-156
219000167,60,265,-205
219000168,387,97,290
219000174,188,64,124
219000175,44,5,39
219000176,49,8,41
219000177,16,1,15
219000178,11,6,5
219000179,8,14,-6
219000180,35,27,8
219000182,68,21,47
219000183,25,43,-18
219000184,17,5,12
219000185,1,143,-142
219000186,14,75,-61
219000187,25,205,-180
219000189,148,175,-27
219000190,107,210,-103
219000191,1987,754,1233
219000192,86,91,-5
219000193,660,187,473
219000195,1,85,-84
219000196,2,179,-177
219000198,37,208,-171
219000199,125,238,-113
219000200,28,232,-204
219000201,125,269,-144
219000203,27,165,-138
219000204,104,197,-93
219000205,56,267,-211
219000207,170,252,-82
219000209,6,125,-119
219000210,30,124,-94
219000213,9,328,-319
219000239,182,339,-157
219000240,181,400,-219
219000241,76,298,-222
219000242,202,239,-37
219000243,81,324,-243
219000244,5,126,-121
219000245,3,38,-35
219000246,7,7,0
219000247,38,24,14
219000248,378,184,194
219000249,209,45,164
219000250,59,86,-27
219000251,476,140,336
219000252,93,87,6
219000253,82,49,33
219000255,36,55,-19
219000256,75,62,13
219000257,34,1,33
219000262,92,333,-241
219000263,59,294,-235
219000267,1,178,-177
219000268,2,9,-7
219000269,1,0,1
219000270,0,0,0
219000271,36,1,35
219000278,0,16,-16
219000279,0,2,-2
219000283,0,4,-4
219000295,14,145,-131
219000296,64,691,-627
219000297,5,252,-247
219000298,26,286,-260
219000299,397,52,345
219000300,17,447,-430
219000301,166,389,-223
219000302,10,204,-194
219000307,20,96,-76
219000308,44,40,4
219000311,81,54,27
219000312,202,36,166
219000313,114,19,95
219000314,136,711,-575
219000315,99,22,77
219000316,183,10,173
219000317,51,16,35
219000320,1,56,-55
219000321,0,8,-8
219000323,7,90,-83
219000325,3,55,-52
219000326,84,163,-79
219000327,55,62,-7
219000328,21,66,-45
219000329,266,101,165
219000330,47,32,15
219000331,39,40,-1
219000332,48,69,-21
219000333,2,4,-2
219000335,45,1,44
219000337,7,0,7
219000338,33,0,33
219000344,20,121,-101
219000345,141,149,-8
219000346,32,289,-257
219000348,71,223,-152
219000349,30,382,-352
219000350,39,51,-12
219000351,0,6,-6
219000352,262,68,194
219000353,75,48,27
219000354,96,149,-53
219000355,79,52,27
219000356,2132,335,1797
219000363,294,21,273
219000364,52,18,34
219000365,54,17,37
219000366,257,103,154
219000368,459,325,134
219000370,1202,152,1050
219000371,8,13,-5
219000382,3,12,-9
219000383,843,615,228
219000385,757,484,273
219000386,1306,1257,49
219000387,0,9,-9
219000390,2,0,2
219000391,1,0,1
219000397,87,138,-51
219000398,82,24,58
219000401,5,127,-122
219000402,8,114,-106
219000403,46,168,-122
219000404,21,108,-87
219000407,3,24,-21
219000409,18,21,-3
219000410,16,16,0
219000411,10,8,2
219000446,276,475,-199
219000447,3,17,-14
219000448,17,6,11
219000452,88,38,50
219000453,50,89,-39
219000454,306,151,155
219000556,124,59,65
219000558,78,391,-313
219000590,15,221,-206
219000591,20,61,-41
219000592,128,461,-333
219000595,5,52,-47
219000635,41,14,27
219000636,19,156,-137
219000657,26,34,-8
219000658,16,59,-43
219000673,0,10,-10
219000676,11,7,4
219000679,4,5,-1
219000684,18,0,18
219000685,1,112,-111
219000686,15,0,15
219000688,1,126,-125
219000689,90,237,-147
219000690,186,15,171
219000691,68,93,-25
219000692,90,42,48
219000693,0,38,-38
219000694,5,0,5
219000695,9,3,6
219000698,1,0,1
219000699,0,11,-11
219000727,4,256,-252
219000728,62,1,61
219000770,13,0,13
219000771,0,45,-45
219000788,275,173,102
219001150,1,11,-10
219001151,1,8,-7
219001166,11,1,10
219001167,1,66,-65
219001178,13,2,11
220000001,10,54,-44
220000002,10,217,-207
220000003,361,453,-92
220000004,683,913,-230
220000005,2001,1777,224
220000006,143,1016,-873
220000007,226,1101,-875
220000008,212,1525,-1313
220000009,138,741,-603
220000010,91,124,-33
220000011,609,1611,-1002
220000012,81,136,-55
220000014,26,85,-59
220000015,15,195,-180
220000017,15,434,-419
220000018,5984,831,5153
220000019,27,279,-252
220000020,82,322,-240
220000021,347,209,138
220000022,403,612,-209
220000023,132,182,-50
220000024,1671,266,1405
220000025,938,443,495
220000026,223,146,77
220000027,8,115,-107
220000028,10,30,-20
220000029,51,193,-142
220000030,66,75,-9
220000031,135,320,-185
220000064,8,1070,-1062
221000046,5,2,3
221000047,0,5,-5
221000048,0,0,0
221000049,0,23,-23
221000050,15,0,15
221000055,34,42,-8
221000057,60,2,58
221000068,321,101,220
221000069,260,45,215
221000070,135,22,113
221000071,51,5,46
221000072,100,23,77
221000073,146,69,77
221000074,0,20,-20
221000075,30,11,19
221000076,17,50,-33
221000077,32,134,-102
221000081,9,6,3
221000082,28,5,23
221000083,49,7,42
221000084,0,3,-3
221000085,22,61,-39
221000086,4,206,-202
221000087,3,240,-237
221000088,15,211,-196
221000089,29,256,-227
221000090,130,430,-300
221000098,94,12,82
221000099,127,17,110
221000100,54,2,52
221000101,305,17,288
221000102,126,17,109
221000109,7,120,-113
221000110,13,205,-192
221000111,17,169,-152
221000112,11,130,-119
221000113,21,176,-155
221000114,19,164,-145
221000120,7,42,-35
221000121,0,16,-16
221000122,11,26,-15
221000123,8,26,-18
221000124,13,379,-366
221000155,88,1,87
221000156,31,24,7
221000175,0,3,-3
221000176,0,1,-1
221000182,31,9,22
221000241,566,206,360
221000242,317,313,4
221000243,322,112,210
221000244,233,339,-106
221000245,38,91,-53
221000246,17,208,-191
221000247,20,155,-135
221000248,25,160,-135
221000267,43,735,-692
221000325,66,55,11
221000331,1,99,-98
221000338,2,6,-4
221000378,113,21,92
221000381,82,120,-38
222000282,0,0,0
222000296,2,16,-14
222000568,176,11,165
222000569,74,17,57
222000570,64,2,62
222000571,62,2,60
222000577,11,260,-249
222000578,12,239,-227
222000579,25,138,-113
222000580,150,915,-765
222000599,0,215,-215
222000600,4,324,-320
222000601,13,1020,-1007
222000603,10,14,-4
222000604,1,21,-20
222000605,5,8,-3
222000606,1,13,-12
222000607,1,3,-2
222000608,6,8,-2
222000609,47,393,-346
222000616,67,37,30
222000617,1,9,-8
222000618,4,4,0
222000620,11,8,3
222000621,21,7,14
222000623,372,5,367
222000624,167,2,165
222000625,261,68,193
222000636,41,4,37
222000686,9,6,3
222000687,15,35,-20
222001066,193,1,192
222001067,5,8,-3
222001068,12,36,-24
222001069,15,37,-22
222001082,7,65,-58
222001083,8,94,-86
222001084,1,103,-102
222001085,1,146,-145
222001111,13,347,-334
222001112,20,30,-10
222001313,5,2,3
222001314,6,66,-60
222001464,11,63,-52
222001465,6,116,-110
222001484,41,72,-31
222001485,7,79,-72
222001494,113,140,-27
222001495,102,512,-410
222001496,121,63,58
222001497,128,725,-597
222001502,31,138,-107
222001503,12,8,4
222001504,22,320,-298
222001505,31,3,28
222001506,44,291,-247
222001507,50,4,46
222001510,31,13,18
222001511,32,492,-460
222001514,207,47,160
222001515,247,733,-486
222001518,25,20,5
222001519,35,460,-425
222001527,41,20,21
222001528,87,215,-128
222001529,20,8,12
222001530,32,295,-263
222001533,171,550,-379
222001534,17,8,9
222001535,69,100,-31
222001536,77,404,-327
222001537,74,4,70
222001538,67,566,-499
222001563,65,34,31
222001564,47,958,-911
222001568,121,92,29
222001576,2,0,2
222001579,1,7,-6
222001583,11,315,-304
222001584,55,13,42
222001596,550,1717,-1167
222001597,924,179,745
222001626,0,251,-251
222001650,77,57,20
222001651,81,121,-40
222001914,75,12,63
222001915,117,225,-108
222001968,410,126,284
222001969,417,951,-534
222001970,28,178,-150
222001971,6,27,-21
222001972,2,49,-47
225000001,401,76,325
225000002,205,42,163
225000003,252,77,175
225000004,166,160,6
225000005,17,51,-34
225000006,0,139,-139
225000007,3616,967,2649
225000010,45,5,40
225000011,357,544,-187
225000012,95,261,-166
225000013,38,119,-81
225000014,358,34,324
225000015,105,254,-149
225000021,385,110,275
225000027,242,519,-277
225000032,610,87,523
225000042,54,818,-764
225000049,31,90,-59
225000050,37,11,26
225000053,5,205,-200
225000058,215,95,120
225000067,116,233,-117
225000068,132,579,-447
225000069,207,563,-356
225000070,69,578,-509
225000071,14,358,-344
225000075,36,914,-878
225000076,84,104,-20
225000078,35,23,12
225000085,19,106,-87
225000086,51,44,7
225000087,101,14,87
225000088,14,125,-111
225000089,422,465,-43
225000090,18,331,-313
225000091,30,274,-244
225000092,11,86,-75
225000093,101,530,-429
225000094,9,509,-500
225000095,249,738,-489
225000096,107,438,-331
225000098,276,111,165
225000099,164,81,83
225000100,103,77,26
225000104,27,468,-441
225000110,14,460,-446
225000111,128,1199,-1071
225000112,198,949,-751
225000113,86,664,-578
225000114,59,318,-259
225000115,3164,537,2627
225000116,1230,72,1158
225000117,542,250,292
225000118,442,137,305
225000119,64,52,12
225000120,351,39,312
225000121,168,15,153
225000123,655,8,647
225000125,130,283,-153
225000126,841,232,609
225000127,1077,474,603
225000128,319,382,-63
225000132,135,19,116
225000133,224,23,201
225000134,439,58,381
225000135,18,8,10
225000136,68,14,54
225000137,38,35,3
225000138,206,7,199
225000143,101,185,-84
225000144,0,338,-338
225000145,19,23,-4
225000146,13,141,-128
225000147,11,416,-405
225000148,2,202,-200
225000149,59,397,-338
225000151,20,317,-297
225000155,160,336,-176
225000156,112,652,-540
225000157,98,406,-308
225000158,40,418,-378
225000171,5,216,-211
225000180,8,3,5
225000181,0,46,-46
225000182,45,3,42
225000185,7,255,-248
225000187,45,530,-485
225000191,12,2,10
225000194,0,7,-7
225000208,0,65,-65
225000209,12,13,-1
225000210,6,217,-211
225000217,0,24,-24
225000218,3,0,3
225000223,0,38,-38
225000224,31,0,31
225000225,0,6,-6
225000226,20,0,20
225000227,40,80,-40
225000228,35,2,33
225000229,0,98,-98
225000230,18,0,18
225000231,2,141,-139
225000232,35,0,35
225000241,38,1,37
225000242,1,38,-37
225000249,4,1,3
225000250,25,935,-910
225000251,207,15,192
225000254,0,1,-1
225000256,0,5,-5
225000257,0,2,-2
226000042,362,438,-76
226000043,66,270,-204
226000044,68,731,-663
226000045,63,423,-360
226000046,157,30,127
226000047,216,43,173
226000048,226,24,202
226000049,127,47,80
226000070,2,79,-77
226000071,0,73,-73
226000072,0,7,-7
226000073,0,12,-12
226000074,1,11,-10
226000084,1,54,-53
226000085,2,2,0
226000086,1,7,-6
226000087,0,8,-8
226000088,118,14,104
226000090,101,8,93
226000091,21,2,19
226000092,0,1,-1
226000093,6,0,6
226000094,4,1,3
226000095,8,1,7
226000105,2,0,2
226000106,18,0,18
226000107,2,0,2
226000108,11,0,11
226000109,42,11,31
226000124,106,36,70
226000134,296,338,-42
226000135,686,524,162
226000136,172,255,-83
226000137,13,484,-471
226000138,10,300,-290
226000139,0,21,-21
226000156,28,3,25
226000157,53,12,41
226000163,42,27,15
226000202,5,484,-479
226000231,68,11,57
226000232,19,10,9
227000033,278,36,242
227000036,174,14,160
227000037,82,12,70
227000038,140,13,127
227000084,0,49,-49
227000085,0,33,-33
227000088,21,2,19
227000089,69,1,68
227000090,19,1,18
227000091,6,0,6
227000092,12,0,12
227000093,18,0,18
227000094,1,0,1
227000130,15,93,-78
227000131,10,376,-366
227000132,26,378,-352
227000133,9,318,-309
227000134,10,529,-519
227000152,0,2,-2
227000153,0,48,-48
227000154,1,23,-22
227000155,0,22,-22
227000156,3,32,-29
227000165,1,26,-25
227000196,112,441,-329
227000199,76,721,-645
227000230,33,656,-623
227000232,155,10,145
227000242,86,559,-473
227000243,469,64,405
227000245,17,444,-427
227000246,72,579,-507
227000247,179,68,111
227000248,71,26,45
227000249,30,343,-313
227000250,336,169,167
227000251,183,286,-103
227000252,15,453,-438
227000253,49,20,29
227000262,272,21,251
227000266,360,20,340
227000267,50,2791,-2741
227000282,6,353,-347
227000284,125,23,102
227000286,2,160,-158
227000287,11,279,-268
227000291,36,781,-745
227000296,591,329,262
227000484,420,19,401
227000485,31,679,-648
227000655,45,9,36
227000656,556,23,533
227000657,43,16,27
227000661,139,10,129
227000680,38,26,12
229000265,10,29,-19
229000296,0,5,-5
229000297,1,17,-16
229000298,1,78,-77
229000320,5,3,2
229000321,3,10,-7
229000412,4,59,-55
229000414,4,46,-42
229000415,2,1,1
229000416,2,3,-1
229000417,1,7,-6
229000419,45,194,-149
229000440,100,40,60
229000442,2,2,0
229000443,0,0,0
229000444,0,19,-19
229000445,4,5,-1
229000446,25,6,19
229000491,2,47,-45
229000492,7,215,-208
229000493,1,176,-175
229000494,48,4,44
229000495,164,21,143
229000496,31,9,22
229000507,0,31,-31
229000508,0,36,-36
229000509,0,59,-59
229000510,0,30,-30
229000511,2,66,-64
229000512,0,42,-42
229000513,0,6,-6
229000514,0,2,-2
229000517,1,16,-15
229000518,1,43,-42
229000519,0,23,-23
229000520,2,62,-60
229000521,19,31,-12
229000522,4,9,-5
229000523,8,22,-14
229000524,7,12,-5
229000527,4,1,3
229000528,1,1,0
229000529,2,0,2
229000530,35,3,32
229000531,22,5,17
229000532,15,5,10
229000533,86,4,82
229000534,61,1,60
229000564,27,3,24
229000565,6,2,4
229000566,0,45,-45
229000567,0,102,-102
229000582,154,4,150
229000583,4,0,4
229000584,0,38,-38
229000585,2,47,-45
229000718,0,1,-1
229000719,0,4,-4
229000720,0,21,-21
229000721,0,16,-16
229000722,0,33,-33
229000723,0,22,-22
229000724,0,3,-3
229000725,0,3,-3
229000738,2,1,1
229000739,0,0,0
229000740,1,1,0
229000741,6,0,6
229000742,6,0,6
229000743,7,0,7
229000744,1,0,1
229000745,0,0,0
229000746,29,2,27
229000847,11,1,10
229000848,7,0,7
229000849,56,0,56
229000851,6,0,6
229000854,3,55,-52
229000856,2,162,-160
229000857,1,39,-38
229000858,0,159,-159
229000919,4,135,-131
229000930,9,185,-176
229000937,66,27,39
229000966,31,40,-9
229000981,31,80,-49
229000985,4,31,-27
229000986,0,4,-4
229000987,0,0,0
229000988,2,2,0
229000989,2,2,0
229000990,0,0,0
229000991,0,0,0
229000992,10,9,1
229000993,133,7,126
229000998,13,28,-15
229000999,49,4,45
229001034,0,11,-11
229001035,2,2,0
229001037,8,9,-1
229001042,7,12,-5
229001047,2,31,-29
229001050,20,25,-5
229001168,0,12,-12
229001200,4,2,2
229001338,1,15,-14
229001394,288,2,286
229001422,99,24,75
229001423,32,179,-147
229001431,58,55,3
229001432,51,84,-33
229001444,70,47,23
229001445,14,156,-142
229001479,8,16,-8
229001503,82,89,-7
229001504,82,223,-141
229001505,43,78,-35
229001506,34,210,-176
229001509,25,26,-1
229001545,42,9,33
229001546,10,122,-112
229001553,28,18,10
229001554,14,119,-105
229001559,0,14,-14
229001560,1,12,-11
229001630,43,8,35
229001631,8,28,-20
229001635,0,1,-1
229001636,0,0,0
229001658,4,83,-79
229001659,174,3,171
229001660,0,1,-1
229001661,0,17,-17
229001662,12,1,11
229001663,0,27,-27
229002584,106,100,6
229002831,94,76,18
229002841,0,24,-24
229002842,2,16,-14
229002843,5,16,-11
229002844,2,63,-61
229002845,0,73,-73
229002846,2,11,-9
229002847,1,16,-15
229002848,3,2,1
229002849,0,34,-34
229002850,1,0,1
229002851,9,63,-54
229002852,22,19,3
229002853,14,12,2
229002854,7,53,-46
229002855,2,34,-32
229002856,21,2,19
229002857,2,34,-32
229002858,1,2,-1
229002859,11,14,-3
229002860,10,2,8
229002861,17,11,6
229002862,2,30,-28
229002863,6,29,-23
229002864,1,24,-23
229002865,0,5,-5
229002866,1,19,-18
229002867,4,14,-10
229002868,0,8,-8
229002869,6,113,-107
229002870,3,5,-2
235000066,263,96,167
235000067,83,133,-50
235000072,36,47,-11
235000073,110,276,-166
235000074,8,122,-114
235000080,7,89,-82
235000081,49,254,-205
235000082,35,60,-25
235000083,70,82,-12
235000084,9,59,-50
235000085,43,47,-4
235000089,17,80,-63
235000092,11,177,-166
235000093,4,2,2
235000097,6,1,5
235000098,28,17,11
235000099,20,39,-19
235000116,26,38,-12
235000117,761,20,741
235000133,12,255,-243
235000134,2,74,-72
235000206,6,2,4
235000207,4,7,-3
235000208,0,1,-1
235000209,1,1,0
235000210,4,2,2
235000212,2,13,-11
235000213,0,9,-9
235000220,1,2,-1
235000221,9,8,1
235000238,4,20,-16
235000239,0,1,-1
235000242,141,175,-34
235000245,1374,228,1146
235000246,3,48,-45
235000284,3,86,-83
235000295,16,7,9
235000305,26,1,25
235000306,14,1,13
235000307,3,1,2
235000308,1,0,1
235000309,18,1,17
235000310,9,0,9
235000311,22,4,18
235000322,0,48,-48
235000323,0,56,-56
235000324,0,16,-16
235000325,0,17,-17
235000326,10,338,-328
235000351,4,42,-38
235000352,22,50,-28
235000353,0,48,-48
235000354,1,32,-31
235000355,2,82,-80
235000356,11,3,8
235000357,3,2,1
235000358,2,5,-3
235000359,1,0,1
235000360,12,1,11
235000361,10,7,3
235000381,21,369,-348
235000382,87,57,30
235000390,7,4,3
235000391,49,27,22
235000392,39,126,-87
235000393,97,74,23
235000395,72,41,31
235000396,187,46,141
235000400,51,18,33
235000401,27,213,-186
235000405,71,540,-469
235000406,12,445,-433
235000407,78,150,-72
235000409,248,191,57
235000410,31,233,-202
235000411,0,93,-93
235000485,0,14,-14
235000486,62,82,-20
235000549,32,53,-21
235000550,30,196,-166
235000599,55,117,-62
235000600,9,7,2
235000601,16,27,-11
235000602,30,159,-129
235000614,3,1,2
235000648,1,20,-19
235000649,54,23,31
235000685,0,1,-1
235000815,2,18,-16
235000834,0,5,-5
235000855,37,40,-3
235000862,28,242,-214
235000891,0,6,-6
235000892,16,10,6
235000901,66,122,-56
235000907,0,6,-6
235001010,50,66,-16
235001029,814,407,407
235001030,486,183,303
235001078,82,80,2
235001079,69,167,-98
235001147,33,41,-8
235001166,5,46,-41
235001167,8,79,-71
235001169,10,270,-260
235001188,0,5,-5
235001189,1,0,1
235001197,4,14,-10
235001200,41,26,15
235001207,79,13,66
235001210,54,178,-124
235001215,51,158,-107
235001239,2,55,-53
235001244,2,2,0
235016267,1,17,-16
277101746,0,2,-2
277102712,0,0,0
277103813,0,0,0
277103814,0,1,-1
277103898,0,6,-6
277104249,0,11,-11
277104250,0,3,-3
277104251,0,14,-14
277104252,0,1,-1
990011530,1,335,-334
990014944,1,603,-602
990015176,12,0,12
990015618,0,98,-98
990016032,1,419,-418
990032570,1,43,-42
990070001,9,1,8
990070103,0,3,-3
990070601,0,51,-51
990070751,137,3,134
990070766,2,1153,-1151
990071180,141,134,7
990071343,21,1,20
990071387,0,4,-4
990071823,170,1,169
990072600,3,660,-657
990072964,4,725,-721
990073285,0,23,-23
990074393,3,1306,-1303
990074870,252,41,211
990075106,183,7,176
990075746,122,4,118
990076437,158,5,153
990076458,5,1628,-1623
997000007,75,5,70
997000041,0,170,-170
997000058,11,0,11
997000062,7,0,7
997000069,1,8,-7
997000070,0,51,-51
997000100,0,1,-1
997000141,2,275,-273
997000198,151,91,60
998000475,0,29,-29
998000736,0,375,-375
998000965,0,3,-3
998001031,1,51,-50
998001700,14,28,-14
998001899,0,2,-2
998001900,7,2,5
998003073,799,33,766
998101900,0,0,0
998102850,0,128,-128
998501927,193,288,-95
998501929,96,2,94
998501930,37,1,36
998501931,76,44,32
998501932,10,0,10
998501933,22,0,22
998501937,4,2,2
998501944,0,0,0
998501950,0,0,0
998501970,13,2,11
998501971,0,63,-63
998501973,0,80,-80
998501974,2,248,-246
998501975,56,0,56
998501976,24,0,24
998501977,0,24,-24
998501978,32,0,32
998501979,0,9,-9
998501980,114,0,114
998501981,12,1,11
998501982,0,112,-112
998501983,0,0,0
998502006,0,0,0
998502024,0,0,0
998502032,0,1,-1
998502062,10,1,9
998502063,0,0,0
998502173,37,2,35
998502269,0,4,-4
998502546,0,133,-133
998601159,0,447,-447
998601292,3,12,-9
999033574,2,834,-832
999800001,30,20,10
999800002,0,4,-4
999800003,4,3,1
999800004,0,5,-5
999800005,0,8,-8
