ID,insum,outsum,diff
100000001,104,74,30
100000002,1218,2009,-791
100000003,1299,2253,-954
100000004,100,495,-395
100000005,1074,1664,-590
100000006,8,21,-13
100000007,108,153,-45
100000008,0,0,0
100000009,0,49,-49
100000010,1,18,-17
100000011,19,4,15
100000012,0,0,0
100000013,0,0,0
100000014,0,0,0
100000015,176,282,-106
100000016,0,2,-2
100000017,0,0,0
100000018,71,48,23
100000019,112,232,-120
100000020,114,384,-270
100000021,1,0,1
100000022,46,234,-188
100000023,72,0,72
100000025,4,21,-17
100000028,5,40,-35
100000029,0,0,0
100000030,0,0,0
100000031,171,724,-553
100000032,136,200,-64
100000033,104,169,-65
100000034,0,0,0
100000035,4,123,-119
100000036,30,77,-47
100000037,34,63,-29
100000038,272,126,146
100000039,94,7,87
100000040,2,11,-9
100000041,48,29,19
100000042,88,36,52
100000043,47,24,23
100000044,0,0,0
100000045,0,1,-1
100000046,0,0,0
100000047,0,0,0
100000048,0,0,0
100000049,0,0,0
100000051,0,0,0
100000053,2,0,2
100000054,15,5,10
100000055,0,0,0
100000056,10,30,-20
100000057,114,52,62
100000058,0,0,0
100000059,1,9,-8
100000060,94,27,67
100000061,79,55,24
100000062,84,96,-12
100000063,116,52,64
100000064,201,7,194
100000065,29,28,1
100000066,3,2,1
100000067,41,16,25
100000068,12,17,-5
100000069,12,20,-8
100000072,0,0,0
100000073,0,0,0
100000075,0,0,0
100000076,146,880,-734
100000077,24,68,-44
100000078,15,155,-140
100000079,5,108,-103
100000080,0,70,-70
100000081,0,19,-19
100000102,296,1198,-902
100000103,169,102,67
100000104,96,166,-70
100000105,0,0,0
100000106,70,1190,-1120
100000107,11,317,-306
100000108,7,19,-12
100000109,74,30,44
100000116,167,80,87
100000117,2,49,-47
100000118,457,56,401
100000119,152,39,113
100000121,34,23,11
100000122,194,96,98
100000123,278,127,151
100000124,118,186,-68
100000125,59,107,-48
100000126,2,22,-20
100000127,3,11,-8
100000128,0,31,-31
100000129,34,16,18
100000130,0,0,0
100000131,0,1,-1
100000132,15,183,-168
100000133,297,146,151
100000135,131,76,55
100000139,95,145,-50
100000140,0,0,0
100000142,105,24,81
100000143,0,0,0
100000144,0,0,0
100000147,258,1041,-783
100000150,15,28,-13
100000151,109,506,-397
100000153,0,0,0
100000154,0,0,0
100000155,0,77,-77
100000156,54,111,-57
100000157,334,107,227
100000158,61,111,-50
100000159,8,57,-49
100000165,58,12,46
100000169,0,0,0
100000174,0,0,0
100000179,10,16,-6
100000180,0,0,0
100000181,9,3,6
100000188,0,0,0
100000189,160,43,117
100000190,88,208,-120
100000191,4,155,-151
100000192,3,270,-267
100000193,38,51,-13
100000330,0,0,0
100000355,18,8,10
100000362,200,127,73
100000363,1871,2355,-484
100000364,0,0,0
100000365,2988,1412,1576
100000366,705,344,361
100000367,2340,1791,549
100000368,80,82,-2
100000369,119,663,-544
100000370,1,56,-55
100000376,0,0,0
100000379,79,444,-365
100000380,1028,1918,-890
100000384,1089,2211,-1122
100000385,131,738,-607
100000386,519,1127,-608
100000387,227,1189,-962
100000388,1513,1211,302
100000389,1235,1934,-699
100000390,731,356,375
100000391,645,1893,-1248
100000392,153,243,-90
100000393,86,945,-859
100000394,136,429,-293
100000395,76,211,-135
100000396,341,393,-52
100000397,484,640,-156
100000398,2587,1100,1487
100900002,0,0,0
100900003,0,0,0
100900004,0,0,0
100900005,0,0,0
100900006,0,0,0
100900007,0,0,0
100900008,0,0,0
100900009,0,0,0
100900010,0,0,0
100900011,0,0,0
100900012,0,0,0
100900013,0,0,0
100900014,0,0,0
100900015,0,0,0
100900016,0,0,0
100900017,0,0,0
100900018,0,0,0
100900019,0,0,0
100900020,0,0,0
100900021,0,0,0
100900022,0,0,0
100900023,0,0,0
100900024,0,0,0
100900025,0,0,0
100900026,0,0,0
100900027,0,0,0
100900028,0,0,0
100900029,0,0,0
100900030,0,0,0
100900031,0,0,0
100900032,0,0,0
100900033,0,0,0
100900034,0,0,0
100900035,0,0,0
100900036,0,0,0
100900037,0,0,0
100900038,0,0,0
100900039,0,0,0
100900040,0,0,0
100900041,0,0,0
100900042,7,8,-1
100900043,0,0,0
100900044,0,0,0
100900045,0,0,0
100900046,0,0,0
100900047,0,0,0
100900048,0,0,0
100900049,0,0,0
100900050,0,0,0
100900051,0,0,0
100900052,0,0,0
100900053,0,0,0
100900054,0,0,0
100900055,0,0,0
100900056,0,0,0
100900057,0,0,0
100900058,0,0,0
100900059,0,0,0
100900060,0,0,0
100900061,0,0,0
100900062,0,0,0
100900063,0,0,0
100900064,0,0,0
100900065,0,0,0
100900066,0,2,-2
100900067,0,0,0
100900068,0,0,0
100900069,0,0,0
100900070,0,0,0
100900071,0,0,0
100900072,0,0,0
100900073,0,0,0
100900074,0,0,0
100900075,0,0,0
100900076,0,0,0
100900077,0,0,0
100900078,0,0,0
100900079,0,0,0
100900080,0,0,0
100900081,0,0,0
100900082,0,0,0
100900083,0,0,0
100900085,0,0,0
100900086,0,0,0
100900088,0,0,0
100900089,0,0,0
100900090,0,0,0
100900091,0,0,0
100900092,0,0,0
100900093,0,0,0
100900094,0,0,0
100900095,0,0,0
100900096,0,0,0
100900097,0,0,0
100900098,0,0,0
100900099,0,0,0
100900100,0,0,0
100900101,0,0,0
100900102,0,0,0
100900103,0,0,0
100900104,0,0,0
100900105,0,0,0
100900106,0,0,0
100900107,0,0,0
100900108,0,0,0
100900109,0,0,0
100900110,0,0,0
100900111,0,0,0
100900112,0,0,0
100900113,0,0,0
100900114,0,0,0
100900115,0,0,0
100900116,0,0,0
100900117,0,0,0
100900118,0,0,0
100900119,0,0,0
100900120,0,0,0
100900121,0,0,0
100900122,0,0,0
100900123,0,0,0
100900124,0,0,0
100900125,0,0,0
100900126,0,0,0
100900127,0,0,0
100900128,0,0,0
100900129,0,0,0
100900131,0,0,0
100900133,0,0,0
100900134,0,0,0
100900135,0,0,0
100900137,0,0,0
100900138,0,0,0
100900139,0,0,0
100900140,0,0,0
100900141,0,0,0
100900142,0,0,0
100900143,0,0,0
100900144,0,0,0
100900145,0,0,0
100900146,0,0,0
100900147,0,0,0
100900148,0,0,0
100900149,0,0,0
100900150,0,0,0
100900151,0,0,0
100900152,0,0,0
100900153,0,0,0
100900154,0,0,0
100900155,0,0,0
100900156,0,0,0
100900157,0,0,0
100900158,0,0,0
100900159,0,0,0
100900160,0,0,0
100900161,0,0,0
100900162,0,0,0
100900163,0,0,0
100900164,0,0,0
100900165,0,0,0
100900166,0,0,0
100900167,0,0,0
100900168,0,0,0
100900169,0,0,0
100900170,0,0,0
100900171,0,0,0
100900172,0,0,0
100900173,0,0,0
100900174,0,0,0
100900176,0,0,0
100900177,0,0,0
100900178,0,0,0
100900179,0,0,0
100900180,0,0,0
100900181,0,0,0
100900182,0,0,0
100900184,0,0,0
100900186,0,0,0
100900187,0,0,0
100900188,0,0,0
100900189,0,0,0
100900191,0,0,0
100900192,0,0,0
100900195,0,0,0
100900197,0,0,0
100900198,0,0,0
100900199,0,0,0
100900200,0,0,0
100900201,0,0,0
100900202,0,0,0
100900203,0,0,0
100900204,0,0,0
100900205,0,0,0
100900206,0,0,0
100900207,0,0,0
100900210,0,0,0
100900211,0,0,0
100900213,0,0,0
100900214,0,0,0
100900215,0,0,0
101000001,184,419,-235
101000002,48,143,-95
101000003,9,75,-66
101000004,1052,1733,-681
101000005,892,1359,-467
101000006,453,102,351
101000007,58,304,-246
101000008,230,780,-550
101000009,228,60,168
101000010,83,39,44
101000011,11,35,-24
101000012,0,0,0
101000013,56,141,-85
101000014,66,176,-110
101000015,11,21,-10
101000016,0,0,0
101000017,0,0,0
101000018,100,26,74
101000020,73,28,45
101000021,18,184,-166
101000022,0,0,0
101000023,40,196,-156
101000025,0,0,0
101000026,0,0,0
101000027,167,213,-46
101000028,0,0,0
101000029,0,4,-4
101000030,0,0,0
101000031,0,29,-29
101000032,883,1129,-246
101000033,30,17,13
101000034,44,148,-104
101000035,0,0,0
101000036,2,33,-31
101000037,99,390,-291
101000039,0,0,0
101000040,83,233,-150
101000041,939,1737,-798
101000042,10,201,-191
101000043,69,202,-133
101000045,71,196,-125
101000046,423,504,-81
101000047,621,387,234
101000048,32,133,-101
101000049,0,1,-1
101000050,92,239,-147
101000051,103,604,-501
101000052,129,686,-557
101000053,154,136,18
101000054,261,36,225
101000055,404,566,-162
101000056,0,0,0
101000057,44,4,40
101000058,48,420,-372
101000059,435,1392,-957
101000060,37,5,32
101000061,124,1226,-1102
101000062,23,1,22
101000063,69,694,-625
101000064,49,1,48
101000065,43,237,-194
101000066,100,229,-129
101000067,113,10,103
101000068,18,37,-19
101000069,117,8,109
101000070,193,4,189
101000071,111,82,29
101000072,993,636,357
101000073,298,150,148
101000074,2003,502,1501
101000075,2246,390,1856
101000077,347,100,247
101000078,127,61,66
101000079,445,196,249
101000080,32,1,31
101000081,387,189,198
101000082,73,31,42
101000083,503,200,303
101000084,44,11,33
101000085,465,329,136
101000086,0,0,0
101000087,0,0,0
101000088,404,141,263
101000089,201,143,58
101000090,0,0,0
101000091,35,13,22
101000092,276,87,189
101000093,158,57,101
101000094,15,64,-49
101000095,3,32,-29
101000096,145,59,86
101000097,10,9,1
101000098,1,10,-9
101000099,101,186,-85
101000100,3,6,-3
101000101,67,78,-11
101000102,93,132,-39
101000103,76,97,-21
101000104,23,154,-131
101000105,12,18,-6
101000106,0,0,0
101000107,0,0,0
101000108,0,0,0
101000109,0,0,0
101000110,0,0,0
101000111,0,0,0
101000113,0,0,0
101000114,415,121,294
101000115,0,0,0
101000116,0,0,0
101000117,0,0,0
101000119,0,10,-10
101000120,0,0,0
101000121,0,0,0
101000122,0,0,0
101000123,0,0,0
101000124,0,0,0
101000125,0,0,0
101000128,0,0,0
101000130,26,15,11
101000131,77,78,-1
101000132,4,9,-5
101000135,0,0,0
101000136,0,0,0
101000137,0,11,-11
101000141,284,1754,-1470
101000147,7,10,-3
101000148,0,0,0
101000149,0,0,0
101000150,0,0,0
101000151,0,0,0
101000152,26,5,21
101000153,11,9,2
101000154,32,13,19
101000155,0,0,0
101000156,0,0,0
101000157,0,0,0
101000160,0,0,0
101000163,50,208,-158
101000164,2,0,2
101000165,134,74,60
101000166,2,49,-47
101000168,0,0,0
101000252,396,73,323
101000254,0,0,0
101000258,0,0,0
101000261,0,0,0
101000262,217,2093,-1876
101000263,106,371,-265
101000265,0,3,-3
101000266,0,0,0
101000269,0,0,0
101000290,77,321,-244
101000293,0,0,0
101000294,48,32,16
101000295,4,10,-6
101000301,4,11,-7
101000304,248,578,-330
101000305,367,339,28
101900001,0,0,0
101900002,0,0,0
101900003,0,0,0
101900004,0,0,0
101900005,0,0,0
101900006,0,0,0
101900007,0,0,0
101900008,0,0,0
101900009,0,0,0
101900010,0,0,0
101900011,0,0,0
101900012,0,0,0
101900013,0,0,0
101900017,0,0,0
101900018,0,0,0
101900019,0,0,0
101900020,0,0,0
101900021,0,0,0
101900022,0,0,0
101900023,0,0,0
102000001,316,512,-196
102000002,139,41,98
102000003,189,352,-163
102000004,201,359,-158
102000005,48,267,-219
102000006,32,280,-248
102000007,46,406,-360
102000008,545,183,362
102000009,504,482,22
102000010,325,300,25
102000011,191,489,-298
102000012,321,481,-160
102000018,87,101,-14
102000019,0,0,0
102000026,0,0,0
102000029,0,0,0
102000030,0,0,0
102000031,0,0,0
102000032,0,0,0
102000033,0,0,0
102000034,0,0,0
102000035,0,0,0
102000036,0,0,0
102000037,0,0,0
102000038,0,0,0
102000039,0,0,0
102000040,0,0,0
102000041,0,0,0
102000042,0,0,0
102000043,0,0,0
102000044,0,0,0
102000045,60,85,-25
102000046,0,0,0
102000047,38,57,-19
102000048,0,0,0
102000049,0,0,0
102000050,92,47,45
102000051,0,0,0
102000052,191,48,143
102000053,0,0,0
102000054,43,9,34
102000055,39,2,37
102000056,407,54,353
102000057,43,140,-97
102000058,25,15,10
102000059,25,47,-22
102000060,401,354,47
102000061,22,20,2
102000062,191,114,77
102000063,14,7,7
102000064,6,40,-34
102000065,1,0,1
102000066,99,29,70
102000067,26,158,-132
102000068,342,267,75
102000069,0,0,0
102000070,0,0,0
102000071,687,589,98
102000072,471,571,-100
102000073,3,0,3
102000074,0,0,0
102000075,3,5,-2
102000076,0,0,0
102000077,31,3,28
102000078,0,0,0
102000079,3,0,3
102000080,0,0,0
102000081,11,2,9
102000082,0,0,0
102000083,1,0,1
102000084,185,34,151
102000085,3,0,3
102000086,236,67,169
102000087,18,5,13
102000088,6,47,-41
102000089,135,65,70
102000090,68,230,-162
102000091,165,201,-36
102000092,93,167,-74
102000093,197,196,1
102000094,181,72,109
102000095,0,0,0
102000096,868,158,710
102000097,0,0,0
102000098,166,132,34
102000099,60,9,51
102000100,41,52,-11
102000101,27,30,-3
102000102,17,64,-47
102000103,1,62,-61
102000104,0,0,0
102000105,0,0,0
102000106,0,0,0
102000107,0,0,0
102000108,0,0,0
102000109,0,0,0
102000110,0,0,0
102000111,0,0,0
102000112,0,0,0
102000113,0,0,0
102000114,0,0,0
102000115,0,0,0
102000116,0,45,-45
102000117,0,0,0
102000118,19,341,-322
102000119,0,0,0
102000120,0,0,0
102000121,0,0,0
102000122,0,0,0
102000123,0,0,0
102000124,0,0,0
102000125,0,0,0
102000126,0,0,0
102000127,0,0,0
102000128,0,0,0
102000129,0,0,0
102000130,0,0,0
102000131,0,0,0
102000132,0,0,0
102000133,293,49,244
102000134,75,74,1
102000135,0,0,0
102000136,0,0,0
102000137,0,0,0
102000138,0,0,0
102000139,0,0,0
102000140,0,0,0
102000141,0,0,0
102000142,0,0,0
102000143,0,0,0
102000144,0,0,0
102000145,0,0,0
102000146,0,0,0
102000147,0,0,0
102000148,0,0,0
102000149,0,0,0
102000150,0,0,0
102000151,0,0,0
102000152,0,0,0
102000153,0,0,0
102000154,0,0,0
102000155,0,0,0
102000156,0,0,0
102000157,0,0,0
102000158,0,0,0
102000159,0,0,0
102000161,0,0,0
102000162,0,0,0
102000163,0,1,-1
102000164,0,0,0
102000165,0,0,0
102000166,0,2,-2
102000167,0,0,0
102000168,2,5,-3
102000169,0,3,-3
102000170,0,0,0
102000171,0,0,0
102000172,0,2,-2
102000173,3,7,-4
102000174,0,0,0
102000175,13,6,7
102000176,1,0,1
102000178,37,1,36
102000179,13,6,7
102000180,21,4,17
102000181,107,11,96
102000182,27,3,24
102000183,205,129,76
102000184,11,2,9
102000185,354,97,257
102000186,31,10,21
102000187,9,12,-3
102000188,186,65,121
102000189,98,21,77
102000190,238,322,-84
102000191,104,33,71
102000192,0,0,0
102000193,0,0,0
102000194,0,0,0
102000195,0,0,0
102000196,0,0,0
102000197,0,0,0
102000198,0,0,0
102000199,0,0,0
102000200,0,0,0
102000201,0,0,0
102000202,0,0,0
102000203,0,0,0
102000204,0,0,0
102000205,0,0,0
102000206,0,0,0
102000207,0,0,0
102000208,0,0,0
102000209,0,0,0
102000210,0,0,0
102000211,0,0,0
102000212,0,0,0
102000213,0,0,0
102000214,0,0,0
102000215,0,0,0
102000216,0,0,0
102000217,0,0,0
102000218,0,0,0
102000219,0,0,0
102000225,206,170,36
102000226,0,0,0
102000227,0,0,0
102000228,0,0,0
102000229,0,0,0
102000230,10,43,-33
102000231,0,0,0
102000232,0,0,0
102000233,54,48,6
102000234,15,324,-309
102000236,0,0,0
102000237,0,0,0
102000238,0,0,0
102000240,0,0,0
102000241,0,0,0
102000243,2,5,-3
102000245,0,0,0
102000246,0,0,0
102000247,2,57,-55
102000248,24,158,-134
102000249,0,0,0
102000250,0,1,-1
102000254,60,25,35
102000266,0,0,0
102000271,0,0,0
102000286,0,0,0
102000297,0,0,0
102000299,0,0,0
102000301,0,0,0
102000302,0,0,0
102000303,0,0,0
102000305,0,0,0
102000307,0,0,0
102000308,0,0,0
102900001,0,0,0
102900002,0,0,0
102900003,0,0,0
102900005,0,0,0
102900006,0,0,0
102900007,0,0,0
102900008,0,0,0
102900009,0,0,0
102900010,0,0,0
102900011,0,0,0
102900012,0,0,0
102900013,0,0,0
102900015,0,0,0
102900016,0,0,0
102900017,0,0,0
102900018,0,0,0
102900019,0,0,0
102900020,0,0,0
102900021,0,0,0
102900022,0,0,0
102900023,0,0,0
102900024,0,0,0
102900025,0,0,0
102900026,0,0,0
102900027,0,0,0
102900028,0,0,0
102900029,0,0,0
102900030,0,0,0
102900031,0,0,0
102900032,0,0,0
102900033,0,0,0
102900034,0,0,0
102900035,0,0,0
102900036,0,0,0
102900037,0,0,0
102900038,0,0,0
102900039,0,0,0
102900040,0,0,0
102900041,0,0,0
102900042,0,0,0
102900043,0,0,0
102900044,0,0,0
102900045,0,0,0
102900046,0,0,0
102900047,0,0,0
102900048,0,0,0
102900049,0,0,0
102900050,0,0,0
102900051,0,0,0
102900052,0,0,0
102900053,0,0,0
102900054,0,0,0
102900055,0,0,0
102900056,0,0,0
102900057,0,0,0
102900058,0,0,0
102900059,0,0,0
102900060,0,0,0
102900061,0,0,0
102900062,0,0,0
102900063,0,0,0
102900064,0,0,0
102900065,0,0,0
102900066,0,0,0
102900068,0,0,0
102900070,0,0,0
102900072,0,0,0
102900073,0,0,0
102900074,0,0,0
102900075,0,0,0
102900076,0,0,0
102900077,0,0,0
102900078,0,0,0
102900079,0,0,0
102900080,0,0,0
102900081,0,0,0
102900082,0,0,0
102900083,0,0,0
102900084,0,0,0
102900085,0,0,0
102900086,0,0,0
102900087,0,0,0
102900088,0,0,0
102900089,0,0,0
102900090,0,0,0
102900091,0,0,0
102900092,0,0,0
102900093,0,0,0
102900094,0,0,0
102900095,0,0,0
102900096,0,0,0
102900097,0,0,0
103000001,154,72,82
103000002,38,61,-23
103000003,67,85,-18
103000004,11,50,-39
103000005,475,319,156
103000006,165,216,-51
103000007,2,8,-6
103000008,0,0,0
103000009,52,125,-73
103000010,0,0,0
103000011,34,48,-14
103000012,609,455,154
103000013,99,27,72
103000014,350,599,-249
103000015,0,0,0
103000016,49,59,-10
103000017,94,41,53
103000018,0,0,0
103000019,106,117,-11
103000020,5,77,-72
103000021,999,754,245
103000022,72,41,31
103000023,209,592,-383
103000024,0,0,0
103000025,1,113,-112
103000026,0,0,0
103000027,45,101,-56
103000028,18,40,-22
103000029,35,53,-18
103000030,82,79,3
103000031,201,322,-121
103000032,205,207,-2
103000033,1716,953,763
103000034,28,48,-20
103000035,88,234,-146
103000036,11,222,-211
103000037,11,29,-18
103000038,186,231,-45
103000039,11,31,-20
103000040,12,53,-41
103000041,177,271,-94
103000042,77,43,34
103000043,90,112,-22
103000044,0,0,0
103000046,0,0,0
103000047,0,0,0
103000048,0,0,0
103000049,0,0,0
103000050,0,0,0
103000051,0,0,0
103000052,0,0,0
103000053,0,0,0
103000054,299,59,240
103000055,398,68,330
103000056,65,54,11
103000057,412,155,257
103000058,155,43,112
103000059,40,66,-26
103000060,109,13,96
103000061,107,155,-48
103000062,0,0,0
103000063,112,37,75
103000064,0,0,0
103000065,0,0,0
103000066,0,0,0
103000069,0,0,0
103000070,0,0,0
103000071,45,28,17
103000072,0,0,0
103000073,122,1,121
103000074,154,6,148
103000075,0,0,0
103000076,29,34,-5
103000077,0,0,0
103000078,89,35,54
103000079,2,47,-45
103000080,286,62,224
103000081,23,157,-134
103000082,142,30,112
103000083,0,0,0
103000084,10,0,10
103000085,0,0,0
103000086,292,166,126
103000087,69,238,-169
103000088,0,0,0
103000089,7,139,-132
103000090,740,187,553
103000091,27,50,-23
103000092,167,54,113
103000093,0,0,0
103000094,57,34,23
103000095,0,0,0
103000096,116,14,102
103000097,0,0,0
103000098,95,13,82
103000099,0,0,0
103000100,0,0,0
103000101,204,14,190
103000102,0,0,0
103000103,126,19,107
103000104,0,0,0
103000105,45,1,44
103000106,0,0,0
103000107,109,64,45
103000108,1,5,-4
103000109,0,0,0
103000110,47,33,14
103000111,0,0,0
103000112,28,41,-13
103000113,0,0,0
103000114,254,89,165
103000115,4,2,2
103000116,11,7,4
103000117,44,8,36
103000118,0,0,0
103000119,0,0,0
103000120,0,0,0
103000121,1,45,-44
103000122,335,744,-409
103000125,0,19,-19
103000126,53,0,53
103000127,0,7,-7
103000128,6,0,6
103000129,0,5,-5
103000130,52,1,51
103000131,9,17,-8
103000132,2,3,-1
103000133,1,17,-16
103000134,201,116,85
103000135,12,32,-20
103000136,342,157,185
103000137,11,100,-89
103000138,94,232,-138
103000139,0,0,0
103000140,29,23,6
103000141,0,0,0
103000142,17,5,12
103000143,0,0,0
103000144,70,14,56
103000145,1,5,-4
103000150,0,0,0
103000152,0,0,0
103000153,102,44,58
103000156,0,12,-12
103000157,34,0,34
103000159,0,0,0
103000162,19,1,18
103000163,0,45,-45
103000164,0,0,0
103000165,0,0,0
103000166,47,39,8
103000167,30,5,25
103000168,0,0,0
103000169,7,37,-30
103000170,601,336,265
103000171,12,10,2
103000172,203,9,194
103000173,0,0,0
103000174,103,26,77
103000175,0,0,0
103000176,8,14,-6
103000177,0,0,0
103000178,0,0,0
103000179,0,0,0
103000183,42,0,42
103000185,9,0,9
103000186,4,14,-10
103000187,0,0,0
103000188,0,0,0
103000189,0,0,0
103000191,0,1,-1
103000292,19,28,-9
103000293,24,147,-123
103000295,65,16,49
103000296,2,0,2
103000297,0,0,0
103000504,0,0,0
103000505,0,1,-1
103000506,0,0,0
103000507,0,0,0
103000508,0,0,0
103000509,0,0,0
103900001,0,0,0
103900002,0,0,0
103900003,0,0,0
103900004,0,0,0
103900005,0,0,0
103900006,0,0,0
103900007,0,0,0
103900008,0,0,0
103900009,0,0,0
103900010,0,0,0
103900011,0,0,0
103900012,0,0,0
103900013,0,0,0
103900014,0,0,0
103900015,0,0,0
103900016,0,0,0
103900017,0,0,0
103900018,0,0,0
103900019,0,0,0
103900020,0,0,0
103900021,0,0,0
103900022,0,0,0
103900023,0,0,0
103900024,0,0,0
103900025,0,0,0
103900026,0,0,0
103900027,0,0,0
103900028,0,0,0
103900029,0,0,0
103900030,0,0,0
103900031,0,0,0
103900032,0,0,0
103900033,0,0,0
103900034,0,0,0
103900035,0,0,0
103900036,0,0,0
103900037,0,0,0
103900038,0,0,0
103900039,0,0,0
103900040,0,0,0
103900041,0,0,0
103900042,0,0,0
103900043,0,0,0
103900044,0,0,0
103900045,0,0,0
103900047,0,0,0
103900048,0,0,0
103900049,0,0,0
103900050,0,0,0
103900051,0,0,0
103900052,0,0,0
103900053,0,0,0
103900054,0,0,0
103900055,0,0,0
103900056,0,0,0
103900057,0,0,0
103900058,0,0,0
103900059,0,0,0
103900060,0,0,0
103900061,0,0,0
103900062,0,0,0
103900063,0,0,0
103900064,0,0,0
103900065,0,0,0
103900066,0,0,0
103900067,0,0,0
103900068,0,0,0
103900069,0,0,0
103900070,0,0,0
103900071,0,0,0
103900072,0,0,0
103900073,0,0,0
103900074,0,0,0
103900075,0,0,0
103900076,0,0,0
103900077,0,0,0
103900078,0,0,0
103900079,0,0,0
103900080,0,0,0
103900081,0,0,0
103900082,0,0,0
103900083,0,0,0
103900084,0,0,0
103900085,0,0,0
103900086,0,0,0
103900087,0,0,0
103900088,0,0,0
103900089,0,0,0
103900090,0,0,0
103900091,0,0,0
103900092,0,0,0
103900093,0,0,0
103900094,0,0,0
103900095,0,0,0
103900096,0,0,0
103900097,0,0,0
103900098,0,0,0
103900099,0,0,0
103900100,0,0,0
103900101,0,0,0
103900102,0,0,0
103900104,0,0,0
103900105,0,0,0
103900106,0,0,0
103900107,0,0,0
103900108,0,0,0
103900109,0,0,0
103900110,0,0,0
103900111,0,0,0
103900112,0,0,0
103900113,0,0,0
103900114,0,0,0
103900115,0,0,0
103900116,0,0,0
103900117,0,0,0
103900119,0,0,0
103900120,0,0,0
103900122,0,0,0
103900123,0,0,0
103900124,0,0,0
103900125,0,0,0
103900126,0,0,0
103900127,0,0,0
103900128,0,0,0
103900131,0,0,0
103900133,0,0,0
103900134,0,0,0
103900135,0,0,0
103900137,0,0,0
103900138,0,0,0
103900139,0,0,0
103900140,0,0,0
103900141,0,0,0
103900142,0,0,0
103900143,0,0,0
103900144,0,0,0
103900145,0,0,0
103900146,0,0,0
103900147,0,0,0
103900148,0,0,0
103900149,0,0,0
103900150,0,0,0
103900151,0,0,0
103900152,0,0,0
103900153,0,0,0
103900154,0,0,0
103900155,0,0,0
103900156,0,0,0
103900157,0,0,0
103900158,0,0,0
103900159,0,0,0
103900160,0,0,0
103900161,0,0,0
103900162,0,0,0
103900163,0,0,0
103900164,0,0,0
103900167,0,0,0
103900168,0,0,0
103900169,0,0,0
103900170,0,0,0
103900171,0,0,0
103900172,0,0,0
103900173,0,0,0
103900174,0,0,0
103900175,0,0,0
103900176,0,0,0
103900177,0,0,0
103900178,0,0,0
103900179,0,0,0
103900180,0,0,0
103900181,0,0,0
103900182,0,0,0
103900184,0,0,0
103900185,0,0,0
103900187,0,0,0
103900188,0,0,0
103900189,0,0,0
103900190,0,0,0
103900191,0,0,0
103900192,0,0,0
103900193,0,0,0
103900194,0,0,0
103900195,0,0,0
103900196,0,0,0
103900197,0,0,0
103900198,0,0,0
103900199,0,0,0
103900200,0,0,0
103900201,0,0,0
103900202,0,0,0
103900203,0,0,0
103900204,0,0,0
103900207,0,0,0
103900208,0,0,0
103900209,0,0,0
103900210,0,0,0
103900211,0,0,0
103900212,0,0,0
103900213,3,128,-125
103900214,24,115,-91
103900215,42,77,-35
103900216,0,0,0
103900217,0,0,0
103900218,0,0,0
103900219,0,0,0
103900233,0,0,0
103900235,0,0,0
103900236,0,0,0
103900242,0,0,0
103900243,0,0,0
103900244,0,0,0
103900245,0,0,0
103900246,0,0,0
103900247,0,0,0
103900248,0,0,0
103900249,0,0,0
103900250,0,0,0
103900251,0,0,0
103900253,0,0,0
103900254,0,0,0
103900255,0,0,0
103900256,0,0,0
103900257,0,0,0
103900258,0,0,0
103900259,0,0,0
103900261,0,0,0
103900262,0,0,0
103900263,0,0,0
103900264,0,0,0
103900265,0,0,0
103900266,0,0,0
103900267,0,0,0
104000001,655,385,270
104000002,83,139,-56
104000003,865,449,416
104000004,724,335,389
104000005,472,658,-186
104000006,1344,491,853
104000007,933,178,755
104000008,101,95,6
104000009,71,93,-22
104000010,45,68,-23
104000011,0,0,0
104000012,0,0,0
104000013,110,37,73
104000014,0,0,0
104000015,220,48,172
104000016,0,0,0
104000018,178,83,95
104000019,264,228,36
104000020,45,182,-137
104000021,144,131,13
104000022,43,49,-6
104000023,178,35,143
104000024,0,0,0
104000026,0,0,0
104000027,18,53,-35
104000028,243,41,202
104000029,29,73,-44
104000030,99,70,29
104000031,189,33,156
104000032,0,0,0
104000033,265,38,227
104000034,0,0,0
104000035,335,33,302
104000036,264,115,149
104000037,0,0,0
104000038,159,38,121
104000039,116,93,23
104000040,95,113,-18
104000041,91,25,66
104000042,106,29,77
104000043,98,33,65
104000044,57,19,38
104000045,129,47,82
104000046,119,46,73
104000047,56,327,-271
104000048,285,537,-252
104000049,1,6,-5
104000050,7,10,-3
104000051,0,0,0
104000052,239,150,89
104000053,120,73,47
104000054,6,3,3
104000055,344,131,213
104000056,0,0,0
104000057,0,0,0
104000058,383,60,323
104000059,147,233,-86
104000060,287,73,214
104000061,96,53,43
104000062,28,2,26
104000064,0,0,0
104000065,0,0,0
104000069,0,0,0
104000070,0,0,0
104000071,0,0,0
104000072,30,10,20
104000075,0,0,0
104000076,0,0,0
104000082,161,272,-111
104000083,12,15,-3
104000084,0,10,-10
104000085,2,5,-3
104000086,2,8,-6
104000087,8,5,3
104000090,0,0,0
104000092,0,0,0
104000094,0,0,0
104000095,70,367,-297
104000096,403,0,403
104000097,443,80,363
104000098,876,68,808
104000100,1112,85,1027
104000101,172,193,-21
104000106,1,0,1
104000107,221,17,204
104000108,58,26,32
104000109,46,22,24
104000110,62,3,59
104000111,133,17,116
104000112,6,3,3
104000116,0,0,0
104000117,118,28,90
104000118,35,0,35
104000119,3,5,-2
104000120,10,18,-8
104000121,6,37,-31
104000122,260,34,226
104000123,71,146,-75
104000124,324,561,-237
104000125,42,20,22
104000126,256,50,206
104000127,101,627,-526
104000128,248,13,235
104000129,43,0,43
104000130,0,0,0
104000131,0,0,0
104000132,0,0,0
104000133,43,56,-13
104000134,141,109,32
104000135,53,192,-139
104000136,307,210,97
104000137,393,115,278
104000138,0,0,0
104000139,640,426,214
104000141,153,232,-79
104000142,0,0,0
104000143,0,0,0
104000144,0,0,0
104000145,281,50,231
104000146,0,0,0
104000147,0,0,0
104000148,110,46,64
104000149,0,0,0
104000150,229,152,77
104000151,0,0,0
104000152,0,0,0
104000153,197,102,95
104000154,0,0,0
104000155,189,123,66
104000157,110,9,101
104000158,15,9,6
104000159,8,8,0
104000160,268,101,167
104000161,15,26,-11
104000162,34,58,-24
104000165,190,450,-260
104000167,83,108,-25
104000168,92,0,92
104000169,54,12,42
104000170,0,0,0
104000248,0,0,0
104000251,0,0,0
104000272,0,0,0
104000273,0,0,0
104000274,0,0,0
104000275,0,0,0
104000279,0,0,0
104000290,0,0,0
104000291,109,145,-36
104000293,129,94,35
104000294,0,0,0
104000295,30,75,-45
104000296,283,151,132
104000297,53,198,-145
104000298,422,115,307
104000299,101,139,-38
104900001,0,0,0
104900002,0,0,0
104900003,0,0,0
104900004,0,0,0
104900005,0,0,0
104900006,0,0,0
104900007,0,0,0
104900009,0,0,0
104900010,0,0,0
104900011,0,0,0
104900012,0,0,0
104900013,0,0,0
104900014,0,0,0
104900015,0,0,0
104900016,0,0,0
104900017,0,0,0
104900018,0,0,0
104900019,0,0,0
104900020,0,0,0
104900021,0,0,0
104900022,0,0,0
104900023,0,0,0
104900024,0,0,0
104900025,0,0,0
104900026,0,0,0
104900027,0,0,0
104900028,0,0,0
104900029,0,0,0
104900030,0,0,0
104900031,0,0,0
104900032,0,0,0
104900033,0,0,0
104900034,0,0,0
104900035,0,0,0
104900036,0,0,0
104900037,0,0,0
104900038,0,0,0
104900039,0,0,0
104900040,0,0,0
104900041,0,0,0
104900042,0,0,0
104900043,0,0,0
104900044,0,0,0
104900045,0,0,0
104900046,0,0,0
104900047,0,0,0
104900048,0,0,0
104900049,0,0,0
104900050,0,0,0
104900051,0,0,0
104900052,0,0,0
104900053,0,0,0
104900054,0,0,0
104900055,0,0,0
104900056,0,0,0
104900057,0,0,0
104900058,0,0,0
104900059,0,0,0
104900060,0,0,0
104900061,0,0,0
104900063,0,0,0
104900064,0,0,0
104900065,0,0,0
104900066,0,0,0
104900067,0,0,0
104900068,0,0,0
104900070,0,0,0
104900071,0,0,0
104900072,0,0,0
104900073,0,0,0
104900074,0,0,0
104900075,0,0,0
104900076,0,0,0
104900077,0,0,0
104900078,0,0,0
104900079,0,0,0
104900080,0,0,0
104900082,0,0,0
104900085,0,0,0
104900087,0,0,0
104900089,0,0,0
104900090,0,0,0
104900091,0,0,0
104900093,0,0,0
104900097,0,0,0
104900098,0,0,0
104900099,0,0,0
104900100,0,0,0
104900102,0,0,0
104900103,0,0,0
104900104,0,0,0
104900106,0,0,0
104900107,0,0,0
104900108,0,0,0
104900109,0,0,0
104900110,0,0,0
104900111,0,0,0
104900112,0,0,0
104900113,0,0,0
104900114,0,0,0
104900115,0,0,0
104900116,0,0,0
104900118,0,0,0
104900119,0,0,0
104900120,0,0,0
104900121,0,0,0
104900122,0,0,0
104900123,0,0,0
104900124,0,0,0
104900125,0,0,0
104900126,0,0,0
104900127,0,0,0
104900128,0,0,0
104900129,0,0,0
105000001,960,229,731
105000002,419,361,58
105000003,400,328,72
105000004,36,34,2
105000005,95,290,-195
105000006,158,368,-210
105000007,61,239,-178
105000008,9,393,-384
105000009,1746,963,783
105000010,25,185,-160
105000011,788,709,79
105000012,35,173,-138
105000013,359,705,-346
105000014,2564,1364,1200
105000015,1948,2544,-596
105000016,145,283,-138
105000017,20,28,-8
105000018,160,151,9
105000019,0,0,0
105000020,0,0,0
105000021,0,0,0
105000022,27,7,20
105000023,0,0,0
105000028,0,0,0
105000029,9,9,0
105000030,317,309,8
105000033,60,213,-153
105000034,0,0,0
105000037,0,0,0
105000038,329,329,0
105000039,134,260,-126
105000040,251,344,-93
105000041,26,164,-138
105000042,928,374,554
105000043,85,150,-65
105000044,315,79,236
105000045,27,71,-44
105000046,353,33,320
105000047,29,69,-40
105000048,480,247,233
105000049,4,0,4
105000050,436,187,249
105000051,0,0,0
105000052,133,81,52
105000053,4,12,-8
105000054,97,62,35
105000055,1,1,0
105000056,454,255,199
105000057,43,2,41
105000058,23,35,-12
105000059,417,211,206
105000060,17,4,13
105000061,376,124,252
105000062,1,3,-2
105000063,0,0,0
105000064,327,81,246
105000065,0,0,0
105000066,22,6,16
105000067,435,282,153
105000068,14,27,-13
105000069,33,106,-73
105000070,53,52,1
105000071,179,219,-40
105000072,537,96,441
105000073,227,92,135
105000074,0,0,0
105000075,14,17,-3
105000076,49,25,24
105000077,70,11,59
105000078,39,104,-65
105000079,6,30,-24
105000080,551,677,-126
105000081,1,1,0
105000082,238,576,-338
105000083,1016,896,120
105000084,0,0,0
105000085,600,780,-180
105000086,0,0,0
105000087,0,0,0
105000088,407,520,-113
105000089,48,64,-16
105000090,31,15,16
105000091,0,0,0
105000092,0,0,0
105000093,1,0,1
105000094,23,17,6
105000095,0,1,-1
105000096,208,309,-101
105000097,0,0,0
105000098,221,116,105
105000099,0,0,0
105000100,0,0,0
105000101,154,41,113
105000102,0,0,0
105000103,160,128,32
105000104,0,0,0
105000105,227,73,154
105000106,6,4,2
105000107,378,62,316
105000108,384,50,334
105000109,10,0,10
105000110,48,5,43
105000111,0,0,0
105000112,54,31,23
105000113,0,0,0
105000114,35,132,-97
105000115,0,0,0
105000116,104,29,75
105000117,0,0,0
105000118,15,34,-19
105000119,0,0,0
105000120,365,74,291
105000121,0,0,0
105000122,11,42,-31
105000123,178,7,171
105000124,121,48,73
105000125,167,50,117
105000126,132,39,93
105000127,199,25,174
105000128,47,13,34
105000129,27,39,-12
105000130,17,436,-419
105000131,0,0,0
105000132,113,127,-14
105000133,0,0,0
105000134,244,32,212
105000135,0,0,0
105000136,0,0,0
105000137,0,0,0
105000138,0,0,0
105000139,0,0,0
105000140,197,21,176
105000141,0,0,0
105000142,81,37,44
105000143,0,0,0
105000144,0,0,0
105000145,198,53,145
105000146,0,0,0
105000147,436,45,391
105000148,245,87,158
105000149,620,123,497
105000150,0,0,0
105000151,0,0,0
105000152,1,1,0
105000153,0,0,0
105000154,4,7,-3
105000155,0,0,0
105000156,3,2,1
105000157,54,4,50
105000158,58,9,49
105000159,31,12,19
105000160,80,42,38
105000161,34,19,15
105000162,9,29,-20
105000163,57,16,41
105000164,5,0,5
105000165,10,76,-66
105000166,30,51,-21
105000167,33,166,-133
105000168,152,138,14
105000169,31,15,16
105000170,0,0,0
105000171,0,0,0
105000172,10,0,10
105000173,11,1,10
105000174,1,7,-6
105000175,0,0,0
105000176,19,1,18
105000177,58,28,30
105000178,72,1,71
105000179,52,11,41
105000180,0,0,0
105000181,19,16,3
105000182,0,0,0
105000183,0,0,0
105000184,0,0,0
105000185,43,221,-178
105000186,0,0,0
105000187,86,21,65
105000188,8,48,-40
105000189,0,0,0
105000190,104,90,14
105000191,27,0,27
105000192,118,44,74
105000193,1,18,-17
105000194,163,6,157
105000195,5,1,4
105000196,6,27,-21
105000197,0,3,-3
105000198,0,0,0
105000199,1,65,-64
105000200,31,133,-102
105000201,19,0,19
105000203,0,0,0
105000204,4,5,-1
105000205,0,0,0
105000207,0,0,0
105000208,49,161,-112
105000209,0,0,0
105000212,128,10,118
105000213,55,27,28
105000214,18,2,16
105000215,127,132,-5
105000216,18,0,18
105000217,0,0,0
105000218,125,22,103
105000221,24,2,22
105000222,80,1,79
105000223,12,0,12
105000226,0,2,-2
105000227,19,4,15
105000228,0,26,-26
105000229,10,239,-229
105000231,233,44,189
105000233,379,393,-14
105000234,56,281,-225
105000235,200,122,78
105000237,48,0,48
105000243,4,0,4
105000248,0,0,0
105000262,4,0,4
105000269,0,0,0
105000270,47,0,47
105000271,0,0,0
105000282,18,0,18
105000287,0,0,0
105000288,0,8,-8
105000289,231,367,-136
105000290,0,0,0
105000402,40,120,-80
105000426,0,2,-2
105000438,30,166,-136
105000446,559,403,156
105000447,164,39,125
105000454,0,0,0
105000455,0,0,0
105000474,3,0,3
105000477,0,0,0
105000478,492,1275,-783
105000479,0,0,0
105000480,1831,1747,84
105000481,830,502,328
105000482,133,230,-97
105000483,266,908,-642
105000484,92,333,-241
105000485,240,1241,-1001
105000486,217,350,-133
105000488,37,232,-195
105000489,330,116,214
105000549,0,17,-17
105000550,0,0,0
105000551,37,2,35
105000552,111,70,41
105900001,0,0,0
105900002,0,0,0
105900003,0,0,0
105900004,0,0,0
105900005,0,0,0
105900006,0,0,0
105900007,0,0,0
105900008,0,0,0
105900009,0,0,0
105900011,0,0,0
105900012,0,0,0
105900013,0,0,0
105900014,0,0,0
105900015,0,0,0
105900016,0,0,0
105900017,0,0,0
105900018,0,0,0
105900019,0,0,0
105900020,0,0,0
105900021,0,0,0
105900022,0,0,0
105900023,0,0,0
105900024,0,0,0
105900025,0,0,0
105900026,0,0,0
105900027,0,0,0
105900028,0,0,0
105900029,0,0,0
105900030,0,0,0
105900031,0,0,0
105900032,0,0,0
105900033,0,0,0
105900034,0,0,0
105900035,0,0,0
105900036,0,0,0
105900037,0,0,0
105900038,0,0,0
105900039,0,0,0
105900040,0,0,0
105900041,0,0,0
105900042,0,0,0
105900043,0,0,0
105900044,0,0,0
105900045,0,0,0
105900046,0,0,0
105900047,0,0,0
105900048,35,1,34
105900050,0,0,0
105900051,0,0,0
105900052,0,0,0
105900053,0,0,0
105900054,0,0,0
105900056,0,0,0
105900057,0,0,0
105900058,0,0,0
105900059,0,0,0
106000001,830,467,363
106000002,6,152,-146
106000003,1359,880,479
106000004,63,346,-283
106000005,2309,1397,912
106000006,63,415,-352
106000007,614,132,482
106000008,45,97,-52
106000009,516,203,313
106000010,21,71,-50
106000011,820,433,387
106000012,13,36,-23
106000013,1276,557,719
106000014,69,64,5
106000015,1074,484,590
106000016,73,121,-48
106000017,671,155,516
106000018,89,181,-92
106000019,227,118,109
106000020,6,65,-59
106000021,315,127,188
106000022,25,53,-28
106000023,467,98,369
106000024,26,67,-41
106000025,151,106,45
106000026,23,56,-33
106000027,860,392,468
106000028,10,76,-66
106000029,42,46,-4
106000030,0,0,0
106000034,0,0,0
106000035,159,277,-118
106000036,0,0,0
106000037,0,0,0
106000038,0,0,0
106000039,0,0,0
106000040,0,0,0
106000041,160,83,77
106000043,117,10,107
106000046,0,0,0
106000047,0,0,0
106000049,197,7,190
106000050,0,0,0
106000051,60,108,-48
106000052,0,0,0
106000053,295,73,222
106000054,0,0,0
106000055,94,23,71
106000056,0,0,0
106000057,227,46,181
106000058,0,0,0
106000059,224,88,136
106000060,0,0,0
106000061,26,146,-120
106000062,0,0,0
106000063,487,188,299
106000064,0,0,0
106000065,185,26,159
106000066,7,6,1
106000067,176,24,152
106000068,1,1,0
106000069,37,0,37
106000070,25,5,20
106000071,263,32,231
106000072,344,245,99
106000073,383,178,205
106000074,189,184,5
106000075,129,141,-12
106000076,546,131,415
106000077,790,96,694
106000078,350,50,300
106000079,472,77,395
106000080,456,25,431
106000081,261,103,158
106000082,412,34,378
106000083,267,122,145
106000084,286,28,258
106000085,412,209,203
106000086,442,53,389
106000087,205,16,189
106000088,150,20,130
106000089,508,35,473
106000090,456,54,402
106000091,8,0,8
106000092,180,44,136
106000093,192,2,190
106000094,0,0,0
106000095,294,35,259
106000096,285,31,254
106000097,231,54,177
106000098,219,19,200
106000099,24,14,10
106000100,607,18,589
106000101,427,4,423
106000102,4,30,-26
106000103,16,111,-95
106000104,106,28,78
106000105,24,81,-57
106000106,112,26,86
106000107,21,93,-72
106000108,79,5,74
106000109,5,58,-53
106000110,63,22,41
106000111,2,58,-56
106000112,173,45,128
106000113,9,57,-48
106000114,23,13,10
106000115,13,50,-37
106000116,55,58,-3
106000117,0,0,0
106000118,376,87,289
106000119,0,0,0
106000120,317,138,179
106000121,8,20,-12
106000122,0,0,0
106000123,20,4,16
106000124,0,0,0
106000125,0,0,0
106000126,46,8,38
106000127,0,0,0
106000128,107,12,95
106000129,0,0,0
106000130,251,55,196
106000131,0,0,0
106000132,136,13,123
106000133,0,0,0
106000134,251,25,226
106000135,0,0,0
106000136,280,40,240
106000137,0,0,0
106000138,264,10,254
106000139,102,12,90
106000140,0,0,0
106000141,0,0,0
106000142,71,3,68
106000143,0,0,0
106000144,125,15,110
106000145,0,0,0
106000146,253,112,141
106000147,86,8,78
106000148,113,133,-20
106000149,326,26,300
106000150,73,52,21
106000151,222,88,134
106000152,222,99,123
106000153,0,37,-37
106000154,24,3,21
106000155,23,11,12
106000156,397,26,371
106000157,127,89,38
106000158,614,149,465
106000159,196,64,132
106000160,181,194,-13
106000161,88,4,84
106000162,191,54,137
106000163,47,5,42
106000164,131,4,127
106000165,63,8,55
106000166,358,46,312
106000167,117,71,46
106000168,177,20,157
106000169,17,33,-16
106000170,172,9,163
106000171,40,95,-55
106000172,496,53,443
106000173,71,124,-53
106000174,210,11,199
106000175,89,2,87
106000176,221,55,166
106000177,0,0,0
106000178,363,59,304
106000179,0,0,0
106000180,102,40,62
106000181,40,88,-48
106000182,675,41,634
106000183,677,68,609
106000184,404,76,328
106000185,39,23,16
106000186,61,5,56
106000187,5,6,-1
106000188,0,0,0
106000189,0,9,-9
106000190,8,0,8
106000191,137,10,127
106000192,0,0,0
106000193,104,43,61
106000194,0,26,-26
106000195,46,3,43
106000196,1,36,-35
106000197,201,0,201
106000198,0,9,-9
106000199,120,14,106
106000200,19,47,-28
106000201,27,21,6
106000202,15,19,-4
106000203,0,0,0
106000204,20,4,16
106000205,0,0,0
106000206,27,1,26
106000207,0,26,-26
106000208,358,41,317
106000209,707,67,640
106000210,0,22,-22
106000211,17,55,-38
106000212,728,132,596
106000213,0,0,0
106000214,290,37,253
106000215,1,52,-51
106000216,128,22,106
106000217,2,55,-53
106000218,122,18,104
106000219,20,65,-45
106000220,129,28,101
106000221,0,0,0
106000222,53,11,42
106000223,117,14,103
106000224,0,0,0
106000225,2,124,-122
106000226,0,0,0
106000228,0,0,0
106000229,0,0,0
106000231,211,0,211
106000232,0,0,0
106000233,43,17,26
106000234,0,0,0
106000235,63,36,27
106000236,0,0,0
106000237,0,0,0
106000238,0,1,-1
106000239,0,0,0
106000240,1,0,1
106000241,0,60,-60
106000242,87,40,47
106000249,95,10,85
106000250,0,70,-70
106000251,0,0,0
106000252,0,0,0
106000253,0,0,0
106000254,0,0,0
106000255,0,0,0
106000256,0,0,0
106000257,32,44,-12
106000258,0,0,0
106000259,0,0,0
106000260,0,0,0
106000261,0,0,0
106000262,0,0,0
106000263,0,0,0
106000264,0,0,0
106000265,0,0,0
106000266,0,0,0
106000267,0,0,0
106000268,0,0,0
106000269,0,0,0
106000270,26,0,26
106000271,0,0,0
106000272,0,0,0
106000273,0,0,0
106000274,0,0,0
106000275,0,0,0
106000276,0,0,0
106000277,0,0,0
106000278,0,0,0
106000279,0,0,0
106000280,0,0,0
106000281,0,0,0
106000282,0,0,0
106000283,0,0,0
106000284,0,0,0
106000285,0,0,0
106000286,0,0,0
106000287,0,0,0
106000288,0,0,0
106000289,0,0,0
106000290,0,0,0
106000291,0,0,0
106000292,0,0,0
106000293,0,0,0
106000294,0,0,0
106000295,0,0,0
106000296,0,0,0
106000297,0,0,0
106000298,0,0,0
106000299,0,0,0
106000300,0,0,0
106000301,0,0,0
106000303,0,0,0
106000304,0,0,0
106000305,0,0,0
106000306,0,0,0
106000307,0,0,0
106000308,0,0,0
106000309,0,0,0
106000310,48,4,44
106000311,78,36,42
106000312,3,18,-15
106000313,15,34,-19
106000318,0,0,0
106000319,394,53,341
106000320,0,0,0
106000321,0,0,0
106000322,0,0,0
106000324,0,0,0
106000325,1368,343,1025
106000326,30,97,-67
106000327,102,6,96
106000328,0,0,0
106000329,5,1,4
106000330,0,12,-12
106000428,70,218,-148
106000429,0,0,0
106000430,0,0,0
106000431,389,225,164
106000432,4,104,-100
106000433,854,565,289
106000434,933,482,451
106000435,1,90,-89
106000436,0,0,0
106000437,23,1,22
106000438,12,8,4
106000439,0,0,0
106000440,25,44,-19
106000441,1,1,0
106000442,46,0,46
106000443,60,78,-18
106000450,0,0,0
106000451,11,38,-27
106000454,0,0,0
106000455,0,15,-15
106000456,25,2,23
106000457,0,0,0
106000458,233,30,203
106000459,0,0,0
106000460,291,17,274
106000461,0,0,0
106000462,0,0,0
106000463,0,1,-1
106000464,0,0,0
106000465,185,0,185
106000466,0,0,0
106000467,1,76,-75
106000468,23,37,-14
106000469,50,0,50
106000470,0,0,0
106000471,0,0,0
106000472,17,1,16
106000473,0,0,0
106000474,21,67,-46
106000475,93,110,-17
106000476,6,9,-3
106000477,0,0,0
106900001,0,0,0
106900002,0,0,0
106900003,0,0,0
106900004,0,0,0
106900006,0,0,0
106900007,0,0,0
106900008,0,0,0
106900009,0,0,0
106900010,0,0,0
106900012,0,0,0
106900013,0,0,0
106900014,0,0,0
106900015,0,0,0
106900016,0,0,0
106900017,0,0,0
106900018,0,0,0
106900019,0,0,0
106900020,0,0,0
106900021,0,0,0
106900022,0,0,0
106900023,0,0,0
106900024,0,0,0
106900025,0,0,0
106900026,0,0,0
106900027,150,1,149
107000001,1546,2100,-554
107000002,297,370,-73
107000003,4419,4235,184
107000004,550,407,143
107000005,4190,2942,1248
107000006,328,283,45
107000007,1927,2541,-614
107000008,560,379,181
107000009,4089,3398,691
107000010,495,398,97
107000011,0,0,0
107000012,0,0,0
107000013,0,0,0
107000014,0,0,0
107000015,0,0,0
107000016,0,0,0
107000017,31,5,26
107000018,0,0,0
107000020,61,446,-385
107000021,6,7,-1
107000022,58,424,-366
107000023,339,2,337
107000024,91,237,-146
107000025,32,17,15
107000026,54,70,-16
107000027,225,30,195
107000028,51,133,-82
107000029,871,99,772
107000030,85,123,-38
107000031,702,246,456
107000032,94,115,-21
107000033,193,79,114
107000034,0,0,0
107000035,50,41,9
107000036,0,0,0
107000037,5,158,-153
107000038,3,22,-19
107000039,128,371,-243
107000040,58,5,53
107000041,454,97,357
107000042,48,34,14
107000043,412,112,300
107000044,22,12,10
107000045,3,12,-9
107000046,547,81,466
107000047,52,87,-35
107000048,345,82,263
107000049,30,61,-31
107000050,273,71,202
107000051,12,174,-162
107000052,269,130,139
107000053,335,63,272
107000054,16,156,-140
107000055,241,114,127
107000056,57,45,12
107000057,89,202,-113
107000058,1078,957,121
107000059,0,0,0
107000060,2178,1964,214
107000061,15,27,-12
107000062,2090,1120,970
107000063,26,26,0
107000064,1331,1052,279
107000065,67,7,60
107000066,653,591,62
107000067,194,114,80
107000068,143,144,-1
107000069,94,252,-158
107000070,169,0,169
107000071,921,13,908
107000072,0,0,0
107000073,200,43,157
107000074,0,0,0
107000075,1212,64,1148
107000076,0,0,0
107000077,1425,41,1384
107000078,0,0,0
107000079,1061,79,982
107000080,0,0,0
107000081,976,182,794
107000082,0,0,0
107000083,437,468,-31
107000084,0,0,0
107000085,730,628,102
107000086,113,339,-226
107000087,639,169,470
107000088,122,167,-45
107000089,301,150,151
107000090,85,50,35
107000091,363,113,250
107000092,56,50,6
107000093,313,327,-14
107000094,45,88,-43
107000095,1256,654,602
107000096,0,0,0
107000097,326,200,126
107000098,0,0,0
107000099,296,202,94
107000100,0,0,0
107000101,177,193,-16
107000102,0,0,0
107000103,189,126,63
107000104,0,0,0
107000105,299,95,204
107000106,0,0,0
107000107,236,122,114
107000108,0,0,0
107000109,288,12,276
107000110,0,0,0
107000111,190,7,183
107000112,0,0,0
107000113,322,43,279
107000114,0,0,0
107000115,413,54,359
107000116,0,0,0
107000117,207,32,175
107000118,0,0,0
107000119,771,213,558
107000120,0,0,0
107000121,400,74,326
107000122,8,131,-123
107000123,481,42,439
107000124,3,53,-50
107000125,616,24,592
107000126,40,59,-19
107000127,0,0,0
107000129,0,0,0
107000130,323,166,157
107000131,0,0,0
107000132,398,256,142
107000133,5,0,5
107000134,42,0,42
107000135,0,0,0
107000136,137,0,137
107000137,0,6,-6
107000138,8,0,8
107000139,0,2,-2
107000140,80,1,79
107000141,6,0,6
107000142,64,0,64
107000143,1,1,0
107000144,49,5,44
107000145,1,18,-17
107000146,0,0,0
107000147,6,24,-18
107000150,0,0,0
107000151,0,0,0
107000152,14,64,-50
107000153,0,0,0
107000154,0,0,0
107000155,59,0,59
107000156,124,1,123
107000157,0,0,0
107000158,28,0,28
107000159,0,0,0
107000160,150,59,91
107000161,0,1,-1
107000162,3,64,-61
107000163,40,0,40
107000164,0,0,0
107000165,0,0,0
107000166,0,0,0
107000167,0,0,0
107000168,448,50,398
107000169,4,8,-4
107000170,435,97,338
107000171,10,6,4
107000172,314,146,168
107000173,12,1,11
107000174,104,187,-83
107000175,48,30,18
107000176,0,0,0
107000177,2,0,2
107000178,0,0,0
107000179,0,0,0
107000180,570,30,540
107000181,0,0,0
107000182,401,58,343
107000183,0,0,0
107000184,363,59,304
107000185,0,0,0
107000186,392,65,327
107000187,97,80,17
107000188,0,0,0
107000189,45,13,32
107000190,0,0,0
107000191,139,123,16
107000192,0,0,0
107000193,56,46,10
107000194,0,0,0
107000197,191,38,153
107000198,0,0,0
107000199,122,82,40
107000200,15,47,-32
107000201,85,36,49
107000202,87,18,69
107000203,89,149,-60
107000204,64,551,-487
107000205,66,56,10
107000206,25,409,-384
107000207,24,32,-8
107000208,19,33,-14
107000209,0,0,0
107000210,0,0,0
107000211,0,0,0
107000212,0,0,0
107000213,0,0,0
107000214,0,0,0
107000215,0,0,0
107000216,0,0,0
107000217,0,0,0
107000219,0,0,0
107000220,0,0,0
107000222,2,43,-41
107000224,8,0,8
107000225,0,0,0
107000226,56,13,43
107000227,0,0,0
107000228,0,0,0
107000229,0,0,0
107000230,26,17,9
107000231,47,135,-88
107000232,0,0,0
107000233,0,0,0
107000234,0,0,0
107000235,145,0,145
107000236,0,0,0
107000237,24,0,24
107000238,6,0,6
107000239,0,0,0
107000240,0,0,0
107000241,0,0,0
107000242,0,0,0
107000243,0,0,0
107000244,7,0,7
107000246,0,0,0
107000249,0,0,0
107000251,0,0,0
107000252,0,0,0
107000255,0,0,0
107000257,0,0,0
107000258,0,0,0
107000259,0,0,0
107000260,0,0,0
107000262,0,0,0
107000263,0,0,0
107000266,0,0,0
107000267,0,0,0
107000268,0,0,0
107000269,0,0,0
107000270,0,0,0
107000271,0,0,0
107000272,0,0,0
107000273,0,0,0
107000274,8,0,8
107000275,0,0,0
107000280,50,1,49
107000281,0,0,0
107000282,0,0,0
107000290,0,0,0
107000291,0,0,0
107000292,0,0,0
107000293,0,0,0
107000294,0,0,0
107000295,0,0,0
107000296,0,2,-2
107000444,32,0,32
107000496,0,0,0
107000497,0,0,0
107000500,0,0,0
107000501,0,0,0
107000502,0,0,0
107000505,0,35,-35
107000506,0,0,0
107000508,0,0,0
107000509,52,74,-22
107000510,0,0,0
107000514,0,0,0
107000515,0,0,0
107000516,175,110,65
107000518,307,72,235
107000519,0,0,0
107000520,0,0,0
107900001,0,0,0
107900002,0,0,0
107900003,0,0,0
107900004,0,0,0
107900005,0,0,0
107900006,0,0,0
107900007,0,0,0
107900008,0,0,0
107900009,0,0,0
107900010,0,0,0
107900012,0,0,0
107900013,0,0,0
107900014,0,0,0
107900015,0,0,0
107900016,0,0,0
107900017,0,0,0
107900018,0,0,0
107900019,0,0,0
107900020,0,0,0
107900021,0,0,0
107900023,0,0,0
107900024,0,0,0
107900025,0,0,0
107900026,0,0,0
107900027,0,0,0
107900028,0,0,0
107900030,0,0,0
107900031,0,0,0
107900032,0,0,0
107900033,0,0,0
107900034,0,0,0
107900035,0,0,0
107900036,0,0,0
107900037,0,0,0
107900038,0,0,0
107900039,0,0,0
107900040,0,0,0
107900041,0,0,0
107900043,0,0,0
107900044,0,0,0
107900045,0,0,0
107900046,0,0,0
107900047,0,0,0
107900048,0,0,0
107900049,0,0,0
107900050,0,0,0
107900051,0,0,0
107900052,0,0,0
107900053,0,0,0
107900055,0,0,0
107900056,0,0,0
107900057,0,0,0
107900058,0,0,0
107900060,0,0,0
107900061,0,0,0
107900063,0,0,0
107900064,0,0,0
107900065,0,0,0
107900066,0,0,0
107900067,0,0,0
107900068,0,0,0
107900069,0,0,0
107900070,0,0,0
107900071,0,0,0
107900072,0,0,0
107900073,0,0,0
107900074,0,0,0
107900076,0,0,0
107900077,0,0,0
107900078,0,0,0
107900079,0,0,0
107900080,0,0,0
107900081,0,0,0
107900082,0,0,0
107900083,0,0,0
107900084,0,0,0
107900086,0,0,0
107900087,0,0,0
107900088,0,0,0
107900089,0,0,0
107900090,0,0,0
107900091,0,0,0
107900092,0,0,0
107900093,0,0,0
107900095,0,0,0
107900097,0,0,0
107900098,0,0,0
107900100,0,0,0
107900101,0,0,0
107900102,0,0,0
107900103,0,0,0
107900104,0,0,0
107900105,0,0,0
107900106,0,0,0
107900107,0,0,0
107900108,0,0,0
107900109,0,0,0
107900110,0,0,0
107900111,0,0,0
107900112,0,0,0
107900113,0,0,0
107900114,0,0,0
107900115,0,0,0
107900116,0,0,0
107900117,0,0,0
107900118,0,0,0
107900119,0,0,0
107900120,0,0,0
107900121,0,0,0
107900122,0,0,0
107900123,0,0,0
107900124,0,0,0
107900125,0,0,0
107900126,0,0,0
107900127,0,0,0
107900128,0,0,0
107900129,0,0,0
107900130,0,0,0
107900131,0,0,0
107900132,0,0,0
107900133,0,0,0
107900134,0,0,0
107900135,0,0,0
107900136,0,0,0
107900137,0,0,0
107900138,0,0,0
107900139,0,0,0
107900140,0,0,0
107900141,0,0,0
107900142,0,0,0
107900143,0,0,0
107900144,0,0,0
107900145,0,0,0
107900146,0,0,0
107900147,0,0,0
107900148,0,0,0
107900149,0,0,0
107900150,0,0,0
107900151,0,0,0
107900152,0,0,0
107900153,0,0,0
107900154,0,0,0
107900155,0,0,0
107900156,0,0,0
107900157,0,0,0
107900158,0,0,0
107900159,0,0,0
107900160,0,0,0
107900161,0,0,0
107900162,0,0,0
107900163,0,0,0
107900164,0,0,0
107900165,0,0,0
107900166,0,0,0
107900167,0,0,0
107900168,0,0,0
107900169,0,0,0
107900171,0,0,0
107900172,0,0,0
107900173,0,0,0
107900174,0,0,0
107900175,0,0,0
107900176,0,0,0
107900177,0,0,0
107900178,0,0,0
107900179,0,0,0
107900180,0,0,0
107900181,0,0,0
107900182,0,0,0
107900183,0,0,0
107900184,0,0,0
107900185,0,0,0
107900186,0,0,0
107900187,0,0,0
107900188,0,0,0
107900189,0,0,0
107900190,0,0,0
107900191,0,0,0
107900193,0,0,0
107900194,0,0,0
107900195,0,0,0
107900196,0,0,0
107900197,0,0,0
107900199,0,0,0
107900201,0,0,0
107900203,0,0,0
107900204,0,0,0
107900205,0,0,0
107900206,0,0,0
107900207,0,0,0
107900208,0,0,0
107900209,0,0,0
107900210,0,0,0
107900213,0,0,0
107900214,0,0,0
107900215,0,0,0
107900216,0,0,0
107900217,0,0,0
107900218,0,0,0
107900219,0,0,0
107900220,0,0,0
107900221,0,0,0
107900223,0,0,0
107900224,0,0,0
107900225,0,0,0
107900226,0,0,0
107900227,0,0,0
107900228,0,0,0
107900229,0,0,0
107900230,0,0,0
107900231,0,0,0
107900232,0,0,0
107900233,0,0,0
107900234,0,0,0
107900235,0,0,0
107900236,0,0,0
107900237,0,0,0
107900238,0,0,0
107900239,0,0,0
107900240,0,0,0
107900241,0,0,0
107900242,0,0,0
107900243,0,0,0
107900244,0,0,0
107900245,0,0,0
107900246,0,0,0
107900248,1,1,0
107900249,0,0,0
107900250,0,0,0
107900251,0,0,0
107900252,0,0,0
107900253,0,0,0
107900254,0,0,0
107900255,0,0,0
107900256,0,0,0
107900257,0,0,0
107900258,0,0,0
107900259,0,0,0
107900261,0,0,0
107900262,0,0,0
107900264,0,0,0
107900265,0,0,0
107900267,0,0,0
107900268,0,0,0
107900269,0,0,0
107900270,0,0,0
107900271,0,0,0
107900272,0,0,0
107900273,0,0,0
107900274,0,0,0
107900275,0,0,0
107900276,0,0,0
107900277,0,0,0
107900278,0,0,0
107900279,0,0,0
107900280,0,0,0
107900281,0,0,0
107900282,0,0,0
107900283,0,0,0
107900284,0,0,0
107900285,0,0,0
107900286,0,0,0
107900287,0,0,0
107900290,0,0,0
107900291,0,0,0
107900292,0,0,0
107900293,0,0,0
107900295,0,0,0
107900297,0,0,0
107900298,0,0,0
107900299,0,0,0
107900300,3,11,-8
107900301,1,27,-26
107900302,0,0,0
107900303,0,0,0
107900304,0,0,0
107900305,0,0,0
107900306,0,0,0
107900307,0,0,0
107900308,0,0,0
107900309,0,0,0
107900310,0,0,0
107900311,0,0,0
107900312,0,0,0
107900313,0,0,0
107900314,0,0,0
107900315,0,0,0
107900316,0,0,0
107900317,0,0,0
107900318,0,0,0
107900319,0,0,0
107900320,0,0,0
107900321,0,0,0
107900322,0,0,0
107900323,0,0,0
107900324,0,0,0
107900325,0,0,0
107900326,0,0,0
107900327,0,0,0
107900328,0,0,0
107900329,0,0,0
107900330,0,0,0
107900331,0,0,0
107900332,0,0,0
107900333,0,0,0
107900334,0,0,0
107900335,0,0,0
107900336,0,0,0
107900337,0,0,0
107900338,0,0,0
107900339,0,0,0
107900340,0,0,0
107900341,0,0,0
107900342,0,0,0
107900343,0,0,0
107900344,0,0,0
107900345,0,0,0
107900346,0,0,0
107900347,0,0,0
107900348,0,0,0
107900349,0,0,0
107900350,0,0,0
108000001,2104,1090,1014
108000002,103,209,-106
108000003,1594,809,785
108000004,499,1508,-1009
108000005,4965,2006,2959
108000006,81,699,-618
108000007,4175,1294,2881
108000008,346,360,-14
108000009,2581,1471,1110
108000010,195,327,-132
108000011,4900,1551,3349
108000012,751,705,46
108000014,418,2,416
108000015,471,1,470
108000016,0,4,-4
108000017,569,24,545
108000018,1414,69,1345
108000019,192,58,134
108000020,561,187,374
108000021,0,0,0
108000022,80,53,27
108000023,645,53,592
108000024,46,31,15
108000025,29,7,22
108000026,433,51,382
108000027,80,2,78
108000028,556,11,545
108000029,138,5,133
108000030,418,13,405
108000031,41,5,36
108000032,1146,116,1030
108000033,0,0,0
108000034,1162,57,1105
108000035,0,0,0
108000036,17,27,-10
108000037,450,81,369
108000038,730,103,627
108000039,7,13,-6
108000040,1044,100,944
108000041,12,4,8
108000042,392,9,383
108000043,39,1,38
108000044,592,11,581
108000045,25,0,25
108000046,1205,112,1093
108000047,0,0,0
108000048,0,0,0
108000049,362,27,335
108000050,0,3,-3
108000051,95,18,77
108000052,1,3,-2
108000053,159,59,100
108000054,14,33,-19
108000055,393,117,276
108000056,26,22,4
108000057,370,490,-120
108000058,470,621,-151
108000059,1,146,-145
108000060,143,159,-16
108000061,0,0,0
108000062,319,110,209
108000063,0,0,0
108000064,152,91,61
108000065,0,0,0
108000066,455,33,422
108000067,877,8,869
108000068,560,102,458
108000069,0,0,0
108000070,1599,102,1497
108000071,0,0,0
108000072,1751,195,1556
108000073,0,0,0
108000074,499,76,423
108000075,0,0,0
108000076,1139,183,956
108000077,0,0,0
108000078,1793,558,1235
108000079,0,0,0
108000080,1135,271,864
108000081,0,0,0
108000082,0,0,0
108000083,154,26,128
108000084,0,0,0
108000085,76,44,32
108000086,0,0,0
108000087,2,251,-249
108000088,205,4,201
108000089,0,0,0
108000090,362,30,332
108000091,0,0,0
108000092,611,26,585
108000093,0,0,0
108000094,812,68,744
108000095,0,0,0
108000096,518,200,318
108000097,0,0,0
108000098,1199,57,1142
108000099,109,27,82
108000100,173,29,144
108000101,1019,339,680
108000102,355,712,-357
108000106,158,0,158
108000107,0,0,0
108000108,84,14,70
108000109,0,0,0
108000110,4,3,1
108000111,0,0,0
108000112,1,22,-21
108000113,54,38,16
108000115,133,28,105
108000117,110,5,105
108000118,3,0,3
108000119,55,7,48
108000120,284,152,132
108000121,34,23,11
108000122,506,35,471
108000123,414,26,388
108000124,0,0,0
108000125,586,55,531
108000126,0,0,0
108000127,512,37,475
108000128,0,0,0
108000129,0,0,0
108000130,378,28,350
108000131,215,67,148
108000132,0,0,0
108000133,916,36,880
108000134,0,0,0
108000135,1569,92,1477
108000136,0,0,0
108000137,41,21,20
108000138,2,25,-23
108000139,149,33,116
108000140,0,0,0
108000141,0,0,0
108000142,0,0,0
108000143,0,0,0
108000144,0,0,0
108000145,0,0,0
108000146,0,0,0
108000147,0,0,0
108000148,0,0,0
108000149,0,0,0
108000150,0,0,0
108000151,0,0,0
108000152,0,0,0
108000153,0,0,0
108000154,0,0,0
108000155,0,0,0
108000156,0,0,0
108000157,0,0,0
108000158,0,0,0
108000159,66,4,62
108000160,48,7,41
108000161,174,43,131
108000165,0,0,0
108000172,0,0,0
108000173,0,0,0
108000175,267,9,258
108000178,0,0,0
108000179,97,533,-436
108000181,0,0,0
108000182,0,0,0
108000183,0,0,0
108000184,44,196,-152
108000185,0,0,0
108000186,0,0,0
108000187,0,0,0
108000188,0,0,0
108000189,86,17,69
108000190,0,0,0
108000192,0,0,0
108000193,0,2,-2
108000194,9,0,9
108000195,0,0,0
108000196,13,0,13
108000198,0,0,0
108000199,0,0,0
108000200,0,0,0
108000202,2,158,-156
108000203,0,0,0
108000204,0,0,0
108000205,0,0,0
108000339,167,22,145
108000364,15,23,-8
108000365,20,19,1
108000367,0,0,0
108000368,0,0,0
108000369,0,0,0
108000371,0,0,0
108000372,104,0,104
108000373,25,21,4
108000376,0,0,0
108000377,80,70,10
108000378,6064,2738,3326
108000379,0,0,0
108000381,0,0,0
108000382,56,0,56
108000383,0,0,0
108900001,0,0,0
108900002,0,0,0
108900003,0,0,0
108900004,81,43,38
108900005,0,4,-4
108900006,1,2,-1
108900007,74,14,60
108900008,4,1,3
108900009,17,0,17
108900010,0,0,0
108900011,86,18,68
108900012,42,0,42
108900013,99,47,52
108900014,0,0,0
108900015,0,0,0
108900016,0,0,0
108900017,0,0,0
108900018,0,0,0
108900019,0,0,0
108900020,0,0,0
108900021,0,0,0
108900022,0,0,0
108900023,0,0,0
108900024,0,0,0
108900025,0,0,0
108900026,0,0,0
108900027,0,0,0
108900028,0,0,0
108900029,0,0,0
108900030,0,0,0
108900031,0,0,0
108900032,0,0,0
108900033,0,0,0
108900034,0,0,0
108900035,0,0,0
108900036,0,0,0
108900037,0,0,0
108900038,0,0,0
108900039,0,0,0
108900040,0,0,0
108900041,140,129,11
108900042,0,0,0
108900043,0,0,0
108900044,0,0,0
108900045,0,0,0
108900046,0,0,0
108900047,0,0,0
108900048,0,0,0
108900049,0,0,0
108900050,0,0,0
108900051,0,0,0
108900052,0,0,0
108900053,0,0,0
108900054,0,0,0
108900055,0,0,0
108900056,0,0,0
108900057,0,0,0
108900058,0,0,0
108900059,0,0,0
108900060,0,1,-1
108900061,0,0,0
108900062,0,0,0
108900063,0,0,0
108900064,0,0,0
108900065,0,0,0
108900066,28,2,26
108900067,0,0,0
108900068,0,0,0
108900069,0,0,0
108900070,0,0,0
108900071,1,0,1
108900072,0,0,0
108900073,0,0,0
108900074,0,0,0
108900075,0,0,0
108900076,22,0,22
108900077,0,0,0
108900078,0,0,0
108900079,0,0,0
108900080,0,0,0
108900081,0,0,0
108900082,0,0,0
108900083,0,0,0
108900084,0,0,0
108900085,0,0,0
108900086,0,0,0
108900087,0,0,0
108900088,73,9,64
108900089,0,0,0
108900090,0,0,0
108900091,0,0,0
108900092,74,8,66
108900093,0,0,0
108900094,0,0,0
108900095,0,0,0
108900096,0,0,0
108900097,7,3,4
108900098,0,0,0
108900099,44,0,44
108900100,0,0,0
108900101,0,0,0
108900102,0,0,0
108900103,0,0,0
108900104,0,0,0
108900105,0,0,0
108900106,23,2,21
108900108,0,0,0
108900109,0,0,0
108900110,22,5,17
108900111,36,0,36
108900112,0,0,0
108900113,0,0,0
108900114,0,0,0
108900115,0,0,0
108900116,0,0,0
108900117,0,0,0
108900118,0,0,0
108900119,0,0,0
108900120,0,0,0
108900121,0,0,0
108900122,0,0,0
108900123,0,0,0
108900124,0,0,0
108900125,0,0,0
108900126,0,0,0
108900127,0,0,0
108900128,0,0,0
108900129,0,0,0
108900130,0,0,0
108900131,0,0,0
108900132,0,0,0
108900133,0,0,0
108900134,0,0,0
108900135,0,0,0
108900136,0,0,0
108900137,0,0,0
108900138,0,0,0
108900139,0,0,0
108900140,0,0,0
108900141,0,0,0
108900142,0,0,0
108900143,0,0,0
108900144,0,0,0
108900145,0,0,0
108900146,0,0,0
108900147,0,0,0
108900148,0,0,0
108900149,0,0,0
108900150,0,0,0
108900151,0,0,0
108900152,0,0,0
108900153,0,0,0
108900154,5,0,5
108900155,0,0,0
108900156,0,0,0
108900157,0,0,0
108900158,0,0,0
108900159,0,0,0
108900160,0,0,0
108900161,0,0,0
108900162,0,0,0
108900163,0,0,0
108900164,0,0,0
108900165,0,0,0
108900167,0,0,0
108900168,0,0,0
108900169,0,0,0
108900171,37,114,-77
108900172,0,0,0
108900173,0,0,0
108900174,0,0,0
108900176,0,0,0
108900177,0,0,0
108900178,0,0,0
108900179,2,172,-170
108900180,0,5,-5
108900182,0,28,-28
108900183,0,0,0
108900184,52,3,49
108900185,0,0,0
108900186,0,0,0
108900187,0,0,0
108900188,0,0,0
108900189,4,2,2
108900190,0,0,0
108900191,0,0,0
108900192,0,0,0
108900193,0,0,0
108900194,0,0,0
108900195,4,0,4
108900196,0,0,0
108900198,0,0,0
108900199,0,0,0
108900200,9,1,8
108900201,0,0,0
108900203,0,0,0
108900204,0,0,0
108900205,0,0,0
108900206,0,0,0
108900207,0,0,0
108900208,0,0,0
108900209,0,0,0
108900210,0,0,0
108900211,0,0,0
108900212,0,0,0
108900215,0,0,0
108900216,0,0,0
108900217,0,0,0
108900218,0,0,0
108900219,0,0,0
108900220,0,0,0
108900221,0,0,0
108900222,0,0,0
108900223,0,0,0
108900224,0,0,0
108900225,0,0,0
108900226,0,0,0
108900227,0,0,0
108900230,0,0,0
108900231,0,0,0
108900232,0,0,0
108900233,0,0,0
108900234,0,0,0
108900235,0,0,0
108900236,0,0,0
108900237,0,0,0
108900240,0,0,0
108900241,0,0,0
108900245,0,0,0
108900249,0,0,0
108900250,0,0,0
108900257,0,0,0
108900258,0,0,0
108900259,0,0,0
108900260,0,0,0
108900261,0,0,0
108900262,0,0,0
108900263,0,0,0
108900264,0,0,0
108900265,0,0,0
108900266,0,0,0
108900267,0,0,0
108900268,0,0,0
108900269,0,0,0
108900270,0,0,0
108900271,0,0,0
108900272,0,0,0
108900273,0,0,0
108900274,0,0,0
109000001,1054,712,342
109000002,0,325,-325
109000003,1817,302,1515
109000004,0,199,-199
109000005,1391,289,1102
109000006,1,131,-130
109000007,1242,288,954
109000008,4,102,-98
109000009,1971,355,1616
109000010,24,264,-240
109000011,2551,634,1917
109000012,25,214,-189
109000013,2838,805,2033
109000014,62,278,-216
109000015,3697,682,3015
109000016,130,383,-253
109000017,2216,508,1708
109000018,22,289,-267
109000019,1754,392,1362
109000020,9,172,-163
109000023,15,0,15
109000024,0,0,0
109000025,0,0,0
109000026,25,14,11
109000027,0,0,0
109000028,13,2,11
109000029,0,0,0
109000030,0,0,0
109000031,192,24,168
109000032,0,0,0
109000033,226,40,186
109000034,0,0,0
109000035,0,0,0
109000036,0,4,-4
109000037,0,0,0
109000038,21,6,15
109000039,0,0,0
109000040,0,0,0
109000041,13,48,-35
109000042,14,57,-43
109000044,165,46,119
109000045,0,0,0
109000046,232,34,198
109000047,0,0,0
109000048,292,71,221
109000049,0,0,0
109000050,190,171,19
109000051,0,0,0
109000052,0,0,0
109000053,0,0,0
109000054,0,0,0
109000055,0,0,0
109000056,0,0,0
109000057,0,0,0
109000058,0,0,0
109000059,0,0,0
109000060,4,9,-5
109000061,0,0,0
109000062,6,13,-7
109000063,0,0,0
109000064,2,16,-14
109000065,0,0,0
109000066,28,0,28
109000067,0,0,0
109000068,177,1,176
109000069,370,25,345
109000070,0,0,0
109000071,0,0,0
109000072,0,24,-24
109000073,0,0,0
109000074,0,18,-18
109000075,0,0,0
109000076,3,25,-22
109000077,33,5,28
109000078,0,1,-1
109000079,8,0,8
109000080,1,4,-3
109000081,40,6,34
109000082,19,5,14
109000083,85,4,81
109000088,0,11,-11
109000089,0,0,0
109000090,0,2,-2
109000091,0,0,0
109000092,1,12,-11
109000093,0,0,0
109000094,1,0,1
109000095,0,4,-4
109000096,22,14,8
109000097,0,0,0
109000098,15,13,2
109000099,210,1,209
109000100,0,20,-20
109000101,355,11,344
109000102,3,67,-64
109000103,9,6,3
109000104,436,12,424
109000105,33,80,-47
109000106,414,12,402
109000107,9,50,-41
109000108,397,27,370
109000109,9,45,-36
109000110,129,75,54
109000111,38,198,-160
109000112,0,0,0
109000113,0,0,0
109000114,187,92,95
109000115,162,12,150
109000116,0,0,0
109000117,127,15,112
109000118,0,0,0
109000119,267,4,263
109000120,0,0,0
109000121,187,14,173
109000122,0,0,0
109000123,0,0,0
109000124,61,3,58
109000125,540,37,503
109000126,0,0,0
109000127,562,20,542
109000128,0,0,0
109000129,507,52,455
109000130,0,0,0
109000131,177,219,-42
109000132,1,17,-16
109000133,0,0,0
109000134,0,0,0
109000135,0,0,0
109000136,24,8,16
109000137,41,8,33
109000138,6,3,3
109000139,151,24,127
109000140,25,5,20
109000141,83,7,76
109000142,0,0,0
109000143,0,0,0
109000145,0,0,0
109000146,35,54,-19
109000148,0,0,0
109000149,0,0,0
109000150,10,105,-95
109000155,0,0,0
109000156,317,20,297
109000158,0,0,0
109000159,54,38,16
109000160,0,0,0
109000161,420,72,348
109000162,54,8,46
109000163,663,55,608
109000164,41,19,22
109000165,487,131,356
109000166,62,9,53
109000167,0,29,-29
109000170,0,0,0
109000171,0,0,0
109000172,0,0,0
109000173,0,0,0
109000174,0,0,0
109000175,0,0,0
109000176,19,7,12
109000177,0,0,0
109000178,6,1,5
109000179,0,0,0
109000180,0,0,0
109000181,0,0,0
109000182,0,0,0
109000183,2,10,-8
109000184,0,0,0
109000185,1,9,-8
109000188,14,28,-14
109000189,28,1,27
109000190,0,0,0
109000191,407,39,368
109000192,0,0,0
109000193,0,0,0
109000194,0,0,0
109000195,0,0,0
109000196,0,0,0
109000197,0,0,0
109000198,0,0,0
109000199,0,0,0
109000206,0,0,0
109000207,0,0,0
109000208,0,0,0
109000209,0,0,0
109000210,0,0,0
109000211,0,0,0
109000214,59,21,38
109000215,236,40,196
109000216,72,236,-164
109000217,0,0,0
109000218,0,0,0
109000221,0,16,-16
109000222,5,22,-17
109000223,3,54,-51
109000224,0,0,0
109000225,0,20,-20
109000226,0,5,-5
109000227,78,6,72
109000228,0,0,0
109000231,0,0,0
109000232,48,6,42
109000236,0,0,0
109000241,77,22,55
109000242,377,89,288
109000293,0,0,0
109000361,0,0,0
109000364,0,0,0
109000396,0,19,-19
109000397,0,0,0
109000399,1,33,-32
109000400,0,0,0
109000403,0,0,0
109000406,113,2,111
109000407,0,0,0
109000408,0,151,-151
109000410,0,0,0
109000411,22,1,21
109900001,0,0,0
109900002,0,0,0
109900003,0,0,0
109900004,0,0,0
109900005,0,0,0
109900006,0,0,0
109900007,0,0,0
109900008,0,0,0
109900009,0,0,0
109900010,0,0,0
109900011,0,0,0
109900012,0,0,0
109900013,0,0,0
109900014,0,0,0
109900015,0,0,0
109900016,0,0,0
109900017,0,0,0
109900018,0,0,0
109900019,0,0,0
109900020,0,0,0
109900021,0,0,0
109900022,25,0,25
109900023,0,0,0
109900024,0,0,0
109900025,0,0,0
109900026,0,0,0
109900027,0,0,0
109900028,0,0,0
109900029,0,0,0
109900030,0,0,0
109900031,0,0,0
109900032,0,0,0
109900033,0,0,0
109900034,0,0,0
109900035,0,0,0
109900036,0,0,0
109900037,0,0,0
109900038,0,0,0
109900039,0,0,0
109900040,0,0,0
109900041,0,0,0
109900042,0,0,0
109900044,0,0,0
109900045,0,0,0
109900046,0,0,0
109900047,0,0,0
109900048,0,0,0
109900049,0,0,0
109900050,0,0,0
109900051,0,0,0
109900052,0,0,0
109900053,0,0,0
109900054,0,0,0
109900055,0,0,0
109900056,0,0,0
109900057,0,0,0
109900058,0,0,0
109900059,0,0,0
109900060,0,0,0
109900061,0,0,0
109900062,0,0,0
109900063,0,0,0
109900064,25,3,22
109900065,0,0,0
109900066,0,0,0
109900067,0,0,0
109900068,0,0,0
109900069,0,0,0
109900070,0,0,0
109900071,0,0,0
109900072,0,0,0
109900073,0,0,0
109900074,0,0,0
109900075,0,0,0
109900076,0,0,0
109900077,0,0,0
109900078,0,0,0
109900080,0,0,0
109900081,0,0,0
109900082,0,0,0
109900083,0,0,0
109900084,0,0,0
109900085,0,0,0
109900086,0,0,0
109900087,0,0,0
109900089,0,0,0
109900090,0,0,0
109900091,0,0,0
109900092,0,0,0
109900093,0,0,0
109900094,0,0,0
109900095,0,0,0
109900096,0,0,0
109900097,0,0,0
109900098,0,0,0
109900099,0,0,0
109900100,0,0,0
109900101,0,0,0
109900102,0,0,0
109900103,0,0,0
109900104,0,0,0
109900105,0,0,0
109900106,0,0,0
109900107,0,0,0
109900108,0,0,0
109900109,0,0,0
109900110,0,0,0
109900111,0,0,0
109900112,0,0,0
109900113,0,0,0
109900114,0,0,0
109900115,0,0,0
109900117,0,0,0
109900118,0,0,0
109900119,0,0,0
109900120,0,0,0
109900121,0,0,0
109900122,0,0,0
109900123,0,0,0
109900124,0,0,0
109900125,0,0,0
109900126,0,0,0
109900128,0,0,0
109900130,0,0,0
109900131,0,0,0
109900132,0,0,0
109900133,0,0,0
109900134,0,0,0
109900135,0,0,0
109900136,0,0,0
109900137,0,0,0
109900138,0,0,0
109900140,0,0,0
109900141,0,0,0
109900142,0,0,0
109900145,0,0,0
109900146,0,0,0
109900148,0,0,0
109900149,0,0,0
109900150,0,0,0
109900151,0,0,0
109900152,0,0,0
109900153,0,0,0
109900154,0,0,0
109900155,0,0,0
109900157,0,0,0
109900158,0,0,0
109900159,0,0,0
109900160,0,0,0
109900161,0,0,0
109900162,0,0,0
109900163,0,0,0
109900164,0,0,0
109900165,0,0,0
109900166,0,0,0
109900167,0,0,0
109900168,0,0,0
109900169,0,0,0
109900170,0,0,0
109900171,0,0,0
109900172,0,0,0
109900173,0,0,0
109900174,0,0,0
109900175,0,0,0
109900176,0,0,0
109900177,0,0,0
109900178,0,0,0
109900179,0,0,0
109900180,0,0,0
110000001,42,106,-64
110000002,639,320,319
110000003,127,288,-161
110000004,641,221,420
110000005,92,91,1
110000006,9,93,-84
110000007,7,3,4
110000008,0,0,0
110000009,1,0,1
110000010,0,0,0
110000011,0,0,0
110000012,0,0,0
110000013,14,28,-14
110000014,41,43,-2
110000015,22,12,10
110000016,46,81,-35
110000017,59,17,42
110000018,15,36,-21
110000019,0,0,0
110000020,0,0,0
110000021,47,15,32
110000022,0,0,0
110000023,0,0,0
110000024,0,0,0
110000025,0,0,0
110000026,0,0,0
110000027,11,20,-9
110000028,171,21,150
110000029,0,0,0
110000030,46,32,14
110000031,0,0,0
110000032,258,2,256
110000033,3,1,2
110000034,14,1,13
110000035,26,25,1
110000036,47,0,47
110000037,10,17,-7
110000038,21,7,14
110000039,180,57,123
110000040,0,0,0
110000041,214,131,83
110000042,0,0,0
110000043,152,165,-13
110000044,0,0,0
110000045,1,32,-31
110000046,0,0,0
110000047,0,21,-21
110000048,0,0,0
110000049,2,2,0
110000050,0,0,0
110000051,3,3,0
110000052,4,4,0
110000053,2,5,-3
110000054,0,0,0
110000055,35,15,20
110000056,188,78,110
110000057,0,0,0
110000058,135,114,21
110000059,31,100,-69
110000060,791,215,576
110000061,109,218,-109
110000062,705,186,519
110000063,0,0,0
110000064,13,1,12
110000065,0,0,0
110000066,0,0,0
110000067,4,2,2
110000068,1,0,1
110000069,0,0,0
110000071,0,0,0
110000073,0,0,0
110000075,0,0,0
110000076,0,0,0
110000077,0,0,0
110000078,0,0,0
110000080,15,7,8
110000081,0,0,0
110000082,0,0,0
110000083,34,124,-90
110000084,415,157,258
110000085,388,489,-101
110000086,449,270,179
110000087,1,28,-27
110000088,0,160,-160
110000089,443,19,424
110000090,0,0,0
110000091,0,0,0
110000092,0,0,0
110000093,137,4,133
110000094,20,1,19
110000095,447,111,336
110000096,93,40,53
110000097,797,73,724
110000098,442,48,394
110000099,86,81,5
110000100,43,0,43
110000101,0,0,0
110000102,0,0,0
110000104,0,0,0
110000105,23,5,18
110000106,0,0,0
110000107,1,40,-39
110000108,465,0,465
110000109,0,0,0
110000110,1102,170,932
110000111,0,0,0
110000112,1,0,1
110000113,0,0,0
110000114,3,6,-3
110000115,2,22,-20
110000116,3,15,-12
110000117,0,0,0
110000118,138,25,113
110000119,0,0,0
110000120,111,13,98
110000121,0,0,0
110000122,4,10,-6
110000123,41,76,-35
110000124,0,0,0
110000125,316,30,286
110000126,178,15,163
110000127,352,11,341
110000128,0,0,0
110000129,0,0,0
110000130,53,22,31
110000131,0,0,0
110000132,1,0,1
110000133,0,0,0
110000134,0,0,0
110000135,36,2,34
110000136,0,0,0
110000137,122,5,117
110000138,0,0,0
110000139,196,5,191
110000140,753,48,705
110000143,144,10,134
110000144,1347,330,1017
110000145,242,159,83
110000146,875,118,757
110000147,0,0,0
110000148,94,44,50
110000151,17,97,-80
110000152,0,0,0
110000153,0,0,0
110000154,0,3,-3
110000155,91,438,-347
110000156,8,135,-127
110000157,43,269,-226
110000160,0,0,0
110000161,0,0,0
110000166,0,0,0
110000167,368,47,321
110000168,563,69,494
110000169,191,120,71
110000170,54,7,47
110000171,315,40,275
110000172,12,31,-19
110000173,33,22,11
110000174,0,0,0
110000175,65,2,63
110000176,13,24,-11
110000177,49,55,-6
110000178,227,51,176
110000179,39,15,24
110000180,56,21,35
110000181,109,10,99
110000182,46,5,41
110000183,247,53,194
110000184,29,57,-28
110000185,0,0,0
110000186,0,0,0
110000191,118,1,117
110000192,0,0,0
110000193,0,0,0
110000194,0,0,0
110000195,0,0,0
110000196,0,0,0
110000197,0,0,0
110000198,0,0,0
110000199,0,0,0
110000200,17,0,17
110000201,0,0,0
110000202,0,0,0
110000203,0,0,0
110000204,0,0,0
110000205,0,0,0
110000206,0,0,0
110000207,0,0,0
110000208,0,0,0
110000209,0,0,0
110000210,748,184,564
110000211,750,298,452
110000212,92,23,69
110000213,3,0,3
110000214,35,1,34
110000215,0,0,0
110000216,0,0,0
110000217,162,0,162
110000218,0,0,0
110000219,51,0,51
110000220,0,0,0
110000221,41,0,41
110000222,0,0,0
110000223,0,0,0
110000224,0,0,0
110000225,0,0,0
110000226,299,31,268
110000227,0,0,0
110000228,62,1,61
110000229,0,0,0
110000230,290,58,232
110000231,69,64,5
110000232,0,0,0
110000233,34,53,-19
110000234,156,20,136
110000235,138,105,33
110000236,0,0,0
110000237,0,0,0
110000238,461,110,351
110000239,0,0,0
110000240,0,0,0
110000242,0,0,0
110000243,0,0,0
110000244,0,0,0
110000245,0,0,0
110000246,8,4,4
110000247,48,153,-105
110000248,91,60,31
110000249,0,0,0
110000250,0,2,-2
110000251,6,18,-12
110000252,38,2,36
110000253,72,35,37
110000254,0,0,0
110000255,0,0,0
110000256,24,50,-26
110000257,18,0,18
110000258,0,4,-4
110000259,0,0,0
110000260,6,4,2
110000263,0,0,0
110000264,8,6,2
110000265,1189,228,961
110000266,522,346,176
110000267,0,0,0
110000268,30,0,30
110000269,0,0,0
110000270,88,1,87
110000271,158,28,130
110000272,203,211,-8
110000273,112,193,-81
110000274,12,103,-91
110000275,194,57,137
110000276,17,140,-123
110000277,591,100,491
110000278,4,182,-178
110000279,594,204,390
110000280,351,37,314
110000281,0,0,0
110000282,6,0,6
110000283,0,0,0
110000284,0,0,0
110000285,0,0,0
110000286,21,13,8
110000287,0,0,0
110000288,0,0,0
110000289,0,0,0
110000290,0,0,0
110000291,218,20,198
110000292,0,0,0
110000293,236,17,219
110000294,0,0,0
110000295,116,24,92
110000296,0,0,0
110000297,0,0,0
110000298,0,0,0
110000299,0,0,0
110000301,0,0,0
110000302,0,0,0
110000303,0,0,0
110000304,0,0,0
110000305,130,0,130
110000306,0,0,0
110000307,109,0,109
110000308,179,0,179
110000309,0,0,0
110000310,90,1,89
110000311,0,0,0
110000312,7,1,6
110000313,0,0,0
110000314,0,0,0
110000315,49,300,-251
110000316,6,190,-184
110000317,0,0,0
110000318,0,0,0
110000319,0,0,0
110000320,0,0,0
110000321,0,0,0
110000322,3,13,-10
110000323,0,0,0
110000324,0,0,0
110000325,662,333,329
110000327,193,5,188
110000328,0,0,0
110000333,41,166,-125
110000334,0,4,-4
110000335,17,34,-17
110000336,2,16,-14
110000337,664,89,575
110000338,24,11,13
110000339,24,55,-31
110000340,1,12,-11
110000341,57,1,56
110000342,7,0,7
110000343,0,0,0
110000344,0,0,0
110000345,2,9,-7
110000346,321,257,64
110000347,672,247,425
110000348,0,0,0
110000349,0,0,0
110000350,2,0,2
110000351,318,70,248
110000352,0,0,0
110000353,966,44,922
110000354,18,4,14
110000355,0,0,0
110000356,195,1,194
110000357,0,0,0
110000361,0,0,0
110000362,2,16,-14
110000363,68,0,68
110000364,97,65,32
110000365,4,0,4
110000366,0,0,0
110000367,0,0,0
110000368,0,0,0
110000369,15,0,15
110000373,0,0,0
110000374,0,0,0
110000375,98,16,82
110000376,0,0,0
110000377,75,180,-105
110000378,0,0,0
110000379,461,165,296
110000380,151,3,148
110000383,0,0,0
110000384,89,0,89
110000385,0,0,0
110000387,28,2,26
110000388,0,0,0
110000389,689,7,682
110000391,256,0,256
110000396,0,0,0
110000397,0,0,0
110000398,0,0,0
110000399,447,1,446
110000587,0,1,-1
110000589,3,3,0
110000640,0,0,0
110000652,0,0,0
110000653,0,0,0
110000654,0,0,0
110000656,0,0,0
110000674,0,0,0
110000675,0,0,0
110000676,0,0,0
110000679,0,0,0
110000682,3,41,-38
110000683,104,39,65
110000684,0,0,0
110000685,8,6,2
110000686,0,0,0
110000687,7,0,7
110000688,35,1,34
110000689,0,0,0
110000692,0,4,-4
110000693,0,0,0
110000694,0,0,0
110000695,0,0,0
110000696,14,5,9
110900001,0,0,0
110900002,0,0,0
110900003,0,0,0
110900004,0,0,0
110900005,0,0,0
110900006,0,0,0
110900007,0,0,0
110900008,0,0,0
110900009,0,0,0
110900010,0,0,0
110900011,0,0,0
110900012,0,0,0
110900013,0,0,0
110900014,0,0,0
110900015,0,0,0
110900016,0,0,0
110900017,0,0,0
110900018,0,0,0
110900019,0,0,0
110900020,0,0,0
110900021,0,0,0
110900022,0,0,0
110900023,0,0,0
110900024,0,0,0
110900025,0,0,0
110900027,0,0,0
110900028,0,0,0
110900029,0,0,0
110900030,0,0,0
110900031,0,0,0
110900032,0,0,0
110900033,0,0,0
110900035,0,0,0
110900036,0,0,0
110900037,0,0,0
110900038,0,0,0
110900039,0,0,0
110900040,0,0,0
110900041,0,0,0
110900042,0,0,0
110900043,0,0,0
110900044,0,0,0
110900045,0,0,0
110900046,0,0,0
110900047,0,0,0
110900049,0,0,0
110900050,0,0,0
110900051,0,0,0
110900052,0,0,0
110900053,0,0,0
110900054,0,0,0
110900055,0,0,0
110900056,0,0,0
110900057,0,0,0
110900058,0,0,0
110900059,0,0,0
110900060,0,0,0
110900061,0,0,0
110900062,0,0,0
110900063,0,0,0
110900064,0,0,0
110900065,0,0,0
110900066,0,0,0
110900067,0,0,0
110900068,0,0,0
110900069,0,0,0
110900070,0,0,0
110900071,0,0,0
110900073,0,0,0
110900074,0,0,0
110900075,0,0,0
110900077,0,0,0
110900078,0,0,0
110900079,0,0,0
110900080,0,0,0
110900081,0,0,0
110900082,0,0,0
110900083,0,0,0
110900084,0,0,0
110900085,0,0,0
110900086,0,0,0
110900087,0,0,0
110900088,0,0,0
110900090,0,0,0
110900091,0,0,0
110900093,0,0,0
110900095,0,0,0
110900097,0,0,0
110900098,0,0,0
110900099,0,0,0
110900100,0,0,0
110900102,0,0,0
110900105,0,0,0
110900108,0,0,0
110900111,0,0,0
110900112,0,0,0
110900113,0,0,0
110900115,0,0,0
110900116,0,0,0
110900118,0,0,0
110900119,0,0,0
110900120,0,0,0
110900121,0,0,0
110900122,0,0,0
110900125,0,0,0
110900127,0,0,0
110900128,0,0,0
110900129,0,0,0
110900130,0,0,0
110900131,0,0,0
110900132,0,0,0
110900133,0,0,0
110900135,0,0,0
110900136,0,0,0
110900137,0,0,0
110900138,0,0,0
110900139,0,0,0
110900140,0,0,0
110900141,0,0,0
110900142,0,0,0
110900143,0,0,0
110900144,0,0,0
110900145,0,0,0
110900146,0,0,0
110900147,0,0,0
110900148,0,0,0
110900149,0,0,0
110900150,0,0,0
110900151,0,0,0
110900152,0,0,0
110900153,0,0,0
111000001,80,7,73
111000002,0,0,0
111000003,488,41,447
111000004,0,0,0
111000005,593,58,535
111000006,0,0,0
111000007,744,57,687
111000008,0,0,0
111000009,1,68,-67
111000010,559,58,501
111000011,0,0,0
111000012,283,71,212
111000013,2,31,-29
111000014,569,106,463
111000017,0,0,0
111000018,0,0,0
111000020,0,0,0
111000021,51,3,48
111000023,55,4,51
111000025,129,203,-74
111000029,0,0,0
111000030,0,0,0
111000031,467,91,376
111000032,115,17,98
111000033,40,18,22
111000034,9,19,-10
111000037,0,0,0
111000038,13,7,6
111000039,7,4,3
111000040,4,4,0
111000041,0,0,0
111000042,0,0,0
111000043,1016,147,869
111000044,858,105,753
111000045,964,380,584
111000046,436,187,249
111000047,666,291,375
111000049,92,50,42
111000050,0,0,0
111000051,0,0,0
111000052,0,0,0
111000053,0,0,0
111000054,0,0,0
111000055,2,0,2
111000056,0,0,0
111000057,0,0,0
111000058,114,3,111
111000059,284,109,175
111000060,1773,101,1672
111000061,82,59,23
111000062,455,39,416
111000063,700,93,607
111000064,736,95,641
111000065,792,56,736
111000066,193,56,137
111000067,0,0,0
111000068,0,0,0
111000069,0,0,0
111000070,0,0,0
111000071,0,0,0
111000072,936,98,838
111000073,384,204,180
111000074,1007,323,684
111000075,208,27,181
111000076,347,43,304
111000077,709,203,506
111000078,225,21,204
111000079,252,69,183
111000080,207,54,153
111000081,178,101,77
111000082,136,31,105
111000084,27,126,-99
111000085,67,44,23
111000086,117,17,100
111000087,163,17,146
111000088,160,72,88
111000089,80,40,40
111000090,22,68,-46
111000091,0,0,0
111000092,2,0,2
111000093,0,1,-1
111000094,16,7,9
111000095,31,18,13
111000096,56,19,37
111000097,0,0,0
111000098,0,0,0
111000099,0,0,0
111000100,0,0,0
111000101,0,0,0
111000102,0,0,0
111000104,108,40,68
111000107,0,0,0
111000109,69,53,16
111000110,256,71,185
111000111,1164,67,1097
111000112,1007,15,992
111000113,563,221,342
111000114,370,153,217
111000115,1525,166,1359
111000116,254,40,214
111000117,82,16,66
111000118,215,25,190
111000119,338,52,286
111000120,276,55,221
111000121,165,50,115
111000122,9,15,-6
111000123,7,8,-1
111000124,0,0,0
111000125,0,0,0
111000126,0,0,0
111000127,314,51,263
111000128,905,17,888
111000129,1119,29,1090
111000130,1371,55,1316
111000131,1044,61,983
111000132,576,104,472
111000133,15,17,-2
111000134,39,14,25
111000135,0,0,0
111000136,305,5,300
111000138,4,1,3
111000140,0,0,0
111000141,3,1,2
111000142,0,0,0
111000143,0,0,0
111000144,0,0,0
111000145,20,0,20
111000146,5,1,4
111000147,43,1,42
111000148,81,8,73
111000149,0,0,0
111000150,33,0,33
111000151,0,0,0
111000153,149,2,147
111000154,21,26,-5
111000155,48,11,37
111000156,179,70,109
111000157,131,145,-14
111000158,378,160,218
111000159,339,112,227
111000160,101,49,52
111000161,0,80,-80
111000162,0,0,0
111000163,0,0,0
111000164,0,0,0
111000165,85,8,77
111000166,0,0,0
111000167,0,0,0
111000168,19,1,18
111000169,37,7,30
111000170,81,8,73
111000171,78,8,70
111000172,10,12,-2
111000173,24,11,13
111000174,16,5,11
111000175,1,4,-3
111000176,0,0,0
111000177,0,0,0
111000178,0,0,0
111000179,0,0,0
111000180,0,0,0
111000181,92,0,92
111000182,29,2,27
111000183,63,12,51
111000184,58,3,55
111000185,11,9,2
111000186,9,0,9
111000187,48,2,46
111000188,10,3,7
111000189,0,0,0
111000190,0,0,0
111000191,0,0,0
111000192,0,0,0
111000193,0,0,0
111000194,0,0,0
111000195,0,0,0
111000196,0,0,0
111000197,69,10,59
111000198,174,3,171
111000199,35,9,26
111000200,277,27,250
111000201,169,7,162
111000202,95,6,89
111000203,166,29,137
111000204,40,113,-73
111000213,152,44,108
111000214,193,36,157
111000215,176,48,128
111000217,307,30,277
111000218,79,163,-84
111000219,0,0,0
111000220,209,44,165
111000221,57,49,8
111000224,0,0,0
111000225,30,0,30
111000226,2,0,2
111000227,5,0,5
111000228,0,0,0
111000229,0,0,0
111000230,31,1,30
111000231,226,28,198
111000232,0,0,0
111000233,0,0,0
111000234,0,0,0
111000239,0,0,0
111000240,64,31,33
111000241,0,0,0
111000242,54,7,47
111000243,0,0,0
111000244,115,7,108
111000245,260,35,225
111000246,126,55,71
111000247,0,0,0
111000248,114,58,56
111000249,0,0,0
111000250,0,0,0
111000251,0,0,0
111000253,0,0,0
111000255,0,0,0
111000257,0,0,0
111000260,0,0,0
111000261,120,12,108
111000271,0,0,0
111000273,91,5,86
111000274,308,169,139
111000275,31,5,26
111000276,0,0,0
111000277,0,0,0
111000278,168,7,161
111000291,227,545,-318
111000298,0,2,-2
111000299,106,0,106
111000300,0,0,0
111000302,0,0,0
111000303,0,0,0
111000312,0,0,0
111000315,0,0,0
111000320,33,23,10
111000321,24,17,7
111000322,57,1,56
111000323,9,0,9
111000324,6,3,3
111000325,0,0,0
111000326,7,3,4
111000327,41,40,1
111000328,48,47,1
111000329,0,0,0
111000330,5,1,4
111000331,22,0,22
111000332,147,91,56
111000334,15,41,-26
111000335,84,2,82
111000337,110,2,108
111000338,3,1,2
111000339,5,2,3
111000340,8,11,-3
111000341,176,9,167
111000342,0,0,0
111000344,215,23,192
111000345,25,5,20
111000346,0,0,0
111000347,1,0,1
111000350,18,12,6
111000351,0,0,0
111000352,18,15,3
111000353,0,0,0
111000354,34,4,30
111000355,0,0,0
111000358,43,8,35
111000360,38,19,19
111000361,80,8,72
111000546,1,0,1
111000547,149,10,139
111000548,1,0,1
111000549,149,9,140
111000550,0,4,-4
111000551,72,6,66
111000552,8,7,1
111000907,31,0,31
111000908,7,0,7
111000916,128,0,128
111000917,0,0,0
111000918,15,13,2
111000920,46,1,45
111000921,0,0,0
111000922,4,0,4
111000924,0,0,0
111000925,2151,306,1845
111000926,33,106,-73
111000927,2133,532,1601
111000928,27,396,-369
111000929,1575,299,1276
111000930,8,156,-148
111000931,2004,440,1564
111000932,46,127,-81
111000933,1738,649,1089
111000934,25,172,-147
111000935,964,171,793
111000936,12,77,-65
111000937,584,264,320
111000938,11,102,-91
111000939,189,6,183
111000940,0,0,0
111000941,27,3,24
111000943,0,0,0
111000944,1,10,-9
111000945,15,0,15
111001109,120,26,94
111001110,0,0,0
111001111,0,1,-1
111001112,259,0,259
111001113,0,198,-198
111001114,7,0,7
111001115,0,0,0
111001116,461,88,373
111001117,0,0,0
111001120,30,8,22
111001121,0,0,0
111001122,0,0,0
111001123,0,0,0
111900001,0,0,0
111900002,0,0,0
111900003,0,0,0
111900004,0,0,0
111900006,0,0,0
111900007,0,0,0
111900008,0,0,0
111900009,0,0,0
111900010,0,0,0
111900012,0,0,0
111900013,0,0,0
111900014,26,1,25
111900015,0,0,0
111900016,0,0,0
111900017,0,0,0
111900018,0,0,0
111900019,0,0,0
111900020,0,0,0
111900021,0,0,0
111900022,0,0,0
111900023,0,0,0
111900024,0,0,0
111900025,0,0,0
111900026,0,0,0
111900027,0,0,0
111900028,0,0,0
111900029,0,0,0
111900030,0,0,0
111900031,0,0,0
111900032,0,0,0
111900033,0,0,0
111900034,0,0,0
111900035,0,0,0
111900036,0,0,0
111900038,0,0,0
111900039,0,0,0
111900040,0,0,0
111900042,0,0,0
111900043,0,0,0
111900044,0,0,0
111900046,0,0,0
111900048,0,0,0
111900049,0,0,0
111900050,0,0,0
111900051,0,0,0
111900052,0,0,0
111900053,0,0,0
111900054,0,0,0
111900055,0,0,0
111900056,0,0,0
111900057,24,0,24
111900058,0,0,0
111900059,25,18,7
111900060,0,0,0
111900061,0,0,0
111900062,0,0,0
111900063,0,0,0
111900064,0,0,0
111900065,0,0,0
111900066,0,0,0
111900067,0,0,0
111900068,0,0,0
111900069,0,0,0
111900070,0,0,0
111900071,0,0,0
111900072,0,0,0
111900073,0,0,0
111900074,0,0,0
111900075,0,0,0
111900076,0,0,0
111900077,0,0,0
111900078,0,0,0
111900079,0,0,0
111900080,0,0,0
111900081,0,0,0
111900082,0,0,0
111900083,0,0,0
111900084,0,0,0
111900085,0,0,0
111900086,0,0,0
111900087,0,0,0
111900088,0,0,0
111900089,0,0,0
111900090,0,0,0
111900091,0,0,0
111900092,0,0,0
111900093,0,0,0
111900094,0,0,0
111900095,0,0,0
111900096,0,0,0
111900097,0,0,0
111900098,0,0,0
111900099,0,0,0
111900100,0,0,0
111900101,0,0,0
111900102,0,0,0
111900103,0,0,0
111900104,0,0,0
111900105,0,0,0
111900106,0,0,0
111900107,0,0,0
111900108,0,0,0
111900109,0,0,0
111900110,0,0,0
111900111,14,1,13
111900112,0,0,0
111900113,0,0,0
111900114,0,0,0
111900115,0,0,0
111900118,0,0,0
111900119,0,0,0
111900122,0,0,0
111900123,0,0,0
111900124,0,0,0
111900125,0,0,0
111900126,0,0,0
111900127,0,0,0
111900128,0,0,0
111900129,0,0,0
111900130,0,0,0
111900131,0,0,0
111900132,0,0,0
111900133,0,0,0
111900134,0,0,0
111900135,0,0,0
111900136,0,0,0
111900137,0,0,0
111900138,0,0,0
111900139,0,0,0
111900140,0,0,0
111900141,0,0,0
111900142,0,0,0
111900143,0,0,0
111900144,0,0,0
111900145,0,0,0
111900146,0,0,0
111900147,0,0,0
111900148,0,0,0
111900149,0,0,0
111900150,0,0,0
111900151,0,0,0
111900152,0,0,0
111900153,0,0,0
111900154,0,0,0
111900155,0,0,0
111900156,0,0,0
111900157,0,0,0
111900158,0,0,0
111900159,0,0,0
111900160,0,0,0
111900161,0,0,0
111900162,0,0,0
111900163,0,0,0
111900164,0,0,0
111901113,0,0,0
111901114,0,0,0
111901115,0,0,0
111901116,0,0,0
111901117,0,0,0
111901118,0,0,0
111901119,0,0,0
111901120,0,0,0
111901121,0,0,0
111901122,0,0,0
111901123,0,0,0
111901124,0,0,0
111901125,3,26,-23
111901126,0,0,0
111901127,0,0,0
111901128,0,0,0
111901129,0,0,0
111901130,0,0,0
111901131,0,0,0
111901132,0,0,0
111901133,0,0,0
111901134,0,0,0
111901135,0,0,0
111901136,0,0,0
111901137,0,0,0
111901138,0,0,0
111901139,0,0,0
111901140,0,0,0
111901141,0,0,0
111901142,0,0,0
111901143,0,0,0
111901144,0,0,0
112000001,1195,359,836
112000002,0,0,0
112000003,578,138,440
112000004,0,0,0
112000005,3107,1381,1726
112000006,0,0,0
112000007,1308,963,345
112000008,1742,1561,181
112000009,654,28,626
112000010,394,895,-501
112000011,177,21,156
112000012,705,1357,-652
112000013,71,82,-11
112000014,167,423,-256
112000015,0,0,0
112000016,74,191,-117
112000017,0,0,0
112000024,0,0,0
112000026,0,0,0
112000027,602,465,137
112000028,0,0,0
112000029,0,1,-1
112000030,0,0,0
112000031,0,81,-81
112000032,0,0,0
112000033,0,34,-34
112000034,0,0,0
112000035,0,0,0
112000036,0,0,0
112000037,0,0,0
112000038,0,0,0
112000039,18,12,6
112000040,0,0,0
112000041,0,0,0
112000042,0,0,0
112000050,760,435,325
112000051,675,934,-259
112000054,44,134,-90
112000057,0,0,0
112000058,0,1,-1
112000059,0,0,0
112000061,0,0,0
112000062,14,74,-60
112000063,0,0,0
112000064,0,0,0
112000065,0,0,0
112000066,122,321,-199
112000067,0,0,0
112000068,116,240,-124
112000069,0,0,0
112000070,28,44,-16
112000071,0,0,0
112000072,295,37,258
112000073,0,0,0
112000074,112,30,82
112000075,376,180,196
112000076,83,38,45
112000077,109,7,102
112000078,224,30,194
112000079,67,28,39
112000080,71,55,16
112000081,49,101,-52
112000082,185,90,95
112000083,118,23,95
112000084,210,66,144
112000085,419,25,394
112000086,408,47,361
112000087,116,15,101
112000088,121,51,70
112000089,15,17,-2
112000090,6,10,-4
112000091,38,41,-3
112000092,971,62,909
112000093,139,24,115
112000094,426,114,312
112000095,194,17,177
112000096,475,44,431
112000097,418,346,72
112000098,0,0,0
112000099,88,1035,-947
112000100,514,101,413
112000101,0,0,0
112000102,432,42,390
112000103,0,0,0
112000105,0,0,0
112000106,420,33,387
112000107,0,7,-7
112000108,0,0,0
112000109,55,5,50
112000110,388,33,355
112000111,0,24,-24
112000112,320,10,310
112000113,1,27,-26
112000114,348,45,303
112000115,0,0,0
112000116,0,0,0
112000117,0,0,0
112000118,0,0,0
112000119,0,0,0
112000120,0,0,0
112000121,0,0,0
112000122,77,12,65
112000123,189,14,175
112000124,23,18,5
112000125,62,37,25
112000126,0,0,0
112000127,37,180,-143
112000128,0,0,0
112000129,155,1,154
112000130,0,0,0
112000131,0,0,0
112000132,0,0,0
112000133,67,0,67
112000134,61,12,49
112000135,169,74,95
112000136,1,8,-7
112000137,234,137,97
112000138,6,0,6
112000139,7,45,-38
112000140,0,0,0
112000141,30,2,28
112000142,0,0,0
112000143,179,1,178
112000144,0,0,0
112000145,316,14,302
112000146,0,0,0
112000147,212,46,166
112000148,0,0,0
112000149,7,11,-4
112000150,0,0,0
112000151,0,2,-2
112000152,0,0,0
112000153,10,1,9
112000154,101,0,101
112000155,0,0,0
112000157,20,276,-256
112000158,48,1,47
112000159,0,0,0
112000167,0,0,0
112000169,0,0,0
112000173,0,0,0
112000175,14,4,10
112000176,0,0,0
112000177,0,0,0
112000178,0,0,0
112000179,0,0,0
112000180,0,0,0
112000181,61,16,45
112000182,245,25,220
112000183,20,0,20
112000184,29,3,26
112000185,0,0,0
112000187,0,0,0
112000195,0,0,0
112000196,0,0,0
112000197,0,0,0
112000198,0,0,0
112000199,0,0,0
112000202,445,0,445
112000216,0,0,0
112000230,0,0,0
112000231,0,0,0
112000256,57,59,-2
112000313,0,0,0
112000314,0,0,0
112000337,0,0,0
112000352,0,0,0
112000392,74,142,-68
112000398,305,63,242
112000399,86,1818,-1732
112000400,3,58,-55
112000401,61,58,3
112000402,494,1687,-1193
112000403,179,962,-783
112000404,155,339,-184
112000405,1113,757,356
112000406,19,96,-77
112000407,2965,539,2426
112000408,129,135,-6
112000409,9,117,-108
112000410,0,0,0
112000411,0,0,0
112000412,0,0,0
112000413,0,0,0
112000414,0,0,0
112000415,0,0,0
112000416,833,155,678
112000417,27,24,3
112000421,0,0,0
112000422,15,0,15
112000424,0,0,0
112000425,0,0,0
112000426,0,0,0
112000427,0,0,0
112000428,0,0,0
112000429,368,479,-111
112000430,435,815,-380
112000431,12,20,-8
112000432,0,0,0
112000433,20,92,-72
112000437,2,23,-21
112900001,0,0,0
112900002,0,0,0
112900003,0,0,0
112900004,0,0,0
112900005,0,0,0
112900006,0,0,0
112900007,0,0,0
112900008,0,0,0
112900009,0,0,0
112900010,0,0,0
112900011,0,0,0
112900012,0,0,0
112900013,0,0,0
112900014,0,0,0
112900015,0,0,0
112900016,0,0,0
112900017,0,0,0
112900018,0,0,0
112900019,0,0,0
112900020,0,0,0
112900021,0,0,0
112900022,0,0,0
112900023,0,0,0
112900024,0,0,0
112900025,0,0,0
112900026,0,0,0
112900027,0,0,0
112900028,0,0,0
112900029,0,0,0
112900030,0,0,0
112900031,0,0,0
112900032,0,0,0
112900034,0,0,0
112900035,0,0,0
112900036,0,0,0
112900037,0,0,0
112900038,0,0,0
112900039,0,0,0
112900040,0,0,0
112900041,0,0,0
112900042,0,0,0
112900043,0,0,0
112900044,0,0,0
112900045,0,0,0
112900046,0,0,0
112900047,0,0,0
112900049,0,0,0
112900050,0,0,0
112900051,0,0,0
112900052,0,0,0
112900053,0,0,0
112900054,0,0,0
112900055,0,0,0
112900056,0,0,0
112900057,0,0,0
112900058,0,0,0
112900059,0,0,0
112900060,0,0,0
112900061,0,0,0
112900062,0,0,0
112900063,0,0,0
112900064,0,0,0
112900065,0,0,0
112900066,0,0,0
112900067,0,0,0
112900068,0,0,0
112900069,0,0,0
112900071,0,0,0
112900072,0,0,0
112900073,0,0,0
112900074,0,0,0
112900075,0,0,0
112900076,0,0,0
112900078,0,0,0
112900079,0,0,0
112900080,0,0,0
112900081,0,0,0
112900082,0,0,0
112900083,0,0,0
112900084,0,0,0
112900085,0,0,0
112900086,0,0,0
112900087,0,0,0
112900088,0,0,0
112900089,0,0,0
112900090,0,0,0
112900091,0,0,0
112900092,0,0,0
112900093,0,0,0
112900094,0,0,0
112900095,0,0,0
112900096,0,0,0
112900097,0,0,0
112900098,0,0,0
112900099,0,0,0
112900100,0,0,0
112900101,0,0,0
112900102,0,0,0
112900103,0,0,0
112900104,0,0,0
112900105,0,0,0
112900106,0,0,0
112900107,0,0,0
112900108,0,0,0
112900109,0,0,0
112900110,0,0,0
112900111,0,0,0
112900112,0,0,0
112900113,0,0,0
112900114,0,0,0
112900115,0,0,0
112900116,0,0,0
112900117,0,0,0
112900118,0,0,0
112900119,0,0,0
112900120,0,0,0
112900121,0,0,0
112900122,0,0,0
112900123,0,0,0
112900124,0,0,0
112900125,0,0,0
112900126,0,0,0
112900127,0,0,0
112900128,0,0,0
112900129,0,0,0
112900130,0,0,0
112900131,0,0,0
112900132,0,0,0
112900133,0,0,0
112900134,0,0,0
112900135,0,0,0
112900136,0,0,0
112900137,0,0,0
112900138,0,0,0
112900139,0,0,0
112900140,0,0,0
112900141,0,0,0
112900142,0,0,0
112900143,0,0,0
112900144,0,0,0
112900145,0,0,0
112900146,0,0,0
112900147,0,0,0
112900148,0,0,0
112900149,0,0,0
112900151,0,0,0
112900152,0,0,0
112900153,0,0,0
112900154,0,0,0
112900155,0,0,0
112900156,0,0,0
112900157,0,0,0
112900158,0,0,0
112900159,0,0,0
112900160,0,0,0
112900161,0,0,0
112900162,0,0,0
112900163,0,0,0
112900164,0,0,0
112900165,0,0,0
112900166,0,0,0
112900167,0,0,0
112900168,0,0,0
112900169,0,0,0
112900170,0,0,0
112900172,0,0,0
112900173,0,0,0
112900174,0,0,0
112900175,0,0,0
112900176,0,0,0
112900177,0,0,0
112900178,0,0,0
112900179,0,0,0
112900180,0,0,0
112900181,0,0,0
112900182,0,0,0
112900183,0,0,0
112900184,0,0,0
112900185,0,0,0
112900186,0,0,0
112900187,0,0,0
112900188,0,0,0
112900189,0,0,0
112900190,0,0,0
112900192,0,0,0
112900193,0,0,0
112900194,0,0,0
112900195,0,0,0
112900196,0,0,0
112900197,0,0,0
112900199,0,0,0
112900200,0,0,0
112900201,0,0,0
112900202,0,0,0
112900203,0,0,0
112900204,0,0,0
112900205,0,0,0
112900206,0,0,0
112900207,0,0,0
112900208,0,0,0
112900209,0,0,0
112900210,0,0,0
112900211,0,0,0
112900212,0,0,0
112900213,0,0,0
112900214,0,0,0
112900215,0,0,0
112900216,0,0,0
112900217,0,0,0
112900218,0,0,0
112900219,0,0,0
112900220,0,0,0
112900221,0,0,0
112900222,0,0,0
112900223,0,0,0
112900224,0,0,0
112900225,0,0,0
112900226,0,0,0
112900227,0,0,0
112900228,0,0,0
112900229,0,0,0
112900230,0,0,0
112900232,0,0,0
112900233,0,0,0
112900234,0,0,0
112900235,0,0,0
112900236,0,0,0
112900237,0,0,0
112900238,0,0,0
113000001,400,269,131
113000002,324,310,14
113000003,169,149,20
113000004,135,144,-9
113000005,91,67,24
113000006,62,128,-66
113000007,164,59,105
113000008,52,53,-1
113000009,40,28,12
113000010,173,65,108
113000011,0,0,0
113000012,637,71,566
113000013,3,42,-39
113000014,59,1,58
113000015,7,1,6
113000016,2,2,0
113000017,0,0,0
113000018,25,22,3
113000019,0,0,0
113000020,256,13,243
113000021,312,22,290
113000022,112,0,112
113000025,0,0,0
113000026,32,11,21
113000027,69,2,67
113000028,5,0,5
113000029,38,27,11
113000030,0,0,0
113000031,0,0,0
113000032,46,8,38
113000033,63,10,53
113000034,0,0,0
113000035,0,0,0
113000036,0,4,-4
113000037,0,0,0
113000038,0,1,-1
113000039,0,0,0
113000040,0,0,0
113000042,0,0,0
113000051,166,186,-20
113000052,144,82,62
113000053,5,16,-11
113000054,56,56,0
113000055,130,41,89
113000056,67,52,15
113000058,0,0,0
113000059,190,79,111
113000060,1,2,-1
113000061,127,87,40
113000062,0,0,0
113000063,0,0,0
113000064,0,0,0
113000065,4,16,-12
113000066,123,1,122
113000067,106,4,102
113000068,31,20,11
113000069,61,33,28
113000070,114,23,91
113000071,23,33,-10
113000072,88,4,84
113000073,2,89,-87
113000074,44,13,31
113000075,328,28,300
113000076,8,232,-224
113000077,82,86,-4
113000078,0,0,0
113000079,0,0,0
113000080,46,64,-18
113000081,148,115,33
113000082,0,0,0
113000083,231,233,-2
113000084,8,1,7
113000085,176,194,-18
113000086,8,10,-2
113000087,139,498,-359
113000088,14,5,9
113000089,162,489,-327
113000090,3,28,-25
113000091,21,1,20
113000094,78,11,67
113000095,0,0,0
113000096,0,0,0
113000097,68,25,43
113000098,21,0,21
113000099,41,10,31
113000100,3,2,1
113000101,0,0,0
113000102,13,44,-31
113000103,0,0,0
113000104,259,172,87
113000105,654,169,485
113000106,0,0,0
113000107,273,496,-223
113000108,93,18,75
113000109,0,0,0
113000110,112,133,-21
113000111,0,0,0
113000112,2,36,-34
113000113,65,89,-24
113000114,0,0,0
113000116,0,0,0
113000117,0,0,0
113000118,0,2,-2
113000119,0,0,0
113000120,0,0,0
113000121,0,0,0
113000124,25,25,0
113000125,0,0,0
113000127,0,0,0
113000128,0,0,0
113000129,0,0,0
113000133,47,0,47
113000134,8,49,-41
113000135,1267,987,280
113000137,481,410,71
113000139,70,58,12
113000140,0,0,0
113000141,63,42,21
113000142,0,0,0
113000143,7,13,-6
113000144,0,0,0
113000145,0,1,-1
113000146,0,0,0
113000147,0,0,0
113000148,0,0,0
113000149,0,0,0
113000150,0,0,0
113000151,0,0,0
113000152,0,0,0
113000153,0,0,0
113000154,18,37,-19
113000155,119,41,78
113000156,0,0,0
113000157,0,0,0
113000158,118,8,110
113000159,214,1,213
113000160,0,0,0
113000161,0,0,0
113000162,0,0,0
113000163,37,2,35
113000164,0,0,0
113000166,69,1,68
113000167,0,0,0
113000168,0,0,0
113000169,109,6,103
113000170,307,35,272
113000171,0,0,0
113000172,105,7,98
113000173,14,16,-2
113000174,0,0,0
113000175,65,12,53
113000176,280,2,278
113000177,0,0,0
113000178,0,0,0
113000179,134,16,118
113000180,116,25,91
113000181,91,11,80
113000182,15,6,9
113000183,2,64,-62
113000184,0,0,0
113000189,0,0,0
113000190,0,0,0
113000192,84,213,-129
113000193,177,15,162
113000194,48,28,20
113000195,38,36,2
113000196,80,5,75
113000197,31,12,19
113000198,0,0,0
113000199,0,0,0
113000201,0,0,0
113000202,0,0,0
113000203,8,1,7
113000204,22,86,-64
113000205,0,0,0
113000206,0,0,0
113000207,0,0,0
113000208,0,0,0
113000209,0,0,0
113000210,0,0,0
113000211,0,1,-1
113000212,0,0,0
113000213,12,0,12
113000214,0,0,0
113000234,0,0,0
113000410,1,0,1
113000411,77,104,-27
113000412,528,269,259
113000413,329,401,-72
113000414,397,331,66
113000415,25,82,-57
113000416,114,97,17
113000417,26,48,-22
113000418,554,271,283
113000419,122,181,-59
113000420,681,239,442
113000421,2223,1408,815
113000422,375,575,-200
113000423,388,384,4
113000424,1025,466,559
113000425,0,0,0
113000428,1,1,0
113000430,0,0,0
113000432,280,19,261
113000433,0,0,0
113000434,0,0,0
113000435,0,0,0
113000436,0,0,0
113000437,64,0,64
113000438,8,0,8
113000439,0,0,0
113000440,0,0,0
113000441,0,0,0
113000442,0,0,0
113000443,0,0,0
113000444,0,0,0
113000445,0,0,0
113000446,0,0,0
113000448,0,0,0
113000449,0,0,0
113000450,0,2,-2
113000451,0,0,0
113000452,19,0,19
113000453,0,0,0
113000454,3,0,3
113000455,0,0,0
113000456,0,0,0
113000468,0,0,0
113000469,0,0,0
113000470,0,0,0
113000471,0,0,0
113000472,0,0,0
113000474,14,123,-109
113000475,82,67,15
113000476,211,337,-126
113000477,1120,330,790
113000478,375,151,224
113000479,0,0,0
113000480,1,1,0
113000481,0,0,0
113000482,0,0,0
113000483,0,0,0
113000485,0,0,0
113000486,0,0,0
113000487,0,0,0
113000488,0,0,0
113000489,0,0,0
113000490,0,0,0
113000491,6,0,6
113000492,0,0,0
113000493,0,0,0
113000495,0,0,0
113000496,0,0,0
113000497,0,0,0
113000498,0,0,0
113000499,0,0,0
113000500,0,0,0
113900001,0,0,0
113900002,0,0,0
113900003,0,0,0
113900004,0,0,0
113900005,0,0,0
113900006,0,0,0
113900007,0,0,0
113900008,0,0,0
113900009,0,0,0
113900010,0,0,0
113900011,0,0,0
113900012,0,0,0
113900013,0,0,0
113900014,0,0,0
113900015,0,0,0
113900016,0,0,0
113900017,0,0,0
113900018,0,0,0
113900019,0,0,0
113900020,0,0,0
113900022,0,0,0
113900023,0,0,0
113900024,0,0,0
113900025,0,0,0
113900026,0,0,0
113900027,0,0,0
113900028,0,0,0
113900029,0,0,0
113900030,0,0,0
113900031,0,0,0
113900032,0,0,0
113900033,0,0,0
113900035,0,0,0
113900036,0,0,0
113900037,0,0,0
113900038,0,0,0
113900039,0,0,0
113900040,0,0,0
113900041,0,0,0
113900042,0,0,0
113900043,0,0,0
113900044,0,0,0
113900045,0,0,0
113900046,0,0,0
113900047,0,0,0
113900048,0,0,0
113900049,0,0,0
113900050,0,0,0
113900051,0,0,0
113900052,0,0,0
113900053,0,0,0
113900054,0,0,0
113900055,0,0,0
113900056,0,0,0
113900057,0,0,0
113900058,0,0,0
113900059,0,0,0
113900060,0,0,0
113900061,0,0,0
113900062,0,0,0
113900063,0,0,0
113900064,0,0,0
113900065,0,0,0
113900066,0,0,0
113900067,0,0,0
113900068,0,0,0
113900069,0,0,0
113900070,0,0,0
113900071,0,0,0
113900072,0,0,0
113900073,0,0,0
113900074,0,0,0
113900075,0,0,0
113900076,0,0,0
113900077,0,0,0
113900078,0,0,0
113900079,0,0,0
113900080,0,0,0
113900081,0,0,0
113900082,0,0,0
113900083,0,0,0
113900084,0,0,0
113900085,0,0,0
113900086,0,0,0
113900087,0,0,0
113900088,0,0,0
113900089,0,0,0
113900090,0,0,0
113900091,0,0,0
113900092,0,0,0
113900093,0,0,0
113900094,0,0,0
113900095,0,0,0
113900096,0,0,0
113900097,0,0,0
113900098,0,0,0
113900099,0,0,0
113900100,0,0,0
113900101,0,0,0
113900102,0,0,0
113900103,0,0,0
113900104,0,0,0
113900105,0,0,0
113900106,0,0,0
113900107,0,0,0
113900108,0,0,0
113900109,0,0,0
113900110,0,0,0
113900111,0,0,0
113900112,0,0,0
113900113,0,0,0
113900114,0,0,0
113900115,0,0,0
113900116,0,0,0
113900117,0,0,0
113900118,0,0,0
113900119,0,0,0
113900120,0,0,0
113900121,0,0,0
113900122,0,0,0
113900123,0,0,0
113900124,0,0,0
113900125,0,0,0
113900126,0,0,0
113900127,0,0,0
113900128,0,0,0
113900129,0,0,0
113900130,0,0,0
113900131,0,0,0
113900132,0,0,0
113900133,0,0,0
113900135,0,0,0
113900136,0,0,0
113900137,0,0,0
113900138,0,0,0
113900139,0,0,0
113900140,0,0,0
113900141,0,0,0
113900142,0,0,0
113900143,0,0,0
113900144,0,0,0
113900145,0,0,0
113900146,0,0,0
113900148,0,0,0
113900149,0,0,0
113900150,0,0,0
113900151,0,0,0
113900152,0,0,0
113900153,0,0,0
113900154,0,0,0
113900155,0,0,0
113900156,0,0,0
113900157,0,0,0
113900158,0,0,0
113900159,0,0,0
113900160,0,0,0
113900161,0,0,0
113900162,0,0,0
113900163,0,0,0
113900164,0,0,0
113900165,0,0,0
113900166,0,0,0
113900167,0,0,0
113900168,0,0,0
113900169,0,0,0
113900171,0,0,0
113900172,0,0,0
113900173,0,0,0
113900174,0,0,0
113900175,0,0,0
113900176,0,0,0
113900177,0,0,0
113900178,0,0,0
113900179,0,0,0
113900180,0,0,0
113900181,0,0,0
113900182,0,0,0
113900183,0,0,0
113900184,0,0,0
113900185,0,0,0
113900186,0,0,0
113900187,0,0,0
113900188,0,0,0
113900189,0,0,0
113900190,0,0,0
113900191,0,0,0
113900192,0,0,0
113900193,0,0,0
113900194,0,0,0
113900195,0,0,0
113900196,0,0,0
113900197,0,0,0
113900198,0,0,0
113900199,0,0,0
113900200,0,0,0
113900201,0,0,0
113900202,0,0,0
113900203,0,0,0
113900204,0,0,0
113900205,0,0,0
113900206,0,0,0
113900207,0,0,0
113900208,0,0,0
113900209,0,0,0
113900210,0,0,0
113900211,0,0,0
113900212,0,0,0
113900214,0,0,0
113900215,0,0,0
113900216,0,0,0
113900217,0,0,0
113900218,0,0,0
113900219,0,0,0
113900220,0,0,0
113900221,0,0,0
113900222,0,0,0
113900223,0,0,0
113900224,0,0,0
113900225,0,0,0
113900226,0,0,0
113900227,0,0,0
113900228,0,0,0
113900229,0,0,0
113900230,0,0,0
113900231,0,0,0
113900232,0,0,0
113900233,0,0,0
113900234,0,0,0
113900235,0,0,0
113900236,0,0,0
113900237,0,0,0
113900238,0,0,0
113900239,0,0,0
113900240,0,0,0
113900241,0,0,0
113900242,0,0,0
113900243,0,0,0
113900244,0,0,0
113900245,0,0,0
113900246,0,0,0
113900247,0,0,0
113900248,0,0,0
113900249,0,0,0
113900250,0,0,0
113900251,0,0,0
113900252,0,0,0
113900253,0,0,0
113900254,0,0,0
113900255,0,0,0
113900256,0,0,0
113900257,0,0,0
113900258,0,0,0
113900259,0,0,0
113900260,1,0,1
113900261,0,0,0
113900262,0,0,0
113900263,0,0,0
113900264,0,0,0
113900265,0,0,0
113900266,0,0,0
113900267,0,0,0
113900268,0,0,0
113900269,0,0,0
113900270,0,0,0
113900271,0,0,0
113900273,0,0,0
113900274,0,0,0
113900275,0,0,0
113900276,0,0,0
113900277,0,0,0
113900278,0,0,0
113900279,0,0,0
113900280,0,0,0
113900281,0,0,0
113900282,0,0,0
113900283,0,0,0
113900284,0,0,0
113900285,0,0,0
113900286,0,0,0
113900287,0,0,0
113900288,0,0,0
113900289,0,0,0
113900290,0,0,0
113900291,0,0,0
113900292,0,0,0
113900293,0,0,0
113900294,0,0,0
113900295,1,8,-7
113900296,0,0,0
113900297,0,0,0
113900298,0,0,0
113900299,0,0,0
113900300,0,0,0
113900301,0,0,0
113900302,0,0,0
113900303,0,0,0
113900304,0,0,0
113900305,0,0,0
113900306,0,0,0
113900307,0,0,0
113900308,0,0,0
113900309,0,0,0
113900310,0,0,0
113900311,0,0,0
113900312,0,0,0
113900313,0,0,0
114000001,231,129,102
114000002,66,34,32
114000003,0,0,0
114000004,0,0,0
114000005,0,0,0
114000006,0,0,0
114000007,0,0,0
114000008,8,49,-41
114000009,7,47,-40
114000011,759,153,606
114000012,462,76,386
114000013,239,143,96
114000014,0,0,0
114000015,0,0,0
114000016,0,0,0
114000017,19,8,11
114000018,0,0,0
114000026,305,162,143
114000027,376,160,216
114000028,307,323,-16
114000038,0,0,0
114000039,0,0,0
114000040,4,1,3
114000042,0,0,0
114000043,0,0,0
114000044,13,2,11
114000045,0,0,0
114000046,0,0,0
114000047,0,0,0
114000048,2,18,-16
114000049,13,64,-51
114000050,15,112,-97
114000051,31,229,-198
114000052,19,125,-106
114000053,0,0,0
114000054,0,0,0
114000055,0,0,0
114000056,0,0,0
114000057,360,169,191
114000058,0,0,0
114000059,0,0,0
114000060,0,0,0
114000061,64,155,-91
114000062,32,143,-111
114000063,15,3,12
114000064,7,2,5
114000065,30,28,2
114000066,12,19,-7
114000067,10,5,5
114000068,26,3,23
114000069,50,0,50
114000070,751,368,383
114000071,0,0,0
114000072,0,0,0
114000073,2,1,1
114000074,0,0,0
114000075,16,2,14
114000076,25,3,22
114000077,19,0,19
114000078,1,0,1
114000079,0,0,0
114000080,0,3,-3
114000081,50,7,43
114000082,0,0,0
114000083,0,0,0
114000084,0,0,0
114000085,0,0,0
114000086,0,0,0
114000087,0,0,0
114000088,0,0,0
114000089,1,2,-1
114000090,111,80,31
114000091,70,36,34
114000092,60,23,37
114000093,96,58,38
114000094,105,46,59
114000095,43,46,-3
114000096,0,0,0
114000097,0,0,0
114000098,46,2,44
114000099,0,0,0
114000100,911,0,911
114000101,0,0,0
114000102,100,13,87
114000103,0,0,0
114000104,0,0,0
114000105,0,0,0
114000106,0,0,0
114000107,0,0,0
114000108,0,0,0
114000109,364,183,181
114000110,0,0,0
114000111,417,102,315
114000112,0,0,0
114000113,404,16,388
114000114,0,0,0
114000115,631,136,495
114000116,297,155,142
114000117,1164,85,1079
114000118,664,111,553
114000119,709,54,655
114000120,92,3,89
114000121,0,0,0
114000122,200,13,187
114000123,457,46,411
114000124,83,53,30
114000125,53,163,-110
114000126,302,23,279
114000127,18,7,11
114000128,25,7,18
114000130,7,21,-14
114000131,16,25,-9
114000132,0,0,0
114000133,0,0,0
114000134,0,0,0
114000138,0,0,0
114000139,4,48,-44
114000144,117,60,57
114000145,0,0,0
114000146,0,0,0
114000147,312,70,242
114000148,46,55,-9
114000149,2,95,-93
114000150,0,0,0
114000151,73,113,-40
114000152,15,13,2
114000153,0,0,0
114000154,82,19,63
114000155,300,130,170
114000156,44,56,-12
114000157,90,102,-12
114000158,0,0,0
114000159,0,0,0
114000160,0,0,0
114000161,156,490,-334
114000162,831,654,177
114000163,0,0,0
114000165,6,85,-79
114000166,20,4,16
114000167,175,75,100
114000168,0,0,0
114000169,321,299,22
114000170,672,310,362
114000171,957,162,795
114000174,0,0,0
114000176,0,0,0
114000177,0,0,0
114000178,2,0,2
114000179,246,67,179
114000180,0,0,0
114000181,221,662,-441
114000182,197,182,15
114000183,173,102,71
114000184,63,178,-115
114000185,378,126,252
114000189,257,14,243
114000190,913,10,903
114000191,0,0,0
114000192,0,30,-30
114000193,0,0,0
114000194,233,24,209
114000195,0,0,0
114000196,0,0,0
114000197,363,1,362
114000198,0,0,0
114000199,0,0,0
114000200,23,22,1
114000201,0,1,-1
114000202,200,59,141
114000203,42,29,13
114000204,0,0,0
114000205,0,2,-2
114000206,0,0,0
114000207,6,115,-109
114000208,7,41,-34
114000209,2,91,-89
114000210,0,92,-92
114000211,691,261,430
114000212,61,263,-202
114000213,595,337,258
114000214,29,0,29
114000215,0,0,0
114000216,375,106,269
114000217,164,25,139
114000218,3,0,3
114000219,257,15,242
114000220,1,34,-33
114000221,239,29,210
114000222,8,42,-34
114000223,270,61,209
114000224,1,50,-49
114000225,26,20,6
114000226,126,39,87
114000227,286,123,163
114000228,292,63,229
114000229,154,27,127
114000230,632,94,538
114000231,70,35,35
114000232,374,77,297
114000233,867,108,759
114000234,613,131,482
114000235,137,43,94
114000236,0,0,0
114000237,13,2,11
114000238,1,111,-110
114000239,0,1,-1
114000240,153,72,81
114000241,27,90,-63
114000242,120,35,85
114000243,596,191,405
114000244,466,120,346
114000245,0,0,0
114000246,0,0,0
114000247,201,63,138
114000248,281,127,154
114000249,212,122,90
114000250,174,16,158
114000251,77,27,50
114000252,0,0,0
114000253,1,1,0
114000254,0,0,0
114000255,0,0,0
114000256,29,41,-12
114000257,0,195,-195
114000258,41,9,32
114000259,1,14,-13
114000260,0,0,0
114000261,123,14,109
114000262,0,0,0
114000263,39,2,37
114000264,0,0,0
114000265,0,0,0
114000267,1,341,-340
114000268,0,0,0
114000270,95,0,95
114000271,86,0,86
114000283,319,29,290
114000285,0,0,0
114000288,0,3,-3
114000289,0,0,0
114000293,71,10,61
114000294,0,0,0
114000395,496,14,482
114000396,122,80,42
114000402,0,0,0
114000403,32,16,16
114000405,60,8,52
114000423,110,30,80
114000424,80,17,63
114000425,155,16,139
114000426,54,75,-21
114000427,0,0,0
114000428,0,0,0
114000429,0,0,0
114000432,3,0,3
114000434,0,0,0
114000435,0,0,0
114900001,0,0,0
114900002,0,0,0
114900003,0,0,0
114900004,0,0,0
114900005,0,0,0
114900006,0,0,0
114900007,0,0,0
114900008,0,0,0
114900010,0,0,0
114900011,0,0,0
114900013,0,0,0
114900015,0,0,0
114900018,0,0,0
114900020,0,0,0
114900021,0,0,0
114900022,0,0,0
114900024,0,0,0
114900025,0,0,0
114900026,0,0,0
114900027,0,0,0
114900029,0,0,0
114900030,0,0,0
114900031,0,0,0
114900032,0,0,0
114900033,0,0,0
114900034,0,0,0
114900035,0,0,0
114900036,0,0,0
114900037,0,0,0
114900038,0,0,0
114900039,0,0,0
114900040,0,0,0
114900041,0,0,0
114900042,0,0,0
114900043,0,0,0
114900044,0,0,0
114900045,0,0,0
114900046,0,0,0
114900047,0,0,0
114900048,0,0,0
114900049,0,0,0
114900050,0,0,0
114900051,0,0,0
114900052,0,0,0
114900053,0,0,0
114900054,0,0,0
114900057,0,0,0
114900058,0,0,0
114900059,0,0,0
114900060,0,0,0
114900061,0,0,0
114900062,0,0,0
114900063,0,0,0
114900064,0,0,0
114900065,0,0,0
114900067,0,0,0
114900068,0,0,0
114900069,0,0,0
114900070,0,0,0
114900072,0,0,0
114900073,0,0,0
114900074,0,0,0
114900075,0,0,0
114900076,0,0,0
114900080,0,0,0
114900082,0,0,0
114900083,0,0,0
114900084,0,0,0
114900090,0,0,0
114900091,0,0,0
114900095,0,0,0
114900096,0,0,0
114900097,0,0,0
114900098,0,0,0
114900099,0,0,0
115000001,177,208,-31
115000002,1643,586,1057
115000003,145,166,-21
115000004,1473,1041,432
115000005,42,113,-71
115000006,582,488,94
115000007,0,0,0
115000008,95,137,-42
115000009,0,0,0
115000010,150,276,-126
115000013,0,0,0
115000015,0,0,0
115000016,0,0,0
115000019,35,142,-107
115000020,0,0,0
115000021,1,351,-350
115000022,9,100,-91
115000023,459,247,212
115000024,10,81,-71
115000025,496,144,352
115000026,0,4,-4
115000027,250,100,150
115000028,0,4,-4
115000029,522,26,496
115000030,1,90,-89
115000031,629,17,612
115000032,0,0,0
115000033,115,4,111
115000034,0,0,0
115000035,673,4,669
115000036,0,0,0
115000037,321,0,321
115000038,4,49,-45
115000039,18,92,-74
115000040,147,50,97
115000041,30,57,-27
115000042,78,40,38
115000043,1101,558,543
115000044,650,112,538
115000045,229,15,214
115000046,673,297,376
115000047,1094,241,853
115000048,122,73,49
115000049,73,276,-203
115000050,1319,330,989
115000051,534,284,250
115000052,200,120,80
115000053,307,256,51
115000054,78,49,29
115000055,0,0,0
115000056,33,29,4
115000057,0,0,0
115000058,60,9,51
115000059,0,0,0
115000061,26,1,25
115000062,0,0,0
115000063,0,0,0
115000064,69,11,58
115000065,0,0,0
115000067,5,1,4
115000069,0,0,0
115000070,1,17,-16
115000071,59,2,57
115000072,0,0,0
115000073,431,12,419
115000075,0,0,0
115000076,595,261,334
115000077,208,188,20
115000078,253,131,122
115000079,305,246,59
115000080,412,256,156
115000081,0,0,0
115000082,1085,661,424
115000083,0,0,0
115000084,743,234,509
115000085,0,0,0
115000086,558,31,527
115000087,0,0,0
115000088,917,206,711
115000089,0,0,0
115000090,147,104,43
115000091,48,33,15
115000092,355,16,339
115000093,450,13,437
115000094,1797,432,1365
115000095,1103,292,811
115000096,189,43,146
115000097,344,48,296
115000098,284,29,255
115000099,781,278,503
115000100,691,115,576
115000101,6,28,-22
115000102,261,57,204
115000103,36,1,35
115000105,0,8,-8
115000106,273,76,197
115000107,1,38,-37
115000108,86,103,-17
115000109,1010,1079,-69
115000110,113,179,-66
115000111,6,122,-116
115000112,86,41,45
115000113,37,66,-29
115000114,74,21,53
115000116,88,84,4
115000117,124,35,89
115000118,125,185,-60
115000119,74,80,-6
115000120,20,181,-161
115000121,112,134,-22
115000122,257,52,205
115000123,192,321,-129
115000124,102,32,70
115000125,72,77,-5
115000126,50,27,23
115000127,6,0,6
115000128,5,11,-6
115000129,38,7,31
115000130,86,19,67
115000131,64,11,53
115000132,149,1,148
115000133,70,5,65
115000134,69,4,65
115000135,37,0,37
115000136,108,8,100
115000137,0,0,0
115000138,144,27,117
115000139,0,0,0
115000140,151,55,96
115000141,0,0,0
115000142,0,0,0
115000143,195,40,155
115000144,0,0,0
115000145,0,0,0
115000146,110,110,0
115000147,0,0,0
115000148,12,49,-37
115000149,0,4,-4
115000150,43,8,35
115000151,40,34,6
115000152,3,9,-6
115000153,18,13,5
115000154,24,9,15
115000155,44,14,30
115000156,19,73,-54
115000157,13,9,4
115000158,7,27,-20
115000159,0,0,0
115000160,0,0,0
115000161,173,125,48
115000162,280,61,219
115000163,0,0,0
115000164,0,0,0
115000165,119,55,64
115000167,55,1,54
115000168,84,43,41
115000169,0,0,0
115000170,0,0,0
115000171,65,110,-45
115000172,0,0,0
115000173,3,7,-4
115000174,29,27,2
115000175,0,0,0
115000176,2,0,2
115000177,0,0,0
115000178,0,0,0
115000179,10,0,10
115000180,0,0,0
115000181,161,2,159
115000182,243,19,224
115000183,0,0,0
115000186,118,9,109
115000187,33,36,-3
115000188,170,23,147
115000189,8,36,-28
115000190,446,22,424
115000191,5,48,-43
115000194,0,0,0
115000195,1,0,1
115000196,1,0,1
115000197,0,0,0
115000198,55,1,54
115000199,0,0,0
115000200,16,2,14
115000201,0,0,0
115000206,300,1,299
115000207,0,0,0
115000208,51,78,-27
115000209,488,7,481
115000210,32,108,-76
115000211,9,15,-6
115000212,9,2,7
115000218,0,0,0
115000219,0,0,0
115000224,0,0,0
115000225,0,0,0
115000229,1,0,1
115000230,2,0,2
115000231,53,5,48
115000232,390,0,390
115000233,0,0,0
115000234,0,0,0
115000241,0,0,0
115000242,0,0,0
115000243,0,0,0
115000244,0,0,0
115000246,0,0,0
115000247,0,0,0
115000248,0,0,0
115000249,0,0,0
115000250,0,0,0
115000251,0,0,0
115000252,0,0,0
115000253,0,0,0
115000258,0,0,0
115000259,0,0,0
115000261,0,0,0
115000262,0,0,0
115000263,0,0,0
115000264,0,0,0
115000267,0,0,0
115000268,0,0,0
115000269,0,0,0
115000270,0,0,0
115000272,0,0,0
115000273,0,0,0
115000274,0,0,0
115000280,12,514,-502
115000281,0,0,0
115000282,216,420,-204
115000284,0,0,0
115000296,319,3,316
115000297,3,310,-307
115000298,0,0,0
115000300,0,0,0
115000302,71,1,70
115000303,132,0,132
115000304,114,27,87
115000305,0,0,0
115000306,0,0,0
115000307,0,0,0
115000308,0,0,0
115000310,0,0,0
115000311,410,84,326
115000313,0,0,0
115000314,49,11,38
115000315,8,53,-45
115000316,0,0,0
115000317,76,15,61
115000318,406,5,401
115000319,0,41,-41
115000320,0,63,-63
115000321,50,1,49
115000322,1,50,-49
115000449,0,0,0
115000557,0,0,0
115000558,98,3,95
115000587,3,2,1
115000588,114,222,-108
115000589,1890,1144,746
115000590,47,72,-25
115000591,579,340,239
115000592,33,88,-55
115000593,746,223,523
115000594,122,109,13
115000609,1,20,-19
115000617,158,95,63
115000624,0,0,0
115000633,329,163,166
115000634,1309,157,1152
115000635,397,28,369
115000638,0,0,0
115000641,0,0,0
115000642,171,7,164
115000643,0,32,-32
115000644,1,12,-11
115000646,136,72,64
115000647,46,23,23
115000648,259,34,225
115000893,1424,453,971
115000894,1,126,-125
115000895,24,114,-90
115000896,912,160,752
115000897,33,37,-4
115000898,111,21,90
115000899,0,22,-22
115000900,1,44,-43
115000901,2,24,-22
115000912,144,8,136
115000913,0,0,0
115000915,1,0,1
115000916,3,0,3
115000917,0,0,0
115000918,0,0,0
115000919,0,0,0
115000920,0,0,0
115000921,0,0,0
115000922,39,329,-290
115000923,2,65,-63
115000925,0,0,0
115000927,0,0,0
115000933,0,9,-9
115900001,0,0,0
115900002,0,0,0
115900003,0,0,0
115900004,0,0,0
115900005,0,0,0
115900006,0,0,0
115900008,0,0,0
115900009,0,0,0
115900010,0,0,0
115900011,0,0,0
115900012,0,0,0
115900013,0,0,0
115900014,0,0,0
115900015,0,0,0
115900016,0,0,0
115900017,0,0,0
115900018,0,0,0
115900019,0,0,0
115900020,0,0,0
115900021,0,0,0
115900022,0,0,0
115900023,0,0,0
115900025,0,0,0
115900026,0,0,0
115900027,0,0,0
115900028,0,0,0
115900029,0,0,0
115900030,0,0,0
115900031,0,0,0
115900032,0,0,0
115900033,0,0,0
115900034,0,0,0
115900035,0,0,0
115900036,0,0,0
115900037,0,0,0
115900038,0,0,0
115900039,0,0,0
115900041,0,0,0
115900042,0,0,0
115900043,0,0,0
115900044,0,0,0
115900046,0,0,0
115900047,0,0,0
115900049,0,0,0
115900051,0,0,0
115900052,0,0,0
115900053,0,0,0
115900054,0,0,0
115900055,0,0,0
115900056,0,0,0
115900057,0,0,0
115900058,0,0,0
115900060,0,0,0
115900061,0,0,0
115900062,0,0,0
115900063,0,0,0
115900064,0,0,0
115900065,0,0,0
115900066,0,0,0
115900067,0,0,0
115900068,0,0,0
115900069,0,0,0
115900070,0,0,0
115900071,0,0,0
115900072,0,0,0
115900073,0,0,0
115900074,0,0,0
115900075,0,0,0
115900076,0,0,0
115900077,0,0,0
115900078,0,0,0
115900079,0,0,0
115900080,0,0,0
115900081,0,0,0
115900082,0,0,0
115900084,0,0,0
115900085,0,0,0
115900086,0,0,0
115900088,0,0,0
115900089,0,0,0
115900090,0,0,0
115900091,0,0,0
115900092,0,0,0
115900093,0,0,0
115900094,0,0,0
115900096,0,0,0
115900097,0,0,0
115900098,0,0,0
115900099,0,0,0
115900100,0,0,0
115900101,0,0,0
115900102,0,0,0
115900103,0,0,0
115900104,0,0,0
115900105,0,0,0
115900106,0,0,0
115900107,0,0,0
115900108,0,0,0
115900109,0,0,0
115900110,0,0,0
115900111,0,0,0
115900112,0,0,0
115900113,0,0,0
115900114,0,0,0
115900115,0,0,0
115900116,0,0,0
115900117,0,0,0
115900118,0,0,0
115900119,0,0,0
115900120,0,0,0
115900121,0,0,0
115900124,0,0,0
115900125,0,0,0
115900126,0,0,0
115900127,0,0,0
115900128,0,0,0
115900129,0,0,0
115900130,0,0,0
115900131,0,0,0
115900132,0,0,0
115900134,0,0,0
115900135,0,0,0
115900137,0,0,0
115900139,0,0,0
115900140,0,0,0
115900141,0,0,0
115900142,0,0,0
115900143,0,0,0
115900144,0,0,0
115900146,0,0,0
115900147,0,0,0
115900148,0,0,0
115900149,0,0,0
115900150,0,0,0
115900151,0,0,0
115900152,0,0,0
115900153,0,0,0
115900154,0,0,0
115900155,0,0,0
115900156,0,0,0
115900157,0,0,0
115900158,0,0,0
115900159,0,0,0
115900160,0,0,0
115900161,0,0,0
115900163,0,0,0
115900164,0,0,0
115900165,0,0,0
115900166,0,0,0
115900168,0,0,0
115900171,0,0,0
115900172,0,0,0
115900173,0,0,0
115900174,0,0,0
115900175,0,0,0
115900178,0,0,0
115900179,0,0,0
115900180,0,0,0
115900181,0,0,0
115900182,0,0,0
115900183,0,0,0
115900184,0,0,0
115900187,0,0,0
115900189,0,0,0
115900190,0,0,0
115900191,0,0,0
115900192,0,0,0
115900193,0,0,0
115900194,0,0,0
115900195,0,0,0
115900198,0,0,0
115900199,0,0,0
115900200,0,0,0
115900201,0,0,0
115900202,0,0,0
115900203,0,0,0
115900204,0,0,0
115900205,0,0,0
115900206,0,0,0
115900207,0,0,0
115900208,0,0,0
115900209,0,0,0
115900210,0,0,0
115900211,0,0,0
115900212,0,0,0
115900213,0,0,0
115900214,0,0,0
115900215,0,0,0
115900216,0,0,0
115900217,0,0,0
115900218,0,0,0
115900219,0,0,0
115900220,0,0,0
115900221,0,0,0
115900222,0,0,0
115900223,0,0,0
115900224,0,0,0
115900225,0,0,0
115900226,0,0,0
115900227,0,0,0
115900228,0,0,0
115900229,0,0,0
115900230,0,0,0
115900231,0,0,0
115900232,0,0,0
115900233,0,0,0
115900234,0,0,0
115900235,0,0,0
115900236,0,0,0
115900237,0,0,0
115900238,0,0,0
115900239,0,0,0
115900240,0,0,0
115900241,0,0,0
115900242,0,8,-8
115900243,0,0,0
115900244,0,0,0
115900245,0,0,0
115900246,0,0,0
115900247,0,0,0
115900248,0,0,0
115900249,0,0,0
115900250,0,0,0
115900251,0,0,0
115900252,0,0,0
115900253,0,0,0
115900254,0,0,0
115900255,0,0,0
115900256,0,0,0
115900257,0,0,0
115900258,0,0,0
115900259,0,0,0
115900260,0,0,0
115900261,0,0,0
115900262,0,0,0
115900263,0,0,0
115900264,0,0,0
115900265,0,0,0
115900266,0,0,0
115900267,0,0,0
115900268,0,0,0
115900269,0,0,0
115900270,0,0,0
116000001,151,221,-70
116000002,1727,2521,-794
116000003,57,173,-116
116000004,625,2061,-1436
116000005,43,90,-47
116000006,309,670,-361
116000007,194,249,-55
116000008,738,522,216
116000009,19,183,-164
116000010,638,625,13
116000011,33,194,-161
116000012,882,332,550
116000013,157,439,-282
116000014,0,0,0
116000015,11,5,6
116000016,1042,59,983
116000017,61,6,55
116000018,137,11,126
116000019,86,4,82
116000020,443,69,374
116000021,304,2,302
116000022,137,68,69
116000023,0,11,-11
116000024,233,18,215
116000025,9,42,-33
116000026,410,57,353
116000027,280,149,131
116000028,448,519,-71
116000029,0,0,0
116000030,540,453,87
116000031,0,0,0
116000032,146,1,145
116000033,301,72,229
116000034,1447,769,678
116000035,145,168,-23
116000036,32,326,-294
116000037,111,72,39
116000038,6,80,-74
116000039,0,0,0
116000040,92,141,-49
116000041,0,0,0
116000042,307,222,85
116000043,0,0,0
116000044,0,0,0
116000045,2289,1917,372
116000046,0,0,0
116000047,0,0,0
116000048,2053,1028,1025
116000049,1154,526,628
116000050,731,196,535
116000051,1476,375,1101
116000052,1018,194,824
116000053,776,308,468
116000054,0,0,0
116000055,0,0,0
116000056,324,754,-430
116000057,0,0,0
116000058,82,74,8
116000059,419,1744,-1325
116000060,42,59,-17
116000061,55,265,-210
116000062,11,22,-11
116000063,187,354,-167
116000066,36,499,-463
116000067,0,0,0
116000068,47,151,-104
116000069,0,0,0
116000078,140,420,-280
116000080,0,0,0
116000082,0,0,0
116000083,317,154,163
116000084,21,371,-350
116000085,436,116,320
116000086,12,96,-84
116000087,871,265,606
116000088,66,54,12
116000089,0,0,0
116000090,0,0,0
116000091,0,0,0
116000093,445,181,264
116000094,1,35,-34
116000095,421,67,354
116000096,56,84,-28
116000097,600,41,559
116000098,0,272,-272
116000099,531,21,510
116000100,8,1,7
116000101,72,6,66
116000102,84,16,68
116000103,50,52,-2
116000104,39,18,21
116000105,92,3,89
116000106,70,18,52
116000107,166,5,161
116000108,0,9,-9
116000111,17,0,17
116000113,38,4,34
116000114,0,0,0
116000115,112,18,94
116000116,0,0,0
116000117,296,381,-85
116000118,0,0,0
116000119,1314,349,965
116000120,0,0,0
116000121,265,195,70
116000122,0,0,0
116000123,925,99,826
116000124,0,0,0
116000125,850,111,739
116000126,0,0,0
116000127,0,0,0
116000128,752,81,671
116000129,0,0,0
116000130,0,0,0
116000133,444,15,429
116000134,197,25,172
116000135,647,162,485
116000136,102,62,40
116000137,406,137,269
116000138,0,0,0
116000139,1105,1068,37
116000140,3,11,-8
116000141,44,6,38
116000142,245,852,-607
116000143,557,232,325
116000144,153,248,-95
116000145,1453,373,1080
116000146,189,3,186
116000147,124,243,-119
116000148,2,33,-31
116000149,0,0,0
116000151,41,76,-35
116000153,148,810,-662
116000155,161,519,-358
116000156,7,42,-35
116000157,32,6,26
116000158,431,58,373
116000159,12,25,-13
116000160,0,0,0
116000161,0,0,0
116000162,0,0,0
116000163,0,0,0
116000164,0,0,0
116000177,17,6,11
116000194,0,0,0
116000195,837,205,632
116000196,0,0,0
116000197,0,0,0
116000198,473,446,27
116000200,1,15,-14
116000201,0,0,0
116000202,0,1,-1
116000203,0,0,0
116000204,0,0,0
116000205,0,0,0
116000206,0,0,0
116000207,0,0,0
116000233,0,0,0
116000287,0,0,0
116000288,213,107,106
116000292,0,0,0
116000296,0,0,0
116000297,0,0,0
116000304,0,0,0
116000305,0,0,0
116000346,0,0,0
116000352,0,0,0
116000354,0,0,0
116000357,0,0,0
116000358,0,0,0
116000361,0,0,0
116000372,0,0,0
116000381,0,0,0
116000388,0,0,0
116000389,86,13,73
116000445,0,0,0
116000446,367,33,334
116000447,0,0,0
116000448,559,165,394
116000563,102,625,-523
116000565,0,0,0
116000568,0,0,0
116000579,0,0,0
116000584,0,0,0
116000585,0,0,0
116000586,0,0,0
116000587,478,1,477
116000589,0,0,0
116000590,2,11,-9
116000591,146,12,134
116000592,0,0,0
116000593,0,0,0
116000594,0,0,0
116000595,0,0,0
116000596,0,0,0
116000597,82,4,78
116000598,0,0,0
116000602,0,0,0
116000605,0,0,0
116000606,47,3,44
116000607,0,0,0
116000609,0,0,0
116000611,0,0,0
116000612,1014,471,543
116000613,344,102,242
116000614,0,0,0
116000615,0,0,0
116000616,0,0,0
116000617,0,0,0
116000618,0,0,0
116000619,0,1,-1
116000620,453,59,394
116000621,26,43,-17
116000622,97,28,69
116000624,0,0,0
116000628,0,0,0
116000629,1,0,1
116000630,0,0,0
116000631,0,0,0
116000632,0,0,0
116000633,0,0,0
116000634,0,0,0
116900001,0,0,0
116900002,0,0,0
116900003,0,0,0
116900004,0,0,0
116900005,0,0,0
116900006,0,0,0
116900007,0,0,0
116900008,0,0,0
116900009,0,0,0
116900010,0,0,0
116900011,0,0,0
116900012,0,0,0
116900013,0,0,0
116900014,0,0,0
116900015,0,0,0
116900016,0,0,0
116900017,0,0,0
116900018,0,0,0
116900019,0,0,0
116900020,0,0,0
116900023,0,0,0
116900024,0,0,0
116900025,0,0,0
116900026,0,0,0
116900027,0,0,0
116900028,0,0,0
116900029,0,0,0
116900031,0,0,0
116900032,0,0,0
116900033,0,0,0
116900034,0,0,0
116900035,0,0,0
116900036,0,0,0
116900038,0,0,0
116900041,0,0,0
116900042,0,0,0
116900043,0,0,0
116900045,0,0,0
116900047,0,0,0
116900049,0,0,0
116900050,0,0,0
116900051,0,0,0
116900052,0,0,0
116900055,0,0,0
116900057,0,0,0
116900058,0,0,0
116900059,0,0,0
116900060,0,0,0
116900062,0,0,0
116900064,0,0,0
116900065,0,0,0
116900067,0,0,0
116900068,0,0,0
116900070,0,0,0
116900072,0,0,0
116900073,0,0,0
116900074,0,0,0
116900076,0,0,0
116900077,0,0,0
116900078,0,0,0
116900079,0,0,0
116900080,0,0,0
116900081,0,0,0
116900082,0,0,0
116900083,0,0,0
116900084,0,0,0
116900085,0,0,0
116900086,0,0,0
116900088,0,0,0
116900090,0,0,0
116900091,0,0,0
116900092,0,0,0
116900093,0,0,0
116900094,0,0,0
116900095,0,0,0
116900096,0,0,0
116900097,0,0,0
116900098,0,0,0
116900099,0,0,0
116900100,0,0,0
116900101,0,0,0
116900103,0,0,0
116900104,0,0,0
116900105,0,0,0
116900106,0,0,0
116900107,0,0,0
116900110,0,0,0
116900111,348,2,346
116900112,95,5,90
116900113,66,15,51
116900116,0,0,0
116900117,0,0,0
116900118,0,0,0
116900120,0,0,0
116900121,0,0,0
116900122,0,0,0
116900123,0,0,0
116900124,0,0,0
116900125,0,0,0
116900126,0,0,0
116900128,0,0,0
116900129,0,0,0
116900130,0,0,0
116900131,0,0,0
116900132,0,0,0
116900133,0,0,0
116900134,0,0,0
116900136,0,0,0
116900137,0,0,0
116900138,0,0,0
116900139,0,0,0
116900140,0,0,0
116900141,0,0,0
116900142,0,0,0
116900143,27,391,-364
116900144,0,0,0
116900145,0,0,0
116900147,0,0,0
116900148,0,0,0
116900149,0,0,0
116900150,0,0,0
116900151,0,0,0
116900153,0,0,0
116900154,0,0,0
116900155,0,0,0
116900157,0,0,0
116900158,0,0,0
116900159,0,0,0
116900160,0,0,0
116900161,1,0,1
116900162,0,0,0
116900163,0,0,0
116900164,0,0,0
116900165,0,0,0
116900166,0,0,0
116900167,0,0,0
116900168,0,0,0
116900169,0,0,0
116900170,0,0,0
116900171,0,0,0
116900172,0,0,0
116900173,0,0,0
116900174,0,0,0
116900175,0,0,0
116900178,0,0,0
116900179,0,0,0
116900180,0,0,0
116900182,204,13,191
116900183,0,0,0
116900185,0,0,0
116900186,0,0,0
116900187,0,0,0
116900188,0,0,0
116900189,0,0,0
116900191,0,0,0
116900192,0,0,0
116900194,0,0,0
116900195,0,0,0
116900196,0,0,0
116900197,0,0,0
116900198,0,0,0
116900200,0,0,0
116900201,0,0,0
116900202,0,0,0
116900203,0,0,0
116900204,0,0,0
116900206,0,0,0
116900207,0,0,0
116900208,0,0,0
116900209,0,0,0
116900210,0,0,0
116900211,0,0,0
116900212,0,0,0
116900213,0,0,0
116900214,0,0,0
116900215,0,0,0
116900216,0,0,0
116900218,0,0,0
116900219,0,0,0
116900220,0,0,0
116900221,0,0,0
116900222,164,82,82
116900223,0,0,0
116900226,0,0,0
116900227,0,0,0
116900228,0,0,0
116900230,0,0,0
116900231,0,0,0
116900232,0,0,0
116900233,0,0,0
116900234,0,0,0
116900235,0,0,0
116900238,0,0,0
116900239,0,0,0
116900240,0,0,0
116900241,0,0,0
116900242,0,0,0
116900243,0,0,0
116900245,0,0,0
116900246,0,0,0
116900247,0,0,0
116900248,0,0,0
116900249,0,0,0
116900250,0,0,0
116900251,0,0,0
116900252,144,5,139
116900253,0,0,0
116900254,0,0,0
116900255,0,0,0
116900256,0,0,0
116900257,0,0,0
116900258,0,0,0
116900259,0,0,0
116900260,0,0,0
116900261,0,0,0
116900262,0,0,0
116900263,0,0,0
116900264,0,0,0
116900265,0,0,0
116900266,0,0,0
116900267,0,0,0
116900268,0,0,0
116900269,146,93,53
116900271,0,0,0
116900272,0,0,0
116900273,0,0,0
116900274,0,0,0
116900275,0,0,0
116900276,135,0,135
116900277,0,0,0
116900278,0,0,0
116900279,0,0,0
116900280,0,0,0
116900281,0,0,0
116900282,0,0,0
116900283,0,0,0
116900284,0,0,0
116900285,0,0,0
116900286,0,0,0
116900287,0,0,0
116900288,0,0,0
116900289,0,0,0
116900290,0,0,0
116900291,0,0,0
116900292,0,0,0
116900293,0,0,0
116900294,0,0,0
116900295,0,0,0
116900296,0,0,0
116900297,0,0,0
116900298,0,0,0
116900299,0,0,0
116900300,0,0,0
116900301,0,0,0
116900302,143,149,-6
116900303,0,0,0
116900304,0,0,0
116900305,0,0,0
116900306,10,1,9
117000001,1483,606,877
117000002,414,90,324
117000003,2132,1065,1067
117000004,192,188,4
117000005,1221,728,493
117000006,166,161,5
117000007,2532,664,1868
117000008,140,183,-43
117000009,2079,427,1652
117000010,148,135,13
117000011,1043,352,691
117000012,178,72,106
117000013,1087,201,886
117000014,10,260,-250
117000015,659,203,456
117000016,51,24,27
117000017,63,18,45
117000018,1,35,-34
117000019,12,3,9
117000020,17,43,-26
117000021,34,1,33
117000022,10,8,2
117000023,23,2,21
117000024,0,0,0
117000025,0,0,0
117000026,773,1003,-230
117000027,0,0,0
117000028,154,23,131
117000030,37,0,37
117000032,202,262,-60
117000033,688,840,-152
117000034,6,14,-8
117000036,49,20,29
117000038,105,44,61
117000039,0,0,0
117000040,0,0,0
117000041,527,27,500
117000044,0,0,0
117000045,38,62,-24
117000046,0,0,0
117000047,804,225,579
117000048,0,0,0
117000049,7,106,-99
117000050,33,5,28
117000051,596,208,388
117000052,0,0,0
117000053,0,0,0
117000054,1268,88,1180
117000055,0,32,-32
117000056,419,46,373
117000057,0,32,-32
117000060,0,0,0
117000061,624,292,332
117000062,0,0,0
117000063,278,100,178
117000064,0,0,0
117000066,7,12,-5
117000067,21,123,-102
117000074,0,37,-37
117000076,0,3,-3
117000077,61,23,38
117000078,0,0,0
117000079,90,20,70
117000080,0,0,0
117000081,207,4,203
117000082,0,0,0
117000083,25,0,25
117000084,27,0,27
117000085,16,22,-6
117000086,233,148,85
117000087,20,68,-48
117000088,212,60,152
117000089,1196,251,945
117000090,0,67,-67
117000091,615,106,509
117000092,1,37,-36
117000093,1264,274,990
117000094,64,61,3
117000095,2191,146,2045
117000096,8,102,-94
117000097,1255,200,1055
117000098,46,67,-21
117000099,1507,280,1227
117000100,0,0,0
117000101,0,0,0
117000102,941,374,567
117000103,30,61,-31
117000104,808,241,567
117000105,18,53,-35
117000106,979,174,805
117000107,38,13,25
117000108,952,515,437
117000109,220,11,209
117000110,955,910,45
117000111,2657,1793,864
117000112,1061,511,550
117000113,0,0,0
117000114,2,0,2
117000115,0,0,0
117000116,1,1,0
117000117,440,224,216
117000118,74,48,26
117000119,36,59,-23
117000120,0,55,-55
117000121,0,130,-130
117000122,11,169,-158
117000123,133,44,89
117000124,4,0,4
117000125,0,0,0
117000126,0,2,-2
117000127,10,1,9
117000128,8,1,7
117000129,98,79,19
117000130,5,0,5
117000131,0,0,0
117000132,1752,62,1690
117000133,0,0,0
117000134,0,0,0
117000135,0,0,0
117000136,0,0,0
117000137,0,0,0
117000138,1,0,1
117000140,5,51,-46
117000141,991,166,825
117000181,0,0,0
117000182,0,0,0
117000195,0,0,0
117000196,0,0,0
117000225,0,0,0
117000226,0,0,0
117000276,0,0,0
117000277,0,0,0
117000310,1,379,-378
117000315,0,0,0
117000320,33,0,33
117000906,70,1,69
117000907,0,0,0
117000908,0,0,0
117000909,2,74,-72
117000910,0,0,0
117000911,1,53,-52
117000915,0,0,0
117000916,38,18,20
117000917,345,45,300
117000918,50,30,20
117000919,0,0,0
117000920,0,26,-26
117000921,0,0,0
117000922,7,8,-1
117000924,129,285,-156
117000926,55,0,55
117000927,111,369,-258
117000928,0,0,0
117000929,0,0,0
117000930,0,0,0
117000931,0,0,0
117900002,0,0,0
117900003,0,0,0
117900005,0,0,0
117900006,0,0,0
117900007,0,0,0
117900008,0,0,0
117900010,0,0,0
117900011,0,0,0
117900012,0,0,0
117900013,0,0,0
117900014,0,0,0
117900015,0,0,0
117900016,0,0,0
117900017,0,0,0
117900018,0,0,0
117900019,0,0,0
117900020,0,0,0
117900021,0,0,0
117900022,0,0,0
117900023,0,0,0
117900024,0,0,0
117900025,0,0,0
117900026,0,0,0
117900028,0,0,0
117900029,0,0,0
117900030,0,0,0
117900031,0,0,0
117900032,0,0,0
117900033,0,0,0
117900034,0,0,0
117900035,0,0,0
117900036,0,0,0
117900037,0,0,0
117900038,0,0,0
117900039,0,0,0
117900040,0,0,0
117900041,0,0,0
117900042,0,0,0
117900043,0,0,0
117900044,0,0,0
117900045,0,0,0
117900048,0,0,0
117900049,0,0,0
117900050,0,0,0
117900051,0,0,0
117900052,0,0,0
117900053,0,0,0
117900054,0,0,0
117900055,0,0,0
117900056,0,0,0
117900057,0,0,0
117900058,0,0,0
117900059,0,0,0
117900060,0,0,0
117900061,0,0,0
117900063,0,0,0
117900065,0,0,0
117900066,0,0,0
117900067,0,0,0
117900069,0,0,0
117900070,0,0,0
117900071,0,0,0
117900073,0,0,0
117900074,0,0,0
117900075,0,0,0
117900076,0,0,0
117900077,0,0,0
117900078,0,0,0
117900080,0,0,0
117900081,0,0,0
117900082,0,0,0
117900083,0,0,0
117900086,0,0,0
117900087,0,0,0
117900088,0,0,0
117900089,0,0,0
117900090,0,0,0
117900091,0,0,0
117900092,0,0,0
117900093,0,0,0
117900094,0,0,0
117900095,0,0,0
117900096,0,0,0
117900097,0,0,0
117900098,0,0,0
117900099,0,0,0
117900100,0,0,0
117900101,0,0,0
117900102,0,0,0
117900103,0,0,0
117900104,0,0,0
117900105,0,0,0
117900106,0,0,0
117900107,0,0,0
117900109,0,0,0
117900110,0,0,0
117900111,6,1,5
117900112,0,0,0
117900113,0,0,0
117900114,0,0,0
117900115,0,0,0
117900116,0,0,0
117900117,0,0,0
117900118,1,0,1
117900119,0,0,0
117900120,2,0,2
117900121,4,0,4
117900122,0,0,0
117900123,0,0,0
117900124,0,0,0
117900125,0,0,0
117900126,0,0,0
117900127,0,0,0
117900128,0,0,0
117900129,0,0,0
117900130,0,0,0
117900131,0,0,0
117900132,0,0,0
117900133,0,0,0
117900134,0,0,0
117900135,0,0,0
117900136,0,0,0
117900137,0,0,0
117900138,0,0,0
117900139,0,0,0
117900140,0,0,0
117900141,0,0,0
117900142,0,0,0
117900144,0,0,0
117900145,0,0,0
117900146,0,0,0
117900147,0,0,0
117900148,0,0,0
117900149,0,0,0
117900150,0,0,0
117900151,0,0,0
117900152,0,0,0
117900153,0,0,0
117900154,0,0,0
117900156,0,0,0
117900157,0,0,0
117900158,0,0,0
117900160,0,0,0
117900161,0,0,0
117900162,0,0,0
117900163,0,0,0
117900165,0,0,0
117900166,0,0,0
117900168,0,0,0
117900169,0,0,0
117900170,0,0,0
117900171,0,0,0
117900172,0,0,0
117900173,0,0,0
117900174,0,0,0
117900175,0,0,0
117900176,0,0,0
117900177,0,0,0
117900178,0,0,0
117900180,0,0,0
117900181,0,0,0
117900182,0,0,0
117900183,0,0,0
117900184,0,0,0
117900185,0,0,0
117900186,0,0,0
117900187,0,0,0
117900188,0,0,0
117900189,0,0,0
117900190,0,0,0
117900191,0,0,0
117900192,0,0,0
117900193,0,0,0
117900194,0,0,0
117900195,0,0,0
117900196,0,0,0
117900207,0,0,0
117900208,0,0,0
117900209,0,0,0
117900210,0,0,0
117900211,0,0,0
117900212,0,0,0
117900213,0,0,0
117900214,0,0,0
117900216,0,0,0
117900217,0,0,0
117900218,0,0,0
117900219,0,0,0
117900220,0,0,0
117900221,0,0,0
118000001,287,802,-515
118000002,12,135,-123
118000003,1122,1835,-713
118000004,32,66,-34
118000005,2165,1788,377
118000006,163,266,-103
118000007,153,905,-752
118000008,155,549,-394
118000009,37,199,-162
118000010,70,229,-159
118000011,0,0,0
118000012,0,0,0
118000013,0,0,0
118000014,0,0,0
118000016,0,0,0
118000017,79,74,5
118000018,0,0,0
118000019,19,15,4
118000020,1,133,-132
118000021,2,85,-83
118000022,115,64,51
118000023,340,172,168
118000024,308,303,5
118000025,7,24,-17
118000027,372,343,29
118000029,57,421,-364
118000032,162,701,-539
118000033,999,1632,-633
118000034,104,393,-289
118000035,86,409,-323
118000036,47,232,-185
118000037,1,0,1
118000038,38,135,-97
118000039,0,0,0
118000040,234,194,40
118000041,0,0,0
118000045,0,76,-76
118000046,2,326,-324
118000047,3,65,-62
118000048,64,69,-5
118000051,36,384,-348
118000052,28,165,-137
118000053,15,74,-59
118000054,45,155,-110
118000055,9,108,-99
118000056,0,0,0
118000057,3,17,-14
118000058,0,1,-1
118000059,7,83,-76
118000060,38,23,15
118000061,16,95,-79
118000062,0,0,0
118000063,1,43,-42
118000064,5,192,-187
118000065,260,121,139
118000066,0,308,-308
118000067,8,35,-27
118000068,7,179,-172
118000069,3,30,-27
118000070,29,41,-12
118000071,91,151,-60
118000072,197,403,-206
118000073,30,98,-68
118000074,3,21,-18
118000075,0,31,-31
118000076,702,2328,-1626
118000077,0,0,0
118000078,734,1048,-314
118000079,28,69,-41
118000080,0,0,0
118000081,292,567,-275
118000082,0,0,0
118000083,0,0,0
118000084,0,0,0
118000086,0,0,0
118000087,147,215,-68
118000088,201,469,-268
118000089,444,213,231
118000090,8,193,-185
118000091,47,219,-172
118000092,0,0,0
118000093,0,0,0
118000096,0,0,0
118000097,0,0,0
118000098,0,0,0
118000099,0,0,0
118000101,524,243,281
118000102,90,41,49
118000107,47,20,27
118000108,33,17,16
118000110,0,0,0
118000111,0,0,0
118000112,140,0,140
118000113,0,0,0
118000114,95,0,95
118000115,2,0,2
118000116,0,0,0
118000117,49,17,32
118000118,237,365,-128
118000119,350,290,60
118000120,43,10,33
118000121,0,0,0
118000122,0,0,0
118000123,0,0,0
118000125,0,0,0
118000126,7,18,-11
118000127,139,269,-130
118000128,0,0,0
118000129,136,71,65
118000130,11,62,-51
118000131,23,114,-91
118000132,139,246,-107
118000133,135,104,31
118000135,200,216,-16
118000136,0,13,-13
118000137,0,0,0
118000138,0,0,0
118000139,0,0,0
118000140,28,149,-121
118000141,1252,1067,185
118000142,122,65,57
118000143,490,542,-52
118000144,101,123,-22
118000145,334,145,189
118000146,310,34,276
118000147,303,58,245
118000148,28,158,-130
118000149,0,0,0
118000150,613,149,464
118000151,63,35,28
118000153,637,594,43
118000154,501,370,131
118000155,419,591,-172
118000156,224,150,74
118000157,201,74,127
118000158,0,0,0
118000159,112,199,-87
118000160,679,323,356
118000161,0,0,0
118000162,187,128,59
118000163,232,186,46
118000164,726,271,455
118000168,0,0,0
118000169,0,0,0
118000170,33,21,12
118000171,32,5,27
118000172,0,3,-3
118000173,113,56,57
118000175,347,443,-96
118000176,254,497,-243
118000177,227,367,-140
118000178,0,0,0
118000179,755,743,12
118000180,701,442,259
118000181,34,14,20
118000182,64,56,8
118000183,63,39,24
118000184,812,323,489
118000185,0,0,0
118000186,0,0,0
118000187,0,0,0
118000188,0,0,0
118000189,0,1,-1
118000190,0,0,0
118000191,0,0,0
118000192,0,20,-20
118000193,0,0,0
118000194,614,831,-217
118000195,14,31,-17
118000196,0,0,0
118000197,3,6,-3
118000198,3,41,-38
118000199,248,154,94
118000200,0,0,0
118000201,0,0,0
118000202,0,0,0
118000203,0,0,0
118000204,1,13,-12
118000205,32,12,20
118000206,143,37,106
118000207,0,0,0
118000208,280,508,-228
118000209,242,85,157
118000210,57,13,44
118000211,14,13,1
118000213,4,164,-160
118000214,57,32,25
118000215,0,0,0
118000216,0,0,0
118000217,0,0,0
118000218,0,0,0
118000219,0,0,0
118000220,1,25,-24
118000221,0,0,0
118000222,0,0,0
118000223,9,12,-3
118000224,0,0,0
118000225,0,0,0
118000226,6,1,5
118000227,57,56,1
118000228,1,24,-23
118000229,0,0,0
118000230,0,0,0
118000231,0,0,0
118000232,0,0,0
118000233,147,58,89
118000234,0,0,0
118000236,0,0,0
118000237,0,0,0
118000238,0,0,0
118000239,174,23,151
118000240,0,0,0
118000241,0,0,0
118000242,0,0,0
118000243,0,0,0
118000244,0,0,0
118000246,0,0,0
118000255,0,0,0
118000256,1,0,1
118000259,0,0,0
118000260,0,0,0
118000261,0,0,0
118000263,0,0,0
118000266,0,0,0
118000267,0,0,0
118000268,17,5,12
118000270,0,0,0
118000271,1,0,1
118000272,0,0,0
118000273,0,0,0
118000274,0,0,0
118000276,0,0,0
118000295,0,0,0
118000298,0,0,0
118000299,0,0,0
118000301,0,0,0
118000302,0,0,0
118000311,0,0,0
118000312,0,0,0
118000313,0,0,0
118000314,0,0,0
118000315,0,0,0
118000316,0,0,0
118000325,0,0,0
118000326,0,0,0
118000331,0,0,0
118000332,0,0,0
118000333,0,0,0
118000335,49,0,49
118000336,0,0,0
118000407,0,0,0
118000457,0,0,0
118000465,112,121,-9
118000480,0,0,0
118000489,2,93,-91
118000490,0,0,0
118000492,115,26,89
118000510,0,0,0
118000514,39,5,34
118000515,28,1,27
118000517,0,0,0
118000524,0,0,0
118000525,52,26,26
118000530,6,98,-92
118000531,87,38,49
118000532,0,0,0
118000533,0,0,0
118000534,0,0,0
118000535,107,32,75
118000536,0,0,0
118000537,0,0,0
118000538,0,0,0
118000539,2,61,-59
118000540,0,0,0
118000541,0,0,0
118000542,32,66,-34
118000543,8,38,-30
118000546,0,0,0
118000560,0,0,0
118000562,0,0,0
118000563,170,720,-550
118000576,0,0,0
118000577,0,0,0
118000578,0,0,0
118000579,8,13,-5
118000595,37,92,-55
118000596,0,0,0
118000597,0,0,0
118000598,0,0,0
118000599,0,0,0
118000600,0,0,0
118000601,0,0,0
118000602,0,0,0
118000603,0,0,0
118900001,0,0,0
118900002,0,0,0
118900003,0,0,0
118900004,0,0,0
118900005,0,0,0
118900006,0,0,0
118900007,0,0,0
118900008,0,0,0
118900009,0,0,0
118900010,0,0,0
118900011,0,0,0
118900012,0,0,0
118900013,0,0,0
118900015,0,0,0
118900016,0,0,0
118900017,0,0,0
118900018,0,0,0
118900019,0,0,0
118900020,0,0,0
118900021,0,0,0
118900022,0,0,0
118900023,0,0,0
118900024,0,0,0
118900025,0,0,0
118900026,0,0,0
118900027,0,0,0
118900028,0,0,0
118900029,0,0,0
118900030,0,0,0
118900031,0,0,0
118900032,0,0,0
118900033,0,0,0
118900034,0,0,0
118900035,0,0,0
118900036,0,0,0
118900037,0,0,0
118900038,0,0,0
118900039,0,0,0
118900040,0,0,0
118900041,0,0,0
118900042,0,0,0
118900045,0,0,0
118900046,0,0,0
118900047,0,0,0
118900048,0,0,0
118900049,0,0,0
118900050,0,0,0
118900051,0,0,0
118900052,0,0,0
118900053,0,0,0
118900054,0,0,0
118900055,0,0,0
118900056,0,0,0
118900057,0,0,0
118900058,0,0,0
118900059,0,0,0
118900060,0,0,0
118900062,0,0,0
118900064,0,0,0
118900065,0,0,0
118900066,0,0,0
118900067,0,0,0
118900068,0,0,0
118900069,0,0,0
118900071,0,0,0
118900072,0,0,0
118900073,0,0,0
118900074,0,0,0
118900075,0,0,0
118900076,0,0,0
118900077,0,0,0
118900078,0,0,0
118900079,0,0,0
118900080,0,0,0
118900081,0,0,0
118900082,0,0,0
118900083,0,0,0
118900084,0,0,0
118900085,0,0,0
118900086,0,0,0
118900087,0,0,0
118900088,0,0,0
118900089,0,0,0
118900090,0,0,0
118900091,0,0,0
118900092,0,0,0
118900093,0,0,0
118900096,0,0,0
118900097,0,0,0
118900099,0,0,0
118900100,0,0,0
118900101,0,0,0
118900102,0,0,0
118900103,0,0,0
118900104,0,0,0
118900105,0,0,0
118900107,0,0,0
118900108,0,0,0
118900109,0,0,0
118900110,0,0,0
118900111,0,0,0
118900112,0,0,0
118900113,0,0,0
118900114,0,0,0
118900115,0,0,0
118900116,0,0,0
118900117,0,0,0
118900118,0,0,0
118900119,0,0,0
118900120,0,0,0
118900121,0,0,0
118900122,0,0,0
118900123,0,0,0
118900124,0,0,0
118900126,0,0,0
118900129,0,0,0
118900130,0,0,0
118900131,0,0,0
118900132,0,0,0
118900133,0,0,0
118900135,0,0,0
118900136,0,0,0
118900137,0,0,0
118900139,0,0,0
118900140,0,0,0
118900141,0,0,0
118900144,0,0,0
118900145,0,0,0
118900146,0,0,0
118900147,0,0,0
118900148,0,0,0
118900150,0,0,0
118900152,0,0,0
118900157,0,0,0
118900158,0,0,0
118900159,0,0,0
118900161,0,0,0
118900163,0,0,0
118900164,0,0,0
118900165,0,0,0
118900166,0,0,0
118900167,0,0,0
118900168,0,0,0
118900169,0,0,0
118900170,0,0,0
118900171,0,0,0
118900174,0,0,0
118900175,0,0,0
118900176,0,0,0
118900177,0,0,0
118900178,0,0,0
118900179,0,0,0
118900181,0,0,0
118900182,0,0,0
118900183,0,0,0
118900184,0,0,0
118900185,0,0,0
118900186,0,0,0
118900187,0,0,0
118900188,0,0,0
118900189,0,0,0
118900190,0,0,0
118900191,0,0,0
118900192,0,0,0
118900193,0,0,0
118900195,0,0,0
118900196,0,0,0
118900197,0,0,0
118900198,0,0,0
118900199,0,0,0
118900200,0,0,0
118900201,0,0,0
118900202,0,0,0
118900203,0,0,0
118900204,0,0,0
118900205,0,0,0
118900206,0,0,0
119000001,490,420,70
119000002,592,300,292
119000003,102,108,-6
119000004,35,104,-69
119000005,155,103,52
119000006,105,29,76
119000007,927,619,308
119000008,0,0,0
119000009,421,419,2
119000010,0,0,0
119000011,596,347,249
119000012,44,94,-50
119000013,1282,590,692
119000014,12,99,-87
119000019,41,59,-18
119000020,164,120,44
119000021,176,133,43
119000022,0,0,0
119000023,79,192,-113
119000024,188,1177,-989
119000025,38,75,-37
119000026,0,0,0
119000027,1,33,-32
119000028,38,32,6
119000029,0,0,0
119000030,20,128,-108
119000031,0,0,0
119000032,1,6,-5
119000033,293,121,172
119000034,1,0,1
119000035,0,19,-19
119000036,163,48,115
119000037,1,30,-29
119000038,0,23,-23
119000039,11,57,-46
119000040,6,202,-196
119000041,7,76,-69
119000048,431,211,220
119000049,50,58,-8
119000050,22,7,15
119000051,84,43,41
119000052,3,6,-3
119000053,49,4,45
119000054,203,98,105
119000055,1175,170,1005
119000056,648,331,317
119000057,73,89,-16
119000058,134,82,52
119000059,661,250,411
119000060,0,0,0
119000061,196,106,90
119000062,0,0,0
119000063,84,25,59
119000064,26,71,-45
119000065,48,38,10
119000066,161,46,115
119000067,299,84,215
119000068,166,51,115
119000069,299,81,218
119000070,110,11,99
119000071,0,0,0
119000072,256,72,184
119000073,131,38,93
119000074,348,87,261
119000075,261,66,195
119000076,0,0,0
119000077,0,0,0
119000078,0,0,0
119000079,0,0,0
119000080,0,0,0
119000081,0,0,0
119000082,0,0,0
119000083,0,0,0
119000084,0,0,0
119000085,0,0,0
119000086,0,0,0
119000087,0,0,0
119000088,0,0,0
119000089,0,0,0
119000090,0,0,0
119000091,0,0,0
119000092,0,0,0
119000093,242,126,116
119000094,896,274,622
119000095,124,88,36
119000097,81,130,-49
119000098,183,486,-303
119000099,545,178,367
119000100,432,306,126
119000101,0,0,0
119000102,0,0,0
119000103,34,19,15
119000104,0,0,0
119000105,45,131,-86
119000106,0,0,0
119000107,158,141,17
119000108,0,0,0
119000109,0,0,0
119000110,0,0,0
119000111,0,0,0
119000112,0,0,0
119000113,0,0,0
119000114,62,72,-10
119000115,0,0,0
119000116,5,41,-36
119000117,0,0,0
119000118,0,0,0
119000123,0,0,0
119000124,97,40,57
119000125,520,32,488
119000126,281,41,240
119000127,0,0,0
119000128,0,0,0
119000131,0,0,0
119000132,0,0,0
119000133,0,0,0
119000134,253,190,63
119000135,0,0,0
119000136,0,0,0
119000137,0,0,0
119000138,0,0,0
119000139,0,0,0
119000140,0,0,0
119000284,0,0,0
119000285,0,0,0
119000286,0,0,0
119000287,0,0,0
119000288,0,0,0
119000289,0,1,-1
119000290,65,10,55
119000291,0,0,0
119000293,1,1,0
119000294,149,126,23
119000295,0,0,0
119000296,0,0,0
119000302,0,0,0
119000303,0,13,-13
119000314,0,0,0
119000315,0,0,0
119000316,0,0,0
119000317,0,0,0
119900001,0,0,0
119900002,0,0,0
119900003,0,0,0
119900004,0,0,0
119900005,0,0,0
119900006,0,0,0
119900007,0,0,0
119900008,0,0,0
119900009,0,0,0
119900010,0,0,0
119900011,0,0,0
119900012,0,0,0
119900013,0,0,0
119900014,0,0,0
119900015,0,0,0
119900016,0,0,0
119900017,0,0,0
119900018,0,0,0
119900019,0,0,0
119900020,0,0,0
119900021,0,0,0
119900022,0,0,0
119900023,0,0,0
119900025,0,0,0
119900026,0,0,0
119900027,0,0,0
119900028,0,0,0
119900029,0,0,0
119900030,0,0,0
119900031,0,0,0
119900033,0,0,0
119900034,0,0,0
119900037,0,0,0
119900038,0,0,0
119900039,0,0,0
119900040,0,0,0
119900041,0,0,0
119900042,0,0,0
119900043,0,0,0
119900044,0,0,0
119900046,0,0,0
119900047,0,0,0
119900048,0,0,0
119900049,0,0,0
119900050,0,0,0
119900051,0,0,0
119900052,0,0,0
119900053,0,0,0
119900054,0,0,0
119900055,0,0,0
119900057,0,0,0
119900058,0,0,0
119900059,0,0,0
119900060,0,0,0
119900061,0,0,0
119900062,0,0,0
119900063,0,0,0
119900064,0,0,0
119900065,0,0,0
119900066,0,0,0
119900067,0,0,0
119900068,0,0,0
119900069,0,0,0
119900070,0,0,0
119900071,0,0,0
119900072,0,0,0
119900073,0,0,0
119900074,0,0,0
119900075,0,0,0
119900076,0,0,0
119900077,0,0,0
119900078,0,0,0
119900079,0,0,0
119900080,0,0,0
119900081,0,0,0
119900082,2,0,2
119900083,0,0,0
119900084,0,0,0
119900085,0,0,0
119900086,0,0,0
119900087,0,0,0
119900088,0,0,0
119900089,0,0,0
119900090,0,0,0
119900091,0,0,0
119900092,0,0,0
119900093,0,0,0
119900094,0,0,0
119900095,0,0,0
119900096,0,0,0
119900097,0,0,0
119900098,0,0,0
119900099,0,0,0
119900100,0,0,0
119900101,0,0,0
119900102,0,0,0
119900103,0,0,0
119900104,0,0,0
119900105,0,0,0
119900106,0,0,0
119900107,0,0,0
119900108,0,0,0
119900109,0,0,0
119900110,0,0,0
119900111,0,0,0
119900112,0,0,0
119900113,0,0,0
119900114,0,0,0
119900115,0,0,0
119900116,0,0,0
119900117,0,0,0
119900118,0,0,0
119900119,0,0,0
119900120,0,0,0
119900121,0,0,0
119900122,0,0,0
119900123,0,0,0
119900124,0,0,0
119900125,0,0,0
119900126,0,0,0
119900127,0,0,0
119900128,0,0,0
119900129,0,0,0
119900130,0,0,0
119900131,0,0,0
119900132,0,0,0
119900133,0,0,0
119900134,0,0,0
119900135,0,0,0
119900136,0,0,0
119900138,0,0,0
119900139,0,0,0
119900140,0,0,0
119900141,0,0,0
119900142,0,0,0
119900143,0,0,0
119900144,0,0,0
119900145,0,0,0
119900146,0,0,0
119900147,0,0,0
119900148,0,0,0
119900149,0,0,0
119900150,0,0,0
119900151,0,0,0
119900152,0,0,0
119900153,0,0,0
119900154,0,0,0
119900155,0,0,0
119900156,0,0,0
119900157,0,0,0
119900158,0,0,0
119900159,0,0,0
119900160,0,0,0
119900161,0,0,0
119900162,0,0,0
119900163,0,0,0
119900164,0,0,0
119900165,0,0,0
119900166,0,0,0
119900167,0,0,0
119900168,0,0,0
119900169,0,0,0
119900170,0,0,0
119900171,0,0,0
119900172,0,0,0
119900173,0,0,0
119900174,0,0,0
119900175,0,0,0
119900177,0,0,0
119900178,0,0,0
119900179,0,0,0
119900180,0,0,0
119900181,0,0,0
119900182,0,0,0
119900183,0,0,0
119900184,0,0,0
119900185,0,0,0
119900186,0,0,0
119900187,0,0,0
119900188,0,0,0
119900189,0,0,0
119900190,0,0,0
119900191,0,0,0
119900192,0,0,0
119900193,0,0,0
119900194,0,0,0
119900195,0,0,0
119900196,0,0,0
119900197,0,0,0
119900198,0,0,0
119900199,0,0,0
119900200,0,0,0
119900201,0,0,0
119900202,0,0,0
119900203,0,0,0
119900204,0,0,0
119900205,0,0,0
119900206,0,0,0
119900208,0,0,0
119900209,0,0,0
119900210,0,0,0
119900211,0,0,0
119900212,0,0,0
119900213,0,0,0
119900214,0,0,0
119900215,0,0,0
119900216,0,0,0
119900217,0,0,0
119900218,0,0,0
119900219,0,0,0
119900220,0,0,0
119900221,0,0,0
119900222,0,0,0
119900223,0,0,0
119900224,0,0,0
119900225,0,0,0
119900226,0,0,0
119900227,0,0,0
119900228,0,0,0
119900229,0,0,0
119900230,0,0,0
119900231,0,0,0
119900232,0,0,0
119900233,0,0,0
119900234,0,0,0
119900235,0,0,0
119900236,0,0,0
119900237,0,0,0
119900238,0,0,0
119900240,0,0,0
119900241,0,0,0
119900242,0,0,0
119900244,0,0,0
119900245,0,0,0
119900246,0,0,0
119900247,0,0,0
119900248,0,0,0
119900249,0,0,0
119900253,0,0,0
119900254,0,0,0
119900255,0,0,0
119900256,0,0,0
119900257,0,0,0
119900258,0,0,0
119900259,0,0,0
119900260,0,0,0
119900261,0,0,0
119900262,0,0,0
119900263,0,0,0
119900264,0,0,0
119900265,0,0,0
119900266,0,0,0
119900267,0,0,0
119900268,0,0,0
119900269,0,0,0
119900271,0,0,0
119900272,0,0,0
119900275,0,0,0
119900276,0,0,0
119900277,0,0,0
119900278,0,0,0
119900279,0,0,0
119900280,0,0,0
119900281,0,0,0
119900282,0,0,0
119900283,0,0,0
119900284,0,0,0
119900285,0,0,0
119900286,0,0,0
119900288,0,0,0
119900289,0,0,0
119900290,0,0,0
119900291,0,0,0
119900292,0,0,0
119900293,0,0,0
119900294,0,0,0
119900295,0,0,0
119900296,0,0,0
119900297,0,0,0
119900298,0,0,0
119900299,0,0,0
119900300,0,0,0
119900301,0,0,0
119900302,0,0,0
119900303,0,0,0
119900304,0,0,0
119900305,0,0,0
119900306,0,0,0
119900307,0,0,0
119900308,0,0,0
119900309,0,0,0
119900310,0,0,0
119900311,0,0,0
119900312,0,0,0
119900313,0,0,0
119900314,0,0,0
119900315,0,0,0
119900318,0,0,0
119900319,0,0,0
119900320,0,0,0
119900321,0,0,0
120000001,2160,2111,49
120000002,116,101,15
120000003,36,89,-53
120000004,75,172,-97
120000005,197,251,-54
120000006,94,124,-30
120000007,101,145,-44
120000008,57,119,-62
120000009,80,33,47
120000010,21,61,-40
120000011,45,145,-100
120000012,27,345,-318
120000013,702,226,476
120000014,294,377,-83
120000015,857,630,227
120000016,2285,792,1493
120000017,702,468,234
120000018,1546,532,1014
120000019,375,220,155
120000020,1046,435,611
120000021,254,769,-515
120000022,2131,1368,763
120000023,447,277,170
120000024,263,358,-95
120000025,1097,348,749
120000026,355,577,-222
120000027,667,826,-159
120000028,3,0,3
120000029,24,225,-201
120000030,20,209,-189
120000031,660,576,84
120000032,477,79,398
120000033,210,66,144
120000034,248,84,164
120000035,520,108,412
120000036,1296,846,450
120000037,329,679,-350
120000038,271,729,-458
120000039,3,40,-37
120000040,0,34,-34
120000041,18,14,4
120000042,44,27,17
120000043,183,41,142
120000044,20,5,15
120000045,5,0,5
120000046,121,37,84
120000047,29,17,12
120000048,667,221,446
120000049,597,233,364
120000050,17,221,-204
120000051,80,334,-254
120000052,0,0,0
120000053,328,72,256
120000054,139,80,59
120000055,196,75,121
120000056,520,278,242
120000057,252,102,150
120000058,62,89,-27
120000059,5,348,-343
120000061,0,2,-2
120000062,0,0,0
120000063,94,4,90
120000064,27,3,24
120000065,109,5,104
120000066,24,3,21
120000067,16,17,-1
120000068,29,33,-4
120000069,76,25,51
120000070,0,5,-5
120000071,205,139,66
120000072,446,72,374
120000073,243,171,72
120000074,167,56,111
120000075,512,106,406
120000076,771,118,653
120000077,472,171,301
120000078,548,219,329
120000079,0,0,0
120000080,0,0,0
120000081,0,0,0
120000082,0,0,0
120000083,0,0,0
120000084,7,9,-2
120000085,15,0,15
120000086,25,1,24
120000087,6,5,1
120000088,512,128,384
120000089,663,69,594
120000090,330,102,228
120000091,660,171,489
120000092,738,127,611
120000093,132,178,-46
120000094,61,336,-275
120000095,0,0,0
120000096,0,0,0
120000098,151,1,150
120000099,24,0,24
120000100,139,0,139
120000101,91,2,89
120000102,147,768,-621
120000103,688,765,-77
120000104,1578,109,1469
120000105,1551,66,1485
120000106,1707,71,1636
120000107,2205,66,2139
120000108,1093,13,1080
120000109,288,26,262
120000110,0,39,-39
120000111,1,17,-16
120000112,6,30,-24
120000113,8,27,-19
120000114,43,23,20
120000115,1,11,-10
120000116,33,29,4
120000117,0,0,0
120000118,0,0,0
120000119,4,62,-58
120000120,0,0,0
120000121,1,82,-81
120000122,105,205,-100
120000123,300,244,56
120000124,216,171,45
120000125,9,14,-5
120000126,153,158,-5
120000127,168,115,53
120000128,166,34,132
120000129,162,111,51
120000130,687,105,582
120000131,73,69,4
120000134,0,0,0
120000135,0,0,0
120000137,0,0,0
120000138,0,0,0
120000139,0,0,0
120000140,0,0,0
120000141,0,0,0
120000142,0,0,0
120000143,0,0,0
120000144,0,0,0
120000145,0,0,0
120000146,362,520,-158
120000149,0,0,0
120000150,0,0,0
120000151,141,71,70
120000152,273,42,231
120000153,0,0,0
120000154,85,0,85
120000155,131,36,95
120000156,205,17,188
120000157,142,88,54
120000158,0,0,0
120000159,68,250,-182
120000160,597,270,327
120000161,348,154,194
120000162,28,143,-115
120000163,0,0,0
120000164,0,0,0
120000165,76,13,63
120000166,113,98,15
120000167,0,0,0
120000168,0,0,0
120000169,0,0,0
120000170,0,0,0
120000171,0,0,0
120000172,0,0,0
120000173,0,0,0
120000174,0,0,0
120000175,0,0,0
120000176,0,0,0
120000177,0,0,0
120000178,0,0,0
120000179,0,0,0
120000180,0,0,0
120000181,0,0,0
120000182,0,0,0
120000183,0,0,0
120000184,0,0,0
120000186,0,0,0
120000187,0,0,0
120000188,0,0,0
120000190,0,0,0
120000191,0,0,0
120000192,0,0,0
120000193,0,0,0
120000195,0,0,0
120000196,0,0,0
120000197,0,0,0
120000198,0,0,0
120000199,0,0,0
120000200,0,0,0
120000201,0,0,0
120000202,0,0,0
120000203,0,0,0
120000207,0,0,0
120000208,0,0,0
120000209,0,0,0
120000210,0,0,0
120000211,0,0,0
120000212,0,0,0
120000213,0,0,0
120000214,0,0,0
120000215,0,0,0
120000216,0,0,0
120000217,0,0,0
120000218,0,0,0
120000219,0,0,0
120000220,0,0,0
120000225,0,0,0
120000226,0,0,0
120000227,0,0,0
120000228,0,0,0
120000230,0,0,0
120000231,0,0,0
120000233,421,4,417
120000235,0,65,-65
120000236,851,27,824
120000237,0,0,0
120000238,0,0,0
120000241,593,579,14
120000412,0,0,0
120000413,0,0,0
120000414,0,0,0
120000415,0,0,0
120000416,0,0,0
120000417,0,0,0
120000418,0,0,0
120000419,0,0,0
120000420,69,1,68
120000421,499,411,88
120000422,0,0,0
120000423,0,0,0
120000424,0,0,0
120000436,76,48,28
120000437,0,0,0
120000438,0,0,0
120000439,440,147,293
120000443,0,0,0
120000444,534,94,440
120000445,230,316,-86
120000446,195,90,105
120000447,497,2,495
120000449,0,0,0
120000450,0,0,0
120000451,55,36,19
120000452,38,0,38
120000453,0,0,0
120000454,37,1,36
120000455,7,75,-68
120000456,14,180,-166
120000457,97,28,69
120000458,6,0,6
120000459,13,39,-26
120000665,8,112,-104
120000668,0,63,-63
120000669,16,20,-4
120000670,2,25,-23
120000671,132,30,102
120000672,2,37,-35
120900001,0,0,0
120900002,0,0,0
120900003,0,0,0
120900004,0,0,0
120900005,0,0,0
120900006,0,0,0
120900007,0,0,0
120900008,0,0,0
120900009,0,0,0
120900010,0,0,0
120900011,0,0,0
120900012,0,0,0
120900013,0,0,0
120900014,0,0,0
120900015,0,0,0
120900016,0,0,0
120900017,0,0,0
120900018,0,0,0
120900019,0,0,0
120900020,0,0,0
120900021,0,0,0
120900022,0,0,0
120900023,0,0,0
120900024,0,0,0
120900025,0,0,0
120900026,0,0,0
120900027,0,0,0
120900028,0,0,0
120900029,0,0,0
120900030,0,0,0
120900031,0,0,0
120900032,0,0,0
120900033,0,0,0
120900034,0,0,0
120900035,0,0,0
120900037,0,0,0
120900038,0,0,0
120900039,0,0,0
120900040,0,0,0
120900041,0,0,0
120900042,0,0,0
120900043,0,0,0
120900044,0,0,0
120900045,0,0,0
120900046,0,0,0
120900047,0,0,0
120900048,0,0,0
120900049,0,0,0
120900050,0,0,0
120900051,0,0,0
120900052,0,0,0
120900053,0,0,0
120900054,0,0,0
120900055,0,0,0
120900056,0,0,0
120900057,0,0,0
120900058,0,0,0
120900059,0,0,0
120900060,0,0,0
120900061,0,0,0
120900062,0,0,0
120900063,0,0,0
120900064,0,0,0
120900065,0,0,0
120900066,0,0,0
120900067,0,0,0
120900068,0,0,0
120900069,0,0,0
120900071,0,0,0
120900072,0,0,0
120900073,0,0,0
120900074,0,0,0
120900076,0,0,0
120900077,0,0,0
120900078,0,0,0
120900079,0,0,0
120900080,0,0,0
120900081,0,0,0
120900082,0,0,0
120900083,0,0,0
120900084,0,0,0
120900085,0,0,0
120900086,0,0,0
120900087,0,0,0
120900088,0,0,0
120900089,0,0,0
120900090,0,0,0
120900091,0,0,0
120900092,0,0,0
120900093,0,0,0
120900094,0,0,0
120900095,0,0,0
120900096,0,0,0
120900097,0,0,0
120900098,0,0,0
120900099,0,0,0
120900100,0,0,0
120900101,0,0,0
120900102,0,0,0
120900103,0,0,0
120900104,0,0,0
120900105,0,0,0
120900106,0,0,0
120900107,0,0,0
120900108,0,0,0
120900109,0,0,0
120900110,0,0,0
120900111,0,0,0
120900112,0,0,0
120900113,0,0,0
120900114,0,0,0
120900115,64,37,27
120900116,0,0,0
120900117,0,0,0
120900118,0,0,0
120900119,0,0,0
120900120,0,0,0
120900121,0,0,0
120900122,0,0,0
120900123,0,0,0
120900124,0,0,0
120900125,0,0,0
120900126,0,0,0
120900127,0,0,0
120900128,0,0,0
120900129,0,0,0
120900130,0,0,0
120900131,0,0,0
120900132,0,0,0
120900133,0,0,0
120900134,0,0,0
120900135,0,0,0
120900136,0,0,0
120900137,0,0,0
120900138,0,0,0
120900139,0,0,0
120900140,0,0,0
120900141,0,0,0
120900142,0,0,0
120900143,0,0,0
120900144,0,0,0
120900145,0,0,0
120900146,0,0,0
120900147,0,0,0
120900148,0,0,0
120900149,0,0,0
120900150,0,0,0
120900151,0,0,0
120900152,0,0,0
120900153,0,0,0
120900154,0,0,0
120900155,0,0,0
120900156,0,0,0
120900157,0,0,0
120900158,0,0,0
120900159,0,0,0
120900160,0,0,0
120900161,0,0,0
120900162,0,0,0
120900163,0,0,0
120900164,0,0,0
120900165,0,0,0
120900166,0,0,0
120900167,0,0,0
120900169,0,0,0
120900170,0,0,0
120900171,0,0,0
120900172,0,0,0
120900173,0,0,0
120900174,0,0,0
120900175,0,0,0
120900176,0,0,0
120900177,0,0,0
120900178,0,0,0
120900179,0,0,0
120900180,0,0,0
120900181,0,0,0
120900182,0,0,0
120900183,0,0,0
120900184,0,0,0
120900185,0,0,0
120900186,0,0,0
120900187,0,0,0
120900188,0,0,0
120900189,0,0,0
120900190,0,0,0
120900191,0,0,0
120900192,0,0,0
120900194,0,0,0
120900195,0,0,0
120900196,0,0,0
120900197,0,0,0
120900198,0,0,0
120900199,0,0,0
120900200,0,0,0
120900201,0,0,0
120900202,0,0,0
120900203,0,0,0
120900204,0,0,0
120900205,0,0,0
120900206,0,0,0
121000001,0,0,0
121000002,280,242,38
121000003,0,0,0
121000004,291,174,117
121000005,1,34,-33
121000006,278,377,-99
121000007,13,29,-16
121000008,422,470,-48
121000009,45,77,-32
121000010,773,343,430
121000011,344,225,119
121000012,1887,743,1144
121000013,319,301,18
121000014,2262,797,1465
121000015,529,1066,-537
121000016,1024,809,215
121000017,59,254,-195
121000018,126,264,-138
121000019,319,325,-6
121000020,811,994,-183
121000021,24,43,-19
121000022,146,379,-233
121000023,53,31,22
121000024,553,697,-144
121000025,39,87,-48
121000026,162,83,79
121000027,75,103,-28
121000028,24,72,-48
121000029,106,27,79
121000030,0,0,0
121000031,7,10,-3
121000032,0,0,0
121000034,9,39,-30
121000035,0,0,0
121000036,5,32,-27
121000037,53,83,-30
121000038,66,189,-123
121000039,0,0,0
121000041,0,0,0
121000042,3,108,-105
121000043,87,7,80
121000044,2,29,-27
121000045,5,14,-9
121000046,0,0,0
121000047,0,0,0
121000049,95,39,56
121000050,8,201,-193
121000051,21,18,3
121000052,32,77,-45
121000053,38,3,35
121000054,0,0,0
121000055,0,0,0
121000056,294,326,-32
121000057,0,0,0
121000058,0,0,0
121000059,7,36,-29
121000060,55,31,24
121000061,1,19,-18
121000062,1,10,-9
121000063,14,41,-27
121000064,9,21,-12
121000065,1,19,-18
121000066,0,0,0
121000067,0,0,0
121000068,20,5,15
121000069,1,8,-7
121000070,87,132,-45
121000071,33,161,-128
121000072,18,41,-23
121000073,45,132,-87
121000074,0,0,0
121000075,0,0,0
121000076,2,0,2
121000077,21,6,15
121000078,0,0,0
121000080,150,40,110
121000081,273,227,46
121000082,30,49,-19
121000083,18,36,-18
121000084,0,0,0
121000085,76,31,45
121000086,1,71,-70
121000087,2,118,-116
121000088,0,0,0
121000089,3,148,-145
121000090,0,0,0
121000091,541,117,424
121000092,33,9,24
121000093,11,50,-39
121000094,21,55,-34
121000095,2,2,0
121000096,0,0,0
121000097,0,0,0
121000098,32,29,3
121000099,11,11,0
121000100,0,0,0
121000101,10,31,-21
121000102,0,0,0
121000103,9,6,3
121000104,0,0,0
121000105,0,0,0
121000106,40,6,34
121000107,284,278,6
121000109,43,229,-186
121000110,0,0,0
121000114,339,437,-98
121000115,0,0,0
121000116,0,0,0
121000117,0,0,0
121000118,0,0,0
121000119,0,0,0
121000120,3,87,-84
121000121,1,10,-9
121000123,1,0,1
121000126,0,0,0
121000127,0,0,0
121000128,0,0,0
121000129,0,0,0
121000130,4,19,-15
121000131,0,0,0
121000132,13,96,-83
121000135,0,0,0
121000136,11,97,-86
121000137,0,0,0
121000138,25,26,-1
121000139,0,0,0
121000141,0,0,0
121000142,0,0,0
121000143,0,0,0
121000144,0,0,0
121000145,0,3,-3
121000146,62,24,38
121000147,60,37,23
121000148,0,0,0
121000149,152,269,-117
121000152,22,26,-4
121000153,131,16,115
121000154,126,37,89
121000155,77,77,0
121000156,90,18,72
121000157,79,26,53
121000158,113,41,72
121000159,19,24,-5
121000160,26,4,22
121000161,0,0,0
121000162,0,0,0
121000165,98,731,-633
121000166,1,24,-23
121000168,15,59,-44
121000169,2,14,-12
121000170,92,33,59
121000171,34,75,-41
121000172,30,38,-8
121000173,5,6,-1
121000174,3,9,-6
121000175,5,4,1
121000176,9,6,3
121000177,3,1,2
121000178,0,0,0
121000179,11,17,-6
121000181,51,146,-95
121000182,38,63,-25
121000183,11,38,-27
121000184,2,18,-16
121000185,0,12,-12
121000186,0,0,0
121000187,0,1,-1
121000188,0,0,0
121000192,10,12,-2
121000193,0,0,0
121000194,88,152,-64
121000195,0,0,0
121000196,0,0,0
121000197,0,3,-3
121000198,0,0,0
121000199,1,0,1
121000200,0,0,0
121000201,0,0,0
121000202,0,0,0
121000203,0,0,0
121000204,0,0,0
121000205,16,8,8
121000206,0,0,0
121000207,0,0,0
121000208,0,0,0
121000209,39,8,31
121000210,0,0,0
121000211,3,5,-2
121000212,0,0,0
121000213,43,137,-94
121000214,19,104,-85
121000215,35,83,-48
121000216,70,59,11
121000217,567,178,389
121000218,8,28,-20
121000219,139,82,57
121000220,0,0,0
121000221,2,62,-60
121000222,7,62,-55
121000223,0,0,0
121000224,0,0,0
121000225,3,61,-58
121000226,32,173,-141
121000227,0,0,0
121000228,0,0,0
121000229,0,0,0
121000230,0,0,0
121000231,167,0,167
121000232,0,0,0
121000233,180,32,148
121000234,1,1,0
121000235,0,11,-11
121000236,0,0,0
121000237,19,1,18
121000238,0,4,-4
121000239,0,1,-1
121000240,0,12,-12
121000241,42,0,42
121000242,0,5,-5
121000243,46,0,46
121000244,0,4,-4
121000245,0,0,0
121000246,0,0,0
121000247,26,0,26
121000248,21,5,16
121000249,0,0,0
121000250,31,85,-54
121000251,0,0,0
121000252,9,41,-32
121000253,0,0,0
121000254,103,22,81
121000255,0,0,0
121000256,18,50,-32
121000257,0,0,0
121000258,17,44,-27
121000259,0,0,0
121000260,0,0,0
121000261,23,14,9
121000262,0,0,0
121000263,11,65,-54
121000271,0,0,0
121000273,0,0,0
121000274,2,7,-5
121000275,0,0,0
121000276,2,22,-20
121000278,18,3,15
121000279,0,0,0
121000280,9,10,-1
121000289,22,0,22
121000290,49,92,-43
121000294,0,0,0
121000297,71,81,-10
121000299,0,0,0
121000300,0,0,0
121000302,1,57,-56
121000303,26,10,16
121000304,211,138,73
121000305,25,51,-26
121000306,19,62,-43
121000308,0,0,0
121000309,0,0,0
121000310,0,0,0
121000311,0,0,0
121000312,37,38,-1
121000313,0,0,0
121000314,0,0,0
121000315,0,0,0
121000530,284,207,77
121000531,543,203,340
121000532,1433,438,995
121000533,3865,1519,2346
121000918,0,0,0
121000919,0,0,0
121000938,0,0,0
121000939,4,42,-38
121000956,0,0,0
121000957,0,0,0
121000958,0,6,-6
121000959,17,13,4
121000960,47,38,9
121000961,161,7,154
121000962,1,22,-21
121000973,0,0,0
121000976,0,0,0
121000979,0,0,0
121000981,81,2,79
121000982,0,0,0
121000983,4,1,3
121000984,0,0,0
121000985,0,0,0
121000986,0,0,0
121000987,0,0,0
121000988,217,12,205
121001302,0,0,0
121001308,0,0,0
121001309,0,0,0
121001313,0,0,0
121001314,0,0,0
121001315,1484,127,1357
121900001,7,37,-30
121900002,0,0,0
121900003,0,0,0
121900004,0,0,0
121900005,0,0,0
121900006,0,0,0
121900007,2,2,0
121900008,0,0,0
121900009,0,0,0
121900010,0,0,0
121900011,0,0,0
121900012,0,0,0
121900013,0,0,0
121900014,0,0,0
121900015,0,0,0
121900016,0,0,0
121900017,0,0,0
121900018,0,0,0
121900019,0,0,0
121900020,0,0,0
121900021,0,0,0
121900022,0,0,0
121900023,0,0,0
121900024,0,0,0
121900025,0,0,0
121900026,0,0,0
121900027,0,0,0
121900028,0,0,0
121900029,0,0,0
121900030,0,0,0
121900031,0,0,0
121900032,0,0,0
121900033,0,0,0
121900034,0,0,0
121900035,0,0,0
121900036,0,0,0
121900037,0,0,0
121900038,0,0,0
121900039,0,0,0
121900040,0,0,0
121900041,0,0,0
121900042,0,0,0
121900043,0,0,0
121900044,0,0,0
121900046,0,0,0
121900047,0,0,0
121900048,0,0,0
121900050,0,0,0
121900051,0,0,0
121900052,0,0,0
121900053,0,0,0
121900054,0,0,0
121900055,0,0,0
121900058,0,0,0
121900059,0,0,0
121900060,0,0,0
121900061,0,0,0
121900062,0,0,0
121900063,0,0,0
121900064,0,0,0
121900066,0,0,0
121900067,0,0,0
121900069,0,0,0
121900070,0,0,0
121900071,0,0,0
121900072,0,0,0
121900073,0,0,0
121900074,0,0,0
121900075,0,0,0
121900076,0,0,0
121900077,0,0,0
121900078,0,0,0
121900079,0,0,0
121900080,0,0,0
121900082,0,0,0
121900084,0,0,0
121900085,0,0,0
121900086,0,0,0
121900087,0,0,0
121900088,0,0,0
121900089,0,0,0
121900090,0,0,0
121900091,0,0,0
121900092,0,0,0
121900093,0,0,0
121900094,0,0,0
121900095,0,0,0
121900096,0,0,0
121900097,0,0,0
121900098,0,0,0
121900099,0,0,0
121900100,0,0,0
121900101,0,0,0
121900102,0,0,0
121900103,0,0,0
121900104,0,0,0
121900105,0,0,0
121900106,0,0,0
121900107,0,0,0
121900108,0,0,0
121900109,0,0,0
121900110,0,0,0
121900111,0,0,0
121900112,0,0,0
121900113,0,0,0
121900114,0,0,0
121900115,0,0,0
121900117,0,0,0
121900118,0,0,0
121900119,0,0,0
121900120,0,0,0
121900121,0,0,0
121900122,0,0,0
121900123,0,0,0
121900124,0,0,0
121900125,0,0,0
121900127,0,0,0
121900128,0,0,0
121900129,0,0,0
121900130,0,0,0
121900131,0,0,0
121900132,0,0,0
121900133,0,0,0
121900134,0,0,0
121900135,0,0,0
121900136,0,0,0
121900137,0,0,0
121900138,0,0,0
121900139,0,0,0
121900140,0,0,0
121900141,0,0,0
121900142,0,0,0
121900143,0,0,0
121900144,0,0,0
121900145,0,0,0
121900146,0,0,0
121900147,0,0,0
121900148,0,0,0
121900149,0,0,0
121900150,0,0,0
121900151,0,0,0
121900152,0,0,0
121900153,0,0,0
121900154,0,0,0
121900155,0,0,0
121900156,0,0,0
121900157,0,0,0
121900158,0,0,0
121900159,0,0,0
121900160,0,0,0
121900161,0,0,0
121900162,0,0,0
121900163,0,0,0
121900164,0,0,0
121900165,0,0,0
121900166,0,0,0
121900167,0,0,0
121900168,0,0,0
121900169,0,0,0
121900170,0,0,0
121900171,0,0,0
121900172,0,0,0
121900173,0,0,0
121900174,0,0,0
121900175,0,0,0
121900176,0,0,0
121900177,0,0,0
121900179,0,0,0
121900180,0,0,0
121900182,0,0,0
121900183,0,0,0
121900184,0,0,0
121900186,0,0,0
121900187,0,0,0
121900188,0,0,0
121900189,0,0,0
121900190,0,0,0
121900191,0,0,0
121900192,0,0,0
121900194,0,0,0
121900195,0,0,0
121900196,0,0,0
121900197,0,0,0
121900198,0,0,0
121900199,0,0,0
121900200,0,0,0
121900201,0,0,0
121900202,0,0,0
121900203,0,0,0
121900204,0,0,0
121900205,0,0,0
121900206,0,0,0
121900207,0,0,0
121900208,0,0,0
121900209,0,0,0
121900210,0,0,0
121900211,0,0,0
121900212,0,0,0
121900213,0,0,0
121900214,0,0,0
121900215,0,0,0
121900216,0,0,0
121900217,0,0,0
121900218,0,0,0
121900219,0,0,0
121900220,0,0,0
121900221,0,0,0
121900222,0,0,0
121900223,0,0,0
121900224,0,0,0
121900225,0,0,0
121900226,0,0,0
121900227,0,0,0
121900228,0,0,0
121900229,0,0,0
121900230,0,0,0
121900231,0,0,0
121900232,0,0,0
121900233,0,0,0
121900234,0,0,0
121900235,0,0,0
121900236,0,0,0
121900237,0,0,0
121900238,0,0,0
121900239,0,0,0
121900240,0,0,0
121900241,0,0,0
121900242,0,0,0
121900243,0,0,0
121900244,0,0,0
121900245,0,0,0
121900246,0,0,0
121900247,0,0,0
121900248,0,0,0
121900250,0,0,0
121900251,0,0,0
121900252,0,0,0
121900253,0,0,0
121900254,0,0,0
121900255,0,0,0
121900258,0,0,0
121900259,0,0,0
121900260,0,0,0
121900261,0,0,0
121900262,0,0,0
121900263,0,0,0
121900264,0,0,0
121900265,0,0,0
121900266,0,0,0
121900267,0,0,0
121900269,0,0,0
121900270,0,0,0
121900271,0,0,0
121900273,0,0,0
121900274,0,0,0
121900276,0,0,0
121900277,0,0,0
121900278,0,0,0
121900279,0,0,0
121900280,0,0,0
121900281,0,0,0
121900284,0,0,0
121900286,0,0,0
121900287,0,0,0
121900290,0,0,0
121900291,0,0,0
121900292,0,0,0
121900293,0,0,0
121900294,0,0,0
121900295,0,0,0
121900296,0,0,0
121900298,0,0,0
121900299,0,0,0
121900300,0,0,0
121900301,0,0,0
121900302,0,0,0
121900303,0,0,0
121900304,0,0,0
121900305,0,0,0
121900306,0,0,0
121900307,0,0,0
121900308,0,0,0
121900309,0,0,0
121900310,0,0,0
121900311,0,0,0
121900312,0,0,0
121900313,0,0,0
121900314,0,0,0
121900315,0,0,0
121900316,0,0,0
121900317,0,0,0
121900318,0,0,0
121900319,0,0,0
121900320,0,0,0
121900321,0,0,0
121900322,0,0,0
121900323,0,0,0
121900324,0,0,0
121900325,0,0,0
121900326,0,0,0
121900327,0,0,0
121900328,0,0,0
121900329,0,0,0
121900330,0,0,0
121900331,0,0,0
121900332,0,0,0
122000001,74,118,-44
122000002,73,48,25
122000003,93,167,-74
122000004,140,178,-38
122000005,573,831,-258
122000006,41,276,-235
122000007,51,344,-293
122000008,115,202,-87
122000009,45,40,5
122000010,707,428,279
122000011,210,183,27
122000012,186,134,52
122000013,31,85,-54
122000014,3,84,-81
122000015,43,89,-46
122000016,2,94,-92
122000017,0,0,0
122000018,0,0,0
122000019,11,47,-36
122000020,0,0,0
122000021,0,0,0
122000022,97,10,87
122000023,15,8,7
122000024,191,177,14
122000025,89,163,-74
122000026,427,292,135
122000027,0,0,0
122000028,65,54,11
122000029,97,29,68
122000030,0,0,0
122000031,0,2,-2
122000032,68,64,4
122000033,110,272,-162
122000034,0,0,0
122000035,0,0,0
122000036,0,0,0
122000037,0,3,-3
122000038,20,4,16
122000039,0,0,0
122000040,0,0,0
122000041,0,0,0
122000042,0,0,0
122000043,0,0,0
122000044,0,0,0
122000045,133,75,58
122000046,137,74,63
122000047,0,0,0
122000048,336,694,-358
122000049,528,227,301
122000050,71,30,41
122000051,1,6,-5
122000052,2,5,-3
122000053,18,517,-499
122000054,65,159,-94
122000055,392,622,-230
122000056,225,158,67
122000057,83,226,-143
122000058,75,60,15
122000059,117,68,49
122000060,0,0,0
122000061,0,0,0
122000062,87,13,74
122000063,3,7,-4
122000064,147,63,84
122000065,256,250,6
122000066,111,165,-54
122000067,177,557,-380
122000068,60,298,-238
122000069,30,33,-3
122000070,409,93,316
122000071,56,77,-21
122000072,0,0,0
122000073,0,0,0
122000074,53,111,-58
122000075,61,70,-9
122000076,115,123,-8
122000077,0,0,0
122000078,529,248,281
122000079,4,44,-40
122000080,0,0,0
122000081,0,0,0
122000082,142,77,65
122000083,0,0,0
122000084,0,0,0
122000085,8,14,-6
122000086,20,272,-252
122000087,35,39,-4
122000088,0,0,0
122000089,180,260,-80
122000090,0,0,0
122000091,0,0,0
122000092,0,0,0
122000093,189,623,-434
122000094,493,462,31
122000095,15,85,-70
122000096,22,230,-208
122000098,344,462,-118
122000099,9,45,-36
122000100,28,4,24
122000101,1,4,-3
122000102,0,0,0
122000103,0,0,0
122000104,7,4,3
122000105,4,3,1
122000106,1,1,0
122000107,32,37,-5
122000108,0,0,0
122000109,7,4,3
122000110,0,0,0
122000111,375,44,331
122000112,56,74,-18
122000113,76,12,64
122000114,438,624,-186
122000115,498,380,118
122000116,6,99,-93
122000117,96,0,96
122000118,30,6,24
122000119,0,0,0
122000120,0,0,0
122000121,88,15,73
122000122,11,9,2
122000123,85,84,1
122000124,12,55,-43
122000125,16,79,-63
122000126,1,49,-48
122000127,24,59,-35
122000128,5,3,2
122000129,26,11,15
122000130,153,132,21
122000131,11,17,-6
122000132,0,0,0
122000133,0,0,0
122000134,57,51,6
122000135,6,19,-13
122000136,25,80,-55
122000137,18,36,-18
122000139,9,199,-190
122000140,0,0,0
122000141,8,3,5
122000142,0,0,0
122000143,0,0,0
122000144,5,24,-19
122000145,0,0,0
122000146,19,48,-29
122000147,19,42,-23
122000148,270,194,76
122000149,122,33,89
122000150,83,52,31
122000151,0,0,0
122000152,0,0,0
122000153,50,61,-11
122000154,95,11,84
122000155,198,81,117
122000156,453,403,50
122000157,261,285,-24
122000158,1,3,-2
122000159,44,19,25
122000160,137,68,69
122000161,57,7,50
122000162,145,59,86
122000163,0,0,0
122000164,0,0,0
122000165,2,29,-27
122000166,100,67,33
122000167,0,0,0
122000168,0,0,0
122000169,0,0,0
122000170,0,0,0
122000171,0,0,0
122000172,0,0,0
122000173,0,0,0
122000174,404,317,87
122000175,0,0,0
122000176,0,0,0
122000177,481,499,-18
122000178,546,119,427
122000179,0,5,-5
122000180,267,367,-100
122000181,739,556,183
122000182,63,38,25
122000183,23,4,19
122000184,549,464,85
122000185,142,95,47
122000186,0,0,0
122000187,115,54,61
122000188,0,0,0
122000189,19,37,-18
122000190,208,35,173
122000191,32,6,26
122000192,0,0,0
122000193,0,0,0
122000194,0,0,0
122000195,0,0,0
122000196,0,0,0
122000197,18,7,11
122000198,0,1,-1
122000199,38,97,-59
122000200,48,61,-13
122000201,186,234,-48
122000202,170,190,-20
122000203,0,0,0
122000204,0,0,0
122000205,0,0,0
122000206,114,43,71
122000207,88,38,50
122000208,87,18,69
122000209,188,71,117
122000210,23,6,17
122000211,0,23,-23
122000212,79,83,-4
122000213,67,167,-100
122000214,185,247,-62
122000215,50,116,-66
122000217,8,15,-7
122000218,132,11,121
122000219,34,22,12
122000220,6,30,-24
122000221,0,0,0
122000222,1,0,1
122000223,90,77,13
122000225,105,16,89
122000226,0,9,-9
122000227,0,12,-12
122000228,0,7,-7
122000229,0,0,0
122000230,0,12,-12
122000231,0,25,-25
122000232,0,9,-9
122000233,0,0,0
122000234,51,9,42
122000235,78,2,76
122000236,16,8,8
122000237,0,0,0
122000238,7,11,-4
122000239,41,1,40
122000240,56,1,55
122000241,9,38,-29
122000242,0,0,0
122000243,0,0,0
122000244,0,0,0
122000245,2,0,2
122000246,32,47,-15
122000247,2,1,1
122000248,3,21,-18
122000249,65,61,4
122000250,124,43,81
122000251,0,0,0
122000252,8,1,7
122000253,0,0,0
122000254,1,0,1
122000255,0,0,0
122000256,29,49,-20
122000257,6,25,-19
122000258,47,49,-2
122000259,0,0,0
122000260,0,0,0
122000261,0,0,0
122000262,0,0,0
122000263,0,0,0
122000264,160,34,126
122000265,148,12,136
122000266,250,4,246
122000267,0,0,0
122000268,0,0,0
122000269,0,0,0
122000270,0,0,0
122000271,0,0,0
122000272,0,0,0
122000273,0,0,0
122000274,0,0,0
122000275,0,0,0
122000276,62,67,-5
122000277,151,128,23
122000278,110,40,70
122000279,6,4,2
122000280,2,12,-10
122000281,1,19,-18
122000282,2,21,-19
122000283,0,0,0
122000284,0,0,0
122000285,0,0,0
122000286,0,0,0
122000287,505,72,433
122000288,43,5,38
122000291,1127,88,1039
122000293,0,0,0
122000294,95,16,79
122000295,138,2,136
122000296,11,149,-138
122000297,870,387,483
122000299,102,23,79
122000300,2,6,-4
122000301,61,65,-4
122000302,2,8,-6
122000303,31,84,-53
122000304,0,0,0
122000305,423,49,374
122000306,0,27,-27
122000307,0,0,0
122000309,0,0,0
122000310,0,0,0
122000311,0,0,0
122000312,9,60,-51
122000313,20,55,-35
122000314,88,59,29
122000315,0,0,0
122000316,39,4,35
122000317,32,15,17
122000318,31,60,-29
122000319,7,2,5
122000320,0,0,0
122000321,0,1,-1
122000322,112,105,7
122000323,104,42,62
122000324,20,32,-12
122000325,57,162,-105
122000326,3,0,3
122000327,0,13,-13
122000328,0,0,0
122000330,76,144,-68
122000332,0,0,0
122000333,0,0,0
122000337,25,35,-10
122000338,6,7,-1
122000340,1,2,-1
122000342,6,11,-5
122000343,0,8,-8
122000344,28,0,28
122000345,3,3,0
122000346,0,0,0
122000348,27,13,14
122000349,0,0,0
122000351,2,0,2
122000352,0,0,0
122000353,0,0,0
122000355,0,0,0
122000356,19,23,-4
122000357,0,6,-6
122000358,0,0,0
122000359,0,0,0
122000360,0,0,0
122000362,0,0,0
122000364,0,0,0
122000365,0,0,0
122000366,0,0,0
122000368,0,0,0
122000370,0,0,0
122000371,0,0,0
122000372,0,0,0
122000381,0,0,0
122000382,0,0,0
122000384,0,0,0
122000385,0,0,0
122000386,5,159,-154
122000387,0,1,-1
122000388,21,59,-38
122000389,0,0,0
122000390,9,80,-71
122000391,0,0,0
122000392,0,0,0
122000393,0,0,0
122000394,0,0,0
122000395,0,0,0
122000396,0,0,0
122000397,0,0,0
122000398,1,34,-33
122000399,0,0,0
122000400,14,67,-53
122000401,0,0,0
122000402,19,24,-5
122000403,0,0,0
122000404,118,41,77
122000408,255,228,27
122000503,0,0,0
122000524,0,0,0
122000544,0,0,0
122000616,0,0,0
122000640,0,0,0
122000641,0,0,0
122000642,0,0,0
122000643,5,7,-2
122000644,0,0,0
122000645,0,0,0
122000651,8,48,-40
122000664,15,13,2
122000665,0,0,0
122000666,111,39,72
122000673,0,0,0
122000674,28,26,2
122000675,43,30,13
122000686,71,32,39
122000687,38,8,30
122000688,151,38,113
122000689,95,85,10
122000690,262,5,257
122000691,290,45,245
122000692,24,1,23
122000693,16,27,-11
122000695,0,0,0
122000696,69,26,43
122000698,0,0,0
122000699,1,10,-9
122000701,135,9,126
122000702,67,28,39
122000703,39,3,36
122000717,0,0,0
122000718,70,191,-121
122000719,0,6,-6
122000720,75,18,57
122900001,0,0,0
122900002,0,0,0
122900003,0,0,0
122900004,0,0,0
122900005,0,0,0
122900006,0,0,0
122900007,0,0,0
122900008,0,0,0
122900009,0,0,0
122900010,0,0,0
122900012,0,0,0
122900014,0,0,0
122900015,0,0,0
122900016,0,0,0
122900017,0,0,0
122900018,0,0,0
122900019,0,0,0
122900020,0,0,0
122900021,0,0,0
122900022,0,0,0
122900023,0,0,0
122900024,0,0,0
122900025,0,0,0
122900026,0,0,0
122900027,0,0,0
122900028,0,0,0
122900029,0,0,0
122900030,0,0,0
122900031,0,0,0
122900032,0,0,0
122900033,0,0,0
122900034,0,0,0
122900035,0,0,0
122900036,0,0,0
122900037,0,0,0
122900038,0,0,0
122900039,0,0,0
122900040,0,0,0
122900041,0,0,0
122900042,0,0,0
122900043,0,0,0
122900044,0,0,0
122900045,0,0,0
122900046,0,0,0
122900047,0,0,0
122900048,0,0,0
122900049,0,0,0
122900051,0,0,0
122900052,0,0,0
122900053,0,0,0
122900055,0,0,0
122900057,0,0,0
122900061,0,0,0
122900062,0,0,0
122900063,0,0,0
122900064,0,0,0
122900065,0,0,0
122900066,0,0,0
122900067,0,0,0
122900068,0,0,0
122900069,0,0,0
122900070,0,0,0
122900071,0,0,0
122900072,0,0,0
122900073,0,0,0
122900074,0,0,0
122900075,0,0,0
122900076,0,0,0
122900077,0,0,0
122900078,0,0,0
122900080,0,0,0
122900081,0,0,0
122900082,0,0,0
122900083,0,0,0
122900084,0,0,0
122900086,0,0,0
122900087,0,0,0
122900088,0,0,0
122900089,0,0,0
122900090,0,0,0
122900091,0,0,0
122900092,0,0,0
122900093,0,0,0
122900094,0,0,0
122900095,0,0,0
122900096,0,0,0
122900097,0,0,0
122900098,0,0,0
122900099,0,0,0
122900100,0,0,0
122900101,0,0,0
122900102,0,0,0
122900103,0,0,0
122900104,0,0,0
122900105,0,0,0
122900106,0,0,0
122900107,0,0,0
122900108,0,0,0
123000001,140,29,111
123000002,245,1211,-966
123000003,883,390,493
123000004,214,447,-233
123000005,927,333,594
123000006,163,540,-377
123000007,798,448,350
123000008,39,149,-110
123000009,2450,1735,715
123000010,31,269,-238
123000011,753,716,37
123000012,5,233,-228
123000013,1156,258,898
123000014,6,194,-188
123000015,1262,365,897
123000016,45,234,-189
123000017,984,284,700
123000018,58,1,57
123000019,98,2,96
123000020,32,4,28
123000021,86,4,82
123000022,213,38,175
123000023,198,71,127
123000024,110,64,46
123000025,0,24,-24
123000026,0,0,0
123000027,0,0,0
123000028,24,123,-99
123000029,0,0,0
123000030,0,0,0
123000031,23,4,19
123000032,58,9,49
123000033,3,11,-8
123000034,437,40,397
123000035,82,78,4
123000036,28,395,-367
123000037,0,0,0
123000038,0,0,0
123000039,0,0,0
123000040,0,0,0
123000041,24,692,-668
123000042,0,0,0
123000043,198,257,-59
123000044,28,72,-44
123000045,0,0,0
123000046,0,0,0
123000047,0,0,0
123000048,16,73,-57
123000049,3476,1121,2355
123000050,186,176,10
123000051,1,0,1
123000052,122,372,-250
123000053,894,349,545
123000054,171,417,-246
123000055,608,846,-238
123000056,11,73,-62
123000057,40,135,-95
123000058,0,0,0
123000059,2,4,-2
123000060,0,1,-1
123000061,6,11,-5
123000063,19,40,-21
123000064,5,3,2
123000065,24,61,-37
123000066,1,16,-15
123000067,2,15,-13
123000068,45,143,-98
123000069,108,88,20
123000070,9,1,8
123000071,126,27,99
123000072,0,0,0
123000073,190,30,160
123000074,0,0,0
123000075,69,130,-61
123000076,0,0,0
123000077,52,3,49
123000078,278,61,217
123000079,463,169,294
123000080,47,0,47
123000081,0,0,0
123000082,0,0,0
123000083,4,0,4
123000084,0,0,0
123000085,0,0,0
123000086,0,0,0
123000087,0,0,0
123000088,7,1,6
123000089,305,143,162
123000090,0,0,0
123000091,178,55,123
123000092,0,0,0
123000094,5,3,2
123000095,23,23,0
123000096,177,19,158
123000097,0,0,0
123000098,12,21,-9
123000099,0,0,0
123000100,0,0,0
123000101,30,12,18
123000102,46,45,1
123000104,0,0,0
123000105,0,0,0
123000106,0,0,0
123000107,0,0,0
123000108,0,0,0
123000111,9,14,-5
123000112,7,12,-5
123000113,0,0,0
123000114,3,36,-33
123000115,26,21,5
123000116,0,0,0
123000117,0,11,-11
123000118,6,19,-13
123000119,6,11,-5
123000120,3,38,-35
123000121,0,0,0
123000122,0,0,0
123000123,0,0,0
123000124,0,0,0
123000125,87,22,65
123000126,175,246,-71
123000127,0,0,0
123000128,0,0,0
123000129,185,23,162
123000130,116,15,101
123000131,128,13,115
123000132,0,0,0
123000133,0,0,0
123000134,0,0,0
123000135,50,43,7
123000136,0,0,0
123000137,0,0,0
123000138,0,0,0
123000139,109,1,108
123000140,0,0,0
123000141,59,11,48
123000142,0,0,0
123000143,0,0,0
123000144,0,0,0
123000145,0,0,0
123000146,0,0,0
123000147,0,0,0
123000149,16,58,-42
123000150,13,26,-13
123000151,53,57,-4
123000152,0,0,0
123000153,2,31,-29
123000154,42,72,-30
123000155,4,39,-35
123000156,0,0,0
123000157,26,6,20
123000158,56,76,-20
123000159,178,178,0
123000160,40,100,-60
123000161,126,47,79
123000162,341,129,212
123000163,26,18,8
123000164,283,4,279
123000165,0,0,0
123000166,0,0,0
123000167,21,8,13
123000168,86,0,86
123000169,165,20,145
123000170,1,0,1
123000171,260,0,260
123000172,0,0,0
123000173,39,55,-16
123000174,154,19,135
123000175,0,0,0
123000176,88,9,79
123000177,0,0,0
123000178,182,8,174
123000179,0,0,0
123000180,456,10,446
123000181,0,0,0
123000182,0,0,0
123000183,48,16,32
123000184,0,0,0
123000185,225,13,212
123000186,0,0,0
123000187,480,2,478
123000188,229,0,229
123000189,270,1,269
123000190,40,0,40
123000192,0,0,0
123000193,0,0,0
123000194,0,0,0
123000195,207,0,207
123000196,186,0,186
123000197,46,0,46
123000198,0,0,0
123000199,0,0,0
123000200,246,12,234
123000201,464,21,443
123000202,0,0,0
123000203,473,6,467
123000204,0,0,0
123000205,0,0,0
123000206,532,31,501
123000207,0,0,0
123000208,143,7,136
123000209,201,25,176
123000210,0,0,0
123000211,0,0,0
123000212,550,16,534
123000213,188,1,187
123000215,88,130,-42
123000216,24,151,-127
123000217,58,11,47
123000218,0,0,0
123000219,66,22,44
123000220,218,6,212
123000221,7,7,0
123000222,17,16,1
123000223,87,8,79
123000224,14,51,-37
123000225,22,2,20
123000226,88,3,85
123000227,2,1,1
123000228,71,6,65
123000229,0,0,0
123000232,0,0,0
123000233,213,4,209
123000234,0,0,0
123000235,131,37,94
123000236,0,1,-1
123000237,58,18,40
123000238,0,0,0
123000239,0,0,0
123000240,0,0,0
123000241,24,8,16
123000242,0,0,0
123000243,7,79,-72
123000244,11,63,-52
123000245,0,0,0
123000249,0,0,0
123000252,295,165,130
123000253,407,152,255
123000254,4,9,-5
123000255,76,121,-45
123000256,0,0,0
123000257,0,0,0
123000258,0,0,0
123000259,4,0,4
123000260,5,1,4
123000261,0,0,0
123000262,0,0,0
123000263,52,7,45
123000264,15,6,9
123000265,0,0,0
123000266,29,3,26
123000267,35,145,-110
123000268,0,0,0
123000269,4,21,-17
123000270,9,1,8
123000271,0,0,0
123000272,311,97,214
123000273,80,407,-327
123000274,217,70,147
123000275,0,0,0
123000278,4,69,-65
123000279,0,11,-11
123000280,2,11,-9
123000281,47,4,43
123000282,0,0,0
123000283,0,1,-1
123000284,0,0,0
123000286,0,1,-1
123000287,15,64,-49
123000288,249,120,129
123000289,109,105,4
123000291,0,0,0
123000294,0,0,0
123000295,361,217,144
123000296,121,276,-155
123000297,0,0,0
123000298,25,48,-23
123000299,17,127,-110
123000300,45,47,-2
123000301,0,0,0
123000302,179,32,147
123000303,3,56,-53
123000305,0,0,0
123000306,0,0,0
123000309,0,0,0
123000310,0,1,-1
123000311,0,0,0
123000312,0,0,0
123000313,107,25,82
123000315,134,7,127
123000316,474,5,469
123000317,0,0,0
123000318,0,0,0
123000329,0,0,0
123000337,83,9,74
123000338,137,7,130
123000339,0,0,0
123000340,10,34,-24
123000342,0,0,0
123000343,3,1,2
123000344,45,1,44
123000345,2,0,2
123000346,129,15,114
123000352,0,0,0
123000353,0,0,0
123000354,458,3,455
123000355,0,0,0
123000356,110,2,108
123000357,0,0,0
123000359,0,0,0
123000360,50,32,18
123000361,0,0,0
123000362,144,7,137
123000363,28,0,28
123000364,29,19,10
123000365,0,0,0
123000366,17,104,-87
123000367,0,26,-26
123000370,0,0,0
123000371,62,1,61
123000372,120,2,118
123000373,0,0,0
123000374,0,0,0
123000375,120,5,115
123000376,68,39,29
123000377,247,5,242
123000378,0,0,0
123000379,0,0,0
123000380,0,0,0
123000381,17,22,-5
123000382,85,9,76
123000383,0,0,0
123000384,17,3,14
123000385,0,0,0
123000436,0,0,0
123000507,1,19,-18
123000508,155,584,-429
123000517,0,0,0
123000518,0,0,0
123000519,0,0,0
123000520,0,0,0
123000521,0,0,0
123000522,0,0,0
123000541,3,8,-5
123000542,0,0,0
123000565,30,0,30
123000566,25,0,25
123000567,51,0,51
123000573,0,0,0
123000574,90,6,84
123000575,202,4,198
123000576,126,10,116
123000577,0,0,0
123000578,48,36,12
123000579,537,223,314
123000580,9,0,9
123000582,99,2,97
123000583,0,0,0
123000584,84,53,31
123000585,0,0,0
123000586,7,0,7
123000596,0,0,0
123000597,0,3,-3
123000602,2,6,-4
123000603,212,4,208
123000604,11,2,9
123000605,868,491,377
123000606,0,0,0
123000609,0,0,0
123000610,116,61,55
123000613,0,0,0
123000614,75,6,69
123000615,0,0,0
123000616,99,5,94
123000617,0,0,0
123000618,0,0,0
123000619,12,3,9
123000620,0,0,0
123000622,93,16,77
123000624,83,5,78
123000630,435,36,399
123000631,34,25,9
123000632,0,0,0
123000633,1,262,-261
123000634,4,3,1
123000635,0,0,0
123000636,0,0,0
123000637,3,2,1
123000638,15,1,14
123000639,415,356,59
123000640,0,0,0
123900001,0,0,0
123900002,0,0,0
123900003,0,0,0
123900005,0,0,0
123900006,0,0,0
124000001,642,175,467
124000002,1,182,-181
124000003,259,36,223
124000004,0,10,-10
124000005,172,40,132
124000006,0,26,-26
124000007,71,17,54
124000008,0,0,0
124000009,172,18,154
124000010,0,0,0
124000011,233,67,166
124000012,0,0,0
124000017,126,113,13
124000018,0,0,0
124000019,171,51,120
124000020,0,0,0
124000021,248,30,218
124000022,0,0,0
124000023,464,64,400
124000024,0,0,0
124000025,424,66,358
124000026,0,0,0
124000027,1485,282,1203
124000028,105,572,-467
124000030,0,0,0
124000031,402,139,263
124000032,0,26,-26
124000033,50,10,40
124000034,0,36,-36
124000035,3,6,-3
124000036,0,5,-5
124000037,6,56,-50
124000038,0,1,-1
124000039,58,7,51
124000040,82,83,-1
124000041,110,11,99
124000042,3,17,-14
124000043,13,2,11
124000044,0,19,-19
124000045,58,5,53
124000046,0,0,0
124000047,263,21,242
124000048,0,0,0
124000049,310,16,294
124000050,0,0,0
124000051,247,18,229
124000052,0,0,0
124000053,74,63,11
124000054,0,0,0
124000055,335,73,262
124000056,0,0,0
124000057,190,63,127
124000058,0,0,0
124000059,86,86,0
124000060,0,0,0
124000061,80,148,-68
124000062,0,0,0
124000063,0,0,0
124000064,0,0,0
124000065,0,0,0
124000066,1,1,0
124000067,61,13,48
124000068,0,0,0
124000069,247,17,230
124000070,0,0,0
124000071,40,37,3
124000072,0,0,0
124000073,246,13,233
124000074,0,0,0
124000075,119,47,72
124000076,0,0,0
124000077,0,0,0
124000078,204,205,-1
124000079,0,0,0
124000080,202,82,120
124000081,0,0,0
124000082,13,120,-107
124000083,0,0,0
124000084,0,113,-113
124000085,0,0,0
124000086,0,0,0
124000087,0,0,0
124000088,1,40,-39
124000089,130,17,113
124000090,0,0,0
124000091,172,26,146
124000092,0,0,0
124000093,0,37,-37
124000094,0,0,0
124000095,51,0,51
124000096,0,0,0
124000097,28,0,28
124000098,0,0,0
124000099,5,2,3
124000100,0,0,0
124000101,12,6,6
124000102,0,0,0
124000103,7,7,0
124000104,0,0,0
124000105,15,5,10
124000106,0,0,0
124000107,2,15,-13
124000108,0,0,0
124000109,14,0,14
124000110,0,0,0
124000111,149,2,147
124000112,0,0,0
124000113,13,28,-15
124000114,0,0,0
124000115,0,0,0
124000116,7,22,-15
124000117,0,0,0
124000118,2,15,-13
124000119,0,0,0
124000120,68,12,56
124000121,177,37,140
124000122,0,0,0
124000123,127,45,82
124000124,32,51,-19
124000125,98,10,88
124000126,10,69,-59
124000127,224,9,215
124000128,22,73,-51
124000129,103,33,70
124000130,54,44,10
124000131,69,64,5
124000132,105,106,-1
124000133,324,50,274
124000134,0,0,0
124000135,376,80,296
124000136,0,0,0
124000137,225,70,155
124000138,0,0,0
124000139,41,1,40
124000140,0,0,0
124000141,3,1,2
124000142,0,0,0
124000143,1,0,1
124000144,0,0,0
124000145,24,7,17
124000146,0,0,0
124000148,0,11,-11
124000149,57,17,40
124000150,0,0,0
124000151,45,35,10
124000152,0,0,0
124000153,65,142,-77
124000154,0,0,0
124000155,137,85,52
124000156,0,0,0
124000169,22,12,10
124000170,0,0,0
124000171,43,23,20
124000172,0,0,0
124000173,19,19,0
124000174,0,0,0
124000175,0,0,0
124000176,102,54,48
124000177,0,0,0
124000178,17,9,8
124000190,1,4,-3
124000191,0,0,0
124000192,138,92,46
124000193,0,0,0
124000194,5,43,-38
124000195,104,11,93
124000196,0,0,0
124000197,0,0,0
124000198,0,5,-5
124000201,0,0,0
124000202,230,5,225
124000203,0,0,0
124000204,248,8,240
124000205,54,0,54
124000206,412,0,412
124000207,0,0,0
124000209,56,0,56
124000210,166,54,112
124000211,481,1,480
124000212,0,0,0
124000213,0,0,0
124000214,263,6,257
124000215,71,2,69
124000216,0,0,0
124000329,0,0,0
124000338,0,0,0
124000339,216,0,216
124000341,272,1,271
124000344,32,0,32
124000357,494,153,341
124000358,881,304,577
124000359,446,116,330
124000360,187,123,64
124000361,622,131,491
124000362,0,0,0
124000363,0,0,0
124000364,0,0,0
124000365,48,247,-199
124000366,25,162,-137
124000367,0,0,0
124000368,29,46,-17
124000369,15,86,-71
124000370,0,0,0
124000402,0,0,0
124000403,31,2,29
124000404,0,0,0
124000405,166,21,145
124000406,19,95,-76
124000407,0,0,0
124000411,0,0,0
124000412,36,1,35
124000413,1,1,0
124000414,18,20,-2
124000415,0,0,0
124000416,0,0,0
124000417,18,4,14
124000418,9,0,9
124000419,0,0,0
124000420,59,4,55
124000421,0,0,0
124000422,0,0,0
124000423,0,0,0
124000424,0,0,0
124000425,0,0,0
124000426,0,0,0
124000427,0,0,0
124000428,0,0,0
124000429,27,0,27
124000430,1,0,1
124000431,3,3,0
124000432,0,1,-1
124000439,0,1,-1
124000442,0,0,0
124000443,0,0,0
124000445,13,81,-68
124000446,0,0,0
124900001,0,0,0
124900002,0,0,0
124900003,0,0,0
124900004,0,0,0
124900005,0,0,0
124900006,0,0,0
124900008,0,0,0
124900009,0,0,0
124900010,0,0,0
124900011,0,0,0
124900012,0,0,0
124900013,0,0,0
124900014,0,0,0
124900015,0,0,0
124900016,0,0,0
124900017,0,0,0
124900018,0,0,0
124900019,0,0,0
124900020,0,0,0
124900021,0,0,0
124900022,0,0,0
124900024,0,0,0
124900026,0,0,0
124900027,0,0,0
124900028,0,0,0
124900029,0,0,0
124900030,0,0,0
124900031,0,0,0
124900032,0,0,0
124900033,0,0,0
124900034,0,0,0
124900035,0,0,0
124900036,0,0,0
124900037,0,0,0
124900038,0,0,0
124900039,0,0,0
124900040,0,0,0
124900041,0,0,0
124900042,0,0,0
124900043,0,0,0
124900044,0,0,0
124900045,0,0,0
124900046,0,0,0
124900047,0,0,0
124900048,0,0,0
124900050,0,0,0
124900052,0,0,0
124900053,0,0,0
124900054,0,0,0
124900055,0,0,0
124900057,0,0,0
124900060,0,0,0
124900061,0,0,0
124900062,0,0,0
124900066,0,0,0
124900067,0,0,0
124900068,0,0,0
124900069,0,0,0
124900070,0,0,0
124900072,0,0,0
124900074,0,0,0
124900075,0,0,0
124900076,0,0,0
124900077,0,0,0
124900078,0,0,0
124900079,0,0,0
124900080,0,0,0
124900081,0,0,0
124900082,0,0,0
124900083,0,0,0
124900084,0,0,0
124900085,0,0,0
124900086,0,0,0
124900087,0,0,0
124900088,0,0,0
124900089,0,0,0
124900090,0,0,0
124900091,0,0,0
124900092,0,0,0
124900093,0,0,0
124900094,0,0,0
124900095,0,0,0
124900096,0,0,0
124900097,0,0,0
124900098,0,0,0
124900099,0,0,0
124900100,0,0,0
124900101,0,0,0
124900102,0,0,0
124900103,0,0,0
124900104,0,0,0
124900105,0,0,0
124900106,0,0,0
124900107,0,0,0
124900108,0,0,0
124900109,0,0,0
124900110,0,0,0
124900111,0,0,0
124900112,0,0,0
124900113,0,0,0
124900114,0,0,0
124900115,0,0,0
124900116,0,0,0
124900117,0,0,0
124900118,0,0,0
124900119,0,0,0
124900120,0,0,0
124900121,0,0,0
124900122,0,0,0
124900123,0,0,0
124900124,0,0,0
129000186,0,0,0
204000001,4,0,4
204000002,3,0,3
204000003,8,4,4
204000004,1,0,1
204000005,500,362,138
204000006,1580,1196,384
204000008,667,246,421
204000011,0,0,0
204000012,0,0,0
204000013,0,0,0
204000019,808,506,302
204000020,142,53,89
204000021,201,52,149
204000022,661,437,224
204000023,0,0,0
204000031,1,15,-14
204000032,211,15,196
204000034,0,0,0
204000035,0,0,0
204000036,0,0,0
204000037,0,0,0
204000038,0,0,0
204000039,0,0,0
204000040,0,0,0
204000041,0,0,0
204000042,7,8,-1
204000043,3,0,3
204000044,5,0,5
204000045,6,0,6
204000046,1,1,0
204000057,0,0,0
204000062,0,0,0
204000068,0,0,0
204000069,0,0,0
204000070,234,265,-31
204000080,0,0,0
204000085,0,0,0
204000086,0,0,0
204000087,0,0,0
204000088,0,0,0
204000090,0,0,0
204000093,366,2,364
204000096,407,212,195
204000097,124,2,122
204000099,787,474,313
204000100,826,336,490
204000105,0,0,0
204000110,0,0,0
204000111,0,0,0
204000112,0,0,0
204000113,0,0,0
204000114,118,234,-116
204000115,56,105,-49
204000116,95,54,41
204000119,1688,598,1090
204000132,913,53,860
204000133,889,93,796
204000134,104,45,59
204000135,539,6,533
204000136,281,172,109
204000138,438,163,275
204000140,279,278,1
204000141,237,79,158
204000144,2,10,-8
204000145,69,3,66
204000146,0,0,0
204000147,0,0,0
204000148,242,11,231
204000154,0,3,-3
204000155,0,0,0
204000177,50,37,13
204000179,0,1,-1
204000180,0,0,0
204000222,0,0,0
204000235,0,0,0
204000236,10,19,-9
204000238,15,5,10
204000240,23,1,22
204000263,0,0,0
204000308,45,8,37
204000317,0,0,0
204000322,0,0,0
204000323,9,2,7
204000328,184,21,163
204000329,0,0,0
204000330,84,4,80
204000331,0,0,0
204010341,5,3,2
205000001,0,0,0
205000013,0,0,0
205000014,0,0,0
205000015,0,0,0
205000016,0,0,0
205000017,0,0,0
205000022,0,0,0
205000025,0,0,0
205000029,48,5,43
205000045,0,0,0
205000047,0,0,0
205000048,0,0,0
205000049,0,0,0
205000050,0,0,0
205000059,0,0,0
205000060,0,0,0
205000061,0,0,0
205000062,0,0,0
205000063,0,0,0
205000064,0,0,0
205000065,0,0,0
205000066,0,0,0
205000067,0,0,0
205000069,0,0,0
205000082,128,58,70
205000110,0,0,0
205000111,0,0,0
205000112,155,62,93
205000113,0,0,0
205000121,184,73,111
205000123,0,0,0
205000126,941,138,803
205000127,1089,54,1035
205000128,357,42,315
205000129,595,40,555
205000130,62,11,51
205000131,18,3,15
205000132,6,3,3
205000133,37,4,33
205000134,288,1,287
205000137,0,0,0
205000138,0,0,0
205000139,0,0,0
205000144,79,14,65
205000145,116,29,87
205000151,8,44,-36
205000152,121,38,83
205000153,272,25,247
205000154,125,42,83
205000155,117,3,114
205000207,0,0,0
205000233,8,0,8
205000234,0,0,0
205000243,0,1,-1
205000244,0,0,0
205000245,0,0,0
205000249,0,0,0
205000250,4,0,4
205000251,0,0,0
205000264,0,0,0
206000027,25,0,25
206000028,4,4,0
206000043,0,0,0
206000053,0,0,0
206000054,0,0,0
206000055,0,0,0
206000075,0,0,0
206000076,0,0,0
206000077,0,0,0
206000078,0,0,0
206000079,0,0,0
206000082,188,10,178
206000100,0,0,0
206000103,0,0,0
206000104,0,0,0
206000105,0,0,0
206000106,0,0,0
206000108,325,157,168
206000125,159,0,159
206000157,0,0,0
206000170,0,1,-1
206000171,0,0,0
206000172,0,0,0
206000173,0,0,0
206000174,0,0,0
206000175,0,1,-1
206000176,0,0,0
206000177,0,0,0
206000178,0,1,-1
206000179,0,0,0
206000180,0,0,0
206000181,0,0,0
206000182,0,0,0
206000183,0,0,0
206000184,0,0,0
206000185,0,0,0
206000186,0,0,0
206000223,0,0,0
206000226,7,3,4
206000227,27,0,27
206000237,0,0,0
206000238,0,0,0
206000239,0,0,0
206000240,0,0,0
206000241,0,0,0
206000242,0,0,0
206000243,0,0,0
206000244,0,0,0
206000245,118,7,111
206000246,60,0,60
206000247,30,0,30
206000248,36,1,35
206000252,0,0,0
206000258,0,0,0
206000315,0,0,0
206000317,92,10,82
206000318,35,11,24
206000319,178,9,169
206000320,65,3,62
206000321,88,3,85
206000322,64,5,59
206000323,90,3,87
206000324,51,3,48
206000325,51,0,51
206000326,47,12,35
206000327,4,3,1
206000328,193,0,193
206000329,32,3,29
206000330,23,1,22
206000331,40,1,39
206000332,3,0,3
206000333,251,3,248
206000334,48,0,48
206000335,0,0,0
206000361,0,0,0
206000392,0,0,0
206000405,148,0,148
206000441,93,71,22
206000498,30,0,30
206000515,0,0,0
206000530,8,2,6
206000531,35,0,35
206000532,105,1,104
206000535,0,0,0
206000536,0,0,0
206000537,0,0,0
206000613,86,7,79
207000001,0,0,0
207000002,0,0,0
207000003,0,0,0
207000007,288,64,224
207000008,0,0,0
207000009,0,0,0
207000010,2,15,-13
207000012,138,91,47
207000015,3,35,-32
207000019,271,18,253
207000021,389,88,301
207000022,332,38,294
207000023,242,22,220
207000024,2,4,-2
207000025,1,13,-12
207000026,0,0,0
207000027,0,0,0
207000028,0,0,0
207000029,0,0,0
207000033,281,260,21
207000034,56,34,22
207000039,205,50,155
207000040,247,1,246
207000041,102,3,99
207000042,353,32,321
207000043,179,80,99
207000051,0,0,0
207000052,0,0,0
207000053,0,0,0
207000054,0,0,0
207000055,0,0,0
207000056,0,0,0
207000057,0,0,0
207000058,0,0,0
207000059,0,0,0
207000060,0,0,0
207000061,35,348,-313
207000062,172,79,93
207000063,134,63,71
207000064,379,112,267
207000065,296,82,214
207000066,329,42,287
207000067,58,30,28
207000068,140,15,125
207000069,723,115,608
207000082,0,6,-6
207000083,0,8,-8
207000084,87,63,24
207000085,0,0,0
207000086,0,0,0
207000106,22,5,17
207000107,62,6,56
207000108,49,3,46
207000109,42,4,38
207000110,38,8,30
207000111,166,8,158
207000112,111,43,68
207000114,0,0,0
207000115,0,0,0
207000116,0,0,0
207000117,0,0,0
207000118,0,0,0
207000119,0,0,0
207000123,116,2,114
207000124,102,5,97
207000125,39,0,39
207000126,80,3,77
207000134,0,0,0
207000135,0,0,0
207000148,204,56,148
207000149,0,0,0
207000152,0,0,0
207000153,0,0,0
207000154,344,32,312
207000159,0,0,0
207000160,0,0,0
207000238,0,0,0
207000242,0,0,0
207000248,0,0,0
207000249,0,0,0
207000250,0,0,0
207000251,0,0,0
207000252,0,0,0
207000278,122,64,58
207000279,0,0,0
207000280,184,13,171
207000281,19,91,-72
207000282,2,8,-6
207000283,0,13,-13
207000284,0,0,0
207000285,0,9,-9
207000291,0,0,0
207000304,24,32,-8
207000306,0,0,0
207000310,151,120,31
207000353,45,0,45
207000356,0,0,0
207000357,0,36,-36
207000358,0,8,-8
207000415,0,0,0
207000417,46,0,46
207000437,0,0,0
207000439,717,129,588
207000446,107,0,107
207000460,0,0,0
207000466,0,0,0
207000467,9,12,-3
207000468,0,0,0
207000476,0,0,0
207000477,0,0,0
207000523,0,0,0
207000524,23,1,22
207000527,368,73,295
207000530,254,0,254
207000531,158,1,157
207000532,88,5,83
207000534,241,19,222
207000535,0,0,0
207000537,0,0,0
207000540,0,0,0
207000541,0,0,0
207000548,0,0,0
207000549,87,2,85
207000561,121,12,109
207000562,0,0,0
207000567,0,0,0
207000568,0,0,0
207000569,0,0,0
207000584,0,0,0
207000585,82,85,-3
207000616,0,0,0
207000617,116,0,116
207900008,0,0,0
208000001,109,194,-85
208000002,117,130,-13
208000003,253,106,147
208000004,302,146,156
208000005,0,0,0
208000019,224,152,72
208000020,284,165,119
208000021,0,0,0
208000022,0,0,0
208000028,0,0,0
208000033,0,0,0
208000034,0,0,0
208000040,76,70,6
208000041,358,113,245
208000042,266,67,199
208000047,0,0,0
208000064,834,494,340
208000066,373,377,-4
208000070,47,42,5
208000071,133,66,67
208000072,136,86,50
208000080,94,129,-35
208000081,76,26,50
208000082,0,0,0
208000083,0,0,0
208000084,1,3,-2
208000085,0,0,0
208000086,0,0,0
208000087,0,0,0
208000089,0,0,0
208000090,0,0,0
208000093,0,0,0
208000094,0,0,0
208000095,1,0,1
208000104,523,132,391
208000105,494,159,335
208000114,134,167,-33
208000115,269,128,141
208000116,223,242,-19
208000117,0,17,-17
208000118,62,23,39
208000155,0,0,0
208000158,0,0,0
208000186,566,446,120
208000204,0,0,0
208000205,0,0,0
208000282,0,0,0
209000004,2,35,-33
209000005,3,2,1
209000006,190,33,157
209000007,0,0,0
209000010,0,0,0
209000011,0,0,0
209000012,0,0,0
209000013,0,0,0
209000014,0,0,0
209000025,114,20,94
209000026,190,7,183
209000027,0,0,0
209000028,0,0,0
209000029,0,0,0
209000030,0,0,0
209000031,0,0,0
209000034,0,0,0
209000035,0,0,0
209000036,0,0,0
209000037,1,1,0
209000038,0,0,0
209000039,0,0,0
209000040,0,0,0
209000041,0,0,0
209000042,0,0,0
209000043,0,0,0
209000044,0,0,0
209000045,213,10,203
209000046,118,10,108
209000047,306,9,297
209000048,340,62,278
209000049,0,0,0
209000050,0,0,0
209000051,0,0,0
209000052,0,0,0
209000062,0,0,0
209000063,0,0,0
209000064,0,0,0
209000065,8,1,7
209000066,9,2,7
209000067,48,1,47
209000080,0,0,0
209000082,2,0,2
209000091,0,0,0
209000093,0,0,0
209000094,0,0,0
209000110,21,25,-4
209000111,124,62,62
209000112,122,63,59
209000113,148,47,101
209000114,65,4,61
209000115,0,0,0
209000116,0,0,0
209000118,1,5,-4
209000119,0,0,0
209000121,0,0,0
209000135,6,24,-18
209000142,158,9,149
209000143,0,0,0
209000144,0,0,0
209000229,87,0,87
209000240,0,0,0
209000259,0,0,0
209000260,0,0,0
209000261,0,0,0
209000262,0,0,0
209000263,0,0,0
209000264,0,0,0
209000265,58,1,57
209000266,14,1,13
209000267,255,2,253
209000268,658,5,653
210000037,43,1,42
210000047,65,0,65
210000048,32,1,31
210000049,8,0,8
210000052,0,0,0
210000053,0,0,0
210000054,0,0,0
210000070,33,1,32
210000071,80,1,79
210000072,3,0,3
210000073,0,0,0
210000074,0,0,0
210000075,0,0,0
210000076,0,0,0
210000077,0,0,0
210000078,0,0,0
210000079,18,2,16
210000080,93,20,73
210000081,37,9,28
210000082,4,1,3
210000083,30,0,30
210000084,42,0,42
210000085,0,0,0
210000086,0,0,0
210000099,0,0,0
210000100,0,0,0
210000101,0,0,0
210000105,0,0,0
210000159,0,0,0
210000163,0,0,0
210000164,81,17,64
210000168,7,0,7
210000187,0,0,0
210000188,0,0,0
210000214,15,0,15
210000219,29,11,18
210000220,21,1,20
210000232,0,0,0
210000233,0,0,0
210000234,0,0,0
210000235,0,0,0
210000245,0,0,0
210000246,16,0,16
210000258,0,0,0
210000259,101,22,79
210000282,0,0,0
210000285,0,0,0
210000286,0,0,0
210000295,0,0,0
210000296,0,0,0
210000320,76,0,76
210000321,45,0,45
210000338,0,0,0
210000339,0,0,0
210000340,0,0,0
210000341,0,0,0
210000342,0,0,0
210000343,0,0,0
210000344,0,0,0
210000345,0,0,0
210000346,0,0,0
210000347,0,0,0
210000348,0,0,0
210000349,0,0,0
210000350,0,0,0
210000351,0,0,0
210000352,8,2,6
210000353,9,6,3
210000354,16,18,-2
210000355,0,9,-9
210000356,0,8,-8
210000357,6,17,-11
210000358,10,7,3
210000359,22,9,13
210000360,116,28,88
210000361,139,59,80
210000362,64,67,-3
210000363,288,85,203
210000364,101,28,73
210000365,94,10,84
210000366,105,8,97
210000367,87,2,85
210000368,57,2,55
210000369,3,16,-13
210000370,5,2,3
210000372,1,5,-4
210000373,2,5,-3
210000374,90,6,84
210000375,3,3,0
210000376,30,23,7
210000404,0,0,0
210000439,22,0,22
210000472,22,0,22
210000482,45,31,14
210000564,234,45,189
210000568,38,0,38
211000092,0,0,0
211000094,0,0,0
211000169,0,0,0
211000172,0,0,0
211000209,0,0,0
211000275,0,0,0
211000276,0,0,0
211000279,0,0,0
211000281,0,0,0
211507980,0,0,0
211977296,0,0,0
212000003,97,20,77
212000004,0,0,0
212000005,0,0,0
212000006,0,0,0
212000008,0,0,0
212000009,0,0,0
212000012,0,0,0
212000013,0,0,0
212000014,0,0,0
212000015,0,0,0
212000016,0,0,0
212000027,449,55,394
212000028,218,170,48
212000029,200,187,13
212000030,7,9,-2
212000031,12,4,8
212000048,0,0,0
212000049,0,0,0
212000050,0,0,0
212000051,0,0,0
212000052,0,0,0
212000053,0,0,0
212000054,184,7,177
212000055,118,46,72
212000056,23,31,-8
212000057,1,24,-23
212000058,21,5,16
212000070,0,0,0
212000077,0,0,0
212000099,101,17,84
212000108,97,20,77
212000111,66,2,64
212000120,0,0,0
212000138,0,0,0
212000156,0,0,0
212000158,0,48,-48
212000159,309,28,281
212000160,193,18,175
212000161,2,1,1
212000310,0,0,0
212000311,2,31,-29
212000374,0,0,0
213000001,0,0,0
213000005,187,21,166
213000006,157,47,110
213000007,11,0,11
213000009,235,67,168
213000010,285,19,266
213000011,144,10,134
213000012,0,0,0
213000014,17,70,-53
213000015,245,1,244
213000016,105,0,105
213000017,13,0,13
213000018,0,0,0
213000019,0,0,0
213000020,0,0,0
213000021,0,0,0
213000023,877,34,843
213000033,0,0,0
213000034,352,22,330
213000035,222,21,201
213000045,0,0,0
213000046,0,0,0
213000047,0,0,0
213000056,255,5,250
213000069,2,0,2
213000073,0,0,0
213000074,0,0,0
213000075,348,1,347
213000085,0,0,0
213000086,0,0,0
213000091,333,1,332
213000092,13,0,13
213000099,0,0,0
213000100,466,81,385
213000101,343,11,332
213000102,397,2,395
213000103,307,3,304
213000104,0,0,0
213000105,0,0,0
213000106,0,0,0
213000107,0,0,0
213000108,0,0,0
213000109,0,0,0
213000110,0,0,0
213000111,0,0,0
213000112,0,0,0
213000115,28,0,28
213000116,0,0,0
213000117,0,0,0
213000118,111,166,-55
213000119,0,0,0
213000120,0,0,0
213000122,0,0,0
213000123,0,0,0
213000124,0,0,0
213000125,118,156,-38
213000126,0,0,0
213000127,0,0,0
213000128,0,0,0
213000129,302,100,202
213000130,396,78,318
213000132,233,35,198
213000133,474,97,377
213000134,400,4,396
213000136,226,4,222
213000137,457,16,441
213000139,111,1,110
213000147,5,0,5
213000148,0,0,0
213000149,1,0,1
213000150,0,0,0
213000151,0,0,0
213000152,0,0,0
213000153,0,0,0
213000154,0,0,0
213000155,0,0,0
213000156,0,0,0
213000157,0,0,0
213000158,0,0,0
213000159,560,40,520
213000163,220,116,104
213000165,478,129,349
213000171,0,0,0
213000172,0,0,0
213000173,0,0,0
213000174,0,0,0
213000175,0,0,0
213000176,475,69,406
213000177,210,9,201
213000178,307,21,286
213000179,93,0,93
213000180,237,1,236
213000184,0,0,0
213000188,163,7,156
213000189,173,10,163
213000190,230,5,225
213000191,163,0,163
213000192,89,0,89
213000193,0,0,0
213000194,0,0,0
213000195,0,0,0
213000196,0,0,0
213000197,466,65,401
213000198,0,0,0
213000200,0,0,0
213000201,0,0,0
213000202,0,0,0
213000203,778,126,652
213000204,570,29,541
213000205,338,18,320
213000206,516,9,507
213000207,5,2,3
213000208,0,0,0
213000209,10,0,10
213000210,41,0,41
213000211,0,0,0
213000212,0,0,0
213000213,0,0,0
213000218,47,175,-128
213000219,261,15,246
213000220,226,21,205
213000223,11,39,-28
213000224,2,12,-10
213000225,37,8,29
213000226,40,0,40
213000227,532,16,516
213000228,269,3,266
213000229,10,0,10
213000230,117,1,116
213000232,0,0,0
213000233,0,0,0
213000234,0,0,0
213000293,0,0,0
213000294,23,0,23
213000295,0,0,0
213000296,10,2,8
213000297,0,0,0
213000298,0,0,0
213000299,10,2,8
213000300,0,1,-1
213000303,0,0,0
213000304,0,0,0
213000305,0,4,-4
213000306,0,0,0
213000307,5,7,-2
213000308,0,0,0
213000309,90,2,88
213000310,89,14,75
213000311,0,0,0
213000315,0,0,0
213000316,62,1,61
213000322,0,0,0
213000323,0,0,0
213000324,0,0,0
213000325,0,0,0
213000326,0,0,0
213000327,0,0,0
213000328,0,0,0
213000329,0,0,0
213000340,0,0,0
213000341,233,24,209
213000347,98,17,81
213000348,0,0,0
213000349,0,0,0
213000350,0,0,0
213000366,0,0,0
213000367,111,0,111
213000379,0,0,0
213000386,0,0,0
213000406,0,0,0
213000417,409,128,281
213000425,0,0,0
213000426,0,0,0
213000427,0,0,0
213000428,0,0,0
213000429,0,0,0
213000430,0,0,0
213000431,0,0,0
213000432,0,0,0
213000433,0,0,0
213000434,0,0,0
213000435,0,0,0
213000436,0,0,0
213000437,0,0,0
213000438,0,0,0
213000439,0,0,0
213000440,0,0,0
213000441,0,0,0
213000442,0,0,0
213000443,0,0,0
213000444,0,0,0
213000445,0,0,0
213000446,0,0,0
213000447,0,0,0
213000448,0,0,0
213000449,0,0,0
213000450,0,0,0
213000451,0,0,0
213000452,0,0,0
213000453,0,0,0
213000455,69,3,66
213000456,0,0,0
213000481,0,0,0
213000484,4,0,4
213000489,24,0,24
213900002,0,0,0
213900003,57,1,56
213900013,0,0,0
213900015,0,0,0
213900016,97,0,97
213900020,0,0,0
213900030,0,0,0
213900032,23,1,22
213900033,25,6,19
213900034,204,7,197
213900035,0,0,0
213900036,0,0,0
213900037,0,0,0
213900038,677,117,560
213900039,0,0,0
213900041,0,0,0
213900042,4,30,-26
213900043,165,14,151
213900244,89,1,88
213900245,0,0,0
218000003,0,0,0
218000004,0,0,0
218000005,4,7,-3
218000006,0,0,0
218000007,0,0,0
218000012,0,5,-5
218000013,5,82,-77
218000014,37,103,-66
218000019,0,0,0
218000020,0,0,0
218000021,0,0,0
218000022,0,0,0
218000023,0,0,0
218000024,0,0,0
218000025,0,0,0
218000026,0,0,0
218000027,0,0,0
218000028,0,0,0
218000029,0,0,0
218000030,0,0,0
218000031,0,0,0
218000032,0,0,0
218000040,3,0,3
218000046,0,0,0
218000047,0,0,0
218000048,0,0,0
218000049,0,0,0
218000050,0,0,0
218000051,0,0,0
218000052,0,0,0
218000053,0,0,0
218000054,0,0,0
218000055,0,0,0
218000056,0,0,0
218000057,0,0,0
218000064,1,0,1
218000065,81,3,78
218000066,31,7,24
218000067,0,0,0
218000068,0,0,0
218000069,0,0,0
218000070,0,0,0
218000071,0,0,0
218000072,0,0,0
218000078,0,0,0
218000079,0,0,0
218000080,0,0,0
218000081,0,0,0
218000082,0,0,0
218000083,0,0,0
218000084,0,0,0
218000085,0,0,0
218000086,0,0,0
218000087,0,0,0
218000090,0,0,0
218000091,115,80,35
218000092,0,0,0
218000093,5,1,4
218000094,0,0,0
218000099,55,57,-2
218000100,34,20,14
218000101,3,9,-6
218000102,103,19,84
218000103,28,7,21
218000104,5,5,0
218000105,0,0,0
218000106,0,0,0
218000107,0,0,0
218000108,0,0,0
218000112,0,0,0
218000117,95,12,83
218000134,0,0,0
218000135,0,0,0
218000136,0,0,0
218000137,0,0,0
218000138,0,0,0
218000139,0,0,0
218000140,0,0,0
218000141,0,0,0
218000142,1,0,1
218000143,0,1,-1
218000144,0,0,0
218000145,2,1,1
218000146,0,0,0
218000151,0,2,-2
218000152,43,3,40
218000153,0,0,0
218000154,0,0,0
218000155,0,0,0
218000156,0,0,0
218000157,0,0,0
218000158,0,0,0
218000159,0,0,0
218000160,0,0,0
218000161,0,0,0
218000162,0,0,0
218000163,0,0,0
218000164,0,0,0
218000165,0,0,0
218000170,1,0,1
218000171,52,5,47
218000172,2,19,-17
218000173,18,3,15
218000174,14,0,14
218000176,187,6,181
218000177,388,42,346
218000178,163,41,122
218000179,447,24,423
218000180,41,5,36
218000181,206,22,184
218000187,0,0,0
218000188,0,0,0
218000189,0,0,0
218000190,0,0,0
218000191,0,0,0
218000192,0,0,0
218000193,0,0,0
218000194,0,0,0
218000195,0,0,0
218000196,0,0,0
218000197,0,1,-1
218000198,0,2,-2
218000199,0,0,0
218000200,0,1,-1
218000201,2,0,2
218000202,0,0,0
218000207,0,0,0
218000208,0,0,0
218000211,0,0,0
218000212,0,0,0
218000213,0,0,0
218000214,0,0,0
218000215,0,0,0
218000217,0,0,0
218000218,0,0,0
218000219,0,0,0
218000220,10,0,10
218000221,208,100,108
218000222,1,37,-36
218000223,91,212,-121
218000224,29,107,-78
218000225,194,28,166
218000226,140,19,121
218000230,0,0,0
218000232,0,0,0
218000239,23,1,22
218000240,0,0,0
218000241,0,0,0
218000242,0,0,0
218000243,2,0,2
218000244,0,0,0
218000245,1,0,1
218000246,0,0,0
218000247,0,0,0
218000248,0,0,0
218000249,0,0,0
218000250,0,0,0
218000251,0,0,0
218000252,0,0,0
218000253,0,0,0
218000254,0,0,0
218000255,0,0,0
218000256,0,0,0
218000267,0,0,0
218000268,0,0,0
218000269,0,0,0
218000270,0,0,0
218000271,0,0,0
218000273,32,12,20
218000274,14,7,7
218000275,0,0,0
218000276,0,0,0
218000278,0,0,0
218000279,0,0,0
218000280,0,0,0
218000281,0,0,0
218000282,31,4,27
218000284,113,58,55
218000301,0,0,0
218000302,0,0,0
218000303,0,0,0
218000316,18,45,-27
218000317,64,11,53
218000318,22,4,18
218000319,0,0,0
218000320,0,0,0
218000338,0,0,0
218000345,0,0,0
218000346,15,43,-28
218000459,0,0,0
218000490,0,0,0
218000501,7,3,4
218000502,0,0,0
218000503,19,3,16
218000504,51,4,47
218000505,0,0,0
218000506,0,0,0
218000508,0,0,0
218000510,77,2,75
218000520,0,0,0
218000521,0,0,0
218000522,0,0,0
218000523,47,0,47
218000524,0,0,0
218000525,4,2,2
218000526,0,0,0
218000529,0,0,0
218000530,0,0,0
218000531,79,0,79
218000532,0,0,0
218000534,5,2,3
218000537,2,14,-12
218000538,0,0,0
218000540,0,0,0
218000543,0,0,0
218000544,0,0,0
218000545,0,0,0
218000546,0,0,0
218000547,0,0,0
218000548,0,0,0
218000549,164,2,162
218000550,0,0,0
218000551,0,0,0
218000552,93,0,93
218000553,0,0,0
218000554,0,0,0
218000555,0,0,0
218000556,0,0,0
218000557,15,10,5
218000558,28,6,22
218000559,0,0,0
218000560,0,0,0
218000561,0,0,0
218000562,0,0,0
218000563,132,11,121
218000564,0,0,0
218000565,7,3,4
218000566,30,0,30
218000567,0,0,0
218000568,1,0,1
218000569,0,0,0
218000570,0,1,-1
218000571,0,0,0
218000572,3,0,3
218000573,0,0,0
218000574,1,4,-3
218000575,22,0,22
218000576,0,0,0
218000577,29,0,29
218000578,0,0,0
218000579,0,0,0
218000581,0,0,0
218000582,0,0,0
218000583,0,0,0
218000584,0,0,0
218000585,0,0,0
218000586,0,0,0
218000587,0,0,0
218000588,0,0,0
218000589,0,0,0
218000590,0,0,0
218000591,0,0,0
218000592,0,0,0
218000593,0,0,0
218000594,0,0,0
218000595,0,0,0
218000596,0,0,0
218000597,0,0,0
218000598,0,0,0
218000599,0,0,0
218000600,0,0,0
218000601,0,0,0
218000602,0,0,0
218000603,0,0,0
218000604,0,0,0
218000605,0,0,0
218000606,0,0,0
218000607,0,0,0
218000608,0,0,0
218000609,0,0,0
218000610,0,0,0
218000611,0,0,0
218000612,0,0,0
218000613,0,0,0
218000614,0,0,0
218000615,0,0,0
218000616,0,0,0
218000617,0,0,0
218000618,0,0,0
218000619,3,0,3
218000620,0,0,0
218000621,0,0,0
218000622,0,0,0
218000623,1,0,1
218000624,0,0,0
218000625,0,0,0
218000626,0,0,0
218000628,15,22,-7
218000631,8,1,7
218000632,0,0,0
218000633,4,0,4
218000634,0,0,0
218000635,0,0,0
218000636,0,0,0
218000637,11,3,8
218000638,287,51,236
218000639,0,0,0
218000640,129,2,127
218000641,0,0,0
218000652,0,0,0
218000653,250,44,206
218000663,0,0,0
218000675,1,1,0
218000676,0,0,0
218000677,0,0,0
218000680,0,0,0
218000681,35,8,27
218000691,0,0,0
218000693,74,15,59
218000703,0,0,0
218000718,0,0,0
218000719,37,21,16
218000720,0,0,0
218000721,1,4,-3
218000725,0,0,0
218001214,0,0,0
218001329,20,12,8
218001330,0,0,0
218001359,0,0,0
218001360,0,0,0
218001361,0,0,0
218001362,0,0,0
219000001,0,0,0
219000002,0,0,0
219000003,53,2,51
219000004,4,34,-30
219000017,0,0,0
219000020,61,0,61
219000022,87,0,87
219000023,30,0,30
219000029,0,0,0
219000034,1,1,0
219000039,0,0,0
219000040,0,0,0
219000041,0,0,0
219000051,0,0,0
219000052,0,0,0
219000053,0,0,0
219000054,0,0,0
219000055,0,0,0
219000056,0,0,0
219000057,0,0,0
219000062,0,0,0
219000063,0,0,0
219000064,0,0,0
219000110,61,15,46
219000111,80,5,75
219000112,41,2,39
219000113,59,4,55
219000114,98,0,98
219000116,0,0,0
219000117,4,2,2
219000118,8,2,6
219000123,76,0,76
219000124,8,0,8
219000125,0,0,0
219000126,0,0,0
219000127,0,0,0
219000128,0,0,0
219000129,0,0,0
219000130,0,0,0
219000131,196,174,22
219000133,0,1,-1
219000134,1,1,0
219000135,5,0,5
219000136,30,45,-15
219000138,4,0,4
219000139,0,0,0
219000140,1,0,1
219000141,0,0,0
219000142,0,0,0
219000143,0,0,0
219000145,25,0,25
219000146,0,0,0
219000147,0,0,0
219000148,0,0,0
219000149,0,0,0
219000150,0,0,0
219000151,0,0,0
219000157,37,14,23
219000158,20,4,16
219000161,0,0,0
219000163,14,9,5
219000166,6,22,-16
219000167,0,0,0
219000168,24,29,-5
219000174,46,14,32
219000175,0,0,0
219000176,0,0,0
219000177,0,0,0
219000178,0,0,0
219000179,0,0,0
219000180,0,0,0
219000182,44,2,42
219000183,54,1,53
219000184,1,0,1
219000185,0,0,0
219000186,11,9,2
219000187,15,1,14
219000189,0,0,0
219000190,0,0,0
219000191,0,0,0
219000192,55,18,37
219000193,0,0,0
219000195,0,0,0
219000196,0,0,0
219000198,0,0,0
219000199,0,0,0
219000200,0,0,0
219000201,0,0,0
219000203,0,0,0
219000204,0,0,0
219000205,0,0,0
219000207,0,0,0
219000209,0,0,0
219000210,0,0,0
219000213,0,0,0
219000239,0,0,0
219000240,0,0,0
219000241,0,0,0
219000242,0,0,0
219000243,0,0,0
219000244,0,0,0
219000245,0,0,0
219000246,4,2,2
219000247,107,9,98
219000248,133,95,38
219000249,31,13,18
219000250,12,12,0
219000251,106,90,16
219000252,58,56,2
219000253,43,10,33
219000255,8,13,-5
219000256,29,3,26
219000257,87,0,87
219000262,0,0,0
219000263,0,0,0
219000267,0,0,0
219000268,0,0,0
219000269,0,0,0
219000270,0,0,0
219000271,0,0,0
219000278,0,0,0
219000279,0,0,0
219000283,0,0,0
219000295,0,0,0
219000296,0,0,0
219000297,0,0,0
219000298,0,0,0
219000299,88,6,82
219000300,0,0,0
219000301,0,0,0
219000302,0,0,0
219000307,0,0,0
219000308,0,0,0
219000311,78,8,70
219000312,36,5,31
219000313,65,0,65
219000314,0,0,0
219000315,179,3,176
219000316,117,3,114
219000317,30,1,29
219000320,0,0,0
219000321,0,0,0
219000323,0,0,0
219000325,0,0,0
219000326,0,0,0
219000327,0,0,0
219000328,0,0,0
219000329,0,0,0
219000330,0,0,0
219000331,0,0,0
219000332,17,0,17
219000333,0,0,0
219000335,0,0,0
219000337,0,0,0
219000338,10,0,10
219000344,0,0,0
219000345,0,0,0
219000346,0,0,0
219000348,0,0,0
219000349,0,0,0
219000350,0,0,0
219000351,0,0,0
219000352,24,34,-10
219000353,3,28,-25
219000354,26,2,24
219000355,23,11,12
219000356,46,69,-23
219000363,111,4,107
219000364,107,1,106
219000365,27,0,27
219000366,83,1,82
219000368,38,32,6
219000370,56,59,-3
219000371,0,0,0
219000382,0,0,0
219000383,0,0,0
219000385,0,0,0
219000386,0,0,0
219000387,0,0,0
219000390,0,0,0
219000391,0,0,0
219000397,0,0,0
219000398,0,0,0
219000401,0,0,0
219000402,0,0,0
219000403,0,0,0
219000404,0,0,0
219000407,0,0,0
219000409,5,24,-19
219000410,98,2,96
219000411,23,1,22
219000446,0,0,0
219000447,0,0,0
219000448,39,0,39
219000452,0,0,0
219000453,0,0,0
219000454,16,24,-8
219000556,20,20,0
219000558,0,0,0
219000590,0,0,0
219000591,17,7,10
219000592,0,0,0
219000595,0,0,0
219000635,66,4,62
219000636,0,0,0
219000657,0,0,0
219000658,0,0,0
219000673,0,0,0
219000676,0,0,0
219000679,1,0,1
219000684,0,0,0
219000685,0,0,0
219000686,0,0,0
219000688,0,0,0
219000689,0,0,0
219000690,231,5,226
219000691,0,0,0
219000692,44,0,44
219000693,0,0,0
219000694,0,0,0
219000695,0,0,0
219000698,22,0,22
219000699,0,0,0
219000727,0,0,0
219000728,0,0,0
219000770,4,0,4
219000771,0,0,0
219001150,0,0,0
219001151,0,0,0
219001166,1,0,1
219001167,0,0,0
220000001,0,10,-10
220000002,0,0,0
220000003,0,0,0
220000004,0,0,0
220000005,0,0,0
220000006,0,0,0
220000007,0,0,0
220000008,0,0,0
220000009,0,0,0
220000010,0,0,0
220000011,2,4,-2
220000012,1,0,1
220000014,0,0,0
220000015,0,0,0
220000017,0,0,0
220000018,0,0,0
220000019,0,1,-1
220000020,3,3,0
220000021,0,1,-1
220000022,0,0,0
220000023,0,1,-1
220000024,15,0,15
220000025,1,6,-5
220000026,13,45,-32
220000027,0,1,-1
220000028,0,8,-8
220000029,0,0,0
220000030,0,0,0
220000031,37,28,9
220000064,0,0,0
221000046,17,0,17
221000047,0,0,0
221000048,0,0,0
221000049,0,0,0
221000050,34,0,34
221000055,32,0,32
221000057,92,28,64
221000068,375,25,350
221000069,226,10,216
221000070,157,24,133
221000071,92,1,91
221000072,191,1,190
221000073,79,5,74
221000074,0,0,0
221000075,0,0,0
221000076,0,0,0
221000077,0,0,0
221000081,11,0,11
221000082,25,0,25
221000083,20,0,20
221000084,55,0,55
221000085,1,0,1
221000086,0,0,0
221000087,0,0,0
221000088,0,0,0
221000089,0,0,0
221000090,0,0,0
221000098,81,11,70
221000099,94,3,91
221000100,105,1,104
221000101,120,0,120
221000102,74,10,64
221000109,0,0,0
221000110,0,0,0
221000111,0,0,0
221000112,0,0,0
221000113,0,0,0
221000114,0,0,0
221000120,0,0,0
221000121,0,26,-26
221000122,0,4,-4
221000123,0,0,0
221000124,0,0,0
221000155,64,21,43
221000156,0,1,-1
221000175,0,0,0
221000176,0,0,0
221000182,16,0,16
221000241,816,81,735
221000242,0,0,0
221000243,348,32,316
221000244,0,0,0
221000245,166,23,143
221000246,0,0,0
221000247,239,51,188
221000248,0,0,0
221000267,0,0,0
221000325,0,0,0
221000331,0,0,0
221000338,0,19,-19
221000378,119,12,107
221000381,0,0,0
222000282,0,0,0
222000296,0,0,0
222000568,73,1,72
222000569,46,12,34
222000570,49,5,44
222000571,210,8,202
222000577,0,0,0
222000578,0,0,0
222000579,0,0,0
222000580,0,0,0
222000599,0,0,0
222000600,0,0,0
222000601,0,0,0
222000603,0,0,0
222000604,0,0,0
222000605,0,0,0
222000606,0,0,0
222000607,0,0,0
222000608,0,0,0
222000609,0,0,0
222000616,76,1,75
222000617,0,0,0
222000618,0,0,0
222000620,0,1,-1
222000621,21,3,18
222000623,252,0,252
222000624,213,1,212
222000625,226,0,226
222000636,4,1,3
222000686,0,0,0
222000687,3,0,3
222001066,221,0,221
222001067,18,1,17
222001068,65,0,65
222001069,24,0,24
222001082,0,0,0
222001083,0,0,0
222001084,0,0,0
222001085,0,0,0
222001111,0,0,0
222001112,103,18,85
222001313,1,0,1
222001314,0,0,0
222001464,1,1,0
222001465,0,0,0
222001484,23,2,21
222001485,0,0,0
222001494,115,5,110
222001495,0,0,0
222001496,112,9,103
222001497,0,0,0
222001502,0,0,0
222001503,49,5,44
222001504,0,0,0
222001505,210,0,210
222001506,0,0,0
222001507,106,1,105
222001510,214,17,197
222001511,0,0,0
222001514,273,15,258
222001515,0,0,0
222001518,79,1,78
222001519,0,0,0
222001527,17,0,17
222001528,0,0,0
222001529,146,4,142
222001530,0,0,0
222001533,0,0,0
222001534,394,25,369
222001535,37,14,23
222001536,0,0,0
222001537,50,1,49
222001538,0,0,0
222001563,294,14,280
222001564,0,0,0
222001568,24,1,23
222001576,0,0,0
222001579,0,0,0
222001583,0,0,0
222001584,45,1,44
222001596,0,0,0
222001597,172,29,143
222001626,0,0,0
222001650,1,14,-13
222001651,2,0,2
222001914,18,1,17
222001915,0,0,0
222900004,34,20,14
222900009,0,0,0
222900019,23,0,23
222900024,1,0,1
222900025,0,0,0
225000001,92,13,79
225000002,210,39,171
225000003,129,2,127
225000004,157,27,130
225000005,63,2,61
225000006,0,0,0
225000007,0,0,0
225000010,12,0,12
225000011,108,228,-120
225000012,101,94,7
225000013,71,29,42
225000014,43,13,30
225000015,0,0,0
225000021,173,17,156
225000027,0,0,0
225000032,170,32,138
225000042,0,0,0
225000049,0,0,0
225000050,16,0,16
225000053,0,0,0
225000058,128,9,119
225000067,0,0,0
225000068,0,0,0
225000069,0,0,0
225000070,0,0,0
225000071,0,0,0
225000075,0,0,0
225000076,0,0,0
225000078,4,3,1
225000085,20,26,-6
225000086,9,0,9
225000087,73,3,70
225000088,0,0,0
225000089,0,0,0
225000090,0,0,0
225000091,0,0,0
225000092,0,0,0
225000093,0,0,0
225000094,0,0,0
225000095,0,0,0
225000096,0,0,0
225000098,286,109,177
225000099,172,22,150
225000100,100,29,71
225000104,0,0,0
225000110,0,0,0
225000111,0,0,0
225000112,0,0,0
225000113,0,0,0
225000114,0,0,0
225000115,0,0,0
225000116,98,43,55
225000117,314,57,257
225000118,426,55,371
225000119,56,2,54
225000120,156,4,152
225000121,130,2,128
225000123,702,4,698
225000125,163,43,120
225000126,191,50,141
225000127,499,93,406
225000128,222,152,70
225000132,0,0,0
225000133,0,0,0
225000134,38,59,-21
225000135,20,2,18
225000136,36,0,36
225000137,22,0,22
225000138,241,0,241
225000143,0,0,0
225000144,0,0,0
225000145,80,35,45
225000146,0,0,0
225000147,0,0,0
225000148,0,0,0
225000149,0,0,0
225000151,0,0,0
225000155,0,0,0
225000156,0,0,0
225000157,0,0,0
225000158,0,0,0
225000171,0,0,0
225000180,6,0,6
225000181,0,0,0
225000182,13,1,12
225000185,0,0,0
225000187,0,0,0
225000191,49,0,49
225000194,0,0,0
225000208,0,0,0
225000209,49,9,40
225000210,0,0,0
225000217,0,0,0
225000218,20,1,19
225000223,0,0,0
225000224,0,0,0
225000225,0,0,0
225000226,212,13,199
225000227,0,0,0
225000228,4,4,0
225000229,0,0,0
225000230,0,0,0
225000231,0,0,0
225000232,41,0,41
225000241,113,0,113
225000242,0,0,0
225000249,23,7,16
225000250,0,0,0
225000251,0,0,0
225000254,0,0,0
225000256,0,0,0
225000257,0,0,0
226000042,0,0,0
226000043,0,0,0
226000044,0,0,0
226000045,0,0,0
226000046,97,27,70
226000047,71,11,60
226000048,81,5,76
226000049,69,49,20
226000070,0,0,0
226000071,0,0,0
226000072,0,0,0
226000073,0,0,0
226000074,0,0,0
226000084,0,0,0
226000085,0,0,0
226000086,0,0,0
226000087,0,0,0
226000088,0,0,0
226000090,0,45,-45
226000091,0,0,0
226000092,1,0,1
226000093,0,0,0
226000094,1,2,-1
226000095,1,9,-8
226000105,0,0,0
226000106,5,0,5
226000107,0,0,0
226000108,5,0,5
226000109,9,0,9
226000124,62,26,36
226000134,114,41,73
226000135,137,27,110
226000136,29,32,-3
226000137,0,0,0
226000138,0,0,0
226000139,0,0,0
226000156,45,0,45
226000157,93,0,93
226000163,0,0,0
226000202,0,0,0
226000231,175,0,175
226000232,1,0,1
227000033,134,3,131
227000036,194,3,191
227000037,81,4,77
227000038,74,1,73
227000084,0,0,0
227000085,0,0,0
227000088,13,0,13
227000089,3,0,3
227000090,1,0,1
227000091,0,0,0
227000092,12,0,12
227000093,1,0,1
227000094,0,0,0
227000130,0,0,0
227000131,0,0,0
227000132,0,0,0
227000133,0,0,0
227000134,0,0,0
227000152,0,0,0
227000153,0,0,0
227000154,0,0,0
227000155,0,0,0
227000156,0,0,0
227000165,0,0,0
227000196,85,3,82
227000199,156,2,154
227000230,0,0,0
227000232,65,2,63
227000242,0,0,0
227000243,108,4,104
227000245,0,0,0
227000246,0,0,0
227000247,139,1,138
227000248,5,4,1
227000249,0,0,0
227000250,8,66,-58
227000251,0,0,0
227000252,0,0,0
227000253,68,1,67
227000262,201,6,195
227000266,211,4,207
227000267,0,0,0
227000282,0,0,0
227000284,220,4,216
227000286,0,0,0
227000291,0,0,0
227000296,28,0,28
227000484,143,0,143
227000485,0,0,0
227000655,52,0,52
227000656,109,12,97
227000657,4,4,0
227000704,18,1,17
229000265,1,0,1
229000266,0,0,0
229000267,23,0,23
229000268,1,0,1
229000269,2,0,2
229000274,0,0,0
229000275,0,0,0
229000276,0,0,0
229000277,0,0,0
229000278,0,0,0
229000295,0,0,0
229000296,0,0,0
229000297,0,0,0
229000298,0,0,0
229000320,0,1,-1
229000321,1,0,1
229000412,0,0,0
229000414,0,0,0
229000415,0,0,0
229000416,0,0,0
229000417,0,0,0
229000419,0,0,0
229000440,56,6,50
229000442,8,1,7
229000443,0,0,0
229000444,0,0,0
229000445,12,0,12
229000446,23,3,20
229000491,0,0,0
229000492,0,0,0
229000493,0,0,0
229000494,0,0,0
229000495,0,0,0
229000496,0,0,0
229000507,0,0,0
229000508,0,0,0
229000509,0,0,0
229000510,0,0,0
229000511,0,0,0
229000512,0,0,0
229000513,0,0,0
229000514,0,0,0
229000517,0,0,0
229000518,0,0,0
229000519,0,0,0
229000520,0,0,0
229000521,0,0,0
229000522,0,0,0
229000523,0,0,0
229000524,0,0,0
229000527,0,0,0
229000528,0,0,0
229000529,0,0,0
229000530,0,0,0
229000531,0,0,0
229000532,0,0,0
229000533,10,1,9
229000534,2,1,1
229000564,76,5,71
229000565,40,2,38
229000566,0,0,0
229000567,0,0,0
229000582,56,12,44
229000583,1,22,-21
229000584,0,0,0
229000585,0,0,0
229000718,0,0,0
229000719,0,0,0
229000720,0,0,0
229000721,0,0,0
229000722,0,0,0
229000723,0,0,0
229000724,0,0,0
229000725,0,0,0
229000738,0,0,0
229000739,0,0,0
229000740,0,0,0
229000741,37,0,37
229000742,35,0,35
229000743,21,0,21
229000744,0,0,0
229000745,1,0,1
229000746,23,0,23
229000847,0,0,0
229000848,0,0,0
229000849,0,0,0
229000851,0,0,0
229000854,0,0,0
229000856,0,0,0
229000857,0,0,0
229000858,0,0,0
229000919,0,0,0
229000930,0,0,0
229000937,65,1,64
229000966,10,4,6
229000981,0,0,0
229000985,0,0,0
229000986,0,0,0
229000987,0,0,0
229000988,0,0,0
229000989,0,1,-1
229000990,0,0,0
229000991,0,0,0
229000992,22,0,22
229000993,32,12,20
229000998,0,0,0
229000999,11,15,-4
229001034,0,0,0
229001035,0,0,0
229001036,0,0,0
229001037,16,0,16
229001038,0,0,0
229001039,0,0,0
229001040,0,0,0
229001041,64,0,64
229001042,0,3,-3
229001047,0,0,0
229001050,19,3,16
229001168,0,0,0
229001200,0,0,0
229001338,0,0,0
229001394,141,0,141
229001422,55,6,49
229001423,0,0,0
229001431,41,8,33
229001432,0,0,0
229001444,43,3,40
229001445,0,0,0
229001479,0,0,0
229001503,87,14,73
229001504,0,0,0
229001505,77,0,77
229001506,0,0,0
229001509,9,10,-1
229001510,0,0,0
229001545,58,0,58
229001546,0,0,0
229001553,38,0,38
229001554,0,0,0
229001630,28,2,26
229001631,0,0,0
229001635,0,0,0
229001636,0,0,0
229001658,0,0,0
229001659,60,0,60
229001660,0,0,0
229001661,0,0,0
229001662,17,0,17
229001663,0,0,0
229002584,35,13,22
229002831,0,0,0
229002841,0,0,0
229002842,1,0,1
229002843,1,4,-3
229002844,0,0,0
229002845,0,0,0
229002846,0,0,0
229002847,0,0,0
229002848,0,0,0
229002849,0,0,0
229002850,23,0,23
229002851,0,0,0
229002852,18,2,16
229002853,10,0,10
229002854,0,0,0
229002855,0,0,0
229002856,0,1,-1
229002857,0,0,0
229002858,1,0,1
229002859,0,0,0
229002860,1,0,1
229002861,3,0,3
229002862,0,0,0
229002863,0,0,0
229002864,3,3,0
229002865,0,0,0
229002866,4,1,3
229002867,0,0,0
229002868,0,1,-1
229002869,0,0,0
229002870,13,1,12
235000066,239,3,236
235000067,181,9,172
235000072,0,0,0
235000073,0,0,0
235000074,0,0,0
235000080,0,0,0
235000081,0,0,0
235000082,144,3,141
235000083,111,4,107
235000084,17,3,14
235000085,311,13,298
235000089,19,1,18
235000092,0,0,0
235000093,0,0,0
235000097,1,0,1
235000098,79,0,79
235000099,4,1,3
235000116,3,2,1
235000117,65,5,60
235000133,0,0,0
235000134,0,0,0
235000206,1,1,0
235000207,0,3,-3
235000208,0,0,0
235000209,0,2,-2
235000210,5,1,4
235000212,0,0,0
235000213,0,0,0
235000220,0,0,0
235000221,0,0,0
235000238,4,139,-135
235000239,0,0,0
235000242,22,366,-344
235000245,0,0,0
235000246,0,0,0
235000284,0,0,0
235000295,7,2,5
235000305,143,28,115
235000306,83,0,83
235000307,31,0,31
235000308,1,0,1
235000309,1,0,1
235000310,1,0,1
235000311,13,0,13
235000322,0,0,0
235000323,0,0,0
235000324,0,0,0
235000325,0,0,0
235000326,0,0,0
235000351,0,0,0
235000352,0,0,0
235000353,0,0,0
235000354,0,0,0
235000355,0,0,0
235000356,3,0,3
235000357,9,1,8
235000358,1,4,-3
235000359,0,7,-7
235000360,3,1,2
235000361,5,0,5
235000381,0,0,0
235000382,41,2,39
235000390,0,0,0
235000391,154,2,152
235000392,182,34,148
235000393,109,10,99
235000395,108,6,102
235000396,360,7,353
235000400,60,6,54
235000401,0,0,0
235000405,0,0,0
235000406,0,0,0
235000407,0,0,0
235000409,0,0,0
235000410,0,0,0
235000411,0,0,0
235000485,0,0,0
235000486,49,0,49
235000549,55,6,49
235000550,0,0,0
235000599,0,0,0
235000600,0,0,0
235000601,14,0,14
235000602,21,2,19
235000614,0,0,0
235000648,0,0,0
235000649,62,0,62
235000685,0,0,0
235000815,0,0,0
235000834,0,0,0
235000855,70,17,53
235000862,0,0,0
235000891,0,0,0
235000892,5,0,5
235000901,0,0,0
235000907,0,0,0
235001010,39,9,30
235001029,0,0,0
235001030,333,15,318
235001078,57,9,48
235001079,0,0,0
235001147,2,3,-1
235001166,12,8,4
235001167,0,0,0
235001169,0,0,0
235001188,0,0,0
235001189,0,0,0
235001197,0,0,0
235001200,0,0,0
235001208,29,2,27
235001209,0,0,0
235001210,0,0,0
235001239,0,0,0
235001244,0,0,0
235016267,0,0,0
241900007,82,0,82
277101746,0,0,0
277102712,53,3,50
277103813,0,0,0
277103814,0,0,0
277103898,0,0,0
990011530,0,0,0
990014944,0,1,-1
990015176,10,0,10
990015618,0,0,0
990016032,0,0,0
990032570,0,0,0
990070001,46,1,45
990070103,0,0,0
990070601,0,0,0
990070751,0,0,0
990070766,0,0,0
990071180,472,2,470
990071343,19,0,19
990071387,0,0,0
990071823,85,2,83
990072600,0,0,0
990072964,0,0,0
990073285,0,0,0
990074393,0,0,0
990074870,467,3,464
990075106,172,0,172
990075746,190,6,184
990076437,1473,36,1437
990076458,0,0,0
997000007,157,0,157
997000041,0,0,0
997000058,69,2,67
997000062,82,1,81
997000069,0,0,0
997000070,0,0,0
997000100,0,0,0
997000141,0,0,0
997000198,0,0,0
998000475,0,0,0
998000736,0,0,0
998000965,0,0,0
998001031,0,0,0
998001700,0,0,0
998001899,0,0,0
998001900,19,185,-166
998003073,357,0,357
998101900,3,42,-39
998102850,0,0,0
998501927,261,2,259
998501929,511,2,509
998501930,63,0,63
998501931,227,42,185
998501932,0,1,-1
998501933,694,13,681
998501937,36,6,30
998501944,2,0,2
998501970,38,0,38
998501971,2,161,-159
998501972,214,1,213
998501973,0,0,0
998501974,0,0,0
998501975,109,36,73
998501976,50,0,50
998501977,1,2,-1
998501978,8,0,8
998501979,0,0,0
998501980,26,0,26
998501981,121,7,114
998501982,0,0,0
998502006,0,0,0
998502024,0,0,0
998502032,0,5,-5
998502062,5,1,4
998502063,0,0,0
998502173,4,0,4
998502269,0,0,0
998601159,0,0,0
998601292,0,0,0
999033574,0,0,0
999800001,47,0,47
999800002,0,0,0
999800003,8,0,8
999800004,0,0,0
999800005,0,0,0
