ID,insum,outsum,diff
100000001,853,1145,-292
100000002,4296,3067,1229
100000003,7160,5874,1286
100000004,1028,1450,-422
100000005,2963,5687,-2724
100000006,746,279,467
100000007,2299,916,1383
100000008,266,1014,-748
100000009,681,333,348
100000010,114,73,41
100000011,1212,161,1051
100000012,102,1225,-1123
100000013,327,302,25
100000014,317,366,-49
100000015,1716,2928,-1212
100000016,851,1662,-811
100000017,545,992,-447
100000018,1543,893,650
100000019,4795,2593,2202
100000020,2097,7479,-5382
100000021,6814,2940,3874
100000022,1501,3474,-1973
100000023,6065,1937,4128
100000025,811,1638,-827
100000028,1237,1283,-46
100000029,246,446,-200
100000030,137,77,60
100000031,3682,7478,-3796
100000032,2436,4905,-2469
100000033,1190,3402,-2212
100000034,307,950,-643
100000035,1940,2256,-316
100000036,2091,1921,170
100000037,705,407,298
100000038,2421,1273,1148
100000039,721,1073,-352
100000040,287,245,42
100000041,1563,715,848
100000042,1564,747,817
100000043,1075,660,415
100000044,383,1249,-866
100000045,493,1818,-1325
100000046,650,1057,-407
100000047,393,680,-287
100000048,716,679,37
100000049,1656,1526,130
100000051,502,784,-282
100000053,230,4,226
100000054,453,48,405
100000055,929,282,647
100000056,557,650,-93
100000057,2304,806,1498
100000058,1064,1166,-102
100000059,22,188,-166
100000060,451,370,81
100000061,2648,789,1859
100000062,2658,718,1940
100000063,1032,302,730
100000064,1921,332,1589
100000065,446,821,-375
100000066,204,595,-391
100000067,510,641,-131
100000068,515,1303,-788
100000069,336,1078,-742
100000072,235,811,-576
100000073,1194,1027,167
100000075,860,382,478
100000076,2385,3865,-1480
100000077,186,313,-127
100000078,37,41,-4
100000079,54,71,-17
100000080,28,37,-9
100000081,184,246,-62
100000102,2935,3295,-360
100000103,2791,2535,256
100000104,3975,3839,136
100000105,2312,2346,-34
100000106,2316,3161,-845
100000107,502,1516,-1014
100000108,640,1153,-513
100000109,1805,1508,297
100000116,1032,1185,-153
100000117,82,177,-95
100000118,1365,1871,-506
100000119,628,1006,-378
100000121,553,450,103
100000122,947,1501,-554
100000123,2153,4299,-2146
100000124,4141,6400,-2259
100000125,4102,1911,2191
100000126,703,597,106
100000127,1501,553,948
100000128,1595,2965,-1370
100000129,490,639,-149
100000130,607,455,152
100000131,2876,3081,-205
100000132,1232,3434,-2202
100000133,4051,2314,1737
100000135,732,1359,-627
100000139,367,426,-59
100000140,429,460,-31
100000142,650,517,133
100000143,2016,663,1353
100000144,3810,820,2990
100000147,1244,3807,-2563
100000150,41,438,-397
100000151,1213,1696,-483
100000153,251,486,-235
100000154,41,361,-320
100000155,37,51,-14
100000156,444,601,-157
100000157,392,168,224
100000158,357,127,230
100000159,276,590,-314
100000165,1255,962,293
100000169,168,1246,-1078
100000174,440,1110,-670
100000179,97,660,-563
100000180,4117,10076,-5959
100000181,737,608,129
100000188,93,580,-487
100000189,1470,701,769
100000190,648,1249,-601
100000191,819,771,48
100000192,64,102,-38
100000193,307,199,108
100000330,1136,969,167
100000355,254,1015,-761
100000362,3932,2432,1500
100000363,5573,5036,537
100000364,205,274,-69
100000365,6548,9049,-2501
100000366,4579,3059,1520
100000367,5709,8230,-2521
100000368,2702,1314,1388
100000369,1214,2918,-1704
100000370,298,1376,-1078
100000376,78,204,-126
100000379,2119,1956,163
100000380,4759,5456,-697
100000384,5448,6441,-993
100000385,2939,4931,-1992
100000386,5764,5887,-123
100000387,4325,6581,-2256
100000388,5421,7589,-2168
100000389,6418,7498,-1080
100000390,7403,7613,-210
100000391,5835,9671,-3836
100000392,2898,5378,-2480
100000393,2702,5707,-3005
100000394,6294,10740,-4446
100000395,5253,5656,-403
100000396,6114,4335,1779
100000397,4798,8361,-3563
100000398,11387,8123,3264
100900002,13,24,-11
100900003,417,268,149
100900004,43,1528,-1485
100900005,126,28,98
100900006,42,92,-50
100900007,389,15,374
100900008,5,360,-355
100900009,104,192,-88
100900010,114,86,28
100900011,137,163,-26
100900012,6,139,-133
100900013,1247,22,1225
100900014,7,28,-21
100900015,107,75,32
100900016,2,13,-11
100900017,1264,89,1175
100900018,0,18,-18
100900019,34,207,-173
100900020,383,3,380
100900021,567,3,564
100900022,10,28,-18
100900023,1,33,-32
100900024,693,7,686
100900025,18,14,4
100900026,113,93,20
100900027,754,3381,-2627
100900028,142,322,-180
100900029,50,4,46
100900030,11,110,-99
100900031,888,43,845
100900032,314,1,313
100900033,308,317,-9
100900034,818,1,817
100900035,571,0,571
100900036,17,1,16
100900037,142,135,7
100900038,132,72,60
100900039,228,415,-187
100900040,530,535,-5
100900041,1018,482,536
100900042,1417,1405,12
100900043,0,19,-19
100900044,1552,620,932
100900045,13,5,8
100900046,1542,21,1521
100900047,1030,238,792
100900048,180,97,83
100900049,72,117,-45
100900050,2,16,-14
100900051,68,224,-156
100900052,496,62,434
100900053,560,13,547
100900054,12,48,-36
100900055,319,855,-536
100900056,136,178,-42
100900057,1592,1223,369
100900058,686,50,636
100900059,151,19,132
100900060,229,3,226
100900061,439,180,259
100900062,7,33,-26
100900063,312,792,-480
100900064,880,19,861
100900065,111,149,-38
100900066,167,196,-29
100900067,33,14,19
100900068,232,70,162
100900069,595,25,570
100900070,527,3,524
100900071,601,172,429
100900072,0,40,-40
100900073,190,253,-63
100900074,7,6,1
100900075,1844,385,1459
100900076,19,21,-2
100900077,44,44,0
100900078,160,422,-262
100900079,20,9,11
100900080,65,249,-184
100900081,77,191,-114
100900082,175,398,-223
100900083,14,22,-8
100900085,14,317,-303
100900086,249,983,-734
100900088,107,444,-337
100900089,2,29,-27
100900090,124,803,-679
100900091,4,22,-18
100900092,227,346,-119
100900093,291,382,-91
100900094,140,382,-242
100900095,3,21,-18
100900096,101,145,-44
100900097,3,5,-2
100900098,10,13,-3
100900099,33,499,-466
100900100,27,741,-714
100900101,280,57,223
100900102,63,172,-109
100900103,16,8,8
100900104,4,205,-201
100900105,40,680,-640
100900106,30,21,9
100900107,2179,837,1342
100900108,13,60,-47
100900109,18,28,-10
100900110,5,23,-18
100900111,32,181,-149
100900112,3,20,-17
100900113,14,26,-12
100900114,18,11,7
100900115,22,17,5
100900116,1207,1098,109
100900117,359,1221,-862
100900118,13,32,-19
100900119,12,8,4
100900120,9,15,-6
100900121,525,754,-229
100900122,103,168,-65
100900123,141,119,22
100900124,1,7,-6
100900125,15,84,-69
100900126,197,141,56
100900127,3,5,-2
100900128,119,212,-93
100900129,0,240,-240
100900131,180,239,-59
100900133,79,43,36
100900134,0,4,-4
100900135,0,291,-291
100900137,420,208,212
100900138,392,475,-83
100900139,8,11,-3
100900140,4,381,-377
100900141,3,781,-778
100900142,6,12,-6
100900143,680,576,104
100900144,15,7,8
100900145,101,229,-128
100900146,12,71,-59
100900147,19,823,-804
100900148,25,442,-417
100900149,22,267,-245
100900150,17,41,-24
100900151,140,529,-389
100900152,1005,22,983
100900153,9,303,-294
100900154,9,88,-79
100900155,9,7,2
100900156,91,6,85
100900157,14,229,-215
100900159,3,28,-25
100900160,50,4,46
100900161,116,14,102
100900162,47,420,-373
100900163,187,174,13
100900164,62,37,25
100900165,33,15,18
100900166,161,3,158
100900167,27,60,-33
100900168,72,144,-72
100900169,106,1126,-1020
100900170,48,13,35
100900171,16,462,-446
100900172,0,42,-42
100900173,17,304,-287
100900174,425,46,379
100900176,1575,258,1317
100900177,618,389,229
100900178,304,157,147
100900179,397,426,-29
100900180,6,4,2
100900181,165,132,33
100900182,202,33,169
100900184,14,230,-216
100900186,604,453,151
100900187,9,81,-72
100900188,48,24,24
100900189,2027,307,1720
100900191,904,1315,-411
100900192,269,454,-185
100900195,119,228,-109
100900197,125,138,-13
100900198,51,220,-169
100900199,8,8,0
100900200,936,410,526
100900201,123,704,-581
100900202,84,1,83
100900203,1,314,-313
100900204,705,2292,-1587
100900205,207,656,-449
100900206,203,127,76
100900207,282,152,130
100900210,111,427,-316
100900211,855,218,637
100900213,263,77,186
100900214,596,166,430
100900215,37,48,-11
100900217,117,130,-13
101000001,3448,2616,832
101000002,7514,8161,-647
101000003,570,1613,-1043
101000004,8125,7117,1008
101000005,5083,5518,-435
101000006,7244,8327,-1083
101000007,4207,4869,-662
101000008,2404,2600,-196
101000009,2370,886,1484
101000010,851,858,-7
101000011,1503,572,931
101000012,957,812,145
101000013,888,1430,-542
101000014,522,577,-55
101000015,1533,803,730
101000016,428,592,-164
101000017,570,483,87
101000018,2175,2690,-515
101000020,2406,1224,1182
101000021,666,392,274
101000022,269,191,78
101000023,1385,760,625
101000025,405,556,-151
101000026,291,45,246
101000027,2280,3419,-1139
101000028,1050,282,768
101000029,236,2616,-2380
101000030,1917,173,1744
101000031,1098,1629,-531
101000032,6784,5797,987
101000033,2702,4665,-1963
101000034,1914,2373,-459
101000035,907,580,327
101000036,1307,1268,39
101000037,1849,2045,-196
101000039,2812,3511,-699
101000040,2922,5224,-2302
101000041,7631,10391,-2760
101000042,475,1794,-1319
101000043,6493,10851,-4358
101000045,1502,1293,209
101000046,3229,2597,632
101000047,2498,6431,-3933
101000048,845,678,167
101000049,874,3027,-2153
101000050,2391,3577,-1186
101000051,1687,3790,-2103
101000052,1689,1557,132
101000053,1308,1875,-567
101000054,2414,1534,880
101000055,1532,1686,-154
101000056,36,132,-96
101000057,1604,1496,108
101000058,1224,1592,-368
101000059,2064,2691,-627
101000060,1895,747,1148
101000061,756,1679,-923
101000062,665,848,-183
101000063,555,1181,-626
101000064,1021,1289,-268
101000065,404,587,-183
101000066,980,1053,-73
101000067,1085,1206,-121
101000068,235,628,-393
101000069,224,100,124
101000070,1148,1307,-159
101000071,2004,1204,800
101000072,871,4003,-3132
101000073,1078,1430,-352
101000074,5784,4935,849
101000075,4130,6593,-2463
101000077,1966,1578,388
101000078,1087,1653,-566
101000079,1817,547,1270
101000080,1981,815,1166
101000081,2002,1831,171
101000082,2926,2847,79
101000083,3100,2359,741
101000084,1388,831,557
101000085,1682,1315,367
101000086,1049,1247,-198
101000087,869,962,-93
101000088,1496,1310,186
101000089,1241,1662,-421
101000090,1921,1173,748
101000091,515,695,-180
101000092,1384,879,505
101000093,1683,763,920
101000094,1236,1060,176
101000095,556,549,7
101000096,428,422,6
101000097,551,529,22
101000098,583,624,-41
101000099,1105,1560,-455
101000100,1104,1402,-298
101000101,287,505,-218
101000102,887,648,239
101000103,712,681,31
101000104,406,813,-407
101000105,557,666,-109
101000106,1011,1306,-295
101000107,380,435,-55
101000108,673,255,418
101000109,477,105,372
101000110,53,363,-310
101000111,148,337,-189
101000113,273,860,-587
101000114,8329,11163,-2834
101000115,162,260,-98
101000116,177,216,-39
101000117,1661,412,1249
101000119,79,73,6
101000120,163,60,103
101000121,56,98,-42
101000122,124,151,-27
101000123,68,178,-110
101000124,1679,396,1283
101000125,214,438,-224
101000128,431,937,-506
101000130,246,345,-99
101000131,942,593,349
101000132,894,942,-48
101000135,43,44,-1
101000136,434,220,214
101000137,39,463,-424
101000141,1050,3924,-2874
101000147,1016,411,605
101000148,766,32,734
101000149,359,542,-183
101000150,88,482,-394
101000151,294,67,227
101000152,353,288,65
101000153,503,268,235
101000154,359,886,-527
101000155,363,168,195
101000156,24,393,-369
101000157,85,59,26
101000160,92,49,43
101000163,249,394,-145
101000164,361,311,50
101000165,371,397,-26
101000166,333,378,-45
101000168,896,433,463
101000252,2369,976,1393
101000254,233,196,37
101000258,115,15,100
101000261,223,60,163
101000262,1488,3040,-1552
101000263,635,1810,-1175
101000265,89,1097,-1008
101000266,427,521,-94
101000269,41,19,22
101000290,1161,3364,-2203
101000293,49,83,-34
101000294,898,499,399
101000295,170,416,-246
101000301,628,621,7
101000304,2257,2729,-472
101000305,2917,1278,1639
101000328,14,62,-48
101900001,44,46,-2
101900002,0,5,-5
101900003,85,113,-28
101900004,1,67,-66
101900005,2782,2912,-130
101900006,1501,92,1409
101900007,987,248,739
101900008,85,347,-262
101900009,45,393,-348
101900010,819,841,-22
101900011,237,1304,-1067
101900012,434,242,192
101900013,771,201,570
101900017,17,147,-130
101900018,1159,325,834
101900019,217,148,69
101900020,29,39,-10
101900021,4,52,-48
101900022,166,852,-686
101900023,172,168,4
101900026,148,42,106
101900027,31,97,-66
102000001,2951,5182,-2231
102000002,2651,1167,1484
102000003,3263,7785,-4522
102000004,5646,3184,2462
102000005,1417,2639,-1222
102000006,1026,1904,-878
102000007,1915,5724,-3809
102000008,4883,1737,3146
102000009,8280,9649,-1369
102000010,5446,3570,1876
102000011,3897,3621,276
102000012,3312,3120,192
102000018,2728,2836,-108
102000019,2987,1718,1269
102000026,203,620,-417
102000029,224,224,0
102000030,159,458,-299
102000031,70,126,-56
102000032,653,289,364
102000033,290,382,-92
102000034,524,420,104
102000035,1805,754,1051
102000036,17,311,-294
102000037,176,60,116
102000038,201,381,-180
102000039,210,77,133
102000040,365,276,89
102000041,204,394,-190
102000042,288,355,-67
102000043,240,262,-22
102000044,308,453,-145
102000045,752,736,16
102000046,1231,650,581
102000047,950,839,111
102000048,567,857,-290
102000049,1138,886,252
102000050,1049,1032,17
102000051,438,585,-147
102000052,1222,822,400
102000053,967,916,51
102000054,839,1328,-489
102000055,1686,507,1179
102000056,1193,891,302
102000057,1490,561,929
102000058,1284,1167,117
102000059,1633,1510,123
102000060,1355,983,372
102000061,2029,1844,185
102000062,1990,1237,753
102000063,1122,1441,-319
102000064,631,693,-62
102000065,85,207,-122
102000066,840,879,-39
102000067,2180,2879,-699
102000068,11059,2832,8227
102000069,104,2621,-2517
102000070,1476,73,1403
102000071,6750,8768,-2018
102000072,3100,3708,-608
102000073,2183,1384,799
102000074,1064,1645,-581
102000075,151,389,-238
102000076,239,420,-181
102000077,844,608,236
102000078,1045,609,436
102000079,187,207,-20
102000080,327,285,42
102000081,419,1113,-694
102000082,716,564,152
102000083,685,247,438
102000084,449,254,195
102000085,3157,937,2220
102000086,1433,1215,218
102000087,1023,1668,-645
102000088,454,361,93
102000089,1539,421,1118
102000090,609,1267,-658
102000091,1362,712,650
102000092,339,768,-429
102000093,591,701,-110
102000094,1043,693,350
102000095,1044,1385,-341
102000096,875,831,44
102000097,883,965,-82
102000098,679,827,-148
102000099,936,972,-36
102000100,516,1391,-875
102000101,807,889,-82
102000102,264,1468,-1204
102000103,1610,387,1223
102000104,582,310,272
102000105,279,431,-152
102000106,890,445,445
102000107,1597,402,1195
102000108,677,172,505
102000109,706,477,229
102000110,1285,827,458
102000111,18,285,-267
102000112,160,116,44
102000113,13,30,-17
102000114,643,303,340
102000115,287,356,-69
102000116,259,432,-173
102000117,169,411,-242
102000118,1115,1349,-234
102000119,1188,840,348
102000120,231,552,-321
102000121,1133,704,429
102000122,885,1071,-186
102000123,1507,1319,188
102000124,1592,1250,342
102000125,1041,1202,-161
102000126,870,737,133
102000127,1373,747,626
102000128,920,833,87
102000129,1701,803,898
102000130,910,734,176
102000131,2459,722,1737
102000132,1061,1166,-105
102000133,2552,1425,1127
102000134,1005,811,194
102000135,1156,1010,146
102000136,1445,653,792
102000137,845,1522,-677
102000138,332,616,-284
102000139,140,1152,-1012
102000140,355,1300,-945
102000141,450,2046,-1596
102000142,483,425,58
102000143,236,283,-47
102000144,340,323,17
102000145,385,400,-15
102000146,519,397,122
102000147,564,412,152
102000148,210,595,-385
102000149,222,303,-81
102000150,542,82,460
102000151,101,217,-116
102000152,227,133,94
102000153,1161,606,555
102000154,235,477,-242
102000155,99,358,-259
102000156,237,137,100
102000157,101,408,-307
102000158,538,552,-14
102000159,707,579,128
102000161,2886,2186,700
102000162,131,171,-40
102000163,134,643,-509
102000164,942,1255,-313
102000165,297,187,110
102000166,119,210,-91
102000167,294,220,74
102000168,359,172,187
102000169,200,614,-414
102000170,481,306,175
102000171,276,320,-44
102000172,340,521,-181
102000173,485,357,128
102000174,122,93,29
102000175,208,96,112
102000176,121,47,74
102000178,313,354,-41
102000179,520,246,274
102000180,1100,369,731
102000181,825,499,326
102000182,633,433,200
102000183,1890,1540,350
102000184,2041,694,1347
102000185,3107,1131,1976
102000186,1408,1363,45
102000187,1162,1159,3
102000188,1576,1426,150
102000189,2020,664,1356
102000190,611,2941,-2330
102000191,1666,453,1213
102000192,1262,1561,-299
102000193,72,116,-44
102000194,63,101,-38
102000195,441,406,35
102000196,247,267,-20
102000197,714,322,392
102000198,308,587,-279
102000199,1113,258,855
102000200,307,796,-489
102000201,1234,467,767
102000202,3,112,-109
102000203,432,148,284
102000204,577,534,43
102000205,1300,312,988
102000206,711,458,253
102000207,902,509,393
102000208,539,406,133
102000209,114,65,49
102000210,466,305,161
102000211,557,212,345
102000212,431,12,419
102000213,17,217,-200
102000214,336,6,330
102000215,28,256,-228
102000216,71,65,6
102000217,9,83,-74
102000218,285,204,81
102000219,291,190,101
102000225,570,622,-52
102000226,4258,1904,2354
102000227,181,7,174
102000228,2,69,-67
102000229,44,63,-19
102000230,307,338,-31
102000231,282,373,-91
102000232,39,135,-96
102000233,455,626,-171
102000234,109,1199,-1090
102000236,297,90,207
102000237,405,126,279
102000238,149,225,-76
102000240,483,673,-190
102000241,380,138,242
102000243,21,62,-41
102000245,14,183,-169
102000246,14,43,-29
102000247,563,724,-161
102000248,535,990,-455
102000249,162,140,22
102000250,172,299,-127
102000254,157,194,-37
102000266,41,733,-692
102000271,14,2,12
102000286,488,369,119
102000297,2205,953,1252
102000299,0,0,0
102000301,0,0,0
102000305,0,0,0
102000307,0,3,-3
102000308,0,1,-1
102900001,1466,675,791
102900002,458,40,418
102900003,73,158,-85
102900005,502,232,270
102900006,544,97,447
102900007,541,32,509
102900008,293,67,226
102900009,529,334,195
102900010,382,1040,-658
102900011,1514,414,1100
102900012,395,73,322
102900013,29,54,-25
102900015,649,492,157
102900016,121,80,41
102900017,246,370,-124
102900018,47,112,-65
102900019,483,478,5
102900020,176,29,147
102900021,35,93,-58
102900022,504,179,325
102900023,46,54,-8
102900024,25,52,-27
102900025,187,115,72
102900026,413,2200,-1787
102900027,105,54,51
102900028,209,870,-661
102900029,160,239,-79
102900030,570,348,222
102900031,321,154,167
102900032,96,87,9
102900033,106,174,-68
102900034,630,66,564
102900035,153,221,-68
102900036,331,326,5
102900037,398,329,69
102900038,555,322,233
102900039,9,576,-567
102900040,224,277,-53
102900041,138,211,-73
102900042,249,203,46
102900043,206,155,51
102900044,679,1631,-952
102900045,187,469,-282
102900046,143,205,-62
102900047,186,536,-350
102900048,585,409,176
102900049,150,366,-216
102900050,300,290,10
102900051,189,250,-61
102900052,51,92,-41
102900053,365,505,-140
102900054,588,1372,-784
102900055,127,248,-121
102900056,163,365,-202
102900057,4,54,-50
102900058,343,93,250
102900059,17,61,-44
102900060,145,449,-304
102900061,196,331,-135
102900062,335,729,-394
102900063,1298,410,888
102900064,137,395,-258
102900065,1034,447,587
102900066,435,24,411
102900068,106,112,-6
102900070,240,779,-539
102900072,16,27,-11
102900073,104,17,87
102900075,22,61,-39
102900076,124,208,-84
102900077,54,24,30
102900078,37,74,-37
102900079,244,6,238
102900080,431,37,394
102900081,73,274,-201
102900082,11,169,-158
102900083,115,22,93
102900084,9,45,-36
102900085,402,151,251
102900086,24,54,-30
102900087,157,121,36
102900088,41,27,14
102900089,222,101,121
102900090,1,250,-249
102900091,199,5,194
102900092,472,577,-105
102900093,315,245,70
102900094,0,135,-135
102900095,129,1,128
102900096,36,8,28
102900097,229,277,-48
103000001,2271,2170,101
103000002,2017,2331,-314
103000003,3197,2899,298
103000004,906,830,76
103000005,1815,3378,-1563
103000006,963,1445,-482
103000007,491,663,-172
103000008,1001,650,351
103000009,1614,1206,408
103000010,184,78,106
103000011,1826,1351,475
103000012,1796,1417,379
103000013,3560,1855,1705
103000014,1685,2986,-1301
103000015,1643,563,1080
103000016,667,1657,-990
103000017,213,514,-301
103000018,833,372,461
103000019,355,342,13
103000020,2043,1418,625
103000021,1805,1958,-153
103000022,728,916,-188
103000023,688,1870,-1182
103000024,102,106,-4
103000025,147,743,-596
103000026,900,132,768
103000027,288,761,-473
103000028,341,405,-64
103000029,236,336,-100
103000030,1675,1604,71
103000031,1425,2447,-1022
103000032,2366,1554,812
103000033,3158,2845,313
103000034,1409,1161,248
103000035,432,1270,-838
103000036,338,534,-196
103000037,591,673,-82
103000038,552,988,-436
103000039,457,277,180
103000040,495,665,-170
103000041,1665,1530,135
103000042,1346,359,987
103000043,620,729,-109
103000044,287,170,117
103000046,448,449,-1
103000047,672,532,140
103000048,250,143,107
103000049,154,124,30
103000050,857,351,506
103000051,598,433,165
103000052,902,381,521
103000053,186,557,-371
103000054,2583,1145,1438
103000055,2084,1963,121
103000056,879,1189,-310
103000057,765,211,554
103000058,632,721,-89
103000059,517,772,-255
103000060,837,461,376
103000061,466,799,-333
103000062,1305,490,815
103000063,827,845,-18
103000064,199,170,29
103000065,4,342,-338
103000066,314,12,302
103000069,553,318,235
103000070,1055,569,486
103000071,1355,551,804
103000072,135,527,-392
103000073,774,114,660
103000074,935,91,844
103000075,148,518,-370
103000076,340,486,-146
103000077,32,334,-302
103000078,938,829,109
103000079,539,662,-123
103000080,1005,468,537
103000081,441,1352,-911
103000082,464,198,266
103000083,115,242,-127
103000084,107,11,96
103000085,1,110,-109
103000086,600,419,181
103000087,154,696,-542
103000088,221,269,-48
103000089,251,484,-233
103000090,2308,830,1478
103000091,596,388,208
103000092,199,265,-66
103000093,301,358,-57
103000094,230,111,119
103000095,65,260,-195
103000096,595,82,513
103000097,86,608,-522
103000098,878,161,717
103000099,248,581,-333
103000100,130,576,-446
103000101,1149,116,1033
103000102,140,445,-305
103000103,740,133,607
103000104,92,95,-3
103000105,175,86,89
103000106,19,152,-133
103000107,237,54,183
103000108,921,586,335
103000109,419,387,32
103000110,502,454,48
103000111,427,438,-11
103000112,366,178,188
103000113,488,575,-87
103000114,1129,453,676
103000115,671,487,184
103000116,669,432,237
103000117,505,416,89
103000118,461,513,-52
103000119,819,406,413
103000120,47,95,-48
103000121,260,628,-368
103000122,463,623,-160
103000125,39,253,-214
103000126,895,6,889
103000127,8,169,-161
103000128,238,8,230
103000129,11,104,-93
103000130,96,54,42
103000131,305,122,183
103000132,84,256,-172
103000133,55,165,-110
103000134,362,1078,-716
103000135,484,265,219
103000136,583,482,101
103000137,475,600,-125
103000138,691,631,60
103000139,3,53,-50
103000140,124,37,87
103000141,44,126,-82
103000142,161,70,91
103000143,40,170,-130
103000144,211,56,155
103000145,82,280,-198
103000150,157,51,106
103000152,142,218,-76
103000153,238,140,98
103000156,25,241,-216
103000157,581,7,574
103000159,193,52,141
103000162,123,28,95
103000163,25,81,-56
103000164,25,17,8
103000165,81,210,-129
103000166,251,316,-65
103000167,195,86,109
103000168,124,147,-23
103000169,213,546,-333
103000170,957,372,585
103000171,41,95,-54
103000172,589,249,340
103000173,736,408,328
103000174,251,288,-37
103000175,423,236,187
103000176,810,674,136
103000177,447,319,128
103000178,254,300,-46
103000179,265,40,225
103000183,159,19,140
103000185,117,38,79
103000186,148,128,20
103000187,823,287,536
103000188,17,82,-65
103000189,673,635,38
103000191,606,593,13
103000292,1019,1983,-964
103000293,1020,2711,-1691
103000295,65,111,-46
103000296,600,10,590
103000297,108,261,-153
103000504,181,17,164
103000505,9,48,-39
103000506,1,199,-198
103000507,235,3,232
103000508,84,75,9
103000509,250,596,-346
103900001,39,147,-108
103900002,918,173,745
103900003,1168,164,1004
103900004,161,0,161
103900005,9,118,-109
103900006,6,4,2
103900007,139,12,127
103900008,16,1,15
103900009,326,522,-196
103900010,151,313,-162
103900011,405,144,261
103900012,35,28,7
103900013,72,53,19
103900014,85,9,76
103900015,84,9,75
103900016,281,147,134
103900017,54,51,3
103900018,618,185,433
103900019,101,389,-288
103900020,277,524,-247
103900021,333,70,263
103900022,1233,740,493
103900023,185,1,184
103900024,76,387,-311
103900025,23,46,-23
103900026,128,2,126
103900027,753,199,554
103900028,29,356,-327
103900029,1132,173,959
103900030,265,138,127
103900031,52,3,49
103900032,110,79,31
103900033,81,11,70
103900034,34,96,-62
103900035,94,27,67
103900036,54,28,26
103900037,93,71,22
103900038,157,233,-76
103900039,128,205,-77
103900040,13,124,-111
103900041,57,43,14
103900042,86,211,-125
103900043,231,68,163
103900044,105,310,-205
103900045,662,236,426
103900047,121,17,104
103900048,72,36,36
103900049,191,867,-676
103900050,22,198,-176
103900051,1,57,-56
103900052,263,381,-118
103900053,248,430,-182
103900054,168,278,-110
103900055,555,208,347
103900056,100,39,61
103900057,63,118,-55
103900058,301,487,-186
103900059,1,32,-31
103900060,55,143,-88
103900061,212,29,183
103900062,423,116,307
103900063,9,0,9
103900064,172,7,165
103900065,804,377,427
103900066,206,46,160
103900067,198,6,192
103900068,6,0,6
103900069,65,18,47
103900070,177,163,14
103900071,27,88,-61
103900072,26,164,-138
103900073,28,38,-10
103900074,65,53,12
103900075,259,63,196
103900076,692,458,234
103900077,55,113,-58
103900078,342,104,238
103900079,138,219,-81
103900080,8,22,-14
103900081,29,15,14
103900082,19,94,-75
103900083,1002,1254,-252
103900084,75,136,-61
103900085,81,136,-55
103900086,873,299,574
103900087,14,33,-19
103900088,342,586,-244
103900089,64,111,-47
103900090,20,77,-57
103900091,1177,235,942
103900092,843,454,389
103900093,60,286,-226
103900094,10,87,-77
103900095,260,286,-26
103900096,26,125,-99
103900097,13,378,-365
103900098,301,103,198
103900099,86,108,-22
103900100,389,286,103
103900101,178,1019,-841
103900102,0,11,-11
103900104,8,22,-14
103900105,100,170,-70
103900106,0,187,-187
103900107,140,158,-18
103900108,56,248,-192
103900109,119,78,41
103900110,300,43,257
103900111,146,406,-260
103900112,71,89,-18
103900113,138,236,-98
103900114,469,252,217
103900115,324,229,95
103900116,3796,3254,542
103900117,103,67,36
103900119,25,86,-61
103900120,108,93,15
103900122,155,157,-2
103900123,1008,665,343
103900124,101,334,-233
103900125,110,56,54
103900126,678,333,345
103900127,232,327,-95
103900128,203,117,86
103900131,19,89,-70
103900133,1028,88,940
103900134,2,6,-4
103900135,43,5,38
103900137,9,53,-44
103900138,72,113,-41
103900139,250,2393,-2143
103900140,12,209,-197
103900141,300,59,241
103900142,360,80,280
103900143,104,2,102
103900144,0,45,-45
103900145,271,208,63
103900146,410,218,192
103900147,434,119,315
103900148,287,237,50
103900149,383,436,-53
103900150,4366,4531,-165
103900151,38,141,-103
103900152,731,295,436
103900153,8,2,6
103900154,601,2155,-1554
103900155,52,170,-118
103900156,68,145,-77
103900157,49,95,-46
103900158,147,114,33
103900159,176,64,112
103900160,50,36,14
103900161,102,130,-28
103900162,71,162,-91
103900163,18,490,-472
103900167,20,107,-87
103900168,145,93,52
103900169,47,55,-8
103900170,1,60,-59
103900171,0,63,-63
103900172,1,16,-15
103900173,20,9,11
103900174,208,78,130
103900175,37,82,-45
103900176,13,37,-24
103900177,16,72,-56
103900178,66,53,13
103900179,50,69,-19
103900180,7,46,-39
103900181,55,36,19
103900182,59,10,49
103900184,352,105,247
103900185,104,396,-292
103900187,28,74,-46
103900188,71,32,39
103900189,132,13,119
103900190,92,42,50
103900191,42,42,0
103900192,63,103,-40
103900193,117,124,-7
103900194,76,179,-103
103900195,7,88,-81
103900196,28,30,-2
103900197,35,25,10
103900198,10,40,-30
103900199,139,51,88
103900200,157,79,78
103900201,117,174,-57
103900202,14,58,-44
103900203,33,27,6
103900204,1,61,-60
103900207,0,45,-45
103900208,106,0,106
103900209,14,72,-58
103900210,38,30,8
103900211,617,331,286
103900212,109,266,-157
103900213,60,238,-178
103900214,232,165,67
103900215,210,324,-114
103900216,8,349,-341
103900217,385,56,329
103900218,7,268,-261
103900219,197,159,38
103900233,37,3,34
103900235,19,15,4
103900236,17,5,12
103900242,1,3,-2
103900243,13,8,5
103900244,108,186,-78
103900245,131,187,-56
103900246,56,34,22
103900247,22,94,-72
103900248,18,75,-57
103900249,11,86,-75
103900250,18,38,-20
103900251,1,32,-31
103900253,22,117,-95
103900254,2,25,-23
103900255,3,12,-9
103900256,24,27,-3
103900257,90,102,-12
103900258,27,6,21
103900259,63,8,55
103900261,2,4,-2
103900262,12,3,9
103900263,21,48,-27
103900264,51,37,14
103900265,40,7,33
103900266,1,99,-98
103900267,6,83,-77
103900268,8,46,-38
103900269,143,18,125
103900270,48,105,-57
103900271,30,74,-44
103900272,61,54,7
103900273,49,17,32
103900274,132,13,119
103900275,84,8,76
103900276,9,65,-56
103900277,6,54,-48
103900278,0,7,-7
103900279,0,5,-5
104000001,2456,2037,419
104000002,1677,1966,-289
104000003,2342,1899,443
104000004,2537,2271,266
104000005,1873,1712,161
104000006,3082,2440,642
104000007,3842,3972,-130
104000008,202,176,26
104000009,216,119,97
104000010,157,273,-116
104000011,364,230,134
104000012,124,214,-90
104000013,251,180,71
104000014,262,461,-199
104000015,337,114,223
104000016,557,316,241
104000018,920,181,739
104000019,680,216,464
104000020,159,413,-254
104000021,284,338,-54
104000022,130,265,-135
104000023,951,267,684
104000024,236,265,-29
104000026,55,292,-237
104000027,293,187,106
104000028,417,218,199
104000029,377,243,134
104000030,300,204,96
104000031,1411,317,1094
104000032,244,218,26
104000033,775,464,311
104000034,413,208,205
104000035,1059,371,688
104000036,804,454,350
104000037,316,176,140
104000038,538,311,227
104000039,239,168,71
104000040,247,363,-116
104000041,678,307,371
104000042,260,282,-22
104000043,191,355,-164
104000044,274,397,-123
104000045,972,788,184
104000046,964,1262,-298
104000047,822,890,-68
104000048,1093,1051,42
104000049,568,347,221
104000050,268,763,-495
104000051,118,493,-375
104000052,1625,1627,-2
104000053,1064,413,651
104000054,711,344,367
104000055,3268,2140,1128
104000056,848,208,640
104000057,121,366,-245
104000058,873,638,235
104000059,571,903,-332
104000060,1225,1132,93
104000061,1283,784,499
104000062,367,123,244
104000064,464,307,157
104000065,192,608,-416
104000069,802,1178,-376
104000070,58,593,-535
104000071,117,336,-219
104000072,653,214,439
104000075,90,299,-209
104000076,506,149,357
104000082,2213,2995,-782
104000083,747,227,520
104000084,126,421,-295
104000085,309,324,-15
104000086,204,344,-140
104000087,441,2147,-1706
104000090,891,981,-90
104000092,1376,1412,-36
104000094,919,1120,-201
104000095,1894,1249,645
104000096,1719,158,1561
104000097,1899,644,1255
104000098,2663,665,1998
104000100,1830,538,1292
104000101,1156,1294,-138
104000106,40,590,-550
104000107,510,334,176
104000108,261,408,-147
104000109,392,122,270
104000110,731,1095,-364
104000111,2981,2775,206
104000112,1506,480,1026
104000116,0,710,-710
104000117,163,487,-324
104000118,750,212,538
104000119,763,260,503
104000120,293,564,-271
104000121,258,587,-329
104000122,692,668,24
104000123,562,752,-190
104000124,599,1413,-814
104000125,2628,4446,-1818
104000126,441,366,75
104000127,1173,1755,-582
104000128,637,358,279
104000129,361,13,348
104000130,10,289,-279
104000131,355,316,39
104000132,321,325,-4
104000133,1345,754,591
104000134,1118,1632,-514
104000135,419,1993,-1574
104000136,810,4074,-3264
104000137,1571,396,1175
104000138,1013,430,583
104000139,4127,2630,1497
104000141,931,1072,-141
104000142,671,557,114
104000143,623,342,281
104000144,145,210,-65
104000145,392,199,193
104000146,220,458,-238
104000147,150,242,-92
104000148,414,167,247
104000149,149,224,-75
104000150,1167,639,528
104000151,368,296,72
104000152,638,501,137
104000153,795,616,179
104000154,728,486,242
104000155,547,531,16
104000157,1171,1082,89
104000158,535,783,-248
104000159,1028,661,367
104000160,1794,1982,-188
104000161,209,175,34
104000162,95,135,-40
104000165,801,977,-176
104000167,816,1178,-362
104000168,685,5,680
104000169,132,37,95
104000170,348,558,-210
104000248,295,476,-181
104000251,98,195,-97
104000272,0,0,0
104000273,0,0,0
104000274,0,0,0
104000275,0,0,0
104000279,723,452,271
104000290,108,231,-123
104000291,437,965,-528
104000293,898,628,270
104000294,47,1,46
104000295,546,802,-256
104000296,475,784,-309
104000297,730,1920,-1190
104000298,2223,936,1287
104000299,805,1188,-383
104900001,161,252,-91
104900002,101,185,-84
104900003,41,283,-242
104900004,85,222,-137
104900005,364,298,66
104900006,509,107,402
104900007,349,209,140
104900009,156,228,-72
104900010,100,33,67
104900011,48,10,38
104900012,272,22,250
104900013,132,10,122
104900014,2034,361,1673
104900015,80,7,73
104900016,275,167,108
104900017,184,159,25
104900018,6,171,-165
104900019,261,3447,-3186
104900020,55,215,-160
104900021,1,102,-101
104900022,10,89,-79
104900023,0,46,-46
104900024,19,78,-59
104900025,77,176,-99
104900026,2,70,-68
104900027,642,267,375
104900028,41,85,-44
104900029,29,77,-48
104900030,509,224,285
104900031,79,173,-94
104900032,45,88,-43
104900033,177,242,-65
104900034,413,198,215
104900035,427,255,172
104900036,286,91,195
104900037,202,194,8
104900038,391,972,-581
104900039,368,368,0
104900040,519,94,425
104900041,282,168,114
104900042,155,174,-19
104900043,17,155,-138
104900044,740,191,549
104900045,423,39,384
104900046,292,115,177
104900047,410,111,299
104900048,385,76,309
104900049,25,43,-18
104900050,391,122,269
104900051,409,54,355
104900052,119,2,117
104900053,441,101,340
104900054,203,24,179
104900055,131,3,128
104900056,140,13,127
104900057,49,1,48
104900058,800,588,212
104900059,166,53,113
104900060,1,343,-342
104900061,169,412,-243
104900063,0,114,-114
104900064,2,60,-58
104900065,0,181,-181
104900066,2,131,-129
104900067,3,266,-263
104900068,27,173,-146
104900070,160,205,-45
104900071,1,402,-401
104900072,52,233,-181
104900073,75,180,-105
104900074,64,153,-89
104900075,107,34,73
104900076,103,199,-96
104900077,797,301,496
104900078,169,354,-185
104900079,143,650,-507
104900080,117,457,-340
104900082,15,279,-264
104900085,0,136,-136
104900087,416,5,411
104900089,290,1,289
104900090,1128,767,361
104900091,900,483,417
104900093,134,391,-257
104900097,2146,2290,-144
104900098,171,38,133
104900099,76,576,-500
104900100,386,196,190
104900102,32,126,-94
104900103,361,60,301
104900104,2292,2230,62
104900106,174,100,74
104900107,162,142,20
104900108,62,154,-92
104900109,165,207,-42
104900110,7,67,-60
104900111,233,142,91
104900112,334,480,-146
104900113,772,319,453
104900114,397,382,15
104900115,779,353,426
104900116,300,168,132
104900118,11,53,-42
104900119,15,57,-42
104900120,19,184,-165
104900121,2,61,-59
104900122,11,41,-30
104900123,111,10,101
104900124,42,0,42
104900125,486,2,484
104900126,66,49,17
104900127,44,67,-23
104900128,119,198,-79
104900129,1318,2487,-1169
105000001,2791,1208,1583
105000002,2246,1422,824
105000003,3164,3898,-734
105000004,796,660,136
105000005,1093,1053,40
105000006,1479,1671,-192
105000007,1308,1761,-453
105000008,1423,3967,-2544
105000009,2992,3389,-397
105000010,2889,1603,1286
105000011,4385,3317,1068
105000012,4066,2399,1667
105000013,1143,1271,-128
105000014,2802,3109,-307
105000015,10244,17206,-6962
105000016,2301,2224,77
105000017,1431,889,542
105000018,1149,1698,-549
105000019,1103,966,137
105000020,179,472,-293
105000021,333,114,219
105000022,255,167,88
105000023,623,332,291
105000028,64,90,-26
105000029,787,1541,-754
105000030,4188,2220,1968
105000033,1172,1736,-564
105000034,150,1088,-938
105000037,615,232,383
105000038,2049,1911,138
105000039,2290,1674,616
105000040,1261,1320,-59
105000041,826,1516,-690
105000042,4388,2225,2163
105000043,1732,3053,-1321
105000044,719,597,122
105000045,416,578,-162
105000046,1442,349,1093
105000047,552,1030,-478
105000048,703,241,462
105000049,244,382,-138
105000050,831,402,429
105000051,153,371,-218
105000052,687,893,-206
105000053,103,132,-29
105000054,453,799,-346
105000055,768,294,474
105000056,1713,1801,-88
105000057,1386,728,658
105000058,1351,1009,342
105000059,873,622,251
105000060,494,460,34
105000061,820,474,346
105000062,517,586,-69
105000063,281,351,-70
105000064,1797,727,1070
105000065,349,416,-67
105000066,867,989,-122
105000067,1611,657,954
105000068,342,783,-441
105000069,1415,2078,-663
105000070,487,963,-476
105000071,269,1098,-829
105000072,1135,2539,-1404
105000073,966,643,323
105000074,1044,617,427
105000075,518,745,-227
105000076,1053,844,209
105000077,2222,1111,1111
105000078,1086,1519,-433
105000079,1178,3270,-2092
105000080,1953,1569,384
105000081,3287,1444,1843
105000082,1196,2133,-937
105000083,4632,4165,467
105000084,606,745,-139
105000085,1977,2492,-515
105000086,646,910,-264
105000087,1349,1891,-542
105000088,1525,1744,-219
105000089,3128,2102,1026
105000090,1172,839,333
105000091,1248,1313,-65
105000092,672,747,-75
105000093,433,293,140
105000094,378,321,57
105000095,138,519,-381
105000096,1338,1082,256
105000097,871,787,84
105000098,1082,685,397
105000099,677,699,-22
105000100,1583,1105,478
105000101,2331,2222,109
105000102,3182,1781,1401
105000103,1960,3059,-1099
105000104,2777,1146,1631
105000105,1234,1763,-529
105000106,1626,1379,247
105000107,1579,766,813
105000108,1896,1112,784
105000109,1884,1252,632
105000110,998,441,557
105000111,1000,595,405
105000112,1339,538,801
105000113,512,722,-210
105000114,2025,1127,898
105000115,325,1361,-1036
105000116,1012,503,509
105000117,970,768,202
105000118,680,372,308
105000119,653,588,65
105000120,1275,520,755
105000121,794,695,99
105000122,522,623,-101
105000123,1074,1032,42
105000124,2143,777,1366
105000125,842,1465,-623
105000126,2420,1357,1063
105000127,2641,1690,951
105000128,611,921,-310
105000129,970,343,627
105000130,360,3493,-3133
105000131,690,290,400
105000132,1163,785,378
105000133,551,898,-347
105000134,996,553,443
105000135,466,488,-22
105000136,136,257,-121
105000137,605,215,390
105000138,195,279,-84
105000139,968,806,162
105000140,540,473,67
105000141,372,447,-75
105000142,266,517,-251
105000143,287,581,-294
105000144,246,719,-473
105000145,796,299,497
105000146,355,680,-325
105000147,791,303,488
105000148,1258,548,710
105000149,3028,2337,691
105000150,1936,1306,630
105000151,548,396,152
105000152,225,387,-162
105000153,567,639,-72
105000154,589,455,134
105000155,426,930,-504
105000156,770,477,293
105000157,864,1291,-427
105000158,2057,704,1353
105000159,368,818,-450
105000160,2318,619,1699
105000161,753,765,-12
105000162,572,1942,-1370
105000163,1003,712,291
105000164,265,219,46
105000165,705,5906,-5201
105000166,4082,1167,2915
105000167,1392,2107,-715
105000168,490,529,-39
105000169,671,289,382
105000170,327,1343,-1016
105000171,1039,204,835
105000172,183,36,147
105000173,268,71,197
105000174,104,56,48
105000175,74,91,-17
105000176,603,96,507
105000177,366,234,132
105000178,220,412,-192
105000179,817,198,619
105000180,218,100,118
105000181,238,253,-15
105000182,95,39,56
105000183,1834,2046,-212
105000184,1164,1417,-253
105000185,1765,1036,729
105000186,478,798,-320
105000187,1031,280,751
105000188,300,291,9
105000189,142,579,-437
105000190,283,486,-203
105000191,443,353,90
105000192,423,85,338
105000193,78,169,-91
105000194,419,86,333
105000195,416,610,-194
105000196,98,282,-184
105000197,297,457,-160
105000198,548,302,246
105000199,194,597,-403
105000200,122,358,-236
105000201,136,30,106
105000203,7,149,-142
105000204,70,78,-8
105000205,99,191,-92
105000207,605,191,414
105000208,321,961,-640
105000209,231,300,-69
105000212,1200,958,242
105000213,130,217,-87
105000214,213,257,-44
105000215,374,163,211
105000216,154,259,-105
105000217,188,239,-51
105000218,1824,981,843
105000221,165,145,20
105000222,683,250,433
105000223,375,261,114
105000226,93,206,-113
105000227,70,172,-102
105000228,219,2258,-2039
105000229,238,633,-395
105000231,384,415,-31
105000233,875,708,167
105000234,639,988,-349
105000235,454,579,-125
105000237,817,62,755
105000243,23,85,-62
105000248,70,66,4
105000262,400,826,-426
105000269,207,243,-36
105000270,494,51,443
105000271,0,136,-136
105000282,75,46,29
105000287,515,85,430
105000288,784,390,394
105000289,2449,2036,413
105000290,36,15,21
105000402,2714,4621,-1907
105000426,415,626,-211
105000438,3821,1709,2112
105000446,9899,5209,4690
105000447,5084,2320,2764
105000454,684,560,124
105000455,268,149,119
105000474,43,1,42
105000477,600,527,73
105000478,2092,5561,-3469
105000479,120,142,-22
105000480,8920,7593,1327
105000481,5165,4077,1088
105000482,4551,6808,-2257
105000483,1944,2332,-388
105000484,2298,2945,-647
105000485,1804,3850,-2046
105000486,3022,2303,719
105000488,8720,4468,4252
105000489,1010,755,255
105000549,168,158,10
105000550,383,1268,-885
105000551,44,103,-59
105000552,2186,1343,843
105000555,295,664,-369
105900001,9,2502,-2493
105900002,1074,819,255
105900003,9,117,-108
105900004,278,136,142
105900005,9,228,-219
105900006,21,120,-99
105900007,114,40,74
105900008,86,410,-324
105900009,34,20,14
105900011,278,47,231
105900012,674,114,560
105900013,4,38,-34
105900014,10,70,-60
105900015,295,431,-136
105900016,538,536,2
105900017,1696,43,1653
105900018,168,141,27
105900019,93,526,-433
105900020,47,51,-4
105900021,51,705,-654
105900022,323,158,165
105900023,10,211,-201
105900024,14,458,-444
105900025,216,27,189
105900026,233,28,205
105900027,12973,8299,4674
105900028,821,687,134
105900029,1616,390,1226
105900030,222,267,-45
105900031,382,170,212
105900032,73,108,-35
105900033,126,111,15
105900034,307,189,118
105900035,192,164,28
105900036,107,131,-24
105900037,78,64,14
105900038,144,228,-84
105900039,161,102,59
105900040,70,116,-46
105900041,213,218,-5
105900042,81,154,-73
105900043,1237,73,1164
105900044,9,284,-275
105900045,7,908,-901
105900046,3,238,-235
105900047,19,50,-31
105900048,103,490,-387
105900050,5770,5602,168
105900051,52,1243,-1191
105900052,801,278,523
105900053,2570,3486,-916
105900054,376,229,147
105900056,752,460,292
105900057,37,159,-122
105900058,15,7,8
105900059,0,39,-39
106000001,4164,2820,1344
106000002,1805,5276,-3471
106000003,3265,3792,-527
106000004,1485,2769,-1284
106000005,3846,5012,-1166
106000006,5110,2957,2153
106000007,638,566,72
106000008,494,305,189
106000009,728,394,334
106000010,658,530,128
106000011,1300,1051,249
106000012,932,1058,-126
106000013,2054,1869,185
106000014,1979,1300,679
106000015,2044,1112,932
106000016,1233,1663,-430
106000017,572,652,-80
106000018,633,345,288
106000019,427,434,-7
106000020,424,258,166
106000021,371,396,-25
106000022,409,181,228
106000023,662,278,384
106000024,661,347,314
106000025,132,213,-81
106000026,55,190,-135
106000027,1754,1252,502
106000028,644,370,274
106000029,671,804,-133
106000030,446,475,-29
106000034,190,506,-316
106000035,962,1920,-958
106000036,171,417,-246
106000037,1718,1140,578
106000038,252,135,117
106000039,144,109,35
106000040,140,894,-754
106000041,664,634,30
106000043,590,224,366
106000046,387,73,314
106000047,45,443,-398
106000049,1160,196,964
106000050,276,505,-229
106000051,860,502,358
106000052,96,520,-424
106000053,498,95,403
106000054,329,375,-46
106000055,1185,811,374
106000056,278,269,9
106000057,381,310,71
106000058,129,128,1
106000059,407,286,121
106000060,310,370,-60
106000061,277,479,-202
106000062,91,516,-425
106000063,833,604,229
106000064,52,397,-345
106000065,426,379,47
106000066,115,305,-190
106000067,510,128,382
106000068,63,514,-451
106000069,313,66,247
106000070,464,593,-129
106000071,1219,337,882
106000072,2370,1539,831
106000073,1365,3378,-2013
106000074,649,631,18
106000075,254,1326,-1072
106000076,1678,2066,-388
106000077,3236,1174,2062
106000078,1275,782,493
106000079,791,774,17
106000080,1432,643,789
106000081,775,1029,-254
106000082,2415,757,1658
106000083,487,1246,-759
106000084,1177,577,600
106000085,1343,1426,-83
106000086,674,733,-59
106000087,897,477,420
106000088,405,651,-246
106000089,1022,278,744
106000090,290,548,-258
106000091,282,470,-188
106000092,768,287,481
106000093,324,129,195
106000094,107,196,-89
106000095,989,564,425
106000096,996,629,367
106000097,1265,710,555
106000098,793,884,-91
106000099,261,1241,-980
106000100,1802,266,1536
106000101,2236,568,1668
106000102,345,1327,-982
106000103,374,633,-259
106000104,1093,375,718
106000105,533,558,-25
106000106,677,344,333
106000107,184,178,6
106000108,268,226,42
106000109,223,192,31
106000110,294,265,29
106000111,209,261,-52
106000112,208,541,-333
106000113,667,535,132
106000114,403,699,-296
106000115,182,320,-138
106000116,251,160,91
106000117,1149,577,572
106000118,1229,1411,-182
106000119,1282,898,384
106000120,967,1319,-352
106000121,192,153,39
106000122,120,103,17
106000123,546,121,425
106000124,66,115,-49
106000125,22,183,-161
106000126,357,110,247
106000127,1006,594,412
106000128,949,161,788
106000129,504,388,116
106000130,817,280,537
106000131,114,591,-477
106000132,516,158,358
106000133,1852,1085,767
106000134,567,2469,-1902
106000135,173,400,-227
106000136,637,1023,-386
106000137,64,516,-452
106000138,1237,130,1107
106000139,72,121,-49
106000140,56,28,28
106000141,141,53,88
106000142,124,73,51
106000143,47,48,-1
106000144,24,78,-54
106000145,333,224,109
106000146,413,136,277
106000147,345,390,-45
106000148,495,774,-279
106000149,679,335,344
106000150,531,1923,-1392
106000151,3283,852,2431
106000152,1364,1891,-527
106000153,75,1725,-1650
106000154,1279,184,1095
106000155,160,254,-94
106000156,1028,221,807
106000157,669,1380,-711
106000158,2236,898,1338
106000159,2378,2018,360
106000160,505,2986,-2481
106000161,1417,283,1134
106000162,380,1036,-656
106000163,432,245,187
106000164,525,259,266
106000165,264,333,-69
106000166,889,310,579
106000167,392,706,-314
106000168,665,237,428
106000169,283,418,-135
106000170,960,206,754
106000171,183,991,-808
106000172,2861,1164,1697
106000173,1126,2240,-1114
106000174,1374,362,1012
106000175,287,704,-417
106000176,2078,811,1267
106000177,853,1812,-959
106000178,3325,1395,1930
106000179,1017,1634,-617
106000180,865,900,-35
106000181,1071,1507,-436
106000182,1654,548,1106
106000183,1583,460,1123
106000184,1937,583,1354
106000185,1307,1228,79
106000186,842,182,660
106000187,178,1166,-988
106000188,0,3,-3
106000189,15,29,-14
106000190,17,7,10
106000191,675,213,462
106000192,1,19,-18
106000193,392,252,140
106000194,166,473,-307
106000195,809,245,564
106000196,278,650,-372
106000197,634,315,319
106000198,170,215,-45
106000199,813,944,-131
106000200,185,273,-88
106000201,440,3476,-3036
106000202,2897,648,2249
106000203,29,137,-108
106000204,75,8,67
106000205,18,128,-110
106000206,120,18,102
106000207,62,502,-440
106000208,1501,124,1377
106000209,1775,337,1438
106000210,351,729,-378
106000211,449,1016,-567
106000212,1269,434,835
106000213,589,2171,-1582
106000214,2291,836,1455
106000215,307,486,-179
106000216,413,249,164
106000217,251,302,-51
106000218,372,315,57
106000219,168,193,-25
106000220,543,271,272
106000221,250,188,62
106000222,73,72,1
106000223,324,111,213
106000224,215,134,81
106000225,84,130,-46
106000226,88,196,-108
106000228,60,75,-15
106000229,90,499,-409
106000231,1020,90,930
106000232,101,285,-184
106000233,634,91,543
106000234,118,222,-104
106000235,894,103,791
106000236,256,87,169
106000237,8,9,-1
106000238,83,22,61
106000239,8,94,-86
106000240,75,5,70
106000241,15,459,-444
106000242,306,29,277
106000249,98,58,40
106000250,94,750,-656
106000251,107,15,92
106000252,12,48,-36
106000253,57,54,3
106000254,63,28,35
106000255,22,155,-133
106000256,35,38,-3
106000257,159,227,-68
106000258,326,16,310
106000259,5,35,-30
106000260,50,3,47
106000261,1,37,-36
106000262,98,11,87
106000263,11,39,-28
106000264,278,18,260
106000265,11,101,-90
106000266,176,41,135
106000267,7,76,-69
106000268,425,54,371
106000269,27,45,-18
106000270,138,402,-264
106000271,85,201,-116
106000272,228,79,149
106000273,16,234,-218
106000274,167,46,121
106000275,185,244,-59
106000276,192,37,155
106000277,152,217,-65
106000278,215,31,184
106000279,30,30,0
106000280,85,43,42
106000281,114,46,68
106000282,65,51,14
106000283,127,45,82
106000284,73,86,-13
106000285,145,78,67
106000286,113,134,-21
106000287,104,43,61
106000288,87,133,-46
106000289,128,56,72
106000290,79,78,1
106000291,101,95,6
106000292,67,84,-17
106000293,133,92,41
106000294,165,123,42
106000295,52,57,-5
106000296,38,69,-31
106000297,49,215,-166
106000298,125,71,54
106000299,66,115,-49
106000300,44,96,-52
106000301,64,110,-46
106000303,40,75,-35
106000304,28,29,-1
106000305,42,56,-14
106000306,48,44,4
106000307,96,32,64
106000308,31,85,-54
106000309,20,65,-45
106000310,313,420,-107
106000311,350,207,143
106000312,119,109,10
106000313,198,212,-14
106000318,68,519,-451
106000319,1009,215,794
106000320,5,74,-69
106000321,380,150,230
106000322,223,130,93
106000324,16,102,-86
106000325,1951,936,1015
106000326,970,1487,-517
106000327,218,75,143
106000328,37,137,-100
106000329,141,246,-105
106000330,63,91,-28
106000428,124,121,3
106000429,143,329,-186
106000430,348,966,-618
106000431,2741,422,2319
106000432,1504,2199,-695
106000433,2774,1370,1404
106000434,3670,1921,1749
106000435,1248,2339,-1091
106000436,11,159,-148
106000437,299,59,240
106000438,332,212,120
106000439,57,439,-382
106000440,402,645,-243
106000441,2,1,1
106000442,115,8,107
106000443,186,237,-51
106000450,2,116,-114
106000451,29,55,-26
106000454,3,198,-195
106000455,4,141,-137
106000456,99,30,69
106000457,16,647,-631
106000458,895,70,825
106000459,171,253,-82
106000460,1747,23,1724
106000461,128,776,-648
106000462,1,29,-28
106000463,3,8,-5
106000464,1,237,-236
106000465,830,10,820
106000466,5,356,-351
106000467,222,333,-111
106000468,91,159,-68
106000469,110,1,109
106000470,295,1805,-1510
106000471,29,429,-400
106000472,179,12,167
106000473,77,11,66
106000474,260,321,-61
106000475,322,217,105
106000476,138,237,-99
106000477,18,41,-23
106000480,0,138,-138
106900001,0,11,-11
106900002,1,303,-302
106900003,211,2191,-1980
106900004,0,19,-19
106900006,0,2,-2
106900007,0,6,-6
106900008,409,166,243
106900009,379,234,145
106900010,213,212,1
106900012,1186,2758,-1572
106900013,903,206,697
106900014,22,2,20
106900015,13,3,10
106900016,376,13,363
106900017,7,0,7
106900018,2,0,2
106900019,64,1,63
106900020,3963,1657,2306
106900021,179,96,83
106900022,961,9,952
106900023,67,182,-115
106900024,841,62,779
106900025,64,1260,-1196
106900026,2,331,-329
106900027,772,6,766
107000001,4454,5179,-725
107000002,2464,4479,-2015
107000003,7438,7049,389
107000004,4254,3819,435
107000005,6177,5894,283
107000006,4112,3102,1010
107000007,7156,11314,-4158
107000008,9725,6603,3122
107000009,9683,9112,571
107000010,9177,7521,1656
107000011,1054,1229,-175
107000012,3778,2458,1320
107000013,115,70,45
107000014,62,153,-91
107000015,549,571,-22
107000016,948,649,299
107000017,3974,4741,-767
107000018,70,4159,-4089
107000020,2726,4148,-1422
107000021,1753,553,1200
107000022,1305,2737,-1432
107000023,2430,273,2157
107000024,967,1506,-539
107000025,284,446,-162
107000026,393,400,-7
107000027,1512,1195,317
107000028,1544,994,550
107000029,4144,3318,826
107000030,3072,2476,596
107000031,4959,3020,1939
107000032,458,893,-435
107000033,2737,4712,-1975
107000034,5783,1511,4272
107000035,420,258,162
107000036,789,1318,-529
107000037,81,831,-750
107000038,277,284,-7
107000039,889,834,55
107000040,243,315,-72
107000041,1410,757,653
107000042,789,2185,-1396
107000043,2382,1087,1295
107000044,501,493,8
107000045,87,338,-251
107000046,895,478,417
107000047,488,874,-386
107000048,696,335,361
107000049,720,772,-52
107000050,1074,528,546
107000051,310,382,-72
107000052,1095,1146,-51
107000053,378,240,138
107000054,54,222,-168
107000055,204,120,84
107000056,390,776,-386
107000057,1409,253,1156
107000058,2458,2582,-124
107000059,1814,2987,-1173
107000060,5499,5380,119
107000061,5203,3147,2056
107000062,5512,2993,2519
107000063,4350,4144,206
107000064,5211,2905,2306
107000065,4131,3892,239
107000066,2354,3853,-1499
107000067,1526,1277,249
107000068,1531,772,759
107000069,1043,625,418
107000070,1180,11,1169
107000071,3702,48,3654
107000072,41,2087,-2046
107000073,1124,458,666
107000074,159,724,-565
107000075,2079,484,1595
107000076,675,1208,-533
107000077,4669,1334,3335
107000078,2304,2568,-264
107000079,3341,1196,2145
107000080,1138,2593,-1455
107000081,2532,710,1822
107000082,566,1519,-953
107000083,1621,584,1037
107000084,364,1377,-1013
107000085,3272,3269,3
107000086,3681,3198,483
107000087,3329,2112,1217
107000088,3487,3595,-108
107000089,1641,1744,-103
107000090,1382,963,419
107000091,1744,865,879
107000092,888,817,71
107000093,1356,878,478
107000094,1026,912,114
107000095,938,740,198
107000096,574,647,-73
107000097,766,361,405
107000098,465,408,57
107000099,499,257,242
107000100,260,363,-103
107000101,75,193,-118
107000102,196,326,-130
107000103,302,191,111
107000104,206,226,-20
107000105,445,126,319
107000106,169,252,-83
107000107,791,164,627
107000108,134,386,-252
107000109,740,132,608
107000110,49,297,-248
107000111,421,57,364
107000112,35,210,-175
107000113,813,137,676
107000114,105,402,-297
107000115,740,188,552
107000116,104,531,-427
107000117,153,898,-745
107000118,111,135,-24
107000119,1538,1852,-314
107000120,1006,603,403
107000121,1028,611,417
107000122,1228,841,387
107000123,528,566,-38
107000124,622,681,-59
107000125,1144,555,589
107000126,1089,595,494
107000129,337,445,-108
107000130,764,256,508
107000131,515,440,75
107000132,676,353,323
107000133,622,93,529
107000134,331,1,330
107000135,15,365,-350
107000136,969,10,959
107000137,12,652,-640
107000138,340,28,312
107000139,23,610,-587
107000140,1672,182,1490
107000141,198,681,-483
107000142,585,104,481
107000143,66,572,-506
107000144,629,575,54
107000145,193,388,-195
107000146,224,356,-132
107000147,3412,857,2555
107000150,627,4300,-3673
107000151,41,94,-53
107000152,418,1923,-1505
107000153,111,351,-240
107000154,198,262,-64
107000155,1385,56,1329
107000156,1624,58,1566
107000157,166,1141,-975
107000158,868,35,833
107000159,37,663,-626
107000160,1386,223,1163
107000161,80,990,-910
107000162,308,709,-401
107000163,229,4,225
107000164,936,0,936
107000165,1402,5,1397
107000166,46,849,-803
107000167,784,186,598
107000168,1266,660,606
107000169,846,799,47
107000170,3029,1048,1981
107000171,918,1532,-614
107000172,1339,1595,-256
107000173,642,669,-27
107000174,1411,6920,-5509
107000175,5595,1330,4265
107000176,1,1,0
107000177,4,2,2
107000178,23,27,-4
107000179,307,1418,-1111
107000180,1651,237,1414
107000181,488,792,-304
107000182,2146,796,1350
107000183,169,691,-522
107000184,1178,592,586
107000185,602,1179,-577
107000186,1481,495,986
107000187,1477,1147,330
107000188,826,599,227
107000189,736,1031,-295
107000190,736,559,177
107000191,819,800,19
107000192,1806,628,1178
107000193,525,553,-28
107000194,712,606,106
107000197,1093,309,784
107000198,303,601,-298
107000199,845,682,163
107000200,671,684,-13
107000201,595,342,253
107000202,364,500,-136
107000203,1166,1043,123
107000204,1275,1188,87
107000205,2248,1310,938
107000206,1065,1707,-642
107000207,751,1179,-428
107000208,1097,604,493
107000209,1767,1433,334
107000210,569,317,252
107000211,0,56,-56
107000212,45,367,-322
107000213,5,29,-24
107000214,25,160,-135
107000215,644,310,334
107000216,605,446,159
107000217,263,142,121
107000219,111,185,-74
107000220,188,197,-9
107000222,324,652,-328
107000224,966,104,862
107000225,297,341,-44
107000226,814,99,715
107000227,123,198,-75
107000228,227,365,-138
107000229,132,156,-24
107000230,1006,537,469
107000231,1273,2013,-740
107000232,147,39,108
107000233,1015,978,37
107000234,8,84,-76
107000235,132,20,112
107000236,15,671,-656
107000237,40,1,39
107000238,41,2,39
107000239,3056,576,2480
107000240,77,761,-684
107000241,77,20,57
107000242,343,48,295
107000243,0,29,-29
107000244,3,47,-44
107000246,2,1013,-1011
107000249,1,992,-991
107000251,0,217,-217
107000252,1,677,-676
107000255,370,148,222
107000257,6,281,-275
107000258,2,102,-100
107000259,5,148,-143
107000260,794,11,783
107000262,12,298,-286
107000263,383,19,364
107000266,7,19,-12
107000267,61,116,-55
107000268,138,117,21
107000269,914,59,855
107000270,26,37,-11
107000271,24,396,-372
107000272,58,74,-16
107000273,18,271,-253
107000274,3078,869,2209
107000275,245,3055,-2810
107000280,1000,48,952
107000281,43,548,-505
107000282,170,574,-404
107000290,30,45,-15
107000291,28,11,17
107000292,1,269,-268
107000293,119,7,112
107000294,0,37,-37
107000295,39,3,36
107000296,0,8,-8
107000444,471,16,455
107000496,11,8,3
107000497,1405,1948,-543
107000500,344,279,65
107000501,127,110,17
107000502,209,255,-46
107000505,307,676,-369
107000506,0,44,-44
107000508,5,426,-421
107000509,257,836,-579
107000510,39,43,-4
107000514,53,357,-304
107000515,19,132,-113
107000516,502,321,181
107000518,1334,1772,-438
107000519,1178,707,471
107000520,95,40,55
107000521,628,334,294
107000522,1032,468,564
107900001,111,101,10
107900002,67,9,58
107900003,536,15,521
107900004,132,4,128
107900005,1524,8,1516
107900006,320,2,318
107900007,437,34,403
107900008,87,15,72
107900009,248,11,237
107900010,55,18,37
107900012,347,57,290
107900013,219,35,184
107900014,40,5,35
107900015,1171,11,1160
107900016,528,103,425
107900017,45,2,43
107900018,66,208,-142
107900019,26,35,-9
107900020,125,18,107
107900021,127,88,39
107900023,4,3,1
107900024,1,21,-20
107900025,286,276,10
107900026,92,56,36
107900027,54,68,-14
107900028,108,60,48
107900030,178,27,151
107900031,53,70,-17
107900032,46,5,41
107900033,28,4,24
107900034,456,18,438
107900035,1071,46,1025
107900036,72,25,47
107900037,0,25,-25
107900038,93,274,-181
107900039,33,56,-23
107900040,36,249,-213
107900041,4,1,3
107900043,68,105,-37
107900044,13,13,0
107900045,144,49,95
107900046,174,173,1
107900047,71,27,44
107900048,243,15,228
107900049,303,1812,-1509
107900050,89,242,-153
107900051,106,58,48
107900052,70,52,18
107900053,91,84,7
107900055,896,335,561
107900056,141,86,55
107900057,1,0,1
107900058,18,434,-416
107900060,54,111,-57
107900061,13,11,2
107900063,95,136,-41
107900064,318,214,104
107900065,305,16,289
107900066,44,7,37
107900067,0,1,-1
107900068,121,564,-443
107900069,25,2411,-2386
107900070,111,79,32
107900071,37,453,-416
107900072,152,106,46
107900073,142,92,50
107900074,518,390,128
107900076,140,47,93
107900077,85,3,82
107900078,256,47,209
107900079,22,17,5
107900080,224,606,-382
107900081,50,121,-71
107900082,19,14,5
107900083,441,188,253
107900084,121,139,-18
107900086,39,201,-162
107900087,505,152,353
107900088,53,6,47
107900089,329,1252,-923
107900090,1238,3434,-2196
107900091,183,272,-89
107900092,1880,398,1482
107900093,102,91,11
107900095,2801,2265,536
107900097,31,77,-46
107900098,63,166,-103
107900100,843,1575,-732
107900101,760,150,610
107900102,35,8,27
107900103,70,181,-111
107900104,214,5,209
107900105,0,288,-288
107900106,3,613,-610
107900107,1648,521,1127
107900108,196,122,74
107900109,1773,26,1747
107900110,81,78,3
107900111,5,547,-542
107900112,101,435,-334
107900113,264,84,180
107900114,199,105,94
107900115,3,35,-32
107900116,181,120,61
107900117,255,242,13
107900118,64,141,-77
107900119,97,301,-204
107900120,47,42,5
107900121,6,176,-170
107900122,0,119,-119
107900123,4,68,-64
107900124,18,35,-17
107900125,46,204,-158
107900126,18,78,-60
107900127,560,296,264
107900128,61,71,-10
107900129,92,35,57
107900130,97,12,85
107900131,569,330,239
107900132,90,264,-174
107900133,0,79,-79
107900134,44,143,-99
107900135,8,109,-101
107900136,35,25,10
107900137,120,102,18
107900138,80,55,25
107900139,53,94,-41
107900140,120,43,77
107900141,42,36,6
107900142,51,594,-543
107900143,150,26,124
107900144,0,134,-134
107900145,17,69,-52
107900146,52,181,-129
107900147,93,41,52
107900148,159,86,73
107900149,713,180,533
107900150,36,431,-395
107900151,51,98,-47
107900152,20,135,-115
107900153,99,379,-280
107900154,77,34,43
107900155,95,53,42
107900156,6,199,-193
107900157,68,45,23
107900158,1074,38,1036
107900159,30,689,-659
107900160,150,154,-4
107900161,28,82,-54
107900162,0,124,-124
107900163,81,117,-36
107900164,11,42,-31
107900165,65,198,-133
107900166,25,124,-99
107900167,34,39,-5
107900168,68,54,14
107900169,12,233,-221
107900171,2,893,-891
107900172,4,286,-282
107900173,25,100,-75
107900174,159,8,151
107900175,33,39,-6
107900176,31,35,-4
107900177,3,346,-343
107900178,24,110,-86
107900179,14,109,-95
107900180,447,813,-366
107900181,445,286,159
107900182,12,661,-649
107900183,72,180,-108
107900184,148,223,-75
107900185,133,5,128
107900186,38,50,-12
107900187,1,131,-130
107900188,519,119,400
107900189,23,91,-68
107900190,75,140,-65
107900191,94,78,16
107900193,4,76,-72
107900194,334,13,321
107900195,1484,310,1174
107900196,64,104,-40
107900197,574,433,141
107900199,1,667,-666
107900201,67,54,13
107900203,30,75,-45
107900204,150,249,-99
107900205,250,323,-73
107900206,952,340,612
107900207,6,445,-439
107900208,14,339,-325
107900209,347,140,207
107900210,93,77,16
107900213,778,632,146
107900214,22,120,-98
107900215,119,435,-316
107900216,189,66,123
107900217,52,93,-41
107900218,20,2299,-2279
107900219,28,90,-62
107900220,203,318,-115
107900221,191,206,-15
107900223,127,391,-264
107900224,151,517,-366
107900225,6,608,-602
107900226,90,79,11
107900227,114,286,-172
107900228,29,88,-59
107900229,2,188,-186
107900230,21,71,-50
107900231,16,181,-165
107900232,86,99,-13
107900233,2,94,-92
107900234,123,83,40
107900235,23,122,-99
107900236,127,36,91
107900237,36,359,-323
107900238,33,99,-66
107900239,583,653,-70
107900240,40,62,-22
107900241,16,50,-34
107900242,39,193,-154
107900243,1,38,-37
107900244,365,4,361
107900245,778,38,740
107900246,446,18,428
107900248,260,321,-61
107900249,972,62,910
107900250,1,410,-409
107900251,68,1050,-982
107900252,1106,27,1079
107900253,201,6,195
107900254,72,409,-337
107900255,253,105,148
107900256,1668,2372,-704
107900257,309,125,184
107900258,130,240,-110
107900259,47,2406,-2359
107900261,4,267,-263
107900262,54,101,-47
107900264,460,15,445
107900265,177,157,20
107900267,298,16,282
107900268,23,2,21
107900269,0,16,-16
107900270,0,1,-1
107900271,2,23,-21
107900272,73,47,26
107900273,56,83,-27
107900274,139,0,139
107900275,28,0,28
107900276,1,99,-98
107900277,1,174,-173
107900278,311,252,59
107900279,70,216,-146
107900280,2048,2074,-26
107900281,964,3401,-2437
107900282,34,556,-522
107900283,721,645,76
107900284,640,451,189
107900285,135,51,84
107900286,97,88,9
107900287,332,177,155
107900290,1,168,-167
107900291,540,26,514
107900292,113,128,-15
107900293,81,297,-216
107900295,56,38,18
107900297,4,344,-340
107900298,646,659,-13
107900299,2228,2831,-603
107900300,94,327,-233
107900301,745,787,-42
107900302,161,25,136
107900303,267,252,15
107900304,384,318,66
107900305,390,15,375
107900306,20,30,-10
107900307,53,205,-152
107900308,160,173,-13
107900309,86,2,84
107900310,858,10,848
107900311,8,980,-972
107900312,85,4,81
107900313,1,230,-229
107900314,3,46,-43
107900315,0,43,-43
107900316,107,4,103
107900317,110,33,77
107900318,13,114,-101
107900319,9,132,-123
107900320,5,119,-114
107900321,158,6,152
107900322,10,91,-81
107900323,10,132,-122
107900324,162,4,158
107900325,138,5,133
107900326,321,178,143
107900327,0,80,-80
107900328,80,3,77
107900329,136,150,-14
107900330,8,268,-260
107900331,394,30,364
107900332,304,26,278
107900333,88,17,71
107900334,8,98,-90
107900335,128,42,86
107900336,77,51,26
107900337,688,1150,-462
107900338,6,126,-120
107900339,0,12,-12
107900340,0,38,-38
107900341,75,3,72
107900342,118,147,-29
107900343,80,8,72
107900344,6,39,-33
107900345,135,39,96
107900346,22,1,21
107900347,23,4,19
107900348,4,3,1
107900349,23,6,17
107900350,25,178,-153
108000001,3382,3858,-476
108000002,1755,1989,-234
108000003,3959,3740,219
108000004,10616,11673,-1057
108000005,9301,6770,2531
108000006,7136,6607,529
108000007,5940,3935,2005
108000008,3939,5109,-1170
108000009,4265,4692,-427
108000010,2533,3525,-992
108000011,13609,12969,640
108000012,13530,13213,317
108000014,834,1040,-206
108000015,771,243,528
108000016,345,648,-303
108000017,1259,358,901
108000018,2006,708,1298
108000019,2237,1062,1175
108000020,1468,549,919
108000021,362,1562,-1200
108000022,453,1197,-744
108000023,1388,238,1150
108000024,331,390,-59
108000025,379,316,63
108000026,782,323,459
108000027,900,416,484
108000028,707,247,460
108000029,521,444,77
108000030,715,216,499
108000031,261,585,-324
108000032,2034,710,1324
108000033,857,842,15
108000034,1858,574,1284
108000035,740,1576,-836
108000036,324,832,-508
108000037,1923,449,1474
108000038,3029,536,2493
108000039,527,1443,-916
108000040,2257,922,1335
108000041,666,1722,-1056
108000042,320,189,131
108000043,231,255,-24
108000044,652,174,478
108000045,359,390,-31
108000046,1586,317,1269
108000047,401,723,-322
108000048,214,307,-93
108000049,1293,305,988
108000050,97,424,-327
108000051,339,166,173
108000052,237,596,-359
108000053,468,251,217
108000054,498,1032,-534
108000055,1290,633,657
108000056,763,1133,-370
108000057,692,1346,-654
108000058,2496,3948,-1452
108000059,2676,1896,780
108000060,280,457,-177
108000061,134,240,-106
108000062,1031,631,400
108000063,645,433,212
108000064,300,237,63
108000065,608,409,199
108000066,1612,730,882
108000067,2077,713,1364
108000068,887,377,510
108000069,214,788,-574
108000070,2141,763,1378
108000071,627,1180,-553
108000072,1931,1134,797
108000073,1162,1323,-161
108000074,763,388,375
108000075,390,624,-234
108000076,960,541,419
108000077,642,500,142
108000078,3010,1194,1816
108000079,918,1088,-170
108000080,1643,505,1138
108000081,510,1148,-638
108000082,980,1389,-409
108000083,2187,955,1232
108000084,394,891,-497
108000085,946,456,490
108000086,704,547,157
108000087,158,2441,-2283
108000088,272,16,256
108000089,355,375,-20
108000090,529,153,376
108000091,207,400,-193
108000092,197,91,106
108000093,212,351,-139
108000094,625,101,524
108000095,194,273,-79
108000096,407,206,201
108000097,174,304,-130
108000098,2082,1282,800
108000099,277,103,174
108000100,81,227,-146
108000101,1530,1628,-98
108000102,1727,3570,-1843
108000106,1145,4,1141
108000107,3,871,-868
108000108,796,56,740
108000109,11,869,-858
108000110,239,332,-93
108000111,167,449,-282
108000112,55,127,-72
108000113,438,205,233
108000115,347,252,95
108000117,777,346,431
108000118,82,209,-127
108000119,590,380,210
108000120,189,744,-555
108000121,199,382,-183
108000122,671,293,378
108000123,973,197,776
108000124,369,398,-29
108000125,504,191,313
108000126,180,282,-102
108000127,555,241,314
108000128,666,366,300
108000129,327,704,-377
108000130,582,234,348
108000131,1066,468,598
108000132,1693,924,769
108000133,1247,470,777
108000134,576,429,147
108000135,1158,522,636
108000136,314,691,-377
108000137,588,280,308
108000138,486,713,-227
108000139,573,270,303
108000140,143,25,118
108000141,25,38,-13
108000142,52,42,10
108000143,34,18,16
108000144,35,6,29
108000145,58,10,48
108000146,101,6,95
108000147,32,5,27
108000148,69,8,61
108000149,17,16,1
108000150,40,7,33
108000151,71,23,48
108000152,117,357,-240
108000153,680,177,503
108000154,66,6,60
108000155,42,16,26
108000156,355,123,232
108000157,210,1292,-1082
108000158,63,930,-867
108000159,389,185,204
108000160,2164,1194,970
108000161,2094,3088,-994
108000165,5,274,-269
108000172,6,250,-244
108000173,1290,2260,-970
108000175,305,94,211
108000178,437,285,152
108000179,156,1034,-878
108000181,77,21,56
108000182,81,15,66
108000183,27,31,-4
108000184,763,2582,-1819
108000185,299,355,-56
108000186,277,30,247
108000187,121,353,-232
108000188,746,178,568
108000189,536,1445,-909
108000190,30,126,-96
108000192,190,437,-247
108000193,788,38,750
108000194,43,5,38
108000195,1,740,-739
108000196,369,252,117
108000198,488,218,270
108000199,1,233,-232
108000200,549,368,181
108000202,2,322,-320
108000203,166,500,-334
108000204,178,85,93
108000205,165,328,-163
108000339,1123,367,756
108000364,108,234,-126
108000365,124,274,-150
108000367,139,246,-107
108000368,9,53,-44
108000369,595,243,352
108000371,4,617,-613
108000372,634,1,633
108000373,194,123,71
108000376,131,53,78
108000377,638,184,454
108000378,9600,11013,-1413
108000379,25,245,-220
108000381,96,16,80
108000382,120,5,115
108000383,2,176,-174
108900001,89,769,-680
108900002,216,60,156
108900003,304,504,-200
108900004,106,419,-313
108900005,73,443,-370
108900006,814,158,656
108900007,406,282,124
108900008,181,148,33
108900009,106,136,-30
108900010,347,160,187
108900011,793,369,424
108900012,492,458,34
108900013,240,328,-88
108900014,24,108,-84
108900015,0,126,-126
108900016,4,231,-227
108900017,333,332,1
108900018,191,388,-197
108900019,53,416,-363
108900020,86,155,-69
108900021,189,207,-18
108900022,236,8,228
108900023,7,49,-42
108900024,40,75,-35
108900025,169,99,70
108900026,24,161,-137
108900027,0,55,-55
108900028,100,203,-103
108900029,68,224,-156
108900030,0,64,-64
108900031,161,244,-83
108900032,14,153,-139
108900033,0,104,-104
108900034,0,129,-129
108900035,289,911,-622
108900036,201,210,-9
108900037,60,274,-214
108900038,1,242,-241
108900039,0,264,-264
108900040,4,56,-52
108900041,4259,3619,640
108900042,9,430,-421
108900043,101,420,-319
108900044,3,301,-298
108900045,83,306,-223
108900046,24,448,-424
108900047,0,127,-127
108900048,102,561,-459
108900049,1928,1645,283
108900050,4,159,-155
108900051,0,96,-96
108900052,34,125,-91
108900053,86,234,-148
108900054,90,158,-68
108900055,80,375,-295
108900056,0,97,-97
108900057,1,96,-95
108900058,37,240,-203
108900059,597,63,534
108900060,103,108,-5
108900061,77,31,46
108900062,9,175,-166
108900063,29,162,-133
108900064,294,42,252
108900065,15,133,-118
108900066,592,138,454
108900067,12,147,-135
108900068,6,113,-107
108900069,97,52,45
108900070,38,50,-12
108900071,155,82,73
108900072,1960,545,1415
108900073,20,234,-214
108900074,292,201,91
108900075,63,36,27
108900076,451,60,391
108900077,99,299,-200
108900078,36,109,-73
108900079,559,167,392
108900080,21,964,-943
108900081,55,217,-162
108900082,79,84,-5
108900083,14,292,-278
108900084,360,167,193
108900085,1763,172,1591
108900086,143,184,-41
108900087,60,171,-111
108900088,999,385,614
108900089,36,174,-138
108900090,79,189,-110
108900091,143,56,87
108900092,584,276,308
108900093,141,91,50
108900094,281,108,173
108900095,22,247,-225
108900096,296,11,285
108900097,332,167,165
108900098,1625,769,856
108900099,446,204,242
108900100,98,140,-42
108900101,273,251,22
108900102,108,1212,-1104
108900103,122,124,-2
108900104,141,358,-217
108900105,3,1424,-1421
108900106,492,250,242
108900108,372,61,311
108900109,380,61,319
108900110,260,252,8
108900111,452,394,58
108900112,331,32,299
108900113,49,76,-27
108900114,42,12,30
108900115,90,76,14
108900116,64,13,51
108900117,239,15,224
108900118,714,26,688
108900119,310,27,283
108900120,303,201,102
108900121,283,125,158
108900122,162,31,131
108900123,155,133,22
108900124,498,169,329
108900125,576,9,567
108900126,126,43,83
108900127,200,31,169
108900128,152,49,103
108900129,959,143,816
108900130,451,8,443
108900131,420,8,412
108900132,553,64,489
108900133,321,89,232
108900134,465,223,242
108900135,182,12,170
108900136,230,2,228
108900137,213,2,211
108900138,927,85,842
108900139,597,72,525
108900140,400,169,231
108900141,436,49,387
108900142,87,2,85
108900143,107,2,105
108900144,135,2,133
108900145,258,22,236
108900146,85,0,85
108900147,239,2,237
108900148,86,35,51
108900149,515,206,309
108900150,243,15,228
108900151,115,25,90
108900152,356,6,350
108900153,204,285,-81
108900154,5762,444,5318
108900155,323,95,228
108900156,69,23,46
108900157,25,435,-410
108900158,489,23,466
108900159,4,152,-148
108900160,12,154,-142
108900161,6,291,-285
108900162,155,5,150
108900163,8,264,-256
108900164,46,64,-18
108900165,155,68,87
108900167,1285,8788,-7503
108900168,5642,2756,2886
108900169,92,126,-34
108900171,5069,3281,1788
108900172,259,52,207
108900173,128,301,-173
108900174,1009,657,352
108900176,166,370,-204
108900177,4722,7033,-2311
108900178,2978,3968,-990
108900179,649,2128,-1479
108900180,193,282,-89
108900182,47,419,-372
108900183,345,186,159
108900184,618,270,348
108900185,133,403,-270
108900186,109,350,-241
108900187,574,67,507
108900188,752,42,710
108900189,553,164,389
108900190,48,1983,-1935
108900191,144,58,86
108900192,98,208,-110
108900193,215,62,153
108900194,14,375,-361
108900195,150,215,-65
108900196,34,273,-239
108900198,4,277,-273
108900199,244,292,-48
108900200,622,369,253
108900201,542,1191,-649
108900203,530,135,395
108900204,441,11,430
108900205,190,35,155
108900206,669,107,562
108900207,220,158,62
108900208,18,297,-279
108900209,175,477,-302
108900210,328,218,110
108900211,156,609,-453
108900212,490,1624,-1134
108900215,97,315,-218
108900216,570,375,195
108900217,141,2,139
108900218,135,22,113
108900219,95,13,82
108900220,47,24,23
108900221,39,250,-211
108900222,366,17,349
108900223,10,203,-193
108900224,34,232,-198
108900225,0,141,-141
108900226,329,33,296
108900227,109,411,-302
108900230,169,209,-40
108900231,33,211,-178
108900232,1,159,-158
108900233,526,100,426
108900234,299,132,167
108900235,204,519,-315
108900236,63,369,-306
108900237,114,173,-59
108900240,133,94,39
108900241,36,46,-10
108900245,11,1616,-1605
108900249,173,34,139
108900250,288,89,199
108900257,327,314,13
108900258,33,188,-155
108900259,43,54,-11
108900260,1,54,-53
108900261,38,102,-64
108900262,142,144,-2
108900263,58,131,-73
108900264,454,231,223
108900265,1339,566,773
108900266,532,700,-168
108900267,5,140,-135
108900268,14,14,0
108900269,95,24,71
108900270,103,13,90
108900271,63,23,40
108900272,264,20,244
108900273,626,1389,-763
108900274,65,63,2
109000001,2679,2170,509
109000002,1168,2026,-858
109000003,2902,468,2434
109000004,564,1796,-1232
109000005,2408,636,1772
109000006,669,1749,-1080
109000007,1809,568,1241
109000008,658,1385,-727
109000009,4575,1385,3190
109000010,1207,2978,-1771
109000011,3921,2140,1781
109000012,1836,2447,-611
109000013,4537,3879,658
109000014,2239,2430,-191
109000015,3856,8816,-4960
109000016,5111,2778,2333
109000017,2988,1184,1804
109000018,962,2215,-1253
109000019,2861,1406,1455
109000020,1161,1563,-402
109000023,372,34,338
109000024,11,163,-152
109000025,355,534,-179
109000026,531,360,171
109000027,91,340,-249
109000028,135,100,35
109000029,149,222,-73
109000030,73,415,-342
109000031,293,178,115
109000032,135,461,-326
109000033,330,158,172
109000034,79,54,25
109000035,20,48,-28
109000036,92,258,-166
109000037,281,1751,-1470
109000038,516,389,127
109000039,1172,981,191
109000040,4014,11104,-7090
109000041,1945,1861,84
109000042,530,1414,-884
109000044,470,54,416
109000045,78,298,-220
109000046,426,84,342
109000047,50,457,-407
109000048,942,230,712
109000049,259,560,-301
109000050,412,278,134
109000051,250,208,42
109000052,516,633,-117
109000053,241,110,131
109000054,607,428,179
109000055,398,374,24
109000056,430,440,-10
109000057,933,514,419
109000058,752,257,495
109000059,680,1427,-747
109000060,365,337,28
109000061,685,1379,-694
109000062,214,421,-207
109000063,238,178,60
109000064,384,147,237
109000065,199,197,2
109000066,496,80,416
109000067,95,225,-130
109000068,1812,12,1800
109000069,839,33,806
109000070,9,1783,-1774
109000071,447,83,364
109000072,103,311,-208
109000073,65,110,-45
109000074,45,168,-123
109000075,59,258,-199
109000076,143,264,-121
109000077,437,210,227
109000078,113,179,-66
109000079,137,137,0
109000080,180,109,71
109000081,141,404,-263
109000082,770,183,587
109000083,248,458,-210
109000088,105,399,-294
109000089,387,52,335
109000090,158,388,-230
109000091,369,216,153
109000092,378,433,-55
109000093,285,196,89
109000094,653,3,650
109000095,126,328,-202
109000096,817,290,527
109000097,90,162,-72
109000098,45,149,-104
109000099,933,351,582
109000100,354,562,-208
109000101,2014,623,1391
109000102,507,735,-228
109000103,584,543,41
109000104,2205,463,1742
109000105,548,985,-437
109000106,2278,778,1500
109000107,621,1599,-978
109000108,2087,646,1441
109000109,494,1328,-834
109000110,1481,533,948
109000111,819,1670,-851
109000112,364,144,220
109000113,398,208,190
109000114,173,403,-230
109000115,1079,36,1043
109000116,10,241,-231
109000117,286,65,221
109000118,12,257,-245
109000119,1615,195,1420
109000120,181,594,-413
109000121,668,43,625
109000122,163,595,-432
109000123,34,43,-9
109000124,768,363,405
109000125,933,289,644
109000126,464,618,-154
109000127,1082,188,894
109000128,531,931,-400
109000129,3064,701,2363
109000130,568,1244,-676
109000131,1100,607,493
109000132,825,1491,-666
109000133,344,792,-448
109000134,757,1074,-317
109000135,1167,1795,-628
109000136,251,298,-47
109000137,357,416,-59
109000138,595,272,323
109000139,650,389,261
109000140,247,341,-94
109000141,609,445,164
109000142,157,458,-301
109000143,155,76,79
109000145,182,208,-26
109000146,40,89,-49
109000148,2844,2428,416
109000149,33,60,-27
109000150,63,270,-207
109000155,1025,709,316
109000156,919,547,372
109000158,247,305,-58
109000159,225,474,-249
109000160,1209,222,987
109000161,389,841,-452
109000162,2330,726,1604
109000163,1217,1398,-181
109000164,1295,1920,-625
109000165,1431,502,929
109000166,742,128,614
109000167,127,409,-282
109000170,48,49,-1
109000171,57,50,7
109000172,45,62,-17
109000173,28,99,-71
109000174,120,39,81
109000175,43,61,-18
109000176,350,177,173
109000177,38,115,-77
109000178,2351,628,1723
109000179,3928,5953,-2025
109000180,4636,4045,591
109000181,20,16,4
109000182,58,29,29
109000183,49,44,5
109000184,52,16,36
109000185,13,33,-20
109000188,504,1481,-977
109000189,2835,945,1890
109000190,1380,453,927
109000191,503,379,124
109000192,486,207,279
109000193,212,194,18
109000194,319,123,196
109000195,190,292,-102
109000196,360,120,240
109000197,227,257,-30
109000198,491,97,394
109000199,137,351,-214
109000206,229,28,201
109000207,134,30,104
109000208,75,83,-8
109000209,191,114,77
109000210,160,465,-305
109000211,733,422,311
109000214,405,233,172
109000215,139,79,60
109000216,350,284,66
109000217,328,169,159
109000218,540,176,364
109000221,530,869,-339
109000222,1113,269,844
109000223,420,454,-34
109000224,30,82,-52
109000225,79,34,45
109000226,60,127,-67
109000227,1320,991,329
109000228,6,1716,-1710
109000231,0,255,-255
109000232,438,234,204
109000236,342,630,-288
109000241,2231,1689,542
109000242,1895,1048,847
109000293,45,62,-17
109000361,82,169,-87
109000364,194,566,-372
109000396,3,344,-341
109000397,646,7,639
109000399,102,298,-196
109000400,86,255,-169
109000403,86,1038,-952
109000406,398,5,393
109000407,298,143,155
109000408,2,408,-406
109000410,1078,259,819
109000411,229,21,208
109900001,148,0,148
109900002,929,23,906
109900003,250,2,248
109900004,709,122,587
109900005,29,2,27
109900006,772,167,605
109900007,912,314,598
109900008,0,38,-38
109900009,161,466,-305
109900010,551,42,509
109900011,93,57,36
109900012,337,201,136
109900013,468,194,274
109900014,359,70,289
109900015,476,199,277
109900016,156,12,144
109900017,247,169,78
109900018,314,42,272
109900019,436,37,399
109900020,28,41,-13
109900021,49,10,39
109900022,165,203,-38
109900023,28,4,24
109900024,20,0,20
109900025,16,41,-25
109900026,3,116,-113
109900027,38,38,0
109900028,819,1255,-436
109900029,7,198,-191
109900030,37,13,24
109900031,2,192,-190
109900032,24,326,-302
109900033,1,481,-480
109900034,64,6,58
109900035,40,28,12
109900036,38,42,-4
109900037,32,354,-322
109900038,103,250,-147
109900039,5,1,4
109900040,25,366,-341
109900041,81,280,-199
109900042,57,1746,-1689
109900044,149,171,-22
109900045,192,89,103
109900046,30,69,-39
109900047,342,330,12
109900048,8,63,-55
109900049,16,43,-27
109900050,1,86,-85
109900051,0,38,-38
109900052,90,305,-215
109900053,2,162,-160
109900054,919,208,711
109900055,61,211,-150
109900056,16,241,-225
109900057,6,105,-99
109900058,0,66,-66
109900059,982,110,872
109900060,602,128,474
109900061,62,244,-182
109900062,0,121,-121
109900063,24,396,-372
109900064,570,180,390
109900065,46,112,-66
109900066,305,638,-333
109900067,3,150,-147
109900068,98,5,93
109900069,6,36,-30
109900070,29,254,-225
109900071,18,30,-12
109900072,8,124,-116
109900073,450,393,57
109900074,14,42,-28
109900075,27,40,-13
109900076,7,116,-109
109900077,36,46,-10
109900078,98,196,-98
109900080,159,257,-98
109900081,22,237,-215
109900082,48,280,-232
109900083,10,62,-52
109900084,65,152,-87
109900085,182,488,-306
109900086,149,522,-373
109900087,267,500,-233
109900089,741,198,543
109900090,516,927,-411
109900091,393,90,303
109900092,1330,50,1280
109900093,1251,203,1048
109900094,79,92,-13
109900095,109,154,-45
109900096,50,2,48
109900097,137,4,133
109900098,518,57,461
109900099,258,1,257
109900100,64,1,63
109900101,756,12,744
109900102,530,22,508
109900103,26,25,1
109900104,678,339,339
109900105,606,21,585
109900106,582,75,507
109900107,1126,111,1015
109900108,196,332,-136
109900109,45,244,-199
109900110,78,273,-195
109900111,362,710,-348
109900112,287,442,-155
109900113,1022,571,451
109900114,1066,924,142
109900115,167,95,72
109900117,1225,132,1093
109900118,199,356,-157
109900119,600,306,294
109900120,97,29,68
109900121,426,458,-32
109900122,641,10,631
109900123,26,113,-87
109900124,40,412,-372
109900125,5,171,-166
109900126,387,65,322
109900128,380,37,343
109900130,4939,3433,1506
109900131,54,158,-104
109900132,46,107,-61
109900133,103,230,-127
109900134,77,65,12
109900135,303,52,251
109900136,68,118,-50
109900137,172,255,-83
109900140,240,147,93
109900142,1464,291,1173
109900145,2,578,-576
109900146,422,46,376
109900148,52,92,-40
109900149,34,52,-18
109900150,6,62,-56
109900151,11,45,-34
109900152,1,35,-34
109900153,2,57,-55
109900154,40,0,40
109900155,61,30,31
109900157,85,166,-81
109900158,52,106,-54
109900159,121,53,68
109900160,176,65,111
109900161,224,78,146
109900162,219,111,108
109900163,656,341,315
109900164,95,235,-140
109900165,540,12,528
109900166,1,107,-106
109900167,157,383,-226
109900168,239,479,-240
109900169,242,169,73
109900170,257,1193,-936
109900171,232,101,131
109900172,348,285,63
109900173,2102,2586,-484
109900174,44,117,-73
109900175,79,90,-11
109900176,179,125,54
109900177,69,174,-105
109900178,5,273,-268
109900179,50,23,27
109900180,9,7,2
110000001,942,486,456
110000002,695,841,-146
110000003,887,676,211
110000004,512,679,-167
110000005,454,1971,-1517
110000006,245,314,-69
110000007,116,78,38
110000008,17,91,-74
110000009,56,37,19
110000010,35,67,-32
110000011,44,49,-5
110000012,645,324,321
110000013,45,632,-587
110000014,593,403,190
110000015,184,692,-508
110000016,281,1813,-1532
110000017,3075,228,2847
110000018,2833,384,2449
110000019,13,88,-75
110000020,461,212,249
110000021,824,597,227
110000022,1386,251,1135
110000023,12,180,-168
110000024,612,506,106
110000025,477,7,470
110000026,13,256,-243
110000027,962,803,159
110000028,956,643,313
110000029,552,558,-6
110000030,301,431,-130
110000031,307,343,-36
110000032,834,343,491
110000033,295,223,72
110000034,724,639,85
110000035,930,511,419
110000036,1262,772,490
110000037,185,464,-279
110000038,256,698,-442
110000039,836,4224,-3388
110000040,340,349,-9
110000041,372,1858,-1486
110000042,169,638,-469
110000043,985,419,566
110000044,192,1185,-993
110000045,976,294,682
110000046,14,120,-106
110000047,60,97,-37
110000048,16,45,-29
110000049,178,36,142
110000050,20,118,-98
110000051,73,19,54
110000052,45,28,17
110000053,432,58,374
110000054,373,781,-408
110000055,825,90,735
110000056,153,130,23
110000057,430,509,-79
110000058,1176,465,711
110000059,1013,518,495
110000060,1023,1066,-43
110000061,897,707,190
110000062,725,966,-241
110000063,41,122,-81
110000064,60,49,11
110000065,104,72,32
110000066,94,28,66
110000067,107,122,-15
110000068,307,120,187
110000069,405,77,328
110000071,213,60,153
110000073,16,19,-3
110000075,27,97,-70
110000076,394,519,-125
110000077,436,1633,-1197
110000078,27,40,-13
110000080,220,622,-402
110000081,81,254,-173
110000082,39,390,-351
110000083,224,515,-291
110000084,1509,991,518
110000085,1714,1472,242
110000086,1410,2442,-1032
110000087,15,42,-27
110000088,104,192,-88
110000089,343,89,254
110000090,310,220,90
110000091,849,216,633
110000092,33,48,-15
110000093,69,23,46
110000094,557,231,326
110000095,201,634,-433
110000096,1773,1985,-212
110000097,1187,1491,-304
110000098,2118,685,1433
110000099,803,1671,-868
110000100,1278,374,904
110000101,27,253,-226
110000102,79,28,51
110000104,456,150,306
110000105,68,284,-216
110000106,613,530,83
110000107,231,328,-97
110000108,150,116,34
110000109,422,261,161
110000110,2360,5095,-2735
110000111,5159,3376,1783
110000112,924,1566,-642
110000113,319,2649,-2330
110000114,308,688,-380
110000115,427,358,69
110000116,63,56,7
110000117,264,242,22
110000118,564,143,421
110000119,350,263,87
110000120,428,138,290
110000121,80,424,-344
110000122,462,498,-36
110000123,638,735,-97
110000124,0,767,-767
110000125,1182,14,1168
110000126,285,21,264
110000127,1244,62,1182
110000128,35,1148,-1113
110000129,3,482,-479
110000130,317,234,83
110000131,124,239,-115
110000132,2,501,-499
110000133,41,438,-397
110000134,30,322,-292
110000135,236,17,219
110000136,71,301,-230
110000137,673,439,234
110000138,873,580,293
110000139,1076,849,227
110000140,889,650,239
110000143,600,384,216
110000144,4866,1816,3050
110000145,1956,1202,754
110000146,2166,835,1331
110000147,635,783,-148
110000148,879,225,654
110000151,947,1145,-198
110000152,767,411,356
110000153,210,17,193
110000154,44,32,12
110000155,1520,4118,-2598
110000156,1073,2426,-1353
110000157,1962,2160,-198
110000160,577,246,331
110000161,267,221,46
110000166,711,136,575
110000167,1105,594,511
110000168,1320,553,767
110000169,1063,406,657
110000170,189,82,107
110000171,711,134,577
110000172,175,716,-541
110000173,907,1040,-133
110000174,166,704,-538
110000175,850,77,773
110000176,320,421,-101
110000177,244,985,-741
110000178,512,1697,-1185
110000179,1090,311,779
110000180,211,213,-2
110000181,605,422,183
110000182,298,129,169
110000183,7893,8346,-453
110000184,323,3020,-2697
110000185,1718,1028,690
110000186,844,758,86
110000191,1375,202,1173
110000192,790,9,781
110000193,1451,9,1442
110000194,12,704,-692
110000195,531,244,287
110000196,506,230,276
110000197,99,119,-20
110000198,232,51,181
110000199,153,139,14
110000200,1244,395,849
110000201,1387,1170,217
110000202,1588,612,976
110000203,630,562,68
110000204,5,174,-169
110000205,221,47,174
110000206,611,915,-304
110000207,1440,392,1048
110000208,375,243,132
110000209,121,1000,-879
110000210,1552,463,1089
110000211,1310,918,392
110000212,440,1194,-754
110000213,295,55,240
110000214,458,105,353
110000215,198,278,-80
110000216,108,252,-144
110000217,396,131,265
110000218,220,262,-42
110000219,415,105,310
110000220,73,234,-161
110000221,506,57,449
110000222,44,169,-125
110000223,3,178,-175
110000224,24,5,19
110000225,221,776,-555
110000226,327,48,279
110000227,952,1092,-140
110000228,293,152,141
110000229,0,196,-196
110000230,854,659,195
110000231,161,238,-77
110000232,520,312,208
110000233,327,264,63
110000234,1165,1888,-723
110000235,1110,1276,-166
110000236,850,603,247
110000237,2855,1647,1208
110000238,1400,1372,28
110000239,2312,1077,1235
110000240,0,52,-52
110000242,1,20,-19
110000243,189,126,63
110000244,181,595,-414
110000245,45,396,-351
110000246,1126,513,613
110000247,1227,3929,-2702
110000248,2000,1388,612
110000249,90,12,78
110000250,77,151,-74
110000251,441,422,19
110000252,356,141,215
110000253,1609,657,952
110000254,610,880,-270
110000255,246,843,-597
110000256,653,366,287
110000257,600,492,108
110000258,8,519,-511
110000259,168,17,151
110000260,33,199,-166
110000263,619,104,515
110000264,346,270,76
110000265,1329,2156,-827
110000266,2110,3315,-1205
110000267,38,238,-200
110000268,289,452,-163
110000269,4,89,-85
110000270,101,6,95
110000271,1175,299,876
110000272,1237,1046,191
110000273,3389,2212,1177
110000274,207,1867,-1660
110000275,2075,768,1307
110000276,414,463,-49
110000277,369,429,-60
110000278,416,767,-351
110000279,1029,926,103
110000280,591,510,81
110000281,49,452,-403
110000282,244,38,206
110000283,33,150,-117
110000284,63,52,11
110000285,5,959,-954
110000286,29,0,29
110000287,91,3,88
110000288,2,102,-100
110000289,428,2265,-1837
110000290,716,639,77
110000291,3617,1173,2444
110000292,1514,5592,-4078
110000293,799,507,292
110000294,1289,1237,52
110000295,167,697,-530
110000296,622,368,254
110000297,2750,284,2466
110000298,186,443,-257
110000299,210,101,109
110000301,509,28,481
110000302,578,731,-153
110000303,616,16,600
110000304,276,164,112
110000305,1611,19,1592
110000306,220,945,-725
110000307,2116,10,2106
110000308,778,42,736
110000309,10,691,-681
110000310,910,41,869
110000311,28,520,-492
110000312,555,117,438
110000313,2773,2627,146
110000314,3,174,-171
110000315,2958,3400,-442
110000316,501,1471,-970
110000317,559,1189,-630
110000318,17,48,-31
110000319,21,23,-2
110000320,38,50,-12
110000321,42,37,5
110000322,342,363,-21
110000323,548,230,318
110000324,3104,1700,1404
110000325,2622,3949,-1327
110000327,447,375,72
110000328,170,483,-313
110000333,1399,859,540
110000334,1048,1414,-366
110000335,1313,596,717
110000336,977,914,63
110000337,2066,629,1437
110000338,553,241,312
110000339,412,264,148
110000340,64,197,-133
110000341,514,531,-17
110000342,466,3,463
110000343,0,27,-27
110000344,440,291,149
110000345,501,289,212
110000346,2258,2081,177
110000347,1315,820,495
110000348,3,2,1
110000349,0,0,0
110000350,64,5,59
110000351,1248,732,516
110000352,653,1744,-1091
110000353,3032,647,2385
110000354,934,3758,-2824
110000355,105,112,-7
110000356,1107,18,1089
110000357,688,15,673
110000361,74,32,42
110000362,82,49,33
110000363,555,127,428
110000364,309,328,-19
110000365,190,2,188
110000366,1,101,-100
110000367,421,142,279
110000368,3,57,-54
110000369,92,1,91
110000373,4,213,-209
110000374,207,23,184
110000375,94,1143,-1049
110000376,23,78,-55
110000377,104,578,-474
110000378,16,437,-421
110000379,2437,2137,300
110000380,93,19,74
110000383,1,1135,-1134
110000384,1566,986,580
110000385,2,213,-211
110000387,121,20,101
110000388,39,177,-138
110000389,781,26,755
110000391,973,242,731
110000396,256,111,145
110000397,147,117,30
110000398,3,30,-27
110000399,205,2,203
110000587,152,91,61
110000589,206,179,27
110000640,183,24,159
110000652,32,476,-444
110000653,371,373,-2
110000654,87,404,-317
110000656,3,375,-372
110000674,31,18,13
110000675,38,48,-10
110000676,16,23,-7
110000679,219,1304,-1085
110000682,198,228,-30
110000683,382,438,-56
110000684,4,50,-46
110000685,7,12,-5
110000686,3,59,-56
110000687,66,7,59
110000688,68,1176,-1108
110000689,1,4,-3
110000692,90,202,-112
110000693,148,340,-192
110000694,0,147,-147
110000695,221,744,-523
110000696,57,68,-11
110900001,352,24,328
110900002,452,286,166
110900003,994,406,588
110900004,510,117,393
110900005,1436,2573,-1137
110900006,56,34,22
110900007,147,62,85
110900008,30,50,-20
110900009,520,184,336
110900010,30,54,-24
110900011,39,74,-35
110900012,20,83,-63
110900013,1209,141,1068
110900014,424,15,409
110900015,493,708,-215
110900016,60,113,-53
110900017,536,27,509
110900018,555,97,458
110900019,258,27,231
110900020,158,138,20
110900021,77,394,-317
110900022,101,225,-124
110900023,132,642,-510
110900024,21,275,-254
110900025,9,55,-46
110900027,43,242,-199
110900028,41,180,-139
110900029,23,245,-222
110900030,60,180,-120
110900031,9,149,-140
110900032,0,59,-59
110900033,29,204,-175
110900035,31,449,-418
110900036,143,20,123
110900037,117,24,93
110900038,957,180,777
110900039,14,274,-260
110900040,265,44,221
110900041,44,58,-14
110900042,181,51,130
110900043,2,57,-55
110900044,210,25,185
110900045,55,270,-215
110900046,22,190,-168
110900047,486,342,144
110900049,174,132,42
110900050,31,4,27
110900051,23,219,-196
110900052,6,128,-122
110900053,153,28,125
110900054,48,139,-91
110900055,46,3,43
110900056,87,123,-36
110900057,15,91,-76
110900058,292,177,115
110900059,555,418,137
110900060,525,126,399
110900061,32,60,-28
110900062,191,202,-11
110900063,52,180,-128
110900064,16,0,16
110900065,275,160,115
110900066,13,83,-70
110900067,269,782,-513
110900068,446,190,256
110900069,5,18,-13
110900071,275,787,-512
110900073,0,23,-23
110900074,546,86,460
110900075,469,84,385
110900077,968,528,440
110900078,50,31,19
110900079,1567,1459,108
110900080,145,74,71
110900081,6,36,-30
110900082,165,77,88
110900083,137,46,91
110900084,71,47,24
110900085,102,221,-119
110900086,98,369,-271
110900087,421,47,374
110900088,10,1,9
110900090,69,79,-10
110900091,1,56,-55
110900093,429,91,338
110900095,64,67,-3
110900097,16,13,3
110900098,51,82,-31
110900099,102,356,-254
110900100,0,17,-17
110900102,59,23,36
110900105,1775,247,1528
110900108,22,47,-25
110900111,611,247,364
110900112,966,9,957
110900113,420,65,355
110900115,19,49,-30
110900116,824,1163,-339
110900118,108,3648,-3540
110900119,2648,241,2407
110900120,14,55,-41
110900121,143,1,142
110900122,566,184,382
110900125,524,499,25
110900127,588,1390,-802
110900128,217,269,-52
110900129,421,1063,-642
110900130,890,644,246
110900131,330,48,282
110900132,471,70,401
110900133,127,139,-12
110900135,111,269,-158
110900136,399,33,366
110900137,90,2,88
110900138,1438,1058,380
110900139,31,346,-315
110900140,68,12,56
110900141,67,470,-403
110900142,103,124,-21
110900143,176,152,24
110900144,2,470,-468
110900145,250,73,177
110900146,424,305,119
110900147,100,476,-376
110900148,7,225,-218
110900149,4,63,-59
110900150,153,30,123
110900151,18,120,-102
110900152,28,178,-150
110900153,199,52,147
111000001,716,478,238
111000002,622,451,171
111000003,1402,798,604
111000004,455,807,-352
111000005,1349,1316,33
111000006,971,1538,-567
111000007,4732,3450,1282
111000008,1989,3057,-1068
111000009,432,807,-375
111000010,991,287,704
111000011,403,1154,-751
111000012,615,366,249
111000013,473,1099,-626
111000014,1519,440,1079
111000017,121,1024,-903
111000018,249,381,-132
111000020,820,2008,-1188
111000021,60,93,-33
111000023,112,99,13
111000025,3945,4044,-99
111000029,73,84,-11
111000030,34,112,-78
111000031,2282,1355,927
111000032,649,365,284
111000033,346,270,76
111000034,93,344,-251
111000037,1210,611,599
111000038,3334,1937,1397
111000039,2139,1690,449
111000040,2049,1884,165
111000041,1403,1439,-36
111000042,2474,2127,347
111000043,2079,4042,-1963
111000044,2220,1192,1028
111000045,3000,2212,788
111000046,2282,1713,569
111000047,3296,4799,-1503
111000049,553,485,68
111000050,1228,1146,82
111000051,515,857,-342
111000052,619,1435,-816
111000053,345,696,-351
111000054,428,714,-286
111000055,1023,1423,-400
111000056,214,398,-184
111000057,148,408,-260
111000058,535,60,475
111000059,891,283,608
111000060,4849,864,3985
111000061,725,333,392
111000062,1021,365,656
111000063,1991,964,1027
111000064,850,591,259
111000065,1252,922,330
111000066,622,411,211
111000067,795,443,352
111000068,719,818,-99
111000069,1864,1965,-101
111000070,1015,812,203
111000071,281,522,-241
111000072,1565,590,975
111000073,319,1061,-742
111000074,1698,1648,50
111000075,1096,590,506
111000076,520,599,-79
111000077,1800,1679,121
111000078,2916,1192,1724
111000079,1234,824,410
111000080,604,654,-50
111000081,1545,5045,-3500
111000082,822,546,276
111000084,932,599,333
111000085,805,1015,-210
111000086,2693,814,1879
111000087,705,486,219
111000088,5204,2612,2592
111000089,744,846,-102
111000090,845,1256,-411
111000091,939,386,553
111000092,1505,714,791
111000093,904,1026,-122
111000094,2002,1072,930
111000095,759,2329,-1570
111000096,1547,7963,-6416
111000097,4280,1541,2739
111000098,984,1039,-55
111000099,570,1325,-755
111000100,414,1050,-636
111000101,478,759,-281
111000102,283,605,-322
111000104,878,204,674
111000107,233,877,-644
111000109,1469,242,1227
111000110,1721,726,995
111000111,3057,570,2487
111000112,2077,711,1366
111000113,1158,1949,-791
111000114,2176,3952,-1776
111000115,4680,1175,3505
111000116,1090,862,228
111000117,367,800,-433
111000118,1322,814,508
111000119,1306,930,376
111000120,566,587,-21
111000121,402,673,-271
111000122,584,984,-400
111000123,1176,2052,-876
111000124,508,1957,-1449
111000125,297,1143,-846
111000126,137,644,-507
111000127,1093,149,944
111000128,2687,301,2386
111000129,3244,470,2774
111000130,2662,664,1998
111000131,2228,542,1686
111000132,2120,1002,1118
111000133,241,103,138
111000134,154,104,50
111000135,49,188,-139
111000136,419,270,149
111000138,16,3,13
111000140,0,0,0
111000141,177,346,-169
111000142,17,188,-171
111000143,1,208,-207
111000144,33,1314,-1281
111000145,495,15,480
111000146,113,6,107
111000147,195,29,166
111000148,149,115,34
111000149,3,39,-36
111000150,24,10,14
111000151,1,20,-19
111000153,596,771,-175
111000154,712,245,467
111000155,118,177,-59
111000156,618,731,-113
111000157,252,1208,-956
111000158,1053,886,167
111000159,3662,802,2860
111000160,539,367,172
111000161,28,411,-383
111000162,67,79,-12
111000163,850,801,49
111000164,579,3164,-2585
111000165,802,400,402
111000166,1463,309,1154
111000167,173,337,-164
111000168,207,428,-221
111000169,345,558,-213
111000170,407,340,67
111000171,656,494,162
111000172,198,341,-143
111000173,424,619,-195
111000174,301,205,96
111000175,50,320,-270
111000176,543,99,444
111000177,490,159,331
111000178,1562,225,1337
111000179,238,113,125
111000180,295,399,-104
111000181,1389,209,1180
111000182,317,161,156
111000183,386,303,83
111000184,425,191,234
111000185,449,308,141
111000186,413,148,265
111000187,173,125,48
111000188,310,341,-31
111000189,922,514,408
111000190,233,231,2
111000191,151,223,-72
111000192,166,384,-218
111000193,334,199,135
111000194,57,260,-203
111000195,212,303,-91
111000196,64,166,-102
111000197,540,116,424
111000198,667,105,562
111000199,272,116,156
111000200,489,294,195
111000201,726,226,500
111000202,379,183,196
111000203,430,305,125
111000204,478,1449,-971
111000213,203,420,-217
111000214,1526,1152,374
111000215,1064,981,83
111000217,1741,789,952
111000218,1550,962,588
111000219,433,188,245
111000220,1189,746,443
111000221,511,122,389
111000224,18,198,-180
111000225,413,368,45
111000226,155,1,154
111000227,34,2,32
111000228,26,483,-457
111000229,53,1027,-974
111000230,271,292,-21
111000231,1168,545,623
111000232,869,791,78
111000233,1055,499,556
111000234,194,507,-313
111000239,75,122,-47
111000240,87,241,-154
111000241,31,185,-154
111000242,284,69,215
111000243,215,373,-158
111000244,645,97,548
111000245,1239,263,976
111000246,624,274,350
111000247,479,595,-116
111000248,813,364,449
111000249,493,505,-12
111000250,60,65,-5
111000251,49,84,-35
111000253,30,15,15
111000255,69,8,61
111000257,63,23,40
111000260,76,979,-903
111000261,1636,123,1513
111000271,46,279,-233
111000273,2642,1067,1575
111000274,1365,2365,-1000
111000275,220,36,184
111000276,293,1316,-1023
111000277,173,295,-122
111000278,683,245,438
111000291,880,8027,-7147
111000298,644,212,432
111000299,701,167,534
111000300,122,530,-408
111000302,331,74,257
111000303,105,138,-33
111000312,43,55,-12
111000315,2,94,-92
111000320,253,558,-305
111000321,437,151,286
111000322,497,361,136
111000323,287,23,264
111000324,362,206,156
111000325,49,77,-28
111000326,184,256,-72
111000327,481,224,257
111000328,283,494,-211
111000329,1,27,-26
111000330,47,6,41
111000331,17,7,10
111000332,596,1178,-582
111000334,369,956,-587
111000335,1218,190,1028
111000337,1525,304,1221
111000338,59,86,-27
111000339,785,206,579
111000340,137,409,-272
111000341,1408,661,747
111000342,213,1168,-955
111000344,1144,534,610
111000345,156,82,74
111000346,42,159,-117
111000347,155,4,151
111000350,203,122,81
111000351,114,292,-178
111000352,199,114,85
111000353,188,247,-59
111000354,737,103,634
111000355,270,588,-318
111000358,192,739,-547
111000360,251,403,-152
111000361,171,163,8
111000546,1085,609,476
111000547,363,412,-49
111000548,170,306,-136
111000549,351,185,166
111000550,68,925,-857
111000551,702,128,574
111000552,1211,247,964
111000907,434,13,421
111000908,53,1,52
111000916,2122,285,1837
111000917,31,349,-318
111000918,272,525,-253
111000920,705,19,686
111000921,11,131,-120
111000922,673,234,439
111000924,87,517,-430
111000925,3268,1843,1425
111000926,1071,1296,-225
111000927,3357,4261,-904
111000928,4121,2419,1702
111000929,1873,1288,585
111000930,863,1582,-719
111000931,2357,2831,-474
111000932,3515,1725,1790
111000933,3825,2711,1114
111000934,1726,3007,-1281
111000935,1852,970,882
111000936,1115,1708,-593
111000937,1299,1376,-77
111000938,1432,1127,305
111000939,709,42,667
111000940,660,103,557
111000941,443,333,110
111000943,614,206,408
111000944,181,228,-47
111000945,176,1133,-957
111001109,595,522,73
111001110,205,369,-164
111001111,95,6,89
111001112,119,11,108
111001113,3,147,-144
111001114,774,166,608
111001115,58,600,-542
111001116,3633,4154,-521
111001117,625,2620,-1995
111001120,126,192,-66
111001121,158,154,4
111001122,207,320,-113
111001123,324,59,265
111001124,94,124,-30
111001125,3,42,-39
111900001,25,97,-72
111900002,37,460,-423
111900003,2,256,-254
111900004,28,102,-74
111900006,17,65,-48
111900007,201,4,197
111900008,335,2,333
111900009,267,125,142
111900010,302,373,-71
111900012,84,87,-3
111900013,18,45,-27
111900014,3402,4763,-1361
111900015,0,36,-36
111900016,0,70,-70
111900017,0,86,-86
111900018,240,4,236
111900019,4,119,-115
111900020,6,43,-37
111900021,29,73,-44
111900022,4,45,-41
111900023,83,62,21
111900024,57,50,7
111900025,0,47,-47
111900026,0,43,-43
111900027,3,87,-84
111900028,2,202,-200
111900029,1,64,-63
111900030,25,311,-286
111900031,13,14,-1
111900032,0,178,-178
111900033,8,53,-45
111900034,181,384,-203
111900035,125,180,-55
111900036,1,172,-171
111900038,255,465,-210
111900039,46,343,-297
111900040,1,286,-285
111900042,23,126,-103
111900043,1,184,-183
111900044,264,160,104
111900046,42,126,-84
111900048,205,319,-114
111900049,24,181,-157
111900050,98,42,56
111900051,0,138,-138
111900052,295,388,-93
111900053,683,1669,-986
111900054,207,5,202
111900055,15,189,-174
111900056,127,303,-176
111900057,187,29,158
111900058,509,359,150
111900059,1307,730,577
111900060,492,2,490
111900061,8,115,-107
111900062,29,70,-41
111900063,329,224,105
111900064,111,121,-10
111900065,80,25,55
111900066,141,128,13
111900067,4,350,-346
111900068,52,59,-7
111900069,93,15,78
111900070,145,81,64
111900071,0,203,-203
111900072,50,43,7
111900073,1348,173,1175
111900074,14,163,-149
111900075,105,12,93
111900076,228,55,173
111900077,43,1,42
111900078,367,24,343
111900079,75,25,50
111900080,210,291,-81
111900082,136,29,107
111900083,202,14,188
111900084,101,6,95
111900085,59,126,-67
111900086,40,7,33
111900087,103,1,102
111900088,660,14,646
111900089,110,16,94
111900090,61,42,19
111900091,208,11,197
111900092,162,0,162
111900093,545,13,532
111900094,164,12,152
111900095,327,38,289
111900096,146,4,142
111900097,73,0,73
111900098,295,13,282
111900099,116,0,116
111900100,245,7,238
111900101,115,20,95
111900102,775,318,457
111900103,79,130,-51
111900104,250,81,169
111900105,302,214,88
111900106,822,49,773
111900110,1331,392,939
111900111,211,162,49
111900112,487,3858,-3371
111900113,156,100,56
111900118,433,73,360
111900119,326,172,154
111900122,112,60,52
111900123,13,35,-22
111900124,22,36,-14
111900125,567,55,512
111900126,328,6,322
111900127,1,509,-508
111900128,4,333,-329
111900129,378,41,337
111900130,282,51,231
111900131,548,3,545
111900132,15,647,-632
111900133,7,233,-226
111900134,10,130,-120
111900135,10,32,-22
111900136,72,148,-76
111900137,47,43,4
111900138,8,50,-42
111900139,8,65,-57
111900140,128,30,98
111900141,96,9,87
111900142,111,31,80
111900143,144,152,-8
111900144,0,51,-51
111900145,0,286,-286
111900146,3,168,-165
111900147,113,311,-198
111900148,19,384,-365
111900149,5,163,-158
111900150,10,85,-75
111900151,3,20,-17
111900152,95,72,23
111900153,888,634,254
111900154,26,429,-403
111900155,74,124,-50
111900156,92,88,4
111900157,142,23,119
111900158,607,81,526
111900159,394,44,350
111900160,427,4,423
111900161,212,2,210
111900162,87,191,-104
111900163,21,173,-152
111900164,124,61,63
111901113,591,103,488
111901114,469,219,250
111901115,143,9,134
111901116,60,3,57
111901117,62,58,4
111901118,41,439,-398
111901119,550,72,478
111901121,114,123,-9
111901122,1,340,-339
111901123,263,239,24
111901124,236,1,235
111901125,554,212,342
111901127,452,730,-278
111901128,13,55,-42
111901129,10,141,-131
111901130,9,123,-114
111901131,3,178,-175
111901132,98,27,71
111901133,56,4,52
111901134,131,2,129
111901135,28,6,22
111901136,55,71,-16
111901137,1,20,-19
111901138,239,33,206
111901139,29,20,9
111901140,19,75,-56
111901141,7,121,-114
111901142,6,110,-104
111901143,0,73,-73
111901144,39,57,-18
111901145,136,255,-119
111901146,325,14,311
112000001,2043,770,1273
112000002,651,1823,-1172
112000003,1960,1121,839
112000004,735,822,-87
112000005,4486,4086,400
112000006,1923,1401,522
112000007,4582,2741,1841
112000008,3075,4010,-935
112000009,2770,2400,370
112000010,3580,4494,-914
112000011,1470,1407,63
112000012,5165,6167,-1002
112000013,3453,4308,-855
112000014,2648,3144,-496
112000015,2951,4392,-1441
112000016,6269,3118,3151
112000017,2403,5768,-3365
112000024,2125,886,1239
112000026,2755,3192,-437
112000027,876,655,221
112000028,1011,1278,-267
112000029,804,929,-125
112000030,135,57,78
112000031,1591,5949,-4358
112000032,272,50,222
112000033,2106,3205,-1099
112000034,181,73,108
112000035,132,897,-765
112000036,748,1693,-945
112000037,1367,1922,-555
112000038,1626,2290,-664
112000039,118,73,45
112000040,57,179,-122
112000041,428,425,3
112000042,936,432,504
112000050,1408,1645,-237
112000051,1241,1804,-563
112000054,1358,1325,33
112000057,1235,479,756
112000058,456,690,-234
112000059,518,687,-169
112000061,3191,1621,1570
112000062,1504,1519,-15
112000063,911,2320,-1409
112000064,3082,4218,-1136
112000065,1728,2015,-287
112000066,4186,1780,2406
112000067,787,619,168
112000068,3719,2803,916
112000069,729,1608,-879
112000070,2503,1083,1420
112000071,1162,2237,-1075
112000072,3021,815,2206
112000073,1889,2426,-537
112000074,1609,1251,358
112000075,1661,1309,352
112000076,3831,2262,1569
112000077,866,519,347
112000078,2002,815,1187
112000079,1705,1493,212
112000080,1040,880,160
112000081,1470,2359,-889
112000082,1609,858,751
112000083,696,1082,-386
112000084,1532,669,863
112000085,1397,886,511
112000086,2092,956,1136
112000087,685,434,251
112000088,814,350,464
112000089,624,450,174
112000090,377,285,92
112000091,603,708,-105
112000092,2297,1030,1267
112000093,1550,730,820
112000094,761,761,0
112000095,794,755,39
112000096,703,569,134
112000097,1701,693,1008
112000098,945,876,69
112000099,987,1973,-986
112000100,2310,724,1586
112000101,598,693,-95
112000102,1770,496,1274
112000103,379,778,-399
112000105,498,927,-429
112000106,2049,397,1652
112000107,23,258,-235
112000108,212,1374,-1162
112000109,56,68,-12
112000110,2378,690,1688
112000111,1085,5668,-4583
112000112,4624,885,3739
112000113,970,1580,-610
112000114,3167,1126,2041
112000115,423,531,-108
112000116,852,925,-73
112000117,1094,760,334
112000118,989,731,258
112000119,506,586,-80
112000120,79,278,-199
112000121,151,357,-206
112000122,422,177,245
112000123,946,171,775
112000124,407,53,354
112000125,345,290,55
112000126,361,345,16
112000127,2883,2932,-49
112000128,1436,1021,415
112000129,131,95,36
112000130,255,102,153
112000131,35,188,-153
112000132,208,239,-31
112000133,496,177,319
112000134,559,334,225
112000135,1748,736,1012
112000136,1229,1393,-164
112000137,2468,2602,-134
112000138,2226,1738,488
112000139,807,641,166
112000140,751,1018,-267
112000141,1122,423,699
112000142,173,392,-219
112000143,1348,221,1127
112000144,253,838,-585
112000145,3165,549,2616
112000146,592,1372,-780
112000147,2977,1835,1142
112000148,1458,1900,-442
112000149,555,565,-10
112000150,343,503,-160
112000151,314,295,19
112000152,470,371,99
112000153,165,198,-33
112000154,163,295,-132
112000155,115,98,17
112000157,670,652,18
112000158,321,330,-9
112000159,690,366,324
112000167,574,174,400
112000169,227,408,-181
112000173,1010,266,744
112000175,451,316,135
112000176,2059,2082,-23
112000177,1058,270,788
112000178,163,299,-136
112000179,321,80,241
112000180,303,371,-68
112000181,1288,1389,-101
112000182,1560,983,577
112000183,29,55,-26
112000184,461,320,141
112000185,631,335,296
112000187,5173,2967,2206
112000195,224,22,202
112000196,301,1,300
112000197,359,300,59
112000198,40,364,-324
112000199,1245,839,406
112000202,561,5,556
112000216,58,218,-160
112000230,134,10,124
112000231,6,225,-219
112000256,104,242,-138
112000313,71,123,-52
112000314,93,44,49
112000337,252,563,-311
112000352,243,469,-226
112000392,1626,1386,240
112000398,1947,936,1011
112000399,1713,2954,-1241
112000400,1608,1975,-367
112000401,2392,1563,829
112000402,4295,3987,308
112000403,2132,3374,-1242
112000404,1200,953,247
112000405,2455,3245,-790
112000406,2677,1511,1166
112000407,9351,9121,230
112000408,6983,4427,2556
112000409,1367,2971,-1604
112000410,550,376,174
112000411,3698,2190,1508
112000412,1360,655,705
112000413,6188,7288,-1100
112000414,107,64,43
112000415,133,43,90
112000416,2991,1365,1626
112000417,383,92,291
112000421,53,78,-25
112000422,348,293,55
112000424,1672,3104,-1432
112000425,455,610,-155
112000426,203,306,-103
112000427,7,16,-9
112000428,410,246,164
112000429,2093,1927,166
112000430,2409,2756,-347
112000431,127,154,-27
112000432,586,862,-276
112000433,472,819,-347
112000437,53,134,-81
112900001,106,6,100
112900002,576,571,5
112900003,101,339,-238
112900004,45,199,-154
112900005,303,173,130
112900006,26,208,-182
112900007,73,162,-89
112900008,1,50,-49
112900009,510,183,327
112900010,524,770,-246
112900011,125,181,-56
112900012,3,32,-29
112900013,6,271,-265
112900014,6,278,-272
112900015,490,616,-126
112900016,4,185,-181
112900017,47,178,-131
112900018,9,193,-184
112900019,45,157,-112
112900020,448,982,-534
112900021,6,194,-188
112900022,18,69,-51
112900023,1,109,-108
112900024,20,179,-159
112900025,96,265,-169
112900026,3,151,-148
112900027,5,717,-712
112900028,10,117,-107
112900029,34,440,-406
112900030,81,104,-23
112900031,4,280,-276
112900032,234,203,31
112900034,1,49,-48
112900035,3,236,-233
112900036,51,170,-119
112900037,146,224,-78
112900038,857,168,689
112900039,18,267,-249
112900040,6,1073,-1067
112900041,711,1141,-430
112900042,236,234,2
112900043,62,35,27
112900044,483,506,-23
112900045,209,293,-84
112900046,184,62,122
112900047,3,46,-43
112900049,373,85,288
112900050,64,548,-484
112900051,337,492,-155
112900052,0,556,-556
112900053,305,185,120
112900054,292,73,219
112900055,140,68,72
112900056,428,240,188
112900057,41,368,-327
112900058,341,397,-56
112900059,110,147,-37
112900060,31,147,-116
112900061,90,98,-8
112900062,79,117,-38
112900063,84,22,62
112900064,200,269,-69
112900065,47,46,1
112900066,335,213,122
112900067,304,131,173
112900068,71,66,5
112900069,1999,1008,991
112900071,82,7,75
112900072,392,2686,-2294
112900073,589,138,451
112900074,113,287,-174
112900075,1088,1022,66
112900076,67,50,17
112900078,402,536,-134
112900079,261,28,233
112900080,116,9,107
112900081,61,248,-187
112900082,711,22,689
112900083,164,134,30
112900084,278,142,136
112900086,169,2,167
112900087,1070,190,880
112900088,211,17,194
112900089,1095,57,1038
112900090,69,33,36
112900091,372,7,365
112900092,151,402,-251
112900093,1860,28,1832
112900095,75,2,73
112900096,705,190,515
112900097,102,295,-193
112900098,506,2,504
112900099,1138,39,1099
112900100,78,0,78
112900101,494,6,488
112900102,236,29,207
112900103,203,5,198
112900104,161,2,159
112900105,42,0,42
112900106,537,164,373
112900107,15,1,14
112900108,17,0,17
112900109,120,4,116
112900110,1439,10,1429
112900111,873,1,872
112900112,424,1,423
112900113,0,6,-6
112900114,218,46,172
112900115,1658,6,1652
112900116,140,41,99
112900117,77,39,38
112900118,23,69,-46
112900119,170,3,167
112900120,897,319,578
112900121,72,166,-94
112900122,19,77,-58
112900123,132,18,114
112900124,12,90,-78
112900125,99,567,-468
112900126,187,170,17
112900127,420,117,303
112900128,201,671,-470
112900129,1,609,-608
112900130,305,152,153
112900131,55,360,-305
112900132,114,613,-499
112900133,23,1485,-1462
112900134,1,266,-265
112900135,90,54,36
112900137,1,392,-391
112900138,11,207,-196
112900139,157,901,-744
112900141,1146,51,1095
112900142,57,186,-129
112900143,25,277,-252
112900144,0,203,-203
112900145,31,356,-325
112900146,10,776,-766
112900147,0,1020,-1020
112900148,61,2,59
112900149,264,666,-402
112900151,39,70,-31
112900152,3906,664,3242
112900153,1584,2757,-1173
112900154,7,115,-108
112900155,284,38,246
112900156,474,753,-279
112900157,372,55,317
112900158,112,31,81
112900159,313,146,167
112900160,81,268,-187
112900161,109,62,47
112900162,36,16,20
112900163,74,60,14
112900164,30,241,-211
112900165,211,48,163
112900166,27,85,-58
112900167,12,103,-91
112900168,8,1,7
112900169,16,25,-9
112900170,351,146,205
112900172,61,14,47
112900173,322,150,172
112900174,260,43,217
112900175,151,155,-4
112900176,7,143,-136
112900177,307,60,247
112900178,1006,3254,-2248
112900179,24,428,-404
112900180,2710,1555,1155
112900181,797,7,790
112900182,72,684,-612
112900183,160,438,-278
112900184,534,510,24
112900185,264,826,-562
112900186,1485,1428,57
112900187,106,639,-533
112900188,758,2628,-1870
112900189,17,21,-4
112900190,6,53,-47
112900192,868,872,-4
112900193,1544,434,1110
112900194,76,90,-14
112900195,1104,52,1052
112900196,236,354,-118
112900197,229,417,-188
112900199,831,386,445
112900200,835,229,606
112900201,207,79,128
112900202,451,566,-115
112900203,302,209,93
112900204,849,540,309
112900205,12,17,-5
112900206,25,85,-60
112900207,44,0,44
112900208,88,351,-263
112900209,409,295,114
112900210,1,16,-15
112900211,88,65,23
112900212,0,141,-141
112900213,62,17,45
112900214,22,13,9
112900215,16,126,-110
112900216,20,52,-32
112900217,2,70,-68
112900218,64,16,48
112900219,98,6,92
112900220,4,0,4
112900221,53,79,-26
112900222,1,26,-25
112900223,1309,19,1290
112900224,521,400,121
112900225,629,347,282
112900226,325,400,-75
112900227,746,608,138
112900228,88,39,49
112900229,248,41,207
112900230,8319,4426,3893
112900232,312,324,-12
112900233,55,135,-80
112900234,20,54,-34
112900235,96,29,67
112900236,356,14,342
112900237,220,122,98
112900238,3,23,-20
112900239,615,685,-70
113000001,6320,4585,1735
113000002,4262,3326,936
113000003,2045,1578,467
113000004,1714,2151,-437
113000005,1930,969,961
113000006,1175,1211,-36
113000007,2250,1052,1198
113000008,1667,1433,234
113000009,1357,765,592
113000010,1293,1165,128
113000011,1006,1451,-445
113000012,2245,858,1387
113000013,1566,808,758
113000014,1487,2159,-672
113000015,607,479,128
113000016,605,1323,-718
113000017,119,383,-264
113000018,394,60,334
113000019,240,349,-109
113000020,414,112,302
113000021,1275,527,748
113000022,823,1282,-459
113000025,196,858,-662
113000026,464,684,-220
113000027,693,812,-119
113000028,986,900,86
113000029,1040,616,424
113000030,360,606,-246
113000031,211,246,-35
113000032,265,279,-14
113000033,317,494,-177
113000034,349,332,17
113000035,53,39,14
113000036,28,76,-48
113000037,59,29,30
113000038,19,60,-41
113000039,96,383,-287
113000040,50,67,-17
113000042,667,539,128
113000051,993,2159,-1166
113000052,2058,792,1266
113000053,568,332,236
113000054,401,804,-403
113000055,1331,519,812
113000056,1214,818,396
113000058,775,833,-58
113000059,1249,508,741
113000060,307,535,-228
113000061,707,952,-245
113000062,686,266,420
113000063,298,71,227
113000064,47,258,-211
113000065,204,560,-356
113000066,903,109,794
113000067,2723,1018,1705
113000068,402,913,-511
113000069,525,921,-396
113000070,3092,836,2256
113000071,580,574,6
113000072,1066,484,582
113000073,456,1399,-943
113000074,1157,444,713
113000075,1946,715,1231
113000076,650,2282,-1632
113000077,1210,654,556
113000078,641,2494,-1853
113000079,762,1043,-281
113000080,764,921,-157
113000081,997,1013,-16
113000082,1269,956,313
113000083,629,885,-256
113000084,1835,1303,532
113000085,945,740,205
113000086,1618,1113,505
113000087,1323,1002,321
113000088,2400,1357,1043
113000089,1035,1759,-724
113000090,206,703,-497
113000091,454,402,52
113000094,1520,248,1272
113000095,264,706,-442
113000096,149,610,-461
113000097,1165,382,783
113000098,179,48,131
113000099,1809,444,1365
113000100,135,336,-201
113000101,296,542,-246
113000102,719,546,173
113000103,1795,342,1453
113000104,688,2331,-1643
113000105,1053,519,534
113000106,351,422,-71
113000107,1169,823,346
113000108,845,1019,-174
113000109,620,1662,-1042
113000110,2361,522,1839
113000111,134,675,-541
113000112,356,309,47
113000113,1392,268,1124
113000114,347,1666,-1319
113000116,856,352,504
113000117,974,208,766
113000118,83,650,-567
113000119,675,499,176
113000120,102,331,-229
113000121,795,1369,-574
113000124,260,167,93
113000125,87,899,-812
113000127,1939,278,1661
113000128,775,470,305
113000129,559,786,-227
113000133,1976,1748,228
113000134,7,1103,-1096
113000135,4369,5085,-716
113000137,1507,3760,-2253
113000139,447,384,63
113000140,103,242,-139
113000141,421,295,126
113000142,666,1612,-946
113000143,317,191,126
113000144,216,649,-433
113000145,115,97,18
113000146,145,68,77
113000147,220,99,121
113000148,261,111,150
113000149,140,106,34
113000150,623,264,359
113000151,107,34,73
113000152,41,117,-76
113000153,1345,641,704
113000154,836,1713,-877
113000155,408,829,-421
113000156,175,421,-246
113000157,284,701,-417
113000158,810,296,514
113000159,1099,684,415
113000160,747,929,-182
113000161,333,394,-61
113000162,911,404,507
113000163,143,54,89
113000164,20,66,-46
113000166,199,146,53
113000167,55,71,-16
113000168,113,98,15
113000169,243,84,159
113000170,125,133,-8
113000171,57,88,-31
113000172,321,76,245
113000173,89,28,61
113000174,121,403,-282
113000175,416,123,293
113000176,582,167,415
113000177,201,373,-172
113000178,247,297,-50
113000179,330,197,133
113000180,840,1395,-555
113000181,1303,803,500
113000182,179,492,-313
113000183,142,622,-480
113000184,25,84,-59
113000189,474,1053,-579
113000190,738,552,186
113000192,979,3133,-2154
113000193,2904,2125,779
113000194,1241,1265,-24
113000195,1887,1443,444
113000196,216,69,147
113000197,1933,1731,202
113000198,98,399,-301
113000199,2049,562,1487
113000201,311,306,5
113000202,4212,1212,3000
113000203,182,160,22
113000204,891,2584,-1693
113000205,8,29,-21
113000206,10,35,-25
113000207,71,16,55
113000208,44,50,-6
113000209,19,32,-13
113000210,6,14,-8
113000211,127,223,-96
113000212,71,14,57
113000213,38,207,-169
113000214,170,202,-32
113000234,194,620,-426
113000410,875,289,586
113000411,2637,4700,-2063
113000412,5126,2258,2868
113000413,1980,3061,-1081
113000414,4734,14677,-9943
113000415,2127,2731,-604
113000416,6700,4043,2657
113000417,2515,2877,-362
113000418,5269,3910,1359
113000419,2229,2189,40
113000420,4622,6641,-2019
113000421,4513,7582,-3069
113000422,11672,11378,294
113000423,1886,5995,-4109
113000424,3145,10116,-6971
113000425,6,96,-90
113000428,98,33,65
113000430,11,424,-413
113000432,2307,200,2107
113000433,143,619,-476
113000434,34,149,-115
113000435,19,405,-386
113000436,43,847,-804
113000437,1196,23,1173
113000438,291,10,281
113000439,21,92,-71
113000440,144,29,115
113000441,266,200,66
113000442,196,137,59
113000443,351,158,193
113000444,247,157,90
113000445,144,85,59
113000446,40,91,-51
113000448,277,201,76
113000449,157,878,-721
113000450,658,2433,-1775
113000451,1169,264,905
113000452,368,488,-120
113000453,70,427,-357
113000454,534,141,393
113000455,27,432,-405
113000456,3778,2773,1005
113000468,1143,197,946
113000469,82,244,-162
113000470,357,19,338
113000471,13,394,-381
113000472,123,268,-145
113000474,817,655,162
113000475,1512,1556,-44
113000476,1726,1888,-162
113000477,4071,1936,2135
113000478,3956,4199,-243
113000479,125,169,-44
113000480,140,340,-200
113000484,0,0,0
113000485,0,0,0
113000486,11,0,11
113000487,0,2,-2
113000488,0,1,-1
113000489,0,3,-3
113000490,0,1,-1
113000491,10,27,-17
113000492,3,0,3
113000493,8,0,8
113000495,179,156,23
113000496,152,114,38
113000497,0,0,0
113000499,0,0,0
113000500,0,1,-1
113900001,0,221,-221
113900002,0,52,-52
113900003,64,52,12
113900004,0,39,-39
113900005,3,62,-59
113900006,12,18,-6
113900007,49,20,29
113900008,30,0,30
113900009,52,0,52
113900010,77,7,70
113900011,85,0,85
113900012,73,0,73
113900013,171,7,164
113900014,649,3,646
113900015,0,48,-48
113900016,39,0,39
113900017,4,45,-41
113900018,406,257,149
113900019,214,52,162
113900020,145,1,144
113900022,36,0,36
113900023,19,1,18
113900024,43,33,10
113900025,328,35,293
113900026,65,0,65
113900027,11,44,-33
113900028,14,303,-289
113900029,68,113,-45
113900030,231,1,230
113900031,13,1,12
113900032,31,0,31
113900033,92,69,23
113900035,46,1,45
113900036,15,47,-32
113900037,186,309,-123
113900038,49,139,-90
113900039,250,20,230
113900040,25,33,-8
113900041,6,0,6
113900042,76,35,41
113900043,146,73,73
113900044,254,347,-93
113900045,92,4,88
113900046,481,557,-76
113900047,31,87,-56
113900048,186,127,59
113900049,513,397,116
113900050,252,295,-43
113900051,226,274,-48
113900052,126,129,-3
113900053,670,607,63
113900054,23,4,19
113900055,126,304,-178
113900056,71,186,-115
113900057,18,103,-85
113900058,99,84,15
113900059,391,282,109
113900060,191,251,-60
113900061,729,240,489
113900062,116,21,95
113900063,125,62,63
113900064,35,108,-73
113900065,523,35,488
113900066,459,197,262
113900067,337,667,-330
113900068,515,569,-54
113900069,72,43,29
113900070,175,390,-215
113900071,72,52,20
113900072,95,156,-61
113900073,344,331,13
113900074,366,976,-610
113900075,1184,1389,-205
113900076,203,16,187
113900077,53,151,-98
113900078,37,44,-7
113900079,1,36,-35
113900080,560,184,376
113900081,58,136,-78
113900082,108,237,-129
113900083,413,222,191
113900084,227,122,105
113900085,34,185,-151
113900086,75,12,63
113900087,69,97,-28
113900088,72,72,0
113900089,450,51,399
113900090,741,333,408
113900091,28,12,16
113900092,28,85,-57
113900093,75,935,-860
113900094,496,311,185
113900095,152,129,23
113900096,263,49,214
113900097,40,182,-142
113900098,774,107,667
113900099,3,60,-57
113900100,1,2,-1
113900101,10,81,-71
113900102,116,178,-62
113900103,286,298,-12
113900104,155,215,-60
113900105,152,123,29
113900106,2,40,-38
113900107,2,20,-18
113900108,177,245,-68
113900109,320,183,137
113900110,99,18,81
113900111,153,102,51
113900112,207,71,136
113900113,1454,441,1013
113900114,0,59,-59
113900115,0,47,-47
113900116,127,178,-51
113900117,72,38,34
113900118,169,430,-261
113900119,171,457,-286
113900120,70,47,23
113900121,89,91,-2
113900122,583,2414,-1831
113900123,535,214,321
113900124,0,91,-91
113900125,705,117,588
113900126,137,56,81
113900127,389,676,-287
113900128,164,88,76
113900129,14,187,-173
113900130,10,266,-256
113900131,286,64,222
113900132,57,70,-13
113900133,18,51,-33
113900135,334,270,64
113900136,86,53,33
113900137,369,322,47
113900138,54,206,-152
113900139,252,179,73
113900140,174,479,-305
113900141,545,213,332
113900142,151,64,87
113900143,20,44,-24
113900144,231,475,-244
113900145,598,141,457
113900146,174,54,120
113900148,129,347,-218
113900149,175,105,70
113900150,427,489,-62
113900151,483,184,299
113900152,66,48,18
113900153,212,722,-510
113900154,2,123,-121
113900155,156,217,-61
113900156,261,312,-51
113900157,54,316,-262
113900158,402,858,-456
113900159,27,239,-212
113900160,578,451,127
113900161,76,232,-156
113900162,513,1433,-920
113900163,275,265,10
113900164,313,56,257
113900165,912,366,546
113900166,158,170,-12
113900167,332,42,290
113900168,93,81,12
113900169,249,366,-117
113900171,248,80,168
113900172,7,104,-97
113900173,19,314,-295
113900174,464,620,-156
113900175,346,135,211
113900176,452,413,39
113900177,320,163,157
113900178,415,144,271
113900179,25,315,-290
113900180,206,142,64
113900181,1037,145,892
113900182,859,794,65
113900183,42,54,-12
113900184,26,268,-242
113900185,156,73,83
113900186,46,40,6
113900187,46,122,-76
113900188,62,186,-124
113900189,270,134,136
113900190,261,128,133
113900191,100,186,-86
113900192,4,778,-774
113900193,15,159,-144
113900194,1277,849,428
113900195,262,331,-69
113900196,7,238,-231
113900197,2,126,-124
113900198,37,264,-227
113900199,171,625,-454
113900200,17,235,-218
113900201,0,117,-117
113900202,31,261,-230
113900203,0,63,-63
113900204,33,420,-387
113900205,5,162,-157
113900206,8,113,-105
113900207,3,57,-54
113900208,0,35,-35
113900209,0,60,-60
113900210,540,812,-272
113900211,236,56,180
113900212,205,336,-131
113900214,419,433,-14
113900215,53,105,-52
113900216,183,569,-386
113900217,83,168,-85
113900218,155,80,75
113900219,103,315,-212
113900220,122,129,-7
113900221,319,272,47
113900222,194,516,-322
113900223,143,512,-369
113900224,67,45,22
113900225,954,236,718
113900226,396,99,297
113900227,521,196,325
113900228,357,623,-266
113900229,67,1112,-1045
113900230,3847,3943,-96
113900231,195,156,39
113900232,84,83,1
113900233,109,51,58
113900234,345,448,-103
113900235,118,47,71
113900236,225,223,2
113900237,275,13,262
113900238,299,622,-323
113900239,56,89,-33
113900240,5,199,-194
113900241,97,39,58
113900242,44,126,-82
113900243,73,370,-297
113900244,295,208,87
113900245,1060,320,740
113900246,9,38,-29
113900247,174,435,-261
113900248,2011,2262,-251
113900249,807,475,332
113900250,120,172,-52
113900251,813,115,698
113900252,593,18,575
113900253,672,80,592
113900254,879,165,714
113900255,572,27,545
113900256,432,21,411
113900257,23,354,-331
113900258,24,248,-224
113900259,548,100,448
113900260,264,7,257
113900261,42,76,-34
113900262,143,337,-194
113900263,124,569,-445
113900264,5,361,-356
113900265,150,322,-172
113900266,36,169,-133
113900267,103,395,-292
113900268,518,419,99
113900269,53,130,-77
113900270,285,800,-515
113900271,688,828,-140
113900273,79,15,64
113900274,76,42,34
113900275,19,81,-62
113900276,0,96,-96
113900277,173,3,170
113900278,286,207,79
113900279,67,83,-16
113900280,1574,529,1045
113900281,614,1424,-810
113900282,764,694,70
113900283,437,394,43
113900284,864,260,604
113900285,143,37,106
113900286,26,73,-47
113900287,73,95,-22
113900288,5,151,-146
113900289,561,97,464
113900290,153,238,-85
113900291,103,165,-62
113900292,13,5,8
113900293,10,191,-181
113900294,625,26,599
113900295,501,398,103
113900296,1874,395,1479
113900297,2250,37,2213
113900298,13,1442,-1429
113900299,198,149,49
113900300,3770,4420,-650
113900301,681,435,246
113900302,1903,1013,890
113900303,378,601,-223
113900304,1,119,-118
113900305,123,0,123
113900306,95,1,94
113900307,33,0,33
113900308,92,110,-18
113900309,1,425,-424
113900310,1,5,-4
113900311,10,0,10
113900312,262,216,46
113900313,12,2,10
114000001,1062,2010,-948
114000002,355,335,20
114000003,67,320,-253
114000004,403,390,13
114000005,395,215,180
114000006,2345,1993,352
114000007,781,1292,-511
114000008,1429,2065,-636
114000009,995,287,708
114000011,3232,2133,1099
114000012,3165,1546,1619
114000013,2273,1359,914
114000014,492,233,259
114000015,2415,385,2030
114000016,275,236,39
114000017,175,470,-295
114000018,257,36,221
114000026,2251,1056,1195
114000027,4063,2062,2001
114000028,2935,2841,94
114000038,365,147,218
114000039,79,38,41
114000040,189,263,-74
114000042,239,119,120
114000043,53,60,-7
114000044,381,38,343
114000045,61,61,0
114000046,3360,4428,-1068
114000047,10,80,-70
114000048,115,25,90
114000049,1788,1458,330
114000050,1996,2173,-177
114000051,3578,2108,1470
114000052,4673,1866,2807
114000053,107,740,-633
114000054,248,768,-520
114000055,285,42,243
114000056,670,1194,-524
114000057,4305,1939,2366
114000058,418,1907,-1489
114000059,222,439,-217
114000060,524,808,-284
114000061,2835,3429,-594
114000062,1610,1935,-325
114000063,1861,1316,545
114000064,4219,4086,133
114000065,1478,2182,-704
114000066,549,612,-63
114000067,20,899,-879
114000068,631,745,-114
114000069,1102,574,528
114000070,2421,1793,628
114000071,912,480,432
114000072,542,189,353
114000073,23,42,-19
114000074,93,13,80
114000075,63,73,-10
114000076,34,59,-25
114000077,17,18,-1
114000078,394,504,-110
114000079,199,32,167
114000080,82,86,-4
114000081,103,82,21
114000082,46,326,-280
114000083,88,177,-89
114000084,514,127,387
114000085,100,455,-355
114000086,248,346,-98
114000087,207,128,79
114000088,38,26,12
114000089,573,319,254
114000090,972,1044,-72
114000091,1489,902,587
114000092,1382,472,910
114000093,1941,767,1174
114000094,599,350,249
114000095,401,186,215
114000096,124,276,-152
114000097,132,348,-216
114000098,785,111,674
114000099,713,353,360
114000100,1934,538,1396
114000101,508,438,70
114000102,783,340,443
114000103,186,258,-72
114000104,100,175,-75
114000105,243,112,131
114000106,810,1553,-743
114000107,520,137,383
114000108,1040,831,209
114000109,660,1315,-655
114000110,684,1098,-414
114000111,2407,975,1432
114000112,503,1397,-894
114000113,1400,577,823
114000114,1153,975,178
114000115,2286,1196,1090
114000116,1287,2156,-869
114000117,3837,559,3278
114000118,3257,507,2750
114000119,2358,466,1892
114000120,798,635,163
114000121,497,747,-250
114000122,427,323,104
114000123,2392,359,2033
114000124,1106,277,829
114000125,835,973,-138
114000126,2539,314,2225
114000127,441,158,283
114000128,902,346,556
114000130,617,507,110
114000131,343,115,228
114000132,789,397,392
114000133,1065,1177,-112
114000134,73,94,-21
114000138,41,174,-133
114000139,553,346,207
114000144,1172,523,649
114000145,90,138,-48
114000146,128,182,-54
114000147,1665,2144,-479
114000148,1694,1978,-284
114000149,398,369,29
114000150,426,671,-245
114000151,689,1664,-975
114000152,104,47,57
114000153,626,2131,-1505
114000154,586,571,15
114000155,1250,2473,-1223
114000156,670,719,-49
114000157,227,1044,-817
114000158,1104,627,477
114000159,126,349,-223
114000160,124,331,-207
114000161,1361,3427,-2066
114000162,1272,2916,-1644
114000163,20,80,-60
114000165,538,326,212
114000166,736,514,222
114000167,2447,1471,976
114000168,699,559,140
114000169,1560,1558,2
114000170,1715,1257,458
114000171,1212,5318,-4106
114000174,186,445,-259
114000176,335,428,-93
114000177,1229,734,495
114000178,70,60,10
114000179,1213,760,453
114000180,380,532,-152
114000181,1713,4307,-2594
114000182,1917,2158,-241
114000183,993,809,184
114000184,2408,772,1636
114000185,1281,781,500
114000189,1528,157,1371
114000190,3821,463,3358
114000191,88,112,-24
114000192,190,1019,-829
114000193,432,1747,-1315
114000194,1616,728,888
114000195,187,66,121
114000196,3,150,-147
114000197,1525,17,1508
114000198,753,336,417
114000199,1718,1695,23
114000200,562,1190,-628
114000201,178,618,-440
114000202,1114,426,688
114000203,499,455,44
114000204,161,346,-185
114000205,248,1070,-822
114000206,681,1079,-398
114000207,550,1256,-706
114000208,419,1751,-1332
114000209,563,1572,-1009
114000210,254,881,-627
114000211,1241,1321,-80
114000212,984,761,223
114000213,1616,556,1060
114000214,90,179,-89
114000215,215,79,136
114000216,1523,453,1070
114000217,404,191,213
114000218,168,201,-33
114000219,1504,165,1339
114000220,25,637,-612
114000221,959,172,787
114000222,121,691,-570
114000223,695,149,546
114000224,86,496,-410
114000225,304,481,-177
114000226,275,210,65
114000227,1072,438,634
114000228,1090,564,526
114000229,1429,1116,313
114000230,1783,934,849
114000231,1197,1193,4
114000232,842,134,708
114000233,2559,133,2426
114000234,1086,669,417
114000235,1137,1043,94
114000236,1,312,-311
114000237,120,616,-496
114000238,154,199,-45
114000239,215,782,-567
114000240,833,757,76
114000241,295,762,-467
114000242,694,677,17
114000243,1848,864,984
114000244,582,268,314
114000245,431,807,-376
114000246,116,58,58
114000247,695,524,171
114000248,1507,512,995
114000249,644,399,245
114000250,733,572,161
114000251,536,208,328
114000252,65,54,11
114000253,88,122,-34
114000254,66,53,13
114000255,674,273,401
114000256,1068,2585,-1517
114000257,354,1027,-673
114000258,414,318,96
114000259,146,239,-93
114000260,0,35,-35
114000261,56,41,15
114000262,427,134,293
114000263,4,2,2
114000264,1439,411,1028
114000265,0,0,0
114000267,2,1665,-1663
114000268,3,959,-956
114000270,138,2,136
114000271,335,71,264
114000283,1456,399,1057
114000285,20,116,-96
114000288,97,280,-183
114000289,1631,112,1519
114000293,268,487,-219
114000294,285,313,-28
114000395,1526,40,1486
114000396,777,601,176
114000402,636,232,404
114000403,345,266,79
114000405,185,287,-102
114000423,356,254,102
114000424,636,139,497
114000425,1033,272,761
114000426,321,869,-548
114000427,55,87,-32
114000428,162,211,-49
114000429,4,168,-164
114000432,138,82,56
114000434,36,64,-28
114000435,17,149,-132
114900001,798,630,168
114900002,863,145,718
114900003,805,906,-101
114900004,250,442,-192
114900005,523,585,-62
114900006,94,96,-2
114900007,285,20,265
114900008,232,85,147
114900010,1414,1850,-436
114900011,214,139,75
114900013,254,146,108
114900015,91,547,-456
114900018,1027,29,998
114900020,229,73,156
114900022,6,516,-510
114900024,338,207,131
114900025,611,197,414
114900026,71,130,-59
114900027,361,160,201
114900029,50,21,29
114900030,384,170,214
114900031,485,29,456
114900032,399,32,367
114900033,712,1062,-350
114900034,43,128,-85
114900035,137,241,-104
114900036,155,474,-319
114900037,121,103,18
114900038,204,498,-294
114900039,678,332,346
114900040,102,88,14
114900041,989,332,657
114900042,1042,480,562
114900043,470,245,225
114900044,224,49,175
114900046,25,101,-76
114900047,242,2497,-2255
114900048,127,207,-80
114900049,6,89,-83
114900050,72,266,-194
114900051,13,319,-306
114900052,112,213,-101
114900053,186,258,-72
114900054,49,104,-55
114900057,187,16,171
114900058,0,72,-72
114900059,88,51,37
114900060,728,762,-34
114900061,134,91,43
114900062,238,293,-55
114900063,98,146,-48
114900064,1710,345,1365
114900065,390,700,-310
114900067,125,352,-227
114900068,41,121,-80
114900069,205,95,110
114900070,631,298,333
114900072,5,225,-220
114900073,2,169,-167
114900074,778,532,246
114900075,459,12,447
114900076,8,341,-333
114900080,1450,350,1100
114900082,2870,2248,622
114900083,1227,1059,168
114900090,476,228,248
114900091,111,181,-70
114900095,317,131,186
114900096,415,555,-140
114900097,196,1,195
114900098,4,182,-178
114900099,226,8,218
115000001,4707,2933,1774
115000002,4539,5132,-593
115000003,4124,2182,1942
115000004,5537,6871,-1334
115000005,1671,1844,-173
115000006,1298,1540,-242
115000007,167,190,-23
115000008,466,668,-202
115000009,233,231,2
115000010,332,199,133
115000013,94,233,-139
115000015,67,335,-268
115000016,192,377,-185
115000019,46,414,-368
115000020,100,788,-688
115000021,216,403,-187
115000022,525,364,161
115000023,427,716,-289
115000024,1045,402,643
115000025,871,723,148
115000026,191,389,-198
115000027,329,295,34
115000028,274,706,-432
115000029,730,118,612
115000030,1065,965,100
115000031,1427,413,1014
115000032,9,247,-238
115000033,166,42,124
115000034,90,1089,-999
115000035,1185,114,1071
115000036,2,348,-346
115000037,627,27,600
115000038,64,149,-85
115000039,3417,4044,-627
115000040,4901,2638,2263
115000041,1615,3833,-2218
115000042,1058,599,459
115000043,4578,2414,2164
115000044,3925,3183,742
115000045,2623,1247,1376
115000046,2986,2354,632
115000047,2752,1380,1372
115000048,1758,1771,-13
115000049,1586,2743,-1157
115000050,3392,1679,1713
115000051,1693,3457,-1764
115000052,1827,1564,263
115000053,2007,2034,-27
115000054,627,1051,-424
115000055,181,1066,-885
115000056,261,530,-269
115000057,567,1247,-680
115000058,303,407,-104
115000059,237,127,110
115000061,193,175,18
115000062,247,238,9
115000063,507,246,261
115000064,244,89,155
115000065,76,564,-488
115000067,204,16,188
115000069,96,257,-161
115000070,22,790,-768
115000071,103,24,79
115000072,8,61,-53
115000073,1355,68,1287
115000075,109,59,50
115000076,3142,2470,672
115000077,2618,1729,889
115000078,1517,1096,421
115000079,1737,1415,322
115000080,2996,1808,1188
115000081,414,699,-285
115000082,4622,3532,1090
115000083,2140,1667,473
115000084,2977,1033,1944
115000085,898,721,177
115000086,1287,706,581
115000087,405,1318,-913
115000088,1731,688,1043
115000089,1329,1213,116
115000090,574,887,-313
115000091,187,633,-446
115000092,740,453,287
115000093,641,4,637
115000094,5414,6001,-587
115000095,3984,6524,-2540
115000096,811,959,-148
115000097,1235,1018,217
115000098,1376,637,739
115000099,2694,1878,816
115000100,1361,353,1008
115000101,419,1116,-697
115000102,584,254,330
115000103,283,530,-247
115000105,55,103,-48
115000106,743,352,391
115000107,215,336,-121
115000108,2615,2044,571
115000109,4035,5088,-1053
115000110,1496,1624,-128
115000111,619,1454,-835
115000112,873,668,205
115000113,735,740,-5
115000114,1906,632,1274
115000116,3906,2272,1634
115000117,3476,3561,-85
115000118,2774,1704,1070
115000119,2254,2357,-103
115000120,602,1595,-993
115000121,1095,835,260
115000122,2723,2399,324
115000123,1518,2810,-1292
115000124,837,1123,-286
115000125,464,767,-303
115000126,140,302,-162
115000127,397,166,231
115000128,413,773,-360
115000129,370,415,-45
115000130,393,641,-248
115000131,893,221,672
115000132,566,282,284
115000133,757,208,549
115000134,761,303,458
115000135,396,162,234
115000136,261,280,-19
115000137,149,191,-42
115000138,455,293,162
115000139,285,216,69
115000140,429,213,216
115000141,246,198,48
115000142,212,190,22
115000143,988,515,473
115000144,536,70,466
115000145,321,222,99
115000146,507,343,164
115000147,391,362,29
115000148,307,652,-345
115000149,681,261,420
115000150,756,569,187
115000151,1489,578,911
115000152,755,693,62
115000153,1394,601,793
115000154,1018,314,704
115000155,681,681,0
115000156,1264,748,516
115000157,648,686,-38
115000158,643,402,241
115000159,592,659,-67
115000160,598,646,-48
115000161,593,416,177
115000162,657,948,-291
115000163,540,545,-5
115000164,703,582,121
115000165,415,498,-83
115000167,116,88,28
115000168,501,323,178
115000169,484,367,117
115000170,129,149,-20
115000171,272,251,21
115000172,1021,669,352
115000173,342,779,-437
115000174,119,390,-271
115000175,199,170,29
115000176,244,109,135
115000177,309,183,126
115000178,42,215,-173
115000179,62,39,23
115000180,133,480,-347
115000181,895,137,758
115000182,1161,280,881
115000183,511,708,-197
115000186,736,257,479
115000187,257,656,-399
115000188,405,366,39
115000189,198,409,-211
115000190,655,430,225
115000191,156,610,-454
115000194,142,204,-62
115000195,291,252,39
115000196,310,98,212
115000197,244,252,-8
115000198,521,164,357
115000199,409,151,258
115000200,460,129,331
115000201,181,337,-156
115000206,466,82,384
115000207,238,336,-98
115000208,360,555,-195
115000209,913,370,543
115000210,165,123,42
115000211,307,213,94
115000212,1201,347,854
115000224,356,51,305
115000225,68,77,-9
115000229,158,104,54
115000230,87,292,-205
115000231,276,956,-680
115000232,1979,258,1721
115000233,170,169,1
115000234,21,244,-223
115000241,107,182,-75
115000242,141,192,-51
115000243,66,174,-108
115000244,20,108,-88
115000246,38,54,-16
115000247,28,51,-23
115000248,52,17,35
115000249,41,19,22
115000250,263,35,228
115000251,246,116,130
115000252,125,194,-69
115000253,19,461,-442
115000258,336,129,207
115000259,316,125,191
115000261,29,11,18
115000262,30,37,-7
115000263,31,33,-2
115000264,28,34,-6
115000267,63,59,4
115000268,43,105,-62
115000269,114,49,65
115000270,3,22,-19
115000272,87,108,-21
115000273,496,36,460
115000280,1754,523,1231
115000281,356,1448,-1092
115000282,821,1125,-304
115000284,268,178,90
115000296,1085,8,1077
115000297,151,312,-161
115000298,41,638,-597
115000300,202,156,46
115000302,666,135,531
115000303,931,121,810
115000304,1126,55,1071
115000305,158,485,-327
115000306,246,253,-7
115000307,146,200,-54
115000308,23,13,10
115000309,8,55,-47
115000310,1111,722,389
115000311,1168,998,170
115000313,100,411,-311
115000314,555,122,433
115000315,674,473,201
115000316,66,134,-68
115000317,241,414,-173
115000318,901,355,546
115000319,84,233,-149
115000320,13,321,-308
115000321,307,33,274
115000322,41,157,-116
115000449,213,201,12
115000557,2,1700,-1698
115000558,340,108,232
115000587,675,380,295
115000588,2141,2457,-316
115000589,4045,2199,1846
115000590,1416,1424,-8
115000591,2410,751,1659
115000592,654,1969,-1315
115000593,1834,594,1240
115000594,601,2689,-2088
115000609,189,163,26
115000617,1229,3800,-2571
115000624,335,59,276
115000633,537,1827,-1290
115000634,2590,778,1812
115000635,554,103,451
115000638,717,623,94
115000641,39,119,-80
115000642,385,279,106
115000643,106,441,-335
115000644,137,343,-206
115000646,1038,1508,-470
115000647,205,491,-286
115000648,2307,1460,847
115000893,2255,1399,856
115000894,166,901,-735
115000895,392,695,-303
115000896,1036,303,733
115000897,546,151,395
115000898,509,283,226
115000899,358,1201,-843
115000900,57,293,-236
115000901,46,127,-81
115000912,543,104,439
115000913,2,17,-15
115000915,27,2,25
115000916,5,0,5
115000917,0,3,-3
115000918,37,478,-441
115000919,6,15,-9
115000920,16,67,-51
115000921,401,103,298
115000922,654,783,-129
115000923,212,942,-730
115000925,137,91,46
115000927,44,73,-29
115000933,162,216,-54
115000934,153,144,9
115000935,121,70,51
115000936,32,834,-802
115000937,558,166,392
115000938,58,237,-179
115000939,41,193,-152
115900001,173,44,129
115900002,95,73,22
115900003,199,60,139
115900004,4,39,-35
115900005,209,14,195
115900006,189,170,19
115900008,117,7,110
115900009,89,179,-90
115900010,457,101,356
115900011,541,507,34
115900012,221,49,172
115900013,353,106,247
115900014,139,192,-53
115900015,158,54,104
115900016,92,19,73
115900017,26,7,19
115900018,160,48,112
115900019,207,9,198
115900020,129,0,129
115900021,1298,241,1057
115900022,998,8,990
115900023,56,9,47
115900025,59,361,-302
115900026,847,164,683
115900027,2,188,-186
115900028,521,61,460
115900029,24,310,-286
115900030,53,27,26
115900031,210,352,-142
115900032,507,574,-67
115900033,0,46,-46
115900034,23,218,-195
115900035,60,10,50
115900036,52,914,-862
115900037,29,212,-183
115900038,73,15,58
115900039,227,153,74
115900041,300,769,-469
115900042,46,4,42
115900043,108,69,39
115900044,248,339,-91
115900046,383,174,209
115900047,158,185,-27
115900049,193,172,21
115900051,1,30,-29
115900052,5,146,-141
115900053,291,212,79
115900054,294,43,251
115900055,21,79,-58
115900056,304,209,95
115900057,52,8,44
115900058,33,46,-13
115900060,328,176,152
115900061,328,3,325
115900062,68,164,-96
115900063,85,6,79
115900064,162,230,-68
115900065,159,123,36
115900066,99,111,-12
115900067,18,305,-287
115900068,2088,1201,887
115900069,74,197,-123
115900070,226,137,89
115900071,2,257,-255
115900072,41,122,-81
115900073,102,118,-16
115900074,3,187,-184
115900075,17,182,-165
115900076,7,38,-31
115900077,6,168,-162
115900078,80,140,-60
115900079,260,15,245
115900080,330,168,162
115900081,14,54,-40
115900082,150,156,-6
115900084,614,30,584
115900085,52,88,-36
115900086,1406,520,886
115900088,32,59,-27
115900089,431,502,-71
115900090,422,14,408
115900091,7,37,-30
115900092,36,103,-67
115900093,12,31,-19
115900094,4,160,-156
115900096,5,11,-6
115900097,4,210,-206
115900098,253,264,-11
115900099,182,71,111
115900100,13,397,-384
115900101,176,192,-16
115900102,101,72,29
115900103,357,125,232
115900104,106,93,13
115900105,373,504,-131
115900106,99,30,69
115900107,135,99,36
115900108,219,24,195
115900109,40,316,-276
115900110,0,19,-19
115900111,3,51,-48
115900112,41,768,-727
115900113,66,15,51
115900114,3,94,-91
115900115,120,263,-143
115900116,121,717,-596
115900117,125,21,104
115900118,7,203,-196
115900119,161,157,4
115900120,43,256,-213
115900121,263,211,52
115900124,450,599,-149
115900125,382,49,333
115900126,820,85,735
115900127,778,64,714
115900128,9,71,-62
115900129,657,50,607
115900130,19,234,-215
115900131,314,19,295
115900132,624,5,619
115900134,340,10,330
115900135,390,1463,-1073
115900137,39,16,23
115900139,31,86,-55
115900140,335,32,303
115900141,6,68,-62
115900142,4,42,-38
115900143,351,762,-411
115900144,143,244,-101
115900146,17,67,-50
115900147,253,295,-42
115900148,65,6,59
115900149,183,24,159
115900150,122,25,97
115900151,8,126,-118
115900152,151,263,-112
115900153,132,203,-71
115900154,421,303,118
115900155,0,45,-45
115900156,728,976,-248
115900157,223,507,-284
115900158,12,14,-2
115900159,192,173,19
115900160,9,13,-4
115900161,338,154,184
115900163,240,131,109
115900164,635,15,620
115900165,0,166,-166
115900166,223,112,111
115900168,124,152,-28
115900171,113,287,-174
115900172,70,170,-100
115900173,238,90,148
115900174,251,211,40
115900175,169,161,8
115900178,9,342,-333
115900179,348,10,338
115900180,34,74,-40
115900181,188,126,62
115900182,466,157,309
115900183,32,52,-20
115900184,1023,16,1007
115900187,5,129,-124
115900189,2,283,-281
115900190,376,1464,-1088
115900191,30,315,-285
115900192,16,165,-149
115900193,338,93,245
115900194,774,61,713
115900195,561,2211,-1650
115900198,217,281,-64
115900199,238,200,38
115900200,238,323,-85
115900201,386,383,3
115900202,2,77,-75
115900203,6,36,-30
115900204,6,7,-1
115900205,59,15,44
115900206,309,135,174
115900207,48,20,28
115900208,166,104,62
115900209,9,117,-108
115900210,8,123,-115
115900211,6,169,-163
115900212,201,240,-39
115900213,109,139,-30
115900214,564,159,405
115900215,30,212,-182
115900216,5,88,-83
115900217,17,45,-28
115900218,7,24,-17
115900219,113,5,108
115900220,231,1,230
115900221,100,3,97
115900222,105,45,60
115900223,14,481,-467
115900224,749,1484,-735
115900225,60,64,-4
115900226,30,41,-11
115900227,16,37,-21
115900228,11,43,-32
115900229,11,41,-30
115900230,43,105,-62
115900231,126,7,119
115900232,51,2,49
115900233,89,14,75
115900234,44,34,10
115900235,53,38,15
115900236,62,24,38
115900237,44,24,20
115900238,68,14,54
115900239,16,30,-14
115900240,8,43,-35
115900241,322,129,193
115900242,228,306,-78
115900243,8,5,3
115900244,12,10,2
115900245,72,6,66
115900246,4,19,-15
115900247,44,16,28
115900248,14,8,6
115900249,14,8,6
115900250,16,35,-19
115900251,3,21,-18
115900252,3,7,-4
115900253,23,13,10
115900254,2,25,-23
115900255,5,21,-16
115900256,16,19,-3
115900257,6,11,-5
115900258,2,3,-1
115900259,11,9,2
115900260,6,0,6
115900261,14,2,12
115900262,4,2,2
115900263,9,2,7
115900264,7,5,2
115900265,5,6,-1
115900266,9,16,-7
115900267,3,21,-18
115900268,6,10,-4
115900269,614,343,271
115900270,418,268,150
115900271,154,1,153
115900272,49,3,46
115900273,15,38,-23
115900274,5,5,0
115900275,0,11,-11
115900276,0,9,-9
115900277,0,37,-37
115900278,50,86,-36
115900279,20,210,-190
115900280,20,548,-528
115900281,286,256,30
115900282,8,9,-1
115900283,12,22,-10
115900284,25,2,23
116000001,8905,3763,5142
116000002,4994,14281,-9287
116000003,1654,1392,262
116000004,3209,4750,-1541
116000005,1879,2834,-955
116000006,2845,2949,-104
116000007,3008,3942,-934
116000008,5754,2901,2853
116000009,1391,1966,-575
116000010,2707,1872,835
116000011,816,1916,-1100
116000012,1949,1254,695
116000013,5935,3579,2356
116000014,8100,13803,-5703
116000015,258,1585,-1327
116000016,5044,4337,707
116000017,49,792,-743
116000018,600,263,337
116000019,1025,317,708
116000020,731,801,-70
116000021,608,325,283
116000022,365,308,57
116000023,1305,804,501
116000024,516,625,-109
116000025,1011,855,156
116000026,1692,2399,-707
116000027,894,592,302
116000028,474,944,-470
116000029,596,711,-115
116000030,930,523,407
116000031,178,324,-146
116000032,416,196,220
116000033,396,440,-44
116000034,701,795,-94
116000035,380,694,-314
116000036,1351,1274,77
116000037,480,540,-60
116000038,351,516,-165
116000039,454,446,8
116000040,659,403,256
116000041,145,452,-307
116000042,637,393,244
116000043,95,754,-659
116000044,10,55,-45
116000045,1869,1450,419
116000046,1007,1711,-704
116000047,1636,2236,-600
116000048,1908,1715,193
116000049,1430,3050,-1620
116000050,1599,1310,289
116000051,6624,2388,4236
116000052,5923,4628,1295
116000053,2443,733,1710
116000054,898,2295,-1397
116000055,909,754,155
116000056,1281,1247,34
116000057,2788,1477,1311
116000058,3169,2824,345
116000059,2885,4553,-1668
116000060,1908,1014,894
116000061,655,1290,-635
116000062,635,221,414
116000063,664,1324,-660
116000066,291,755,-464
116000067,228,435,-207
116000068,246,320,-74
116000069,290,299,-9
116000078,642,1207,-565
116000080,1967,924,1043
116000082,14,39,-25
116000083,2048,397,1651
116000084,2071,3142,-1071
116000085,2575,2201,374
116000086,1311,768,543
116000087,2462,1722,740
116000088,825,967,-142
116000089,200,68,132
116000090,96,152,-56
116000091,358,376,-18
116000093,1115,553,562
116000094,793,548,245
116000095,1002,635,367
116000096,996,1752,-756
116000097,1341,601,740
116000098,74,8179,-8105
116000099,5350,259,5091
116000100,292,40,252
116000101,1073,612,461
116000102,250,829,-579
116000103,599,355,244
116000104,257,988,-731
116000105,1249,128,1121
116000106,1058,865,193
116000107,4276,326,3950
116000108,495,212,283
116000111,150,37,113
116000113,188,107,81
116000114,27,113,-86
116000115,411,119,292
116000116,242,378,-136
116000117,1749,1828,-79
116000118,1644,1137,507
116000119,4001,1810,2191
116000120,2668,3025,-357
116000121,1173,675,498
116000122,1229,1239,-10
116000123,1440,543,897
116000124,443,800,-357
116000125,3723,803,2920
116000126,316,1220,-904
116000127,1089,944,145
116000128,2202,976,1226
116000129,2407,363,2044
116000130,637,673,-36
116000133,1348,736,612
116000134,1872,1576,296
116000135,3244,1374,1870
116000136,960,1562,-602
116000137,1448,956,492
116000138,1103,642,461
116000139,1876,2561,-685
116000140,207,175,32
116000141,351,523,-172
116000142,2841,2280,561
116000143,2059,1928,131
116000144,1638,1785,-147
116000145,2176,1174,1002
116000146,754,152,602
116000147,180,140,40
116000148,570,543,27
116000149,711,768,-57
116000151,520,464,56
116000153,79,344,-265
116000155,167,239,-72
116000156,776,982,-206
116000157,78,9,69
116000158,385,372,13
116000159,20,16,4
116000160,13,26,-13
116000161,5,83,-78
116000162,71,133,-62
116000163,28,20,8
116000164,6,20,-14
116000177,397,101,296
116000194,109,386,-277
116000195,1269,750,519
116000196,7,0,7
116000197,6,7,-1
116000198,2582,1036,1546
116000200,689,650,39
116000201,627,680,-53
116000202,11,222,-211
116000203,1,79,-78
116000204,26,69,-43
116000205,0,134,-134
116000206,7,150,-143
116000207,9,40,-31
116000233,202,365,-163
116000287,236,309,-73
116000288,339,185,154
116000292,95,65,30
116000296,13,218,-205
116000297,158,13,145
116000304,158,44,114
116000305,38,75,-37
116000346,214,96,118
116000352,112,55,57
116000354,53,36,17
116000357,15,143,-128
116000358,420,74,346
116000361,46,3,43
116000372,3671,5226,-1555
116000381,127,4,123
116000388,3,61,-58
116000389,946,513,433
116000445,549,362,187
116000446,774,433,341
116000447,18,594,-576
116000448,540,164,376
116000563,826,932,-106
116000565,28,363,-335
116000568,57,331,-274
116000579,22,111,-89
116000584,21,12,9
116000585,36,14,22
116000586,70,63,7
116000587,578,631,-53
116000589,35,32,3
116000590,96,97,-1
116000591,267,186,81
116000592,9,78,-69
116000593,1,19,-18
116000594,732,311,421
116000595,695,130,565
116000596,116,3,113
116000597,463,151,312
116000598,24,122,-98
116000602,83,473,-390
116000605,238,121,117
116000606,91,320,-229
116000607,3,16,-13
116000609,172,1124,-952
116000611,204,366,-162
116000612,1074,2051,-977
116000613,710,339,371
116000614,434,397,37
116000615,2,454,-452
116000616,37,66,-29
116000617,139,26,113
116000618,0,57,-57
116000619,63,84,-21
116000620,136,102,34
116000621,116,108,8
116000622,69,147,-78
116000624,210,94,116
116000627,60,16,44
116000628,76,254,-178
116000629,48,202,-154
116000630,566,33,533
116000631,215,34,181
116000632,613,151,462
116000633,68,212,-144
116000634,797,48,749
116000635,2229,2676,-447
116000636,556,1240,-684
116000637,460,22,438
116000638,38,302,-264
116900001,236,169,67
116900002,250,2,248
116900003,81,29,52
116900004,33,88,-55
116900005,316,57,259
116900006,112,450,-338
116900007,152,150,2
116900008,486,247,239
116900009,15,6,9
116900010,3,811,-808
116900011,5,23,-18
116900012,155,180,-25
116900013,4,92,-88
116900014,171,127,44
116900015,566,53,513
116900016,260,5,255
116900017,3,419,-416
116900018,121,40,81
116900019,5,231,-226
116900020,725,1390,-665
116900023,125,20,105
116900024,674,43,631
116900025,1308,621,687
116900026,88,473,-385
116900027,43,54,-11
116900028,14,112,-98
116900029,0,80,-80
116900031,0,4,-4
116900032,13,268,-255
116900033,27,4,23
116900034,24,69,-45
116900035,134,155,-21
116900036,4,87,-83
116900038,44,2,42
116900041,55,10,45
116900042,385,271,114
116900043,55,59,-4
116900047,27,225,-198
116900049,31,271,-240
116900050,112,368,-256
116900051,178,120,58
116900052,197,67,130
116900055,0,5,-5
116900057,12,139,-127
116900058,24,316,-292
116900059,9,122,-113
116900060,128,157,-29
116900062,0,4,-4
116900064,86,390,-304
116900065,23,79,-56
116900067,88,76,12
116900068,105,156,-51
116900070,1,2,-1
116900072,27,304,-277
116900073,24,69,-45
116900074,17,50,-33
116900076,10,58,-48
116900077,14,78,-64
116900078,182,84,98
116900079,31,162,-131
116900080,7,22,-15
116900081,421,861,-440
116900082,465,748,-283
116900083,31,30,1
116900084,115,57,58
116900085,54,118,-64
116900086,49,147,-98
116900088,321,115,206
116900090,87,46,41
116900091,417,31,386
116900092,103,570,-467
116900093,1568,1614,-46
116900094,3099,4375,-1276
116900095,207,87,120
116900096,164,369,-205
116900097,2198,3769,-1571
116900098,804,317,487
116900099,550,798,-248
116900100,1076,55,1021
116900101,290,435,-145
116900103,7,0,7
116900104,56,86,-30
116900105,337,214,123
116900106,2547,166,2381
116900107,2381,3166,-785
116900110,23,1,22
116900111,629,525,104
116900112,335,738,-403
116900113,1587,1799,-212
116900116,79,565,-486
116900117,203,110,93
116900118,534,839,-305
116900120,494,53,441
116900121,164,22,142
116900122,1085,500,585
116900123,259,564,-305
116900124,245,880,-635
116900125,450,137,313
116900126,104,592,-488
116900128,7,45,-38
116900129,2,338,-336
116900130,488,4242,-3754
116900131,99,332,-233
116900132,61,103,-42
116900133,194,165,29
116900134,281,266,15
116900136,305,236,69
116900137,331,171,160
116900138,266,119,147
116900139,172,375,-203
116900140,194,185,9
116900141,855,468,387
116900142,9,67,-58
116900143,311,277,34
116900144,29,68,-39
116900145,78,156,-78
116900147,374,485,-111
116900148,5,41,-36
116900149,65,221,-156
116900150,12,12,0
116900151,55,15,40
116900153,155,77,78
116900154,468,561,-93
116900155,57,69,-12
116900157,772,182,590
116900158,120,271,-151
116900159,48,212,-164
116900160,1081,770,311
116900161,4216,7974,-3758
116900162,19,74,-55
116900163,192,116,76
116900164,125,82,43
116900165,286,285,1
116900166,46,52,-6
116900167,499,56,443
116900168,378,68,310
116900169,392,581,-189
116900170,460,559,-99
116900171,45,161,-116
116900172,167,363,-196
116900173,266,25,241
116900174,84,68,16
116900175,190,252,-62
116900178,29,105,-76
116900179,98,346,-248
116900180,103,26,77
116900182,467,267,200
116900183,161,87,74
116900185,33,59,-26
116900186,77,164,-87
116900187,67,63,4
116900188,192,25,167
116900189,95,0,95
116900191,422,595,-173
116900192,337,141,196
116900194,198,1513,-1315
116900195,53,22,31
116900196,15,87,-72
116900197,122,17,105
116900198,188,273,-85
116900200,61,16,45
116900201,166,8,158
116900202,91,41,50
116900203,244,4,240
116900204,40,118,-78
116900206,21,14,7
116900207,17,31,-14
116900208,2,89,-87
116900209,15,74,-59
116900210,557,326,231
116900211,238,4,234
116900212,87,28,59
116900213,246,99,147
116900214,209,157,52
116900215,78,58,20
116900216,363,182,181
116900218,1,172,-171
116900219,1209,289,920
116900220,133,293,-160
116900221,83,293,-210
116900222,480,366,114
116900223,132,297,-165
116900226,114,59,55
116900227,221,47,174
116900228,359,140,219
116900230,66,167,-101
116900231,32,253,-221
116900232,22,288,-266
116900233,318,91,227
116900234,51,21,30
116900235,121,181,-60
116900238,1231,324,907
116900239,25,1131,-1106
116900240,4583,3730,853
116900241,108,102,6
116900242,243,720,-477
116900243,8,49,-41
116900245,37,30,7
116900246,159,28,131
116900247,775,38,737
116900248,132,26,106
116900249,501,108,393
116900250,484,36,448
116900251,460,726,-266
116900252,149,755,-606
116900253,122,71,51
116900254,39,69,-30
116900255,131,114,17
116900256,466,117,349
116900257,16,310,-294
116900258,5,145,-140
116900259,227,13,214
116900260,1,65,-64
116900261,65,1,64
116900262,292,168,124
116900263,0,5,-5
116900264,3,3,0
116900265,63,2,61
116900266,15,33,-18
116900267,5,1,4
116900268,218,253,-35
116900269,332,546,-214
116900271,1207,333,874
116900272,315,247,68
116900273,122,55,67
116900274,126,63,63
116900275,137,74,63
116900276,591,171,420
116900277,431,28,403
116900278,5,10,-5
116900279,4,16,-12
116900280,33,21,12
116900281,4221,5102,-881
116900282,4,49,-45
116900283,15,74,-59
116900284,18,170,-152
116900285,211,211,0
116900286,190,31,159
116900287,6,31,-25
116900288,111,103,8
116900289,14,6,8
116900290,5,19,-14
116900291,14,6,8
116900292,1,32,-31
116900293,50,26,24
116900294,31,124,-93
116900295,148,94,54
116900296,42,76,-34
116900297,10,99,-89
116900298,82,66,16
116900299,23,50,-27
116900300,6,92,-86
116900301,42,114,-72
116900302,25,82,-57
116900303,130,54,76
116900304,0,137,-137
116900305,10,41,-31
116900306,180,49,131
117000001,2263,1921,342
117000002,1946,3637,-1691
117000003,6806,3542,3264
117000004,3411,4328,-917
117000005,2347,1953,394
117000006,1112,2653,-1541
117000007,4715,1246,3469
117000008,1019,2825,-1806
117000009,5615,1969,3646
117000010,2514,3187,-673
117000011,2760,1565,1195
117000012,1420,1061,359
117000013,2001,790,1211
117000014,1258,2042,-784
117000015,2361,1408,953
117000016,215,150,65
117000017,191,120,71
117000018,147,658,-511
117000019,78,0,78
117000020,471,1975,-1504
117000021,1172,392,780
117000022,284,147,137
117000023,140,176,-36
117000024,220,311,-91
117000025,388,1179,-791
117000026,1748,1695,53
117000027,1793,5782,-3989
117000028,2445,2648,-203
117000030,352,488,-136
117000031,400,313,87
117000032,1593,1134,459
117000033,1266,671,595
117000034,418,302,116
117000035,452,455,-3
117000036,452,270,182
117000037,274,236,38
117000038,193,539,-346
117000039,480,224,256
117000040,219,838,-619
117000041,1204,139,1065
117000044,9,624,-615
117000045,554,119,435
117000046,396,732,-336
117000047,920,796,124
117000048,1685,774,911
117000049,90,564,-474
117000050,166,1425,-1259
117000051,2627,112,2515
117000052,55,240,-185
117000053,724,28,696
117000054,2119,12,2107
117000055,9,2085,-2076
117000056,830,28,802
117000057,518,1922,-1404
117000060,459,1033,-574
117000061,1944,860,1084
117000062,276,543,-267
117000063,2110,955,1155
117000064,589,617,-28
117000066,843,864,-21
117000067,141,668,-527
117000074,148,243,-95
117000076,77,49,28
117000077,153,191,-38
117000078,123,637,-514
117000079,531,249,282
117000080,1,219,-218
117000081,1039,110,929
117000082,18,81,-63
117000083,161,6,155
117000084,181,1,180
117000085,342,861,-519
117000086,865,381,484
117000087,56,445,-389
117000088,286,182,104
117000089,1848,237,1611
117000090,281,1059,-778
117000091,1034,257,777
117000092,403,1092,-689
117000093,1554,764,790
117000094,1305,2205,-900
117000095,4150,841,3309
117000096,790,1775,-985
117000097,1957,1086,871
117000098,2160,3256,-1096
117000099,4425,1270,3155
117000100,308,371,-63
117000101,204,860,-656
117000102,2334,593,1741
117000103,777,1298,-521
117000104,1962,599,1363
117000105,798,1185,-387
117000106,1511,780,731
117000107,584,1261,-677
117000108,2124,1033,1091
117000109,1285,1790,-505
117000110,1904,1302,602
117000111,3785,3869,-84
117000112,4040,1616,2424
117000113,162,229,-67
117000114,319,145,174
117000115,125,83,42
117000116,217,269,-52
117000117,1699,1149,550
117000118,307,126,181
117000119,225,231,-6
117000120,139,596,-457
117000121,65,1131,-1066
117000122,350,740,-390
117000123,1549,51,1498
117000124,403,118,285
117000125,156,133,23
117000126,53,18,35
117000127,171,345,-174
117000128,294,838,-544
117000129,255,790,-535
117000130,166,5,161
117000131,0,88,-88
117000132,4035,43,3992
117000133,2237,45,2192
117000134,1,91,-90
117000135,1,76,-75
117000136,0,20,-20
117000137,175,137,38
117000138,1,661,-660
117000140,527,1162,-635
117000141,2113,607,1506
117000181,480,237,243
117000182,455,942,-487
117000195,208,752,-544
117000196,422,152,270
117000225,130,36,94
117000226,12,97,-85
117000276,428,20,408
117000277,2,250,-248
117000310,1446,2260,-814
117000315,52,717,-665
117000320,68,0,68
117000906,479,20,459
117000907,11,217,-206
117000908,12,79,-67
117000909,45,25,20
117000910,220,194,26
117000911,93,168,-75
117000915,11,412,-401
117000916,30,1,29
117000917,1655,66,1589
117000918,64,61,3
117000919,12,61,-49
117000920,1,1088,-1087
117000921,2,892,-890
117000922,31,89,-58
117000924,410,803,-393
117000926,572,105,467
117000927,1030,1407,-377
117000928,1,104,-103
117000929,261,256,5
117000930,255,16,239
117000931,250,179,71
117900002,75,451,-376
117900003,692,474,218
117900005,22,33,-11
117900006,0,119,-119
117900007,159,79,80
117900008,0,29,-29
117900010,315,63,252
117900011,14,157,-143
117900012,51,53,-2
117900013,3,141,-138
117900014,436,67,369
117900015,25,107,-82
117900016,1113,985,128
117900017,575,207,368
117900018,124,158,-34
117900019,590,158,432
117900020,61,458,-397
117900021,28,54,-26
117900022,66,26,40
117900023,767,116,651
117900024,46,55,-9
117900025,66,7,59
117900026,518,166,352
117900028,53,7,46
117900029,274,423,-149
117900030,532,223,309
117900031,166,110,56
117900032,1226,657,569
117900033,273,402,-129
117900034,72,40,32
117900035,254,111,143
117900036,245,248,-3
117900037,246,152,94
117900038,33,211,-178
117900039,9,50,-41
117900040,153,273,-120
117900041,3,62,-59
117900042,3083,322,2761
117900043,20,40,-20
117900044,17,3076,-3059
117900045,241,142,99
117900048,388,234,154
117900049,212,335,-123
117900050,5,122,-117
117900051,31,4,27
117900052,108,487,-379
117900053,1992,520,1472
117900054,0,35,-35
117900055,356,142,214
117900056,154,77,77
117900057,1113,1123,-10
117900058,51,29,22
117900059,281,94,187
117900060,3068,4020,-952
117900061,21,216,-195
117900063,415,166,249
117900065,708,1059,-351
117900066,10,68,-58
117900067,578,105,473
117900069,868,250,618
117900070,158,45,113
117900071,139,119,20
117900073,621,214,407
117900074,93,96,-3
117900075,92,74,18
117900076,30,50,-20
117900077,671,208,463
117900078,462,821,-359
117900080,111,32,79
117900081,510,343,167
117900082,542,404,138
117900083,443,276,167
117900086,180,22,158
117900087,147,42,105
117900088,2610,1679,931
117900089,2597,870,1727
117900090,523,325,198
117900091,100,150,-50
117900092,86,14,72
117900093,122,59,63
117900094,62,47,15
117900095,309,285,24
117900096,117,284,-167
117900097,593,77,516
117900098,40,21,19
117900099,146,171,-25
117900100,332,2,330
117900101,582,2077,-1495
117900102,134,40,94
117900103,55,1,54
117900104,12,101,-89
117900105,149,202,-53
117900106,123,21,102
117900107,72,1,71
117900109,759,441,318
117900110,209,3,206
117900111,649,42,607
117900112,72,10,62
117900113,1985,2152,-167
117900114,27,2,25
117900115,187,92,95
117900116,823,662,161
117900117,709,248,461
117900118,106,1,105
117900119,283,104,179
117900120,290,51,239
117900121,361,131,230
117900122,1249,5076,-3827
117900123,708,318,390
117900124,795,619,176
117900125,2045,1921,124
117900126,221,471,-250
117900127,473,300,173
117900128,387,452,-65
117900129,148,5,143
117900130,830,385,445
117900131,4,133,-129
117900132,15,71,-56
117900133,8,97,-89
117900134,137,339,-202
117900135,32,164,-132
117900136,1,38,-37
117900137,39,292,-253
117900138,0,28,-28
117900139,209,96,113
117900140,2359,313,2046
117900141,131,181,-50
117900142,45,69,-24
117900144,56,235,-179
117900145,45,38,7
117900146,149,185,-36
117900147,73,52,21
117900148,2245,2021,224
117900149,175,169,6
117900150,52,58,-6
117900151,49,79,-30
117900152,74,65,9
117900153,18,95,-77
117900154,434,483,-49
117900156,883,655,228
117900157,91,469,-378
117900158,398,193,205
117900160,809,928,-119
117900161,2359,1766,593
117900162,561,373,188
117900163,37,163,-126
117900165,1,12,-11
117900166,112,458,-346
117900168,62,233,-171
117900169,0,117,-117
117900170,1,32,-31
117900171,4,19,-15
117900172,24,16,8
117900173,179,92,87
117900174,47,76,-29
117900175,2,24,-22
117900176,16,16,0
117900177,34,22,12
117900178,117,38,79
117900180,203,89,114
117900181,38,513,-475
117900182,5,60,-55
117900183,75,203,-128
117900184,34,57,-23
117900185,72,51,21
117900186,63,13,50
117900187,24,9,15
117900188,261,64,197
117900189,100,43,57
117900190,26,7,19
117900191,94,0,94
117900192,306,0,306
117900193,11,47,-36
117900194,11,5,6
117900195,47,94,-47
117900196,42,44,-2
117900207,214,151,63
117900208,29,29,0
117900209,160,171,-11
117900210,149,256,-107
117900211,7,173,-166
117900212,144,124,20
117900213,26,12,14
117900214,13,23,-10
117900215,20,52,-32
117900216,25,31,-6
117900217,51,371,-320
117900218,75,121,-46
117900219,3,167,-164
117900220,67,143,-76
117900222,186,244,-58
117900223,100,296,-196
118000001,861,1034,-173
118000002,710,1634,-924
118000003,1972,3359,-1387
118000004,1558,1782,-224
118000005,4381,6081,-1700
118000006,3984,9303,-5319
118000007,4741,4378,363
118000008,3119,4025,-906
118000009,1690,3395,-1705
118000010,6417,3798,2619
118000011,1888,1820,68
118000012,1221,1852,-631
118000013,2269,2209,60
118000014,2181,2171,10
118000016,234,250,-16
118000017,489,435,54
118000018,436,335,101
118000019,1981,1520,461
118000020,1014,3866,-2852
118000021,605,3471,-2866
118000022,1499,884,615
118000023,695,240,455
118000024,1201,1643,-442
118000027,10578,13337,-2759
118000029,891,994,-103
118000032,783,4111,-3328
118000033,2628,6686,-4058
118000034,4370,2651,1719
118000035,1753,3347,-1594
118000036,933,1364,-431
118000037,750,849,-99
118000038,273,104,169
118000039,101,205,-104
118000040,1714,1277,437
118000041,3011,1233,1778
118000045,419,216,203
118000046,1172,760,412
118000047,773,938,-165
118000048,2003,2174,-171
118000051,3371,2195,1176
118000052,2537,1474,1063
118000053,331,852,-521
118000054,1576,1380,196
118000055,1522,1464,58
118000056,349,533,-184
118000057,365,415,-50
118000058,2724,2022,702
118000059,1955,1236,719
118000060,1458,534,924
118000061,1460,1330,130
118000062,696,426,270
118000063,567,672,-105
118000064,896,1028,-132
118000065,2966,1737,1229
118000066,958,1614,-656
118000067,719,796,-77
118000068,1302,4820,-3518
118000069,2224,1001,1223
118000070,4223,1904,2319
118000071,2885,7025,-4140
118000072,1013,1411,-398
118000073,1023,686,337
118000074,525,313,212
118000075,658,292,366
118000076,1303,3224,-1921
118000077,1092,1186,-94
118000078,1853,2423,-570
118000079,337,659,-322
118000080,773,823,-50
118000081,1810,1300,510
118000082,292,1133,-841
118000083,1707,1575,132
118000084,2644,1911,733
118000086,233,561,-328
118000087,3791,2577,1214
118000088,1728,1637,91
118000089,3597,2623,974
118000090,1881,3045,-1164
118000091,1042,2907,-1865
118000092,969,564,405
118000093,101,668,-567
118000096,464,596,-132
118000097,731,634,97
118000098,293,185,108
118000099,678,589,89
118000101,1412,359,1053
118000102,397,910,-513
118000107,1367,470,897
118000108,729,2795,-2066
118000110,2,17,-15
118000111,0,204,-204
118000112,648,5,643
118000113,0,354,-354
118000114,738,16,722
118000115,17,12,5
118000116,22,1,21
118000117,811,668,143
118000118,990,1038,-48
118000119,1020,1266,-246
118000120,1689,1038,651
118000121,75,549,-474
118000122,1228,399,829
118000123,58,258,-200
118000125,1378,854,524
118000126,752,1845,-1093
118000127,1802,781,1021
118000128,596,1023,-427
118000129,1044,427,617
118000130,1885,2533,-648
118000131,453,552,-99
118000132,3117,2462,655
118000133,1038,420,618
118000135,643,489,154
118000136,108,396,-288
118000137,629,103,526
118000138,505,473,32
118000139,464,105,359
118000140,3093,5608,-2515
118000141,2611,1697,914
118000142,2043,1346,697
118000143,2915,1259,1656
118000144,1126,635,491
118000145,1977,1357,620
118000146,1296,690,606
118000147,985,1070,-85
118000148,572,1134,-562
118000149,987,727,260
118000150,573,248,325
118000151,615,434,181
118000153,1509,1138,371
118000154,1529,1225,304
118000155,1621,1332,289
118000156,1785,2611,-826
118000157,721,429,292
118000158,230,446,-216
118000159,30,130,-100
118000160,567,342,225
118000161,524,569,-45
118000162,1933,762,1171
118000163,1084,871,213
118000164,1969,1468,501
118000168,767,968,-201
118000169,939,824,115
118000170,3460,4251,-791
118000171,372,745,-373
118000172,79,236,-157
118000173,954,1105,-151
118000175,330,402,-72
118000176,294,469,-175
118000177,301,597,-296
118000178,58,40,18
118000179,1039,1463,-424
118000180,877,649,228
118000181,744,258,486
118000182,238,264,-26
118000183,195,300,-105
118000184,1193,498,695
118000185,1167,1467,-300
118000186,872,1154,-282
118000187,1618,510,1108
118000188,893,133,760
118000189,923,567,356
118000190,14,10,4
118000191,34,24,10
118000192,128,214,-86
118000193,112,275,-163
118000194,1165,862,303
118000195,468,1402,-934
118000196,243,239,4
118000197,114,154,-40
118000198,424,871,-447
118000199,472,403,69
118000200,115,235,-120
118000201,377,499,-122
118000202,64,62,2
118000203,449,678,-229
118000204,90,444,-354
118000205,165,290,-125
118000206,285,189,96
118000207,0,51,-51
118000208,1559,1550,9
118000209,2183,1135,1048
118000210,90,26,64
118000211,25,29,-4
118000213,1463,2149,-686
118000214,479,617,-138
118000215,332,115,217
118000216,2392,2028,364
118000217,25,76,-51
118000218,90,63,27
118000219,373,292,81
118000220,1,33,-32
118000221,342,375,-33
118000222,98,4,94
118000223,29,84,-55
118000224,130,63,67
118000225,125,596,-471
118000226,997,213,784
118000227,811,450,361
118000228,155,261,-106
118000229,175,66,109
118000230,129,160,-31
118000231,106,199,-93
118000232,785,613,172
118000233,1340,723,617
118000234,603,242,361
118000236,458,251,207
118000237,61,330,-269
118000238,322,150,172
118000239,344,291,53
118000240,252,169,83
118000241,217,153,64
118000242,495,401,94
118000243,292,179,113
118000244,80,93,-13
118000246,0,35,-35
118000255,49,279,-230
118000256,153,200,-47
118000259,6,56,-50
118000260,211,62,149
118000261,53,40,13
118000263,148,139,9
118000266,99,182,-83
118000267,0,120,-120
118000268,220,3,217
118000270,94,29,65
118000271,175,185,-10
118000272,97,28,69
118000273,228,66,162
118000274,104,228,-124
118000276,551,339,212
118000295,9,156,-147
118000298,170,260,-90
118000299,55,111,-56
118000301,0,55,-55
118000302,122,47,75
118000311,754,82,672
118000312,350,175,175
118000313,93,90,3
118000314,102,32,70
118000315,51,25,26
118000316,816,359,457
118000325,56,34,22
118000326,61,34,27
118000331,42,43,-1
118000332,34,39,-5
118000333,36,65,-29
118000335,414,0,414
118000336,0,195,-195
118000407,238,59,179
118000457,9,40,-31
118000465,2099,3803,-1704
118000480,54,60,-6
118000489,16,411,-395
118000490,29,134,-105
118000492,388,177,211
118000510,37,23,14
118000514,105,256,-151
118000515,788,734,54
118000517,324,176,148
118000524,375,492,-117
118000525,655,654,1
118000530,21,159,-138
118000531,358,207,151
118000532,227,192,35
118000533,295,129,166
118000534,516,375,141
118000535,380,119,261
118000536,451,1944,-1493
118000537,24,183,-159
118000538,35,76,-41
118000539,21,100,-79
118000540,350,190,160
118000541,233,78,155
118000542,111,245,-134
118000543,227,245,-18
118000546,51,23,28
118000553,0,1,-1
118000560,1882,2571,-689
118000562,41,99,-58
118000563,1398,1083,315
118000576,151,93,58
118000577,118,115,3
118000578,119,50,69
118000579,421,1325,-904
118000583,0,0,0
118000595,243,73,170
118000596,0,84,-84
118000597,87,81,6
118000598,21,1,20
118000599,52,39,13
118000600,4,17,-13
118000601,36,0,36
118000602,0,44,-44
118000603,0,14,-14
118900001,487,1190,-703
118900002,756,966,-210
118900003,542,17,525
118900004,38,48,-10
118900005,76,6,70
118900006,168,6,162
118900007,13,2,11
118900008,1511,48,1463
118900009,103,59,44
118900010,70,18,52
118900011,176,22,154
118900012,486,204,282
118900013,584,233,351
118900015,279,46,233
118900016,7,9,-2
118900017,167,267,-100
118900018,1046,41,1005
118900019,32,24,8
118900020,218,170,48
118900021,205,372,-167
118900022,138,96,42
118900023,174,78,96
118900024,112,155,-43
118900025,42,24,18
118900026,95,63,32
118900027,413,179,234
118900028,173,132,41
118900029,297,548,-251
118900030,462,45,417
118900031,187,97,90
118900032,239,158,81
118900033,377,391,-14
118900034,192,27,165
118900035,157,149,8
118900036,1493,670,823
118900037,482,284,198
118900038,461,116,345
118900039,726,181,545
118900040,208,188,20
118900041,802,135,667
118900042,227,79,148
118900045,405,149,256
118900046,821,448,373
118900047,406,314,92
118900048,137,225,-88
118900049,72,50,22
118900050,57,51,6
118900051,89,121,-32
118900052,300,223,77
118900053,23,89,-66
118900054,120,51,69
118900055,129,55,74
118900056,37,374,-337
118900057,851,475,376
118900058,453,331,122
118900059,11,77,-66
118900060,119,104,15
118900062,300,221,79
118900064,471,665,-194
118900065,48,132,-84
118900066,94,87,7
118900067,3875,4612,-737
118900068,15,259,-244
118900069,498,223,275
118900071,13,60,-47
118900072,498,331,167
118900073,207,125,82
118900074,155,98,57
118900075,70,65,5
118900076,259,98,161
118900077,341,208,133
118900078,24,5,19
118900079,50,145,-95
118900080,54,104,-50
118900081,53,31,22
118900082,1115,159,956
118900083,42,11,31
118900084,14,18,-4
118900085,807,631,176
118900086,32,127,-95
118900087,33,282,-249
118900088,1,17,-16
118900089,21,21,0
118900090,519,275,244
118900091,186,262,-76
118900092,278,111,167
118900093,180,35,145
118900096,48,22,26
118900097,236,293,-57
118900099,182,151,31
118900100,141,169,-28
118900101,144,404,-260
118900102,79,115,-36
118900103,106,142,-36
118900104,278,106,172
118900105,229,102,127
118900107,116,58,58
118900108,106,98,8
118900110,1215,897,318
118900111,704,416,288
118900112,100,164,-64
118900113,117,325,-208
118900114,49,69,-20
118900115,114,365,-251
118900116,119,226,-107
118900117,74,168,-94
118900118,395,249,146
118900119,113,163,-50
118900120,109,246,-137
118900121,13,92,-79
118900122,13,1136,-1123
118900123,141,205,-64
118900124,89,234,-145
118900126,30,341,-311
118900129,350,193,157
118900130,42,192,-150
118900131,142,178,-36
118900132,390,191,199
118900133,21,84,-63
118900135,209,179,30
118900136,227,340,-113
118900137,8,40,-32
118900139,268,269,-1
118900140,455,409,46
118900141,70,110,-40
118900144,201,268,-67
118900145,72,120,-48
118900146,342,541,-199
118900147,179,131,48
118900148,92,49,43
118900150,184,614,-430
118900152,569,657,-88
118900157,72,182,-110
118900158,118,77,41
118900159,0,130,-130
118900161,80,11,69
118900163,101,75,26
118900164,3,92,-89
118900165,90,143,-53
118900166,62,1,61
118900167,113,119,-6
118900168,22,193,-171
118900169,148,232,-84
118900170,266,106,160
118900171,52,87,-35
118900174,75,69,6
118900175,465,496,-31
118900176,160,251,-91
118900177,86,61,25
118900178,80,160,-80
118900179,3,19,-16
118900181,145,82,63
118900182,145,57,88
118900183,21,136,-115
118900184,304,96,208
118900185,165,71,94
118900186,115,99,16
118900187,249,268,-19
118900188,291,258,33
118900189,41,867,-826
118900190,30,246,-216
118900191,224,44,180
118900192,310,8,302
118900193,671,9,662
118900195,278,481,-203
118900196,41,116,-75
118900197,167,40,127
118900198,28,18,10
118900199,96,35,61
118900200,28,24,4
118900201,50,38,12
118900202,12,46,-34
118900203,18,28,-10
118900204,22,39,-17
118900205,2,6,-4
118900206,5,13,-8
119000001,1446,1696,-250
119000002,5056,3052,2004
119000003,3343,938,2405
119000004,2860,1289,1571
119000005,1979,1957,22
119000006,3303,1648,1655
119000007,3922,3599,323
119000008,1889,1826,63
119000009,4007,5999,-1992
119000010,5410,4552,858
119000011,3420,3270,150
119000012,2398,3883,-1485
119000013,3054,1831,1223
119000014,1753,2504,-751
119000019,400,181,219
119000020,2685,1651,1034
119000021,5478,2992,2486
119000022,2215,3990,-1775
119000023,337,259,78
119000024,2259,14535,-12276
119000025,5026,1416,3610
119000026,165,614,-449
119000027,214,439,-225
119000028,1595,798,797
119000029,130,297,-167
119000030,614,967,-353
119000031,1047,690,357
119000032,3351,2575,776
119000033,2674,1316,1358
119000034,1278,988,290
119000035,29,254,-225
119000036,2110,656,1454
119000037,1360,1277,83
119000038,228,578,-350
119000039,413,317,96
119000040,842,758,84
119000041,858,1418,-560
119000048,2725,2075,650
119000049,1987,1507,480
119000050,1669,1615,54
119000051,2362,980,1382
119000052,1620,2638,-1018
119000053,2081,1075,1006
119000054,3349,2244,1105
119000055,5411,2681,2730
119000056,3271,1928,1343
119000057,1519,1491,28
119000058,2224,1459,765
119000059,1413,1448,-35
119000060,1879,1144,735
119000061,1157,759,398
119000062,1403,1298,105
119000063,759,428,331
119000064,1030,1369,-339
119000065,2044,4092,-2048
119000066,3250,1253,1997
119000067,1924,1703,221
119000068,2102,924,1178
119000069,1665,2110,-445
119000070,3376,784,2592
119000071,642,696,-54
119000072,5050,3334,1716
119000073,5708,7995,-2287
119000074,1562,1704,-142
119000075,2960,2240,720
119000076,465,1536,-1071
119000077,876,751,125
119000078,546,421,125
119000079,206,1163,-957
119000080,463,227,236
119000081,524,1079,-555
119000082,1383,371,1012
119000083,713,451,262
119000084,373,745,-372
119000085,1243,255,988
119000086,387,556,-169
119000087,1425,661,764
119000088,533,235,298
119000089,110,226,-116
119000090,162,136,26
119000091,110,463,-353
119000092,732,193,539
119000093,3209,2105,1104
119000094,3584,4937,-1353
119000095,2145,2397,-252
119000097,1862,1068,794
119000098,1062,3465,-2403
119000099,2529,1365,1164
119000100,4658,3157,1501
119000101,5759,2306,3453
119000102,910,1138,-228
119000103,1579,673,906
119000104,2069,1127,942
119000105,1297,2245,-948
119000106,326,1046,-720
119000107,1189,538,651
119000108,450,708,-258
119000109,205,1256,-1051
119000110,728,1257,-529
119000111,61,1068,-1007
119000112,234,216,18
119000113,2762,488,2274
119000114,1194,1184,10
119000115,125,122,3
119000116,88,95,-7
119000117,223,319,-96
119000118,3,2,1
119000123,4057,1970,2087
119000124,957,196,761
119000125,4250,544,3706
119000126,1552,612,940
119000127,607,378,229
119000128,48,4,44
119000131,1065,460,605
119000132,2,5,-3
119000133,0,4,-4
119000134,1639,543,1096
119000135,146,285,-139
119000136,277,135,142
119000137,311,200,111
119000138,532,243,289
119000139,354,179,175
119000140,357,354,3
119000284,1151,2487,-1336
119000285,1928,1760,168
119000286,6348,4847,1501
119000287,1342,1833,-491
119000288,1937,1020,917
119000289,1503,2273,-770
119000290,225,385,-160
119000291,12,175,-163
119000293,185,189,-4
119000294,61,31,30
119000295,1270,311,959
119000296,343,170,173
119000299,0,0,0
119000302,1522,1197,325
119000303,80,145,-65
119000314,1666,11656,-9990
119000315,1,214,-213
119000316,207,98,109
119000317,144,195,-51
119900001,233,1235,-1002
119900002,225,230,-5
119900003,32,699,-667
119900004,247,1330,-1083
119900005,227,76,151
119900006,266,372,-106
119900007,1326,271,1055
119900008,209,68,141
119900009,790,612,178
119900010,1887,2089,-202
119900011,29,129,-100
119900012,16,116,-100
119900013,2382,1794,588
119900014,694,301,393
119900015,156,31,125
119900016,71,90,-19
119900017,56,36,20
119900018,1781,980,801
119900019,57,7,50
119900020,218,204,14
119900021,247,98,149
119900022,103,1006,-903
119900023,518,1582,-1064
119900025,276,32,244
119900026,700,159,541
119900027,115,15,100
119900028,270,159,111
119900029,3,4,-1
119900030,883,402,481
119900031,63,491,-428
119900033,2271,328,1943
119900034,473,97,376
119900037,195,39,156
119900038,56,373,-317
119900039,82,7,75
119900040,131,16,115
119900041,136,24,112
119900042,390,239,151
119900043,88,138,-50
119900044,184,991,-807
119900046,195,54,141
119900047,351,107,244
119900048,39,22,17
119900049,126,6,120
119900050,174,133,41
119900051,637,11,626
119900052,77,47,30
119900053,282,164,118
119900054,202,8,194
119900055,1506,439,1067
119900057,258,61,197
119900058,381,2,379
119900059,138,44,94
119900060,374,53,321
119900062,130,29,101
119900063,16,73,-57
119900065,288,13,275
119900066,1,2,-1
119900067,134,17,117
119900068,685,3,682
119900069,116,30,86
119900070,1050,12,1038
119900071,939,46,893
119900073,1652,578,1074
119900074,59,54,5
119900075,3481,2300,1181
119900076,753,283,470
119900077,899,649,250
119900078,679,813,-134
119900079,367,173,194
119900080,1819,1280,539
119900081,322,36,286
119900082,1781,271,1510
119900083,496,158,338
119900084,742,394,348
119900085,44,46,-2
119900087,678,392,286
119900088,40,48,-8
119900089,70,347,-277
119900090,133,67,66
119900091,35,565,-530
119900092,91,343,-252
119900093,1358,256,1102
119900094,45,180,-135
119900095,196,88,108
119900096,48,144,-96
119900097,549,203,346
119900098,65,54,11
119900099,36,173,-137
119900100,1452,2979,-1527
119900101,220,2179,-1959
119900102,43,251,-208
119900103,60,269,-209
119900104,55,191,-136
119900105,1607,6876,-5269
119900106,9,120,-111
119900107,318,1857,-1539
119900108,6089,726,5363
119900109,23,104,-81
119900110,982,379,603
119900111,148,179,-31
119900112,1042,541,501
119900113,69,200,-131
119900114,272,919,-647
119900115,366,663,-297
119900116,157,447,-290
119900117,340,565,-225
119900118,132,607,-475
119900119,341,171,170
119900120,843,496,347
119900121,433,622,-189
119900122,339,310,29
119900123,238,266,-28
119900124,241,613,-372
119900125,45,263,-218
119900126,4596,372,4224
119900127,1723,907,816
119900128,497,428,69
119900129,249,366,-117
119900130,23,225,-202
119900131,55,228,-173
119900132,1,159,-158
119900133,75,109,-34
119900134,1169,192,977
119900135,1,292,-291
119900136,204,267,-63
119900138,288,529,-241
119900139,88,157,-69
119900140,7,148,-141
119900141,97,785,-688
119900142,31,40,-9
119900143,24,284,-260
119900144,1247,239,1008
119900145,100,121,-21
119900146,250,216,34
119900147,0,162,-162
119900148,342,74,268
119900149,790,5542,-4752
119900150,174,133,41
119900151,2159,889,1270
119900152,182,253,-71
119900153,246,82,164
119900154,23,175,-152
119900155,43,31,12
119900156,24,1,23
119900157,158,167,-9
119900158,290,96,194
119900159,4,865,-861
119900160,29,139,-110
119900161,205,166,39
119900162,1189,1192,-3
119900163,90,126,-36
119900164,0,2,-2
119900165,168,133,35
119900166,141,75,66
119900167,80,83,-3
119900168,1209,535,674
119900169,73,329,-256
119900170,231,272,-41
119900171,1017,361,656
119900172,230,30,200
119900173,5,305,-300
119900174,7,178,-171
119900175,1697,603,1094
119900177,17,170,-153
119900178,16,130,-114
119900179,134,721,-587
119900180,1169,998,171
119900181,84,123,-39
119900182,7,284,-277
119900183,154,540,-386
119900184,1617,390,1227
119900185,46,249,-203
119900186,49,1253,-1204
119900187,8,329,-321
119900188,136,322,-186
119900189,472,495,-23
119900190,75,357,-282
119900191,172,229,-57
119900192,82,126,-44
119900193,549,170,379
119900194,39,73,-34
119900195,79,173,-94
119900196,952,357,595
119900197,267,190,77
119900198,237,250,-13
119900199,137,22,115
119900200,804,648,156
119900201,372,189,183
119900202,115,285,-170
119900203,253,670,-417
119900204,334,214,120
119900205,858,407,451
119900206,222,126,96
119900208,234,163,71
119900209,638,1653,-1015
119900210,39,27,12
119900211,62,6,56
119900212,207,211,-4
119900213,10,73,-63
119900214,22,56,-34
119900215,40,37,3
119900216,15,28,-13
119900217,12,48,-36
119900218,28,40,-12
119900219,7,62,-55
119900220,4,71,-67
119900221,34,200,-166
119900222,6,118,-112
119900223,25,59,-34
119900224,11,19,-8
119900225,693,38,655
119900226,454,2335,-1881
119900227,861,339,522
119900228,170,248,-78
119900229,359,443,-84
119900230,1295,538,757
119900231,377,184,193
119900232,229,130,99
119900233,118,42,76
119900234,45,142,-97
119900235,25,82,-57
119900236,17,123,-106
119900237,57,378,-321
119900238,21,64,-43
119900240,109,113,-4
119900241,133,200,-67
119900242,1191,1814,-623
119900244,611,1575,-964
119900245,120,161,-41
119900246,405,717,-312
119900247,34,148,-114
119900248,105,314,-209
119900249,326,137,189
119900253,2132,357,1775
119900254,97,847,-750
119900255,160,855,-695
119900256,801,793,8
119900257,122,9,113
119900258,284,41,243
119900259,5,112,-107
119900260,211,16,195
119900261,534,168,366
119900262,0,145,-145
119900263,1200,340,860
119900264,140,139,1
119900265,1074,399,675
119900266,473,237,236
119900267,237,365,-128
119900268,224,109,115
119900269,1846,1174,672
119900271,27,95,-68
119900272,412,289,123
119900275,144,31,113
119900276,74,1,73
119900277,13,3,10
119900278,306,140,166
119900279,187,316,-129
119900280,584,131,453
119900281,4,288,-284
119900282,66,124,-58
119900283,35,148,-113
119900284,87,215,-128
119900285,20,101,-81
119900286,2,29,-27
119900288,6,22,-16
119900289,0,8,-8
119900290,2,13,-11
119900291,0,89,-89
119900292,46,27,19
119900293,27,1,26
119900294,34,0,34
119900295,0,0,0
119900296,0,0,0
119900299,82,134,-52
119900300,381,189,192
119900301,127,195,-68
119900302,167,127,40
119900303,360,145,215
119900304,268,47,221
119900305,8,96,-88
119900306,22,1,21
119900307,143,93,50
119900308,10,28,-18
119900309,61,165,-104
119900310,245,206,39
119900311,169,93,76
119900312,107,74,33
119900313,230,275,-45
119900314,259,429,-170
119900315,2181,1561,620
119900318,45,48,-3
119900319,3,202,-199
119900320,539,539,0
119900321,118,10,108
119900322,13,80,-67
119900323,3,97,-94
119900324,1,39,-38
119900325,161,193,-32
119900326,45,106,-61
120000001,6177,17861,-11684
120000002,2849,2360,489
120000003,2884,1579,1305
120000004,2639,1644,995
120000005,3428,1898,1530
120000006,1297,1114,183
120000007,3106,3152,-46
120000008,983,1186,-203
120000009,2078,1069,1009
120000010,1926,2119,-193
120000011,1195,1275,-80
120000012,1835,2308,-473
120000013,3442,2843,599
120000014,870,1461,-591
120000015,2904,1580,1324
120000016,4044,2129,1915
120000017,3687,2725,962
120000018,3530,14039,-10509
120000019,1101,1633,-532
120000020,2997,3522,-525
120000021,1906,2216,-310
120000022,2948,4056,-1108
120000023,1128,1711,-583
120000024,1498,2479,-981
120000025,2823,1762,1061
120000026,2442,1664,778
120000027,2357,2238,119
120000028,1098,1972,-874
120000029,4268,2182,2086
120000030,1287,1676,-389
120000031,2434,8075,-5641
120000032,7519,3555,3964
120000033,5327,1548,3779
120000034,2470,1556,914
120000035,2390,1774,616
120000036,3321,4941,-1620
120000037,702,1579,-877
120000038,5716,3887,1829
120000039,968,914,54
120000040,307,728,-421
120000041,1555,1381,174
120000042,2464,2127,337
120000043,5776,1509,4267
120000044,6258,1750,4508
120000045,7116,1118,5998
120000046,4093,3086,1007
120000047,906,6730,-5824
120000048,6522,4022,2500
120000049,3712,2838,874
120000050,4104,3535,569
120000051,2994,4309,-1315
120000052,7752,2232,5520
120000053,1543,1713,-170
120000054,1468,2997,-1529
120000055,1967,3935,-1968
120000056,5412,3779,1633
120000057,4561,1102,3459
120000058,3099,1559,1540
120000059,6,1831,-1825
120000061,140,612,-472
120000062,216,353,-137
120000063,1433,2197,-764
120000064,231,932,-701
120000065,669,1260,-591
120000066,334,516,-182
120000067,72,545,-473
120000068,257,636,-379
120000069,669,760,-91
120000070,139,481,-342
120000071,698,110,588
120000072,891,427,464
120000073,1074,115,959
120000074,229,119,110
120000075,1307,271,1036
120000076,2991,366,2625
120000077,2563,634,1929
120000078,4048,1282,2766
120000079,297,170,127
120000080,198,208,-10
120000081,421,139,282
120000082,310,197,113
120000083,68,697,-629
120000084,401,368,33
120000085,394,339,55
120000086,276,439,-163
120000087,273,406,-133
120000088,823,965,-142
120000089,1232,578,654
120000090,797,491,306
120000091,1141,1007,134
120000092,1363,577,786
120000093,654,430,224
120000094,203,714,-511
120000095,1111,374,737
120000096,339,624,-285
120000098,1169,736,433
120000099,552,733,-181
120000100,930,650,280
120000101,746,430,316
120000102,698,932,-234
120000103,1707,914,793
120000104,2372,512,1860
120000105,3626,742,2884
120000106,3107,648,2459
120000107,5449,654,4795
120000108,1782,148,1634
120000109,1324,104,1220
120000110,84,766,-682
120000111,153,830,-677
120000112,816,2015,-1199
120000113,579,1482,-903
120000114,904,1789,-885
120000115,307,1754,-1447
120000116,627,1573,-946
120000117,899,1258,-359
120000118,70,51,19
120000119,16,69,-53
120000120,152,122,30
120000121,11,71,-60
120000122,266,531,-265
120000123,3269,7573,-4304
120000124,497,355,142
120000125,604,599,5
120000126,385,981,-596
120000127,2224,1103,1121
120000128,2875,4419,-1544
120000129,340,256,84
120000130,875,477,398
120000131,376,718,-342
120000134,441,746,-305
120000135,745,571,174
120000137,255,977,-722
120000138,1376,380,996
120000139,396,559,-163
120000140,1112,485,627
120000141,775,432,343
120000142,1064,585,479
120000143,2,92,-90
120000144,183,2,181
120000145,421,3,418
120000146,897,809,88
120000149,811,994,-183
120000150,2917,12941,-10024
120000151,487,413,74
120000152,812,183,629
120000153,315,547,-232
120000154,573,481,92
120000155,184,281,-97
120000156,722,1484,-762
120000157,1247,650,597
120000158,1064,784,280
120000159,2162,2035,127
120000160,2937,1679,1258
120000161,2798,2258,540
120000162,65,291,-226
120000163,914,1008,-94
120000164,768,325,443
120000165,667,623,44
120000166,1650,533,1117
120000167,286,342,-56
120000168,36,1184,-1148
120000169,59,2723,-2664
120000170,53,2126,-2073
120000171,31,695,-664
120000172,32,326,-294
120000173,2420,2075,345
120000174,540,113,427
120000175,259,27,232
120000176,261,67,194
120000177,1762,199,1563
120000178,248,29,219
120000179,320,64,256
120000180,1135,146,989
120000181,402,2691,-2289
120000182,124,1040,-916
120000183,28,840,-812
120000184,237,2411,-2174
120000186,43,749,-706
120000187,33,372,-339
120000188,94,916,-822
120000190,778,73,705
120000191,1054,103,951
120000192,918,64,854
120000193,390,10,380
120000195,113,10,103
120000196,719,45,674
120000197,205,156,49
120000198,269,71,198
120000199,135,2,133
120000200,118,0,118
120000201,12,24,-12
120000202,1,47,-46
120000203,75,178,-103
120000207,1,51,-50
120000208,11,236,-225
120000209,9,53,-44
120000210,52,71,-19
120000211,241,3,238
120000212,317,2,315
120000213,240,253,-13
120000214,0,207,-207
120000215,3,89,-86
120000216,138,22,116
120000217,504,1166,-662
120000218,91,547,-456
120000219,12,270,-258
120000220,6,938,-932
120000225,2071,4,2067
120000226,562,14,548
120000227,1151,66,1085
120000228,13413,3854,9559
120000230,498,32,466
120000231,1506,1883,-377
120000233,445,6,439
120000235,306,561,-255
120000236,1509,2,1507
120000237,2,906,-904
120000238,5,1248,-1243
120000241,1295,3860,-2565
120000412,664,16,648
120000413,300,223,77
120000414,151,7,144
120000415,2,74,-72
120000416,165,3,162
120000417,19,98,-79
120000418,276,24,252
120000419,18,195,-177
120000420,53,10,43
120000421,8266,5339,2927
120000422,92,1826,-1734
120000423,3,78,-75
120000424,148,110,38
120000436,120,768,-648
120000437,91,89,2
120000438,1782,226,1556
120000439,255,574,-319
120000443,280,1,279
120000444,1802,415,1387
120000445,1924,1090,834
120000446,667,189,478
120000447,277,0,277
120000449,135,5,130
120000450,15,133,-118
120000451,159,367,-208
120000452,467,4,463
120000453,1,358,-357
120000454,65,50,15
120000455,83,26,57
120000456,2835,4215,-1380
120000457,933,448,485
120000458,578,544,34
120000459,132,57,75
120000665,1498,381,1117
120000668,173,1889,-1716
120000669,150,172,-22
120000670,245,1312,-1067
120000671,1906,664,1242
120000672,106,554,-448
120900001,91,136,-45
120900002,435,732,-297
120900003,281,33,248
120900004,45,94,-49
120900005,135,825,-690
120900006,503,245,258
120900007,192,79,113
120900008,422,997,-575
120900009,864,84,780
120900010,514,148,366
120900011,177,217,-40
120900012,195,1598,-1403
120900013,446,129,317
120900014,3,424,-421
120900015,1018,103,915
120900016,1143,68,1075
120900017,2202,106,2096
120900018,184,360,-176
120900019,733,371,362
120900020,729,1646,-917
120900021,1052,223,829
120900022,29,267,-238
120900023,437,41,396
120900024,2094,524,1570
120900025,1514,979,535
120900026,178,246,-68
120900027,1198,45,1153
120900028,496,120,376
120900029,106,555,-449
120900030,1693,902,791
120900031,324,135,189
120900032,1353,83,1270
120900033,1492,100,1392
120900034,39,2783,-2744
120900035,47,108,-61
120900037,315,13,302
120900038,60,366,-306
120900039,166,77,89
120900040,448,12,436
120900041,99,31,68
120900042,644,41,603
120900043,140,67,73
120900044,19,360,-341
120900045,155,98,57
120900046,655,7,648
120900047,165,116,49
120900048,160,35,125
120900049,651,4,647
120900050,1576,1733,-157
120900051,382,108,274
120900052,870,8,862
120900053,429,67,362
120900054,1669,496,1173
120900055,442,2,440
120900056,654,34,620
120900057,210,21,189
120900058,683,3,680
120900059,124,1,123
120900060,114,43,71
120900061,236,210,26
120900062,285,4,281
120900063,793,5,788
120900064,846,1,845
120900065,656,0,656
120900066,410,197,213
120900067,222,67,155
120900068,380,2,378
120900069,281,36,245
120900071,48,3,45
120900072,806,10,796
120900073,747,113,634
120900074,823,20,803
120900076,572,0,572
120900077,2340,293,2047
120900078,935,515,420
120900079,874,79,795
120900080,1067,1080,-13
120900081,1100,447,653
120900082,549,466,83
120900083,147,6,141
120900084,516,431,85
120900085,57,123,-66
120900086,96,356,-260
120900087,617,376,241
120900088,264,587,-323
120900089,2214,3230,-1016
120900090,328,82,246
120900091,847,1035,-188
120900092,1042,352,690
120900093,1391,122,1269
120900094,429,180,249
120900095,556,18,538
120900096,77,174,-97
120900097,663,530,133
120900098,193,116,77
120900099,89,76,13
120900100,80,188,-108
120900101,511,206,305
120900102,47,118,-71
120900103,74,261,-187
120900104,26,48,-22
120900105,50,312,-262
120900106,980,382,598
120900107,252,116,136
120900108,14,356,-342
120900109,50,396,-346
120900110,15,817,-802
120900111,215,330,-115
120900112,19,535,-516
120900113,18,521,-503
120900114,47,116,-69
120900115,162,253,-91
120900116,565,292,273
120900117,1,297,-296
120900118,22,596,-574
120900119,9980,5675,4305
120900120,58,354,-296
120900121,97,383,-286
120900122,709,321,388
120900123,3,234,-231
120900124,2,374,-372
120900125,8,490,-482
120900126,1319,775,544
120900127,12,343,-331
120900128,1074,1207,-133
120900129,48,204,-156
120900130,38,399,-361
120900131,181,110,71
120900132,1206,212,994
120900133,127,669,-542
120900134,620,360,260
120900135,5,388,-383
120900136,60,129,-69
120900137,330,106,224
120900138,47,184,-137
120900139,5,419,-414
120900140,3,151,-148
120900141,207,242,-35
120900142,12,324,-312
120900143,8,540,-532
120900144,0,110,-110
120900145,245,727,-482
120900146,0,588,-588
120900147,5,494,-489
120900148,148,128,20
120900149,0,183,-183
120900150,55,356,-301
120900151,2,390,-388
120900152,16,21,-5
120900153,73,175,-102
120900154,0,145,-145
120900155,240,765,-525
120900156,58,333,-275
120900157,113,463,-350
120900158,78,518,-440
120900159,461,721,-260
120900160,39,625,-586
120900161,167,575,-408
120900162,127,1070,-943
120900163,221,2234,-2013
120900164,6,84,-78
120900165,30,392,-362
120900166,243,679,-436
120900167,391,166,225
120900169,99,265,-166
120900170,799,3513,-2714
120900171,871,234,637
120900172,1182,2575,-1393
120900173,0,49,-49
120900174,15,86,-71
120900175,287,135,152
120900176,28,481,-453
120900177,5,1528,-1523
120900178,6,601,-595
120900179,652,379,273
120900180,95,221,-126
120900181,145,53,92
120900182,40,434,-394
120900183,923,210,713
120900184,435,82,353
120900185,19,721,-702
120900186,2,300,-298
120900187,706,1162,-456
120900188,294,9,285
120900189,92,1693,-1601
120900190,107,21,86
120900191,15,20,-5
120900192,6963,9466,-2503
120900194,74,131,-57
120900195,98,357,-259
120900196,1001,95,906
120900197,1021,184,837
120900198,344,458,-114
120900199,526,519,7
120900200,75,107,-32
120900201,451,181,270
120900202,2,134,-132
120900203,42,103,-61
120900204,166,166,0
120900205,81,45,36
120900206,48,56,-8
120900207,80,999,-919
121000001,771,1007,-236
121000002,2403,1436,967
121000003,3417,1953,1464
121000004,2832,3861,-1029
121000005,1745,2647,-902
121000006,3417,2013,1404
121000007,2620,3060,-440
121000008,5290,4072,1218
121000009,5037,5725,-688
121000010,7826,6099,1727
121000011,8121,11769,-3648
121000012,15487,10820,4667
121000013,4727,6955,-2228
121000014,6107,5167,940
121000015,3812,6810,-2998
121000016,3992,3327,665
121000017,2334,3950,-1616
121000018,3001,1944,1057
121000019,14968,12396,2572
121000020,13631,19742,-6111
121000021,3609,2473,1136
121000022,3720,3391,329
121000023,3745,2469,1276
121000024,5271,4927,344
121000025,574,1478,-904
121000026,422,169,253
121000027,1392,1210,182
121000028,950,454,496
121000029,1103,650,453
121000030,696,447,249
121000031,734,709,25
121000032,233,167,66
121000034,397,265,132
121000035,136,161,-25
121000036,891,817,74
121000037,566,568,-2
121000038,479,953,-474
121000039,286,450,-164
121000041,516,489,27
121000042,365,360,5
121000043,556,532,24
121000044,1322,966,356
121000045,481,346,135
121000046,738,968,-230
121000047,48,92,-44
121000049,1159,608,551
121000050,341,1252,-911
121000051,639,305,334
121000052,412,702,-290
121000053,385,132,253
121000054,48,352,-304
121000055,1156,1193,-37
121000056,879,1099,-220
121000057,277,570,-293
121000058,390,188,202
121000059,2271,1225,1046
121000060,608,1129,-521
121000061,92,407,-315
121000062,125,409,-284
121000063,1117,857,260
121000064,1016,944,72
121000065,344,392,-48
121000066,649,621,28
121000067,408,554,-146
121000068,635,372,263
121000069,432,867,-435
121000070,2009,1135,874
121000071,1866,1386,480
121000072,1329,653,676
121000073,1208,949,259
121000074,111,149,-38
121000075,46,277,-231
121000076,638,412,226
121000077,126,172,-46
121000078,105,170,-65
121000080,1895,618,1277
121000081,3738,3632,106
121000082,116,250,-134
121000083,188,113,75
121000084,193,196,-3
121000085,256,440,-184
121000086,400,665,-265
121000087,73,294,-221
121000088,562,500,62
121000089,337,386,-49
121000090,363,428,-65
121000091,1332,1023,309
121000092,193,65,128
121000093,238,202,36
121000094,571,897,-326
121000095,411,708,-297
121000096,2672,2436,236
121000097,845,2259,-1414
121000098,585,913,-328
121000099,772,702,70
121000100,1115,381,734
121000101,514,319,195
121000102,352,250,102
121000103,197,275,-78
121000104,304,162,142
121000105,497,240,257
121000106,409,405,4
121000107,2025,2891,-866
121000109,1171,1060,111
121000110,322,666,-344
121000114,2837,1894,943
121000115,1147,583,564
121000116,292,911,-619
121000117,546,251,295
121000118,1737,235,1502
121000119,344,468,-124
121000120,260,432,-172
121000121,707,1378,-671
121000123,1651,798,853
121000126,72,272,-200
121000127,189,91,98
121000128,981,376,605
121000129,1383,610,773
121000130,818,717,101
121000131,2275,2245,30
121000132,1515,2828,-1313
121000135,472,1193,-721
121000136,1508,1268,240
121000137,570,368,202
121000138,1070,1398,-328
121000139,650,536,114
121000141,289,167,122
121000142,728,791,-63
121000143,189,40,149
121000144,783,2096,-1313
121000145,590,978,-388
121000146,1481,1075,406
121000147,1288,498,790
121000148,922,980,-58
121000149,2397,1402,995
121000152,429,466,-37
121000153,1870,599,1271
121000154,1176,615,561
121000155,1694,974,720
121000156,462,1012,-550
121000157,972,1605,-633
121000158,392,375,17
121000159,239,349,-110
121000160,289,317,-28
121000161,249,274,-25
121000162,122,119,3
121000165,1489,2163,-674
121000166,34,456,-422
121000168,545,261,284
121000169,78,133,-55
121000170,493,93,400
121000171,59,161,-102
121000172,839,581,258
121000173,1469,1282,187
121000174,447,506,-59
121000175,1185,365,820
121000176,408,245,163
121000177,893,662,231
121000178,168,59,109
121000179,160,63,97
121000181,591,339,252
121000182,188,234,-46
121000183,96,144,-48
121000184,281,136,145
121000185,54,242,-188
121000186,283,678,-395
121000187,226,156,70
121000188,175,148,27
121000192,1036,417,619
121000193,646,463,183
121000194,1953,2061,-108
121000195,223,810,-587
121000196,549,231,318
121000197,207,643,-436
121000198,241,140,101
121000199,180,338,-158
121000200,695,99,596
121000201,11,211,-200
121000202,1157,143,1014
121000203,1009,1709,-700
121000204,3214,590,2624
121000205,127,309,-182
121000206,155,99,56
121000207,2323,492,1831
121000208,11,266,-255
121000209,461,192,269
121000210,771,325,446
121000211,457,125,332
121000212,573,509,64
121000213,10632,2898,7734
121000214,769,2026,-1257
121000215,1029,1083,-54
121000216,515,572,-57
121000217,4150,2908,1242
121000218,457,1534,-1077
121000219,1467,459,1008
121000220,160,100,60
121000221,135,332,-197
121000222,2502,2810,-308
121000223,338,421,-83
121000224,281,316,-35
121000225,952,2794,-1842
121000226,2310,1264,1046
121000227,12,164,-152
121000228,26,416,-390
121000229,367,338,29
121000230,64,1154,-1090
121000231,1298,38,1260
121000232,303,291,12
121000233,592,300,292
121000234,33,36,-3
121000235,58,83,-25
121000236,7,52,-45
121000237,49,25,24
121000238,7,100,-93
121000239,73,5,68
121000240,9,259,-250
121000241,85,43,42
121000242,124,521,-397
121000243,401,130,271
121000244,17,116,-99
121000245,99,34,65
121000246,1,131,-130
121000247,120,6,114
121000248,682,836,-154
121000249,117,367,-250
121000250,749,275,474
121000251,29,308,-279
121000252,121,78,43
121000253,369,429,-60
121000254,882,254,628
121000255,160,316,-156
121000256,343,229,114
121000257,47,107,-60
121000258,96,105,-9
121000259,68,82,-14
121000260,77,125,-48
121000261,102,81,21
121000262,962,646,316
121000263,461,364,97
121000271,346,1169,-823
121000273,25,11,14
121000274,25,68,-43
121000275,5,31,-26
121000276,8,38,-30
121000278,94,51,43
121000279,19,28,-9
121000280,45,76,-31
121000289,306,25,281
121000290,1099,982,117
121000294,222,89,133
121000297,778,1123,-345
121000299,75,643,-568
121000300,797,614,183
121000302,47,1140,-1093
121000303,543,278,265
121000304,493,76,417
121000305,181,48,133
121000306,98,162,-64
121000308,175,342,-167
121000309,339,452,-113
121000310,110,252,-142
121000311,73,646,-573
121000312,393,337,56
121000313,341,526,-185
121000314,71,133,-62
121000315,46,99,-53
121000530,1781,1124,657
121000531,1942,1350,592
121000532,6968,8278,-1310
121000533,3331,3691,-360
121000918,52,94,-42
121000919,42,70,-28
121000938,81,179,-98
121000939,63,295,-232
121000956,1691,1047,644
121000957,3,11,-8
121000958,44,69,-25
121000959,1014,596,418
121000960,1566,1658,-92
121000961,318,61,257
121000962,477,472,5
121000963,0,0,0
121000973,2,217,-215
121000976,35,245,-210
121000979,611,189,422
121000981,379,164,215
121000982,342,146,196
121000983,528,328,200
121000984,33,71,-38
121000985,744,508,236
121000986,519,178,341
121000987,233,716,-483
121000988,1031,127,904
121001302,258,128,130
121001308,5,33,-28
121001309,55,202,-147
121001313,226,122,104
121001314,1824,2685,-861
121001315,5608,3452,2156
121900001,95,160,-65
121900002,33,50,-17
121900003,420,15,405
121900004,110,436,-326
121900005,34,5,29
121900006,146,16,130
121900007,1942,1915,27
121900008,791,468,323
121900009,671,46,625
121900010,241,5,236
121900011,383,392,-9
121900012,6,0,6
121900013,983,117,866
121900014,1459,356,1103
121900015,250,213,37
121900016,9,44,-35
121900017,635,464,171
121900018,367,12,355
121900019,517,259,258
121900020,35,2,33
121900021,889,23,866
121900022,251,264,-13
121900023,163,313,-150
121900024,339,86,253
121900025,811,374,437
121900026,300,47,253
121900027,568,220,348
121900028,248,17,231
121900029,113,231,-118
121900030,526,565,-39
121900031,968,6972,-6004
121900032,111,43,68
121900033,206,292,-86
121900034,296,96,200
121900035,2997,2461,536
121900036,81,223,-142
121900037,225,1095,-870
121900038,40,108,-68
121900039,342,49,293
121900040,85,135,-50
121900041,196,226,-30
121900042,436,169,267
121900043,23,8,15
121900044,106,68,38
121900046,328,347,-19
121900047,233,77,156
121900048,53,106,-53
121900050,73,54,19
121900051,185,226,-41
121900052,190,33,157
121900053,586,322,264
121900054,508,819,-311
121900055,27,19,8
121900058,309,131,178
121900059,406,189,217
121900060,261,400,-139
121900061,172,172,0
121900062,149,153,-4
121900063,1934,383,1551
121900064,321,576,-255
121900066,63,17,46
121900067,61,41,20
121900069,173,143,30
121900070,273,217,56
121900071,484,228,256
121900072,33,119,-86
121900073,364,247,117
121900074,677,1218,-541
121900075,475,561,-86
121900076,462,743,-281
121900077,15,26,-11
121900078,140,60,80
121900079,2,0,2
121900080,894,399,495
121900082,71,81,-10
121900084,37,79,-42
121900085,1,10,-9
121900086,32,87,-55
121900087,170,141,29
121900088,1906,2996,-1090
121900089,251,273,-22
121900090,35,78,-43
121900091,106,82,24
121900092,119,177,-58
121900093,100,81,19
121900094,18,3,15
121900095,369,193,176
121900096,1338,911,427
121900097,779,194,585
121900098,16,5,11
121900099,253,59,194
121900100,239,682,-443
121900101,211,148,63
121900102,3,164,-161
121900103,540,266,274
121900104,1834,221,1613
121900105,385,290,95
121900106,3,13,-10
121900107,69,45,24
121900108,0,18,-18
121900109,270,134,136
121900110,587,574,13
121900111,814,329,485
121900112,129,139,-10
121900113,67,519,-452
121900114,57,81,-24
121900117,254,198,56
121900118,1803,622,1181
121900119,196,74,122
121900120,61,1290,-1229
121900121,512,46,466
121900122,31,73,-42
121900123,288,411,-123
121900124,213,162,51
121900125,1486,1041,445
121900127,22,97,-75
121900128,95,82,13
121900129,413,153,260
121900130,127,223,-96
121900131,316,80,236
121900132,56,99,-43
121900133,63,1130,-1067
121900134,29,170,-141
121900135,3437,482,2955
121900136,452,306,146
121900137,61,353,-292
121900138,158,198,-40
121900139,311,665,-354
121900140,90,193,-103
121900141,92,32,60
121900142,165,137,28
121900143,21,176,-155
121900144,169,294,-125
121900145,307,420,-113
121900146,669,805,-136
121900147,63,196,-133
121900148,167,257,-90
121900149,406,543,-137
121900150,59,143,-84
121900151,62,261,-199
121900152,111,99,12
121900153,96,803,-707
121900154,13,249,-236
121900155,11,104,-93
121900156,225,151,74
121900157,1,344,-343
121900158,83,129,-46
121900159,3,207,-204
121900160,54,288,-234
121900161,269,323,-54
121900162,99,196,-97
121900163,384,456,-72
121900164,425,219,206
121900165,360,120,240
121900166,169,117,52
121900167,130,156,-26
121900168,153,216,-63
121900169,10,173,-163
121900170,6,211,-205
121900171,842,630,212
121900172,549,189,360
121900173,869,318,551
121900174,70,97,-27
121900175,324,424,-100
121900176,501,1206,-705
121900177,235,73,162
121900178,44,37,7
121900179,554,234,320
121900180,2584,5122,-2538
121900182,693,310,383
121900183,719,1394,-675
121900184,65,617,-552
121900186,8,523,-515
121900187,26,210,-184
121900188,683,389,294
121900189,24,115,-91
121900190,256,498,-242
121900191,169,205,-36
121900192,299,828,-529
121900193,60,160,-100
121900194,12,458,-446
121900195,81,98,-17
121900196,801,966,-165
121900197,488,1154,-666
121900198,1193,1085,108
121900199,7,67,-60
121900200,86,207,-121
121900201,932,897,35
121900202,139,800,-661
121900203,179,892,-713
121900204,724,1380,-656
121900205,8,80,-72
121900206,24,52,-28
121900207,106,53,53
121900208,170,303,-133
121900209,74,56,18
121900210,1309,1150,159
121900211,27,78,-51
121900212,177,110,67
121900213,245,53,192
121900214,14,551,-537
121900215,66,105,-39
121900216,29,345,-316
121900217,250,223,27
121900218,201,412,-211
121900220,139,12,127
121900221,306,582,-276
121900222,156,128,28
121900223,212,40,172
121900224,107,31,76
121900225,104,116,-12
121900226,352,359,-7
121900227,286,608,-322
121900228,195,268,-73
121900230,91,284,-193
121900231,233,1338,-1105
121900232,281,445,-164
121900233,181,188,-7
121900234,451,284,167
121900235,626,144,482
121900236,393,203,190
121900237,150,339,-189
121900238,138,244,-106
121900239,220,44,176
121900240,299,192,107
121900241,107,74,33
121900242,12,0,12
121900243,14,0,14
121900244,15,10,5
121900245,224,61,163
121900246,2848,364,2484
121900247,334,193,141
121900248,1165,1500,-335
121900250,237,322,-85
121900251,542,55,487
121900252,684,136,548
121900253,91,607,-516
121900254,467,309,158
121900255,471,115,356
121900258,3999,2144,1855
121900259,399,679,-280
121900260,150,116,34
121900261,166,549,-383
121900262,357,1007,-650
121900263,267,231,36
121900264,1563,1217,346
121900265,403,228,175
121900266,579,115,464
121900267,116,56,60
121900269,260,773,-513
121900270,29,201,-172
121900271,58,156,-98
121900273,499,1990,-1491
121900274,335,204,131
121900277,477,1353,-876
121900278,144,913,-769
121900279,141,236,-95
121900280,176,599,-423
121900281,332,390,-58
121900284,122,17,105
121900286,179,152,27
121900287,23,33,-10
121900288,7,2,5
121900290,304,475,-171
121900291,432,895,-463
121900292,129,137,-8
121900293,997,2612,-1615
121900294,270,6,264
121900295,180,193,-13
121900296,88,286,-198
121900298,298,954,-656
121900299,1,6,-5
121900300,95,7,88
121900301,69,2,67
121900302,8,41,-33
121900303,351,643,-292
121900304,0,15,-15
121900305,8,6,2
121900306,257,2,255
121900307,109,8,101
121900308,19,240,-221
121900309,13,182,-169
121900310,22,331,-309
121900311,481,21,460
121900312,269,10,259
121900313,387,51,336
121900314,6,46,-40
121900315,16,0,16
121900316,0,9,-9
121900317,16,2,14
121900318,3,10,-7
121900319,46,96,-50
121900320,41,88,-47
121900321,17,2,15
121900322,4,24,-20
121900323,19,21,-2
121900324,3,40,-37
121900325,12,14,-2
121900326,8,25,-17
121900327,5,35,-30
121900328,0,26,-26
121900329,2,135,-133
121900330,0,49,-49
121900331,50,87,-37
121900332,88,28,60
121900333,23,0,23
122000001,1804,4858,-3054
122000002,3411,1387,2024
122000003,2126,2622,-496
122000004,2996,1526,1470
122000005,2569,2033,536
122000006,1449,1047,402
122000007,888,1521,-633
122000008,2321,3938,-1617
122000009,408,423,-15
122000010,1951,2694,-743
122000011,2948,1523,1425
122000012,985,1574,-589
122000013,1077,1173,-96
122000014,1791,1226,565
122000015,1261,1084,177
122000016,590,834,-244
122000017,1201,1131,70
122000018,1478,1493,-15
122000019,843,1080,-237
122000020,213,298,-85
122000021,198,492,-294
122000022,1078,944,134
122000023,770,1522,-752
122000024,617,1315,-698
122000025,804,1978,-1174
122000026,664,1308,-644
122000027,607,1533,-926
122000028,948,486,462
122000029,482,468,14
122000030,241,176,65
122000031,161,302,-141
122000032,1860,1975,-115
122000033,605,1465,-860
122000034,563,696,-133
122000035,309,670,-361
122000036,521,528,-7
122000037,376,221,155
122000038,227,318,-91
122000039,505,410,95
122000040,265,284,-19
122000041,543,635,-92
122000042,320,430,-110
122000043,119,84,35
122000044,151,146,5
122000045,1389,541,848
122000046,871,726,145
122000047,232,201,31
122000048,3683,4604,-921
122000049,5745,3514,2231
122000050,1314,804,510
122000051,199,424,-225
122000052,479,478,1
122000053,201,907,-706
122000054,2247,1911,336
122000055,2004,3211,-1207
122000056,4181,3411,770
122000057,2802,3790,-988
122000058,1737,1633,104
122000059,1890,2203,-313
122000060,519,848,-329
122000061,494,540,-46
122000062,713,346,367
122000063,999,739,260
122000064,3178,3500,-322
122000065,3106,2518,588
122000066,1082,1083,-1
122000067,1539,1156,383
122000068,1738,1088,650
122000069,810,741,69
122000070,1017,1239,-222
122000071,1935,1058,877
122000072,418,446,-28
122000073,334,898,-564
122000074,2851,1522,1329
122000075,899,1248,-349
122000076,3294,1405,1889
122000077,889,1099,-210
122000078,1546,2857,-1311
122000079,892,1402,-510
122000080,729,360,369
122000081,203,255,-52
122000082,508,1151,-643
122000083,2134,1447,687
122000084,1885,912,973
122000085,252,878,-626
122000086,2392,5844,-3452
122000087,383,334,49
122000088,476,595,-119
122000089,4370,2520,1850
122000090,220,563,-343
122000091,149,96,53
122000092,69,43,26
122000093,1403,2332,-929
122000094,4812,3210,1602
122000095,1876,4829,-2953
122000096,1630,1909,-279
122000098,2846,3057,-211
122000099,1404,776,628
122000100,759,611,148
122000101,374,617,-243
122000102,1938,1094,844
122000103,1932,1381,551
122000104,462,212,250
122000105,693,267,426
122000106,454,688,-234
122000107,1085,422,663
122000108,459,787,-328
122000109,453,316,137
122000110,497,591,-94
122000111,2957,1337,1620
122000112,1227,1513,-286
122000113,756,714,42
122000114,2517,1503,1014
122000115,1827,1288,539
122000116,627,649,-22
122000117,1503,476,1027
122000118,592,819,-227
122000119,3605,2971,634
122000120,1984,4865,-2881
122000121,1929,3574,-1645
122000122,647,1563,-916
122000123,1782,1768,14
122000124,977,608,369
122000125,636,809,-173
122000126,536,902,-366
122000127,970,1032,-62
122000128,409,667,-258
122000129,535,1737,-1202
122000130,3403,1481,1922
122000131,1646,1211,435
122000132,500,495,5
122000133,1038,1370,-332
122000134,937,781,156
122000135,665,637,28
122000136,933,733,200
122000137,2194,913,1281
122000139,1171,4147,-2976
122000140,568,563,5
122000141,3561,1138,2423
122000142,247,953,-706
122000143,505,572,-67
122000144,1575,1070,505
122000145,1111,829,282
122000146,704,1144,-440
122000147,603,518,85
122000148,1256,2351,-1095
122000149,2205,1632,573
122000150,1308,1094,214
122000151,173,393,-220
122000152,343,341,2
122000153,424,319,105
122000154,257,226,31
122000155,1493,2692,-1199
122000156,2500,2694,-194
122000157,1084,2555,-1471
122000158,323,563,-240
122000159,741,1693,-952
122000160,4103,2534,1569
122000161,1332,1237,95
122000162,2106,2054,52
122000163,254,106,148
122000164,41,122,-81
122000165,735,636,99
122000166,955,1177,-222
122000167,344,298,46
122000168,199,651,-452
122000169,275,152,123
122000170,406,232,174
122000171,56,124,-68
122000172,2025,1419,606
122000173,1443,2299,-856
122000174,2256,986,1270
122000175,970,279,691
122000176,293,768,-475
122000177,1471,1351,120
122000178,2977,2513,464
122000179,1398,2347,-949
122000180,1547,1284,263
122000181,1512,2993,-1481
122000182,1630,1807,-177
122000183,2173,1104,1069
122000184,2679,2448,231
122000185,1335,1813,-478
122000186,428,829,-401
122000187,1861,901,960
122000188,507,237,270
122000189,264,388,-124
122000190,925,1260,-335
122000191,839,799,40
122000192,1177,361,816
122000193,462,770,-308
122000194,493,171,322
122000195,179,489,-310
122000196,1230,627,603
122000197,553,702,-149
122000198,426,918,-492
122000199,260,275,-15
122000200,933,689,244
122000201,1286,1607,-321
122000202,1185,1603,-418
122000203,2780,1557,1223
122000204,1359,1873,-514
122000205,1250,1452,-202
122000206,2350,1085,1265
122000207,2321,1388,933
122000208,2322,1383,939
122000209,2052,412,1640
122000210,2014,1505,509
122000211,1500,1300,200
122000212,864,596,268
122000213,1140,1415,-275
122000214,2220,1841,379
122000215,2169,1625,544
122000217,1742,1349,393
122000218,803,70,733
122000219,1035,853,182
122000220,374,740,-366
122000221,44,364,-320
122000222,580,113,467
122000223,1367,629,738
122000225,912,345,567
122000226,1831,1698,133
122000227,287,2379,-2092
122000228,337,318,19
122000229,24,554,-530
122000230,107,432,-325
122000231,305,642,-337
122000232,716,713,3
122000233,2,104,-102
122000234,441,65,376
122000235,443,82,361
122000236,1463,82,1381
122000237,115,100,15
122000238,502,420,82
122000239,747,216,531
122000240,1396,604,792
122000241,2036,517,1519
122000242,947,141,806
122000243,313,43,270
122000244,100,379,-279
122000245,92,166,-74
122000246,351,193,158
122000247,548,537,11
122000248,1070,1307,-237
122000249,1268,935,333
122000250,2595,1232,1363
122000251,288,418,-130
122000252,528,106,422
122000253,71,240,-169
122000254,271,109,162
122000255,735,1276,-541
122000256,359,784,-425
122000257,172,208,-36
122000258,358,291,67
122000259,22,361,-339
122000260,6,56,-50
122000261,24,245,-221
122000262,1,37,-36
122000263,476,236,240
122000264,1565,299,1266
122000265,2294,816,1478
122000266,4103,672,3431
122000267,139,116,23
122000268,154,276,-122
122000269,955,299,656
122000270,603,145,458
122000271,272,882,-610
122000272,360,688,-328
122000273,371,334,37
122000274,241,137,104
122000275,59,156,-97
122000276,914,611,303
122000277,1501,1911,-410
122000278,2028,714,1314
122000279,283,423,-140
122000280,1094,734,360
122000281,1254,741,513
122000282,292,436,-144
122000283,291,239,52
122000284,311,96,215
122000285,450,77,373
122000286,68,161,-93
122000287,1424,1409,15
122000288,598,266,332
122000291,2378,802,1576
122000293,248,216,32
122000294,149,275,-126
122000295,1575,194,1381
122000296,74,560,-486
122000297,2389,3461,-1072
122000299,656,379,277
122000300,589,720,-131
122000301,8232,3586,4646
122000302,780,2090,-1310
122000303,2849,1350,1499
122000304,87,236,-149
122000305,1313,255,1058
122000306,51,433,-382
122000307,242,129,113
122000309,114,58,56
122000310,60,131,-71
122000311,242,132,110
122000312,163,205,-42
122000313,165,81,84
122000314,147,226,-79
122000315,323,55,268
122000316,975,223,752
122000317,1527,253,1274
122000318,321,1132,-811
122000319,214,327,-113
122000320,297,964,-667
122000321,128,161,-33
122000322,1929,2330,-401
122000323,1039,2222,-1183
122000324,1080,1323,-243
122000325,1000,2029,-1029
122000326,154,124,30
122000327,509,747,-238
122000328,807,586,221
122000330,1884,967,917
122000332,192,399,-207
122000333,13,74,-61
122000337,1208,1014,194
122000338,701,335,366
122000340,294,517,-223
122000342,1391,854,537
122000343,515,911,-396
122000344,90,30,60
122000345,34,27,7
122000346,393,376,17
122000348,1152,637,515
122000349,149,685,-536
122000351,199,227,-28
122000352,322,182,140
122000353,164,60,104
122000355,144,386,-242
122000356,969,1160,-191
122000357,93,21,72
122000358,0,43,-43
122000359,0,16,-16
122000360,3,36,-33
122000362,9,71,-62
122000364,196,324,-128
122000365,4,43,-39
122000366,30,12,18
122000368,428,582,-154
122000370,28,46,-18
122000371,37,1,36
122000372,11,4,7
122000381,152,308,-156
122000382,86,191,-105
122000384,2173,1196,977
122000385,79,2,77
122000386,333,1498,-1165
122000387,536,651,-115
122000388,1587,658,929
122000389,139,681,-542
122000390,361,223,138
122000391,303,399,-96
122000392,196,171,25
122000393,33,110,-77
122000394,546,160,386
122000395,180,101,79
122000396,381,84,297
122000397,32,55,-23
122000398,22,76,-54
122000399,168,70,98
122000400,96,608,-512
122000401,148,72,76
122000402,392,130,262
122000403,465,609,-144
122000404,158,215,-57
122000408,888,1199,-311
122000503,17,117,-100
122000524,216,182,34
122000544,118,2400,-2282
122000616,290,3,287
122000640,79,86,-7
122000641,145,178,-33
122000642,1133,887,246
122000643,70,224,-154
122000644,187,60,127
122000645,124,158,-34
122000651,941,1031,-90
122000664,165,32,133
122000665,1355,574,781
122000666,632,1053,-421
122000673,45,184,-139
122000674,254,63,191
122000675,2034,654,1380
122000686,470,854,-384
122000687,1795,291,1504
122000688,275,477,-202
122000689,1058,362,696
122000690,2437,360,2077
122000691,816,1130,-314
122000692,2037,386,1651
122000693,460,1597,-1137
122000695,408,349,59
122000696,501,206,295
122000698,462,462,0
122000699,217,90,127
122000701,1635,296,1339
122000702,469,935,-466
122000703,224,64,160
122000717,121,63,58
122000718,385,1081,-696
122000719,128,66,62
122000720,545,179,366
122000724,137,37,100
122900001,58,9,49
122900002,1256,5888,-4632
122900003,506,31,475
122900004,1876,118,1758
122900005,179,99,80
122900006,705,815,-110
122900007,180,55,125
122900008,595,254,341
122900009,659,554,105
122900010,226,118,108
122900012,251,440,-189
122900014,133,238,-105
122900015,1565,1430,135
122900016,129,282,-153
122900017,306,756,-450
122900018,200,31,169
122900019,10,99,-89
122900020,233,384,-151
122900021,78,424,-346
122900022,1157,751,406
122900023,614,169,445
122900024,143,112,31
122900025,27,357,-330
122900026,38,245,-207
122900027,49,593,-544
122900028,137,193,-56
122900029,3991,2862,1129
122900030,1006,516,490
122900031,58,323,-265
122900032,121,449,-328
122900033,262,165,97
122900034,4037,4948,-911
122900035,81,44,37
122900036,67,66,1
122900037,388,169,219
122900038,92,3237,-3145
122900039,78,507,-429
122900040,291,428,-137
122900041,363,342,21
122900042,206,291,-85
122900043,413,248,165
122900044,126,388,-262
122900045,143,113,30
122900046,223,290,-67
122900047,119,226,-107
122900048,48,224,-176
122900049,1114,182,932
122900051,67,157,-90
122900052,136,127,9
122900053,18,41,-23
122900055,528,95,433
122900057,247,41,206
122900061,602,236,366
122900062,680,712,-32
122900063,161,235,-74
122900064,815,470,345
122900065,663,250,413
122900066,697,394,303
122900067,1160,560,600
122900068,142,296,-154
122900069,399,1659,-1260
122900070,354,47,307
122900071,122,327,-205
122900072,5,357,-352
122900073,42,203,-161
122900074,945,477,468
122900075,0,54,-54
122900076,2,125,-123
122900077,3,96,-93
122900078,190,49,141
122900080,41,45,-4
122900081,229,169,60
122900082,936,183,753
122900083,131,139,-8
122900084,7,188,-181
122900086,24,113,-89
122900087,256,401,-145
122900088,36,226,-190
122900089,57,219,-162
122900090,12,294,-282
122900091,322,3,319
122900092,0,115,-115
122900093,1,155,-154
122900094,3,118,-115
122900095,194,23,171
122900096,385,117,268
122900097,55,34,21
122900098,63,102,-39
122900099,118,21,97
122900100,208,438,-230
122900101,552,342,210
122900102,27,39,-12
122900103,185,7,178
122900104,212,8,204
122900105,23,16,7
122900106,4,64,-60
122900107,4,131,-127
122900108,3,94,-91
123000001,1165,480,685
123000002,3016,5638,-2622
123000003,3995,4314,-319
123000004,2946,3656,-710
123000005,2854,2818,36
123000006,2368,1992,376
123000007,4612,2600,2012
123000008,3038,2820,218
123000009,4425,2897,1528
123000010,3191,3259,-68
123000011,1991,827,1164
123000012,711,1970,-1259
123000013,3660,936,2724
123000014,935,3365,-2430
123000015,2732,1399,1333
123000016,3872,4676,-804
123000017,3458,1632,1826
123000018,98,117,-19
123000019,477,159,318
123000020,312,67,245
123000021,186,236,-50
123000022,383,1695,-1312
123000023,2019,1854,165
123000024,1559,670,889
123000025,103,109,-6
123000026,42,61,-19
123000027,138,770,-632
123000028,1334,844,490
123000029,721,1537,-816
123000030,292,234,58
123000031,321,229,92
123000032,504,122,382
123000033,323,106,217
123000034,1145,780,365
123000035,391,392,-1
123000036,307,976,-669
123000037,212,289,-77
123000038,86,219,-133
123000039,421,1677,-1256
123000040,724,248,476
123000041,1185,1336,-151
123000042,825,704,121
123000043,2402,11531,-9129
123000044,3713,2535,1178
123000045,5282,2953,2329
123000046,562,1718,-1156
123000047,1537,1011,526
123000048,76,1125,-1049
123000049,5812,11342,-5530
123000050,1688,1755,-67
123000051,104,240,-136
123000052,850,3324,-2474
123000053,2670,2885,-215
123000054,1589,1592,-3
123000055,1468,2835,-1367
123000056,1257,1642,-385
123000057,7698,7487,211
123000058,674,1259,-585
123000059,407,618,-211
123000060,1073,447,626
123000061,322,661,-339
123000063,958,937,21
123000064,1173,277,896
123000065,4569,2412,2157
123000066,625,465,160
123000067,1014,579,435
123000068,2468,2465,3
123000069,5977,2620,3357
123000070,236,603,-367
123000071,1381,759,622
123000072,1084,640,444
123000073,1515,689,826
123000074,1230,835,395
123000075,386,1145,-759
123000076,816,579,237
123000077,1856,1838,18
123000078,1862,1289,573
123000079,1927,1586,341
123000080,2538,1367,1171
123000081,167,338,-171
123000082,342,964,-622
123000083,1047,281,766
123000084,756,461,295
123000085,401,71,330
123000086,727,110,617
123000087,515,290,225
123000088,1679,697,982
123000089,686,1002,-316
123000090,1223,830,393
123000091,1497,1204,293
123000092,881,1069,-188
123000094,566,225,341
123000095,691,738,-47
123000096,872,351,521
123000097,634,593,41
123000098,983,450,533
123000099,719,604,115
123000100,439,772,-333
123000101,519,627,-108
123000102,529,768,-239
123000104,505,492,13
123000105,703,475,228
123000106,499,473,26
123000107,300,364,-64
123000108,520,1012,-492
123000111,1113,304,809
123000112,1532,433,1099
123000113,587,914,-327
123000114,389,642,-253
123000115,379,283,96
123000116,70,111,-41
123000117,1889,1551,338
123000118,455,609,-154
123000119,294,665,-371
123000120,435,654,-219
123000121,427,486,-59
123000122,338,287,51
123000123,554,463,91
123000124,398,443,-45
123000125,1187,1386,-199
123000126,1275,4377,-3102
123000127,576,585,-9
123000128,365,300,65
123000129,983,220,763
123000130,823,105,718
123000131,1177,758,419
123000132,298,625,-327
123000133,251,381,-130
123000134,382,176,206
123000135,2736,1089,1647
123000136,185,514,-329
123000137,115,251,-136
123000138,102,346,-244
123000139,604,105,499
123000140,118,553,-435
123000141,1002,119,883
123000142,961,997,-36
123000143,989,1489,-500
123000144,52,52,0
123000145,156,166,-10
123000146,26,80,-54
123000147,49,122,-73
123000149,338,402,-64
123000150,189,258,-69
123000151,275,462,-187
123000152,117,387,-270
123000153,271,848,-577
123000154,1671,2238,-567
123000155,2132,1363,769
123000156,26,138,-112
123000157,620,783,-163
123000158,610,888,-278
123000159,3287,2992,295
123000160,984,835,149
123000161,2048,1146,902
123000162,1241,1638,-397
123000163,561,114,447
123000164,1672,339,1333
123000165,397,1119,-722
123000166,41,135,-94
123000167,206,241,-35
123000168,289,172,117
123000169,913,153,760
123000170,118,96,22
123000171,897,3,894
123000172,211,375,-164
123000173,670,293,377
123000174,1102,439,663
123000175,473,958,-485
123000176,1282,225,1057
123000177,336,766,-430
123000178,883,194,689
123000179,55,415,-360
123000180,1925,304,1621
123000181,315,992,-677
123000182,411,373,38
123000183,155,569,-414
123000184,113,342,-229
123000185,985,339,646
123000186,5,417,-412
123000187,688,15,673
123000188,244,2,242
123000189,161,142,19
123000190,58,99,-41
123000192,19,327,-308
123000193,81,736,-655
123000194,393,257,136
123000195,340,40,300
123000196,307,28,279
123000197,73,87,-14
123000198,40,606,-566
123000199,11,538,-527
123000200,757,9,748
123000201,1199,38,1161
123000202,23,699,-676
123000203,1121,85,1036
123000204,71,753,-682
123000205,406,1232,-826
123000206,2383,240,2143
123000207,58,653,-595
123000208,635,222,413
123000209,2227,615,1612
123000210,417,1516,-1099
123000211,513,1794,-1281
123000212,3479,509,2970
123000213,699,99,600
123000215,84,326,-242
123000216,229,1282,-1053
123000217,204,30,174
123000218,56,780,-724
123000219,770,86,684
123000220,540,121,419
123000221,138,96,42
123000222,494,333,161
123000223,449,223,226
123000224,440,352,88
123000225,337,63,274
123000226,100,349,-249
123000227,76,308,-232
123000228,301,55,246
123000229,903,1253,-350
123000232,118,492,-374
123000233,858,146,712
123000234,192,575,-383
123000235,1350,334,1016
123000236,351,551,-200
123000237,311,93,218
123000238,87,400,-313
123000239,457,1073,-616
123000240,56,567,-511
123000241,323,93,230
123000242,264,162,102
123000243,771,832,-61
123000244,902,707,195
123000245,73,151,-78
123000249,1030,576,454
123000252,1007,309,698
123000253,1656,523,1133
123000254,886,933,-47
123000255,1468,905,563
123000256,43,201,-158
123000257,2372,1592,780
123000258,958,695,263
123000259,479,413,66
123000260,515,330,185
123000261,356,154,202
123000262,88,142,-54
123000263,525,68,457
123000264,163,84,79
123000265,56,125,-69
123000266,612,563,49
123000267,916,370,546
123000268,56,84,-28
123000269,38,66,-28
123000270,30,41,-11
123000271,68,69,-1
123000272,780,282,498
123000273,345,809,-464
123000274,1176,524,652
123000275,344,745,-401
123000278,2250,2510,-260
123000279,174,105,69
123000280,375,237,138
123000281,356,93,263
123000282,132,248,-116
123000283,159,39,120
123000284,50,64,-14
123000286,203,367,-164
123000287,347,281,66
123000288,1312,1072,240
123000289,365,1458,-1093
123000291,264,863,-599
123000294,203,238,-35
123000295,966,1003,-37
123000296,795,457,338
123000297,824,457,367
123000298,850,400,450
123000299,98,135,-37
123000300,1166,870,296
123000301,193,251,-58
123000302,95,135,-40
123000303,140,211,-71
123000305,749,860,-111
123000306,184,125,59
123000309,68,55,13
123000310,58,26,32
123000311,0,80,-80
123000312,536,581,-45
123000313,633,401,232
123000315,200,238,-38
123000316,1003,114,889
123000317,186,89,97
123000318,66,163,-97
123000329,17,21,-4
123000337,971,374,597
123000338,369,105,264
123000339,300,83,217
123000340,173,328,-155
123000342,55,14,41
123000343,47,21,26
123000344,967,421,546
123000345,293,522,-229
123000346,423,45,378
123000352,1263,910,353
123000353,32,68,-36
123000354,267,7,260
123000355,3,223,-220
123000356,417,8,409
123000357,3,137,-134
123000359,5,137,-132
123000360,210,83,127
123000361,213,263,-50
123000362,562,90,472
123000363,124,166,-42
123000364,551,458,93
123000365,25,436,-411
123000366,381,2007,-1626
123000367,324,819,-495
123000370,51,388,-337
123000371,933,73,860
123000372,381,67,314
123000373,9,355,-346
123000374,7,173,-166
123000375,430,44,386
123000376,1005,678,327
123000377,575,12,563
123000378,21,292,-271
123000379,12,193,-181
123000380,42,421,-379
123000381,121,108,13
123000382,926,163,763
123000383,173,1325,-1152
123000384,501,121,380
123000385,140,533,-393
123000436,72,1459,-1387
123000507,112,213,-101
123000508,214,1116,-902
123000517,232,26,206
123000518,49,249,-200
123000519,161,47,114
123000520,35,181,-146
123000521,394,95,299
123000522,141,285,-144
123000541,7,3,4
123000542,0,10,-10
123000565,867,39,828
123000566,269,377,-108
123000567,98,180,-82
123000573,40,493,-453
123000574,1005,78,927
123000575,1745,819,926
123000576,1111,1068,43
123000577,85,622,-537
123000578,477,97,380
123000579,1534,6783,-5249
123000580,125,49,76
123000582,581,37,544
123000583,18,333,-315
123000584,216,267,-51
123000585,0,71,-71
123000586,91,1,90
123000596,69,70,-1
123000597,111,92,19
123000602,70,10,60
123000603,983,494,489
123000604,550,484,66
123000605,890,106,784
123000606,2,479,-477
123000609,17,391,-374
123000610,211,123,88
123000613,29,154,-125
123000614,246,52,194
123000615,35,74,-39
123000616,1019,63,956
123000617,106,254,-148
123000618,71,611,-540
123000619,716,34,682
123000620,25,518,-493
123000622,541,20,521
123000624,173,23,150
123000630,1442,507,935
123000631,303,722,-419
123000632,619,559,60
123000633,0,184,-184
123000634,61,223,-162
123000635,97,107,-10
123000636,49,538,-489
123000637,368,53,315
123000638,577,41,536
123000639,865,5485,-4620
123000640,16,504,-488
123000648,297,85,212
123000649,52,331,-279
123900001,1137,51,1086
123900002,31,1276,-1245
123900003,245,393,-148
123900005,305,164,141
123900006,340,48,292
124000001,2119,177,1942
124000002,79,1298,-1219
124000003,1026,128,898
124000004,74,430,-356
124000005,1235,626,609
124000006,219,734,-515
124000007,453,116,337
124000008,5,397,-392
124000009,667,247,420
124000010,213,340,-127
124000011,1107,350,757
124000012,284,311,-27
124000017,210,157,53
124000018,144,67,77
124000019,176,136,40
124000020,63,148,-85
124000021,133,112,21
124000022,101,194,-93
124000023,1419,1578,-159
124000024,1069,374,695
124000025,1219,1928,-709
124000026,910,902,8
124000027,4936,4991,-55
124000028,1519,3756,-2237
124000030,2212,1246,966
124000031,1295,4624,-3329
124000032,1674,809,865
124000033,495,424,71
124000034,765,588,177
124000035,265,272,-7
124000036,117,334,-217
124000037,766,1080,-314
124000038,52,157,-105
124000039,992,476,516
124000040,527,1092,-565
124000041,645,100,545
124000042,182,337,-155
124000043,184,116,68
124000044,101,174,-73
124000045,1071,576,495
124000046,334,632,-298
124000047,2042,822,1220
124000048,916,1019,-103
124000049,1943,646,1297
124000050,874,1194,-320
124000051,1149,577,572
124000052,602,755,-153
124000053,553,1783,-1230
124000054,918,396,522
124000055,1379,3278,-1899
124000056,1732,1125,607
124000057,1218,612,606
124000058,429,943,-514
124000059,832,1315,-483
124000060,1031,573,458
124000061,1401,6007,-4606
124000062,3209,1667,1542
124000063,1000,1284,-284
124000064,1914,1086,828
124000065,45,441,-396
124000066,152,65,87
124000067,200,169,31
124000068,76,127,-51
124000069,759,200,559
124000070,344,416,-72
124000071,361,94,267
124000072,202,416,-214
124000073,1128,153,975
124000074,206,673,-467
124000075,408,55,353
124000076,33,160,-127
124000077,1353,1016,337
124000078,2837,1063,1774
124000079,349,1305,-956
124000080,823,234,589
124000081,329,462,-133
124000082,76,188,-112
124000083,78,84,-6
124000084,67,665,-598
124000085,93,55,38
124000086,44,123,-79
124000087,163,105,58
124000088,306,436,-130
124000089,986,313,673
124000090,139,344,-205
124000091,568,110,458
124000092,125,578,-453
124000093,191,93,98
124000094,361,489,-128
124000095,99,86,13
124000096,177,245,-68
124000097,139,156,-17
124000098,73,89,-16
124000099,310,139,171
124000100,63,118,-55
124000101,110,116,-6
124000102,113,40,73
124000103,145,106,39
124000104,72,29,43
124000105,129,90,39
124000106,98,34,64
124000107,38,178,-140
124000108,34,24,10
124000109,138,127,11
124000110,166,61,105
124000111,218,139,79
124000112,777,511,266
124000113,97,112,-15
124000114,306,319,-13
124000115,374,456,-82
124000116,103,193,-90
124000117,50,79,-29
124000118,30,97,-67
124000119,941,509,432
124000120,687,564,123
124000121,1504,807,697
124000122,612,1303,-691
124000123,1013,444,569
124000124,552,1018,-466
124000125,434,469,-35
124000126,317,568,-251
124000127,977,395,582
124000128,540,782,-242
124000129,2294,1403,891
124000130,858,528,330
124000131,932,634,298
124000132,831,667,164
124000133,1026,907,119
124000134,1196,551,645
124000135,1703,1681,22
124000136,791,800,-9
124000137,1210,855,355
124000138,1614,1130,484
124000139,561,18,543
124000140,37,426,-389
124000141,230,14,216
124000142,48,139,-91
124000143,68,22,46
124000144,20,45,-25
124000145,172,32,140
124000146,70,74,-4
124000148,55,100,-45
124000149,1379,392,987
124000150,343,590,-247
124000151,1073,422,651
124000152,780,1188,-408
124000153,1515,810,705
124000154,944,703,241
124000155,1728,973,755
124000156,1584,1064,520
124000169,229,490,-261
124000170,491,435,56
124000171,361,289,72
124000172,405,418,-13
124000173,542,182,360
124000174,443,474,-31
124000175,16,124,-108
124000176,106,48,58
124000177,11,33,-22
124000178,60,54,6
124000190,101,98,3
124000191,112,184,-72
124000192,1864,436,1428
124000193,349,1050,-701
124000194,390,334,56
124000195,419,548,-129
124000196,855,820,35
124000197,33,24,9
124000198,54,51,3
124000201,287,638,-351
124000202,751,294,457
124000203,595,343,252
124000204,950,238,712
124000205,139,306,-167
124000206,968,270,698
124000207,0,44,-44
124000209,204,287,-83
124000210,681,183,498
124000211,711,5,706
124000212,0,255,-255
124000213,585,224,361
124000214,462,395,67
124000215,511,21,490
124000216,2,259,-257
124000329,134,1124,-990
124000338,95,530,-435
124000339,1323,102,1221
124000341,1674,72,1602
124000344,65,7,58
124000357,1421,2637,-1216
124000358,837,1386,-549
124000359,1211,592,619
124000360,989,436,553
124000361,2016,1063,953
124000362,893,1331,-438
124000363,283,309,-26
124000364,508,593,-85
124000365,554,794,-240
124000366,1271,759,512
124000367,68,331,-263
124000368,477,673,-196
124000369,187,102,85
124000370,99,519,-420
124000402,23,15,8
124000403,167,20,147
124000404,13,123,-110
124000405,1259,889,370
124000406,820,719,101
124000407,1,27,-26
124000411,6,222,-216
124000412,513,12,501
124000413,168,35,133
124000414,95,118,-23
124000415,60,56,4
124000416,129,152,-23
124000417,189,131,58
124000418,187,79,108
124000419,88,83,5
124000420,137,65,72
124000421,34,80,-46
124000422,25,16,9
124000423,125,23,102
124000424,7,78,-71
124000425,39,21,18
124000426,9,46,-37
124000427,43,10,33
124000428,11,68,-57
124000429,84,37,47
124000430,914,551,363
124000431,353,484,-131
124000432,333,698,-365
124000439,3,7,-4
124000443,1,5,-4
124000445,238,1405,-1167
124000446,1015,169,846
124900001,679,423,256
124900002,192,224,-32
124900003,1554,682,872
124900004,798,351,447
124900005,275,124,151
124900006,850,311,539
124900008,1373,635,738
124900009,220,397,-177
124900010,275,148,127
124900011,749,267,482
124900012,477,132,345
124900013,511,122,389
124900014,286,68,218
124900015,177,421,-244
124900016,87,112,-25
124900017,506,2079,-1573
124900018,78,7,71
124900020,98,75,23
124900021,382,60,322
124900022,48,14,34
124900024,332,14,318
124900026,144,23,121
124900027,168,576,-408
124900028,425,105,320
124900029,45,560,-515
124900030,9,83,-74
124900031,54,258,-204
124900032,182,260,-78
124900033,150,264,-114
124900034,11,115,-104
124900035,229,379,-150
124900036,0,49,-49
124900037,243,244,-1
124900038,285,235,50
124900039,1,71,-70
124900040,119,93,26
124900041,335,760,-425
124900042,183,1,182
124900043,522,682,-160
124900044,109,0,109
124900045,677,1140,-463
124900046,845,298,547
124900047,157,239,-82
124900048,168,84,84
124900050,144,156,-12
124900052,95,360,-265
124900053,176,376,-200
124900054,1089,452,637
124900055,0,161,-161
124900057,8,39,-31
124900060,72,135,-63
124900061,108,5,103
124900062,195,37,158
124900066,0,13,-13
124900067,4,111,-107
124900068,301,549,-248
124900070,111,23,88
124900072,157,22,135
124900075,248,183,65
124900076,33,1357,-1324
124900077,23,121,-98
124900078,81,28,53
124900079,425,213,212
124900080,329,391,-62
124900081,1318,301,1017
124900082,391,567,-176
124900083,346,411,-65
124900084,1031,119,912
124900085,787,625,162
124900086,91,1955,-1864
124900087,565,125,440
124900088,560,101,459
124900089,977,31,946
124900090,515,269,246
124900091,381,282,99
124900092,236,151,85
124900093,514,209,305
124900094,530,267,263
124900095,116,514,-398
124900096,524,290,234
124900097,373,83,290
124900098,117,268,-151
124900099,438,448,-10
124900100,407,55,352
124900101,115,644,-529
124900102,237,20,217
124900103,168,129,39
124900104,56,127,-71
124900105,115,90,25
124900106,441,65,376
124900107,120,20,100
124900108,161,125,36
124900111,1,109,-108
124900112,63,414,-351
124900113,137,293,-156
124900114,187,128,59
124900115,104,44,60
124900116,326,242,84
124900117,305,199,106
124900118,262,413,-151
124900119,440,212,228
124900120,66,243,-177
124900121,119,481,-362
124900122,258,215,43
124900123,238,150,88
124900124,162,277,-115
204000001,124,5,119
204000002,8,2,6
204000003,21,2,19
204000004,7,1,6
204000005,595,403,192
204000006,1356,1073,283
204000011,10,51,-41
204000012,83,77,6
204000019,792,377,415
204000020,829,726,103
204000021,2416,1317,1099
204000022,625,527,98
204000023,637,542,95
204000031,49,14,35
204000032,389,34,355
204000034,19,168,-149
204000035,0,3,-3
204000036,6,15,-9
204000037,0,19,-19
204000038,2,9,-7
204000039,70,20,50
204000040,3,6,-3
204000041,9,18,-9
204000042,30,12,18
204000043,36,10,26
204000044,65,3,62
204000045,80,3,77
204000046,19,3,16
204000057,5,28,-23
204000062,32,44,-12
204000068,25,314,-289
204000069,91,390,-299
204000070,94,87,7
204000080,98,73,25
204000085,1818,1274,544
204000086,1977,1484,493
204000087,69,8,61
204000088,9,92,-83
204000090,40,253,-213
204000093,511,54,457
204000096,948,869,79
204000097,586,20,566
204000099,1190,1348,-158
204000100,1467,1791,-324
204000105,1721,1023,698
204000110,888,1718,-830
204000111,444,843,-399
204000112,1308,1616,-308
204000113,699,1024,-325
204000114,1202,855,347
204000115,705,382,323
204000116,2471,1203,1268
204000119,1950,2288,-338
204000132,926,423,503
204000133,1104,173,931
204000134,446,93,353
204000135,700,147,553
204000136,640,200,440
204000138,409,876,-467
204000140,269,154,115
204000141,222,75,147
204000144,6,18,-12
204000145,689,49,640
204000146,23,337,-314
204000147,16,176,-160
204000148,244,24,220
204000154,8,6,2
204000155,2,13,-11
204000177,76,49,27
204000179,17,5,12
204000180,0,23,-23
204000222,4,24,-20
204000235,38,14,24
204000236,90,192,-102
204000238,40,24,16
204000240,423,81,342
204000263,469,786,-317
204000268,922,555,367
204000308,159,17,142
204000317,9,99,-90
204000322,10,53,-43
204000323,5,6,-1
204000328,199,51,148
204000329,62,134,-72
204000330,199,11,188
204000331,26,96,-70
204010341,18,152,-134
205000001,715,1306,-591
205000013,7,61,-54
205000014,28,70,-42
205000015,45,137,-92
205000016,32,122,-90
205000017,34,83,-49
205000022,251,734,-483
205000025,910,913,-3
205000029,266,13,253
205000045,185,508,-323
205000046,152,573,-421
205000047,98,618,-520
205000048,359,652,-293
205000049,159,525,-366
205000050,946,198,748
205000059,0,166,-166
205000060,1,123,-122
205000061,4,190,-186
205000062,1,140,-139
205000063,28,177,-149
205000064,35,73,-38
205000065,82,494,-412
205000066,150,450,-300
205000067,39,632,-593
205000069,187,8,179
205000082,167,125,42
205000110,73,198,-125
205000111,157,206,-49
205000112,208,193,15
205000113,156,308,-152
205000121,249,76,173
205000123,43,218,-175
205000126,481,54,427
205000127,710,111,599
205000128,419,61,358
205000129,623,54,569
205000130,156,32,124
205000131,90,13,77
205000132,105,1,104
205000133,82,1,81
205000134,254,0,254
205000137,60,135,-75
205000138,154,287,-133
205000139,28,114,-86
205000144,92,85,7
205000145,561,173,388
205000151,150,31,119
205000152,195,21,174
205000153,219,18,201
205000154,143,37,106
205000155,116,9,107
205000207,13,154,-141
205000233,26,0,26
205000234,0,2,-2
205000243,1,3,-2
205000244,0,1,-1
205000245,11,153,-142
205000249,2,17,-15
205000250,3,3,0
205000264,7,78,-71
206000027,9,3,6
206000028,6,4,2
206000043,9,40,-31
206000053,1,10,-9
206000054,2,13,-11
206000055,4,46,-42
206000075,9,16,-7
206000076,33,9,24
206000077,37,5,32
206000078,18,8,10
206000079,22,4,18
206000082,498,75,423
206000100,31,350,-319
206000103,4,11,-7
206000104,26,22,4
206000105,11,14,-3
206000106,10,35,-25
206000108,663,53,610
206000125,59,0,59
206000157,53,451,-398
206000170,1,115,-114
206000171,10,176,-166
206000172,8,200,-192
206000173,7,135,-128
206000174,10,40,-30
206000175,2,52,-50
206000176,18,116,-98
206000177,0,104,-104
206000178,1,154,-153
206000179,9,96,-87
206000180,12,92,-80
206000181,8,82,-74
206000182,6,76,-70
206000183,20,303,-283
206000184,1,175,-174
206000185,2,92,-90
206000186,101,460,-359
206000223,3,165,-162
206000226,13,2,11
206000227,23,5,18
206000237,28,168,-140
206000238,16,298,-282
206000239,199,1273,-1074
206000240,0,64,-64
206000241,0,56,-56
206000242,4,118,-114
206000243,5,89,-84
206000244,38,265,-227
206000245,1172,65,1107
206000246,339,13,326
206000247,416,10,406
206000248,600,16,584
206000252,55,44,11
206000258,31,47,-16
206000315,64,8,56
206000317,768,108,660
206000318,728,59,669
206000319,2401,103,2298
206000320,354,34,320
206000321,345,25,320
206000322,703,18,685
206000323,228,13,215
206000324,262,5,257
206000325,261,16,245
206000326,247,23,224
206000327,184,15,169
206000328,250,7,243
206000329,376,8,368
206000330,87,14,73
206000331,273,4,269
206000332,72,7,65
206000333,910,4,906
206000334,422,4,418
206000335,1,15,-14
206000361,7,157,-150
206000392,2,9,-7
206000405,182,1,181
206000441,43,16,27
206000498,49,14,35
206000515,96,43,53
206000530,437,106,331
206000531,321,240,81
206000532,1901,355,1546
206000535,153,1331,-1178
206000536,9,137,-128
206000537,19,113,-94
206000613,1836,232,1604
207000001,159,630,-471
207000002,125,307,-182
207000003,160,125,35
207000007,1343,249,1094
207000008,153,10,143
207000009,58,42,16
207000010,348,246,102
207000012,513,224,289
207000015,177,848,-671
207000019,327,55,272
207000021,795,214,581
207000022,177,155,22
207000023,229,41,188
207000024,1,12,-11
207000025,24,76,-52
207000026,70,52,18
207000027,19,72,-53
207000028,66,147,-81
207000029,195,362,-167
207000033,155,484,-329
207000034,373,131,242
207000039,543,118,425
207000040,527,91,436
207000041,274,70,204
207000042,309,57,252
207000043,294,169,125
207000051,113,169,-56
207000052,61,92,-31
207000053,457,442,15
207000054,54,89,-35
207000055,182,113,69
207000056,405,244,161
207000057,125,297,-172
207000058,140,240,-100
207000059,106,350,-244
207000060,59,167,-108
207000061,208,858,-650
207000062,368,40,328
207000063,400,70,330
207000064,503,106,397
207000065,439,209,230
207000066,245,174,71
207000067,60,78,-18
207000068,140,63,77
207000069,877,289,588
207000082,2,134,-132
207000083,73,172,-99
207000084,408,233,175
207000085,266,27,239
207000086,287,15,272
207000106,59,26,33
207000107,107,19,88
207000108,83,13,70
207000109,53,17,36
207000110,62,65,-3
207000111,97,101,-4
207000112,140,695,-555
207000114,24,25,-1
207000115,25,54,-29
207000116,20,344,-324
207000117,7,81,-74
207000118,2,54,-52
207000119,30,60,-30
207000123,220,22,198
207000124,97,21,76
207000125,79,46,33
207000126,82,40,42
207000134,114,124,-10
207000135,27,123,-96
207000148,87,390,-303
207000149,66,29,37
207000152,146,325,-179
207000153,627,1159,-532
207000154,318,165,153
207000159,94,111,-17
207000160,121,273,-152
207000238,0,169,-169
207000242,8,140,-132
207000248,37,26,11
207000249,114,28,86
207000250,595,64,531
207000251,91,73,18
207000252,87,37,50
207000278,146,81,65
207000279,19,114,-95
207000280,803,66,737
207000281,95,562,-467
207000282,135,222,-87
207000283,43,178,-135
207000284,34,392,-358
207000285,61,58,3
207000291,10,89,-79
207000304,169,47,122
207000306,96,297,-201
207000310,128,88,40
207000353,266,3,263
207000356,9,52,-43
207000357,21,10,11
207000358,7,15,-8
207000415,4,174,-170
207000417,59,11,48
207000418,203,143,60
207000438,0,0,0
207000439,762,756,6
207000446,182,5,177
207000460,61,15,46
207000466,142,110,32
207000467,408,83,325
207000468,47,185,-138
207000476,13,33,-20
207000477,746,91,655
207000478,3,60,-57
207000523,0,10,-10
207000524,44,1,43
207000527,127,155,-28
207000530,612,6,606
207000531,425,14,411
207000532,135,40,95
207000534,349,50,299
207000535,44,250,-206
207000537,27,87,-60
207000540,10,160,-150
207000541,0,233,-233
207000548,17,199,-182
207000549,333,26,307
207000561,192,237,-45
207000562,31,145,-114
207000567,175,222,-47
207000568,257,43,214
207000569,596,456,140
207000584,264,167,97
207000585,79,313,-234
207000616,0,92,-92
207000617,226,1,225
207900008,365,63,302
208000001,678,1111,-433
208000002,715,531,184
208000003,1173,394,779
208000004,1216,706,510
208000005,3,10,-7
208000019,663,759,-96
208000020,256,359,-103
208000021,232,261,-29
208000022,884,388,496
208000028,1221,1452,-231
208000033,606,578,28
208000034,1035,1226,-191
208000037,198,7,191
208000040,267,124,143
208000041,834,555,279
208000042,1029,574,455
208000047,177,178,-1
208000064,2237,1351,886
208000066,1712,2568,-856
208000070,474,349,125
208000071,532,526,6
208000072,534,1025,-491
208000080,305,378,-73
208000081,421,132,289
208000082,373,181,192
208000083,180,309,-129
208000084,21,17,4
208000085,721,592,129
208000086,532,889,-357
208000087,500,585,-85
208000089,1068,300,768
208000090,993,385,608
208000093,150,177,-27
208000094,542,394,148
208000095,714,389,325
208000104,1009,815,194
208000105,747,908,-161
208000114,116,347,-231
208000115,520,324,196
208000116,662,1020,-358
208000117,158,180,-22
208000118,126,151,-25
208000155,739,852,-113
208000158,1232,3612,-2380
208000186,2825,3804,-979
208000204,682,938,-256
208000205,1245,760,485
208000282,4351,2965,1386
209000004,541,209,332
209000005,69,47,22
209000006,451,185,266
209000007,268,264,4
209000010,325,127,198
209000011,173,184,-11
209000012,210,111,99
209000013,225,208,17
209000014,432,786,-354
209000025,447,51,396
209000026,827,110,717
209000027,378,556,-178
209000028,558,541,17
209000029,395,542,-147
209000030,360,956,-596
209000031,1913,1547,366
209000034,282,273,9
209000035,121,201,-80
209000036,267,113,154
209000037,410,203,207
209000038,160,144,16
209000039,105,158,-53
209000040,304,434,-130
209000041,180,370,-190
209000042,257,347,-90
209000043,617,751,-134
209000044,250,796,-546
209000045,1198,409,789
209000046,562,447,115
209000047,420,226,194
209000048,623,292,331
209000049,85,81,4
209000050,181,101,80
209000051,291,196,95
209000052,112,154,-42
209000062,44,90,-46
209000063,50,48,2
209000064,50,60,-10
209000065,91,29,62
209000066,109,14,95
209000067,118,30,88
209000080,29,167,-138
209000082,100,32,68
209000091,33,79,-46
209000093,71,17,54
209000094,124,189,-65
209000110,63,145,-82
209000111,556,1729,-1173
209000112,1303,538,765
209000113,1996,514,1482
209000114,945,424,521
209000115,71,71,0
209000116,446,337,109
209000118,15,31,-16
209000119,21,15,6
209000121,106,353,-247
209000135,82,214,-132
209000142,895,1894,-999
209000143,48,58,-10
209000144,39,133,-94
209000229,269,176,93
209000240,37,202,-165
209000259,65,70,-5
209000260,53,804,-751
209000261,2,398,-396
209000262,5,291,-286
209000263,0,156,-156
209000264,0,298,-298
209000265,515,2,513
209000266,178,0,178
209000267,1024,15,1009
209000268,585,74,511
210000037,72,38,34
210000047,132,16,116
210000048,111,28,83
210000049,74,4,70
210000052,76,61,15
210000053,38,43,-5
210000054,25,41,-16
210000070,152,4,148
210000071,116,1,115
210000072,46,0,46
210000073,0,11,-11
210000074,0,70,-70
210000075,1,75,-74
210000076,13,114,-101
210000077,16,47,-31
210000078,34,74,-40
210000079,34,19,15
210000080,70,115,-45
210000081,142,27,115
210000082,101,4,97
210000083,101,1,100
210000084,71,1,70
210000085,0,46,-46
210000086,6,106,-100
210000099,58,167,-109
210000100,56,169,-113
210000101,62,141,-79
210000105,28,223,-195
210000159,0,197,-197
210000163,135,210,-75
210000164,259,186,73
210000168,105,28,77
210000187,0,26,-26
210000188,0,14,-14
210000214,27,0,27
210000219,47,51,-4
210000220,119,41,78
210000232,5,15,-10
210000233,38,52,-14
210000234,31,78,-47
210000235,58,61,-3
210000245,1,43,-42
210000246,50,23,27
210000258,12,87,-75
210000259,337,52,285
210000282,88,195,-107
210000285,3,108,-105
210000286,35,146,-111
210000290,4,8,-4
210000295,42,105,-63
210000296,51,37,14
210000320,192,54,138
210000321,116,57,59
210000338,49,88,-39
210000339,246,1151,-905
210000340,101,362,-261
210000341,216,259,-43
210000342,253,172,81
210000343,221,158,63
210000344,163,97,66
210000345,146,258,-112
210000346,100,126,-26
210000347,61,52,9
210000348,130,27,103
210000349,66,25,41
210000350,159,71,88
210000351,217,92,125
210000352,70,53,17
210000353,55,61,-6
210000354,69,60,9
210000355,44,78,-34
210000356,23,66,-43
210000357,60,64,-4
210000358,198,145,53
210000359,90,87,3
210000360,168,117,51
210000361,200,131,69
210000362,281,159,122
210000363,564,221,343
210000364,116,161,-45
210000365,138,70,68
210000366,188,60,128
210000367,98,42,56
210000368,148,34,114
210000369,16,29,-13
210000370,46,37,9
210000372,19,25,-6
210000373,16,16,0
210000374,63,17,46
210000375,43,34,9
210000376,64,94,-30
210000404,57,124,-67
210000439,28,20,8
210000472,72,5,67
210000482,65,130,-65
210000564,263,332,-69
210000567,0,44,-44
210000568,258,1,257
211000092,42,52,-10
211000094,31,12,19
211000169,241,19,222
211000172,7,153,-146
211000209,0,28,-28
211000226,22,22,0
211000270,40,14,26
211000275,18,6,12
211000276,127,15,112
211000279,33,18,15
211000281,126,48,78
211507980,1,46,-45
211977296,38,7,31
212000003,164,44,120
212000004,32,39,-7
212000005,19,31,-12
212000006,32,38,-6
212000008,202,87,115
212000009,35,76,-41
212000012,97,72,25
212000013,40,46,-6
212000014,315,136,179
212000015,330,179,151
212000016,526,460,66
212000027,610,295,315
212000028,340,320,20
212000029,248,201,47
212000030,64,27,37
212000031,91,36,55
212000048,22,197,-175
212000049,20,157,-137
212000050,31,16,15
212000051,215,138,77
212000052,170,245,-75
212000053,351,419,-68
212000054,331,53,278
212000055,331,157,174
212000056,45,29,16
212000057,12,22,-10
212000058,171,32,139
212000070,93,173,-80
212000077,148,441,-293
212000099,301,197,104
212000108,206,141,65
212000111,263,107,156
212000120,126,47,79
212000138,162,40,122
212000156,14,79,-65
212000158,7,30,-23
212000159,569,30,539
212000160,841,203,638
212000161,71,7,64
212000310,57,15,42
212000311,14,41,-27
212000374,36,11,25
213000001,34,328,-294
213000005,571,147,424
213000006,1146,353,793
213000007,110,10,100
213000009,635,498,137
213000010,268,311,-43
213000011,176,135,41
213000012,153,287,-134
213000014,110,23,87
213000015,294,5,289
213000016,532,1,531
213000017,118,1,117
213000018,3,122,-119
213000019,1,96,-95
213000020,119,298,-179
213000021,4,89,-85
213000023,432,178,254
213000033,377,1593,-1216
213000034,821,203,618
213000035,165,189,-24
213000045,159,211,-52
213000046,219,145,74
213000047,480,1274,-794
213000056,142,30,112
213000069,76,5,71
213000073,2,61,-59
213000074,63,306,-243
213000075,688,3,685
213000076,34,1,33
213000085,18,52,-34
213000086,28,116,-88
213000091,304,15,289
213000092,103,19,84
213000099,230,1064,-834
213000100,1258,274,984
213000101,583,139,444
213000102,688,192,496
213000103,1072,782,290
213000104,49,376,-327
213000105,4,170,-166
213000106,26,111,-85
213000107,146,374,-228
213000108,43,330,-287
213000109,12,143,-131
213000110,27,52,-25
213000111,15,60,-45
213000112,143,104,39
213000115,100,6,94
213000116,59,316,-257
213000117,7,520,-513
213000118,610,250,360
213000119,60,602,-542
213000120,83,368,-285
213000122,129,424,-295
213000123,352,891,-539
213000124,116,1278,-1162
213000125,194,29,165
213000126,69,154,-85
213000127,90,238,-148
213000128,348,976,-628
213000129,302,932,-630
213000130,794,407,387
213000132,717,132,585
213000133,883,148,735
213000134,1043,15,1028
213000136,573,18,555
213000137,823,64,759
213000139,192,23,169
213000147,72,7,65
213000148,29,18,11
213000149,48,12,36
213000150,1,138,-137
213000151,4,126,-122
213000152,0,109,-109
213000153,3,140,-137
213000154,43,474,-431
213000155,67,220,-153
213000156,164,343,-179
213000157,776,291,485
213000158,422,866,-444
213000159,738,462,276
213000163,1157,127,1030
213000165,1131,324,807
213000171,0,49,-49
213000172,4,121,-117
213000173,2,146,-144
213000174,1,84,-83
213000175,10,33,-23
213000176,60,40,20
213000177,132,3,129
213000178,236,6,230
213000179,239,3,236
213000180,262,1,261
213000184,92,348,-256
213000188,424,114,310
213000189,562,62,500
213000190,949,678,271
213000191,457,333,124
213000192,279,289,-10
213000193,606,306,300
213000194,0,78,-78
213000195,33,346,-313
213000196,289,1176,-887
213000197,514,467,47
213000198,62,1,61
213000200,132,685,-553
213000201,26,44,-18
213000202,17,460,-443
213000203,2876,639,2237
213000204,830,47,783
213000205,420,55,365
213000206,469,52,417
213000207,96,9,87
213000208,67,7,60
213000209,138,5,133
213000210,250,3,247
213000211,13,22,-9
213000212,7,53,-46
213000213,19,64,-45
213000218,238,391,-153
213000219,611,11,600
213000220,563,8,555
213000223,204,206,-2
213000224,48,61,-13
213000225,130,11,119
213000226,78,17,61
213000227,996,169,827
213000228,443,72,371
213000229,157,26,131
213000230,407,45,362
213000232,45,956,-911
213000233,5,765,-760
213000234,9,68,-59
213000293,30,62,-32
213000294,154,26,128
213000295,15,83,-68
213000296,56,12,44
213000297,20,73,-53
213000298,32,71,-39
213000299,70,21,49
213000300,8,10,-2
213000303,3,32,-29
213000304,3,12,-9
213000305,1,21,-20
213000306,50,32,18
213000307,126,61,65
213000308,123,121,2
213000309,217,62,155
213000310,538,149,389
213000311,243,714,-471
213000315,117,82,35
213000316,182,61,121
213000322,112,89,23
213000323,129,53,76
213000324,67,27,40
213000325,46,46,0
213000326,47,29,18
213000327,53,27,26
213000328,33,151,-118
213000329,137,12,125
213000340,145,376,-231
213000341,703,104,599
213000346,266,342,-76
213000347,669,603,66
213000348,7,123,-116
213000349,15,15,0
213000350,256,763,-507
213000366,70,273,-203
213000367,287,20,267
213000379,65,48,17
213000386,11,321,-310
213000406,94,421,-327
213000417,1451,453,998
213000425,312,27,285
213000426,178,51,127
213000427,52,155,-103
213000428,62,126,-64
213000429,6,8,-2
213000430,125,532,-407
213000431,43,3,40
213000432,0,33,-33
213000433,23,113,-90
213000434,101,120,-19
213000435,138,71,67
213000436,50,78,-28
213000437,2,13,-11
213000438,215,56,159
213000439,54,14,40
213000440,8,308,-300
213000441,3,2,1
213000442,3,35,-32
213000443,449,295,154
213000444,53,42,11
213000445,0,87,-87
213000446,1,27,-26
213000447,3,37,-34
213000448,12,133,-121
213000449,657,9,648
213000450,22,30,-8
213000451,308,106,202
213000452,13,20,-7
213000453,42,213,-171
213000455,261,3,258
213000456,1,387,-386
213000481,9,3,6
213000482,34,3,31
213000489,300,63,237
213000491,1,182,-181
213000492,182,3,179
213000493,1,120,-119
213000494,327,110,217
213000495,0,51,-51
213000496,468,152,316
213000497,58,217,-159
213000498,174,150,24
213000499,214,334,-120
213000500,599,58,541
213000501,149,38,111
213000502,179,154,25
213000503,1,69,-68
213000504,12,66,-54
213000505,27,4,23
213000506,0,7,-7
213000507,2,110,-108
213900016,0,7,-7
213900244,91,0,91
213900245,0,18,-18
218000003,21,21,0
218000004,40,27,13
218000005,71,43,28
218000006,67,42,25
218000007,44,10,34
218000012,160,158,2
218000013,145,154,-9
218000014,459,338,121
218000019,688,554,134
218000020,275,376,-101
218000021,28,44,-16
218000022,9,18,-9
218000023,0,18,-18
218000024,0,2,-2
218000025,16,5,11
218000026,10,20,-10
218000027,1,3,-2
218000028,5,2,3
218000029,16,3,13
218000030,25,25,0
218000031,5,18,-13
218000032,3,31,-28
218000040,7,2,5
218000046,32,85,-53
218000047,24,92,-68
218000048,75,57,18
218000049,126,70,56
218000050,353,225,128
218000051,110,211,-101
218000052,0,67,-67
218000053,3,8,-5
218000054,16,100,-84
218000055,5,35,-30
218000056,14,43,-29
218000057,3,40,-37
218000064,1,8,-7
218000065,95,29,66
218000066,8,39,-31
218000067,54,92,-38
218000068,156,74,82
218000069,244,117,127
218000070,248,210,38
218000071,201,148,53
218000072,257,166,91
218000078,1093,560,533
218000079,186,76,110
218000080,200,57,143
218000081,532,190,342
218000082,67,82,-15
218000083,61,50,11
218000084,179,99,80
218000085,146,244,-98
218000086,97,145,-48
218000087,170,128,42
218000090,10,103,-93
218000091,1113,508,605
218000092,101,131,-30
218000093,126,49,77
218000094,465,462,3
218000099,345,661,-316
218000100,340,276,64
218000101,384,115,269
218000102,403,166,237
218000103,125,111,14
218000104,116,37,79
218000105,42,14,28
218000106,7,5,2
218000107,80,45,35
218000108,9,26,-17
218000112,40,25,15
218000117,52,62,-10
218000134,522,446,76
218000135,22,78,-56
218000136,217,114,103
218000137,191,103,88
218000138,72,92,-20
218000139,204,278,-74
218000140,564,228,336
218000141,79,88,-9
218000142,260,164,96
218000143,128,371,-243
218000144,62,115,-53
218000145,515,285,230
218000146,127,181,-54
218000151,11,20,-9
218000152,98,31,67
218000153,10,5,5
218000154,12,2,10
218000155,23,2,21
218000156,58,11,47
218000157,48,15,33
218000158,19,4,15
218000159,3,4,-1
218000160,14,1,13
218000161,40,3,37
218000162,44,4,40
218000163,12,2,10
218000164,51,10,41
218000165,67,20,47
218000170,8,46,-38
218000171,43,15,28
218000172,4,8,-4
218000173,20,10,10
218000174,24,3,21
218000176,189,22,167
218000177,248,149,99
218000178,52,161,-109
218000179,64,69,-5
218000180,55,28,27
218000181,131,34,97
218000187,16,36,-20
218000188,20,47,-27
218000189,23,56,-33
218000190,16,10,6
218000191,123,41,82
218000192,203,154,49
218000193,392,238,154
218000194,119,235,-116
218000195,125,60,65
218000196,474,223,251
218000197,568,246,322
218000198,37,80,-43
218000199,56,27,29
218000200,63,34,29
218000201,16,8,8
218000202,76,376,-300
218000207,8,27,-19
218000208,28,29,-1
218000211,54,30,24
218000212,0,5,-5
218000213,110,103,7
218000214,8,32,-24
218000215,47,41,6
218000217,4,54,-50
218000218,162,64,98
218000219,17,20,-3
218000220,48,394,-346
218000221,519,187,332
218000222,2,31,-29
218000223,32,327,-295
218000224,10,194,-184
218000225,200,31,169
218000226,153,64,89
218000230,0,13,-13
218000232,46,42,4
218000239,102,9,93
218000240,13,2,11
218000241,9,1,8
218000242,24,0,24
218000243,32,6,26
218000244,37,4,33
218000245,43,6,37
218000246,2,4,-2
218000247,3,0,3
218000248,0,18,-18
218000249,0,8,-8
218000250,2,23,-21
218000251,1,28,-27
218000252,10,102,-92
218000253,7,111,-104
218000254,0,34,-34
218000255,1,23,-22
218000256,4,67,-63
218000267,376,847,-471
218000268,11,29,-18
218000269,1,14,-13
218000270,88,36,52
218000271,9,29,-20
218000273,22,6,16
218000274,13,4,9
218000275,18,50,-32
218000276,12,34,-22
218000278,18,33,-15
218000279,109,43,66
218000280,10,18,-8
218000281,22,10,12
218000282,534,657,-123
218000284,54,3,51
218000301,111,118,-7
218000302,93,60,33
218000303,27,52,-25
218000316,905,984,-79
218000317,1721,803,918
218000318,1046,626,420
218000319,1335,679,656
218000320,911,537,374
218000338,39,46,-7
218000345,95,61,34
218000346,45,168,-123
218000459,29,232,-203
218000490,22,56,-34
218000501,141,59,82
218000502,33,44,-11
218000503,111,19,92
218000504,163,24,139
218000505,34,78,-44
218000506,42,175,-133
218000508,10,28,-18
218000510,158,13,145
218000520,125,91,34
218000521,9,18,-9
218000522,0,145,-145
218000523,129,2,127
218000524,38,327,-289
218000525,93,22,71
218000526,22,185,-163
218000529,51,94,-43
218000530,15,2,13
218000531,14,15,-1
218000532,20,12,8
218000534,210,19,191
218000537,19,61,-42
218000538,196,392,-196
218000540,382,112,270
218000543,189,55,134
218000544,70,68,2
218000545,86,64,22
218000546,36,36,0
218000547,99,191,-92
218000548,180,62,118
218000549,549,532,17
218000550,191,208,-17
218000551,97,929,-832
218000552,332,82,250
218000553,42,102,-60
218000554,36,43,-7
218000555,47,73,-26
218000556,144,180,-36
218000557,322,148,174
218000558,51,1,50
218000559,0,57,-57
218000560,0,38,-38
218000561,16,0,16
218000562,30,165,-135
218000563,166,14,152
218000564,5,169,-164
218000565,100,41,59
218000566,293,69,224
218000567,3,108,-105
218000568,32,6,26
218000569,8,259,-251
218000570,115,13,102
218000571,0,109,-109
218000572,113,2,111
218000573,9,215,-206
218000574,74,27,47
218000575,105,0,105
218000576,1,87,-86
218000577,109,1,108
218000578,0,99,-99
218000579,96,17,79
218000581,7,34,-27
218000582,25,2,23
218000583,20,0,20
218000584,3,16,-13
218000585,27,6,21
218000586,13,49,-36
218000587,1,0,1
218000588,2,4,-2
218000589,0,9,-9
218000590,1,3,-2
218000591,4,3,1
218000592,13,0,13
218000593,3,0,3
218000594,0,1,-1
218000595,0,0,0
218000596,0,1,-1
218000597,0,0,0
218000598,0,0,0
218000599,3,1,2
218000600,4,0,4
218000601,0,0,0
218000602,0,4,-4
218000603,0,5,-5
218000604,10,0,10
218000605,0,38,-38
218000606,83,0,83
218000607,17,43,-26
218000608,63,20,43
218000609,14,34,-20
218000610,82,2,80
218000611,17,1,16
218000612,3,40,-37
218000613,57,5,52
218000614,2,43,-41
218000615,142,3,139
218000616,5,143,-138
218000617,13,1,12
218000618,0,21,-21
218000619,29,24,5
218000620,23,76,-53
218000621,0,6,-6
218000622,0,16,-16
218000623,107,3,104
218000624,1,7,-6
218000625,5,1,4
218000626,0,6,-6
218000628,174,56,118
218000631,26,18,8
218000632,3,102,-99
218000633,222,3,219
218000634,5,11,-6
218000635,5,6,-1
218000636,968,820,148
218000637,1409,450,959
218000638,223,17,206
218000639,24,120,-96
218000640,347,16,331
218000641,81,176,-95
218000652,29,51,-22
218000653,161,37,124
218000663,6,110,-104
218000675,56,48,8
218000676,4,10,-6
218000677,16,8,8
218000680,245,231,14
218000681,364,156,208
218000691,233,125,108
218000693,423,146,277
218000703,11,22,-11
218000718,212,1141,-929
218000719,638,749,-111
218000720,25,276,-251
218000721,102,22,80
218000725,5,6,-1
218001147,0,31,-31
218001214,4,118,-114
218001258,111,1,110
218001329,113,97,16
218001330,86,42,44
218001351,61,12,49
218001352,9,18,-9
218001353,15,4,11
218001354,10,24,-14
218001355,8,89,-81
218001356,543,16,527
218001357,0,29,-29
218001358,369,2,367
218001361,348,4,344
218001362,0,27,-27
219000001,54,43,11
219000002,66,38,28
219000003,69,40,29
219000004,40,46,-6
219000017,89,28,61
219000020,159,70,89
219000022,161,3,158
219000023,164,2,162
219000029,1,54,-53
219000034,49,27,22
219000039,77,160,-83
219000040,60,55,5
219000041,166,25,141
219000051,0,59,-59
219000052,0,17,-17
219000053,1,75,-74
219000054,17,101,-84
219000055,245,3,242
219000056,14,1,13
219000057,110,0,110
219000062,19,105,-86
219000063,94,6,88
219000064,0,66,-66
219000110,408,129,279
219000111,169,34,135
219000112,242,65,177
219000113,169,71,98
219000114,182,132,50
219000116,83,46,37
219000117,138,51,87
219000118,212,41,171
219000123,165,82,83
219000124,120,68,52
219000125,11,10,1
219000126,58,123,-65
219000127,0,8,-8
219000128,8,127,-119
219000129,30,101,-71
219000130,290,474,-184
219000131,742,841,-99
219000133,37,49,-12
219000134,16,30,-14
219000135,30,67,-37
219000136,85,159,-74
219000138,74,19,55
219000139,48,28,20
219000140,106,6,100
219000141,45,71,-26
219000142,18,50,-32
219000143,3,75,-72
219000145,29,39,-10
219000146,5,19,-14
219000147,4,31,-27
219000148,4,23,-19
219000149,12,51,-39
219000150,1,52,-51
219000151,3,17,-14
219000157,252,107,145
219000158,178,196,-18
219000161,153,10,143
219000163,1244,504,740
219000166,142,191,-49
219000167,96,145,-49
219000168,332,94,238
219000174,462,153,309
219000175,105,2,103
219000176,176,9,167
219000177,67,3,64
219000178,67,0,67
219000179,22,4,18
219000180,36,54,-18
219000182,119,15,104
219000183,61,30,31
219000184,86,28,58
219000185,2,51,-49
219000186,69,12,57
219000187,22,64,-42
219000189,58,180,-122
219000190,69,251,-182
219000191,456,1392,-936
219000192,207,135,72
219000193,162,155,7
219000195,4,32,-28
219000196,6,72,-66
219000198,19,65,-46
219000199,51,149,-98
219000200,22,136,-114
219000201,45,138,-93
219000203,29,105,-76
219000204,75,293,-218
219000205,59,194,-135
219000207,100,179,-79
219000209,21,67,-46
219000210,57,103,-46
219000213,6,129,-123
219000239,184,167,17
219000240,260,298,-38
219000241,161,134,27
219000242,52,128,-76
219000243,94,166,-72
219000244,35,62,-27
219000245,10,32,-22
219000246,29,21,8
219000247,204,28,176
219000248,624,545,79
219000249,165,100,65
219000250,153,93,60
219000251,732,243,489
219000252,246,163,83
219000253,460,127,333
219000255,145,125,20
219000256,279,84,195
219000257,106,2,104
219000262,102,92,10
219000263,68,105,-37
219000267,2,65,-63
219000268,5,7,-2
219000269,1,6,-5
219000270,10,0,10
219000271,154,7,147
219000278,0,3,-3
219000279,4,5,-1
219000283,0,10,-10
219000295,21,65,-44
219000296,76,279,-203
219000297,11,71,-60
219000298,17,80,-63
219000299,423,54,369
219000300,30,139,-109
219000301,177,295,-118
219000302,23,241,-218
219000307,39,25,14
219000308,50,71,-21
219000311,229,57,172
219000312,649,117,532
219000313,423,58,365
219000314,61,290,-229
219000315,334,35,299
219000316,699,68,631
219000317,135,9,126
219000320,0,43,-43
219000321,0,19,-19
219000323,2,51,-49
219000325,5,11,-6
219000326,91,46,45
219000327,63,21,42
219000328,29,77,-48
219000329,294,110,184
219000330,53,29,24
219000331,57,42,15
219000332,223,84,139
219000333,31,2,29
219000335,91,1,90
219000337,35,0,35
219000338,54,1,53
219000344,28,68,-40
219000345,54,46,8
219000346,32,61,-29
219000348,149,65,84
219000349,35,120,-85
219000350,99,220,-121
219000351,3,19,-16
219000352,393,76,317
219000353,120,43,77
219000354,218,76,142
219000355,202,51,151
219000356,914,1313,-399
219000363,248,57,191
219000364,137,49,88
219000365,129,13,116
219000366,311,424,-113
219000368,380,604,-224
219000370,1042,659,383
219000371,9,39,-30
219000382,12,20,-8
219000383,367,1349,-982
219000385,387,428,-41
219000386,576,1760,-1184
219000387,1,11,-10
219000390,9,0,9
219000391,2,1,1
219000397,52,39,13
219000398,78,77,1
219000401,11,103,-92
219000402,35,83,-48
219000403,126,320,-194
219000404,20,131,-111
219000407,6,35,-29
219000409,69,48,21
219000410,105,34,71
219000411,78,17,61
219000446,111,463,-352
219000447,2,28,-26
219000448,15,9,6
219000452,154,74,80
219000453,66,192,-126
219000454,279,336,-57
219000556,320,104,216
219000558,192,114,78
219000590,36,171,-135
219000591,140,101,39
219000592,118,204,-86
219000595,1,11,-10
219000635,244,42,202
219000636,31,46,-15
219000657,76,20,56
219000658,91,136,-45
219000673,1,46,-45
219000676,62,9,53
219000679,40,6,34
219000684,80,2,78
219000685,0,47,-47
219000686,0,2,-2
219000688,0,50,-50
219000689,23,185,-162
219000690,130,18,112
219000691,73,173,-100
219000692,191,27,164
219000693,0,13,-13
219000694,15,0,15
219000695,31,8,23
219000698,23,0,23
219000699,0,23,-23
219000727,0,67,-67
219000728,166,0,166
219000770,67,4,63
219000771,0,50,-50
219000788,381,254,127
219001150,3,42,-39
219001151,2,7,-5
219001166,38,42,-4
219001167,2,75,-73
219001178,53,0,53
220000001,37,77,-40
220000002,11,88,-77
220000003,418,201,217
220000004,471,332,139
220000005,957,1355,-398
220000006,181,559,-378
220000007,401,331,70
220000008,273,554,-281
220000009,279,308,-29
220000010,133,91,42
220000011,367,2868,-2501
220000012,90,323,-233
220000014,97,42,55
220000015,55,261,-206
220000017,82,226,-144
220000018,4037,2068,1969
220000019,89,406,-317
220000020,403,239,164
220000021,824,152,672
220000022,962,352,610
220000023,393,173,220
220000024,1890,447,1443
220000025,899,1219,-320
220000026,408,479,-71
220000027,29,104,-75
220000028,54,53,1
220000029,47,103,-56
220000030,59,93,-34
220000031,631,428,203
220000064,18,783,-765
221000046,3,0,3
221000047,0,1,-1
221000048,0,5,-5
221000049,0,8,-8
221000050,23,0,23
221000055,45,32,13
221000057,68,4,64
221000068,331,116,215
221000069,343,46,297
221000070,236,17,219
221000071,102,5,97
221000072,259,6,253
221000073,175,43,132
221000074,2,17,-15
221000075,19,10,9
221000076,6,14,-8
221000077,17,75,-58
221000081,18,5,13
221000082,55,9,46
221000083,12,1,11
221000084,0,3,-3
221000085,31,65,-34
221000086,17,83,-66
221000087,5,101,-96
221000088,15,80,-65
221000089,36,201,-165
221000090,91,399,-308
221000098,123,11,112
221000099,307,8,299
221000100,95,8,87
221000101,148,8,140
221000102,152,15,137
221000109,2,64,-62
221000110,9,69,-60
221000111,22,135,-113
221000112,4,122,-118
221000113,17,111,-94
221000114,7,104,-97
221000120,22,32,-10
221000121,5,54,-49
221000122,59,50,9
221000123,5,22,-17
221000124,21,144,-123
221000155,134,11,123
221000156,61,20,41
221000175,2,5,-3
221000176,0,4,-4
221000182,44,7,37
221000241,555,261,294
221000242,136,375,-239
221000243,480,194,286
221000244,243,400,-157
221000245,111,101,10
221000246,30,222,-192
221000247,131,103,28
221000248,135,103,32
221000267,78,619,-541
221000325,66,69,-3
221000331,15,60,-45
221000338,19,39,-20
221000378,303,22,281
221000381,54,59,-5
222000282,11,1,10
222000296,5,19,-14
222000568,423,21,402
222000569,247,40,207
222000570,172,28,144
222000571,402,22,380
222000577,7,80,-73
222000578,20,122,-102
222000579,27,140,-113
222000580,56,682,-626
222000599,1,104,-103
222000600,4,189,-185
222000601,7,720,-713
222000603,16,46,-30
222000604,4,64,-60
222000605,24,39,-15
222000606,7,13,-6
222000607,3,3,0
222000608,29,11,18
222000609,69,82,-13
222000616,455,39,416
222000617,1,45,-44
222000618,8,3,5
222000620,18,16,2
222000621,59,21,38
222000623,545,5,540
222000624,423,1,422
222000625,765,10,755
222000636,65,4,61
222000686,17,25,-8
222000687,49,38,11
222001066,409,2,407
222001067,41,3,38
222001068,74,20,54
222001069,62,37,25
222001082,11,29,-18
222001083,32,27,5
222001084,0,48,-48
222001085,2,157,-155
222001111,68,90,-22
222001112,177,25,152
222001313,19,6,13
222001314,4,131,-127
222001464,71,42,29
222001465,9,32,-23
222001484,154,46,108
222001485,29,35,-6
222001494,737,157,580
222001495,136,139,-3
222001496,401,109,292
222001497,76,217,-141
222001502,12,66,-54
222001503,138,36,102
222001504,64,243,-179
222001505,428,11,417
222001506,51,257,-206
222001507,316,24,292
222001510,693,23,670
222001511,36,266,-230
222001514,861,182,679
222001515,179,428,-249
222001518,421,70,351
222001519,58,138,-80
222001527,273,62,211
222001528,58,97,-39
222001529,387,40,347
222001530,74,148,-74
222001533,115,187,-72
222001534,388,54,334
222001535,279,236,43
222001536,70,105,-35
222001537,392,47,345
222001538,61,359,-298
222001563,911,146,765
222001564,53,325,-272
222001568,229,189,40
222001576,4,5,-1
222001579,0,30,-30
222001583,6,65,-59
222001584,96,14,82
222001596,857,1532,-675
222001597,2348,502,1846
222001626,0,88,-88
222001650,50,218,-168
222001651,56,473,-417
222001914,190,79,111
222001915,61,131,-70
222001968,514,288,226
222001969,402,382,20
222001970,134,126,8
222001971,30,13,17
222001972,5,16,-11
225000001,478,189,289
225000002,663,177,486
225000003,636,124,512
225000004,401,225,176
225000005,73,70,3
225000006,0,140,-140
225000007,1051,1107,-56
225000010,398,17,381
225000011,340,942,-602
225000012,188,535,-347
225000013,85,111,-26
225000014,744,64,680
225000015,76,88,-12
225000021,744,176,568
225000027,214,380,-166
225000032,628,115,513
225000042,45,458,-413
225000049,61,73,-12
225000050,92,7,85
225000053,1,274,-273
225000058,539,148,391
225000067,186,96,90
225000068,120,216,-96
225000069,117,360,-243
225000070,101,274,-173
225000071,45,118,-73
225000075,26,595,-569
225000076,51,121,-70
225000078,61,45,16
225000085,88,146,-58
225000086,359,90,269
225000087,190,23,167
225000088,5,195,-190
225000089,181,985,-804
225000090,87,449,-362
225000091,169,124,45
225000092,107,64,43
225000093,253,196,57
225000094,21,138,-117
225000095,254,237,17
225000096,292,306,-14
225000098,889,278,611
225000099,394,129,265
225000100,439,110,329
225000104,86,305,-219
225000110,6,299,-293
225000111,159,636,-477
225000112,262,801,-539
225000113,158,488,-330
225000114,67,206,-139
225000115,808,542,266
225000116,803,201,602
225000117,655,226,429
225000118,981,258,723
225000119,222,83,139
225000120,747,59,688
225000121,213,41,172
225000123,529,26,503
225000125,411,115,296
225000126,580,144,436
225000127,605,1363,-758
225000128,461,865,-404
225000132,306,34,272
225000133,213,20,193
225000134,673,137,536
225000135,91,25,66
225000136,330,23,307
225000137,300,44,256
225000138,424,120,304
225000143,31,174,-143
225000144,2,235,-233
225000145,86,37,49
225000146,59,54,5
225000147,23,147,-124
225000148,9,124,-115
225000149,79,329,-250
225000151,23,138,-115
225000155,315,289,26
225000156,175,744,-569
225000157,192,248,-56
225000158,79,195,-116
225000171,13,124,-111
225000180,31,2,29
225000181,0,67,-67
225000182,70,7,63
225000185,13,325,-312
225000187,76,330,-254
225000191,58,2,56
225000194,0,3,-3
225000208,0,30,-30
225000209,78,18,60
225000210,7,181,-174
225000217,1,10,-9
225000218,6,0,6
225000223,1,54,-53
225000224,45,0,45
225000225,1,19,-18
225000226,35,2,33
225000227,37,61,-24
225000228,19,19,0
225000229,0,72,-72
225000230,82,0,82
225000231,0,49,-49
225000232,217,0,217
225000241,89,1,88
225000242,0,35,-35
225000249,9,0,9
225000250,48,434,-386
225000251,358,41,317
225000254,3,0,3
225000256,3,28,-25
225000257,2,20,-18
226000042,224,363,-139
226000043,44,204,-160
226000044,119,316,-197
226000045,61,192,-131
226000046,479,126,353
226000047,383,94,289
226000048,384,90,294
226000049,303,175,128
226000070,0,39,-39
226000071,2,59,-57
226000072,0,11,-11
226000073,0,14,-14
226000074,0,14,-14
226000084,1,47,-46
226000085,0,13,-13
226000086,8,15,-7
226000087,3,18,-15
226000088,34,68,-34
226000090,291,117,174
226000091,20,77,-57
226000092,3,23,-20
226000093,16,3,13
226000094,7,1,6
226000095,8,3,5
226000105,15,0,15
226000106,12,0,12
226000107,10,0,10
226000108,17,0,17
226000109,88,0,88
226000124,121,94,27
226000134,919,455,464
226000135,1839,572,1267
226000136,894,432,462
226000137,10,187,-177
226000138,10,104,-94
226000139,0,35,-35
226000156,211,2,209
226000157,340,17,323
226000163,133,171,-38
226000202,13,218,-205
226000231,394,12,382
226000232,44,9,35
227000033,373,59,314
227000036,374,28,346
227000037,409,17,392
227000038,147,21,126
227000084,0,58,-58
227000085,1,37,-36
227000088,57,3,54
227000089,58,2,56
227000090,34,1,33
227000091,19,0,19
227000092,37,1,36
227000093,132,0,132
227000094,12,0,12
227000130,13,53,-40
227000131,16,174,-158
227000132,12,146,-134
227000133,9,122,-113
227000134,13,193,-180
227000152,0,7,-7
227000153,0,49,-49
227000154,0,33,-33
227000155,0,11,-11
227000156,0,11,-11
227000165,4,31,-27
227000196,396,158,238
227000199,395,299,96
227000230,5,266,-261
227000232,639,30,609
227000242,55,301,-246
227000243,607,77,530
227000245,17,229,-212
227000246,81,296,-215
227000247,490,58,432
227000248,169,33,136
227000249,13,100,-87
227000250,343,179,164
227000251,63,157,-94
227000252,12,187,-175
227000253,217,7,210
227000262,468,40,428
227000266,1515,15,1500
227000267,29,1040,-1011
227000282,4,111,-107
227000284,653,16,637
227000286,1,37,-36
227000287,12,56,-44
227000291,12,386,-374
227000296,235,236,-1
227000484,186,13,173
227000485,21,779,-758
227000655,182,11,171
227000656,652,35,617
227000657,120,10,110
227000661,408,13,395
227000680,148,56,92
229000265,12,51,-39
229000296,13,27,-14
229000297,2,27,-25
229000298,1,112,-111
229000320,8,4,4
229000321,32,1,31
229000412,17,58,-41
229000414,7,39,-32
229000415,21,1,20
229000416,1,15,-14
229000417,5,8,-3
229000419,86,319,-233
229000440,343,60,283
229000442,24,2,22
229000443,4,1,3
229000444,2,17,-15
229000445,36,3,33
229000446,75,11,64
229000491,1,8,-7
229000492,7,25,-18
229000493,3,70,-67
229000494,41,1,40
229000495,131,8,123
229000496,64,5,59
229000507,0,62,-62
229000508,0,28,-28
229000509,0,50,-50
229000510,7,22,-15
229000511,7,28,-21
229000512,2,23,-21
229000513,0,5,-5
229000514,0,2,-2
229000517,1,6,-5
229000518,20,7,13
229000519,0,4,-4
229000520,16,16,0
229000521,49,8,41
229000522,7,3,4
229000523,12,3,9
229000524,9,1,8
229000527,0,1,-1
229000528,0,0,0
229000529,5,1,4
229000530,86,1,85
229000531,38,1,37
229000532,18,0,18
229000533,55,0,55
229000534,58,0,58
229000564,69,4,65
229000565,40,0,40
229000566,0,4,-4
229000567,0,27,-27
229000582,94,4,90
229000583,4,1,3
229000584,0,41,-41
229000585,4,75,-71
229000718,0,1,-1
229000719,0,6,-6
229000720,0,2,-2
229000721,0,2,-2
229000722,0,3,-3
229000723,0,5,-5
229000724,0,1,-1
229000725,0,3,-3
229000738,2,0,2
229000739,1,2,-1
229000740,2,0,2
229000741,16,0,16
229000742,15,0,15
229000743,15,0,15
229000744,4,0,4
229000745,1,0,1
229000746,19,2,17
229000847,36,0,36
229000848,24,0,24
229000849,105,5,100
229000851,56,0,56
229000854,1,5,-4
229000856,1,39,-38
229000857,0,13,-13
229000858,0,17,-17
229000919,7,77,-70
229000930,3,252,-249
229000937,79,15,64
229000966,44,28,16
229000981,29,28,1
229000985,27,27,0
229000986,1,6,-5
229000987,0,0,0
229000988,4,4,0
229000989,7,3,4
229000990,0,1,-1
229000991,2,0,2
229000992,12,4,8
229000993,133,7,126
229000998,10,55,-45
229000999,61,4,57
229001034,1,10,-9
229001035,8,1,7
229001037,40,9,31
229001042,12,6,6
229001047,10,39,-29
229001050,16,42,-26
229001168,0,8,-8
229001200,14,5,9
229001338,5,21,-16
229001394,231,4,227
229001422,116,29,87
229001423,23,134,-111
229001431,63,53,10
229001432,62,61,1
229001444,154,66,88
229001445,22,137,-115
229001479,27,1,26
229001503,200,72,128
229001504,112,116,-4
229001505,111,36,75
229001506,96,64,32
229001509,30,25,5
229001545,100,15,85
229001546,14,87,-73
229001553,102,34,68
229001554,51,65,-14
229001559,2,1,1
229001560,4,12,-8
229001630,48,6,42
229001631,8,32,-24
229001635,0,22,-22
229001636,4,0,4
229001658,1,112,-111
229001659,50,1,49
229001660,13,5,8
229001661,5,32,-27
229001662,16,0,16
229001663,0,14,-14
229002584,179,142,37
229002831,126,146,-20
229002841,19,9,10
229002842,26,30,-4
229002843,55,21,34
229002844,53,52,1
229002845,15,67,-52
229002846,20,10,10
229002847,1,11,-10
229002848,5,12,-7
229002849,2,71,-69
229002850,19,2,17
229002851,39,149,-110
229002852,196,34,162
229002853,136,20,116
229002854,41,61,-20
229002855,0,36,-36
229002856,35,14,21
229002857,9,131,-122
229002858,21,9,12
229002859,20,108,-88
229002860,163,9,154
229002861,164,34,130
229002862,59,51,8
229002863,30,19,11
229002864,39,24,15
229002865,26,11,15
229002866,25,23,2
229002867,2,19,-17
229002868,10,17,-7
229002869,25,110,-85
229002870,100,14,86
235000066,378,52,326
235000067,92,72,20
235000072,26,53,-27
235000073,92,321,-229
235000074,44,66,-22
235000080,18,77,-59
235000081,121,100,21
235000082,185,22,163
235000083,254,85,169
235000084,33,29,4
235000085,201,38,163
235000089,47,20,27
235000092,84,142,-58
235000093,10,7,3
235000097,3,7,-4
235000098,74,6,68
235000099,67,16,51
235000116,45,13,32
235000117,561,17,544
235000133,8,603,-595
235000134,14,188,-174
235000206,28,9,19
235000207,11,2,9
235000208,3,7,-4
235000209,5,2,3
235000210,6,3,3
235000212,2,17,-15
235000213,2,9,-7
235000220,2,7,-5
235000221,30,17,13
235000238,12,153,-141
235000239,2,28,-26
235000242,378,865,-487
235000245,499,173,326
235000246,11,60,-49
235000284,11,162,-151
235000295,92,13,79
235000305,220,12,208
235000306,329,2,327
235000307,20,1,19
235000308,12,0,12
235000309,48,0,48
235000310,33,0,33
235000311,79,10,69
235000322,0,24,-24
235000323,0,52,-52
235000324,0,17,-17
235000325,0,9,-9
235000326,3,112,-109
235000351,10,66,-56
235000352,13,52,-39
235000353,2,22,-20
235000354,24,51,-27
235000355,25,75,-50
235000356,142,8,134
235000357,54,2,52
235000358,130,12,118
235000359,6,3,3
235000360,37,17,20
235000361,48,14,34
235000381,84,69,15
235000382,313,37,276
235000390,16,5,11
235000391,220,17,203
235000392,217,292,-75
235000393,157,156,1
235000395,185,43,142
235000396,497,85,412
235000400,75,80,-5
235000401,20,89,-69
235000405,100,178,-78
235000406,32,192,-160
235000407,50,56,-6
235000409,159,92,67
235000410,36,181,-145
235000411,1,51,-50
235000485,0,9,-9
235000486,14,0,14
235000549,97,124,-27
235000550,120,158,-38
235000599,203,47,156
235000600,5,31,-26
235000601,14,34,-20
235000602,139,56,83
235000614,0,4,-4
235000648,1,15,-14
235000649,44,7,37
235000685,1,2,-1
235000815,36,107,-71
235000834,1,13,-12
235000855,67,50,17
235000862,21,88,-67
235000891,0,20,-20
235000892,23,1,22
235000901,104,88,16
235000907,14,15,-1
235001010,101,68,33
235001029,497,317,180
235001030,514,272,242
235001078,123,109,14
235001079,78,85,-7
235001147,9,37,-28
235001166,13,62,-49
235001167,77,42,35
235001169,34,245,-211
235001188,2,9,-7
235001189,11,2,9
235001197,4,13,-9
235001200,57,44,13
235001207,205,55,150
235001210,15,64,-49
235001215,18,70,-52
235001239,11,24,-13
235001244,3,6,-3
235016267,1,70,-69
277101746,0,2,-2
277102712,1,1,0
277103813,0,0,0
277103898,0,1,-1
277104249,0,1,-1
277104250,0,5,-5
277104251,0,8,-8
277104252,0,0,0
990011530,0,147,-147
990014944,2,337,-335
990015176,69,25,44
990015618,0,96,-96
990016032,0,288,-288
990032570,9,205,-196
990070001,68,8,60
990070103,0,5,-5
990070601,0,53,-53
990070751,1146,63,1083
990070766,0,253,-253
990071180,519,141,378
990071343,31,2,29
990071387,0,24,-24
990071823,504,2,502
990072600,0,997,-997
990072964,0,362,-362
990073285,0,5,-5
990074393,0,597,-597
990074870,1403,7,1396
990075106,1145,18,1127
990075746,633,52,581
990076437,1643,4,1639
990076458,4,435,-431
997000007,543,5,538
997000041,0,225,-225
997000058,72,1,71
997000062,14,0,14
997000069,0,9,-9
997000070,0,28,-28
997000100,63,0,63
997000141,12,2598,-2586
997000198,7,1022,-1015
998000475,3,56,-53
998000736,0,123,-123
998000965,0,8,-8
998001031,1,66,-65
998001700,0,0,0
998001899,0,4,-4
998001900,6,2,4
998003073,1444,37,1407
998101900,0,0,0
998102850,13,257,-244
998501927,790,877,-87
998501929,110,4,106
998501930,61,0,61
998501931,110,35,75
998501932,7,0,7
998501933,62,0,62
998501937,30,2,28
998501944,7,1,6
998501950,0,0,0
998501970,201,41,160
998501971,0,74,-74
998501973,0,30,-30
998501974,0,205,-205
998501975,97,1,96
998501976,80,1,79
998501977,0,16,-16
998501978,14,0,14
998501979,0,14,-14
998501980,82,0,82
998501981,48,2,46
998501982,0,104,-104
998502006,0,0,0
998502024,0,1,-1
998502032,0,3,-3
998502062,36,18,18
998502063,0,0,0
998502173,49,0,49
998502269,0,1,-1
998601159,1,92,-91
998601292,0,35,-35
999033574,0,238,-238
999800001,31,3,28
999800002,0,5,-5
999800003,2,2,0
999800004,0,3,-3
999800005,1,9,-8
