ID,insum,outsum,diff
100000001,584,499,85
100000002,1472,559,913
100000003,11753,1977,9776
100000004,2259,597,1662
100000005,2439,2262,177
100000006,197,125,72
100000007,598,391,207
100000008,157,714,-557
100000009,238,169,69
100000010,18,65,-47
100000011,385,74,311
100000012,66,906,-840
100000013,11,248,-237
100000014,401,434,-33
100000015,710,784,-74
100000016,861,1458,-597
100000017,633,1227,-594
100000018,1476,581,895
100000019,6320,1744,4576
100000020,2077,3188,-1111
100000021,9014,1996,7018
100000022,1418,750,668
100000023,8069,895,7174
100000025,3380,358,3022
100000028,1649,730,919
100000029,328,200,128
100000030,718,35,683
100000031,6072,4933,1139
100000032,3092,3426,-334
100000033,511,2193,-1682
100000034,947,274,673
100000035,1770,811,959
100000036,2889,988,1901
100000037,281,375,-94
100000038,811,900,-89
100000039,878,250,628
100000040,161,138,23
100000041,429,347,82
100000042,506,320,186
100000043,584,289,295
100000044,503,882,-379
100000045,507,1798,-1291
100000046,504,1609,-1105
100000047,388,1196,-808
100000048,1001,974,27
100000049,1864,3344,-1480
100000051,317,1387,-1070
100000053,25,4,21
100000054,62,17,45
100000055,406,385,21
100000056,158,577,-419
100000057,1242,757,485
100000058,851,1709,-858
100000059,1,114,-113
100000060,231,372,-141
100000061,1211,543,668
100000062,1207,473,734
100000063,313,251,62
100000064,517,458,59
100000065,422,1841,-1419
100000066,189,1314,-1125
100000067,354,986,-632
100000068,429,1987,-1558
100000069,225,2049,-1824
100000072,529,2054,-1525
100000073,1286,1705,-419
100000075,379,436,-57
100000076,2101,1716,385
100000077,759,60,699
100000078,166,23,143
100000079,52,62,-10
100000080,18,7,11
100000081,27,36,-9
100000102,1775,1060,715
100000103,3467,677,2790
100000104,5556,1029,4527
100000105,4123,555,3568
100000106,2433,1034,1399
100000107,537,307,230
100000108,901,1467,-566
100000109,3878,1337,2541
100000116,1326,421,905
100000117,31,26,5
100000118,1232,725,507
100000119,439,703,-264
100000121,185,662,-477
100000122,692,768,-76
100000123,5298,4940,358
100000124,11292,5156,6136
100000125,4623,810,3813
100000126,839,235,604
100000127,1992,351,1641
100000128,878,1141,-263
100000129,900,559,341
100000130,396,730,-334
100000131,6438,3062,3376
100000132,3479,1559,1920
100000133,14630,3575,11055
100000135,331,746,-415
100000139,141,312,-171
100000140,210,330,-120
100000142,248,599,-351
100000143,695,965,-270
100000144,4425,1136,3289
100000147,863,1767,-904
100000150,40,490,-450
100000151,642,310,332
100000153,355,280,75
100000154,91,76,15
100000155,5,30,-25
100000156,77,82,-5
100000157,135,179,-44
100000158,54,88,-34
100000159,318,421,-103
100000165,1001,765,236
100000169,622,199,423
100000174,2217,327,1890
100000179,70,639,-569
100000180,3434,1351,2083
100000181,73,471,-398
100000188,66,473,-407
100000189,850,350,500
100000190,497,258,239
100000191,387,425,-38
100000192,90,67,23
100000193,153,136,17
100000330,2602,444,2158
100000355,282,645,-363
100000362,5463,3917,1546
100000363,1662,3144,-1482
100000364,428,203,225
100000365,3373,4547,-1174
100000366,4518,3045,1473
100000367,2133,2998,-865
100000368,1937,2079,-142
100000369,811,1271,-460
100000370,242,263,-21
100000376,71,75,-4
100000379,2193,1158,1035
100000380,2797,1368,1429
100000384,5898,1764,4134
100000385,5667,3200,2467
100000386,9843,2005,7838
100000387,8178,2843,5335
100000388,16471,2853,13618
100000389,14075,2695,11380
100000390,15615,2349,13266
100000391,9855,2859,6996
100000392,3530,1114,2416
100000393,1303,947,356
100000394,6850,2492,4358
100000395,3455,697,2758
100000396,4338,1549,2789
100000397,2278,897,1381
100000398,13294,8975,4319
100900002,2,31,-29
100900003,88,120,-32
100900004,31,1310,-1279
100900005,53,1,52
100900006,14,232,-218
100900007,193,6,187
100900008,5,700,-695
100900009,15,26,-11
100900010,42,145,-103
100900011,19,375,-356
100900012,0,336,-336
100900013,1139,9,1130
100900014,1,4,-3
100900015,133,113,20
100900016,0,46,-46
100900017,549,60,489
100900018,0,15,-15
100900019,7,83,-76
100900020,156,2,154
100900021,979,0,979
100900022,2,17,-15
100900023,0,25,-25
100900024,447,1,446
100900025,4,14,-10
100900026,43,176,-133
100900027,633,2149,-1516
100900028,53,120,-67
100900029,114,6,108
100900030,0,15,-15
100900031,212,26,186
100900032,77,1,76
100900033,142,46,96
100900034,174,1,173
100900035,404,0,404
100900036,13,1,12
100900037,40,379,-339
100900038,18,12,6
100900039,363,686,-323
100900040,121,1259,-1138
100900041,137,1244,-1107
100900042,276,136,140
100900043,0,0,0
100900044,3240,324,2916
100900045,11,2,9
100900046,851,4,847
100900047,940,85,855
100900048,18,7,11
100900049,48,314,-266
100900050,0,14,-14
100900051,40,33,7
100900052,38,12,26
100900053,124,48,76
100900054,5,188,-183
100900055,178,166,12
100900056,26,144,-118
100900057,567,297,270
100900058,109,24,85
100900059,35,2,33
100900060,42,19,23
100900061,243,244,-1
100900062,0,103,-103
100900063,110,311,-201
100900064,507,7,500
100900065,48,25,23
100900066,25,35,-10
100900067,5,8,-3
100900068,51,146,-95
100900069,145,4,141
100900070,75,6,69
100900071,717,256,461
100900072,0,77,-77
100900073,39,559,-520
100900074,0,9,-9
100900075,3335,303,3032
100900076,34,25,9
100900077,1,123,-122
100900078,67,113,-46
100900079,3,40,-37
100900080,6,142,-136
100900081,4,38,-34
100900082,51,956,-905
100900083,2,60,-58
100900085,3,87,-84
100900086,120,685,-565
100900088,19,1048,-1029
100900089,1,33,-32
100900090,167,489,-322
100900091,6,26,-20
100900092,81,122,-41
100900093,50,432,-382
100900094,55,1002,-947
100900095,0,30,-30
100900096,22,132,-110
100900097,1,2,-1
100900098,3,53,-50
100900099,18,669,-651
100900100,10,217,-207
100900101,307,20,287
100900102,167,48,119
100900103,0,26,-26
100900104,9,175,-166
100900105,8,50,-42
100900106,33,4,29
100900107,1862,422,1440
100900108,0,6,-6
100900109,2,36,-34
100900110,3,19,-16
100900111,82,143,-61
100900112,1,4,-3
100900113,0,23,-23
100900114,0,16,-16
100900115,0,18,-18
100900116,706,298,408
100900117,174,555,-381
100900118,18,37,-19
100900119,2,22,-20
100900120,0,23,-23
100900121,238,299,-61
100900122,77,181,-104
100900123,12,113,-101
100900124,0,6,-6
100900125,11,101,-90
100900126,34,243,-209
100900127,1,5,-4
100900128,84,116,-32
100900129,0,117,-117
100900131,40,124,-84
100900133,20,34,-14
100900134,0,4,-4
100900135,0,130,-130
100900137,342,145,197
100900138,302,203,99
100900139,0,12,-12
100900140,2,1095,-1093
100900141,2,296,-294
100900142,1,4,-3
100900143,1227,234,993
100900144,20,6,14
100900145,124,101,23
100900146,9,7,2
100900147,12,320,-308
100900148,28,1193,-1165
100900149,6,37,-31
100900150,2,7,-5
100900151,83,559,-476
100900152,116,4,112
100900153,6,148,-142
100900154,0,12,-12
100900155,1,3,-2
100900156,16,2,14
100900157,1,117,-116
100900158,1365,387,978
100900159,1,9,-8
100900160,1,13,-12
100900161,127,1,126
100900162,9,182,-173
100900163,71,226,-155
100900164,14,30,-16
100900165,10,101,-91
100900166,38,3,35
100900167,19,105,-86
100900168,18,99,-81
100900169,216,1729,-1513
100900170,3,0,3
100900171,14,1084,-1070
100900172,0,5,-5
100900173,6,709,-703
100900174,101,18,83
100900176,1349,44,1305
100900177,1023,171,852
100900178,115,202,-87
100900179,100,26,74
100900180,0,1,-1
100900181,55,21,34
100900182,11,26,-15
100900184,0,104,-104
100900186,1109,503,606
100900187,6,192,-186
100900188,70,18,52
100900189,854,133,721
100900191,1350,751,599
100900192,164,96,68
100900195,48,177,-129
100900197,0,56,-56
100900198,21,222,-201
100900199,7,2,5
100900200,649,371,278
100900201,65,981,-916
100900202,4,1,3
100900203,0,58,-58
100900204,842,162,680
100900205,74,379,-305
100900206,30,72,-42
100900207,102,54,48
100900210,95,1499,-1404
100900211,226,54,172
100900213,32,10,22
100900214,1422,62,1360
100900215,0,26,-26
101000001,5611,2363,3248
101000002,3462,2550,912
101000003,900,2285,-1385
101000004,12267,6545,5722
101000005,6934,4871,2063
101000006,10452,6620,3832
101000007,2792,3008,-216
101000008,3433,2833,600
101000009,1728,2766,-1038
101000010,630,1798,-1168
101000011,2156,724,1432
101000012,2153,436,1717
101000013,495,817,-322
101000014,523,715,-192
101000015,776,962,-186
101000016,286,414,-128
101000017,407,585,-178
101000018,3816,2810,1006
101000020,5089,1182,3907
101000021,907,244,663
101000022,663,93,570
101000023,1764,1031,733
101000025,107,405,-298
101000026,470,34,436
101000027,1537,1619,-82
101000028,239,83,156
101000029,18,1020,-1002
101000030,602,61,541
101000031,334,477,-143
101000032,4444,2267,2177
101000033,2679,1723,956
101000034,2396,1125,1271
101000035,1290,484,806
101000036,1135,278,857
101000037,4393,917,3476
101000039,4151,815,3336
101000040,4877,1895,2982
101000041,12129,2581,9548
101000042,929,435,494
101000043,11293,1983,9310
101000045,1194,285,909
101000046,2176,985,1191
101000047,1219,1242,-23
101000048,790,805,-15
101000049,1031,704,327
101000050,3499,1864,1635
101000051,6223,1042,5181
101000052,1568,511,1057
101000053,862,1834,-972
101000054,1947,2205,-258
101000055,1922,745,1177
101000056,57,70,-13
101000057,3808,599,3209
101000058,2365,558,1807
101000059,4261,1367,2894
101000060,1990,158,1832
101000061,1867,631,1236
101000062,1722,314,1408
101000063,461,296,165
101000064,960,338,622
101000065,112,226,-114
101000066,214,128,86
101000067,557,291,266
101000068,222,174,48
101000069,283,84,199
101000070,1934,809,1125
101000071,2119,750,1369
101000072,1410,2917,-1507
101000073,1031,300,731
101000074,6639,2351,4288
101000075,9013,2920,6093
101000077,1412,911,501
101000078,1137,1752,-615
101000079,447,967,-520
101000080,656,683,-27
101000081,947,913,34
101000082,3475,2569,906
101000083,1575,1180,395
101000084,1289,1376,-87
101000085,1618,1024,594
101000086,1256,1072,184
101000087,925,1486,-561
101000088,750,1077,-327
101000089,848,1351,-503
101000090,2704,1718,986
101000091,257,1758,-1501
101000092,1028,1456,-428
101000093,1656,796,860
101000094,531,1255,-724
101000095,219,952,-733
101000096,262,776,-514
101000097,213,295,-82
101000098,612,494,118
101000099,1617,1203,414
101000100,1225,562,663
101000101,275,434,-159
101000102,725,312,413
101000103,928,591,337
101000104,241,306,-65
101000105,1067,142,925
101000106,498,302,196
101000107,87,233,-146
101000108,1719,434,1285
101000109,92,54,38
101000110,30,939,-909
101000111,177,253,-76
101000113,108,738,-630
101000114,2269,1182,1087
101000115,78,135,-57
101000116,256,189,67
101000117,166,300,-134
101000119,183,31,152
101000120,205,13,192
101000121,36,17,19
101000122,64,26,38
101000123,53,57,-4
101000124,419,370,49
101000125,80,344,-264
101000128,1003,324,679
101000130,442,259,183
101000131,442,953,-511
101000132,271,2005,-1734
101000135,85,23,62
101000136,341,94,247
101000137,40,248,-208
101000141,2987,1233,1754
101000147,856,480,376
101000148,3534,42,3492
101000149,52,18,34
101000150,35,1625,-1590
101000151,46,106,-60
101000152,333,312,21
101000153,878,625,253
101000154,105,2227,-2122
101000155,106,139,-33
101000156,13,153,-140
101000157,73,40,33
101000160,22,77,-55
101000163,129,35,94
101000164,531,316,215
101000165,242,297,-55
101000166,309,585,-276
101000168,609,304,305
101000252,758,597,161
101000254,487,29,458
101000258,36,15,21
101000261,199,190,9
101000262,563,912,-349
101000263,243,1486,-1243
101000265,34,669,-635
101000266,298,199,99
101000269,179,6,173
101000290,1886,2659,-773
101000293,11,159,-148
101000294,452,497,-45
101000295,157,559,-402
101000301,827,153,674
101000304,1927,2667,-740
101000305,2449,1969,480
101900001,10,81,-71
101900002,0,26,-26
101900003,55,93,-38
101900004,0,35,-35
101900005,6851,734,6117
101900006,900,13,887
101900007,416,43,373
101900008,119,149,-30
101900009,51,220,-169
101900010,1007,333,674
101900011,378,635,-257
101900012,114,175,-61
101900013,1429,66,1363
101900017,22,73,-51
101900018,1821,104,1717
101900019,88,72,16
101900020,466,119,347
101900021,0,28,-28
101900022,29,1803,-1774
101900023,33,318,-285
102000001,1991,4199,-2208
102000002,2866,1496,1370
102000003,4485,4164,321
102000004,11556,2721,8835
102000005,1359,2173,-814
102000006,1968,1417,551
102000007,1588,4572,-2984
102000008,9431,1903,7528
102000009,6895,7809,-914
102000010,8785,3487,5298
102000011,2216,2446,-230
102000012,4030,4057,-27
102000018,4395,2511,1884
102000019,3282,1099,2183
102000026,210,375,-165
102000029,520,187,333
102000030,105,193,-88
102000031,17,286,-269
102000032,216,442,-226
102000033,110,544,-434
102000034,587,403,184
102000035,1150,647,503
102000036,2,181,-179
102000037,159,66,93
102000038,45,58,-13
102000039,19,49,-30
102000040,336,60,276
102000041,155,135,20
102000042,103,65,38
102000043,178,177,1
102000044,232,526,-294
102000045,766,1128,-362
102000046,775,463,312
102000047,682,1217,-535
102000048,176,750,-574
102000049,595,577,18
102000050,770,1147,-377
102000051,266,515,-249
102000052,1045,1056,-11
102000053,475,880,-405
102000054,294,816,-522
102000055,636,1157,-521
102000056,515,1552,-1037
102000057,1558,585,973
102000058,1248,2423,-1175
102000059,976,1678,-702
102000060,967,1199,-232
102000061,1057,3400,-2343
102000062,837,1815,-978
102000063,1201,1605,-404
102000064,483,646,-163
102000065,28,150,-122
102000066,1066,1276,-210
102000067,2930,2818,112
102000068,8493,2735,5758
102000069,39,1632,-1593
102000070,3263,113,3150
102000071,7291,11149,-3858
102000072,3754,5421,-1667
102000073,1105,1308,-203
102000074,704,1110,-406
102000075,184,356,-172
102000076,231,595,-364
102000077,251,1631,-1380
102000078,477,1258,-781
102000079,121,370,-249
102000080,311,193,118
102000081,459,982,-523
102000082,849,324,525
102000083,179,857,-678
102000084,88,606,-518
102000085,1857,1595,262
102000086,1092,2031,-939
102000087,610,2291,-1681
102000088,174,348,-174
102000089,709,742,-33
102000090,518,1545,-1027
102000091,1522,576,946
102000092,827,1227,-400
102000093,720,674,46
102000094,1259,382,877
102000095,890,1320,-430
102000096,2074,728,1346
102000097,2292,1673,619
102000098,671,1483,-812
102000099,1263,572,691
102000100,960,708,252
102000101,1346,254,1092
102000102,467,1481,-1014
102000103,1578,318,1260
102000104,1270,392,878
102000105,129,1038,-909
102000106,467,1187,-720
102000107,539,703,-164
102000108,520,388,132
102000109,234,695,-461
102000110,437,1952,-1515
102000111,7,351,-344
102000112,184,77,107
102000113,5,40,-35
102000114,993,341,652
102000115,172,158,14
102000116,314,177,137
102000117,264,607,-343
102000118,1552,831,721
102000119,2962,486,2476
102000120,118,529,-411
102000121,727,571,156
102000122,334,684,-350
102000123,1401,1133,268
102000124,972,1025,-53
102000125,932,886,46
102000126,564,746,-182
102000127,843,866,-23
102000128,403,1174,-771
102000129,652,1134,-482
102000130,378,768,-390
102000131,2062,733,1329
102000132,840,471,369
102000133,1042,3501,-2459
102000134,318,830,-512
102000135,1336,546,790
102000136,1305,341,964
102000137,1273,868,405
102000138,347,587,-240
102000139,111,583,-472
102000140,423,293,130
102000141,467,711,-244
102000142,193,481,-288
102000143,54,588,-534
102000144,75,528,-453
102000145,196,422,-226
102000146,230,421,-191
102000147,319,328,-9
102000148,179,355,-176
102000149,108,917,-809
102000150,182,242,-60
102000151,81,535,-454
102000152,83,111,-28
102000153,727,252,475
102000154,363,610,-247
102000155,58,274,-216
102000156,354,49,305
102000157,64,150,-86
102000158,186,133,53
102000159,1933,126,1807
102000161,5363,1201,4162
102000162,173,98,75
102000163,171,435,-264
102000164,1444,679,765
102000165,208,133,75
102000166,28,103,-75
102000167,143,170,-27
102000168,124,107,17
102000169,53,372,-319
102000170,824,78,746
102000171,124,74,50
102000172,18,223,-205
102000173,245,193,52
102000174,23,103,-80
102000175,127,375,-248
102000176,33,64,-31
102000178,197,689,-492
102000179,242,259,-17
102000180,520,811,-291
102000181,275,1013,-738
102000182,340,808,-468
102000183,1000,2390,-1390
102000184,889,1145,-256
102000185,1337,2071,-734
102000186,551,2428,-1877
102000187,484,2517,-2033
102000188,461,1975,-1514
102000189,4080,1155,2925
102000190,882,2541,-1659
102000191,1395,708,687
102000192,638,1100,-462
102000193,32,189,-157
102000194,51,132,-81
102000195,245,603,-358
102000196,67,602,-535
102000197,248,652,-404
102000198,119,1162,-1043
102000199,254,521,-267
102000200,153,1420,-1267
102000201,293,679,-386
102000202,1,149,-148
102000203,119,418,-299
102000204,201,1377,-1176
102000205,483,1217,-734
102000206,399,1019,-620
102000207,455,549,-94
102000208,215,818,-603
102000209,87,66,21
102000210,149,682,-533
102000211,252,614,-362
102000212,86,28,58
102000213,1,543,-542
102000214,98,15,83
102000215,12,806,-794
102000216,9,17,-8
102000217,4,280,-276
102000218,110,39,71
102000219,399,487,-88
102000225,819,711,108
102000226,8074,278,7796
102000227,49,2,47
102000228,0,125,-125
102000229,16,38,-22
102000230,254,828,-574
102000231,183,514,-331
102000232,6,131,-125
102000233,362,834,-472
102000234,85,2058,-1973
102000236,478,83,395
102000237,306,151,155
102000238,149,334,-185
102000240,802,488,314
102000241,226,112,114
102000243,11,91,-80
102000245,29,100,-71
102000246,14,49,-35
102000247,321,970,-649
102000248,207,424,-217
102000249,62,181,-119
102000250,29,557,-528
102000254,34,789,-755
102000266,65,233,-168
102000271,11,0,11
102000286,493,360,133
102000297,1373,944,429
102000299,0,1,-1
102000301,0,0,0
102000303,0,0,0
102000305,0,1,-1
102000307,0,7,-7
102000308,5,27,-22
102900001,918,936,-18
102900002,379,39,340
102900003,17,396,-379
102900005,217,342,-125
102900006,420,224,196
102900007,328,28,300
102900008,161,86,75
102900009,327,78,249
102900010,1088,412,676
102900011,2719,258,2461
102900012,351,69,282
102900013,11,99,-88
102900015,838,195,643
102900016,34,156,-122
102900017,75,696,-621
102900018,8,155,-147
102900019,192,529,-337
102900020,54,56,-2
102900021,2,127,-125
102900022,246,50,196
102900023,29,61,-32
102900024,17,56,-39
102900025,251,89,162
102900026,589,1123,-534
102900027,55,78,-23
102900028,113,378,-265
102900029,83,85,-2
102900030,303,164,139
102900031,54,144,-90
102900032,7,110,-103
102900033,32,138,-106
102900034,150,171,-21
102900035,30,538,-508
102900036,113,832,-719
102900037,209,910,-701
102900038,522,617,-95
102900039,13,360,-347
102900040,108,238,-130
102900041,47,195,-148
102900042,154,400,-246
102900043,100,288,-188
102900044,439,2256,-1817
102900045,54,684,-630
102900046,71,486,-415
102900047,45,981,-936
102900048,408,996,-588
102900049,54,359,-305
102900050,369,455,-86
102900051,119,258,-139
102900052,9,39,-30
102900053,251,888,-637
102900054,1224,742,482
102900055,47,113,-66
102900056,94,543,-449
102900057,2,22,-20
102900058,310,46,264
102900059,5,44,-39
102900060,43,526,-483
102900061,85,505,-420
102900062,63,1781,-1718
102900063,427,454,-27
102900064,168,416,-248
102900065,1792,1088,704
102900066,341,55,286
102900068,47,79,-32
102900070,172,895,-723
102900072,12,14,-2
102900073,130,8,122
102900074,148,87,61
102900075,11,18,-7
102900076,189,29,160
102900077,36,34,2
102900078,25,66,-41
102900079,192,13,179
102900080,180,28,152
102900081,97,240,-143
102900082,9,280,-271
102900083,232,20,212
102900084,1,11,-10
102900085,67,28,39
102900086,0,11,-11
102900087,29,155,-126
102900088,8,62,-54
102900089,291,149,142
102900090,2,621,-619
102900091,45,1,44
102900092,261,1052,-791
102900093,217,188,29
102900094,0,35,-35
102900095,82,5,77
102900096,7,6,1
102900097,50,145,-95
103000001,1871,2731,-860
103000002,1732,1894,-162
103000003,2992,2635,357
103000004,1043,821,222
103000005,2037,2234,-197
103000006,519,1133,-614
103000007,416,947,-531
103000008,849,1158,-309
103000009,521,849,-328
103000010,104,124,-20
103000011,1951,1115,836
103000012,884,1091,-207
103000013,8657,2081,6576
103000014,1357,1467,-110
103000015,2845,1063,1782
103000016,650,810,-160
103000017,112,340,-228
103000018,1256,424,832
103000019,100,202,-102
103000020,1580,1529,51
103000021,992,1204,-212
103000022,876,1313,-437
103000023,448,1129,-681
103000024,143,201,-58
103000025,73,331,-258
103000026,2426,163,2263
103000027,362,322,40
103000028,960,307,653
103000029,663,244,419
103000030,2767,673,2094
103000031,2129,1136,993
103000032,2260,1876,384
103000033,2977,2654,323
103000034,2411,890,1521
103000035,513,860,-347
103000036,587,485,102
103000037,735,468,267
103000038,640,901,-261
103000039,143,594,-451
103000040,242,1750,-1508
103000041,1514,3756,-2242
103000042,563,847,-284
103000043,301,1795,-1494
103000044,107,290,-183
103000046,217,332,-115
103000047,429,950,-521
103000048,146,184,-38
103000049,81,245,-164
103000050,443,842,-399
103000051,244,522,-278
103000052,712,568,144
103000053,104,386,-282
103000054,1464,1036,428
103000055,1217,1796,-579
103000056,474,2964,-2490
103000057,521,397,124
103000058,260,1222,-962
103000059,297,943,-646
103000060,648,987,-339
103000061,368,923,-555
103000062,771,993,-222
103000063,484,821,-337
103000064,87,366,-279
103000065,3,358,-355
103000066,66,6,60
103000069,83,435,-352
103000070,502,1503,-1001
103000071,538,391,147
103000072,62,1265,-1203
103000073,200,117,83
103000074,287,101,186
103000075,105,1335,-1230
103000076,186,126,60
103000077,34,519,-485
103000078,1095,267,828
103000079,1843,468,1375
103000080,907,155,752
103000081,525,654,-129
103000082,269,156,113
103000083,61,504,-443
103000084,104,6,98
103000085,2,100,-98
103000086,568,308,260
103000087,84,469,-385
103000088,240,436,-196
103000089,140,289,-149
103000090,1113,1018,95
103000091,432,450,-18
103000092,144,300,-156
103000093,316,708,-392
103000094,85,114,-29
103000095,16,529,-513
103000096,555,118,437
103000097,30,749,-719
103000098,893,108,785
103000099,357,676,-319
103000100,61,1017,-956
103000101,382,206,176
103000102,99,810,-711
103000103,316,319,-3
103000104,34,239,-205
103000105,66,110,-44
103000106,53,152,-99
103000107,301,76,225
103000108,443,546,-103
103000109,349,312,37
103000110,324,395,-71
103000111,518,448,70
103000112,346,331,15
103000113,405,679,-274
103000114,649,463,186
103000115,357,478,-121
103000116,324,575,-251
103000117,134,530,-396
103000118,1312,1269,43
103000119,2122,781,1341
103000120,33,116,-83
103000121,256,652,-396
103000122,229,243,-14
103000125,14,784,-770
103000126,287,6,281
103000127,1,401,-400
103000128,69,4,65
103000129,3,241,-238
103000130,26,20,6
103000131,292,121,171
103000132,99,148,-49
103000133,7,339,-332
103000134,581,479,102
103000135,1053,242,811
103000136,819,269,550
103000137,659,643,16
103000138,813,559,254
103000139,3,50,-47
103000140,97,32,65
103000141,16,121,-105
103000142,123,69,54
103000143,18,300,-282
103000144,95,64,31
103000145,48,42,6
103000150,84,50,34
103000152,166,279,-113
103000153,62,170,-108
103000156,6,717,-711
103000157,190,3,187
103000159,106,128,-22
103000162,45,5,40
103000163,2,12,-10
103000164,17,7,10
103000165,132,538,-406
103000166,129,160,-31
103000167,103,147,-44
103000168,47,204,-157
103000169,165,455,-290
103000170,530,672,-142
103000171,71,87,-16
103000172,221,1282,-1061
103000173,134,888,-754
103000174,153,345,-192
103000175,121,623,-502
103000176,765,204,561
103000177,987,477,510
103000178,503,215,288
103000179,40,30,10
103000183,65,56,9
103000185,44,104,-60
103000186,56,222,-166
103000187,152,947,-795
103000188,5,102,-97
103000189,642,1241,-599
103000191,709,813,-104
103000292,3540,808,2732
103000293,1996,868,1128
103000295,91,64,27
103000296,232,6,226
103000297,217,26,191
103000504,78,18,60
103000505,9,3,6
103000506,3,241,-238
103000507,112,2,110
103000508,49,30,19
103000509,130,576,-446
103900001,1,443,-442
103900002,2257,194,2063
103900003,2115,113,2002
103900004,11,1,10
103900005,5,403,-398
103900006,0,0,0
103900007,10,0,10
103900008,4,1,3
103900009,76,325,-249
103900010,71,323,-252
103900011,42,344,-302
103900012,6,14,-8
103900013,9,79,-70
103900014,49,38,11
103900015,13,41,-28
103900016,214,401,-187
103900017,17,135,-118
103900018,660,126,534
103900019,43,124,-81
103900020,88,238,-150
103900021,994,43,951
103900022,588,568,20
103900023,51,3,48
103900024,102,743,-641
103900025,6,26,-20
103900026,5,0,5
103900027,242,292,-50
103900028,9,205,-196
103900029,594,49,545
103900030,75,16,59
103900031,4,1,3
103900032,14,13,1
103900033,36,6,30
103900034,19,236,-217
103900035,43,76,-33
103900036,46,7,39
103900037,18,15,3
103900038,112,57,55
103900039,16,641,-625
103900040,4,243,-239
103900041,7,19,-12
103900042,9,662,-653
103900043,63,132,-69
103900044,278,109,169
103900045,103,215,-112
103900047,22,55,-33
103900048,24,7,17
103900049,209,1407,-1198
103900050,5,107,-102
103900051,2,33,-31
103900052,67,749,-682
103900053,38,1360,-1322
103900054,34,858,-824
103900055,185,223,-38
103900056,10,51,-41
103900057,7,318,-311
103900058,61,1013,-952
103900059,0,5,-5
103900060,9,259,-250
103900061,24,64,-40
103900062,57,59,-2
103900063,1,0,1
103900064,23,2,21
103900065,925,329,596
103900066,28,2,26
103900067,35,1,34
103900068,1,0,1
103900069,23,4,19
103900070,111,303,-192
103900071,26,196,-170
103900072,3,465,-462
103900073,7,11,-4
103900074,19,138,-119
103900075,41,82,-41
103900076,188,880,-692
103900077,74,36,38
103900078,53,196,-143
103900079,56,273,-217
103900080,12,21,-9
103900081,39,4,35
103900082,4,96,-92
103900083,2374,198,2176
103900084,9,178,-169
103900085,71,91,-20
103900086,186,339,-153
103900087,23,114,-91
103900088,420,127,293
103900089,52,198,-146
103900090,2,268,-266
103900091,797,253,544
103900092,159,566,-407
103900093,85,473,-388
103900094,1,222,-221
103900095,136,209,-73
103900096,6,437,-431
103900097,11,630,-619
103900098,104,41,63
103900099,27,319,-292
103900100,104,516,-412
103900101,55,976,-921
103900102,4,28,-24
103900104,1,27,-26
103900105,61,137,-76
103900106,0,18,-18
103900107,54,272,-218
103900108,18,589,-571
103900109,23,107,-84
103900110,165,42,123
103900111,39,1111,-1072
103900112,12,62,-50
103900113,142,186,-44
103900114,543,380,163
103900115,235,60,175
103900116,7606,712,6894
103900117,234,169,65
103900119,28,43,-15
103900120,5,76,-71
103900122,52,430,-378
103900123,1585,466,1119
103900124,17,13,4
103900125,32,80,-48
103900126,126,566,-440
103900127,84,1098,-1014
103900128,33,326,-293
103900131,8,147,-139
103900133,670,14,656
103900134,0,0,0
103900135,4,14,-10
103900137,0,77,-77
103900138,27,442,-415
103900139,176,882,-706
103900140,2,22,-20
103900141,237,80,157
103900142,43,231,-188
103900143,10,0,10
103900144,0,59,-59
103900145,112,329,-217
103900146,240,383,-143
103900147,112,131,-19
103900148,62,295,-233
103900149,36,982,-946
103900150,8954,1364,7590
103900151,16,152,-136
103900152,238,1060,-822
103900153,9,0,9
103900154,1724,559,1165
103900155,14,287,-273
103900156,5,155,-150
103900157,5,295,-290
103900158,23,271,-248
103900159,26,128,-102
103900160,27,17,10
103900161,49,195,-146
103900162,68,327,-259
103900163,6,392,-386
103900164,132,29,103
103900167,5,65,-60
103900168,18,132,-114
103900169,13,28,-15
103900170,0,113,-113
103900171,2,73,-71
103900172,15,40,-25
103900173,3,5,-2
103900174,28,63,-35
103900175,41,31,10
103900176,6,19,-13
103900177,6,53,-47
103900178,12,69,-57
103900179,9,217,-208
103900180,11,178,-167
103900181,47,23,24
103900182,24,9,15
103900184,650,34,616
103900185,299,89,210
103900187,77,30,47
103900188,15,14,1
103900189,64,4,60
103900190,10,61,-51
103900191,6,42,-36
103900192,33,76,-43
103900193,156,101,55
103900194,40,398,-358
103900195,0,25,-25
103900196,12,18,-6
103900197,17,52,-35
103900198,3,92,-89
103900199,49,113,-64
103900200,84,202,-118
103900201,47,256,-209
103900202,7,65,-58
103900203,16,18,-2
103900204,1,181,-180
103900207,1,239,-238
103900208,17,0,17
103900209,1,104,-103
103900210,8,38,-30
103900211,203,793,-590
103900212,82,592,-510
103900213,56,223,-167
103900214,196,101,95
103900215,727,292,435
103900216,3,1210,-1207
103900217,272,23,249
103900218,1,162,-161
103900219,27,364,-337
103900233,108,10,98
103900235,20,26,-6
103900236,21,0,21
103900242,5,8,-3
103900243,3,1,2
103900244,25,336,-311
103900245,47,259,-212
103900246,24,27,-3
103900247,27,96,-69
103900248,0,6,-6
103900249,4,19,-15
103900250,14,13,1
103900251,2,21,-19
103900253,25,28,-3
103900254,14,4,10
103900255,2,7,-5
103900256,9,7,2
103900257,42,39,3
103900258,11,3,8
103900259,79,1,78
103900261,4,0,4
103900262,6,0,6
103900263,30,16,14
103900264,36,0,36
103900265,46,16,30
103900266,0,35,-35
103900267,2,44,-42
104000001,1933,2767,-834
104000002,1977,3070,-1093
104000003,2353,2412,-59
104000004,4192,2805,1387
104000005,871,1926,-1055
104000006,2618,3358,-740
104000007,3907,3617,290
104000008,322,628,-306
104000009,78,167,-89
104000010,106,167,-61
104000011,925,686,239
104000012,107,634,-527
104000013,76,144,-68
104000014,183,856,-673
104000015,153,166,-13
104000016,344,483,-139
104000018,392,168,224
104000019,333,89,244
104000020,176,1103,-927
104000021,268,1005,-737
104000022,104,455,-351
104000023,378,355,23
104000024,142,473,-331
104000026,19,373,-354
104000027,177,515,-338
104000028,265,328,-63
104000029,427,659,-232
104000030,119,238,-119
104000031,464,273,191
104000032,146,434,-288
104000033,268,367,-99
104000034,220,572,-352
104000035,334,458,-124
104000036,313,764,-451
104000037,176,356,-180
104000038,213,281,-68
104000039,130,559,-429
104000040,446,691,-245
104000041,662,366,296
104000042,222,600,-378
104000043,364,541,-177
104000044,201,1042,-841
104000045,793,1508,-715
104000046,1737,2012,-275
104000047,912,1829,-917
104000048,1323,2842,-1519
104000049,264,358,-94
104000050,258,741,-483
104000051,59,941,-882
104000052,899,1793,-894
104000053,636,844,-208
104000054,538,809,-271
104000055,4390,3671,719
104000056,2224,212,2012
104000057,67,626,-559
104000058,489,815,-326
104000059,307,1400,-1093
104000060,437,1126,-689
104000061,1002,1669,-667
104000062,154,178,-24
104000064,836,297,539
104000065,134,387,-253
104000069,1449,458,991
104000070,55,363,-308
104000071,139,527,-388
104000072,796,245,551
104000075,37,235,-198
104000076,400,99,301
104000082,1877,2486,-609
104000083,713,239,474
104000084,87,507,-420
104000085,157,293,-136
104000086,128,392,-264
104000087,522,1048,-526
104000090,511,2053,-1542
104000092,481,3393,-2912
104000094,709,2868,-2159
104000095,1167,1503,-336
104000096,821,539,282
104000097,973,1240,-267
104000098,772,1667,-895
104000100,858,775,83
104000101,872,3160,-2288
104000106,58,590,-532
104000107,516,646,-130
104000108,434,843,-409
104000109,281,41,240
104000110,1065,1068,-3
104000111,6773,1469,5304
104000112,3105,497,2608
104000116,3,1860,-1857
104000117,93,1355,-1262
104000118,248,307,-59
104000119,478,300,178
104000120,207,1461,-1254
104000121,176,830,-654
104000122,496,772,-276
104000123,921,1807,-886
104000124,2124,3415,-1291
104000125,6779,2638,4141
104000126,302,630,-328
104000127,1923,5286,-3363
104000128,895,526,369
104000129,553,27,526
104000130,25,203,-178
104000131,1129,857,272
104000132,796,1196,-400
104000133,1114,931,183
104000134,928,1207,-279
104000135,444,848,-404
104000136,1181,1858,-677
104000137,2336,261,2075
104000138,1877,379,1498
104000139,13119,3488,9631
104000141,1971,2397,-426
104000142,599,1466,-867
104000143,460,1206,-746
104000144,52,257,-205
104000145,274,151,123
104000146,511,624,-113
104000147,102,415,-313
104000148,157,110,47
104000149,136,585,-449
104000150,583,472,111
104000151,371,895,-524
104000152,352,1147,-795
104000153,145,427,-282
104000154,1380,977,403
104000155,299,388,-89
104000157,1560,2540,-980
104000158,357,285,72
104000159,351,337,14
104000160,1706,1401,305
104000161,192,161,31
104000162,33,154,-121
104000165,1323,1177,146
104000167,343,457,-114
104000168,329,6,323
104000169,38,44,-6
104000170,1191,258,933
104000248,130,953,-823
104000251,52,530,-478
104000272,0,0,0
104000273,0,0,0
104000274,0,0,0
104000275,0,0,0
104000279,760,565,195
104000290,46,478,-432
104000291,622,1228,-606
104000293,558,834,-276
104000294,6,0,6
104000295,323,900,-577
104000296,263,928,-665
104000297,933,1614,-681
104000298,2442,1045,1397
104000299,476,1458,-982
104900001,56,523,-467
104900002,36,71,-35
104900003,36,574,-538
104900004,64,512,-448
104900005,148,147,1
104900006,80,79,1
104900007,161,308,-147
104900009,79,615,-536
104900010,10,13,-3
104900011,3,6,-3
104900012,80,1,79
104900013,51,1,50
104900014,5243,322,4921
104900015,75,5,70
104900016,70,417,-347
104900017,23,216,-193
104900018,12,345,-333
104900019,357,911,-554
104900020,26,491,-465
104900021,2,364,-362
104900022,4,122,-118
104900023,5,214,-209
104900024,11,106,-95
104900025,55,430,-375
104900026,4,196,-192
104900027,162,196,-34
104900028,42,115,-73
104900029,38,133,-95
104900030,296,186,110
104900031,182,152,30
104900032,57,231,-174
104900033,43,146,-103
104900034,181,72,109
104900035,79,94,-15
104900036,44,51,-7
104900037,66,260,-194
104900038,815,336,479
104900039,749,67,682
104900040,97,74,23
104900041,75,136,-61
104900042,88,422,-334
104900043,8,13,-5
104900044,140,227,-87
104900045,188,22,166
104900046,33,142,-109
104900047,118,158,-40
104900048,109,138,-29
104900049,3,1,2
104900050,61,86,-25
104900051,31,61,-30
104900052,6,0,6
104900053,225,40,185
104900054,89,51,38
104900055,12,0,12
104900056,102,4,98
104900057,40,1,39
104900058,866,92,774
104900059,1,38,-37
104900060,3,417,-414
104900061,290,888,-598
104900063,0,145,-145
104900064,0,107,-107
104900065,1,122,-121
104900066,1,269,-268
104900067,4,338,-334
104900068,13,372,-359
104900070,75,429,-354
104900071,3,955,-952
104900072,18,279,-261
104900073,15,366,-351
104900074,39,282,-243
104900075,53,90,-37
104900076,88,617,-529
104900077,1346,66,1280
104900078,84,1210,-1126
104900079,98,114,-16
104900080,31,783,-752
104900082,13,275,-262
104900085,2,371,-369
104900087,420,3,417
104900089,26,0,26
104900090,336,401,-65
104900091,654,1060,-406
104900093,166,732,-566
104900097,3263,1015,2248
104900098,35,25,10
104900099,761,608,153
104900100,902,271,631
104900102,25,322,-297
104900103,486,122,364
104900104,4373,1099,3274
104900106,27,161,-134
104900107,27,486,-459
104900108,12,381,-369
104900109,47,199,-152
104900110,7,62,-55
104900111,73,98,-25
104900112,163,1238,-1075
104900113,324,537,-213
104900114,208,992,-784
104900115,270,605,-335
104900116,84,410,-326
104900118,7,101,-94
104900119,0,45,-45
104900120,95,23,72
104900121,0,161,-161
104900122,3,149,-146
104900123,10,3,7
104900124,4,0,4
104900125,477,11,466
104900126,151,47,104
104900127,29,10,19
104900128,60,145,-85
104900129,3617,838,2779
105000001,1760,2009,-249
105000002,1609,2070,-461
105000003,2339,4509,-2170
105000004,441,1451,-1010
105000005,606,1345,-739
105000006,812,1522,-710
105000007,663,1242,-579
105000008,661,1512,-851
105000009,986,2564,-1578
105000010,3491,3371,120
105000011,1780,2029,-249
105000012,4606,4028,578
105000013,564,951,-387
105000014,1192,2122,-930
105000015,7664,6417,1247
105000016,3811,2446,1365
105000017,1579,1460,119
105000018,1310,985,325
105000019,1563,1134,429
105000020,110,367,-257
105000021,331,117,214
105000022,99,37,62
105000023,401,275,126
105000028,38,180,-142
105000029,346,817,-471
105000030,4627,4696,-69
105000033,997,2646,-1649
105000034,128,553,-425
105000037,590,758,-168
105000038,2256,1209,1047
105000039,4722,2708,2014
105000040,945,614,331
105000041,1012,1985,-973
105000042,3540,1100,2440
105000043,3172,3618,-446
105000044,212,405,-193
105000045,333,1280,-947
105000046,517,446,71
105000047,435,2146,-1711
105000048,315,213,102
105000049,266,1286,-1020
105000050,342,339,3
105000051,246,749,-503
105000052,394,1123,-729
105000053,120,242,-122
105000054,151,1235,-1084
105000055,307,575,-268
105000056,1254,3539,-2285
105000057,1387,1361,26
105000058,1974,1892,82
105000059,418,492,-74
105000060,429,774,-345
105000061,281,510,-229
105000062,1001,1191,-190
105000063,281,885,-604
105000064,532,708,-176
105000065,329,1295,-966
105000066,737,2676,-1939
105000067,568,639,-71
105000068,398,1098,-700
105000069,3007,715,2292
105000070,853,878,-25
105000071,145,376,-231
105000072,481,697,-216
105000073,639,569,70
105000074,1076,1246,-170
105000075,549,1102,-553
105000076,1248,1344,-96
105000077,2110,978,1132
105000078,1619,1171,448
105000079,1643,1644,-1
105000080,1727,1123,604
105000081,881,851,30
105000082,478,436,42
105000083,962,936,26
105000084,422,1330,-908
105000085,1108,1122,-14
105000086,397,1020,-623
105000087,2922,2196,726
105000088,1908,1331,577
105000089,4870,3386,1484
105000090,1561,1230,331
105000091,2244,2690,-446
105000092,708,1543,-835
105000093,365,316,49
105000094,305,248,57
105000095,66,468,-402
105000096,971,615,356
105000097,1212,672,540
105000098,367,476,-109
105000099,618,937,-319
105000100,1079,1319,-240
105000101,1820,2707,-887
105000102,2809,2000,809
105000103,2061,2990,-929
105000104,1503,1186,317
105000105,961,2230,-1269
105000106,1087,1994,-907
105000107,694,1256,-562
105000108,1001,2181,-1180
105000109,1064,2192,-1128
105000110,511,1018,-507
105000111,380,612,-232
105000112,779,1112,-333
105000113,238,453,-215
105000114,4130,927,3203
105000115,246,604,-358
105000116,383,565,-182
105000117,618,1833,-1215
105000118,222,653,-431
105000119,461,1779,-1318
105000120,507,1002,-495
105000121,658,1525,-867
105000122,197,568,-371
105000123,1089,1890,-801
105000124,1405,1342,63
105000125,568,2199,-1631
105000126,1453,2578,-1125
105000127,1896,2427,-531
105000128,729,1672,-943
105000129,579,361,218
105000130,59,800,-741
105000131,448,397,51
105000132,611,390,221
105000133,269,1560,-1291
105000134,419,544,-125
105000135,285,981,-696
105000136,22,172,-150
105000137,175,320,-145
105000138,48,184,-136
105000139,837,1351,-514
105000140,72,451,-379
105000141,128,806,-678
105000142,94,624,-530
105000143,205,793,-588
105000144,170,836,-666
105000145,466,635,-169
105000146,464,770,-306
105000147,548,424,124
105000148,1033,607,426
105000149,1691,1474,217
105000150,2572,1775,797
105000151,319,358,-39
105000152,105,758,-653
105000153,362,474,-112
105000154,686,1013,-327
105000155,283,492,-209
105000156,1114,986,128
105000157,1335,1982,-647
105000158,1785,824,961
105000159,349,1455,-1106
105000160,926,653,273
105000161,660,2188,-1528
105000162,316,1185,-869
105000163,1363,1482,-119
105000164,178,427,-249
105000165,1793,3073,-1280
105000166,9326,242,9084
105000167,3692,1276,2416
105000168,196,1142,-946
105000169,224,706,-482
105000170,75,1426,-1351
105000171,1290,462,828
105000172,31,71,-40
105000173,43,99,-56
105000174,38,43,-5
105000175,77,163,-86
105000176,107,113,-6
105000177,66,157,-91
105000178,128,905,-777
105000179,102,193,-91
105000180,78,140,-62
105000181,82,573,-491
105000182,34,77,-43
105000183,3524,1698,1826
105000184,1795,1069,726
105000185,2353,623,1730
105000186,466,1387,-921
105000187,766,327,439
105000188,297,148,149
105000189,171,773,-602
105000190,109,501,-392
105000191,239,518,-279
105000192,57,67,-10
105000193,45,193,-148
105000194,88,77,11
105000195,269,1722,-1453
105000196,15,64,-49
105000197,160,1122,-962
105000198,540,318,222
105000199,145,149,-4
105000200,69,334,-265
105000201,52,19,33
105000203,3,316,-313
105000204,63,141,-78
105000205,107,313,-206
105000207,1162,302,860
105000208,302,412,-110
105000209,156,402,-246
105000212,758,1986,-1228
105000213,238,181,57
105000214,73,263,-190
105000215,98,342,-244
105000216,72,666,-594
105000217,193,628,-435
105000218,524,1329,-805
105000221,77,373,-296
105000222,63,49,14
105000223,102,238,-136
105000226,22,509,-487
105000227,26,308,-282
105000228,169,783,-614
105000229,61,236,-175
105000231,102,230,-128
105000233,528,656,-128
105000234,550,1443,-893
105000235,162,509,-347
105000237,402,41,361
105000243,10,296,-286
105000248,49,65,-16
105000262,153,2369,-2216
105000269,97,146,-49
105000270,187,142,45
105000271,1,357,-356
105000282,51,47,4
105000287,321,179,142
105000288,364,476,-112
105000289,703,972,-269
105000290,7,2,5
105000402,6172,1950,4222
105000426,355,564,-209
105000438,514,589,-75
105000446,15628,5895,9733
105000447,9228,2984,6244
105000454,87,567,-480
105000455,251,288,-37
105000474,29,0,29
105000477,162,398,-236
105000478,948,1824,-876
105000479,63,129,-66
105000480,1401,1839,-438
105000481,1737,2040,-303
105000482,4520,3186,1334
105000483,933,1137,-204
105000484,2575,3115,-540
105000485,996,1398,-402
105000486,3869,2716,1153
105000488,2878,3213,-335
105000489,412,838,-426
105000549,21,143,-122
105000550,460,1287,-827
105000551,8,102,-94
105000552,4148,2538,1610
105900001,11,931,-920
105900002,2071,382,1689
105900003,4,114,-110
105900004,535,112,423
105900005,14,283,-269
105900006,10,52,-42
105900007,137,19,118
105900008,29,994,-965
105900009,17,16,1
105900011,299,51,248
105900012,671,225,446
105900013,0,21,-21
105900014,8,87,-79
105900015,215,333,-118
105900016,149,798,-649
105900017,673,65,608
105900018,188,272,-84
105900019,91,726,-635
105900020,11,77,-66
105900021,26,544,-518
105900022,148,353,-205
105900023,1,209,-208
105900024,18,365,-347
105900025,32,71,-39
105900026,205,30,175
105900027,6351,6467,-116
105900028,24,131,-107
105900029,2404,401,2003
105900030,168,431,-263
105900031,374,195,179
105900032,30,182,-152
105900033,58,135,-77
105900034,104,235,-131
105900035,230,204,26
105900036,18,140,-122
105900037,36,87,-51
105900038,79,261,-182
105900039,29,180,-151
105900040,42,132,-90
105900041,182,423,-241
105900042,34,108,-74
105900043,1820,54,1766
105900044,1,167,-166
105900045,2,698,-696
105900046,2,198,-196
105900047,7,29,-22
105900048,60,569,-509
105900050,4683,990,3693
105900051,3,1398,-1395
105900052,257,170,87
105900053,4751,1187,3564
105900054,278,315,-37
105900056,1078,242,836
105900057,18,273,-255
105900058,9,48,-39
105900059,1,32,-31
106000001,3017,1022,1995
106000002,2838,3752,-914
106000003,2690,1885,805
106000004,2329,2513,-184
106000005,2216,4797,-2581
106000006,6416,5182,1234
106000007,520,578,-58
106000008,434,331,103
106000009,397,395,2
106000010,408,557,-149
106000011,603,1039,-436
106000012,791,1994,-1203
106000013,1413,2133,-720
106000014,2147,2118,29
106000015,999,1288,-289
106000016,1120,2863,-1743
106000017,537,713,-176
106000018,448,733,-285
106000019,183,538,-355
106000020,176,607,-431
106000021,166,556,-390
106000022,275,448,-173
106000023,349,407,-58
106000024,381,1024,-643
106000025,81,201,-120
106000026,175,374,-199
106000027,600,1144,-544
106000028,385,1001,-616
106000029,875,2133,-1258
106000030,942,255,687
106000034,160,554,-394
106000035,662,948,-286
106000036,436,335,101
106000037,1454,1709,-255
106000038,402,75,327
106000039,177,36,141
106000040,150,909,-759
106000041,731,237,494
106000043,415,77,338
106000046,249,24,225
106000047,48,395,-347
106000049,345,135,210
106000050,312,1078,-766
106000051,320,369,-49
106000052,104,873,-769
106000053,100,108,-8
106000054,315,663,-348
106000055,495,788,-293
106000056,304,612,-308
106000057,146,156,-10
106000058,132,252,-120
106000059,101,251,-150
106000060,564,677,-113
106000061,111,389,-278
106000062,150,685,-535
106000063,333,361,-28
106000064,21,481,-460
106000065,114,174,-60
106000066,74,525,-451
106000067,209,74,135
106000068,46,867,-821
106000069,89,87,2
106000070,317,911,-594
106000071,449,237,212
106000072,5177,1399,3778
106000073,1723,1805,-82
106000074,184,629,-445
106000075,194,1015,-821
106000076,1019,1710,-691
106000077,2557,1165,1392
106000078,402,900,-498
106000079,368,1194,-826
106000080,608,983,-375
106000081,345,1157,-812
106000082,2056,1057,999
106000083,319,1065,-746
106000084,501,578,-77
106000085,1417,1038,379
106000086,458,642,-184
106000087,433,563,-130
106000088,273,863,-590
106000089,422,566,-144
106000090,186,724,-538
106000091,212,743,-531
106000092,301,256,45
106000093,147,77,70
106000094,104,381,-277
106000095,311,1416,-1105
106000096,369,900,-531
106000097,431,1756,-1325
106000098,329,1239,-910
106000099,153,1219,-1066
106000100,1297,374,923
106000101,2482,288,2194
106000102,444,642,-198
106000103,192,789,-597
106000104,795,474,321
106000105,371,1285,-914
106000106,301,491,-190
106000107,58,596,-538
106000108,98,396,-298
106000109,63,465,-402
106000110,80,324,-244
106000111,95,821,-726
106000112,57,371,-314
106000113,1192,816,376
106000114,421,480,-59
106000115,142,662,-520
106000116,94,292,-198
106000117,924,864,60
106000118,806,991,-185
106000119,2975,1378,1597
106000120,742,742,0
106000121,97,197,-100
106000122,43,404,-361
106000123,129,352,-223
106000124,18,474,-456
106000125,18,482,-464
106000126,73,257,-184
106000127,309,1179,-870
106000128,260,338,-78
106000129,218,966,-748
106000130,372,389,-17
106000131,76,661,-585
106000132,914,159,755
106000133,4878,879,3999
106000134,853,2442,-1589
106000135,118,893,-775
106000136,388,473,-85
106000137,61,1999,-1938
106000138,586,70,516
106000139,17,127,-110
106000140,28,130,-102
106000141,18,199,-181
106000142,22,68,-46
106000143,7,145,-138
106000144,18,59,-41
106000145,72,562,-490
106000146,87,235,-148
106000147,365,570,-205
106000148,793,940,-147
106000149,400,473,-73
106000150,446,1722,-1276
106000151,5606,984,4622
106000152,1798,1151,647
106000153,71,1456,-1385
106000154,1600,226,1374
106000155,34,166,-132
106000156,591,360,231
106000157,927,2368,-1441
106000158,3549,674,2875
106000159,5981,1700,4281
106000160,160,1343,-1183
106000161,1531,683,848
106000162,149,598,-449
106000163,195,757,-562
106000164,183,369,-186
106000165,113,933,-820
106000166,194,388,-194
106000167,142,1765,-1623
106000168,104,364,-260
106000169,97,1067,-970
106000170,258,299,-41
106000171,59,1184,-1125
106000172,1922,989,933
106000173,716,3344,-2628
106000174,687,263,424
106000175,259,1385,-1126
106000176,879,659,220
106000177,572,2782,-2210
106000178,2765,1534,1231
106000179,1015,2241,-1226
106000180,804,2424,-1620
106000181,275,2479,-2204
106000182,375,875,-500
106000183,465,1361,-896
106000184,845,1196,-351
106000185,598,1034,-436
106000186,871,227,644
106000187,182,809,-627
106000188,0,0,0
106000189,5,67,-62
106000190,5,2,3
106000191,544,257,287
106000192,0,40,-40
106000193,298,213,85
106000194,159,444,-285
106000195,821,117,704
106000196,171,390,-219
106000197,173,347,-174
106000198,126,414,-288
106000199,1050,733,317
106000200,543,188,355
106000201,496,993,-497
106000202,8540,629,7911
106000203,213,209,4
106000204,27,5,22
106000205,16,127,-111
106000206,49,4,45
106000207,44,1174,-1130
106000208,521,73,448
106000209,585,235,350
106000210,191,1543,-1352
106000211,370,1791,-1421
106000212,352,142,210
106000213,808,1317,-509
106000214,2716,445,2271
106000215,233,531,-298
106000216,315,371,-56
106000217,167,459,-292
106000218,243,333,-90
106000219,87,324,-237
106000220,380,340,40
106000221,70,299,-229
106000222,31,183,-152
106000223,70,171,-101
106000224,110,410,-300
106000225,36,69,-33
106000226,129,458,-329
106000228,11,151,-140
106000229,60,1043,-983
106000231,332,99,233
106000232,33,608,-575
106000233,317,108,209
106000234,52,249,-197
106000235,449,58,391
106000236,189,67,122
106000237,1,10,-9
106000238,4,4,0
106000239,6,60,-54
106000240,37,1,36
106000241,22,755,-733
106000242,125,8,117
106000249,23,63,-40
106000250,26,486,-460
106000251,44,28,16
106000252,33,130,-97
106000253,32,56,-24
106000254,37,71,-34
106000255,22,77,-55
106000256,76,146,-70
106000257,97,386,-289
106000258,242,12,230
106000259,0,30,-30
106000260,2,10,-8
106000261,0,67,-67
106000262,57,14,43
106000263,4,110,-106
106000264,154,8,146
106000265,8,157,-149
106000266,71,17,54
106000267,9,147,-138
106000268,297,14,283
106000269,60,57,3
106000270,112,457,-345
106000271,49,202,-153
106000272,77,71,6
106000273,8,156,-148
106000274,226,47,179
106000275,76,157,-81
106000276,193,52,141
106000277,136,102,34
106000278,302,53,249
106000279,22,72,-50
106000280,23,148,-125
106000281,60,102,-42
106000282,82,61,21
106000283,68,108,-40
106000284,43,145,-102
106000285,77,203,-126
106000286,50,135,-85
106000287,80,120,-40
106000288,110,162,-52
106000289,57,84,-27
106000290,46,117,-71
106000291,63,95,-32
106000292,60,203,-143
106000293,84,101,-17
106000294,80,164,-84
106000295,22,65,-43
106000296,72,109,-37
106000297,83,266,-183
106000298,115,58,57
106000299,47,143,-96
106000300,28,122,-94
106000301,42,100,-58
106000303,17,61,-44
106000304,53,60,-7
106000305,25,52,-27
106000306,74,122,-48
106000307,19,13,6
106000308,39,231,-192
106000309,15,116,-101
106000310,157,634,-477
106000311,138,150,-12
106000312,56,221,-165
106000313,57,235,-178
106000318,164,196,-32
106000319,312,24,288
106000320,2,28,-26
106000321,363,57,306
106000322,68,254,-186
106000324,3,171,-168
106000325,991,1000,-9
106000326,906,2430,-1524
106000327,119,260,-141
106000328,11,142,-131
106000329,75,321,-246
106000330,31,48,-17
106000428,44,207,-163
106000429,70,612,-542
106000430,304,1875,-1571
106000431,684,257,427
106000432,1155,2790,-1635
106000433,896,644,252
106000434,2083,742,1341
106000435,2313,2903,-590
106000436,35,441,-406
106000437,148,13,135
106000438,351,136,215
106000439,75,554,-479
106000440,276,537,-261
106000441,0,0,0
106000442,60,5,55
106000443,53,744,-691
106000450,1,249,-248
106000451,22,10,12
106000454,3,74,-71
106000455,8,166,-158
106000456,97,9,88
106000457,10,1485,-1475
106000458,153,165,-12
106000459,26,627,-601
106000460,290,34,256
106000461,20,2812,-2792
106000462,0,14,-14
106000463,4,26,-22
106000464,2,767,-765
106000465,132,1,131
106000466,5,1008,-1003
106000467,578,699,-121
106000468,47,273,-226
106000469,217,14,203
106000470,221,1187,-966
106000471,25,770,-745
106000472,44,6,38
106000473,30,41,-11
106000474,207,869,-662
106000475,128,181,-53
106000476,202,109,93
106000477,21,72,-51
106900001,0,10,-10
106900002,7,692,-685
106900003,197,804,-607
106900004,1,90,-89
106900006,0,16,-16
106900007,0,17,-17
106900008,64,368,-304
106900009,150,427,-277
106900010,98,389,-291
106900012,2107,1728,379
106900013,521,27,494
106900014,16,2,14
106900015,18,0,18
106900016,45,1,44
106900017,2,1,1
106900018,2,0,2
106900019,16,4,12
106900020,3093,552,2541
106900021,8,32,-24
106900022,164,0,164
106900023,9,313,-304
106900024,612,12,600
106900025,53,700,-647
106900026,5,1067,-1062
106900027,139,6,133
107000001,2011,1567,444
107000002,3000,5039,-2039
107000003,4157,5214,-1057
107000004,6967,8390,-1423
107000005,1603,3343,-1740
107000006,3997,9501,-5504
107000007,5276,5603,-327
107000008,25312,15440,9872
107000009,5107,4835,272
107000010,13795,16334,-2539
107000011,1156,1978,-822
107000012,4872,4665,207
107000013,36,259,-223
107000014,11,394,-383
107000015,284,1229,-945
107000016,315,1601,-1286
107000017,8664,1297,7367
107000018,34,434,-400
107000020,6467,614,5853
107000021,1970,1505,465
107000022,2592,2527,65
107000023,2500,584,1916
107000024,764,3345,-2581
107000025,140,525,-385
107000026,120,1016,-896
107000027,968,1053,-85
107000028,1533,2054,-521
107000029,1383,1775,-392
107000030,3971,4302,-331
107000031,2003,2232,-229
107000032,329,896,-567
107000033,5749,8466,-2717
107000034,7519,2942,4577
107000035,486,240,246
107000036,382,1147,-765
107000037,92,839,-747
107000038,283,413,-130
107000039,435,555,-120
107000040,104,443,-339
107000041,1337,703,634
107000042,687,1903,-1216
107000043,3356,915,2441
107000044,647,559,88
107000045,97,388,-291
107000046,422,330,92
107000047,301,1020,-719
107000048,419,396,23
107000049,402,836,-434
107000050,686,458,228
107000051,548,364,184
107000052,1035,792,243
107000053,197,111,86
107000054,46,257,-211
107000055,96,86,10
107000056,505,922,-417
107000057,1851,290,1561
107000058,1542,1701,-159
107000059,1950,3237,-1287
107000060,3214,5437,-2223
107000061,6151,5090,1061
107000062,1876,3050,-1174
107000063,3405,7335,-3930
107000064,2304,2102,202
107000065,3768,7983,-4215
107000066,1864,2548,-684
107000067,814,1035,-221
107000068,1778,666,1112
107000069,390,378,12
107000070,224,2,222
107000071,881,13,868
107000072,36,4660,-4624
107000073,200,101,99
107000074,144,1166,-1022
107000075,613,164,449
107000076,755,2379,-1624
107000077,1548,299,1249
107000078,1528,4305,-2777
107000079,1351,328,1023
107000080,1176,4308,-3132
107000081,675,345,330
107000082,497,3795,-3298
107000083,690,199,491
107000084,589,3695,-3106
107000085,3208,3500,-292
107000086,4111,3134,977
107000087,1990,2381,-391
107000088,2612,3839,-1227
107000089,1040,1978,-938
107000090,1032,1204,-172
107000091,697,1156,-459
107000092,598,1509,-911
107000093,582,923,-341
107000094,679,1753,-1074
107000095,418,629,-211
107000096,552,1179,-627
107000097,377,179,198
107000098,387,529,-142
107000099,421,221,200
107000100,318,282,36
107000101,48,137,-89
107000102,378,420,-42
107000103,260,135,125
107000104,225,375,-150
107000105,195,103,92
107000106,120,298,-178
107000107,322,179,143
107000108,99,1146,-1047
107000109,307,132,175
107000110,28,735,-707
107000111,63,34,29
107000112,47,465,-418
107000113,225,103,122
107000114,43,788,-745
107000115,176,82,94
107000116,86,1295,-1209
107000117,59,157,-98
107000118,111,326,-215
107000119,1884,935,949
107000120,2522,455,2067
107000121,273,666,-393
107000122,741,950,-209
107000123,148,997,-849
107000124,272,998,-726
107000125,381,1077,-696
107000126,447,1345,-898
107000127,15,400,-385
107000129,87,165,-78
107000130,105,200,-95
107000131,378,417,-39
107000132,368,353,15
107000133,569,252,317
107000134,155,2,153
107000135,1,281,-280
107000136,336,2,334
107000137,5,407,-402
107000138,326,14,312
107000139,15,359,-344
107000140,690,33,657
107000141,110,1017,-907
107000142,219,34,185
107000143,38,1192,-1154
107000144,307,188,119
107000145,117,738,-621
107000146,126,179,-53
107000147,3217,745,2472
107000150,1266,2882,-1616
107000151,43,37,6
107000152,544,433,111
107000153,351,346,5
107000154,124,38,86
107000155,983,31,952
107000156,877,55,822
107000157,30,3717,-3687
107000158,295,29,266
107000159,39,1808,-1769
107000160,337,98,239
107000161,81,2644,-2563
107000162,110,432,-322
107000163,8,1,7
107000164,103,0,103
107000165,191,2,189
107000166,52,1932,-1880
107000167,205,283,-78
107000168,554,275,279
107000169,925,1478,-553
107000170,720,530,190
107000171,719,4138,-3419
107000172,576,735,-159
107000173,1027,1789,-762
107000174,1099,2654,-1555
107000175,15420,2125,13295
107000176,0,0,0
107000177,1,0,1
107000178,1,41,-40
107000179,186,4049,-3863
107000180,548,455,93
107000181,143,1721,-1578
107000182,607,887,-280
107000183,77,1341,-1264
107000184,374,918,-544
107000185,202,1802,-1600
107000186,366,440,-74
107000187,1205,1391,-186
107000188,565,422,143
107000189,276,944,-668
107000190,397,859,-462
107000191,433,1123,-690
107000192,939,1100,-161
107000193,276,400,-124
107000194,776,936,-160
107000197,397,292,105
107000198,99,1035,-936
107000199,776,1080,-304
107000200,1175,620,555
107000201,457,331,126
107000202,219,593,-374
107000203,891,708,183
107000204,947,774,173
107000205,3868,1884,1984
107000206,1229,1164,65
107000207,795,1259,-464
107000208,1741,325,1416
107000209,2590,413,2177
107000210,1800,263,1537
107000211,8,18,-10
107000212,8,250,-242
107000213,27,34,-7
107000214,14,111,-97
107000215,250,697,-447
107000216,117,655,-538
107000217,214,177,37
107000219,43,146,-103
107000220,174,495,-321
107000222,299,977,-678
107000224,398,51,347
107000225,217,1204,-987
107000226,168,48,120
107000227,93,781,-688
107000228,102,131,-29
107000229,285,222,63
107000230,1085,660,425
107000231,1039,359,680
107000232,44,85,-41
107000233,557,287,270
107000234,3,16,-13
107000235,27,2,25
107000236,19,1110,-1091
107000237,3,0,3
107000238,3,4,-1
107000239,7973,447,7526
107000240,52,1589,-1537
107000241,98,27,71
107000242,703,83,620
107000243,0,52,-52
107000244,2,95,-93
107000246,2,1582,-1580
107000249,8,1141,-1133
107000251,3,459,-456
107000252,11,1957,-1946
107000255,792,72,720
107000257,4,974,-970
107000258,1,160,-159
107000259,2,307,-305
107000260,139,0,139
107000262,14,1152,-1138
107000263,79,2,77
107000266,6,4,2
107000267,40,248,-208
107000268,157,260,-103
107000269,144,29,115
107000270,0,8,-8
107000271,5,1470,-1465
107000272,7,322,-315
107000273,3,338,-335
107000274,3236,502,2734
107000275,182,1264,-1082
107000280,254,28,226
107000281,38,1507,-1469
107000282,46,2450,-2404
107000290,1,64,-63
107000291,21,39,-18
107000292,2,53,-51
107000293,204,4,200
107000294,0,67,-67
107000295,120,8,112
107000296,0,5,-5
107000444,283,16,267
107000496,0,26,-26
107000497,1271,4380,-3109
107000500,227,551,-324
107000501,62,172,-110
107000502,99,477,-378
107000505,565,938,-373
107000506,2,21,-19
107000508,7,1070,-1063
107000509,268,752,-484
107000510,19,15,4
107000514,35,310,-275
107000515,28,452,-424
107000516,103,173,-70
107000518,327,286,41
107000519,4425,1505,2920
107000520,35,12,23
107900001,14,322,-308
107900002,21,0,21
107900003,125,3,122
107900004,23,2,21
107900005,263,2,261
107900006,14,0,14
107900007,62,15,47
107900008,22,40,-18
107900009,98,3,95
107900010,6,2,4
107900012,194,3,191
107900013,167,69,98
107900014,24,20,4
107900015,239,4,235
107900016,487,130,357
107900017,12,2,10
107900018,27,17,10
107900019,7,88,-81
107900020,88,19,69
107900021,12,205,-193
107900023,6,1,5
107900024,1,28,-27
107900025,254,441,-187
107900026,13,135,-122
107900027,21,142,-121
107900028,13,125,-112
107900030,122,6,116
107900031,26,267,-241
107900032,7,5,2
107900033,9,3,6
107900034,125,2,123
107900035,349,5,344
107900036,14,0,14
107900037,4,87,-83
107900038,146,93,53
107900039,1,82,-81
107900040,96,71,25
107900041,0,0,0
107900043,32,112,-80
107900044,6,8,-2
107900045,32,14,18
107900046,65,29,36
107900047,8,154,-146
107900048,59,3,56
107900049,323,1574,-1251
107900050,75,432,-357
107900051,53,93,-40
107900052,7,3,4
107900053,20,109,-89
107900055,303,143,160
107900056,41,8,33
107900057,0,0,0
107900058,29,1008,-979
107900060,14,34,-20
107900061,6,2,4
107900063,106,127,-21
107900064,188,16,172
107900065,59,19,40
107900066,3,6,-3
107900067,0,0,0
107900068,99,235,-136
107900069,27,387,-360
107900070,19,17,2
107900071,18,1423,-1405
107900072,29,304,-275
107900073,81,176,-95
107900074,1106,112,994
107900076,65,75,-10
107900077,13,0,13
107900078,186,11,175
107900079,11,14,-3
107900080,80,188,-108
107900081,9,81,-72
107900082,23,8,15
107900083,114,87,27
107900084,31,107,-76
107900086,23,57,-34
107900087,290,24,266
107900088,6,2,4
107900089,409,1340,-931
107900090,424,672,-248
107900091,143,648,-505
107900092,2602,620,1982
107900093,59,69,-10
107900095,3699,1088,2611
107900097,11,44,-33
107900098,28,92,-64
107900100,1157,403,754
107900101,1357,106,1251
107900102,10,2,8
107900103,38,258,-220
107900104,137,5,132
107900105,1,657,-656
107900106,5,1964,-1959
107900107,2084,151,1933
107900108,333,58,275
107900109,282,2,280
107900110,13,116,-103
107900111,5,2031,-2026
107900112,90,196,-106
107900113,59,158,-99
107900114,45,272,-227
107900115,2,65,-63
107900116,35,268,-233
107900117,262,504,-242
107900118,42,129,-87
107900119,25,166,-141
107900120,12,9,3
107900121,1,331,-330
107900122,1,68,-67
107900123,2,20,-18
107900124,29,69,-40
107900125,21,204,-183
107900126,0,38,-38
107900127,738,100,638
107900128,132,46,86
107900129,8,49,-41
107900130,9,34,-25
107900131,182,25,157
107900132,68,479,-411
107900133,4,97,-93
107900134,55,25,30
107900135,1,257,-256
107900136,58,33,25
107900137,109,90,19
107900138,4,42,-38
107900139,2,42,-40
107900140,66,87,-21
107900141,63,9,54
107900142,118,1441,-1323
107900143,48,48,0
107900144,3,205,-202
107900145,14,116,-102
107900146,45,120,-75
107900147,21,26,-5
107900148,116,196,-80
107900149,2818,105,2713
107900150,75,1044,-969
107900151,8,148,-140
107900152,27,481,-454
107900153,79,151,-72
107900154,7,6,1
107900155,10,64,-54
107900156,4,444,-440
107900157,47,74,-27
107900158,161,1,160
107900159,41,1417,-1376
107900160,20,233,-213
107900161,3,285,-282
107900162,0,308,-308
107900163,114,46,68
107900164,0,21,-21
107900165,16,43,-27
107900166,9,353,-344
107900167,26,17,9
107900168,9,73,-64
107900169,0,261,-261
107900171,9,2414,-2405
107900172,0,370,-370
107900173,3,260,-257
107900174,29,4,25
107900175,1,3,-2
107900176,6,31,-25
107900177,2,375,-373
107900178,0,371,-371
107900179,1,150,-149
107900180,1421,102,1319
107900181,317,397,-80
107900182,11,2158,-2147
107900183,13,474,-461
107900184,130,358,-228
107900185,23,3,20
107900186,17,34,-17
107900187,0,209,-209
107900188,1134,81,1053
107900189,3,173,-170
107900190,165,33,132
107900191,21,201,-180
107900193,10,37,-27
107900194,79,4,75
107900195,5986,600,5386
107900196,49,121,-72
107900197,392,81,311
107900199,5,1421,-1416
107900201,42,170,-128
107900203,19,112,-93
107900204,295,237,58
107900205,181,583,-402
107900206,288,161,127
107900207,1,815,-814
107900208,8,1363,-1355
107900209,437,98,339
107900210,55,130,-75
107900213,332,421,-89
107900214,2,176,-174
107900215,187,294,-107
107900216,63,78,-15
107900217,15,58,-43
107900218,7,1878,-1871
107900219,6,225,-219
107900220,189,76,113
107900221,176,196,-20
107900223,69,654,-585
107900224,116,310,-194
107900225,2,926,-924
107900226,27,176,-149
107900227,61,623,-562
107900228,5,141,-136
107900229,5,393,-388
107900230,2,189,-187
107900231,4,220,-216
107900232,16,280,-264
107900233,4,189,-185
107900234,25,173,-148
107900235,45,133,-88
107900236,25,130,-105
107900237,178,647,-469
107900238,9,109,-100
107900239,1325,435,890
107900240,13,197,-184
107900241,11,143,-132
107900242,2,410,-408
107900243,1,63,-62
107900244,135,3,132
107900245,109,33,76
107900246,35,7,28
107900248,110,766,-656
107900249,180,16,164
107900250,3,768,-765
107900251,27,1607,-1580
107900252,240,3,237
107900253,24,0,24
107900254,49,435,-386
107900255,658,81,577
107900256,1896,940,956
107900257,79,58,21
107900258,27,249,-222
107900259,76,426,-350
107900261,3,835,-832
107900262,30,136,-106
107900264,78,0,78
107900265,143,298,-155
107900267,38,11,27
107900268,89,11,78
107900269,0,7,-7
107900270,0,0,0
107900271,1,1,0
107900272,210,7,203
107900273,5,91,-86
107900274,14,0,14
107900275,2,0,2
107900276,0,65,-65
107900277,1,276,-275
107900278,76,457,-381
107900279,180,57,123
107900280,2447,1346,1101
107900281,4340,776,3564
107900282,33,159,-126
107900283,1867,376,1491
107900284,96,1017,-921
107900285,30,174,-144
107900286,111,76,35
107900287,45,97,-52
107900290,0,60,-60
107900291,151,8,143
107900292,104,334,-230
107900293,42,550,-508
107900295,15,163,-148
107900297,5,392,-387
107900298,781,1024,-243
107900299,4523,1205,3318
107900300,19,195,-176
107900301,705,198,507
107900302,77,9,68
107900303,28,276,-248
107900304,81,764,-683
107900305,144,5,139
107900306,13,1,12
107900307,49,337,-288
107900308,166,26,140
107900309,4,0,4
107900310,0,0,0
107900311,124,60,64
107900312,0,0,0
107900313,0,81,-81
107900314,0,45,-45
107900315,0,62,-62
107900316,6,1,5
107900317,52,2,50
107900318,2,117,-115
107900319,5,390,-385
107900320,0,197,-197
107900321,43,4,39
107900322,2,277,-275
107900323,6,159,-153
107900324,104,3,101
107900325,29,0,29
107900326,59,524,-465
107900327,0,0,0
107900328,0,0,0
107900329,0,0,0
107900330,4,650,-646
107900331,43,38,5
107900332,38,26,12
107900333,27,7,20
107900334,6,329,-323
107900335,58,61,-3
107900336,15,35,-20
107900337,1969,443,1526
107900338,1,229,-228
107900339,3,35,-32
107900340,0,82,-82
107900341,8,1,7
107900342,55,118,-63
107900343,6,0,6
107900344,3,106,-103
107900345,70,36,34
107900346,17,1,16
107900347,7,2,5
107900348,3,2,1
107900349,8,3,5
107900350,39,346,-307
108000001,2300,2201,99
108000002,2639,3959,-1320
108000003,2511,1417,1094
108000004,18713,18319,394
108000005,3396,2448,948
108000006,5317,7185,-1868
108000007,4021,3025,996
108000008,5133,7224,-2091
108000009,1919,2550,-631
108000010,2663,6551,-3888
108000011,8820,6547,2273
108000012,19591,18664,927
108000014,469,494,-25
108000015,282,287,-5
108000016,163,675,-512
108000017,386,397,-11
108000018,805,454,351
108000019,1606,546,1060
108000020,738,386,352
108000021,383,2041,-1658
108000022,523,1809,-1286
108000023,709,101,608
108000024,131,875,-744
108000025,96,167,-71
108000026,150,753,-603
108000027,204,647,-443
108000028,127,336,-209
108000029,112,794,-682
108000030,267,226,41
108000031,118,757,-639
108000032,509,402,107
108000033,404,1548,-1144
108000034,726,381,345
108000035,772,3203,-2431
108000036,243,1704,-1461
108000037,811,247,564
108000038,1048,259,789
108000039,371,3021,-2650
108000040,797,444,353
108000041,605,3264,-2659
108000042,66,327,-261
108000043,112,482,-370
108000044,323,239,84
108000045,164,2422,-2258
108000046,609,207,402
108000047,281,1548,-1267
108000048,122,692,-570
108000049,203,176,27
108000050,104,631,-527
108000051,101,70,31
108000052,332,910,-578
108000053,171,78,93
108000054,446,1034,-588
108000055,615,267,348
108000056,952,1144,-192
108000057,419,535,-116
108000058,1619,1606,13
108000059,3506,1844,1662
108000060,59,374,-315
108000061,185,446,-261
108000062,282,445,-163
108000063,253,859,-606
108000064,98,293,-195
108000065,277,879,-602
108000066,1190,553,637
108000067,963,443,520
108000068,432,305,127
108000069,131,1391,-1260
108000070,804,576,228
108000071,384,2242,-1858
108000072,737,762,-25
108000073,1217,2258,-1041
108000074,190,280,-90
108000075,237,863,-626
108000076,404,337,67
108000077,567,1023,-456
108000078,1143,982,161
108000079,1158,2574,-1416
108000080,531,497,34
108000081,397,3964,-3567
108000082,1042,1801,-759
108000083,1285,682,603
108000084,273,1499,-1226
108000085,223,217,6
108000086,770,971,-201
108000087,124,970,-846
108000088,66,13,53
108000089,146,338,-192
108000090,144,124,20
108000091,75,639,-564
108000092,55,77,-22
108000093,98,1156,-1058
108000094,258,76,182
108000095,69,722,-653
108000096,140,116,24
108000097,62,708,-646
108000098,503,1865,-1362
108000099,138,124,14
108000100,42,245,-203
108000101,1052,884,168
108000102,1052,1594,-542
108000106,516,1,515
108000107,4,840,-836
108000108,271,23,248
108000109,8,1067,-1059
108000110,75,330,-255
108000111,102,801,-699
108000112,53,70,-17
108000113,500,401,99
108000115,416,397,19
108000117,764,286,478
108000118,102,102,0
108000119,615,449,166
108000120,81,382,-301
108000121,131,676,-545
108000122,178,263,-85
108000123,359,432,-73
108000124,170,714,-544
108000125,91,485,-394
108000126,34,837,-803
108000127,131,497,-366
108000128,158,1077,-919
108000129,251,1941,-1690
108000130,142,388,-246
108000131,327,129,198
108000132,1307,1410,-103
108000133,377,345,32
108000134,661,1188,-527
108000135,336,292,44
108000136,946,1615,-669
108000137,143,529,-386
108000138,175,1373,-1198
108000139,79,535,-456
108000140,45,37,8
108000141,12,187,-175
108000142,26,126,-100
108000143,30,29,1
108000144,18,19,-1
108000145,14,40,-26
108000146,26,6,20
108000147,28,51,-23
108000148,32,15,17
108000149,22,50,-28
108000150,16,0,16
108000151,14,8,6
108000152,95,740,-645
108000153,84,58,26
108000154,12,9,3
108000155,10,7,3
108000156,347,99,248
108000157,96,335,-239
108000158,49,308,-259
108000159,639,85,554
108000160,6063,632,5431
108000161,6295,1082,5213
108000165,6,87,-81
108000172,6,95,-89
108000173,3433,1238,2195
108000175,59,64,-5
108000178,415,491,-76
108000179,176,633,-457
108000181,42,43,-1
108000182,126,10,116
108000183,23,18,5
108000184,1242,1015,227
108000185,45,900,-855
108000186,52,75,-23
108000187,43,1025,-982
108000188,168,312,-144
108000189,484,608,-124
108000190,21,93,-72
108000192,62,812,-750
108000193,653,42,611
108000194,34,12,22
108000195,4,1322,-1318
108000196,170,95,75
108000198,237,469,-232
108000199,1,94,-93
108000200,120,1064,-944
108000202,0,156,-156
108000203,24,1353,-1329
108000204,36,23,13
108000205,625,684,-59
108000339,1977,238,1739
108000364,148,162,-14
108000365,57,396,-339
108000367,165,448,-283
108000368,11,50,-39
108000369,2045,93,1952
108000371,3,751,-748
108000372,156,0,156
108000373,83,220,-137
108000376,63,11,52
108000377,163,405,-242
108000378,8920,6295,2625
108000379,46,129,-83
108000381,35,11,24
108000382,20,3,17
108000383,0,64,-64
108900001,185,1410,-1225
108900002,273,40,233
108900003,398,1069,-671
108900004,134,199,-65
108900005,22,81,-59
108900006,283,186,97
108900007,69,162,-93
108900008,32,145,-113
108900009,17,116,-99
108900010,62,145,-83
108900011,142,304,-162
108900012,112,578,-466
108900013,27,244,-217
108900014,3,60,-57
108900015,0,21,-21
108900016,1,186,-185
108900017,119,169,-50
108900018,54,641,-587
108900019,52,1569,-1517
108900020,19,363,-344
108900021,69,366,-297
108900022,6,457,-451
108900023,51,28,23
108900024,7,173,-166
108900025,23,148,-125
108900026,9,84,-75
108900028,31,675,-644
108900029,27,428,-401
108900031,18,817,-799
108900032,3,346,-343
108900034,1,379,-378
108900035,150,2317,-2167
108900036,187,508,-321
108900037,23,609,-586
108900039,5,746,-741
108900040,1,180,-179
108900041,6719,1722,4997
108900042,4,299,-295
108900043,39,542,-503
108900045,12,871,-859
108900046,3,140,-137
108900047,0,50,-50
108900048,40,1239,-1199
108900049,6615,839,5776
108900050,2,391,-389
108900051,2,264,-262
108900052,11,350,-339
108900053,104,94,10
108900054,30,276,-246
108900055,47,706,-659
108900056,0,255,-255
108900057,3,210,-207
108900058,22,799,-777
108900059,147,8,139
108900060,37,88,-51
108900061,26,14,12
108900062,1,371,-370
108900063,5,579,-574
108900064,36,74,-38
108900065,7,371,-364
108900066,87,87,0
108900067,46,333,-287
108900068,1,162,-161
108900069,19,142,-123
108900070,43,226,-183
108900071,48,37,11
108900072,3019,199,2820
108900073,2,108,-106
108900074,35,612,-577
108900075,43,113,-70
108900076,87,64,23
108900077,86,162,-76
108900078,10,299,-289
108900079,812,294,518
108900080,37,301,-264
108900081,54,275,-221
108900082,16,124,-108
108900083,9,106,-97
108900084,334,118,216
108900085,2048,101,1947
108900086,28,448,-420
108900087,124,223,-99
108900088,419,193,226
108900089,11,54,-43
108900090,13,637,-624
108900091,170,92,78
108900092,141,242,-101
108900093,43,37,6
108900094,110,73,37
108900095,68,855,-787
108900096,559,47,512
108900097,130,253,-123
108900098,4274,259,4015
108900099,187,484,-297
108900100,48,146,-98
108900101,63,34,29
108900102,137,296,-159
108900103,11,37,-26
108900104,208,350,-142
108900105,0,334,-334
108900106,147,619,-472
108900108,111,30,81
108900109,38,17,21
108900110,70,616,-546
108900111,190,927,-737
108900112,58,11,47
108900113,38,7,31
108900114,0,1,-1
108900115,57,40,17
108900116,14,19,-5
108900117,20,9,11
108900119,52,42,10
108900120,28,141,-113
108900121,97,27,70
108900122,23,23,0
108900123,33,16,17
108900124,165,72,93
108900126,21,2,19
108900127,60,17,43
108900128,33,13,20
108900129,318,82,236
108900131,85,1,84
108900132,132,38,94
108900133,110,43,67
108900134,77,225,-148
108900135,29,3,26
108900137,37,1,36
108900138,157,9,148
108900139,261,59,202
108900140,41,320,-279
108900141,53,5,48
108900142,22,0,22
108900143,0,0,0
108900144,10,0,10
108900145,21,1,20
108900146,20,0,20
108900147,24,0,24
108900148,53,35,18
108900149,493,394,99
108900150,107,1,106
108900151,17,1,16
108900152,11,27,-16
108900153,52,616,-564
108900154,2307,228,2079
108900155,126,84,42
108900156,11,3,8
108900157,3,866,-863
108900158,92,45,47
108900159,7,498,-491
108900160,6,292,-286
108900161,3,672,-669
108900162,14,0,14
108900163,3,94,-91
108900164,12,80,-68
108900165,185,81,104
108900167,1783,1426,357
108900168,12689,1504,11185
108900169,15,72,-57
108900171,10729,1130,9599
108900172,110,20,90
108900173,209,368,-159
108900174,190,467,-277
108900176,81,733,-652
108900177,11601,2313,9288
108900178,6291,1000,5291
108900179,308,607,-299
108900180,45,99,-54
108900182,31,116,-85
108900183,153,219,-66
108900184,190,182,8
108900185,38,285,-247
108900186,40,411,-371
108900187,86,42,44
108900188,108,30,78
108900189,133,154,-21
108900190,23,3668,-3645
108900191,146,6,140
108900192,65,341,-276
108900193,127,40,87
108900194,20,406,-386
108900195,38,443,-405
108900196,5,719,-714
108900198,5,744,-739
108900199,68,313,-245
108900200,145,286,-141
108900201,161,1127,-966
108900203,196,3,193
108900204,123,0,123
108900205,87,3,84
108900206,116,8,108
108900207,96,7,89
108900208,23,419,-396
108900209,176,776,-600
108900210,145,220,-75
108900211,77,143,-66
108900212,681,587,94
108900215,84,772,-688
108900216,225,89,136
108900217,38,0,38
108900218,45,1,44
108900219,34,0,34
108900220,18,1,17
108900221,21,52,-31
108900222,68,9,59
108900223,8,36,-28
108900224,17,91,-74
108900225,1,231,-230
108900226,88,5,83
108900227,24,54,-30
108900230,315,340,-25
108900231,38,289,-251
108900232,3,1120,-1117
108900233,182,23,159
108900234,139,32,107
108900235,164,762,-598
108900236,26,435,-409
108900237,27,334,-307
108900240,46,68,-22
108900241,15,13,2
108900245,2,454,-452
108900249,54,4,50
108900250,79,104,-25
108900257,43,897,-854
108900258,8,371,-363
108900259,15,84,-69
108900260,2,145,-143
108900261,182,155,27
108900262,364,93,271
108900263,56,493,-437
108900264,304,242,62
108900265,1913,192,1721
108900266,1340,154,1186
108900267,2,38,-36
108900268,6,4,2
108900269,14,6,8
108900270,21,3,18
108900271,5,0,5
108900272,60,7,53
108900273,1093,269,824
108900274,2,66,-64
108900275,16,1,15
108900276,5,53,-48
109000001,2752,832,1920
109000002,3937,1557,2380
109000003,1413,480,933
109000004,406,3506,-3100
109000005,1090,668,422
109000006,617,2502,-1885
109000007,681,530,151
109000008,310,2373,-2063
109000009,2650,825,1825
109000010,1362,4270,-2908
109000011,1494,1259,235
109000012,1521,4578,-3057
109000013,2155,1408,747
109000014,1504,4559,-3055
109000015,2408,3056,-648
109000016,11535,4820,6715
109000017,1295,928,367
109000018,738,3909,-3171
109000019,1382,805,577
109000020,1011,2769,-1758
109000023,222,5,217
109000024,5,145,-140
109000025,283,239,44
109000026,701,379,322
109000027,49,184,-135
109000028,90,128,-38
109000029,210,86,124
109000030,82,634,-552
109000031,52,132,-80
109000032,47,562,-515
109000033,134,87,47
109000034,34,13,21
109000035,8,29,-21
109000036,135,400,-265
109000037,147,541,-394
109000038,646,369,277
109000039,447,242,205
109000040,6219,2555,3664
109000041,6884,1008,5876
109000042,1057,1093,-36
109000044,125,63,62
109000045,54,543,-489
109000046,131,58,73
109000047,28,579,-551
109000048,473,115,358
109000049,196,684,-488
109000050,281,154,127
109000051,323,476,-153
109000052,300,2259,-1959
109000053,91,210,-119
109000054,152,1034,-882
109000055,46,181,-135
109000056,141,814,-673
109000057,170,187,-17
109000058,955,344,611
109000059,420,1201,-781
109000060,435,165,270
109000061,1933,460,1473
109000062,206,195,11
109000063,161,329,-168
109000064,76,192,-116
109000065,58,541,-483
109000066,130,190,-60
109000067,40,482,-442
109000068,156,5,151
109000069,839,8,831
109000070,11,765,-754
109000071,264,90,174
109000072,71,452,-381
109000073,18,61,-43
109000074,24,347,-323
109000075,70,489,-419
109000076,28,126,-98
109000077,303,345,-42
109000078,21,104,-83
109000079,54,321,-267
109000080,23,164,-141
109000081,31,665,-634
109000082,125,348,-223
109000083,108,1138,-1030
109000088,79,462,-383
109000089,94,16,78
109000090,147,607,-460
109000091,152,35,117
109000092,363,989,-626
109000093,125,55,70
109000094,133,4,129
109000095,57,1048,-991
109000096,248,126,122
109000097,85,138,-53
109000098,29,85,-56
109000099,339,355,-16
109000100,128,667,-539
109000101,544,900,-356
109000102,282,1197,-915
109000103,201,808,-607
109000104,666,638,28
109000105,345,2155,-1810
109000106,1105,663,442
109000107,313,2642,-2329
109000108,685,418,267
109000109,338,2440,-2102
109000110,895,460,435
109000111,1080,2977,-1897
109000112,266,221,45
109000113,108,254,-146
109000114,93,458,-365
109000115,834,33,801
109000116,0,214,-214
109000117,52,100,-48
109000118,4,326,-322
109000119,319,356,-37
109000120,53,1529,-1476
109000121,120,64,56
109000122,37,1501,-1464
109000123,17,125,-108
109000124,253,489,-236
109000125,515,406,109
109000126,250,1507,-1257
109000127,380,177,203
109000128,286,3309,-3023
109000129,1035,281,754
109000130,476,3621,-3145
109000131,471,214,257
109000132,565,2060,-1495
109000133,270,1059,-789
109000134,525,1642,-1117
109000135,1019,1309,-290
109000136,202,542,-340
109000137,88,352,-264
109000138,241,634,-393
109000139,208,452,-244
109000140,127,619,-492
109000141,185,570,-385
109000142,65,590,-525
109000143,48,43,5
109000145,67,98,-31
109000146,29,104,-75
109000148,5120,1178,3942
109000149,22,29,-7
109000150,50,157,-107
109000155,179,456,-277
109000156,1122,1148,-26
109000158,53,304,-251
109000159,34,862,-828
109000160,445,389,56
109000161,212,2036,-1824
109000162,1120,1188,-68
109000163,507,2239,-1732
109000164,636,2882,-2246
109000165,654,895,-241
109000166,269,155,114
109000167,78,1067,-989
109000170,17,62,-45
109000171,28,47,-19
109000172,19,59,-40
109000173,12,25,-13
109000174,30,65,-35
109000175,13,125,-112
109000176,89,377,-288
109000177,7,149,-142
109000178,115,60,55
109000179,9458,2328,7130
109000180,6247,3436,2811
109000181,2,35,-33
109000182,10,60,-50
109000183,12,95,-83
109000184,13,26,-13
109000185,12,99,-87
109000188,1196,3610,-2414
109000189,2720,1087,1633
109000190,523,592,-69
109000191,251,765,-514
109000192,87,349,-262
109000193,93,555,-462
109000194,64,202,-138
109000195,56,638,-582
109000196,172,103,69
109000197,78,649,-571
109000198,105,76,29
109000199,55,660,-605
109000206,129,52,77
109000207,29,45,-16
109000208,126,48,78
109000209,115,68,47
109000210,141,632,-491
109000211,67,407,-340
109000214,180,844,-664
109000215,68,80,-12
109000216,81,93,-12
109000217,123,107,16
109000218,223,113,110
109000221,152,1284,-1132
109000222,366,59,307
109000223,158,233,-75
109000224,44,403,-359
109000225,40,59,-19
109000226,29,345,-316
109000227,601,1975,-1374
109000228,3,335,-332
109000231,4,601,-597
109000232,75,630,-555
109000236,167,898,-731
109000241,867,1840,-973
109000242,633,1410,-777
109000293,11,45,-34
109000361,54,205,-151
109000364,246,771,-525
109000396,8,1248,-1240
109000397,132,4,128
109000399,125,584,-459
109000400,22,376,-354
109000403,59,212,-153
109000406,91,7,84
109000407,199,345,-146
109000408,2,797,-795
109000410,458,179,279
109000411,18,6,12
109900001,53,0,53
109900002,283,10,273
109900003,38,1,37
109900004,704,245,459
109900005,17,3,14
109900006,165,313,-148
109900007,199,1157,-958
109900008,1,23,-22
109900009,77,1645,-1568
109900010,197,16,181
109900011,22,17,5
109900012,168,128,40
109900013,187,86,101
109900014,65,33,32
109900015,171,55,116
109900016,67,57,10
109900017,32,48,-16
109900018,155,137,18
109900019,88,91,-3
109900020,2,3,-1
109900021,4,7,-3
109900022,32,352,-320
109900023,9,3,6
109900024,14,0,14
109900025,5,93,-88
109900026,3,214,-211
109900027,21,11,10
109900028,3242,386,2856
109900029,6,725,-719
109900030,5,0,5
109900031,0,108,-108
109900032,4,316,-312
109900033,3,549,-546
109900034,3,0,3
109900035,7,16,-9
109900036,18,85,-67
109900037,20,595,-575
109900038,18,300,-282
109900039,0,0,0
109900040,28,973,-945
109900041,39,600,-561
109900042,50,740,-690
109900044,93,345,-252
109900045,28,31,-3
109900046,12,57,-45
109900047,292,339,-47
109900048,15,77,-62
109900049,3,21,-18
109900050,0,387,-387
109900051,0,50,-50
109900052,32,332,-300
109900053,6,624,-618
109900054,245,78,167
109900055,28,372,-344
109900056,25,92,-67
109900057,6,287,-281
109900058,0,124,-124
109900059,165,56,109
109900060,180,178,2
109900061,95,336,-241
109900062,0,303,-303
109900063,0,291,-291
109900064,90,188,-98
109900065,84,157,-73
109900066,226,1157,-931
109900067,0,492,-492
109900068,14,5,9
109900069,3,39,-36
109900070,50,377,-327
109900071,1,39,-38
109900072,11,151,-140
109900073,67,789,-722
109900074,8,55,-47
109900075,7,22,-15
109900076,11,346,-335
109900077,13,75,-62
109900078,60,255,-195
109900080,153,380,-227
109900081,13,72,-59
109900082,54,552,-498
109900083,24,60,-36
109900084,21,155,-134
109900085,116,1394,-1278
109900086,66,176,-110
109900087,143,354,-211
109900089,185,74,111
109900090,361,1171,-810
109900091,77,83,-6
109900092,1079,16,1063
109900093,241,95,146
109900094,28,75,-47
109900095,140,223,-83
109900096,7,0,7
109900097,23,1,22
109900098,136,22,114
109900099,25,0,25
109900100,12,0,12
109900101,95,8,87
109900102,205,10,195
109900103,7,35,-28
109900104,112,1429,-1317
109900105,166,9,157
109900106,237,53,184
109900107,275,86,189
109900108,55,1606,-1551
109900109,16,350,-334
109900110,18,599,-581
109900111,160,1369,-1209
109900112,237,1176,-939
109900113,311,198,113
109900114,872,162,710
109900115,51,76,-25
109900117,313,104,209
109900118,189,511,-322
109900119,514,383,131
109900120,17,2,15
109900121,179,98,81
109900122,154,1,153
109900123,5,225,-220
109900124,22,1034,-1012
109900125,0,280,-280
109900126,49,188,-139
109900128,53,45,8
109900130,13987,980,13007
109900131,42,188,-146
109900132,17,225,-208
109900133,25,489,-464
109900134,25,41,-16
109900135,378,60,318
109900136,54,177,-123
109900137,20,458,-438
109900138,113,400,-287
109900140,93,523,-430
109900141,60,174,-114
109900142,321,254,67
109900145,2,69,-67
109900146,281,12,269
109900148,26,75,-49
109900149,24,42,-18
109900150,3,66,-63
109900151,6,58,-52
109900152,0,31,-31
109900153,0,21,-21
109900154,11,0,11
109900155,13,12,1
109900157,28,212,-184
109900158,37,112,-75
109900159,65,10,55
109900160,24,32,-8
109900161,99,48,51
109900162,48,73,-25
109900163,710,285,425
109900164,26,236,-210
109900165,325,4,321
109900166,14,207,-193
109900167,81,846,-765
109900168,90,825,-735
109900169,60,139,-79
109900170,289,351,-62
109900171,49,87,-38
109900172,112,184,-72
109900173,5837,843,4994
109900174,36,192,-156
109900175,42,100,-58
109900176,50,281,-231
109900177,20,388,-368
109900178,4,145,-141
109900179,14,28,-14
109900180,5,4,1
110000001,579,556,23
110000002,354,590,-236
110000003,1236,682,554
110000004,492,626,-134
110000005,881,1334,-453
110000006,830,354,476
110000007,120,188,-68
110000008,15,75,-60
110000009,7,59,-52
110000010,10,73,-63
110000011,15,106,-91
110000012,705,515,190
110000013,18,354,-336
110000014,762,448,314
110000015,472,668,-196
110000016,317,1051,-734
110000017,6552,290,6262
110000018,4735,710,4025
110000019,3,323,-320
110000020,609,330,279
110000021,974,511,463
110000022,941,135,806
110000023,7,273,-266
110000024,651,442,209
110000025,82,2,80
110000026,5,895,-890
110000027,446,333,113
110000028,647,943,-296
110000029,370,1105,-735
110000030,153,449,-296
110000031,146,722,-576
110000032,535,561,-26
110000033,101,122,-21
110000034,210,1587,-1377
110000035,322,1470,-1148
110000036,486,1671,-1185
110000037,79,1376,-1297
110000038,141,1127,-986
110000039,424,1649,-1225
110000040,368,748,-380
110000041,121,635,-514
110000042,56,550,-494
110000043,282,102,180
110000044,96,129,-33
110000045,574,59,515
110000046,8,12,-4
110000047,4,6,-2
110000048,3,10,-7
110000049,0,7,-7
110000050,6,27,-21
110000051,7,2,5
110000052,17,53,-36
110000053,17,2,15
110000054,267,588,-321
110000055,478,41,437
110000056,158,52,106
110000057,260,869,-609
110000058,565,926,-361
110000059,616,693,-77
110000060,403,1135,-732
110000061,1068,1058,10
110000062,744,930,-186
110000063,18,91,-73
110000064,47,154,-107
110000065,37,126,-89
110000066,41,56,-15
110000067,67,382,-315
110000068,58,658,-600
110000069,65,197,-132
110000071,26,277,-251
110000073,0,57,-57
110000075,10,149,-139
110000076,293,246,47
110000077,516,847,-331
110000078,7,104,-97
110000080,204,914,-710
110000081,9,293,-284
110000082,22,250,-228
110000083,204,834,-630
110000084,492,436,56
110000085,4515,1757,2758
110000086,2209,718,1491
110000087,6,65,-59
110000088,17,236,-219
110000089,151,173,-22
110000090,86,386,-300
110000091,2134,460,1674
110000092,11,130,-119
110000093,29,8,21
110000094,424,367,57
110000095,88,418,-330
110000096,4775,2102,2673
110000097,917,789,128
110000098,1355,459,896
110000099,1035,1883,-848
110000100,191,1174,-983
110000101,10,891,-881
110000102,21,43,-22
110000104,118,58,60
110000105,43,380,-337
110000106,165,160,5
110000107,377,641,-264
110000108,178,27,151
110000109,298,362,-64
110000110,6577,3201,3376
110000111,11186,1774,9412
110000112,1416,255,1161
110000113,1060,622,438
110000114,386,372,14
110000115,179,316,-137
110000116,23,35,-12
110000117,118,761,-643
110000118,257,326,-69
110000119,116,558,-442
110000120,231,220,11
110000121,73,270,-197
110000122,245,633,-388
110000123,194,516,-322
110000124,3,1209,-1206
110000125,567,3,564
110000126,159,12,147
110000127,323,43,280
110000128,38,2516,-2478
110000129,4,741,-737
110000130,87,64,23
110000131,92,451,-359
110000132,5,989,-984
110000133,43,357,-314
110000134,20,353,-333
110000135,138,39,99
110000136,33,443,-410
110000137,256,883,-627
110000138,376,1299,-923
110000139,599,2118,-1519
110000140,524,233,291
110000143,874,308,566
110000144,5187,952,4235
110000145,1303,942,361
110000146,3784,1215,2569
110000147,187,755,-568
110000148,321,436,-115
110000151,1127,691,436
110000152,1068,270,798
110000153,40,79,-39
110000154,72,11,61
110000155,2579,1739,840
110000156,1009,1145,-136
110000157,2497,1719,778
110000160,253,459,-206
110000161,161,622,-461
110000166,190,124,66
110000167,513,440,73
110000168,617,193,424
110000169,199,302,-103
110000170,77,105,-28
110000171,479,175,304
110000172,97,1173,-1076
110000173,1253,1684,-431
110000174,83,1816,-1733
110000175,337,156,181
110000176,141,361,-220
110000177,111,857,-746
110000178,771,751,20
110000179,1630,337,1293
110000180,78,335,-257
110000181,341,539,-198
110000182,424,297,127
110000183,16075,5116,10959
110000184,698,1955,-1257
110000185,2055,781,1274
110000186,836,609,227
110000191,284,504,-220
110000192,209,7,202
110000193,184,10,174
110000194,16,1628,-1612
110000195,107,582,-475
110000196,152,718,-566
110000197,13,366,-353
110000198,85,136,-51
110000199,60,110,-50
110000200,2105,885,1220
110000201,1044,473,571
110000202,711,321,390
110000203,651,972,-321
110000204,4,417,-413
110000205,37,89,-52
110000206,604,2328,-1724
110000207,281,255,26
110000208,198,78,120
110000209,83,883,-800
110000210,385,841,-456
110000211,1001,796,205
110000212,215,950,-735
110000213,33,84,-51
110000214,53,152,-99
110000215,31,900,-869
110000216,36,905,-869
110000217,105,295,-190
110000218,64,691,-627
110000219,105,81,24
110000220,16,592,-576
110000221,160,144,16
110000222,24,460,-436
110000223,4,84,-80
110000224,97,11,86
110000225,141,571,-430
110000226,93,44,49
110000227,484,392,92
110000228,223,377,-154
110000229,2,271,-269
110000230,646,587,59
110000231,117,226,-109
110000232,133,227,-94
110000233,86,308,-222
110000234,1022,540,482
110000235,952,1211,-259
110000236,241,1071,-830
110000237,2001,1182,819
110000238,803,1503,-700
110000239,908,1536,-628
110000240,0,170,-170
110000242,1,12,-11
110000243,31,246,-215
110000244,106,355,-249
110000245,30,492,-462
110000246,581,943,-362
110000247,3740,4601,-861
110000248,4685,1564,3121
110000249,53,8,45
110000250,17,347,-330
110000251,81,564,-483
110000252,243,389,-146
110000253,915,452,463
110000254,1498,1791,-293
110000255,272,1441,-1169
110000256,313,253,60
110000257,1076,473,603
110000258,3,667,-664
110000259,46,25,21
110000260,9,667,-658
110000263,1150,130,1020
110000264,205,860,-655
110000265,1139,1859,-720
110000266,2303,2685,-382
110000267,13,266,-253
110000268,264,675,-411
110000269,1,105,-104
110000270,45,0,45
110000271,2765,315,2450
110000272,679,1115,-436
110000273,2918,1400,1518
110000274,297,1323,-1026
110000275,3856,548,3308
110000276,153,389,-236
110000277,176,465,-289
110000278,364,1074,-710
110000279,594,728,-134
110000280,166,553,-387
110000281,24,198,-174
110000282,216,57,159
110000283,28,107,-79
110000284,27,23,4
110000285,2,213,-211
110000286,8,0,8
110000287,77,0,77
110000288,27,120,-93
110000289,339,1482,-1143
110000290,1629,688,941
110000291,7391,1311,6080
110000292,1169,6222,-5053
110000293,383,1178,-795
110000294,472,1417,-945
110000295,115,1119,-1004
110000296,172,485,-313
110000297,4483,308,4175
110000298,467,433,34
110000299,1603,27,1576
110000301,432,12,420
110000302,178,1659,-1481
110000303,283,8,275
110000304,80,291,-211
110000305,480,11,469
110000306,72,2949,-2877
110000307,526,1,525
110000308,366,42,324
110000309,12,2194,-2182
110000310,406,80,326
110000311,13,1273,-1260
110000312,901,36,865
110000313,6974,1706,5268
110000314,2,272,-270
110000315,3961,1986,1975
110000316,510,1357,-847
110000317,779,390,389
110000318,3,105,-102
110000319,10,20,-10
110000320,37,69,-32
110000321,5,84,-79
110000322,135,710,-575
110000323,392,398,-6
110000324,5584,1421,4163
110000325,2547,2850,-303
110000327,674,307,367
110000328,164,656,-492
110000333,890,697,193
110000334,683,1674,-991
110000335,1140,822,318
110000336,443,1690,-1247
110000337,817,596,221
110000338,110,312,-202
110000339,91,301,-210
110000340,82,213,-131
110000341,253,809,-556
110000342,429,2,427
110000343,0,17,-17
110000344,65,242,-177
110000345,112,125,-13
110000346,2734,1756,978
110000347,1135,1001,134
110000348,4,25,-21
110000349,4,46,-42
110000350,43,8,35
110000351,458,1217,-759
110000352,296,1966,-1670
110000353,3826,1202,2624
110000354,849,2725,-1876
110000355,55,159,-104
110000356,307,3,304
110000357,261,18,243
110000361,23,95,-72
110000362,44,216,-172
110000363,108,183,-75
110000364,104,381,-277
110000365,180,1,179
110000366,0,98,-98
110000367,267,383,-116
110000368,2,93,-91
110000369,42,1,41
110000373,3,377,-374
110000374,100,2,98
110000375,132,1006,-874
110000376,26,132,-106
110000377,33,243,-210
110000378,32,304,-272
110000379,4843,1394,3449
110000380,33,13,20
110000383,1,573,-572
110000384,2363,340,2023
110000385,3,279,-276
110000387,25,12,13
110000388,42,328,-286
110000389,210,7,203
110000391,369,669,-300
110000396,28,185,-157
110000397,29,382,-353
110000398,4,44,-40
110000399,102,1,101
110000587,13,54,-41
110000589,147,278,-131
110000640,100,237,-137
110000652,6,268,-262
110000653,82,536,-454
110000654,0,22,-22
110000656,0,891,-891
110000674,9,20,-11
110000675,51,13,38
110000676,11,43,-32
110000679,829,319,510
110000682,84,91,-7
110000683,588,714,-126
110000684,3,76,-73
110000685,15,15,0
110000686,0,28,-28
110000687,5,1,4
110000688,50,367,-317
110000689,37,207,-170
110000692,92,364,-272
110000693,165,402,-237
110000694,0,143,-143
110000695,177,857,-680
110000696,130,220,-90
110900001,83,34,49
110900002,82,271,-189
110900003,159,1468,-1309
110900004,102,384,-282
110900005,5619,1095,4524
110900006,14,7,7
110900007,28,5,23
110900008,8,24,-16
110900009,167,22,145
110900010,5,93,-88
110900011,2,77,-75
110900012,3,136,-133
110900013,414,182,232
110900014,111,8,103
110900015,925,212,713
110900016,1,220,-219
110900017,115,54,61
110900018,363,45,318
110900019,21,15,6
110900020,19,720,-701
110900021,43,868,-825
110900022,65,535,-470
110900023,74,535,-461
110900024,17,696,-679
110900025,6,76,-70
110900027,13,320,-307
110900028,25,226,-201
110900029,46,628,-582
110900030,27,438,-411
110900031,2,222,-220
110900032,0,121,-121
110900033,63,328,-265
110900035,37,353,-316
110900036,59,18,41
110900037,20,25,-5
110900038,1587,148,1439
110900039,15,280,-265
110900040,120,30,90
110900041,1,194,-193
110900042,41,36,5
110900043,1,195,-194
110900044,176,25,151
110900045,18,968,-950
110900046,134,333,-199
110900047,824,89,735
110900049,37,19,18
110900050,11,1,10
110900051,33,164,-131
110900052,1,256,-255
110900053,29,86,-57
110900054,25,482,-457
110900055,3,0,3
110900056,80,140,-60
110900057,2,283,-281
110900058,88,458,-370
110900059,515,1056,-541
110900060,235,72,163
110900061,28,36,-8
110900062,29,473,-444
110900063,14,107,-93
110900064,3,0,3
110900065,278,74,204
110900066,4,73,-69
110900067,769,544,225
110900068,200,286,-86
110900069,0,33,-33
110900070,82,54,28
110900071,329,381,-52
110900073,1,22,-21
110900074,182,41,141
110900075,163,80,83
110900077,194,429,-235
110900078,3,138,-135
110900079,2349,407,1942
110900080,32,70,-38
110900081,4,180,-176
110900082,47,267,-220
110900083,46,44,2
110900084,15,234,-219
110900085,32,371,-339
110900086,44,116,-72
110900087,120,79,41
110900088,4,1,3
110900090,11,15,-4
110900091,1,77,-76
110900093,259,51,208
110900095,18,56,-38
110900097,2,35,-33
110900098,5,112,-107
110900099,46,671,-625
110900100,0,27,-27
110900102,5,25,-20
110900105,844,463,381
110900108,1,141,-140
110900111,184,76,108
110900112,332,5,327
110900113,587,11,576
110900115,6,114,-108
110900116,214,3242,-3028
110900118,236,813,-577
110900119,7487,248,7239
110900120,2,134,-132
110900121,71,1,70
110900122,130,158,-28
110900125,108,183,-75
110900127,591,516,75
110900128,131,117,14
110900129,222,120,102
110900130,970,147,823
110900131,73,62,11
110900132,165,33,132
110900133,76,441,-365
110900135,140,602,-462
110900136,102,5,97
110900137,529,4,525
110900138,543,505,38
110900139,1,28,-27
110900140,102,3,99
110900141,1,62,-61
110900142,23,235,-212
110900143,64,59,5
110900144,5,789,-784
110900145,64,3,61
110900146,641,19,622
110900147,228,193,35
110900148,0,331,-331
110900149,2,91,-89
110900150,32,16,16
110900151,2,99,-97
110900152,12,453,-441
110900153,36,37,-1
111000001,172,158,14
111000002,351,597,-246
111000003,300,362,-62
111000004,349,1345,-996
111000005,723,509,214
111000006,751,1531,-780
111000007,4109,1166,2943
111000008,3898,3573,325
111000009,301,945,-644
111000010,405,239,166
111000011,494,676,-182
111000012,542,272,270
111000013,385,1193,-808
111000014,724,531,193
111000017,148,515,-367
111000018,156,541,-385
111000020,3109,2501,608
111000021,59,156,-97
111000023,104,177,-73
111000025,8365,1985,6380
111000029,52,80,-28
111000030,48,75,-27
111000031,2451,647,1804
111000032,541,290,251
111000033,299,123,176
111000034,417,122,295
111000037,3555,1360,2195
111000038,2856,2837,19
111000039,1405,2662,-1257
111000040,1369,2799,-1430
111000041,1642,1652,-10
111000042,8260,3293,4967
111000043,1774,1398,376
111000044,791,387,404
111000045,1045,1414,-369
111000046,882,1095,-213
111000047,1118,1980,-862
111000049,220,571,-351
111000050,1730,1810,-80
111000051,354,1177,-823
111000052,668,1562,-894
111000053,383,1175,-792
111000054,314,1058,-744
111000055,1085,2522,-1437
111000056,73,949,-876
111000057,65,1105,-1040
111000058,77,141,-64
111000059,262,272,-10
111000060,2236,710,1526
111000061,759,368,391
111000062,454,222,232
111000063,2007,796,1211
111000064,307,582,-275
111000065,553,690,-137
111000066,184,227,-43
111000067,340,795,-455
111000068,236,865,-629
111000069,2144,2710,-566
111000070,2648,1354,1294
111000071,104,794,-690
111000072,286,176,110
111000073,72,304,-232
111000074,1216,1148,68
111000075,417,771,-354
111000076,211,932,-721
111000077,860,1368,-508
111000078,1542,1128,414
111000079,1284,903,381
111000080,354,791,-437
111000081,2715,6177,-3462
111000082,538,798,-260
111000084,567,646,-79
111000085,826,2119,-1293
111000086,3778,1799,1979
111000087,821,1185,-364
111000088,7733,1905,5828
111000089,421,1055,-634
111000090,1154,1533,-379
111000091,496,1071,-575
111000092,670,1668,-998
111000093,555,834,-279
111000094,1746,827,919
111000095,872,1615,-743
111000096,3400,5524,-2124
111000097,7243,1214,6029
111000098,306,1650,-1344
111000099,225,3198,-2973
111000100,245,3092,-2847
111000101,329,1141,-812
111000102,87,1255,-1168
111000104,154,227,-73
111000107,44,1150,-1106
111000109,171,203,-32
111000110,464,446,18
111000111,616,405,211
111000112,727,222,505
111000113,349,310,39
111000114,752,738,14
111000115,9368,777,8591
111000116,940,736,204
111000117,567,722,-155
111000118,2041,1111,930
111000119,697,2092,-1395
111000120,286,584,-298
111000121,147,561,-414
111000122,295,1251,-956
111000123,532,4408,-3876
111000124,361,5067,-4706
111000125,115,2860,-2745
111000126,45,1339,-1294
111000127,379,95,284
111000128,492,223,269
111000129,1111,312,799
111000130,661,828,-167
111000131,539,753,-214
111000132,425,375,50
111000133,56,208,-152
111000134,95,171,-76
111000135,19,139,-120
111000136,155,326,-171
111000138,9,6,3
111000140,0,6,-6
111000141,69,322,-253
111000142,3,137,-134
111000143,6,97,-91
111000144,9,153,-144
111000145,76,0,76
111000146,8,3,5
111000147,95,9,86
111000148,92,119,-27
111000149,2,53,-51
111000150,8,7,1
111000151,1,22,-21
111000153,556,544,12
111000154,782,240,542
111000155,62,241,-179
111000156,454,198,256
111000157,108,340,-232
111000158,784,406,378
111000159,3173,603,2570
111000160,166,531,-365
111000161,11,241,-230
111000162,21,241,-220
111000163,198,1022,-824
111000164,958,3024,-2066
111000165,1547,424,1123
111000166,1309,361,948
111000167,174,629,-455
111000168,234,521,-287
111000169,260,424,-164
111000170,456,365,91
111000171,460,1159,-699
111000172,60,736,-676
111000173,130,1332,-1202
111000174,55,777,-722
111000175,22,349,-327
111000176,237,217,20
111000177,93,339,-246
111000178,467,434,33
111000179,31,219,-188
111000180,116,341,-225
111000181,344,288,56
111000182,86,208,-122
111000183,390,255,135
111000184,222,244,-22
111000185,318,639,-321
111000186,292,369,-77
111000187,34,348,-314
111000188,79,538,-459
111000189,1607,802,805
111000190,139,664,-525
111000191,88,576,-488
111000192,144,794,-650
111000193,377,486,-109
111000194,13,529,-516
111000195,52,640,-588
111000196,12,366,-354
111000197,90,246,-156
111000198,193,145,48
111000199,45,171,-126
111000200,105,367,-262
111000201,218,256,-38
111000202,79,244,-165
111000203,118,235,-117
111000204,142,224,-82
111000213,68,442,-374
111000214,1258,1801,-543
111000215,567,1448,-881
111000217,612,855,-243
111000218,816,1030,-214
111000219,271,218,53
111000220,3585,1494,2091
111000221,535,226,309
111000224,0,240,-240
111000225,145,60,85
111000226,126,0,126
111000227,39,4,35
111000228,18,154,-136
111000229,29,274,-245
111000230,170,676,-506
111000231,234,1835,-1601
111000232,203,1170,-967
111000233,193,938,-745
111000234,52,234,-182
111000239,201,272,-71
111000240,14,71,-57
111000241,29,598,-569
111000242,43,44,-1
111000243,55,1174,-1119
111000244,69,93,-24
111000245,256,777,-521
111000246,86,792,-706
111000247,62,1608,-1546
111000248,264,416,-152
111000249,371,1168,-797
111000250,25,274,-249
111000251,40,178,-138
111000253,0,0,0
111000255,0,0,0
111000257,0,0,0
111000260,57,1659,-1602
111000261,389,92,297
111000271,32,364,-332
111000273,7715,1638,6077
111000274,1157,2448,-1291
111000275,72,68,4
111000276,209,3412,-3203
111000277,156,652,-496
111000278,459,304,155
111000291,322,2516,-2194
111000298,249,300,-51
111000299,462,70,392
111000300,56,654,-598
111000302,117,98,19
111000303,69,363,-294
111000312,75,53,22
111000315,1,96,-95
111000320,309,769,-460
111000321,183,38,145
111000322,114,756,-642
111000323,63,9,54
111000324,296,320,-24
111000325,29,81,-52
111000326,68,511,-443
111000327,441,684,-243
111000328,163,433,-270
111000329,1,14,-13
111000330,18,1,17
111000331,6,2,4
111000332,320,1312,-992
111000334,352,2102,-1750
111000335,200,123,77
111000337,197,543,-346
111000338,2,161,-159
111000339,101,979,-878
111000340,51,1256,-1205
111000341,382,141,241
111000342,28,246,-218
111000344,502,691,-189
111000345,82,22,60
111000346,5,93,-88
111000347,17,5,12
111000350,141,202,-61
111000351,60,259,-199
111000352,100,158,-58
111000353,112,271,-159
111000354,293,205,88
111000355,127,939,-812
111000358,70,2290,-2220
111000360,91,1383,-1292
111000361,60,605,-545
111000546,126,973,-847
111000547,148,827,-679
111000548,65,197,-132
111000549,144,520,-376
111000550,36,251,-215
111000551,563,98,465
111000552,210,48,162
111000907,97,11,86
111000908,8,0,8
111000916,356,306,50
111000917,66,490,-424
111000918,62,1499,-1437
111000920,132,2,130
111000921,5,385,-380
111000922,113,414,-301
111000924,20,1516,-1496
111000925,1003,1463,-460
111000926,865,3067,-2202
111000927,3111,2839,272
111000928,7940,4167,3773
111000929,920,818,102
111000930,813,2878,-2065
111000931,1193,1404,-211
111000932,3892,2721,1171
111000933,2688,1561,1127
111000934,2474,3177,-703
111000935,534,989,-455
111000936,519,2627,-2108
111000937,477,1159,-682
111000938,1596,2981,-1385
111000939,150,25,125
111000940,170,251,-81
111000941,135,669,-534
111000943,130,347,-217
111000944,41,750,-709
111000945,16,3020,-3004
111001109,146,107,39
111001110,86,907,-821
111001111,17,3,14
111001112,56,1,55
111001113,53,78,-25
111001114,775,24,751
111001115,18,371,-353
111001116,5981,937,5044
111001117,753,429,324
111001120,69,485,-416
111001121,76,353,-277
111001122,143,748,-605
111001123,28,100,-72
111900001,3,194,-191
111900002,8,1020,-1012
111900003,3,554,-551
111900004,18,271,-253
111900006,5,2,3
111900007,30,1,29
111900008,27,1,26
111900009,18,157,-139
111900010,129,627,-498
111900012,85,119,-34
111900013,0,116,-116
111900014,10092,1400,8692
111900015,0,81,-81
111900016,3,204,-201
111900017,1,194,-193
111900018,57,1,56
111900019,1,68,-67
111900020,2,40,-38
111900021,13,91,-78
111900022,4,94,-90
111900023,134,66,68
111900024,1,131,-130
111900025,0,65,-65
111900026,1,120,-119
111900027,5,200,-195
111900028,11,614,-603
111900029,1,117,-116
111900030,100,475,-375
111900031,11,99,-88
111900032,2,554,-552
111900033,2,134,-132
111900034,124,582,-458
111900035,82,328,-246
111900036,5,520,-515
111900038,260,599,-339
111900039,60,490,-430
111900040,4,935,-931
111900042,47,81,-34
111900043,2,605,-603
111900044,239,309,-70
111900046,54,315,-261
111900048,67,1089,-1022
111900049,30,432,-402
111900050,35,11,24
111900051,2,318,-316
111900052,457,765,-308
111900053,1648,308,1340
111900054,81,2,79
111900055,21,961,-940
111900056,186,68,118
111900057,21,49,-28
111900058,109,1105,-996
111900059,2548,174,2374
111900060,130,0,130
111900061,16,468,-452
111900062,3,26,-23
111900063,79,258,-179
111900064,117,364,-247
111900065,22,23,-1
111900066,36,69,-33
111900067,2,533,-531
111900068,30,22,8
111900069,53,10,43
111900070,34,134,-100
111900071,2,390,-388
111900072,14,9,5
111900073,213,41,172
111900074,3,285,-282
111900075,14,11,3
111900076,27,16,11
111900077,6,1,5
111900078,58,3,55
111900079,6,3,3
111900080,165,65,100
111900081,826,129,697
111900082,24,11,13
111900083,20,3,17
111900084,13,0,13
111900085,13,32,-19
111900086,28,4,24
111900087,26,1,25
111900088,90,2,88
111900089,14,0,14
111900090,59,16,43
111900091,27,1,26
111900092,15,0,15
111900093,150,1,149
111900094,35,0,35
111900095,110,11,99
111900096,27,0,27
111900097,23,0,23
111900098,53,0,53
111900099,6,0,6
111900100,52,1,51
111900101,38,3,35
111900102,392,1126,-734
111900103,46,22,24
111900104,41,62,-21
111900105,176,106,70
111900106,2407,63,2344
111900107,36,136,-100
111900108,87,32,55
111900109,342,76,266
111900110,4467,222,4245
111900111,27,275,-248
111900112,1034,998,36
111900113,277,30,247
111900114,254,125,129
111900115,13,48,-35
111900118,105,13,92
111900119,118,47,71
111900122,47,14,33
111900123,19,15,4
111900124,36,114,-78
111900125,104,9,95
111900126,73,3,70
111900127,2,968,-966
111900128,1,709,-708
111900129,87,7,80
111900130,89,5,84
111900131,85,0,85
111900132,28,1720,-1692
111900133,0,448,-448
111900134,31,377,-346
111900135,4,7,-3
111900136,26,46,-20
111900137,41,35,6
111900138,4,87,-83
111900139,19,203,-184
111900140,17,28,-11
111900141,6,7,-1
111900142,33,6,27
111900143,16,336,-320
111900144,3,242,-239
111900145,3,951,-948
111900146,1,435,-434
111900147,243,682,-439
111900148,58,1233,-1175
111900149,16,590,-574
111900150,9,271,-262
111900151,3,29,-26
111900152,90,32,58
111900153,1914,115,1799
111900154,4,83,-79
111900155,62,23,39
111900156,21,16,5
111900157,18,8,10
111900158,101,9,92
111900159,56,1,55
111900160,79,0,79
111900161,26,14,12
111900162,110,65,45
111900163,21,231,-210
111900164,28,19,9
111901113,65,341,-276
111901114,70,560,-490
111901115,14,0,14
111901116,21,4,17
111901117,4,2,2
111901118,85,61,24
111901119,1990,108,1882
111901120,115,250,-135
111901121,141,450,-309
111901122,10,735,-725
111901123,32,654,-622
111901124,35,0,35
111901125,77,166,-89
111901126,49,15,34
111901127,1273,176,1097
111901128,14,174,-160
111901129,2,177,-175
111901130,5,360,-355
111901131,0,234,-234
111901132,27,5,22
111901133,14,1,13
111901134,16,0,16
111901135,9,2,7
111901136,8,3,5
111901137,0,4,-4
111901138,32,28,4
111901139,8,73,-65
111901140,7,171,-164
111901141,2,279,-277
111901142,7,153,-146
111901143,1,139,-138
111901144,20,12,8
111901145,106,110,-4
112000001,1125,731,394
112000002,640,2900,-2260
112000003,491,793,-302
112000004,576,2363,-1787
112000005,1271,1534,-263
112000006,1334,2548,-1214
112000007,1090,1154,-64
112000008,1740,2918,-1178
112000009,4489,4357,132
112000010,1941,2545,-604
112000011,2346,3154,-808
112000012,10584,1728,8856
112000013,10416,4510,5906
112000014,3442,542,2900
112000015,4255,2716,1539
112000016,5582,1106,4476
112000017,2369,1466,903
112000024,1910,793,1117
112000026,5772,7043,-1271
112000027,484,497,-13
112000028,1697,2244,-547
112000029,206,449,-243
112000030,254,240,14
112000031,2011,2053,-42
112000032,996,109,887
112000033,3360,741,2619
112000034,423,64,359
112000035,135,422,-287
112000036,880,814,66
112000037,1663,1503,160
112000038,1048,1161,-113
112000039,14,111,-97
112000040,146,477,-331
112000041,424,822,-398
112000042,969,405,564
112000050,426,1806,-1380
112000051,495,726,-231
112000054,1812,2950,-1138
112000057,874,401,473
112000058,374,547,-173
112000059,1239,574,665
112000061,9058,1827,7231
112000062,4575,657,3918
112000063,3015,681,2334
112000064,6524,7135,-611
112000065,3126,3512,-386
112000066,2428,853,1575
112000067,655,865,-210
112000068,1456,1057,399
112000069,631,3853,-3222
112000070,1315,504,811
112000071,759,4565,-3806
112000072,761,1018,-257
112000073,971,2237,-1266
112000074,522,808,-286
112000075,773,985,-212
112000076,3724,3506,218
112000077,324,1093,-769
112000078,984,988,-4
112000079,1440,1898,-458
112000080,544,1420,-876
112000081,899,2395,-1496
112000082,903,806,97
112000083,478,2371,-1893
112000084,697,832,-135
112000085,798,1807,-1009
112000086,1148,1996,-848
112000087,164,722,-558
112000088,226,991,-765
112000089,275,552,-277
112000090,314,535,-221
112000091,510,1705,-1195
112000092,863,772,91
112000093,1276,1406,-130
112000094,224,842,-618
112000095,366,826,-460
112000096,195,797,-602
112000097,390,535,-145
112000098,676,2311,-1635
112000099,525,500,25
112000100,682,1022,-340
112000101,349,1360,-1011
112000102,591,568,23
112000103,188,2071,-1883
112000105,312,2747,-2435
112000106,438,433,5
112000107,10,233,-223
112000108,150,2276,-2126
112000109,37,57,-20
112000110,870,416,454
112000111,1991,7210,-5219
112000112,6531,555,5976
112000113,1211,3023,-1812
112000114,3647,977,2670
112000115,147,745,-598
112000116,430,1166,-736
112000117,419,636,-217
112000118,581,1221,-640
112000119,337,1365,-1028
112000120,51,490,-439
112000121,26,969,-943
112000122,122,168,-46
112000123,186,132,54
112000124,71,101,-30
112000125,66,162,-96
112000126,79,1101,-1022
112000127,3787,1079,2708
112000128,1923,864,1059
112000129,63,114,-51
112000130,41,40,1
112000131,18,503,-485
112000132,45,361,-316
112000133,144,348,-204
112000134,441,452,-11
112000135,1545,621,924
112000136,1983,1587,396
112000137,2601,1345,1256
112000138,3876,1680,2196
112000139,619,202,417
112000140,874,1334,-460
112000141,265,213,52
112000142,129,1254,-1125
112000143,391,185,206
112000144,200,2307,-2107
112000145,1042,873,169
112000146,565,2903,-2338
112000147,1379,1517,-138
112000148,1329,2610,-1281
112000149,102,829,-727
112000150,33,916,-883
112000151,196,826,-630
112000152,152,462,-310
112000153,172,368,-196
112000154,75,210,-135
112000155,91,62,29
112000157,564,455,109
112000158,154,928,-774
112000159,133,362,-229
112000167,110,21,89
112000169,246,344,-98
112000173,248,311,-63
112000175,250,460,-210
112000176,7830,2035,5795
112000177,191,66,125
112000178,69,788,-719
112000179,73,277,-204
112000180,154,250,-96
112000181,727,2320,-1593
112000182,387,2859,-2472
112000183,60,84,-24
112000184,167,785,-618
112000185,167,830,-663
112000187,2255,2457,-202
112000195,127,18,109
112000196,75,0,75
112000197,61,121,-60
112000198,65,594,-529
112000199,840,1549,-709
112000202,89,1,88
112000216,48,151,-103
112000230,21,6,15
112000231,2,554,-552
112000256,18,143,-125
112000313,200,467,-267
112000314,14,18,-4
112000337,132,756,-624
112000352,165,119,46
112000392,3115,1331,1784
112000398,548,766,-218
112000399,1702,1242,460
112000400,1828,5513,-3685
112000401,2986,3620,-634
112000402,1187,1728,-541
112000403,1761,1674,87
112000404,195,510,-315
112000405,1171,2405,-1234
112000406,3668,3925,-257
112000407,2885,6123,-3238
112000408,9744,8182,1562
112000409,1597,6330,-4733
112000410,218,106,112
112000411,6046,911,5135
112000412,899,289,610
112000413,12330,1805,10525
112000414,29,109,-80
112000415,83,53,30
112000416,1021,1381,-360
112000417,176,83,93
112000421,23,171,-148
112000422,215,636,-421
112000424,2789,1480,1309
112000425,302,1278,-976
112000426,45,268,-223
112000427,1,11,-10
112000428,43,589,-546
112000429,1938,3437,-1499
112000430,1552,4064,-2512
112000431,45,98,-53
112000432,449,2794,-2345
112000433,1012,737,275
112000437,25,511,-486
112900001,23,0,23
112900002,91,1751,-1660
112900003,9,300,-291
112900004,21,462,-441
112900005,43,286,-243
112900006,7,663,-656
112900007,11,190,-179
112900008,0,14,-14
112900009,330,60,270
112900010,77,1042,-965
112900011,370,252,118
112900012,0,48,-48
112900013,4,205,-201
112900014,0,385,-385
112900015,348,1199,-851
112900016,6,271,-265
112900017,22,178,-156
112900018,2,545,-543
112900019,66,115,-49
112900020,632,2080,-1448
112900021,2,288,-286
112900022,7,88,-81
112900023,3,456,-453
112900024,17,259,-242
112900025,91,166,-75
112900026,6,386,-380
112900027,8,1826,-1818
112900028,9,104,-95
112900029,4,811,-807
112900030,411,179,232
112900031,4,707,-703
112900032,63,283,-220
112900034,2,74,-72
112900035,5,639,-634
112900036,29,199,-170
112900037,114,70,44
112900038,158,100,58
112900039,12,410,-398
112900040,4,414,-410
112900041,1975,739,1236
112900042,17,465,-448
112900043,12,46,-34
112900044,442,359,83
112900045,727,307,420
112900046,230,75,155
112900047,25,11,14
112900049,13,71,-58
112900050,69,783,-714
112900051,315,1087,-772
112900052,9,1477,-1468
112900053,407,126,281
112900054,308,14,294
112900055,235,7,228
112900056,214,91,123
112900057,21,1077,-1056
112900058,286,78,208
112900059,51,137,-86
112900060,0,362,-362
112900061,32,142,-110
112900062,54,251,-197
112900063,32,3,29
112900064,151,124,27
112900065,12,5,7
112900066,145,34,111
112900067,778,198,580
112900068,47,8,39
112900069,3554,442,3112
112900071,5,0,5
112900072,224,477,-253
112900073,220,32,188
112900074,35,47,-12
112900075,2960,322,2638
112900076,35,3,32
112900078,99,170,-71
112900079,136,4,132
112900080,9,0,9
112900081,18,67,-49
112900082,142,6,136
112900083,36,20,16
112900084,72,23,49
112900085,0,6,-6
112900086,8,0,8
112900087,186,56,130
112900088,13,2,11
112900089,305,10,295
112900090,3,4,-1
112900091,44,4,40
112900092,120,60,60
112900093,922,8,914
112900094,5,1,4
112900095,5,1,4
112900096,186,59,127
112900097,29,484,-455
112900098,32,0,32
112900099,174,9,165
112900100,20,0,20
112900101,61,1,60
112900102,145,6,139
112900103,76,1,75
112900104,1,0,1
112900105,4,0,4
112900106,238,79,159
112900107,0,1,-1
112900108,13,1,12
112900109,19,0,19
112900110,235,8,227
112900111,227,2,225
112900112,68,0,68
112900113,0,15,-15
112900114,23,32,-9
112900115,214,0,214
112900116,21,21,0
112900117,128,120,8
112900118,11,104,-93
112900119,24,0,24
112900120,634,180,454
112900121,225,219,6
112900122,14,231,-217
112900123,185,3,182
112900124,5,168,-163
112900125,78,333,-255
112900126,97,346,-249
112900127,209,34,175
112900128,613,735,-122
112900129,2,1562,-1560
112900130,88,39,49
112900131,31,257,-226
112900132,62,597,-535
112900133,14,1856,-1842
112900134,1,390,-389
112900135,56,17,39
112900136,0,53,-53
112900137,3,1218,-1215
112900138,4,740,-736
112900139,240,1497,-1257
112900140,2,150,-148
112900141,223,41,182
112900142,65,28,37
112900143,49,828,-779
112900144,1,324,-323
112900145,38,599,-561
112900146,7,1788,-1781
112900147,14,3251,-3237
112900148,14,0,14
112900149,192,781,-589
112900151,28,41,-13
112900152,6869,1365,5504
112900153,1391,700,691
112900154,0,85,-85
112900155,34,9,25
112900156,78,2673,-2595
112900157,44,14,30
112900158,5,8,-3
112900159,137,24,113
112900160,18,317,-299
112900161,21,27,-6
112900162,43,7,36
112900163,87,10,77
112900164,25,74,-49
112900165,237,44,193
112900166,3,40,-37
112900167,3,17,-14
112900168,0,0,0
112900169,3,2,1
112900170,17,105,-88
112900172,84,3,81
112900173,239,124,115
112900174,99,13,86
112900175,164,44,120
112900176,9,11,-2
112900177,134,12,122
112900178,413,873,-460
112900179,30,680,-650
112900180,760,4179,-3419
112900181,144,2,142
112900182,32,2025,-1993
112900183,115,195,-80
112900184,464,327,137
112900185,351,482,-131
112900186,2330,546,1784
112900187,50,229,-179
112900188,1083,380,703
112900189,26,38,-12
112900190,1,73,-72
112900192,303,141,162
112900193,862,200,662
112900194,8,140,-132
112900195,310,18,292
112900196,245,821,-576
112900197,124,572,-448
112900199,116,755,-639
112900200,239,316,-77
112900201,36,104,-68
112900202,104,1502,-1398
112900203,34,335,-301
112900204,571,293,278
112900205,0,13,-13
112900206,0,48,-48
112900207,1,0,1
112900208,52,59,-7
112900209,218,538,-320
112900210,0,24,-24
112900211,91,104,-13
112900212,1,78,-77
112900213,2,1,1
112900214,16,2,14
112900215,10,258,-248
112900216,19,56,-37
112900217,1,109,-108
112900218,6,5,1
112900219,9,13,-4
112900220,5,0,5
112900221,8,165,-157
112900222,0,15,-15
112900223,311,1,310
112900224,72,949,-877
112900225,136,703,-567
112900226,329,308,21
112900227,113,2053,-1940
112900228,15,34,-19
112900229,33,71,-38
112900230,11031,2537,8494
112900232,158,85,73
112900233,40,220,-180
112900234,4,158,-154
112900235,40,5,35
112900236,37,9,28
112900237,35,410,-375
112900238,2,59,-57
112900239,437,94,343
113000001,4979,5250,-271
113000002,3521,4144,-623
113000003,1976,1857,119
113000004,2415,2274,141
113000005,1102,1052,50
113000006,785,1419,-634
113000007,1104,1347,-243
113000008,1229,2097,-868
113000009,596,1032,-436
113000010,789,2037,-1248
113000011,629,2466,-1837
113000012,895,761,134
113000013,1413,438,975
113000014,2746,1904,842
113000015,1184,341,843
113000016,1098,395,703
113000017,192,336,-144
113000018,406,70,336
113000019,135,300,-165
113000020,233,23,210
113000021,502,692,-190
113000022,330,1495,-1165
113000025,150,400,-250
113000026,271,423,-152
113000027,587,377,210
113000028,1137,517,620
113000029,943,592,351
113000030,620,782,-162
113000031,363,290,73
113000032,310,167,143
113000033,511,316,195
113000034,628,364,264
113000035,29,40,-11
113000036,32,90,-58
113000037,79,31,48
113000038,18,74,-56
113000039,114,593,-479
113000040,32,121,-89
113000042,882,939,-57
113000051,532,1760,-1228
113000052,2596,1495,1101
113000053,230,937,-707
113000054,135,873,-738
113000055,603,1198,-595
113000056,473,2101,-1628
113000058,740,1239,-499
113000059,1222,1123,99
113000060,67,685,-618
113000061,1066,1307,-241
113000062,1542,120,1422
113000063,74,317,-243
113000064,22,530,-508
113000065,127,1697,-1570
113000066,320,84,236
113000067,1079,1260,-181
113000068,402,2957,-2555
113000069,371,2073,-1702
113000070,864,729,135
113000071,325,1157,-832
113000072,274,433,-159
113000073,622,1957,-1335
113000074,994,274,720
113000075,1967,443,1524
113000076,1396,1894,-498
113000077,2494,448,2046
113000078,1773,1856,-83
113000079,1397,633,764
113000080,1184,542,642
113000081,1453,913,540
113000082,1903,893,1010
113000083,688,838,-150
113000084,1918,1267,651
113000085,1274,714,560
113000086,1013,1211,-198
113000087,1265,965,300
113000088,2147,1346,801
113000089,893,1689,-796
113000090,335,295,40
113000091,1053,303,750
113000094,577,135,442
113000095,248,1559,-1311
113000096,135,1339,-1204
113000097,540,311,229
113000098,130,40,90
113000099,956,216,740
113000100,131,607,-476
113000101,400,654,-254
113000102,484,196,288
113000103,2809,847,1962
113000104,330,2196,-1866
113000105,432,491,-59
113000106,314,917,-603
113000107,437,814,-377
113000108,845,2022,-1177
113000109,518,2879,-2361
113000110,1860,448,1412
113000111,116,411,-295
113000112,382,409,-27
113000113,3453,353,3100
113000114,617,1223,-606
113000116,883,284,599
113000117,947,201,746
113000118,156,472,-316
113000119,140,545,-405
113000120,22,273,-251
113000121,630,1114,-484
113000124,110,209,-99
113000125,21,496,-475
113000127,4248,664,3584
113000128,543,608,-65
113000129,685,1247,-562
113000133,5324,1036,4288
113000134,9,577,-568
113000135,2540,2175,365
113000137,3899,1518,2381
113000139,515,172,343
113000140,286,305,-19
113000141,826,110,716
113000142,1268,1058,210
113000143,517,170,347
113000144,383,792,-409
113000145,64,182,-118
113000146,148,103,45
113000147,80,173,-93
113000148,42,210,-168
113000149,116,151,-35
113000150,505,358,147
113000151,120,76,44
113000152,36,193,-157
113000153,1992,526,1466
113000154,635,1062,-427
113000155,252,275,-23
113000156,157,527,-370
113000157,277,907,-630
113000158,466,182,284
113000159,720,440,280
113000160,532,1523,-991
113000161,198,983,-785
113000162,426,348,78
113000163,75,47,28
113000164,8,110,-102
113000166,52,50,2
113000167,30,275,-245
113000168,55,316,-261
113000169,77,36,41
113000170,56,84,-28
113000171,73,102,-29
113000172,148,63,85
113000173,34,13,21
113000174,121,718,-597
113000175,211,136,75
113000176,217,108,109
113000177,130,586,-456
113000178,188,566,-378
113000179,155,73,82
113000180,399,1603,-1204
113000181,614,1352,-738
113000182,423,238,185
113000183,301,658,-357
113000184,41,158,-117
113000189,998,703,295
113000190,2310,412,1898
113000192,2890,1551,1339
113000193,5066,715,4351
113000194,2010,1255,755
113000195,2184,528,1656
113000196,83,133,-50
113000197,1249,836,413
113000198,36,450,-414
113000199,1114,514,600
113000201,193,217,-24
113000202,4046,1520,2526
113000203,404,125,279
113000204,1451,1466,-15
113000205,9,29,-20
113000206,17,38,-21
113000207,40,25,15
113000208,47,55,-8
113000209,17,33,-16
113000210,10,26,-16
113000211,247,116,131
113000212,205,11,194
113000213,86,107,-21
113000214,78,169,-91
113000234,108,1896,-1788
113000410,346,102,244
113000411,3883,4811,-928
113000412,14403,1928,12475
113000413,6141,2042,4099
113000414,17603,11932,5671
113000415,3756,2587,1169
113000416,13398,3761,9637
113000417,5169,3124,2045
113000418,4606,3018,1588
113000419,2661,2027,634
113000420,5607,3447,2160
113000421,5256,4829,427
113000422,25328,6855,18473
113000423,3849,3292,557
113000424,5804,6201,-397
113000425,41,82,-41
113000428,1519,118,1401
113000430,327,108,219
113000432,643,63,580
113000433,171,1252,-1081
113000434,11,471,-460
113000435,19,1347,-1328
113000436,21,2039,-2018
113000437,228,22,206
113000438,89,6,83
113000439,4,190,-186
113000440,29,33,-4
113000441,36,196,-160
113000442,84,392,-308
113000443,35,389,-354
113000444,54,500,-446
113000445,55,140,-85
113000446,18,125,-107
113000448,180,209,-29
113000449,396,384,12
113000450,843,1431,-588
113000451,1278,148,1130
113000452,427,206,221
113000453,74,251,-177
113000454,507,10,497
113000455,7,158,-151
113000456,4284,2268,2016
113000468,3192,367,2825
113000469,302,136,166
113000470,533,115,418
113000471,11,315,-304
113000472,55,358,-303
113000474,162,854,-692
113000475,1376,2352,-976
113000476,1034,2572,-1538
113000477,1807,3005,-1198
113000478,3700,7453,-3753
113000479,35,426,-391
113000480,51,74,-23
113000482,0,0,0
113000485,0,0,0
113000486,0,0,0
113000487,0,0,0
113000488,0,0,0
113000489,0,0,0
113000490,0,0,0
113000491,0,0,0
113000492,0,0,0
113000493,0,0,0
113000495,123,210,-87
113000496,36,71,-35
113000497,0,0,0
113000499,0,1,-1
113000500,0,8,-8
113900001,1,75,-74
113900002,1,175,-174
113900003,1,111,-110
113900004,1,25,-24
113900005,0,38,-38
113900006,20,11,9
113900007,20,19,1
113900008,16,0,16
113900009,164,1,163
113900010,69,2,67
113900011,3,0,3
113900012,7,3,4
113900013,355,3,352
113900014,1063,1,1062
113900015,0,42,-42
113900016,25,0,25
113900017,1,78,-77
113900018,480,66,414
113900019,29,53,-24
113900020,42,0,42
113900022,3,0,3
113900023,5,0,5
113900024,48,98,-50
113900025,470,31,439
113900026,18,0,18
113900027,6,92,-86
113900028,11,471,-460
113900029,11,420,-409
113900030,66,3,63
113900031,0,0,0
113900032,2,0,2
113900033,64,96,-32
113900035,25,0,25
113900036,1,105,-104
113900037,51,685,-634
113900038,31,38,-7
113900039,71,10,61
113900040,0,1,-1
113900041,3,0,3
113900042,16,44,-28
113900043,229,127,102
113900044,209,89,120
113900045,52,4,48
113900046,313,817,-504
113900047,14,175,-161
113900048,326,22,304
113900049,1033,123,910
113900050,112,384,-272
113900051,145,583,-438
113900052,232,138,94
113900053,407,328,79
113900054,6,4,2
113900055,71,606,-535
113900056,30,164,-134
113900057,22,506,-484
113900058,21,240,-219
113900059,79,382,-303
113900060,122,383,-261
113900061,1376,100,1276
113900062,36,12,24
113900063,33,195,-162
113900064,27,201,-174
113900065,611,14,597
113900066,137,729,-592
113900067,32,623,-591
113900068,234,300,-66
113900069,80,12,68
113900070,215,509,-294
113900071,23,87,-64
113900072,29,200,-171
113900073,123,519,-396
113900074,20,568,-548
113900075,555,1166,-611
113900076,182,11,171
113900077,22,315,-293
113900078,30,55,-25
113900079,1,90,-89
113900080,309,183,126
113900081,21,361,-340
113900082,95,273,-178
113900083,86,943,-857
113900084,143,98,45
113900085,15,399,-384
113900086,6,12,-6
113900087,47,317,-270
113900088,10,50,-40
113900089,290,35,255
113900090,244,319,-75
113900091,26,28,-2
113900092,29,95,-66
113900093,43,439,-396
113900094,117,715,-598
113900095,70,84,-14
113900096,60,38,22
113900097,1,154,-153
113900098,355,41,314
113900099,0,70,-70
113900100,1,1,0
113900101,12,62,-50
113900102,44,91,-47
113900103,153,344,-191
113900104,91,106,-15
113900105,15,466,-451
113900106,1,99,-98
113900107,2,38,-36
113900108,134,137,-3
113900109,291,131,160
113900110,16,7,9
113900111,40,141,-101
113900112,35,117,-82
113900113,432,377,55
113900114,1,142,-141
113900115,0,118,-118
113900116,56,121,-65
113900117,32,8,24
113900118,130,188,-58
113900119,392,215,177
113900120,27,23,4
113900121,28,94,-66
113900122,198,1292,-1094
113900123,204,165,39
113900124,2,71,-69
113900125,1459,137,1322
113900126,120,24,96
113900127,263,335,-72
113900128,55,29,26
113900129,12,106,-94
113900130,7,13,-6
113900131,64,44,20
113900132,22,58,-36
113900133,52,26,26
113900135,155,512,-357
113900136,92,72,20
113900137,167,127,40
113900138,61,103,-42
113900139,705,82,623
113900140,608,147,461
113900141,132,556,-424
113900142,39,85,-46
113900143,17,8,9
113900144,578,107,471
113900145,133,169,-36
113900146,35,63,-28
113900148,129,209,-80
113900149,93,24,69
113900150,1559,458,1101
113900151,90,200,-110
113900152,19,59,-40
113900153,568,402,166
113900154,2,106,-104
113900155,253,59,194
113900156,191,934,-743
113900157,15,239,-224
113900158,717,159,558
113900159,24,279,-255
113900160,452,984,-532
113900161,13,134,-121
113900162,979,528,451
113900163,357,211,146
113900164,90,42,48
113900165,611,787,-176
113900166,405,111,294
113900167,254,19,235
113900168,106,152,-46
113900169,133,550,-417
113900171,42,35,7
113900172,7,309,-302
113900173,43,897,-854
113900174,349,931,-582
113900175,148,74,74
113900176,165,1042,-877
113900177,276,214,62
113900178,259,145,114
113900179,14,900,-886
113900180,104,154,-50
113900181,238,135,103
113900182,492,1224,-732
113900183,36,86,-50
113900184,18,690,-672
113900185,147,102,45
113900186,19,63,-44
113900187,27,233,-206
113900188,12,252,-240
113900189,191,81,110
113900190,331,108,223
113900191,90,344,-254
113900192,10,233,-223
113900193,26,312,-286
113900194,2246,1206,1040
113900195,292,633,-341
113900196,2,158,-156
113900197,2,416,-414
113900198,13,197,-184
113900199,174,842,-668
113900200,10,322,-312
113900201,3,351,-348
113900202,29,316,-287
113900203,4,318,-314
113900204,19,857,-838
113900205,13,88,-75
113900206,4,155,-151
113900207,2,103,-101
113900208,2,89,-87
113900209,0,129,-129
113900210,629,451,178
113900211,132,21,111
113900212,77,755,-678
113900214,533,328,205
113900215,24,233,-209
113900216,21,1742,-1721
113900217,18,392,-374
113900218,89,34,55
113900219,75,559,-484
113900220,90,75,15
113900221,279,153,126
113900222,179,310,-131
113900223,37,1393,-1356
113900224,169,74,95
113900225,974,207,767
113900226,315,127,188
113900227,248,117,131
113900228,554,300,254
113900229,21,754,-733
113900230,5829,1099,4730
113900231,107,242,-135
113900232,33,115,-82
113900233,25,55,-30
113900234,110,322,-212
113900235,24,44,-20
113900236,20,430,-410
113900237,71,11,60
113900238,149,281,-132
113900239,57,46,11
113900240,3,68,-65
113900241,126,80,46
113900242,40,135,-95
113900243,111,596,-485
113900244,641,166,475
113900245,1716,237,1479
113900246,17,18,-1
113900247,130,108,22
113900248,5411,843,4568
113900249,1270,204,1066
113900250,23,107,-84
113900251,282,220,62
113900252,271,17,254
113900253,352,23,329
113900254,217,57,160
113900255,238,9,229
113900256,162,15,147
113900257,19,1004,-985
113900258,12,740,-728
113900259,259,313,-54
113900260,58,24,34
113900261,11,182,-171
113900262,83,952,-869
113900263,29,615,-586
113900264,6,897,-891
113900265,108,351,-243
113900266,30,342,-312
113900267,112,519,-407
113900268,168,281,-113
113900269,68,190,-122
113900270,285,377,-92
113900271,623,1880,-1257
113900273,261,1,260
113900274,99,18,81
113900275,8,72,-64
113900276,5,345,-340
113900277,29,1,28
113900278,382,219,163
113900279,180,127,53
113900280,1274,478,796
113900281,222,1021,-799
113900282,1140,455,685
113900283,351,467,-116
113900284,776,120,656
113900285,80,24,56
113900286,83,172,-89
113900287,10,180,-170
113900288,0,67,-67
113900289,2082,71,2011
113900290,430,40,390
113900291,161,286,-125
113900292,2,7,-5
113900293,1,327,-326
113900294,191,14,177
113900295,749,234,515
113900296,3136,329,2807
113900297,463,11,452
113900298,9,2190,-2181
113900299,8,242,-234
113900300,7829,1971,5858
113900301,1002,181,821
113900302,2899,601,2298
113900303,761,119,642
113900304,1,243,-242
113900305,33,0,33
113900306,0,0,0
113900307,85,0,85
113900308,105,95,10
113900309,5,1079,-1074
113900310,0,20,-20
113900311,2,1,1
113900312,44,123,-79
113900313,51,9,42
114000001,1400,4387,-2987
114000002,119,514,-395
114000003,33,425,-392
114000004,343,697,-354
114000005,172,375,-203
114000006,6982,2816,4166
114000007,614,1970,-1356
114000008,2137,1141,996
114000009,233,167,66
114000011,2061,4040,-1979
114000012,1121,3680,-2559
114000013,921,2624,-1703
114000014,412,553,-141
114000015,747,810,-63
114000016,216,546,-330
114000017,77,253,-176
114000018,482,156,326
114000026,644,2518,-1874
114000027,1214,2525,-1311
114000028,1604,2141,-537
114000038,89,230,-141
114000039,61,132,-71
114000040,77,212,-135
114000042,55,376,-321
114000043,29,376,-347
114000044,66,115,-49
114000045,14,180,-166
114000046,4295,6630,-2335
114000047,11,91,-80
114000048,20,65,-45
114000049,1918,1224,694
114000050,2758,1207,1551
114000051,6284,1466,4818
114000052,3519,1165,2354
114000053,23,569,-546
114000054,44,2033,-1989
114000055,200,26,174
114000056,1316,686,630
114000057,11125,2772,8353
114000058,420,573,-153
114000059,223,153,70
114000060,382,1280,-898
114000061,3896,1456,2440
114000062,2054,750,1304
114000063,4803,2147,2656
114000064,9905,2583,7322
114000065,2191,2382,-191
114000066,279,748,-469
114000067,39,354,-315
114000068,623,415,208
114000069,896,520,376
114000070,2806,1508,1298
114000071,478,978,-500
114000072,110,473,-363
114000073,8,155,-147
114000074,5,36,-31
114000075,20,245,-225
114000076,12,223,-211
114000077,5,100,-95
114000078,110,2402,-2292
114000079,45,45,0
114000080,94,133,-39
114000081,35,91,-56
114000082,50,868,-818
114000083,14,352,-338
114000084,73,130,-57
114000085,97,1022,-925
114000086,103,964,-861
114000087,14,438,-424
114000088,23,105,-82
114000089,2027,661,1366
114000090,709,494,215
114000091,2194,456,1738
114000092,1311,279,1032
114000093,928,799,129
114000094,274,501,-227
114000095,69,101,-32
114000096,52,732,-680
114000097,56,1385,-1329
114000098,170,49,121
114000099,170,1328,-1158
114000100,419,982,-563
114000101,274,1961,-1687
114000102,175,300,-125
114000103,113,737,-624
114000104,22,511,-489
114000105,23,76,-53
114000106,949,352,597
114000107,86,158,-72
114000108,2431,1531,900
114000109,247,370,-123
114000110,537,2279,-1742
114000111,533,376,157
114000112,203,1989,-1786
114000113,377,324,53
114000114,1109,1881,-772
114000115,697,547,150
114000116,277,384,-107
114000117,1007,317,690
114000118,820,315,505
114000119,511,233,278
114000120,478,1174,-696
114000121,449,724,-275
114000122,286,276,10
114000123,507,274,233
114000124,268,256,12
114000125,755,2238,-1483
114000126,671,176,495
114000127,88,200,-112
114000128,565,647,-82
114000130,316,421,-105
114000131,88,59,29
114000132,735,1229,-494
114000133,1605,1884,-279
114000134,44,337,-293
114000138,82,247,-165
114000139,1180,109,1071
114000144,678,294,384
114000145,74,251,-177
114000146,85,563,-478
114000147,837,642,195
114000148,2298,1129,1169
114000149,405,177,228
114000150,1299,838,461
114000151,883,720,163
114000152,183,25,158
114000153,1446,1468,-22
114000154,948,766,182
114000155,1960,1454,506
114000156,1083,433,650
114000157,311,672,-361
114000158,2799,764,2035
114000159,285,469,-184
114000160,239,230,9
114000161,1887,1006,881
114000162,1230,706,524
114000163,8,243,-235
114000165,219,151,68
114000166,765,199,566
114000167,6130,1427,4703
114000168,1082,815,267
114000169,2399,476,1923
114000170,1083,327,756
114000171,475,692,-217
114000174,322,514,-192
114000176,869,469,400
114000177,2249,963,1286
114000178,20,62,-42
114000179,1261,593,668
114000180,321,745,-424
114000181,1598,1830,-232
114000182,8841,2165,6676
114000183,1201,830,371
114000184,688,2324,-1636
114000185,722,834,-112
114000189,220,52,168
114000190,1077,148,929
114000191,18,22,-4
114000192,462,2092,-1630
114000193,1258,4165,-2907
114000194,1132,1483,-351
114000195,43,7,36
114000196,4,479,-475
114000197,480,43,437
114000198,1350,440,910
114000199,1947,960,987
114000200,690,3541,-2851
114000201,87,1509,-1422
114000202,891,1013,-122
114000203,379,1147,-768
114000204,104,440,-336
114000205,285,2629,-2344
114000206,306,1654,-1348
114000207,651,3084,-2433
114000208,531,4243,-3712
114000209,620,4279,-3659
114000210,322,2294,-1972
114000211,661,1659,-998
114000212,651,807,-156
114000213,993,743,250
114000214,43,333,-290
114000215,73,71,2
114000216,515,171,344
114000217,46,427,-381
114000218,68,412,-344
114000219,510,371,139
114000220,5,1720,-1715
114000221,270,97,173
114000222,217,1522,-1305
114000223,219,53,166
114000224,105,916,-811
114000225,82,678,-596
114000226,33,252,-219
114000227,497,504,-7
114000228,429,1046,-617
114000229,369,1671,-1302
114000230,1035,1990,-955
114000231,525,1388,-863
114000232,255,134,121
114000233,968,122,846
114000234,711,1402,-691
114000235,515,1880,-1365
114000236,2,743,-741
114000237,83,1545,-1462
114000238,26,153,-127
114000239,152,1998,-1846
114000240,490,636,-146
114000241,243,1309,-1066
114000242,878,1002,-124
114000243,732,727,5
114000244,401,338,63
114000245,330,768,-438
114000246,126,44,82
114000247,428,765,-337
114000248,511,499,12
114000249,416,571,-155
114000250,200,638,-438
114000251,93,394,-301
114000252,50,186,-136
114000253,40,375,-335
114000254,6,154,-148
114000255,536,218,318
114000256,1775,541,1234
114000257,608,2978,-2370
114000258,74,757,-683
114000259,41,475,-434
114000260,0,33,-33
114000261,18,19,-1
114000262,75,256,-181
114000263,3,0,3
114000264,299,1004,-705
114000265,0,28,-28
114000267,2,1222,-1220
114000268,6,2862,-2856
114000270,82,0,82
114000271,256,173,83
114000283,464,631,-167
114000285,69,467,-398
114000288,39,452,-413
114000289,864,93,771
114000293,68,412,-344
114000294,188,424,-236
114000395,665,45,620
114000396,167,307,-140
114000402,153,460,-307
114000403,169,799,-630
114000405,67,979,-912
114000423,57,784,-727
114000424,241,296,-55
114000425,185,905,-720
114000426,215,506,-291
114000427,38,151,-113
114000428,309,53,256
114000429,3,351,-348
114000432,27,166,-139
114000434,21,155,-134
114000435,7,228,-221
114000436,7007,1866,5141
114000437,298,540,-242
114900001,210,1985,-1775
114900002,337,65,272
114900003,233,3232,-2999
114900004,86,190,-104
114900005,140,1388,-1248
114900006,24,14,10
114900007,65,3,62
114900008,54,29,25
114900010,3226,2289,937
114900011,59,71,-12
114900013,59,52,7
114900015,18,139,-121
114900018,771,28,743
114900020,42,49,-7
114900022,10,626,-616
114900024,74,184,-110
114900025,257,318,-61
114900026,17,58,-41
114900027,260,315,-55
114900029,11,21,-10
114900030,113,258,-145
114900031,52,13,39
114900032,100,22,78
114900033,1665,286,1379
114900034,27,361,-334
114900035,124,277,-153
114900036,246,1676,-1430
114900037,77,270,-193
114900038,143,1592,-1449
114900039,533,1030,-497
114900040,52,296,-244
114900041,218,915,-697
114900042,346,1145,-799
114900043,773,412,361
114900044,41,15,26
114900046,71,157,-86
114900047,128,1152,-1024
114900048,26,242,-216
114900049,6,307,-301
114900050,28,939,-911
114900051,14,731,-717
114900052,104,249,-145
114900053,144,328,-184
114900054,68,195,-127
114900057,168,0,168
114900058,1,95,-94
114900059,59,16,43
114900060,2054,315,1739
114900061,122,259,-137
114900062,355,325,30
114900063,53,373,-320
114900064,382,1070,-688
114900065,108,836,-728
114900067,13,419,-406
114900068,73,232,-159
114900069,347,245,102
114900070,142,905,-763
114900072,2,292,-290
114900073,5,329,-324
114900074,132,1353,-1221
114900075,94,0,94
114900076,7,577,-570
114900080,4086,564,3522
114900082,5219,1467,3752
114900083,664,737,-73
114900090,143,104,39
114900091,143,267,-124
114900095,559,159,400
114900096,872,704,168
114900097,14,0,14
114900098,2,242,-240
114900099,56,6,50
115000001,11107,9364,1743
115000002,2513,3099,-586
115000003,4073,6373,-2300
115000004,1800,4947,-3147
115000005,1155,3591,-2436
115000006,407,1349,-942
115000007,37,228,-191
115000008,329,362,-33
115000009,104,363,-259
115000010,254,172,82
115000013,98,86,12
115000015,44,126,-82
115000016,208,208,0
115000019,3,456,-453
115000020,208,226,-18
115000021,286,363,-77
115000022,448,352,96
115000023,219,317,-98
115000024,1112,628,484
115000025,708,345,363
115000026,233,385,-152
115000027,107,226,-119
115000028,131,665,-534
115000029,169,144,25
115000030,253,852,-599
115000031,587,295,292
115000032,2,310,-308
115000033,114,10,104
115000034,107,994,-887
115000035,786,30,756
115000036,1,468,-467
115000037,194,0,194
115000038,15,243,-228
115000039,2655,1630,1025
115000040,8377,2991,5386
115000041,1549,2308,-759
115000042,1018,694,324
115000043,2917,2552,365
115000044,3636,5431,-1795
115000045,1760,3240,-1480
115000046,1253,2326,-1073
115000047,1045,2054,-1009
115000048,1194,4070,-2876
115000049,1400,3682,-2282
115000050,2212,2003,209
115000051,2207,1166,1041
115000052,3967,2187,1780
115000053,1286,908,378
115000054,979,1744,-765
115000055,34,384,-350
115000056,102,243,-141
115000057,259,459,-200
115000058,211,133,78
115000059,132,242,-110
115000061,90,86,4
115000062,58,344,-286
115000063,162,424,-262
115000064,156,259,-103
115000065,17,196,-179
115000067,165,12,153
115000069,39,308,-269
115000070,32,876,-844
115000071,61,8,53
115000072,29,74,-45
115000073,1198,24,1174
115000075,31,62,-31
115000076,3710,4834,-1124
115000077,1129,5506,-4377
115000078,423,2767,-2344
115000079,989,3135,-2146
115000080,1393,4105,-2712
115000081,392,1167,-775
115000082,2404,3123,-719
115000083,1388,4740,-3352
115000084,785,1124,-339
115000085,349,1498,-1149
115000086,359,1156,-797
115000087,586,1901,-1315
115000088,1278,669,609
115000089,1838,1777,61
115000090,903,589,314
115000091,319,1587,-1268
115000092,268,294,-26
115000093,368,2,366
115000094,9256,4642,4614
115000095,7371,4336,3035
115000096,429,2852,-2423
115000097,300,853,-553
115000098,469,1075,-606
115000099,996,4116,-3120
115000100,482,614,-132
115000101,298,1930,-1632
115000102,254,165,89
115000103,351,1151,-800
115000105,57,257,-200
115000106,121,201,-80
115000107,111,855,-744
115000108,4637,3603,1034
115000109,6381,2182,4199
115000110,1398,717,681
115000111,809,1749,-940
115000112,657,445,212
115000113,962,1006,-44
115000114,1945,881,1064
115000116,3774,1227,2547
115000117,4437,1643,2794
115000118,2315,1395,920
115000119,2763,1690,1073
115000120,1032,569,463
115000121,2221,952,1269
115000122,4403,787,3616
115000123,2233,1073,1160
115000124,552,454,98
115000125,345,572,-227
115000126,148,292,-144
115000127,230,152,78
115000128,1291,848,443
115000129,250,126,124
115000130,217,1566,-1349
115000131,236,298,-62
115000132,89,764,-675
115000133,153,431,-278
115000134,113,263,-150
115000135,41,279,-238
115000136,75,221,-146
115000137,72,290,-218
115000138,84,205,-121
115000139,96,402,-306
115000140,122,195,-73
115000141,73,486,-413
115000142,53,473,-420
115000143,207,645,-438
115000144,226,73,153
115000145,121,713,-592
115000146,232,255,-23
115000147,295,750,-455
115000148,300,2320,-2020
115000149,326,169,157
115000150,538,2256,-1718
115000151,383,457,-74
115000152,455,2991,-2536
115000153,373,439,-66
115000154,390,459,-69
115000155,393,1831,-1438
115000156,746,645,101
115000157,1125,1120,5
115000158,767,349,418
115000159,649,399,250
115000160,623,569,54
115000161,527,852,-325
115000162,656,473,183
115000163,745,632,113
115000164,560,557,3
115000165,253,370,-117
115000167,55,51,4
115000168,566,379,187
115000169,617,458,159
115000170,40,149,-109
115000171,206,163,43
115000172,2512,742,1770
115000173,153,295,-142
115000174,40,166,-126
115000175,49,59,-10
115000176,287,41,246
115000177,198,87,111
115000178,6,408,-402
115000179,8,12,-4
115000180,43,948,-905
115000181,219,154,65
115000182,313,471,-158
115000183,96,1396,-1300
115000186,506,317,189
115000187,107,856,-749
115000188,596,439,157
115000189,313,394,-81
115000190,693,304,389
115000191,441,469,-28
115000194,154,93,61
115000195,313,193,120
115000196,74,115,-41
115000197,80,625,-545
115000198,131,257,-126
115000199,102,486,-384
115000200,207,120,87
115000201,64,561,-497
115000206,114,65,49
115000207,34,487,-453
115000208,678,841,-163
115000209,241,151,90
115000210,45,84,-39
115000211,224,251,-27
115000212,1279,343,936
115000224,86,57,29
115000225,50,68,-18
115000229,304,139,165
115000230,57,490,-433
115000231,284,3055,-2771
115000232,606,399,207
115000233,44,284,-240
115000234,9,276,-267
115000241,55,333,-278
115000242,24,342,-318
115000243,20,324,-304
115000244,3,143,-140
115000246,10,3,7
115000247,28,7,21
115000248,10,5,5
115000249,33,17,16
115000250,78,53,25
115000251,54,215,-161
115000252,63,213,-150
115000253,6,144,-138
115000258,81,208,-127
115000259,276,131,145
115000261,1,21,-20
115000262,6,13,-7
115000263,7,27,-20
115000264,4,20,-16
115000267,50,80,-30
115000268,37,87,-50
115000269,67,85,-18
115000270,15,20,-5
115000272,62,170,-108
115000273,153,21,132
115000280,3154,78,3076
115000281,845,128,717
115000282,1859,388,1471
115000284,324,83,241
115000296,324,5,319
115000297,224,37,187
115000298,95,75,20
115000300,34,278,-244
115000302,125,270,-145
115000303,216,213,3
115000304,313,118,195
115000305,65,1560,-1495
115000306,64,780,-716
115000307,16,323,-307
115000308,54,19,35
115000309,6,0,6
115000310,538,1765,-1227
115000311,262,1668,-1406
115000313,99,998,-899
115000314,117,69,48
115000315,1455,204,1251
115000316,31,50,-19
115000317,134,766,-632
115000318,393,245,148
115000319,29,326,-297
115000320,5,213,-208
115000321,187,33,154
115000322,12,276,-264
115000449,465,145,320
115000557,16,298,-282
115000558,111,81,30
115000587,299,352,-53
115000588,2131,4828,-2697
115000589,2631,2654,-23
115000590,795,1792,-997
115000591,1982,604,1378
115000592,1167,1727,-560
115000593,1653,447,1206
115000594,954,1394,-440
115000609,116,65,51
115000617,2371,1038,1333
115000624,87,117,-30
115000633,393,2184,-1791
115000634,2810,694,2116
115000635,241,146,95
115000638,1606,878,728
115000641,81,101,-20
115000642,410,254,156
115000643,88,596,-508
115000644,115,589,-474
115000646,632,946,-314
115000647,137,583,-446
115000648,632,2023,-1391
115000893,3636,827,2809
115000894,61,1532,-1471
115000895,264,1104,-840
115000896,716,326,390
115000897,478,87,391
115000898,1114,216,898
115000899,1048,969,79
115000900,117,366,-249
115000901,67,74,-7
115000912,158,76,82
115000913,2,83,-81
115000915,15,0,15
115000916,0,0,0
115000917,0,17,-17
115000918,101,266,-165
115000919,23,6,17
115000920,15,31,-16
115000921,2363,90,2273
115000922,740,302,438
115000923,362,728,-366
115000925,28,58,-30
115000927,1,14,-13
115000933,149,90,59
115000934,60,272,-212
115000935,21,170,-149
115900001,12,124,-112
115900002,128,246,-118
115900003,63,168,-105
115900004,0,53,-53
115900005,37,7,30
115900006,97,658,-561
115900008,9,15,-6
115900009,53,394,-341
115900010,74,266,-192
115900011,193,344,-151
115900012,28,142,-114
115900013,382,162,220
115900014,96,192,-96
115900015,23,149,-126
115900016,44,28,16
115900017,2,0,2
115900018,220,92,128
115900019,1762,45,1717
115900020,4,0,4
115900021,2256,56,2200
115900022,1842,18,1824
115900023,13,2,11
115900025,80,177,-97
115900026,1280,483,797
115900027,1,626,-625
115900028,789,78,711
115900029,7,843,-836
115900030,8,7,1
115900031,275,92,183
115900032,303,715,-412
115900033,0,51,-51
115900034,18,779,-761
115900035,13,146,-133
115900036,144,185,-41
115900037,23,702,-679
115900038,2,6,-4
115900039,64,410,-346
115900041,235,204,31
115900042,8,3,5
115900043,28,182,-154
115900044,211,160,51
115900046,143,321,-178
115900047,29,18,11
115900049,55,291,-236
115900051,2,160,-158
115900052,17,421,-404
115900053,44,501,-457
115900054,26,88,-62
115900055,14,202,-188
115900056,113,649,-536
115900057,12,0,12
115900058,41,137,-96
115900060,67,193,-126
115900061,39,0,39
115900062,21,430,-409
115900063,43,29,14
115900064,145,268,-123
115900065,29,164,-135
115900066,226,234,-8
115900067,7,1063,-1056
115900068,5040,60,4980
115900069,286,219,67
115900070,72,394,-322
115900071,4,1010,-1006
115900072,107,320,-213
115900073,24,23,1
115900074,10,417,-407
115900075,27,520,-493
115900076,3,115,-112
115900077,12,394,-382
115900078,69,232,-163
115900079,22,4,18
115900080,455,190,265
115900081,5,94,-89
115900082,176,173,3
115900084,49,16,33
115900085,61,43,18
115900086,2098,543,1555
115900088,9,13,-4
115900089,121,977,-856
115900090,55,8,47
115900091,1,52,-51
115900092,11,392,-381
115900093,2,71,-69
115900094,7,617,-610
115900096,1,49,-48
115900097,6,796,-790
115900098,58,649,-591
115900099,29,105,-76
115900100,7,821,-814
115900101,64,609,-545
115900102,7,123,-116
115900103,155,307,-152
115900104,30,196,-166
115900105,44,846,-802
115900106,13,27,-14
115900107,12,273,-261
115900108,21,74,-53
115900109,53,610,-557
115900110,1,27,-26
115900111,1,120,-119
115900112,20,1306,-1286
115900113,17,14,3
115900114,3,222,-219
115900115,24,167,-143
115900116,75,1433,-1358
115900117,15,18,-3
115900118,4,460,-456
115900119,32,140,-108
115900120,22,616,-594
115900121,93,383,-290
115900124,153,270,-117
115900125,121,13,108
115900126,243,52,191
115900127,310,36,274
115900128,14,80,-66
115900129,597,6,591
115900130,38,209,-171
115900131,118,8,110
115900132,85,6,79
115900134,85,17,68
115900135,654,455,199
115900137,6,12,-6
115900139,64,8,56
115900140,62,9,53
115900141,17,23,-6
115900142,7,4,3
115900143,85,213,-128
115900144,6,165,-159
115900146,4,194,-190
115900147,128,159,-31
115900148,0,33,-33
115900149,12,40,-28
115900150,8,88,-80
115900151,5,52,-47
115900152,18,498,-480
115900153,17,287,-270
115900154,669,301,368
115900155,0,87,-87
115900156,436,875,-439
115900157,31,521,-490
115900158,45,13,32
115900159,22,348,-326
115900160,12,6,6
115900161,30,296,-266
115900163,80,164,-84
115900164,116,64,52
115900165,3,87,-84
115900166,219,305,-86
115900168,29,198,-169
115900171,53,442,-389
115900172,11,170,-159
115900173,71,118,-47
115900174,199,239,-40
115900175,54,174,-120
115900178,3,1093,-1090
115900179,40,14,26
115900180,36,421,-385
115900181,62,389,-327
115900182,114,388,-274
115900183,98,10,88
115900184,1203,52,1151
115900187,12,117,-105
115900189,1,77,-76
115900190,616,358,258
115900191,32,708,-676
115900192,3,77,-74
115900193,295,29,266
115900194,202,13,189
115900195,481,625,-144
115900198,217,288,-71
115900199,99,358,-259
115900200,437,412,25
115900201,127,229,-102
115900202,2,10,-8
115900203,1,0,1
115900204,0,0,0
115900205,28,2,26
115900206,26,175,-149
115900207,5,19,-14
115900208,26,490,-464
115900209,1,193,-192
115900210,3,196,-193
115900211,0,338,-338
115900212,43,420,-377
115900213,13,20,-7
115900214,110,389,-279
115900215,8,23,-15
115900216,4,114,-110
115900217,1,108,-107
115900218,3,95,-92
115900219,14,0,14
115900220,40,8,32
115900221,14,4,10
115900222,14,5,9
115900223,7,50,-43
115900224,1891,219,1672
115900225,60,22,38
115900226,6,46,-40
115900227,5,42,-37
115900228,2,47,-45
115900229,8,62,-54
115900230,51,97,-46
115900231,51,1,50
115900232,22,1,21
115900233,44,17,27
115900234,57,18,39
115900235,0,19,-19
115900236,33,41,-8
115900237,2,48,-46
115900238,5,23,-18
115900239,4,44,-40
115900240,6,63,-57
115900241,46,141,-95
115900242,129,134,-5
115900243,9,9,0
115900244,3,13,-10
115900245,4,12,-8
115900246,139,1,138
115900247,12,2,10
115900248,5,4,1
115900249,0,15,-15
115900250,1,29,-28
115900251,2,9,-7
115900252,0,5,-5
115900253,5,60,-55
115900254,10,51,-41
115900255,7,11,-4
115900256,20,4,16
115900257,1,3,-2
115900258,0,5,-5
115900259,0,8,-8
115900260,9,2,7
115900261,9,2,7
115900262,4,1,3
115900263,1,5,-4
115900264,2,5,-3
115900265,1,2,-1
115900266,3,0,3
115900267,1,3,-2
115900268,1,4,-3
115900269,118,649,-531
115900270,116,1023,-907
115900271,7,0,7
115900272,1,0,1
115900273,2,5,-3
115900274,1,22,-21
115900275,0,52,-52
115900276,0,83,-83
115900277,0,116,-116
115900278,8,96,-88
115900279,3,95,-92
115900280,6,131,-125
115900281,335,50,285
116000001,23964,5630,18334
116000002,3850,4862,-1012
116000003,1798,2117,-319
116000004,1251,1727,-476
116000005,2569,3171,-602
116000006,1348,1066,282
116000007,5764,4796,968
116000008,5766,1372,4394
116000009,1842,3282,-1440
116000010,941,722,219
116000011,737,2090,-1353
116000012,451,541,-90
116000013,20930,5231,15699
116000014,25194,4856,20338
116000015,650,589,61
116000016,10399,1373,9026
116000017,32,303,-271
116000018,717,404,313
116000019,431,233,198
116000020,378,1475,-1097
116000021,143,218,-75
116000022,236,526,-290
116000023,433,426,7
116000024,640,1942,-1302
116000025,388,422,-34
116000026,1291,2812,-1521
116000027,505,445,60
116000028,325,475,-150
116000029,1353,668,685
116000030,244,248,-4
116000031,181,268,-87
116000032,114,339,-225
116000033,110,495,-385
116000034,372,876,-504
116000035,125,771,-646
116000036,2026,395,1631
116000037,456,332,124
116000038,456,258,198
116000039,631,388,243
116000040,1037,289,748
116000041,397,754,-357
116000042,311,227,84
116000043,44,411,-367
116000044,3,40,-37
116000045,1151,860,291
116000046,1241,1000,241
116000047,1769,1944,-175
116000048,1709,1235,474
116000049,516,1603,-1087
116000050,1068,1720,-652
116000051,1606,1485,121
116000052,2304,3616,-1312
116000053,916,983,-67
116000054,458,3062,-2604
116000055,234,2036,-1802
116000056,356,817,-461
116000057,3328,2759,569
116000058,3355,2226,1129
116000059,2535,2692,-157
116000060,3615,831,2784
116000061,231,931,-700
116000062,530,210,320
116000063,356,1357,-1001
116000066,123,256,-133
116000067,239,686,-447
116000068,97,151,-54
116000069,137,638,-501
116000078,148,826,-678
116000080,886,1266,-380
116000082,5,215,-210
116000083,823,391,432
116000084,2410,4417,-2007
116000085,1461,764,697
116000086,2294,1498,796
116000087,769,783,-14
116000088,783,1474,-691
116000089,101,93,8
116000090,119,179,-60
116000091,271,68,203
116000093,1197,626,571
116000094,349,919,-570
116000095,407,627,-220
116000096,448,1299,-851
116000097,307,946,-639
116000098,114,3759,-3645
116000099,10432,367,10065
116000100,28,4,24
116000101,293,2107,-1814
116000102,162,1619,-1457
116000103,281,240,41
116000104,95,1982,-1887
116000105,475,268,207
116000106,138,1435,-1297
116000107,953,530,423
116000108,18,167,-149
116000111,18,13,5
116000113,160,39,121
116000114,15,194,-179
116000115,102,51,51
116000116,138,775,-637
116000117,761,1573,-812
116000118,736,1785,-1049
116000119,1352,1472,-120
116000120,2139,5962,-3823
116000121,484,328,156
116000122,1248,3399,-2151
116000123,374,403,-29
116000124,238,1522,-1284
116000125,1141,480,661
116000126,273,1856,-1583
116000127,937,1973,-1036
116000128,845,699,146
116000129,383,200,183
116000130,144,204,-60
116000133,317,1008,-691
116000134,973,3717,-2744
116000135,1031,1348,-317
116000136,820,2627,-1807
116000137,409,573,-164
116000138,1904,575,1329
116000139,1740,2443,-703
116000140,74,248,-174
116000141,285,1362,-1077
116000142,4695,4450,245
116000143,1964,1516,448
116000144,1094,3908,-2814
116000145,1326,1941,-615
116000146,214,506,-292
116000147,203,138,65
116000148,153,379,-226
116000149,222,528,-306
116000151,381,1082,-701
116000153,34,309,-275
116000155,115,198,-83
116000156,1484,1213,271
116000157,24,28,-4
116000158,109,536,-427
116000159,11,8,3
116000160,15,184,-169
116000161,10,144,-134
116000162,78,27,51
116000163,7,5,2
116000164,1,11,-10
116000177,29,118,-89
116000194,67,525,-458
116000195,938,619,319
116000196,1,4,-3
116000197,6,8,-2
116000198,1587,842,745
116000200,780,241,539
116000201,447,742,-295
116000202,3,331,-328
116000203,0,104,-104
116000204,14,51,-37
116000205,0,240,-240
116000206,0,125,-125
116000207,4,39,-35
116000233,121,1014,-893
116000287,59,630,-571
116000288,44,279,-235
116000292,24,282,-258
116000296,15,187,-172
116000297,38,13,25
116000304,33,31,2
116000305,1,213,-212
116000346,63,270,-207
116000352,38,70,-32
116000354,29,16,13
116000357,4,5,-1
116000358,92,23,69
116000361,137,13,124
116000372,12849,1977,10872
116000381,43,0,43
116000388,0,67,-67
116000389,367,606,-239
116000445,106,993,-887
116000446,158,1295,-1137
116000447,7,449,-442
116000448,598,258,340
116000563,858,416,442
116000565,69,589,-520
116000568,31,118,-87
116000579,36,178,-142
116000584,1,11,-10
116000585,4,5,-1
116000586,261,91,170
116000587,62,556,-494
116000589,25,95,-70
116000590,31,63,-32
116000591,57,326,-269
116000592,9,229,-220
116000593,1,46,-45
116000594,196,900,-704
116000595,342,290,52
116000596,18,6,12
116000597,119,41,78
116000598,8,362,-354
116000602,137,141,-4
116000605,153,162,-9
116000606,12,112,-100
116000607,5,70,-65
116000609,175,525,-350
116000611,53,669,-616
116000612,423,1836,-1413
116000613,162,348,-186
116000614,401,1047,-646
116000615,1,125,-124
116000616,26,182,-156
116000617,31,148,-117
116000618,2,283,-281
116000619,6,44,-38
116000620,18,31,-13
116000621,11,54,-43
116000622,8,89,-81
116000624,23,72,-49
116000627,0,28,-28
116000628,8,761,-753
116000629,5,755,-750
116000630,80,53,27
116000631,16,26,-10
116000632,108,594,-486
116000633,3,1245,-1242
116000634,91,18,73
116000635,1245,776,469
116900001,109,181,-72
116900002,276,2,274
116900003,3,102,-99
116900004,23,27,-4
116900005,75,48,27
116900006,207,199,8
116900007,76,232,-156
116900008,128,685,-557
116900009,15,1,14
116900010,7,2698,-2691
116900011,27,82,-55
116900012,117,229,-112
116900013,6,319,-313
116900014,16,501,-485
116900015,69,112,-43
116900016,37,0,37
116900017,6,1015,-1009
116900018,23,27,-4
116900019,7,513,-506
116900020,1923,195,1728
116900023,40,8,32
116900024,134,116,18
116900025,276,1481,-1205
116900026,203,861,-658
116900027,10,44,-34
116900028,3,169,-166
116900029,13,10,3
116900031,0,6,-6
116900032,3,455,-452
116900033,4,4,0
116900034,1,67,-66
116900035,79,216,-137
116900036,2,104,-102
116900038,18,1,17
116900041,16,11,5
116900042,1199,221,978
116900043,3,73,-70
116900045,235,59,176
116900047,84,41,43
116900049,23,241,-218
116900050,30,378,-348
116900051,32,416,-384
116900052,148,53,95
116900055,0,3,-3
116900057,24,363,-339
116900058,25,488,-463
116900059,1,240,-239
116900060,124,264,-140
116900062,0,5,-5
116900064,28,1291,-1263
116900065,6,101,-95
116900067,53,163,-110
116900068,71,687,-616
116900070,0,7,-7
116900072,12,626,-614
116900073,3,232,-229
116900074,1,64,-63
116900076,2,27,-25
116900077,5,245,-240
116900078,231,198,33
116900079,9,428,-419
116900080,9,26,-17
116900081,250,1858,-1608
116900082,142,1252,-1110
116900083,48,80,-32
116900084,134,38,96
116900085,12,192,-180
116900086,17,261,-244
116900088,401,42,359
116900090,193,71,122
116900091,105,128,-23
116900092,56,889,-833
116900093,2147,1553,594
116900094,8716,1707,7009
116900095,99,210,-111
116900096,94,54,40
116900097,4128,1223,2905
116900098,1133,138,995
116900099,429,285,144
116900100,332,6,326
116900101,246,849,-603
116900103,4,3,1
116900104,22,67,-45
116900105,159,25,134
116900106,502,434,68
116900107,5078,923,4155
116900110,6,0,6
116900111,144,1854,-1710
116900112,106,1097,-991
116900113,3630,626,3004
116900116,97,198,-101
116900117,15,77,-62
116900118,1216,411,805
116900120,75,125,-50
116900121,23,75,-52
116900122,261,1346,-1085
116900123,58,1171,-1113
116900124,85,1033,-948
116900125,174,269,-95
116900126,286,449,-163
116900128,1,40,-39
116900129,1,486,-485
116900130,1461,2009,-548
116900131,41,199,-158
116900132,19,59,-40
116900133,33,143,-110
116900134,138,184,-46
116900136,204,162,42
116900137,165,224,-59
116900138,83,245,-162
116900139,48,577,-529
116900140,107,205,-98
116900141,309,341,-32
116900142,2,13,-11
116900143,125,540,-415
116900144,18,22,-4
116900145,74,453,-379
116900147,485,295,190
116900148,0,24,-24
116900149,7,89,-82
116900150,7,5,2
116900151,69,15,54
116900153,54,72,-18
116900154,347,117,230
116900155,34,39,-5
116900157,122,370,-248
116900158,51,47,4
116900159,17,178,-161
116900160,443,210,233
116900161,12011,2962,9049
116900162,3,192,-189
116900163,54,192,-138
116900164,7,16,-9
116900165,52,78,-26
116900166,7,137,-130
116900167,139,65,74
116900168,83,104,-21
116900169,552,144,408
116900170,90,236,-146
116900171,18,414,-396
116900172,232,44,188
116900173,33,50,-17
116900174,10,8,2
116900175,121,93,28
116900178,11,261,-250
116900179,59,55,4
116900180,24,50,-26
116900182,186,219,-33
116900183,66,72,-6
116900185,5,23,-18
116900186,53,508,-455
116900187,12,8,4
116900188,55,16,39
116900189,9,0,9
116900191,232,398,-166
116900192,159,220,-61
116900194,29,354,-325
116900195,30,14,16
116900196,6,163,-157
116900197,26,5,21
116900198,323,106,217
116900200,10,40,-30
116900201,16,3,13
116900202,113,92,21
116900203,33,1,32
116900204,33,39,-6
116900206,2,51,-49
116900207,3,37,-34
116900208,6,162,-156
116900209,5,185,-180
116900210,225,216,9
116900211,219,18,201
116900212,8,98,-90
116900213,99,248,-149
116900214,29,161,-132
116900215,57,97,-40
116900216,127,552,-425
116900218,10,500,-490
116900219,715,457,258
116900220,119,256,-137
116900221,48,235,-187
116900222,294,387,-93
116900223,88,259,-171
116900226,21,94,-73
116900227,56,40,16
116900228,126,315,-189
116900230,19,539,-520
116900231,11,637,-626
116900232,6,652,-646
116900233,67,111,-44
116900234,10,4,6
116900235,72,474,-402
116900238,1668,364,1304
116900239,15,604,-589
116900240,6928,1730,5198
116900241,39,226,-187
116900242,463,130,333
116900243,35,191,-156
116900245,22,23,-1
116900246,18,3,15
116900247,145,17,128
116900248,34,20,14
116900249,94,171,-77
116900250,81,82,-1
116900251,455,102,353
116900252,29,1207,-1178
116900253,30,72,-42
116900254,1,117,-116
116900255,79,14,65
116900256,152,68,84
116900257,14,941,-927
116900258,2,539,-537
116900259,25,10,15
116900260,0,188,-188
116900261,5,1,4
116900262,56,147,-91
116900263,0,8,-8
116900264,0,3,-3
116900265,11,0,11
116900266,2,55,-53
116900267,9,0,9
116900268,2,24,-22
116900269,252,618,-366
116900271,4266,95,4171
116900272,440,759,-319
116900273,254,25,229
116900274,31,80,-49
116900275,33,156,-123
116900276,942,49,893
116900277,871,11,860
116900278,3,11,-8
116900279,0,22,-22
116900280,11,47,-36
116900281,10005,1572,8433
116900282,7,155,-148
116900283,16,115,-99
116900284,26,313,-287
116900285,407,84,323
116900286,210,9,201
116900287,3,104,-101
116900288,15,152,-137
116900289,2,40,-38
116900290,1,60,-59
116900291,0,9,-9
116900292,0,3,-3
116900293,6,91,-85
116900294,18,113,-95
116900295,55,22,33
116900296,13,31,-18
116900297,3,8,-5
116900298,63,25,38
116900299,13,40,-27
116900300,86,239,-153
116900301,85,43,42
116900302,6,38,-32
116900303,478,37,441
116900304,0,92,-92
116900305,2,12,-10
116900306,12,60,-48
117000001,899,1092,-193
117000002,1288,4980,-3692
117000003,5016,2722,2294
117000004,4485,5819,-1334
117000005,970,1262,-292
117000006,830,4930,-4100
117000007,1866,1076,790
117000008,1257,5018,-3761
117000009,4160,1244,2916
117000010,2757,5109,-2352
117000011,981,1910,-929
117000012,999,2374,-1375
117000013,616,1387,-771
117000014,616,2810,-2194
117000015,3039,1287,1752
117000016,239,43,196
117000017,241,163,78
117000018,92,293,-201
117000019,133,0,133
117000020,681,904,-223
117000021,3845,314,3531
117000022,348,61,287
117000023,374,111,263
117000024,389,77,312
117000025,611,737,-126
117000026,2106,613,1493
117000027,2016,1227,789
117000028,1242,446,796
117000030,435,385,50
117000031,224,117,107
117000032,1781,1428,353
117000033,1226,1270,-44
117000034,174,260,-86
117000035,177,139,38
117000036,194,244,-50
117000037,110,162,-52
117000038,129,283,-154
117000039,148,349,-201
117000040,113,1947,-1834
117000041,614,111,503
117000044,18,1552,-1534
117000045,194,53,141
117000046,321,895,-574
117000047,253,634,-381
117000048,2277,1889,388
117000049,151,512,-361
117000050,100,3893,-3793
117000051,1227,184,1043
117000052,12,980,-968
117000053,84,98,-14
117000054,1099,7,1092
117000055,18,4852,-4834
117000056,385,18,367
117000057,663,2374,-1711
117000060,395,2879,-2484
117000061,806,637,169
117000062,131,516,-385
117000063,811,536,275
117000064,935,647,288
117000066,1616,778,838
117000067,104,276,-172
117000074,147,97,50
117000076,179,50,129
117000077,119,51,68
117000078,92,631,-539
117000079,199,177,22
117000080,1,398,-397
117000081,409,126,283
117000082,6,48,-42
117000083,50,9,41
117000084,289,0,289
117000085,135,451,-316
117000086,1165,980,185
117000087,78,522,-444
117000088,212,166,46
117000089,1014,402,612
117000090,155,2129,-1974
117000091,365,354,11
117000092,232,2652,-2420
117000093,458,709,-251
117000094,529,3452,-2923
117000095,1109,815,294
117000096,463,3583,-3120
117000097,641,1055,-414
117000098,2977,7730,-4753
117000099,1359,767,592
117000100,113,118,-5
117000101,187,1751,-1564
117000102,973,520,453
117000103,823,2367,-1544
117000104,716,433,283
117000105,597,2823,-2226
117000106,501,665,-164
117000107,444,3533,-3089
117000108,629,700,-71
117000109,2191,4152,-1961
117000110,798,531,267
117000111,2887,4651,-1764
117000112,1916,1921,-5
117000113,105,546,-441
117000114,76,115,-39
117000115,50,287,-237
117000116,51,254,-203
117000117,1275,284,991
117000118,129,142,-13
117000119,81,34,47
117000120,202,32,170
117000121,55,214,-159
117000122,560,653,-93
117000123,1601,22,1579
117000124,263,19,244
117000125,294,58,236
117000126,30,32,-2
117000127,151,409,-258
117000128,473,540,-67
117000129,311,48,263
117000130,54,0,54
117000131,0,23,-23
117000132,914,30,884
117000133,630,359,271
117000134,0,91,-91
117000135,12,35,-23
117000136,0,61,-61
117000137,32,24,8
117000138,1,547,-546
117000140,433,2685,-2252
117000141,801,522,279
117000181,1471,328,1143
117000182,185,129,56
117000195,151,1682,-1531
117000196,102,42,60
117000225,96,5,91
117000226,5,68,-63
117000276,87,8,79
117000277,3,729,-726
117000310,2486,2781,-295
117000315,28,366,-338
117000320,38,0,38
117000906,66,4,62
117000907,6,677,-671
117000908,46,10,36
117000909,27,35,-8
117000910,185,107,78
117000911,105,274,-169
117000915,19,870,-851
117000916,14,1,13
117000917,415,25,390
117000918,36,16,20
117000919,11,204,-193
117000920,9,2431,-2422
117000921,10,3151,-3141
117000922,24,78,-54
117000924,304,598,-294
117000926,1763,78,1685
117000927,893,235,658
117000928,0,321,-321
117000929,134,673,-539
117000930,45,14,31
117000931,400,23,377
117900002,175,305,-130
117900003,1058,249,809
117900005,0,7,-7
117900006,0,44,-44
117900007,72,241,-169
117900008,0,49,-49
117900010,102,159,-57
117900011,12,29,-17
117900012,18,295,-277
117900013,3,468,-465
117900014,110,309,-199
117900015,7,279,-272
117900016,1359,313,1046
117900017,160,689,-529
117900018,162,21,141
117900019,133,640,-507
117900020,69,148,-79
117900021,25,165,-140
117900022,9,18,-9
117900023,794,47,747
117900024,62,237,-175
117900025,32,12,20
117900026,144,543,-399
117900028,19,2,17
117900029,119,1288,-1169
117900030,109,156,-47
117900031,34,40,-6
117900032,378,218,160
117900033,85,1160,-1075
117900034,23,31,-8
117900035,74,44,30
117900036,92,1072,-980
117900037,21,116,-95
117900038,15,585,-570
117900039,2,126,-124
117900040,123,904,-781
117900041,5,53,-48
117900042,5652,488,5164
117900043,29,55,-26
117900044,46,1219,-1173
117900045,67,69,-2
117900048,87,452,-365
117900049,57,837,-780
117900050,18,37,-19
117900051,17,5,12
117900052,30,209,-179
117900053,599,837,-238
117900054,2,7,-5
117900055,85,76,9
117900056,251,24,227
117900057,876,1495,-619
117900058,54,3,51
117900059,514,79,435
117900060,508,7236,-6728
117900061,11,99,-88
117900063,86,226,-140
117900065,673,1266,-593
117900066,3,32,-29
117900067,208,392,-184
117900069,254,581,-327
117900070,101,10,91
117900071,41,136,-95
117900073,145,447,-302
117900074,95,1,94
117900075,24,97,-73
117900076,5,67,-62
117900077,213,161,52
117900078,192,306,-114
117900080,76,56,20
117900081,564,514,50
117900082,158,167,-9
117900083,118,914,-796
117900086,40,53,-13
117900087,91,84,7
117900088,3212,1816,1396
117900089,888,293,595
117900090,105,984,-879
117900091,145,158,-13
117900092,14,69,-55
117900093,22,84,-62
117900094,10,4,6
117900095,58,702,-644
117900096,32,330,-298
117900097,122,73,49
117900098,7,2,5
117900099,65,633,-568
117900100,31,0,31
117900101,389,891,-502
117900102,15,51,-36
117900103,9,0,9
117900104,9,181,-172
117900105,120,202,-82
117900106,58,69,-11
117900107,6,1,5
117900109,205,337,-132
117900110,17,0,17
117900111,180,6,174
117900112,16,19,-3
117900113,4842,1480,3362
117900114,2,0,2
117900115,76,27,49
117900116,938,819,119
117900117,379,522,-143
117900118,1,0,1
117900119,55,429,-374
117900120,166,146,20
117900121,14,36,-22
117900122,1159,1241,-82
117900123,424,1012,-588
117900124,488,606,-118
117900125,1043,668,375
117900126,372,681,-309
117900127,199,857,-658
117900128,152,1259,-1107
117900129,25,0,25
117900130,696,360,336
117900131,2,141,-139
117900132,2,126,-124
117900133,1,228,-227
117900134,73,280,-207
117900135,17,332,-315
117900136,0,64,-64
117900137,21,501,-480
117900138,0,93,-93
117900139,29,166,-137
117900140,6079,124,5955
117900141,122,277,-155
117900142,19,17,2
117900144,50,81,-31
117900145,28,1,27
117900146,64,70,-6
117900147,21,58,-37
117900148,3074,1081,1993
117900149,22,225,-203
117900150,21,220,-199
117900151,17,264,-247
117900152,58,118,-60
117900153,7,84,-77
117900154,203,686,-483
117900156,730,548,182
117900157,37,414,-377
117900158,75,72,3
117900160,264,259,5
117900161,2877,2578,299
117900162,96,321,-225
117900163,63,21,42
117900165,0,6,-6
117900166,79,126,-47
117900168,56,136,-80
117900169,0,172,-172
117900170,1,42,-41
117900171,0,18,-18
117900172,14,60,-46
117900173,139,35,104
117900174,31,63,-32
117900175,1,23,-22
117900176,7,79,-72
117900177,5,61,-56
117900178,94,28,66
117900180,324,47,277
117900181,196,138,58
117900182,4,17,-13
117900183,14,128,-114
117900184,3,66,-63
117900185,7,22,-15
117900186,13,26,-13
117900187,16,9,7
117900188,184,20,164
117900189,65,9,56
117900190,11,2,9
117900191,24,0,24
117900192,33,0,33
117900193,23,32,-9
117900194,3,1,2
117900195,18,21,-3
117900196,4,13,-9
117900207,87,62,25
117900208,42,62,-20
117900209,117,150,-33
117900210,118,149,-31
117900211,12,264,-252
117900212,78,161,-83
117900213,2,1,1
117900214,0,42,-42
117900215,0,8,-8
117900216,13,9,4
117900217,91,38,53
117900218,84,104,-20
117900219,3,24,-21
117900220,29,60,-31
118000001,505,362,143
118000002,1509,2232,-723
118000003,1117,824,293
118000004,2799,2421,378
118000005,5993,1543,4450
118000006,9605,6920,2685
118000007,7096,1912,5184
118000008,5923,3059,2864
118000009,2428,4293,-1865
118000010,5802,5295,507
118000011,764,4265,-3501
118000012,1033,4123,-3090
118000013,4353,3872,481
118000014,2259,4374,-2115
118000016,211,797,-586
118000017,170,415,-245
118000018,243,972,-729
118000019,1787,1402,385
118000020,1271,1248,23
118000021,751,1533,-782
118000022,2279,643,1636
118000023,1145,272,873
118000024,1744,654,1090
118000025,81,42,39
118000027,19295,4864,14431
118000029,1499,526,973
118000032,1576,1230,346
118000033,2856,2044,812
118000034,5364,1945,3419
118000035,1696,1592,104
118000036,909,1098,-189
118000037,507,942,-435
118000038,115,143,-28
118000039,67,493,-426
118000040,1495,2768,-1273
118000041,1506,1754,-248
118000045,902,160,742
118000046,1595,553,1042
118000047,1674,330,1344
118000048,3621,1309,2312
118000051,3132,694,2438
118000052,2533,555,1978
118000053,1085,632,453
118000054,5061,1381,3680
118000055,4750,1486,3264
118000056,513,274,239
118000057,503,321,182
118000058,3553,1075,2478
118000059,1795,695,1100
118000060,663,981,-318
118000061,724,1327,-603
118000062,392,241,151
118000063,279,437,-158
118000064,846,1255,-409
118000065,6116,1418,4698
118000066,649,917,-268
118000067,1641,1077,564
118000068,1810,2824,-1014
118000069,3694,1667,2027
118000070,10094,1646,8448
118000071,4664,4232,432
118000072,2105,873,1232
118000073,2929,490,2439
118000074,358,337,21
118000075,1170,366,804
118000076,968,931,37
118000077,1248,1154,94
118000078,1502,1985,-483
118000079,329,535,-206
118000080,1011,869,142
118000081,1149,1196,-47
118000082,384,616,-232
118000083,3125,964,2161
118000084,3125,1897,1228
118000086,121,897,-776
118000087,7829,2847,4982
118000088,2182,2368,-186
118000089,4538,3544,994
118000090,2917,2172,745
118000091,2200,1748,452
118000092,1579,421,1158
118000093,165,577,-412
118000096,373,493,-120
118000097,509,471,38
118000098,160,239,-79
118000099,263,1309,-1046
118000101,449,448,1
118000102,259,2222,-1963
118000107,4266,473,3793
118000108,438,558,-120
118000110,1,25,-24
118000111,2,915,-913
118000112,98,2,96
118000113,4,1338,-1334
118000114,50,1,49
118000115,7,3,4
118000116,16,0,16
118000117,1232,935,297
118000118,556,703,-147
118000119,761,1378,-617
118000120,1312,1805,-493
118000121,54,493,-439
118000122,660,116,544
118000123,26,285,-259
118000125,1952,1471,481
118000126,537,2142,-1605
118000127,1432,648,784
118000128,693,1341,-648
118000129,641,226,415
118000130,4034,6415,-2381
118000131,771,1586,-815
118000132,2307,1622,685
118000133,292,474,-182
118000135,332,392,-60
118000136,110,756,-646
118000137,565,62,503
118000138,199,1298,-1099
118000139,158,141,17
118000140,2319,2768,-449
118000141,1471,2352,-881
118000142,1050,2678,-1628
118000143,788,938,-150
118000144,1950,1150,800
118000145,1176,3939,-2763
118000146,802,2231,-1429
118000147,549,2426,-1877
118000148,235,1433,-1198
118000149,578,1416,-838
118000150,199,185,14
118000151,185,446,-261
118000153,505,1359,-854
118000154,524,1944,-1420
118000155,593,1399,-806
118000156,2569,2466,103
118000157,384,342,42
118000158,98,677,-579
118000159,22,64,-42
118000160,215,503,-288
118000161,270,1430,-1160
118000162,997,816,181
118000163,343,707,-364
118000164,2198,1587,611
118000168,2400,235,2165
118000169,1283,2404,-1121
118000170,4547,9958,-5411
118000171,191,874,-683
118000172,79,321,-242
118000173,672,1316,-644
118000175,191,312,-121
118000176,158,453,-295
118000177,178,489,-311
118000178,62,46,16
118000179,2134,657,1477
118000180,675,890,-215
118000181,715,514,201
118000182,187,397,-210
118000183,120,226,-106
118000184,361,1583,-1222
118000185,1274,803,471
118000186,689,965,-276
118000187,538,1423,-885
118000188,230,368,-138
118000189,215,969,-754
118000190,4,8,-4
118000191,6,50,-44
118000192,206,182,24
118000193,130,228,-98
118000194,2067,1055,1012
118000195,760,525,235
118000196,317,88,229
118000197,215,102,113
118000198,710,321,389
118000199,582,286,296
118000200,44,220,-176
118000201,368,314,54
118000202,27,53,-26
118000203,1384,321,1063
118000204,187,144,43
118000205,267,317,-50
118000206,109,203,-94
118000207,0,125,-125
118000208,960,1785,-825
118000209,1100,2338,-1238
118000210,27,46,-19
118000211,2,24,-22
118000213,905,736,169
118000214,590,261,329
118000215,229,376,-147
118000216,1101,3673,-2572
118000217,20,224,-204
118000218,46,134,-88
118000219,471,455,16
118000220,1,10,-9
118000221,70,206,-136
118000222,85,8,77
118000223,8,29,-21
118000224,318,202,116
118000225,63,1027,-964
118000226,229,92,137
118000227,1164,434,730
118000228,250,112,138
118000229,126,26,100
118000230,33,352,-319
118000231,10,224,-214
118000232,379,1271,-892
118000233,473,995,-522
118000234,149,402,-253
118000236,205,598,-393
118000237,26,965,-939
118000238,45,419,-374
118000239,201,309,-108
118000240,664,72,592
118000241,64,324,-260
118000242,289,910,-621
118000243,77,197,-120
118000244,8,189,-181
118000246,0,5,-5
118000255,23,212,-189
118000256,37,258,-221
118000259,2,59,-57
118000260,105,107,-2
118000261,7,173,-166
118000263,39,231,-192
118000266,93,530,-437
118000267,0,115,-115
118000268,170,38,132
118000270,19,47,-28
118000271,100,379,-279
118000272,42,52,-10
118000273,38,87,-49
118000274,82,467,-385
118000276,182,391,-209
118000295,2,51,-49
118000298,149,766,-617
118000299,42,374,-332
118000301,1,62,-61
118000302,44,166,-122
118000311,87,164,-77
118000312,93,244,-151
118000313,32,248,-216
118000314,47,105,-58
118000315,24,70,-46
118000316,361,641,-280
118000325,16,132,-116
118000326,19,56,-37
118000331,24,143,-119
118000332,8,72,-64
118000333,7,101,-94
118000335,39,0,39
118000336,2,583,-581
118000407,33,102,-69
118000457,1,59,-58
118000465,3919,2443,1476
118000480,7,197,-190
118000489,42,103,-61
118000490,123,708,-585
118000492,140,257,-117
118000510,74,17,57
118000514,129,385,-256
118000515,394,252,142
118000517,479,228,251
118000524,719,198,521
118000525,1110,1157,-47
118000530,44,144,-100
118000531,87,247,-160
118000532,119,420,-301
118000533,238,201,37
118000534,273,588,-315
118000535,57,103,-46
118000536,704,302,402
118000537,16,62,-46
118000538,24,92,-68
118000539,14,143,-129
118000540,254,350,-96
118000541,136,162,-26
118000542,66,181,-115
118000543,119,264,-145
118000546,16,43,-27
118000560,4488,634,3854
118000562,15,442,-427
118000563,2140,1749,391
118000576,67,328,-261
118000577,164,136,28
118000578,104,100,4
118000579,743,1071,-328
118000595,86,89,-3
118000596,0,74,-74
118000597,36,190,-154
118000598,7,0,7
118000599,16,47,-31
118000600,0,47,-47
118000601,4,0,4
118000602,0,42,-42
118000603,0,24,-24
118900001,1586,503,1083
118900002,1428,540,888
118900003,70,12,58
118900004,21,81,-60
118900005,41,0,41
118900006,21,1,20
118900007,6,5,1
118900008,994,47,947
118900009,16,8,8
118900010,26,4,22
118900011,70,17,53
118900012,262,267,-5
118900013,659,25,634
118900015,94,32,62
118900016,5,15,-10
118900017,66,89,-23
118900018,1413,10,1403
118900019,19,11,8
118900020,83,111,-28
118900021,96,407,-311
118900022,73,101,-28
118900023,32,112,-80
118900024,21,190,-169
118900025,28,27,1
118900026,46,126,-80
118900027,298,208,90
118900028,62,163,-101
118900029,59,483,-424
118900030,27,64,-37
118900031,51,152,-101
118900032,48,244,-196
118900033,232,780,-548
118900034,19,7,12
118900035,139,352,-213
118900036,404,684,-280
118900037,197,320,-123
118900038,150,469,-319
118900039,135,326,-191
118900040,89,203,-114
118900041,117,196,-79
118900042,74,106,-32
118900045,120,117,3
118900046,896,117,779
118900047,856,130,726
118900048,45,126,-81
118900049,43,37,6
118900050,5,202,-197
118900051,27,63,-36
118900052,171,277,-106
118900053,28,84,-56
118900054,29,78,-49
118900055,18,170,-152
118900056,20,82,-62
118900057,139,292,-153
118900058,157,509,-352
118900059,9,81,-72
118900060,17,128,-111
118900062,21,231,-210
118900064,664,252,412
118900065,27,103,-76
118900066,43,84,-41
118900067,9800,2832,6968
118900068,2,88,-86
118900069,142,285,-143
118900071,7,40,-33
118900072,193,421,-228
118900073,33,103,-70
118900074,42,99,-57
118900075,5,82,-77
118900076,69,42,27
118900077,87,174,-87
118900078,11,6,5
118900079,37,138,-101
118900080,5,68,-63
118900081,21,17,4
118900082,198,162,36
118900083,6,24,-18
118900084,3,20,-17
118900085,395,948,-553
118900086,5,26,-21
118900087,15,102,-87
118900088,0,30,-30
118900089,14,19,-5
118900090,301,508,-207
118900091,191,67,124
118900092,70,136,-66
118900093,98,6,92
118900096,24,7,17
118900097,89,897,-808
118900099,30,287,-257
118900100,71,185,-114
118900101,28,1089,-1061
118900102,14,62,-48
118900103,42,54,-12
118900104,39,230,-191
118900105,189,133,56
118900107,253,126,127
118900108,48,146,-98
118900109,59,13,46
118900110,2086,234,1852
118900111,123,705,-582
118900112,14,91,-77
118900113,34,870,-836
118900114,6,127,-121
118900115,98,414,-316
118900116,31,244,-213
118900117,42,218,-176
118900118,125,593,-468
118900119,70,391,-321
118900120,63,365,-302
118900121,7,399,-392
118900122,9,345,-336
118900123,72,282,-210
118900124,47,233,-186
118900126,12,232,-220
118900129,90,177,-87
118900130,33,33,0
118900131,38,378,-340
118900132,197,162,35
118900133,5,56,-51
118900135,108,329,-221
118900136,189,1120,-931
118900137,5,14,-9
118900139,55,752,-697
118900140,352,1228,-876
118900141,57,412,-355
118900144,67,912,-845
118900145,47,240,-193
118900146,205,976,-771
118900147,54,69,-15
118900148,18,92,-74
118900150,94,236,-142
118900152,224,1230,-1006
118900157,96,116,-20
118900158,20,115,-95
118900159,1,251,-250
118900161,39,2,37
118900163,237,75,162
118900164,2,114,-112
118900165,16,620,-604
118900166,33,0,33
118900167,28,252,-224
118900168,2,74,-72
118900169,30,744,-714
118900170,57,132,-75
118900171,6,24,-18
118900174,30,112,-82
118900175,81,353,-272
118900176,30,189,-159
118900177,8,54,-46
118900178,16,162,-146
118900179,0,61,-61
118900181,60,155,-95
118900182,78,53,25
118900183,11,49,-38
118900184,120,63,57
118900185,20,164,-144
118900186,25,106,-81
118900187,82,265,-183
118900188,145,310,-165
118900189,6,341,-335
118900190,17,801,-784
118900191,44,34,10
118900192,85,27,58
118900193,76,9,67
118900195,277,1279,-1002
118900196,33,208,-175
118900197,31,107,-76
118900198,2,66,-64
118900199,15,68,-53
118900200,23,2,21
118900201,4,8,-4
118900202,6,85,-79
118900203,4,72,-68
118900204,1,58,-57
118900205,0,17,-17
118900206,1,36,-35
119000001,787,993,-206
119000002,3805,2745,1060
119000003,1416,2045,-629
119000004,1527,1420,107
119000005,1118,1604,-486
119000006,1126,1543,-417
119000007,2458,2872,-414
119000008,1510,2904,-1394
119000009,5625,2373,3252
119000010,15210,4727,10483
119000011,8706,1900,6806
119000012,9120,3465,5655
119000013,3064,1324,1740
119000014,2949,4450,-1501
119000019,222,196,26
119000020,811,1610,-799
119000021,2212,2084,128
119000022,4673,1443,3230
119000023,348,215,133
119000024,3388,5746,-2358
119000025,18109,1677,16432
119000026,497,232,265
119000027,1214,482,732
119000028,2372,1610,762
119000029,189,311,-122
119000030,380,1636,-1256
119000031,687,961,-274
119000032,3487,2980,507
119000033,2207,2284,-77
119000034,985,1553,-568
119000035,21,575,-554
119000036,604,1672,-1068
119000037,703,3566,-2863
119000038,102,1677,-1575
119000039,82,388,-306
119000040,1368,485,883
119000041,1136,1011,125
119000048,5076,5361,-285
119000049,1169,4969,-3800
119000050,1646,2992,-1346
119000051,1520,1132,388
119000052,2381,3524,-1143
119000053,1789,1306,483
119000054,2348,5338,-2990
119000055,1851,4489,-2638
119000056,1467,2583,-1116
119000057,1416,3541,-2125
119000058,1587,3102,-1515
119000059,828,2243,-1415
119000060,960,1003,-43
119000061,893,1099,-206
119000062,1002,1837,-835
119000063,206,275,-69
119000064,1345,2412,-1067
119000065,2061,5010,-2949
119000066,1821,1216,605
119000067,1733,3884,-2151
119000068,1128,1342,-214
119000069,979,3716,-2737
119000070,1284,1539,-255
119000071,610,1280,-670
119000072,8229,5175,3054
119000073,6795,6149,646
119000074,544,5275,-4731
119000075,598,3388,-2790
119000076,751,1239,-488
119000077,974,811,163
119000078,336,415,-79
119000079,105,1005,-900
119000080,90,435,-345
119000081,334,611,-277
119000082,591,413,178
119000083,208,463,-255
119000084,221,884,-663
119000085,721,420,301
119000086,246,599,-353
119000087,1501,1313,188
119000088,269,290,-21
119000089,53,185,-132
119000090,194,175,19
119000091,207,300,-93
119000092,785,259,526
119000093,4555,4845,-290
119000094,1653,5476,-3823
119000095,962,4055,-3093
119000097,5086,2053,3033
119000098,651,1421,-770
119000099,2136,2261,-125
119000100,1990,2414,-424
119000101,4564,3590,974
119000102,797,546,251
119000103,2018,692,1326
119000104,4125,2021,2104
119000105,636,829,-193
119000106,202,2949,-2747
119000107,293,525,-232
119000108,160,1920,-1760
119000109,94,550,-456
119000110,827,854,-27
119000111,74,587,-513
119000112,267,248,19
119000113,4717,397,4320
119000114,853,520,333
119000115,142,132,10
119000116,127,90,37
119000117,130,358,-228
119000118,4,2,2
119000123,2335,579,1756
119000124,230,275,-45
119000125,1186,1606,-420
119000126,153,1490,-1337
119000127,214,1559,-1345
119000128,113,8,105
119000131,365,1708,-1343
119000132,1,3,-2
119000133,0,6,-6
119000134,4569,583,3986
119000135,50,329,-279
119000136,55,462,-407
119000137,65,852,-787
119000138,125,753,-628
119000139,114,491,-377
119000140,84,275,-191
119000284,1740,3317,-1577
119000285,3227,2730,497
119000286,7513,6451,1062
119000287,1911,3307,-1396
119000288,1523,2854,-1331
119000289,2833,6232,-3399
119000290,205,697,-492
119000291,0,495,-495
119000293,47,171,-124
119000294,33,58,-25
119000295,2727,902,1825
119000296,102,218,-116
119000302,5836,1769,4067
119000303,25,150,-125
119000314,1593,5418,-3825
119000315,2,1062,-1060
119000316,29,168,-139
119000317,18,801,-783
119900001,99,656,-557
119900002,31,349,-318
119900003,47,1827,-1780
119900004,422,267,155
119900005,53,253,-200
119900006,82,333,-251
119900007,438,35,403
119900008,142,46,96
119900009,343,742,-399
119900010,2067,1812,255
119900011,12,32,-20
119900012,8,34,-26
119900013,1584,732,852
119900014,1254,331,923
119900015,34,14,20
119900016,23,130,-107
119900017,17,55,-38
119900018,1381,167,1214
119900019,13,7,6
119900020,52,253,-201
119900021,75,85,-10
119900022,82,229,-147
119900023,1010,311,699
119900025,55,23,32
119900026,1238,71,1167
119900027,18,63,-45
119900028,73,50,23
119900029,2,8,-6
119900030,521,464,57
119900031,15,176,-161
119900033,3973,118,3855
119900034,63,211,-148
119900037,19,33,-14
119900038,21,127,-106
119900039,26,2,24
119900040,18,7,11
119900041,42,76,-34
119900042,58,171,-113
119900043,6,206,-200
119900044,153,289,-136
119900046,42,120,-78
119900047,100,48,52
119900048,14,70,-56
119900049,19,6,13
119900050,72,36,36
119900051,130,18,112
119900052,12,94,-82
119900053,52,225,-173
119900054,12,4,8
119900055,452,254,198
119900057,44,110,-66
119900058,55,3,52
119900059,147,51,96
119900060,84,7,77
119900061,0,1,-1
119900062,22,41,-19
119900063,16,33,-17
119900064,168,52,116
119900065,75,1,74
119900066,0,0,0
119900067,53,39,14
119900068,127,2,125
119900069,12,16,-4
119900070,248,60,188
119900071,145,6,139
119900072,5,39,-34
119900073,2343,587,1756
119900074,35,25,10
119900075,7605,1737,5868
119900076,228,769,-541
119900077,256,2220,-1964
119900078,137,1059,-922
119900079,55,442,-387
119900080,500,1550,-1050
119900081,24,62,-38
119900082,436,554,-118
119900083,256,162,94
119900084,430,175,255
119900085,188,47,141
119900086,50,240,-190
119900087,197,178,19
119900088,43,94,-51
119900089,12,895,-883
119900090,198,111,87
119900091,28,1700,-1672
119900092,4,591,-587
119900093,746,123,623
119900094,25,261,-236
119900095,175,85,90
119900096,51,103,-52
119900097,400,197,203
119900098,28,65,-37
119900099,40,477,-437
119900100,3868,1849,2019
119900101,242,1140,-898
119900102,15,519,-504
119900103,22,754,-732
119900104,36,382,-346
119900105,955,2621,-1666
119900106,11,361,-350
119900107,348,4873,-4525
119900108,2500,1017,1483
119900109,9,341,-332
119900110,348,998,-650
119900111,48,472,-424
119900112,3846,589,3257
119900113,69,856,-787
119900114,120,2790,-2670
119900115,57,1840,-1783
119900116,199,257,-58
119900117,121,1492,-1371
119900118,20,1662,-1642
119900119,56,442,-386
119900120,791,992,-201
119900121,85,2426,-2341
119900122,223,546,-323
119900123,174,335,-161
119900124,40,1577,-1537
119900125,50,617,-567
119900126,8940,287,8653
119900127,3260,1231,2029
119900128,243,1501,-1258
119900129,54,1380,-1326
119900130,35,372,-337
119900131,13,557,-544
119900132,0,598,-598
119900133,21,41,-20
119900134,3213,350,2863
119900135,1,738,-737
119900136,194,788,-594
119900138,517,941,-424
119900139,33,99,-66
119900140,3,196,-193
119900141,144,385,-241
119900142,13,23,-10
119900143,7,307,-300
119900144,3241,318,2923
119900145,75,390,-315
119900146,191,108,83
119900147,2,138,-136
119900148,47,54,-7
119900149,2712,3169,-457
119900150,171,319,-148
119900151,1960,1132,828
119900152,57,734,-677
119900153,74,85,-11
119900154,4,464,-460
119900155,24,25,-1
119900156,3,5,-2
119900157,57,415,-358
119900158,44,112,-68
119900159,12,2544,-2532
119900160,7,390,-383
119900161,105,372,-267
119900162,539,595,-56
119900163,166,103,63
119900164,0,0,0
119900165,25,446,-421
119900166,36,49,-13
119900167,41,206,-165
119900168,296,462,-166
119900169,143,129,14
119900170,166,180,-14
119900171,672,703,-31
119900172,147,19,128
119900173,6,767,-761
119900174,5,447,-442
119900175,485,778,-293
119900177,15,312,-297
119900178,7,288,-281
119900179,32,156,-124
119900180,511,721,-210
119900181,24,42,-18
119900182,4,863,-859
119900183,131,1416,-1285
119900184,4418,675,3743
119900185,10,65,-55
119900186,67,220,-153
119900187,5,975,-970
119900188,24,470,-446
119900189,420,171,249
119900190,65,127,-62
119900191,182,119,63
119900192,8,259,-251
119900193,87,230,-143
119900194,9,29,-20
119900195,21,376,-355
119900196,2822,599,2223
119900197,73,132,-59
119900198,80,690,-610
119900199,162,17,145
119900200,235,673,-438
119900201,606,296,310
119900202,290,68,222
119900203,94,256,-162
119900204,99,406,-307
119900205,167,939,-772
119900206,22,205,-183
119900208,89,185,-96
119900209,223,493,-270
119900210,6,34,-28
119900211,60,10,50
119900212,55,358,-303
119900213,4,68,-64
119900214,8,158,-150
119900215,12,178,-166
119900216,6,212,-206
119900217,6,102,-96
119900218,30,82,-52
119900219,4,169,-165
119900220,6,183,-177
119900221,19,638,-619
119900222,26,475,-449
119900223,29,171,-142
119900224,21,54,-33
119900225,1998,45,1953
119900226,1651,1143,508
119900227,2148,456,1692
119900228,235,558,-323
119900229,276,520,-244
119900230,1710,768,942
119900231,45,237,-192
119900232,130,41,89
119900233,21,0,21
119900234,13,43,-30
119900235,3,20,-17
119900236,13,389,-376
119900237,50,884,-834
119900238,0,149,-149
119900240,30,254,-224
119900241,122,431,-309
119900242,2655,809,1846
119900244,876,2281,-1405
119900245,40,144,-104
119900246,194,229,-35
119900247,23,34,-11
119900248,28,50,-22
119900249,100,29,71
119900253,5926,418,5508
119900254,33,159,-126
119900255,84,870,-786
119900256,197,2273,-2076
119900257,20,1,19
119900258,30,15,15
119900259,4,325,-321
119900260,57,3,54
119900261,104,320,-216
119900262,5,524,-519
119900263,989,465,524
119900264,25,422,-397
119900265,160,753,-593
119900266,83,422,-339
119900267,71,622,-551
119900268,49,482,-433
119900269,224,2862,-2638
119900271,41,124,-83
119900272,71,30,41
119900275,101,18,83
119900276,16,2,14
119900277,42,21,21
119900278,307,43,264
119900279,81,145,-64
119900280,1280,235,1045
119900281,0,59,-59
119900282,39,13,26
119900283,5,502,-497
119900284,45,435,-390
119900285,12,39,-27
119900286,7,16,-9
119900288,6,48,-42
119900289,0,49,-49
119900290,1,33,-32
119900291,0,49,-49
119900292,18,15,3
119900293,14,47,-33
119900294,12,105,-93
119900295,6,49,-43
119900296,10,473,-463
119900297,0,29,-29
119900298,3,8,-5
119900299,38,394,-356
119900300,125,397,-272
119900301,85,23,62
119900302,46,49,-3
119900303,170,410,-240
119900304,40,40,0
119900305,26,104,-78
119900306,7,0,7
119900307,22,176,-154
119900308,0,12,-12
119900309,5,37,-32
119900310,297,392,-95
119900311,22,243,-221
119900312,39,106,-67
119900313,145,465,-320
119900314,57,275,-218
119900315,333,3891,-3558
119900318,1,8,-7
119900319,29,540,-511
119900320,158,996,-838
119900321,26,1,25
120000001,9284,7507,1777
120000002,2667,4695,-2028
120000003,4397,3081,1316
120000004,3656,3548,108
120000005,6616,2937,3679
120000006,1597,1693,-96
120000007,3912,2866,1046
120000008,1369,1906,-537
120000009,6896,1254,5642
120000010,1277,4554,-3277
120000011,855,2993,-2138
120000012,1644,4305,-2661
120000013,1784,3621,-1837
120000014,491,2323,-1832
120000015,2256,2249,7
120000016,2654,2359,295
120000017,1538,1597,-59
120000018,6528,6369,159
120000019,776,1103,-327
120000020,2730,2340,390
120000021,2624,1770,854
120000022,3910,3488,422
120000023,703,1900,-1197
120000024,1595,2775,-1180
120000025,1833,3001,-1168
120000026,809,2470,-1661
120000027,1101,2027,-926
120000028,852,507,345
120000029,7064,688,6376
120000030,900,954,-54
120000031,2534,8965,-6431
120000032,15106,4562,10544
120000033,2161,2316,-155
120000034,1005,3424,-2419
120000035,1267,3577,-2310
120000036,2432,4710,-2278
120000037,492,902,-410
120000038,16175,4242,11933
120000039,516,1342,-826
120000040,202,179,23
120000041,475,3193,-2718
120000042,2061,7945,-5884
120000043,5233,4478,755
120000044,2511,1538,973
120000045,2365,1232,1133
120000046,1256,1923,-667
120000047,2723,3219,-496
120000048,11468,3445,8023
120000049,2279,3503,-1224
120000050,2451,5812,-3361
120000051,4818,4853,-35
120000052,21680,3298,18382
120000053,819,6049,-5230
120000054,1814,9543,-7729
120000055,890,6177,-5287
120000056,4746,7477,-2731
120000057,2185,1550,635
120000058,339,237,102
120000059,163,1648,-1485
120000061,65,921,-856
120000062,225,333,-108
120000063,2636,4783,-2147
120000064,284,2561,-2277
120000065,653,2714,-2061
120000066,85,674,-589
120000067,55,887,-832
120000068,147,1717,-1570
120000069,501,2581,-2080
120000070,34,1585,-1551
120000071,148,225,-77
120000072,173,636,-463
120000073,170,118,52
120000074,78,129,-51
120000075,171,272,-101
120000076,745,342,403
120000077,964,418,546
120000078,5276,602,4674
120000079,65,142,-77
120000080,40,129,-89
120000081,237,126,111
120000082,130,184,-54
120000083,45,164,-119
120000084,536,855,-319
120000085,436,468,-32
120000086,193,914,-721
120000087,93,1645,-1552
120000088,633,1632,-999
120000089,690,631,59
120000090,352,598,-246
120000091,463,928,-465
120000092,691,638,53
120000093,179,533,-354
120000094,82,404,-322
120000095,703,1176,-473
120000096,189,1986,-1797
120000098,560,1613,-1053
120000099,182,1045,-863
120000100,529,1367,-838
120000101,261,720,-459
120000102,280,423,-143
120000103,559,307,252
120000104,825,273,552
120000105,950,299,651
120000106,1147,363,784
120000107,1099,458,641
120000108,293,116,177
120000109,414,64,350
120000110,62,1235,-1173
120000111,93,1947,-1854
120000112,504,6543,-6039
120000113,510,4526,-4016
120000114,361,3430,-3069
120000115,249,2894,-2645
120000116,576,2752,-2176
120000117,1492,2127,-635
120000118,16,9,7
120000119,44,39,5
120000120,33,28,5
120000121,25,38,-13
120000122,182,195,-13
120000123,9310,2206,7104
120000124,220,542,-322
120000125,256,793,-537
120000126,249,578,-329
120000127,1163,541,622
120000128,2622,1807,815
120000129,342,267,75
120000130,581,753,-172
120000131,170,535,-365
120000134,386,2257,-1871
120000135,97,438,-341
120000137,77,3497,-3420
120000138,182,842,-660
120000139,99,1693,-1594
120000140,189,1006,-817
120000141,99,808,-709
120000142,164,899,-735
120000143,6,217,-211
120000144,27,1,26
120000145,81,0,81
120000146,2098,552,1546
120000149,430,1386,-956
120000150,7826,10638,-2812
120000151,511,434,77
120000152,259,452,-193
120000153,168,1324,-1156
120000154,531,465,66
120000155,123,158,-35
120000156,2188,378,1810
120000157,902,869,33
120000158,499,1472,-973
120000159,2099,3163,-1064
120000160,2254,1459,795
120000161,847,3390,-2543
120000162,51,220,-169
120000163,177,2066,-1889
120000164,191,671,-480
120000165,195,1610,-1415
120000166,445,1004,-559
120000167,14,51,-37
120000168,12,90,-78
120000169,121,299,-178
120000170,135,134,1
120000171,29,44,-15
120000172,7,25,-18
120000173,4032,168,3864
120000174,366,5,361
120000175,601,11,590
120000176,193,71,122
120000177,2249,488,1761
120000178,163,10,153
120000179,622,20,602
120000180,1042,62,980
120000181,304,120,184
120000182,106,108,-2
120000183,15,231,-216
120000184,186,2612,-2426
120000186,44,59,-15
120000187,59,38,21
120000188,198,49,149
120000190,1517,16,1501
120000191,2480,19,2461
120000192,2857,22,2835
120000193,1409,8,1401
120000195,195,4,191
120000196,568,72,496
120000197,145,233,-88
120000198,47,254,-207
120000199,26,0,26
120000200,22,1,21
120000201,4,6,-2
120000202,0,111,-111
120000203,35,560,-525
120000207,6,214,-208
120000208,7,448,-441
120000209,2,168,-166
120000210,220,171,49
120000211,34,2,32
120000212,13,0,13
120000213,49,529,-480
120000214,1,610,-609
120000215,2,194,-192
120000216,35,3,32
120000217,1260,2159,-899
120000218,266,2147,-1881
120000219,17,1426,-1409
120000220,14,4817,-4803
120000225,410,0,410
120000226,188,0,188
120000227,766,23,743
120000228,12773,2217,10556
120000230,67,6,61
120000231,401,3887,-3486
120000233,101,23,78
120000235,106,1054,-948
120000236,462,5,457
120000237,11,4153,-4142
120000238,0,120,-120
120000241,1121,2559,-1438
120000412,2614,18,2596
120000413,76,651,-575
120000414,15,3,12
120000415,2,302,-300
120000416,38,7,31
120000417,4,167,-163
120000418,32,9,23
120000419,19,750,-731
120000420,40,37,3
120000421,21534,7957,13577
120000422,374,348,26
120000423,2,70,-68
120000424,24,255,-231
120000436,96,282,-186
120000437,207,214,-7
120000438,7084,463,6621
120000439,87,181,-94
120000443,72,0,72
120000444,434,804,-370
120000445,1229,1255,-26
120000446,1131,362,769
120000447,87,18,69
120000449,21,9,12
120000450,4,642,-638
120000451,54,243,-189
120000452,77,0,77
120000453,0,657,-657
120000454,55,18,37
120000455,31,65,-34
120000456,4830,2707,2123
120000457,2110,1225,885
120000458,444,951,-507
120000459,97,79,18
120000665,2008,231,1777
120000668,100,154,-54
120000669,54,655,-601
120000670,344,497,-153
120000671,398,255,143
120000672,92,620,-528
120900001,30,22,8
120900002,164,252,-88
120900003,103,32,71
120900004,4,32,-28
120900005,14,2560,-2546
120900006,101,193,-92
120900007,52,239,-187
120900008,102,1900,-1798
120900009,84,22,62
120900010,135,30,105
120900011,330,84,246
120900012,1448,587,861
120900013,127,24,103
120900014,4,1228,-1224
120900015,572,112,460
120900016,174,59,115
120900017,4862,146,4716
120900018,29,667,-638
120900019,255,68,187
120900020,511,373,138
120900021,251,41,210
120900022,11,533,-522
120900023,57,48,9
120900024,1625,448,1177
120900025,2722,762,1960
120900026,38,227,-189
120900027,760,146,614
120900028,102,35,67
120900029,57,171,-114
120900030,487,483,4
120900031,51,19,32
120900032,310,204,106
120900033,303,15,288
120900034,21,1722,-1701
120900035,47,399,-352
120900037,44,10,34
120900038,27,58,-31
120900039,28,13,15
120900040,50,0,50
120900041,115,28,87
120900042,68,103,-35
120900043,12,9,3
120900044,7,634,-627
120900045,120,317,-197
120900046,124,0,124
120900047,41,23,18
120900048,52,7,45
120900049,92,0,92
120900050,5625,706,4919
120900051,100,158,-58
120900052,120,1,119
120900053,124,118,6
120900054,1347,1069,278
120900055,73,3,70
120900056,118,4,114
120900057,39,10,29
120900058,128,1,127
120900059,14,1,13
120900060,18,37,-19
120900061,181,411,-230
120900062,71,0,71
120900063,117,1,116
120900064,112,3,109
120900065,75,22,53
120900066,69,574,-505
120900067,71,22,49
120900068,68,0,68
120900069,67,136,-69
120900071,23,0,23
120900072,192,1,191
120900073,117,367,-250
120900074,137,2,135
120900076,56,1,55
120900077,5984,322,5662
120900078,315,774,-459
120900079,174,135,39
120900080,153,3866,-3713
120900081,224,1536,-1312
120900082,761,385,376
120900083,50,37,13
120900084,85,141,-56
120900085,93,56,37
120900086,183,158,25
120900087,171,56,115
120900088,182,124,58
120900089,7008,1012,5996
120900090,46,283,-237
120900091,344,246,98
120900092,527,1010,-483
120900093,6551,351,6200
120900094,591,321,270
120900095,221,30,191
120900096,39,157,-118
120900097,673,1866,-1193
120900098,329,259,70
120900099,40,88,-48
120900100,78,572,-494
120900101,321,453,-132
120900102,10,163,-153
120900103,18,170,-152
120900104,18,58,-40
120900105,19,1344,-1325
120900106,1529,833,696
120900107,498,280,218
120900108,8,1629,-1621
120900109,21,1206,-1185
120900110,8,1063,-1055
120900111,119,535,-416
120900112,8,2312,-2304
120900113,8,1525,-1517
120900114,20,365,-345
120900115,107,93,14
120900116,57,1016,-959
120900117,4,933,-929
120900118,12,1429,-1417
120900119,6544,4945,1599
120900120,34,1141,-1107
120900121,127,566,-439
120900122,75,1064,-989
120900123,5,891,-886
120900124,2,1031,-1029
120900125,6,1615,-1609
120900126,1192,958,234
120900127,13,847,-834
120900128,993,1142,-149
120900129,55,715,-660
120900130,4,896,-892
120900131,24,44,-20
120900132,227,604,-377
120900133,226,1940,-1714
120900134,219,737,-518
120900135,4,1157,-1153
120900136,40,33,7
120900137,32,182,-150
120900138,11,335,-324
120900139,5,1372,-1367
120900140,0,81,-81
120900141,58,139,-81
120900142,11,1364,-1353
120900143,8,1792,-1784
120900144,2,487,-485
120900145,407,1381,-974
120900146,7,1860,-1853
120900147,1,347,-346
120900148,51,91,-40
120900149,1,663,-662
120900150,25,852,-827
120900151,2,993,-991
120900152,0,90,-90
120900153,40,105,-65
120900154,0,441,-441
120900155,63,1694,-1631
120900156,12,508,-496
120900157,30,306,-276
120900158,11,912,-901
120900159,9,430,-421
120900160,29,599,-570
120900161,25,2415,-2390
120900162,11,1996,-1985
120900163,5,193,-188
120900164,0,2,-2
120900165,0,1,-1
120900166,30,115,-85
120900167,136,87,49
120900169,43,926,-883
120900170,3927,1102,2825
120900171,1683,451,1232
120900172,2475,124,2351
120900173,0,103,-103
120900174,3,166,-163
120900175,546,294,252
120900176,6,150,-144
120900177,0,281,-281
120900178,0,212,-212
120900179,621,358,263
120900180,129,59,70
120900181,37,108,-71
120900182,18,548,-530
120900183,642,130,512
120900184,174,66,108
120900185,5,614,-609
120900186,4,796,-792
120900187,130,641,-511
120900188,49,17,32
120900189,118,245,-127
120900190,5,17,-12
120900191,1,53,-52
120900192,20961,1828,19133
120900194,35,101,-66
120900195,91,434,-343
120900196,570,41,529
120900197,346,51,295
120900198,260,969,-709
120900199,237,1965,-1728
120900200,123,62,61
120900201,1006,214,792
120900202,2,382,-380
120900203,8,73,-65
120900204,291,568,-277
120900205,69,149,-80
120900206,9,20,-11
121000001,1313,1493,-180
121000002,1739,1005,734
121000003,5769,2566,3203
121000004,3203,2382,821
121000005,2765,3381,-616
121000006,3075,1389,1686
121000007,4014,3834,180
121000008,5390,3097,2293
121000009,14291,6171,8120
121000010,16135,3906,12229
121000011,19617,11289,8328
121000012,26436,7536,18900
121000013,7082,6927,155
121000014,9063,6648,2415
121000015,5276,6834,-1558
121000016,5744,4081,1663
121000017,2012,4934,-2922
121000018,2380,2516,-136
121000019,24871,9365,15506
121000020,15375,8202,7173
121000021,3670,4532,-862
121000022,2091,1740,351
121000023,7756,5120,2636
121000024,4223,3650,573
121000025,1251,789,462
121000026,300,109,191
121000027,2124,1357,767
121000028,866,629,237
121000029,811,963,-152
121000030,345,471,-126
121000031,602,861,-259
121000032,190,122,68
121000034,203,146,57
121000035,134,74,60
121000036,782,1002,-220
121000037,439,768,-329
121000038,703,709,-6
121000039,388,689,-301
121000041,269,831,-562
121000042,258,331,-73
121000043,1276,711,565
121000044,2826,721,2105
121000045,349,518,-169
121000046,270,777,-507
121000047,17,239,-222
121000049,2518,1276,1242
121000050,332,1188,-856
121000051,452,685,-233
121000052,236,719,-483
121000053,332,66,266
121000054,35,249,-214
121000055,2996,1264,1732
121000056,1160,1276,-116
121000057,197,527,-330
121000058,502,138,364
121000059,2479,1301,1178
121000060,494,1395,-901
121000061,75,172,-97
121000062,176,317,-141
121000063,659,481,178
121000064,284,392,-108
121000065,588,513,75
121000066,408,419,-11
121000067,1239,379,860
121000068,536,635,-99
121000069,1565,267,1298
121000070,2012,2099,-87
121000071,836,816,20
121000072,1846,1242,604
121000073,1017,828,189
121000074,214,160,54
121000075,239,34,205
121000076,2597,387,2210
121000077,168,55,113
121000078,167,118,49
121000080,3695,881,2814
121000081,3111,1673,1438
121000082,161,347,-186
121000083,282,151,131
121000084,202,105,97
121000085,540,652,-112
121000086,230,1158,-928
121000087,93,275,-182
121000088,431,948,-517
121000089,736,307,429
121000090,398,472,-74
121000091,2988,827,2161
121000092,129,124,5
121000093,122,291,-169
121000094,627,489,138
121000095,289,789,-500
121000096,3084,2481,603
121000097,2516,1745,771
121000098,281,1872,-1591
121000099,291,1134,-843
121000100,315,1057,-742
121000101,114,387,-273
121000102,78,810,-732
121000103,68,388,-320
121000104,67,361,-294
121000105,221,485,-264
121000106,167,454,-287
121000107,2348,4898,-2550
121000109,1875,1175,700
121000110,258,401,-143
121000114,2609,2636,-27
121000115,908,892,16
121000116,565,893,-328
121000117,1600,341,1259
121000118,1318,444,874
121000119,240,595,-355
121000120,193,698,-505
121000121,538,1185,-647
121000123,2034,747,1287
121000126,114,398,-284
121000127,216,144,72
121000128,376,1009,-633
121000129,389,748,-359
121000130,353,1571,-1218
121000131,2611,1252,1359
121000132,1221,1373,-152
121000135,888,547,341
121000136,1458,900,558
121000137,573,215,358
121000138,958,598,360
121000139,576,80,496
121000141,190,199,-9
121000142,1240,666,574
121000143,215,17,198
121000144,1341,1152,189
121000145,327,1831,-1504
121000146,805,965,-160
121000147,558,633,-75
121000148,765,1367,-602
121000149,1451,1186,265
121000152,487,799,-312
121000153,2365,903,1462
121000154,757,753,4
121000155,1073,1108,-35
121000156,428,976,-548
121000157,2077,2408,-331
121000158,521,784,-263
121000159,189,867,-678
121000160,394,1089,-695
121000161,61,606,-545
121000162,16,462,-446
121000165,2422,1754,668
121000166,58,495,-437
121000168,144,302,-158
121000169,23,262,-239
121000170,170,99,71
121000171,41,243,-202
121000172,492,561,-69
121000173,1616,778,838
121000174,137,456,-319
121000175,483,585,-102
121000176,384,278,106
121000177,983,818,165
121000178,72,92,-20
121000179,133,94,39
121000181,384,497,-113
121000182,64,163,-99
121000183,20,93,-73
121000184,29,86,-57
121000185,13,223,-210
121000186,184,322,-138
121000187,141,496,-355
121000188,54,476,-422
121000192,559,399,160
121000193,524,493,31
121000194,3340,2844,496
121000195,443,1144,-701
121000196,670,275,395
121000197,238,1073,-835
121000198,108,62,46
121000199,70,707,-637
121000200,181,86,95
121000201,4,305,-301
121000202,163,80,83
121000203,457,3706,-3249
121000204,945,621,324
121000205,161,465,-304
121000206,121,30,91
121000207,762,516,246
121000208,12,662,-650
121000209,137,683,-546
121000210,174,727,-553
121000211,75,145,-70
121000212,232,1103,-871
121000213,12018,3000,9018
121000214,816,1247,-431
121000215,1755,939,816
121000216,619,422,197
121000217,3813,2052,1761
121000218,518,2317,-1799
121000219,1191,389,802
121000220,336,112,224
121000221,169,240,-71
121000222,2859,3072,-213
121000223,547,314,233
121000224,327,124,203
121000225,947,798,149
121000226,1286,586,700
121000227,10,255,-245
121000228,23,1236,-1213
121000229,71,773,-702
121000230,83,2575,-2492
121000231,195,12,183
121000232,493,163,330
121000233,339,304,35
121000234,12,24,-12
121000235,23,13,10
121000236,2,56,-54
121000237,3,4,-1
121000238,6,127,-121
121000239,5,6,-1
121000240,4,229,-225
121000241,56,6,50
121000242,14,174,-160
121000243,78,31,47
121000244,0,110,-110
121000245,11,9,2
121000246,6,96,-90
121000247,17,4,13
121000248,355,544,-189
121000249,35,284,-249
121000250,162,110,52
121000251,22,787,-765
121000252,44,38,6
121000253,128,725,-597
121000254,216,357,-141
121000255,151,135,16
121000256,233,205,28
121000257,43,84,-41
121000258,44,82,-38
121000259,8,35,-27
121000260,48,201,-153
121000261,28,83,-55
121000262,1764,569,1195
121000263,435,561,-126
121000271,258,1961,-1703
121000273,59,19,40
121000274,3,46,-43
121000275,3,22,-19
121000276,1,14,-13
121000278,15,85,-70
121000279,43,42,1
121000280,22,40,-18
121000289,85,26,59
121000290,1174,843,331
121000294,44,317,-273
121000297,901,766,135
121000299,105,240,-135
121000300,1100,876,224
121000302,394,832,-438
121000303,1095,429,666
121000304,380,63,317
121000305,88,64,24
121000306,38,191,-153
121000308,138,512,-374
121000309,486,769,-283
121000310,56,609,-553
121000311,66,1125,-1059
121000312,410,186,224
121000313,742,650,92
121000314,214,132,82
121000315,66,83,-17
121000530,730,1679,-949
121000531,1305,1848,-543
121000532,5554,4676,878
121000533,2368,2702,-334
121000918,12,329,-317
121000919,7,50,-43
121000938,2047,564,1483
121000939,2884,349,2535
121000956,430,1783,-1353
121000957,2,6,-4
121000958,50,65,-15
121000959,227,1665,-1438
121000960,727,3219,-2492
121000961,139,26,113
121000962,294,732,-438
121000973,2,310,-308
121000976,11,183,-172
121000979,190,65,125
121000981,228,49,179
121000982,133,306,-173
121000983,169,640,-471
121000984,18,33,-15
121000985,181,918,-737
121000986,56,658,-602
121000987,216,2421,-2205
121000988,321,179,142
121001302,348,111,237
121001308,13,15,-2
121001309,67,63,4
121001313,96,531,-435
121001314,5856,5311,545
121001315,5123,1752,3371
121900001,68,184,-116
121900002,25,18,7
121900003,211,18,193
121900004,83,502,-419
121900005,65,56,9
121900006,51,16,35
121900007,2031,2293,-262
121900008,3543,104,3439
121900009,448,13,435
121900010,261,6,255
121900011,377,621,-244
121900012,1,0,1
121900013,767,10,757
121900014,1275,406,869
121900015,89,180,-91
121900016,4,45,-41
121900017,281,564,-283
121900018,186,12,174
121900019,175,386,-211
121900020,43,1,42
121900021,483,13,470
121900022,196,145,51
121900023,47,327,-280
121900024,415,54,361
121900025,379,248,131
121900026,210,45,165
121900027,224,90,134
121900028,197,3,194
121900029,57,153,-96
121900030,352,389,-37
121900031,874,2477,-1603
121900032,84,75,9
121900033,125,100,25
121900034,111,74,37
121900035,2914,1457,1457
121900036,53,353,-300
121900037,136,764,-628
121900038,12,136,-124
121900039,229,20,209
121900040,10,63,-53
121900041,41,131,-90
121900042,156,119,37
121900043,1,2,-1
121900044,343,21,322
121900046,251,174,77
121900047,101,24,77
121900048,17,168,-151
121900050,15,40,-25
121900051,64,162,-98
121900052,64,32,32
121900053,289,182,107
121900054,553,992,-439
121900055,2,13,-11
121900058,46,327,-281
121900059,229,83,146
121900060,66,268,-202
121900061,142,215,-73
121900062,127,31,96
121900063,398,245,153
121900064,111,1027,-916
121900066,9,34,-25
121900067,0,7,-7
121900069,256,157,99
121900070,185,120,65
121900071,71,250,-179
121900072,24,162,-138
121900073,127,191,-64
121900074,672,304,368
121900075,315,156,159
121900076,173,810,-637
121900077,6,34,-28
121900078,18,89,-71
121900079,0,0,0
121900080,434,505,-71
121900082,14,102,-88
121900084,7,271,-264
121900085,0,19,-19
121900086,3,53,-50
121900087,201,95,106
121900088,3620,2029,1591
121900089,56,487,-431
121900090,5,112,-107
121900091,9,153,-144
121900092,75,124,-49
121900093,63,54,9
121900094,11,1,10
121900095,110,85,25
121900096,1936,498,1438
121900097,144,151,-7
121900098,0,1,-1
121900099,69,102,-33
121900100,77,182,-105
121900101,102,107,-5
121900102,4,108,-104
121900103,518,218,300
121900104,756,201,555
121900105,38,83,-45
121900106,1,1,0
121900107,17,58,-41
121900108,0,0,0
121900109,259,68,191
121900110,114,1629,-1515
121900111,752,106,646
121900112,108,100,8
121900113,24,133,-109
121900114,1,0,1
121900115,56,281,-225
121900117,143,32,111
121900118,2763,259,2504
121900119,83,156,-73
121900120,20,1284,-1264
121900121,513,80,433
121900122,12,19,-7
121900123,340,354,-14
121900124,117,198,-81
121900125,970,957,13
121900127,18,89,-71
121900128,39,200,-161
121900129,1631,57,1574
121900130,88,289,-201
121900131,109,108,1
121900132,17,185,-168
121900133,39,49,-10
121900134,3,109,-106
121900135,2928,345,2583
121900136,104,650,-546
121900137,43,281,-238
121900138,67,253,-186
121900139,308,393,-85
121900140,23,162,-139
121900141,74,29,45
121900142,33,123,-90
121900143,3,203,-200
121900144,264,432,-168
121900145,126,125,1
121900146,330,811,-481
121900147,44,263,-219
121900148,73,288,-215
121900149,247,784,-537
121900150,67,259,-192
121900151,43,240,-197
121900152,34,158,-124
121900153,65,570,-505
121900154,18,120,-102
121900155,0,75,-75
121900156,190,145,45
121900157,4,497,-493
121900158,85,91,-6
121900159,2,222,-220
121900160,31,251,-220
121900161,459,281,178
121900162,83,85,-2
121900163,57,1083,-1026
121900164,209,239,-30
121900165,92,235,-143
121900166,52,244,-192
121900167,68,94,-26
121900168,174,124,50
121900169,12,443,-431
121900170,11,195,-184
121900171,373,529,-156
121900172,183,286,-103
121900173,785,148,637
121900174,11,63,-52
121900175,38,175,-137
121900176,445,2169,-1724
121900177,110,62,48
121900178,13,53,-40
121900179,267,135,132
121900180,7639,2642,4997
121900182,223,280,-57
121900183,441,305,136
121900184,32,711,-679
121900186,4,448,-444
121900187,29,131,-102
121900188,719,325,394
121900189,44,150,-106
121900190,171,457,-286
121900191,65,68,-3
121900192,616,497,119
121900193,11,190,-179
121900194,3,178,-175
121900195,108,133,-25
121900196,690,1136,-446
121900197,372,2325,-1953
121900198,1103,830,273
121900199,1,34,-33
121900200,61,184,-123
121900201,1087,571,516
121900202,128,350,-222
121900203,290,696,-406
121900204,1225,690,535
121900205,3,153,-150
121900206,3,8,-5
121900207,277,34,243
121900208,78,264,-186
121900209,42,27,15
121900210,634,995,-361
121900211,3,100,-97
121900212,146,132,14
121900213,34,102,-68
121900214,3,430,-427
121900215,47,80,-33
121900216,22,56,-34
121900217,258,84,174
121900218,222,456,-234
121900220,116,4,112
121900221,254,562,-308
121900222,30,197,-167
121900223,84,66,18
121900224,18,53,-35
121900225,61,46,15
121900226,209,2598,-2389
121900227,140,451,-311
121900228,172,292,-120
121900229,174,260,-86
121900230,85,75,10
121900231,788,280,508
121900232,396,300,96
121900233,263,345,-82
121900234,178,481,-303
121900235,172,272,-100
121900236,223,147,76
121900237,169,247,-78
121900238,110,191,-81
121900239,120,60,60
121900240,180,177,3
121900241,18,65,-47
121900242,0,0,0
121900243,1,0,1
121900244,4,0,4
121900245,145,164,-19
121900246,1184,486,698
121900247,286,331,-45
121900248,1350,619,731
121900250,224,232,-8
121900251,329,22,307
121900252,832,145,687
121900253,105,891,-786
121900254,520,297,223
121900255,120,48,72
121900258,2218,1104,1114
121900259,356,387,-31
121900260,31,189,-158
121900261,94,442,-348
121900262,309,624,-315
121900263,99,310,-211
121900264,2898,1398,1500
121900265,188,500,-312
121900266,143,205,-62
121900267,25,13,12
121900269,133,257,-124
121900270,10,138,-128
121900271,22,212,-190
121900273,386,980,-594
121900274,51,253,-202
121900276,8,6,2
121900277,199,1836,-1637
121900278,61,891,-830
121900279,70,339,-269
121900280,134,361,-227
121900281,941,67,874
121900284,185,7,178
121900286,28,247,-219
121900287,4,13,-9
121900290,208,255,-47
121900291,324,507,-183
121900292,88,68,20
121900293,932,3500,-2568
121900294,269,2,267
121900295,54,306,-252
121900296,110,39,71
121900298,152,324,-172
121900299,0,0,0
121900300,1,0,1
121900301,4,0,4
121900302,0,78,-78
121900303,181,490,-309
121900304,5,2,3
121900305,0,0,0
121900306,12,3,9
121900307,10,27,-17
121900308,7,544,-537
121900309,13,361,-348
121900310,16,642,-626
121900311,98,20,78
121900312,69,3,66
121900313,92,21,71
121900314,3,76,-73
121900315,2,0,2
121900316,0,12,-12
121900317,2,0,2
121900318,1,28,-27
121900319,3,9,-6
121900320,77,77,0
121900321,0,0,0
121900322,4,38,-34
121900323,13,20,-7
121900324,4,32,-28
121900325,0,0,0
121900326,3,47,-44
121900327,1,80,-79
121900328,0,32,-32
121900329,2,267,-265
121900330,2,31,-29
121900331,60,12,48
121900332,28,22,6
121900333,4,4,0
122000001,2928,3220,-292
122000002,6893,1515,5378
122000003,2798,1675,1123
122000004,3541,1204,2337
122000005,2855,874,1981
122000006,2220,430,1790
122000007,1056,817,239
122000008,7478,3297,4181
122000009,764,200,564
122000010,2446,2534,-88
122000011,4347,823,3524
122000012,1223,959,264
122000013,1773,1025,748
122000014,1440,1590,-150
122000015,1285,1049,236
122000016,343,952,-609
122000017,1188,1098,90
122000018,1237,1306,-69
122000019,636,1763,-1127
122000020,181,204,-23
122000021,861,397,464
122000022,1222,1656,-434
122000023,456,3253,-2797
122000024,1119,835,284
122000025,1532,1046,486
122000026,2392,782,1610
122000027,683,3902,-3219
122000028,787,320,467
122000029,382,275,107
122000030,310,72,238
122000031,122,163,-41
122000032,1070,2377,-1307
122000033,810,603,207
122000034,565,534,31
122000035,396,652,-256
122000036,413,754,-341
122000037,400,361,39
122000038,302,443,-141
122000039,558,474,84
122000040,417,224,193
122000041,314,502,-188
122000042,164,336,-172
122000043,126,135,-9
122000044,113,152,-39
122000045,943,485,458
122000046,509,998,-489
122000047,219,159,60
122000048,3693,3305,388
122000049,5626,2816,2810
122000050,1380,546,834
122000051,320,239,81
122000052,437,168,269
122000053,111,501,-390
122000054,2156,2075,81
122000055,1834,2248,-414
122000056,4811,2983,1828
122000057,3812,2269,1543
122000058,4067,1076,2991
122000059,3165,1295,1870
122000060,1291,503,788
122000061,706,231,475
122000062,1510,298,1212
122000063,711,392,319
122000064,3089,3007,82
122000065,5874,3341,2533
122000066,1206,1213,-7
122000067,1324,1323,1
122000068,844,1378,-534
122000069,528,922,-394
122000070,509,3329,-2820
122000071,961,1770,-809
122000072,285,293,-8
122000073,291,345,-54
122000074,1453,1538,-85
122000075,438,1170,-732
122000076,1232,1097,135
122000077,1265,605,660
122000078,3025,1582,1443
122000079,992,723,269
122000080,686,305,381
122000081,148,195,-47
122000082,1585,743,842
122000083,1165,3884,-2719
122000084,891,833,58
122000085,251,2691,-2440
122000086,2426,3393,-967
122000087,570,140,430
122000088,481,179,302
122000089,7232,4012,3220
122000090,294,389,-95
122000091,221,93,128
122000092,127,7,120
122000093,1324,1185,139
122000094,9429,1818,7611
122000095,4379,1423,2956
122000096,3273,1017,2256
122000098,3961,1550,2411
122000099,2096,789,1307
122000100,1608,793,815
122000101,227,1617,-1390
122000102,1715,1373,342
122000103,1138,1686,-548
122000104,235,203,32
122000105,206,319,-113
122000106,672,432,240
122000107,788,571,217
122000108,388,1127,-739
122000109,255,336,-81
122000110,295,606,-311
122000111,3232,1420,1812
122000112,628,1706,-1078
122000113,450,891,-441
122000114,2902,1414,1488
122000115,2085,1119,966
122000116,610,941,-331
122000117,1229,543,686
122000118,442,1038,-596
122000119,3752,2029,1723
122000120,7284,3160,4124
122000121,9469,2742,6727
122000122,1307,1870,-563
122000123,6209,1484,4725
122000124,2572,691,1881
122000125,566,844,-278
122000126,1520,933,587
122000127,4113,1089,3024
122000128,1349,1742,-393
122000129,270,435,-165
122000130,4056,355,3701
122000131,4592,461,4131
122000132,1902,633,1269
122000133,1407,3033,-1626
122000134,522,637,-115
122000135,798,1477,-679
122000136,373,145,228
122000137,923,702,221
122000139,1579,3517,-1938
122000140,1293,508,785
122000141,8198,1067,7131
122000142,677,717,-40
122000143,1142,218,924
122000144,4282,1012,3270
122000145,2076,904,1172
122000146,911,1188,-277
122000147,1140,432,708
122000148,2851,1449,1402
122000149,2809,1506,1303
122000150,1996,1258,738
122000151,408,420,-12
122000152,819,454,365
122000153,731,324,407
122000154,543,260,283
122000155,2644,2288,356
122000156,2975,2193,782
122000157,2077,1511,566
122000158,359,665,-306
122000159,2771,2209,562
122000160,13901,790,13111
122000161,2206,886,1320
122000162,2614,1907,707
122000163,395,56,339
122000164,45,104,-59
122000165,887,735,152
122000166,844,766,78
122000167,188,220,-32
122000168,224,528,-304
122000169,389,156,233
122000170,253,272,-19
122000171,28,73,-45
122000172,1518,1546,-28
122000173,1844,2211,-367
122000174,1610,789,821
122000175,1163,353,810
122000176,265,661,-396
122000177,1577,1422,155
122000178,3249,1820,1429
122000179,2478,2422,56
122000180,1898,1011,887
122000181,3250,2520,730
122000182,4338,863,3475
122000183,2157,980,1177
122000184,5761,2124,3637
122000185,1710,1242,468
122000186,667,772,-105
122000187,1313,2321,-1008
122000188,934,246,688
122000189,316,331,-15
122000190,963,1454,-491
122000191,1138,415,723
122000192,829,408,421
122000193,294,763,-469
122000194,508,195,313
122000195,99,404,-305
122000196,825,715,110
122000197,583,792,-209
122000198,477,1154,-677
122000199,357,331,26
122000200,1144,497,647
122000201,1282,1650,-368
122000202,1001,1282,-281
122000203,3955,1668,2287
122000204,1998,2139,-141
122000205,1562,1118,444
122000206,2402,1184,1218
122000207,1293,2051,-758
122000208,1682,2213,-531
122000209,1872,359,1513
122000210,1232,2612,-1380
122000211,975,1643,-668
122000212,541,624,-83
122000213,893,1420,-527
122000214,1784,2658,-874
122000215,1745,1477,268
122000217,2160,1608,552
122000218,443,43,400
122000219,1734,1481,253
122000220,288,1079,-791
122000221,108,450,-342
122000222,563,70,493
122000223,752,664,88
122000225,575,557,18
122000226,1090,2519,-1429
122000227,307,1932,-1625
122000228,515,665,-150
122000229,26,443,-417
122000230,66,1463,-1397
122000231,265,1066,-801
122000232,597,1246,-649
122000233,1,211,-210
122000234,60,249,-189
122000235,290,344,-54
122000236,322,313,9
122000237,59,71,-12
122000238,84,155,-71
122000239,443,149,294
122000240,832,365,467
122000241,357,369,-12
122000242,396,56,340
122000243,20,32,-12
122000244,9,487,-478
122000245,14,225,-211
122000246,1,61,-60
122000247,849,820,29
122000248,1626,3580,-1954
122000249,214,560,-346
122000250,1578,450,1128
122000251,356,375,-19
122000252,677,96,581
122000253,20,473,-453
122000254,149,87,62
122000255,656,3195,-2539
122000256,503,2148,-1645
122000257,153,638,-485
122000258,83,260,-177
122000259,28,998,-970
122000260,4,162,-158
122000261,0,207,-207
122000262,0,82,-82
122000263,62,182,-120
122000264,380,737,-357
122000265,1575,965,610
122000266,3351,537,2814
122000267,61,193,-132
122000268,89,634,-545
122000269,475,430,45
122000270,355,166,189
122000271,262,1397,-1135
122000272,279,1500,-1221
122000273,224,652,-428
122000274,47,237,-190
122000275,22,157,-135
122000276,252,751,-499
122000277,649,1586,-937
122000278,509,1333,-824
122000279,117,1258,-1141
122000280,833,1492,-659
122000281,545,1197,-652
122000282,91,296,-205
122000283,322,74,248
122000284,67,148,-81
122000285,238,158,80
122000286,113,264,-151
122000287,685,1372,-687
122000288,177,283,-106
122000291,591,337,254
122000293,441,731,-290
122000294,80,147,-67
122000295,1066,132,934
122000296,61,669,-608
122000297,3910,1944,1966
122000299,262,434,-172
122000300,363,469,-106
122000301,20117,2566,17551
122000302,1135,494,641
122000303,5445,1351,4094
122000304,10,209,-199
122000305,745,383,362
122000306,24,1086,-1062
122000307,213,147,66
122000309,30,70,-40
122000310,2,11,-9
122000311,14,36,-22
122000312,41,23,18
122000313,3,35,-32
122000314,51,250,-199
122000315,99,11,88
122000316,211,235,-24
122000317,494,224,270
122000318,165,308,-143
122000319,330,788,-458
122000320,471,3298,-2827
122000321,70,359,-289
122000322,2940,1619,1321
122000323,1979,1105,874
122000324,1365,1151,214
122000325,1021,945,76
122000326,16,184,-168
122000327,143,491,-348
122000328,2930,1710,1220
122000330,2515,770,1745
122000332,212,395,-183
122000333,12,199,-187
122000337,477,4489,-4012
122000338,178,975,-797
122000340,330,230,100
122000342,2985,1718,1267
122000343,419,1975,-1556
122000344,23,28,-5
122000345,15,67,-52
122000346,345,892,-547
122000348,470,881,-411
122000349,187,1114,-927
122000351,67,253,-186
122000352,408,46,362
122000353,32,201,-169
122000355,109,183,-74
122000356,1710,1113,597
122000357,22,23,-1
122000358,1,178,-177
122000359,0,80,-80
122000360,1,134,-133
122000362,13,165,-152
122000364,67,680,-613
122000365,2,27,-25
122000366,10,11,-1
122000368,451,1071,-620
122000370,7,142,-135
122000371,1,0,1
122000372,2,0,2
122000381,28,373,-345
122000382,72,470,-398
122000384,4176,2112,2064
122000385,13,0,13
122000386,286,782,-496
122000387,311,680,-369
122000388,1700,339,1361
122000389,187,985,-798
122000390,365,262,103
122000391,231,103,128
122000392,242,422,-180
122000393,24,264,-240
122000394,229,460,-231
122000395,134,227,-93
122000396,167,128,39
122000397,27,177,-150
122000398,9,33,-24
122000399,51,110,-59
122000400,121,376,-255
122000401,113,127,-14
122000402,94,60,34
122000403,339,1913,-1574
122000404,95,412,-317
122000408,1051,1433,-382
122000503,12,57,-45
122000524,201,101,100
122000544,25,1272,-1247
122000616,1247,5,1242
122000640,20,303,-283
122000641,38,821,-783
122000642,912,1672,-760
122000643,11,95,-84
122000644,190,37,153
122000645,101,176,-75
122000651,1597,665,932
122000664,159,55,104
122000665,1161,681,480
122000666,463,1564,-1101
122000673,13,487,-474
122000674,75,73,2
122000675,982,1637,-655
122000686,272,2006,-1734
122000687,327,520,-193
122000688,197,1338,-1141
122000689,253,941,-688
122000690,353,1094,-741
122000691,283,3544,-3261
122000692,731,497,234
122000693,486,3199,-2713
122000695,120,751,-631
122000696,134,384,-250
122000698,64,1496,-1432
122000699,151,147,4
122000701,795,402,393
122000702,461,2889,-2428
122000703,189,25,164
122000717,255,55,200
122000718,492,310,182
122000719,27,51,-24
122000720,82,321,-239
122000724,29,5,24
122900001,7,3,4
122900002,1063,1267,-204
122900003,162,29,133
122900004,477,8,469
122900005,66,31,35
122900006,540,266,274
122900007,146,10,136
122900008,526,65,461
122900009,957,273,684
122900010,120,124,-4
122900012,424,428,-4
122900014,164,366,-202
122900015,2682,261,2421
122900016,59,440,-381
122900017,832,1097,-265
122900018,170,8,162
122900019,17,209,-192
122900020,399,544,-145
122900021,74,661,-587
122900022,294,1302,-1008
122900023,191,416,-225
122900024,122,86,36
122900025,13,231,-218
122900026,204,531,-327
122900027,42,817,-775
122900028,109,210,-101
122900029,5327,1511,3816
122900030,1737,496,1241
122900031,101,145,-44
122900032,178,247,-69
122900033,141,220,-79
122900034,4304,3252,1052
122900035,7,12,-5
122900036,9,87,-78
122900037,259,201,58
122900038,151,1565,-1414
122900039,152,316,-164
122900040,100,416,-316
122900041,153,262,-109
122900042,96,359,-263
122900043,265,188,77
122900044,89,384,-295
122900045,54,107,-53
122900046,141,88,53
122900047,97,143,-46
122900048,45,143,-98
122900049,1952,100,1852
122900051,78,80,-2
122900052,13,105,-92
122900053,16,16,0
122900055,234,109,125
122900057,213,8,205
122900061,412,73,339
122900062,266,397,-131
122900063,80,602,-522
122900064,970,921,49
122900065,255,154,101
122900066,271,248,23
122900067,2317,1046,1271
122900068,279,618,-339
122900069,223,936,-713
122900070,120,31,89
122900071,80,620,-540
122900072,16,832,-816
122900073,58,399,-341
122900074,142,1138,-996
122900075,0,76,-76
122900076,5,220,-215
122900077,0,274,-274
122900078,42,271,-229
122900080,51,24,27
122900081,134,113,21
122900082,436,223,213
122900083,124,130,-6
122900084,8,266,-258
122900086,12,22,-10
122900087,66,821,-755
122900088,49,65,-16
122900089,13,136,-123
122900090,16,870,-854
122900091,61,1,60
122900092,2,500,-498
122900093,1,566,-565
122900094,4,407,-403
122900095,73,2,71
122900096,48,370,-322
122900097,19,8,11
122900098,137,158,-21
122900099,3,3,0
122900100,278,155,123
122900101,869,169,700
122900102,11,10,1
122900103,18,9,9
122900104,30,5,25
122900105,0,3,-3
122900106,1,142,-141
122900107,3,298,-295
122900108,4,304,-300
123000001,2569,493,2076
123000002,7685,2580,5105
123000003,4484,2580,1904
123000004,4605,5749,-1144
123000005,2571,2427,144
123000006,4033,3928,105
123000007,2742,2525,217
123000008,2836,5308,-2472
123000009,4444,3401,1043
123000010,5153,4869,284
123000011,3825,1120,2705
123000012,1374,3237,-1863
123000013,3638,1204,2434
123000014,1679,4928,-3249
123000015,4870,820,4050
123000016,9289,3327,5962
123000017,3571,1608,1963
123000018,36,84,-48
123000019,93,585,-492
123000020,76,179,-103
123000021,21,116,-95
123000022,430,715,-285
123000023,1279,1342,-63
123000024,821,477,344
123000025,6,64,-58
123000026,2,61,-59
123000027,101,376,-275
123000028,332,246,86
123000029,589,428,161
123000030,108,1185,-1077
123000031,63,553,-490
123000032,156,394,-238
123000033,135,38,97
123000034,525,472,53
123000035,212,311,-99
123000036,192,580,-388
123000037,161,538,-377
123000038,84,190,-106
123000039,793,910,-117
123000040,1222,580,642
123000041,838,466,372
123000042,717,822,-105
123000043,4544,4144,400
123000044,7479,2701,4778
123000045,15417,1728,13689
123000046,1078,884,194
123000047,3470,1111,2359
123000048,103,280,-177
123000049,9211,4168,5043
123000050,896,1221,-325
123000051,124,134,-10
123000052,654,2094,-1440
123000053,3177,2460,717
123000054,1333,1304,29
123000055,3539,1359,2180
123000056,1417,2638,-1221
123000057,24051,5630,18421
123000058,643,699,-56
123000059,336,643,-307
123000060,852,515,337
123000061,147,831,-684
123000063,993,651,342
123000064,821,248,573
123000065,13115,4505,8610
123000066,1400,976,424
123000067,316,702,-386
123000068,3828,4806,-978
123000069,13475,6399,7076
123000070,327,969,-642
123000071,539,1461,-922
123000072,847,2384,-1537
123000073,638,1042,-404
123000074,1067,2939,-1872
123000075,351,789,-438
123000076,566,2095,-1529
123000077,2007,4924,-2917
123000078,790,2040,-1250
123000079,805,2532,-1727
123000080,1857,3732,-1875
123000081,225,857,-632
123000082,457,1515,-1058
123000083,751,88,663
123000084,238,1006,-768
123000085,73,166,-93
123000086,134,576,-442
123000087,111,708,-597
123000088,1219,1983,-764
123000089,315,1598,-1283
123000090,1150,1615,-465
123000091,1872,1564,308
123000092,1434,1336,98
123000094,330,375,-45
123000095,317,685,-368
123000096,233,632,-399
123000097,241,1617,-1376
123000098,400,654,-254
123000099,382,1017,-635
123000100,513,610,-97
123000101,662,407,255
123000102,602,710,-108
123000104,421,302,119
123000105,620,601,19
123000106,678,267,411
123000107,541,650,-109
123000108,1388,1557,-169
123000111,447,267,180
123000112,509,699,-190
123000113,629,2582,-1953
123000114,432,452,-20
123000115,178,399,-221
123000116,28,261,-233
123000117,1808,3441,-1633
123000118,449,1356,-907
123000119,220,1483,-1263
123000120,371,1365,-994
123000121,370,718,-348
123000122,239,310,-71
123000123,485,581,-96
123000124,626,638,-12
123000125,1199,678,521
123000126,2485,1742,743
123000127,2252,929,1323
123000128,388,555,-167
123000129,337,223,114
123000130,337,66,271
123000131,533,416,117
123000132,559,691,-132
123000133,674,525,149
123000134,1075,234,841
123000135,1147,1782,-635
123000136,157,1812,-1655
123000137,80,596,-516
123000138,58,679,-621
123000139,400,101,299
123000140,221,1071,-850
123000141,1098,94,1004
123000142,985,1358,-373
123000143,1178,3402,-2224
123000144,28,14,14
123000145,232,96,136
123000146,76,117,-41
123000147,57,121,-64
123000149,427,389,38
123000150,330,289,41
123000151,344,498,-154
123000152,54,455,-401
123000153,182,504,-322
123000154,2944,1663,1281
123000155,3604,1147,2457
123000156,72,109,-37
123000157,801,1174,-373
123000158,997,561,436
123000159,3253,1794,1459
123000160,685,397,288
123000161,1275,681,594
123000162,692,1270,-578
123000163,200,46,154
123000164,614,223,391
123000165,329,2941,-2612
123000166,46,248,-202
123000167,66,382,-316
123000168,215,474,-259
123000169,368,89,279
123000170,32,536,-504
123000171,139,33,106
123000172,250,1048,-798
123000173,787,120,667
123000174,721,169,552
123000175,1316,1983,-667
123000176,845,91,754
123000177,471,1514,-1043
123000178,437,79,358
123000179,25,1173,-1148
123000180,971,285,686
123000181,432,2200,-1768
123000182,133,801,-668
123000183,175,134,41
123000184,129,1338,-1209
123000185,210,470,-260
123000186,4,1011,-1007
123000187,273,3,270
123000188,96,2,94
123000189,97,338,-241
123000190,10,80,-70
123000192,21,652,-631
123000193,29,903,-874
123000194,494,338,156
123000195,270,8,262
123000196,98,3,95
123000197,33,155,-122
123000198,1,306,-305
123000199,5,677,-672
123000200,217,9,208
123000201,471,12,459
123000202,24,1812,-1788
123000203,450,33,417
123000204,46,1683,-1637
123000205,339,3020,-2681
123000206,763,96,667
123000207,52,1298,-1246
123000208,145,46,99
123000209,793,209,584
123000210,387,2264,-1877
123000211,695,4343,-3648
123000212,1136,266,870
123000213,265,30,235
123000215,109,108,1
123000216,305,1017,-712
123000217,139,37,102
123000218,108,339,-231
123000219,1075,22,1053
123000220,360,51,309
123000221,125,198,-73
123000222,251,1080,-829
123000223,130,848,-718
123000224,488,1015,-527
123000225,168,115,53
123000226,94,559,-465
123000227,70,501,-431
123000228,145,56,89
123000229,1453,2966,-1513
123000232,94,794,-700
123000233,520,93,427
123000234,154,876,-722
123000235,208,320,-112
123000236,158,1449,-1291
123000237,188,64,124
123000238,43,1053,-1010
123000239,483,3228,-2745
123000240,25,264,-239
123000241,1186,132,1054
123000242,80,329,-249
123000243,477,1225,-748
123000244,844,575,269
123000245,55,189,-134
123000249,527,630,-103
123000252,507,170,337
123000253,346,311,35
123000254,498,1650,-1152
123000255,661,822,-161
123000256,15,339,-324
123000257,4592,3274,1318
123000258,1279,1835,-556
123000259,129,446,-317
123000260,281,965,-684
123000261,77,445,-368
123000262,60,312,-252
123000263,246,114,132
123000264,161,36,125
123000265,49,172,-123
123000266,463,887,-424
123000267,287,252,35
123000268,15,65,-50
123000269,17,58,-41
123000270,15,23,-8
123000271,45,102,-57
123000272,909,179,730
123000273,191,382,-191
123000274,869,384,485
123000275,301,1428,-1127
123000278,4273,3194,1079
123000279,29,104,-75
123000280,248,488,-240
123000281,198,84,114
123000282,101,375,-274
123000283,54,36,18
123000284,47,190,-143
123000286,394,249,145
123000287,673,278,395
123000288,692,360,332
123000289,502,471,31
123000291,387,1102,-715
123000294,127,272,-145
123000295,782,935,-153
123000296,182,435,-253
123000297,245,1198,-953
123000298,244,996,-752
123000299,38,412,-374
123000300,594,652,-58
123000301,60,205,-145
123000302,74,212,-138
123000303,41,113,-72
123000305,1085,976,109
123000306,29,387,-358
123000309,30,80,-50
123000310,51,37,14
123000311,1,233,-232
123000312,832,1537,-705
123000313,145,284,-139
123000315,60,491,-431
123000316,1850,44,1806
123000317,201,51,150
123000318,26,467,-441
123000329,9,27,-18
123000337,110,303,-193
123000338,323,68,255
123000339,61,466,-405
123000340,199,602,-403
123000342,1,2,-1
123000343,29,0,29
123000344,1090,601,489
123000345,443,989,-546
123000346,173,89,84
123000352,2804,962,1842
123000353,19,168,-149
123000354,75,2,73
123000355,0,464,-464
123000356,73,3,70
123000357,2,377,-375
123000359,0,345,-345
123000360,78,6,72
123000361,609,322,287
123000362,140,150,-10
123000363,74,319,-245
123000364,414,260,154
123000365,25,260,-235
123000366,267,1321,-1054
123000367,297,1693,-1396
123000370,21,441,-420
123000371,352,13,339
123000372,151,10,141
123000373,6,546,-540
123000374,6,232,-226
123000375,180,8,172
123000376,573,604,-31
123000377,188,23,165
123000378,3,776,-773
123000379,3,288,-285
123000380,53,228,-175
123000381,156,40,116
123000382,1030,23,1007
123000383,236,692,-456
123000384,397,74,323
123000385,445,600,-155
123000436,50,1147,-1097
123000507,294,444,-150
123000508,407,456,-49
123000517,296,19,277
123000518,63,241,-178
123000519,138,73,65
123000520,61,257,-196
123000521,314,108,206
123000522,206,710,-504
123000541,0,0,0
123000542,0,44,-44
123000565,156,14,142
123000566,37,1249,-1212
123000567,92,423,-331
123000573,56,1702,-1646
123000574,458,81,377
123000575,1191,1796,-605
123000576,586,2623,-2037
123000577,83,499,-416
123000578,784,152,632
123000579,7477,2583,4894
123000580,62,15,47
123000582,140,15,125
123000583,16,759,-743
123000584,147,297,-150
123000585,0,202,-202
123000586,39,30,9
123000596,77,149,-72
123000597,31,110,-79
123000602,7,0,7
123000603,199,988,-789
123000604,246,1775,-1529
123000605,703,144,559
123000606,1,238,-237
123000609,17,521,-504
123000610,161,134,27
123000613,35,133,-98
123000614,270,55,215
123000615,58,178,-120
123000616,421,51,370
123000617,35,1138,-1103
123000618,37,968,-931
123000619,645,24,621
123000620,12,844,-832
123000622,247,35,212
123000624,137,40,97
123000630,382,497,-115
123000631,153,3058,-2905
123000632,1325,1473,-148
123000633,1,221,-220
123000634,59,33,26
123000635,319,119,200
123000636,21,1021,-1000
123000637,150,205,-55
123000638,426,139,287
123000639,1161,2508,-1347
123000640,31,1505,-1474
123900001,1837,113,1724
123900002,15,1013,-998
123900003,487,899,-412
123900005,135,101,34
123900006,85,28,57
124000001,1443,123,1320
124000002,137,2094,-1957
124000003,305,132,173
124000004,42,1017,-975
124000005,461,197,264
124000006,203,2280,-2077
124000007,680,111,569
124000008,10,423,-413
124000009,176,380,-204
124000010,106,745,-639
124000011,457,372,85
124000012,199,1417,-1218
124000017,34,186,-152
124000018,64,205,-141
124000019,65,145,-80
124000020,61,350,-289
124000021,47,89,-42
124000022,149,426,-277
124000023,1110,1337,-227
124000024,1012,732,280
124000025,913,1264,-351
124000026,1285,1303,-18
124000027,5986,2889,3097
124000028,3914,4264,-350
124000030,4063,1187,2876
124000031,659,854,-195
124000032,6861,1551,5310
124000033,120,110,10
124000034,2929,727,2202
124000035,18,48,-30
124000036,68,183,-115
124000037,349,262,87
124000038,54,23,31
124000039,1821,239,1582
124000040,812,451,361
124000041,391,86,305
124000042,102,450,-348
124000043,25,59,-34
124000044,41,419,-378
124000045,356,692,-336
124000046,183,899,-716
124000047,599,1051,-452
124000048,357,2657,-2300
124000049,612,753,-141
124000050,400,3344,-2944
124000051,358,671,-313
124000052,332,2053,-1721
124000053,400,893,-493
124000054,592,1102,-510
124000055,914,1165,-251
124000056,5046,1562,3484
124000057,482,400,82
124000058,447,1853,-1406
124000059,336,504,-168
124000060,1098,1064,34
124000061,1165,2051,-886
124000062,7041,2057,4984
124000063,1425,2025,-600
124000064,3027,2650,377
124000065,17,114,-97
124000066,103,45,58
124000067,31,326,-295
124000068,8,17,-9
124000069,58,19,39
124000070,24,242,-218
124000071,199,99,100
124000072,262,906,-644
124000073,517,63,454
124000074,167,1510,-1343
124000075,81,12,69
124000076,0,398,-398
124000077,2425,567,1858
124000078,3521,279,3242
124000079,1159,1113,46
124000080,379,134,245
124000081,163,1202,-1039
124000082,14,179,-165
124000083,58,239,-181
124000084,18,148,-130
124000085,50,52,-2
124000086,93,71,22
124000087,81,45,36
124000088,255,275,-20
124000089,315,441,-126
124000090,65,542,-477
124000091,148,143,5
124000092,30,743,-713
124000093,101,56,45
124000094,164,407,-243
124000095,43,86,-43
124000096,89,494,-405
124000097,44,102,-58
124000098,51,161,-110
124000099,112,151,-39
124000100,35,110,-75
124000101,24,134,-110
124000102,64,111,-47
124000103,33,94,-61
124000104,68,127,-59
124000105,19,42,-23
124000106,64,103,-39
124000107,5,93,-88
124000108,45,53,-8
124000109,74,64,10
124000110,152,152,0
124000111,115,168,-53
124000112,469,1005,-536
124000113,53,58,-5
124000114,162,735,-573
124000115,389,993,-604
124000116,72,92,-20
124000117,83,75,8
124000118,27,38,-11
124000119,1031,754,277
124000120,511,642,-131
124000121,1722,501,1221
124000122,638,1099,-461
124000123,920,395,525
124000124,589,1070,-481
124000125,442,386,56
124000126,485,646,-161
124000127,852,423,429
124000128,701,1442,-741
124000129,1877,1418,459
124000130,909,723,186
124000131,1023,631,392
124000132,949,915,34
124000133,579,854,-275
124000134,743,1172,-429
124000135,1623,1533,90
124000136,1223,1512,-289
124000137,1535,619,916
124000138,2085,1286,799
124000139,285,25,260
124000140,28,617,-589
124000141,67,5,62
124000142,13,134,-121
124000143,9,10,-1
124000144,14,57,-43
124000145,80,26,54
124000146,30,188,-158
124000148,54,33,21
124000149,834,248,586
124000150,480,606,-126
124000151,480,218,262
124000152,686,1389,-703
124000153,490,365,125
124000154,666,990,-324
124000155,944,494,450
124000156,1455,1091,364
124000169,149,311,-162
124000170,788,530,258
124000171,182,300,-118
124000172,356,725,-369
124000173,230,357,-127
124000174,172,986,-814
124000175,4,235,-231
124000176,6,10,-4
124000177,42,80,-38
124000178,59,11,48
124000190,193,28,165
124000191,169,38,131
124000192,1469,250,1219
124000193,368,1557,-1189
124000194,358,846,-488
124000195,188,437,-249
124000196,930,1648,-718
124000197,71,102,-31
124000198,23,20,3
124000201,178,1398,-1220
124000202,334,126,208
124000203,117,1497,-1380
124000204,260,717,-457
124000205,38,931,-893
124000206,124,514,-390
124000207,1,75,-74
124000209,197,883,-686
124000210,126,182,-56
124000211,198,0,198
124000212,5,850,-845
124000213,101,538,-437
124000214,136,1030,-894
124000215,59,4,55
124000216,4,871,-867
124000329,66,3585,-3519
124000338,28,1837,-1809
124000339,176,81,95
124000341,276,58,218
124000344,8,4,4
124000357,779,1200,-421
124000358,833,953,-120
124000359,881,393,488
124000360,435,310,125
124000361,939,689,250
124000362,1833,2524,-691
124000363,393,690,-297
124000364,669,1688,-1019
124000365,774,1377,-603
124000366,2302,1084,1218
124000367,132,903,-771
124000368,168,112,56
124000369,109,46,63
124000370,81,710,-629
124000402,7,8,-1
124000403,20,17,3
124000404,6,168,-162
124000405,1450,743,707
124000406,1189,1173,16
124000407,3,33,-30
124000411,1,789,-788
124000412,67,12,55
124000413,64,41,23
124000414,22,159,-137
124000415,67,328,-261
124000416,98,517,-419
124000417,109,144,-35
124000418,39,221,-182
124000419,48,270,-222
124000420,15,129,-114
124000421,24,470,-446
124000422,29,23,6
124000423,109,54,55
124000424,2,141,-139
124000425,9,0,9
124000426,5,67,-62
124000427,17,13,4
124000428,11,41,-30
124000429,17,75,-58
124000430,480,955,-475
124000431,235,937,-702
124000432,113,1112,-999
124000439,2,9,-7
124000442,4,290,-286
124000443,0,3,-3
124000445,147,193,-46
124000446,2095,31,2064
124900001,183,210,-27
124900002,120,669,-549
124900003,279,517,-238
124900004,147,334,-187
124900005,287,328,-41
124900006,207,323,-116
124900008,1209,498,711
124900009,63,110,-47
124900010,63,53,10
124900011,141,134,7
124900012,227,48,179
124900013,327,91,236
124900014,77,87,-10
124900015,111,158,-47
124900016,24,52,-28
124900017,797,181,616
124900018,7,2,5
124900020,57,57,0
124900021,92,24,68
124900022,11,0,11
124900024,115,7,108
124900026,36,6,30
124900027,45,125,-80
124900028,954,202,752
124900029,16,294,-278
124900030,4,216,-212
124900031,28,513,-485
124900032,278,178,100
124900033,89,596,-507
124900034,9,137,-128
124900035,138,581,-443
124900036,0,51,-51
124900037,114,478,-364
124900038,348,423,-75
124900039,2,13,-11
124900040,34,124,-90
124900041,139,1288,-1149
124900042,31,4,27
124900043,369,1293,-924
124900044,35,2,33
124900045,868,670,198
124900046,2047,229,1818
124900047,79,186,-107
124900048,81,214,-133
124900050,105,257,-152
124900052,79,543,-464
124900053,37,548,-511
124900054,3821,392,3429
124900055,0,124,-124
124900057,7,93,-86
124900060,69,273,-204
124900061,36,10,26
124900062,27,7,20
124900066,0,21,-21
124900067,8,169,-161
124900068,263,217,46
124900070,74,32,42
124900072,34,16,18
124900074,134,345,-211
124900075,45,243,-198
124900076,22,293,-271
124900077,24,114,-90
124900078,48,14,34
124900079,611,60,551
124900080,152,884,-732
124900081,287,214,73
124900082,206,1021,-815
124900083,137,622,-485
124900084,3170,146,3024
124900085,1495,192,1303
124900086,63,384,-321
124900087,444,48,396
124900088,790,86,704
124900089,1499,20,1479
124900090,113,192,-79
124900091,185,855,-670
124900092,117,671,-554
124900093,117,186,-69
124900094,130,261,-131
124900095,46,294,-248
124900096,535,143,392
124900097,256,73,183
124900098,117,538,-421
124900099,744,364,380
124900100,205,37,168
124900101,34,633,-599
124900102,97,12,85
124900103,95,361,-266
124900104,33,267,-234
124900105,29,169,-140
124900106,230,15,215
124900107,54,18,36
124900108,164,22,142
124900109,19,83,-64
124900110,82,551,-469
124900111,0,64,-64
124900112,44,1036,-992
124900113,150,147,3
124900114,269,71,198
124900115,91,59,32
124900116,68,233,-165
124900117,582,160,422
124900118,117,63,54
124900119,204,45,159
124900120,24,521,-497
124900121,81,88,-7
124900122,581,224,357
124900123,415,55,360
124900124,153,120,33
129000186,65,13,52
204000001,9,7,2
204000002,7,5,2
204000003,16,2,14
204000004,17,0,17
204000005,365,245,120
204000006,727,525,202
204000011,9,57,-48
204000012,12,145,-133
204000013,0,42,-42
204000019,379,599,-220
204000020,406,755,-349
204000021,2239,832,1407
204000022,405,668,-263
204000023,331,1688,-1357
204000031,36,40,-4
204000032,482,56,426
204000034,24,538,-514
204000035,1,11,-10
204000036,5,36,-31
204000037,0,19,-19
204000038,0,12,-12
204000039,2,111,-109
204000040,8,67,-59
204000041,6,70,-64
204000042,14,18,-4
204000043,11,27,-16
204000044,7,1,6
204000045,20,19,1
204000046,3,10,-7
204000057,2,162,-160
204000062,3,23,-20
204000068,15,119,-104
204000069,6,129,-123
204000070,58,174,-116
204000080,19,89,-70
204000085,893,2004,-1111
204000086,3044,2433,611
204000087,27,26,1
204000088,10,141,-131
204000090,13,648,-635
204000093,229,28,201
204000096,403,638,-235
204000097,202,7,195
204000099,725,1168,-443
204000100,573,866,-293
204000105,2011,1771,240
204000110,851,1714,-863
204000111,296,1065,-769
204000112,865,1244,-379
204000113,720,1032,-312
204000114,904,433,471
204000115,376,310,66
204000116,1733,523,1210
204000119,1339,1303,36
204000132,242,222,20
204000133,471,274,197
204000134,301,171,130
204000135,271,87,184
204000136,153,257,-104
204000138,204,361,-157
204000140,79,74,5
204000141,80,53,27
204000144,13,31,-18
204000145,634,28,606
204000146,33,549,-516
204000147,25,124,-99
204000148,514,36,478
204000154,2,1,1
204000155,3,4,-1
204000177,39,63,-24
204000179,10,6,4
204000180,0,39,-39
204000222,2,27,-25
204000235,12,17,-5
204000236,68,415,-347
204000238,49,15,34
204000240,367,57,310
204000263,284,1307,-1023
204000268,798,325,473
204000308,191,11,180
204000317,5,63,-58
204000322,5,35,-30
204000323,27,8,19
204000328,205,51,154
204000329,52,94,-42
204000330,157,14,143
204000331,21,171,-150
204010341,18,384,-366
205000001,1317,1565,-248
205000013,14,142,-128
205000014,12,165,-153
205000015,29,393,-364
205000016,16,339,-323
205000017,23,120,-97
205000022,321,647,-326
205000025,1933,1077,856
205000029,108,5,103
205000045,25,203,-178
205000046,53,578,-525
205000047,85,608,-523
205000048,129,1164,-1035
205000049,124,802,-678
205000050,1106,276,830
205000059,1,334,-333
205000060,1,60,-59
205000061,3,37,-34
205000062,0,28,-28
205000063,15,59,-44
205000064,22,147,-125
205000065,39,1034,-995
205000066,86,1025,-939
205000067,63,1362,-1299
205000069,167,27,140
205000082,164,146,18
205000110,40,278,-238
205000111,166,313,-147
205000112,90,105,-15
205000113,316,299,17
205000121,139,46,93
205000123,75,252,-177
205000126,258,32,226
205000127,319,116,203
205000128,315,27,288
205000129,217,40,177
205000130,92,10,82
205000131,89,1,88
205000132,136,0,136
205000133,29,1,28
205000134,112,0,112
205000137,149,186,-37
205000138,368,319,49
205000139,35,107,-72
205000144,57,33,24
205000145,448,81,367
205000151,86,15,71
205000152,97,17,80
205000153,136,26,110
205000154,36,32,4
205000155,55,7,48
205000207,53,216,-163
205000233,3,2,1
205000234,0,0,0
205000243,0,0,0
205000244,0,2,-2
205000245,15,484,-469
205000249,0,57,-57
205000250,0,1,-1
205000264,0,138,-138
206000027,16,1,15
206000028,12,2,10
206000043,29,212,-183
206000053,19,19,0
206000054,19,37,-18
206000055,6,58,-52
206000075,5,4,1
206000076,19,5,14
206000077,22,4,18
206000078,15,7,8
206000079,9,5,4
206000082,487,24,463
206000100,105,1156,-1051
206000103,8,50,-42
206000104,10,36,-26
206000105,7,55,-48
206000106,26,52,-26
206000108,730,35,695
206000125,34,0,34
206000157,199,1211,-1012
206000170,2,451,-449
206000171,2,349,-347
206000172,13,1649,-1636
206000173,1,484,-483
206000174,6,268,-262
206000175,1,350,-349
206000176,24,692,-668
206000177,2,445,-443
206000178,1,339,-338
206000179,17,211,-194
206000180,32,467,-435
206000181,8,621,-613
206000182,36,526,-490
206000183,59,2059,-2000
206000184,9,722,-713
206000185,10,593,-583
206000186,240,2745,-2505
206000223,4,434,-430
206000226,25,0,25
206000227,21,0,21
206000237,43,732,-689
206000238,75,1103,-1028
206000239,879,3790,-2911
206000240,3,86,-83
206000241,0,241,-241
206000242,3,823,-820
206000243,9,756,-747
206000244,81,1636,-1555
206000245,349,64,285
206000246,43,12,31
206000247,64,11,53
206000248,114,22,92
206000252,123,12,111
206000258,26,55,-29
206000315,21,3,18
206000317,244,90,154
206000318,140,53,87
206000319,453,78,375
206000320,56,31,25
206000321,45,11,34
206000322,209,12,197
206000323,89,5,84
206000324,68,3,65
206000325,138,11,127
206000326,79,12,67
206000327,89,9,80
206000328,54,5,49
206000329,117,11,106
206000330,32,6,26
206000331,43,7,36
206000332,27,9,18
206000333,214,2,212
206000334,100,1,99
206000335,0,24,-24
206000361,5,343,-338
206000392,4,67,-63
206000405,85,2,83
206000441,11,9,2
206000498,13,2,11
206000515,206,17,189
206000530,73,41,32
206000531,108,81,27
206000532,1738,107,1631
206000535,531,3492,-2961
206000536,35,407,-372
206000537,15,272,-257
206000613,1341,194,1147
207000001,132,430,-298
207000002,68,335,-267
207000003,149,257,-108
207000007,492,335,157
207000008,50,19,31
207000009,48,34,14
207000010,489,834,-345
207000012,255,318,-63
207000015,360,2458,-2098
207000019,162,92,70
207000021,719,242,477
207000022,60,101,-41
207000023,72,47,25
207000024,3,8,-5
207000025,8,72,-64
207000026,143,95,48
207000027,16,114,-98
207000028,51,339,-288
207000029,261,532,-271
207000033,289,209,80
207000034,146,47,99
207000039,170,170,0
207000040,105,198,-93
207000041,162,113,49
207000042,151,101,50
207000043,158,226,-68
207000051,79,530,-451
207000052,144,290,-146
207000053,533,837,-304
207000054,49,172,-123
207000055,93,271,-178
207000056,296,494,-198
207000057,178,390,-212
207000058,43,553,-510
207000059,24,1015,-991
207000060,69,326,-257
207000061,63,156,-93
207000062,112,50,62
207000063,128,219,-91
207000064,486,290,196
207000065,326,312,14
207000066,74,260,-186
207000067,46,176,-130
207000068,63,74,-11
207000069,701,485,216
207000082,42,556,-514
207000083,113,566,-453
207000084,106,208,-102
207000085,128,6,122
207000086,96,8,88
207000106,8,56,-48
207000107,81,37,44
207000108,29,22,7
207000109,30,13,17
207000110,25,35,-10
207000111,45,51,-6
207000112,111,209,-98
207000114,34,42,-8
207000115,12,130,-118
207000116,20,302,-282
207000117,3,175,-172
207000118,0,139,-139
207000119,15,199,-184
207000123,318,38,280
207000124,33,21,12
207000125,35,35,0
207000126,62,24,38
207000134,26,366,-340
207000135,22,399,-377
207000148,46,163,-117
207000149,83,65,18
207000152,158,492,-334
207000153,1427,1093,334
207000154,338,163,175
207000159,50,342,-292
207000160,55,863,-808
207000238,0,57,-57
207000242,2,253,-251
207000248,56,19,37
207000249,169,74,95
207000250,885,52,833
207000251,97,79,18
207000252,63,87,-24
207000278,41,104,-63
207000279,12,309,-297
207000280,163,72,91
207000281,80,1852,-1772
207000282,119,19,100
207000283,114,271,-157
207000284,62,53,9
207000285,171,33,138
207000291,11,188,-177
207000304,90,94,-4
207000306,32,669,-637
207000310,34,89,-55
207000353,100,1,99
207000356,4,31,-27
207000357,3,8,-5
207000358,10,17,-7
207000415,3,261,-258
207000417,17,3,14
207000418,32,187,-155
207000438,0,2,-2
207000439,1629,294,1335
207000446,72,2,70
207000460,6,7,-1
207000466,147,287,-140
207000467,111,157,-46
207000468,25,632,-607
207000476,4,111,-107
207000477,155,181,-26
207000478,0,9,-9
207000523,0,23,-23
207000524,10,1,9
207000527,76,183,-107
207000530,91,2,89
207000531,119,7,112
207000532,48,5,43
207000534,784,33,751
207000535,46,200,-154
207000537,26,181,-155
207000540,8,281,-273
207000541,4,457,-453
207000548,6,466,-460
207000549,92,8,84
207000561,81,55,26
207000562,35,260,-225
207000567,196,319,-123
207000568,36,140,-104
207000569,161,1875,-1714
207000584,510,139,371
207000585,82,127,-45
207000616,1,260,-259
207000617,38,0,38
207900008,58,326,-268
208000001,364,476,-112
208000002,391,414,-23
208000003,544,462,82
208000004,732,632,100
208000005,0,23,-23
208000019,428,940,-512
208000020,85,506,-421
208000021,78,656,-578
208000022,505,781,-276
208000028,1503,1368,135
208000033,335,724,-389
208000034,945,1619,-674
208000040,118,204,-86
208000041,636,544,92
208000042,570,603,-33
208000047,100,409,-309
208000064,2903,1201,1702
208000066,1395,626,769
208000070,162,518,-356
208000071,203,865,-662
208000072,223,1271,-1048
208000080,72,298,-226
208000081,104,153,-49
208000082,139,352,-213
208000083,49,429,-380
208000084,3,15,-12
208000085,642,554,88
208000086,290,986,-696
208000087,244,731,-487
208000089,487,743,-256
208000090,373,1182,-809
208000093,33,127,-94
208000094,282,575,-293
208000095,503,435,68
208000104,566,876,-310
208000105,577,1081,-504
208000114,33,110,-77
208000115,347,302,45
208000116,119,1042,-923
208000117,17,147,-130
208000118,57,108,-51
208000155,404,900,-496
208000158,1641,2399,-758
208000186,3159,1351,1808
208000204,277,803,-526
208000205,635,1438,-803
208000282,3568,921,2647
209000004,69,194,-125
209000005,12,21,-9
209000006,221,108,113
209000007,217,169,48
209000010,530,153,377
209000011,87,181,-94
209000012,262,243,19
209000013,137,926,-789
209000014,809,2465,-1656
209000025,102,24,78
209000026,387,65,322
209000027,377,1465,-1088
209000028,349,1703,-1354
209000029,439,1308,-869
209000030,327,2338,-2011
209000031,5366,3426,1940
209000034,109,158,-49
209000035,53,125,-72
209000036,56,107,-51
209000037,104,159,-55
209000038,61,133,-72
209000039,30,151,-121
209000040,324,513,-189
209000041,164,422,-258
209000042,266,446,-180
209000043,823,515,308
209000044,155,493,-338
209000045,652,319,333
209000046,179,345,-166
209000047,145,161,-16
209000048,238,205,33
209000049,108,171,-63
209000050,187,236,-49
209000051,211,419,-208
209000052,88,397,-309
209000062,42,237,-195
209000063,14,205,-191
209000064,21,167,-146
209000065,30,47,-17
209000066,26,35,-9
209000067,27,68,-41
209000080,21,160,-139
209000082,47,34,13
209000091,38,95,-57
209000093,101,23,78
209000094,195,136,59
209000110,53,52,1
209000111,582,891,-309
209000112,418,337,81
209000113,729,297,432
209000114,230,219,11
209000115,83,223,-140
209000116,854,772,82
209000118,4,51,-47
209000119,7,21,-14
209000121,160,937,-777
209000135,47,63,-16
209000142,861,616,245
209000143,51,82,-31
209000144,22,63,-41
209000229,63,164,-101
209000240,32,560,-528
209000259,89,129,-40
209000260,54,1226,-1172
209000261,4,827,-823
209000262,3,769,-766
209000263,1,170,-169
209000264,0,38,-38
209000265,209,2,207
209000266,39,1,38
209000267,240,3,237
209000268,381,14,367
210000037,64,19,45
210000047,36,53,-17
210000048,41,50,-9
210000049,64,29,35
210000052,21,147,-126
210000053,22,113,-91
210000054,47,89,-42
210000070,47,2,45
210000071,20,0,20
210000072,9,0,9
210000073,0,39,-39
210000074,0,136,-136
210000075,1,79,-78
210000076,3,218,-215
210000077,24,43,-19
210000078,28,17,11
210000079,21,12,9
210000080,80,52,28
210000081,90,13,77
210000082,40,1,39
210000083,112,0,112
210000084,30,0,30
210000085,0,129,-129
210000086,2,202,-200
210000099,46,295,-249
210000100,39,282,-243
210000101,112,275,-163
210000105,48,156,-108
210000159,0,141,-141
210000163,196,203,-7
210000164,432,123,309
210000168,133,17,116
210000187,0,4,-4
210000188,0,13,-13
210000214,10,0,10
210000219,21,54,-33
210000220,51,100,-49
210000232,1,20,-19
210000233,10,35,-25
210000234,26,158,-132
210000235,28,177,-149
210000245,1,30,-29
210000246,34,2,32
210000258,10,174,-164
210000259,138,27,111
210000282,62,281,-219
210000285,0,102,-102
210000286,7,200,-193
210000290,0,1,-1
210000295,19,130,-111
210000296,24,57,-33
210000320,130,198,-68
210000321,36,103,-67
210000338,43,118,-75
210000339,842,735,107
210000340,154,226,-72
210000341,139,190,-51
210000342,122,168,-46
210000343,112,233,-121
210000344,140,89,51
210000345,203,96,107
210000346,28,61,-33
210000347,58,17,41
210000348,41,9,32
210000349,52,18,34
210000350,63,61,2
210000351,70,153,-83
210000352,44,136,-92
210000353,18,124,-106
210000354,50,136,-86
210000355,45,117,-72
210000356,37,67,-30
210000357,29,16,13
210000358,408,122,286
210000359,60,52,8
210000360,145,121,24
210000361,103,140,-37
210000362,201,133,68
210000363,1117,95,1022
210000364,129,106,23
210000365,84,51,33
210000366,80,31,49
210000367,70,29,41
210000368,96,18,78
210000369,14,18,-4
210000370,31,48,-17
210000372,16,38,-22
210000373,26,2,24
210000374,59,7,52
210000375,22,115,-93
210000376,58,185,-127
210000404,147,140,7
210000439,12,53,-41
210000472,89,3,86
210000482,115,60,55
210000564,979,119,860
210000567,0,3,-3
210000568,649,4,645
211000092,11,117,-106
211000094,30,6,24
211000169,141,15,126
211000172,14,226,-212
211000209,1,32,-31
211000226,1,6,-5
211000270,2,1,1
211000275,11,44,-33
211000276,38,47,-9
211000279,3,100,-97
211000281,16,103,-87
211507980,0,31,-31
211977296,3,4,-1
212000003,63,63,0
212000004,17,20,-3
212000005,10,13,-3
212000006,7,101,-94
212000008,69,325,-256
212000009,10,208,-198
212000012,41,105,-64
212000013,17,86,-69
212000014,214,236,-22
212000015,162,336,-174
212000016,335,610,-275
212000027,380,557,-177
212000028,168,406,-238
212000029,129,286,-157
212000030,15,43,-28
212000031,27,90,-63
212000048,21,115,-94
212000049,7,78,-71
212000050,24,10,14
212000051,128,280,-152
212000052,119,527,-408
212000053,289,856,-567
212000054,110,161,-51
212000055,114,296,-182
212000056,6,58,-52
212000057,2,40,-38
212000058,354,52,302
212000070,64,462,-398
212000077,78,943,-865
212000099,187,308,-121
212000108,81,177,-96
212000111,104,202,-98
212000120,55,163,-108
212000138,83,27,56
212000156,1,158,-157
212000158,3,16,-13
212000159,178,65,113
212000160,264,269,-5
212000161,19,8,11
212000310,40,45,-5
212000311,8,91,-83
212000374,25,22,3
213000001,18,766,-748
213000005,506,63,443
213000006,1101,77,1024
213000007,39,5,34
213000009,409,121,288
213000010,119,119,0
213000011,167,126,41
213000012,112,488,-376
213000014,14,2,12
213000015,62,6,56
213000016,108,0,108
213000017,23,0,23
213000018,3,268,-265
213000019,1,165,-164
213000020,84,328,-244
213000021,2,123,-121
213000023,165,100,65
213000033,177,639,-462
213000034,263,306,-43
213000035,47,81,-34
213000045,80,245,-165
213000046,68,206,-138
213000047,336,772,-436
213000056,20,5,15
213000069,21,1,20
213000073,1,12,-11
213000074,115,710,-595
213000075,363,7,356
213000076,2,1,1
213000085,2,66,-64
213000086,17,234,-217
213000091,17,3,14
213000092,10,5,5
213000099,128,766,-638
213000100,1007,120,887
213000101,65,184,-119
213000102,119,517,-398
213000103,492,835,-343
213000104,28,604,-576
213000105,2,41,-39
213000106,8,232,-224
213000107,117,944,-827
213000108,12,628,-616
213000109,1,279,-278
213000110,6,63,-57
213000111,8,38,-30
213000112,238,138,100
213000115,14,0,14
213000116,69,816,-747
213000117,1,1108,-1107
213000118,216,393,-177
213000119,55,884,-829
213000120,70,904,-834
213000122,170,1084,-914
213000123,728,1556,-828
213000124,50,2072,-2022
213000125,144,11,133
213000126,150,96,54
213000127,180,136,44
213000128,949,398,551
213000129,559,165,394
213000130,260,101,159
213000132,141,38,103
213000133,145,43,102
213000134,349,14,335
213000136,177,12,165
213000137,396,37,359
213000139,136,4,132
213000147,8,0,8
213000148,4,2,2
213000149,23,2,21
213000150,2,64,-62
213000151,1,111,-110
213000152,0,73,-73
213000153,2,45,-43
213000154,16,248,-232
213000155,27,426,-399
213000156,54,599,-545
213000157,495,651,-156
213000158,228,891,-663
213000159,398,507,-109
213000163,383,126,257
213000165,686,103,583
213000171,1,176,-175
213000172,5,453,-448
213000173,3,436,-433
213000174,5,441,-436
213000175,3,345,-342
213000176,15,16,-1
213000177,19,3,16
213000178,36,0,36
213000179,105,0,105
213000180,30,0,30
213000184,95,593,-498
213000188,522,53,469
213000189,188,27,161
213000190,812,719,93
213000191,150,628,-478
213000192,63,696,-633
213000193,1515,177,1338
213000194,1,33,-32
213000195,12,443,-431
213000196,116,775,-659
213000197,201,150,51
213000198,20,2,18
213000200,93,1221,-1128
213000201,140,53,87
213000202,13,781,-768
213000203,2693,277,2416
213000204,344,16,328
213000205,164,15,149
213000206,104,22,82
213000207,26,5,21
213000208,15,3,12
213000209,32,2,30
213000210,114,0,114
213000211,1,10,-9
213000212,5,27,-22
213000213,3,44,-41
213000218,157,1138,-981
213000219,500,27,473
213000220,300,12,288
213000223,155,77,78
213000224,17,10,7
213000225,41,1,40
213000226,12,3,9
213000227,429,94,335
213000228,106,48,58
213000229,595,18,577
213000230,148,10,138
213000232,73,272,-199
213000233,9,25,-16
213000234,2,43,-41
213000293,4,55,-51
213000294,28,4,24
213000295,6,131,-125
213000296,73,12,61
213000297,7,75,-68
213000298,26,114,-88
213000299,31,32,-1
213000300,3,0,3
213000303,0,42,-42
213000304,0,3,-3
213000305,1,13,-12
213000306,36,22,14
213000307,125,84,41
213000308,99,379,-280
213000309,80,55,25
213000310,256,107,149
213000311,371,627,-256
213000315,57,200,-143
213000316,71,48,23
213000322,54,195,-141
213000323,20,112,-92
213000324,32,206,-174
213000325,11,187,-176
213000326,16,95,-79
213000327,22,147,-125
213000328,15,97,-82
213000329,40,99,-59
213000340,75,1175,-1100
213000341,179,62,117
213000347,1042,88,954
213000348,4,153,-149
213000349,33,7,26
213000350,128,1876,-1748
213000366,31,363,-332
213000367,100,20,80
213000379,115,158,-43
213000386,4,210,-206
213000406,147,608,-461
213000417,654,285,369
213000425,57,42,15
213000426,81,83,-2
213000427,24,475,-451
213000428,10,328,-318
213000429,5,2,3
213000430,59,1346,-1287
213000431,81,1,80
213000432,0,6,-6
213000433,10,130,-120
213000434,32,115,-83
213000435,80,113,-33
213000436,11,64,-53
213000437,0,71,-71
213000438,72,122,-50
213000439,13,3,10
213000440,7,205,-198
213000441,0,1,-1
213000442,1,55,-54
213000443,348,323,25
213000444,17,156,-139
213000445,0,141,-141
213000446,0,7,-7
213000447,0,17,-17
213000448,5,43,-38
213000449,46,0,46
213000450,24,63,-39
213000451,77,104,-27
213000452,0,20,-20
213000453,36,259,-223
213000455,265,29,236
213000456,0,188,-188
213000481,8,4,4
213000484,53,2,51
213000489,441,19,422
213900002,0,29,-29
213900003,81,45,36
213900013,0,268,-268
213900015,0,10,-10
213900016,5,9,-4
213900020,6,283,-277
213900030,1,75,-74
213900032,148,20,128
213900033,22,31,-9
213900034,129,81,48
213900035,71,1010,-939
213900036,54,404,-350
213900037,22,513,-491
213900038,186,165,21
213900039,0,181,-181
213900041,0,72,-72
213900042,133,46,87
213900043,69,146,-77
213900244,7,0,7
213900245,0,42,-42
218000003,11,15,-4
218000004,16,22,-6
218000005,30,33,-3
218000006,58,41,17
218000007,6,10,-4
218000012,277,140,137
218000013,50,154,-104
218000014,638,446,192
218000019,992,415,577
218000020,435,389,46
218000021,51,184,-133
218000022,6,89,-83
218000023,6,84,-78
218000024,1,33,-32
218000025,17,57,-40
218000026,13,83,-70
218000027,1,38,-37
218000028,2,8,-6
218000029,6,8,-2
218000030,25,51,-26
218000031,4,99,-95
218000032,5,77,-72
218000040,1,3,-2
218000046,34,288,-254
218000047,4,311,-307
218000048,50,410,-360
218000049,107,294,-187
218000050,374,476,-102
218000051,37,590,-553
218000052,1,105,-104
218000053,5,27,-22
218000054,39,33,6
218000055,3,22,-19
218000056,12,39,-27
218000057,7,61,-54
218000064,0,6,-6
218000065,27,73,-46
218000066,9,61,-52
218000067,13,98,-85
218000068,61,128,-67
218000069,90,229,-139
218000070,140,375,-235
218000071,152,349,-197
218000072,437,285,152
218000078,549,1535,-986
218000079,22,85,-63
218000080,55,85,-30
218000081,215,403,-188
218000082,19,176,-157
218000083,10,75,-65
218000084,54,305,-251
218000085,93,637,-544
218000086,21,289,-268
218000087,182,461,-279
218000090,7,67,-60
218000091,608,408,200
218000092,37,195,-158
218000093,38,117,-79
218000094,418,1032,-614
218000099,399,416,-17
218000100,145,382,-237
218000101,127,199,-72
218000102,141,453,-312
218000103,39,220,-181
218000104,28,95,-67
218000105,23,8,15
218000106,18,10,8
218000107,23,177,-154
218000108,15,91,-76
218000112,71,11,60
218000117,49,70,-21
218000134,449,1066,-617
218000135,18,122,-104
218000136,111,77,34
218000137,74,185,-111
218000138,52,133,-81
218000139,60,447,-387
218000140,71,179,-108
218000141,64,76,-12
218000142,77,260,-183
218000143,16,201,-185
218000144,9,73,-64
218000145,176,601,-425
218000146,28,115,-87
218000151,28,17,11
218000152,45,65,-20
218000153,2,4,-2
218000154,0,4,-4
218000155,8,6,2
218000156,35,25,10
218000157,4,17,-13
218000158,3,9,-6
218000159,1,6,-5
218000160,0,11,-11
218000161,12,6,6
218000162,13,16,-3
218000163,6,6,0
218000164,24,14,10
218000165,25,55,-30
218000170,3,28,-25
218000171,28,4,24
218000172,6,4,2
218000173,71,21,50
218000174,4,10,-6
218000176,103,17,86
218000177,356,57,299
218000178,119,88,31
218000179,40,33,7
218000180,44,17,27
218000181,98,32,66
218000187,8,17,-9
218000188,13,37,-24
218000189,18,86,-68
218000190,7,33,-26
218000191,50,117,-67
218000192,75,660,-585
218000193,283,694,-411
218000194,43,584,-541
218000195,82,116,-34
218000196,197,347,-150
218000197,149,479,-330
218000198,2,160,-158
218000199,16,26,-10
218000200,76,31,45
218000201,14,13,1
218000202,142,113,29
218000207,4,74,-70
218000208,24,85,-61
218000211,44,24,20
218000212,3,13,-10
218000213,112,69,43
218000214,4,21,-17
218000215,49,181,-132
218000217,2,145,-143
218000218,439,127,312
218000219,19,24,-5
218000220,87,355,-268
218000221,474,191,283
218000222,60,9,51
218000223,30,187,-157
218000224,8,47,-39
218000225,146,20,126
218000226,37,65,-28
218000230,0,8,-8
218000232,42,58,-16
218000239,16,3,13
218000240,2,0,2
218000241,3,1,2
218000242,6,0,6
218000243,4,0,4
218000244,4,0,4
218000245,1,1,0
218000246,0,1,-1
218000247,0,0,0
218000248,0,55,-55
218000249,0,1,-1
218000250,1,13,-12
218000251,0,16,-16
218000252,1,29,-28
218000253,3,18,-15
218000254,0,19,-19
218000255,0,3,-3
218000256,0,70,-70
218000267,804,1394,-590
218000268,5,101,-96
218000269,8,23,-15
218000270,21,63,-42
218000271,28,83,-55
218000273,12,17,-5
218000274,8,2,6
218000275,29,36,-7
218000276,3,59,-56
218000278,5,22,-17
218000279,14,57,-43
218000280,7,15,-8
218000281,15,14,1
218000282,379,157,222
218000284,128,8,120
218000301,33,183,-150
218000302,69,42,27
218000303,12,80,-68
218000316,812,1469,-657
218000317,508,1463,-955
218000318,237,1305,-1068
218000319,645,1879,-1234
218000320,650,955,-305
218000338,30,24,6
218000345,108,70,38
218000346,25,127,-102
218000459,70,487,-417
218000490,8,60,-52
218000501,20,28,-8
218000502,28,151,-123
218000503,45,16,29
218000504,74,14,60
218000505,33,206,-173
218000506,22,154,-132
218000508,9,4,5
218000510,137,5,132
218000520,106,124,-18
218000521,6,59,-53
218000522,1,136,-135
218000523,35,1,34
218000524,45,114,-69
218000525,95,13,82
218000526,83,116,-33
218000529,5,311,-306
218000530,3,8,-5
218000531,1,28,-27
218000532,6,46,-40
218000534,18,9,9
218000537,6,42,-36
218000538,112,211,-99
218000540,450,100,350
218000543,91,77,14
218000544,36,153,-117
218000545,21,77,-56
218000546,48,172,-124
218000547,37,144,-107
218000548,146,257,-111
218000549,289,78,211
218000550,278,863,-585
218000551,389,227,162
218000552,834,36,798
218000553,19,45,-26
218000554,23,37,-14
218000555,8,44,-36
218000556,66,557,-491
218000557,171,144,27
218000558,80,24,56
218000559,0,26,-26
218000560,1,4,-3
218000561,3,0,3
218000562,9,212,-203
218000563,75,31,44
218000564,12,122,-110
218000565,253,24,229
218000566,352,12,340
218000567,1,95,-94
218000568,6,0,6
218000569,3,65,-62
218000570,137,5,132
218000571,0,69,-69
218000572,22,1,21
218000573,29,30,-1
218000574,272,84,188
218000575,40,0,40
218000576,1,72,-71
218000577,32,0,32
218000578,0,125,-125
218000579,79,6,73
218000581,0,115,-115
218000582,10,3,7
218000583,9,0,9
218000584,0,21,-21
218000585,12,8,4
218000586,11,48,-37
218000587,1,0,1
218000588,0,7,-7
218000589,0,2,-2
218000590,0,0,0
218000591,0,5,-5
218000592,0,2,-2
218000593,0,2,-2
218000594,1,0,1
218000595,0,0,0
218000596,0,0,0
218000597,0,0,0
218000598,0,0,0
218000599,0,0,0
218000600,0,0,0
218000601,0,1,-1
218000602,0,1,-1
218000603,0,3,-3
218000604,2,0,2
218000605,0,17,-17
218000606,18,0,18
218000607,17,39,-22
218000608,6,3,3
218000609,0,42,-42
218000610,11,1,10
218000611,1,0,1
218000612,0,44,-44
218000613,8,4,4
218000614,0,58,-58
218000615,12,1,11
218000616,3,176,-173
218000617,2,1,1
218000618,0,23,-23
218000619,7,12,-5
218000620,3,65,-62
218000621,0,1,-1
218000622,0,6,-6
218000623,6,3,3
218000624,0,10,-10
218000625,1,0,1
218000626,1,5,-4
218000628,30,46,-16
218000631,4,9,-5
218000632,3,83,-80
218000633,43,2,41
218000634,0,30,-30
218000635,4,12,-8
218000636,578,1971,-1393
218000637,535,820,-285
218000638,47,59,-12
218000639,13,401,-388
218000640,131,39,92
218000641,30,606,-576
218000652,151,229,-78
218000653,154,60,94
218000663,4,113,-109
218000675,31,50,-19
218000676,3,40,-37
218000677,10,21,-11
218000680,112,730,-618
218000681,228,83,145
218000691,96,494,-398
218000693,97,64,33
218000703,7,115,-108
218000718,1169,271,898
218000719,1440,45,1395
218000720,1,29,-28
218000721,29,6,23
218000725,6,26,-20
218001214,18,34,-16
218001329,88,65,23
218001330,121,72,49
218001351,7,6,1
218001352,9,7,2
218001353,0,7,-7
218001354,0,7,-7
219000001,36,75,-39
219000002,24,127,-103
219000003,26,24,2
219000004,34,70,-36
219000017,65,17,48
219000020,63,15,48
219000022,117,2,115
219000023,51,0,51
219000029,1,114,-113
219000034,7,15,-8
219000039,19,60,-41
219000040,18,9,9
219000041,93,35,58
219000051,1,83,-82
219000052,0,38,-38
219000053,2,321,-319
219000054,388,442,-54
219000055,55,0,55
219000056,2,0,2
219000057,35,0,35
219000062,8,291,-283
219000063,36,6,30
219000064,2,38,-36
219000110,257,38,219
219000111,85,40,45
219000112,191,70,121
219000113,74,49,25
219000114,550,43,507
219000116,53,23,30
219000117,176,115,61
219000118,69,72,-3
219000123,236,99,137
219000124,44,63,-19
219000125,19,18,1
219000126,56,157,-101
219000127,0,3,-3
219000128,36,79,-43
219000129,28,136,-108
219000130,1262,774,488
219000131,952,731,221
219000133,28,35,-7
219000134,7,19,-12
219000135,37,50,-13
219000136,91,135,-44
219000138,48,13,35
219000139,18,53,-35
219000140,11,0,11
219000141,6,174,-168
219000142,17,139,-122
219000143,16,120,-104
219000145,10,46,-36
219000146,11,91,-80
219000147,1,79,-78
219000148,6,122,-116
219000149,46,291,-245
219000150,4,189,-185
219000151,7,155,-148
219000157,123,203,-80
219000158,82,252,-170
219000161,90,9,81
219000163,1753,403,1350
219000166,57,201,-144
219000167,57,304,-247
219000168,809,100,709
219000174,146,99,47
219000175,43,1,42
219000176,30,7,23
219000177,12,10,2
219000178,5,2,3
219000179,3,5,-2
219000180,30,26,4
219000182,80,5,75
219000183,16,75,-59
219000184,22,1,21
219000185,0,149,-149
219000186,10,95,-85
219000187,10,225,-215
219000189,137,157,-20
219000190,162,244,-82
219000191,2129,710,1419
219000192,97,125,-28
219000193,624,178,446
219000195,1,83,-82
219000196,4,128,-124
219000198,49,224,-175
219000199,160,268,-108
219000200,28,311,-283
219000201,87,328,-241
219000203,16,151,-135
219000204,82,213,-131
219000205,48,282,-234
219000207,328,345,-17
219000209,20,118,-98
219000210,20,138,-118
219000213,9,330,-321
219000239,190,282,-92
219000240,156,390,-234
219000241,87,319,-232
219000242,61,250,-189
219000243,41,375,-334
219000244,5,119,-114
219000245,11,42,-31
219000246,12,30,-18
219000247,42,17,25
219000248,411,148,263
219000249,86,39,47
219000250,61,56,5
219000251,395,145,250
219000252,70,123,-53
219000253,99,21,78
219000255,28,38,-10
219000256,87,59,28
219000257,36,0,36
219000262,114,331,-217
219000263,53,288,-235
219000267,7,141,-134
219000268,1,6,-5
219000269,4,0,4
219000270,2,1,1
219000271,38,3,35
219000278,0,14,-14
219000279,2,4,-2
219000283,0,11,-11
219000295,13,145,-132
219000296,85,699,-614
219000297,20,226,-206
219000298,24,258,-234
219000299,413,40,373
219000300,38,437,-399
219000301,155,468,-313
219000302,19,275,-256
219000307,35,67,-32
219000308,47,27,20
219000311,77,35,42
219000312,232,48,184
219000313,133,25,108
219000314,105,759,-654
219000315,88,12,76
219000316,214,20,194
219000317,37,10,27
219000320,0,45,-45
219000321,0,24,-24
219000323,4,147,-143
219000325,1,45,-44
219000326,99,162,-63
219000327,83,55,28
219000328,32,68,-36
219000329,340,88,252
219000330,43,33,10
219000331,28,41,-13
219000332,29,85,-56
219000333,6,6,0
219000335,59,0,59
219000337,7,0,7
219000338,13,0,13
219000344,45,158,-113
219000345,103,204,-101
219000346,36,278,-242
219000348,45,250,-205
219000349,12,344,-332
219000350,36,83,-47
219000351,1,1,0
219000352,188,55,133
219000353,74,35,39
219000354,113,101,12
219000355,101,53,48
219000356,2032,280,1752
219000363,315,20,295
219000364,51,18,33
219000365,63,8,55
219000366,247,77,170
219000368,381,321,60
219000370,1105,143,962
219000371,7,13,-6
219000382,4,16,-12
219000383,821,679,142
219000385,700,523,177
219000386,1339,1352,-13
219000387,0,3,-3
219000390,1,1,0
219000391,1,0,1
219000397,114,153,-39
219000398,87,31,56
219000401,2,91,-89
219000402,9,119,-110
219000403,31,167,-136
219000404,8,86,-78
219000407,3,37,-34
219000409,12,48,-36
219000410,17,17,0
219000411,17,8,9
219000446,249,493,-244
219000447,1,33,-32
219000448,12,3,9
219000452,92,67,25
219000453,37,96,-59
219000454,254,216,38
219000556,95,42,53
219000558,75,434,-359
219000590,18,222,-204
219000591,28,48,-20
219000592,96,517,-421
219000595,0,49,-49
219000635,44,20,24
219000636,13,155,-142
219000657,32,29,3
219000658,9,38,-29
219000673,0,5,-5
219000676,24,1,23
219000679,11,17,-6
219000684,28,2,26
219000685,5,156,-151
219000686,10,3,7
219000688,0,125,-125
219000689,71,134,-63
219000690,196,18,178
219000691,50,73,-23
219000692,142,32,110
219000693,0,51,-51
219000694,9,0,9
219000695,5,1,4
219000698,13,1,12
219000699,0,13,-13
219000727,2,203,-201
219000728,48,3,45
219000770,5,0,5
219000771,1,44,-43
219001150,0,4,-4
219001151,0,0,0
219001166,2,3,-1
219001167,2,79,-77
220000001,1,40,-39
220000002,10,260,-250
220000003,405,349,56
220000004,598,905,-307
220000005,1797,1841,-44
220000006,140,1081,-941
220000007,214,1034,-820
220000008,190,1419,-1229
220000009,136,666,-530
220000010,63,183,-120
220000011,849,1907,-1058
220000012,35,191,-156
220000014,32,113,-81
220000015,19,167,-148
220000017,31,430,-399
220000018,5933,839,5094
220000019,44,235,-191
220000020,167,258,-91
220000021,353,157,196
220000022,386,504,-118
220000023,171,140,31
220000024,1584,295,1289
220000025,871,386,485
220000026,185,170,15
220000027,15,99,-84
220000028,24,45,-21
220000029,61,168,-107
220000030,67,85,-18
220000031,154,300,-146
220000064,20,1451,-1431
221000046,20,10,10
221000047,0,0,0
221000048,0,1,-1
221000049,0,12,-12
221000050,10,0,10
221000055,38,59,-21
221000057,62,11,51
221000068,268,104,164
221000069,255,52,203
221000070,132,28,104
221000071,31,6,25
221000072,134,12,122
221000073,196,41,155
221000074,1,15,-14
221000075,17,16,1
221000076,9,29,-20
221000077,27,113,-86
221000081,17,6,11
221000082,22,6,16
221000083,30,6,24
221000084,3,1,2
221000085,18,77,-59
221000086,14,184,-170
221000087,8,244,-236
221000088,16,228,-212
221000089,25,298,-273
221000090,107,550,-443
221000098,178,11,167
221000099,132,16,116
221000100,67,4,63
221000101,293,14,279
221000102,126,6,120
221000109,6,121,-115
221000110,7,177,-170
221000111,22,192,-170
221000112,7,144,-137
221000113,17,202,-185
221000114,22,236,-214
221000120,4,46,-42
221000121,2,28,-26
221000122,15,15,0
221000123,3,4,-1
221000124,37,414,-377
221000155,102,5,97
221000156,2,27,-25
221000175,1,0,1
221000176,0,1,-1
221000182,22,7,15
221000241,490,208,282
221000242,320,288,32
221000243,302,99,203
221000244,248,366,-118
221000245,45,122,-77
221000246,7,215,-208
221000247,21,159,-138
221000248,42,139,-97
221000267,47,957,-910
221000325,74,64,10
221000331,3,109,-106
221000338,2,24,-22
221000378,84,28,56
221000381,69,55,14
222000282,1,0,1
222000296,5,31,-26
222000568,206,12,194
222000569,117,19,98
222000570,79,6,73
222000571,101,8,93
222000577,10,367,-357
222000578,16,288,-272
222000579,32,179,-147
222000580,158,1280,-1122
222000599,2,211,-209
222000600,3,352,-349
222000601,17,1162,-1145
222000603,9,21,-12
222000604,4,26,-22
222000605,14,13,1
222000606,0,11,-11
222000607,0,5,-5
222000608,3,23,-20
222000609,43,412,-369
222000616,45,59,-14
222000617,4,6,-2
222000618,4,0,4
222000620,28,5,23
222000621,8,8,0
222000623,405,4,401
222000624,131,2,129
222000625,294,88,206
222000636,42,4,38
222000686,7,7,0
222000687,15,37,-22
222001066,211,2,209
222001067,7,6,1
222001068,12,54,-42
222001069,16,58,-42
222001082,5,106,-101
222001083,6,123,-117
222001084,1,12,-11
222001085,0,240,-240
222001111,13,329,-316
222001112,47,26,21
222001313,7,1,6
222001314,2,130,-128
222001464,9,62,-53
222001465,7,142,-135
222001484,31,60,-29
222001485,18,78,-60
222001494,89,147,-58
222001495,137,649,-512
222001496,155,63,92
222001497,79,958,-879
222001502,16,158,-142
222001503,9,6,3
222001504,26,253,-227
222001505,20,9,11
222001506,47,239,-192
222001507,46,7,39
222001510,65,10,55
222001511,28,587,-559
222001514,213,29,184
222001515,279,850,-571
222001518,57,7,50
222001519,40,634,-594
222001527,51,12,39
222001528,111,252,-141
222001529,44,16,28
222001530,48,316,-268
222001533,138,598,-460
222001534,31,10,21
222001535,56,92,-36
222001536,85,522,-437
222001537,47,5,42
222001538,56,616,-560
222001563,75,43,32
222001564,33,1243,-1210
222001568,178,94,84
222001576,0,1,-1
222001579,0,2,-2
222001583,15,364,-349
222001584,49,14,35
222001596,766,2314,-1548
222001597,1316,228,1088
222001626,2,288,-286
222001650,114,84,30
222001651,80,190,-110
222001914,63,9,54
222001915,60,292,-232
222900004,449,158,291
222900009,418,1117,-699
222900019,109,219,-110
222900024,3,40,-37
222900025,0,44,-44
225000001,365,61,304
225000002,232,62,170
225000003,189,78,111
225000004,132,173,-41
225000005,29,60,-31
225000006,3,109,-106
225000007,3198,1015,2183
225000010,55,4,51
225000011,497,513,-16
225000012,107,340,-233
225000013,38,158,-120
225000014,403,57,346
225000015,88,246,-158
225000021,311,88,223
225000027,230,466,-236
225000032,517,74,443
225000042,57,681,-624
225000049,17,71,-54
225000050,28,8,20
225000053,3,178,-175
225000058,248,96,152
225000067,101,240,-139
225000068,123,567,-444
225000069,199,517,-318
225000070,56,543,-487
225000071,14,340,-326
225000075,29,835,-806
225000076,89,96,-7
225000078,34,15,19
225000085,22,61,-39
225000086,56,35,21
225000087,120,12,108
225000088,10,154,-144
225000089,324,448,-124
225000090,17,294,-277
225000091,42,242,-200
225000092,34,65,-31
225000093,104,458,-354
225000094,21,516,-495
225000095,243,640,-397
225000096,81,399,-318
225000098,226,109,117
225000099,114,67,47
225000100,85,109,-24
225000104,30,422,-392
225000110,13,492,-479
225000111,93,1056,-963
225000112,154,914,-760
225000113,79,638,-559
225000114,37,303,-266
225000115,2830,529,2301
225000116,1031,51,980
225000117,478,245,233
225000118,471,129,342
225000119,90,39,51
225000120,361,30,331
225000121,212,13,199
225000123,808,14,794
225000125,133,246,-113
225000126,788,154,634
225000127,1033,414,619
225000128,233,341,-108
225000132,128,29,99
225000133,184,17,167
225000134,570,64,506
225000135,36,3,33
225000136,72,12,60
225000137,80,35,45
225000138,202,8,194
225000143,80,167,-87
225000144,0,350,-350
225000145,22,17,5
225000146,15,114,-99
225000147,9,421,-412
225000148,6,280,-274
225000149,64,449,-385
225000151,20,342,-322
225000155,142,304,-162
225000156,99,485,-386
225000157,93,372,-279
225000158,36,460,-424
225000171,4,176,-172
225000180,9,7,2
225000181,0,28,-28
225000182,23,4,19
225000185,4,250,-246
225000187,49,474,-425
225000191,13,0,13
225000194,0,3,-3
225000208,0,49,-49
225000209,30,6,24
225000210,4,213,-209
225000217,0,19,-19
225000218,5,0,5
225000223,0,37,-37
225000224,9,0,9
225000225,0,4,-4
225000226,34,3,31
225000227,35,49,-14
225000228,6,2,4
225000229,0,76,-76
225000230,42,0,42
225000231,0,95,-95
225000232,46,1,45
225000241,21,2,19
225000242,0,34,-34
225000249,0,0,0
225000250,42,1107,-1065
225000251,214,19,195
225000254,0,1,-1
225000256,0,3,-3
225000257,0,2,-2
226000042,389,423,-34
226000043,50,306,-256
226000044,102,879,-777
226000045,50,496,-446
226000046,136,36,100
226000047,186,34,152
226000048,178,20,158
226000049,132,43,89
226000070,0,57,-57
226000071,0,81,-81
226000072,0,6,-6
226000073,0,11,-11
226000074,0,12,-12
226000084,1,50,-49
226000085,0,6,-6
226000086,5,0,5
226000087,0,12,-12
226000088,86,11,75
226000090,98,25,73
226000091,2,2,0
226000092,1,0,1
226000093,7,0,7
226000094,4,0,4
226000095,6,2,4
226000105,9,0,9
226000106,7,1,6
226000107,3,0,3
226000108,5,0,5
226000109,39,7,32
226000124,89,43,46
226000134,280,287,-7
226000135,771,484,287
226000136,141,254,-113
226000137,31,442,-411
226000138,6,321,-315
226000139,1,38,-37
226000156,43,2,41
226000157,95,4,91
226000163,34,35,-1
226000202,9,484,-475
226000231,71,4,67
226000232,26,5,21
227000033,209,33,176
227000036,130,14,116
227000037,74,16,58
227000038,63,13,50
227000084,0,37,-37
227000085,1,28,-27
227000088,6,1,5
227000089,53,0,53
227000090,21,1,20
227000091,7,0,7
227000092,9,0,9
227000093,18,0,18
227000094,1,0,1
227000130,17,80,-63
227000131,6,263,-257
227000132,22,330,-308
227000133,10,298,-288
227000134,6,476,-470
227000152,0,3,-3
227000153,0,33,-33
227000154,0,37,-37
227000155,0,23,-23
227000156,0,14,-14
227000165,3,46,-43
227000196,142,505,-363
227000199,85,825,-740
227000230,24,717,-693
227000232,157,10,147
227000242,68,518,-450
227000243,376,46,330
227000245,24,384,-360
227000246,66,535,-469
227000247,150,76,74
227000248,43,17,26
227000249,16,307,-291
227000250,215,99,116
227000251,126,215,-89
227000252,24,447,-423
227000253,31,23,8
227000262,166,17,149
227000266,364,19,345
227000267,25,3189,-3164
227000282,4,397,-393
227000284,127,12,115
227000286,3,149,-146
227000291,19,789,-770
227000296,749,336,413
227000484,371,16,355
227000485,32,811,-779
227000655,38,11,27
227000656,571,17,554
227000657,13,24,-11
227000704,81,20,61
229000265,0,7,-7
229000266,0,0,0
229000267,3,0,3
229000268,5,1,4
229000269,29,1,28
229000274,0,11,-11
229000275,1,20,-19
229000276,1,13,-12
229000277,1,0,1
229000278,0,7,-7
229000295,13,27,-14
229000296,5,3,2
229000297,1,40,-39
229000298,4,98,-94
229000320,12,6,6
229000321,4,7,-3
229000412,5,69,-64
229000414,0,43,-43
229000415,4,2,2
229000416,0,3,-3
229000417,0,8,-8
229000419,71,275,-204
229000440,168,65,103
229000442,4,8,-4
229000443,1,1,0
229000444,0,21,-21
229000445,14,7,7
229000446,14,11,3
229000491,1,62,-61
229000492,13,246,-233
229000493,2,170,-168
229000494,28,11,17
229000495,64,31,33
229000496,18,15,3
229000507,0,37,-37
229000508,0,31,-31
229000509,0,60,-60
229000510,3,32,-29
229000511,7,88,-81
229000512,0,55,-55
229000513,0,8,-8
229000514,0,5,-5
229000517,2,19,-17
229000518,5,65,-60
229000519,3,19,-16
229000520,5,68,-63
229000521,17,39,-22
229000522,0,16,-16
229000523,2,16,-14
229000524,2,17,-15
229000527,1,2,-1
229000528,1,0,1
229000529,2,3,-1
229000530,102,6,96
229000531,31,2,29
229000532,17,3,14
229000533,113,2,111
229000534,107,1,106
229000564,36,3,33
229000565,7,4,3
229000566,0,53,-53
229000567,0,141,-141
229000582,265,2,263
229000583,5,3,2
229000584,0,65,-65
229000585,12,66,-54
229000718,0,2,-2
229000719,0,4,-4
229000720,0,19,-19
229000721,0,16,-16
229000722,0,41,-41
229000723,0,23,-23
229000724,0,0,0
229000725,0,9,-9
229000738,0,0,0
229000739,0,0,0
229000740,0,0,0
229000741,9,0,9
229000742,5,0,5
229000743,25,0,25
229000744,0,0,0
229000745,1,0,1
229000746,15,1,14
229000847,9,1,8
229000848,5,0,5
229000849,34,2,32
229000851,2,0,2
229000854,0,90,-90
229000856,3,231,-228
229000857,0,82,-82
229000858,0,205,-205
229000919,6,140,-134
229000930,0,229,-229
229000937,72,28,44
229000966,30,21,9
229000981,13,75,-62
229000985,2,28,-26
229000986,0,3,-3
229000987,0,0,0
229000988,0,9,-9
229000989,3,6,-3
229000990,0,6,-6
229000991,0,2,-2
229000992,4,23,-19
229000993,140,13,127
229000998,9,23,-14
229000999,59,8,51
229001034,1,16,-15
229001035,5,0,5
229001036,1,33,-32
229001037,30,0,30
229001038,1,2,-1
229001039,0,0,0
229001040,0,52,-52
229001041,45,0,45
229001042,8,19,-11
229001047,2,52,-50
229001050,13,6,7
229001168,0,7,-7
229001200,1,4,-3
229001338,0,30,-30
229001394,296,1,295
229001422,76,33,43
229001423,41,190,-149
229001431,62,30,32
229001432,53,104,-51
229001444,78,47,31
229001445,37,188,-151
229001479,3,10,-7
229001503,97,90,7
229001504,105,263,-158
229001505,43,69,-26
229001506,34,246,-212
229001509,17,5,12
229001510,8,30,-22
229001545,60,7,53
229001546,8,131,-123
229001553,32,26,6
229001554,12,163,-151
229001630,53,2,51
229001631,15,38,-23
229001635,0,7,-7
229001636,0,4,-4
229001658,0,84,-84
229001659,147,6,141
229001660,2,11,-9
229001661,0,19,-19
229001662,5,0,5
229001663,0,16,-16
229002584,81,108,-27
229002831,128,114,14
229002841,5,19,-14
229002842,0,17,-17
229002843,12,31,-19
229002844,19,75,-56
229002845,3,93,-90
229002846,7,12,-5
229002847,1,6,-5
229002848,0,10,-10
229002849,0,54,-54
229002850,1,0,1
229002851,10,80,-70
229002852,28,28,0
229002853,24,8,16
229002854,4,50,-46
229002855,3,42,-39
229002856,3,6,-3
229002857,6,59,-53
229002858,3,1,2
229002859,4,20,-16
229002860,15,4,11
229002861,6,11,-5
229002862,5,30,-25
229002863,2,22,-20
229002864,4,31,-27
229002865,1,7,-6
229002866,1,8,-7
229002867,7,12,-5
229002868,5,7,-2
229002869,8,154,-146
229002870,4,9,-5
235000066,437,86,351
235000067,108,129,-21
235000072,34,40,-6
235000073,83,259,-176
235000074,12,119,-107
235000080,10,105,-95
235000081,79,278,-199
235000082,31,71,-40
235000083,133,139,-6
235000084,11,63,-52
235000085,61,118,-57
235000089,17,60,-43
235000092,5,161,-156
235000093,5,1,4
235000097,8,5,3
235000098,41,21,20
235000099,18,52,-34
235000116,48,32,16
235000117,1007,4,1003
235000133,12,193,-181
235000134,2,84,-82
235000206,7,2,5
235000207,1,5,-4
235000208,1,0,1
235000209,0,2,-2
235000210,0,3,-3
235000212,2,25,-23
235000213,0,13,-13
235000220,0,4,-4
235000221,12,5,7
235000238,2,11,-9
235000239,0,1,-1
235000242,163,252,-89
235000245,1513,229,1284
235000246,3,64,-61
235000284,3,101,-98
235000295,47,5,42
235000305,28,3,25
235000306,29,0,29
235000307,6,3,3
235000308,7,0,7
235000309,8,0,8
235000310,10,0,10
235000311,16,6,10
235000322,0,50,-50
235000323,3,79,-76
235000324,0,19,-19
235000325,1,13,-12
235000326,6,397,-391
235000351,10,59,-49
235000352,6,79,-73
235000353,1,41,-40
235000354,1,47,-46
235000355,2,102,-100
235000356,13,6,7
235000357,2,3,-1
235000358,4,9,-5
235000359,0,2,-2
235000360,12,8,4
235000361,14,4,10
235000381,28,392,-364
235000382,49,61,-12
235000390,4,4,0
235000391,66,32,34
235000392,79,143,-64
235000393,91,115,-24
235000395,78,28,50
235000396,239,45,194
235000400,113,37,76
235000401,5,228,-223
235000405,79,517,-438
235000406,74,507,-433
235000407,65,155,-90
235000409,238,188,50
235000410,35,285,-250
235000411,3,120,-117
235000485,0,18,-18
235000486,4,0,4
235000549,30,83,-53
235000550,65,254,-189
235000599,29,84,-55
235000600,3,5,-2
235000601,25,47,-22
235000602,40,168,-128
235000614,0,1,-1
235000648,0,18,-18
235000649,23,1,22
235000685,0,5,-5
235000815,3,25,-22
235000834,0,6,-6
235000855,28,98,-70
235000862,10,287,-277
235000891,0,10,-10
235000892,3,3,0
235000901,56,126,-70
235000907,19,9,10
235001010,32,124,-92
235001029,874,417,457
235001030,514,163,351
235001078,73,114,-41
235001079,84,187,-103
235001147,12,36,-24
235001166,24,86,-62
235001167,9,74,-65
235001169,16,287,-271
235001188,0,2,-2
235001189,0,1,-1
235001197,5,12,-7
235001200,47,15,32
235001208,6,10,-4
235001209,11,56,-45
235001210,22,271,-249
235001239,1,43,-42
235001244,0,1,-1
235016267,0,9,-9
241900007,26,0,26
277101746,0,6,-6
277102712,0,0,0
277103813,1,0,1
277103814,0,0,0
277103898,0,1,-1
277104249,0,3,-3
277104250,0,12,-12
277104251,0,3,-3
277104252,0,0,0
990011530,2,303,-301
990014944,2,635,-633
990015176,6,4,2
990015618,1,120,-119
990016032,1,490,-489
990032570,1,112,-111
990070001,11,0,11
990070103,0,2,-2
990070601,0,69,-69
990070751,138,1,137
990070766,2,1246,-1244
990071180,184,196,-12
990071343,4,1,3
990071387,0,4,-4
990071823,148,4,144
990072600,2,725,-723
990072964,1,869,-868
990073285,0,0,0
990074393,5,1441,-1436
990074870,270,46,224
990075106,254,41,213
990075746,132,28,104
990076437,201,6,195
990076458,6,1645,-1639
997000007,57,3,54
997000041,1,213,-212
997000058,8,3,5
997000062,13,1,12
997000069,0,14,-14
997000070,0,68,-68
997000100,2,0,2
997000141,1,482,-481
997000198,1,210,-209
998000475,1,26,-25
998000736,0,414,-414
998000965,0,9,-9
998001031,0,29,-29
998001700,1,43,-42
998001899,0,2,-2
998001900,2,2,0
998003073,1549,36,1513
998101900,0,0,0
998102850,1,153,-152
998501927,277,328,-51
998501929,85,5,80
998501930,45,0,45
998501931,102,54,48
998501932,7,1,6
998501933,105,95,10
998501937,3,5,-2
998501944,1,0,1
998501950,0,0,0
998501970,29,4,25
998501971,0,81,-81
998501973,0,112,-112
998501974,0,314,-314
998501975,69,0,69
998501976,18,1,17
998501977,0,16,-16
998501978,25,0,25
998501979,0,9,-9
998501980,107,3,104
998501981,25,2,23
998501982,0,108,-108
998502006,0,1,-1
998502024,0,2,-2
998502032,0,1,-1
998502062,13,1,12
998502063,0,0,0
998502173,12,4,8
998502269,0,0,0
998601159,1,516,-515
998601292,0,15,-15
999033574,0,282,-282
999800001,14,1,13
999800002,0,2,-2
999800003,1,2,-1
999800004,0,3,-3
999800005,0,12,-12
