ID,insum,outsum,diff
100000001,697,1404,-707
100000002,5988,1326,4662
100000003,9026,4779,4247
100000004,2046,1472,574
100000005,3288,6285,-2997
100000006,1130,171,959
100000007,4607,864,3743
100000008,404,846,-442
100000009,983,473,510
100000010,78,88,-10
100000011,958,130,828
100000012,190,1135,-945
100000013,126,331,-205
100000014,723,355,368
100000015,2633,3292,-659
100000016,1627,1853,-226
100000017,1464,1305,159
100000018,2571,876,1695
100000019,8904,3011,5893
100000020,3399,10687,-7288
100000021,8945,4565,4380
100000022,4830,2381,2449
100000023,10587,2509,8078
100000025,5430,1471,3959
100000028,4191,1500,2691
100000029,487,319,168
100000030,861,108,753
100000031,12805,11863,942
100000032,4868,6345,-1477
100000033,1873,4061,-2188
100000034,1443,688,755
100000035,3507,1402,2105
100000036,4382,1737,2645
100000037,766,721,45
100000038,2346,1463,883
100000039,1744,325,1419
100000040,406,278,128
100000041,1597,561,1036
100000042,1505,559,946
100000043,1415,599,816
100000044,480,954,-474
100000045,808,1846,-1038
100000046,1050,1906,-856
100000047,809,1148,-339
100000048,1568,931,637
100000049,2721,3362,-641
100000051,777,1368,-591
100000053,173,3,170
100000054,638,52,586
100000055,1667,338,1329
100000056,752,780,-28
100000057,2686,1066,1620
100000058,1617,1783,-166
100000059,12,198,-186
100000060,578,676,-98
100000061,3206,790,2416
100000062,2633,738,1895
100000063,857,383,474
100000064,2117,620,1497
100000065,739,1535,-796
100000066,319,1170,-851
100000067,778,1113,-335
100000068,908,2568,-1660
100000069,484,2506,-2022
100000072,539,1552,-1013
100000073,2457,2075,382
100000075,935,497,438
100000076,4983,4411,572
100000077,1314,293,1021
100000078,167,84,83
100000079,69,125,-56
100000080,43,70,-27
100000081,189,118,71
100000102,9038,2196,6842
100000103,7690,1586,6104
100000104,8034,3183,4851
100000105,5811,1888,3923
100000106,5444,3232,2212
100000107,1634,1084,550
100000108,2231,1636,595
100000109,8352,1930,6422
100000116,2471,1344,1127
100000117,123,76,47
100000118,3108,1498,1610
100000119,1518,878,640
100000121,464,817,-353
100000122,4207,1458,2749
100000123,5437,9446,-4009
100000124,8162,13364,-5202
100000125,4817,1680,3137
100000126,2310,492,1818
100000127,4526,436,4090
100000128,2278,2966,-688
100000129,1006,625,381
100000130,503,851,-348
100000131,4287,5932,-1645
100000132,2125,4689,-2564
100000133,9622,4569,5053
100000135,804,1340,-536
100000139,585,233,352
100000140,691,420,271
100000142,636,754,-118
100000143,1434,830,604
100000144,6367,1336,5031
100000147,1661,3651,-1990
100000150,84,573,-489
100000151,1384,1302,82
100000153,1180,617,563
100000154,497,213,284
100000155,51,88,-37
100000156,321,161,160
100000157,121,88,33
100000158,256,123,133
100000159,1053,833,220
100000165,2245,1193,1052
100000169,1499,465,1034
100000174,3151,659,2492
100000179,124,795,-671
100000180,5577,2694,2883
100000181,360,356,4
100000188,158,645,-487
100000189,2487,455,2032
100000190,1335,918,417
100000191,1441,573,868
100000192,163,189,-26
100000193,274,216,58
100000330,2775,1245,1530
100000355,427,936,-509
100000362,7492,4697,2795
100000363,4356,6056,-1700
100000364,825,231,594
100000365,5983,6672,-689
100000366,9675,3880,5795
100000367,7310,5740,1570
100000368,3378,2628,750
100000369,2257,2623,-366
100000370,449,779,-330
100000376,169,201,-32
100000379,8169,2396,5773
100000380,13018,4021,8997
100000384,11630,7466,4164
100000385,10706,6169,4537
100000386,15721,8967,6754
100000387,13663,7805,5858
100000388,12165,11987,178
100000389,13036,10103,2933
100000390,13668,7570,6098
100000391,9665,11205,-1540
100000392,7952,4031,3921
100000393,4200,4711,-511
100000394,14457,7825,6632
100000395,8315,3165,5150
100000396,9867,3507,6360
100000397,6817,4048,2769
100000398,16629,11307,5322
100900002,63,56,7
100900003,422,174,248
100900004,48,1246,-1198
100900005,158,19,139
100900006,19,189,-170
100900007,804,22,782
100900008,5,650,-645
100900009,142,118,24
100900010,98,148,-50
100900011,144,504,-360
100900012,2,305,-303
100900013,1319,12,1307
100900014,3,19,-16
100900015,173,259,-86
100900016,8,96,-88
100900017,1518,129,1389
100900018,0,21,-21
100900019,42,195,-153
100900020,645,15,630
100900021,527,6,521
100900022,15,52,-37
100900023,1,62,-61
100900024,1566,42,1524
100900025,12,25,-13
100900026,161,239,-78
100900027,797,4249,-3452
100900028,207,315,-108
100900029,196,39,157
100900030,11,44,-33
100900031,774,118,656
100900032,218,0,218
100900033,403,278,125
100900034,585,2,583
100900035,1290,2,1288
100900036,26,1,25
100900037,98,344,-246
100900038,308,19,289
100900039,380,950,-570
100900040,427,1142,-715
100900041,716,1124,-408
100900042,1211,490,721
100900043,0,36,-36
100900044,4743,846,3897
100900045,219,1,218
100900046,1468,21,1447
100900047,1410,405,1005
100900048,288,89,199
100900049,110,289,-179
100900050,7,23,-16
100900051,173,128,45
100900052,646,49,597
100900053,391,28,363
100900054,25,203,-178
100900055,592,754,-162
100900056,204,435,-231
100900057,1114,1708,-594
100900058,552,77,475
100900059,165,9,156
100900060,161,5,156
100900061,420,437,-17
100900062,5,105,-100
100900063,242,783,-541
100900064,1150,38,1112
100900065,232,149,83
100900066,119,167,-48
100900067,5,13,-8
100900068,214,179,35
100900069,2419,19,2400
100900070,312,6,306
100900071,1007,536,471
100900072,4,101,-97
100900073,150,667,-517
100900074,20,25,-5
100900075,2991,683,2308
100900076,23,73,-50
100900077,20,175,-155
100900078,159,803,-644
100900079,12,59,-47
100900080,50,245,-195
100900081,92,360,-268
100900082,116,840,-724
100900083,18,61,-43
100900085,8,154,-146
100900086,369,2269,-1900
100900088,155,1025,-870
100900089,12,45,-33
100900090,210,831,-621
100900091,3,36,-33
100900092,367,385,-18
100900093,258,601,-343
100900094,144,994,-850
100900095,17,56,-39
100900096,64,138,-74
100900097,0,11,-11
100900098,43,21,22
100900099,44,837,-793
100900100,19,502,-483
100900101,557,69,488
100900102,158,167,-9
100900103,32,28,4
100900104,14,282,-268
100900105,27,419,-392
100900106,60,13,47
100900107,3156,1033,2123
100900108,36,51,-15
100900109,35,56,-21
100900110,5,83,-78
100900111,71,312,-241
100900112,1,14,-13
100900113,14,54,-40
100900114,14,37,-23
100900115,18,52,-34
100900116,1093,1822,-729
100900117,454,1071,-617
100900118,82,79,3
100900119,16,54,-38
100900120,7,13,-6
100900121,355,1124,-769
100900122,211,316,-105
100900123,123,227,-104
100900124,22,24,-2
100900125,19,158,-139
100900126,146,400,-254
100900127,1,17,-16
100900128,229,242,-13
100900129,7,172,-165
100900131,160,346,-186
100900133,117,58,59
100900134,11,11,0
100900135,1,252,-251
100900137,564,304,260
100900138,821,658,163
100900139,11,23,-12
100900140,9,1091,-1082
100900141,10,594,-584
100900142,4,41,-37
100900143,1517,537,980
100900144,19,7,12
100900145,157,211,-54
100900146,12,121,-109
100900147,44,430,-386
100900148,46,1259,-1213
100900149,27,218,-191
100900150,9,87,-78
100900151,215,829,-614
100900152,232,8,224
100900153,13,241,-228
100900154,14,49,-35
100900155,33,27,6
100900156,27,2,25
100900157,35,208,-173
100900158,1225,417,808
100900159,8,46,-38
100900160,29,36,-7
100900161,114,6,108
100900162,24,345,-321
100900163,247,334,-87
100900164,57,74,-17
100900165,46,118,-72
100900166,35,7,28
100900167,23,107,-84
100900168,70,154,-84
100900169,230,1330,-1100
100900170,28,10,18
100900171,40,876,-836
100900172,0,20,-20
100900173,21,869,-848
100900174,700,72,628
100900176,2396,414,1982
100900177,1221,864,357
100900178,931,205,726
100900179,212,235,-23
100900180,1,1,0
100900181,139,63,76
100900182,60,35,25
100900184,16,220,-204
100900186,1217,1093,124
100900187,5,177,-172
100900188,43,31,12
100900189,1696,309,1387
100900191,2340,1535,805
100900192,469,347,122
100900195,276,173,103
100900197,60,226,-166
100900198,17,445,-428
100900199,21,24,-3
100900200,906,633,273
100900201,133,1309,-1176
100900202,30,1,29
100900203,3,130,-127
100900204,1112,1319,-207
100900205,277,599,-322
100900206,125,114,11
100900207,277,138,139
100900210,140,1252,-1112
100900211,665,282,383
100900213,84,64,20
100900214,1430,172,1258
100900215,26,44,-18
100900217,5,10,-5
101000001,7416,2832,4584
101000002,5983,7461,-1478
101000003,1453,3706,-2253
101000004,15099,14931,168
101000005,7353,9529,-2176
101000006,12666,15516,-2850
101000007,4916,5269,-353
101000008,9255,5185,4070
101000009,2907,2656,251
101000010,1525,2076,-551
101000011,3793,1148,2645
101000012,2998,996,2002
101000013,966,1700,-734
101000014,1192,1219,-27
101000015,1946,1219,727
101000016,1987,790,1197
101000017,1786,965,821
101000018,10674,3985,6689
101000020,8900,1459,7441
101000021,4200,558,3642
101000022,954,143,811
101000023,3772,1254,2518
101000025,462,702,-240
101000026,519,53,466
101000027,4838,2496,2342
101000028,1940,248,1692
101000029,360,1337,-977
101000030,2659,147,2512
101000031,1423,689,734
101000032,12744,4098,8646
101000033,6248,4394,1854
101000034,8467,2204,6263
101000035,3059,896,2163
101000036,4604,925,3679
101000037,9560,2242,7318
101000039,6564,3990,2574
101000040,7741,4410,3331
101000041,21724,9414,12310
101000042,2230,1587,643
101000043,15340,9875,5465
101000045,3092,974,2118
101000046,5016,1158,3858
101000047,3822,2733,1089
101000048,2024,1407,617
101000049,1711,2193,-482
101000050,4758,3881,877
101000051,4160,3324,836
101000052,3086,1274,1812
101000053,2055,2325,-270
101000054,3694,2369,1325
101000055,2464,2770,-306
101000056,87,124,-37
101000057,4946,1388,3558
101000058,4287,1778,2509
101000059,8132,2217,5915
101000060,3190,944,2246
101000061,1736,1887,-151
101000062,1552,1346,206
101000063,993,1208,-215
101000064,2394,860,1534
101000065,682,456,226
101000066,1001,561,440
101000067,1749,910,839
101000068,775,552,223
101000069,863,107,756
101000070,2281,1639,642
101000071,3632,1424,2208
101000072,1952,6439,-4487
101000073,1222,1117,105
101000074,9035,5942,3093
101000075,9633,4668,4965
101000077,2051,1626,425
101000078,1531,3084,-1553
101000079,731,555,176
101000080,807,469,338
101000081,1776,2258,-482
101000082,5093,4043,1050
101000083,3040,3247,-207
101000084,2062,1315,747
101000085,2429,1602,827
101000086,1551,1625,-74
101000087,1264,1851,-587
101000088,1538,1590,-52
101000089,1433,2365,-932
101000090,3248,2101,1147
101000091,548,2173,-1625
101000092,1072,1770,-698
101000093,2582,1335,1247
101000094,1015,2214,-1199
101000095,399,1288,-889
101000096,406,1017,-611
101000097,1538,531,1007
101000098,1328,802,526
101000099,2026,2410,-384
101000100,1727,1316,411
101000101,916,553,363
101000102,3331,528,2803
101000103,1537,712,825
101000104,732,885,-153
101000105,2399,584,1815
101000106,2066,1181,885
101000107,269,630,-361
101000108,2244,510,1734
101000109,348,95,253
101000110,59,1087,-1028
101000111,151,299,-148
101000113,445,1468,-1023
101000114,10005,3971,6034
101000115,247,161,86
101000116,265,235,30
101000117,1959,449,1510
101000119,407,133,274
101000120,392,79,313
101000121,169,73,96
101000122,256,120,136
101000123,157,109,48
101000124,415,213,202
101000125,308,637,-329
101000128,2377,470,1907
101000130,483,437,46
101000131,965,957,8
101000132,764,2739,-1975
101000135,164,44,120
101000136,501,154,347
101000137,41,454,-413
101000141,4295,5058,-763
101000147,1151,603,548
101000148,2467,60,2407
101000149,309,242,67
101000150,134,1681,-1547
101000151,172,122,50
101000152,567,588,-21
101000153,961,676,285
101000154,313,2649,-2336
101000155,297,216,81
101000156,27,394,-367
101000157,139,60,79
101000160,200,50,150
101000163,351,171,180
101000164,743,531,212
101000165,401,591,-190
101000166,440,568,-128
101000168,1147,501,646
101000252,2148,1185,963
101000254,961,81,880
101000258,29,21,8
101000261,89,54,35
101000262,3805,1859,1946
101000263,827,1691,-864
101000265,184,875,-691
101000266,844,601,243
101000269,344,21,323
101000290,3865,5139,-1274
101000293,54,121,-67
101000294,930,661,269
101000295,219,863,-644
101000301,1660,543,1117
101000304,6490,3970,2520
101000305,5376,2949,2427
101900001,23,111,-88
101900002,0,28,-28
101900003,169,194,-25
101900004,25,69,-44
101900005,8861,2482,6379
101900006,1617,186,1431
101900007,1359,241,1118
101900008,335,584,-249
101900009,179,891,-712
101900010,1551,1061,490
101900011,593,2713,-2120
101900012,317,843,-526
101900013,2004,214,1790
101900017,39,233,-194
101900018,2500,436,2064
101900019,401,235,166
101900020,823,419,404
101900021,2,88,-86
101900022,228,2000,-1772
101900023,194,326,-132
102000001,9382,6577,2805
102000002,6494,1989,4505
102000003,6101,11460,-5359
102000004,12954,5772,7182
102000005,3062,4075,-1013
102000006,3454,3841,-387
102000007,2967,8849,-5882
102000008,9638,3641,5997
102000009,9021,12195,-3174
102000010,8894,7946,948
102000011,5719,3950,1769
102000012,6939,6470,469
102000018,5770,4634,1136
102000019,4620,3682,938
102000026,683,2056,-1373
102000029,617,340,277
102000030,187,687,-500
102000031,75,267,-192
102000032,528,690,-162
102000033,343,786,-443
102000034,740,1043,-303
102000035,1924,1270,654
102000036,26,921,-895
102000037,327,186,141
102000038,817,303,514
102000039,912,127,785
102000040,1093,329,764
102000041,459,508,-49
102000042,649,437,212
102000043,895,429,466
102000044,1855,1069,786
102000045,1498,2114,-616
102000046,2159,1145,1014
102000047,1217,2156,-939
102000048,520,1544,-1024
102000049,2567,1324,1243
102000050,2558,1982,576
102000051,853,1234,-381
102000052,2796,1411,1385
102000053,2464,1679,785
102000054,554,1290,-736
102000055,1339,1461,-122
102000056,915,2895,-1980
102000057,2166,1224,942
102000058,1746,3320,-1574
102000059,2483,2729,-246
102000060,2196,1918,278
102000061,2109,3632,-1523
102000062,2094,2517,-423
102000063,1780,2683,-903
102000064,977,1455,-478
102000065,58,261,-203
102000066,1499,3185,-1686
102000067,4096,5731,-1635
102000068,18857,5556,13301
102000069,107,2746,-2639
102000070,2485,100,2385
102000071,13582,14470,-888
102000072,5208,8453,-3245
102000073,2432,1629,803
102000074,1174,1772,-598
102000075,382,698,-316
102000076,328,1069,-741
102000077,607,1575,-968
102000078,1021,1439,-418
102000079,292,610,-318
102000080,480,488,-8
102000081,615,1144,-529
102000082,1308,554,754
102000083,752,641,111
102000084,226,571,-345
102000085,2844,2054,790
102000086,1577,2295,-718
102000087,1647,2664,-1017
102000088,377,467,-90
102000089,1770,706,1064
102000090,1001,1740,-739
102000091,3290,870,2420
102000092,558,1577,-1019
102000093,1038,1140,-102
102000094,1708,1043,665
102000095,1627,2375,-748
102000096,1276,1555,-279
102000097,1616,1977,-361
102000098,956,1629,-673
102000099,1719,1090,629
102000100,1108,1810,-702
102000101,2195,1080,1115
102000102,540,5375,-4835
102000103,2217,739,1478
102000104,1794,553,1241
102000105,425,1298,-873
102000106,991,1480,-489
102000107,1392,893,499
102000108,841,627,214
102000109,1015,970,45
102000110,1022,2294,-1272
102000111,26,620,-594
102000112,284,134,150
102000113,17,38,-21
102000114,1668,602,1066
102000115,360,403,-43
102000116,1728,454,1274
102000117,610,885,-275
102000118,3946,1638,2308
102000119,3716,1113,2603
102000120,366,869,-503
102000121,1363,865,498
102000122,797,1404,-607
102000123,2239,1825,414
102000124,2310,1648,662
102000125,1077,1799,-722
102000126,1071,1030,41
102000127,1708,1163,545
102000128,831,1567,-736
102000129,1801,1247,554
102000130,809,1216,-407
102000131,3296,1419,1877
102000132,1319,1578,-259
102000133,1838,3564,-1726
102000134,902,1468,-566
102000135,1352,2119,-767
102000136,2037,1318,719
102000137,1523,1465,58
102000138,366,727,-361
102000139,268,695,-427
102000140,699,515,184
102000141,798,1060,-262
102000142,471,631,-160
102000143,281,728,-447
102000144,362,621,-259
102000145,451,660,-209
102000146,563,500,63
102000147,671,658,13
102000148,325,808,-483
102000149,289,981,-692
102000150,340,524,-184
102000151,265,526,-261
102000152,221,319,-98
102000153,1486,686,800
102000154,726,1039,-313
102000155,221,464,-243
102000156,1078,178,900
102000157,285,409,-124
102000158,793,732,61
102000159,2321,783,1538
102000161,6382,3379,3003
102000162,445,279,166
102000163,206,906,-700
102000164,1917,1692,225
102000165,481,219,262
102000166,70,234,-164
102000167,454,272,182
102000168,351,174,177
102000169,209,1197,-988
102000170,1208,298,910
102000171,553,169,384
102000172,588,650,-62
102000173,1062,407,655
102000174,117,96,21
102000175,207,349,-142
102000176,66,89,-23
102000178,548,734,-186
102000179,763,375,388
102000180,1081,898,183
102000181,777,1005,-228
102000182,690,951,-261
102000183,2012,2766,-754
102000184,2141,1281,860
102000185,2861,2368,493
102000186,1348,3035,-1687
102000187,1091,2621,-1530
102000188,1120,2308,-1188
102000189,4718,1580,3138
102000190,1086,4500,-3414
102000191,1880,982,898
102000192,1441,2033,-592
102000193,95,266,-171
102000194,165,244,-79
102000195,1002,799,203
102000196,282,777,-495
102000197,650,759,-109
102000198,250,1451,-1201
102000199,1134,526,608
102000200,520,1879,-1359
102000201,979,809,170
102000202,17,190,-173
102000203,452,499,-47
102000204,554,1615,-1061
102000205,1605,967,638
102000206,1265,1215,50
102000207,2025,812,1213
102000208,1060,909,151
102000209,128,70,58
102000210,625,874,-249
102000211,788,703,85
102000212,307,18,289
102000213,4,550,-546
102000214,251,28,223
102000215,3,694,-691
102000216,71,95,-24
102000217,15,233,-218
102000218,267,251,16
102000219,650,489,161
102000225,888,1215,-327
102000226,6250,1559,4691
102000227,424,6,418
102000228,1,159,-158
102000229,65,49,16
102000230,436,866,-430
102000231,483,773,-290
102000232,38,503,-465
102000233,756,1629,-873
102000234,145,1728,-1583
102000236,404,156,248
102000237,1439,274,1165
102000238,276,563,-287
102000240,1091,779,312
102000241,339,210,129
102000243,20,177,-157
102000245,38,96,-58
102000246,33,49,-16
102000247,497,1668,-1171
102000248,290,778,-488
102000249,152,329,-177
102000250,75,592,-517
102000254,79,639,-560
102000266,100,377,-277
102000271,84,0,84
102000286,839,707,132
102000297,3047,1899,1148
102000299,0,0,0
102000301,0,0,0
102000302,0,0,0
102000303,0,0,0
102000304,0,0,0
102000305,0,0,0
102000306,0,0,0
102000307,0,2,-2
102000308,1,5,-4
102900001,1794,1653,141
102900002,529,78,451
102900003,66,329,-263
102900005,406,584,-178
102900006,706,364,342
102900007,526,45,481
102900008,305,147,158
102900009,599,377,222
102900010,1040,692,348
102900011,2918,768,2150
102900012,644,150,494
102900013,23,102,-79
102900015,1370,795,575
102900016,68,195,-127
102900017,186,847,-661
102900018,36,158,-122
102900019,903,1030,-127
102900020,174,55,119
102900021,30,145,-115
102900022,776,175,601
102900023,29,93,-64
102900024,33,89,-56
102900025,427,149,278
102900026,1090,2141,-1051
102900027,56,159,-103
102900028,207,1053,-846
102900029,204,321,-117
102900030,765,426,339
102900031,195,250,-55
102900032,110,194,-84
102900033,112,295,-183
102900034,518,198,320
102900035,169,527,-358
102900036,354,869,-515
102900037,321,1205,-884
102900038,616,1007,-391
102900039,34,669,-635
102900040,193,366,-173
102900041,86,366,-280
102900042,239,542,-303
102900043,221,465,-244
102900044,935,3077,-2142
102900045,155,805,-650
102900046,134,496,-362
102900047,116,1009,-893
102900048,911,967,-56
102900049,190,636,-446
102900050,486,575,-89
102900051,253,351,-98
102900052,77,41,36
102900053,588,1170,-582
102900054,1476,1506,-30
102900055,177,226,-49
102900056,261,809,-548
102900057,7,54,-47
102900058,513,159,354
102900059,11,58,-47
102900060,179,769,-590
102900061,249,823,-574
102900062,201,1755,-1554
102900063,1371,723,648
102900064,300,853,-553
102900065,2675,785,1890
102900066,471,75,396
102900068,214,138,76
102900070,471,914,-443
102900072,12,49,-37
102900073,208,22,186
102900074,531,290,241
102900075,41,59,-18
102900076,356,149,207
102900077,51,62,-11
102900078,58,147,-89
102900079,359,9,350
102900080,388,52,336
102900081,118,562,-444
102900082,12,358,-346
102900083,410,12,398
102900084,20,29,-9
102900085,353,169,184
102900086,35,60,-25
102900087,266,150,116
102900088,88,43,45
102900089,490,240,250
102900090,1,712,-711
102900091,256,9,247
102900092,455,1449,-994
102900093,475,529,-54
102900094,5,101,-96
102900095,282,6,276
102900096,50,12,38
102900097,198,424,-226
103000001,3491,4453,-962
103000002,4647,4010,637
103000003,8554,4552,4002
103000004,1427,1112,315
103000005,3264,5226,-1962
103000006,1012,2115,-1103
103000007,721,1267,-546
103000008,2180,1448,732
103000009,1972,1719,253
103000010,236,217,19
103000011,2437,2013,424
103000012,1715,2171,-456
103000013,9780,3396,6384
103000014,2103,4481,-2378
103000015,3936,1131,2805
103000016,749,2324,-1575
103000017,244,666,-422
103000018,1869,669,1200
103000019,368,403,-35
103000020,3938,2265,1673
103000021,3156,2124,1032
103000022,1612,1835,-223
103000023,923,2792,-1869
103000024,155,303,-148
103000025,103,827,-724
103000026,2142,261,1881
103000027,424,912,-488
103000028,827,597,230
103000029,520,361,159
103000030,3031,1261,1770
103000031,2694,3750,-1056
103000032,2848,2822,26
103000033,3876,4327,-451
103000034,2644,1778,866
103000035,683,2429,-1746
103000036,744,887,-143
103000037,877,748,129
103000038,947,2024,-1077
103000039,437,774,-337
103000040,629,2219,-1590
103000041,2340,4194,-1854
103000042,1282,1032,250
103000043,629,2020,-1391
103000044,235,387,-152
103000046,353,922,-569
103000047,959,1155,-196
103000048,240,256,-16
103000049,131,354,-223
103000050,1220,1063,157
103000051,802,924,-122
103000052,1177,703,474
103000053,276,884,-608
103000054,3385,1894,1491
103000055,2303,3513,-1210
103000056,800,3255,-2455
103000057,533,524,9
103000058,782,1428,-646
103000059,429,1355,-926
103000060,1029,1306,-277
103000061,489,1579,-1090
103000062,1569,1193,376
103000063,1033,1278,-245
103000064,194,420,-226
103000065,7,557,-550
103000066,215,9,206
103000069,370,539,-169
103000070,1349,1619,-270
103000071,1480,589,891
103000072,158,1359,-1201
103000073,894,214,680
103000074,1178,162,1016
103000075,188,1257,-1069
103000076,506,566,-60
103000077,110,623,-513
103000078,2758,987,1771
103000079,2238,932,1306
103000080,1811,541,1270
103000081,769,1353,-584
103000082,896,400,496
103000083,217,472,-255
103000084,264,27,237
103000085,4,133,-129
103000086,1579,722,857
103000087,430,891,-461
103000088,633,546,87
103000089,595,969,-374
103000090,2356,1109,1247
103000091,764,605,159
103000092,545,405,140
103000093,392,639,-247
103000094,190,135,55
103000095,93,632,-539
103000096,1019,212,807
103000097,100,1051,-951
103000098,1291,326,965
103000099,511,793,-282
103000100,153,1278,-1125
103000101,1152,280,872
103000102,176,947,-771
103000103,839,413,426
103000104,101,189,-88
103000105,191,240,-49
103000106,62,190,-128
103000107,478,111,367
103000108,902,826,76
103000109,853,456,397
103000110,673,596,77
103000111,1364,660,704
103000112,901,318,583
103000113,1959,1102,857
103000114,3902,595,3307
103000115,585,781,-196
103000116,628,805,-177
103000117,470,773,-303
103000118,2731,1595,1136
103000119,2960,993,1967
103000120,227,144,83
103000121,734,1120,-386
103000122,837,592,245
103000125,25,518,-493
103000126,708,9,699
103000127,3,251,-248
103000128,160,8,152
103000129,5,204,-199
103000130,60,63,-3
103000131,240,180,60
103000132,122,250,-128
103000133,15,190,-175
103000134,958,1276,-318
103000135,1301,478,823
103000136,1537,662,875
103000137,1472,875,597
103000138,1539,1040,499
103000139,6,89,-83
103000140,320,48,272
103000141,45,154,-109
103000142,244,122,122
103000143,207,288,-81
103000144,271,133,138
103000145,87,59,28
103000150,135,75,60
103000152,783,420,363
103000153,565,262,303
103000156,8,651,-643
103000157,457,1,456
103000159,308,137,171
103000162,208,30,178
103000163,17,45,-28
103000164,101,36,65
103000165,328,623,-295
103000166,276,384,-108
103000167,551,117,434
103000168,112,242,-130
103000169,278,793,-515
103000170,752,839,-87
103000171,61,93,-32
103000172,736,1431,-695
103000173,533,1032,-499
103000174,213,639,-426
103000175,243,623,-380
103000176,1576,700,876
103000177,1379,822,557
103000178,543,493,50
103000179,298,59,239
103000183,198,45,153
103000185,142,159,-17
103000186,182,333,-151
103000187,640,1081,-441
103000188,13,88,-75
103000189,2397,1456,941
103000191,859,1215,-356
103000292,3633,2021,1612
103000293,1902,2787,-885
103000295,176,137,39
103000296,414,5,409
103000297,194,71,123
103000504,341,47,294
103000505,7,26,-19
103000506,1,296,-295
103000507,230,0,230
103000508,61,48,13
103000509,330,804,-474
103900001,3,549,-546
103900002,3094,301,2793
103900003,3446,292,3154
103900004,129,27,102
103900005,13,459,-446
103900006,3,1,2
103900007,49,10,39
103900008,30,4,26
103900009,329,589,-260
103900010,222,436,-214
103900011,292,311,-19
103900012,14,32,-18
103900013,45,97,-52
103900014,41,51,-10
103900015,62,24,38
103900016,440,340,100
103900017,52,145,-93
103900018,700,249,451
103900019,92,363,-271
103900020,320,596,-276
103900021,1307,116,1191
103900022,1410,800,610
103900023,121,3,118
103900024,185,1074,-889
103900025,18,69,-51
103900026,223,4,219
103900027,898,537,361
103900028,35,393,-358
103900029,1310,115,1195
103900030,678,63,615
103900031,19,5,14
103900032,111,41,70
103900033,458,19,439
103900034,27,422,-395
103900035,82,76,6
103900036,109,30,79
103900037,158,88,70
103900038,143,213,-70
103900039,82,566,-484
103900040,22,331,-309
103900041,59,76,-17
103900042,69,526,-457
103900043,167,208,-41
103900044,359,423,-64
103900045,324,290,34
103900047,81,47,34
103900048,78,27,51
103900049,264,1971,-1707
103900050,11,162,-151
103900051,1,42,-41
103900052,266,805,-539
103900053,157,1706,-1549
103900054,130,896,-766
103900055,640,292,348
103900056,44,55,-11
103900057,60,309,-249
103900058,291,1239,-948
103900059,0,17,-17
103900060,65,337,-272
103900061,188,95,93
103900062,472,153,319
103900063,12,0,12
103900064,121,6,115
103900065,1093,624,469
103900066,177,21,156
103900067,222,18,204
103900068,13,0,13
103900069,182,26,156
103900070,200,480,-280
103900071,29,233,-204
103900072,11,399,-388
103900073,23,53,-30
103900074,105,147,-42
103900075,169,159,10
103900076,511,1054,-543
103900077,84,151,-67
103900078,258,224,34
103900079,214,381,-167
103900080,13,52,-39
103900081,132,22,110
103900082,14,208,-194
103900083,2465,1657,808
103900084,70,243,-173
103900085,119,143,-24
103900086,809,573,236
103900087,36,151,-115
103900088,489,590,-101
103900089,56,198,-142
103900090,5,381,-376
103900091,1450,335,1115
103900092,1678,685,993
103900093,180,472,-292
103900094,13,183,-170
103900095,1208,216,992
103900096,40,360,-320
103900097,21,864,-843
103900098,237,170,67
103900099,102,410,-308
103900100,284,688,-404
103900101,91,1605,-1514
103900102,1,42,-41
103900104,2,57,-55
103900105,122,257,-135
103900106,0,28,-28
103900107,228,404,-176
103900108,39,486,-447
103900109,96,147,-51
103900110,339,87,252
103900111,137,1315,-1178
103900112,44,91,-47
103900113,183,314,-131
103900114,734,555,179
103900115,387,414,-27
103900116,8428,3206,5222
103900117,265,183,82
103900119,52,69,-17
103900120,40,170,-130
103900122,78,428,-350
103900123,2496,676,1820
103900124,51,160,-109
103900125,131,136,-5
103900126,697,858,-161
103900127,227,1115,-888
103900128,152,276,-124
103900131,18,130,-112
103900133,1489,126,1363
103900134,2,5,-3
103900135,10,25,-15
103900137,0,65,-65
103900138,120,586,-466
103900139,303,2104,-1801
103900140,23,118,-95
103900141,385,127,258
103900142,250,483,-233
103900143,69,6,63
103900144,2,142,-140
103900145,206,473,-267
103900146,384,562,-178
103900147,517,206,311
103900148,226,336,-110
103900149,308,1219,-911
103900150,12135,5504,6631
103900151,87,220,-133
103900152,560,856,-296
103900153,15,1,14
103900154,1994,3307,-1313
103900155,34,394,-360
103900156,39,302,-263
103900157,75,468,-393
103900158,78,401,-323
103900159,144,197,-53
103900160,90,47,43
103900161,133,276,-143
103900162,77,396,-319
103900163,5,827,-822
103900164,246,51,195
103900167,24,146,-122
103900168,165,281,-116
103900169,43,81,-38
103900170,4,188,-184
103900171,3,90,-87
103900172,18,49,-31
103900173,13,22,-9
103900174,241,114,127
103900175,101,102,-1
103900176,24,29,-5
103900177,9,75,-66
103900178,71,151,-80
103900179,65,365,-300
103900180,28,195,-167
103900181,88,130,-42
103900182,58,39,19
103900184,932,133,799
103900185,615,347,268
103900187,96,118,-22
103900188,47,38,9
103900189,105,11,94
103900190,141,93,48
103900191,55,99,-44
103900192,41,168,-127
103900193,302,271,31
103900194,141,523,-382
103900195,9,73,-64
103900196,53,43,10
103900197,21,32,-11
103900198,8,83,-75
103900199,231,75,156
103900200,164,222,-58
103900201,221,325,-104
103900202,17,78,-61
103900203,70,32,38
103900204,0,186,-186
103900207,4,252,-248
103900208,111,4,107
103900209,14,170,-156
103900210,71,33,38
103900211,700,939,-239
103900212,171,613,-442
103900213,419,351,68
103900214,813,203,610
103900215,861,425,436
103900216,23,984,-961
103900217,696,173,523
103900218,1,656,-655
103900219,229,745,-516
103900233,310,5,305
103900235,205,61,144
103900236,82,2,80
103900242,9,25,-16
103900243,20,40,-20
103900244,138,541,-403
103900245,200,297,-97
103900246,83,57,26
103900247,75,154,-79
103900248,45,78,-33
103900249,27,103,-76
103900250,118,37,81
103900251,3,38,-35
103900253,46,103,-57
103900254,9,45,-36
103900255,68,48,20
103900256,167,57,110
103900257,149,445,-296
103900258,163,5,158
103900259,152,12,140
103900261,21,5,16
103900262,47,15,32
103900263,112,150,-38
103900264,140,80,60
103900265,216,38,178
103900266,7,104,-97
103900267,13,63,-50
103900268,0,22,-22
103900269,29,30,-1
103900270,18,35,-17
104000001,3281,3551,-270
104000002,2746,5309,-2563
104000003,3463,4093,-630
104000004,4855,4813,42
104000005,1837,3224,-1387
104000006,3813,5316,-1503
104000007,6208,6331,-123
104000008,651,736,-85
104000009,316,152,164
104000010,238,355,-117
104000011,1283,492,791
104000012,294,743,-449
104000013,238,271,-33
104000014,427,1226,-799
104000015,357,252,105
104000016,771,809,-38
104000018,858,254,604
104000019,701,275,426
104000020,249,948,-699
104000021,440,856,-416
104000022,205,365,-160
104000023,782,595,187
104000024,372,627,-255
104000026,122,507,-385
104000027,557,707,-150
104000028,439,401,38
104000029,502,841,-339
104000030,379,356,23
104000031,1408,505,903
104000032,324,583,-259
104000033,754,652,102
104000034,346,522,-176
104000035,1094,610,484
104000036,840,920,-80
104000037,363,460,-97
104000038,463,430,33
104000039,272,462,-190
104000040,634,581,53
104000041,676,597,79
104000042,339,615,-276
104000043,397,632,-235
104000044,353,1095,-742
104000045,1577,1902,-325
104000046,2294,2648,-354
104000047,1499,2052,-553
104000048,1518,2590,-1072
104000049,820,654,166
104000050,364,1223,-859
104000051,209,992,-783
104000052,1874,2583,-709
104000053,1359,993,366
104000054,837,734,103
104000055,6908,4132,2776
104000056,2235,436,1799
104000057,231,612,-381
104000058,1015,1122,-107
104000059,945,2094,-1149
104000060,1383,1844,-461
104000061,2280,2000,280
104000062,400,344,56
104000064,845,629,216
104000065,338,695,-357
104000069,2443,1484,959
104000070,57,724,-667
104000071,205,686,-481
104000072,839,448,391
104000075,120,464,-344
104000076,810,199,611
104000082,3771,4481,-710
104000083,1259,392,867
104000084,165,785,-620
104000085,398,453,-55
104000086,247,718,-471
104000087,657,2553,-1896
104000090,968,2638,-1670
104000092,1331,4356,-3025
104000094,1354,3201,-1847
104000095,2410,2270,140
104000096,2130,746,1384
104000097,2209,1774,435
104000098,2255,2027,228
104000100,2229,953,1276
104000101,1683,4508,-2825
104000106,241,903,-662
104000107,920,757,163
104000108,500,1083,-583
104000109,413,139,274
104000110,1312,1731,-419
104000111,8080,3848,4232
104000112,3507,1010,2497
104000116,4,2074,-2070
104000117,191,1694,-1503
104000118,686,449,237
104000119,705,414,291
104000120,300,1640,-1340
104000121,324,1286,-962
104000122,668,1029,-361
104000123,1799,2041,-242
104000124,1846,4760,-2914
104000125,8105,5316,2789
104000126,576,691,-115
104000127,2359,5567,-3208
104000128,1263,696,567
104000129,771,38,733
104000130,40,569,-529
104000131,2316,853,1463
104000132,1443,1053,390
104000133,1656,1578,78
104000134,1293,2774,-1481
104000135,529,2538,-2009
104000136,1059,5511,-4452
104000137,1871,555,1316
104000138,1770,791,979
104000139,11804,4999,6805
104000141,1475,2676,-1201
104000142,1007,1446,-439
104000143,842,1045,-203
104000144,171,331,-160
104000145,672,319,353
104000146,576,1031,-455
104000147,214,627,-413
104000148,392,233,159
104000149,215,569,-354
104000150,1464,798,666
104000151,656,867,-211
104000152,837,1030,-193
104000153,692,796,-104
104000154,1524,1166,358
104000155,529,586,-57
104000157,1564,2519,-955
104000158,748,665,83
104000159,1221,618,603
104000160,2322,2664,-342
104000161,400,286,114
104000162,38,240,-202
104000165,1982,1731,251
104000167,748,1249,-501
104000168,834,10,824
104000169,137,93,44
104000170,747,787,-40
104000248,496,1473,-977
104000251,99,464,-365
104000272,0,0,0
104000273,0,0,0
104000274,0,0,0
104000275,0,0,0
104000279,1256,728,528
104000290,174,508,-334
104000291,1082,2089,-1007
104000293,1379,1016,363
104000294,22,0,22
104000295,846,1367,-521
104000296,583,1447,-864
104000297,1432,2970,-1538
104000298,2906,1738,1168
104000299,1041,2709,-1668
104900001,176,781,-605
104900002,68,212,-144
104900003,64,600,-536
104900004,97,565,-468
104900005,270,326,-56
104900006,384,150,234
104900007,319,427,-108
104900009,188,715,-527
104900010,43,58,-15
104900011,38,6,32
104900012,282,32,250
104900013,169,20,149
104900014,5350,604,4746
104900015,231,4,227
104900016,251,523,-272
104900017,171,304,-133
104900018,27,356,-329
104900019,615,3366,-2751
104900020,90,484,-394
104900021,2,368,-366
104900022,21,132,-111
104900023,2,177,-175
104900024,31,128,-97
104900025,101,726,-625
104900026,3,222,-219
104900027,649,377,272
104900028,17,125,-108
104900029,74,179,-105
104900030,722,362,360
104900031,164,275,-111
104900032,50,277,-227
104900033,246,318,-72
104900034,440,216,224
104900035,348,220,128
104900036,203,98,105
104900037,114,547,-433
104900038,1032,1032,0
104900039,1796,431,1365
104900040,427,169,258
104900041,289,281,8
104900042,157,521,-364
104900043,19,125,-106
104900044,532,364,168
104900045,442,99,343
104900046,174,245,-71
104900047,331,215,116
104900048,347,158,189
104900049,47,33,14
104900050,269,179,90
104900051,383,77,306
104900052,75,1,74
104900053,590,126,464
104900054,192,146,46
104900055,82,3,79
104900056,299,35,264
104900057,31,0,31
104900058,1798,478,1320
104900059,91,57,34
104900060,1,656,-655
104900061,461,883,-422
104900063,2,147,-145
104900064,1,123,-122
104900065,0,213,-213
104900066,6,369,-363
104900067,6,452,-446
104900068,26,351,-325
104900070,201,399,-198
104900071,3,1164,-1161
104900072,68,414,-346
104900073,64,467,-403
104900074,63,346,-283
104900075,60,152,-92
104900076,144,521,-377
104900077,1987,267,1720
104900078,255,990,-735
104900079,218,573,-355
104900080,114,762,-648
104900082,15,643,-628
104900085,7,341,-334
104900087,549,10,539
104900089,182,2,180
104900090,1073,833,240
104900091,896,1453,-557
104900093,390,956,-566
104900097,5491,2642,2849
104900098,160,91,69
104900099,344,757,-413
104900100,1335,433,902
104900102,61,427,-366
104900103,684,180,504
104900104,6376,2907,3469
104900106,78,212,-134
104900107,160,519,-359
104900108,54,504,-450
104900109,132,661,-529
104900110,18,89,-71
104900111,213,213,0
104900112,345,1440,-1095
104900113,782,766,16
104900114,324,903,-579
104900115,813,846,-33
104900116,348,408,-60
104900118,30,85,-55
104900119,0,49,-49
104900120,31,177,-146
104900121,4,150,-146
104900122,2,154,-152
104900123,56,6,50
104900124,34,1,33
104900125,762,6,756
104900126,92,115,-23
104900127,30,84,-54
104900128,131,246,-115
104900129,4730,2774,1956
105000001,3812,2698,1114
105000002,4239,2887,1352
105000003,6587,5440,1147
105000004,865,2205,-1340
105000005,1061,1980,-919
105000006,2123,2753,-630
105000007,2174,2307,-133
105000008,3814,4444,-630
105000009,2390,4259,-1869
105000010,5007,4459,548
105000011,3433,3674,-241
105000012,5829,4768,1061
105000013,1158,1529,-371
105000014,2017,3241,-1224
105000015,12376,15028,-2652
105000016,5993,3785,2208
105000017,3668,1569,2099
105000018,2564,2191,373
105000019,3060,1621,1439
105000020,583,554,29
105000021,692,229,463
105000022,401,91,310
105000023,845,409,436
105000028,91,226,-135
105000029,655,1760,-1105
105000030,6453,5884,569
105000033,1637,3389,-1752
105000034,429,1257,-828
105000037,991,762,229
105000038,2688,2454,234
105000039,4068,3422,646
105000040,1456,1587,-131
105000041,1105,2433,-1328
105000042,4959,2082,2877
105000043,2980,3842,-862
105000044,636,682,-46
105000045,585,1519,-934
105000046,1189,664,525
105000047,664,2186,-1522
105000048,995,413,582
105000049,402,1210,-808
105000050,733,624,109
105000051,318,1021,-703
105000052,743,1594,-851
105000053,198,345,-147
105000054,503,1598,-1095
105000055,1506,630,876
105000056,1882,4545,-2663
105000057,1772,1682,90
105000058,2371,2383,-12
105000059,916,941,-25
105000060,1008,1316,-308
105000061,850,927,-77
105000062,1455,1846,-391
105000063,627,1197,-570
105000064,1724,1137,587
105000065,683,1432,-749
105000066,2104,3348,-1244
105000067,2103,1105,998
105000068,1390,1609,-219
105000069,5907,2031,3876
105000070,1585,1386,199
105000071,1016,1180,-164
105000072,841,2773,-1932
105000073,1438,965,473
105000074,2110,1505,605
105000075,1341,1290,51
105000076,2704,1541,1163
105000077,4135,1394,2741
105000078,2822,1977,845
105000079,3447,2840,607
105000080,3801,2101,1700
105000081,4049,1254,2795
105000082,2113,1230,883
105000083,4280,2373,1907
105000084,1469,1688,-219
105000085,2597,1915,682
105000086,814,1677,-863
105000087,4302,3068,1234
105000088,2365,2781,-416
105000089,4690,3604,1086
105000090,1609,1396,213
105000091,2554,2613,-59
105000092,1490,1718,-228
105000093,738,353,385
105000094,443,398,45
105000095,113,701,-588
105000096,1944,1307,637
105000097,2144,1113,1031
105000098,2558,936,1622
105000099,2973,1259,1714
105000100,1509,2073,-564
105000101,2848,4129,-1281
105000102,3989,2614,1375
105000103,2951,4417,-1466
105000104,3272,1835,1437
105000105,1854,3753,-1899
105000106,2413,3172,-759
105000107,1737,2219,-482
105000108,1813,3509,-1696
105000109,2215,3434,-1219
105000110,882,1556,-674
105000111,818,1131,-313
105000112,1845,1604,241
105000113,562,1010,-448
105000114,7241,1846,5395
105000115,550,1219,-669
105000116,1074,872,202
105000117,1243,2102,-859
105000118,683,748,-65
105000119,1105,2528,-1423
105000120,1331,1133,198
105000121,1573,2534,-961
105000122,492,817,-325
105000123,1923,2478,-555
105000124,2426,1438,988
105000125,1480,3583,-2103
105000126,3042,3509,-467
105000127,3475,3669,-194
105000128,1229,2244,-1015
105000129,1741,690,1051
105000130,461,2806,-2345
105000131,1202,922,280
105000132,1255,740,515
105000133,596,2097,-1501
105000134,1159,848,311
105000135,615,1213,-598
105000136,64,244,-180
105000137,345,526,-181
105000138,84,239,-155
105000139,1427,1665,-238
105000140,213,688,-475
105000141,316,1158,-842
105000142,198,675,-477
105000143,349,1299,-950
105000144,561,1225,-664
105000145,862,715,147
105000146,826,1396,-570
105000147,861,702,159
105000148,1626,1025,601
105000149,2988,3312,-324
105000150,3207,2530,677
105000151,757,592,165
105000152,323,1023,-700
105000153,1087,1018,69
105000154,1451,1551,-100
105000155,562,1418,-856
105000156,1428,1449,-21
105000157,1451,3726,-2275
105000158,3131,1237,1894
105000159,347,2233,-1886
105000160,2666,912,1754
105000161,1163,2675,-1512
105000162,1202,2630,-1428
105000163,3128,1882,1246
105000164,349,564,-215
105000165,3516,7892,-4376
105000166,12439,928,11511
105000167,5694,2532,3162
105000168,460,1404,-944
105000169,655,664,-9
105000170,344,2461,-2117
105000171,1728,636,1092
105000172,176,68,108
105000173,165,104,61
105000174,67,94,-27
105000175,91,235,-144
105000176,457,169,288
105000177,392,265,127
105000178,189,1293,-1104
105000179,384,244,140
105000180,194,179,15
105000181,150,775,-625
105000182,70,73,-3
105000183,4941,2954,1987
105000184,1335,1639,-304
105000185,1870,1218,652
105000186,718,1305,-587
105000187,1112,322,790
105000188,750,193,557
105000189,440,768,-328
105000190,613,579,34
105000191,555,435,120
105000192,626,81,545
105000193,255,215,40
105000194,239,102,137
105000195,480,1678,-1198
105000196,54,218,-164
105000197,346,1204,-858
105000198,809,595,214
105000199,600,757,-157
105000200,321,354,-33
105000201,214,55,159
105000203,10,460,-450
105000204,108,146,-38
105000205,109,360,-251
105000207,927,330,597
105000208,420,800,-380
105000209,289,396,-107
105000212,1677,2656,-979
105000213,303,360,-57
105000214,206,428,-222
105000215,360,434,-74
105000216,194,579,-385
105000217,259,421,-162
105000218,1365,1695,-330
105000221,312,463,-151
105000222,478,95,383
105000223,379,289,90
105000226,142,583,-441
105000227,58,402,-344
105000228,449,2016,-1567
105000229,246,473,-227
105000231,363,461,-98
105000233,957,884,73
105000234,846,2211,-1365
105000235,628,854,-226
105000237,1114,125,989
105000243,33,411,-378
105000248,302,141,161
105000262,406,2783,-2377
105000269,160,318,-158
105000270,468,165,303
105000271,0,418,-418
105000282,295,90,205
105000287,418,249,169
105000288,561,952,-391
105000289,4592,2169,2423
105000290,18,9,9
105000402,7584,4609,2975
105000426,1336,783,553
105000438,4160,1321,2839
105000446,24215,9235,14980
105000447,12694,5383,7311
105000454,467,832,-365
105000455,395,319,76
105000474,39,6,33
105000477,521,799,-278
105000478,2448,4480,-2032
105000479,328,195,133
105000480,6869,4505,2364
105000481,4936,3818,1118
105000482,9389,7079,2310
105000483,2121,2486,-365
105000484,4750,4401,349
105000485,2696,2800,-104
105000486,8380,4314,4066
105000488,9542,7377,2165
105000489,1482,1286,196
105000549,135,251,-116
105000550,1142,2376,-1234
105000551,61,167,-106
105000552,6004,3156,2848
105900001,19,2243,-2224
105900002,2636,856,1780
105900003,10,149,-139
105900004,697,202,495
105900005,11,452,-441
105900006,56,145,-89
105900007,313,29,284
105900008,71,1079,-1008
105900009,25,23,2
105900011,400,84,316
105900012,676,156,520
105900013,5,33,-28
105900014,9,104,-95
105900015,381,694,-313
105900016,535,1089,-554
105900017,1519,117,1402
105900018,260,505,-245
105900019,77,599,-522
105900020,77,104,-27
105900021,56,736,-680
105900022,374,575,-201
105900023,6,228,-222
105900024,19,270,-251
105900025,300,85,215
105900026,558,90,468
105900027,11262,8995,2267
105900028,376,248,128
105900029,3455,681,2774
105900030,400,393,7
105900031,688,274,414
105900032,130,199,-69
105900033,202,213,-11
105900034,279,367,-88
105900035,328,340,-12
105900036,59,286,-227
105900037,142,77,65
105900038,224,678,-454
105900039,130,308,-178
105900040,87,138,-51
105900041,296,822,-526
105900042,88,229,-141
105900043,4027,120,3907
105900044,9,329,-320
105900045,7,1371,-1364
105900046,6,463,-457
105900047,19,80,-61
105900048,143,967,-824
105900050,5631,3523,2108
105900051,35,2250,-2215
105900052,605,174,431
105900053,6954,3680,3274
105900054,499,526,-27
105900056,1338,538,800
105900057,48,253,-205
105900058,19,70,-51
105900059,0,59,-59
106000001,5829,3321,2508
106000002,3741,7723,-3982
106000003,4487,5063,-576
106000004,3212,4366,-1154
106000005,3632,8636,-5004
106000006,8713,8130,583
106000007,658,830,-172
106000008,517,542,-25
106000009,647,509,138
106000010,747,901,-154
106000011,1215,1635,-420
106000012,1240,2476,-1236
106000013,2215,2752,-537
106000014,2889,3090,-201
106000015,1745,1933,-188
106000016,1740,3993,-2253
106000017,874,1096,-222
106000018,972,978,-6
106000019,510,664,-154
106000020,459,821,-362
106000021,347,747,-400
106000022,569,478,91
106000023,894,574,320
106000024,1212,1203,9
106000025,132,317,-185
106000026,131,462,-331
106000027,1272,2121,-849
106000028,873,899,-26
106000029,1202,1854,-652
106000030,1222,616,606
106000034,286,1032,-746
106000035,1318,2398,-1080
106000036,551,647,-96
106000037,3093,2635,458
106000038,736,164,572
106000039,322,113,209
106000040,275,1198,-923
106000041,1446,671,775
106000043,997,225,772
106000046,461,70,391
106000047,55,660,-605
106000049,1039,322,717
106000050,632,1449,-817
106000051,1246,663,583
106000052,144,1036,-892
106000053,333,218,115
106000054,510,775,-265
106000055,1427,1793,-366
106000056,366,707,-341
106000057,251,414,-163
106000058,191,310,-119
106000059,344,454,-110
106000060,675,862,-187
106000061,196,713,-517
106000062,200,924,-724
106000063,710,862,-152
106000064,51,663,-612
106000065,568,364,204
106000066,193,619,-426
106000067,533,173,360
106000068,83,931,-848
106000069,250,152,98
106000070,537,1304,-767
106000071,1261,469,792
106000072,7303,2595,4708
106000073,2562,4124,-1562
106000074,653,1069,-416
106000075,479,2050,-1571
106000076,2079,3017,-938
106000077,5403,2156,3247
106000078,1234,1502,-268
106000079,857,1575,-718
106000080,1488,1171,317
106000081,707,1700,-993
106000082,3298,1449,1849
106000083,468,2223,-1755
106000084,1490,1110,380
106000085,2267,2268,-1
106000086,817,1270,-453
106000087,1148,929,219
106000088,527,1108,-581
106000089,1231,646,585
106000090,317,927,-610
106000091,377,1214,-837
106000092,881,393,488
106000093,394,166,228
106000094,185,514,-329
106000095,729,1700,-971
106000096,1231,1117,114
106000097,1116,1852,-736
106000098,889,1538,-649
106000099,272,1308,-1036
106000100,1430,388,1042
106000101,1851,422,1429
106000102,319,949,-630
106000103,369,918,-549
106000104,972,690,282
106000105,606,1273,-667
106000106,686,654,32
106000107,153,659,-506
106000108,231,473,-242
106000109,133,456,-323
106000110,192,423,-231
106000111,217,828,-611
106000112,262,630,-368
106000113,1537,965,572
106000114,747,710,37
106000115,339,876,-537
106000116,259,322,-63
106000117,1320,1240,80
106000118,1477,1925,-448
106000119,3006,1902,1104
106000120,1139,1387,-248
106000121,226,239,-13
106000122,123,558,-435
106000123,369,338,31
106000124,57,485,-428
106000125,53,502,-449
106000126,252,173,79
106000127,1206,1480,-274
106000128,811,375,436
106000129,623,1063,-440
106000130,972,653,319
106000131,204,1310,-1106
106000132,1140,218,922
106000133,5371,1957,3414
106000134,1013,2459,-1446
106000135,332,1358,-1026
106000136,765,1099,-334
106000137,140,2157,-2017
106000138,1482,132,1350
106000139,62,203,-141
106000140,42,136,-94
106000141,171,155,16
106000142,97,113,-16
106000143,56,141,-85
106000144,27,147,-120
106000145,283,501,-218
106000146,414,276,138
106000147,752,829,-77
106000148,993,1426,-433
106000149,689,680,9
106000150,843,3018,-2175
106000151,7456,1345,6111
106000152,2300,3075,-775
106000153,101,2601,-2500
106000154,2362,405,1957
106000155,102,374,-272
106000156,959,585,374
106000157,1035,3099,-2064
106000158,4453,1341,3112
106000159,6641,2667,3974
106000160,543,4029,-3486
106000161,2142,752,1390
106000162,323,1344,-1021
106000163,403,788,-385
106000164,402,542,-140
106000165,264,1070,-806
106000166,1432,490,942
106000167,598,2021,-1423
106000168,442,379,63
106000169,288,1115,-827
106000170,1062,364,698
106000171,216,1643,-1427
106000172,4599,1656,2943
106000173,1716,4404,-2688
106000174,1399,524,875
106000175,462,1659,-1197
106000176,2057,1157,900
106000177,1084,4107,-3023
106000178,4312,2693,1619
106000179,1699,3798,-2099
106000180,1331,2475,-1144
106000181,890,2766,-1876
106000182,1191,1224,-33
106000183,1179,1492,-313
106000184,2105,1548,557
106000185,1306,1633,-327
106000186,1480,244,1236
106000187,335,1423,-1088
106000188,0,1,-1
106000189,9,112,-103
106000190,24,5,19
106000191,792,320,472
106000192,9,52,-43
106000193,649,273,376
106000194,257,679,-422
106000195,1096,305,791
106000196,308,841,-533
106000197,590,555,35
106000198,229,413,-184
106000199,1385,1205,180
106000200,838,311,527
106000201,806,3437,-2631
106000202,10294,1132,9162
106000203,183,278,-95
106000204,97,9,88
106000205,33,206,-173
106000206,113,55,58
106000207,59,1229,-1170
106000208,1431,208,1223
106000209,1656,496,1160
106000210,348,1912,-1564
106000211,490,2050,-1560
106000212,1029,410,619
106000213,1238,2191,-953
106000214,4377,957,3420
106000215,517,788,-271
106000216,475,549,-74
106000217,430,824,-394
106000218,548,617,-69
106000219,181,452,-271
106000220,526,422,104
106000221,139,442,-303
106000222,68,178,-110
106000223,149,202,-53
106000224,232,386,-154
106000225,149,116,33
106000226,260,528,-268
106000228,79,212,-133
106000229,123,1056,-933
106000231,998,249,749
106000232,115,479,-364
106000233,635,200,435
106000234,169,258,-89
106000235,844,195,649
106000236,369,109,260
106000237,4,12,-8
106000238,30,17,13
106000239,3,193,-190
106000240,97,19,78
106000241,16,1188,-1172
106000242,331,41,290
106000249,83,170,-87
106000250,125,780,-655
106000251,96,74,22
106000252,25,143,-118
106000253,62,96,-34
106000254,49,64,-15
106000255,19,173,-154
106000256,108,92,16
106000257,302,444,-142
106000258,454,28,426
106000259,5,50,-45
106000260,32,19,13
106000261,12,71,-59
106000262,128,18,110
106000263,13,97,-84
106000264,327,17,310
106000265,21,238,-217
106000266,173,22,151
106000267,9,181,-172
106000268,660,53,607
106000269,94,96,-2
106000270,233,727,-494
106000271,97,340,-243
106000272,236,91,145
106000273,17,312,-295
106000274,305,83,222
106000275,241,352,-111
106000276,253,72,181
106000277,208,290,-82
106000278,332,55,277
106000279,29,76,-47
106000280,101,228,-127
106000281,105,111,-6
106000282,108,111,-3
106000283,166,168,-2
106000284,71,200,-129
106000285,169,204,-35
106000286,101,241,-140
106000287,175,168,7
106000288,129,232,-103
106000289,108,105,3
106000290,85,173,-88
106000291,117,144,-27
106000292,97,219,-122
106000293,169,138,31
106000294,221,257,-36
106000295,66,75,-9
106000296,91,196,-105
106000297,93,332,-239
106000298,196,117,79
106000299,90,281,-191
106000300,131,144,-13
106000301,129,131,-2
106000303,38,112,-74
106000304,36,71,-35
106000305,71,95,-24
106000306,32,127,-95
106000307,57,33,24
106000308,54,286,-232
106000309,43,117,-74
106000310,392,893,-501
106000311,485,259,226
106000312,99,330,-231
106000313,206,286,-80
106000318,267,541,-274
106000319,1186,181,1005
106000320,1,70,-69
106000321,682,119,563
106000322,107,254,-147
106000324,9,202,-193
106000325,2031,1317,714
106000326,1520,3008,-1488
106000327,134,177,-43
106000328,19,147,-128
106000329,185,577,-392
106000330,55,102,-47
106000428,82,257,-175
106000429,181,621,-440
106000430,506,2016,-1510
106000431,2284,521,1763
106000432,2581,4248,-1667
106000433,2674,1494,1180
106000434,5157,1944,3213
106000435,2913,4316,-1403
106000436,19,463,-444
106000437,466,63,403
106000438,609,191,418
106000439,79,727,-648
106000440,320,760,-440
106000441,4,1,3
106000442,269,17,252
106000443,165,709,-544
106000450,0,286,-286
106000451,42,54,-12
106000454,5,262,-257
106000455,10,258,-248
106000456,182,31,151
106000457,13,1593,-1580
106000458,604,292,312
106000459,171,658,-487
106000460,1162,69,1093
106000461,106,2522,-2416
106000462,2,28,-26
106000463,2,45,-43
106000464,2,655,-653
106000465,632,4,628
106000466,4,986,-982
106000467,711,1034,-323
106000468,70,369,-299
106000469,419,2,417
106000470,423,2844,-2421
106000471,50,1084,-1034
106000472,196,12,184
106000473,35,20,15
106000474,491,1113,-622
106000475,315,232,83
106000476,212,224,-12
106000477,18,60,-42
106900001,0,36,-36
106900002,6,852,-846
106900003,412,1621,-1209
106900004,4,119,-115
106900006,1,15,-14
106900007,0,34,-34
106900008,330,462,-132
106900009,409,612,-203
106900010,311,520,-209
106900012,3554,3015,539
106900013,900,155,745
106900014,54,6,48
106900015,26,0,26
106900016,302,6,296
106900017,9,1,8
106900018,2,0,2
106900019,62,5,57
106900020,4854,2076,2778
106900021,119,113,6
106900022,671,2,669
106900023,47,431,-384
106900024,866,44,822
106900025,93,996,-903
106900026,8,1262,-1254
106900027,746,12,734
107000001,5631,4268,1363
107000002,7039,8053,-1014
107000003,6598,8515,-1917
107000004,8876,9464,-588
107000005,4286,6960,-2674
107000006,6166,9865,-3699
107000007,6753,14581,-7828
107000008,20998,16877,4121
107000009,7789,9087,-1298
107000010,16190,18400,-2210
107000011,1645,2190,-545
107000012,6805,6077,728
107000013,74,214,-140
107000014,30,423,-393
107000015,647,1297,-650
107000016,850,1649,-799
107000017,6939,2339,4600
107000018,75,1396,-1321
107000020,4217,1403,2814
107000021,2028,1169,859
107000022,1870,2261,-391
107000023,2707,557,2150
107000024,841,2681,-1840
107000025,286,698,-412
107000026,333,1024,-691
107000027,1694,1696,-2
107000028,1706,2567,-861
107000029,3625,3617,8
107000030,4333,5260,-927
107000031,4567,3500,1067
107000032,640,1518,-878
107000033,6161,9263,-3102
107000034,8178,3442,4736
107000035,639,413,226
107000036,667,2566,-1899
107000037,125,1217,-1092
107000038,403,385,18
107000039,1316,1097,219
107000040,238,470,-232
107000041,2386,947,1439
107000042,1161,2868,-1707
107000043,4631,1424,3207
107000044,1001,513,488
107000045,175,443,-268
107000046,1095,601,494
107000047,720,1278,-558
107000048,938,461,477
107000049,802,1174,-372
107000050,1338,767,571
107000051,831,579,252
107000052,1841,1411,430
107000053,631,338,293
107000054,84,499,-415
107000055,117,155,-38
107000056,596,1293,-697
107000057,2352,325,2027
107000058,3159,3287,-128
107000059,3618,5713,-2095
107000060,5705,7911,-2206
107000061,9177,6707,2470
107000062,4843,4594,249
107000063,5937,9370,-3433
107000064,5198,3314,1884
107000065,6183,8875,-2692
107000066,2786,4001,-1215
107000067,1448,1578,-130
107000068,2407,983,1424
107000069,1354,847,507
107000070,1056,14,1042
107000071,3082,63,3019
107000072,81,5243,-5162
107000073,769,350,419
107000074,225,1554,-1329
107000075,1819,692,1127
107000076,1152,2509,-1357
107000077,4122,1418,2704
107000078,3074,5070,-1996
107000079,3328,1041,2287
107000080,1722,4983,-3261
107000081,1749,800,949
107000082,817,3582,-2765
107000083,1480,585,895
107000084,633,3373,-2740
107000085,3854,4789,-935
107000086,5195,5496,-301
107000087,4288,3270,1018
107000088,4816,6182,-1366
107000089,1898,2963,-1065
107000090,1673,1967,-294
107000091,1630,1424,206
107000092,1134,1942,-808
107000093,1595,1220,375
107000094,1972,2136,-164
107000095,1203,939,264
107000096,900,1691,-791
107000097,918,309,609
107000098,656,845,-189
107000099,627,587,40
107000100,492,443,49
107000101,129,301,-172
107000102,635,524,111
107000103,423,366,57
107000104,334,619,-285
107000105,486,233,253
107000106,315,658,-343
107000107,706,345,361
107000108,351,1204,-853
107000109,797,257,540
107000110,141,879,-738
107000111,344,64,280
107000112,44,572,-528
107000113,660,163,497
107000114,136,1093,-957
107000115,672,201,471
107000116,140,1495,-1355
107000117,149,601,-452
107000118,179,423,-244
107000119,2855,2063,792
107000120,3375,650,2725
107000121,951,1087,-136
107000122,1474,1607,-133
107000123,502,1362,-860
107000124,573,1495,-922
107000125,938,1291,-353
107000126,1059,1341,-282
107000127,44,492,-448
107000129,357,261,96
107000130,538,439,99
107000131,685,602,83
107000132,789,502,287
107000133,1002,164,838
107000134,446,1,445
107000135,3,491,-488
107000136,941,16,925
107000137,18,704,-686
107000138,519,39,480
107000139,22,690,-668
107000140,1906,142,1764
107000141,191,1304,-1113
107000142,463,135,328
107000143,85,1441,-1356
107000144,754,645,109
107000145,252,902,-650
107000146,250,559,-309
107000147,4581,1328,3253
107000150,1474,4529,-3055
107000151,112,153,-41
107000152,1006,1316,-310
107000153,791,678,113
107000154,351,241,110
107000155,1162,65,1097
107000156,1469,42,1427
107000157,85,3062,-2977
107000158,619,53,566
107000159,55,1770,-1715
107000160,1005,189,816
107000161,126,2572,-2446
107000162,255,663,-408
107000163,254,2,252
107000164,566,3,563
107000165,957,9,948
107000166,71,2067,-1996
107000167,768,372,396
107000168,1137,585,552
107000169,1332,1308,24
107000170,2531,1145,1386
107000171,969,3535,-2566
107000172,1180,1932,-752
107000173,871,2049,-1178
107000174,1191,6880,-5689
107000175,13596,2753,10843
107000176,0,0,0
107000177,11,4,7
107000178,15,84,-69
107000179,316,4047,-3731
107000180,1503,529,974
107000181,451,2130,-1679
107000182,1871,1465,406
107000183,157,1419,-1262
107000184,954,1142,-188
107000185,623,2099,-1476
107000186,1653,592,1061
107000187,1709,2273,-564
107000188,812,840,-28
107000189,510,1667,-1157
107000190,741,1246,-505
107000191,873,1554,-681
107000192,2024,1527,497
107000193,582,679,-97
107000194,1396,1162,234
107000197,1099,392,707
107000198,380,1075,-695
107000199,992,1310,-318
107000200,1881,1040,841
107000201,573,393,180
107000202,400,776,-376
107000203,1412,951,461
107000204,2037,1048,989
107000205,2986,1701,1285
107000206,1741,1939,-198
107000207,1315,1810,-495
107000208,2251,859,1392
107000209,3494,1636,1858
107000210,1347,714,633
107000211,7,41,-34
107000212,28,640,-612
107000213,12,62,-50
107000214,22,325,-303
107000215,707,695,12
107000216,441,689,-248
107000217,196,259,-63
107000219,114,159,-45
107000220,231,467,-236
107000222,399,1246,-847
107000224,534,121,413
107000225,435,989,-554
107000226,472,135,337
107000227,171,589,-418
107000228,132,291,-159
107000229,608,333,275
107000230,1616,815,801
107000231,2595,1564,1031
107000232,157,119,38
107000233,1894,1033,861
107000234,1,51,-50
107000235,98,12,86
107000236,20,1087,-1067
107000237,26,2,24
107000238,17,1,16
107000239,7541,1042,6499
107000240,135,1479,-1344
107000241,195,43,152
107000242,1028,93,935
107000243,0,147,-147
107000244,8,92,-84
107000246,3,1805,-1802
107000249,5,1565,-1560
107000251,1,448,-447
107000252,5,1765,-1760
107000255,1094,133,961
107000257,2,767,-765
107000258,0,243,-243
107000259,2,363,-361
107000260,531,12,519
107000262,14,946,-932
107000263,286,4,282
107000266,19,18,1
107000267,112,241,-129
107000268,212,248,-36
107000269,760,50,710
107000270,1,24,-23
107000271,18,1254,-1236
107000272,16,274,-258
107000273,9,364,-355
107000274,4298,479,3819
107000275,221,1561,-1340
107000280,800,51,749
107000281,52,1576,-1524
107000282,92,1587,-1495
107000290,4,35,-31
107000291,17,14,3
107000292,3,54,-51
107000293,215,3,212
107000294,1,42,-41
107000295,79,7,72
107000296,0,25,-25
107000444,500,12,488
107000496,1,85,-84
107000497,1968,4236,-2268
107000500,555,507,48
107000501,137,303,-166
107000502,699,577,122
107000505,900,1233,-333
107000506,2,34,-32
107000508,13,934,-921
107000509,409,1267,-858
107000510,78,43,35
107000514,58,496,-438
107000515,35,416,-381
107000516,298,421,-123
107000518,1388,1359,29
107000519,5243,1661,3582
107000520,133,34,99
107900001,50,216,-166
107900002,54,10,44
107900003,350,18,332
107900004,86,1,85
107900005,1225,1,1224
107900006,267,3,264
107900007,406,63,343
107900008,88,66,22
107900009,264,9,255
107900010,28,0,28
107900012,355,24,331
107900013,312,72,240
107900014,26,7,19
107900015,1033,8,1025
107900016,702,163,539
107900017,44,5,39
107900018,84,155,-71
107900019,17,82,-65
107900020,163,15,148
107900021,65,253,-188
107900023,5,10,-5
107900024,2,51,-49
107900025,274,485,-211
107900026,54,163,-109
107900027,120,87,33
107900028,49,121,-72
107900030,253,38,215
107900031,93,294,-201
107900032,27,5,22
107900033,28,8,20
107900034,608,12,596
107900035,1072,94,978
107900036,87,19,68
107900037,0,55,-55
107900038,217,333,-116
107900039,29,83,-54
107900040,85,175,-90
107900041,7,0,7
107900043,43,279,-236
107900044,17,6,11
107900045,138,41,97
107900046,187,206,-19
107900047,36,129,-93
107900048,250,4,246
107900049,568,1910,-1342
107900050,179,615,-436
107900051,127,134,-7
107900052,32,50,-18
107900053,38,136,-98
107900055,1085,415,670
107900056,230,52,178
107900057,0,0,0
107900058,62,1239,-1177
107900060,47,62,-15
107900061,62,12,50
107900063,173,186,-13
107900064,525,124,401
107900065,188,23,165
107900066,13,17,-4
107900067,1,0,1
107900068,303,412,-109
107900069,55,2206,-2151
107900070,116,75,41
107900071,48,1542,-1494
107900072,131,363,-232
107900073,116,191,-75
107900074,1343,278,1065
107900076,171,92,79
107900077,52,4,48
107900078,429,56,373
107900079,6,26,-20
107900080,269,461,-192
107900081,25,168,-143
107900082,48,26,22
107900083,436,200,236
107900084,199,189,10
107900086,30,169,-139
107900087,987,192,795
107900088,22,29,-7
107900089,416,1664,-1248
107900090,996,3268,-2272
107900091,382,761,-379
107900092,2824,715,2109
107900093,168,121,47
107900095,4682,2506,2176
107900097,44,128,-84
107900098,56,183,-127
107900100,1504,1642,-138
107900101,1651,293,1358
107900102,23,12,11
107900103,67,236,-169
107900104,221,5,216
107900105,13,696,-683
107900106,8,2282,-2274
107900107,2053,563,1490
107900108,585,221,364
107900109,1171,13,1158
107900110,55,159,-104
107900111,23,1523,-1500
107900112,115,492,-377
107900113,284,271,13
107900114,165,309,-144
107900115,4,88,-84
107900116,135,342,-207
107900117,453,681,-228
107900118,114,227,-113
107900119,149,290,-141
107900120,45,28,17
107900121,0,255,-255
107900122,3,90,-87
107900123,9,54,-45
107900124,43,58,-15
107900125,49,292,-243
107900126,8,46,-38
107900127,688,327,361
107900128,133,83,50
107900129,55,69,-14
107900130,92,63,29
107900131,881,222,659
107900132,162,710,-548
107900133,5,116,-111
107900134,34,42,-8
107900135,4,269,-265
107900136,62,63,-1
107900137,134,178,-44
107900138,66,49,17
107900139,33,67,-34
107900140,96,107,-11
107900141,60,73,-13
107900142,110,1720,-1610
107900143,75,40,35
107900144,1,250,-249
107900145,21,167,-146
107900146,61,267,-206
107900147,63,50,13
107900148,229,290,-61
107900149,2461,378,2083
107900150,92,1522,-1430
107900151,47,177,-130
107900152,25,432,-407
107900153,252,431,-179
107900154,59,35,24
107900155,77,80,-3
107900156,11,559,-548
107900157,81,98,-17
107900158,863,17,846
107900159,64,1767,-1703
107900160,123,227,-104
107900161,42,332,-290
107900162,3,239,-236
107900163,137,61,76
107900164,12,47,-35
107900165,60,115,-55
107900166,40,357,-317
107900167,69,38,31
107900168,28,72,-44
107900169,2,260,-258
107900171,29,2941,-2912
107900172,1,479,-478
107900173,14,312,-298
107900174,117,12,105
107900175,26,21,5
107900176,35,53,-18
107900177,3,406,-403
107900178,11,321,-310
107900179,33,211,-178
107900180,1315,577,738
107900181,498,516,-18
107900182,9,2136,-2127
107900183,55,477,-422
107900184,125,297,-172
107900185,104,6,98
107900186,39,67,-28
107900187,0,237,-237
107900188,1144,198,946
107900189,20,175,-155
107900190,133,134,-1
107900191,82,191,-109
107900193,14,48,-34
107900194,304,15,289
107900195,6228,814,5414
107900196,64,93,-29
107900197,1552,374,1178
107900199,2,1294,-1292
107900201,115,178,-63
107900203,48,101,-53
107900204,285,420,-135
107900205,272,676,-404
107900206,789,312,477
107900207,3,727,-724
107900208,12,1121,-1109
107900209,565,192,373
107900210,123,182,-59
107900213,1283,969,314
107900214,13,227,-214
107900215,229,433,-204
107900216,165,151,14
107900217,63,104,-41
107900218,28,2197,-2169
107900219,47,205,-158
107900220,304,339,-35
107900221,308,303,5
107900223,121,943,-822
107900224,206,507,-301
107900225,12,1354,-1342
107900226,137,228,-91
107900227,222,666,-444
107900228,21,156,-135
107900229,5,524,-519
107900230,15,212,-197
107900231,13,359,-346
107900232,53,317,-264
107900233,6,196,-190
107900234,110,231,-121
107900235,48,179,-131
107900236,71,108,-37
107900237,119,761,-642
107900238,26,198,-172
107900239,1743,626,1117
107900240,33,222,-189
107900241,22,166,-144
107900242,33,489,-456
107900243,3,79,-76
107900244,398,5,393
107900245,643,83,560
107900246,356,20,336
107900248,532,778,-246
107900249,809,36,773
107900250,2,820,-818
107900251,65,2010,-1945
107900252,1249,27,1222
107900253,202,5,197
107900254,76,451,-375
107900255,443,98,345
107900256,1896,1069,827
107900257,248,167,81
107900258,113,530,-417
107900259,111,2238,-2127
107900261,18,962,-944
107900262,63,276,-213
107900264,444,7,437
107900265,244,292,-48
107900267,225,33,192
107900268,82,15,67
107900269,0,22,-22
107900270,0,0,0
107900271,7,12,-5
107900272,207,38,169
107900273,34,140,-106
107900274,68,0,68
107900275,27,0,27
107900276,0,121,-121
107900277,1,350,-349
107900278,286,515,-229
107900279,235,189,46
107900280,2529,3055,-526
107900281,5539,2777,2762
107900282,129,547,-418
107900283,2368,719,1649
107900284,519,1191,-672
107900285,83,185,-102
107900286,203,155,48
107900287,183,307,-124
107900290,0,125,-125
107900291,579,21,558
107900292,135,398,-263
107900293,92,900,-808
107900295,64,152,-88
107900297,2,479,-477
107900298,1133,1291,-158
107900299,5565,2979,2586
107900300,62,340,-278
107900301,860,661,199
107900302,141,40,101
107900303,188,438,-250
107900304,402,996,-594
107900305,319,25,294
107900306,27,21,6
107900307,61,312,-251
107900308,228,136,92
107900309,197,1,196
107900310,353,3,350
107900311,23,144,-121
107900312,210,1,209
107900313,2,132,-130
107900314,2,76,-74
107900315,4,88,-84
107900316,83,0,83
107900317,171,26,145
107900318,11,269,-258
107900319,10,436,-426
107900320,4,267,-263
107900321,179,10,169
107900322,14,285,-271
107900323,7,267,-260
107900324,235,3,232
107900325,99,0,99
107900326,510,501,9
107900327,4,82,-78
107900328,214,1,213
107900329,271,83,188
107900330,15,802,-787
107900331,205,59,146
107900332,238,47,191
107900333,75,15,60
107900334,17,423,-406
107900335,88,87,1
107900336,45,61,-16
107900337,2078,934,1144
107900338,5,220,-215
107900339,6,46,-40
107900340,0,88,-88
107900341,40,3,37
107900342,153,200,-47
107900343,109,4,105
107900344,14,191,-177
107900345,184,31,153
107900346,39,4,35
107900347,40,2,38
107900348,7,4,3
107900349,38,16,22
107900350,47,406,-359
108000001,3399,5627,-2228
108000002,3302,4836,-1534
108000003,6191,3683,2508
108000004,23696,24829,-1133
108000005,9810,6561,3249
108000006,11450,11377,73
108000007,6599,6007,592
108000008,7756,9792,-2036
108000009,4793,5755,-962
108000010,5459,7897,-2438
108000011,14086,16143,-2057
108000012,26048,26798,-750
108000014,1430,922,508
108000015,666,434,232
108000016,263,927,-664
108000017,1028,551,477
108000018,2279,834,1445
108000019,3243,1199,2044
108000020,1737,736,1001
108000021,607,2686,-2079
108000022,773,2453,-1680
108000023,1541,325,1216
108000024,299,894,-595
108000025,334,429,-95
108000026,619,816,-197
108000027,718,712,6
108000028,547,358,189
108000029,563,759,-196
108000030,789,305,484
108000031,398,790,-392
108000032,1471,833,638
108000033,878,1841,-963
108000034,1941,663,1278
108000035,1410,3618,-2208
108000036,433,1977,-1544
108000037,1863,553,1310
108000038,2842,667,2175
108000039,653,3772,-3119
108000040,2099,1232,867
108000041,894,4161,-3267
108000042,369,309,60
108000043,317,321,-4
108000044,479,241,238
108000045,362,895,-533
108000046,1475,458,1017
108000047,621,1754,-1133
108000048,215,562,-347
108000049,673,362,311
108000050,101,706,-605
108000051,301,164,137
108000052,383,1131,-748
108000053,381,250,131
108000054,811,1755,-944
108000055,1568,691,877
108000056,1582,1724,-142
108000057,909,1247,-338
108000058,2645,4556,-1911
108000059,5128,3135,1993
108000060,274,560,-286
108000061,194,472,-278
108000062,767,762,5
108000063,591,965,-374
108000064,257,369,-112
108000065,765,982,-217
108000066,3010,1184,1826
108000067,2411,898,1513
108000068,953,535,418
108000069,342,1611,-1269
108000070,2024,1036,988
108000071,1014,2411,-1397
108000072,1878,1679,199
108000073,2098,2849,-751
108000074,512,532,-20
108000075,402,1273,-871
108000076,929,760,169
108000077,987,1114,-127
108000078,2286,2075,211
108000079,1178,2768,-1590
108000080,1248,795,453
108000081,657,3393,-2736
108000082,1453,2931,-1478
108000083,2437,1328,1109
108000084,514,1994,-1480
108000085,691,593,98
108000086,1145,1328,-183
108000087,203,2374,-2171
108000088,297,16,281
108000089,693,558,135
108000090,691,229,462
108000091,259,882,-623
108000092,219,150,69
108000093,241,1443,-1202
108000094,809,192,617
108000095,294,812,-518
108000096,319,305,14
108000097,245,877,-632
108000098,1859,2382,-523
108000099,365,153,212
108000100,50,348,-298
108000101,1409,1826,-417
108000102,1881,3557,-1676
108000106,1175,2,1173
108000107,5,1311,-1306
108000108,877,59,818
108000109,22,1281,-1259
108000110,181,431,-250
108000111,260,1287,-1027
108000112,128,213,-85
108000113,851,502,349
108000115,578,636,-58
108000117,1432,529,903
108000118,338,302,36
108000119,1039,690,349
108000120,187,1150,-963
108000121,260,839,-579
108000122,580,507,73
108000123,741,464,277
108000124,334,749,-415
108000125,404,467,-63
108000126,196,774,-578
108000127,498,497,1
108000128,693,1008,-315
108000129,410,1736,-1326
108000130,448,417,31
108000131,1076,591,485
108000132,2911,2295,616
108000133,1010,780,230
108000134,744,895,-151
108000135,1223,591,632
108000136,1314,1577,-263
108000137,425,673,-248
108000138,396,1685,-1289
108000139,432,572,-140
108000140,77,49,28
108000141,57,261,-204
108000142,73,218,-145
108000143,37,68,-31
108000144,40,34,6
108000145,68,52,16
108000146,68,31,37
108000147,83,96,-13
108000148,71,20,51
108000149,44,58,-14
108000150,40,11,29
108000151,44,22,22
108000152,159,800,-641
108000153,378,156,222
108000154,79,29,50
108000155,34,37,-3
108000156,459,214,245
108000157,273,992,-719
108000158,140,812,-672
108000159,1088,271,817
108000160,7132,1516,5616
108000161,6980,3015,3965
108000165,2,261,-259
108000172,2,334,-332
108000173,3822,2672,1150
108000175,234,126,108
108000178,727,485,242
108000179,389,913,-524
108000181,68,36,32
108000182,215,18,197
108000183,80,39,41
108000184,1888,2771,-883
108000185,383,988,-605
108000186,172,79,93
108000187,116,1163,-1047
108000188,588,317,271
108000189,1076,1805,-729
108000190,59,191,-132
108000192,246,923,-677
108000193,1445,85,1360
108000194,47,32,15
108000195,2,2249,-2247
108000196,259,219,40
108000198,684,461,223
108000199,0,216,-216
108000200,359,863,-504
108000202,1,293,-292
108000203,122,1363,-1241
108000204,145,65,80
108000205,471,888,-417
108000339,2153,609,1544
108000364,219,426,-207
108000365,115,467,-352
108000367,263,538,-275
108000368,9,87,-78
108000369,1840,216,1624
108000371,4,941,-937
108000372,639,4,635
108000373,219,256,-37
108000376,89,35,54
108000377,429,425,4
108000378,12355,13953,-1598
108000379,46,305,-259
108000381,60,19,41
108000382,135,0,135
108000383,0,163,-163
108900001,173,1580,-1407
108900002,383,97,286
108900003,438,1497,-1059
108900004,247,388,-141
108900005,79,432,-353
108900006,916,289,627
108900007,255,289,-34
108900008,99,217,-118
108900009,138,150,-12
108900010,174,201,-27
108900011,444,464,-20
108900012,368,618,-250
108900013,130,364,-234
108900014,6,127,-121
108900015,0,43,-43
108900016,1,358,-357
108900017,243,289,-46
108900018,123,747,-624
108900019,85,1796,-1711
108900020,56,352,-296
108900021,145,434,-289
108900022,147,37,110
108900023,22,27,-5
108900024,25,172,-147
108900025,113,242,-129
108900026,43,156,-113
108900027,0,112,-112
108900028,75,598,-523
108900029,98,343,-245
108900030,0,70,-70
108900031,82,691,-609
108900032,13,410,-397
108900033,0,212,-212
108900034,0,325,-325
108900035,398,2088,-1690
108900036,227,480,-253
108900037,95,681,-586
108900038,2,566,-564
108900039,0,772,-772
108900040,9,192,-183
108900041,8126,3919,4207
108900042,17,463,-446
108900043,105,746,-641
108900044,3,957,-954
108900045,67,866,-799
108900046,82,1476,-1394
108900047,0,90,-90
108900048,139,1549,-1410
108900049,8095,1564,6531
108900050,1,367,-366
108900051,1,356,-355
108900052,22,356,-334
108900053,150,240,-90
108900054,99,399,-300
108900055,104,743,-639
108900056,0,262,-262
108900057,1,297,-296
108900058,45,644,-599
108900059,444,57,387
108900060,164,173,-9
108900061,99,54,45
108900062,8,465,-457
108900063,7,560,-553
108900064,208,114,94
108900065,12,455,-443
108900066,283,180,103
108900067,74,295,-221
108900068,1,157,-156
108900069,61,163,-102
108900070,82,228,-146
108900071,134,83,51
108900072,3652,814,2838
108900073,11,113,-102
108900074,160,766,-606
108900075,62,70,-8
108900076,332,132,200
108900077,138,187,-49
108900078,41,259,-218
108900079,1255,456,799
108900080,40,1005,-965
108900081,73,450,-377
108900082,65,172,-107
108900083,31,380,-349
108900084,638,201,437
108900085,3074,255,2819
108900086,138,411,-273
108900087,158,335,-177
108900088,1186,483,703
108900089,19,163,-144
108900090,56,552,-496
108900091,169,174,-5
108900092,517,425,92
108900093,154,122,32
108900094,286,125,161
108900095,99,854,-755
108900096,474,44,430
108900097,564,377,187
108900098,4735,840,3895
108900099,371,447,-76
108900100,67,206,-139
108900101,271,175,96
108900102,192,1172,-980
108900103,114,121,-7
108900104,199,696,-497
108900105,6,1322,-1316
108900106,330,588,-258
108900108,540,93,447
108900109,52,37,15
108900110,242,726,-484
108900111,472,979,-507
108900112,230,39,191
108900113,53,67,-14
108900114,0,1,-1
108900115,95,131,-36
108900116,78,11,67
108900117,177,10,167
108900118,591,8,583
108900119,210,52,158
108900120,184,212,-28
108900121,503,134,369
108900122,133,49,84
108900123,137,139,-2
108900124,401,262,139
108900125,376,2,374
108900126,126,45,81
108900127,170,40,130
108900128,125,42,83
108900129,810,190,620
108900130,255,2,253
108900131,394,6,388
108900132,483,113,370
108900133,256,85,171
108900134,300,416,-116
108900135,135,11,124
108900136,41,1,40
108900137,215,2,213
108900138,729,35,694
108900139,698,191,507
108900140,228,372,-144
108900141,339,15,324
108900142,103,5,98
108900143,47,0,47
108900144,105,0,105
108900145,170,15,155
108900146,73,1,72
108900147,213,0,213
108900148,97,63,34
108900149,795,569,226
108900150,288,9,279
108900151,183,8,175
108900152,145,88,57
108900153,151,681,-530
108900154,5877,700,5177
108900155,373,130,243
108900156,53,10,43
108900157,13,808,-795
108900158,437,56,381
108900159,17,478,-461
108900160,14,427,-413
108900161,13,782,-769
108900162,84,2,82
108900163,6,314,-308
108900164,65,88,-23
108900165,215,121,94
108900167,3364,6407,-3043
108900168,12929,3214,9715
108900169,35,183,-148
108900171,14422,3416,11006
108900172,302,73,229
108900173,276,641,-365
108900174,719,827,-108
108900176,204,662,-458
108900177,11995,6013,5982
108900178,7863,3945,3918
108900179,1172,2092,-920
108900180,192,302,-110
108900182,38,412,-374
108900183,309,343,-34
108900184,609,336,273
108900185,114,555,-441
108900186,72,570,-498
108900187,315,101,214
108900188,548,109,439
108900189,489,189,300
108900190,58,5369,-5311
108900191,240,47,193
108900192,117,364,-247
108900193,599,64,535
108900194,53,609,-556
108900195,145,561,-416
108900196,54,947,-893
108900198,7,965,-958
108900199,290,521,-231
108900200,703,529,174
108900201,559,2087,-1528
108900203,629,77,552
108900204,463,24,439
108900205,291,55,236
108900206,588,54,534
108900207,237,84,153
108900208,30,587,-557
108900209,331,1005,-674
108900210,200,328,-128
108900211,215,582,-367
108900212,1124,1606,-482
108900215,111,844,-733
108900216,606,205,401
108900217,124,0,124
108900218,190,12,178
108900219,119,7,112
108900220,74,33,41
108900221,88,202,-114
108900222,227,25,202
108900223,13,168,-155
108900224,45,245,-200
108900225,1,324,-323
108900226,358,14,344
108900227,184,333,-149
108900230,599,502,97
108900231,87,403,-316
108900232,3,649,-646
108900233,614,115,499
108900234,364,176,188
108900235,343,981,-638
108900236,95,596,-501
108900237,131,379,-248
108900240,162,161,1
108900241,40,53,-13
108900245,8,1825,-1817
108900249,214,47,167
108900250,284,202,82
108900257,309,791,-482
108900258,12,385,-373
108900259,92,169,-77
108900260,12,148,-136
108900261,171,213,-42
108900262,424,213,211
108900263,82,336,-254
108900264,643,399,244
108900265,1993,476,1517
108900266,1885,653,1232
108900267,3,108,-105
108900268,10,4,6
108900269,114,15,99
108900270,68,14,54
108900271,41,8,33
108900272,221,12,209
108900273,1410,961,449
108900274,61,92,-31
108900275,8,0,8
108900276,0,7,-7
109000001,5770,1669,4101
109000002,3312,2585,727
109000003,3198,812,2386
109000004,875,4009,-3134
109000005,3694,1164,2530
109000006,1179,3180,-2001
109000007,1953,1013,940
109000008,662,2903,-2241
109000009,4947,2052,2895
109000010,2058,6442,-4384
109000011,4103,2732,1371
109000012,2635,6066,-3431
109000013,4217,4123,94
109000014,2499,5670,-3171
109000015,4312,8416,-4104
109000016,15231,6766,8465
109000017,2825,2038,787
109000018,1472,5779,-4307
109000019,3960,1796,2164
109000020,1648,3119,-1471
109000023,416,58,358
109000024,12,266,-254
109000025,681,606,75
109000026,1436,449,987
109000027,139,359,-220
109000028,175,161,14
109000029,218,248,-30
109000030,107,868,-761
109000031,282,195,87
109000032,193,842,-649
109000033,623,188,435
109000034,86,46,40
109000035,24,112,-88
109000036,148,575,-427
109000037,239,1472,-1233
109000038,838,618,220
109000039,1184,876,308
109000040,8911,7979,932
109000041,7266,1990,5276
109000042,1606,1690,-84
109000044,693,87,606
109000045,205,597,-392
109000046,418,149,269
109000047,121,540,-419
109000048,1558,241,1317
109000049,617,830,-213
109000050,523,329,194
109000051,574,423,151
109000052,652,2241,-1589
109000053,238,105,133
109000054,424,1230,-806
109000055,371,440,-69
109000056,404,973,-569
109000057,833,499,334
109000058,1406,416,990
109000059,1118,1457,-339
109000060,822,305,517
109000061,2246,1296,950
109000062,227,353,-126
109000063,436,353,83
109000064,234,278,-44
109000065,171,479,-308
109000066,466,218,248
109000067,51,571,-520
109000068,2185,23,2162
109000069,1198,52,1146
109000070,16,1536,-1520
109000071,615,120,495
109000072,182,479,-297
109000073,70,179,-109
109000074,75,305,-230
109000075,105,526,-421
109000076,127,270,-143
109000077,504,401,103
109000078,81,242,-161
109000079,166,309,-143
109000080,128,186,-58
109000081,123,832,-709
109000082,642,425,217
109000083,323,1304,-981
109000088,173,740,-567
109000089,315,50,265
109000090,319,617,-298
109000091,322,199,123
109000092,478,919,-441
109000093,229,260,-31
109000094,443,5,438
109000095,133,772,-639
109000096,693,364,329
109000097,100,189,-89
109000098,124,160,-36
109000099,917,641,276
109000100,295,917,-622
109000101,1618,1467,151
109000102,504,1258,-754
109000103,419,1109,-690
109000104,1828,1066,762
109000105,668,2037,-1369
109000106,2564,1202,1362
109000107,725,3279,-2554
109000108,2312,948,1364
109000109,577,3071,-2494
109000110,1967,875,1092
109000111,1642,3633,-1991
109000112,700,272,428
109000113,468,293,175
109000114,279,529,-250
109000115,1929,65,1864
109000116,3,368,-365
109000117,179,145,34
109000118,18,415,-397
109000119,1064,614,450
109000120,184,1450,-1266
109000121,376,77,299
109000122,160,1511,-1351
109000123,51,120,-69
109000124,611,650,-39
109000125,987,521,466
109000126,516,1505,-989
109000127,886,389,497
109000128,667,3165,-2498
109000129,2387,964,1423
109000130,682,3967,-3285
109000131,1016,547,469
109000132,826,2867,-2041
109000133,540,1556,-1016
109000134,1110,2272,-1162
109000135,1908,2166,-258
109000136,442,538,-96
109000137,414,516,-102
109000138,740,643,97
109000139,549,674,-125
109000140,256,774,-518
109000141,487,745,-258
109000142,164,854,-690
109000143,125,120,5
109000145,117,318,-201
109000146,93,178,-85
109000148,6470,2560,3910
109000149,59,76,-17
109000150,140,288,-148
109000155,883,944,-61
109000156,2211,1175,1036
109000158,201,415,-214
109000159,238,1077,-839
109000160,1404,373,1031
109000161,389,2159,-1770
109000162,2506,1198,1308
109000163,1317,2944,-1627
109000164,1312,4066,-2754
109000165,1391,897,494
109000166,726,257,469
109000167,180,1307,-1127
109000170,49,124,-75
109000171,72,69,3
109000172,65,141,-76
109000173,28,91,-63
109000174,88,101,-13
109000175,93,155,-62
109000176,263,350,-87
109000177,28,227,-199
109000178,406,160,246
109000179,11441,5751,5690
109000180,9859,5162,4697
109000181,7,67,-60
109000182,69,74,-5
109000183,40,81,-41
109000184,45,47,-2
109000185,33,89,-56
109000188,767,3990,-3223
109000189,3474,1455,2019
109000190,827,750,77
109000191,369,813,-444
109000192,410,326,84
109000193,205,620,-415
109000194,258,162,96
109000195,137,613,-476
109000196,398,188,210
109000197,205,728,-523
109000198,373,98,275
109000199,179,854,-675
109000206,326,51,275
109000207,142,53,89
109000208,149,107,42
109000209,183,181,2
109000210,227,796,-569
109000211,328,451,-123
109000214,491,883,-392
109000215,245,116,129
109000216,402,252,150
109000217,234,133,101
109000218,446,264,182
109000221,584,1647,-1063
109000222,1068,317,751
109000223,338,379,-41
109000224,75,383,-308
109000225,93,54,39
109000226,48,439,-391
109000227,1146,1986,-840
109000228,3,655,-652
109000231,6,555,-549
109000232,279,593,-314
109000236,419,1195,-776
109000241,2679,2894,-215
109000242,2004,2262,-258
109000293,18,93,-75
109000361,134,451,-317
109000364,310,893,-583
109000396,4,1035,-1031
109000397,542,12,530
109000399,149,838,-689
109000400,80,425,-345
109000403,195,824,-629
109000406,668,14,654
109000407,373,362,11
109000408,1,1354,-1353
109000410,1340,343,997
109000411,133,28,105
109900001,125,0,125
109900002,870,16,854
109900003,233,2,231
109900004,1165,346,819
109900005,36,8,28
109900006,449,408,41
109900007,769,1229,-460
109900008,0,70,-70
109900009,184,1139,-955
109900010,626,20,606
109900011,181,60,121
109900012,414,324,90
109900013,454,240,214
109900014,442,111,331
109900015,636,228,408
109900016,116,72,44
109900017,180,271,-91
109900018,315,160,155
109900019,257,87,170
109900020,60,57,3
109900021,22,33,-11
109900022,91,491,-400
109900023,21,5,16
109900024,23,8,15
109900025,18,138,-120
109900026,4,286,-282
109900027,53,82,-29
109900028,3571,918,2653
109900029,8,705,-697
109900030,73,8,65
109900031,0,197,-197
109900032,15,478,-463
109900033,7,1004,-997
109900034,19,3,16
109900035,29,21,8
109900036,27,127,-100
109900037,36,865,-829
109900038,75,393,-318
109900039,15,1,14
109900040,58,1020,-962
109900041,66,640,-574
109900042,61,644,-583
109900044,137,380,-243
109900045,289,91,198
109900046,19,87,-68
109900047,546,553,-7
109900048,9,104,-95
109900049,14,51,-37
109900050,3,332,-329
109900051,0,50,-50
109900052,159,482,-323
109900053,9,625,-616
109900054,623,304,319
109900055,59,429,-370
109900056,36,257,-221
109900057,17,314,-297
109900058,3,157,-154
109900059,594,146,448
109900060,515,201,314
109900061,113,473,-360
109900062,0,404,-404
109900063,10,511,-501
109900064,526,415,111
109900065,156,208,-52
109900066,511,1457,-946
109900067,1,528,-527
109900068,94,6,88
109900069,2,74,-72
109900070,62,468,-406
109900071,6,63,-57
109900072,32,224,-192
109900073,396,1106,-710
109900074,19,68,-49
109900075,39,42,-3
109900076,36,345,-309
109900077,33,86,-53
109900078,126,343,-217
109900080,185,536,-351
109900081,51,170,-119
109900082,68,689,-621
109900083,27,100,-73
109900084,137,288,-151
109900085,338,1471,-1133
109900086,192,518,-326
109900087,386,719,-333
109900089,746,193,553
109900090,622,2037,-1415
109900091,331,122,209
109900092,1573,35,1538
109900093,846,141,705
109900094,134,163,-29
109900095,139,404,-265
109900096,27,8,19
109900097,106,1,105
109900098,393,47,346
109900099,196,0,196
109900100,60,0,60
109900101,421,16,405
109900102,425,24,401
109900103,41,60,-19
109900104,492,1435,-943
109900105,660,27,633
109900106,540,84,456
109900107,756,102,654
109900108,122,861,-739
109900109,43,312,-269
109900110,113,772,-659
109900111,392,1930,-1538
109900112,529,1242,-713
109900113,891,522,369
109900114,1112,795,317
109900115,161,144,17
109900117,997,199,798
109900118,305,750,-445
109900119,859,472,387
109900120,85,39,46
109900121,671,456,215
109900122,440,6,434
109900123,15,288,-273
109900124,71,1085,-1014
109900125,3,268,-265
109900126,220,258,-38
109900128,285,135,150
109900130,16825,2535,14290
109900131,94,249,-155
109900132,47,296,-249
109900133,98,545,-447
109900134,73,121,-48
109900135,556,101,455
109900136,75,279,-204
109900137,116,598,-482
109900138,428,724,-296
109900140,221,513,-292
109900141,246,210,36
109900142,1202,438,764
109900145,8,449,-441
109900146,681,59,622
109900148,48,136,-88
109900149,59,102,-43
109900150,5,114,-109
109900151,12,61,-49
109900152,1,37,-36
109900153,0,53,-53
109900154,27,0,27
109900155,89,30,59
109900157,77,388,-311
109900158,77,182,-105
109900159,204,66,138
109900160,172,80,92
109900161,277,115,162
109900162,238,111,127
109900163,1128,538,590
109900164,97,362,-265
109900165,378,18,360
109900166,3,211,-208
109900167,221,794,-573
109900168,278,854,-576
109900169,168,245,-77
109900170,526,1116,-590
109900171,196,136,60
109900172,202,368,-166
109900173,6244,2954,3290
109900174,79,229,-150
109900175,81,107,-26
109900176,132,287,-155
109900177,49,384,-335
109900178,32,200,-168
109900179,63,39,24
109900180,7,15,-8
110000001,1121,894,227
110000002,896,940,-44
110000003,1457,988,469
110000004,794,868,-74
110000005,878,2289,-1411
110000006,750,573,177
110000007,203,320,-117
110000008,31,80,-49
110000009,69,50,19
110000010,65,107,-42
110000011,45,190,-145
110000012,1081,818,263
110000013,56,795,-739
110000014,812,608,204
110000015,419,880,-461
110000016,374,1822,-1448
110000017,4960,409,4551
110000018,5112,688,4424
110000019,9,189,-180
110000020,784,350,434
110000021,1414,667,747
110000022,1495,421,1074
110000023,13,255,-242
110000024,916,579,337
110000025,256,6,250
110000026,8,826,-818
110000027,1224,648,576
110000028,1075,1132,-57
110000029,593,1258,-665
110000030,298,545,-247
110000031,375,854,-479
110000032,868,765,103
110000033,388,161,227
110000034,809,1186,-377
110000035,1090,1113,-23
110000036,1195,1137,58
110000037,266,972,-706
110000038,285,1113,-828
110000039,1047,3791,-2744
110000040,494,603,-109
110000041,329,1711,-1382
110000042,117,477,-360
110000043,747,424,323
110000044,231,194,37
110000045,1385,156,1229
110000046,4,11,-7
110000047,69,28,41
110000048,20,20,0
110000049,113,9,104
110000050,27,18,9
110000051,87,13,74
110000052,33,34,-1
110000053,316,3,313
110000054,283,414,-131
110000055,588,37,551
110000056,389,75,314
110000057,483,1116,-633
110000058,1625,955,670
110000059,1124,719,405
110000060,891,1399,-508
110000061,1399,1153,246
110000062,797,1110,-313
110000063,40,142,-102
110000064,93,182,-89
110000065,110,195,-85
110000066,148,86,62
110000067,177,564,-387
110000068,328,636,-308
110000069,263,190,73
110000071,119,212,-93
110000073,8,45,-37
110000075,7,197,-190
110000076,388,616,-228
110000077,610,2179,-1569
110000078,27,114,-87
110000080,390,981,-591
110000081,54,520,-466
110000082,44,641,-597
110000083,311,802,-491
110000084,1158,992,166
110000085,3194,2102,1092
110000086,1715,2618,-903
110000087,13,149,-136
110000088,66,372,-306
110000089,323,229,94
110000090,215,551,-336
110000091,2663,420,2243
110000092,34,141,-107
110000093,63,11,52
110000094,818,331,487
110000095,214,1029,-815
110000096,4836,2509,2327
110000097,1267,1791,-524
110000098,2524,1101,1423
110000099,1081,2219,-1138
110000100,792,1121,-329
110000101,20,597,-577
110000102,38,55,-17
110000104,379,129,250
110000105,136,342,-206
110000106,724,360,364
110000107,539,609,-70
110000108,277,50,227
110000109,424,426,-2
110000110,5576,6522,-946
110000111,11394,3729,7665
110000112,1900,1190,710
110000113,951,2793,-1842
110000114,184,760,-576
110000115,326,470,-144
110000116,61,75,-14
110000117,179,760,-581
110000118,511,375,136
110000119,224,529,-305
110000120,496,334,162
110000121,170,553,-383
110000122,440,905,-465
110000123,565,982,-417
110000124,3,1341,-1338
110000125,1354,6,1348
110000126,319,40,279
110000127,1363,157,1206
110000128,50,2284,-2234
110000129,4,793,-789
110000130,270,304,-34
110000131,125,472,-347
110000132,2,893,-891
110000133,57,622,-565
110000134,38,511,-473
110000135,201,69,132
110000136,94,485,-391
110000137,729,1016,-287
110000138,1006,1271,-265
110000139,997,2346,-1349
110000140,1643,833,810
110000143,1068,597,471
110000144,6877,2178,4699
110000145,1679,1359,320
110000146,2806,1607,1199
110000147,524,1243,-719
110000148,508,472,36
110000151,1820,837,983
110000152,1479,535,944
110000153,120,91,29
110000154,101,41,60
110000155,2914,4662,-1748
110000156,1196,3070,-1874
110000157,2127,2666,-539
110000160,430,510,-80
110000161,159,617,-458
110000166,569,192,377
110000167,1059,736,323
110000168,1017,457,560
110000169,881,446,435
110000170,146,150,-4
110000171,772,211,561
110000172,236,1222,-986
110000173,1397,1774,-377
110000174,360,2119,-1759
110000175,649,147,502
110000176,140,495,-355
110000177,220,1170,-950
110000178,689,1581,-892
110000179,2092,575,1517
110000180,162,448,-286
110000181,494,607,-113
110000182,497,342,155
110000183,19044,9301,9743
110000184,1689,3350,-1661
110000185,2052,992,1060
110000186,1087,1095,-8
110000191,730,508,222
110000192,531,3,528
110000193,970,7,963
110000194,18,1928,-1910
110000195,398,512,-114
110000196,400,672,-272
110000197,151,325,-174
110000198,208,142,66
110000199,99,163,-64
110000200,1941,709,1232
110000201,1157,1059,98
110000202,1645,673,972
110000203,987,1276,-289
110000204,8,463,-455
110000205,135,45,90
110000206,942,2383,-1441
110000207,830,454,376
110000208,360,179,181
110000209,186,1390,-1204
110000210,994,964,30
110000211,1340,1436,-96
110000212,672,1511,-839
110000213,156,135,21
110000214,232,173,59
110000215,195,800,-605
110000216,132,923,-791
110000217,333,218,115
110000218,171,744,-573
110000219,364,127,237
110000220,72,529,-457
110000221,349,113,236
110000222,64,351,-287
110000223,2,154,-152
110000224,102,29,73
110000225,296,928,-632
110000226,300,73,227
110000227,1299,1066,233
110000228,666,522,144
110000229,5,405,-400
110000230,996,760,236
110000231,176,322,-146
110000232,292,275,17
110000233,298,469,-171
110000234,1102,891,211
110000235,1528,1480,48
110000236,733,1238,-505
110000237,3087,1722,1365
110000238,1431,1869,-438
110000239,2310,1854,456
110000240,1,132,-131
110000242,1,11,-10
110000243,131,212,-81
110000244,218,714,-496
110000245,44,707,-663
110000246,984,944,40
110000247,2062,9178,-7116
110000248,3617,2957,660
110000249,106,29,77
110000250,96,385,-289
110000251,314,1048,-734
110000252,275,420,-145
110000253,1574,912,662
110000254,955,2405,-1450
110000255,336,1618,-1282
110000256,563,364,199
110000257,1129,575,554
110000258,9,792,-783
110000259,118,35,83
110000260,44,580,-536
110000263,946,212,734
110000264,372,960,-588
110000265,1568,2560,-992
110000266,2874,3723,-849
110000267,36,386,-350
110000268,348,788,-440
110000269,13,180,-167
110000270,71,7,64
110000271,3433,451,2982
110000272,1445,1465,-20
110000273,5077,2053,3024
110000274,406,2014,-1608
110000275,4263,799,3464
110000276,343,516,-173
110000277,354,668,-314
110000278,493,1313,-820
110000279,932,938,-6
110000280,457,602,-145
110000281,44,330,-286
110000282,479,63,416
110000283,80,190,-110
110000284,82,49,33
110000285,6,627,-621
110000286,42,0,42
110000287,94,4,90
110000288,9,168,-159
110000289,679,2221,-1542
110000290,1719,850,869
110000291,9977,2069,7908
110000292,1689,6173,-4484
110000293,672,1295,-623
110000294,969,1437,-468
110000295,178,1535,-1357
110000296,474,497,-23
110000297,3506,516,2990
110000298,297,823,-526
110000299,750,78,672
110000301,570,36,534
110000302,354,1857,-1503
110000303,703,15,688
110000304,132,412,-280
110000305,1708,43,1665
110000306,238,2487,-2249
110000307,1810,13,1797
110000308,996,26,970
110000309,22,1764,-1742
110000310,813,82,731
110000311,25,1428,-1403
110000312,877,157,720
110000313,4729,5069,-340
110000314,6,441,-435
110000315,5289,3327,1962
110000316,866,1756,-890
110000317,1048,611,437
110000318,7,120,-113
110000319,13,27,-14
110000320,83,58,25
110000321,21,85,-64
110000322,420,781,-361
110000323,514,305,209
110000324,5753,1729,4024
110000325,3703,3789,-86
110000327,931,503,428
110000328,338,651,-313
110000333,1373,1003,370
110000334,1053,2024,-971
110000335,1222,880,342
110000336,1321,1571,-250
110000337,2187,927,1260
110000338,442,324,118
110000339,371,394,-23
110000340,66,279,-213
110000341,609,746,-137
110000342,892,5,887
110000343,0,22,-22
110000344,507,263,244
110000345,578,147,431
110000346,3683,2293,1390
110000347,1429,1183,246
110000348,46,43,3
110000349,16,41,-25
110000350,47,9,38
110000351,1060,1206,-146
110000352,743,2511,-1768
110000353,4754,1075,3679
110000354,1824,4327,-2503
110000355,127,207,-80
110000356,957,14,943
110000357,652,20,632
110000361,27,93,-66
110000362,58,217,-159
110000363,408,160,248
110000364,293,530,-237
110000365,222,1,221
110000366,0,139,-139
110000367,606,474,132
110000368,3,106,-103
110000369,79,1,78
110000373,9,358,-349
110000374,174,13,161
110000375,221,1296,-1075
110000376,47,118,-71
110000377,91,698,-607
110000378,33,499,-466
110000379,4642,2010,2632
110000380,105,15,90
110000383,4,1303,-1299
110000384,3213,1088,2125
110000385,2,326,-324
110000387,88,13,75
110000388,61,370,-309
110000389,1133,77,1056
110000391,673,479,194
110000396,159,171,-12
110000397,155,321,-166
110000398,1,57,-56
110000399,249,4,245
110000587,105,80,25
110000589,229,267,-38
110000640,214,147,67
110000652,35,211,-176
110000653,307,663,-356
110000654,77,61,16
110000656,1,975,-974
110000674,44,47,-3
110000675,62,34,28
110000676,11,109,-98
110000679,516,1324,-808
110000682,122,264,-142
110000683,750,843,-93
110000684,19,122,-103
110000685,25,24,1
110000686,13,88,-75
110000687,44,4,40
110000688,77,1112,-1035
110000689,36,78,-42
110000692,305,414,-109
110000693,523,346,177
110000694,6,291,-285
110000695,362,993,-631
110000696,179,185,-6
110900001,369,36,333
110900002,447,567,-120
110900003,825,1391,-566
110900004,449,315,134
110900005,6407,2691,3716
110900006,39,15,24
110900007,168,17,151
110900008,23,45,-22
110900009,535,132,403
110900010,8,119,-111
110900011,30,239,-209
110900012,8,179,-171
110900013,1302,220,1082
110900014,201,9,192
110900015,1207,783,424
110900016,59,241,-182
110900017,455,57,398
110900018,544,79,465
110900019,116,27,89
110900020,127,594,-467
110900021,119,951,-832
110900022,99,561,-462
110900023,159,1044,-885
110900024,35,768,-733
110900025,73,169,-96
110900027,40,301,-261
110900028,55,264,-209
110900029,35,627,-592
110900030,46,604,-558
110900031,1,261,-260
110900032,1,133,-132
110900033,66,437,-371
110900035,47,892,-845
110900036,145,49,96
110900037,95,41,54
110900038,2090,329,1761
110900039,9,419,-410
110900040,313,82,231
110900041,29,289,-260
110900042,177,86,91
110900043,3,269,-266
110900044,378,21,357
110900045,51,962,-911
110900046,116,501,-385
110900047,1134,261,873
110900049,127,111,16
110900050,13,4,9
110900051,46,344,-298
110900052,5,364,-359
110900053,107,87,20
110900054,36,399,-363
110900055,22,1,21
110900056,60,182,-122
110900057,10,303,-293
110900058,210,434,-224
110900059,853,1104,-251
110900060,558,187,371
110900061,36,76,-40
110900062,133,376,-243
110900063,84,319,-235
110900064,20,0,20
110900065,419,169,250
110900066,9,177,-168
110900067,734,966,-232
110900068,319,395,-76
110900069,10,47,-37
110900070,205,76,129
110900071,348,737,-389
110900073,2,61,-59
110900074,368,124,244
110900075,444,132,312
110900077,854,819,35
110900078,41,151,-110
110900079,2802,1280,1522
110900080,174,97,77
110900081,3,101,-98
110900082,128,309,-181
110900083,154,75,79
110900084,48,185,-137
110900085,81,604,-523
110900086,80,347,-267
110900087,429,116,313
110900088,5,1,4
110900090,42,40,2
110900091,2,65,-63
110900093,561,138,423
110900095,61,110,-49
110900097,23,17,6
110900098,53,179,-126
110900099,83,957,-874
110900100,0,34,-34
110900102,67,43,24
110900105,1471,645,826
110900108,17,165,-148
110900111,611,354,257
110900112,949,6,943
110900113,836,62,774
110900115,19,130,-111
110900116,616,3546,-2930
110900118,188,2947,-2759
110900119,7678,681,6997
110900120,19,140,-121
110900121,121,1,120
110900122,470,267,203
110900125,364,474,-110
110900127,935,1512,-577
110900128,330,304,26
110900129,551,823,-272
110900130,1520,677,843
110900131,352,75,277
110900132,299,91,208
110900133,139,418,-279
110900135,186,689,-503
110900136,346,37,309
110900137,146,3,143
110900138,1760,601,1159
110900139,86,110,-24
110900140,126,10,116
110900141,5,161,-156
110900142,88,250,-162
110900143,216,124,92
110900144,4,1039,-1035
110900145,187,42,145
110900146,712,196,516
110900147,269,405,-136
110900148,6,523,-517
110900149,7,94,-87
110900150,68,24,44
110900151,0,154,-154
110900152,21,497,-476
110900153,198,53,145
111000001,658,399,259
111000002,785,912,-127
111000003,1751,1444,307
111000004,993,1546,-553
111000005,2220,1919,301
111000006,1480,2034,-554
111000007,7941,5721,2220
111000008,5031,5263,-232
111000009,447,1308,-861
111000010,1070,430,640
111000011,575,1220,-645
111000012,904,563,341
111000013,475,1579,-1104
111000014,1373,809,564
111000017,181,1052,-871
111000018,292,477,-185
111000020,3036,3663,-627
111000021,156,175,-19
111000023,129,215,-86
111000025,10134,4540,5594
111000029,88,155,-67
111000030,59,139,-80
111000031,2950,1686,1264
111000032,778,293,485
111000033,465,386,79
111000034,749,230,519
111000037,4348,1763,2585
111000038,5237,4072,1165
111000039,2684,3975,-1291
111000040,2184,4323,-2139
111000041,1891,2723,-832
111000042,8164,3765,4399
111000043,3249,3710,-461
111000044,1696,1442,254
111000045,2779,2920,-141
111000046,2302,1958,344
111000047,2960,4618,-1658
111000049,655,951,-296
111000050,2578,2240,338
111000051,637,1742,-1105
111000052,829,2388,-1559
111000053,586,1702,-1116
111000054,447,1582,-1135
111000055,1509,2924,-1415
111000056,229,860,-631
111000057,87,1042,-955
111000058,338,196,142
111000059,624,486,138
111000060,4718,1326,3392
111000061,647,476,171
111000062,936,375,561
111000063,2298,1334,964
111000064,685,898,-213
111000065,1357,1326,31
111000066,610,511,99
111000067,740,950,-210
111000068,633,1322,-689
111000069,2263,3091,-828
111000070,3300,1633,1667
111000071,207,878,-671
111000072,1033,537,496
111000073,317,1007,-690
111000074,1922,2335,-413
111000075,1129,1331,-202
111000076,547,1235,-688
111000077,1663,2171,-508
111000078,3066,1765,1301
111000079,1858,1138,720
111000080,577,1156,-579
111000081,3293,6346,-3053
111000082,732,1108,-376
111000084,978,926,52
111000085,1503,2318,-815
111000086,5324,1925,3399
111000087,834,1106,-272
111000088,11475,2881,8594
111000089,956,1310,-354
111000090,1628,1873,-245
111000091,1052,991,61
111000092,1646,1528,118
111000093,729,1225,-496
111000094,2585,1292,1293
111000095,922,2970,-2048
111000096,3242,9618,-6376
111000097,7756,1607,6149
111000098,785,1952,-1167
111000099,740,3423,-2683
111000100,476,2882,-2406
111000101,670,1388,-718
111000102,275,1256,-981
111000104,628,320,308
111000107,131,1176,-1045
111000109,765,343,422
111000110,1955,1029,926
111000111,2291,830,1461
111000112,2054,695,1359
111000113,872,1605,-733
111000114,1855,3784,-1929
111000115,10406,1744,8662
111000116,1145,1435,-290
111000117,646,1322,-676
111000118,1915,1546,369
111000119,1226,2226,-1000
111000120,526,905,-379
111000121,392,898,-506
111000122,874,1462,-588
111000123,1392,4297,-2905
111000124,667,4702,-4035
111000125,343,2715,-2372
111000126,147,1395,-1248
111000127,944,264,680
111000128,1689,505,1184
111000129,3136,788,2348
111000130,2117,951,1166
111000131,1731,772,959
111000132,1435,859,576
111000133,136,223,-87
111000134,128,176,-48
111000135,51,220,-169
111000136,474,506,-32
111000138,14,26,-12
111000140,1,5,-4
111000141,449,606,-157
111000142,18,121,-103
111000143,3,113,-110
111000144,46,161,-115
111000145,1495,19,1476
111000146,69,16,53
111000147,270,59,211
111000148,328,186,142
111000149,5,67,-62
111000150,20,8,12
111000151,1,39,-38
111000153,834,951,-117
111000154,1097,329,768
111000155,128,282,-154
111000156,613,757,-144
111000157,224,1322,-1098
111000158,1377,1100,277
111000159,4437,1057,3380
111000160,380,527,-147
111000161,17,394,-377
111000162,98,282,-184
111000163,735,1388,-653
111000164,1366,5614,-4248
111000165,1876,783,1093
111000166,2701,617,2084
111000167,231,797,-566
111000168,369,735,-366
111000169,376,897,-521
111000170,704,661,43
111000171,785,1339,-554
111000172,131,819,-688
111000173,406,1767,-1361
111000174,220,1186,-966
111000175,43,509,-466
111000176,444,176,268
111000177,310,351,-41
111000178,1213,421,792
111000179,182,296,-114
111000180,333,580,-247
111000181,1123,384,739
111000182,225,360,-135
111000183,632,545,87
111000184,439,381,58
111000185,455,690,-235
111000186,501,394,107
111000187,129,354,-225
111000188,204,663,-459
111000189,1891,860,1031
111000190,234,641,-407
111000191,178,625,-447
111000192,383,739,-356
111000193,572,444,128
111000194,64,525,-461
111000195,191,619,-428
111000196,49,416,-367
111000197,355,273,82
111000198,579,183,396
111000199,198,200,-2
111000200,305,441,-136
111000201,567,349,218
111000202,214,263,-49
111000203,304,294,10
111000204,424,791,-367
111000213,246,521,-275
111000214,1867,2538,-671
111000215,1189,2003,-814
111000217,1563,1395,168
111000218,1288,1498,-210
111000219,655,368,287
111000220,4140,1143,2997
111000221,1442,257,1185
111000224,0,677,-677
111000225,386,94,292
111000226,398,4,394
111000227,73,8,65
111000228,26,312,-286
111000229,64,681,-617
111000230,433,820,-387
111000231,1175,1763,-588
111000232,549,1198,-649
111000233,638,1082,-444
111000234,151,412,-261
111000239,155,363,-208
111000240,46,248,-202
111000241,62,654,-592
111000242,134,123,11
111000243,141,1207,-1066
111000244,389,203,186
111000245,1282,933,349
111000246,491,911,-420
111000247,227,1283,-1056
111000248,780,798,-18
111000249,511,1158,-647
111000250,72,208,-136
111000251,60,203,-143
111000253,50,19,31
111000255,17,8,9
111000257,52,21,31
111000260,98,1600,-1502
111000261,1274,118,1156
111000271,53,436,-383
111000273,10090,2442,7648
111000274,1637,3146,-1509
111000275,174,137,37
111000276,348,3101,-2753
111000277,235,607,-372
111000278,764,417,347
111000291,730,7219,-6489
111000298,694,384,310
111000299,859,209,650
111000300,108,833,-725
111000302,326,146,180
111000303,79,377,-298
111000312,44,101,-57
111000315,0,129,-129
111000320,523,1052,-529
111000321,421,138,283
111000322,359,769,-410
111000323,202,29,173
111000324,435,422,13
111000325,56,118,-62
111000326,199,456,-257
111000327,467,780,-313
111000328,327,754,-427
111000329,2,29,-27
111000330,60,54,6
111000331,17,6,11
111000332,533,2025,-1492
111000334,526,2494,-1968
111000335,787,290,497
111000337,1101,507,594
111000338,52,159,-107
111000339,442,697,-255
111000340,146,1137,-991
111000341,1031,715,316
111000342,234,418,-184
111000344,1219,1104,115
111000345,311,59,252
111000346,36,167,-131
111000347,138,10,128
111000350,256,178,78
111000351,124,325,-201
111000352,176,238,-62
111000353,180,437,-257
111000354,666,266,400
111000355,390,1104,-714
111000358,187,2432,-2245
111000360,259,1421,-1162
111000361,159,668,-509
111000546,703,1027,-324
111000547,482,1091,-609
111000548,141,286,-145
111000549,419,735,-316
111000550,85,829,-744
111000551,954,299,655
111000552,2122,130,1992
111000907,607,13,594
111000908,11,1,10
111000916,1639,394,1245
111000917,52,624,-572
111000918,195,1598,-1403
111000920,405,19,386
111000921,1,372,-371
111000922,418,407,11
111000924,45,1668,-1623
111000925,2340,3067,-727
111000926,1098,3107,-2009
111000927,3477,6887,-3410
111000928,6859,5604,1255
111000929,1343,1450,-107
111000930,1001,3757,-2756
111000931,2460,3093,-633
111000932,5656,3677,1979
111000933,4889,2938,1951
111000934,3400,5003,-1603
111000935,1678,1452,226
111000936,1602,3433,-1831
111000937,949,1833,-884
111000938,2432,3238,-806
111000939,416,100,316
111000940,432,246,186
111000941,381,1034,-653
111000943,406,383,23
111000944,180,699,-519
111000945,104,3109,-3005
111001109,769,367,402
111001110,263,903,-640
111001111,63,3,60
111001112,274,7,267
111001113,1,212,-211
111001114,2169,114,2055
111001115,15,492,-477
111001116,8128,4654,3474
111001117,1000,2434,-1434
111001120,109,666,-557
111001121,182,489,-307
111001122,259,904,-645
111001123,131,158,-27
111900001,10,172,-162
111900002,12,1356,-1344
111900003,2,645,-643
111900004,70,274,-204
111900006,10,23,-13
111900007,99,6,93
111900008,175,3,172
111900009,193,377,-184
111900010,397,810,-413
111900012,239,183,56
111900013,6,165,-159
111900014,10080,3714,6366
111900015,0,137,-137
111900016,1,187,-186
111900017,2,181,-179
111900018,213,2,211
111900019,2,156,-154
111900020,3,75,-72
111900021,34,174,-140
111900022,9,63,-54
111900023,161,64,97
111900024,6,75,-69
111900025,1,57,-56
111900026,0,117,-117
111900027,8,209,-201
111900028,1,605,-604
111900029,5,149,-144
111900030,99,611,-512
111900031,30,58,-28
111900032,3,559,-556
111900033,8,130,-122
111900034,396,874,-478
111900035,46,332,-286
111900036,4,523,-519
111900038,448,939,-491
111900039,88,752,-664
111900040,5,919,-914
111900042,55,188,-133
111900043,4,577,-573
111900044,407,498,-91
111900046,52,356,-304
111900048,236,1314,-1078
111900049,47,455,-408
111900050,170,41,129
111900051,4,363,-359
111900052,536,738,-202
111900053,2141,1455,686
111900054,200,9,191
111900055,55,869,-814
111900056,375,339,36
111900057,89,26,63
111900058,441,1125,-684
111900059,4570,576,3994
111900060,579,3,576
111900061,29,442,-413
111900062,44,56,-12
111900063,356,403,-47
111900064,196,443,-247
111900065,135,40,95
111900066,144,221,-77
111900067,2,512,-510
111900068,59,47,12
111900069,54,55,-1
111900070,107,176,-69
111900071,3,432,-429
111900072,61,23,38
111900073,795,186,609
111900074,27,325,-298
111900075,57,18,39
111900076,156,68,88
111900077,34,2,32
111900078,216,19,197
111900079,30,23,7
111900080,324,300,24
111900081,1164,308,856
111900082,183,34,149
111900083,87,14,73
111900084,71,11,60
111900085,58,114,-56
111900086,64,1,63
111900087,46,0,46
111900088,474,8,466
111900089,66,5,61
111900090,131,61,70
111900091,150,2,148
111900092,90,2,88
111900093,369,12,357
111900094,101,0,101
111900095,224,35,189
111900096,124,3,121
111900097,49,1,48
111900098,184,1,183
111900099,63,1,62
111900100,144,10,134
111900101,102,25,77
111900102,807,1119,-312
111900103,82,66,16
111900104,207,83,124
111900105,489,213,276
111900106,2926,160,2766
111900107,144,187,-43
111900108,243,220,23
111900109,931,567,364
111900110,3624,594,3030
111900111,101,199,-98
111900112,1345,2687,-1342
111900113,396,72,324
111900114,214,194,20
111900115,14,58,-44
111900118,314,76,238
111900119,353,152,201
111900122,97,39,58
111900123,20,28,-8
111900124,28,81,-53
111900125,572,29,543
111900126,315,6,309
111900127,3,1187,-1184
111900128,3,852,-849
111900129,283,11,272
111900130,377,25,352
111900131,388,6,382
111900132,57,2012,-1955
111900133,20,740,-720
111900134,38,388,-350
111900135,9,33,-24
111900136,79,202,-123
111900137,45,68,-23
111900138,25,94,-69
111900139,15,128,-113
111900140,106,53,53
111900141,93,12,81
111900142,114,31,83
111900143,30,258,-228
111900144,5,215,-210
111900145,5,753,-748
111900146,5,435,-430
111900147,215,721,-506
111900148,41,1152,-1111
111900149,8,475,-467
111900150,19,230,-211
111900151,5,42,-37
111900152,100,90,10
111900153,2243,474,1769
111900154,17,288,-271
111900155,69,102,-33
111900156,50,71,-21
111900157,81,19,62
111900158,633,41,592
111900159,292,12,280
111900160,276,1,275
111900161,162,21,141
111900162,96,232,-136
111900163,55,340,-285
111900164,135,94,41
111901113,369,293,76
111901114,245,502,-257
111901115,99,3,96
111901116,73,3,70
111901117,21,37,-16
111901118,180,259,-79
111901119,1881,182,1699
111901120,122,391,-269
111901121,266,491,-225
111901122,7,855,-848
111901123,170,632,-462
111901124,153,0,153
111901125,315,291,24
111901126,133,67,66
111901127,1284,516,768
111901128,16,170,-154
111901129,24,256,-232
111901130,13,372,-359
111901131,2,362,-360
111901132,148,14,134
111901133,57,2,55
111901134,84,2,82
111901135,26,24,2
111901136,53,54,-1
111901137,0,41,-41
111901138,176,66,110
111901139,41,85,-44
111901140,11,282,-271
111901141,12,511,-499
111901142,13,253,-240
111901143,15,216,-201
111901144,32,80,-48
111901145,132,349,-217
112000001,2399,1533,866
112000002,1011,3907,-2896
112000003,1502,1664,-162
112000004,920,2569,-1649
112000005,3312,3664,-352
112000006,2909,3664,-755
112000007,3004,2190,814
112000008,3209,5470,-2261
112000009,5845,6182,-337
112000010,3771,4712,-941
112000011,3033,3750,-717
112000012,8537,4714,3823
112000013,7715,5072,2643
112000014,4244,1622,2622
112000015,4426,5169,-743
112000016,9804,1656,8148
112000017,4317,3711,606
112000024,3023,1379,1644
112000026,6507,7984,-1477
112000027,1216,766,450
112000028,2781,2574,207
112000029,524,1069,-545
112000030,262,228,34
112000031,2501,6295,-3794
112000032,654,113,541
112000033,3034,2178,856
112000034,377,96,281
112000035,132,553,-421
112000036,1315,1485,-170
112000037,2473,1083,1390
112000038,2132,1571,561
112000039,73,153,-80
112000040,210,374,-164
112000041,878,702,176
112000042,1974,534,1440
112000050,1410,2555,-1145
112000051,1415,1626,-211
112000054,3580,4402,-822
112000057,790,646,144
112000058,547,1024,-477
112000059,1019,1270,-251
112000061,6190,3172,3018
112000062,2414,1373,1041
112000063,2279,2248,31
112000064,6144,8380,-2236
112000065,2803,3733,-930
112000066,4234,1900,2334
112000067,983,999,-16
112000068,3919,2494,1425
112000069,1075,3108,-2033
112000070,2968,1219,1749
112000071,1269,3958,-2689
112000072,2574,1410,1164
112000073,2917,2720,197
112000074,2312,1463,849
112000075,1776,1733,43
112000076,4806,3965,841
112000077,630,971,-341
112000078,1891,1128,763
112000079,1799,1890,-91
112000080,867,1180,-313
112000081,1956,3325,-1369
112000082,1707,1257,450
112000083,712,2061,-1349
112000084,1456,1226,230
112000085,1685,1873,-188
112000086,2195,2165,30
112000087,416,685,-269
112000088,598,924,-326
112000089,479,482,-3
112000090,413,480,-67
112000091,770,1629,-859
112000092,1883,1558,325
112000093,2065,1615,450
112000094,674,1286,-612
112000095,756,1232,-476
112000096,523,927,-404
112000097,1346,805,541
112000098,1441,2272,-831
112000099,899,1439,-540
112000100,1570,1502,68
112000101,683,1504,-821
112000102,1137,906,231
112000103,478,1689,-1211
112000105,644,2602,-1958
112000106,1533,608,925
112000107,16,339,-323
112000108,308,2564,-2256
112000109,84,112,-28
112000110,1929,660,1269
112000111,2065,6004,-3939
112000112,6346,1074,5272
112000113,1460,2835,-1375
112000114,4703,1716,2987
112000115,525,778,-253
112000116,995,1897,-902
112000117,1641,1389,252
112000118,1590,1151,439
112000119,717,1291,-574
112000120,108,555,-447
112000121,155,1000,-845
112000122,272,194,78
112000123,685,209,476
112000124,312,96,216
112000125,176,230,-54
112000126,195,1042,-847
112000127,4057,2682,1375
112000128,1594,1432,162
112000129,155,157,-2
112000130,192,94,98
112000131,42,672,-630
112000132,156,402,-246
112000133,479,507,-28
112000134,635,562,73
112000135,1618,1073,545
112000136,1850,1742,108
112000137,2399,3096,-697
112000138,2711,1938,773
112000139,1337,506,831
112000140,1437,1589,-152
112000141,959,384,575
112000142,220,1201,-981
112000143,1189,384,805
112000144,362,2277,-1915
112000145,2312,990,1322
112000146,849,3044,-2195
112000147,2354,2156,198
112000148,2123,3293,-1170
112000149,473,1130,-657
112000150,222,1027,-805
112000151,340,937,-597
112000152,355,732,-377
112000153,285,457,-172
112000154,138,297,-159
112000155,412,176,236
112000157,2025,940,1085
112000158,380,1323,-943
112000159,492,559,-67
112000167,637,96,541
112000169,1548,653,895
112000173,834,288,546
112000175,737,709,28
112000176,5533,3597,1936
112000177,884,184,700
112000178,134,870,-736
112000179,285,186,99
112000180,339,491,-152
112000181,1704,2856,-1152
112000182,1293,3149,-1856
112000183,90,78,12
112000184,392,1001,-609
112000185,595,867,-272
112000187,5443,3856,1587
112000195,289,26,263
112000196,274,1,273
112000197,220,142,78
112000198,44,437,-393
112000199,1882,1468,414
112000202,354,1,353
112000216,101,396,-295
112000230,121,6,115
112000231,4,386,-382
112000256,77,276,-199
112000313,217,256,-39
112000314,60,44,16
112000337,396,954,-558
112000352,451,514,-63
112000392,2451,2548,-97
112000398,1642,1161,481
112000399,12046,3595,8451
112000400,2584,6092,-3508
112000401,3938,4344,-406
112000402,3275,3335,-60
112000403,6205,3939,2266
112000404,762,942,-180
112000405,2043,3846,-1803
112000406,5166,4737,429
112000407,6647,10136,-3489
112000408,11569,11262,307
112000409,2270,8080,-5810
112000410,727,283,444
112000411,8038,2169,5869
112000412,1967,893,1074
112000413,15148,6115,9033
112000414,118,156,-38
112000415,144,86,58
112000416,2377,1802,575
112000417,263,102,161
112000421,55,267,-212
112000422,551,1019,-468
112000424,4928,4061,867
112000425,596,1499,-903
112000426,186,442,-256
112000427,2,11,-9
112000428,237,800,-563
112000429,4318,5189,-871
112000430,5430,5014,416
112000431,84,185,-101
112000432,862,2665,-1803
112000433,805,1674,-869
112000437,66,359,-293
112900001,58,1,57
112900002,412,1739,-1327
112900003,77,538,-461
112900004,70,418,-348
112900005,204,314,-110
112900006,13,693,-680
112900007,30,324,-294
112900008,1,86,-85
112900009,581,109,472
112900010,376,1167,-791
112900011,423,473,-50
112900012,0,82,-82
112900013,4,372,-368
112900014,5,468,-463
112900015,515,1361,-846
112900016,4,413,-409
112900017,80,437,-357
112900018,1,480,-479
112900019,130,302,-172
112900020,658,2127,-1469
112900021,3,331,-328
112900022,30,145,-115
112900023,0,320,-320
112900024,40,449,-409
112900025,161,605,-444
112900026,8,430,-422
112900027,9,1818,-1809
112900028,39,226,-187
112900029,8,1061,-1053
112900030,379,331,48
112900031,10,895,-885
112900032,224,497,-273
112900034,0,110,-110
112900035,7,700,-693
112900036,108,274,-166
112900037,361,223,138
112900038,716,269,447
112900039,28,484,-456
112900040,12,642,-630
112900041,2324,1824,500
112900042,50,725,-675
112900043,63,68,-5
112900044,1037,781,256
112900045,604,525,79
112900046,376,124,252
112900047,28,36,-8
112900049,186,156,30
112900050,111,982,-871
112900051,425,1183,-758
112900052,15,1667,-1652
112900053,639,227,412
112900054,357,55,302
112900055,235,41,194
112900056,640,318,322
112900057,19,1105,-1086
112900058,345,375,-30
112900059,196,238,-42
112900060,24,430,-406
112900061,137,250,-113
112900062,117,207,-90
112900063,146,21,125
112900064,260,347,-87
112900065,76,34,42
112900066,282,182,100
112900067,816,270,546
112900068,73,58,15
112900069,3928,923,3005
112900071,49,4,45
112900072,490,2199,-1709
112900073,665,107,558
112900074,103,286,-183
112900075,3243,1188,2055
112900076,147,35,112
112900078,441,547,-106
112900079,309,17,292
112900080,53,5,48
112900081,32,229,-197
112900082,517,44,473
112900083,133,92,41
112900084,283,117,166
112900085,0,8,-8
112900086,61,3,58
112900087,757,172,585
112900088,180,22,158
112900089,904,31,873
112900090,39,10,29
112900091,216,7,209
112900092,290,347,-57
112900093,1915,41,1874
112900094,208,1,207
112900095,57,0,57
112900096,372,188,184
112900097,123,712,-589
112900098,330,5,325
112900099,846,12,834
112900100,70,0,70
112900101,228,1,227
112900102,365,16,349
112900103,235,2,233
112900104,20,0,20
112900105,22,0,22
112900106,522,188,334
112900107,3,0,3
112900108,53,5,48
112900109,117,1,116
112900110,1024,8,1016
112900111,681,5,676
112900112,410,4,406
112900113,0,14,-14
112900114,102,103,-1
112900115,997,2,995
112900116,91,55,36
112900117,150,161,-11
112900118,57,139,-82
112900119,231,4,227
112900120,1096,383,713
112900121,454,290,164
112900122,30,222,-192
112900123,273,20,253
112900124,16,222,-206
112900125,156,851,-695
112900126,277,289,-12
112900127,423,100,323
112900128,635,1271,-636
112900129,7,1474,-1467
112900130,296,108,188
112900131,72,330,-258
112900132,146,648,-502
112900133,43,1846,-1803
112900134,2,471,-469
112900135,141,88,53
112900136,0,67,-67
112900137,8,1032,-1024
112900138,11,675,-664
112900139,392,1930,-1538
112900140,1,111,-110
112900141,1034,64,970
112900142,105,192,-87
112900143,68,935,-867
112900144,2,432,-430
112900145,48,723,-675
112900146,20,2173,-2153
112900147,4,3195,-3191
112900148,86,2,84
112900149,276,973,-697
112900151,30,69,-39
112900152,5983,1467,4516
112900153,2939,2556,383
112900154,0,186,-186
112900155,331,31,300
112900156,468,2589,-2121
112900157,215,7,208
112900158,62,24,38
112900159,322,88,234
112900160,59,506,-447
112900161,132,48,84
112900162,57,27,30
112900163,219,43,176
112900164,50,214,-164
112900165,201,63,138
112900166,45,109,-64
112900167,10,75,-65
112900168,2,4,-2
112900169,8,11,-3
112900170,78,149,-71
112900172,110,14,96
112900173,364,214,150
112900174,411,63,348
112900175,213,324,-111
112900176,9,48,-39
112900177,296,47,249
112900178,1057,3446,-2389
112900179,54,692,-638
112900180,2986,2725,261
112900181,562,8,554
112900182,55,1985,-1930
112900183,249,443,-194
112900184,816,722,94
112900185,532,980,-448
112900186,2535,1623,912
112900187,143,737,-594
112900188,1157,695,462
112900189,41,53,-12
112900190,148,99,49
112900192,856,924,-68
112900193,1868,600,1268
112900194,82,235,-153
112900195,1987,69,1918
112900196,369,731,-362
112900197,273,620,-347
112900199,691,921,-230
112900200,766,452,314
112900201,70,176,-106
112900202,362,1511,-1149
112900203,220,557,-337
112900204,1396,808,588
112900205,9,9,0
112900206,20,129,-109
112900207,15,0,15
112900208,100,311,-211
112900209,634,602,32
112900210,1,29,-28
112900211,179,107,72
112900212,1,142,-141
112900213,42,26,16
112900214,73,11,62
112900215,15,331,-316
112900216,40,120,-80
112900217,1,93,-92
112900218,27,30,-3
112900219,61,24,37
112900220,9,0,9
112900221,27,233,-206
112900222,0,52,-52
112900223,1479,30,1449
112900224,287,1024,-737
112900225,471,798,-327
112900226,392,590,-198
112900227,451,1891,-1440
112900228,52,40,12
112900229,186,75,111
112900230,12175,6602,5573
112900232,301,309,-8
112900233,91,299,-208
112900234,24,180,-156
112900235,153,36,117
112900236,247,21,226
112900237,179,441,-262
112900238,8,53,-45
112900239,971,412,559
113000001,8342,13747,-5405
113000002,5936,6380,-444
113000003,3244,5602,-2358
113000004,3435,5101,-1666
113000005,2914,2434,480
113000006,2426,3275,-849
113000007,3185,2632,553
113000008,3158,3587,-429
113000009,1560,1780,-220
113000010,1723,2940,-1217
113000011,1342,2504,-1162
113000012,2267,1819,448
113000013,1968,1075,893
113000014,2203,2402,-199
113000015,990,418,572
113000016,910,1383,-473
113000017,125,388,-263
113000018,640,118,522
113000019,268,341,-73
113000020,211,61,150
113000021,4519,1062,3457
113000022,1087,1985,-898
113000025,147,506,-359
113000026,834,752,82
113000027,3830,585,3245
113000028,3903,661,3242
113000029,1364,981,383
113000030,751,1127,-376
113000031,379,574,-195
113000032,525,494,31
113000033,530,675,-145
113000034,637,691,-54
113000035,66,98,-32
113000036,62,98,-36
113000037,169,53,116
113000038,39,100,-61
113000039,152,1263,-1111
113000040,78,153,-75
113000042,1442,1025,417
113000051,1158,4211,-3053
113000052,3585,2748,837
113000053,611,910,-299
113000054,438,1785,-1347
113000055,1563,1378,185
113000056,1262,1868,-606
113000058,1221,1257,-36
113000059,1908,1043,865
113000060,267,812,-545
113000061,978,1452,-474
113000062,2317,469,1848
113000063,159,571,-412
113000064,64,800,-736
113000065,220,1710,-1490
113000066,851,231,620
113000067,2175,2540,-365
113000068,490,3024,-2534
113000069,770,2243,-1473
113000070,2842,1727,1115
113000071,573,1266,-693
113000072,870,877,-7
113000073,1156,2669,-1513
113000074,1582,895,687
113000075,3494,1154,2340
113000076,2130,2763,-633
113000077,2154,854,1300
113000078,1480,4305,-2825
113000079,1244,1455,-211
113000080,1035,960,75
113000081,1559,1520,39
113000082,2377,1287,1090
113000083,849,1364,-515
113000084,2633,1937,696
113000085,1270,1255,15
113000086,1799,2208,-409
113000087,1365,1467,-102
113000088,4945,2441,2504
113000089,1470,2459,-989
113000090,542,1074,-532
113000091,1022,610,412
113000094,2231,313,1918
113000095,559,1574,-1015
113000096,259,1339,-1080
113000097,2139,594,1545
113000098,206,76,130
113000099,2312,574,1738
113000100,241,664,-423
113000101,768,864,-96
113000102,1133,561,572
113000103,4493,999,3494
113000104,674,5529,-4855
113000105,1381,816,565
113000106,879,1033,-154
113000107,1381,1493,-112
113000108,1675,2391,-716
113000109,1149,10322,-9173
113000110,2613,892,1721
113000111,407,2124,-1717
113000112,417,488,-71
113000113,2912,567,2345
113000114,497,3754,-3257
113000116,1206,403,803
113000117,1544,170,1374
113000118,318,1008,-690
113000119,336,553,-217
113000120,138,376,-238
113000121,1014,1586,-572
113000124,414,217,197
113000125,126,1016,-890
113000127,5226,671,4555
113000128,914,1122,-208
113000129,814,2261,-1447
113000133,5920,3015,2905
113000134,21,2119,-2098
113000135,4549,5776,-1227
113000137,3074,4356,-1282
113000139,672,268,404
113000140,206,497,-291
113000141,591,267,324
113000142,996,2123,-1127
113000143,359,274,85
113000144,498,1293,-795
113000145,78,235,-157
113000146,191,149,42
113000147,231,239,-8
113000148,194,254,-60
113000149,111,278,-167
113000150,909,700,209
113000151,207,147,60
113000152,57,314,-257
113000153,2839,1040,1799
113000154,1095,2810,-1715
113000155,461,880,-419
113000156,222,749,-527
113000157,367,1545,-1178
113000158,904,392,512
113000159,1154,1056,98
113000160,769,2080,-1311
113000161,292,912,-620
113000162,909,705,204
113000163,177,100,77
113000164,37,144,-107
113000166,122,137,-15
113000167,52,227,-175
113000168,82,263,-181
113000169,196,114,82
113000170,119,157,-38
113000171,79,109,-30
113000172,261,104,157
113000173,65,33,32
113000174,112,845,-733
113000175,464,229,235
113000176,566,269,297
113000177,214,770,-556
113000178,275,582,-307
113000179,413,268,145
113000180,1409,2540,-1131
113000181,1335,1316,19
113000182,333,1185,-852
113000183,335,920,-585
113000184,47,190,-143
113000189,820,1362,-542
113000190,1843,943,900
113000192,3848,2138,1710
113000193,10841,1401,9440
113000194,4690,1529,3161
113000195,6231,967,5264
113000196,294,200,94
113000197,4374,1835,2539
113000198,87,538,-451
113000199,2293,783,1510
113000201,2302,297,2005
113000202,6829,8473,-1644
113000203,830,296,534
113000204,3705,2574,1131
113000205,85,67,18
113000206,25,51,-26
113000207,167,46,121
113000208,81,65,16
113000209,74,39,35
113000210,6,45,-39
113000211,553,321,232
113000212,507,23,484
113000213,77,487,-410
113000214,315,590,-275
113000234,222,1843,-1621
113000410,465,465,0
113000411,4499,8037,-3538
113000412,13986,3922,10064
113000413,6391,4688,1703
113000414,12914,20950,-8036
113000415,3878,5605,-1727
113000416,14355,7662,6693
113000417,5115,6858,-1743
113000418,5630,4472,1158
113000419,2597,3583,-986
113000420,5697,8216,-2519
113000421,6399,9825,-3426
113000422,21416,18191,3225
113000423,4224,7379,-3155
113000424,6150,16804,-10654
113000425,34,221,-187
113000428,325,174,151
113000430,67,560,-493
113000432,3413,288,3125
113000433,126,1262,-1136
113000434,44,282,-238
113000435,29,986,-957
113000436,48,1971,-1923
113000437,959,19,940
113000438,333,32,301
113000439,15,252,-237
113000440,132,44,88
113000441,165,378,-213
113000442,170,310,-140
113000443,168,512,-344
113000444,188,360,-172
113000445,126,211,-85
113000446,34,156,-122
113000448,432,536,-104
113000449,513,1438,-925
113000450,1710,10287,-8577
113000451,2313,362,1951
113000452,745,1103,-358
113000453,92,453,-361
113000454,3807,31,3776
113000455,14,264,-250
113000456,6337,4082,2255
113000468,4439,419,4020
113000469,1229,459,770
113000470,1114,161,953
113000471,40,1009,-969
113000472,237,475,-238
113000474,566,1162,-596
113000475,2197,3478,-1281
113000476,1440,2777,-1337
113000477,3637,3128,509
113000478,6087,9882,-3795
113000479,123,388,-265
113000480,281,163,118
113000481,0,0,0
113000482,0,0,0
113000483,0,0,0
113000484,0,1,-1
113000485,8,0,8
113000486,12,0,12
113000487,5,1,4
113000488,0,3,-3
113000489,1,5,-4
113000490,0,20,-20
113000491,16,22,-6
113000492,7,0,7
113000493,2,0,2
113000495,233,265,-32
113000496,81,136,-55
113000500,0,8,-8
113900001,5,481,-476
113900002,2,321,-319
113900003,0,283,-283
113900004,0,164,-164
113900005,2,137,-135
113900006,9,64,-55
113900007,420,38,382
113900008,840,2,838
113900009,1401,3,1398
113900010,781,22,759
113900011,91,1,90
113900012,52,3,49
113900013,2906,45,2861
113900014,877,3,874
113900015,0,79,-79
113900016,53,0,53
113900017,5,96,-91
113900018,631,260,371
113900019,138,95,43
113900020,155,1,154
113900022,33,1,32
113900023,26,0,26
113900024,38,116,-78
113900025,476,60,416
113900026,110,0,110
113900027,8,150,-142
113900028,39,701,-662
113900029,69,412,-343
113900030,268,4,264
113900031,20,0,20
113900032,26,0,26
113900033,62,146,-84
113900035,94,3,91
113900036,28,192,-164
113900037,167,785,-618
113900038,62,174,-112
113900039,194,16,178
113900040,8,15,-7
113900041,13,5,8
113900042,123,68,55
113900043,347,201,146
113900044,326,244,82
113900045,115,4,111
113900046,364,877,-513
113900047,76,200,-124
113900048,359,94,265
113900049,1106,540,566
113900050,320,700,-380
113900051,422,722,-300
113900052,225,219,6
113900053,834,867,-33
113900054,69,3,66
113900055,179,678,-499
113900056,99,247,-148
113900057,21,244,-223
113900058,122,289,-167
113900059,460,557,-97
113900060,213,310,-97
113900061,1575,327,1248
113900062,144,39,105
113900063,154,192,-38
113900064,38,232,-194
113900065,808,33,775
113900066,467,644,-177
113900067,116,401,-285
113900068,678,638,40
113900069,92,55,37
113900070,304,612,-308
113900071,89,105,-16
113900072,91,239,-148
113900073,417,616,-199
113900074,114,553,-439
113900075,1795,1556,239
113900076,293,15,278
113900077,98,291,-193
113900078,71,79,-8
113900079,3,87,-84
113900080,621,275,346
113900081,58,335,-277
113900082,221,444,-223
113900083,287,945,-658
113900084,413,105,308
113900085,67,414,-347
113900086,36,34,2
113900087,104,311,-207
113900088,65,85,-20
113900089,575,53,522
113900090,800,520,280
113900091,30,71,-41
113900092,41,142,-101
113900093,139,1435,-1296
113900094,504,680,-176
113900095,298,201,97
113900096,323,92,231
113900097,11,166,-155
113900098,983,130,853
113900099,0,178,-178
113900100,0,7,-7
113900101,16,108,-92
113900102,274,185,89
113900103,641,350,291
113900104,229,317,-88
113900105,94,459,-365
113900106,0,176,-176
113900107,7,52,-45
113900108,479,341,138
113900109,648,233,415
113900110,106,12,94
113900111,138,119,19
113900112,174,121,53
113900113,1300,763,537
113900114,2,178,-176
113900115,4,153,-149
113900116,227,208,19
113900117,235,28,207
113900118,442,528,-86
113900119,315,704,-389
113900120,86,40,46
113900121,83,188,-105
113900122,601,2405,-1804
113900123,764,267,497
113900124,2,110,-108
113900125,2239,215,2024
113900126,217,75,142
113900127,319,956,-637
113900128,211,88,123
113900129,32,206,-174
113900130,7,45,-38
113900131,294,145,149
113900132,101,80,21
113900133,13,54,-41
113900135,476,855,-379
113900136,157,138,19
113900137,614,390,224
113900138,130,313,-183
113900139,803,206,597
113900140,473,461,12
113900141,638,814,-176
113900142,149,127,22
113900143,13,49,-36
113900144,440,376,64
113900145,583,327,256
113900146,170,103,67
113900148,306,495,-189
113900149,289,168,121
113900150,1154,973,181
113900151,499,375,124
113900152,39,95,-56
113900153,528,898,-370
113900154,4,252,-248
113900155,285,196,89
113900156,336,869,-533
113900157,49,404,-355
113900158,780,615,165
113900159,41,364,-323
113900160,793,897,-104
113900161,136,303,-167
113900162,901,1281,-380
113900163,463,368,95
113900164,402,109,293
113900165,1192,709,483
113900166,372,308,64
113900167,250,70,180
113900168,252,182,70
113900169,519,583,-64
113900171,202,94,108
113900172,28,288,-260
113900173,59,1066,-1007
113900174,773,1016,-243
113900175,437,235,202
113900176,393,1105,-712
113900177,670,351,319
113900178,518,211,307
113900179,29,965,-936
113900180,211,168,43
113900181,1212,185,1027
113900182,1007,1399,-392
113900183,116,120,-4
113900184,17,1060,-1043
113900185,245,125,120
113900186,55,84,-29
113900187,60,199,-139
113900188,72,300,-228
113900189,453,146,307
113900190,502,142,360
113900191,239,381,-142
113900192,11,765,-754
113900193,22,343,-321
113900194,3235,1714,1521
113900195,481,715,-234
113900196,1,176,-175
113900197,3,390,-387
113900198,39,226,-187
113900199,255,1169,-914
113900200,20,457,-437
113900201,3,328,-325
113900202,74,549,-475
113900203,1,230,-229
113900204,57,892,-835
113900205,20,285,-265
113900206,8,189,-181
113900207,1,112,-111
113900208,0,73,-73
113900209,0,106,-106
113900210,908,1406,-498
113900211,311,114,197
113900212,254,921,-667
113900214,654,654,0
113900215,103,275,-172
113900216,142,1616,-1474
113900217,51,353,-302
113900218,166,110,56
113900219,184,738,-554
113900220,335,182,153
113900221,782,290,492
113900222,404,888,-484
113900223,176,1419,-1243
113900224,186,111,75
113900225,997,409,588
113900226,482,237,245
113900227,615,380,235
113900228,478,608,-130
113900229,80,1258,-1178
113900230,7033,5006,2027
113900231,280,348,-68
113900232,118,156,-38
113900233,107,110,-3
113900234,551,717,-166
113900235,150,44,106
113900236,173,585,-412
113900237,201,17,184
113900238,508,845,-337
113900239,248,132,116
113900240,17,218,-201
113900241,259,123,136
113900242,85,277,-192
113900243,164,743,-579
113900244,788,284,504
113900245,2104,414,1690
113900246,32,28,4
113900247,210,529,-319
113900248,4962,2756,2206
113900249,1779,534,1245
113900250,102,232,-130
113900251,756,320,436
113900252,550,23,527
113900253,1002,80,922
113900254,1068,238,830
113900255,444,51,393
113900256,413,37,376
113900257,42,1113,-1071
113900258,28,904,-876
113900259,583,369,214
113900260,247,36,211
113900261,21,114,-93
113900262,199,982,-783
113900263,298,949,-651
113900264,14,778,-764
113900265,278,423,-145
113900266,49,378,-329
113900267,230,640,-410
113900268,475,593,-118
113900269,101,271,-170
113900270,549,630,-81
113900271,804,1838,-1034
113900273,163,15,148
113900274,71,17,54
113900275,46,70,-24
113900276,3,334,-331
113900277,163,3,160
113900278,387,267,120
113900279,114,134,-20
113900280,1788,706,1082
113900281,803,1860,-1057
113900282,1409,883,526
113900283,606,717,-111
113900284,1241,320,921
113900285,175,50,125
113900286,165,187,-22
113900287,54,240,-186
113900288,2,188,-186
113900289,1930,141,1789
113900290,679,239,440
113900291,162,345,-183
113900292,19,20,-1
113900293,11,459,-448
113900294,533,62,471
113900295,648,566,82
113900296,3710,610,3100
113900297,2351,88,2263
113900298,19,2158,-2139
113900299,47,248,-201
113900300,8417,5170,3247
113900301,1518,593,925
113900302,3481,1350,2131
113900303,957,492,465
113900304,2,220,-218
113900305,99,1,98
113900306,40,0,40
113900307,132,3,129
113900308,154,179,-25
113900309,3,1479,-1476
113900310,0,19,-19
113900311,5,1,4
113900312,211,258,-47
113900313,22,18,4
114000001,1540,6423,-4883
114000002,254,830,-576
114000003,35,547,-512
114000004,370,576,-206
114000005,256,417,-161
114000006,4055,3968,87
114000007,918,2349,-1431
114000008,2180,2270,-90
114000009,879,292,587
114000011,3697,5775,-2078
114000012,3304,4358,-1054
114000013,2040,3434,-1394
114000014,534,631,-97
114000015,2010,760,1250
114000016,298,540,-242
114000017,247,370,-123
114000018,853,107,746
114000026,2028,2570,-542
114000027,3502,3347,155
114000028,3527,4049,-522
114000038,305,232,73
114000039,173,145,28
114000040,93,276,-183
114000042,241,314,-73
114000043,98,286,-188
114000044,133,94,39
114000045,90,125,-35
114000046,4319,7792,-3473
114000047,43,147,-104
114000048,211,68,143
114000049,2310,2261,49
114000050,2447,3142,-695
114000051,4022,2850,1172
114000052,5041,2116,2925
114000053,124,826,-702
114000054,222,2007,-1785
114000055,418,56,362
114000056,1872,1093,779
114000057,15371,3934,11437
114000058,966,1920,-954
114000059,492,392,100
114000060,1277,1330,-53
114000061,6265,3261,3004
114000062,4252,1978,2274
114000063,4326,2707,1619
114000064,10044,5439,4605
114000065,2835,4497,-1662
114000066,576,927,-351
114000067,76,938,-862
114000068,545,962,-417
114000069,1900,1003,897
114000070,3509,2458,1051
114000071,1089,950,139
114000072,519,622,-103
114000073,18,193,-175
114000074,40,23,17
114000075,48,232,-184
114000076,18,269,-251
114000077,23,87,-64
114000078,291,1392,-1101
114000079,139,56,83
114000080,131,170,-39
114000081,96,103,-7
114000082,95,833,-738
114000083,88,405,-317
114000084,359,119,240
114000085,138,1188,-1050
114000086,292,842,-550
114000087,129,343,-214
114000088,69,120,-51
114000089,2645,760,1885
114000090,1161,1161,0
114000091,2766,1333,1433
114000092,1485,850,635
114000093,1620,1265,355
114000094,561,674,-113
114000095,402,159,243
114000096,198,626,-428
114000097,152,1169,-1017
114000098,615,118,497
114000099,637,1303,-666
114000100,1533,1386,147
114000101,419,1450,-1031
114000102,551,501,50
114000103,210,718,-508
114000104,56,601,-545
114000105,176,153,23
114000106,1984,1119,865
114000107,286,151,135
114000108,4027,1823,2204
114000109,591,1262,-671
114000110,811,2692,-1881
114000111,1872,1077,795
114000112,547,2758,-2211
114000113,1318,671,647
114000114,1584,2247,-663
114000115,2501,1140,1361
114000116,835,852,-17
114000117,3269,619,2650
114000118,2753,716,2037
114000119,2036,657,1379
114000120,999,1330,-331
114000121,641,1114,-473
114000122,668,420,248
114000123,1982,478,1504
114000124,1638,499,1139
114000125,1071,2582,-1511
114000126,2458,301,2157
114000127,257,274,-17
114000128,1161,847,314
114000130,676,848,-172
114000131,297,179,118
114000132,765,1117,-352
114000133,1318,2430,-1112
114000134,86,323,-237
114000138,111,341,-230
114000139,684,297,387
114000144,1049,672,377
114000145,129,283,-154
114000146,174,487,-313
114000147,1580,2270,-690
114000148,3306,2639,667
114000149,486,380,106
114000150,1200,1083,117
114000151,1620,1536,84
114000152,223,43,180
114000153,1206,2555,-1349
114000154,1403,1183,220
114000155,2091,3433,-1342
114000156,1792,800,992
114000157,424,1615,-1191
114000158,2838,1168,1670
114000159,299,549,-250
114000160,184,326,-142
114000161,2716,3584,-868
114000162,1509,2888,-1379
114000163,21,199,-178
114000165,692,279,413
114000166,1176,449,727
114000167,7060,1970,5090
114000168,1143,970,173
114000169,3450,1428,2022
114000170,1495,1110,385
114000171,1334,2483,-1149
114000174,372,698,-326
114000176,1232,597,635
114000177,3522,1239,2283
114000178,44,105,-61
114000179,1931,1266,665
114000180,840,1038,-198
114000181,2540,4655,-2115
114000182,11465,3797,7668
114000183,1337,1199,138
114000184,757,2323,-1566
114000185,1605,1322,283
114000189,899,133,766
114000190,2813,409,2404
114000191,45,110,-65
114000192,429,2739,-2310
114000193,1120,4748,-3628
114000194,1829,1676,153
114000195,229,47,182
114000196,6,483,-477
114000197,1416,103,1313
114000198,1820,617,1203
114000199,3127,2000,1127
114000200,823,3309,-2486
114000201,440,1458,-1018
114000202,1622,1077,545
114000203,670,1282,-612
114000204,181,680,-499
114000205,363,2499,-2136
114000206,846,2049,-1203
114000207,892,3491,-2599
114000208,663,5271,-4608
114000209,842,4480,-3638
114000210,444,2329,-1885
114000211,1312,2602,-1290
114000212,1294,1168,126
114000213,1744,1027,717
114000214,97,265,-168
114000215,234,141,93
114000216,2094,651,1443
114000217,262,557,-295
114000218,153,432,-279
114000219,1558,500,1058
114000220,35,1970,-1935
114000221,946,247,699
114000222,277,1768,-1491
114000223,675,211,464
114000224,158,1253,-1095
114000225,307,842,-535
114000226,166,374,-208
114000227,1006,673,333
114000228,995,1401,-406
114000229,1431,1958,-527
114000230,2335,2010,325
114000231,1224,2105,-881
114000232,806,219,587
114000233,2494,212,2282
114000234,1532,1434,98
114000235,1479,2438,-959
114000236,0,856,-856
114000237,157,1587,-1430
114000238,209,461,-252
114000239,328,2136,-1808
114000240,970,1026,-56
114000241,295,1544,-1249
114000242,1224,1490,-266
114000243,2632,1206,1426
114000244,1242,488,754
114000245,566,905,-339
114000246,272,53,219
114000247,1317,1018,299
114000248,1420,958,462
114000249,661,882,-221
114000250,667,920,-253
114000251,424,569,-145
114000252,82,187,-105
114000253,71,472,-401
114000254,27,152,-125
114000255,1452,357,1095
114000256,3805,2223,1582
114000257,653,2489,-1836
114000258,501,685,-184
114000259,180,448,-268
114000260,0,45,-45
114000261,81,66,15
114000262,221,230,-9
114000263,27,5,22
114000264,1320,962,358
114000265,8,15,-7
114000267,3,2522,-2519
114000268,5,2420,-2415
114000270,331,19,312
114000271,824,136,688
114000283,1343,680,663
114000285,86,416,-330
114000288,114,540,-426
114000289,1444,192,1252
114000293,197,795,-598
114000294,240,383,-143
114000395,2479,94,2385
114000396,468,657,-189
114000402,518,483,35
114000403,439,947,-508
114000405,148,899,-751
114000423,432,691,-259
114000424,480,309,171
114000425,624,802,-178
114000426,537,1301,-764
114000427,78,182,-104
114000428,295,175,120
114000429,49,300,-251
114000432,120,213,-93
114000434,51,162,-111
114000435,8,289,-281
114000436,7336,1754,5582
114000437,721,3182,-2461
114900001,801,1971,-1170
114900002,825,151,674
114900003,620,3096,-2476
114900004,281,501,-220
114900005,619,1345,-726
114900006,67,120,-53
114900007,267,22,245
114900008,224,155,69
114900010,3571,2658,913
114900011,240,208,32
114900013,263,228,35
114900015,108,515,-407
114900018,1254,53,1201
114900020,309,99,210
114900022,3,1111,-1108
114900024,437,166,271
114900025,465,393,72
114900026,48,157,-109
114900027,270,344,-74
114900029,33,28,5
114900030,367,416,-49
114900031,375,30,345
114900032,346,47,299
114900033,2607,783,1824
114900034,79,279,-200
114900035,162,494,-332
114900036,400,1240,-840
114900037,147,278,-131
114900038,272,1163,-891
114900039,625,826,-201
114900040,76,421,-345
114900041,711,793,-82
114900042,841,1103,-262
114900043,1331,504,827
114900044,167,47,120
114900046,133,205,-72
114900047,323,2104,-1781
114900048,100,405,-305
114900049,18,338,-320
114900050,35,887,-852
114900051,41,799,-758
114900052,109,354,-245
114900053,179,449,-270
114900054,71,228,-157
114900057,289,11,278
114900058,0,119,-119
114900059,89,56,33
114900060,1964,1012,952
114900061,156,202,-46
114900062,479,461,18
114900063,100,333,-233
114900064,1366,836,530
114900065,403,969,-566
114900067,78,544,-466
114900068,119,298,-179
114900069,298,261,37
114900070,554,929,-375
114900072,10,453,-443
114900073,2,328,-326
114900074,623,1304,-681
114900075,291,6,285
114900076,20,559,-539
114900080,4254,654,3600
114900082,5580,2325,3255
114900083,1820,1537,283
114900090,400,371,29
114900091,242,299,-57
114900095,657,156,501
114900096,616,1046,-430
114900097,149,1,148
114900098,7,396,-389
114900099,215,3,212
115000001,12482,8873,3609
115000002,5668,5457,211
115000003,6931,6489,442
115000004,5516,7412,-1896
115000005,2975,4356,-1381
115000006,1604,2462,-858
115000007,153,363,-210
115000008,908,751,157
115000009,392,645,-253
115000010,530,208,322
115000013,129,292,-163
115000015,74,527,-453
115000016,345,388,-43
115000019,59,797,-738
115000020,309,901,-592
115000021,368,839,-471
115000022,824,562,262
115000023,469,922,-453
115000024,1681,762,919
115000025,1222,995,227
115000026,211,626,-415
115000027,334,411,-77
115000028,322,1199,-877
115000029,837,254,583
115000030,1016,1458,-442
115000031,1670,628,1042
115000032,5,369,-364
115000033,218,46,172
115000034,183,1543,-1360
115000035,1432,100,1332
115000036,0,496,-496
115000037,795,15,780
115000038,67,240,-173
115000039,4845,4070,775
115000040,9835,5076,4759
115000041,1888,4501,-2613
115000042,1625,1220,405
115000043,4605,3610,995
115000044,5074,6631,-1557
115000045,4139,3479,660
115000046,2705,3958,-1253
115000047,2319,2837,-518
115000048,2065,4544,-2479
115000049,2261,5688,-3427
115000050,4390,3037,1353
115000051,3017,3954,-937
115000052,4272,3187,1085
115000053,2139,2424,-285
115000054,924,1985,-1061
115000055,182,655,-473
115000056,229,461,-232
115000057,750,694,56
115000058,193,208,-15
115000059,232,171,61
115000061,428,152,276
115000062,455,430,25
115000063,333,573,-240
115000064,308,193,115
115000065,168,518,-350
115000067,365,45,320
115000069,132,543,-411
115000070,83,1848,-1765
115000071,201,25,176
115000072,24,92,-68
115000073,2547,78,2469
115000075,124,118,6
115000076,6905,4834,2071
115000077,2516,4628,-2112
115000078,1494,2688,-1194
115000079,1789,3424,-1635
115000080,3131,4266,-1135
115000081,565,1457,-892
115000082,4857,5544,-687
115000083,2841,4229,-1388
115000084,2433,2031,402
115000085,980,1509,-529
115000086,1373,1715,-342
115000087,718,2422,-1704
115000088,2719,1061,1658
115000089,2245,2167,78
115000090,1071,1381,-310
115000091,572,1598,-1026
115000092,444,443,1
115000093,698,0,698
115000094,13270,7343,5927
115000095,10046,7101,2945
115000096,923,3017,-2094
115000097,926,1202,-276
115000098,1180,1312,-132
115000099,2756,5461,-2705
115000100,1274,867,407
115000101,629,2314,-1685
115000102,725,403,322
115000103,475,1250,-775
115000105,68,283,-215
115000106,606,447,159
115000107,262,854,-592
115000108,6050,3699,2351
115000109,8665,5190,3475
115000110,2091,1745,346
115000111,996,2897,-1901
115000112,978,972,6
115000113,948,1437,-489
115000114,2478,1354,1124
115000116,5984,2889,3095
115000117,5960,3887,2073
115000118,3061,2602,459
115000119,3065,3109,-44
115000120,820,1732,-912
115000121,2149,1614,535
115000122,5804,3400,2404
115000123,2860,3080,-220
115000124,1416,1755,-339
115000125,886,830,56
115000126,369,391,-22
115000127,786,256,530
115000128,1389,1111,278
115000129,634,416,218
115000130,525,1450,-925
115000131,1054,518,536
115000132,220,746,-526
115000133,742,612,130
115000134,572,346,226
115000135,603,366,237
115000136,350,324,26
115000137,214,235,-21
115000138,255,376,-121
115000139,382,378,4
115000140,306,322,-16
115000141,300,459,-159
115000142,190,485,-295
115000143,763,881,-118
115000144,703,151,552
115000145,396,707,-311
115000146,877,441,436
115000147,1313,826,487
115000148,540,2239,-1699
115000149,1004,423,581
115000150,1148,2150,-1002
115000151,1319,889,430
115000152,1128,2330,-1202
115000153,2359,940,1419
115000154,1051,579,472
115000155,1254,2014,-760
115000156,2866,1038,1828
115000157,2318,1524,794
115000158,1657,659,998
115000159,1714,847,867
115000160,1054,1201,-147
115000161,923,919,4
115000162,1156,1089,67
115000163,1004,817,187
115000164,1035,761,274
115000165,778,654,124
115000167,355,98,257
115000168,1690,499,1191
115000169,2089,512,1577
115000170,345,173,172
115000171,705,278,427
115000172,2975,873,2102
115000173,793,852,-59
115000174,239,359,-120
115000175,428,128,300
115000176,379,173,206
115000177,277,168,109
115000178,57,473,-416
115000179,102,47,55
115000180,229,1315,-1086
115000181,743,218,525
115000182,932,715,217
115000183,369,1609,-1240
115000186,900,404,496
115000187,272,1260,-988
115000188,641,1015,-374
115000189,448,656,-208
115000190,1582,996,586
115000191,768,886,-118
115000194,290,222,68
115000195,460,418,42
115000196,211,236,-25
115000197,272,546,-274
115000198,370,372,-2
115000199,343,353,-10
115000200,385,192,193
115000201,226,604,-378
115000206,531,145,386
115000207,166,683,-517
115000208,818,1188,-370
115000209,935,460,475
115000210,188,176,12
115000211,415,433,-18
115000212,3419,450,2969
115000224,659,139,520
115000225,84,118,-34
115000229,407,243,164
115000230,108,827,-719
115000231,431,3930,-3499
115000232,1779,464,1315
115000233,269,312,-43
115000234,53,365,-312
115000241,80,354,-274
115000242,124,537,-413
115000243,58,408,-350
115000244,7,176,-169
115000246,60,39,21
115000247,42,21,21
115000248,19,19,0
115000249,63,44,19
115000250,770,94,676
115000251,307,283,24
115000252,116,320,-204
115000253,20,572,-552
115000258,346,424,-78
115000259,462,253,209
115000261,19,34,-15
115000262,18,35,-17
115000263,11,67,-56
115000264,21,71,-50
115000267,137,155,-18
115000268,37,178,-141
115000269,220,94,126
115000270,17,33,-16
115000272,90,266,-176
115000273,396,46,350
115000280,3300,264,3036
115000281,1070,703,367
115000282,2860,900,1960
115000284,459,270,189
115000296,1216,16,1200
115000297,770,165,605
115000298,313,433,-120
115000300,260,320,-60
115000302,539,329,210
115000303,824,268,556
115000304,910,201,709
115000305,121,1571,-1450
115000306,230,810,-580
115000307,140,347,-207
115000308,84,38,46
115000309,19,57,-38
115000310,1267,1374,-107
115000311,913,2404,-1491
115000313,164,1188,-1024
115000314,478,201,277
115000315,1419,493,926
115000316,51,109,-58
115000317,197,1037,-840
115000318,1237,556,681
115000319,136,413,-277
115000320,21,520,-499
115000321,790,19,771
115000322,77,380,-303
115000449,455,477,-22
115000557,174,1429,-1255
115000558,623,105,518
115000587,735,644,91
115000588,4430,5612,-1182
115000589,5173,4000,1173
115000590,1617,2316,-699
115000591,2133,1352,781
115000592,1291,2860,-1569
115000593,2416,1225,1191
115000594,1303,3301,-1998
115000609,139,211,-72
115000617,3249,4655,-1406
115000624,325,109,216
115000633,647,3627,-2980
115000634,5263,1627,3636
115000635,766,164,602
115000638,1846,1332,514
115000641,104,191,-87
115000642,586,484,102
115000643,147,825,-678
115000644,201,646,-445
115000646,1137,1984,-847
115000647,209,883,-674
115000648,1823,3026,-1203
115000893,4782,2461,2321
115000894,191,1903,-1712
115000895,701,1204,-503
115000896,1746,557,1189
115000897,838,190,648
115000898,1960,445,1515
115000899,1324,1792,-468
115000900,299,791,-492
115000901,117,207,-90
115000912,452,186,266
115000913,4,59,-55
115000915,74,4,70
115000916,41,0,41
115000917,0,5,-5
115000918,170,862,-692
115000919,36,28,8
115000920,175,134,41
115000921,2351,458,1893
115000922,2560,1340,1220
115000923,1072,1195,-123
115000925,163,110,53
115000927,35,63,-28
115000933,545,197,348
115000934,246,287,-41
115000935,155,171,-16
115900001,56,83,-27
115900002,131,316,-185
115900003,261,188,73
115900004,1,104,-103
115900005,202,13,189
115900006,235,650,-415
115900008,75,18,57
115900009,103,479,-376
115900010,291,309,-18
115900011,505,415,90
115900012,164,111,53
115900013,614,274,340
115900014,140,243,-103
115900015,92,143,-51
115900016,85,58,27
115900017,10,1,9
115900018,207,117,90
115900019,2192,67,2125
115900020,44,1,43
115900021,2579,183,2396
115900022,2027,32,1995
115900023,41,10,31
115900025,72,449,-377
115900026,1301,438,863
115900027,2,460,-458
115900028,947,132,815
115900029,20,636,-616
115900030,84,28,56
115900031,612,405,207
115900032,598,1338,-740
115900033,2,54,-52
115900034,32,753,-721
115900035,61,28,33
115900036,215,823,-608
115900037,95,641,-546
115900038,147,14,133
115900039,241,440,-199
115900041,566,636,-70
115900042,56,8,48
115900043,170,201,-31
115900044,436,385,51
115900046,270,386,-116
115900047,154,140,14
115900049,166,376,-210
115900051,2,127,-125
115900052,6,307,-301
115900053,252,423,-171
115900054,171,72,99
115900055,20,201,-181
115900056,234,593,-359
115900057,106,23,83
115900058,32,88,-56
115900060,112,257,-145
115900061,276,1,275
115900062,57,359,-302
115900063,50,11,39
115900064,214,533,-319
115900065,148,193,-45
115900066,291,276,15
115900067,14,1116,-1102
115900068,4522,947,3575
115900069,78,367,-289
115900070,235,331,-96
115900071,1,812,-811
115900072,72,309,-237
115900073,81,76,5
115900074,1,455,-454
115900075,37,392,-355
115900076,3,87,-84
115900077,26,412,-386
115900078,47,177,-130
115900079,219,29,190
115900080,781,443,338
115900081,27,98,-71
115900082,202,215,-13
115900084,414,50,364
115900085,118,115,3
115900086,2529,788,1741
115900088,41,104,-63
115900089,263,885,-622
115900090,247,54,193
115900091,39,57,-18
115900092,48,255,-207
115900093,14,83,-69
115900094,7,535,-528
115900096,8,32,-24
115900097,13,688,-675
115900098,179,851,-672
115900099,121,77,44
115900100,20,863,-843
115900101,132,640,-508
115900102,57,105,-48
115900103,329,439,-110
115900104,40,228,-188
115900105,228,1117,-889
115900106,56,52,4
115900107,70,220,-150
115900108,86,82,4
115900109,58,678,-620
115900110,1,29,-28
115900111,4,97,-93
115900112,53,1538,-1485
115900113,33,50,-17
115900114,2,210,-208
115900115,80,239,-159
115900116,112,1540,-1428
115900117,55,37,18
115900118,2,423,-421
115900119,439,165,274
115900120,40,564,-524
115900121,197,414,-217
115900124,321,776,-455
115900125,321,40,281
115900126,783,105,678
115900127,748,92,656
115900128,11,102,-91
115900129,963,60,903
115900130,27,247,-220
115900131,491,41,450
115900132,613,7,606
115900134,326,17,309
115900135,681,1257,-576
115900137,36,5,31
115900139,118,123,-5
115900140,214,50,164
115900141,24,72,-48
115900142,35,42,-7
115900143,250,555,-305
115900144,89,404,-315
115900146,16,212,-196
115900147,431,371,60
115900148,78,10,68
115900149,88,42,46
115900150,57,63,-6
115900151,23,132,-109
115900152,182,576,-394
115900153,221,461,-240
115900154,1176,438,738
115900155,0,103,-103
115900156,800,1068,-268
115900157,189,722,-533
115900158,64,13,51
115900159,158,406,-248
115900160,7,8,-1
115900161,88,346,-258
115900163,228,209,19
115900164,672,52,620
115900165,2,212,-210
115900166,308,400,-92
115900168,144,234,-90
115900171,202,722,-520
115900172,100,176,-76
115900173,333,200,133
115900174,606,266,340
115900175,141,338,-197
115900178,13,1053,-1040
115900179,247,26,221
115900180,65,464,-399
115900181,165,335,-170
115900182,421,455,-34
115900183,168,54,114
115900184,2250,66,2184
115900187,31,163,-132
115900189,4,246,-242
115900190,839,1870,-1031
115900191,57,673,-616
115900192,29,92,-63
115900193,166,157,9
115900194,796,105,691
115900195,906,2175,-1269
115900198,276,483,-207
115900199,182,372,-190
115900200,319,524,-205
115900201,562,362,200
115900202,0,31,-31
115900203,8,12,-4
115900204,0,5,-5
115900205,101,32,69
115900206,145,236,-91
115900207,36,43,-7
115900208,169,425,-256
115900209,11,170,-159
115900210,2,190,-188
115900211,6,346,-340
115900212,125,350,-225
115900213,220,85,135
115900214,350,398,-48
115900215,44,106,-62
115900216,2,146,-144
115900217,6,79,-73
115900218,2,71,-69
115900219,64,13,51
115900220,146,16,130
115900221,98,25,73
115900222,43,38,5
115900223,23,266,-243
115900224,2438,976,1462
115900225,95,46,49
115900226,5,63,-58
115900227,14,94,-80
115900228,11,68,-57
115900229,4,104,-100
115900230,75,187,-112
115900231,196,8,188
115900232,68,1,67
115900233,86,30,56
115900234,89,41,48
115900235,22,57,-35
115900236,126,32,94
115900237,25,39,-14
115900238,42,30,12
115900239,16,42,-26
115900240,6,69,-63
115900241,186,187,-1
115900242,325,511,-186
115900243,12,8,4
115900244,9,21,-12
115900245,84,12,72
115900246,25,7,18
115900247,34,9,25
115900248,21,10,11
115900249,17,20,-3
115900250,22,53,-31
115900251,1,11,-10
115900252,3,8,-5
115900253,18,20,-2
115900254,46,41,5
115900255,12,41,-29
115900256,29,51,-22
115900257,10,3,7
115900258,0,2,-2
115900259,7,1,6
115900260,24,7,17
115900261,11,4,7
115900262,2,1,1
115900263,12,7,5
115900264,23,9,14
115900265,3,18,-15
115900266,6,33,-27
115900267,8,14,-6
115900268,9,9,0
115900269,443,703,-260
115900270,496,1186,-690
115900271,74,0,74
115900272,33,4,29
115900273,11,14,-3
115900274,1,18,-17
115900275,1,65,-64
115900276,3,99,-96
115900277,1,128,-127
115900278,32,165,-133
115900279,8,267,-259
115900280,24,383,-359
115900281,591,149,442
116000001,19328,9192,10136
116000002,6877,15138,-8261
116000003,2418,2608,-190
116000004,4730,4598,132
116000005,7550,5391,2159
116000006,6928,2335,4593
116000007,5012,6516,-1504
116000008,5476,3286,2190
116000009,2691,3870,-1179
116000010,2407,1877,530
116000011,1217,3013,-1796
116000012,1303,1185,118
116000013,29274,8223,21051
116000014,28454,18945,9509
116000015,949,2417,-1468
116000016,13323,6525,6798
116000017,49,1129,-1080
116000018,946,805,141
116000019,1652,568,1084
116000020,815,2057,-1242
116000021,868,501,367
116000022,517,766,-249
116000023,2242,1258,984
116000024,984,1894,-910
116000025,1853,992,861
116000026,2770,3711,-941
116000027,1616,1010,606
116000028,734,1326,-592
116000029,1643,1128,515
116000030,911,702,209
116000031,265,440,-175
116000032,816,410,406
116000033,653,819,-166
116000034,1290,1671,-381
116000035,823,1427,-604
116000036,3046,1008,2038
116000037,1249,1138,111
116000038,1292,696,596
116000039,1156,435,721
116000040,2973,446,2527
116000041,543,598,-55
116000042,814,372,442
116000043,91,738,-647
116000044,33,86,-53
116000045,3437,2223,1214
116000046,2604,2255,349
116000047,3726,4531,-805
116000048,3777,2738,1039
116000049,1508,3528,-2020
116000050,1917,2693,-776
116000051,6651,3392,3259
116000052,6242,7172,-930
116000053,3311,1798,1513
116000054,1516,3994,-2478
116000055,893,2205,-1312
116000056,819,1761,-942
116000057,6443,3271,3172
116000058,5694,3784,1910
116000059,4745,10093,-5348
116000060,3800,1343,2457
116000061,965,1765,-800
116000062,1760,310,1450
116000063,1452,2014,-562
116000066,373,908,-535
116000067,349,832,-483
116000068,599,525,74
116000069,495,742,-247
116000078,541,1513,-972
116000080,2162,1583,579
116000082,12,135,-123
116000083,1610,610,1000
116000084,3286,5831,-2545
116000085,2737,2042,695
116000086,3140,1824,1316
116000087,1745,1871,-126
116000088,1365,2069,-704
116000089,245,150,95
116000090,207,255,-48
116000091,351,218,133
116000093,1008,1430,-422
116000094,1046,1057,-11
116000095,1013,1587,-574
116000096,1024,2135,-1111
116000097,1014,1711,-697
116000098,278,8509,-8231
116000099,17772,641,17131
116000100,170,18,152
116000101,780,2170,-1390
116000102,406,2624,-2218
116000103,590,444,146
116000104,286,2950,-2664
116000105,1374,328,1046
116000106,851,1767,-916
116000107,3034,702,2332
116000108,617,286,331
116000111,193,28,165
116000113,112,107,5
116000114,30,199,-169
116000115,325,131,194
116000116,364,755,-391
116000117,1784,3157,-1373
116000118,1450,2386,-936
116000119,3131,2655,476
116000120,3609,7255,-3646
116000121,960,850,110
116000122,1790,2960,-1170
116000123,1050,714,336
116000124,441,1509,-1068
116000125,2917,1141,1776
116000126,453,2174,-1721
116000127,1413,2225,-812
116000128,2048,1474,574
116000129,1242,284,958
116000130,608,533,75
116000133,998,1639,-641
116000134,2315,3966,-1651
116000135,2641,2213,428
116000136,1528,3045,-1517
116000137,1244,1196,48
116000138,1218,795,423
116000139,2766,3266,-500
116000140,304,394,-90
116000141,550,1490,-940
116000142,5583,5381,202
116000143,2365,2727,-362
116000144,1961,4169,-2208
116000145,2010,2408,-398
116000146,448,567,-119
116000147,805,284,521
116000148,806,671,135
116000149,808,872,-64
116000151,1167,1210,-43
116000153,124,1076,-952
116000155,463,527,-64
116000156,1036,1958,-922
116000157,63,24,39
116000158,702,653,49
116000159,16,13,3
116000160,25,239,-214
116000161,13,250,-237
116000162,163,175,-12
116000163,49,23,26
116000164,41,31,10
116000177,379,211,168
116000194,178,678,-500
116000195,3180,1017,2163
116000196,14,15,-1
116000197,10,15,-5
116000198,6516,2133,4383
116000200,1234,646,588
116000201,1077,1143,-66
116000202,16,470,-454
116000203,4,172,-168
116000204,19,74,-55
116000205,0,210,-210
116000206,1,146,-145
116000207,3,44,-41
116000233,322,1272,-950
116000287,200,807,-607
116000288,250,451,-201
116000292,145,258,-113
116000296,24,226,-202
116000297,89,28,61
116000304,137,42,95
116000305,11,159,-148
116000346,314,265,49
116000352,262,72,190
116000354,330,30,300
116000357,82,28,54
116000358,271,63,208
116000361,166,4,162
116000372,16139,5497,10642
116000381,186,5,181
116000388,0,57,-57
116000389,1241,941,300
116000445,327,873,-546
116000446,614,1649,-1035
116000447,21,589,-568
116000448,1007,528,479
116000563,1637,1503,134
116000565,90,524,-434
116000568,92,310,-218
116000579,43,162,-119
116000584,54,17,37
116000585,42,27,15
116000586,418,235,183
116000587,754,917,-163
116000589,27,97,-70
116000590,82,110,-28
116000591,203,504,-301
116000592,25,167,-142
116000593,0,65,-65
116000594,703,678,25
116000595,831,233,598
116000596,100,11,89
116000597,260,84,176
116000598,13,271,-258
116000602,115,1086,-971
116000605,539,305,234
116000606,72,313,-241
116000607,6,92,-86
116000609,297,1116,-819
116000611,157,774,-617
116000612,793,2954,-2161
116000613,606,567,39
116000614,652,1097,-445
116000615,3,309,-306
116000616,95,204,-109
116000617,105,213,-108
116000618,2,257,-255
116000619,42,69,-27
116000620,93,99,-6
116000621,64,183,-119
116000622,58,271,-213
116000624,189,117,72
116000627,15,51,-36
116000628,50,625,-575
116000629,16,867,-851
116000630,283,38,245
116000631,83,80,3
116000632,374,449,-75
116000633,46,1040,-994
116000634,368,48,320
116000635,3902,2417,1485
116900001,304,245,59
116900002,364,4,360
116900003,39,143,-104
116900004,53,83,-30
116900005,251,66,185
116900006,201,255,-54
116900007,217,335,-118
116900008,367,610,-243
116900009,33,8,25
116900010,2,2568,-2566
116900011,20,89,-69
116900012,235,362,-127
116900013,7,353,-346
116900014,86,386,-300
116900015,432,113,319
116900016,197,1,196
116900017,4,1229,-1225
116900018,75,111,-36
116900019,31,670,-639
116900020,2318,1065,1253
116900023,143,22,121
116900024,594,90,504
116900025,1220,1387,-167
116900026,341,1279,-938
116900027,42,95,-53
116900028,11,238,-227
116900029,3,71,-68
116900031,1,12,-11
116900032,14,557,-543
116900033,13,19,-6
116900034,19,108,-89
116900035,223,430,-207
116900036,4,150,-146
116900038,40,1,39
116900041,67,45,22
116900042,1075,321,754
116900043,15,184,-169
116900045,586,67,519
116900047,113,113,0
116900049,52,525,-473
116900050,181,816,-635
116900051,130,428,-298
116900052,441,100,341
116900055,1,11,-10
116900057,30,488,-458
116900058,64,804,-740
116900059,1,307,-306
116900060,528,310,218
116900062,1,19,-18
116900064,77,1515,-1438
116900065,18,247,-229
116900067,134,186,-52
116900068,185,484,-299
116900070,0,4,-4
116900072,28,686,-658
116900073,16,374,-358
116900074,19,90,-71
116900076,18,32,-14
116900077,10,270,-260
116900078,354,205,149
116900079,55,686,-631
116900080,16,43,-27
116900081,502,2528,-2026
116900082,559,1283,-724
116900083,55,129,-74
116900084,576,68,508
116900085,32,230,-198
116900086,43,416,-373
116900088,560,140,420
116900090,191,86,105
116900091,274,119,155
116900092,106,1452,-1346
116900093,2291,4077,-1786
116900094,9336,6286,3050
116900095,666,225,441
116900096,154,472,-318
116900097,8043,3699,4344
116900098,1258,409,849
116900099,1083,947,136
116900100,988,48,940
116900101,485,1088,-603
116900103,3,2,1
116900104,59,135,-76
116900105,506,102,404
116900106,1535,961,574
116900107,6942,2954,3988
116900110,15,0,15
116900111,407,1677,-1270
116900112,289,2090,-1801
116900113,5131,1584,3547
116900116,195,500,-305
116900117,76,161,-85
116900118,1177,1110,67
116900120,257,184,73
116900121,67,79,-12
116900122,712,1303,-591
116900123,218,1375,-1157
116900124,251,1926,-1675
116900125,363,431,-68
116900126,472,976,-504
116900128,0,47,-47
116900129,3,535,-532
116900130,1769,4518,-2749
116900131,129,259,-130
116900132,44,85,-41
116900133,158,155,3
116900134,318,272,46
116900136,306,279,27
116900137,773,249,524
116900138,238,302,-64
116900139,96,643,-547
116900140,204,238,-34
116900141,762,480,282
116900142,10,65,-55
116900143,337,606,-269
116900144,38,75,-37
116900145,306,468,-162
116900147,1358,444,914
116900148,3,47,-44
116900149,42,285,-243
116900150,17,12,5
116900151,55,20,35
116900153,108,125,-17
116900154,1036,639,397
116900155,123,111,12
116900157,577,464,113
116900158,648,320,328
116900159,66,489,-423
116900160,1721,643,1078
116900161,14997,8101,6896
116900162,47,172,-125
116900163,186,264,-78
116900164,129,66,63
116900165,322,195,127
116900166,40,164,-124
116900167,539,88,451
116900168,475,166,309
116900169,1649,519,1130
116900170,411,629,-218
116900171,45,389,-344
116900172,370,282,88
116900173,230,92,138
116900174,43,44,-1
116900175,788,284,504
116900178,32,295,-263
116900179,176,293,-117
116900180,130,25,105
116900182,611,481,130
116900183,208,171,37
116900185,35,48,-13
116900186,133,542,-409
116900187,69,44,25
116900188,222,41,181
116900189,138,0,138
116900191,434,830,-396
116900192,307,318,-11
116900194,143,1151,-1008
116900195,33,28,5
116900196,21,180,-159
116900197,106,13,93
116900198,407,253,154
116900200,33,54,-21
116900201,106,13,93
116900202,188,95,93
116900203,156,14,142
116900204,71,137,-66
116900206,8,42,-34
116900207,35,52,-17
116900208,18,184,-166
116900209,33,184,-151
116900210,727,456,271
116900211,328,11,317
116900212,40,149,-109
116900213,231,299,-68
116900214,166,156,10
116900215,60,127,-67
116900216,685,392,293
116900218,11,615,-604
116900219,1452,593,859
116900220,125,355,-230
116900221,69,488,-419
116900222,519,646,-127
116900223,164,417,-253
116900226,124,153,-29
116900227,226,111,115
116900228,509,496,13
116900230,62,612,-550
116900231,28,853,-825
116900232,15,832,-817
116900233,333,143,190
116900234,28,18,10
116900235,188,447,-259
116900238,1997,599,1398
116900239,18,2118,-2100
116900240,12092,4838,7254
116900241,115,242,-127
116900242,542,658,-116
116900243,29,214,-185
116900245,56,32,24
116900246,156,22,134
116900247,603,26,577
116900248,141,64,77
116900249,366,224,142
116900250,354,77,277
116900251,743,577,166
116900252,89,1684,-1595
116900253,230,138,92
116900254,18,154,-136
116900255,145,93,52
116900256,360,224,136
116900257,42,955,-913
116900258,9,431,-422
116900259,211,27,184
116900260,2,269,-267
116900261,35,2,33
116900262,224,222,2
116900263,0,33,-33
116900264,0,7,-7
116900265,53,2,51
116900266,10,96,-86
116900267,4,3,1
116900268,262,5,257
116900269,575,1015,-440
116900271,2583,265,2318
116900272,609,928,-319
116900273,735,73,662
116900274,130,119,11
116900275,168,223,-55
116900276,1201,121,1080
116900277,1021,26,995
116900278,9,17,-8
116900279,0,34,-34
116900280,29,73,-44
116900281,13886,5140,8746
116900282,6,224,-218
116900283,14,222,-208
116900284,15,404,-389
116900285,614,609,5
116900286,344,26,318
116900287,7,139,-132
116900288,55,211,-156
116900289,9,53,-44
116900290,1,86,-85
116900291,13,16,-3
116900292,0,7,-7
116900293,22,94,-72
116900294,50,211,-161
116900295,982,60,922
116900296,228,99,129
116900297,9,162,-153
116900298,304,42,262
116900299,296,61,235
116900300,10,208,-198
116900301,233,143,90
116900302,163,92,71
116900303,1111,96,1015
116900304,0,271,-271
116900305,46,137,-91
116900306,150,115,35
117000001,3175,2864,311
117000002,3517,8676,-5159
117000003,14532,5080,9452
117000004,7607,9781,-2174
117000005,3268,2617,651
117000006,1980,7368,-5388
117000007,5165,1985,3180
117000008,2129,8818,-6689
117000009,7112,2953,4159
117000010,4270,8290,-4020
117000011,2927,3311,-384
117000012,2119,2860,-741
117000013,3141,1943,1198
117000014,2443,4183,-1740
117000015,7062,2061,5001
117000016,2035,50,1985
117000017,1363,224,1139
117000018,528,719,-191
117000019,653,10,643
117000020,805,2594,-1789
117000021,4433,1079,3354
117000022,1310,72,1238
117000023,1687,236,1451
117000024,1655,115,1540
117000025,4392,705,3687
117000026,10141,1212,8929
117000027,4060,3180,880
117000028,7232,2237,4995
117000030,1591,1149,442
117000031,618,366,252
117000032,3632,2061,1571
117000033,3502,2613,889
117000034,650,611,39
117000035,402,429,-27
117000036,588,734,-146
117000037,421,311,110
117000038,605,1229,-624
117000039,681,556,125
117000040,220,1825,-1605
117000041,939,233,706
117000044,59,1803,-1744
117000045,772,86,686
117000046,849,1091,-242
117000047,1247,914,333
117000048,3513,2800,713
117000049,290,1590,-1300
117000050,256,3884,-3628
117000051,2659,242,2417
117000052,50,770,-720
117000053,415,161,254
117000054,1990,5,1985
117000055,29,6184,-6155
117000056,872,22,850
117000057,961,3970,-3009
117000060,605,3100,-2495
117000061,3070,1788,1282
117000062,406,929,-523
117000063,3433,1454,1979
117000064,1337,1537,-200
117000066,2169,1602,567
117000067,347,643,-296
117000074,241,422,-181
117000076,129,95,34
117000077,180,191,-11
117000078,195,1159,-964
117000079,616,410,206
117000080,3,662,-659
117000081,1877,193,1684
117000082,20,101,-81
117000083,229,10,219
117000084,722,3,719
117000085,324,1026,-702
117000086,1703,1091,612
117000087,127,884,-757
117000088,410,456,-46
117000089,1926,511,1415
117000090,370,2500,-2130
117000091,921,563,358
117000092,546,2691,-2145
117000093,1499,1048,451
117000094,1669,5023,-3354
117000095,4173,1335,2838
117000096,882,4595,-3713
117000097,1599,1951,-352
117000098,4174,8980,-4806
117000099,3840,1758,2082
117000100,199,366,-167
117000101,285,2254,-1969
117000102,1899,994,905
117000103,1171,3148,-1977
117000104,1701,984,717
117000105,1346,3002,-1656
117000106,1591,1490,101
117000107,806,3454,-2648
117000108,1908,1590,318
117000109,3255,4437,-1182
117000110,1925,1289,636
117000111,5859,8569,-2710
117000112,4420,3872,548
117000113,213,500,-287
117000114,278,358,-80
117000115,160,284,-124
117000116,157,424,-267
117000117,3558,1201,2357
117000118,827,209,618
117000119,844,229,615
117000120,1131,588,543
117000121,336,1932,-1596
117000122,1354,2777,-1423
117000123,4928,37,4891
117000124,1699,77,1622
117000125,1828,117,1711
117000126,155,47,108
117000127,460,623,-163
117000128,773,1402,-629
117000129,1256,115,1141
117000130,249,16,233
117000131,1,71,-70
117000132,3266,81,3185
117000133,1440,271,1169
117000134,0,71,-71
117000135,12,34,-22
117000136,0,45,-45
117000137,141,105,36
117000138,1,1025,-1024
117000140,645,2962,-2317
117000141,1874,1136,738
117000181,1333,326,1007
117000182,353,537,-184
117000195,318,2224,-1906
117000196,252,119,133
117000225,374,5,369
117000226,16,246,-230
117000276,281,35,246
117000277,6,896,-890
117000310,3935,5024,-1089
117000315,61,2472,-2411
117000320,225,0,225
117000906,344,21,323
117000907,16,668,-652
117000908,296,24,272
117000909,199,70,129
117000910,246,248,-2
117000911,141,390,-249
117000915,11,1187,-1176
117000916,71,21,50
117000917,1183,47,1136
117000918,103,137,-34
117000919,6,270,-264
117000920,6,2523,-2517
117000921,4,2681,-2677
117000922,94,324,-230
117000924,1609,1131,478
117000926,1521,105,1416
117000927,3636,928,2708
117000928,0,257,-257
117000929,257,1009,-752
117000930,252,35,217
117000931,759,222,537
117900002,524,748,-224
117900003,1110,792,318
117900005,20,313,-293
117900006,0,31,-31
117900007,344,306,38
117900008,0,47,-47
117900010,781,183,598
117900011,72,23,49
117900012,75,287,-212
117900013,1,617,-616
117900014,1369,268,1101
117900015,46,274,-228
117900016,3000,1061,1939
117900017,903,622,281
117900018,438,54,384
117900019,577,674,-97
117900020,78,535,-457
117900021,44,170,-126
117900022,35,26,9
117900023,822,863,-41
117900024,93,179,-86
117900025,65,12,53
117900026,391,669,-278
117900028,325,22,303
117900029,366,1547,-1181
117900030,589,451,138
117900031,742,139,603
117900032,1222,696,526
117900033,237,1337,-1100
117900034,84,89,-5
117900035,249,106,143
117900036,298,907,-609
117900037,124,170,-46
117900038,38,677,-639
117900039,5,136,-131
117900040,157,978,-821
117900041,4,90,-86
117900042,8482,1007,7475
117900043,75,85,-10
117900044,85,5599,-5514
117900045,312,246,66
117900048,248,387,-139
117900049,220,974,-754
117900050,18,93,-75
117900051,178,9,169
117900052,97,502,-405
117900053,1620,988,632
117900054,1,35,-34
117900055,190,549,-359
117900056,692,58,634
117900057,1610,2161,-551
117900058,343,27,316
117900059,1021,136,885
117900060,1939,8966,-7027
117900061,26,455,-429
117900063,579,440,139
117900065,1159,2133,-974
117900066,17,78,-61
117900067,502,502,0
117900069,1133,777,356
117900070,559,10,549
117900071,221,307,-86
117900073,486,782,-296
117900074,705,21,684
117900075,163,203,-40
117900076,56,75,-19
117900077,350,240,110
117900078,383,909,-526
117900080,587,95,492
117900081,744,865,-121
117900082,428,523,-95
117900083,482,1116,-634
117900086,242,86,156
117900087,161,120,41
117900088,4040,4259,-219
117900089,2298,801,1497
117900090,862,1223,-361
117900091,423,264,159
117900092,94,66,28
117900093,83,175,-92
117900094,47,24,23
117900095,701,814,-113
117900096,118,432,-314
117900097,230,167,63
117900098,16,8,8
117900099,331,582,-251
117900100,207,6,201
117900101,784,2155,-1371
117900102,93,110,-17
117900103,58,3,55
117900104,42,217,-175
117900105,208,469,-261
117900106,108,77,31
117900107,26,0,26
117900109,648,442,206
117900110,67,1,66
117900111,501,28,473
117900112,77,33,44
117900113,10617,3257,7360
117900114,18,1,17
117900115,363,115,248
117900116,1309,1980,-671
117900117,620,608,12
117900118,67,3,64
117900119,166,454,-288
117900120,204,219,-15
117900121,145,30,115
117900122,2306,3936,-1630
117900123,1451,1043,408
117900124,1113,1251,-138
117900125,2097,1794,303
117900126,379,1166,-787
117900127,820,1166,-346
117900128,444,1466,-1022
117900129,111,2,109
117900130,1693,782,911
117900131,1,187,-186
117900132,10,172,-162
117900133,9,155,-146
117900134,94,325,-231
117900135,24,258,-234
117900136,1,93,-92
117900137,102,532,-430
117900138,2,70,-68
117900139,83,205,-122
117900140,9355,884,8471
117900141,793,363,430
117900142,122,77,45
117900144,218,110,108
117900145,31,116,-85
117900146,722,183,539
117900147,110,136,-26
117900148,6620,1800,4820
117900149,78,273,-195
117900150,76,197,-121
117900151,117,184,-67
117900152,182,175,7
117900153,77,194,-117
117900154,809,1228,-419
117900156,1356,1764,-408
117900157,224,751,-527
117900158,276,210,66
117900160,786,723,63
117900161,4100,4395,-295
117900162,580,807,-227
117900163,322,44,278
117900165,0,20,-20
117900166,183,653,-470
117900168,23,328,-305
117900169,2,260,-258
117900170,2,91,-89
117900171,4,42,-38
117900172,17,57,-40
117900173,276,104,172
117900174,99,92,7
117900175,2,103,-101
117900176,11,136,-125
117900177,20,100,-80
117900178,207,54,153
117900180,506,80,426
117900181,372,447,-75
117900182,0,49,-49
117900183,109,264,-155
117900184,26,81,-55
117900185,42,59,-17
117900186,51,24,27
117900187,21,37,-16
117900188,343,81,262
117900189,99,32,67
117900190,16,3,13
117900191,152,13,139
117900192,336,1,335
117900193,13,157,-144
117900194,13,10,3
117900195,22,81,-59
117900196,25,56,-31
117900207,251,218,33
117900208,72,58,14
117900209,214,303,-89
117900210,172,348,-176
117900211,21,403,-382
117900212,174,317,-143
117900213,40,20,20
117900214,8,90,-82
117900215,45,47,-2
117900216,155,42,113
117900217,223,260,-37
117900218,367,601,-234
117900219,16,125,-109
117900220,348,162,186
117900222,103,258,-155
117900223,96,308,-212
118000001,1787,1063,724
118000002,2463,4057,-1594
118000003,7628,3287,4341
118000004,7145,3023,4122
118000005,9483,7734,1749
118000006,11935,17532,-5597
118000007,16321,4934,11387
118000008,12033,6735,5298
118000009,4160,5804,-1644
118000010,6367,6726,-359
118000011,1790,4591,-2801
118000012,2685,4615,-1930
118000013,6275,5472,803
118000014,2916,5286,-2370
118000016,361,632,-271
118000017,415,749,-334
118000018,695,753,-58
118000019,4138,2230,1908
118000020,3528,3356,172
118000021,2476,4206,-1730
118000022,5044,1299,3745
118000023,2566,455,2111
118000024,4079,1626,2453
118000027,28747,17696,11051
118000029,1902,1278,624
118000032,2221,7156,-4935
118000033,4980,6551,-1571
118000034,9444,3651,5793
118000035,2726,3767,-1041
118000036,3769,1650,2119
118000037,2023,1583,440
118000038,226,161,65
118000039,192,941,-749
118000040,2944,2943,1
118000041,4626,2805,1821
118000045,1641,321,1320
118000046,4345,911,3434
118000047,7801,957,6844
118000048,13000,2712,10288
118000051,6608,2220,4388
118000052,5355,1102,4253
118000053,3514,2306,1208
118000054,4318,6352,-2034
118000055,3583,7201,-3618
118000056,439,674,-235
118000057,351,1373,-1022
118000058,12736,2566,10170
118000059,10250,1350,8900
118000060,2374,1109,1265
118000061,1432,2837,-1405
118000062,818,728,90
118000063,848,825,23
118000064,2088,1986,102
118000065,8768,4318,4450
118000066,1858,2314,-456
118000067,2323,1265,1058
118000068,4690,7494,-2804
118000069,7237,2377,4860
118000070,12642,3852,8790
118000071,6775,13933,-7158
118000072,6709,1596,5113
118000073,5896,892,5004
118000074,933,792,141
118000075,1087,518,569
118000076,4097,2628,1469
118000077,3065,2083,982
118000078,4339,2902,1437
118000079,577,793,-216
118000080,2502,1562,940
118000081,3687,1503,2184
118000082,625,1752,-1127
118000083,3740,2401,1339
118000084,4665,2710,1955
118000086,621,801,-180
118000087,10443,4252,6191
118000088,3508,3506,2
118000089,6308,3806,2502
118000090,3869,5757,-1888
118000091,3075,4610,-1535
118000092,2020,841,1179
118000093,193,1345,-1152
118000096,1295,1000,295
118000097,1783,1109,674
118000098,506,380,126
118000099,798,1539,-741
118000101,1335,549,786
118000102,523,2231,-1708
118000107,5289,930,4359
118000108,1289,4263,-2974
118000110,0,35,-35
118000111,1,883,-882
118000112,563,2,561
118000113,3,1682,-1679
118000114,474,17,457
118000115,31,32,-1
118000116,78,1,77
118000117,3067,1538,1529
118000118,2744,1064,1680
118000119,1744,1709,35
118000120,3208,2336,872
118000121,167,762,-595
118000122,2382,399,1983
118000123,125,388,-263
118000125,3929,1918,2011
118000126,2734,2271,463
118000127,4810,1313,3497
118000128,1615,2039,-424
118000129,2755,712,2043
118000130,5001,7724,-2723
118000131,1688,1729,-41
118000132,3463,2597,866
118000133,2265,831,1434
118000135,1561,665,896
118000136,178,806,-628
118000137,2754,175,2579
118000138,619,1311,-692
118000139,790,189,601
118000140,4105,7117,-3012
118000141,2805,3581,-776
118000142,2404,3390,-986
118000143,2481,2048,433
118000144,2572,1915,657
118000145,2433,4167,-1734
118000146,1783,1906,-123
118000147,1430,2726,-1296
118000148,570,2379,-1809
118000149,1181,1936,-755
118000150,554,502,52
118000151,483,811,-328
118000153,1638,2298,-660
118000154,1553,2871,-1318
118000155,1527,2617,-1090
118000156,4883,4183,700
118000157,905,781,124
118000158,311,807,-496
118000159,71,148,-77
118000160,620,780,-160
118000161,726,1399,-673
118000162,1730,1456,274
118000163,1130,1327,-197
118000164,4693,2563,2130
118000168,2864,668,2196
118000169,1873,2592,-719
118000170,6613,10909,-4296
118000171,483,1152,-669
118000172,146,672,-526
118000173,1433,2304,-871
118000175,384,602,-218
118000176,461,794,-333
118000177,315,834,-519
118000178,228,89,139
118000179,2615,1904,711
118000180,1508,1489,19
118000181,1415,762,653
118000182,468,498,-30
118000183,359,539,-180
118000184,925,1783,-858
118000185,1684,1577,107
118000186,1248,1614,-366
118000187,1824,1316,508
118000188,1383,379,1004
118000189,789,1573,-784
118000190,43,16,27
118000191,25,83,-58
118000192,453,410,43
118000193,340,868,-528
118000194,5161,2351,2810
118000195,2829,1212,1617
118000196,2154,239,1915
118000197,798,169,629
118000198,1369,947,422
118000199,2902,844,2058
118000200,168,436,-268
118000201,1481,771,710
118000202,143,126,17
118000203,3112,667,2445
118000204,491,495,-4
118000205,484,498,-14
118000206,476,317,159
118000207,0,157,-157
118000208,1824,3002,-1178
118000209,2517,2920,-403
118000210,75,63,12
118000211,39,55,-16
118000213,3766,1983,1783
118000214,1329,1174,155
118000215,466,974,-508
118000216,3273,9445,-6172
118000217,44,200,-156
118000218,93,176,-83
118000219,1004,877,127
118000220,3,39,-36
118000221,189,565,-376
118000222,140,24,116
118000223,57,65,-8
118000224,616,169,447
118000225,242,1386,-1144
118000226,3067,260,2807
118000227,1438,641,797
118000228,299,339,-40
118000229,927,106,821
118000230,202,401,-199
118000231,163,365,-202
118000232,1182,1753,-571
118000233,1293,1482,-189
118000234,562,446,116
118000236,823,630,193
118000237,101,983,-882
118000238,379,399,-20
118000239,451,613,-162
118000240,873,231,642
118000241,327,524,-197
118000242,535,1254,-719
118000243,335,346,-11
118000244,47,226,-179
118000246,0,14,-14
118000255,69,448,-379
118000256,138,444,-306
118000259,11,121,-110
118000260,489,195,294
118000261,57,211,-154
118000263,172,412,-240
118000266,156,743,-587
118000267,0,119,-119
118000268,1592,14,1578
118000270,77,77,0
118000271,177,590,-413
118000272,212,67,145
118000273,153,156,-3
118000274,136,587,-451
118000276,547,607,-60
118000295,7,146,-139
118000298,265,703,-438
118000299,89,276,-187
118000301,0,120,-120
118000302,147,145,2
118000311,425,203,222
118000312,307,372,-65
118000313,93,359,-266
118000314,151,165,-14
118000315,74,107,-33
118000316,951,1047,-96
118000325,61,143,-82
118000326,37,76,-39
118000331,35,94,-59
118000332,18,71,-53
118000333,55,133,-78
118000335,297,0,297
118000336,0,489,-489
118000407,226,131,95
118000457,6,36,-30
118000465,4998,7399,-2401
118000480,57,255,-198
118000489,96,684,-588
118000490,93,852,-759
118000492,277,355,-78
118000510,125,22,103
118000514,238,647,-409
118000515,1469,1291,178
118000517,745,403,342
118000524,1302,311,991
118000525,1407,1455,-48
118000530,37,244,-207
118000531,313,456,-143
118000532,359,533,-174
118000533,754,276,478
118000534,1207,699,508
118000535,318,193,125
118000536,1306,2702,-1396
118000537,182,210,-28
118000538,78,275,-197
118000539,100,369,-269
118000540,665,436,229
118000541,801,116,685
118000542,288,374,-86
118000543,693,363,330
118000546,48,33,15
118000560,5599,2483,3116
118000562,40,598,-558
118000563,4265,2587,1678
118000576,159,350,-191
118000577,285,181,104
118000578,230,186,44
118000579,1155,1923,-768
118000595,258,119,139
118000596,0,81,-81
118000597,118,230,-112
118000598,33,2,31
118000599,37,72,-35
118000600,0,86,-86
118000601,22,0,22
118000602,0,78,-78
118000603,1,54,-53
118900001,1931,2180,-249
118900002,1766,1509,257
118900003,313,25,288
118900004,148,126,22
118900005,83,2,81
118900006,130,8,122
118900007,6,3,3
118900008,2292,66,2226
118900009,55,58,-3
118900010,71,6,65
118900011,203,63,140
118900012,605,431,174
118900013,912,89,823
118900015,248,113,135
118900016,7,38,-31
118900017,326,320,6
118900018,1620,38,1582
118900019,56,41,15
118900020,286,144,142
118900021,288,618,-330
118900022,182,107,75
118900023,395,209,186
118900024,149,256,-107
118900025,160,52,108
118900026,81,129,-48
118900027,798,521,277
118900028,302,332,-30
118900029,366,688,-322
118900030,360,193,167
118900031,212,186,26
118900032,297,298,-1
118900033,1288,806,482
118900034,263,33,230
118900035,217,351,-134
118900036,1189,1461,-272
118900037,936,433,503
118900038,452,371,81
118900039,648,379,269
118900040,272,337,-65
118900041,728,283,445
118900042,256,214,42
118900045,382,283,99
118900046,1570,421,1149
118900047,1413,488,925
118900048,1394,219,1175
118900049,93,81,12
118900050,19,226,-207
118900051,122,115,7
118900052,819,370,449
118900053,68,184,-116
118900054,172,154,18
118900055,80,170,-90
118900056,44,426,-382
118900057,884,599,285
118900058,950,583,367
118900059,30,166,-136
118900060,118,210,-92
118900062,285,351,-66
118900064,944,1090,-146
118900065,54,411,-357
118900066,161,154,7
118900067,8655,4871,3784
118900068,11,1272,-1261
118900069,502,536,-34
118900071,8,125,-117
118900072,724,728,-4
118900073,83,226,-143
118900074,166,300,-134
118900075,68,156,-88
118900076,752,105,647
118900077,308,322,-14
118900078,27,4,23
118900079,78,363,-285
118900080,21,168,-147
118900081,122,48,74
118900082,946,264,682
118900083,23,15,8
118900084,14,26,-12
118900085,989,1782,-793
118900086,41,141,-100
118900087,55,365,-310
118900088,1,27,-26
118900089,67,18,49
118900090,762,846,-84
118900091,255,410,-155
118900092,125,142,-17
118900093,188,11,177
118900096,73,20,53
118900097,314,1144,-830
118900099,76,566,-490
118900100,247,352,-105
118900101,113,1249,-1136
118900102,43,109,-66
118900103,54,168,-114
118900104,58,89,-31
118900105,332,248,84
118900107,338,190,148
118900108,130,163,-33
118900110,2513,1210,1303
118900111,661,1002,-341
118900112,159,201,-42
118900113,203,1200,-997
118900114,35,140,-105
118900115,162,686,-524
118900116,160,326,-166
118900117,127,319,-192
118900118,250,678,-428
118900119,223,423,-200
118900120,171,529,-358
118900121,31,376,-345
118900122,21,1489,-1468
118900123,201,394,-193
118900124,138,469,-331
118900126,40,595,-555
118900129,452,362,90
118900130,52,191,-139
118900131,172,410,-238
118900132,1081,353,728
118900133,35,156,-121
118900135,271,426,-155
118900136,321,1184,-863
118900137,11,30,-19
118900139,309,1011,-702
118900140,598,1233,-635
118900141,119,371,-252
118900144,295,834,-539
118900145,65,271,-206
118900146,461,1306,-845
118900147,727,188,539
118900148,89,117,-28
118900150,237,877,-640
118900152,701,1602,-901
118900157,232,308,-76
118900158,98,144,-46
118900159,1,310,-309
118900161,294,11,283
118900163,363,150,213
118900164,8,194,-186
118900165,87,436,-349
118900166,34,2,32
118900167,163,189,-26
118900168,8,145,-137
118900169,167,796,-629
118900170,196,280,-84
118900171,26,32,-6
118900174,98,139,-41
118900175,453,735,-282
118900176,176,411,-235
118900177,69,94,-25
118900178,93,271,-178
118900179,13,92,-79
118900181,173,171,2
118900182,236,66,170
118900183,55,204,-149
118900184,370,117,253
118900185,106,236,-130
118900186,121,156,-35
118900187,258,544,-286
118900188,472,485,-13
118900189,43,1182,-1139
118900190,29,962,-933
118900191,181,100,81
118900192,227,33,194
118900193,565,15,550
118900195,504,1662,-1158
118900196,46,333,-287
118900197,215,112,103
118900198,21,54,-33
118900199,74,92,-18
118900200,26,31,-5
118900201,36,31,5
118900202,15,112,-97
118900203,11,66,-55
118900204,31,62,-31
118900205,6,14,-8
118900206,4,44,-40
119000001,1939,2875,-936
119000002,4684,6191,-1507
119000003,3047,2596,451
119000004,4528,2927,1601
119000005,4554,4117,437
119000006,3161,2716,445
119000007,5646,5818,-172
119000008,3594,3459,135
119000009,5516,5940,-424
119000010,12245,6173,6072
119000011,8957,4465,4492
119000012,6935,5399,1536
119000013,3291,2152,1139
119000014,4765,5936,-1171
119000019,463,413,50
119000020,2650,2606,44
119000021,5149,3806,1343
119000022,6833,4694,2139
119000023,716,473,243
119000024,3774,14369,-10595
119000025,22324,2396,19928
119000026,334,440,-106
119000027,1069,854,215
119000028,3652,2871,781
119000029,220,454,-234
119000030,787,2306,-1519
119000031,1111,1080,31
119000032,3773,4140,-367
119000033,3382,3501,-119
119000034,1474,1785,-311
119000035,35,563,-528
119000036,1882,1772,110
119000037,1526,3413,-1887
119000038,237,1944,-1707
119000039,327,570,-243
119000040,2431,974,1457
119000041,1836,2227,-391
119000048,5488,5430,58
119000049,2383,4910,-2527
119000050,3135,4741,-1606
119000051,3952,1551,2401
119000052,3093,5569,-2476
119000053,2571,1880,691
119000054,3968,6988,-3020
119000055,4176,5719,-1543
119000056,2658,3467,-809
119000057,1945,4515,-2570
119000058,2896,3974,-1078
119000059,1745,3331,-1586
119000060,2073,1543,530
119000061,1514,1421,93
119000062,1501,2010,-509
119000063,577,558,19
119000064,2451,2858,-407
119000065,3027,5442,-2415
119000066,3307,1552,1755
119000067,2779,4567,-1788
119000068,2016,1682,334
119000069,2023,5019,-2996
119000070,2654,1781,873
119000071,635,1421,-786
119000072,11988,5946,6042
119000073,9102,9709,-607
119000074,1562,5665,-4103
119000075,1864,3932,-2068
119000076,807,1430,-623
119000077,1364,899,465
119000078,634,303,331
119000079,183,1061,-878
119000080,406,368,38
119000081,632,757,-125
119000082,1904,398,1506
119000083,656,584,72
119000084,437,970,-533
119000085,901,483,418
119000086,363,709,-346
119000087,2447,1666,781
119000088,338,317,21
119000089,111,314,-203
119000090,198,258,-60
119000091,185,774,-589
119000092,886,389,497
119000093,6892,5658,1234
119000094,3175,12120,-8945
119000095,1885,5036,-3151
119000097,4690,2958,1732
119000098,1100,3371,-2271
119000099,3455,3866,-411
119000100,4549,3401,1148
119000101,6114,3469,2645
119000102,1180,1435,-255
119000103,2570,866,1704
119000104,5323,2505,2818
119000105,1521,2185,-664
119000106,443,3283,-2840
119000107,859,762,97
119000108,491,1984,-1493
119000109,234,799,-565
119000110,1149,852,297
119000111,147,910,-763
119000112,296,184,112
119000113,4039,486,3553
119000114,1224,1358,-134
119000115,226,395,-169
119000116,206,228,-22
119000117,191,549,-358
119000118,2,8,-6
119000123,10230,1224,9006
119000124,922,384,538
119000125,3516,1553,1963
119000126,531,1364,-833
119000127,725,1362,-637
119000128,64,12,52
119000131,1147,1377,-230
119000132,6,12,-6
119000133,2,6,-4
119000134,5169,1078,4091
119000135,235,268,-33
119000136,207,353,-146
119000137,230,729,-499
119000138,396,516,-120
119000139,352,470,-118
119000140,231,500,-269
119000284,1903,5152,-3249
119000285,3573,4042,-469
119000286,10356,9573,783
119000287,2079,3819,-1740
119000288,3571,2584,987
119000289,4937,6692,-1755
119000290,299,1224,-925
119000291,20,633,-613
119000293,98,349,-251
119000294,35,45,-10
119000295,4149,1026,3123
119000296,160,192,-32
119000302,5502,2370,3132
119000303,92,363,-271
119000314,2255,12486,-10231
119000315,3,870,-867
119000316,99,214,-115
119000317,66,641,-575
119900001,388,1515,-1127
119900002,284,514,-230
119900003,106,1897,-1791
119900004,503,994,-491
119900005,254,191,63
119900006,346,601,-255
119900007,1235,192,1043
119900008,119,55,64
119900009,863,835,28
119900010,2638,2264,374
119900011,35,93,-58
119900012,49,118,-69
119900013,2517,1341,1176
119900014,1014,430,584
119900015,141,41,100
119900016,75,153,-78
119900017,33,57,-24
119900018,2840,996,1844
119900019,63,11,52
119900020,188,257,-69
119900021,265,137,128
119900022,213,724,-511
119900023,1545,1514,31
119900025,157,53,104
119900026,1445,202,1243
119900027,30,51,-21
119900028,259,127,132
119900029,0,11,-11
119900030,671,784,-113
119900031,79,330,-251
119900033,2909,360,2549
119900034,371,211,160
119900037,205,89,116
119900038,82,405,-323
119900039,44,4,40
119900040,140,16,124
119900041,177,59,118
119900042,163,318,-155
119900043,93,375,-282
119900044,375,952,-577
119900046,103,109,-6
119900047,318,68,250
119900048,38,57,-19
119900049,171,26,145
119900050,122,170,-48
119900051,658,8,650
119900052,75,96,-21
119900053,184,327,-143
119900054,98,11,87
119900055,1549,657,892
119900057,204,160,44
119900058,246,4,242
119900059,358,68,290
119900060,336,14,322
119900062,61,61,0
119900063,38,95,-57
119900064,548,101,447
119900065,319,5,314
119900066,0,0,0
119900067,103,52,51
119900068,396,2,394
119900069,130,30,100
119900070,875,11,864
119900071,691,30,661
119900073,3103,866,2237
119900074,132,45,87
119900075,9925,3711,6214
119900076,517,693,-176
119900077,861,2067,-1206
119900078,470,1588,-1118
119900079,251,457,-206
119900080,1708,2031,-323
119900081,179,73,106
119900082,1485,548,937
119900083,587,176,411
119900084,1841,429,1412
119900085,296,135,161
119900086,27,97,-70
119900087,2092,602,1490
119900088,61,95,-34
119900089,52,895,-843
119900090,295,126,169
119900091,100,1994,-1894
119900092,43,807,-764
119900093,1497,341,1156
119900094,55,344,-289
119900095,325,187,138
119900096,84,150,-66
119900097,1071,306,765
119900098,90,139,-49
119900099,61,473,-412
119900100,4254,3742,512
119900101,358,2098,-1740
119900102,35,574,-539
119900103,39,819,-780
119900104,55,489,-434
119900105,1870,5391,-3521
119900106,37,368,-331
119900107,667,6223,-5556
119900108,5479,1224,4255
119900109,40,560,-520
119900110,787,1479,-692
119900111,90,600,-510
119900112,4939,1049,3890
119900113,129,602,-473
119900114,340,3243,-2903
119900115,296,2035,-1739
119900116,230,743,-513
119900117,391,1610,-1219
119900118,54,1822,-1768
119900119,339,417,-78
119900120,939,1236,-297
119900121,384,2336,-1952
119900122,715,603,112
119900123,349,530,-181
119900124,272,1919,-1647
119900125,74,699,-625
119900126,10788,586,10202
119900127,4465,1716,2749
119900128,555,1457,-902
119900129,322,1549,-1227
119900130,66,511,-445
119900131,49,600,-551
119900132,0,633,-633
119900133,49,79,-30
119900134,4212,557,3655
119900135,5,988,-983
119900136,236,974,-738
119900138,610,1413,-803
119900139,52,201,-149
119900140,7,314,-307
119900141,235,1122,-887
119900142,45,60,-15
119900143,28,444,-416
119900144,3999,493,3506
119900145,182,368,-186
119900146,239,413,-174
119900147,4,287,-283
119900148,224,82,142
119900149,3742,4904,-1162
119900150,290,317,-27
119900151,3777,1722,2055
119900152,132,978,-846
119900153,176,106,70
119900154,13,572,-559
119900155,42,50,-8
119900156,31,12,19
119900157,136,513,-377
119900158,201,145,56
119900159,8,2793,-2785
119900160,53,353,-300
119900161,221,654,-433
119900162,1221,1291,-70
119900163,313,270,43
119900164,0,0,0
119900165,150,419,-269
119900166,76,57,19
119900167,200,225,-25
119900168,810,743,67
119900169,200,766,-566
119900170,235,316,-81
119900171,1229,851,378
119900172,213,27,186
119900173,8,859,-851
119900174,8,372,-364
119900175,1376,1093,283
119900177,49,390,-341
119900178,29,296,-267
119900179,126,417,-291
119900180,1217,1184,33
119900181,97,133,-36
119900182,8,963,-955
119900183,219,1457,-1238
119900184,5639,1156,4483
119900185,62,245,-183
119900186,242,1060,-818
119900187,21,1069,-1048
119900188,132,563,-431
119900189,636,483,153
119900190,97,303,-206
119900191,499,158,341
119900192,64,330,-266
119900193,398,416,-18
119900194,27,101,-74
119900195,59,531,-472
119900196,2846,769,2077
119900197,417,166,251
119900198,195,638,-443
119900199,236,44,192
119900200,654,953,-299
119900201,520,442,78
119900202,239,226,13
119900203,263,606,-343
119900204,315,553,-238
119900205,693,1117,-424
119900206,126,263,-137
119900208,255,318,-63
119900209,767,1696,-929
119900210,42,102,-60
119900211,197,28,169
119900212,309,698,-389
119900213,9,88,-79
119900214,28,143,-115
119900215,67,108,-41
119900216,8,141,-133
119900217,23,125,-102
119900218,62,176,-114
119900219,21,200,-179
119900220,15,181,-166
119900221,60,614,-554
119900222,40,488,-448
119900223,29,195,-166
119900224,38,64,-26
119900225,1880,101,1779
119900226,1343,2577,-1234
119900227,2053,723,1330
119900228,171,547,-376
119900229,408,962,-554
119900230,2818,1107,1711
119900231,211,315,-104
119900232,353,123,230
119900233,93,4,89
119900234,66,110,-44
119900235,70,121,-51
119900236,24,374,-350
119900237,105,1026,-921
119900238,6,151,-145
119900240,129,223,-94
119900241,243,433,-190
119900242,3120,4536,-1416
119900244,1476,2344,-868
119900245,234,293,-59
119900246,394,730,-336
119900247,40,132,-92
119900248,129,209,-80
119900249,228,137,91
119900253,7338,813,6525
119900254,113,764,-651
119900255,110,819,-709
119900256,547,1805,-1258
119900257,75,3,72
119900258,157,24,133
119900259,6,267,-261
119900260,190,5,185
119900261,332,434,-102
119900262,3,488,-485
119900263,1821,651,1170
119900264,123,433,-310
119900265,660,728,-68
119900266,394,573,-179
119900267,410,752,-342
119900268,220,377,-157
119900269,1331,2583,-1252
119900271,96,174,-78
119900272,622,118,504
119900275,248,29,219
119900276,69,2,67
119900277,12,3,9
119900278,549,145,404
119900279,214,587,-373
119900280,1658,341,1317
119900281,1,179,-178
119900282,80,71,9
119900283,18,526,-508
119900284,103,398,-295
119900285,307,342,-35
119900286,22,46,-24
119900288,6,50,-44
119900289,0,54,-54
119900290,2,55,-53
119900291,2,92,-90
119900292,27,45,-18
119900293,19,120,-101
119900294,41,148,-107
119900295,7,41,-34
119900296,61,426,-365
119900297,1,21,-20
119900298,7,17,-10
119900299,107,390,-283
119900300,380,409,-29
119900301,458,85,373
119900302,223,213,10
119900303,293,397,-104
119900304,224,80,144
119900305,31,192,-161
119900306,25,3,22
119900307,48,325,-277
119900308,21,40,-19
119900309,56,118,-62
119900310,492,561,-69
119900311,56,297,-241
119900312,158,141,17
119900313,326,673,-347
119900314,191,507,-316
119900315,1502,4466,-2964
119900318,21,38,-17
119900319,18,560,-542
119900320,287,1015,-728
119900321,98,8,90
119900322,3,3,0
119900323,0,11,-11
119900324,0,1,-1
119900325,0,43,-43
120000001,16668,21725,-5057
120000002,3322,5162,-1840
120000003,4688,2732,1956
120000004,3794,3393,401
120000005,7245,3325,3920
120000006,1927,1968,-41
120000007,6052,4010,2042
120000008,1453,2331,-878
120000009,7278,1509,5769
120000010,2252,4684,-2432
120000011,1799,3622,-1823
120000012,2167,5089,-2922
120000013,3516,4630,-1114
120000014,980,2853,-1873
120000015,4163,2803,1360
120000016,5120,4653,467
120000017,4155,4048,107
120000018,7816,15283,-7467
120000019,1169,2082,-913
120000020,4812,4697,115
120000021,2659,3730,-1071
120000022,4200,5671,-1471
120000023,1104,2705,-1601
120000024,1995,3508,-1513
120000025,3224,3711,-487
120000026,1927,2998,-1071
120000027,2093,2934,-841
120000028,1805,955,850
120000029,9927,1197,8730
120000030,733,2281,-1548
120000031,3477,18426,-14949
120000032,16349,5951,10398
120000033,5764,3465,2299
120000034,2304,4069,-1765
120000035,2602,4447,-1845
120000036,4114,8025,-3911
120000037,891,2483,-1592
120000038,16171,5538,10633
120000039,826,1422,-596
120000040,185,315,-130
120000041,1740,2950,-1210
120000042,2819,5630,-2811
120000043,6762,4613,2149
120000044,5564,2283,3281
120000045,5946,1684,4262
120000046,2921,3719,-798
120000047,3445,6497,-3052
120000048,14109,6398,7711
120000049,7598,4900,2698
120000050,7967,8454,-487
120000051,5677,9275,-3598
120000052,21273,4138,17135
120000053,1318,5560,-4242
120000054,1859,9335,-7476
120000055,2110,8973,-6863
120000056,4506,7497,-2991
120000057,3294,1141,2153
120000058,3099,544,2555
120000059,85,1614,-1529
120000061,209,1007,-798
120000062,277,497,-220
120000063,2921,4704,-1783
120000064,383,2387,-2004
120000065,908,2996,-2088
120000066,325,797,-472
120000067,112,950,-838
120000068,254,1788,-1534
120000069,1004,2527,-1523
120000070,85,1555,-1470
120000071,390,315,75
120000072,653,790,-137
120000073,851,191,660
120000074,239,106,133
120000075,814,372,442
120000076,2318,692,1626
120000077,2044,988,1056
120000078,4857,1479,3378
120000079,287,218,69
120000080,120,316,-196
120000081,483,223,260
120000082,250,261,-11
120000083,117,640,-523
120000084,716,762,-46
120000085,518,535,-17
120000086,495,859,-364
120000087,220,1666,-1446
120000088,963,2380,-1417
120000089,1496,1240,256
120000090,932,927,5
120000091,1025,1899,-874
120000092,1753,1133,620
120000093,472,869,-397
120000094,160,998,-838
120000095,1369,1032,337
120000096,328,1724,-1396
120000098,1221,1671,-450
120000099,630,1205,-575
120000100,974,1352,-378
120000101,670,771,-101
120000102,667,1137,-470
120000103,1565,879,686
120000104,2164,584,1580
120000105,3259,757,2502
120000106,2330,800,1530
120000107,3699,917,2782
120000108,1187,175,1012
120000109,1477,158,1319
120000110,114,1570,-1456
120000111,183,2092,-1909
120000112,1062,6752,-5690
120000113,761,5050,-4289
120000114,1104,5287,-4183
120000115,475,4422,-3947
120000116,929,3521,-2592
120000117,2239,2609,-370
120000118,92,51,41
120000119,67,148,-81
120000120,94,99,-5
120000121,74,144,-70
120000122,535,488,47
120000123,10655,7810,2845
120000124,520,842,-322
120000125,633,1531,-898
120000126,665,1343,-678
120000127,4364,1560,2804
120000128,9745,4406,5339
120000129,494,546,-52
120000130,1318,1263,55
120000131,400,767,-367
120000134,604,2217,-1613
120000135,464,564,-100
120000137,353,3606,-3253
120000138,864,849,15
120000139,286,1806,-1520
120000140,785,1194,-409
120000141,409,886,-477
120000142,607,1052,-445
120000143,0,186,-186
120000144,107,0,107
120000145,329,5,324
120000146,4766,1919,2847
120000149,753,1787,-1034
120000150,7700,12070,-4370
120000151,590,929,-339
120000152,627,465,162
120000153,363,1763,-1400
120000154,807,891,-84
120000155,143,497,-354
120000156,2846,1408,1438
120000157,1244,1177,67
120000158,1217,1808,-591
120000159,2492,3953,-1461
120000160,2813,2265,548
120000161,2793,4906,-2113
120000162,241,494,-253
120000163,756,2294,-1538
120000164,561,731,-170
120000165,589,1594,-1005
120000166,1382,1050,332
120000167,75,132,-57
120000168,21,401,-380
120000169,116,982,-866
120000170,209,574,-365
120000171,54,189,-135
120000172,70,69,1
120000173,6912,651,6261
120000174,1032,20,1012
120000175,1765,27,1738
120000176,891,34,857
120000177,3250,281,2969
120000178,324,20,304
120000179,815,65,750
120000180,1075,143,932
120000181,229,710,-481
120000182,202,377,-175
120000183,26,358,-332
120000184,272,1362,-1090
120000186,141,201,-60
120000187,182,96,86
120000188,1203,174,1029
120000190,2785,32,2753
120000191,3166,63,3103
120000192,2058,34,2024
120000193,967,12,955
120000195,110,5,105
120000196,408,121,287
120000197,166,436,-270
120000198,195,219,-24
120000199,115,3,112
120000200,144,2,142
120000201,13,32,-19
120000202,1,86,-85
120000203,43,445,-402
120000207,7,139,-132
120000208,18,415,-397
120000209,9,131,-122
120000210,200,143,57
120000211,111,3,108
120000212,119,0,119
120000213,96,535,-439
120000214,5,514,-509
120000215,2,224,-222
120000216,73,14,59
120000217,1165,2120,-955
120000218,310,1416,-1106
120000219,19,1021,-1002
120000220,18,3335,-3317
120000225,1273,3,1270
120000226,331,3,328
120000227,823,70,753
120000228,10641,4187,6454
120000230,416,18,398
120000231,1549,4100,-2551
120000233,342,6,336
120000235,201,1312,-1111
120000236,1059,4,1055
120000237,5,3504,-3499
120000238,8,460,-452
120000241,1678,6659,-4981
120000412,2992,31,2961
120000413,386,759,-373
120000414,131,7,124
120000415,1,317,-316
120000416,179,16,163
120000417,3,207,-204
120000418,156,46,110
120000419,19,802,-783
120000420,113,73,40
120000421,22639,9091,13548
120000422,316,1055,-739
120000423,1,77,-76
120000424,68,225,-157
120000436,177,692,-515
120000437,238,258,-20
120000438,7602,885,6717
120000439,256,564,-308
120000443,169,1,168
120000444,1401,1363,38
120000445,2460,2075,385
120000446,1590,497,1093
120000447,204,9,195
120000449,123,22,101
120000450,6,568,-562
120000451,153,467,-314
120000452,136,7,129
120000453,0,861,-861
120000454,162,90,72
120000455,118,81,37
120000456,4661,5512,-851
120000457,2740,1293,1447
120000458,957,1089,-132
120000459,115,168,-53
120000665,3663,336,3327
120000668,166,582,-416
120000669,85,574,-489
120000670,493,772,-279
120000671,2188,576,1612
120000672,128,708,-580
120900001,51,88,-37
120900002,1453,697,756
120900003,476,87,389
120900004,10,119,-109
120900005,40,2510,-2470
120900006,330,307,23
120900007,189,304,-115
120900008,224,1969,-1745
120900009,493,64,429
120900010,443,118,325
120900011,667,236,431
120900012,1685,1527,158
120900013,388,120,268
120900014,1,1405,-1404
120900015,763,185,578
120900016,815,83,732
120900017,5689,319,5370
120900018,114,899,-785
120900019,769,275,494
120900020,1321,1473,-152
120900021,714,189,525
120900022,52,823,-771
120900023,219,60,159
120900024,2468,711,1757
120900025,3072,1862,1210
120900026,288,363,-75
120900027,1563,95,1468
120900028,347,85,262
120900029,227,412,-185
120900030,1352,889,463
120900031,283,101,182
120900032,983,239,744
120900033,1145,83,1062
120900034,86,4012,-3926
120900035,93,461,-368
120900037,243,7,236
120900038,73,278,-205
120900039,89,65,24
120900040,295,3,292
120900041,253,42,211
120900042,416,113,303
120900043,60,37,23
120900044,6,960,-954
120900045,233,340,-107
120900046,395,1,394
120900047,186,84,102
120900048,71,33,38
120900049,418,0,418
120900050,6254,1989,4265
120900051,316,215,101
120900052,593,4,589
120900053,262,182,80
120900054,2232,1510,722
120900055,353,2,351
120900056,461,20,441
120900057,146,16,130
120900058,483,3,480
120900059,64,5,59
120900060,113,72,41
120900061,312,954,-642
120900062,234,0,234
120900063,468,4,464
120900064,531,4,527
120900065,466,16,450
120900066,331,451,-120
120900067,210,76,134
120900068,191,1,190
120900069,225,88,137
120900071,44,0,44
120900072,641,7,634
120900073,443,345,98
120900074,662,11,651
120900076,331,2,329
120900077,7670,612,7058
120900078,706,1107,-401
120900079,702,198,504
120900080,593,3263,-2670
120900081,1060,1500,-440
120900082,980,565,415
120900083,78,7,71
120900084,328,493,-165
120900085,167,210,-43
120900086,214,342,-128
120900087,524,288,236
120900088,316,495,-179
120900089,7355,2784,4571
120900090,170,389,-219
120900091,745,700,45
120900092,1725,1099,626
120900093,6140,522,5618
120900094,795,401,394
120900095,868,64,804
120900096,76,397,-321
120900097,1030,1560,-530
120900098,353,256,97
120900099,85,134,-49
120900100,134,532,-398
120900101,992,523,469
120900102,47,417,-370
120900103,72,298,-226
120900104,43,80,-37
120900105,57,1128,-1071
120900106,2042,940,1102
120900107,377,233,144
120900108,13,1411,-1398
120900109,49,1194,-1145
120900110,14,1871,-1857
120900111,241,603,-362
120900112,17,2201,-2184
120900113,30,1593,-1563
120900114,28,253,-225
120900115,235,356,-121
120900116,402,1050,-648
120900117,7,978,-971
120900118,14,1409,-1395
120900119,5146,11545,-6399
120900120,97,1161,-1064
120900121,203,829,-626
120900122,507,1247,-740
120900123,1,851,-850
120900124,4,1108,-1104
120900125,9,2092,-2083
120900126,2266,1819,447
120900127,14,858,-844
120900128,1299,1901,-602
120900129,81,569,-488
120900130,16,836,-820
120900131,42,185,-143
120900132,886,682,204
120900133,276,1917,-1641
120900134,883,734,149
120900135,23,1098,-1075
120900136,80,158,-78
120900137,317,187,130
120900138,34,309,-275
120900139,8,1314,-1306
120900140,5,185,-180
120900141,364,247,117
120900142,35,1517,-1482
120900143,3,1459,-1456
120900144,2,325,-323
120900145,156,1253,-1097
120900146,6,1646,-1640
120900147,0,666,-666
120900148,198,331,-133
120900149,1,578,-577
120900150,27,951,-924
120900151,1,1188,-1187
120900152,5,87,-82
120900153,21,135,-114
120900154,7,531,-524
120900155,177,1713,-1536
120900156,81,474,-393
120900157,126,236,-110
120900158,60,813,-753
120900159,78,284,-206
120900160,63,698,-635
120900161,59,925,-866
120900162,47,1006,-959
120900163,57,528,-471
120900164,1,4,-3
120900165,51,11,40
120900166,540,392,148
120900167,683,193,490
120900169,87,1032,-945
120900170,4176,2765,1411
120900171,1877,718,1159
120900172,3521,570,2951
120900173,1,120,-119
120900174,18,226,-208
120900175,394,500,-106
120900176,21,535,-514
120900177,2,1408,-1406
120900178,0,582,-582
120900179,1326,829,497
120900180,329,196,133
120900181,140,125,15
120900182,23,1649,-1626
120900183,416,262,154
120900184,214,168,46
120900185,7,868,-861
120900186,1,835,-834
120900187,670,1511,-841
120900188,158,35,123
120900189,337,1002,-665
120900190,73,40,33
120900191,6,62,-56
120900192,21562,6241,15321
120900194,47,181,-134
120900195,165,427,-262
120900196,1253,56,1197
120900197,568,122,446
120900198,331,981,-650
120900199,525,2961,-2436
120900200,137,229,-92
120900201,905,231,674
120900202,3,380,-377
120900203,42,119,-77
120900204,183,507,-324
120900205,92,173,-81
120900206,18,64,-46
121000001,2268,1875,393
121000002,8471,3876,4595
121000003,6344,3430,2914
121000004,5998,14715,-8717
121000005,3892,5297,-1405
121000006,7205,2933,4272
121000007,6450,4309,2141
121000008,15872,6678,9194
121000009,12015,10464,1551
121000010,19813,14256,5557
121000011,14608,24846,-10238
121000012,27095,21693,5402
121000013,8186,13747,-5561
121000014,11364,13480,-2116
121000015,11066,12547,-1481
121000016,8606,9015,-409
121000017,3577,5994,-2417
121000018,3692,3293,399
121000019,31088,17764,13324
121000020,19640,21078,-1438
121000021,5172,5571,-399
121000022,3704,3513,191
121000023,6520,5707,813
121000024,6114,7368,-1254
121000025,1485,2682,-1197
121000026,612,287,325
121000027,3045,1826,1219
121000028,1500,768,732
121000029,1883,1292,591
121000030,1256,853,403
121000031,1743,1113,630
121000032,395,121,274
121000034,1867,283,1584
121000035,976,155,821
121000036,3060,1583,1477
121000037,1707,884,823
121000038,1569,1504,65
121000039,1393,759,634
121000041,850,780,70
121000042,459,541,-82
121000043,1735,1207,528
121000044,3823,1415,2408
121000045,741,601,140
121000046,870,1400,-530
121000047,137,155,-18
121000049,3455,1041,2414
121000050,594,1961,-1367
121000051,1474,505,969
121000052,699,1032,-333
121000053,1070,203,867
121000054,75,680,-605
121000055,2806,1953,853
121000056,1456,1749,-293
121000057,474,736,-262
121000058,592,186,406
121000059,4130,2201,1929
121000060,787,1435,-648
121000061,849,367,482
121000062,368,508,-140
121000063,1276,885,391
121000064,1329,1466,-137
121000065,1196,647,549
121000066,1053,788,265
121000067,2045,655,1390
121000068,1209,598,611
121000069,1699,1071,628
121000070,3921,1887,2034
121000071,2620,2142,478
121000072,2891,1303,1588
121000073,3771,1249,2522
121000074,445,203,242
121000075,199,406,-207
121000076,2418,779,1639
121000077,290,346,-56
121000078,228,182,46
121000080,4338,1249,3089
121000081,6826,7565,-739
121000082,218,382,-164
121000083,573,232,341
121000084,399,166,233
121000085,527,862,-335
121000086,246,1285,-1039
121000087,108,481,-373
121000088,605,1207,-602
121000089,835,552,283
121000090,1072,599,473
121000091,2700,1484,1216
121000092,237,146,91
121000093,203,364,-161
121000094,744,1344,-600
121000095,601,833,-232
121000096,3207,4937,-1730
121000097,2104,3338,-1234
121000098,753,1837,-1084
121000099,720,1275,-555
121000100,1126,798,328
121000101,408,400,8
121000102,360,544,-184
121000103,226,417,-191
121000104,317,291,26
121000105,583,390,193
121000106,367,596,-229
121000107,4824,6025,-1201
121000109,2784,1996,788
121000110,551,1231,-680
121000114,5407,3135,2272
121000115,1904,1387,517
121000116,547,1666,-1119
121000117,1288,405,883
121000118,2143,454,1689
121000119,420,647,-227
121000120,384,647,-263
121000121,888,1635,-747
121000123,2759,816,1943
121000126,196,550,-354
121000127,661,179,482
121000128,1092,783,309
121000129,1111,814,297
121000130,675,1568,-893
121000131,3759,2823,936
121000132,2217,2368,-151
121000135,797,1194,-397
121000136,2729,853,1876
121000137,734,445,289
121000138,2086,1558,528
121000139,1072,287,785
121000141,681,311,370
121000142,1561,1152,409
121000143,181,46,135
121000144,1680,2751,-1071
121000145,1027,1968,-941
121000146,2433,1686,747
121000147,1566,946,620
121000148,1773,1699,74
121000149,4653,2217,2436
121000152,1008,1355,-347
121000153,3441,1525,1916
121000154,1561,2148,-587
121000155,2658,2154,504
121000156,654,2190,-1536
121000157,2125,4394,-2269
121000158,502,1635,-1133
121000159,307,1178,-871
121000160,426,1027,-601
121000161,254,593,-339
121000162,128,417,-289
121000165,3184,2725,459
121000166,29,1058,-1029
121000168,991,675,316
121000169,115,253,-138
121000170,564,576,-12
121000171,135,297,-162
121000172,1107,876,231
121000173,2124,1549,575
121000174,419,570,-151
121000175,1598,662,936
121000176,640,334,306
121000177,2976,1093,1883
121000178,219,77,142
121000179,120,86,34
121000181,478,1041,-563
121000182,202,213,-11
121000183,87,130,-43
121000184,402,124,278
121000185,119,268,-149
121000186,376,742,-366
121000187,258,373,-115
121000188,299,383,-84
121000192,1344,826,518
121000193,1106,833,273
121000194,4494,4018,476
121000195,903,1718,-815
121000196,2499,493,2006
121000197,740,1216,-476
121000198,1048,216,832
121000199,366,735,-369
121000200,1420,119,1301
121000201,24,370,-346
121000202,4376,172,4204
121000203,1561,3503,-1942
121000204,4127,1115,3012
121000205,619,594,25
121000206,529,52,477
121000207,2713,677,2036
121000208,10,640,-630
121000209,363,634,-271
121000210,496,976,-480
121000211,506,267,239
121000212,468,1227,-759
121000213,14460,5455,9005
121000214,1336,5629,-4293
121000215,2206,1660,546
121000216,1294,1485,-191
121000217,11086,5177,5909
121000218,1098,2902,-1804
121000219,4758,836,3922
121000220,644,116,528
121000221,388,546,-158
121000222,4553,3754,799
121000223,1256,358,898
121000224,662,180,482
121000225,4547,1733,2814
121000226,14142,1642,12500
121000227,20,482,-462
121000228,43,1169,-1126
121000229,503,762,-259
121000230,106,2824,-2718
121000231,1187,100,1087
121000232,522,444,78
121000233,1097,430,667
121000234,30,54,-24
121000235,121,67,54
121000236,28,98,-70
121000237,59,20,39
121000238,14,139,-125
121000239,61,11,50
121000240,14,529,-515
121000241,106,15,91
121000242,87,339,-252
121000243,543,120,423
121000244,14,86,-72
121000245,115,18,97
121000246,1,149,-148
121000247,100,5,95
121000248,1445,895,550
121000249,241,408,-167
121000250,1012,188,824
121000251,31,813,-782
121000252,148,124,24
121000253,479,797,-318
121000254,809,486,323
121000255,503,313,190
121000256,1008,317,691
121000257,127,147,-20
121000258,378,62,316
121000259,194,99,95
121000260,394,290,104
121000261,360,90,270
121000262,1659,1978,-319
121000263,508,594,-86
121000271,505,2763,-2258
121000273,437,11,426
121000274,114,86,28
121000275,6,25,-19
121000276,13,21,-8
121000278,77,100,-23
121000279,154,27,127
121000280,446,67,379
121000289,453,74,379
121000290,2561,1199,1362
121000294,180,308,-128
121000297,2261,2422,-161
121000299,926,377,549
121000300,1237,1218,19
121000302,241,2554,-2313
121000303,950,1365,-415
121000304,780,103,677
121000305,215,90,125
121000306,229,248,-19
121000308,388,965,-577
121000309,972,1124,-152
121000310,336,700,-364
121000311,145,1752,-1607
121000312,635,586,49
121000313,856,1237,-381
121000314,184,211,-27
121000315,80,183,-103
121000530,1989,2324,-335
121000531,2203,2284,-81
121000532,9908,8789,1119
121000533,4091,4953,-862
121000918,119,235,-116
121000919,105,77,28
121000938,530,1101,-571
121000939,714,1016,-302
121000956,1143,2474,-1331
121000957,2,19,-17
121000958,858,99,759
121000959,938,1450,-512
121000960,2797,2934,-137
121000961,273,203,70
121000962,455,1867,-1412
121000973,3,276,-273
121000976,21,314,-293
121000979,596,201,395
121000981,423,289,134
121000982,386,365,21
121000983,759,611,148
121000984,347,90,257
121000985,663,1310,-647
121000986,302,666,-364
121000987,439,2467,-2028
121000988,1154,191,963
121001302,617,259,358
121001308,113,13,100
121001309,296,110,186
121001313,343,376,-33
121001314,4213,6333,-2120
121001315,6463,4015,2448
121900001,131,272,-141
121900002,260,35,225
121900003,619,26,593
121900004,383,617,-234
121900005,42,8,34
121900006,217,46,171
121900007,3909,4393,-484
121900008,2294,875,1419
121900009,1022,32,990
121900010,278,1,277
121900011,552,747,-195
121900012,37,0,37
121900013,2802,98,2704
121900014,2097,514,1583
121900015,288,327,-39
121900016,11,63,-52
121900017,521,765,-244
121900018,443,13,430
121900019,532,400,132
121900020,100,1,99
121900021,1011,34,977
121900022,302,327,-25
121900023,178,650,-472
121900024,632,152,480
121900025,872,644,228
121900026,748,78,670
121900027,655,201,454
121900028,495,38,457
121900029,278,316,-38
121900030,1021,1251,-230
121900031,2244,13698,-11454
121900032,167,147,20
121900033,241,269,-28
121900034,1122,105,1017
121900035,4199,3865,334
121900036,155,524,-369
121900037,310,1039,-729
121900038,54,262,-208
121900039,666,68,598
121900040,77,134,-57
121900041,101,273,-172
121900042,608,238,370
121900043,11,12,-1
121900044,372,102,270
121900046,434,386,48
121900047,403,85,318
121900048,87,243,-156
121900050,35,70,-35
121900051,227,270,-43
121900052,236,58,178
121900053,722,790,-68
121900054,1072,1321,-249
121900055,15,22,-7
121900058,655,393,262
121900059,657,225,432
121900060,179,508,-329
121900061,381,300,81
121900062,213,208,5
121900063,2204,415,1789
121900064,386,1061,-675
121900066,84,34,50
121900067,96,85,11
121900069,230,227,3
121900070,661,201,460
121900071,375,458,-83
121900072,42,265,-223
121900073,425,268,157
121900074,1126,1563,-437
121900075,1685,527,1158
121900076,1757,973,784
121900077,33,87,-54
121900078,104,53,51
121900079,1,0,1
121900080,1518,687,831
121900082,68,226,-158
121900084,12,369,-357
121900085,0,16,-16
121900086,18,61,-43
121900087,234,126,108
121900088,3375,5805,-2430
121900089,272,674,-402
121900090,26,169,-143
121900091,74,179,-105
121900092,159,139,20
121900093,105,133,-28
121900094,20,13,7
121900095,353,208,145
121900096,2624,1119,1505
121900097,715,242,473
121900098,10,10,0
121900099,268,80,188
121900100,336,548,-212
121900101,171,155,16
121900102,14,184,-170
121900103,1335,381,954
121900104,1980,571,1409
121900105,328,355,-27
121900106,12,9,3
121900107,81,56,25
121900108,6,51,-45
121900109,685,224,461
121900110,525,1702,-1177
121900111,1684,201,1483
121900112,278,206,72
121900113,132,1200,-1068
121900114,64,172,-108
121900117,880,88,792
121900118,3916,817,3099
121900119,215,164,51
121900120,66,2643,-2577
121900121,1132,107,1025
121900122,39,93,-54
121900123,392,858,-466
121900124,133,229,-96
121900125,2131,2348,-217
121900127,23,149,-126
121900128,127,188,-61
121900129,978,260,718
121900130,249,383,-134
121900131,504,88,416
121900132,138,175,-37
121900133,143,618,-475
121900134,37,234,-197
121900135,3623,517,3106
121900136,348,655,-307
121900137,68,624,-556
121900138,351,414,-63
121900139,618,728,-110
121900140,122,275,-153
121900141,113,53,60
121900142,169,250,-81
121900143,29,269,-240
121900144,208,411,-203
121900145,333,493,-160
121900146,1022,1177,-155
121900147,77,260,-183
121900148,280,435,-155
121900149,762,1058,-296
121900150,91,173,-82
121900151,78,268,-190
121900152,140,236,-96
121900153,158,944,-786
121900154,12,309,-297
121900155,11,289,-278
121900156,240,133,107
121900157,13,598,-585
121900158,153,133,20
121900159,1,336,-335
121900160,40,376,-336
121900161,618,588,30
121900162,155,216,-61
121900163,264,931,-667
121900164,630,328,302
121900165,336,254,82
121900166,285,301,-16
121900167,191,235,-44
121900168,321,242,79
121900169,13,434,-421
121900170,5,411,-406
121900171,864,1050,-186
121900172,772,429,343
121900173,1737,430,1307
121900174,45,83,-38
121900175,541,249,292
121900176,1216,2556,-1340
121900177,273,109,164
121900178,105,90,15
121900179,739,181,558
121900180,8294,5926,2368
121900182,2033,439,1594
121900183,938,1367,-429
121900184,90,908,-818
121900186,25,471,-446
121900187,50,264,-214
121900188,780,883,-103
121900189,69,171,-102
121900190,736,770,-34
121900191,147,702,-555
121900192,590,1104,-514
121900193,153,261,-108
121900194,14,269,-255
121900195,132,180,-48
121900196,1527,2330,-803
121900197,617,2945,-2328
121900198,1692,2522,-830
121900199,6,47,-41
121900200,297,375,-78
121900201,1827,1060,767
121900202,250,1042,-792
121900203,314,2065,-1751
121900204,1628,2180,-552
121900205,19,152,-133
121900206,24,27,-3
121900207,355,101,254
121900208,321,411,-90
121900209,56,61,-5
121900210,2596,2330,266
121900211,26,125,-99
121900212,223,207,16
121900213,184,125,59
121900214,9,1351,-1342
121900215,86,123,-37
121900216,277,242,35
121900217,322,194,128
121900218,441,923,-482
121900220,272,36,236
121900221,443,1247,-804
121900222,325,232,93
121900223,561,94,467
121900224,157,90,67
121900225,619,100,519
121900226,591,1164,-573
121900227,303,722,-419
121900228,341,567,-226
121900230,319,561,-242
121900231,678,2773,-2095
121900232,677,675,2
121900233,363,362,1
121900234,1133,513,620
121900235,711,341,370
121900236,472,219,253
121900237,426,363,63
121900238,264,594,-330
121900239,266,72,194
121900240,339,298,41
121900241,63,96,-33
121900242,6,1,5
121900243,16,0,16
121900244,33,7,26
121900245,286,153,133
121900246,4296,760,3536
121900247,413,434,-21
121900248,2334,1961,373
121900250,327,354,-27
121900251,489,75,414
121900252,855,210,645
121900253,242,1173,-931
121900254,770,386,384
121900255,317,152,165
121900258,4698,3337,1361
121900259,505,1030,-525
121900260,290,325,-35
121900261,220,962,-742
121900262,583,2420,-1837
121900263,248,657,-409
121900264,3492,2855,637
121900265,424,488,-64
121900266,377,308,69
121900267,103,76,27
121900269,323,903,-580
121900270,41,332,-291
121900271,45,284,-239
121900273,1271,3330,-2059
121900274,465,438,27
121900277,662,1681,-1019
121900278,447,1135,-688
121900279,206,272,-66
121900280,652,506,146
121900281,1162,484,678
121900284,196,25,171
121900286,232,258,-26
121900287,43,47,-4
121900290,347,446,-99
121900291,759,995,-236
121900292,698,216,482
121900293,1446,4604,-3158
121900294,406,7,399
121900295,168,448,-280
121900296,304,273,31
121900298,795,904,-109
121900299,1,0,1
121900300,35,0,35
121900301,120,2,118
121900302,4,30,-26
121900303,1187,634,553
121900304,0,8,-8
121900305,4,6,-2
121900306,115,0,115
121900307,27,14,13
121900308,40,406,-366
121900309,71,372,-301
121900310,71,598,-527
121900311,389,36,353
121900312,243,11,232
121900313,320,44,276
121900314,1,137,-136
121900315,7,0,7
121900316,0,12,-12
121900317,9,2,7
121900318,4,12,-8
121900319,9,85,-76
121900320,60,132,-72
121900321,9,3,6
121900322,1,28,-27
121900323,32,32,0
121900324,15,97,-82
121900325,8,0,8
121900326,4,21,-17
121900327,3,44,-41
121900328,0,16,-16
121900329,3,135,-132
121900330,1,22,-21
121900331,229,64,165
121900332,120,84,36
121900333,45,4,41
122000001,4062,6335,-2273
122000002,8160,2963,5197
122000003,3149,3184,-35
122000004,4931,2582,2349
122000005,4624,2125,2499
122000006,4488,1078,3410
122000007,2271,2940,-669
122000008,9655,9196,459
122000009,641,548,93
122000010,3388,5640,-2252
122000011,5248,2233,3015
122000012,2483,2004,479
122000013,5891,2084,3807
122000014,3089,4206,-1117
122000015,3195,1923,1272
122000016,1233,1394,-161
122000017,1819,1665,154
122000018,2654,1536,1118
122000019,1787,2280,-493
122000020,352,318,34
122000021,813,972,-159
122000022,2581,2495,86
122000023,1030,5806,-4776
122000024,1895,1635,260
122000025,3871,2227,1644
122000026,2376,1404,972
122000027,1023,8919,-7896
122000028,1281,893,388
122000029,1173,592,581
122000030,721,292,429
122000031,429,450,-21
122000032,3673,6275,-2602
122000033,2003,1544,459
122000034,2078,1099,979
122000035,506,1955,-1449
122000036,1245,888,357
122000037,601,431,170
122000038,479,521,-42
122000039,1061,909,152
122000040,604,1618,-1014
122000041,1045,822,223
122000042,777,608,169
122000043,301,188,113
122000044,336,301,35
122000045,2794,732,2062
122000046,1692,1791,-99
122000047,673,329,344
122000048,6678,8808,-2130
122000049,10089,3903,6186
122000050,3527,1043,2484
122000051,947,558,389
122000052,1169,436,733
122000053,403,849,-446
122000054,4306,3444,862
122000055,5197,4173,1024
122000056,8503,7002,1501
122000057,5618,5461,157
122000058,6299,1656,4643
122000059,6010,2491,3519
122000060,1524,1057,467
122000061,935,701,234
122000062,2493,451,2042
122000063,2790,1241,1549
122000064,8788,3552,5236
122000065,12792,3948,8844
122000066,3120,1527,1593
122000067,5662,2063,3599
122000068,2758,3248,-490
122000069,1216,1027,189
122000070,1276,10133,-8857
122000071,2008,3812,-1804
122000072,777,641,136
122000073,788,809,-21
122000074,4917,2529,2388
122000075,1141,3139,-1998
122000076,3036,1854,1182
122000077,2500,912,1588
122000078,4341,3225,1116
122000079,3297,1497,1800
122000080,2064,637,1427
122000081,461,602,-141
122000082,1392,1067,325
122000083,2503,6454,-3951
122000084,2052,1520,532
122000085,512,5364,-4852
122000086,4069,9741,-5672
122000087,956,310,646
122000088,633,733,-100
122000089,14995,6895,8100
122000090,558,861,-303
122000091,1064,106,958
122000092,581,44,537
122000093,4856,1480,3376
122000094,16325,3277,13048
122000095,6705,5415,1290
122000096,4893,3608,1285
122000098,6166,2511,3655
122000099,8355,1032,7323
122000100,2198,1289,909
122000101,503,2500,-1997
122000102,2816,1615,1201
122000103,3580,2214,1366
122000104,599,322,277
122000105,675,459,216
122000106,796,797,-1
122000107,1678,1017,661
122000108,718,1130,-412
122000109,534,693,-159
122000110,825,676,149
122000111,4624,1961,2663
122000112,1351,2405,-1054
122000113,1263,1130,133
122000114,9873,2546,7327
122000115,2683,4524,-1841
122000116,702,770,-68
122000117,2067,746,1321
122000118,597,1089,-492
122000119,4792,3422,1370
122000120,3245,6296,-3051
122000121,4173,4559,-386
122000122,1147,2553,-1406
122000123,3165,2970,195
122000124,1647,955,692
122000125,901,1050,-149
122000126,890,1743,-853
122000127,2072,1719,353
122000128,887,1486,-599
122000129,772,2366,-1594
122000130,4777,1652,3125
122000131,2313,2006,307
122000132,1156,891,265
122000133,1824,3219,-1395
122000134,1120,1006,114
122000135,1049,1090,-41
122000136,1188,760,428
122000137,2352,1310,1042
122000139,4352,7134,-2782
122000140,3242,1120,2122
122000141,8615,1982,6633
122000142,1162,1248,-86
122000143,899,758,141
122000144,3211,2033,1178
122000145,4641,1335,3306
122000146,1555,1618,-63
122000147,2152,667,1485
122000148,5180,2348,2832
122000149,3072,2176,896
122000150,2192,1572,620
122000151,446,614,-168
122000152,691,603,88
122000153,732,475,257
122000154,556,340,216
122000155,2190,4228,-2038
122000156,3174,3101,73
122000157,3949,2054,1895
122000158,863,856,7
122000159,2116,2802,-686
122000160,6043,3570,2473
122000161,1661,1623,38
122000162,3307,2735,572
122000163,353,119,234
122000164,42,75,-33
122000165,1587,1302,285
122000166,2458,2010,448
122000167,351,311,40
122000168,473,868,-395
122000169,1324,407,917
122000170,561,376,185
122000171,59,117,-58
122000172,2362,2693,-331
122000173,2231,4000,-1769
122000174,4763,1328,3435
122000175,2280,540,1740
122000176,526,1161,-635
122000177,2770,1996,774
122000178,5187,7349,-2162
122000179,3321,5250,-1929
122000180,2511,2291,220
122000181,3294,5686,-2392
122000182,3241,3405,-164
122000183,3191,2300,891
122000184,3848,3078,770
122000185,2184,1785,399
122000186,1294,1283,11
122000187,4750,1582,3168
122000188,601,327,274
122000189,486,731,-245
122000190,2633,1567,1066
122000191,2440,1558,882
122000192,1882,566,1316
122000193,679,959,-280
122000194,2291,342,1949
122000195,532,620,-88
122000196,1404,886,518
122000197,785,1026,-241
122000198,1234,1247,-13
122000199,980,622,358
122000200,2566,1318,1248
122000201,2069,1975,94
122000202,1820,1634,186
122000203,4779,2176,2603
122000204,2565,3259,-694
122000205,2156,3010,-854
122000206,3480,1388,2092
122000207,2595,2046,549
122000208,6899,2219,4680
122000209,6056,660,5396
122000210,4354,2980,1374
122000211,4222,1718,2504
122000212,1642,821,821
122000213,2350,2157,193
122000214,3639,3330,309
122000215,3630,2317,1313
122000217,4321,2096,2225
122000218,1862,225,1637
122000219,2476,1645,831
122000220,589,934,-345
122000221,195,977,-782
122000222,860,258,602
122000223,2347,629,1718
122000225,1737,401,1336
122000226,2800,3551,-751
122000227,630,5844,-5214
122000228,580,674,-94
122000229,33,726,-693
122000230,94,1014,-920
122000231,469,1264,-795
122000232,996,1717,-721
122000233,2,191,-189
122000234,523,368,155
122000235,1174,322,852
122000236,1290,266,1024
122000237,157,174,-17
122000238,359,451,-92
122000239,890,285,605
122000240,1989,834,1155
122000241,1770,768,1002
122000242,1119,175,944
122000243,120,51,69
122000244,23,365,-342
122000245,23,124,-101
122000246,89,128,-39
122000247,966,390,576
122000248,1748,3215,-1467
122000249,1023,1447,-424
122000250,3017,1783,1234
122000251,362,777,-415
122000252,820,195,625
122000253,64,484,-420
122000254,338,126,212
122000255,1085,2820,-1735
122000256,585,2405,-1820
122000257,237,670,-433
122000258,368,445,-77
122000259,21,1130,-1109
122000260,6,171,-165
122000261,21,386,-365
122000262,2,145,-143
122000263,380,233,147
122000264,2500,856,1644
122000265,6278,1342,4936
122000266,13723,863,12860
122000267,216,168,48
122000268,373,537,-164
122000269,1916,457,1459
122000270,4058,220,3838
122000271,960,1626,-666
122000272,554,1640,-1086
122000273,748,653,95
122000274,320,311,9
122000275,85,377,-292
122000276,1012,944,68
122000277,1505,2286,-781
122000278,1858,1436,422
122000279,406,792,-386
122000280,1357,1307,50
122000281,1336,1476,-140
122000282,282,380,-98
122000283,521,107,414
122000284,219,159,60
122000285,576,193,383
122000286,145,270,-125
122000287,1525,2240,-715
122000288,643,430,213
122000291,2011,985,1026
122000293,647,459,188
122000294,221,344,-123
122000295,2220,306,1914
122000296,58,930,-872
122000297,5189,4021,1168
122000299,570,820,-250
122000300,658,1017,-359
122000301,21899,4504,17395
122000302,1610,2041,-431
122000303,6913,2054,4859
122000304,89,360,-271
122000305,1210,581,629
122000306,42,1192,-1150
122000307,275,194,81
122000309,170,84,86
122000310,63,92,-29
122000311,461,267,194
122000312,302,143,159
122000313,131,84,47
122000314,192,375,-183
122000315,381,28,353
122000316,912,387,525
122000317,1665,481,1184
122000318,440,1231,-791
122000319,435,1019,-584
122000320,538,3489,-2951
122000321,235,411,-176
122000322,3431,5150,-1719
122000323,2465,3943,-1478
122000324,2661,2521,140
122000325,1798,2211,-413
122000326,64,193,-129
122000327,880,1110,-230
122000328,2439,1295,1144
122000330,3495,1203,2292
122000332,382,613,-231
122000333,6,217,-211
122000337,1246,2792,-1546
122000338,614,784,-170
122000340,1029,518,511
122000342,4135,1775,2360
122000343,719,2092,-1373
122000344,88,43,45
122000345,112,76,36
122000346,540,942,-402
122000348,971,1247,-276
122000349,181,1156,-975
122000351,165,371,-206
122000352,457,269,188
122000353,130,156,-26
122000355,213,288,-75
122000356,4747,1561,3186
122000357,125,30,95
122000358,1,92,-91
122000359,0,47,-47
122000360,1,76,-75
122000362,15,111,-96
122000364,192,677,-485
122000365,7,79,-72
122000366,32,13,19
122000368,859,1098,-239
122000370,32,116,-84
122000371,21,0,21
122000372,16,1,15
122000381,89,775,-686
122000382,105,369,-264
122000384,9906,3419,6487
122000385,75,0,75
122000386,2130,2237,-107
122000387,2330,776,1554
122000388,6652,990,5662
122000389,448,1101,-653
122000390,1283,367,916
122000391,972,210,762
122000392,256,341,-85
122000393,66,253,-187
122000394,807,529,278
122000395,282,227,55
122000396,730,150,580
122000397,75,155,-80
122000398,97,122,-25
122000399,199,118,81
122000400,397,703,-306
122000401,245,115,130
122000402,412,237,175
122000403,833,1724,-891
122000404,249,650,-401
122000408,1306,2373,-1067
122000503,22,270,-248
122000524,201,157,44
122000544,141,8279,-8138
122000616,608,6,602
122000640,76,244,-168
122000641,131,610,-479
122000642,1744,1927,-183
122000643,38,313,-275
122000644,295,20,275
122000645,117,658,-541
122000651,5005,1132,3873
122000664,459,91,368
122000665,1679,821,858
122000666,975,1834,-859
122000673,70,589,-519
122000674,166,101,65
122000675,2397,2048,349
122000686,646,1972,-1326
122000687,3882,556,3326
122000688,284,1235,-951
122000689,1214,1040,174
122000690,1542,990,552
122000691,573,3855,-3282
122000692,1820,666,1154
122000693,807,3373,-2566
122000695,367,970,-603
122000696,440,590,-150
122000698,398,1561,-1163
122000699,333,245,88
122000701,1769,650,1119
122000702,749,2801,-2052
122000703,224,140,84
122000717,343,102,241
122000718,553,1702,-1149
122000719,209,93,116
122000720,399,496,-97
122000724,110,13,97
122900001,63,29,34
122900002,2088,7330,-5242
122900003,632,83,549
122900004,2030,87,1943
122900005,129,113,16
122900006,1183,843,340
122900007,325,70,255
122900008,1146,171,975
122900009,1769,1022,747
122900010,448,360,88
122900012,326,537,-211
122900014,238,572,-334
122900015,4259,1337,2922
122900016,272,506,-234
122900017,950,1447,-497
122900018,512,24,488
122900019,15,217,-202
122900020,625,646,-21
122900021,108,1316,-1208
122900022,910,1369,-459
122900023,632,538,94
122900024,216,167,49
122900025,17,319,-302
122900026,218,535,-317
122900027,104,1118,-1014
122900028,203,275,-72
122900029,7554,5278,2276
122900030,2365,790,1575
122900031,369,350,19
122900032,229,621,-392
122900033,329,191,138
122900034,6450,13200,-6750
122900035,72,19,53
122900036,106,520,-414
122900037,1051,184,867
122900038,277,5202,-4925
122900039,112,682,-570
122900040,735,517,218
122900041,371,302,69
122900042,270,446,-176
122900043,1124,260,864
122900044,124,583,-459
122900045,166,158,8
122900046,280,143,137
122900047,806,288,518
122900048,63,550,-487
122900049,2383,213,2170
122900051,157,196,-39
122900052,93,247,-154
122900053,32,56,-24
122900055,794,212,582
122900057,777,68,709
122900061,645,252,393
122900062,662,888,-226
122900063,272,507,-235
122900064,1740,943,797
122900065,962,201,761
122900066,907,398,509
122900067,2496,1400,1096
122900068,227,539,-312
122900069,500,2396,-1896
122900070,485,93,392
122900071,207,595,-388
122900072,15,991,-976
122900073,52,420,-368
122900074,849,1186,-337
122900075,1,103,-102
122900076,13,374,-361
122900077,4,266,-262
122900078,170,211,-41
122900080,92,27,65
122900081,710,302,408
122900082,1184,370,814
122900083,247,233,14
122900084,20,391,-371
122900086,39,68,-29
122900087,264,588,-324
122900088,70,119,-49
122900089,202,218,-16
122900090,15,929,-914
122900091,264,0,264
122900092,1,361,-360
122900093,1,478,-477
122900094,6,380,-374
122900095,256,16,240
122900096,357,339,18
122900097,53,30,23
122900098,128,200,-72
122900099,24,8,16
122900100,805,647,158
122900101,1659,589,1070
122900102,33,22,11
122900103,178,14,164
122900104,155,12,143
122900105,18,9,9
122900106,6,194,-188
122900107,8,407,-399
122900108,7,312,-305
123000001,4083,712,3371
123000002,10459,5549,4910
123000003,5924,5982,-58
123000004,4411,7295,-2884
123000005,4377,4945,-568
123000006,4282,5031,-749
123000007,5236,4821,415
123000008,4248,6068,-1820
123000009,8251,4994,3257
123000010,5854,5623,231
123000011,10943,1327,9616
123000012,2257,3787,-1530
123000013,6264,1306,4958
123000014,2258,6313,-4055
123000015,9217,1574,7643
123000016,11081,6153,4928
123000017,4724,2060,2664
123000018,91,170,-79
123000019,307,352,-45
123000020,172,166,6
123000021,103,297,-194
123000022,712,2520,-1808
123000023,2466,2061,405
123000024,2312,722,1590
123000025,196,180,16
123000026,25,83,-58
123000027,428,655,-227
123000028,1595,267,1328
123000029,1297,740,557
123000030,664,851,-187
123000031,210,662,-452
123000032,460,449,11
123000033,579,115,464
123000034,1334,1198,136
123000035,417,656,-239
123000036,372,1390,-1018
123000037,339,498,-159
123000038,251,415,-164
123000039,715,1662,-947
123000040,1739,545,1194
123000041,2592,1308,1284
123000042,1972,716,1256
123000043,6888,12224,-5336
123000044,9128,3847,5281
123000045,16586,4509,12077
123000046,1770,2211,-441
123000047,3905,2097,1808
123000048,191,784,-593
123000049,13443,12236,1207
123000050,1763,2510,-747
123000051,185,293,-108
123000052,1077,5463,-4386
123000053,3509,5909,-2400
123000054,2023,2870,-847
123000055,1868,4228,-2360
123000056,2239,3177,-938
123000057,28964,11871,17093
123000058,1205,1371,-166
123000059,591,915,-324
123000060,1274,507,767
123000061,307,1221,-914
123000063,1264,1417,-153
123000064,1553,462,1091
123000065,12988,7586,5402
123000066,1440,1561,-121
123000067,1242,909,333
123000068,5397,6300,-903
123000069,10862,6977,3885
123000070,365,1476,-1111
123000071,1324,1834,-510
123000072,1400,2487,-1087
123000073,1636,1448,188
123000074,1555,2989,-1434
123000075,641,1778,-1137
123000076,1276,1671,-395
123000077,3292,5399,-2107
123000078,1983,2888,-905
123000079,2226,3528,-1302
123000080,3737,4001,-264
123000081,296,1015,-719
123000082,618,1964,-1346
123000083,1596,359,1237
123000084,740,1186,-446
123000085,347,151,196
123000086,703,539,164
123000087,528,629,-101
123000088,1821,1712,109
123000089,586,2398,-1812
123000090,2175,1861,314
123000091,2433,2557,-124
123000092,1431,2360,-929
123000094,874,445,429
123000095,812,1110,-298
123000096,867,761,106
123000097,962,1392,-430
123000098,906,980,-74
123000099,996,1294,-298
123000100,787,1090,-303
123000101,927,837,90
123000102,994,1214,-220
123000104,566,688,-122
123000105,911,772,139
123000106,654,657,-3
123000107,662,835,-173
123000108,944,2197,-1253
123000111,1137,602,535
123000112,1476,998,478
123000113,1029,2967,-1938
123000114,701,898,-197
123000115,437,495,-58
123000116,36,266,-230
123000117,2646,4083,-1437
123000118,815,1450,-635
123000119,333,1558,-1225
123000120,737,1446,-709
123000121,810,932,-122
123000122,696,347,349
123000123,784,923,-139
123000124,1005,740,265
123000125,2205,1777,428
123000126,2859,5187,-2328
123000127,1684,1116,568
123000128,589,692,-103
123000129,826,482,344
123000130,766,120,646
123000131,1642,1138,504
123000132,766,1119,-353
123000133,560,806,-246
123000134,705,341,364
123000135,2724,2498,226
123000136,351,1592,-1241
123000137,224,593,-369
123000138,185,733,-548
123000139,862,214,648
123000140,231,1328,-1097
123000141,1374,279,1095
123000142,1392,1626,-234
123000143,2386,3923,-1537
123000144,64,46,18
123000145,416,375,41
123000146,186,164,22
123000147,296,218,78
123000149,656,805,-149
123000150,510,424,86
123000151,527,765,-238
123000152,157,636,-479
123000153,310,1024,-714
123000154,2904,3564,-660
123000155,3936,1638,2298
123000156,74,259,-185
123000157,968,1657,-689
123000158,1075,1352,-277
123000159,7514,3841,3673
123000160,1633,1106,527
123000161,2267,1933,334
123000162,1090,2381,-1291
123000163,937,175,762
123000164,2013,457,1556
123000165,517,2806,-2289
123000166,61,216,-155
123000167,266,506,-240
123000168,308,434,-126
123000169,1118,195,923
123000170,123,481,-358
123000171,865,44,821
123000172,337,1030,-693
123000173,1208,399,809
123000174,1532,508,1024
123000175,1174,2062,-888
123000176,1562,482,1080
123000177,498,1747,-1249
123000178,1293,257,1036
123000179,59,1185,-1126
123000180,2157,489,1668
123000181,514,2566,-2052
123000182,335,782,-447
123000183,311,738,-427
123000184,150,1372,-1222
123000185,777,714,63
123000186,7,1142,-1135
123000187,646,7,639
123000188,401,1,400
123000189,233,336,-103
123000190,82,95,-13
123000192,33,602,-569
123000193,83,1193,-1110
123000194,647,484,163
123000195,405,45,360
123000196,356,51,305
123000197,93,172,-79
123000198,53,356,-303
123000199,14,872,-858
123000200,752,16,736
123000201,1157,33,1124
123000202,28,1727,-1699
123000203,1075,96,979
123000204,111,1661,-1550
123000205,665,3016,-2351
123000206,2202,313,1889
123000207,134,1435,-1301
123000208,857,187,670
123000209,2693,593,2100
123000210,638,2697,-2059
123000211,862,4507,-3645
123000212,3855,706,3149
123000213,914,85,829
123000215,349,249,100
123000216,487,1494,-1007
123000217,319,56,263
123000218,158,907,-749
123000219,1770,167,1603
123000220,912,161,751
123000221,251,257,-6
123000222,811,1066,-255
123000223,350,951,-601
123000224,586,978,-392
123000225,379,133,246
123000226,65,569,-504
123000227,139,508,-369
123000228,346,94,252
123000229,2442,2986,-544
123000232,169,991,-822
123000233,1103,295,808
123000234,247,1125,-878
123000235,991,588,403
123000236,461,1392,-931
123000237,405,111,294
123000238,130,1020,-890
123000239,777,2894,-2117
123000240,78,822,-744
123000241,1654,234,1420
123000242,308,336,-28
123000243,995,1342,-347
123000244,1328,959,369
123000245,138,227,-89
123000249,851,1405,-554
123000252,1450,390,1060
123000253,1433,695,738
123000254,886,1747,-861
123000255,1593,1394,199
123000256,42,422,-380
123000257,5729,4313,1416
123000258,1385,1981,-596
123000259,483,701,-218
123000260,618,993,-375
123000261,257,422,-165
123000262,175,340,-165
123000263,507,182,325
123000264,282,132,150
123000265,93,288,-195
123000266,796,1342,-546
123000267,748,502,246
123000268,66,110,-44
123000269,54,100,-46
123000270,74,74,0
123000271,206,91,115
123000272,1262,355,907
123000273,535,953,-418
123000274,1959,745,1214
123000275,501,1704,-1203
123000278,5975,4451,1524
123000279,160,224,-64
123000280,688,491,197
123000281,553,175,378
123000282,266,469,-203
123000283,130,83,47
123000284,50,185,-135
123000286,470,440,30
123000287,871,423,448
123000288,2428,1137,1291
123000289,995,1498,-503
123000291,570,1347,-777
123000294,249,383,-134
123000295,1229,1167,62
123000296,603,445,158
123000297,650,1281,-631
123000298,692,973,-281
123000299,70,381,-311
123000300,1487,1491,-4
123000301,273,455,-182
123000302,118,365,-247
123000303,372,131,241
123000305,1823,1508,315
123000306,183,413,-230
123000309,88,74,14
123000310,168,70,98
123000311,0,245,-245
123000312,1043,1481,-438
123000313,550,564,-14
123000315,76,589,-513
123000316,3224,97,3127
123000317,281,80,201
123000318,84,414,-330
123000329,23,22,1
123000337,724,406,318
123000338,957,72,885
123000339,188,346,-158
123000340,209,893,-684
123000342,11,6,5
123000343,201,1,200
123000344,1732,851,881
123000345,501,1166,-665
123000346,552,146,406
123000352,3549,1352,2197
123000353,24,146,-122
123000354,530,39,491
123000355,3,1062,-1059
123000356,434,19,415
123000357,5,485,-480
123000359,3,325,-322
123000360,273,148,125
123000361,1064,480,584
123000362,545,218,327
123000363,167,329,-162
123000364,1156,687,469
123000365,32,592,-560
123000366,573,3097,-2524
123000367,452,2301,-1849
123000370,41,489,-448
123000371,547,30,517
123000372,409,26,383
123000373,13,635,-622
123000374,12,403,-391
123000375,437,47,390
123000376,1435,861,574
123000377,597,21,576
123000378,22,657,-635
123000379,5,289,-284
123000380,111,471,-360
123000381,440,40,400
123000382,2092,146,1946
123000383,479,1593,-1114
123000384,958,95,863
123000385,593,928,-335
123000436,104,1628,-1524
123000507,205,932,-727
123000508,273,1203,-930
123000517,439,65,374
123000518,37,436,-399
123000519,221,103,118
123000520,84,425,-341
123000521,493,165,328
123000522,242,809,-567
123000541,3,4,-1
123000542,0,42,-42
123000565,354,27,327
123000566,446,1083,-637
123000567,145,367,-222
123000573,54,1429,-1375
123000574,784,106,678
123000575,1492,2158,-666
123000576,965,3706,-2741
123000577,235,1366,-1131
123000578,1321,95,1226
123000579,6630,7553,-923
123000580,99,18,81
123000582,626,45,581
123000583,68,871,-803
123000584,329,576,-247
123000585,2,351,-349
123000586,138,1,137
123000596,198,275,-77
123000597,92,254,-162
123000602,30,4,26
123000603,562,1196,-634
123000604,604,1708,-1104
123000605,1436,223,1213
123000606,0,421,-421
123000609,55,573,-518
123000610,254,163,91
123000613,45,191,-146
123000614,202,101,101
123000615,46,234,-188
123000616,696,112,584
123000617,164,954,-790
123000618,95,1149,-1054
123000619,947,61,886
123000620,41,949,-908
123000622,436,28,408
123000624,108,90,18
123000630,802,557,245
123000631,422,2941,-2519
123000632,1627,1858,-231
123000633,0,500,-500
123000634,193,176,17
123000635,374,145,229
123000636,36,1102,-1066
123000637,174,292,-118
123000638,698,157,541
123000639,1846,4623,-2777
123000640,36,1646,-1610
123900001,2503,97,2406
123900002,41,2052,-2011
123900003,597,1079,-482
123900005,476,229,247
123900006,610,78,532
124000001,2974,227,2747
124000002,181,3062,-2881
124000003,979,270,709
124000004,92,1108,-1016
124000005,1162,674,488
124000006,410,2106,-1696
124000007,1212,250,962
124000008,32,1049,-1017
124000009,798,581,217
124000010,168,778,-610
124000011,2597,630,1967
124000012,694,1099,-405
124000017,304,185,119
124000018,157,150,7
124000019,170,189,-19
124000020,84,303,-219
124000021,200,116,84
124000022,121,400,-279
124000023,2359,2118,241
124000024,1554,886,668
124000025,1604,2265,-661
124000026,1639,1628,11
124000027,7495,6948,547
124000028,3910,6360,-2450
124000030,4650,1914,2736
124000031,1659,3227,-1568
124000032,7533,1485,6048
124000033,287,841,-554
124000034,4632,876,3756
124000035,49,216,-167
124000036,121,209,-88
124000037,803,1240,-437
124000038,92,81,11
124000039,1770,616,1154
124000040,837,1319,-482
124000041,559,135,424
124000042,110,644,-534
124000043,156,162,-6
124000044,72,409,-337
124000045,810,973,-163
124000046,331,1153,-822
124000047,1723,1489,234
124000048,1235,3047,-1812
124000049,2018,1038,980
124000050,976,3938,-2962
124000051,1053,907,146
124000052,941,2079,-1138
124000053,718,1726,-1008
124000054,1130,1062,68
124000055,1535,2813,-1278
124000056,6289,2316,3973
124000057,1035,760,275
124000058,659,2072,-1413
124000059,857,1340,-483
124000060,2132,1385,747
124000061,2389,5638,-3249
124000062,7190,2904,4286
124000063,1923,3021,-1098
124000064,4323,2633,1690
124000065,76,410,-334
124000066,207,91,116
124000067,237,412,-175
124000068,9,28,-19
124000069,99,33,66
124000070,56,231,-175
124000071,388,154,234
124000072,319,798,-479
124000073,1287,214,1073
124000074,261,1250,-989
124000075,351,44,307
124000076,11,349,-338
124000077,2619,1003,1616
124000078,3677,1505,2172
124000079,841,1768,-927
124000080,809,235,574
124000081,303,1315,-1012
124000082,31,222,-191
124000083,113,284,-171
124000084,58,349,-291
124000085,103,74,29
124000086,132,189,-57
124000087,210,120,90
124000088,440,663,-223
124000089,873,516,357
124000090,128,473,-345
124000091,815,165,650
124000092,117,819,-702
124000093,131,159,-28
124000094,226,913,-687
124000095,83,165,-82
124000096,204,536,-332
124000097,98,211,-113
124000098,64,152,-88
124000099,206,167,39
124000100,83,139,-56
124000101,104,171,-67
124000102,208,152,56
124000103,105,145,-40
124000104,214,110,104
124000105,76,121,-45
124000106,218,141,77
124000107,33,191,-158
124000108,101,68,33
124000109,106,103,3
124000110,280,208,72
124000111,282,202,80
124000112,997,1340,-343
124000113,77,121,-44
124000114,410,821,-411
124000115,585,1184,-599
124000116,167,172,-5
124000117,125,162,-37
124000118,48,85,-37
124000119,2847,1028,1819
124000120,1532,872,660
124000121,2425,884,1541
124000122,804,1817,-1013
124000123,1577,698,879
124000124,688,1764,-1076
124000125,630,780,-150
124000126,430,1004,-574
124000127,1309,585,724
124000128,940,1755,-815
124000129,3104,2231,873
124000130,1321,1143,178
124000131,1704,779,925
124000132,1337,1302,35
124000133,1096,1468,-372
124000134,1153,1274,-121
124000135,2453,2721,-268
124000136,1461,1766,-305
124000137,2154,986,1168
124000138,2969,1849,1120
124000139,1035,38,997
124000140,59,688,-629
124000141,174,15,159
124000142,10,227,-217
124000143,92,36,56
124000144,32,64,-32
124000145,144,71,73
124000146,49,182,-133
124000148,66,132,-66
124000149,1470,584,886
124000150,469,920,-451
124000151,883,476,407
124000152,1039,1864,-825
124000153,863,1070,-207
124000154,626,1376,-750
124000155,1715,1099,616
124000156,2424,1559,865
124000169,499,919,-420
124000170,1330,775,555
124000171,604,482,122
124000172,811,929,-118
124000173,670,463,207
124000174,506,1166,-660
124000175,19,208,-189
124000176,89,13,76
124000177,12,52,-40
124000178,62,57,5
124000190,148,55,93
124000191,696,74,622
124000192,3999,577,3422
124000193,1102,1448,-346
124000194,490,895,-405
124000195,453,851,-398
124000196,1742,1847,-105
124000197,74,118,-44
124000198,66,86,-20
124000201,523,1532,-1009
124000202,992,330,662
124000203,347,1529,-1182
124000204,765,922,-157
124000205,122,887,-765
124000206,661,634,27
124000207,0,85,-85
124000209,500,1025,-525
124000210,411,283,128
124000211,588,3,585
124000212,0,808,-808
124000213,421,579,-158
124000214,334,1195,-861
124000215,402,21,381
124000216,1,840,-839
124000329,203,3555,-3352
124000338,130,1816,-1686
124000339,818,199,619
124000341,1215,147,1068
124000344,27,4,23
124000357,1401,3648,-2247
124000358,931,1986,-1055
124000359,1833,1129,704
124000360,1008,950,58
124000361,3599,1083,2516
124000362,2522,2844,-322
124000363,491,658,-167
124000364,977,1631,-654
124000365,969,1571,-602
124000366,2574,1196,1378
124000367,297,1100,-803
124000368,608,408,200
124000369,243,210,33
124000370,94,950,-856
124000402,57,18,39
124000403,149,15,134
124000404,17,181,-164
124000405,1539,1250,289
124000406,1388,1336,52
124000407,4,48,-44
124000411,15,626,-611
124000412,559,13,546
124000413,989,70,919
124000414,89,190,-101
124000415,51,320,-269
124000416,157,480,-323
124000417,147,168,-21
124000418,142,188,-46
124000419,90,210,-120
124000420,73,123,-50
124000421,48,357,-309
124000422,76,41,35
124000423,316,50,266
124000424,5,130,-125
124000425,36,46,-10
124000426,5,69,-64
124000427,31,20,11
124000428,62,49,13
124000429,132,116,16
124000430,930,1191,-261
124000431,401,1195,-794
124000432,313,1463,-1150
124000439,2,42,-40
124000442,4,194,-190
124000443,0,1,-1
124000445,205,651,-446
124000446,2190,89,2101
124900001,465,522,-57
124900002,297,710,-413
124900003,1137,801,336
124900004,638,539,99
124900005,436,376,60
124900006,720,547,173
124900008,1798,777,1021
124900009,158,387,-229
124900010,180,82,98
124900011,657,288,369
124900012,607,181,426
124900013,618,205,413
124900014,398,159,239
124900015,289,496,-207
124900016,81,186,-105
124900017,1482,1426,56
124900018,41,29,12
124900020,95,89,6
124900021,288,92,196
124900022,110,43,67
124900024,334,71,263
124900026,446,18,428
124900027,122,453,-331
124900028,1173,218,955
124900029,11,629,-618
124900030,14,352,-338
124900031,63,639,-576
124900032,374,304,70
124900033,205,703,-498
124900034,4,184,-180
124900035,273,786,-513
124900036,0,67,-67
124900037,223,649,-426
124900038,435,531,-96
124900039,0,38,-38
124900040,238,131,107
124900041,310,1724,-1414
124900042,137,4,133
124900043,648,1750,-1102
124900044,192,6,186
124900045,1132,1431,-299
124900046,2464,324,2140
124900047,156,364,-208
124900048,152,279,-127
124900050,221,486,-265
124900052,117,619,-502
124900053,144,551,-407
124900054,4595,585,4010
124900055,0,175,-175
124900057,42,133,-91
124900060,174,345,-171
124900061,86,17,69
124900062,160,23,137
124900066,0,13,-13
124900067,8,247,-239
124900068,219,717,-498
124900070,92,28,64
124900072,172,95,77
124900074,483,453,30
124900075,255,329,-74
124900076,44,1082,-1038
124900077,31,179,-148
124900078,108,41,67
124900079,1409,355,1054
124900080,438,1141,-703
124900081,1097,380,717
124900082,493,1372,-879
124900083,224,892,-668
124900084,3695,192,3503
124900085,1569,430,1139
124900086,197,1339,-1142
124900087,933,167,766
124900088,1059,189,870
124900089,2157,58,2099
124900090,381,390,-9
124900091,524,792,-268
124900092,454,622,-168
124900093,447,304,143
124900094,450,496,-46
124900095,172,699,-527
124900096,1031,416,615
124900097,409,114,295
124900098,197,694,-497
124900099,1138,849,289
124900100,375,105,270
124900101,153,517,-364
124900102,309,83,226
124900103,248,446,-198
124900104,75,321,-246
124900105,145,235,-90
124900106,527,95,432
124900107,177,52,125
124900108,382,112,270
124900109,57,110,-53
124900110,318,591,-273
124900111,0,179,-179
124900112,121,1045,-924
124900113,168,355,-187
124900114,318,193,125
124900115,148,69,79
124900116,272,182,90
124900117,914,231,683
124900118,289,247,42
124900119,461,218,243
124900120,60,591,-531
124900121,139,417,-278
124900122,667,324,343
124900123,435,126,309
124900124,176,368,-192
129000186,535,81,454
204000001,22,4,18
204000002,29,22,7
204000003,77,3,74
204000004,15,0,15
204000005,747,895,-148
204000006,1862,3203,-1341
204000011,20,92,-72
204000012,55,110,-55
204000013,6,56,-50
204000019,674,870,-196
204000020,974,1004,-30
204000021,2775,1060,1715
204000022,520,635,-115
204000023,731,1604,-873
204000031,114,23,91
204000032,1031,53,978
204000034,32,395,-363
204000035,1,4,-3
204000036,38,44,-6
204000037,2,23,-21
204000038,0,12,-12
204000039,8,66,-58
204000040,16,41,-25
204000041,12,75,-63
204000042,112,18,94
204000043,27,8,19
204000044,39,3,36
204000045,181,7,174
204000046,40,7,33
204000057,24,39,-15
204000062,11,17,-6
204000068,36,312,-276
204000069,39,414,-375
204000070,109,216,-107
204000080,40,81,-41
204000085,2521,2987,-466
204000086,4198,3826,372
204000087,33,38,-5
204000088,3,137,-134
204000090,28,512,-484
204000093,307,137,170
204000096,1010,1431,-421
204000097,467,39,428
204000099,1238,2212,-974
204000100,1408,2575,-1167
204000105,3102,2614,488
204000110,1256,1937,-681
204000111,761,1158,-397
204000112,1686,1288,398
204000113,792,1402,-610
204000114,1055,877,178
204000115,925,509,416
204000116,2009,931,1078
204000119,2295,4256,-1961
204000132,655,403,252
204000133,748,514,234
204000134,469,264,205
204000135,640,161,479
204000136,527,434,93
204000138,488,647,-159
204000140,288,231,57
204000141,169,147,22
204000144,30,46,-16
204000145,620,41,579
204000146,15,656,-641
204000147,72,217,-145
204000148,550,35,515
204000154,9,4,5
204000155,6,15,-9
204000177,89,107,-18
204000179,42,15,27
204000180,0,36,-36
204000222,13,18,-5
204000235,27,19,8
204000236,103,523,-420
204000238,32,49,-17
204000240,522,129,393
204000263,702,1771,-1069
204000268,1640,1352,288
204000308,502,39,463
204000317,17,133,-116
204000322,10,84,-74
204000323,46,23,23
204000328,302,141,161
204000329,42,223,-181
204000330,274,77,197
204000331,40,203,-163
204010341,18,401,-383
205000001,1403,2518,-1115
205000013,14,98,-84
205000014,33,150,-117
205000015,42,279,-237
205000016,28,248,-220
205000017,72,148,-76
205000022,431,1064,-633
205000025,1907,1581,326
205000029,363,7,356
205000045,282,333,-51
205000046,95,698,-603
205000047,114,655,-541
205000048,340,1583,-1243
205000049,198,1101,-903
205000050,1436,389,1047
205000059,1,372,-371
205000060,2,122,-120
205000061,4,41,-37
205000062,1,39,-38
205000063,27,231,-204
205000064,17,242,-225
205000065,75,895,-820
205000066,122,1131,-1009
205000067,56,1468,-1412
205000069,177,41,136
205000082,216,668,-452
205000110,80,302,-222
205000111,231,367,-136
205000112,245,314,-69
205000113,268,529,-261
205000121,326,265,61
205000123,86,364,-278
205000126,601,554,47
205000127,916,642,274
205000128,863,527,336
205000129,1075,408,667
205000130,1485,134,1351
205000131,1694,18,1676
205000132,1802,13,1789
205000133,2012,6,2006
205000134,891,0,891
205000137,98,235,-137
205000138,242,514,-272
205000139,42,186,-144
205000144,105,151,-46
205000145,480,491,-11
205000151,330,187,143
205000152,311,120,191
205000153,257,170,87
205000154,122,235,-113
205000155,239,70,169
205000207,12,237,-225
205000233,123,40,83
205000234,0,0,0
205000243,0,0,0
205000244,0,8,-8
205000245,31,448,-417
205000249,1,58,-57
205000250,5,2,3
205000264,20,128,-108
206000027,17,4,13
206000028,5,3,2
206000043,10,184,-174
206000053,5,24,-19
206000054,3,51,-48
206000055,4,53,-49
206000075,6,7,-1
206000076,29,14,15
206000077,21,6,15
206000078,14,0,14
206000079,33,8,25
206000082,1005,58,947
206000100,124,1402,-1278
206000103,3,25,-22
206000104,46,36,10
206000105,6,23,-17
206000106,7,43,-36
206000108,903,58,845
206000125,31,0,31
206000157,79,998,-919
206000170,2,302,-300
206000171,2,287,-285
206000172,22,1068,-1046
206000173,4,395,-391
206000174,6,140,-134
206000175,8,234,-226
206000176,21,383,-362
206000177,1,253,-252
206000178,3,221,-218
206000179,30,156,-126
206000180,19,282,-263
206000181,11,469,-458
206000182,10,408,-398
206000183,27,1498,-1471
206000184,9,553,-544
206000185,9,380,-371
206000186,151,1770,-1619
206000223,16,271,-255
206000226,27,5,22
206000227,24,2,22
206000237,40,558,-518
206000238,46,795,-749
206000239,719,3129,-2410
206000240,0,96,-96
206000241,0,168,-168
206000242,7,489,-482
206000243,10,374,-364
206000244,67,1071,-1004
206000245,480,67,413
206000246,93,12,81
206000247,133,9,124
206000248,502,32,470
206000252,116,32,84
206000258,24,39,-15
206000315,68,9,59
206000317,564,107,457
206000318,420,60,360
206000319,845,133,712
206000320,101,80,21
206000321,96,18,78
206000322,385,31,354
206000323,139,5,134
206000324,127,9,118
206000325,259,15,244
206000326,332,11,321
206000327,673,12,661
206000328,82,2,80
206000329,196,6,190
206000330,42,7,35
206000331,104,5,99
206000332,25,4,21
206000333,451,7,444
206000334,211,1,210
206000335,0,10,-10
206000361,7,397,-390
206000392,6,48,-42
206000405,149,2,147
206000441,21,29,-8
206000498,52,6,46
206000515,139,33,106
206000530,201,78,123
206000531,225,269,-44
206000532,3781,319,3462
206000535,530,3498,-2968
206000536,32,322,-290
206000537,19,292,-273
206000613,2145,277,1868
207000001,260,706,-446
207000002,206,401,-195
207000003,232,262,-30
207000007,686,353,333
207000008,44,9,35
207000009,87,30,57
207000010,509,757,-248
207000012,415,397,18
207000015,391,2038,-1647
207000019,336,132,204
207000021,821,247,574
207000022,219,136,83
207000023,251,55,196
207000024,8,19,-11
207000025,42,91,-49
207000026,210,64,146
207000027,53,112,-59
207000028,45,278,-233
207000029,386,629,-243
207000033,379,453,-74
207000034,425,131,294
207000039,362,236,126
207000040,266,160,106
207000041,183,66,117
207000042,375,99,276
207000043,335,231,104
207000051,145,403,-258
207000052,96,255,-159
207000053,559,885,-326
207000054,83,183,-100
207000055,241,226,15
207000056,458,586,-128
207000057,207,414,-207
207000058,247,496,-249
207000059,124,973,-849
207000060,128,369,-241
207000061,437,400,37
207000062,285,39,246
207000063,262,171,91
207000064,580,212,368
207000065,383,291,92
207000066,234,219,15
207000067,61,155,-94
207000068,141,111,30
207000069,785,577,208
207000082,23,352,-329
207000083,100,484,-384
207000084,283,367,-84
207000085,141,5,136
207000086,139,4,135
207000106,34,46,-12
207000107,93,26,67
207000108,76,21,55
207000109,103,23,80
207000110,72,72,0
207000111,83,59,24
207000112,423,683,-260
207000114,36,74,-38
207000115,33,112,-79
207000116,33,484,-451
207000117,15,152,-137
207000118,7,158,-151
207000119,57,156,-99
207000123,255,33,222
207000124,74,41,33
207000125,90,73,17
207000126,60,84,-24
207000134,58,230,-172
207000135,23,367,-344
207000148,67,314,-247
207000149,136,68,68
207000152,239,642,-403
207000153,1328,1804,-476
207000154,474,192,282
207000159,113,294,-181
207000160,146,771,-625
207000238,0,221,-221
207000242,4,322,-318
207000248,51,74,-23
207000249,275,73,202
207000250,2033,153,1880
207000251,177,157,20
207000252,108,96,12
207000278,121,149,-28
207000279,24,262,-238
207000280,425,95,330
207000281,122,1627,-1505
207000282,265,51,214
207000283,208,372,-164
207000284,82,102,-20
207000285,217,37,180
207000291,16,161,-145
207000304,159,87,72
207000306,84,710,-626
207000310,127,121,6
207000353,281,2,279
207000356,34,42,-8
207000357,146,15,131
207000358,90,29,61
207000415,4,350,-346
207000417,59,1,58
207000418,101,160,-59
207000438,0,2,-2
207000439,1241,681,560
207000446,190,6,184
207000460,6,4,2
207000466,177,250,-73
207000467,204,152,52
207000468,64,567,-503
207000476,6,157,-151
207000477,749,253,496
207000478,10,49,-39
207000523,0,12,-12
207000524,82,35,47
207000527,124,301,-177
207000530,414,6,408
207000531,316,10,306
207000532,98,35,63
207000534,889,88,801
207000535,101,441,-340
207000537,30,241,-211
207000540,10,409,-399
207000541,0,528,-528
207000548,9,606,-597
207000549,359,14,345
207000561,137,217,-80
207000562,45,433,-388
207000567,285,398,-113
207000568,133,186,-53
207000569,490,1598,-1108
207000584,539,449,90
207000585,201,377,-176
207000616,0,243,-243
207000617,155,2,153
207900008,169,202,-33
208000001,711,1492,-781
208000002,857,921,-64
208000003,1511,889,622
208000004,2312,1274,1038
208000005,73,28,45
208000019,695,1508,-813
208000020,301,712,-411
208000021,278,864,-586
208000022,1178,1018,160
208000028,2440,1726,714
208000033,592,1069,-477
208000034,1695,3046,-1351
208000040,174,265,-91
208000041,1153,851,302
208000042,1741,999,742
208000047,215,652,-437
208000064,3761,2578,1183
208000066,2594,3042,-448
208000070,412,521,-109
208000071,599,1262,-663
208000072,517,1927,-1410
208000080,322,596,-274
208000081,354,254,100
208000082,418,463,-45
208000083,242,526,-284
208000084,143,24,119
208000085,2001,759,1242
208000086,868,1234,-366
208000087,507,1026,-519
208000089,1244,1176,68
208000090,1128,1568,-440
208000093,179,202,-23
208000094,644,905,-261
208000095,1160,711,449
208000104,1235,1656,-421
208000105,928,1754,-826
208000114,247,425,-178
208000115,702,512,190
208000116,723,1459,-736
208000117,141,219,-78
208000118,161,173,-12
208000155,1077,1418,-341
208000158,2293,5054,-2761
208000186,4584,5326,-742
208000204,830,1842,-1012
208000205,1450,2272,-822
208000282,6275,3844,2431
209000004,333,413,-80
209000005,60,79,-19
209000006,938,274,664
209000007,779,465,314
209000010,1138,247,891
209000011,331,389,-58
209000012,303,363,-60
209000013,333,840,-507
209000014,880,2003,-1123
209000025,393,83,310
209000026,944,187,757
209000027,554,1566,-1012
209000028,647,1346,-699
209000029,1813,1302,511
209000030,1167,2600,-1433
209000031,5872,4360,1512
209000034,319,335,-16
209000035,173,222,-49
209000036,268,215,53
209000037,301,385,-84
209000038,151,232,-81
209000039,61,251,-190
209000040,476,801,-325
209000041,233,540,-307
209000042,338,602,-264
209000043,1203,1001,202
209000044,355,958,-603
209000045,1572,635,937
209000046,516,745,-229
209000047,599,271,328
209000048,961,411,550
209000049,140,164,-24
209000050,225,259,-34
209000051,347,501,-154
209000052,251,514,-263
209000062,54,217,-163
209000063,43,207,-164
209000064,60,207,-147
209000065,62,74,-12
209000066,79,65,14
209000067,81,113,-32
209000080,60,433,-373
209000082,121,102,19
209000091,56,180,-124
209000093,157,44,113
209000094,343,258,85
209000110,65,176,-111
209000111,604,2425,-1821
209000112,1152,1020,132
209000113,4366,988,3378
209000114,594,663,-69
209000115,108,248,-140
209000116,1077,1076,1
209000118,136,77,59
209000119,181,15,166
209000121,239,1018,-779
209000135,114,293,-179
209000142,1263,3129,-1866
209000143,469,170,299
209000144,294,171,123
209000229,261,233,28
209000240,103,704,-601
209000259,105,170,-65
209000260,100,1876,-1776
209000261,7,1083,-1076
209000262,5,915,-910
209000263,2,272,-270
209000264,0,267,-267
209000265,587,6,581
209000266,121,5,116
209000267,1110,13,1097
209000268,930,145,785
210000037,127,45,82
210000047,108,53,55
210000048,113,60,53
210000049,81,47,34
210000052,64,184,-120
210000053,46,93,-47
210000054,66,146,-80
210000070,219,3,216
210000071,93,0,93
210000072,51,1,50
210000073,0,62,-62
210000074,1,237,-236
210000075,3,93,-90
210000076,23,213,-190
210000077,149,52,97
210000078,72,36,36
210000079,175,30,145
210000080,486,81,405
210000081,452,34,418
210000082,495,1,494
210000083,154,2,152
210000084,73,1,72
210000085,0,109,-109
210000086,6,223,-217
210000099,61,433,-372
210000100,87,421,-334
210000101,113,463,-350
210000105,74,548,-474
210000159,3,208,-205
210000163,214,402,-188
210000164,406,240,166
210000168,321,34,287
210000187,0,18,-18
210000188,0,44,-44
210000214,54,0,54
210000219,42,85,-43
210000220,137,145,-8
210000232,7,33,-26
210000233,47,133,-86
210000234,34,267,-233
210000235,50,261,-211
210000245,0,67,-67
210000246,68,2,66
210000258,12,177,-165
210000259,466,57,409
210000282,134,439,-305
210000285,0,165,-165
210000286,22,233,-211
210000290,1,6,-5
210000295,86,304,-218
210000296,134,107,27
210000320,203,169,34
210000321,107,170,-63
210000338,235,155,80
210000339,636,2180,-1544
210000340,202,922,-720
210000341,253,598,-345
210000342,295,397,-102
210000343,435,341,94
210000344,848,238,610
210000345,433,585,-152
210000346,193,222,-29
210000347,730,48,682
210000348,374,29,345
210000349,539,35,504
210000350,151,98,53
210000351,222,136,86
210000352,88,179,-91
210000353,60,193,-133
210000354,123,215,-92
210000355,129,202,-73
210000356,297,106,191
210000357,137,82,55
210000358,570,230,340
210000359,445,185,260
210000360,364,158,206
210000361,244,198,46
210000362,431,352,79
210000363,1263,342,921
210000364,192,254,-62
210000365,183,156,27
210000366,148,124,24
210000367,141,100,41
210000368,228,57,171
210000369,66,44,22
210000370,162,82,80
210000372,135,63,72
210000373,260,62,198
210000374,131,14,117
210000375,29,152,-123
210000376,215,283,-68
210000404,86,364,-278
210000439,20,96,-76
210000472,336,10,326
210000482,140,153,-13
210000564,674,450,224
210000567,1,22,-21
210000568,892,3,889
211000092,30,118,-88
211000094,22,6,16
211000169,270,25,245
211000172,11,366,-355
211000209,6,32,-26
211000226,6,18,-12
211000270,13,9,4
211000275,24,35,-11
211000276,99,58,41
211000279,27,63,-36
211000281,32,67,-35
211507980,0,50,-50
211977296,167,4,163
212000003,354,147,207
212000004,225,47,178
212000005,73,64,9
212000006,120,103,17
212000008,181,215,-34
212000009,45,170,-125
212000012,105,120,-15
212000013,22,85,-63
212000014,334,197,137
212000015,330,342,-12
212000016,686,725,-39
212000027,644,909,-265
212000028,310,753,-443
212000029,209,533,-324
212000030,37,63,-26
212000031,70,130,-60
212000048,58,201,-143
212000049,31,143,-112
212000050,21,12,9
212000051,208,286,-78
212000052,202,517,-315
212000053,390,941,-551
212000054,183,295,-112
212000055,290,438,-148
212000056,18,78,-60
212000057,11,43,-32
212000058,553,68,485
212000070,107,470,-363
212000077,173,1163,-990
212000099,305,522,-217
212000108,428,398,30
212000111,276,231,45
212000120,225,107,118
212000138,387,43,344
212000156,12,193,-181
212000158,8,27,-19
212000159,291,102,189
212000160,503,450,53
212000161,108,15,93
212000310,52,27,25
212000311,16,162,-146
212000374,37,24,13
213000001,66,911,-845
213000005,677,233,444
213000006,1606,350,1256
213000007,368,28,340
213000009,838,573,265
213000010,226,385,-159
213000011,440,197,243
213000012,209,519,-310
213000014,51,9,42
213000015,248,8,240
213000016,395,3,392
213000017,138,0,138
213000018,3,255,-252
213000019,4,242,-238
213000020,180,585,-405
213000021,2,144,-142
213000023,373,342,31
213000033,406,2038,-1632
213000034,824,524,300
213000035,87,622,-535
213000045,209,352,-143
213000046,221,355,-134
213000047,717,1467,-750
213000056,103,151,-48
213000069,285,9,276
213000073,1,28,-27
213000074,188,841,-653
213000075,963,15,948
213000076,51,4,47
213000085,3,62,-59
213000086,24,384,-360
213000091,163,11,152
213000092,34,19,15
213000099,247,1453,-1206
213000100,1556,342,1214
213000101,309,203,106
213000102,433,434,-1
213000103,1087,1186,-99
213000104,71,677,-606
213000105,1,95,-94
213000106,37,234,-197
213000107,168,944,-776
213000108,27,865,-838
213000109,6,372,-366
213000110,13,126,-113
213000111,13,127,-114
213000112,260,166,94
213000115,41,17,24
213000116,93,1369,-1276
213000117,18,1692,-1674
213000118,569,510,59
213000119,100,1231,-1131
213000120,105,1052,-947
213000122,349,1127,-778
213000123,1080,2539,-1459
213000124,167,1982,-1815
213000125,224,19,205
213000126,146,153,-7
213000127,228,228,0
213000128,963,1331,-368
213000129,724,1093,-369
213000130,489,511,-22
213000132,333,180,153
213000133,617,192,425
213000134,1309,33,1276
213000136,505,44,461
213000137,772,191,581
213000139,494,56,438
213000147,219,5,214
213000148,83,7,76
213000149,384,15,369
213000150,0,143,-143
213000151,16,114,-98
213000152,7,104,-97
213000153,8,80,-72
213000154,30,332,-302
213000155,71,468,-397
213000156,121,928,-807
213000157,929,627,302
213000158,369,1289,-920
213000159,630,1113,-483
213000163,646,181,465
213000165,1211,424,787
213000171,3,162,-159
213000172,2,457,-455
213000173,2,345,-343
213000174,4,329,-325
213000175,9,208,-199
213000176,68,42,26
213000177,72,16,56
213000178,130,7,123
213000179,207,0,207
213000180,135,0,135
213000184,140,833,-693
213000188,577,136,441
213000189,416,62,354
213000190,1147,1455,-308
213000191,411,906,-495
213000192,230,863,-633
213000193,2285,341,1944
213000194,0,59,-59
213000195,23,577,-554
213000196,278,1386,-1108
213000197,406,1496,-1090
213000198,264,4,260
213000200,188,1622,-1434
213000201,97,66,31
213000202,23,1244,-1221
213000203,5120,1111,4009
213000204,567,233,334
213000205,341,342,-1
213000206,871,240,631
213000207,358,50,308
213000208,308,6,302
213000209,368,9,359
213000210,1543,16,1527
213000211,49,24,25
213000212,68,18,50
213000213,54,33,21
213000218,486,1383,-897
213000219,686,17,669
213000220,681,17,664
213000223,477,275,202
213000224,148,57,91
213000225,125,20,105
213000226,150,23,127
213000227,1211,495,716
213000228,371,176,195
213000229,453,59,394
213000230,444,76,368
213000232,152,772,-620
213000233,26,139,-113
213000234,4,70,-66
213000293,58,80,-22
213000294,372,13,359
213000295,66,78,-12
213000296,54,45,9
213000297,7,235,-228
213000298,31,181,-150
213000299,108,51,57
213000300,5,13,-8
213000303,7,42,-35
213000304,6,13,-7
213000305,13,10,3
213000306,336,48,288
213000307,1387,108,1279
213000308,180,373,-193
213000309,223,93,130
213000310,1365,179,1186
213000311,347,1120,-773
213000315,92,221,-129
213000316,156,84,72
213000322,101,233,-132
213000323,106,150,-44
213000324,70,111,-41
213000325,61,226,-165
213000326,65,72,-7
213000327,74,151,-77
213000328,29,193,-164
213000329,112,111,1
213000340,193,1165,-972
213000341,440,172,268
213000347,1337,527,810
213000348,29,198,-169
213000349,26,9,17
213000350,375,1899,-1524
213000366,69,616,-547
213000367,241,40,201
213000379,136,182,-46
213000386,18,304,-286
213000406,92,657,-565
213000417,1836,909,927
213000425,180,56,124
213000426,129,117,12
213000427,60,670,-610
213000428,52,297,-245
213000429,33,6,27
213000430,127,1284,-1157
213000431,53,4,49
213000432,3,40,-37
213000433,48,269,-221
213000434,116,189,-73
213000435,84,173,-89
213000436,29,143,-114
213000437,6,75,-69
213000438,194,158,36
213000439,143,28,115
213000440,18,479,-461
213000441,1,1,0
213000442,6,58,-52
213000443,718,749,-31
213000444,39,116,-77
213000445,0,146,-146
213000446,0,19,-19
213000447,7,148,-141
213000448,9,143,-134
213000449,252,1,251
213000450,25,76,-51
213000451,231,160,71
213000452,24,24,0
213000453,59,514,-455
213000455,603,63,540
213000456,9,349,-340
213000481,71,45,26
213000484,61,0,61
213000489,512,265,247
213900002,1,240,-239
213900003,1405,11,1394
213900013,6,193,-187
213900015,0,5,-5
213900016,20,17,3
213900020,10,277,-267
213900030,4,87,-83
213900032,474,154,320
213900033,126,24,102
213900034,424,122,302
213900035,173,793,-620
213900036,111,305,-194
213900037,60,442,-382
213900038,365,376,-11
213900039,1,131,-130
213900041,2,240,-238
213900042,401,240,161
213900043,247,244,3
213900244,68,0,68
213900245,0,42,-42
218000003,68,27,41
218000004,47,37,10
218000005,75,59,16
218000006,128,43,85
218000007,13,15,-2
218000012,625,321,304
218000013,138,220,-82
218000014,585,558,27
218000019,881,932,-51
218000020,469,862,-393
218000021,43,129,-86
218000022,35,71,-36
218000023,5,65,-60
218000024,3,35,-32
218000025,11,47,-36
218000026,12,83,-71
218000027,3,25,-22
218000028,3,20,-17
218000029,5,7,-2
218000030,40,64,-24
218000031,5,78,-73
218000032,7,49,-42
218000040,14,6,8
218000046,76,173,-97
218000047,26,255,-229
218000048,86,260,-174
218000049,199,299,-100
218000050,582,475,107
218000051,124,509,-385
218000052,2,213,-211
218000053,12,9,3
218000054,14,60,-46
218000055,11,25,-14
218000056,27,43,-16
218000057,7,51,-44
218000064,4,16,-12
218000065,45,109,-64
218000066,12,123,-111
218000067,40,166,-126
218000068,133,147,-14
218000069,166,243,-77
218000070,149,359,-210
218000071,195,285,-90
218000072,400,401,-1
218000078,1050,1926,-876
218000079,83,151,-68
218000080,122,118,4
218000081,334,401,-67
218000082,89,247,-158
218000083,91,136,-45
218000084,166,337,-171
218000085,169,716,-547
218000086,58,356,-298
218000087,283,386,-103
218000090,15,162,-147
218000091,1098,843,255
218000092,101,251,-150
218000093,104,110,-6
218000094,630,968,-338
218000099,448,812,-364
218000100,311,440,-129
218000101,351,242,109
218000102,389,434,-45
218000103,90,288,-198
218000104,104,96,8
218000105,38,12,26
218000106,34,12,22
218000107,69,96,-27
218000108,8,78,-70
218000112,128,23,105
218000117,65,138,-73
218000134,949,1651,-702
218000135,160,201,-41
218000136,418,108,310
218000137,239,178,61
218000138,39,138,-99
218000139,257,430,-173
218000140,528,291,237
218000141,199,105,94
218000142,228,262,-34
218000143,197,308,-111
218000144,182,132,50
218000145,381,600,-219
218000146,59,224,-165
218000151,66,62,4
218000152,168,95,73
218000153,3,6,-3
218000154,13,0,13
218000155,17,1,16
218000156,51,26,25
218000157,17,29,-12
218000158,3,15,-12
218000159,7,4,3
218000160,0,7,-7
218000161,25,10,15
218000162,38,12,26
218000163,7,1,6
218000164,29,12,17
218000165,76,43,33
218000170,4,77,-73
218000171,101,16,85
218000172,53,16,37
218000173,70,22,48
218000174,88,14,74
218000176,225,39,186
218000177,430,345,85
218000178,130,357,-227
218000179,113,157,-44
218000180,90,69,21
218000181,226,116,110
218000187,17,32,-15
218000188,81,82,-1
218000189,51,103,-52
218000190,23,30,-7
218000191,121,116,5
218000192,207,511,-304
218000193,599,686,-87
218000194,139,676,-537
218000195,188,139,49
218000196,407,514,-107
218000197,277,620,-343
218000198,18,227,-209
218000199,115,43,72
218000200,91,65,26
218000201,18,8,10
218000202,292,449,-157
218000207,4,96,-92
218000208,136,106,30
218000211,83,13,70
218000212,1,13,-12
218000213,183,102,81
218000214,5,45,-40
218000215,90,135,-45
218000217,5,210,-205
218000218,368,227,141
218000219,268,58,210
218000220,522,444,78
218000221,4295,322,3973
218000222,164,46,118
218000223,49,509,-460
218000224,11,158,-147
218000225,271,38,233
218000226,148,124,24
218000230,1,6,-5
218000232,65,149,-84
218000239,178,13,165
218000240,22,4,18
218000241,47,2,45
218000242,110,0,110
218000243,82,2,80
218000244,71,4,67
218000245,34,5,29
218000246,0,1,-1
218000247,2,0,2
218000248,0,34,-34
218000249,0,1,-1
218000250,3,22,-19
218000251,2,29,-27
218000252,3,36,-33
218000253,4,24,-20
218000254,5,33,-28
218000255,3,18,-15
218000256,11,75,-64
218000267,1043,1675,-632
218000268,20,83,-63
218000269,1,18,-17
218000270,43,30,13
218000271,53,56,-3
218000273,32,10,22
218000274,10,10,0
218000275,17,75,-58
218000276,18,62,-44
218000278,35,44,-9
218000279,31,38,-7
218000280,14,19,-5
218000281,36,11,25
218000282,749,483,266
218000284,167,74,93
218000301,206,166,40
218000302,143,96,47
218000303,71,90,-19
218000316,934,2031,-1097
218000317,1018,2124,-1106
218000318,510,1414,-904
218000319,1413,2373,-960
218000320,1186,1273,-87
218000338,158,34,124
218000345,259,69,190
218000346,149,325,-176
218000459,57,541,-484
218000490,131,52,79
218000501,75,41,34
218000502,39,127,-88
218000503,103,24,79
218000504,164,35,129
218000505,90,215,-125
218000506,28,326,-298
218000508,11,6,5
218000510,267,22,245
218000520,206,117,89
218000521,20,156,-136
218000522,0,199,-199
218000523,321,2,319
218000524,68,254,-186
218000525,215,23,192
218000526,60,175,-115
218000529,36,469,-433
218000530,10,9,1
218000531,10,49,-39
218000532,62,16,46
218000534,122,11,111
218000537,51,111,-60
218000538,221,230,-9
218000540,607,89,518
218000543,149,90,59
218000544,87,116,-29
218000545,87,100,-13
218000546,113,143,-30
218000547,140,146,-6
218000548,159,206,-47
218000549,475,301,174
218000550,232,610,-378
218000551,272,853,-581
218000552,824,49,775
218000553,42,104,-62
218000554,66,37,29
218000555,24,55,-31
218000556,125,534,-409
218000557,313,248,65
218000558,203,3,200
218000559,0,34,-34
218000560,0,32,-32
218000561,28,1,27
218000562,45,253,-208
218000563,300,27,273
218000564,27,129,-102
218000565,277,47,230
218000566,493,54,439
218000567,3,127,-124
218000568,77,5,72
218000569,22,184,-162
218000570,137,23,114
218000571,1,101,-100
218000572,261,2,259
218000573,13,163,-150
218000574,125,83,42
218000575,202,3,199
218000576,2,84,-82
218000577,481,8,473
218000578,0,91,-91
218000579,192,36,156
218000581,9,93,-84
218000582,69,3,66
218000583,24,0,24
218000584,0,35,-35
218000585,88,8,80
218000586,20,51,-31
218000587,7,2,5
218000588,2,4,-2
218000589,1,5,-4
218000590,8,1,7
218000591,2,8,-6
218000592,1,1,0
218000593,0,0,0
218000594,0,2,-2
218000595,0,0,0
218000596,0,0,0
218000597,0,0,0
218000598,0,0,0
218000599,0,0,0
218000600,0,5,-5
218000601,1,3,-2
218000602,0,10,-10
218000603,0,4,-4
218000604,14,0,14
218000605,0,55,-55
218000606,86,2,84
218000607,11,52,-41
218000608,93,17,76
218000609,0,44,-44
218000610,221,6,215
218000611,125,4,121
218000612,0,33,-33
218000613,69,2,67
218000614,20,35,-15
218000615,302,3,299
218000616,25,172,-147
218000617,31,6,25
218000618,0,28,-28
218000619,51,50,1
218000620,16,23,-7
218000621,0,12,-12
218000622,0,25,-25
218000623,65,5,60
218000624,13,49,-36
218000625,39,1,38
218000626,0,9,-9
218000628,161,54,107
218000631,30,15,15
218000632,2,165,-163
218000633,139,1,138
218000634,7,32,-25
218000635,23,17,6
218000636,1166,2413,-1247
218000637,873,1033,-160
218000638,190,121,69
218000639,25,332,-307
218000640,364,71,293
218000641,103,542,-439
218000652,111,202,-91
218000653,212,108,104
218000663,4,122,-118
218000675,67,52,15
218000676,4,53,-49
218000677,5,9,-4
218000680,181,664,-483
218000681,356,184,172
218000691,172,484,-312
218000693,211,204,7
218000703,12,131,-119
218000718,1083,883,200
218000719,1742,347,1395
218000720,19,133,-114
218000721,278,26,252
218000725,5,19,-14
218001214,24,63,-39
218001329,164,156,8
218001330,151,128,23
218001351,41,14,27
218001352,24,22,2
218001353,33,15,18
218001354,19,23,-4
219000001,28,85,-57
219000002,72,102,-30
219000003,55,47,8
219000004,93,53,40
219000017,622,27,595
219000020,186,96,90
219000022,180,12,168
219000023,220,1,219
219000029,0,94,-94
219000034,100,17,83
219000039,79,110,-31
219000040,123,40,83
219000041,194,43,151
219000051,0,69,-69
219000052,0,44,-44
219000053,4,194,-190
219000054,539,494,45
219000055,129,4,125
219000056,106,0,106
219000057,316,1,315
219000062,22,266,-244
219000063,83,6,77
219000064,1,79,-78
219000110,374,79,295
219000111,158,58,100
219000112,311,65,246
219000113,171,79,92
219000114,356,200,156
219000116,95,50,45
219000117,194,104,90
219000118,225,110,115
219000123,384,141,243
219000124,121,114,7
219000125,25,28,-3
219000126,112,152,-40
219000127,2,8,-6
219000128,12,153,-141
219000129,34,175,-141
219000130,1041,950,91
219000131,1054,1098,-44
219000133,81,44,37
219000134,20,27,-7
219000135,62,65,-3
219000136,179,273,-94
219000138,104,25,79
219000139,41,85,-44
219000140,48,4,44
219000141,16,166,-150
219000142,26,158,-132
219000143,13,160,-147
219000145,31,104,-73
219000146,3,74,-71
219000147,1,97,-96
219000148,1,104,-103
219000149,18,243,-225
219000150,5,214,-209
219000151,6,105,-99
219000157,237,211,26
219000158,293,375,-82
219000161,258,3,255
219000163,2334,717,1617
219000166,209,282,-73
219000167,132,341,-209
219000168,410,187,223
219000174,443,135,308
219000175,91,4,87
219000176,73,7,66
219000177,38,0,38
219000178,48,3,45
219000179,24,11,13
219000180,48,49,-1
219000182,151,29,122
219000183,50,46,4
219000184,113,20,93
219000185,1,128,-127
219000186,32,73,-41
219000187,41,170,-129
219000189,179,261,-82
219000190,176,360,-184
219000191,1953,1739,214
219000192,224,154,70
219000193,525,215,310
219000195,4,111,-107
219000196,5,237,-232
219000198,19,239,-220
219000199,140,380,-240
219000200,58,353,-295
219000201,124,415,-291
219000203,32,203,-171
219000204,163,290,-127
219000205,52,231,-179
219000207,296,426,-130
219000209,33,135,-102
219000210,290,193,97
219000213,16,380,-364
219000239,226,422,-196
219000240,288,494,-206
219000241,161,369,-208
219000242,161,291,-130
219000243,120,410,-290
219000244,43,96,-53
219000245,55,67,-12
219000246,90,27,63
219000247,128,51,77
219000248,742,450,292
219000249,294,97,197
219000250,208,152,56
219000251,843,262,581
219000252,338,188,150
219000253,457,83,374
219000255,126,147,-21
219000256,185,122,63
219000257,232,3,229
219000262,144,251,-107
219000263,49,248,-199
219000267,11,191,-180
219000268,8,5,3
219000269,30,6,24
219000270,19,0,19
219000271,144,34,110
219000278,2,9,-7
219000279,1,6,-5
219000283,0,18,-18
219000295,16,140,-124
219000296,70,705,-635
219000297,30,241,-211
219000298,22,271,-249
219000299,510,176,334
219000300,42,410,-368
219000301,198,534,-336
219000302,48,359,-311
219000307,70,81,-11
219000308,38,42,-4
219000311,194,64,130
219000312,711,90,621
219000313,352,47,305
219000314,108,862,-754
219000315,231,59,172
219000316,550,94,456
219000317,133,46,87
219000320,0,67,-67
219000321,0,18,-18
219000323,20,151,-131
219000325,8,30,-22
219000326,78,141,-63
219000327,94,47,47
219000328,87,88,-1
219000329,393,171,222
219000330,68,51,17
219000331,74,39,35
219000332,93,122,-29
219000333,13,5,8
219000335,96,4,92
219000337,35,0,35
219000338,161,0,161
219000344,51,99,-48
219000345,69,159,-90
219000346,59,199,-140
219000348,186,278,-92
219000349,44,305,-261
219000350,85,203,-118
219000351,11,13,-2
219000352,388,83,305
219000353,131,74,57
219000354,153,202,-49
219000355,197,71,126
219000356,2658,1260,1398
219000363,422,85,337
219000364,103,78,25
219000365,143,18,125
219000366,411,614,-203
219000368,712,573,139
219000370,1843,476,1367
219000371,18,24,-6
219000382,15,39,-24
219000383,954,1244,-290
219000385,812,786,26
219000386,1239,2321,-1082
219000387,19,15,4
219000390,19,12,7
219000391,13,3,10
219000397,94,115,-21
219000398,76,60,16
219000401,8,170,-162
219000402,31,113,-82
219000403,185,261,-76
219000404,24,132,-108
219000407,6,43,-37
219000409,89,64,25
219000410,130,53,77
219000411,112,20,92
219000446,258,685,-427
219000447,1,20,-19
219000448,25,17,8
219000452,170,83,87
219000453,113,199,-86
219000454,523,271,252
219000556,277,118,159
219000558,259,313,-54
219000590,28,251,-223
219000591,75,99,-24
219000592,187,568,-381
219000595,6,50,-44
219000635,159,86,73
219000636,48,157,-109
219000657,48,22,26
219000658,49,124,-75
219000673,0,16,-16
219000676,216,5,211
219000679,144,8,136
219000684,189,3,186
219000685,0,95,-95
219000686,4,4,0
219000688,0,102,-102
219000689,44,387,-343
219000690,235,30,205
219000691,83,258,-175
219000692,238,42,196
219000693,0,48,-48
219000694,7,2,5
219000695,10,9,1
219000698,94,1,93
219000699,0,13,-13
219000727,4,183,-179
219000728,144,18,126
219000770,73,1,72
219000771,1,56,-55
219000788,35,19,16
219001150,2,47,-45
219001151,5,1,4
219001166,25,14,11
219001167,1,89,-88
220000001,131,88,43
220000002,35,201,-166
220000003,868,298,570
220000004,1538,733,805
220000005,2392,2244,148
220000006,324,1234,-910
220000007,452,782,-330
220000008,444,1367,-923
220000009,355,628,-273
220000010,334,290,44
220000011,1505,5506,-4001
220000012,115,809,-694
220000014,151,65,86
220000015,148,212,-64
220000017,73,594,-521
220000018,10167,4565,5602
220000019,189,448,-259
220000020,675,352,323
220000021,638,294,344
220000022,657,651,6
220000023,318,275,43
220000024,2647,463,2184
220000025,1971,1358,613
220000026,307,266,41
220000027,30,190,-160
220000028,61,78,-17
220000029,112,379,-267
220000030,172,127,45
220000031,525,496,29
220000064,32,1304,-1272
221000046,12,0,12
221000047,0,2,-2
221000048,1,3,-2
221000049,0,20,-20
221000050,38,0,38
221000055,81,65,16
221000057,71,16,55
221000068,491,170,321
221000069,415,95,320
221000070,219,33,186
221000071,91,11,80
221000072,414,31,383
221000073,262,105,157
221000074,2,37,-35
221000075,43,18,25
221000076,13,49,-36
221000077,62,179,-117
221000081,61,13,48
221000082,58,19,39
221000083,43,11,32
221000084,2,5,-3
221000085,24,99,-75
221000086,14,214,-200
221000087,7,247,-240
221000088,13,280,-267
221000089,47,412,-365
221000090,199,740,-541
221000098,137,19,118
221000099,162,20,142
221000100,108,10,98
221000101,215,18,197
221000102,153,16,137
221000109,8,121,-113
221000110,10,172,-162
221000111,25,255,-230
221000112,12,198,-186
221000113,23,227,-204
221000114,10,242,-232
221000120,29,47,-18
221000121,6,41,-35
221000122,146,52,94
221000123,14,15,-1
221000124,81,392,-311
221000155,161,20,141
221000156,117,68,49
221000175,3,17,-14
221000176,3,6,-3
221000182,50,8,42
221000241,638,316,322
221000242,294,597,-303
221000243,600,207,393
221000244,365,639,-274
221000245,122,130,-8
221000246,61,306,-245
221000247,98,116,-18
221000248,255,169,86
221000267,130,1170,-1040
221000325,99,98,1
221000331,42,172,-130
221000338,114,37,77
221000378,259,32,227
221000381,108,58,50
222000282,20,2,18
222000296,6,40,-34
222000568,404,28,376
222000569,141,31,110
222000570,145,16,129
222000571,453,14,439
222000577,25,321,-296
222000578,32,281,-249
222000579,63,177,-114
222000580,200,1345,-1145
222000599,0,169,-169
222000600,3,444,-441
222000601,4,1370,-1366
222000603,36,47,-11
222000604,11,34,-23
222000605,23,52,-29
222000606,9,16,-7
222000607,7,2,5
222000608,52,10,42
222000609,37,390,-353
222000616,280,57,223
222000617,9,34,-25
222000618,4,8,-4
222000620,72,22,50
222000621,144,12,132
222000623,762,9,753
222000624,335,6,329
222000625,483,66,417
222000636,111,2,109
222000686,51,32,19
222000687,64,59,5
222001066,621,4,617
222001067,12,20,-8
222001068,26,107,-81
222001069,31,120,-89
222001082,36,66,-30
222001083,16,96,-80
222001084,0,16,-16
222001085,0,306,-306
222001111,38,239,-201
222001112,77,115,-38
222001313,86,4,82
222001314,10,197,-187
222001464,137,95,42
222001465,66,161,-95
222001484,105,80,25
222001485,28,48,-20
222001494,390,219,171
222001495,136,495,-359
222001496,313,115,198
222001497,108,730,-622
222001502,31,127,-96
222001503,118,68,50
222001504,31,407,-376
222001505,358,18,340
222001506,40,374,-334
222001507,296,33,263
222001510,405,51,354
222001511,50,538,-488
222001514,697,211,486
222001515,350,924,-574
222001518,257,83,174
222001519,80,447,-367
222001527,361,111,250
222001528,88,244,-156
222001529,209,58,151
222001530,70,337,-267
222001533,181,569,-388
222001534,301,111,190
222001535,168,293,-125
222001536,121,410,-289
222001537,267,41,226
222001538,117,766,-649
222001563,469,103,366
222001564,78,949,-871
222001568,525,164,361
222001576,4,2,2
222001579,0,7,-7
222001583,50,294,-244
222001584,150,15,135
222001596,995,2068,-1073
222001597,1920,347,1573
222001626,0,202,-202
222001650,99,104,-5
222001651,72,228,-156
222001914,255,105,150
222001915,64,372,-308
222900004,547,277,270
222900009,507,1065,-558
222900019,342,372,-30
222900024,20,79,-59
222900025,0,33,-33
225000001,569,277,292
225000002,581,266,315
225000003,577,170,407
225000004,361,560,-199
225000005,54,121,-67
225000006,2,216,-214
225000007,4212,1974,2238
225000010,426,12,414
225000011,765,2014,-1249
225000012,251,1048,-797
225000013,221,229,-8
225000014,2066,131,1935
225000015,137,325,-188
225000021,1003,428,575
225000027,346,826,-480
225000032,1061,312,749
225000042,96,1145,-1049
225000049,58,73,-15
225000050,70,18,52
225000053,11,673,-662
225000058,1067,223,844
225000067,281,285,-4
225000068,159,732,-573
225000069,196,805,-609
225000070,80,719,-639
225000071,44,386,-342
225000075,63,1469,-1406
225000076,136,202,-66
225000078,216,120,96
225000085,49,127,-78
225000086,708,58,650
225000087,383,72,311
225000088,18,288,-270
225000089,344,1301,-957
225000090,34,603,-569
225000091,192,339,-147
225000092,41,96,-55
225000093,217,497,-280
225000094,19,623,-604
225000095,402,786,-384
225000096,366,781,-415
225000098,897,286,611
225000099,443,206,237
225000100,316,181,135
225000104,133,674,-541
225000110,22,757,-735
225000111,367,1862,-1495
225000112,816,1577,-761
225000113,323,874,-551
225000114,171,492,-321
225000115,3503,980,2523
225000116,1324,284,1040
225000117,1157,608,549
225000118,1293,561,732
225000119,292,187,105
225000120,953,153,800
225000121,332,69,263
225000123,2988,37,2951
225000125,564,368,196
225000126,1704,366,1338
225000127,1169,1413,-244
225000128,433,856,-423
225000132,258,49,209
225000133,440,45,395
225000134,720,172,548
225000135,55,12,43
225000136,221,23,198
225000137,162,112,50
225000138,474,101,373
225000143,145,288,-143
225000144,3,504,-501
225000145,105,88,17
225000146,43,170,-127
225000147,21,490,-469
225000148,10,387,-377
225000149,125,767,-642
225000151,26,531,-505
225000155,376,751,-375
225000156,448,1422,-974
225000157,435,583,-148
225000158,174,568,-394
225000171,5,252,-247
225000180,56,0,56
225000181,0,167,-167
225000182,99,15,84
225000185,7,483,-476
225000187,68,661,-593
225000191,144,3,141
225000194,0,21,-21
225000208,2,77,-75
225000209,93,29,64
225000210,6,591,-585
225000217,0,19,-19
225000218,26,4,22
225000223,5,71,-66
225000224,314,2,312
225000225,15,62,-47
225000226,308,0,308
225000227,83,156,-73
225000228,29,7,22
225000229,0,84,-84
225000230,84,1,83
225000231,0,130,-130
225000232,182,0,182
225000241,98,0,98
225000242,0,45,-45
225000249,17,0,17
225000250,71,1436,-1365
225000251,471,53,418
225000254,31,0,31
225000256,47,76,-29
225000257,7,325,-318
226000042,790,701,89
226000043,161,367,-206
226000044,373,1025,-652
226000045,111,683,-572
226000046,630,169,461
226000047,599,123,476
226000048,546,117,429
226000049,505,213,292
226000070,0,134,-134
226000071,0,94,-94
226000072,0,26,-26
226000073,3,40,-37
226000074,1,40,-39
226000084,3,82,-79
226000085,2,14,-12
226000086,3,22,-19
226000087,1,30,-29
226000088,114,46,68
226000090,396,79,317
226000091,30,32,-2
226000092,2,8,-6
226000093,40,4,36
226000094,45,2,43
226000095,86,5,81
226000105,46,2,44
226000106,32,0,32
226000107,5,1,4
226000108,87,0,87
226000109,79,2,77
226000124,296,140,156
226000134,519,690,-171
226000135,1245,1061,184
226000136,389,638,-249
226000137,9,767,-758
226000138,30,513,-483
226000139,6,31,-25
226000156,125,5,120
226000157,200,15,185
226000163,172,93,79
226000202,5,828,-823
226000231,265,6,259
226000232,131,2,129
227000033,331,99,232
227000036,260,53,207
227000037,181,52,129
227000038,239,79,160
227000084,3,104,-101
227000085,1,65,-64
227000088,173,4,169
227000089,183,3,180
227000090,158,0,158
227000091,21,0,21
227000092,50,0,50
227000093,256,1,255
227000094,22,0,22
227000130,60,84,-24
227000131,47,265,-218
227000132,7,303,-296
227000133,17,279,-262
227000134,20,358,-338
227000152,0,8,-8
227000153,0,67,-67
227000154,1,35,-34
227000155,4,24,-20
227000156,3,26,-23
227000165,13,40,-27
227000196,334,440,-106
227000199,341,940,-599
227000230,24,839,-815
227000232,426,29,397
227000242,41,602,-561
227000243,486,98,388
227000245,17,465,-448
227000246,129,581,-452
227000247,358,110,248
227000248,128,38,90
227000249,13,241,-228
227000250,641,175,466
227000251,188,210,-22
227000252,19,470,-451
227000253,73,28,45
227000262,250,63,187
227000266,958,21,937
227000267,47,3650,-3603
227000282,3,398,-395
227000284,408,44,364
227000286,4,105,-101
227000291,19,1059,-1040
227000296,435,419,16
227000484,426,24,402
227000485,28,1393,-1365
227000655,116,40,76
227000656,690,34,656
227000657,50,32,18
227000704,384,18,366
229000265,12,19,-7
229000266,8,0,8
229000267,47,0,47
229000268,124,0,124
229000269,77,0,77
229000274,0,59,-59
229000275,2,35,-33
229000276,6,35,-29
229000277,0,4,-4
229000278,2,21,-19
229000295,22,60,-38
229000296,25,20,5
229000297,21,78,-57
229000298,18,340,-322
229000320,25,32,-7
229000321,22,37,-15
229000412,76,136,-60
229000414,6,92,-86
229000415,27,0,27
229000416,2,2,0
229000417,6,37,-31
229000419,202,581,-379
229000440,407,190,217
229000442,27,13,14
229000443,8,3,5
229000444,2,49,-47
229000445,104,16,88
229000446,160,42,118
229000491,3,45,-42
229000492,12,238,-226
229000493,8,205,-197
229000494,25,9,16
229000495,94,10,84
229000496,75,5,70
229000507,1,94,-93
229000508,4,55,-51
229000509,0,86,-86
229000510,5,63,-58
229000511,6,77,-71
229000512,2,73,-71
229000513,0,16,-16
229000514,0,7,-7
229000517,1,17,-16
229000518,19,52,-33
229000519,3,30,-27
229000520,11,41,-30
229000521,40,26,14
229000522,11,13,-2
229000523,13,6,7
229000524,2,2,0
229000527,1,0,1
229000528,0,1,-1
229000529,9,0,9
229000530,66,9,57
229000531,68,8,60
229000532,64,1,63
229000533,112,1,111
229000534,82,2,80
229000564,64,0,64
229000565,10,0,10
229000566,0,14,-14
229000567,2,78,-76
229000582,146,1,145
229000583,13,7,6
229000584,1,43,-42
229000585,2,96,-94
229000718,0,3,-3
229000719,0,4,-4
229000720,0,12,-12
229000721,0,10,-10
229000722,0,25,-25
229000723,0,18,-18
229000724,0,1,-1
229000725,0,9,-9
229000738,0,0,0
229000739,5,0,5
229000740,2,1,1
229000741,11,0,11
229000742,15,0,15
229000743,32,0,32
229000744,3,0,3
229000745,6,0,6
229000746,63,0,63
229000847,50,1,49
229000848,17,0,17
229000849,114,0,114
229000851,28,0,28
229000854,0,55,-55
229000856,4,194,-190
229000857,0,52,-52
229000858,1,150,-149
229000919,24,125,-101
229000930,6,366,-360
229000937,82,16,66
229000966,46,26,20
229000981,22,71,-49
229000985,17,92,-75
229000986,2,7,-5
229000987,0,5,-5
229000988,1,6,-5
229000989,62,35,27
229000990,13,1,12
229000991,6,4,2
229000992,25,34,-9
229000993,405,40,365
229000998,21,122,-101
229000999,107,63,44
229001034,4,36,-32
229001035,12,1,11
229001036,4,163,-159
229001037,74,3,71
229001038,0,3,-3
229001039,18,1,17
229001040,2,198,-196
229001041,158,0,158
229001042,15,48,-33
229001047,22,133,-111
229001050,64,47,17
229001168,0,21,-21
229001200,7,9,-2
229001338,13,39,-26
229001394,298,12,286
229001422,123,40,83
229001423,50,221,-171
229001431,63,63,0
229001432,72,82,-10
229001444,166,137,29
229001445,93,399,-306
229001479,4,4,0
229001503,227,141,86
229001504,118,237,-119
229001505,101,57,44
229001506,93,275,-182
229001509,93,8,85
229001510,10,104,-94
229001545,65,5,60
229001546,7,91,-84
229001553,67,15,52
229001554,46,136,-90
229001630,93,40,53
229001631,49,68,-19
229001635,0,17,-17
229001636,4,0,4
229001658,2,147,-145
229001659,81,8,73
229001660,3,3,0
229001661,9,46,-37
229001662,53,0,53
229001663,0,19,-19
229002584,335,366,-31
229002831,426,376,50
229002841,17,28,-11
229002842,18,42,-24
229002843,128,36,92
229002844,211,89,122
229002845,11,82,-71
229002846,18,29,-11
229002847,35,21,14
229002848,16,34,-18
229002849,4,69,-65
229002850,13,2,11
229002851,132,132,0
229002852,199,116,83
229002853,188,28,160
229002854,174,54,120
229002855,35,32,3
229002856,71,18,53
229002857,15,47,-32
229002858,9,19,-10
229002859,175,26,149
229002860,239,16,223
229002861,124,57,67
229002862,107,130,-23
229002863,36,21,15
229002864,36,76,-40
229002865,20,16,4
229002866,17,49,-32
229002867,14,40,-26
229002868,17,11,6
229002869,46,218,-172
229002870,58,25,33
235000066,516,98,418
235000067,166,147,19
235000072,40,89,-49
235000073,87,519,-432
235000074,69,117,-48
235000080,70,115,-45
235000081,133,204,-71
235000082,171,122,49
235000083,196,196,0
235000084,66,100,-34
235000085,44,120,-76
235000089,47,39,8
235000092,17,232,-215
235000093,23,9,14
235000097,3,10,-7
235000098,61,22,39
235000099,58,43,15
235000116,78,24,54
235000117,1005,39,966
235000133,26,441,-415
235000134,18,170,-152
235000206,12,14,-2
235000207,1,4,-3
235000208,2,2,0
235000209,12,0,12
235000210,13,1,12
235000212,5,26,-21
235000213,4,12,-8
235000220,7,10,-3
235000221,129,11,118
235000238,33,42,-9
235000239,3,4,-1
235000242,391,579,-188
235000245,920,241,679
235000246,34,106,-72
235000284,12,137,-125
235000295,129,16,113
235000305,261,31,230
235000306,109,12,97
235000307,23,3,20
235000308,49,2,47
235000309,73,1,72
235000310,165,1,164
235000311,158,11,147
235000322,2,36,-34
235000323,0,75,-75
235000324,3,27,-24
235000325,2,13,-11
235000326,7,260,-253
235000351,0,73,-73
235000352,31,74,-43
235000353,1,34,-33
235000354,6,37,-31
235000355,14,87,-73
235000356,186,18,168
235000357,31,15,16
235000358,71,13,58
235000359,12,5,7
235000360,140,42,98
235000361,61,6,55
235000381,84,273,-189
235000382,167,118,49
235000390,17,4,13
235000391,91,19,72
235000392,100,235,-135
235000393,78,186,-108
235000395,78,60,18
235000396,365,127,238
235000400,323,31,292
235000401,129,221,-92
235000405,146,339,-193
235000406,57,329,-272
235000407,98,136,-38
235000409,222,235,-13
235000410,69,320,-251
235000411,4,113,-109
235000485,0,19,-19
235000486,15,1,14
235000549,88,136,-48
235000550,75,287,-212
235000599,84,74,10
235000600,20,23,-3
235000601,34,36,-2
235000602,68,152,-84
235000614,3,3,0
235000648,0,47,-47
235000649,53,8,45
235000685,1,5,-4
235000815,15,18,-3
235000834,0,5,-5
235000855,44,98,-54
235000862,108,276,-168
235000891,0,14,-14
235000892,61,3,58
235000901,105,141,-36
235000907,6,11,-5
235001010,55,151,-96
235001029,804,619,185
235001030,396,354,42
235001078,106,120,-14
235001079,119,109,10
235001147,22,92,-70
235001166,37,122,-85
235001167,23,47,-24
235001169,35,427,-392
235001188,5,6,-1
235001189,7,1,6
235001197,21,16,5
235001200,42,44,-2
235001207,111,13,98
235001208,18,3,15
235001209,27,40,-13
235001210,38,137,-99
235001215,39,97,-58
235001239,4,80,-76
235001244,0,7,-7
235016267,0,43,-43
241900007,57,2,55
277101746,0,1,-1
277102712,0,0,0
277103813,0,0,0
277103898,0,8,-8
277104249,0,5,-5
277104250,0,19,-19
277104251,0,14,-14
277104252,0,5,-5
990011530,0,308,-308
990014944,1,652,-651
990015176,72,18,54
990015618,1,154,-153
990016032,2,934,-932
990032570,10,408,-398
990070001,100,5,95
990070103,0,4,-4
990070601,2,116,-114
990070751,564,3,561
990070766,3,939,-936
990071180,979,326,653
990071343,51,0,51
990071387,0,12,-12
990071823,857,20,837
990072600,3,882,-879
990072964,0,774,-774
990073285,0,1,-1
990074393,4,1622,-1618
990074870,1114,9,1105
990075106,1065,8,1057
990075746,563,8,555
990076437,1188,6,1182
990076458,6,1505,-1499
997000007,502,11,491
997000041,10,239,-229
997000058,54,1,53
997000062,202,2,200
997000069,0,11,-11
997000070,0,120,-120
997000100,36,0,36
997000141,24,3530,-3506
997000198,7,1713,-1706
998000475,1,35,-34
998000736,2,359,-357
998000965,0,25,-25
998001031,0,74,-74
998001700,0,36,-36
998001899,0,2,-2
998001900,12,0,12
998003073,2507,58,2449
998101900,0,0,0
998102850,0,132,-132
998501927,1061,579,482
998501929,146,3,143
998501930,71,0,71
998501931,161,43,118
998501932,21,25,-4
998501933,86,5,81
998501937,31,7,24
998501944,7,0,7
998501950,0,0,0
998501970,57,2,55
998501971,1,111,-110
998501973,0,132,-132
998501974,2,350,-348
998501975,698,6,692
998501976,179,1,178
998501977,8,30,-22
998501978,80,0,80
998501979,0,16,-16
998501980,174,5,169
998501981,18,0,18
998501982,3,193,-190
998501983,0,0,0
998502006,0,0,0
998502024,1,7,-6
998502032,0,6,-6
998502062,21,0,21
998502063,0,0,0
998502173,27,0,27
998502269,0,0,0
998601159,2,248,-246
998601292,0,22,-22
999033574,0,415,-415
999800001,72,3,69
999800002,0,4,-4
999800003,9,2,7
999800004,0,9,-9
999800005,0,19,-19
