ID,insum,outsum,diff
100000001,195,221,-26
100000002,74,103,-29
100000003,706,306,400
100000004,83,26,57
100000005,175,370,-195
100000006,3,0,3
100000007,15,5,10
100000008,3,74,-71
100000009,0,0,0
100000010,0,0,0
100000011,0,0,0
100000012,0,117,-117
100000013,0,28,-28
100000014,3,53,-50
100000015,11,4,7
100000016,86,217,-131
100000017,31,117,-86
100000018,130,90,40
100000019,716,369,347
100000020,24,20,4
100000021,830,228,602
100000022,87,74,13
100000023,515,67,448
100000025,691,247,444
100000028,394,277,117
100000029,45,62,-17
100000030,3,0,3
100000031,472,299,173
100000032,582,404,178
100000033,89,359,-270
100000034,462,363,99
100000035,99,78,21
100000036,148,184,-36
100000037,3,1,2
100000038,13,6,7
100000039,15,7,8
100000040,6,0,6
100000041,3,3,0
100000042,3,2,1
100000043,0,1,-1
100000044,45,134,-89
100000045,61,236,-175
100000046,40,233,-193
100000047,51,301,-250
100000048,123,313,-190
100000049,319,692,-373
100000051,75,316,-241
100000053,3,1,2
100000054,4,2,2
100000055,68,122,-54
100000056,0,0,0
100000057,7,1,6
100000058,165,406,-241
100000059,0,22,-22
100000060,35,65,-30
100000061,90,116,-26
100000062,85,60,25
100000063,50,47,3
100000064,69,121,-52
100000065,80,335,-255
100000066,41,258,-217
100000067,73,188,-115
100000068,97,259,-162
100000069,71,285,-214
100000072,17,93,-76
100000073,259,602,-343
100000075,72,145,-73
100000076,100,159,-59
100000077,0,0,0
100000078,0,0,0
100000079,0,0,0
100000080,1,0,1
100000081,0,0,0
100000102,57,137,-80
100000103,462,133,329
100000104,494,169,325
100000105,625,83,542
100000106,76,47,29
100000107,24,12,12
100000108,266,432,-166
100000109,1227,535,692
100000116,320,148,172
100000117,0,0,0
100000118,649,870,-221
100000119,57,369,-312
100000121,0,0,0
100000122,33,168,-135
100000123,654,814,-160
100000124,2632,1287,1345
100000125,334,29,305
100000126,34,17,17
100000127,78,29,49
100000128,149,187,-38
100000129,25,140,-115
100000130,0,1,-1
100000131,1803,751,1052
100000132,278,70,208
100000133,4708,1608,3100
100000135,12,1,11
100000139,2,1,1
100000140,120,163,-43
100000142,0,5,-5
100000143,265,393,-128
100000144,609,222,387
100000147,54,141,-87
100000150,5,84,-79
100000151,3,24,-21
100000153,0,0,0
100000154,0,90,-90
100000155,0,0,0
100000156,0,0,0
100000157,0,1,-1
100000158,0,0,0
100000159,33,53,-20
100000165,300,147,153
100000169,1,0,1
100000174,27,17,10
100000179,0,0,0
100000180,2,50,-48
100000181,1,82,-81
100000188,0,9,-9
100000189,2,0,2
100000190,213,74,139
100000191,46,39,7
100000192,0,2,-2
100000193,0,3,-3
100000330,173,39,134
100000355,29,120,-91
100000362,1161,915,246
100000363,110,200,-90
100000364,16,28,-12
100000365,1383,1251,132
100000366,2501,1336,1165
100000367,700,935,-235
100000368,676,784,-108
100000369,1,12,-11
100000370,3,22,-19
100000376,7,9,-2
100000379,188,153,35
100000380,404,489,-85
100000384,2079,835,1244
100000385,1164,872,292
100000386,1653,808,845
100000387,1811,627,1184
100000388,5655,1511,4144
100000389,4079,847,3232
100000390,5284,1294,3990
100000391,2804,730,2074
100000392,1347,430,917
100000393,284,275,9
100000394,1788,1221,567
100000395,869,304,565
100000396,1178,749,429
100000397,833,268,565
100000398,5128,3438,1690
100900002,0,0,0
100900003,0,0,0
100900004,2,134,-132
100900005,0,0,0
100900006,0,0,0
100900007,0,0,0
100900008,1,96,-95
100900009,0,0,0
100900010,0,0,0
100900011,0,0,0
100900012,0,39,-39
100900013,0,0,0
100900014,0,0,0
100900015,0,0,0
100900016,0,0,0
100900017,0,0,0
100900018,0,0,0
100900019,0,0,0
100900020,0,0,0
100900021,0,0,0
100900022,0,0,0
100900023,0,0,0
100900024,0,0,0
100900025,0,0,0
100900026,0,0,0
100900027,0,0,0
100900028,0,0,0
100900029,0,0,0
100900030,0,0,0
100900031,0,0,0
100900032,0,0,0
100900033,0,0,0
100900034,0,0,0
100900035,0,0,0
100900036,0,0,0
100900037,0,0,0
100900038,0,0,0
100900039,30,71,-41
100900040,0,188,-188
100900041,0,64,-64
100900042,0,0,0
100900043,0,0,0
100900044,0,0,0
100900045,0,0,0
100900046,0,0,0
100900047,0,0,0
100900048,0,0,0
100900049,0,0,0
100900050,0,0,0
100900051,0,0,0
100900052,0,0,0
100900053,0,0,0
100900054,0,0,0
100900055,0,0,0
100900056,0,0,0
100900057,0,0,0
100900058,0,0,0
100900059,0,0,0
100900060,0,1,-1
100900061,0,0,0
100900062,0,0,0
100900063,0,0,0
100900064,0,0,0
100900065,0,0,0
100900066,0,0,0
100900067,0,0,0
100900068,0,0,0
100900069,0,0,0
100900070,0,0,0
100900071,0,0,0
100900072,0,0,0
100900073,0,0,0
100900074,0,0,0
100900075,227,4,223
100900076,0,0,0
100900077,0,0,0
100900078,0,0,0
100900079,0,0,0
100900080,0,0,0
100900081,0,0,0
100900082,0,0,0
100900083,0,0,0
100900085,0,0,0
100900086,0,0,0
100900088,0,0,0
100900089,0,0,0
100900090,0,0,0
100900091,0,0,0
100900092,0,0,0
100900093,0,0,0
100900094,0,0,0
100900095,0,0,0
100900096,0,0,0
100900097,0,0,0
100900098,0,0,0
100900099,2,6,-4
100900100,0,0,0
100900101,0,0,0
100900102,0,0,0
100900103,0,0,0
100900104,0,1,-1
100900105,0,0,0
100900106,0,0,0
100900107,0,0,0
100900108,0,0,0
100900109,0,0,0
100900110,0,0,0
100900111,1,0,1
100900112,0,0,0
100900113,0,0,0
100900114,0,0,0
100900115,0,0,0
100900116,0,0,0
100900117,0,0,0
100900118,0,0,0
100900119,0,0,0
100900120,0,0,0
100900121,0,0,0
100900122,4,13,-9
100900123,0,0,0
100900124,0,0,0
100900125,0,0,0
100900126,0,0,0
100900127,0,0,0
100900128,3,2,1
100900129,0,0,0
100900131,0,0,0
100900133,0,0,0
100900134,0,0,0
100900135,0,0,0
100900137,1,0,1
100900138,0,0,0
100900139,0,0,0
100900140,0,47,-47
100900141,0,0,0
100900142,0,0,0
100900143,0,0,0
100900144,0,0,0
100900145,0,0,0
100900146,0,0,0
100900147,0,0,0
100900148,5,65,-60
100900149,0,0,0
100900150,0,0,0
100900151,3,46,-43
100900152,0,0,0
100900153,0,0,0
100900154,0,0,0
100900155,0,0,0
100900156,0,0,0
100900157,0,0,0
100900158,14,4,10
100900159,0,0,0
100900160,0,0,0
100900161,0,0,0
100900162,0,0,0
100900163,5,17,-12
100900164,0,0,0
100900165,0,0,0
100900166,0,0,0
100900167,0,0,0
100900168,0,0,0
100900169,19,164,-145
100900170,0,0,0
100900171,0,68,-68
100900172,0,0,0
100900173,1,54,-53
100900174,0,0,0
100900176,0,0,0
100900177,0,0,0
100900178,0,0,0
100900179,0,0,0
100900180,0,0,0
100900181,0,0,0
100900182,0,0,0
100900184,0,0,0
100900186,0,0,0
100900187,0,0,0
100900188,0,0,0
100900189,0,0,0
100900191,0,0,0
100900192,0,0,0
100900195,0,0,0
100900197,0,0,0
100900198,0,0,0
100900199,0,0,0
100900200,40,23,17
100900201,6,85,-79
100900202,0,0,0
100900203,0,0,0
100900204,0,0,0
100900205,0,0,0
100900206,0,0,0
100900207,0,0,0
100900210,1,35,-34
100900211,0,0,0
100900213,0,0,0
100900214,112,17,95
100900215,0,0,0
100900217,0,0,0
101000001,625,184,441
101000002,810,349,461
101000003,155,60,95
101000004,3214,389,2825
101000005,1320,421,899
101000006,1702,900,802
101000007,1878,957,921
101000008,902,434,468
101000009,144,393,-249
101000010,101,168,-67
101000011,496,26,470
101000012,0,0,0
101000013,188,79,109
101000014,40,18,22
101000015,142,148,-6
101000016,16,24,-8
101000017,109,78,31
101000018,497,576,-79
101000020,744,170,574
101000021,44,20,24
101000022,514,72,442
101000023,487,527,-40
101000025,1,1,0
101000026,13,0,13
101000027,452,173,279
101000028,213,84,129
101000029,4,66,-62
101000030,178,19,159
101000031,24,0,24
101000032,479,407,72
101000033,705,344,361
101000034,445,266,179
101000035,262,39,223
101000036,207,107,100
101000037,441,66,375
101000039,393,224,169
101000040,1249,349,900
101000041,725,143,582
101000042,22,112,-90
101000043,1987,453,1534
101000045,203,29,174
101000046,458,155,303
101000047,113,101,12
101000048,104,74,30
101000049,75,152,-77
101000050,275,74,201
101000051,1208,204,1004
101000052,406,71,335
101000053,134,134,0
101000054,347,124,223
101000055,418,109,309
101000056,17,11,6
101000057,1099,151,948
101000058,213,22,191
101000059,155,31,124
101000060,359,82,277
101000061,56,20,36
101000062,1033,101,932
101000063,12,16,-4
101000064,401,103,298
101000065,9,29,-20
101000066,2,9,-7
101000067,201,149,52
101000068,52,29,23
101000069,121,37,84
101000070,723,405,318
101000071,779,213,566
101000072,373,402,-29
101000073,61,43,18
101000074,1791,406,1385
101000075,4211,969,3242
101000077,228,157,71
101000078,168,147,21
101000079,135,164,-29
101000080,545,361,184
101000081,155,127,28
101000082,549,343,206
101000083,137,108,29
101000084,308,308,0
101000085,74,17,57
101000086,517,298,219
101000087,306,263,43
101000088,44,29,15
101000089,38,42,-4
101000090,619,252,367
101000091,30,133,-103
101000092,179,120,59
101000093,134,32,102
101000094,180,310,-130
101000095,45,200,-155
101000096,15,37,-22
101000097,39,81,-42
101000098,23,29,-6
101000099,244,119,125
101000100,210,155,55
101000101,15,32,-17
101000102,172,96,76
101000103,168,68,100
101000104,46,70,-24
101000105,13,1,12
101000106,66,57,9
101000107,6,32,-26
101000108,10,1,9
101000109,3,12,-9
101000110,0,4,-4
101000111,33,28,5
101000113,1,0,1
101000114,587,286,301
101000115,2,20,-18
101000116,1,8,-7
101000117,0,30,-30
101000119,41,5,36
101000120,64,13,51
101000121,21,5,16
101000122,21,10,11
101000123,12,20,-8
101000124,289,167,122
101000125,46,139,-93
101000128,168,111,57
101000130,200,63,137
101000131,35,38,-3
101000132,98,385,-287
101000135,45,10,35
101000136,127,92,35
101000137,3,31,-28
101000141,242,131,111
101000147,351,223,128
101000148,185,0,185
101000149,2,0,2
101000150,0,20,-20
101000151,4,5,-1
101000152,27,49,-22
101000153,57,42,15
101000154,4,252,-248
101000155,25,39,-14
101000156,6,81,-75
101000157,0,1,-1
101000160,0,4,-4
101000163,0,0,0
101000164,54,99,-45
101000165,159,81,78
101000166,24,30,-6
101000168,55,61,-6
101000252,78,145,-67
101000254,247,24,223
101000258,0,3,-3
101000261,1,2,-1
101000262,36,113,-77
101000263,4,24,-20
101000265,16,100,-84
101000266,91,60,31
101000269,197,35,162
101000290,140,37,103
101000293,0,7,-7
101000294,174,114,60
101000295,4,51,-47
101000301,146,41,105
101000304,570,901,-331
101000305,325,403,-78
101900001,0,0,0
101900002,0,0,0
101900003,1,6,-5
101900004,0,0,0
101900005,474,38,436
101900006,0,0,0
101900007,0,0,0
101900008,0,0,0
101900009,0,0,0
101900010,0,0,0
101900011,0,0,0
101900012,0,0,0
101900013,45,0,45
101900017,0,0,0
101900018,0,1,-1
101900019,0,1,-1
101900020,0,0,0
101900021,0,0,0
101900022,0,0,0
101900023,0,0,0
101900026,0,0,0
101900027,0,0,0
102000001,291,596,-305
102000002,213,201,12
102000003,1511,777,734
102000004,1309,228,1081
102000005,436,490,-54
102000006,237,170,67
102000007,542,943,-401
102000008,832,313,519
102000009,1201,1291,-90
102000010,1546,732,814
102000011,713,645,68
102000012,505,510,-5
102000018,371,62,309
102000019,31,34,-3
102000026,0,0,0
102000029,1,4,-3
102000030,11,5,6
102000031,0,1,-1
102000032,15,41,-26
102000033,0,5,-5
102000034,45,38,7
102000035,1,2,-1
102000036,0,4,-4
102000037,5,7,-2
102000038,1,2,-1
102000039,0,0,0
102000040,23,3,20
102000041,0,1,-1
102000042,3,0,3
102000043,7,9,-2
102000044,0,2,-2
102000045,42,88,-46
102000046,42,22,20
102000047,45,137,-92
102000048,14,36,-22
102000049,27,8,19
102000050,67,147,-80
102000051,36,29,7
102000052,65,113,-48
102000053,59,76,-17
102000054,40,164,-124
102000055,134,216,-82
102000056,47,167,-120
102000057,182,39,143
102000058,253,261,-8
102000059,226,431,-205
102000060,88,60,28
102000061,183,548,-365
102000062,58,102,-44
102000063,253,290,-37
102000064,75,129,-54
102000065,11,39,-28
102000066,376,245,131
102000067,467,456,11
102000068,936,411,525
102000069,1,24,-23
102000070,288,12,276
102000071,1547,1884,-337
102000072,949,1535,-586
102000073,30,205,-175
102000074,30,254,-224
102000075,4,76,-72
102000076,10,231,-221
102000077,20,409,-389
102000078,98,609,-511
102000079,5,96,-91
102000080,40,74,-34
102000081,58,279,-221
102000082,98,123,-25
102000083,46,105,-59
102000084,0,0,0
102000085,111,137,-26
102000086,83,46,37
102000087,101,277,-176
102000088,18,6,12
102000089,0,0,0
102000090,117,115,2
102000091,417,106,311
102000092,198,155,43
102000093,71,155,-84
102000094,0,2,-2
102000095,160,489,-329
102000096,19,1,18
102000097,596,630,-34
102000098,19,70,-51
102000099,253,103,150
102000100,16,34,-18
102000101,104,36,68
102000102,85,10,75
102000103,161,50,111
102000104,90,25,65
102000105,5,47,-42
102000106,10,78,-68
102000107,1,6,-5
102000108,15,31,-16
102000109,0,1,-1
102000110,3,21,-18
102000111,0,4,-4
102000112,16,2,14
102000113,0,0,0
102000114,2,3,-1
102000115,33,22,11
102000116,2,25,-23
102000117,10,89,-79
102000118,25,122,-97
102000119,527,52,475
102000120,14,11,3
102000121,35,69,-34
102000122,30,14,16
102000123,123,103,20
102000124,98,29,69
102000125,78,55,23
102000126,51,33,18
102000127,102,45,57
102000128,56,54,2
102000129,61,86,-25
102000130,47,46,1
102000131,80,39,41
102000132,40,31,9
102000133,115,496,-381
102000134,58,55,3
102000135,0,0,0
102000136,19,14,5
102000137,51,16,35
102000138,0,5,-5
102000139,0,1,-1
102000140,26,14,12
102000141,2,26,-24
102000142,8,16,-8
102000143,3,29,-26
102000144,5,45,-40
102000145,7,23,-16
102000146,3,2,1
102000147,11,24,-13
102000148,0,0,0
102000149,5,4,1
102000150,0,1,-1
102000151,0,3,-3
102000152,0,0,0
102000153,1,0,1
102000154,14,34,-20
102000155,15,19,-4
102000156,42,10,32
102000157,2,10,-8
102000158,19,5,14
102000159,212,6,206
102000161,857,181,676
102000162,53,36,17
102000163,0,0,0
102000164,12,1,11
102000165,96,70,26
102000166,5,21,-16
102000167,39,121,-82
102000168,34,29,5
102000169,57,99,-42
102000170,317,88,229
102000171,13,24,-11
102000172,6,48,-42
102000173,84,33,51
102000174,8,29,-21
102000175,4,1,3
102000176,2,1,1
102000178,18,102,-84
102000179,16,28,-12
102000180,39,115,-76
102000181,18,153,-135
102000182,85,159,-74
102000183,137,212,-75
102000184,126,339,-213
102000185,102,180,-78
102000186,121,702,-581
102000187,60,593,-533
102000188,19,176,-157
102000189,1008,269,739
102000190,134,359,-225
102000191,196,28,168
102000192,177,277,-100
102000193,0,5,-5
102000194,5,0,5
102000195,13,69,-56
102000196,0,5,-5
102000197,14,60,-46
102000198,0,7,-7
102000199,20,56,-36
102000200,0,2,-2
102000201,23,67,-44
102000202,0,5,-5
102000203,12,54,-42
102000204,9,28,-19
102000205,24,18,6
102000206,62,124,-62
102000207,6,5,1
102000208,13,93,-80
102000209,2,6,-4
102000210,0,165,-165
102000211,7,88,-81
102000212,0,0,0
102000213,2,58,-56
102000214,1,0,1
102000215,0,99,-99
102000216,0,0,0
102000217,1,47,-46
102000218,3,0,3
102000219,29,55,-26
102000225,4,1,3
102000226,11,0,11
102000227,0,0,0
102000228,1,35,-34
102000229,4,10,-6
102000230,9,66,-57
102000231,15,20,-5
102000232,0,1,-1
102000233,27,43,-16
102000234,0,1,-1
102000236,7,2,5
102000237,11,13,-2
102000238,3,3,0
102000240,169,315,-146
102000241,40,8,32
102000243,2,1,1
102000245,11,32,-21
102000246,0,0,0
102000247,44,114,-70
102000248,32,104,-72
102000249,14,33,-19
102000250,4,146,-142
102000254,0,0,0
102000266,0,4,-4
102000271,0,0,0
102000286,8,1,7
102000297,49,16,33
102000299,0,0,0
102000301,0,0,0
102000305,0,0,0
102000307,0,5,-5
102000308,0,3,-3
102900001,0,0,0
102900002,0,0,0
102900003,0,25,-25
102900005,0,0,0
102900006,0,0,0
102900007,0,0,0
102900008,0,0,0
102900009,0,0,0
102900010,0,0,0
102900011,0,0,0
102900012,0,0,0
102900013,0,0,0
102900015,0,0,0
102900016,0,0,0
102900017,0,0,0
102900018,0,0,0
102900019,0,0,0
102900020,0,0,0
102900021,0,0,0
102900022,34,13,21
102900023,0,0,0
102900024,0,0,0
102900025,0,0,0
102900026,0,0,0
102900027,0,0,0
102900028,0,0,0
102900029,1,0,1
102900030,0,0,0
102900031,0,0,0
102900032,0,8,-8
102900033,0,0,0
102900034,0,0,0
102900035,0,61,-61
102900036,0,0,0
102900037,0,0,0
102900038,0,0,0
102900039,0,0,0
102900040,0,0,0
102900041,0,0,0
102900042,0,0,0
102900043,0,0,0
102900044,0,0,0
102900045,0,0,0
102900046,0,0,0
102900047,0,0,0
102900048,0,0,0
102900049,0,0,0
102900050,0,0,0
102900051,0,0,0
102900052,0,0,0
102900053,0,0,0
102900054,0,0,0
102900055,0,0,0
102900056,0,0,0
102900057,0,0,0
102900058,0,0,0
102900059,0,0,0
102900060,0,0,0
102900061,0,0,0
102900062,0,0,0
102900063,0,0,0
102900064,0,0,0
102900065,0,0,0
102900066,0,0,0
102900068,0,0,0
102900070,1,47,-46
102900072,0,3,-3
102900073,4,1,3
102900075,0,0,0
102900076,0,0,0
102900077,0,0,0
102900078,0,0,0
102900079,0,0,0
102900080,0,0,0
102900081,0,0,0
102900082,0,0,0
102900083,0,0,0
102900084,0,0,0
102900085,0,0,0
102900086,0,0,0
102900087,0,0,0
102900088,0,0,0
102900089,0,0,0
102900090,0,98,-98
102900091,2,0,2
102900092,4,157,-153
102900093,0,0,0
102900094,0,0,0
102900095,0,0,0
102900096,7,2,5
102900097,2,20,-18
103000001,547,567,-20
103000002,174,384,-210
103000003,642,484,158
103000004,202,203,-1
103000005,114,128,-14
103000006,82,89,-7
103000007,24,71,-47
103000008,92,346,-254
103000009,19,17,2
103000010,5,15,-10
103000011,381,264,117
103000012,151,79,72
103000013,2258,497,1761
103000014,45,64,-19
103000015,843,285,558
103000016,38,28,10
103000017,0,0,0
103000018,7,3,4
103000019,1,0,1
103000020,236,422,-186
103000021,17,12,5
103000022,173,341,-168
103000023,6,32,-26
103000024,0,2,-2
103000025,0,5,-5
103000026,11,0,11
103000027,0,2,-2
103000028,5,0,5
103000029,61,3,58
103000030,863,136,727
103000031,91,82,9
103000032,368,298,70
103000033,160,78,82
103000034,600,287,313
103000035,92,127,-35
103000036,117,53,64
103000037,251,146,105
103000038,98,74,24
103000039,30,153,-123
103000040,9,57,-48
103000041,421,795,-374
103000042,159,215,-56
103000043,15,65,-50
103000044,9,10,-1
103000046,45,12,33
103000047,4,7,-3
103000048,7,10,-3
103000049,2,2,0
103000050,15,23,-8
103000051,26,32,-6
103000052,24,6,18
103000053,7,17,-10
103000054,377,159,218
103000055,75,82,-7
103000056,89,239,-150
103000057,69,57,12
103000058,62,165,-103
103000059,29,71,-42
103000060,234,232,2
103000061,23,37,-14
103000062,152,187,-35
103000063,59,72,-13
103000064,59,88,-29
103000065,0,1,-1
103000066,3,3,0
103000069,2,5,-3
103000070,67,285,-218
103000071,40,12,28
103000072,7,301,-294
103000073,0,0,0
103000074,1,0,1
103000075,57,285,-228
103000076,4,0,4
103000077,14,132,-118
103000078,6,1,5
103000079,289,56,233
103000080,6,1,5
103000081,43,97,-54
103000082,1,2,-1
103000083,8,84,-76
103000084,0,0,0
103000085,0,7,-7
103000086,38,15,23
103000087,19,98,-79
103000088,91,67,24
103000089,2,17,-15
103000090,284,224,60
103000091,61,49,12
103000092,7,11,-4
103000093,46,142,-96
103000094,2,2,0
103000095,6,65,-59
103000096,11,1,10
103000097,13,112,-99
103000098,1,0,1
103000099,20,86,-66
103000100,12,260,-248
103000101,0,0,0
103000102,13,221,-208
103000103,0,19,-19
103000104,0,58,-58
103000105,0,33,-33
103000106,1,62,-61
103000107,14,26,-12
103000108,52,85,-33
103000109,73,56,17
103000110,149,64,85
103000111,155,79,76
103000112,13,19,-6
103000113,60,163,-103
103000114,20,12,8
103000115,28,38,-10
103000116,31,44,-13
103000117,9,45,-36
103000118,186,323,-137
103000119,616,235,381
103000120,7,32,-25
103000121,27,92,-65
103000122,9,9,0
103000125,0,0,0
103000126,1,0,1
103000127,0,0,0
103000128,1,0,1
103000129,0,0,0
103000130,0,0,0
103000131,0,0,0
103000132,3,3,0
103000133,0,0,0
103000134,124,83,41
103000135,234,38,196
103000136,222,84,138
103000137,105,71,34
103000138,230,53,177
103000139,0,20,-20
103000140,0,0,0
103000141,2,14,-12
103000142,2,0,2
103000143,8,46,-38
103000144,0,0,0
103000145,0,0,0
103000150,3,3,0
103000152,27,66,-39
103000153,4,10,-6
103000156,0,0,0
103000157,3,1,2
103000159,14,30,-16
103000162,0,0,0
103000163,0,0,0
103000164,0,0,0
103000165,2,5,-3
103000166,1,2,-1
103000167,7,18,-11
103000168,10,35,-25
103000169,0,1,-1
103000170,111,61,50
103000171,0,0,0
103000172,1,5,-4
103000173,37,180,-143
103000174,2,1,1
103000175,78,343,-265
103000176,1,0,1
103000177,258,103,155
103000178,243,111,132
103000179,3,6,-3
103000183,1,30,-29
103000185,0,22,-22
103000186,0,0,0
103000187,30,154,-124
103000188,0,26,-26
103000189,83,332,-249
103000191,41,74,-33
103000292,320,22,298
103000293,0,0,0
103000295,0,0,0
103000296,1,1,0
103000297,0,0,0
103000504,1,1,0
103000505,0,0,0
103000506,0,4,-4
103000507,6,0,6
103000508,5,0,5
103000509,28,154,-126
103900001,0,0,0
103900002,0,0,0
103900003,0,4,-4
103900004,0,0,0
103900005,0,0,0
103900006,0,0,0
103900007,0,0,0
103900008,0,0,0
103900009,2,57,-55
103900010,2,51,-49
103900011,6,58,-52
103900012,0,0,0
103900013,1,21,-20
103900014,0,0,0
103900015,0,0,0
103900016,30,47,-17
103900017,5,12,-7
103900018,72,16,56
103900019,0,0,0
103900020,0,0,0
103900021,0,0,0
103900022,1,68,-67
103900023,0,0,0
103900024,0,1,-1
103900025,0,0,0
103900026,0,0,0
103900027,0,0,0
103900028,3,38,-35
103900029,12,33,-21
103900030,0,0,0
103900031,0,0,0
103900032,0,0,0
103900033,0,0,0
103900034,1,22,-21
103900035,2,4,-2
103900036,0,0,0
103900037,0,0,0
103900038,0,0,0
103900039,0,67,-67
103900040,1,10,-9
103900041,0,0,0
103900042,5,127,-122
103900043,0,0,0
103900044,0,0,0
103900045,0,0,0
103900047,0,14,-14
103900048,0,0,0
103900049,0,0,0
103900050,0,18,-18
103900051,0,11,-11
103900052,4,28,-24
103900053,5,151,-146
103900054,0,0,0
103900055,4,10,-6
103900056,0,4,-4
103900057,0,0,0
103900058,3,100,-97
103900059,0,0,0
103900060,0,0,0
103900061,0,0,0
103900062,3,10,-7
103900063,0,0,0
103900064,0,0,0
103900065,97,35,62
103900066,0,0,0
103900067,0,0,0
103900068,0,0,0
103900069,0,0,0
103900070,0,0,0
103900071,0,19,-19
103900072,0,67,-67
103900073,0,0,0
103900074,0,0,0
103900075,0,0,0
103900076,4,24,-20
103900077,0,0,0
103900078,0,0,0
103900079,0,0,0
103900080,0,0,0
103900081,0,0,0
103900082,0,0,0
103900083,0,0,0
103900084,0,0,0
103900085,0,0,0
103900086,0,0,0
103900087,0,0,0
103900088,0,0,0
103900089,0,0,0
103900090,0,0,0
103900091,0,0,0
103900092,0,34,-34
103900093,0,0,0
103900094,0,0,0
103900095,2,7,-5
103900096,0,0,0
103900097,0,0,0
103900098,4,3,1
103900099,0,0,0
103900100,5,60,-55
103900101,0,0,0
103900102,0,0,0
103900104,0,0,0
103900105,4,12,-8
103900106,0,0,0
103900107,0,0,0
103900108,12,129,-117
103900109,0,0,0
103900110,20,4,16
103900111,2,104,-102
103900112,0,0,0
103900113,9,2,7
103900114,43,16,27
103900115,40,3,37
103900116,296,5,291
103900117,28,17,11
103900119,0,0,0
103900120,0,0,0
103900122,2,88,-86
103900123,22,25,-3
103900124,1,106,-105
103900125,2,3,-1
103900126,0,0,0
103900127,5,67,-62
103900128,4,23,-19
103900131,0,15,-15
103900133,0,0,0
103900134,0,0,0
103900135,0,0,0
103900137,0,0,0
103900138,0,0,0
103900139,0,40,-40
103900140,0,0,0
103900141,0,0,0
103900142,0,0,0
103900143,0,0,0
103900144,0,0,0
103900145,0,3,-3
103900146,0,0,0
103900147,9,30,-21
103900148,7,46,-39
103900149,0,0,0
103900150,0,95,-95
103900151,0,0,0
103900152,0,0,0
103900153,0,0,0
103900154,67,4,63
103900155,0,0,0
103900156,0,0,0
103900157,0,0,0
103900158,0,0,0
103900159,0,0,0
103900160,0,0,0
103900161,0,0,0
103900162,12,17,-5
103900163,0,0,0
103900167,0,0,0
103900168,0,0,0
103900169,0,0,0
103900170,0,0,0
103900171,0,0,0
103900172,0,0,0
103900173,0,0,0
103900174,0,0,0
103900175,0,0,0
103900176,0,1,-1
103900177,0,0,0
103900178,1,0,1
103900179,0,0,0
103900180,0,0,0
103900181,0,0,0
103900182,0,0,0
103900184,0,0,0
103900185,0,0,0
103900187,5,1,4
103900188,1,0,1
103900189,9,0,9
103900190,0,0,0
103900191,0,0,0
103900192,0,0,0
103900193,0,0,0
103900194,0,0,0
103900195,0,0,0
103900196,0,0,0
103900197,0,0,0
103900198,0,0,0
103900199,0,2,-2
103900200,0,0,0
103900201,0,0,0
103900202,0,0,0
103900203,0,2,-2
103900204,0,2,-2
103900207,0,5,-5
103900208,1,0,1
103900209,0,0,0
103900210,0,0,0
103900211,6,6,0
103900212,1,107,-106
103900213,20,159,-139
103900214,17,11,6
103900215,788,133,655
103900216,0,10,-10
103900217,0,0,0
103900218,0,0,0
103900219,0,0,0
103900233,0,0,0
103900235,0,0,0
103900236,0,0,0
103900242,0,0,0
103900243,0,0,0
103900244,0,0,0
103900245,0,0,0
103900246,1,0,1
103900247,0,0,0
103900248,0,0,0
103900249,0,0,0
103900250,0,0,0
103900251,0,0,0
103900253,0,0,0
103900254,0,0,0
103900255,0,0,0
103900256,0,0,0
103900257,0,0,0
103900258,0,0,0
103900259,0,0,0
103900261,0,0,0
103900262,0,0,0
103900263,0,0,0
103900264,0,0,0
103900265,0,0,0
103900266,0,0,0
103900267,1,6,-5
103900268,0,7,-7
103900269,0,0,0
103900270,0,9,-9
103900271,0,10,-10
104000001,463,436,27
104000002,462,679,-217
104000003,476,581,-105
104000004,1350,607,743
104000005,103,392,-289
104000006,486,776,-290
104000007,935,829,106
104000008,239,396,-157
104000009,32,53,-21
104000010,0,0,0
104000011,299,313,-14
104000012,51,301,-250
104000013,1,0,1
104000014,99,424,-325
104000015,1,1,0
104000016,68,200,-132
104000018,39,3,36
104000019,33,14,19
104000020,4,25,-21
104000021,19,16,3
104000022,11,18,-7
104000023,45,56,-11
104000024,8,10,-2
104000026,3,3,0
104000027,66,250,-184
104000028,32,33,-1
104000029,127,364,-237
104000030,26,35,-9
104000031,17,7,10
104000032,30,221,-191
104000033,11,11,0
104000034,88,250,-162
104000035,19,24,-5
104000036,10,28,-18
104000037,71,166,-95
104000038,49,65,-16
104000039,5,23,-18
104000040,32,36,-4
104000041,59,63,-4
104000042,20,73,-53
104000043,60,80,-20
104000044,50,139,-89
104000045,71,207,-136
104000046,193,203,-10
104000047,15,56,-41
104000048,56,130,-74
104000049,8,31,-23
104000050,6,34,-28
104000051,27,293,-266
104000052,195,454,-259
104000053,176,170,6
104000054,38,113,-75
104000055,742,393,349
104000056,54,13,41
104000057,6,180,-174
104000058,152,146,6
104000059,36,324,-288
104000060,69,253,-184
104000061,93,164,-71
104000062,0,0,0
104000064,90,29,61
104000065,2,25,-23
104000069,233,43,190
104000070,0,3,-3
104000071,24,54,-30
104000072,0,0,0
104000075,0,0,0
104000076,0,0,0
104000082,387,536,-149
104000083,105,22,83
104000084,14,88,-74
104000085,9,28,-19
104000086,19,108,-89
104000087,21,46,-25
104000090,48,367,-319
104000092,47,561,-514
104000094,64,360,-296
104000095,401,394,7
104000096,0,50,-50
104000097,0,0,0
104000098,3,3,0
104000100,1,1,0
104000101,157,253,-96
104000106,14,39,-25
104000107,58,150,-92
104000108,39,96,-57
104000109,0,0,0
104000110,98,99,-1
104000111,132,155,-23
104000112,238,59,179
104000116,0,615,-615
104000117,5,245,-240
104000118,12,34,-22
104000119,11,25,-14
104000120,5,178,-173
104000121,27,72,-45
104000122,70,120,-50
104000123,239,213,26
104000124,465,370,95
104000125,892,293,599
104000126,22,96,-74
104000127,446,808,-362
104000128,44,111,-67
104000129,44,13,31
104000130,0,78,-78
104000131,805,424,381
104000132,324,566,-242
104000133,346,181,165
104000134,238,124,114
104000135,113,125,-12
104000136,367,292,75
104000137,761,77,684
104000138,551,99,452
104000139,2657,541,2116
104000141,221,407,-186
104000142,122,395,-273
104000143,139,448,-309
104000144,1,3,-2
104000145,0,0,0
104000146,200,479,-279
104000147,41,212,-171
104000148,0,1,-1
104000149,45,259,-214
104000150,1,1,0
104000151,108,365,-257
104000152,98,465,-367
104000153,0,0,0
104000154,406,366,40
104000155,2,0,2
104000157,184,396,-212
104000158,76,62,14
104000159,74,33,41
104000160,460,181,279
104000161,0,1,-1
104000162,0,0,0
104000165,3,8,-5
104000167,27,75,-48
104000168,0,0,0
104000169,0,0,0
104000170,288,68,220
104000248,0,102,-102
104000251,13,122,-109
104000272,5,1,4
104000273,16,1,15
104000274,2,2,0
104000275,8,1,7
104000279,168,78,90
104000290,27,99,-72
104000291,92,128,-36
104000293,14,19,-5
104000294,0,0,0
104000295,73,249,-176
104000296,32,107,-75
104000297,389,507,-118
104000298,387,150,237
104000299,94,321,-227
104900001,0,0,0
104900002,0,0,0
104900003,0,0,0
104900004,0,0,0
104900005,1,5,-4
104900006,0,0,0
104900007,5,12,-7
104900009,0,0,0
104900010,0,0,0
104900011,0,0,0
104900012,0,0,0
104900013,0,0,0
104900014,0,0,0
104900015,0,0,0
104900016,0,0,0
104900017,0,0,0
104900018,0,0,0
104900019,0,0,0
104900020,0,0,0
104900021,0,0,0
104900022,0,0,0
104900023,0,0,0
104900024,0,0,0
104900025,0,0,0
104900026,0,0,0
104900027,0,0,0
104900028,0,0,0
104900029,0,0,0
104900030,0,0,0
104900031,0,0,0
104900032,0,0,0
104900033,0,0,0
104900034,0,0,0
104900035,0,0,0
104900036,0,0,0
104900037,0,0,0
104900038,0,0,0
104900039,0,0,0
104900040,0,0,0
104900041,0,0,0
104900042,0,0,0
104900043,0,0,0
104900044,0,0,0
104900045,0,0,0
104900046,0,0,0
104900047,0,0,0
104900048,0,0,0
104900049,0,0,0
104900050,0,0,0
104900051,0,0,0
104900052,0,0,0
104900053,0,0,0
104900054,0,0,0
104900055,0,0,0
104900056,0,0,0
104900057,0,0,0
104900058,0,0,0
104900059,0,0,0
104900060,0,0,0
104900061,0,0,0
104900063,0,0,0
104900064,0,0,0
104900065,0,1,-1
104900066,0,0,0
104900067,0,1,-1
104900068,0,0,0
104900070,0,0,0
104900071,0,107,-107
104900072,0,0,0
104900073,0,0,0
104900074,0,0,0
104900075,0,0,0
104900076,0,0,0
104900077,0,0,0
104900078,0,0,0
104900079,0,0,0
104900080,0,0,0
104900082,0,0,0
104900085,0,0,0
104900087,0,0,0
104900089,0,0,0
104900090,0,0,0
104900091,0,0,0
104900093,0,0,0
104900097,0,0,0
104900098,0,0,0
104900099,0,0,0
104900100,0,0,0
104900102,0,0,0
104900103,0,0,0
104900104,0,0,0
104900106,0,0,0
104900107,0,0,0
104900108,0,0,0
104900109,0,0,0
104900110,0,0,0
104900111,0,0,0
104900112,0,0,0
104900113,9,22,-13
104900114,0,0,0
104900115,4,32,-28
104900116,0,0,0
104900118,0,0,0
104900119,0,0,0
104900120,0,0,0
104900121,0,0,0
104900122,0,0,0
104900123,0,0,0
104900124,0,0,0
104900125,0,0,0
104900126,0,0,0
104900127,0,0,0
104900128,0,0,0
104900129,0,0,0
105000001,399,564,-165
105000002,168,384,-216
105000003,294,611,-317
105000004,71,246,-175
105000005,132,295,-163
105000006,63,197,-134
105000007,62,224,-162
105000008,51,400,-349
105000009,166,296,-130
105000010,756,1143,-387
105000011,218,242,-24
105000012,1319,1763,-444
105000013,170,133,37
105000014,183,162,21
105000015,1225,433,792
105000016,1307,550,757
105000017,316,175,141
105000018,138,139,-1
105000019,13,5,8
105000020,13,86,-73
105000021,6,2,4
105000022,0,0,0
105000023,0,2,-2
105000028,14,35,-21
105000029,54,102,-48
105000030,1265,1757,-492
105000033,341,1365,-1024
105000034,0,3,-3
105000037,30,57,-27
105000038,96,106,-10
105000039,1448,1491,-43
105000040,21,54,-33
105000041,159,987,-828
105000042,182,91,91
105000043,924,1907,-983
105000044,27,42,-15
105000045,56,478,-422
105000046,32,16,16
105000047,93,743,-650
105000048,4,3,1
105000049,89,281,-192
105000050,0,0,0
105000051,79,167,-88
105000052,6,69,-63
105000053,26,84,-58
105000054,6,84,-78
105000055,8,94,-86
105000056,13,254,-241
105000057,108,225,-117
105000058,174,239,-65
105000059,15,59,-44
105000060,68,172,-104
105000061,14,30,-16
105000062,139,354,-215
105000063,49,208,-159
105000064,40,96,-56
105000065,42,255,-213
105000066,115,384,-269
105000067,75,60,15
105000068,109,144,-35
105000069,301,143,158
105000070,64,73,-9
105000071,0,0,0
105000072,45,24,21
105000073,16,14,2
105000074,126,367,-241
105000075,110,177,-67
105000076,284,264,20
105000077,580,183,397
105000078,159,133,26
105000079,397,723,-326
105000080,96,77,19
105000081,251,200,51
105000082,42,80,-38
105000083,32,27,5
105000084,97,301,-204
105000085,67,42,25
105000086,104,229,-125
105000087,611,525,86
105000088,24,17,7
105000089,1091,1147,-56
105000090,438,576,-138
105000091,869,1027,-158
105000092,162,441,-279
105000093,14,56,-42
105000094,9,11,-2
105000095,3,83,-80
105000096,7,13,-6
105000097,116,181,-65
105000098,1,5,-4
105000099,104,277,-173
105000100,224,196,28
105000101,170,326,-156
105000102,165,339,-174
105000103,104,411,-307
105000104,125,196,-71
105000105,36,320,-284
105000106,98,250,-152
105000107,51,37,14
105000108,137,100,37
105000109,111,272,-161
105000110,42,22,20
105000111,12,69,-57
105000112,212,36,176
105000113,15,46,-31
105000114,11,6,5
105000115,25,62,-37
105000116,8,25,-17
105000117,82,181,-99
105000118,8,10,-2
105000119,72,183,-111
105000120,3,5,-2
105000121,106,147,-41
105000122,8,137,-129
105000123,134,240,-106
105000124,95,255,-160
105000125,60,350,-290
105000126,235,556,-321
105000127,168,350,-182
105000128,22,303,-281
105000129,36,85,-49
105000130,1,2,-1
105000131,85,98,-13
105000132,0,0,0
105000133,89,424,-335
105000134,1,0,1
105000135,110,238,-128
105000136,22,169,-147
105000137,0,0,0
105000138,53,153,-100
105000139,189,270,-81
105000140,0,0,0
105000141,45,157,-112
105000142,0,2,-2
105000143,32,198,-166
105000144,66,254,-188
105000145,0,2,-2
105000146,81,308,-227
105000147,0,0,0
105000148,0,0,0
105000149,0,0,0
105000150,493,441,52
105000151,15,31,-16
105000152,2,166,-164
105000153,38,27,11
105000154,26,229,-203
105000155,11,68,-57
105000156,55,218,-163
105000157,106,547,-441
105000158,84,80,4
105000159,19,395,-376
105000160,46,46,0
105000161,69,547,-478
105000162,12,59,-47
105000163,143,233,-90
105000164,110,46,64
105000165,87,127,-40
105000166,1674,59,1615
105000167,329,224,105
105000168,16,248,-232
105000169,73,241,-168
105000170,0,1,-1
105000171,89,30,59
105000172,0,0,0
105000173,0,0,0
105000174,0,0,0
105000175,10,35,-25
105000176,7,22,-15
105000177,6,36,-30
105000178,0,0,0
105000179,14,23,-9
105000180,11,28,-17
105000181,0,0,0
105000182,4,8,-4
105000183,32,2,30
105000184,547,506,41
105000185,196,146,50
105000186,66,636,-570
105000187,71,58,13
105000188,11,34,-23
105000189,38,317,-279
105000190,0,0,0
105000191,65,264,-199
105000192,13,53,-40
105000193,12,93,-81
105000194,50,55,-5
105000195,36,290,-254
105000196,4,34,-30
105000197,22,193,-171
105000198,157,103,54
105000199,36,38,-2
105000200,6,65,-59
105000201,11,8,3
105000203,0,20,-20
105000204,20,37,-17
105000205,17,24,-7
105000207,193,141,52
105000208,0,0,0
105000209,49,218,-169
105000212,85,270,-185
105000213,1,1,0
105000214,0,2,-2
105000215,6,70,-64
105000216,35,228,-193
105000217,36,213,-177
105000218,15,187,-172
105000221,7,24,-17
105000222,2,10,-8
105000223,9,42,-33
105000226,0,0,0
105000227,0,0,0
105000228,3,112,-109
105000229,0,0,0
105000231,0,0,0
105000233,57,41,16
105000234,204,782,-578
105000235,3,19,-16
105000237,0,0,0
105000243,0,0,0
105000248,29,20,9
105000262,20,290,-270
105000269,9,25,-16
105000270,3,46,-43
105000271,0,11,-11
105000282,5,6,-1
105000287,10,1,9
105000288,11,61,-50
105000289,120,206,-86
105000290,0,0,0
105000402,638,187,451
105000426,55,50,5
105000438,127,100,27
105000446,2037,1234,803
105000447,2260,951,1309
105000454,4,56,-52
105000455,5,1,4
105000474,0,0,0
105000477,0,3,-3
105000478,121,169,-48
105000479,9,28,-19
105000480,243,425,-182
105000481,447,380,67
105000482,1437,1128,309
105000483,239,415,-176
105000484,461,996,-535
105000485,580,638,-58
105000486,988,1009,-21
105000488,830,888,-58
105000489,38,118,-80
105000549,0,0,0
105000550,101,409,-308
105000551,0,1,-1
105000552,1700,847,853
105900001,0,0,0
105900002,0,31,-31
105900003,0,10,-10
105900004,94,29,65
105900005,1,49,-48
105900006,0,0,0
105900007,0,0,0
105900008,3,167,-164
105900009,0,0,0
105900011,0,0,0
105900012,0,0,0
105900013,0,0,0
105900014,0,0,0
105900015,5,32,-27
105900016,0,0,0
105900017,0,0,0
105900018,15,19,-4
105900019,0,0,0
105900020,2,10,-8
105900021,0,0,0
105900022,1,12,-11
105900023,0,0,0
105900024,0,0,0
105900025,0,0,0
105900026,10,0,10
105900027,0,0,0
105900028,0,29,-29
105900029,8,38,-30
105900030,8,32,-24
105900031,36,52,-16
105900032,3,31,-28
105900033,6,21,-15
105900034,2,49,-47
105900035,26,36,-10
105900036,0,14,-14
105900037,14,17,-3
105900038,1,27,-26
105900039,6,12,-6
105900040,4,21,-17
105900041,4,15,-11
105900042,2,9,-7
105900043,41,3,38
105900044,0,12,-12
105900045,0,87,-87
105900046,0,44,-44
105900047,0,7,-7
105900048,3,64,-61
105900050,0,0,0
105900051,0,0,0
105900052,0,0,0
105900053,345,7,338
105900054,8,14,-6
105900056,0,0,0
105900057,0,0,0
105900058,0,1,-1
105900059,0,0,0
106000001,371,172,199
106000002,652,1239,-587
106000003,648,378,270
106000004,888,780,108
106000005,387,568,-181
106000006,1764,1735,29
106000007,110,40,70
106000008,161,202,-41
106000009,71,44,27
106000010,169,206,-37
106000011,70,96,-26
106000012,189,568,-379
106000013,177,167,10
106000014,594,591,3
106000015,87,183,-96
106000016,420,856,-436
106000017,162,119,43
106000018,251,406,-155
106000019,30,38,-8
106000020,33,230,-197
106000021,31,88,-57
106000022,67,171,-104
106000023,55,36,19
106000024,148,322,-174
106000025,48,38,10
106000026,108,173,-65
106000027,52,65,-13
106000028,212,462,-250
106000029,339,801,-462
106000030,93,57,36
106000034,144,214,-70
106000035,46,148,-102
106000036,62,108,-46
106000037,367,511,-144
106000038,3,0,3
106000039,0,3,-3
106000040,24,234,-210
106000041,53,75,-22
106000043,1,1,0
106000046,0,0,0
106000047,14,58,-44
106000049,7,4,3
106000050,57,447,-390
106000051,3,20,-17
106000052,18,422,-404
106000053,0,0,0
106000054,126,238,-112
106000055,0,0,0
106000056,127,300,-173
106000057,0,0,0
106000058,24,112,-88
106000059,3,2,1
106000060,199,410,-211
106000061,1,2,-1
106000062,79,356,-277
106000063,2,4,-2
106000064,10,259,-249
106000065,1,11,-10
106000066,33,135,-102
106000067,4,2,2
106000068,9,232,-223
106000069,10,8,2
106000070,39,302,-263
106000071,19,38,-19
106000072,1058,424,634
106000073,476,300,176
106000074,47,204,-157
106000075,51,269,-218
106000076,156,434,-278
106000077,515,403,112
106000078,93,334,-241
106000079,73,308,-235
106000080,158,344,-186
106000081,30,285,-255
106000082,536,381,155
106000083,32,347,-315
106000084,94,295,-201
106000085,105,310,-205
106000086,36,224,-188
106000087,86,181,-95
106000088,16,289,-273
106000089,80,181,-101
106000090,9,251,-242
106000091,86,169,-83
106000092,0,23,-23
106000093,0,0,0
106000094,19,116,-97
106000095,41,279,-238
106000096,12,190,-178
106000097,64,447,-383
106000098,9,295,-286
106000099,2,447,-445
106000100,18,39,-21
106000101,13,40,-27
106000102,0,218,-218
106000103,22,89,-67
106000104,86,60,26
106000105,35,133,-98
106000106,40,53,-13
106000107,8,92,-84
106000108,30,47,-17
106000109,7,90,-83
106000110,25,42,-17
106000111,27,88,-61
106000112,10,37,-27
106000113,149,87,62
106000114,103,46,57
106000115,22,70,-48
106000116,54,39,15
106000117,155,289,-134
106000118,79,126,-47
106000119,607,284,323
106000120,21,24,-3
106000121,4,7,-3
106000122,6,57,-51
106000123,4,14,-10
106000124,5,63,-58
106000125,1,73,-72
106000126,0,4,-4
106000127,17,115,-98
106000128,2,13,-11
106000129,76,179,-103
106000130,1,4,-3
106000131,26,150,-124
106000132,7,0,7
106000133,1148,217,931
106000134,1,0,1
106000135,37,258,-221
106000136,1,0,1
106000137,34,581,-547
106000138,1,0,1
106000139,0,0,0
106000140,6,96,-90
106000141,3,69,-66
106000142,0,0,0
106000143,5,77,-72
106000144,0,0,0
106000145,22,229,-207
106000146,0,0,0
106000147,62,125,-63
106000148,64,181,-117
106000149,87,58,29
106000150,62,351,-289
106000151,975,116,859
106000152,191,105,86
106000153,11,169,-158
106000154,179,21,158
106000155,1,9,-8
106000156,55,81,-26
106000157,145,505,-360
106000158,674,134,540
106000159,1259,375,884
106000160,15,255,-240
106000161,328,201,127
106000162,9,79,-70
106000163,24,228,-204
106000164,15,37,-22
106000165,25,268,-243
106000166,64,91,-27
106000167,43,579,-536
106000168,27,62,-35
106000169,27,306,-279
106000170,39,37,2
106000171,8,261,-253
106000172,308,288,20
106000173,72,678,-606
106000174,31,111,-80
106000175,23,400,-377
106000176,40,84,-44
106000177,77,801,-724
106000178,194,173,21
106000179,148,673,-525
106000180,192,661,-469
106000181,45,612,-567
106000182,33,175,-142
106000183,53,320,-267
106000184,119,284,-165
106000185,66,244,-178
106000186,158,42,116
106000187,8,234,-226
106000188,0,1,-1
106000189,0,0,0
106000190,0,0,0
106000191,21,44,-23
106000192,0,13,-13
106000193,53,17,36
106000194,14,121,-107
106000195,5,11,-6
106000196,2,59,-57
106000197,22,69,-47
106000198,9,91,-82
106000199,218,79,139
106000200,163,36,127
106000201,35,43,-8
106000202,2028,92,1936
106000203,9,86,-77
106000204,0,0,0
106000205,11,97,-86
106000206,0,0,0
106000207,12,381,-369
106000208,19,0,19
106000209,32,24,8
106000210,63,508,-445
106000211,126,684,-558
106000212,1,1,0
106000213,65,293,-228
106000214,184,34,150
106000215,13,43,-30
106000216,23,37,-14
106000217,32,43,-11
106000218,51,43,8
106000219,15,39,-24
106000220,27,29,-2
106000221,14,170,-156
106000222,0,0,0
106000223,0,0,0
106000224,29,108,-79
106000225,0,0,0
106000226,14,134,-120
106000228,4,89,-85
106000229,11,336,-325
106000231,10,0,10
106000232,3,170,-167
106000233,10,1,9
106000234,1,96,-95
106000235,0,0,0
106000236,5,18,-13
106000237,0,1,-1
106000238,0,0,0
106000239,0,9,-9
106000240,0,0,0
106000241,9,289,-280
106000242,6,1,5
106000249,0,0,0
106000250,9,108,-99
106000251,0,0,0
106000252,1,28,-27
106000253,0,0,0
106000254,33,16,17
106000255,0,0,0
106000256,25,36,-11
106000257,4,91,-87
106000258,0,0,0
106000259,0,13,-13
106000260,0,0,0
106000261,0,23,-23
106000262,0,0,0
106000263,0,10,-10
106000264,0,0,0
106000265,4,25,-21
106000266,0,0,0
106000267,1,20,-19
106000268,2,0,2
106000269,5,11,-6
106000270,24,164,-140
106000271,0,0,0
106000272,7,13,-6
106000273,0,0,0
106000274,29,3,26
106000275,1,5,-4
106000276,4,9,-5
106000277,2,0,2
106000278,23,10,13
106000279,0,15,-15
106000280,4,17,-13
106000281,3,6,-3
106000282,2,8,-6
106000283,4,7,-3
106000284,11,15,-4
106000285,3,14,-11
106000286,8,36,-28
106000287,6,8,-2
106000288,6,21,-15
106000289,1,11,-10
106000290,1,13,-12
106000291,17,7,10
106000292,4,32,-28
106000293,4,3,1
106000294,10,25,-15
106000295,2,1,1
106000296,14,15,-1
106000297,11,24,-13
106000298,13,9,4
106000299,5,12,-7
106000300,4,11,-7
106000301,5,14,-9
106000303,0,0,0
106000304,1,9,-8
106000305,0,0,0
106000306,3,11,-8
106000307,0,0,0
106000308,5,16,-11
106000309,2,15,-13
106000310,19,117,-98
106000311,22,4,18
106000312,14,60,-46
106000313,4,20,-16
106000318,19,36,-17
106000319,28,0,28
106000320,0,0,0
106000321,1,1,0
106000322,12,84,-72
106000324,0,1,-1
106000325,102,63,39
106000326,242,680,-438
106000327,0,0,0
106000328,0,2,-2
106000329,7,35,-28
106000330,4,26,-22
106000428,22,62,-40
106000429,27,90,-63
106000430,75,361,-286
106000431,68,94,-26
106000432,295,694,-399
106000433,170,156,14
106000434,197,79,118
106000435,753,893,-140
106000436,9,162,-153
106000437,1,1,0
106000438,0,0,0
106000439,20,153,-133
106000440,35,70,-35
106000441,0,0,0
106000442,0,0,0
106000443,5,46,-41
106000450,5,87,-82
106000451,0,0,0
106000454,0,14,-14
106000455,11,59,-48
106000456,0,0,0
106000457,2,425,-423
106000458,0,0,0
106000459,7,174,-167
106000460,1,0,1
106000461,14,756,-742
106000462,0,6,-6
106000463,0,0,0
106000464,3,223,-220
106000465,0,0,0
106000466,3,309,-306
106000467,142,165,-23
106000468,0,1,-1
106000469,0,4,-4
106000470,56,252,-196
106000471,1,199,-198
106000472,0,0,0
106000473,1,6,-5
106000474,115,307,-192
106000475,14,29,-15
106000476,30,13,17
106000477,13,25,-12
106900001,0,2,-2
106900002,0,0,0
106900003,0,0,0
106900004,0,3,-3
106900006,0,2,-2
106900007,0,1,-1
106900008,0,0,0
106900009,0,0,0
106900010,0,0,0
106900012,0,0,0
106900013,0,0,0
106900014,0,0,0
106900015,0,0,0
106900016,0,0,0
106900017,0,0,0
106900018,0,0,0
106900019,0,0,0
106900020,0,0,0
106900021,0,0,0
106900022,0,0,0
106900023,0,0,0
106900024,0,0,0
106900025,0,0,0
106900026,0,0,0
106900027,0,0,0
107000001,347,420,-73
107000002,1164,1793,-629
107000003,712,835,-123
107000004,2049,2788,-739
107000005,185,479,-294
107000006,1193,2838,-1645
107000007,734,792,-58
107000008,9770,6622,3148
107000009,412,599,-187
107000010,5837,4973,864
107000011,422,410,12
107000012,848,930,-82
107000013,17,142,-125
107000014,9,178,-169
107000015,95,549,-454
107000016,95,691,-596
107000017,408,205,203
107000018,0,115,-115
107000020,141,54,87
107000021,445,493,-48
107000022,114,830,-716
107000023,561,142,419
107000024,127,1226,-1099
107000025,41,94,-53
107000026,31,307,-276
107000027,365,174,191
107000028,287,408,-121
107000029,268,209,59
107000030,464,975,-511
107000031,127,243,-116
107000032,4,46,-42
107000033,848,1427,-579
107000034,2397,727,1670
107000035,12,7,5
107000036,27,171,-144
107000037,3,27,-24
107000038,104,149,-45
107000039,1,0,1
107000040,65,143,-78
107000041,243,85,158
107000042,149,316,-167
107000043,409,132,277
107000044,150,200,-50
107000045,8,119,-111
107000046,48,52,-4
107000047,55,242,-187
107000048,41,67,-26
107000049,43,228,-185
107000050,56,93,-37
107000051,103,110,-7
107000052,161,74,87
107000053,14,16,-2
107000054,13,86,-73
107000055,35,16,19
107000056,79,252,-173
107000057,111,24,87
107000058,3,1,2
107000059,416,1119,-703
107000060,52,67,-15
107000061,1214,1431,-217
107000062,29,43,-14
107000063,868,2185,-1317
107000064,37,66,-29
107000065,860,2199,-1339
107000066,21,46,-25
107000067,26,47,-21
107000068,0,3,-3
107000069,0,1,-1
107000070,0,0,0
107000071,3,0,3
107000072,15,1433,-1418
107000073,0,0,0
107000074,51,459,-408
107000075,1,0,1
107000076,224,1120,-896
107000077,0,0,0
107000078,278,1629,-1351
107000079,2,0,2
107000080,247,1320,-1073
107000081,18,7,11
107000082,115,1209,-1094
107000083,8,7,1
107000084,102,1001,-899
107000085,445,542,-97
107000086,449,634,-185
107000087,321,409,-88
107000088,319,735,-416
107000089,98,211,-113
107000090,260,417,-157
107000091,100,161,-61
107000092,205,360,-155
107000093,58,173,-115
107000094,161,427,-266
107000095,0,0,0
107000096,236,507,-271
107000097,1,0,1
107000098,84,370,-286
107000099,0,0,0
107000100,74,122,-48
107000101,0,0,0
107000102,131,130,1
107000103,0,0,0
107000104,58,140,-82
107000105,7,0,7
107000106,34,103,-69
107000107,13,5,8
107000108,28,385,-357
107000109,1,0,1
107000110,15,213,-198
107000111,0,0,0
107000112,1,171,-170
107000113,0,0,0
107000114,19,217,-198
107000115,1,0,1
107000116,26,403,-377
107000117,0,0,0
107000118,14,140,-126
107000119,122,22,100
107000120,688,283,405
107000121,38,19,19
107000122,185,435,-250
107000123,21,38,-17
107000124,66,370,-304
107000125,39,33,6
107000126,112,585,-473
107000129,49,260,-211
107000130,0,0,0
107000131,171,278,-107
107000132,0,0,0
107000133,3,9,-6
107000134,1,0,1
107000135,0,26,-26
107000136,3,1,2
107000137,0,18,-18
107000138,14,1,13
107000139,1,34,-33
107000140,60,5,55
107000141,16,70,-54
107000142,7,1,6
107000143,6,104,-98
107000144,7,4,3
107000145,15,30,-15
107000146,7,0,7
107000147,320,22,298
107000150,20,30,-10
107000151,2,6,-4
107000152,3,49,-46
107000153,28,57,-29
107000154,2,9,-7
107000155,29,2,27
107000156,94,1,93
107000157,4,370,-366
107000158,30,1,29
107000159,0,185,-185
107000160,27,6,21
107000161,6,193,-187
107000162,13,22,-9
107000163,0,0,0
107000164,0,0,0
107000165,0,0,0
107000166,13,410,-397
107000167,16,44,-28
107000168,73,19,54
107000169,94,477,-383
107000170,65,11,54
107000171,74,1251,-1177
107000172,36,31,5
107000173,98,342,-244
107000174,145,230,-85
107000175,2330,479,1851
107000176,0,0,0
107000177,0,0,0
107000178,0,0,0
107000179,52,1250,-1198
107000180,1,0,1
107000181,43,459,-416
107000182,7,109,-102
107000183,41,389,-348
107000184,22,106,-84
107000185,33,517,-484
107000186,0,1,-1
107000187,73,131,-58
107000188,65,92,-27
107000189,15,56,-41
107000190,47,175,-128
107000191,1,8,-7
107000192,136,206,-70
107000193,1,10,-9
107000194,178,180,-2
107000197,2,0,2
107000198,44,342,-298
107000199,207,284,-77
107000200,2,0,2
107000201,100,97,3
107000202,0,1,-1
107000203,155,215,-60
107000204,18,8,10
107000205,1294,681,613
107000206,0,0,0
107000207,41,17,24
107000208,55,9,46
107000209,80,5,75
107000210,225,42,183
107000211,0,0,0
107000212,0,105,-105
107000213,0,0,0
107000214,0,19,-19
107000215,12,35,-23
107000216,6,47,-41
107000217,4,10,-6
107000219,1,6,-5
107000220,6,43,-37
107000222,56,209,-153
107000224,0,0,0
107000225,24,203,-179
107000226,0,0,0
107000227,11,180,-169
107000228,21,18,3
107000229,8,10,-2
107000230,279,201,78
107000231,15,23,-8
107000232,0,0,0
107000233,15,37,-22
107000234,0,0,0
107000235,0,8,-8
107000236,14,329,-315
107000237,0,0,0
107000238,0,0,0
107000239,269,12,257
107000240,6,318,-312
107000241,39,15,24
107000242,188,48,140
107000243,0,35,-35
107000244,2,91,-89
107000246,2,548,-546
107000249,0,306,-306
107000251,0,110,-110
107000252,2,484,-482
107000255,81,22,59
107000257,0,45,-45
107000258,1,18,-17
107000259,1,23,-22
107000260,0,0,0
107000262,0,107,-107
107000263,0,0,0
107000266,0,0,0
107000267,10,19,-9
107000268,7,25,-18
107000269,0,2,-2
107000270,0,2,-2
107000271,0,166,-166
107000272,1,66,-65
107000273,0,32,-32
107000274,23,43,-20
107000275,0,89,-89
107000280,17,0,17
107000281,3,174,-171
107000282,2,335,-333
107000290,1,16,-15
107000291,0,0,0
107000292,0,20,-20
107000293,0,0,0
107000294,0,17,-17
107000295,0,0,0
107000296,0,0,0
107000444,11,0,11
107000496,0,0,0
107000497,243,1366,-1123
107000500,0,0,0
107000501,0,0,0
107000502,0,0,0
107000505,109,239,-130
107000506,1,3,-2
107000508,1,199,-198
107000509,17,10,7
107000510,0,0,0
107000514,1,23,-22
107000515,1,43,-42
107000516,0,0,0
107000518,0,0,0
107000519,673,701,-28
107000520,0,0,0
107900001,0,1,-1
107900002,0,0,0
107900003,2,2,0
107900004,2,0,2
107900005,40,2,38
107900006,0,0,0
107900007,5,0,5
107900008,19,2,17
107900009,0,0,0
107900010,0,0,0
107900012,12,0,12
107900013,20,8,12
107900014,0,0,0
107900015,27,1,26
107900016,22,3,19
107900017,1,0,1
107900018,2,2,0
107900019,0,7,-7
107900020,0,0,0
107900021,1,24,-23
107900023,0,0,0
107900024,0,0,0
107900025,14,20,-6
107900026,1,7,-6
107900027,0,0,0
107900028,1,20,-19
107900030,16,0,16
107900031,4,47,-43
107900032,0,0,0
107900033,0,0,0
107900034,20,0,20
107900035,49,0,49
107900036,0,0,0
107900037,0,0,0
107900038,20,7,13
107900039,1,6,-5
107900040,0,0,0
107900041,0,0,0
107900043,1,26,-25
107900044,0,0,0
107900045,5,1,4
107900046,9,1,8
107900047,0,0,0
107900048,0,0,0
107900049,33,60,-27
107900050,67,71,-4
107900051,11,5,6
107900052,0,0,0
107900053,0,18,-18
107900055,29,13,16
107900056,8,0,8
107900057,0,0,0
107900058,4,144,-140
107900060,0,0,0
107900061,0,0,0
107900063,3,9,-6
107900064,12,2,10
107900065,5,5,0
107900066,0,0,0
107900067,0,0,0
107900068,2,17,-15
107900069,0,6,-6
107900070,0,0,0
107900071,3,226,-223
107900072,0,17,-17
107900073,0,0,0
107900074,0,0,0
107900076,10,12,-2
107900077,0,0,0
107900078,13,4,9
107900079,0,0,0
107900080,3,7,-4
107900081,0,0,0
107900082,0,0,0
107900083,27,12,15
107900084,3,5,-2
107900086,5,9,-4
107900087,53,6,47
107900088,0,0,0
107900089,25,60,-35
107900090,44,22,22
107900091,6,73,-67
107900092,442,84,358
107900093,0,0,0
107900095,179,85,94
107900097,0,2,-2
107900098,2,6,-4
107900100,177,32,145
107900101,201,21,180
107900102,0,0,0
107900103,3,16,-13
107900104,0,0,0
107900105,1,145,-144
107900106,2,434,-432
107900107,234,20,214
107900108,4,0,4
107900109,0,0,0
107900110,1,16,-15
107900111,1,284,-283
107900112,19,68,-49
107900113,0,0,0
107900114,0,39,-39
107900115,0,0,0
107900116,1,55,-54
107900117,19,45,-26
107900118,4,27,-23
107900119,3,10,-7
107900120,0,0,0
107900121,0,8,-8
107900122,0,6,-6
107900123,0,10,-10
107900124,0,3,-3
107900125,3,45,-42
107900126,0,12,-12
107900127,113,8,105
107900128,1,1,0
107900129,0,8,-8
107900130,0,0,0
107900131,7,0,7
107900132,19,85,-66
107900133,0,10,-10
107900134,0,0,0
107900135,0,47,-47
107900136,3,2,1
107900137,2,3,-1
107900138,1,6,-5
107900139,0,0,0
107900140,13,15,-2
107900141,3,2,1
107900142,13,213,-200
107900143,5,5,0
107900144,0,39,-39
107900145,1,7,-6
107900146,2,4,-2
107900147,0,1,-1
107900148,18,36,-18
107900149,472,13,459
107900150,5,184,-179
107900151,0,46,-46
107900152,1,24,-23
107900153,3,5,-2
107900154,2,0,2
107900155,0,0,0
107900156,0,0,0
107900157,8,35,-27
107900158,21,0,21
107900159,11,282,-271
107900160,3,60,-57
107900161,0,83,-83
107900162,0,56,-56
107900163,0,0,0
107900164,0,21,-21
107900165,5,3,2
107900166,2,108,-106
107900167,0,0,0
107900168,0,8,-8
107900169,0,38,-38
107900171,2,402,-400
107900172,0,112,-112
107900173,1,60,-59
107900174,0,1,-1
107900175,0,0,0
107900176,0,8,-8
107900177,0,40,-40
107900178,0,72,-72
107900179,2,27,-25
107900180,123,6,117
107900181,86,68,18
107900182,1,372,-371
107900183,2,148,-146
107900184,3,6,-3
107900185,1,0,1
107900186,3,2,1
107900187,0,54,-54
107900188,74,6,68
107900189,5,28,-23
107900190,13,1,12
107900191,1,39,-38
107900193,0,16,-16
107900194,9,1,8
107900195,559,42,517
107900196,0,1,-1
107900197,18,5,13
107900199,1,150,-149
107900201,26,28,-2
107900203,0,28,-28
107900204,85,48,37
107900205,22,143,-121
107900206,11,4,7
107900207,0,186,-186
107900208,3,155,-152
107900209,48,25,23
107900210,12,24,-12
107900213,38,74,-36
107900214,0,37,-37
107900215,52,111,-59
107900216,1,6,-5
107900217,0,0,0
107900218,1,192,-191
107900219,2,51,-49
107900220,25,16,9
107900221,53,68,-15
107900223,0,4,-4
107900224,20,77,-57
107900225,0,78,-78
107900226,3,24,-21
107900227,9,120,-111
107900228,0,32,-32
107900229,1,79,-78
107900230,0,24,-24
107900231,0,0,0
107900232,0,52,-52
107900233,2,39,-37
107900234,11,69,-58
107900235,9,25,-16
107900236,6,52,-46
107900237,23,172,-149
107900238,0,0,0
107900239,234,156,78
107900240,0,30,-30
107900241,1,13,-12
107900242,0,96,-96
107900243,0,5,-5
107900244,0,0,0
107900245,4,0,4
107900246,0,0,0
107900248,9,173,-164
107900249,0,0,0
107900250,0,119,-119
107900251,3,240,-237
107900252,0,0,0
107900253,0,0,0
107900254,4,11,-7
107900255,59,5,54
107900256,43,64,-21
107900257,4,2,2
107900258,3,33,-30
107900259,0,14,-14
107900261,0,119,-119
107900262,0,0,0
107900264,0,0,0
107900265,2,14,-12
107900267,0,0,0
107900268,0,0,0
107900269,0,0,0
107900270,0,0,0
107900271,0,0,0
107900272,0,0,0
107900273,0,25,-25
107900274,0,0,0
107900275,0,0,0
107900276,0,23,-23
107900277,0,48,-48
107900278,0,66,-66
107900279,15,3,12
107900280,2,65,-63
107900281,462,112,350
107900282,7,18,-11
107900283,56,28,28
107900284,8,226,-218
107900285,0,15,-15
107900286,14,11,3
107900287,5,6,-1
107900290,0,13,-13
107900291,24,0,24
107900292,6,49,-43
107900293,6,43,-37
107900295,9,25,-16
107900297,1,111,-110
107900298,66,118,-52
107900299,759,115,644
107900300,10,43,-33
107900301,6,36,-30
107900302,1,2,-1
107900303,1,56,-55
107900304,4,141,-137
107900305,18,0,18
107900306,0,0,0
107900307,12,110,-98
107900308,14,3,11
107900309,0,0,0
107900310,0,0,0
107900311,3,3,0
107900312,0,0,0
107900313,1,6,-5
107900314,0,7,-7
107900315,0,4,-4
107900316,1,0,1
107900317,1,0,1
107900318,1,14,-13
107900319,1,71,-70
107900320,0,62,-62
107900321,0,0,0
107900322,0,46,-46
107900323,0,36,-36
107900324,1,0,1
107900325,5,0,5
107900326,2,116,-114
107900327,0,0,0
107900328,0,0,0
107900329,0,0,0
107900330,0,140,-140
107900331,1,0,1
107900332,3,4,-1
107900333,1,2,-1
107900334,1,42,-41
107900335,14,14,0
107900336,2,1,1
107900337,243,38,205
107900338,1,59,-58
107900339,0,17,-17
107900340,1,17,-16
107900341,0,0,0
107900342,6,43,-37
107900343,0,1,-1
107900344,0,85,-85
107900345,0,4,-4
107900346,1,0,1
107900347,0,0,0
107900348,0,0,0
107900349,1,0,1
107900350,15,76,-61
108000001,361,484,-123
108000002,1342,1900,-558
108000003,425,358,67
108000004,7972,7270,702
108000005,398,360,38
108000006,1284,2904,-1620
108000007,370,524,-154
108000008,1463,2771,-1308
108000009,258,632,-374
108000010,687,2617,-1930
108000011,1365,995,370
108000012,7292,6610,682
108000014,10,83,-73
108000015,4,29,-25
108000016,68,376,-308
108000017,2,36,-34
108000018,4,43,-39
108000019,7,54,-47
108000020,0,0,0
108000021,145,954,-809
108000022,124,593,-469
108000023,0,1,-1
108000024,11,218,-207
108000025,6,70,-64
108000026,23,193,-170
108000027,14,221,-207
108000028,10,149,-139
108000029,15,340,-325
108000030,2,87,-85
108000031,23,323,-300
108000032,0,0,0
108000033,157,519,-362
108000034,0,0,0
108000035,234,1255,-1021
108000036,66,645,-579
108000037,89,25,64
108000038,39,18,21
108000039,85,994,-909
108000040,20,17,3
108000041,214,1229,-1015
108000042,4,75,-71
108000043,16,181,-165
108000044,3,79,-76
108000045,19,466,-447
108000046,2,0,2
108000047,114,574,-460
108000048,34,349,-315
108000049,31,20,11
108000050,12,205,-193
108000051,11,7,4
108000052,96,220,-124
108000053,25,16,9
108000054,61,223,-162
108000055,33,17,16
108000056,246,423,-177
108000057,11,49,-38
108000058,25,214,-189
108000059,1046,464,582
108000060,0,9,-9
108000061,35,146,-111
108000062,24,9,15
108000063,29,247,-218
108000064,0,0,0
108000065,64,169,-105
108000066,335,61,274
108000067,65,60,5
108000068,0,0,0
108000069,91,600,-509
108000070,0,0,0
108000071,109,869,-760
108000072,1,0,1
108000073,194,786,-592
108000074,1,0,1
108000075,86,342,-256
108000076,0,0,0
108000077,161,475,-314
108000078,39,48,-9
108000079,423,899,-476
108000080,7,20,-13
108000081,126,1043,-917
108000082,252,703,-451
108000083,27,9,18
108000084,51,417,-366
108000085,2,5,-3
108000086,140,240,-100
108000087,0,23,-23
108000088,0,0,0
108000089,17,62,-45
108000090,10,1,9
108000091,23,257,-234
108000092,0,4,-4
108000093,32,324,-292
108000094,0,0,0
108000095,61,239,-178
108000096,0,0,0
108000097,32,297,-265
108000098,46,130,-84
108000099,2,0,2
108000100,0,1,-1
108000101,1,3,-2
108000102,94,213,-119
108000106,0,0,0
108000107,4,333,-329
108000108,0,0,0
108000109,6,350,-344
108000110,17,54,-37
108000111,57,410,-353
108000112,0,0,0
108000113,30,4,26
108000115,56,72,-16
108000117,79,68,11
108000118,15,90,-75
108000119,68,170,-102
108000120,3,105,-102
108000121,3,277,-274
108000122,7,82,-75
108000123,32,19,13
108000124,19,305,-286
108000125,3,0,3
108000126,23,381,-358
108000127,4,1,3
108000128,37,503,-466
108000129,45,835,-790
108000130,3,1,2
108000131,4,3,1
108000132,286,354,-68
108000133,6,1,5
108000134,154,518,-364
108000135,21,5,16
108000136,216,751,-535
108000137,1,1,0
108000138,20,110,-90
108000139,0,9,-9
108000140,22,3,19
108000141,3,93,-90
108000142,37,149,-112
108000143,9,43,-34
108000144,7,1,6
108000145,4,129,-125
108000146,8,1,7
108000147,5,134,-129
108000148,5,2,3
108000149,5,36,-31
108000150,3,2,1
108000151,1,4,-3
108000152,14,82,-68
108000153,1,7,-6
108000154,4,15,-11
108000155,1,2,-1
108000156,145,17,128
108000157,3,13,-10
108000158,29,81,-52
108000159,46,2,44
108000160,735,139,596
108000161,660,209,451
108000165,0,2,-2
108000172,0,0,0
108000173,530,11,519
108000175,0,28,-28
108000178,126,180,-54
108000179,0,0,0
108000181,1,2,-1
108000182,8,1,7
108000183,3,33,-30
108000184,150,144,6
108000185,2,156,-154
108000186,2,10,-8
108000187,3,119,-116
108000188,7,45,-38
108000189,8,26,-18
108000190,5,53,-48
108000192,15,203,-188
108000193,157,13,144
108000194,0,1,-1
108000195,1,889,-888
108000196,12,42,-30
108000198,43,123,-80
108000199,0,70,-70
108000200,6,106,-100
108000202,1,139,-138
108000203,2,277,-275
108000204,13,1,12
108000205,112,69,43
108000339,76,24,52
108000364,8,15,-7
108000365,0,26,-26
108000367,16,49,-33
108000368,1,25,-24
108000369,428,27,401
108000371,2,246,-244
108000372,0,0,0
108000373,0,1,-1
108000376,5,2,3
108000377,37,6,31
108000378,1641,917,724
108000379,9,65,-56
108000381,0,0,0
108000382,0,0,0
108000383,0,32,-32
108900001,8,40,-32
108900002,13,3,10
108900003,54,124,-70
108900004,158,52,106
108900005,1,21,-20
108900006,79,31,48
108900007,2,16,-14
108900008,1,18,-17
108900009,1,12,-11
108900010,1,23,-22
108900011,3,52,-49
108900012,17,73,-56
108900013,3,41,-38
108900014,0,7,-7
108900015,0,0,0
108900016,0,27,-27
108900017,8,8,0
108900018,5,77,-72
108900019,1,201,-200
108900020,2,47,-45
108900021,5,38,-33
108900022,0,0,0
108900023,0,2,-2
108900024,0,26,-26
108900025,0,0,0
108900026,1,9,-8
108900027,0,11,-11
108900028,1,97,-96
108900029,0,56,-56
108900030,0,38,-38
108900031,3,71,-68
108900032,0,24,-24
108900033,0,14,-14
108900034,0,20,-20
108900035,4,317,-313
108900036,18,36,-18
108900037,1,37,-36
108900038,0,50,-50
108900039,1,18,-17
108900040,0,20,-20
108900041,506,57,449
108900042,0,46,-46
108900043,3,36,-33
108900044,0,121,-121
108900045,11,69,-58
108900046,1,100,-99
108900047,0,17,-17
108900048,1,80,-79
108900049,411,32,379
108900050,0,34,-34
108900051,0,38,-38
108900052,2,36,-34
108900053,8,13,-5
108900054,3,12,-9
108900055,2,65,-63
108900056,0,44,-44
108900057,0,54,-54
108900058,0,78,-78
108900059,17,0,17
108900060,0,0,0
108900061,1,2,-1
108900062,0,83,-83
108900063,0,36,-36
108900064,5,4,1
108900065,0,10,-10
108900066,0,0,0
108900067,1,50,-49
108900068,0,12,-12
108900069,0,9,-9
108900070,7,12,-5
108900071,0,0,0
108900072,6,0,6
108900073,0,6,-6
108900074,2,31,-29
108900075,3,5,-2
108900076,0,0,0
108900077,0,14,-14
108900078,1,9,-8
108900079,26,10,16
108900080,0,0,0
108900081,1,34,-33
108900082,4,15,-11
108900083,0,0,0
108900084,42,14,28
108900085,142,5,137
108900086,0,26,-26
108900087,11,15,-4
108900088,0,0,0
108900089,0,0,0
108900090,0,19,-19
108900091,12,2,10
108900092,0,0,0
108900093,0,0,0
108900094,10,6,4
108900095,0,19,-19
108900096,20,0,20
108900097,1,94,-93
108900098,13,1,12
108900099,1,64,-63
108900100,1,9,-8
108900101,0,0,0
108900102,1,8,-7
108900103,0,0,0
108900104,33,51,-18
108900105,0,1,-1
108900106,0,113,-113
108900108,0,0,0
108900109,0,0,0
108900110,0,85,-85
108900111,1,140,-139
108900112,0,0,0
108900113,0,0,0
108900114,0,0,0
108900115,0,0,0
108900116,0,0,0
108900117,0,0,0
108900118,0,0,0
108900119,0,0,0
108900120,0,0,0
108900121,0,0,0
108900122,0,0,0
108900123,0,0,0
108900124,1,1,0
108900125,0,0,0
108900126,1,0,1
108900127,0,0,0
108900128,0,0,0
108900129,0,0,0
108900130,0,0,0
108900131,5,0,5
108900132,0,0,0
108900133,0,0,0
108900134,0,0,0
108900135,0,0,0
108900136,0,0,0
108900137,1,0,1
108900138,0,0,0
108900139,0,0,0
108900140,0,0,0
108900141,0,0,0
108900142,0,0,0
108900143,0,0,0
108900144,1,0,1
108900145,0,0,0
108900146,0,0,0
108900147,1,0,1
108900148,0,0,0
108900149,30,28,2
108900150,0,0,0
108900151,0,0,0
108900152,0,1,-1
108900153,1,34,-33
108900154,1,3,-2
108900155,0,5,-5
108900156,0,0,0
108900157,0,37,-37
108900158,0,0,0
108900159,0,26,-26
108900160,0,27,-27
108900161,2,86,-84
108900162,0,0,0
108900163,0,0,0
108900164,1,9,-8
108900165,15,2,13
108900167,127,28,99
108900168,775,35,740
108900169,0,7,-7
108900171,441,141,300
108900172,0,0,0
108900173,6,27,-21
108900174,0,0,0
108900176,5,70,-65
108900177,1046,86,960
108900178,282,40,242
108900179,4,8,-4
108900180,0,0,0
108900182,0,0,0
108900183,9,25,-16
108900184,0,1,-1
108900185,2,38,-36
108900186,0,42,-42
108900187,0,0,0
108900188,0,0,0
108900189,0,0,0
108900190,2,419,-417
108900191,0,0,0
108900192,2,33,-31
108900193,0,0,0
108900194,5,54,-49
108900195,0,51,-51
108900196,0,90,-90
108900198,0,83,-83
108900199,8,35,-27
108900200,35,58,-23
108900201,6,146,-140
108900203,5,0,5
108900204,11,1,10
108900205,3,0,3
108900206,0,0,0
108900207,0,0,0
108900208,11,54,-43
108900209,9,100,-91
108900210,6,9,-3
108900211,2,4,-2
108900212,27,37,-10
108900215,9,104,-95
108900216,0,9,-9
108900217,0,0,0
108900218,0,0,0
108900219,0,0,0
108900220,0,0,0
108900221,2,2,0
108900222,0,0,0
108900223,0,3,-3
108900224,3,4,-1
108900225,0,26,-26
108900226,0,0,0
108900227,2,1,1
108900230,16,10,6
108900231,5,28,-23
108900232,0,36,-36
108900233,0,0,0
108900234,0,0,0
108900235,11,33,-22
108900236,1,28,-27
108900237,1,27,-26
108900240,0,5,-5
108900241,0,0,0
108900245,0,0,0
108900249,0,0,0
108900250,0,32,-32
108900257,2,86,-84
108900258,0,7,-7
108900259,0,4,-4
108900260,0,7,-7
108900261,0,7,-7
108900262,0,0,0
108900263,0,0,0
108900264,0,0,0
108900265,0,0,0
108900266,0,0,0
108900267,0,0,0
108900268,0,0,0
108900269,0,0,0
108900270,0,0,0
108900271,0,0,0
108900272,0,0,0
108900273,0,0,0
108900274,4,12,-8
109000001,420,134,286
109000002,3441,576,2865
109000003,282,112,170
109000004,333,1585,-1252
109000005,193,148,45
109000006,340,1290,-950
109000007,126,130,-4
109000008,220,983,-763
109000009,486,199,287
109000010,618,2234,-1616
109000011,326,282,44
109000012,700,2105,-1405
109000013,407,218,189
109000014,495,2000,-1505
109000015,493,394,99
109000016,4764,2302,2462
109000017,247,262,-15
109000018,393,2042,-1649
109000019,271,175,96
109000020,596,1226,-630
109000023,0,0,0
109000024,0,22,-22
109000025,122,37,85
109000026,92,45,47
109000027,20,42,-22
109000028,6,28,-22
109000029,34,29,5
109000030,12,175,-163
109000031,0,0,0
109000032,16,177,-161
109000033,0,0,0
109000034,1,1,0
109000035,0,0,0
109000036,24,147,-123
109000037,17,46,-29
109000038,317,154,163
109000039,76,32,44
109000040,594,99,495
109000041,2992,264,2728
109000042,95,269,-174
109000044,0,8,-8
109000045,27,239,-212
109000046,1,4,-3
109000047,9,303,-294
109000048,3,6,-3
109000049,60,398,-338
109000050,3,4,-1
109000051,122,240,-118
109000052,56,346,-290
109000053,2,0,2
109000054,9,121,-112
109000055,6,21,-15
109000056,35,113,-78
109000057,31,24,7
109000058,122,21,101
109000059,14,135,-121
109000060,67,2,65
109000061,323,40,283
109000062,16,10,6
109000063,58,45,13
109000064,4,0,4
109000065,8,93,-85
109000066,12,0,12
109000067,1,92,-91
109000068,0,1,-1
109000069,0,0,0
109000070,0,318,-318
109000071,85,14,71
109000072,7,68,-61
109000073,11,25,-14
109000074,0,36,-36
109000075,23,312,-289
109000076,2,18,-16
109000077,41,61,-20
109000078,0,10,-10
109000079,1,66,-65
109000080,2,21,-19
109000081,3,139,-136
109000082,7,77,-70
109000083,13,208,-195
109000088,7,79,-72
109000089,8,0,8
109000090,28,105,-77
109000091,20,13,7
109000092,88,214,-126
109000093,25,14,11
109000094,24,2,22
109000095,9,176,-167
109000096,37,2,35
109000097,3,20,-17
109000098,0,0,0
109000099,43,92,-49
109000100,5,235,-230
109000101,79,106,-27
109000102,22,502,-480
109000103,36,151,-115
109000104,99,55,44
109000105,65,750,-685
109000106,180,76,104
109000107,65,697,-632
109000108,116,64,52
109000109,114,741,-627
109000110,100,78,22
109000111,189,792,-603
109000112,31,35,-4
109000113,39,113,-74
109000114,4,48,-44
109000115,33,3,30
109000116,1,117,-116
109000117,3,8,-5
109000118,0,130,-130
109000119,14,29,-15
109000120,20,527,-507
109000121,14,8,6
109000122,7,812,-805
109000123,0,15,-15
109000124,61,106,-45
109000125,38,80,-42
109000126,75,961,-886
109000127,30,31,-1
109000128,45,1188,-1143
109000129,28,13,15
109000130,168,1524,-1356
109000131,76,42,34
109000132,267,781,-514
109000133,23,350,-327
109000134,122,848,-726
109000135,148,591,-443
109000136,10,20,-10
109000137,31,58,-27
109000138,7,14,-7
109000139,40,83,-43
109000140,6,25,-19
109000141,46,185,-139
109000142,10,92,-82
109000143,5,13,-8
109000145,17,15,2
109000146,0,0,0
109000148,1192,125,1067
109000149,23,19,4
109000150,0,1,-1
109000155,39,123,-84
109000156,270,227,43
109000158,4,78,-74
109000159,12,134,-122
109000160,86,108,-22
109000161,16,331,-315
109000162,201,361,-160
109000163,64,247,-183
109000164,98,582,-484
109000165,56,187,-131
109000166,43,58,-15
109000167,18,174,-156
109000170,0,0,0
109000171,2,1,1
109000172,0,0,0
109000173,0,3,-3
109000174,1,0,1
109000175,0,0,0
109000176,16,144,-128
109000177,0,0,0
109000178,22,41,-19
109000179,1059,221,838
109000180,1097,374,723
109000181,5,8,-3
109000182,4,23,-19
109000183,1,3,-2
109000184,12,10,2
109000185,1,6,-5
109000188,11,122,-111
109000189,124,167,-43
109000190,75,246,-171
109000191,0,0,0
109000192,2,9,-7
109000193,16,123,-107
109000194,2,6,-4
109000195,2,102,-100
109000196,1,3,-2
109000197,19,140,-121
109000198,3,0,3
109000199,8,106,-98
109000206,15,10,5
109000207,9,12,-3
109000208,22,11,11
109000209,6,6,0
109000210,27,97,-70
109000211,11,15,-4
109000214,7,43,-36
109000215,0,1,-1
109000216,10,18,-8
109000217,25,15,10
109000218,5,19,-14
109000221,18,204,-186
109000222,27,2,25
109000223,23,52,-29
109000224,1,23,-22
109000225,2,5,-3
109000226,3,52,-49
109000227,61,220,-159
109000228,0,163,-163
109000231,0,156,-156
109000232,6,114,-108
109000236,29,405,-376
109000241,148,427,-279
109000242,50,196,-146
109000293,0,0,0
109000361,6,48,-42
109000364,14,124,-110
109000396,0,247,-247
109000397,26,0,26
109000399,34,113,-79
109000400,16,133,-117
109000403,2,25,-23
109000406,19,1,18
109000407,16,28,-12
109000408,2,101,-99
109000410,165,110,55
109000411,0,0,0
109900001,0,0,0
109900002,0,0,0
109900003,0,0,0
109900004,16,33,-17
109900005,0,0,0
109900006,0,20,-20
109900007,1,166,-165
109900008,0,3,-3
109900009,8,236,-228
109900010,0,0,0
109900011,2,1,1
109900012,7,16,-9
109900013,11,13,-2
109900014,7,3,4
109900015,17,5,12
109900016,9,10,-1
109900017,4,7,-3
109900018,4,25,-21
109900019,5,13,-8
109900020,0,0,0
109900021,0,0,0
109900022,0,40,-40
109900023,0,0,0
109900024,0,0,0
109900025,1,7,-6
109900026,0,16,-16
109900027,0,0,0
109900028,187,20,167
109900029,0,32,-32
109900030,1,0,1
109900031,0,21,-21
109900032,1,52,-51
109900033,0,2,-2
109900034,1,0,1
109900035,3,5,-2
109900036,2,8,-6
109900037,0,88,-88
109900038,0,0,0
109900039,0,0,0
109900040,0,116,-116
109900041,0,58,-58
109900042,0,68,-68
109900044,0,12,-12
109900045,0,3,-3
109900046,0,0,0
109900047,4,30,-26
109900048,9,12,-3
109900049,0,6,-6
109900050,0,86,-86
109900051,0,4,-4
109900052,3,57,-54
109900053,2,102,-100
109900054,0,0,0
109900055,2,55,-53
109900056,0,0,0
109900057,0,32,-32
109900058,0,11,-11
109900059,0,0,0
109900060,0,0,0
109900061,9,81,-72
109900062,0,28,-28
109900063,0,17,-17
109900064,3,4,-1
109900065,5,37,-32
109900066,18,142,-124
109900067,0,63,-63
109900068,0,0,0
109900069,1,10,-9
109900070,28,53,-25
109900071,0,13,-13
109900072,2,21,-19
109900073,0,46,-46
109900074,1,17,-16
109900075,0,0,0
109900076,0,25,-25
109900077,9,18,-9
109900078,2,33,-31
109900080,4,34,-30
109900081,1,0,1
109900082,2,52,-50
109900083,0,15,-15
109900084,0,10,-10
109900085,7,75,-68
109900086,0,0,0
109900087,16,44,-28
109900089,0,0,0
109900090,18,34,-16
109900091,0,0,0
109900092,0,0,0
109900093,0,0,0
109900094,0,8,-8
109900095,1,3,-2
109900096,0,0,0
109900097,0,0,0
109900098,0,0,0
109900099,0,0,0
109900100,0,0,0
109900101,0,0,0
109900102,0,0,0
109900103,1,4,-3
109900104,0,364,-364
109900105,0,0,0
109900106,0,0,0
109900107,0,0,0
109900108,14,288,-274
109900109,1,46,-45
109900110,2,17,-15
109900111,1,48,-47
109900112,10,56,-46
109900113,0,0,0
109900114,0,5,-5
109900115,0,0,0
109900117,0,0,0
109900118,22,85,-63
109900119,50,38,12
109900120,1,0,1
109900121,15,16,-1
109900122,0,0,0
109900123,0,17,-17
109900124,1,55,-54
109900125,0,20,-20
109900126,0,16,-16
109900128,0,0,0
109900130,174,3,171
109900131,0,0,0
109900132,0,0,0
109900133,0,0,0
109900134,0,0,0
109900135,24,4,20
109900136,1,24,-23
109900137,0,0,0
109900138,0,0,0
109900140,2,86,-84
109900142,57,39,18
109900145,0,14,-14
109900146,14,3,11
109900148,4,16,-12
109900149,1,9,-8
109900150,0,13,-13
109900151,1,8,-7
109900152,0,2,-2
109900153,1,10,-9
109900154,0,0,0
109900155,0,0,0
109900157,2,41,-39
109900158,7,20,-13
109900159,3,0,3
109900160,0,4,-4
109900161,8,6,2
109900162,10,6,4
109900163,13,6,7
109900164,2,71,-69
109900165,7,1,6
109900166,0,16,-16
109900167,2,96,-94
109900168,6,74,-68
109900169,5,51,-46
109900170,17,25,-8
109900171,3,7,-4
109900172,12,11,1
109900173,628,66,562
109900174,4,16,-12
109900175,1,31,-30
109900176,24,57,-33
109900177,18,134,-116
109900178,0,15,-15
109900179,0,0,0
109900180,0,0,0
110000001,154,247,-93
110000002,68,70,-2
110000003,880,337,543
110000004,163,86,77
110000005,455,191,264
110000006,70,153,-83
110000007,4,13,-9
110000008,0,24,-24
110000009,0,0,0
110000010,5,24,-19
110000011,2,17,-15
110000012,245,194,51
110000013,1,44,-43
110000014,223,52,171
110000015,21,31,-10
110000016,103,98,5
110000017,184,28,156
110000018,874,65,809
110000019,0,60,-60
110000020,97,87,10
110000021,20,17,3
110000022,33,6,27
110000023,0,43,-43
110000024,234,208,26
110000025,17,3,14
110000026,7,148,-141
110000027,68,50,18
110000028,43,45,-2
110000029,77,302,-225
110000030,10,19,-9
110000031,47,201,-154
110000032,18,23,-5
110000033,14,13,1
110000034,69,310,-241
110000035,20,192,-172
110000036,71,229,-158
110000037,9,143,-134
110000038,60,118,-58
110000039,97,96,1
110000040,45,66,-21
110000041,0,0,0
110000042,4,60,-56
110000043,1,0,1
110000044,3,12,-9
110000045,0,0,0
110000046,3,0,3
110000047,0,0,0
110000048,0,4,-4
110000049,0,0,0
110000050,0,3,-3
110000051,0,0,0
110000052,0,0,0
110000053,2,0,2
110000054,12,13,-1
110000055,0,0,0
110000056,0,0,0
110000057,84,355,-271
110000058,74,82,-8
110000059,164,298,-134
110000060,75,110,-35
110000061,484,574,-90
110000062,203,113,90
110000063,3,28,-25
110000064,0,0,0
110000065,4,25,-21
110000066,5,12,-7
110000067,0,0,0
110000068,0,2,-2
110000069,11,35,-24
110000071,2,27,-25
110000073,0,8,-8
110000075,6,74,-68
110000076,22,13,9
110000077,48,13,35
110000078,2,18,-16
110000080,54,242,-188
110000081,9,52,-43
110000082,3,65,-62
110000083,75,238,-163
110000084,50,91,-41
110000085,1263,427,836
110000086,97,219,-122
110000087,1,12,-11
110000088,0,113,-113
110000089,3,20,-17
110000090,8,68,-60
110000091,412,114,298
110000092,0,16,-16
110000093,30,1,29
110000094,110,173,-63
110000095,14,84,-70
110000096,899,517,382
110000097,205,180,25
110000098,107,63,44
110000099,100,390,-290
110000100,6,120,-114
110000101,0,117,-117
110000102,10,4,6
110000104,8,0,8
110000105,0,34,-34
110000106,26,18,8
110000107,35,21,14
110000108,37,0,37
110000109,38,163,-125
110000110,602,158,444
110000111,2687,686,2001
110000112,207,58,149
110000113,141,117,24
110000114,9,34,-25
110000115,6,31,-25
110000116,5,4,1
110000117,4,192,-188
110000118,35,55,-20
110000119,19,164,-145
110000120,60,35,25
110000121,7,100,-93
110000122,46,191,-145
110000123,13,64,-51
110000124,0,381,-381
110000125,0,0,0
110000126,0,0,0
110000127,1,0,1
110000128,4,737,-733
110000129,5,216,-211
110000130,0,0,0
110000131,63,170,-107
110000132,1,282,-281
110000133,18,70,-52
110000134,8,88,-80
110000135,0,0,0
110000136,3,100,-97
110000137,1,100,-99
110000138,36,224,-188
110000139,17,164,-147
110000140,0,0,0
110000143,58,36,22
110000144,914,252,662
110000145,223,115,108
110000146,488,138,350
110000147,29,296,-267
110000148,0,0,0
110000151,34,32,2
110000152,61,84,-23
110000153,0,19,-19
110000154,0,0,0
110000155,441,782,-341
110000156,106,458,-352
110000157,538,573,-35
110000160,50,104,-54
110000161,34,110,-76
110000166,11,3,8
110000167,60,69,-9
110000168,114,49,65
110000169,36,38,-2
110000170,2,5,-3
110000171,22,34,-12
110000172,25,362,-337
110000173,218,390,-172
110000174,17,374,-357
110000175,0,0,0
110000176,0,0,0
110000177,3,46,-43
110000178,459,153,306
110000179,274,111,163
110000180,22,73,-51
110000181,35,135,-100
110000182,185,83,102
110000183,1214,606,608
110000184,59,141,-82
110000185,161,275,-114
110000186,189,163,26
110000191,3,153,-150
110000192,5,0,5
110000193,13,0,13
110000194,3,398,-395
110000195,7,22,-15
110000196,22,134,-112
110000197,1,21,-20
110000198,4,5,-1
110000199,11,47,-36
110000200,109,204,-95
110000201,32,74,-42
110000202,136,67,69
110000203,31,291,-260
110000204,1,81,-80
110000205,2,9,-7
110000206,21,465,-444
110000207,31,71,-40
110000208,7,8,-1
110000209,36,251,-215
110000210,0,3,-3
110000211,0,1,-1
110000212,26,68,-42
110000213,4,6,-2
110000214,4,15,-11
110000215,6,211,-205
110000216,8,197,-189
110000217,7,39,-32
110000218,8,213,-205
110000219,5,3,2
110000220,7,157,-150
110000221,8,7,1
110000222,4,96,-92
110000223,0,5,-5
110000224,1,2,-1
110000225,31,144,-113
110000226,9,3,6
110000227,68,96,-28
110000228,17,1,16
110000229,0,101,-101
110000230,49,82,-33
110000231,16,26,-10
110000232,11,146,-135
110000233,2,44,-42
110000234,11,74,-63
110000235,47,166,-119
110000236,128,463,-335
110000237,389,402,-13
110000238,49,256,-207
110000239,103,482,-379
110000240,2,72,-70
110000242,0,43,-43
110000243,12,74,-62
110000244,3,154,-151
110000245,4,146,-142
110000246,33,158,-125
110000247,204,1000,-796
110000248,18,393,-375
110000249,0,0,0
110000250,0,44,-44
110000251,12,105,-93
110000252,16,99,-83
110000253,56,48,8
110000254,127,527,-400
110000255,19,408,-389
110000256,20,14,6
110000257,54,181,-127
110000258,1,82,-81
110000259,11,11,0
110000260,5,65,-60
110000263,120,16,104
110000264,33,118,-85
110000265,318,308,10
110000266,381,406,-25
110000267,16,107,-91
110000268,1,32,-31
110000269,0,13,-13
110000270,0,0,0
110000271,17,10,7
110000272,141,327,-186
110000273,366,448,-82
110000274,19,194,-175
110000275,638,107,531
110000276,26,96,-70
110000277,15,61,-46
110000278,53,258,-205
110000279,7,150,-143
110000280,3,99,-96
110000281,4,69,-65
110000282,4,11,-7
110000283,1,4,-3
110000284,4,7,-3
110000285,0,90,-90
110000286,0,0,0
110000287,0,0,0
110000288,0,29,-29
110000289,27,302,-275
110000290,442,258,184
110000291,1438,365,1073
110000292,385,476,-91
110000293,31,293,-262
110000294,41,212,-171
110000295,6,227,-221
110000296,16,162,-146
110000297,445,169,276
110000298,62,175,-113
110000299,0,0,0
110000301,0,0,0
110000302,21,415,-394
110000303,0,0,0
110000304,33,116,-83
110000305,14,1,13
110000306,28,862,-834
110000307,15,0,15
110000308,1,2,-1
110000309,3,522,-519
110000310,67,13,54
110000311,8,416,-408
110000312,34,5,29
110000313,399,596,-197
110000314,0,122,-122
110000315,734,542,192
110000316,176,553,-377
110000317,115,149,-34
110000318,1,32,-31
110000319,0,0,0
110000320,4,42,-38
110000321,0,0,0
110000322,11,75,-64
110000323,27,144,-117
110000324,1846,808,1038
110000325,15,44,-29
110000327,0,47,-47
110000328,74,286,-212
110000333,6,4,2
110000334,76,451,-375
110000335,28,99,-71
110000336,64,511,-447
110000337,49,73,-24
110000338,11,50,-39
110000339,9,59,-50
110000340,2,58,-56
110000341,53,291,-238
110000342,0,0,0
110000343,0,25,-25
110000344,4,49,-45
110000345,4,4,0
110000346,549,411,138
110000347,160,43,117
110000348,0,12,-12
110000349,1,4,-3
110000350,0,0,0
110000351,43,233,-190
110000352,46,710,-664
110000353,533,294,239
110000354,108,660,-552
110000355,2,20,-18
110000356,0,0,0
110000357,40,2,38
110000361,2,23,-21
110000362,0,0,0
110000363,8,6,2
110000364,1,86,-85
110000365,0,0,0
110000366,0,48,-48
110000367,46,119,-73
110000368,1,22,-21
110000369,0,0,0
110000373,2,114,-112
110000374,1,0,1
110000375,18,288,-270
110000376,6,51,-45
110000377,2,1,1
110000378,4,171,-167
110000379,741,277,464
110000380,2,1,1
110000383,1,144,-143
110000384,1,31,-30
110000385,0,102,-102
110000387,0,11,-11
110000388,5,128,-123
110000389,0,1,-1
110000391,1,92,-91
110000396,6,66,-60
110000397,0,3,-3
110000398,0,5,-5
110000399,0,2,-2
110000587,0,2,-2
110000589,7,10,-3
110000640,11,23,-12
110000652,0,7,-7
110000653,20,140,-120
110000654,0,3,-3
110000656,1,183,-182
110000674,1,2,-1
110000675,0,5,-5
110000676,0,22,-22
110000679,305,136,169
110000682,0,0,0
110000683,30,42,-12
110000684,0,24,-24
110000685,0,0,0
110000686,0,8,-8
110000687,0,0,0
110000688,15,6,9
110000689,1,13,-12
110000692,10,33,-23
110000693,11,90,-79
110000694,2,128,-126
110000695,34,329,-295
110000696,0,0,0
110900001,0,2,-2
110900002,0,21,-21
110900003,0,242,-242
110900004,0,65,-65
110900005,299,18,281
110900006,0,0,0
110900007,0,0,0
110900008,0,3,-3
110900009,0,0,0
110900010,2,21,-19
110900011,0,11,-11
110900012,0,22,-22
110900013,0,0,0
110900014,0,0,0
110900015,0,0,0
110900016,0,29,-29
110900017,0,0,0
110900018,0,0,0
110900019,0,0,0
110900020,1,111,-110
110900021,3,105,-102
110900022,6,41,-35
110900023,4,81,-77
110900024,2,83,-81
110900025,2,10,-8
110900027,2,17,-15
110900028,2,15,-13
110900029,4,106,-102
110900030,0,32,-32
110900031,1,45,-44
110900032,0,15,-15
110900033,5,71,-66
110900035,0,46,-46
110900036,0,5,-5
110900037,0,1,-1
110900038,37,3,34
110900039,1,31,-30
110900040,3,1,2
110900041,0,50,-50
110900042,0,0,0
110900043,0,25,-25
110900044,0,0,0
110900045,0,121,-121
110900046,20,60,-40
110900047,0,0,0
110900049,0,0,0
110900050,0,0,0
110900051,3,28,-25
110900052,1,48,-47
110900053,0,0,0
110900054,0,36,-36
110900055,0,0,0
110900056,10,10,0
110900057,0,39,-39
110900058,0,0,0
110900059,47,142,-95
110900060,2,0,2
110900061,3,3,0
110900062,0,0,0
110900063,0,14,-14
110900064,0,0,0
110900065,14,0,14
110900066,0,7,-7
110900067,0,0,0
110900068,20,24,-4
110900069,0,4,-4
110900070,3,3,0
110900071,0,0,0
110900073,0,0,0
110900074,5,12,-7
110900075,2,2,0
110900077,0,0,0
110900078,0,35,-35
110900079,39,2,37
110900080,0,0,0
110900081,1,31,-30
110900082,0,0,0
110900083,0,0,0
110900084,0,46,-46
110900085,4,105,-101
110900086,0,0,0
110900087,0,0,0
110900088,0,0,0
110900090,0,0,0
110900091,0,0,0
110900093,0,0,0
110900095,2,9,-7
110900097,0,3,-3
110900098,3,16,-13
110900099,6,83,-77
110900100,0,1,-1
110900102,0,5,-5
110900105,140,64,76
110900108,0,15,-15
110900111,8,8,0
110900112,0,0,0
110900113,0,0,0
110900115,0,0,0
110900116,11,493,-482
110900118,1,15,-14
110900119,986,27,959
110900120,0,46,-46
110900121,0,0,0
110900122,0,6,-6
110900125,0,2,-2
110900127,61,125,-64
110900128,1,4,-3
110900129,0,0,0
110900130,58,8,50
110900131,0,0,0
110900132,1,1,0
110900133,3,37,-34
110900135,4,95,-91
110900136,0,0,0
110900137,0,0,0
110900138,0,136,-136
110900139,0,6,-6
110900140,0,1,-1
110900141,0,10,-10
110900142,1,10,-9
110900143,0,0,0
110900144,0,211,-211
110900145,1,0,1
110900146,14,1,13
110900147,50,79,-29
110900148,0,132,-132
110900149,0,4,-4
110900150,1,2,-1
110900151,3,13,-10
110900152,1,77,-76
110900153,0,0,0
111000001,284,93,191
111000002,293,332,-39
111000003,96,90,6
111000004,195,546,-351
111000005,117,165,-48
111000006,366,624,-258
111000007,605,423,182
111000008,1630,881,749
111000009,270,484,-214
111000010,180,115,65
111000011,585,499,86
111000012,293,111,182
111000013,156,567,-411
111000014,146,126,20
111000017,42,192,-150
111000018,62,115,-53
111000020,678,958,-280
111000021,0,0,0
111000023,0,0,0
111000025,1480,518,962
111000029,4,29,-25
111000030,5,18,-13
111000031,104,28,76
111000032,25,21,4
111000033,0,0,0
111000034,31,178,-147
111000037,551,257,294
111000038,331,504,-173
111000039,127,423,-296
111000040,209,542,-333
111000041,192,260,-68
111000042,1473,431,1042
111000043,5,1,4
111000044,1,0,1
111000045,22,44,-22
111000046,6,23,-17
111000047,103,177,-74
111000049,78,234,-156
111000050,510,738,-228
111000051,117,453,-336
111000052,172,542,-370
111000053,110,347,-237
111000054,95,387,-292
111000055,236,778,-542
111000056,23,239,-216
111000057,10,242,-232
111000058,14,40,-26
111000059,23,50,-27
111000060,85,112,-27
111000061,38,65,-27
111000062,24,75,-51
111000063,66,120,-54
111000064,26,75,-49
111000065,48,84,-36
111000066,54,99,-45
111000067,52,254,-202
111000068,26,223,-197
111000069,535,727,-192
111000070,822,414,408
111000071,60,381,-321
111000072,0,0,0
111000073,1,0,1
111000074,5,3,2
111000075,1,3,-2
111000076,0,4,-4
111000077,133,150,-17
111000078,422,547,-125
111000079,227,145,82
111000080,58,171,-113
111000081,803,588,215
111000082,114,188,-74
111000084,88,172,-84
111000085,120,170,-50
111000086,83,139,-56
111000087,76,134,-58
111000088,151,133,18
111000089,79,264,-185
111000090,485,376,109
111000091,168,230,-62
111000092,203,374,-171
111000093,48,223,-175
111000094,141,193,-52
111000095,47,403,-356
111000096,490,1916,-1426
111000097,2246,252,1994
111000098,161,481,-320
111000099,69,1023,-954
111000100,59,893,-834
111000101,87,298,-211
111000102,29,381,-352
111000104,0,1,-1
111000107,21,323,-302
111000109,0,0,0
111000110,14,2,12
111000111,43,13,30
111000112,50,5,45
111000113,15,15,0
111000114,36,39,-3
111000115,1353,117,1236
111000116,44,80,-36
111000117,77,168,-91
111000118,215,120,95
111000119,119,229,-110
111000120,33,119,-86
111000121,15,102,-87
111000122,81,363,-282
111000123,83,937,-854
111000124,91,1170,-1079
111000125,34,723,-689
111000126,14,327,-313
111000127,0,1,-1
111000128,2,0,2
111000129,0,0,0
111000130,37,83,-46
111000131,23,52,-29
111000132,0,0,0
111000133,6,21,-15
111000134,2,20,-18
111000135,2,29,-27
111000136,21,22,-1
111000138,3,0,3
111000140,1,0,1
111000141,24,114,-90
111000142,0,63,-63
111000143,0,38,-38
111000144,1,59,-58
111000145,1,0,1
111000146,0,0,0
111000147,1,0,1
111000148,1,14,-13
111000149,3,29,-26
111000150,1,0,1
111000151,5,13,-8
111000153,50,124,-74
111000154,21,82,-61
111000155,9,79,-70
111000156,1,0,1
111000157,0,0,0
111000158,0,3,-3
111000159,1,1,0
111000160,0,0,0
111000161,0,0,0
111000162,1,56,-55
111000163,64,217,-153
111000164,252,623,-371
111000165,290,136,154
111000166,202,76,126
111000167,51,134,-83
111000168,37,58,-21
111000169,13,43,-30
111000170,34,65,-31
111000171,51,133,-82
111000172,16,108,-92
111000173,15,307,-292
111000174,5,150,-145
111000175,6,81,-75
111000176,9,49,-40
111000177,16,86,-70
111000178,77,131,-54
111000179,1,54,-53
111000180,29,93,-64
111000181,42,56,-14
111000182,8,35,-27
111000183,14,36,-22
111000184,24,32,-8
111000185,25,158,-133
111000186,13,100,-87
111000187,9,119,-110
111000188,6,129,-123
111000189,378,135,243
111000190,51,175,-124
111000191,20,160,-140
111000192,69,239,-170
111000193,106,183,-77
111000194,4,144,-140
111000195,12,146,-134
111000196,2,106,-104
111000197,0,0,0
111000198,0,0,0
111000199,0,0,0
111000200,0,0,0
111000201,0,0,0
111000202,0,0,0
111000203,0,0,0
111000204,0,0,0
111000213,0,23,-23
111000214,106,285,-179
111000215,107,352,-245
111000217,99,175,-76
111000218,114,221,-107
111000219,52,128,-76
111000220,34,240,-206
111000221,1,0,1
111000224,0,110,-110
111000225,24,34,-10
111000226,0,0,0
111000227,0,0,0
111000228,6,43,-37
111000229,13,104,-91
111000230,1,0,1
111000231,2,13,-11
111000232,76,398,-322
111000233,73,328,-255
111000234,6,88,-82
111000239,76,77,-1
111000240,0,0,0
111000241,8,199,-191
111000242,0,0,0
111000243,17,506,-489
111000244,0,1,-1
111000245,2,8,-6
111000246,1,17,-16
111000247,28,549,-521
111000248,10,26,-16
111000249,122,337,-215
111000250,4,19,-15
111000251,0,28,-28
111000253,0,0,0
111000255,0,0,0
111000257,0,0,0
111000260,22,467,-445
111000261,13,2,11
111000271,6,97,-91
111000273,1124,152,972
111000274,230,457,-227
111000275,0,0,0
111000276,34,522,-488
111000277,26,103,-77
111000278,76,40,36
111000291,24,181,-157
111000298,19,24,-5
111000299,0,0,0
111000300,8,101,-93
111000302,16,2,14
111000303,12,40,-28
111000312,10,8,2
111000315,1,235,-234
111000320,42,79,-37
111000321,16,5,11
111000322,12,107,-95
111000323,4,7,-3
111000324,0,0,0
111000325,1,28,-27
111000326,8,64,-56
111000327,32,69,-37
111000328,29,90,-61
111000329,1,11,-10
111000330,0,0,0
111000331,0,0,0
111000332,61,210,-149
111000334,84,587,-503
111000335,59,41,18
111000337,66,231,-165
111000338,4,40,-36
111000339,29,201,-172
111000340,5,234,-229
111000341,62,50,12
111000342,8,81,-73
111000344,107,132,-25
111000345,3,0,3
111000346,1,25,-24
111000347,5,1,4
111000350,3,3,0
111000351,16,35,-19
111000352,14,0,14
111000353,10,44,-34
111000354,9,0,9
111000355,15,122,-107
111000358,8,560,-552
111000360,8,336,-328
111000361,6,114,-108
111000546,64,289,-225
111000547,3,127,-124
111000548,22,78,-56
111000549,8,65,-57
111000550,26,122,-96
111000551,67,21,46
111000552,2,0,2
111000907,0,18,-18
111000908,0,0,0
111000916,98,109,-11
111000917,12,111,-99
111000918,5,330,-325
111000920,0,0,0
111000921,1,153,-152
111000922,37,224,-187
111000924,1,425,-424
111000925,154,501,-347
111000926,355,1375,-1020
111000927,1087,972,115
111000928,3427,1585,1842
111000929,111,206,-95
111000930,207,1106,-899
111000931,194,476,-282
111000932,1302,1179,123
111000933,335,175,160
111000934,843,1210,-367
111000935,50,128,-78
111000936,221,905,-684
111000937,102,100,2
111000938,389,1112,-723
111000939,1,0,1
111000940,25,75,-50
111000941,3,93,-90
111000943,12,65,-53
111000944,1,81,-80
111000945,4,1094,-1090
111001109,0,1,-1
111001110,48,396,-348
111001111,1,2,-1
111001112,24,1,23
111001113,0,73,-73
111001114,0,0,0
111001115,12,127,-115
111001116,600,74,526
111001117,411,320,91
111001120,5,86,-81
111001121,16,83,-67
111001122,10,178,-168
111001123,0,0,0
111001124,4,45,-41
111900001,0,9,-9
111900002,1,39,-38
111900003,0,28,-28
111900004,2,15,-13
111900006,0,0,0
111900007,0,0,0
111900008,0,0,0
111900009,0,3,-3
111900010,28,58,-30
111900012,28,17,11
111900013,0,11,-11
111900014,785,103,682
111900015,0,18,-18
111900016,0,38,-38
111900017,0,20,-20
111900018,0,0,0
111900019,0,6,-6
111900020,1,3,-2
111900021,0,7,-7
111900022,2,4,-2
111900023,14,7,7
111900024,0,13,-13
111900025,0,2,-2
111900026,0,19,-19
111900027,1,11,-10
111900028,1,103,-102
111900029,0,4,-4
111900030,0,0,0
111900031,0,25,-25
111900032,0,125,-125
111900033,0,4,-4
111900034,0,0,0
111900035,0,29,-29
111900036,0,88,-88
111900038,0,0,0
111900039,0,74,-74
111900040,0,139,-139
111900042,9,9,0
111900043,0,76,-76
111900044,0,0,0
111900046,11,28,-17
111900048,3,204,-201
111900049,1,56,-55
111900050,2,0,2
111900051,0,47,-47
111900052,61,89,-28
111900053,0,0,0
111900054,3,0,3
111900055,1,151,-150
111900056,0,0,0
111900057,0,0,0
111900058,7,172,-165
111900059,0,0,0
111900060,3,0,3
111900061,3,52,-49
111900062,0,0,0
111900063,1,13,-12
111900064,22,55,-33
111900065,0,0,0
111900066,0,0,0
111900067,1,19,-18
111900068,0,0,0
111900069,0,0,0
111900070,0,0,0
111900071,0,17,-17
111900072,0,0,0
111900073,2,3,-1
111900074,0,5,-5
111900075,0,0,0
111900076,0,1,-1
111900077,0,0,0
111900078,2,0,2
111900079,0,0,0
111900080,0,0,0
111900081,2,1,1
111900082,1,1,0
111900083,0,1,-1
111900084,0,0,0
111900085,0,0,0
111900086,0,0,0
111900087,0,0,0
111900088,0,0,0
111900089,0,0,0
111900090,0,0,0
111900091,1,1,0
111900092,0,0,0
111900093,0,0,0
111900094,0,0,0
111900095,0,0,0
111900096,2,0,2
111900097,0,0,0
111900098,2,0,2
111900099,0,0,0
111900100,0,0,0
111900101,0,0,0
111900102,0,139,-139
111900103,0,0,0
111900104,0,0,0
111900105,0,0,0
111900106,85,0,85
111900107,0,0,0
111900108,2,1,1
111900109,2,0,2
111900110,257,4,253
111900111,0,29,-29
111900112,0,0,0
111900113,1,0,1
111900114,1,0,1
111900115,0,0,0
111900118,0,0,0
111900119,0,0,0
111900122,0,0,0
111900123,0,0,0
111900124,2,2,0
111900125,0,0,0
111900126,0,0,0
111900127,0,0,0
111900128,0,0,0
111900129,0,0,0
111900130,0,0,0
111900131,0,0,0
111900132,0,0,0
111900133,0,0,0
111900134,4,43,-39
111900135,0,0,0
111900136,0,0,0
111900137,6,2,4
111900138,0,7,-7
111900139,0,45,-45
111900140,0,0,0
111900141,0,0,0
111900142,0,0,0
111900143,0,32,-32
111900144,0,24,-24
111900145,1,105,-104
111900146,0,40,-40
111900147,13,80,-67
111900148,4,55,-51
111900149,3,29,-26
111900150,0,13,-13
111900151,0,3,-3
111900152,8,0,8
111900153,10,3,7
111900154,0,0,0
111900155,0,0,0
111900156,0,0,0
111900157,0,0,0
111900158,0,0,0
111900159,0,0,0
111900160,0,0,0
111900161,0,0,0
111900162,0,0,0
111900163,0,0,0
111900164,0,0,0
111901113,0,26,-26
111901114,0,0,0
111901115,0,0,0
111901116,0,0,0
111901117,0,0,0
111901118,0,0,0
111901119,0,0,0
111901120,0,0,0
111901121,12,17,-5
111901122,2,97,-95
111901123,0,79,-79
111901124,0,0,0
111901125,0,0,0
111901126,0,0,0
111901127,0,0,0
111901128,0,0,0
111901129,0,0,0
111901130,0,0,0
111901131,0,19,-19
111901132,0,0,0
111901133,0,0,0
111901134,0,0,0
111901135,0,0,0
111901136,0,0,0
111901137,0,0,0
111901138,0,0,0
111901139,0,0,0
111901140,0,0,0
111901141,0,0,0
111901142,0,0,0
111901143,0,0,0
111901144,0,0,0
111901145,0,0,0
111901146,2,0,2
112000001,229,223,6
112000002,323,864,-541
112000003,120,175,-55
112000004,114,632,-518
112000005,304,312,-8
112000006,406,694,-288
112000007,149,127,22
112000008,256,453,-197
112000009,809,1053,-244
112000010,233,289,-56
112000011,398,923,-525
112000012,489,418,71
112000013,2703,1209,1494
112000014,198,116,82
112000015,411,699,-288
112000016,139,162,-23
112000017,189,582,-393
112000024,590,263,327
112000026,1258,2027,-769
112000027,5,15,-10
112000028,434,976,-542
112000029,24,37,-13
112000030,106,43,63
112000031,324,328,-4
112000032,574,32,542
112000033,648,75,573
112000034,120,15,105
112000035,16,84,-68
112000036,75,66,9
112000037,47,270,-223
112000038,56,83,-27
112000039,0,0,0
112000040,16,50,-34
112000041,24,78,-54
112000042,175,89,86
112000050,0,0,0
112000051,14,40,-26
112000054,597,481,116
112000057,116,87,29
112000058,93,79,14
112000059,3,2,1
112000061,1802,500,1302
112000062,1311,62,1249
112000063,100,54,46
112000064,2072,1963,109
112000065,763,886,-123
112000066,5,0,5
112000067,125,233,-108
112000068,4,2,2
112000069,98,1468,-1370
112000070,83,16,67
112000071,117,1417,-1300
112000072,45,64,-19
112000073,165,456,-291
112000074,9,131,-122
112000075,14,66,-52
112000076,324,483,-159
112000077,46,205,-159
112000078,69,209,-140
112000079,151,484,-333
112000080,40,271,-231
112000081,448,571,-123
112000082,40,34,6
112000083,135,374,-239
112000084,36,13,23
112000085,116,391,-275
112000086,33,44,-11
112000087,27,212,-185
112000088,5,23,-18
112000089,23,171,-148
112000090,11,18,-7
112000091,111,658,-547
112000092,99,92,7
112000093,310,597,-287
112000094,19,72,-53
112000095,83,355,-272
112000096,17,90,-73
112000097,7,18,-11
112000098,149,526,-377
112000099,15,5,10
112000100,27,17,10
112000101,94,427,-333
112000102,14,13,1
112000103,73,606,-533
112000105,107,728,-621
112000106,18,17,1
112000107,0,0,0
112000108,13,212,-199
112000109,0,0,0
112000110,62,37,25
112000111,384,2538,-2154
112000112,107,17,90
112000113,370,1291,-921
112000114,33,41,-8
112000115,8,72,-64
112000116,7,136,-129
112000117,5,82,-77
112000118,128,334,-206
112000119,81,357,-276
112000120,17,196,-179
112000121,0,1,-1
112000122,0,0,0
112000123,1,1,0
112000124,1,1,0
112000125,0,0,0
112000126,0,3,-3
112000127,326,83,243
112000128,190,57,133
112000129,3,44,-41
112000130,9,21,-12
112000131,0,125,-125
112000132,7,128,-121
112000133,0,80,-80
112000134,27,155,-128
112000135,55,16,39
112000136,147,447,-300
112000137,39,17,22
112000138,247,499,-252
112000139,0,0,0
112000140,102,301,-199
112000141,0,0,0
112000142,42,317,-275
112000143,0,0,0
112000144,27,618,-591
112000145,5,1,4
112000146,158,1001,-843
112000147,2,2,0
112000148,145,768,-623
112000149,0,0,0
112000150,6,123,-117
112000151,0,0,0
112000152,25,76,-51
112000153,0,21,-21
112000154,13,18,-5
112000155,11,7,4
112000157,59,66,-7
112000158,9,33,-24
112000159,18,79,-61
112000167,9,0,9
112000169,23,30,-7
112000173,7,49,-42
112000175,5,35,-30
112000176,1425,656,769
112000177,3,8,-5
112000178,3,7,-4
112000179,5,24,-19
112000180,22,105,-83
112000181,216,756,-540
112000182,33,362,-329
112000183,0,0,0
112000184,0,0,0
112000185,25,128,-103
112000187,369,605,-236
112000195,0,0,0
112000196,3,0,3
112000197,2,0,2
112000198,2,22,-20
112000199,64,11,53
112000202,0,1,-1
112000216,7,13,-6
112000230,0,0,0
112000231,0,21,-21
112000256,0,0,0
112000313,11,21,-10
112000314,2,1,1
112000337,15,216,-201
112000352,11,17,-6
112000392,350,136,214
112000398,51,61,-10
112000399,20,24,-4
112000400,323,1012,-689
112000401,1084,782,302
112000402,103,248,-145
112000403,36,70,-34
112000404,56,76,-20
112000405,63,194,-131
112000406,762,1004,-242
112000407,409,461,-52
112000408,2729,2228,501
112000409,306,1495,-1189
112000410,0,0,0
112000411,320,27,293
112000412,110,32,78
112000413,162,15,147
112000414,5,12,-7
112000415,0,0,0
112000416,151,79,72
112000417,0,0,0
112000421,4,37,-33
112000422,13,44,-31
112000424,302,212,90
112000425,86,353,-267
112000426,5,87,-82
112000427,0,0,0
112000428,3,27,-24
112000429,333,669,-336
112000430,490,1003,-513
112000431,0,0,0
112000432,101,807,-706
112000433,100,74,26
112000437,3,51,-48
112900001,0,0,0
112900002,0,0,0
112900003,2,26,-24
112900004,1,63,-62
112900005,0,44,-44
112900006,0,104,-104
112900007,0,0,0
112900008,0,0,0
112900009,0,0,0
112900010,0,136,-136
112900011,22,13,9
112900012,1,8,-7
112900013,0,0,0
112900014,1,26,-25
112900015,72,425,-353
112900016,0,40,-40
112900017,0,0,0
112900018,1,72,-71
112900019,4,5,-1
112900020,188,601,-413
112900021,4,82,-78
112900022,0,0,0
112900023,0,47,-47
112900024,3,33,-30
112900025,0,0,0
112900026,1,33,-32
112900027,0,0,0
112900028,2,10,-8
112900029,0,0,0
112900030,30,30,0
112900031,0,0,0
112900032,2,9,-7
112900034,0,0,0
112900035,0,0,0
112900036,18,12,6
112900037,0,0,0
112900038,0,13,-13
112900039,0,0,0
112900040,0,5,-5
112900041,146,80,66
112900042,5,57,-52
112900043,0,2,-2
112900044,45,56,-11
112900045,0,0,0
112900046,15,3,12
112900047,1,0,1
112900049,0,7,-7
112900050,40,154,-114
112900051,75,168,-93
112900052,0,171,-171
112900053,18,77,-59
112900054,0,0,0
112900055,0,0,0
112900056,0,0,0
112900057,1,181,-180
112900058,4,2,2
112900059,2,8,-6
112900060,0,26,-26
112900061,2,15,-13
112900062,3,11,-8
112900063,0,0,0
112900064,6,11,-5
112900065,0,0,0
112900066,4,2,2
112900067,67,4,63
112900068,0,0,0
112900069,175,15,160
112900071,0,0,0
112900072,1,19,-18
112900073,9,2,7
112900074,0,0,0
112900075,11,1,10
112900076,0,0,0
112900078,0,0,0
112900079,0,0,0
112900080,0,0,0
112900081,0,1,-1
112900082,4,1,3
112900083,1,0,1
112900084,0,0,0
112900085,0,0,0
112900086,0,0,0
112900087,10,1,9
112900088,0,0,0
112900089,19,2,17
112900090,0,1,-1
112900091,0,0,0
112900092,0,0,0
112900093,0,0,0
112900094,0,0,0
112900095,0,1,-1
112900096,10,2,8
112900097,0,37,-37
112900098,0,0,0
112900099,6,0,6
112900100,0,0,0
112900101,0,0,0
112900102,0,1,-1
112900103,0,0,0
112900104,0,0,0
112900105,0,0,0
112900106,8,0,8
112900107,0,0,0
112900108,0,0,0
112900109,0,0,0
112900110,0,0,0
112900111,0,0,0
112900112,0,0,0
112900113,0,3,-3
112900114,0,0,0
112900115,13,0,13
112900116,0,2,-2
112900117,4,3,1
112900118,0,8,-8
112900119,0,0,0
112900120,113,57,56
112900121,15,12,3
112900122,1,13,-12
112900123,0,0,0
112900124,0,35,-35
112900125,0,6,-6
112900126,11,47,-36
112900127,0,0,0
112900128,71,193,-122
112900129,1,415,-414
112900130,0,0,0
112900131,10,73,-63
112900132,10,93,-83
112900133,6,198,-192
112900134,1,96,-95
112900135,0,0,0
112900136,0,4,-4
112900137,0,127,-127
112900138,2,204,-202
112900139,58,342,-284
112900140,0,8,-8
112900141,17,5,12
112900142,0,0,0
112900143,9,183,-174
112900144,0,23,-23
112900145,8,149,-141
112900146,1,136,-135
112900147,1,882,-881
112900148,8,0,8
112900149,17,50,-33
112900151,0,0,0
112900152,586,95,491
112900153,16,0,16
112900154,0,0,0
112900155,0,0,0
112900156,3,152,-149
112900157,18,4,14
112900158,1,0,1
112900159,0,6,-6
112900160,0,28,-28
112900161,0,0,0
112900162,0,1,-1
112900163,0,0,0
112900164,0,0,0
112900165,1,8,-7
112900166,0,0,0
112900167,0,0,0
112900168,0,0,0
112900169,0,0,0
112900170,0,0,0
112900172,0,0,0
112900173,13,2,11
112900174,0,0,0
112900175,0,0,0
112900176,0,0,0
112900177,0,0,0
112900178,0,0,0
112900179,9,90,-81
112900180,1,421,-420
112900181,0,0,0
112900182,1,26,-25
112900183,1,2,-1
112900184,66,84,-18
112900185,1,13,-12
112900186,171,68,103
112900187,0,0,0
112900188,313,80,233
112900189,0,1,-1
112900190,0,8,-8
112900192,26,19,7
112900193,102,28,74
112900194,1,11,-10
112900195,23,1,22
112900196,72,280,-208
112900197,23,184,-161
112900199,0,0,0
112900200,0,0,0
112900201,0,0,0
112900202,2,128,-126
112900203,0,0,0
112900204,34,10,24
112900205,0,1,-1
112900206,0,6,-6
112900207,7,0,7
112900208,1,3,-2
112900209,29,97,-68
112900210,0,3,-3
112900211,0,2,-2
112900212,0,0,0
112900213,2,1,1
112900214,1,0,1
112900215,0,28,-28
112900216,2,3,-1
112900217,0,26,-26
112900218,0,0,0
112900219,0,0,0
112900220,0,0,0
112900221,0,0,0
112900222,0,0,0
112900223,44,1,43
112900224,1,194,-193
112900225,3,126,-123
112900226,4,6,-2
112900227,3,408,-405
112900228,0,0,0
112900229,0,0,0
112900230,2054,299,1755
112900232,12,11,1
112900233,3,40,-37
112900234,0,9,-9
112900235,0,1,-1
112900236,0,2,-2
112900237,2,49,-47
112900238,0,4,-4
112900239,30,30,0
113000001,1037,1081,-44
113000002,465,213,252
113000003,658,372,286
113000004,541,209,332
113000005,201,253,-52
113000006,105,86,19
113000007,234,317,-83
113000008,209,151,58
113000009,204,299,-95
113000010,147,147,0
113000011,127,584,-457
113000012,181,102,79
113000013,218,147,71
113000014,146,250,-104
113000015,13,49,-36
113000016,79,155,-76
113000017,18,123,-105
113000018,9,1,8
113000019,9,199,-190
113000020,0,0,0
113000021,80,307,-227
113000022,106,684,-578
113000025,30,66,-36
113000026,10,34,-24
113000027,16,38,-22
113000028,114,101,13
113000029,18,1,17
113000030,405,287,118
113000031,254,130,124
113000032,9,1,8
113000033,14,4,10
113000034,317,190,127
113000035,6,11,-5
113000036,1,1,0
113000037,29,24,5
113000038,0,0,0
113000039,22,54,-32
113000040,23,25,-2
113000042,156,69,87
113000051,90,189,-99
113000052,572,110,462
113000053,24,111,-87
113000054,24,68,-44
113000055,70,151,-81
113000056,73,346,-273
113000058,120,236,-116
113000059,0,0,0
113000060,6,90,-84
113000061,56,78,-22
113000062,103,4,99
113000063,3,0,3
113000064,0,4,-4
113000065,31,409,-378
113000066,22,29,-7
113000067,57,76,-19
113000068,44,696,-652
113000069,63,368,-305
113000070,49,45,4
113000071,38,231,-193
113000072,34,36,-2
113000073,156,502,-346
113000074,80,41,39
113000075,99,47,52
113000076,358,445,-87
113000077,5,0,5
113000078,231,625,-394
113000079,256,203,53
113000080,4,5,-1
113000081,2,0,2
113000082,401,241,160
113000083,0,1,-1
113000084,342,290,52
113000085,64,37,27
113000086,149,315,-166
113000087,60,41,19
113000088,602,349,253
113000089,20,48,-28
113000090,1,37,-36
113000091,402,125,277
113000094,31,7,24
113000095,54,499,-445
113000096,68,351,-283
113000097,30,10,20
113000098,1,0,1
113000099,39,23,16
113000100,70,201,-131
113000101,86,136,-50
113000102,1,21,-20
113000103,462,282,180
113000104,0,0,0
113000105,0,0,0
113000106,42,205,-163
113000107,62,56,6
113000108,191,510,-319
113000109,104,217,-113
113000110,6,1,5
113000111,8,53,-45
113000112,0,0,0
113000113,0,0,0
113000114,86,153,-67
113000116,82,13,69
113000117,60,20,40
113000118,2,18,-16
113000119,11,48,-37
113000120,0,9,-9
113000121,35,100,-65
113000124,0,0,0
113000125,0,0,0
113000127,962,131,831
113000128,9,10,-1
113000129,547,228,319
113000133,1576,314,1262
113000134,5,159,-154
113000135,44,38,6
113000137,6,2,4
113000139,5,0,5
113000140,154,215,-61
113000141,8,2,6
113000142,182,283,-101
113000143,4,2,2
113000144,100,136,-36
113000145,5,4,1
113000146,28,42,-14
113000147,49,55,-6
113000148,4,13,-9
113000149,6,9,-3
113000150,84,70,14
113000151,75,31,44
113000152,5,23,-18
113000153,377,42,335
113000154,152,177,-25
113000155,67,65,2
113000156,44,53,-9
113000157,47,165,-118
113000158,179,50,129
113000159,265,149,116
113000160,93,280,-187
113000161,18,67,-49
113000162,203,112,91
113000163,0,1,-1
113000164,5,55,-50
113000166,0,0,0
113000167,6,179,-173
113000168,17,195,-178
113000169,0,0,0
113000170,0,3,-3
113000171,49,101,-52
113000172,1,1,0
113000173,0,0,0
113000174,30,443,-413
113000175,0,1,-1
113000176,1,0,1
113000177,16,351,-335
113000178,34,358,-324
113000179,0,0,0
113000180,39,220,-181
113000181,160,360,-200
113000182,46,29,17
113000183,80,241,-161
113000184,3,52,-49
113000189,47,114,-67
113000190,204,36,168
113000192,625,343,282
113000193,485,196,289
113000194,290,310,-20
113000195,139,85,54
113000196,16,35,-19
113000197,75,82,-7
113000198,7,61,-54
113000199,23,14,9
113000201,1,40,-39
113000202,632,123,509
113000203,0,0,0
113000204,253,356,-103
113000205,4,11,-7
113000206,1,0,1
113000207,19,4,15
113000208,2,6,-4
113000209,6,12,-6
113000210,1,1,0
113000211,47,4,43
113000212,50,0,50
113000213,0,14,-14
113000214,6,45,-39
113000234,34,447,-413
113000410,16,8,8
113000411,647,1026,-379
113000412,3124,729,2395
113000413,1367,555,812
113000414,2907,713,2194
113000415,1093,1171,-78
113000416,4054,1327,2727
113000417,976,930,46
113000418,662,808,-146
113000419,405,488,-83
113000420,1744,758,986
113000421,659,426,233
113000422,6773,914,5859
113000423,1884,827,1057
113000424,1787,906,881
113000425,4,48,-44
113000428,22,30,-8
113000430,8,22,-14
113000432,54,24,30
113000433,54,308,-254
113000434,9,167,-158
113000435,6,310,-304
113000436,12,434,-422
113000437,0,0,0
113000438,0,0,0
113000439,4,81,-77
113000440,0,0,0
113000441,0,0,0
113000442,22,159,-137
113000443,0,2,-2
113000444,9,154,-145
113000445,0,2,-2
113000446,9,49,-40
113000448,46,41,5
113000449,0,0,0
113000450,42,28,14
113000451,195,54,141
113000452,0,0,0
113000453,34,114,-80
113000454,0,0,0
113000455,6,66,-60
113000456,246,183,63
113000468,108,9,99
113000469,33,9,24
113000470,2,0,2
113000471,0,0,0
113000472,10,17,-7
113000474,34,132,-98
113000475,311,449,-138
113000476,223,673,-450
113000477,399,807,-408
113000478,902,1202,-300
113000479,2,171,-169
113000480,5,8,-3
113000483,0,0,0
113000485,0,0,0
113000486,0,0,0
113000487,0,0,0
113000488,0,0,0
113000489,0,0,0
113000490,0,0,0
113000491,0,0,0
113000492,0,0,0
113000493,0,0,0
113000495,24,116,-92
113000496,0,0,0
113000499,0,0,0
113000500,0,2,-2
113900001,0,0,0
113900002,0,0,0
113900003,0,0,0
113900004,0,0,0
113900005,0,0,0
113900006,0,0,0
113900007,0,0,0
113900008,0,0,0
113900009,0,0,0
113900010,0,0,0
113900011,0,0,0
113900012,0,0,0
113900013,0,0,0
113900014,0,0,0
113900015,0,5,-5
113900016,0,0,0
113900017,0,0,0
113900018,34,1,33
113900019,2,0,2
113900020,0,0,0
113900022,0,0,0
113900023,0,0,0
113900024,0,2,-2
113900025,0,0,0
113900026,0,0,0
113900027,0,0,0
113900028,0,0,0
113900029,0,24,-24
113900030,0,0,0
113900031,0,0,0
113900032,0,0,0
113900033,1,2,-1
113900035,0,0,0
113900036,0,0,0
113900037,0,0,0
113900038,7,1,6
113900039,0,0,0
113900040,0,0,0
113900041,0,0,0
113900042,0,1,-1
113900043,4,11,-7
113900044,0,0,0
113900045,0,0,0
113900046,25,60,-35
113900047,0,0,0
113900048,69,6,63
113900049,72,1,71
113900050,31,48,-17
113900051,5,44,-39
113900052,0,0,0
113900053,0,0,0
113900054,0,0,0
113900055,2,95,-93
113900056,0,0,0
113900057,1,4,-3
113900058,1,13,-12
113900059,0,45,-45
113900060,0,0,0
113900061,0,0,0
113900062,0,0,0
113900063,0,0,0
113900064,2,29,-27
113900065,0,0,0
113900066,7,64,-57
113900067,0,0,0
113900068,0,0,0
113900069,0,0,0
113900070,7,72,-65
113900071,0,0,0
113900072,2,20,-18
113900073,5,51,-46
113900074,0,0,0
113900075,0,0,0
113900076,0,0,0
113900077,2,34,-32
113900078,0,0,0
113900079,0,0,0
113900080,0,0,0
113900081,0,22,-22
113900082,1,26,-25
113900083,0,0,0
113900084,0,0,0
113900085,4,45,-41
113900086,0,0,0
113900087,0,0,0
113900088,0,0,0
113900089,0,0,0
113900090,1,0,1
113900091,0,0,0
113900092,0,3,-3
113900093,0,21,-21
113900094,0,0,0
113900095,0,0,0
113900096,0,0,0
113900097,0,13,-13
113900098,0,0,0
113900099,0,0,0
113900100,0,0,0
113900101,1,5,-4
113900102,0,6,-6
113900103,0,0,0
113900104,0,0,0
113900105,0,40,-40
113900106,0,0,0
113900107,0,0,0
113900108,0,32,-32
113900109,0,2,-2
113900110,0,0,0
113900111,0,0,0
113900112,1,8,-7
113900113,8,3,5
113900114,0,0,0
113900115,0,0,0
113900116,0,25,-25
113900117,4,0,4
113900118,0,0,0
113900119,0,0,0
113900120,0,0,0
113900121,0,0,0
113900122,0,0,0
113900123,3,2,1
113900124,0,0,0
113900125,5,8,-3
113900126,8,6,2
113900127,0,8,-8
113900128,0,0,0
113900129,0,0,0
113900130,0,0,0
113900131,4,4,0
113900132,0,0,0
113900133,3,4,-1
113900135,17,87,-70
113900136,0,4,-4
113900137,7,5,2
113900138,0,0,0
113900139,137,14,123
113900140,0,0,0
113900141,10,29,-19
113900142,1,5,-4
113900143,0,1,-1
113900144,0,1,-1
113900145,8,11,-3
113900146,0,4,-4
113900148,10,5,5
113900149,0,0,0
113900150,266,61,205
113900151,6,15,-9
113900152,1,3,-2
113900153,55,33,22
113900154,0,0,0
113900155,31,14,17
113900156,31,160,-129
113900157,0,5,-5
113900158,64,11,53
113900159,0,0,0
113900160,51,156,-105
113900161,0,4,-4
113900162,71,52,19
113900163,25,23,2
113900164,0,0,0
113900165,111,88,23
113900166,17,4,13
113900167,0,0,0
113900168,17,20,-3
113900169,19,80,-61
113900171,0,0,0
113900172,0,37,-37
113900173,4,74,-70
113900174,17,161,-144
113900175,0,0,0
113900176,35,181,-146
113900177,13,17,-4
113900178,0,0,0
113900179,0,99,-99
113900180,5,8,-3
113900181,0,0,0
113900182,41,186,-145
113900183,1,2,-1
113900184,3,71,-68
113900185,6,11,-5
113900186,1,3,-2
113900187,6,15,-9
113900188,2,13,-11
113900189,0,0,0
113900190,54,24,30
113900191,7,10,-3
113900192,0,0,0
113900193,2,45,-43
113900194,134,71,63
113900195,31,89,-58
113900196,0,6,-6
113900197,2,50,-48
113900198,1,30,-29
113900199,15,119,-104
113900200,2,10,-8
113900201,0,35,-35
113900202,1,16,-15
113900203,0,48,-48
113900204,0,74,-74
113900205,1,12,-11
113900206,1,8,-7
113900207,0,5,-5
113900208,0,2,-2
113900209,0,14,-14
113900210,86,51,35
113900211,15,2,13
113900212,0,111,-111
113900214,46,48,-2
113900215,0,16,-16
113900216,0,112,-112
113900217,0,0,0
113900218,0,0,0
113900219,12,39,-27
113900220,0,0,0
113900221,0,0,0
113900222,0,6,-6
113900223,6,110,-104
113900224,22,7,15
113900225,0,0,0
113900226,0,3,-3
113900227,5,0,5
113900228,22,11,11
113900229,1,20,-19
113900230,182,42,140
113900231,6,22,-16
113900232,2,7,-5
113900233,0,6,-6
113900234,8,4,4
113900235,0,0,0
113900236,0,0,0
113900237,0,0,0
113900238,6,11,-5
113900239,0,2,-2
113900240,0,0,0
113900241,5,5,0
113900242,1,23,-22
113900243,0,33,-33
113900244,73,17,56
113900245,177,7,170
113900246,0,0,0
113900247,0,0,0
113900248,303,24,279
113900249,0,0,0
113900250,0,0,0
113900251,1,23,-22
113900252,0,0,0
113900253,0,0,0
113900254,0,0,0
113900255,0,0,0
113900256,0,0,0
113900257,7,96,-89
113900258,3,89,-86
113900259,1,31,-30
113900260,0,4,-4
113900261,0,18,-18
113900262,1,119,-118
113900263,8,42,-34
113900264,1,82,-81
113900265,17,45,-28
113900266,3,56,-53
113900267,3,38,-35
113900268,1,1,0
113900269,4,31,-27
113900270,23,55,-32
113900271,41,301,-260
113900273,0,0,0
113900274,0,0,0
113900275,1,6,-5
113900276,0,41,-41
113900277,0,0,0
113900278,18,14,4
113900279,6,17,-11
113900280,52,38,14
113900281,16,70,-54
113900282,23,10,13
113900283,0,0,0
113900284,0,4,-4
113900285,0,0,0
113900286,0,0,0
113900287,3,2,1
113900288,0,26,-26
113900289,115,1,114
113900290,66,13,53
113900291,13,37,-24
113900292,0,1,-1
113900293,0,44,-44
113900294,0,0,0
113900295,18,12,6
113900296,5,3,2
113900297,0,0,0
113900298,3,398,-395
113900299,0,0,0
113900300,316,17,299
113900301,0,0,0
113900302,0,5,-5
113900303,44,1,43
113900304,0,61,-61
113900305,0,0,0
113900306,0,0,0
113900307,0,0,0
113900308,9,10,-1
113900309,1,181,-180
113900310,0,0,0
113900311,0,0,0
113900312,0,1,-1
113900313,0,0,0
114000001,313,878,-565
114000002,6,30,-24
114000003,1,22,-21
114000004,20,50,-30
114000005,8,9,-1
114000006,510,537,-27
114000007,69,448,-379
114000008,219,293,-74
114000009,8,6,2
114000011,567,864,-297
114000012,208,847,-639
114000013,172,673,-501
114000014,88,182,-94
114000015,88,128,-40
114000016,24,127,-103
114000017,16,20,-4
114000018,123,11,112
114000026,128,519,-391
114000027,190,560,-370
114000028,359,504,-145
114000038,9,6,3
114000039,20,57,-37
114000040,8,29,-21
114000042,42,49,-7
114000043,1,19,-18
114000044,1,26,-25
114000045,7,40,-33
114000046,420,1109,-689
114000047,0,5,-5
114000048,4,9,-5
114000049,52,74,-22
114000050,29,48,-19
114000051,182,183,-1
114000052,126,89,37
114000053,0,14,-14
114000054,3,46,-43
114000055,6,2,4
114000056,139,177,-38
114000057,2144,649,1495
114000058,40,21,19
114000059,45,43,2
114000060,84,262,-178
114000061,141,24,117
114000062,90,37,53
114000063,726,760,-34
114000064,2083,602,1481
114000065,403,732,-329
114000066,30,142,-112
114000067,0,0,0
114000068,36,42,-6
114000069,50,70,-20
114000070,95,27,68
114000071,13,70,-57
114000072,14,59,-45
114000073,0,0,0
114000074,4,7,-3
114000075,0,0,0
114000076,0,0,0
114000077,0,0,0
114000078,12,132,-120
114000079,13,3,10
114000080,2,3,-1
114000081,0,0,0
114000082,13,203,-190
114000083,16,99,-83
114000084,3,2,1
114000085,20,250,-230
114000086,15,249,-234
114000087,4,58,-54
114000088,0,0,0
114000089,166,56,110
114000090,34,24,10
114000091,138,60,78
114000092,108,68,40
114000093,23,125,-102
114000094,38,61,-23
114000095,0,0,0
114000096,9,134,-125
114000097,6,208,-202
114000098,0,0,0
114000099,9,142,-133
114000100,12,103,-91
114000101,42,303,-261
114000102,0,0,0
114000103,3,58,-55
114000104,0,26,-26
114000105,2,26,-24
114000106,132,61,71
114000107,23,36,-13
114000108,834,446,388
114000109,1,0,1
114000110,79,513,-434
114000111,0,0,0
114000112,74,563,-489
114000113,1,1,0
114000114,259,587,-328
114000115,2,1,1
114000116,66,46,20
114000117,61,23,38
114000118,81,20,61
114000119,76,12,64
114000120,174,322,-148
114000121,79,154,-75
114000122,75,93,-18
114000123,10,4,6
114000124,4,6,-2
114000125,211,749,-538
114000126,10,4,6
114000127,1,50,-49
114000128,34,68,-34
114000130,0,0,0
114000131,0,0,0
114000132,218,264,-46
114000133,211,337,-126
114000134,3,52,-49
114000138,7,32,-25
114000139,1,1,0
114000144,1,0,1
114000145,12,27,-15
114000146,8,41,-33
114000147,3,0,3
114000148,34,0,34
114000149,7,24,-17
114000150,226,179,47
114000151,15,6,9
114000152,3,13,-10
114000153,192,274,-82
114000154,105,137,-32
114000155,99,145,-46
114000156,13,38,-25
114000157,22,139,-117
114000158,501,93,408
114000159,39,51,-12
114000160,14,37,-23
114000161,42,19,23
114000162,11,10,1
114000163,1,23,-22
114000165,0,1,-1
114000166,85,10,75
114000167,826,321,505
114000168,187,309,-122
114000169,216,110,106
114000170,57,78,-21
114000171,54,81,-27
114000174,72,188,-116
114000176,99,184,-85
114000177,534,309,225
114000178,0,0,0
114000179,30,1,29
114000180,117,275,-158
114000181,191,329,-138
114000182,1543,746,797
114000183,407,336,71
114000184,195,814,-619
114000185,30,18,12
114000189,0,0,0
114000190,2,0,2
114000191,0,0,0
114000192,116,554,-438
114000193,284,1162,-878
114000194,321,413,-92
114000195,0,0,0
114000196,2,128,-126
114000197,0,1,-1
114000198,247,126,121
114000199,282,176,106
114000200,71,642,-571
114000201,15,334,-319
114000202,189,222,-33
114000203,61,261,-200
114000204,26,106,-80
114000205,14,498,-484
114000206,71,438,-367
114000207,202,987,-785
114000208,80,1127,-1047
114000209,169,1217,-1048
114000210,67,712,-645
114000211,60,229,-169
114000212,96,213,-117
114000213,221,83,138
114000214,3,40,-37
114000215,1,28,-27
114000216,57,0,57
114000217,3,78,-75
114000218,8,52,-44
114000219,49,127,-78
114000220,4,624,-620
114000221,60,22,38
114000222,29,527,-498
114000223,0,0,0
114000224,32,226,-194
114000225,34,232,-198
114000226,4,130,-126
114000227,58,102,-44
114000228,62,167,-105
114000229,84,368,-284
114000230,109,171,-62
114000231,146,456,-310
114000232,6,19,-13
114000233,40,11,29
114000234,68,103,-35
114000235,136,475,-339
114000236,0,430,-430
114000237,29,360,-331
114000238,1,7,-6
114000239,7,488,-481
114000240,157,253,-96
114000241,47,440,-393
114000242,243,301,-58
114000243,168,119,49
114000244,1,0,1
114000245,62,355,-293
114000246,83,29,54
114000247,35,118,-83
114000248,58,91,-33
114000249,50,77,-27
114000250,75,205,-130
114000251,16,150,-134
114000252,6,20,-14
114000253,0,0,0
114000254,0,20,-20
114000255,77,34,43
114000256,40,34,6
114000257,166,1001,-835
114000258,28,127,-99
114000259,12,158,-146
114000260,2,45,-43
114000261,27,2,25
114000262,2,71,-69
114000263,0,0,0
114000264,17,95,-78
114000265,0,4,-4
114000267,3,526,-523
114000268,1,788,-787
114000270,0,1,-1
114000271,67,28,39
114000283,88,89,-1
114000285,27,131,-104
114000288,8,200,-192
114000289,81,18,63
114000293,19,165,-146
114000294,5,10,-5
114000395,56,2,54
114000396,1,0,1
114000402,9,34,-25
114000403,10,29,-19
114000405,15,253,-238
114000423,15,239,-224
114000424,23,58,-35
114000425,29,275,-246
114000426,0,0,0
114000427,19,44,-25
114000428,0,0,0
114000429,2,58,-56
114000432,0,0,0
114000434,2,51,-49
114000435,0,55,-55
114000436,1385,502,883
114000437,5,23,-18
114900001,0,0,0
114900002,0,0,0
114900003,0,0,0
114900004,0,0,0
114900005,0,0,0
114900006,0,0,0
114900007,0,0,0
114900008,0,0,0
114900010,4,1,3
114900011,0,0,0
114900013,0,0,0
114900015,0,0,0
114900018,0,0,0
114900020,0,0,0
114900022,0,15,-15
114900024,0,0,0
114900025,0,0,0
114900026,0,0,0
114900027,0,0,0
114900029,0,0,0
114900030,0,0,0
114900031,0,0,0
114900032,0,0,0
114900033,0,0,0
114900034,1,26,-25
114900035,2,9,-7
114900036,25,158,-133
114900037,4,25,-21
114900038,15,148,-133
114900039,41,131,-90
114900040,4,11,-7
114900041,20,163,-143
114900042,20,160,-140
114900043,43,10,33
114900044,0,0,0
114900046,2,11,-9
114900047,7,80,-73
114900048,2,18,-16
114900049,2,21,-19
114900050,0,80,-80
114900051,5,68,-63
114900052,13,18,-5
114900053,17,25,-8
114900054,1,20,-19
114900057,0,0,0
114900058,0,35,-35
114900059,0,0,0
114900060,44,23,21
114900061,7,25,-18
114900062,2,24,-22
114900063,1,15,-14
114900064,24,115,-91
114900065,6,102,-96
114900067,0,46,-46
114900068,2,20,-18
114900069,11,8,3
114900070,0,0,0
114900072,3,45,-42
114900073,0,42,-42
114900074,0,0,0
114900075,0,1,-1
114900076,0,65,-65
114900080,0,0,0
114900082,5,136,-131
114900083,0,68,-68
114900090,0,0,0
114900091,4,4,0
114900095,68,15,53
114900096,27,29,-2
114900097,0,1,-1
114900098,0,0,0
114900099,0,0,0
115000001,2651,2784,-133
115000002,373,178,195
115000003,863,1980,-1117
115000004,242,298,-56
115000005,513,1445,-932
115000006,60,154,-94
115000007,0,1,-1
115000008,46,39,7
115000009,7,17,-10
115000010,2,2,0
115000013,23,69,-46
115000015,37,71,-34
115000016,103,60,43
115000019,0,47,-47
115000020,0,0,0
115000021,57,127,-70
115000022,163,121,42
115000023,23,44,-21
115000024,297,190,107
115000025,36,49,-13
115000026,42,123,-81
115000027,11,54,-43
115000028,23,238,-215
115000029,27,18,9
115000030,53,297,-244
115000031,164,46,118
115000032,3,79,-76
115000033,0,0,0
115000034,6,341,-335
115000035,0,0,0
115000036,2,169,-167
115000037,0,0,0
115000038,0,0,0
115000039,244,234,10
115000040,913,383,530
115000041,58,286,-228
115000042,48,123,-75
115000043,201,753,-552
115000044,1298,1599,-301
115000045,316,1030,-714
115000046,64,386,-322
115000047,181,279,-98
115000048,430,1626,-1196
115000049,374,1160,-786
115000050,349,187,162
115000051,583,172,411
115000052,1410,777,633
115000053,242,161,81
115000054,183,330,-147
115000055,12,203,-191
115000056,1,37,-36
115000057,23,128,-105
115000058,6,31,-25
115000059,1,83,-82
115000061,0,0,0
115000062,5,84,-79
115000063,22,90,-68
115000064,0,0,0
115000065,0,53,-53
115000067,0,0,0
115000069,2,64,-62
115000070,5,101,-96
115000071,0,0,0
115000072,23,9,14
115000073,186,2,184
115000075,1,6,-5
115000076,539,620,-81
115000077,126,858,-732
115000078,71,475,-404
115000079,121,557,-436
115000080,140,851,-711
115000081,32,156,-124
115000082,376,673,-297
115000083,305,862,-557
115000084,1,7,-6
115000085,51,326,-275
115000086,4,0,4
115000087,82,376,-294
115000088,7,1,6
115000089,544,545,-1
115000090,43,23,20
115000091,46,355,-309
115000092,19,78,-59
115000093,0,0,0
115000094,1654,688,966
115000095,1043,1259,-216
115000096,38,511,-473
115000097,41,261,-220
115000098,42,389,-347
115000099,67,838,-771
115000100,26,51,-25
115000101,105,665,-560
115000102,12,18,-6
115000103,108,358,-250
115000105,0,0,0
115000106,15,21,-6
115000107,25,299,-274
115000108,1241,1238,3
115000109,280,140,140
115000110,351,121,230
115000111,130,330,-200
115000112,90,103,-13
115000113,139,187,-48
115000114,348,233,115
115000116,501,201,300
115000117,255,244,11
115000118,184,298,-114
115000119,203,228,-25
115000120,106,205,-99
115000121,612,225,387
115000122,689,218,471
115000123,359,247,112
115000124,125,92,33
115000125,48,130,-82
115000126,16,97,-81
115000127,34,43,-9
115000128,154,147,7
115000129,5,16,-11
115000130,9,228,-219
115000131,13,64,-51
115000132,4,102,-98
115000133,9,57,-48
115000134,11,47,-36
115000135,8,47,-39
115000136,1,1,0
115000137,10,86,-76
115000138,0,1,-1
115000139,31,116,-85
115000140,0,1,-1
115000141,25,142,-117
115000142,11,136,-125
115000143,3,3,0
115000144,14,4,10
115000145,14,216,-202
115000146,0,0,0
115000147,10,157,-147
115000148,71,291,-220
115000149,37,30,7
115000150,108,257,-149
115000151,40,39,1
115000152,91,397,-306
115000153,28,28,0
115000154,20,16,4
115000155,70,304,-234
115000156,38,20,18
115000157,129,171,-42
115000158,35,31,4
115000159,33,27,6
115000160,92,50,42
115000161,39,96,-57
115000162,0,0,0
115000163,234,211,23
115000164,165,177,-12
115000165,0,0,0
115000167,0,0,0
115000168,0,0,0
115000169,146,199,-53
115000170,33,66,-33
115000171,0,0,0
115000172,250,118,132
115000173,0,0,0
115000174,0,1,-1
115000175,11,30,-19
115000176,0,1,-1
115000177,4,19,-15
115000178,3,68,-65
115000179,0,0,0
115000180,8,191,-183
115000181,4,0,4
115000182,2,5,-3
115000183,25,298,-273
115000186,37,49,-12
115000187,25,215,-190
115000188,106,66,40
115000189,59,135,-76
115000190,80,77,3
115000191,33,106,-73
115000194,47,48,-1
115000195,0,0,0
115000196,0,0,0
115000197,4,87,-83
115000198,0,0,0
115000199,10,60,-50
115000200,0,0,0
115000201,12,128,-116
115000206,1,0,1
115000207,10,174,-164
115000208,131,288,-157
115000209,54,20,34
115000210,2,10,-8
115000211,81,75,6
115000212,248,128,120
115000224,0,0,0
115000225,0,0,0
115000229,0,0,0
115000230,0,0,0
115000231,39,764,-725
115000232,22,97,-75
115000233,10,177,-167
115000234,0,1,-1
115000241,0,2,-2
115000242,0,0,0
115000243,1,0,1
115000244,0,1,-1
115000246,0,0,0
115000247,0,0,0
115000248,0,0,0
115000249,0,0,0
115000250,7,6,1
115000251,0,0,0
115000252,0,0,0
115000253,0,0,0
115000258,0,0,0
115000259,0,0,0
115000261,0,0,0
115000262,0,0,0
115000263,0,0,0
115000264,0,0,0
115000267,0,0,0
115000268,0,4,-4
115000269,0,0,0
115000270,0,0,0
115000272,0,0,0
115000273,0,0,0
115000280,0,0,0
115000281,111,27,84
115000282,73,13,60
115000284,70,57,13
115000296,4,0,4
115000297,1,0,1
115000298,31,13,18
115000300,3,81,-78
115000302,0,0,0
115000303,0,0,0
115000304,0,0,0
115000305,10,307,-297
115000306,5,147,-142
115000307,2,60,-58
115000308,6,1,5
115000309,0,0,0
115000310,100,322,-222
115000311,1,5,-4
115000313,59,144,-85
115000314,0,0,0
115000315,307,121,186
115000316,0,0,0
115000317,17,243,-226
115000318,64,36,28
115000319,2,101,-99
115000320,4,39,-35
115000321,65,5,60
115000322,4,74,-70
115000449,0,0,0
115000557,0,5,-5
115000558,0,0,0
115000587,15,30,-15
115000588,929,1972,-1043
115000589,665,376,289
115000590,159,718,-559
115000591,80,79,1
115000592,220,749,-529
115000593,133,43,90
115000594,279,661,-382
115000609,0,2,-2
115000617,225,70,155
115000624,0,8,-8
115000633,23,620,-597
115000634,793,162,631
115000635,48,15,33
115000638,0,0,0
115000641,0,0,0
115000642,27,28,-1
115000643,8,121,-113
115000644,16,133,-117
115000646,162,174,-12
115000647,11,176,-165
115000648,63,547,-484
115000893,418,177,241
115000894,26,664,-638
115000895,53,593,-540
115000896,115,26,89
115000897,75,3,72
115000898,85,21,64
115000899,221,164,57
115000900,10,38,-28
115000901,28,25,3
115000912,11,6,5
115000913,0,8,-8
115000915,0,0,0
115000916,0,0,0
115000917,0,1,-1
115000918,0,0,0
115000919,0,0,0
115000920,3,1,2
115000921,137,6,131
115000922,46,49,-3
115000923,117,348,-231
115000925,7,17,-10
115000927,0,0,0
115000933,38,27,11
115000934,0,0,0
115000935,0,0,0
115000936,0,0,0
115000937,156,16,140
115000938,24,9,15
115000939,22,26,-4
115900001,0,0,0
115900002,0,0,0
115900003,0,0,0
115900004,0,0,0
115900005,0,0,0
115900006,0,0,0
115900008,0,0,0
115900009,0,0,0
115900010,0,0,0
115900011,5,15,-10
115900012,0,0,0
115900013,0,0,0
115900014,15,19,-4
115900015,0,0,0
115900016,0,0,0
115900017,0,0,0
115900018,16,3,13
115900019,0,0,0
115900020,0,0,0
115900021,114,0,114
115900022,0,0,0
115900023,0,0,0
115900025,0,0,0
115900026,0,0,0
115900027,0,11,-11
115900028,25,1,24
115900029,1,71,-70
115900030,0,0,0
115900031,0,0,0
115900032,0,0,0
115900033,0,0,0
115900034,3,42,-39
115900035,0,0,0
115900036,1,4,-3
115900037,1,38,-37
115900038,0,0,0
115900039,0,0,0
115900041,0,2,-2
115900042,0,0,0
115900043,0,0,0
115900044,0,0,0
115900046,2,18,-16
115900047,0,0,0
115900049,0,3,-3
115900051,0,6,-6
115900052,2,32,-30
115900053,0,5,-5
115900054,0,17,-17
115900055,2,18,-16
115900056,0,2,-2
115900057,0,0,0
115900058,9,7,2
115900060,0,0,0
115900061,0,0,0
115900062,1,65,-64
115900063,2,1,1
115900064,0,0,0
115900065,0,0,0
115900066,21,13,8
115900067,0,218,-218
115900068,407,1,406
115900069,0,0,0
115900070,0,0,0
115900071,0,22,-22
115900072,7,14,-7
115900073,0,0,0
115900074,0,82,-82
115900075,0,22,-22
115900076,0,0,0
115900077,0,44,-44
115900078,1,9,-8
115900079,0,0,0
115900080,0,0,0
115900081,2,15,-13
115900082,6,8,-2
115900084,0,0,0
115900085,0,6,-6
115900086,157,20,137
115900088,0,0,0
115900089,1,99,-98
115900090,0,0,0
115900091,0,4,-4
115900092,0,10,-10
115900093,0,2,-2
115900094,1,45,-44
115900096,0,4,-4
115900097,2,57,-55
115900098,1,24,-23
115900099,0,0,0
115900100,0,82,-82
115900101,4,33,-29
115900102,0,0,0
115900103,1,10,-9
115900104,0,0,0
115900105,0,0,0
115900106,0,0,0
115900107,0,0,0
115900108,0,0,0
115900109,7,55,-48
115900110,0,0,0
115900111,0,27,-27
115900112,1,91,-90
115900113,0,0,0
115900114,0,27,-27
115900115,0,5,-5
115900116,4,130,-126
115900117,0,0,0
115900118,0,89,-89
115900119,1,1,0
115900120,3,29,-26
115900121,12,42,-30
115900124,23,56,-33
115900125,7,4,3
115900126,54,4,50
115900127,23,3,20
115900128,0,1,-1
115900129,42,3,39
115900130,0,0,0
115900131,8,3,5
115900132,10,0,10
115900134,15,1,14
115900135,0,0,0
115900137,0,0,0
115900139,4,1,3
115900140,0,0,0
115900141,0,0,0
115900142,0,0,0
115900143,0,24,-24
115900144,1,11,-10
115900146,0,0,0
115900147,0,0,0
115900148,0,0,0
115900149,0,9,-9
115900150,0,0,0
115900151,0,10,-10
115900152,1,70,-69
115900153,1,56,-55
115900154,89,43,46
115900155,0,0,0
115900156,74,142,-68
115900157,3,71,-68
115900158,0,0,0
115900159,10,54,-44
115900160,0,0,0
115900161,1,29,-28
115900163,6,21,-15
115900164,0,0,0
115900165,0,7,-7
115900166,0,0,0
115900168,0,2,-2
115900171,8,62,-54
115900172,3,35,-32
115900173,0,0,0
115900174,21,28,-7
115900175,2,2,0
115900178,1,124,-123
115900179,0,0,0
115900180,0,0,0
115900181,0,15,-15
115900182,3,26,-23
115900183,3,2,1
115900184,0,0,0
115900187,0,0,0
115900189,0,16,-16
115900190,0,44,-44
115900191,7,56,-49
115900192,0,4,-4
115900193,6,11,-5
115900194,31,4,27
115900195,52,48,4
115900198,2,10,-8
115900199,29,34,-5
115900200,39,74,-35
115900201,5,15,-10
115900202,0,0,0
115900203,0,0,0
115900204,0,0,0
115900205,3,0,3
115900206,1,5,-4
115900207,0,0,0
115900208,0,0,0
115900209,0,17,-17
115900210,0,18,-18
115900211,0,15,-15
115900212,0,7,-7
115900213,0,0,0
115900214,0,42,-42
115900215,0,0,0
115900216,3,44,-41
115900217,0,17,-17
115900218,0,9,-9
115900219,0,0,0
115900220,0,0,0
115900221,0,0,0
115900222,0,0,0
115900223,0,0,0
115900224,0,0,0
115900225,0,0,0
115900226,0,0,0
115900227,0,0,0
115900228,0,0,0
115900229,0,0,0
115900230,0,0,0
115900231,0,0,0
115900232,0,0,0
115900233,0,0,0
115900234,0,0,0
115900235,0,0,0
115900236,0,1,-1
115900237,0,15,-15
115900238,0,8,-8
115900239,0,11,-11
115900240,0,16,-16
115900241,0,5,-5
115900242,1,0,1
115900243,0,2,-2
115900244,1,2,-1
115900245,0,0,0
115900246,0,0,0
115900247,0,0,0
115900248,0,0,0
115900249,0,0,0
115900250,0,0,0
115900251,0,0,0
115900252,0,0,0
115900253,0,0,0
115900254,0,0,0
115900255,0,0,0
115900256,0,0,0
115900257,0,0,0
115900258,0,0,0
115900259,0,0,0
115900260,0,0,0
115900261,0,0,0
115900262,0,0,0
115900263,0,0,0
115900264,0,0,0
115900265,0,0,0
115900266,0,0,0
115900267,0,0,0
115900268,0,0,0
115900269,5,11,-6
115900270,0,0,0
115900271,0,0,0
115900272,0,0,0
115900273,0,0,0
115900274,1,0,1
115900275,0,3,-3
115900276,0,11,-11
115900277,0,36,-36
115900278,0,17,-17
115900279,2,13,-11
115900280,0,12,-12
115900281,0,5,-5
115900282,0,0,0
115900283,0,0,0
115900284,0,0,0
116000001,7760,1081,6679
116000002,924,366,558
116000003,532,649,-117
116000004,523,113,410
116000005,426,769,-343
116000006,282,188,94
116000007,970,1257,-287
116000008,475,442,33
116000009,319,617,-298
116000010,173,69,104
116000011,125,220,-95
116000012,117,98,19
116000013,6565,1143,5422
116000014,856,149,707
116000015,91,256,-165
116000016,445,77,368
116000017,6,100,-94
116000018,73,23,50
116000019,47,87,-40
116000020,27,71,-44
116000021,25,67,-42
116000022,25,37,-12
116000023,21,45,-24
116000024,61,136,-75
116000025,28,60,-32
116000026,158,534,-376
116000027,26,147,-121
116000028,2,2,0
116000029,297,128,169
116000030,4,5,-1
116000031,58,49,9
116000032,32,96,-64
116000033,7,144,-137
116000034,15,193,-178
116000035,55,277,-222
116000036,94,38,56
116000037,0,0,0
116000038,0,0,0
116000039,94,62,32
116000040,0,0,0
116000041,18,126,-108
116000042,0,0,0
116000043,9,170,-161
116000044,0,0,0
116000045,9,1,8
116000046,294,393,-99
116000047,324,537,-213
116000048,69,89,-20
116000049,43,197,-154
116000050,226,422,-196
116000051,84,171,-87
116000052,431,791,-360
116000053,1,2,-1
116000054,136,574,-438
116000055,94,309,-215
116000056,2,3,-1
116000057,1096,480,616
116000058,643,214,429
116000059,230,109,121
116000060,682,120,562
116000061,82,94,-12
116000062,57,71,-14
116000063,52,155,-103
116000066,2,2,0
116000067,85,138,-53
116000068,4,3,1
116000069,93,135,-42
116000078,0,3,-3
116000080,221,321,-100
116000082,1,49,-48
116000083,141,70,71
116000084,92,377,-285
116000085,233,94,139
116000086,81,191,-110
116000087,155,103,52
116000088,161,293,-132
116000089,2,10,-8
116000090,0,0,0
116000091,3,1,2
116000093,139,53,86
116000094,27,271,-244
116000095,54,75,-21
116000096,47,306,-259
116000097,60,146,-86
116000098,4,482,-478
116000099,1168,48,1120
116000100,1,0,1
116000101,14,54,-40
116000102,15,219,-204
116000103,12,44,-32
116000104,4,231,-227
116000105,19,58,-39
116000106,13,255,-242
116000107,41,140,-99
116000108,1,44,-43
116000111,0,0,0
116000113,0,0,0
116000114,7,16,-9
116000115,0,0,0
116000116,7,27,-20
116000117,29,65,-36
116000118,110,549,-439
116000119,11,77,-66
116000120,356,1398,-1042
116000121,0,0,0
116000122,283,1281,-998
116000123,1,1,0
116000124,53,612,-559
116000125,7,7,0
116000126,58,686,-628
116000127,217,581,-364
116000128,16,16,0
116000129,10,8,2
116000130,2,5,-3
116000133,172,287,-115
116000134,139,1044,-905
116000135,144,183,-39
116000136,116,737,-621
116000137,30,109,-79
116000138,331,57,274
116000139,181,540,-359
116000140,33,106,-73
116000141,45,149,-104
116000142,895,1282,-387
116000143,465,102,363
116000144,264,1079,-815
116000145,282,190,92
116000146,26,55,-29
116000147,47,11,36
116000148,13,66,-53
116000149,2,70,-68
116000151,107,384,-277
116000153,0,0,0
116000155,0,1,-1
116000156,66,283,-217
116000157,0,0,0
116000158,23,166,-143
116000159,0,0,0
116000160,2,33,-31
116000161,6,21,-15
116000162,100,6,94
116000163,6,0,6
116000164,0,9,-9
116000177,1,30,-29
116000194,0,195,-195
116000195,84,108,-24
116000196,1,4,-3
116000197,0,1,-1
116000198,76,94,-18
116000200,0,0,0
116000201,70,121,-51
116000202,0,0,0
116000203,0,14,-14
116000204,1,7,-6
116000205,0,32,-32
116000206,0,18,-18
116000207,0,6,-6
116000233,2,59,-57
116000287,9,178,-169
116000288,0,2,-2
116000292,0,32,-32
116000296,0,0,0
116000297,0,0,0
116000304,0,0,0
116000305,0,0,0
116000346,8,40,-32
116000352,0,11,-11
116000354,0,10,-10
116000357,0,2,-2
116000358,0,0,0
116000361,0,0,0
116000372,1853,530,1323
116000381,0,0,0
116000388,0,19,-19
116000389,39,26,13
116000445,17,370,-353
116000446,1,0,1
116000447,3,208,-205
116000448,5,0,5
116000563,0,0,0
116000565,51,54,-3
116000566,0,0,0
116000568,2,7,-5
116000579,3,14,-11
116000584,1,4,-3
116000585,1,1,0
116000586,52,10,42
116000587,0,75,-75
116000589,2,19,-17
116000590,0,0,0
116000591,1,3,-2
116000592,0,0,0
116000593,0,0,0
116000594,9,123,-114
116000595,16,45,-29
116000596,4,6,-2
116000597,0,0,0
116000598,1,30,-29
116000602,0,12,-12
116000605,5,9,-4
116000606,0,0,0
116000607,0,6,-6
116000609,2,81,-79
116000611,8,254,-246
116000612,146,244,-98
116000613,1,0,1
116000614,128,347,-219
116000615,1,110,-109
116000616,8,36,-28
116000617,2,36,-34
116000618,1,46,-45
116000619,0,3,-3
116000620,0,0,0
116000621,0,0,0
116000622,0,1,-1
116000624,0,1,-1
116000627,0,1,-1
116000628,0,0,0
116000629,0,0,0
116000630,0,0,0
116000631,0,0,0
116000632,1,0,1
116000633,0,0,0
116000634,2,1,1
116000635,137,149,-12
116000636,211,137,74
116000637,0,0,0
116000638,0,0,0
116900001,0,0,0
116900002,0,0,0
116900003,0,0,0
116900004,0,0,0
116900005,2,12,-10
116900006,0,0,0
116900007,0,0,0
116900008,0,143,-143
116900009,0,0,0
116900010,2,199,-197
116900011,0,1,-1
116900012,0,0,0
116900013,0,51,-51
116900014,0,0,0
116900015,0,0,0
116900016,0,0,0
116900017,0,89,-89
116900018,0,0,0
116900019,0,57,-57
116900020,9,4,5
116900023,0,0,0
116900024,0,0,0
116900025,0,70,-70
116900026,4,71,-67
116900027,0,0,0
116900028,0,11,-11
116900029,0,1,-1
116900031,0,0,0
116900032,0,28,-28
116900033,0,0,0
116900034,2,18,-16
116900035,5,23,-18
116900036,0,15,-15
116900038,0,0,0
116900041,0,0,0
116900042,135,30,105
116900043,0,2,-2
116900047,0,0,0
116900049,3,21,-18
116900050,1,21,-20
116900051,0,0,0
116900052,0,0,0
116900055,0,0,0
116900057,1,42,-41
116900058,1,24,-23
116900059,0,0,0
116900060,7,25,-18
116900062,0,0,0
116900064,5,174,-169
116900065,0,3,-3
116900067,0,0,0
116900068,9,65,-56
116900070,0,0,0
116900072,0,60,-60
116900073,1,4,-3
116900074,0,0,0
116900076,0,0,0
116900077,3,17,-14
116900078,23,12,11
116900079,0,19,-19
116900080,0,0,0
116900081,3,57,-54
116900082,2,111,-109
116900083,0,0,0
116900084,4,4,0
116900085,0,17,-17
116900086,1,11,-10
116900088,0,0,0
116900090,0,0,0
116900091,0,17,-17
116900092,1,59,-58
116900093,4,0,4
116900094,261,30,231
116900095,0,43,-43
116900096,0,3,-3
116900097,3,0,3
116900098,58,5,53
116900099,35,25,10
116900100,0,0,0
116900101,14,54,-40
116900103,0,0,0
116900104,1,11,-10
116900105,0,0,0
116900106,0,63,-63
116900107,7,1,6
116900110,0,0,0
116900111,0,7,-7
116900112,0,1,-1
116900113,0,0,0
116900116,0,0,0
116900117,2,18,-16
116900118,0,225,-225
116900120,0,0,0
116900121,0,0,0
116900122,9,198,-189
116900123,10,161,-151
116900124,4,43,-39
116900125,4,2,2
116900126,8,76,-68
116900128,0,9,-9
116900129,0,47,-47
116900130,184,211,-27
116900131,7,44,-37
116900132,1,8,-7
116900133,5,18,-13
116900134,5,22,-17
116900136,2,5,-3
116900137,1,17,-16
116900138,3,15,-12
116900139,4,34,-30
116900140,3,18,-15
116900141,11,13,-2
116900142,0,2,-2
116900143,4,24,-20
116900144,0,5,-5
116900145,0,21,-21
116900147,10,15,-5
116900148,0,0,0
116900149,0,0,0
116900150,0,1,-1
116900151,0,0,0
116900153,0,0,0
116900154,0,3,-3
116900155,1,7,-6
116900157,0,0,0
116900158,0,0,0
116900159,2,30,-28
116900160,0,0,0
116900161,725,125,600
116900162,0,0,0
116900163,0,0,0
116900164,0,4,-4
116900165,0,0,0
116900166,0,0,0
116900167,0,0,0
116900168,0,17,-17
116900169,0,0,0
116900170,0,0,0
116900171,0,0,0
116900172,0,0,0
116900173,0,6,-6
116900174,0,0,0
116900175,0,0,0
116900178,0,0,0
116900179,0,0,0
116900180,1,3,-2
116900182,0,0,0
116900183,0,0,0
116900185,0,0,0
116900186,0,0,0
116900187,0,0,0
116900188,7,0,7
116900189,0,0,0
116900191,0,0,0
116900192,0,0,0
116900194,0,0,0
116900195,0,0,0
116900196,0,0,0
116900197,0,0,0
116900198,21,8,13
116900200,0,2,-2
116900201,0,0,0
116900202,0,0,0
116900203,0,0,0
116900204,2,5,-3
116900206,0,0,0
116900207,0,3,-3
116900208,0,0,0
116900209,0,0,0
116900210,0,7,-7
116900211,0,0,0
116900212,0,0,0
116900213,0,0,0
116900214,3,14,-11
116900215,0,0,0
116900216,5,9,-4
116900218,1,69,-68
116900219,74,54,20
116900220,0,0,0
116900221,1,26,-25
116900222,0,0,0
116900223,0,0,0
116900226,1,5,-4
116900227,0,5,-5
116900228,3,24,-21
116900230,1,19,-18
116900231,0,24,-24
116900232,0,24,-24
116900233,0,0,0
116900234,0,0,0
116900235,12,155,-143
116900238,17,8,9
116900239,0,7,-7
116900240,238,44,194
116900241,0,0,0
116900242,36,18,18
116900243,0,0,0
116900245,0,0,0
116900246,0,0,0
116900247,0,0,0
116900248,1,1,0
116900249,0,0,0
116900250,4,15,-11
116900251,0,0,0
116900252,0,0,0
116900253,0,0,0
116900254,0,0,0
116900255,9,2,7
116900256,8,1,7
116900257,2,95,-93
116900258,0,75,-75
116900259,0,0,0
116900260,0,23,-23
116900261,0,0,0
116900262,0,53,-53
116900263,0,0,0
116900264,0,0,0
116900265,0,0,0
116900266,4,0,4
116900267,0,0,0
116900268,0,0,0
116900269,0,10,-10
116900271,0,0,0
116900272,18,67,-49
116900273,8,3,5
116900274,0,0,0
116900275,0,0,0
116900276,0,0,0
116900277,0,0,0
116900278,0,0,0
116900279,0,0,0
116900280,0,1,-1
116900281,179,29,150
116900282,0,17,-17
116900283,0,9,-9
116900284,1,8,-7
116900285,0,0,0
116900286,0,0,0
116900287,0,0,0
116900288,0,0,0
116900289,0,0,0
116900290,0,0,0
116900291,0,1,-1
116900292,0,0,0
116900293,0,0,0
116900294,3,19,-16
116900295,0,0,0
116900296,0,0,0
116900297,0,0,0
116900298,0,0,0
116900299,0,0,0
116900300,0,0,0
116900301,0,0,0
116900302,0,8,-8
116900303,0,9,-9
116900304,0,20,-20
116900305,0,0,0
116900306,0,0,0
117000001,148,101,47
117000002,382,1178,-796
117000003,389,136,253
117000004,1003,1517,-514
117000005,82,45,37
117000006,209,1455,-1246
117000007,158,23,135
117000008,288,1442,-1154
117000009,19,7,12
117000010,633,1420,-787
117000011,3,3,0
117000012,289,808,-519
117000013,7,4,3
117000014,142,927,-785
117000015,5,4,1
117000016,10,15,-5
117000017,28,20,8
117000018,18,91,-73
117000019,0,0,0
117000020,112,339,-227
117000021,547,52,495
117000022,12,11,1
117000023,25,62,-37
117000024,64,74,-10
117000025,163,189,-26
117000026,52,43,9
117000027,386,663,-277
117000028,1,1,0
117000030,20,69,-49
117000031,2,2,0
117000032,226,233,-7
117000033,159,189,-30
117000034,14,57,-43
117000035,0,3,-3
117000036,40,63,-23
117000037,0,1,-1
117000038,12,107,-95
117000039,13,15,-2
117000040,25,373,-348
117000041,0,0,0
117000044,11,264,-253
117000045,0,0,0
117000046,45,255,-210
117000047,0,3,-3
117000048,455,266,189
117000049,19,33,-14
117000050,7,731,-724
117000051,104,24,80
117000052,0,42,-42
117000053,2,12,-10
117000054,28,0,28
117000055,7,1119,-1112
117000056,26,0,26
117000057,109,548,-439
117000060,26,211,-185
117000061,3,19,-16
117000062,21,48,-27
117000063,0,0,0
117000064,92,261,-169
117000066,170,147,23
117000067,1,50,-49
117000074,0,0,0
117000076,0,0,0
117000077,32,12,20
117000078,4,115,-111
117000079,1,12,-11
117000080,0,184,-184
117000081,2,6,-4
117000082,9,26,-17
117000083,0,0,0
117000084,0,0,0
117000085,16,107,-91
117000086,19,145,-126
117000087,30,189,-159
117000088,0,0,0
117000089,45,30,15
117000090,57,682,-625
117000091,17,5,12
117000092,65,677,-612
117000093,11,12,-1
117000094,126,944,-818
117000095,15,27,-12
117000096,167,1468,-1301
117000097,23,53,-30
117000098,503,1818,-1315
117000099,29,28,1
117000100,1,29,-28
117000101,32,229,-197
117000102,2,1,1
117000103,392,691,-299
117000104,1,0,1
117000105,151,724,-573
117000106,3,2,1
117000107,131,924,-793
117000108,1,5,-4
117000109,591,1139,-548
117000110,2,1,1
117000111,364,425,-61
117000112,151,193,-42
117000113,5,45,-40
117000114,0,0,0
117000115,7,22,-15
117000116,0,13,-13
117000117,83,19,64
117000118,3,20,-17
117000119,4,3,1
117000120,0,0,0
117000121,0,1,-1
117000122,0,0,0
117000123,0,0,0
117000124,0,0,0
117000125,7,4,3
117000126,0,0,0
117000127,6,11,-5
117000128,9,14,-5
117000129,2,0,2
117000130,0,0,0
117000131,0,45,-45
117000132,66,97,-31
117000133,0,82,-82
117000134,0,40,-40
117000135,0,17,-17
117000136,1,11,-10
117000137,0,0,0
117000138,1,191,-190
117000140,96,570,-474
117000141,2,0,2
117000181,99,23,76
117000182,0,0,0
117000195,10,194,-184
117000196,0,0,0
117000225,0,0,0
117000226,1,2,-1
117000276,0,0,0
117000277,1,119,-118
117000310,388,682,-294
117000315,0,0,0
117000320,0,1,-1
117000906,0,0,0
117000907,0,116,-116
117000908,4,2,2
117000909,1,4,-3
117000910,69,56,13
117000911,14,19,-5
117000915,2,109,-107
117000916,0,0,0
117000917,0,0,0
117000918,0,0,0
117000919,0,9,-9
117000920,1,786,-785
117000921,0,311,-311
117000922,0,0,0
117000924,32,16,16
117000926,259,26,233
117000927,13,39,-26
117000928,0,115,-115
117000929,7,80,-73
117000930,6,2,4
117000931,41,12,29
117900002,13,52,-39
117900003,38,9,29
117900005,0,0,0
117900006,0,5,-5
117900007,2,29,-27
117900008,0,2,-2
117900010,0,30,-30
117900011,0,0,0
117900012,2,32,-30
117900013,0,29,-29
117900014,3,29,-26
117900015,0,37,-37
117900016,81,19,62
117900017,0,39,-39
117900018,11,7,4
117900019,2,62,-60
117900020,1,9,-8
117900021,2,24,-22
117900022,3,2,1
117900023,12,0,12
117900024,3,31,-28
117900025,2,4,-2
117900026,1,31,-30
117900028,0,0,0
117900029,0,65,-65
117900030,5,9,-4
117900031,0,0,0
117900032,8,10,-2
117900033,1,69,-68
117900034,0,0,0
117900035,6,0,6
117900036,3,66,-63
117900037,0,0,0
117900038,0,53,-53
117900039,0,20,-20
117900040,16,69,-53
117900041,0,11,-11
117900042,38,3,35
117900043,3,32,-29
117900044,0,27,-27
117900045,0,0,0
117900048,11,55,-44
117900049,0,39,-39
117900050,0,0,0
117900051,0,0,0
117900052,0,0,0
117900053,58,117,-59
117900054,0,0,0
117900055,0,0,0
117900056,0,0,0
117900057,17,163,-146
117900058,0,0,0
117900059,0,0,0
117900060,16,575,-559
117900061,0,0,0
117900063,3,17,-14
117900065,88,106,-18
117900066,0,0,0
117900067,5,20,-15
117900069,2,48,-46
117900070,0,0,0
117900071,0,0,0
117900073,10,39,-29
117900074,0,0,0
117900075,0,0,0
117900076,3,8,-5
117900077,0,0,0
117900078,16,34,-18
117900080,0,0,0
117900081,43,23,20
117900082,11,21,-10
117900083,0,80,-80
117900086,0,0,0
117900087,0,0,0
117900088,172,81,91
117900089,47,15,32
117900090,4,114,-110
117900091,10,8,2
117900092,0,0,0
117900093,0,0,0
117900094,0,0,0
117900095,4,69,-65
117900096,0,0,0
117900097,0,0,0
117900098,0,0,0
117900099,2,59,-57
117900100,0,0,0
117900101,28,37,-9
117900102,0,0,0
117900103,0,0,0
117900104,0,10,-10
117900105,2,8,-6
117900106,0,0,0
117900107,0,0,0
117900109,7,31,-24
117900110,0,0,0
117900111,0,0,0
117900112,0,0,0
117900113,3,3,0
117900114,0,0,0
117900115,5,3,2
117900116,27,34,-7
117900117,11,60,-49
117900118,0,0,0
117900119,0,86,-86
117900120,0,14,-14
117900121,1,5,-4
117900122,30,35,-5
117900123,29,78,-49
117900124,32,60,-28
117900125,196,98,98
117900126,17,49,-32
117900127,6,48,-42
117900128,0,63,-63
117900129,0,0,0
117900130,0,31,-31
117900131,0,11,-11
117900132,5,28,-23
117900133,0,20,-20
117900134,1,27,-26
117900135,2,51,-49
117900136,0,15,-15
117900137,5,61,-56
117900138,0,7,-7
117900139,2,5,-3
117900140,9,7,2
117900141,12,39,-27
117900142,0,0,0
117900144,0,0,0
117900145,0,0,0
117900146,0,0,0
117900147,0,0,0
117900148,78,87,-9
117900149,1,7,-6
117900150,2,16,-14
117900151,1,30,-29
117900152,0,3,-3
117900153,0,16,-16
117900154,5,58,-53
117900156,20,26,-6
117900157,3,14,-11
117900158,0,0,0
117900160,29,15,14
117900161,257,232,25
117900162,2,21,-19
117900163,1,1,0
117900165,0,0,0
117900166,3,11,-8
117900168,3,35,-32
117900169,1,23,-22
117900170,0,5,-5
117900171,0,1,-1
117900172,6,5,1
117900173,28,4,24
117900174,2,3,-1
117900175,1,0,1
117900176,0,0,0
117900177,0,0,0
117900178,0,0,0
117900180,0,0,0
117900181,0,0,0
117900182,0,0,0
117900183,0,0,0
117900184,0,0,0
117900185,0,0,0
117900186,0,0,0
117900187,0,0,0
117900188,0,0,0
117900189,0,0,0
117900190,0,0,0
117900191,0,0,0
117900192,0,0,0
117900193,0,11,-11
117900194,0,0,0
117900195,0,0,0
117900196,0,0,0
117900207,0,0,0
117900208,0,1,-1
117900209,0,0,0
117900210,0,0,0
117900211,0,0,0
117900212,7,10,-3
117900213,0,0,0
117900214,0,0,0
117900215,0,0,0
117900216,0,0,0
117900217,1,15,-14
117900218,0,0,0
117900219,0,7,-7
117900220,0,0,0
117900222,13,32,-19
117900223,3,2,1
118000001,87,82,5
118000002,233,378,-145
118000003,133,212,-79
118000004,364,310,54
118000005,929,512,417
118000006,1702,1018,684
118000007,694,352,342
118000008,516,417,99
118000009,386,528,-142
118000010,390,654,-264
118000011,84,473,-389
118000012,123,507,-384
118000013,628,521,107
118000014,162,601,-439
118000016,24,92,-68
118000017,0,0,0
118000018,36,120,-84
118000019,794,185,609
118000020,368,319,49
118000021,245,438,-193
118000022,175,37,138
118000023,128,139,-11
118000024,139,160,-21
118000027,3113,533,2580
118000029,113,29,84
118000032,64,59,5
118000033,162,147,15
118000034,1081,366,715
118000035,59,456,-397
118000036,41,193,-152
118000037,86,232,-146
118000038,0,0,0
118000039,15,25,-10
118000040,68,484,-416
118000041,261,331,-70
118000045,10,3,7
118000046,114,23,91
118000047,104,41,63
118000048,211,135,76
118000051,46,28,18
118000052,57,21,36
118000053,25,6,19
118000054,380,78,302
118000055,310,60,250
118000056,10,4,6
118000057,15,15,0
118000058,58,28,30
118000059,58,27,31
118000060,9,45,-36
118000061,18,43,-25
118000062,15,8,7
118000063,10,15,-5
118000064,39,43,-4
118000065,239,51,188
118000066,40,23,17
118000067,168,138,30
118000068,134,253,-119
118000069,213,92,121
118000070,815,74,741
118000071,412,310,102
118000072,190,144,46
118000073,110,36,74
118000074,7,15,-8
118000075,73,43,30
118000076,114,145,-31
118000077,370,248,122
118000078,109,99,10
118000079,28,93,-65
118000080,266,218,48
118000081,69,70,-1
118000082,9,18,-9
118000083,47,17,30
118000084,290,130,160
118000086,23,83,-60
118000087,1962,490,1472
118000088,117,144,-27
118000089,740,987,-247
118000090,1329,355,974
118000091,1064,598,466
118000092,165,25,140
118000093,19,18,1
118000096,7,14,-7
118000097,14,30,-16
118000098,3,3,0
118000099,53,158,-105
118000101,109,97,12
118000102,25,157,-132
118000107,787,71,716
118000108,6,38,-32
118000110,0,2,-2
118000111,1,288,-287
118000112,0,0,0
118000113,2,469,-467
118000114,0,0,0
118000115,0,0,0
118000116,0,0,0
118000117,194,258,-64
118000118,29,40,-11
118000119,20,56,-36
118000120,375,547,-172
118000121,4,59,-55
118000122,78,9,69
118000123,1,51,-50
118000125,234,273,-39
118000126,14,64,-50
118000127,20,33,-13
118000128,138,356,-218
118000129,101,69,32
118000130,795,1263,-468
118000131,156,383,-227
118000132,70,40,30
118000133,27,57,-30
118000135,1,0,1
118000136,10,59,-49
118000137,71,14,57
118000138,8,48,-40
118000139,19,21,-2
118000140,606,363,243
118000141,147,163,-16
118000142,218,521,-303
118000143,23,38,-15
118000144,68,59,9
118000145,349,696,-347
118000146,221,323,-102
118000147,196,451,-255
118000148,52,226,-174
118000149,58,161,-103
118000150,12,5,7
118000151,4,11,-7
118000153,13,100,-87
118000154,19,108,-89
118000155,34,80,-46
118000156,387,357,30
118000157,11,20,-9
118000158,7,82,-75
118000159,0,1,-1
118000160,1,8,-7
118000161,39,242,-203
118000162,17,67,-50
118000163,16,41,-25
118000164,146,67,79
118000168,8,27,-19
118000169,269,668,-399
118000170,405,680,-275
118000171,1,2,-1
118000172,0,0,0
118000173,69,178,-109
118000175,21,13,8
118000176,10,34,-24
118000177,2,10,-8
118000178,5,5,0
118000179,8,6,2
118000180,9,3,6
118000181,267,160,107
118000182,78,91,-13
118000183,53,77,-24
118000184,2,5,-3
118000185,544,200,344
118000186,244,257,-13
118000187,78,233,-155
118000188,9,47,-38
118000189,8,131,-123
118000190,1,2,-1
118000191,1,5,-4
118000192,12,31,-19
118000193,16,50,-34
118000194,294,48,246
118000195,7,1,6
118000196,0,0,0
118000197,35,11,24
118000198,13,3,10
118000199,144,86,58
118000200,0,0,0
118000201,11,6,5
118000202,0,0,0
118000203,66,26,40
118000204,63,45,18
118000205,36,19,17
118000206,4,2,2
118000207,0,4,-4
118000208,79,111,-32
118000209,195,440,-245
118000210,0,0,0
118000211,0,0,0
118000213,6,13,-7
118000214,147,44,103
118000215,59,136,-77
118000216,0,0,0
118000217,0,8,-8
118000218,1,8,-7
118000219,1,13,-12
118000220,0,0,0
118000221,2,25,-23
118000222,58,2,56
118000223,0,0,0
118000224,0,6,-6
118000225,2,305,-303
118000226,0,0,0
118000227,93,26,67
118000228,87,25,62
118000229,0,0,0
118000230,4,19,-15
118000231,5,19,-14
118000232,91,204,-113
118000233,15,32,-17
118000234,3,7,-4
118000236,16,48,-32
118000237,0,0,0
118000238,6,49,-43
118000239,0,2,-2
118000240,61,12,49
118000241,1,37,-36
118000242,17,180,-163
118000243,2,16,-14
118000244,1,21,-20
118000246,0,12,-12
118000255,0,11,-11
118000256,0,5,-5
118000259,0,3,-3
118000260,0,0,0
118000261,2,12,-10
118000263,1,29,-28
118000266,13,36,-23
118000267,0,42,-42
118000268,0,5,-5
118000270,0,0,0
118000271,1,26,-25
118000272,0,0,0
118000273,4,23,-19
118000274,9,95,-86
118000276,6,11,-5
118000295,0,13,-13
118000298,27,161,-134
118000299,15,96,-81
118000301,0,13,-13
118000302,1,4,-3
118000311,1,31,-30
118000312,5,41,-36
118000313,3,15,-12
118000314,0,13,-13
118000315,2,13,-11
118000316,17,54,-37
118000325,0,12,-12
118000326,0,0,0
118000331,1,2,-1
118000332,0,8,-8
118000333,1,6,-5
118000335,0,0,0
118000336,1,146,-145
118000407,0,0,0
118000457,3,26,-23
118000465,623,322,301
118000480,0,10,-10
118000489,0,0,0
118000490,17,135,-118
118000492,6,21,-15
118000510,7,9,-2
118000514,18,129,-111
118000515,6,28,-22
118000517,103,60,43
118000524,708,176,532
118000525,241,292,-51
118000530,0,1,-1
118000531,0,2,-2
118000532,64,102,-38
118000533,65,124,-59
118000534,55,163,-108
118000535,3,10,-7
118000536,23,45,-22
118000537,4,51,-47
118000538,3,47,-44
118000539,0,1,-1
118000540,23,89,-66
118000541,20,54,-34
118000542,0,1,-1
118000543,0,1,-1
118000546,5,23,-18
118000560,500,60,440
118000562,0,0,0
118000563,164,110,54
118000576,6,18,-12
118000577,15,15,0
118000578,11,19,-8
118000579,60,173,-113
118000595,0,0,0
118000596,0,10,-10
118000597,4,14,-10
118000598,0,0,0
118000599,0,0,0
118000600,4,17,-13
118000601,0,0,0
118000602,0,9,-9
118000603,0,40,-40
118900001,0,0,0
118900002,8,33,-25
118900003,0,0,0
118900004,0,0,0
118900005,0,0,0
118900006,0,0,0
118900007,0,0,0
118900008,0,0,0
118900009,0,0,0
118900010,0,0,0
118900011,0,0,0
118900012,3,1,2
118900013,0,0,0
118900015,5,2,3
118900016,1,2,-1
118900017,0,0,0
118900018,0,0,0
118900019,8,0,8
118900020,0,0,0
118900021,0,0,0
118900022,3,6,-3
118900023,0,0,0
118900024,0,0,0
118900025,0,0,0
118900026,4,15,-11
118900027,0,0,0
118900028,0,0,0
118900029,0,0,0
118900030,0,0,0
118900031,2,7,-5
118900032,0,0,0
118900033,0,0,0
118900034,0,0,0
118900035,6,18,-12
118900036,15,48,-33
118900037,0,0,0
118900038,6,34,-28
118900039,0,0,0
118900040,4,5,-1
118900041,0,0,0
118900042,4,5,-1
118900045,3,9,-6
118900046,21,5,16
118900047,47,14,33
118900048,0,0,0
118900049,0,0,0
118900050,0,30,-30
118900051,0,0,0
118900052,0,0,0
118900053,0,0,0
118900054,2,9,-7
118900055,2,18,-16
118900056,0,0,0
118900057,4,33,-29
118900058,0,0,0
118900059,0,0,0
118900060,1,10,-9
118900062,0,0,0
118900064,0,0,0
118900065,0,0,0
118900066,0,0,0
118900067,14,1,13
118900068,0,0,0
118900069,5,32,-27
118900071,0,0,0
118900072,0,0,0
118900073,3,9,-6
118900074,0,0,0
118900075,0,0,0
118900076,0,0,0
118900077,1,18,-17
118900078,0,2,-2
118900079,0,0,0
118900080,0,0,0
118900081,0,0,0
118900082,1,15,-14
118900083,0,2,-2
118900084,0,0,0
118900085,5,58,-53
118900086,0,0,0
118900087,1,11,-10
118900088,0,2,-2
118900089,0,0,0
118900090,13,28,-15
118900091,0,0,0
118900092,1,25,-24
118900093,0,0,0
118900096,0,0,0
118900097,12,102,-90
118900099,1,38,-37
118900100,0,0,0
118900101,2,93,-91
118900102,3,14,-11
118900103,4,3,1
118900104,3,29,-26
118900105,27,11,16
118900107,14,8,6
118900108,2,12,-10
118900110,0,0,0
118900111,0,0,0
118900112,0,0,0
118900113,0,0,0
118900114,0,0,0
118900115,0,0,0
118900116,6,30,-24
118900117,5,31,-26
118900118,11,97,-86
118900119,0,43,-43
118900120,10,35,-25
118900121,0,0,0
118900122,2,30,-28
118900123,20,46,-26
118900124,0,0,0
118900126,0,30,-30
118900129,5,22,-17
118900130,0,0,0
118900131,5,84,-79
118900132,6,17,-11
118900133,0,0,0
118900135,2,38,-36
118900136,24,123,-99
118900137,0,0,0
118900139,0,0,0
118900140,29,133,-104
118900141,0,0,0
118900144,9,187,-178
118900145,0,0,0
118900146,9,109,-100
118900147,0,0,0
118900148,0,0,0
118900150,0,0,0
118900152,10,102,-92
118900157,0,0,0
118900158,0,0,0
118900159,0,0,0
118900161,0,0,0
118900163,0,0,0
118900164,0,0,0
118900165,1,30,-29
118900166,14,0,14
118900167,4,12,-8
118900168,0,11,-11
118900169,4,25,-21
118900170,0,12,-12
118900171,1,7,-6
118900174,1,20,-19
118900175,3,31,-28
118900176,0,13,-13
118900177,0,3,-3
118900178,9,5,4
118900179,0,5,-5
118900181,5,11,-6
118900182,2,3,-1
118900183,0,13,-13
118900184,3,2,1
118900185,0,5,-5
118900186,1,32,-31
118900187,0,0,0
118900188,0,0,0
118900189,0,19,-19
118900190,0,0,0
118900191,0,0,0
118900192,0,0,0
118900193,0,0,0
118900195,0,0,0
118900196,4,31,-27
118900197,0,0,0
118900198,0,6,-6
118900199,2,6,-4
118900200,0,0,0
118900201,1,0,1
118900202,3,9,-6
118900203,1,12,-11
118900204,0,7,-7
118900205,0,4,-4
118900206,0,10,-10
119000001,72,80,-8
119000002,165,300,-135
119000003,84,384,-300
119000004,120,180,-60
119000005,148,211,-63
119000006,116,192,-76
119000007,154,284,-130
119000008,303,892,-589
119000009,462,488,-26
119000010,2071,1498,573
119000011,1083,405,678
119000012,1535,790,745
119000013,528,371,157
119000014,394,914,-520
119000019,11,24,-13
119000020,96,172,-76
119000021,245,270,-25
119000022,87,130,-43
119000023,0,0,0
119000024,228,329,-101
119000025,2536,268,2268
119000026,1,2,-1
119000027,22,69,-47
119000028,186,256,-70
119000029,3,0,3
119000030,53,183,-130
119000031,112,173,-61
119000032,251,296,-45
119000033,473,334,139
119000034,162,236,-74
119000035,6,152,-146
119000036,122,269,-147
119000037,82,535,-453
119000038,23,250,-227
119000039,17,80,-63
119000040,382,67,315
119000041,445,152,293
119000048,1366,666,700
119000049,141,731,-590
119000050,96,88,8
119000051,120,78,42
119000052,98,125,-27
119000053,125,65,60
119000054,124,662,-538
119000055,286,501,-215
119000056,178,342,-164
119000057,60,482,-422
119000058,146,509,-363
119000059,39,55,-16
119000060,96,214,-118
119000061,23,33,-10
119000062,158,348,-190
119000063,64,71,-7
119000064,44,92,-48
119000065,34,272,-238
119000066,182,193,-11
119000067,72,171,-99
119000068,169,285,-116
119000069,34,159,-125
119000070,219,282,-63
119000071,5,8,-3
119000072,825,364,461
119000073,876,741,135
119000074,72,504,-432
119000075,126,989,-863
119000076,10,7,3
119000077,4,3,1
119000078,3,4,-1
119000079,0,6,-6
119000080,0,4,-4
119000081,0,0,0
119000082,1,8,-7
119000083,2,5,-3
119000084,1,6,-5
119000085,3,4,-1
119000086,5,5,0
119000087,33,55,-22
119000088,3,8,-5
119000089,1,6,-5
119000090,4,1,3
119000091,17,19,-2
119000092,14,2,12
119000093,612,541,71
119000094,325,754,-429
119000095,103,499,-396
119000097,561,277,284
119000098,134,253,-119
119000099,252,467,-215
119000100,342,404,-62
119000101,716,723,-7
119000102,10,34,-24
119000103,78,6,72
119000104,652,777,-125
119000105,0,0,0
119000106,28,689,-661
119000107,0,0,0
119000108,60,591,-531
119000109,0,4,-4
119000110,62,170,-108
119000111,1,12,-11
119000112,36,35,1
119000113,277,12,265
119000114,0,5,-5
119000115,51,22,29
119000116,0,0,0
119000117,7,30,-23
119000118,0,3,-3
119000123,78,11,67
119000124,0,0,0
119000125,2,0,2
119000126,0,0,0
119000127,70,393,-323
119000128,20,6,14
119000131,81,473,-392
119000132,6,2,4
119000133,0,0,0
119000134,27,7,20
119000135,0,0,0
119000136,5,57,-52
119000137,0,0,0
119000138,8,88,-80
119000139,0,0,0
119000140,3,31,-28
119000284,507,1197,-690
119000285,957,1056,-99
119000286,1433,1195,238
119000287,167,614,-447
119000288,201,487,-286
119000289,272,971,-699
119000290,4,41,-37
119000291,8,104,-96
119000293,39,34,5
119000294,0,0,0
119000295,622,105,517
119000296,2,2,0
119000302,902,118,784
119000303,0,0,0
119000314,253,416,-163
119000315,0,0,0
119000316,2,25,-23
119000317,0,0,0
119900001,5,45,-40
119900002,0,0,0
119900003,2,91,-89
119900004,0,2,-2
119900005,0,0,0
119900006,7,18,-11
119900007,0,1,-1
119900008,0,0,0
119900009,1,44,-43
119900010,7,116,-109
119900011,0,0,0
119900012,0,4,-4
119900013,102,94,8
119900014,22,19,3
119900015,1,0,1
119900016,0,0,0
119900017,0,0,0
119900018,0,0,0
119900019,0,0,0
119900020,0,0,0
119900021,0,1,-1
119900022,0,0,0
119900023,0,0,0
119900025,0,0,0
119900026,0,0,0
119900027,0,0,0
119900028,0,0,0
119900029,0,0,0
119900030,0,4,-4
119900031,0,0,0
119900033,179,4,175
119900034,0,0,0
119900037,0,1,-1
119900038,0,0,0
119900039,0,0,0
119900040,0,0,0
119900041,0,0,0
119900042,0,0,0
119900043,0,0,0
119900044,0,0,0
119900046,0,0,0
119900047,0,0,0
119900048,0,1,-1
119900049,0,0,0
119900050,0,0,0
119900051,0,0,0
119900052,0,0,0
119900053,0,0,0
119900054,0,0,0
119900055,7,20,-13
119900057,0,0,0
119900058,0,0,0
119900059,0,0,0
119900060,0,0,0
119900062,0,0,0
119900063,0,0,0
119900064,0,0,0
119900065,0,0,0
119900066,0,0,0
119900067,0,0,0
119900068,0,0,0
119900069,0,0,0
119900070,0,0,0
119900071,0,0,0
119900073,0,19,-19
119900074,0,0,0
119900075,408,117,291
119900076,0,47,-47
119900077,0,115,-115
119900078,0,0,0
119900079,0,0,0
119900080,0,198,-198
119900081,1,6,-5
119900082,0,7,-7
119900083,0,0,0
119900084,6,11,-5
119900085,21,9,12
119900087,0,7,-7
119900088,17,10,7
119900089,1,190,-189
119900090,33,7,26
119900091,4,201,-197
119900092,4,110,-106
119900093,32,4,28
119900094,8,39,-31
119900095,0,1,-1
119900096,4,12,-8
119900097,38,16,22
119900098,0,0,0
119900099,0,24,-24
119900100,490,209,281
119900101,25,182,-157
119900102,0,33,-33
119900103,2,61,-59
119900104,1,28,-27
119900105,55,385,-330
119900106,2,31,-29
119900107,16,224,-208
119900108,311,178,133
119900109,1,5,-4
119900110,25,133,-108
119900111,0,0,0
119900112,169,15,154
119900113,0,0,0
119900114,10,326,-316
119900115,0,0,0
119900116,0,14,-14
119900117,29,143,-114
119900118,0,0,0
119900119,0,12,-12
119900120,68,67,1
119900121,2,72,-70
119900122,0,0,0
119900123,1,4,-3
119900124,2,74,-72
119900125,0,0,0
119900126,561,6,555
119900127,0,0,0
119900128,1,52,-51
119900129,0,33,-33
119900130,0,0,0
119900131,1,15,-14
119900132,0,0,0
119900133,0,4,-4
119900134,101,7,94
119900135,0,0,0
119900136,0,0,0
119900138,0,0,0
119900139,0,5,-5
119900140,0,4,-4
119900141,0,0,0
119900142,0,0,0
119900143,0,2,-2
119900144,0,0,0
119900145,0,23,-23
119900146,5,5,0
119900147,0,0,0
119900148,0,0,0
119900149,1,17,-16
119900150,3,12,-9
119900151,38,15,23
119900152,0,0,0
119900153,0,0,0
119900154,0,85,-85
119900155,0,5,-5
119900156,0,0,0
119900157,0,0,0
119900158,0,0,0
119900159,1,300,-299
119900160,1,8,-7
119900161,0,0,0
119900162,0,0,0
119900163,6,0,6
119900164,0,0,0
119900165,0,0,0
119900166,0,0,0
119900167,0,2,-2
119900168,0,0,0
119900169,10,12,-2
119900170,4,1,3
119900171,8,19,-11
119900172,0,0,0
119900173,0,63,-63
119900174,0,2,-2
119900175,0,0,0
119900177,1,29,-28
119900178,0,0,0
119900179,0,0,0
119900180,0,0,0
119900181,0,0,0
119900182,1,44,-43
119900183,4,81,-77
119900184,19,4,15
119900185,0,0,0
119900186,0,0,0
119900187,1,63,-62
119900188,1,13,-12
119900189,10,5,5
119900190,0,0,0
119900191,0,0,0
119900192,1,17,-16
119900193,0,0,0
119900194,0,0,0
119900195,0,15,-15
119900196,0,0,0
119900197,0,0,0
119900198,1,64,-63
119900199,0,0,0
119900200,0,0,0
119900201,16,8,8
119900202,0,0,0
119900203,0,0,0
119900204,0,0,0
119900205,0,0,0
119900206,0,0,0
119900208,0,0,0
119900209,0,15,-15
119900210,0,0,0
119900211,0,0,0
119900212,1,24,-23
119900213,0,5,-5
119900214,0,10,-10
119900215,0,14,-14
119900216,0,21,-21
119900217,1,14,-13
119900218,0,5,-5
119900219,0,2,-2
119900220,0,0,0
119900221,0,0,0
119900222,0,0,0
119900223,0,0,0
119900224,0,0,0
119900225,0,0,0
119900226,0,2,-2
119900227,249,20,229
119900228,1,14,-13
119900229,0,0,0
119900230,41,15,26
119900231,0,0,0
119900232,0,0,0
119900233,0,0,0
119900234,0,0,0
119900235,0,0,0
119900236,0,0,0
119900237,0,0,0
119900238,0,14,-14
119900240,1,27,-26
119900241,2,49,-47
119900242,0,17,-17
119900244,0,0,0
119900245,3,7,-4
119900246,0,0,0
119900247,0,0,0
119900248,0,0,0
119900249,0,0,0
119900253,0,0,0
119900254,0,0,0
119900255,7,160,-153
119900256,0,96,-96
119900257,0,0,0
119900258,0,2,-2
119900259,0,10,-10
119900260,0,0,0
119900261,0,0,0
119900262,0,55,-55
119900263,24,51,-27
119900264,0,0,0
119900265,0,0,0
119900266,0,0,0
119900267,0,29,-29
119900268,0,16,-16
119900269,6,159,-153
119900271,0,0,0
119900272,0,0,0
119900275,0,1,-1
119900276,0,0,0
119900277,0,0,0
119900278,12,2,10
119900279,3,2,1
119900280,57,23,34
119900281,0,16,-16
119900282,0,0,0
119900283,0,0,0
119900284,8,97,-89
119900285,1,4,-3
119900286,0,2,-2
119900288,1,18,-17
119900289,0,11,-11
119900290,0,3,-3
119900291,0,2,-2
119900292,0,0,0
119900293,1,0,1
119900294,0,0,0
119900295,0,0,0
119900296,0,1,-1
119900299,0,0,0
119900300,0,1,-1
119900301,0,0,0
119900302,0,1,-1
119900303,0,15,-15
119900304,1,0,1
119900305,0,0,0
119900306,0,0,0
119900307,0,0,0
119900308,0,1,-1
119900309,0,0,0
119900310,22,11,11
119900311,0,0,0
119900312,0,0,0
119900313,0,14,-14
119900314,0,0,0
119900315,1,261,-260
119900318,0,0,0
119900319,0,57,-57
119900320,0,126,-126
119900321,0,0,0
119900322,18,15,3
119900323,0,21,-21
119900324,0,11,-11
119900325,0,81,-81
119900326,21,8,13
120000001,1122,446,676
120000002,295,741,-446
120000003,612,519,93
120000004,699,734,-35
120000005,1967,904,1063
120000006,327,434,-107
120000007,759,806,-47
120000008,245,555,-310
120000009,1493,302,1191
120000010,262,1119,-857
120000011,159,758,-599
120000012,510,1397,-887
120000013,296,996,-700
120000014,60,508,-448
120000015,360,615,-255
120000016,254,64,190
120000017,48,76,-28
120000018,395,373,22
120000019,92,136,-44
120000020,328,303,25
120000021,319,340,-21
120000022,1292,487,805
120000023,155,229,-74
120000024,258,398,-140
120000025,223,485,-262
120000026,61,522,-461
120000027,306,519,-213
120000028,72,376,-304
120000029,448,165,283
120000030,2,73,-71
120000031,303,355,-52
120000032,2332,356,1976
120000033,103,357,-254
120000034,64,600,-536
120000035,113,245,-132
120000036,122,368,-246
120000037,10,29,-19
120000038,1663,333,1330
120000039,56,155,-99
120000040,4,24,-20
120000041,33,312,-279
120000042,69,964,-895
120000043,192,359,-167
120000044,220,182,38
120000045,270,158,112
120000046,128,229,-101
120000047,236,332,-96
120000048,1757,378,1379
120000049,307,544,-237
120000050,275,752,-477
120000051,997,859,138
120000052,4340,212,4128
120000053,78,825,-747
120000054,157,1935,-1778
120000055,157,1240,-1083
120000056,146,1295,-1149
120000057,82,316,-234
120000058,14,44,-30
120000059,2,14,-12
120000061,33,345,-312
120000062,20,78,-58
120000063,605,1299,-694
120000064,38,658,-620
120000065,34,592,-558
120000066,10,134,-124
120000067,12,156,-144
120000068,14,476,-462
120000069,72,636,-564
120000070,3,206,-203
120000071,39,34,5
120000072,77,197,-120
120000073,42,35,7
120000074,5,35,-30
120000075,29,56,-27
120000076,71,130,-59
120000077,84,125,-41
120000078,442,186,256
120000079,0,0,0
120000080,0,0,0
120000081,0,0,0
120000082,0,0,0
120000083,0,0,0
120000084,57,69,-12
120000085,28,87,-59
120000086,36,169,-133
120000087,10,324,-314
120000088,31,111,-80
120000089,0,0,0
120000090,0,0,0
120000091,0,0,0
120000092,0,0,0
120000093,0,2,-2
120000094,0,2,-2
120000095,58,79,-21
120000096,16,213,-197
120000098,38,125,-87
120000099,8,83,-75
120000100,56,106,-50
120000101,17,88,-71
120000102,18,31,-13
120000103,51,40,11
120000104,62,13,49
120000105,66,17,49
120000106,64,33,31
120000107,71,25,46
120000108,26,4,22
120000109,86,4,82
120000110,34,380,-346
120000111,35,508,-473
120000112,124,1437,-1313
120000113,88,1014,-926
120000114,74,864,-790
120000115,60,862,-802
120000116,86,771,-685
120000117,416,557,-141
120000118,0,0,0
120000119,0,0,0
120000120,0,0,0
120000121,0,0,0
120000122,0,0,0
120000123,321,68,253
120000124,7,18,-11
120000125,19,93,-74
120000126,6,42,-36
120000127,44,71,-27
120000128,148,164,-16
120000129,6,3,3
120000130,0,1,-1
120000131,23,71,-48
120000134,0,0,0
120000135,1,57,-56
120000137,0,0,0
120000138,5,37,-32
120000139,0,0,0
120000140,13,57,-44
120000141,0,0,0
120000142,2,40,-38
120000143,0,0,0
120000144,0,0,0
120000145,0,0,0
120000146,320,72,248
120000149,20,135,-115
120000150,9,112,-103
120000151,1,1,0
120000152,0,2,-2
120000153,35,293,-258
120000154,68,226,-158
120000155,0,0,0
120000156,0,0,0
120000157,0,2,-2
120000158,100,388,-288
120000159,368,1179,-811
120000160,463,146,317
120000161,99,533,-434
120000162,5,29,-24
120000163,42,440,-398
120000164,55,235,-180
120000165,32,270,-238
120000166,29,203,-174
120000167,6,9,-3
120000168,4,16,-12
120000169,50,41,9
120000170,120,12,108
120000171,34,10,24
120000172,8,4,4
120000173,140,7,133
120000174,28,1,27
120000175,16,2,14
120000176,14,44,-30
120000177,146,311,-165
120000178,3,7,-4
120000179,25,8,17
120000180,103,23,80
120000181,19,27,-8
120000182,9,10,-1
120000183,1,66,-65
120000184,12,1598,-1586
120000186,0,4,-4
120000187,0,5,-5
120000188,0,5,-5
120000190,0,0,0
120000191,0,0,0
120000192,0,0,0
120000193,0,0,0
120000195,0,0,0
120000196,0,0,0
120000197,0,0,0
120000198,0,19,-19
120000199,0,0,0
120000200,0,0,0
120000201,0,0,0
120000202,1,8,-7
120000203,2,70,-68
120000207,0,0,0
120000208,0,0,0
120000209,0,0,0
120000210,0,0,0
120000211,0,0,0
120000212,0,0,0
120000213,0,0,0
120000214,0,0,0
120000215,0,0,0
120000216,0,0,0
120000217,51,206,-155
120000218,29,298,-269
120000219,3,168,-165
120000220,2,639,-637
120000225,0,0,0
120000226,0,0,0
120000227,0,0,0
120000228,1470,262,1208
120000230,0,0,0
120000231,0,0,0
120000233,0,0,0
120000235,57,357,-300
120000236,0,0,0
120000237,1,442,-441
120000238,0,22,-22
120000241,3,16,-13
120000412,0,0,0
120000413,0,0,0
120000414,0,0,0
120000415,0,0,0
120000416,0,0,0
120000417,0,0,0
120000418,0,0,0
120000419,0,0,0
120000420,0,0,0
120000421,5151,2690,2461
120000422,61,74,-13
120000423,0,10,-10
120000424,0,21,-21
120000436,15,31,-16
120000437,53,48,5
120000438,1372,91,1281
120000439,7,67,-60
120000443,0,0,0
120000444,17,215,-198
120000445,37,35,2
120000446,85,15,70
120000447,0,0,0
120000449,0,0,0
120000450,0,0,0
120000451,5,28,-23
120000452,0,0,0
120000453,1,340,-339
120000454,0,0,0
120000455,1,8,-7
120000456,493,403,90
120000457,214,94,120
120000458,156,203,-47
120000459,0,0,0
120000665,104,12,92
120000668,8,64,-56
120000669,0,0,0
120000670,13,24,-11
120000671,124,93,31
120000672,20,220,-200
120900001,0,0,0
120900002,0,0,0
120900003,0,0,0
120900004,2,3,-1
120900005,0,0,0
120900006,2,0,2
120900007,6,8,-2
120900008,0,6,-6
120900009,0,0,0
120900010,3,2,1
120900011,0,0,0
120900012,22,20,2
120900013,0,0,0
120900014,0,0,0
120900015,0,0,0
120900016,0,0,0
120900017,185,12,173
120900018,0,0,0
120900019,2,1,1
120900020,4,5,-1
120900021,0,0,0
120900022,0,0,0
120900023,0,0,0
120900024,72,47,25
120900025,16,1,15
120900026,0,0,0
120900027,0,0,0
120900028,1,1,0
120900029,0,0,0
120900030,1,1,0
120900031,0,0,0
120900032,0,0,0
120900033,0,0,0
120900034,0,0,0
120900035,0,0,0
120900037,0,1,-1
120900038,0,0,0
120900039,0,0,0
120900040,0,0,0
120900041,0,0,0
120900042,0,0,0
120900043,0,0,0
120900044,0,0,0
120900045,0,0,0
120900046,5,0,5
120900047,0,0,0
120900048,0,0,0
120900049,0,0,0
120900050,0,0,0
120900051,0,0,0
120900052,0,0,0
120900053,0,0,0
120900054,0,0,0
120900055,3,0,3
120900056,0,0,0
120900057,0,1,-1
120900058,0,0,0
120900059,0,0,0
120900060,0,0,0
120900061,0,0,0
120900062,8,0,8
120900063,0,0,0
120900064,0,0,0
120900065,0,0,0
120900066,13,44,-31
120900067,0,0,0
120900068,0,0,0
120900069,0,0,0
120900071,1,0,1
120900072,0,0,0
120900073,0,4,-4
120900074,0,0,0
120900076,0,0,0
120900077,0,1,-1
120900078,2,107,-105
120900079,0,3,-3
120900080,0,201,-201
120900081,0,0,0
120900082,0,41,-41
120900083,0,0,0
120900084,0,0,0
120900085,0,0,0
120900086,4,6,-2
120900087,0,0,0
120900088,1,1,0
120900089,359,49,310
120900090,1,7,-6
120900091,0,0,0
120900092,31,56,-25
120900093,0,0,0
120900094,34,17,17
120900095,0,0,0
120900096,0,0,0
120900097,22,125,-103
120900098,0,0,0
120900099,0,10,-10
120900100,0,4,-4
120900101,0,0,0
120900102,0,0,0
120900103,0,4,-4
120900104,0,5,-5
120900105,0,0,0
120900106,170,47,123
120900107,56,18,38
120900108,0,0,0
120900109,4,127,-123
120900110,0,0,0
120900111,2,12,-10
120900112,0,0,0
120900113,1,176,-175
120900114,3,40,-37
120900115,29,26,3
120900116,0,34,-34
120900117,0,4,-4
120900118,0,160,-160
120900119,0,0,0
120900120,7,94,-87
120900121,13,55,-42
120900122,0,37,-37
120900123,0,12,-12
120900124,0,144,-144
120900125,1,150,-149
120900126,134,85,49
120900127,0,14,-14
120900128,118,193,-75
120900129,3,58,-55
120900130,0,165,-165
120900131,0,1,-1
120900132,3,4,-1
120900133,18,175,-157
120900134,28,93,-65
120900135,0,146,-146
120900136,0,0,0
120900137,0,0,0
120900138,1,43,-42
120900139,0,187,-187
120900140,0,0,0
120900141,1,2,-1
120900142,1,128,-127
120900143,1,196,-195
120900144,0,57,-57
120900145,1,192,-191
120900146,0,207,-207
120900147,0,6,-6
120900148,0,1,-1
120900149,0,86,-86
120900150,1,102,-101
120900151,1,144,-143
120900152,0,1,-1
120900153,0,3,-3
120900154,0,67,-67
120900155,11,270,-259
120900156,0,158,-158
120900157,0,8,-8
120900158,0,125,-125
120900159,0,39,-39
120900160,6,121,-115
120900161,0,156,-156
120900162,1,125,-124
120900163,0,0,0
120900164,0,0,0
120900165,0,0,0
120900166,0,2,-2
120900167,1,8,-7
120900169,3,85,-82
120900170,56,28,28
120900171,121,19,102
120900172,0,1,-1
120900173,0,14,-14
120900174,0,33,-33
120900175,0,0,0
120900176,0,5,-5
120900177,0,11,-11
120900178,1,10,-9
120900179,52,41,11
120900180,0,2,-2
120900181,0,0,0
120900182,0,0,0
120900183,0,0,0
120900184,0,0,0
120900185,0,10,-10
120900186,0,109,-109
120900187,1,16,-15
120900188,0,0,0
120900189,0,0,0
120900190,0,0,0
120900191,0,1,-1
120900192,681,32,649
120900194,0,0,0
120900195,5,49,-44
120900196,0,0,0
120900197,0,0,0
120900198,17,124,-107
120900199,0,0,0
120900200,0,0,0
120900201,44,16,28
120900202,0,38,-38
120900203,1,0,1
120900204,91,120,-29
120900205,0,0,0
120900206,0,0,0
120900207,5,165,-160
121000001,302,469,-167
121000002,273,200,73
121000003,2747,889,1858
121000004,571,382,189
121000005,893,802,91
121000006,799,383,416
121000007,1279,1301,-22
121000008,1074,528,546
121000009,3528,1943,1585
121000010,2813,805,2008
121000011,6842,2222,4620
121000012,5648,1171,4477
121000013,3023,2148,875
121000014,2883,1753,1130
121000015,1516,1902,-386
121000016,2372,1868,504
121000017,324,770,-446
121000018,706,510,196
121000019,4837,1331,3506
121000020,4240,1429,2811
121000021,618,872,-254
121000022,542,461,81
121000023,1040,938,102
121000024,597,1231,-634
121000025,107,65,42
121000026,35,10,25
121000027,717,153,564
121000028,129,75,54
121000029,11,66,-55
121000030,27,47,-20
121000031,67,95,-28
121000032,55,35,20
121000034,0,0,0
121000035,11,22,-11
121000036,49,102,-53
121000037,86,165,-79
121000038,92,173,-81
121000039,3,21,-18
121000041,16,35,-19
121000042,0,8,-8
121000043,32,21,11
121000044,152,88,64
121000045,17,37,-20
121000046,19,69,-50
121000047,2,17,-15
121000049,249,174,75
121000050,80,488,-408
121000051,48,27,21
121000052,32,185,-153
121000053,0,1,-1
121000054,10,75,-65
121000055,411,186,225
121000056,206,194,12
121000057,45,41,4
121000058,94,46,48
121000059,60,32,28
121000060,91,66,25
121000061,0,17,-17
121000062,19,13,6
121000063,72,233,-161
121000064,50,29,21
121000065,23,71,-48
121000066,50,91,-41
121000067,90,85,5
121000068,0,0,0
121000069,0,1,-1
121000070,97,197,-100
121000071,138,203,-65
121000072,213,116,97
121000073,232,213,19
121000074,32,50,-18
121000075,18,27,-9
121000076,54,31,23
121000077,2,0,2
121000078,8,49,-41
121000080,442,150,292
121000081,345,331,14
121000082,100,147,-47
121000083,0,0,0
121000084,50,66,-16
121000085,317,164,153
121000086,2,11,-9
121000087,0,2,-2
121000088,154,238,-84
121000089,0,2,-2
121000090,50,138,-88
121000091,591,514,77
121000092,59,20,39
121000093,11,39,-28
121000094,110,54,56
121000095,1,1,0
121000096,1312,849,463
121000097,551,516,35
121000098,111,280,-169
121000099,93,274,-181
121000100,47,255,-208
121000101,0,0,0
121000102,21,124,-103
121000103,0,0,0
121000104,15,79,-64
121000105,44,104,-60
121000106,1,1,0
121000107,669,884,-215
121000109,503,528,-25
121000110,44,75,-31
121000114,887,1084,-197
121000115,333,355,-22
121000116,172,345,-173
121000117,37,6,31
121000118,50,3,47
121000119,10,14,-4
121000120,2,1,1
121000121,0,1,-1
121000123,6,0,6
121000126,6,27,-21
121000127,1,17,-16
121000128,50,205,-155
121000129,68,137,-69
121000130,109,233,-124
121000131,211,186,25
121000132,215,146,69
121000135,35,30,5
121000136,150,47,103
121000137,41,2,39
121000138,78,73,5
121000139,126,49,77
121000141,22,55,-33
121000142,173,99,74
121000143,0,0,0
121000144,56,43,13
121000145,49,207,-158
121000146,137,109,28
121000147,63,88,-25
121000148,48,135,-87
121000149,253,305,-52
121000152,71,41,30
121000153,392,107,285
121000154,171,38,133
121000155,257,185,72
121000156,154,196,-42
121000157,240,101,139
121000158,50,50,0
121000159,7,104,-97
121000160,21,114,-93
121000161,1,3,-2
121000162,1,5,-4
121000165,7,4,3
121000166,12,32,-20
121000168,34,68,-34
121000169,9,110,-101
121000170,37,15,22
121000171,25,100,-75
121000172,132,150,-18
121000173,363,171,192
121000174,67,184,-117
121000175,80,122,-42
121000176,165,109,56
121000177,47,106,-59
121000178,6,10,-4
121000179,3,20,-17
121000181,55,73,-18
121000182,85,25,60
121000183,9,2,7
121000184,2,6,-4
121000185,0,0,0
121000186,13,105,-92
121000187,2,0,2
121000188,0,1,-1
121000192,123,61,62
121000193,64,104,-40
121000194,1416,653,763
121000195,87,301,-214
121000196,4,1,3
121000197,26,229,-203
121000198,16,71,-55
121000199,32,404,-372
121000200,64,36,28
121000201,1,63,-62
121000202,16,2,14
121000203,8,223,-215
121000204,43,14,29
121000205,68,281,-213
121000206,21,62,-41
121000207,114,116,-2
121000208,0,114,-114
121000209,19,308,-289
121000210,64,286,-222
121000211,8,49,-41
121000212,80,266,-186
121000213,250,237,13
121000214,129,163,-34
121000215,266,215,51
121000216,32,145,-113
121000217,736,237,499
121000218,125,803,-678
121000219,179,91,88
121000220,152,83,69
121000221,32,12,20
121000222,688,1111,-423
121000223,56,141,-85
121000224,0,0,0
121000225,133,149,-16
121000226,100,100,0
121000227,2,53,-51
121000228,14,664,-650
121000229,3,360,-357
121000230,43,1342,-1299
121000231,0,0,0
121000232,0,0,0
121000233,7,20,-13
121000234,0,0,0
121000235,1,0,1
121000236,0,0,0
121000237,0,1,-1
121000238,0,0,0
121000239,0,0,0
121000240,0,0,0
121000241,8,1,7
121000242,0,0,0
121000243,0,1,-1
121000244,0,0,0
121000245,0,0,0
121000246,0,0,0
121000247,2,0,2
121000248,2,0,2
121000249,17,80,-63
121000250,17,30,-13
121000251,7,237,-230
121000252,10,9,1
121000253,69,464,-395
121000254,110,50,60
121000255,35,44,-9
121000256,14,22,-8
121000257,17,45,-28
121000258,12,13,-1
121000259,19,17,2
121000260,13,60,-47
121000261,7,6,1
121000262,231,176,55
121000263,121,160,-39
121000271,122,271,-149
121000273,13,9,4
121000274,0,1,-1
121000275,2,17,-15
121000276,0,0,0
121000278,1,1,0
121000279,10,25,-15
121000280,0,0,0
121000289,2,1,1
121000290,221,216,5
121000294,11,62,-51
121000297,84,93,-9
121000299,7,117,-110
121000300,144,153,-9
121000302,51,86,-35
121000303,177,56,121
121000304,2,0,2
121000305,1,0,1
121000306,0,0,0
121000308,47,115,-68
121000309,216,205,11
121000310,10,158,-148
121000311,16,382,-366
121000312,0,0,0
121000313,237,175,62
121000314,77,23,54
121000315,32,11,21
121000530,89,298,-209
121000531,120,354,-234
121000532,1085,413,672
121000533,686,401,285
121000918,1,63,-62
121000919,0,0,0
121000938,122,27,95
121000939,88,9,79
121000956,104,395,-291
121000957,1,78,-77
121000958,6,123,-117
121000959,65,365,-300
121000960,95,639,-544
121000961,10,0,10
121000962,0,0,0
121000973,2,88,-86
121000976,0,0,0
121000979,0,0,0
121000981,8,1,7
121000982,0,0,0
121000983,16,145,-129
121000984,1,5,-4
121000985,48,144,-96
121000986,6,28,-22
121000987,42,760,-718
121000988,123,21,102
121001302,111,49,62
121001308,2,11,-9
121001309,9,12,-3
121001313,10,126,-116
121001314,3854,1871,1983
121001315,1358,954,404
121900001,0,3,-3
121900002,0,3,-3
121900003,0,0,0
121900004,0,0,0
121900005,0,0,0
121900006,0,0,0
121900007,0,0,0
121900008,0,0,0
121900009,0,0,0
121900010,0,0,0
121900011,0,0,0
121900012,0,0,0
121900013,0,0,0
121900014,0,0,0
121900015,0,0,0
121900016,0,0,0
121900017,0,0,0
121900018,0,0,0
121900019,0,0,0
121900020,0,0,0
121900021,0,0,0
121900022,0,0,0
121900023,0,0,0
121900024,0,0,0
121900025,0,0,0
121900026,0,0,0
121900027,0,0,0
121900028,0,0,0
121900029,0,0,0
121900030,0,0,0
121900031,0,0,0
121900032,0,0,0
121900033,0,0,0
121900034,0,0,0
121900035,0,0,0
121900036,0,0,0
121900037,0,0,0
121900038,0,0,0
121900039,0,0,0
121900040,0,0,0
121900041,0,0,0
121900042,0,0,0
121900043,0,0,0
121900044,0,0,0
121900046,0,0,0
121900047,0,0,0
121900048,0,0,0
121900050,0,0,0
121900051,0,0,0
121900052,0,0,0
121900053,23,51,-28
121900054,0,0,0
121900055,0,0,0
121900058,0,0,0
121900059,0,0,0
121900060,0,0,0
121900061,0,0,0
121900062,0,0,0
121900063,0,0,0
121900064,0,0,0
121900066,0,0,0
121900067,0,0,0
121900069,0,0,0
121900070,0,0,0
121900071,0,0,0
121900072,0,0,0
121900073,0,0,0
121900074,0,0,0
121900075,0,0,0
121900076,0,0,0
121900077,0,0,0
121900078,0,0,0
121900079,0,0,0
121900080,0,0,0
121900082,0,0,0
121900084,0,0,0
121900085,0,0,0
121900086,0,0,0
121900087,0,0,0
121900088,0,0,0
121900089,0,0,0
121900090,0,0,0
121900091,0,0,0
121900092,0,0,0
121900093,0,0,0
121900094,0,0,0
121900095,0,0,0
121900096,0,0,0
121900097,0,0,0
121900098,0,0,0
121900099,0,0,0
121900100,0,0,0
121900101,0,0,0
121900102,0,0,0
121900103,0,0,0
121900104,0,0,0
121900105,0,0,0
121900106,0,0,0
121900107,0,0,0
121900108,0,0,0
121900109,0,0,0
121900110,0,0,0
121900111,0,0,0
121900112,0,0,0
121900113,0,0,0
121900114,0,0,0
121900117,0,0,0
121900118,0,0,0
121900119,0,0,0
121900120,0,0,0
121900121,0,0,0
121900122,0,0,0
121900123,0,0,0
121900124,0,0,0
121900125,0,0,0
121900127,0,0,0
121900128,0,0,0
121900129,0,0,0
121900130,0,0,0
121900131,0,0,0
121900132,0,0,0
121900133,0,0,0
121900134,0,0,0
121900135,0,0,0
121900136,0,0,0
121900137,0,0,0
121900138,0,0,0
121900139,0,0,0
121900140,0,0,0
121900141,0,0,0
121900142,0,0,0
121900143,0,0,0
121900144,2,1,1
121900145,0,0,0
121900146,0,0,0
121900147,0,1,-1
121900148,0,0,0
121900149,0,0,0
121900150,0,1,-1
121900151,0,0,0
121900152,0,0,0
121900153,0,0,0
121900154,0,0,0
121900155,0,0,0
121900156,0,2,-2
121900157,0,0,0
121900158,0,2,-2
121900159,0,0,0
121900160,0,0,0
121900161,0,0,0
121900162,3,4,-1
121900163,0,0,0
121900164,0,0,0
121900165,0,0,0
121900166,0,0,0
121900167,0,0,0
121900168,0,0,0
121900169,0,46,-46
121900170,0,0,0
121900171,0,0,0
121900172,0,0,0
121900173,0,0,0
121900174,0,0,0
121900175,0,0,0
121900176,19,130,-111
121900177,0,2,-2
121900178,0,0,0
121900179,0,0,0
121900180,7,3,4
121900182,0,0,0
121900183,0,0,0
121900184,0,0,0
121900186,0,0,0
121900187,0,0,0
121900188,0,0,0
121900189,0,0,0
121900190,0,0,0
121900191,0,0,0
121900192,0,0,0
121900193,0,0,0
121900194,0,0,0
121900195,0,0,0
121900196,0,0,0
121900197,4,41,-37
121900198,0,0,0
121900199,0,0,0
121900200,0,0,0
121900201,0,0,0
121900202,4,9,-5
121900203,0,0,0
121900204,0,0,0
121900205,0,0,0
121900206,0,0,0
121900207,0,0,0
121900208,0,0,0
121900209,0,0,0
121900210,0,0,0
121900211,0,0,0
121900212,0,0,0
121900213,0,0,0
121900214,0,0,0
121900215,0,0,0
121900216,0,0,0
121900217,0,0,0
121900218,0,0,0
121900220,0,0,0
121900221,0,0,0
121900222,0,0,0
121900223,0,0,0
121900224,0,0,0
121900225,0,0,0
121900226,0,0,0
121900227,0,0,0
121900228,0,0,0
121900230,0,0,0
121900231,0,0,0
121900232,0,0,0
121900233,0,0,0
121900234,0,0,0
121900235,0,0,0
121900236,0,0,0
121900237,0,0,0
121900238,0,0,0
121900239,0,0,0
121900240,0,0,0
121900241,0,0,0
121900242,0,0,0
121900243,0,0,0
121900244,0,0,0
121900245,0,0,0
121900246,0,0,0
121900247,0,0,0
121900248,0,0,0
121900250,0,0,0
121900251,0,0,0
121900252,0,0,0
121900253,0,0,0
121900254,0,0,0
121900255,0,0,0
121900258,0,0,0
121900259,0,0,0
121900260,0,0,0
121900261,0,0,0
121900262,0,0,0
121900263,0,0,0
121900264,0,0,0
121900265,0,0,0
121900266,0,0,0
121900267,0,0,0
121900269,0,0,0
121900270,0,0,0
121900271,0,0,0
121900273,0,0,0
121900274,0,0,0
121900277,0,0,0
121900278,0,0,0
121900279,0,0,0
121900280,0,0,0
121900281,0,0,0
121900284,0,0,0
121900286,2,22,-20
121900287,0,0,0
121900288,0,0,0
121900290,0,0,0
121900291,8,29,-21
121900292,0,0,0
121900293,17,245,-228
121900294,0,0,0
121900295,0,0,0
121900296,0,0,0
121900298,0,0,0
121900299,0,0,0
121900300,0,0,0
121900301,0,0,0
121900302,0,0,0
121900303,0,0,0
121900304,0,0,0
121900305,0,0,0
121900306,0,0,0
121900307,0,0,0
121900308,0,30,-30
121900309,0,15,-15
121900310,4,48,-44
121900311,0,0,0
121900312,0,0,0
121900313,0,0,0
121900314,0,0,0
121900315,0,0,0
121900316,0,0,0
121900317,0,0,0
121900318,0,0,0
121900319,0,0,0
121900320,0,0,0
121900321,0,0,0
121900322,0,0,0
121900323,0,0,0
121900324,0,0,0
121900325,0,0,0
121900326,0,0,0
121900327,0,0,0
121900328,0,0,0
121900329,0,0,0
121900330,0,0,0
121900331,0,0,0
121900332,0,0,0
121900333,0,0,0
122000001,600,730,-130
122000002,717,258,459
122000003,467,332,135
122000004,419,186,233
122000005,347,133,214
122000006,133,65,68
122000007,106,123,-17
122000008,706,430,276
122000009,124,25,99
122000010,277,257,20
122000011,316,104,212
122000012,135,200,-65
122000013,221,205,16
122000014,180,212,-32
122000015,97,72,25
122000016,54,90,-36
122000017,257,244,13
122000018,236,390,-154
122000019,201,593,-392
122000020,33,33,0
122000021,148,57,91
122000022,183,52,131
122000023,83,82,1
122000024,82,108,-26
122000025,81,178,-97
122000026,58,30,28
122000027,244,486,-242
122000028,1,1,0
122000029,0,1,-1
122000030,82,32,50
122000031,0,0,0
122000032,92,88,4
122000033,32,79,-47
122000034,181,179,2
122000035,191,193,-2
122000036,90,238,-148
122000037,72,46,26
122000038,61,66,-5
122000039,116,118,-2
122000040,87,97,-10
122000041,0,2,-2
122000042,0,4,-4
122000043,0,0,0
122000044,0,0,0
122000045,50,50,0
122000046,34,73,-39
122000047,88,52,36
122000048,637,384,253
122000049,1258,596,662
122000050,139,163,-24
122000051,0,0,0
122000052,7,7,0
122000053,3,131,-128
122000054,285,269,16
122000055,376,561,-185
122000056,658,524,134
122000057,1154,765,389
122000058,672,556,116
122000059,632,527,105
122000060,210,136,74
122000061,92,57,35
122000062,351,92,259
122000063,97,107,-10
122000064,663,757,-94
122000065,919,686,233
122000066,377,336,41
122000067,189,369,-180
122000068,195,163,32
122000069,357,229,128
122000070,15,36,-21
122000071,59,41,18
122000072,79,67,12
122000073,70,96,-26
122000074,27,10,17
122000075,5,3,2
122000076,130,86,44
122000077,139,224,-85
122000078,261,548,-287
122000079,184,217,-33
122000080,55,59,-4
122000081,45,29,16
122000082,0,7,-7
122000083,217,331,-114
122000084,194,242,-48
122000085,87,292,-205
122000086,414,479,-65
122000087,13,11,2
122000088,39,79,-40
122000089,835,394,441
122000090,11,43,-32
122000091,25,3,22
122000092,12,0,12
122000093,166,426,-260
122000094,1019,249,770
122000095,741,364,377
122000096,188,33,155
122000098,813,616,197
122000099,85,155,-70
122000100,74,74,0
122000101,7,55,-48
122000102,399,232,167
122000103,176,199,-23
122000104,74,21,53
122000105,16,23,-7
122000106,67,50,17
122000107,16,27,-11
122000108,83,146,-63
122000109,3,7,-4
122000110,72,110,-38
122000111,349,114,235
122000112,48,109,-61
122000113,40,98,-58
122000114,614,982,-368
122000115,610,306,304
122000116,208,71,137
122000117,109,14,95
122000118,51,29,22
122000119,488,438,50
122000120,558,761,-203
122000121,626,372,254
122000122,162,242,-80
122000123,415,77,338
122000124,126,54,72
122000125,320,180,140
122000126,84,158,-74
122000127,334,322,12
122000128,101,217,-116
122000129,44,23,21
122000130,99,14,85
122000131,99,28,71
122000132,342,89,253
122000133,148,545,-397
122000134,144,89,55
122000135,73,401,-328
122000136,11,5,6
122000137,28,37,-9
122000139,294,300,-6
122000140,203,95,108
122000141,1134,184,950
122000142,43,276,-233
122000143,48,9,39
122000144,89,46,43
122000145,152,110,42
122000146,0,2,-2
122000147,33,12,21
122000148,796,355,441
122000149,360,67,293
122000150,92,75,17
122000151,62,122,-60
122000152,73,66,7
122000153,0,0,0
122000154,0,0,0
122000155,109,147,-38
122000156,1358,1039,319
122000157,694,639,55
122000158,22,67,-45
122000159,79,59,20
122000160,253,56,197
122000161,104,31,73
122000162,111,47,64
122000163,11,4,7
122000164,0,3,-3
122000165,93,114,-21
122000166,30,44,-14
122000167,72,125,-53
122000168,1,8,-7
122000169,77,97,-20
122000170,36,109,-73
122000171,16,49,-33
122000172,338,359,-21
122000173,278,468,-190
122000174,380,385,-5
122000175,356,106,250
122000176,2,4,-2
122000177,354,693,-339
122000178,200,44,156
122000179,418,369,49
122000180,241,418,-177
122000181,478,1082,-604
122000182,252,58,194
122000183,369,24,345
122000184,3517,666,2851
122000185,864,586,278
122000186,115,108,7
122000187,34,143,-109
122000188,70,69,1
122000189,0,0,0
122000190,31,237,-206
122000191,89,34,55
122000192,90,12,78
122000193,1,12,-11
122000194,59,25,34
122000195,0,5,-5
122000196,28,55,-27
122000197,29,23,6
122000198,126,74,52
122000199,42,45,-3
122000200,129,40,89
122000201,827,1139,-312
122000202,546,584,-38
122000203,689,517,172
122000204,169,627,-458
122000205,188,382,-194
122000206,116,49,67
122000207,79,95,-16
122000208,68,159,-91
122000209,98,9,89
122000210,174,672,-498
122000211,166,442,-276
122000212,117,97,20
122000213,188,167,21
122000214,175,219,-44
122000215,244,277,-33
122000217,382,599,-217
122000218,0,0,0
122000219,567,426,141
122000220,73,266,-193
122000221,17,63,-46
122000222,95,7,88
122000223,122,175,-53
122000225,179,47,132
122000226,132,650,-518
122000227,69,352,-283
122000228,49,218,-169
122000229,9,169,-160
122000230,9,294,-285
122000231,13,235,-222
122000232,14,314,-300
122000233,0,3,-3
122000234,6,13,-7
122000235,13,17,-4
122000236,49,10,39
122000237,16,4,12
122000238,31,11,20
122000239,3,8,-5
122000240,25,16,9
122000241,15,0,15
122000242,4,1,3
122000243,0,1,-1
122000244,1,108,-107
122000245,13,40,-27
122000246,1,14,-13
122000247,93,139,-46
122000248,252,488,-236
122000249,13,35,-22
122000250,69,32,37
122000251,109,139,-30
122000252,27,6,21
122000253,9,116,-107
122000254,8,11,-3
122000255,43,34,9
122000256,106,1032,-926
122000257,44,239,-195
122000258,28,34,-6
122000259,1,266,-265
122000260,4,66,-62
122000261,0,7,-7
122000262,0,42,-42
122000263,5,91,-86
122000264,0,0,0
122000265,0,0,0
122000266,4,0,4
122000267,0,0,0
122000268,0,0,0
122000269,0,0,0
122000270,0,0,0
122000271,0,0,0
122000272,0,0,0
122000273,7,10,-3
122000274,1,11,-10
122000275,1,1,0
122000276,34,75,-41
122000277,136,188,-52
122000278,77,84,-7
122000279,38,245,-207
122000280,245,357,-112
122000281,107,295,-188
122000282,10,42,-32
122000283,164,26,138
122000284,47,36,11
122000285,131,114,17
122000286,49,97,-48
122000287,18,13,5
122000288,18,7,11
122000291,111,48,63
122000293,33,20,13
122000294,5,1,4
122000295,18,0,18
122000296,13,88,-75
122000297,445,129,316
122000299,11,65,-54
122000300,98,182,-84
122000301,2178,243,1935
122000302,155,54,101
122000303,2082,493,1589
122000304,2,59,-57
122000305,178,26,152
122000306,5,318,-313
122000307,54,48,6
122000309,12,142,-130
122000310,3,8,-5
122000311,18,29,-11
122000312,7,4,3
122000313,3,6,-3
122000314,9,38,-29
122000315,8,2,6
122000316,33,17,16
122000317,53,10,43
122000318,8,6,2
122000319,68,163,-95
122000320,45,764,-719
122000321,19,286,-267
122000322,542,142,400
122000323,284,177,107
122000324,180,241,-61
122000325,21,114,-93
122000326,0,0,0
122000327,14,79,-65
122000328,170,335,-165
122000330,100,17,83
122000332,6,77,-71
122000333,0,97,-97
122000337,117,926,-809
122000338,37,174,-137
122000340,51,52,-1
122000342,455,323,132
122000343,29,414,-385
122000344,0,0,0
122000345,3,3,0
122000346,23,33,-10
122000348,46,118,-72
122000349,4,240,-236
122000351,0,6,-6
122000352,33,10,23
122000353,0,85,-85
122000355,0,1,-1
122000356,688,353,335
122000357,0,0,0
122000358,0,0,0
122000359,0,0,0
122000360,0,0,0
122000362,1,35,-34
122000364,14,123,-109
122000365,0,0,0
122000366,6,2,4
122000368,86,192,-106
122000370,0,24,-24
122000371,0,0,0
122000372,0,0,0
122000381,16,108,-92
122000382,7,31,-24
122000384,447,400,47
122000385,0,0,0
122000386,10,71,-61
122000387,44,102,-58
122000388,92,26,66
122000389,54,331,-277
122000390,25,47,-22
122000391,0,0,0
122000392,9,47,-38
122000393,0,20,-20
122000394,12,74,-62
122000395,5,40,-35
122000396,21,35,-14
122000397,12,28,-16
122000398,0,1,-1
122000399,3,11,-8
122000400,0,0,0
122000401,27,22,5
122000402,0,0,0
122000403,114,978,-864
122000404,8,11,-3
122000408,182,265,-83
122000503,0,0,0
122000524,0,0,0
122000544,0,0,0
122000616,469,3,466
122000640,0,1,-1
122000641,0,4,-4
122000642,1,5,-4
122000643,0,0,0
122000644,60,41,19
122000645,73,139,-66
122000651,117,153,-36
122000664,19,9,10
122000665,417,187,230
122000666,62,148,-86
122000673,24,192,-168
122000674,77,28,49
122000675,162,404,-242
122000686,3,9,-6
122000687,32,170,-138
122000688,1,5,-4
122000689,98,361,-263
122000690,99,455,-356
122000691,0,14,-14
122000692,165,213,-48
122000693,1,17,-16
122000695,60,223,-163
122000696,1,9,-8
122000698,36,423,-387
122000699,27,0,27
122000701,112,136,-24
122000702,2,6,-4
122000703,0,0,0
122000717,168,18,150
122000718,27,7,20
122000719,0,1,-1
122000720,4,9,-5
122000724,59,16,43
122900001,0,0,0
122900002,0,0,0
122900003,0,0,0
122900004,0,0,0
122900005,0,0,0
122900006,0,0,0
122900007,0,0,0
122900008,0,0,0
122900009,0,0,0
122900010,0,0,0
122900012,0,0,0
122900014,0,0,0
122900015,0,0,0
122900016,0,0,0
122900017,0,0,0
122900018,0,0,0
122900019,0,25,-25
122900020,0,0,0
122900021,0,1,-1
122900022,16,76,-60
122900023,12,20,-8
122900024,4,2,2
122900025,0,0,0
122900026,0,0,0
122900027,2,53,-51
122900028,0,0,0
122900029,0,0,0
122900030,209,16,193
122900031,0,0,0
122900032,5,7,-2
122900033,0,0,0
122900034,0,0,0
122900035,0,0,0
122900036,0,0,0
122900037,0,0,0
122900038,1,25,-24
122900039,0,0,0
122900040,0,0,0
122900041,0,0,0
122900042,0,0,0
122900043,0,0,0
122900044,0,0,0
122900045,0,0,0
122900046,0,0,0
122900047,0,0,0
122900048,0,0,0
122900049,0,0,0
122900051,0,0,0
122900052,0,6,-6
122900053,0,0,0
122900055,0,0,0
122900057,0,0,0
122900061,0,0,0
122900062,16,6,10
122900063,0,0,0
122900064,1,2,-1
122900065,3,11,-8
122900066,10,11,-1
122900067,0,0,0
122900068,0,0,0
122900069,3,17,-14
122900070,4,1,3
122900071,2,29,-27
122900072,1,61,-60
122900073,0,0,0
122900074,0,0,0
122900075,1,9,-8
122900076,0,6,-6
122900077,0,32,-32
122900078,0,59,-59
122900080,0,0,0
122900081,0,0,0
122900082,0,0,0
122900083,0,0,0
122900084,0,0,0
122900086,0,0,0
122900087,0,2,-2
122900088,0,0,0
122900089,0,0,0
122900090,3,34,-31
122900091,0,0,0
122900092,0,0,0
122900093,0,0,0
122900094,0,0,0
122900095,0,0,0
122900096,0,0,0
122900097,0,0,0
122900098,0,0,0
122900099,0,0,0
122900100,0,0,0
122900101,0,0,0
122900102,0,0,0
122900103,0,0,0
122900104,0,0,0
122900105,0,0,0
122900106,0,0,0
122900107,0,0,0
122900108,0,0,0
123000001,424,216,208
123000002,1728,567,1161
123000003,915,617,298
123000004,1387,1733,-346
123000005,219,418,-199
123000006,1039,1291,-252
123000007,274,344,-70
123000008,756,2135,-1379
123000009,826,683,143
123000010,2212,2710,-498
123000011,377,281,96
123000012,457,1465,-1008
123000013,518,168,350
123000014,730,1881,-1151
123000015,864,228,636
123000016,2772,1324,1448
123000017,335,146,189
123000018,6,20,-14
123000019,2,15,-13
123000020,4,3,1
123000021,0,8,-8
123000022,8,25,-17
123000023,67,119,-52
123000024,38,54,-16
123000025,1,6,-5
123000026,0,15,-15
123000027,15,51,-36
123000028,23,1,22
123000029,64,80,-16
123000030,1,237,-236
123000031,0,38,-38
123000032,5,15,-10
123000033,2,1,1
123000034,45,65,-20
123000035,19,4,15
123000036,20,16,4
123000037,42,128,-86
123000038,19,84,-65
123000039,172,171,1
123000040,448,164,284
123000041,57,22,35
123000042,181,250,-69
123000043,238,257,-19
123000044,1218,610,608
123000045,2892,629,2263
123000046,18,21,-3
123000047,705,251,454
123000048,0,0,0
123000049,803,195,608
123000050,123,90,33
123000051,3,9,-6
123000052,114,214,-100
123000053,840,382,458
123000054,360,182,178
123000055,106,137,-31
123000056,329,656,-327
123000057,4147,1135,3012
123000058,46,71,-25
123000059,25,33,-8
123000060,93,68,25
123000061,19,53,-34
123000063,113,168,-55
123000064,99,87,12
123000065,1766,845,921
123000066,362,208,154
123000067,37,95,-58
123000068,931,1123,-192
123000069,4244,1310,2934
123000070,37,55,-18
123000071,22,43,-21
123000072,300,499,-199
123000073,15,36,-21
123000074,184,567,-383
123000075,16,67,-51
123000076,94,324,-230
123000077,733,897,-164
123000078,25,64,-39
123000079,18,43,-25
123000080,312,684,-372
123000081,35,89,-54
123000082,82,182,-100
123000083,60,10,50
123000084,29,258,-229
123000085,6,13,-7
123000086,9,45,-36
123000087,6,59,-53
123000088,136,249,-113
123000089,2,4,-2
123000090,393,483,-90
123000091,7,3,4
123000092,261,398,-137
123000094,31,24,7
123000095,1,13,-12
123000096,5,8,-3
123000097,54,370,-316
123000098,13,12,1
123000099,111,276,-165
123000100,89,118,-29
123000101,0,0,0
123000102,51,97,-46
123000104,17,65,-48
123000105,190,171,19
123000106,29,62,-33
123000107,76,178,-102
123000108,218,329,-111
123000111,18,10,8
123000112,45,48,-3
123000113,72,494,-422
123000114,4,7,-3
123000115,8,47,-39
123000116,10,21,-11
123000117,175,510,-335
123000118,89,264,-175
123000119,41,273,-232
123000120,66,169,-103
123000121,77,56,21
123000122,160,124,36
123000123,51,37,14
123000124,228,258,-30
123000125,58,3,55
123000126,40,49,-9
123000127,1060,449,611
123000128,89,188,-99
123000129,0,0,0
123000130,1,0,1
123000131,21,115,-94
123000132,105,226,-121
123000133,89,165,-76
123000134,139,56,83
123000135,93,147,-54
123000136,73,526,-453
123000137,16,159,-143
123000138,10,196,-186
123000139,0,0,0
123000140,42,317,-275
123000141,2,1,1
123000142,303,395,-92
123000143,341,1002,-661
123000144,6,4,2
123000145,22,24,-2
123000146,4,15,-11
123000147,2,11,-9
123000149,0,3,-3
123000150,0,1,-1
123000151,43,56,-13
123000152,17,128,-111
123000153,23,35,-12
123000154,321,120,201
123000155,575,140,435
123000156,9,34,-25
123000157,137,264,-127
123000158,4,1,3
123000159,347,168,179
123000160,62,27,35
123000161,196,29,167
123000162,33,24,9
123000163,0,0,0
123000164,1,1,0
123000165,60,544,-484
123000166,12,67,-55
123000167,2,117,-115
123000168,21,139,-118
123000169,2,0,2
123000170,0,113,-113
123000171,1,13,-12
123000172,40,271,-231
123000173,1,1,0
123000174,2,1,1
123000175,278,570,-292
123000176,1,0,1
123000177,83,252,-169
123000178,0,0,0
123000179,2,200,-198
123000180,151,11,140
123000181,62,542,-480
123000182,13,113,-100
123000183,14,14,0
123000184,13,211,-198
123000185,0,0,0
123000186,2,344,-342
123000187,1,1,0
123000188,0,0,0
123000189,4,36,-32
123000190,1,14,-13
123000192,2,172,-170
123000193,8,136,-128
123000194,108,71,37
123000195,0,0,0
123000196,0,0,0
123000197,0,54,-54
123000198,2,63,-61
123000199,1,140,-139
123000200,0,0,0
123000201,2,0,2
123000202,3,583,-580
123000203,1,0,1
123000204,17,530,-513
123000205,50,751,-701
123000206,80,0,80
123000207,18,276,-258
123000208,21,3,18
123000209,99,12,87
123000210,84,454,-370
123000211,162,1030,-868
123000212,1,0,1
123000213,0,0,0
123000215,246,28,218
123000216,0,0,0
123000217,0,0,0
123000218,41,101,-60
123000219,0,0,0
123000220,0,0,0
123000221,0,0,0
123000222,10,26,-16
123000223,7,20,-13
123000224,13,56,-43
123000225,7,29,-22
123000226,4,208,-204
123000227,7,127,-120
123000228,9,27,-18
123000229,222,776,-554
123000232,39,219,-180
123000233,0,0,0
123000234,28,325,-297
123000235,0,0,0
123000236,41,350,-309
123000237,1,0,1
123000238,36,301,-265
123000239,127,901,-774
123000240,7,36,-29
123000241,0,0,0
123000242,9,63,-54
123000243,184,399,-215
123000244,274,306,-32
123000245,21,130,-109
123000249,636,365,271
123000252,0,0,0
123000253,0,0,0
123000254,37,249,-212
123000255,44,63,-19
123000256,4,135,-131
123000257,863,749,114
123000258,154,483,-329
123000259,27,118,-91
123000260,24,232,-208
123000261,8,131,-123
123000262,26,91,-65
123000263,22,3,19
123000264,5,0,5
123000265,26,26,0
123000266,46,194,-148
123000267,0,0,0
123000268,3,11,-8
123000269,0,0,0
123000270,0,0,0
123000271,11,19,-8
123000272,0,0,0
123000273,0,1,-1
123000274,0,0,0
123000275,92,514,-422
123000278,590,429,161
123000279,0,0,0
123000280,8,80,-72
123000281,0,0,0
123000282,11,60,-49
123000283,0,0,0
123000284,4,49,-45
123000286,65,30,35
123000287,59,28,31
123000288,0,1,-1
123000289,0,0,0
123000291,87,434,-347
123000294,14,48,-34
123000295,117,51,66
123000296,31,21,10
123000297,4,19,-15
123000298,12,53,-41
123000299,0,2,-2
123000300,36,104,-68
123000301,7,33,-26
123000302,9,16,-7
123000303,0,22,-22
123000305,272,211,61
123000306,0,101,-101
123000309,8,24,-16
123000310,1,0,1
123000311,0,133,-133
123000312,149,217,-68
123000313,0,0,0
123000315,1,17,-16
123000316,0,0,0
123000317,0,0,0
123000318,2,40,-38
123000329,237,47,190
123000337,0,44,-44
123000338,22,2,20
123000339,3,312,-309
123000340,5,31,-26
123000342,0,3,-3
123000343,0,0,0
123000344,156,95,61
123000345,63,155,-92
123000346,3,0,3
123000352,582,371,211
123000353,10,52,-42
123000354,15,0,15
123000355,2,123,-121
123000356,2,0,2
123000357,0,100,-100
123000359,2,95,-93
123000360,0,0,0
123000361,135,66,69
123000362,11,61,-50
123000363,8,149,-141
123000364,25,16,9
123000365,12,93,-81
123000366,90,202,-112
123000367,54,280,-226
123000370,10,114,-104
123000371,0,0,0
123000372,1,0,1
123000373,2,170,-168
123000374,1,78,-77
123000375,3,1,2
123000376,52,68,-16
123000377,0,0,0
123000378,2,193,-191
123000379,1,109,-108
123000380,2,77,-75
123000381,9,0,9
123000382,36,6,30
123000383,40,191,-151
123000384,22,1,21
123000385,35,287,-252
123000436,37,307,-270
123000507,24,21,3
123000508,26,99,-73
123000517,118,14,104
123000518,3,74,-71
123000519,92,39,53
123000520,16,63,-47
123000521,57,41,16
123000522,35,121,-86
123000541,0,0,0
123000542,0,16,-16
123000565,0,0,0
123000566,27,230,-203
123000567,16,78,-62
123000573,54,536,-482
123000574,1,0,1
123000575,97,639,-542
123000576,26,969,-943
123000577,41,318,-277
123000578,0,0,0
123000579,331,99,232
123000580,47,0,47
123000582,0,0,0
123000583,6,294,-288
123000584,0,1,-1
123000585,1,42,-41
123000586,0,0,0
123000596,30,32,-2
123000597,0,1,-1
123000602,0,0,0
123000603,27,179,-152
123000604,14,496,-482
123000605,329,54,275
123000606,1,902,-901
123000609,20,154,-134
123000610,4,1,3
123000613,76,102,-26
123000614,0,0,0
123000615,59,150,-91
123000616,0,0,0
123000617,37,508,-471
123000618,19,364,-345
123000619,0,0,0
123000620,29,321,-292
123000622,0,0,0
123000624,0,0,0
123000630,32,49,-17
123000631,50,748,-698
123000632,227,329,-102
123000633,0,59,-59
123000634,0,0,0
123000635,89,43,46
123000636,9,188,-179
123000637,0,0,0
123000638,0,0,0
123000639,5,0,5
123000640,1,478,-477
123900001,79,2,77
123900002,0,0,0
123900003,0,0,0
123900005,0,0,0
123900006,0,0,0
124000001,236,0,236
124000002,53,601,-548
124000003,18,2,16
124000004,12,277,-265
124000005,8,5,3
124000006,102,763,-661
124000007,12,1,11
124000008,5,162,-157
124000009,3,1,2
124000010,31,251,-220
124000011,3,3,0
124000012,50,435,-385
124000017,0,0,0
124000018,63,49,14
124000019,0,0,0
124000020,13,94,-81
124000021,0,0,0
124000022,35,147,-112
124000023,209,133,76
124000024,231,250,-19
124000025,136,107,29
124000026,249,260,-11
124000027,873,277,596
124000028,1126,1409,-283
124000030,1151,445,706
124000031,20,2,18
124000032,1897,342,1555
124000033,0,0,0
124000034,780,189,591
124000035,0,2,-2
124000036,5,74,-69
124000037,4,3,1
124000038,4,7,-3
124000039,148,61,87
124000040,134,301,-167
124000041,62,17,45
124000042,12,214,-202
124000043,12,12,0
124000044,13,175,-162
124000045,0,0,0
124000046,58,459,-401
124000047,0,0,0
124000048,111,867,-756
124000049,0,0,0
124000050,132,1086,-954
124000051,0,0,0
124000052,91,678,-587
124000053,0,0,0
124000054,222,333,-111
124000055,0,0,0
124000056,1193,847,346
124000057,0,0,0
124000058,148,648,-500
124000059,15,37,-22
124000060,352,349,3
124000061,12,56,-44
124000062,2756,630,2126
124000063,638,699,-61
124000064,603,771,-168
124000065,25,35,-10
124000066,12,1,11
124000067,0,0,0
124000068,1,20,-19
124000069,0,0,0
124000070,7,127,-120
124000071,0,0,0
124000072,29,117,-88
124000073,0,0,0
124000074,42,252,-210
124000075,0,0,0
124000076,9,156,-147
124000077,362,124,238
124000078,7,1,6
124000079,400,291,109
124000080,0,0,0
124000081,23,298,-275
124000082,0,0,0
124000083,5,59,-54
124000084,0,9,-9
124000085,12,26,-14
124000086,0,0,0
124000087,0,0,0
124000088,1,7,-6
124000089,15,7,8
124000090,19,198,-179
124000091,11,21,-10
124000092,20,356,-336
124000093,0,0,0
124000094,0,61,-61
124000095,0,0,0
124000096,8,58,-50
124000097,0,0,0
124000098,18,57,-39
124000099,0,3,-3
124000100,4,75,-71
124000101,1,5,-4
124000102,9,72,-63
124000103,5,6,-1
124000104,9,56,-47
124000105,4,4,0
124000106,22,81,-59
124000107,0,8,-8
124000108,19,18,1
124000109,0,0,0
124000110,16,42,-26
124000111,4,33,-29
124000112,45,100,-55
124000113,0,0,0
124000114,22,68,-46
124000115,57,98,-41
124000116,0,0,0
124000117,43,36,7
124000118,2,1,1
124000119,52,163,-111
124000120,4,18,-14
124000121,118,20,98
124000122,391,393,-2
124000123,150,62,88
124000124,112,290,-178
124000125,47,44,3
124000126,93,224,-131
124000127,101,68,33
124000128,183,580,-397
124000129,164,295,-131
124000130,330,215,115
124000131,82,90,-8
124000132,443,428,15
124000133,36,62,-26
124000134,147,244,-97
124000135,121,104,17
124000136,199,332,-133
124000137,84,39,45
124000138,251,296,-45
124000139,0,0,0
124000140,10,151,-141
124000141,0,0,0
124000142,0,42,-42
124000143,0,0,0
124000144,8,18,-10
124000145,0,0,0
124000146,2,45,-43
124000148,0,0,0
124000149,5,0,5
124000150,120,246,-126
124000151,9,3,6
124000152,125,284,-159
124000153,4,11,-7
124000154,104,375,-271
124000155,19,20,-1
124000156,339,365,-26
124000169,2,8,-6
124000170,133,130,3
124000171,1,9,-8
124000172,56,133,-77
124000173,5,26,-21
124000174,35,248,-213
124000175,11,93,-82
124000176,0,0,0
124000177,26,31,-5
124000178,0,0,0
124000190,15,0,15
124000191,60,19,41
124000192,21,4,17
124000193,92,580,-488
124000194,71,284,-213
124000195,27,105,-78
124000196,301,495,-194
124000197,6,11,-5
124000198,1,1,0
124000201,6,400,-394
124000202,1,22,-21
124000203,12,395,-383
124000204,5,86,-81
124000205,7,295,-288
124000206,2,115,-113
124000207,0,85,-85
124000209,33,261,-228
124000210,7,131,-124
124000211,0,0,0
124000212,1,293,-292
124000213,4,204,-200
124000214,1,133,-132
124000215,0,0,0
124000216,1,324,-323
124000329,44,990,-946
124000338,25,462,-437
124000339,9,0,9
124000341,5,1,4
124000344,0,3,-3
124000357,74,57,17
124000358,112,77,35
124000359,26,21,5
124000360,15,16,-1
124000361,58,20,38
124000362,439,1024,-585
124000363,122,390,-268
124000364,244,736,-492
124000365,500,1123,-623
124000366,1445,959,486
124000367,39,272,-233
124000368,6,0,6
124000369,7,2,5
124000370,33,272,-239
124000402,0,0,0
124000403,0,0,0
124000404,3,51,-48
124000405,183,97,86
124000406,254,419,-165
124000407,0,14,-14
124000411,1,124,-123
124000412,0,0,0
124000413,0,0,0
124000414,8,15,-7
124000415,10,76,-66
124000416,28,135,-107
124000417,1,20,-19
124000418,5,21,-16
124000419,9,114,-105
124000420,1,24,-23
124000421,4,178,-174
124000422,0,2,-2
124000423,5,9,-4
124000424,1,47,-46
124000425,0,0,0
124000426,1,21,-20
124000427,0,0,0
124000428,5,11,-6
124000429,1,182,-181
124000430,46,116,-70
124000431,13,121,-108
124000432,41,192,-151
124000439,0,0,0
124000443,3,12,-9
124000445,8,6,2
124000446,453,26,427
124900001,0,0,0
124900002,0,0,0
124900003,0,0,0
124900004,0,0,0
124900005,0,0,0
124900006,0,0,0
124900008,0,0,0
124900009,0,0,0
124900010,0,0,0
124900011,0,0,0
124900012,0,0,0
124900013,0,0,0
124900014,0,0,0
124900015,0,0,0
124900016,0,0,0
124900017,0,0,0
124900018,0,0,0
124900020,0,0,0
124900021,0,0,0
124900022,0,0,0
124900024,0,0,0
124900026,0,3,-3
124900027,0,0,0
124900028,0,0,0
124900029,0,0,0
124900030,0,0,0
124900031,0,0,0
124900032,0,0,0
124900033,0,0,0
124900034,0,0,0
124900035,0,1,-1
124900036,0,0,0
124900037,0,3,-3
124900038,0,0,0
124900039,0,0,0
124900040,0,0,0
124900041,6,37,-31
124900042,0,0,0
124900043,15,78,-63
124900044,0,0,0
124900045,32,41,-9
124900046,47,13,34
124900047,6,17,-11
124900048,3,3,0
124900050,3,33,-30
124900052,8,41,-33
124900053,2,63,-61
124900054,385,41,344
124900055,1,20,-19
124900057,0,8,-8
124900060,9,37,-28
124900061,0,0,0
124900062,0,0,0
124900066,0,12,-12
124900067,0,24,-24
124900068,0,0,0
124900070,0,0,0
124900072,0,0,0
124900074,0,0,0
124900075,0,0,0
124900076,0,0,0
124900077,0,0,0
124900078,2,0,2
124900079,6,2,4
124900080,6,50,-44
124900081,0,0,0
124900082,0,1,-1
124900083,10,52,-42
124900084,0,0,0
124900085,0,0,0
124900086,0,0,0
124900087,0,0,0
124900088,0,0,0
124900089,81,0,81
124900090,0,0,0
124900091,0,0,0
124900092,0,0,0
124900093,0,0,0
124900094,0,0,0
124900095,0,0,0
124900096,0,0,0
124900097,0,0,0
124900098,0,0,0
124900099,0,0,0
124900100,0,0,0
124900101,0,0,0
124900102,0,0,0
124900103,1,6,-5
124900104,0,8,-8
124900105,0,2,-2
124900106,0,0,0
124900107,0,0,0
124900108,0,0,0
124900109,1,9,-8
124900110,12,83,-71
124900111,0,6,-6
124900112,6,69,-63
124900113,0,1,-1
124900114,0,0,0
124900115,0,0,0
124900116,0,0,0
124900117,0,0,0
124900118,0,0,0
124900119,0,0,0
124900120,4,45,-41
124900121,0,0,0
124900122,81,37,44
124900123,0,0,0
124900124,6,10,-4
129000186,0,0,0
204000001,0,0,0
204000002,0,0,0
204000003,0,1,-1
204000004,0,0,0
204000005,1,2,-1
204000006,2,2,0
204000011,46,75,-29
204000012,11,177,-166
204000013,0,9,-9
204000019,152,142,10
204000020,105,135,-30
204000021,369,148,221
204000022,70,128,-58
204000023,219,870,-651
204000031,0,0,0
204000032,0,0,0
204000034,73,442,-369
204000035,11,5,6
204000036,9,36,-27
204000037,3,18,-15
204000038,4,16,-12
204000039,7,40,-33
204000040,6,25,-19
204000041,10,33,-23
204000042,0,0,0
204000043,0,1,-1
204000044,0,1,-1
204000045,0,0,0
204000046,0,1,-1
204000057,6,53,-47
204000062,22,87,-65
204000068,46,115,-69
204000069,12,95,-83
204000070,0,0,0
204000080,26,67,-41
204000085,401,686,-285
204000086,1274,976,298
204000087,43,147,-104
204000088,27,81,-54
204000090,67,491,-424
204000093,0,0,0
204000096,15,10,5
204000097,0,0,0
204000099,25,33,-8
204000100,14,17,-3
204000105,539,750,-211
204000110,551,824,-273
204000111,183,432,-249
204000112,166,541,-375
204000113,112,405,-293
204000114,56,61,-5
204000115,63,60,3
204000116,102,93,9
204000119,6,5,1
204000132,3,1,2
204000133,4,0,4
204000134,1,0,1
204000135,0,0,0
204000136,0,0,0
204000138,5,0,5
204000140,7,0,7
204000141,1,2,-1
204000144,0,0,0
204000145,1,0,1
204000146,103,277,-174
204000147,23,81,-58
204000148,0,0,0
204000154,0,0,0
204000155,5,4,1
204000177,0,0,0
204000179,0,0,0
204000180,2,77,-75
204000222,2,5,-3
204000235,24,23,1
204000236,16,254,-238
204000238,0,0,0
204000240,25,44,-19
204000263,285,630,-345
204000268,6,5,1
204000308,0,0,0
204000317,25,54,-29
204000322,7,34,-27
204000323,0,0,0
204000328,0,0,0
204000329,62,120,-58
204000330,0,0,0
204000331,101,130,-29
204010341,0,0,0
205000001,869,517,352
205000013,7,67,-60
205000014,15,136,-121
205000015,18,223,-205
205000016,15,168,-153
205000017,47,72,-25
205000022,177,381,-204
205000025,1315,743,572
205000029,38,34,4
205000045,19,155,-136
205000046,33,410,-377
205000047,65,444,-379
205000048,63,706,-643
205000049,75,588,-513
205000050,947,228,719
205000059,1,295,-294
205000060,0,21,-21
205000061,0,17,-17
205000062,0,28,-28
205000063,1,20,-19
205000064,34,125,-91
205000065,19,448,-429
205000066,25,620,-595
205000067,14,984,-970
205000069,364,283,81
205000082,0,0,0
205000110,23,183,-160
205000111,110,215,-105
205000112,0,0,0
205000113,136,92,44
205000121,0,0,0
205000123,131,173,-42
205000126,0,0,0
205000127,0,0,0
205000128,0,0,0
205000129,0,0,0
205000130,0,0,0
205000131,0,0,0
205000132,0,0,0
205000133,0,0,0
205000134,0,0,0
205000137,49,109,-60
205000138,133,147,-14
205000139,9,47,-38
205000144,0,0,0
205000145,0,0,0
205000151,0,0,0
205000152,0,0,0
205000153,0,0,0
205000154,0,0,0
205000155,0,0,0
205000207,259,178,81
205000233,0,1,-1
205000234,1,0,1
205000243,0,0,0
205000244,0,1,-1
205000245,16,219,-203
205000249,0,14,-14
205000250,0,0,0
205000264,6,67,-61
206000027,0,0,0
206000028,0,0,0
206000043,14,100,-86
206000053,11,21,-10
206000054,12,34,-22
206000055,5,42,-37
206000075,6,9,-3
206000076,11,35,-24
206000077,18,21,-3
206000078,18,14,4
206000079,23,11,12
206000082,0,0,0
206000100,49,700,-651
206000103,11,31,-20
206000104,37,55,-18
206000105,22,15,7
206000106,26,63,-37
206000108,636,163,473
206000125,0,0,0
206000157,276,751,-475
206000170,1,340,-339
206000171,17,281,-264
206000172,15,887,-872
206000173,1,258,-257
206000174,12,204,-192
206000175,8,231,-223
206000176,32,370,-338
206000177,2,272,-270
206000178,3,197,-194
206000179,7,157,-150
206000180,37,229,-192
206000181,13,261,-248
206000182,60,264,-204
206000183,41,665,-624
206000184,5,359,-354
206000185,15,341,-326
206000186,104,945,-841
206000223,12,223,-211
206000226,0,0,0
206000227,1,0,1
206000237,12,296,-284
206000238,47,362,-315
206000239,637,991,-354
206000240,3,61,-58
206000241,2,309,-307
206000242,30,426,-396
206000243,4,342,-338
206000244,89,829,-740
206000245,57,9,48
206000246,5,0,5
206000247,24,1,23
206000248,30,6,24
206000252,45,47,-2
206000258,21,39,-18
206000315,35,15,20
206000317,66,9,57
206000318,35,11,24
206000319,91,18,73
206000320,19,6,13
206000321,16,5,11
206000322,0,0,0
206000323,0,0,0
206000324,0,0,0
206000325,0,0,0
206000326,0,0,0
206000327,8,0,8
206000328,13,0,13
206000329,7,1,6
206000330,3,1,2
206000331,4,0,4
206000332,1,0,1
206000333,19,0,19
206000334,13,0,13
206000335,0,40,-40
206000361,8,299,-291
206000392,2,58,-56
206000405,38,1,37
206000441,0,1,-1
206000498,3,7,-4
206000515,345,50,295
206000530,0,0,0
206000531,0,0,0
206000532,7,0,7
206000535,186,438,-252
206000536,13,114,-101
206000537,13,62,-49
206000613,11,0,11
207000001,93,393,-300
207000002,26,312,-286
207000003,53,283,-230
207000007,62,12,50
207000008,5,6,-1
207000009,4,6,-2
207000010,200,308,-108
207000012,0,0,0
207000015,261,697,-436
207000019,60,15,45
207000021,49,35,14
207000022,8,23,-15
207000023,12,18,-6
207000024,4,5,-1
207000025,0,7,-7
207000026,68,131,-63
207000027,9,140,-131
207000028,39,228,-189
207000029,129,502,-373
207000033,40,52,-12
207000034,18,17,1
207000039,0,0,0
207000040,0,0,0
207000041,0,0,0
207000042,0,0,0
207000043,0,0,0
207000051,29,405,-376
207000052,4,206,-202
207000053,368,770,-402
207000054,14,111,-97
207000055,46,193,-147
207000056,163,406,-243
207000057,159,345,-186
207000058,65,436,-371
207000059,38,703,-665
207000060,24,175,-151
207000061,6,25,-19
207000062,39,23,16
207000063,51,101,-50
207000064,142,72,70
207000065,51,97,-46
207000066,34,73,-39
207000067,8,57,-49
207000068,23,14,9
207000069,272,124,148
207000082,2,12,-10
207000083,31,162,-131
207000084,11,5,6
207000085,26,0,26
207000086,10,1,9
207000106,0,0,0
207000107,0,0,0
207000108,0,0,0
207000109,0,0,0
207000110,0,0,0
207000111,0,0,0
207000112,0,0,0
207000114,14,25,-11
207000115,8,87,-79
207000116,12,232,-220
207000117,6,95,-89
207000118,0,120,-120
207000119,10,159,-149
207000123,0,0,0
207000124,0,0,0
207000125,0,0,0
207000126,0,0,0
207000134,2,22,-20
207000135,2,25,-23
207000148,0,0,0
207000149,36,39,-3
207000152,72,388,-316
207000153,1650,860,790
207000154,100,42,58
207000159,36,213,-177
207000160,65,494,-429
207000238,0,54,-54
207000242,0,107,-107
207000248,12,30,-18
207000249,59,71,-12
207000250,249,45,204
207000251,45,48,-3
207000252,23,83,-60
207000278,0,0,0
207000279,26,186,-160
207000280,11,7,4
207000281,38,456,-418
207000282,2,4,-2
207000283,31,78,-47
207000284,6,11,-5
207000285,0,0,0
207000291,13,123,-110
207000304,25,21,4
207000306,40,379,-339
207000310,0,0,0
207000353,0,0,0
207000356,5,14,-9
207000357,0,0,0
207000358,0,0,0
207000415,4,121,-117
207000417,0,0,0
207000418,26,60,-34
207000438,0,5,-5
207000439,320,140,180
207000446,0,0,0
207000460,1,0,1
207000466,94,229,-135
207000467,0,0,0
207000468,14,379,-365
207000476,3,9,-6
207000477,7,14,-7
207000478,5,19,-14
207000523,0,9,-9
207000524,0,0,0
207000527,28,32,-4
207000530,0,0,0
207000531,0,0,0
207000532,0,0,0
207000534,0,0,0
207000535,46,147,-101
207000537,26,102,-76
207000540,8,139,-131
207000541,3,214,-211
207000548,5,207,-202
207000549,0,0,0
207000561,0,0,0
207000562,19,121,-102
207000567,196,273,-77
207000568,8,22,-14
207000569,11,322,-311
207000584,206,90,116
207000585,0,0,0
207000616,0,226,-226
207000617,0,0,0
207900008,7,56,-49
208000001,25,51,-26
208000002,14,63,-49
208000003,67,55,12
208000004,63,61,2
208000005,0,41,-41
208000019,2,4,-2
208000020,1,7,-6
208000021,22,252,-230
208000022,192,273,-81
208000028,84,53,31
208000033,76,235,-159
208000034,270,522,-252
208000037,4,1,3
208000040,0,4,-4
208000041,5,1,4
208000042,4,3,1
208000047,25,138,-113
208000064,12,1,11
208000066,4,0,4
208000070,0,0,0
208000071,0,0,0
208000072,0,0,0
208000080,30,34,-4
208000081,7,26,-19
208000082,22,139,-117
208000083,37,242,-205
208000084,0,0,0
208000085,297,313,-16
208000086,194,585,-391
208000087,69,400,-331
208000089,224,243,-19
208000090,170,487,-317
208000093,19,42,-23
208000094,150,321,-171
208000095,282,211,71
208000104,2,0,2
208000105,5,1,4
208000114,0,0,0
208000115,62,181,-119
208000116,0,5,-5
208000117,0,0,0
208000118,0,0,0
208000155,163,459,-296
208000158,867,1024,-157
208000186,15,2,13
208000204,138,378,-240
208000205,315,545,-230
208000282,1910,484,1426
209000004,43,59,-16
209000005,10,15,-5
209000006,144,95,49
209000007,101,86,15
209000010,113,93,20
209000011,40,114,-74
209000012,52,216,-164
209000013,51,473,-422
209000014,222,1074,-852
209000025,33,31,2
209000026,218,28,190
209000027,95,792,-697
209000028,112,915,-803
209000029,196,854,-658
209000030,144,1367,-1223
209000031,3277,1731,1546
209000034,87,262,-175
209000035,52,137,-85
209000036,60,96,-36
209000037,64,166,-102
209000038,72,162,-90
209000039,45,94,-49
209000040,104,344,-240
209000041,125,342,-217
209000042,135,324,-189
209000043,171,255,-84
209000044,211,275,-64
209000045,44,176,-132
209000046,45,189,-144
209000047,36,102,-66
209000048,33,98,-65
209000049,50,127,-77
209000050,90,235,-145
209000051,101,243,-142
209000052,53,284,-231
209000062,7,75,-68
209000063,4,66,-62
209000064,8,94,-86
209000065,0,0,0
209000066,0,0,0
209000067,0,0,0
209000080,12,107,-95
209000082,0,0,0
209000091,12,51,-39
209000093,18,31,-13
209000094,200,79,121
209000110,0,0,0
209000111,141,505,-364
209000112,154,173,-19
209000113,212,158,54
209000114,83,111,-28
209000115,62,153,-91
209000116,1175,345,830
209000118,0,0,0
209000119,19,14,5
209000121,111,412,-301
209000135,0,0,0
209000142,439,382,57
209000143,14,29,-15
209000144,9,16,-7
209000229,19,93,-74
209000240,10,242,-232
209000259,87,104,-17
209000260,14,480,-466
209000261,10,264,-254
209000262,2,203,-201
209000263,0,41,-41
209000264,0,27,-27
209000265,1,0,1
209000266,0,0,0
209000267,0,0,0
209000268,0,0,0
210000037,0,0,0
210000047,0,0,0
210000048,0,0,0
210000049,0,0,0
210000052,7,104,-97
210000053,4,33,-29
210000054,22,51,-29
210000070,0,0,0
210000071,0,0,0
210000072,0,0,0
210000073,0,22,-22
210000074,0,54,-54
210000075,0,31,-31
210000076,0,77,-77
210000077,3,22,-19
210000078,18,24,-6
210000079,0,0,0
210000080,0,0,0
210000081,0,0,0
210000082,0,0,0
210000083,0,0,0
210000084,0,0,0
210000085,0,39,-39
210000086,0,63,-63
210000099,25,175,-150
210000100,20,114,-94
210000101,31,169,-138
210000105,25,43,-18
210000159,0,35,-35
210000163,117,117,0
210000164,0,0,0
210000168,0,0,0
210000187,0,2,-2
210000188,0,18,-18
210000214,0,0,0
210000219,0,0,0
210000220,0,0,0
210000232,0,14,-14
210000233,1,15,-14
210000234,24,56,-32
210000235,20,67,-47
210000245,1,23,-22
210000246,0,0,0
210000258,8,94,-86
210000259,0,0,0
210000282,15,122,-107
210000285,0,34,-34
210000286,6,100,-94
210000290,0,0,0
210000295,12,31,-19
210000296,5,15,-10
210000320,0,0,0
210000321,0,0,0
210000338,15,58,-43
210000339,333,348,-15
210000340,65,90,-25
210000341,69,99,-30
210000342,64,78,-14
210000343,65,86,-21
210000344,39,61,-22
210000345,65,45,20
210000346,3,23,-20
210000347,4,19,-15
210000348,20,8,12
210000349,4,10,-6
210000350,33,52,-19
210000351,53,88,-35
210000352,0,4,-4
210000353,0,2,-2
210000354,0,1,-1
210000355,0,2,-2
210000356,0,2,-2
210000357,1,0,1
210000358,3,2,1
210000359,1,0,1
210000360,3,0,3
210000361,0,0,0
210000362,5,0,5
210000363,25,1,24
210000364,1,0,1
210000365,0,0,0
210000366,0,0,0
210000367,0,0,0
210000368,1,0,1
210000369,0,0,0
210000370,0,0,0
210000372,0,0,0
210000373,0,0,0
210000374,0,0,0
210000375,1,5,-4
210000376,4,7,-3
210000404,87,84,3
210000439,0,0,0
210000472,0,0,0
210000482,0,0,0
210000564,7,0,7
210000567,0,0,0
210000568,0,0,0
211000092,0,0,0
211000094,0,0,0
211000169,0,0,0
211000172,0,0,0
211000209,0,0,0
211000226,0,0,0
211000270,0,3,-3
211000275,0,0,0
211000276,0,0,0
211000279,0,0,0
211000281,0,0,0
211507980,0,0,0
211977296,0,0,0
212000003,0,0,0
212000004,2,10,-8
212000005,13,7,6
212000006,15,44,-29
212000008,64,214,-150
212000009,6,121,-115
212000012,20,48,-28
212000013,5,47,-42
212000014,147,133,14
212000015,110,163,-53
212000016,300,413,-113
212000027,10,7,3
212000028,1,1,0
212000029,1,3,-2
212000030,0,1,-1
212000031,0,0,0
212000048,9,40,-31
212000049,13,19,-6
212000050,12,5,7
212000051,61,148,-87
212000052,98,278,-180
212000053,201,410,-209
212000054,1,5,-4
212000055,0,5,-5
212000056,0,0,0
212000057,0,0,0
212000058,0,0,0
212000070,42,200,-158
212000077,59,477,-418
212000099,1,5,-4
212000108,0,0,0
212000111,0,0,0
212000120,31,87,-56
212000138,32,23,9
212000156,5,68,-63
212000158,0,0,0
212000159,6,0,6
212000160,6,4,2
212000161,0,0,0
212000310,9,35,-26
212000311,0,0,0
212000374,11,6,5
213000001,5,203,-198
213000005,9,2,7
213000006,17,5,12
213000007,0,0,0
213000009,0,0,0
213000010,0,0,0
213000011,0,0,0
213000012,51,134,-83
213000014,0,0,0
213000015,0,0,0
213000016,0,0,0
213000017,0,0,0
213000018,2,147,-145
213000019,0,73,-73
213000020,28,100,-72
213000021,1,42,-41
213000023,0,3,-3
213000033,33,264,-231
213000034,0,0,0
213000035,0,0,0
213000045,28,51,-23
213000046,23,14,9
213000047,146,92,54
213000056,0,0,0
213000069,0,0,0
213000073,0,8,-8
213000074,24,235,-211
213000075,1,0,1
213000076,0,0,0
213000085,2,27,-25
213000086,2,153,-151
213000091,0,0,0
213000092,0,0,0
213000099,65,224,-159
213000100,1,0,1
213000101,3,38,-35
213000102,10,177,-167
213000103,58,198,-140
213000104,33,137,-104
213000105,1,25,-24
213000106,16,170,-154
213000107,47,392,-345
213000108,7,239,-232
213000109,0,105,-105
213000110,0,21,-21
213000111,2,9,-7
213000112,97,69,28
213000115,0,0,0
213000116,13,139,-126
213000117,2,204,-202
213000118,60,73,-13
213000119,35,431,-396
213000120,63,454,-391
213000122,102,311,-209
213000123,336,369,-33
213000124,32,454,-422
213000125,0,0,0
213000126,3,27,-24
213000127,20,59,-39
213000128,271,142,129
213000129,6,1,5
213000130,1,0,1
213000132,2,2,0
213000133,3,1,2
213000134,2,0,2
213000136,1,0,1
213000137,3,0,3
213000139,0,0,0
213000147,0,0,0
213000148,0,0,0
213000149,0,0,0
213000150,1,55,-54
213000151,0,39,-39
213000152,0,46,-46
213000153,0,20,-20
213000154,10,104,-94
213000155,17,199,-182
213000156,11,275,-264
213000157,281,306,-25
213000158,68,306,-238
213000159,1,3,-2
213000163,0,0,0
213000165,2,2,0
213000171,0,67,-67
213000172,0,139,-139
213000173,4,136,-132
213000174,0,110,-110
213000175,2,52,-50
213000176,0,0,0
213000177,0,0,0
213000178,0,0,0
213000179,0,0,0
213000180,0,0,0
213000184,17,109,-92
213000188,0,0,0
213000189,0,0,0
213000190,25,369,-344
213000191,8,283,-275
213000192,8,234,-226
213000193,1175,93,1082
213000194,0,20,-20
213000195,8,177,-169
213000196,31,411,-380
213000197,6,0,6
213000198,0,0,0
213000200,58,500,-442
213000201,31,19,12
213000202,1,480,-479
213000203,29,1,28
213000204,1,0,1
213000205,0,0,0
213000206,0,0,0
213000207,0,0,0
213000208,0,0,0
213000209,0,0,0
213000210,0,0,0
213000211,1,8,-7
213000212,0,7,-7
213000213,2,15,-13
213000218,33,329,-296
213000219,0,0,0
213000220,0,0,0
213000223,2,1,1
213000224,0,0,0
213000225,0,0,0
213000226,0,0,0
213000227,1,0,1
213000228,0,0,0
213000229,0,0,0
213000230,0,0,0
213000232,8,180,-172
213000233,1,7,-6
213000234,1,16,-15
213000293,2,27,-25
213000294,0,0,0
213000295,3,30,-27
213000296,0,0,0
213000297,10,40,-30
213000298,14,28,-14
213000299,0,0,0
213000300,0,0,0
213000303,7,18,-11
213000304,6,3,3
213000305,0,0,0
213000306,4,6,-2
213000307,0,0,0
213000308,24,119,-95
213000309,0,0,0
213000310,1,1,0
213000311,96,167,-71
213000315,28,70,-42
213000316,0,0,0
213000322,4,25,-21
213000323,0,0,0
213000324,5,23,-18
213000325,0,0,0
213000326,1,7,-6
213000327,0,0,0
213000328,3,20,-17
213000329,0,0,0
213000340,48,641,-593
213000341,3,2,1
213000346,0,0,0
213000347,0,0,0
213000348,0,29,-29
213000349,0,3,-3
213000350,58,593,-535
213000366,14,117,-103
213000367,2,0,2
213000379,12,37,-25
213000386,2,91,-89
213000406,21,213,-192
213000417,45,9,36
213000425,0,0,0
213000426,0,0,0
213000427,3,68,-65
213000428,0,58,-58
213000429,0,0,0
213000430,0,76,-76
213000431,21,0,21
213000432,0,2,-2
213000433,4,18,-14
213000434,0,0,0
213000435,0,0,0
213000436,0,0,0
213000437,0,0,0
213000438,0,0,0
213000439,0,1,-1
213000440,0,41,-41
213000441,0,0,0
213000442,0,7,-7
213000443,0,30,-30
213000444,12,26,-14
213000445,1,7,-6
213000446,0,1,-1
213000447,0,2,-2
213000448,0,0,0
213000449,0,0,0
213000450,0,0,0
213000451,0,0,0
213000452,0,0,0
213000453,7,115,-108
213000455,0,0,0
213000456,0,29,-29
213000481,0,0,0
213000482,0,0,0
213000489,0,0,0
213000491,0,29,-29
213000492,0,1,-1
213000493,1,13,-12
213000494,0,0,0
213000495,0,58,-58
213000496,0,5,-5
213000497,10,146,-136
213000498,28,81,-53
213000499,13,228,-215
213000500,0,0,0
213000501,0,0,0
213000502,0,0,0
213000503,0,28,-28
213000504,2,91,-89
213000505,0,3,-3
213000506,0,5,-5
213000507,0,140,-140
213900016,0,7,-7
213900244,0,0,0
213900245,0,20,-20
218000003,2,13,-11
218000004,6,11,-5
218000005,0,0,0
218000006,7,51,-44
218000007,2,12,-10
218000012,186,20,166
218000013,31,148,-117
218000014,302,223,79
218000019,779,303,476
218000020,284,242,42
218000021,26,119,-93
218000022,6,52,-46
218000023,2,47,-45
218000024,0,36,-36
218000025,3,72,-69
218000026,12,94,-82
218000027,1,39,-38
218000028,2,8,-6
218000029,1,7,-6
218000030,25,65,-40
218000031,0,62,-62
218000032,1,45,-44
218000040,2,6,-4
218000046,16,90,-74
218000047,2,128,-126
218000048,5,186,-181
218000049,29,115,-86
218000050,122,213,-91
218000051,25,249,-224
218000052,0,34,-34
218000053,2,5,-3
218000054,0,13,-13
218000055,3,10,-7
218000056,9,11,-2
218000057,1,20,-19
218000064,0,0,0
218000065,1,0,1
218000066,0,0,0
218000067,8,71,-63
218000068,21,93,-72
218000069,35,259,-224
218000070,48,291,-243
218000071,133,160,-27
218000072,474,194,280
218000078,275,729,-454
218000079,22,74,-52
218000080,61,83,-22
218000081,135,158,-23
218000082,9,69,-60
218000083,9,45,-36
218000084,68,160,-92
218000085,137,429,-292
218000086,32,130,-98
218000087,91,142,-51
218000090,10,56,-46
218000091,244,184,60
218000092,56,172,-116
218000093,85,98,-13
218000094,247,565,-318
218000099,243,254,-11
218000100,129,162,-33
218000101,45,101,-56
218000102,95,149,-54
218000103,33,107,-74
218000104,14,46,-32
218000105,7,10,-3
218000106,3,8,-5
218000107,21,154,-133
218000108,1,89,-88
218000112,25,12,13
218000117,0,0,0
218000134,207,413,-206
218000135,5,40,-35
218000136,93,32,61
218000137,39,118,-79
218000138,3,47,-44
218000139,49,171,-122
218000140,63,117,-54
218000141,8,14,-6
218000142,59,147,-88
218000143,11,110,-99
218000144,4,27,-23
218000145,74,216,-142
218000146,48,93,-45
218000151,9,20,-11
218000152,28,71,-43
218000153,1,25,-24
218000154,3,4,-1
218000155,14,4,10
218000156,103,63,40
218000157,13,49,-36
218000158,2,16,-14
218000159,22,11,11
218000160,6,6,0
218000161,29,16,13
218000162,51,34,17
218000163,8,2,6
218000164,71,20,51
218000165,101,71,30
218000170,0,24,-24
218000171,14,6,8
218000172,3,8,-5
218000173,1,12,-11
218000174,5,4,1
218000176,35,8,27
218000177,186,39,147
218000178,62,30,32
218000179,52,11,41
218000180,55,4,51
218000181,50,3,47
218000187,1,10,-9
218000188,4,15,-11
218000189,6,29,-23
218000190,2,16,-14
218000191,49,65,-16
218000192,93,358,-265
218000193,413,346,67
218000194,25,414,-389
218000195,103,86,17
218000196,138,198,-60
218000197,84,203,-119
218000198,2,102,-100
218000199,27,24,3
218000200,4,27,-23
218000201,0,4,-4
218000202,106,39,67
218000207,1,47,-46
218000208,14,28,-14
218000211,6,33,-27
218000212,0,3,-3
218000213,69,44,25
218000214,1,13,-12
218000215,17,111,-94
218000217,4,72,-68
218000218,264,66,198
218000219,1,3,-2
218000220,53,133,-80
218000221,64,91,-27
218000222,17,23,-6
218000223,132,125,7
218000224,2,58,-56
218000225,182,34,148
218000226,64,61,3
218000230,0,0,0
218000232,33,33,0
218000239,0,0,0
218000240,0,0,0
218000241,0,0,0
218000242,0,0,0
218000243,0,0,0
218000244,0,0,0
218000245,0,0,0
218000246,0,0,0
218000247,0,0,0
218000248,1,18,-17
218000249,0,1,-1
218000250,2,20,-18
218000251,0,11,-11
218000252,1,17,-16
218000253,0,5,-5
218000254,0,2,-2
218000255,1,1,0
218000256,1,19,-18
218000267,414,470,-56
218000268,3,42,-39
218000269,1,13,-12
218000270,23,81,-58
218000271,61,126,-65
218000273,0,0,0
218000274,0,0,0
218000275,18,19,-1
218000276,14,94,-80
218000278,17,30,-13
218000279,28,71,-43
218000280,1,19,-18
218000281,0,14,-14
218000282,54,36,18
218000284,0,0,0
218000301,13,92,-79
218000302,33,21,12
218000303,10,39,-29
218000316,436,335,101
218000317,266,442,-176
218000318,116,404,-288
218000319,340,944,-604
218000320,259,468,-209
218000338,0,15,-15
218000345,27,54,-27
218000346,0,0,0
218000459,81,244,-163
218000490,4,26,-22
218000501,0,0,0
218000502,8,100,-92
218000503,7,1,6
218000504,13,1,12
218000505,13,134,-121
218000506,47,81,-34
218000508,0,5,-5
218000510,53,5,48
218000520,72,55,17
218000521,0,11,-11
218000522,0,47,-47
218000523,2,0,2
218000524,14,24,-10
218000525,6,11,-5
218000526,7,23,-16
218000529,0,30,-30
218000530,11,13,-2
218000531,0,0,0
218000532,6,28,-22
218000534,0,0,0
218000537,0,0,0
218000538,46,58,-12
218000540,343,174,169
218000543,72,26,46
218000544,32,158,-126
218000545,16,41,-25
218000546,14,84,-70
218000547,22,37,-15
218000548,32,147,-115
218000549,74,53,21
218000550,136,394,-258
218000551,132,140,-8
218000552,50,16,34
218000553,6,24,-18
218000554,11,8,3
218000555,1,17,-16
218000556,58,312,-254
218000557,91,72,19
218000558,0,1,-1
218000559,0,3,-3
218000560,0,2,-2
218000561,0,0,0
218000562,15,83,-68
218000563,27,13,14
218000564,2,42,-40
218000565,3,19,-16
218000566,12,8,4
218000567,1,11,-10
218000568,0,0,0
218000569,3,8,-5
218000570,3,2,1
218000571,0,18,-18
218000572,0,0,0
218000573,1,11,-10
218000574,0,9,-9
218000575,0,0,0
218000576,0,6,-6
218000577,0,0,0
218000578,0,9,-9
218000579,15,1,14
218000581,2,53,-51
218000582,3,0,3
218000583,3,0,3
218000584,0,18,-18
218000585,3,2,1
218000586,1,33,-32
218000587,0,0,0
218000588,0,0,0
218000589,0,2,-2
218000590,0,0,0
218000591,0,12,-12
218000592,0,0,0
218000593,0,0,0
218000594,0,0,0
218000595,0,0,0
218000596,0,0,0
218000597,0,0,0
218000598,0,0,0
218000599,0,0,0
218000600,0,0,0
218000601,0,0,0
218000602,1,1,0
218000603,0,0,0
218000604,1,0,1
218000605,0,12,-12
218000606,0,0,0
218000607,3,10,-7
218000608,1,3,-2
218000609,1,10,-9
218000610,0,0,0
218000611,0,0,0
218000612,0,10,-10
218000613,1,0,1
218000614,0,25,-25
218000615,6,0,6
218000616,0,85,-85
218000617,0,0,0
218000618,0,7,-7
218000619,6,0,6
218000620,0,13,-13
218000621,0,0,0
218000622,0,0,0
218000623,0,0,0
218000624,0,1,-1
218000625,0,0,0
218000626,0,3,-3
218000628,9,7,2
218000631,0,0,0
218000632,0,26,-26
218000633,0,0,0
218000634,2,8,-6
218000635,0,5,-5
218000636,335,755,-420
218000637,224,231,-7
218000638,0,0,0
218000639,7,291,-284
218000640,0,0,0
218000641,9,275,-266
218000652,73,98,-25
218000653,177,109,68
218000663,0,16,-16
218000675,4,10,-6
218000676,1,41,-40
218000677,10,21,-11
218000680,12,82,-70
218000681,0,0,0
218000691,17,105,-88
218000693,0,0,0
218000703,8,90,-82
218000718,65,111,-46
218000719,13,8,5
218000720,3,10,-7
218000721,6,5,1
218000725,7,14,-7
218001214,14,27,-13
218001258,0,0,0
218001329,0,0,0
218001330,18,14,4
218001351,0,0,0
218001352,0,1,-1
218001353,0,0,0
218001354,1,1,0
218001356,0,0,0
218001358,0,0,0
218001361,0,0,0
219000001,13,45,-32
219000002,31,69,-38
219000003,194,32,162
219000004,158,68,90
219000017,27,19,8
219000020,26,7,19
219000022,15,1,14
219000023,16,1,15
219000029,0,44,-44
219000034,0,0,0
219000039,29,52,-23
219000040,8,25,-17
219000041,57,39,18
219000051,1,124,-123
219000052,0,32,-32
219000053,0,163,-163
219000054,24,153,-129
219000055,19,0,19
219000056,3,0,3
219000057,20,0,20
219000062,5,128,-123
219000063,15,25,-10
219000064,3,19,-16
219000110,33,10,23
219000111,36,20,16
219000112,33,17,16
219000113,45,10,35
219000114,82,3,79
219000116,44,54,-10
219000117,142,103,39
219000118,49,131,-82
219000123,154,39,115
219000124,21,37,-16
219000125,5,19,-14
219000126,33,55,-22
219000127,0,12,-12
219000128,22,114,-92
219000129,21,155,-134
219000130,1510,647,863
219000131,1369,1247,122
219000133,20,87,-67
219000134,15,46,-31
219000135,148,107,41
219000136,267,203,64
219000138,7,23,-16
219000139,4,32,-28
219000140,0,0,0
219000141,2,67,-65
219000142,1,68,-67
219000143,10,50,-40
219000145,0,12,-12
219000146,13,53,-40
219000147,1,45,-44
219000148,1,53,-52
219000149,27,157,-130
219000150,1,104,-103
219000151,4,120,-116
219000157,83,78,5
219000158,75,189,-114
219000161,123,48,75
219000163,757,169,588
219000166,45,103,-58
219000167,44,183,-139
219000168,120,16,104
219000174,0,0,0
219000175,0,0,0
219000176,1,0,1
219000177,0,0,0
219000178,0,0,0
219000179,0,0,0
219000180,4,17,-13
219000182,0,0,0
219000183,0,25,-25
219000184,0,0,0
219000185,1,96,-95
219000186,0,23,-23
219000187,4,96,-92
219000189,125,123,2
219000190,132,179,-47
219000191,1089,509,580
219000192,179,393,-214
219000193,442,226,216
219000195,1,38,-37
219000196,4,99,-95
219000198,22,112,-90
219000199,48,105,-57
219000200,32,124,-92
219000201,44,137,-93
219000203,5,86,-81
219000204,22,114,-92
219000205,19,159,-140
219000207,68,133,-65
219000209,19,58,-39
219000210,14,73,-59
219000213,13,132,-119
219000239,42,69,-27
219000240,34,161,-127
219000241,15,114,-99
219000242,25,95,-70
219000243,26,176,-150
219000244,3,48,-45
219000245,8,25,-17
219000246,0,0,0
219000247,0,0,0
219000248,0,0,0
219000249,0,0,0
219000250,0,0,0
219000251,0,0,0
219000252,0,0,0
219000253,0,0,0
219000255,0,0,0
219000256,0,0,0
219000257,0,0,0
219000262,30,249,-219
219000263,33,134,-101
219000267,1,107,-106
219000268,10,14,-4
219000269,0,0,0
219000270,0,0,0
219000271,96,3,93
219000278,1,5,-4
219000279,0,6,-6
219000283,0,4,-4
219000295,13,88,-75
219000296,43,312,-269
219000297,7,147,-140
219000298,5,191,-186
219000299,0,0,0
219000300,13,285,-272
219000301,76,226,-150
219000302,11,136,-125
219000307,15,73,-58
219000308,49,50,-1
219000311,0,0,0
219000312,0,0,0
219000313,0,0,0
219000314,85,444,-359
219000315,0,0,0
219000316,0,0,0
219000317,0,0,0
219000320,0,24,-24
219000321,0,9,-9
219000323,5,30,-25
219000325,1,47,-46
219000326,38,142,-104
219000327,27,18,9
219000328,26,26,0
219000329,318,177,141
219000330,14,45,-31
219000331,26,35,-9
219000332,0,0,0
219000333,0,0,0
219000335,0,0,0
219000337,0,0,0
219000338,0,0,0
219000344,27,73,-46
219000345,72,128,-56
219000346,33,119,-86
219000348,55,99,-44
219000349,16,159,-143
219000350,8,70,-62
219000351,0,5,-5
219000352,67,53,14
219000353,42,70,-28
219000354,80,139,-59
219000355,42,12,30
219000356,841,424,417
219000363,298,77,221
219000364,106,50,56
219000365,87,9,78
219000366,450,137,313
219000368,197,66,131
219000370,315,156,159
219000371,6,11,-5
219000382,7,20,-13
219000383,549,442,107
219000385,515,277,238
219000386,549,738,-189
219000387,0,9,-9
219000390,0,0,0
219000391,0,0,0
219000397,38,82,-44
219000398,57,41,16
219000401,4,34,-30
219000402,4,27,-23
219000403,19,38,-19
219000404,4,11,-7
219000407,2,13,-11
219000409,0,0,0
219000410,0,0,0
219000411,0,0,0
219000446,176,312,-136
219000447,1,19,-18
219000448,0,0,0
219000452,0,0,0
219000453,32,57,-25
219000454,130,92,38
219000556,0,0,0
219000558,39,172,-133
219000590,5,81,-76
219000591,0,0,0
219000592,55,362,-307
219000595,0,24,-24
219000635,0,0,0
219000636,9,97,-88
219000657,9,12,-3
219000658,4,34,-30
219000673,0,22,-22
219000676,0,1,-1
219000679,12,30,-18
219000684,19,0,19
219000685,0,71,-71
219000686,1,0,1
219000688,0,190,-190
219000689,98,96,2
219000690,0,0,0
219000691,25,24,1
219000692,3,16,-13
219000693,0,14,-14
219000694,0,0,0
219000695,0,0,0
219000698,0,0,0
219000699,0,15,-15
219000727,3,143,-140
219000728,29,2,27
219000770,0,0,0
219000771,0,16,-16
219000788,102,98,4
219001150,6,3,3
219001151,0,2,-2
219001166,0,0,0
219001167,2,33,-31
219001178,22,5,17
220000001,6,15,-9
220000002,11,91,-80
220000003,174,191,-17
220000004,252,352,-100
220000005,848,801,47
220000006,91,425,-334
220000007,204,540,-336
220000008,122,716,-594
220000009,202,312,-110
220000010,12,37,-25
220000011,137,125,12
220000012,7,22,-15
220000014,1,34,-33
220000015,0,0,0
220000017,6,87,-81
220000018,904,120,784
220000019,18,78,-60
220000020,62,175,-113
220000021,174,91,83
220000022,207,377,-170
220000023,95,102,-7
220000024,796,245,551
220000025,410,295,115
220000026,170,73,97
220000027,5,32,-27
220000028,11,22,-11
220000029,37,78,-41
220000030,19,56,-37
220000031,39,124,-85
220000064,0,0,0
221000046,0,0,0
221000047,0,0,0
221000048,0,0,0
221000049,0,4,-4
221000050,0,0,0
221000055,29,36,-7
221000057,22,2,20
221000068,96,31,65
221000069,48,12,36
221000070,49,2,47
221000071,3,2,1
221000072,48,6,42
221000073,11,31,-20
221000074,1,6,-5
221000075,3,17,-14
221000076,9,53,-44
221000077,12,119,-107
221000081,8,1,7
221000082,9,1,8
221000083,4,1,3
221000084,1,0,1
221000085,17,76,-59
221000086,27,137,-110
221000087,3,117,-114
221000088,22,93,-71
221000089,30,129,-99
221000090,279,218,61
221000098,7,1,6
221000099,28,2,26
221000100,2,7,-5
221000101,50,12,38
221000102,34,1,33
221000109,1,103,-102
221000110,4,140,-136
221000111,15,117,-102
221000112,3,108,-105
221000113,16,199,-183
221000114,16,189,-173
221000120,0,6,-6
221000121,0,0,0
221000122,0,0,0
221000123,2,7,-5
221000124,1,87,-86
221000155,0,0,0
221000156,0,0,0
221000175,0,0,0
221000176,0,1,-1
221000182,31,2,29
221000241,338,64,274
221000242,386,229,157
221000243,107,47,60
221000244,92,206,-114
221000245,24,54,-30
221000246,17,131,-114
221000247,5,91,-86
221000248,23,99,-76
221000267,6,180,-174
221000325,3,7,-4
221000331,0,10,-10
221000338,0,0,0
221000378,0,0,0
221000381,3,28,-25
222000282,0,0,0
222000296,0,3,-3
222000568,0,0,0
222000569,0,0,0
222000570,0,0,0
222000571,0,0,0
222000577,0,64,-64
222000578,0,25,-25
222000579,9,21,-12
222000580,19,149,-130
222000599,0,20,-20
222000600,0,32,-32
222000601,0,63,-63
222000603,3,1,2
222000604,0,1,-1
222000605,0,0,0
222000606,0,1,-1
222000607,0,0,0
222000608,0,1,-1
222000609,0,12,-12
222000616,0,0,0
222000617,0,0,0
222000618,0,0,0
222000620,0,0,0
222000621,0,0,0
222000623,0,0,0
222000624,0,0,0
222000625,0,8,-8
222000636,0,0,0
222000686,0,0,0
222000687,0,0,0
222001066,0,0,0
222001067,0,0,0
222001068,0,0,0
222001069,0,0,0
222001082,1,16,-15
222001083,2,21,-19
222001084,0,4,-4
222001085,0,41,-41
222001111,0,50,-50
222001112,0,0,0
222001313,0,0,0
222001314,0,4,-4
222001464,0,0,0
222001465,0,0,0
222001484,0,0,0
222001485,0,2,-2
222001494,0,0,0
222001495,0,0,0
222001496,0,0,0
222001497,0,0,0
222001502,21,111,-90
222001503,0,0,0
222001504,11,177,-166
222001505,1,0,1
222001506,7,161,-154
222001507,0,0,0
222001510,1,0,1
222001511,10,206,-196
222001514,0,1,-1
222001515,58,361,-303
222001518,0,0,0
222001519,14,202,-188
222001527,0,0,0
222001528,29,108,-79
222001529,1,0,1
222001530,9,117,-108
222001533,104,382,-278
222001534,2,0,2
222001535,0,0,0
222001536,0,0,0
222001537,1,0,1
222001538,26,200,-174
222001563,0,0,0
222001564,18,484,-466
222001568,2,27,-25
222001576,0,0,0
222001579,1,1,0
222001583,0,9,-9
222001584,0,0,0
222001596,31,487,-456
222001597,0,1,-1
222001626,0,29,-29
222001650,1,27,-26
222001651,0,0,0
222001914,0,0,0
222001915,12,103,-91
222001968,0,0,0
222001969,0,0,0
222001970,1,0,1
222001971,0,0,0
222001972,0,11,-11
225000001,21,1,20
225000002,16,4,12
225000003,19,0,19
225000004,21,23,-2
225000005,1,1,0
225000006,0,74,-74
225000007,2126,410,1716
225000010,65,1,64
225000011,0,0,0
225000012,0,0,0
225000013,0,0,0
225000014,0,0,0
225000015,33,124,-91
225000021,0,0,0
225000027,74,290,-216
225000032,0,0,0
225000042,23,458,-435
225000049,31,35,-4
225000050,21,1,20
225000053,4,78,-74
225000058,0,0,0
225000067,50,212,-162
225000068,29,371,-342
225000069,59,314,-255
225000070,30,355,-325
225000071,6,207,-201
225000075,19,393,-374
225000076,30,62,-32
225000078,0,0,0
225000085,0,0,0
225000086,0,0,0
225000087,0,0,0
225000088,2,86,-84
225000089,575,301,274
225000090,8,192,-184
225000091,21,132,-111
225000092,13,52,-39
225000093,43,351,-308
225000094,13,351,-338
225000095,144,481,-337
225000096,51,247,-196
225000098,25,12,13
225000099,16,11,5
225000100,13,3,10
225000104,17,223,-206
225000110,8,260,-252
225000111,58,601,-543
225000112,44,551,-507
225000113,39,317,-278
225000114,30,153,-123
225000115,1628,230,1398
225000116,0,0,0
225000117,0,0,0
225000118,0,0,0
225000119,0,0,0
225000120,0,0,0
225000121,0,0,0
225000123,0,0,0
225000125,17,24,-7
225000126,173,8,165
225000127,283,22,261
225000128,22,20,2
225000132,71,23,48
225000133,58,18,40
225000134,150,29,121
225000135,29,5,24
225000136,46,5,41
225000137,22,18,4
225000138,108,16,92
225000143,46,82,-36
225000144,0,186,-186
225000145,0,0,0
225000146,9,72,-63
225000147,10,220,-210
225000148,2,115,-113
225000149,53,196,-143
225000151,32,77,-45
225000155,101,144,-43
225000156,45,241,-196
225000157,31,179,-148
225000158,10,260,-250
225000171,2,94,-92
225000180,20,1,19
225000181,1,19,-18
225000182,0,0,0
225000185,3,177,-174
225000187,28,214,-186
225000191,0,1,-1
225000194,0,16,-16
225000208,0,28,-28
225000209,0,0,0
225000210,1,57,-56
225000217,1,10,-9
225000218,0,0,0
225000223,0,34,-34
225000224,0,0,0
225000225,2,7,-5
225000226,0,0,0
225000227,49,28,21
225000228,0,0,0
225000229,1,40,-39
225000230,0,0,0
225000231,0,88,-88
225000232,0,0,0
225000241,0,0,0
225000242,0,50,-50
225000249,8,1,7
225000250,24,384,-360
225000251,121,18,103
225000254,0,0,0
225000256,0,0,0
225000257,0,0,0
226000042,109,184,-75
226000043,14,138,-124
226000044,48,476,-428
226000045,31,331,-300
226000046,66,29,37
226000047,63,16,47
226000048,99,33,66
226000049,64,27,37
226000070,1,48,-47
226000071,1,30,-29
226000072,0,4,-4
226000073,0,6,-6
226000074,0,11,-11
226000084,1,24,-23
226000085,3,3,0
226000086,3,2,1
226000087,0,2,-2
226000088,2,12,-10
226000090,4,1,3
226000091,2,0,2
226000092,0,0,0
226000093,0,0,0
226000094,3,1,2
226000095,1,1,0
226000105,0,0,0
226000106,1,0,1
226000107,1,0,1
226000108,0,0,0
226000109,9,1,8
226000124,65,14,51
226000134,173,143,30
226000135,348,200,148
226000136,56,95,-39
226000137,9,241,-232
226000138,2,161,-159
226000139,0,13,-13
226000156,9,0,9
226000157,35,0,35
226000163,11,31,-20
226000202,0,213,-213
226000231,18,0,18
226000232,0,0,0
227000033,0,0,0
227000036,0,0,0
227000037,0,0,0
227000038,0,0,0
227000084,0,18,-18
227000085,0,21,-21
227000088,0,0,0
227000089,0,0,0
227000090,0,0,0
227000091,0,0,0
227000092,0,0,0
227000093,0,0,0
227000094,0,0,0
227000130,8,53,-45
227000131,5,208,-203
227000132,1,171,-170
227000133,4,190,-186
227000134,6,284,-278
227000152,1,0,1
227000153,1,23,-22
227000154,0,23,-23
227000155,0,9,-9
227000156,0,11,-11
227000165,0,22,-22
227000196,26,138,-112
227000199,14,308,-294
227000230,31,273,-242
227000232,0,0,0
227000242,46,303,-257
227000243,0,0,0
227000245,35,312,-277
227000246,55,365,-310
227000247,0,0,0
227000248,0,0,0
227000249,23,251,-228
227000250,4,1,3
227000251,81,248,-167
227000252,14,385,-371
227000253,0,0,0
227000262,0,0,0
227000266,0,0,0
227000267,30,1125,-1095
227000282,36,108,-72
227000284,0,0,0
227000286,29,45,-16
227000287,21,82,-61
227000291,39,320,-281
227000296,0,0,0
227000484,0,0,0
227000485,24,484,-460
227000655,0,0,0
227000656,0,0,0
227000657,0,0,0
227000661,0,0,0
229000265,1,23,-22
229000296,1,3,-2
229000297,6,10,-4
229000298,10,32,-22
229000320,0,1,-1
229000321,0,1,-1
229000412,1,19,-18
229000414,0,33,-33
229000415,0,0,0
229000416,0,0,0
229000417,0,2,-2
229000419,24,107,-83
229000440,33,9,24
229000442,0,0,0
229000443,0,0,0
229000444,0,14,-14
229000445,3,0,3
229000446,1,3,-2
229000491,4,40,-36
229000492,8,101,-93
229000493,4,89,-85
229000494,33,30,3
229000495,149,134,15
229000496,12,113,-101
229000507,0,23,-23
229000508,6,32,-26
229000509,0,41,-41
229000510,1,43,-42
229000511,6,40,-34
229000512,0,33,-33
229000513,0,5,-5
229000514,0,3,-3
229000517,3,4,-1
229000518,1,34,-33
229000519,1,13,-12
229000520,2,37,-35
229000521,43,56,-13
229000522,2,31,-29
229000523,13,25,-12
229000524,8,24,-16
229000527,3,11,-8
229000528,1,3,-2
229000529,10,2,8
229000530,66,47,19
229000531,18,34,-16
229000532,30,17,13
229000533,214,75,139
229000534,97,43,54
229000564,86,22,64
229000565,21,17,4
229000566,0,32,-32
229000567,0,104,-104
229000582,245,19,226
229000583,3,17,-14
229000584,0,50,-50
229000585,11,60,-49
229000718,0,0,0
229000719,0,0,0
229000720,0,18,-18
229000721,0,12,-12
229000722,0,41,-41
229000723,0,13,-13
229000724,0,2,-2
229000725,0,16,-16
229000738,11,7,4
229000739,0,0,0
229000740,6,0,6
229000741,50,2,48
229000742,22,3,19
229000743,59,1,58
229000744,30,2,28
229000745,4,0,4
229000746,85,1,84
229000847,32,1,31
229000848,37,2,35
229000849,324,7,317
229000851,19,1,18
229000854,1,29,-28
229000856,2,75,-73
229000857,0,18,-18
229000858,0,67,-67
229000919,3,56,-53
229000930,0,93,-93
229000937,254,45,209
229000966,103,31,72
229000981,14,44,-30
229000985,5,12,-7
229000986,0,1,-1
229000987,0,0,0
229000988,0,3,-3
229000989,1,0,1
229000990,0,0,0
229000991,0,1,-1
229000992,1,1,0
229000993,27,1,26
229000998,9,10,-1
229000999,3,3,0
229001034,1,3,-2
229001035,0,3,-3
229001037,10,8,2
229001042,0,0,0
229001047,2,15,-13
229001050,5,19,-14
229001168,0,11,-11
229001200,0,0,0
229001338,1,14,-13
229001394,248,4,244
229001422,338,37,301
229001423,23,123,-100
229001431,185,45,140
229001432,23,44,-21
229001444,10,5,5
229001445,3,106,-103
229001479,7,18,-11
229001503,249,98,151
229001504,41,101,-60
229001505,334,59,275
229001506,28,109,-81
229001509,8,29,-21
229001545,97,19,78
229001546,5,56,-51
229001553,77,16,61
229001554,4,99,-95
229001630,7,6,1
229001631,1,16,-15
229001635,0,1,-1
229001636,0,0,0
229001658,0,46,-46
229001659,195,10,185
229001660,0,0,0
229001661,0,4,-4
229001662,24,0,24
229001663,0,10,-10
229002584,13,16,-3
229002831,33,43,-10
229002841,0,12,-12
229002842,2,1,1
229002843,1,1,0
229002844,3,32,-29
229002845,1,31,-30
229002846,0,5,-5
229002847,0,2,-2
229002848,0,0,0
229002849,0,20,-20
229002850,2,1,1
229002851,2,27,-25
229002852,2,7,-5
229002853,3,0,3
229002854,2,27,-25
229002855,1,24,-23
229002856,2,1,1
229002857,9,17,-8
229002858,1,0,1
229002859,1,5,-4
229002860,2,0,2
229002861,1,2,-1
229002862,0,6,-6
229002863,12,6,6
229002864,0,3,-3
229002865,0,1,-1
229002866,0,2,-2
229002867,0,6,-6
229002868,0,2,-2
229002869,1,33,-32
229002870,1,1,0
235000066,0,0,0
235000067,0,0,0
235000072,23,67,-44
235000073,36,226,-190
235000074,18,77,-59
235000080,8,38,-30
235000081,29,97,-68
235000082,0,0,0
235000083,0,0,0
235000084,0,0,0
235000085,0,0,0
235000089,0,0,0
235000092,11,146,-135
235000093,3,3,0
235000097,0,0,0
235000098,0,0,0
235000099,0,0,0
235000116,0,0,0
235000117,0,0,0
235000133,9,129,-120
235000134,3,64,-61
235000206,0,0,0
235000207,0,0,0
235000208,0,0,0
235000209,0,0,0
235000210,0,0,0
235000212,3,10,-7
235000213,6,5,1
235000220,0,7,-7
235000221,4,3,1
235000238,0,0,0
235000239,0,1,-1
235000242,46,6,40
235000245,511,204,307
235000246,1,76,-75
235000284,0,56,-56
235000295,0,0,0
235000305,0,0,0
235000306,0,0,0
235000307,0,0,0
235000308,0,0,0
235000309,0,0,0
235000310,0,0,0
235000311,0,3,-3
235000322,0,7,-7
235000323,0,17,-17
235000324,0,2,-2
235000325,0,5,-5
235000326,0,121,-121
235000351,2,19,-17
235000352,0,25,-25
235000353,1,23,-22
235000354,0,25,-25
235000355,0,62,-62
235000356,0,0,0
235000357,0,0,0
235000358,0,0,0
235000359,0,0,0
235000360,0,0,0
235000361,0,0,0
235000381,29,152,-123
235000382,0,0,0
235000390,0,0,0
235000391,0,0,0
235000392,0,0,0
235000393,0,0,0
235000395,0,0,0
235000396,0,0,0
235000400,0,0,0
235000401,4,92,-88
235000405,49,254,-205
235000406,15,156,-141
235000407,45,107,-62
235000409,112,124,-12
235000410,25,132,-107
235000411,0,53,-53
235000485,0,16,-16
235000486,0,0,0
235000549,0,0,0
235000550,66,136,-70
235000599,60,111,-51
235000600,6,7,-1
235000601,0,0,0
235000602,0,0,0
235000614,0,0,0
235000648,0,60,-60
235000649,0,0,0
235000685,2,5,-3
235000815,3,28,-25
235000834,0,3,-3
235000855,0,0,0
235000862,9,108,-99
235000891,0,5,-5
235000892,0,0,0
235000901,77,117,-40
235000907,4,6,-2
235001010,0,0,0
235001029,422,259,163
235001030,0,0,0
235001078,0,0,0
235001079,18,62,-44
235001147,0,0,0
235001166,0,0,0
235001167,8,49,-41
235001169,4,135,-131
235001188,1,3,-2
235001189,0,0,0
235001197,4,5,-1
235001200,14,46,-32
235001207,0,0,0
235001210,5,79,-74
235001215,19,48,-29
235001239,0,47,-47
235001244,0,0,0
235016267,0,8,-8
277101746,0,35,-35
277102712,0,0,0
277103813,1,0,1
277103814,0,0,0
277103898,0,3,-3
277104249,0,4,-4
277104250,0,0,0
277104251,0,3,-3
277104252,0,0,0
990011530,0,178,-178
990014944,1,308,-307
990015176,0,0,0
990015618,1,57,-56
990016032,0,144,-144
990032570,3,55,-52
990070001,0,0,0
990070103,0,4,-4
990070601,0,21,-21
990070751,0,2,-2
990070766,0,192,-192
990071180,2,77,-75
990071343,0,0,0
990071387,0,1,-1
990071823,1,4,-3
990072600,0,370,-370
990072964,1,273,-272
990073285,0,1,-1
990074393,0,300,-300
990074870,1,3,-2
990075106,0,0,0
990075746,0,1,-1
990076437,0,0,0
990076458,1,547,-546
997000007,0,0,0
997000041,0,81,-81
997000058,0,0,0
997000062,0,0,0
997000069,0,0,0
997000070,0,42,-42
997000100,0,0,0
997000141,0,11,-11
997000198,0,5,-5
998000475,0,7,-7
998000736,0,78,-78
998000965,0,0,0
998001031,0,30,-30
998001700,0,20,-20
998001899,1,6,-5
998001900,20,0,20
998003073,0,0,0
998101900,0,0,0
998102850,0,3,-3
998501927,2,220,-218
998501929,11,3,8
998501930,14,0,14
998501931,11,5,6
998501932,27,0,27
998501933,1,2,-1
998501937,0,3,-3
998501944,0,0,0
998501970,7,9,-2
998501971,1,86,-85
998501973,0,25,-25
998501974,0,118,-118
998501975,0,0,0
998501976,0,0,0
998501977,0,11,-11
998501978,0,0,0
998501979,0,17,-17
998501980,0,0,0
998501981,0,0,0
998501982,1,112,-111
998502006,0,0,0
998502024,0,2,-2
998502032,0,0,0
998502062,0,0,0
998502063,0,0,0
998502173,0,0,0
998502269,0,3,-3
998601159,0,65,-65
998601292,0,3,-3
999033574,3,412,-409
999800001,5,10,-5
999800002,0,0,0
999800003,0,2,-2
999800004,0,15,-15
999800005,0,16,-16
