ID,insum,outsum,diff
100000001,1172,733,439
100000002,7884,14492,-6608
100000003,7039,11787,-4748
100000004,452,1724,-1272
100000005,4962,7867,-2905
100000006,1016,1285,-269
100000007,4424,1121,3303
100000008,160,2179,-2019
100000009,620,1076,-456
100000010,78,2415,-2337
100000011,745,367,378
100000012,35,574,-539
100000013,15,935,-920
100000014,596,1667,-1071
100000015,1915,3070,-1155
100000016,639,3898,-3259
100000017,569,5477,-4908
100000018,1362,1072,290
100000019,5551,5854,-303
100000020,2557,10505,-7948
100000021,12814,2491,10323
100000022,1372,9547,-8175
100000023,9637,4721,4916
100000025,715,3761,-3046
100000028,672,5298,-4626
100000029,82,1592,-1510
100000030,55,55,0
100000031,3223,13628,-10405
100000032,4428,10596,-6168
100000033,1937,7789,-5852
100000034,333,3310,-2977
100000035,1108,3082,-1974
100000036,1223,3483,-2260
100000037,1347,963,384
100000038,4333,2151,2182
100000039,248,1705,-1457
100000040,878,360,518
100000041,2801,951,1850
100000042,2006,727,1279
100000043,1085,257,828
100000044,419,596,-177
100000045,643,1342,-699
100000046,841,1273,-432
100000047,260,929,-669
100000048,315,1206,-891
100000049,2828,2949,-121
100000051,961,620,341
100000053,170,32,138
100000054,512,76,436
100000055,811,286,525
100000056,595,1089,-494
100000057,2959,1165,1794
100000058,1584,798,786
100000059,99,891,-792
100000060,1315,975,340
100000061,3289,1424,1865
100000062,2595,1379,1216
100000063,1749,664,1085
100000064,2675,1013,1662
100000065,515,1104,-589
100000066,361,795,-434
100000067,331,944,-613
100000068,594,3083,-2489
100000069,489,1591,-1102
100000072,189,612,-423
100000073,1857,1455,402
100000075,1614,362,1252
100000076,2602,9548,-6946
100000077,283,1141,-858
100000078,22,72,-50
100000079,37,60,-23
100000080,20,66,-46
100000081,32,241,-209
100000102,4890,14118,-9228
100000103,3164,4055,-891
100000104,10498,3858,6640
100000105,1432,5437,-4005
100000106,1274,7728,-6454
100000107,134,2439,-2305
100000108,550,2779,-2229
100000109,848,3754,-2906
100000116,343,1192,-849
100000117,98,266,-168
100000118,572,2095,-1523
100000119,1388,1631,-243
100000121,369,1160,-791
100000122,865,8070,-7205
100000123,2168,4420,-2252
100000124,3411,4045,-634
100000125,16103,3777,12326
100000126,714,3123,-2409
100000127,1957,2957,-1000
100000128,548,6718,-6170
100000129,531,1613,-1082
100000130,1256,442,814
100000131,1424,2775,-1351
100000132,1971,2617,-646
100000133,2365,1665,700
100000135,1212,1746,-534
100000139,159,772,-613
100000140,150,282,-132
100000142,699,1006,-307
100000143,3362,600,2762
100000144,4019,752,3267
100000147,2846,7314,-4468
100000150,151,1180,-1029
100000151,565,3805,-3240
100000153,84,1108,-1024
100000154,26,2193,-2167
100000155,6,111,-105
100000156,165,306,-141
100000157,560,250,310
100000158,329,205,124
100000159,127,3400,-3273
100000165,1177,1198,-21
100000169,33,3828,-3795
100000174,303,2257,-1954
100000179,79,2540,-2461
100000180,1059,9995,-8936
100000181,589,741,-152
100000188,143,924,-781
100000189,1323,1042,281
100000190,689,2786,-2097
100000191,1474,1115,359
100000192,48,140,-92
100000193,317,177,140
100000330,1146,1582,-436
100000355,387,1525,-1138
100000362,2943,1400,1543
100000363,8977,12775,-3798
100000364,140,428,-288
100000365,9398,13808,-4410
100000366,2462,1689,773
100000367,9358,11477,-2119
100000368,2778,1886,892
100000369,1153,4391,-3238
100000370,360,1549,-1189
100000376,24,405,-381
100000379,1147,7850,-6703
100000380,4309,17928,-13619
100000384,8728,14744,-6016
100000385,2416,10400,-7984
100000386,2281,14017,-11736
100000387,6775,16415,-9640
100000388,2297,6533,-4236
100000389,7612,11693,-4081
100000390,4036,5213,-1177
100000391,3675,11209,-7534
100000392,840,4091,-3251
100000393,1010,6872,-5862
100000394,2792,9404,-6612
100000395,1288,8550,-7262
100000396,1346,2909,-1563
100000397,2402,11092,-8690
100000398,8904,5588,3316
100900002,4,59,-55
100900003,778,370,408
100900004,39,3168,-3129
100900005,296,13,283
100900006,106,35,71
100900007,328,8,320
100900008,19,531,-512
100900009,69,77,-8
100900010,86,23,63
100900011,345,122,223
100900012,15,54,-39
100900013,1597,12,1585
100900014,2,2,0
100900015,103,70,33
100900016,1,18,-17
100900017,1942,283,1659
100900018,1,15,-14
100900019,84,145,-61
100900020,742,8,734
100900021,739,12,727
100900022,8,51,-43
100900023,0,70,-70
100900024,552,3,549
100900025,51,9,42
100900026,256,73,183
100900027,900,4699,-3799
100900028,65,692,-627
100900029,15,3,12
100900030,5,621,-616
100900031,1474,142,1332
100900032,1005,2,1003
100900033,162,1093,-931
100900034,2791,4,2787
100900035,404,0,404
100900036,50,2,48
100900037,259,106,153
100900038,10,215,-205
100900039,383,146,237
100900040,1041,543,498
100900041,2323,300,2023
100900042,340,3942,-3602
100900043,0,74,-74
100900044,1616,1437,179
100900045,9,8,1
100900046,2088,24,2064
100900047,1119,153,966
100900048,281,111,170
100900049,245,181,64
100900050,22,36,-14
100900051,44,500,-456
100900052,529,62,467
100900053,1180,53,1127
100900054,22,45,-23
100900055,1308,2382,-1074
100900056,42,140,-98
100900057,4586,678,3908
100900058,238,131,107
100900059,247,12,235
100900060,326,6,320
100900061,224,226,-2
100900062,7,7,0
100900063,605,1463,-858
100900064,901,29,872
100900065,75,192,-117
100900066,271,88,183
100900067,60,8,52
100900068,198,733,-535
100900069,215,23,192
100900070,1201,48,1153
100900071,358,162,196
100900072,1,35,-34
100900073,546,692,-146
100900074,0,14,-14
100900075,3206,448,2758
100900076,9,55,-46
100900077,104,11,93
100900078,605,384,221
100900079,6,51,-45
100900080,161,272,-111
100900081,59,217,-158
100900082,494,68,426
100900083,18,33,-15
100900085,8,881,-873
100900086,85,617,-532
100900088,655,102,553
100900089,8,19,-11
100900090,153,3098,-2945
100900091,1,15,-14
100900092,109,254,-145
100900093,414,952,-538
100900094,380,135,245
100900095,5,15,-10
100900096,49,643,-594
100900097,1,2,-1
100900098,4,14,-10
100900099,11,856,-845
100900100,14,353,-339
100900101,480,76,404
100900102,3,223,-220
100900103,14,8,6
100900104,3,395,-392
100900105,38,1019,-981
100900106,17,9,8
100900107,5063,1587,3476
100900108,16,68,-52
100900109,31,63,-32
100900110,16,25,-9
100900111,31,423,-392
100900112,5,69,-64
100900113,23,14,9
100900114,5,42,-37
100900115,14,93,-79
100900116,2370,669,1701
100900117,456,1593,-1137
100900118,9,59,-50
100900119,12,15,-3
100900120,43,31,12
100900121,1279,553,726
100900122,72,141,-69
100900123,437,49,388
100900124,1,8,-7
100900125,8,51,-43
100900126,1396,487,909
100900127,6,1,5
100900128,229,1171,-942
100900129,1,484,-483
100900131,22,223,-201
100900133,160,40,120
100900134,10,4,6
100900135,5,1461,-1456
100900137,577,455,122
100900138,747,950,-203
100900139,3,18,-15
100900140,4,214,-210
100900141,11,1051,-1040
100900142,0,12,-12
100900143,498,1783,-1285
100900144,13,14,-1
100900145,91,1860,-1769
100900146,18,39,-21
100900147,29,4167,-4138
100900148,467,140,327
100900149,15,1215,-1200
100900150,21,94,-73
100900151,174,881,-707
100900152,1323,23,1300
100900153,5,443,-438
100900154,5,489,-484
100900155,5,4,1
100900156,105,6,99
100900157,42,718,-676
100900159,4,102,-98
100900160,35,7,28
100900161,220,2,218
100900162,28,402,-374
100900163,361,125,236
100900164,337,91,246
100900165,23,36,-13
100900166,238,8,230
100900167,17,63,-46
100900168,56,141,-85
100900169,76,1686,-1610
100900170,50,37,13
100900171,15,653,-638
100900172,0,115,-115
100900173,10,148,-138
100900174,60,52,8
100900176,2691,996,1695
100900177,686,545,141
100900178,510,291,219
100900179,354,565,-211
100900180,2,7,-5
100900181,156,108,48
100900182,234,19,215
100900184,63,340,-277
100900186,962,437,525
100900187,108,135,-27
100900188,56,18,38
100900189,4979,274,4705
100900191,912,1470,-558
100900192,210,627,-417
100900195,160,1297,-1137
100900197,513,620,-107
100900198,34,40,-6
100900199,10,5,5
100900200,1537,476,1061
100900201,339,1497,-1158
100900202,125,1,124
100900203,1,230,-229
100900204,345,4615,-4270
100900205,356,790,-434
100900206,263,403,-140
100900207,530,188,342
100900210,158,739,-581
100900211,1235,232,1003
100900213,452,85,367
100900214,527,244,283
100900215,106,32,74
100900217,57,190,-133
101000001,2319,2955,-636
101000002,10710,14047,-3337
101000003,730,1419,-689
101000004,11870,8260,3610
101000005,6770,9451,-2681
101000006,16694,16681,13
101000007,7240,8459,-1219
101000008,2679,4279,-1600
101000009,4797,1350,3447
101000010,2094,1317,777
101000011,2733,643,2090
101000012,578,1167,-589
101000013,855,2415,-1560
101000014,566,654,-88
101000015,3195,2939,256
101000016,350,1540,-1190
101000017,504,1053,-549
101000018,2284,16189,-13905
101000020,2386,2660,-274
101000021,657,1800,-1143
101000022,99,745,-646
101000023,1873,1598,275
101000025,634,1098,-464
101000026,397,59,338
101000027,2339,6399,-4060
101000028,1800,482,1318
101000029,83,1981,-1898
101000030,1453,194,1259
101000031,132,998,-866
101000032,2696,6712,-4016
101000033,2031,10873,-8842
101000034,1143,5728,-4585
101000035,484,1010,-526
101000036,553,4321,-3768
101000037,1406,6533,-5127
101000039,3096,7906,-4810
101000040,4546,11837,-7291
101000041,3420,10308,-6888
101000042,67,1718,-1651
101000043,4909,14657,-9748
101000045,391,1412,-1021
101000046,1609,3239,-1630
101000047,1301,6998,-5697
101000048,716,873,-157
101000049,882,4650,-3768
101000050,1122,4181,-3059
101000051,813,3708,-2895
101000052,2254,3594,-1340
101000053,703,2472,-1769
101000054,4304,1440,2864
101000055,1926,2703,-777
101000056,15,261,-246
101000057,872,4585,-3713
101000058,1278,4155,-2877
101000059,3578,4568,-990
101000060,3806,2714,1092
101000061,567,3511,-2944
101000062,353,1250,-897
101000063,292,2808,-2516
101000064,388,2359,-1971
101000065,231,2223,-1992
101000066,383,2470,-2087
101000067,334,1156,-822
101000068,95,501,-406
101000069,344,132,212
101000070,515,1120,-605
101000071,6359,2882,3477
101000072,1086,3966,-2880
101000073,681,1621,-940
101000074,2501,5133,-2632
101000075,2427,4369,-1942
101000077,2794,3353,-559
101000078,1138,1821,-683
101000079,1039,1551,-512
101000080,881,1744,-863
101000081,2884,2095,789
101000082,2782,2680,102
101000083,5513,3184,2329
101000084,1599,796,803
101000085,2657,2148,509
101000086,1282,1790,-508
101000087,1535,1866,-331
101000088,3116,2209,907
101000089,1765,2789,-1024
101000090,2742,984,1758
101000091,1068,547,521
101000092,3572,775,2797
101000093,2658,693,1965
101000094,1717,1247,470
101000095,1243,864,379
101000096,1123,438,685
101000097,709,2107,-1398
101000098,655,1845,-1190
101000099,938,2467,-1529
101000100,1045,3245,-2200
101000101,250,2647,-2397
101000102,646,3118,-2472
101000103,572,2442,-1870
101000104,448,1349,-901
101000105,208,1063,-855
101000106,254,4009,-3755
101000107,431,1182,-751
101000108,1002,132,870
101000109,1536,324,1212
101000110,59,229,-170
101000111,62,395,-333
101000113,245,2138,-1893
101000114,2704,10249,-7545
101000115,34,37,-3
101000116,58,101,-43
101000117,2120,525,1595
101000119,34,124,-90
101000120,69,192,-123
101000121,16,64,-48
101000122,130,119,11
101000123,31,134,-103
101000124,614,746,-132
101000125,106,186,-80
101000128,206,2847,-2641
101000130,287,317,-30
101000131,3034,398,2636
101000132,1506,1048,458
101000135,20,47,-27
101000136,151,223,-72
101000137,9,920,-911
101000141,794,8150,-7356
101000147,2383,507,1876
101000148,1404,24,1380
101000149,33,197,-164
101000150,228,429,-201
101000151,582,74,508
101000152,588,632,-44
101000153,691,325,366
101000154,1108,1031,77
101000155,1081,342,739
101000156,115,1412,-1297
101000157,73,586,-513
101000160,3,17,-14
101000163,136,926,-790
101000164,622,166,456
101000165,491,976,-485
101000166,319,425,-106
101000168,1361,771,590
101000252,4506,1492,3014
101000254,30,78,-48
101000258,113,8,105
101000261,44,111,-67
101000262,4229,10323,-6094
101000263,702,2237,-1535
101000265,148,1004,-856
101000266,550,517,33
101000269,24,82,-58
101000290,439,5493,-5054
101000293,9,104,-95
101000294,1236,1174,62
101000295,605,221,384
101000301,276,1655,-1379
101000304,4284,7467,-3183
101000305,4255,3176,1079
101000328,6,112,-106
101900001,62,45,17
101900002,0,6,-6
101900003,42,587,-545
101900004,2,362,-360
101900005,1903,7596,-5693
101900006,3790,308,3482
101900007,937,534,403
101900008,142,896,-754
101900009,36,1004,-968
101900010,780,1335,-555
101900011,140,2520,-2380
101900012,1386,196,1190
101900013,1093,124,969
101900017,24,130,-106
101900018,2409,652,1757
101900019,154,276,-122
101900020,25,102,-77
101900021,5,137,-132
101900022,510,2187,-1677
101900023,432,475,-43
101900026,262,79,183
101900027,31,230,-199
102000001,6598,13988,-7390
102000002,3841,10180,-6339
102000003,3608,8730,-5122
102000004,12389,7430,4959
102000005,2814,5782,-2968
102000006,1330,2490,-1160
102000007,5115,8149,-3034
102000008,12308,2664,9644
102000009,14902,14481,421
102000010,6486,4356,2130
102000011,9267,9549,-282
102000012,5970,4929,1041
102000018,5844,6096,-252
102000019,5865,3540,2325
102000026,1359,856,503
102000029,445,663,-218
102000030,285,790,-505
102000031,168,238,-70
102000032,1301,855,446
102000033,807,498,309
102000034,927,801,126
102000035,2921,952,1969
102000036,61,375,-314
102000037,349,75,274
102000038,187,668,-481
102000039,153,259,-106
102000040,280,555,-275
102000041,56,954,-898
102000042,190,608,-418
102000043,139,990,-851
102000044,861,2258,-1397
102000045,1428,2037,-609
102000046,3132,1893,1239
102000047,1964,1302,662
102000048,1621,979,642
102000049,1777,2549,-772
102000050,3238,2055,1183
102000051,346,1270,-924
102000052,2113,2418,-305
102000053,1936,2734,-798
102000054,1458,1613,-155
102000055,2575,298,2277
102000056,3921,383,3538
102000057,3398,652,2746
102000058,1669,975,694
102000059,1568,2525,-957
102000060,1706,1442,264
102000061,3439,2632,807
102000062,3926,1743,2183
102000063,2272,2818,-546
102000064,834,939,-105
102000065,60,226,-166
102000066,1149,1371,-222
102000067,11886,6702,5184
102000068,15827,6700,9127
102000069,188,3649,-3461
102000070,2995,68,2927
102000071,10970,18579,-7609
102000072,4332,6822,-2490
102000073,1559,971,588
102000074,1415,2494,-1079
102000075,350,418,-68
102000076,660,286,374
102000077,1611,691,920
102000078,2524,531,1993
102000079,369,152,217
102000080,734,225,509
102000081,460,1236,-776
102000082,807,532,275
102000083,2207,625,1582
102000084,1022,306,716
102000085,6215,1323,4892
102000086,2993,1312,1681
102000087,1509,1871,-362
102000088,756,609,147
102000089,2746,494,2252
102000090,459,2063,-1604
102000091,1925,967,958
102000092,525,1019,-494
102000093,1547,732,815
102000094,685,382,303
102000095,1081,1411,-330
102000096,609,535,74
102000097,1666,515,1151
102000098,472,677,-205
102000099,1130,904,226
102000100,275,1229,-954
102000101,527,550,-23
102000102,616,2014,-1398
102000103,5797,615,5182
102000104,1295,751,544
102000105,515,853,-338
102000106,1569,629,940
102000107,4123,343,3780
102000108,1266,603,663
102000109,2105,989,1116
102000110,2832,1219,1613
102000111,39,1232,-1193
102000112,167,302,-135
102000113,18,163,-145
102000114,2857,604,2253
102000115,476,744,-268
102000116,398,1086,-688
102000117,128,2150,-2022
102000118,1272,2732,-1460
102000119,1219,2315,-1096
102000120,550,1016,-466
102000121,1867,745,1122
102000122,1158,1292,-134
102000123,1823,1289,534
102000124,2367,2543,-176
102000125,824,1697,-873
102000126,879,1746,-867
102000127,1964,1272,692
102000128,1121,1136,-15
102000129,2779,789,1990
102000130,953,1184,-231
102000131,2304,1154,1150
102000132,607,1750,-1143
102000133,6470,3194,3276
102000134,1669,1407,262
102000135,1658,1191,467
102000136,2707,1054,1653
102000137,674,1502,-828
102000138,522,689,-167
102000139,186,2051,-1865
102000140,298,1730,-1432
102000141,424,2998,-2574
102000142,728,674,54
102000143,509,353,156
102000144,743,277,466
102000145,719,501,218
102000146,961,762,199
102000147,1038,833,205
102000148,546,1149,-603
102000149,998,207,791
102000150,1237,136,1101
102000151,257,202,55
102000152,619,295,324
102000153,1348,1194,154
102000154,271,436,-165
102000155,96,1001,-905
102000156,370,361,9
102000157,103,2292,-2189
102000158,484,904,-420
102000159,3879,2302,1577
102000161,5598,3792,1806
102000162,256,602,-346
102000163,196,671,-475
102000164,1179,1317,-138
102000165,220,862,-642
102000166,76,684,-608
102000167,404,398,6
102000168,469,402,67
102000169,429,1025,-596
102000170,2026,283,1743
102000171,115,258,-143
102000172,22,661,-639
102000173,865,709,156
102000174,296,242,54
102000175,139,95,44
102000176,58,89,-31
102000178,243,1288,-1045
102000179,815,480,335
102000180,1848,349,1499
102000181,1982,530,1452
102000182,1054,1102,-48
102000183,3902,1635,2267
102000184,3291,1121,2170
102000185,5058,1082,3976
102000186,3060,1230,1830
102000187,1908,4010,-2102
102000188,2838,3868,-1030
102000189,5662,1512,4150
102000190,842,3809,-2967
102000191,1508,422,1086
102000192,3702,2431,1271
102000193,306,266,40
102000194,62,654,-592
102000195,1135,970,165
102000196,854,581,273
102000197,2277,226,2051
102000198,600,558,42
102000199,2468,193,2275
102000200,775,852,-77
102000201,3127,639,2488
102000202,8,392,-384
102000203,1267,243,1024
102000204,1915,989,926
102000205,2657,1114,1543
102000206,1366,560,806
102000207,1683,1089,594
102000208,976,1408,-432
102000209,94,543,-449
102000210,1365,747,618
102000211,1160,361,799
102000212,1091,32,1059
102000213,7,407,-400
102000214,1155,14,1141
102000215,5,320,-315
102000216,322,290,32
102000217,27,105,-78
102000218,418,533,-115
102000219,406,130,276
102000225,371,829,-458
102000226,232,413,-181
102000227,202,5,197
102000228,0,223,-223
102000229,134,211,-77
102000230,782,413,369
102000231,671,589,82
102000232,242,336,-94
102000233,2343,775,1568
102000234,220,1851,-1631
102000236,491,115,376
102000237,1714,996,718
102000238,481,530,-49
102000240,515,1287,-772
102000241,807,229,578
102000243,29,101,-72
102000245,2,160,-158
102000246,12,170,-158
102000247,374,611,-237
102000248,237,1481,-1244
102000249,317,153,164
102000250,161,269,-108
102000254,581,215,366
102000266,14,1775,-1761
102000271,93,0,93
102000286,962,438,524
102000297,5509,2113,3396
102000299,0,0,0
102000301,0,0,0
102000305,0,1,-1
102000307,0,4,-4
102000308,0,0,0
102900001,1450,1177,273
102900002,366,66,300
102900003,172,201,-29
102900005,1108,363,745
102900006,1108,95,1013
102900007,1536,32,1504
102900008,472,67,405
102900009,362,632,-270
102900010,208,1567,-1359
102900011,1327,1300,27
102900012,628,281,347
102900013,122,9,113
102900015,1240,954,286
102900016,215,22,193
102900017,694,156,538
102900018,155,30,125
102900019,1129,1158,-29
102900020,503,61,442
102900021,94,37,57
102900022,92,82,10
102900023,27,174,-147
102900024,139,72,67
102900025,106,65,41
102900026,990,3684,-2694
102900027,100,118,-18
102900028,374,2026,-1652
102900029,374,926,-552
102900030,639,696,-57
102900031,629,231,398
102900032,222,139,83
102900033,244,308,-64
102900034,1417,30,1387
102900035,487,362,125
102900036,890,303,587
102900037,530,351,179
102900038,649,198,451
102900039,17,1506,-1489
102900040,622,589,33
102900041,320,196,124
102900042,861,162,699
102900043,565,172,393
102900044,918,2589,-1671
102900045,484,505,-21
102900046,475,198,277
102900047,241,1100,-859
102900048,1257,284,973
102900049,80,309,-229
102900050,432,924,-492
102900051,502,760,-258
102900052,36,77,-41
102900053,639,873,-234
102900054,360,2827,-2467
102900055,354,722,-368
102900056,257,593,-336
102900057,13,229,-216
102900058,667,140,527
102900059,63,48,15
102900060,179,591,-412
102900061,566,871,-305
102900062,649,749,-100
102900063,3313,752,2561
102900064,133,971,-838
102900065,1494,265,1229
102900066,757,22,735
102900068,101,391,-290
102900070,544,1227,-683
102900072,46,107,-61
102900073,62,8,54
102900075,26,76,-50
102900076,100,226,-126
102900077,60,47,13
102900078,60,48,12
102900079,575,6,569
102900080,757,39,718
102900081,99,215,-116
102900082,64,302,-238
102900083,145,49,96
102900084,5,70,-65
102900085,305,165,140
102900086,17,212,-195
102900087,329,127,202
102900088,66,73,-7
102900089,441,428,13
102900090,3,381,-378
102900091,634,0,634
102900092,1411,233,1178
102900093,601,287,314
102900094,4,230,-226
102900095,118,1,117
102900096,83,7,76
102900097,122,66,56
103000001,3564,4934,-1370
103000002,3859,6241,-2382
103000003,5213,4980,233
103000004,1316,935,381
103000005,2268,7905,-5637
103000006,2162,2412,-250
103000007,1132,659,473
103000008,2038,2498,-460
103000009,4738,3069,1669
103000010,358,147,211
103000011,2163,1146,1017
103000012,1760,3085,-1325
103000013,5730,3689,2041
103000014,1846,7613,-5767
103000015,5080,2080,3000
103000016,973,4327,-3354
103000017,448,1489,-1041
103000018,1336,356,980
103000019,654,1012,-358
103000020,2205,3213,-1008
103000021,3173,6169,-2996
103000022,1284,2481,-1197
103000023,1568,5546,-3978
103000024,237,123,114
103000025,156,2155,-1999
103000026,604,545,59
103000027,166,770,-604
103000028,366,437,-71
103000029,68,401,-333
103000030,2983,3155,-172
103000031,1162,5719,-4557
103000032,3472,2091,1381
103000033,4258,4311,-53
103000034,2229,1364,865
103000035,372,2106,-1734
103000036,325,350,-25
103000037,1231,691,540
103000038,1017,1462,-445
103000039,1429,501,928
103000040,1102,788,314
103000041,5492,2030,3462
103000042,4289,774,3515
103000043,1571,885,686
103000044,703,201,502
103000046,610,894,-284
103000047,1256,427,829
103000048,554,611,-57
103000049,129,173,-44
103000050,1391,308,1083
103000051,1117,800,317
103000052,1593,365,1228
103000053,441,509,-68
103000054,3201,635,2566
103000055,4063,1901,2162
103000056,1943,862,1081
103000057,2648,121,2527
103000058,1819,554,1265
103000059,1778,1149,629
103000060,1690,401,1289
103000061,1363,1004,359
103000062,1237,282,955
103000063,1965,1284,681
103000064,234,98,136
103000065,25,314,-289
103000066,490,25,465
103000069,698,671,27
103000070,1272,491,781
103000071,3353,1812,1541
103000072,194,919,-725
103000073,2303,235,2068
103000074,2144,333,1811
103000075,101,615,-514
103000076,551,1782,-1231
103000077,25,413,-388
103000078,2102,3482,-1380
103000079,936,1816,-880
103000080,797,768,29
103000081,460,1358,-898
103000082,1065,451,614
103000083,292,1049,-757
103000084,160,5,155
103000085,1,172,-171
103000086,569,993,-424
103000087,375,1092,-717
103000088,386,804,-418
103000089,675,1599,-924
103000090,6902,1613,5289
103000091,1948,734,1214
103000092,631,454,177
103000093,539,894,-355
103000094,591,279,312
103000095,362,732,-370
103000096,1202,92,1110
103000097,191,1059,-868
103000098,1164,279,885
103000099,203,1227,-1024
103000100,242,655,-413
103000101,2946,181,2765
103000102,145,393,-248
103000103,1404,298,1106
103000104,229,106,123
103000105,515,167,348
103000106,41,175,-134
103000107,487,205,282
103000108,2775,2026,749
103000109,1320,1369,-49
103000110,1131,1151,-20
103000111,642,1499,-857
103000112,492,1223,-731
103000113,310,3369,-3059
103000114,3136,3361,-225
103000115,1630,1498,132
103000116,1062,583,479
103000117,494,644,-150
103000118,711,605,106
103000119,2363,850,1513
103000120,149,1216,-1067
103000121,120,260,-140
103000122,543,681,-138
103000125,33,110,-77
103000126,1686,1,1685
103000127,5,142,-137
103000128,277,2,275
103000129,8,100,-92
103000130,222,94,128
103000131,153,230,-77
103000132,52,159,-107
103000133,29,109,-80
103000134,502,2239,-1737
103000135,1254,287,967
103000136,801,1049,-248
103000137,624,1064,-440
103000138,834,1250,-416
103000139,2,182,-180
103000140,387,45,342
103000141,66,361,-295
103000142,201,301,-100
103000143,185,340,-155
103000144,386,278,108
103000145,20,326,-306
103000150,196,104,92
103000152,421,789,-368
103000153,401,758,-357
103000156,10,121,-111
103000157,729,4,725
103000159,921,104,817
103000162,63,33,30
103000163,5,18,-13
103000164,17,15,2
103000165,162,212,-50
103000166,578,1775,-1197
103000167,588,552,36
103000168,403,617,-214
103000169,249,1483,-1234
103000170,2409,289,2120
103000171,16,272,-256
103000172,2063,219,1844
103000173,2466,328,2138
103000174,809,430,379
103000175,730,167,563
103000176,1458,2235,-777
103000177,372,884,-512
103000178,126,419,-293
103000179,217,390,-173
103000183,960,94,866
103000185,463,85,378
103000186,405,111,294
103000187,2623,237,2386
103000188,88,100,-12
103000189,1196,1049,147
103000191,1046,759,287
103000292,868,3787,-2919
103000293,1300,7590,-6290
103000295,117,261,-144
103000296,140,4,136
103000297,3,140,-137
103000504,124,20,104
103000505,2,36,-34
103000506,0,113,-113
103000507,470,0,470
103000508,202,87,115
103000509,479,1006,-527
103900001,82,37,45
103900002,1121,103,1018
103900003,1431,456,975
103900004,271,7,264
103900005,19,110,-91
103900006,1,9,-8
103900007,232,6,226
103900008,26,2,24
103900009,705,200,505
103900010,573,167,406
103900011,1092,79,1013
103900012,2,116,-114
103900013,179,31,148
103900014,175,67,108
103900015,157,10,147
103900016,301,284,17
103900017,190,144,46
103900018,513,96,417
103900019,66,790,-724
103900020,975,584,391
103900021,140,97,43
103900022,824,696,128
103900023,477,4,473
103900024,172,407,-235
103900025,7,24,-17
103900026,21,1,20
103900027,684,384,300
103900028,161,610,-449
103900029,2300,229,2071
103900030,599,295,304
103900031,172,1,171
103900032,266,244,22
103900033,83,79,4
103900034,97,36,61
103900035,191,104,87
103900036,80,59,21
103900037,472,339,133
103900038,202,349,-147
103900039,592,157,435
103900040,18,168,-150
103900041,168,97,71
103900042,466,81,385
103900043,444,47,397
103900044,70,1695,-1625
103900045,754,259,495
103900047,304,33,271
103900048,72,375,-303
103900049,189,2014,-1825
103900050,63,504,-441
103900051,3,132,-129
103900052,399,747,-348
103900053,755,199,556
103900054,667,180,487
103900055,1055,293,762
103900056,154,118,36
103900057,625,75,550
103900058,984,319,665
103900059,1,215,-214
103900060,209,115,94
103900061,455,19,436
103900062,2226,663,1563
103900063,17,3,14
103900064,475,9,466
103900065,297,474,-177
103900066,451,162,289
103900067,662,32,630
103900068,6,0,6
103900069,265,13,252
103900070,749,209,540
103900071,40,66,-26
103900072,157,143,14
103900073,41,52,-11
103900074,239,174,65
103900075,632,94,538
103900076,1561,254,1307
103900077,45,338,-293
103900078,811,1159,-348
103900079,182,305,-123
103900080,3,48,-45
103900081,14,22,-8
103900082,193,135,58
103900083,3203,4263,-1060
103900084,58,1599,-1541
103900085,109,114,-5
103900086,3393,431,2962
103900087,47,55,-8
103900088,426,760,-334
103900089,73,294,-221
103900090,13,212,-199
103900091,1341,171,1170
103900092,1156,2094,-938
103900093,178,767,-589
103900094,30,39,-9
103900095,231,936,-705
103900096,499,75,424
103900097,61,441,-380
103900098,885,172,713
103900099,788,99,689
103900100,565,132,433
103900101,1600,1480,120
103900102,11,111,-100
103900104,0,13,-13
103900105,59,87,-28
103900106,17,2089,-2072
103900107,401,27,374
103900108,93,150,-57
103900109,490,12,478
103900110,823,69,754
103900111,492,196,296
103900112,13,115,-102
103900113,215,281,-66
103900114,2055,411,1644
103900115,192,369,-177
103900116,2472,5318,-2846
103900117,79,71,8
103900119,29,302,-273
103900120,231,55,176
103900122,834,110,724
103900123,683,1959,-1276
103900124,98,267,-169
103900125,260,135,125
103900126,1009,135,874
103900127,281,337,-56
103900128,294,130,164
103900131,43,127,-84
103900133,1233,59,1174
103900134,2,63,-61
103900135,0,3,-3
103900137,1,3,-2
103900138,731,52,679
103900139,304,7225,-6921
103900140,17,902,-885
103900141,411,53,358
103900142,696,99,597
103900143,475,16,459
103900144,22,45,-23
103900145,244,353,-109
103900146,820,136,684
103900147,1183,112,1071
103900148,833,131,702
103900149,723,197,526
103900150,7043,11605,-4562
103900151,14,231,-217
103900152,2947,487,2460
103900153,51,24,27
103900154,395,4941,-4546
103900155,67,159,-92
103900156,80,81,-1
103900157,542,119,423
103900158,662,64,598
103900159,995,39,956
103900160,63,61,2
103900161,105,201,-96
103900162,158,49,109
103900163,80,946,-866
103900167,8,236,-228
103900168,263,113,150
103900169,40,124,-84
103900170,0,48,-48
103900171,0,35,-35
103900172,3,12,-9
103900173,54,42,12
103900174,760,62,698
103900175,138,439,-301
103900176,18,80,-62
103900177,52,6,46
103900178,150,7,143
103900179,154,24,130
103900180,32,47,-15
103900181,6,158,-152
103900182,24,59,-35
103900184,383,137,246
103900185,96,1671,-1575
103900187,22,368,-346
103900188,393,134,259
103900189,229,15,214
103900190,380,103,277
103900191,94,66,28
103900192,30,111,-81
103900193,67,110,-43
103900194,125,147,-22
103900195,1,274,-273
103900196,159,350,-191
103900197,17,41,-24
103900198,11,28,-17
103900199,228,108,120
103900200,549,75,474
103900201,175,126,49
103900202,21,116,-95
103900203,92,66,26
103900204,5,28,-23
103900207,14,26,-12
103900208,272,2,270
103900209,8,87,-79
103900210,67,56,11
103900211,1556,151,1405
103900212,379,148,231
103900213,13,581,-568
103900214,401,976,-575
103900215,210,902,-692
103900216,20,205,-185
103900217,732,291,441
103900218,2,688,-686
103900219,705,254,451
103900233,580,49,531
103900235,36,677,-641
103900236,20,27,-7
103900242,2,4,-2
103900243,3,2,1
103900244,348,134,214
103900245,295,89,206
103900246,79,81,-2
103900247,20,73,-53
103900248,9,117,-108
103900249,52,117,-65
103900250,288,167,121
103900251,17,142,-125
103900253,6,187,-181
103900254,29,129,-100
103900255,6,118,-112
103900256,68,116,-48
103900257,519,505,14
103900258,79,20,59
103900259,45,85,-40
103900261,110,0,110
103900262,81,18,63
103900263,51,207,-156
103900264,43,5,38
103900265,36,1,35
103900266,7,656,-649
103900267,9,90,-81
103900268,38,36,2
103900269,434,17,417
103900270,121,121,0
103900271,124,139,-15
103900272,160,68,92
103900273,221,12,209
103900274,684,8,676
103900275,320,96,224
103900276,41,27,14
103900277,40,65,-25
103900278,0,0,0
103900279,0,14,-14
104000001,6266,4153,2113
104000002,3629,3427,202
104000003,4664,3427,1237
104000004,5102,3785,1317
104000005,4831,3646,1185
104000006,5633,3553,2080
104000007,7423,5809,1614
104000008,332,464,-132
104000009,300,310,-10
104000010,286,1149,-863
104000011,486,251,235
104000012,274,302,-28
104000013,482,919,-437
104000014,343,467,-124
104000015,920,256,664
104000016,534,348,186
104000018,1263,552,711
104000019,926,900,26
104000020,153,298,-145
104000021,746,388,358
104000022,610,637,-27
104000023,2024,1020,1004
104000024,554,582,-28
104000026,120,322,-202
104000027,616,307,309
104000028,698,693,5
104000029,657,484,173
104000030,719,760,-41
104000031,2490,614,1876
104000032,329,201,128
104000033,1475,880,595
104000034,448,205,243
104000035,2118,510,1608
104000036,2213,480,1733
104000037,296,208,88
104000038,720,653,67
104000039,337,188,149
104000040,183,1077,-894
104000041,967,873,94
104000042,380,277,103
104000043,338,459,-121
104000044,727,1232,-505
104000045,1278,824,454
104000046,1191,1131,60
104000047,1224,1195,29
104000048,1537,961,576
104000049,1533,686,847
104000050,222,1588,-1366
104000051,453,1753,-1300
104000052,4023,5523,-1500
104000053,2512,716,1796
104000054,1380,334,1046
104000055,4299,4043,256
104000056,923,288,635
104000057,419,179,240
104000058,2319,1585,734
104000059,1765,1866,-101
104000060,2483,4070,-1587
104000061,2162,1288,874
104000062,527,229,298
104000064,1350,419,931
104000065,262,994,-732
104000069,726,3436,-2710
104000070,127,1145,-1018
104000071,383,323,60
104000072,1055,208,847
104000075,181,468,-287
104000076,984,91,893
104000082,3203,7894,-4691
104000083,964,339,625
104000084,307,523,-216
104000085,1073,613,460
104000086,526,605,-79
104000087,514,3753,-3239
104000090,2186,1103,1083
104000092,3056,1339,1717
104000094,1651,1146,505
104000095,6354,2621,3733
104000096,5663,118,5545
104000097,5888,805,5083
104000098,7522,835,6687
104000100,4768,1416,3352
104000101,3804,2652,1152
104000106,80,921,-841
104000107,1050,292,758
104000108,485,467,18
104000109,862,430,432
104000110,1232,2312,-1080
104000111,3261,8914,-5653
104000112,1128,753,375
104000116,2,863,-861
104000117,613,550,63
104000118,3761,232,3529
104000119,2119,539,1580
104000120,498,655,-157
104000121,845,733,112
104000122,1413,688,725
104000123,1467,955,512
104000124,530,1695,-1165
104000125,3240,9065,-5825
104000126,1010,770,240
104000127,1952,1884,68
104000128,1162,181,981
104000129,748,22,726
104000130,9,634,-625
104000131,481,582,-101
104000132,768,745,23
104000133,2532,1084,1448
104000134,1886,2635,-749
104000135,1077,2234,-1157
104000136,1119,4261,-3142
104000137,3669,564,3105
104000138,2809,695,2114
104000139,3388,3831,-443
104000141,1218,930,288
104000142,1418,456,962
104000143,1753,420,1333
104000144,275,442,-167
104000145,529,359,170
104000146,251,804,-553
104000147,240,616,-376
104000148,613,388,225
104000149,327,103,224
104000150,1655,902,753
104000151,690,235,455
104000152,1261,420,841
104000153,1558,1080,478
104000154,774,328,446
104000155,761,1458,-697
104000157,3013,1415,1598
104000158,195,1192,-997
104000159,1551,1270,281
104000160,2694,4219,-1525
104000161,294,189,105
104000162,190,206,-16
104000165,1734,987,747
104000167,1199,2885,-1686
104000168,2093,18,2075
104000169,357,137,220
104000170,309,473,-164
104000248,792,1154,-362
104000251,135,266,-131
104000272,0,0,0
104000273,0,0,0
104000274,0,0,0
104000275,0,0,0
104000279,927,886,41
104000290,114,835,-721
104000291,831,2993,-2162
104000293,3513,1799,1714
104000294,252,2,250
104000295,1557,1905,-348
104000296,1105,1191,-86
104000297,1805,4458,-2653
104000298,2622,1455,1167
104000299,2579,1334,1245
104900001,209,400,-191
104900002,136,534,-398
104900003,128,199,-71
104900004,188,108,80
104900005,982,507,475
104900006,1670,111,1559
104900007,1173,255,918
104900009,303,254,49
104900010,287,40,247
104900011,36,803,-767
104900012,1063,259,804
104900013,183,23,160
104900014,2072,494,1578
104900015,194,1,193
104900016,365,247,118
104900017,259,251,8
104900018,7,263,-256
104900019,348,10117,-9769
104900020,105,513,-408
104900021,3,35,-32
104900022,29,767,-738
104900023,0,28,-28
104900024,25,503,-478
104900025,264,254,10
104900026,0,21,-21
104900027,990,596,394
104900028,19,228,-209
104900029,23,21,2
104900030,1167,277,890
104900031,64,366,-302
104900032,160,70,90
104900033,401,245,156
104900034,629,291,338
104900035,591,425,166
104900036,639,84,555
104900037,558,296,262
104900038,234,3394,-3160
104900039,401,464,-63
104900040,940,114,826
104900041,895,216,679
104900042,431,300,131
104900043,71,635,-564
104900044,1740,165,1575
104900045,528,55,473
104900046,1212,156,1056
104900047,1062,120,942
104900048,916,66,850
104900049,156,49,107
104900050,1123,144,979
104900051,627,106,521
104900052,302,7,295
104900053,1122,185,937
104900054,483,68,415
104900055,486,3,483
104900056,658,14,644
104900057,123,1,122
104900058,749,836,-87
104900059,224,78,146
104900060,1,590,-589
104900061,203,247,-44
104900063,4,543,-539
104900064,0,198,-198
104900065,3,699,-696
104900066,3,71,-68
104900067,3,730,-727
104900068,269,475,-206
104900070,174,323,-149
104900071,1,582,-581
104900072,151,265,-114
104900073,174,184,-10
104900074,112,159,-47
104900075,218,44,174
104900076,389,170,219
104900077,665,232,433
104900078,369,192,177
104900079,344,2844,-2500
104900080,266,241,25
104900082,6,380,-374
104900085,22,261,-239
104900087,696,3,693
104900089,746,0,746
104900090,2729,2420,309
104900091,928,728,200
104900093,311,397,-86
104900097,2215,7324,-5109
104900098,678,61,617
104900099,127,1912,-1785
104900100,867,217,650
104900102,147,143,4
104900103,472,100,372
104900104,2510,2637,-127
104900106,848,419,429
104900107,127,307,-180
104900108,54,345,-291
104900109,316,358,-42
104900110,24,72,-48
104900111,914,228,686
104900112,1009,341,668
104900113,1648,252,1396
104900114,1558,613,945
104900115,2220,245,1975
104900116,1499,422,1077
104900118,54,183,-129
104900119,3,340,-337
104900120,20,1949,-1929
104900121,1,25,-24
104900122,1,22,-21
104900123,188,25,163
104900124,186,0,186
104900125,692,4,688
104900126,120,81,39
104900127,75,35,40
104900128,165,129,36
104900129,1238,6103,-4865
105000001,6207,2074,4133
105000002,4871,3751,1120
105000003,4681,8232,-3551
105000004,2582,1765,817
105000005,3293,3197,96
105000006,2290,4682,-2392
105000007,2910,5628,-2718
105000008,1644,7576,-5932
105000009,5763,7530,-1767
105000010,4903,1742,3161
105000011,5389,7847,-2458
105000012,3315,2774,541
105000013,2481,3311,-830
105000014,7136,7006,130
105000015,13167,26575,-13408
105000016,1367,1424,-57
105000017,2396,1521,875
105000018,835,3533,-2698
105000019,1761,2041,-280
105000020,196,1103,-907
105000021,505,474,31
105000022,182,274,-92
105000023,2061,376,1685
105000028,28,101,-73
105000029,1164,2763,-1599
105000030,5985,3544,2441
105000033,2214,1863,351
105000034,281,2941,-2660
105000037,1173,342,831
105000038,2088,4128,-2040
105000039,2358,1773,585
105000040,1551,4082,-2531
105000041,463,1887,-1424
105000042,3131,3479,-348
105000043,1263,4224,-2961
105000044,1349,1003,346
105000045,413,375,38
105000046,3394,572,2822
105000047,1007,495,512
105000048,2410,646,1764
105000049,512,671,-159
105000050,2228,1061,1167
105000051,465,622,-157
105000052,1478,2582,-1104
105000053,310,336,-26
105000054,795,3147,-2352
105000055,1399,479,920
105000056,3403,3661,-258
105000057,3276,1724,1552
105000058,2719,1726,993
105000059,2216,1440,776
105000060,968,579,389
105000061,3257,1257,2000
105000062,1197,813,384
105000063,731,705,26
105000064,5516,1499,4017
105000065,848,811,37
105000066,1681,2312,-631
105000067,3363,2405,958
105000068,581,1932,-1351
105000069,2448,6154,-3706
105000070,1005,2339,-1334
105000071,299,4272,-3973
105000072,2588,13367,-10779
105000073,2088,1914,174
105000074,826,934,-108
105000075,1040,1201,-161
105000076,2227,2044,183
105000077,4518,1509,3009
105000078,1422,2488,-1066
105000079,1542,3903,-2361
105000080,3430,4177,-747
105000081,1863,2052,-189
105000082,1313,2899,-1586
105000083,3359,4571,-1212
105000084,1064,1395,-331
105000085,4218,4183,35
105000086,1517,1787,-270
105000087,5115,4986,129
105000088,3392,5991,-2599
105000089,3762,2696,1066
105000090,1025,1105,-80
105000091,1476,1785,-309
105000092,1081,1473,-392
105000093,636,738,-102
105000094,650,348,302
105000095,399,1557,-1158
105000096,2303,4473,-2170
105000097,748,1176,-428
105000098,2765,3506,-741
105000099,1128,2633,-1505
105000100,3716,2190,1526
105000101,5774,3175,2599
105000102,3571,3216,355
105000103,2458,4612,-2154
105000104,4771,2984,1787
105000105,2275,2808,-533
105000106,3375,1573,1802
105000107,3467,1657,1810
105000108,3501,1712,1789
105000109,5778,1330,4448
105000110,2160,770,1390
105000111,3129,731,2398
105000112,2332,845,1487
105000113,1085,1752,-667
105000114,2511,2503,8
105000115,601,4164,-3563
105000116,2395,1378,1017
105000117,1683,841,842
105000118,2216,928,1288
105000119,1162,943,219
105000120,3171,1167,2004
105000121,1982,829,1153
105000122,866,1077,-211
105000123,1082,1004,78
105000124,4650,1480,3170
105000125,2200,1813,387
105000126,4123,2712,1411
105000127,5868,2901,2967
105000128,1634,3004,-1370
105000129,3202,1039,2163
105000130,420,6685,-6265
105000131,532,276,256
105000132,2812,1676,1136
105000133,1009,1059,-50
105000134,2946,880,2066
105000135,552,647,-95
105000136,206,212,-6
105000137,1305,303,1002
105000138,351,229,122
105000139,1391,599,792
105000140,859,597,262
105000141,796,442,354
105000142,715,775,-60
105000143,299,812,-513
105000144,549,882,-333
105000145,1467,610,857
105000146,903,915,-12
105000147,1412,904,508
105000148,1322,1980,-658
105000149,5583,3576,2007
105000150,2085,1209,876
105000151,1541,775,766
105000152,476,1069,-593
105000153,1933,990,943
105000154,1258,1023,235
105000155,821,832,-11
105000156,633,1511,-878
105000157,1363,1882,-519
105000158,5285,1297,3988
105000159,731,1062,-331
105000160,6210,1346,4864
105000161,1413,1188,225
105000162,1180,5757,-4577
105000163,1990,1683,307
105000164,225,851,-626
105000165,2203,20108,-17905
105000166,8724,3010,5714
105000167,2363,6833,-4470
105000168,946,864,82
105000169,2380,185,2195
105000170,789,2061,-1272
105000171,2994,473,2521
105000172,735,85,650
105000173,926,62,864
105000174,172,74,98
105000175,231,115,116
105000176,1300,243,1057
105000177,998,653,345
105000178,667,334,333
105000179,2158,301,1857
105000180,673,197,476
105000181,530,258,272
105000182,121,165,-44
105000183,4466,5550,-1084
105000184,544,1982,-1438
105000185,1041,2241,-1200
105000186,1026,1591,-565
105000187,1634,1106,528
105000188,225,871,-646
105000189,147,1226,-1079
105000190,390,684,-294
105000191,883,606,277
105000192,965,114,851
105000193,151,424,-273
105000194,1306,139,1167
105000195,893,1139,-246
105000196,111,456,-345
105000197,413,762,-349
105000198,525,263,262
105000199,117,864,-747
105000200,154,889,-735
105000201,199,130,69
105000203,75,200,-125
105000204,100,46,54
105000205,193,219,-26
105000207,376,114,262
105000208,314,1500,-1186
105000209,261,149,112
105000212,2228,750,1478
105000213,115,325,-210
105000214,165,375,-210
105000215,633,288,345
105000216,522,105,417
105000217,480,195,285
105000218,4389,1978,2411
105000221,229,609,-380
105000222,812,896,-84
105000223,1089,1001,88
105000226,459,259,200
105000227,103,271,-168
105000228,152,2967,-2815
105000229,341,1627,-1286
105000231,1315,496,819
105000233,1850,2108,-258
105000234,938,1073,-135
105000235,860,1483,-623
105000237,3251,246,3005
105000243,177,101,76
105000248,78,254,-176
105000262,1311,478,833
105000269,326,218,108
105000270,1200,38,1162
105000271,0,475,-475
105000282,112,135,-23
105000287,382,421,-39
105000288,1826,949,877
105000289,828,2548,-1720
105000290,101,24,77
105000402,2611,7969,-5358
105000426,515,904,-389
105000438,1100,1689,-589
105000446,12337,4808,7529
105000447,3119,1781,1338
105000454,1902,377,1525
105000455,352,136,216
105000474,255,3,252
105000477,2265,980,1285
105000478,4440,9838,-5398
105000479,206,404,-198
105000480,6589,12108,-5519
105000481,8303,9355,-1052
105000482,3602,4079,-477
105000483,3831,6499,-2668
105000484,2891,2728,163
105000485,1790,6199,-4409
105000486,2561,3323,-762
105000488,4164,2520,1644
105000489,3335,1798,1537
105000549,162,1125,-963
105000550,412,1183,-771
105000551,34,173,-139
105000552,3869,1776,2093
105000555,212,1501,-1289
105900001,25,6165,-6140
105900002,1146,2498,-1352
105900003,31,282,-251
105900004,386,87,299
105900005,908,826,82
105900006,53,589,-536
105900007,98,393,-295
105900008,306,248,58
105900009,121,113,8
105900011,291,246,45
105900012,834,176,658
105900013,15,54,-39
105900014,6,163,-157
105900015,103,705,-602
105900016,1743,715,1028
105900017,3680,50,3630
105900018,243,236,7
105900019,264,547,-283
105900020,94,120,-26
105900021,126,2650,-2524
105900022,557,674,-117
105900023,18,444,-426
105900024,16,859,-843
105900025,658,6,652
105900026,450,14,436
105900027,30696,7237,23459
105900028,333,2316,-1983
105900029,3670,452,3218
105900030,512,577,-65
105900031,887,245,642
105900032,318,213,105
105900033,173,304,-131
105900034,1067,705,362
105900035,1013,382,631
105900036,264,239,25
105900037,410,62,348
105900038,309,327,-18
105900039,380,122,258
105900040,329,122,207
105900041,275,525,-250
105900042,215,511,-296
105900043,2426,55,2371
105900044,7,921,-914
105900045,1,2767,-2766
105900046,2,361,-359
105900047,43,115,-72
105900048,373,736,-363
105900050,2244,14409,-12165
105900051,76,2359,-2283
105900052,2440,196,2244
105900053,5586,7627,-2041
105900054,341,704,-363
105900056,1773,1064,709
105900057,15,222,-207
105900058,33,39,-6
105900059,1,350,-349
106000001,3173,4180,-1007
106000002,1579,4331,-2752
106000003,6391,8197,-1806
106000004,2441,2897,-456
106000005,7261,7081,180
106000006,7572,2415,5157
106000007,859,614,245
106000008,519,460,59
106000009,735,388,347
106000010,436,526,-90
106000011,3178,1634,1544
106000012,1600,1406,194
106000013,3775,2529,1246
106000014,2537,1911,626
106000015,4491,1817,2674
106000016,2538,2271,267
106000017,1032,1379,-347
106000018,998,794,204
106000019,776,771,5
106000020,717,554,163
106000021,457,959,-502
106000022,578,380,198
106000023,1399,1005,394
106000024,1035,832,203
106000025,288,373,-85
106000026,227,325,-98
106000027,3002,2545,457
106000028,1535,375,1160
106000029,1378,924,454
106000030,308,840,-532
106000034,260,621,-361
106000035,1473,3101,-1628
106000036,260,604,-344
106000037,2211,1987,224
106000038,171,354,-183
106000039,115,330,-215
106000040,199,1177,-978
106000041,1149,809,340
106000043,600,426,174
106000046,832,145,687
106000047,60,720,-660
106000049,2438,405,2033
106000050,446,1074,-628
106000051,1763,968,795
106000052,413,477,-64
106000053,1051,215,836
106000054,622,456,166
106000055,1770,1129,641
106000056,895,427,468
106000057,1087,542,545
106000058,595,173,422
106000059,943,613,330
106000060,709,427,282
106000061,398,1508,-1110
106000062,263,494,-231
106000063,1796,1502,294
106000064,73,746,-673
106000065,936,374,562
106000066,237,1096,-859
106000067,1164,195,969
106000068,170,828,-658
106000069,1015,193,822
106000070,615,866,-251
106000071,1491,404,1087
106000072,5279,2185,3094
106000073,2980,11045,-8065
106000074,1365,1283,82
106000075,661,1813,-1152
106000076,2172,2304,-132
106000077,2988,1349,1639
106000078,2722,1028,1694
106000079,1636,1325,311
106000080,2586,950,1636
106000081,1645,1170,475
106000082,2600,975,1625
106000083,629,1361,-732
106000084,1415,619,796
106000085,2422,1624,798
106000086,984,988,-4
106000087,1401,538,863
106000088,815,933,-118
106000089,2511,421,2090
106000090,622,954,-332
106000091,396,693,-297
106000092,2744,557,2187
106000093,1214,222,992
106000094,64,505,-441
106000095,2189,1479,710
106000096,2531,992,1539
106000097,2384,1605,779
106000098,2436,1290,1146
106000099,386,1794,-1408
106000100,3014,434,2580
106000101,2032,1463,569
106000102,135,2710,-2575
106000103,516,1764,-1248
106000104,2019,726,1293
106000105,819,1338,-519
106000106,1725,559,1166
106000107,167,388,-221
106000108,709,225,484
106000109,474,177,297
106000110,891,239,652
106000111,294,276,18
106000112,538,1580,-1042
106000113,1456,589,867
106000114,1225,2066,-841
106000115,717,516,201
106000116,731,357,374
106000117,1897,724,1173
106000118,2640,1941,699
106000119,1828,775,1053
106000120,2034,2694,-660
106000121,1079,508,571
106000122,642,99,543
106000123,1945,181,1764
106000124,422,147,275
106000125,118,235,-117
106000126,744,111,633
106000127,4104,974,3130
106000128,2745,460,2285
106000129,1946,636,1310
106000130,2490,624,1866
106000131,350,1658,-1308
106000132,1698,377,1321
106000133,4718,4023,695
106000134,1046,7200,-6154
106000135,387,1252,-865
106000136,1560,3199,-1639
106000137,160,1723,-1563
106000138,5596,168,5428
106000139,246,128,118
106000140,48,127,-79
106000141,294,92,202
106000142,233,162,71
106000143,68,54,14
106000144,99,252,-153
106000145,1262,184,1078
106000146,796,318,478
106000147,854,712,142
106000148,940,845,95
106000149,1640,481,1159
106000150,1725,4374,-2649
106000151,6380,841,5539
106000152,1768,4973,-3205
106000153,232,3535,-3303
106000154,2246,284,1962
106000155,414,541,-127
106000156,3756,379,3377
106000157,1384,3039,-1655
106000158,3399,955,2444
106000159,5007,4756,251
106000160,1776,8877,-7101
106000161,1629,557,1072
106000162,930,2750,-1820
106000163,927,456,471
106000164,1580,461,1119
106000165,447,786,-339
106000166,2468,600,1868
106000167,857,1616,-759
106000168,2246,624,1622
106000169,613,971,-358
106000170,2469,1389,1080
106000171,438,2082,-1644
106000172,4369,2923,1446
106000173,1168,4520,-3352
106000174,2418,565,1853
106000175,362,744,-382
106000176,5012,1502,3510
106000177,1869,2853,-984
106000178,5226,2131,3095
106000179,1182,2142,-960
106000180,1349,834,515
106000181,3255,1842,1413
106000182,4157,871,3286
106000183,4523,505,4018
106000184,3188,847,2341
106000185,3536,2864,672
106000186,699,85,614
106000187,351,2713,-2362
106000188,0,6,-6
106000189,13,106,-93
106000190,64,2,62
106000191,1107,193,914
106000192,6,11,-5
106000193,647,366,281
106000194,229,657,-428
106000195,469,357,112
106000196,135,933,-798
106000197,1555,400,1155
106000198,385,587,-202
106000199,1147,2557,-1410
106000200,741,566,175
106000201,817,13235,-12418
106000202,5294,984,4310
106000203,49,312,-263
106000204,127,8,119
106000205,13,158,-145
106000206,226,16,210
106000207,24,347,-323
106000208,6139,667,5472
106000209,4176,1584,2592
106000210,610,934,-324
106000211,240,1646,-1406
106000212,2345,822,1523
106000213,318,1443,-1125
106000214,2066,703,1363
106000215,609,661,-52
106000216,1485,761,724
106000217,303,563,-260
106000218,464,406,58
106000219,320,356,-36
106000220,1060,448,612
106000221,857,173,684
106000222,224,133,91
106000223,1065,206,859
106000224,753,112,641
106000225,285,274,11
106000226,164,266,-102
106000228,71,193,-122
106000229,405,847,-442
106000231,2500,186,2314
106000232,156,538,-382
106000233,976,1539,-563
106000234,113,1106,-993
106000235,520,1515,-995
106000236,242,1122,-880
106000237,1,34,-33
106000238,12,134,-122
106000239,7,185,-178
106000240,149,13,136
106000241,24,918,-894
106000242,1015,47,968
106000249,280,110,170
106000250,322,1588,-1266
106000251,291,21,270
106000252,44,196,-152
106000253,112,75,37
106000254,413,46,367
106000255,141,346,-205
106000256,291,22,269
106000257,228,234,-6
106000258,204,456,-252
106000259,15,541,-526
106000260,100,26,74
106000261,12,141,-129
106000262,212,30,182
106000263,23,178,-155
106000264,314,39,275
106000265,52,218,-166
106000266,280,66,214
106000267,60,162,-102
106000268,547,80,467
106000269,119,88,31
106000270,120,401,-281
106000271,147,182,-35
106000272,252,159,93
106000273,15,342,-327
106000274,196,73,123
106000275,383,252,131
106000276,216,39,177
106000277,296,257,39
106000278,190,19,171
106000279,72,19,53
106000280,276,47,229
106000281,128,29,99
106000282,176,76,100
106000283,244,51,193
106000284,349,115,234
106000285,201,146,55
106000286,299,95,204
106000287,122,106,16
106000288,254,154,100
106000289,186,88,98
106000290,235,156,79
106000291,167,132,35
106000292,260,207,53
106000293,193,77,116
106000294,182,114,68
106000295,66,77,-11
106000296,95,89,6
106000297,69,246,-177
106000298,82,214,-132
106000299,82,86,-4
106000300,84,155,-71
106000301,125,237,-112
106000303,86,55,31
106000304,118,23,95
106000305,156,37,119
106000306,42,47,-5
106000307,368,16,352
106000308,71,111,-40
106000309,55,50,5
106000310,682,527,155
106000311,938,289,649
106000312,246,255,-9
106000313,742,145,597
106000318,156,622,-466
106000319,5295,715,4580
106000320,0,282,-282
106000321,318,604,-286
106000322,808,56,752
106000324,102,185,-83
106000325,3646,1210,2436
106000326,1436,1635,-199
106000327,573,152,421
106000328,37,1032,-995
106000329,94,1361,-1267
106000330,78,535,-457
106000428,130,410,-280
106000429,188,261,-73
106000430,471,2562,-2091
106000431,3828,613,3215
106000432,1201,3441,-2240
106000433,3864,1718,2146
106000434,6329,1766,4563
106000435,1772,2809,-1037
106000436,12,261,-249
106000437,1347,136,1211
106000438,334,1026,-692
106000439,157,1670,-1513
106000440,326,1354,-1028
106000441,4,2,2
106000442,1030,11,1019
106000443,653,235,418
106000450,12,114,-102
106000451,74,281,-207
106000454,4,228,-224
106000455,7,165,-158
106000456,367,55,312
106000457,67,860,-793
106000458,2525,165,2360
106000459,1116,116,1000
106000460,3735,111,3624
106000461,844,366,478
106000462,3,86,-83
106000463,8,12,-4
106000464,9,264,-255
106000465,1637,13,1624
106000466,24,346,-322
106000467,194,485,-291
106000468,301,219,82
106000469,262,4,258
106000470,295,4828,-4533
106000471,16,417,-401
106000472,414,30,384
106000473,128,10,118
106000474,652,734,-82
106000475,900,328,572
106000476,327,397,-70
106000477,31,28,3
106000480,2,983,-981
106900001,0,14,-14
106900002,2,247,-245
106900003,122,4629,-4507
106900004,0,19,-19
106900006,0,25,-25
106900007,0,11,-11
106900008,1738,114,1624
106900009,1492,263,1229
106900010,1046,429,617
106900012,1971,6654,-4683
106900013,1633,319,1314
106900014,203,8,195
106900015,50,3,47
106900016,936,23,913
106900017,61,1,60
106900018,16,0,16
106900019,405,7,398
106900020,5990,5936,54
106900021,302,135,167
106900022,2702,4,2698
106900023,132,141,-9
106900024,1322,118,1204
106900025,39,1493,-1454
106900026,0,168,-168
106900027,2076,10,2066
107000001,5533,7009,-1476
107000002,2191,2505,-314
107000003,17921,13128,4793
107000004,6078,2278,3800
107000005,17361,12868,4493
107000006,5947,3563,2384
107000007,11032,14727,-3695
107000008,8327,4955,3372
107000009,17937,13325,4612
107000010,8396,5591,2805
107000011,1295,2087,-792
107000012,3965,4500,-535
107000013,291,67,224
107000014,242,101,141
107000015,1052,501,551
107000016,1896,515,1381
107000017,1218,7615,-6397
107000018,28,6579,-6551
107000020,1179,6848,-5669
107000021,1544,713,831
107000022,1461,6463,-5002
107000023,2905,396,2509
107000024,1099,6640,-5541
107000025,783,402,381
107000026,835,1177,-342
107000027,3566,1078,2488
107000028,3564,652,2912
107000029,9147,4928,4219
107000030,5180,2181,2999
107000031,10875,5028,5847
107000032,530,827,-297
107000033,3875,6439,-2564
107000034,6903,1780,5123
107000035,1114,372,742
107000036,2291,3048,-757
107000037,189,1200,-1011
107000038,658,225,433
107000039,2280,1897,383
107000040,979,306,673
107000041,1837,1327,510
107000042,1207,4056,-2849
107000043,2466,1400,1066
107000044,580,927,-347
107000045,88,676,-588
107000046,1133,858,275
107000047,1025,1701,-676
107000048,1162,828,334
107000049,769,1080,-311
107000050,1174,904,270
107000051,486,603,-117
107000052,1905,3396,-1491
107000053,728,1110,-382
107000054,54,150,-96
107000055,555,189,366
107000056,766,747,19
107000057,2056,191,1865
107000058,3210,5294,-2084
107000059,3713,3702,11
107000060,10971,9191,1780
107000061,7582,3637,3945
107000062,13129,6572,6557
107000063,6048,3737,2311
107000064,10518,10172,346
107000065,4901,7243,-2342
107000066,2748,6713,-3965
107000067,2825,2411,414
107000068,1218,1901,-683
107000069,2059,1533,526
107000070,2642,8,2634
107000071,9326,105,9221
107000072,10,1203,-1193
107000073,2635,1463,1172
107000074,97,598,-501
107000075,4390,478,3912
107000076,497,1016,-519
107000077,6299,1247,5052
107000078,893,1752,-859
107000079,6102,2214,3888
107000080,661,1950,-1289
107000081,5806,1341,4465
107000082,1297,1078,219
107000083,3007,1754,1253
107000084,493,1063,-570
107000085,5367,4806,561
107000086,4636,3156,1480
107000087,6775,5253,1522
107000088,5306,5821,-515
107000089,3539,5667,-2128
107000090,2723,1296,1427
107000091,3119,2231,888
107000092,1861,1192,669
107000093,2319,2118,201
107000094,1952,1408,544
107000095,2604,1639,965
107000096,1366,860,506
107000097,2188,1719,469
107000098,747,1105,-358
107000099,1082,916,166
107000100,346,1098,-752
107000101,245,607,-362
107000102,469,770,-301
107000103,697,584,113
107000104,326,586,-260
107000105,1207,566,641
107000106,322,375,-53
107000107,1856,463,1393
107000108,412,728,-316
107000109,2309,417,1892
107000110,149,300,-151
107000111,1238,132,1106
107000112,75,231,-156
107000113,2427,232,2195
107000114,94,460,-366
107000115,1833,1555,278
107000116,127,1027,-900
107000117,263,7013,-6750
107000118,131,245,-114
107000119,2845,2140,705
107000120,1495,1988,-493
107000121,1850,1143,707
107000122,1573,1119,454
107000123,1109,841,268
107000124,1417,477,940
107000125,2828,812,2016
107000126,3535,300,3235
107000129,426,767,-341
107000130,1757,359,1398
107000131,660,654,6
107000132,1186,584,602
107000133,600,423,177
107000134,414,2,412
107000135,4,399,-395
107000136,892,15,877
107000137,4,715,-711
107000138,302,58,244
107000139,12,1311,-1299
107000140,3305,152,3153
107000141,221,1460,-1239
107000142,1058,116,942
107000143,153,2756,-2603
107000144,1181,1202,-21
107000145,415,1045,-630
107000146,318,523,-205
107000147,5666,990,4676
107000150,774,8641,-7867
107000151,9,52,-43
107000152,1752,5225,-3473
107000153,140,280,-140
107000154,25,348,-323
107000155,1861,34,1827
107000156,2457,25,2432
107000157,124,721,-597
107000158,2248,32,2216
107000159,29,622,-593
107000160,4017,407,3610
107000161,292,420,-128
107000162,818,1757,-939
107000163,543,36,507
107000164,2298,8,2290
107000165,3149,16,3133
107000166,256,281,-25
107000167,2327,472,1855
107000168,2675,1036,1639
107000169,647,519,128
107000170,7540,1590,5950
107000171,1352,1086,266
107000172,3283,3703,-420
107000173,839,645,194
107000174,2718,13241,-10523
107000175,5636,931,4705
107000176,1,3,-2
107000177,7,2,5
107000178,44,13,31
107000179,850,1491,-641
107000180,3775,418,3357
107000181,830,829,1
107000182,4466,887,3579
107000183,539,793,-254
107000184,2824,987,1837
107000185,679,1615,-936
107000186,1810,751,1059
107000187,2538,2294,244
107000188,1139,565,574
107000189,1730,1153,577
107000190,1485,852,633
107000191,1529,1530,-1
107000192,3187,821,2366
107000193,758,1195,-437
107000194,913,694,219
107000197,1780,500,1280
107000198,551,807,-256
107000199,2371,1327,1044
107000200,2204,1490,714
107000201,1043,869,174
107000202,646,772,-126
107000203,695,2577,-1882
107000204,745,2991,-2246
107000205,1472,1568,-96
107000206,593,1984,-1391
107000207,695,2038,-1343
107000208,1533,1189,344
107000209,890,1294,-404
107000210,220,189,31
107000211,2,108,-106
107000212,13,173,-160
107000213,14,29,-15
107000214,45,108,-63
107000215,1322,422,900
107000216,971,1120,-149
107000217,427,1020,-593
107000219,159,495,-336
107000220,271,401,-130
107000222,619,336,283
107000224,2144,713,1431
107000225,355,538,-183
107000226,1445,860,585
107000227,283,237,46
107000228,1309,1161,148
107000229,145,320,-175
107000230,2242,1025,1217
107000231,696,2097,-1401
107000232,239,38,201
107000233,284,759,-475
107000234,6,162,-156
107000235,264,64,200
107000236,20,954,-934
107000237,142,0,142
107000238,86,4,82
107000239,4663,1224,3439
107000240,1058,899,159
107000241,57,11,46
107000242,263,24,239
107000243,0,93,-93
107000244,8,257,-249
107000246,0,652,-652
107000249,0,693,-693
107000251,1,336,-335
107000252,6,1590,-1584
107000255,359,491,-132
107000257,3,1860,-1857
107000258,6,357,-351
107000259,47,228,-181
107000260,4416,22,4394
107000262,403,240,163
107000263,1072,22,1050
107000266,37,73,-36
107000267,56,169,-113
107000268,593,86,507
107000269,127,5,122
107000270,487,207,280
107000271,25,0,25
107000272,215,0,215
107000273,8,596,-588
107000274,902,1968,-1066
107000275,67,4901,-4834
107000280,2907,27,2880
107000281,47,525,-478
107000282,75,495,-420
107000290,67,253,-186
107000291,62,11,51
107000292,3,1466,-1463
107000293,29,36,-7
107000294,0,625,-625
107000295,71,16,55
107000296,1,22,-21
107000444,506,7,499
107000496,12,1,11
107000497,1968,1742,226
107000500,1054,860,194
107000501,270,464,-194
107000502,553,1094,-541
107000505,611,1229,-618
107000506,0,12,-12
107000508,50,348,-298
107000509,235,1161,-926
107000510,79,323,-244
107000514,80,817,-737
107000515,73,61,12
107000516,993,931,62
107000518,4213,5679,-1466
107000519,1879,773,1106
107000520,272,304,-32
107000521,1709,662,1047
107000522,2580,623,1957
107900001,287,35,252
107900002,149,13,136
107900003,887,18,869
107900004,522,1,521
107900005,5749,17,5732
107900006,471,5,466
107900007,610,87,523
107900008,96,9,87
107900009,182,23,159
107900010,173,6,167
107900012,834,173,661
107900013,511,14,497
107900014,296,12,284
107900015,4047,18,4029
107900016,826,103,723
107900017,122,2,120
107900018,99,682,-583
107900019,41,22,19
107900020,55,55,0
107900021,453,45,408
107900023,6,5,1
107900024,0,11,-11
107900025,610,111,499
107900026,149,40,109
107900027,20,101,-81
107900028,679,41,638
107900030,513,58,455
107900031,299,88,211
107900032,73,39,34
107900033,58,31,27
107900034,533,36,497
107900035,3750,200,3550
107900036,120,53,67
107900037,0,17,-17
107900038,145,634,-489
107900039,81,8,73
107900040,11,364,-353
107900041,1,3,-2
107900043,309,108,201
107900044,17,36,-19
107900045,275,83,192
107900046,700,557,143
107900047,86,85,1
107900048,755,70,685
107900049,744,2163,-1419
107900050,59,422,-363
107900051,144,32,112
107900052,28,120,-92
107900053,248,98,150
107900055,1081,481,600
107900056,154,318,-164
107900057,7,0,7
107900058,94,727,-633
107900060,23,384,-361
107900061,3,22,-19
107900063,138,253,-115
107900064,290,1242,-952
107900065,1020,47,973
107900066,47,10,37
107900067,0,0,0
107900068,151,1525,-1374
107900069,56,6398,-6342
107900070,208,283,-75
107900071,35,457,-422
107900072,547,58,489
107900073,237,308,-71
107900074,210,833,-623
107900076,298,63,235
107900077,293,5,288
107900078,266,139,127
107900079,50,46,4
107900080,108,1316,-1208
107900081,177,67,110
107900082,4,2,2
107900083,977,162,815
107900084,336,353,-17
107900086,43,639,-596
107900087,480,81,399
107900088,207,23,184
107900089,463,1491,-1028
107900090,2056,4549,-2493
107900091,208,174,34
107900092,2130,272,1858
107900093,113,168,-55
107900095,2257,1850,407
107900097,92,149,-57
107900098,223,1364,-1141
107900100,496,2698,-2202
107900101,818,75,743
107900102,131,14,117
107900103,182,219,-37
107900104,645,5,640
107900105,29,118,-89
107900106,19,420,-401
107900107,1803,491,1312
107900108,299,64,235
107900109,3931,88,3843
107900110,203,127,76
107900111,6,320,-314
107900112,108,1169,-1061
107900113,478,49,429
107900114,512,120,392
107900115,0,6,-6
107900116,619,75,544
107900117,345,330,15
107900118,95,247,-152
107900119,219,416,-197
107900120,93,40,53
107900121,2,225,-223
107900122,1,366,-365
107900123,38,250,-212
107900124,15,95,-80
107900125,14,281,-267
107900126,138,766,-628
107900127,920,362,558
107900128,129,134,-5
107900129,271,18,253
107900130,271,25,246
107900131,116,296,-180
107900132,176,345,-169
107900133,0,43,-43
107900134,38,87,-49
107900135,7,47,-40
107900136,41,29,12
107900137,119,160,-41
107900138,201,22,179
107900139,236,63,173
107900140,147,108,39
107900141,60,32,28
107900142,166,673,-507
107900143,15,11,4
107900144,2,54,-52
107900145,13,72,-59
107900146,30,134,-104
107900147,45,43,2
107900148,345,193,152
107900149,799,61,738
107900150,194,497,-303
107900151,86,41,45
107900152,32,109,-77
107900153,271,414,-143
107900154,100,68,32
107900155,238,309,-71
107900156,2,102,-100
107900157,46,92,-46
107900158,3190,97,3093
107900159,109,441,-332
107900160,263,91,172
107900161,454,121,333
107900162,17,153,-136
107900163,63,103,-40
107900164,56,129,-73
107900165,10,585,-575
107900166,104,52,52
107900167,26,101,-75
107900168,252,113,139
107900169,3,5607,-5604
107900171,261,667,-406
107900172,2,331,-329
107900173,96,32,64
107900174,379,9,370
107900175,54,497,-443
107900176,175,27,148
107900177,7,294,-287
107900178,2,343,-341
107900179,177,214,-37
107900180,304,2086,-1782
107900181,401,459,-58
107900182,16,447,-431
107900183,223,32,191
107900184,462,920,-458
107900185,282,11,271
107900186,42,26,16
107900187,0,266,-266
107900188,945,111,834
107900189,163,184,-21
107900190,16,192,-176
107900191,100,236,-136
107900193,18,193,-175
107900194,374,16,358
107900195,2839,199,2640
107900196,255,40,215
107900197,328,465,-137
107900199,0,604,-604
107900201,183,136,47
107900203,52,56,-4
107900204,391,424,-33
107900205,421,368,53
107900206,349,987,-638
107900207,3,400,-397
107900208,10,318,-308
107900209,611,165,446
107900210,89,53,36
107900213,835,608,227
107900214,36,468,-432
107900215,310,701,-391
107900216,17,35,-18
107900217,131,98,33
107900218,39,4014,-3975
107900219,289,36,253
107900220,65,237,-172
107900221,278,461,-183
107900223,422,125,297
107900224,367,893,-526
107900225,9,783,-774
107900226,28,59,-31
107900227,283,471,-188
107900228,96,185,-89
107900229,2,62,-60
107900230,54,32,22
107900231,51,88,-37
107900232,671,68,603
107900233,14,39,-25
107900234,606,148,458
107900235,170,266,-96
107900236,1175,98,1077
107900237,17,543,-526
107900238,142,24,118
107900239,710,1323,-613
107900240,247,55,192
107900241,16,16,0
107900242,69,501,-432
107900243,0,32,-32
107900244,586,4,582
107900245,1854,105,1749
107900246,456,179,277
107900248,2050,191,1859
107900249,2308,340,1968
107900250,2,256,-254
107900251,63,636,-573
107900252,1658,87,1571
107900253,411,28,383
107900254,123,370,-247
107900255,343,60,283
107900256,905,3403,-2498
107900257,787,236,551
107900258,208,67,141
107900259,43,7757,-7714
107900261,7,192,-185
107900262,254,99,155
107900264,1075,50,1025
107900265,256,650,-394
107900267,797,22,775
107900268,96,8,88
107900269,0,8,-8
107900270,3,0,3
107900271,3,68,-65
107900272,32,27,5
107900273,137,109,28
107900274,190,0,190
107900275,113,1,112
107900276,0,10,-10
107900277,0,45,-45
107900278,1166,137,1029
107900279,39,68,-29
107900280,3963,1477,2486
107900281,1718,15565,-13847
107900282,46,1962,-1916
107900283,926,1682,-756
107900284,1511,1649,-138
107900285,388,33,355
107900286,49,38,11
107900287,961,191,770
107900290,1,1618,-1617
107900291,1084,45,1039
107900292,420,96,324
107900293,178,267,-89
107900295,217,71,146
107900297,6,628,-622
107900298,943,925,18
107900299,3554,5510,-1956
107900300,144,1741,-1597
107900301,2109,1491,618
107900302,251,74,177
107900303,812,697,115
107900304,1173,122,1051
107900305,605,17,588
107900306,1,105,-104
107900307,8,287,-279
107900308,221,314,-93
107900309,90,1,89
107900310,104,1,103
107900311,7,416,-409
107900312,103,1,102
107900313,1,190,-189
107900314,2,190,-188
107900315,0,67,-67
107900316,28,1,27
107900317,152,8,144
107900318,4,252,-248
107900319,13,59,-46
107900320,3,93,-90
107900321,361,14,347
107900322,55,56,-1
107900323,12,115,-103
107900324,222,8,214
107900325,342,7,335
107900326,2212,227,1985
107900327,0,220,-220
107900328,38,0,38
107900329,56,669,-613
107900330,8,78,-70
107900331,902,59,843
107900332,1011,12,999
107900333,166,76,90
107900334,39,81,-42
107900335,37,215,-178
107900336,37,272,-235
107900337,780,1871,-1091
107900338,2,177,-175
107900339,3,13,-10
107900340,1,147,-146
107900341,110,0,110
107900342,292,158,134
107900343,66,2,64
107900344,9,70,-61
107900345,104,19,85
107900346,15,0,15
107900347,62,5,57
107900348,3,12,-9
107900349,71,2,69
107900350,68,295,-227
108000001,7635,6578,1057
108000002,2447,1911,536
108000003,4740,5512,-772
108000004,13169,12891,278
108000005,12104,9782,2322
108000006,5033,6787,-1754
108000007,10032,9606,426
108000008,4652,5937,-1285
108000009,10365,10542,-177
108000010,3418,5939,-2521
108000011,21978,16638,5340
108000012,12440,11700,740
108000014,1185,2259,-1074
108000015,2117,358,1759
108000016,545,488,57
108000017,2559,677,1882
108000018,3494,1768,1726
108000019,1475,2040,-565
108000020,2232,596,1636
108000021,471,2295,-1824
108000022,672,1064,-392
108000023,3469,508,2961
108000024,808,438,370
108000025,1183,200,983
108000026,1440,962,478
108000027,1789,320,1469
108000028,1394,478,916
108000029,1319,575,744
108000030,798,474,324
108000031,252,1109,-857
108000032,4682,1208,3474
108000033,1248,839,409
108000034,3647,1064,2583
108000035,850,1707,-857
108000036,1113,906,207
108000037,5148,569,4579
108000038,7209,652,6557
108000039,993,1380,-387
108000040,4604,1767,2837
108000041,559,2202,-1643
108000042,1029,159,870
108000043,507,367,140
108000044,1423,154,1269
108000045,589,305,284
108000046,3754,654,3100
108000047,671,793,-122
108000048,137,373,-236
108000049,1439,331,1108
108000050,234,281,-47
108000051,755,462,293
108000052,356,397,-41
108000053,722,542,180
108000054,456,1396,-940
108000055,2008,1219,789
108000056,780,1615,-835
108000057,1153,2506,-1353
108000058,3322,9264,-5942
108000059,2781,1632,1149
108000060,429,852,-423
108000061,136,262,-126
108000062,2584,1177,1407
108000063,850,707,143
108000064,671,387,284
108000065,1195,689,506
108000066,3755,2169,1586
108000067,5073,1581,3492
108000068,1805,945,860
108000069,243,910,-667
108000070,4070,1470,2600
108000071,887,1748,-861
108000072,2476,1336,1140
108000073,1255,1262,-7
108000074,1291,1133,158
108000075,672,577,95
108000076,1777,915,862
108000077,1167,662,505
108000078,4520,1309,3211
108000079,1287,1017,270
108000080,3664,897,2767
108000081,1701,903,798
108000082,987,1426,-439
108000083,4173,1311,2862
108000084,945,1667,-722
108000085,2618,1264,1354
108000086,764,703,61
108000087,285,4674,-4389
108000088,627,15,612
108000089,646,841,-195
108000090,1401,459,942
108000091,198,681,-483
108000092,574,336,238
108000093,680,597,83
108000094,2301,395,1906
108000095,428,554,-126
108000096,1454,375,1079
108000097,331,629,-298
108000098,5344,2106,3238
108000099,515,174,341
108000100,149,572,-423
108000101,2276,2694,-418
108000102,2140,5034,-2894
108000106,1467,1,1466
108000107,8,1294,-1286
108000108,1329,122,1207
108000109,9,564,-555
108000110,997,520,477
108000111,464,1267,-803
108000112,116,307,-191
108000113,685,343,342
108000115,501,496,5
108000117,741,685,56
108000118,24,785,-761
108000119,959,405,554
108000120,499,1873,-1374
108000121,581,775,-194
108000122,1875,681,1194
108000123,1622,670,952
108000124,661,1706,-1045
108000125,1473,432,1041
108000126,530,570,-40
108000127,1701,851,850
108000128,1883,350,1533
108000129,685,1964,-1279
108000130,1150,857,293
108000131,1135,313,822
108000132,933,863,70
108000133,2207,486,1721
108000134,1098,423,675
108000135,2233,1334,899
108000136,975,689,286
108000137,1015,265,750
108000138,1151,813,338
108000139,1347,355,992
108000140,1083,25,1058
108000141,182,35,147
108000142,115,112,3
108000143,95,31,64
108000144,295,8,287
108000145,158,3,155
108000146,264,11,253
108000147,76,13,63
108000148,251,21,230
108000149,76,9,67
108000150,143,16,127
108000151,5,21,-16
108000152,414,253,161
108000153,2172,277,1895
108000154,101,6,95
108000155,126,74,52
108000156,470,264,206
108000157,668,4684,-4016
108000158,125,2112,-1987
108000159,337,467,-130
108000160,2545,2444,101
108000161,2602,8510,-5908
108000165,12,865,-853
108000172,3,647,-644
108000173,777,3800,-3023
108000175,826,245,581
108000178,589,395,194
108000179,200,1578,-1378
108000181,178,31,147
108000182,125,11,114
108000183,11,11,0
108000184,822,5948,-5126
108000185,940,364,576
108000186,509,212,297
108000187,407,316,91
108000188,1925,184,1741
108000189,694,3398,-2704
108000190,97,146,-49
108000192,602,157,445
108000193,497,23,474
108000194,49,21,28
108000195,4,1174,-1170
108000196,610,989,-379
108000198,1200,104,1096
108000199,2,462,-460
108000200,1418,460,958
108000202,0,570,-570
108000203,759,744,15
108000204,359,123,236
108000205,418,416,2
108000339,1613,716,897
108000364,92,373,-281
108000365,64,948,-884
108000367,395,262,133
108000368,142,80,62
108000369,709,105,604
108000371,1,510,-509
108000372,1582,0,1582
108000373,407,89,318
108000376,303,22,281
108000377,1628,72,1556
108000378,14306,24555,-10249
108000379,44,499,-455
108000381,361,8,353
108000382,198,2,196
108000383,1,314,-313
108900001,34,476,-442
108900002,451,70,381
108900003,252,741,-489
108900004,11,949,-938
108900005,112,749,-637
108900006,1857,529,1328
108900007,703,246,457
108900008,289,126,163
108900009,360,464,-104
108900010,767,259,508
108900011,2039,360,1679
108900012,953,423,530
108900013,244,721,-477
108900014,176,221,-45
108900015,0,237,-237
108900016,1,163,-162
108900017,226,1354,-1128
108900018,319,565,-246
108900019,86,281,-195
108900020,41,158,-117
108900021,252,169,83
108900022,322,120,202
108900023,7,129,-122
108900024,85,36,49
108900025,826,72,754
108900026,47,30,17
108900027,1,38,-37
108900028,347,109,238
108900029,227,230,-3
108900030,0,16,-16
108900031,893,151,742
108900032,12,239,-227
108900033,1,88,-87
108900034,0,53,-53
108900035,764,430,334
108900036,323,313,10
108900037,75,221,-146
108900038,1,59,-58
108900039,0,62,-62
108900040,26,38,-12
108900041,6684,4243,2441
108900042,2,487,-485
108900043,51,870,-819
108900044,1,123,-122
108900045,125,107,18
108900046,20,203,-183
108900047,2,438,-436
108900048,285,348,-63
108900049,1512,6007,-4495
108900050,2,86,-84
108900051,1,75,-74
108900052,70,70,0
108900053,271,1391,-1120
108900054,96,93,3
108900055,43,467,-424
108900056,0,30,-30
108900057,3,94,-91
108900058,144,92,52
108900059,2876,115,2761
108900060,109,226,-117
108900061,125,26,99
108900062,7,281,-274
108900063,37,112,-75
108900064,970,20,950
108900065,89,103,-14
108900066,898,233,665
108900067,1,289,-288
108900068,14,39,-25
108900069,393,18,375
108900070,60,48,12
108900071,277,114,163
108900072,1709,267,1442
108900073,69,373,-304
108900074,1273,74,1199
108900075,7,23,-16
108900076,952,43,909
108900077,233,373,-140
108900078,148,57,91
108900079,384,359,25
108900080,11,1947,-1936
108900081,124,408,-284
108900082,203,35,168
108900083,19,633,-614
108900084,447,175,272
108900085,1878,287,1591
108900086,526,112,414
108900087,102,341,-239
108900088,1059,741,318
108900089,4,234,-230
108900090,323,66,257
108900091,127,138,-11
108900092,906,557,349
108900093,185,151,34
108900094,752,284,468
108900095,91,602,-511
108900096,368,8,360
108900097,452,185,267
108900098,2001,2355,-354
108900099,1048,196,852
108900100,159,118,41
108900101,506,1065,-559
108900102,25,2920,-2895
108900103,352,429,-77
108900104,104,594,-490
108900105,18,5145,-5127
108900106,1148,229,919
108900108,564,40,524
108900109,1293,152,1141
108900110,448,237,211
108900111,1151,287,864
108900112,834,37,797
108900113,54,151,-97
108900114,224,16,208
108900115,284,347,-63
108900116,196,29,167
108900117,666,35,631
108900118,1778,73,1705
108900119,1001,43,958
108900120,609,500,109
108900121,494,178,316
108900122,631,53,578
108900123,631,225,406
108900124,2348,336,2012
108900125,1648,27,1621
108900126,317,83,234
108900127,666,128,538
108900128,590,120,470
108900129,2965,273,2692
108900130,1875,8,1867
108900131,1124,19,1105
108900132,1456,159,1297
108900133,805,49,756
108900134,1593,276,1317
108900135,803,29,774
108900136,65,1,64
108900137,777,5,772
108900138,2701,237,2464
108900139,1635,101,1534
108900140,1642,58,1584
108900141,1198,25,1173
108900142,160,14,146
108900143,260,2,258
108900144,342,5,337
108900145,870,66,804
108900146,361,5,356
108900147,838,2,836
108900148,152,39,113
108900149,792,1239,-447
108900150,608,3,605
108900151,44,7,37
108900152,238,36,202
108900153,743,93,650
108900154,10918,462,10456
108900155,943,54,889
108900156,288,12,276
108900157,130,364,-234
108900158,1280,218,1062
108900159,337,146,191
108900160,11,138,-127
108900161,351,698,-347
108900162,496,8,488
108900163,7,684,-677
108900164,203,99,104
108900165,196,49,147
108900167,1987,24467,-22480
108900168,6291,3371,2920
108900169,119,191,-72
108900171,4586,6175,-1589
108900172,320,162,158
108900173,95,547,-452
108900174,2079,873,1206
108900176,329,415,-86
108900177,8145,18751,-10606
108900178,3491,9834,-6343
108900179,473,3818,-3345
108900180,81,453,-372
108900182,117,903,-786
108900183,298,432,-134
108900184,718,417,301
108900185,111,880,-769
108900186,208,645,-437
108900187,1609,49,1560
108900188,1776,139,1637
108900189,666,623,43
108900190,197,3508,-3311
108900191,165,257,-92
108900192,143,227,-84
108900193,76,77,-1
108900194,2,296,-294
108900195,145,169,-24
108900196,281,308,-27
108900198,4,287,-283
108900199,385,520,-135
108900200,1635,825,810
108900201,619,1272,-653
108900203,548,209,339
108900204,659,19,640
108900205,419,62,357
108900206,1108,202,906
108900207,562,659,-97
108900208,13,527,-514
108900209,187,751,-564
108900210,110,191,-81
108900211,311,1054,-743
108900212,150,3931,-3781
108900215,124,354,-230
108900216,448,762,-314
108900217,130,1,129
108900218,123,30,93
108900219,83,6,77
108900220,137,51,86
108900221,46,58,-12
108900222,576,17,559
108900223,3,83,-80
108900224,70,99,-29
108900225,0,259,-259
108900226,1090,106,984
108900227,411,658,-247
108900230,114,319,-205
108900231,17,140,-123
108900232,0,184,-184
108900233,934,289,645
108900234,508,367,141
108900235,339,433,-94
108900236,50,629,-579
108900237,39,64,-25
108900240,213,163,50
108900241,144,78,66
108900245,1,4283,-4282
108900249,179,17,162
108900250,598,136,462
108900257,485,401,84
108900258,16,114,-98
108900259,54,45,9
108900260,24,44,-20
108900261,77,77,0
108900262,171,266,-95
108900263,70,254,-184
108900264,250,307,-57
108900265,3588,1263,2325
108900266,206,3600,-3394
108900267,1,729,-728
108900268,21,60,-39
108900269,472,62,410
108900270,520,34,486
108900271,147,367,-220
108900272,954,130,824
108900273,394,3753,-3359
108900274,205,24,181
109000001,6562,5498,1064
109000002,960,5133,-4173
109000003,6831,900,5931
109000004,1012,2857,-1845
109000005,4255,1069,3186
109000006,1489,2212,-723
109000007,4669,1392,3277
109000008,1134,1681,-547
109000009,6884,2009,4875
109000010,1158,4030,-2872
109000011,8847,4293,4554
109000012,2414,3888,-1474
109000013,10052,10211,-159
109000014,2882,2989,-107
109000015,5839,24487,-18648
109000016,6499,2838,3661
109000017,6746,2282,4464
109000018,2541,2659,-118
109000019,5120,2606,2514
109000020,1757,2980,-1223
109000023,636,39,597
109000024,6,266,-260
109000025,315,1160,-845
109000026,1018,382,636
109000027,195,608,-413
109000028,247,93,154
109000029,123,738,-615
109000030,43,519,-476
109000031,611,207,404
109000032,206,657,-451
109000033,871,375,496
109000034,105,109,-4
109000035,15,58,-43
109000036,83,526,-443
109000037,620,5810,-5190
109000038,453,431,22
109000039,1346,1513,-167
109000040,5674,26937,-21263
109000041,1782,5467,-3685
109000042,829,3394,-2565
109000044,766,189,577
109000045,151,400,-249
109000046,889,158,731
109000047,139,420,-281
109000048,533,709,-176
109000049,384,784,-400
109000050,572,616,-44
109000051,417,281,136
109000052,1008,573,435
109000053,904,161,743
109000054,347,572,-225
109000055,893,584,309
109000056,559,693,-134
109000057,2454,739,1715
109000058,434,157,277
109000059,248,1619,-1371
109000060,170,665,-495
109000061,647,3718,-3071
109000062,289,599,-310
109000063,468,366,102
109000064,1120,197,923
109000065,468,691,-223
109000066,1333,83,1250
109000067,178,731,-553
109000068,973,20,953
109000069,1074,27,1047
109000070,164,1609,-1445
109000071,904,84,820
109000072,133,354,-221
109000073,118,194,-76
109000074,20,262,-242
109000075,98,391,-293
109000076,142,554,-412
109000077,424,255,169
109000078,211,225,-14
109000079,305,117,188
109000080,497,151,346
109000081,273,501,-228
109000082,2068,257,1811
109000083,626,646,-20
109000088,272,298,-26
109000089,559,154,405
109000090,195,308,-113
109000091,847,271,576
109000092,328,338,-10
109000093,551,237,314
109000094,1883,14,1869
109000095,346,421,-75
109000096,2280,365,1915
109000097,77,128,-51
109000098,160,217,-57
109000099,1564,142,1422
109000100,793,510,283
109000101,3746,579,3167
109000102,1315,561,754
109000103,1498,867,631
109000104,5443,630,4813
109000105,1185,819,366
109000106,3810,872,2938
109000107,1080,1715,-635
109000108,4427,1020,3407
109000109,1151,1304,-153
109000110,2556,930,1626
109000111,1536,1944,-408
109000112,683,244,439
109000113,525,660,-135
109000114,236,1142,-906
109000115,1431,24,1407
109000116,7,460,-453
109000117,517,44,473
109000118,13,251,-238
109000119,3916,153,3763
109000120,976,1066,-90
109000121,1297,31,1266
109000122,478,443,35
109000123,66,64,2
109000124,2133,506,1627
109000125,1898,473,1425
109000126,1310,557,753
109000127,2858,169,2689
109000128,1387,812,575
109000129,7054,746,6308
109000130,690,866,-176
109000131,1300,919,381
109000132,476,1768,-1292
109000133,391,619,-228
109000134,997,2476,-1479
109000135,792,2975,-2183
109000136,483,461,22
109000137,657,625,32
109000138,1049,267,782
109000139,1439,768,671
109000140,485,352,133
109000141,1332,731,601
109000142,304,628,-324
109000143,264,206,58
109000145,132,324,-192
109000146,15,162,-147
109000148,3343,4035,-692
109000149,22,170,-148
109000150,41,375,-334
109000155,1607,1298,309
109000156,1560,389,1171
109000158,112,321,-209
109000159,161,809,-648
109000160,3139,349,2790
109000161,1288,1737,-449
109000162,4434,724,3710
109000163,2574,1729,845
109000164,3478,2490,988
109000165,3491,829,2662
109000166,2943,167,2776
109000167,353,746,-393
109000170,48,52,-4
109000171,251,57,194
109000172,39,38,1
109000173,30,316,-286
109000174,372,71,301
109000175,67,133,-66
109000176,1272,439,833
109000177,89,176,-87
109000178,2230,466,1764
109000179,4284,11703,-7419
109000180,5595,5499,96
109000181,33,14,19
109000182,212,11,201
109000183,100,32,68
109000184,115,6,109
109000185,45,24,21
109000188,625,2174,-1549
109000189,6217,2641,3576
109000190,1434,698,736
109000191,562,563,-1
109000192,1272,252,1020
109000193,1238,156,1082
109000194,832,98,734
109000195,803,111,692
109000196,571,89,482
109000197,849,316,533
109000198,618,54,564
109000199,556,373,183
109000206,266,32,234
109000207,395,54,341
109000208,236,197,39
109000209,233,122,111
109000210,340,608,-268
109000211,2442,869,1573
109000214,867,208,659
109000215,145,102,43
109000216,589,604,-15
109000217,228,1018,-790
109000218,484,618,-134
109000221,215,876,-661
109000222,1100,267,833
109000223,1215,793,422
109000224,238,39,199
109000225,327,34,293
109000226,154,293,-139
109000227,4208,777,3431
109000228,0,939,-939
109000231,217,112,105
109000232,1580,68,1512
109000236,536,527,9
109000241,3000,1314,1686
109000242,2042,714,1328
109000293,100,404,-304
109000361,41,256,-215
109000364,153,1566,-1413
109000396,7,281,-274
109000397,1369,34,1335
109000399,208,397,-189
109000400,178,320,-142
109000403,43,2322,-2279
109000406,1339,9,1330
109000407,351,171,180
109000408,0,1031,-1031
109000410,1258,301,957
109000411,714,59,655
109900001,290,1,289
109900002,1954,27,1927
109900003,1142,2,1140
109900004,387,116,271
109900005,52,1,51
109900006,1218,122,1096
109900007,2790,112,2678
109900008,1,43,-42
109900009,360,371,-11
109900010,1371,149,1222
109900011,29,83,-54
109900012,852,1826,-974
109900013,656,588,68
109900014,835,182,653
109900015,237,147,90
109900016,229,15,214
109900017,653,508,145
109900018,453,41,412
109900019,494,165,329
109900020,178,69,109
109900021,131,30,101
109900022,234,606,-372
109900023,48,24,24
109900024,13,9,4
109900025,24,74,-50
109900026,16,131,-115
109900027,85,66,19
109900028,608,4186,-3578
109900029,5,157,-152
109900030,62,41,21
109900031,4,667,-663
109900032,9,198,-189
109900033,3,734,-731
109900034,114,6,108
109900035,119,306,-187
109900036,64,91,-27
109900037,41,342,-301
109900038,127,361,-234
109900039,19,1,18
109900040,41,336,-295
109900041,66,439,-373
109900042,67,4645,-4578
109900044,160,541,-381
109900045,192,37,155
109900046,89,152,-63
109900047,385,353,32
109900048,2,253,-251
109900049,29,140,-111
109900050,1,47,-46
109900051,0,11,-11
109900052,115,225,-110
109900053,0,72,-72
109900054,1998,194,1804
109900055,139,228,-89
109900056,88,683,-595
109900057,7,54,-47
109900058,2,66,-64
109900059,2705,97,2608
109900060,2084,91,1993
109900061,117,99,18
109900062,0,139,-139
109900063,9,735,-726
109900064,1409,186,1223
109900065,166,120,46
109900066,653,678,-25
109900067,0,176,-176
109900068,115,3,112
109900069,224,16,208
109900070,93,120,-27
109900071,87,36,51
109900072,71,105,-34
109900073,1347,224,1123
109900074,39,15,24
109900075,62,67,-5
109900076,53,48,5
109900077,80,33,47
109900078,187,164,23
109900080,444,163,281
109900081,5,303,-298
109900082,188,161,27
109900083,54,42,12
109900084,57,262,-205
109900085,98,255,-157
109900086,222,1945,-1723
109900087,85,486,-401
109900089,1784,239,1545
109900090,269,793,-524
109900091,930,235,695
109900092,620,336,284
109900093,2551,263,2288
109900094,151,108,43
109900095,90,232,-142
109900096,248,11,237
109900097,379,2,377
109900098,1235,71,1164
109900099,685,4,681
109900100,120,0,120
109900101,1959,9,1950
109900102,1343,30,1313
109900103,43,100,-57
109900104,2180,113,2067
109900105,1320,67,1253
109900106,836,42,794
109900107,2376,90,2286
109900108,795,411,384
109900109,111,741,-630
109900110,168,209,-41
109900111,138,451,-313
109900112,230,296,-66
109900113,1378,738,640
109900114,911,2413,-1502
109900115,255,194,61
109900117,2656,77,2579
109900118,241,263,-22
109900119,151,467,-316
109900120,211,38,173
109900121,520,424,96
109900122,1234,6,1228
109900123,15,53,-38
109900124,290,249,41
109900125,1,248,-247
109900126,935,27,908
109900128,829,125,704
109900130,4034,6917,-2883
109900131,132,117,15
109900132,43,115,-72
109900133,191,295,-104
109900134,69,607,-538
109900135,464,60,404
109900136,162,241,-79
109900137,531,456,75
109900140,383,165,218
109900142,4166,306,3860
109900145,13,1261,-1248
109900146,227,46,181
109900148,56,87,-31
109900149,100,64,36
109900150,101,74,27
109900151,16,38,-22
109900152,2,39,-37
109900153,2,586,-584
109900154,70,0,70
109900155,124,54,70
109900157,43,102,-59
109900158,85,122,-37
109900159,297,81,216
109900160,324,43,281
109900161,791,119,672
109900162,977,249,728
109900163,536,292,244
109900164,80,347,-267
109900165,506,7,499
109900166,0,106,-106
109900167,331,386,-55
109900168,322,766,-444
109900169,333,229,104
109900170,460,3452,-2992
109900171,728,194,534
109900172,647,750,-103
109900173,2218,4493,-2275
109900174,75,137,-62
109900175,164,280,-116
109900176,396,405,-9
109900177,100,146,-46
109900178,7,1306,-1299
109900179,15,231,-216
109900180,27,21,6
110000001,1011,649,362
110000002,793,1010,-217
110000003,905,1155,-250
110000004,490,1009,-519
110000005,586,3128,-2542
110000006,442,408,34
110000007,362,198,164
110000008,31,513,-482
110000009,77,60,17
110000010,74,233,-159
110000011,69,66,3
110000012,1506,243,1263
110000013,106,1742,-1636
110000014,879,587,292
110000015,391,1242,-851
110000016,582,3132,-2550
110000017,4471,618,3853
110000018,3891,440,3451
110000019,33,210,-177
110000020,1897,500,1397
110000021,237,966,-729
110000022,2618,210,2408
110000023,17,287,-270
110000024,750,896,-146
110000025,2481,19,2462
110000026,1,285,-284
110000027,679,3241,-2562
110000028,1903,647,1256
110000029,681,680,1
110000030,732,680,52
110000031,428,328,100
110000032,2069,237,1832
110000033,437,708,-271
110000034,1047,746,301
110000035,1057,612,445
110000036,3114,1161,1953
110000037,498,627,-129
110000038,653,1215,-562
110000039,2003,11999,-9996
110000040,500,495,5
110000041,458,4067,-3609
110000042,196,1295,-1099
110000043,1310,587,723
110000044,68,2084,-2016
110000045,507,472,35
110000046,10,89,-79
110000047,11,377,-366
110000048,4,185,-181
110000049,12,19,-7
110000050,9,326,-317
110000051,15,14,1
110000052,102,38,64
110000053,32,16,16
110000054,173,2433,-2260
110000055,253,450,-197
110000056,120,417,-297
110000057,489,789,-300
110000058,1961,679,1282
110000059,1350,1009,341
110000060,2450,1349,1101
110000061,761,1132,-371
110000062,838,1348,-510
110000063,112,463,-351
110000064,106,51,55
110000065,386,329,57
110000066,247,41,206
110000067,83,206,-123
110000068,570,115,455
110000069,1416,80,1336
110000071,1113,43,1070
110000073,45,16,29
110000075,28,235,-207
110000076,708,997,-289
110000077,504,2780,-2276
110000078,338,23,315
110000080,342,474,-132
110000081,100,477,-377
110000082,55,575,-520
110000083,486,406,80
110000084,2551,1977,574
110000085,1049,1487,-438
110000086,1308,4415,-3107
110000087,51,81,-30
110000088,251,402,-151
110000089,774,83,691
110000090,79,617,-538
110000091,1160,273,887
110000092,69,56,13
110000093,145,33,112
110000094,835,292,543
110000095,321,1012,-691
110000096,1684,3809,-2125
110000097,1273,2618,-1345
110000098,3656,1202,2454
110000099,1613,2142,-529
110000100,3287,313,2974
110000101,193,178,15
110000102,204,48,156
110000104,673,588,85
110000105,52,640,-588
110000106,956,781,175
110000107,218,468,-250
110000108,213,290,-77
110000109,392,407,-15
110000110,2923,5179,-2256
110000111,5181,4422,759
110000112,294,1821,-1527
110000113,119,4952,-4833
110000114,897,1187,-290
110000115,1048,412,636
110000116,174,103,71
110000117,867,350,517
110000118,1391,215,1176
110000119,1076,359,717
110000120,825,240,585
110000121,188,646,-458
110000122,467,380,87
110000123,1098,521,577
110000124,3,550,-547
110000125,1702,11,1691
110000126,437,41,396
110000127,2159,300,1859
110000128,26,896,-870
110000129,3,448,-445
110000130,519,763,-244
110000131,72,327,-255
110000132,1,483,-482
110000133,57,686,-629
110000134,27,531,-504
110000135,347,63,284
110000136,170,365,-195
110000137,1495,658,837
110000138,1740,816,924
110000139,3017,583,2434
110000140,1260,1385,-125
110000143,1010,480,530
110000144,2540,2804,-264
110000145,2231,2409,-178
110000146,1895,1838,57
110000147,489,2259,-1770
110000148,1448,362,1086
110000151,609,2772,-2163
110000152,542,1034,-492
110000153,754,35,719
110000154,174,53,121
110000155,1166,2864,-1698
110000156,1283,2161,-878
110000157,1416,2964,-1548
110000160,691,405,286
110000161,527,473,54
110000166,1847,177,1670
110000167,3451,1149,2302
110000168,1376,1348,28
110000169,1533,616,917
110000170,516,252,264
110000171,1761,141,1620
110000172,693,629,64
110000173,774,855,-81
110000174,225,488,-263
110000175,2433,209,2224
110000176,70,1595,-1525
110000177,475,3132,-2657
110000178,688,5196,-4508
110000179,2336,508,1828
110000180,1083,616,467
110000181,2145,587,1558
110000182,1073,225,848
110000183,10745,15112,-4367
110000184,626,6685,-6059
110000185,830,1667,-837
110000186,780,1661,-881
110000191,2802,156,2646
110000192,1070,23,1047
110000193,2662,38,2624
110000194,2,791,-789
110000195,1252,94,1158
110000196,1436,74,1362
110000197,233,51,182
110000198,127,167,-40
110000199,143,1015,-872
110000200,1064,1339,-275
110000201,1863,4016,-2153
110000202,1704,678,1026
110000203,604,755,-151
110000204,2,318,-316
110000205,700,58,642
110000206,567,1033,-466
110000207,2898,370,2528
110000208,394,526,-132
110000209,85,1080,-995
110000210,2756,819,1937
110000211,1509,1207,302
110000212,1033,2444,-1411
110000213,844,66,778
110000214,1008,68,940
110000215,388,235,153
110000216,211,128,83
110000217,1271,161,1110
110000218,450,150,300
110000219,893,64,829
110000220,110,67,43
110000221,1362,33,1329
110000222,156,126,30
110000223,40,124,-84
110000224,4,8,-4
110000225,390,1249,-859
110000226,644,111,533
110000227,1111,2208,-1097
110000228,786,212,574
110000229,0,126,-126
110000230,949,1197,-248
110000231,544,767,-223
110000232,255,979,-724
110000233,231,1914,-1683
110000234,754,5065,-4311
110000235,3431,1846,1585
110000236,1616,689,927
110000237,4750,2628,2122
110000238,1399,2078,-679
110000239,3515,1710,1805
110000240,0,24,-24
110000242,0,12,-12
110000243,521,69,452
110000244,296,642,-346
110000245,92,476,-384
110000246,2050,757,1293
110000247,1635,3755,-2120
110000248,1516,1088,428
110000249,194,9,185
110000250,25,194,-169
110000251,864,299,565
110000252,922,274,648
110000253,3454,565,2889
110000254,1049,767,282
110000255,191,729,-538
110000256,807,330,477
110000257,427,320,107
110000258,17,1071,-1054
110000259,565,43,522
110000260,115,113,2
110000263,890,32,858
110000264,1211,546,665
110000265,2305,2753,-448
110000266,1612,2811,-1199
110000267,50,92,-42
110000268,438,308,130
110000269,2,124,-122
110000270,217,6,211
110000271,2915,415,2500
110000272,1896,1786,110
110000273,1889,1541,348
110000274,444,5900,-5456
110000275,2671,1304,1367
110000276,430,1651,-1221
110000277,679,866,-187
110000278,679,1007,-328
110000279,1094,772,322
110000280,1342,822,520
110000281,130,305,-175
110000282,169,38,131
110000283,10,105,-95
110000284,8,25,-17
110000285,3,552,-549
110000286,5,1,4
110000287,247,10,237
110000288,6,93,-87
110000289,673,4913,-4240
110000290,708,1230,-522
110000291,4709,1095,3614
110000292,1429,13431,-12002
110000293,1086,530,556
110000294,2701,2817,-116
110000295,251,876,-625
110000296,1524,643,881
110000297,4254,358,3896
110000298,140,484,-344
110000299,257,76,181
110000301,1011,35,976
110000302,965,2942,-1977
110000303,994,51,943
110000304,391,263,128
110000305,2825,51,2774
110000306,661,1079,-418
110000307,4943,24,4919
110000308,1056,102,954
110000309,4,1016,-1012
110000310,1662,29,1633
110000311,3,642,-639
110000312,1031,110,921
110000313,2913,2058,855
110000314,1,150,-149
110000315,2168,2111,57
110000316,788,1399,-611
110000317,199,3668,-3469
110000318,3,82,-79
110000319,5,39,-34
110000320,22,114,-92
110000321,57,85,-28
110000322,362,633,-271
110000323,1195,485,710
110000324,4160,1839,2321
110000325,2118,7952,-5834
110000327,607,405,202
110000328,111,949,-838
110000333,2484,2444,40
110000334,582,2120,-1538
110000335,886,913,-27
110000336,895,2525,-1630
110000337,3224,1183,2041
110000338,791,783,8
110000339,672,523,149
110000340,44,498,-454
110000341,1186,564,622
110000342,215,3,212
110000343,0,17,-17
110000344,135,3385,-3250
110000345,321,3862,-3541
110000346,2282,3067,-785
110000347,3327,1318,2009
110000348,5,4,1
110000349,0,2,-2
110000350,199,2,197
110000351,2647,748,1899
110000352,1313,3421,-2108
110000353,4718,464,4254
110000354,1817,8781,-6964
110000355,350,69,281
110000356,2870,21,2849
110000357,1224,23,1201
110000361,175,42,133
110000362,228,23,205
110000363,1901,145,1756
110000364,763,798,-35
110000365,237,2,235
110000366,3,305,-302
110000367,1080,419,661
110000368,10,140,-130
110000369,202,12,190
110000373,2,1198,-1196
110000374,156,75,81
110000375,177,1392,-1215
110000376,14,110,-96
110000377,86,497,-411
110000378,16,790,-774
110000379,3208,4756,-1548
110000380,224,6,218
110000383,0,780,-780
110000384,1415,238,1177
110000385,0,274,-274
110000387,282,2,280
110000388,174,211,-37
110000389,2281,113,2168
110000391,1921,564,1357
110000396,552,291,261
110000397,280,104,176
110000398,23,70,-47
110000399,574,11,563
110000587,224,774,-550
110000589,442,297,145
110000640,331,20,311
110000652,15,951,-936
110000653,784,309,475
110000654,6,339,-333
110000656,0,289,-289
110000674,88,35,53
110000675,73,70,3
110000676,0,86,-86
110000679,70,1173,-1103
110000682,212,413,-201
110000683,363,479,-116
110000684,0,118,-118
110000685,10,29,-19
110000686,3,253,-250
110000687,11,3,8
110000688,60,2293,-2233
110000689,12,5,7
110000692,26,486,-460
110000693,36,1156,-1120
110000694,0,188,-188
110000695,237,1567,-1330
110000696,108,84,24
110900001,766,46,720
110900002,533,1354,-821
110900003,2972,266,2706
110900004,1207,31,1176
110900005,1178,9000,-7822
110900006,175,85,90
110900007,594,158,436
110900008,3,44,-41
110900009,673,870,-197
110900010,21,39,-18
110900011,73,153,-80
110900012,19,39,-20
110900013,2511,255,2256
110900014,513,66,447
110900015,415,1053,-638
110900016,137,65,72
110900017,1106,103,1003
110900018,445,40,405
110900019,942,39,903
110900020,417,222,195
110900021,170,938,-768
110900022,96,187,-91
110900023,125,1020,-895
110900024,133,232,-99
110900025,58,348,-290
110900027,93,139,-46
110900028,52,93,-41
110900029,28,121,-93
110900030,53,112,-59
110900031,2,155,-153
110900032,0,38,-38
110900033,82,311,-229
110900035,24,867,-843
110900036,304,7,297
110900037,553,35,518
110900038,791,245,546
110900039,5,324,-319
110900040,577,6,571
110900041,46,39,7
110900042,199,114,85
110900043,2,66,-64
110900044,649,60,589
110900045,194,357,-163
110900046,9,128,-119
110900047,368,1234,-866
110900049,244,212,32
110900050,67,7,60
110900051,39,116,-77
110900052,4,345,-341
110900053,534,20,514
110900054,109,319,-210
110900055,26,3,23
110900056,61,155,-94
110900057,5,197,-192
110900058,997,322,675
110900059,1297,434,863
110900060,493,230,263
110900061,5,66,-61
110900062,470,118,352
110900063,134,80,54
110900064,20,0,20
110900065,86,135,-49
110900066,47,61,-14
110900067,411,1243,-832
110900068,1316,165,1151
110900069,9,25,-16
110900071,195,1829,-1634
110900073,0,7,-7
110900074,1067,116,951
110900075,1002,106,896
110900077,2651,671,1980
110900078,349,12,337
110900079,1018,1596,-578
110900080,373,126,247
110900081,30,8,22
110900082,568,100,468
110900083,260,46,214
110900084,172,14,158
110900085,317,241,76
110900086,152,468,-316
110900087,950,467,483
110900088,13,0,13
110900090,122,202,-80
110900091,1,35,-34
110900093,325,161,164
110900095,160,16,144
110900097,57,11,46
110900098,94,92,2
110900099,70,380,-310
110900100,0,23,-23
110900102,98,57,41
110900105,3500,158,3342
110900108,94,22,72
110900111,2467,137,2330
110900112,1313,19,1294
110900113,520,178,342
110900115,31,143,-112
110900116,2517,786,1731
110900118,141,7717,-7576
110900119,1951,181,1770
110900120,330,35,295
110900121,274,2,272
110900122,959,374,585
110900125,590,1715,-1125
110900127,332,1754,-1422
110900128,92,380,-288
110900129,194,1527,-1333
110900130,401,616,-215
110900131,688,543,145
110900132,1062,155,907
110900133,184,322,-138
110900135,75,277,-202
110900136,555,43,512
110900137,13,10,3
110900138,605,1648,-1043
110900139,4,669,-665
110900140,9,1,8
110900141,55,971,-916
110900142,140,223,-83
110900143,560,41,519
110900144,0,176,-176
110900145,420,280,140
110900146,213,978,-765
110900147,172,946,-774
110900148,1,510,-509
110900149,6,149,-143
110900150,80,19,61
110900151,3,67,-64
110900152,123,64,59
110900153,397,70,327
111000001,2593,1664,929
111000002,1241,703,538
111000003,4593,2449,2144
111000004,1673,2022,-349
111000005,1774,3843,-2069
111000006,1502,3861,-2359
111000007,7989,11571,-3582
111000008,6224,7120,-896
111000009,737,1860,-1123
111000010,2927,535,2392
111000011,259,1037,-778
111000012,732,502,230
111000013,832,2195,-1363
111000014,3852,1112,2740
111000017,35,935,-900
111000018,251,487,-236
111000020,1020,1208,-188
111000021,52,93,-41
111000023,332,243,89
111000025,4960,6675,-1715
111000029,241,172,69
111000030,33,74,-41
111000031,2587,1208,1379
111000032,937,570,367
111000033,396,131,265
111000034,77,237,-160
111000037,1970,576,1394
111000038,2682,2760,-78
111000039,2909,2599,310
111000040,2220,1631,589
111000041,838,740,98
111000042,3465,3348,117
111000043,3660,11530,-7870
111000044,3465,1129,2336
111000045,6018,3119,2899
111000046,4347,2589,1758
111000047,4658,11404,-6746
111000049,909,497,412
111000050,2183,922,1261
111000051,1120,1068,52
111000052,967,2047,-1080
111000053,331,782,-451
111000054,573,920,-347
111000055,1203,1831,-628
111000056,269,1182,-913
111000057,206,208,-2
111000058,1380,121,1259
111000059,1447,588,859
111000060,10418,1646,8772
111000061,1767,706,1061
111000062,2183,1133,1050
111000063,2121,1955,166
111000064,1956,794,1162
111000065,2622,1383,1239
111000066,1690,590,1100
111000067,2620,612,2008
111000068,1842,719,1123
111000069,1889,2311,-422
111000070,1077,536,541
111000071,313,430,-117
111000072,2720,1288,1432
111000073,405,2783,-2378
111000074,3754,2723,1031
111000075,1113,1195,-82
111000076,1461,1676,-215
111000077,1262,1220,42
111000078,2324,826,1498
111000079,1409,1075,334
111000080,1781,734,1047
111000081,2488,10700,-8212
111000082,1864,1038,826
111000084,1847,887,960
111000085,1930,1497,433
111000086,3550,1357,2193
111000087,1363,671,692
111000088,9966,8408,1558
111000089,1404,773,631
111000090,797,1162,-365
111000091,1279,383,896
111000092,4164,940,3224
111000093,1873,1926,-53
111000094,3656,2055,1601
111000095,2070,5267,-3197
111000096,1335,15633,-14298
111000097,4305,1295,3010
111000098,570,1363,-793
111000099,755,2075,-1320
111000100,808,2281,-1473
111000101,572,1108,-536
111000102,522,749,-227
111000104,2021,937,1084
111000107,165,971,-806
111000109,1690,425,1265
111000110,3213,1188,2025
111000111,7950,719,7231
111000112,5039,503,4536
111000113,988,4319,-3331
111000114,2065,10896,-8831
111000115,4452,1687,2765
111000116,1150,1277,-127
111000117,319,1262,-943
111000118,1338,1471,-133
111000119,3219,1183,2036
111000120,1242,1179,63
111000121,521,1579,-1058
111000122,724,920,-196
111000123,2178,1869,309
111000124,638,3016,-2378
111000125,587,1888,-1301
111000126,160,1239,-1079
111000127,2575,307,2268
111000128,6133,705,5428
111000129,7005,946,6059
111000130,6457,771,5686
111000131,6568,728,5840
111000132,3439,3403,36
111000133,442,165,277
111000134,647,95,552
111000135,131,300,-169
111000136,865,386,479
111000138,61,6,55
111000140,9,7,2
111000141,465,721,-256
111000142,5,117,-112
111000143,1,370,-369
111000144,47,1104,-1057
111000145,123,7,116
111000146,220,11,209
111000147,191,38,153
111000148,528,144,384
111000149,12,40,-28
111000150,161,4,157
111000151,57,122,-65
111000153,675,345,330
111000154,494,232,262
111000155,212,164,48
111000156,1440,480,960
111000157,336,636,-300
111000158,1440,1108,332
111000159,4408,1699,2709
111000160,840,304,536
111000161,9,615,-606
111000162,10,87,-77
111000163,1810,1067,743
111000164,518,5135,-4617
111000165,864,294,570
111000166,515,159,356
111000167,151,299,-148
111000168,304,428,-124
111000169,750,329,421
111000170,524,390,134
111000171,778,494,284
111000172,389,671,-282
111000173,462,1133,-671
111000174,776,272,504
111000175,80,1235,-1155
111000176,1119,66,1053
111000177,1953,274,1679
111000178,3889,237,3652
111000179,534,111,423
111000180,487,513,-26
111000181,4126,327,3799
111000182,550,301,249
111000183,402,641,-239
111000184,565,225,340
111000185,782,804,-22
111000186,557,708,-151
111000187,511,179,332
111000188,1003,493,510
111000189,509,366,143
111000190,542,201,341
111000191,466,221,245
111000192,203,254,-51
111000193,455,192,263
111000194,68,543,-475
111000195,192,1712,-1520
111000196,132,98,34
111000197,1665,167,1498
111000198,1412,158,1254
111000199,690,531,159
111000200,1429,933,496
111000201,2103,142,1961
111000202,1239,177,1062
111000203,1027,412,615
111000204,558,3888,-3330
111000213,533,611,-78
111000214,2383,1349,1034
111000215,2045,1092,953
111000217,3396,884,2512
111000218,3851,1298,2553
111000219,491,243,248
111000220,1293,898,395
111000221,444,298,146
111000224,13,225,-212
111000225,1266,815,451
111000226,262,8,254
111000227,26,5,21
111000228,12,1405,-1393
111000229,20,2558,-2538
111000230,305,187,118
111000231,2741,436,2305
111000232,2192,1427,765
111000233,3216,779,2437
111000234,432,1549,-1117
111000239,214,67,147
111000240,136,855,-719
111000241,184,145,39
111000242,825,123,702
111000243,387,605,-218
111000244,2082,821,1261
111000245,1535,690,845
111000246,1184,221,963
111000247,1347,512,835
111000248,1385,341,1044
111000249,1042,292,750
111000250,132,34,98
111000251,110,76,34
111000253,113,46,67
111000255,129,13,116
111000257,179,33,146
111000260,106,769,-663
111000261,3491,182,3309
111000271,77,550,-473
111000273,5737,1558,4179
111000274,2882,5870,-2988
111000275,457,88,369
111000276,449,1051,-602
111000277,531,383,148
111000278,719,311,408
111000291,3724,25593,-21869
111000298,974,359,615
111000299,1718,250,1468
111000300,80,660,-580
111000302,816,119,697
111000303,249,235,14
111000312,91,71,20
111000315,0,62,-62
111000320,312,328,-16
111000321,747,339,408
111000322,1343,235,1108
111000323,658,151,507
111000324,553,176,377
111000325,69,90,-21
111000326,443,234,209
111000327,560,372,188
111000328,752,1976,-1224
111000329,21,51,-30
111000330,284,15,269
111000331,33,10,23
111000332,737,1294,-557
111000334,346,1311,-965
111000335,2753,518,2235
111000337,4252,355,3897
111000338,272,181,91
111000339,1864,313,1551
111000340,350,2072,-1722
111000341,3831,2630,1201
111000342,107,878,-771
111000344,2486,730,1756
111000345,345,103,242
111000346,25,113,-88
111000347,404,10,394
111000350,443,268,175
111000351,208,622,-414
111000352,488,245,243
111000353,221,247,-26
111000354,1087,552,535
111000355,723,663,60
111000358,228,909,-681
111000360,387,272,115
111000361,341,119,222
111000546,2330,1477,853
111000547,817,1869,-1052
111000548,486,319,167
111000549,463,406,57
111000550,62,2018,-1956
111000551,717,193,524
111000552,963,222,741
111000907,3279,27,3252
111000908,414,3,411
111000916,5229,539,4690
111000917,154,290,-136
111000918,463,588,-125
111000920,1658,28,1630
111000921,53,101,-48
111000922,2020,191,1829
111000924,83,570,-487
111000925,8940,3637,5303
111000926,1937,1870,67
111000927,3482,8964,-5482
111000928,5232,2190,3042
111000929,3593,1944,1649
111000930,2151,2238,-87
111000931,3280,2720,560
111000932,3689,1830,1859
111000933,5276,6188,-912
111000934,2243,2107,136
111000935,5757,2187,3570
111000936,2501,1558,943
111000937,2451,2653,-202
111000938,2124,1311,813
111000939,1674,69,1605
111000940,1909,74,1835
111000941,667,1669,-1002
111000943,1074,212,862
111000944,353,258,95
111000945,551,1739,-1188
111001109,947,2031,-1084
111001110,266,479,-213
111001111,317,38,279
111001112,77,4,73
111001113,0,1168,-1168
111001114,1044,500,544
111001115,35,2670,-2635
111001116,5115,12468,-7353
111001117,636,5036,-4400
111001120,159,410,-251
111001121,777,126,651
111001122,516,132,384
111001123,703,177,526
111001124,251,61,190
111001125,8,312,-304
111900001,64,29,35
111900002,299,219,80
111900003,5,145,-140
111900004,24,25,-1
111900006,48,246,-198
111900007,864,15,849
111900008,1029,13,1016
111900009,1091,107,984
111900010,58,441,-383
111900012,30,56,-26
111900013,109,42,67
111900014,2239,14186,-11947
111900015,0,85,-85
111900016,1,45,-44
111900017,0,19,-19
111900018,320,7,313
111900019,2,302,-300
111900020,0,66,-66
111900021,39,61,-22
111900022,28,57,-29
111900023,104,48,56
111900024,130,285,-155
111900025,0,152,-152
111900026,0,31,-31
111900027,26,238,-212
111900028,36,61,-25
111900029,60,24,36
111900030,93,494,-401
111900031,26,56,-30
111900032,2,45,-43
111900033,107,41,66
111900034,134,370,-236
111900035,141,878,-737
111900036,1,48,-47
111900038,135,289,-154
111900039,56,386,-330
111900040,0,72,-72
111900042,65,160,-95
111900043,1,126,-125
111900044,119,199,-80
111900046,40,155,-115
111900048,1081,223,858
111900049,14,156,-142
111900050,389,43,346
111900051,1,50,-49
111900052,112,180,-68
111900053,541,4787,-4246
111900054,676,12,664
111900055,8,147,-139
111900056,102,591,-489
111900057,485,34,451
111900058,1640,288,1352
111900059,1593,1811,-218
111900060,667,3,664
111900061,5,91,-86
111900062,135,176,-41
111900063,585,173,412
111900064,26,77,-51
111900065,400,93,307
111900066,307,372,-65
111900067,3,233,-230
111900068,56,215,-159
111900069,198,41,157
111900070,546,97,449
111900071,0,134,-134
111900072,124,303,-179
111900073,3388,923,2465
111900074,6,224,-218
111900075,103,44,59
111900076,839,311,528
111900077,96,12,84
111900078,1146,160,986
111900079,87,93,-6
111900080,195,168,27
111900082,469,111,358
111900083,624,163,461
111900084,270,42,228
111900085,145,161,-16
111900086,158,31,127
111900087,195,7,188
111900088,2086,97,1989
111900089,293,11,282
111900090,157,272,-115
111900091,1919,42,1877
111900092,302,3,299
111900093,1750,59,1691
111900094,475,65,410
111900095,1037,113,924
111900096,779,13,766
111900097,207,0,207
111900098,1423,32,1391
111900099,211,0,211
111900100,237,34,203
111900101,337,19,318
111900102,1974,1246,728
111900103,105,395,-290
111900104,238,225,13
111900105,170,423,-253
111900106,423,8,415
111900110,3004,509,2495
111900111,620,170,450
111900112,477,11409,-10932
111900113,617,153,464
111900118,1345,102,1243
111900119,526,168,358
111900122,57,93,-36
111900123,12,63,-51
111900124,67,22,45
111900125,1378,205,1173
111900126,1332,23,1309
111900127,11,366,-355
111900128,66,260,-194
111900129,547,19,528
111900130,536,151,385
111900131,1585,5,1580
111900132,130,444,-314
111900133,12,389,-377
111900134,9,183,-174
111900135,9,53,-44
111900136,47,167,-120
111900137,25,31,-6
111900138,51,51,0
111900139,121,35,86
111900140,251,47,204
111900141,245,34,211
111900142,182,56,126
111900143,739,165,574
111900144,61,61,0
111900145,0,162,-162
111900146,0,73,-73
111900147,43,338,-295
111900148,36,565,-529
111900149,15,217,-202
111900150,40,108,-68
111900151,3,118,-115
111900152,94,77,17
111900153,485,872,-387
111900154,42,1539,-1497
111900155,144,406,-262
111900156,104,113,-9
111900157,302,40,262
111900158,1538,144,1394
111900159,1090,199,891
111900160,919,5,914
111900161,854,7,847
111900162,272,808,-536
111900163,41,183,-142
111900164,318,100,218
111901113,1502,55,1447
111901114,1067,1027,40
111901115,1032,7,1025
111901116,271,15,256
111901117,33,256,-223
111901118,22,1811,-1789
111901119,359,130,229
111901121,25,104,-79
111901122,24,70,-46
111901123,1051,111,940
111901124,871,37,834
111901125,2272,244,2028
111901127,1092,3199,-2107
111901128,36,152,-116
111901129,4,373,-369
111901130,17,79,-62
111901131,2,264,-262
111901132,212,64,148
111901133,374,2,372
111901134,463,8,455
111901135,78,25,53
111901136,168,53,115
111901137,2,76,-74
111901138,35,33,2
111901139,3,15,-12
111901140,6,62,-56
111901141,18,98,-80
111901142,6,70,-64
111901143,0,157,-157
111901144,69,88,-19
111901145,60,1180,-1120
111901146,34,6,28
112000001,4641,1450,3191
112000002,1598,2980,-1382
112000003,7427,2064,5363
112000004,2136,474,1662
112000005,7053,8350,-1297
112000006,1105,759,346
112000007,9120,5891,3229
112000008,7602,7338,264
112000009,4904,1737,3167
112000010,9674,9536,138
112000011,2462,1645,817
112000012,6742,9100,-2358
112000013,2055,4802,-2747
112000014,1212,6714,-5502
112000015,1370,5044,-3674
112000016,4491,9137,-4646
112000017,772,9087,-8315
112000024,1461,350,1111
112000026,2418,1852,566
112000027,1182,1274,-92
112000028,1154,1418,-264
112000029,1151,1206,-55
112000030,396,40,356
112000031,2437,6687,-4250
112000032,168,12,156
112000033,2598,7415,-4817
112000034,99,35,64
112000035,36,2031,-1995
112000036,259,2920,-2661
112000037,1219,1666,-447
112000038,1525,2674,-1149
112000039,254,74,180
112000040,46,221,-175
112000041,518,471,47
112000042,1546,277,1269
112000050,2495,1892,603
112000051,2530,6763,-4233
112000054,2173,2163,10
112000057,1340,340,1000
112000058,383,432,-49
112000059,1079,712,367
112000061,5530,964,4566
112000062,813,2588,-1775
112000063,332,5344,-5012
112000064,4708,4023,685
112000065,1425,2507,-1082
112000066,4645,2272,2373
112000067,797,1132,-335
112000068,4979,4074,905
112000069,708,5051,-4343
112000070,2607,2213,394
112000071,1959,2659,-700
112000072,4766,1482,3284
112000073,1909,4521,-2612
112000074,1377,2867,-1490
112000075,1885,2604,-719
112000076,4759,3991,768
112000077,2169,673,1496
112000078,4294,1239,3055
112000079,4319,2359,1960
112000080,1530,1355,175
112000081,1598,2147,-549
112000082,2108,735,1373
112000083,1435,1371,64
112000084,1718,686,1032
112000085,2882,1326,1556
112000086,3276,1450,1826
112000087,1441,306,1135
112000088,1917,297,1620
112000089,820,577,243
112000090,537,399,138
112000091,941,490,451
112000092,4191,1264,2927
112000093,2493,540,1953
112000094,1316,999,317
112000095,1565,444,1121
112000096,1418,826,592
112000097,4838,795,4043
112000098,500,658,-158
112000099,1246,3532,-2286
112000100,4445,977,3468
112000101,1040,457,583
112000102,3052,576,2476
112000103,639,409,230
112000105,699,513,186
112000106,4819,629,4190
112000107,38,239,-201
112000108,1144,1307,-163
112000109,105,127,-22
112000110,3895,1085,2810
112000111,1007,6406,-5399
112000112,3792,1151,2641
112000113,1827,2360,-533
112000114,4538,1473,3065
112000115,787,454,333
112000116,977,1563,-586
112000117,2234,980,1254
112000118,873,1083,-210
112000119,722,676,46
112000120,69,251,-182
112000121,642,247,395
112000122,1041,134,907
112000123,1840,199,1641
112000124,1172,224,948
112000125,715,747,-32
112000126,1326,201,1125
112000127,4181,4013,168
112000128,935,746,189
112000129,299,90,209
112000130,672,225,447
112000131,60,173,-113
112000132,283,261,22
112000133,837,127,710
112000134,1177,460,717
112000135,2803,1790,1013
112000136,1525,4583,-3058
112000137,3252,8342,-5090
112000138,2136,3147,-1011
112000139,843,1930,-1087
112000140,450,908,-458
112000141,2098,754,1344
112000142,238,339,-101
112000143,3262,275,2987
112000144,670,679,-9
112000145,5550,557,4993
112000146,1115,1090,25
112000147,3759,1953,1806
112000148,1372,1674,-302
112000149,1080,1365,-285
112000150,977,582,395
112000151,898,233,665
112000152,2001,355,1646
112000153,634,232,402
112000154,310,1029,-719
112000155,388,225,163
112000157,644,1914,-1270
112000158,590,345,245
112000159,2846,555,2291
112000167,609,394,215
112000169,325,2391,-2066
112000173,2579,289,2290
112000175,1026,526,500
112000176,1363,1543,-180
112000177,1726,574,1152
112000178,147,269,-122
112000179,782,64,718
112000180,833,316,517
112000181,1697,1092,605
112000182,4220,663,3557
112000183,64,29,35
112000184,851,451,400
112000185,3039,290,2749
112000187,8795,5177,3618
112000195,408,18,390
112000196,261,2,259
112000197,175,158,17
112000198,55,483,-428
112000199,913,654,259
112000202,1721,83,1638
112000216,79,218,-139
112000230,313,5,308
112000231,2,164,-162
112000256,132,1084,-952
112000313,70,78,-8
112000314,145,134,11
112000337,428,2302,-1874
112000352,193,1199,-1006
112000392,4317,824,3493
112000398,5025,1119,3906
112000399,2204,14571,-12367
112000400,2675,1249,1426
112000401,1691,1288,403
112000402,6823,7571,-748
112000403,2999,14065,-11066
112000404,3424,2223,1201
112000405,6573,5192,1381
112000406,3584,1263,2321
112000407,17792,11390,6402
112000408,7417,2708,4709
112000409,1976,1873,103
112000410,440,292,148
112000411,3892,2440,1452
112000412,642,362,280
112000413,5755,8876,-3121
112000414,385,36,349
112000415,165,45,120
112000416,7324,1508,5816
112000417,575,171,404
112000421,144,61,83
112000422,595,350,245
112000424,1870,6363,-4493
112000425,674,557,117
112000426,671,629,42
112000427,6,21,-15
112000428,905,136,769
112000429,3519,3476,43
112000430,4492,8141,-3649
112000431,230,540,-310
112000432,886,931,-45
112000433,503,763,-260
112000437,122,106,16
112900001,91,0,91
112900002,1959,173,1786
112900003,84,74,10
112900004,130,214,-84
112900005,683,120,563
112900006,91,74,17
112900007,89,49,40
112900008,1,194,-193
112900009,724,496,228
112900010,1437,258,1179
112900011,74,466,-392
112900012,0,20,-20
112900013,11,1455,-1444
112900014,5,117,-112
112900015,187,403,-216
112900016,13,832,-819
112900017,418,261,157
112900018,3,153,-150
112900019,60,217,-157
112900020,785,739,46
112900021,3,131,-128
112900022,109,63,46
112900023,3,59,-56
112900024,25,83,-58
112900025,774,194,580
112900026,10,52,-42
112900027,2,299,-297
112900028,264,68,196
112900029,15,55,-40
112900030,172,62,110
112900031,40,1927,-1887
112900032,368,264,104
112900034,1,24,-23
112900035,4,299,-295
112900036,19,349,-330
112900037,575,340,235
112900038,1486,118,1368
112900039,13,232,-219
112900040,23,2561,-2538
112900041,1395,1549,-154
112900042,232,295,-63
112900043,27,58,-31
112900044,343,228,115
112900045,1313,237,1076
112900046,123,66,57
112900047,12,95,-83
112900049,845,78,767
112900050,29,507,-478
112900051,345,339,6
112900052,6,405,-399
112900053,179,415,-236
112900054,638,144,494
112900055,112,124,-12
112900056,737,342,395
112900057,101,247,-146
112900058,364,938,-574
112900059,268,1685,-1417
112900060,101,39,62
112900061,261,402,-141
112900062,136,93,43
112900063,23,30,-7
112900064,170,93,77
112900065,17,55,-38
112900066,292,626,-334
112900067,411,82,329
112900068,39,135,-96
112900069,4363,2480,1883
112900071,57,20,37
112900072,731,10939,-10208
112900073,381,457,-76
112900074,273,770,-497
112900075,2073,3262,-1189
112900076,115,53,62
112900078,321,1151,-830
112900079,405,135,270
112900080,345,7,338
112900081,62,861,-799
112900082,704,79,625
112900083,447,355,92
112900084,613,552,61
112900086,446,0,446
112900087,3407,337,3070
112900088,606,13,593
112900089,1153,99,1054
112900090,138,130,8
112900091,824,33,791
112900092,85,2758,-2673
112900093,1849,41,1808
112900095,179,0,179
112900096,1495,689,806
112900097,117,318,-201
112900098,290,6,284
112900099,1970,134,1836
112900100,244,7,237
112900101,942,20,922
112900102,118,145,-27
112900103,434,13,421
112900104,380,29,351
112900105,47,0,47
112900106,1348,336,1012
112900107,15,3,12
112900108,7,3,4
112900109,441,1,440
112900110,3463,78,3385
112900111,1664,15,1649
112900112,596,4,592
112900113,0,20,-20
112900114,916,34,882
112900115,4428,16,4412
112900116,307,22,285
112900117,80,34,46
112900118,11,51,-40
112900119,927,25,902
112900120,743,426,317
112900121,62,71,-9
112900122,6,74,-68
112900123,1158,73,1085
112900124,4,37,-33
112900125,37,448,-411
112900126,189,101,88
112900127,1023,150,873
112900128,106,483,-377
112900129,3,749,-746
112900130,639,586,53
112900131,21,633,-612
112900132,634,779,-145
112900133,11,1847,-1836
112900134,3,716,-713
112900135,181,414,-233
112900137,2,432,-430
112900138,24,58,-34
112900139,49,526,-477
112900141,1329,36,1293
112900142,95,764,-669
112900143,6,388,-382
112900144,6,420,-414
112900145,3,312,-309
112900146,7,863,-856
112900147,0,571,-571
112900148,85,3,82
112900149,358,295,63
112900151,1,36,-35
112900152,4140,390,3750
112900153,320,12228,-11908
112900154,1,39,-38
112900155,353,32,321
112900156,2074,534,1540
112900157,1330,32,1298
112900158,213,4,209
112900159,164,829,-665
112900160,77,266,-189
112900161,394,157,237
112900162,24,36,-12
112900163,49,86,-37
112900164,99,264,-165
112900165,73,107,-34
112900166,51,233,-182
112900167,4,1158,-1154
112900168,6,10,-4
112900169,6,41,-35
112900170,215,113,102
112900172,86,29,57
112900173,117,244,-127
112900174,1001,79,922
112900175,224,483,-259
112900176,6,73,-67
112900177,302,123,179
112900178,808,5990,-5182
112900179,45,525,-480
112900180,3931,1209,2722
112900181,2516,26,2490
112900182,182,334,-152
112900183,120,281,-161
112900184,598,467,131
112900185,184,976,-792
112900186,1255,1336,-81
112900187,77,601,-524
112900188,979,5377,-4398
112900189,30,28,2
112900190,36,245,-209
112900192,911,697,214
112900193,1291,487,804
112900194,124,20,104
112900195,1100,76,1024
112900196,813,496,317
112900197,206,558,-352
112900199,1790,149,1641
112900200,1320,94,1226
112900201,299,322,-23
112900202,1292,487,805
112900203,755,58,697
112900204,946,569,377
112900205,7,3,4
112900206,19,48,-29
112900207,84,0,84
112900208,80,1798,-1718
112900209,135,260,-125
112900210,3,53,-50
112900211,156,2,154
112900212,3,30,-27
112900213,82,5,77
112900214,17,23,-6
112900215,22,21,1
112900216,69,27,42
112900217,0,37,-37
112900218,147,8,139
112900219,324,25,299
112900220,7,1,6
112900221,85,81,4
112900222,0,363,-363
112900223,1679,34,1645
112900224,1509,206,1303
112900225,1507,263,1244
112900226,328,444,-116
112900227,2055,761,1294
112900228,181,56,125
112900229,940,17,923
112900230,14670,3772,10898
112900232,845,413,432
112900233,145,144,1
112900234,80,8,72
112900235,17,8,9
112900236,1504,28,1476
112900237,882,106,776
112900238,45,3,42
112900239,522,1392,-870
113000001,9506,6810,2696
113000002,10548,5255,5293
113000003,4580,2787,1793
113000004,5348,2752,2596
113000005,4288,2807,1481
113000006,2790,2192,598
113000007,5271,2609,2662
113000008,4216,2552,1664
113000009,2906,1542,1364
113000010,3385,1477,1908
113000011,3102,1543,1559
113000012,2809,1252,1557
113000013,976,738,238
113000014,1810,2486,-676
113000015,215,326,-111
113000016,526,986,-460
113000017,158,795,-637
113000018,778,70,708
113000019,360,518,-158
113000020,385,168,217
113000021,2826,1383,1443
113000022,1701,7055,-5354
113000025,274,583,-309
113000026,1398,1693,-295
113000027,1165,2637,-1472
113000028,745,4927,-4182
113000029,1673,1442,231
113000030,263,954,-691
113000031,433,336,97
113000032,274,566,-292
113000033,389,552,-163
113000034,329,178,151
113000035,47,61,-14
113000036,26,146,-120
113000037,75,58,17
113000038,23,51,-28
113000039,54,433,-379
113000040,128,125,3
113000042,1383,1107,276
113000051,4482,4817,-335
113000052,4687,695,3992
113000053,1552,637,915
113000054,1746,1805,-59
113000055,4241,613,3628
113000056,4184,1507,2677
113000058,826,1633,-807
113000059,1259,417,842
113000060,1049,1124,-75
113000061,994,1470,-476
113000062,708,717,-9
113000063,1019,66,953
113000064,326,263,63
113000065,341,604,-263
113000066,2012,208,1804
113000067,5824,984,4840
113000068,1028,503,525
113000069,1187,579,608
113000070,4513,927,3586
113000071,1471,651,820
113000072,2082,943,1139
113000073,969,2090,-1121
113000074,1644,556,1088
113000075,3111,1125,1986
113000076,729,5701,-4972
113000077,1031,1445,-414
113000078,679,2365,-1686
113000079,531,1840,-1309
113000080,878,2091,-1213
113000081,1816,2346,-530
113000082,1606,1731,-125
113000083,923,1551,-628
113000084,3249,1727,1522
113000085,1582,1036,546
113000086,1515,3750,-2235
113000087,1668,2778,-1110
113000088,5225,2741,2484
113000089,1053,2602,-1549
113000090,212,1454,-1242
113000091,280,642,-362
113000094,2726,583,2143
113000095,441,1286,-845
113000096,194,1762,-1568
113000097,2478,1034,1444
113000098,136,95,41
113000099,1965,731,1234
113000100,280,792,-512
113000101,231,1307,-1076
113000102,1314,851,463
113000103,7744,642,7102
113000104,1390,5393,-4003
113000105,2109,1040,1069
113000106,1165,458,707
113000107,2700,1945,755
113000108,1961,1213,748
113000109,765,1676,-911
113000110,13357,1532,11825
113000111,463,618,-155
113000112,2060,634,1426
113000113,4991,504,4487
113000114,339,1492,-1153
113000116,1320,416,904
113000117,1817,362,1455
113000118,52,1584,-1532
113000119,590,825,-235
113000120,122,666,-544
113000121,640,2305,-1665
113000124,787,247,540
113000125,51,2676,-2625
113000127,2274,264,2010
113000128,3899,466,3433
113000129,630,1473,-843
113000133,4937,791,4146
113000134,4,2752,-2748
113000135,8079,7394,685
113000137,1249,3622,-2373
113000139,400,310,90
113000140,144,180,-36
113000141,103,137,-34
113000142,322,677,-355
113000143,527,204,323
113000144,292,406,-114
113000145,149,184,-35
113000146,163,88,75
113000147,365,67,298
113000148,465,127,338
113000149,289,280,9
113000150,633,505,128
113000151,94,35,59
113000152,81,482,-401
113000153,1762,410,1352
113000154,925,3893,-2968
113000155,836,1293,-457
113000156,417,485,-68
113000157,551,448,103
113000158,1147,256,891
113000159,2136,370,1766
113000160,1047,539,508
113000161,704,294,410
113000162,1906,185,1721
113000163,346,44,302
113000164,63,72,-9
113000166,661,138,523
113000167,144,96,48
113000168,400,129,271
113000169,372,60,312
113000170,121,146,-25
113000171,60,142,-82
113000172,640,72,568
113000173,88,62,26
113000174,466,172,294
113000175,1250,93,1157
113000176,1352,114,1238
113000177,396,133,263
113000178,280,312,-32
113000179,727,85,642
113000180,1484,3152,-1668
113000181,2139,1262,877
113000182,171,1121,-950
113000183,396,1040,-644
113000184,86,157,-71
113000189,449,1108,-659
113000190,328,275,53
113000192,516,9087,-8571
113000193,1998,5311,-3313
113000194,1431,7675,-6244
113000195,1990,7802,-5812
113000196,746,125,621
113000197,2846,7249,-4403
113000198,256,634,-378
113000199,3994,875,3119
113000201,1264,1087,177
113000202,27717,5674,22043
113000203,118,1062,-944
113000204,495,10042,-9547
113000205,59,18,41
113000206,10,90,-80
113000207,210,56,154
113000208,38,202,-164
113000209,11,32,-21
113000210,6,23,-17
113000211,145,376,-231
113000212,44,69,-25
113000213,53,206,-153
113000214,400,566,-166
113000234,493,845,-352
113000410,74,299,-225
113000411,1772,2811,-1039
113000412,11832,1777,10055
113000413,1357,3414,-2057
113000414,6394,17632,-11238
113000415,3214,1910,1304
113000416,3017,2565,452
113000417,1320,1929,-609
113000418,7718,5251,2467
113000419,3002,2716,286
113000420,4308,7284,-2976
113000421,8493,9201,-708
113000422,13192,13675,-483
113000423,1823,6896,-5073
113000424,3272,18181,-14909
113000425,27,151,-124
113000428,85,81,4
113000430,12,225,-213
113000432,5520,444,5076
113000433,149,1395,-1246
113000434,29,168,-139
113000435,39,160,-121
113000436,5,1202,-1197
113000437,3890,144,3746
113000438,974,52,922
113000439,83,101,-18
113000440,434,101,333
113000441,395,312,83
113000442,496,50,446
113000443,771,222,549
113000444,1195,70,1125
113000445,186,161,25
113000446,234,301,-67
113000448,1641,732,909
113000449,489,1799,-1310
113000450,3719,6914,-3195
113000451,5866,897,4969
113000452,129,1251,-1122
113000453,33,1600,-1567
113000454,373,546,-173
113000455,17,3599,-3582
113000456,2857,2846,11
113000468,1300,161,1139
113000469,75,481,-406
113000470,1363,22,1341
113000471,43,893,-850
113000472,109,403,-294
113000474,2724,1362,1362
113000475,2363,1236,1127
113000476,6429,3608,2821
113000477,9464,3719,5745
113000478,4340,4127,213
113000479,272,174,98
113000480,184,814,-630
113000484,0,0,0
113000485,0,0,0
113000486,0,0,0
113000487,0,0,0
113000488,0,0,0
113000489,0,0,0
113000490,0,0,0
113000491,0,0,0
113000492,0,0,0
113000493,0,0,0
113000495,639,138,501
113000496,277,280,-3
113000497,0,0,0
113000499,0,0,0
113000500,0,0,0
113900001,54,4491,-4437
113900002,67,277,-210
113900003,11,530,-519
113900004,4,860,-856
113900005,18,1255,-1237
113900006,4,109,-105
113900007,128,233,-105
113900008,50,1,49
113900009,114,3,111
113900010,128,11,117
113900011,581,5,576
113900012,244,12,232
113900013,161,18,143
113900014,1830,14,1816
113900015,0,44,-44
113900016,70,0,70
113900017,19,27,-8
113900018,164,301,-137
113900019,491,48,443
113900020,440,6,434
113900022,137,1,136
113900023,92,0,92
113900024,313,60,253
113900025,774,99,675
113900026,164,0,164
113900027,21,111,-90
113900028,80,244,-164
113900029,323,91,232
113900030,1004,6,998
113900031,63,10,53
113900032,92,1,91
113900033,233,46,187
113900035,133,0,133
113900036,166,125,41
113900037,374,406,-32
113900038,32,316,-284
113900039,624,21,603
113900040,24,58,-34
113900041,39,0,39
113900042,209,32,177
113900043,385,60,325
113900044,116,376,-260
113900045,398,1,397
113900046,239,1466,-1227
113900047,415,71,344
113900048,362,223,139
113900049,167,845,-678
113900050,708,828,-120
113900051,531,184,347
113900052,240,148,92
113900053,743,1597,-854
113900054,82,5,77
113900055,195,687,-492
113900056,181,38,143
113900057,25,66,-41
113900058,218,37,181
113900059,636,255,381
113900060,100,841,-741
113900061,1176,207,969
113900062,256,85,171
113900063,256,44,212
113900064,46,55,-9
113900065,1305,20,1285
113900066,1817,294,1523
113900067,729,1107,-378
113900068,501,1865,-1364
113900069,66,42,24
113900070,164,316,-152
113900071,319,34,285
113900072,244,71,173
113900073,1196,455,741
113900074,693,2082,-1389
113900075,1322,4976,-3654
113900076,194,76,118
113900077,54,105,-51
113900078,60,12,48
113900079,1,16,-15
113900080,1112,306,806
113900081,223,103,120
113900082,525,518,7
113900083,1177,147,1030
113900084,346,182,164
113900085,33,217,-184
113900086,201,63,138
113900087,155,146,9
113900088,277,184,93
113900089,736,47,689
113900090,1051,412,639
113900091,4,11,-7
113900092,24,240,-216
113900093,96,3466,-3370
113900094,1572,423,1149
113900095,245,303,-58
113900096,616,182,434
113900097,54,272,-218
113900098,1108,437,671
113900099,1,37,-36
113900100,0,2,-2
113900101,8,379,-371
113900102,148,284,-136
113900103,338,740,-402
113900104,197,441,-244
113900105,585,33,552
113900106,0,13,-13
113900107,0,2,-2
113900108,93,713,-620
113900109,401,424,-23
113900110,54,58,-4
113900111,433,90,343
113900112,647,94,553
113900113,2457,730,1727
113900114,0,13,-13
113900115,0,9,-9
113900116,52,413,-361
113900117,51,72,-21
113900118,162,1774,-1612
113900119,117,336,-219
113900120,251,70,181
113900121,301,106,195
113900122,747,6824,-6077
113900123,1381,229,1152
113900124,0,130,-130
113900125,1679,269,1410
113900126,96,117,-21
113900127,643,1154,-511
113900128,603,146,457
113900129,5,301,-296
113900130,2,221,-219
113900131,404,43,361
113900132,74,190,-116
113900133,65,59,6
113900135,550,729,-179
113900136,80,59,21
113900137,491,397,94
113900138,28,326,-298
113900139,486,597,-111
113900140,19,339,-320
113900141,1465,256,1209
113900142,208,66,142
113900143,39,104,-65
113900144,145,598,-453
113900145,646,216,430
113900146,462,211,251
113900148,65,384,-319
113900149,293,273,20
113900150,430,190,240
113900151,665,230,435
113900152,52,224,-172
113900153,97,517,-420
113900154,6,148,-142
113900155,59,262,-203
113900156,534,349,185
113900157,115,877,-762
113900158,145,724,-579
113900159,5,233,-228
113900160,865,665,200
113900161,322,440,-118
113900162,291,886,-595
113900163,448,184,264
113900164,840,141,699
113900165,936,727,209
113900166,35,112,-77
113900167,724,44,680
113900168,53,70,-17
113900169,399,409,-10
113900171,487,69,418
113900172,6,130,-124
113900173,8,271,-263
113900174,812,616,196
113900175,365,142,223
113900176,585,391,194
113900177,319,200,119
113900178,466,291,175
113900179,68,201,-133
113900180,265,101,164
113900181,1793,304,1489
113900182,1039,679,360
113900183,166,51,115
113900184,62,526,-464
113900185,136,53,83
113900186,248,16,232
113900187,46,82,-36
113900188,55,115,-60
113900189,552,300,252
113900190,233,113,120
113900191,88,161,-73
113900192,10,1667,-1657
113900193,0,350,-350
113900194,1881,514,1367
113900195,521,339,182
113900196,5,841,-836
113900197,2,83,-81
113900198,35,1162,-1127
113900199,57,361,-304
113900200,23,91,-68
113900201,1,72,-71
113900202,32,69,-37
113900203,0,27,-27
113900204,9,415,-406
113900205,3,42,-39
113900206,2,106,-104
113900207,1,57,-56
113900208,0,21,-21
113900209,0,19,-19
113900210,1676,1482,194
113900211,274,49,225
113900212,836,296,540
113900214,280,574,-294
113900215,89,208,-119
113900216,371,319,52
113900217,265,81,184
113900218,110,124,-14
113900219,276,970,-694
113900220,214,327,-113
113900221,327,1013,-686
113900222,342,1470,-1128
113900223,361,253,108
113900224,40,97,-57
113900225,2394,218,2176
113900226,641,260,381
113900227,426,884,-458
113900228,247,1032,-785
113900229,55,2498,-2443
113900230,3076,5470,-2394
113900231,267,101,166
113900232,406,29,377
113900233,240,95,145
113900234,696,717,-21
113900235,203,34,169
113900236,602,105,497
113900237,372,186,186
113900238,225,928,-703
113900239,115,267,-152
113900240,4,364,-360
113900241,83,142,-59
113900242,15,438,-423
113900243,73,235,-162
113900244,179,214,-35
113900245,514,427,87
113900246,32,58,-26
113900247,98,997,-899
113900248,3063,3617,-554
113900249,510,782,-272
113900250,89,1337,-1248
113900251,2372,147,2225
113900252,2023,43,1980
113900253,1203,60,1143
113900254,797,272,525
113900255,1915,25,1890
113900256,922,21,901
113900257,44,393,-349
113900258,52,205,-153
113900259,1469,96,1373
113900260,621,33,588
113900261,18,64,-46
113900262,359,211,148
113900263,17,436,-419
113900264,3,257,-254
113900265,219,839,-620
113900266,77,179,-102
113900267,72,1212,-1140
113900268,284,902,-618
113900269,358,254,104
113900270,412,719,-307
113900271,1109,455,654
113900273,23,16,7
113900274,67,88,-21
113900275,25,410,-385
113900276,13,140,-127
113900277,602,10,592
113900278,175,293,-118
113900279,122,52,70
113900280,1680,780,900
113900281,213,1483,-1270
113900282,375,354,21
113900283,684,952,-268
113900284,2437,157,2280
113900285,146,19,127
113900286,71,24,47
113900287,186,29,157
113900288,1,292,-291
113900289,338,298,40
113900290,593,1016,-423
113900291,183,121,62
113900292,2,14,-12
113900293,0,510,-510
113900294,1533,36,1497
113900295,723,583,140
113900296,3163,396,2767
113900297,3822,74,3748
113900298,40,2647,-2607
113900299,369,112,257
113900300,6687,7158,-471
113900301,576,1486,-910
113900302,1826,1684,142
113900303,223,2529,-2306
113900304,2,160,-158
113900305,440,2,438
113900306,254,3,251
113900307,12,0,12
113900308,34,134,-100
113900309,5,452,-447
113900310,2,8,-6
113900311,49,2,47
113900312,264,368,-104
113900313,17,1,16
114000001,1522,2000,-478
114000002,915,410,505
114000003,292,303,-11
114000004,1102,525,577
114000005,798,365,433
114000006,1754,1616,138
114000007,1473,1232,241
114000008,2869,2627,242
114000009,2568,485,2083
114000011,5320,2315,3005
114000012,7653,2213,5440
114000013,3981,1680,2301
114000014,1316,111,1205
114000015,4431,254,4177
114000016,1025,203,822
114000017,254,1654,-1400
114000018,174,89,85
114000026,5134,1890,3244
114000027,6706,4724,1982
114000028,3188,6300,-3112
114000038,606,294,312
114000039,153,35,118
114000040,295,733,-438
114000042,386,283,103
114000043,57,49,8
114000044,705,45,660
114000045,26,49,-23
114000046,2368,5854,-3486
114000047,19,194,-175
114000048,232,67,165
114000049,3755,2061,1694
114000050,3579,2039,1540
114000051,6059,3029,3030
114000052,6266,4479,1787
114000053,54,955,-901
114000054,322,1140,-818
114000055,662,59,603
114000056,178,1363,-1185
114000057,5172,2199,2973
114000058,128,2046,-1918
114000059,84,2511,-2427
114000060,863,1515,-652
114000061,3613,5267,-1654
114000062,455,1713,-1258
114000063,1531,1473,58
114000064,2021,7532,-5511
114000065,1461,2401,-940
114000066,1210,1351,-141
114000067,69,2330,-2261
114000068,507,1460,-953
114000069,2189,666,1523
114000070,4148,2079,2069
114000071,1931,1004,927
114000072,1354,364,990
114000073,33,27,6
114000074,219,15,204
114000075,110,97,13
114000076,52,61,-9
114000077,5,5,0
114000078,965,648,317
114000079,571,78,493
114000080,266,126,140
114000081,165,186,-21
114000082,96,608,-512
114000083,183,87,96
114000084,475,200,275
114000085,137,307,-170
114000086,483,408,75
114000087,693,83,610
114000088,38,43,-5
114000089,625,356,269
114000090,1323,2086,-763
114000091,1356,1366,-10
114000092,831,559,272
114000093,2200,734,1466
114000094,1122,695,427
114000095,455,315,140
114000096,79,491,-412
114000097,201,260,-59
114000098,1063,272,791
114000099,1935,142,1793
114000100,2780,417,2363
114000101,856,334,522
114000102,1204,349,855
114000103,139,151,-12
114000104,68,347,-279
114000105,612,290,322
114000106,1297,5175,-3878
114000107,1112,303,809
114000108,1340,859,481
114000109,1273,4604,-3331
114000110,839,1055,-216
114000111,4710,2368,2342
114000112,716,1073,-357
114000113,2030,540,1490
114000114,487,1021,-534
114000115,3002,877,2125
114000116,1476,8403,-6927
114000117,7508,1294,6214
114000118,7900,674,7226
114000119,6646,783,5863
114000120,1188,1128,60
114000121,931,844,87
114000122,728,592,136
114000123,5075,624,4451
114000124,3015,892,2123
114000125,1884,1853,31
114000126,3826,513,3313
114000127,424,189,235
114000128,1897,366,1531
114000130,1199,779,420
114000131,770,131,639
114000132,1064,351,713
114000133,838,1465,-627
114000134,202,72,130
114000138,124,168,-44
114000139,739,871,-132
114000144,1106,1108,-2
114000145,81,25,56
114000146,223,53,170
114000147,1740,3925,-2185
114000148,1089,3176,-2087
114000149,580,799,-219
114000150,328,753,-425
114000151,774,3384,-2610
114000152,134,52,82
114000153,771,3876,-3105
114000154,821,955,-134
114000155,1366,6626,-5260
114000156,1248,1491,-243
114000157,568,3081,-2513
114000158,1491,828,663
114000159,150,553,-403
114000160,143,945,-802
114000161,1548,2957,-1409
114000162,2273,3805,-1532
114000163,18,36,-18
114000165,833,652,181
114000166,541,909,-368
114000167,3427,1655,1772
114000168,868,272,596
114000169,1694,1648,46
114000170,1581,1401,180
114000171,2514,24633,-22119
114000174,451,331,120
114000176,367,780,-413
114000177,738,497,241
114000178,222,85,137
114000179,1365,1695,-330
114000180,285,323,-38
114000181,2007,15567,-13560
114000182,1661,3602,-1941
114000183,1934,835,1099
114000184,3661,782,2879
114000185,2336,1328,1008
114000189,3181,229,2952
114000190,6872,683,6189
114000191,175,811,-636
114000192,198,914,-716
114000193,260,1591,-1331
114000194,3295,1141,2154
114000195,483,503,-20
114000196,1,122,-121
114000197,4385,80,4305
114000198,993,514,479
114000199,1776,1924,-148
114000200,1484,1664,-180
114000201,439,1058,-619
114000202,1423,961,462
114000203,1080,1041,39
114000204,274,744,-470
114000205,508,2769,-2261
114000206,1382,3487,-2105
114000207,815,2486,-1671
114000208,946,1516,-570
114000209,775,2071,-1296
114000210,439,923,-484
114000211,2341,2348,-7
114000212,1391,1783,-392
114000213,2927,596,2331
114000214,133,187,-54
114000215,268,172,96
114000216,3945,478,3467
114000217,578,291,287
114000218,893,223,670
114000219,3127,248,2879
114000220,74,1054,-980
114000221,2511,301,2210
114000222,380,1088,-708
114000223,1394,209,1185
114000224,131,554,-423
114000225,775,363,412
114000226,481,308,173
114000227,1304,765,539
114000228,1446,812,634
114000229,2944,1773,1171
114000230,2803,1266,1537
114000231,1621,2270,-649
114000232,2273,320,1953
114000233,5166,105,5061
114000234,2500,1093,1407
114000235,3097,1900,1197
114000236,0,493,-493
114000237,350,863,-513
114000238,256,729,-473
114000239,195,1278,-1083
114000240,1547,3053,-1506
114000241,591,3572,-2981
114000242,1067,1310,-243
114000243,4822,1586,3236
114000244,1169,618,551
114000245,893,1682,-789
114000246,259,113,146
114000247,1131,1106,25
114000248,3674,921,2753
114000249,923,795,128
114000250,1358,307,1051
114000251,702,294,408
114000252,73,39,34
114000253,100,194,-94
114000254,93,127,-34
114000255,956,405,551
114000256,579,2627,-2048
114000257,1059,1336,-277
114000258,1062,1063,-1
114000259,350,2605,-2255
114000260,0,55,-55
114000261,74,69,5
114000262,831,306,525
114000263,61,0,61
114000264,3555,533,3022
114000265,0,10,-10
114000267,6,5635,-5629
114000268,42,874,-832
114000270,442,29,413
114000271,555,215,340
114000283,3527,520,3007
114000285,61,139,-78
114000288,296,755,-459
114000289,3734,223,3511
114000293,633,892,-259
114000294,524,718,-194
114000395,3428,22,3406
114000396,927,795,132
114000402,2350,229,2121
114000403,839,262,577
114000405,486,308,178
114000423,925,208,717
114000424,893,788,105
114000425,2349,231,2118
114000426,484,1405,-921
114000427,202,79,123
114000428,75,150,-75
114000429,11,190,-179
114000432,303,104,199
114000434,65,56,9
114000435,16,54,-38
114900001,1455,381,1074
114900002,620,216,404
114900003,1648,411,1237
114900004,378,938,-560
114900005,1101,295,806
114900006,115,228,-113
114900007,455,29,426
114900008,866,193,673
114900010,1347,2837,-1490
114900011,748,210,538
114900013,731,258,473
114900015,148,1695,-1547
114900018,1526,93,1433
114900020,167,123,44
114900022,6,682,-676
114900024,286,205,81
114900025,962,137,825
114900026,161,148,13
114900027,288,200,88
114900029,39,20,19
114900030,497,252,245
114900031,1254,32,1222
114900032,1172,43,1129
114900033,1060,4005,-2945
114900034,47,41,6
114900035,154,608,-454
114900036,544,320,224
114900037,118,130,-12
114900038,701,384,317
114900039,1567,172,1395
114900040,232,30,202
114900041,2593,237,2356
114900042,3386,239,3147
114900043,404,140,264
114900044,287,143,144
114900046,61,96,-35
114900047,405,7959,-7554
114900048,62,143,-81
114900049,7,75,-68
114900050,156,155,1
114900051,41,232,-191
114900052,67,367,-300
114900053,129,372,-243
114900054,65,56,9
114900057,351,44,307
114900058,1,41,-40
114900059,298,142,156
114900060,300,759,-459
114900061,136,38,98
114900062,233,495,-262
114900063,226,51,175
114900064,3898,182,3716
114900065,500,1419,-919
114900067,27,733,-706
114900068,23,85,-62
114900069,248,14,234
114900070,1086,276,810
114900072,2,357,-355
114900073,0,66,-66
114900074,2337,288,2049
114900075,399,16,383
114900076,3,233,-230
114900080,1018,167,851
114900082,2590,4677,-2087
114900083,542,1224,-682
114900090,1259,227,1032
114900091,154,141,13
114900095,571,104,467
114900096,231,567,-336
114900097,309,8,301
114900098,6,451,-445
114900099,510,46,464
115000001,7334,3727,3607
115000002,9100,10735,-1635
115000003,6587,3662,2925
115000004,9420,11249,-1829
115000005,3442,4486,-1044
115000006,2908,3288,-380
115000007,511,505,6
115000008,819,2266,-1447
115000009,823,900,-77
115000010,474,586,-112
115000013,40,321,-281
115000015,53,486,-433
115000016,237,515,-278
115000019,60,1123,-1063
115000020,571,2384,-1813
115000021,281,555,-274
115000022,631,219,412
115000023,664,749,-85
115000024,1004,232,772
115000025,1428,937,491
115000026,286,237,49
115000027,813,373,440
115000028,524,521,3
115000029,1815,249,1566
115000030,955,943,12
115000031,971,474,497
115000032,27,280,-253
115000033,298,25,273
115000034,190,1645,-1455
115000035,1211,143,1068
115000036,0,599,-599
115000037,888,77,811
115000038,95,236,-141
115000039,3855,8087,-4232
115000040,6676,3843,2833
115000041,3682,8716,-5034
115000042,908,1287,-379
115000043,5340,4728,612
115000044,4380,5098,-718
115000045,4931,1526,3405
115000046,5336,5275,61
115000047,5637,2838,2799
115000048,5875,3307,2568
115000049,3558,5492,-1934
115000050,5391,1741,3650
115000051,3313,10097,-6784
115000052,1825,1382,443
115000053,5292,5078,214
115000054,887,1756,-869
115000055,320,1775,-1455
115000056,131,464,-333
115000057,813,2326,-1513
115000058,46,668,-622
115000059,151,645,-494
115000061,273,491,-218
115000062,469,1136,-667
115000063,983,615,368
115000064,519,245,274
115000065,83,723,-640
115000067,607,83,524
115000069,285,432,-147
115000070,42,2096,-2054
115000071,146,33,113
115000072,9,66,-57
115000073,3119,159,2960
115000075,185,131,54
115000076,3233,2828,405
115000077,3985,1577,2408
115000078,3910,1233,2677
115000079,3736,1472,2264
115000080,7799,1825,5974
115000081,274,611,-337
115000082,12357,8722,3635
115000083,4494,1122,3372
115000084,6014,1216,4798
115000085,2517,1400,1117
115000086,2668,1395,1273
115000087,1117,3255,-2138
115000088,2477,1307,1170
115000089,2885,1620,1265
115000090,861,1327,-466
115000091,445,595,-150
115000092,1688,2250,-562
115000093,1524,2,1522
115000094,6704,14664,-7960
115000095,5528,16047,-10519
115000096,2250,1007,1243
115000097,3812,3263,549
115000098,4028,858,3170
115000099,5082,1941,3141
115000100,3575,573,3002
115000101,1401,1371,30
115000102,963,323,640
115000103,786,659,127
115000105,265,149,116
115000106,1977,1076,901
115000107,330,331,-1
115000108,2976,2234,742
115000109,5424,8353,-2929
115000110,2225,3886,-1661
115000111,517,1014,-497
115000112,1138,1201,-63
115000113,579,1007,-428
115000114,1361,747,614
115000116,4371,2925,1446
115000117,2619,3994,-1375
115000118,3852,2606,1246
115000119,3001,3435,-434
115000120,1106,1650,-544
115000121,742,956,-214
115000122,1046,3317,-2271
115000123,2939,3228,-289
115000124,1645,2208,-563
115000125,893,3087,-2194
115000126,249,1301,-1052
115000127,733,372,361
115000128,572,1826,-1254
115000129,388,1170,-782
115000130,904,752,152
115000131,1426,421,1005
115000132,1004,879,125
115000133,1601,610,991
115000134,609,1244,-635
115000135,263,561,-298
115000136,464,667,-203
115000137,105,416,-311
115000138,602,459,143
115000139,519,368,151
115000140,878,354,524
115000141,404,141,263
115000142,503,93,410
115000143,1752,1740,12
115000144,743,107,636
115000145,423,311,112
115000146,877,1719,-842
115000147,614,1257,-643
115000148,829,1016,-187
115000149,1734,501,1233
115000150,1478,937,541
115000151,2700,585,2115
115000152,1854,2288,-434
115000153,3131,737,2394
115000154,2074,347,1727
115000155,1817,2179,-362
115000156,1205,1519,-314
115000157,791,2889,-2098
115000158,896,965,-69
115000159,770,2327,-1557
115000160,1223,1282,-59
115000161,1671,622,1049
115000162,688,1699,-1011
115000163,787,880,-93
115000164,714,1074,-360
115000165,282,1248,-966
115000167,156,421,-265
115000168,769,1361,-592
115000169,481,2174,-1693
115000170,108,351,-243
115000171,336,874,-538
115000172,1383,1520,-137
115000173,676,2429,-1753
115000174,160,1395,-1235
115000175,413,371,42
115000176,74,296,-222
115000177,39,405,-366
115000178,35,260,-225
115000179,24,155,-131
115000180,287,403,-116
115000181,1682,283,1399
115000182,2937,505,2432
115000183,941,987,-46
115000186,1410,203,1207
115000187,264,503,-239
115000188,953,727,226
115000189,609,681,-72
115000190,1678,1428,250
115000191,556,1223,-667
115000194,111,193,-82
115000195,280,697,-417
115000196,537,213,324
115000197,674,203,471
115000198,1353,230,1123
115000199,1142,191,951
115000200,1047,323,724
115000201,483,334,149
115000206,1026,69,957
115000207,754,683,71
115000208,843,1999,-1156
115000209,1779,1125,654
115000210,421,632,-211
115000211,822,399,423
115000212,2006,632,1374
115000224,273,82,191
115000225,203,52,151
115000229,322,98,224
115000230,242,669,-427
115000231,603,1325,-722
115000232,6183,653,5530
115000233,245,404,-159
115000234,82,511,-429
115000241,396,273,123
115000242,586,91,495
115000243,430,189,241
115000244,14,579,-565
115000246,75,44,31
115000247,50,103,-53
115000248,151,34,117
115000249,34,16,18
115000250,393,31,362
115000251,958,114,844
115000252,309,460,-151
115000253,49,1091,-1042
115000258,1286,122,1164
115000259,619,145,474
115000261,89,42,47
115000262,45,32,13
115000263,55,76,-21
115000264,23,79,-56
115000267,94,95,-1
115000268,32,104,-72
115000269,175,63,112
115000270,30,34,-4
115000272,227,102,125
115000273,1326,30,1296
115000280,2055,476,1579
115000281,395,929,-534
115000282,983,2305,-1322
115000284,192,493,-301
115000296,674,10,664
115000297,164,617,-453
115000298,92,1122,-1030
115000300,326,247,79
115000302,1469,302,1167
115000303,2522,114,2408
115000304,2257,175,2082
115000305,156,434,-278
115000306,536,313,223
115000307,343,358,-15
115000308,48,25,23
115000309,38,156,-118
115000310,4680,770,3910
115000311,2656,1634,1022
115000313,465,318,147
115000314,1493,460,1033
115000315,1827,1707,120
115000316,187,322,-135
115000317,468,952,-484
115000318,1997,746,1251
115000319,311,206,105
115000320,65,841,-776
115000321,1192,41,1151
115000322,110,148,-38
115000449,223,313,-90
115000557,6,4691,-4685
115000558,245,329,-84
115000587,1715,567,1148
115000588,3573,5010,-1437
115000589,8302,5849,2453
115000590,1376,3633,-2257
115000591,2250,1913,337
115000592,701,2840,-2139
115000593,2602,2250,352
115000594,304,3822,-3518
115000609,659,218,441
115000617,672,4036,-3364
115000624,1018,92,926
115000633,638,1823,-1185
115000634,5463,1168,4295
115000635,1324,253,1071
115000638,575,449,126
115000641,158,655,-497
115000642,566,410,156
115000643,157,401,-244
115000644,242,444,-202
115000646,1141,1988,-847
115000647,304,869,-565
115000648,6566,1285,5281
115000893,3649,1692,1957
115000894,254,1100,-846
115000895,432,1521,-1089
115000896,2284,948,1336
115000897,617,204,413
115000898,890,701,189
115000899,356,2653,-2297
115000900,115,836,-721
115000901,119,262,-143
115000912,868,163,705
115000913,5,6,-1
115000915,14,0,14
115000916,1,1,0
115000917,0,35,-35
115000918,123,1253,-1130
115000919,7,168,-161
115000920,16,155,-139
115000921,549,235,314
115000922,751,1917,-1166
115000923,84,3229,-3145
115000925,235,273,-38
115000927,74,215,-141
115000933,49,896,-847
115000934,182,226,-44
115000935,440,44,396
115000936,182,2367,-2185
115000937,1352,691,661
115000938,20,278,-258
115000939,12,206,-194
115900001,535,34,501
115900002,158,103,55
115900003,373,148,225
115900004,0,52,-52
115900005,458,33,425
115900006,240,241,-1
115900008,309,7,302
115900009,83,900,-817
115900010,1186,164,1022
115900011,985,584,401
115900012,613,12,601
115900013,558,203,355
115900014,276,249,27
115900015,506,91,415
115900016,188,78,110
115900017,85,42,43
115900018,351,91,260
115900019,351,35,316
115900020,161,1,160
115900021,1246,631,615
115900022,1555,8,1547
115900023,1,16,-15
115900025,39,415,-376
115900026,1208,192,1016
115900027,2,227,-225
115900028,295,54,241
115900029,34,182,-148
115900030,80,36,44
115900031,58,451,-393
115900032,612,1133,-521
115900033,2,130,-128
115900034,58,161,-103
115900035,106,39,67
115900036,126,5735,-5609
115900037,75,150,-75
115900038,142,49,93
115900039,393,126,267
115900041,176,2096,-1920
115900042,75,36,39
115900043,344,46,298
115900044,324,1214,-890
115900046,1441,183,1258
115900047,104,284,-180
115900049,499,206,293
115900051,3,31,-28
115900052,94,72,22
115900053,1202,111,1091
115900054,584,26,558
115900055,44,69,-25
115900056,560,166,394
115900057,12,34,-22
115900058,27,63,-36
115900060,183,480,-297
115900061,715,12,703
115900062,159,128,31
115900063,55,1,54
115900064,527,474,53
115900065,487,208,279
115900066,74,207,-133
115900067,68,71,-3
115900068,1244,2838,-1594
115900069,84,355,-271
115900070,408,73,335
115900071,0,171,-171
115900072,20,166,-146
115900073,306,234,72
115900074,3,62,-59
115900075,94,217,-123
115900076,22,12,10
115900077,1,51,-50
115900078,65,878,-813
115900079,839,43,796
115900080,182,112,70
115900081,155,25,130
115900082,250,1900,-1650
115900084,1018,7,1011
115900085,58,169,-111
115900086,1718,735,983
115900088,0,146,-146
115900089,972,276,696
115900090,1469,21,1448
115900091,5,135,-130
115900092,97,66,31
115900093,15,36,-21
115900094,3,44,-41
115900096,7,4,3
115900097,46,70,-24
115900098,919,279,640
115900099,175,588,-413
115900100,51,253,-202
115900101,916,154,762
115900102,179,237,-58
115900103,843,150,693
115900104,222,174,48
115900105,526,316,210
115900106,328,4,324
115900107,128,105,23
115900108,328,18,310
115900109,7,267,-260
115900110,76,3,73
115900111,1,74,-73
115900112,187,450,-263
115900113,138,118,20
115900114,55,76,-21
115900115,201,166,35
115900116,343,605,-262
115900117,260,100,160
115900118,9,77,-68
115900119,302,104,198
115900120,90,324,-234
115900121,607,227,380
115900124,288,1507,-1219
115900125,1162,308,854
115900126,2010,70,1940
115900127,2026,119,1907
115900128,1,305,-304
115900129,1001,67,934
115900130,16,1604,-1588
115900131,914,30,884
115900132,1541,6,1535
115900134,711,4,707
115900135,1570,1128,442
115900137,29,2,27
115900139,35,119,-84
115900140,912,58,854
115900141,3,82,-79
115900142,0,57,-57
115900143,666,781,-115
115900144,804,342,462
115900146,29,127,-98
115900147,395,713,-318
115900148,29,42,-13
115900149,535,12,523
115900150,238,46,192
115900151,257,130,127
115900152,526,156,370
115900153,303,104,199
115900154,608,683,-75
115900155,0,21,-21
115900156,1363,1405,-42
115900157,735,1017,-282
115900158,25,11,14
115900159,690,351,339
115900160,19,58,-39
115900161,56,294,-238
115900163,770,248,522
115900164,1955,21,1934
115900165,10,576,-566
115900166,178,216,-38
115900168,616,192,424
115900171,256,338,-82
115900172,134,245,-111
115900173,508,159,349
115900174,214,501,-287
115900175,350,358,-8
115900178,19,137,-118
115900179,750,8,742
115900180,254,92,162
115900181,755,81,674
115900182,1401,81,1320
115900183,14,309,-295
115900184,624,36,588
115900187,9,581,-572
115900189,0,321,-321
115900190,435,2187,-1752
115900191,37,334,-297
115900192,68,224,-156
115900193,262,489,-227
115900194,2319,108,2211
115900195,925,6446,-5521
115900198,1043,433,610
115900199,668,98,570
115900200,531,139,392
115900201,316,519,-203
115900202,1,337,-336
115900203,1,15,-14
115900204,0,18,-18
115900205,14,8,6
115900206,902,209,693
115900207,144,3,141
115900208,258,95,163
115900209,11,162,-151
115900210,2,559,-557
115900211,1,273,-272
115900212,533,229,304
115900213,167,438,-271
115900214,1436,180,1256
115900215,32,551,-519
115900216,3,85,-82
115900217,10,31,-21
115900218,2,37,-35
115900219,407,9,398
115900220,636,7,629
115900221,244,17,227
115900222,181,73,108
115900223,8,860,-852
115900224,1217,3742,-2525
115900225,128,69,59
115900226,22,150,-128
115900227,22,90,-68
115900228,12,102,-90
115900229,85,48,37
115900230,145,63,82
115900231,284,4,280
115900232,224,4,220
115900233,318,5,313
115900234,190,109,81
115900235,110,89,21
115900236,53,730,-677
115900237,101,64,37
115900238,20,40,-20
115900239,17,51,-34
115900240,50,54,-4
115900241,562,33,529
115900242,950,1002,-52
115900243,7,10,-3
115900244,13,19,-6
115900245,143,37,106
115900246,6,3,3
115900247,1,22,-21
115900248,10,3,7
115900249,20,2,18
115900250,51,4,47
115900251,18,2,16
115900252,17,1,16
115900253,85,16,69
115900254,35,60,-25
115900255,1,75,-74
115900256,118,152,-34
115900257,11,81,-70
115900258,0,3,-3
115900259,4,17,-13
115900260,30,31,-1
115900261,15,2,13
115900262,13,1,12
115900263,35,3,32
115900264,37,1,36
115900265,3,1,2
115900266,3,7,-4
115900267,4,18,-14
115900268,5,47,-42
115900269,2039,385,1654
115900270,827,173,654
115900271,425,0,425
115900272,145,25,120
115900273,27,93,-66
115900274,9,1,8
115900275,27,7,20
115900276,0,10,-10
115900277,0,44,-44
115900278,136,80,56
115900279,66,472,-406
115900280,53,2120,-2067
115900281,209,437,-228
115900282,57,60,-3
115900283,55,9,46
115900284,51,3,48
116000001,14793,3814,10979
116000002,9888,27573,-17685
116000003,2077,2733,-656
116000004,7427,10789,-3362
116000005,1638,8765,-7127
116000006,5689,11100,-5411
116000007,2698,6948,-4250
116000008,9992,6496,3496
116000009,1360,1396,-36
116000010,6043,3134,2909
116000011,1068,1412,-344
116000012,4227,2368,1859
116000013,6584,9197,-2613
116000014,19251,42250,-22999
116000015,444,3910,-3466
116000016,9096,12038,-2942
116000017,100,1133,-1033
116000018,876,786,90
116000019,3403,520,2883
116000020,1061,2203,-1142
116000021,2320,432,1888
116000022,1181,784,397
116000023,3589,2598,991
116000024,1216,1799,-583
116000025,1991,1658,333
116000026,1945,7586,-5641
116000027,789,1571,-782
116000028,720,1770,-1050
116000029,590,530,60
116000030,1011,1090,-79
116000031,57,289,-232
116000032,598,151,447
116000033,1398,883,515
116000034,1310,1496,-186
116000035,1164,440,724
116000036,558,4373,-3815
116000037,224,821,-597
116000038,161,2561,-2400
116000039,457,1830,-1373
116000040,709,2884,-2175
116000041,160,1723,-1563
116000042,1667,1672,-5
116000043,327,597,-270
116000044,15,22,-7
116000045,1973,2383,-410
116000046,1330,2934,-1604
116000047,4207,5474,-1267
116000048,5743,1843,3900
116000049,3545,3771,-226
116000050,2762,2094,668
116000051,4423,4079,344
116000052,5220,4551,669
116000053,4377,1455,2922
116000054,2155,3761,-1606
116000055,2068,1695,373
116000056,3181,1859,1322
116000057,4709,1784,2925
116000058,9386,5586,3800
116000059,4781,7731,-2950
116000060,5540,2697,2843
116000061,854,2014,-1160
116000062,1277,707,570
116000063,965,3589,-2624
116000066,845,1201,-356
116000067,698,717,-19
116000068,242,658,-416
116000069,817,310,507
116000078,1116,1490,-374
116000080,2862,624,2238
116000082,21,19,2
116000083,3744,585,3159
116000084,1774,2381,-607
116000085,3147,3361,-214
116000086,1079,739,340
116000087,5289,2723,2566
116000088,2921,1430,1491
116000089,305,219,86
116000090,309,265,44
116000091,254,1439,-1185
116000093,1413,273,1140
116000094,2885,850,2035
116000095,1193,832,361
116000096,4452,5899,-1447
116000097,1897,872,1025
116000098,143,23916,-23773
116000099,11714,1023,10691
116000100,704,106,598
116000101,2960,1321,1639
116000102,462,910,-448
116000103,1529,577,952
116000104,389,1767,-1378
116000105,3513,186,3327
116000106,778,5072,-4294
116000107,5379,1409,3970
116000108,68,1595,-1527
116000111,285,47,238
116000113,191,171,20
116000114,41,103,-62
116000115,507,177,330
116000116,410,259,151
116000117,2455,2110,345
116000118,3594,1258,2336
116000119,6824,2166,4658
116000120,4473,2709,1764
116000121,2008,699,1309
116000122,1296,884,412
116000123,2416,1010,1406
116000124,819,553,266
116000125,6502,962,5540
116000126,714,603,111
116000127,1492,629,863
116000128,3938,1098,2840
116000129,2995,189,2806
116000130,2119,1100,1019
116000133,4025,1207,2818
116000134,2367,1391,976
116000135,5593,1929,3664
116000136,1289,2063,-774
116000137,2074,1817,257
116000138,2122,819,1303
116000139,3687,9851,-6164
116000140,410,622,-212
116000141,1179,628,551
116000142,4785,2613,2172
116000143,4158,2230,1928
116000144,3714,2791,923
116000145,4759,1436,3323
116000146,1907,193,1714
116000147,540,715,-175
116000148,2154,3087,-933
116000149,1376,1663,-287
116000151,986,1374,-388
116000153,287,587,-300
116000155,445,858,-413
116000156,1865,795,1070
116000157,177,9,168
116000158,1023,198,825
116000159,21,13,8
116000160,131,90,41
116000161,17,151,-134
116000162,197,440,-243
116000163,145,69,76
116000164,102,175,-73
116000177,204,1529,-1325
116000194,117,618,-501
116000195,3200,1030,2170
116000196,108,41,67
116000197,22,25,-3
116000198,3196,2022,1174
116000200,1456,1486,-30
116000201,1009,1006,3
116000202,20,567,-547
116000203,1,26,-25
116000204,12,19,-7
116000205,0,127,-127
116000206,2,318,-316
116000207,38,169,-131
116000233,271,911,-640
116000287,704,163,541
116000288,693,412,281
116000292,308,217,91
116000296,8,100,-92
116000297,208,7,201
116000304,594,25,569
116000305,61,147,-86
116000346,537,338,199
116000352,320,286,34
116000354,92,206,-114
116000357,28,177,-149
116000358,1291,324,967
116000361,75,1,74
116000372,5736,15311,-9575
116000381,293,3,290
116000388,6,101,-95
116000389,1789,417,1372
116000445,2047,354,1693
116000446,1302,405,897
116000447,71,1161,-1090
116000448,956,142,814
116000563,1165,1238,-73
116000565,73,244,-171
116000568,75,1153,-1078
116000579,27,102,-75
116000584,174,3,171
116000585,149,46,103
116000586,83,153,-70
116000587,472,416,56
116000589,120,57,63
116000590,340,248,92
116000591,551,369,182
116000592,6,32,-26
116000593,0,13,-13
116000594,3212,160,3052
116000595,1738,65,1673
116000596,368,8,360
116000597,1460,668,792
116000598,73,106,-33
116000602,56,1362,-1306
116000605,252,324,-72
116000606,161,1814,-1653
116000607,0,79,-79
116000609,130,2934,-2804
116000611,560,201,359
116000612,3282,3085,197
116000613,1348,493,855
116000614,915,275,640
116000615,3,1055,-1052
116000616,132,124,8
116000617,336,35,301
116000618,26,106,-80
116000619,73,212,-139
116000620,764,237,527
116000621,206,144,62
116000622,257,165,92
116000624,207,541,-334
116000627,230,32,198
116000628,274,298,-24
116000629,93,318,-225
116000630,2652,77,2575
116000631,2311,44,2267
116000632,2016,96,1920
116000633,79,255,-176
116000634,1375,38,1337
116000635,3595,6595,-3000
116000636,583,3034,-2451
116000637,1094,17,1077
116000638,14,246,-232
116900001,852,154,698
116900002,475,15,460
116900003,129,5,124
116900004,89,168,-79
116900005,582,39,543
116900006,170,851,-681
116900007,250,613,-363
116900008,1858,185,1673
116900009,49,33,16
116900010,5,753,-748
116900011,75,222,-147
116900012,475,860,-385
116900013,8,64,-56
116900014,406,79,327
116900015,1294,84,1210
116900016,393,6,387
116900017,10,610,-600
116900018,210,234,-24
116900019,2,173,-171
116900020,808,4177,-3369
116900023,112,10,102
116900024,1908,52,1856
116900025,3205,1045,2160
116900026,197,780,-583
116900027,144,98,46
116900028,16,51,-35
116900029,5,336,-331
116900031,2,11,-9
116900032,1,91,-90
116900033,45,24,21
116900034,102,36,66
116900035,355,402,-47
116900036,25,163,-138
116900038,26,7,19
116900041,319,29,290
116900042,415,227,188
116900043,27,91,-64
116900047,62,545,-483
116900049,107,521,-414
116900050,50,335,-285
116900051,969,25,944
116900052,470,108,362
116900055,1,139,-138
116900057,46,142,-96
116900058,42,385,-343
116900059,2,34,-32
116900060,761,679,82
116900062,3,82,-79
116900064,168,216,-48
116900065,26,179,-153
116900067,310,74,236
116900068,230,139,91
116900070,8,11,-3
116900072,61,136,-75
116900073,6,109,-103
116900074,5,57,-52
116900076,91,151,-60
116900077,1,25,-24
116900078,178,52,126
116900079,109,189,-80
116900080,7,62,-55
116900081,317,1095,-778
116900082,158,1648,-1490
116900083,31,12,19
116900084,62,61,1
116900085,16,117,-101
116900086,76,364,-288
116900088,544,54,490
116900090,20,21,-1
116900091,1324,44,1280
116900092,163,441,-278
116900093,4762,1808,2954
116900094,6746,11500,-4754
116900095,735,839,-104
116900096,254,831,-577
116900097,1618,7768,-6150
116900098,1560,632,928
116900099,382,1743,-1361
116900100,2159,216,1943
116900101,334,1144,-810
116900103,48,1,47
116900104,38,674,-636
116900105,819,362,457
116900106,6919,237,6682
116900107,2034,6171,-4137
116900110,39,5,34
116900111,1898,422,1476
116900112,441,453,-12
116900113,2147,7177,-5030
116900116,45,1519,-1474
116900117,564,1117,-553
116900118,2340,1208,1132
116900120,779,112,667
116900121,465,79,386
116900122,2237,549,1688
116900123,1732,431,1301
116900124,232,463,-231
116900125,1229,168,1061
116900126,237,1395,-1158
116900128,7,97,-90
116900129,1,378,-377
116900130,2298,10590,-8292
116900131,201,456,-255
116900132,177,126,51
116900133,469,244,225
116900134,546,460,86
116900136,575,436,139
116900137,398,261,137
116900138,146,138,8
116900139,46,282,-236
116900140,240,133,107
116900141,677,154,523
116900142,7,47,-40
116900143,767,154,613
116900144,150,41,109
116900145,188,602,-414
116900147,325,2936,-2611
116900148,13,33,-20
116900149,55,559,-504
116900150,31,10,21
116900151,203,80,123
116900153,203,229,-26
116900154,333,1027,-694
116900155,139,325,-186
116900157,1800,90,1710
116900158,177,476,-299
116900159,128,857,-729
116900160,1746,1185,561
116900161,6597,19852,-13255
116900162,67,120,-53
116900163,599,88,511
116900164,277,69,208
116900165,1475,671,804
116900166,136,59,77
116900167,926,41,885
116900168,1359,75,1284
116900169,362,3703,-3341
116900170,1203,638,565
116900171,137,199,-62
116900172,177,1023,-846
116900173,804,24,780
116900174,46,307,-261
116900175,609,1055,-446
116900178,196,150,46
116900179,37,778,-741
116900180,154,13,141
116900182,1942,472,1470
116900183,440,210,230
116900185,50,68,-18
116900186,235,90,145
116900187,128,220,-92
116900188,335,50,285
116900189,115,2,113
116900191,208,411,-203
116900192,729,202,527
116900194,198,3193,-2995
116900195,84,15,69
116900196,45,27,18
116900197,292,57,235
116900198,81,918,-837
116900200,121,7,114
116900201,491,5,486
116900202,126,43,83
116900203,320,9,311
116900204,37,709,-672
116900206,18,5,13
116900207,48,110,-62
116900208,6,54,-48
116900209,53,23,30
116900210,1451,665,786
116900211,342,37,305
116900212,251,14,237
116900213,543,239,304
116900214,710,471,239
116900215,118,63,55
116900216,698,365,333
116900218,2,341,-339
116900219,419,220,199
116900220,263,485,-222
116900221,482,465,17
116900222,651,380,271
116900223,76,235,-159
116900226,376,36,340
116900227,687,49,638
116900228,706,398,308
116900230,88,79,9
116900231,116,222,-106
116900232,58,467,-409
116900233,604,143,461
116900234,48,15,33
116900235,376,239,137
116900238,970,308,662
116900239,43,1132,-1089
116900240,6459,8314,-1855
116900241,157,58,99
116900242,448,2237,-1789
116900243,4,107,-103
116900245,95,89,6
116900246,161,52,109
116900247,1783,81,1702
116900248,104,48,56
116900249,1130,56,1074
116900250,969,132,837
116900251,507,2820,-2313
116900252,570,2406,-1836
116900253,293,87,206
116900254,190,230,-40
116900255,293,319,-26
116900256,1359,253,1106
116900257,235,1256,-1021
116900258,35,26,9
116900259,599,18,581
116900260,7,33,-26
116900261,203,5,198
116900262,369,657,-288
116900263,5,18,-13
116900264,2,4,-2
116900265,363,0,363
116900266,46,19,27
116900267,33,1,32
116900268,69,288,-219
116900269,588,2609,-2021
116900271,903,1405,-502
116900272,1126,671,455
116900273,48,1379,-1331
116900274,428,53,375
116900275,924,92,832
116900276,775,1170,-395
116900277,351,114,237
116900278,16,4,12
116900279,11,55,-44
116900280,189,44,145
116900281,4908,13370,-8462
116900282,9,14,-5
116900283,3,14,-11
116900284,14,114,-100
116900285,241,1060,-819
116900286,163,8,155
116900287,20,22,-2
116900288,222,47,175
116900289,65,2,63
116900290,50,1,49
116900291,83,5,78
116900292,0,38,-38
116900293,131,3,128
116900294,46,184,-138
116900295,402,783,-381
116900296,88,582,-494
116900297,5,158,-153
116900298,126,310,-184
116900299,43,526,-483
116900300,2,219,-217
116900301,78,1290,-1212
116900302,43,370,-327
116900303,354,299,55
116900304,0,266,-266
116900305,71,76,-5
116900306,718,106,612
117000001,5220,8639,-3419
117000002,2889,7534,-4645
117000003,10928,7970,2958
117000004,3441,11269,-7828
117000005,6890,5518,1372
117000006,1495,4234,-2739
117000007,14208,2590,11618
117000008,1885,4260,-2375
117000009,8442,2800,5642
117000010,1616,3500,-1884
117000011,6552,3496,3056
117000012,3490,2036,1454
117000013,5257,3066,2191
117000014,2702,3683,-981
117000015,7548,3472,4076
117000016,601,1178,-577
117000017,110,3927,-3817
117000018,278,2213,-1935
117000019,99,9,90
117000020,1922,4732,-2810
117000021,5522,1144,4378
117000022,412,1258,-846
117000023,126,1099,-973
117000024,247,2846,-2599
117000025,196,9767,-9571
117000026,2788,8542,-5754
117000027,3062,5965,-2903
117000028,1657,5917,-4260
117000030,518,900,-382
117000031,933,720,213
117000032,2388,3922,-1534
117000033,3182,2035,1147
117000034,422,433,-11
117000035,728,943,-215
117000036,1100,721,379
117000037,617,493,124
117000038,785,1179,-394
117000039,503,745,-242
117000040,279,843,-564
117000041,2340,140,2200
117000044,33,1019,-986
117000045,2436,736,1700
117000046,661,2159,-1498
117000047,1361,1951,-590
117000048,2480,1971,509
117000049,67,537,-470
117000050,1011,2821,-1810
117000051,5598,131,5467
117000052,166,229,-63
117000053,2032,75,1957
117000054,3567,8,3559
117000055,4,1687,-1683
117000056,1187,47,1140
117000057,1199,2445,-1246
117000060,921,2187,-1266
117000061,4604,3850,754
117000062,302,2108,-1806
117000063,3400,1565,1835
117000064,1283,1090,193
117000066,873,1463,-590
117000067,147,942,-795
117000074,31,392,-361
117000076,70,83,-13
117000077,484,198,286
117000078,473,1517,-1044
117000079,919,549,370
117000080,0,953,-953
117000081,1577,277,1300
117000082,54,205,-151
117000083,339,19,320
117000084,585,3,582
117000085,973,1681,-708
117000086,1709,676,1033
117000087,230,935,-705
117000088,699,241,458
117000089,5370,375,4995
117000090,710,984,-274
117000091,3233,594,2639
117000092,795,1159,-364
117000093,4287,837,3450
117000094,1626,1829,-203
117000095,6644,1306,5338
117000096,1397,1667,-270
117000097,5247,2027,3220
117000098,2660,3066,-406
117000099,9556,1978,7578
117000100,499,509,-10
117000101,284,896,-612
117000102,4650,1131,3519
117000103,1043,1365,-322
117000104,3507,1233,2274
117000105,561,1434,-873
117000106,4938,989,3949
117000107,1122,1795,-673
117000108,4824,2004,2820
117000109,1789,2628,-839
117000110,3469,3993,-524
117000111,8073,7993,80
117000112,8250,2374,5876
117000113,300,177,123
117000114,710,1741,-1031
117000115,168,79,89
117000116,357,1381,-1024
117000117,3333,2030,1303
117000118,884,1018,-134
117000119,243,1468,-1225
117000120,85,3955,-3870
117000121,94,2500,-2406
117000122,2951,3473,-522
117000123,7506,130,7376
117000124,129,738,-609
117000125,71,2534,-2463
117000126,41,117,-76
117000127,201,1849,-1648
117000128,226,3766,-3540
117000129,591,2715,-2124
117000130,482,2,480
117000131,0,210,-210
117000132,10481,147,10334
117000133,6675,54,6621
117000134,2,488,-486
117000135,2,553,-551
117000136,1,199,-198
117000137,439,193,246
117000138,6,1813,-1807
117000140,779,1164,-385
117000141,3854,960,2894
117000181,1423,266,1157
117000182,5260,2988,2272
117000195,505,878,-373
117000196,659,293,366
117000225,22,572,-550
117000226,15,586,-571
117000276,814,52,762
117000277,0,134,-134
117000310,2247,5238,-2991
117000315,724,1633,-909
117000320,154,0,154
117000906,1469,23,1446
117000907,5,259,-254
117000908,10,387,-377
117000909,152,200,-48
117000910,527,173,354
117000911,90,156,-66
117000915,7,166,-159
117000916,153,25,128
117000917,3449,167,3282
117000918,444,152,292
117000919,13,79,-66
117000920,3,2420,-2417
117000921,0,311,-311
117000922,118,124,-6
117000924,2088,1941,147
117000926,1940,1385,555
117000927,288,1041,-753
117000928,0,265,-265
117000929,1241,256,985
117000930,1648,19,1629
117000931,215,350,-135
117900002,73,1567,-1494
117900003,139,383,-244
117900005,5,375,-370
117900006,0,133,-133
117900007,380,88,292
117900008,0,15,-15
117900010,915,133,782
117900011,30,2586,-2556
117900012,166,79,87
117900013,0,549,-549
117900014,1413,406,1007
117900015,53,209,-156
117900016,1860,2747,-887
117900017,2206,794,1412
117900018,859,1815,-956
117900019,2210,302,1908
117900020,94,463,-369
117900021,62,388,-326
117900022,71,6,65
117900023,6375,278,6097
117900024,176,244,-68
117900025,32,4,28
117900026,1421,315,1106
117900028,241,17,224
117900029,951,1304,-353
117900030,945,1035,-90
117900031,822,1876,-1054
117900032,1704,986,718
117900033,1450,867,583
117900034,230,107,123
117900035,619,1965,-1346
117900036,890,463,427
117900037,505,154,351
117900038,286,165,121
117900039,1,88,-87
117900040,521,185,336
117900041,2,66,-64
117900042,4706,1334,3372
117900043,1,33,-32
117900044,146,10166,-10020
117900045,752,250,502
117900048,554,268,286
117900049,890,886,4
117900050,23,1514,-1491
117900051,46,87,-41
117900052,164,1283,-1119
117900053,3472,233,3239
117900054,10,11,-1
117900055,5179,858,4321
117900056,122,547,-425
117900057,2313,1187,1126
117900058,74,318,-244
117900059,201,534,-333
117900060,5411,3362,2049
117900061,66,847,-781
117900063,1542,448,1094
117900065,549,1923,-1374
117900066,13,326,-313
117900067,2314,442,1872
117900069,2671,229,2442
117900070,58,833,-775
117900071,552,142,410
117900073,2084,598,1486
117900074,42,1350,-1308
117900075,289,138,151
117900076,201,298,-97
117900077,1406,175,1231
117900078,857,993,-136
117900080,452,84,368
117900081,388,533,-145
117900082,1586,513,1073
117900083,1399,1049,350
117900086,637,255,382
117900087,332,131,201
117900088,874,1386,-512
117900089,4726,838,3888
117900090,1682,1270,412
117900091,277,109,168
117900092,322,131,191
117900093,202,101,101
117900094,79,79,0
117900095,1371,2136,-765
117900096,410,1323,-913
117900097,327,79,248
117900098,190,24,166
117900099,834,2124,-1290
117900100,1576,13,1563
117900101,2147,5026,-2879
117900102,221,71,150
117900103,269,32,237
117900104,27,685,-658
117900105,152,320,-168
117900106,242,39,203
117900107,187,4,183
117900109,1730,585,1145
117900110,604,1,603
117900111,2458,299,2159
117900112,178,52,126
117900113,1756,5111,-3355
117900114,88,0,88
117900115,32,727,-695
117900116,1390,780,610
117900117,1715,292,1423
117900118,562,3,559
117900119,641,35,606
117900120,2184,46,2138
117900121,236,197,39
117900122,1127,12415,-11288
117900123,2314,746,1568
117900124,399,1731,-1332
117900125,2581,1625,956
117900126,289,400,-111
117900127,1716,410,1306
117900128,991,304,687
117900129,232,7,225
117900130,1646,2040,-394
117900131,21,334,-313
117900132,36,112,-76
117900133,53,61,-8
117900134,338,373,-35
117900135,129,124,5
117900136,0,24,-24
117900137,457,414,43
117900138,0,2,-2
117900139,89,149,-60
117900140,12881,1755,11126
117900141,87,926,-839
117900142,46,1080,-1034
117900144,58,3216,-3158
117900145,15,588,-573
117900146,230,981,-751
117900147,196,313,-117
117900148,7604,6720,884
117900149,164,858,-694
117900150,163,139,24
117900151,83,486,-403
117900152,153,344,-191
117900153,21,307,-286
117900154,1419,1539,-120
117900156,590,559,31
117900157,108,792,-684
117900158,586,129,457
117900160,1592,1215,377
117900161,1250,1118,132
117900162,1623,662,961
117900163,49,1641,-1592
117900165,1,9,-8
117900166,35,538,-503
117900168,134,364,-230
117900169,2,110,-108
117900170,3,86,-83
117900171,16,12,4
117900172,65,11,54
117900173,101,84,17
117900174,69,32,37
117900175,11,62,-51
117900176,29,8,21
117900177,132,83,49
117900178,176,159,17
117900180,355,91,264
117900181,91,1045,-954
117900182,5,141,-136
117900183,257,316,-59
117900184,123,221,-98
117900185,124,53,71
117900186,140,13,127
117900187,47,7,40
117900188,636,129,507
117900189,406,104,302
117900190,28,2,26
117900191,293,2,291
117900192,487,0,487
117900193,10,77,-67
117900194,18,7,11
117900195,29,644,-615
117900196,106,68,38
117900207,143,248,-105
117900208,93,70,23
117900209,425,114,311
117900210,175,72,103
117900211,7,45,-38
117900212,223,308,-85
117900213,65,13,52
117900214,32,14,18
117900215,152,28,124
117900216,26,248,-222
117900217,133,379,-246
117900218,193,240,-47
117900219,16,384,-368
117900220,10,925,-915
117900222,348,132,216
117900223,136,722,-586
118000001,1425,5488,-4063
118000002,1135,2332,-1197
118000003,3692,9901,-6209
118000004,1732,14694,-12962
118000005,7688,4775,2913
118000006,11571,7910,3661
118000007,9269,22392,-13123
118000008,1641,14297,-12656
118000009,2553,7083,-4530
118000010,5958,7129,-1171
118000011,5060,2491,2569
118000012,2092,3898,-1806
118000013,5739,6016,-277
118000014,2972,3482,-510
118000016,677,259,418
118000017,1617,696,921
118000018,802,234,568
118000019,1789,3473,-1684
118000020,744,3395,-2651
118000021,1118,5384,-4266
118000022,1772,1075,697
118000023,812,708,104
118000024,707,1326,-619
118000027,22673,11045,11628
118000029,1120,1031,89
118000032,352,3388,-3036
118000033,2636,7685,-5049
118000034,5167,6912,-1745
118000035,3381,3925,-544
118000036,1579,2090,-511
118000037,1829,5218,-3389
118000038,1334,160,1174
118000039,244,108,136
118000040,3894,3774,120
118000041,8374,3364,5010
118000045,274,480,-206
118000046,1724,2872,-1148
118000047,905,5996,-5091
118000048,2424,10950,-8526
118000051,1823,9063,-7240
118000052,926,3305,-2379
118000053,897,4128,-3231
118000054,7096,2099,4997
118000055,6763,3277,3486
118000056,148,1783,-1635
118000057,264,1054,-790
118000058,3091,11187,-8096
118000059,2423,5735,-3312
118000060,2763,1544,1219
118000061,2254,3257,-1003
118000062,608,322,286
118000063,831,1707,-876
118000064,1343,2641,-1298
118000065,3289,3587,-298
118000066,3193,7654,-4461
118000067,667,1130,-463
118000068,1945,20633,-18688
118000069,1721,2968,-1247
118000070,15149,4536,10613
118000071,9937,20605,-10668
118000072,948,7330,-6382
118000073,560,3659,-3099
118000074,903,1023,-120
118000075,1012,632,380
118000076,3942,18597,-14655
118000077,1664,3880,-2216
118000078,3571,5470,-1899
118000079,427,1018,-591
118000080,646,2907,-2261
118000081,2690,3567,-877
118000082,747,2375,-1628
118000083,2360,3980,-1620
118000084,2988,5419,-2431
118000086,179,1549,-1370
118000087,11299,5642,5657
118000088,1758,3811,-2053
118000089,7466,7300,166
118000090,1989,7658,-5669
118000091,3142,9802,-6660
118000092,1768,1330,438
118000093,281,1288,-1007
118000096,1517,1527,-10
118000097,1255,1581,-326
118000098,280,755,-475
118000099,1770,682,1088
118000101,4204,851,3353
118000102,813,951,-138
118000107,5965,1026,4939
118000108,2037,9904,-7867
118000110,1,58,-57
118000111,7,202,-195
118000112,2440,20,2420
118000113,24,743,-719
118000114,2187,35,2152
118000115,36,20,16
118000116,119,0,119
118000117,1174,2698,-1524
118000118,2498,4077,-1579
118000119,2190,4074,-1884
118000120,2018,2187,-169
118000121,26,1112,-1086
118000122,1072,510,562
118000123,148,478,-330
118000125,1508,5298,-3790
118000126,1307,5857,-4550
118000127,2005,2852,-847
118000128,510,6340,-5830
118000129,3682,2402,1280
118000130,4387,6543,-2156
118000131,787,2386,-1599
118000132,5411,4885,526
118000133,3448,2074,1374
118000135,1311,2740,-1429
118000136,265,3165,-2900
118000137,875,536,339
118000138,945,860,85
118000139,1226,273,953
118000140,9147,18962,-9815
118000141,6551,2926,3625
118000142,6911,3229,3682
118000143,6850,2878,3972
118000144,1231,804,427
118000145,2392,1869,523
118000146,2874,807,2067
118000147,2619,1272,1347
118000148,1930,2471,-541
118000149,1742,692,1050
118000150,1712,363,1349
118000151,1655,585,1070
118000153,3658,1533,2125
118000154,2801,1771,1030
118000155,5128,1748,3380
118000156,4398,7768,-3370
118000157,1543,675,868
118000158,578,1047,-469
118000159,113,183,-70
118000160,1621,457,1164
118000161,1293,540,753
118000162,2504,1640,864
118000163,2204,1913,291
118000164,4138,2603,1535
118000168,830,3081,-2251
118000169,2001,1338,663
118000170,5676,4274,1402
118000171,859,1131,-272
118000172,129,415,-286
118000173,1531,2517,-986
118000175,410,346,64
118000176,692,734,-42
118000177,570,1077,-507
118000178,111,30,81
118000179,1296,1347,-51
118000180,1150,845,305
118000181,937,311,626
118000182,464,357,107
118000183,425,490,-65
118000184,2717,784,1933
118000185,864,3427,-2563
118000186,613,2510,-1897
118000187,5101,678,4423
118000188,2030,81,1949
118000189,2539,629,1910
118000190,11,29,-18
118000191,14,70,-56
118000192,19,572,-553
118000193,13,230,-217
118000194,4643,1610,3033
118000195,483,12460,-11977
118000196,136,2457,-2321
118000197,63,401,-338
118000198,512,3570,-3058
118000199,588,4031,-3443
118000200,302,1656,-1354
118000201,132,1757,-1625
118000202,83,1175,-1092
118000203,475,2329,-1854
118000204,80,1342,-1262
118000205,149,597,-448
118000206,451,805,-354
118000207,1,119,-118
118000208,3035,2740,295
118000209,5130,1042,4088
118000210,293,76,217
118000211,206,106,100
118000213,1059,11991,-10932
118000214,675,2042,-1367
118000215,759,279,480
118000216,18591,4222,14369
118000217,15,89,-74
118000218,256,69,187
118000219,393,543,-150
118000220,105,141,-36
118000221,2028,1850,178
118000222,120,46,74
118000223,213,70,143
118000224,323,101,222
118000225,538,3045,-2507
118000226,2859,292,2567
118000227,1890,932,958
118000228,150,896,-746
118000229,105,1816,-1711
118000230,222,645,-423
118000231,174,1074,-900
118000232,1948,393,1555
118000233,2844,1047,1797
118000234,1278,173,1105
118000236,550,1115,-565
118000237,460,466,-6
118000238,538,255,283
118000239,669,1110,-441
118000240,175,165,10
118000241,832,262,570
118000242,1124,331,793
118000243,649,205,444
118000244,314,66,248
118000246,0,108,-108
118000255,61,657,-596
118000256,226,365,-139
118000259,58,218,-160
118000260,648,174,474
118000261,199,50,149
118000263,307,423,-116
118000266,472,286,186
118000267,1,1021,-1020
118000268,580,22,558
118000270,682,6,676
118000271,440,374,66
118000272,170,50,120
118000273,808,51,757
118000274,119,642,-523
118000276,656,442,214
118000295,78,309,-231
118000298,386,167,219
118000299,109,77,32
118000301,1,237,-236
118000302,275,56,219
118000311,2964,107,2857
118000312,1133,164,969
118000313,288,128,160
118000314,393,50,343
118000315,228,14,214
118000316,1905,625,1280
118000325,205,97,108
118000326,120,61,59
118000331,61,24,37
118000332,33,42,-9
118000333,50,52,-2
118000335,1651,5,1646
118000336,1,269,-268
118000407,712,86,626
118000457,25,235,-210
118000465,912,4773,-3861
118000480,126,123,3
118000489,9,1369,-1360
118000490,16,646,-630
118000492,1207,204,1003
118000510,131,68,63
118000514,146,1286,-1140
118000515,933,2681,-1748
118000517,1065,315,750
118000524,371,1249,-878
118000525,960,1087,-127
118000530,59,415,-356
118000531,907,287,620
118000532,473,313,160
118000533,467,216,251
118000534,1730,611,1119
118000535,663,174,489
118000536,75,964,-889
118000537,46,270,-224
118000538,39,262,-223
118000539,71,226,-155
118000540,368,566,-198
118000541,121,169,-48
118000542,247,989,-742
118000543,527,906,-379
118000546,101,86,15
118000553,0,0,0
118000560,2115,5525,-3410
118000562,117,156,-39
118000563,2503,1518,985
118000576,240,71,169
118000577,250,292,-42
118000578,179,49,130
118000579,803,5034,-4231
118000583,0,0,0
118000595,313,114,199
118000596,3,1016,-1013
118000597,314,88,226
118000598,68,6,62
118000599,461,141,320
118000600,1,35,-34
118000601,136,1,135
118000602,0,15,-15
118000603,0,18,-18
118900001,1110,2325,-1215
118900002,1608,1678,-70
118900003,1499,8,1491
118900004,419,99,320
118900005,210,27,183
118900006,533,11,522
118900007,2,2,0
118900008,2459,80,2379
118900009,301,265,36
118900010,343,55,288
118900011,319,15,304
118900012,464,539,-75
118900013,3388,1075,2313
118900015,577,71,506
118900016,6,3,3
118900017,39,543,-504
118900018,2559,67,2492
118900019,4,10,-6
118900020,30,392,-362
118900021,261,1661,-1400
118900022,139,24,115
118900023,134,374,-240
118900024,176,296,-120
118900025,25,282,-257
118900026,125,20,105
118900027,979,381,598
118900028,352,186,166
118900029,422,1110,-688
118900030,1272,384,888
118900031,222,50,172
118900032,386,84,302
118900033,733,1630,-897
118900034,460,93,367
118900035,262,111,151
118900036,2314,647,1667
118900037,517,1415,-898
118900038,1015,113,902
118900039,1596,427,1169
118900040,369,146,223
118900041,1685,582,1103
118900042,160,59,101
118900045,363,299,64
118900046,562,508,54
118900047,692,741,-49
118900048,288,1386,-1098
118900049,413,100,313
118900050,192,9,183
118900051,89,325,-236
118900052,489,1036,-547
118900053,41,149,-108
118900054,313,60,253
118900055,465,11,454
118900056,40,897,-857
118900057,1393,791,602
118900058,1208,1222,-14
118900059,48,319,-271
118900060,306,135,171
118900062,693,275,418
118900064,479,1287,-808
118900065,134,448,-314
118900066,274,101,173
118900067,6645,8171,-1526
118900068,16,1138,-1122
118900069,1128,414,714
118900071,7,15,-8
118900072,2064,1698,366
118900073,419,283,136
118900074,713,114,599
118900075,514,25,489
118900076,414,434,-20
118900077,1167,247,920
118900078,3,0,3
118900079,103,321,-218
118900080,254,75,179
118900081,84,94,-10
118900082,3989,400,3589
118900083,75,1,74
118900084,19,57,-38
118900085,567,746,-179
118900086,44,203,-159
118900087,305,2112,-1807
118900088,8,5,3
118900089,41,74,-33
118900090,691,259,432
118900091,274,531,-257
118900092,808,80,728
118900093,276,50,226
118900096,123,62,61
118900097,769,775,-6
118900099,68,203,-135
118900100,151,407,-256
118900101,602,201,401
118900102,51,141,-90
118900103,29,249,-220
118900104,826,140,686
118900105,352,133,219
118900107,91,78,13
118900108,183,434,-251
118900110,2502,2380,122
118900111,2219,914,1305
118900112,508,902,-394
118900113,146,567,-421
118900114,15,284,-269
118900115,454,637,-183
118900116,142,289,-147
118900117,220,133,87
118900118,652,364,288
118900119,312,330,-18
118900120,111,398,-287
118900121,67,227,-160
118900122,3,1680,-1677
118900123,249,444,-195
118900124,365,597,-232
118900126,98,447,-349
118900129,521,234,287
118900130,44,334,-290
118900131,904,512,392
118900132,662,360,302
118900133,33,447,-414
118900135,581,307,274
118900136,636,394,242
118900137,14,237,-223
118900139,856,439,417
118900140,1337,514,823
118900141,347,127,220
118900144,599,207,392
118900145,50,308,-258
118900146,946,518,428
118900147,182,2008,-1826
118900148,158,81,77
118900150,195,1071,-876
118900152,919,506,413
118900157,115,783,-668
118900158,540,53,487
118900159,1,352,-351
118900161,50,74,-24
118900163,125,121,4
118900164,1,85,-84
118900165,221,64,157
118900166,4,1,3
118900167,179,57,122
118900168,87,194,-107
118900169,419,139,280
118900170,772,71,701
118900171,195,70,125
118900174,186,97,89
118900175,950,441,509
118900176,340,393,-53
118900177,247,7,240
118900178,193,97,96
118900179,10,33,-23
118900181,339,120,219
118900182,20,136,-116
118900183,48,436,-388
118900184,271,50,221
118900185,245,56,189
118900186,99,465,-366
118900187,140,1271,-1131
118900188,503,436,67
118900189,94,948,-854
118900190,336,381,-45
118900191,1036,127,909
118900192,1164,35,1129
118900193,2169,11,2158
118900195,254,834,-580
118900196,72,223,-151
118900197,770,102,668
118900198,60,1,59
118900199,221,8,213
118900200,66,39,27
118900201,72,130,-58
118900202,4,104,-100
118900203,116,0,116
118900204,76,11,65
118900205,3,1,2
118900206,2,3,-1
119000001,3007,4034,-1027
119000002,5315,7627,-2312
119000003,6783,2023,4760
119000004,5185,4364,821
119000005,3846,6842,-2996
119000006,8365,3906,4459
119000007,8607,7868,739
119000008,4042,3747,295
119000009,4387,13597,-9210
119000010,6808,7743,-935
119000011,3644,4549,-905
119000012,1755,6609,-4854
119000013,5769,3563,2206
119000014,3739,4116,-377
119000019,559,315,244
119000020,5703,2690,3013
119000021,10713,6310,4403
119000022,2939,9136,-6197
119000023,312,730,-418
119000024,4857,46960,-42103
119000025,7540,2169,5371
119000026,98,1452,-1354
119000027,162,896,-734
119000028,3387,936,2451
119000029,125,516,-391
119000030,938,1344,-406
119000031,2967,1256,1711
119000032,6123,3350,2773
119000033,4031,1326,2705
119000034,3316,1623,1693
119000035,97,368,-271
119000036,6236,478,5758
119000037,3803,1109,2694
119000038,734,471,263
119000039,1683,1044,639
119000040,1505,2022,-517
119000041,1725,3752,-2027
119000048,3368,2166,1202
119000049,6828,4030,2798
119000050,2151,5185,-3034
119000051,4724,2861,1863
119000052,8207,4186,4021
119000053,3477,1820,1657
119000054,5807,1787,4020
119000055,12163,1952,10211
119000056,8386,2190,6196
119000057,3454,1090,2364
119000058,2831,1514,1317
119000059,1774,1831,-57
119000060,4134,1154,2980
119000061,1907,734,1173
119000062,1613,1160,453
119000063,1636,1056,580
119000064,1668,2052,-384
119000065,1809,7063,-5254
119000066,4000,1700,2300
119000067,3532,1970,1562
119000068,3974,1270,2704
119000069,4451,2423,2028
119000070,5985,753,5232
119000071,2391,931,1460
119000072,7192,6521,671
119000073,6712,22962,-16250
119000074,3131,1886,1245
119000075,7722,4277,3445
119000076,274,3148,-2874
119000077,1380,1890,-510
119000078,812,2012,-1200
119000079,285,1471,-1186
119000080,1784,402,1382
119000081,684,1750,-1066
119000082,1871,560,1311
119000083,1162,704,458
119000084,579,793,-214
119000085,1707,227,1480
119000086,367,1473,-1106
119000087,1275,319,956
119000088,300,125,175
119000089,144,235,-91
119000090,230,114,116
119000091,114,263,-149
119000092,662,233,429
119000093,8560,4533,4027
119000094,8677,9966,-1289
119000095,5200,12519,-7319
119000097,2486,1384,1102
119000098,2215,13517,-11302
119000099,3297,1227,2070
119000100,10223,5791,4432
119000101,6057,3605,2452
119000102,572,2408,-1836
119000103,952,1016,-64
119000104,2223,1331,892
119000105,2039,6372,-4333
119000106,761,1027,-266
119000107,2491,1044,1447
119000108,1625,1196,429
119000109,403,1329,-926
119000110,462,2107,-1645
119000111,93,1584,-1491
119000112,270,542,-272
119000113,1485,710,775
119000114,3100,2680,420
119000115,163,272,-109
119000116,224,244,-20
119000117,463,615,-152
119000118,25,1,24
119000123,2524,6277,-3753
119000124,2946,368,2578
119000125,10650,938,9712
119000126,4600,974,3626
119000127,1946,494,1452
119000128,36,3,33
119000131,2540,242,2298
119000132,0,0,0
119000133,6,23,-17
119000134,2154,1317,837
119000135,230,1255,-1025
119000136,797,145,652
119000137,375,309,66
119000138,1962,95,1867
119000139,331,139,192
119000140,530,627,-97
119000284,1715,2526,-811
119000285,2678,1608,1070
119000286,5736,4511,1225
119000287,2363,2298,65
119000288,4424,1255,3169
119000289,2319,3732,-1413
119000290,330,490,-160
119000291,324,649,-325
119000293,243,339,-96
119000294,158,59,99
119000295,3676,419,3257
119000296,553,170,383
119000299,0,0,0
119000302,3633,1709,1924
119000303,33,912,-879
119000314,3722,23503,-19781
119000315,0,234,-234
119000316,557,94,463
119000317,209,113,96
119900001,142,3637,-3495
119900002,620,587,33
119900003,13,395,-382
119900004,164,5267,-5103
119900005,706,145,561
119900006,162,842,-680
119900007,837,494,343
119900008,58,297,-239
119900009,1013,488,525
119900010,1283,2163,-880
119900011,29,575,-546
119900012,7,228,-221
119900013,2051,2855,-804
119900014,927,479,448
119900015,582,144,438
119900016,187,157,30
119900017,72,112,-40
119900018,1613,2327,-714
119900019,173,19,154
119900020,288,316,-28
119900021,471,74,397
119900022,126,1263,-1137
119900023,878,5898,-5020
119900025,809,27,782
119900026,1160,229,931
119900027,8,16,-8
119900028,397,401,-4
119900029,6,7,-1
119900030,1171,917,254
119900031,81,2210,-2129
119900033,1729,355,1374
119900034,2031,51,1980
119900037,345,32,313
119900038,56,1142,-1086
119900039,177,24,153
119900040,250,39,211
119900041,556,14,542
119900042,172,976,-804
119900043,235,230,5
119900044,351,1276,-925
119900046,626,24,602
119900047,1017,493,524
119900048,130,13,117
119900049,344,10,334
119900050,244,550,-306
119900051,1417,17,1400
119900052,431,15,416
119900053,769,243,526
119900054,1120,32,1088
119900055,1993,539,1454
119900057,951,18,933
119900058,1002,12,990
119900059,151,43,108
119900060,638,132,506
119900062,353,8,345
119900063,15,151,-136
119900065,410,8,402
119900066,3,4,-1
119900067,250,33,217
119900068,1737,6,1731
119900069,203,45,158
119900070,1726,8,1718
119900071,1781,99,1682
119900073,2677,238,2439
119900074,32,98,-66
119900075,2616,1858,758
119900076,2255,348,1907
119900077,2105,491,1614
119900078,1407,694,713
119900079,1733,77,1656
119900080,3607,1035,2572
119900081,1723,54,1669
119900082,5899,498,5401
119900083,1118,40,1078
119900084,724,903,-179
119900085,165,99,66
119900087,334,1972,-1638
119900088,47,28,19
119900089,61,149,-88
119900090,148,22,126
119900091,87,194,-107
119900092,105,2003,-1898
119900093,4480,344,4136
119900094,13,630,-617
119900095,250,83,167
119900096,51,150,-99
119900097,313,265,48
119900098,74,29,45
119900099,50,174,-124
119900100,828,3091,-2263
119900101,334,2307,-1973
119900102,92,153,-61
119900103,77,132,-55
119900104,90,93,-3
119900105,1737,6211,-4474
119900106,30,85,-55
119900107,687,1551,-864
119900108,6611,803,5808
119900109,26,90,-64
119900110,1224,600,624
119900111,510,85,425
119900112,1110,1895,-785
119900113,39,274,-235
119900114,473,762,-289
119900115,1142,363,779
119900116,250,1141,-891
119900117,908,366,542
119900118,291,174,117
119900119,793,304,489
119900120,952,461,491
119900121,1489,786,703
119900122,49,220,-171
119900123,311,438,-127
119900124,767,552,215
119900125,44,238,-194
119900126,4357,266,4091
119900127,740,489,251
119900128,1153,1684,-531
119900129,648,232,416
119900130,5,216,-211
119900131,116,117,-1
119900132,254,123,131
119900133,254,133,121
119900134,828,143,685
119900135,1,258,-257
119900136,101,238,-137
119900138,289,369,-80
119900139,135,543,-408
119900140,10,149,-139
119900141,64,2334,-2270
119900142,33,54,-21
119900143,46,574,-528
119900144,1211,245,966
119900145,100,367,-267
119900146,485,212,273
119900147,3,379,-376
119900148,695,79,616
119900149,849,14947,-14098
119900150,209,183,26
119900151,4643,1825,2818
119900152,530,177,353
119900153,339,72,267
119900154,18,281,-263
119900155,40,25,15
119900156,31,9,22
119900157,584,245,339
119900158,429,128,301
119900159,3,389,-386
119900160,24,253,-229
119900161,293,199,94
119900162,2225,964,1261
119900163,120,273,-153
119900164,0,1,-1
119900165,449,99,350
119900166,246,65,181
119900167,10,166,-156
119900168,3726,378,3348
119900169,45,761,-716
119900170,261,308,-47
119900171,1924,818,1106
119900172,61,34,27
119900173,78,213,-135
119900174,10,278,-268
119900175,4656,477,4179
119900177,69,151,-82
119900178,5,188,-183
119900179,595,2115,-1520
119900180,2780,999,1781
119900181,37,137,-100
119900182,2,120,-118
119900183,197,833,-636
119900184,860,536,324
119900185,98,696,-598
119900186,26,4199,-4173
119900187,6,316,-310
119900188,465,468,-3
119900189,224,697,-473
119900190,170,631,-461
119900191,218,715,-497
119900192,96,192,-96
119900193,1388,192,1196
119900194,31,99,-68
119900195,28,408,-380
119900196,388,109,279
119900197,745,528,217
119900198,287,520,-233
119900199,514,35,479
119900200,1781,1296,485
119900201,420,340,80
119900202,181,633,-452
119900203,302,1581,-1279
119900204,702,468,234
119900205,2563,507,2056
119900206,596,488,108
119900208,202,202,0
119900209,1056,5391,-4335
119900210,174,5,169
119900211,107,3,104
119900212,769,383,386
119900213,13,94,-81
119900214,331,67,264
119900215,162,29,133
119900216,22,5,17
119900217,17,15,2
119900218,24,159,-135
119900219,55,46,9
119900220,11,20,-9
119900221,146,76,70
119900222,28,82,-54
119900223,17,35,-18
119900224,64,13,51
119900225,322,55,267
119900226,269,4110,-3841
119900227,473,342,131
119900228,41,1050,-1009
119900229,125,305,-180
119900230,1964,294,1670
119900231,700,127,573
119900232,234,114,120
119900233,124,22,102
119900234,2,396,-394
119900235,5,92,-87
119900236,46,350,-304
119900237,99,611,-512
119900238,5,492,-487
119900240,108,390,-282
119900241,423,238,185
119900242,2571,2046,525
119900244,1032,1396,-364
119900245,555,478,77
119900246,194,701,-507
119900247,18,90,-72
119900248,61,1163,-1102
119900249,744,264,480
119900253,2054,356,1698
119900254,187,2800,-2613
119900255,205,963,-758
119900256,1634,497,1137
119900257,205,14,191
119900258,466,34,432
119900259,10,52,-42
119900260,392,18,374
119900261,1128,1079,49
119900262,1,318,-317
119900263,2874,326,2548
119900264,493,44,449
119900265,1617,407,1210
119900266,1509,341,1168
119900267,209,385,-176
119900268,799,132,667
119900269,4333,756,3577
119900271,147,122,25
119900272,156,368,-212
119900275,277,41,236
119900276,241,4,237
119900277,35,11,24
119900278,1133,101,1032
119900279,270,596,-326
119900280,817,103,714
119900281,3,657,-654
119900282,28,166,-138
119900283,85,88,-3
119900284,138,156,-18
119900285,4,106,-102
119900286,0,12,-12
119900288,75,16,59
119900289,0,99,-99
119900290,9,1,8
119900291,3,116,-113
119900292,47,97,-50
119900293,37,19,18
119900294,42,3,39
119900295,0,0,0
119900296,0,0,0
119900299,165,834,-669
119900300,513,589,-76
119900301,108,381,-273
119900302,74,645,-571
119900303,629,766,-137
119900304,456,21,435
119900305,27,179,-152
119900306,37,2,35
119900307,81,162,-81
119900308,6,47,-41
119900309,57,650,-593
119900310,445,418,27
119900311,489,25,464
119900312,441,56,385
119900313,614,480,134
119900314,605,789,-184
119900315,3646,993,2653
119900318,44,214,-170
119900319,290,178,112
119900320,661,357,304
119900321,467,27,440
119900322,11,53,-42
119900323,1,33,-32
119900324,0,65,-65
119900325,223,71,152
119900326,28,53,-25
120000001,16991,63217,-46226
120000002,4376,4813,-437
120000003,3539,1587,1952
120000004,4674,1642,3032
120000005,3944,1946,1998
120000006,2983,1514,1469
120000007,4892,8672,-3780
120000008,2322,1438,884
120000009,2345,1212,1133
120000010,4432,5407,-975
120000011,2509,2354,155
120000012,3696,2685,1011
120000013,8050,4705,3345
120000014,2028,3433,-1405
120000015,5932,4058,1874
120000016,7925,4185,3740
120000017,8544,9066,-522
120000018,5873,36161,-30288
120000019,2406,2834,-428
120000020,3859,6637,-2778
120000021,3200,3264,-64
120000022,3348,4582,-1234
120000023,2664,2506,158
120000024,1794,3229,-1435
120000025,4686,2958,1728
120000026,6853,3147,3706
120000027,4635,2927,1708
120000028,1329,4143,-2814
120000029,2466,3673,-1207
120000030,312,2253,-1941
120000031,3349,10950,-7601
120000032,7339,4410,2929
120000033,7117,1838,5279
120000034,7336,1717,5619
120000035,7443,2327,5116
120000036,6600,9499,-2899
120000037,1074,3319,-2245
120000038,9210,5385,3825
120000039,1465,2470,-1005
120000040,142,3922,-3780
120000041,838,2787,-1949
120000042,4091,3030,1061
120000043,9107,1197,7910
120000044,12308,1981,10327
120000045,15165,1186,13979
120000046,6571,7968,-1397
120000047,1247,22439,-21192
120000048,17961,7138,10823
120000049,8254,9120,-866
120000050,6312,10345,-4033
120000051,3689,7722,-4033
120000052,8746,1554,7192
120000053,2108,1927,181
120000054,2458,2942,-484
120000055,3028,4064,-1036
120000056,7272,5272,2000
120000057,7146,3221,3925
120000058,1978,1989,-11
120000059,27,2991,-2964
120000061,342,2500,-2158
120000062,264,427,-163
120000063,903,2313,-1410
120000064,804,903,-99
120000065,867,1625,-758
120000066,303,640,-337
120000067,39,156,-117
120000068,634,326,308
120000069,1753,452,1301
120000070,449,516,-67
120000071,2091,197,1894
120000072,3125,984,2141
120000073,2828,112,2716
120000074,190,470,-280
120000075,2483,1342,1141
120000076,5785,718,5067
120000077,5270,990,4280
120000078,3867,1581,2286
120000079,418,282,136
120000080,223,363,-140
120000081,403,146,257
120000082,361,276,85
120000083,95,1232,-1137
120000084,473,482,-9
120000085,566,855,-289
120000086,421,345,76
120000087,415,431,-16
120000088,1552,1246,306
120000089,1745,673,1072
120000090,1715,985,730
120000091,2695,1020,1675
120000092,1781,597,1184
120000093,1680,697,983
120000094,722,2113,-1391
120000095,1639,339,1300
120000096,834,502,332
120000098,2083,776,1307
120000099,1012,728,284
120000100,1478,646,832
120000101,1620,562,1058
120000102,1739,2184,-445
120000103,3233,1716,1517
120000104,4594,771,3823
120000105,6283,633,5650
120000106,7562,552,7010
120000107,13762,845,12917
120000108,4914,399,4515
120000109,2866,244,2622
120000110,124,1006,-882
120000111,273,1237,-964
120000112,1044,1829,-785
120000113,1041,1345,-304
120000114,743,1455,-712
120000115,647,1292,-645
120000116,687,1805,-1118
120000117,804,1191,-387
120000118,79,189,-110
120000119,40,56,-16
120000120,254,554,-300
120000121,12,53,-41
120000122,535,2157,-1622
120000123,2889,19972,-17083
120000124,936,1238,-302
120000125,2479,964,1515
120000126,775,5883,-5108
120000127,1375,2838,-1463
120000128,3814,10402,-6588
120000129,517,291,226
120000130,2058,846,1212
120000131,1027,1099,-72
120000134,1494,772,722
120000135,2596,1020,1576
120000137,814,323,491
120000138,4657,323,4334
120000139,881,448,433
120000140,3976,273,3703
120000141,718,1876,-1158
120000142,2113,2728,-615
120000143,5,79,-74
120000144,285,68,217
120000145,1964,3,1961
120000146,1923,3052,-1129
120000149,941,886,55
120000150,3658,19945,-16287
120000151,1176,706,470
120000152,2428,226,2202
120000153,1193,753,440
120000154,1417,1340,77
120000155,530,998,-468
120000156,1080,5955,-4875
120000157,2368,836,1532
120000158,2308,888,1420
120000159,3969,1928,2041
120000160,4091,2616,1475
120000161,6843,3949,2894
120000162,348,636,-288
120000163,1947,900,1047
120000164,1359,270,1089
120000165,2119,642,1477
120000166,3798,622,3176
120000167,488,424,64
120000168,10,1119,-1109
120000169,55,2674,-2619
120000170,29,2589,-2560
120000171,23,758,-735
120000172,20,548,-528
120000173,222,1660,-1438
120000174,46,52,-6
120000175,41,135,-94
120000176,46,106,-60
120000177,942,176,766
120000178,7,53,-46
120000179,44,126,-82
120000180,68,117,-49
120000181,142,2735,-2593
120000182,52,1733,-1681
120000183,9,652,-643
120000184,305,1791,-1486
120000186,34,2116,-2082
120000187,36,1700,-1664
120000188,59,948,-889
120000190,114,123,-9
120000191,86,254,-168
120000192,106,22,84
120000193,47,8,39
120000195,22,2,20
120000196,74,5,69
120000197,10,15,-5
120000198,673,22,651
120000199,922,2,920
120000200,684,2,682
120000201,118,159,-41
120000202,1,45,-44
120000203,689,183,506
120000207,2,46,-44
120000208,19,60,-41
120000209,7,13,-6
120000210,76,29,47
120000211,1005,9,996
120000212,941,5,936
120000213,794,425,369
120000214,1,53,-52
120000215,16,75,-59
120000216,974,59,915
120000217,328,1020,-692
120000218,26,389,-363
120000219,3,268,-265
120000220,6,763,-757
120000225,5292,12,5280
120000226,1297,21,1276
120000227,1855,216,1639
120000228,15659,7644,8015
120000230,1165,67,1098
120000231,4124,873,3251
120000233,1505,16,1489
120000235,741,665,76
120000236,4062,1,4061
120000237,3,1255,-1252
120000238,0,659,-659
120000241,2416,9112,-6696
120000412,381,32,349
120000413,1853,332,1521
120000414,766,24,742
120000415,3,195,-192
120000416,448,13,435
120000417,53,443,-390
120000418,1073,14,1059
120000419,88,66,22
120000420,125,21,104
120000421,12907,6394,6513
120000422,216,7008,-6792
120000423,12,429,-417
120000424,825,100,725
120000436,160,2772,-2612
120000437,130,144,-14
120000438,2276,449,1827
120000439,473,1572,-1099
120000443,359,3,356
120000444,3880,964,2916
120000445,4725,3603,1122
120000446,4666,208,4458
120000447,1252,2,1250
120000449,682,11,671
120000450,26,105,-79
120000451,562,294,268
120000452,1033,6,1027
120000453,0,58,-58
120000454,60,162,-102
120000455,350,95,255
120000456,3455,11620,-8165
120000457,599,423,176
120000458,659,921,-262
120000459,496,154,342
120000665,241,850,-609
120000668,178,6878,-6700
120000669,783,172,611
120000670,137,1557,-1420
120000671,9370,2054,7316
120000672,118,964,-846
120900001,244,79,165
120900002,193,1420,-1227
120900003,399,24,375
120900004,14,301,-287
120900005,447,441,6
120900006,1679,269,1410
120900007,728,143,585
120900008,1245,804,441
120900009,730,32,698
120900010,1624,402,1222
120900011,77,915,-838
120900012,32,2463,-2431
120900013,783,580,203
120900014,1,464,-463
120900015,2360,715,1645
120900016,4339,276,4063
120900017,3262,64,3198
120900018,631,310,321
120900019,758,872,-114
120900020,434,1068,-634
120900021,754,331,423
120900022,9,347,-338
120900023,763,406,357
120900024,2473,628,1845
120900025,1937,1273,664
120900026,359,214,145
120900027,843,57,786
120900028,1335,448,887
120900029,47,1737,-1690
120900030,5186,887,4299
120900031,754,100,654
120900032,3147,193,2954
120900033,3146,724,2422
120900034,81,7402,-7321
120900035,545,269,276
120900037,994,64,930
120900038,450,901,-451
120900039,249,58,191
120900040,828,13,815
120900041,31,56,-25
120900042,1379,30,1349
120900043,231,288,-57
120900044,15,1038,-1023
120900045,539,86,453
120900046,1716,9,1707
120900047,326,346,-20
120900048,545,49,496
120900049,1309,7,1302
120900050,1378,6528,-5150
120900051,1100,117,983
120900052,2995,52,2943
120900053,1187,56,1131
120900054,2392,426,1966
120900055,1699,17,1682
120900056,1580,72,1508
120900057,757,35,722
120900058,1656,9,1647
120900059,534,25,509
120900060,187,28,159
120900061,523,285,238
120900062,1171,44,1127
120900063,2627,73,2554
120900064,2092,7,2085
120900065,1654,11,1643
120900066,2340,168,2172
120900067,639,287,352
120900068,1292,4,1288
120900069,1377,27,1350
120900071,298,7,291
120900072,2492,29,2463
120900073,2732,98,2634
120900074,2311,55,2256
120900076,1670,2,1668
120900077,2249,738,1511
120900078,1697,358,1339
120900079,3398,106,3292
120900080,3353,484,2869
120900081,4738,382,4356
120900082,514,919,-405
120900083,282,31,251
120900084,1157,872,285
120900085,125,162,-37
120900086,97,1587,-1490
120900087,907,395,512
120900088,510,1739,-1229
120900089,2429,8188,-5759
120900090,878,28,850
120900091,278,1402,-1124
120900092,179,321,-142
120900093,1750,120,1630
120900094,372,307,65
120900095,963,60,903
120900096,274,154,120
120900097,1204,743,461
120900098,132,109,23
120900099,128,88,40
120900100,109,193,-84
120900101,81,175,-94
120900102,254,252,2
120900103,389,370,19
120900104,8,44,-36
120900105,73,1160,-1087
120900106,335,217,118
120900107,91,131,-40
120900108,99,359,-260
120900109,96,478,-382
120900110,31,345,-314
120900111,345,220,125
120900112,66,252,-186
120900113,67,573,-506
120900114,87,201,-114
120900115,176,408,-232
120900116,1878,180,1698
120900117,58,124,-66
120900118,74,268,-194
120900119,15028,3978,11050
120900120,175,955,-780
120900121,91,451,-360
120900122,2096,185,1911
120900123,52,90,-38
120900124,12,174,-162
120900125,15,418,-403
120900126,232,680,-448
120900127,70,229,-159
120900128,533,721,-188
120900129,12,174,-162
120900130,26,338,-312
120900131,274,289,-15
120900132,3003,232,2771
120900133,111,877,-766
120900134,262,238,24
120900135,19,228,-209
120900136,75,258,-183
120900137,1112,239,873
120900138,10,195,-185
120900139,6,195,-189
120900140,11,174,-163
120900141,690,401,289
120900142,40,170,-130
120900143,3,171,-168
120900144,9,74,-65
120900145,362,2606,-2244
120900146,1,171,-170
120900147,90,87,3
120900148,510,203,307
120900149,0,155,-155
120900150,207,217,-10
120900151,1,85,-84
120900152,29,9,20
120900153,0,0,0
120900154,19,201,-182
120900155,473,369,104
120900156,978,204,774
120900157,6,12,-6
120900158,240,314,-74
120900159,11,63,-52
120900160,137,522,-385
120900161,86,537,-451
120900162,24,825,-801
120900163,150,1940,-1790
120900164,0,61,-61
120900165,3,120,-117
120900166,120,1592,-1472
120900167,168,59,109
120900169,534,368,166
120900170,262,10175,-9913
120900171,665,129,536
120900172,98,3339,-3241
120900173,38,104,-66
120900174,5,173,-168
120900175,489,184,305
120900176,53,968,-915
120900177,3,5039,-5036
120900178,1,1775,-1774
120900179,144,288,-144
120900180,85,573,-488
120900181,85,83,2
120900182,120,487,-367
120900183,1091,82,1009
120900184,265,97,168
120900185,1749,2767,-1018
120900186,0,147,-147
120900187,1983,786,1197
120900188,673,27,646
120900189,161,8029,-7868
120900190,626,5,621
120900191,540,11,529
120900192,7959,32658,-24699
120900194,163,451,-288
120900195,155,358,-203
120900196,652,116,536
120900197,1566,186,1380
120900198,172,563,-391
120900199,566,458,108
120900200,17,177,-160
120900201,286,83,203
120900202,0,209,-209
120900203,69,104,-35
120900204,128,155,-27
120900205,254,30,224
120900206,123,54,69
120900207,47,1175,-1128
121000001,1220,5324,-4104
121000002,4244,4473,-229
121000003,12557,3918,8639
121000004,3466,6407,-2941
121000005,4173,5322,-1149
121000006,4483,5179,-696
121000007,4590,11065,-6475
121000008,6045,9424,-3379
121000009,8107,15528,-7421
121000010,10731,11147,-416
121000011,10301,13380,-3079
121000012,17071,7625,9446
121000013,11032,9045,1987
121000014,7989,6264,1725
121000015,8566,11605,-3039
121000016,6253,6554,-301
121000017,5140,2643,2497
121000018,6111,3516,2595
121000019,13118,11655,1463
121000020,13984,22472,-8488
121000021,3566,3890,-324
121000022,4518,7118,-2600
121000023,4249,1591,2658
121000024,8211,9387,-1176
121000025,872,3173,-2301
121000026,554,320,234
121000027,2545,2187,358
121000028,1668,1266,402
121000029,1783,1169,614
121000030,1315,1319,-4
121000031,783,1692,-909
121000032,388,293,95
121000034,824,2521,-1697
121000035,488,1014,-526
121000036,2230,2289,-59
121000037,1172,2821,-1649
121000038,573,1981,-1408
121000039,309,757,-448
121000041,913,1022,-109
121000042,314,808,-494
121000043,956,997,-41
121000044,2405,1746,659
121000045,1030,524,506
121000046,1430,2324,-894
121000047,88,188,-100
121000049,1769,1253,516
121000050,522,3606,-3084
121000051,1060,745,315
121000052,759,2211,-1452
121000053,1180,609,571
121000054,125,1171,-1046
121000055,1602,6327,-4725
121000056,1527,2406,-879
121000057,265,939,-674
121000058,252,180,72
121000059,5298,2273,3025
121000060,629,1950,-1321
121000061,27,848,-821
121000062,159,2152,-1993
121000063,1266,2042,-776
121000064,1292,1474,-182
121000065,277,1154,-877
121000066,1278,2521,-1243
121000067,785,2175,-1390
121000068,630,868,-238
121000069,204,2465,-2261
121000070,2362,3595,-1233
121000071,3879,3964,-85
121000072,1166,3467,-2301
121000073,1546,3123,-1577
121000074,129,694,-565
121000075,17,407,-390
121000076,537,1045,-508
121000077,205,261,-56
121000078,261,512,-251
121000080,5369,1233,4136
121000081,8613,8070,543
121000082,107,528,-421
121000083,93,315,-222
121000084,303,385,-82
121000085,542,937,-395
121000086,2527,797,1730
121000087,202,390,-188
121000088,1484,772,712
121000089,342,1095,-753
121000090,326,844,-518
121000091,1919,1355,564
121000092,390,150,240
121000093,449,492,-43
121000094,584,1836,-1252
121000095,238,1281,-1043
121000096,10487,3316,7171
121000097,882,3967,-3085
121000098,1246,893,353
121000099,1934,758,1176
121000100,2124,337,1787
121000101,905,270,635
121000102,1039,239,800
121000103,430,180,250
121000104,754,128,626
121000105,874,368,506
121000106,630,385,245
121000107,2753,4611,-1858
121000109,2060,1254,806
121000110,262,1169,-907
121000114,6678,4486,2192
121000115,7110,1078,6032
121000116,641,1850,-1209
121000117,422,506,-84
121000118,2758,567,2191
121000119,706,412,294
121000120,1024,849,175
121000121,725,4124,-3399
121000123,1627,628,999
121000126,61,682,-621
121000127,221,265,-44
121000128,2496,343,2153
121000129,2281,346,1935
121000130,1132,1119,13
121000131,2442,1347,1095
121000132,942,1390,-448
121000135,497,717,-220
121000136,1243,2972,-1729
121000137,1955,676,1279
121000138,766,2902,-2136
121000139,229,987,-758
121000141,440,729,-289
121000142,1076,886,190
121000143,210,29,181
121000144,870,962,-92
121000145,1494,1182,312
121000146,2489,2756,-267
121000147,3234,1290,1944
121000148,1608,1331,277
121000149,5366,4141,1225
121000152,638,758,-120
121000153,2748,871,1877
121000154,2928,1216,1712
121000155,6886,2265,4621
121000156,795,2357,-1562
121000157,1682,2191,-509
121000158,350,535,-185
121000159,562,790,-228
121000160,442,1026,-584
121000161,584,562,22
121000162,284,96,188
121000165,2109,2768,-659
121000166,90,1051,-961
121000168,836,420,416
121000169,214,360,-146
121000170,654,151,503
121000171,230,472,-242
121000172,2101,2889,-788
121000173,2932,3030,-98
121000174,1574,1265,309
121000175,3696,1624,2072
121000176,1376,501,875
121000177,1320,1702,-382
121000178,145,223,-78
121000179,81,165,-84
121000181,502,582,-80
121000182,552,646,-94
121000183,107,337,-230
121000184,47,1009,-962
121000185,45,822,-777
121000186,563,1834,-1271
121000187,521,150,371
121000188,786,129,657
121000192,1833,699,1134
121000193,1476,577,899
121000194,3897,3830,67
121000195,602,2820,-2218
121000196,1037,1278,-241
121000197,222,3495,-3273
121000198,296,697,-401
121000199,289,1433,-1144
121000200,1210,582,628
121000201,35,1067,-1032
121000202,1085,428,657
121000203,1655,3191,-1536
121000204,5994,1086,4908
121000205,179,377,-198
121000206,198,226,-28
121000207,4438,860,3578
121000208,13,462,-449
121000209,1620,139,1481
121000210,1795,707,1088
121000211,1249,235,1014
121000212,719,1261,-542
121000213,33357,5866,27491
121000214,2999,4630,-1631
121000215,1138,4954,-3816
121000216,925,1495,-570
121000217,7147,6863,284
121000218,666,5101,-4435
121000219,3388,2031,1357
121000220,592,163,429
121000221,383,1497,-1114
121000222,10722,6939,3783
121000223,288,1679,-1391
121000224,217,959,-742
121000225,1087,9799,-8712
121000226,1354,4101,-2747
121000227,49,236,-187
121000228,83,1399,-1316
121000229,1018,1104,-86
121000230,161,5727,-5566
121000231,3890,60,3830
121000232,1061,548,513
121000233,1371,637,734
121000234,22,81,-59
121000235,94,83,11
121000236,7,48,-41
121000237,45,28,17
121000238,13,135,-122
121000239,128,10,118
121000240,21,245,-224
121000241,118,19,99
121000242,34,496,-462
121000243,207,68,139
121000244,0,45,-45
121000245,34,30,4
121000246,1,107,-106
121000247,147,12,135
121000248,693,935,-242
121000249,218,857,-639
121000250,1078,997,81
121000251,37,474,-437
121000252,179,275,-96
121000253,927,1857,-930
121000254,1575,799,776
121000255,511,1277,-766
121000256,838,2291,-1453
121000257,183,696,-513
121000258,79,750,-671
121000259,57,373,-316
121000260,39,569,-530
121000261,71,610,-539
121000262,4684,607,4077
121000263,738,801,-63
121000271,2112,2840,-728
121000273,32,77,-45
121000274,58,463,-405
121000275,7,52,-45
121000276,26,152,-126
121000278,246,145,101
121000279,127,561,-434
121000280,123,296,-173
121000289,983,22,961
121000290,3725,3209,516
121000294,597,47,550
121000297,734,2220,-1486
121000299,208,9562,-9354
121000300,3671,1307,2364
121000302,22,1159,-1137
121000303,1255,453,802
121000304,770,122,648
121000305,474,182,292
121000306,413,616,-203
121000308,122,543,-421
121000309,425,810,-385
121000310,179,566,-387
121000311,104,503,-399
121000312,1153,842,311
121000313,637,530,107
121000314,53,91,-38
121000315,6,81,-75
121000530,4629,4035,594
121000531,4447,2913,1534
121000532,9627,8804,823
121000533,6534,6644,-110
121000918,23,105,-82
121000919,33,165,-132
121000938,142,132,10
121000939,42,447,-405
121000956,2715,4165,-1450
121000957,8,152,-144
121000958,9,808,-799
121000959,3149,504,2645
121000960,3518,2262,1256
121000961,708,108,600
121000962,577,575,2
121000963,0,0,0
121000973,3,582,-579
121000976,24,144,-120
121000979,912,333,579
121000981,953,168,785
121000982,732,378,354
121000983,1444,244,1200
121000984,11,206,-195
121000985,2508,903,1605
121000986,1392,662,730
121000987,593,1221,-628
121000988,2308,193,2115
121001302,595,420,175
121001308,1,201,-200
121001309,57,568,-511
121001313,570,166,404
121001314,3995,2801,1194
121001315,9215,7365,1850
121900001,322,697,-375
121900002,56,325,-269
121900003,602,16,586
121900004,59,2337,-2278
121900005,36,12,24
121900006,317,45,272
121900007,4414,3322,1092
121900008,15,370,-355
121900009,2012,31,1981
121900010,574,7,567
121900011,524,253,271
121900012,5,0,5
121900013,269,219,50
121900014,7400,708,6692
121900015,202,374,-172
121900016,34,122,-88
121900017,1199,1742,-543
121900018,1206,22,1184
121900019,1501,248,1253
121900020,137,4,133
121900021,2997,123,2874
121900022,465,391,74
121900023,888,903,-15
121900024,1334,58,1276
121900025,1231,1116,115
121900026,758,171,587
121900027,759,464,295
121900028,449,31,418
121900029,328,1062,-734
121900030,636,1027,-391
121900031,3363,11779,-8416
121900032,282,191,91
121900033,246,525,-279
121900034,377,920,-543
121900035,15087,7173,7914
121900036,284,643,-359
121900037,202,2216,-2014
121900038,161,207,-46
121900039,419,44,375
121900040,93,260,-167
121900041,60,387,-327
121900042,924,372,552
121900043,1,18,-17
121900044,105,65,40
121900046,263,463,-200
121900047,345,165,180
121900048,177,139,38
121900050,64,116,-52
121900051,223,612,-389
121900052,442,92,350
121900053,955,1220,-265
121900054,490,3613,-3123
121900055,30,25,5
121900058,772,828,-56
121900059,622,264,358
121900060,332,1804,-1472
121900061,288,278,10
121900062,174,134,40
121900063,3184,1814,1370
121900064,799,1389,-590
121900066,234,43,191
121900067,125,104,21
121900069,294,590,-296
121900070,183,446,-263
121900071,1513,777,736
121900072,58,341,-283
121900073,358,707,-349
121900074,783,1167,-384
121900075,485,1604,-1119
121900076,984,3105,-2121
121900077,51,55,-4
121900078,358,79,279
121900079,1,1,0
121900080,1933,510,1423
121900082,131,274,-143
121900084,73,65,8
121900085,8,20,-12
121900086,72,45,27
121900087,102,211,-109
121900088,2525,3308,-783
121900089,1017,450,567
121900090,35,157,-122
121900091,196,37,159
121900092,424,140,284
121900093,154,129,25
121900094,24,30,-6
121900095,774,215,559
121900096,2099,1554,545
121900097,1917,218,1699
121900098,31,5,26
121900099,537,59,478
121900100,95,222,-127
121900101,178,245,-67
121900102,2,215,-213
121900103,830,593,237
121900104,3918,1415,2503
121900105,480,334,146
121900106,6,17,-11
121900107,348,65,283
121900108,6,96,-90
121900109,415,197,218
121900110,1862,1231,631
121900111,1217,896,321
121900112,235,340,-105
121900113,202,1179,-977
121900114,45,150,-105
121900117,307,955,-648
121900118,4923,1502,3421
121900119,270,89,181
121900120,466,1942,-1476
121900121,989,62,927
121900122,109,97,12
121900123,617,559,58
121900124,416,394,22
121900125,6721,2495,4226
121900127,21,230,-209
121900128,145,109,36
121900129,410,105,305
121900130,213,918,-705
121900131,484,501,-17
121900132,151,160,-9
121900133,21,943,-922
121900134,21,980,-959
121900135,9011,658,8353
121900136,437,996,-559
121900137,83,616,-533
121900138,87,546,-459
121900139,681,6211,-5530
121900140,96,131,-35
121900141,95,176,-81
121900142,167,81,86
121900143,41,263,-222
121900144,272,1170,-898
121900145,319,503,-184
121900146,757,993,-236
121900147,89,697,-608
121900148,517,794,-277
121900149,632,592,40
121900150,106,455,-349
121900151,38,728,-690
121900152,357,122,235
121900153,71,286,-215
121900154,36,793,-757
121900155,7,1005,-998
121900156,397,319,78
121900157,4,470,-466
121900158,155,232,-77
121900159,1,213,-212
121900160,24,348,-324
121900161,371,773,-402
121900162,161,395,-234
121900163,1031,274,757
121900164,354,554,-200
121900165,328,492,-164
121900166,212,241,-29
121900167,65,101,-36
121900168,210,83,127
121900169,36,691,-655
121900170,17,200,-183
121900171,2084,1262,822
121900172,1351,681,670
121900173,1691,827,864
121900174,167,82,85
121900175,146,2111,-1965
121900176,1191,3854,-2663
121900177,274,147,127
121900178,123,125,-2
121900179,666,767,-101
121900180,2809,10860,-8051
121900182,1160,1831,-671
121900183,311,3215,-2904
121900184,59,1940,-1881
121900186,23,929,-906
121900187,20,294,-274
121900188,3583,308,3275
121900189,318,245,73
121900190,522,941,-419
121900191,55,587,-532
121900192,425,4860,-4435
121900193,118,691,-573
121900194,2,346,-344
121900195,54,109,-55
121900196,2386,1673,713
121900197,554,1785,-1231
121900198,6941,5096,1845
121900199,2,42,-40
121900200,66,437,-371
121900201,2271,1384,887
121900202,443,2148,-1705
121900203,205,2457,-2252
121900204,3624,2719,905
121900205,42,150,-108
121900206,41,432,-391
121900207,84,178,-94
121900208,206,1285,-1079
121900209,171,141,30
121900210,4265,2031,2234
121900211,147,165,-18
121900212,46,245,-199
121900213,983,27,956
121900214,20,1108,-1088
121900215,106,604,-498
121900216,20,896,-876
121900217,572,692,-120
121900218,228,1165,-937
121900220,180,28,152
121900221,1164,957,207
121900222,717,172,545
121900223,263,255,8
121900224,211,210,1
121900225,224,1479,-1255
121900226,507,25,482
121900227,642,5927,-5285
121900228,493,214,279
121900230,171,705,-534
121900231,64,2969,-2905
121900232,264,1196,-932
121900233,1241,380,861
121900234,645,813,-168
121900235,1540,314,1226
121900236,764,463,301
121900237,377,1587,-1210
121900238,312,1019,-707
121900239,272,143,129
121900240,279,429,-150
121900241,109,66,43
121900242,39,1,38
121900243,27,0,27
121900244,24,3,21
121900245,835,63,772
121900246,13078,758,12320
121900247,791,505,286
121900248,4002,1332,2670
121900250,211,401,-190
121900251,1391,37,1354
121900252,819,208,611
121900253,70,1690,-1620
121900254,408,564,-156
121900255,1223,321,902
121900258,9340,2782,6558
121900259,191,1050,-859
121900260,335,279,56
121900261,142,1605,-1463
121900262,1252,2908,-1656
121900263,498,342,156
121900264,1843,1284,559
121900265,1012,276,736
121900266,1210,283,927
121900267,518,44,474
121900269,780,2174,-1394
121900270,144,494,-350
121900271,237,449,-212
121900273,859,3865,-3006
121900274,910,460,450
121900277,484,3372,-2888
121900278,239,4850,-4611
121900279,396,398,-2
121900280,143,561,-418
121900281,220,781,-561
121900284,94,4,90
121900286,477,1999,-1522
121900287,9,108,-99
121900288,25,1,24
121900290,284,2539,-2255
121900291,605,3096,-2491
121900292,260,286,-26
121900293,1345,13701,-12356
121900294,797,19,778
121900295,384,174,210
121900296,167,506,-339
121900298,293,2632,-2339
121900299,0,23,-23
121900300,84,8,76
121900301,43,2,41
121900302,8,110,-102
121900303,218,2259,-2041
121900304,112,44,68
121900305,47,67,-20
121900306,756,9,747
121900307,419,6,413
121900308,32,431,-399
121900309,30,334,-304
121900310,24,241,-217
121900311,1186,69,1117
121900312,994,104,890
121900313,916,64,852
121900314,20,24,-4
121900315,66,3,63
121900316,0,12,-12
121900317,45,17,28
121900318,1,2,-1
121900319,132,471,-339
121900320,278,35,243
121900321,40,2,38
121900322,32,20,12
121900323,131,54,77
121900324,8,107,-99
121900325,78,0,78
121900326,1,8,-7
121900327,5,69,-64
121900328,1,110,-109
121900329,4,51,-47
121900330,1,77,-76
121900331,44,199,-155
121900332,90,71,19
121900333,167,3,164
122000001,2738,6383,-3645
122000002,3761,1486,2275
122000003,1579,3320,-1741
122000004,1767,1706,61
122000005,11832,2943,8889
122000006,758,1894,-1136
122000007,778,2232,-1454
122000008,1627,4315,-2688
122000009,821,764,57
122000010,3649,3962,-313
122000011,9172,3007,6165
122000012,1140,5503,-4363
122000013,919,3188,-2269
122000014,10066,3052,7014
122000015,1652,1206,446
122000016,718,836,-118
122000017,2091,2267,-176
122000018,5486,3741,1745
122000019,1486,4573,-3087
122000020,258,1139,-881
122000021,256,681,-425
122000022,2317,2900,-583
122000023,2016,4280,-2264
122000024,622,4824,-4202
122000025,795,5582,-4787
122000026,436,1503,-1067
122000027,1393,1285,108
122000028,4703,1559,3144
122000029,388,3147,-2759
122000030,223,654,-431
122000031,276,1018,-742
122000032,9004,4952,4052
122000033,681,6270,-5589
122000034,460,2003,-1543
122000035,438,794,-356
122000036,699,1727,-1028
122000037,1878,426,1452
122000038,340,974,-634
122000039,809,1581,-772
122000040,273,724,-451
122000041,3285,1675,1610
122000042,668,1598,-930
122000043,116,388,-272
122000044,77,265,-188
122000045,3687,1785,1902
122000046,1625,2839,-1214
122000047,114,491,-377
122000048,3132,7183,-4051
122000049,12539,7451,5088
122000050,933,1211,-278
122000051,332,838,-506
122000052,679,743,-64
122000053,595,2139,-1544
122000054,3213,4781,-1568
122000055,2389,5140,-2751
122000056,5520,3640,1880
122000057,7390,4787,2603
122000058,1044,2508,-1464
122000059,1057,4920,-3863
122000060,394,1750,-1356
122000061,197,1192,-995
122000062,939,426,513
122000063,388,2205,-1817
122000064,4395,10498,-6103
122000065,3447,7531,-4084
122000066,1119,5330,-4211
122000067,2350,3871,-1521
122000068,10161,2989,7172
122000069,2926,2637,289
122000070,3884,3317,567
122000071,7223,2249,4974
122000072,2784,1348,1436
122000073,302,2828,-2526
122000074,4354,3643,711
122000075,2265,1778,487
122000076,13882,3570,10312
122000077,893,3210,-2317
122000078,533,4204,-3671
122000079,302,5298,-4996
122000080,623,973,-350
122000081,99,516,-417
122000082,343,2147,-1804
122000083,20457,1950,18507
122000084,7959,3476,4483
122000085,706,2084,-1378
122000086,6329,16526,-10197
122000087,426,499,-73
122000088,66,530,-464
122000089,11772,5600,6172
122000090,1727,3835,-2108
122000091,178,2555,-2377
122000092,41,217,-176
122000093,2726,10483,-7757
122000094,13415,5800,7615
122000095,1210,11523,-10313
122000096,649,6967,-6318
122000098,7613,6783,830
122000099,682,4144,-3462
122000100,1200,1205,-5
122000101,495,1766,-1271
122000102,8823,2491,6332
122000103,2172,4786,-2614
122000104,3206,304,2902
122000105,455,976,-521
122000106,970,3264,-2294
122000107,2172,786,1386
122000108,1311,1544,-233
122000109,588,424,164
122000110,1353,992,361
122000111,5446,2481,2965
122000112,3393,3260,133
122000113,1058,1559,-501
122000114,2273,6881,-4608
122000115,3557,2217,1340
122000116,500,1190,-690
122000117,2911,849,2062
122000118,1486,882,604
122000119,3360,1528,1832
122000120,1275,3406,-2131
122000121,985,2222,-1237
122000122,490,1081,-591
122000123,1804,2521,-717
122000124,1155,713,442
122000125,484,849,-365
122000126,523,694,-171
122000127,572,763,-191
122000128,435,501,-66
122000129,627,4743,-4116
122000130,5987,1457,4530
122000131,2695,1320,1375
122000132,365,397,-32
122000133,1729,1132,597
122000134,2429,1050,1379
122000135,786,377,409
122000136,1404,842,562
122000137,5419,1788,3631
122000139,1388,7055,-5667
122000140,194,3485,-3291
122000141,10943,5634,5309
122000142,228,6838,-6610
122000143,444,385,59
122000144,3579,2708,871
122000145,1147,4521,-3374
122000146,780,7986,-7206
122000147,809,2379,-1570
122000148,369,2668,-2299
122000149,3422,1458,1964
122000150,2944,2096,848
122000151,239,570,-331
122000152,704,713,-9
122000153,972,901,71
122000154,446,331,115
122000155,1814,6431,-4617
122000156,18449,8062,10387
122000157,909,18607,-17698
122000158,458,2506,-2048
122000159,1689,1944,-255
122000160,3593,2075,1518
122000161,1912,1452,460
122000162,1833,1513,320
122000163,1365,321,1044
122000164,116,506,-390
122000165,1850,3048,-1198
122000166,1249,4296,-3047
122000167,437,1277,-840
122000168,445,2632,-2187
122000169,862,441,421
122000170,511,609,-98
122000171,47,172,-125
122000172,4546,2789,1757
122000173,2904,5800,-2896
122000174,1646,3691,-2045
122000175,1002,718,284
122000176,711,3192,-2481
122000177,1437,2793,-1356
122000178,9458,7427,2031
122000179,5972,6008,-36
122000180,804,1666,-862
122000181,792,2162,-1370
122000182,2141,2108,33
122000183,4717,1831,2886
122000184,5140,4455,685
122000185,1713,5381,-3668
122000186,1320,4469,-3149
122000187,3354,3436,-82
122000188,550,550,0
122000189,442,612,-170
122000190,995,3589,-2594
122000191,1307,1442,-135
122000192,2046,832,1214
122000193,894,1729,-835
122000194,985,659,326
122000195,246,2878,-2632
122000196,2018,548,1470
122000197,828,1156,-328
122000198,712,5644,-4932
122000199,600,776,-176
122000200,1489,1626,-137
122000201,2103,5076,-2973
122000202,1434,3981,-2547
122000203,3286,2436,850
122000204,1942,2100,-158
122000205,1593,997,596
122000206,12129,2041,10088
122000207,3263,4514,-1251
122000208,3889,6023,-2134
122000209,4303,1602,2701
122000210,3031,6354,-3323
122000211,1704,4105,-2401
122000212,1350,894,456
122000213,1588,3560,-1972
122000214,3221,3356,-135
122000215,4661,3456,1205
122000217,2460,5059,-2599
122000218,1480,190,1290
122000219,3463,1750,1713
122000220,441,1299,-858
122000221,509,635,-126
122000222,925,163,762
122000223,1109,1340,-231
122000225,885,1286,-401
122000226,2225,1987,238
122000227,436,2533,-2097
122000228,633,503,130
122000229,40,1243,-1203
122000230,73,1447,-1374
122000231,572,1333,-761
122000232,891,817,74
122000233,0,82,-82
122000234,1081,111,970
122000235,987,180,807
122000236,3027,81,2946
122000237,181,503,-322
122000238,657,2221,-1564
122000239,1441,1728,-287
122000240,2222,934,1288
122000241,6653,1031,5622
122000242,1156,248,908
122000243,750,72,678
122000244,135,760,-625
122000245,179,110,69
122000246,816,359,457
122000247,1299,1333,-34
122000248,2354,1391,963
122000249,2906,2379,527
122000250,4012,2368,1644
122000251,108,303,-195
122000252,339,206,133
122000253,247,367,-120
122000254,723,179,544
122000255,633,999,-366
122000256,554,1078,-524
122000257,696,187,509
122000258,538,980,-442
122000259,74,764,-690
122000260,18,54,-36
122000261,23,555,-532
122000262,0,62,-62
122000263,452,512,-60
122000264,3409,868,2541
122000265,5725,2438,3287
122000266,6975,1302,5673
122000267,206,206,0
122000268,302,624,-322
122000269,1899,699,1200
122000270,1191,611,580
122000271,336,6888,-6552
122000272,816,1967,-1151
122000273,1282,880,402
122000274,785,523,262
122000275,79,535,-456
122000276,2540,970,1570
122000277,1873,3570,-1697
122000278,3823,336,3487
122000279,549,704,-155
122000280,1061,1666,-605
122000281,983,787,196
122000282,122,583,-461
122000283,396,346,50
122000284,146,247,-101
122000285,561,122,439
122000286,120,173,-53
122000287,2985,1779,1206
122000288,753,405,348
122000291,5782,1560,4222
122000293,378,166,212
122000294,322,745,-423
122000295,2005,327,1678
122000296,71,2262,-2191
122000297,3519,6424,-2905
122000299,1180,652,528
122000300,643,690,-47
122000301,14406,5888,8518
122000302,939,8170,-7231
122000303,3569,1418,2151
122000304,35,426,-391
122000305,4478,940,3538
122000306,263,415,-152
122000307,263,247,16
122000309,139,97,42
122000310,38,112,-74
122000311,51,195,-144
122000312,384,357,27
122000313,64,221,-157
122000314,278,1203,-925
122000315,602,61,541
122000316,2787,601,2186
122000317,5525,429,5096
122000318,436,3687,-3251
122000319,193,475,-282
122000320,472,1522,-1050
122000321,219,381,-162
122000322,2974,4299,-1325
122000323,812,4219,-3407
122000324,3022,4361,-1339
122000325,1345,6414,-5069
122000326,273,167,106
122000327,527,2290,-1763
122000328,869,1917,-1048
122000330,5261,4369,892
122000332,541,887,-346
122000333,68,64,4
122000337,2836,621,2215
122000338,969,357,612
122000340,363,7222,-6859
122000342,3499,1676,1823
122000343,1149,688,461
122000344,241,15,226
122000345,41,33,8
122000346,338,248,90
122000348,1207,1298,-91
122000349,65,913,-848
122000351,388,529,-141
122000352,277,294,-17
122000353,353,150,203
122000355,218,533,-315
122000356,373,4107,-3734
122000357,101,60,41
122000358,5,11,-6
122000359,0,28,-28
122000360,6,7,-1
122000362,32,26,6
122000364,590,300,290
122000365,7,124,-117
122000366,41,14,27
122000368,831,1305,-474
122000370,67,27,40
122000371,91,1,90
122000372,25,12,13
122000381,473,723,-250
122000382,70,289,-219
122000384,1829,1984,-155
122000385,244,1,243
122000386,242,4369,-4127
122000387,638,3880,-3242
122000388,2221,3399,-1178
122000389,465,2663,-2198
122000390,468,1571,-1103
122000391,144,2954,-2810
122000392,290,345,-55
122000393,84,172,-88
122000394,1788,404,1384
122000395,299,251,48
122000396,880,145,735
122000397,71,187,-116
122000398,25,364,-339
122000399,250,101,149
122000400,59,3005,-2946
122000401,308,98,210
122000402,1043,400,643
122000403,1030,881,149
122000404,611,363,248
122000408,859,1288,-429
122000503,4,179,-175
122000524,108,1099,-991
122000544,118,6284,-6166
122000616,274,2,272
122000640,250,86,164
122000641,378,287,91
122000642,2728,810,1918
122000643,59,573,-514
122000644,461,130,331
122000645,41,290,-249
122000651,611,4896,-4285
122000664,331,280,51
122000665,3518,1260,2258
122000666,735,1511,-776
122000673,92,235,-143
122000674,1204,570,634
122000675,4338,1116,3222
122000686,1537,4388,-2851
122000687,3846,499,3347
122000688,526,929,-403
122000689,2549,683,1866
122000690,6996,3477,3519
122000691,1847,2372,-525
122000692,2472,678,1794
122000693,510,1269,-759
122000695,736,453,283
122000696,1589,354,1235
122000698,920,328,592
122000699,1270,335,935
122000701,5084,405,4679
122000702,805,1985,-1180
122000703,529,245,284
122000717,214,162,52
122000718,506,5654,-5148
122000719,60,255,-195
122000720,1735,255,1480
122000724,187,31,156
122900001,36,54,-18
122900002,1244,13688,-12444
122900003,1304,46,1258
122900004,2802,291,2511
122900005,52,202,-150
122900006,437,1354,-917
122900007,104,617,-513
122900008,267,194,73
122900009,1863,674,1189
122900010,499,314,185
122900012,369,659,-290
122900014,212,152,60
122900015,1911,1512,399
122900016,368,263,105
122900017,367,3810,-3443
122900018,430,20,410
122900019,28,101,-73
122900020,353,504,-151
122900021,54,772,-718
122900022,2764,1388,1376
122900023,1761,294,1467
122900024,141,239,-98
122900025,5,476,-471
122900026,11,231,-220
122900027,41,1171,-1130
122900028,130,101,29
122900029,15047,3669,11378
122900030,8303,900,7403
122900031,41,677,-636
122900032,2019,817,1202
122900033,301,318,-17
122900034,9279,8268,1011
122900035,56,29,27
122900036,117,64,53
122900037,929,942,-13
122900038,135,5406,-5271
122900039,106,826,-720
122900040,378,2569,-2191
122900041,209,796,-587
122900042,306,485,-179
122900043,830,675,155
122900044,281,669,-388
122900045,268,708,-440
122900046,238,687,-449
122900047,151,335,-184
122900048,29,741,-712
122900049,8146,276,7870
122900051,158,2606,-2448
122900052,215,121,94
122900053,15,56,-41
122900055,914,115,799
122900057,537,68,469
122900061,1020,80,940
122900062,1066,1470,-404
122900063,528,258,270
122900064,1309,525,784
122900065,1000,380,620
122900066,1149,491,658
122900067,1163,763,400
122900068,179,367,-188
122900069,802,3677,-2875
122900070,774,154,620
122900071,173,513,-340
122900072,13,449,-436
122900073,27,187,-160
122900074,2156,201,1955
122900075,2,438,-436
122900076,12,654,-642
122900077,4,93,-89
122900078,401,20,381
122900080,36,86,-50
122900081,264,551,-287
122900082,3398,152,3246
122900083,503,157,346
122900084,22,175,-153
122900086,29,242,-213
122900087,1028,841,187
122900088,47,1103,-1056
122900089,159,811,-652
122900090,15,422,-407
122900091,778,7,771
122900092,2,289,-287
122900093,0,105,-105
122900094,3,184,-181
122900095,449,79,370
122900096,1057,371,686
122900097,58,105,-47
122900098,21,176,-155
122900099,194,94,100
122900100,129,1193,-1064
122900101,884,508,376
122900102,72,109,-37
122900103,485,9,476
122900104,638,11,627
122900105,35,45,-10
122900106,0,67,-67
122900107,11,103,-92
122900108,4,202,-198
123000001,1196,2215,-1019
123000002,3583,10585,-7002
123000003,9367,8516,851
123000004,5917,5584,333
123000005,6757,3762,2995
123000006,5282,3063,2219
123000007,7245,4433,2812
123000008,5218,5137,81
123000009,7084,6307,777
123000010,4654,8634,-3980
123000011,2696,3815,-1119
123000012,1259,10198,-8939
123000013,10502,3093,7409
123000014,1332,5982,-4650
123000015,5129,1818,3311
123000016,4877,5315,-438
123000017,7175,3232,3943
123000018,202,211,-9
123000019,1692,59,1633
123000020,1101,65,1036
123000021,621,762,-141
123000022,1148,4017,-2869
123000023,3839,6034,-2195
123000024,3324,2189,1135
123000025,28,318,-290
123000026,5,299,-294
123000027,36,1582,-1546
123000028,494,2665,-2171
123000029,423,2147,-1724
123000030,470,376,94
123000031,873,376,497
123000032,1445,336,1109
123000033,809,372,437
123000034,2464,1365,1099
123000035,1314,1055,259
123000036,489,2502,-2013
123000037,370,331,39
123000038,125,616,-491
123000039,836,2414,-1578
123000040,791,407,384
123000041,944,3581,-2637
123000042,722,2225,-1503
123000043,3061,28690,-25629
123000044,4111,3972,139
123000045,6919,3545,3374
123000046,334,2031,-1697
123000047,709,1843,-1134
123000048,109,2720,-2611
123000049,8319,19439,-11120
123000050,5317,3436,1881
123000051,189,510,-321
123000052,1672,5463,-3791
123000053,5047,4308,739
123000054,6260,4241,2019
123000055,3914,12112,-8198
123000056,2523,994,1529
123000057,6157,10824,-4667
123000058,1356,3082,-1726
123000059,397,755,-358
123000060,2343,667,1676
123000061,628,706,-78
123000063,3182,2066,1116
123000064,3464,394,3070
123000065,6702,6062,640
123000066,759,951,-192
123000067,2305,1133,1172
123000068,2972,3201,-229
123000069,4746,2038,2708
123000070,388,818,-430
123000071,4942,1316,3626
123000072,2494,883,1611
123000073,5161,1414,3747
123000074,2569,1947,622
123000075,883,4253,-3370
123000076,2131,829,1302
123000077,4711,2218,2493
123000078,7016,2158,4858
123000079,7084,3346,3738
123000080,6479,1810,4669
123000081,641,770,-129
123000082,672,1301,-629
123000083,2889,289,2600
123000084,2148,718,1430
123000085,1220,178,1042
123000086,2560,367,2193
123000087,1045,423,622
123000088,2972,1064,1908
123000089,2499,2201,298
123000090,3511,1529,1982
123000091,4629,2682,1947
123000092,2013,2933,-920
123000094,1846,354,1492
123000095,2459,2234,225
123000096,3209,842,2367
123000097,2127,530,1597
123000098,2456,922,1534
123000099,1958,526,1432
123000100,552,1606,-1054
123000101,841,700,141
123000102,1013,2335,-1322
123000104,746,788,-42
123000105,696,483,213
123000106,1219,612,607
123000107,700,550,150
123000108,1285,1603,-318
123000111,2738,919,1819
123000112,3394,844,2550
123000113,1377,1285,92
123000114,879,1433,-554
123000115,828,817,11
123000116,150,284,-134
123000117,5809,2685,3124
123000118,1132,683,449
123000119,468,780,-312
123000120,590,1339,-749
123000121,1076,1622,-546
123000122,695,633,62
123000123,1141,1017,124
123000124,866,617,249
123000125,2884,1909,975
123000126,1913,10135,-8222
123000127,690,740,-50
123000128,569,450,119
123000129,2297,396,1901
123000130,2312,169,2143
123000131,3636,1566,2070
123000132,717,1247,-530
123000133,315,562,-247
123000134,574,183,391
123000135,6175,1876,4299
123000136,390,715,-325
123000137,417,361,56
123000138,391,528,-137
123000139,1439,463,976
123000140,71,648,-577
123000141,1353,264,1089
123000142,1810,1258,552
123000143,1152,2990,-1838
123000144,7,135,-128
123000145,360,902,-542
123000146,22,314,-292
123000147,131,474,-343
123000149,549,675,-126
123000150,225,400,-175
123000151,267,909,-642
123000152,89,1766,-1677
123000153,185,1409,-1224
123000154,1822,3203,-1381
123000155,3549,3512,37
123000156,76,163,-87
123000157,1795,1719,76
123000158,991,1649,-658
123000159,5971,11984,-6013
123000160,2481,3280,-799
123000161,2873,2539,334
123000162,3992,3847,145
123000163,1706,781,925
123000164,5412,514,4898
123000165,391,1620,-1229
123000166,71,113,-42
123000167,244,376,-132
123000168,774,287,487
123000169,2340,368,1972
123000170,197,56,141
123000171,3338,11,3327
123000172,154,748,-594
123000173,1483,1936,-453
123000174,1793,966,827
123000175,596,1379,-783
123000176,2107,1051,1056
123000177,662,1433,-771
123000178,2440,564,1876
123000179,67,1135,-1068
123000180,3372,640,2732
123000181,581,1352,-771
123000182,508,1004,-496
123000183,407,980,-573
123000184,101,931,-830
123000185,2303,1458,845
123000186,38,364,-326
123000187,1473,33,1440
123000188,987,7,980
123000189,407,168,239
123000190,140,61,79
123000192,8,485,-477
123000193,15,748,-733
123000194,352,260,92
123000195,1058,33,1025
123000196,1513,67,1446
123000197,213,213,0
123000198,221,535,-314
123000199,41,511,-470
123000200,1539,16,1523
123000201,3720,39,3681
123000202,41,536,-495
123000203,3271,101,3170
123000204,69,654,-585
123000205,247,887,-640
123000206,6666,443,6223
123000207,125,898,-773
123000208,1727,264,1463
123000209,4209,1156,3053
123000210,191,1802,-1611
123000211,748,2139,-1391
123000212,9479,768,8711
123000213,1287,56,1231
123000215,152,418,-266
123000216,419,2627,-2208
123000217,420,93,327
123000218,48,1288,-1240
123000219,1712,198,1514
123000220,1489,440,1049
123000221,391,623,-232
123000222,806,624,182
123000223,1609,393,1216
123000224,1133,484,649
123000225,596,98,498
123000226,257,1443,-1186
123000227,153,371,-218
123000228,720,80,640
123000229,1055,1629,-574
123000232,434,733,-299
123000233,1774,240,1534
123000234,224,899,-675
123000235,3187,426,2761
123000236,772,756,16
123000237,987,268,719
123000238,90,559,-469
123000239,541,1121,-580
123000240,126,2267,-2141
123000241,1080,283,797
123000242,420,572,-152
123000243,1383,1386,-3
123000244,1207,735,472
123000245,102,188,-86
123000249,1158,1369,-211
123000252,1875,856,1019
123000253,3397,1341,2056
123000254,1340,1358,-18
123000255,2084,1308,776
123000256,63,296,-233
123000257,4197,1592,2605
123000258,1644,850,794
123000259,1271,875,396
123000260,1450,397,1053
123000261,832,334,498
123000262,111,205,-94
123000263,989,119,870
123000264,290,136,154
123000265,54,230,-176
123000266,802,714,88
123000267,1786,622,1164
123000268,103,80,23
123000269,59,283,-224
123000270,75,200,-125
123000271,43,89,-46
123000272,1336,461,875
123000273,561,2449,-1888
123000274,2387,2013,374
123000275,452,1318,-866
123000278,3235,8766,-5531
123000279,490,153,337
123000280,665,549,116
123000281,695,428,267
123000282,256,627,-371
123000283,380,197,183
123000284,148,111,37
123000286,185,1117,-932
123000287,705,896,-191
123000288,1327,2973,-1646
123000289,347,3743,-3396
123000291,201,1954,-1753
123000294,117,234,-117
123000295,976,2332,-1356
123000296,1463,1109,354
123000297,1934,584,1350
123000298,2674,544,2130
123000299,220,148,72
123000300,3249,1784,1465
123000301,316,1181,-865
123000302,436,142,294
123000303,167,821,-654
123000305,1951,1492,459
123000306,492,112,380
123000309,119,188,-69
123000310,129,121,8
123000311,0,361,-361
123000312,936,822,114
123000313,1157,1178,-21
123000315,263,431,-168
123000316,1460,696,764
123000317,631,262,369
123000318,130,526,-396
123000329,8,44,-36
123000337,423,440,-17
123000338,125,360,-235
123000339,915,31,884
123000340,153,529,-376
123000342,6,148,-142
123000343,513,46,467
123000344,700,232,468
123000345,637,535,102
123000346,1173,132,1041
123000352,3303,1595,1708
123000353,164,184,-20
123000354,1110,28,1082
123000355,0,526,-526
123000356,1277,23,1254
123000357,10,173,-163
123000359,41,73,-32
123000360,636,620,16
123000361,1208,459,749
123000362,1014,258,756
123000363,300,341,-41
123000364,959,1163,-204
123000365,34,747,-713
123000366,623,7365,-6742
123000367,669,960,-291
123000370,79,2441,-2362
123000371,1191,642,549
123000372,920,210,710
123000373,56,583,-527
123000374,23,183,-160
123000375,1098,119,979
123000376,1918,1829,89
123000377,1639,34,1605
123000378,23,503,-480
123000379,21,1039,-1018
123000380,31,574,-543
123000381,73,261,-188
123000382,1186,274,912
123000383,289,1553,-1264
123000384,1500,401,1099
123000385,424,1358,-934
123000436,151,3695,-3544
123000507,83,202,-119
123000508,263,2571,-2308
123000517,401,39,362
123000518,70,129,-59
123000519,444,131,313
123000520,87,93,-6
123000521,1145,123,1022
123000522,371,295,76
123000541,35,1,34
123000542,0,13,-13
123000565,1850,127,1723
123000566,1392,187,1205
123000567,284,110,174
123000573,109,870,-761
123000574,2132,191,1941
123000575,4800,697,4103
123000576,1669,1178,491
123000577,184,1829,-1645
123000578,1034,440,594
123000579,1540,14637,-13097
123000580,288,299,-11
123000582,1536,40,1496
123000583,25,602,-577
123000584,350,451,-101
123000585,0,85,-85
123000586,628,0,628
123000596,163,163,0
123000597,114,300,-186
123000602,257,29,228
123000603,3403,644,2759
123000604,1691,509,1182
123000605,2214,228,1986
123000606,4,1561,-1557
123000609,60,759,-699
123000610,275,120,155
123000613,124,171,-47
123000614,755,93,662
123000615,176,136,40
123000616,3097,79,3018
123000617,286,425,-139
123000618,64,928,-864
123000619,786,32,754
123000620,33,440,-407
123000622,1182,24,1158
123000624,511,134,377
123000630,4553,1148,3405
123000631,598,815,-217
123000632,1376,1247,129
123000633,0,414,-414
123000634,127,1295,-1168
123000635,169,391,-222
123000636,111,861,-750
123000637,710,121,589
123000638,1795,104,1691
123000639,2108,16282,-14174
123000640,11,553,-542
123000648,864,248,616
123000649,40,598,-558
123900001,1783,276,1507
123900002,65,3103,-3038
123900003,228,721,-493
123900005,703,527,176
123900006,1168,256,912
124000001,3926,451,3475
124000002,53,1733,-1680
124000003,2715,287,2428
124000004,133,553,-420
124000005,2381,3075,-694
124000006,320,657,-337
124000007,2461,367,2094
124000008,15,971,-956
124000009,1467,1102,365
124000010,754,821,-67
124000011,1887,2389,-502
124000012,531,499,32
124000017,634,209,425
124000018,264,135,129
124000019,623,297,326
124000020,58,182,-124
124000021,328,205,123
124000022,78,206,-128
124000023,3036,2521,515
124000024,1786,487,1299
124000025,2589,2809,-220
124000026,1536,1357,179
124000027,5559,5447,112
124000028,1792,4727,-2935
124000030,2206,1797,409
124000031,2192,18897,-16705
124000032,2268,961,1307
124000033,1283,1294,-11
124000034,1434,1007,427
124000035,674,417,257
124000036,179,553,-374
124000037,662,1338,-676
124000038,10,145,-135
124000039,584,502,82
124000040,266,1324,-1058
124000041,1397,506,891
124000042,288,553,-265
124000043,319,257,62
124000044,108,490,-382
124000045,3583,722,2861
124000046,392,1507,-1115
124000047,6286,1178,5108
124000048,1815,1046,769
124000049,4012,770,3242
124000050,1695,1389,306
124000051,2436,799,1637
124000052,1321,934,387
124000053,512,4929,-4417
124000054,920,394,526
124000055,1867,12859,-10992
124000056,2255,1009,1246
124000057,3583,589,2994
124000058,1514,1444,70
124000059,2796,2322,474
124000060,725,731,-6
124000061,2466,11588,-9122
124000062,2976,1487,1489
124000063,1657,1218,439
124000064,2161,1409,752
124000065,49,1488,-1439
124000066,342,166,176
124000067,326,332,-6
124000068,258,411,-153
124000069,1293,334,959
124000070,1068,594,474
124000071,286,495,-209
124000072,662,1622,-960
124000073,2020,344,1676
124000074,559,908,-349
124000075,966,138,828
124000076,61,141,-80
124000077,364,1266,-902
124000078,1888,1536,352
124000079,369,1584,-1215
124000080,1847,478,1369
124000081,437,717,-280
124000082,139,334,-195
124000083,71,108,-37
124000084,55,1798,-1743
124000085,62,48,14
124000086,17,571,-554
124000087,112,518,-406
124000088,174,611,-437
124000089,1401,490,911
124000090,377,414,-37
124000091,1454,357,1097
124000092,459,1079,-620
124000093,334,231,103
124000094,259,941,-682
124000095,326,158,168
124000096,450,245,205
124000097,319,262,57
124000098,215,102,113
124000099,565,131,434
124000100,149,145,4
124000101,379,353,26
124000102,142,68,74
124000103,592,381,211
124000104,266,72,194
124000105,423,286,137
124000106,141,63,78
124000107,77,446,-369
124000108,70,15,55
124000109,351,183,168
124000110,195,106,89
124000111,619,138,481
124000112,1655,662,993
124000113,403,249,154
124000114,700,591,109
124000115,494,1116,-622
124000116,177,385,-208
124000117,39,93,-54
124000118,74,148,-74
124000119,1454,1626,-172
124000120,1413,1253,160
124000121,1687,1219,468
124000122,627,2015,-1388
124000123,1340,577,763
124000124,669,861,-192
124000125,743,492,251
124000126,466,597,-131
124000127,1915,496,1419
124000128,1000,879,121
124000129,2642,1960,682
124000130,573,660,-87
124000131,1272,1276,-4
124000132,770,986,-216
124000133,2531,1624,907
124000134,1457,1096,361
124000135,2955,3401,-446
124000136,1207,1299,-92
124000137,1472,2234,-762
124000138,1088,1502,-414
124000139,812,198,614
124000140,17,980,-963
124000141,53,56,-3
124000142,7,604,-597
124000143,139,65,74
124000144,39,93,-54
124000145,167,444,-277
124000146,80,645,-565
124000148,17,103,-86
124000149,1965,372,1593
124000150,469,1094,-625
124000151,2310,837,1473
124000152,1348,1384,-36
124000153,1735,1438,297
124000154,803,992,-189
124000155,1888,1160,728
124000156,1129,1358,-229
124000169,362,1603,-1241
124000170,1491,1138,353
124000171,648,920,-272
124000172,507,918,-411
124000173,1655,458,1197
124000174,917,770,147
124000175,44,150,-106
124000176,162,79,83
124000177,4,50,-46
124000178,93,74,19
124000190,202,123,79
124000191,144,477,-333
124000192,2339,2025,314
124000193,374,7163,-6789
124000194,438,538,-100
124000195,626,830,-204
124000196,882,1083,-201
124000197,123,48,75
124000198,155,187,-32
124000201,100,811,-711
124000202,1423,172,1251
124000203,1590,265,1325
124000204,4030,1213,2817
124000205,332,620,-288
124000206,2533,547,1986
124000207,0,17,-17
124000209,328,356,-28
124000210,2131,386,1745
124000211,2198,5,2193
124000212,2,211,-209
124000213,1536,153,1383
124000214,1487,416,1071
124000215,1318,45,1273
124000216,4,258,-254
124000329,598,930,-332
124000338,624,769,-145
124000339,4909,74,4835
124000341,4867,154,4713
124000344,111,2,109
124000357,1915,5953,-4038
124000358,848,3038,-2190
124000359,1994,1379,615
124000360,2093,1056,1037
124000361,4123,1908,2215
124000362,2721,5306,-2585
124000363,751,331,420
124000364,942,794,148
124000365,1162,1372,-210
124000366,3637,1013,2624
124000367,78,486,-408
124000368,724,2772,-2048
124000369,140,274,-134
124000370,48,1452,-1404
124000402,53,41,12
124000403,367,81,286
124000404,55,157,-102
124000405,1163,941,222
124000406,821,542,279
124000407,21,24,-3
124000411,11,374,-363
124000412,941,4,937
124000413,268,589,-321
124000414,191,142,49
124000415,186,47,139
124000416,237,269,-32
124000417,673,185,488
124000418,650,90,560
124000419,233,62,171
124000420,395,29,366
124000421,144,66,78
124000422,44,17,27
124000423,156,62,94
124000424,3,30,-27
124000425,108,95,13
124000426,10,124,-114
124000427,141,5,136
124000428,10,673,-663
124000429,234,39,195
124000430,1470,773,697
124000431,936,808,128
124000432,514,1444,-930
124000439,17,3,14
124000443,8,12,-4
124000445,200,5398,-5198
124000446,1589,492,1097
124900001,1879,506,1373
124900002,409,303,106
124900003,2457,528,1929
124900004,2088,407,1681
124900005,360,75,285
124900006,1893,398,1495
124900008,851,867,-16
124900009,244,825,-581
124900010,440,199,241
124900011,1724,483,1241
124900012,593,164,429
124900013,1266,310,956
124900014,649,195,454
124900015,353,659,-306
124900016,182,392,-210
124900017,585,7039,-6454
124900018,436,26,410
124900020,292,71,221
124900021,742,387,355
124900022,92,2,90
124900024,1136,6,1130
124900026,50,85,-35
124900027,273,634,-361
124900028,446,150,296
124900029,43,1190,-1147
124900030,7,103,-96
124900031,72,341,-269
124900032,556,289,267
124900033,229,304,-75
124900034,19,395,-376
124900035,235,219,16
124900036,5,156,-151
124900037,241,171,70
124900038,234,278,-44
124900039,4,91,-87
124900040,254,138,116
124900041,658,879,-221
124900042,76,1,75
124900043,1059,550,509
124900044,257,11,246
124900045,525,1574,-1049
124900046,808,318,490
124900047,118,253,-135
124900048,509,99,410
124900050,423,190,233
124900052,213,466,-253
124900053,318,523,-205
124900054,1196,719,477
124900055,1,111,-110
124900057,15,86,-71
124900060,65,376,-311
124900061,219,2,217
124900062,391,4,387
124900066,0,8,-8
124900067,25,96,-71
124900068,334,1403,-1069
124900070,102,70,32
124900072,498,44,454
124900075,1639,190,1449
124900076,46,4955,-4909
124900077,24,170,-146
124900078,269,12,257
124900079,338,512,-174
124900080,1017,272,745
124900081,2698,303,2395
124900082,599,625,-26
124900083,623,491,132
124900084,1135,98,1037
124900085,742,583,159
124900086,72,1730,-1658
124900087,418,143,275
124900088,153,144,9
124900089,841,28,813
124900090,1318,376,942
124900091,649,278,371
124900092,601,319,282
124900093,1389,360,1029
124900094,1885,470,1415
124900095,332,1200,-868
124900096,528,158,370
124900097,1256,99,1157
124900098,353,445,-92
124900099,181,1014,-833
124900100,1113,34,1079
124900101,121,352,-231
124900102,846,20,826
124900103,426,155,271
124900104,174,228,-54
124900105,159,173,-14
124900106,715,130,585
124900107,342,71,271
124900108,342,249,93
124900111,0,165,-165
124900112,332,332,0
124900113,87,360,-273
124900114,120,366,-246
124900115,104,232,-128
124900116,827,898,-71
124900117,219,310,-91
124900118,147,2528,-2381
124900119,981,436,545
124900120,29,331,-302
124900121,166,944,-778
124900122,404,285,119
124900123,175,167,8
124900124,99,337,-238
204000001,303,30,273
204000002,7,25,-18
204000003,15,14,1
204000004,11,16,-5
204000005,779,540,239
204000006,1599,1390,209
204000011,22,47,-25
204000012,155,173,-18
204000019,1917,599,1318
204000020,2001,1411,590
204000021,3651,1952,1699
204000022,2331,882,1449
204000023,1117,643,474
204000031,123,18,105
204000032,727,53,674
204000034,92,185,-93
204000035,0,10,-10
204000036,13,110,-97
204000037,0,35,-35
204000038,0,6,-6
204000039,4,24,-20
204000040,29,27,2
204000041,24,59,-35
204000042,86,27,59
204000043,49,26,23
204000044,110,39,71
204000045,158,14,144
204000046,30,4,26
204000057,27,11,16
204000062,65,13,52
204000068,37,1032,-995
204000069,312,1272,-960
204000070,88,434,-346
204000080,243,286,-43
204000085,1599,1248,351
204000086,3483,1533,1950
204000087,81,14,67
204000088,10,94,-84
204000090,134,459,-325
204000093,1512,150,1362
204000096,3461,1142,2319
204000097,1140,9,1131
204000099,1537,4445,-2908
204000100,2724,2039,685
204000105,2362,785,1577
204000110,594,2505,-1911
204000111,1247,1241,6
204000112,1315,2078,-763
204000113,560,1481,-921
204000114,1954,2001,-47
204000115,2246,1131,1115
204000116,1156,2685,-1529
204000119,4709,2638,2071
204000132,1292,960,332
204000133,1599,165,1434
204000134,490,63,427
204000135,1172,219,953
204000136,699,605,94
204000138,410,1739,-1329
204000140,534,161,373
204000141,312,95,217
204000144,5,38,-33
204000145,1092,76,1016
204000146,46,340,-294
204000147,39,1222,-1183
204000148,702,101,601
204000154,25,18,7
204000155,3,20,-17
204000177,96,385,-289
204000179,37,41,-4
204000180,0,64,-64
204000222,6,13,-7
204000235,240,56,184
204000236,88,307,-219
204000238,18,48,-30
204000240,725,134,591
204000263,955,1434,-479
204000268,917,504,413
204000308,281,48,233
204000317,51,267,-216
204000322,120,157,-37
204000323,29,15,14
204000328,400,52,348
204000329,157,160,-3
204000330,295,42,253
204000331,140,236,-96
204010341,50,179,-129
205000001,1087,1630,-543
205000013,164,190,-26
205000014,259,120,139
205000015,255,76,179
205000016,98,252,-154
205000017,179,111,68
205000022,469,625,-156
205000025,2465,838,1627
205000029,896,41,855
205000045,500,388,112
205000046,539,628,-89
205000047,221,1186,-965
205000048,891,625,266
205000049,471,633,-162
205000050,2436,350,2086
205000059,1,963,-962
205000060,8,1700,-1692
205000061,14,2482,-2468
205000062,4,2667,-2663
205000063,102,2615,-2513
205000064,222,652,-430
205000065,1008,753,255
205000066,550,460,90
205000067,258,656,-398
205000069,127,47,80
205000082,284,573,-289
205000110,134,249,-115
205000111,352,183,169
205000112,236,196,40
205000113,163,405,-242
205000121,325,172,153
205000123,231,189,42
205000126,1187,85,1102
205000127,1203,111,1092
205000128,891,71,820
205000129,1847,89,1758
205000130,116,70,46
205000131,27,57,-30
205000132,124,29,95
205000133,112,10,102
205000134,562,0,562
205000137,511,106,405
205000138,671,477,194
205000139,70,231,-161
205000144,101,160,-59
205000145,600,821,-221
205000151,415,101,314
205000152,235,298,-63
205000153,290,272,18
205000154,199,349,-150
205000155,565,136,429
205000207,7,143,-136
205000233,58,3,55
205000234,0,1,-1
205000243,1,1,0
205000244,0,7,-7
205000245,4,312,-308
205000249,0,37,-37
205000250,18,4,14
205000264,47,158,-111
206000027,25,42,-17
206000028,39,62,-23
206000043,18,81,-63
206000053,22,12,10
206000054,1,62,-61
206000055,0,35,-35
206000075,35,28,7
206000076,70,7,63
206000077,70,23,47
206000078,27,27,0
206000079,22,16,6
206000082,330,178,152
206000100,29,1090,-1061
206000103,1,29,-28
206000104,5,30,-25
206000105,33,30,3
206000106,4,22,-18
206000108,925,151,774
206000125,224,0,224
206000157,27,628,-601
206000170,2,309,-307
206000171,57,264,-207
206000172,51,212,-161
206000173,11,133,-122
206000174,51,51,0
206000175,10,93,-83
206000176,32,180,-148
206000177,0,81,-81
206000178,3,532,-529
206000179,4,829,-825
206000180,21,121,-100
206000181,31,39,-8
206000182,5,69,-64
206000183,13,136,-123
206000184,3,83,-80
206000185,65,29,36
206000186,246,304,-58
206000223,12,629,-617
206000226,60,20,40
206000227,37,41,-4
206000237,64,195,-131
206000238,68,265,-197
206000239,332,1889,-1557
206000240,1,95,-94
206000241,0,100,-100
206000242,24,217,-193
206000243,63,58,5
206000244,143,172,-29
206000245,2915,272,2643
206000246,909,26,883
206000247,931,63,868
206000248,1360,301,1059
206000252,140,134,6
206000258,10,56,-46
206000315,132,24,108
206000317,792,279,513
206000318,1081,123,958
206000319,3687,255,3432
206000320,864,83,781
206000321,985,26,959
206000322,1448,215,1233
206000323,583,33,550
206000324,654,185,469
206000325,408,88,320
206000326,423,197,226
206000327,71,68,3
206000328,673,34,639
206000329,879,36,843
206000330,191,182,9
206000331,633,147,486
206000332,157,43,114
206000333,3037,5,3032
206000334,1466,4,1462
206000335,0,46,-46
206000361,9,180,-171
206000392,0,16,-16
206000405,339,0,339
206000441,145,42,103
206000498,80,4,76
206000515,74,111,-37
206000530,489,148,341
206000531,230,513,-283
206000532,1280,792,488
206000535,167,5796,-5629
206000536,36,77,-41
206000537,53,158,-105
206000613,935,434,501
207000001,293,396,-103
207000002,271,440,-169
207000003,322,204,118
207000007,2934,309,2625
207000008,649,27,622
207000009,221,32,189
207000010,828,403,425
207000012,724,356,368
207000015,654,778,-124
207000019,668,129,539
207000021,539,673,-134
207000022,524,363,161
207000023,549,323,226
207000024,1,93,-92
207000025,25,202,-177
207000026,164,89,75
207000027,56,97,-41
207000028,95,187,-92
207000029,222,707,-485
207000033,384,345,39
207000034,607,159,448
207000039,1249,223,1026
207000040,1592,80,1512
207000041,433,576,-143
207000042,736,274,462
207000043,391,297,94
207000051,212,383,-171
207000052,34,465,-431
207000053,592,485,107
207000054,103,108,-5
207000055,389,138,251
207000056,404,546,-142
207000057,237,468,-231
207000058,377,299,78
207000059,194,242,-48
207000060,66,518,-452
207000061,108,1708,-1600
207000062,1198,109,1089
207000063,1298,487,811
207000064,701,268,433
207000065,657,310,347
207000066,787,291,496
207000067,95,150,-55
207000068,299,108,191
207000069,1470,437,1033
207000082,38,216,-178
207000083,272,340,-68
207000084,1045,605,440
207000085,615,81,534
207000086,943,15,928
207000106,195,52,143
207000107,436,44,392
207000108,266,8,258
207000109,211,11,200
207000110,113,258,-145
207000111,139,219,-80
207000112,196,2989,-2793
207000114,50,42,8
207000115,126,219,-93
207000116,52,476,-424
207000117,19,166,-147
207000118,1,232,-231
207000119,30,114,-84
207000123,671,23,648
207000124,301,38,263
207000125,102,33,69
207000126,117,26,91
207000134,344,215,129
207000135,88,406,-318
207000148,152,1231,-1079
207000149,155,48,107
207000152,287,775,-488
207000153,359,787,-428
207000154,572,349,223
207000159,435,234,201
207000160,557,258,299
207000238,1,122,-121
207000242,2,57,-55
207000248,83,108,-25
207000249,266,79,187
207000250,926,182,744
207000251,296,198,98
207000252,102,82,20
207000278,283,238,45
207000279,122,172,-50
207000280,1754,112,1642
207000281,448,355,93
207000282,63,685,-622
207000283,35,204,-169
207000284,37,2290,-2253
207000285,117,109,8
207000291,14,153,-139
207000304,99,137,-38
207000306,107,355,-248
207000310,257,194,63
207000353,270,1,269
207000356,28,246,-218
207000357,5,29,-24
207000358,6,37,-31
207000415,3,110,-107
207000417,140,14,126
207000418,133,139,-6
207000438,0,2,-2
207000439,605,340,265
207000446,611,6,605
207000460,234,21,213
207000466,173,506,-333
207000467,937,245,692
207000468,164,161,3
207000476,7,19,-12
207000477,1456,33,1423
207000478,3,43,-40
207000523,0,12,-12
207000524,88,1,87
207000527,422,187,235
207000530,2148,2,2146
207000531,876,53,823
207000532,360,423,-63
207000534,288,43,245
207000535,26,511,-485
207000537,18,234,-216
207000540,6,90,-84
207000541,4,167,-163
207000548,5,891,-886
207000549,1123,186,937
207000561,552,369,183
207000562,63,118,-55
207000567,127,363,-236
207000568,963,79,884
207000569,2139,228,1911
207000584,81,280,-199
207000585,23,429,-406
207000616,0,259,-259
207000617,344,1,343
207900008,848,130,718
208000001,1245,2394,-1149
208000002,1454,1623,-169
208000003,1633,757,876
208000004,1659,2279,-620
208000005,3,192,-189
208000019,2199,653,1546
208000020,661,225,436
208000021,654,628,26
208000022,2084,496,1588
208000028,1604,3431,-1827
208000033,1002,414,588
208000034,1310,2001,-691
208000037,1245,103,1142
208000040,492,379,113
208000041,2035,981,1054
208000042,3058,1011,2047
208000047,214,332,-118
208000064,3086,3012,74
208000066,1736,2651,-915
208000070,1365,846,519
208000071,1441,454,987
208000072,1644,876,768
208000080,626,1327,-701
208000081,782,212,570
208000082,1293,249,1044
208000083,344,349,-5
208000084,12,127,-115
208000085,1204,1278,-74
208000086,1188,1622,-434
208000087,775,1069,-294
208000089,2031,574,1457
208000090,1964,595,1369
208000093,44,236,-192
208000094,1176,436,740
208000095,1561,947,614
208000104,2902,612,2290
208000105,1743,1392,351
208000114,177,858,-681
208000115,1109,668,441
208000116,2521,3194,-673
208000117,34,289,-255
208000118,311,720,-409
208000155,1293,2131,-838
208000158,2754,4749,-1995
208000186,1386,2981,-1595
208000204,1529,2863,-1334
208000205,2961,1677,1284
208000282,1144,1893,-749
209000004,1358,535,823
209000005,143,856,-713
209000006,582,686,-104
209000007,690,970,-280
209000010,431,730,-299
209000011,157,362,-205
209000012,206,637,-431
209000013,667,1201,-534
209000014,1055,1410,-355
209000025,1108,134,974
209000026,1997,289,1708
209000027,842,505,337
209000028,675,414,261
209000029,1481,2865,-1384
209000030,1491,2779,-1288
209000031,7002,2236,4766
209000034,420,853,-433
209000035,369,742,-373
209000036,757,457,300
209000037,1008,584,424
209000038,393,339,54
209000039,173,215,-42
209000040,466,808,-342
209000041,581,674,-93
209000042,1849,409,1440
209000043,1010,796,214
209000044,793,996,-203
209000045,1014,320,694
209000046,1053,418,635
209000047,974,478,496
209000048,1044,1056,-12
209000049,158,71,87
209000050,299,135,164
209000051,529,230,299
209000052,295,319,-24
209000062,152,81,71
209000063,130,61,69
209000064,68,32,36
209000065,394,144,250
209000066,262,88,174
209000067,348,78,270
209000080,25,307,-282
209000082,107,71,36
209000091,74,150,-76
209000093,59,152,-93
209000094,105,276,-171
209000110,115,294,-179
209000111,776,3858,-3082
209000112,2161,1243,918
209000113,4213,2611,1602
209000114,1718,1644,74
209000115,152,132,20
209000116,761,434,327
209000118,21,286,-265
209000119,35,148,-113
209000121,284,573,-289
209000135,44,220,-176
209000142,1663,6111,-4448
209000143,96,309,-213
209000144,122,995,-873
209000229,367,127,240
209000240,146,370,-224
209000259,86,131,-45
209000260,40,887,-847
209000261,3,391,-388
209000262,4,454,-450
209000263,8,2450,-2442
209000264,1,281,-280
209000265,873,2,871
209000266,311,2,309
209000267,2801,9,2792
209000268,839,169,670
210000037,220,226,-6
210000047,185,25,160
210000048,217,42,175
210000049,175,12,163
210000052,250,79,171
210000053,76,48,28
210000054,21,120,-99
210000070,490,18,472
210000071,447,0,447
210000072,106,0,106
210000073,1,139,-138
210000074,0,176,-176
210000075,1,297,-296
210000076,32,368,-336
210000077,13,507,-494
210000078,39,403,-364
210000079,28,108,-80
210000080,52,434,-382
210000081,484,38,446
210000082,31,1,30
210000083,92,1,91
210000084,203,0,203
210000085,0,455,-455
210000086,10,181,-171
210000099,157,333,-176
210000100,200,163,37
210000101,347,191,156
210000105,18,365,-347
210000159,0,421,-421
210000163,59,208,-149
210000164,333,402,-69
210000168,510,117,393
210000187,0,67,-67
210000188,0,89,-89
210000214,6,0,6
210000219,131,77,54
210000220,364,48,316
210000232,7,22,-15
210000233,49,17,32
210000234,98,76,22
210000235,151,61,90
210000245,2,220,-218
210000246,42,0,42
210000258,55,96,-41
210000259,475,203,272
210000282,79,460,-381
210000285,1,194,-193
210000286,33,199,-166
210000290,0,11,-11
210000295,108,296,-188
210000296,138,93,45
210000320,672,95,577
210000321,359,39,320
210000338,103,144,-41
210000339,228,1035,-807
210000340,271,440,-169
210000341,432,361,71
210000342,460,281,179
210000343,335,367,-32
210000344,153,459,-306
210000345,244,634,-390
210000346,133,342,-209
210000347,70,567,-497
210000348,272,333,-61
210000349,126,177,-51
210000350,349,370,-21
210000351,391,213,178
210000352,54,61,-7
210000353,73,92,-19
210000354,89,107,-18
210000355,88,615,-527
210000356,29,910,-881
210000357,72,976,-904
210000358,1389,733,656
210000359,164,899,-735
210000360,466,829,-363
210000361,557,359,198
210000362,611,438,173
210000363,1282,443,839
210000364,506,343,163
210000365,484,195,289
210000366,483,89,394
210000367,328,60,268
210000368,379,53,326
210000369,87,262,-175
210000370,198,464,-266
210000372,80,107,-27
210000373,36,353,-317
210000374,142,428,-286
210000375,63,79,-16
210000376,88,700,-612
210000404,118,158,-40
210000439,97,24,73
210000472,87,9,78
210000482,81,213,-132
210000564,444,291,153
210000567,2,113,-111
210000568,508,5,503
211000092,177,31,146
211000094,49,1,48
211000169,334,14,320
211000172,32,163,-131
211000209,0,69,-69
211000226,47,47,0
211000270,131,33,98
211000275,20,33,-13
211000276,259,18,241
211000279,23,76,-53
211000281,220,20,200
211507980,2,141,-139
211977296,66,2,64
212000003,535,209,326
212000004,16,217,-201
212000005,26,260,-234
212000006,90,295,-205
212000008,374,333,41
212000009,137,225,-88
212000012,236,92,144
212000013,69,68,1
212000014,672,134,538
212000015,715,138,577
212000016,1087,408,679
212000027,654,317,337
212000028,431,337,94
212000029,397,214,183
212000030,103,34,69
212000031,82,46,36
212000048,121,825,-704
212000049,12,357,-345
212000050,28,18,10
212000051,603,140,463
212000052,482,183,299
212000053,391,304,87
212000054,988,70,918
212000055,776,126,650
212000056,19,53,-34
212000057,8,42,-34
212000058,210,55,155
212000070,334,178,156
212000077,401,365,36
212000099,749,265,484
212000108,416,577,-161
212000111,550,160,390
212000120,305,302,3
212000138,367,132,235
212000156,3,65,-62
212000158,10,46,-36
212000159,1249,170,1079
212000160,1210,263,947
212000161,106,7,99
212000310,80,16,64
212000311,32,56,-24
212000374,58,23,35
213000001,15,799,-784
213000005,1054,807,247
213000006,1248,622,626
213000007,119,45,74
213000009,475,389,86
213000010,633,345,288
213000011,397,267,130
213000012,477,267,210
213000014,151,66,85
213000015,573,17,556
213000016,935,1,934
213000017,174,1,173
213000018,13,43,-30
213000019,2,503,-501
213000020,200,148,52
213000021,4,79,-75
213000023,511,695,-184
213000033,669,2002,-1333
213000034,598,317,281
213000035,278,570,-292
213000045,336,400,-64
213000046,138,103,35
213000047,440,1165,-725
213000056,300,137,163
213000069,399,51,348
213000073,1,43,-42
213000074,98,729,-631
213000075,1459,10,1449
213000076,11,5,6
213000085,5,34,-29
213000086,35,204,-169
213000091,668,14,654
213000092,99,45,54
213000099,548,1571,-1023
213000100,1288,777,511
213000101,1751,193,1558
213000102,1923,196,1727
213000103,1166,569,597
213000104,108,351,-243
213000105,101,2487,-2386
213000106,77,514,-437
213000107,242,556,-314
213000108,85,646,-561
213000109,7,313,-306
213000110,33,152,-119
213000111,1,150,-149
213000112,75,145,-70
213000115,75,28,47
213000116,32,473,-441
213000117,12,513,-501
213000118,2250,572,1678
213000119,51,494,-443
213000120,191,407,-216
213000122,322,433,-111
213000123,226,608,-382
213000124,622,781,-159
213000125,236,112,124
213000126,260,288,-28
213000127,100,324,-224
213000128,85,685,-600
213000129,259,3940,-3681
213000130,1973,2229,-256
213000132,2065,498,1567
213000133,2669,210,2459
213000134,4476,21,4455
213000136,1157,46,1111
213000137,1287,100,1187
213000139,436,60,376
213000147,48,46,2
213000148,38,74,-36
213000149,23,86,-63
213000150,0,1209,-1209
213000151,9,393,-384
213000152,4,670,-666
213000153,3,294,-291
213000154,240,1001,-761
213000155,80,974,-894
213000156,292,541,-249
213000157,1965,323,1642
213000158,863,868,-5
213000159,1223,564,659
213000163,3342,447,2895
213000165,1145,566,579
213000171,1,52,-51
213000172,2,128,-126
213000173,4,102,-98
213000174,2,60,-58
213000175,24,17,7
213000176,276,75,201
213000177,343,2,341
213000178,647,9,638
213000179,548,0,548
213000180,574,0,574
213000184,196,691,-495
213000188,1121,238,883
213000189,1397,83,1314
213000190,920,554,366
213000191,1113,228,885
213000192,902,204,698
213000193,1139,420,719
213000194,5,320,-315
213000195,57,403,-346
213000196,744,2941,-2197
213000197,907,1428,-521
213000198,55,0,55
213000200,210,593,-383
213000201,32,135,-103
213000202,19,875,-856
213000203,2337,418,1919
213000204,1473,105,1368
213000205,979,83,896
213000206,1388,134,1254
213000207,77,20,57
213000208,85,3,82
213000209,215,12,203
213000210,523,26,497
213000211,9,90,-81
213000212,30,155,-125
213000213,37,139,-102
213000218,707,620,87
213000219,2170,115,2055
213000220,2110,20,2090
213000223,530,405,125
213000224,29,104,-75
213000225,97,28,69
213000226,69,24,45
213000227,2952,237,2715
213000228,1736,1354,382
213000229,178,150,28
213000230,2401,36,2365
213000232,223,30,193
213000233,74,237,-163
213000234,20,114,-94
213000293,22,159,-137
213000294,160,97,63
213000295,45,173,-128
213000296,220,44,176
213000297,5,88,-83
213000298,13,178,-165
213000299,170,45,125
213000300,3,7,-4
213000303,2,25,-23
213000304,1,9,-8
213000305,4,54,-50
213000306,102,1128,-1026
213000307,137,882,-745
213000308,210,215,-5
213000309,393,150,243
213000310,444,269,175
213000311,324,873,-549
213000315,158,392,-234
213000316,430,201,229
213000322,238,31,207
213000323,345,150,195
213000324,177,10,167
213000325,178,117,61
213000326,144,8,136
213000327,143,26,117
213000328,68,88,-20
213000329,258,14,244
213000340,212,708,-496
213000341,2202,104,2098
213000346,212,682,-470
213000347,359,2091,-1732
213000348,9,180,-171
213000349,5,15,-10
213000350,404,1278,-874
213000366,126,236,-110
213000367,1024,23,1001
213000379,57,134,-77
213000386,55,32,23
213000406,713,92,621
213000417,3343,823,2520
213000425,676,157,519
213000426,598,74,524
213000427,152,82,70
213000428,112,302,-190
213000429,23,39,-16
213000430,140,556,-416
213000431,12,1,11
213000432,2,40,-38
213000433,43,48,-5
213000434,356,222,134
213000435,202,111,91
213000436,119,115,4
213000437,1,7,-6
213000438,260,48,212
213000439,83,43,40
213000440,15,132,-117
213000441,1,1,0
213000442,6,21,-15
213000443,1152,775,377
213000444,98,2,96
213000445,0,82,-82
213000446,1,36,-35
213000447,1,171,-170
213000448,24,302,-278
213000449,2137,27,2110
213000450,80,64,16
213000451,825,82,743
213000452,50,20,30
213000453,71,257,-186
213000455,297,191,106
213000456,0,247,-247
213000481,9,1,8
213000482,117,2,115
213000489,246,56,190
213000491,38,547,-509
213000492,140,1,139
213000493,7,495,-488
213000494,627,136,491
213000495,0,118,-118
213000496,1246,274,972
213000497,203,184,19
213000498,356,121,235
213000499,576,183,393
213000500,1954,61,1893
213000501,542,130,412
213000502,351,348,3
213000503,0,77,-77
213000504,65,77,-12
213000505,30,2,28
213000506,0,9,-9
213000507,3,106,-103
213900016,0,1,-1
213900244,154,0,154
213900245,0,14,-14
218000003,132,106,26
218000004,110,251,-141
218000005,134,129,5
218000006,114,96,18
218000007,42,45,-3
218000012,484,424,60
218000013,605,352,253
218000014,635,500,135
218000019,676,608,68
218000020,527,448,79
218000021,47,45,2
218000022,59,25,34
218000023,30,20,10
218000024,8,17,-9
218000025,14,28,-14
218000026,21,30,-9
218000027,3,4,-1
218000028,6,7,-1
218000029,4,14,-10
218000030,15,19,-4
218000031,22,30,-8
218000032,1,26,-25
218000040,2,7,-5
218000046,261,141,120
218000047,81,86,-5
218000048,86,25,61
218000049,74,49,25
218000050,213,127,86
218000051,115,250,-135
218000052,0,46,-46
218000053,3,30,-27
218000054,8,68,-60
218000055,29,47,-18
218000056,18,76,-58
218000057,9,49,-40
218000064,1,25,-24
218000065,285,54,231
218000066,35,166,-131
218000067,204,130,74
218000068,375,130,245
218000069,762,145,617
218000070,367,539,-172
218000071,471,383,88
218000072,194,481,-287
218000078,2748,640,2108
218000079,543,223,320
218000080,412,242,170
218000081,1321,210,1111
218000082,309,105,204
218000083,192,149,43
218000084,466,58,408
218000085,417,212,205
218000086,205,162,43
218000087,358,114,244
218000090,87,312,-225
218000091,2367,1170,1197
218000092,379,263,116
218000093,223,124,99
218000094,967,612,355
218000099,462,909,-447
218000100,743,439,304
218000101,626,224,402
218000102,1077,580,497
218000103,230,156,74
218000104,314,107,207
218000105,49,44,5
218000106,19,11,8
218000107,267,43,224
218000108,37,34,3
218000112,125,64,61
218000117,58,224,-166
218000134,1341,515,826
218000135,16,141,-125
218000136,391,289,102
218000137,516,239,277
218000138,87,134,-47
218000139,547,995,-448
218000140,1303,792,511
218000141,142,176,-34
218000142,391,357,34
218000143,72,895,-823
218000144,27,273,-246
218000145,1239,597,642
218000146,297,328,-31
218000151,12,61,-49
218000152,99,64,35
218000153,9,9,0
218000154,23,2,21
218000155,83,2,81
218000156,207,19,188
218000157,113,24,89
218000158,25,78,-53
218000159,8,55,-47
218000160,20,12,8
218000161,148,5,143
218000162,99,16,83
218000163,51,15,36
218000164,240,25,215
218000165,227,29,198
218000170,0,32,-32
218000171,93,3,90
218000172,58,22,36
218000173,23,22,1
218000174,24,12,12
218000176,268,263,5
218000177,354,217,137
218000178,97,221,-124
218000179,249,86,163
218000180,180,87,93
218000181,593,50,543
218000187,5,80,-75
218000188,42,34,8
218000189,43,93,-50
218000190,125,36,89
218000191,320,32,288
218000192,508,178,330
218000193,809,386,423
218000194,362,360,2
218000195,338,57,281
218000196,833,255,578
218000197,1368,348,1020
218000198,231,79,152
218000199,145,21,124
218000200,84,89,-5
218000201,28,3,25
218000202,127,1385,-1258
218000207,2,61,-59
218000208,61,221,-160
218000211,65,20,45
218000212,2,4,-2
218000213,270,124,146
218000214,8,17,-9
218000215,103,101,2
218000217,5,69,-64
218000218,213,26,187
218000219,6,419,-413
218000220,138,2383,-2245
218000221,936,620,316
218000222,1,326,-325
218000223,117,932,-815
218000224,7,281,-274
218000225,249,29,220
218000226,403,92,311
218000230,1,15,-14
218000232,76,78,-2
218000239,147,12,135
218000240,13,15,-2
218000241,71,1,70
218000242,2,5,-3
218000243,20,18,2
218000244,44,6,38
218000245,234,15,219
218000246,0,6,-6
218000247,2,1,1
218000248,2,121,-119
218000249,0,10,-10
218000250,15,1278,-1263
218000251,2,82,-80
218000252,3,169,-166
218000253,3,113,-110
218000254,0,54,-54
218000255,3,30,-27
218000256,8,63,-55
218000267,697,1707,-1010
218000268,35,56,-21
218000269,3,65,-62
218000270,396,57,339
218000271,10,23,-13
218000273,95,3,92
218000274,10,7,3
218000275,154,87,67
218000276,50,29,21
218000278,6,133,-127
218000279,205,55,150
218000280,6,21,-15
218000281,29,41,-12
218000282,1063,1771,-708
218000284,141,10,131
218000301,202,194,8
218000302,83,73,10
218000303,31,120,-89
218000316,3112,1388,1724
218000317,4775,1334,3441
218000318,2683,970,1713
218000319,3052,849,2203
218000320,2695,1057,1638
218000338,13,185,-172
218000345,239,271,-32
218000346,35,509,-474
218000459,67,188,-121
218000490,16,93,-77
218000501,337,159,178
218000502,304,202,102
218000503,317,26,291
218000504,325,49,276
218000505,87,158,-71
218000506,25,405,-380
218000508,4,26,-22
218000510,98,10,88
218000520,301,160,141
218000521,5,37,-32
218000522,1,629,-628
218000523,186,4,182
218000524,4,409,-405
218000525,186,54,132
218000526,22,352,-330
218000529,107,95,12
218000530,55,24,31
218000531,65,21,44
218000532,106,23,83
218000534,502,13,489
218000537,44,235,-191
218000538,151,986,-835
218000540,156,318,-162
218000543,253,157,96
218000544,59,103,-44
218000545,205,176,29
218000546,86,104,-18
218000547,252,526,-274
218000548,252,190,62
218000549,1414,188,1226
218000550,266,230,36
218000551,156,485,-329
218000552,404,393,11
218000553,31,211,-180
218000554,51,53,-2
218000555,60,48,12
218000556,335,138,197
218000557,967,258,709
218000558,156,0,156
218000559,0,43,-43
218000560,0,23,-23
218000561,18,0,18
218000562,49,144,-95
218000563,295,75,220
218000564,7,214,-207
218000565,116,105,11
218000566,65,14,51
218000567,1,87,-86
218000568,19,4,15
218000569,1,313,-312
218000570,30,31,-1
218000571,0,242,-242
218000572,307,21,286
218000573,20,102,-82
218000574,75,45,30
218000575,138,0,138
218000576,0,95,-95
218000577,164,0,164
218000578,0,345,-345
218000579,108,71,37
218000581,2,114,-112
218000582,122,5,117
218000583,33,1,32
218000584,0,33,-33
218000585,73,25,48
218000586,28,55,-27
218000587,1,1,0
218000588,0,3,-3
218000589,0,7,-7
218000590,13,1,12
218000591,5,18,-13
218000592,9,1,8
218000593,0,1,-1
218000594,0,0,0
218000595,0,0,0
218000596,0,0,0
218000597,0,0,0
218000598,0,0,0
218000599,0,2,-2
218000600,3,2,1
218000601,0,0,0
218000602,0,1,-1
218000603,0,9,-9
218000604,6,0,6
218000605,0,60,-60
218000606,133,1,132
218000607,21,82,-61
218000608,97,25,72
218000609,6,128,-122
218000610,106,6,100
218000611,75,0,75
218000612,17,88,-71
218000613,63,7,56
218000614,0,52,-52
218000615,361,41,320
218000616,10,279,-269
218000617,8,15,-7
218000618,0,27,-27
218000619,137,95,42
218000620,50,164,-114
218000621,0,7,-7
218000622,2,114,-112
218000623,92,3,89
218000624,2,232,-230
218000625,0,5,-5
218000626,0,21,-21
218000628,421,428,-7
218000631,50,42,8
218000632,3,228,-225
218000633,197,1,196
218000634,13,45,-32
218000635,2,20,-18
218000636,2033,1099,934
218000637,2384,1054,1330
218000638,584,57,527
218000639,75,131,-56
218000640,842,84,758
218000641,222,203,19
218000652,83,50,33
218000653,406,94,312
218000663,4,66,-62
218000675,39,121,-82
218000676,6,14,-8
218000677,69,11,58
218000680,385,248,137
218000681,765,636,129
218000691,594,282,312
218000693,700,293,407
218000703,19,19,0
218000718,34,310,-276
218000719,122,256,-134
218000720,4,168,-164
218000721,34,34,0
218000725,19,20,-1
218001147,1,66,-65
218001214,7,177,-170
218001258,349,4,345
218001329,188,307,-119
218001330,79,106,-27
218001351,57,66,-9
218001352,40,57,-17
218001353,19,20,-1
218001354,6,36,-30
218001355,4,22,-18
218001356,1065,92,973
218001357,23,31,-8
218001358,988,7,981
218001361,716,3,713
218001362,1,6,-5
219000001,46,78,-32
219000002,102,97,5
219000003,111,59,52
219000004,69,149,-80
219000017,118,476,-358
219000020,554,64,490
219000022,321,8,313
219000023,136,2,134
219000029,3,303,-300
219000034,132,78,54
219000039,41,450,-409
219000040,42,137,-95
219000041,317,112,205
219000051,1,344,-343
219000052,0,232,-232
219000053,4,177,-173
219000054,52,102,-50
219000055,603,2,601
219000056,15,0,15
219000057,126,0,126
219000062,35,341,-306
219000063,272,27,245
219000064,12,166,-154
219000110,376,738,-362
219000111,190,243,-53
219000112,499,169,330
219000113,806,153,653
219000114,528,78,450
219000116,275,70,205
219000117,274,82,192
219000118,242,143,99
219000123,391,207,184
219000124,136,108,28
219000125,46,4,42
219000126,133,293,-160
219000127,0,57,-57
219000128,66,208,-142
219000129,58,224,-166
219000130,284,1087,-803
219000131,1383,1695,-312
219000133,38,149,-111
219000134,19,90,-71
219000135,30,337,-307
219000136,125,429,-304
219000138,247,48,199
219000139,157,19,138
219000140,178,1,177
219000141,105,67,38
219000142,27,78,-51
219000143,37,54,-17
219000145,25,105,-80
219000146,21,27,-6
219000147,8,40,-32
219000148,7,35,-28
219000149,31,47,-16
219000150,2,48,-46
219000151,2,27,-25
219000157,529,445,84
219000158,410,688,-278
219000161,354,32,322
219000163,1854,434,1420
219000166,325,447,-122
219000167,340,416,-76
219000168,407,143,264
219000174,871,256,615
219000175,452,19,433
219000176,440,37,403
219000177,297,6,291
219000178,237,4,233
219000179,147,19,128
219000180,99,39,60
219000182,260,10,250
219000183,272,46,226
219000184,185,14,171
219000185,3,70,-67
219000186,160,54,106
219000187,60,221,-161
219000189,122,312,-190
219000190,96,440,-344
219000191,227,2655,-2428
219000192,397,406,-9
219000193,917,377,540
219000195,2,734,-732
219000196,5,324,-319
219000198,163,290,-127
219000199,342,184,158
219000200,438,152,286
219000201,102,210,-108
219000203,60,346,-286
219000204,107,591,-484
219000205,107,370,-263
219000207,229,214,15
219000209,53,95,-42
219000210,35,752,-717
219000213,15,478,-463
219000239,316,291,25
219000240,372,785,-413
219000241,195,359,-164
219000242,121,467,-346
219000243,246,273,-27
219000244,29,139,-110
219000245,18,115,-97
219000246,73,64,9
219000247,363,61,302
219000248,896,1168,-272
219000249,345,259,86
219000250,384,184,200
219000251,910,541,369
219000252,424,253,171
219000253,573,61,512
219000255,372,150,222
219000256,693,637,56
219000257,333,3,330
219000262,135,455,-320
219000263,130,200,-70
219000267,6,84,-78
219000268,33,42,-9
219000269,10,11,-1
219000270,62,2,60
219000271,733,5,728
219000278,0,73,-73
219000279,0,60,-60
219000283,0,155,-155
219000295,39,119,-80
219000296,234,566,-332
219000297,150,39,111
219000298,203,39,164
219000299,658,50,608
219000300,161,139,22
219000301,108,463,-355
219000302,72,148,-76
219000307,133,41,92
219000308,166,199,-33
219000311,427,131,296
219000312,952,190,762
219000313,858,86,772
219000314,234,211,23
219000315,751,42,709
219000316,1375,150,1225
219000317,410,55,355
219000320,3,162,-159
219000321,1,55,-54
219000323,22,94,-72
219000325,5,17,-12
219000326,130,64,66
219000327,42,29,13
219000328,70,22,48
219000329,332,201,131
219000330,50,76,-26
219000331,152,108,44
219000332,427,340,87
219000333,133,9,124
219000335,165,16,149
219000337,56,5,51
219000338,59,18,41
219000344,27,217,-190
219000345,182,137,45
219000346,95,50,45
219000348,255,189,66
219000349,99,179,-80
219000350,153,657,-504
219000351,0,17,-17
219000352,136,179,-43
219000353,241,109,132
219000354,520,111,409
219000355,402,138,264
219000356,660,2716,-2056
219000363,207,174,33
219000364,301,116,185
219000365,126,58,68
219000366,296,1376,-1080
219000368,549,855,-306
219000370,1027,1011,16
219000371,21,10,11
219000382,15,22,-7
219000383,359,2298,-1939
219000385,317,1300,-983
219000386,1287,3310,-2023
219000387,1,25,-24
219000390,39,23,16
219000391,5,34,-29
219000397,133,47,86
219000398,83,90,-7
219000401,38,138,-100
219000402,105,97,8
219000403,89,841,-752
219000404,48,159,-111
219000407,19,30,-11
219000409,135,100,35
219000410,466,136,330
219000411,241,28,213
219000446,125,618,-493
219000447,9,42,-33
219000448,11,21,-10
219000452,172,144,28
219000453,46,442,-396
219000454,370,880,-510
219000556,770,410,360
219000558,175,328,-153
219000590,34,397,-363
219000591,320,798,-478
219000592,134,330,-196
219000595,8,26,-18
219000635,350,159,191
219000636,162,412,-250
219000657,89,32,57
219000658,113,283,-170
219000673,0,132,-132
219000676,5,10,-5
219000679,29,37,-8
219000684,177,3,174
219000685,0,98,-98
219000686,0,11,-11
219000688,1,59,-58
219000689,47,208,-161
219000690,328,12,316
219000691,79,159,-80
219000692,397,25,372
219000693,17,34,-17
219000694,31,0,31
219000695,170,1,169
219000698,85,6,79
219000699,0,285,-285
219000727,4,819,-815
219000728,248,5,243
219000770,65,6,59
219000771,3,141,-138
219000788,338,378,-40
219001150,0,66,-66
219001151,5,6,-1
219001166,84,82,2
219001167,6,75,-69
219001178,111,8,103
220000001,60,384,-324
220000002,8,245,-237
220000003,456,530,-74
220000004,637,1152,-515
220000005,699,3032,-2333
220000006,234,1266,-1032
220000007,936,337,599
220000008,499,807,-308
220000009,857,899,-42
220000010,176,141,35
220000011,905,6796,-5891
220000012,76,1075,-999
220000014,277,119,158
220000015,68,627,-559
220000017,34,661,-627
220000018,13079,6047,7032
220000019,447,1340,-893
220000020,1064,401,663
220000021,1767,555,1212
220000022,2012,470,1542
220000023,652,345,307
220000024,1433,1151,282
220000025,1084,3523,-2439
220000026,571,1701,-1130
220000027,20,488,-468
220000028,81,251,-170
220000029,59,95,-36
220000030,87,202,-115
220000031,1228,1190,38
220000064,53,1776,-1723
221000046,3,1,2
221000047,0,0,0
221000048,1,1,0
221000049,0,84,-84
221000050,53,12,41
221000055,95,221,-126
221000057,218,1,217
221000068,252,121,131
221000069,451,50,401
221000070,445,26,419
221000071,182,3,179
221000072,588,14,574
221000073,397,110,287
221000074,3,22,-19
221000075,15,72,-57
221000076,62,30,32
221000077,70,65,5
221000081,33,19,14
221000082,91,13,78
221000083,18,15,3
221000084,8,14,-6
221000085,34,334,-300
221000086,19,145,-126
221000087,5,241,-236
221000088,10,267,-257
221000089,58,312,-254
221000090,62,518,-456
221000098,250,61,189
221000099,355,27,328
221000100,265,6,259
221000101,194,7,187
221000102,205,47,158
221000109,37,61,-24
221000110,19,26,-7
221000111,17,71,-54
221000112,4,85,-81
221000113,8,234,-226
221000114,13,154,-141
221000120,27,213,-186
221000121,12,105,-93
221000122,52,85,-33
221000123,15,44,-29
221000124,11,75,-64
221000155,270,63,207
221000156,120,57,63
221000175,2,24,-22
221000176,0,22,-22
221000182,59,20,39
221000241,485,322,163
221000242,235,352,-117
221000243,757,337,420
221000244,435,653,-218
221000245,221,281,-60
221000246,127,537,-410
221000247,262,295,-33
221000248,186,304,-118
221000267,54,1062,-1008
221000325,30,172,-142
221000331,5,79,-74
221000338,29,84,-55
221000378,555,68,487
221000381,134,90,44
222000282,6,22,-16
222000296,1,40,-39
222000568,595,32,563
222000569,204,47,157
222000570,287,64,223
222000571,605,86,519
222000577,10,49,-39
222000578,8,186,-178
222000579,19,117,-98
222000580,38,780,-742
222000599,0,103,-103
222000600,2,141,-139
222000601,3,1065,-1062
222000603,2,299,-297
222000604,5,245,-240
222000605,19,95,-76
222000606,2,31,-29
222000607,4,11,-7
222000608,41,24,17
222000609,158,114,44
222000616,919,121,798
222000617,8,111,-103
222000618,7,31,-24
222000620,37,88,-51
222000621,59,71,-12
222000623,1244,28,1216
222000624,903,18,885
222000625,2760,9,2751
222000636,76,22,54
222000686,36,84,-48
222000687,77,114,-37
222001066,1247,6,1241
222001067,145,7,138
222001068,306,48,258
222001069,200,95,105
222001082,82,13,69
222001083,182,4,178
222001084,1,103,-102
222001085,6,509,-503
222001111,249,92,157
222001112,422,244,178
222001313,6,58,-52
222001314,0,140,-140
222001464,142,126,16
222001465,59,141,-82
222001484,438,104,334
222001485,76,97,-21
222001494,1546,558,988
222001495,241,156,85
222001496,772,389,383
222001497,296,296,0
222001502,18,76,-58
222001503,440,203,237
222001504,22,489,-467
222001505,1258,35,1223
222001506,22,323,-301
222001507,767,22,745
222001510,1325,76,1249
222001511,111,203,-92
222001514,1595,104,1491
222001515,187,255,-68
222001518,840,33,807
222001519,312,144,168
222001527,263,135,128
222001528,38,224,-186
222001529,718,29,689
222001530,159,151,8
222001533,451,393,58
222001534,1015,499,516
222001535,603,693,-90
222001536,216,153,63
222001537,758,70,688
222001538,28,371,-343
222001563,1572,187,1385
222001564,123,263,-140
222001568,337,296,41
222001576,0,17,-17
222001579,0,10,-10
222001583,42,104,-62
222001584,263,86,177
222001596,732,2146,-1414
222001597,2048,1102,946
222001626,0,58,-58
222001650,24,217,-193
222001651,37,249,-212
222001914,478,27,451
222001915,81,226,-145
222001968,851,363,488
222001969,402,455,-53
222001970,152,255,-103
222001971,147,15,132
222001972,24,15,9
225000001,823,194,629
225000002,1493,528,965
225000003,1930,712,1218
225000004,1125,1375,-250
225000005,102,341,-239
225000006,1,431,-430
225000007,3024,1932,1092
225000010,815,23,792
225000011,500,2960,-2460
225000012,479,1193,-714
225000013,167,307,-140
225000014,1281,395,886
225000015,309,291,18
225000021,1674,305,1369
225000027,629,813,-184
225000032,1247,221,1026
225000042,266,728,-462
225000049,268,491,-223
225000050,503,101,402
225000053,17,341,-324
225000058,1205,475,730
225000067,791,225,566
225000068,428,702,-274
225000069,236,680,-444
225000070,420,498,-78
225000071,183,140,43
225000075,224,3360,-3136
225000076,145,406,-261
225000078,103,175,-72
225000085,350,57,293
225000086,700,94,606
225000087,987,12,975
225000088,89,493,-404
225000089,151,636,-485
225000090,132,1134,-1002
225000091,165,285,-120
225000092,77,325,-248
225000093,1073,717,356
225000094,79,398,-319
225000095,633,426,207
225000096,306,453,-147
225000098,1895,236,1659
225000099,886,177,709
225000100,1199,213,986
225000104,387,549,-162
225000110,47,675,-628
225000111,683,845,-162
225000112,1020,1133,-113
225000113,340,2369,-2029
225000114,250,951,-701
225000115,2204,1093,1111
225000116,496,279,217
225000117,1052,669,383
225000118,2508,620,1888
225000119,1093,185,908
225000120,2247,403,1844
225000121,397,73,324
225000123,1242,93,1149
225000125,1150,488,662
225000126,1659,731,928
225000127,813,5070,-4257
225000128,794,1968,-1174
225000132,1214,60,1154
225000133,728,29,699
225000134,1654,222,1432
225000135,254,35,219
225000136,1195,15,1180
225000137,738,385,353
225000138,1932,275,1657
225000143,332,589,-257
225000144,47,466,-419
225000145,177,283,-106
225000146,272,510,-238
225000147,155,217,-62
225000148,5,116,-111
225000149,211,271,-60
225000151,153,117,36
225000155,425,407,18
225000156,420,1567,-1147
225000157,1239,674,565
225000158,113,373,-260
225000171,54,246,-192
225000180,61,2,59
225000181,2,304,-302
225000182,103,51,52
225000185,20,663,-643
225000187,380,689,-309
225000191,189,2,187
225000194,0,6,-6
225000208,0,119,-119
225000209,553,49,504
225000210,35,355,-320
225000217,2,132,-130
225000218,72,1,71
225000223,3,558,-555
225000224,324,27,297
225000225,0,249,-249
225000226,30,29,1
225000227,873,1021,-148
225000228,14,59,-45
225000229,1,950,-949
225000230,13,8,5
225000231,0,42,-42
225000232,612,2,610
225000241,215,1,214
225000242,0,60,-60
225000249,28,4,24
225000250,223,409,-186
225000251,1235,372,863
225000254,2,214,-212
225000256,13,1444,-1431
225000257,1,149,-148
226000042,465,696,-231
226000043,165,583,-418
226000044,674,1172,-498
226000045,268,601,-333
226000046,1044,501,543
226000047,1010,394,616
226000048,845,329,516
226000049,928,638,290
226000070,0,24,-24
226000071,0,148,-148
226000072,0,74,-74
226000073,0,22,-22
226000074,0,47,-47
226000084,3,38,-35
226000085,0,45,-45
226000086,1,56,-55
226000087,2,87,-85
226000088,8,87,-79
226000090,125,384,-259
226000091,10,198,-188
226000092,3,54,-51
226000093,78,1,77
226000094,12,8,4
226000095,6,26,-20
226000105,22,0,22
226000106,20,3,17
226000107,10,8,2
226000108,58,0,58
226000109,436,0,436
226000124,307,309,-2
226000134,1964,780,1184
226000135,3649,906,2743
226000136,1527,1329,198
226000137,9,646,-637
226000138,26,190,-164
226000139,3,149,-146
226000156,1071,13,1058
226000157,815,42,773
226000163,161,628,-467
226000202,9,684,-675
226000231,1755,48,1707
226000232,84,19,65
227000033,819,48,771
227000036,1033,38,995
227000037,998,215,783
227000038,298,99,199
227000084,3,238,-235
227000085,1,219,-218
227000088,89,1,88
227000089,47,0,47
227000090,48,2,46
227000091,40,0,40
227000092,64,0,64
227000093,378,1,377
227000094,4,0,4
227000130,94,290,-196
227000131,47,226,-179
227000132,61,241,-180
227000133,37,107,-70
227000134,101,200,-99
227000152,0,8,-8
227000153,0,277,-277
227000154,1,129,-128
227000155,1,56,-55
227000156,0,34,-34
227000165,1,119,-118
227000196,1159,116,1043
227000199,1022,269,753
227000230,50,259,-209
227000232,1519,76,1443
227000242,64,584,-520
227000243,498,63,435
227000245,24,262,-238
227000246,192,235,-43
227000247,917,67,850
227000248,264,149,115
227000249,36,254,-218
227000250,568,489,79
227000251,130,789,-659
227000252,135,216,-81
227000253,443,89,354
227000262,1088,54,1034
227000266,2975,70,2905
227000267,21,956,-935
227000282,8,207,-199
227000284,1594,19,1575
227000286,15,48,-33
227000287,30,55,-25
227000291,6,443,-437
227000296,528,225,303
227000484,279,6,273
227000485,11,729,-718
227000655,531,4,527
227000656,1258,28,1230
227000657,556,17,539
227000661,1388,28,1360
227000680,315,281,34
229000265,72,62,10
229000296,0,191,-191
229000297,7,91,-84
229000298,20,188,-168
229000320,20,9,11
229000321,74,55,19
229000412,30,98,-68
229000414,9,73,-64
229000415,10,5,5
229000416,3,4,-1
229000417,1,3,-2
229000419,83,451,-368
229000440,402,231,171
229000442,44,24,20
229000443,20,20,0
229000444,1,55,-54
229000445,153,3,150
229000446,146,44,102
229000491,9,22,-13
229000492,21,57,-36
229000493,3,150,-147
229000494,87,43,44
229000495,216,38,178
229000496,182,13,169
229000507,0,50,-50
229000508,0,41,-41
229000509,2,63,-61
229000510,14,84,-70
229000511,17,39,-22
229000512,1,33,-32
229000513,0,12,-12
229000514,0,2,-2
229000517,5,3,2
229000518,25,18,7
229000519,5,6,-1
229000520,29,18,11
229000521,122,19,103
229000522,11,4,7
229000523,16,4,12
229000524,8,7,1
229000527,0,1,-1
229000528,0,0,0
229000529,15,0,15
229000530,126,7,119
229000531,101,9,92
229000532,36,5,31
229000533,114,5,109
229000534,53,1,52
229000564,89,3,86
229000565,76,0,76
229000566,0,9,-9
229000567,1,9,-8
229000582,91,25,66
229000583,14,24,-10
229000584,0,6,-6
229000585,2,92,-90
229000718,0,7,-7
229000719,0,1,-1
229000720,0,36,-36
229000721,0,7,-7
229000722,0,3,-3
229000723,0,4,-4
229000724,1,9,-8
229000725,1,3,-2
229000738,3,0,3
229000739,0,0,0
229000740,1,2,-1
229000741,102,0,102
229000742,24,0,24
229000743,35,0,35
229000744,4,0,4
229000745,2,0,2
229000746,25,0,25
229000847,76,1,75
229000848,32,0,32
229000849,112,1,111
229000851,68,0,68
229000854,0,54,-54
229000856,8,80,-72
229000857,0,30,-30
229000858,1,39,-38
229000919,7,117,-110
229000930,7,224,-217
229000937,222,60,162
229000966,120,37,83
229000981,34,15,19
229000985,38,13,25
229000986,2,2,0
229000987,0,0,0
229000988,1,0,1
229000989,25,18,7
229000990,2,5,-3
229000991,3,1,2
229000992,48,0,48
229000993,384,11,373
229000998,11,42,-31
229000999,166,14,152
229001034,1,15,-14
229001035,7,17,-10
229001037,121,8,113
229001042,66,13,53
229001047,35,64,-29
229001050,64,53,11
229001168,0,66,-66
229001200,92,0,92
229001338,1,29,-28
229001394,406,3,403
229001422,282,63,219
229001423,16,130,-114
229001431,90,112,-22
229001432,52,143,-91
229001444,396,122,274
229001445,181,138,43
229001479,68,0,68
229001503,452,67,385
229001504,233,162,71
229001505,245,60,185
229001506,103,153,-50
229001509,105,32,73
229001545,274,14,260
229001546,4,84,-80
229001553,287,91,196
229001554,20,102,-82
229001559,0,4,-4
229001560,5,15,-10
229001630,147,11,136
229001631,7,83,-76
229001635,0,50,-50
229001636,0,1,-1
229001658,5,81,-76
229001659,157,8,149
229001660,4,35,-31
229001661,20,75,-55
229001662,90,2,88
229001663,0,239,-239
229002584,344,394,-50
229002831,184,133,51
229002841,19,68,-49
229002842,34,93,-59
229002843,64,102,-38
229002844,88,162,-74
229002845,124,206,-82
229002846,21,65,-44
229002847,1,27,-26
229002848,8,63,-55
229002849,6,58,-52
229002850,16,14,2
229002851,97,170,-73
229002852,197,86,111
229002853,137,264,-127
229002854,91,171,-80
229002855,29,168,-139
229002856,22,43,-21
229002857,25,196,-171
229002858,25,20,5
229002859,37,187,-150
229002860,209,64,145
229002861,119,167,-48
229002862,44,61,-17
229002863,55,32,23
229002864,25,68,-43
229002865,9,43,-34
229002866,18,18,0
229002867,62,32,30
229002868,27,50,-23
229002869,27,82,-55
229002870,51,43,8
235000066,503,81,422
235000067,325,99,226
235000072,48,99,-51
235000073,129,526,-397
235000074,140,79,61
235000080,19,64,-45
235000081,382,166,216
235000082,351,24,327
235000083,636,60,576
235000084,55,45,10
235000085,248,118,130
235000089,124,340,-216
235000092,84,399,-315
235000093,6,10,-4
235000097,15,7,8
235000098,285,30,255
235000099,123,122,1
235000116,43,18,25
235000117,1135,55,1080
235000133,39,1320,-1281
235000134,22,276,-254
235000206,9,8,1
235000207,1,2,-1
235000208,1,4,-3
235000209,7,3,4
235000210,6,2,4
235000212,6,12,-6
235000213,5,18,-13
235000220,5,7,-2
235000221,17,150,-133
235000238,13,349,-336
235000239,2,98,-96
235000242,533,1138,-605
235000245,552,399,153
235000246,19,118,-99
235000284,29,77,-48
235000295,163,148,15
235000305,478,73,405
235000306,648,12,636
235000307,70,0,70
235000308,66,0,66
235000309,176,0,176
235000310,75,0,75
235000311,180,149,31
235000322,0,53,-53
235000323,1,15,-14
235000324,0,10,-10
235000325,6,24,-18
235000326,9,34,-25
235000351,3,56,-53
235000352,11,60,-49
235000353,0,40,-40
235000354,19,31,-12
235000355,13,1067,-1054
235000356,251,13,238
235000357,328,19,309
235000358,60,11,49
235000359,20,5,15
235000360,197,6,191
235000361,134,3,131
235000381,507,109,398
235000382,373,232,141
235000390,15,6,9
235000391,196,30,166
235000392,304,277,27
235000393,227,917,-690
235000395,233,55,178
235000396,940,108,832
235000400,104,306,-202
235000401,10,286,-276
235000405,373,82,291
235000406,149,127,22
235000407,122,67,55
235000409,223,178,45
235000410,159,179,-20
235000411,1,73,-72
235000485,0,22,-22
235000486,12,0,12
235000549,131,768,-637
235000550,255,225,30
235000599,365,61,304
235000600,2,20,-18
235000601,16,35,-19
235000602,280,79,201
235000614,0,15,-15
235000648,0,9,-9
235000649,224,14,210
235000685,1,8,-7
235000815,6,55,-49
235000834,0,22,-22
235000855,78,73,5
235000862,52,67,-15
235000891,0,99,-99
235000892,43,3,40
235000901,114,542,-428
235000907,5,14,-9
235001010,224,126,98
235001029,252,241,11
235001030,290,159,131
235001078,164,284,-120
235001079,138,69,69
235001147,1,102,-101
235001166,21,30,-9
235001167,160,34,126
235001169,59,127,-68
235001188,2,12,-10
235001189,2,1,1
235001197,1,12,-11
235001200,157,104,53
235001207,408,87,321
235001210,33,220,-187
235001215,103,101,2
235001239,0,66,-66
235001244,0,14,-14
235016267,1,309,-308
277101746,0,2,-2
277102712,0,0,0
277103813,0,1,-1
277103898,0,0,0
277104249,0,0,0
277104250,0,14,-14
277104251,0,14,-14
277104252,0,0,0
990011530,0,562,-562
990014944,10,345,-335
990015176,96,0,96
990015618,0,249,-249
990016032,3,335,-332
990032570,3,1179,-1176
990070001,59,0,59
990070103,0,3,-3
990070601,0,43,-43
990070751,4069,5,4064
990070766,0,179,-179
990071180,1042,628,414
990071343,62,2,60
990071387,0,7,-7
990071823,726,6,720
990072600,10,777,-767
990072964,1,170,-169
990073285,0,0,0
990074393,3,779,-776
990074870,3301,24,3277
990075106,1418,5,1413
990075746,1037,11,1026
990076437,6817,12,6805
990076458,28,555,-527
997000007,555,9,546
997000041,1,592,-591
997000058,100,1,99
997000062,8,2,6
997000069,0,0,0
997000070,0,14,-14
997000100,315,0,315
997000141,0,571,-571
997000198,2,312,-310
998000475,0,1,-1
998000736,1,427,-426
998000965,0,24,-24
998001031,0,109,-109
998001700,1,67,-66
998001899,0,0,0
998001900,19,1,18
998003073,1740,3,1737
998101900,0,0,0
998102850,5,237,-232
998501927,661,1531,-870
998501929,350,10,340
998501930,117,1,116
998501931,519,56,463
998501932,15,0,15
998501933,140,2,138
998501937,12,1,11
998501944,5,1,4
998501950,0,0,0
998501970,463,65,398
998501971,0,384,-384
998501973,0,19,-19
998501974,4,142,-138
998501975,187,0,187
998501976,291,1,290
998501977,18,68,-50
998501978,17,1,16
998501979,0,4,-4
998501980,177,3,174
998501981,88,3,85
998501982,0,201,-201
998502006,0,0,0
998502024,0,52,-52
998502032,0,2,-2
998502062,20,10,10
998502063,0,0,0
998502173,9,0,9
998502269,0,8,-8
998601159,1,35,-34
998601292,1,71,-70
999033574,0,186,-186
999800001,68,18,50
999800002,0,1,-1
999800003,3,1,2
999800004,0,0,0
999800005,0,70,-70
