ID,insum,outsum,diff
100000001,276,265,11
100000002,64,104,-40
100000003,824,319,505
100000004,192,44,148
100000005,176,388,-212
100000006,8,4,4
100000007,15,2,13
100000008,2,87,-85
100000009,0,0,0
100000010,0,0,0
100000011,0,0,0
100000012,6,148,-142
100000013,1,32,-31
100000014,22,79,-57
100000015,21,4,17
100000016,82,288,-206
100000017,63,216,-153
100000018,160,113,47
100000019,878,391,487
100000020,51,22,29
100000021,1287,259,1028
100000022,127,59,68
100000023,726,108,618
100000025,1347,375,972
100000028,666,438,228
100000029,176,102,74
100000030,0,0,0
100000031,655,352,303
100000032,762,411,351
100000033,88,382,-294
100000034,721,451,270
100000035,136,81,55
100000036,233,193,40
100000037,1,2,-1
100000038,0,4,-4
100000039,10,3,7
100000040,15,1,14
100000041,10,2,8
100000042,9,4,5
100000043,0,2,-2
100000044,40,153,-113
100000045,84,337,-253
100000046,70,310,-240
100000047,75,426,-351
100000048,141,403,-262
100000049,434,849,-415
100000051,62,344,-282
100000053,0,0,0
100000054,4,4,0
100000055,64,129,-65
100000056,0,0,0
100000057,3,1,2
100000058,194,488,-294
100000059,0,23,-23
100000060,40,58,-18
100000061,106,85,21
100000062,115,70,45
100000063,44,49,-5
100000064,93,118,-25
100000065,84,349,-265
100000066,39,288,-249
100000067,99,232,-133
100000068,107,282,-175
100000069,46,295,-249
100000072,107,193,-86
100000073,347,717,-370
100000075,76,153,-77
100000076,104,167,-63
100000077,0,0,0
100000078,0,0,0
100000079,0,0,0
100000080,0,0,0
100000081,0,0,0
100000102,49,151,-102
100000103,635,176,459
100000104,854,232,622
100000105,842,114,728
100000106,99,51,48
100000107,41,17,24
100000108,317,549,-232
100000109,1735,771,964
100000116,384,169,215
100000117,0,0,0
100000118,664,946,-282
100000119,48,363,-315
100000121,2,0,2
100000122,44,179,-135
100000123,703,852,-149
100000124,3060,1523,1537
100000125,384,29,355
100000126,38,15,23
100000127,78,32,46
100000128,187,231,-44
100000129,45,146,-101
100000130,2,7,-5
100000131,2229,967,1262
100000132,326,81,245
100000133,5827,1927,3900
100000135,8,1,7
100000139,0,0,0
100000140,127,155,-28
100000142,0,0,0
100000143,234,396,-162
100000144,717,259,458
100000147,88,272,-184
100000150,6,139,-133
100000151,5,48,-43
100000153,1,3,-2
100000154,8,139,-131
100000155,0,0,0
100000156,0,0,0
100000157,0,0,0
100000158,0,0,0
100000159,21,36,-15
100000165,301,211,90
100000169,0,0,0
100000174,17,21,-4
100000179,0,1,-1
100000180,10,113,-103
100000181,5,61,-56
100000188,3,26,-23
100000189,3,0,3
100000190,223,104,119
100000191,52,48,4
100000192,0,0,0
100000193,0,0,0
100000330,221,63,158
100000355,31,118,-87
100000362,1392,1072,320
100000363,172,263,-91
100000364,35,50,-15
100000365,1533,1654,-121
100000366,2821,1665,1156
100000367,781,1227,-446
100000368,822,987,-165
100000369,12,13,-1
100000370,19,21,-2
100000376,1,29,-28
100000379,331,210,121
100000380,534,599,-65
100000384,2545,1008,1537
100000385,1532,1158,374
100000386,2233,928,1305
100000387,2329,894,1435
100000388,8780,1804,6976
100000389,6150,1309,4841
100000390,7633,1654,5979
100000391,4140,1009,3131
100000392,1671,458,1213
100000393,397,398,-1
100000394,2256,1437,819
100000395,1156,417,739
100000396,1675,999,676
100000397,1147,483,664
100000398,5844,4230,1614
100900002,0,0,0
100900003,0,0,0
100900004,7,142,-135
100900005,0,0,0
100900006,0,0,0
100900007,0,0,0
100900008,1,97,-96
100900009,0,0,0
100900010,0,0,0
100900011,0,0,0
100900012,1,55,-54
100900013,0,0,0
100900014,0,0,0
100900015,0,0,0
100900016,0,0,0
100900017,0,0,0
100900018,0,0,0
100900019,0,0,0
100900020,0,0,0
100900021,0,0,0
100900022,0,0,0
100900023,0,0,0
100900024,0,0,0
100900025,0,0,0
100900026,0,0,0
100900027,0,0,0
100900028,0,0,0
100900029,0,0,0
100900030,0,0,0
100900031,0,0,0
100900032,0,0,0
100900033,0,0,0
100900034,0,0,0
100900035,0,0,0
100900036,0,0,0
100900037,0,0,0
100900038,0,0,0
100900039,15,98,-83
100900040,1,198,-197
100900041,0,66,-66
100900042,0,0,0
100900043,0,0,0
100900044,0,0,0
100900045,0,0,0
100900046,0,0,0
100900047,0,0,0
100900048,0,0,0
100900049,0,0,0
100900050,0,0,0
100900051,0,0,0
100900052,0,0,0
100900053,0,0,0
100900054,0,0,0
100900055,0,0,0
100900056,0,0,0
100900057,0,0,0
100900058,0,0,0
100900059,0,0,0
100900060,0,0,0
100900061,0,0,0
100900062,0,0,0
100900063,0,0,0
100900064,0,0,0
100900065,0,0,0
100900066,0,0,0
100900067,0,0,0
100900068,0,0,0
100900069,0,0,0
100900070,0,0,0
100900071,0,0,0
100900072,0,0,0
100900073,0,0,0
100900074,0,0,0
100900075,257,9,248
100900076,0,0,0
100900077,0,0,0
100900078,0,0,0
100900079,0,0,0
100900080,0,0,0
100900081,0,0,0
100900082,0,0,0
100900083,0,0,0
100900085,0,0,0
100900086,0,0,0
100900088,0,0,0
100900089,0,0,0
100900090,0,0,0
100900091,0,0,0
100900092,0,0,0
100900093,0,0,0
100900094,0,0,0
100900095,0,0,0
100900096,0,0,0
100900097,0,0,0
100900098,0,0,0
100900099,0,10,-10
100900100,0,0,0
100900101,0,0,0
100900102,0,0,0
100900103,0,0,0
100900104,0,0,0
100900105,0,0,0
100900106,0,0,0
100900107,0,0,0
100900108,0,0,0
100900109,0,0,0
100900110,0,0,0
100900111,0,0,0
100900112,0,0,0
100900113,0,0,0
100900114,0,0,0
100900115,0,0,0
100900116,0,0,0
100900117,0,0,0
100900118,0,0,0
100900119,0,0,0
100900120,0,0,0
100900121,0,0,0
100900122,4,12,-8
100900123,0,0,0
100900124,0,0,0
100900125,0,0,0
100900126,0,0,0
100900127,0,0,0
100900128,1,5,-4
100900129,0,0,0
100900131,0,0,0
100900133,0,0,0
100900134,0,0,0
100900135,0,0,0
100900137,0,0,0
100900138,0,0,0
100900139,0,0,0
100900140,0,47,-47
100900141,0,0,0
100900142,0,0,0
100900143,0,0,0
100900144,0,0,0
100900145,0,0,0
100900146,0,0,0
100900147,0,0,0
100900148,0,81,-81
100900149,0,0,0
100900150,0,0,0
100900151,7,42,-35
100900152,0,0,0
100900153,0,0,0
100900154,0,0,0
100900155,0,0,0
100900156,0,0,0
100900157,0,0,0
100900159,0,0,0
100900160,0,0,0
100900161,0,0,0
100900162,0,0,0
100900163,6,16,-10
100900164,0,0,0
100900165,0,0,0
100900166,0,0,0
100900167,0,0,0
100900168,0,0,0
100900169,14,167,-153
100900170,0,0,0
100900171,2,92,-90
100900172,0,0,0
100900173,0,62,-62
100900174,0,0,0
100900176,0,0,0
100900177,0,0,0
100900178,0,0,0
100900179,0,0,0
100900180,0,0,0
100900181,0,0,0
100900182,0,0,0
100900184,0,0,0
100900186,0,0,0
100900187,0,0,0
100900188,0,0,0
100900189,0,0,0
100900191,0,0,0
100900192,0,0,0
100900195,0,0,0
100900197,0,0,0
100900198,0,0,0
100900199,0,0,0
100900200,29,22,7
100900201,7,128,-121
100900202,0,0,0
100900203,0,0,0
100900204,0,0,0
100900205,2,0,2
100900206,0,0,0
100900207,0,0,0
100900210,5,61,-56
100900211,0,0,0
100900213,0,0,0
100900214,125,9,116
100900215,0,0,0
100900217,0,0,0
101000001,970,160,810
101000002,1025,445,580
101000003,217,91,126
101000004,4161,466,3695
101000005,1441,691,750
101000006,2342,1358,984
101000007,2181,1038,1143
101000008,1134,582,552
101000009,166,552,-386
101000010,108,209,-101
101000011,592,38,554
101000012,0,0,0
101000013,289,98,191
101000014,77,26,51
101000015,281,211,70
101000016,12,41,-29
101000017,146,109,37
101000018,670,583,87
101000020,980,188,792
101000021,67,33,34
101000022,663,99,564
101000023,554,578,-24
101000025,0,0,0
101000026,35,0,35
101000027,554,171,383
101000028,298,76,222
101000029,8,77,-69
101000030,218,22,196
101000031,41,3,38
101000032,839,534,305
101000033,1024,382,642
101000034,676,352,324
101000035,390,92,298
101000036,434,125,309
101000037,762,135,627
101000039,627,242,385
101000040,1602,471,1131
101000041,1066,164,902
101000042,20,109,-89
101000043,2612,538,2074
101000045,201,40,161
101000046,479,211,268
101000047,163,111,52
101000048,117,80,37
101000049,72,140,-68
101000050,400,140,260
101000051,1646,239,1407
101000052,581,141,440
101000053,161,101,60
101000054,433,128,305
101000055,583,143,440
101000056,18,7,11
101000057,1738,240,1498
101000058,430,40,390
101000059,271,46,225
101000060,637,98,539
101000061,70,16,54
101000062,1199,113,1086
101000063,7,22,-15
101000064,571,140,431
101000065,22,37,-15
101000066,7,3,4
101000067,251,207,44
101000068,78,51,27
101000069,153,50,103
101000070,994,546,448
101000071,958,279,679
101000072,564,521,43
101000073,48,47,1
101000074,1975,484,1491
101000075,5355,1119,4236
101000077,344,232,112
101000078,157,155,2
101000079,130,156,-26
101000080,641,367,274
101000081,179,136,43
101000082,613,315,298
101000083,123,101,22
101000084,268,368,-100
101000085,97,32,65
101000086,570,377,193
101000087,277,329,-52
101000088,38,34,4
101000089,64,61,3
101000090,772,307,465
101000091,25,145,-120
101000092,312,148,164
101000093,253,70,183
101000094,243,451,-208
101000095,67,244,-177
101000096,21,56,-35
101000097,37,89,-52
101000098,20,64,-44
101000099,365,144,221
101000100,259,218,41
101000101,19,57,-38
101000102,234,79,155
101000103,174,94,80
101000104,56,64,-8
101000105,0,0,0
101000106,62,60,2
101000107,9,54,-45
101000108,71,21,50
101000109,20,9,11
101000110,2,44,-42
101000111,7,42,-35
101000113,0,0,0
101000114,771,347,424
101000115,0,4,-4
101000116,0,4,-4
101000117,3,19,-16
101000119,58,16,42
101000120,70,14,56
101000121,37,15,22
101000122,25,16,9
101000123,21,35,-14
101000124,312,165,147
101000125,60,184,-124
101000128,226,108,118
101000130,235,86,149
101000131,58,74,-16
101000132,144,457,-313
101000135,75,4,71
101000136,186,74,112
101000137,18,52,-34
101000141,255,157,98
101000147,324,244,80
101000148,284,2,282
101000149,0,0,0
101000150,1,38,-37
101000151,1,19,-18
101000152,17,55,-38
101000153,64,34,30
101000154,1,248,-247
101000155,28,71,-43
101000156,9,93,-84
101000157,0,0,0
101000160,0,0,0
101000163,0,0,0
101000164,64,134,-70
101000165,138,63,75
101000166,24,33,-9
101000168,43,80,-37
101000252,77,166,-89
101000254,359,15,344
101000258,0,0,0
101000261,4,1,3
101000262,17,75,-58
101000263,20,20,0
101000265,13,109,-96
101000266,103,68,35
101000269,221,36,185
101000290,268,53,215
101000293,0,4,-4
101000294,191,130,61
101000295,26,74,-48
101000301,247,55,192
101000304,847,1023,-176
101000305,493,446,47
101000328,9,52,-43
101900001,0,0,0
101900002,0,0,0
101900003,3,8,-5
101900004,0,0,0
101900005,468,50,418
101900006,0,0,0
101900007,0,0,0
101900008,0,0,0
101900009,0,0,0
101900010,0,0,0
101900011,0,0,0
101900012,0,0,0
101900013,40,1,39
101900017,0,0,0
101900018,0,1,-1
101900019,0,0,0
101900020,0,0,0
101900021,0,0,0
101900022,0,0,0
101900023,0,0,0
101900026,0,0,0
101900027,0,0,0
102000001,292,640,-348
102000002,242,237,5
102000003,1707,805,902
102000004,1684,357,1327
102000005,548,571,-23
102000006,416,249,167
102000007,746,1033,-287
102000008,1155,401,754
102000009,1509,1394,115
102000010,2011,951,1060
102000011,857,766,91
102000012,560,644,-84
102000018,442,66,376
102000019,25,35,-10
102000026,15,21,-6
102000029,0,0,0
102000030,15,17,-2
102000031,0,0,0
102000032,17,44,-27
102000033,0,14,-14
102000034,80,63,17
102000035,3,12,-9
102000036,0,0,0
102000037,13,6,7
102000038,1,5,-4
102000039,0,0,0
102000040,33,9,24
102000041,5,3,2
102000042,2,4,-2
102000043,14,15,-1
102000044,2,22,-20
102000045,112,124,-12
102000046,70,17,53
102000047,57,175,-118
102000048,19,24,-5
102000049,49,34,15
102000050,103,217,-114
102000051,44,21,23
102000052,103,188,-85
102000053,71,68,3
102000054,50,181,-131
102000055,167,239,-72
102000056,76,183,-107
102000057,197,45,152
102000058,249,245,4
102000059,307,467,-160
102000060,112,78,34
102000061,171,700,-529
102000062,58,142,-84
102000063,341,383,-42
102000064,152,200,-48
102000065,12,39,-27
102000066,471,292,179
102000067,521,639,-118
102000068,1081,512,569
102000069,0,5,-5
102000070,317,13,304
102000071,1975,2328,-353
102000072,1178,1812,-634
102000073,19,229,-210
102000074,30,309,-279
102000075,3,108,-105
102000076,16,235,-219
102000077,43,484,-441
102000078,110,633,-523
102000079,12,106,-94
102000080,41,116,-75
102000081,93,301,-208
102000082,162,126,36
102000083,35,178,-143
102000084,4,17,-13
102000085,176,163,13
102000086,115,93,22
102000087,94,354,-260
102000088,23,27,-4
102000089,8,21,-13
102000090,102,138,-36
102000091,511,150,361
102000092,225,159,66
102000093,86,211,-125
102000094,0,0,0
102000095,197,543,-346
102000096,0,0,0
102000097,894,784,110
102000098,22,84,-62
102000099,322,98,224
102000100,31,32,-1
102000101,155,37,118
102000102,72,7,65
102000103,196,64,132
102000104,182,63,119
102000105,20,98,-78
102000106,15,144,-129
102000107,0,0,0
102000108,28,77,-49
102000109,0,0,0
102000110,0,0,0
102000111,0,0,0
102000112,7,6,1
102000113,0,0,0
102000114,0,0,0
102000115,50,14,36
102000116,5,20,-15
102000117,12,106,-94
102000118,37,80,-43
102000119,713,89,624
102000120,13,12,1
102000121,60,98,-38
102000122,32,11,21
102000123,140,140,0
102000124,145,21,124
102000125,104,69,35
102000126,64,30,34
102000127,116,60,56
102000128,54,62,-8
102000129,80,89,-9
102000130,53,67,-14
102000131,208,63,145
102000132,95,36,59
102000133,156,585,-429
102000134,73,111,-38
102000135,0,0,0
102000136,37,34,3
102000137,78,22,56
102000138,0,0,0
102000139,0,0,0
102000140,26,12,14
102000141,0,33,-33
102000142,11,31,-20
102000143,3,61,-58
102000144,14,61,-47
102000145,9,31,-22
102000146,2,8,-6
102000147,22,26,-4
102000148,0,0,0
102000149,7,0,7
102000150,0,6,-6
102000151,0,0,0
102000152,0,0,0
102000153,0,0,0
102000154,14,33,-19
102000155,20,29,-9
102000156,41,15,26
102000157,1,11,-10
102000158,39,6,33
102000159,158,11,147
102000161,948,267,681
102000162,55,53,2
102000163,9,0,9
102000164,30,1,29
102000165,114,69,45
102000166,15,32,-17
102000167,50,123,-73
102000168,59,28,31
102000169,54,115,-61
102000170,394,102,292
102000171,24,42,-18
102000172,8,44,-36
102000173,61,29,32
102000174,10,34,-24
102000175,7,0,7
102000176,0,0,0
102000178,7,131,-124
102000179,5,41,-36
102000180,55,157,-102
102000181,11,129,-118
102000182,127,167,-40
102000183,143,303,-160
102000184,161,442,-281
102000185,115,212,-97
102000186,82,733,-651
102000187,102,656,-554
102000188,16,176,-160
102000189,1224,319,905
102000190,254,402,-148
102000191,215,25,190
102000192,235,369,-134
102000193,1,0,1
102000194,0,0,0
102000195,18,68,-50
102000196,0,2,-2
102000197,7,54,-47
102000198,0,1,-1
102000199,15,75,-60
102000200,2,0,2
102000201,27,66,-39
102000202,0,0,0
102000203,16,63,-47
102000204,7,37,-30
102000205,30,16,14
102000206,99,191,-92
102000207,18,12,6
102000208,27,160,-133
102000209,0,9,-9
102000210,1,195,-194
102000211,9,100,-91
102000212,0,0,0
102000213,1,62,-61
102000214,0,0,0
102000215,1,103,-102
102000216,0,0,0
102000217,1,59,-58
102000218,0,0,0
102000219,37,46,-9
102000225,0,0,0
102000226,8,1,7
102000227,0,0,0
102000228,0,18,-18
102000229,5,10,-5
102000230,18,58,-40
102000231,26,18,8
102000232,0,0,0
102000233,35,45,-10
102000234,0,0,0
102000236,19,10,9
102000237,23,22,1
102000238,8,0,8
102000240,257,428,-171
102000241,49,22,27
102000243,1,3,-2
102000245,5,30,-25
102000246,0,0,0
102000247,127,164,-37
102000248,66,108,-42
102000249,15,43,-28
102000250,11,132,-121
102000254,4,12,-8
102000266,1,9,-8
102000271,0,0,0
102000286,9,4,5
102000297,61,19,42
102000299,0,0,0
102000301,0,0,0
102000303,0,0,0
102000305,0,0,0
102000307,0,5,-5
102900001,0,0,0
102900002,0,0,0
102900003,0,22,-22
102900005,0,0,0
102900006,0,0,0
102900007,0,0,0
102900008,0,0,0
102900009,0,0,0
102900010,0,0,0
102900011,0,0,0
102900012,0,0,0
102900013,0,0,0
102900015,0,0,0
102900016,0,0,0
102900017,0,0,0
102900018,0,0,0
102900019,0,0,0
102900020,0,0,0
102900021,0,0,0
102900022,21,13,8
102900023,0,0,0
102900024,0,0,0
102900025,0,0,0
102900026,0,0,0
102900027,0,0,0
102900028,0,0,0
102900029,0,3,-3
102900030,0,0,0
102900031,0,0,0
102900032,0,14,-14
102900033,0,0,0
102900034,0,0,0
102900035,0,50,-50
102900036,0,0,0
102900037,0,0,0
102900038,0,0,0
102900039,0,0,0
102900040,0,0,0
102900041,0,0,0
102900042,0,0,0
102900043,0,0,0
102900044,0,0,0
102900045,0,0,0
102900046,0,0,0
102900047,0,0,0
102900048,0,0,0
102900049,0,0,0
102900050,0,0,0
102900051,0,0,0
102900052,0,0,0
102900053,0,0,0
102900054,0,0,0
102900055,0,0,0
102900056,0,0,0
102900057,0,0,0
102900058,0,0,0
102900059,0,0,0
102900060,0,0,0
102900061,0,0,0
102900062,0,0,0
102900063,0,0,0
102900064,0,0,0
102900065,0,0,0
102900066,0,0,0
102900068,0,0,0
102900070,3,67,-64
102900072,4,7,-3
102900073,12,1,11
102900075,0,0,0
102900076,0,0,0
102900077,0,0,0
102900078,0,0,0
102900079,0,0,0
102900080,0,0,0
102900081,0,0,0
102900082,0,0,0
102900083,0,0,0
102900084,0,0,0
102900085,0,0,0
102900086,0,0,0
102900087,0,0,0
102900088,0,0,0
102900089,0,0,0
102900090,1,103,-102
102900091,2,0,2
102900092,8,193,-185
102900093,0,0,0
102900094,0,0,0
102900095,0,0,0
102900096,1,1,0
102900097,0,21,-21
103000001,729,683,46
103000002,195,399,-204
103000003,697,685,12
103000004,224,177,47
103000005,148,131,17
103000006,71,126,-55
103000007,38,63,-25
103000008,115,442,-327
103000009,24,27,-3
103000010,2,7,-5
103000011,432,264,168
103000012,191,115,76
103000013,2917,598,2319
103000014,101,80,21
103000015,1107,356,751
103000016,41,24,17
103000017,0,0,0
103000018,0,0,0
103000019,0,0,0
103000020,279,540,-261
103000021,42,36,6
103000022,241,503,-262
103000023,16,46,-30
103000024,0,0,0
103000025,0,0,0
103000026,0,0,0
103000027,0,0,0
103000028,0,0,0
103000029,40,17,23
103000030,1003,121,882
103000031,127,94,33
103000032,377,421,-44
103000033,240,105,135
103000034,772,286,486
103000035,148,130,18
103000036,141,42,99
103000037,258,144,114
103000038,113,77,36
103000039,18,173,-155
103000040,13,65,-52
103000041,479,969,-490
103000042,166,240,-74
103000043,11,86,-75
103000044,10,12,-2
103000046,80,38,42
103000047,13,30,-17
103000048,17,21,-4
103000049,5,9,-4
103000050,21,25,-4
103000051,35,42,-7
103000052,23,14,9
103000053,5,28,-23
103000054,438,200,238
103000055,90,88,2
103000056,141,280,-139
103000057,78,78,0
103000058,83,204,-121
103000059,41,84,-43
103000060,228,300,-72
103000061,21,45,-24
103000062,216,239,-23
103000063,52,69,-17
103000064,55,110,-55
103000065,0,13,-13
103000066,7,1,6
103000069,6,14,-8
103000070,77,321,-244
103000071,30,8,22
103000072,17,307,-290
103000073,0,0,0
103000074,2,1,1
103000075,48,335,-287
103000076,0,0,0
103000077,39,112,-73
103000078,2,0,2
103000079,282,60,222
103000080,2,1,1
103000081,61,96,-35
103000082,0,0,0
103000083,6,97,-91
103000084,0,0,0
103000085,0,16,-16
103000086,33,22,11
103000087,29,91,-62
103000088,71,75,-4
103000089,9,16,-7
103000090,418,331,87
103000091,85,99,-14
103000092,5,3,2
103000093,51,163,-112
103000094,0,3,-3
103000095,4,88,-84
103000096,4,0,4
103000097,10,148,-138
103000098,0,0,0
103000099,23,114,-91
103000100,8,287,-279
103000101,0,0,0
103000102,12,236,-224
103000103,2,26,-24
103000104,10,67,-57
103000105,0,21,-21
103000106,1,74,-73
103000107,11,29,-18
103000108,88,107,-19
103000109,93,85,8
103000110,185,161,24
103000111,231,101,130
103000112,15,13,2
103000113,70,154,-84
103000114,19,25,-6
103000115,44,52,-8
103000116,43,70,-27
103000117,17,63,-46
103000118,223,378,-155
103000119,781,309,472
103000120,13,42,-29
103000121,46,117,-71
103000122,9,16,-7
103000125,0,0,0
103000126,7,2,5
103000127,0,0,0
103000128,0,0,0
103000129,0,0,0
103000130,2,1,1
103000131,0,0,0
103000132,5,11,-6
103000133,0,0,0
103000134,179,73,106
103000135,270,44,226
103000136,207,104,103
103000137,115,79,36
103000138,278,72,206
103000139,0,14,-14
103000140,0,0,0
103000141,4,25,-21
103000142,0,0,0
103000143,7,71,-64
103000144,0,0,0
103000145,0,0,0
103000150,3,9,-6
103000152,41,50,-9
103000153,6,9,-3
103000156,0,0,0
103000157,4,0,4
103000159,18,48,-30
103000162,0,0,0
103000163,0,0,0
103000164,0,0,0
103000165,1,6,-5
103000166,0,0,0
103000167,4,10,-6
103000168,27,37,-10
103000169,0,0,0
103000170,159,87,72
103000171,0,0,0
103000172,1,0,1
103000173,33,254,-221
103000174,0,0,0
103000175,76,443,-367
103000176,0,0,0
103000177,316,134,182
103000178,262,157,105
103000179,7,4,3
103000183,1,30,-29
103000185,0,22,-22
103000186,0,0,0
103000187,46,229,-183
103000188,0,44,-44
103000189,80,389,-309
103000191,16,87,-71
103000292,382,25,357
103000293,0,0,0
103000295,0,0,0
103000296,3,0,3
103000297,0,0,0
103000504,1,1,0
103000505,0,0,0
103000506,0,8,-8
103000507,3,1,2
103000508,11,2,9
103000509,35,198,-163
103900001,0,0,0
103900002,0,0,0
103900003,0,1,-1
103900004,0,0,0
103900005,0,0,0
103900006,0,0,0
103900007,0,0,0
103900008,0,0,0
103900009,3,47,-44
103900010,4,34,-30
103900011,7,66,-59
103900012,0,0,0
103900013,0,32,-32
103900014,0,0,0
103900015,0,0,0
103900016,31,56,-25
103900017,2,16,-14
103900018,72,15,57
103900019,0,0,0
103900020,0,0,0
103900021,0,0,0
103900022,2,72,-70
103900023,0,0,0
103900024,0,0,0
103900025,0,0,0
103900026,0,0,0
103900027,0,0,0
103900028,0,85,-85
103900029,11,33,-22
103900030,0,0,0
103900031,0,0,0
103900032,0,0,0
103900033,0,0,0
103900034,1,40,-39
103900035,4,0,4
103900036,0,0,0
103900037,0,0,0
103900038,0,0,0
103900039,1,115,-114
103900040,0,0,0
103900041,0,0,0
103900042,0,132,-132
103900043,0,0,0
103900044,0,0,0
103900045,0,0,0
103900047,0,13,-13
103900048,0,0,0
103900049,0,0,0
103900050,0,38,-38
103900051,0,8,-8
103900052,5,42,-37
103900053,3,159,-156
103900054,0,0,0
103900055,5,12,-7
103900056,1,5,-4
103900057,0,0,0
103900058,2,92,-90
103900059,0,0,0
103900060,0,0,0
103900061,0,0,0
103900062,8,7,1
103900063,0,0,0
103900064,0,0,0
103900065,88,34,54
103900066,0,0,0
103900067,0,0,0
103900068,0,0,0
103900069,0,0,0
103900070,0,0,0
103900071,2,24,-22
103900072,0,74,-74
103900073,0,0,0
103900074,0,0,0
103900075,0,0,0
103900076,2,23,-21
103900077,0,0,0
103900078,0,0,0
103900079,0,0,0
103900080,0,0,0
103900081,0,0,0
103900082,0,0,0
103900083,0,0,0
103900084,0,0,0
103900085,0,0,0
103900086,0,0,0
103900088,0,0,0
103900089,0,0,0
103900090,0,0,0
103900091,0,0,0
103900092,1,25,-24
103900093,0,0,0
103900094,0,0,0
103900095,2,7,-5
103900096,0,0,0
103900097,0,0,0
103900098,0,3,-3
103900099,0,0,0
103900100,5,67,-62
103900101,0,0,0
103900102,0,0,0
103900104,0,0,0
103900105,9,13,-4
103900106,0,0,0
103900107,0,0,0
103900108,12,172,-160
103900109,0,0,0
103900110,17,9,8
103900111,2,121,-119
103900112,0,0,0
103900113,5,3,2
103900114,44,23,21
103900115,46,4,42
103900116,416,3,413
103900117,41,10,31
103900119,0,0,0
103900120,0,0,0
103900122,0,93,-93
103900123,19,42,-23
103900124,0,121,-121
103900125,3,15,-12
103900126,0,0,0
103900127,7,139,-132
103900128,2,34,-32
103900131,0,25,-25
103900133,0,0,0
103900134,0,0,0
103900135,0,0,0
103900137,0,0,0
103900138,0,0,0
103900139,0,55,-55
103900140,0,0,0
103900141,0,0,0
103900142,0,0,0
103900143,0,0,0
103900144,0,0,0
103900145,0,0,0
103900146,0,0,0
103900147,8,24,-16
103900148,8,52,-44
103900149,0,0,0
103900150,2,73,-71
103900151,0,0,0
103900152,0,0,0
103900153,0,0,0
103900154,94,13,81
103900155,0,0,0
103900156,0,0,0
103900157,0,0,0
103900158,0,0,0
103900159,0,0,0
103900160,0,0,0
103900161,0,0,0
103900162,23,23,0
103900163,0,0,0
103900167,0,0,0
103900168,0,0,0
103900169,0,0,0
103900170,0,0,0
103900171,0,0,0
103900172,0,0,0
103900173,0,0,0
103900174,0,0,0
103900175,0,0,0
103900176,0,0,0
103900177,0,0,0
103900178,0,0,0
103900179,0,2,-2
103900180,0,1,-1
103900181,0,0,0
103900182,0,0,0
103900184,0,0,0
103900185,0,0,0
103900187,6,3,3
103900188,2,0,2
103900189,6,0,6
103900190,0,0,0
103900191,0,0,0
103900192,0,0,0
103900193,0,0,0
103900194,0,0,0
103900195,0,0,0
103900196,0,0,0
103900197,0,0,0
103900198,0,0,0
103900199,0,0,0
103900200,0,0,0
103900201,0,0,0
103900202,0,0,0
103900203,0,0,0
103900204,0,0,0
103900207,0,0,0
103900208,1,0,1
103900209,0,0,0
103900210,1,0,1
103900211,6,3,3
103900212,3,100,-97
103900213,67,233,-166
103900214,47,11,36
103900215,950,170,780
103900216,0,14,-14
103900217,0,0,0
103900218,0,0,0
103900219,0,0,0
103900233,0,0,0
103900235,0,0,0
103900236,0,0,0
103900242,0,0,0
103900243,0,0,0
103900244,0,0,0
103900245,0,0,0
103900246,1,1,0
103900247,0,0,0
103900248,0,0,0
103900249,0,0,0
103900250,0,0,0
103900251,0,0,0
103900253,0,0,0
103900254,0,0,0
103900255,0,0,0
103900256,0,0,0
103900257,0,0,0
103900258,0,0,0
103900259,0,0,0
103900261,0,0,0
103900262,0,0,0
103900263,0,0,0
103900264,0,0,0
103900265,0,0,0
103900266,0,0,0
103900267,0,11,-11
103900268,0,3,-3
103900269,2,0,2
103900270,0,9,-9
103900271,0,11,-11
103900272,0,0,0
103900273,0,0,0
103900274,0,0,0
103900275,0,0,0
103900276,0,0,0
103900277,0,0,0
103900278,0,0,0
103900279,0,0,0
104000001,508,598,-90
104000002,428,775,-347
104000003,498,692,-194
104000004,1508,648,860
104000005,141,503,-362
104000006,590,1020,-430
104000007,982,954,28
104000008,234,475,-241
104000009,19,76,-57
104000010,0,4,-4
104000011,379,415,-36
104000012,55,312,-257
104000013,2,2,0
104000014,146,523,-377
104000015,2,4,-2
104000016,91,201,-110
104000018,62,12,50
104000019,73,18,55
104000020,11,123,-112
104000021,42,107,-65
104000022,13,60,-47
104000023,75,63,12
104000024,6,5,1
104000026,1,4,-3
104000027,67,301,-234
104000028,44,51,-7
104000029,114,414,-300
104000030,29,68,-39
104000031,21,15,6
104000032,44,260,-216
104000033,20,16,4
104000034,79,286,-207
104000035,25,45,-20
104000036,42,81,-39
104000037,62,208,-146
104000038,56,63,-7
104000039,19,105,-86
104000040,62,71,-9
104000041,49,57,-8
104000042,20,89,-69
104000043,30,80,-50
104000044,47,141,-94
104000045,101,189,-88
104000046,180,224,-44
104000047,54,165,-111
104000048,171,404,-233
104000049,8,29,-21
104000050,6,27,-21
104000051,28,331,-303
104000052,188,420,-232
104000053,167,181,-14
104000054,22,189,-167
104000055,865,446,419
104000056,52,13,39
104000057,8,238,-230
104000058,211,185,26
104000059,36,363,-327
104000060,99,288,-189
104000061,122,205,-83
104000062,0,0,0
104000064,79,19,60
104000065,0,27,-27
104000069,222,59,163
104000070,1,6,-5
104000071,31,106,-75
104000072,0,0,0
104000075,0,0,0
104000076,0,0,0
104000082,492,648,-156
104000083,120,30,90
104000084,29,161,-132
104000085,19,30,-11
104000086,18,118,-100
104000087,32,63,-31
104000090,80,380,-300
104000092,56,696,-640
104000094,71,449,-378
104000095,455,542,-87
104000096,1,70,-69
104000097,0,0,0
104000098,0,0,0
104000100,0,0,0
104000101,118,271,-153
104000106,2,24,-22
104000107,61,169,-108
104000108,35,132,-97
104000109,1,0,1
104000110,86,135,-49
104000111,195,174,21
104000112,335,54,281
104000116,3,748,-745
104000117,0,358,-358
104000118,16,30,-14
104000119,14,49,-35
104000120,2,269,-267
104000121,31,82,-51
104000122,82,125,-43
104000123,303,330,-27
104000124,645,613,32
104000125,1302,349,953
104000126,21,122,-101
104000127,456,1024,-568
104000128,31,95,-64
104000129,44,13,31
104000130,0,100,-100
104000131,946,541,405
104000132,429,762,-333
104000133,415,229,186
104000134,339,256,83
104000135,129,191,-62
104000136,553,402,151
104000137,1000,105,895
104000138,596,107,489
104000139,4172,646,3526
104000141,382,584,-202
104000142,133,563,-430
104000143,104,525,-421
104000144,2,9,-7
104000145,4,1,3
104000146,252,463,-211
104000147,51,240,-189
104000148,3,6,-3
104000149,55,258,-203
104000150,6,4,2
104000151,125,413,-288
104000152,89,597,-508
104000153,4,6,-2
104000154,429,407,22
104000155,2,1,1
104000157,191,528,-337
104000158,79,85,-6
104000159,100,61,39
104000160,705,247,458
104000161,0,0,0
104000162,0,0,0
104000165,0,0,0
104000167,19,68,-49
104000168,4,0,4
104000169,0,0,0
104000170,470,85,385
104000248,0,147,-147
104000251,22,119,-97
104000272,9,1,8
104000273,10,1,9
104000274,3,2,1
104000275,12,6,6
104000279,133,66,67
104000290,42,144,-102
104000291,88,163,-75
104000293,16,43,-27
104000294,0,0,0
104000295,83,331,-248
104000296,32,139,-107
104000297,377,534,-157
104000298,430,171,259
104000299,108,410,-302
104900001,0,0,0
104900002,0,0,0
104900003,0,0,0
104900004,0,0,0
104900005,5,7,-2
104900006,0,0,0
104900007,6,8,-2
104900009,0,0,0
104900010,0,0,0
104900011,0,0,0
104900012,0,0,0
104900013,0,0,0
104900014,0,0,0
104900015,0,0,0
104900016,0,0,0
104900017,0,0,0
104900018,0,0,0
104900019,0,0,0
104900020,0,0,0
104900021,0,0,0
104900022,0,0,0
104900023,0,0,0
104900024,0,0,0
104900025,0,0,0
104900026,0,0,0
104900027,0,0,0
104900028,0,0,0
104900029,0,0,0
104900030,0,0,0
104900031,0,0,0
104900032,0,0,0
104900033,0,0,0
104900034,0,0,0
104900035,0,0,0
104900036,0,0,0
104900037,0,0,0
104900038,0,0,0
104900039,0,0,0
104900040,0,0,0
104900041,0,0,0
104900042,0,0,0
104900043,0,0,0
104900044,0,0,0
104900045,0,0,0
104900046,0,0,0
104900047,0,0,0
104900048,0,0,0
104900049,0,0,0
104900050,0,0,0
104900051,0,0,0
104900052,0,0,0
104900053,0,0,0
104900054,0,0,0
104900055,0,0,0
104900056,0,0,0
104900057,0,0,0
104900058,0,0,0
104900059,0,0,0
104900060,0,5,-5
104900061,0,0,0
104900063,0,0,0
104900064,0,0,0
104900065,0,2,-2
104900066,0,0,0
104900067,0,0,0
104900068,0,0,0
104900070,0,0,0
104900071,0,155,-155
104900072,0,0,0
104900073,0,0,0
104900074,0,0,0
104900075,0,0,0
104900076,0,0,0
104900077,0,0,0
104900078,0,0,0
104900079,0,0,0
104900080,0,0,0
104900082,0,0,0
104900085,0,0,0
104900087,0,0,0
104900089,0,0,0
104900090,0,0,0
104900091,0,0,0
104900093,0,0,0
104900097,0,0,0
104900098,0,0,0
104900099,0,0,0
104900100,0,0,0
104900102,0,0,0
104900103,0,0,0
104900104,0,0,0
104900106,0,0,0
104900107,0,0,0
104900108,0,0,0
104900109,0,0,0
104900110,0,0,0
104900111,0,0,0
104900112,0,0,0
104900113,11,27,-16
104900114,0,0,0
104900115,2,35,-33
104900116,0,0,0
104900118,0,0,0
104900119,0,0,0
104900120,0,0,0
104900121,0,0,0
104900122,0,0,0
104900123,0,0,0
104900124,0,0,0
104900125,0,0,0
104900126,0,0,0
104900127,0,0,0
104900128,0,0,0
104900129,0,0,0
105000001,566,780,-214
105000002,159,404,-245
105000003,340,788,-448
105000004,117,303,-186
105000005,169,297,-128
105000006,134,254,-120
105000007,76,267,-191
105000008,51,401,-350
105000009,144,298,-154
105000010,958,1398,-440
105000011,213,316,-103
105000012,1606,2180,-574
105000013,204,205,-1
105000014,232,181,51
105000015,1323,522,801
105000016,2001,623,1378
105000017,349,218,131
105000018,144,198,-54
105000019,17,1,16
105000020,8,87,-79
105000021,0,1,-1
105000022,0,0,0
105000023,4,4,0
105000028,14,37,-23
105000029,113,133,-20
105000030,1418,1921,-503
105000033,435,1524,-1089
105000034,0,2,-2
105000037,45,80,-35
105000038,79,81,-2
105000039,1564,1707,-143
105000040,29,47,-18
105000041,203,1011,-808
105000042,184,97,87
105000043,1036,1742,-706
105000044,24,43,-19
105000045,74,524,-450
105000046,51,31,20
105000047,123,832,-709
105000048,13,5,8
105000049,102,304,-202
105000050,3,2,1
105000051,69,170,-101
105000052,10,83,-73
105000053,32,119,-87
105000054,3,111,-108
105000055,15,89,-74
105000056,17,296,-279
105000057,111,326,-215
105000058,156,332,-176
105000059,28,58,-30
105000060,53,263,-210
105000061,22,32,-10
105000062,107,443,-336
105000063,61,310,-249
105000064,52,129,-77
105000065,44,324,-280
105000066,194,485,-291
105000067,77,76,1
105000068,148,225,-77
105000069,419,116,303
105000070,62,87,-25
105000071,3,5,-2
105000072,90,40,50
105000073,32,19,13
105000074,192,445,-253
105000075,133,199,-66
105000076,338,420,-82
105000077,761,300,461
105000078,167,158,9
105000079,509,792,-283
105000080,90,80,10
105000081,277,251,26
105000082,35,81,-46
105000083,24,11,13
105000084,155,378,-223
105000085,88,42,46
105000086,127,237,-110
105000087,791,572,219
105000088,36,14,22
105000089,1265,1284,-19
105000090,444,653,-209
105000091,924,1175,-251
105000092,182,473,-291
105000093,15,47,-32
105000094,16,6,10
105000095,2,76,-74
105000096,8,5,3
105000097,120,216,-96
105000098,4,6,-2
105000099,91,314,-223
105000100,227,208,19
105000101,260,372,-112
105000102,314,345,-31
105000103,157,486,-329
105000104,126,198,-72
105000105,28,377,-349
105000106,64,297,-233
105000107,66,77,-11
105000108,137,126,11
105000109,86,277,-191
105000110,35,22,13
105000111,31,93,-62
105000112,231,45,186
105000113,6,49,-43
105000114,0,0,0
105000115,27,56,-29
105000116,3,16,-13
105000117,91,213,-122
105000118,2,13,-11
105000119,69,229,-160
105000120,2,11,-9
105000121,100,224,-124
105000122,11,100,-89
105000123,135,296,-161
105000124,96,269,-173
105000125,66,464,-398
105000126,235,630,-395
105000127,173,407,-234
105000128,43,387,-344
105000129,46,114,-68
105000130,2,12,-10
105000131,143,136,7
105000132,11,1,10
105000133,86,464,-378
105000134,13,9,4
105000135,100,305,-205
105000136,19,192,-173
105000137,0,0,0
105000138,74,232,-158
105000139,202,391,-189
105000140,2,9,-7
105000141,46,175,-129
105000142,0,14,-14
105000143,34,212,-178
105000144,86,308,-222
105000145,4,21,-17
105000146,83,364,-281
105000147,0,0,0
105000148,0,0,0
105000149,0,0,0
105000150,463,565,-102
105000151,22,26,-4
105000152,14,203,-189
105000153,24,49,-25
105000154,30,323,-293
105000155,9,71,-62
105000156,79,333,-254
105000157,170,713,-543
105000158,99,94,5
105000159,39,476,-437
105000160,54,71,-17
105000161,94,741,-647
105000162,10,81,-71
105000163,188,352,-164
105000164,62,69,-7
105000165,105,155,-50
105000166,2207,51,2156
105000167,337,262,75
105000168,21,313,-292
105000169,85,222,-137
105000170,0,0,0
105000171,82,31,51
105000172,0,0,0
105000173,0,0,0
105000174,0,0,0
105000175,5,42,-37
105000176,2,20,-18
105000177,13,17,-4
105000178,0,0,0
105000179,16,39,-23
105000180,4,43,-39
105000181,0,0,0
105000182,1,18,-17
105000183,52,8,44
105000184,776,430,346
105000185,284,146,138
105000186,66,772,-706
105000187,92,76,16
105000188,13,29,-16
105000189,36,384,-348
105000190,1,0,1
105000191,68,287,-219
105000192,18,55,-37
105000193,17,80,-63
105000194,40,60,-20
105000195,49,360,-311
105000196,9,35,-26
105000197,41,239,-198
105000198,205,109,96
105000199,50,63,-13
105000200,1,28,-27
105000201,11,12,-1
105000203,0,47,-47
105000204,31,34,-3
105000205,13,30,-17
105000207,264,141,123
105000208,0,0,0
105000209,29,319,-290
105000212,101,326,-225
105000213,0,0,0
105000214,0,0,0
105000215,7,80,-73
105000216,37,196,-159
105000217,32,256,-224
105000218,21,232,-211
105000221,7,42,-35
105000222,1,7,-6
105000223,5,42,-37
105000226,0,0,0
105000227,0,0,0
105000228,10,83,-73
105000229,1,4,-3
105000231,0,0,0
105000233,82,49,33
105000234,231,979,-748
105000235,6,15,-9
105000237,0,0,0
105000243,0,1,-1
105000248,44,35,9
105000262,34,345,-311
105000269,6,31,-25
105000270,15,56,-41
105000271,0,17,-17
105000282,4,7,-3
105000287,19,10,9
105000288,10,102,-92
105000289,199,239,-40
105000290,0,0,0
105000402,695,158,537
105000426,51,64,-13
105000438,151,110,41
105000446,2501,1389,1112
105000447,2614,992,1622
105000454,5,50,-45
105000455,0,0,0
105000474,0,0,0
105000477,0,2,-2
105000478,93,223,-130
105000479,3,20,-17
105000480,375,433,-58
105000481,494,487,7
105000482,1678,1399,279
105000483,298,469,-171
105000484,518,1232,-714
105000485,662,845,-183
105000486,1111,1122,-11
105000488,912,1040,-128
105000489,64,133,-69
105000549,0,0,0
105000550,113,456,-343
105000551,0,0,0
105000552,2123,1051,1072
105000555,42,45,-3
105900001,0,0,0
105900002,5,14,-9
105900003,2,19,-17
105900004,117,24,93
105900005,2,40,-38
105900006,0,0,0
105900007,0,0,0
105900008,6,192,-186
105900009,0,0,0
105900011,0,0,0
105900012,0,0,0
105900013,0,0,0
105900014,0,0,0
105900015,7,41,-34
105900016,0,0,0
105900017,0,0,0
105900018,22,33,-11
105900019,0,0,0
105900020,0,8,-8
105900021,0,0,0
105900022,9,26,-17
105900023,0,0,0
105900024,0,0,0
105900025,0,0,0
105900026,7,1,6
105900027,0,0,0
105900028,0,27,-27
105900029,23,56,-33
105900030,15,40,-25
105900031,33,65,-32
105900032,7,37,-30
105900033,1,31,-30
105900034,6,58,-52
105900035,35,36,-1
105900036,3,8,-5
105900037,10,21,-11
105900038,8,22,-14
105900039,0,13,-13
105900040,6,27,-21
105900041,8,19,-11
105900042,3,28,-25
105900043,67,0,67
105900044,1,32,-31
105900045,0,76,-76
105900046,0,50,-50
105900047,0,3,-3
105900048,0,72,-72
105900050,0,0,0
105900051,0,0,0
105900052,0,0,0
105900053,482,25,457
105900054,12,39,-27
105900056,0,0,0
105900057,0,0,0
105900058,0,0,0
105900059,0,0,0
106000001,397,210,187
106000002,885,1394,-509
106000003,791,491,300
106000004,1111,916,195
106000005,494,655,-161
106000006,1975,1935,40
106000007,103,70,33
106000008,177,193,-16
106000009,69,42,27
106000010,171,309,-138
106000011,70,69,1
106000012,196,691,-495
106000013,168,175,-7
106000014,669,731,-62
106000015,94,129,-35
106000016,425,885,-460
106000017,257,155,102
106000018,287,437,-150
106000019,24,45,-21
106000020,52,227,-175
106000021,52,76,-24
106000022,84,218,-134
106000023,43,47,-4
106000024,132,388,-256
106000025,49,34,15
106000026,151,191,-40
106000027,75,94,-19
106000028,241,524,-283
106000029,393,822,-429
106000030,108,61,47
106000034,210,313,-103
106000035,64,116,-52
106000036,109,123,-14
106000037,371,602,-231
106000038,0,0,0
106000039,0,0,0
106000040,45,318,-273
106000041,77,82,-5
106000043,0,0,0
106000046,0,0,0
106000047,12,70,-58
106000049,30,8,22
106000050,91,534,-443
106000051,3,10,-7
106000052,23,475,-452
106000053,0,0,0
106000054,152,323,-171
106000055,0,0,0
106000056,116,361,-245
106000057,0,0,0
106000058,37,152,-115
106000059,0,5,-5
106000060,264,478,-214
106000061,7,7,0
106000062,62,385,-323
106000063,3,7,-4
106000064,24,261,-237
106000065,3,11,-8
106000066,26,164,-138
106000067,4,6,-2
106000068,3,355,-352
106000069,12,15,-3
106000070,61,356,-295
106000071,19,27,-8
106000072,1307,472,835
106000073,443,326,117
106000074,55,226,-171
106000075,54,285,-231
106000076,146,466,-320
106000077,569,423,146
106000078,125,397,-272
106000079,81,319,-238
106000080,177,378,-201
106000081,55,268,-213
106000082,650,358,292
106000083,24,356,-332
106000084,104,334,-230
106000085,128,317,-189
106000086,50,210,-160
106000087,83,245,-162
106000088,5,329,-324
106000089,116,224,-108
106000090,4,290,-286
106000091,111,192,-81
106000092,0,20,-20
106000093,0,0,0
106000094,37,169,-132
106000095,60,390,-330
106000096,10,241,-231
106000097,79,533,-454
106000098,9,380,-371
106000099,5,511,-506
106000100,26,40,-14
106000101,9,38,-29
106000102,2,265,-263
106000103,13,76,-63
106000104,104,72,32
106000105,51,167,-116
106000106,40,63,-23
106000107,9,81,-72
106000108,29,31,-2
106000109,9,86,-77
106000110,23,30,-7
106000111,18,119,-101
106000112,32,57,-25
106000113,157,68,89
106000114,101,56,45
106000115,21,65,-44
106000116,51,87,-36
106000117,228,322,-94
106000118,52,97,-45
106000119,718,378,340
106000120,0,1,-1
106000121,2,4,-2
106000122,4,58,-54
106000123,2,15,-13
106000124,2,62,-60
106000125,0,91,-91
106000126,3,8,-5
106000127,9,130,-121
106000128,5,5,0
106000129,62,207,-145
106000130,0,0,0
106000131,23,145,-122
106000132,0,0,0
106000133,1658,261,1397
106000134,0,0,0
106000135,47,322,-275
106000136,0,0,0
106000137,19,788,-769
106000138,0,0,0
106000139,0,0,0
106000140,3,98,-95
106000141,7,112,-105
106000142,0,0,0
106000143,5,84,-79
106000144,0,0,0
106000145,22,256,-234
106000146,0,0,0
106000147,95,147,-52
106000148,83,238,-155
106000149,60,80,-20
106000150,68,360,-292
106000151,1148,173,975
106000152,133,112,21
106000153,12,143,-131
106000154,165,17,148
106000155,3,5,-2
106000156,54,87,-33
106000157,121,534,-413
106000158,786,134,652
106000159,1566,461,1105
106000160,21,238,-217
106000161,368,203,165
106000162,10,86,-76
106000163,49,205,-156
106000164,25,50,-25
106000165,24,302,-278
106000166,56,92,-36
106000167,50,663,-613
106000168,22,71,-49
106000169,22,337,-315
106000170,54,87,-33
106000171,5,332,-327
106000172,335,325,10
106000173,78,909,-831
106000174,17,105,-88
106000175,57,454,-397
106000176,23,87,-64
106000177,68,827,-759
106000178,194,237,-43
106000179,221,676,-455
106000180,192,770,-578
106000181,53,782,-729
106000182,48,221,-173
106000183,65,359,-294
106000184,114,303,-189
106000185,69,289,-220
106000186,116,47,69
106000187,19,300,-281
106000188,0,0,0
106000189,0,0,0
106000190,0,0,0
106000191,35,67,-32
106000192,0,22,-22
106000193,37,32,5
106000194,23,92,-69
106000195,12,15,-3
106000196,2,72,-70
106000197,21,72,-51
106000198,21,113,-92
106000199,213,71,142
106000200,237,71,166
106000201,58,76,-18
106000202,2434,141,2293
106000203,13,132,-119
106000204,0,0,0
106000205,20,123,-103
106000206,0,0,0
106000207,13,396,-383
106000208,18,3,15
106000209,16,22,-6
106000210,47,649,-602
106000211,145,850,-705
106000212,14,2,12
106000213,67,361,-294
106000214,205,42,163
106000215,17,53,-36
106000216,38,56,-18
106000217,18,64,-46
106000218,64,55,9
106000219,12,28,-16
106000220,44,43,1
106000221,5,169,-164
106000222,0,0,0
106000223,0,0,0
106000224,19,135,-116
106000225,0,0,0
106000226,23,208,-185
106000228,10,110,-100
106000229,15,379,-364
106000231,15,5,10
106000232,9,201,-192
106000233,5,7,-2
106000234,8,133,-125
106000235,9,3,6
106000236,14,34,-20
106000237,0,1,-1
106000238,0,0,0
106000239,0,11,-11
106000240,0,0,0
106000241,9,351,-342
106000242,5,0,5
106000249,0,0,0
106000250,8,109,-101
106000251,0,0,0
106000252,7,41,-34
106000253,0,0,0
106000254,10,26,-16
106000255,0,0,0
106000256,35,55,-20
106000257,18,101,-83
106000258,0,0,0
106000259,0,19,-19
106000260,0,0,0
106000261,0,22,-22
106000262,0,0,0
106000263,0,10,-10
106000264,0,0,0
106000265,4,43,-39
106000266,0,0,0
106000267,2,24,-22
106000268,0,0,0
106000269,5,13,-8
106000270,42,202,-160
106000271,0,0,0
106000272,6,19,-13
106000273,0,0,0
106000274,41,3,38
106000275,0,1,-1
106000276,4,14,-10
106000277,2,3,-1
106000278,7,13,-6
106000279,3,12,-9
106000280,0,24,-24
106000281,6,12,-6
106000282,14,13,1
106000283,4,8,-4
106000284,4,18,-14
106000285,7,8,-1
106000286,4,26,-22
106000287,2,5,-3
106000288,8,32,-24
106000289,2,8,-6
106000290,7,17,-10
106000291,5,4,1
106000292,11,17,-6
106000293,9,3,6
106000294,15,24,-9
106000295,3,5,-2
106000296,12,19,-7
106000297,13,15,-2
106000298,9,4,5
106000299,14,8,6
106000300,1,6,-5
106000301,4,20,-16
106000303,0,0,0
106000304,8,14,-6
106000305,0,0,0
106000306,6,29,-23
106000307,0,0,0
106000308,4,34,-30
106000309,2,19,-17
106000310,21,146,-125
106000311,13,17,-4
106000312,28,52,-24
106000313,19,21,-2
106000318,30,52,-22
106000319,42,0,42
106000320,0,2,-2
106000321,7,5,2
106000322,18,104,-86
106000324,0,14,-14
106000325,60,52,8
106000326,300,789,-489
106000327,0,0,0
106000328,0,0,0
106000329,5,42,-37
106000330,2,26,-24
106000428,43,69,-26
106000429,21,147,-126
106000430,111,414,-303
106000431,107,63,44
106000432,334,955,-621
106000433,231,164,67
106000434,214,65,149
106000435,829,1122,-293
106000436,11,213,-202
106000437,0,0,0
106000438,1,0,1
106000439,22,229,-207
106000440,49,50,-1
106000441,0,0,0
106000442,0,0,0
106000443,8,95,-87
106000450,7,105,-98
106000451,0,0,0
106000454,2,11,-9
106000455,1,83,-82
106000456,0,0,0
106000457,7,572,-565
106000458,0,0,0
106000459,13,236,-223
106000460,0,0,0
106000461,12,866,-854
106000462,1,6,-5
106000463,0,0,0
106000464,5,253,-248
106000465,0,0,0
106000466,0,304,-304
106000467,268,219,49
106000468,0,1,-1
106000469,0,0,0
106000470,67,256,-189
106000471,3,276,-273
106000472,0,0,0
106000473,1,7,-6
106000474,105,415,-310
106000475,23,32,-9
106000476,17,16,1
106000477,15,51,-36
106000480,0,59,-59
106900001,0,0,0
106900002,0,0,0
106900003,0,0,0
106900004,0,1,-1
106900006,0,0,0
106900007,0,0,0
106900008,0,0,0
106900009,0,0,0
106900010,0,0,0
106900012,0,0,0
106900013,0,0,0
106900014,0,0,0
106900015,0,0,0
106900016,0,0,0
106900017,0,0,0
106900018,0,0,0
106900019,0,0,0
106900020,0,0,0
106900021,0,0,0
106900022,0,0,0
106900023,0,0,0
106900024,0,0,0
106900025,0,0,0
106900026,0,0,0
106900027,0,0,0
107000001,369,488,-119
107000002,1407,2492,-1085
107000003,740,887,-147
107000004,2302,3398,-1096
107000005,200,542,-342
107000006,1218,3619,-2401
107000007,814,862,-48
107000008,11654,8001,3653
107000009,473,552,-79
107000010,7072,5995,1077
107000011,537,583,-46
107000012,973,1011,-38
107000013,19,165,-146
107000014,21,194,-173
107000015,124,595,-471
107000016,92,680,-588
107000017,815,223,592
107000018,1,131,-130
107000020,225,106,119
107000021,485,486,-1
107000022,116,863,-747
107000023,415,207,208
107000024,130,1263,-1133
107000025,49,107,-58
107000026,37,350,-313
107000027,361,233,128
107000028,328,505,-177
107000029,281,275,6
107000030,423,1081,-658
107000031,216,304,-88
107000032,25,61,-36
107000033,973,1597,-624
107000034,2643,860,1783
107000035,9,10,-1
107000036,40,197,-157
107000037,5,33,-28
107000038,77,209,-132
107000039,0,0,0
107000040,77,161,-84
107000041,224,111,113
107000042,163,405,-242
107000043,542,135,407
107000044,201,201,0
107000045,15,113,-98
107000046,51,57,-6
107000047,62,256,-194
107000048,40,70,-30
107000049,60,236,-176
107000050,59,113,-54
107000051,102,130,-28
107000052,186,82,104
107000053,12,25,-13
107000054,37,133,-96
107000055,27,14,13
107000056,95,305,-210
107000057,163,36,127
107000058,26,65,-39
107000059,385,1257,-872
107000060,84,176,-92
107000061,1409,1697,-288
107000062,66,106,-40
107000063,932,2448,-1516
107000064,72,121,-49
107000065,908,2511,-1603
107000066,46,109,-63
107000067,39,119,-80
107000068,51,38,13
107000069,15,34,-19
107000070,0,0,0
107000071,0,0,0
107000072,14,1714,-1700
107000073,1,1,0
107000074,62,494,-432
107000075,0,0,0
107000076,220,1275,-1055
107000077,2,2,0
107000078,320,1801,-1481
107000079,1,0,1
107000080,311,1534,-1223
107000081,24,10,14
107000082,89,1366,-1277
107000083,21,18,3
107000084,104,1191,-1087
107000085,499,626,-127
107000086,466,786,-320
107000087,377,427,-50
107000088,356,906,-550
107000089,141,195,-54
107000090,346,513,-167
107000091,120,195,-75
107000092,253,456,-203
107000093,77,205,-128
107000094,177,468,-291
107000095,0,1,-1
107000096,308,574,-266
107000097,1,1,0
107000098,135,403,-268
107000099,0,0,0
107000100,64,203,-139
107000101,1,1,0
107000102,175,200,-25
107000103,3,1,2
107000104,77,180,-103
107000105,8,2,6
107000106,44,148,-104
107000107,13,4,9
107000108,49,398,-349
107000109,0,0,0
107000110,18,220,-202
107000111,0,0,0
107000112,7,193,-186
107000113,0,0,0
107000114,13,303,-290
107000115,0,0,0
107000116,21,441,-420
107000117,0,0,0
107000118,20,141,-121
107000119,173,43,130
107000120,913,251,662
107000121,29,17,12
107000122,228,419,-191
107000123,15,34,-19
107000124,77,422,-345
107000125,35,46,-11
107000126,97,682,-585
107000129,38,474,-436
107000130,1,0,1
107000131,154,282,-128
107000132,2,1,1
107000133,9,10,-1
107000134,5,0,5
107000135,0,23,-23
107000136,5,0,5
107000137,0,23,-23
107000138,14,0,14
107000139,0,43,-43
107000140,65,3,62
107000141,27,112,-85
107000142,21,3,18
107000143,4,117,-113
107000144,15,11,4
107000145,22,43,-21
107000146,0,2,-2
107000147,425,29,396
107000150,15,23,-8
107000151,1,14,-13
107000152,4,73,-69
107000153,66,37,29
107000154,6,4,2
107000155,36,1,35
107000156,115,3,112
107000157,8,441,-433
107000158,17,0,17
107000159,6,191,-185
107000160,17,1,16
107000161,5,170,-165
107000162,12,19,-7
107000163,0,0,0
107000164,0,0,0
107000165,0,0,0
107000166,11,468,-457
107000167,19,43,-24
107000168,98,15,83
107000169,147,625,-478
107000170,72,26,46
107000171,56,1456,-1400
107000172,42,47,-5
107000173,130,485,-355
107000174,133,324,-191
107000175,2938,537,2401
107000176,0,0,0
107000177,0,0,0
107000178,0,0,0
107000179,54,1282,-1228
107000180,5,4,1
107000181,54,500,-446
107000182,9,98,-89
107000183,33,402,-369
107000184,26,105,-79
107000185,28,564,-536
107000186,8,2,6
107000187,127,192,-65
107000188,70,105,-35
107000189,15,103,-88
107000190,63,211,-148
107000191,0,6,-6
107000192,127,241,-114
107000193,4,1,3
107000194,180,205,-25
107000197,7,1,6
107000198,58,375,-317
107000199,222,298,-76
107000200,1,0,1
107000201,69,116,-47
107000202,0,0,0
107000203,177,242,-65
107000204,14,9,5
107000205,1445,690,755
107000206,0,0,0
107000207,30,36,-6
107000208,67,7,60
107000209,108,1,107
107000210,276,41,235
107000211,0,0,0
107000212,0,80,-80
107000213,0,0,0
107000214,0,20,-20
107000215,8,42,-34
107000216,6,65,-59
107000217,3,15,-12
107000219,3,10,-7
107000220,2,42,-40
107000222,29,193,-164
107000224,0,0,0
107000225,30,201,-171
107000226,0,0,0
107000227,15,200,-185
107000228,20,44,-24
107000229,14,10,4
107000230,387,182,205
107000231,20,19,1
107000232,0,0,0
107000233,29,38,-9
107000234,0,0,0
107000235,0,3,-3
107000236,26,364,-338
107000237,0,0,0
107000238,0,1,-1
107000239,253,12,241
107000240,2,351,-349
107000241,33,24,9
107000242,185,47,138
107000243,0,28,-28
107000244,5,80,-75
107000246,2,624,-622
107000249,1,347,-346
107000251,0,99,-99
107000252,0,542,-542
107000255,98,19,79
107000257,0,80,-80
107000258,0,15,-15
107000259,0,30,-30
107000260,0,0,0
107000262,1,114,-113
107000263,0,0,0
107000266,0,0,0
107000267,4,14,-10
107000268,6,15,-9
107000269,0,2,-2
107000270,0,1,-1
107000271,0,203,-203
107000272,2,97,-95
107000273,0,41,-41
107000274,54,40,14
107000275,2,97,-95
107000280,3,1,2
107000281,1,154,-153
107000282,1,288,-287
107000290,1,8,-7
107000291,0,0,0
107000292,0,18,-18
107000293,0,0,0
107000294,0,23,-23
107000295,0,0,0
107000296,0,0,0
107000444,28,1,27
107000496,0,0,0
107000497,233,1648,-1415
107000500,0,0,0
107000501,0,0,0
107000502,0,0,0
107000505,154,300,-146
107000506,0,3,-3
107000508,0,220,-220
107000509,32,20,12
107000510,0,0,0
107000514,0,39,-39
107000515,1,52,-51
107000516,0,5,-5
107000518,1,0,1
107000519,956,758,198
107000520,0,0,0
107000521,148,299,-151
107000522,4,101,-97
107900001,0,3,-3
107900002,0,0,0
107900003,3,1,2
107900004,1,0,1
107900005,41,1,40
107900006,0,0,0
107900007,2,1,1
107900008,13,5,8
107900009,0,0,0
107900010,0,0,0
107900012,18,1,17
107900013,18,7,11
107900014,0,0,0
107900015,26,3,23
107900016,17,11,6
107900017,1,1,0
107900018,0,0,0
107900019,0,17,-17
107900020,0,0,0
107900021,1,32,-31
107900023,0,0,0
107900024,0,0,0
107900025,7,34,-27
107900026,1,28,-27
107900027,0,0,0
107900028,1,21,-20
107900030,7,1,6
107900031,0,67,-67
107900032,0,0,0
107900033,0,0,0
107900034,16,1,15
107900035,40,2,38
107900036,0,0,0
107900037,0,0,0
107900038,16,10,6
107900039,0,8,-8
107900040,0,0,0
107900041,0,0,0
107900043,5,27,-22
107900044,0,0,0
107900045,3,3,0
107900046,15,2,13
107900047,0,0,0
107900048,2,0,2
107900049,17,23,-6
107900050,22,55,-33
107900051,6,14,-8
107900052,0,0,0
107900053,0,17,-17
107900055,14,20,-6
107900056,0,0,0
107900057,0,0,0
107900058,5,158,-153
107900060,0,0,0
107900061,0,0,0
107900063,2,5,-3
107900064,7,3,4
107900065,9,1,8
107900066,0,0,0
107900067,0,0,0
107900068,5,9,-4
107900069,0,6,-6
107900070,0,0,0
107900071,1,262,-261
107900072,0,15,-15
107900073,0,0,0
107900074,0,0,0
107900076,3,5,-2
107900077,0,0,0
107900078,14,1,13
107900079,0,1,-1
107900080,10,20,-10
107900081,0,0,0
107900082,0,0,0
107900083,43,12,31
107900084,0,6,-6
107900086,11,16,-5
107900087,61,10,51
107900088,0,0,0
107900089,35,96,-61
107900090,28,34,-6
107900091,6,115,-109
107900092,457,77,380
107900093,0,0,0
107900095,260,82,178
107900097,1,6,-5
107900098,6,13,-7
107900100,202,48,154
107900101,269,29,240
107900102,0,0,0
107900103,2,18,-16
107900104,0,0,0
107900105,0,123,-123
107900106,2,416,-414
107900107,269,24,245
107900108,7,3,4
107900109,0,0,0
107900110,2,11,-9
107900111,1,335,-334
107900112,19,48,-29
107900113,0,0,0
107900114,2,29,-27
107900115,0,0,0
107900116,2,47,-45
107900117,18,69,-51
107900118,19,45,-26
107900119,1,8,-7
107900120,0,0,0
107900121,0,2,-2
107900122,0,1,-1
107900123,0,6,-6
107900124,0,1,-1
107900125,0,45,-45
107900126,1,7,-6
107900127,95,9,86
107900128,6,0,6
107900129,0,6,-6
107900130,0,0,0
107900131,6,5,1
107900132,20,103,-83
107900133,0,11,-11
107900134,0,0,0
107900135,1,37,-36
107900136,7,3,4
107900137,1,5,-4
107900138,5,3,2
107900139,0,0,0
107900140,23,23,0
107900141,1,1,0
107900142,10,310,-300
107900143,7,8,-1
107900144,1,27,-26
107900145,0,9,-9
107900146,0,9,-9
107900147,2,1,1
107900148,19,33,-14
107900149,629,17,612
107900150,5,199,-194
107900151,0,42,-42
107900152,1,32,-31
107900153,4,3,1
107900154,1,0,1
107900155,0,0,0
107900156,0,0,0
107900157,5,29,-24
107900158,19,0,19
107900159,13,365,-352
107900160,0,47,-47
107900161,1,75,-74
107900162,0,29,-29
107900163,0,0,0
107900164,1,23,-22
107900165,1,2,-1
107900166,0,110,-110
107900167,0,0,0
107900168,0,4,-4
107900169,0,46,-46
107900171,0,530,-530
107900172,0,135,-135
107900173,0,69,-69
107900174,1,0,1
107900175,0,0,0
107900176,0,10,-10
107900177,0,29,-29
107900178,0,75,-75
107900179,1,32,-31
107900180,88,10,78
107900181,111,103,8
107900182,4,557,-553
107900183,1,168,-167
107900184,0,2,-2
107900185,8,2,6
107900186,0,4,-4
107900187,0,57,-57
107900188,70,8,62
107900189,2,27,-25
107900190,12,6,6
107900191,1,42,-41
107900193,0,21,-21
107900194,5,0,5
107900195,632,32,600
107900196,0,0,0
107900197,17,4,13
107900199,1,154,-153
107900201,15,43,-28
107900203,2,26,-24
107900204,73,63,10
107900205,20,164,-144
107900206,7,8,-1
107900207,1,227,-226
107900208,4,169,-165
107900209,52,29,23
107900210,8,19,-11
107900213,39,94,-55
107900214,0,48,-48
107900215,42,173,-131
107900216,5,7,-2
107900217,0,0,0
107900218,1,193,-192
107900219,1,35,-34
107900220,29,15,14
107900221,57,58,-1
107900223,0,0,0
107900224,28,114,-86
107900225,1,93,-92
107900226,0,28,-28
107900227,10,145,-135
107900228,2,41,-39
107900229,1,81,-80
107900230,0,20,-20
107900231,0,0,0
107900232,2,67,-65
107900233,1,37,-36
107900234,12,71,-59
107900235,9,24,-15
107900236,1,53,-52
107900237,21,174,-153
107900238,0,0,0
107900239,300,136,164
107900240,1,33,-32
107900241,3,22,-19
107900242,0,130,-130
107900243,0,7,-7
107900244,0,0,0
107900245,0,0,0
107900246,0,0,0
107900248,6,182,-176
107900249,0,0,0
107900250,2,112,-110
107900251,2,259,-257
107900252,0,0,0
107900253,0,0,0
107900254,3,15,-12
107900255,40,3,37
107900256,20,63,-43
107900257,5,6,-1
107900258,1,19,-18
107900259,0,8,-8
107900261,0,136,-136
107900262,0,0,0
107900264,0,0,0
107900265,1,21,-20
107900267,0,1,-1
107900268,0,0,0
107900269,0,0,0
107900270,0,0,0
107900271,0,0,0
107900272,0,0,0
107900273,0,35,-35
107900274,0,0,0
107900275,0,0,0
107900276,1,13,-12
107900277,0,57,-57
107900278,0,58,-58
107900279,16,7,9
107900280,8,65,-57
107900281,615,77,538
107900282,10,26,-16
107900283,61,21,40
107900284,5,264,-259
107900285,1,21,-20
107900286,9,10,-1
107900287,7,5,2
107900290,0,14,-14
107900291,17,1,16
107900292,2,51,-49
107900293,6,47,-41
107900295,1,35,-34
107900297,0,78,-78
107900298,70,97,-27
107900299,793,106,687
107900300,14,36,-22
107900301,17,31,-14
107900302,3,0,3
107900303,4,91,-87
107900304,2,138,-136
107900305,17,1,16
107900306,0,0,0
107900307,7,116,-109
107900308,14,1,13
107900309,2,0,2
107900310,0,0,0
107900311,4,2,2
107900312,0,0,0
107900313,0,12,-12
107900314,0,10,-10
107900315,0,8,-8
107900316,3,0,3
107900317,4,0,4
107900318,3,32,-29
107900319,0,78,-78
107900320,1,47,-46
107900321,0,0,0
107900322,1,60,-59
107900323,0,31,-31
107900324,4,0,4
107900325,1,0,1
107900326,1,123,-122
107900327,0,0,0
107900328,0,0,0
107900329,0,0,0
107900330,1,147,-146
107900331,2,0,2
107900332,4,4,0
107900333,3,0,3
107900334,2,74,-72
107900335,9,23,-14
107900336,0,10,-10
107900337,287,36,251
107900338,0,49,-49
107900339,0,24,-24
107900340,0,19,-19
107900341,1,0,1
107900342,8,45,-37
107900343,1,0,1
107900344,1,30,-29
107900345,0,8,-8
107900346,0,0,0
107900347,0,0,0
107900348,0,0,0
107900349,1,0,1
107900350,10,83,-73
107900351,1,20,-19
108000001,447,475,-28
108000002,1623,2154,-531
108000003,466,326,140
108000004,9639,8187,1452
108000005,389,432,-43
108000006,1430,3438,-2008
108000007,445,584,-139
108000008,1581,3131,-1550
108000009,239,566,-327
108000010,821,2989,-2168
108000011,1690,1139,551
108000012,9196,8043,1153
108000014,6,65,-59
108000015,5,44,-39
108000016,65,405,-340
108000017,8,43,-35
108000018,7,47,-40
108000019,2,67,-65
108000020,1,0,1
108000021,170,1105,-935
108000022,138,564,-426
108000023,1,0,1
108000024,11,278,-267
108000025,8,103,-95
108000026,20,236,-216
108000027,23,310,-287
108000028,13,184,-171
108000029,15,362,-347
108000030,4,106,-102
108000031,16,388,-372
108000032,2,1,1
108000033,157,579,-422
108000034,1,1,0
108000035,309,1367,-1058
108000036,103,859,-756
108000037,102,20,82
108000038,61,18,43
108000039,86,1356,-1270
108000040,42,26,16
108000041,261,1479,-1218
108000042,2,120,-118
108000043,14,232,-218
108000044,4,79,-75
108000045,34,653,-619
108000046,5,0,5
108000047,116,573,-457
108000048,56,420,-364
108000049,50,21,29
108000050,31,215,-184
108000051,34,7,27
108000052,106,270,-164
108000053,33,26,7
108000054,70,271,-201
108000055,36,18,18
108000056,305,463,-158
108000057,9,80,-71
108000058,26,255,-229
108000059,1209,482,727
108000060,2,24,-22
108000061,55,170,-115
108000062,19,16,3
108000063,42,234,-192
108000064,0,0,0
108000065,78,185,-107
108000066,397,68,329
108000067,67,55,12
108000068,6,0,6
108000069,46,562,-516
108000070,3,1,2
108000071,127,919,-792
108000072,7,0,7
108000073,279,915,-636
108000074,0,2,-2
108000075,71,375,-304
108000076,6,6,0
108000077,139,466,-327
108000078,32,64,-32
108000079,464,903,-439
108000080,14,24,-10
108000081,143,1208,-1065
108000082,289,863,-574
108000083,17,4,13
108000084,54,495,-441
108000085,2,7,-5
108000086,113,314,-201
108000087,0,27,-27
108000088,0,0,0
108000089,20,21,-1
108000090,15,2,13
108000091,31,286,-255
108000092,0,1,-1
108000093,57,407,-350
108000094,0,0,0
108000095,65,299,-234
108000096,0,0,0
108000097,45,339,-294
108000098,48,150,-102
108000099,0,0,0
108000100,0,0,0
108000101,14,8,6
108000102,76,232,-156
108000106,0,0,0
108000107,1,309,-308
108000108,4,0,4
108000109,2,307,-305
108000110,9,63,-54
108000111,86,496,-410
108000112,0,0,0
108000113,31,11,20
108000115,107,93,14
108000117,114,84,30
108000118,18,105,-87
108000119,117,209,-92
108000120,4,124,-120
108000121,8,284,-276
108000122,6,79,-73
108000123,6,1,5
108000124,29,373,-344
108000125,0,1,-1
108000126,29,418,-389
108000127,3,4,-1
108000128,51,552,-501
108000129,30,903,-873
108000130,3,0,3
108000131,2,1,1
108000132,261,498,-237
108000133,4,3,1
108000134,144,632,-488
108000135,23,1,22
108000136,223,814,-591
108000137,0,0,0
108000138,27,131,-104
108000139,1,12,-11
108000140,23,7,16
108000141,6,86,-80
108000142,37,171,-134
108000143,10,60,-50
108000144,7,5,2
108000145,12,137,-125
108000146,9,6,3
108000147,2,105,-103
108000148,7,3,4
108000149,5,48,-43
108000150,4,0,4
108000151,2,5,-3
108000152,23,123,-100
108000153,4,5,-1
108000154,19,19,0
108000155,4,2,2
108000156,114,23,91
108000157,5,7,-2
108000158,52,112,-60
108000159,64,3,61
108000160,905,190,715
108000161,731,207,524
108000165,1,11,-10
108000172,0,0,0
108000173,599,24,575
108000175,0,30,-30
108000178,156,179,-23
108000179,0,0,0
108000181,2,3,-1
108000182,11,1,10
108000183,0,40,-40
108000184,147,187,-40
108000185,8,193,-185
108000186,6,10,-4
108000187,8,182,-174
108000188,6,51,-45
108000189,9,41,-32
108000190,10,71,-61
108000192,21,221,-200
108000193,201,12,189
108000194,0,1,-1
108000195,0,1074,-1074
108000196,0,37,-37
108000198,58,117,-59
108000199,0,81,-81
108000200,12,130,-118
108000202,2,158,-156
108000203,6,355,-349
108000204,18,6,12
108000205,96,65,31
108000339,76,24,52
108000364,5,11,-6
108000365,0,29,-29
108000367,19,44,-25
108000368,2,44,-42
108000369,572,32,540
108000371,1,310,-309
108000372,0,0,0
108000373,0,0,0
108000376,11,1,10
108000377,11,0,11
108000378,1941,984,957
108000379,9,68,-59
108000381,0,0,0
108000382,0,1,-1
108000383,0,49,-49
108900001,14,34,-20
108900002,11,2,9
108900003,49,118,-69
108900004,145,37,108
108900005,0,28,-28
108900006,38,36,2
108900007,9,26,-17
108900008,2,28,-26
108900009,1,18,-17
108900010,1,28,-27
108900011,9,58,-49
108900012,19,81,-62
108900013,2,53,-51
108900014,3,17,-14
108900015,0,0,0
108900016,0,17,-17
108900017,4,13,-9
108900018,6,97,-91
108900019,1,290,-289
108900020,1,43,-42
108900021,4,45,-41
108900022,0,0,0
108900023,0,12,-12
108900024,6,18,-12
108900025,0,0,0
108900026,0,8,-8
108900027,0,16,-16
108900028,0,83,-83
108900029,1,28,-27
108900030,0,30,-30
108900031,2,97,-95
108900032,1,32,-31
108900033,0,12,-12
108900034,0,13,-13
108900035,6,402,-396
108900036,18,47,-29
108900037,2,47,-45
108900038,0,57,-57
108900039,0,31,-31
108900040,0,17,-17
108900041,630,82,548
108900042,0,34,-34
108900043,0,45,-45
108900044,0,141,-141
108900045,0,95,-95
108900046,0,154,-154
108900047,0,25,-25
108900048,2,65,-63
108900049,598,47,551
108900050,0,30,-30
108900051,1,60,-59
108900052,0,45,-45
108900053,9,3,6
108900054,1,5,-4
108900055,6,55,-49
108900056,0,48,-48
108900057,0,55,-55
108900058,3,103,-100
108900059,12,0,12
108900060,0,0,0
108900061,5,0,5
108900062,0,79,-79
108900063,0,66,-66
108900064,1,3,-2
108900065,0,21,-21
108900066,0,0,0
108900067,0,55,-55
108900068,0,25,-25
108900069,2,5,-3
108900070,0,7,-7
108900071,0,0,0
108900072,1,0,1
108900073,0,42,-42
108900074,1,36,-35
108900075,2,4,-2
108900076,0,0,0
108900077,4,55,-51
108900078,1,13,-12
108900079,26,12,14
108900080,0,0,0
108900081,6,67,-61
108900082,0,4,-4
108900083,0,0,0
108900084,56,23,33
108900085,273,14,259
108900086,2,17,-15
108900087,8,11,-3
108900088,0,0,0
108900089,0,0,0
108900090,0,35,-35
108900091,10,8,2
108900092,0,4,-4
108900093,0,0,0
108900094,6,2,4
108900095,5,40,-35
108900096,41,1,40
108900097,0,112,-112
108900098,10,1,9
108900099,2,97,-95
108900100,4,15,-11
108900101,0,0,0
108900102,5,16,-11
108900103,0,0,0
108900104,36,50,-14
108900105,0,0,0
108900106,0,133,-133
108900108,0,0,0
108900109,0,0,0
108900110,1,101,-100
108900111,3,150,-147
108900112,0,0,0
108900113,0,1,-1
108900114,0,0,0
108900115,0,0,0
108900116,0,0,0
108900117,0,0,0
108900118,0,0,0
108900119,0,0,0
108900120,0,0,0
108900121,0,0,0
108900122,0,0,0
108900123,0,0,0
108900124,1,0,1
108900125,0,0,0
108900126,1,0,1
108900127,0,0,0
108900128,0,0,0
108900129,1,0,1
108900130,0,0,0
108900131,7,0,7
108900132,0,0,0
108900133,0,0,0
108900134,0,0,0
108900135,0,0,0
108900136,0,0,0
108900137,2,0,2
108900138,0,0,0
108900139,0,0,0
108900140,0,0,0
108900141,0,0,0
108900142,0,0,0
108900143,0,0,0
108900144,0,0,0
108900145,0,0,0
108900146,0,0,0
108900147,1,0,1
108900148,0,0,0
108900149,55,42,13
108900150,0,0,0
108900151,0,0,0
108900152,1,3,-2
108900153,0,32,-32
108900154,0,2,-2
108900155,0,9,-9
108900156,0,0,0
108900157,0,28,-28
108900158,0,0,0
108900159,0,19,-19
108900160,6,27,-21
108900161,2,59,-57
108900162,0,0,0
108900163,0,0,0
108900164,2,18,-16
108900165,15,4,11
108900167,127,29,98
108900168,925,36,889
108900169,12,14,-2
108900171,563,147,416
108900172,0,0,0
108900173,11,29,-18
108900174,0,0,0
108900176,10,144,-134
108900177,1138,120,1018
108900178,298,49,249
108900179,9,9,0
108900180,0,0,0
108900182,0,0,0
108900183,7,28,-21
108900184,0,4,-4
108900185,2,34,-32
108900186,0,60,-60
108900187,0,0,0
108900188,0,0,0
108900189,0,0,0
108900190,2,566,-564
108900191,0,1,-1
108900192,1,35,-34
108900193,0,0,0
108900194,0,50,-50
108900195,0,59,-59
108900196,2,133,-131
108900198,2,96,-94
108900199,4,51,-47
108900200,36,63,-27
108900201,14,192,-178
108900203,10,0,10
108900204,6,4,2
108900205,3,0,3
108900206,0,0,0
108900207,0,0,0
108900208,4,70,-66
108900209,27,102,-75
108900210,3,4,-1
108900211,0,1,-1
108900212,22,31,-9
108900215,10,98,-88
108900216,0,5,-5
108900217,0,0,0
108900218,0,0,0
108900219,0,0,0
108900220,0,0,0
108900221,1,6,-5
108900222,0,0,0
108900223,0,1,-1
108900224,2,9,-7
108900225,0,15,-15
108900226,0,0,0
108900227,1,1,0
108900230,31,24,7
108900231,6,28,-22
108900232,0,55,-55
108900233,0,0,0
108900234,0,0,0
108900235,11,33,-22
108900236,1,20,-19
108900237,0,26,-26
108900240,0,18,-18
108900241,0,0,0
108900245,0,0,0
108900249,0,0,0
108900250,0,16,-16
108900257,4,96,-92
108900258,1,16,-15
108900259,0,0,0
108900260,0,6,-6
108900261,7,5,2
108900262,0,1,-1
108900263,0,0,0
108900264,0,0,0
108900265,0,0,0
108900266,0,0,0
108900267,0,0,0
108900268,0,0,0
108900269,0,0,0
108900270,0,0,0
108900271,0,0,0
108900272,0,0,0
108900273,0,0,0
108900274,5,15,-10
109000001,456,128,328
109000002,4226,730,3496
109000003,384,149,235
109000004,355,1742,-1387
109000005,209,158,51
109000006,345,1500,-1155
109000007,127,127,0
109000008,192,1121,-929
109000009,593,283,310
109000010,735,2423,-1688
109000011,343,294,49
109000012,788,2333,-1545
109000013,374,265,109
109000014,487,2278,-1791
109000015,512,445,67
109000016,5742,2773,2969
109000017,305,242,63
109000018,368,2430,-2062
109000019,279,202,77
109000020,608,1375,-767
109000023,0,0,0
109000024,2,19,-17
109000025,129,41,88
109000026,85,59,26
109000027,17,75,-58
109000028,11,17,-6
109000029,56,25,31
109000030,24,229,-205
109000031,0,0,0
109000032,14,199,-185
109000033,0,0,0
109000034,6,7,-1
109000035,0,0,0
109000036,34,167,-133
109000037,16,54,-38
109000038,393,177,216
109000039,75,42,33
109000040,733,99,634
109000041,3446,330,3116
109000042,103,210,-107
109000044,1,3,-2
109000045,25,304,-279
109000046,0,13,-13
109000047,16,370,-354
109000048,3,4,-1
109000049,97,476,-379
109000050,1,6,-5
109000051,141,265,-124
109000052,70,471,-401
109000053,7,2,5
109000054,10,134,-124
109000055,11,33,-22
109000056,19,131,-112
109000057,19,31,-12
109000058,108,27,81
109000059,12,110,-98
109000060,55,2,53
109000061,409,66,343
109000062,10,6,4
109000063,39,62,-23
109000064,4,2,2
109000065,6,123,-117
109000066,5,0,5
109000067,3,117,-114
109000068,0,2,-2
109000069,0,0,0
109000070,2,349,-347
109000071,124,26,98
109000072,7,81,-74
109000073,12,35,-23
109000074,2,47,-45
109000075,25,408,-383
109000076,0,17,-17
109000077,64,63,1
109000078,1,11,-10
109000079,3,55,-52
109000080,3,36,-33
109000081,3,121,-118
109000082,14,76,-62
109000083,7,272,-265
109000088,10,106,-96
109000089,6,2,4
109000090,37,135,-98
109000091,46,10,36
109000092,92,236,-144
109000093,40,7,33
109000094,16,3,13
109000095,8,198,-190
109000096,62,2,60
109000097,5,27,-22
109000098,0,0,0
109000099,64,106,-42
109000100,15,265,-250
109000101,81,145,-64
109000102,29,562,-533
109000103,31,168,-137
109000104,107,76,31
109000105,67,1020,-953
109000106,172,78,94
109000107,59,774,-715
109000108,93,77,16
109000109,128,843,-715
109000110,132,81,51
109000111,239,936,-697
109000112,15,52,-37
109000113,44,123,-79
109000114,1,64,-63
109000115,30,2,28
109000116,0,102,-102
109000117,4,7,-3
109000118,4,152,-148
109000119,16,26,-10
109000120,17,672,-655
109000121,9,9,0
109000122,13,912,-899
109000123,0,14,-14
109000124,58,84,-26
109000125,55,94,-39
109000126,59,1227,-1168
109000127,33,38,-5
109000128,48,1425,-1377
109000129,24,26,-2
109000130,206,1723,-1517
109000131,79,56,23
109000132,296,853,-557
109000133,41,503,-462
109000134,117,979,-862
109000135,200,632,-432
109000136,6,18,-12
109000137,43,47,-4
109000138,3,14,-11
109000139,36,72,-36
109000140,7,25,-18
109000141,24,205,-181
109000142,20,108,-88
109000143,4,4,0
109000145,27,9,18
109000146,1,2,-1
109000148,1434,121,1313
109000149,19,24,-5
109000150,0,0,0
109000155,46,174,-128
109000156,289,291,-2
109000158,6,77,-71
109000159,9,161,-152
109000160,80,114,-34
109000161,11,378,-367
109000162,228,390,-162
109000163,54,272,-218
109000164,136,802,-666
109000165,81,203,-122
109000166,48,51,-3
109000167,18,293,-275
109000170,0,0,0
109000171,2,2,0
109000172,0,0,0
109000173,1,1,0
109000174,2,3,-1
109000175,0,0,0
109000176,15,192,-177
109000177,0,0,0
109000178,15,57,-42
109000179,1338,205,1133
109000180,1269,428,841
109000181,7,15,-8
109000182,4,29,-25
109000183,1,9,-8
109000184,5,7,-2
109000185,0,3,-3
109000188,6,150,-144
109000189,102,206,-104
109000190,85,262,-177
109000191,0,0,0
109000192,5,14,-9
109000193,24,161,-137
109000194,1,9,-8
109000195,3,177,-174
109000196,2,4,-2
109000197,21,140,-119
109000198,5,6,-1
109000199,15,158,-143
109000206,27,9,18
109000207,5,6,-1
109000208,23,12,11
109000209,10,7,3
109000210,27,115,-88
109000211,4,26,-22
109000214,8,53,-45
109000215,1,6,-5
109000216,18,19,-1
109000217,27,17,10
109000218,18,18,0
109000221,10,212,-202
109000222,25,1,24
109000223,25,40,-15
109000224,3,20,-17
109000225,4,3,1
109000226,7,64,-57
109000227,55,276,-221
109000228,3,150,-147
109000231,1,174,-173
109000232,11,130,-119
109000236,38,483,-445
109000241,214,421,-207
109000242,42,166,-124
109000293,0,0,0
109000361,11,58,-47
109000364,7,148,-141
109000396,1,337,-336
109000397,26,0,26
109000399,55,141,-86
109000400,15,146,-131
109000403,3,22,-19
109000406,26,3,23
109000407,14,26,-12
109000408,1,116,-115
109000410,182,111,71
109000411,0,0,0
109900001,0,0,0
109900002,0,0,0
109900003,0,0,0
109900004,21,34,-13
109900005,0,2,-2
109900006,0,25,-25
109900007,14,234,-220
109900008,0,5,-5
109900009,6,240,-234
109900010,0,0,0
109900011,5,3,2
109900012,9,12,-3
109900013,24,6,18
109900014,9,5,4
109900015,16,12,4
109900016,7,9,-2
109900017,3,10,-7
109900018,5,32,-27
109900019,5,25,-20
109900020,0,0,0
109900021,0,0,0
109900022,0,40,-40
109900023,0,0,0
109900024,0,0,0
109900025,1,14,-13
109900026,1,15,-14
109900027,0,0,0
109900028,233,32,201
109900029,0,47,-47
109900030,0,0,0
109900031,0,10,-10
109900032,0,67,-67
109900033,0,9,-9
109900034,0,1,-1
109900035,2,1,1
109900036,2,9,-7
109900037,0,89,-89
109900038,0,0,0
109900039,0,0,0
109900040,1,129,-128
109900041,5,75,-70
109900042,3,110,-107
109900044,0,22,-22
109900045,1,4,-3
109900046,0,0,0
109900047,9,26,-17
109900048,6,18,-12
109900049,0,2,-2
109900050,0,79,-79
109900051,1,7,-6
109900052,3,47,-44
109900053,1,111,-110
109900054,0,0,0
109900055,1,61,-60
109900056,0,0,0
109900057,1,53,-52
109900058,1,30,-29
109900059,0,0,0
109900060,0,0,0
109900061,20,95,-75
109900062,0,41,-41
109900063,0,8,-8
109900064,6,19,-13
109900065,6,22,-16
109900066,15,190,-175
109900067,1,111,-110
109900068,0,0,0
109900069,0,7,-7
109900070,16,65,-49
109900071,0,9,-9
109900072,1,25,-24
109900073,1,79,-78
109900074,0,22,-22
109900075,0,0,0
109900076,0,18,-18
109900077,4,17,-13
109900078,2,53,-51
109900080,0,41,-41
109900081,0,3,-3
109900082,2,61,-59
109900083,1,10,-9
109900084,0,31,-31
109900085,2,104,-102
109900086,0,0,0
109900087,11,65,-54
109900089,0,0,0
109900090,14,48,-34
109900091,0,0,0
109900092,0,0,0
109900093,0,0,0
109900094,0,21,-21
109900095,0,4,-4
109900096,0,0,0
109900097,0,0,0
109900098,0,0,0
109900099,0,0,0
109900100,0,0,0
109900101,0,0,0
109900102,0,0,0
109900103,0,2,-2
109900104,1,323,-322
109900105,0,1,-1
109900106,0,0,0
109900107,0,1,-1
109900108,3,275,-272
109900109,2,72,-70
109900110,0,25,-25
109900111,5,49,-44
109900112,18,68,-50
109900113,0,0,0
109900114,0,2,-2
109900115,0,0,0
109900117,0,0,0
109900118,20,121,-101
109900119,67,58,9
109900120,0,0,0
109900121,22,7,15
109900122,0,0,0
109900123,0,26,-26
109900124,0,41,-41
109900125,0,19,-19
109900126,0,24,-24
109900128,0,0,0
109900130,214,4,210
109900131,0,0,0
109900132,0,0,0
109900133,0,0,0
109900134,0,0,0
109900135,29,5,24
109900136,1,15,-14
109900137,0,0,0
109900140,5,98,-93
109900142,57,40,17
109900145,0,7,-7
109900146,5,1,4
109900148,0,38,-38
109900149,11,8,3
109900150,0,7,-7
109900151,1,11,-10
109900152,0,0,0
109900153,0,10,-10
109900154,0,0,0
109900155,0,0,0
109900157,1,44,-43
109900158,9,34,-25
109900159,4,6,-2
109900160,5,10,-5
109900161,2,6,-4
109900162,2,19,-17
109900163,15,7,8
109900164,4,85,-81
109900165,2,0,2
109900166,0,22,-22
109900167,6,118,-112
109900168,4,106,-102
109900169,12,47,-35
109900170,39,37,2
109900171,3,10,-7
109900172,9,21,-12
109900173,829,94,735
109900174,4,22,-18
109900175,4,33,-29
109900176,20,90,-70
109900177,14,136,-122
109900178,0,20,-20
109900179,0,0,0
109900180,0,0,0
110000001,159,271,-112
110000002,88,77,11
110000003,872,414,458
110000004,204,143,61
110000005,483,233,250
110000006,117,177,-60
110000007,3,27,-24
110000008,4,14,-10
110000009,0,0,0
110000010,0,27,-27
110000011,1,19,-18
110000012,283,216,67
110000013,8,46,-38
110000014,247,43,204
110000015,6,17,-11
110000016,91,102,-11
110000017,97,22,75
110000018,924,60,864
110000019,2,64,-62
110000020,112,84,28
110000021,15,11,4
110000022,38,11,27
110000023,6,56,-50
110000024,283,237,46
110000025,13,0,13
110000026,4,174,-170
110000027,98,63,35
110000028,11,45,-34
110000029,118,386,-268
110000030,3,12,-9
110000031,57,226,-169
110000032,13,22,-9
110000033,6,15,-9
110000034,80,275,-195
110000035,19,140,-121
110000036,57,252,-195
110000037,6,108,-102
110000038,78,159,-81
110000039,113,102,11
110000040,34,112,-78
110000041,0,0,0
110000042,2,86,-84
110000043,0,0,0
110000044,3,13,-10
110000045,0,0,0
110000046,2,2,0
110000047,0,0,0
110000048,1,1,0
110000049,0,0,0
110000050,0,2,-2
110000051,0,0,0
110000052,0,0,0
110000053,0,0,0
110000054,15,34,-19
110000055,0,0,0
110000056,0,0,0
110000057,88,402,-314
110000058,58,61,-3
110000059,225,460,-235
110000060,72,111,-39
110000061,454,537,-83
110000062,232,169,63
110000063,7,53,-46
110000064,0,0,0
110000065,4,39,-35
110000066,5,20,-15
110000067,24,33,-9
110000068,35,29,6
110000069,13,40,-27
110000071,10,38,-28
110000073,0,6,-6
110000075,1,45,-44
110000076,37,13,24
110000077,90,34,56
110000078,38,13,25
110000080,63,311,-248
110000081,6,48,-42
110000082,6,70,-64
110000083,83,261,-178
110000084,56,95,-39
110000085,1678,449,1229
110000086,109,249,-140
110000087,2,28,-26
110000088,2,147,-145
110000089,3,21,-18
110000090,5,92,-87
110000091,511,143,368
110000092,4,20,-16
110000093,37,0,37
110000094,130,196,-66
110000095,5,105,-100
110000096,1023,487,536
110000097,230,230,0
110000098,89,83,6
110000099,132,496,-364
110000100,3,204,-201
110000101,3,152,-149
110000102,18,9,9
110000104,14,6,8
110000105,5,45,-40
110000106,23,15,8
110000107,57,53,4
110000108,52,0,52
110000109,34,162,-128
110000110,788,209,579
110000111,3277,853,2424
110000112,196,48,148
110000113,121,101,20
110000114,7,49,-42
110000115,7,35,-28
110000116,6,4,2
110000117,27,234,-207
110000118,31,62,-31
110000119,22,187,-165
110000120,81,49,32
110000121,1,113,-112
110000122,69,232,-163
110000123,29,50,-21
110000124,2,413,-411
110000125,0,0,0
110000126,0,0,0
110000127,0,0,0
110000128,6,767,-761
110000129,3,256,-253
110000130,0,0,0
110000131,31,203,-172
110000132,0,392,-392
110000133,33,78,-45
110000134,7,97,-90
110000135,0,0,0
110000136,8,111,-103
110000137,9,80,-71
110000138,40,248,-208
110000139,16,199,-183
110000140,0,0,0
110000143,60,28,32
110000144,1013,279,734
110000145,271,161,110
110000146,621,175,446
110000147,36,310,-274
110000148,0,0,0
110000151,42,28,14
110000152,84,122,-38
110000153,3,31,-28
110000154,0,0,0
110000155,466,860,-394
110000156,135,498,-363
110000157,517,510,7
110000160,71,121,-50
110000161,29,172,-143
110000166,2,6,-4
110000167,63,88,-25
110000168,161,58,103
110000169,28,25,3
110000170,2,5,-3
110000171,23,14,9
110000172,31,429,-398
110000173,245,439,-194
110000174,20,458,-438
110000175,0,0,0
110000176,0,0,0
110000177,1,78,-77
110000178,554,177,377
110000179,337,132,205
110000180,24,115,-91
110000181,33,137,-104
110000182,141,107,34
110000183,1505,661,844
110000184,66,172,-106
110000185,192,285,-93
110000186,180,134,46
110000191,8,158,-150
110000192,3,0,3
110000193,18,0,18
110000194,1,451,-450
110000195,4,32,-28
110000196,14,153,-139
110000197,0,14,-14
110000198,1,1,0
110000199,11,56,-45
110000200,126,210,-84
110000201,35,82,-47
110000202,160,76,84
110000203,69,390,-321
110000204,1,82,-81
110000205,2,9,-7
110000206,16,481,-465
110000207,27,73,-46
110000208,4,12,-8
110000209,34,344,-310
110000210,2,1,1
110000211,0,0,0
110000212,17,81,-64
110000213,1,6,-5
110000214,8,23,-15
110000215,13,242,-229
110000216,11,235,-224
110000217,13,56,-43
110000218,17,228,-211
110000219,9,6,3
110000220,9,184,-175
110000221,13,4,9
110000222,4,123,-119
110000223,1,1,0
110000224,3,4,-1
110000225,30,200,-170
110000226,8,4,4
110000227,60,109,-49
110000228,28,7,21
110000229,1,95,-94
110000230,68,89,-21
110000231,24,34,-10
110000232,9,155,-146
110000233,3,49,-46
110000234,18,100,-82
110000235,79,164,-85
110000236,157,497,-340
110000237,461,496,-35
110000238,51,313,-262
110000239,151,497,-346
110000240,1,72,-71
110000242,0,40,-40
110000243,13,97,-84
110000244,9,193,-184
110000245,6,199,-193
110000246,36,175,-139
110000247,126,1272,-1146
110000248,15,485,-470
110000249,0,0,0
110000250,2,42,-40
110000251,4,88,-84
110000252,8,89,-81
110000253,51,30,21
110000254,133,643,-510
110000255,26,522,-496
110000256,14,8,6
110000257,85,263,-178
110000258,7,80,-73
110000259,7,3,4
110000260,8,63,-55
110000263,92,17,75
110000264,22,80,-58
110000265,305,362,-57
110000266,391,429,-38
110000267,6,123,-117
110000268,1,45,-44
110000269,1,35,-34
110000270,0,0,0
110000271,16,22,-6
110000272,116,365,-249
110000273,402,490,-88
110000274,19,188,-169
110000275,779,135,644
110000276,32,84,-52
110000277,14,79,-65
110000278,49,292,-243
110000279,7,174,-167
110000280,2,113,-111
110000281,1,55,-54
110000282,11,11,0
110000283,2,1,1
110000284,2,8,-6
110000285,0,96,-96
110000286,0,0,0
110000287,0,0,0
110000288,0,24,-24
110000289,49,323,-274
110000290,578,326,252
110000291,1759,436,1323
110000292,359,516,-157
110000293,40,379,-339
110000294,46,285,-239
110000295,12,296,-284
110000296,20,187,-167
110000297,327,227,100
110000298,64,193,-129
110000299,0,0,0
110000301,0,0,0
110000302,30,495,-465
110000303,0,0,0
110000304,26,128,-102
110000305,11,0,11
110000306,29,1067,-1038
110000307,8,0,8
110000308,2,1,1
110000309,4,709,-705
110000310,40,20,20
110000311,6,438,-432
110000312,40,5,35
110000313,422,768,-346
110000314,3,99,-96
110000315,688,457,231
110000316,249,594,-345
110000317,205,126,79
110000318,0,39,-39
110000319,0,0,0
110000320,3,38,-35
110000321,0,1,-1
110000322,5,43,-38
110000323,23,146,-123
110000324,2284,935,1349
110000325,17,33,-16
110000327,0,50,-50
110000328,64,348,-284
110000333,8,4,4
110000334,81,577,-496
110000335,50,118,-68
110000336,65,635,-570
110000337,35,85,-50
110000338,8,41,-33
110000339,13,60,-47
110000340,1,48,-47
110000341,51,372,-321
110000342,0,0,0
110000343,0,16,-16
110000344,7,39,-32
110000345,1,5,-4
110000346,605,488,117
110000347,201,38,163
110000348,0,19,-19
110000349,0,9,-9
110000350,0,0,0
110000351,51,247,-196
110000352,67,836,-769
110000353,694,263,431
110000354,101,838,-737
110000355,0,31,-31
110000356,0,0,0
110000357,30,4,26
110000361,12,34,-22
110000362,0,0,0
110000363,9,27,-18
110000364,0,103,-103
110000365,0,0,0
110000366,0,48,-48
110000367,61,122,-61
110000368,1,29,-28
110000369,0,0,0
110000373,3,164,-161
110000374,2,0,2
110000375,4,303,-299
110000376,8,62,-54
110000377,0,0,0
110000378,11,196,-185
110000379,860,349,511
110000380,3,11,-8
110000383,0,139,-139
110000384,5,46,-41
110000385,2,93,-91
110000387,0,16,-16
110000388,8,139,-131
110000389,0,1,-1
110000391,0,133,-133
110000396,6,86,-80
110000397,0,9,-9
110000398,1,4,-3
110000399,0,1,-1
110000587,0,3,-3
110000589,6,9,-3
110000640,16,15,1
110000652,0,12,-12
110000653,19,188,-169
110000654,1,3,-2
110000656,1,284,-283
110000674,2,3,-1
110000675,0,4,-4
110000676,0,15,-15
110000679,375,208,167
110000682,0,0,0
110000683,8,9,-1
110000684,0,30,-30
110000685,0,0,0
110000686,0,9,-9
110000687,0,0,0
110000688,19,8,11
110000689,2,1,1
110000692,9,21,-12
110000693,16,78,-62
110000694,2,199,-197
110000695,46,402,-356
110000696,0,0,0
110900001,0,4,-4
110900002,0,25,-25
110900003,2,327,-325
110900004,0,123,-123
110900005,378,29,349
110900006,0,0,0
110900007,0,1,-1
110900008,0,1,-1
110900009,0,0,0
110900010,1,17,-16
110900011,0,11,-11
110900012,1,28,-27
110900013,0,0,0
110900014,0,0,0
110900015,0,0,0
110900016,0,19,-19
110900017,0,0,0
110900018,0,0,0
110900019,0,0,0
110900020,2,87,-85
110900021,3,134,-131
110900022,9,88,-79
110900023,8,105,-97
110900024,8,113,-105
110900025,0,7,-7
110900027,2,25,-23
110900028,0,16,-16
110900029,7,128,-121
110900030,1,35,-34
110900031,0,34,-34
110900032,0,24,-24
110900033,2,60,-58
110900035,4,62,-58
110900036,3,0,3
110900037,1,2,-1
110900038,63,6,57
110900039,0,50,-50
110900040,1,0,1
110900041,0,59,-59
110900042,0,0,0
110900043,1,34,-33
110900044,0,0,0
110900045,1,153,-152
110900046,24,76,-52
110900047,0,0,0
110900049,0,3,-3
110900050,0,0,0
110900051,2,17,-15
110900052,2,66,-64
110900053,0,0,0
110900054,1,56,-55
110900055,1,0,1
110900056,14,12,2
110900057,0,37,-37
110900058,0,0,0
110900059,60,215,-155
110900060,6,1,5
110900061,1,2,-1
110900062,0,0,0
110900063,3,14,-11
110900064,0,0,0
110900065,31,2,29
110900066,1,17,-16
110900067,0,0,0
110900068,24,28,-4
110900069,0,8,-8
110900070,2,2,0
110900071,0,0,0
110900073,0,2,-2
110900074,0,2,-2
110900075,4,5,-1
110900077,1,1,0
110900078,0,45,-45
110900079,89,10,79
110900080,0,0,0
110900081,0,38,-38
110900082,0,0,0
110900083,0,0,0
110900084,1,56,-55
110900085,1,95,-94
110900086,0,0,0
110900087,0,0,0
110900088,1,0,1
110900090,0,0,0
110900091,0,0,0
110900093,0,0,0
110900095,0,7,-7
110900097,0,3,-3
110900098,1,20,-19
110900099,7,94,-87
110900100,0,0,0
110900102,0,1,-1
110900105,121,97,24
110900108,1,14,-13
110900111,7,10,-3
110900112,0,0,0
110900113,0,0,0
110900115,0,0,0
110900116,19,617,-598
110900118,1,24,-23
110900119,1347,25,1322
110900120,1,51,-50
110900121,0,0,0
110900122,0,3,-3
110900125,0,9,-9
110900127,46,158,-112
110900128,3,8,-5
110900129,0,0,0
110900130,66,6,60
110900131,0,0,0
110900132,2,0,2
110900133,4,45,-41
110900135,5,114,-109
110900136,0,0,0
110900137,0,0,0
110900138,5,121,-116
110900139,0,5,-5
110900140,0,0,0
110900141,0,9,-9
110900142,4,34,-30
110900143,0,0,0
110900144,0,219,-219
110900145,1,0,1
110900146,12,0,12
110900147,51,97,-46
110900148,0,135,-135
110900149,0,8,-8
110900150,0,4,-4
110900151,1,15,-14
110900152,2,105,-103
110900153,0,0,0
111000001,367,140,227
111000002,304,441,-137
111000003,108,111,-3
111000004,226,604,-378
111000005,169,180,-11
111000006,414,735,-321
111000007,704,487,217
111000008,2063,1022,1041
111000009,272,567,-295
111000010,171,123,48
111000011,714,570,144
111000012,326,138,188
111000013,206,639,-433
111000014,138,165,-27
111000017,63,211,-148
111000018,63,145,-82
111000020,940,1309,-369
111000021,0,0,0
111000023,0,0,0
111000025,2099,670,1429
111000029,8,26,-18
111000030,12,32,-20
111000031,130,31,99
111000032,32,22,10
111000033,0,0,0
111000034,28,207,-179
111000037,682,305,377
111000038,405,652,-247
111000039,164,571,-407
111000040,283,650,-367
111000041,160,265,-105
111000042,2009,525,1484
111000043,8,3,5
111000044,1,1,0
111000045,35,44,-9
111000046,10,23,-13
111000047,123,151,-28
111000049,86,265,-179
111000050,640,829,-189
111000051,139,528,-389
111000052,224,621,-397
111000053,147,403,-256
111000054,107,498,-391
111000055,288,879,-591
111000056,31,248,-217
111000057,29,297,-268
111000058,17,33,-16
111000059,37,76,-39
111000060,114,94,20
111000061,75,77,-2
111000062,24,87,-63
111000063,97,133,-36
111000064,49,89,-40
111000065,70,117,-47
111000066,60,89,-29
111000067,54,241,-187
111000068,43,174,-131
111000069,651,819,-168
111000070,1028,507,521
111000071,40,416,-376
111000072,0,0,0
111000073,0,0,0
111000074,12,18,-6
111000075,3,0,3
111000076,2,1,1
111000077,172,189,-17
111000078,436,527,-91
111000079,289,216,73
111000080,68,183,-115
111000081,879,573,306
111000082,134,209,-75
111000084,111,194,-83
111000085,121,174,-53
111000086,91,173,-82
111000087,75,139,-64
111000088,132,192,-60
111000089,94,250,-156
111000090,545,435,110
111000091,129,249,-120
111000092,170,392,-222
111000093,27,146,-119
111000094,134,220,-86
111000095,43,424,-381
111000096,566,1867,-1301
111000097,2698,292,2406
111000098,183,567,-384
111000099,79,1087,-1008
111000100,84,1055,-971
111000101,104,387,-283
111000102,26,436,-410
111000104,4,0,4
111000107,12,365,-353
111000109,0,0,0
111000110,24,6,18
111000111,31,10,21
111000112,26,9,17
111000113,26,14,12
111000114,38,28,10
111000115,1710,175,1535
111000116,62,120,-58
111000117,57,239,-182
111000118,151,147,4
111000119,103,273,-170
111000120,32,102,-70
111000121,10,105,-95
111000122,78,382,-304
111000123,74,1100,-1026
111000124,100,1475,-1375
111000125,33,834,-801
111000126,12,423,-411
111000127,0,0,0
111000128,6,0,6
111000129,2,4,-2
111000130,19,86,-67
111000131,49,76,-27
111000132,1,0,1
111000133,7,18,-11
111000134,6,13,-7
111000135,5,48,-43
111000136,13,49,-36
111000138,0,0,0
111000140,2,5,-3
111000141,25,168,-143
111000142,9,64,-55
111000143,3,44,-41
111000144,0,65,-65
111000145,0,0,0
111000146,0,0,0
111000147,0,0,0
111000148,1,31,-30
111000149,4,24,-20
111000150,0,0,0
111000151,7,20,-13
111000153,91,116,-25
111000154,17,95,-78
111000155,10,67,-57
111000156,0,0,0
111000157,1,0,1
111000158,4,1,3
111000159,3,0,3
111000160,0,5,-5
111000161,0,0,0
111000162,3,49,-46
111000163,83,281,-198
111000164,315,738,-423
111000165,355,183,172
111000166,285,73,212
111000167,64,182,-118
111000168,56,86,-30
111000169,20,80,-60
111000170,45,92,-47
111000171,39,192,-153
111000172,7,153,-146
111000173,23,412,-389
111000174,13,185,-172
111000175,5,62,-57
111000176,8,46,-38
111000177,6,76,-70
111000178,60,143,-83
111000179,5,69,-64
111000180,45,73,-28
111000181,56,71,-15
111000182,8,37,-29
111000183,25,38,-13
111000184,17,30,-13
111000185,37,159,-122
111000186,36,103,-67
111000187,8,116,-108
111000188,9,147,-138
111000189,490,150,340
111000190,50,192,-142
111000191,24,187,-163
111000192,45,289,-244
111000193,130,177,-47
111000194,8,161,-153
111000195,6,183,-177
111000196,5,126,-121
111000197,0,0,0
111000198,0,0,0
111000199,0,0,0
111000200,0,0,0
111000201,0,0,0
111000202,0,0,0
111000203,0,0,0
111000204,0,0,0
111000213,1,17,-16
111000214,112,361,-249
111000215,99,450,-351
111000217,98,229,-131
111000218,97,258,-161
111000219,87,174,-87
111000220,40,260,-220
111000221,0,0,0
111000224,94,133,-39
111000225,21,40,-19
111000226,0,0,0
111000227,0,0,0
111000228,12,62,-50
111000229,7,103,-96
111000230,0,0,0
111000231,0,0,0
111000232,73,363,-290
111000233,65,400,-335
111000234,8,109,-101
111000239,101,88,13
111000240,0,0,0
111000241,13,214,-201
111000242,0,0,0
111000243,17,628,-611
111000244,0,0,0
111000245,2,2,0
111000246,1,11,-10
111000247,44,591,-547
111000248,4,10,-6
111000249,123,375,-252
111000250,2,25,-23
111000251,1,24,-23
111000253,0,0,0
111000255,0,0,0
111000257,0,0,0
111000260,30,626,-596
111000261,22,2,20
111000271,5,108,-103
111000273,1592,212,1380
111000274,243,394,-151
111000275,0,0,0
111000276,52,775,-723
111000277,17,135,-118
111000278,53,38,15
111000291,20,208,-188
111000298,17,17,0
111000299,2,0,2
111000300,1,100,-99
111000302,3,4,-1
111000303,12,57,-45
111000312,3,11,-8
111000315,17,274,-257
111000320,61,91,-30
111000321,28,7,21
111000322,8,83,-75
111000323,4,4,0
111000324,0,0,0
111000325,2,34,-32
111000326,10,83,-73
111000327,25,82,-57
111000328,28,87,-59
111000329,4,30,-26
111000330,2,2,0
111000331,2,0,2
111000332,69,296,-227
111000334,104,748,-644
111000335,74,57,17
111000337,67,293,-226
111000338,2,63,-61
111000339,30,333,-303
111000340,15,325,-310
111000341,92,61,31
111000342,20,124,-104
111000344,125,162,-37
111000345,2,0,2
111000346,3,36,-33
111000347,10,0,10
111000350,8,1,7
111000351,23,47,-24
111000352,5,1,4
111000353,11,48,-37
111000354,4,1,3
111000355,30,149,-119
111000358,7,680,-673
111000360,4,410,-406
111000361,7,170,-163
111000546,70,395,-325
111000547,8,170,-162
111000548,44,140,-96
111000549,13,64,-51
111000550,13,136,-123
111000551,108,25,83
111000552,8,2,6
111000907,1,10,-9
111000908,0,0,0
111000916,107,142,-35
111000917,15,137,-122
111000918,4,447,-443
111000920,0,0,0
111000921,5,299,-294
111000922,58,254,-196
111000924,15,508,-493
111000925,193,516,-323
111000926,441,1670,-1229
111000927,1398,1196,202
111000928,4069,1865,2204
111000929,146,201,-55
111000930,239,1311,-1072
111000931,268,495,-227
111000932,1627,1254,373
111000933,435,258,177
111000934,992,1380,-388
111000935,97,224,-127
111000936,204,1019,-815
111000937,156,125,31
111000938,475,1405,-930
111000939,1,0,1
111000940,33,93,-60
111000941,4,138,-134
111000943,16,55,-39
111000944,5,111,-106
111000945,3,1374,-1371
111001109,4,0,4
111001110,56,384,-328
111001111,3,4,-1
111001112,23,1,22
111001113,0,96,-96
111001114,0,0,0
111001115,42,177,-135
111001116,681,86,595
111001117,470,363,107
111001120,13,107,-94
111001121,28,97,-69
111001122,18,266,-248
111001123,0,0,0
111001124,3,55,-52
111001125,0,2,-2
111900001,0,14,-14
111900002,0,54,-54
111900003,0,32,-32
111900004,1,13,-12
111900006,0,0,0
111900007,0,0,0
111900008,0,0,0
111900009,0,13,-13
111900010,43,78,-35
111900012,23,11,12
111900013,0,8,-8
111900014,857,69,788
111900015,0,8,-8
111900016,0,41,-41
111900017,0,33,-33
111900018,0,0,0
111900019,0,5,-5
111900020,0,2,-2
111900021,3,15,-12
111900022,5,7,-2
111900023,19,6,13
111900024,1,46,-45
111900025,0,15,-15
111900026,0,7,-7
111900027,1,15,-14
111900028,0,141,-141
111900029,0,7,-7
111900030,0,0,0
111900031,0,31,-31
111900032,0,130,-130
111900033,0,2,-2
111900034,0,0,0
111900035,1,33,-32
111900036,1,100,-99
111900038,0,0,0
111900039,3,77,-74
111900040,1,130,-129
111900042,3,10,-7
111900043,0,89,-89
111900044,0,0,0
111900046,11,42,-31
111900048,2,216,-214
111900049,2,71,-69
111900050,1,0,1
111900051,2,56,-54
111900052,70,113,-43
111900053,0,0,0
111900054,1,0,1
111900055,3,187,-184
111900056,0,0,0
111900057,0,8,-8
111900058,0,221,-221
111900059,0,0,0
111900060,3,0,3
111900061,0,60,-60
111900062,0,0,0
111900063,3,11,-8
111900064,26,72,-46
111900065,0,0,0
111900066,0,0,0
111900067,1,35,-34
111900068,0,0,0
111900069,0,0,0
111900070,0,0,0
111900071,1,43,-42
111900072,0,0,0
111900073,1,2,-1
111900074,0,7,-7
111900075,0,0,0
111900076,1,1,0
111900077,0,0,0
111900078,1,0,1
111900079,0,0,0
111900080,0,0,0
111900082,0,0,0
111900083,2,0,2
111900084,0,0,0
111900085,0,0,0
111900086,0,0,0
111900087,0,0,0
111900088,2,0,2
111900089,0,0,0
111900090,0,0,0
111900091,3,0,3
111900092,0,0,0
111900093,0,0,0
111900094,0,0,0
111900095,0,0,0
111900096,3,0,3
111900097,0,0,0
111900098,1,0,1
111900099,0,0,0
111900100,0,0,0
111900101,0,0,0
111900102,2,157,-155
111900103,0,0,0
111900104,0,0,0
111900105,0,0,0
111900106,116,0,116
111900110,306,6,300
111900111,0,13,-13
111900112,0,0,0
111900113,2,0,2
111900118,0,0,0
111900119,0,0,0
111900122,0,0,0
111900123,0,0,0
111900124,0,6,-6
111900125,0,0,0
111900126,0,0,0
111900127,0,0,0
111900128,0,0,0
111900129,0,0,0
111900130,0,0,0
111900131,0,0,0
111900132,0,0,0
111900133,0,0,0
111900134,12,54,-42
111900135,0,0,0
111900136,0,0,0
111900137,10,2,8
111900138,2,14,-12
111900139,9,50,-41
111900140,0,0,0
111900141,0,0,0
111900142,0,0,0
111900143,0,49,-49
111900144,0,25,-25
111900145,0,97,-97
111900146,1,35,-34
111900147,13,49,-36
111900148,2,77,-75
111900149,1,30,-29
111900150,0,13,-13
111900151,0,6,-6
111900152,6,1,5
111900153,6,0,6
111900154,0,0,0
111900155,0,0,0
111900156,0,0,0
111900157,0,0,0
111900158,0,0,0
111900159,0,0,0
111900160,0,0,0
111900161,0,0,0
111900162,0,0,0
111900163,0,0,0
111900164,0,0,0
111901113,0,27,-27
111901114,0,1,-1
111901115,0,0,0
111901116,0,0,0
111901117,0,0,0
111901118,0,0,0
111901119,0,0,0
111901121,8,34,-26
111901122,1,88,-87
111901123,0,63,-63
111901124,0,0,0
111901125,0,0,0
111901127,2,0,2
111901128,1,1,0
111901129,1,0,1
111901130,0,2,-2
111901131,0,43,-43
111901132,0,0,0
111901133,0,0,0
111901134,0,0,0
111901135,0,0,0
111901136,0,0,0
111901137,0,0,0
111901138,0,0,0
111901139,0,0,0
111901140,0,0,0
111901141,0,0,0
111901142,0,0,0
111901143,0,0,0
111901144,0,0,0
111901145,0,0,0
111901146,2,0,2
112000001,238,249,-11
112000002,359,1009,-650
112000003,176,242,-66
112000004,125,782,-657
112000005,344,322,22
112000006,492,1079,-587
112000007,171,193,-22
112000008,275,491,-216
112000009,909,1258,-349
112000010,230,333,-103
112000011,420,1125,-705
112000012,496,511,-15
112000013,3027,1338,1689
112000014,178,123,55
112000015,479,821,-342
112000016,168,175,-7
112000017,295,593,-298
112000024,695,304,391
112000026,1535,2384,-849
112000027,13,39,-26
112000028,621,1087,-466
112000029,28,36,-8
112000030,94,45,49
112000031,441,378,63
112000032,596,34,562
112000033,603,112,491
112000034,144,13,131
112000035,18,85,-67
112000036,96,72,24
112000037,59,347,-288
112000038,114,128,-14
112000039,0,0,0
112000040,13,70,-57
112000041,27,59,-32
112000042,165,101,64
112000050,0,2,-2
112000051,19,44,-25
112000054,778,661,117
112000057,175,75,100
112000058,117,107,10
112000059,49,8,41
112000061,2423,507,1916
112000062,1088,70,1018
112000063,111,77,34
112000064,2582,2429,153
112000065,868,1120,-252
112000066,37,7,30
112000067,183,272,-89
112000068,12,4,8
112000069,137,1396,-1259
112000070,55,18,37
112000071,127,1541,-1414
112000072,54,47,7
112000073,223,621,-398
112000074,6,120,-114
112000075,23,89,-66
112000076,380,551,-171
112000077,56,336,-280
112000078,77,235,-158
112000079,205,524,-319
112000080,39,277,-238
112000081,511,678,-167
112000082,27,41,-14
112000083,121,513,-392
112000084,30,14,16
112000085,132,424,-292
112000086,24,52,-28
112000087,38,279,-241
112000088,14,39,-25
112000089,24,181,-157
112000090,6,20,-14
112000091,187,706,-519
112000092,108,154,-46
112000093,378,654,-276
112000094,26,117,-91
112000095,92,382,-290
112000096,28,116,-88
112000097,20,28,-8
112000098,215,686,-471
112000099,32,14,18
112000100,49,69,-20
112000101,108,542,-434
112000102,46,34,12
112000103,44,730,-686
112000105,114,959,-845
112000106,32,22,10
112000107,0,1,-1
112000108,16,288,-272
112000109,1,0,1
112000110,82,43,39
112000111,339,2822,-2483
112000112,159,56,103
112000113,406,1483,-1077
112000114,48,31,17
112000115,12,121,-109
112000116,5,157,-152
112000117,2,115,-113
112000118,114,371,-257
112000119,72,334,-262
112000120,22,228,-206
112000121,0,0,0
112000122,0,0,0
112000123,0,0,0
112000124,0,0,0
112000125,0,0,0
112000126,0,0,0
112000127,373,95,278
112000128,276,104,172
112000129,4,34,-30
112000130,12,21,-9
112000131,1,118,-117
112000132,8,142,-134
112000133,4,80,-76
112000134,38,199,-161
112000135,37,12,25
112000136,194,501,-307
112000137,34,14,20
112000138,234,583,-349
112000139,3,3,0
112000140,123,399,-276
112000141,5,3,2
112000142,35,383,-348
112000143,25,5,20
112000144,34,782,-748
112000145,14,1,13
112000146,169,1245,-1076
112000147,6,0,6
112000148,150,896,-746
112000149,0,0,0
112000150,19,129,-110
112000151,0,0,0
112000152,18,70,-52
112000153,0,17,-17
112000154,13,37,-24
112000155,22,13,9
112000157,113,87,26
112000158,4,61,-57
112000159,19,105,-86
112000167,21,3,18
112000169,31,89,-58
112000173,4,88,-84
112000175,9,38,-29
112000176,2043,680,1363
112000177,3,6,-3
112000178,0,9,-9
112000179,3,16,-13
112000180,42,83,-41
112000181,224,823,-599
112000182,22,485,-463
112000183,0,0,0
112000184,0,0,0
112000185,30,152,-122
112000187,415,737,-322
112000195,0,0,0
112000196,0,0,0
112000197,0,0,0
112000198,0,6,-6
112000199,61,136,-75
112000202,0,4,-4
112000216,7,12,-5
112000230,0,0,0
112000231,0,12,-12
112000256,0,0,0
112000313,24,34,-10
112000314,2,0,2
112000337,10,220,-210
112000352,11,15,-4
112000392,273,138,135
112000398,115,93,22
112000399,44,102,-58
112000400,458,1339,-881
112000401,1578,986,592
112000402,159,296,-137
112000403,45,207,-162
112000404,60,74,-14
112000405,115,259,-144
112000406,897,1225,-328
112000407,560,499,61
112000408,3328,2606,722
112000409,363,1909,-1546
112000410,0,0,0
112000411,442,66,376
112000412,159,31,128
112000413,227,7,220
112000414,4,22,-18
112000415,0,0,0
112000416,192,143,49
112000417,0,0,0
112000421,5,24,-19
112000422,32,63,-31
112000424,302,230,72
112000425,92,538,-446
112000426,17,92,-75
112000427,0,2,-2
112000428,2,64,-62
112000429,390,829,-439
112000430,588,1258,-670
112000431,0,0,0
112000432,147,1024,-877
112000433,161,107,54
112000437,2,49,-47
112900001,0,0,0
112900002,0,0,0
112900003,10,50,-40
112900004,0,80,-80
112900005,0,43,-43
112900006,1,139,-138
112900007,0,0,0
112900008,0,0,0
112900009,0,0,0
112900010,2,92,-90
112900011,31,11,20
112900012,0,11,-11
112900013,0,0,0
112900014,0,29,-29
112900015,85,499,-414
112900016,0,42,-42
112900017,0,0,0
112900018,0,74,-74
112900019,4,11,-7
112900020,159,680,-521
112900021,0,97,-97
112900022,0,0,0
112900023,0,39,-39
112900024,1,44,-43
112900025,0,0,0
112900026,0,45,-45
112900027,0,0,0
112900028,0,27,-27
112900029,0,0,0
112900030,24,33,-9
112900031,0,0,0
112900032,5,11,-6
112900034,0,0,0
112900035,0,0,0
112900036,10,14,-4
112900037,0,0,0
112900038,0,17,-17
112900039,0,0,0
112900040,1,10,-9
112900041,246,72,174
112900042,6,75,-69
112900043,0,6,-6
112900044,49,62,-13
112900045,0,0,0
112900046,16,8,8
112900047,1,1,0
112900049,0,18,-18
112900050,25,170,-145
112900051,70,228,-158
112900052,1,224,-223
112900053,14,92,-78
112900054,0,0,0
112900055,0,0,0
112900056,0,0,0
112900057,0,235,-235
112900058,5,5,0
112900059,4,6,-2
112900060,0,38,-38
112900061,2,14,-12
112900062,2,14,-12
112900063,0,0,0
112900064,7,4,3
112900065,0,0,0
112900066,4,2,2
112900067,78,11,67
112900068,0,0,0
112900069,190,10,180
112900071,0,0,0
112900072,2,33,-31
112900073,2,2,0
112900074,0,0,0
112900075,2,3,-1
112900076,0,0,0
112900078,0,0,0
112900079,0,0,0
112900080,1,0,1
112900081,4,6,-2
112900082,1,0,1
112900083,1,0,1
112900084,0,0,0
112900086,0,0,0
112900087,6,0,6
112900088,0,0,0
112900089,13,0,13
112900090,0,0,0
112900091,0,0,0
112900092,0,0,0
112900093,0,0,0
112900095,0,0,0
112900096,5,3,2
112900097,0,45,-45
112900098,0,0,0
112900099,15,0,15
112900100,0,0,0
112900101,0,0,0
112900102,0,0,0
112900103,0,0,0
112900104,0,0,0
112900105,0,0,0
112900106,4,2,2
112900107,0,0,0
112900108,0,0,0
112900109,0,0,0
112900110,0,0,0
112900111,0,0,0
112900112,0,0,0
112900113,0,3,-3
112900114,0,1,-1
112900115,10,0,10
112900116,0,4,-4
112900117,4,4,0
112900118,2,7,-5
112900119,0,0,0
112900120,149,72,77
112900121,19,15,4
112900122,4,28,-24
112900123,0,0,0
112900124,0,20,-20
112900125,1,0,1
112900126,7,35,-28
112900127,0,0,0
112900128,68,267,-199
112900129,0,409,-409
112900130,0,0,0
112900131,11,103,-92
112900132,14,110,-96
112900133,4,207,-203
112900134,0,119,-119
112900135,0,0,0
112900137,0,225,-225
112900138,1,205,-204
112900139,86,449,-363
112900141,29,5,24
112900142,0,0,0
112900143,14,185,-171
112900144,0,57,-57
112900145,8,168,-160
112900146,1,176,-175
112900147,3,940,-937
112900148,2,0,2
112900149,3,60,-57
112900151,0,0,0
112900152,697,103,594
112900153,14,3,11
112900154,0,0,0
112900155,0,0,0
112900156,2,229,-227
112900157,12,4,8
112900158,0,2,-2
112900159,0,10,-10
112900160,3,31,-28
112900161,0,0,0
112900162,2,0,2
112900163,0,0,0
112900164,0,0,0
112900165,1,3,-2
112900166,0,0,0
112900167,0,0,0
112900168,0,0,0
112900169,0,0,0
112900170,0,0,0
112900172,0,0,0
112900173,14,8,6
112900174,0,0,0
112900175,0,0,0
112900176,0,0,0
112900177,0,0,0
112900178,0,0,0
112900179,4,98,-94
112900180,0,467,-467
112900181,0,0,0
112900182,1,45,-44
112900183,5,0,5
112900184,82,81,1
112900185,1,13,-12
112900186,216,73,143
112900187,0,0,0
112900188,317,46,271
112900189,0,2,-2
112900190,0,7,-7
112900192,31,14,17
112900193,85,32,53
112900194,0,9,-9
112900195,23,2,21
112900196,54,222,-168
112900197,29,221,-192
112900199,0,0,0
112900200,0,0,0
112900201,0,0,0
112900202,1,117,-116
112900203,0,0,0
112900204,18,13,5
112900205,0,2,-2
112900206,0,6,-6
112900207,0,1,-1
112900208,2,2,0
112900209,38,111,-73
112900210,0,2,-2
112900211,0,3,-3
112900212,0,0,0
112900213,0,0,0
112900214,0,1,-1
112900215,0,42,-42
112900216,4,4,0
112900217,0,31,-31
112900218,0,0,0
112900219,0,11,-11
112900220,0,0,0
112900221,0,0,0
112900222,0,0,0
112900223,54,0,54
112900224,4,245,-241
112900225,3,231,-228
112900226,10,1,9
112900227,2,400,-398
112900228,0,2,-2
112900229,0,0,0
112900230,2424,433,1991
112900232,11,12,-1
112900233,1,71,-70
112900234,0,10,-10
112900235,0,0,0
112900236,0,2,-2
112900237,0,62,-62
112900238,0,1,-1
112900239,61,38,23
113000001,1566,1324,242
113000002,701,530,171
113000003,871,407,464
113000004,740,371,369
113000005,298,291,7
113000006,133,189,-56
113000007,345,431,-86
113000008,273,243,30
113000009,298,367,-69
113000010,240,218,22
113000011,173,781,-608
113000012,269,144,125
113000013,284,165,119
113000014,163,296,-133
113000015,28,54,-26
113000016,57,159,-102
113000017,7,119,-112
113000018,9,3,6
113000019,3,188,-185
113000020,0,0,0
113000021,87,356,-269
113000022,79,641,-562
113000025,6,61,-55
113000026,8,63,-55
113000027,23,72,-49
113000028,195,141,54
113000029,17,7,10
113000030,604,387,217
113000031,496,170,326
113000032,4,5,-1
113000033,18,12,6
113000034,442,197,245
113000035,12,15,-3
113000036,0,0,0
113000037,30,14,16
113000038,0,0,0
113000039,23,70,-47
113000040,17,18,-1
113000042,196,89,107
113000051,176,253,-77
113000052,793,176,617
113000053,22,173,-151
113000054,29,113,-84
113000055,72,169,-97
113000056,80,445,-365
113000058,172,330,-158
113000059,33,16,17
113000060,19,168,-149
113000061,102,130,-28
113000062,77,1,76
113000063,0,0,0
113000064,0,0,0
113000065,35,522,-487
113000066,37,24,13
113000067,92,108,-16
113000068,54,798,-744
113000069,57,478,-421
113000070,52,75,-23
113000071,54,276,-222
113000072,42,38,4
113000073,191,514,-323
113000074,96,70,26
113000075,125,63,62
113000076,513,568,-55
113000077,84,21,63
113000078,250,666,-416
113000079,333,226,107
113000080,31,33,-2
113000081,17,41,-24
113000082,501,301,200
113000083,12,30,-18
113000084,409,337,72
113000085,57,60,-3
113000086,211,360,-149
113000087,49,68,-19
113000088,835,369,466
113000089,52,141,-89
113000090,5,83,-78
113000091,647,114,533
113000094,65,22,43
113000095,88,713,-625
113000096,66,505,-439
113000097,31,13,18
113000098,0,0,0
113000099,61,38,23
113000100,60,282,-222
113000101,117,208,-91
113000102,10,22,-12
113000103,391,270,121
113000104,2,16,-14
113000105,4,4,0
113000106,52,224,-172
113000107,50,41,9
113000108,142,547,-405
113000109,128,297,-169
113000110,78,21,57
113000111,21,88,-67
113000112,12,20,-8
113000113,134,5,129
113000114,161,205,-44
113000116,127,72,55
113000117,135,36,99
113000118,10,14,-4
113000119,22,93,-71
113000120,1,18,-17
113000121,59,235,-176
113000124,5,16,-11
113000125,0,0,0
113000127,1237,193,1044
113000128,20,42,-22
113000129,736,342,394
113000133,2205,447,1758
113000134,11,217,-206
113000135,101,107,-6
113000137,27,30,-3
113000139,28,15,13
113000140,203,263,-60
113000141,17,7,10
113000142,265,401,-136
113000143,11,6,5
113000144,167,182,-15
113000145,1,1,0
113000146,29,61,-32
113000147,27,89,-62
113000148,1,1,0
113000149,2,12,-10
113000150,143,103,40
113000151,103,46,57
113000152,7,15,-8
113000153,539,78,461
113000154,152,214,-62
113000155,91,89,2
113000156,34,101,-67
113000157,81,241,-160
113000158,274,78,196
113000159,341,176,165
113000160,176,363,-187
113000161,24,138,-114
113000162,236,187,49
113000163,0,0,0
113000164,14,89,-75
113000166,0,0,0
113000167,22,184,-162
113000168,19,265,-246
113000169,0,0,0
113000170,0,0,0
113000171,44,143,-99
113000172,5,0,5
113000173,0,0,0
113000174,58,643,-585
113000175,3,0,3
113000176,1,0,1
113000177,64,488,-424
113000178,35,374,-339
113000179,0,0,0
113000180,79,221,-142
113000181,132,436,-304
113000182,43,20,23
113000183,99,255,-156
113000184,17,66,-49
113000189,70,107,-37
113000190,334,87,247
113000192,601,375,226
113000193,617,261,356
113000194,307,347,-40
113000195,209,90,119
113000196,15,31,-16
113000197,128,101,27
113000198,7,72,-65
113000199,24,25,-1
113000201,11,46,-35
113000202,843,177,666
113000203,0,0,0
113000204,324,396,-72
113000205,11,17,-6
113000206,0,0,0
113000207,9,16,-7
113000208,0,0,0
113000209,2,16,-14
113000210,0,0,0
113000211,38,14,24
113000212,52,4,48
113000213,0,10,-10
113000214,21,81,-60
113000234,30,595,-565
113000410,12,15,-3
113000411,910,1355,-445
113000412,4175,840,3335
113000413,2027,860,1167
113000414,4446,1186,3260
113000415,1378,1321,57
113000416,5640,1636,4004
113000417,1154,1199,-45
113000418,838,942,-104
113000419,657,630,27
113000420,2326,1302,1024
113000421,909,664,245
113000422,9006,1348,7658
113000423,2546,1172,1374
113000424,2222,1266,956
113000425,11,60,-49
113000428,2,6,-4
113000430,4,1,3
113000432,51,9,42
113000433,38,423,-385
113000434,9,271,-262
113000435,6,404,-398
113000436,33,523,-490
113000437,0,0,0
113000438,0,0,0
113000439,12,145,-133
113000440,0,0,0
113000441,1,5,-4
113000442,34,207,-173
113000443,3,11,-8
113000444,22,184,-162
113000445,2,7,-5
113000446,11,47,-36
113000448,104,45,59
113000449,11,1,10
113000450,57,24,33
113000451,453,59,394
113000452,0,1,-1
113000453,53,121,-68
113000454,0,0,0
113000455,36,75,-39
113000456,302,207,95
113000468,161,14,147
113000469,29,17,12
113000470,0,0,0
113000471,0,0,0
113000472,16,59,-43
113000474,41,190,-149
113000475,270,471,-201
113000476,199,839,-640
113000477,482,1015,-533
113000478,915,1516,-601
113000479,6,221,-215
113000480,10,10,0
113000484,0,0,0
113000485,0,0,0
113000486,0,0,0
113000487,0,0,0
113000488,0,0,0
113000489,0,0,0
113000490,0,0,0
113000491,0,0,0
113000492,0,0,0
113000493,0,0,0
113000495,43,132,-89
113000496,1,2,-1
113000499,0,0,0
113900001,0,0,0
113900002,0,0,0
113900003,0,0,0
113900004,0,0,0
113900005,0,0,0
113900006,0,0,0
113900007,0,0,0
113900008,0,0,0
113900009,0,0,0
113900010,0,0,0
113900011,0,0,0
113900012,0,0,0
113900013,0,0,0
113900014,0,0,0
113900015,0,16,-16
113900016,0,0,0
113900017,0,0,0
113900018,28,5,23
113900019,1,0,1
113900020,0,0,0
113900022,0,0,0
113900023,0,0,0
113900024,2,17,-15
113900025,0,0,0
113900026,0,0,0
113900027,0,0,0
113900028,0,0,0
113900029,1,32,-31
113900030,0,0,0
113900031,0,0,0
113900032,0,0,0
113900033,3,9,-6
113900035,0,0,0
113900036,0,0,0
113900037,0,0,0
113900038,10,2,8
113900039,0,0,0
113900040,0,0,0
113900041,0,0,0
113900042,1,1,0
113900043,12,19,-7
113900044,0,0,0
113900045,0,0,0
113900046,32,93,-61
113900047,0,0,0
113900048,94,9,85
113900049,86,3,83
113900050,20,30,-10
113900051,9,59,-50
113900052,0,0,0
113900053,0,0,0
113900054,0,0,0
113900055,10,122,-112
113900056,0,0,0
113900057,1,4,-3
113900058,0,24,-24
113900059,6,63,-57
113900060,0,0,0
113900061,0,0,0
113900062,0,0,0
113900063,0,0,0
113900064,0,20,-20
113900065,0,0,0
113900066,8,66,-58
113900067,0,0,0
113900068,0,0,0
113900069,0,0,0
113900070,5,113,-108
113900071,0,0,0
113900072,1,27,-26
113900073,8,53,-45
113900074,0,0,0
113900075,0,0,0
113900076,0,0,0
113900077,2,56,-54
113900078,0,0,0
113900079,0,5,-5
113900080,0,0,0
113900081,1,35,-34
113900082,1,47,-46
113900083,0,0,0
113900084,0,0,0
113900085,2,105,-103
113900086,0,0,0
113900087,0,0,0
113900088,0,0,0
113900089,0,0,0
113900090,2,0,2
113900091,0,0,0
113900092,0,7,-7
113900093,1,68,-67
113900094,0,0,0
113900095,0,0,0
113900096,0,0,0
113900097,0,7,-7
113900098,0,0,0
113900099,0,0,0
113900100,0,0,0
113900101,0,1,-1
113900102,1,8,-7
113900103,0,0,0
113900104,0,0,0
113900105,1,41,-40
113900106,0,0,0
113900107,0,0,0
113900108,2,22,-20
113900109,2,24,-22
113900110,0,0,0
113900111,0,0,0
113900112,3,9,-6
113900113,16,6,10
113900114,0,0,0
113900115,0,0,0
113900116,0,16,-16
113900117,2,1,1
113900118,0,0,0
113900119,0,0,0
113900120,0,0,0
113900121,0,0,0
113900122,0,0,0
113900123,6,0,6
113900124,0,0,0
113900125,3,21,-18
113900126,4,5,-1
113900127,5,20,-15
113900128,0,0,0
113900129,0,0,0
113900130,0,0,0
113900131,5,9,-4
113900132,0,0,0
113900133,3,3,0
113900135,25,101,-76
113900136,11,7,4
113900137,7,4,3
113900138,0,0,0
113900139,129,9,120
113900140,0,0,0
113900141,8,53,-45
113900142,1,7,-6
113900143,2,0,2
113900144,0,1,-1
113900145,5,13,-8
113900146,2,3,-1
113900148,6,14,-8
113900149,0,0,0
113900150,308,150,158
113900151,2,16,-14
113900152,1,1,0
113900153,89,33,56
113900154,0,0,0
113900155,46,9,37
113900156,24,154,-130
113900157,0,3,-3
113900158,60,16,44
113900159,0,0,0
113900160,62,180,-118
113900161,0,5,-5
113900162,112,69,43
113900163,25,26,-1
113900164,0,0,0
113900165,106,119,-13
113900166,14,7,7
113900167,0,0,0
113900168,21,18,3
113900169,23,116,-93
113900171,0,0,0
113900172,3,55,-52
113900173,4,101,-97
113900174,25,220,-195
113900175,0,0,0
113900176,52,216,-164
113900177,16,17,-1
113900178,0,0,0
113900179,1,100,-99
113900180,17,11,6
113900181,0,0,0
113900182,46,205,-159
113900183,7,12,-5
113900184,3,84,-81
113900185,8,10,-2
113900186,2,6,-4
113900187,2,27,-25
113900188,3,14,-11
113900189,0,0,0
113900190,71,28,43
113900191,4,15,-11
113900192,0,3,-3
113900193,3,41,-38
113900194,173,104,69
113900195,56,93,-37
113900196,1,19,-18
113900197,0,66,-66
113900198,0,22,-22
113900199,42,116,-74
113900200,1,22,-21
113900201,0,59,-59
113900202,5,21,-16
113900203,0,74,-74
113900204,6,104,-98
113900205,4,13,-9
113900206,0,10,-10
113900207,0,6,-6
113900208,0,6,-6
113900209,0,14,-14
113900210,86,44,42
113900211,2,0,2
113900212,0,97,-97
113900214,88,53,35
113900215,0,30,-30
113900216,0,116,-116
113900217,0,0,0
113900218,0,0,0
113900219,11,54,-43
113900220,0,0,0
113900221,0,0,0
113900222,0,10,-10
113900223,1,99,-98
113900224,23,15,8
113900225,0,0,0
113900226,3,1,2
113900227,0,0,0
113900228,15,6,9
113900229,0,9,-9
113900230,288,63,225
113900231,14,23,-9
113900232,4,16,-12
113900233,1,1,0
113900234,6,22,-16
113900235,0,0,0
113900236,0,0,0
113900237,0,0,0
113900238,1,8,-7
113900239,0,0,0
113900240,0,3,-3
113900241,14,5,9
113900242,2,14,-12
113900243,11,40,-29
113900244,109,10,99
113900245,221,14,207
113900246,0,0,0
113900247,56,24,32
113900248,413,44,369
113900249,0,0,0
113900250,0,0,0
113900251,0,34,-34
113900252,0,0,0
113900253,0,0,0
113900254,0,0,0
113900255,0,0,0
113900256,0,0,0
113900257,20,127,-107
113900258,2,92,-90
113900259,0,34,-34
113900260,0,4,-4
113900261,0,50,-50
113900262,2,124,-122
113900263,5,73,-68
113900264,1,119,-118
113900265,27,74,-47
113900266,4,88,-84
113900267,4,47,-43
113900268,0,0,0
113900269,6,35,-29
113900270,18,90,-72
113900271,39,390,-351
113900273,0,0,0
113900274,0,0,0
113900275,1,10,-9
113900276,1,62,-61
113900277,0,0,0
113900278,28,10,18
113900279,2,18,-16
113900280,48,45,3
113900281,13,79,-66
113900282,58,12,46
113900283,0,0,0
113900284,0,10,-10
113900285,0,5,-5
113900286,0,0,0
113900287,3,8,-5
113900288,1,16,-15
113900289,164,2,162
113900290,69,4,65
113900291,10,31,-21
113900292,0,0,0
113900293,0,60,-60
113900294,0,0,0
113900295,22,20,2
113900296,14,3,11
113900297,0,1,-1
113900298,1,397,-396
113900299,0,0,0
113900300,521,11,510
113900301,0,0,0
113900302,1,3,-2
113900303,35,6,29
113900304,1,49,-48
113900305,0,0,0
113900306,0,0,0
113900307,0,0,0
113900308,11,30,-19
113900309,0,192,-192
113900310,0,0,0
113900311,0,0,0
113900312,0,2,-2
113900313,0,0,0
114000001,328,996,-668
114000002,0,0,0
114000003,0,0,0
114000004,9,46,-37
114000005,6,6,0
114000006,362,620,-258
114000007,59,482,-423
114000008,178,292,-114
114000009,10,7,3
114000011,638,938,-300
114000012,268,966,-698
114000013,234,742,-508
114000014,97,235,-138
114000015,76,153,-77
114000016,43,126,-83
114000017,21,21,0
114000018,113,8,105
114000026,137,598,-461
114000027,266,660,-394
114000028,380,533,-153
114000038,2,5,-3
114000039,26,61,-35
114000040,17,26,-9
114000042,37,75,-38
114000043,0,25,-25
114000044,2,31,-29
114000045,8,45,-37
114000046,356,1343,-987
114000047,1,3,-2
114000048,2,9,-7
114000049,81,111,-30
114000050,43,102,-59
114000051,215,226,-11
114000052,132,100,32
114000053,1,48,-47
114000054,6,141,-135
114000055,5,3,2
114000056,193,215,-22
114000057,2608,866,1742
114000058,38,20,18
114000059,70,52,18
114000060,92,334,-242
114000061,308,48,260
114000062,123,37,86
114000063,741,878,-137
114000064,2885,673,2212
114000065,503,902,-399
114000066,47,209,-162
114000067,0,0,0
114000068,20,35,-15
114000069,39,43,-4
114000070,251,77,174
114000071,15,92,-77
114000072,16,91,-75
114000073,0,0,0
114000074,1,10,-9
114000075,0,0,0
114000076,0,0,0
114000077,0,0,0
114000078,5,129,-124
114000079,13,8,5
114000080,3,2,1
114000081,0,0,0
114000082,26,188,-162
114000083,24,132,-108
114000084,3,2,1
114000085,25,325,-300
114000086,21,328,-307
114000087,3,75,-72
114000088,0,0,0
114000089,207,120,87
114000090,33,21,12
114000091,137,74,63
114000092,127,73,54
114000093,55,125,-70
114000094,55,61,-6
114000095,0,0,0
114000096,5,243,-238
114000097,3,239,-236
114000098,0,0,0
114000099,8,182,-174
114000100,9,104,-95
114000101,42,385,-343
114000102,0,0,0
114000103,14,66,-52
114000104,2,41,-39
114000105,4,13,-9
114000106,173,64,109
114000107,6,39,-33
114000108,1092,503,589
114000109,0,1,-1
114000110,114,563,-449
114000111,0,0,0
114000112,67,737,-670
114000113,0,0,0
114000114,276,695,-419
114000115,0,0,0
114000116,48,37,11
114000117,77,26,51
114000118,103,20,83
114000119,64,11,53
114000120,177,352,-175
114000121,91,175,-84
114000122,96,121,-25
114000123,28,9,19
114000124,3,8,-5
114000125,238,782,-544
114000126,28,2,26
114000127,2,63,-61
114000128,28,132,-104
114000130,3,1,2
114000131,0,0,0
114000132,145,307,-162
114000133,162,315,-153
114000134,8,59,-51
114000138,1,52,-51
114000139,3,0,3
114000144,5,2,3
114000145,0,50,-50
114000146,5,51,-46
114000147,7,0,7
114000148,108,16,92
114000149,2,10,-8
114000150,248,152,96
114000151,16,15,1
114000152,7,7,0
114000153,191,268,-77
114000154,118,144,-26
114000155,101,119,-18
114000156,18,48,-30
114000157,31,126,-95
114000158,725,137,588
114000159,54,48,6
114000160,17,48,-31
114000161,85,82,3
114000162,19,30,-11
114000163,0,35,-35
114000165,2,1,1
114000166,94,17,77
114000167,899,398,501
114000168,202,358,-156
114000169,203,97,106
114000170,64,82,-18
114000171,101,91,10
114000174,57,171,-114
114000176,105,214,-109
114000177,629,304,325
114000178,0,0,0
114000179,31,10,21
114000180,125,242,-117
114000181,230,373,-143
114000182,1421,894,527
114000183,475,439,36
114000184,2250,896,1354
114000185,38,27,11
114000189,0,0,0
114000190,0,0,0
114000191,0,0,0
114000192,126,624,-498
114000193,382,1504,-1122
114000194,426,450,-24
114000195,0,0,0
114000196,2,132,-130
114000197,0,12,-12
114000198,338,141,197
114000199,393,176,217
114000200,78,889,-811
114000201,26,377,-351
114000202,202,269,-67
114000203,73,268,-195
114000204,18,140,-122
114000205,16,547,-531
114000206,89,537,-448
114000207,222,1104,-882
114000208,86,1284,-1198
114000209,170,1464,-1294
114000210,97,877,-780
114000211,61,218,-157
114000212,147,231,-84
114000213,257,93,164
114000214,7,49,-42
114000215,2,29,-27
114000216,72,6,66
114000217,8,92,-84
114000218,2,61,-59
114000219,64,168,-104
114000220,9,759,-750
114000221,49,33,16
114000222,43,560,-517
114000223,0,0,0
114000224,49,316,-267
114000225,43,314,-271
114000226,5,112,-107
114000227,77,126,-49
114000228,36,199,-163
114000229,92,390,-298
114000230,70,199,-129
114000231,173,446,-273
114000232,16,17,-1
114000233,44,10,34
114000234,61,158,-97
114000235,167,540,-373
114000236,2,432,-430
114000237,23,384,-361
114000238,1,15,-14
114000239,8,522,-514
114000240,167,279,-112
114000241,48,519,-471
114000242,262,418,-156
114000243,158,117,41
114000244,3,0,3
114000245,70,439,-369
114000246,106,37,69
114000247,50,103,-53
114000248,90,90,0
114000249,39,95,-56
114000250,104,206,-102
114000251,13,136,-123
114000252,20,29,-9
114000253,0,0,0
114000254,0,21,-21
114000255,115,57,58
114000256,32,23,9
114000257,151,1074,-923
114000258,33,161,-128
114000259,8,165,-157
114000260,0,59,-59
114000261,15,1,14
114000262,5,70,-65
114000263,0,0,0
114000264,16,86,-70
114000265,0,5,-5
114000267,6,576,-570
114000268,1,844,-843
114000270,0,2,-2
114000271,65,28,37
114000283,70,111,-41
114000285,33,163,-130
114000288,8,264,-256
114000289,68,16,52
114000293,18,130,-112
114000294,5,13,-8
114000395,70,3,67
114000396,2,2,0
114000402,8,31,-23
114000403,13,32,-19
114000405,19,310,-291
114000423,8,243,-235
114000424,23,96,-73
114000425,29,326,-297
114000426,6,2,4
114000427,17,54,-37
114000428,0,0,0
114000429,2,75,-73
114000432,0,0,0
114000434,14,44,-30
114000435,0,44,-44
114900001,0,0,0
114900002,0,0,0
114900003,0,0,0
114900004,0,0,0
114900005,0,0,0
114900006,0,0,0
114900007,0,0,0
114900008,0,0,0
114900010,20,0,20
114900011,0,0,0
114900013,0,0,0
114900015,0,0,0
114900018,0,0,0
114900020,0,0,0
114900022,0,37,-37
114900024,0,0,0
114900025,0,0,0
114900026,0,0,0
114900027,0,0,0
114900029,0,0,0
114900030,0,0,0
114900031,0,0,0
114900032,0,0,0
114900033,0,0,0
114900034,0,58,-58
114900035,2,15,-13
114900036,14,176,-162
114900037,7,42,-35
114900038,15,214,-199
114900039,23,156,-133
114900040,0,15,-15
114900041,28,156,-128
114900042,22,170,-148
114900043,69,22,47
114900044,0,0,0
114900046,1,19,-18
114900047,5,105,-100
114900048,4,11,-7
114900049,1,45,-44
114900050,5,86,-81
114900051,2,89,-87
114900052,10,12,-2
114900053,4,25,-21
114900054,4,18,-14
114900057,0,0,0
114900058,0,29,-29
114900059,0,0,0
114900060,56,18,38
114900061,5,58,-53
114900062,5,27,-22
114900063,6,29,-23
114900064,25,136,-111
114900065,11,111,-100
114900067,2,39,-37
114900068,14,28,-14
114900069,5,10,-5
114900070,0,0,0
114900072,3,39,-36
114900073,1,55,-54
114900074,0,0,0
114900075,0,0,0
114900076,0,68,-68
114900080,0,0,0
114900082,2,88,-86
114900083,3,75,-72
114900090,0,0,0
114900091,4,5,-1
114900095,51,13,38
114900096,10,58,-48
114900097,0,1,-1
114900098,0,0,0
114900099,0,0,0
115000001,3462,3411,51
115000002,560,358,202
115000003,1133,2188,-1055
115000004,353,552,-199
115000005,529,1722,-1193
115000006,73,224,-151
115000007,1,2,-1
115000008,43,67,-24
115000009,10,25,-15
115000010,18,12,6
115000013,17,65,-48
115000015,41,101,-60
115000016,208,91,117
115000019,2,42,-40
115000020,0,0,0
115000021,87,126,-39
115000022,229,161,68
115000023,43,44,-1
115000024,386,155,231
115000025,45,55,-10
115000026,48,173,-125
115000027,16,36,-20
115000028,23,304,-281
115000029,15,24,-9
115000030,44,363,-319
115000031,151,49,102
115000032,2,146,-144
115000033,0,0,0
115000034,12,362,-350
115000035,0,0,0
115000036,1,174,-173
115000037,0,0,0
115000038,0,0,0
115000039,284,213,71
115000040,1065,400,665
115000041,92,298,-206
115000042,69,110,-41
115000043,342,932,-590
115000044,1569,1968,-399
115000045,394,1292,-898
115000046,86,441,-355
115000047,189,389,-200
115000048,407,1662,-1255
115000049,504,1180,-676
115000050,507,238,269
115000051,672,213,459
115000052,1658,794,864
115000053,315,195,120
115000054,198,387,-189
115000055,17,207,-190
115000056,2,26,-24
115000057,31,210,-179
115000058,2,54,-52
115000059,2,72,-70
115000061,0,0,0
115000062,10,117,-107
115000063,15,168,-153
115000064,0,0,0
115000065,8,79,-71
115000067,0,0,0
115000069,0,85,-85
115000070,3,99,-96
115000071,0,0,0
115000072,27,8,19
115000073,163,5,158
115000075,0,7,-7
115000076,661,912,-251
115000077,181,1119,-938
115000078,81,635,-554
115000079,118,781,-663
115000080,195,988,-793
115000081,46,217,-171
115000082,446,695,-249
115000083,305,1094,-789
115000084,13,37,-24
115000085,82,367,-285
115000086,10,34,-24
115000087,101,420,-319
115000088,54,12,42
115000089,736,650,86
115000090,51,26,25
115000091,52,372,-320
115000092,22,94,-72
115000093,0,0,0
115000094,1981,921,1060
115000095,1432,1383,49
115000096,46,668,-622
115000097,40,286,-246
115000098,63,418,-355
115000099,106,969,-863
115000100,24,84,-60
115000101,102,804,-702
115000102,38,49,-11
115000103,99,341,-242
115000105,0,0,0
115000106,19,23,-4
115000107,30,327,-297
115000108,1355,1438,-83
115000109,380,118,262
115000110,455,217,238
115000111,137,390,-253
115000112,117,112,5
115000113,126,199,-73
115000114,362,285,77
115000116,564,234,330
115000117,308,291,17
115000118,161,378,-217
115000119,264,255,9
115000120,112,216,-104
115000121,666,295,371
115000122,824,249,575
115000123,564,299,265
115000124,106,157,-51
115000125,65,116,-51
115000126,16,110,-94
115000127,52,53,-1
115000128,167,166,1
115000129,10,37,-27
115000130,21,262,-241
115000131,14,47,-33
115000132,9,128,-119
115000133,10,70,-60
115000134,14,84,-70
115000135,3,59,-56
115000136,6,3,3
115000137,24,97,-73
115000138,8,10,-2
115000139,42,137,-95
115000140,11,11,0
115000141,21,149,-128
115000142,19,166,-147
115000143,13,8,5
115000144,10,10,0
115000145,25,248,-223
115000146,5,8,-3
115000147,14,197,-183
115000148,117,383,-266
115000149,33,42,-9
115000150,157,360,-203
115000151,52,87,-35
115000152,105,512,-407
115000153,48,55,-7
115000154,29,30,-1
115000155,97,387,-290
115000156,46,41,5
115000157,163,239,-76
115000158,43,40,3
115000159,35,31,4
115000160,130,54,76
115000161,62,140,-78
115000162,0,0,0
115000163,253,260,-7
115000164,194,200,-6
115000165,0,0,0
115000167,2,2,0
115000168,0,0,0
115000169,180,235,-55
115000170,41,102,-61
115000171,0,0,0
115000172,269,146,123
115000173,1,3,-2
115000174,2,3,-1
115000175,9,55,-46
115000176,0,1,-1
115000177,1,24,-23
115000178,1,77,-76
115000179,1,3,-2
115000180,17,234,-217
115000181,3,0,3
115000182,13,5,8
115000183,24,431,-407
115000186,38,64,-26
115000187,15,252,-237
115000188,117,54,63
115000189,37,164,-127
115000190,110,75,35
115000191,25,110,-85
115000194,52,63,-11
115000195,4,5,-1
115000196,0,0,0
115000197,6,125,-119
115000198,0,0,0
115000199,3,79,-76
115000200,2,0,2
115000201,18,176,-158
115000206,0,0,0
115000207,6,182,-176
115000208,203,347,-144
115000209,73,32,41
115000210,3,16,-13
115000211,76,95,-19
115000212,273,119,154
115000224,0,0,0
115000225,0,0,0
115000229,0,0,0
115000230,0,0,0
115000231,37,1097,-1060
115000232,29,96,-67
115000233,8,211,-203
115000234,0,0,0
115000241,0,0,0
115000242,0,0,0
115000243,0,0,0
115000244,0,0,0
115000246,0,0,0
115000247,0,0,0
115000248,0,0,0
115000249,0,0,0
115000250,4,3,1
115000251,0,0,0
115000252,0,0,0
115000253,0,0,0
115000258,0,0,0
115000259,0,0,0
115000261,0,0,0
115000262,0,0,0
115000263,0,0,0
115000264,0,0,0
115000267,0,0,0
115000268,2,12,-10
115000269,0,0,0
115000270,0,0,0
115000272,0,0,0
115000273,0,0,0
115000280,5,1,4
115000281,168,34,134
115000282,170,31,139
115000284,138,65,73
115000296,0,0,0
115000297,1,0,1
115000298,26,15,11
115000300,1,72,-71
115000302,0,0,0
115000303,0,0,0
115000304,0,0,0
115000305,8,412,-404
115000306,11,204,-193
115000307,2,118,-116
115000308,11,2,9
115000309,0,0,0
115000310,111,403,-292
115000311,8,40,-32
115000313,63,170,-107
115000314,0,0,0
115000315,449,148,301
115000316,0,0,0
115000317,17,287,-270
115000318,87,31,56
115000319,5,147,-142
115000320,1,52,-51
115000321,69,1,68
115000322,6,161,-155
115000449,0,0,0
115000557,0,8,-8
115000558,0,0,0
115000587,29,42,-13
115000588,1136,2329,-1193
115000589,774,528,246
115000590,197,861,-664
115000591,67,104,-37
115000592,183,787,-604
115000593,164,77,87
115000594,346,706,-360
115000609,4,2,2
115000617,333,74,259
115000624,0,12,-12
115000633,61,756,-695
115000634,914,256,658
115000635,36,7,29
115000638,0,0,0
115000641,0,0,0
115000642,22,39,-17
115000643,16,161,-145
115000644,23,128,-105
115000646,161,217,-56
115000647,17,171,-154
115000648,53,673,-620
115000893,467,159,308
115000894,26,701,-675
115000895,70,636,-566
115000896,134,52,82
115000897,92,3,89
115000898,131,33,98
115000899,318,182,136
115000900,24,46,-22
115000901,14,43,-29
115000912,18,10,8
115000913,1,12,-11
115000915,0,0,0
115000916,0,0,0
115000917,0,0,0
115000918,0,0,0
115000919,0,0,0
115000920,0,6,-6
115000921,188,3,185
115000922,56,60,-4
115000923,142,414,-272
115000925,8,14,-6
115000927,0,0,0
115000933,61,40,21
115000934,0,0,0
115000935,0,0,0
115000936,0,0,0
115000937,228,22,206
115000938,29,19,10
115000939,10,40,-30
115900001,0,0,0
115900002,0,0,0
115900003,0,0,0
115900004,0,0,0
115900005,0,0,0
115900006,0,0,0
115900008,0,0,0
115900009,0,0,0
115900010,0,0,0
115900011,9,20,-11
115900012,0,0,0
115900013,0,0,0
115900014,8,6,2
115900015,0,0,0
115900016,0,0,0
115900017,0,0,0
115900018,21,4,17
115900019,0,0,0
115900020,0,0,0
115900021,110,1,109
115900022,0,0,0
115900023,0,0,0
115900025,0,0,0
115900026,6,1,5
115900027,1,15,-14
115900028,47,3,44
115900029,1,94,-93
115900030,0,0,0
115900031,0,0,0
115900032,0,2,-2
115900033,0,2,-2
115900034,3,77,-74
115900035,0,0,0
115900036,4,3,1
115900037,2,58,-56
115900038,0,0,0
115900039,0,0,0
115900041,1,2,-1
115900042,0,0,0
115900043,0,0,0
115900044,0,0,0
115900046,5,19,-14
115900047,0,0,0
115900049,0,1,-1
115900051,0,14,-14
115900052,0,36,-36
115900053,0,3,-3
115900054,0,22,-22
115900055,1,17,-16
115900056,0,0,0
115900057,0,0,0
115900058,7,8,-1
115900060,0,0,0
115900061,0,0,0
115900062,1,40,-39
115900063,6,1,5
115900064,0,0,0
115900065,0,1,-1
115900066,23,23,0
115900067,0,167,-167
115900068,435,0,435
115900069,0,0,0
115900070,0,0,0
115900071,0,37,-37
115900072,7,26,-19
115900073,0,0,0
115900074,0,86,-86
115900075,5,51,-46
115900076,0,0,0
115900077,1,75,-74
115900078,0,14,-14
115900079,0,0,0
115900080,0,0,0
115900081,0,15,-15
115900082,8,10,-2
115900084,0,0,0
115900085,0,6,-6
115900086,179,23,156
115900088,0,4,-4
115900089,1,91,-90
115900090,0,0,0
115900091,0,0,0
115900092,0,30,-30
115900093,0,6,-6
115900094,0,49,-49
115900096,0,8,-8
115900097,2,53,-51
115900098,7,39,-32
115900099,0,0,0
115900100,2,91,-89
115900101,3,49,-46
115900102,0,0,0
115900103,7,18,-11
115900104,0,0,0
115900105,0,0,0
115900106,0,0,0
115900107,0,0,0
115900108,0,0,0
115900109,7,56,-49
115900110,0,0,0
115900111,1,25,-24
115900112,1,121,-120
115900113,0,0,0
115900114,0,29,-29
115900115,2,5,-3
115900116,2,123,-121
115900117,0,0,0
115900118,0,72,-72
115900119,0,2,-2
115900120,0,39,-39
115900121,9,52,-43
115900124,11,29,-18
115900125,15,1,14
115900126,38,2,36
115900127,30,7,23
115900128,0,0,0
115900129,44,4,40
115900130,0,0,0
115900131,11,3,8
115900132,7,3,4
115900134,13,1,12
115900135,0,0,0
115900137,0,0,0
115900139,4,1,3
115900140,0,0,0
115900141,0,0,0
115900142,0,0,0
115900143,0,18,-18
115900144,0,26,-26
115900146,0,0,0
115900147,0,0,0
115900148,0,0,0
115900149,0,5,-5
115900150,0,0,0
115900151,1,21,-20
115900152,2,94,-92
115900153,4,50,-46
115900154,105,58,47
115900155,0,0,0
115900156,99,117,-18
115900157,0,70,-70
115900158,0,0,0
115900159,6,48,-42
115900160,0,0,0
115900161,3,26,-23
115900163,11,24,-13
115900164,0,1,-1
115900165,0,4,-4
115900166,0,0,0
115900168,0,8,-8
115900171,10,73,-63
115900172,6,42,-36
115900173,0,0,0
115900174,38,42,-4
115900175,1,4,-3
115900178,1,144,-143
115900179,0,0,0
115900180,0,0,0
115900181,0,18,-18
115900182,5,15,-10
115900183,2,0,2
115900184,0,0,0
115900187,0,1,-1
115900189,0,15,-15
115900190,0,51,-51
115900191,5,63,-58
115900192,0,13,-13
115900193,4,6,-2
115900194,26,3,23
115900195,47,46,1
115900198,3,12,-9
115900199,15,47,-32
115900200,30,67,-37
115900201,7,20,-13
115900202,0,0,0
115900203,0,0,0
115900204,0,0,0
115900205,3,0,3
115900206,0,17,-17
115900207,0,0,0
115900208,0,0,0
115900209,0,29,-29
115900210,0,33,-33
115900211,0,23,-23
115900212,0,4,-4
115900213,0,0,0
115900214,0,42,-42
115900215,0,0,0
115900216,2,41,-39
115900217,0,35,-35
115900218,0,20,-20
115900219,0,0,0
115900220,0,0,0
115900221,0,0,0
115900222,0,0,0
115900223,0,0,0
115900224,0,0,0
115900225,0,0,0
115900226,0,0,0
115900227,0,0,0
115900228,0,0,0
115900229,0,0,0
115900230,0,0,0
115900231,0,0,0
115900232,0,0,0
115900233,0,0,0
115900234,0,1,-1
115900235,0,0,0
115900236,0,3,-3
115900237,0,21,-21
115900238,0,12,-12
115900239,0,14,-14
115900240,0,17,-17
115900241,1,3,-2
115900242,1,0,1
115900243,2,1,1
115900244,0,2,-2
115900245,0,0,0
115900246,0,0,0
115900247,0,0,0
115900248,0,0,0
115900249,0,0,0
115900250,0,0,0
115900251,0,0,0
115900252,0,0,0
115900253,0,0,0
115900254,0,0,0
115900255,0,0,0
115900256,0,0,0
115900257,0,0,0
115900258,0,0,0
115900259,0,0,0
115900260,0,0,0
115900261,0,0,0
115900262,0,0,0
115900263,0,0,0
115900264,0,0,0
115900265,0,0,0
115900266,0,0,0
115900267,0,0,0
115900268,0,0,0
115900269,3,18,-15
115900270,0,0,0
115900271,0,0,0
115900272,0,0,0
115900273,0,0,0
115900274,0,3,-3
115900275,0,4,-4
115900276,0,20,-20
115900277,0,47,-47
115900278,0,18,-18
115900279,3,17,-14
115900280,0,7,-7
115900281,1,8,-7
115900282,0,0,0
115900283,0,0,0
115900284,0,0,0
116000001,10576,1713,8863
116000002,1187,452,735
116000003,605,886,-281
116000004,620,183,437
116000005,479,1040,-561
116000006,310,200,110
116000007,1145,1581,-436
116000008,539,522,17
116000009,360,929,-569
116000010,189,97,92
116000011,142,333,-191
116000012,133,122,11
116000013,9048,1486,7562
116000014,1264,189,1075
116000015,147,345,-198
116000016,562,78,484
116000017,7,133,-126
116000018,83,47,36
116000019,61,96,-35
116000020,31,92,-61
116000021,19,105,-86
116000022,12,47,-35
116000023,36,79,-43
116000024,89,153,-64
116000025,26,100,-74
116000026,169,598,-429
116000027,48,186,-138
116000028,2,1,1
116000029,356,121,235
116000030,1,10,-9
116000031,67,57,10
116000032,22,141,-119
116000033,9,172,-163
116000034,27,211,-184
116000035,61,290,-229
116000036,108,40,68
116000037,0,0,0
116000038,0,0,0
116000039,88,70,18
116000040,1,2,-1
116000041,11,136,-125
116000042,1,2,-1
116000043,18,180,-162
116000044,0,0,0
116000045,17,3,14
116000046,314,436,-122
116000047,420,620,-200
116000048,99,133,-34
116000049,77,198,-121
116000050,310,458,-148
116000051,113,157,-44
116000052,524,896,-372
116000053,11,15,-4
116000054,135,754,-619
116000055,106,396,-290
116000056,0,16,-16
116000057,1398,640,758
116000058,851,335,516
116000059,426,211,215
116000060,812,119,693
116000061,143,92,51
116000062,57,106,-49
116000063,58,167,-109
116000066,3,11,-8
116000067,103,234,-131
116000068,23,3,20
116000069,154,216,-62
116000078,5,35,-30
116000080,338,466,-128
116000082,2,80,-78
116000083,150,94,56
116000084,126,524,-398
116000085,284,137,147
116000086,116,288,-172
116000087,236,130,106
116000088,158,322,-164
116000089,5,12,-7
116000090,0,0,0
116000091,4,6,-2
116000093,87,76,11
116000094,13,295,-282
116000095,52,92,-40
116000096,58,338,-280
116000097,52,182,-130
116000098,16,542,-526
116000099,1631,68,1563
116000100,2,1,1
116000101,24,89,-65
116000102,14,240,-226
116000103,5,42,-37
116000104,7,304,-297
116000105,20,56,-36
116000106,20,282,-262
116000107,57,148,-91
116000108,0,55,-55
116000111,0,0,0
116000113,0,0,0
116000114,4,16,-12
116000115,0,0,0
116000116,11,32,-21
116000117,26,66,-40
116000118,112,640,-528
116000119,16,75,-59
116000120,445,1708,-1263
116000121,12,10,2
116000122,368,1468,-1100
116000123,6,6,0
116000124,79,792,-713
116000125,28,19,9
116000126,57,850,-793
116000127,245,793,-548
116000128,60,31,29
116000129,23,15,8
116000130,8,17,-9
116000133,192,355,-163
116000134,139,1255,-1116
116000135,121,173,-52
116000136,127,1023,-896
116000137,34,97,-63
116000138,306,81,225
116000139,197,651,-454
116000140,33,101,-68
116000141,55,187,-132
116000142,915,1227,-312
116000143,523,106,417
116000144,243,1248,-1005
116000145,298,254,44
116000146,33,99,-66
116000147,32,18,14
116000148,15,70,-55
116000149,3,63,-60
116000151,103,418,-315
116000153,0,2,-2
116000155,0,0,0
116000156,98,319,-221
116000157,0,0,0
116000158,33,223,-190
116000159,0,0,0
116000160,1,40,-39
116000161,4,30,-26
116000162,111,5,106
116000163,9,0,9
116000164,3,8,-5
116000177,2,45,-43
116000194,10,232,-222
116000195,102,103,-1
116000196,1,1,0
116000197,1,1,0
116000198,127,183,-56
116000200,0,0,0
116000201,88,179,-91
116000202,0,2,-2
116000203,1,18,-17
116000204,0,7,-7
116000205,0,33,-33
116000206,0,19,-19
116000207,0,1,-1
116000233,5,50,-45
116000287,10,224,-214
116000288,0,4,-4
116000292,0,34,-34
116000296,0,0,0
116000297,0,0,0
116000304,0,0,0
116000305,0,0,0
116000346,3,44,-41
116000352,0,18,-18
116000354,1,5,-4
116000357,1,2,-1
116000358,0,0,0
116000361,0,0,0
116000372,2196,522,1674
116000381,0,0,0
116000388,1,16,-15
116000389,37,47,-10
116000445,19,492,-473
116000446,0,6,-6
116000447,2,200,-198
116000448,0,0,0
116000563,0,0,0
116000565,77,46,31
116000568,5,5,0
116000579,0,19,-19
116000584,2,8,-6
116000585,2,4,-2
116000586,66,27,39
116000587,1,92,-91
116000589,2,16,-14
116000590,0,0,0
116000591,1,2,-1
116000592,0,0,0
116000593,0,0,0
116000594,10,191,-181
116000595,8,50,-42
116000596,4,0,4
116000597,0,0,0
116000598,2,30,-28
116000602,0,7,-7
116000605,2,16,-14
116000606,0,0,0
116000607,0,6,-6
116000609,2,89,-87
116000611,1,305,-304
116000612,153,254,-101
116000613,1,8,-7
116000614,124,415,-291
116000615,1,114,-113
116000616,1,39,-38
116000617,0,43,-43
116000618,0,56,-56
116000619,4,4,0
116000620,0,0,0
116000621,0,0,0
116000622,0,0,0
116000624,1,3,-2
116000627,0,2,-2
116000628,0,0,0
116000629,0,0,0
116000630,0,0,0
116000631,0,0,0
116000632,2,3,-1
116000633,0,0,0
116000634,0,0,0
116000635,167,169,-2
116000636,222,197,25
116000637,2,1,1
116000638,0,0,0
116900001,0,0,0
116900002,0,0,0
116900003,0,0,0
116900004,0,0,0
116900005,1,9,-8
116900006,0,0,0
116900007,0,0,0
116900008,1,186,-185
116900009,0,0,0
116900010,0,279,-279
116900011,0,0,0
116900012,0,0,0
116900013,0,57,-57
116900014,0,0,0
116900015,0,0,0
116900016,0,0,0
116900017,1,117,-116
116900018,0,0,0
116900019,0,64,-64
116900020,23,8,15
116900023,0,0,0
116900024,0,0,0
116900025,3,99,-96
116900026,3,75,-72
116900027,0,0,0
116900028,4,23,-19
116900029,0,2,-2
116900031,0,0,0
116900032,0,39,-39
116900033,0,0,0
116900034,2,14,-12
116900035,0,19,-19
116900036,1,9,-8
116900038,0,0,0
116900041,0,0,0
116900042,153,25,128
116900043,0,7,-7
116900047,0,0,0
116900049,1,33,-32
116900050,2,21,-19
116900051,0,0,0
116900052,0,0,0
116900055,0,0,0
116900057,0,37,-37
116900058,1,32,-31
116900059,0,0,0
116900060,5,56,-51
116900062,0,0,0
116900064,10,175,-165
116900065,0,8,-8
116900067,0,0,0
116900068,6,59,-53
116900070,0,0,0
116900072,1,85,-84
116900073,0,6,-6
116900074,0,0,0
116900076,0,0,0
116900077,0,11,-11
116900078,9,17,-8
116900079,2,31,-29
116900080,0,0,0
116900081,6,72,-66
116900082,6,118,-112
116900083,0,0,0
116900084,2,6,-4
116900085,0,19,-19
116900086,1,22,-21
116900088,0,0,0
116900090,0,0,0
116900091,0,17,-17
116900092,0,61,-61
116900093,1,1,0
116900094,356,36,320
116900095,0,52,-52
116900096,2,10,-8
116900097,5,1,4
116900098,62,3,59
116900099,26,24,2
116900100,0,0,0
116900101,13,52,-39
116900103,0,0,0
116900104,0,6,-6
116900105,0,0,0
116900106,1,30,-29
116900107,3,1,2
116900110,0,0,0
116900111,0,0,0
116900112,0,0,0
116900113,0,0,0
116900116,0,0,0
116900117,2,23,-21
116900118,2,241,-239
116900120,0,0,0
116900121,0,0,0
116900122,8,266,-258
116900123,4,195,-191
116900124,2,45,-43
116900125,2,10,-8
116900126,9,77,-68
116900128,0,16,-16
116900129,1,71,-70
116900130,225,233,-8
116900131,2,48,-46
116900132,1,18,-17
116900133,2,26,-24
116900134,10,38,-28
116900136,1,17,-16
116900137,4,15,-11
116900138,8,35,-27
116900139,11,42,-31
116900140,9,26,-17
116900141,18,40,-22
116900142,0,1,-1
116900143,1,34,-33
116900144,1,3,-2
116900145,0,21,-21
116900147,17,17,0
116900148,0,3,-3
116900149,0,0,0
116900150,0,1,-1
116900151,0,0,0
116900153,0,0,0
116900154,0,3,-3
116900155,1,11,-10
116900157,0,0,0
116900158,0,0,0
116900159,0,58,-58
116900160,0,1,-1
116900161,941,180,761
116900162,0,0,0
116900163,0,0,0
116900164,0,4,-4
116900165,0,0,0
116900166,0,0,0
116900167,0,0,0
116900168,2,8,-6
116900169,0,0,0
116900170,0,0,0
116900171,0,0,0
116900172,0,0,0
116900173,0,7,-7
116900174,0,1,-1
116900175,0,0,0
116900178,0,0,0
116900179,0,0,0
116900180,0,2,-2
116900182,0,0,0
116900183,0,0,0
116900185,0,0,0
116900186,0,0,0
116900187,0,0,0
116900188,1,5,-4
116900189,0,0,0
116900191,0,0,0
116900192,0,0,0
116900194,0,0,0
116900195,0,0,0
116900196,0,0,0
116900197,0,0,0
116900198,21,10,11
116900200,0,0,0
116900201,0,0,0
116900202,0,0,0
116900203,0,0,0
116900204,1,4,-3
116900206,0,2,-2
116900207,0,3,-3
116900208,0,0,0
116900209,0,0,0
116900210,0,6,-6
116900211,0,0,0
116900212,0,0,0
116900213,0,0,0
116900214,3,37,-34
116900215,0,0,0
116900216,2,7,-5
116900218,1,77,-76
116900219,71,49,22
116900220,0,0,0
116900221,5,28,-23
116900222,0,0,0
116900223,0,0,0
116900226,0,6,-6
116900227,2,3,-1
116900228,7,42,-35
116900230,0,23,-23
116900231,1,27,-26
116900232,0,27,-27
116900233,0,0,0
116900234,0,0,0
116900235,11,176,-165
116900238,30,22,8
116900239,0,17,-17
116900240,267,34,233
116900241,1,0,1
116900242,38,17,21
116900243,0,0,0
116900245,0,0,0
116900246,0,0,0
116900247,0,0,0
116900248,0,1,-1
116900249,0,0,0
116900250,7,12,-5
116900251,0,0,0
116900252,0,0,0
116900253,0,0,0
116900254,0,0,0
116900255,5,1,4
116900256,8,7,1
116900257,3,131,-128
116900258,0,90,-90
116900259,0,0,0
116900260,0,23,-23
116900261,0,0,0
116900262,0,51,-51
116900263,0,0,0
116900264,0,0,0
116900265,0,0,0
116900266,0,2,-2
116900267,0,0,0
116900268,0,0,0
116900269,0,15,-15
116900271,0,0,0
116900272,24,58,-34
116900273,7,1,6
116900274,0,0,0
116900275,0,0,0
116900276,0,0,0
116900277,0,0,0
116900278,0,0,0
116900279,0,3,-3
116900280,0,2,-2
116900281,177,23,154
116900282,0,13,-13
116900283,1,4,-3
116900284,1,17,-16
116900285,0,0,0
116900286,0,0,0
116900287,0,0,0
116900288,0,0,0
116900289,0,0,0
116900290,0,0,0
116900291,0,0,0
116900292,0,0,0
116900293,0,0,0
116900294,1,10,-9
116900295,0,0,0
116900296,0,0,0
116900297,0,0,0
116900298,0,0,0
116900299,0,0,0
116900300,0,0,0
116900301,0,0,0
116900302,0,8,-8
116900303,0,9,-9
116900304,0,33,-33
116900305,0,0,0
116900306,0,0,0
117000001,140,177,-37
117000002,471,1654,-1183
117000003,426,163,263
117000004,1416,1937,-521
117000005,89,116,-27
117000006,257,1813,-1556
117000007,139,37,102
117000008,303,1922,-1619
117000009,97,59,38
117000010,783,1830,-1047
117000011,15,51,-36
117000012,283,1064,-781
117000013,20,26,-6
117000014,182,1045,-863
117000015,69,22,47
117000016,13,36,-23
117000017,20,30,-10
117000018,4,103,-99
117000019,0,0,0
117000020,134,428,-294
117000021,578,72,506
117000022,30,8,22
117000023,41,62,-21
117000024,37,64,-27
117000025,191,263,-72
117000026,50,18,32
117000027,493,804,-311
117000028,0,0,0
117000030,33,65,-32
117000031,1,1,0
117000032,298,285,13
117000033,157,200,-43
117000034,26,49,-23
117000035,1,3,-2
117000036,47,41,6
117000037,0,0,0
117000038,4,92,-88
117000039,1,19,-18
117000040,22,498,-476
117000041,0,0,0
117000044,8,328,-320
117000045,0,0,0
117000046,71,337,-266
117000047,1,2,-1
117000048,523,365,158
117000049,16,43,-27
117000050,10,859,-849
117000051,135,29,106
117000052,1,51,-50
117000053,6,10,-4
117000054,34,0,34
117000055,12,1237,-1225
117000056,20,2,18
117000057,107,577,-470
117000060,34,266,-232
117000061,9,13,-4
117000062,21,75,-54
117000063,1,9,-8
117000064,115,272,-157
117000066,199,94,105
117000067,2,62,-60
117000074,0,0,0
117000076,0,0,0
117000077,23,26,-3
117000078,4,131,-127
117000079,2,15,-13
117000080,2,202,-200
117000081,3,8,-5
117000082,6,40,-34
117000083,0,0,0
117000084,0,0,0
117000085,11,115,-104
117000086,32,183,-151
117000087,36,272,-236
117000088,0,0,0
117000089,19,14,5
117000090,64,781,-717
117000091,6,13,-7
117000092,74,839,-765
117000093,10,15,-5
117000094,162,1251,-1089
117000095,18,13,5
117000096,178,1549,-1371
117000097,20,44,-24
117000098,570,2145,-1575
117000099,39,28,11
117000100,4,28,-24
117000101,22,254,-232
117000102,6,5,1
117000103,428,828,-400
117000104,2,3,-1
117000105,176,868,-692
117000106,3,3,0
117000107,148,1046,-898
117000108,0,6,-6
117000109,682,1413,-731
117000110,5,4,1
117000111,442,430,12
117000112,106,212,-106
117000113,19,92,-73
117000114,0,0,0
117000115,4,31,-27
117000116,0,18,-18
117000117,74,17,57
117000118,6,20,-14
117000119,1,2,-1
117000120,0,4,-4
117000121,0,9,-9
117000122,0,0,0
117000123,0,0,0
117000124,0,0,0
117000125,5,4,1
117000126,0,0,0
117000127,8,8,0
117000128,8,17,-9
117000129,0,0,0
117000130,0,0,0
117000131,0,84,-84
117000132,81,74,7
117000133,0,159,-159
117000134,2,51,-49
117000135,2,29,-27
117000136,1,21,-20
117000137,0,0,0
117000138,1,192,-191
117000140,120,701,-581
117000141,4,2,2
117000181,86,28,58
117000182,0,0,0
117000195,16,257,-241
117000196,0,0,0
117000225,0,0,0
117000226,0,4,-4
117000276,0,0,0
117000277,1,132,-131
117000310,501,793,-292
117000315,0,0,0
117000320,0,0,0
117000906,0,0,0
117000907,2,177,-175
117000908,2,1,1
117000909,4,7,-3
117000910,50,62,-12
117000911,8,28,-20
117000915,0,153,-153
117000916,0,0,0
117000917,0,0,0
117000918,0,0,0
117000919,1,13,-12
117000920,8,945,-937
117000921,1,338,-337
117000922,0,0,0
117000924,35,39,-4
117000926,275,17,258
117000927,18,31,-13
117000928,0,124,-124
117000929,18,96,-78
117000930,9,3,6
117000931,37,5,32
117900002,12,50,-38
117900003,43,16,27
117900005,0,1,-1
117900006,0,16,-16
117900007,4,39,-35
117900008,0,8,-8
117900010,0,28,-28
117900011,3,1,2
117900012,1,24,-23
117900013,0,36,-36
117900014,3,53,-50
117900015,2,61,-59
117900016,84,22,62
117900017,2,59,-57
117900018,5,2,3
117900019,2,97,-95
117900020,2,13,-11
117900021,3,29,-26
117900022,2,0,2
117900023,2,1,1
117900024,2,35,-33
117900025,0,1,-1
117900026,2,51,-49
117900028,0,0,0
117900029,4,92,-88
117900030,2,8,-6
117900031,0,0,0
117900032,11,12,-1
117900033,0,98,-98
117900034,0,0,0
117900035,6,3,3
117900036,7,64,-57
117900037,0,0,0
117900038,4,56,-52
117900039,0,18,-18
117900040,23,69,-46
117900041,0,21,-21
117900042,39,3,36
117900043,1,24,-23
117900044,0,31,-31
117900045,0,0,0
117900048,24,65,-41
117900049,3,58,-55
117900050,0,0,0
117900051,0,0,0
117900052,0,0,0
117900053,62,129,-67
117900054,0,0,0
117900055,0,0,0
117900056,0,0,0
117900057,20,192,-172
117900058,0,0,0
117900059,0,0,0
117900060,19,554,-535
117900061,0,0,0
117900063,3,22,-19
117900065,65,118,-53
117900066,0,0,0
117900067,1,56,-55
117900069,8,61,-53
117900070,0,0,0
117900071,0,0,0
117900073,4,50,-46
117900074,0,0,0
117900075,0,0,0
117900076,3,14,-11
117900077,0,0,0
117900078,11,40,-29
117900080,0,0,0
117900081,40,29,11
117900082,14,15,-1
117900083,2,123,-121
117900086,0,0,0
117900087,0,0,0
117900088,156,63,93
117900089,38,18,20
117900090,4,143,-139
117900091,20,9,11
117900092,0,0,0
117900093,0,0,0
117900094,0,0,0
117900095,10,123,-113
117900096,0,0,0
117900097,0,0,0
117900098,0,0,0
117900099,2,59,-57
117900100,0,0,0
117900101,42,32,10
117900102,0,0,0
117900103,0,0,0
117900104,0,11,-11
117900105,2,32,-30
117900106,0,0,0
117900107,0,0,0
117900109,4,35,-31
117900110,0,0,0
117900111,0,0,0
117900112,0,0,0
117900113,0,1,-1
117900114,0,0,0
117900115,6,2,4
117900116,34,43,-9
117900117,10,57,-47
117900118,0,0,0
117900119,0,93,-93
117900120,0,12,-12
117900121,0,10,-10
117900122,20,22,-2
117900123,34,116,-82
117900124,14,52,-38
117900125,176,89,87
117900126,23,51,-28
117900127,13,62,-49
117900128,3,84,-81
117900129,0,0,0
117900130,0,36,-36
117900131,0,15,-15
117900132,0,18,-18
117900133,0,45,-45
117900134,1,36,-35
117900135,2,70,-68
117900136,0,7,-7
117900137,4,67,-63
117900138,0,13,-13
117900139,3,15,-12
117900140,6,4,2
117900141,13,43,-30
117900142,0,0,0
117900144,0,0,0
117900145,0,1,-1
117900146,0,0,0
117900147,0,0,0
117900148,98,87,11
117900149,1,15,-14
117900150,0,25,-25
117900151,4,38,-34
117900152,2,2,0
117900153,0,23,-23
117900154,9,55,-46
117900156,40,62,-22
117900157,1,23,-22
117900158,0,0,0
117900160,34,36,-2
117900161,254,236,18
117900162,1,25,-24
117900163,0,0,0
117900165,0,0,0
117900166,3,8,-5
117900168,3,23,-20
117900169,1,24,-23
117900170,0,4,-4
117900171,0,0,0
117900172,0,3,-3
117900173,27,3,24
117900174,0,4,-4
117900175,0,2,-2
117900176,0,0,0
117900177,0,3,-3
117900178,0,0,0
117900180,0,0,0
117900181,0,0,0
117900182,0,0,0
117900183,0,0,0
117900184,0,0,0
117900185,0,0,0
117900186,0,0,0
117900187,0,0,0
117900188,0,0,0
117900189,0,0,0
117900190,0,0,0
117900191,0,0,0
117900192,1,1,0
117900193,0,18,-18
117900194,0,0,0
117900195,0,0,0
117900196,0,0,0
117900207,0,0,0
117900208,0,0,0
117900209,0,2,-2
117900210,0,0,0
117900211,0,0,0
117900212,2,12,-10
117900213,0,0,0
117900214,0,2,-2
117900215,0,0,0
117900216,0,0,0
117900217,0,18,-18
117900218,0,0,0
117900219,0,8,-8
117900220,0,0,0
117900222,12,40,-28
117900223,1,6,-5
118000001,109,108,1
118000002,319,460,-141
118000003,134,279,-145
118000004,547,383,164
118000005,1153,636,517
118000006,2607,1285,1322
118000007,816,442,374
118000008,714,678,36
118000009,443,669,-226
118000010,463,820,-357
118000011,114,695,-581
118000012,144,624,-480
118000013,842,646,196
118000014,224,796,-572
118000016,47,154,-107
118000017,1,3,-2
118000018,49,156,-107
118000019,1107,261,846
118000020,669,347,322
118000021,360,532,-172
118000022,382,63,319
118000023,120,173,-53
118000024,229,175,54
118000027,4796,767,4029
118000029,283,91,192
118000032,134,177,-43
118000033,270,263,7
118000034,1378,420,958
118000035,189,570,-381
118000036,66,368,-302
118000037,141,334,-193
118000038,10,41,-31
118000039,7,28,-21
118000040,91,705,-614
118000041,316,485,-169
118000045,39,2,37
118000046,169,80,89
118000047,134,67,67
118000048,362,208,154
118000051,103,58,45
118000052,63,76,-13
118000053,16,30,-14
118000054,126,89,37
118000055,111,64,47
118000056,5,16,-11
118000057,9,12,-3
118000058,92,49,43
118000059,73,89,-16
118000060,8,85,-77
118000061,27,99,-72
118000062,12,18,-6
118000063,19,50,-31
118000064,38,81,-43
118000065,500,97,403
118000066,40,38,2
118000067,304,209,95
118000068,235,429,-194
118000069,311,152,159
118000070,1279,143,1136
118000071,922,447,475
118000072,295,254,41
118000073,194,44,150
118000074,19,38,-19
118000075,70,67,3
118000076,173,208,-35
118000077,463,324,139
118000078,156,212,-56
118000079,80,146,-66
118000080,360,325,35
118000081,142,154,-12
118000082,26,57,-31
118000083,225,100,125
118000084,426,173,253
118000086,20,74,-54
118000087,2897,635,2262
118000088,212,279,-67
118000089,1185,1332,-147
118000090,1629,532,1097
118000091,1209,650,559
118000092,186,31,155
118000093,18,58,-40
118000096,18,41,-23
118000097,53,54,-1
118000098,11,24,-13
118000099,49,188,-139
118000101,101,118,-17
118000102,32,177,-145
118000107,926,86,840
118000108,2,38,-36
118000110,3,2,1
118000111,2,317,-315
118000112,0,0,0
118000113,2,654,-652
118000114,0,0,0
118000115,0,0,0
118000116,0,0,0
118000117,284,270,14
118000118,50,81,-31
118000119,48,116,-68
118000120,389,644,-255
118000121,1,83,-82
118000122,110,22,88
118000123,5,98,-93
118000125,287,388,-101
118000126,9,50,-41
118000127,45,44,1
118000128,157,437,-280
118000129,69,64,5
118000130,973,1470,-497
118000131,110,515,-405
118000132,81,87,-6
118000133,43,124,-81
118000135,1,4,-3
118000136,22,133,-111
118000137,97,23,74
118000138,11,93,-82
118000139,23,47,-24
118000140,616,400,216
118000141,148,191,-43
118000142,256,619,-363
118000143,40,77,-37
118000144,70,107,-37
118000145,395,824,-429
118000146,272,424,-152
118000147,202,629,-427
118000148,55,325,-270
118000149,45,220,-175
118000150,4,10,-6
118000151,3,22,-19
118000153,20,132,-112
118000154,22,159,-137
118000155,68,120,-52
118000156,506,504,2
118000157,18,18,0
118000158,18,69,-51
118000159,0,0,0
118000160,0,4,-4
118000161,37,282,-245
118000162,31,121,-90
118000163,21,76,-55
118000164,215,136,79
118000168,16,39,-23
118000169,310,739,-429
118000170,477,967,-490
118000171,4,9,-5
118000172,0,9,-9
118000173,96,228,-132
118000175,30,34,-4
118000176,12,35,-23
118000177,6,32,-26
118000178,1,3,-2
118000179,20,12,8
118000180,6,8,-2
118000181,263,189,74
118000182,74,114,-40
118000183,56,89,-33
118000184,1,11,-10
118000185,580,200,380
118000186,314,200,114
118000187,92,198,-106
118000188,28,47,-19
118000189,19,175,-156
118000190,2,0,2
118000191,2,9,-7
118000192,4,42,-38
118000193,14,62,-48
118000194,398,64,334
118000195,13,24,-11
118000196,2,6,-4
118000197,37,31,6
118000198,19,21,-2
118000199,79,97,-18
118000200,0,0,0
118000201,48,28,20
118000202,0,0,0
118000203,220,37,183
118000204,73,49,24
118000205,49,31,18
118000206,7,7,0
118000207,0,9,-9
118000208,81,124,-43
118000209,224,543,-319
118000210,0,0,0
118000211,0,0,0
118000213,8,26,-18
118000214,203,57,146
118000215,67,170,-103
118000216,0,0,0
118000217,4,13,-9
118000218,0,11,-11
118000219,3,16,-13
118000220,0,0,0
118000221,2,47,-45
118000222,110,2,108
118000223,0,0,0
118000224,1,10,-9
118000225,9,354,-345
118000226,0,0,0
118000227,115,20,95
118000228,87,27,60
118000229,0,0,0
118000230,3,15,-12
118000231,2,11,-9
118000232,61,262,-201
118000233,30,43,-13
118000234,6,21,-15
118000236,15,82,-67
118000237,0,0,0
118000238,6,68,-62
118000239,6,22,-16
118000240,61,9,52
118000241,2,35,-33
118000242,18,180,-162
118000243,6,21,-15
118000244,0,29,-29
118000246,0,5,-5
118000255,0,9,-9
118000256,0,19,-19
118000259,2,6,-4
118000260,0,0,0
118000261,1,13,-12
118000263,0,26,-26
118000266,25,46,-21
118000267,0,58,-58
118000268,0,3,-3
118000270,0,0,0
118000271,1,13,-12
118000272,0,0,0
118000273,3,36,-33
118000274,14,95,-81
118000276,6,16,-10
118000295,0,10,-10
118000298,27,234,-207
118000299,25,116,-91
118000301,0,19,-19
118000302,1,1,0
118000311,10,44,-34
118000312,5,68,-63
118000313,0,20,-20
118000314,0,9,-9
118000315,1,8,-7
118000316,9,68,-59
118000325,0,10,-10
118000326,0,0,0
118000331,0,9,-9
118000332,0,11,-11
118000333,0,11,-11
118000335,0,0,0
118000336,3,176,-173
118000407,0,0,0
118000457,1,22,-21
118000465,983,449,534
118000480,0,19,-19
118000489,0,5,-5
118000490,11,139,-128
118000492,14,24,-10
118000510,8,3,5
118000514,17,153,-136
118000515,6,16,-10
118000517,139,55,84
118000524,886,207,679
118000525,268,339,-71
118000530,0,0,0
118000531,7,7,0
118000532,63,103,-40
118000533,105,109,-4
118000534,51,158,-107
118000535,8,14,-6
118000536,45,46,-1
118000537,14,29,-15
118000538,1,46,-45
118000539,0,1,-1
118000540,30,133,-103
118000541,11,65,-54
118000542,0,0,0
118000543,2,9,-7
118000546,8,28,-20
118000553,0,1,-1
118000557,0,0,0
118000560,574,74,500
118000562,0,0,0
118000563,206,110,96
118000576,5,34,-29
118000577,30,10,20
118000578,27,15,12
118000579,89,175,-86
118000583,0,0,0
118000595,3,2,1
118000596,0,27,-27
118000597,7,15,-8
118000598,0,0,0
118000599,0,0,0
118000600,0,3,-3
118000601,0,0,0
118000602,0,0,0
118000603,0,61,-61
118900001,0,0,0
118900002,4,41,-37
118900003,0,0,0
118900004,0,0,0
118900005,0,0,0
118900006,0,0,0
118900007,0,1,-1
118900008,0,0,0
118900009,0,0,0
118900010,0,0,0
118900011,0,0,0
118900012,4,3,1
118900013,0,0,0
118900015,0,1,-1
118900016,0,2,-2
118900017,0,0,0
118900018,0,0,0
118900019,16,1,15
118900020,0,0,0
118900021,0,0,0
118900022,5,10,-5
118900023,0,0,0
118900024,0,0,0
118900025,0,0,0
118900026,0,9,-9
118900027,0,0,0
118900028,0,1,-1
118900029,0,0,0
118900030,0,0,0
118900031,11,6,5
118900032,0,0,0
118900033,0,0,0
118900034,0,0,0
118900035,6,35,-29
118900036,17,65,-48
118900037,0,0,0
118900038,4,50,-46
118900039,0,0,0
118900040,3,6,-3
118900041,0,0,0
118900042,5,6,-1
118900045,5,22,-17
118900046,54,10,44
118900047,72,6,66
118900048,0,0,0
118900049,0,0,0
118900050,1,41,-40
118900051,0,0,0
118900052,0,0,0
118900053,0,0,0
118900054,0,12,-12
118900055,2,31,-29
118900056,0,0,0
118900057,4,30,-26
118900058,0,0,0
118900059,0,0,0
118900060,3,14,-11
118900062,0,0,0
118900064,0,0,0
118900065,0,0,0
118900066,0,0,0
118900067,22,0,22
118900068,0,0,0
118900069,9,36,-27
118900071,0,0,0
118900072,0,0,0
118900073,4,5,-1
118900074,0,0,0
118900075,0,0,0
118900076,0,0,0
118900077,3,14,-11
118900078,0,0,0
118900079,0,0,0
118900080,0,0,0
118900081,0,0,0
118900082,2,7,-5
118900083,1,1,0
118900084,0,0,0
118900085,15,79,-64
118900086,0,0,0
118900087,2,7,-5
118900088,0,6,-6
118900089,0,0,0
118900090,23,31,-8
118900091,0,0,0
118900092,5,22,-17
118900093,0,0,0
118900096,0,0,0
118900097,7,110,-103
118900099,2,42,-40
118900100,0,0,0
118900101,1,90,-89
118900102,1,10,-9
118900103,3,8,-5
118900104,1,26,-25
118900105,42,25,17
118900107,20,7,13
118900108,1,12,-11
118900110,0,0,0
118900111,0,0,0
118900112,0,0,0
118900113,0,0,0
118900114,0,0,0
118900115,0,0,0
118900116,14,53,-39
118900117,3,53,-50
118900118,8,123,-115
118900119,5,62,-57
118900120,2,51,-49
118900121,0,0,0
118900122,2,31,-29
118900123,26,69,-43
118900124,0,0,0
118900126,1,52,-51
118900129,3,21,-18
118900130,0,0,0
118900131,4,94,-90
118900132,10,33,-23
118900133,0,0,0
118900135,2,23,-21
118900136,29,172,-143
118900137,0,0,0
118900139,0,0,0
118900140,24,188,-164
118900141,0,0,0
118900144,2,226,-224
118900145,0,0,0
118900146,19,131,-112
118900147,0,0,0
118900148,0,0,0
118900150,0,0,0
118900152,13,134,-121
118900157,0,0,0
118900158,0,0,0
118900159,0,0,0
118900161,0,0,0
118900163,0,0,0
118900164,0,0,0
118900165,5,52,-47
118900166,12,0,12
118900167,1,25,-24
118900168,0,9,-9
118900169,2,52,-50
118900170,1,25,-24
118900171,0,13,-13
118900174,0,5,-5
118900175,1,34,-33
118900176,0,21,-21
118900177,1,4,-3
118900178,1,3,-2
118900179,0,11,-11
118900181,3,14,-11
118900182,2,1,1
118900183,0,4,-4
118900184,3,0,3
118900185,0,15,-15
118900186,20,23,-3
118900187,0,0,0
118900188,0,1,-1
118900189,0,24,-24
118900190,0,0,0
118900191,0,0,0
118900192,0,0,0
118900193,0,0,0
118900195,0,0,0
118900196,15,44,-29
118900197,0,0,0
118900198,0,3,-3
118900199,2,6,-4
118900200,0,0,0
118900201,2,0,2
118900202,2,15,-13
118900203,0,17,-17
118900204,2,7,-5
118900205,0,5,-5
118900206,0,10,-10
119000001,122,118,4
119000002,198,514,-316
119000003,103,448,-345
119000004,96,268,-172
119000005,163,251,-88
119000006,109,296,-187
119000007,195,350,-155
119000008,353,1065,-712
119000009,516,644,-128
119000010,2685,1611,1074
119000011,1370,465,905
119000012,1844,1010,834
119000013,640,401,239
119000014,440,970,-530
119000019,12,48,-36
119000020,154,261,-107
119000021,392,369,23
119000022,92,160,-68
119000023,1,2,-1
119000024,331,407,-76
119000025,3056,340,2716
119000026,0,0,0
119000027,86,101,-15
119000028,195,343,-148
119000029,0,0,0
119000030,100,279,-179
119000031,143,217,-74
119000032,289,347,-58
119000033,585,479,106
119000034,208,286,-78
119000035,11,202,-191
119000036,151,389,-238
119000037,124,660,-536
119000038,39,313,-274
119000039,14,108,-94
119000040,441,68,373
119000041,615,158,457
119000048,1714,823,891
119000049,153,852,-699
119000050,127,187,-60
119000051,168,162,6
119000052,152,201,-49
119000053,211,168,43
119000054,178,824,-646
119000055,400,644,-244
119000056,203,489,-286
119000057,104,544,-440
119000058,152,485,-333
119000059,54,75,-21
119000060,97,244,-147
119000061,30,65,-35
119000062,199,413,-214
119000063,55,74,-19
119000064,101,201,-100
119000065,60,397,-337
119000066,202,197,5
119000067,129,253,-124
119000068,155,316,-161
119000069,54,275,-221
119000070,258,328,-70
119000071,5,23,-18
119000072,1081,585,496
119000073,757,724,33
119000074,88,783,-695
119000075,149,1237,-1088
119000076,4,33,-29
119000077,14,18,-4
119000078,0,2,-2
119000079,0,0,0
119000080,0,3,-3
119000081,0,0,0
119000082,0,2,-2
119000083,1,4,-3
119000084,0,0,0
119000085,0,0,0
119000086,2,1,1
119000087,23,50,-27
119000088,1,3,-2
119000089,2,3,-1
119000090,0,0,0
119000091,2,7,-5
119000092,0,0,0
119000093,741,695,46
119000094,471,1016,-545
119000095,127,591,-464
119000097,789,319,470
119000098,154,304,-150
119000099,309,595,-286
119000100,422,464,-42
119000101,822,890,-68
119000102,18,28,-10
119000103,82,2,80
119000104,915,957,-42
119000105,0,0,0
119000106,32,956,-924
119000107,0,0,0
119000108,81,793,-712
119000109,0,1,-1
119000110,85,147,-62
119000111,0,6,-6
119000112,47,34,13
119000113,332,30,302
119000114,0,11,-11
119000115,41,24,17
119000116,0,0,0
119000117,2,11,-9
119000118,1,1,0
119000123,77,36,41
119000124,0,0,0
119000125,0,0,0
119000126,0,0,0
119000127,67,456,-389
119000128,15,6,9
119000131,146,664,-518
119000132,6,2,4
119000133,0,0,0
119000134,21,2,19
119000135,0,3,-3
119000136,7,62,-55
119000137,0,3,-3
119000138,9,99,-90
119000139,0,0,0
119000140,4,26,-22
119000284,646,1387,-741
119000285,1159,1133,26
119000286,1713,1397,316
119000287,212,759,-547
119000288,267,575,-308
119000289,330,1122,-792
119000290,8,28,-20
119000291,5,160,-155
119000293,57,59,-2
119000294,0,0,0
119000295,677,112,565
119000296,1,0,1
119000302,1160,137,1023
119000303,0,0,0
119000304,1,0,1
119000310,0,0,0
119000314,438,550,-112
119000315,0,4,-4
119000316,1,33,-32
119000317,0,0,0
119900001,14,39,-25
119900002,0,0,0
119900003,4,89,-85
119900004,0,0,0
119900005,0,0,0
119900006,8,25,-17
119900007,0,0,0
119900008,0,0,0
119900009,0,37,-37
119900010,10,148,-138
119900011,0,0,0
119900012,0,3,-3
119900013,110,114,-4
119900014,19,39,-20
119900015,0,0,0
119900016,0,0,0
119900017,0,0,0
119900018,0,0,0
119900019,0,0,0
119900020,0,0,0
119900021,2,0,2
119900022,0,0,0
119900023,0,0,0
119900025,0,0,0
119900026,0,0,0
119900027,0,0,0
119900028,0,0,0
119900029,0,0,0
119900030,0,9,-9
119900031,0,0,0
119900033,201,3,198
119900034,0,1,-1
119900037,0,0,0
119900038,0,0,0
119900039,0,0,0
119900040,0,0,0
119900041,0,0,0
119900042,0,0,0
119900043,0,0,0
119900044,0,0,0
119900046,0,0,0
119900047,0,0,0
119900048,0,2,-2
119900049,0,0,0
119900050,0,0,0
119900051,0,0,0
119900052,0,1,-1
119900053,0,0,0
119900054,0,0,0
119900055,7,15,-8
119900057,0,0,0
119900058,0,0,0
119900059,0,1,-1
119900060,0,0,0
119900062,0,0,0
119900063,0,0,0
119900065,0,0,0
119900066,0,0,0
119900067,0,0,0
119900068,0,0,0
119900069,0,0,0
119900070,0,0,0
119900071,0,0,0
119900073,0,29,-29
119900074,0,0,0
119900075,540,168,372
119900076,0,36,-36
119900077,0,170,-170
119900078,0,0,0
119900079,0,0,0
119900080,1,211,-210
119900081,0,3,-3
119900082,0,6,-6
119900083,0,0,0
119900084,3,12,-9
119900085,17,0,17
119900087,3,12,-9
119900088,11,9,2
119900089,0,176,-176
119900090,24,7,17
119900091,2,256,-254
119900092,3,118,-115
119900093,41,4,37
119900094,5,61,-56
119900095,2,0,2
119900096,0,16,-16
119900097,56,25,31
119900098,0,0,0
119900099,1,35,-34
119900100,555,255,300
119900101,28,130,-102
119900102,6,19,-13
119900103,2,49,-47
119900104,1,23,-22
119900105,73,441,-368
119900106,1,24,-23
119900107,48,226,-178
119900108,301,186,115
119900109,1,13,-12
119900110,36,167,-131
119900111,0,0,0
119900112,166,23,143
119900113,0,0,0
119900114,9,406,-397
119900115,0,0,0
119900116,2,14,-12
119900117,7,193,-186
119900118,0,0,0
119900119,0,22,-22
119900120,88,100,-12
119900121,1,47,-46
119900122,0,0,0
119900123,6,10,-4
119900124,0,54,-54
119900125,0,0,0
119900126,678,7,671
119900127,0,0,0
119900128,2,58,-56
119900129,1,30,-29
119900130,0,0,0
119900131,0,14,-14
119900132,0,0,0
119900133,0,3,-3
119900134,88,4,84
119900135,0,0,0
119900136,0,0,0
119900138,0,0,0
119900139,0,4,-4
119900140,0,8,-8
119900141,0,0,0
119900142,0,0,0
119900143,0,0,0
119900144,0,0,0
119900145,4,32,-28
119900146,10,9,1
119900147,0,0,0
119900148,0,0,0
119900149,0,8,-8
119900150,5,28,-23
119900151,51,41,10
119900152,0,0,0
119900153,0,0,0
119900154,0,109,-109
119900155,1,1,0
119900156,0,0,0
119900157,0,0,0
119900158,0,0,0
119900159,0,381,-381
119900160,0,16,-16
119900161,0,0,0
119900162,0,0,0
119900163,1,3,-2
119900164,0,1,-1
119900165,0,0,0
119900166,0,0,0
119900167,0,1,-1
119900168,0,0,0
119900169,11,3,8
119900170,3,4,-1
119900171,11,30,-19
119900172,0,0,0
119900173,1,115,-114
119900174,0,4,-4
119900175,0,0,0
119900177,0,37,-37
119900178,0,0,0
119900179,0,0,0
119900180,0,0,0
119900181,0,0,0
119900182,0,61,-61
119900183,4,115,-111
119900184,29,3,26
119900185,0,0,0
119900186,0,0,0
119900187,0,94,-94
119900188,0,13,-13
119900189,4,4,0
119900190,0,0,0
119900191,0,0,0
119900192,1,24,-23
119900193,0,0,0
119900194,0,0,0
119900195,0,20,-20
119900196,0,0,0
119900197,0,0,0
119900198,0,41,-41
119900199,0,0,0
119900200,0,0,0
119900201,12,14,-2
119900202,0,0,0
119900203,0,0,0
119900204,0,0,0
119900205,0,0,0
119900206,0,0,0
119900208,0,0,0
119900209,4,8,-4
119900210,0,0,0
119900211,0,0,0
119900212,0,31,-31
119900213,0,10,-10
119900214,0,32,-32
119900215,0,19,-19
119900216,0,16,-16
119900217,0,4,-4
119900218,0,2,-2
119900219,0,3,-3
119900220,0,0,0
119900221,0,0,0
119900222,0,0,0
119900223,0,0,0
119900224,0,0,0
119900225,0,0,0
119900226,0,0,0
119900227,293,30,263
119900228,0,16,-16
119900229,0,0,0
119900230,38,15,23
119900231,0,0,0
119900232,0,0,0
119900233,0,0,0
119900234,0,3,-3
119900235,0,2,-2
119900236,0,0,0
119900237,0,0,0
119900238,0,18,-18
119900240,0,34,-34
119900241,1,41,-40
119900242,1,29,-28
119900244,0,0,0
119900245,0,2,-2
119900246,0,0,0
119900247,0,0,0
119900248,0,0,0
119900249,0,0,0
119900253,0,0,0
119900254,0,0,0
119900255,13,143,-130
119900256,0,98,-98
119900257,0,0,0
119900258,0,0,0
119900259,0,18,-18
119900260,0,0,0
119900261,0,0,0
119900262,0,55,-55
119900263,59,81,-22
119900264,0,0,0
119900265,0,0,0
119900266,0,0,0
119900267,0,38,-38
119900268,2,20,-18
119900269,6,182,-176
119900271,0,0,0
119900272,0,0,0
119900275,0,0,0
119900276,0,0,0
119900277,0,0,0
119900278,13,1,12
119900279,4,1,3
119900280,88,35,53
119900281,1,18,-17
119900282,0,0,0
119900283,0,0,0
119900284,4,120,-116
119900285,1,0,1
119900286,1,0,1
119900288,1,21,-20
119900289,0,10,-10
119900290,0,5,-5
119900291,0,10,-10
119900292,1,0,1
119900293,0,0,0
119900294,0,0,0
119900295,0,0,0
119900296,0,0,0
119900299,0,0,0
119900300,0,0,0
119900301,0,0,0
119900302,0,2,-2
119900303,1,21,-20
119900304,0,1,-1
119900305,0,0,0
119900306,0,0,0
119900307,0,0,0
119900308,1,1,0
119900309,0,0,0
119900310,1,10,-9
119900311,0,0,0
119900312,0,2,-2
119900313,4,23,-19
119900314,0,0,0
119900315,1,304,-303
119900318,0,0,0
119900319,0,61,-61
119900320,1,159,-158
119900321,0,0,0
119900322,29,7,22
119900323,0,17,-17
119900324,0,13,-13
119900325,0,176,-176
119900326,41,10,31
120000001,1673,691,982
120000002,382,722,-340
120000003,696,521,175
120000004,728,816,-88
120000005,2382,995,1387
120000006,377,454,-77
120000007,953,972,-19
120000008,272,710,-438
120000009,2026,340,1686
120000010,307,1373,-1066
120000011,156,883,-727
120000012,570,1589,-1019
120000013,341,1244,-903
120000014,52,542,-490
120000015,399,745,-346
120000016,260,63,197
120000017,45,78,-33
120000018,469,357,112
120000019,63,130,-67
120000020,411,312,99
120000021,297,314,-17
120000022,1366,393,973
120000023,166,205,-39
120000024,295,383,-88
120000025,249,493,-244
120000026,84,526,-442
120000027,284,626,-342
120000028,95,319,-224
120000029,282,109,173
120000030,4,49,-45
120000031,342,302,40
120000032,2897,413,2484
120000033,166,460,-294
120000034,86,720,-634
120000035,111,386,-275
120000036,121,508,-387
120000037,4,22,-18
120000038,2686,487,2199
120000039,43,190,-147
120000040,6,40,-34
120000041,25,448,-423
120000042,91,1131,-1040
120000043,265,435,-170
120000044,271,202,69
120000045,306,181,125
120000046,189,252,-63
120000047,377,349,28
120000048,2532,509,2023
120000049,339,810,-471
120000050,277,938,-661
120000051,1093,949,144
120000052,5234,283,4951
120000053,79,981,-902
120000054,175,2393,-2218
120000055,197,1427,-1230
120000056,142,1529,-1387
120000057,92,372,-280
120000058,17,50,-33
120000059,4,20,-16
120000061,31,406,-375
120000062,21,73,-52
120000063,561,1287,-726
120000064,33,771,-738
120000065,67,642,-575
120000066,10,130,-120
120000067,5,177,-172
120000068,35,516,-481
120000069,82,705,-623
120000070,4,257,-253
120000071,6,46,-40
120000072,89,167,-78
120000073,43,32,11
120000074,5,16,-11
120000075,35,82,-47
120000076,82,138,-56
120000077,125,152,-27
120000078,535,200,335
120000079,0,0,0
120000080,0,0,0
120000081,0,0,0
120000082,0,0,0
120000083,0,0,0
120000084,66,95,-29
120000085,44,72,-28
120000086,16,178,-162
120000087,11,367,-356
120000088,43,106,-63
120000089,0,0,0
120000090,0,0,0
120000091,0,0,0
120000092,0,0,0
120000093,0,0,0
120000094,0,0,0
120000095,34,76,-42
120000096,8,192,-184
120000098,65,144,-79
120000099,18,74,-56
120000100,62,118,-56
120000101,31,94,-63
120000102,23,54,-31
120000103,50,78,-28
120000104,74,26,48
120000105,82,27,55
120000106,68,22,46
120000107,104,35,69
120000108,46,10,36
120000109,96,4,92
120000110,33,453,-420
120000111,35,637,-602
120000112,165,1850,-1685
120000113,126,1216,-1090
120000114,90,1097,-1007
120000115,73,1007,-934
120000116,127,950,-823
120000117,512,725,-213
120000118,0,0,0
120000119,0,0,0
120000120,1,2,-1
120000121,0,0,0
120000122,1,6,-5
120000123,309,84,225
120000124,12,43,-31
120000125,24,89,-65
120000126,7,64,-57
120000127,71,75,-4
120000128,158,207,-49
120000129,6,12,-6
120000130,5,0,5
120000131,35,76,-41
120000134,0,0,0
120000135,4,86,-82
120000137,0,3,-3
120000138,5,36,-31
120000139,0,2,-2
120000140,7,90,-83
120000141,0,0,0
120000142,3,46,-43
120000143,0,0,0
120000144,0,0,0
120000145,0,0,0
120000146,318,86,232
120000149,35,109,-74
120000150,48,156,-108
120000151,8,10,-2
120000152,0,0,0
120000153,35,312,-277
120000154,58,270,-212
120000155,0,0,0
120000156,12,7,5
120000157,0,0,0
120000158,118,484,-366
120000159,392,1396,-1004
120000160,404,163,241
120000161,107,762,-655
120000162,8,20,-12
120000163,42,594,-552
120000164,48,287,-239
120000165,30,409,-379
120000166,37,222,-185
120000167,2,7,-5
120000168,4,14,-10
120000169,83,31,52
120000170,151,18,133
120000171,47,18,29
120000172,5,7,-2
120000173,204,13,191
120000174,59,3,56
120000175,34,1,33
120000176,15,36,-21
120000177,186,341,-155
120000178,9,2,7
120000179,29,14,15
120000180,71,24,47
120000181,12,23,-11
120000182,18,14,4
120000183,0,48,-48
120000184,13,1486,-1473
120000186,0,5,-5
120000187,0,2,-2
120000188,0,11,-11
120000190,0,0,0
120000191,0,0,0
120000192,0,0,0
120000193,0,0,0
120000195,0,0,0
120000196,0,0,0
120000197,0,0,0
120000198,0,23,-23
120000199,0,0,0
120000200,0,0,0
120000201,0,0,0
120000202,0,9,-9
120000203,1,74,-73
120000207,0,0,0
120000208,0,0,0
120000209,0,0,0
120000210,0,0,0
120000211,0,0,0
120000212,0,0,0
120000213,0,0,0
120000214,0,0,0
120000215,0,0,0
120000216,0,0,0
120000217,65,210,-145
120000218,49,354,-305
120000219,5,203,-198
120000220,5,661,-656
120000225,0,3,-3
120000226,0,0,0
120000227,0,0,0
120000228,1318,324,994
120000230,0,0,0
120000231,0,0,0
120000233,0,1,-1
120000235,59,396,-337
120000236,4,0,4
120000237,4,1304,-1300
120000238,0,30,-30
120000241,0,0,0
120000412,0,0,0
120000413,0,0,0
120000414,0,0,0
120000415,0,0,0
120000416,0,0,0
120000417,0,0,0
120000418,0,0,0
120000419,0,0,0
120000420,0,0,0
120000421,6741,3117,3624
120000422,108,78,30
120000423,0,9,-9
120000424,3,43,-40
120000436,14,20,-6
120000437,86,51,35
120000438,1563,74,1489
120000439,18,101,-83
120000443,0,0,0
120000444,35,300,-265
120000445,52,42,10
120000446,137,18,119
120000447,0,0,0
120000449,0,0,0
120000450,0,0,0
120000451,8,37,-29
120000452,0,0,0
120000453,0,402,-402
120000454,0,0,0
120000455,3,8,-5
120000456,546,600,-54
120000457,218,135,83
120000458,195,301,-106
120000459,0,0,0
120000665,87,5,82
120000668,10,59,-49
120000669,0,0,0
120000670,14,55,-41
120000671,102,98,4
120000672,31,244,-213
120900001,0,0,0
120900002,0,0,0
120900003,0,0,0
120900004,0,1,-1
120900005,0,0,0
120900006,0,0,0
120900007,3,21,-18
120900008,0,20,-20
120900009,0,0,0
120900010,0,1,-1
120900011,0,0,0
120900012,24,15,9
120900013,0,0,0
120900014,0,0,0
120900015,0,0,0
120900016,0,0,0
120900017,210,32,178
120900018,0,8,-8
120900019,4,1,3
120900020,2,9,-7
120900021,0,0,0
120900022,0,0,0
120900023,0,0,0
120900024,84,44,40
120900025,0,1,-1
120900026,0,0,0
120900027,0,0,0
120900028,3,0,3
120900029,0,0,0
120900030,2,2,0
120900031,0,0,0
120900032,0,0,0
120900033,0,0,0
120900034,0,10,-10
120900035,0,0,0
120900037,0,0,0
120900038,0,0,0
120900039,0,0,0
120900040,0,0,0
120900041,0,0,0
120900042,0,0,0
120900043,0,0,0
120900044,0,2,-2
120900045,0,0,0
120900046,6,0,6
120900047,0,0,0
120900048,0,0,0
120900049,0,0,0
120900050,0,0,0
120900051,0,0,0
120900052,0,0,0
120900053,0,0,0
120900054,0,0,0
120900055,4,0,4
120900056,0,0,0
120900057,0,0,0
120900058,0,0,0
120900059,0,0,0
120900060,0,0,0
120900061,0,0,0
120900062,0,0,0
120900063,0,0,0
120900064,0,0,0
120900065,0,0,0
120900066,0,60,-60
120900067,0,0,0
120900068,0,0,0
120900069,0,0,0
120900071,1,0,1
120900072,0,0,0
120900073,0,0,0
120900074,0,0,0
120900076,0,0,0
120900077,1,1,0
120900078,1,239,-238
120900079,0,7,-7
120900080,4,225,-221
120900081,0,0,0
120900082,0,33,-33
120900083,0,2,-2
120900084,0,0,0
120900085,0,0,0
120900086,3,5,-2
120900087,0,0,0
120900088,0,0,0
120900089,487,57,430
120900090,0,2,-2
120900091,0,0,0
120900092,16,85,-69
120900093,0,0,0
120900094,52,27,25
120900095,0,0,0
120900096,1,0,1
120900097,34,181,-147
120900098,0,0,0
120900099,2,13,-11
120900100,0,6,-6
120900101,0,0,0
120900102,0,0,0
120900103,0,0,0
120900104,0,5,-5
120900105,0,0,0
120900106,228,104,124
120900107,69,36,33
120900108,0,0,0
120900109,0,160,-160
120900110,0,0,0
120900111,1,15,-14
120900112,0,2,-2
120900113,3,177,-174
120900114,2,32,-30
120900115,22,39,-17
120900116,0,41,-41
120900117,0,6,-6
120900118,0,198,-198
120900119,0,0,0
120900120,2,113,-111
120900121,19,45,-26
120900122,0,42,-42
120900123,0,12,-12
120900124,2,171,-169
120900125,3,140,-137
120900126,124,104,20
120900127,1,27,-26
120900128,157,198,-41
120900129,5,86,-81
120900130,0,130,-130
120900131,0,0,0
120900132,0,0,0
120900133,15,254,-239
120900134,34,104,-70
120900135,1,175,-174
120900136,0,0,0
120900137,0,0,0
120900138,0,53,-53
120900139,5,172,-167
120900140,0,0,0
120900141,0,1,-1
120900142,1,165,-164
120900143,0,210,-210
120900144,0,70,-70
120900145,2,197,-195
120900146,0,237,-237
120900147,0,10,-10
120900148,0,0,0
120900149,0,97,-97
120900150,2,132,-130
120900151,1,182,-181
120900152,0,5,-5
120900153,0,12,-12
120900154,0,81,-81
120900155,6,325,-319
120900156,1,125,-124
120900157,0,7,-7
120900158,0,132,-132
120900159,0,40,-40
120900160,5,118,-113
120900161,0,98,-98
120900162,0,110,-110
120900163,0,0,0
120900164,0,0,0
120900165,0,0,0
120900166,0,6,-6
120900167,5,4,1
120900169,5,109,-104
120900170,72,35,37
120900171,131,25,106
120900172,0,1,-1
120900173,0,13,-13
120900174,1,28,-27
120900175,0,0,0
120900176,1,7,-6
120900177,0,8,-8
120900178,0,4,-4
120900179,55,71,-16
120900180,0,2,-2
120900181,0,0,0
120900182,0,0,0
120900183,0,0,0
120900184,0,0,0
120900185,0,9,-9
120900186,3,141,-138
120900187,1,13,-12
120900188,0,0,0
120900189,0,0,0
120900190,0,0,0
120900191,0,0,0
120900192,963,50,913
120900194,0,0,0
120900195,3,36,-33
120900196,0,0,0
120900197,0,0,0
120900198,19,114,-95
120900199,0,0,0
120900200,0,0,0
120900201,66,9,57
120900202,0,33,-33
120900203,0,0,0
120900204,148,136,12
120900205,0,0,0
120900206,0,0,0
120900207,2,158,-156
121000001,351,616,-265
121000002,364,227,137
121000003,3396,1020,2376
121000004,828,449,379
121000005,1063,1065,-2
121000006,1071,455,616
121000007,1389,1751,-362
121000008,1326,690,636
121000009,4960,2205,2755
121000010,4016,960,3056
121000011,9658,2771,6887
121000012,8378,1575,6803
121000013,4305,2559,1746
121000014,4397,2325,2072
121000015,1957,2752,-795
121000016,3031,2815,216
121000017,360,1008,-648
121000018,771,600,171
121000019,4640,1697,2943
121000020,3826,1526,2300
121000021,775,1123,-348
121000022,583,502,81
121000023,1178,1114,64
121000024,658,1190,-532
121000025,175,111,64
121000026,28,28,0
121000027,986,280,706
121000028,129,113,16
121000029,48,118,-70
121000030,44,50,-6
121000031,38,200,-162
121000032,54,36,18
121000034,0,0,0
121000035,8,31,-23
121000036,95,107,-12
121000037,112,212,-100
121000038,170,197,-27
121000039,36,53,-17
121000041,28,56,-28
121000042,0,0,0
121000043,80,72,8
121000044,173,111,62
121000045,21,82,-61
121000046,19,68,-49
121000047,2,12,-10
121000049,296,199,97
121000050,90,390,-300
121000051,55,50,5
121000052,51,177,-126
121000053,1,0,1
121000054,16,79,-63
121000055,630,336,294
121000056,266,291,-25
121000057,35,63,-28
121000058,116,79,37
121000059,122,62,60
121000060,149,118,31
121000061,3,11,-8
121000062,18,22,-4
121000063,172,365,-193
121000064,46,56,-10
121000065,40,87,-47
121000066,46,98,-52
121000067,151,75,76
121000068,0,0,0
121000069,0,0,0
121000070,228,223,5
121000071,127,231,-104
121000072,155,155,0
121000073,227,272,-45
121000074,14,46,-32
121000075,35,31,4
121000076,133,36,97
121000077,2,0,2
121000078,64,66,-2
121000080,594,156,438
121000081,410,356,54
121000082,112,106,6
121000083,0,0,0
121000084,66,62,4
121000085,290,188,102
121000086,1,0,1
121000087,0,0,0
121000088,171,266,-95
121000089,0,0,0
121000090,62,179,-117
121000091,976,711,265
121000092,72,33,39
121000093,28,66,-38
121000094,116,77,39
121000095,0,0,0
121000096,2146,1146,1000
121000097,938,622,316
121000098,101,318,-217
121000099,130,369,-239
121000100,41,286,-245
121000101,0,0,0
121000102,13,123,-110
121000103,0,0,0
121000104,16,57,-41
121000105,29,145,-116
121000106,0,0,0
121000107,918,1255,-337
121000109,706,735,-29
121000110,64,113,-49
121000114,1049,1206,-157
121000115,440,441,-1
121000116,215,440,-225
121000117,18,1,17
121000118,108,10,98
121000119,19,26,-7
121000120,0,0,0
121000121,0,0,0
121000123,0,0,0
121000126,10,30,-20
121000127,1,18,-17
121000128,49,285,-236
121000129,70,164,-94
121000130,121,275,-154
121000131,205,243,-38
121000132,258,182,76
121000135,32,32,0
121000136,205,57,148
121000137,44,8,36
121000138,93,81,12
121000139,187,49,138
121000141,18,40,-22
121000142,171,114,57
121000143,0,0,0
121000144,39,42,-3
121000145,61,202,-141
121000146,75,194,-119
121000147,74,141,-67
121000148,58,163,-105
121000149,323,395,-72
121000152,77,72,5
121000153,540,159,381
121000154,214,42,172
121000155,269,188,81
121000156,161,217,-56
121000157,274,136,138
121000158,96,97,-1
121000159,19,99,-80
121000160,30,132,-102
121000161,1,5,-4
121000162,0,1,-1
121000165,52,20,32
121000166,9,41,-32
121000168,39,56,-17
121000169,9,106,-97
121000170,65,21,44
121000171,21,125,-104
121000172,102,137,-35
121000173,428,183,245
121000174,65,192,-127
121000175,66,119,-53
121000176,192,83,109
121000177,91,112,-21
121000178,7,23,-16
121000179,3,23,-20
121000181,53,91,-38
121000182,88,39,49
121000183,6,6,0
121000184,3,1,2
121000185,0,0,0
121000186,13,116,-103
121000187,0,0,0
121000188,0,0,0
121000192,89,102,-13
121000193,72,99,-27
121000194,1867,786,1081
121000195,104,426,-322
121000196,16,9,7
121000197,45,259,-214
121000198,19,74,-55
121000199,28,511,-483
121000200,58,50,8
121000201,6,116,-110
121000202,36,2,34
121000203,21,406,-385
121000204,93,34,59
121000205,64,382,-318
121000206,27,60,-33
121000207,161,151,10
121000208,5,197,-192
121000209,14,373,-359
121000210,87,272,-185
121000211,15,79,-64
121000212,128,306,-178
121000213,570,276,294
121000214,165,203,-38
121000215,382,285,97
121000216,58,148,-90
121000217,964,345,619
121000218,152,1042,-890
121000219,190,129,61
121000220,175,104,71
121000221,37,20,17
121000222,806,1380,-574
121000223,61,156,-95
121000224,15,4,11
121000225,124,146,-22
121000226,90,93,-3
121000227,1,68,-67
121000228,12,780,-768
121000229,8,428,-420
121000230,53,1617,-1564
121000231,0,0,0
121000232,0,0,0
121000233,25,29,-4
121000234,0,0,0
121000235,0,0,0
121000236,0,0,0
121000237,0,0,0
121000238,0,0,0
121000239,0,0,0
121000240,0,0,0
121000241,0,0,0
121000242,0,0,0
121000243,0,0,0
121000244,0,0,0
121000245,0,0,0
121000246,0,0,0
121000247,2,0,2
121000248,5,21,-16
121000249,6,106,-100
121000250,24,14,10
121000251,7,277,-270
121000252,10,3,7
121000253,43,539,-496
121000254,133,49,84
121000255,23,59,-36
121000256,21,24,-3
121000257,15,37,-22
121000258,11,14,-3
121000259,13,18,-5
121000260,21,74,-53
121000261,3,4,-1
121000262,481,250,231
121000263,156,191,-35
121000271,154,456,-302
121000273,9,10,-1
121000274,0,1,-1
121000275,0,39,-39
121000276,0,0,0
121000278,1,3,-2
121000279,4,16,-12
121000280,0,3,-3
121000289,1,0,1
121000290,281,222,59
121000294,13,85,-72
121000297,125,132,-7
121000299,5,140,-135
121000300,213,125,88
121000302,14,85,-71
121000303,100,72,28
121000304,19,16,3
121000305,3,1,2
121000306,2,4,-2
121000308,78,87,-9
121000309,259,262,-3
121000310,16,221,-205
121000311,19,439,-420
121000312,0,0,0
121000313,283,227,56
121000314,58,52,6
121000315,52,21,31
121000530,100,457,-357
121000531,140,373,-233
121000532,1383,447,936
121000533,782,461,321
121000918,3,110,-107
121000919,0,6,-6
121000938,24,23,1
121000939,19,5,14
121000956,108,482,-374
121000957,6,69,-63
121000958,8,116,-108
121000959,56,455,-399
121000960,110,797,-687
121000961,16,0,16
121000962,0,0,0
121000973,3,90,-87
121000976,0,0,0
121000979,0,0,0
121000981,9,0,9
121000982,14,13,1
121000983,26,187,-161
121000984,2,4,-2
121000985,64,178,-114
121000986,1,74,-73
121000987,39,882,-843
121000988,138,17,121
121001302,117,58,59
121001308,3,9,-6
121001309,9,11,-2
121001311,0,0,0
121001313,16,176,-160
121001314,4906,1987,2919
121001315,1421,918,503
121001318,4,2,2
121900001,0,0,0
121900002,0,8,-8
121900003,0,0,0
121900004,0,0,0
121900005,0,0,0
121900006,0,0,0
121900007,0,0,0
121900008,0,0,0
121900009,0,0,0
121900010,0,0,0
121900011,0,0,0
121900012,0,0,0
121900013,0,0,0
121900014,0,0,0
121900015,0,0,0
121900016,0,0,0
121900017,0,0,0
121900018,0,0,0
121900019,0,0,0
121900020,0,0,0
121900021,0,0,0
121900022,0,0,0
121900023,0,0,0
121900024,0,0,0
121900025,0,0,0
121900026,0,0,0
121900027,0,0,0
121900028,0,0,0
121900029,0,0,0
121900030,0,0,0
121900031,0,0,0
121900032,0,0,0
121900033,0,0,0
121900034,0,0,0
121900035,0,0,0
121900036,0,0,0
121900037,0,0,0
121900038,0,0,0
121900039,0,0,0
121900040,0,0,0
121900041,0,0,0
121900042,0,0,0
121900043,0,0,0
121900044,0,0,0
121900046,0,0,0
121900047,0,0,0
121900048,0,0,0
121900050,0,0,0
121900051,0,0,0
121900052,0,0,0
121900053,24,52,-28
121900054,0,0,0
121900055,0,0,0
121900058,0,0,0
121900059,0,0,0
121900060,0,0,0
121900061,0,0,0
121900062,0,0,0
121900063,0,0,0
121900064,0,0,0
121900066,0,0,0
121900067,0,0,0
121900069,0,0,0
121900070,0,0,0
121900071,0,0,0
121900072,0,0,0
121900073,0,0,0
121900074,0,0,0
121900075,0,0,0
121900076,0,0,0
121900077,0,0,0
121900078,0,0,0
121900079,0,0,0
121900080,0,0,0
121900082,0,0,0
121900084,0,0,0
121900085,0,0,0
121900086,0,0,0
121900087,0,0,0
121900088,0,0,0
121900089,0,0,0
121900090,0,0,0
121900091,0,0,0
121900092,0,0,0
121900093,0,0,0
121900094,0,0,0
121900095,0,0,0
121900096,0,0,0
121900097,0,0,0
121900098,0,0,0
121900099,0,0,0
121900100,0,0,0
121900101,0,0,0
121900102,0,0,0
121900103,0,0,0
121900104,0,0,0
121900105,0,0,0
121900106,0,0,0
121900107,0,0,0
121900108,0,0,0
121900109,0,0,0
121900110,0,0,0
121900111,0,0,0
121900112,0,0,0
121900113,0,0,0
121900114,0,0,0
121900117,0,0,0
121900118,0,0,0
121900119,0,0,0
121900120,0,0,0
121900121,0,0,0
121900122,0,0,0
121900123,0,0,0
121900124,0,0,0
121900125,0,0,0
121900127,0,0,0
121900128,0,0,0
121900129,0,0,0
121900130,0,0,0
121900131,0,0,0
121900132,0,0,0
121900133,0,0,0
121900134,0,0,0
121900135,0,0,0
121900136,0,0,0
121900137,0,0,0
121900138,0,0,0
121900139,0,0,0
121900140,0,0,0
121900141,0,0,0
121900142,0,0,0
121900143,0,0,0
121900144,1,0,1
121900145,0,0,0
121900146,0,0,0
121900147,0,1,-1
121900148,0,0,0
121900149,0,0,0
121900150,2,2,0
121900151,0,0,0
121900152,0,0,0
121900153,0,0,0
121900154,0,0,0
121900155,0,0,0
121900156,0,1,-1
121900157,0,0,0
121900158,0,0,0
121900159,0,0,0
121900160,0,0,0
121900161,0,0,0
121900162,1,4,-3
121900163,0,0,0
121900164,0,0,0
121900165,0,0,0
121900166,0,0,0
121900167,0,0,0
121900168,0,0,0
121900169,2,101,-99
121900170,0,0,0
121900171,0,0,0
121900172,0,0,0
121900173,0,0,0
121900174,0,0,0
121900175,0,0,0
121900176,20,210,-190
121900177,0,1,-1
121900178,0,0,0
121900179,0,0,0
121900180,16,8,8
121900182,0,0,0
121900183,0,0,0
121900184,0,0,0
121900186,0,0,0
121900187,0,1,-1
121900188,0,0,0
121900189,0,0,0
121900190,0,0,0
121900191,0,0,0
121900192,0,0,0
121900193,0,0,0
121900194,0,0,0
121900195,0,0,0
121900196,0,0,0
121900197,7,79,-72
121900198,0,0,0
121900199,0,0,0
121900200,0,0,0
121900201,0,0,0
121900202,0,1,-1
121900203,0,0,0
121900204,0,0,0
121900205,0,0,0
121900206,0,0,0
121900207,0,0,0
121900208,0,0,0
121900209,0,0,0
121900210,0,0,0
121900211,0,0,0
121900212,0,0,0
121900213,0,0,0
121900214,0,0,0
121900215,0,0,0
121900216,0,0,0
121900217,0,0,0
121900218,0,0,0
121900220,0,0,0
121900221,0,0,0
121900222,0,0,0
121900223,0,0,0
121900224,0,0,0
121900225,0,0,0
121900226,0,0,0
121900227,0,0,0
121900228,0,0,0
121900230,0,0,0
121900231,0,0,0
121900232,0,0,0
121900233,0,0,0
121900234,0,0,0
121900235,0,0,0
121900236,0,0,0
121900237,0,0,0
121900238,0,0,0
121900239,0,0,0
121900240,0,0,0
121900241,0,0,0
121900242,0,0,0
121900243,0,0,0
121900244,0,0,0
121900245,0,0,0
121900246,0,0,0
121900247,0,0,0
121900248,0,0,0
121900250,0,0,0
121900251,0,0,0
121900252,0,0,0
121900253,0,0,0
121900254,0,0,0
121900255,0,0,0
121900258,0,0,0
121900259,0,0,0
121900260,0,0,0
121900261,0,0,0
121900262,0,0,0
121900263,0,0,0
121900264,0,0,0
121900265,0,0,0
121900266,0,0,0
121900267,0,0,0
121900269,0,0,0
121900270,0,0,0
121900271,0,0,0
121900273,0,0,0
121900274,0,0,0
121900277,0,0,0
121900278,0,0,0
121900279,0,0,0
121900280,0,0,0
121900281,0,0,0
121900284,0,0,0
121900286,0,42,-42
121900287,0,0,0
121900288,0,0,0
121900290,0,0,0
121900291,15,31,-16
121900292,0,0,0
121900293,30,360,-330
121900294,0,0,0
121900295,0,0,0
121900296,0,0,0
121900298,0,0,0
121900299,0,0,0
121900300,0,0,0
121900301,0,0,0
121900302,0,0,0
121900303,0,0,0
121900304,0,0,0
121900305,0,0,0
121900306,0,0,0
121900307,0,0,0
121900308,0,49,-49
121900309,0,12,-12
121900310,2,65,-63
121900311,0,0,0
121900312,0,0,0
121900313,0,0,0
121900314,0,0,0
121900315,0,0,0
121900316,0,0,0
121900317,0,0,0
121900318,0,0,0
121900319,0,0,0
121900320,0,0,0
121900321,0,0,0
121900322,0,0,0
121900323,0,0,0
121900324,0,0,0
121900325,0,0,0
121900326,0,0,0
121900327,0,0,0
121900328,0,0,0
121900329,0,0,0
121900330,0,0,0
121900331,0,0,0
121900332,0,0,0
121900333,0,0,0
121900334,0,0,0
122000001,704,909,-205
122000002,843,416,427
122000003,522,395,127
122000004,555,282,273
122000005,390,196,194
122000006,253,120,133
122000007,206,188,18
122000008,1367,664,703
122000009,129,20,109
122000010,551,447,104
122000011,654,236,418
122000012,204,336,-132
122000013,375,264,111
122000014,235,258,-23
122000015,155,136,19
122000016,116,164,-48
122000017,366,228,138
122000018,315,462,-147
122000019,199,731,-532
122000020,36,40,-4
122000021,220,52,168
122000022,259,74,185
122000023,138,101,37
122000024,134,183,-49
122000025,162,326,-164
122000026,203,65,138
122000027,376,663,-287
122000028,40,35,5
122000029,16,28,-12
122000030,114,38,76
122000031,0,0,0
122000032,84,110,-26
122000033,79,141,-62
122000034,177,203,-26
122000035,238,216,22
122000036,78,336,-258
122000037,64,44,20
122000038,58,73,-15
122000039,132,112,20
122000040,89,105,-16
122000041,0,1,-1
122000042,1,0,1
122000043,8,9,-1
122000044,2,8,-6
122000045,86,93,-7
122000046,76,120,-44
122000047,95,55,40
122000048,655,534,121
122000049,1479,767,712
122000050,238,289,-51
122000051,0,0,0
122000052,12,5,7
122000053,9,146,-137
122000054,512,423,89
122000055,493,707,-214
122000056,1229,829,400
122000057,1586,886,700
122000058,1274,717,557
122000059,1250,838,412
122000060,262,155,107
122000061,132,39,93
122000062,365,124,241
122000063,108,142,-34
122000064,1042,1119,-77
122000065,1202,865,337
122000066,466,561,-95
122000067,269,474,-205
122000068,240,178,62
122000069,451,296,155
122000070,37,95,-58
122000071,68,116,-48
122000072,78,92,-14
122000073,103,123,-20
122000074,43,28,15
122000075,18,43,-25
122000076,212,123,89
122000077,244,385,-141
122000078,566,882,-316
122000079,201,255,-54
122000080,67,73,-6
122000081,27,36,-9
122000082,60,32,28
122000083,251,489,-238
122000084,281,231,50
122000085,101,455,-354
122000086,603,635,-32
122000087,63,28,35
122000088,122,92,30
122000089,1702,508,1194
122000090,30,48,-18
122000091,27,6,21
122000092,8,2,6
122000093,266,674,-408
122000094,1936,424,1512
122000095,1572,411,1161
122000096,504,60,444
122000098,1797,868,929
122000099,113,182,-69
122000100,116,90,26
122000101,14,62,-48
122000102,540,267,273
122000103,164,245,-81
122000104,65,30,35
122000105,12,42,-30
122000106,83,49,34
122000107,50,32,18
122000108,123,173,-50
122000109,8,35,-27
122000110,94,160,-66
122000111,599,172,427
122000112,72,124,-52
122000113,45,122,-77
122000114,821,1294,-473
122000115,983,491,492
122000116,255,86,169
122000117,159,21,138
122000118,59,52,7
122000119,582,640,-58
122000120,611,917,-306
122000121,670,495,175
122000122,163,348,-185
122000123,406,110,296
122000124,115,61,54
122000125,439,200,239
122000126,133,208,-75
122000127,282,390,-108
122000128,121,256,-135
122000129,54,15,39
122000130,129,28,101
122000131,90,29,61
122000132,277,121,156
122000133,158,832,-674
122000134,157,161,-4
122000135,98,504,-406
122000136,9,16,-7
122000137,46,58,-12
122000139,409,415,-6
122000140,251,106,145
122000141,1674,234,1440
122000142,79,454,-375
122000143,48,34,14
122000144,88,78,10
122000145,143,116,27
122000146,0,14,-14
122000147,47,12,35
122000148,1320,452,868
122000149,303,119,184
122000150,71,71,0
122000151,78,100,-22
122000152,75,89,-14
122000153,0,0,0
122000154,0,0,0
122000155,171,158,13
122000156,1928,1277,651
122000157,849,750,99
122000158,36,111,-75
122000159,59,97,-38
122000160,253,99,154
122000161,151,43,108
122000162,193,83,110
122000163,1,1,0
122000164,1,1,0
122000165,102,125,-23
122000166,55,79,-24
122000167,64,193,-129
122000168,1,10,-9
122000169,110,94,16
122000170,55,113,-58
122000171,32,77,-45
122000172,440,479,-39
122000173,331,543,-212
122000174,541,490,51
122000175,353,97,256
122000176,10,11,-1
122000177,561,918,-357
122000178,383,85,298
122000179,490,386,104
122000180,337,637,-300
122000181,677,1416,-739
122000182,307,55,252
122000183,550,39,511
122000184,4538,831,3707
122000185,1197,784,413
122000186,168,166,2
122000187,64,144,-80
122000188,98,63,35
122000189,0,0,0
122000190,28,241,-213
122000191,114,52,62
122000192,92,7,85
122000193,5,14,-9
122000194,78,19,59
122000195,4,6,-2
122000196,39,83,-44
122000197,29,16,13
122000198,113,164,-51
122000199,35,39,-4
122000200,161,56,105
122000201,1116,1393,-277
122000202,784,702,82
122000203,975,677,298
122000204,269,820,-551
122000205,193,472,-279
122000206,215,79,136
122000207,102,152,-50
122000208,81,226,-145
122000209,85,10,75
122000210,217,856,-639
122000211,216,505,-289
122000212,159,145,14
122000213,200,205,-5
122000214,181,341,-160
122000215,274,321,-47
122000217,483,652,-169
122000218,0,0,0
122000219,680,536,144
122000220,108,434,-326
122000221,22,55,-33
122000222,78,6,72
122000223,131,212,-81
122000225,250,75,175
122000226,183,720,-537
122000227,67,400,-333
122000228,73,283,-210
122000229,7,217,-210
122000230,14,371,-357
122000231,7,305,-298
122000232,11,364,-353
122000233,0,0,0
122000234,9,11,-2
122000235,10,11,-1
122000236,40,13,27
122000237,8,2,6
122000238,28,0,28
122000239,9,8,1
122000240,21,12,9
122000241,4,0,4
122000242,7,2,5
122000243,3,5,-2
122000244,9,180,-171
122000245,25,106,-81
122000246,37,31,6
122000247,80,407,-327
122000248,371,505,-134
122000249,42,27,15
122000250,93,22,71
122000251,71,132,-61
122000252,28,7,21
122000253,7,151,-144
122000254,9,5,4
122000255,49,66,-17
122000256,145,1318,-1173
122000257,61,283,-222
122000258,33,65,-32
122000259,6,300,-294
122000260,3,72,-69
122000261,0,4,-4
122000262,0,54,-54
122000263,9,74,-65
122000264,0,0,0
122000265,0,0,0
122000266,0,0,0
122000267,0,0,0
122000268,0,0,0
122000269,0,0,0
122000270,0,0,0
122000271,0,0,0
122000272,0,0,0
122000273,3,9,-6
122000274,0,2,-2
122000275,1,6,-5
122000276,35,77,-42
122000277,138,227,-89
122000278,119,112,7
122000279,37,251,-214
122000280,328,426,-98
122000281,124,341,-217
122000282,9,39,-30
122000283,141,35,106
122000284,41,44,-3
122000285,142,113,29
122000286,60,123,-63
122000287,17,7,10
122000288,37,6,31
122000291,168,79,89
122000293,48,40,8
122000294,0,0,0
122000295,9,1,8
122000296,7,107,-100
122000297,511,177,334
122000299,24,80,-56
122000300,132,258,-126
122000301,2713,321,2392
122000302,145,49,96
122000303,2704,556,2148
122000304,6,69,-63
122000305,215,44,171
122000306,4,380,-376
122000307,51,53,-2
122000309,18,190,-172
122000310,2,7,-5
122000311,25,15,10
122000312,7,6,1
122000313,3,9,-6
122000314,8,35,-27
122000315,4,2,2
122000316,37,2,35
122000317,58,8,50
122000318,2,6,-4
122000319,112,225,-113
122000320,68,949,-881
122000321,16,328,-312
122000322,658,196,462
122000323,370,230,140
122000324,217,331,-114
122000325,42,189,-147
122000326,0,0,0
122000327,37,93,-56
122000328,113,378,-265
122000330,258,48,210
122000332,14,119,-105
122000333,0,123,-123
122000337,165,1014,-849
122000338,55,245,-190
122000340,57,32,25
122000342,630,461,169
122000343,36,592,-556
122000344,0,0,0
122000345,3,5,-2
122000346,30,27,3
122000348,65,180,-115
122000349,4,248,-244
122000351,0,2,-2
122000352,34,10,24
122000353,2,66,-64
122000355,1,0,1
122000356,1058,449,609
122000357,0,0,0
122000358,0,0,0
122000359,0,0,0
122000360,0,0,0
122000362,1,44,-43
122000364,15,132,-117
122000365,0,0,0
122000366,1,1,0
122000368,97,173,-76
122000370,0,18,-18
122000371,0,0,0
122000372,0,0,0
122000381,9,100,-91
122000382,3,37,-34
122000384,813,454,359
122000385,0,0,0
122000386,14,77,-63
122000387,48,117,-69
122000388,76,49,27
122000389,97,369,-272
122000390,22,46,-24
122000391,0,0,0
122000392,16,50,-34
122000393,1,11,-10
122000394,7,86,-79
122000395,10,47,-37
122000396,13,25,-12
122000397,6,37,-31
122000398,0,0,0
122000399,3,1,2
122000400,0,0,0
122000401,39,50,-11
122000402,0,0,0
122000403,143,1090,-947
122000404,27,10,17
122000408,169,350,-181
122000503,0,0,0
122000524,0,0,0
122000544,0,0,0
122000616,641,12,629
122000640,3,25,-22
122000641,1,53,-52
122000642,9,81,-72
122000643,0,0,0
122000644,47,53,-6
122000645,130,186,-56
122000651,214,241,-27
122000664,28,5,23
122000665,488,315,173
122000666,94,203,-109
122000673,28,210,-182
122000674,104,16,88
122000675,175,462,-287
122000686,3,13,-10
122000687,23,209,-186
122000688,9,11,-2
122000689,103,425,-322
122000690,112,609,-497
122000691,14,27,-13
122000692,157,279,-122
122000693,22,29,-7
122000695,80,268,-188
122000696,7,20,-13
122000698,40,553,-513
122000699,41,3,38
122000701,116,173,-57
122000702,34,8,26
122000703,0,0,0
122000717,215,27,188
122000718,16,8,8
122000719,0,1,-1
122000720,6,17,-11
122000724,69,19,50
122900001,0,0,0
122900002,0,0,0
122900003,0,0,0
122900004,0,0,0
122900005,0,0,0
122900006,0,0,0
122900007,0,0,0
122900008,0,0,0
122900009,0,0,0
122900010,0,0,0
122900012,0,0,0
122900014,0,0,0
122900015,0,0,0
122900016,0,0,0
122900017,0,0,0
122900018,0,0,0
122900019,0,30,-30
122900020,0,0,0
122900021,0,0,0
122900022,10,69,-59
122900023,8,17,-9
122900024,5,4,1
122900025,0,0,0
122900026,0,0,0
122900027,1,57,-56
122900028,0,0,0
122900029,0,0,0
122900030,348,19,329
122900031,0,0,0
122900032,10,17,-7
122900033,0,0,0
122900034,0,0,0
122900035,0,0,0
122900036,0,0,0
122900037,0,0,0
122900038,0,65,-65
122900039,0,0,0
122900040,0,0,0
122900041,0,0,0
122900042,0,0,0
122900043,0,0,0
122900044,0,0,0
122900045,0,0,0
122900046,0,0,0
122900047,0,0,0
122900048,0,0,0
122900049,0,0,0
122900051,0,0,0
122900052,0,2,-2
122900053,0,0,0
122900055,0,0,0
122900057,0,0,0
122900061,0,0,0
122900062,24,11,13
122900063,0,0,0
122900064,0,0,0
122900065,5,9,-4
122900066,8,7,1
122900067,0,0,0
122900068,0,0,0
122900069,3,17,-14
122900070,3,3,0
122900071,0,24,-24
122900072,0,48,-48
122900073,0,0,0
122900074,0,0,0
122900075,0,9,-9
122900076,0,12,-12
122900077,0,48,-48
122900078,0,75,-75
122900080,0,0,0
122900081,0,0,0
122900082,0,0,0
122900083,0,0,0
122900084,0,0,0
122900086,0,0,0
122900087,0,0,0
122900088,0,0,0
122900089,0,0,0
122900090,1,46,-45
122900091,0,0,0
122900092,0,0,0
122900093,0,0,0
122900094,0,0,0
122900095,0,0,0
122900096,0,0,0
122900097,0,0,0
122900098,0,0,0
122900099,0,0,0
122900100,0,0,0
122900101,0,0,0
122900102,0,0,0
122900103,0,0,0
122900104,0,0,0
122900105,0,0,0
122900106,0,0,0
122900107,0,0,0
122900108,0,0,0
123000001,485,237,248
123000002,2201,649,1552
123000003,1028,718,310
123000004,1899,1984,-85
123000005,240,433,-193
123000006,1225,1527,-302
123000007,310,399,-89
123000008,988,2372,-1384
123000009,1069,917,152
123000010,3068,3259,-191
123000011,493,319,174
123000012,538,1759,-1221
123000013,564,184,380
123000014,856,2355,-1499
123000015,1019,263,756
123000016,3615,1825,1790
123000017,487,198,289
123000018,4,27,-23
123000019,3,10,-7
123000020,0,4,-4
123000021,0,1,-1
123000022,5,9,-4
123000023,127,164,-37
123000024,83,60,23
123000025,2,9,-7
123000026,1,7,-6
123000027,12,82,-70
123000028,11,2,9
123000029,68,86,-18
123000030,3,357,-354
123000031,3,25,-22
123000032,6,28,-22
123000033,3,1,2
123000034,65,78,-13
123000035,18,6,12
123000036,30,22,8
123000037,54,168,-114
123000038,23,100,-77
123000039,207,235,-28
123000040,540,222,318
123000041,95,22,73
123000042,165,254,-89
123000043,361,297,64
123000044,1575,796,779
123000045,4118,789,3329
123000046,14,16,-2
123000047,1225,293,932
123000048,0,0,0
123000049,1214,239,975
123000050,117,109,8
123000051,2,7,-5
123000052,134,339,-205
123000053,1023,501,522
123000054,471,287,184
123000055,150,168,-18
123000056,309,822,-513
123000057,5678,1477,4201
123000058,71,73,-2
123000059,45,55,-10
123000060,74,109,-35
123000061,24,71,-47
123000063,131,260,-129
123000064,147,96,51
123000065,2641,1294,1347
123000066,425,259,166
123000067,51,136,-85
123000068,1268,1445,-177
123000069,5583,1772,3811
123000070,38,90,-52
123000071,32,95,-63
123000072,318,615,-297
123000073,32,71,-39
123000074,236,778,-542
123000075,26,79,-53
123000076,67,343,-276
123000077,986,1159,-173
123000078,73,131,-58
123000079,49,125,-76
123000080,437,987,-550
123000081,54,98,-44
123000082,97,212,-115
123000083,40,6,34
123000084,57,251,-194
123000085,4,11,-7
123000086,9,70,-61
123000087,5,73,-68
123000088,178,379,-201
123000089,29,72,-43
123000090,411,638,-227
123000091,90,55,35
123000092,296,381,-85
123000094,38,30,8
123000095,11,24,-13
123000096,9,16,-7
123000097,76,449,-373
123000098,15,26,-11
123000099,142,345,-203
123000100,156,139,17
123000101,27,15,12
123000102,62,152,-90
123000104,44,108,-64
123000105,222,196,26
123000106,73,114,-41
123000107,90,202,-112
123000108,368,386,-18
123000111,25,15,10
123000112,41,51,-10
123000113,111,726,-615
123000114,14,13,1
123000115,19,71,-52
123000116,10,38,-28
123000117,166,753,-587
123000118,98,357,-259
123000119,53,342,-289
123000120,76,239,-163
123000121,81,102,-21
123000122,199,144,55
123000123,87,85,2
123000124,271,288,-17
123000125,68,20,48
123000126,93,93,0
123000127,1533,545,988
123000128,85,201,-116
123000129,0,0,0
123000130,0,0,0
123000131,40,188,-148
123000132,127,272,-145
123000133,125,266,-141
123000134,171,66,105
123000135,115,171,-56
123000136,73,643,-570
123000137,23,235,-212
123000138,12,263,-251
123000139,0,0,0
123000140,51,386,-335
123000141,0,0,0
123000142,365,491,-126
123000143,388,1228,-840
123000144,3,9,-6
123000145,26,24,2
123000146,1,20,-19
123000147,5,13,-8
123000149,0,0,0
123000150,0,0,0
123000151,60,50,10
123000152,28,197,-169
123000153,43,59,-16
123000154,410,203,207
123000155,780,231,549
123000156,13,36,-23
123000157,121,338,-217
123000158,0,0,0
123000159,440,243,197
123000160,97,38,59
123000161,270,45,225
123000162,52,33,19
123000163,0,0,0
123000164,0,0,0
123000165,73,655,-582
123000166,10,79,-69
123000167,3,124,-121
123000168,29,161,-132
123000169,0,0,0
123000170,0,158,-158
123000171,0,36,-36
123000172,34,360,-326
123000173,0,0,0
123000174,0,0,0
123000175,353,715,-362
123000176,0,0,0
123000177,72,366,-294
123000178,0,0,0
123000179,6,253,-247
123000180,205,18,187
123000181,60,680,-620
123000182,11,137,-126
123000183,36,29,7
123000184,19,301,-282
123000185,0,0,0
123000186,3,427,-424
123000187,1,2,-1
123000188,1,2,-1
123000189,8,57,-49
123000190,1,17,-16
123000192,4,177,-173
123000193,15,169,-154
123000194,136,104,32
123000195,0,0,0
123000196,0,2,-2
123000197,0,69,-69
123000198,2,103,-101
123000199,3,200,-197
123000200,0,0,0
123000201,0,0,0
123000202,15,677,-662
123000203,0,0,0
123000204,12,619,-607
123000205,56,931,-875
123000206,59,3,56
123000207,18,374,-356
123000208,13,6,7
123000209,110,21,89
123000210,120,576,-456
123000211,195,1097,-902
123000212,0,0,0
123000213,0,0,0
123000215,369,39,330
123000216,0,0,0
123000217,0,0,0
123000218,42,85,-43
123000219,0,0,0
123000220,0,0,0
123000221,0,0,0
123000222,14,32,-18
123000223,10,19,-9
123000224,14,87,-73
123000225,8,48,-40
123000226,2,215,-213
123000227,9,155,-146
123000228,3,33,-30
123000229,366,970,-604
123000232,21,249,-228
123000233,0,0,0
123000234,29,356,-327
123000235,0,0,0
123000236,49,510,-461
123000237,3,2,1
123000238,19,371,-352
123000239,152,1144,-992
123000240,10,74,-64
123000241,0,0,0
123000242,19,57,-38
123000243,241,575,-334
123000244,371,398,-27
123000245,37,133,-96
123000249,901,407,494
123000252,5,0,5
123000253,11,6,5
123000254,30,384,-354
123000255,54,88,-34
123000256,12,121,-109
123000257,916,963,-47
123000258,197,574,-377
123000259,30,125,-95
123000260,27,256,-229
123000261,46,107,-61
123000262,23,94,-71
123000263,10,16,-6
123000264,8,2,6
123000265,4,49,-45
123000266,54,225,-171
123000267,9,2,7
123000268,6,16,-10
123000269,0,0,0
123000270,0,0,0
123000271,9,20,-11
123000272,0,0,0
123000273,4,4,0
123000274,13,3,10
123000275,80,603,-523
123000278,732,727,5
123000279,0,0,0
123000280,14,102,-88
123000281,0,0,0
123000282,28,112,-84
123000283,0,0,0
123000284,3,54,-51
123000286,110,48,62
123000287,104,53,51
123000288,15,7,8
123000289,6,3,3
123000291,138,523,-385
123000294,14,38,-24
123000295,210,39,171
123000296,26,14,12
123000297,2,9,-7
123000298,9,62,-53
123000299,0,0,0
123000300,37,123,-86
123000301,13,54,-41
123000302,6,20,-14
123000303,0,4,-4
123000305,409,277,132
123000306,4,103,-99
123000309,4,37,-33
123000310,0,0,0
123000311,2,129,-127
123000312,182,305,-123
123000313,0,0,0
123000315,4,25,-21
123000316,0,0,0
123000317,0,0,0
123000318,2,58,-56
123000329,191,45,146
123000337,1,63,-62
123000338,24,5,19
123000339,3,380,-377
123000340,4,33,-29
123000342,2,20,-18
123000343,0,0,0
123000344,186,85,101
123000345,94,189,-95
123000346,0,0,0
123000352,757,477,280
123000353,8,63,-55
123000354,19,0,19
123000355,1,188,-187
123000356,6,1,5
123000357,0,116,-116
123000359,1,103,-102
123000360,0,0,0
123000361,154,83,71
123000362,11,71,-60
123000363,6,126,-120
123000364,45,26,19
123000365,12,98,-86
123000366,138,247,-109
123000367,64,394,-330
123000370,10,170,-160
123000371,0,0,0
123000372,4,0,4
123000373,3,194,-191
123000374,2,96,-94
123000375,1,3,-2
123000376,72,97,-25
123000377,3,0,3
123000378,1,222,-221
123000379,0,87,-87
123000380,4,71,-67
123000381,4,0,4
123000382,45,6,39
123000383,46,249,-203
123000384,25,1,24
123000385,56,347,-291
123000436,29,298,-269
123000507,17,32,-15
123000508,9,101,-92
123000517,231,17,214
123000518,8,73,-65
123000519,160,49,111
123000520,18,71,-53
123000521,106,97,9
123000522,46,186,-140
123000541,0,0,0
123000542,0,12,-12
123000565,41,3,38
123000566,26,307,-281
123000567,21,73,-52
123000573,33,611,-578
123000574,0,0,0
123000575,100,863,-763
123000576,38,1384,-1346
123000577,59,354,-295
123000578,0,0,0
123000579,537,78,459
123000580,53,2,51
123000582,3,3,0
123000583,5,310,-305
123000584,0,0,0
123000585,1,50,-49
123000586,5,0,5
123000596,34,38,-4
123000597,0,0,0
123000602,0,0,0
123000603,31,226,-195
123000604,15,571,-556
123000605,416,51,365
123000606,3,1025,-1022
123000609,5,199,-194
123000610,4,5,-1
123000613,89,150,-61
123000614,0,0,0
123000615,77,226,-149
123000616,0,0,0
123000617,49,588,-539
123000618,14,461,-447
123000619,0,0,0
123000620,48,393,-345
123000622,0,0,0
123000624,0,0,0
123000630,27,58,-31
123000631,49,839,-790
123000632,334,450,-116
123000633,0,49,-49
123000634,0,0,0
123000635,102,54,48
123000636,11,231,-220
123000637,0,0,0
123000638,0,0,0
123000639,0,0,0
123000640,2,616,-614
123000648,0,0,0
123000649,7,208,-201
123900001,10,1,9
123900002,0,0,0
123900003,0,0,0
123900005,0,0,0
123900006,0,0,0
124000001,283,0,283
124000002,94,701,-607
124000003,19,4,15
124000004,19,339,-320
124000005,18,2,16
124000006,118,812,-694
124000007,13,1,12
124000008,11,216,-205
124000009,4,6,-2
124000010,33,334,-301
124000011,6,3,3
124000012,62,480,-418
124000017,0,0,0
124000018,48,65,-17
124000019,0,0,0
124000020,16,130,-114
124000021,0,0,0
124000022,36,125,-89
124000023,287,150,137
124000024,287,317,-30
124000025,168,115,53
124000026,406,318,88
124000027,1067,316,751
124000028,1538,1620,-82
124000030,1436,505,931
124000031,80,5,75
124000032,2203,405,1798
124000033,73,4,69
124000034,1028,380,648
124000035,14,2,12
124000036,29,358,-329
124000037,32,9,23
124000038,3,57,-54
124000039,160,39,121
124000040,121,318,-197
124000041,79,9,70
124000042,26,228,-202
124000043,15,17,-2
124000044,16,184,-168
124000045,15,5,10
124000046,67,556,-489
124000047,13,7,6
124000048,168,1140,-972
124000049,9,3,6
124000050,160,1301,-1141
124000051,4,4,0
124000052,127,729,-602
124000053,9,14,-5
124000054,279,439,-160
124000055,26,22,4
124000056,1524,945,579
124000057,21,9,12
124000058,155,852,-697
124000059,23,59,-36
124000060,470,432,38
124000061,59,143,-84
124000062,3334,756,2578
124000063,687,914,-227
124000064,675,893,-218
124000065,17,64,-47
124000066,0,0,0
124000067,0,0,0
124000068,4,31,-27
124000069,0,0,0
124000070,35,210,-175
124000071,0,0,0
124000072,32,129,-97
124000073,0,0,0
124000074,42,308,-266
124000075,0,0,0
124000076,5,154,-149
124000077,303,294,9
124000078,13,1,12
124000079,258,329,-71
124000080,0,0,0
124000081,34,355,-321
124000082,0,0,0
124000083,5,62,-57
124000084,4,5,-1
124000085,8,30,-22
124000086,0,0,0
124000087,0,0,0
124000088,9,12,-3
124000089,16,10,6
124000090,25,285,-260
124000091,15,15,0
124000092,37,436,-399
124000093,0,0,0
124000094,9,52,-43
124000095,0,0,0
124000096,23,54,-31
124000097,0,0,0
124000098,10,45,-35
124000099,1,2,-1
124000100,4,100,-96
124000101,5,11,-6
124000102,29,82,-53
124000103,6,3,3
124000104,17,85,-68
124000105,1,10,-9
124000106,7,72,-65
124000107,1,12,-11
124000108,10,23,-13
124000109,0,0,0
124000110,10,48,-38
124000111,13,29,-16
124000112,23,102,-79
124000113,0,0,0
124000114,12,63,-51
124000115,44,79,-35
124000116,0,0,0
124000117,32,25,7
124000118,1,1,0
124000119,68,207,-139
124000120,7,37,-30
124000121,202,26,176
124000122,487,428,59
124000123,62,40,22
124000124,115,360,-245
124000125,88,50,38
124000126,143,311,-168
124000127,47,61,-14
124000128,174,608,-434
124000129,185,364,-179
124000130,407,289,118
124000131,127,103,24
124000132,491,536,-45
124000133,57,69,-12
124000134,201,327,-126
124000135,140,134,6
124000136,281,390,-109
124000137,82,57,25
124000138,306,376,-70
124000139,0,0,0
124000140,10,149,-139
124000141,0,0,0
124000142,0,33,-33
124000143,0,0,0
124000144,5,8,-3
124000145,0,0,0
124000146,1,73,-72
124000148,0,0,0
124000149,6,2,4
124000150,118,247,-129
124000151,7,0,7
124000152,146,409,-263
124000153,13,10,3
124000154,236,435,-199
124000155,13,9,4
124000156,486,402,84
124000169,4,19,-15
124000170,186,133,53
124000171,5,9,-4
124000172,60,210,-150
124000173,11,23,-12
124000174,37,297,-260
124000175,10,76,-66
124000176,0,0,0
124000177,11,25,-14
124000178,0,0,0
124000190,22,3,19
124000191,72,15,57
124000192,22,7,15
124000193,112,657,-545
124000194,115,353,-238
124000195,34,141,-107
124000196,344,579,-235
124000197,16,13,3
124000198,1,2,-1
124000201,7,430,-423
124000202,1,28,-27
124000203,7,513,-506
124000204,4,153,-149
124000205,3,326,-323
124000206,10,130,-120
124000207,0,102,-102
124000209,55,296,-241
124000210,6,141,-135
124000211,3,0,3
124000212,2,281,-279
124000213,5,217,-212
124000214,3,227,-224
124000215,0,0,0
124000216,2,301,-299
124000329,35,1154,-1119
124000338,34,600,-566
124000339,7,0,7
124000341,12,0,12
124000344,1,1,0
124000357,80,63,17
124000358,208,118,90
124000359,53,28,25
124000360,27,20,7
124000361,45,28,17
124000362,559,1265,-706
124000363,108,469,-361
124000364,273,928,-655
124000365,542,1244,-702
124000366,1724,1005,719
124000367,80,293,-213
124000368,8,0,8
124000369,9,5,4
124000370,29,379,-350
124000402,0,0,0
124000403,0,0,0
124000404,3,48,-45
124000405,204,82,122
124000406,357,511,-154
124000407,2,8,-6
124000411,1,146,-145
124000412,0,0,0
124000413,0,0,0
124000414,7,19,-12
124000415,14,71,-57
124000416,28,170,-142
124000417,9,17,-8
124000418,3,18,-15
124000419,9,89,-80
124000420,1,15,-14
124000421,9,144,-135
124000422,5,3,2
124000423,8,7,1
124000424,0,44,-44
124000425,0,0,0
124000426,10,30,-20
124000427,0,0,0
124000428,5,11,-6
124000429,1,240,-239
124000430,33,145,-112
124000431,26,194,-168
124000432,54,205,-151
124000439,0,0,0
124000443,4,11,-7
124000445,13,5,8
124000446,803,35,768
124900001,0,0,0
124900002,0,0,0
124900003,0,0,0
124900004,0,0,0
124900005,0,0,0
124900006,0,0,0
124900008,0,0,0
124900009,0,0,0
124900010,0,0,0
124900011,0,0,0
124900012,0,0,0
124900013,0,0,0
124900014,0,0,0
124900015,0,0,0
124900016,0,0,0
124900017,0,0,0
124900018,0,0,0
124900020,0,0,0
124900021,0,0,0
124900022,0,0,0
124900024,0,0,0
124900026,0,0,0
124900027,0,0,0
124900028,0,0,0
124900029,0,0,0
124900030,0,0,0
124900031,0,0,0
124900032,0,0,0
124900033,0,0,0
124900034,0,0,0
124900035,0,0,0
124900036,0,0,0
124900037,2,0,2
124900038,0,0,0
124900039,0,0,0
124900040,0,0,0
124900041,3,56,-53
124900042,0,0,0
124900043,21,128,-107
124900044,0,0,0
124900045,33,51,-18
124900046,90,10,80
124900047,6,24,-18
124900048,5,12,-7
124900050,7,44,-37
124900052,5,39,-34
124900053,3,87,-84
124900054,738,52,686
124900055,0,26,-26
124900057,3,33,-30
124900060,8,44,-36
124900061,0,0,0
124900062,0,0,0
124900066,0,10,-10
124900067,1,46,-45
124900068,0,0,0
124900070,0,0,0
124900072,0,0,0
124900075,0,0,0
124900076,0,0,0
124900077,0,0,0
124900078,0,0,0
124900079,7,1,6
124900080,8,75,-67
124900081,0,0,0
124900082,0,1,-1
124900083,4,50,-46
124900085,0,0,0
124900086,0,0,0
124900087,0,0,0
124900088,0,0,0
124900089,142,1,141
124900090,0,0,0
124900091,0,0,0
124900092,0,0,0
124900093,0,0,0
124900094,0,0,0
124900095,0,0,0
124900096,0,0,0
124900097,0,0,0
124900098,0,0,0
124900099,0,0,0
124900100,0,0,0
124900101,0,0,0
124900102,0,0,0
124900103,0,2,-2
124900104,0,3,-3
124900105,0,3,-3
124900106,0,0,0
124900107,0,0,0
124900108,0,0,0
124900111,0,22,-22
124900112,4,123,-119
124900113,0,8,-8
124900114,0,3,-3
124900115,0,0,0
124900116,0,0,0
124900117,0,0,0
124900118,0,0,0
124900119,0,0,0
124900120,20,69,-49
124900121,0,0,0
124900122,131,28,103
124900123,0,0,0
124900124,18,8,10
204000001,0,0,0
204000002,0,0,0
204000003,0,0,0
204000004,0,0,0
204000005,0,0,0
204000006,0,0,0
204000011,33,93,-60
204000012,15,177,-162
204000019,237,138,99
204000020,79,155,-76
204000021,329,192,137
204000022,62,107,-45
204000023,207,1107,-900
204000031,0,0,0
204000032,0,0,0
204000034,81,524,-443
204000035,10,9,1
204000036,16,34,-18
204000037,5,18,-13
204000038,2,28,-26
204000039,12,50,-38
204000040,12,24,-12
204000041,11,36,-25
204000042,0,0,0
204000043,0,0,0
204000044,0,0,0
204000045,0,0,0
204000046,0,0,0
204000057,7,57,-50
204000062,49,166,-117
204000068,56,124,-68
204000069,11,87,-76
204000070,0,0,0
204000080,30,52,-22
204000085,497,793,-296
204000086,1481,1125,356
204000087,93,160,-67
204000088,29,112,-83
204000090,88,590,-502
204000093,0,0,0
204000096,5,6,-1
204000097,0,0,0
204000099,32,25,7
204000100,5,12,-7
204000105,684,806,-122
204000110,399,909,-510
204000111,181,564,-383
204000112,166,623,-457
204000113,202,462,-260
204000114,81,74,7
204000115,52,64,-12
204000116,99,117,-18
204000119,0,4,-4
204000132,0,0,0
204000133,0,0,0
204000134,0,0,0
204000135,0,0,0
204000136,0,0,0
204000138,0,0,0
204000140,0,0,0
204000141,0,0,0
204000144,0,0,0
204000145,0,0,0
204000146,147,412,-265
204000147,22,110,-88
204000148,0,0,0
204000154,0,0,0
204000155,4,19,-15
204000177,0,0,0
204000179,0,0,0
204000180,0,114,-114
204000222,2,14,-12
204000235,34,29,5
204000236,45,285,-240
204000238,0,0,0
204000240,38,89,-51
204000263,279,710,-431
204000268,4,3,1
204000308,0,0,0
204000317,39,60,-21
204000322,18,31,-13
204000323,0,0,0
204000328,0,0,0
204000329,95,161,-66
204000330,0,0,0
204000331,109,191,-82
204010341,0,0,0
205000001,1112,572,540
205000013,1,78,-77
205000014,10,149,-139
205000015,20,269,-249
205000016,10,164,-154
205000017,44,73,-29
205000022,182,478,-296
205000025,1425,791,634
205000029,60,34,26
205000045,20,198,-178
205000046,47,536,-489
205000047,30,465,-435
205000048,79,823,-744
205000049,76,673,-597
205000050,1082,280,802
205000059,2,282,-280
205000060,0,33,-33
205000061,2,10,-8
205000062,0,25,-25
205000063,1,43,-42
205000064,29,117,-88
205000065,29,416,-387
205000066,35,765,-730
205000067,14,1042,-1028
205000069,438,289,149
205000082,0,0,0
205000110,24,224,-200
205000111,127,208,-81
205000112,0,0,0
205000113,153,118,35
205000121,0,0,0
205000123,110,151,-41
205000126,0,0,0
205000127,0,0,0
205000128,0,0,0
205000129,0,0,0
205000130,0,0,0
205000131,0,0,0
205000132,0,0,0
205000133,0,0,0
205000134,0,0,0
205000137,74,95,-21
205000138,135,199,-64
205000139,8,52,-44
205000144,0,0,0
205000145,0,0,0
205000151,0,0,0
205000152,0,0,0
205000153,0,0,0
205000154,0,0,0
205000155,0,0,0
205000207,314,201,113
205000233,0,0,0
205000234,1,1,0
205000243,0,0,0
205000244,0,8,-8
205000245,22,298,-276
205000249,0,28,-28
205000250,0,0,0
205000264,1,78,-77
206000027,0,0,0
206000028,0,0,0
206000043,11,153,-142
206000053,15,32,-17
206000054,12,65,-53
206000055,7,82,-75
206000075,16,22,-6
206000076,12,33,-21
206000077,16,26,-10
206000078,8,27,-19
206000079,29,7,22
206000082,0,0,0
206000100,64,883,-819
206000103,13,37,-24
206000104,20,36,-16
206000105,14,25,-11
206000106,24,109,-85
206000108,729,187,542
206000125,0,0,0
206000157,411,1043,-632
206000170,1,452,-451
206000171,15,325,-310
206000172,12,976,-964
206000173,1,350,-349
206000174,12,236,-224
206000175,14,321,-307
206000176,19,422,-403
206000177,8,315,-307
206000178,0,223,-223
206000179,5,164,-159
206000180,29,284,-255
206000181,20,365,-345
206000182,66,316,-250
206000183,47,820,-773
206000184,16,490,-474
206000185,13,412,-399
206000186,116,1288,-1172
206000223,20,370,-350
206000226,0,0,0
206000227,0,0,0
206000237,19,335,-316
206000238,51,524,-473
206000239,817,1200,-383
206000240,0,59,-59
206000241,3,368,-365
206000242,19,531,-512
206000243,16,446,-430
206000244,74,991,-917
206000245,65,11,54
206000246,8,1,7
206000247,29,5,24
206000248,38,4,34
206000252,37,52,-15
206000258,38,62,-24
206000315,53,7,46
206000317,55,27,28
206000318,27,15,12
206000319,87,33,54
206000320,31,8,23
206000321,20,9,11
206000322,0,0,0
206000323,0,0,0
206000324,0,0,0
206000325,0,0,0
206000326,0,0,0
206000327,4,2,2
206000328,7,0,7
206000329,18,0,18
206000330,3,0,3
206000331,3,0,3
206000332,0,0,0
206000333,17,0,17
206000334,18,1,17
206000335,0,66,-66
206000361,18,345,-327
206000392,3,101,-98
206000405,24,0,24
206000441,0,0,0
206000498,4,11,-7
206000515,399,50,349
206000530,0,0,0
206000531,1,0,1
206000532,6,0,6
206000535,333,588,-255
206000536,14,131,-117
206000537,6,74,-68
206000613,7,0,7
207000001,114,482,-368
207000002,52,410,-358
207000003,49,343,-294
207000007,93,18,75
207000008,4,2,2
207000009,15,14,1
207000010,181,307,-126
207000012,0,0,0
207000015,313,865,-552
207000019,54,23,31
207000021,92,80,12
207000022,5,18,-13
207000023,20,14,6
207000024,5,2,3
207000025,1,7,-6
207000026,51,122,-71
207000027,18,122,-104
207000028,32,331,-299
207000029,150,546,-396
207000033,39,41,-2
207000034,23,7,16
207000039,0,0,0
207000040,0,0,0
207000041,0,0,0
207000042,0,0,0
207000043,0,0,0
207000051,35,401,-366
207000052,4,261,-257
207000053,431,891,-460
207000054,14,136,-122
207000055,53,201,-148
207000056,152,412,-260
207000057,154,339,-185
207000058,74,510,-436
207000059,36,804,-768
207000060,20,211,-191
207000061,4,22,-18
207000062,34,21,13
207000063,38,96,-58
207000064,137,66,71
207000065,61,109,-48
207000066,24,109,-85
207000067,8,72,-64
207000068,22,26,-4
207000069,308,135,173
207000082,5,35,-30
207000083,23,196,-173
207000084,5,3,2
207000085,34,3,31
207000086,11,2,9
207000106,0,0,0
207000107,0,0,0
207000108,0,0,0
207000109,0,0,0
207000110,0,0,0
207000111,0,0,0
207000112,0,0,0
207000114,8,35,-27
207000115,11,110,-99
207000116,9,216,-207
207000117,3,130,-127
207000118,1,127,-126
207000119,10,180,-170
207000123,0,0,0
207000124,0,0,0
207000125,0,0,0
207000126,0,0,0
207000134,3,32,-29
207000135,6,35,-29
207000148,0,0,0
207000149,30,27,3
207000152,96,367,-271
207000153,1916,964,952
207000154,103,41,62
207000159,22,255,-233
207000160,65,554,-489
207000238,0,45,-45
207000242,0,106,-106
207000248,20,25,-5
207000249,79,68,11
207000250,225,44,181
207000251,49,68,-19
207000252,33,80,-47
207000278,0,0,0
207000279,28,233,-205
207000280,16,6,10
207000281,34,479,-445
207000282,1,2,-1
207000283,32,87,-55
207000284,5,17,-12
207000285,0,0,0
207000291,12,125,-113
207000304,24,37,-13
207000306,32,456,-424
207000310,0,0,0
207000353,0,0,0
207000356,8,27,-19
207000357,0,0,0
207000358,0,0,0
207000415,1,129,-128
207000417,0,0,0
207000418,47,96,-49
207000438,0,4,-4
207000439,328,88,240
207000446,0,0,0
207000460,0,4,-4
207000466,85,214,-129
207000467,0,0,0
207000468,30,422,-392
207000476,2,14,-12
207000477,22,18,4
207000478,0,13,-13
207000523,0,9,-9
207000524,1,0,1
207000527,23,53,-30
207000530,0,0,0
207000531,0,0,0
207000532,0,0,0
207000534,0,0,0
207000535,28,124,-96
207000537,22,92,-70
207000540,8,127,-119
207000541,1,258,-257
207000548,6,245,-239
207000549,0,0,0
207000561,0,0,0
207000562,11,123,-112
207000567,224,274,-50
207000568,7,29,-22
207000569,16,380,-364
207000584,221,109,112
207000585,0,0,0
207000587,0,0,0
207000616,2,345,-343
207000617,0,0,0
207900008,12,51,-39
208000001,37,66,-29
208000002,39,49,-10
208000003,65,89,-24
208000004,102,80,22
208000005,1,33,-32
208000019,0,1,-1
208000020,0,0,0
208000021,31,251,-220
208000022,206,288,-82
208000028,90,48,42
208000033,113,301,-188
208000034,292,661,-369
208000037,0,0,0
208000040,1,10,-9
208000041,22,11,11
208000042,2,7,-5
208000047,22,224,-202
208000064,52,21,31
208000066,23,7,16
208000070,2,20,-18
208000071,10,25,-15
208000072,8,40,-32
208000080,25,32,-7
208000081,11,40,-29
208000082,37,185,-148
208000083,48,278,-230
208000084,0,0,0
208000085,309,309,0
208000086,206,628,-422
208000087,175,487,-312
208000089,215,350,-135
208000090,179,615,-436
208000093,24,81,-57
208000094,178,328,-150
208000095,353,207,146
208000104,5,18,-13
208000105,8,10,-2
208000114,0,0,0
208000115,53,240,-187
208000116,5,37,-32
208000117,0,6,-6
208000118,1,7,-6
208000155,166,638,-472
208000158,1071,1227,-156
208000186,70,10,60
208000204,111,458,-347
208000205,319,608,-289
208000282,2218,561,1657
209000004,55,48,7
209000005,5,16,-11
209000006,141,139,2
209000007,99,100,-1
209000010,107,104,3
209000011,48,126,-78
209000012,57,284,-227
209000013,60,529,-469
209000014,233,1313,-1080
209000025,58,41,17
209000026,246,31,215
209000027,104,1009,-905
209000028,185,1094,-909
209000029,258,961,-703
209000030,163,1491,-1328
209000031,4094,2134,1960
209000034,84,287,-203
209000035,45,165,-120
209000036,62,95,-33
209000037,62,147,-85
209000038,65,150,-85
209000039,53,138,-85
209000040,131,396,-265
209000041,171,369,-198
209000042,168,391,-223
209000043,184,338,-154
209000044,265,360,-95
209000045,52,188,-136
209000046,37,250,-213
209000047,39,105,-66
209000048,26,134,-108
209000049,66,189,-123
209000050,130,312,-182
209000051,141,379,-238
209000052,67,377,-310
209000062,13,97,-84
209000063,7,98,-91
209000064,7,114,-107
209000065,0,0,0
209000066,0,0,0
209000067,0,0,0
209000080,17,96,-79
209000082,0,0,0
209000091,10,54,-44
209000093,24,33,-9
209000094,191,88,103
209000110,0,0,0
209000111,168,618,-450
209000112,175,221,-46
209000113,240,207,33
209000114,128,125,3
209000115,75,177,-102
209000116,1737,496,1241
209000118,0,0,0
209000119,16,12,4
209000121,114,511,-397
209000135,0,0,0
209000142,691,453,238
209000143,7,25,-18
209000144,10,24,-14
209000229,28,111,-83
209000240,10,329,-319
209000259,127,175,-48
209000260,23,667,-644
209000261,2,302,-300
209000262,2,243,-241
209000263,0,57,-57
209000264,0,36,-36
209000265,0,0,0
209000266,0,0,0
209000267,0,0,0
209000268,0,0,0
210000037,0,0,0
210000047,0,0,0
210000048,0,0,0
210000049,0,0,0
210000052,6,96,-90
210000053,9,62,-53
210000054,37,48,-11
210000070,1,0,1
210000071,0,0,0
210000072,0,0,0
210000073,1,13,-12
210000074,0,74,-74
210000075,0,42,-42
210000076,3,115,-112
210000077,3,38,-35
210000078,12,20,-8
210000079,0,0,0
210000080,1,0,1
210000081,2,0,2
210000082,2,0,2
210000083,1,0,1
210000084,0,0,0
210000085,0,40,-40
210000086,2,91,-89
210000099,36,237,-201
210000100,20,200,-180
210000101,50,260,-210
210000105,41,71,-30
210000159,1,49,-48
210000163,144,146,-2
210000164,0,0,0
210000168,0,0,0
210000187,0,7,-7
210000188,0,24,-24
210000214,0,0,0
210000219,0,0,0
210000220,0,0,0
210000232,2,12,-10
210000233,1,13,-12
210000234,22,63,-41
210000235,30,92,-62
210000245,0,22,-22
210000246,0,0,0
210000258,5,121,-116
210000259,9,2,7
210000282,16,119,-103
210000285,1,43,-42
210000286,9,119,-110
210000290,0,0,0
210000295,12,37,-25
210000296,4,30,-26
210000320,0,0,0
210000321,0,0,0
210000338,24,89,-65
210000339,481,380,101
210000340,83,118,-35
210000341,98,122,-24
210000342,55,112,-57
210000343,60,143,-83
210000344,58,70,-12
210000345,106,67,39
210000346,3,34,-31
210000347,3,15,-12
210000348,25,12,13
210000349,12,21,-9
210000350,33,55,-22
210000351,49,82,-33
210000352,10,19,-9
210000353,5,34,-29
210000354,10,37,-27
210000355,2,24,-22
210000356,1,14,-13
210000357,1,8,-7
210000358,60,22,38
210000359,7,6,1
210000360,8,9,-1
210000361,3,9,-6
210000362,24,26,-2
210000363,110,12,98
210000364,17,8,9
210000365,4,1,3
210000366,3,5,-2
210000367,10,1,9
210000368,14,0,14
210000369,0,0,0
210000370,0,0,0
210000372,0,0,0
210000373,0,0,0
210000374,0,0,0
210000375,7,30,-23
210000376,10,54,-44
210000404,92,118,-26
210000439,0,0,0
210000472,0,0,0
210000482,0,0,0
210000564,101,0,101
210000567,0,2,-2
210000568,0,0,0
211000092,0,0,0
211000094,0,0,0
211000169,0,0,0
211000172,0,0,0
211000209,0,0,0
211000226,0,0,0
211000270,1,3,-2
211000275,0,0,0
211000276,0,0,0
211000279,0,0,0
211000281,0,0,0
211507980,0,0,0
211977296,0,0,0
212000003,0,0,0
212000004,0,9,-9
212000005,11,26,-15
212000006,12,68,-56
212000008,97,258,-161
212000009,14,142,-128
212000012,40,72,-32
212000013,13,55,-42
212000014,174,136,38
212000015,106,161,-55
212000016,320,474,-154
212000027,69,35,34
212000028,23,27,-4
212000029,9,25,-16
212000030,3,10,-7
212000031,4,11,-7
212000048,12,55,-43
212000049,14,18,-4
212000050,16,7,9
212000051,58,141,-83
212000052,84,280,-196
212000053,211,459,-248
212000054,11,12,-1
212000055,5,28,-23
212000056,0,1,-1
212000057,0,2,-2
212000058,1,0,1
212000070,48,207,-159
212000077,60,504,-444
212000099,11,17,-6
212000108,0,0,0
212000111,0,0,0
212000120,77,112,-35
212000138,24,20,4
212000156,4,68,-64
212000158,1,2,-1
212000159,22,13,9
212000160,42,38,4
212000161,0,0,0
212000310,3,25,-22
212000311,0,2,-2
212000374,13,15,-2
213000001,6,208,-202
213000005,8,1,7
213000006,25,5,20
213000007,0,0,0
213000009,0,0,0
213000010,0,0,0
213000011,0,0,0
213000012,59,167,-108
213000014,0,0,0
213000015,0,0,0
213000016,0,0,0
213000017,0,0,0
213000018,1,119,-118
213000019,1,93,-92
213000020,32,98,-66
213000021,2,71,-69
213000023,0,0,0
213000033,59,264,-205
213000034,6,7,-1
213000035,3,0,3
213000045,42,55,-13
213000046,34,24,10
213000047,237,60,177
213000056,0,0,0
213000069,0,0,0
213000073,0,13,-13
213000074,41,290,-249
213000075,0,0,0
213000076,0,0,0
213000085,2,32,-30
213000086,6,237,-231
213000091,0,0,0
213000092,0,0,0
213000099,92,296,-204
213000100,0,0,0
213000101,3,80,-77
213000102,3,211,-208
213000103,61,222,-161
213000104,48,170,-122
213000105,2,26,-24
213000106,5,147,-142
213000107,71,417,-346
213000108,4,351,-347
213000109,0,152,-152
213000110,4,26,-22
213000111,2,13,-11
213000112,117,63,54
213000115,0,0,0
213000116,21,149,-128
213000117,1,252,-251
213000118,65,84,-19
213000119,28,537,-509
213000120,47,555,-508
213000122,99,366,-267
213000123,512,403,109
213000124,26,656,-630
213000125,0,0,0
213000126,6,29,-23
213000127,22,74,-52
213000128,263,203,60
213000129,0,0,0
213000130,0,0,0
213000132,0,0,0
213000133,0,0,0
213000134,0,0,0
213000136,0,0,0
213000137,0,0,0
213000139,0,0,0
213000147,0,0,0
213000148,0,0,0
213000149,0,0,0
213000150,0,60,-60
213000151,2,55,-53
213000152,0,37,-37
213000153,0,12,-12
213000154,12,146,-134
213000155,16,222,-206
213000156,18,330,-312
213000157,416,359,57
213000158,72,369,-297
213000159,5,16,-11
213000163,0,0,0
213000165,0,0,0
213000171,1,108,-107
213000172,1,221,-220
213000173,1,167,-166
213000174,1,172,-171
213000175,1,97,-96
213000176,0,0,0
213000177,0,0,0
213000178,0,0,0
213000179,0,0,0
213000180,0,0,0
213000184,21,155,-134
213000188,0,0,0
213000189,0,0,0
213000190,29,421,-392
213000191,8,360,-352
213000192,16,327,-311
213000193,1619,140,1479
213000194,1,18,-17
213000195,12,280,-268
213000196,46,521,-475
213000197,13,3,10
213000198,0,0,0
213000200,56,610,-554
213000201,38,26,12
213000202,7,603,-596
213000203,91,2,89
213000204,6,0,6
213000205,4,3,1
213000206,3,0,3
213000207,0,0,0
213000208,0,0,0
213000209,0,0,0
213000210,0,0,0
213000211,0,8,-8
213000212,1,7,-6
213000213,2,17,-15
213000218,40,343,-303
213000219,0,0,0
213000220,0,0,0
213000223,0,0,0
213000224,0,0,0
213000225,0,0,0
213000226,0,0,0
213000227,0,0,0
213000228,0,0,0
213000229,0,0,0
213000230,0,0,0
213000232,10,214,-204
213000233,0,11,-11
213000234,1,57,-56
213000293,2,41,-39
213000294,0,0,0
213000295,5,44,-39
213000296,0,0,0
213000297,6,29,-23
213000298,21,36,-15
213000299,0,0,0
213000300,0,0,0
213000303,8,15,-7
213000304,5,9,-4
213000305,0,0,0
213000306,11,8,3
213000307,0,0,0
213000308,17,129,-112
213000309,0,0,0
213000310,0,0,0
213000311,101,246,-145
213000315,13,61,-48
213000316,0,0,0
213000322,3,28,-25
213000323,0,0,0
213000324,6,29,-23
213000325,0,0,0
213000326,0,7,-7
213000327,0,0,0
213000328,3,15,-12
213000329,0,0,0
213000340,62,917,-855
213000341,0,0,0
213000346,0,0,0
213000347,0,0,0
213000348,0,51,-51
213000349,1,3,-2
213000350,83,817,-734
213000366,10,112,-102
213000367,2,0,2
213000379,7,63,-56
213000386,2,103,-101
213000406,38,196,-158
213000417,49,19,30
213000425,0,0,0
213000426,0,0,0
213000427,2,71,-69
213000428,0,53,-53
213000429,2,0,2
213000430,0,84,-84
213000431,18,0,18
213000432,0,2,-2
213000433,1,26,-25
213000434,0,0,0
213000435,0,0,0
213000436,0,0,0
213000437,0,0,0
213000438,0,0,0
213000439,3,1,2
213000440,3,32,-29
213000441,1,1,0
213000442,0,11,-11
213000443,0,34,-34
213000444,3,27,-24
213000445,1,20,-19
213000446,1,0,1
213000447,0,0,0
213000448,0,0,0
213000449,0,0,0
213000450,0,0,0
213000451,0,0,0
213000452,0,0,0
213000453,13,112,-99
213000455,0,1,-1
213000456,0,30,-30
213000481,0,0,0
213000482,0,0,0
213000489,0,0,0
213000491,1,27,-26
213000492,0,0,0
213000493,1,14,-13
213000494,0,0,0
213000495,0,75,-75
213000496,0,0,0
213000497,10,181,-171
213000498,17,105,-88
213000499,22,297,-275
213000500,0,0,0
213000501,0,0,0
213000502,0,0,0
213000503,2,36,-34
213000504,3,82,-79
213000505,1,3,-2
213000506,0,11,-11
213000507,1,150,-149
213900016,0,7,-7
213900244,0,0,0
213900245,0,23,-23
218000003,7,17,-10
218000004,3,15,-12
218000005,0,0,0
218000006,8,38,-30
218000007,2,15,-13
218000012,207,35,172
218000013,43,129,-86
218000014,328,239,89
218000019,967,276,691
218000020,301,266,35
218000021,23,133,-110
218000022,6,84,-78
218000023,1,65,-64
218000024,1,41,-40
218000025,11,61,-50
218000026,11,81,-70
218000027,0,40,-40
218000028,3,12,-9
218000029,2,11,-9
218000030,27,76,-49
218000031,4,71,-67
218000032,2,52,-50
218000040,3,8,-5
218000046,28,153,-125
218000047,4,143,-139
218000048,16,214,-198
218000049,42,113,-71
218000050,123,246,-123
218000051,31,285,-254
218000052,0,31,-31
218000053,1,11,-10
218000054,5,21,-16
218000055,0,8,-8
218000056,1,23,-22
218000057,0,19,-19
218000064,0,1,-1
218000065,0,0,0
218000066,0,0,0
218000067,7,104,-97
218000068,36,101,-65
218000069,46,301,-255
218000070,62,378,-316
218000071,169,247,-78
218000072,487,263,224
218000078,264,785,-521
218000079,40,60,-20
218000080,69,130,-61
218000081,129,169,-40
218000082,7,70,-63
218000083,13,55,-42
218000084,64,197,-133
218000085,160,404,-244
218000086,28,161,-133
218000087,99,228,-129
218000090,9,90,-81
218000091,298,209,89
218000092,54,172,-118
218000093,67,99,-32
218000094,258,603,-345
218000099,272,253,19
218000100,104,231,-127
218000101,46,129,-83
218000102,97,184,-87
218000103,14,162,-148
218000104,6,32,-26
218000105,11,16,-5
218000106,8,22,-14
218000107,9,151,-142
218000108,1,82,-81
218000112,28,11,17
218000117,0,0,0
218000134,210,462,-252
218000135,12,36,-24
218000136,64,31,33
218000137,46,142,-96
218000138,3,50,-47
218000139,39,162,-123
218000140,54,83,-29
218000141,9,21,-12
218000142,57,148,-91
218000143,10,113,-103
218000144,4,24,-20
218000145,76,234,-158
218000146,40,139,-99
218000151,3,28,-25
218000152,37,77,-40
218000153,4,18,-14
218000154,3,5,-2
218000155,10,9,1
218000156,110,63,47
218000157,10,51,-41
218000158,1,17,-16
218000159,21,17,4
218000160,7,6,1
218000161,35,15,20
218000162,74,24,50
218000163,23,10,13
218000164,93,34,59
218000165,124,81,43
218000170,0,20,-20
218000171,18,11,7
218000172,4,11,-7
218000173,6,11,-5
218000174,3,7,-4
218000176,53,20,33
218000177,250,46,204
218000178,90,28,62
218000179,80,12,68
218000180,75,11,64
218000181,64,5,59
218000187,5,4,1
218000188,5,19,-14
218000189,7,29,-22
218000190,4,26,-22
218000191,58,75,-17
218000192,79,427,-348
218000193,471,406,65
218000194,33,525,-492
218000195,107,126,-19
218000196,154,258,-104
218000197,102,247,-145
218000198,1,74,-73
218000199,24,16,8
218000200,8,23,-15
218000201,0,4,-4
218000202,125,44,81
218000207,2,51,-49
218000208,30,18,12
218000211,10,30,-20
218000212,1,9,-8
218000213,79,46,33
218000214,4,11,-7
218000215,15,137,-122
218000217,3,107,-104
218000218,334,90,244
218000219,1,11,-10
218000220,64,200,-136
218000221,95,112,-17
218000222,10,29,-19
218000223,159,157,2
218000224,2,85,-83
218000225,211,49,162
218000226,96,80,16
218000230,0,0,0
218000232,27,33,-6
218000239,0,0,0
218000240,0,0,0
218000241,0,0,0
218000242,0,0,0
218000243,0,0,0
218000244,0,0,0
218000245,0,0,0
218000246,0,0,0
218000247,0,0,0
218000248,0,21,-21
218000249,0,2,-2
218000250,0,11,-11
218000251,0,11,-11
218000252,1,17,-16
218000253,0,2,-2
218000254,0,5,-5
218000255,0,8,-8
218000256,0,13,-13
218000267,445,512,-67
218000268,2,62,-60
218000269,4,20,-16
218000270,39,84,-45
218000271,44,148,-104
218000273,0,0,0
218000274,0,1,-1
218000275,18,52,-34
218000276,6,85,-79
218000278,15,32,-17
218000279,20,68,-48
218000280,0,28,-28
218000281,2,6,-4
218000282,77,30,47
218000284,1,0,1
218000301,18,85,-67
218000302,26,11,15
218000303,16,56,-40
218000316,504,451,53
218000317,256,564,-308
218000318,117,494,-377
218000319,350,1049,-699
218000320,275,564,-289
218000338,7,20,-13
218000345,30,68,-38
218000346,0,0,0
218000459,47,294,-247
218000490,5,25,-20
218000501,14,2,12
218000502,18,113,-95
218000503,6,1,5
218000504,33,2,31
218000505,13,137,-124
218000506,57,84,-27
218000508,0,2,-2
218000510,55,6,49
218000520,84,75,9
218000521,0,10,-10
218000522,0,77,-77
218000523,0,0,0
218000524,9,37,-28
218000525,2,6,-4
218000526,12,34,-22
218000529,9,29,-20
218000530,21,8,13
218000531,0,0,0
218000532,7,23,-16
218000534,0,0,0
218000537,0,0,0
218000538,58,62,-4
218000540,355,131,224
218000543,51,31,20
218000544,42,167,-125
218000545,20,22,-2
218000546,24,130,-106
218000547,41,43,-2
218000548,70,124,-54
218000549,71,65,6
218000550,136,458,-322
218000551,161,175,-14
218000552,71,15,56
218000553,3,30,-27
218000554,7,14,-7
218000555,1,16,-15
218000556,68,346,-278
218000557,138,67,71
218000558,0,1,-1
218000559,0,5,-5
218000560,0,7,-7
218000561,0,0,0
218000562,7,92,-85
218000563,13,19,-6
218000564,3,55,-52
218000565,10,9,1
218000566,15,5,10
218000567,3,5,-2
218000568,0,0,0
218000569,0,12,-12
218000570,4,3,1
218000571,0,17,-17
218000572,0,0,0
218000573,3,8,-5
218000574,0,12,-12
218000575,0,0,0
218000576,0,22,-22
218000577,0,0,0
218000578,0,35,-35
218000579,33,0,33
218000581,0,33,-33
218000582,1,1,0
218000583,0,0,0
218000584,0,15,-15
218000585,0,4,-4
218000586,1,36,-35
218000587,0,0,0
218000588,0,0,0
218000589,0,1,-1
218000590,0,0,0
218000591,0,15,-15
218000592,0,0,0
218000593,0,0,0
218000594,0,0,0
218000597,0,0,0
218000598,0,0,0
218000599,0,0,0
218000600,0,0,0
218000601,0,0,0
218000602,0,0,0
218000603,0,3,-3
218000604,0,0,0
218000605,0,10,-10
218000606,1,0,1
218000607,3,6,-3
218000608,0,2,-2
218000609,3,20,-17
218000610,0,3,-3
218000611,0,1,-1
218000612,2,7,-5
218000613,1,0,1
218000614,0,12,-12
218000615,1,4,-3
218000616,0,83,-83
218000617,1,0,1
218000618,0,9,-9
218000619,4,0,4
218000620,0,21,-21
218000621,0,2,-2
218000622,0,1,-1
218000623,4,2,2
218000624,0,0,0
218000625,3,0,3
218000626,0,4,-4
218000628,11,5,6
218000631,0,0,0
218000632,0,34,-34
218000633,0,0,0
218000634,2,13,-11
218000635,0,2,-2
218000636,375,884,-509
218000637,246,254,-8
218000638,0,0,0
218000639,11,311,-300
218000640,0,0,0
218000641,10,324,-314
218000652,104,145,-41
218000653,192,153,39
218000663,0,11,-11
218000675,2,5,-3
218000676,2,39,-37
218000677,14,21,-7
218000680,18,89,-71
218000681,0,0,0
218000691,25,92,-67
218000693,0,0,0
218000703,11,112,-101
218000718,81,171,-90
218000719,20,15,5
218000720,5,15,-10
218000721,0,1,-1
218000725,5,21,-16
218001147,2,152,-150
218001214,13,28,-15
218001258,0,0,0
218001329,0,0,0
218001330,36,23,13
218001351,0,0,0
218001352,0,0,0
218001353,0,0,0
218001354,1,2,-1
218001355,20,282,-262
218001356,0,9,-9
218001357,4,175,-171
218001358,0,0,0
218001361,0,3,-3
218001362,10,220,-210
219000001,15,55,-40
219000002,34,80,-46
219000003,190,27,163
219000004,213,82,131
219000017,26,21,5
219000020,26,5,21
219000022,16,2,14
219000023,32,0,32
219000029,2,51,-49
219000034,0,0,0
219000039,10,38,-28
219000040,4,18,-14
219000041,34,69,-35
219000051,0,102,-102
219000052,0,25,-25
219000053,1,183,-182
219000054,11,129,-118
219000055,23,0,23
219000056,2,1,1
219000057,23,0,23
219000062,7,135,-128
219000063,19,21,-2
219000064,3,22,-19
219000110,44,11,33
219000111,55,16,39
219000112,83,15,68
219000113,64,16,48
219000114,80,5,75
219000116,73,67,6
219000117,156,118,38
219000118,64,138,-74
219000123,159,78,81
219000124,32,48,-16
219000125,3,17,-14
219000126,21,43,-22
219000127,0,8,-8
219000128,14,145,-131
219000129,38,161,-123
219000130,1919,742,1177
219000131,1849,1548,301
219000133,23,88,-65
219000134,17,27,-10
219000135,163,121,42
219000136,252,256,-4
219000138,5,18,-13
219000139,0,62,-62
219000140,0,0,0
219000141,4,106,-102
219000142,2,60,-58
219000143,14,61,-47
219000145,2,15,-13
219000146,10,74,-64
219000147,1,52,-51
219000148,0,50,-50
219000149,24,182,-158
219000150,7,110,-103
219000151,3,106,-103
219000157,73,81,-8
219000158,74,251,-177
219000161,122,49,73
219000163,925,216,709
219000166,56,136,-80
219000167,46,243,-197
219000168,93,21,72
219000174,0,0,0
219000175,0,0,0
219000176,0,0,0
219000177,0,0,0
219000178,0,0,0
219000179,0,0,0
219000180,22,21,1
219000182,0,0,0
219000183,1,27,-26
219000184,0,0,0
219000185,3,122,-119
219000186,0,24,-24
219000187,4,82,-78
219000189,97,172,-75
219000190,192,225,-33
219000191,1254,546,708
219000192,209,548,-339
219000193,477,257,220
219000195,1,37,-36
219000196,3,92,-89
219000198,10,117,-107
219000199,32,112,-80
219000200,14,133,-119
219000201,40,125,-85
219000203,18,96,-78
219000204,26,130,-104
219000205,30,145,-115
219000207,60,190,-130
219000209,7,66,-59
219000210,25,80,-55
219000213,10,180,-170
219000239,66,93,-27
219000240,47,189,-142
219000241,12,135,-123
219000242,24,89,-65
219000243,36,251,-215
219000244,4,77,-73
219000245,6,38,-32
219000246,0,0,0
219000247,0,0,0
219000248,0,0,0
219000249,0,0,0
219000250,0,0,0
219000251,0,0,0
219000252,0,0,0
219000253,0,0,0
219000255,0,0,0
219000256,0,0,0
219000257,0,0,0
219000262,62,277,-215
219000263,34,184,-150
219000267,4,129,-125
219000268,6,13,-7
219000269,0,0,0
219000270,0,0,0
219000271,128,8,120
219000278,1,10,-9
219000279,0,6,-6
219000283,0,12,-12
219000295,11,92,-81
219000296,47,405,-358
219000297,9,140,-131
219000298,8,202,-194
219000299,0,0,0
219000300,14,352,-338
219000301,71,295,-224
219000302,11,166,-155
219000307,12,76,-64
219000308,50,81,-31
219000311,0,0,0
219000312,0,0,0
219000313,0,0,0
219000314,118,517,-399
219000315,0,0,0
219000316,0,0,0
219000317,0,0,0
219000320,0,35,-35
219000321,0,9,-9
219000323,4,54,-50
219000325,3,48,-45
219000326,43,156,-113
219000327,42,25,17
219000328,17,37,-20
219000329,429,213,216
219000330,14,59,-45
219000331,27,49,-22
219000332,0,0,0
219000333,0,0,0
219000335,0,0,0
219000337,0,0,0
219000338,0,0,0
219000344,44,61,-17
219000345,91,139,-48
219000346,34,173,-139
219000348,56,128,-72
219000349,18,196,-178
219000350,20,77,-57
219000351,0,5,-5
219000352,74,40,34
219000353,40,82,-42
219000354,84,172,-88
219000355,40,17,23
219000356,855,546,309
219000363,260,66,194
219000364,156,45,111
219000365,101,19,82
219000366,601,189,412
219000368,206,92,114
219000370,434,184,250
219000371,6,7,-1
219000382,5,30,-25
219000383,685,503,182
219000385,548,375,173
219000386,683,783,-100
219000387,0,3,-3
219000390,0,0,0
219000391,0,0,0
219000397,44,104,-60
219000398,85,57,28
219000401,2,24,-22
219000402,13,31,-18
219000403,13,53,-40
219000404,4,15,-11
219000407,1,16,-15
219000409,0,0,0
219000410,0,0,0
219000411,0,0,0
219000446,216,383,-167
219000447,1,30,-29
219000448,0,0,0
219000452,0,0,0
219000453,43,52,-9
219000454,127,59,68
219000556,0,0,0
219000558,48,201,-153
219000590,12,97,-85
219000591,0,0,0
219000592,73,371,-298
219000595,3,20,-17
219000635,0,0,0
219000636,6,81,-75
219000657,12,13,-1
219000658,8,36,-28
219000673,0,42,-42
219000676,0,2,-2
219000679,31,37,-6
219000684,24,1,23
219000685,0,63,-63
219000686,2,0,2
219000688,1,186,-185
219000689,94,65,29
219000690,0,0,0
219000691,42,38,4
219000692,1,24,-23
219000693,0,20,-20
219000694,0,0,0
219000695,0,0,0
219000698,0,0,0
219000699,0,10,-10
219000727,1,136,-135
219000728,49,3,46
219000770,0,0,0
219000771,2,25,-23
219000788,121,110,11
219001150,2,2,0
219001151,0,8,-8
219001166,0,0,0
219001167,2,31,-29
219001178,27,3,24
220000001,6,23,-17
220000002,5,89,-84
220000003,150,241,-91
220000004,238,386,-148
220000005,837,884,-47
220000006,73,507,-434
220000007,184,624,-440
220000008,130,819,-689
220000009,193,388,-195
220000010,23,34,-11
220000011,144,109,35
220000012,11,22,-11
220000014,3,50,-47
220000015,1,7,-6
220000017,2,131,-129
220000018,1055,131,924
220000019,32,67,-35
220000020,81,138,-57
220000021,174,88,86
220000022,245,470,-225
220000023,59,141,-82
220000024,860,333,527
220000025,298,346,-48
220000026,211,94,117
220000027,4,37,-33
220000028,10,30,-20
220000029,41,109,-68
220000030,27,65,-38
220000031,45,108,-63
220000064,0,0,0
221000046,8,5,3
221000047,0,0,0
221000048,0,0,0
221000049,0,16,-16
221000050,1,0,1
221000055,37,40,-3
221000057,22,1,21
221000068,122,38,84
221000069,42,16,26
221000070,41,3,38
221000071,2,2,0
221000072,37,7,30
221000073,11,27,-16
221000074,0,12,-12
221000075,5,23,-18
221000076,8,78,-70
221000077,10,101,-91
221000081,6,1,5
221000082,13,1,12
221000083,0,0,0
221000084,1,3,-2
221000085,17,75,-58
221000086,22,157,-135
221000087,3,126,-123
221000088,32,101,-69
221000089,48,166,-118
221000090,303,236,67
221000098,16,0,16
221000099,20,8,12
221000100,5,3,2
221000101,44,21,23
221000102,34,4,30
221000109,10,83,-73
221000110,3,150,-147
221000111,13,159,-146
221000112,4,157,-153
221000113,18,203,-185
221000114,15,206,-191
221000120,0,1,-1
221000121,0,0,0
221000122,0,0,0
221000123,0,4,-4
221000124,1,66,-65
221000155,0,0,0
221000156,0,0,0
221000175,0,0,0
221000176,0,0,0
221000182,41,0,41
221000241,390,71,319
221000242,411,282,129
221000243,125,45,80
221000244,110,275,-165
221000245,19,63,-44
221000246,26,173,-147
221000247,17,61,-44
221000248,24,111,-87
221000267,2,227,-225
221000325,0,8,-8
221000331,0,14,-14
221000338,0,0,0
221000378,0,0,0
221000381,4,17,-13
222000282,0,0,0
222000296,0,2,-2
222000568,0,0,0
222000569,0,0,0
222000570,0,0,0
222000571,0,0,0
222000577,0,58,-58
222000578,1,33,-32
222000579,8,19,-11
222000580,19,115,-96
222000599,0,9,-9
222000600,0,37,-37
222000601,0,65,-65
222000603,1,1,0
222000604,0,3,-3
222000605,0,0,0
222000606,0,1,-1
222000607,0,0,0
222000608,0,0,0
222000609,0,3,-3
222000616,0,0,0
222000617,0,0,0
222000618,0,0,0
222000620,0,0,0
222000621,0,0,0
222000623,0,0,0
222000624,0,0,0
222000625,0,8,-8
222000636,0,0,0
222000686,0,0,0
222000687,0,0,0
222001066,0,0,0
222001067,0,0,0
222001068,0,0,0
222001069,0,0,0
222001082,1,15,-14
222001083,0,11,-11
222001084,0,19,-19
222001085,0,26,-26
222001111,1,65,-64
222001112,0,0,0
222001313,0,0,0
222001314,2,8,-6
222001464,0,0,0
222001465,0,0,0
222001484,0,0,0
222001485,0,0,0
222001494,0,0,0
222001495,0,0,0
222001496,0,0,0
222001497,0,0,0
222001502,18,147,-129
222001503,0,0,0
222001504,13,252,-239
222001505,0,0,0
222001506,16,207,-191
222001507,0,0,0
222001510,0,0,0
222001511,13,218,-205
222001514,0,0,0
222001515,101,398,-297
222001518,0,0,0
222001519,12,252,-240
222001527,0,0,0
222001528,47,104,-57
222001529,0,0,0
222001530,20,138,-118
222001533,85,428,-343
222001534,0,0,0
222001535,0,0,0
222001536,0,0,0
222001537,0,0,0
222001538,30,220,-190
222001563,0,0,0
222001564,15,415,-400
222001568,0,46,-46
222001576,0,0,0
222001579,0,0,0
222001583,0,3,-3
222001584,0,0,0
222001596,53,547,-494
222001597,0,0,0
222001626,0,24,-24
222001650,1,36,-35
222001651,0,4,-4
222001914,0,0,0
222001915,40,110,-70
222001968,0,0,0
222001969,0,0,0
222001970,0,0,0
222001971,0,0,0
222001972,0,11,-11
225000001,19,3,16
225000002,32,6,26
225000003,34,4,30
225000004,14,6,8
225000005,1,6,-5
225000006,3,88,-85
225000007,2833,511,2322
225000010,73,3,70
225000011,0,0,0
225000012,0,0,0
225000013,0,0,0
225000014,0,0,0
225000015,53,152,-99
225000021,0,0,0
225000027,106,335,-229
225000032,0,0,0
225000042,28,524,-496
225000049,17,52,-35
225000050,41,5,36
225000053,2,112,-110
225000058,0,0,0
225000067,67,241,-174
225000068,33,411,-378
225000069,50,365,-315
225000070,53,379,-326
225000071,14,280,-266
225000075,27,465,-438
225000076,31,62,-31
225000078,0,0,0
225000085,0,0,0
225000086,0,0,0
225000087,0,0,0
225000088,1,76,-75
225000089,678,379,299
225000090,13,187,-174
225000091,31,223,-192
225000092,6,51,-45
225000093,52,449,-397
225000094,7,443,-436
225000095,179,540,-361
225000096,61,323,-262
225000098,23,5,18
225000099,12,14,-2
225000100,14,11,3
225000104,25,308,-283
225000110,8,286,-278
225000111,65,734,-669
225000112,46,650,-604
225000113,30,454,-424
225000114,29,215,-186
225000115,2145,233,1912
225000116,0,0,0
225000117,0,0,0
225000118,0,0,0
225000119,0,0,0
225000120,0,0,0
225000121,0,0,0
225000123,0,0,0
225000125,16,42,-26
225000126,206,8,198
225000127,372,41,331
225000128,8,13,-5
225000132,67,23,44
225000133,52,29,23
225000134,194,21,173
225000135,30,3,27
225000136,52,4,48
225000137,31,8,23
225000138,110,7,103
225000143,65,106,-41
225000144,1,214,-213
225000145,0,0,0
225000146,6,115,-109
225000147,6,219,-213
225000148,0,134,-134
225000149,74,286,-212
225000151,50,107,-57
225000155,146,237,-91
225000156,60,224,-164
225000157,78,210,-132
225000158,20,327,-307
225000171,0,145,-145
225000180,24,2,22
225000181,0,31,-31
225000182,0,0,0
225000185,7,151,-144
225000187,23,253,-230
225000191,0,0,0
225000194,1,21,-20
225000208,0,30,-30
225000209,1,1,0
225000210,3,78,-75
225000217,1,20,-19
225000218,0,0,0
225000223,0,35,-35
225000224,0,0,0
225000225,0,3,-3
225000226,0,0,0
225000227,40,50,-10
225000228,0,0,0
225000229,1,52,-51
225000230,0,0,0
225000231,0,105,-105
225000232,0,0,0
225000241,0,0,0
225000242,3,61,-58
225000249,0,0,0
225000250,34,441,-407
225000251,117,14,103
225000254,0,0,0
225000256,0,0,0
225000257,0,6,-6
226000042,97,257,-160
226000043,17,149,-132
226000044,57,606,-549
226000045,42,414,-372
226000046,105,39,66
226000047,89,24,65
226000048,107,17,90
226000049,90,22,68
226000070,1,53,-52
226000071,0,32,-32
226000072,0,8,-8
226000073,0,5,-5
226000074,1,9,-8
226000084,3,31,-28
226000085,1,10,-9
226000086,1,2,-1
226000087,0,9,-9
226000088,2,9,-7
226000090,9,3,6
226000091,1,1,0
226000092,0,0,0
226000093,0,2,-2
226000094,1,0,1
226000095,1,0,1
226000105,0,0,0
226000106,0,0,0
226000107,0,0,0
226000108,6,0,6
226000109,11,2,9
226000124,101,12,89
226000134,209,153,56
226000135,344,271,73
226000136,64,94,-30
226000137,2,241,-239
226000138,9,181,-172
226000139,0,17,-17
226000156,16,1,15
226000157,56,0,56
226000163,10,43,-33
226000202,5,264,-259
226000231,26,3,23
226000232,0,1,-1
227000033,0,0,0
227000036,0,0,0
227000037,0,0,0
227000038,0,0,0
227000084,0,38,-38
227000085,0,29,-29
227000088,0,0,0
227000089,0,0,0
227000090,0,0,0
227000091,0,0,0
227000092,0,0,0
227000093,0,0,0
227000094,0,0,0
227000130,11,61,-50
227000131,8,278,-270
227000132,7,247,-240
227000133,4,264,-260
227000134,11,352,-341
227000152,0,2,-2
227000153,0,41,-41
227000154,0,23,-23
227000155,0,23,-23
227000156,0,6,-6
227000165,0,31,-31
227000196,47,212,-165
227000199,12,348,-336
227000230,24,398,-374
227000232,0,0,0
227000242,67,365,-298
227000243,0,0,0
227000245,34,368,-334
227000246,71,537,-466
227000247,0,0,0
227000248,0,0,0
227000249,22,314,-292
227000250,12,2,10
227000251,131,321,-190
227000252,19,491,-472
227000253,0,0,0
227000262,0,0,0
227000266,0,0,0
227000267,25,1456,-1431
227000282,35,122,-87
227000284,0,0,0
227000286,21,74,-53
227000287,29,121,-92
227000291,54,404,-350
227000296,0,0,0
227000484,0,0,0
227000485,42,624,-582
227000655,0,0,0
227000656,0,0,0
227000657,0,0,0
227000661,0,0,0
227000680,0,0,0
229000265,2,15,-13
229000296,0,4,-4
229000297,1,14,-13
229000298,10,41,-31
229000320,2,0,2
229000321,2,0,2
229000412,1,27,-26
229000414,0,19,-19
229000415,0,1,-1
229000416,0,2,-2
229000417,0,2,-2
229000419,26,102,-76
229000440,34,5,29
229000442,2,1,1
229000443,0,0,0
229000444,0,12,-12
229000445,2,0,2
229000446,4,2,2
229000491,5,49,-44
229000492,31,141,-110
229000493,1,94,-93
229000494,35,32,3
229000495,160,140,20
229000496,17,109,-92
229000507,0,39,-39
229000508,7,27,-20
229000509,1,60,-59
229000510,1,56,-55
229000511,3,70,-67
229000512,0,40,-40
229000513,0,5,-5
229000514,0,5,-5
229000517,3,9,-6
229000518,4,46,-42
229000519,0,12,-12
229000520,7,32,-25
229000521,40,65,-25
229000522,3,35,-32
229000523,10,38,-28
229000524,5,39,-34
229000527,7,8,-1
229000528,0,4,-4
229000529,9,2,7
229000530,56,19,37
229000531,22,29,-7
229000532,24,21,3
229000533,287,87,200
229000534,102,27,75
229000564,79,20,59
229000565,17,17,0
229000566,0,40,-40
229000567,1,116,-115
229000582,305,24,281
229000583,9,20,-11
229000584,0,50,-50
229000585,15,58,-43
229000718,0,1,-1
229000719,0,0,0
229000720,0,24,-24
229000721,0,27,-27
229000722,0,33,-33
229000723,0,8,-8
229000724,0,6,-6
229000725,0,16,-16
229000738,10,0,10
229000739,1,0,1
229000740,3,0,3
229000741,61,2,59
229000742,28,1,27
229000743,58,5,53
229000744,3,2,1
229000745,5,0,5
229000746,86,1,85
229000847,53,4,49
229000848,34,0,34
229000849,412,9,403
229000851,28,1,27
229000854,0,25,-25
229000856,0,88,-88
229000857,0,32,-32
229000858,0,65,-65
229000919,7,82,-75
229000930,1,120,-119
229000937,327,42,285
229000966,130,56,74
229000981,8,46,-38
229000985,0,17,-17
229000986,0,2,-2
229000987,0,0,0
229000988,0,2,-2
229000989,0,1,-1
229000990,0,0,0
229000991,0,0,0
229000992,0,1,-1
229000993,14,2,12
229000998,8,13,-5
229000999,4,1,3
229001034,0,4,-4
229001035,1,2,-1
229001037,3,14,-11
229001042,2,0,2
229001047,0,18,-18
229001050,6,27,-21
229001168,0,20,-20
229001200,1,1,0
229001338,0,11,-11
229001394,243,3,240
229001422,440,46,394
229001423,15,107,-92
229001431,261,52,209
229001432,27,53,-26
229001444,9,5,4
229001445,11,99,-88
229001479,12,15,-3
229001503,365,94,271
229001504,34,113,-79
229001505,404,81,323
229001506,37,156,-119
229001509,1,23,-22
229001545,118,23,95
229001546,5,65,-60
229001553,86,21,65
229001554,8,90,-82
229001559,0,12,-12
229001560,0,2,-2
229001630,7,1,6
229001631,8,11,-3
229001635,0,9,-9
229001636,1,0,1
229001658,3,41,-38
229001659,233,10,223
229001660,0,0,0
229001661,0,4,-4
229001662,40,2,38
229001663,0,13,-13
229002584,14,13,1
229002831,53,37,16
229002841,2,7,-5
229002842,1,1,0
229002843,0,3,-3
229002844,2,31,-29
229002845,0,38,-38
229002846,2,3,-1
229002847,0,4,-4
229002848,0,0,0
229002849,0,16,-16
229002850,2,0,2
229002851,5,32,-27
229002852,5,4,1
229002853,4,1,3
229002854,8,32,-24
229002855,1,23,-22
229002856,6,0,6
229002857,7,32,-25
229002858,1,0,1
229002859,2,12,-10
229002860,4,1,3
229002861,2,5,-3
229002862,2,8,-6
229002863,2,26,-24
229002864,0,5,-5
229002865,1,5,-4
229002866,1,1,0
229002867,0,8,-8
229002868,0,1,-1
229002869,0,54,-54
229002870,2,1,1
235000066,0,0,0
235000067,0,0,0
235000072,22,70,-48
235000073,50,250,-200
235000074,18,70,-52
235000080,9,43,-34
235000081,33,121,-88
235000082,0,0,0
235000083,0,0,0
235000084,0,0,0
235000085,0,0,0
235000089,0,0,0
235000092,21,130,-109
235000093,1,2,-1
235000097,0,0,0
235000098,0,0,0
235000099,0,0,0
235000116,0,0,0
235000117,28,43,-15
235000133,6,150,-144
235000134,1,79,-78
235000206,0,0,0
235000207,0,0,0
235000208,0,0,0
235000209,0,0,0
235000210,0,0,0
235000212,1,8,-7
235000213,1,4,-3
235000220,0,4,-4
235000221,2,10,-8
235000238,0,1,-1
235000239,0,1,-1
235000242,26,12,14
235000245,565,181,384
235000246,1,76,-75
235000284,0,36,-36
235000295,1,0,1
235000305,0,0,0
235000306,0,0,0
235000307,0,0,0
235000308,0,0,0
235000309,0,0,0
235000310,0,0,0
235000311,0,3,-3
235000322,0,9,-9
235000323,0,20,-20
235000324,0,5,-5
235000325,0,9,-9
235000326,0,136,-136
235000351,2,17,-15
235000352,4,21,-17
235000353,0,21,-21
235000354,0,28,-28
235000355,2,42,-40
235000356,2,0,2
235000357,0,0,0
235000358,0,0,0
235000359,0,0,0
235000360,0,0,0
235000361,0,0,0
235000381,35,166,-131
235000382,0,0,0
235000390,0,0,0
235000391,0,0,0
235000392,0,0,0
235000393,0,0,0
235000395,0,0,0
235000396,0,0,0
235000400,0,0,0
235000401,6,126,-120
235000405,56,303,-247
235000406,7,201,-194
235000407,29,75,-46
235000409,103,113,-10
235000410,22,148,-126
235000411,0,65,-65
235000485,0,11,-11
235000486,0,0,0
235000549,0,0,0
235000550,82,128,-46
235000599,87,115,-28
235000600,5,2,3
235000601,0,0,0
235000602,0,0,0
235000614,2,3,-1
235000648,1,64,-63
235000649,0,0,0
235000685,0,2,-2
235000815,1,20,-19
235000834,0,2,-2
235000855,0,0,0
235000862,9,111,-102
235000891,0,3,-3
235000892,0,5,-5
235000901,83,83,0
235000907,1,4,-3
235001010,0,0,0
235001029,431,240,191
235001030,0,0,0
235001078,0,0,0
235001079,21,74,-53
235001147,0,0,0
235001166,0,0,0
235001167,7,55,-48
235001169,3,148,-145
235001188,0,7,-7
235001189,0,0,0
235001197,2,13,-11
235001200,18,54,-36
235001207,0,0,0
235001210,4,65,-61
235001215,15,74,-59
235001239,0,65,-65
235001244,0,0,0
235016267,0,5,-5
277101746,0,42,-42
277102712,0,1,-1
277103813,1,2,-1
277103814,0,0,0
277103898,0,3,-3
277104249,0,1,-1
277104250,0,0,0
277104251,0,9,-9
277104252,0,0,0
990011530,0,181,-181
990014944,0,336,-336
990015176,1,0,1
990015618,0,76,-76
990016032,0,141,-141
990032570,5,26,-21
990070001,0,0,0
990070103,0,4,-4
990070601,0,26,-26
990070751,0,0,0
990070766,1,162,-161
990071180,0,70,-70
990071343,0,1,-1
990071387,0,7,-7
990071823,0,1,-1
990072600,3,441,-438
990072964,0,263,-263
990073285,0,4,-4
990074393,2,367,-365
990074870,3,1,2
990075106,0,1,-1
990075746,0,0,0
990076437,0,3,-3
990076458,3,717,-714
997000007,0,0,0
997000041,1,108,-107
997000058,0,0,0
997000062,0,1,-1
997000069,0,3,-3
997000070,0,46,-46
997000100,0,0,0
997000141,0,1,-1
997000198,0,6,-6
998000475,0,6,-6
998000736,0,90,-90
998000965,0,0,0
998001031,0,37,-37
998001700,0,29,-29
998001899,0,3,-3
998001900,13,2,11
998003073,0,3,-3
998101900,0,0,0
998102850,0,6,-6
998501927,1,199,-198
998501929,14,2,12
998501930,10,0,10
998501931,6,6,0
998501932,14,0,14
998501933,0,2,-2
998501937,0,1,-1
998501944,0,3,-3
998501950,0,0,0
998501970,4,9,-5
998501971,1,81,-80
998501973,1,35,-34
998501974,2,175,-173
998501975,0,0,0
998501976,6,1,5
998501977,0,9,-9
998501978,0,0,0
998501979,0,14,-14
998501980,0,0,0
998501981,0,0,0
998501982,1,94,-93
998501983,0,1,-1
998502006,0,0,0
998502024,0,3,-3
998502032,0,0,0
998502062,3,1,2
998502063,0,0,0
998502173,0,0,0
998502269,0,1,-1
998502546,0,17,-17
998601159,0,91,-91
998601292,0,2,-2
999033574,3,517,-514
999800001,0,0,0
999800002,0,1,-1
999800003,0,6,-6
999800004,1,18,-17
999800005,0,10,-10
