ID,insum,outsum,diff
100000001,1043,998,45
100000002,5829,7312,-1483
100000003,5567,9084,-3517
100000004,477,1701,-1224
100000005,3580,7979,-4399
100000006,711,411,300
100000007,3640,1225,2415
100000008,117,823,-706
100000009,525,593,-68
100000010,33,153,-120
100000011,675,250,425
100000012,74,1378,-1304
100000013,9,357,-348
100000014,305,659,-354
100000015,1891,2962,-1071
100000016,627,2055,-1428
100000017,609,1928,-1319
100000018,1148,1247,-99
100000019,4866,4124,742
100000020,1660,8671,-7011
100000021,7505,2743,4762
100000022,1057,5223,-4166
100000023,6800,2372,4428
100000025,481,2706,-2225
100000028,534,2285,-1751
100000029,71,790,-719
100000030,86,55,31
100000031,2425,8249,-5824
100000032,2437,5718,-3281
100000033,1612,5373,-3761
100000034,210,1783,-1573
100000035,1105,2312,-1207
100000036,1146,2302,-1156
100000037,855,726,129
100000038,3373,1764,1609
100000039,364,966,-602
100000040,523,309,214
100000041,1950,773,1177
100000042,1459,641,818
100000043,959,698,261
100000044,294,1101,-807
100000045,390,1094,-704
100000046,565,840,-275
100000047,292,501,-209
100000048,354,979,-625
100000049,2043,1255,788
100000051,508,550,-42
100000053,114,13,101
100000054,379,59,320
100000055,814,419,395
100000056,515,1049,-534
100000057,2802,848,1954
100000058,909,944,-35
100000059,41,298,-257
100000060,716,369,347
100000061,2713,772,1941
100000062,1882,850,1032
100000063,1339,491,848
100000064,1831,756,1075
100000065,386,980,-594
100000066,228,592,-364
100000067,255,829,-574
100000068,473,1642,-1169
100000069,439,1278,-839
100000072,222,554,-332
100000073,1314,1077,237
100000075,1035,221,814
100000076,1601,7125,-5524
100000077,146,674,-528
100000078,18,42,-24
100000079,48,58,-10
100000080,17,54,-37
100000081,83,247,-164
100000102,3880,8104,-4224
100000103,1747,2479,-732
100000104,4105,3597,508
100000105,1500,2606,-1106
100000106,1333,5816,-4483
100000107,144,2158,-2014
100000108,302,1427,-1125
100000109,782,1988,-1206
100000116,507,941,-434
100000117,118,268,-150
100000118,581,1554,-973
100000119,831,1234,-403
100000121,292,839,-547
100000122,570,2395,-1825
100000123,1405,3532,-2127
100000124,2509,3835,-1326
100000125,6778,2945,3833
100000126,568,1289,-721
100000127,1269,917,352
100000128,784,4023,-3239
100000129,349,959,-610
100000130,762,313,449
100000131,1104,2840,-1736
100000132,1087,2496,-1409
100000133,1992,1461,531
100000135,969,1857,-888
100000139,208,666,-458
100000140,174,386,-212
100000142,803,723,80
100000143,1069,358,711
100000144,2324,650,1674
100000147,1752,5220,-3468
100000150,106,701,-595
100000151,752,2797,-2045
100000153,195,889,-694
100000154,27,843,-816
100000155,8,65,-57
100000156,320,390,-70
100000157,716,336,380
100000158,248,280,-32
100000159,114,1409,-1295
100000165,707,761,-54
100000169,51,2021,-1970
100000174,276,1430,-1154
100000179,120,1107,-987
100000180,843,8380,-7537
100000181,586,638,-52
100000188,89,564,-475
100000189,1137,925,212
100000190,591,2270,-1679
100000191,836,1132,-296
100000192,18,140,-122
100000193,230,215,15
100000330,807,1262,-455
100000355,272,1327,-1055
100000362,2592,1309,1283
100000363,8356,8451,-95
100000364,96,410,-314
100000365,7687,12711,-5024
100000366,2209,1649,560
100000367,6001,8596,-2595
100000368,2593,1181,1412
100000369,789,3589,-2800
100000370,202,1525,-1323
100000376,38,293,-255
100000379,1127,3337,-2210
100000380,4104,9006,-4902
100000384,6759,9291,-2532
100000385,1290,5631,-4341
100000386,2932,10177,-7245
100000387,3491,9105,-5614
100000388,2324,9033,-6709
100000389,4394,10395,-6001
100000390,3829,7207,-3378
100000391,3036,13638,-10602
100000392,1047,4240,-3193
100000393,872,7683,-6811
100000394,3349,8546,-5197
100000395,1739,6827,-5088
100000396,2335,3594,-1259
100000397,2220,9367,-7147
100000398,7148,5329,1819
100900002,22,3,19
100900003,573,325,248
100900004,30,1617,-1587
100900005,176,32,144
100900006,56,68,-12
100900007,224,4,220
100900008,1,551,-550
100900009,108,125,-17
100900010,105,27,78
100900011,218,99,119
100900012,1,76,-75
100900013,1263,10,1253
100900014,15,2,13
100900015,66,141,-75
100900016,2,74,-72
100900017,1544,87,1457
100900018,0,5,-5
100900019,61,130,-69
100900020,433,2,431
100900021,554,2,552
100900022,25,43,-18
100900023,0,32,-32
100900024,538,3,535
100900025,14,13,1
100900026,220,120,100
100900027,683,3609,-2926
100900028,141,449,-308
100900029,147,9,138
100900030,5,371,-366
100900031,977,77,900
100900032,514,0,514
100900033,136,593,-457
100900034,1329,2,1327
100900035,276,0,276
100900036,22,0,22
100900037,206,159,47
100900038,57,137,-80
100900039,219,268,-49
100900040,983,465,518
100900041,1608,356,1252
100900042,952,2804,-1852
100900043,0,41,-41
100900044,1587,842,745
100900045,2,5,-3
100900046,1608,21,1587
100900047,1071,369,702
100900048,113,69,44
100900049,87,82,5
100900050,10,12,-2
100900051,52,260,-208
100900052,456,56,400
100900053,1002,34,968
100900054,12,47,-35
100900055,292,1401,-1109
100900056,39,93,-54
100900057,3068,1083,1985
100900058,206,259,-53
100900059,188,10,178
100900060,263,9,254
100900061,224,190,34
100900062,19,70,-51
100900063,445,1233,-788
100900064,889,33,856
100900065,148,198,-50
100900066,230,217,13
100900067,21,6,15
100900068,173,105,68
100900069,243,13,230
100900070,799,13,786
100900071,343,155,188
100900072,2,77,-75
100900073,232,281,-49
100900074,16,33,-17
100900075,2079,321,1758
100900076,40,48,-8
100900077,92,16,76
100900078,121,325,-204
100900079,8,68,-60
100900080,110,159,-49
100900081,50,186,-136
100900082,216,138,78
100900083,25,48,-23
100900085,8,609,-601
100900086,49,510,-461
100900088,332,145,187
100900089,13,19,-6
100900090,166,1211,-1045
100900091,10,20,-10
100900092,137,188,-51
100900093,403,523,-120
100900094,245,149,96
100900095,17,82,-65
100900096,56,360,-304
100900097,0,1,-1
100900098,32,40,-8
100900099,50,454,-404
100900100,15,697,-682
100900101,356,59,297
100900102,70,275,-205
100900103,14,42,-28
100900104,12,231,-219
100900105,50,721,-671
100900106,30,7,23
100900107,2945,1289,1656
100900108,10,118,-108
100900109,16,65,-49
100900110,9,21,-12
100900111,31,235,-204
100900112,7,20,-13
100900113,61,49,12
100900114,19,32,-13
100900115,38,15,23
100900116,1515,635,880
100900117,294,1627,-1333
100900118,8,36,-28
100900119,18,25,-7
100900120,31,5,26
100900121,703,553,150
100900122,76,143,-67
100900123,167,137,30
100900124,9,30,-21
100900125,3,78,-75
100900126,391,158,233
100900127,6,3,3
100900128,148,630,-482
100900129,0,450,-450
100900131,43,310,-267
100900133,104,55,49
100900134,7,3,4
100900135,3,1324,-1321
100900137,362,323,39
100900138,375,534,-159
100900139,12,22,-10
100900140,14,225,-211
100900141,8,997,-989
100900142,2,11,-9
100900143,464,821,-357
100900144,12,11,1
100900145,101,435,-334
100900146,25,116,-91
100900147,18,1407,-1389
100900148,55,200,-145
100900149,28,482,-454
100900150,9,50,-41
100900151,134,621,-487
100900152,603,5,598
100900153,1,300,-299
100900154,12,118,-106
100900155,26,11,15
100900156,34,2,32
100900157,42,1861,-1819
100900158,1063,85,978
100900159,8,35,-27
100900160,50,37,13
100900161,74,7,67
100900162,28,773,-745
100900163,128,118,10
100900164,115,37,78
100900165,21,58,-37
100900166,101,4,97
100900167,24,101,-77
100900168,37,360,-323
100900169,94,975,-881
100900170,23,4,19
100900171,62,553,-491
100900172,0,41,-41
100900173,17,139,-122
100900174,51,12,39
100900176,2204,221,1983
100900177,458,460,-2
100900178,196,405,-209
100900179,496,607,-111
100900180,2,1,1
100900181,122,103,19
100900182,186,34,152
100900184,30,153,-123
100900186,576,356,220
100900187,34,91,-57
100900188,35,33,2
100900189,4214,340,3874
100900191,651,1747,-1096
100900192,111,681,-570
100900195,161,341,-180
100900197,37,53,-16
100900198,42,93,-51
100900199,13,7,6
100900200,1414,340,1074
100900201,147,1075,-928
100900202,86,1,85
100900203,3,258,-255
100900204,173,2304,-2131
100900205,236,734,-498
100900206,362,226,136
100900207,335,205,130
100900210,92,176,-84
100900211,688,192,496
100900213,369,58,311
100900214,542,144,398
100900215,48,66,-18
100900217,1,20,-19
101000001,2041,2761,-720
101000002,8897,10832,-1935
101000003,453,1337,-884
101000004,7894,7460,434
101000005,5766,7528,-1762
101000006,6788,12630,-5842
101000007,4135,6622,-2487
101000008,1801,3191,-1390
101000009,2981,905,2076
101000010,1274,553,721
101000011,1460,325,1135
101000012,468,806,-338
101000013,704,1539,-835
101000014,395,478,-83
101000015,2319,1650,669
101000016,394,957,-563
101000017,362,776,-414
101000018,1787,5511,-3724
101000020,2186,1083,1103
101000021,565,1079,-514
101000022,117,481,-364
101000023,1409,1378,31
101000025,421,741,-320
101000026,262,32,230
101000027,2162,5408,-3246
101000028,998,477,521
101000029,124,1814,-1690
101000030,1160,176,984
101000031,207,1093,-886
101000032,2745,6139,-3394
101000033,1833,5756,-3923
101000034,986,2818,-1832
101000035,682,445,237
101000036,870,2116,-1246
101000037,1159,4043,-2884
101000039,2225,4572,-2347
101000040,2906,7607,-4701
101000041,2610,8959,-6349
101000042,142,1441,-1299
101000043,3815,10093,-6278
101000045,331,976,-645
101000046,1104,3550,-2446
101000047,1262,6343,-5081
101000048,777,512,265
101000049,892,3209,-2317
101000050,1144,2969,-1825
101000051,932,3813,-2881
101000052,1382,2495,-1113
101000053,590,1593,-1003
101000054,2157,1046,1111
101000055,1092,2335,-1243
101000056,36,226,-190
101000057,860,2711,-1851
101000058,1033,2348,-1315
101000059,2390,3022,-632
101000060,1707,1560,147
101000061,540,2608,-2068
101000062,299,854,-555
101000063,281,2017,-1736
101000064,521,1118,-597
101000065,306,1072,-766
101000066,551,1561,-1010
101000067,388,973,-585
101000068,124,570,-446
101000069,139,110,29
101000070,584,907,-323
101000071,2964,1513,1451
101000072,673,3745,-3072
101000073,594,1472,-878
101000074,2698,4309,-1611
101000075,1951,4791,-2840
101000077,2064,2165,-101
101000078,903,1479,-576
101000079,1141,1331,-190
101000080,1023,1418,-395
101000081,2195,1748,447
101000082,2413,2459,-46
101000083,4221,2804,1417
101000084,1176,658,518
101000085,1694,1390,304
101000086,1117,1553,-436
101000087,1070,1082,-12
101000088,2435,1577,858
101000089,1273,2159,-886
101000090,1923,1032,891
101000091,714,724,-10
101000092,2755,843,1912
101000093,1930,787,1143
101000094,1433,1210,223
101000095,753,651,102
101000096,944,399,545
101000097,564,1112,-548
101000098,504,870,-366
101000099,750,1581,-831
101000100,974,1682,-708
101000101,332,745,-413
101000102,622,1298,-676
101000103,551,1070,-519
101000104,459,1279,-820
101000105,182,1001,-819
101000106,394,1933,-1539
101000107,359,738,-379
101000108,588,166,422
101000109,997,184,813
101000110,37,181,-144
101000111,93,333,-240
101000113,187,1134,-947
101000114,3367,11523,-8156
101000115,42,27,15
101000116,39,37,2
101000117,1433,233,1200
101000119,39,108,-69
101000120,92,153,-61
101000121,35,69,-34
101000122,133,117,16
101000123,85,165,-80
101000124,833,694,139
101000125,178,194,-16
101000128,217,1397,-1180
101000130,181,337,-156
101000131,1939,415,1524
101000132,1390,1144,246
101000135,33,45,-12
101000136,162,323,-161
101000137,16,716,-700
101000141,677,4826,-4149
101000147,893,383,510
101000148,988,12,976
101000149,100,366,-266
101000150,152,242,-90
101000151,505,51,454
101000152,421,284,137
101000153,310,161,149
101000154,544,443,101
101000155,825,295,530
101000156,37,734,-697
101000157,95,111,-16
101000160,27,11,16
101000163,148,611,-463
101000164,433,163,270
101000165,438,565,-127
101000166,221,325,-104
101000168,1195,643,552
101000252,3246,1291,1955
101000254,55,89,-34
101000258,65,14,51
101000261,99,171,-72
101000262,1350,5673,-4323
101000263,392,1867,-1475
101000265,78,1054,-976
101000266,481,497,-16
101000269,11,55,-44
101000290,573,3937,-3364
101000293,45,44,1
101000294,739,771,-32
101000295,292,262,30
101000301,237,570,-333
101000304,2613,3757,-1144
101000305,3090,1325,1765
101900001,16,26,-10
101900002,0,3,-3
101900003,24,203,-179
101900004,1,258,-257
101900005,1403,4980,-3577
101900006,2420,90,2330
101900007,909,273,636
101900008,57,316,-259
101900009,43,474,-431
101900010,448,895,-447
101900011,92,1370,-1278
101900012,521,130,391
101900013,416,124,292
101900017,10,131,-121
101900018,527,283,244
101900019,91,211,-120
101900020,296,163,133
101900021,0,97,-97
101900022,261,443,-182
101900023,292,149,143
102000001,4399,8458,-4059
102000002,2943,1969,974
102000003,2846,9334,-6488
102000004,4702,3618,1084
102000005,1400,4279,-2879
102000006,898,1879,-981
102000007,2441,7203,-4762
102000008,5977,1645,4332
102000009,9448,12298,-2850
102000010,4050,3335,715
102000011,5812,5675,137
102000012,4036,3312,724
102000018,3833,4011,-178
102000019,3373,2453,920
102000026,404,590,-186
102000029,309,287,22
102000030,267,470,-203
102000031,118,116,2
102000032,969,528,441
102000033,611,393,218
102000034,562,547,15
102000035,2834,811,2023
102000036,53,272,-219
102000037,330,42,288
102000038,88,730,-642
102000039,88,337,-249
102000040,225,542,-317
102000041,61,1163,-1102
102000042,144,770,-626
102000043,78,576,-498
102000044,523,1434,-911
102000045,689,1175,-486
102000046,1759,971,788
102000047,1094,1106,-12
102000048,872,915,-43
102000049,1171,1543,-372
102000050,1257,1578,-321
102000051,321,1075,-754
102000052,1380,1614,-234
102000053,1130,2066,-936
102000054,1303,1491,-188
102000055,2001,289,1712
102000056,2058,354,1704
102000057,2200,547,1653
102000058,1561,863,698
102000059,1579,1495,84
102000060,1322,986,336
102000061,2742,1744,998
102000062,3065,1243,1822
102000063,1358,1528,-170
102000064,657,741,-84
102000065,60,199,-139
102000066,888,1210,-322
102000067,5415,4177,1238
102000068,14431,4503,9928
102000069,150,4245,-4095
102000070,2279,52,2227
102000071,8633,12189,-3556
102000072,3339,5364,-2025
102000073,878,1217,-339
102000074,807,2087,-1280
102000075,237,445,-208
102000076,373,270,103
102000077,1052,432,620
102000078,1761,273,1488
102000079,283,117,166
102000080,491,346,145
102000081,338,1203,-865
102000082,727,532,195
102000083,1178,303,875
102000084,830,308,522
102000085,4079,886,3193
102000086,1900,1013,887
102000087,1054,1804,-750
102000088,342,383,-41
102000089,1928,518,1410
102000090,392,1460,-1068
102000091,1622,803,819
102000092,366,710,-344
102000093,989,648,341
102000094,753,494,259
102000095,932,1108,-176
102000096,634,643,-9
102000097,1095,745,350
102000098,475,1007,-532
102000099,1125,1366,-241
102000100,230,2104,-1874
102000101,528,684,-156
102000102,839,1608,-769
102000103,4121,521,3600
102000104,887,402,485
102000105,423,652,-229
102000106,1227,482,745
102000107,2805,363,2442
102000108,792,300,492
102000109,863,411,452
102000110,2100,767,1333
102000111,19,446,-427
102000112,141,181,-40
102000113,42,45,-3
102000114,981,349,632
102000115,419,456,-37
102000116,356,896,-540
102000117,124,1625,-1501
102000118,1102,2204,-1102
102000119,1273,2336,-1063
102000120,357,918,-561
102000121,1434,597,837
102000122,935,1413,-478
102000123,1436,1120,316
102000124,2048,1842,206
102000125,611,837,-226
102000126,669,983,-314
102000127,1499,759,740
102000128,1020,1200,-180
102000129,1866,582,1284
102000130,951,1441,-490
102000131,1278,1633,-355
102000132,487,2044,-1557
102000133,4345,1746,2599
102000134,1465,951,514
102000135,1553,924,629
102000136,2513,699,1814
102000137,528,2227,-1699
102000138,273,548,-275
102000139,75,1430,-1355
102000140,141,2084,-1943
102000141,283,3303,-3020
102000142,549,531,18
102000143,447,257,190
102000144,631,276,355
102000145,580,395,185
102000146,466,505,-39
102000147,658,394,264
102000148,440,820,-380
102000149,295,185,110
102000150,938,122,816
102000151,147,159,-12
102000152,342,190,152
102000153,1109,909,200
102000154,201,525,-324
102000155,54,926,-872
102000156,237,330,-93
102000157,38,1407,-1369
102000158,155,295,-140
102000159,1907,1463,444
102000161,2558,2820,-262
102000162,208,333,-125
102000163,111,459,-348
102000164,877,930,-53
102000165,279,274,5
102000166,41,224,-183
102000167,273,286,-13
102000168,267,211,56
102000169,125,846,-721
102000170,980,244,736
102000171,98,237,-139
102000172,38,559,-521
102000173,619,405,214
102000174,146,97,49
102000175,107,103,4
102000176,95,25,70
102000178,296,312,-16
102000179,527,269,258
102000180,1380,290,1090
102000181,1375,302,1073
102000182,830,425,405
102000183,2743,1174,1569
102000184,2821,706,2115
102000185,3960,1019,2941
102000186,2837,1346,1491
102000187,1615,2628,-1013
102000188,1682,1814,-132
102000189,3542,836,2706
102000190,824,2876,-2052
102000191,1327,529,798
102000192,2807,2337,470
102000193,114,146,-32
102000194,77,235,-158
102000195,589,500,89
102000196,317,267,50
102000197,1232,268,964
102000198,317,483,-166
102000199,1792,254,1538
102000200,481,608,-127
102000201,1852,462,1390
102000202,8,152,-144
102000203,736,170,566
102000204,873,646,227
102000205,1858,440,1418
102000206,930,494,436
102000207,805,577,228
102000208,469,603,-134
102000209,102,95,7
102000210,729,356,373
102000211,788,284,504
102000212,656,14,642
102000213,12,124,-112
102000214,740,19,721
102000215,11,223,-212
102000216,136,150,-14
102000217,8,49,-41
102000218,367,289,78
102000219,215,152,63
102000225,291,614,-323
102000226,298,692,-394
102000227,242,4,238
102000228,0,153,-153
102000229,87,69,18
102000230,452,348,104
102000231,619,460,159
102000232,93,283,-190
102000233,1033,541,492
102000234,179,1473,-1294
102000236,322,141,181
102000237,576,305,271
102000238,176,410,-234
102000240,563,1117,-554
102000241,534,185,349
102000243,24,50,-26
102000245,15,76,-61
102000246,20,102,-82
102000247,212,373,-161
102000248,271,925,-654
102000249,212,116,96
102000250,115,153,-38
102000254,296,190,106
102000266,15,1118,-1103
102000271,29,1,28
102000286,516,339,177
102000297,2795,1666,1129
102000299,0,0,0
102000301,0,0,0
102000302,0,0,0
102000303,0,0,0
102000304,0,0,0
102000305,0,0,0
102000306,0,0,0
102000307,0,10,-10
102000308,0,0,0
102900001,1547,726,821
102900002,481,58,423
102900003,94,140,-46
102900005,644,246,398
102900006,774,92,682
102900007,860,23,837
102900008,405,17,388
102900009,423,700,-277
102900010,225,1603,-1378
102900011,1070,632,438
102900012,634,103,531
102900013,89,69,20
102900015,848,658,190
102900016,155,83,72
102900017,444,192,252
102900018,80,69,11
102900019,602,613,-11
102900020,368,23,345
102900021,126,61,65
102900022,263,111,152
102900023,20,80,-60
102900024,128,62,66
102900025,135,94,41
102900026,578,2778,-2200
102900027,96,157,-61
102900028,206,1294,-1088
102900029,111,382,-271
102900030,475,503,-28
102900031,440,127,313
102900032,198,50,148
102900033,131,205,-74
102900034,772,44,728
102900035,226,267,-41
102900036,632,306,326
102900037,362,294,68
102900038,585,314,271
102900039,15,883,-868
102900040,278,303,-25
102900041,220,142,78
102900042,459,171,288
102900043,417,167,250
102900044,716,1416,-700
102900045,199,351,-152
102900046,284,127,157
102900047,161,615,-454
102900048,858,251,607
102900049,92,455,-363
102900050,176,363,-187
102900051,220,217,3
102900052,54,119,-65
102900053,358,539,-181
102900054,390,1812,-1422
102900055,338,433,-95
102900056,117,370,-253
102900057,18,86,-68
102900058,726,90,636
102900059,44,43,1
102900060,112,378,-266
102900061,278,323,-45
102900062,587,490,97
102900063,2381,383,1998
102900064,173,602,-429
102900065,939,308,631
102900066,384,4,380
102900068,64,150,-86
102900070,233,970,-737
102900072,14,61,-47
102900073,93,15,78
102900074,186,224,-38
102900075,18,129,-111
102900076,101,209,-108
102900077,47,16,31
102900078,26,46,-20
102900079,251,9,242
102900080,656,41,615
102900081,113,273,-160
102900082,34,332,-298
102900083,172,20,152
102900084,7,103,-96
102900085,303,149,154
102900086,10,192,-182
102900087,196,282,-86
102900088,49,52,-3
102900089,205,178,27
102900090,3,319,-316
102900091,285,1,284
102900092,650,218,432
102900093,471,173,298
102900094,2,426,-424
102900095,189,4,185
102900096,174,5,169
102900097,20,56,-36
103000001,2276,2675,-399
103000002,2846,3383,-537
103000003,3570,3280,290
103000004,790,607,183
103000005,2183,5029,-2846
103000006,1204,1815,-611
103000007,541,611,-70
103000008,1265,870,395
103000009,2703,1424,1279
103000010,225,126,99
103000011,1306,1226,80
103000012,1531,2181,-650
103000013,3027,2325,702
103000014,1646,4487,-2841
103000015,1699,827,872
103000016,722,2137,-1415
103000017,378,789,-411
103000018,1112,217,895
103000019,451,650,-199
103000020,1627,1426,201
103000021,2110,2675,-565
103000022,940,1099,-159
103000023,1193,3076,-1883
103000024,82,86,-4
103000025,189,1300,-1111
103000026,641,121,520
103000027,289,792,-503
103000028,252,338,-86
103000029,149,351,-202
103000030,1837,2082,-245
103000031,1034,3426,-2392
103000032,2452,1688,764
103000033,3322,3346,-24
103000034,1102,1018,84
103000035,317,1667,-1350
103000036,298,422,-124
103000037,747,574,173
103000038,731,1427,-696
103000039,890,295,595
103000040,901,501,400
103000041,2553,1490,1063
103000042,2404,230,2174
103000043,1173,729,444
103000044,466,104,362
103000046,500,489,11
103000047,764,257,507
103000048,458,141,317
103000049,140,121,19
103000050,1045,262,783
103000051,872,413,459
103000052,941,309,632
103000053,307,503,-196
103000054,2841,1007,1834
103000055,2306,1611,695
103000056,1060,1037,23
103000057,1789,225,1564
103000058,996,555,441
103000059,1092,687,405
103000060,991,347,644
103000061,729,889,-160
103000062,1214,360,854
103000063,1287,1079,208
103000064,212,125,87
103000065,10,216,-206
103000066,352,16,336
103000069,510,169,341
103000070,1162,600,562
103000071,2400,734,1666
103000072,208,518,-310
103000073,1381,130,1251
103000074,1292,136,1156
103000075,189,711,-522
103000076,537,1169,-632
103000077,23,355,-332
103000078,1132,1853,-721
103000079,694,1235,-541
103000080,715,492,223
103000081,399,1277,-878
103000082,674,207,467
103000083,150,507,-357
103000084,124,4,120
103000085,3,157,-154
103000086,573,736,-163
103000087,294,679,-385
103000088,280,411,-131
103000089,380,948,-568
103000090,6360,1582,4778
103000091,2270,706,1564
103000092,522,270,252
103000093,353,700,-347
103000094,372,186,186
103000095,164,352,-188
103000096,779,77,702
103000097,95,796,-701
103000098,729,118,611
103000099,163,683,-520
103000100,222,444,-222
103000101,1775,116,1659
103000102,181,335,-154
103000103,1129,115,1014
103000104,164,95,69
103000105,300,56,244
103000106,19,187,-168
103000107,244,117,127
103000108,2123,1357,766
103000109,981,701,280
103000110,1020,628,392
103000111,368,749,-381
103000112,408,653,-245
103000113,304,1442,-1138
103000114,1963,1404,559
103000115,1133,750,383
103000116,1124,470,654
103000117,809,564,245
103000118,469,437,32
103000119,953,389,564
103000120,126,197,-71
103000121,151,316,-165
103000122,435,505,-70
103000125,35,78,-43
103000126,1126,2,1124
103000127,10,50,-40
103000128,291,2,289
103000129,10,132,-122
103000130,192,76,116
103000131,152,152,0
103000132,97,164,-67
103000133,47,134,-87
103000134,331,1297,-966
103000135,772,271,501
103000136,509,701,-192
103000137,558,883,-325
103000138,758,821,-63
103000139,10,80,-70
103000140,153,34,119
103000141,36,193,-157
103000142,91,127,-36
103000143,88,204,-116
103000144,185,148,37
103000145,23,495,-472
103000150,132,32,100
103000152,221,293,-72
103000153,272,297,-25
103000156,23,136,-113
103000157,623,1,622
103000159,250,84,166
103000162,61,20,41
103000163,22,30,-8
103000164,5,6,-1
103000165,92,174,-82
103000166,399,644,-245
103000167,268,148,120
103000168,294,176,118
103000169,275,762,-487
103000170,1389,225,1164
103000171,43,136,-93
103000172,1332,264,1068
103000173,1355,158,1197
103000174,430,234,196
103000175,385,142,243
103000176,1105,919,186
103000177,335,425,-90
103000178,135,309,-174
103000179,212,61,151
103000183,391,16,375
103000185,304,54,250
103000186,314,67,247
103000187,1622,150,1472
103000188,42,170,-128
103000189,993,735,258
103000191,609,692,-83
103000292,551,2577,-2026
103000293,896,4627,-3731
103000295,91,167,-76
103000296,144,9,135
103000297,9,208,-199
103000504,42,15,27
103000505,7,54,-47
103000506,8,126,-118
103000507,333,3,330
103000508,142,86,56
103000509,234,429,-195
103900001,33,59,-26
103900002,753,135,618
103900003,1289,313,976
103900004,154,0,154
103900005,1,57,-56
103900006,16,5,11
103900007,203,2,201
103900008,24,1,23
103900009,585,360,225
103900010,293,193,100
103900011,848,114,734
103900012,16,43,-27
103900013,121,32,89
103900014,131,20,111
103900015,117,11,106
103900016,265,103,162
103900017,132,82,50
103900018,305,127,178
103900019,61,431,-370
103900020,378,663,-285
103900021,137,82,55
103900022,755,508,247
103900023,333,2,331
103900024,92,299,-207
103900025,10,17,-7
103900026,16,0,16
103900027,586,283,303
103900028,58,462,-404
103900029,1224,157,1067
103900030,452,218,234
103900031,110,2,108
103900032,146,100,46
103900033,86,38,48
103900034,95,37,58
103900035,104,52,52
103900036,70,51,19
103900037,174,82,92
103900038,95,227,-132
103900039,260,75,185
103900040,27,87,-60
103900041,96,54,42
103900042,184,93,91
103900043,395,32,363
103900044,70,798,-728
103900045,405,166,239
103900047,144,13,131
103900048,12,47,-35
103900049,135,1874,-1739
103900050,25,226,-201
103900051,3,64,-61
103900052,320,402,-82
103900053,365,190,175
103900054,199,143,56
103900055,599,213,386
103900056,79,43,36
103900057,190,77,113
103900058,590,213,377
103900059,1,59,-58
103900060,117,70,47
103900061,336,34,302
103900062,966,268,698
103900063,7,0,7
103900064,274,3,271
103900065,333,350,-17
103900066,422,154,268
103900067,353,9,344
103900068,5,0,5
103900069,136,7,129
103900070,188,213,-25
103900071,47,50,-3
103900072,35,74,-39
103900073,37,49,-12
103900074,145,28,117
103900075,271,34,237
103900076,1079,242,837
103900077,68,283,-215
103900078,459,107,352
103900079,185,170,15
103900080,3,36,-33
103900081,9,31,-22
103900082,57,164,-107
103900083,1390,2559,-1169
103900084,102,251,-149
103900085,72,142,-70
103900086,1730,417,1313
103900087,22,90,-68
103900088,362,699,-337
103900089,53,130,-77
103900090,284,137,147
103900091,745,100,645
103900092,950,882,68
103900093,96,323,-227
103900094,28,36,-8
103900095,314,239,75
103900096,139,76,63
103900097,46,332,-286
103900098,473,121,352
103900099,350,50,300
103900100,532,125,407
103900101,108,832,-724
103900102,7,33,-26
103900104,2,34,-32
103900105,19,57,-38
103900106,0,101,-101
103900107,305,50,255
103900108,83,140,-57
103900109,233,23,210
103900110,464,56,408
103900111,233,232,1
103900112,80,231,-151
103900113,111,274,-163
103900114,761,217,544
103900115,242,298,-56
103900116,1509,2467,-958
103900117,91,20,71
103900119,15,125,-110
103900120,104,56,48
103900122,357,67,290
103900123,428,863,-435
103900124,38,62,-24
103900125,189,66,123
103900126,892,160,732
103900127,251,213,38
103900128,316,47,269
103900131,23,72,-49
103900133,1162,51,1111
103900134,2,17,-15
103900135,10,3,7
103900137,0,15,-15
103900138,310,32,278
103900139,195,4788,-4593
103900140,6,435,-429
103900141,266,44,222
103900142,486,78,408
103900143,234,2,232
103900144,0,14,-14
103900145,211,219,-8
103900146,290,164,126
103900147,644,124,520
103900148,571,192,379
103900149,370,138,232
103900150,4664,7732,-3068
103900151,14,221,-207
103900152,1534,190,1344
103900153,16,6,10
103900154,334,2918,-2584
103900155,76,95,-19
103900156,165,42,123
103900157,170,65,105
103900158,219,27,192
103900159,399,18,381
103900160,67,29,38
103900161,82,167,-85
103900162,52,86,-34
103900163,22,365,-343
103900164,337,14,323
103900167,24,212,-188
103900168,159,51,108
103900169,39,109,-70
103900170,2,77,-75
103900171,15,33,-18
103900172,2,7,-5
103900173,32,33,-1
103900174,614,48,566
103900175,41,130,-89
103900176,10,27,-17
103900177,33,14,19
103900178,114,19,95
103900179,112,29,83
103900180,3,29,-26
103900181,23,58,-35
103900182,22,18,4
103900184,210,226,-16
103900185,82,959,-877
103900187,14,143,-129
103900188,123,78,45
103900189,112,9,103
103900190,117,79,38
103900191,56,100,-44
103900192,36,136,-100
103900193,70,141,-71
103900194,96,137,-41
103900195,7,209,-202
103900196,43,70,-27
103900197,18,15,3
103900198,6,21,-15
103900199,165,84,81
103900200,328,68,260
103900201,79,130,-51
103900202,13,62,-49
103900203,58,56,2
103900204,0,30,-30
103900207,1,25,-24
103900208,254,3,251
103900209,8,79,-71
103900210,62,47,15
103900211,914,109,805
103900212,375,143,232
103900213,55,301,-246
103900214,265,310,-45
103900215,151,460,-309
103900216,34,276,-242
103900217,331,72,259
103900218,5,490,-485
103900219,304,107,197
103900233,281,32,249
103900235,27,233,-206
103900236,13,32,-19
103900242,7,2,5
103900243,1,1,0
103900244,183,103,80
103900245,174,102,72
103900246,49,58,-9
103900247,9,70,-61
103900248,8,152,-144
103900249,11,100,-89
103900250,47,71,-24
103900251,5,75,-70
103900253,9,56,-47
103900254,3,25,-22
103900255,6,18,-12
103900256,29,31,-2
103900257,158,300,-142
103900258,24,9,15
103900259,28,7,21
103900261,28,1,27
103900262,26,2,24
103900263,68,53,15
103900264,42,12,30
103900265,19,7,12
103900266,1,117,-116
103900267,4,38,-34
103900268,1,0,1
103900269,56,10,46
103900270,15,3,12
104000001,3829,2536,1293
104000002,2478,2070,408
104000003,2642,2799,-157
104000004,2697,2975,-278
104000005,2705,2689,16
104000006,3767,2868,899
104000007,4808,4179,629
104000008,196,222,-26
104000009,333,137,196
104000010,195,627,-432
104000011,360,217,143
104000012,173,182,-9
104000013,463,510,-47
104000014,250,353,-103
104000015,633,200,433
104000016,370,232,138
104000018,1180,243,937
104000019,808,317,491
104000020,130,332,-202
104000021,361,297,64
104000022,286,344,-58
104000023,1385,437,948
104000024,343,265,78
104000026,70,241,-171
104000027,363,221,142
104000028,487,270,217
104000029,398,284,114
104000030,535,275,260
104000031,1666,343,1323
104000032,202,132,70
104000033,1040,574,466
104000034,352,162,190
104000035,1446,379,1067
104000036,1523,422,1101
104000037,354,136,218
104000038,626,353,273
104000039,271,143,128
104000040,111,536,-425
104000041,635,406,229
104000042,151,213,-62
104000043,272,244,28
104000044,277,316,-39
104000045,880,677,203
104000046,733,973,-240
104000047,621,1050,-429
104000048,1004,836,168
104000049,946,441,505
104000050,166,1076,-910
104000051,344,644,-300
104000052,2781,1994,787
104000053,1394,549,845
104000054,874,218,656
104000055,3576,2265,1311
104000056,759,212,547
104000057,284,206,78
104000058,1112,810,302
104000059,864,972,-108
104000060,1493,1578,-85
104000061,1483,1077,406
104000062,451,162,289
104000064,750,341,409
104000065,285,890,-605
104000069,612,1941,-1329
104000070,69,693,-624
104000071,192,428,-236
104000072,689,220,469
104000075,199,239,-40
104000076,523,96,427
104000082,2980,4739,-1759
104000083,643,256,387
104000084,120,455,-335
104000085,505,448,57
104000086,370,482,-112
104000087,364,2393,-2029
104000090,1469,766,703
104000092,2066,1057,1009
104000094,1058,783,275
104000095,3851,1361,2490
104000096,2777,117,2660
104000097,3505,591,2914
104000098,4868,588,4280
104000100,3304,778,2526
104000101,1954,1413,541
104000106,59,827,-768
104000107,834,288,546
104000108,346,313,33
104000109,450,202,248
104000110,788,1229,-441
104000111,2588,3989,-1401
104000112,758,513,245
104000116,1,606,-605
104000117,344,315,29
104000118,1454,143,1311
104000119,1249,320,929
104000120,343,275,68
104000121,428,563,-135
104000122,1184,923,261
104000123,1136,514,622
104000124,490,1349,-859
104000125,2633,6389,-3756
104000126,690,716,-26
104000127,1454,1426,28
104000128,725,224,501
104000129,456,20,436
104000130,9,392,-383
104000131,332,285,47
104000132,415,405,10
104000133,1797,925,872
104000134,1203,1969,-766
104000135,810,1909,-1099
104000136,815,3740,-2925
104000137,2767,370,2397
104000138,1366,622,744
104000139,3160,2934,226
104000141,816,856,-40
104000142,752,390,362
104000143,1006,345,661
104000144,172,229,-57
104000145,456,300,156
104000146,201,499,-298
104000147,190,367,-177
104000148,563,247,316
104000149,211,141,70
104000150,1586,811,775
104000151,394,203,191
104000152,791,395,396
104000153,944,835,109
104000154,733,335,398
104000155,563,863,-300
104000157,1516,1038,478
104000158,188,948,-760
104000159,967,890,77
104000160,2088,2711,-623
104000161,326,208,118
104000162,105,165,-60
104000165,796,804,-8
104000167,870,1841,-971
104000168,970,10,960
104000169,241,45,196
104000170,265,559,-294
104000248,471,462,9
104000251,88,173,-85
104000272,0,0,0
104000273,0,0,0
104000274,0,0,0
104000275,0,0,0
104000279,678,481,197
104000290,105,354,-249
104000291,521,1280,-759
104000293,1524,1137,387
104000294,184,0,184
104000295,1027,832,195
104000296,692,713,-21
104000297,1048,2228,-1180
104000298,2330,1055,1275
104000299,916,1245,-329
104900001,132,220,-88
104900002,199,322,-123
104900003,77,245,-168
104900004,115,127,-12
104900005,573,441,132
104900006,752,115,637
104900007,558,258,300
104900009,159,198,-39
104900010,101,46,55
104900011,29,75,-46
104900012,279,71,208
104900013,101,20,81
104900014,1870,368,1502
104900015,167,11,156
104900016,324,144,180
104900017,172,212,-40
104900018,35,208,-173
104900019,287,7308,-7021
104900020,44,264,-220
104900021,3,39,-36
104900022,12,206,-194
104900023,0,49,-49
104900024,13,273,-260
104900025,76,176,-100
104900026,2,50,-48
104900027,854,506,348
104900028,19,145,-126
104900029,15,38,-23
104900030,740,235,505
104900031,53,291,-238
104900032,84,36,48
104900033,351,280,71
104900034,554,198,356
104900035,614,258,356
104900036,512,39,473
104900037,283,170,113
104900038,240,1495,-1255
104900039,446,616,-170
104900040,846,93,753
104900041,587,190,397
104900042,233,337,-104
104900043,23,364,-341
104900044,1268,159,1109
104900045,557,76,481
104900046,697,90,607
104900047,699,101,598
104900048,611,103,508
104900049,75,54,21
104900050,498,60,438
104900051,433,33,400
104900052,247,13,234
104900053,645,94,551
104900054,248,48,200
104900055,354,2,352
104900056,282,27,255
104900057,70,1,69
104900058,524,1254,-730
104900059,155,90,65
104900060,0,451,-451
104900061,119,312,-193
104900063,1,310,-309
104900064,0,176,-176
104900065,2,436,-434
104900066,1,104,-103
104900067,12,289,-277
104900068,95,141,-46
104900070,154,230,-76
104900071,0,427,-427
104900072,79,191,-112
104900073,164,92,72
104900074,130,121,9
104900075,82,16,66
104900076,182,170,12
104900077,664,333,331
104900078,318,225,93
104900079,160,1100,-940
104900080,177,385,-208
104900082,19,259,-240
104900085,11,156,-145
104900087,427,10,417
104900089,573,3,570
104900090,1831,1002,829
104900091,623,549,74
104900093,213,319,-106
104900097,1390,4589,-3199
104900098,486,49,437
104900099,83,1087,-1004
104900100,440,225,215
104900102,64,90,-26
104900103,374,41,333
104900104,2006,2945,-939
104900106,293,118,175
104900107,135,153,-18
104900108,88,169,-81
104900109,143,162,-19
104900110,22,54,-32
104900111,747,156,591
104900112,590,290,300
104900113,1236,251,985
104900114,889,310,579
104900115,1365,176,1189
104900116,779,141,638
104900118,37,50,-13
104900119,1,85,-84
104900120,12,868,-856
104900121,0,23,-23
104900122,32,36,-4
104900123,203,23,180
104900124,97,1,96
104900125,608,9,599
104900126,25,30,-5
104900127,21,70,-49
104900128,100,107,-7
104900129,1170,3917,-2747
105000001,3843,1583,2260
105000002,3534,2065,1469
105000003,3526,4598,-1072
105000004,1013,705,308
105000005,1856,1468,388
105000006,1873,2221,-348
105000007,2008,3021,-1013
105000008,1244,5861,-4617
105000009,3804,4885,-1081
105000010,2994,1191,1803
105000011,4729,4609,120
105000012,2677,2187,490
105000013,1559,1638,-79
105000014,3533,5175,-1642
105000015,10534,17810,-7276
105000016,1180,1298,-118
105000017,1556,873,683
105000018,953,2434,-1481
105000019,1179,1360,-181
105000020,146,702,-556
105000021,232,212,20
105000022,167,214,-47
105000023,765,228,537
105000028,55,71,-16
105000029,656,2319,-1663
105000030,3333,2298,1035
105000033,1142,1579,-437
105000034,235,1604,-1369
105000037,769,237,532
105000038,1553,2130,-577
105000039,1647,1273,374
105000040,1184,2218,-1034
105000041,439,1189,-750
105000042,2800,2555,245
105000043,1052,2292,-1240
105000044,991,634,357
105000045,330,418,-88
105000046,1570,371,1199
105000047,759,459,300
105000048,1134,327,807
105000049,233,465,-232
105000050,973,516,457
105000051,201,304,-103
105000052,844,948,-104
105000053,93,133,-40
105000054,581,1057,-476
105000055,998,307,691
105000056,2005,1596,409
105000057,1698,580,1118
105000058,1607,958,649
105000059,1180,739,441
105000060,580,464,116
105000061,1549,705,844
105000062,745,515,230
105000063,449,333,116
105000064,2929,853,2076
105000065,447,415,32
105000066,1167,1124,43
105000067,2164,1220,944
105000068,365,786,-421
105000069,1505,3503,-1998
105000070,470,1777,-1307
105000071,264,1991,-1727
105000072,1023,5082,-4059
105000073,1406,873,533
105000074,684,565,119
105000075,740,539,201
105000076,1212,882,330
105000077,2168,1086,1082
105000078,1128,1906,-778
105000079,1001,3112,-2111
105000080,2271,2221,50
105000081,1720,1473,247
105000082,900,2454,-1554
105000083,2866,4403,-1537
105000084,703,673,30
105000085,2887,2933,-46
105000086,836,1014,-178
105000087,1550,2005,-455
105000088,1749,2718,-969
105000089,2511,1773,738
105000090,855,730,125
105000091,1127,1339,-212
105000092,659,1113,-454
105000093,433,583,-150
105000094,339,236,103
105000095,164,916,-752
105000096,1372,2186,-814
105000097,750,814,-64
105000098,1398,1124,274
105000099,746,925,-179
105000100,2455,1303,1152
105000101,2440,3291,-851
105000102,2169,2957,-788
105000103,1523,5266,-3743
105000104,2711,1428,1283
105000105,1393,1507,-114
105000106,2140,1334,806
105000107,2708,944,1764
105000108,2824,1503,1321
105000109,3116,1375,1741
105000110,1364,589,775
105000111,1906,469,1437
105000112,1511,729,782
105000113,677,883,-206
105000114,1882,1678,204
105000115,400,1832,-1432
105000116,1597,792,805
105000117,803,498,305
105000118,1418,532,886
105000119,730,594,136
105000120,2255,808,1447
105000121,1065,643,422
105000122,648,804,-156
105000123,793,647,146
105000124,3004,719,2285
105000125,1157,962,195
105000126,2849,1453,1396
105000127,3611,1487,2124
105000128,935,1354,-419
105000129,1545,355,1190
105000130,243,4396,-4153
105000131,459,208,251
105000132,1850,973,877
105000133,561,853,-292
105000134,1787,750,1037
105000135,418,507,-89
105000136,60,95,-35
105000137,610,172,438
105000138,101,98,3
105000139,1136,529,607
105000140,457,350,107
105000141,441,313,128
105000142,358,301,57
105000143,257,453,-196
105000144,352,507,-155
105000145,1055,255,800
105000146,435,626,-191
105000147,855,389,466
105000148,1092,770,322
105000149,3661,3370,291
105000150,1554,1029,525
105000151,874,499,375
105000152,262,439,-177
105000153,904,831,73
105000154,774,439,335
105000155,403,994,-591
105000156,414,574,-160
105000157,790,1516,-726
105000158,2753,1013,1740
105000159,391,950,-559
105000160,4542,1047,3495
105000161,917,1278,-361
105000162,992,3313,-2321
105000163,1135,988,147
105000164,237,391,-154
105000165,717,10599,-9882
105000166,4887,2090,2797
105000167,1585,3849,-2264
105000168,671,346,325
105000169,1174,125,1049
105000170,474,1404,-930
105000171,1437,149,1288
105000172,260,27,233
105000173,514,26,488
105000174,181,35,146
105000175,172,113,59
105000176,975,162,813
105000177,613,314,299
105000178,397,365,32
105000179,1537,215,1322
105000180,499,140,359
105000181,357,156,201
105000182,109,32,77
105000183,2256,3315,-1059
105000184,617,1318,-701
105000185,911,1490,-579
105000186,523,613,-90
105000187,1182,319,863
105000188,255,278,-23
105000189,120,599,-479
105000190,296,358,-62
105000191,496,339,157
105000192,615,68,547
105000193,93,195,-102
105000194,962,127,835
105000195,425,1014,-589
105000196,96,320,-224
105000197,248,655,-407
105000198,393,244,149
105000199,98,525,-427
105000200,172,423,-251
105000201,123,91,32
105000203,30,100,-70
105000204,109,70,39
105000205,83,178,-95
105000207,238,118,120
105000208,236,1063,-827
105000209,215,173,42
105000212,1393,498,895
105000213,108,292,-184
105000214,188,181,7
105000215,443,140,303
105000216,264,93,171
105000217,364,192,172
105000218,2395,1086,1309
105000221,221,256,-35
105000222,369,181,188
105000223,456,190,266
105000226,159,230,-71
105000227,115,141,-26
105000228,150,2663,-2513
105000229,265,723,-458
105000231,699,397,302
105000233,1086,935,151
105000234,495,777,-282
105000235,610,649,-39
105000237,1690,123,1567
105000243,98,107,-9
105000248,57,120,-63
105000262,615,487,128
105000269,204,178,26
105000270,697,26,671
105000271,0,156,-156
105000282,58,79,-21
105000287,302,272,30
105000288,982,490,492
105000289,1085,2365,-1280
105000290,30,14,16
105000402,2385,4987,-2602
105000426,231,662,-431
105000438,1563,1411,152
105000446,11618,5289,6329
105000447,2762,1813,949
105000454,1032,157,875
105000455,200,147,53
105000474,173,2,171
105000477,914,747,167
105000478,3505,7310,-3805
105000479,188,170,18
105000480,6306,9520,-3214
105000481,5557,6207,-650
105000482,2816,4339,-1523
105000483,2353,4479,-2126
105000484,1575,2167,-592
105000485,1374,4433,-3059
105000486,1886,2589,-703
105000488,4104,2426,1678
105000489,1585,786,799
105000549,66,136,-70
105000550,348,1296,-948
105000551,39,84,-45
105000552,2036,1276,760
105900001,9,2517,-2508
105900002,777,1293,-516
105900003,15,128,-113
105900004,238,108,130
105900005,22,204,-182
105900006,10,140,-130
105900007,96,40,56
105900008,146,229,-83
105900009,41,25,16
105900011,207,73,134
105900012,622,127,495
105900013,5,50,-45
105900014,14,90,-76
105900015,143,910,-767
105900016,989,445,544
105900017,2262,53,2209
105900018,188,170,18
105900019,136,396,-260
105900020,60,88,-28
105900021,39,1351,-1312
105900022,293,130,163
105900023,15,315,-300
105900024,10,749,-739
105900025,358,12,346
105900026,300,15,285
105900027,18129,5982,12147
105900028,357,545,-188
105900029,2547,412,2135
105900030,263,337,-74
105900031,378,223,155
105900032,143,125,18
105900033,69,80,-11
105900034,431,161,270
105900035,367,174,193
105900036,181,153,28
105900037,149,36,113
105900038,256,212,44
105900039,173,72,101
105900040,117,78,39
105900041,211,93,118
105900042,79,133,-54
105900043,1448,41,1407
105900044,4,315,-311
105900045,1,1377,-1376
105900046,0,277,-277
105900047,13,74,-61
105900048,178,453,-275
105900050,3625,10198,-6573
105900051,103,1331,-1228
105900052,1044,183,861
105900053,2698,4922,-2224
105900054,221,510,-289
105900056,731,681,50
105900057,16,197,-181
105900058,24,13,11
105900059,0,102,-102
106000001,2439,2522,-83
106000002,827,3932,-3105
106000003,3582,4623,-1041
106000004,1397,2222,-825
106000005,4925,4979,-54
106000006,4533,1719,2814
106000007,713,533,180
106000008,533,348,185
106000009,648,343,305
106000010,610,606,4
106000011,2088,1294,794
106000012,1316,1076,240
106000013,2556,2097,459
106000014,2184,1267,917
106000015,2963,1501,1462
106000016,1733,1495,238
106000017,679,928,-249
106000018,678,592,86
106000019,610,582,28
106000020,519,308,211
106000021,417,547,-130
106000022,465,177,288
106000023,951,453,498
106000024,712,458,254
106000025,215,289,-74
106000026,57,200,-143
106000027,2466,1960,506
106000028,973,218,755
106000029,824,668,156
106000030,221,748,-527
106000034,144,394,-250
106000035,1040,2203,-1163
106000036,196,434,-238
106000037,1468,1186,282
106000038,87,204,-117
106000039,50,176,-126
106000040,139,1039,-900
106000041,776,623,153
106000043,535,320,215
106000046,374,111,263
106000047,24,667,-643
106000049,1436,222,1214
106000050,285,359,-74
106000051,1193,826,367
106000052,142,247,-105
106000053,713,201,512
106000054,335,224,111
106000055,1253,671,582
106000056,276,210,66
106000057,634,260,374
106000058,237,157,80
106000059,541,348,193
106000060,300,276,24
106000061,229,855,-626
106000062,276,324,-48
106000063,1244,849,395
106000064,22,282,-260
106000065,517,250,267
106000066,159,210,-51
106000067,613,115,498
106000068,99,488,-389
106000069,411,80,331
106000070,444,531,-87
106000071,1133,270,863
106000072,3208,1842,1366
106000073,1461,5178,-3717
106000074,907,887,20
106000075,389,1273,-884
106000076,1935,1668,267
106000077,2645,917,1728
106000078,1721,700,1021
106000079,1141,595,546
106000080,1756,428,1328
106000081,1208,832,376
106000082,1927,615,1312
106000083,601,1280,-679
106000084,1046,539,507
106000085,1760,1479,281
106000086,598,720,-122
106000087,1007,412,595
106000088,434,762,-328
106000089,1400,276,1124
106000090,463,665,-202
106000091,264,286,-22
106000092,1255,381,874
106000093,526,144,382
106000094,98,209,-111
106000095,1488,606,882
106000096,1454,578,876
106000097,1878,646,1232
106000098,1308,655,653
106000099,287,1347,-1060
106000100,1778,219,1559
106000101,993,920,73
106000102,189,2071,-1882
106000103,299,742,-443
106000104,1181,377,804
106000105,618,579,39
106000106,1114,349,765
106000107,185,131,54
106000108,523,152,371
106000109,328,166,162
106000110,434,153,281
106000111,247,150,97
106000112,448,838,-390
106000113,786,440,346
106000114,559,1017,-458
106000115,302,345,-43
106000116,516,229,287
106000117,978,443,535
106000118,1756,1573,183
106000119,1059,591,468
106000120,1371,1944,-573
106000121,440,179,261
106000122,263,108,155
106000123,1045,71,974
106000124,150,109,41
106000125,47,122,-75
106000126,573,51,522
106000127,1570,561,1009
106000128,1203,128,1075
106000129,691,382,309
106000130,1416,306,1110
106000131,123,689,-566
106000132,697,152,545
106000133,2696,1718,978
106000134,486,3544,-3058
106000135,137,646,-509
106000136,802,1541,-739
106000137,81,839,-758
106000138,2394,118,2276
106000139,60,44,16
106000140,58,27,31
106000141,221,40,181
106000142,117,49,68
106000143,22,46,-24
106000144,21,113,-92
106000145,596,134,462
106000146,622,161,461
106000147,504,320,184
106000148,418,525,-107
106000149,1014,264,750
106000150,872,2220,-1348
106000151,3448,817,2631
106000152,1051,3090,-2039
106000153,78,2432,-2354
106000154,1564,156,1408
106000155,171,311,-140
106000156,2204,201,2003
106000157,946,1700,-754
106000158,1956,854,1102
106000159,2627,2718,-91
106000160,733,5221,-4488
106000161,1149,252,897
106000162,537,1724,-1187
106000163,550,232,318
106000164,1041,290,751
106000165,438,396,42
106000166,1552,281,1271
106000167,558,723,-165
106000168,1141,192,949
106000169,478,329,149
106000170,1560,209,1351
106000171,275,967,-692
106000172,3334,1359,1975
106000173,1086,2701,-1615
106000174,1695,403,1292
106000175,308,653,-345
106000176,2901,942,1959
106000177,1110,2083,-973
106000178,3602,1584,2018
106000179,786,1411,-625
106000180,895,696,199
106000181,1673,1528,145
106000182,2473,605,1868
106000183,2558,487,2071
106000184,2231,653,1578
106000185,1821,1621,200
106000186,639,75,564
106000187,125,1220,-1095
106000188,0,0,0
106000189,42,64,-22
106000190,50,4,46
106000191,782,116,666
106000192,1,18,-17
106000193,457,222,235
106000194,157,515,-358
106000195,444,375,69
106000196,128,815,-687
106000197,825,362,463
106000198,294,134,160
106000199,724,1341,-617
106000200,315,356,-41
106000201,569,5840,-5271
106000202,2559,596,1963
106000203,71,166,-95
106000204,132,10,122
106000205,8,140,-132
106000206,118,35,83
106000207,23,420,-397
106000208,2129,250,1879
106000209,2376,608,1768
106000210,280,758,-478
106000211,201,1229,-1028
106000212,1319,699,620
106000213,222,1245,-1023
106000214,1342,502,840
106000215,412,444,-32
106000216,644,374,270
106000217,271,358,-87
106000218,427,289,138
106000219,182,248,-66
106000220,605,273,332
106000221,415,114,301
106000222,212,62,150
106000223,585,128,457
106000224,379,74,305
106000225,130,193,-63
106000226,84,141,-57
106000228,110,98,12
106000229,108,502,-394
106000231,1380,109,1271
106000232,122,168,-46
106000233,638,82,556
106000234,55,234,-179
106000235,390,182,208
106000236,54,156,-102
106000237,3,28,-25
106000238,7,29,-22
106000239,0,126,-126
106000240,37,11,26
106000241,24,457,-433
106000242,355,62,293
106000249,92,28,64
106000250,105,628,-523
106000251,169,21,148
106000252,21,50,-29
106000253,75,99,-24
106000254,132,45,87
106000255,56,185,-129
106000256,82,27,55
106000257,178,225,-47
106000258,102,41,61
106000259,1,73,-72
106000260,27,12,15
106000261,5,60,-55
106000262,99,9,90
106000263,31,24,7
106000264,278,13,265
106000265,15,160,-145
106000266,141,22,119
106000267,1,125,-124
106000268,331,42,289
106000269,26,51,-25
106000270,70,356,-286
106000271,127,143,-16
106000272,206,91,115
106000273,48,170,-122
106000274,173,63,110
106000275,314,212,102
106000276,105,42,63
106000277,116,277,-161
106000278,175,43,132
106000279,23,26,-3
106000280,182,41,141
106000281,120,54,66
106000282,102,78,24
106000283,193,53,140
106000284,235,169,66
106000285,135,69,66
106000286,146,133,13
106000287,144,76,68
106000288,145,112,33
106000289,147,73,74
106000290,105,82,23
106000291,120,89,31
106000292,90,57,33
106000293,135,132,3
106000294,140,64,76
106000295,94,62,32
106000296,67,75,-8
106000297,66,303,-237
106000298,111,126,-15
106000299,126,86,40
106000300,63,86,-23
106000301,51,105,-54
106000303,35,69,-34
106000304,53,22,31
106000305,101,21,80
106000306,52,42,10
106000307,154,25,129
106000308,37,101,-64
106000309,21,64,-43
106000310,343,234,109
106000311,649,161,488
106000312,176,99,77
106000313,447,167,280
106000318,42,568,-526
106000319,1948,468,1480
106000320,1,91,-90
106000321,160,195,-35
106000322,377,66,311
106000324,28,71,-43
106000325,2771,1079,1692
106000326,1355,1263,92
106000327,252,54,198
106000328,43,104,-61
106000329,92,194,-102
106000330,40,87,-47
106000428,94,167,-73
106000429,172,204,-32
106000430,369,885,-516
106000431,2919,473,2446
106000432,938,2362,-1424
106000433,2879,1467,1412
106000434,4155,1585,2570
106000435,965,2353,-1388
106000436,31,138,-107
106000437,583,88,495
106000438,440,367,73
106000439,74,510,-436
106000440,273,995,-722
106000441,2,0,2
106000442,186,15,171
106000443,432,165,267
106000450,3,75,-72
106000451,24,135,-111
106000454,6,112,-106
106000455,8,142,-134
106000456,105,60,45
106000457,58,419,-361
106000458,1507,32,1475
106000459,411,114,297
106000460,2401,34,2367
106000461,292,310,-18
106000462,4,68,-64
106000463,3,2,1
106000464,12,185,-173
106000465,1213,5,1208
106000466,8,217,-209
106000467,137,225,-88
106000468,156,196,-40
106000469,64,1,63
106000470,315,2541,-2226
106000471,11,421,-410
106000472,185,19,166
106000473,47,16,31
106000474,359,359,0
106000475,483,159,324
106000476,131,323,-192
106000477,32,19,13
106900001,0,25,-25
106900002,1,192,-191
106900003,152,3093,-2941
106900004,0,16,-16
106900006,0,7,-7
106900007,0,15,-15
106900008,845,67,778
106900009,577,143,434
106900010,372,261,111
106900012,919,3407,-2488
106900013,809,201,608
106900014,84,2,82
106900015,15,5,10
106900016,471,8,463
106900017,23,1,22
106900018,4,2,2
106900019,161,0,161
106900020,3990,2756,1234
106900021,161,160,1
106900022,1497,5,1492
106900023,39,203,-164
106900024,867,80,787
106900025,51,932,-881
106900026,0,243,-243
106900027,1391,12,1379
107000001,3596,7431,-3835
107000002,1719,3086,-1367
107000003,9712,8225,1487
107000004,4645,2391,2254
107000005,10089,7949,2140
107000006,3673,1859,1814
107000007,7207,11698,-4491
107000008,5727,3917,1810
107000009,12820,10583,2237
107000010,7043,5042,2001
107000011,882,823,59
107000012,2521,2044,477
107000013,136,43,93
107000014,82,83,-1
107000015,559,346,213
107000016,1197,450,747
107000017,1340,6269,-4929
107000018,29,4913,-4884
107000020,1101,4905,-3804
107000021,1522,515,1007
107000022,1172,2910,-1738
107000023,2236,229,2007
107000024,867,1772,-905
107000025,242,381,-139
107000026,490,385,105
107000027,2131,1065,1066
107000028,1736,637,1099
107000029,5011,4227,784
107000030,2698,1718,980
107000031,6928,3294,3634
107000032,425,686,-261
107000033,2951,4378,-1427
107000034,6807,1442,5365
107000035,647,243,404
107000036,1402,1869,-467
107000037,154,934,-780
107000038,278,215,63
107000039,1323,1057,266
107000040,446,235,211
107000041,1564,1069,495
107000042,725,2375,-1650
107000043,2055,1145,910
107000044,366,693,-327
107000045,65,369,-304
107000046,1242,486,756
107000047,579,804,-225
107000048,922,399,523
107000049,658,710,-52
107000050,1366,615,751
107000051,223,311,-88
107000052,1204,1566,-362
107000053,458,430,28
107000054,57,186,-129
107000055,140,137,3
107000056,471,515,-44
107000057,1532,141,1391
107000058,2497,3232,-735
107000059,2251,2660,-409
107000060,7139,6843,296
107000061,5034,2520,2514
107000062,8372,3616,4756
107000063,4843,2918,1925
107000064,7424,4109,3315
107000065,3415,3147,268
107000066,2326,4424,-2098
107000067,1828,1943,-115
107000068,1092,1384,-292
107000069,1407,983,424
107000070,1570,27,1543
107000071,5741,92,5649
107000072,19,1337,-1318
107000073,1472,799,673
107000074,125,642,-517
107000075,3075,766,2309
107000076,411,906,-495
107000077,5159,1520,3639
107000078,1258,1821,-563
107000079,4212,1493,2719
107000080,796,1975,-1179
107000081,4023,741,3282
107000082,848,680,168
107000083,2130,831,1299
107000084,378,922,-544
107000085,3647,3865,-218
107000086,3559,2763,796
107000087,4353,2937,1416
107000088,3443,3308,135
107000089,2532,2816,-284
107000090,1686,855,831
107000091,2330,1263,1067
107000092,1244,749,495
107000093,1927,1300,627
107000094,1032,893,139
107000095,1422,728,694
107000096,631,648,-17
107000097,515,290,225
107000098,177,328,-151
107000099,541,558,-17
107000100,266,319,-53
107000101,171,314,-143
107000102,228,324,-96
107000103,398,253,145
107000104,184,256,-72
107000105,581,138,443
107000106,172,146,26
107000107,840,126,714
107000108,156,323,-167
107000109,1129,143,986
107000110,72,331,-259
107000111,638,58,580
107000112,50,117,-67
107000113,1010,134,876
107000114,117,265,-148
107000115,1216,415,801
107000116,117,484,-367
107000117,227,1547,-1320
107000118,99,94,5
107000119,1594,1934,-340
107000120,792,807,-15
107000121,1429,676,753
107000122,1196,756,440
107000123,712,576,136
107000124,754,485,269
107000125,1884,452,1432
107000126,1746,281,1465
107000127,28,236,-208
107000129,159,114,45
107000130,391,357,34
107000131,527,380,147
107000132,756,396,360
107000133,612,356,256
107000134,425,2,423
107000135,2,529,-527
107000136,762,4,758
107000137,13,784,-771
107000138,295,42,253
107000139,29,1051,-1022
107000140,2347,122,2225
107000141,121,846,-725
107000142,736,136,600
107000143,68,630,-562
107000144,871,877,-6
107000145,197,376,-179
107000146,275,485,-210
107000147,4835,799,4036
107000150,498,5138,-4640
107000151,54,106,-52
107000152,867,2896,-2029
107000153,58,320,-262
107000154,16,464,-448
107000155,1566,13,1553
107000156,2222,25,2197
107000157,96,496,-400
107000158,1295,25,1270
107000159,30,402,-372
107000160,2324,217,2107
107000161,91,380,-289
107000162,487,1069,-582
107000163,245,2,243
107000164,1314,4,1310
107000165,2257,25,2232
107000166,23,313,-290
107000167,1290,303,987
107000168,1407,788,619
107000169,517,465,52
107000170,4702,1117,3585
107000171,787,957,-170
107000172,2145,2261,-116
107000173,729,603,126
107000174,1623,8591,-6968
107000175,4187,1071,3116
107000176,4,2,2
107000177,7,1,6
107000178,47,6,41
107000179,456,1024,-568
107000180,2761,189,2572
107000181,578,700,-122
107000182,3009,616,2393
107000183,316,488,-172
107000184,2113,505,1608
107000185,549,1100,-551
107000186,1940,427,1513
107000187,1488,1368,120
107000188,845,591,254
107000189,883,923,-40
107000190,1046,606,440
107000191,1130,992,138
107000192,2358,580,1778
107000193,583,731,-148
107000194,1008,544,464
107000197,1413,335,1078
107000198,480,459,21
107000199,1621,740,881
107000200,907,961,-54
107000201,648,703,-55
107000202,457,516,-59
107000203,780,2087,-1307
107000204,878,2349,-1471
107000205,1336,955,381
107000206,719,2152,-1433
107000207,802,1724,-922
107000208,639,696,-57
107000209,895,1498,-603
107000210,168,227,-59
107000211,2,74,-72
107000212,11,219,-208
107000213,4,24,-20
107000214,32,75,-43
107000215,684,206,478
107000216,824,522,302
107000217,218,115,103
107000219,106,372,-266
107000220,256,82,174
107000222,351,455,-104
107000224,1046,118,928
107000225,161,270,-109
107000226,1038,152,886
107000227,132,135,-3
107000228,438,446,-8
107000229,74,157,-83
107000230,1241,455,786
107000231,640,2239,-1599
107000232,131,24,107
107000233,303,1461,-1158
107000234,10,113,-103
107000235,145,25,120
107000236,11,520,-509
107000237,72,2,70
107000238,42,0,42
107000239,3755,771,2984
107000240,71,668,-597
107000241,72,10,62
107000242,363,30,333
107000243,1,68,-67
107000244,11,83,-72
107000246,2,1055,-1053
107000249,2,1142,-1140
107000251,5,498,-493
107000252,0,448,-448
107000255,207,261,-54
107000257,3,573,-570
107000258,13,196,-183
107000259,6,162,-156
107000260,2408,15,2393
107000262,5,248,-243
107000263,654,8,646
107000266,9,12,-3
107000267,49,77,-28
107000268,153,67,86
107000269,113,14,99
107000270,338,84,254
107000271,13,0,13
107000272,143,0,143
107000273,12,419,-407
107000274,854,1252,-398
107000275,33,4411,-4378
107000280,1881,47,1834
107000281,49,339,-290
107000282,74,385,-311
107000290,52,50,2
107000291,8,11,-3
107000292,2,595,-593
107000293,27,8,19
107000294,0,84,-84
107000295,48,2,46
107000296,0,24,-24
107000444,344,2,342
107000496,3,9,-6
107000497,1198,1190,8
107000500,704,343,361
107000501,85,173,-88
107000502,227,301,-74
107000505,211,707,-496
107000506,0,5,-5
107000508,2,179,-177
107000509,168,931,-763
107000510,57,47,10
107000514,58,539,-481
107000515,36,52,-16
107000516,741,415,326
107000518,1949,3592,-1643
107000519,1619,630,989
107000520,156,57,99
107900001,145,74,71
107900002,88,13,75
107900003,1193,25,1168
107900004,294,2,292
107900005,3006,13,2993
107900006,343,1,342
107900007,708,65,643
107900008,58,5,53
107900009,195,21,174
107900010,70,4,66
107900012,410,122,288
107900013,297,13,284
107900014,150,16,134
107900015,2214,24,2190
107900016,381,131,250
107900017,89,3,86
107900018,132,380,-248
107900019,34,20,14
107900020,50,30,20
107900021,257,45,212
107900023,13,4,9
107900024,0,5,-5
107900025,356,157,199
107900026,106,23,83
107900027,25,101,-76
107900028,242,69,173
107900030,307,44,263
107900031,90,94,-4
107900032,9,10,-1
107900033,23,15,8
107900034,418,33,385
107900035,2244,103,2141
107900036,100,75,25
107900037,0,9,-9
107900038,73,433,-360
107900039,79,20,59
107900040,19,380,-361
107900041,3,3,0
107900043,73,131,-58
107900044,16,18,-2
107900045,215,106,109
107900046,436,293,143
107900047,73,24,49
107900048,358,53,305
107900049,421,1530,-1109
107900050,36,223,-187
107900051,98,66,32
107900052,28,51,-23
107900053,129,79,50
107900055,836,325,511
107900056,182,133,49
107900057,26,0,26
107900058,37,476,-439
107900060,30,42,-12
107900061,5,28,-23
107900063,93,140,-47
107900064,294,448,-154
107900065,506,17,489
107900066,36,6,30
107900067,0,0,0
107900068,155,1405,-1250
107900069,20,4109,-4089
107900070,263,192,71
107900071,29,291,-262
107900072,282,92,190
107900073,185,50,135
107900074,259,521,-262
107900076,253,61,192
107900077,236,9,227
107900078,234,109,125
107900079,29,19,10
107900080,208,1160,-952
107900081,105,57,48
107900082,15,14,1
107900083,465,202,263
107900084,205,202,3
107900086,43,276,-233
107900087,255,148,107
107900088,189,56,133
107900089,225,928,-703
107900090,1034,3646,-2612
107900091,136,105,31
107900092,1452,190,1262
107900093,100,92,8
107900095,1447,2076,-629
107900097,66,49,17
107900098,94,230,-136
107900100,1125,2165,-1040
107900101,517,60,457
107900102,88,9,79
107900103,64,130,-66
107900104,370,7,363
107900105,1,115,-114
107900106,11,480,-469
107900107,1552,526,1026
107900108,138,65,73
107900109,2929,74,2855
107900110,126,29,97
107900111,8,267,-259
107900112,79,624,-545
107900113,351,66,285
107900114,405,86,319
107900115,1,11,-10
107900116,442,60,382
107900117,264,89,175
107900118,55,110,-55
107900119,160,411,-251
107900120,85,64,21
107900121,2,112,-110
107900122,2,275,-273
107900123,36,59,-23
107900124,6,53,-47
107900125,26,252,-226
107900126,39,58,-19
107900127,487,370,117
107900128,111,83,28
107900129,118,30,88
107900130,113,14,99
107900131,124,849,-725
107900132,106,214,-108
107900133,0,37,-37
107900134,38,160,-122
107900135,9,81,-72
107900136,18,54,-36
107900137,146,113,33
107900138,161,36,125
107900139,97,41,56
107900140,59,33,26
107900141,29,64,-35
107900142,36,475,-439
107900143,26,16,10
107900144,1,75,-74
107900145,8,82,-74
107900146,44,174,-130
107900147,50,43,7
107900148,207,110,97
107900149,494,116,378
107900150,55,238,-183
107900151,55,40,15
107900152,12,103,-91
107900153,92,455,-363
107900154,60,24,36
107900155,132,43,89
107900156,30,103,-73
107900157,29,53,-24
107900158,1668,32,1636
107900159,19,343,-324
107900160,277,123,154
107900161,75,43,32
107900162,0,102,-102
107900163,20,69,-49
107900164,38,41,-3
107900165,26,243,-217
107900166,65,63,2
107900167,20,71,-51
107900168,104,14,90
107900169,0,127,-127
107900171,7,280,-273
107900172,11,148,-137
107900173,74,37,37
107900174,297,7,290
107900175,115,74,41
107900176,70,6,64
107900177,4,262,-258
107900178,3,52,-49
107900179,39,74,-35
107900180,339,1440,-1101
107900181,350,229,121
107900182,2,454,-452
107900183,97,77,20
107900184,163,119,44
107900185,258,8,250
107900186,29,50,-21
107900187,0,199,-199
107900188,358,114,244
107900189,35,82,-47
107900190,41,188,-147
107900191,82,54,28
107900193,0,52,-52
107900194,343,34,309
107900195,558,245,313
107900196,104,28,76
107900197,250,535,-285
107900199,2,400,-398
107900201,122,58,64
107900203,39,32,7
107900204,197,175,22
107900205,247,287,-40
107900206,591,699,-108
107900207,1,271,-270
107900208,31,184,-153
107900209,186,146,40
107900210,42,40,2
107900213,380,563,-183
107900214,12,50,-38
107900215,94,476,-382
107900216,59,68,-9
107900217,65,69,-4
107900218,38,2352,-2314
107900219,49,19,30
107900220,89,268,-179
107900221,118,136,-18
107900223,157,166,-9
107900224,85,517,-432
107900225,19,398,-379
107900226,35,64,-29
107900227,142,218,-76
107900228,57,80,-23
107900229,1,85,-84
107900230,35,24,11
107900231,57,71,-14
107900232,202,77,125
107900233,31,78,-47
107900234,178,138,40
107900235,18,118,-100
107900236,410,44,366
107900237,26,211,-185
107900238,47,22,25
107900239,315,743,-428
107900240,61,37,24
107900241,27,39,-12
107900242,48,64,-16
107900243,2,47,-45
107900244,480,5,475
107900245,1085,49,1036
107900246,379,13,366
107900248,256,144,112
107900249,1486,115,1371
107900250,4,288,-284
107900251,36,680,-644
107900252,1192,43,1149
107900253,364,21,343
107900254,57,267,-210
107900255,222,118,104
107900256,577,2162,-1585
107900257,514,195,319
107900258,200,70,130
107900259,49,4121,-4072
107900261,1,109,-108
107900262,58,43,15
107900264,784,35,749
107900265,210,122,88
107900267,505,12,493
107900268,16,5,11
107900269,0,6,-6
107900270,1,1,0
107900271,12,52,-40
107900272,28,58,-30
107900273,97,65,32
107900274,246,0,246
107900275,46,2,44
107900276,1,43,-42
107900277,0,65,-65
107900278,526,192,334
107900279,57,109,-52
107900280,3006,1592,1414
107900281,656,7185,-6529
107900282,25,1091,-1066
107900283,866,1191,-325
107900284,999,342,657
107900285,207,38,169
107900286,63,61,2
107900287,488,188,300
107900290,0,458,-458
107900291,729,33,696
107900292,134,63,71
107900293,156,171,-15
107900295,79,17,62
107900297,6,291,-285
107900298,648,307,341
107900299,1811,3378,-1567
107900300,163,485,-322
107900301,943,1127,-184
107900302,139,51,88
107900303,385,247,138
107900304,733,209,524
107900305,618,30,588
107900306,2,54,-52
107900307,29,203,-174
107900308,228,231,-3
107900309,77,0,77
107900310,99,0,99
107900311,7,808,-801
107900312,55,0,55
107900313,0,282,-282
107900314,2,135,-133
107900315,4,109,-105
107900316,51,4,47
107900317,116,9,107
107900318,8,251,-243
107900319,15,36,-21
107900320,32,80,-48
107900321,179,14,165
107900322,0,22,-22
107900323,184,96,88
107900324,140,0,140
107900325,157,1,156
107900326,563,113,450
107900327,1,177,-176
107900328,42,0,42
107900329,101,284,-183
107900330,26,134,-108
107900331,606,30,576
107900332,703,16,687
107900333,93,31,62
107900334,11,50,-39
107900335,67,15,52
107900336,51,86,-35
107900337,490,1548,-1058
107900338,6,81,-75
107900339,2,6,-4
107900340,1,54,-53
107900341,99,1,98
107900342,141,64,77
107900343,36,2,34
107900344,13,111,-98
107900345,121,19,102
107900346,30,0,30
107900347,12,3,9
107900348,7,4,3
107900349,44,13,31
107900350,9,212,-203
108000001,4751,4318,433
108000002,1991,1526,465
108000003,3580,4475,-895
108000004,11352,11575,-223
108000005,8965,7046,1919
108000006,4551,5243,-692
108000007,6406,5322,1084
108000008,3906,4137,-231
108000009,6376,6210,166
108000010,3182,3580,-398
108000011,14981,13654,1327
108000012,10070,10010,60
108000014,668,1509,-841
108000015,1056,184,872
108000016,453,729,-276
108000017,1635,434,1201
108000018,2678,839,1839
108000019,1440,1183,257
108000020,1524,606,918
108000021,296,1463,-1167
108000022,485,1000,-515
108000023,2182,323,1859
108000024,406,278,128
108000025,595,209,386
108000026,1061,195,866
108000027,1162,277,885
108000028,1047,173,874
108000029,972,291,681
108000030,644,171,473
108000031,263,469,-206
108000032,2783,678,2105
108000033,811,567,244
108000034,2404,749,1655
108000035,732,1249,-517
108000036,385,775,-390
108000037,2976,420,2556
108000038,4743,671,4072
108000039,563,1185,-622
108000040,2983,1334,1649
108000041,588,1683,-1095
108000042,561,206,355
108000043,253,122,131
108000044,1340,138,1202
108000045,429,179,250
108000046,2275,520,1755
108000047,572,552,20
108000048,134,206,-72
108000049,1396,236,1160
108000050,95,278,-183
108000051,506,294,212
108000052,123,354,-231
108000053,595,417,178
108000054,495,1153,-658
108000055,1507,1028,479
108000056,524,1603,-1079
108000057,754,1956,-1202
108000058,2243,5504,-3261
108000059,2027,1371,656
108000060,315,668,-353
108000061,144,219,-75
108000062,1493,795,698
108000063,631,331,300
108000064,393,249,144
108000065,816,335,481
108000066,1763,947,816
108000067,2597,1007,1590
108000068,1212,502,710
108000069,185,546,-361
108000070,2991,816,2175
108000071,676,1113,-437
108000072,2116,1079,1037
108000073,948,1011,-63
108000074,1024,516,508
108000075,444,445,-1
108000076,1263,627,636
108000077,589,459,130
108000078,3360,1082,2278
108000079,638,742,-104
108000080,2449,500,1949
108000081,713,658,55
108000082,644,1203,-559
108000083,2562,1073,1489
108000084,445,715,-270
108000085,1739,622,1117
108000086,410,326,84
108000087,199,3116,-2917
108000088,392,8,384
108000089,587,432,155
108000090,678,195,483
108000091,311,303,8
108000092,289,64,225
108000093,335,374,-39
108000094,1277,70,1207
108000095,266,215,51
108000096,596,207,389
108000097,194,206,-12
108000098,3008,1094,1914
108000099,351,97,254
108000100,109,301,-192
108000101,2020,1857,163
108000102,2131,4401,-2270
108000106,1241,0,1241
108000107,1,1204,-1203
108000108,1008,92,916
108000109,8,647,-639
108000110,548,342,206
108000111,282,514,-232
108000112,66,277,-211
108000113,374,156,218
108000115,391,383,8
108000117,563,601,-38
108000118,45,431,-386
108000119,561,255,306
108000120,229,1042,-813
108000121,314,287,27
108000122,867,370,497
108000123,837,172,665
108000124,567,413,154
108000125,993,130,863
108000126,336,228,108
108000127,944,180,764
108000128,1068,210,858
108000129,440,370,70
108000130,766,180,586
108000131,994,560,434
108000132,692,838,-146
108000133,1660,613,1047
108000134,584,328,256
108000135,1727,818,909
108000136,226,471,-245
108000137,790,163,627
108000138,785,484,301
108000139,805,261,544
108000140,462,17,445
108000141,69,55,14
108000142,70,50,20
108000143,49,14,35
108000144,138,9,129
108000145,58,1,57
108000146,257,28,229
108000147,47,27,20
108000148,134,29,105
108000149,34,9,25
108000150,76,16,60
108000151,5,21,-16
108000152,173,232,-59
108000153,985,124,861
108000154,51,2,49
108000155,43,35,8
108000156,302,170,132
108000157,210,2125,-1915
108000158,89,1124,-1035
108000159,213,271,-58
108000160,1634,1357,277
108000161,1828,6112,-4284
108000165,4,441,-437
108000172,5,458,-453
108000173,719,3110,-2391
108000175,604,121,483
108000178,419,479,-60
108000179,174,1363,-1189
108000181,141,15,126
108000182,126,20,106
108000183,11,15,-4
108000184,707,4095,-3388
108000185,375,197,178
108000186,339,53,286
108000187,168,171,-3
108000188,1351,131,1220
108000189,433,2222,-1789
108000190,45,113,-68
108000192,452,208,244
108000193,551,41,510
108000194,22,11,11
108000195,4,649,-645
108000196,302,99,203
108000198,813,75,738
108000199,0,417,-417
108000200,957,193,764
108000202,1,539,-538
108000203,254,215,39
108000204,263,108,155
108000205,96,173,-77
108000339,1147,548,599
108000364,79,334,-255
108000365,92,264,-172
108000367,231,234,-3
108000368,11,71,-60
108000369,253,120,133
108000371,1,515,-514
108000372,1049,9,1040
108000373,301,85,216
108000376,202,43,159
108000377,987,153,834
108000378,10854,15413,-4559
108000379,72,127,-55
108000381,218,12,206
108000382,83,0,83
108000383,1,260,-259
108900001,34,334,-300
108900002,307,109,198
108900003,174,531,-357
108900004,211,783,-572
108900005,75,695,-620
108900006,1100,219,881
108900007,475,142,333
108900008,316,99,217
108900009,177,118,59
108900010,525,107,418
108900011,1129,301,828
108900012,609,342,267
108900013,211,206,5
108900014,46,104,-58
108900015,4,366,-362
108900016,2,215,-213
108900017,246,748,-502
108900018,223,430,-207
108900019,50,512,-462
108900020,56,125,-69
108900021,175,154,21
108900022,222,14,208
108900023,75,79,-4
108900024,91,43,48
108900025,366,54,312
108900026,26,59,-33
108900027,1,13,-12
108900028,172,89,83
108900029,127,189,-62
108900030,0,12,-12
108900031,263,165,98
108900032,6,137,-131
108900033,0,101,-101
108900034,0,65,-65
108900035,307,348,-41
108900036,137,158,-21
108900037,64,125,-61
108900038,15,143,-128
108900039,0,98,-98
108900040,14,60,-46
108900041,3595,4133,-538
108900042,10,454,-444
108900043,131,349,-218
108900044,4,116,-112
108900045,232,147,85
108900046,25,173,-148
108900047,1,71,-70
108900048,136,292,-156
108900049,1444,3137,-1693
108900050,1,64,-63
108900051,0,82,-82
108900052,41,102,-61
108900053,90,466,-376
108900054,80,163,-83
108900055,34,461,-427
108900056,5,58,-53
108900057,1,50,-49
108900058,59,163,-104
108900059,1155,86,1069
108900060,170,269,-99
108900061,69,43,26
108900062,5,139,-134
108900063,17,143,-126
108900064,553,16,537
108900065,9,115,-106
108900066,747,177,570
108900067,16,143,-127
108900068,0,30,-30
108900069,186,15,171
108900070,46,42,4
108900071,171,67,104
108900072,1682,460,1222
108900073,5,20,-15
108900074,600,65,535
108900075,30,22,8
108900076,835,85,750
108900077,54,87,-33
108900078,111,53,58
108900079,340,189,151
108900080,23,1646,-1623
108900081,71,236,-165
108900082,153,33,120
108900083,19,377,-358
108900084,223,168,55
108900085,1385,162,1223
108900086,295,83,212
108900087,52,155,-103
108900088,1080,469,611
108900089,21,213,-192
108900090,136,108,28
108900091,114,41,73
108900092,848,337,511
108900093,161,160,1
108900094,339,118,221
108900095,23,156,-133
108900096,203,23,180
108900097,448,91,357
108900098,1274,1568,-294
108900099,698,91,607
108900100,96,121,-25
108900101,325,479,-154
108900102,47,1747,-1700
108900103,109,142,-33
108900104,89,337,-248
108900105,17,2740,-2723
108900106,648,96,552
108900108,496,65,431
108900109,59,40,19
108900110,244,129,115
108900111,683,205,478
108900112,479,35,444
108900113,45,108,-63
108900114,4,8,-4
108900115,264,128,136
108900116,148,18,130
108900117,350,22,328
108900118,944,35,909
108900119,574,31,543
108900120,272,327,-55
108900121,448,168,280
108900122,368,31,337
108900123,317,183,134
108900124,1213,399,814
108900125,799,6,793
108900126,258,95,163
108900127,321,27,294
108900128,298,115,183
108900129,1641,264,1377
108900130,613,2,611
108900131,564,20,544
108900132,804,61,743
108900133,456,48,408
108900134,1055,157,898
108900135,459,24,435
108900136,43,1,42
108900137,409,4,405
108900138,1426,95,1331
108900139,873,121,752
108900140,643,69,574
108900141,891,24,867
108900142,165,6,159
108900143,140,2,138
108900144,234,1,233
108900145,496,30,466
108900146,166,1,165
108900147,401,4,397
108900148,46,10,36
108900149,549,228,321
108900150,440,9,431
108900151,80,25,55
108900152,187,208,-21
108900153,349,97,252
108900154,7028,466,6562
108900155,506,59,447
108900156,168,12,156
108900157,25,284,-259
108900158,676,52,624
108900159,14,95,-81
108900160,41,157,-116
108900161,10,166,-156
108900162,251,1,250
108900163,9,450,-441
108900164,57,31,26
108900165,93,58,35
108900167,820,12999,-12179
108900168,3995,3220,775
108900169,91,159,-68
108900171,2780,4623,-1843
108900172,232,62,170
108900173,96,360,-264
108900174,1507,470,1037
108900176,185,302,-117
108900177,4242,11103,-6861
108900178,2485,5703,-3218
108900179,503,2893,-2390
108900180,110,436,-326
108900182,56,648,-592
108900183,124,194,-70
108900184,822,247,575
108900185,155,508,-353
108900186,121,368,-247
108900187,770,55,715
108900188,1171,62,1109
108900189,610,130,480
108900190,48,1485,-1437
108900191,191,60,131
108900192,122,166,-44
108900193,58,41,17
108900194,7,622,-615
108900195,124,66,58
108900196,47,231,-184
108900198,10,160,-150
108900199,255,265,-10
108900200,805,501,304
108900201,460,876,-416
108900203,675,155,520
108900204,530,21,509
108900205,389,49,340
108900206,661,101,560
108900207,255,293,-38
108900208,15,230,-215
108900209,170,424,-254
108900210,150,163,-13
108900211,205,779,-574
108900212,232,2228,-1996
108900215,99,391,-292
108900216,280,412,-132
108900217,146,4,142
108900218,100,17,83
108900219,110,17,93
108900220,51,63,-12
108900221,47,120,-73
108900222,443,18,425
108900223,5,92,-87
108900224,65,329,-264
108900225,4,270,-266
108900226,663,32,631
108900227,207,603,-396
108900230,93,192,-99
108900231,14,149,-135
108900232,4,112,-108
108900233,749,188,561
108900234,531,171,360
108900235,248,352,-104
108900236,49,342,-293
108900237,128,83,45
108900240,219,105,114
108900241,72,80,-8
108900245,3,2566,-2563
108900249,178,53,125
108900250,446,93,353
108900257,374,234,140
108900258,4,108,-104
108900259,29,39,-10
108900260,7,22,-15
108900261,54,37,17
108900262,92,97,-5
108900263,44,122,-78
108900264,160,281,-121
108900265,1389,842,547
108900266,240,1648,-1408
108900267,1,338,-337
108900268,5,21,-16
108900269,173,17,156
108900270,206,14,192
108900271,71,13,58
108900272,556,29,527
108900273,288,1810,-1522
108900274,102,36,66
108900275,5,3,2
108900276,0,2,-2
109000001,3840,2968,872
109000002,860,3003,-2143
109000003,4127,570,3557
109000004,600,2064,-1464
109000005,2954,635,2319
109000006,893,1793,-900
109000007,2757,739,2018
109000008,833,1488,-655
109000009,4275,1621,2654
109000010,1030,2634,-1604
109000011,5672,3026,2646
109000012,2210,2462,-252
109000013,5953,5788,165
109000014,2244,2522,-278
109000015,4630,13252,-8622
109000016,5156,2698,2458
109000017,4107,1490,2617
109000018,1480,1933,-453
109000019,3527,1616,1911
109000020,1121,1527,-406
109000023,425,25,400
109000024,11,171,-160
109000025,412,812,-400
109000026,509,341,168
109000027,144,384,-240
109000028,118,48,70
109000029,185,524,-339
109000030,37,345,-308
109000031,318,204,114
109000032,135,366,-231
109000033,585,252,333
109000034,94,76,18
109000035,11,82,-71
109000036,48,421,-373
109000037,487,3286,-2799
109000038,375,398,-23
109000039,1584,1531,53
109000040,3317,17592,-14275
109000041,1728,3146,-1418
109000042,545,1679,-1134
109000044,490,108,382
109000045,110,348,-238
109000046,642,87,555
109000047,80,358,-278
109000048,719,447,272
109000049,206,535,-329
109000050,490,314,176
109000051,261,181,80
109000052,759,347,412
109000053,586,104,482
109000054,177,274,-97
109000055,420,368,52
109000056,489,287,202
109000057,1068,640,428
109000058,427,180,247
109000059,249,1320,-1071
109000060,202,500,-298
109000061,387,2731,-2344
109000062,198,463,-265
109000063,346,132,214
109000064,537,201,336
109000065,287,100,187
109000066,568,78,490
109000067,115,134,-19
109000068,945,11,934
109000069,808,28,780
109000070,139,1771,-1632
109000071,622,97,525
109000072,162,259,-97
109000073,88,131,-43
109000074,27,152,-125
109000075,105,302,-197
109000076,137,438,-301
109000077,283,152,131
109000078,111,177,-66
109000079,184,87,97
109000080,353,65,288
109000081,169,254,-85
109000082,1396,151,1245
109000083,302,405,-103
109000088,267,330,-63
109000089,425,112,313
109000090,191,361,-170
109000091,693,270,423
109000092,343,368,-25
109000093,490,271,219
109000094,1341,8,1333
109000095,184,248,-64
109000096,1448,244,1204
109000097,60,75,-15
109000098,61,162,-101
109000099,1093,246,847
109000100,325,545,-220
109000101,2439,738,1701
109000102,781,683,98
109000103,952,519,433
109000104,3336,476,2860
109000105,632,915,-283
109000106,2683,768,1915
109000107,824,1250,-426
109000108,3240,806,2434
109000109,640,948,-308
109000110,1988,769,1219
109000111,786,2136,-1350
109000112,409,115,294
109000113,349,154,195
109000114,249,314,-65
109000115,1190,28,1162
109000116,7,337,-330
109000117,376,34,342
109000118,8,270,-262
109000119,2414,105,2309
109000120,370,384,-14
109000121,1005,31,974
109000122,294,279,15
109000123,52,51,1
109000124,1280,207,1073
109000125,1407,251,1156
109000126,619,407,212
109000127,2028,228,1800
109000128,783,705,78
109000129,4121,898,3223
109000130,461,835,-374
109000131,1294,1093,201
109000132,537,1356,-819
109000133,392,641,-249
109000134,833,856,-23
109000135,836,1735,-899
109000136,382,211,171
109000137,398,413,-15
109000138,734,172,562
109000139,920,335,585
109000140,337,179,158
109000141,897,338,559
109000142,253,599,-346
109000143,146,57,89
109000145,83,264,-181
109000146,36,67,-31
109000148,1782,3139,-1357
109000149,16,97,-81
109000150,59,400,-341
109000155,1268,1016,252
109000156,1200,427,773
109000158,150,302,-152
109000159,121,571,-450
109000160,2020,233,1787
109000161,639,863,-224
109000162,3138,447,2691
109000163,1783,1307,476
109000164,1871,1785,86
109000165,1956,417,1539
109000166,1653,110,1543
109000167,186,306,-120
109000170,44,51,-7
109000171,145,52,93
109000172,27,58,-31
109000173,26,108,-82
109000174,179,34,145
109000175,47,72,-25
109000176,680,152,528
109000177,32,81,-49
109000178,654,53,601
109000179,2634,7422,-4788
109000180,3915,4601,-686
109000181,29,8,21
109000182,40,10,30
109000183,92,13,79
109000184,39,9,30
109000185,51,16,35
109000188,633,898,-265
109000189,3427,528,2899
109000190,929,436,493
109000191,411,377,34
109000192,818,106,712
109000193,484,84,400
109000194,463,24,439
109000195,263,120,143
109000196,412,63,349
109000197,281,203,78
109000198,494,51,443
109000199,220,315,-95
109000206,353,45,308
109000207,261,51,210
109000208,223,183,40
109000209,202,89,113
109000210,131,440,-309
109000211,733,287,446
109000214,625,186,439
109000215,189,58,131
109000216,422,407,15
109000217,214,227,-13
109000218,329,320,9
109000221,247,675,-428
109000222,1053,252,801
109000223,613,438,175
109000224,96,40,56
109000225,204,17,187
109000226,114,115,-1
109000227,2257,471,1786
109000228,5,2771,-2766
109000231,1,100,-99
109000232,934,136,798
109000236,485,501,-16
109000241,2362,1245,1117
109000242,1748,671,1077
109000293,17,56,-39
109000361,98,187,-89
109000364,150,415,-265
109000396,0,237,-237
109000397,1124,15,1109
109000399,138,305,-167
109000400,154,190,-36
109000403,53,1773,-1720
109000406,560,3,557
109000407,394,138,256
109000408,0,543,-543
109000410,1168,219,949
109000411,276,19,257
109900001,270,2,268
109900002,1311,32,1279
109900003,540,0,540
109900004,425,85,340
109900005,33,2,31
109900006,699,340,359
109900007,1766,165,1601
109900008,0,21,-21
109900009,209,236,-27
109900010,1006,33,973
109900011,80,66,14
109900012,449,204,245
109900013,494,113,381
109900014,510,49,461
109900015,322,131,191
109900016,179,22,157
109900017,270,297,-27
109900018,295,30,265
109900019,380,37,343
109900020,68,71,-3
109900021,50,30,20
109900022,96,269,-173
109900023,63,1,62
109900024,17,3,14
109900025,17,29,-12
109900026,15,162,-147
109900027,48,55,-7
109900028,464,2148,-1684
109900029,5,185,-180
109900030,77,14,63
109900031,3,512,-509
109900032,12,229,-217
109900033,1,343,-342
109900034,84,4,80
109900035,37,43,-6
109900036,19,40,-21
109900037,14,342,-328
109900038,139,264,-125
109900039,13,1,12
109900040,52,271,-219
109900041,77,227,-150
109900042,53,1734,-1681
109900044,146,149,-3
109900045,157,132,25
109900046,46,46,0
109900047,178,252,-74
109900048,2,53,-51
109900049,24,19,5
109900050,0,67,-67
109900051,0,10,-10
109900052,73,150,-77
109900053,1,112,-111
109900054,1425,301,1124
109900055,135,171,-36
109900056,34,465,-431
109900057,3,79,-76
109900058,4,59,-55
109900059,1596,119,1477
109900060,1069,79,990
109900061,66,162,-96
109900062,1,77,-76
109900063,2,358,-356
109900064,952,198,754
109900065,138,86,52
109900066,224,400,-176
109900067,9,78,-69
109900068,141,10,131
109900069,5,18,-13
109900070,23,161,-138
109900071,8,14,-6
109900072,16,82,-66
109900073,808,148,660
109900074,43,12,31
109900075,52,39,13
109900076,12,38,-26
109900077,58,18,40
109900078,108,154,-46
109900080,103,130,-27
109900081,22,222,-200
109900082,59,142,-83
109900083,17,60,-43
109900084,90,87,3
109900085,144,296,-152
109900086,173,979,-806
109900087,110,533,-423
109900089,1108,258,850
109900090,250,684,-434
109900091,699,85,614
109900092,382,39,343
109900093,1623,172,1451
109900094,118,91,27
109900095,50,244,-194
109900096,173,14,159
109900097,182,3,179
109900098,923,52,871
109900099,597,4,593
109900100,88,2,86
109900101,1108,11,1097
109900102,619,29,590
109900103,96,93,3
109900104,1358,159,1199
109900105,811,40,771
109900106,528,42,486
109900107,1328,51,1277
109900108,318,326,-8
109900109,57,490,-433
109900110,92,204,-112
109900111,138,393,-255
109900112,154,227,-73
109900113,1107,698,409
109900114,943,1662,-719
109900115,282,94,188
109900117,1773,88,1685
109900118,137,275,-138
109900119,243,365,-122
109900120,95,26,69
109900121,347,393,-46
109900122,879,4,875
109900123,35,89,-54
109900124,129,199,-70
109900125,3,195,-192
109900126,506,22,484
109900128,522,45,477
109900130,3375,3787,-412
109900131,35,141,-106
109900132,30,125,-95
109900133,142,176,-34
109900134,46,154,-108
109900135,295,52,243
109900136,52,80,-28
109900137,203,155,48
109900138,579,194,385
109900140,389,67,322
109900141,653,128,525
109900142,2248,226,2022
109900145,5,810,-805
109900146,268,54,214
109900148,26,71,-45
109900149,34,57,-23
109900150,37,40,-3
109900151,7,37,-30
109900152,2,19,-17
109900153,0,40,-40
109900154,43,0,43
109900155,99,36,63
109900157,96,160,-64
109900158,80,127,-47
109900159,234,63,171
109900160,165,43,122
109900161,352,113,239
109900162,367,139,228
109900163,339,327,12
109900164,75,257,-182
109900165,521,6,515
109900166,2,88,-86
109900167,268,222,46
109900168,306,434,-128
109900169,288,149,139
109900170,306,2049,-1743
109900171,449,74,375
109900172,348,414,-66
109900173,1360,3763,-2403
109900174,75,142,-67
109900175,146,93,53
109900176,225,96,129
109900177,95,91,4
109900178,4,296,-292
109900179,30,23,7
109900180,6,12,-6
110000001,753,584,169
110000002,640,800,-160
110000003,850,749,101
110000004,539,773,-234
110000005,412,2252,-1840
110000006,242,333,-91
110000007,235,104,131
110000008,25,182,-157
110000009,69,29,40
110000010,44,118,-74
110000011,79,49,30
110000012,773,240,533
110000013,73,949,-876
110000014,497,394,103
110000015,324,774,-450
110000016,303,1898,-1595
110000017,3975,376,3599
110000018,2731,373,2358
110000019,13,135,-122
110000020,786,235,551
110000021,190,585,-395
110000022,1386,210,1176
110000023,7,172,-165
110000024,588,525,63
110000025,709,5,704
110000026,11,205,-194
110000027,776,1595,-819
110000028,1171,710,461
110000029,498,588,-90
110000030,512,452,60
110000031,449,330,119
110000032,1084,301,783
110000033,312,272,40
110000034,774,573,201
110000035,961,484,477
110000036,1568,646,922
110000037,328,571,-243
110000038,412,789,-377
110000039,1096,6197,-5101
110000040,298,252,46
110000041,393,2437,-2044
110000042,102,791,-689
110000043,1038,462,576
110000044,50,1744,-1694
110000045,273,327,-54
110000046,11,62,-51
110000047,12,301,-289
110000048,22,66,-44
110000049,25,28,-3
110000050,12,114,-102
110000051,37,22,15
110000052,35,45,-10
110000053,24,5,19
110000054,205,1430,-1225
110000055,296,191,105
110000056,89,156,-67
110000057,459,661,-202
110000058,1404,577,827
110000059,1189,533,656
110000060,1418,1031,387
110000061,681,659,22
110000062,790,882,-92
110000063,74,295,-221
110000064,147,53,94
110000065,205,157,48
110000066,109,24,85
110000067,77,171,-94
110000068,550,90,460
110000069,786,37,749
110000071,565,33,532
110000073,56,9,47
110000075,28,88,-60
110000076,380,472,-92
110000077,281,1128,-847
110000078,124,15,109
110000080,235,432,-197
110000081,35,245,-210
110000082,35,378,-343
110000083,256,434,-178
110000084,1756,1348,408
110000085,798,1205,-407
110000086,1210,3199,-1989
110000087,11,55,-44
110000088,144,198,-54
110000089,544,53,491
110000090,91,167,-76
110000091,922,210,712
110000092,49,52,-3
110000093,68,16,52
110000094,383,201,182
110000095,209,864,-655
110000096,1255,2440,-1185
110000097,1218,2126,-908
110000098,2457,856,1601
110000099,830,1548,-718
110000100,1988,161,1827
110000101,47,94,-47
110000102,127,27,100
110000104,577,251,326
110000105,57,246,-189
110000106,740,674,66
110000107,135,328,-193
110000108,225,116,109
110000109,177,329,-152
110000110,2006,4846,-2840
110000111,3655,3775,-120
110000112,257,1280,-1023
110000113,74,3210,-3136
110000114,392,858,-466
110000115,544,315,229
110000116,133,70,63
110000117,462,211,251
110000118,1064,138,926
110000119,449,241,208
110000120,541,213,328
110000121,67,379,-312
110000122,332,348,-16
110000123,945,707,238
110000124,1,599,-598
110000125,1285,11,1274
110000126,383,23,360
110000127,2040,57,1983
110000128,61,634,-573
110000129,3,318,-315
110000130,350,344,6
110000131,77,247,-170
110000132,8,396,-388
110000133,52,462,-410
110000134,29,410,-381
110000135,262,49,213
110000136,113,293,-180
110000137,999,315,684
110000138,1323,509,814
110000139,1585,466,1119
110000140,1201,1042,159
110000143,597,346,251
110000144,2751,2992,-241
110000145,1881,2401,-520
110000146,1906,1932,-26
110000147,609,1130,-521
110000148,979,249,730
110000151,714,2047,-1333
110000152,649,605,44
110000153,348,11,337
110000154,108,28,80
110000155,1117,3615,-2498
110000156,858,2565,-1707
110000157,1685,3419,-1734
110000160,476,339,137
110000161,232,202,30
110000166,1127,62,1065
110000167,1522,742,780
110000168,1310,698,612
110000169,1198,351,847
110000170,212,69,143
110000171,869,95,774
110000172,298,475,-177
110000173,594,645,-51
110000174,191,552,-361
110000175,1450,73,1377
110000176,71,695,-624
110000177,329,1541,-1212
110000178,493,2663,-2170
110000179,1336,276,1060
110000180,318,232,86
110000181,1014,407,607
110000182,303,121,182
110000183,6723,10457,-3734
110000184,303,3478,-3175
110000185,704,1062,-358
110000186,795,694,101
110000191,1864,117,1747
110000192,981,7,974
110000193,1673,13,1660
110000194,7,483,-476
110000195,812,91,721
110000196,780,83,697
110000197,236,53,183
110000198,88,43,45
110000199,105,139,-34
110000200,709,324,385
110000201,1446,1711,-265
110000202,1552,639,913
110000203,393,415,-22
110000204,6,169,-163
110000205,275,70,205
110000206,445,553,-108
110000207,1835,425,1410
110000208,317,468,-151
110000209,87,2336,-2249
110000210,1970,517,1453
110000211,897,1564,-667
110000212,629,1442,-813
110000213,429,76,353
110000214,599,73,526
110000215,229,152,77
110000216,145,126,19
110000217,671,128,543
110000218,268,134,134
110000219,734,25,709
110000220,107,112,-5
110000221,794,15,779
110000222,111,253,-142
110000223,3,189,-186
110000224,6,6,0
110000225,242,918,-676
110000226,371,74,297
110000227,988,1482,-494
110000228,444,100,344
110000229,0,73,-73
110000230,632,1508,-876
110000231,226,253,-27
110000232,168,239,-71
110000233,155,314,-159
110000234,578,2168,-1590
110000235,1336,1108,228
110000236,996,598,398
110000237,2771,2455,316
110000238,1182,1635,-453
110000239,2758,1016,1742
110000240,0,20,-20
110000242,2,33,-31
110000243,261,33,228
110000244,148,1179,-1031
110000245,30,443,-413
110000246,1181,379,802
110000247,1151,3578,-2427
110000248,1358,1475,-117
110000249,115,10,105
110000250,26,181,-155
110000251,596,255,341
110000252,564,214,350
110000253,1951,464,1487
110000254,821,628,193
110000255,177,657,-480
110000256,559,256,303
110000257,626,306,320
110000258,5,357,-352
110000259,312,18,294
110000260,59,129,-70
110000263,621,50,571
110000264,629,398,231
110000265,1627,2420,-793
110000266,1277,3067,-1790
110000267,37,160,-123
110000268,318,346,-28
110000269,5,71,-66
110000270,168,16,152
110000271,1546,306,1240
110000272,1406,1218,188
110000273,1708,1703,5
110000274,313,3240,-2927
110000275,1689,692,997
110000276,367,692,-325
110000277,454,275,179
110000278,489,514,-25
110000279,942,736,206
110000280,938,643,295
110000281,76,314,-238
110000282,209,14,195
110000283,21,93,-72
110000284,12,22,-10
110000285,6,847,-841
110000286,4,0,4
110000287,188,0,188
110000288,1,104,-103
110000289,550,3440,-2890
110000290,471,661,-190
110000291,3688,990,2698
110000292,1240,7793,-6553
110000293,835,486,349
110000294,1820,1495,325
110000295,243,732,-489
110000296,817,286,531
110000297,2880,251,2629
110000298,102,360,-258
110000299,89,74,15
110000301,502,36,466
110000302,400,560,-160
110000303,676,14,662
110000304,178,142,36
110000305,2181,28,2153
110000306,433,864,-431
110000307,2687,23,2664
110000308,889,13,876
110000309,4,506,-502
110000310,1274,26,1248
110000311,16,530,-514
110000312,612,93,519
110000313,2060,2146,-86
110000314,1,153,-152
110000315,2076,2718,-642
110000316,532,1067,-535
110000317,193,1324,-1131
110000318,4,37,-33
110000319,6,43,-37
110000320,62,55,7
110000321,18,54,-36
110000322,321,377,-56
110000323,796,175,621
110000324,2626,1561,1065
110000325,1843,4843,-3000
110000327,498,450,48
110000328,172,559,-387
110000333,1370,1325,45
110000334,570,1538,-968
110000335,836,577,259
110000336,710,891,-181
110000337,2353,775,1578
110000338,803,262,541
110000339,588,229,359
110000340,25,145,-120
110000341,848,340,508
110000342,168,2,166
110000343,0,11,-11
110000344,82,231,-149
110000345,139,429,-290
110000346,1724,2013,-289
110000347,1822,817,1005
110000348,16,14,2
110000349,10,3,7
110000350,161,5,156
110000351,1913,722,1191
110000352,1021,1964,-943
110000353,4651,430,4221
110000354,1302,4697,-3395
110000355,215,86,129
110000356,1191,15,1176
110000357,826,22,804
110000361,41,25,16
110000362,123,22,101
110000363,963,70,893
110000364,455,348,107
110000365,287,0,287
110000366,0,161,-161
110000367,603,199,404
110000368,7,76,-69
110000369,168,7,161
110000373,2,225,-223
110000374,165,33,132
110000375,117,1039,-922
110000376,32,198,-166
110000377,86,490,-404
110000378,19,548,-529
110000379,3081,2886,195
110000380,79,13,66
110000383,1,1195,-1194
110000384,687,465,222
110000385,1,286,-285
110000387,134,7,127
110000388,69,172,-103
110000389,1349,14,1335
110000391,1243,114,1129
110000396,285,52,233
110000397,223,62,161
110000398,5,17,-12
110000399,220,2,218
110000587,220,131,89
110000589,327,100,227
110000640,264,30,234
110000652,4,630,-626
110000653,324,321,3
110000654,15,966,-951
110000656,0,198,-198
110000674,103,64,39
110000675,44,113,-69
110000676,2,78,-76
110000679,93,1340,-1247
110000682,101,246,-145
110000683,343,539,-196
110000684,2,99,-97
110000685,24,11,13
110000686,1,115,-114
110000687,30,19,11
110000688,78,1709,-1631
110000689,56,11,45
110000692,33,238,-205
110000693,44,517,-473
110000694,0,127,-127
110000695,147,790,-643
110000696,66,66,0
110900001,449,46,403
110900002,445,512,-67
110900003,1481,214,1267
110900004,811,56,755
110900005,1386,5082,-3696
110900006,71,47,24
110900007,306,66,240
110900008,14,17,-3
110900009,500,270,230
110900010,18,29,-11
110900011,53,69,-16
110900012,21,37,-16
110900013,1628,149,1479
110900014,353,20,333
110900015,321,1125,-804
110900016,83,53,30
110900017,798,30,768
110900018,477,48,429
110900019,427,41,386
110900020,267,124,143
110900021,102,288,-186
110900022,105,121,-16
110900023,105,718,-613
110900024,15,177,-162
110900025,25,90,-65
110900027,54,154,-100
110900028,38,92,-54
110900029,12,98,-86
110900030,59,123,-64
110900031,5,101,-96
110900032,1,63,-62
110900033,31,234,-203
110900035,18,645,-627
110900036,128,15,113
110900037,161,32,129
110900038,960,155,805
110900039,12,360,-348
110900040,448,46,402
110900041,26,67,-41
110900042,180,68,112
110900043,2,54,-52
110900044,266,23,243
110900045,87,193,-106
110900046,37,89,-52
110900047,378,525,-147
110900049,209,158,51
110900050,33,3,30
110900051,35,112,-77
110900052,14,89,-75
110900053,194,16,178
110900054,57,108,-51
110900055,25,2,23
110900056,19,126,-107
110900057,10,65,-55
110900058,393,162,231
110900059,539,167,372
110900060,565,228,337
110900061,13,71,-58
110900062,252,85,167
110900063,76,67,9
110900064,17,0,17
110900065,62,153,-91
110900066,26,30,-4
110900067,194,749,-555
110900068,320,105,215
110900069,3,9,-6
110900070,216,55,161
110900071,164,1096,-932
110900073,0,30,-30
110900074,668,130,538
110900075,748,51,697
110900077,1751,519,1232
110900078,175,21,154
110900079,953,1645,-692
110900080,244,109,135
110900081,24,14,10
110900082,209,55,154
110900083,150,60,90
110900084,121,19,102
110900085,154,176,-22
110900086,99,388,-289
110900087,509,57,452
110900088,8,1,7
110900090,84,86,-2
110900091,1,29,-28
110900093,241,181,60
110900095,112,55,57
110900097,50,15,35
110900098,34,71,-37
110900099,63,373,-310
110900100,0,5,-5
110900102,100,12,88
110900105,2199,173,2026
110900108,17,26,-9
110900111,629,96,533
110900112,1035,14,1021
110900113,307,80,227
110900115,6,73,-67
110900116,1437,743,694
110900118,78,5189,-5111
110900119,1530,161,1369
110900120,107,28,79
110900121,149,2,147
110900122,769,273,496
110900125,558,633,-75
110900127,492,1455,-963
110900128,129,382,-253
110900129,236,1296,-1060
110900130,365,653,-288
110900131,484,72,412
110900132,730,159,571
110900133,67,112,-45
110900135,60,293,-233
110900136,604,26,578
110900137,24,4,20
110900138,451,1312,-861
110900139,7,555,-548
110900140,28,2,26
110900141,12,349,-337
110900142,65,108,-43
110900143,241,111,130
110900144,0,224,-224
110900145,265,122,143
110900146,168,430,-262
110900147,77,859,-782
110900148,0,171,-171
110900149,5,45,-40
110900150,46,39,7
110900151,19,183,-164
110900152,35,70,-35
110900153,240,109,131
111000001,852,530,322
111000002,340,353,-13
111000003,2153,1113,1040
111000004,723,760,-37
111000005,1799,1936,-137
111000006,1043,2257,-1214
111000007,6205,4761,1444
111000008,3084,3568,-484
111000009,379,752,-373
111000010,1511,413,1098
111000011,169,750,-581
111000012,302,507,-205
111000013,534,939,-405
111000014,1826,576,1250
111000017,81,874,-793
111000018,146,322,-176
111000020,630,1432,-802
111000021,61,111,-50
111000023,126,68,58
111000025,5061,4968,93
111000029,73,153,-80
111000030,39,90,-51
111000031,2383,1034,1349
111000032,718,314,404
111000033,409,176,233
111000034,61,250,-189
111000037,1207,505,702
111000038,2443,2259,184
111000039,1840,2263,-423
111000040,1834,1513,321
111000041,556,695,-139
111000042,1990,2282,-292
111000043,2775,6047,-3272
111000044,2200,1170,1030
111000045,3967,3524,443
111000046,3081,2377,704
111000047,3832,7622,-3790
111000049,457,573,-116
111000050,1035,730,305
111000051,583,613,-30
111000052,539,1092,-553
111000053,334,577,-243
111000054,351,710,-359
111000055,1733,1231,502
111000056,237,282,-45
111000057,200,422,-222
111000058,881,98,783
111000059,969,286,683
111000060,6009,1023,4986
111000061,1248,334,914
111000062,1592,600,992
111000063,1916,1175,741
111000064,1496,604,892
111000065,1771,1020,751
111000066,971,539,432
111000067,1103,352,751
111000068,860,605,255
111000069,1768,1672,96
111000070,672,473,199
111000071,198,289,-91
111000072,1782,763,1019
111000073,393,1725,-1332
111000074,2296,2070,226
111000075,990,698,292
111000076,749,899,-150
111000077,1509,1295,214
111000078,2435,1117,1318
111000079,1156,648,508
111000080,901,591,310
111000081,1809,5855,-4046
111000082,1187,555,632
111000084,1155,656,499
111000085,1250,1039,211
111000086,3045,855,2190
111000087,1084,389,695
111000088,8891,3974,4917
111000089,891,648,243
111000090,682,1157,-475
111000091,914,326,588
111000092,2334,745,1589
111000093,1145,1238,-93
111000094,2210,1388,822
111000095,1087,3116,-2029
111000096,899,9844,-8945
111000097,3225,1145,2080
111000098,396,774,-378
111000099,498,1147,-649
111000100,578,673,-95
111000101,431,686,-255
111000102,415,654,-239
111000104,1097,190,907
111000107,111,687,-576
111000109,1266,286,980
111000110,2103,699,1404
111000111,4913,501,4412
111000112,3420,567,2853
111000113,1031,2396,-1365
111000114,1537,5339,-3802
111000115,3480,1259,2221
111000116,1166,931,235
111000117,291,813,-522
111000118,1025,556,469
111000119,1956,737,1219
111000120,790,628,162
111000121,462,734,-272
111000122,674,800,-126
111000123,1314,1528,-214
111000124,551,1620,-1069
111000125,462,654,-192
111000126,158,413,-255
111000127,1727,156,1571
111000128,3990,344,3646
111000129,4525,507,4018
111000130,4093,494,3599
111000131,3865,590,3275
111000132,3144,1738,1406
111000133,367,93,274
111000134,226,61,165
111000135,77,158,-81
111000136,507,420,87
111000138,50,4,46
111000140,1,1,0
111000141,262,405,-143
111000142,24,337,-313
111000143,3,479,-476
111000144,69,2869,-2800
111000145,131,22,109
111000146,83,26,57
111000147,160,27,133
111000148,278,106,172
111000149,14,12,2
111000150,49,8,41
111000151,6,6,0
111000153,665,546,119
111000154,437,235,202
111000155,273,200,73
111000156,870,547,323
111000157,191,986,-795
111000158,1231,1184,47
111000159,5293,1202,4091
111000160,669,469,200
111000161,19,749,-730
111000162,16,151,-135
111000163,1146,866,280
111000164,474,3339,-2865
111000165,705,270,435
111000166,686,179,507
111000167,138,269,-131
111000168,292,338,-46
111000169,515,372,143
111000170,331,343,-12
111000171,521,600,-79
111000172,237,348,-111
111000173,261,598,-337
111000174,463,129,334
111000175,67,783,-716
111000176,584,50,534
111000177,998,134,864
111000178,2497,187,2310
111000179,452,142,310
111000180,345,460,-115
111000181,2740,153,2587
111000182,361,145,216
111000183,409,240,169
111000184,394,186,208
111000185,696,250,446
111000186,459,190,269
111000187,189,104,85
111000188,510,284,226
111000189,433,450,-17
111000190,241,187,54
111000191,201,143,58
111000192,234,199,35
111000193,334,173,161
111000194,100,252,-152
111000195,112,252,-140
111000196,90,135,-45
111000197,720,120,600
111000198,847,92,755
111000199,491,153,338
111000200,906,273,633
111000201,1165,139,1026
111000202,537,170,367
111000203,488,296,192
111000204,519,1481,-962
111000213,305,513,-208
111000214,1682,935,747
111000215,1161,895,266
111000217,2217,849,1368
111000218,1766,1167,599
111000219,257,160,97
111000220,893,842,51
111000221,321,170,151
111000224,1,202,-201
111000225,400,151,249
111000226,113,5,108
111000227,33,7,26
111000228,24,945,-921
111000229,62,1903,-1841
111000230,283,129,154
111000231,1461,275,1186
111000232,1144,525,619
111000233,2036,579,1457
111000234,207,860,-653
111000239,90,70,20
111000240,98,308,-210
111000241,65,158,-93
111000242,418,57,361
111000243,218,211,7
111000244,1043,103,940
111000245,1343,207,1136
111000246,947,161,786
111000247,907,301,606
111000248,1002,369,633
111000249,710,237,473
111000250,69,45,24
111000251,201,87,114
111000253,24,19,5
111000255,90,12,78
111000257,118,20,98
111000260,66,758,-692
111000261,2238,93,2145
111000271,26,262,-236
111000273,3616,1201,2415
111000274,2016,3279,-1263
111000275,229,27,202
111000276,376,893,-517
111000277,306,243,63
111000278,685,243,442
111000291,1399,13863,-12464
111000298,717,211,506
111000299,909,262,647
111000300,74,492,-418
111000302,548,106,442
111000303,142,162,-20
111000312,41,106,-65
111000315,0,48,-48
111000320,177,312,-135
111000321,806,231,575
111000322,535,200,335
111000323,521,39,482
111000324,514,211,303
111000325,90,84,6
111000326,300,176,124
111000327,534,308,226
111000328,451,603,-152
111000329,0,38,-38
111000330,116,8,108
111000331,24,5,19
111000332,709,1268,-559
111000334,308,733,-425
111000335,1680,211,1469
111000337,2364,167,2197
111000338,100,62,38
111000339,1200,134,1066
111000340,128,203,-75
111000341,2127,928,1199
111000342,89,1160,-1071
111000344,1716,667,1049
111000345,180,108,72
111000346,24,286,-262
111000347,269,10,259
111000350,234,108,126
111000351,188,299,-111
111000352,299,129,170
111000353,220,211,9
111000354,720,240,480
111000355,379,569,-190
111000358,167,444,-277
111000360,335,166,169
111000361,212,91,121
111000546,1118,381,737
111000547,607,261,346
111000548,306,374,-68
111000549,498,169,329
111000550,45,1239,-1194
111000551,523,174,349
111000552,546,240,306
111000907,518,6,512
111000908,51,2,49
111000916,2923,192,2731
111000917,40,373,-333
111000918,346,251,95
111000920,864,15,849
111000921,13,85,-72
111000922,1069,172,897
111000924,31,289,-258
111000925,4571,2463,2108
111000926,1180,1077,103
111000927,3212,5668,-2456
111000928,3353,1713,1640
111000929,2699,1541,1158
111000930,924,1334,-410
111000931,2941,2878,63
111000932,2540,1297,1243
111000933,3832,4327,-495
111000934,1715,2382,-667
111000935,3256,1225,2031
111000936,1442,1420,22
111000937,1646,1923,-277
111000938,1382,847,535
111000939,1015,42,973
111000940,1003,43,960
111000941,510,244,266
111000943,1009,379,630
111000944,188,143,45
111000945,215,693,-478
111001109,694,1101,-407
111001110,237,376,-139
111001111,139,5,134
111001112,76,37,39
111001113,1,148,-147
111001114,673,151,522
111001115,35,1770,-1735
111001116,2085,6583,-4498
111001117,384,3347,-2963
111001120,173,300,-127
111001121,129,127,2
111001122,284,150,134
111001123,358,98,260
111900001,56,68,-12
111900002,108,169,-61
111900003,12,164,-152
111900004,17,43,-26
111900006,26,46,-20
111900007,315,6,309
111900008,496,12,484
111900009,388,27,361
111900010,137,298,-161
111900012,49,64,-15
111900013,8,23,-15
111900014,2220,8316,-6096
111900015,0,31,-31
111900016,0,18,-18
111900017,0,35,-35
111900018,324,26,298
111900019,5,132,-127
111900020,5,45,-40
111900021,29,105,-76
111900022,10,20,-10
111900023,41,37,4
111900024,1,59,-58
111900025,0,28,-28
111900026,0,21,-21
111900027,2,36,-34
111900028,0,113,-113
111900029,2,45,-43
111900030,20,350,-330
111900031,149,72,77
111900032,0,81,-81
111900033,3,45,-42
111900034,85,267,-182
111900035,90,149,-59
111900036,0,95,-95
111900038,96,387,-291
111900039,58,158,-100
111900040,0,144,-144
111900042,22,86,-64
111900043,0,113,-113
111900044,76,162,-86
111900046,16,45,-29
111900048,597,271,326
111900049,23,157,-134
111900050,183,50,133
111900051,2,122,-120
111900052,155,235,-80
111900053,431,3422,-2991
111900054,313,7,306
111900055,8,204,-196
111900056,126,562,-436
111900057,197,16,181
111900058,1092,296,796
111900059,1640,1122,518
111900060,587,3,584
111900061,4,110,-106
111900062,86,137,-51
111900063,377,262,115
111900064,54,113,-59
111900065,238,43,195
111900066,222,210,12
111900067,2,309,-307
111900068,57,71,-14
111900069,128,30,98
111900070,400,79,321
111900071,1,157,-156
111900072,55,31,24
111900073,1821,279,1542
111900074,12,146,-134
111900075,220,32,188
111900076,497,126,371
111900077,52,5,47
111900078,611,76,535
111900079,88,82,6
111900080,105,258,-153
111900081,517,282,235
111900082,326,72,254
111900083,370,42,328
111900084,350,17,333
111900085,66,159,-93
111900086,141,23,118
111900087,160,7,153
111900088,1013,31,982
111900089,252,17,235
111900090,80,77,3
111900091,786,24,762
111900092,322,3,319
111900093,862,10,852
111900094,289,2,287
111900095,593,49,544
111900096,546,38,508
111900097,154,0,154
111900098,606,5,601
111900099,134,0,134
111900100,250,8,242
111900101,193,39,154
111900102,991,297,694
111900103,50,133,-83
111900104,209,129,80
111900105,364,248,116
111900106,471,26,445
111900107,52,107,-55
111900108,118,342,-224
111900109,152,775,-623
111900110,1219,274,945
111900111,329,40,289
111900112,441,6387,-5946
111900113,245,94,151
111900114,148,84,64
111900115,4,13,-9
111900118,435,108,327
111900119,477,246,231
111900122,90,116,-26
111900123,12,38,-26
111900124,44,23,21
111900125,977,89,888
111900126,598,4,594
111900127,0,166,-166
111900128,7,164,-157
111900129,418,14,404
111900130,359,94,265
111900131,1117,7,1110
111900132,26,333,-307
111900133,3,157,-154
111900134,6,132,-126
111900135,19,62,-43
111900136,63,243,-180
111900137,26,45,-19
111900138,36,63,-27
111900139,20,31,-11
111900140,227,42,185
111900141,128,26,102
111900142,111,28,83
111900143,114,65,49
111900144,30,15,15
111900145,0,103,-103
111900146,0,79,-79
111900147,29,211,-182
111900148,9,333,-324
111900149,9,121,-112
111900150,15,79,-64
111900151,6,37,-31
111900152,70,92,-22
111900153,432,1284,-852
111900154,66,930,-864
111900155,96,172,-76
111900156,160,76,84
111900157,473,27,446
111900158,972,182,790
111900159,660,102,558
111900160,501,4,497
111900161,694,4,690
111900162,146,374,-228
111900163,24,131,-107
111900164,124,66,58
111901113,1048,89,959
111901114,406,163,243
111901115,225,4,221
111901116,73,0,73
111901117,37,89,-52
111901118,33,689,-656
111901119,202,79,123
111901120,19,87,-68
111901121,45,53,-8
111901122,4,105,-101
111901123,608,81,527
111901124,560,4,556
111901125,984,324,660
111901126,282,169,113
111901127,236,1622,-1386
111901128,48,64,-16
111901129,4,86,-82
111901130,2,61,-59
111901131,3,140,-137
111901132,125,43,82
111901133,104,6,98
111901134,238,4,234
111901135,69,31,38
111901136,62,87,-25
111901137,1,61,-60
111901138,67,33,34
111901139,7,27,-20
111901140,3,49,-46
111901141,10,57,-47
111901142,2,56,-54
111901143,0,122,-122
111901144,60,63,-3
111901145,67,408,-341
112000001,3306,1092,2214
112000002,924,1822,-898
112000003,3492,1307,2185
112000004,979,399,580
112000005,5297,5174,123
112000006,1001,768,233
112000007,7107,4379,2728
112000008,3991,5435,-1444
112000009,3114,1614,1500
112000010,5373,6750,-1377
112000011,1622,1276,346
112000012,5684,8094,-2410
112000013,2121,4939,-2818
112000014,1343,5117,-3774
112000015,1857,4157,-2300
112000016,3532,5227,-1695
112000017,697,6717,-6020
112000024,1671,520,1151
112000026,2307,2007,300
112000027,917,793,124
112000028,823,984,-161
112000029,1165,1258,-93
112000030,157,31,126
112000031,1977,6106,-4129
112000032,150,21,129
112000033,1506,4713,-3207
112000034,136,45,91
112000035,69,1439,-1370
112000036,309,2050,-1741
112000037,880,2056,-1176
112000038,1484,2603,-1119
112000039,154,66,88
112000040,67,194,-127
112000041,340,377,-37
112000042,881,313,568
112000050,1637,1501,136
112000051,1722,2985,-1263
112000054,1580,1564,16
112000057,1287,381,906
112000058,400,550,-150
112000059,605,806,-201
112000061,3176,1026,2150
112000062,742,1789,-1047
112000063,263,3662,-3399
112000064,3146,3895,-749
112000065,1007,2053,-1046
112000066,4071,2015,2056
112000067,504,484,20
112000068,4108,3521,587
112000069,627,1839,-1212
112000070,2376,1056,1320
112000071,1334,2021,-687
112000072,3667,1048,2619
112000073,1670,2310,-640
112000074,1449,1370,79
112000075,1536,1707,-171
112000076,3490,2426,1064
112000077,1508,490,1018
112000078,3025,860,2165
112000079,2727,1420,1307
112000080,1374,937,437
112000081,1198,1929,-731
112000082,1500,718,782
112000083,942,1039,-97
112000084,1799,587,1212
112000085,2009,1039,970
112000086,2322,972,1350
112000087,950,339,611
112000088,1247,303,944
112000089,528,455,73
112000090,522,403,119
112000091,790,514,276
112000092,3378,1042,2336
112000093,1824,541,1283
112000094,1083,740,343
112000095,1022,510,512
112000096,917,633,284
112000097,2627,867,1760
112000098,603,514,89
112000099,1038,2377,-1339
112000100,3283,715,2568
112000101,739,356,383
112000102,2481,468,2013
112000103,545,432,113
112000105,546,588,-42
112000106,2837,428,2409
112000107,51,200,-149
112000108,489,1293,-804
112000109,98,89,9
112000110,2530,626,1904
112000111,768,6158,-5390
112000112,3447,855,2592
112000113,1317,2297,-980
112000114,3579,1210,2369
112000115,582,335,247
112000116,788,773,15
112000117,1431,662,769
112000118,934,675,259
112000119,531,530,1
112000120,74,234,-160
112000121,206,294,-88
112000122,546,84,462
112000123,1252,101,1151
112000124,812,81,731
112000125,435,368,67
112000126,541,191,350
112000127,2249,3868,-1619
112000128,611,892,-281
112000129,126,101,25
112000130,410,132,278
112000131,81,147,-66
112000132,308,226,82
112000133,535,140,395
112000134,755,493,262
112000135,1581,1134,447
112000136,1006,2765,-1759
112000137,1834,8320,-6486
112000138,1159,3787,-2628
112000139,734,972,-238
112000140,330,991,-661
112000141,1649,619,1030
112000142,151,374,-223
112000143,2007,259,1748
112000144,297,614,-317
112000145,3938,579,3359
112000146,683,972,-289
112000147,3455,1866,1589
112000148,1029,1486,-457
112000149,933,477,456
112000150,530,293,237
112000151,490,184,306
112000152,1152,326,826
112000153,183,234,-51
112000154,365,352,13
112000155,149,171,-22
112000157,589,1279,-690
112000158,401,261,140
112000159,1299,245,1054
112000167,542,231,311
112000169,219,567,-348
112000173,1774,343,1431
112000175,651,330,321
112000176,1131,1574,-443
112000177,1454,482,972
112000178,98,247,-149
112000179,497,115,382
112000180,418,270,148
112000181,1362,972,390
112000182,2718,602,2116
112000183,35,12,23
112000184,706,235,471
112000185,1421,215,1206
112000187,5646,3747,1899
112000195,240,15,225
112000196,169,0,169
112000197,126,318,-192
112000198,62,255,-193
112000199,652,692,-40
112000202,905,8,897
112000216,75,193,-118
112000230,166,3,163
112000231,3,86,-83
112000256,124,326,-202
112000313,40,43,-3
112000314,66,74,-8
112000337,284,666,-382
112000352,163,433,-270
112000392,2520,1031,1489
112000398,2577,749,1828
112000399,1471,7556,-6085
112000400,2117,1065,1052
112000401,1671,1170,501
112000402,5834,6786,-952
112000403,1836,7426,-5590
112000404,1902,1657,245
112000405,3695,3996,-301
112000406,2594,1217,1377
112000407,12309,9905,2404
112000408,6554,3002,3552
112000409,1478,1924,-446
112000410,567,502,65
112000411,2698,2254,444
112000412,712,551,161
112000413,4214,10697,-6483
112000414,208,45,163
112000415,166,70,96
112000416,4745,1355,3390
112000417,334,101,233
112000421,97,72,25
112000422,438,170,268
112000424,1317,4506,-3189
112000425,633,360,273
112000426,287,299,-12
112000427,0,14,-14
112000428,429,162,267
112000429,2618,2314,304
112000430,3297,4379,-1082
112000431,210,200,10
112000432,733,496,237
112000433,457,708,-251
112000437,66,107,-41
112900001,128,6,122
112900002,1088,315,773
112900003,139,124,15
112900004,125,83,42
112900005,514,103,411
112900006,56,140,-84
112900007,63,123,-60
112900008,3,135,-132
112900009,867,199,668
112900010,936,322,614
112900011,58,213,-155
112900012,12,14,-2
112900013,8,297,-289
112900014,2,91,-89
112900015,184,564,-380
112900016,2,92,-90
112900017,64,93,-29
112900018,0,57,-57
112900019,49,260,-211
112900020,262,773,-511
112900021,4,148,-144
112900022,30,40,-10
112900023,1,50,-49
112900024,32,113,-81
112900025,77,157,-80
112900026,6,69,-63
112900027,171,285,-114
112900028,18,92,-74
112900029,13,124,-111
112900030,64,48,16
112900031,3,154,-151
112900032,337,207,130
112900034,1,27,-26
112900035,4,127,-123
112900036,12,153,-141
112900037,340,326,14
112900038,1054,103,951
112900039,8,136,-128
112900040,26,1366,-1340
112900041,532,1513,-981
112900042,176,187,-11
112900043,52,70,-18
112900044,268,295,-27
112900045,133,164,-31
112900046,121,100,21
112900047,19,74,-55
112900049,534,60,474
112900050,19,541,-522
112900051,244,320,-76
112900052,25,295,-270
112900053,144,277,-133
112900054,274,72,202
112900055,101,41,60
112900056,610,327,283
112900057,26,190,-164
112900058,421,445,-24
112900059,202,475,-273
112900060,69,46,23
112900061,194,147,47
112900062,83,112,-29
112900063,70,18,52
112900064,57,251,-194
112900065,25,62,-37
112900066,313,371,-58
112900067,325,88,237
112900068,47,81,-34
112900069,1952,1530,422
112900071,68,18,50
112900072,360,5264,-4904
112900073,469,349,120
112900074,148,530,-382
112900075,981,2156,-1175
112900076,65,39,26
112900078,411,702,-291
112900079,349,19,330
112900080,209,9,200
112900081,74,560,-486
112900082,791,90,701
112900083,272,205,67
112900084,456,395,61
112900085,1,4,-3
112900086,175,1,174
112900087,2281,294,1987
112900088,298,11,287
112900089,1366,56,1310
112900090,200,129,71
112900091,538,22,516
112900092,81,875,-794
112900093,1832,38,1794
112900094,178,1,177
112900095,154,2,152
112900096,942,252,690
112900097,168,232,-64
112900098,183,3,180
112900099,1410,42,1368
112900100,186,10,176
112900101,583,6,577
112900102,149,24,125
112900103,276,5,271
112900104,55,0,55
112900105,35,1,34
112900106,554,161,393
112900107,11,5,6
112900108,15,0,15
112900109,342,4,338
112900110,2429,36,2393
112900111,1131,11,1120
112900112,466,0,466
112900113,0,11,-11
112900114,493,37,456
112900115,2784,25,2759
112900116,265,113,152
112900117,90,50,40
112900118,10,120,-110
112900119,307,9,298
112900120,595,350,245
112900121,43,95,-52
112900122,8,80,-72
112900123,253,44,209
112900124,8,64,-56
112900125,43,504,-461
112900126,151,136,15
112900127,556,204,352
112900128,89,603,-514
112900129,2,436,-434
112900130,302,181,121
112900131,40,749,-709
112900132,124,374,-250
112900133,18,1122,-1104
112900134,0,256,-256
112900135,121,83,38
112900136,0,12,-12
112900137,1,280,-279
112900138,6,96,-90
112900139,103,623,-520
112900140,0,29,-29
112900141,1307,38,1269
112900142,78,392,-314
112900143,10,304,-294
112900144,2,103,-101
112900145,11,311,-300
112900146,6,462,-456
112900147,2,471,-469
112900148,121,0,121
112900149,434,346,88
112900151,3,36,-33
112900152,3256,524,2732
112900153,539,4005,-3466
112900154,0,44,-44
112900155,247,14,233
112900156,884,414,470
112900157,632,10,622
112900158,160,5,155
112900159,245,294,-49
112900160,26,177,-151
112900161,209,67,142
112900162,21,23,-2
112900163,41,79,-38
112900164,111,201,-90
112900165,57,55,2
112900166,13,145,-132
112900167,7,178,-171
112900168,9,2,7
112900169,5,38,-33
112900170,126,301,-175
112900172,58,23,35
112900173,177,142,35
112900174,438,78,360
112900175,118,333,-215
112900176,19,62,-43
112900177,251,76,175
112900178,737,3971,-3234
112900179,29,350,-321
112900180,3038,1768,1270
112900181,1580,10,1570
112900182,67,316,-249
112900183,131,340,-209
112900184,410,706,-296
112900185,126,965,-839
112900186,1001,1579,-578
112900187,98,651,-553
112900188,741,4369,-3628
112900189,23,9,14
112900190,16,28,-12
112900192,895,813,82
112900193,1482,491,991
112900194,126,7,119
112900195,1160,47,1113
112900196,371,448,-77
112900197,123,318,-195
112900199,1200,292,908
112900200,1012,78,934
112900201,243,135,108
112900202,773,476,297
112900203,508,124,384
112900204,547,549,-2
112900205,7,13,-6
112900206,24,89,-65
112900207,40,0,40
112900208,90,384,-294
112900209,184,276,-92
112900210,2,24,-22
112900211,102,11,91
112900212,0,38,-38
112900213,64,13,51
112900214,29,20,9
112900215,26,51,-25
112900216,18,24,-6
112900217,7,82,-75
112900218,74,35,39
112900219,197,9,188
112900220,4,1,3
112900221,54,137,-83
112900222,0,47,-47
112900223,1582,26,1556
112900224,794,234,560
112900225,762,220,542
112900226,197,499,-302
112900227,1428,349,1079
112900228,131,53,78
112900229,581,11,570
112900230,9999,3718,6281
112900232,492,436,56
112900233,84,88,-4
112900234,84,17,67
112900235,28,14,14
112900236,676,14,662
112900237,360,45,315
112900238,20,6,14
112900239,417,827,-410
113000001,7369,6221,1148
113000002,5685,4457,1228
113000003,2405,2021,384
113000004,2380,2414,-34
113000005,2352,1809,543
113000006,1558,1823,-265
113000007,3326,1623,1703
113000008,2269,2157,112
113000009,1989,794,1195
113000010,1951,1292,659
113000011,1643,1252,391
113000012,2361,928,1433
113000013,866,567,299
113000014,1095,1884,-789
113000015,224,228,-4
113000016,346,1216,-870
113000017,130,439,-309
113000018,432,45,387
113000019,347,297,50
113000020,390,93,297
113000021,1915,1172,743
113000022,1044,3289,-2245
113000025,133,406,-273
113000026,764,1164,-400
113000027,645,2049,-1404
113000028,696,3375,-2679
113000029,1277,841,436
113000030,213,491,-278
113000031,177,246,-69
113000032,325,370,-45
113000033,282,451,-169
113000034,200,159,41
113000035,38,42,-4
113000036,37,88,-51
113000037,96,38,58
113000038,25,92,-67
113000039,59,263,-204
113000040,41,137,-96
113000042,810,734,76
113000051,1531,2542,-1011
113000052,2837,735,2102
113000053,878,551,327
113000054,873,732,141
113000055,2276,598,1678
113000056,2128,1180,948
113000058,634,928,-294
113000059,1156,358,798
113000060,531,587,-56
113000061,650,800,-150
113000062,516,474,42
113000063,565,76,489
113000064,131,187,-56
113000065,194,444,-250
113000066,1399,144,1255
113000067,3859,1083,2776
113000068,666,562,104
113000069,806,456,350
113000070,4226,956,3270
113000071,797,476,321
113000072,1563,429,1134
113000073,474,1689,-1215
113000074,1253,505,748
113000075,2161,858,1303
113000076,503,3752,-3249
113000077,794,1322,-528
113000078,541,2266,-1725
113000079,434,1132,-698
113000080,574,1288,-714
113000081,803,1195,-392
113000082,1009,1168,-159
113000083,642,803,-161
113000084,2079,1385,694
113000085,1148,682,466
113000086,964,1255,-291
113000087,940,1338,-398
113000088,2280,1610,670
113000089,864,1749,-885
113000090,208,852,-644
113000091,273,530,-257
113000094,1680,390,1290
113000095,265,836,-571
113000096,134,1213,-1079
113000097,1552,649,903
113000098,197,77,120
113000099,1659,733,926
113000100,158,646,-488
113000101,233,1085,-852
113000102,778,819,-41
113000103,2899,364,2535
113000104,861,3439,-2578
113000105,1263,821,442
113000106,472,569,-97
113000107,1441,1206,235
113000108,1143,1150,-7
113000109,642,1530,-888
113000110,5813,855,4958
113000111,218,687,-469
113000112,508,337,171
113000113,1492,426,1066
113000114,328,1669,-1341
113000116,749,369,380
113000117,1534,158,1376
113000118,70,952,-882
113000119,406,513,-107
113000120,79,406,-327
113000121,536,1845,-1309
113000124,420,135,285
113000125,74,1297,-1223
113000127,1740,240,1500
113000128,2064,282,1782
113000129,428,1059,-631
113000133,3181,905,2276
113000134,7,1622,-1615
113000135,5305,6146,-841
113000137,1044,4372,-3328
113000139,359,359,0
113000140,92,176,-84
113000141,143,258,-115
113000142,270,1121,-851
113000143,367,205,162
113000144,235,395,-160
113000145,136,141,-5
113000146,199,76,123
113000147,237,96,141
113000148,318,169,149
113000149,216,244,-28
113000150,590,424,166
113000151,54,32,22
113000152,41,236,-195
113000153,1712,369,1343
113000154,633,1953,-1320
113000155,540,807,-267
113000156,289,390,-101
113000157,314,560,-246
113000158,779,213,566
113000159,1209,546,663
113000160,757,480,277
113000161,490,212,278
113000162,1307,218,1089
113000163,178,43,135
113000164,45,59,-14
113000166,340,58,282
113000167,137,78,59
113000168,224,126,98
113000169,366,45,321
113000170,94,62,32
113000171,83,97,-14
113000172,464,81,383
113000173,73,19,54
113000174,206,114,92
113000175,622,118,504
113000176,690,85,605
113000177,243,184,59
113000178,158,136,22
113000179,433,124,309
113000180,1211,1857,-646
113000181,1426,782,644
113000182,144,432,-288
113000183,200,773,-573
113000184,15,125,-110
113000189,263,826,-563
113000190,207,305,-98
113000192,633,7424,-6791
113000193,2037,5233,-3196
113000194,938,4334,-3396
113000195,1540,4105,-2565
113000196,353,110,243
113000197,2050,3392,-1342
113000198,178,333,-155
113000199,2123,501,1622
113000201,450,931,-481
113000202,14734,3023,11711
113000203,155,733,-578
113000204,522,8076,-7554
113000205,7,23,-16
113000206,8,65,-57
113000207,90,17,73
113000208,50,66,-16
113000209,20,10,10
113000210,6,30,-24
113000211,92,413,-321
113000212,37,70,-33
113000213,27,155,-128
113000214,216,432,-216
113000234,340,626,-286
113000410,64,260,-196
113000411,1715,3705,-1990
113000412,5367,1628,3739
113000413,934,2911,-1977
113000414,3562,13972,-10410
113000415,2452,1542,910
113000416,2925,2486,439
113000417,1421,1826,-405
113000418,5158,5155,3
113000419,1849,3036,-1187
113000420,3038,7180,-4142
113000421,5346,9052,-3706
113000422,11919,10596,1323
113000423,1597,6752,-5155
113000424,3317,12366,-9049
113000425,47,67,-20
113000428,293,45,248
113000430,10,225,-215
113000432,3296,243,3053
113000433,96,540,-444
113000434,17,111,-94
113000435,24,180,-156
113000436,18,574,-556
113000437,1739,16,1723
113000438,513,15,498
113000439,41,47,-6
113000440,150,58,92
113000441,271,207,64
113000442,315,57,258
113000443,405,130,275
113000444,459,70,389
113000445,94,54,40
113000446,39,130,-91
113000448,1320,393,927
113000449,160,1068,-908
113000450,1650,2799,-1149
113000451,4645,426,4219
113000452,173,509,-336
113000453,72,994,-922
113000454,418,87,331
113000455,9,2824,-2815
113000456,2971,3017,-46
113000468,849,64,785
113000469,111,314,-203
113000470,584,30,554
113000471,4,362,-358
113000472,100,250,-150
113000474,1439,915,524
113000475,1642,1256,386
113000476,2915,2124,791
113000477,5622,1917,3705
113000478,3282,2975,307
113000479,120,114,6
113000480,137,845,-708
113000481,0,0,0
113000482,0,0,0
113000483,0,0,0
113000484,0,0,0
113000485,0,0,0
113000486,0,0,0
113000487,0,0,0
113000488,0,0,0
113000489,0,0,0
113000490,0,0,0
113000491,0,0,0
113000492,0,0,0
113000493,0,0,0
113000495,251,80,171
113000496,173,90,83
113000500,0,2,-2
113900001,21,2702,-2681
113900002,4,105,-101
113900003,0,269,-269
113900004,9,424,-415
113900005,5,779,-774
113900006,1,59,-58
113900007,88,45,43
113900008,35,0,35
113900009,68,0,68
113900010,48,1,47
113900011,195,1,194
113900012,99,3,96
113900013,128,3,125
113900014,1021,5,1016
113900015,0,39,-39
113900016,48,0,48
113900017,4,70,-66
113900018,249,315,-66
113900019,324,39,285
113900020,285,0,285
113900022,124,0,124
113900023,81,5,76
113900024,44,55,-11
113900025,260,18,242
113900026,119,0,119
113900027,14,104,-90
113900028,22,160,-138
113900029,135,181,-46
113900030,420,6,414
113900031,78,6,72
113900032,62,0,62
113900033,59,49,10
113900035,82,1,81
113900036,37,93,-56
113900037,336,191,145
113900038,35,198,-163
113900039,303,44,259
113900040,28,63,-35
113900041,22,4,18
113900042,135,42,93
113900043,224,68,156
113900044,142,367,-225
113900045,103,2,101
113900046,421,1541,-1120
113900047,217,64,153
113900048,118,156,-38
113900049,193,471,-278
113900050,364,405,-41
113900051,254,197,57
113900052,119,114,5
113900053,778,1044,-266
113900054,58,2,56
113900055,123,328,-205
113900056,106,101,5
113900057,19,28,-9
113900058,105,36,69
113900059,286,241,45
113900060,90,169,-79
113900061,648,134,514
113900062,177,17,160
113900063,177,100,77
113900064,60,57,3
113900065,625,20,605
113900066,754,158,596
113900067,366,230,136
113900068,663,1025,-362
113900069,52,52,0
113900070,90,265,-175
113900071,135,25,110
113900072,69,107,-38
113900073,492,323,169
113900074,220,340,-120
113900075,1130,2686,-1556
113900076,201,21,180
113900077,82,158,-76
113900078,69,24,45
113900079,1,37,-36
113900080,689,233,456
113900081,121,122,-1
113900082,181,230,-49
113900083,646,120,526
113900084,189,165,24
113900085,72,178,-106
113900086,62,11,51
113900087,134,110,24
113900088,134,135,-1
113900089,580,68,512
113900090,808,520,288
113900091,8,4,4
113900092,37,60,-23
113900093,94,1416,-1322
113900094,936,228,708
113900095,221,236,-15
113900096,422,142,280
113900097,31,45,-14
113900098,1211,290,921
113900099,1,18,-17
113900100,0,2,-2
113900101,6,90,-84
113900102,122,166,-44
113900103,244,547,-303
113900104,131,398,-267
113900105,255,56,199
113900106,0,27,-27
113900107,7,8,-1
113900108,115,351,-236
113900109,282,266,16
113900110,75,20,55
113900111,268,62,206
113900112,280,48,232
113900113,1618,414,1204
113900114,1,13,-12
113900115,1,39,-38
113900116,44,210,-166
113900117,79,18,61
113900118,199,737,-538
113900119,150,426,-276
113900120,66,51,15
113900121,119,64,55
113900122,713,3995,-3282
113900123,729,252,477
113900124,8,62,-54
113900125,973,132,841
113900126,120,51,69
113900127,360,1024,-664
113900128,176,62,114
113900129,2,229,-227
113900130,3,403,-400
113900131,392,57,335
113900132,32,98,-66
113900133,31,52,-21
113900135,385,373,12
113900136,114,82,32
113900137,399,427,-28
113900138,47,344,-297
113900139,288,340,-52
113900140,41,439,-398
113900141,974,215,759
113900142,196,68,128
113900143,43,89,-46
113900144,73,592,-519
113900145,451,172,279
113900146,249,61,188
113900148,104,336,-232
113900149,199,97,102
113900150,298,307,-9
113900151,570,125,445
113900152,88,62,26
113900153,133,462,-329
113900154,1,122,-121
113900155,89,277,-188
113900156,198,252,-54
113900157,78,467,-389
113900158,144,842,-698
113900159,6,236,-230
113900160,451,215,236
113900161,127,328,-201
113900162,263,1457,-1194
113900163,370,267,103
113900164,514,50,464
113900165,769,451,318
113900166,67,81,-14
113900167,513,39,474
113900168,60,62,-2
113900169,183,386,-203
113900171,427,110,317
113900172,32,42,-10
113900173,49,228,-179
113900174,475,524,-49
113900175,404,199,205
113900176,380,236,144
113900177,238,170,68
113900178,269,203,66
113900179,39,230,-191
113900180,180,100,80
113900181,1484,308,1176
113900182,702,491,211
113900183,85,45,40
113900184,14,353,-339
113900185,145,75,70
113900186,51,40,11
113900187,56,94,-38
113900188,19,139,-120
113900189,390,265,125
113900190,183,107,76
113900191,81,157,-76
113900192,4,1086,-1082
113900193,9,97,-88
113900194,1346,514,832
113900195,227,424,-197
113900196,0,329,-329
113900197,0,78,-78
113900198,24,545,-521
113900199,70,447,-377
113900200,24,205,-181
113900201,0,36,-36
113900202,69,118,-49
113900203,0,21,-21
113900204,18,173,-155
113900205,4,33,-29
113900206,6,90,-84
113900207,0,38,-38
113900208,2,24,-22
113900209,0,17,-17
113900210,450,753,-303
113900211,300,94,206
113900212,306,314,-8
113900214,261,716,-455
113900215,76,98,-22
113900216,166,588,-422
113900217,147,86,61
113900218,134,82,52
113900219,181,1136,-955
113900220,156,159,-3
113900221,364,436,-72
113900222,157,685,-528
113900223,353,282,71
113900224,67,92,-25
113900225,437,115,322
113900226,542,137,405
113900227,401,287,114
113900228,302,673,-371
113900229,53,1403,-1350
113900230,2014,3780,-1766
113900231,177,79,98
113900232,201,49,152
113900233,88,78,10
113900234,440,494,-54
113900235,165,40,125
113900236,438,144,294
113900237,335,12,323
113900238,280,962,-682
113900239,58,222,-164
113900240,5,252,-247
113900241,70,94,-24
113900242,32,346,-314
113900243,31,239,-208
113900244,87,189,-102
113900245,592,408,184
113900246,14,46,-32
113900247,94,756,-662
113900248,2257,2353,-96
113900249,594,708,-114
113900250,54,439,-385
113900251,1540,80,1460
113900252,1165,39,1126
113900253,1083,70,1013
113900254,778,262,516
113900255,942,17,925
113900256,476,35,441
113900257,52,199,-147
113900258,21,290,-269
113900259,1116,88,1028
113900260,327,12,315
113900261,96,46,50
113900262,209,314,-105
113900263,40,283,-243
113900264,0,211,-211
113900265,163,318,-155
113900266,22,120,-98
113900267,82,1099,-1017
113900268,404,493,-89
113900269,75,156,-81
113900270,148,701,-553
113900271,790,433,357
113900273,14,18,-4
113900274,70,20,50
113900275,20,138,-118
113900276,2,93,-91
113900277,286,5,281
113900278,287,180,107
113900279,72,41,31
113900280,1465,602,863
113900281,278,1549,-1271
113900282,381,444,-63
113900283,422,743,-321
113900284,1358,196,1162
113900285,136,61,75
113900286,146,102,44
113900287,186,23,163
113900288,5,104,-99
113900289,325,141,184
113900290,331,529,-198
113900291,113,108,5
113900292,8,8,0
113900293,1,141,-140
113900294,724,9,715
113900295,442,517,-75
113900296,2727,412,2315
113900297,3055,47,3008
113900298,31,1109,-1078
113900299,175,21,154
113900300,5522,5400,122
113900301,563,844,-281
113900302,1297,1096,201
113900303,202,863,-661
113900304,0,113,-113
113900305,201,0,201
113900306,150,1,149
113900307,8,0,8
113900308,82,103,-21
113900309,2,369,-367
113900310,0,5,-5
113900311,28,0,28
113900312,200,210,-10
113900313,27,4,23
114000001,1207,2423,-1216
114000002,688,287,401
114000003,110,232,-122
114000004,612,198,414
114000005,451,177,274
114000006,1288,1687,-399
114000007,821,946,-125
114000008,1736,2465,-729
114000009,1473,356,1117
114000011,4214,2133,2081
114000012,4872,1442,3430
114000013,2647,994,1653
114000014,677,98,579
114000015,3086,139,2947
114000016,377,125,252
114000017,114,786,-672
114000018,147,24,123
114000026,3679,1199,2480
114000027,6420,2730,3690
114000028,2641,4470,-1829
114000038,419,144,275
114000039,129,25,104
114000040,226,336,-110
114000042,224,196,28
114000043,109,32,77
114000044,608,16,592
114000045,44,20,24
114000046,1932,4439,-2507
114000047,13,82,-69
114000048,111,62,49
114000049,2192,1720,472
114000050,2146,2214,-68
114000051,3928,2540,1388
114000052,4363,2975,1388
114000053,99,833,-734
114000054,213,649,-436
114000055,309,43,266
114000056,181,1228,-1047
114000057,4338,2365,1973
114000058,61,1317,-1256
114000059,38,852,-814
114000060,781,782,-1
114000061,2729,3756,-1027
114000062,566,1960,-1394
114000063,1251,1273,-22
114000064,1814,4296,-2482
114000065,984,2271,-1287
114000066,558,1003,-445
114000067,24,1066,-1042
114000068,611,887,-276
114000069,1300,759,541
114000070,2391,2320,71
114000071,979,572,407
114000072,758,173,585
114000073,25,28,-3
114000074,156,24,132
114000075,102,38,64
114000076,35,36,-1
114000077,10,15,-5
114000078,380,240,140
114000079,374,34,340
114000080,114,107,7
114000081,124,89,35
114000082,62,336,-274
114000083,87,82,5
114000084,333,81,252
114000085,76,231,-155
114000086,397,105,292
114000087,311,63,248
114000088,36,20,16
114000089,514,281,233
114000090,1231,1641,-410
114000091,1292,924,368
114000092,764,483,281
114000093,1627,700,927
114000094,509,416,93
114000095,347,276,71
114000096,84,270,-186
114000097,139,289,-150
114000098,840,163,677
114000099,1163,96,1067
114000100,2760,418,2342
114000101,632,317,315
114000102,1019,349,670
114000103,93,139,-46
114000104,19,131,-112
114000105,286,158,128
114000106,839,2766,-1927
114000107,888,142,746
114000108,628,848,-220
114000109,979,1901,-922
114000110,616,802,-186
114000111,3013,1249,1764
114000112,402,1009,-607
114000113,1642,588,1054
114000114,570,717,-147
114000115,2406,1216,1190
114000116,1439,1492,-53
114000117,6164,700,5464
114000118,4712,636,4076
114000119,3584,720,2864
114000120,742,621,121
114000121,660,849,-189
114000122,575,412,163
114000123,3354,492,2862
114000124,1726,543,1183
114000125,1188,1062,126
114000126,2461,253,2208
114000127,225,116,109
114000128,1022,228,794
114000130,500,420,80
114000131,357,136,221
114000132,723,335,388
114000133,660,1338,-678
114000134,89,46,43
114000138,62,123,-61
114000139,525,601,-76
114000144,896,1074,-178
114000145,69,106,-37
114000146,135,97,38
114000147,2046,3511,-1465
114000148,1107,2035,-928
114000149,318,345,-27
114000150,291,709,-418
114000151,619,2367,-1748
114000152,95,60,35
114000153,577,2803,-2226
114000154,732,595,137
114000155,1362,3507,-2145
114000156,835,889,-54
114000157,359,1705,-1346
114000158,949,656,293
114000159,99,396,-297
114000160,58,610,-552
114000161,1153,3775,-2622
114000162,1749,3794,-2045
114000163,64,26,38
114000165,581,585,-4
114000166,598,812,-214
114000167,2521,1446,1075
114000168,405,379,26
114000169,1429,1998,-569
114000170,989,1331,-342
114000171,2414,4874,-2460
114000174,150,353,-203
114000176,255,589,-334
114000177,703,425,278
114000178,67,90,-23
114000179,1132,704,428
114000180,289,337,-48
114000181,1691,6740,-5049
114000182,1294,2869,-1575
114000183,532,597,-65
114000184,557,639,-82
114000185,1827,823,1004
114000189,2103,210,1893
114000190,4876,573,4303
114000191,124,383,-259
114000192,103,647,-544
114000193,269,1026,-757
114000194,1786,740,1046
114000195,411,169,242
114000196,2,76,-74
114000197,2855,23,2832
114000198,781,376,405
114000199,1549,1863,-314
114000200,632,911,-279
114000201,244,602,-358
114000202,973,501,472
114000203,641,550,91
114000204,135,401,-266
114000205,220,957,-737
114000206,1055,1108,-53
114000207,451,799,-348
114000208,536,1178,-642
114000209,550,1192,-642
114000210,219,643,-424
114000211,1752,1106,646
114000212,1188,1032,156
114000213,2356,496,1860
114000214,93,77,16
114000215,276,82,194
114000216,2054,366,1688
114000217,567,220,347
114000218,359,78,281
114000219,1974,193,1781
114000220,23,499,-476
114000221,1586,188,1398
114000222,145,447,-302
114000223,857,187,670
114000224,41,389,-348
114000225,445,302,143
114000226,295,225,70
114000227,1157,621,536
114000228,1293,529,764
114000229,1988,1213,775
114000230,2150,898,1252
114000231,1694,1638,56
114000232,1340,180,1160
114000233,3325,137,3188
114000234,1497,614,883
114000235,1631,1149,482
114000236,1,218,-217
114000237,230,568,-338
114000238,105,245,-140
114000239,226,715,-489
114000240,1095,1031,64
114000241,291,614,-323
114000242,814,547,267
114000243,2471,973,1498
114000244,636,316,320
114000245,559,827,-268
114000246,102,49,53
114000247,579,551,28
114000248,1824,720,1104
114000249,817,462,355
114000250,871,348,523
114000251,496,166,330
114000252,83,18,65
114000253,29,123,-94
114000254,94,38,56
114000255,653,306,347
114000256,545,2786,-2241
114000257,430,752,-322
114000258,419,148,271
114000259,203,175,28
114000260,1,37,-36
114000261,65,32,33
114000262,433,106,327
114000263,7,0,7
114000264,2051,315,1736
114000265,1,6,-5
114000267,6,1971,-1965
114000268,9,520,-511
114000270,305,3,302
114000271,305,80,225
114000283,1908,301,1607
114000285,25,59,-34
114000288,173,247,-74
114000289,2548,115,2433
114000293,340,566,-226
114000294,265,340,-75
114000395,1558,24,1534
114000396,776,998,-222
114000402,1213,173,1040
114000403,564,214,350
114000405,326,173,153
114000423,553,201,352
114000424,809,156,653
114000425,1491,186,1305
114000426,458,884,-426
114000427,138,54,84
114000428,53,233,-180
114000429,6,92,-86
114000432,146,107,39
114000434,48,36,12
114000435,19,35,-16
114000436,1513,422,1091
114000437,841,10934,-10093
114900001,854,306,548
114900002,391,225,166
114900003,1076,492,584
114900004,294,638,-344
114900005,888,324,564
114900006,92,118,-26
114900007,448,39,409
114900008,415,128,287
114900010,1091,2065,-974
114900011,458,156,302
114900013,386,137,249
114900015,132,691,-559
114900018,1081,32,1049
114900020,186,117,69
114900022,1,707,-706
114900024,242,126,116
114900025,719,122,597
114900026,90,158,-68
114900027,270,139,131
114900029,44,22,22
114900030,472,250,222
114900031,877,27,850
114900032,706,22,684
114900033,597,2065,-1468
114900034,36,49,-13
114900035,114,346,-232
114900036,232,261,-29
114900037,84,75,9
114900038,354,273,81
114900039,736,181,555
114900040,178,60,118
114900041,1567,152,1415
114900042,2097,223,1874
114900043,291,144,147
114900044,168,69,99
114900046,41,45,-4
114900047,269,4478,-4209
114900048,48,130,-82
114900049,8,95,-87
114900050,118,127,-9
114900051,40,237,-197
114900052,31,247,-216
114900053,72,163,-91
114900054,25,39,-14
114900057,263,6,257
114900058,0,23,-23
114900059,191,109,82
114900060,310,910,-600
114900061,149,37,112
114900062,149,298,-149
114900063,79,54,25
114900064,3246,172,3074
114900065,723,916,-193
114900067,61,361,-300
114900068,33,89,-56
114900069,147,59,88
114900070,807,277,530
114900072,2,191,-189
114900073,4,63,-59
114900074,1183,174,1009
114900075,484,26,458
114900076,10,277,-267
114900080,1023,148,875
114900082,2209,3541,-1332
114900083,440,1123,-683
114900090,722,225,497
114900091,88,127,-39
114900095,190,66,124
114900096,293,521,-228
114900097,264,14,250
114900098,12,72,-60
114900099,338,8,330
115000001,4241,2160,2081
115000002,5714,6808,-1094
115000003,4404,1529,2875
115000004,6927,8035,-1108
115000005,1935,2204,-269
115000006,1695,1924,-229
115000007,323,291,32
115000008,536,783,-247
115000009,462,305,157
115000010,380,198,182
115000013,35,231,-196
115000015,31,272,-241
115000016,215,510,-295
115000019,43,536,-493
115000020,177,1473,-1296
115000021,268,379,-111
115000022,602,290,312
115000023,378,690,-312
115000024,1080,357,723
115000025,1159,854,305
115000026,275,274,1
115000027,623,373,250
115000028,473,585,-112
115000029,1052,99,953
115000030,829,1090,-261
115000031,1141,457,684
115000032,11,289,-278
115000033,171,54,117
115000034,129,1381,-1252
115000035,1289,94,1195
115000036,3,555,-552
115000037,749,28,721
115000038,72,192,-120
115000039,3087,4934,-1847
115000040,3678,2462,1216
115000041,2107,5309,-3202
115000042,471,690,-219
115000043,4620,3597,1023
115000044,3619,3287,332
115000045,2941,1326,1615
115000046,3929,3370,559
115000047,3775,1863,1912
115000048,2496,1881,615
115000049,1480,2969,-1489
115000050,4239,1785,2454
115000051,1934,4885,-2951
115000052,1108,1530,-422
115000053,3029,3030,-1
115000054,674,815,-141
115000055,177,741,-564
115000056,137,483,-346
115000057,583,1486,-903
115000058,179,420,-241
115000059,326,393,-67
115000061,137,286,-149
115000062,248,432,-184
115000063,605,395,210
115000064,306,145,161
115000065,77,533,-456
115000067,278,41,237
115000069,249,316,-67
115000070,37,1397,-1360
115000071,111,47,64
115000072,18,59,-41
115000073,1947,98,1849
115000075,124,68,56
115000076,2457,2443,14
115000077,2752,1506,1246
115000078,2228,877,1351
115000079,1939,1118,821
115000080,4476,1379,3097
115000081,425,646,-221
115000082,6514,5339,1175
115000083,2679,1096,1583
115000084,4572,1243,3329
115000085,1575,802,773
115000086,1855,647,1208
115000087,554,1664,-1110
115000088,2422,879,1543
115000089,1484,1126,358
115000090,641,1062,-421
115000091,413,520,-107
115000092,1121,858,263
115000093,913,5,908
115000094,5404,8970,-3566
115000095,4208,8858,-4650
115000096,1440,936,504
115000097,2489,1432,1057
115000098,2310,541,1769
115000099,3646,1570,2076
115000100,2217,373,1844
115000101,687,861,-174
115000102,720,255,465
115000103,308,492,-184
115000105,72,64,8
115000106,1048,551,497
115000107,292,251,41
115000108,2095,1907,188
115000109,4277,6746,-2469
115000110,1529,2899,-1370
115000111,488,1429,-941
115000112,1077,1443,-366
115000113,684,1307,-623
115000114,1434,715,719
115000116,3137,2363,774
115000117,2364,2645,-281
115000118,2445,2189,256
115000119,1701,2223,-522
115000120,757,1475,-718
115000121,748,1078,-330
115000122,872,1727,-855
115000123,1034,2597,-1563
115000124,840,1658,-818
115000125,414,1358,-944
115000126,167,440,-273
115000127,470,254,216
115000128,331,1061,-730
115000129,208,663,-455
115000130,543,473,70
115000131,1224,272,952
115000132,492,439,53
115000133,916,208,708
115000134,342,439,-97
115000135,219,305,-86
115000136,271,263,8
115000137,114,233,-119
115000138,529,240,289
115000139,273,212,61
115000140,602,181,421
115000141,339,136,203
115000142,255,98,157
115000143,1388,645,743
115000144,634,60,574
115000145,326,140,186
115000146,610,453,157
115000147,409,400,9
115000148,421,514,-93
115000149,1033,270,763
115000150,856,450,406
115000151,2084,471,1613
115000152,943,755,188
115000153,2005,544,1461
115000154,1461,256,1205
115000155,800,872,-72
115000156,1042,1152,-110
115000157,614,1250,-636
115000158,492,423,69
115000159,511,922,-411
115000160,620,826,-206
115000161,1155,450,705
115000162,541,1145,-604
115000163,553,752,-199
115000164,490,994,-504
115000165,418,794,-376
115000167,98,142,-44
115000168,533,720,-187
115000169,438,1071,-633
115000170,87,179,-92
115000171,168,433,-265
115000172,883,826,57
115000173,372,1404,-1032
115000174,87,598,-511
115000175,146,188,-42
115000176,90,160,-70
115000177,57,237,-180
115000178,21,195,-174
115000179,33,60,-27
115000180,116,278,-162
115000181,1272,165,1107
115000182,1493,255,1238
115000183,688,447,241
115000186,842,255,587
115000187,267,517,-250
115000188,489,745,-256
115000189,332,416,-84
115000190,798,603,195
115000191,334,565,-231
115000194,126,146,-20
115000195,194,505,-311
115000196,364,109,255
115000197,382,117,265
115000198,855,186,669
115000199,661,117,544
115000200,589,191,398
115000201,197,187,10
115000206,571,37,534
115000207,422,255,167
115000208,291,784,-493
115000209,778,493,285
115000210,188,119,69
115000211,371,284,87
115000212,1205,402,803
115000224,314,66,248
115000225,153,74,79
115000229,255,148,107
115000230,123,746,-623
115000231,374,877,-503
115000232,3270,386,2884
115000233,172,185,-13
115000234,36,271,-235
115000241,181,176,5
115000242,196,133,63
115000243,95,139,-44
115000244,8,128,-120
115000246,76,21,55
115000247,71,33,38
115000248,51,26,25
115000249,13,9,4
115000250,412,30,382
115000251,441,82,359
115000252,95,186,-91
115000253,10,508,-498
115000258,537,54,483
115000259,380,83,297
115000261,28,10,18
115000262,13,46,-33
115000263,10,52,-42
115000264,17,36,-19
115000267,117,80,37
115000268,66,125,-59
115000269,144,70,74
115000270,2,26,-24
115000272,72,99,-27
115000273,816,63,753
115000280,1788,253,1535
115000281,337,707,-370
115000282,1228,1114,114
115000284,107,204,-97
115000296,613,7,606
115000297,175,220,-45
115000298,63,541,-478
115000300,272,171,101
115000302,873,128,745
115000303,1254,90,1164
115000304,1411,71,1340
115000305,142,287,-145
115000306,313,136,177
115000307,200,141,59
115000308,8,27,-19
115000309,14,55,-41
115000310,2352,513,1839
115000311,2390,1234,1156
115000313,161,191,-30
115000314,965,200,765
115000315,891,1017,-126
115000316,132,202,-70
115000317,230,452,-222
115000318,1043,388,655
115000319,99,183,-84
115000320,69,604,-535
115000321,526,6,520
115000322,72,136,-64
115000449,206,258,-52
115000557,24,2468,-2444
115000558,141,164,-23
115000587,923,350,573
115000588,2067,2828,-761
115000589,4456,2948,1508
115000590,802,2020,-1218
115000591,1594,1249,345
115000592,456,2044,-1588
115000593,1828,1205,623
115000594,329,2705,-2376
115000609,314,133,181
115000617,495,3377,-2882
115000624,669,46,623
115000633,423,1429,-1006
115000634,4246,954,3292
115000635,800,135,665
115000638,239,426,-187
115000641,34,318,-284
115000642,297,207,90
115000643,142,302,-160
115000644,199,280,-81
115000646,920,1656,-736
115000647,258,480,-222
115000648,3711,964,2747
115000893,1902,1674,228
115000894,154,721,-567
115000895,222,670,-448
115000896,1401,415,986
115000897,544,125,419
115000898,758,429,329
115000899,265,1786,-1521
115000900,49,460,-411
115000901,66,325,-259
115000912,738,149,589
115000913,4,20,-16
115000915,20,1,19
115000916,2,0,2
115000917,0,3,-3
115000918,60,1739,-1679
115000919,8,34,-26
115000920,9,67,-58
115000921,451,87,364
115000922,416,1175,-759
115000923,86,1772,-1686
115000925,217,188,29
115000927,67,86,-19
115000933,30,548,-518
115000934,144,209,-65
115000935,228,64,164
115900001,214,10,204
115900002,104,90,14
115900003,335,60,275
115900004,3,24,-21
115900005,411,26,385
115900006,163,91,72
115900008,123,4,119
115900009,92,285,-193
115900010,757,54,703
115900011,535,469,66
115900012,363,12,351
115900013,384,126,258
115900014,159,183,-24
115900015,283,23,260
115900016,72,45,27
115900017,19,18,1
115900018,197,37,160
115900019,299,18,281
115900020,174,2,172
115900021,1082,341,741
115900022,435,24,411
115900023,4,50,-46
115900025,56,227,-171
115900026,803,99,704
115900027,0,162,-162
115900028,385,58,327
115900029,20,219,-199
115900030,64,32,32
115900031,73,352,-279
115900032,379,764,-385
115900033,0,155,-155
115900034,20,161,-141
115900035,81,78,3
115900036,46,2734,-2688
115900037,30,143,-113
115900038,39,31,8
115900039,221,82,139
115900041,137,1204,-1067
115900042,78,10,68
115900043,142,25,117
115900044,211,484,-273
115900046,734,168,566
115900047,152,317,-165
115900049,256,161,95
115900051,14,23,-9
115900052,15,121,-106
115900053,500,101,399
115900054,578,25,553
115900055,35,82,-47
115900056,410,117,293
115900057,27,10,17
115900058,15,68,-53
115900060,68,253,-185
115900061,356,1,355
115900062,119,84,35
115900063,59,11,48
115900064,146,314,-168
115900065,171,106,65
115900066,88,54,34
115900067,14,90,-76
115900068,1344,1648,-304
115900069,41,233,-192
115900070,255,54,201
115900071,0,92,-92
115900072,26,119,-93
115900073,188,136,52
115900074,1,88,-87
115900075,28,127,-99
115900076,30,23,7
115900077,1,79,-78
115900078,13,56,-43
115900079,621,28,593
115900080,188,73,115
115900081,25,19,6
115900082,80,152,-72
115900084,885,54,831
115900085,59,121,-62
115900086,935,438,497
115900088,7,79,-72
115900089,671,377,294
115900090,917,5,912
115900091,16,34,-18
115900092,67,59,8
115900093,20,41,-21
115900094,4,97,-93
115900096,21,17,4
115900097,7,139,-132
115900098,435,218,217
115900099,68,52,16
115900100,23,122,-99
115900101,296,134,162
115900102,156,77,79
115900103,509,164,345
115900104,141,88,53
115900105,443,235,208
115900106,122,8,114
115900107,143,29,114
115900108,265,11,254
115900109,18,200,-182
115900110,28,10,18
115900111,1,64,-63
115900112,62,622,-560
115900113,80,16,64
115900114,14,103,-89
115900115,158,134,24
115900116,75,395,-320
115900117,121,10,111
115900118,7,80,-73
115900119,240,132,108
115900120,34,134,-100
115900121,325,160,165
115900124,387,1085,-698
115900125,592,51,541
115900126,1526,112,1414
115900127,1317,56,1261
115900128,18,165,-147
115900129,814,51,763
115900130,14,494,-480
115900131,465,33,432
115900132,1095,10,1085
115900134,417,16,401
115900135,511,1178,-667
115900137,27,5,22
115900139,18,239,-221
115900140,669,53,616
115900141,2,87,-85
115900142,27,57,-30
115900143,399,864,-465
115900144,265,338,-73
115900146,17,36,-19
115900147,238,379,-141
115900148,63,19,44
115900149,335,10,325
115900150,162,16,146
115900151,31,113,-82
115900152,253,218,35
115900153,173,123,50
115900154,377,481,-104
115900155,0,15,-15
115900156,968,1144,-176
115900157,423,601,-178
115900158,18,6,12
115900159,257,109,148
115900160,2,10,-8
115900161,48,207,-159
115900163,471,207,264
115900164,1100,21,1079
115900165,1,201,-200
115900166,162,173,-11
115900168,224,69,155
115900171,166,400,-234
115900172,88,135,-47
115900173,334,91,243
115900174,126,382,-256
115900175,203,178,25
115900178,5,181,-176
115900179,540,12,528
115900180,56,44,12
115900181,293,73,220
115900182,758,63,695
115900183,19,169,-150
115900184,464,12,452
115900187,7,285,-278
115900189,1,238,-237
115900190,196,1294,-1098
115900191,30,124,-94
115900192,32,98,-66
115900193,157,122,35
115900194,1136,72,1064
115900195,340,3730,-3390
115900198,315,297,18
115900199,438,109,329
115900200,318,155,163
115900201,342,324,18
115900202,1,103,-102
115900203,17,20,-3
115900204,0,16,-16
115900205,17,12,5
115900206,464,60,404
115900207,76,11,65
115900208,160,51,109
115900209,10,101,-91
115900210,2,117,-115
115900211,1,98,-97
115900212,271,83,188
115900213,81,182,-101
115900214,814,88,726
115900215,26,301,-275
115900216,0,76,-76
115900217,4,33,-29
115900218,4,24,-20
115900219,175,1,174
115900220,389,4,385
115900221,185,10,175
115900222,187,80,107
115900223,12,930,-918
115900224,516,2313,-1797
115900225,47,64,-17
115900226,27,63,-36
115900227,8,75,-67
115900228,17,66,-49
115900229,4,54,-50
115900230,23,89,-66
115900231,195,5,190
115900232,108,2,106
115900233,199,4,195
115900234,106,36,70
115900235,36,59,-23
115900236,26,47,-21
115900237,34,30,4
115900238,42,5,37
115900239,14,23,-9
115900240,16,33,-17
115900241,364,30,334
115900242,381,598,-217
115900243,32,6,26
115900244,19,13,6
115900245,51,6,45
115900246,9,18,-9
115900247,11,26,-15
115900248,23,3,20
115900249,13,7,6
115900250,37,9,28
115900251,3,10,-7
115900252,3,1,2
115900253,26,25,1
115900254,30,48,-18
115900255,1,39,-38
115900256,11,49,-38
115900257,8,6,2
115900258,0,0,0
115900259,2,1,1
115900260,11,1,10
115900261,7,1,6
115900262,9,0,9
115900263,9,1,8
115900264,40,2,38
115900265,8,23,-15
115900266,4,12,-8
115900267,1,31,-30
115900268,0,4,-4
115900269,996,103,893
115900270,518,91,427
115900271,211,0,211
115900272,56,3,53
115900273,28,30,-2
115900274,2,1,1
115900275,1,5,-4
115900276,0,8,-8
115900277,0,44,-44
115900278,73,130,-57
115900279,62,284,-222
115900280,19,977,-958
115900281,124,410,-286
116000001,7987,2345,5642
116000002,5505,18410,-12905
116000003,1498,1723,-225
116000004,4007,7016,-3009
116000005,1135,3705,-2570
116000006,3250,5392,-2142
116000007,1794,5143,-3349
116000008,6030,4734,1296
116000009,962,1304,-342
116000010,3698,2529,1169
116000011,701,1194,-493
116000012,2515,1560,955
116000013,4524,5038,-514
116000014,10710,27009,-16299
116000015,146,2150,-2004
116000016,6325,6797,-472
116000017,33,861,-828
116000018,564,607,-43
116000019,1588,467,1121
116000020,851,2134,-1283
116000021,897,424,473
116000022,633,408,225
116000023,2302,1676,626
116000024,844,1047,-203
116000025,1607,1273,334
116000026,1607,3731,-2124
116000027,654,990,-336
116000028,626,1475,-849
116000029,553,611,-58
116000030,830,943,-113
116000031,141,223,-82
116000032,405,154,251
116000033,868,507,361
116000034,1079,959,120
116000035,442,535,-93
116000036,578,4427,-3849
116000037,244,663,-419
116000038,225,1612,-1387
116000039,338,1933,-1595
116000040,703,1545,-842
116000041,121,1253,-1132
116000042,1043,967,76
116000043,272,572,-300
116000044,4,15,-11
116000045,2189,1625,564
116000046,1219,2037,-818
116000047,2008,3348,-1340
116000048,3492,1670,1822
116000049,2258,3606,-1348
116000050,1823,1327,496
116000051,5430,3731,1699
116000052,5289,4803,486
116000053,3555,653,2902
116000054,1357,2803,-1446
116000055,1209,996,213
116000056,2010,1373,637
116000057,3161,1966,1195
116000058,4678,4431,247
116000059,3374,5877,-2503
116000060,3078,1451,1627
116000061,280,1881,-1601
116000062,694,303,391
116000063,765,2563,-1798
116000066,322,906,-584
116000067,316,404,-88
116000068,207,435,-228
116000069,427,304,123
116000078,587,1384,-797
116000080,2231,665,1566
116000082,2,17,-15
116000083,2471,574,1897
116000084,1395,2373,-978
116000085,2264,2442,-178
116000086,797,498,299
116000087,3774,2454,1320
116000088,1120,1021,99
116000089,218,97,121
116000090,128,208,-80
116000091,256,581,-325
116000093,1196,532,664
116000094,1139,379,760
116000095,1271,801,470
116000096,1716,2111,-395
116000097,1287,786,501
116000098,98,11196,-11098
116000099,5947,265,5682
116000100,415,19,396
116000101,1742,456,1286
116000102,403,861,-458
116000103,539,471,68
116000104,241,1025,-784
116000105,2007,199,1808
116000106,530,995,-465
116000107,3438,288,3150
116000108,84,235,-151
116000111,251,36,215
116000113,289,152,137
116000114,45,138,-93
116000115,498,175,323
116000116,256,264,-8
116000117,1915,1558,357
116000118,2213,1016,1197
116000119,5244,1856,3388
116000120,3311,2501,810
116000121,1233,760,473
116000122,1027,922,105
116000123,1951,538,1413
116000124,566,511,55
116000125,4622,867,3755
116000126,309,715,-406
116000127,996,708,288
116000128,3336,1052,2284
116000129,2017,222,1795
116000130,1144,910,234
116000133,2341,826,1515
116000134,1753,1187,566
116000135,4111,1439,2672
116000136,839,1228,-389
116000137,1590,1214,376
116000138,2017,1168,849
116000139,2180,3991,-1811
116000140,238,259,-21
116000141,644,372,272
116000142,3774,2234,1540
116000143,2580,2121,459
116000144,2284,1625,659
116000145,3406,1097,2309
116000146,1237,89,1148
116000147,315,324,-9
116000148,1099,1363,-264
116000149,1281,1092,189
116000151,578,731,-153
116000153,160,434,-274
116000155,238,408,-170
116000156,874,1049,-175
116000157,137,19,118
116000158,589,327,262
116000159,11,19,-8
116000160,48,64,-16
116000161,11,87,-76
116000162,87,274,-187
116000163,67,42,25
116000164,24,26,-2
116000177,98,138,-40
116000194,120,324,-204
116000195,1466,690,776
116000196,29,13,16
116000197,22,8,14
116000198,2750,1287,1463
116000200,939,1064,-125
116000201,723,583,140
116000202,6,133,-127
116000203,0,54,-54
116000204,8,47,-39
116000205,0,84,-84
116000206,1,73,-72
116000207,8,40,-32
116000233,232,490,-258
116000287,354,193,161
116000288,499,218,281
116000292,132,152,-20
116000296,13,115,-102
116000297,67,25,42
116000304,423,29,394
116000305,19,65,-46
116000346,330,176,154
116000352,183,114,69
116000354,78,28,50
116000357,14,17,-3
116000358,611,127,484
116000361,52,2,50
116000372,3754,9984,-6230
116000381,192,0,192
116000388,4,26,-22
116000389,1165,511,654
116000445,1066,238,828
116000446,1005,288,717
116000447,20,697,-677
116000448,695,154,541
116000563,862,1091,-229
116000565,49,237,-188
116000568,78,763,-685
116000579,29,96,-67
116000584,82,6,76
116000585,56,25,31
116000586,86,178,-92
116000587,378,419,-41
116000589,47,140,-93
116000590,145,62,83
116000591,302,208,94
116000592,3,36,-33
116000593,0,23,-23
116000594,1715,221,1494
116000595,1108,74,1034
116000596,267,4,263
116000597,930,249,681
116000598,20,103,-83
116000602,23,741,-718
116000605,169,176,-7
116000606,82,280,-198
116000607,2,186,-184
116000609,147,1493,-1346
116000611,311,171,140
116000612,1773,2494,-721
116000613,1060,390,670
116000614,536,199,337
116000615,3,686,-683
116000616,153,117,36
116000617,187,29,158
116000618,17,71,-54
116000619,65,122,-57
116000620,317,150,167
116000621,185,134,51
116000622,141,133,8
116000624,200,149,51
116000627,42,22,20
116000628,49,90,-41
116000629,30,131,-101
116000630,907,39,868
116000631,260,5,255
116000632,908,78,830
116000633,43,199,-156
116000634,1088,25,1063
116000635,2159,3018,-859
116900001,520,186,334
116900002,343,3,340
116900003,82,23,59
116900004,75,130,-55
116900005,341,57,284
116900006,107,662,-555
116900007,149,350,-201
116900008,879,111,768
116900009,40,48,-8
116900010,3,640,-637
116900011,29,34,-5
116900012,324,494,-170
116900013,5,136,-131
116900014,368,60,308
116900015,906,31,875
116900016,390,3,387
116900017,3,535,-532
116900018,257,84,173
116900019,4,169,-165
116900020,451,2135,-1684
116900023,58,10,48
116900024,1081,40,1041
116900025,2022,577,1445
116900026,99,507,-408
116900027,80,64,16
116900028,0,66,-66
116900029,0,151,-151
116900031,3,7,-4
116900032,2,129,-127
116900033,42,11,31
116900034,8,21,-13
116900035,156,159,-3
116900036,7,125,-118
116900038,21,2,19
116900041,117,14,103
116900042,202,188,14
116900043,25,46,-21
116900045,285,119,166
116900047,16,258,-242
116900049,19,246,-227
116900050,89,302,-213
116900051,335,47,288
116900052,285,65,220
116900055,0,16,-16
116900057,30,109,-79
116900058,16,306,-290
116900059,0,75,-75
116900060,146,310,-164
116900062,1,11,-10
116900064,113,205,-92
116900065,17,113,-96
116900067,275,52,223
116900068,134,186,-52
116900070,11,8,3
116900072,63,145,-82
116900073,24,75,-51
116900074,17,47,-30
116900076,16,74,-58
116900077,15,47,-32
116900078,194,45,149
116900079,57,191,-134
116900080,17,20,-3
116900081,268,709,-441
116900082,235,1024,-789
116900083,5,25,-20
116900084,34,45,-11
116900085,25,55,-30
116900086,93,173,-80
116900088,363,66,297
116900090,34,11,23
116900091,536,67,469
116900092,157,402,-245
116900093,3817,1780,2037
116900094,3656,8053,-4397
116900095,256,542,-286
116900096,139,689,-550
116900097,1731,4965,-3234
116900098,868,562,306
116900099,297,1166,-869
116900100,1639,167,1472
116900101,200,662,-462
116900103,13,1,12
116900104,64,197,-133
116900105,466,261,205
116900106,3944,116,3828
116900107,1621,3807,-2186
116900110,29,1,28
116900111,1223,326,897
116900112,313,581,-268
116900113,1167,2679,-1512
116900116,51,1643,-1592
116900117,315,129,186
116900118,1519,1180,339
116900120,692,79,613
116900121,242,25,217
116900122,1724,262,1462
116900123,440,298,142
116900124,197,476,-279
116900125,840,138,702
116900126,83,811,-728
116900128,9,86,-77
116900129,0,180,-180
116900130,1233,6415,-5182
116900131,91,444,-353
116900132,107,122,-15
116900133,263,146,117
116900134,432,256,176
116900136,250,168,82
116900137,318,140,178
116900138,184,123,61
116900139,104,315,-211
116900140,246,72,174
116900141,516,188,328
116900142,2,86,-84
116900143,467,180,287
116900144,71,99,-28
116900145,143,167,-24
116900147,180,2530,-2350
116900148,6,53,-47
116900149,58,374,-316
116900150,29,12,17
116900151,120,48,72
116900153,181,107,74
116900154,168,622,-454
116900155,116,108,8
116900157,1144,64,1080
116900158,96,441,-345
116900159,105,674,-569
116900160,1302,1353,-51
116900161,5166,12469,-7303
116900162,43,101,-58
116900163,439,41,398
116900164,125,87,38
116900165,866,598,268
116900166,102,48,54
116900167,616,60,556
116900168,615,57,558
116900169,317,2478,-2161
116900170,966,599,367
116900171,67,147,-80
116900172,100,582,-482
116900173,414,11,403
116900174,107,133,-26
116900175,414,711,-297
116900178,66,80,-14
116900179,84,534,-450
116900180,109,19,90
116900182,1775,480,1295
116900183,291,115,176
116900185,70,79,-9
116900186,130,120,10
116900187,49,107,-58
116900188,152,16,136
116900189,41,3,38
116900191,289,450,-161
116900192,480,105,375
116900194,161,2350,-2189
116900195,61,34,27
116900196,43,30,13
116900197,153,8,145
116900198,74,547,-473
116900200,214,11,203
116900201,276,10,266
116900202,77,20,57
116900203,215,33,182
116900204,54,205,-151
116900206,15,4,11
116900207,59,36,23
116900208,9,76,-67
116900209,19,44,-25
116900210,949,442,507
116900211,372,5,367
116900212,165,13,152
116900213,387,144,243
116900214,352,221,131
116900215,88,55,33
116900216,446,239,207
116900218,3,316,-313
116900219,690,258,432
116900220,169,402,-233
116900221,260,334,-74
116900222,584,377,207
116900223,143,250,-107
116900226,250,60,190
116900227,306,42,264
116900228,518,169,349
116900230,84,177,-93
116900231,124,205,-81
116900232,41,215,-174
116900233,505,103,402
116900234,55,18,37
116900235,148,275,-127
116900238,811,222,589
116900239,10,1311,-1301
116900240,4458,4611,-153
116900241,256,72,184
116900242,512,1312,-800
116900243,10,54,-44
116900245,50,52,-2
116900246,263,14,249
116900247,1420,98,1322
116900248,137,31,106
116900249,722,70,652
116900250,723,57,666
116900251,447,1399,-952
116900252,241,554,-313
116900253,274,57,217
116900254,69,82,-13
116900255,213,192,21
116900256,822,147,675
116900257,30,138,-108
116900258,17,51,-34
116900259,535,32,503
116900260,2,58,-56
116900261,143,5,138
116900262,226,159,67
116900263,0,30,-30
116900264,0,11,-11
116900265,67,1,66
116900266,33,15,18
116900267,6,0,6
116900268,254,231,23
116900269,625,1216,-591
116900271,673,587,86
116900272,581,306,275
116900273,37,512,-475
116900274,189,32,157
116900275,414,58,356
116900276,449,364,85
116900277,232,42,190
116900278,4,9,-5
116900279,1,15,-14
116900280,53,14,39
116900281,3715,8426,-4711
116900282,16,33,-17
116900283,17,63,-46
116900284,20,105,-85
116900285,181,319,-138
116900286,185,28,157
116900287,4,7,-3
116900288,162,34,128
116900289,54,2,52
116900290,22,5,17
116900291,84,10,74
116900292,1,38,-37
116900293,101,6,95
116900294,18,177,-159
116900295,116,434,-318
116900296,23,299,-276
116900297,2,114,-112
116900298,51,261,-210
116900299,43,265,-222
116900300,7,231,-224
116900301,24,831,-807
116900302,12,155,-143
116900303,137,261,-124
116900304,0,287,-287
116900305,17,54,-37
116900306,336,32,304
117000001,4380,3721,659
117000002,2351,3710,-1359
117000003,7678,4670,3008
117000004,2509,5754,-3245
117000005,4775,2969,1806
117000006,1198,2150,-952
117000007,8452,1484,6968
117000008,1133,2594,-1461
117000009,5298,2161,3137
117000010,2037,2677,-640
117000011,3768,1628,2140
117000012,2298,959,1339
117000013,2903,1030,1873
117000014,1566,2493,-927
117000015,4048,1932,2116
117000016,385,505,-120
117000017,126,1296,-1170
117000018,107,1680,-1573
117000019,56,3,53
117000020,858,3795,-2937
117000021,2058,630,1428
117000022,175,749,-574
117000023,94,699,-605
117000024,184,1276,-1092
117000025,180,4326,-4146
117000026,2006,4645,-2639
117000027,1437,5255,-3818
117000028,1267,4258,-2991
117000030,293,468,-175
117000031,455,471,-16
117000032,1350,1262,88
117000033,2420,2590,-170
117000034,395,226,169
117000035,466,621,-155
117000036,575,247,328
117000037,366,263,103
117000038,283,516,-233
117000039,512,378,134
117000040,263,719,-456
117000041,1823,151,1672
117000044,9,559,-550
117000045,1110,208,902
117000046,431,709,-278
117000047,942,1096,-154
117000048,1671,862,809
117000049,136,974,-838
117000050,409,1419,-1010
117000051,4310,94,4216
117000052,72,197,-125
117000053,1184,29,1155
117000054,2490,9,2481
117000055,6,1358,-1352
117000056,1011,49,962
117000057,493,1650,-1157
117000060,582,1420,-838
117000061,3500,1684,1816
117000062,277,966,-689
117000063,3001,1194,1807
117000064,458,570,-112
117000066,715,878,-163
117000067,137,839,-702
117000074,37,166,-129
117000076,104,36,68
117000077,313,226,87
117000078,205,544,-339
117000079,627,319,308
117000080,0,507,-507
117000081,1390,239,1151
117000082,21,76,-55
117000083,202,13,189
117000084,280,3,277
117000085,555,1375,-820
117000086,993,316,677
117000087,82,634,-552
117000088,374,210,164
117000089,3134,243,2891
117000090,488,821,-333
117000091,1848,214,1634
117000092,688,824,-136
117000093,2746,762,1984
117000094,1323,1374,-51
117000095,5233,876,4357
117000096,913,1553,-640
117000097,3009,1302,1707
117000098,1908,2516,-608
117000099,6903,1328,5575
117000100,303,503,-200
117000101,153,741,-588
117000102,3461,734,2727
117000103,587,916,-329
117000104,2885,765,2120
117000105,663,1034,-371
117000106,3042,690,2352
117000107,632,1258,-626
117000108,4064,1325,2739
117000109,965,1736,-771
117000110,2865,2516,349
117000111,5645,4554,1091
117000112,5294,1767,3527
117000113,154,108,46
117000114,448,105,343
117000115,115,44,71
117000116,315,205,110
117000117,2156,1657,499
117000118,511,244,267
117000119,218,1077,-859
117000120,120,2659,-2539
117000121,51,1663,-1612
117000122,931,2021,-1090
117000123,3404,118,3286
117000124,118,241,-123
117000125,118,898,-780
117000126,54,30,24
117000127,203,673,-470
117000128,159,1804,-1645
117000129,169,354,-185
117000130,18,0,18
117000131,0,52,-52
117000132,5631,37,5594
117000133,3659,56,3603
117000134,0,206,-206
117000135,3,336,-333
117000136,0,66,-66
117000137,312,251,61
117000138,3,1264,-1261
117000140,375,962,-587
117000141,3688,622,3066
117000181,413,188,225
117000182,2759,1508,1251
117000195,240,925,-685
117000196,535,238,297
117000225,55,356,-301
117000226,7,357,-350
117000276,622,36,586
117000277,0,161,-161
117000310,1468,2867,-1399
117000315,301,968,-667
117000320,54,0,54
117000906,777,23,754
117000907,8,157,-149
117000908,4,441,-437
117000909,51,116,-65
117000910,326,185,141
117000911,77,173,-96
117000915,13,258,-245
117000916,151,14,137
117000917,2555,84,2471
117000918,253,87,166
117000919,42,41,1
117000920,4,1023,-1019
117000921,0,384,-384
117000922,29,68,-39
117000924,1250,598,652
117000926,951,561,390
117000927,335,1316,-981
117000928,0,123,-123
117000929,587,155,432
117000930,794,18,776
117000931,142,168,-26
117900002,72,1135,-1063
117900003,269,502,-233
117900005,11,273,-262
117900006,0,173,-173
117900007,251,78,173
117900008,0,17,-17
117900010,655,86,569
117900011,26,788,-762
117900012,131,70,61
117900013,1,171,-170
117900014,886,178,708
117900015,26,64,-38
117900016,982,1494,-512
117900017,1307,342,965
117900018,470,1366,-896
117900019,1346,210,1136
117900020,98,518,-420
117900021,90,122,-32
117900022,45,8,37
117900023,3315,137,3178
117900024,99,70,29
117900025,35,3,32
117900026,817,167,650
117900028,60,6,54
117900029,614,518,96
117900030,743,404,339
117900031,278,847,-569
117900032,1275,766,509
117900033,907,390,517
117900034,80,24,56
117900035,263,156,107
117900036,592,247,345
117900037,287,84,203
117900038,68,115,-47
117900039,1,35,-34
117900040,236,145,91
117900041,2,26,-24
117900042,3060,492,2568
117900043,3,28,-25
117900044,24,6004,-5980
117900045,305,179,126
117900048,534,118,416
117900049,442,349,93
117900050,9,866,-857
117900051,21,9,12
117900052,116,749,-633
117900053,2628,243,2385
117900054,1,13,-12
117900055,2561,400,2161
117900056,55,150,-95
117900057,1025,1122,-97
117900058,11,119,-108
117900059,156,128,28
117900060,4047,2325,1722
117900061,17,628,-611
117900063,711,212,499
117900065,341,1133,-792
117900066,13,170,-157
117900067,1405,145,1260
117900069,1451,312,1139
117900070,63,271,-208
117900071,223,154,69
117900073,1093,290,803
117900074,54,683,-629
117900075,170,66,104
117900076,39,105,-66
117900077,1055,154,901
117900078,689,889,-200
117900080,320,46,274
117900081,273,244,29
117900082,876,490,386
117900083,814,320,494
117900086,314,64,250
117900087,232,34,198
117900088,1306,1453,-147
117900089,3462,822,2640
117900090,931,422,509
117900091,133,80,53
117900092,222,40,182
117900093,195,48,147
117900094,61,41,20
117900095,577,579,-2
117900096,213,512,-299
117900097,360,50,310
117900098,94,12,82
117900099,261,598,-337
117900100,789,11,778
117900101,896,3293,-2397
117900102,152,29,123
117900103,128,10,118
117900104,9,344,-335
117900105,112,158,-46
117900106,220,62,158
117900107,93,2,91
117900109,1369,385,984
117900110,218,1,217
117900111,904,67,837
117900112,86,11,75
117900113,1492,2924,-1432
117900114,54,5,49
117900115,78,356,-278
117900116,879,713,166
117900117,1358,160,1198
117900118,220,4,216
117900119,479,91,388
117900120,926,68,858
117900121,141,208,-67
117900122,1035,8111,-7076
117900123,1380,348,1032
117900124,422,608,-186
117900125,1864,1786,78
117900126,192,382,-190
117900127,833,315,518
117900128,559,262,297
117900129,142,1,141
117900130,870,566,304
117900131,1,95,-94
117900132,24,121,-97
117900133,43,68,-25
117900134,66,282,-216
117900135,23,85,-62
117900136,0,10,-10
117900137,90,315,-225
117900138,0,7,-7
117900139,121,91,30
117900140,4596,955,3641
117900141,99,325,-226
117900142,24,601,-577
117900144,51,1718,-1667
117900145,12,199,-187
117900146,84,413,-329
117900147,154,133,21
117900148,3737,3464,273
117900149,132,105,27
117900150,65,179,-114
117900151,79,158,-79
117900152,111,167,-56
117900153,14,238,-224
117900154,888,568,320
117900156,610,624,-14
117900157,136,492,-356
117900158,540,144,396
117900160,1170,1031,139
117900161,1211,1211,0
117900162,1247,528,719
117900163,28,816,-788
117900165,0,6,-6
117900166,75,692,-617
117900168,88,156,-68
117900169,3,39,-36
117900170,18,27,-9
117900171,2,5,-3
117900172,20,4,16
117900173,93,210,-117
117900174,24,56,-32
117900175,17,19,-2
117900176,11,27,-16
117900177,29,24,5
117900178,120,35,85
117900180,321,72,249
117900181,55,640,-585
117900182,0,65,-65
117900183,112,162,-50
117900184,61,88,-27
117900185,109,21,88
117900186,75,30,45
117900187,49,17,32
117900188,204,46,158
117900189,139,29,110
117900190,39,3,36
117900191,127,2,125
117900192,291,1,290
117900193,47,74,-27
117900194,12,4,8
117900195,3,109,-106
117900196,37,42,-5
117900207,75,148,-73
117900208,47,36,11
117900209,194,73,121
117900210,211,118,93
117900211,17,91,-74
117900212,150,220,-70
117900213,68,3,65
117900214,10,22,-12
117900215,17,34,-17
117900216,16,75,-59
117900217,45,409,-364
117900218,35,117,-82
117900219,3,271,-268
117900220,19,600,-581
117900222,164,72,92
117900223,54,298,-244
118000001,806,2267,-1461
118000002,571,1559,-988
118000003,2338,5485,-3147
118000004,1424,4537,-3113
118000005,4215,5283,-1068
118000006,3008,7050,-4042
118000007,5814,10753,-4939
118000008,1389,5983,-4594
118000009,1786,3898,-2112
118000010,5328,4950,378
118000011,2500,1950,550
118000012,1247,1782,-535
118000013,2689,2553,136
118000014,2068,1437,631
118000016,414,291,123
118000017,1183,569,614
118000018,514,445,69
118000019,1451,2779,-1328
118000020,783,3908,-3125
118000021,712,4232,-3520
118000022,1269,1176,93
118000023,490,405,85
118000024,603,1854,-1251
118000027,10160,11654,-1494
118000029,516,1196,-680
118000032,236,3391,-3155
118000033,2743,7281,-4538
118000034,3813,5079,-1266
118000035,2434,3564,-1130
118000036,1062,1706,-644
118000037,964,1829,-865
118000038,831,147,684
118000039,115,142,-27
118000040,2145,1715,430
118000041,3818,1622,2196
118000045,357,289,68
118000046,1072,1936,-864
118000047,591,3684,-3093
118000048,1502,4234,-2732
118000051,1093,5244,-4151
118000052,529,2426,-1897
118000053,432,1003,-571
118000054,3405,988,2417
118000055,2699,1912,787
118000056,117,829,-712
118000057,188,358,-170
118000058,2452,5842,-3390
118000059,1783,3614,-1831
118000060,1537,689,848
118000061,1421,1337,84
118000062,526,380,146
118000063,425,1444,-1019
118000064,808,1761,-953
118000065,1892,1920,-28
118000066,1741,5041,-3300
118000067,512,653,-141
118000068,962,10312,-9350
118000069,1513,1719,-206
118000070,6393,2838,3555
118000071,4217,11442,-7225
118000072,799,3613,-2814
118000073,549,2047,-1498
118000074,699,556,143
118000075,563,382,181
118000076,2087,6596,-4509
118000077,1269,2493,-1224
118000078,2182,4090,-1908
118000079,318,805,-487
118000080,642,1376,-734
118000081,1803,2547,-744
118000082,467,1735,-1268
118000083,1688,2376,-688
118000084,2477,3399,-922
118000086,226,818,-592
118000087,4148,3080,1068
118000088,1320,2000,-680
118000089,4959,3703,1256
118000090,1190,4096,-2906
118000091,1267,5783,-4516
118000092,1145,847,298
118000093,89,882,-793
118000096,705,1061,-356
118000097,700,1011,-311
118000098,263,346,-83
118000099,1379,586,793
118000101,2571,435,2136
118000102,645,795,-150
118000107,3122,857,2265
118000108,801,4706,-3905
118000110,0,33,-33
118000111,3,124,-121
118000112,1099,4,1095
118000113,8,259,-251
118000114,941,13,928
118000115,12,6,6
118000116,32,1,31
118000117,792,1047,-255
118000118,1328,2394,-1066
118000119,1308,2249,-941
118000120,1392,1571,-179
118000121,18,599,-581
118000122,640,338,302
118000123,55,292,-237
118000125,1167,1474,-307
118000126,761,2639,-1878
118000127,1648,1310,338
118000128,312,2208,-1896
118000129,1982,1067,915
118000130,2344,3012,-668
118000131,315,805,-490
118000132,3947,2995,952
118000133,1892,781,1111
118000135,868,1404,-536
118000136,171,903,-732
118000137,605,129,476
118000138,498,346,152
118000139,657,62,595
118000140,4523,11051,-6528
118000141,4160,2298,1862
118000142,3655,2028,1627
118000143,4761,1874,2887
118000144,1100,604,496
118000145,1718,1297,421
118000146,1718,510,1208
118000147,1608,1117,491
118000148,915,1412,-497
118000149,1298,716,582
118000150,862,250,612
118000151,1248,435,813
118000153,2894,1257,1637
118000154,2032,1717,315
118000155,4224,1581,2643
118000156,3196,4448,-1252
118000157,910,484,426
118000158,353,586,-233
118000159,75,124,-49
118000160,1416,369,1047
118000161,1097,375,722
118000162,1841,1184,657
118000163,1459,1252,207
118000164,2828,1855,973
118000168,700,1521,-821
118000169,1064,913,151
118000170,3472,2977,495
118000171,590,570,20
118000172,138,203,-65
118000173,1100,2025,-925
118000175,314,402,-88
118000176,555,733,-178
118000177,603,934,-331
118000178,51,49,2
118000179,1062,1641,-579
118000180,1161,876,285
118000181,778,271,507
118000182,363,268,95
118000183,414,331,83
118000184,1778,605,1173
118000185,1024,2584,-1560
118000186,732,1889,-1157
118000187,3233,550,2683
118000188,1185,105,1080
118000189,1138,376,762
118000190,8,11,-3
118000191,20,31,-11
118000192,15,138,-123
118000193,26,288,-262
118000194,1956,875,1081
118000195,258,4312,-4054
118000196,169,580,-411
118000197,82,294,-212
118000198,427,1906,-1479
118000199,411,1253,-842
118000200,108,646,-538
118000201,254,1001,-747
118000202,52,345,-293
118000203,334,1290,-956
118000204,61,648,-587
118000205,76,388,-312
118000206,369,307,62
118000207,0,67,-67
118000208,1859,1829,30
118000209,3593,1150,2443
118000210,219,51,168
118000211,132,66,66
118000213,412,5216,-4804
118000214,419,1005,-586
118000215,641,136,505
118000216,7085,1941,5144
118000217,15,91,-76
118000218,142,60,82
118000219,395,258,137
118000220,5,50,-45
118000221,669,540,129
118000222,91,20,71
118000223,157,39,118
118000224,182,67,115
118000225,110,1782,-1672
118000226,1374,193,1181
118000227,964,512,452
118000228,78,599,-521
118000229,69,534,-465
118000230,215,228,-13
118000231,88,359,-271
118000232,1359,444,915
118000233,1759,781,978
118000234,826,233,593
118000236,444,489,-45
118000237,164,339,-175
118000238,384,220,164
118000239,443,323,120
118000240,185,127,58
118000241,296,223,73
118000242,642,257,385
118000243,402,191,211
118000244,64,58,6
118000246,2,49,-47
118000255,61,325,-264
118000256,183,219,-36
118000259,36,93,-57
118000260,357,91,266
118000261,89,38,51
118000263,129,177,-48
118000266,250,323,-73
118000267,0,334,-334
118000268,259,13,246
118000270,213,11,202
118000271,271,182,89
118000272,114,49,65
118000273,320,52,268
118000274,102,291,-189
118000276,775,364,411
118000295,18,107,-89
118000298,227,179,48
118000299,96,117,-21
118000301,0,133,-133
118000302,140,23,117
118000311,1259,132,1127
118000312,508,92,416
118000313,174,66,108
118000314,179,36,143
118000315,106,18,88
118000316,1239,423,816
118000325,142,22,120
118000326,91,24,67
118000331,71,24,47
118000332,9,20,-11
118000333,49,39,10
118000335,782,0,782
118000336,0,105,-105
118000407,430,47,383
118000457,9,158,-149
118000465,867,3834,-2967
118000480,59,58,1
118000489,3,664,-661
118000490,14,197,-183
118000492,542,198,344
118000510,61,26,35
118000514,101,1061,-960
118000515,652,1180,-528
118000517,561,142,419
118000524,164,551,-387
118000525,578,837,-259
118000530,68,219,-151
118000531,713,214,499
118000532,454,227,227
118000533,339,151,188
118000534,1125,386,739
118000535,469,138,331
118000536,124,873,-749
118000537,31,164,-133
118000538,29,142,-113
118000539,16,119,-103
118000540,245,249,-4
118000541,132,129,3
118000542,202,513,-311
118000543,303,349,-46
118000546,104,39,65
118000560,1305,3241,-1936
118000562,53,126,-73
118000563,1664,1004,660
118000576,282,70,212
118000577,175,196,-21
118000578,93,54,39
118000579,765,2447,-1682
118000595,295,101,194
118000596,0,573,-573
118000597,124,72,52
118000598,28,2,26
118000599,107,63,44
118000600,2,23,-21
118000601,54,0,54
118000602,0,15,-15
118000603,0,4,-4
118900001,554,1388,-834
118900002,762,1398,-636
118900003,927,19,908
118900004,65,22,43
118900005,88,14,74
118900006,295,15,280
118900007,2,2,0
118900008,1351,62,1289
118900009,113,143,-30
118900010,140,10,130
118900011,256,21,235
118900012,368,275,93
118900013,895,592,303
118900015,449,96,353
118900016,35,5,30
118900017,36,290,-254
118900018,1573,53,1520
118900019,9,16,-7
118900020,64,240,-176
118900021,137,610,-473
118900022,183,38,145
118900023,133,183,-50
118900024,179,259,-80
118900025,41,43,-2
118900026,106,37,69
118900027,439,212,227
118900028,233,158,75
118900029,333,634,-301
118900030,867,72,795
118900031,259,47,212
118900032,389,117,272
118900033,359,755,-396
118900034,251,43,208
118900035,99,96,3
118900036,1785,537,1248
118900037,362,760,-398
118900038,705,111,594
118900039,949,130,819
118900040,365,135,230
118900041,871,213,658
118900042,185,93,92
118900045,336,212,124
118900046,524,536,-12
118900047,391,469,-78
118900048,108,764,-656
118900049,108,40,68
118900050,85,5,80
118900051,84,180,-96
118900052,303,668,-365
118900053,18,127,-109
118900054,326,32,294
118900055,255,23,232
118900056,25,432,-407
118900057,1309,712,597
118900058,495,494,1
118900059,14,105,-91
118900060,96,76,20
118900062,376,112,264
118900064,234,790,-556
118900065,71,111,-40
118900066,121,82,39
118900067,3038,5934,-2896
118900068,2,339,-337
118900069,856,189,667
118900071,6,22,-16
118900072,755,440,315
118900073,386,127,259
118900074,364,128,236
118900075,129,28,101
118900076,228,193,35
118900077,489,176,313
118900078,17,3,14
118900079,75,106,-31
118900080,75,73,2
118900081,75,63,12
118900082,2113,231,1882
118900083,22,5,17
118900084,24,33,-9
118900085,770,466,304
118900086,62,145,-83
118900087,95,732,-637
118900088,0,4,-4
118900089,21,25,-4
118900090,682,222,460
118900091,98,350,-252
118900092,505,53,452
118900093,110,51,59
118900096,42,53,-11
118900097,303,602,-299
118900099,97,274,-177
118900100,86,271,-185
118900101,306,255,51
118900102,52,88,-36
118900103,51,237,-186
118900104,100,27,73
118900105,360,128,232
118900107,146,66,80
118900108,150,110,40
118900110,1284,1262,22
118900111,969,383,586
118900112,221,260,-39
118900113,124,261,-137
118900114,15,216,-201
118900115,105,480,-375
118900116,108,184,-76
118900117,149,169,-20
118900118,393,239,154
118900119,237,234,3
118900120,125,375,-250
118900121,56,89,-33
118900122,6,1445,-1439
118900123,208,290,-82
118900124,155,165,-10
118900126,62,633,-571
118900129,447,326,121
118900130,25,189,-164
118900131,508,199,309
118900132,453,237,216
118900133,11,163,-152
118900135,336,148,188
118900136,308,306,2
118900137,20,102,-82
118900139,309,200,109
118900140,765,487,278
118900141,137,98,39
118900144,195,212,-17
118900145,15,73,-58
118900146,573,618,-45
118900147,115,379,-264
118900148,94,63,31
118900150,104,614,-510
118900152,672,511,161
118900157,60,270,-210
118900158,206,48,158
118900159,1,96,-95
118900161,71,16,55
118900163,81,97,-16
118900164,2,47,-45
118900165,139,77,62
118900166,46,1,45
118900167,132,67,65
118900168,23,277,-254
118900169,196,158,38
118900170,414,29,385
118900171,76,39,37
118900174,144,56,88
118900175,865,562,303
118900176,355,353,2
118900177,169,33,136
118900178,115,126,-11
118900179,26,60,-34
118900181,148,84,64
118900182,37,103,-66
118900183,63,184,-121
118900184,332,150,182
118900185,190,75,115
118900186,106,170,-64
118900187,213,451,-238
118900188,354,304,50
118900189,42,1134,-1092
118900190,66,160,-94
118900191,439,38,401
118900192,443,10,433
118900193,1101,5,1096
118900195,248,437,-189
118900196,65,154,-89
118900197,461,36,425
118900198,34,2,32
118900199,128,33,95
118900200,50,43,7
118900201,41,91,-50
118900202,15,46,-31
118900203,34,3,31
118900204,25,13,12
118900205,1,2,-1
118900206,19,7,12
119000001,2144,3686,-1542
119000002,4935,6458,-1523
119000003,4872,967,3905
119000004,3658,2413,1245
119000005,2990,3594,-604
119000006,4708,2152,2556
119000007,5263,4734,529
119000008,2525,1852,673
119000009,3869,8594,-4725
119000010,4553,4818,-265
119000011,2902,3936,-1034
119000012,1364,4123,-2759
119000013,4274,2800,1474
119000014,1705,2870,-1165
119000019,466,188,278
119000020,3554,2408,1146
119000021,8203,5196,3007
119000022,1516,5613,-4097
119000023,249,278,-29
119000024,2579,24893,-22314
119000025,4169,1293,2876
119000026,81,988,-907
119000027,204,509,-305
119000028,2175,720,1455
119000029,84,433,-349
119000030,799,947,-148
119000031,1183,636,547
119000032,3427,2204,1223
119000033,2935,1256,1679
119000034,1965,759,1206
119000035,68,261,-193
119000036,3511,506,3005
119000037,2091,883,1208
119000038,284,417,-133
119000039,861,637,224
119000040,1242,1453,-211
119000041,989,2379,-1390
119000048,2748,1954,794
119000049,3829,1786,2043
119000050,1739,1565,174
119000051,2940,1221,1719
119000052,3751,3107,644
119000053,2627,1347,1280
119000054,4745,1786,2959
119000055,8301,2597,5704
119000056,5398,2155,3243
119000057,2617,1296,1321
119000058,2424,1322,1102
119000059,1407,1357,50
119000060,2323,1203,1120
119000061,1544,754,790
119000062,1390,1491,-101
119000063,983,593,390
119000064,1065,1135,-70
119000065,1677,4481,-2804
119000066,3059,1405,1654
119000067,2315,1700,615
119000068,2633,1025,1608
119000069,2424,1782,642
119000070,4636,724,3912
119000071,660,684,-24
119000072,5824,3635,2189
119000073,4954,12514,-7560
119000074,2229,1538,691
119000075,5515,2550,2965
119000076,277,1888,-1611
119000077,736,1199,-463
119000078,635,438,197
119000079,192,1126,-934
119000080,1048,268,780
119000081,395,1327,-932
119000082,1321,324,997
119000083,1047,559,488
119000084,477,621,-144
119000085,1192,110,1082
119000086,453,960,-507
119000087,1065,385,680
119000088,390,166,224
119000089,99,246,-147
119000090,185,90,95
119000091,152,366,-214
119000092,643,133,510
119000093,4583,2517,2066
119000094,5572,6843,-1271
119000095,3366,4238,-872
119000097,1961,1174,787
119000098,1864,5847,-3983
119000099,2986,1402,1584
119000100,6456,3981,2475
119000101,4646,2197,2449
119000102,608,1998,-1390
119000103,1237,981,256
119000104,1497,1042,455
119000105,1319,3953,-2634
119000106,592,674,-82
119000107,1745,728,1017
119000108,590,502,88
119000109,189,1555,-1366
119000110,387,1299,-912
119000111,43,1291,-1248
119000112,187,314,-127
119000113,1498,558,940
119000114,2181,1732,449
119000115,221,182,39
119000116,134,153,-19
119000117,193,455,-262
119000118,4,0,4
119000123,3284,4496,-1212
119000124,1341,189,1152
119000125,7491,508,6983
119000126,1439,370,1069
119000127,1301,404,897
119000128,19,2,17
119000131,1569,279,1290
119000132,3,5,-2
119000133,0,32,-32
119000134,1336,648,688
119000135,291,364,-73
119000136,645,82,563
119000137,461,175,286
119000138,1319,101,1218
119000139,325,90,235
119000140,593,397,196
119000284,1191,2104,-913
119000285,1979,1645,334
119000286,4397,3508,889
119000287,1585,1600,-15
119000288,2567,969,1598
119000289,1338,3297,-1959
119000290,306,294,12
119000291,80,262,-182
119000293,212,244,-32
119000294,63,53,10
119000295,1671,210,1461
119000296,444,155,289
119000302,1734,1430,304
119000303,22,323,-301
119000314,1813,18629,-16816
119000315,21,168,-147
119000316,316,61,255
119000317,195,74,121
119900001,199,2082,-1883
119900002,266,284,-18
119900003,35,409,-374
119900004,210,2864,-2654
119900005,422,68,354
119900006,235,508,-273
119900007,905,315,590
119900008,64,47,17
119900009,633,378,255
119900010,965,1670,-705
119900011,45,378,-333
119900012,32,206,-174
119900013,2624,2423,201
119900014,514,332,182
119900015,370,76,294
119900016,94,63,31
119900017,78,49,29
119900018,1212,1911,-699
119900019,99,12,87
119900020,116,180,-64
119900021,287,83,204
119900022,136,1719,-1583
119900023,431,3981,-3550
119900025,520,23,497
119900026,669,211,458
119900027,32,32,0
119900028,309,284,25
119900029,5,11,-6
119900030,786,355,431
119900031,135,1169,-1034
119900033,1900,425,1475
119900034,1077,58,1019
119900037,332,9,323
119900038,89,637,-548
119900039,68,46,22
119900040,146,23,123
119900041,322,31,291
119900042,104,185,-81
119900043,175,189,-14
119900044,205,1238,-1033
119900046,317,26,291
119900047,631,255,376
119900048,77,8,69
119900049,269,3,266
119900050,414,290,124
119900051,1257,12,1245
119900052,177,25,152
119900053,564,126,438
119900054,494,13,481
119900055,2251,470,1781
119900057,375,23,352
119900058,739,20,719
119900059,101,54,47
119900060,529,64,465
119900062,159,9,150
119900063,9,79,-70
119900064,1157,139,1018
119900065,333,9,324
119900066,1,1,0
119900067,183,20,163
119900068,1096,4,1092
119900069,227,15,212
119900070,1618,9,1609
119900071,1385,69,1316
119900073,1194,385,809
119900074,24,99,-75
119900075,1776,2302,-526
119900076,1220,191,1029
119900077,1692,366,1326
119900078,980,606,374
119900079,786,86,700
119900080,2660,754,1906
119900081,612,49,563
119900082,2981,332,2649
119900083,473,105,368
119900084,622,572,50
119900085,66,41,25
119900086,23,37,-14
119900087,486,1021,-535
119900088,33,25,8
119900089,152,206,-54
119900090,84,28,56
119900091,79,220,-141
119900092,54,296,-242
119900093,2320,259,2061
119900094,53,162,-109
119900095,160,108,52
119900096,24,107,-83
119900097,267,203,64
119900098,82,43,39
119900099,38,138,-100
119900100,579,3289,-2710
119900101,134,2334,-2200
119900102,89,140,-51
119900103,83,132,-49
119900104,76,154,-78
119900105,1032,8026,-6994
119900106,15,128,-113
119900107,269,1201,-932
119900108,6869,767,6102
119900109,39,124,-85
119900110,1199,375,824
119900111,232,81,151
119900112,685,871,-186
119900113,102,270,-168
119900114,460,529,-69
119900115,705,404,301
119900116,161,541,-380
119900117,579,415,164
119900118,227,272,-45
119900119,479,138,341
119900120,633,397,236
119900121,806,314,492
119900122,135,179,-44
119900123,208,443,-235
119900124,313,333,-20
119900125,54,240,-186
119900126,3583,258,3325
119900127,990,542,448
119900128,575,350,225
119900129,641,188,453
119900130,18,141,-123
119900131,77,82,-5
119900132,1,65,-64
119900133,233,85,148
119900134,644,114,530
119900135,0,173,-173
119900136,130,208,-78
119900138,205,368,-163
119900139,17,120,-103
119900140,10,163,-153
119900141,56,1315,-1259
119900142,41,40,1
119900143,52,408,-356
119900144,1126,214,912
119900145,128,125,3
119900146,200,203,-3
119900147,5,186,-181
119900148,570,56,514
119900149,606,7842,-7236
119900150,130,131,-1
119900151,2149,982,1167
119900152,349,161,188
119900153,324,83,241
119900154,98,169,-71
119900155,69,29,40
119900156,15,7,8
119900157,306,164,142
119900158,327,82,245
119900159,1,350,-349
119900160,60,97,-37
119900161,183,104,79
119900162,1577,1200,377
119900163,57,163,-106
119900164,0,1,-1
119900165,311,90,221
119900166,139,79,60
119900167,15,70,-55
119900168,1729,458,1271
119900169,51,373,-322
119900170,179,303,-124
119900171,1220,337,883
119900172,108,47,61
119900173,16,149,-133
119900174,2,127,-125
119900175,2652,391,2261
119900177,23,107,-84
119900178,12,92,-80
119900179,279,1121,-842
119900180,1454,1026,428
119900181,29,166,-137
119900182,10,118,-108
119900183,178,568,-390
119900184,716,418,298
119900185,93,381,-288
119900186,17,2216,-2199
119900187,10,197,-187
119900188,247,278,-31
119900189,232,346,-114
119900190,124,504,-380
119900191,245,529,-284
119900192,102,190,-88
119900193,903,158,745
119900194,48,98,-50
119900195,64,132,-68
119900196,395,177,218
119900197,513,266,247
119900198,185,274,-89
119900199,200,33,167
119900200,1063,604,459
119900201,281,147,134
119900202,60,343,-283
119900203,218,816,-598
119900204,484,305,179
119900205,1478,276,1202
119900206,526,131,395
119900208,138,203,-65
119900209,884,2563,-1679
119900210,72,35,37
119900211,101,14,87
119900212,520,315,205
119900213,10,69,-59
119900214,99,21,78
119900215,75,24,51
119900216,39,31,8
119900217,45,24,21
119900218,9,157,-148
119900219,10,53,-43
119900220,6,26,-20
119900221,121,90,31
119900222,44,80,-36
119900223,20,42,-22
119900224,21,9,12
119900225,326,38,288
119900226,293,2542,-2249
119900227,369,339,30
119900228,49,205,-156
119900229,203,442,-239
119900230,1206,304,902
119900231,524,90,434
119900232,301,145,156
119900233,96,13,83
119900234,21,194,-173
119900235,7,60,-53
119900236,26,165,-139
119900237,93,830,-737
119900238,2,101,-99
119900240,129,70,59
119900241,220,178,42
119900242,1811,1781,30
119900244,737,1038,-301
119900245,242,269,-27
119900246,275,704,-429
119900247,32,127,-95
119900248,71,612,-541
119900249,522,162,360
119900253,1141,455,686
119900254,100,1689,-1589
119900255,244,1433,-1189
119900256,1419,430,989
119900257,200,5,195
119900258,569,39,530
119900259,12,55,-43
119900260,401,18,383
119900261,753,168,585
119900262,4,102,-98
119900263,1947,295,1652
119900264,277,76,201
119900265,1132,270,862
119900266,746,205,541
119900267,228,326,-98
119900268,231,101,130
119900269,2701,481,2220
119900271,66,116,-50
119900272,278,510,-232
119900275,215,8,207
119900276,123,12,111
119900277,20,5,15
119900278,332,98,234
119900279,90,328,-238
119900280,508,137,371
119900281,1,507,-506
119900282,55,203,-148
119900283,17,91,-74
119900284,90,152,-62
119900285,74,288,-214
119900286,1,28,-27
119900288,7,2,5
119900289,2,4,-2
119900290,4,1,3
119900291,0,68,-68
119900292,85,78,7
119900293,49,85,-36
119900294,53,48,5
119900295,21,8,13
119900296,149,51,98
119900297,3,15,-12
119900298,5,27,-22
119900299,89,78,11
119900300,327,216,111
119900301,69,208,-139
119900302,84,173,-89
119900303,539,130,409
119900304,326,16,310
119900305,13,86,-73
119900306,42,5,37
119900307,108,49,59
119900308,10,6,4
119900309,63,342,-279
119900310,370,316,54
119900311,227,55,172
119900312,288,74,214
119900313,326,232,94
119900314,342,545,-203
119900315,3203,986,2217
119900318,19,90,-71
119900319,29,130,-101
119900320,346,306,40
119900321,221,10,211
119900322,1,4,-3
119900323,0,1,-1
119900324,0,1,-1
119900325,0,2,-2
120000001,10609,36636,-26027
120000002,3301,2880,421
120000003,2804,1609,1195
120000004,3190,1275,1915
120000005,2694,1696,998
120000006,1601,1118,483
120000007,3029,5802,-2773
120000008,1116,1379,-263
120000009,1708,960,748
120000010,2680,2483,197
120000011,1325,1485,-160
120000012,2063,2437,-374
120000013,4889,3088,1801
120000014,1048,1572,-524
120000015,3503,1733,1770
120000016,5738,2745,2993
120000017,6239,4629,1610
120000018,4299,23256,-18957
120000019,1436,2191,-755
120000020,3299,5117,-1818
120000021,2256,2801,-545
120000022,3382,4977,-1595
120000023,1950,1990,-40
120000024,1564,2962,-1398
120000025,4070,2078,1992
120000026,4865,2397,2468
120000027,3647,2890,757
120000028,1333,4762,-3429
120000029,1341,4207,-2866
120000030,237,1160,-923
120000031,2836,7249,-4413
120000032,5407,3547,1860
120000033,5526,1697,3829
120000034,4134,1164,2970
120000035,4774,2250,2524
120000036,5126,6953,-1827
120000037,812,2512,-1700
120000038,5626,4129,1497
120000039,1005,1037,-32
120000040,90,1507,-1417
120000041,655,1570,-915
120000042,2872,1526,1346
120000043,6950,1169,5781
120000044,9187,1737,7450
120000045,11846,1037,10809
120000046,7234,4799,2435
120000047,579,14697,-14118
120000048,9052,5578,3474
120000049,5064,4005,1059
120000050,4665,5732,-1067
120000051,2883,5521,-2638
120000052,8263,1588,6675
120000053,1725,1692,33
120000054,1623,2664,-1041
120000055,1949,3494,-1545
120000056,6674,4357,2317
120000057,6050,2117,3933
120000058,1854,3417,-1563
120000059,18,2291,-2273
120000061,94,614,-520
120000062,164,456,-292
120000063,834,1916,-1082
120000064,457,711,-254
120000065,503,1117,-614
120000066,446,544,-98
120000067,27,398,-371
120000068,256,354,-98
120000069,990,469,521
120000070,238,399,-161
120000071,1380,69,1311
120000072,1486,484,1002
120000073,1640,169,1471
120000074,165,244,-79
120000075,1969,761,1208
120000076,3733,522,3211
120000077,4076,839,3237
120000078,3719,1624,2095
120000079,417,210,207
120000080,181,275,-94
120000081,402,196,206
120000082,451,281,170
120000083,106,946,-840
120000084,367,514,-147
120000085,307,517,-210
120000086,218,306,-88
120000087,333,286,47
120000088,1103,1029,74
120000089,1639,450,1189
120000090,1275,462,813
120000091,1819,770,1049
120000092,1830,530,1300
120000093,1227,707,520
120000094,438,1219,-781
120000095,1297,359,938
120000096,522,418,104
120000098,1412,383,1029
120000099,542,515,27
120000100,1018,767,251
120000101,1060,621,439
120000102,1198,1439,-241
120000103,2016,1372,644
120000104,3432,598,2834
120000105,4800,598,4202
120000106,4718,668,4050
120000107,8433,675,7758
120000108,3022,185,2837
120000109,2049,82,1967
120000110,93,688,-595
120000111,153,632,-479
120000112,757,1533,-776
120000113,587,1244,-657
120000114,680,1315,-635
120000115,384,1398,-1014
120000116,637,1279,-642
120000117,525,1094,-569
120000118,49,80,-31
120000119,34,59,-25
120000120,216,223,-7
120000121,23,57,-34
120000122,255,1009,-754
120000123,2709,13325,-10616
120000124,604,560,44
120000125,1396,585,811
120000126,522,2251,-1729
120000127,1296,2675,-1379
120000128,2477,6468,-3991
120000129,251,255,-4
120000130,1186,576,610
120000131,674,770,-96
120000134,482,311,171
120000135,1542,680,862
120000137,426,362,64
120000138,2707,227,2480
120000139,538,223,315
120000140,2137,205,1932
120000141,459,261,198
120000142,1397,350,1047
120000143,1,89,-88
120000144,216,7,209
120000145,1083,4,1079
120000146,1152,1952,-800
120000149,682,721,-39
120000150,2361,16145,-13784
120000151,632,434,198
120000152,1467,119,1348
120000153,1103,520,583
120000154,915,691,224
120000155,288,501,-213
120000156,413,3049,-2636
120000157,1478,548,930
120000158,1548,757,791
120000159,2145,2225,-80
120000160,2977,2455,522
120000161,4529,2934,1595
120000162,223,392,-169
120000163,1301,620,681
120000164,1209,179,1030
120000165,1241,423,818
120000166,2310,279,2031
120000167,636,488,148
120000168,19,1513,-1494
120000169,103,3950,-3847
120000170,42,3798,-3756
120000171,36,1499,-1463
120000172,7,777,-770
120000173,371,3497,-3126
120000174,55,117,-62
120000175,60,121,-61
120000176,26,114,-88
120000177,870,126,744
120000178,15,48,-33
120000179,42,96,-54
120000180,115,140,-25
120000181,174,3136,-2962
120000182,95,1470,-1375
120000183,8,1053,-1045
120000184,328,2516,-2188
120000186,46,2700,-2654
120000187,25,1051,-1026
120000188,35,1358,-1323
120000190,123,172,-49
120000191,167,178,-11
120000192,113,40,73
120000193,83,8,75
120000195,19,1,18
120000196,41,17,24
120000197,17,22,-5
120000198,572,32,540
120000199,573,1,572
120000200,501,7,494
120000201,43,98,-55
120000202,2,67,-65
120000203,222,140,82
120000207,3,27,-24
120000208,25,59,-34
120000209,7,31,-24
120000210,87,54,33
120000211,493,6,487
120000212,459,3,456
120000213,412,137,275
120000214,0,107,-107
120000215,8,107,-99
120000216,379,52,327
120000217,357,1021,-664
120000218,52,537,-485
120000219,8,334,-326
120000220,2,866,-864
120000225,3930,6,3924
120000226,993,14,979
120000227,1513,245,1268
120000228,16828,6248,10580
120000230,831,52,779
120000231,3143,948,2195
120000233,857,10,847
120000235,553,355,198
120000236,2332,1,2331
120000237,0,675,-675
120000238,3,1651,-1648
120000241,1897,6380,-4483
120000412,278,7,271
120000413,706,140,566
120000414,340,2,338
120000415,1,18,-17
120000416,129,2,127
120000417,12,42,-30
120000418,454,26,428
120000419,20,86,-66
120000420,26,23,3
120000421,8346,4901,3445
120000422,212,3162,-2950
120000423,7,130,-123
120000424,324,68,256
120000436,112,1324,-1212
120000437,80,138,-58
120000438,1802,318,1484
120000439,441,926,-485
120000443,162,2,160
120000444,2482,406,2076
120000445,2925,1345,1580
120000446,1649,163,1486
120000447,559,1,558
120000449,412,5,407
120000450,3,90,-87
120000451,194,194,0
120000452,498,2,496
120000453,0,66,-66
120000454,86,89,-3
120000455,128,51,77
120000456,3726,7000,-3274
120000457,540,462,78
120000458,502,475,27
120000459,281,147,134
120000665,333,454,-121
120000668,146,4638,-4492
120000669,348,170,178
120000670,92,3113,-3021
120000671,3442,972,2470
120000672,78,469,-391
120900001,131,84,47
120900002,148,1157,-1009
120900003,301,26,275
120900004,15,293,-278
120900005,168,391,-223
120900006,1148,369,779
120900007,405,65,340
120900008,787,619,168
120900009,334,16,318
120900010,1012,322,690
120900011,72,346,-274
120900012,63,1953,-1890
120900013,662,160,502
120900014,2,422,-420
120900015,1350,145,1205
120900016,2582,151,2431
120900017,2383,275,2108
120900018,358,224,134
120900019,760,695,65
120900020,708,1540,-832
120900021,1066,285,781
120900022,17,247,-230
120900023,646,42,604
120900024,2218,511,1707
120900025,1276,1363,-87
120900026,194,218,-24
120900027,1017,37,980
120900028,958,311,647
120900029,79,1400,-1321
120900030,3729,1055,2674
120900031,686,220,466
120900032,2233,79,2154
120900033,2252,154,2098
120900034,50,5049,-4999
120900035,147,139,8
120900037,502,26,476
120900038,223,710,-487
120900039,180,120,60
120900040,804,19,785
120900041,38,25,13
120900042,1207,39,1168
120900043,172,55,117
120900044,60,642,-582
120900045,133,50,83
120900046,1241,2,1239
120900047,311,291,20
120900048,406,55,351
120900049,1135,4,1131
120900050,1188,3584,-2396
120900051,604,123,481
120900052,1503,11,1492
120900053,876,39,837
120900054,986,368,618
120900055,975,3,972
120900056,1431,48,1383
120900057,504,30,474
120900058,1236,5,1231
120900059,287,8,279
120900060,151,24,127
120900061,300,194,106
120900062,561,8,553
120900063,1916,29,1887
120900064,1331,6,1325
120900065,1445,11,1434
120900066,984,202,782
120900067,404,136,268
120900068,734,0,734
120900069,786,19,767
120900071,104,5,99
120900072,2018,14,2004
120900073,1665,45,1620
120900074,1945,59,1886
120900076,765,0,765
120900077,1608,265,1343
120900078,1602,308,1294
120900079,2152,86,2066
120900080,1903,498,1405
120900081,1994,360,1634
120900082,318,547,-229
120900083,155,30,125
120900084,860,871,-11
120900085,89,127,-38
120900086,57,861,-804
120900087,721,431,290
120900088,317,1217,-900
120900089,1617,5391,-3774
120900090,513,17,496
120900091,568,1294,-726
120900092,335,304,31
120900093,1094,127,967
120900094,248,169,79
120900095,484,32,452
120900096,110,167,-57
120900097,811,528,283
120900098,86,192,-106
120900099,115,69,46
120900100,112,287,-175
120900101,197,152,45
120900102,83,88,-5
120900103,134,231,-97
120900104,12,60,-48
120900105,41,252,-211
120900106,481,230,251
120900107,135,153,-18
120900108,27,214,-187
120900109,44,299,-255
120900110,32,271,-239
120900111,205,276,-71
120900112,59,276,-217
120900113,25,296,-271
120900114,88,129,-41
120900115,216,349,-133
120900116,974,224,750
120900117,18,138,-120
120900118,34,245,-211
120900119,14734,3376,11358
120900120,92,306,-214
120900121,39,304,-265
120900122,1586,188,1398
120900123,21,120,-99
120900124,2,160,-158
120900125,7,437,-430
120900126,637,560,77
120900127,23,180,-157
120900128,466,909,-443
120900129,9,141,-132
120900130,66,329,-263
120900131,177,176,1
120900132,2020,172,1848
120900133,35,331,-296
120900134,224,245,-21
120900135,2,260,-258
120900136,91,183,-92
120900137,639,120,519
120900138,12,179,-167
120900139,2,249,-247
120900140,10,206,-196
120900141,497,175,322
120900142,8,125,-117
120900143,2,287,-285
120900144,0,35,-35
120900145,212,380,-168
120900146,0,282,-282
120900147,2,398,-396
120900148,230,127,103
120900149,15,107,-92
120900150,128,249,-121
120900151,1,158,-157
120900152,14,14,0
120900153,0,0,0
120900154,0,91,-91
120900155,380,290,90
120900156,133,145,-12
120900157,3,5,-2
120900158,105,181,-76
120900159,0,45,-45
120900160,39,482,-443
120900161,108,393,-285
120900162,65,941,-876
120900163,283,3108,-2825
120900164,1,143,-142
120900165,4,431,-427
120900166,72,1173,-1101
120900167,290,95,195
120900169,156,172,-16
120900170,366,6592,-6226
120900171,368,169,199
120900172,196,4109,-3913
120900173,7,27,-20
120900174,19,125,-106
120900175,174,135,39
120900176,25,559,-534
120900177,2,2537,-2535
120900178,1,1221,-1220
120900179,275,324,-49
120900180,68,301,-233
120900181,67,45,22
120900182,61,154,-93
120900183,850,142,708
120900184,339,86,253
120900185,922,1946,-1024
120900186,0,162,-162
120900187,911,1033,-122
120900188,428,22,406
120900189,154,5299,-5145
120900190,348,5,343
120900191,101,13,88
120900192,5305,20311,-15006
120900194,163,149,14
120900195,140,214,-74
120900196,715,52,663
120900197,1111,257,854
120900198,155,436,-281
120900199,601,1276,-675
120900200,48,161,-113
120900201,313,125,188
120900202,0,90,-90
120900203,56,71,-15
120900204,114,209,-95
120900205,82,11,71
120900206,89,60,29
121000001,648,2204,-1556
121000002,3117,2665,452
121000003,5410,2477,2933
121000004,3082,4468,-1386
121000005,2125,3147,-1022
121000006,4479,4152,327
121000007,2836,7872,-5036
121000008,5235,7987,-2752
121000009,4829,10565,-5736
121000010,7770,9622,-1852
121000011,8030,14193,-6163
121000012,15437,9804,5633
121000013,7606,8777,-1171
121000014,7132,5960,1172
121000015,6270,10998,-4728
121000016,5087,5146,-59
121000017,3318,2424,894
121000018,4560,2406,2154
121000019,9673,9426,247
121000020,12592,19739,-7147
121000021,2324,2203,121
121000022,3558,4436,-878
121000023,3159,1526,1633
121000024,5855,6195,-340
121000025,463,1829,-1366
121000026,505,195,310
121000027,2144,1792,352
121000028,1204,1087,117
121000029,1186,753,433
121000030,945,634,311
121000031,609,928,-319
121000032,252,248,4
121000034,483,488,-5
121000035,215,218,-3
121000036,1085,1637,-552
121000037,788,2018,-1230
121000038,413,1329,-916
121000039,335,508,-173
121000041,643,738,-95
121000042,318,594,-276
121000043,626,900,-274
121000044,1737,1620,117
121000045,668,264,404
121000046,1171,1106,65
121000047,90,107,-17
121000049,1260,843,417
121000050,356,2911,-2555
121000051,956,424,532
121000052,750,1679,-929
121000053,417,228,189
121000054,72,666,-594
121000055,1063,4308,-3245
121000056,1144,1772,-628
121000057,284,871,-587
121000058,282,260,22
121000059,4616,1810,2806
121000060,847,1691,-844
121000061,103,603,-500
121000062,227,966,-739
121000063,1059,1525,-466
121000064,952,1572,-620
121000065,232,1232,-1000
121000066,779,1860,-1081
121000067,458,1229,-771
121000068,643,753,-110
121000069,186,2012,-1826
121000070,1781,1852,-71
121000071,2025,2517,-492
121000072,1176,1487,-311
121000073,1273,2180,-907
121000074,98,359,-261
121000075,17,241,-224
121000076,441,435,6
121000077,210,224,-14
121000078,89,268,-179
121000080,2799,865,1934
121000081,5098,5176,-78
121000082,142,555,-413
121000083,106,202,-96
121000084,207,354,-147
121000085,493,635,-142
121000086,1360,842,518
121000087,141,359,-218
121000088,921,812,109
121000089,230,961,-731
121000090,257,568,-311
121000091,1452,1214,238
121000092,332,69,263
121000093,387,295,92
121000094,481,1282,-801
121000095,233,1598,-1365
121000096,6903,3922,2981
121000097,532,4230,-3698
121000098,798,496,302
121000099,1038,686,352
121000100,1138,143,995
121000101,611,267,344
121000102,534,129,405
121000103,313,144,169
121000104,363,70,293
121000105,599,124,475
121000106,485,228,257
121000107,2462,3362,-900
121000109,1539,1071,468
121000110,245,1020,-775
121000114,6222,3269,2953
121000115,5547,1148,4399
121000116,479,1815,-1336
121000117,373,358,15
121000118,2109,323,1786
121000119,402,333,69
121000120,646,387,259
121000121,667,2293,-1626
121000123,1291,578,713
121000126,70,662,-592
121000127,214,132,82
121000128,1327,201,1126
121000129,1371,376,995
121000130,803,626,177
121000131,1346,1298,48
121000132,802,1641,-839
121000135,482,894,-412
121000136,1057,1879,-822
121000137,1075,497,578
121000138,775,2283,-1508
121000139,345,800,-455
121000141,360,411,-51
121000142,825,979,-154
121000143,218,30,188
121000144,663,1337,-674
121000145,858,1184,-326
121000146,1488,1922,-434
121000147,1416,881,535
121000148,1230,1156,74
121000149,2836,3888,-1052
121000152,369,384,-15
121000153,2048,674,1374
121000154,1984,827,1157
121000155,3350,1640,1710
121000156,453,1557,-1104
121000157,922,1720,-798
121000158,344,402,-58
121000159,357,479,-122
121000160,469,462,7
121000161,373,453,-80
121000162,235,122,113
121000165,1933,2903,-970
121000166,31,574,-543
121000168,684,311,373
121000169,117,169,-52
121000170,395,87,308
121000171,76,291,-215
121000172,1440,1373,67
121000173,2449,2077,372
121000174,971,978,-7
121000175,2566,737,1829
121000176,616,361,255
121000177,948,677,271
121000178,89,123,-34
121000179,31,103,-72
121000181,526,498,28
121000182,326,599,-273
121000183,95,277,-182
121000184,49,349,-300
121000185,73,643,-570
121000186,342,1040,-698
121000187,356,111,245
121000188,442,157,285
121000192,1156,706,450
121000193,1025,525,500
121000194,2166,2519,-353
121000195,307,1556,-1249
121000196,943,564,379
121000197,150,2485,-2335
121000198,190,385,-195
121000199,204,423,-219
121000200,918,314,604
121000201,7,330,-323
121000202,898,341,557
121000203,931,2328,-1397
121000204,4587,1137,3450
121000205,122,406,-284
121000206,157,190,-33
121000207,2955,883,2072
121000208,3,201,-198
121000209,992,110,882
121000210,1128,292,836
121000211,630,210,420
121000212,716,533,183
121000213,22386,4236,18150
121000214,1209,2999,-1790
121000215,983,3105,-2122
121000216,751,854,-103
121000217,4903,4606,297
121000218,488,2997,-2509
121000219,2149,1140,1009
121000220,187,111,76
121000221,212,737,-525
121000222,4371,3952,419
121000223,238,1296,-1058
121000224,106,858,-752
121000225,676,4926,-4250
121000226,1224,2267,-1043
121000227,28,209,-181
121000228,54,915,-861
121000229,743,802,-59
121000230,61,3008,-2947
121000231,2012,29,1983
121000232,750,490,260
121000233,761,370,391
121000234,47,129,-82
121000235,75,75,0
121000236,11,131,-120
121000237,21,25,-4
121000238,19,118,-99
121000239,117,5,112
121000240,18,208,-190
121000241,176,21,155
121000242,73,725,-652
121000243,212,61,151
121000244,6,137,-131
121000245,53,22,31
121000246,1,201,-200
121000247,219,5,214
121000248,634,2026,-1392
121000249,68,365,-297
121000250,812,473,339
121000251,36,288,-252
121000252,188,175,13
121000253,467,389,78
121000254,1131,217,914
121000255,196,367,-171
121000256,465,291,174
121000257,29,160,-131
121000258,97,269,-172
121000259,38,108,-70
121000260,65,121,-56
121000261,104,188,-84
121000262,2549,596,1953
121000263,686,578,108
121000271,1700,2619,-919
121000273,50,12,38
121000274,43,128,-85
121000275,11,22,-11
121000276,50,65,-15
121000278,62,64,-2
121000279,54,68,-14
121000280,57,69,-12
121000289,732,36,696
121000290,2174,2107,67
121000294,391,42,349
121000297,518,1543,-1025
121000299,130,1872,-1742
121000300,2496,1290,1206
121000302,20,1112,-1092
121000303,703,305,398
121000304,752,124,628
121000305,342,130,212
121000306,259,422,-163
121000308,134,387,-253
121000309,360,668,-308
121000310,174,414,-240
121000311,88,481,-393
121000312,726,653,73
121000313,485,438,47
121000314,37,68,-31
121000315,25,67,-42
121000530,2665,2728,-63
121000531,2821,1954,867
121000532,7716,9556,-1840
121000533,4486,4934,-448
121000918,33,64,-31
121000919,28,92,-64
121000938,133,249,-116
121000939,56,292,-236
121000956,2448,1608,840
121000957,5,42,-37
121000958,15,272,-257
121000959,1786,338,1448
121000960,2023,1363,660
121000961,448,87,361
121000962,1396,571,825
121000973,2,283,-281
121000976,11,163,-152
121000979,654,181,473
121000981,519,122,397
121000982,432,213,219
121000983,611,258,353
121000984,13,104,-91
121000985,1232,369,863
121000986,776,103,673
121000987,312,669,-357
121000988,1625,150,1475
121001302,313,215,98
121001308,0,78,-78
121001309,33,374,-341
121001313,276,66,210
121001314,1557,2234,-677
121001315,7719,4787,2932
121900001,172,482,-310
121900002,29,48,-19
121900003,510,35,475
121900004,62,758,-696
121900005,38,14,24
121900006,200,29,171
121900007,2703,2429,274
121900008,87,425,-338
121900009,1921,28,1893
121900010,319,0,319
121900011,462,315,147
121900012,4,0,4
121900013,316,108,208
121900014,2847,411,2436
121900015,196,184,12
121900016,12,83,-71
121900017,772,1642,-870
121900018,631,12,619
121900019,805,327,478
121900020,73,6,67
121900021,1472,32,1440
121900022,307,355,-48
121900023,244,553,-309
121900024,589,74,515
121900025,886,650,236
121900026,461,114,347
121900027,591,458,133
121900028,333,15,318
121900029,160,405,-245
121900030,525,743,-218
121900031,1458,8832,-7374
121900032,206,112,94
121900033,171,500,-329
121900034,359,213,146
121900035,6533,4528,2005
121900036,158,620,-462
121900037,177,1408,-1231
121900038,95,140,-45
121900039,316,77,239
121900040,80,101,-21
121900041,98,466,-368
121900042,540,299,241
121900043,2,9,-7
121900044,50,48,2
121900046,268,477,-209
121900047,248,114,134
121900048,116,107,9
121900050,47,154,-107
121900051,246,428,-182
121900052,257,51,206
121900053,579,434,145
121900054,306,1919,-1613
121900055,20,15,5
121900058,559,538,21
121900059,478,254,224
121900060,114,742,-628
121900061,277,211,66
121900062,173,132,41
121900063,2020,715,1305
121900064,489,842,-353
121900066,192,27,165
121900067,88,28,60
121900069,204,220,-16
121900070,138,400,-262
121900071,998,382,616
121900072,68,192,-124
121900073,279,435,-156
121900074,481,847,-366
121900075,439,1304,-865
121900076,682,1054,-372
121900077,36,9,27
121900078,273,48,225
121900079,6,0,6
121900080,1336,392,944
121900082,100,128,-28
121900084,41,22,19
121900085,2,8,-6
121900086,50,71,-21
121900087,118,202,-84
121900088,1454,3426,-1972
121900089,460,200,260
121900090,30,24,6
121900091,139,20,119
121900092,193,165,28
121900093,116,89,27
121900094,20,12,8
121900095,513,189,324
121900096,1648,1016,632
121900097,1123,260,863
121900098,7,4,3
121900099,442,38,404
121900100,80,322,-242
121900101,152,222,-70
121900102,4,113,-109
121900103,658,412,246
121900104,2771,634,2137
121900105,349,223,126
121900106,7,11,-4
121900107,186,41,145
121900108,6,28,-22
121900109,311,318,-7
121900110,1197,518,679
121900111,713,489,224
121900112,226,377,-151
121900113,131,605,-474
121900114,171,113,58
121900117,175,277,-102
121900118,3411,947,2464
121900119,176,50,126
121900120,94,1157,-1063
121900121,512,25,487
121900122,53,71,-18
121900123,375,569,-194
121900124,424,245,179
121900125,3496,1966,1530
121900127,3,156,-153
121900128,89,85,4
121900129,238,259,-21
121900130,124,351,-227
121900131,364,127,237
121900132,77,83,-6
121900133,31,710,-679
121900134,20,779,-759
121900135,6747,672,6075
121900136,557,452,105
121900137,49,339,-290
121900138,114,383,-269
121900139,452,5317,-4865
121900140,71,150,-79
121900141,95,54,41
121900142,131,56,75
121900143,29,232,-203
121900144,160,1153,-993
121900145,308,398,-90
121900146,642,923,-281
121900147,89,478,-389
121900148,309,516,-207
121900149,434,610,-176
121900150,103,244,-141
121900151,122,519,-397
121900152,200,111,89
121900153,32,344,-312
121900154,9,509,-500
121900155,4,271,-267
121900156,145,174,-29
121900157,6,597,-591
121900158,83,187,-104
121900159,2,275,-273
121900160,69,460,-391
121900161,278,966,-688
121900162,105,224,-119
121900163,756,238,518
121900164,352,515,-163
121900165,259,223,36
121900166,163,286,-123
121900167,114,128,-14
121900168,133,205,-72
121900169,10,330,-320
121900170,4,206,-202
121900171,1290,1192,98
121900172,797,528,269
121900173,921,448,473
121900174,90,61,29
121900175,111,600,-489
121900176,627,2536,-1909
121900177,118,97,21
121900178,53,73,-20
121900179,516,426,90
121900180,1962,8057,-6095
121900182,834,935,-101
121900183,494,2481,-1987
121900184,28,2223,-2195
121900186,17,757,-740
121900187,18,193,-175
121900188,1195,270,925
121900189,135,91,44
121900190,347,562,-215
121900191,86,443,-357
121900192,297,3220,-2923
121900193,69,339,-270
121900194,14,506,-492
121900195,20,106,-86
121900196,1009,1352,-343
121900197,345,1527,-1182
121900198,4836,2971,1865
121900199,11,96,-85
121900200,26,219,-193
121900201,963,960,3
121900202,204,1111,-907
121900203,118,2349,-2231
121900204,1682,1721,-39
121900205,24,207,-183
121900206,23,184,-161
121900207,45,85,-40
121900208,182,724,-542
121900209,143,86,57
121900210,3134,1970,1164
121900211,33,174,-141
121900212,32,180,-148
121900213,533,48,485
121900214,4,711,-707
121900215,68,271,-203
121900216,46,557,-511
121900217,263,340,-77
121900218,197,1162,-965
121900220,187,33,154
121900221,524,750,-226
121900222,378,141,237
121900223,274,175,99
121900224,169,141,28
121900225,131,278,-147
121900226,339,57,282
121900227,514,2007,-1493
121900228,166,199,-33
121900230,88,537,-449
121900231,83,1837,-1754
121900232,167,558,-391
121900233,495,266,229
121900234,540,289,251
121900235,873,228,645
121900236,369,232,137
121900237,211,767,-556
121900238,201,437,-236
121900239,234,57,177
121900240,261,248,13
121900241,124,48,76
121900242,16,1,15
121900243,32,2,30
121900244,48,8,40
121900245,454,83,371
121900246,9437,553,8884
121900247,515,218,297
121900248,1983,1046,937
121900250,183,670,-487
121900251,868,43,825
121900252,617,226,391
121900253,52,1404,-1352
121900254,456,698,-242
121900255,750,181,569
121900258,6400,2101,4299
121900259,166,738,-572
121900260,228,138,90
121900261,172,1070,-898
121900262,1142,1895,-753
121900263,359,252,107
121900264,1016,1188,-172
121900265,503,178,325
121900266,877,102,775
121900267,110,65,45
121900269,261,1271,-1010
121900270,78,296,-218
121900271,26,245,-219
121900273,650,2481,-1831
121900274,486,431,55
121900277,413,2082,-1669
121900278,139,2522,-2383
121900279,225,321,-96
121900280,146,909,-763
121900281,165,651,-486
121900284,68,2,66
121900286,257,149,108
121900287,32,48,-16
121900290,335,2027,-1692
121900291,517,1590,-1073
121900292,264,178,86
121900293,847,6374,-5527
121900294,484,14,470
121900295,223,128,95
121900296,104,423,-319
121900298,176,1535,-1359
121900299,0,7,-7
121900300,105,7,98
121900301,52,1,51
121900302,13,278,-265
121900303,296,958,-662
121900304,1,14,-13
121900305,6,15,-9
121900306,435,3,432
121900307,236,6,230
121900308,9,123,-114
121900309,7,83,-76
121900310,15,111,-96
121900311,889,50,839
121900312,920,27,893
121900313,774,33,741
121900314,2,14,-12
121900315,47,1,46
121900316,0,2,-2
121900317,65,10,55
121900318,1,3,-2
121900319,76,530,-454
121900320,44,41,3
121900321,45,5,40
121900322,6,6,0
121900323,49,33,16
121900324,1,49,-48
121900325,36,39,-3
121900326,6,7,-1
121900327,1,61,-60
121900328,0,30,-30
121900329,2,41,-39
121900330,1,168,-167
121900331,29,156,-127
121900332,101,37,64
121900333,34,1,33
122000001,1835,6689,-4854
122000002,2999,1656,1343
122000003,1312,3507,-2195
122000004,1729,1779,-50
122000005,7964,3776,4188
122000006,964,2448,-1484
122000007,799,2791,-1992
122000008,1251,4809,-3558
122000009,780,804,-24
122000010,3938,4685,-747
122000011,9489,3655,5834
122000012,1024,6923,-5899
122000013,820,3125,-2305
122000014,8374,2583,5791
122000015,1365,1382,-17
122000016,703,960,-257
122000017,1852,2159,-307
122000018,3539,3061,478
122000019,1306,3306,-2000
122000020,244,593,-349
122000021,205,581,-376
122000022,2004,2639,-635
122000023,1651,3185,-1534
122000024,647,4384,-3737
122000025,596,6102,-5506
122000026,329,2004,-1675
122000027,769,1259,-490
122000028,2725,989,1736
122000029,419,1313,-894
122000030,208,259,-51
122000031,127,475,-348
122000032,10216,4625,5591
122000033,518,7266,-6748
122000034,373,1428,-1055
122000035,222,935,-713
122000036,601,736,-135
122000037,1530,439,1091
122000038,344,837,-493
122000039,723,1526,-803
122000040,277,435,-158
122000041,1191,1130,61
122000042,641,1177,-536
122000043,135,262,-127
122000044,110,215,-105
122000045,3103,1646,1457
122000046,1446,2088,-642
122000047,114,357,-243
122000048,3034,4986,-1952
122000049,9986,4770,5216
122000050,1030,1513,-483
122000051,228,649,-421
122000052,455,711,-256
122000053,411,1401,-990
122000054,2165,3013,-848
122000055,1838,5128,-3290
122000056,3361,3811,-450
122000057,5813,6081,-268
122000058,937,3428,-2491
122000059,998,6291,-5293
122000060,334,1947,-1613
122000061,238,1399,-1161
122000062,680,298,382
122000063,454,2468,-2014
122000064,4116,10058,-5942
122000065,2849,4350,-1501
122000066,972,2583,-1611
122000067,1575,2373,-798
122000068,3818,1616,2202
122000069,1842,1352,490
122000070,1493,1935,-442
122000071,5991,1664,4327
122000072,2420,1581,839
122000073,300,3250,-2950
122000074,3285,1958,1327
122000075,1678,1454,224
122000076,13781,3308,10473
122000077,711,3765,-3054
122000078,684,6660,-5976
122000079,295,4634,-4339
122000080,507,1097,-590
122000081,108,283,-175
122000082,259,1950,-1691
122000083,8950,1338,7612
122000084,7103,2276,4827
122000085,470,923,-453
122000086,3645,10658,-7013
122000087,351,787,-436
122000088,123,573,-450
122000089,6718,3770,2948
122000090,347,2080,-1733
122000091,114,615,-501
122000092,54,137,-83
122000093,2289,7036,-4747
122000094,8278,4881,3397
122000095,849,6946,-6097
122000096,615,3820,-3205
122000098,5612,5887,-275
122000099,679,2498,-1819
122000100,857,1555,-698
122000101,485,732,-247
122000102,3778,1340,2438
122000103,1620,2024,-404
122000104,2527,282,2245
122000105,474,1025,-551
122000106,711,3152,-2441
122000107,1747,780,967
122000108,895,1121,-226
122000109,687,417,270
122000110,1136,1142,-6
122000111,5552,2459,3093
122000112,2679,2506,173
122000113,1151,1119,32
122000114,1855,4874,-3019
122000115,2143,1697,446
122000116,487,755,-268
122000117,1462,523,939
122000118,908,732,176
122000119,3133,2417,716
122000120,1017,4254,-3237
122000121,705,2408,-1703
122000122,391,1033,-642
122000123,1366,1775,-409
122000124,870,576,294
122000125,417,672,-255
122000126,416,719,-303
122000127,416,771,-355
122000128,312,436,-124
122000129,550,2351,-1801
122000130,3386,1669,1717
122000131,1132,1390,-258
122000132,236,492,-256
122000133,978,1271,-293
122000134,1346,833,513
122000135,634,255,379
122000136,1234,605,629
122000137,3214,1344,1870
122000139,831,5230,-4399
122000140,338,2099,-1761
122000141,6104,3525,2579
122000142,133,3385,-3252
122000143,420,609,-189
122000144,2003,1535,468
122000145,1033,1663,-630
122000146,475,4697,-4222
122000147,703,967,-264
122000148,421,2366,-1945
122000149,2088,1428,660
122000150,1848,1323,525
122000151,120,473,-353
122000152,473,438,35
122000153,488,491,-3
122000154,237,271,-34
122000155,1782,3609,-1827
122000156,11457,5946,5511
122000157,761,11434,-10673
122000158,368,1235,-867
122000159,741,1560,-819
122000160,2553,2343,210
122000161,1361,1386,-25
122000162,1454,1986,-532
122000163,434,225,209
122000164,74,431,-357
122000165,1848,2313,-465
122000166,861,3553,-2692
122000167,341,701,-360
122000168,241,1589,-1348
122000169,503,422,81
122000170,452,470,-18
122000171,28,143,-115
122000172,2587,2026,561
122000173,2102,3988,-1886
122000174,1890,2199,-309
122000175,1007,612,395
122000176,401,1905,-1504
122000177,1252,2178,-926
122000178,7968,4836,3132
122000179,4194,5654,-1460
122000180,929,1566,-637
122000181,979,2787,-1808
122000182,2218,1784,434
122000183,3913,1472,2441
122000184,3962,4896,-934
122000185,1303,5347,-4044
122000186,805,3259,-2454
122000187,2451,1691,760
122000188,604,514,90
122000189,285,520,-235
122000190,916,3003,-2087
122000191,980,1255,-275
122000192,1755,655,1100
122000193,575,1115,-540
122000194,661,357,304
122000195,159,978,-819
122000196,1496,411,1085
122000197,705,794,-89
122000198,496,3457,-2961
122000199,386,582,-196
122000200,1202,1056,146
122000201,1457,3817,-2360
122000202,1068,3416,-2348
122000203,2354,1533,821
122000204,1323,1720,-397
122000205,770,1300,-530
122000206,5897,1474,4423
122000207,2787,2336,451
122000208,2933,2742,191
122000209,2925,965,1960
122000210,2496,3172,-676
122000211,1539,2499,-960
122000212,1085,764,321
122000213,1198,2011,-813
122000214,2487,2367,120
122000215,3200,2802,398
122000217,1895,3476,-1581
122000218,942,96,846
122000219,1498,1074,424
122000220,312,873,-561
122000221,143,435,-292
122000222,742,239,503
122000223,1091,861,230
122000225,841,572,269
122000226,1815,1886,-71
122000227,325,2104,-1779
122000228,317,314,3
122000229,27,422,-395
122000230,50,329,-279
122000231,272,961,-689
122000232,674,780,-106
122000233,0,94,-94
122000234,781,69,712
122000235,619,91,528
122000236,2139,66,2073
122000237,179,102,77
122000238,416,461,-45
122000239,1019,155,864
122000240,1754,836,918
122000241,2771,686,2085
122000242,896,317,579
122000243,8,18,-10
122000244,7,372,-365
122000245,7,44,-37
122000246,26,201,-175
122000247,754,182,572
122000248,852,871,-19
122000249,1623,1329,294
122000250,2434,1246,1188
122000251,151,512,-361
122000252,254,115,139
122000253,139,250,-111
122000254,527,58,469
122000255,644,745,-101
122000256,303,520,-217
122000257,301,110,191
122000258,383,359,24
122000259,40,332,-292
122000260,1,44,-43
122000261,46,574,-528
122000262,0,42,-42
122000263,292,762,-470
122000264,2089,431,1658
122000265,3884,1601,2283
122000266,4914,986,3928
122000267,110,162,-52
122000268,192,409,-217
122000269,1293,428,865
122000270,569,268,301
122000271,257,2612,-2355
122000272,541,1577,-1036
122000273,581,510,71
122000274,402,205,197
122000275,127,141,-14
122000276,1405,553,852
122000277,1460,1741,-281
122000278,2655,293,2362
122000279,355,256,99
122000280,792,557,235
122000281,898,813,85
122000282,148,557,-409
122000283,157,210,-53
122000284,183,67,116
122000285,284,86,198
122000286,58,192,-134
122000287,2176,1396,780
122000288,726,326,400
122000291,4147,1174,2973
122000293,159,131,28
122000294,222,493,-271
122000295,1668,246,1422
122000296,25,819,-794
122000297,2450,5168,-2718
122000299,808,680,128
122000300,367,482,-115
122000301,7990,4659,3331
122000302,567,3821,-3254
122000303,2387,1156,1231
122000304,79,210,-131
122000305,1869,434,1435
122000306,76,338,-262
122000307,165,159,6
122000309,72,38,34
122000310,27,122,-95
122000311,85,167,-82
122000312,68,321,-253
122000313,52,165,-113
122000314,160,456,-296
122000315,330,86,244
122000316,1756,502,1254
122000317,3079,409,2670
122000318,388,1841,-1453
122000319,136,499,-363
122000320,342,1315,-973
122000321,99,168,-69
122000322,1896,3157,-1261
122000323,787,5450,-4663
122000324,2187,3522,-1335
122000325,961,7479,-6518
122000326,272,88,184
122000327,482,1155,-673
122000328,588,483,105
122000330,3606,2660,946
122000332,232,350,-118
122000333,14,59,-45
122000337,1422,449,973
122000338,682,431,251
122000340,172,4215,-4043
122000342,1620,835,785
122000343,606,326,280
122000344,127,25,102
122000345,80,19,61
122000346,307,189,118
122000348,1034,1113,-79
122000349,71,851,-780
122000351,263,349,-86
122000352,286,234,52
122000353,265,67,198
122000355,122,312,-190
122000356,599,2971,-2372
122000357,117,26,91
122000358,1,13,-12
122000359,1,23,-22
122000360,0,11,-11
122000362,7,47,-40
122000364,399,275,124
122000365,1,52,-51
122000366,10,6,4
122000368,676,856,-180
122000370,22,19,3
122000371,42,0,42
122000372,29,7,22
122000381,260,486,-226
122000382,101,176,-75
122000384,1662,1740,-78
122000385,149,1,148
122000386,278,2749,-2471
122000387,665,1584,-919
122000388,1530,1609,-79
122000389,252,2266,-2014
122000390,434,693,-259
122000391,144,2316,-2172
122000392,216,129,87
122000393,47,108,-61
122000394,856,169,687
122000395,188,102,86
122000396,431,85,346
122000397,22,34,-12
122000398,11,94,-83
122000399,179,60,119
122000400,35,1594,-1559
122000401,186,62,124
122000402,686,208,478
122000403,694,353,341
122000404,339,229,110
122000408,636,1020,-384
122000503,12,97,-85
122000524,93,605,-512
122000544,153,3123,-2970
122000616,386,2,384
122000640,121,44,77
122000641,246,175,71
122000642,1771,596,1175
122000643,50,255,-205
122000644,86,33,53
122000645,73,270,-197
122000651,549,3900,-3351
122000664,168,93,75
122000665,1541,617,924
122000666,756,1346,-590
122000673,65,210,-145
122000674,407,135,272
122000675,2718,606,2112
122000686,463,2222,-1759
122000687,2177,357,1820
122000688,445,358,87
122000689,1552,194,1358
122000690,4440,248,4192
122000691,1347,535,812
122000692,2386,298,2088
122000693,420,973,-553
122000695,611,308,303
122000696,956,145,811
122000698,537,226,311
122000699,244,72,172
122000701,2508,339,2169
122000702,462,1398,-936
122000703,275,105,170
122000717,75,152,-77
122000718,321,1766,-1445
122000719,109,132,-23
122000720,1141,96,1045
122000724,65,25,40
122900001,59,21,38
122900002,955,10324,-9369
122900003,675,20,655
122900004,2898,198,2700
122900005,91,190,-99
122900006,390,1321,-931
122900007,144,186,-42
122900008,215,264,-49
122900009,1404,533,871
122900010,316,148,168
122900012,244,476,-232
122900014,121,160,-39
122900015,887,1592,-705
122900016,231,223,8
122900017,271,1814,-1543
122900018,224,21,203
122900019,15,113,-98
122900020,160,535,-375
122900021,58,396,-338
122900022,1809,1097,712
122900023,1125,222,903
122900024,148,182,-34
122900025,8,375,-367
122900026,10,126,-116
122900027,36,519,-483
122900028,94,100,-6
122900029,7852,3295,4557
122900030,3111,730,2381
122900031,41,552,-511
122900032,662,525,137
122900033,252,263,-11
122900034,4585,5771,-1186
122900035,84,21,63
122900036,97,67,30
122900037,578,221,357
122900038,99,4780,-4681
122900039,107,699,-592
122900040,254,1485,-1231
122900041,278,451,-173
122900042,221,451,-230
122900043,542,300,242
122900044,147,425,-278
122900045,229,355,-126
122900046,181,383,-202
122900047,135,212,-77
122900048,47,325,-278
122900049,3358,236,3122
122900051,39,682,-643
122900052,171,115,56
122900053,17,34,-17
122900055,418,33,385
122900057,349,72,277
122900061,697,98,599
122900062,839,886,-47
122900063,315,156,159
122900064,940,531,409
122900065,863,340,523
122900066,911,479,432
122900067,844,414,430
122900068,116,281,-165
122900069,564,2025,-1461
122900070,494,63,431
122900071,105,275,-170
122900072,12,345,-333
122900073,15,90,-75
122900074,1697,185,1512
122900075,1,119,-118
122900076,4,219,-215
122900077,0,49,-49
122900078,416,23,393
122900080,24,107,-83
122900081,271,208,63
122900082,1524,167,1357
122900083,97,139,-42
122900084,7,85,-78
122900086,16,273,-257
122900087,573,329,244
122900088,40,1007,-967
122900089,32,186,-154
122900090,4,330,-326
122900091,538,2,536
122900092,1,106,-105
122900093,1,93,-92
122900094,3,95,-92
122900095,280,36,244
122900096,749,98,651
122900097,34,58,-24
122900098,37,224,-187
122900099,208,58,150
122900100,91,1161,-1070
122900101,502,367,135
122900102,117,60,57
122900103,351,5,346
122900104,382,10,372
122900105,48,33,15
122900106,5,28,-23
122900107,10,51,-41
122900108,7,61,-54
123000001,1039,2225,-1186
123000002,3396,9775,-6379
123000003,6705,6191,514
123000004,3482,5114,-1632
123000005,4519,3706,813
123000006,3018,2588,430
123000007,5322,3431,1891
123000008,3405,3304,101
123000009,4917,3828,1089
123000010,3513,4984,-1471
123000011,1909,1989,-80
123000012,943,4886,-3943
123000013,6244,1816,4428
123000014,803,4953,-4150
123000015,2943,1400,1543
123000016,3315,4752,-1437
123000017,4812,2286,2526
123000018,132,114,18
123000019,1000,76,924
123000020,572,36,536
123000021,337,362,-25
123000022,501,2645,-2144
123000023,2785,3355,-570
123000024,1985,1096,889
123000025,47,95,-48
123000026,1,298,-297
123000027,77,1185,-1108
123000028,823,1329,-506
123000029,455,1856,-1401
123000030,419,113,306
123000031,479,239,240
123000032,819,97,722
123000033,385,145,240
123000034,1384,906,478
123000035,721,657,64
123000036,363,1609,-1246
123000037,329,218,111
123000038,115,485,-370
123000039,568,1929,-1361
123000040,482,234,248
123000041,932,2144,-1212
123000042,534,1547,-1013
123000043,2262,19317,-17055
123000044,3127,3393,-266
123000045,4624,2745,1879
123000046,275,1528,-1253
123000047,946,1850,-904
123000048,172,2150,-1978
123000049,6991,13635,-6644
123000050,3046,2289,757
123000051,101,288,-187
123000052,1102,4748,-3646
123000053,3219,3883,-664
123000054,3106,2407,699
123000055,2869,7033,-4164
123000056,1429,996,433
123000057,4463,7332,-2869
123000058,878,1937,-1059
123000059,326,604,-278
123000060,1708,538,1170
123000061,447,633,-186
123000063,1779,1514,265
123000064,1982,363,1619
123000065,4453,3553,900
123000066,441,903,-462
123000067,1611,555,1056
123000068,2156,2463,-307
123000069,4697,1787,2910
123000070,252,619,-367
123000071,3196,1147,2049
123000072,1895,602,1293
123000073,3590,1380,2210
123000074,1521,1131,390
123000075,565,2770,-2205
123000076,1060,521,539
123000077,2994,1683,1311
123000078,4178,1665,2513
123000079,3991,2107,1884
123000080,3968,1214,2754
123000081,253,339,-86
123000082,324,1258,-934
123000083,1823,415,1408
123000084,1278,395,883
123000085,728,71,657
123000086,1262,93,1169
123000087,744,525,219
123000088,1764,837,927
123000089,1418,1196,222
123000090,2191,1159,1032
123000091,2485,1671,814
123000092,1216,1781,-565
123000094,1263,214,1049
123000095,1356,874,482
123000096,1934,451,1483
123000097,1158,354,804
123000098,1404,577,827
123000099,1051,395,656
123000100,464,1066,-602
123000101,639,662,-23
123000102,564,1234,-670
123000104,756,758,-2
123000105,453,639,-186
123000106,740,733,7
123000107,368,458,-90
123000108,607,1285,-678
123000111,1621,525,1096
123000112,2227,643,1584
123000113,911,719,192
123000114,526,883,-357
123000115,456,373,83
123000116,64,90,-26
123000117,2582,1543,1039
123000118,869,647,222
123000119,381,487,-106
123000120,414,623,-209
123000121,900,1032,-132
123000122,465,376,89
123000123,739,810,-71
123000124,582,522,60
123000125,2159,1727,432
123000126,1562,6853,-5291
123000127,634,758,-124
123000128,359,376,-17
123000129,1407,420,987
123000130,1155,145,1010
123000131,2291,1269,1022
123000132,412,689,-277
123000133,130,262,-132
123000134,291,124,167
123000135,4020,1288,2732
123000136,320,488,-168
123000137,172,234,-62
123000138,181,287,-106
123000139,985,188,797
123000140,96,512,-416
123000141,860,151,709
123000142,1254,856,398
123000143,939,1591,-652
123000144,14,42,-28
123000145,185,404,-219
123000146,10,235,-225
123000147,135,199,-64
123000149,516,468,48
123000150,95,334,-239
123000151,181,700,-519
123000152,60,387,-327
123000153,110,1075,-965
123000154,1278,2411,-1133
123000155,2118,1767,351
123000156,44,146,-102
123000157,872,987,-115
123000158,646,1008,-362
123000159,4080,5063,-983
123000160,1558,1533,25
123000161,2115,1522,593
123000162,2241,2427,-186
123000163,1270,274,996
123000164,3113,320,2793
123000165,495,1093,-598
123000166,51,119,-68
123000167,190,191,-1
123000168,457,147,310
123000169,1559,135,1424
123000170,108,72,36
123000171,1831,12,1819
123000172,235,485,-250
123000173,871,503,368
123000174,1216,587,629
123000175,499,1152,-653
123000176,1449,366,1083
123000177,314,1124,-810
123000178,1354,242,1112
123000179,64,371,-307
123000180,2229,430,1799
123000181,312,842,-530
123000182,433,279,154
123000183,230,727,-497
123000184,129,438,-309
123000185,1361,551,810
123000186,13,322,-309
123000187,842,19,823
123000188,330,0,330
123000189,416,162,254
123000190,92,143,-51
123000192,15,402,-387
123000193,51,731,-680
123000194,255,254,1
123000195,525,70,455
123000196,622,18,604
123000197,126,101,25
123000198,48,1308,-1260
123000199,38,729,-691
123000200,1096,26,1070
123000201,1819,32,1787
123000202,54,577,-523
123000203,1520,67,1453
123000204,90,578,-488
123000205,253,863,-610
123000206,4047,383,3664
123000207,104,475,-371
123000208,1129,310,819
123000209,3110,963,2147
123000210,301,1381,-1080
123000211,532,1669,-1137
123000212,6121,651,5470
123000213,906,88,818
123000215,116,215,-99
123000216,279,1282,-1003
123000217,327,56,271
123000218,50,886,-836
123000219,817,148,669
123000220,662,176,486
123000221,231,127,104
123000222,745,370,375
123000223,1008,169,839
123000224,587,353,234
123000225,349,99,250
123000226,128,413,-285
123000227,115,242,-127
123000228,399,71,328
123000229,895,1453,-558
123000232,107,480,-373
123000233,1207,248,959
123000234,221,526,-305
123000235,2161,420,1741
123000236,445,558,-113
123000237,723,167,556
123000238,72,389,-317
123000239,472,781,-309
123000240,57,1550,-1493
123000241,396,85,311
123000242,434,208,226
123000243,875,841,34
123000244,989,572,417
123000245,61,185,-124
123000249,1470,674,796
123000252,1432,420,1012
123000253,2393,732,1661
123000254,983,867,116
123000255,1427,1001,426
123000256,18,229,-211
123000257,2364,1374,990
123000258,1305,628,677
123000259,808,554,254
123000260,880,337,543
123000261,531,157,374
123000262,115,118,-3
123000263,748,100,648
123000264,186,137,49
123000265,22,124,-102
123000266,599,571,28
123000267,1043,581,462
123000268,40,59,-19
123000269,64,99,-35
123000270,67,102,-35
123000271,39,49,-10
123000272,937,349,588
123000273,398,1368,-970
123000274,1509,1083,426
123000275,213,899,-686
123000278,1855,3606,-1751
123000279,168,92,76
123000280,385,299,86
123000281,419,162,257
123000282,181,416,-235
123000283,266,109,157
123000284,55,67,-12
123000286,203,675,-472
123000287,395,400,-5
123000288,1412,1745,-333
123000289,265,2212,-1947
123000291,254,968,-714
123000294,174,243,-69
123000295,781,1514,-733
123000296,1062,657,405
123000297,1067,276,791
123000298,1352,310,1042
123000299,132,145,-13
123000300,1993,1285,708
123000301,213,636,-423
123000302,181,135,46
123000303,161,327,-166
123000305,1020,1048,-28
123000306,387,72,315
123000309,64,71,-7
123000310,42,63,-21
123000311,0,102,-102
123000312,430,555,-125
123000313,925,556,369
123000315,180,337,-157
123000316,946,149,797
123000317,356,129,227
123000318,67,172,-105
123000329,14,22,-8
123000337,487,953,-466
123000338,182,226,-44
123000339,475,52,423
123000340,96,313,-217
123000342,2,27,-25
123000343,117,35,82
123000344,688,282,406
123000345,446,546,-100
123000346,819,42,777
123000352,1168,903,265
123000353,67,86,-19
123000354,463,63,400
123000355,2,177,-175
123000356,705,40,665
123000357,3,151,-148
123000359,25,60,-35
123000360,397,155,242
123000361,362,257,105
123000362,778,140,638
123000363,168,209,-41
123000364,682,853,-171
123000365,24,539,-515
123000366,493,4025,-3532
123000367,433,729,-296
123000370,25,301,-276
123000371,652,115,537
123000372,610,54,556
123000373,14,451,-437
123000374,17,159,-142
123000375,589,88,501
123000376,1097,932,165
123000377,961,48,913
123000378,23,398,-375
123000379,6,443,-437
123000380,17,422,-405
123000381,66,173,-107
123000382,567,227,340
123000383,177,1319,-1142
123000384,672,151,521
123000385,237,629,-392
123000436,50,2204,-2154
123000507,87,168,-81
123000508,164,1720,-1556
123000517,317,51,266
123000518,43,160,-117
123000519,229,127,102
123000520,47,173,-126
123000521,766,120,646
123000522,193,300,-107
123000541,10,3,7
123000542,0,4,-4
123000565,903,31,872
123000566,971,118,853
123000567,138,100,38
123000573,29,370,-341
123000574,1453,87,1366
123000575,2652,818,1834
123000576,1403,977,426
123000577,66,1005,-939
123000578,396,213,183
123000579,1092,10933,-9841
123000580,180,75,105
123000582,882,48,834
123000583,25,446,-421
123000584,234,314,-80
123000585,0,21,-21
123000586,186,1,185
123000596,64,63,1
123000597,114,232,-118
123000602,166,22,144
123000603,1886,311,1575
123000604,969,246,723
123000605,901,54,847
123000606,1,529,-528
123000609,21,371,-350
123000610,132,99,33
123000613,35,155,-120
123000614,438,62,376
123000615,76,48,28
123000616,1709,49,1660
123000617,183,100,83
123000618,58,547,-489
123000619,704,112,592
123000620,19,256,-237
123000622,826,23,803
123000624,281,31,250
123000630,2430,502,1928
123000631,309,393,-84
123000632,730,709,21
123000633,0,198,-198
123000634,50,433,-383
123000635,63,165,-102
123000636,65,331,-266
123000637,403,47,356
123000638,773,34,739
123000639,930,8706,-7776
123000640,10,305,-295
123900001,1377,49,1328
123900002,63,1834,-1771
123900003,227,451,-224
123900005,389,324,65
123900006,645,90,555
124000001,2419,227,2192
124000002,72,1329,-1257
124000003,2053,237,1816
124000004,79,467,-388
124000005,1994,1294,700
124000006,234,555,-321
124000007,630,133,497
124000008,10,593,-583
124000009,1209,369,840
124000010,343,342,1
124000011,1496,499,997
124000012,291,309,-18
124000017,357,152,205
124000018,132,82,50
124000019,277,222,55
124000020,28,122,-94
124000021,185,166,19
124000022,70,169,-99
124000023,1516,1722,-206
124000024,1489,462,1027
124000025,1561,1952,-391
124000026,1267,1063,204
124000027,4723,5299,-576
124000028,1314,3866,-2552
124000030,1531,1740,-209
124000031,1914,7490,-5576
124000032,1141,540,601
124000033,203,348,-145
124000034,806,509,297
124000035,21,358,-337
124000036,27,192,-165
124000037,464,1408,-944
124000038,42,187,-145
124000039,450,370,80
124000040,216,1342,-1126
124000041,645,210,435
124000042,177,398,-221
124000043,95,165,-70
124000044,37,147,-110
124000045,1791,336,1455
124000046,351,635,-284
124000047,2973,615,2358
124000048,1301,610,691
124000049,3276,489,2787
124000050,1229,1027,202
124000051,1837,466,1371
124000052,1041,683,358
124000053,702,2850,-2148
124000054,764,307,457
124000055,1403,6195,-4792
124000056,1509,814,695
124000057,1681,469,1212
124000058,687,849,-162
124000059,1327,1650,-323
124000060,539,405,134
124000061,1708,8330,-6622
124000062,1643,1419,224
124000063,1143,1163,-20
124000064,1500,1082,418
124000065,5,715,-710
124000066,38,30,8
124000067,304,158,146
124000068,24,17,7
124000069,277,5,272
124000070,76,55,21
124000071,235,111,124
124000072,177,317,-140
124000073,1565,258,1307
124000074,259,575,-316
124000075,792,29,763
124000076,32,55,-23
124000077,339,914,-575
124000078,1603,1294,309
124000079,223,1560,-1337
124000080,1256,186,1070
124000081,291,419,-128
124000082,85,257,-172
124000083,57,70,-13
124000084,70,648,-578
124000085,71,45,26
124000086,26,304,-278
124000087,80,167,-87
124000088,165,756,-591
124000089,943,288,655
124000090,218,150,68
124000091,529,72,457
124000092,86,240,-154
124000093,169,201,-32
124000094,226,867,-641
124000095,160,92,68
124000096,282,264,18
124000097,168,138,30
124000098,72,110,-38
124000099,350,171,179
124000100,67,100,-33
124000101,169,166,3
124000102,103,33,70
124000103,277,173,104
124000104,106,50,56
124000105,234,155,79
124000106,153,37,116
124000107,38,290,-252
124000108,74,23,51
124000109,275,96,179
124000110,106,66,40
124000111,309,107,202
124000112,1212,457,755
124000113,181,148,33
124000114,591,328,263
124000115,294,843,-549
124000116,109,261,-152
124000117,45,108,-63
124000118,61,111,-50
124000119,1086,1057,29
124000120,866,753,113
124000121,1146,938,208
124000122,509,1529,-1020
124000123,1278,551,727
124000124,435,739,-304
124000125,731,562,169
124000126,376,579,-203
124000127,1221,336,885
124000128,685,789,-104
124000129,2035,1954,81
124000130,542,561,-19
124000131,886,950,-64
124000132,572,768,-196
124000133,1686,1569,117
124000134,1221,766,455
124000135,2138,2894,-756
124000136,665,1149,-484
124000137,1075,1563,-488
124000138,1163,1458,-295
124000139,453,49,404
124000140,15,287,-272
124000141,62,18,44
124000142,8,182,-174
124000143,117,18,99
124000144,34,45,-11
124000145,189,50,139
124000146,21,39,-18
124000148,11,106,-95
124000149,1290,327,963
124000150,175,717,-542
124000151,1375,626,749
124000152,769,1049,-280
124000153,1279,1546,-267
124000154,512,977,-465
124000155,1363,1106,257
124000156,862,1175,-313
124000169,190,764,-574
124000170,773,581,192
124000171,478,410,68
124000172,368,617,-249
124000173,805,252,553
124000174,457,662,-205
124000175,14,46,-32
124000176,102,44,58
124000177,8,46,-38
124000178,77,89,-12
124000190,6,84,-78
124000191,31,152,-121
124000192,1210,752,458
124000193,255,2610,-2355
124000194,255,413,-158
124000195,509,785,-276
124000196,649,714,-65
124000197,39,36,3
124000198,68,72,-4
124000201,175,704,-529
124000202,813,261,552
124000203,964,219,745
124000204,1782,158,1624
124000205,132,182,-50
124000206,1414,174,1240
124000207,1,20,-19
124000209,273,178,95
124000210,1270,225,1045
124000211,1236,4,1232
124000212,0,140,-140
124000213,1057,77,980
124000214,870,243,627
124000215,759,15,744
124000216,3,185,-182
124000329,137,526,-389
124000338,148,309,-161
124000339,2189,72,2117
124000341,2967,87,2880
124000344,54,3,51
124000357,1425,3295,-1870
124000358,759,2243,-1484
124000359,1955,1270,685
124000360,1745,837,908
124000361,2251,1233,1018
124000362,1274,1911,-637
124000363,423,361,62
124000364,603,902,-299
124000365,621,923,-302
124000366,1607,779,828
124000367,63,221,-158
124000368,641,1057,-416
124000369,74,180,-106
124000370,49,463,-414
124000402,59,28,31
124000403,235,22,213
124000404,12,50,-38
124000405,1319,895,424
124000406,664,693,-29
124000407,0,35,-35
124000411,11,194,-183
124000412,552,8,544
124000413,89,73,16
124000414,162,153,9
124000415,71,41,30
124000416,213,146,67
124000417,364,82,282
124000418,541,33,508
124000419,181,45,136
124000420,214,37,177
124000421,59,42,17
124000422,33,19,14
124000423,151,43,108
124000424,11,15,-4
124000425,53,17,36
124000426,13,33,-20
124000427,57,6,51
124000428,16,168,-152
124000429,118,46,72
124000430,1149,471,678
124000431,392,520,-128
124000432,484,654,-170
124000439,5,1,4
124000442,10,37,-27
124000443,1,4,-3
124000445,47,1463,-1416
124000446,319,134,185
124900001,1140,439,701
124900002,330,231,99
124900003,1643,440,1203
124900004,1425,267,1158
124900005,364,122,242
124900006,1316,262,1054
124900008,804,689,115
124900009,119,594,-475
124900010,348,243,105
124900011,1014,423,591
124900012,612,134,478
124900013,1023,202,821
124900014,525,33,492
124900015,262,617,-355
124900016,181,314,-133
124900017,649,3953,-3304
124900018,157,19,138
124900020,143,87,56
124900021,565,40,525
124900022,70,13,57
124900024,610,26,584
124900026,128,67,61
124900027,228,793,-565
124900028,474,148,326
124900029,32,654,-622
124900030,4,124,-120
124900031,52,334,-282
124900032,330,245,85
124900033,163,198,-35
124900034,7,107,-100
124900035,262,409,-147
124900036,1,91,-90
124900037,213,157,56
124900038,242,191,51
124900039,6,172,-166
124900040,160,146,14
124900041,318,541,-223
124900042,115,10,105
124900043,856,409,447
124900044,213,4,209
124900045,438,1197,-759
124900046,455,262,193
124900047,77,226,-149
124900048,449,99,350
124900050,276,155,121
124900052,106,317,-211
124900053,273,259,14
124900054,701,636,65
124900055,0,224,-224
124900057,29,33,-4
124900060,106,140,-34
124900061,188,6,182
124900062,288,25,263
124900066,0,6,-6
124900067,26,70,-44
124900068,182,983,-801
124900070,83,33,50
124900072,251,44,207
124900074,729,152,577
124900075,600,182,418
124900076,43,2387,-2344
124900077,38,75,-37
124900078,106,21,85
124900079,295,219,76
124900080,542,283,259
124900081,1862,231,1631
124900082,360,401,-41
124900083,459,418,41
124900084,1069,138,931
124900085,521,634,-113
124900086,92,1888,-1796
124900087,246,163,83
124900088,189,114,75
124900089,649,14,635
124900090,906,318,588
124900091,492,245,247
124900092,464,219,245
124900093,602,241,361
124900094,1064,391,673
124900095,203,820,-617
124900096,377,187,190
124900097,670,88,582
124900098,211,348,-137
124900099,223,847,-624
124900100,597,59,538
124900101,84,285,-201
124900102,392,17,375
124900103,212,100,112
124900104,90,125,-35
124900105,181,128,53
124900106,564,59,505
124900107,189,62,127
124900108,270,171,99
124900109,128,118,10
124900110,610,157,453
124900111,1,235,-234
124900112,177,195,-18
124900113,60,339,-279
124900114,68,167,-99
124900115,52,24,28
124900116,318,337,-19
124900117,180,230,-50
124900118,88,660,-572
124900119,550,289,261
124900120,52,217,-165
124900121,83,468,-385
124900122,168,149,19
124900123,171,141,30
124900124,57,390,-333
129000186,195,96,99
204000001,62,5,57
204000002,3,6,-3
204000003,31,4,27
204000004,0,3,-3
204000005,646,424,222
204000006,1164,1028,136
204000011,14,38,-24
204000012,93,85,8
204000013,1,60,-59
204000019,1384,357,1027
204000020,1109,1272,-163
204000021,3089,1219,1870
204000022,1310,513,797
204000023,776,363,413
204000031,41,20,21
204000032,398,35,363
204000034,30,124,-94
204000035,1,6,-5
204000036,7,26,-19
204000037,1,18,-17
204000038,1,21,-20
204000039,25,9,16
204000040,14,16,-2
204000041,6,31,-25
204000042,56,25,31
204000043,57,7,50
204000044,41,5,36
204000045,91,6,85
204000046,11,3,8
204000057,19,12,7
204000062,10,14,-4
204000068,20,577,-557
204000069,95,507,-412
204000070,72,73,-1
204000080,73,68,5
204000085,1464,1045,419
204000086,1957,1214,743
204000087,50,13,37
204000088,24,77,-53
204000090,46,178,-132
204000093,773,58,715
204000096,1751,855,896
204000097,727,11,716
204000099,1223,2315,-1092
204000100,2384,1577,807
204000105,1425,840,585
204000110,415,1401,-986
204000111,670,802,-132
204000112,588,3597,-3009
204000113,354,1374,-1020
204000114,971,1124,-153
204000115,1116,537,579
204000116,661,2928,-2267
204000119,2696,1988,708
204000132,737,438,299
204000133,842,190,652
204000134,211,170,41
204000135,634,197,437
204000136,493,258,235
204000138,383,593,-210
204000140,256,127,129
204000141,162,52,110
204000144,12,39,-27
204000145,615,76,539
204000146,22,344,-322
204000147,15,283,-268
204000148,327,30,297
204000154,8,4,4
204000155,5,6,-1
204000177,73,58,15
204000179,129,6,123
204000180,0,20,-20
204000222,10,9,1
204000235,48,28,20
204000236,50,280,-230
204000238,37,47,-10
204000240,408,68,340
204000263,438,852,-414
204000268,772,405,367
204000308,186,17,169
204000317,9,131,-122
204000322,15,83,-68
204000323,17,12,5
204000328,271,97,174
204000329,48,146,-98
204000330,173,15,158
204000331,59,108,-49
204010341,10,231,-221
205000001,671,975,-304
205000013,12,79,-67
205000014,37,82,-45
205000015,36,72,-36
205000016,32,106,-74
205000017,31,74,-43
205000022,286,576,-290
205000025,1073,701,372
205000029,427,16,411
205000045,121,801,-680
205000046,231,612,-381
205000047,73,670,-597
205000048,614,433,181
205000049,213,464,-251
205000050,1210,267,943
205000059,0,214,-214
205000060,0,208,-208
205000061,3,384,-381
205000062,0,547,-547
205000063,30,467,-437
205000064,20,98,-78
205000065,176,631,-455
205000066,135,389,-254
205000067,84,421,-337
205000069,249,24,225
205000082,197,219,-22
205000110,61,147,-86
205000111,218,144,74
205000112,178,207,-29
205000113,126,202,-76
205000121,221,59,162
205000123,40,184,-144
205000126,671,106,565
205000127,775,121,654
205000128,518,72,446
205000129,835,54,781
205000130,85,23,62
205000131,35,11,24
205000132,42,6,36
205000133,32,1,31
205000134,303,0,303
205000137,156,110,46
205000138,130,252,-122
205000139,49,69,-20
205000144,122,111,11
205000145,346,199,147
205000151,183,31,152
205000152,174,31,143
205000153,268,26,242
205000154,141,44,97
205000155,140,13,127
205000207,6,90,-84
205000233,20,1,19
205000234,0,2,-2
205000243,0,1,-1
205000244,0,3,-3
205000245,11,247,-236
205000249,0,29,-29
205000250,16,2,14
205000264,14,92,-78
206000027,2,7,-5
206000028,4,3,1
206000043,3,52,-49
206000053,1,4,-3
206000054,0,16,-16
206000055,1,13,-12
206000075,25,27,-2
206000076,35,8,27
206000077,31,8,23
206000078,21,5,16
206000079,26,12,14
206000082,385,116,269
206000100,44,538,-494
206000103,1,7,-6
206000104,14,21,-7
206000105,7,9,-2
206000106,2,22,-20
206000108,735,66,669
206000125,109,0,109
206000157,45,486,-441
206000170,0,111,-111
206000171,6,160,-154
206000172,32,133,-101
206000173,5,93,-88
206000174,19,37,-18
206000175,0,45,-45
206000176,25,78,-53
206000177,5,57,-52
206000178,2,195,-193
206000179,4,175,-171
206000180,7,96,-89
206000181,7,37,-30
206000182,3,61,-58
206000183,5,105,-100
206000184,1,81,-80
206000185,4,38,-34
206000186,86,308,-222
206000223,9,268,-259
206000226,44,95,-51
206000227,32,7,25
206000237,40,144,-104
206000238,26,229,-203
206000239,171,1440,-1269
206000240,0,52,-52
206000241,0,49,-49
206000242,7,137,-130
206000243,6,56,-50
206000244,69,121,-52
206000245,1824,59,1765
206000246,609,13,596
206000247,748,8,740
206000248,773,42,731
206000252,92,61,31
206000258,12,44,-32
206000315,40,17,23
206000317,816,176,640
206000318,1129,127,1002
206000319,3384,110,3274
206000320,685,48,637
206000321,720,26,694
206000322,1156,23,1133
206000323,334,9,325
206000324,448,13,435
206000325,370,31,339
206000326,329,48,281
206000327,43,24,19
206000328,391,5,386
206000329,587,7,580
206000330,88,2,86
206000331,469,2,467
206000332,146,2,144
206000333,1469,5,1464
206000334,637,3,634
206000335,0,17,-17
206000361,1,143,-142
206000392,1,10,-9
206000405,162,15,147
206000441,87,23,64
206000498,64,1,63
206000515,80,68,12
206000530,613,92,521
206000531,300,587,-287
206000532,1813,805,1008
206000535,114,4452,-4338
206000536,21,76,-55
206000537,15,144,-129
206000613,1535,335,1200
207000001,117,453,-336
207000002,119,354,-235
207000003,132,156,-24
207000007,1927,288,1639
207000008,256,3,253
207000009,82,58,24
207000010,303,243,60
207000012,633,231,402
207000015,222,445,-223
207000019,272,101,171
207000021,507,280,227
207000022,219,180,39
207000023,368,88,280
207000024,5,26,-21
207000025,50,94,-44
207000026,64,42,22
207000027,27,71,-44
207000028,106,130,-24
207000029,189,350,-161
207000033,338,510,-172
207000034,442,175,267
207000039,849,57,792
207000040,744,43,701
207000041,192,59,133
207000042,367,71,296
207000043,290,168,122
207000051,140,216,-76
207000052,15,118,-103
207000053,330,330,0
207000054,62,54,8
207000055,171,64,107
207000056,263,229,34
207000057,158,436,-278
207000058,198,217,-19
207000059,80,201,-121
207000060,76,211,-135
207000061,216,986,-770
207000062,667,32,635
207000063,676,44,632
207000064,465,97,368
207000065,364,284,80
207000066,466,259,207
207000067,88,117,-29
207000068,171,60,111
207000069,913,360,553
207000082,3,91,-88
207000083,112,121,-9
207000084,596,295,301
207000085,339,36,303
207000086,470,5,465
207000106,53,17,36
207000107,121,13,108
207000108,102,1,101
207000109,125,14,111
207000110,69,87,-18
207000111,88,132,-44
207000112,102,1466,-1364
207000114,16,19,-3
207000115,44,47,-3
207000116,24,464,-440
207000117,21,112,-91
207000118,3,39,-36
207000119,41,30,11
207000123,305,7,298
207000124,194,17,177
207000125,97,32,65
207000126,87,46,41
207000134,140,110,30
207000135,30,136,-106
207000148,125,481,-356
207000149,46,21,25
207000152,157,386,-229
207000153,310,825,-515
207000154,382,231,151
207000159,178,109,69
207000160,203,162,41
207000238,1,169,-168
207000242,3,77,-74
207000248,50,19,31
207000249,125,24,101
207000250,434,81,353
207000251,103,116,-13
207000252,50,46,4
207000278,176,120,56
207000279,43,106,-63
207000280,1318,132,1186
207000281,142,273,-131
207000282,84,351,-267
207000283,36,257,-221
207000284,29,860,-831
207000285,42,107,-65
207000291,13,85,-72
207000304,100,86,14
207000306,73,245,-172
207000310,131,97,34
207000353,125,1,124
207000356,20,96,-76
207000357,8,18,-10
207000358,2,67,-65
207000415,19,110,-91
207000417,63,7,56
207000418,52,132,-80
207000438,0,1,-1
207000439,518,578,-60
207000446,201,4,197
207000460,61,5,56
207000466,215,188,27
207000467,507,83,424
207000468,57,141,-84
207000476,7,15,-8
207000477,1157,31,1126
207000478,0,149,-149
207000523,0,15,-15
207000524,29,0,29
207000527,214,165,49
207000530,869,10,859
207000531,380,7,373
207000532,211,17,194
207000534,187,38,149
207000535,18,500,-482
207000537,13,83,-70
207000540,7,112,-105
207000541,2,189,-187
207000548,10,147,-137
207000549,448,17,431
207000561,313,212,101
207000562,38,97,-59
207000567,75,251,-176
207000568,383,18,365
207000569,963,190,773
207000584,108,246,-138
207000585,36,258,-222
207000616,0,52,-52
207000617,235,0,235
207900008,419,91,328
208000001,574,1490,-916
208000002,762,801,-39
208000003,935,548,387
208000004,795,816,-21
208000005,0,5,-5
208000019,1165,684,481
208000020,320,345,-25
208000021,326,309,17
208000022,1163,555,608
208000028,1169,2559,-1390
208000033,798,493,305
208000034,1083,2409,-1326
208000040,241,98,143
208000041,1145,593,552
208000042,1278,550,728
208000047,241,200,41
208000064,1999,1803,196
208000066,1422,2516,-1094
208000070,530,327,203
208000071,824,406,418
208000072,572,793,-221
208000080,417,490,-73
208000081,471,92,379
208000082,507,127,380
208000083,217,134,83
208000084,12,21,-9
208000085,758,462,296
208000086,561,968,-407
208000087,338,905,-567
208000089,1119,388,731
208000090,1241,451,790
208000093,67,150,-83
208000094,603,362,241
208000095,1090,491,599
208000104,1661,542,1119
208000105,1011,752,259
208000114,98,492,-394
208000115,577,378,199
208000116,1091,1228,-137
208000117,40,104,-64
208000118,154,188,-34
208000155,656,1436,-780
208000158,1906,3866,-1960
208000186,1218,3161,-1943
208000204,1001,1330,-329
208000205,1899,769,1130
208000282,1472,2411,-939
209000004,820,295,525
209000005,58,43,15
209000006,486,275,211
209000007,409,611,-202
209000010,358,229,129
209000011,193,320,-127
209000012,120,109,11
209000013,367,232,135
209000014,514,552,-38
209000025,679,85,594
209000026,1201,120,1081
209000027,342,307,35
209000028,268,293,-25
209000029,344,1078,-734
209000030,284,1263,-979
209000031,2479,1543,936
209000034,356,349,7
209000035,231,339,-108
209000036,454,173,281
209000037,543,268,275
209000038,194,162,32
209000039,120,138,-18
209000040,442,601,-159
209000041,206,290,-84
209000042,374,247,127
209000043,818,551,267
209000044,370,771,-401
209000045,642,395,247
209000046,713,456,257
209000047,430,272,158
209000048,635,642,-7
209000049,130,66,64
209000050,213,46,167
209000051,263,135,128
209000052,181,126,55
209000062,46,49,-3
209000063,59,34,25
209000064,42,24,18
209000065,242,54,188
209000066,180,20,160
209000067,278,39,239
209000080,18,218,-200
209000082,128,43,85
209000091,13,90,-77
209000093,53,16,37
209000094,27,118,-91
209000110,57,215,-158
209000111,862,2477,-1615
209000112,1870,785,1085
209000113,2800,974,1826
209000114,1282,887,395
209000115,44,50,-6
209000116,336,207,129
209000118,27,82,-55
209000119,11,12,-1
209000121,88,337,-249
209000135,74,239,-165
209000142,704,3095,-2391
209000143,44,73,-29
209000144,122,226,-104
209000229,185,156,29
209000240,26,180,-154
209000259,39,41,-2
209000260,72,1535,-1463
209000261,8,857,-849
209000262,2,286,-284
209000263,0,387,-387
209000264,0,450,-450
209000265,427,2,425
209000266,161,2,159
209000267,2329,15,2314
209000268,550,118,432
210000037,205,41,164
210000047,135,20,115
210000048,245,27,218
210000049,77,8,69
210000052,151,59,92
210000053,83,34,49
210000054,31,78,-47
210000070,199,5,194
210000071,201,0,201
210000072,41,0,41
210000073,0,53,-53
210000074,0,154,-154
210000075,1,217,-216
210000076,18,233,-215
210000077,5,166,-161
210000078,68,125,-57
210000079,17,33,-16
210000080,49,171,-122
210000081,216,28,188
210000082,53,5,48
210000083,74,1,73
210000084,102,1,101
210000085,2,52,-50
210000086,6,72,-66
210000099,72,219,-147
210000100,129,177,-48
210000101,119,208,-89
210000105,29,357,-328
210000159,0,386,-386
210000163,75,413,-338
210000164,175,378,-203
210000168,223,74,149
210000187,0,62,-62
210000188,3,31,-28
210000214,23,0,23
210000219,107,56,51
210000220,204,40,164
210000232,8,19,-11
210000233,83,78,5
210000234,81,118,-37
210000235,134,37,97
210000245,0,88,-88
210000246,15,1,14
210000258,16,81,-65
210000259,329,50,279
210000282,73,230,-157
210000285,1,232,-231
210000286,24,164,-140
210000290,0,7,-7
210000295,64,226,-162
210000296,61,68,-7
210000320,373,38,335
210000321,221,32,189
210000338,79,76,3
210000339,218,1181,-963
210000340,162,459,-297
210000341,279,400,-121
210000342,303,242,61
210000343,206,246,-40
210000344,109,243,-134
210000345,163,379,-216
210000346,64,206,-142
210000347,84,75,9
210000348,126,71,55
210000349,47,38,9
210000350,191,33,158
210000351,242,30,212
210000352,70,43,27
210000353,85,66,19
210000354,83,41,42
210000355,46,89,-43
210000356,29,110,-81
210000357,75,109,-34
210000358,280,248,32
210000359,72,199,-127
210000360,211,315,-104
210000361,219,193,26
210000362,220,227,-7
210000363,472,386,86
210000364,177,246,-69
210000365,183,152,31
210000366,213,88,125
210000367,121,34,87
210000368,176,39,137
210000369,24,43,-19
210000370,70,92,-22
210000372,10,21,-11
210000373,14,25,-11
210000374,42,52,-10
210000375,31,40,-9
210000376,70,160,-90
210000404,37,159,-122
210000439,65,19,46
210000472,39,3,36
210000482,40,191,-151
210000564,181,342,-161
210000567,2,29,-27
210000568,261,5,256
211000092,48,15,33
211000094,51,7,44
211000169,231,27,204
211000172,14,99,-85
211000209,1,128,-127
211000226,11,24,-13
211000270,31,8,23
211000275,36,14,22
211000276,238,38,200
211000279,26,20,6
211000281,142,19,123
211507980,3,56,-53
211977296,56,4,52
212000003,183,28,155
212000004,8,57,-49
212000005,18,52,-34
212000006,50,97,-47
212000008,272,146,126
212000009,58,83,-25
212000012,119,36,83
212000013,35,34,1
212000014,364,116,248
212000015,383,160,223
212000016,672,468,204
212000027,540,341,199
212000028,380,273,107
212000029,248,213,35
212000030,65,31,34
212000031,79,28,51
212000048,54,450,-396
212000049,35,294,-259
212000050,45,13,32
212000051,378,139,239
212000052,325,150,175
212000053,368,239,129
212000054,640,75,565
212000055,396,112,284
212000056,8,41,-33
212000057,17,33,-16
212000058,164,38,126
212000070,154,131,23
212000077,142,312,-170
212000099,487,211,276
212000108,295,184,111
212000111,366,92,274
212000120,245,79,166
212000138,193,28,165
212000156,3,63,-60
212000158,14,29,-15
212000159,735,30,705
212000160,881,136,745
212000161,86,4,82
212000310,80,16,64
212000311,23,42,-19
212000374,57,10,47
213000001,32,431,-399
213000005,767,169,598
213000006,841,362,479
213000007,71,20,51
213000009,404,242,162
213000010,325,218,107
213000011,190,104,86
213000012,223,249,-26
213000014,64,27,37
213000015,312,16,296
213000016,454,0,454
213000017,112,0,112
213000018,1,29,-28
213000019,1,57,-56
213000020,200,168,32
213000021,6,76,-70
213000023,449,316,133
213000033,399,1292,-893
213000034,593,241,352
213000035,151,271,-120
213000045,329,309,20
213000046,181,161,20
213000047,401,1144,-743
213000056,202,31,171
213000069,114,4,110
213000073,0,85,-85
213000074,350,724,-374
213000075,773,6,767
213000076,19,3,16
213000085,9,37,-28
213000086,20,142,-122
213000091,482,11,471
213000092,61,18,43
213000099,202,1573,-1371
213000100,806,266,540
213000101,780,63,717
213000102,931,121,810
213000103,914,649,265
213000104,79,303,-224
213000105,110,2005,-1895
213000106,27,80,-53
213000107,139,241,-102
213000108,41,212,-171
213000109,6,128,-122
213000110,9,91,-82
213000111,4,74,-70
213000112,58,142,-84
213000115,67,8,59
213000116,82,496,-414
213000117,28,509,-481
213000118,1205,279,926
213000119,43,448,-405
213000120,66,207,-141
213000122,184,270,-86
213000123,213,574,-361
213000124,293,1089,-796
213000125,249,55,194
213000126,48,147,-99
213000127,48,285,-237
213000128,98,1404,-1306
213000129,206,1114,-908
213000130,1655,462,1193
213000132,875,158,717
213000133,1371,74,1297
213000134,1922,19,1903
213000136,686,28,658
213000137,945,62,883
213000139,102,41,61
213000147,69,6,63
213000148,15,14,1
213000149,44,12,32
213000150,0,368,-368
213000151,0,194,-194
213000152,1,132,-131
213000153,3,186,-183
213000154,97,365,-268
213000155,50,200,-150
213000156,111,255,-144
213000157,1041,297,744
213000158,533,684,-151
213000159,995,303,692
213000163,2138,252,1886
213000165,1215,450,765
213000171,1,21,-20
213000172,1,80,-79
213000173,3,89,-86
213000174,0,58,-58
213000175,10,32,-22
213000176,257,31,226
213000177,225,10,215
213000178,316,3,313
213000179,365,2,363
213000180,312,0,312
213000184,96,551,-455
213000188,699,90,609
213000189,859,34,825
213000190,731,440,291
213000191,724,211,513
213000192,425,141,284
213000193,511,278,233
213000194,1,142,-141
213000195,30,214,-184
213000196,238,1583,-1345
213000197,767,823,-56
213000198,45,2,43
213000200,108,563,-455
213000201,27,92,-65
213000202,66,530,-464
213000203,2143,469,1674
213000204,1172,60,1112
213000205,718,66,652
213000206,739,29,710
213000207,117,11,106
213000208,81,1,80
213000209,130,3,127
213000210,230,3,227
213000211,10,28,-18
213000212,16,38,-22
213000213,26,56,-30
213000218,432,420,12
213000219,1113,23,1090
213000220,1005,10,995
213000223,187,274,-87
213000224,28,83,-55
213000225,89,32,57
213000226,122,24,98
213000227,1649,187,1462
213000228,700,108,592
213000229,106,29,77
213000230,611,28,583
213000232,66,129,-63
213000233,21,396,-375
213000234,0,123,-123
213000293,20,65,-45
213000294,100,32,68
213000295,41,92,-51
213000296,79,22,57
213000297,5,75,-70
213000298,12,38,-26
213000299,49,21,28
213000300,0,7,-7
213000303,0,19,-19
213000304,2,5,-3
213000305,2,44,-42
213000306,50,238,-188
213000307,117,193,-76
213000308,93,166,-73
213000309,201,68,133
213000310,413,271,142
213000311,126,1175,-1049
213000315,89,193,-104
213000316,272,79,193
213000322,140,38,102
213000323,198,100,98
213000324,147,23,124
213000325,149,42,107
213000326,146,20,126
213000327,146,29,117
213000328,90,92,-2
213000329,249,29,220
213000340,146,304,-158
213000341,1125,89,1036
213000347,284,681,-397
213000348,12,620,-608
213000349,12,26,-14
213000350,278,985,-707
213000366,95,164,-69
213000367,512,11,501
213000379,61,410,-349
213000386,47,66,-19
213000406,225,162,63
213000417,2062,585,1477
213000425,431,125,306
213000426,285,44,241
213000427,130,92,38
213000428,61,77,-16
213000429,7,7,0
213000430,118,328,-210
213000431,24,1,23
213000432,2,97,-95
213000433,31,75,-44
213000434,213,174,39
213000435,198,111,87
213000436,75,38,37
213000437,2,14,-12
213000438,238,47,191
213000439,93,15,78
213000440,26,133,-107
213000441,1,1,0
213000442,10,20,-10
213000443,527,390,137
213000444,58,27,31
213000445,0,90,-90
213000446,1,68,-67
213000447,4,83,-79
213000448,12,247,-235
213000449,1124,20,1104
213000450,36,29,7
213000451,492,99,393
213000452,30,37,-7
213000453,38,265,-227
213000455,176,13,163
213000456,0,261,-261
213000481,61,33,28
213000484,35,0,35
213000489,211,79,132
213900002,0,241,-241
213900003,114,1,113
213900013,0,82,-82
213900015,1,26,-25
213900016,10,5,5
213900020,35,37,-2
213900030,3,37,-34
213900032,174,205,-31
213900033,243,54,189
213900034,948,58,890
213900035,388,155,233
213900036,180,107,73
213900037,89,223,-134
213900038,910,133,777
213900039,0,19,-19
213900041,6,248,-242
213900042,180,370,-190
213900043,408,149,259
213900244,106,0,106
213900245,0,11,-11
218000003,46,39,7
218000004,42,43,-1
218000005,19,35,-16
218000006,111,59,52
218000007,29,24,5
218000012,197,120,77
218000013,239,200,39
218000014,504,314,190
218000019,507,502,5
218000020,241,319,-78
218000021,42,36,6
218000022,35,9,26
218000023,4,20,-16
218000024,4,5,-1
218000025,6,13,-7
218000026,8,22,-14
218000027,0,8,-8
218000028,3,1,2
218000029,0,4,-4
218000030,16,8,8
218000031,4,12,-8
218000032,1,14,-13
218000040,9,9,0
218000046,94,92,2
218000047,19,70,-51
218000048,89,41,48
218000049,72,58,14
218000050,269,186,83
218000051,85,154,-69
218000052,0,36,-36
218000053,3,16,-13
218000054,11,80,-69
218000055,9,31,-22
218000056,21,24,-3
218000057,1,16,-15
218000064,2,66,-64
218000065,89,141,-52
218000066,5,45,-40
218000067,92,54,38
218000068,121,70,51
218000069,381,90,291
218000070,233,163,70
218000071,226,151,75
218000072,165,320,-155
218000078,1570,356,1214
218000079,285,48,237
218000080,328,76,252
218000081,920,122,798
218000082,122,68,54
218000083,137,48,89
218000084,265,75,190
218000085,240,162,78
218000086,90,91,-1
218000087,208,108,100
218000090,24,150,-126
218000091,1423,575,848
218000092,184,101,83
218000093,95,42,53
218000094,556,382,174
218000099,365,750,-385
218000100,554,325,229
218000101,459,161,298
218000102,767,159,608
218000103,110,93,17
218000104,134,24,110
218000105,23,36,-13
218000106,18,11,7
218000107,105,43,62
218000108,5,27,-22
218000112,139,37,102
218000117,68,77,-9
218000134,773,289,484
218000135,26,67,-41
218000136,185,114,71
218000137,204,86,118
218000138,65,106,-41
218000139,258,265,-7
218000140,796,316,480
218000141,156,84,72
218000142,241,188,53
218000143,77,472,-395
218000144,30,259,-229
218000145,667,351,316
218000146,222,150,72
218000151,6,33,-27
218000152,107,52,55
218000153,12,9,3
218000154,8,2,6
218000155,81,3,78
218000156,108,12,96
218000157,54,13,41
218000158,38,8,30
218000159,8,13,-5
218000160,5,16,-11
218000161,67,3,64
218000162,86,2,84
218000163,32,4,28
218000164,160,7,153
218000165,184,67,117
218000170,5,24,-19
218000171,93,7,86
218000172,17,15,2
218000173,27,26,1
218000174,38,37,1
218000176,354,76,278
218000177,525,281,244
218000178,115,256,-141
218000179,218,86,132
218000180,188,22,166
218000181,439,57,382
218000187,26,76,-50
218000188,31,60,-29
218000189,57,115,-58
218000190,33,37,-4
218000191,245,43,202
218000192,335,149,186
218000193,606,264,342
218000194,214,219,-5
218000195,223,49,174
218000196,523,214,309
218000197,799,188,611
218000198,73,42,31
218000199,62,22,40
218000200,70,40,30
218000201,29,15,14
218000202,65,511,-446
218000207,2,22,-20
218000208,42,27,15
218000211,39,79,-40
218000212,0,7,-7
218000213,153,84,69
218000214,2,23,-21
218000215,53,42,11
218000217,1,65,-64
218000218,189,55,134
218000219,6,111,-105
218000220,61,931,-870
218000221,483,212,271
218000222,6,90,-84
218000223,73,823,-750
218000224,19,333,-314
218000225,286,72,214
218000226,312,131,181
218000230,0,5,-5
218000232,58,77,-19
218000239,140,12,128
218000240,10,4,6
218000241,29,0,29
218000242,13,1,12
218000243,28,18,10
218000244,21,13,8
218000245,29,2,27
218000246,0,2,-2
218000247,0,1,-1
218000248,0,29,-29
218000249,2,3,-1
218000250,4,34,-30
218000251,16,76,-60
218000252,5,316,-311
218000253,3,155,-152
218000254,3,70,-67
218000255,3,22,-19
218000256,12,93,-81
218000267,449,864,-415
218000268,8,39,-31
218000269,2,20,-18
218000270,54,69,-15
218000271,13,32,-19
218000273,58,6,52
218000274,11,1,10
218000275,44,55,-11
218000276,27,12,15
218000278,0,90,-90
218000279,38,37,1
218000280,5,20,-15
218000281,31,30,1
218000282,544,787,-243
218000284,68,3,65
218000301,116,188,-72
218000302,108,53,55
218000303,17,36,-19
218000316,1202,719,483
218000317,2036,645,1391
218000318,1476,444,1032
218000319,1935,621,1314
218000320,1702,622,1080
218000338,39,133,-94
218000345,116,128,-12
218000346,39,297,-258
218000459,30,161,-131
218000490,35,53,-18
218000501,166,58,108
218000502,107,37,70
218000503,157,32,125
218000504,138,28,110
218000505,48,83,-35
218000506,29,233,-204
218000508,31,9,22
218000510,98,20,78
218000520,119,108,11
218000521,3,14,-11
218000522,0,277,-277
218000523,138,4,134
218000524,4,896,-892
218000525,79,39,40
218000526,13,475,-462
218000529,52,39,13
218000530,46,4,42
218000531,14,14,0
218000532,51,36,15
218000534,262,14,248
218000537,13,115,-102
218000538,102,527,-425
218000540,105,104,1
218000543,194,86,108
218000544,51,57,-6
218000545,118,105,13
218000546,71,36,35
218000547,175,207,-32
218000548,114,91,23
218000549,890,454,436
218000550,233,229,4
218000551,105,663,-558
218000552,282,270,12
218000553,21,84,-63
218000554,35,66,-31
218000555,20,61,-41
218000556,189,203,-14
218000557,524,192,332
218000558,90,1,89
218000559,0,72,-72
218000560,1,42,-41
218000561,9,0,9
218000562,19,150,-131
218000563,261,25,236
218000564,4,112,-108
218000565,120,142,-22
218000566,102,51,51
218000567,1,177,-176
218000568,57,1,56
218000569,2,512,-510
218000570,46,30,16
218000571,0,168,-168
218000572,128,3,125
218000573,10,267,-257
218000574,39,56,-17
218000575,140,2,138
218000576,1,127,-126
218000577,127,3,124
218000578,0,276,-276
218000579,25,37,-12
218000581,7,50,-43
218000582,81,14,67
218000583,12,3,9
218000584,0,92,-92
218000585,67,12,55
218000586,24,55,-31
218000587,1,3,-2
218000588,0,19,-19
218000589,2,23,-21
218000590,4,2,2
218000591,1,4,-3
218000592,9,4,5
218000593,0,2,-2
218000594,0,0,0
218000595,0,0,0
218000596,0,0,0
218000597,0,0,0
218000598,0,1,-1
218000599,2,1,1
218000600,0,0,0
218000601,0,1,-1
218000602,0,6,-6
218000603,0,2,-2
218000604,36,24,12
218000605,0,21,-21
218000606,142,0,142
218000607,14,86,-72
218000608,87,23,64
218000609,4,58,-54
218000610,116,15,101
218000611,60,0,60
218000612,14,64,-50
218000613,48,1,47
218000614,0,61,-61
218000615,232,2,230
218000616,4,150,-146
218000617,4,1,3
218000618,1,30,-29
218000619,100,41,59
218000620,10,122,-112
218000621,0,14,-14
218000622,1,59,-58
218000623,61,3,58
218000624,1,94,-93
218000625,4,1,3
218000626,0,28,-28
218000628,289,75,214
218000631,33,12,21
218000632,6,168,-162
218000633,86,1,85
218000634,5,34,-29
218000635,8,18,-10
218000636,1067,447,620
218000637,1374,340,1034
218000638,319,39,280
218000639,24,58,-34
218000640,583,33,550
218000641,111,136,-25
218000652,65,20,45
218000653,317,120,197
218000663,11,22,-11
218000675,29,99,-70
218000676,7,12,-5
218000677,27,2,25
218000680,182,171,11
218000681,533,124,409
218000691,248,101,147
218000693,596,90,506
218000703,4,7,-3
218000718,47,311,-264
218000719,81,382,-301
218000720,13,376,-363
218000721,55,80,-25
218000725,12,5,7
218001214,8,216,-208
218001329,65,88,-23
218001330,62,76,-14
218001351,13,13,0
218001352,10,14,-4
218001353,7,15,-8
218001354,2,45,-43
219000001,9,48,-39
219000002,45,68,-23
219000003,87,63,24
219000004,52,81,-29
219000017,72,120,-48
219000020,184,47,137
219000022,117,6,111
219000023,78,1,77
219000029,4,129,-125
219000034,29,38,-9
219000039,47,298,-251
219000040,43,101,-58
219000041,133,32,101
219000051,1,58,-57
219000052,0,39,-39
219000053,0,60,-60
219000054,332,440,-108
219000055,341,4,337
219000056,6,0,6
219000057,67,0,67
219000062,16,111,-95
219000063,121,26,95
219000064,2,81,-79
219000110,241,134,107
219000111,84,62,22
219000112,222,30,192
219000113,256,20,236
219000114,205,64,141
219000116,154,60,94
219000117,285,97,188
219000118,211,98,113
219000123,192,114,78
219000124,61,100,-39
219000125,21,11,10
219000126,59,165,-106
219000127,0,2,-2
219000128,12,151,-139
219000129,10,169,-159
219000130,240,658,-418
219000131,646,1348,-702
219000133,39,63,-24
219000134,15,53,-38
219000135,36,110,-74
219000136,112,203,-91
219000138,106,58,48
219000139,138,49,89
219000140,117,2,115
219000141,56,38,18
219000142,11,27,-16
219000143,24,50,-26
219000145,15,52,-37
219000146,4,15,-11
219000147,7,38,-31
219000148,4,18,-14
219000149,19,42,-23
219000150,3,58,-55
219000151,2,9,-7
219000157,356,85,271
219000158,167,216,-49
219000161,176,9,167
219000163,1146,403,743
219000166,147,189,-42
219000167,164,138,26
219000168,217,68,149
219000174,561,166,395
219000175,212,7,205
219000176,312,19,293
219000177,152,1,151
219000178,114,2,112
219000179,66,6,60
219000180,50,36,14
219000182,178,19,159
219000183,96,26,70
219000184,136,25,111
219000185,4,18,-14
219000186,76,38,38
219000187,16,78,-62
219000189,42,210,-168
219000190,45,257,-212
219000191,168,2264,-2096
219000192,184,173,11
219000193,112,143,-31
219000195,2,68,-66
219000196,6,94,-88
219000198,15,86,-71
219000199,40,133,-93
219000200,59,110,-51
219000201,43,207,-164
219000203,27,174,-147
219000204,48,410,-362
219000205,44,242,-198
219000207,77,271,-194
219000209,37,16,21
219000210,15,178,-163
219000213,10,187,-177
219000239,211,245,-34
219000240,173,428,-255
219000241,199,170,29
219000242,80,177,-97
219000243,103,225,-122
219000244,20,42,-22
219000245,23,33,-10
219000246,45,82,-37
219000247,299,50,249
219000248,487,673,-186
219000249,217,167,50
219000250,249,113,136
219000251,656,255,401
219000252,377,184,193
219000253,391,83,308
219000255,214,184,30
219000256,467,50,417
219000257,218,0,218
219000262,94,69,25
219000263,99,74,25
219000267,8,61,-53
219000268,1,10,-9
219000269,1,0,1
219000270,29,2,27
219000271,281,12,269
219000278,1,13,-12
219000279,0,14,-14
219000283,0,45,-45
219000295,20,61,-41
219000296,97,247,-150
219000297,21,85,-64
219000298,24,28,-4
219000299,413,86,327
219000300,38,88,-50
219000301,85,286,-201
219000302,29,144,-115
219000307,39,11,28
219000308,85,54,31
219000311,315,73,242
219000312,536,135,401
219000313,650,45,605
219000314,49,182,-133
219000315,457,46,411
219000316,856,78,778
219000317,182,17,165
219000320,5,70,-65
219000321,1,22,-21
219000323,6,79,-73
219000325,7,5,2
219000326,66,41,25
219000327,46,9,37
219000328,30,39,-9
219000329,285,105,180
219000330,24,42,-18
219000331,68,54,14
219000332,174,99,75
219000333,39,10,29
219000335,120,1,119
219000337,18,0,18
219000338,56,0,56
219000344,16,72,-56
219000345,102,32,70
219000346,64,32,32
219000348,227,62,165
219000349,73,108,-35
219000350,84,470,-386
219000351,3,12,-9
219000352,282,59,223
219000353,140,47,93
219000354,256,101,155
219000355,195,83,112
219000356,393,2187,-1794
219000363,120,116,4
219000364,169,59,110
219000365,138,16,122
219000366,167,595,-428
219000368,291,567,-276
219000370,618,861,-243
219000371,7,28,-21
219000382,9,33,-24
219000383,224,1759,-1535
219000385,357,733,-376
219000386,709,1940,-1231
219000387,1,15,-14
219000390,4,2,2
219000391,3,0,3
219000397,32,23,9
219000398,48,48,0
219000401,13,71,-58
219000402,28,74,-46
219000403,71,316,-245
219000404,30,126,-96
219000407,15,64,-49
219000409,190,40,150
219000410,141,34,107
219000411,69,17,52
219000446,57,481,-424
219000447,1,16,-15
219000448,7,13,-6
219000452,108,79,29
219000453,57,258,-201
219000454,228,495,-267
219000556,382,110,272
219000558,90,150,-60
219000590,34,228,-194
219000591,194,129,65
219000592,97,305,-208
219000595,11,17,-6
219000635,255,72,183
219000636,55,49,6
219000657,15,16,-1
219000658,17,178,-161
219000673,0,96,-96
219000676,14,15,-1
219000679,26,7,19
219000684,166,3,163
219000685,0,49,-49
219000686,0,9,-9
219000688,1,54,-53
219000689,18,214,-196
219000690,151,21,130
219000691,48,185,-137
219000692,146,43,103
219000693,5,17,-12
219000694,65,0,65
219000695,56,4,52
219000698,28,0,28
219000699,0,82,-82
219000727,1,81,-80
219000728,88,0,88
219000770,49,7,42
219000771,2,57,-55
219000788,9,17,-8
219001150,1,59,-58
219001151,1,6,-5
219001166,28,46,-18
219001167,1,56,-55
220000001,37,145,-108
220000002,6,76,-70
220000003,254,143,111
220000004,437,294,143
220000005,586,1594,-1008
220000006,145,674,-529
220000007,381,256,125
220000008,299,422,-123
220000009,318,344,-26
220000010,109,78,31
220000011,427,3937,-3510
220000012,51,462,-411
220000014,182,87,95
220000015,87,486,-399
220000017,30,457,-427
220000018,7523,3523,4000
220000019,143,554,-411
220000020,607,223,384
220000021,1038,222,816
220000022,1427,331,1096
220000023,441,165,276
220000024,1201,603,598
220000025,1074,2316,-1242
220000026,392,764,-372
220000027,23,201,-178
220000028,54,88,-34
220000029,31,74,-43
220000030,45,100,-55
220000031,836,438,398
220000064,43,1321,-1278
221000046,3,0,3
221000047,0,0,0
221000048,0,1,-1
221000049,0,7,-7
221000050,12,0,12
221000055,42,46,-4
221000057,90,1,89
221000068,290,101,189
221000069,393,43,350
221000070,320,21,299
221000071,144,11,133
221000072,386,2,384
221000073,197,27,170
221000074,1,12,-11
221000075,12,24,-12
221000076,12,14,-2
221000077,9,87,-78
221000081,7,4,3
221000082,77,4,73
221000083,9,12,-3
221000084,8,21,-13
221000085,19,45,-26
221000086,13,82,-69
221000087,5,110,-105
221000088,7,108,-101
221000089,24,181,-157
221000090,65,563,-498
221000098,135,11,124
221000099,199,6,193
221000100,113,10,103
221000101,182,12,170
221000102,163,10,153
221000109,7,108,-101
221000110,8,40,-32
221000111,25,88,-63
221000112,9,73,-64
221000113,12,108,-96
221000114,11,112,-101
221000120,40,67,-27
221000121,8,73,-65
221000122,46,82,-36
221000123,3,26,-23
221000124,25,94,-69
221000155,220,20,200
221000156,43,77,-34
221000175,0,3,-3
221000176,0,4,-4
221000182,49,4,45
221000241,347,367,-20
221000242,150,305,-155
221000243,349,280,69
221000244,209,314,-105
221000245,71,68,3
221000246,51,169,-118
221000247,109,79,30
221000248,157,68,89
221000267,61,1044,-983
221000325,33,176,-143
221000331,9,39,-30
221000338,18,33,-15
221000378,330,57,273
221000381,60,77,-17
222000282,10,1,9
222000296,4,16,-12
222000568,512,34,478
222000569,199,66,133
222000570,250,33,217
222000571,608,40,568
222000577,13,85,-72
222000578,13,96,-83
222000579,13,60,-47
222000580,61,521,-460
222000599,0,93,-93
222000600,1,161,-160
222000601,5,601,-596
222000603,21,72,-51
222000604,2,95,-93
222000605,18,79,-61
222000606,4,42,-38
222000607,14,8,6
222000608,20,33,-13
222000609,65,85,-20
222000616,656,42,614
222000617,21,27,-6
222000618,5,3,2
222000620,27,29,-2
222000621,41,45,-4
222000623,772,21,751
222000624,676,15,661
222000625,1166,9,1157
222000636,62,5,57
222000686,20,28,-8
222000687,28,30,-2
222001066,504,5,499
222001067,124,6,118
222001068,136,10,126
222001069,178,36,142
222001082,44,19,25
222001083,81,21,60
222001084,0,28,-28
222001085,2,311,-309
222001111,112,52,60
222001112,362,45,317
222001313,18,23,-5
222001314,7,102,-95
222001464,80,29,51
222001465,12,67,-55
222001484,269,63,206
222001485,31,62,-31
222001494,1126,125,1001
222001495,159,101,58
222001496,505,96,409
222001497,95,171,-76
222001502,14,43,-29
222001503,164,30,134
222001504,23,197,-174
222001505,574,16,558
222001506,78,294,-216
222001507,367,33,334
222001510,960,53,907
222001511,87,174,-87
222001514,1121,208,913
222001515,168,348,-180
222001518,768,90,678
222001519,92,70,22
222001527,253,171,82
222001528,12,136,-124
222001529,647,30,617
222001530,104,161,-57
222001533,135,171,-36
222001534,799,55,744
222001535,427,333,94
222001536,62,78,-16
222001537,661,56,605
222001538,48,446,-398
222001563,1361,172,1189
222001564,132,133,-1
222001568,214,248,-34
222001576,0,4,-4
222001579,0,28,-28
222001583,3,47,-44
222001584,156,20,136
222001596,794,2201,-1407
222001597,1486,791,695
222001626,0,52,-52
222001650,23,194,-171
222001651,58,568,-510
222001914,350,83,267
222001915,27,243,-216
222900004,560,248,312
222900009,248,385,-137
222900019,217,474,-257
222900024,62,15,47
222900025,15,11,4
225000001,530,149,381
225000002,827,158,669
225000003,854,63,791
225000004,554,291,263
225000005,133,76,57
225000006,2,181,-179
225000007,933,1002,-69
225000010,332,22,310
225000011,435,1642,-1207
225000012,347,837,-490
225000013,181,86,95
225000014,732,130,602
225000015,108,97,11
225000021,809,136,673
225000027,160,369,-209
225000032,825,101,724
225000042,47,528,-481
225000049,62,49,13
225000050,151,19,132
225000053,9,303,-294
225000058,690,213,477
225000067,231,118,113
225000068,101,146,-45
225000069,48,287,-239
225000070,100,204,-104
225000071,46,79,-33
225000075,27,617,-590
225000076,33,90,-57
225000078,65,39,26
225000085,124,66,58
225000086,349,83,266
225000087,237,5,232
225000088,4,211,-207
225000089,77,840,-763
225000090,44,412,-368
225000091,146,75,71
225000092,35,42,-7
225000093,251,159,92
225000094,13,106,-93
225000095,213,237,-24
225000096,148,316,-168
225000098,1005,281,724
225000099,651,142,509
225000100,652,145,507
225000104,92,316,-224
225000110,8,275,-267
225000111,193,647,-454
225000112,249,859,-610
225000113,218,496,-278
225000114,146,252,-106
225000115,894,544,350
225000116,412,155,257
225000117,769,354,415
225000118,1509,309,1200
225000119,343,113,230
225000120,878,30,848
225000121,218,23,195
225000123,663,10,653
225000125,659,98,561
225000126,795,219,576
225000127,487,2106,-1619
225000128,517,1119,-602
225000132,659,50,609
225000133,283,29,254
225000134,810,137,673
225000135,122,10,112
225000136,639,25,614
225000137,345,49,296
225000138,533,142,391
225000143,44,207,-163
225000144,2,296,-294
225000145,33,24,9
225000146,80,41,39
225000147,61,94,-33
225000148,24,97,-73
225000149,58,215,-157
225000151,42,126,-84
225000155,272,214,58
225000156,255,875,-620
225000157,345,263,82
225000158,86,153,-67
225000171,11,125,-114
225000180,19,2,17
225000181,1,42,-41
225000182,67,10,57
225000185,7,370,-363
225000187,58,273,-215
225000191,65,3,62
225000194,0,8,-8
225000208,4,62,-58
225000209,137,7,130
225000210,9,255,-246
225000217,0,13,-13
225000218,12,4,8
225000223,0,51,-51
225000224,50,0,50
225000225,1,19,-18
225000226,31,1,30
225000227,78,75,3
225000228,9,8,1
225000229,0,43,-43
225000230,1,3,-2
225000231,0,22,-22
225000232,137,3,134
225000241,71,0,71
225000242,0,44,-44
225000249,12,0,12
225000250,79,488,-409
225000251,790,62,728
225000254,2,45,-43
225000256,1,228,-227
225000257,0,28,-28
226000042,160,312,-152
226000043,28,218,-190
226000044,101,401,-300
226000045,48,205,-157
226000046,783,69,714
226000047,515,123,392
226000048,475,108,367
226000049,453,227,226
226000070,0,12,-12
226000071,0,30,-30
226000072,0,9,-9
226000073,0,5,-5
226000074,1,17,-16
226000084,1,8,-7
226000085,2,5,-3
226000086,0,6,-6
226000087,1,20,-19
226000088,8,72,-64
226000090,110,173,-63
226000091,14,87,-73
226000092,0,48,-48
226000093,13,0,13
226000094,12,4,8
226000095,4,2,2
226000105,16,2,14
226000106,32,0,32
226000107,19,0,19
226000108,17,0,17
226000109,152,1,151
226000124,251,70,181
226000134,1330,697,633
226000135,2329,785,1544
226000136,922,680,242
226000137,4,123,-119
226000138,0,94,-94
226000139,0,68,-68
226000156,315,10,305
226000157,269,17,252
226000163,71,237,-166
226000202,10,137,-127
226000231,534,7,527
226000232,77,6,71
227000033,390,29,361
227000036,591,34,557
227000037,537,37,500
227000038,98,25,73
227000084,1,90,-89
227000085,0,42,-42
227000088,63,0,63
227000089,132,0,132
227000090,29,2,27
227000091,14,2,12
227000092,36,1,35
227000093,113,2,111
227000094,6,0,6
227000130,31,157,-126
227000131,19,70,-51
227000132,10,77,-67
227000133,7,83,-76
227000134,21,124,-103
227000152,1,6,-5
227000153,0,81,-81
227000154,0,46,-46
227000155,1,38,-37
227000156,3,21,-18
227000165,19,122,-103
227000196,626,98,528
227000199,679,199,480
227000230,8,189,-181
227000232,822,46,776
227000242,27,353,-326
227000243,402,46,356
227000245,10,184,-174
227000246,89,168,-79
227000247,526,39,487
227000248,218,54,164
227000249,10,49,-39
227000250,293,252,41
227000251,45,173,-128
227000252,58,81,-23
227000253,219,9,210
227000262,733,44,689
227000266,2077,23,2054
227000267,17,507,-490
227000282,2,47,-45
227000284,1010,35,975
227000286,5,24,-19
227000291,6,288,-282
227000296,243,410,-167
227000484,236,16,220
227000485,11,592,-581
227000655,300,5,295
227000656,838,43,795
227000657,176,12,164
227000704,344,16,328
229000265,22,9,13
229000266,0,0,0
229000267,12,0,12
229000268,25,1,24
229000269,67,3,64
229000274,0,99,-99
229000275,1,39,-38
229000276,0,14,-14
229000277,0,5,-5
229000278,5,8,-3
229000295,31,17,14
229000296,6,25,-19
229000297,8,20,-12
229000298,11,143,-132
229000320,23,13,10
229000321,9,17,-8
229000412,13,40,-27
229000414,24,45,-21
229000415,9,3,6
229000416,0,9,-9
229000417,2,13,-11
229000419,106,332,-226
229000440,386,119,267
229000442,14,39,-25
229000443,5,5,0
229000444,2,42,-40
229000445,84,16,68
229000446,97,36,61
229000491,1,20,-19
229000492,3,46,-43
229000493,12,43,-31
229000494,97,5,92
229000495,216,13,203
229000496,162,2,160
229000507,0,41,-41
229000508,0,37,-37
229000509,0,90,-90
229000510,1,46,-45
229000511,0,24,-24
229000512,0,30,-30
229000513,0,8,-8
229000514,0,3,-3
229000517,14,7,7
229000518,12,16,-4
229000519,0,5,-5
229000520,8,14,-6
229000521,64,24,40
229000522,12,1,11
229000523,7,4,3
229000524,14,1,13
229000527,2,0,2
229000528,0,0,0
229000529,13,0,13
229000530,81,2,79
229000531,33,1,32
229000532,28,3,25
229000533,71,2,69
229000534,38,0,38
229000564,117,0,117
229000565,49,0,49
229000566,0,4,-4
229000567,0,21,-21
229000582,95,2,93
229000583,7,3,4
229000584,1,7,-6
229000585,1,60,-59
229000718,0,3,-3
229000719,0,0,0
229000720,0,3,-3
229000721,0,5,-5
229000722,0,3,-3
229000723,0,1,-1
229000724,0,13,-13
229000725,0,0,0
229000738,2,0,2
229000739,1,0,1
229000740,2,0,2
229000741,59,0,59
229000742,15,0,15
229000743,23,0,23
229000744,2,1,1
229000745,2,0,2
229000746,19,3,16
229000847,78,0,78
229000848,32,1,31
229000849,120,0,120
229000851,64,0,64
229000854,0,5,-5
229000856,0,35,-35
229000857,0,9,-9
229000858,0,9,-9
229000919,5,42,-37
229000930,0,226,-226
229000937,88,8,80
229000966,62,58,4
229000981,25,9,16
229000985,20,30,-10
229000986,0,7,-7
229000987,0,6,-6
229000988,7,5,2
229000989,7,7,0
229000990,4,3,1
229000991,0,2,-2
229000992,36,12,24
229000993,195,15,180
229000998,10,28,-18
229000999,78,7,71
229001034,0,12,-12
229001035,5,4,1
229001036,6,42,-36
229001037,95,0,95
229001038,0,8,-8
229001039,5,0,5
229001040,0,54,-54
229001041,123,1,122
229001042,57,12,45
229001047,8,32,-24
229001050,28,8,20
229001168,0,32,-32
229001200,16,22,-6
229001338,3,30,-27
229001394,189,1,188
229001422,185,35,150
229001423,20,61,-41
229001431,54,48,6
229001432,23,35,-12
229001444,264,48,216
229001445,48,126,-78
229001479,42,4,38
229001503,325,98,227
229001504,115,139,-24
229001505,165,34,131
229001506,77,65,12
229001509,55,3,52
229001510,15,36,-21
229001545,127,1,126
229001546,6,37,-31
229001553,137,21,116
229001554,21,56,-35
229001630,99,9,90
229001631,26,15,11
229001635,2,41,-39
229001636,1,0,1
229001658,0,96,-96
229001659,61,2,59
229001660,4,6,-2
229001661,6,24,-18
229001662,21,1,20
229001663,0,15,-15
229002584,230,237,-7
229002831,138,122,16
229002841,19,23,-4
229002842,70,23,47
229002843,112,21,91
229002844,50,86,-36
229002845,18,114,-96
229002846,36,28,8
229002847,1,13,-12
229002848,21,27,-6
229002849,5,52,-47
229002850,35,0,35
229002851,50,157,-107
229002852,200,51,149
229002853,152,29,123
229002854,71,59,12
229002855,4,27,-23
229002856,54,4,50
229002857,15,96,-81
229002858,25,5,20
229002859,27,45,-18
229002860,110,17,93
229002861,112,35,77
229002862,32,52,-20
229002863,30,40,-10
229002864,36,31,5
229002865,14,24,-10
229002866,40,30,10
229002867,4,39,-35
229002868,18,38,-20
229002869,15,87,-72
229002870,86,17,69
235000066,206,39,167
235000067,118,63,55
235000072,30,69,-39
235000073,110,488,-378
235000074,81,32,49
235000080,23,40,-17
235000081,155,73,82
235000082,165,18,147
235000083,276,55,221
235000084,89,87,2
235000085,241,53,188
235000089,22,17,5
235000092,61,165,-104
235000093,16,16,0
235000097,4,6,-2
235000098,100,4,96
235000099,9,36,-27
235000116,27,18,9
235000117,431,8,423
235000133,14,714,-700
235000134,7,272,-265
235000206,9,10,-1
235000207,12,14,-2
235000208,3,5,-2
235000209,3,4,-1
235000210,16,0,16
235000212,5,32,-27
235000213,0,15,-15
235000220,4,14,-10
235000221,30,20,10
235000238,9,185,-176
235000239,1,49,-48
235000242,415,1194,-779
235000245,304,148,156
235000246,33,82,-49
235000284,11,130,-119
235000295,96,26,70
235000305,371,31,340
235000306,532,11,521
235000307,30,7,23
235000308,20,4,16
235000309,64,0,64
235000310,54,0,54
235000311,221,10,211
235000322,0,68,-68
235000323,1,35,-34
235000324,0,23,-23
235000325,4,51,-47
235000326,6,50,-44
235000351,4,68,-64
235000352,16,48,-32
235000353,4,26,-22
235000354,12,58,-46
235000355,19,74,-55
235000356,84,3,81
235000357,54,2,52
235000358,43,14,29
235000359,14,4,10
235000360,77,18,59
235000361,89,4,85
235000381,194,38,156
235000382,195,37,158
235000390,14,8,6
235000391,213,28,185
235000392,296,335,-39
235000393,233,167,66
235000395,171,54,117
235000396,690,68,622
235000400,219,95,124
235000401,10,104,-94
235000405,166,132,34
235000406,37,97,-60
235000407,37,61,-24
235000409,119,54,65
235000410,66,142,-76
235000411,6,18,-12
235000485,0,7,-7
235000486,13,2,11
235000549,137,72,65
235000550,159,66,93
235000599,209,26,183
235000600,6,19,-13
235000601,14,10,4
235000602,76,24,52
235000614,5,11,-6
235000648,2,18,-16
235000649,46,6,40
235000685,1,5,-4
235000815,29,155,-126
235000834,0,8,-8
235000855,59,20,39
235000862,36,54,-18
235000891,0,36,-36
235000892,16,2,14
235000901,85,99,-14
235000907,5,14,-9
235001010,110,37,73
235001029,133,173,-40
235001030,295,195,100
235001078,125,112,13
235001079,38,90,-52
235001147,1,85,-84
235001166,4,35,-31
235001167,84,29,55
235001169,29,292,-263
235001188,1,16,-15
235001189,5,1,4
235001197,2,102,-100
235001200,113,69,44
235001207,116,36,80
235001208,6,22,-16
235001209,16,33,-17
235001210,30,95,-65
235001215,14,64,-50
235001239,1,34,-33
235001244,1,24,-23
235016267,0,49,-49
241900007,58,2,56
277101746,0,3,-3
277102712,0,1,-1
277103813,0,0,0
277103898,0,1,-1
277104249,0,1,-1
277104250,0,10,-10
277104251,0,1,-1
277104252,0,2,-2
990011530,0,304,-304
990014944,0,282,-282
990015176,82,2,80
990015618,3,113,-110
990016032,2,271,-269
990032570,10,741,-731
990070001,139,20,119
990070103,0,0,0
990070601,0,67,-67
990070751,2464,14,2450
990070766,0,254,-254
990071180,559,194,365
990071343,27,0,27
990071387,0,2,-2
990071823,400,4,396
990072600,1,1276,-1275
990072964,2,239,-237
990073285,0,1,-1
990074393,1,424,-423
990074870,2253,19,2234
990075106,840,77,763
990075746,885,7,878
990076437,3579,46,3533
990076458,3,265,-262
997000007,386,21,365
997000041,3,296,-293
997000058,52,0,52
997000062,25,1,24
997000069,0,5,-5
997000070,0,18,-18
997000100,107,0,107
997000141,1,824,-823
997000198,1,326,-325
998000475,0,6,-6
998000736,0,50,-50
998000965,0,29,-29
998001031,0,64,-64
998001700,0,27,-27
998001899,0,0,0
998001900,5,0,5
998003073,1438,51,1387
998101900,0,0,0
998102850,8,372,-364
998501927,526,1459,-933
998501929,82,1,81
998501930,77,0,77
998501931,127,0,127
998501932,1,0,1
998501933,76,0,76
998501937,30,1,29
998501944,5,0,5
998501950,0,0,0
998501970,127,5,122
998501971,0,52,-52
998501973,1,22,-21
998501974,0,148,-148
998501975,99,2,97
998501976,190,0,190
998501977,1,23,-22
998501978,24,0,24
998501979,0,8,-8
998501980,130,28,102
998501981,84,42,42
998501982,1,152,-151
998501983,0,0,0
998502006,0,0,0
998502024,0,4,-4
998502032,0,1,-1
998502062,8,1,7
998502063,0,0,0
998502173,8,1,7
998502269,0,0,0
998601159,0,41,-41
998601292,1,33,-32
999033574,2,153,-151
999800001,107,54,53
999800002,0,5,-5
999800003,5,0,5
999800004,0,5,-5
999800005,0,14,-14
