ID,insum,outsum,diff
100000001,0,2,-2
100000002,1425,2542,-1117
100000003,2882,3709,-827
100000004,226,747,-521
100000005,1462,2311,-849
100000006,107,122,-15
100000007,400,467,-67
100000008,36,25,11
100000009,44,257,-213
100000010,1,84,-83
100000011,92,26,66
100000012,44,54,-10
100000013,0,23,-23
100000014,18,21,-3
100000015,507,820,-313
100000016,75,239,-164
100000017,52,128,-76
100000018,197,168,29
100000019,389,821,-432
100000020,304,1429,-1125
100000021,439,244,195
100000022,347,905,-558
100000023,633,495,138
100000025,266,1000,-734
100000028,411,485,-74
100000029,4,47,-43
100000030,70,6,64
100000031,668,2653,-1985
100000032,313,1185,-872
100000033,220,999,-779
100000034,8,195,-187
100000035,217,548,-331
100000036,181,365,-184
100000037,263,111,152
100000038,1013,402,611
100000039,69,54,15
100000040,16,120,-104
100000041,356,151,205
100000042,305,103,202
100000043,157,112,45
100000044,24,23,1
100000045,48,78,-30
100000046,202,81,121
100000047,44,41,3
100000048,53,170,-117
100000049,322,207,115
100000051,138,70,68
100000053,36,3,33
100000054,63,5,58
100000055,85,20,65
100000056,84,115,-31
100000057,637,105,532
100000058,61,132,-71
100000059,13,87,-74
100000060,115,178,-63
100000061,527,177,350
100000062,319,189,130
100000063,299,113,186
100000064,271,178,93
100000065,130,148,-18
100000066,50,88,-38
100000067,61,226,-165
100000068,148,189,-41
100000069,29,153,-124
100000072,17,76,-59
100000073,276,220,56
100000075,207,27,180
100000076,589,2122,-1533
100000077,43,269,-226
100000078,16,70,-54
100000079,2,48,-46
100000080,0,64,-64
100000081,2,45,-43
100000102,962,2016,-1054
100000103,423,575,-152
100000104,424,383,41
100000105,192,392,-200
100000106,332,1817,-1485
100000107,14,616,-602
100000108,47,104,-57
100000109,719,362,357
100000116,474,531,-57
100000117,0,43,-43
100000118,2125,432,1693
100000119,660,476,184
100000121,36,313,-277
100000122,132,521,-389
100000123,2330,2296,34
100000124,835,1141,-306
100000125,476,1059,-583
100000126,129,320,-191
100000127,320,390,-70
100000128,29,476,-447
100000129,57,182,-125
100000130,353,391,-38
100000131,207,292,-85
100000132,189,865,-676
100000133,973,325,648
100000135,145,449,-304
100000139,182,262,-80
100000140,0,0,0
100000142,322,115,207
100000143,45,99,-54
100000144,573,66,507
100000147,757,4037,-3280
100000150,24,141,-117
100000151,137,798,-661
100000153,3,82,-79
100000154,1,163,-162
100000155,1,38,-37
100000156,58,139,-81
100000157,698,138,560
100000158,29,107,-78
100000159,78,297,-219
100000165,632,241,391
100000169,21,212,-191
100000174,42,121,-79
100000179,7,561,-554
100000180,177,68,109
100000181,52,84,-32
100000188,2,42,-40
100000189,386,131,255
100000190,213,561,-348
100000191,93,196,-103
100000192,2,114,-112
100000193,51,81,-30
100000330,310,437,-127
100000355,58,77,-19
100000362,960,472,488
100000363,3523,4070,-547
100000364,199,75,124
100000365,5621,4733,888
100000366,1068,935,133
100000367,3333,3877,-544
100000368,112,60,52
100000369,149,1327,-1178
100000370,15,676,-661
100000376,2,255,-253
100000379,319,1591,-1272
100000380,1942,3056,-1114
100000384,2188,3232,-1044
100000385,574,2581,-2007
100000386,1279,2374,-1095
100000387,771,4413,-3642
100000388,1563,1409,154
100000389,1780,3214,-1434
100000390,1012,923,89
100000391,2447,4743,-2296
100000392,274,706,-432
100000393,229,2354,-2125
100000394,887,1375,-488
100000395,512,1191,-679
100000396,1188,659,529
100000397,619,1615,-996
100000398,7903,2331,5572
100900002,0,0,0
100900003,60,27,33
100900004,0,1,-1
100900005,0,0,0
100900006,0,0,0
100900007,0,0,0
100900008,0,2,-2
100900009,0,0,0
100900010,0,0,0
100900011,0,0,0
100900012,0,2,-2
100900013,0,0,0
100900014,0,0,0
100900015,0,0,0
100900016,0,0,0
100900017,101,66,35
100900018,0,0,0
100900019,0,0,0
100900020,0,0,0
100900021,55,0,55
100900022,0,0,0
100900023,0,0,0
100900024,0,0,0
100900025,0,0,0
100900026,0,0,0
100900027,8,235,-227
100900028,8,8,0
100900029,0,0,0
100900030,0,0,0
100900031,205,42,163
100900032,47,0,47
100900033,0,0,0
100900034,0,0,0
100900035,0,0,0
100900036,0,0,0
100900037,0,0,0
100900038,0,1,-1
100900039,20,0,20
100900040,151,20,131
100900041,126,0,126
100900042,24,23,1
100900043,0,3,-3
100900044,51,3,48
100900045,0,0,0
100900046,92,0,92
100900047,107,9,98
100900048,0,0,0
100900049,0,0,0
100900050,0,0,0
100900051,0,8,-8
100900052,1,0,1
100900053,0,0,0
100900054,0,0,0
100900055,0,0,0
100900056,0,0,0
100900057,61,6,55
100900058,0,0,0
100900059,0,0,0
100900060,0,0,0
100900061,0,0,0
100900062,0,0,0
100900063,13,176,-163
100900064,24,1,23
100900065,0,0,0
100900066,11,1,10
100900067,0,0,0
100900068,0,0,0
100900069,0,0,0
100900070,0,0,0
100900071,0,0,0
100900072,0,0,0
100900073,0,0,0
100900074,0,0,0
100900075,15,0,15
100900076,0,0,0
100900077,0,2,-2
100900078,1,1,0
100900079,0,0,0
100900080,0,7,-7
100900081,0,0,0
100900082,0,0,0
100900083,0,0,0
100900085,0,0,0
100900086,0,0,0
100900088,0,0,0
100900089,0,0,0
100900090,0,11,-11
100900091,0,0,0
100900092,41,0,41
100900093,0,0,0
100900094,0,0,0
100900095,0,0,0
100900096,0,1,-1
100900097,0,0,0
100900098,0,0,0
100900099,0,0,0
100900100,0,0,0
100900101,2,0,2
100900102,0,0,0
100900103,0,0,0
100900104,0,0,0
100900105,0,0,0
100900106,0,0,0
100900107,0,0,0
100900108,0,0,0
100900109,0,0,0
100900110,5,8,-3
100900111,0,0,0
100900112,0,0,0
100900113,0,0,0
100900114,0,0,0
100900115,0,0,0
100900116,25,0,25
100900117,0,0,0
100900118,0,0,0
100900119,0,0,0
100900120,0,0,0
100900121,11,2,9
100900122,0,0,0
100900123,0,0,0
100900124,0,0,0
100900125,0,0,0
100900126,0,0,0
100900127,0,0,0
100900128,0,0,0
100900129,0,0,0
100900131,1,0,1
100900133,0,0,0
100900134,0,0,0
100900135,0,0,0
100900137,0,0,0
100900138,0,0,0
100900139,0,0,0
100900140,0,0,0
100900141,0,0,0
100900142,0,0,0
100900143,0,0,0
100900144,0,0,0
100900145,0,0,0
100900146,0,0,0
100900147,0,0,0
100900148,0,0,0
100900149,0,0,0
100900150,0,0,0
100900151,3,0,3
100900152,0,0,0
100900153,0,0,0
100900154,1,0,1
100900155,0,0,0
100900156,0,0,0
100900157,0,0,0
100900158,0,0,0
100900159,0,0,0
100900160,0,0,0
100900161,0,0,0
100900162,0,0,0
100900163,0,0,0
100900164,0,0,0
100900165,0,0,0
100900166,0,0,0
100900167,0,0,0
100900168,0,0,0
100900169,0,5,-5
100900170,0,0,0
100900171,0,1,-1
100900172,0,0,0
100900173,0,0,0
100900174,0,0,0
100900176,0,0,0
100900177,0,0,0
100900178,30,2,28
100900179,0,0,0
100900180,0,0,0
100900181,0,0,0
100900182,0,3,-3
100900184,0,18,-18
100900186,0,0,0
100900187,0,0,0
100900188,3,0,3
100900189,0,0,0
100900191,0,0,0
100900192,0,0,0
100900195,0,3,-3
100900197,175,130,45
100900198,1,0,1
100900199,31,0,31
100900200,0,0,0
100900201,0,1,-1
100900202,0,0,0
100900203,0,0,0
100900204,4,2,2
100900205,0,0,0
100900206,0,0,0
100900207,0,0,0
100900210,0,0,0
100900211,0,0,0
100900213,0,0,0
100900214,15,0,15
100900215,0,0,0
101000001,627,1121,-494
101000002,282,1013,-731
101000003,23,462,-439
101000004,3681,5291,-1610
101000005,2491,4505,-2014
101000006,2661,4473,-1812
101000007,637,3112,-2475
101000008,1110,2611,-1501
101000009,1044,374,670
101000010,227,335,-108
101000011,129,245,-116
101000012,78,21,57
101000013,183,409,-226
101000014,218,618,-400
101000015,753,527,226
101000016,30,443,-413
101000017,100,305,-205
101000018,740,631,109
101000020,786,206,580
101000021,65,292,-227
101000022,6,7,-1
101000023,159,278,-119
101000025,96,215,-119
101000026,91,4,87
101000027,1094,1709,-615
101000028,31,10,21
101000029,17,769,-752
101000030,256,53,203
101000031,93,690,-597
101000032,1575,2173,-598
101000033,284,1312,-1028
101000034,217,1204,-987
101000035,74,182,-108
101000036,208,647,-439
101000037,306,1661,-1355
101000039,203,838,-635
101000040,504,1456,-952
101000041,2087,3933,-1846
101000042,32,517,-485
101000043,1392,2317,-925
101000045,162,367,-205
101000046,810,1306,-496
101000047,953,1997,-1044
101000048,71,131,-60
101000049,48,295,-247
101000050,279,1199,-920
101000051,164,1641,-1477
101000052,539,1622,-1083
101000053,122,539,-417
101000054,320,191,129
101000055,635,1531,-896
101000056,31,129,-98
101000057,130,547,-417
101000058,361,1522,-1161
101000059,997,2295,-1298
101000060,138,135,3
101000061,142,2225,-2083
101000062,64,170,-106
101000063,140,1267,-1127
101000064,126,520,-394
101000065,34,629,-595
101000066,136,753,-617
101000067,94,121,-27
101000068,155,421,-266
101000069,160,88,72
101000070,279,143,136
101000071,692,785,-93
101000072,2115,1215,900
101000073,1338,901,437
101000074,3813,1954,1859
101000075,6180,1012,5168
101000077,2304,587,1717
101000078,958,830,128
101000079,1256,543,713
101000080,674,36,638
101000081,915,773,142
101000082,1430,759,671
101000083,1189,871,318
101000084,312,138,174
101000085,1175,789,386
101000086,89,156,-67
101000087,149,188,-39
101000088,752,732,20
101000089,354,862,-508
101000090,346,173,173
101000091,261,282,-21
101000092,693,308,385
101000093,641,412,229
101000094,95,67,28
101000095,40,90,-50
101000096,503,329,174
101000097,25,156,-131
101000098,103,410,-307
101000099,315,682,-367
101000100,248,713,-465
101000101,286,330,-44
101000102,110,339,-229
101000103,315,273,42
101000104,41,348,-307
101000105,27,148,-121
101000106,8,202,-194
101000107,15,35,-20
101000108,139,45,94
101000109,76,13,63
101000110,26,48,-22
101000111,2,70,-68
101000113,74,339,-265
101000114,1128,1485,-357
101000115,0,0,0
101000116,0,0,0
101000117,0,0,0
101000119,5,63,-58
101000120,6,4,2
101000121,1,7,-6
101000122,3,12,-9
101000123,1,15,-14
101000124,335,89,246
101000125,43,31,12
101000128,49,120,-71
101000130,637,134,503
101000131,515,299,216
101000132,37,97,-60
101000135,0,3,-3
101000136,11,24,-13
101000137,10,343,-333
101000141,369,2698,-2329
101000147,164,57,107
101000148,136,0,136
101000149,0,0,0
101000150,34,138,-104
101000151,11,0,11
101000152,85,65,20
101000153,190,65,125
101000154,122,106,16
101000155,11,2,9
101000156,0,1,-1
101000157,4,11,-7
101000160,0,0,0
101000163,41,328,-287
101000164,54,23,31
101000165,208,128,80
101000166,86,288,-202
101000168,29,22,7
101000252,1103,234,869
101000254,0,0,0
101000258,208,2,206
101000261,677,40,637
101000262,345,2175,-1830
101000263,116,1014,-898
101000265,6,282,-276
101000266,81,41,40
101000269,0,0,0
101000290,74,1447,-1373
101000293,0,0,0
101000294,173,92,81
101000295,60,83,-23
101000301,32,289,-257
101000304,728,1559,-831
101000305,1016,842,174
101900001,1,0,1
101900002,0,0,0
101900003,0,0,0
101900004,0,0,0
101900005,0,0,0
101900006,0,0,0
101900007,0,0,0
101900008,0,0,0
101900009,0,0,0
101900010,0,0,0
101900011,0,0,0
101900012,0,0,0
101900013,0,0,0
101900017,0,0,0
101900018,15,1,14
101900019,0,0,0
101900020,17,2,15
101900021,0,0,0
101900022,7,10,-3
101900023,0,0,0
102000001,543,2633,-2090
102000002,988,285,703
102000003,448,2565,-2117
102000004,597,1407,-810
102000005,260,1534,-1274
102000006,178,1211,-1033
102000007,202,2149,-1947
102000008,1686,1123,563
102000009,2786,3677,-891
102000010,985,1093,-108
102000011,1825,3333,-1508
102000012,1868,1551,317
102000018,464,497,-33
102000019,75,411,-336
102000026,4,107,-103
102000029,120,38,82
102000030,17,67,-50
102000031,2,29,-27
102000032,93,87,6
102000033,100,170,-70
102000034,70,38,32
102000035,82,74,8
102000036,0,46,-46
102000037,4,19,-15
102000038,15,30,-15
102000039,2,37,-35
102000040,25,43,-18
102000041,3,135,-132
102000042,17,156,-139
102000043,15,23,-8
102000044,47,221,-174
102000045,68,323,-255
102000046,242,135,107
102000047,186,265,-79
102000048,83,225,-142
102000049,296,373,-77
102000050,169,259,-90
102000051,113,134,-21
102000052,489,248,241
102000053,365,391,-26
102000054,193,162,31
102000055,225,9,216
102000056,447,72,375
102000057,219,115,104
102000058,69,88,-19
102000059,92,92,0
102000060,427,524,-97
102000061,152,125,27
102000062,771,503,268
102000063,137,385,-248
102000064,525,633,-108
102000065,17,76,-59
102000066,283,149,134
102000067,541,1646,-1105
102000068,1436,918,518
102000069,15,571,-556
102000070,531,9,522
102000071,3455,4270,-815
102000072,818,900,-82
102000073,116,154,-38
102000074,184,116,68
102000075,100,86,14
102000076,71,75,-4
102000077,649,186,463
102000078,617,92,525
102000079,66,21,45
102000080,105,32,73
102000081,72,241,-169
102000082,66,223,-157
102000083,224,73,151
102000084,261,72,189
102000085,332,190,142
102000086,591,206,385
102000087,158,372,-214
102000088,137,61,76
102000089,628,97,531
102000090,148,483,-335
102000091,683,353,330
102000092,232,226,6
102000093,171,276,-105
102000094,362,76,286
102000095,152,307,-155
102000096,1593,250,1343
102000097,500,283,217
102000098,329,458,-129
102000099,701,313,388
102000100,75,231,-156
102000101,136,247,-111
102000102,144,256,-112
102000103,108,434,-326
102000104,86,234,-148
102000105,118,94,24
102000106,193,66,127
102000107,538,56,482
102000108,207,34,173
102000109,215,62,153
102000110,824,141,683
102000111,1,42,-41
102000112,22,16,6
102000113,0,7,-7
102000114,128,130,-2
102000115,34,49,-15
102000116,36,287,-251
102000117,7,120,-113
102000118,263,826,-563
102000119,134,230,-96
102000120,58,337,-279
102000121,141,234,-93
102000122,177,506,-329
102000123,115,207,-92
102000124,123,343,-220
102000125,147,77,70
102000126,79,229,-150
102000127,227,78,149
102000128,83,262,-179
102000129,188,96,92
102000130,151,505,-354
102000131,284,254,30
102000132,57,477,-420
102000133,1390,343,1047
102000134,199,274,-75
102000135,25,256,-231
102000136,11,100,-89
102000137,32,21,11
102000138,53,5,48
102000139,54,64,-10
102000140,7,15,-8
102000141,13,20,-7
102000142,56,32,24
102000143,65,41,24
102000144,122,36,86
102000145,41,27,14
102000146,172,55,117
102000147,31,20,11
102000148,5,114,-109
102000149,77,77,0
102000150,175,17,158
102000151,38,88,-50
102000152,52,32,20
102000153,226,129,97
102000154,59,60,-1
102000155,65,78,-13
102000156,38,9,29
102000157,2,89,-87
102000158,1,106,-105
102000159,35,71,-36
102000161,45,342,-297
102000162,5,20,-15
102000163,16,233,-217
102000164,95,448,-353
102000165,0,0,0
102000166,1,54,-53
102000167,0,0,0
102000168,36,48,-12
102000169,25,144,-119
102000170,0,0,0
102000171,0,0,0
102000172,3,65,-62
102000173,58,129,-71
102000174,2,8,-6
102000175,90,8,82
102000176,15,6,9
102000178,29,24,5
102000179,126,71,55
102000180,187,70,117
102000181,378,132,246
102000182,253,116,137
102000183,855,203,652
102000184,212,108,104
102000185,1125,190,935
102000186,261,130,131
102000187,124,92,32
102000188,547,483,64
102000189,525,80,445
102000190,447,971,-524
102000191,217,63,154
102000192,163,372,-209
102000193,14,20,-6
102000194,20,52,-32
102000195,170,43,127
102000196,85,58,27
102000197,325,37,288
102000198,77,87,-10
102000199,351,20,331
102000200,171,143,28
102000201,292,40,252
102000202,0,3,-3
102000203,27,5,22
102000204,183,162,21
102000205,372,107,265
102000206,75,38,37
102000207,236,131,105
102000208,84,96,-12
102000209,2,12,-10
102000210,86,9,77
102000211,52,1,51
102000212,245,10,235
102000213,0,0,0
102000214,114,13,101
102000215,0,1,-1
102000216,38,46,-8
102000217,0,14,-14
102000218,82,78,4
102000219,3,3,0
102000225,291,318,-27
102000226,0,0,0
102000227,39,0,39
102000228,0,0,0
102000229,5,18,-13
102000230,83,127,-44
102000231,69,212,-143
102000232,14,70,-56
102000233,54,133,-79
102000234,20,762,-742
102000236,14,11,3
102000237,53,25,28
102000238,4,8,-4
102000240,0,0,0
102000241,22,2,20
102000243,2,31,-29
102000245,0,0,0
102000246,3,50,-47
102000247,15,211,-196
102000248,87,450,-363
102000249,48,11,37
102000250,15,60,-45
102000254,75,67,8
102000266,2,24,-22
102000271,8,0,8
102000286,79,70,9
102000297,171,100,71
102000299,0,0,0
102000301,0,0,0
102000302,0,0,0
102000303,0,0,0
102000305,0,0,0
102000307,0,0,0
102000308,0,0,0
102900001,102,26,76
102900002,77,7,70
102900003,0,0,0
102900005,119,16,103
102900006,46,2,44
102900007,190,0,190
102900008,8,2,6
102900009,16,0,16
102900010,84,0,84
102900011,0,0,0
102900012,0,0,0
102900013,0,0,0
102900015,0,0,0
102900016,0,0,0
102900017,0,0,0
102900018,0,0,0
102900019,0,0,0
102900020,0,0,0
102900021,0,0,0
102900022,0,0,0
102900023,0,0,0
102900024,0,0,0
102900025,0,0,0
102900026,2,153,-151
102900027,0,0,0
102900028,1,62,-61
102900029,0,0,0
102900030,2,22,-20
102900031,30,21,9
102900032,0,0,0
102900033,0,0,0
102900034,95,13,82
102900035,0,0,0
102900036,97,32,65
102900037,55,37,18
102900038,59,11,48
102900039,13,0,13
102900040,0,0,0
102900041,0,0,0
102900042,0,0,0
102900043,0,0,0
102900044,0,0,0
102900045,0,0,0
102900046,0,0,0
102900047,0,0,0
102900048,0,0,0
102900049,0,0,0
102900050,0,0,0
102900051,0,0,0
102900052,0,0,0
102900053,0,0,0
102900054,1,0,1
102900055,0,0,0
102900056,0,0,0
102900057,0,0,0
102900058,0,0,0
102900059,0,0,0
102900060,0,10,-10
102900061,6,23,-17
102900062,47,17,30
102900063,113,10,103
102900064,2,72,-70
102900065,89,0,89
102900066,7,0,7
102900068,0,0,0
102900070,0,0,0
102900072,0,0,0
102900073,0,0,0
102900074,0,0,0
102900075,0,0,0
102900076,0,0,0
102900077,0,0,0
102900078,0,0,0
102900079,40,0,40
102900080,74,1,73
102900081,0,0,0
102900082,0,0,0
102900083,0,0,0
102900084,0,0,0
102900085,0,0,0
102900086,0,0,0
102900087,0,0,0
102900088,0,0,0
102900089,0,0,0
102900090,0,0,0
102900091,0,0,0
102900092,0,0,0
102900093,0,0,0
102900094,0,0,0
102900095,9,0,9
102900096,0,0,0
102900097,0,0,0
103000001,2553,1378,1175
103000002,1261,1184,77
103000003,945,1342,-397
103000004,310,311,-1
103000005,1119,1272,-153
103000006,582,756,-174
103000007,265,273,-8
103000008,181,94,87
103000009,470,408,62
103000010,61,54,7
103000011,391,539,-148
103000012,517,954,-437
103000013,367,512,-145
103000014,740,1626,-886
103000015,173,47,126
103000016,247,534,-287
103000017,119,233,-114
103000018,199,193,6
103000019,192,197,-5
103000020,333,440,-107
103000021,1945,1793,152
103000022,168,292,-124
103000023,367,1597,-1230
103000024,28,81,-53
103000025,33,375,-342
103000026,158,69,89
103000027,54,205,-151
103000028,159,179,-20
103000029,69,59,10
103000030,296,481,-185
103000031,477,1200,-723
103000032,673,594,79
103000033,2808,2393,415
103000034,593,533,60
103000035,134,696,-562
103000036,88,152,-64
103000037,258,194,64
103000038,387,646,-259
103000039,167,95,72
103000040,99,336,-237
103000041,807,527,280
103000042,588,132,456
103000043,424,310,114
103000044,67,1,66
103000046,35,64,-29
103000047,134,152,-18
103000048,52,11,41
103000049,9,56,-47
103000050,126,2,124
103000051,27,58,-31
103000052,67,7,60
103000053,6,39,-33
103000054,1022,142,880
103000055,1249,613,636
103000056,462,455,7
103000057,443,181,262
103000058,269,110,159
103000059,399,229,170
103000060,344,88,256
103000061,323,432,-109
103000062,184,63,121
103000063,414,308,106
103000064,24,40,-16
103000065,0,12,-12
103000066,31,1,30
103000069,106,49,57
103000070,179,92,87
103000071,250,171,79
103000072,78,62,16
103000073,592,27,565
103000074,208,17,191
103000075,11,129,-118
103000076,110,286,-176
103000077,0,87,-87
103000078,253,311,-58
103000079,52,223,-171
103000080,278,207,71
103000081,98,486,-388
103000082,268,20,248
103000083,4,78,-74
103000084,18,5,13
103000085,0,4,-4
103000086,567,262,305
103000087,98,313,-215
103000088,218,163,55
103000089,89,378,-289
103000090,3610,2500,1110
103000091,800,872,-72
103000092,432,170,262
103000093,96,110,-14
103000094,141,65,76
103000095,20,48,-28
103000096,320,19,301
103000097,10,84,-74
103000098,379,7,372
103000099,52,77,-25
103000100,27,131,-104
103000101,483,43,440
103000102,14,109,-95
103000103,412,31,381
103000104,6,42,-36
103000105,84,5,79
103000106,0,55,-55
103000107,117,29,88
103000108,728,929,-201
103000109,204,668,-464
103000110,613,823,-210
103000111,45,141,-96
103000112,78,133,-55
103000113,37,360,-323
103000114,758,236,522
103000115,559,552,7
103000116,634,233,401
103000117,461,180,281
103000118,49,123,-74
103000119,81,81,0
103000120,0,22,-22
103000121,21,82,-61
103000122,619,943,-324
103000125,4,42,-38
103000126,359,0,359
103000127,0,48,-48
103000128,63,2,61
103000129,0,45,-45
103000130,37,16,21
103000131,44,78,-34
103000132,4,38,-34
103000133,4,32,-28
103000134,103,189,-86
103000135,164,120,44
103000136,100,54,46
103000137,82,270,-188
103000138,204,348,-144
103000139,0,34,-34
103000140,32,24,8
103000141,1,43,-42
103000142,34,28,6
103000143,2,23,-21
103000144,82,24,58
103000145,3,18,-15
103000150,7,29,-22
103000152,46,152,-106
103000153,53,183,-130
103000156,0,67,-67
103000157,135,1,134
103000159,94,34,60
103000162,41,2,39
103000163,0,2,-2
103000164,0,1,-1
103000165,16,95,-79
103000166,83,194,-111
103000167,123,49,74
103000168,85,38,47
103000169,116,285,-169
103000170,656,249,407
103000171,5,36,-31
103000172,511,156,355
103000173,32,20,12
103000174,605,151,454
103000175,80,21,59
103000176,173,297,-124
103000177,48,18,30
103000178,6,15,-9
103000179,46,5,41
103000183,122,4,118
103000185,86,4,82
103000186,141,52,89
103000187,7,2,5
103000188,1,38,-37
103000189,271,351,-80
103000191,184,152,32
103000292,57,238,-181
103000293,104,807,-703
103000295,29,29,0
103000296,9,0,9
103000297,2,4,-2
103000504,4,0,4
103000505,0,0,0
103000506,0,31,-31
103000507,147,0,147
103000508,80,20,60
103000509,57,164,-107
103900001,0,0,0
103900002,0,0,0
103900003,55,12,43
103900004,5,0,5
103900005,0,0,0
103900006,0,0,0
103900007,0,0,0
103900008,2,0,2
103900009,44,1,43
103900010,20,0,20
103900011,0,0,0
103900012,0,5,-5
103900013,0,0,0
103900014,6,2,4
103900015,14,4,10
103900016,0,0,0
103900017,0,0,0
103900018,0,0,0
103900019,2,63,-61
103900020,0,0,0
103900021,14,0,14
103900022,83,3,80
103900023,27,0,27
103900024,0,6,-6
103900025,0,0,0
103900026,0,0,0
103900027,38,2,36
103900028,3,9,-6
103900029,113,0,113
103900030,19,1,18
103900031,15,0,15
103900032,0,1,-1
103900033,1,1,0
103900034,0,0,0
103900035,0,0,0
103900036,7,3,4
103900037,0,1,-1
103900038,2,35,-33
103900039,0,0,0
103900040,0,0,0
103900041,0,0,0
103900042,0,0,0
103900043,0,0,0
103900044,5,81,-76
103900045,6,1,5
103900047,0,0,0
103900048,0,0,0
103900049,0,0,0
103900050,0,0,0
103900051,0,0,0
103900052,0,0,0
103900053,0,0,0
103900054,0,0,0
103900055,0,0,0
103900056,0,0,0
103900057,56,4,52
103900058,0,0,0
103900059,0,0,0
103900060,63,7,56
103900061,25,1,24
103900062,0,0,0
103900063,0,0,0
103900064,8,0,8
103900065,47,1,46
103900066,18,0,18
103900067,17,0,17
103900068,0,0,0
103900069,2,4,-2
103900070,19,3,16
103900071,0,2,-2
103900072,0,1,-1
103900073,0,5,-5
103900074,4,0,4
103900075,0,0,0
103900076,0,0,0
103900077,1,20,-19
103900078,2,0,2
103900079,0,0,0
103900080,0,0,0
103900081,0,0,0
103900082,0,0,0
103900083,85,265,-180
103900084,0,0,0
103900085,0,0,0
103900086,33,26,7
103900087,0,0,0
103900088,6,32,-26
103900089,0,0,0
103900090,1,0,1
103900091,0,0,0
103900092,0,0,0
103900093,68,0,68
103900094,0,0,0
103900095,0,0,0
103900096,124,4,120
103900097,0,0,0
103900098,0,0,0
103900099,66,5,61
103900100,0,0,0
103900101,0,0,0
103900102,0,0,0
103900104,1,0,1
103900105,0,0,0
103900106,0,0,0
103900107,25,1,24
103900108,1,13,-12
103900109,26,0,26
103900110,0,0,0
103900111,0,0,0
103900112,0,0,0
103900113,0,0,0
103900114,0,0,0
103900115,0,0,0
103900116,1,9,-8
103900117,6,0,6
103900119,0,45,-45
103900120,0,1,-1
103900122,0,0,0
103900123,0,0,0
103900124,0,0,0
103900125,0,0,0
103900126,41,8,33
103900127,0,3,-3
103900128,0,0,0
103900131,0,0,0
103900133,100,0,100
103900134,0,0,0
103900135,0,0,0
103900137,0,0,0
103900138,0,0,0
103900139,9,47,-38
103900140,0,0,0
103900141,6,1,5
103900142,53,0,53
103900143,1,0,1
103900144,0,0,0
103900145,3,16,-13
103900146,17,0,17
103900147,0,0,0
103900148,0,0,0
103900149,53,2,51
103900150,114,49,65
103900151,0,0,0
103900152,203,6,197
103900153,0,0,0
103900154,0,2,-2
103900155,6,0,6
103900156,0,0,0
103900157,0,0,0
103900158,21,0,21
103900159,0,0,0
103900160,0,0,0
103900161,4,2,2
103900162,0,0,0
103900163,0,0,0
103900164,3,0,3
103900167,0,18,-18
103900168,17,1,16
103900169,0,14,-14
103900170,0,0,0
103900171,0,0,0
103900172,0,0,0
103900173,0,0,0
103900174,21,0,21
103900175,0,16,-16
103900176,0,0,0
103900177,0,0,0
103900178,0,0,0
103900179,0,0,0
103900180,0,0,0
103900181,0,0,0
103900182,0,0,0
103900184,0,0,0
103900185,0,0,0
103900187,0,1,-1
103900188,3,1,2
103900189,2,0,2
103900190,0,0,0
103900191,0,0,0
103900192,3,0,3
103900193,0,0,0
103900194,0,0,0
103900195,0,0,0
103900196,0,0,0
103900197,0,0,0
103900198,0,0,0
103900199,0,0,0
103900200,0,0,0
103900201,0,0,0
103900202,0,0,0
103900203,0,1,-1
103900204,0,0,0
103900207,0,0,0
103900208,12,0,12
103900209,0,0,0
103900210,0,0,0
103900211,113,10,103
103900212,0,0,0
103900213,0,0,0
103900214,133,213,-80
103900215,0,0,0
103900216,4,12,-8
103900217,12,0,12
103900218,0,0,0
103900219,0,0,0
103900233,0,0,0
103900235,0,0,0
103900236,0,0,0
103900242,0,0,0
103900243,0,0,0
103900244,14,1,13
103900245,0,0,0
103900246,1,0,1
103900247,0,0,0
103900248,0,0,0
103900249,0,0,0
103900250,0,0,0
103900251,0,0,0
103900253,0,0,0
103900254,0,0,0
103900255,0,0,0
103900256,0,0,0
103900257,0,0,0
103900258,0,0,0
103900259,0,0,0
103900261,0,0,0
103900262,0,0,0
103900263,0,0,0
103900264,0,0,0
103900265,0,0,0
103900266,0,1,-1
103900267,0,0,0
104000001,1106,637,469
104000002,1196,1782,-586
104000003,938,1263,-325
104000004,1697,1591,106
104000005,840,1314,-474
104000006,1101,939,162
104000007,2426,1601,825
104000008,79,44,35
104000009,426,342,84
104000010,73,271,-198
104000011,30,9,21
104000012,19,20,-1
104000013,137,247,-110
104000014,30,30,0
104000015,197,55,142
104000016,51,10,41
104000018,706,126,580
104000019,785,252,533
104000020,82,243,-161
104000021,141,380,-239
104000022,61,129,-68
104000023,501,125,376
104000024,19,28,-9
104000026,1,3,-2
104000027,38,26,12
104000028,542,142,400
104000029,13,12,1
104000030,442,445,-3
104000031,819,66,753
104000032,38,29,9
104000033,666,63,603
104000034,58,22,36
104000035,751,103,648
104000036,630,196,434
104000037,14,13,1
104000038,347,109,238
104000039,290,183,107
104000040,46,246,-200
104000041,326,134,192
104000042,199,177,22
104000043,23,153,-130
104000044,86,107,-21
104000045,323,89,234
104000046,221,204,17
104000047,157,485,-328
104000048,309,795,-486
104000049,255,80,175
104000050,44,119,-75
104000051,24,38,-14
104000052,688,791,-103
104000053,454,66,388
104000054,240,16,224
104000055,1080,310,770
104000056,275,13,262
104000057,0,0,0
104000058,686,224,462
104000059,295,531,-236
104000060,328,259,69
104000061,322,127,195
104000062,88,27,61
104000064,203,62,141
104000065,11,85,-74
104000069,511,762,-251
104000070,19,172,-153
104000071,0,0,0
104000072,81,24,57
104000075,0,0,0
104000076,0,0,0
104000082,482,922,-440
104000083,419,88,331
104000084,95,361,-266
104000085,203,63,140
104000086,108,159,-51
104000087,50,139,-89
104000090,49,76,-27
104000092,70,136,-66
104000094,126,73,53
104000095,530,572,-42
104000096,805,0,805
104000097,1120,111,1009
104000098,1330,149,1181
104000100,1047,138,909
104000101,740,587,153
104000106,51,147,-96
104000107,655,166,489
104000108,167,26,141
104000109,68,52,16
104000110,167,334,-167
104000111,325,492,-167
104000112,61,66,-5
104000116,0,90,-90
104000117,105,54,51
104000118,347,69,278
104000119,61,57,4
104000120,124,129,-5
104000121,85,207,-122
104000122,529,246,283
104000123,230,239,-9
104000124,270,785,-515
104000125,275,564,-289
104000126,320,335,-15
104000127,527,857,-330
104000128,568,163,405
104000129,11,0,11
104000130,0,50,-50
104000131,6,2,4
104000132,1,0,1
104000133,336,331,5
104000134,451,775,-324
104000135,119,998,-879
104000136,478,1630,-1152
104000137,762,276,486
104000138,84,21,63
104000139,1365,1616,-251
104000141,355,335,20
104000142,246,96,150
104000143,153,21,132
104000144,25,103,-78
104000145,284,109,175
104000146,35,139,-104
104000147,7,86,-79
104000148,176,196,-20
104000149,34,49,-15
104000150,672,157,515
104000151,103,73,30
104000152,176,90,86
104000153,450,351,99
104000154,185,251,-66
104000155,331,398,-67
104000157,450,358,92
104000158,53,204,-151
104000159,223,147,76
104000160,1162,1617,-455
104000161,51,54,-3
104000162,69,75,-6
104000165,205,258,-53
104000167,197,586,-389
104000168,326,0,326
104000169,87,14,73
104000170,13,29,-16
104000248,2,79,-77
104000251,0,0,0
104000272,0,0,0
104000273,0,0,0
104000274,0,0,0
104000275,0,0,0
104000279,283,662,-379
104000290,4,16,-12
104000291,436,496,-60
104000293,335,298,37
104000294,0,0,0
104000295,278,827,-549
104000296,98,132,-34
104000297,199,1420,-1221
104000298,392,246,146
104000299,371,862,-491
104900001,0,0,0
104900002,0,0,0
104900003,0,0,0
104900004,0,0,0
104900005,0,0,0
104900006,0,0,0
104900007,0,0,0
104900009,0,0,0
104900010,0,0,0
104900011,0,0,0
104900012,0,0,0
104900013,0,0,0
104900014,0,0,0
104900015,0,0,0
104900016,0,0,0
104900017,0,0,0
104900018,0,0,0
104900019,0,0,0
104900020,0,0,0
104900021,0,0,0
104900022,0,0,0
104900023,0,0,0
104900024,0,73,-73
104900025,0,0,0
104900026,0,0,0
104900027,0,0,0
104900028,0,10,-10
104900029,0,0,0
104900030,0,0,0
104900031,0,1,-1
104900032,0,0,0
104900033,0,0,0
104900034,0,0,0
104900035,0,0,0
104900036,0,0,0
104900037,0,0,0
104900038,0,0,0
104900039,0,0,0
104900040,0,0,0
104900041,0,0,0
104900042,0,0,0
104900043,0,0,0
104900044,22,2,20
104900045,0,0,0
104900046,0,0,0
104900047,79,1,78
104900048,60,2,58
104900049,0,0,0
104900050,0,0,0
104900051,17,0,17
104900052,0,0,0
104900053,100,4,96
104900054,7,0,7
104900055,0,0,0
104900056,28,1,27
104900057,0,0,0
104900058,6,0,6
104900059,47,14,33
104900060,0,0,0
104900061,0,0,0
104900063,0,0,0
104900064,0,0,0
104900065,3,0,3
104900066,0,0,0
104900067,0,0,0
104900068,0,0,0
104900070,0,0,0
104900071,0,0,0
104900072,0,0,0
104900073,0,0,0
104900074,0,0,0
104900075,0,0,0
104900076,0,0,0
104900077,0,0,0
104900078,0,0,0
104900079,0,0,0
104900080,0,0,0
104900082,0,0,0
104900085,1,0,1
104900087,26,0,26
104900089,0,0,0
104900090,0,0,0
104900091,0,0,0
104900093,0,0,0
104900097,0,0,0
104900098,0,0,0
104900099,0,0,0
104900100,0,0,0
104900102,0,0,0
104900103,0,0,0
104900104,0,0,0
104900106,0,0,0
104900107,0,0,0
104900108,0,0,0
104900109,0,0,0
104900110,0,0,0
104900111,0,0,0
104900112,0,0,0
104900113,0,0,0
104900114,0,0,0
104900115,0,0,0
104900116,0,0,0
104900118,0,0,0
104900119,0,0,0
104900120,0,0,0
104900121,0,0,0
104900122,0,0,0
104900123,0,0,0
104900124,0,0,0
104900125,23,2,21
104900126,0,0,0
104900127,0,0,0
104900128,15,0,15
104900129,0,0,0
105000001,948,520,428
105000002,760,819,-59
105000003,973,1276,-303
105000004,331,680,-349
105000005,409,649,-240
105000006,528,1059,-531
105000007,465,959,-494
105000008,513,1712,-1199
105000009,2060,1656,404
105000010,1125,595,530
105000011,1616,2024,-408
105000012,621,832,-211
105000013,514,715,-201
105000014,1792,1400,392
105000015,4158,5986,-1828
105000016,1165,979,186
105000017,1223,609,614
105000018,1616,794,822
105000019,891,1016,-125
105000020,147,229,-82
105000021,59,13,46
105000022,48,22,26
105000023,197,203,-6
105000028,1,105,-104
105000029,141,418,-277
105000030,1693,1384,309
105000033,472,618,-146
105000034,14,424,-410
105000037,203,29,174
105000038,575,561,14
105000039,254,564,-310
105000040,383,886,-503
105000041,47,338,-291
105000042,983,772,211
105000043,311,359,-48
105000044,516,154,362
105000045,120,189,-69
105000046,459,122,337
105000047,166,153,13
105000048,531,205,326
105000049,212,115,97
105000050,515,205,310
105000051,70,65,5
105000052,168,233,-65
105000053,138,10,128
105000054,115,183,-68
105000055,367,31,336
105000056,705,395,310
105000057,1249,178,1071
105000058,375,382,-7
105000059,585,309,276
105000060,329,79,250
105000061,400,125,275
105000062,232,116,116
105000063,60,34,26
105000064,968,209,759
105000065,31,45,-14
105000066,253,131,122
105000067,720,413,307
105000068,56,130,-74
105000069,561,499,62
105000070,293,590,-297
105000071,165,1028,-863
105000072,653,1344,-691
105000073,478,361,117
105000074,102,142,-40
105000075,139,281,-142
105000076,447,339,108
105000077,1229,273,956
105000078,287,655,-368
105000079,147,231,-84
105000080,1440,1292,148
105000081,213,132,81
105000082,454,843,-389
105000083,1778,1687,91
105000084,36,138,-102
105000085,2173,1320,853
105000086,98,120,-22
105000087,79,152,-73
105000088,1094,1044,50
105000089,681,746,-65
105000090,251,278,-27
105000091,222,261,-39
105000092,122,137,-15
105000093,56,66,-10
105000094,204,93,111
105000095,17,100,-83
105000096,468,643,-175
105000097,133,105,28
105000098,584,295,289
105000099,136,91,45
105000100,509,226,283
105000101,1091,615,476
105000102,585,290,295
105000103,667,570,97
105000104,713,157,556
105000105,732,440,292
105000106,735,334,401
105000107,595,184,411
105000108,799,158,641
105000109,843,332,511
105000110,530,129,401
105000111,458,85,373
105000112,496,165,331
105000113,224,385,-161
105000114,722,868,-146
105000115,183,775,-592
105000116,524,301,223
105000117,148,120,28
105000118,233,156,77
105000119,94,93,1
105000120,845,271,574
105000121,203,76,127
105000122,214,141,73
105000123,289,196,93
105000124,953,194,759
105000125,400,228,172
105000126,649,297,352
105000127,1382,264,1118
105000128,116,143,-27
105000129,316,111,205
105000130,116,1615,-1499
105000131,83,35,48
105000132,589,395,194
105000133,163,147,16
105000134,435,142,293
105000135,46,27,19
105000136,0,0,0
105000137,95,61,34
105000138,0,0,0
105000139,184,124,60
105000140,164,53,111
105000141,87,99,-12
105000142,317,102,215
105000143,88,175,-87
105000144,39,102,-63
105000145,317,111,206
105000146,0,0,0
105000147,486,86,400
105000148,217,185,32
105000149,810,516,294
105000150,52,49,3
105000151,236,74,162
105000152,66,91,-25
105000153,261,114,147
105000154,175,78,97
105000155,73,94,-21
105000156,63,67,-4
105000157,277,167,110
105000158,803,144,659
105000159,171,85,86
105000160,1105,239,866
105000161,215,113,102
105000162,236,771,-535
105000163,360,156,204
105000164,26,71,-45
105000165,66,2253,-2187
105000166,206,398,-192
105000167,341,1136,-795
105000168,142,119,23
105000169,256,29,227
105000170,49,377,-328
105000171,467,45,422
105000172,61,1,60
105000173,132,25,107
105000174,11,9,2
105000175,0,0,0
105000176,147,18,129
105000177,189,54,135
105000178,86,46,40
105000179,313,8,305
105000180,0,0,0
105000181,46,43,3
105000182,0,0,0
105000183,734,1487,-753
105000184,0,0,0
105000185,192,340,-148
105000186,0,4,-4
105000187,289,160,129
105000188,25,91,-66
105000189,1,4,-3
105000190,129,129,0
105000191,4,19,-15
105000192,176,23,153
105000193,22,5,17
105000194,240,13,227
105000195,68,126,-58
105000196,53,145,-92
105000197,11,140,-129
105000198,32,28,4
105000199,37,177,-140
105000200,130,166,-36
105000201,39,12,27
105000203,4,141,-137
105000204,17,33,-16
105000205,62,184,-122
105000207,0,0,0
105000208,70,166,-96
105000209,0,0,0
105000212,398,126,272
105000213,63,11,52
105000214,31,28,3
105000215,79,77,2
105000216,10,1,9
105000217,0,0,0
105000218,889,234,655
105000221,60,15,45
105000222,33,27,6
105000223,67,17,50
105000226,30,27,3
105000227,26,43,-17
105000228,18,505,-487
105000229,104,278,-174
105000231,244,52,192
105000233,355,357,-2
105000234,291,366,-75
105000235,215,229,-14
105000237,378,17,361
105000243,130,41,89
105000248,13,16,-3
105000262,218,39,179
105000269,30,59,-29
105000270,268,2,266
105000271,0,20,-20
105000282,3,3,0
105000287,144,25,119
105000288,245,124,121
105000289,514,731,-217
105000290,1,74,-73
105000402,386,1187,-801
105000426,15,277,-262
105000438,465,545,-80
105000446,1982,4065,-2083
105000447,2740,534,2206
105000454,0,0,0
105000455,73,49,24
105000474,71,0,71
105000477,157,175,-18
105000478,810,2492,-1682
105000479,65,58,7
105000480,2424,3269,-845
105000481,1359,909,450
105000482,946,1438,-492
105000483,636,1137,-501
105000484,721,1337,-616
105000485,1240,1581,-341
105000486,701,2247,-1546
105000488,677,1828,-1151
105000489,745,257,488
105000549,25,24,1
105000550,0,0,0
105000551,12,26,-14
105000552,925,350,575
105900001,3,67,-64
105900002,176,55,121
105900003,0,0,0
105900004,0,0,0
105900005,0,0,0
105900006,1,0,1
105900007,0,0,0
105900008,0,0,0
105900009,0,0,0
105900011,6,0,6
105900012,21,9,12
105900013,3,19,-16
105900014,0,2,-2
105900015,0,0,0
105900016,54,6,48
105900017,0,0,0
105900018,0,0,0
105900019,2,8,-6
105900020,0,0,0
105900021,1,6,-5
105900022,0,0,0
105900023,0,8,-8
105900024,1,1,0
105900025,6,0,6
105900026,0,0,0
105900027,560,66,494
105900028,5,0,5
105900029,278,55,223
105900030,34,26,8
105900031,0,0,0
105900032,0,0,0
105900033,0,0,0
105900034,0,0,0
105900035,0,0,0
105900036,0,0,0
105900037,0,0,0
105900038,0,0,0
105900039,0,0,0
105900040,0,0,0
105900041,0,0,0
105900042,0,0,0
105900043,52,0,52
105900044,0,0,0
105900045,0,0,0
105900046,0,0,0
105900047,0,0,0
105900048,34,6,28
105900050,31,157,-126
105900051,0,54,-54
105900052,7,0,7
105900053,0,0,0
105900054,0,0,0
105900056,19,14,5
105900057,10,7,3
105900058,0,0,0
105900059,0,0,0
106000001,1123,756,367
106000002,97,652,-555
106000003,1425,1563,-138
106000004,472,1845,-1373
106000005,2144,2526,-382
106000006,1408,1370,38
106000007,492,172,320
106000008,24,91,-67
106000009,367,202,165
106000010,35,98,-63
106000011,949,515,434
106000012,209,298,-89
106000013,1532,804,728
106000014,229,281,-52
106000015,1756,698,1058
106000016,224,347,-123
106000017,1040,356,684
106000018,67,140,-73
106000019,590,271,319
106000020,27,33,-6
106000021,468,258,210
106000022,42,27,15
106000023,888,259,629
106000024,93,64,29
106000025,310,300,10
106000026,8,35,-27
106000027,1679,734,945
106000028,18,53,-35
106000029,19,26,-7
106000030,0,0,0
106000034,0,0,0
106000035,388,764,-376
106000036,0,0,0
106000037,162,70,92
106000038,1,7,-6
106000039,21,23,-2
106000040,4,92,-88
106000041,439,122,317
106000043,195,37,158
106000046,74,7,67
106000047,0,0,0
106000049,580,31,549
106000050,77,78,-1
106000051,488,277,211
106000052,0,0,0
106000053,330,55,275
106000054,0,0,0
106000055,400,66,334
106000056,0,0,0
106000057,277,59,218
106000058,0,0,0
106000059,423,80,343
106000060,0,0,0
106000061,93,441,-348
106000062,0,0,0
106000063,542,530,12
106000064,0,0,0
106000065,399,70,329
106000066,49,16,33
106000067,278,43,235
106000068,30,9,21
106000069,168,41,127
106000070,51,9,42
106000071,537,154,383
106000072,406,640,-234
106000073,544,1193,-649
106000074,281,472,-191
106000075,189,303,-114
106000076,859,345,514
106000077,1017,386,631
106000078,595,139,456
106000079,550,188,362
106000080,615,92,523
106000081,548,190,358
106000082,743,51,692
106000083,251,314,-63
106000084,632,149,483
106000085,396,352,44
106000086,255,204,51
106000087,278,134,144
106000088,254,218,36
106000089,590,61,529
106000090,308,260,48
106000091,124,120,4
106000092,224,75,149
106000093,370,31,339
106000094,0,0,0
106000095,559,63,496
106000096,744,77,667
106000097,459,43,416
106000098,612,86,526
106000099,60,93,-33
106000100,855,46,809
106000101,572,42,530
106000102,44,109,-65
106000103,43,177,-134
106000104,386,157,229
106000105,81,234,-153
106000106,371,148,223
106000107,60,142,-82
106000108,204,85,119
106000109,10,87,-77
106000110,126,46,80
106000111,24,73,-49
106000112,148,212,-64
106000113,84,220,-136
106000114,215,143,72
106000115,41,207,-166
106000116,176,121,55
106000117,43,116,-73
106000118,586,382,204
106000119,33,117,-84
106000120,376,527,-151
106000121,149,75,74
106000122,108,57,51
106000123,226,25,201
106000124,152,25,127
106000125,27,76,-49
106000126,259,36,223
106000127,336,142,194
106000128,398,66,332
106000129,219,92,127
106000130,589,180,409
106000131,4,290,-286
106000132,313,29,284
106000133,73,482,-409
106000134,198,976,-778
106000135,3,138,-135
106000136,358,579,-221
106000137,0,129,-129
106000138,756,25,731
106000139,117,58,59
106000140,0,0,0
106000141,0,0,0
106000142,129,26,103
106000143,0,0,0
106000144,61,42,19
106000145,0,0,0
106000146,277,85,192
106000147,125,114,11
106000148,184,437,-253
106000149,500,139,361
106000150,275,790,-515
106000151,785,298,487
106000152,678,1126,-448
106000153,25,506,-481
106000154,483,100,383
106000155,57,116,-59
106000156,963,36,927
106000157,216,531,-315
106000158,508,387,121
106000159,389,688,-299
106000160,194,870,-676
106000161,155,81,74
106000162,158,392,-234
106000163,86,46,40
106000164,298,63,235
106000165,54,95,-41
106000166,529,63,466
106000167,198,261,-63
106000168,288,71,217
106000169,221,113,108
106000170,317,56,261
106000171,120,398,-278
106000172,781,114,667
106000173,543,701,-158
106000174,492,11,481
106000175,67,8,59
106000176,959,189,770
106000177,172,189,-17
106000178,1211,156,1055
106000179,71,74,-3
106000180,268,296,-28
106000181,461,460,1
106000182,1208,82,1126
106000183,907,99,808
106000184,516,110,406
106000185,311,294,17
106000186,82,5,77
106000187,23,248,-225
106000188,0,0,0
106000189,0,23,-23
106000190,13,2,11
106000191,102,14,88
106000192,0,0,0
106000193,59,64,-5
106000194,13,63,-50
106000195,41,48,-7
106000196,1,233,-232
106000197,166,39,127
106000198,25,40,-15
106000199,194,158,36
106000200,18,117,-99
106000201,63,1193,-1130
106000202,182,148,34
106000203,0,0,0
106000204,20,0,20
106000205,0,0,0
106000206,45,20,25
106000207,0,6,-6
106000208,536,30,506
106000209,961,162,799
106000210,15,11,4
106000211,17,39,-22
106000212,837,148,689
106000213,3,68,-65
106000214,631,122,509
106000215,64,107,-43
106000216,323,92,231
106000217,43,107,-64
106000218,311,68,243
106000219,46,77,-31
106000220,346,60,286
106000221,126,92,34
106000222,51,19,32
106000223,133,54,79
106000224,116,87,29
106000225,14,95,-81
106000226,31,112,-81
106000228,0,0,0
106000229,0,0,0
106000231,406,3,403
106000232,0,0,0
106000233,113,2,111
106000234,0,0,0
106000235,35,17,18
106000236,0,0,0
106000237,0,0,0
106000238,0,17,-17
106000239,0,0,0
106000240,2,0,2
106000241,0,94,-94
106000242,77,10,67
106000249,102,22,80
106000250,0,141,-141
106000251,49,4,45
106000252,0,0,0
106000253,37,16,21
106000254,0,0,0
106000255,36,8,28
106000256,0,0,0
106000257,5,41,-36
106000258,6,7,-1
106000259,0,0,0
106000260,0,0,0
106000261,0,0,0
106000262,12,0,12
106000263,0,0,0
106000264,68,1,67
106000265,0,0,0
106000266,72,0,72
106000267,0,0,0
106000268,115,1,114
106000269,0,0,0
106000270,26,15,11
106000271,7,7,0
106000272,0,0,0
106000273,0,4,-4
106000274,0,0,0
106000275,15,19,-4
106000276,0,0,0
106000277,1,36,-35
106000278,0,0,0
106000279,0,0,0
106000280,0,0,0
106000281,0,0,0
106000282,0,0,0
106000283,0,0,0
106000284,0,0,0
106000285,0,0,0
106000286,0,0,0
106000287,0,0,0
106000288,0,0,0
106000289,0,0,0
106000290,0,0,0
106000291,0,0,0
106000292,0,0,0
106000293,0,0,0
106000294,0,0,0
106000295,0,0,0
106000296,0,0,0
106000297,0,0,0
106000298,0,0,0
106000299,0,0,0
106000300,0,0,0
106000301,0,0,0
106000303,3,2,1
106000304,0,0,0
106000305,15,0,15
106000306,0,0,0
106000307,75,0,75
106000308,0,0,0
106000309,0,0,0
106000310,199,59,140
106000311,140,23,117
106000312,42,33,9
106000313,37,16,21
106000318,0,0,0
106000319,368,105,263
106000320,0,29,-29
106000321,24,98,-74
106000322,116,56,60
106000324,15,59,-44
106000325,1753,414,1339
106000326,125,285,-160
106000327,193,10,183
106000328,5,16,-11
106000329,3,46,-43
106000330,0,60,-60
106000428,68,201,-133
106000429,5,145,-140
106000430,27,426,-399
106000431,1080,187,893
106000432,63,506,-443
106000433,1419,615,804
106000434,2025,782,1243
106000435,105,491,-386
106000436,0,21,-21
106000437,200,62,138
106000438,41,227,-186
106000439,0,45,-45
106000440,76,172,-96
106000441,1,0,1
106000442,23,6,17
106000443,254,277,-23
106000450,0,0,0
106000451,21,73,-52
106000454,0,0,0
106000455,0,12,-12
106000456,9,2,7
106000457,0,0,0
106000458,549,37,512
106000459,0,0,0
106000460,651,16,635
106000461,0,0,0
106000462,0,0,0
106000463,0,5,-5
106000464,0,0,0
106000465,405,0,405
106000466,0,0,0
106000467,1,63,-62
106000468,16,59,-43
106000469,48,0,48
106000470,2,14,-12
106000471,0,0,0
106000472,83,3,80
106000473,0,0,0
106000474,57,102,-45
106000475,96,161,-65
106000476,110,135,-25
106000477,0,0,0
106900001,0,0,0
106900002,0,0,0
106900003,0,0,0
106900004,0,0,0
106900006,0,0,0
106900007,0,0,0
106900008,0,0,0
106900009,0,0,0
106900010,0,0,0
106900012,0,0,0
106900013,0,0,0
106900014,0,0,0
106900015,0,0,0
106900016,0,0,0
106900017,0,0,0
106900018,0,0,0
106900019,10,0,10
106900020,0,0,0
106900021,2,0,2
106900022,0,0,0
106900023,0,0,0
106900024,0,0,0
106900025,0,0,0
106900026,0,0,0
106900027,274,3,271
107000001,1593,2214,-621
107000002,549,930,-381
107000003,4504,4475,29
107000004,1296,715,581
107000005,3799,3068,731
107000006,1282,792,490
107000007,2917,3505,-588
107000008,1457,1341,116
107000009,6822,6547,275
107000010,2092,1500,592
107000011,76,101,-25
107000012,708,267,441
107000013,0,0,0
107000014,0,0,0
107000015,1,0,1
107000016,0,0,0
107000017,194,147,47
107000018,0,109,-109
107000020,205,354,-149
107000021,186,75,111
107000022,220,378,-158
107000023,658,92,566
107000024,229,648,-419
107000025,92,125,-33
107000026,74,146,-72
107000027,535,163,372
107000028,370,221,149
107000029,1594,1019,575
107000030,681,642,39
107000031,1858,907,951
107000032,151,357,-206
107000033,959,1157,-198
107000034,505,153,352
107000035,117,118,-1
107000036,161,424,-263
107000037,39,482,-443
107000038,31,44,-13
107000039,273,531,-258
107000040,112,37,75
107000041,352,226,126
107000042,191,667,-476
107000043,376,284,92
107000044,126,195,-69
107000045,47,143,-96
107000046,314,151,163
107000047,175,297,-122
107000048,332,159,173
107000049,177,358,-181
107000050,358,220,138
107000051,302,350,-48
107000052,304,387,-83
107000053,226,172,54
107000054,23,179,-156
107000055,125,102,23
107000056,638,855,-217
107000057,512,232,280
107000058,1512,1764,-252
107000059,262,356,-94
107000060,3497,3223,274
107000061,1105,671,434
107000062,3252,1431,1821
107000063,723,607,116
107000064,2606,1777,829
107000065,521,661,-140
107000066,1283,1657,-374
107000067,662,374,288
107000068,622,457,165
107000069,418,681,-263
107000070,335,1,334
107000071,1578,6,1572
107000072,1,131,-130
107000073,355,125,230
107000074,36,74,-38
107000075,1595,122,1473
107000076,14,151,-137
107000077,1796,137,1659
107000078,20,157,-137
107000079,1434,274,1160
107000080,112,136,-24
107000081,1275,228,1047
107000082,157,233,-76
107000083,834,399,435
107000084,123,351,-228
107000085,1288,934,354
107000086,531,852,-321
107000087,1300,872,428
107000088,469,638,-169
107000089,595,649,-54
107000090,210,184,26
107000091,716,337,379
107000092,129,248,-119
107000093,390,677,-287
107000094,106,282,-176
107000095,824,445,379
107000096,64,138,-74
107000097,295,225,70
107000098,77,255,-178
107000099,190,283,-93
107000100,41,173,-132
107000101,146,177,-31
107000102,151,204,-53
107000103,252,136,116
107000104,84,132,-48
107000105,505,91,414
107000106,58,65,-7
107000107,352,66,286
107000108,66,141,-75
107000109,301,53,248
107000110,0,0,0
107000111,191,21,170
107000112,0,0,0
107000113,596,27,569
107000114,0,1,-1
107000115,552,40,512
107000116,0,3,-3
107000117,126,312,-186
107000118,0,1,-1
107000119,362,834,-472
107000120,0,0,0
107000121,459,221,238
107000122,226,200,26
107000123,416,240,176
107000124,166,162,4
107000125,475,113,362
107000126,231,144,87
107000127,0,1,-1
107000129,78,37,41
107000130,172,216,-44
107000131,74,239,-165
107000132,209,151,58
107000133,120,1,119
107000134,159,0,159
107000135,3,81,-78
107000136,391,1,390
107000137,0,174,-174
107000138,29,0,29
107000139,0,112,-112
107000140,423,4,419
107000141,16,79,-63
107000142,49,4,45
107000143,4,83,-79
107000144,147,190,-43
107000145,29,71,-42
107000146,228,69,159
107000147,222,189,33
107000150,355,1022,-667
107000151,0,0,0
107000152,77,548,-471
107000153,7,24,-17
107000154,0,60,-60
107000155,514,7,507
107000156,620,3,617
107000157,7,226,-219
107000158,224,4,220
107000159,1,89,-88
107000160,711,36,675
107000161,19,130,-111
107000162,76,231,-155
107000163,57,1,56
107000164,368,0,368
107000165,674,4,670
107000166,3,94,-91
107000167,275,42,233
107000168,522,72,450
107000169,39,94,-55
107000170,1446,390,1056
107000171,111,211,-100
107000172,631,619,12
107000173,139,109,30
107000174,297,1662,-1365
107000175,807,209,598
107000176,19,0,19
107000177,0,0,0
107000178,41,1,40
107000179,155,331,-176
107000180,1006,100,906
107000181,175,78,97
107000182,1392,82,1310
107000183,97,37,60
107000184,539,52,487
107000185,109,69,40
107000186,480,63,417
107000187,355,410,-55
107000188,48,69,-21
107000189,253,198,55
107000190,203,106,97
107000191,372,421,-49
107000192,319,53,266
107000193,98,207,-109
107000194,207,59,148
107000197,442,51,391
107000198,113,186,-73
107000199,325,235,90
107000200,102,269,-167
107000201,91,100,-9
107000202,114,274,-160
107000203,108,512,-404
107000204,104,1107,-1003
107000205,218,102,116
107000206,96,689,-593
107000207,132,187,-55
107000208,96,123,-27
107000209,186,300,-114
107000210,35,102,-67
107000211,0,29,-29
107000212,0,35,-35
107000213,0,11,-11
107000214,1,21,-20
107000215,96,85,11
107000216,111,69,42
107000217,34,28,6
107000219,35,75,-40
107000220,25,45,-20
107000222,51,63,-12
107000224,119,13,106
107000225,51,120,-69
107000226,166,12,154
107000227,20,79,-59
107000228,8,60,-52
107000229,34,32,2
107000230,113,70,43
107000231,300,397,-97
107000232,56,1,55
107000233,28,104,-76
107000234,2,111,-109
107000235,64,5,59
107000236,0,0,0
107000237,17,0,17
107000238,25,3,22
107000239,501,113,388
107000240,15,27,-12
107000241,7,2,5
107000242,15,3,12
107000243,0,69,-69
107000244,6,2,4
107000246,0,15,-15
107000249,0,30,-30
107000251,0,5,-5
107000252,2,79,-77
107000255,49,1,48
107000257,0,148,-148
107000258,0,38,-38
107000259,0,18,-18
107000260,1055,11,1044
107000262,0,51,-51
107000263,411,13,398
107000266,13,46,-33
107000267,0,24,-24
107000268,63,35,28
107000269,4,2,2
107000270,51,22,29
107000271,0,0,0
107000272,28,0,28
107000273,0,35,-35
107000274,95,26,69
107000275,4,44,-40
107000280,478,8,470
107000281,0,68,-68
107000282,3,151,-148
107000290,1,7,-6
107000291,1,6,-5
107000292,0,33,-33
107000293,2,1,1
107000294,0,6,-6
107000295,12,0,12
107000296,0,11,-11
107000444,110,3,107
107000496,0,7,-7
107000497,158,192,-34
107000500,171,117,54
107000501,19,44,-25
107000502,93,86,7
107000505,60,292,-232
107000506,0,0,0
107000508,0,25,-25
107000509,28,314,-286
107000510,21,39,-18
107000514,11,56,-45
107000515,1,44,-43
107000516,289,87,202
107000518,596,481,115
107000519,70,19,51
107000520,18,33,-15
107900001,5,0,5
107900002,5,0,5
107900003,40,0,40
107900004,11,0,11
107900005,683,2,681
107900006,22,0,22
107900007,88,0,88
107900008,21,0,21
107900009,3,0,3
107900010,0,0,0
107900012,52,0,52
107900013,16,0,16
107900014,1,0,1
107900015,309,1,308
107900016,44,5,39
107900017,3,1,2
107900018,9,51,-42
107900019,23,1,22
107900020,0,0,0
107900021,3,2,1
107900023,16,1,15
107900024,0,0,0
107900025,63,24,39
107900026,11,0,11
107900027,0,0,0
107900028,29,0,29
107900030,34,0,34
107900031,28,2,26
107900032,2,0,2
107900033,1,1,0
107900034,24,5,19
107900035,321,3,318
107900036,5,6,-1
107900037,0,0,0
107900038,0,32,-32
107900039,4,1,3
107900040,0,0,0
107900041,0,0,0
107900043,18,8,10
107900044,2,2,0
107900045,24,19,5
107900046,35,22,13
107900047,0,0,0
107900048,23,1,22
107900049,0,71,-71
107900050,1,5,-4
107900051,4,0,4
107900052,0,0,0
107900053,12,1,11
107900055,57,20,37
107900056,7,39,-32
107900057,0,0,0
107900058,2,15,-13
107900060,0,0,0
107900061,0,0,0
107900063,4,32,-28
107900064,68,91,-23
107900065,116,0,116
107900066,1,0,1
107900067,0,0,0
107900068,33,145,-112
107900069,8,638,-630
107900070,16,29,-13
107900071,2,31,-29
107900072,62,8,54
107900073,0,0,0
107900074,0,0,0
107900076,17,4,13
107900077,0,0,0
107900078,45,20,25
107900079,9,7,2
107900080,10,30,-20
107900081,0,0,0
107900082,0,0,0
107900083,49,32,17
107900084,16,21,-5
107900086,3,26,-23
107900087,12,5,7
107900088,1,0,1
107900089,11,92,-81
107900090,7,208,-201
107900091,75,97,-22
107900092,122,6,116
107900093,0,0,0
107900095,188,207,-19
107900097,0,10,-10
107900098,22,26,-4
107900100,80,376,-296
107900101,17,0,17
107900102,3,0,3
107900103,1,16,-15
107900104,0,0,0
107900105,0,141,-141
107900106,0,91,-91
107900107,0,0,0
107900108,3,3,0
107900109,638,24,614
107900110,32,2,30
107900111,0,26,-26
107900112,2,42,-40
107900113,0,0,0
107900114,93,23,70
107900115,0,0,0
107900116,46,36,10
107900117,56,83,-27
107900118,2,1,1
107900119,16,15,1
107900120,3,0,3
107900121,0,0,0
107900122,0,0,0
107900123,0,1,-1
107900124,0,0,0
107900125,0,12,-12
107900126,0,0,0
107900127,0,0,0
107900128,8,16,-8
107900129,4,0,4
107900130,0,0,0
107900131,3,6,-3
107900132,0,30,-30
107900133,0,0,0
107900134,1,2,-1
107900135,0,0,0
107900136,0,0,0
107900137,23,12,11
107900138,1,1,0
107900139,0,0,0
107900140,1,5,-4
107900141,9,2,7
107900142,0,46,-46
107900143,3,1,2
107900144,0,5,-5
107900145,0,0,0
107900146,1,35,-34
107900147,4,1,3
107900148,19,8,11
107900149,68,9,59
107900150,0,21,-21
107900151,1,1,0
107900152,0,0,0
107900153,3,98,-95
107900154,10,1,9
107900155,0,0,0
107900156,0,0,0
107900157,1,26,-25
107900158,227,3,224
107900159,0,32,-32
107900160,58,5,53
107900161,14,3,11
107900162,0,0,0
107900163,0,0,0
107900164,0,1,-1
107900165,15,64,-49
107900166,1,3,-2
107900167,0,0,0
107900168,4,2,2
107900169,11,3,8
107900171,0,46,-46
107900172,1,0,1
107900173,1,0,1
107900174,0,0,0
107900175,0,0,0
107900176,2,0,2
107900177,0,0,0
107900178,4,0,4
107900179,0,0,0
107900180,18,212,-194
107900181,0,0,0
107900182,0,12,-12
107900183,0,1,-1
107900184,0,0,0
107900185,0,0,0
107900186,1,0,1
107900187,1,5,-4
107900188,297,68,229
107900189,0,0,0
107900190,4,15,-11
107900191,0,0,0
107900193,0,0,0
107900194,0,0,0
107900195,138,12,126
107900196,0,0,0
107900197,4,22,-18
107900199,0,0,0
107900201,0,0,0
107900203,0,0,0
107900204,0,0,0
107900205,6,10,-4
107900206,11,75,-64
107900207,3,38,-35
107900208,1,20,-19
107900209,0,0,0
107900210,1,1,0
107900213,0,0,0
107900214,0,32,-32
107900215,12,43,-31
107900216,0,0,0
107900217,0,0,0
107900218,0,0,0
107900219,0,0,0
107900220,0,0,0
107900221,6,7,-1
107900223,0,0,0
107900224,46,34,12
107900225,0,0,0
107900226,0,0,0
107900227,1,14,-13
107900228,0,0,0
107900229,0,0,0
107900230,0,0,0
107900231,0,0,0
107900232,28,5,23
107900233,0,0,0
107900234,0,0,0
107900235,0,9,-9
107900236,0,0,0
107900237,0,0,0
107900238,0,0,0
107900239,17,44,-27
107900240,2,0,2
107900241,0,0,0
107900242,0,15,-15
107900243,0,0,0
107900244,0,0,0
107900245,135,10,125
107900246,112,19,93
107900248,199,2,197
107900249,212,20,192
107900250,1,16,-15
107900251,5,31,-26
107900252,102,4,98
107900253,40,2,38
107900254,0,7,-7
107900255,11,4,7
107900256,7,0,7
107900257,18,30,-12
107900258,20,3,17
107900259,6,411,-405
107900261,0,109,-109
107900262,0,0,0
107900264,99,4,95
107900265,30,35,-5
107900267,81,1,80
107900268,0,0,0
107900269,0,0,0
107900270,0,0,0
107900271,0,0,0
107900272,20,0,20
107900273,26,1,25
107900274,37,0,37
107900275,0,0,0
107900276,0,0,0
107900277,0,0,0
107900278,122,0,122
107900279,0,0,0
107900280,359,98,261
107900281,106,862,-756
107900282,9,231,-222
107900283,116,47,69
107900284,213,49,164
107900285,32,10,22
107900286,3,2,1
107900287,52,32,20
107900290,0,0,0
107900291,106,0,106
107900292,71,71,0
107900293,65,87,-22
107900295,12,1,11
107900297,0,0,0
107900298,153,78,75
107900299,557,254,303
107900300,120,113,7
107900301,76,131,-55
107900302,28,0,28
107900303,205,60,145
107900304,88,1,87
107900305,157,4,153
107900306,0,0,0
107900307,0,0,0
107900308,64,13,51
107900309,0,0,0
107900310,0,0,0
107900311,0,0,0
107900312,0,0,0
107900313,0,0,0
107900314,0,0,0
107900315,0,0,0
107900316,0,0,0
107900317,0,0,0
107900318,0,0,0
107900319,0,1,-1
107900320,0,1,-1
107900321,34,0,34
107900322,0,2,-2
107900323,0,3,-3
107900324,57,1,56
107900325,35,0,35
107900326,124,22,102
107900327,0,0,0
107900328,0,0,0
107900329,0,0,0
107900330,0,11,-11
107900331,87,22,65
107900332,120,1,119
107900333,11,0,11
107900334,1,26,-25
107900335,1,1,0
107900336,3,6,-3
107900337,141,238,-97
107900338,0,0,0
107900339,2,0,2
107900340,0,0,0
107900341,0,0,0
107900342,9,75,-66
107900343,1,5,-4
107900344,1,147,-146
107900345,36,7,29
107900346,0,0,0
107900347,9,0,9
107900348,1,2,-1
107900349,19,0,19
107900350,1,27,-26
108000001,2223,1331,892
108000002,102,213,-111
108000003,2152,1116,1036
108000004,1313,3199,-1886
108000005,5465,2543,2922
108000006,836,1314,-478
108000007,3728,1804,1924
108000008,930,884,46
108000009,3406,2187,1219
108000010,744,842,-98
108000011,8936,4624,4312
108000012,2835,2531,304
108000014,290,370,-80
108000015,507,74,433
108000016,37,86,-49
108000017,752,117,635
108000018,1418,121,1297
108000019,281,138,143
108000020,569,181,388
108000021,73,56,17
108000022,177,307,-130
108000023,642,114,528
108000024,88,82,6
108000025,184,30,154
108000026,458,44,414
108000027,376,5,371
108000028,516,59,457
108000029,270,3,267
108000030,406,47,359
108000031,79,7,72
108000032,1082,184,898
108000033,126,182,-56
108000034,1406,141,1265
108000035,188,524,-336
108000036,111,103,8
108000037,1093,97,996
108000038,1947,185,1762
108000039,64,95,-31
108000040,1284,375,909
108000041,87,130,-43
108000042,253,51,202
108000043,67,16,51
108000044,732,28,704
108000045,42,1,41
108000046,1140,150,990
108000047,172,167,5
108000048,0,0,0
108000049,545,40,505
108000050,2,19,-17
108000051,242,58,184
108000052,6,33,-27
108000053,210,90,120
108000054,56,281,-225
108000055,497,179,318
108000056,117,157,-40
108000057,348,605,-257
108000058,1088,1768,-680
108000059,365,659,-294
108000060,97,166,-69
108000061,65,80,-15
108000062,446,169,277
108000063,288,121,167
108000064,150,115,35
108000065,278,181,97
108000066,608,47,561
108000067,1022,156,866
108000068,570,163,407
108000069,32,369,-337
108000070,1713,122,1591
108000071,102,419,-317
108000072,1366,252,1114
108000073,291,334,-43
108000074,511,178,333
108000075,215,164,51
108000076,993,168,825
108000077,170,98,72
108000078,1514,379,1135
108000079,169,375,-206
108000080,1114,232,882
108000081,129,321,-192
108000082,183,141,42
108000083,940,423,517
108000084,35,97,-62
108000085,525,259,266
108000086,95,36,59
108000087,66,1283,-1217
108000088,103,3,100
108000089,85,90,-5
108000090,419,12,407
108000091,30,134,-104
108000092,271,29,242
108000093,93,123,-30
108000094,761,18,743
108000095,44,65,-21
108000096,627,92,535
108000097,67,66,1
108000098,1176,292,884
108000099,149,14,135
108000100,196,107,89
108000101,871,425,446
108000102,526,1106,-580
108000106,378,1,377
108000107,1,144,-143
108000108,414,26,388
108000109,1,113,-112
108000110,208,38,170
108000111,42,201,-159
108000112,10,149,-139
108000113,189,105,84
108000115,97,27,70
108000117,298,36,262
108000118,40,44,-4
108000119,335,22,313
108000120,92,261,-169
108000121,109,58,51
108000122,341,99,242
108000123,380,49,331
108000124,98,44,54
108000125,429,42,387
108000126,75,42,33
108000127,362,78,284
108000128,284,24,260
108000129,67,60,7
108000130,222,93,129
108000131,303,84,219
108000132,111,77,34
108000133,1429,77,1352
108000134,213,68,145
108000135,1027,127,900
108000136,14,49,-35
108000137,390,49,341
108000138,93,213,-120
108000139,459,94,365
108000140,431,6,425
108000141,26,42,-16
108000142,10,27,-17
108000143,16,5,11
108000144,407,2,405
108000145,27,9,18
108000146,313,10,303
108000147,6,10,-4
108000148,163,8,155
108000149,1,2,-1
108000150,39,18,21
108000151,3,7,-4
108000152,21,17,4
108000153,230,41,189
108000154,34,36,-2
108000155,41,36,5
108000156,286,99,187
108000157,33,613,-580
108000158,12,224,-212
108000159,145,52,93
108000160,846,521,325
108000161,607,773,-166
108000165,40,148,-108
108000172,0,73,-73
108000173,902,553,349
108000175,252,18,234
108000178,93,259,-166
108000179,91,496,-405
108000181,45,1,44
108000182,115,5,110
108000183,0,0,0
108000184,93,1451,-1358
108000185,0,9,-9
108000186,61,30,31
108000187,0,13,-13
108000188,206,3,203
108000189,117,943,-826
108000190,0,0,0
108000192,61,117,-56
108000193,38,28,10
108000194,9,0,9
108000195,0,15,-15
108000196,85,12,73
108000198,237,106,131
108000199,0,0,0
108000200,154,4,150
108000202,0,120,-120
108000203,1,12,-11
108000204,28,24,4
108000205,28,2,26
108000339,728,410,318
108000364,86,178,-92
108000365,11,59,-48
108000367,27,2,25
108000368,2,0,2
108000369,99,5,94
108000371,0,159,-159
108000372,191,0,191
108000373,212,21,191
108000376,133,14,119
108000377,447,181,266
108000378,6810,5867,943
108000379,0,0,0
108000381,75,14,61
108000382,31,0,31
108000383,0,23,-23
108900001,0,17,-17
108900002,83,6,77
108900003,1,8,-7
108900004,147,177,-30
108900005,32,112,-80
108900006,181,80,101
108900007,154,58,96
108900008,73,29,44
108900009,35,40,-5
108900010,147,31,116
108900011,619,53,566
108900012,289,100,189
108900013,83,64,19
108900014,6,5,1
108900015,0,0,0
108900016,0,0,0
108900017,18,21,-3
108900018,39,74,-35
108900019,0,15,-15
108900020,11,12,-1
108900021,33,38,-5
108900022,70,2,68
108900023,0,0,0
108900024,1,2,-1
108900025,97,11,86
108900026,0,0,0
108900027,0,1,-1
108900028,29,17,12
108900029,6,46,-40
108900030,0,1,-1
108900031,24,23,1
108900032,0,0,0
108900033,0,30,-30
108900034,1,4,-3
108900035,31,52,-21
108900036,58,42,16
108900037,0,0,0
108900038,0,32,-32
108900039,0,10,-10
108900040,3,20,-17
108900041,1017,1082,-65
108900042,1,11,-10
108900043,0,0,0
108900044,0,21,-21
108900045,42,47,-5
108900046,0,16,-16
108900047,0,7,-7
108900048,20,42,-22
108900049,157,279,-122
108900050,4,30,-26
108900051,0,6,-6
108900052,32,18,14
108900053,14,82,-68
108900054,6,1,5
108900055,0,9,-9
108900056,0,4,-4
108900057,0,6,-6
108900058,5,22,-17
108900059,114,11,103
108900060,17,52,-35
108900061,3,0,3
108900062,1,20,-19
108900063,0,48,-48
108900064,25,14,11
108900065,22,14,8
108900066,248,29,219
108900067,6,10,-4
108900068,0,8,-8
108900069,68,0,68
108900070,32,14,18
108900071,127,5,122
108900072,154,96,58
108900073,11,20,-9
108900074,78,13,65
108900075,0,13,-13
108900076,179,30,149
108900077,15,107,-92
108900078,6,7,-1
108900079,65,9,56
108900080,16,145,-129
108900081,1,36,-35
108900082,46,7,39
108900083,1,31,-30
108900084,38,11,27
108900085,193,20,173
108900086,17,9,8
108900087,52,4,48
108900088,191,99,92
108900089,1,96,-95
108900090,45,11,34
108900091,9,14,-5
108900092,130,64,66
108900093,13,27,-14
108900094,43,11,32
108900095,0,19,-19
108900096,45,4,41
108900097,76,11,65
108900098,238,306,-68
108900099,156,19,137
108900100,8,15,-7
108900101,19,26,-7
108900102,13,276,-263
108900103,29,23,6
108900104,11,25,-14
108900105,0,520,-520
108900106,175,24,151
108900108,71,3,68
108900109,36,8,28
108900110,46,25,21
108900111,233,37,196
108900112,68,3,65
108900113,21,31,-10
108900114,1,1,0
108900115,72,24,48
108900116,2,6,-4
108900117,79,8,71
108900118,197,21,176
108900119,151,8,143
108900120,35,42,-7
108900121,65,11,54
108900122,144,0,144
108900123,59,34,25
108900124,30,13,17
108900125,128,1,127
108900126,25,14,11
108900127,143,8,135
108900128,83,1,82
108900129,91,11,80
108900130,102,0,102
108900131,184,4,180
108900132,124,1,123
108900133,104,4,100
108900134,292,16,276
108900135,96,1,95
108900136,6,0,6
108900137,124,1,123
108900138,309,10,299
108900139,244,6,238
108900140,306,25,281
108900141,208,0,208
108900142,51,0,51
108900143,39,0,39
108900144,36,0,36
108900145,140,13,127
108900146,7,0,7
108900147,152,0,152
108900148,5,5,0
108900149,93,31,62
108900150,20,1,19
108900151,1,0,1
108900152,94,15,79
108900153,139,5,134
108900154,1800,83,1717
108900155,69,6,63
108900156,60,11,49
108900157,0,21,-21
108900158,308,92,216
108900159,0,17,-17
108900160,1,55,-54
108900161,0,46,-46
108900162,75,0,75
108900163,0,187,-187
108900164,7,6,1
108900165,6,11,-5
108900167,77,2994,-2917
108900168,878,667,211
108900169,12,5,7
108900171,433,1199,-766
108900172,67,11,56
108900173,29,11,18
108900174,523,60,463
108900176,1,74,-73
108900177,155,756,-601
108900178,291,1205,-914
108900179,35,445,-410
108900180,42,132,-90
108900182,9,128,-119
108900183,20,43,-23
108900184,228,146,82
108900185,1,66,-65
108900186,11,50,-39
108900187,403,4,399
108900188,316,2,314
108900189,114,17,97
108900190,0,101,-101
108900191,23,14,9
108900192,18,29,-11
108900193,2,2,0
108900194,0,20,-20
108900195,17,32,-15
108900196,2,13,-11
108900198,0,8,-8
108900199,68,53,15
108900200,149,193,-44
108900201,74,173,-99
108900203,275,23,252
108900204,126,3,123
108900205,138,6,132
108900206,77,6,71
108900207,36,11,25
108900208,2,45,-43
108900209,9,45,-36
108900210,29,1,28
108900211,1,48,-47
108900212,11,144,-133
108900215,1,6,-5
108900216,65,46,19
108900217,12,0,12
108900218,8,0,8
108900219,30,0,30
108900220,25,4,21
108900221,0,0,0
108900222,100,9,91
108900223,0,0,0
108900224,0,0,0
108900225,0,0,0
108900226,82,2,80
108900227,18,55,-37
108900230,24,9,15
108900231,1,15,-14
108900232,0,24,-24
108900233,130,4,126
108900234,81,14,67
108900235,0,0,0
108900236,0,0,0
108900237,0,0,0
108900240,9,20,-11
108900241,2,24,-22
108900245,0,110,-110
108900249,2,1,1
108900250,42,0,42
108900257,35,0,35
108900258,0,9,-9
108900259,0,2,-2
108900260,0,0,0
108900261,1,2,-1
108900262,12,32,-20
108900263,2,13,-11
108900264,9,38,-29
108900265,51,205,-154
108900266,17,228,-211
108900267,0,122,-122
108900268,25,9,16
108900269,35,2,33
108900270,40,1,39
108900271,11,0,11
108900272,84,2,82
108900273,39,222,-183
108900274,32,0,32
109000001,799,1964,-1165
109000002,3,311,-308
109000003,1608,267,1341
109000004,1,106,-105
109000005,1248,337,911
109000006,3,99,-96
109000007,1145,343,802
109000008,3,93,-90
109000009,1923,638,1285
109000010,15,304,-289
109000011,2239,890,1349
109000012,12,241,-229
109000013,3057,1841,1216
109000014,55,153,-98
109000015,2977,4585,-1608
109000016,95,253,-158
109000017,1878,525,1353
109000018,39,220,-181
109000019,1379,635,744
109000020,10,68,-58
109000023,48,3,45
109000024,0,35,-35
109000025,89,208,-119
109000026,271,225,46
109000027,45,140,-95
109000028,44,72,-28
109000029,51,143,-92
109000030,0,0,0
109000031,254,49,205
109000032,0,4,-4
109000033,280,66,214
109000034,0,1,-1
109000035,0,7,-7
109000036,1,108,-107
109000037,60,1107,-1047
109000038,62,52,10
109000039,291,471,-180
109000040,368,3853,-3485
109000041,127,1006,-879
109000042,203,465,-262
109000044,221,10,211
109000045,39,2,37
109000046,218,30,188
109000047,16,2,14
109000048,251,29,222
109000049,34,8,26
109000050,242,123,119
109000051,9,26,-17
109000052,67,45,22
109000053,326,87,239
109000054,14,32,-18
109000055,16,89,-73
109000056,54,18,36
109000057,46,381,-335
109000058,44,5,39
109000059,1,201,-200
109000060,28,166,-138
109000061,21,752,-731
109000062,16,161,-145
109000063,4,44,-40
109000064,123,40,83
109000065,6,11,-5
109000066,141,2,139
109000067,2,32,-30
109000068,94,2,92
109000069,179,1,178
109000070,0,6,-6
109000071,110,63,47
109000072,102,216,-114
109000073,1,41,-40
109000074,7,151,-144
109000075,41,2,39
109000076,40,104,-64
109000077,98,82,16
109000078,17,48,-31
109000079,41,12,29
109000080,50,12,38
109000081,51,56,-5
109000082,256,21,235
109000083,144,52,92
109000088,132,22,110
109000089,226,22,204
109000090,174,69,105
109000091,224,80,144
109000092,136,141,-5
109000093,244,38,206
109000094,470,1,469
109000095,24,55,-31
109000096,499,47,452
109000097,2,18,-16
109000098,15,51,-36
109000099,397,11,386
109000100,9,107,-98
109000101,914,233,681
109000102,206,139,67
109000103,246,150,96
109000104,1308,193,1115
109000105,96,196,-100
109000106,666,237,429
109000107,175,106,69
109000108,1191,247,944
109000109,132,76,56
109000110,471,280,191
109000111,252,323,-71
109000112,17,16,1
109000113,59,27,32
109000114,132,87,45
109000115,377,32,345
109000116,0,65,-65
109000117,142,8,134
109000118,0,70,-70
109000119,766,8,758
109000120,9,113,-104
109000121,471,10,461
109000122,13,78,-65
109000123,34,10,24
109000124,370,36,334
109000125,705,127,578
109000126,40,44,-4
109000127,946,75,871
109000128,51,52,-1
109000129,1487,125,1362
109000130,40,27,13
109000131,534,392,142
109000132,134,124,10
109000133,21,67,-46
109000134,49,78,-29
109000135,74,40,34
109000136,144,115,29
109000137,410,91,319
109000138,118,81,37
109000139,308,27,281
109000140,137,96,41
109000141,156,62,94
109000142,20,73,-53
109000143,37,25,12
109000145,25,64,-39
109000146,29,231,-202
109000148,91,222,-131
109000149,7,115,-108
109000150,37,88,-51
109000155,200,326,-126
109000156,165,23,142
109000158,6,236,-230
109000159,9,79,-70
109000160,649,44,605
109000161,193,109,84
109000162,775,98,677
109000163,706,72,634
109000164,810,694,116
109000165,656,219,437
109000166,484,11,473
109000167,76,75,1
109000170,6,7,-1
109000171,28,6,22
109000172,3,8,-5
109000173,0,32,-32
109000174,69,9,60
109000175,24,11,13
109000176,152,105,47
109000177,4,12,-8
109000178,147,36,111
109000179,316,763,-447
109000180,680,537,143
109000181,7,4,3
109000182,41,35,6
109000183,57,10,47
109000184,35,40,-5
109000185,33,22,11
109000188,159,248,-89
109000189,619,59,560
109000190,207,96,111
109000191,192,118,74
109000192,205,6,199
109000193,119,25,94
109000194,98,2,96
109000195,15,18,-3
109000196,82,6,76
109000197,91,11,80
109000198,165,9,156
109000199,24,11,13
109000206,94,7,87
109000207,106,23,83
109000208,70,93,-23
109000209,43,28,15
109000210,13,33,-20
109000211,112,238,-126
109000214,264,182,82
109000215,62,13,49
109000216,128,141,-13
109000217,0,1,-1
109000218,4,55,-51
109000221,13,116,-103
109000222,366,31,335
109000223,114,151,-37
109000224,93,33,60
109000225,81,20,61
109000226,61,54,7
109000227,602,162,440
109000228,0,3,-3
109000231,1,11,-10
109000232,409,24,385
109000236,17,32,-15
109000241,552,250,302
109000242,508,94,414
109000293,7,54,-47
109000361,28,4,24
109000364,4,35,-31
109000396,1,33,-32
109000397,653,6,647
109000399,37,154,-117
109000400,94,39,55
109000403,1,811,-810
109000406,61,1,60
109000407,10,43,-33
109000408,0,75,-75
109000410,0,0,0
109000411,90,3,87
109900001,15,0,15
109900002,188,5,183
109900003,274,1,273
109900004,36,14,22
109900005,3,0,3
109900006,248,30,218
109900007,369,1,368
109900008,0,0,0
109900009,0,4,-4
109900010,0,0,0
109900011,1,9,-8
109900012,68,17,51
109900013,59,49,10
109900014,32,1,31
109900015,39,6,33
109900016,20,1,19
109900017,80,45,35
109900018,9,0,9
109900019,18,7,11
109900020,5,1,4
109900021,4,1,3
109900022,11,14,-3
109900023,2,0,2
109900024,0,0,0
109900025,2,0,2
109900026,0,8,-8
109900027,0,16,-16
109900028,18,191,-173
109900029,0,9,-9
109900030,14,25,-11
109900031,0,65,-65
109900032,0,0,0
109900033,0,65,-65
109900034,13,6,7
109900035,8,7,1
109900036,0,0,0
109900037,0,1,-1
109900038,1,32,-31
109900039,24,8,16
109900040,0,0,0
109900041,0,2,-2
109900042,0,0,0
109900044,20,7,13
109900045,169,1,168
109900046,20,5,15
109900047,2,36,-34
109900048,0,6,-6
109900049,1,1,0
109900050,0,0,0
109900051,0,0,0
109900052,0,41,-41
109900053,0,12,-12
109900054,342,11,331
109900055,24,18,6
109900056,0,0,0
109900057,0,10,-10
109900058,0,0,0
109900059,485,7,478
109900060,94,1,93
109900061,4,10,-6
109900062,0,0,0
109900063,4,99,-95
109900064,84,24,60
109900065,9,10,-1
109900066,0,7,-7
109900067,0,0,0
109900068,117,3,114
109900069,0,0,0
109900070,4,8,-4
109900071,0,1,-1
109900072,0,13,-13
109900073,109,6,103
109900074,1,0,1
109900075,0,0,0
109900076,0,7,-7
109900077,0,11,-11
109900078,8,6,2
109900080,15,3,12
109900081,0,23,-23
109900082,2,5,-3
109900083,0,10,-10
109900084,0,0,0
109900085,24,21,3
109900086,3,187,-184
109900087,22,45,-23
109900089,47,2,45
109900090,26,51,-25
109900091,192,10,182
109900092,0,0,0
109900093,101,7,94
109900094,15,0,15
109900095,14,48,-34
109900096,32,0,32
109900097,0,0,0
109900098,174,2,172
109900099,140,0,140
109900100,0,0,0
109900101,360,2,358
109900102,0,0,0
109900103,32,4,28
109900104,534,34,500
109900105,0,0,0
109900106,0,0,0
109900107,0,0,0
109900108,0,0,0
109900109,1,0,1
109900110,13,3,10
109900111,60,29,31
109900112,34,31,3
109900113,291,114,177
109900114,233,75,158
109900115,47,20,27
109900117,461,26,435
109900118,15,30,-15
109900119,26,17,9
109900120,11,2,9
109900121,21,17,4
109900122,379,3,376
109900123,0,4,-4
109900124,4,12,-8
109900125,0,19,-19
109900126,82,18,64
109900128,89,0,89
109900130,241,245,-4
109900131,1,21,-20
109900132,0,19,-19
109900133,6,24,-18
109900134,0,0,0
109900135,0,0,0
109900136,0,0,0
109900137,11,23,-12
109900138,50,23,27
109900140,41,7,34
109900141,72,26,46
109900142,198,15,183
109900145,1,34,-33
109900146,15,0,15
109900148,26,11,15
109900149,0,3,-3
109900150,0,2,-2
109900151,0,0,0
109900152,0,2,-2
109900153,0,22,-22
109900154,17,0,17
109900155,17,3,14
109900157,18,14,4
109900158,2,3,-1
109900159,36,2,34
109900160,14,1,13
109900161,28,3,25
109900162,52,21,31
109900163,139,33,106
109900164,56,104,-48
109900165,5,0,5
109900166,0,38,-38
109900167,24,43,-19
109900168,29,13,16
109900169,0,0,0
109900170,7,312,-305
109900171,30,33,-3
109900172,7,36,-29
109900173,50,214,-164
109900174,1,11,-10
109900175,1,0,1
109900176,0,0,0
109900177,0,0,0
109900178,0,0,0
109900179,0,0,0
109900180,0,1,-1
110000001,127,82,45
110000002,430,758,-328
110000003,146,162,-16
110000004,435,916,-481
110000005,277,991,-714
110000006,75,414,-339
110000007,19,5,14
110000008,2,8,-6
110000009,1,4,-3
110000010,47,37,10
110000011,2,6,-4
110000012,81,276,-195
110000013,38,220,-182
110000014,361,73,288
110000015,82,226,-144
110000016,242,588,-346
110000017,950,276,674
110000018,259,119,140
110000019,12,2,10
110000020,202,83,119
110000021,52,29,23
110000022,265,11,254
110000023,0,8,-8
110000024,95,43,52
110000025,346,0,346
110000026,2,48,-46
110000027,156,316,-160
110000028,424,108,316
110000029,57,129,-72
110000030,125,256,-131
110000031,44,76,-32
110000032,308,64,244
110000033,3,9,-6
110000034,162,153,9
110000035,154,125,29
110000036,452,184,268
110000037,22,89,-67
110000038,95,232,-137
110000039,394,1205,-811
110000040,161,54,107
110000041,238,1095,-857
110000042,53,110,-57
110000043,311,256,55
110000044,27,55,-28
110000045,119,81,38
110000046,11,3,8
110000047,0,36,-36
110000048,4,10,-6
110000049,3,6,-3
110000050,1,23,-22
110000051,1,5,-4
110000052,41,53,-12
110000053,7,18,-11
110000054,59,110,-51
110000055,64,88,-24
110000056,110,71,39
110000057,49,59,-10
110000058,385,364,21
110000059,87,90,-3
110000060,843,333,510
110000061,134,119,15
110000062,675,280,395
110000063,72,47,25
110000064,31,11,20
110000065,48,48,0
110000066,71,0,71
110000067,16,17,-1
110000068,16,16,0
110000069,295,2,293
110000071,176,0,176
110000073,1,3,-2
110000075,14,7,7
110000076,155,80,75
110000077,101,215,-114
110000078,103,1,102
110000080,56,124,-68
110000081,19,45,-26
110000082,1,39,-38
110000083,60,115,-55
110000084,391,419,-28
110000085,602,338,264
110000086,469,770,-301
110000087,3,35,-32
110000088,40,74,-34
110000089,167,15,152
110000090,23,67,-44
110000091,87,40,47
110000092,0,37,-37
110000093,45,24,21
110000094,238,44,194
110000095,80,274,-194
110000096,262,226,36
110000097,587,794,-207
110000098,670,136,534
110000099,173,186,-13
110000100,566,5,561
110000101,0,36,-36
110000102,50,40,10
110000104,131,72,59
110000105,50,32,18
110000106,104,225,-121
110000107,20,92,-72
110000108,27,130,-103
110000109,5,32,-27
110000110,827,1496,-669
110000111,1051,1143,-92
110000112,106,150,-44
110000113,35,625,-590
110000114,96,338,-242
110000115,137,71,66
110000116,20,21,-1
110000117,150,47,103
110000118,321,35,286
110000119,88,33,55
110000120,127,39,88
110000121,10,60,-50
110000122,82,100,-18
110000123,251,211,40
110000124,0,123,-123
110000125,409,0,409
110000126,157,3,154
110000127,423,29,394
110000128,0,113,-113
110000129,0,11,-11
110000130,97,52,45
110000131,32,42,-10
110000132,0,61,-61
110000133,1,96,-95
110000134,2,54,-52
110000135,49,2,47
110000136,8,17,-9
110000137,306,16,290
110000138,121,46,75
110000139,456,47,409
110000140,467,144,323
110000143,161,61,100
110000144,842,411,431
110000145,325,237,88
110000146,626,108,518
110000147,37,337,-300
110000148,246,96,150
110000151,104,254,-150
110000152,93,490,-397
110000153,0,0,0
110000154,6,83,-77
110000155,339,547,-208
110000156,129,289,-160
110000157,128,367,-239
110000160,119,77,42
110000161,45,55,-10
110000166,379,19,360
110000167,755,352,403
110000168,518,398,120
110000169,334,130,204
110000170,57,95,-38
110000171,303,27,276
110000172,117,199,-82
110000173,187,258,-71
110000174,51,165,-114
110000175,423,8,415
110000176,61,341,-280
110000177,93,352,-259
110000178,303,979,-676
110000179,265,95,170
110000180,66,84,-18
110000181,193,114,79
110000182,64,12,52
110000183,2152,2826,-674
110000184,93,1284,-1191
110000185,138,299,-161
110000186,70,275,-205
110000191,837,140,697
110000192,293,1,292
110000193,471,6,465
110000194,0,105,-105
110000195,275,7,268
110000196,89,2,87
110000197,61,35,26
110000198,51,5,46
110000199,17,36,-19
110000200,186,64,122
110000201,204,364,-160
110000202,456,123,333
110000203,32,34,-2
110000204,0,33,-33
110000205,175,9,166
110000206,65,64,1
110000207,780,43,737
110000208,19,64,-45
110000209,23,35,-12
110000210,924,141,783
110000211,409,189,220
110000212,170,519,-349
110000213,72,9,63
110000214,130,22,108
110000215,3,119,-116
110000216,16,77,-61
110000217,232,19,213
110000218,45,41,4
110000219,133,5,128
110000220,6,17,-11
110000221,176,4,172
110000222,4,56,-52
110000223,0,53,-53
110000224,0,1,-1
110000225,74,120,-46
110000226,139,9,130
110000227,46,116,-70
110000228,50,24,26
110000229,0,23,-23
110000230,309,301,8
110000231,67,79,-12
110000232,47,75,-28
110000233,140,94,46
110000234,177,145,32
110000235,335,323,12
110000236,0,0,0
110000237,428,114,314
110000238,451,175,276
110000239,421,198,223
110000240,1,0,1
110000242,0,0,0
110000243,61,4,57
110000244,4,50,-46
110000245,3,69,-66
110000246,321,150,171
110000247,295,337,-42
110000248,230,108,122
110000249,28,0,28
110000250,2,30,-28
110000251,152,80,72
110000252,159,15,144
110000253,464,159,305
110000254,274,74,200
110000255,34,48,-14
110000256,113,94,19
110000257,83,16,67
110000258,0,10,-10
110000259,69,0,69
110000260,18,32,-14
110000263,172,22,150
110000264,306,119,187
110000265,902,314,588
110000266,602,523,79
110000267,0,0,0
110000268,75,0,75
110000269,0,0,0
110000270,93,0,93
110000271,253,21,232
110000272,224,185,39
110000273,138,233,-95
110000274,88,761,-673
110000275,214,72,142
110000276,101,262,-161
110000277,202,32,170
110000278,148,107,41
110000279,579,94,485
110000280,438,122,316
110000281,44,3,41
110000282,45,3,42
110000283,2,22,-20
110000284,0,6,-6
110000285,0,9,-9
110000286,1,0,1
110000287,116,0,116
110000288,0,0,0
110000289,53,1043,-990
110000290,31,65,-34
110000291,240,299,-59
110000292,292,1768,-1476
110000293,357,165,192
110000294,791,462,329
110000295,52,125,-73
110000296,340,50,290
110000297,701,32,669
110000298,0,54,-54
110000299,10,5,5
110000301,294,2,292
110000302,50,49,1
110000303,279,0,279
110000304,15,10,5
110000305,482,2,480
110000306,13,86,-73
110000307,636,1,635
110000308,446,1,445
110000309,0,82,-82
110000310,438,13,425
110000311,0,130,-130
110000312,239,23,216
110000313,549,93,456
110000314,0,30,-30
110000315,253,628,-375
110000316,2,256,-254
110000317,50,31,19
110000318,0,23,-23
110000319,13,11,2
110000320,0,22,-22
110000321,2,9,-7
110000322,26,86,-60
110000323,201,66,135
110000324,126,67,59
110000325,827,1181,-354
110000327,241,112,129
110000328,41,22,19
110000333,361,405,-44
110000334,45,102,-57
110000335,175,87,88
110000336,71,134,-63
110000337,1094,132,962
110000338,248,90,158
110000339,263,38,225
110000340,6,16,-10
110000341,251,11,240
110000342,15,0,15
110000343,0,0,0
110000344,1,15,-14
110000345,52,37,15
110000346,664,556,108
110000347,871,269,602
110000348,0,12,-12
110000349,0,5,-5
110000350,3,1,2
110000351,695,152,543
110000352,135,484,-349
110000353,976,164,812
110000354,101,770,-669
110000355,53,0,53
110000356,288,1,287
110000357,180,1,179
110000361,0,0,0
110000362,132,4,128
110000363,269,5,264
110000364,168,110,58
110000365,48,0,48
110000366,0,54,-54
110000367,199,88,111
110000368,0,48,-48
110000369,36,0,36
110000373,1,27,-26
110000374,21,28,-7
110000375,66,89,-23
110000376,16,32,-16
110000377,39,191,-152
110000378,1,140,-139
110000379,905,1113,-208
110000380,130,5,125
110000383,0,97,-97
110000384,336,22,314
110000385,0,19,-19
110000387,17,0,17
110000388,6,17,-11
110000389,640,28,612
110000391,400,10,390
110000396,57,5,52
110000397,42,7,35
110000398,0,5,-5
110000399,103,0,103
110000587,91,25,66
110000589,80,12,68
110000640,71,5,66
110000652,1,30,-29
110000653,40,39,1
110000654,0,0,0
110000656,0,0,0
110000674,2,0,2
110000675,0,0,0
110000676,0,0,0
110000679,0,0,0
110000682,66,99,-33
110000683,216,73,143
110000684,0,0,0
110000685,13,2,11
110000686,0,0,0
110000687,8,0,8
110000688,3,160,-157
110000689,27,15,12
110000692,2,10,-8
110000693,1,95,-94
110000694,0,0,0
110000695,4,46,-42
110000696,69,13,56
110900001,35,0,35
110900002,39,0,39
110900003,210,1,209
110900004,228,1,227
110900005,0,0,0
110900006,1,0,1
110900007,18,11,7
110900008,0,0,0
110900009,10,44,-34
110900010,0,0,0
110900011,0,1,-1
110900012,0,0,0
110900013,293,3,290
110900014,11,0,11
110900015,8,178,-170
110900016,0,0,0
110900017,167,5,162
110900018,31,0,31
110900019,1,0,1
110900020,0,0,0
110900021,0,0,0
110900022,0,0,0
110900023,3,19,-16
110900024,0,0,0
110900025,0,0,0
110900027,0,0,0
110900028,0,0,0
110900029,0,1,-1
110900030,0,0,0
110900031,0,0,0
110900032,0,0,0
110900033,2,1,1
110900035,0,0,0
110900036,13,0,13
110900037,18,0,18
110900038,0,0,0
110900039,0,0,0
110900040,49,0,49
110900041,1,0,1
110900042,0,0,0
110900043,0,0,0
110900044,0,0,0
110900045,0,0,0
110900046,0,0,0
110900047,0,0,0
110900049,7,11,-4
110900050,1,0,1
110900051,0,0,0
110900052,0,0,0
110900053,0,0,0
110900054,0,0,0
110900055,14,0,14
110900056,0,0,0
110900057,0,0,0
110900058,0,0,0
110900059,2,1,1
110900060,30,5,25
110900061,0,0,0
110900062,0,0,0
110900063,0,4,-4
110900064,0,0,0
110900065,0,14,-14
110900066,0,9,-9
110900067,0,0,0
110900068,0,0,0
110900069,0,3,-3
110900070,0,0,0
110900071,0,0,0
110900073,0,0,0
110900074,103,0,103
110900075,67,0,67
110900077,266,32,234
110900078,0,0,0
110900079,86,167,-81
110900080,52,12,40
110900081,0,0,0
110900082,11,9,2
110900083,2,6,-4
110900084,0,0,0
110900085,2,26,-24
110900086,1,19,-18
110900087,11,18,-7
110900088,7,0,7
110900090,0,0,0
110900091,0,0,0
110900093,0,0,0
110900095,3,1,2
110900097,9,0,9
110900098,0,10,-10
110900099,16,15,1
110900100,0,1,-1
110900102,32,1,31
110900105,38,11,27
110900108,9,2,7
110900111,19,3,16
110900112,153,1,152
110900113,46,3,43
110900115,0,0,0
110900116,181,35,146
110900118,1,413,-412
110900119,30,0,30
110900120,0,0,0
110900121,1,0,1
110900122,17,0,17
110900125,79,123,-44
110900127,0,0,0
110900128,2,1,1
110900129,8,98,-90
110900130,2,127,-125
110900131,27,13,14
110900132,66,4,62
110900133,1,0,1
110900135,2,0,2
110900136,39,1,38
110900137,0,0,0
110900138,19,21,-2
110900139,0,11,-11
110900140,0,0,0
110900141,0,9,-9
110900142,0,0,0
110900143,38,10,28
110900144,0,0,0
110900145,12,21,-9
110900146,18,27,-9
110900147,0,0,0
110900148,0,0,0
110900149,0,0,0
110900150,0,13,-13
110900151,0,4,-4
110900152,0,29,-29
110900153,23,7,16
111000001,238,218,20
111000002,73,4,69
111000003,589,407,182
111000004,2,34,-32
111000005,771,694,77
111000006,42,41,1
111000007,1017,1154,-137
111000008,103,117,-14
111000009,42,193,-151
111000010,714,316,398
111000011,21,148,-127
111000012,76,245,-169
111000013,107,157,-50
111000014,493,214,279
111000017,0,91,-91
111000018,3,20,-17
111000020,43,195,-152
111000021,11,19,-8
111000023,30,37,-7
111000025,290,584,-294
111000029,3,38,-35
111000030,1,10,-9
111000031,929,447,482
111000032,406,102,304
111000033,128,29,99
111000034,41,91,-50
111000037,247,569,-322
111000038,457,332,125
111000039,453,429,24
111000040,507,386,121
111000041,70,177,-107
111000042,287,827,-540
111000043,1144,1072,72
111000044,857,136,721
111000045,1542,617,925
111000046,569,720,-151
111000047,1299,2467,-1168
111000049,12,14,-2
111000050,90,110,-20
111000051,34,84,-50
111000052,30,61,-31
111000053,9,70,-61
111000054,7,70,-63
111000055,231,252,-21
111000056,37,56,-19
111000057,12,35,-23
111000058,306,30,276
111000059,281,120,161
111000060,3043,273,2770
111000061,363,124,239
111000062,752,98,654
111000063,559,327,232
111000064,700,223,477
111000065,915,269,646
111000066,350,114,236
111000067,175,77,98
111000068,40,65,-25
111000069,123,155,-32
111000070,43,20,23
111000071,15,27,-12
111000072,736,375,361
111000073,105,572,-467
111000074,771,397,374
111000075,273,116,157
111000076,612,90,522
111000077,672,354,318
111000078,437,144,293
111000079,413,146,267
111000080,196,132,64
111000081,262,716,-454
111000082,316,110,206
111000084,188,166,22
111000085,303,371,-68
111000086,436,251,185
111000087,380,126,254
111000088,520,489,31
111000089,255,220,35
111000090,134,240,-106
111000091,129,94,35
111000092,700,217,483
111000093,330,236,94
111000094,508,214,294
111000095,298,885,-587
111000096,410,2571,-2161
111000097,219,160,59
111000098,65,99,-34
111000099,58,149,-91
111000100,58,115,-57
111000101,49,96,-47
111000102,3,38,-35
111000104,409,27,382
111000107,1,74,-73
111000109,211,9,202
111000110,320,112,208
111000111,1525,86,1439
111000112,1154,54,1100
111000113,436,807,-371
111000114,264,1171,-907
111000115,1094,287,807
111000116,226,105,121
111000117,99,86,13
111000118,207,109,98
111000119,579,83,496
111000120,269,124,145
111000121,53,122,-69
111000122,98,123,-25
111000123,245,312,-67
111000124,82,348,-266
111000125,42,90,-48
111000126,4,79,-75
111000127,441,36,405
111000128,1497,75,1422
111000129,1371,188,1183
111000130,1765,191,1574
111000131,1454,94,1360
111000132,933,540,393
111000133,112,7,105
111000134,101,5,96
111000135,21,23,-2
111000136,354,32,322
111000138,1,0,1
111000140,0,1,-1
111000141,29,20,9
111000142,0,6,-6
111000143,0,6,-6
111000144,0,9,-9
111000145,18,1,17
111000146,41,0,41
111000147,33,4,29
111000148,19,9,10
111000149,0,20,-20
111000150,16,0,16
111000151,5,3,2
111000153,158,38,120
111000154,10,44,-34
111000155,66,36,30
111000156,300,120,180
111000157,75,179,-104
111000158,380,198,182
111000159,462,356,106
111000160,177,35,142
111000161,0,83,-83
111000162,2,12,-10
111000163,107,120,-13
111000164,12,264,-252
111000165,199,53,146
111000166,51,28,23
111000167,14,56,-42
111000168,48,34,14
111000169,164,28,136
111000170,77,26,51
111000171,37,19,18
111000172,55,54,1
111000173,49,56,-7
111000174,32,1,31
111000175,3,22,-19
111000176,202,33,169
111000177,323,21,302
111000178,725,46,679
111000179,316,17,299
111000180,169,134,35
111000181,349,52,297
111000182,166,30,136
111000183,38,15,23
111000184,119,13,106
111000185,80,27,53
111000186,94,8,86
111000187,82,17,65
111000188,199,48,151
111000189,26,115,-89
111000190,54,34,20
111000191,35,18,17
111000192,4,47,-43
111000193,28,20,8
111000194,2,15,-13
111000195,8,44,-36
111000196,3,27,-24
111000197,262,15,247
111000198,243,10,233
111000199,151,95,56
111000200,498,156,342
111000201,262,25,237
111000202,191,13,178
111000203,211,55,156
111000204,180,248,-68
111000213,97,139,-42
111000214,455,273,182
111000215,325,145,180
111000217,878,132,746
111000218,512,264,248
111000219,21,18,3
111000220,259,130,129
111000221,88,134,-46
111000224,0,0,0
111000225,367,173,194
111000226,11,2,9
111000227,5,3,2
111000228,0,386,-386
111000229,5,554,-549
111000230,44,22,22
111000231,500,30,470
111000232,386,173,213
111000233,299,56,243
111000234,47,119,-72
111000239,0,0,0
111000240,15,121,-106
111000241,0,0,0
111000242,111,42,69
111000243,0,0,0
111000244,353,11,342
111000245,292,30,262
111000246,287,69,218
111000247,270,80,190
111000248,478,119,359
111000249,251,43,208
111000250,7,31,-24
111000251,97,44,53
111000253,0,3,-3
111000255,12,1,11
111000257,17,6,11
111000260,3,67,-64
111000261,559,26,533
111000271,1,8,-7
111000273,479,384,95
111000274,573,285,288
111000275,14,7,7
111000276,56,291,-235
111000277,118,47,71
111000278,261,41,220
111000291,433,3751,-3318
111000298,160,71,89
111000299,37,2,35
111000300,14,9,5
111000302,125,16,109
111000303,81,45,36
111000312,49,5,44
111000315,0,2,-2
111000320,38,98,-60
111000321,238,43,195
111000322,193,34,159
111000323,128,17,111
111000324,118,37,81
111000325,5,7,-2
111000326,100,40,60
111000327,162,56,106
111000328,64,76,-12
111000329,0,36,-36
111000330,4,8,-4
111000331,0,1,-1
111000332,179,222,-43
111000334,43,151,-108
111000335,355,16,339
111000337,754,1,753
111000338,51,10,41
111000339,266,19,247
111000340,1,57,-56
111000341,641,158,483
111000342,0,52,-52
111000344,540,132,408
111000345,8,4,4
111000346,0,10,-10
111000347,120,2,118
111000350,35,74,-39
111000351,5,95,-90
111000352,75,55,20
111000353,20,59,-39
111000354,79,5,74
111000355,12,67,-55
111000358,40,37,3
111000360,79,17,62
111000361,34,7,27
111000546,72,0,72
111000547,188,24,164
111000548,23,8,15
111000549,123,23,100
111000550,0,68,-68
111000551,20,33,-13
111000552,74,32,42
111000907,65,5,60
111000908,37,0,37
111000916,528,0,528
111000917,0,10,-10
111000918,70,49,21
111000920,128,3,125
111000921,1,7,-6
111000922,133,10,123
111000924,0,114,-114
111000925,2365,1148,1217
111000926,469,237,232
111000927,1676,2263,-587
111000928,980,554,426
111000929,1377,500,877
111000930,290,592,-302
111000931,1712,660,1052
111000932,764,664,100
111000933,2221,1230,991
111000934,291,511,-220
111000935,1192,398,794
111000936,286,321,-35
111000937,765,556,209
111000938,503,233,270
111000939,526,16,510
111000940,309,14,295
111000941,190,17,173
111000943,293,46,247
111000944,10,63,-53
111000945,162,14,148
111001109,202,223,-21
111001110,7,3,4
111001111,14,6,8
111001112,254,1,253
111001113,0,57,-57
111001114,142,15,127
111001115,0,0,0
111001116,439,2371,-1932
111001117,19,103,-84
111001120,49,9,40
111001121,2,20,-18
111001122,0,0,0
111001123,1,1,0
111900001,5,1,4
111900002,1,11,-10
111900003,0,26,-26
111900004,2,22,-20
111900006,0,0,0
111900007,0,0,0
111900008,0,0,0
111900009,56,1,55
111900010,5,8,-3
111900012,6,1,5
111900013,0,19,-19
111900014,331,1691,-1360
111900015,0,1,-1
111900016,0,3,-3
111900017,0,0,0
111900018,30,25,5
111900019,0,54,-54
111900020,0,10,-10
111900021,0,5,-5
111900022,0,1,-1
111900023,66,7,59
111900024,0,13,-13
111900025,0,9,-9
111900026,0,5,-5
111900027,0,1,-1
111900028,0,0,0
111900029,0,0,0
111900030,0,0,0
111900031,18,0,18
111900032,0,0,0
111900033,0,2,-2
111900034,0,0,0
111900035,0,0,0
111900036,0,0,0
111900038,0,0,0
111900039,0,0,0
111900040,0,0,0
111900042,0,0,0
111900043,0,0,0
111900044,0,0,0
111900046,0,0,0
111900048,230,57,173
111900049,0,0,0
111900050,0,0,0
111900051,0,11,-11
111900052,0,0,0
111900053,51,556,-505
111900054,0,0,0
111900055,2,60,-58
111900056,16,92,-76
111900057,43,5,38
111900058,263,43,220
111900059,70,30,40
111900060,0,0,0
111900061,0,13,-13
111900062,33,9,24
111900063,9,0,9
111900064,12,18,-6
111900065,41,2,39
111900066,2,0,2
111900067,0,0,0
111900068,13,15,-2
111900069,20,37,-17
111900070,38,0,38
111900071,0,0,0
111900072,34,16,18
111900073,81,14,67
111900074,0,0,0
111900075,60,1,59
111900076,5,10,-5
111900077,30,2,28
111900078,102,5,97
111900079,29,23,6
111900080,0,0,0
111900081,0,0,0
111900082,378,17,361
111900083,43,1,42
111900084,117,8,109
111900085,0,0,0
111900086,182,6,176
111900087,32,0,32
111900088,163,3,160
111900089,59,2,57
111900090,0,0,0
111900091,482,3,479
111900092,124,0,124
111900093,142,2,140
111900094,56,1,55
111900095,0,0,0
111900096,178,5,173
111900097,36,0,36
111900098,67,0,67
111900099,36,0,36
111900100,0,0,0
111900101,3,0,3
111900102,186,1,185
111900103,0,0,0
111900104,0,0,0
111900105,11,5,6
111900106,47,2,45
111900107,0,0,0
111900108,0,0,0
111900109,0,0,0
111900110,0,0,0
111900111,158,10,148
111900112,0,0,0
111900113,41,16,25
111900114,44,10,34
111900115,6,0,6
111900118,17,5,12
111900119,1,7,-6
111900122,3,33,-30
111900123,1,1,0
111900124,31,2,29
111900125,29,1,28
111900126,76,1,75
111900127,0,0,0
111900128,0,0,0
111900129,38,0,38
111900130,1,3,-2
111900131,47,0,47
111900132,0,0,0
111900133,0,0,0
111900134,0,0,0
111900135,0,0,0
111900136,0,0,0
111900137,11,13,-2
111900138,3,33,-30
111900139,1,17,-16
111900140,115,18,97
111900141,86,5,81
111900142,45,2,43
111900143,12,0,12
111900144,0,0,0
111900145,0,0,0
111900146,0,0,0
111900147,0,0,0
111900148,0,0,0
111900149,0,0,0
111900150,0,0,0
111900151,0,0,0
111900152,0,0,0
111900153,0,0,0
111900154,0,0,0
111900155,0,0,0
111900156,0,0,0
111900157,0,0,0
111900158,0,0,0
111900159,0,0,0
111900160,0,0,0
111900161,0,0,0
111900162,0,0,0
111900163,0,0,0
111900164,0,0,0
111901113,125,0,125
111901114,82,1,81
111901115,0,0,0
111901116,0,0,0
111901117,0,0,0
111901118,0,0,0
111901119,0,0,0
111901120,0,0,0
111901121,0,1,-1
111901122,4,0,4
111901123,35,2,33
111901124,0,0,0
111901125,69,41,28
111901126,4,1,3
111901127,2,0,2
111901128,0,0,0
111901129,0,0,0
111901130,0,0,0
111901131,0,81,-81
111901132,0,0,0
111901133,0,0,0
111901134,0,0,0
111901135,0,0,0
111901136,0,0,0
111901137,0,0,0
111901138,0,0,0
111901139,0,0,0
111901140,0,0,0
111901141,0,0,0
111901142,0,0,0
111901143,0,0,0
111901144,0,0,0
112000001,1380,553,827
112000002,101,226,-125
112000003,783,415,368
112000004,74,77,-3
112000005,2890,1858,1032
112000006,118,77,41
112000007,2575,1705,870
112000008,1827,2661,-834
112000009,1850,665,1185
112000010,1058,2768,-1710
112000011,638,440,198
112000012,2476,4419,-1943
112000013,912,612,300
112000014,281,2578,-2297
112000015,319,802,-483
112000016,491,1264,-773
112000017,111,723,-612
112000024,85,56,29
112000026,399,495,-96
112000027,403,566,-163
112000028,440,133,307
112000029,201,584,-383
112000030,16,7,9
112000031,378,1860,-1482
112000032,18,5,13
112000033,347,1374,-1027
112000034,6,3,3
112000035,0,53,-53
112000036,58,466,-408
112000037,39,132,-93
112000038,176,465,-289
112000039,30,50,-20
112000040,17,44,-27
112000041,92,178,-86
112000042,396,15,381
112000050,819,771,48
112000051,701,877,-176
112000054,348,496,-148
112000057,26,70,-44
112000058,46,292,-246
112000059,221,224,-3
112000061,611,331,280
112000062,199,434,-235
112000063,276,386,-110
112000064,754,698,56
112000065,416,187,229
112000066,669,616,53
112000067,92,83,9
112000068,1116,813,303
112000069,43,265,-222
112000070,323,303,20
112000071,201,249,-48
112000072,1167,252,915
112000073,138,298,-160
112000074,375,235,140
112000075,830,517,313
112000076,1014,258,756
112000077,764,222,542
112000078,1055,213,842
112000079,1142,545,597
112000080,215,239,-24
112000081,239,505,-266
112000082,565,434,131
112000083,281,441,-160
112000084,657,253,404
112000085,717,339,378
112000086,1509,410,1099
112000087,232,66,166
112000088,461,174,287
112000089,126,60,66
112000090,77,103,-26
112000091,181,127,54
112000092,1304,100,1204
112000093,382,113,269
112000094,617,118,499
112000095,324,111,213
112000096,648,134,514
112000097,1023,266,757
112000098,54,51,3
112000099,280,1007,-727
112000100,1223,167,1056
112000101,43,96,-53
112000102,534,107,427
112000103,61,45,16
112000105,21,148,-127
112000106,900,85,815
112000107,2,48,-46
112000108,158,388,-230
112000109,65,50,15
112000110,515,156,359
112000111,111,316,-205
112000112,1120,85,1035
112000113,125,128,-3
112000114,1018,119,899
112000115,97,10,87
112000116,30,36,-6
112000117,40,64,-24
112000118,137,107,30
112000119,72,80,-8
112000120,2,35,-33
112000121,75,177,-102
112000122,262,40,222
112000123,396,29,367
112000124,200,17,183
112000125,150,89,61
112000126,301,153,148
112000127,739,1084,-345
112000128,50,329,-279
112000129,128,30,98
112000130,40,7,33
112000131,46,4,42
112000132,7,11,-4
112000133,176,20,156
112000134,131,57,74
112000135,573,93,480
112000136,199,227,-28
112000137,613,137,476
112000138,222,191,31
112000139,101,235,-134
112000140,15,77,-62
112000141,323,91,232
112000142,14,67,-53
112000143,619,49,570
112000144,41,97,-56
112000145,1531,105,1426
112000146,102,159,-57
112000147,1136,423,713
112000148,147,242,-95
112000149,172,76,96
112000150,12,18,-6
112000151,146,30,116
112000152,25,7,18
112000153,40,27,13
112000154,61,0,61
112000155,73,18,55
112000157,36,288,-252
112000158,133,70,63
112000159,138,48,90
112000167,18,17,1
112000169,50,552,-502
112000173,300,13,287
112000175,149,79,70
112000176,674,415,259
112000177,132,15,117
112000178,24,60,-36
112000179,82,10,72
112000180,9,3,6
112000181,362,112,250
112000182,908,64,844
112000183,29,12,17
112000184,244,37,207
112000185,43,25,18
112000187,851,283,568
112000195,31,2,29
112000196,59,0,59
112000197,4,14,-10
112000198,3,11,-8
112000199,3,60,-57
112000202,190,0,190
112000216,16,11,5
112000230,68,0,68
112000231,0,6,-6
112000256,58,82,-24
112000313,17,1,16
112000314,21,11,10
112000337,6,63,-57
112000352,1,10,-9
112000392,760,766,-6
112000398,865,220,645
112000399,270,2775,-2505
112000400,326,406,-80
112000401,480,527,-47
112000402,1808,3316,-1508
112000403,420,2410,-1990
112000404,400,830,-430
112000405,1669,1377,292
112000406,760,466,294
112000407,3682,2830,852
112000408,1400,790,610
112000409,375,734,-359
112000410,0,0,0
112000411,209,48,161
112000412,3,9,-6
112000413,119,320,-201
112000414,31,6,25
112000415,31,9,22
112000416,1510,461,1049
112000417,139,58,81
112000421,3,1,2
112000422,88,21,67
112000424,174,620,-446
112000425,8,84,-76
112000426,20,66,-46
112000427,0,0,0
112000428,55,40,15
112000429,677,954,-277
112000430,1100,1516,-416
112000431,56,82,-26
112000432,90,96,-6
112000433,258,282,-24
112000437,80,95,-15
112900001,16,0,16
112900002,208,3,205
112900003,18,1,17
112900004,39,0,39
112900005,67,0,67
112900006,0,0,0
112900007,84,11,73
112900008,0,0,0
112900009,34,0,34
112900010,10,0,10
112900011,0,0,0
112900012,0,0,0
112900013,1,21,-20
112900014,0,0,0
112900015,11,11,0
112900016,0,0,0
112900017,0,6,-6
112900018,1,0,1
112900019,0,0,0
112900020,8,30,-22
112900021,0,0,0
112900022,0,2,-2
112900023,0,0,0
112900024,0,0,0
112900025,5,3,2
112900026,0,0,0
112900027,1,0,1
112900028,0,0,0
112900029,41,14,27
112900030,0,0,0
112900031,0,0,0
112900032,0,0,0
112900034,9,8,1
112900035,0,0,0
112900036,0,0,0
112900037,0,0,0
112900038,37,0,37
112900039,0,0,0
112900040,2,0,2
112900041,11,106,-95
112900042,0,0,0
112900043,6,0,6
112900044,30,1,29
112900045,0,0,0
112900046,0,0,0
112900047,0,0,0
112900049,0,0,0
112900050,2,0,2
112900051,0,0,0
112900052,0,0,0
112900053,0,0,0
112900054,5,0,5
112900055,0,0,0
112900056,0,0,0
112900057,0,0,0
112900058,43,50,-7
112900059,0,0,0
112900060,0,0,0
112900061,0,0,0
112900062,0,0,0
112900063,0,0,0
112900064,0,0,0
112900065,0,0,0
112900066,75,51,24
112900067,0,0,0
112900068,3,6,-3
112900069,1,0,1
112900071,1,0,1
112900072,1,59,-58
112900073,81,25,56
112900074,0,0,0
112900075,17,1,16
112900076,0,0,0
112900078,0,0,0
112900079,0,0,0
112900080,0,0,0
112900081,2,11,-9
112900082,158,2,156
112900083,0,0,0
112900084,0,0,0
112900085,0,0,0
112900086,0,0,0
112900087,58,2,56
112900088,42,0,42
112900089,467,5,462
112900090,0,0,0
112900091,0,0,0
112900092,0,0,0
112900093,0,0,0
112900094,0,0,0
112900095,0,0,0
112900096,102,23,79
112900097,0,3,-3
112900098,3,0,3
112900099,499,7,492
112900100,0,0,0
112900101,0,0,0
112900102,0,0,0
112900103,0,0,0
112900104,0,0,0
112900105,0,0,0
112900106,33,5,28
112900107,1,0,1
112900108,1,0,1
112900109,0,0,0
112900110,0,0,0
112900111,0,0,0
112900112,4,0,4
112900113,0,0,0
112900114,2,0,2
112900115,579,0,579
112900116,10,0,10
112900117,0,0,0
112900118,0,0,0
112900119,0,0,0
112900120,10,5,5
112900121,0,0,0
112900122,0,0,0
112900123,0,0,0
112900124,0,0,0
112900125,0,2,-2
112900126,3,20,-17
112900127,0,0,0
112900128,11,10,1
112900129,0,65,-65
112900130,0,0,0
112900131,0,35,-35
112900132,0,0,0
112900133,0,167,-167
112900134,0,9,-9
112900135,0,0,0
112900136,0,0,0
112900137,2,148,-146
112900138,0,7,-7
112900139,0,15,-15
112900140,0,0,0
112900141,232,1,231
112900142,0,0,0
112900143,0,5,-5
112900144,0,0,0
112900145,1,3,-2
112900146,0,0,0
112900147,0,4,-4
112900148,0,0,0
112900149,0,0,0
112900151,0,0,0
112900152,571,45,526
112900153,3,115,-112
112900154,0,5,-5
112900155,43,0,43
112900156,8,0,8
112900157,163,1,162
112900158,0,0,0
112900159,0,0,0
112900160,0,0,0
112900161,0,0,0
112900162,0,0,0
112900163,0,0,0
112900164,0,0,0
112900165,0,0,0
112900166,0,0,0
112900167,7,0,7
112900168,0,0,0
112900169,0,0,0
112900170,0,0,0
112900172,0,0,0
112900173,0,0,0
112900174,0,0,0
112900175,0,0,0
112900176,0,0,0
112900177,0,0,0
112900178,45,14,31
112900179,0,36,-36
112900180,399,64,335
112900181,0,0,0
112900182,0,0,0
112900183,0,0,0
112900184,27,30,-3
112900185,0,53,-53
112900186,28,105,-77
112900187,0,0,0
112900188,19,43,-24
112900189,0,0,0
112900190,0,0,0
112900192,58,31,27
112900193,99,18,81
112900194,0,0,0
112900195,78,1,77
112900196,59,6,53
112900197,4,10,-6
112900199,54,2,52
112900200,13,0,13
112900201,2,0,2
112900202,1,19,-18
112900203,5,0,5
112900204,7,14,-7
112900205,12,0,12
112900206,1,0,1
112900207,0,0,0
112900208,4,27,-23
112900209,0,0,0
112900210,0,0,0
112900211,0,0,0
112900212,0,0,0
112900213,6,0,6
112900214,0,0,0
112900215,0,0,0
112900216,0,0,0
112900217,0,0,0
112900218,64,0,64
112900219,7,0,7
112900220,0,0,0
112900221,2,0,2
112900222,0,0,0
112900223,152,0,152
112900224,20,0,20
112900225,0,0,0
112900226,0,0,0
112900227,169,1,168
112900228,47,1,46
112900229,0,0,0
112900230,302,115,187
112900232,25,67,-42
112900233,0,0,0
112900234,0,0,0
112900235,0,0,0
112900236,0,0,0
112900237,29,1,28
112900238,0,0,0
113000001,1543,1572,-29
113000002,1685,1682,3
113000003,369,795,-426
113000004,359,891,-532
113000005,330,280,50
113000006,175,611,-436
113000007,509,237,272
113000008,332,469,-137
113000009,278,260,18
113000010,564,391,173
113000011,383,158,225
113000012,653,121,532
113000013,57,103,-46
113000014,241,521,-280
113000015,155,99,56
113000016,28,84,-56
113000017,40,37,3
113000018,98,22,76
113000019,87,27,60
113000020,308,7,301
113000021,522,199,323
113000022,218,345,-127
113000025,4,12,-8
113000026,263,364,-101
113000027,130,251,-121
113000028,115,176,-61
113000029,355,311,44
113000030,0,3,-3
113000031,0,3,-3
113000032,148,87,61
113000033,180,113,67
113000034,5,4,1
113000035,0,1,-1
113000036,6,94,-88
113000037,2,2,0
113000038,23,81,-58
113000039,2,39,-37
113000040,7,1,6
113000042,198,233,-35
113000051,339,1150,-811
113000052,411,138,273
113000053,119,74,45
113000054,88,414,-326
113000055,615,170,445
113000056,666,243,423
113000058,98,445,-347
113000059,376,222,154
113000060,197,248,-51
113000061,188,277,-89
113000062,120,82,38
113000063,129,37,92
113000064,73,66,7
113000065,139,161,-22
113000066,501,38,463
113000067,982,94,888
113000068,192,173,19
113000069,223,237,-14
113000070,712,88,624
113000071,46,155,-109
113000072,220,79,141
113000073,176,229,-53
113000074,313,78,235
113000075,621,115,506
113000076,86,628,-542
113000077,270,324,-54
113000078,147,385,-238
113000079,34,168,-134
113000080,99,136,-37
113000081,262,311,-49
113000082,167,96,71
113000083,286,439,-153
113000084,445,350,95
113000085,357,242,115
113000086,306,341,-35
113000087,336,615,-279
113000088,365,402,-37
113000089,440,1027,-587
113000090,58,198,-140
113000091,106,4,102
113000094,564,47,517
113000095,87,41,46
113000096,37,30,7
113000097,177,39,138
113000098,8,26,-18
113000099,383,77,306
113000100,70,40,30
113000101,11,13,-2
113000102,159,45,114
113000103,636,120,516
113000104,420,897,-477
113000105,569,97,472
113000106,129,84,45
113000107,449,464,-15
113000108,410,271,139
113000109,144,329,-185
113000110,534,191,343
113000111,11,139,-128
113000112,46,143,-97
113000113,665,246,419
113000114,3,297,-294
113000116,78,193,-115
113000117,136,147,-11
113000118,15,176,-161
113000119,86,109,-23
113000120,17,328,-311
113000121,79,146,-67
113000124,112,72,40
113000125,6,391,-385
113000127,152,24,128
113000128,101,248,-147
113000129,0,0,0
113000133,487,3,484
113000134,2,592,-590
113000135,1771,1636,135
113000137,570,944,-374
113000139,180,93,87
113000140,4,2,2
113000141,213,56,157
113000142,156,92,64
113000143,133,154,-21
113000144,17,60,-43
113000145,97,65,32
113000146,0,1,-1
113000147,17,7,10
113000148,287,66,221
113000149,69,147,-78
113000150,23,34,-11
113000151,1,0,1
113000152,9,243,-234
113000153,165,113,52
113000154,100,556,-456
113000155,153,270,-117
113000156,85,74,11
113000157,92,130,-38
113000158,61,4,57
113000159,227,23,204
113000160,191,176,15
113000161,121,65,56
113000162,0,0,0
113000163,85,21,64
113000164,0,0,0
113000166,157,14,143
113000167,0,0,0
113000168,0,0,0
113000169,148,4,144
113000170,72,7,65
113000171,0,0,0
113000172,117,1,116
113000173,31,8,23
113000174,0,0,0
113000175,265,22,243
113000176,349,15,334
113000177,0,0,0
113000178,0,0,0
113000179,145,26,119
113000180,351,642,-291
113000181,441,330,111
113000182,7,23,-16
113000183,18,247,-229
113000184,0,0,0
113000189,32,77,-45
113000190,201,70,131
113000192,243,930,-687
113000193,580,711,-131
113000194,186,637,-451
113000195,397,727,-330
113000196,185,106,79
113000197,312,814,-502
113000198,3,119,-116
113000199,227,141,86
113000201,24,41,-17
113000202,466,209,257
113000203,45,9,36
113000204,125,928,-803
113000205,0,0,0
113000206,0,16,-16
113000207,0,0,0
113000208,3,39,-36
113000209,0,0,0
113000210,1,18,-17
113000211,58,23,35
113000212,18,1,17
113000213,6,17,-11
113000214,0,7,-7
113000234,9,56,-47
113000410,9,79,-70
113000411,560,1393,-833
113000412,919,532,387
113000413,1023,861,162
113000414,1352,3512,-2160
113000415,471,581,-110
113000416,857,576,281
113000417,287,393,-106
113000418,1616,1746,-130
113000419,521,996,-475
113000420,1301,1829,-528
113000421,2395,3701,-1306
113000422,2982,2606,376
113000423,791,1400,-609
113000424,885,3171,-2286
113000425,0,46,-46
113000428,8,0,8
113000430,0,0,0
113000432,698,24,674
113000433,27,103,-76
113000434,0,3,-3
113000435,0,16,-16
113000436,0,51,-51
113000437,441,0,441
113000438,51,4,47
113000439,0,0,0
113000440,12,1,11
113000441,111,24,87
113000442,0,0,0
113000443,36,3,33
113000444,0,0,0
113000445,11,1,10
113000446,0,0,0
113000448,0,0,0
113000449,4,112,-108
113000450,29,487,-458
113000451,15,0,15
113000452,39,98,-59
113000453,0,0,0
113000454,47,21,26
113000455,0,0,0
113000456,137,66,71
113000468,162,36,126
113000469,50,139,-89
113000470,96,24,72
113000471,0,117,-117
113000472,17,25,-8
113000474,571,533,38
113000475,461,620,-159
113000476,653,952,-299
113000477,1907,935,972
113000478,1528,1153,375
113000479,12,17,-5
113000480,66,108,-42
113000481,0,0,0
113000482,0,0,0
113000483,0,0,0
113000485,0,0,0
113000486,0,0,0
113000487,0,0,0
113000488,0,0,0
113000489,0,0,0
113000490,0,0,0
113000491,0,0,0
113000492,0,0,0
113000493,0,0,0
113000495,0,0,0
113000496,10,11,-1
113000497,0,0,0
113000498,0,0,0
113000499,0,0,0
113000500,0,0,0
113900001,0,0,0
113900002,0,0,0
113900003,0,0,0
113900004,0,0,0
113900005,0,0,0
113900006,0,0,0
113900007,0,0,0
113900008,0,0,0
113900009,0,0,0
113900010,0,0,0
113900011,0,0,0
113900012,0,0,0
113900013,0,0,0
113900014,174,25,149
113900015,0,0,0
113900016,2,0,2
113900017,0,0,0
113900018,0,0,0
113900019,0,0,0
113900020,71,0,71
113900022,21,0,21
113900023,0,0,0
113900024,0,0,0
113900025,31,4,27
113900026,1,0,1
113900027,0,0,0
113900028,0,0,0
113900029,0,0,0
113900030,75,0,75
113900031,1,0,1
113900032,0,0,0
113900033,0,0,0
113900035,0,0,0
113900036,0,0,0
113900037,0,0,0
113900038,0,0,0
113900039,81,13,68
113900040,3,1,2
113900041,0,0,0
113900042,0,0,0
113900043,0,0,0
113900044,0,28,-28
113900045,0,0,0
113900046,0,0,0
113900047,0,0,0
113900048,0,0,0
113900049,0,0,0
113900050,6,36,-30
113900051,0,0,0
113900052,20,0,20
113900053,20,98,-78
113900054,0,0,0
113900055,0,0,0
113900056,0,0,0
113900057,0,0,0
113900058,0,0,0
113900059,0,0,0
113900060,0,2,-2
113900061,14,26,-12
113900062,0,0,0
113900063,0,0,0
113900064,0,0,0
113900065,206,11,195
113900066,0,0,0
113900067,23,0,23
113900068,148,109,39
113900069,0,0,0
113900070,0,0,0
113900071,0,0,0
113900072,0,0,0
113900073,11,44,-33
113900074,29,18,11
113900075,107,174,-67
113900076,0,0,0
113900077,0,0,0
113900078,0,0,0
113900079,0,0,0
113900080,15,4,11
113900081,0,0,0
113900082,0,0,0
113900083,74,26,48
113900084,17,11,6
113900085,0,0,0
113900086,0,0,0
113900087,0,0,0
113900088,0,0,0
113900089,105,1,104
113900090,5,6,-1
113900091,0,0,0
113900092,0,0,0
113900093,0,0,0
113900094,20,39,-19
113900095,9,10,-1
113900096,0,0,0
113900097,0,0,0
113900098,241,21,220
113900099,0,0,0
113900100,0,0,0
113900101,0,0,0
113900102,0,0,0
113900103,43,40,3
113900104,27,38,-11
113900105,0,0,0
113900106,0,0,0
113900107,0,0,0
113900108,0,0,0
113900109,0,0,0
113900110,0,0,0
113900111,0,0,0
113900112,1,0,1
113900113,14,10,4
113900114,0,0,0
113900115,0,0,0
113900116,0,0,0
113900117,0,0,0
113900118,0,28,-28
113900119,19,90,-71
113900120,0,0,0
113900121,0,0,0
113900122,11,870,-859
113900123,2,1,1
113900124,0,0,0
113900125,7,0,7
113900126,0,0,0
113900127,0,0,0
113900128,0,0,0
113900129,0,26,-26
113900130,0,0,0
113900131,0,0,0
113900132,0,0,0
113900133,0,0,0
113900135,0,5,-5
113900136,0,0,0
113900137,0,0,0
113900138,0,0,0
113900139,0,0,0
113900140,22,33,-11
113900141,0,0,0
113900142,0,0,0
113900143,0,0,0
113900144,25,20,5
113900145,0,0,0
113900146,0,0,0
113900148,0,0,0
113900149,0,0,0
113900150,121,24,97
113900151,0,0,0
113900152,0,3,-3
113900153,0,0,0
113900154,0,0,0
113900155,0,0,0
113900156,0,0,0
113900157,0,8,-8
113900158,0,0,0
113900159,0,0,0
113900160,0,0,0
113900161,0,0,0
113900162,9,23,-14
113900163,0,0,0
113900164,0,0,0
113900165,0,0,0
113900166,3,11,-8
113900167,0,0,0
113900168,0,0,0
113900169,0,0,0
113900171,0,0,0
113900172,0,0,0
113900173,2,23,-21
113900174,0,0,0
113900175,250,5,245
113900176,0,0,0
113900177,3,3,0
113900178,22,0,22
113900179,1,45,-44
113900180,4,0,4
113900181,72,0,72
113900182,0,0,0
113900183,1,0,1
113900184,0,19,-19
113900185,0,3,-3
113900186,0,0,0
113900187,0,4,-4
113900188,0,0,0
113900189,0,0,0
113900190,0,0,0
113900191,0,0,0
113900192,0,0,0
113900193,0,9,-9
113900194,33,29,4
113900195,0,0,0
113900196,0,0,0
113900197,0,16,-16
113900198,0,0,0
113900199,2,34,-32
113900200,0,0,0
113900201,0,7,-7
113900202,0,0,0
113900203,0,8,-8
113900204,0,3,-3
113900205,0,0,0
113900206,0,0,0
113900207,0,0,0
113900208,0,0,0
113900209,0,0,0
113900210,0,0,0
113900211,0,0,0
113900212,72,4,68
113900214,4,17,-13
113900215,147,0,147
113900216,0,0,0
113900217,0,0,0
113900218,0,0,0
113900219,0,0,0
113900220,0,0,0
113900221,9,22,-13
113900222,0,0,0
113900223,0,0,0
113900224,0,0,0
113900225,40,8,32
113900226,4,2,2
113900227,10,10,0
113900228,0,0,0
113900229,0,15,-15
113900230,73,16,57
113900231,0,0,0
113900232,0,0,0
113900233,0,0,0
113900234,0,0,0
113900235,0,0,0
113900236,84,0,84
113900237,0,0,0
113900238,6,72,-66
113900239,0,0,0
113900240,0,0,0
113900241,0,0,0
113900242,0,0,0
113900243,0,18,-18
113900244,10,4,6
113900245,13,11,2
113900246,1,12,-11
113900247,25,138,-113
113900248,0,0,0
113900249,37,77,-40
113900250,7,12,-5
113900251,111,11,100
113900252,86,5,81
113900253,96,4,92
113900254,146,28,118
113900255,285,7,278
113900256,133,4,129
113900257,1,64,-63
113900258,0,57,-57
113900259,70,9,61
113900260,194,13,181
113900261,6,4,2
113900262,62,23,39
113900263,0,5,-5
113900264,0,3,-3
113900265,17,0,17
113900266,20,0,20
113900267,0,0,0
113900268,20,16,4
113900269,0,0,0
113900270,0,0,0
113900271,0,0,0
113900273,4,0,4
113900274,9,1,8
113900275,0,0,0
113900276,0,18,-18
113900277,67,1,66
113900278,0,0,0
113900279,0,0,0
113900280,45,5,40
113900281,6,102,-96
113900282,0,0,0
113900283,0,0,0
113900284,294,69,225
113900285,30,0,30
113900286,0,0,0
113900287,0,0,0
113900288,0,0,0
113900289,0,0,0
113900290,0,0,0
113900291,0,0,0
113900292,0,0,0
113900293,0,0,0
113900294,206,1,205
113900295,54,30,24
113900296,68,8,60
113900297,275,4,271
113900298,0,0,0
113900299,32,0,32
113900300,415,8,407
113900301,20,1,19
113900302,56,4,52
113900303,0,0,0
113900304,0,0,0
113900305,56,0,56
113900306,11,0,11
113900307,0,0,0
113900308,0,0,0
113900309,0,17,-17
113900310,0,0,0
113900311,2,0,2
113900312,0,0,0
113900313,0,0,0
114000001,331,344,-13
114000002,49,31,18
114000003,7,4,3
114000004,41,7,34
114000005,25,12,13
114000006,245,264,-19
114000007,206,124,82
114000008,230,266,-36
114000009,163,121,42
114000011,1342,343,999
114000012,1921,237,1684
114000013,987,390,597
114000014,29,10,19
114000015,231,16,215
114000016,17,43,-26
114000017,16,39,-23
114000018,23,22,1
114000026,933,305,628
114000027,1510,672,838
114000028,644,1138,-494
114000038,2,5,-3
114000039,0,0,0
114000040,31,32,-1
114000042,15,67,-52
114000043,69,3,66
114000044,58,15,43
114000045,0,7,-7
114000046,318,446,-128
114000047,15,53,-38
114000048,27,60,-33
114000049,525,387,138
114000050,276,304,-28
114000051,621,796,-175
114000052,544,756,-212
114000053,145,173,-28
114000054,39,331,-292
114000055,34,3,31
114000056,3,58,-55
114000057,470,616,-146
114000058,0,10,-10
114000059,0,20,-20
114000060,37,122,-85
114000061,577,1215,-638
114000062,177,445,-268
114000063,124,247,-123
114000064,353,487,-134
114000065,185,391,-206
114000066,178,254,-76
114000067,11,172,-161
114000068,66,179,-113
114000069,241,40,201
114000070,957,578,379
114000071,68,21,47
114000072,129,17,112
114000073,31,38,-7
114000074,4,1,3
114000075,62,15,47
114000076,24,35,-11
114000077,1,7,-6
114000078,10,32,-22
114000079,17,1,16
114000080,2,34,-32
114000081,24,93,-69
114000082,35,54,-19
114000083,0,0,0
114000084,68,56,12
114000085,6,39,-33
114000086,4,55,-51
114000087,0,0,0
114000088,15,4,11
114000089,65,28,37
114000090,215,317,-102
114000091,250,212,38
114000092,115,65,50
114000093,399,217,182
114000094,160,177,-17
114000095,82,113,-31
114000096,26,35,-9
114000097,60,55,5
114000098,174,50,124
114000099,243,28,215
114000100,1220,134,1086
114000101,259,38,221
114000102,256,55,201
114000103,26,65,-39
114000104,0,28,-28
114000105,14,28,-14
114000106,219,345,-126
114000107,243,35,208
114000108,123,49,74
114000109,443,532,-89
114000110,12,51,-39
114000111,1041,275,766
114000112,7,77,-70
114000113,634,250,384
114000114,5,26,-21
114000115,710,606,104
114000116,582,1684,-1102
114000117,2174,255,1919
114000118,1878,193,1685
114000119,1727,251,1476
114000120,320,218,102
114000121,1,7,-6
114000122,190,20,170
114000123,958,81,877
114000124,394,105,289
114000125,397,330,67
114000126,657,46,611
114000127,89,50,39
114000128,420,107,313
114000130,152,330,-178
114000131,171,33,138
114000132,136,160,-24
114000133,79,169,-90
114000134,0,0,0
114000138,0,0,0
114000139,78,120,-42
114000144,170,147,23
114000145,0,0,0
114000146,0,0,0
114000147,882,1479,-597
114000148,304,660,-356
114000149,65,79,-14
114000150,13,21,-8
114000151,91,627,-536
114000152,3,30,-27
114000153,61,527,-466
114000154,195,109,86
114000155,343,769,-426
114000156,208,376,-168
114000157,77,244,-167
114000158,87,100,-13
114000159,44,50,-6
114000160,8,44,-36
114000161,247,670,-423
114000162,895,1118,-223
114000163,0,0,0
114000165,54,215,-161
114000166,113,66,47
114000167,617,286,331
114000168,24,6,18
114000169,390,516,-126
114000170,523,391,132
114000171,967,2908,-1941
114000174,2,5,-3
114000176,23,1,22
114000177,35,9,26
114000178,49,26,23
114000179,391,403,-12
114000180,47,7,40
114000181,403,1913,-1510
114000182,411,222,189
114000183,251,54,197
114000184,143,125,18
114000185,648,500,148
114000189,766,46,720
114000190,2397,354,2043
114000191,39,224,-185
114000192,0,0,0
114000193,0,0,0
114000194,776,406,370
114000195,263,84,179
114000196,0,0,0
114000197,1452,5,1447
114000198,0,0,0
114000199,1,126,-125
114000200,189,114,75
114000201,16,57,-41
114000202,595,404,191
114000203,183,386,-203
114000204,0,0,0
114000205,11,123,-112
114000206,42,136,-94
114000207,103,129,-26
114000208,97,40,57
114000209,64,180,-116
114000210,28,233,-205
114000211,1177,507,670
114000212,373,457,-84
114000213,1189,384,805
114000214,10,0,10
114000215,54,4,50
114000216,477,146,331
114000217,225,65,160
114000218,67,0,67
114000219,474,55,419
114000220,0,3,-3
114000221,447,40,407
114000222,8,35,-27
114000223,435,57,378
114000224,9,72,-63
114000225,71,55,16
114000226,66,47,19
114000227,736,419,317
114000228,794,132,662
114000229,690,273,417
114000230,1547,339,1208
114000231,533,595,-62
114000232,711,97,614
114000233,1482,61,1421
114000234,872,325,547
114000235,681,354,327
114000236,0,0,0
114000237,44,129,-85
114000238,9,370,-361
114000239,53,211,-158
114000240,502,490,12
114000241,72,166,-94
114000242,278,182,96
114000243,1019,682,337
114000244,314,135,179
114000245,93,151,-58
114000246,0,0,0
114000247,314,261,53
114000248,859,401,458
114000249,716,336,380
114000250,187,66,121
114000251,196,7,189
114000252,46,18,28
114000253,32,14,18
114000254,0,0,0
114000255,10,70,-60
114000256,75,212,-137
114000257,33,212,-179
114000258,127,62,65
114000259,0,4,-4
114000260,0,0,0
114000261,57,6,51
114000262,0,0,0
114000263,8,0,8
114000264,233,40,193
114000265,0,0,0
114000267,1,349,-348
114000268,0,0,0
114000270,107,2,105
114000271,103,41,62
114000283,478,74,404
114000285,0,0,0
114000288,3,1,2
114000289,318,8,310
114000293,132,19,113
114000294,40,91,-51
114000395,381,30,351
114000396,202,110,92
114000402,301,90,211
114000403,304,69,235
114000405,149,31,118
114000423,265,59,206
114000424,157,95,62
114000425,449,92,357
114000426,324,570,-246
114000427,21,3,18
114000428,29,57,-28
114000429,35,2,33
114000432,159,6,153
114000434,3,12,-9
114000435,0,0,0
114900001,147,52,95
114900002,61,8,53
114900003,171,60,111
114900004,14,64,-50
114900005,87,48,39
114900006,5,6,-1
114900007,88,1,87
114900008,29,11,18
114900010,0,0,0
114900011,104,7,97
114900013,6,1,5
114900015,9,72,-63
114900018,40,0,40
114900020,1,3,-2
114900021,53,3,50
114900022,8,10,-2
114900024,3,7,-4
114900025,101,6,95
114900026,5,4,1
114900027,33,10,23
114900029,42,1,41
114900030,30,6,24
114900031,78,0,78
114900032,110,0,110
114900033,17,101,-84
114900034,0,0,0
114900035,6,9,-3
114900036,106,21,85
114900037,0,0,0
114900038,0,0,0
114900039,0,0,0
114900040,0,0,0
114900041,0,0,0
114900042,0,0,0
114900043,0,0,0
114900044,14,1,13
114900045,0,0,0
114900046,0,0,0
114900047,0,0,0
114900048,0,0,0
114900049,0,0,0
114900050,0,0,0
114900051,0,0,0
114900052,0,0,0
114900053,0,0,0
114900054,0,0,0
114900057,3,3,0
114900058,0,0,0
114900059,4,3,1
114900060,10,18,-8
114900061,0,0,0
114900062,10,7,3
114900063,0,0,0
114900064,0,0,0
114900065,0,0,0
114900067,0,0,0
114900068,0,0,0
114900069,0,0,0
114900070,119,11,108
114900072,1,0,1
114900073,0,0,0
114900074,224,2,222
114900075,18,2,16
114900076,1,0,1
114900080,135,7,128
114900082,367,20,347
114900083,0,0,0
114900084,0,0,0
114900090,109,24,85
114900091,0,0,0
114900095,0,0,0
114900096,0,7,-7
114900097,23,0,23
114900098,0,8,-8
114900099,13,2,11
115000001,641,664,-23
115000002,1819,2721,-902
115000003,518,340,178
115000004,1908,3290,-1382
115000005,128,134,-6
115000006,542,707,-165
115000007,71,328,-257
115000008,167,167,0
115000009,206,240,-34
115000010,132,219,-87
115000013,0,0,0
115000015,0,0,0
115000016,7,282,-275
115000019,87,270,-183
115000020,16,135,-119
115000021,1,55,-54
115000022,11,48,-37
115000023,405,341,64
115000024,43,22,21
115000025,685,262,423
115000026,15,4,11
115000027,280,139,141
115000028,11,28,-17
115000029,768,17,751
115000030,5,62,-57
115000031,621,21,600
115000032,0,0,0
115000033,103,9,94
115000034,0,0,0
115000035,528,15,513
115000036,0,0,0
115000037,278,5,273
115000038,41,217,-176
115000039,560,962,-402
115000040,1000,531,469
115000041,372,1411,-1039
115000042,311,111,200
115000043,1551,860,691
115000044,967,266,701
115000045,627,193,434
115000046,1798,1099,699
115000047,1855,468,1387
115000048,370,323,47
115000049,299,759,-460
115000050,1560,622,938
115000051,810,2185,-1375
115000052,450,414,36
115000053,1014,1941,-927
115000054,285,196,89
115000055,30,177,-147
115000056,80,52,28
115000057,49,289,-240
115000058,48,126,-78
115000059,70,233,-163
115000061,48,99,-51
115000062,14,14,0
115000063,26,10,16
115000064,220,13,207
115000065,5,6,-1
115000067,56,4,52
115000069,35,4,31
115000070,0,58,-58
115000071,54,12,42
115000072,0,0,0
115000073,682,64,618
115000075,20,31,-11
115000076,605,460,145
115000077,685,317,368
115000078,555,268,287
115000079,446,300,146
115000080,1685,386,1299
115000081,23,36,-13
115000082,2176,1517,659
115000083,734,253,481
115000084,1859,203,1656
115000085,211,165,46
115000086,603,225,378
115000087,148,391,-243
115000088,866,337,529
115000089,131,172,-41
115000090,306,203,103
115000091,170,186,-16
115000092,462,198,264
115000093,474,3,471
115000094,1877,2820,-943
115000095,956,2424,-1468
115000096,338,251,87
115000097,716,622,94
115000098,667,77,590
115000099,1482,286,1196
115000100,1074,212,862
115000101,46,54,-8
115000102,437,117,320
115000103,199,100,99
115000105,46,37,9
115000106,282,228,54
115000107,3,26,-23
115000108,315,306,9
115000109,1367,2392,-1025
115000110,944,716,228
115000111,156,596,-440
115000112,297,113,184
115000113,171,306,-135
115000114,252,193,59
115000116,422,476,-54
115000117,484,352,132
115000118,346,792,-446
115000119,312,269,43
115000120,81,1008,-927
115000121,250,150,100
115000122,273,342,-69
115000123,172,1584,-1412
115000124,186,312,-126
115000125,118,359,-241
115000126,81,248,-167
115000127,97,33,64
115000128,54,344,-290
115000129,96,101,-5
115000130,238,146,92
115000131,374,89,285
115000132,218,34,184
115000133,197,41,156
115000134,141,11,130
115000135,22,17,5
115000136,69,47,22
115000137,1,3,-2
115000138,208,69,139
115000139,36,11,25
115000140,356,78,278
115000141,35,9,26
115000142,41,9,32
115000143,860,248,612
115000144,246,15,231
115000145,40,34,6
115000146,215,112,103
115000147,108,29,79
115000148,73,109,-36
115000149,126,200,-74
115000150,223,52,171
115000151,490,251,239
115000152,208,109,99
115000153,517,201,316
115000154,355,86,269
115000155,115,133,-18
115000156,177,389,-212
115000157,81,114,-33
115000158,120,62,58
115000159,113,100,13
115000160,163,251,-88
115000161,297,194,103
115000162,552,487,65
115000163,130,22,108
115000164,12,71,-59
115000165,114,395,-281
115000167,107,21,86
115000168,226,189,37
115000169,6,25,-19
115000170,2,0,2
115000171,156,179,-23
115000172,20,48,-28
115000173,60,155,-95
115000174,30,77,-47
115000175,2,19,-17
115000176,2,23,-21
115000177,1,34,-33
115000178,0,13,-13
115000179,5,45,-40
115000180,1,4,-3
115000181,467,14,453
115000182,541,66,475
115000183,2,10,-8
115000186,191,12,179
115000187,71,11,60
115000188,226,103,123
115000189,100,20,80
115000190,296,117,179
115000191,10,39,-29
115000194,0,0,0
115000195,26,36,-10
115000196,94,2,92
115000197,86,51,35
115000198,400,25,375
115000199,127,61,66
115000200,199,18,181
115000201,19,29,-10
115000206,467,2,465
115000207,0,0,0
115000208,30,23,7
115000209,438,141,297
115000210,78,29,49
115000211,4,38,-34
115000212,182,62,120
115000218,4,35,-31
115000219,12,59,-47
115000224,53,3,50
115000225,24,23,1
115000229,96,32,64
115000230,14,232,-218
115000231,233,158,75
115000232,1164,177,987
115000233,11,7,4
115000234,2,16,-14
115000241,24,11,13
115000242,67,2,65
115000243,6,24,-18
115000244,15,6,9
115000246,2,2,0
115000247,1,11,-10
115000248,1,1,0
115000249,0,1,-1
115000250,67,8,59
115000251,84,6,78
115000252,6,37,-31
115000253,0,101,-101
115000258,86,17,69
115000259,17,13,4
115000261,41,1,40
115000262,5,4,1
115000263,0,6,-6
115000264,0,0,0
115000267,4,8,-4
115000268,0,0,0
115000269,64,5,59
115000270,4,4,0
115000272,9,11,-2
115000273,94,6,88
115000274,79,19,60
115000280,237,707,-470
115000281,0,0,0
115000282,229,1097,-868
115000284,8,28,-20
115000296,181,6,175
115000297,14,489,-475
115000298,0,0,0
115000300,124,13,111
115000302,158,46,112
115000303,439,23,416
115000304,344,25,319
115000305,6,24,-18
115000306,59,16,43
115000307,12,9,3
115000308,0,1,-1
115000310,398,141,257
115000311,920,307,613
115000313,0,18,-18
115000314,139,123,16
115000315,10,48,-38
115000316,1,15,-14
115000317,62,29,33
115000318,635,48,587
115000319,0,7,-7
115000320,4,51,-47
115000321,93,8,85
115000322,0,11,-11
115000449,31,36,-5
115000557,0,0,0
115000558,125,29,96
115000587,152,131,21
115000588,81,103,-22
115000589,1338,825,513
115000590,57,62,-5
115000591,322,331,-9
115000592,56,30,26
115000593,760,312,448
115000594,46,54,-8
115000609,74,92,-18
115000617,74,415,-341
115000624,34,3,31
115000633,382,301,81
115000634,1308,376,932
115000635,370,52,318
115000638,5,51,-46
115000641,2,9,-7
115000642,228,24,204
115000643,3,0,3
115000644,12,0,12
115000646,139,316,-177
115000647,56,53,3
115000648,871,88,783
115000893,861,495,366
115000894,0,17,-17
115000895,3,2,1
115000896,418,207,211
115000897,93,10,83
115000898,189,157,32
115000899,4,59,-55
115000900,5,127,-122
115000901,0,0,0
115000912,116,53,63
115000913,0,1,-1
115000915,6,0,6
115000916,3,0,3
115000917,0,8,-8
115000918,12,363,-351
115000919,0,2,-2
115000920,0,0,0
115000921,0,0,0
115000922,101,320,-219
115000923,2,28,-26
115000925,3,15,-12
115000927,1,4,-3
115000933,1,10,-9
115900001,51,3,48
115900002,0,2,-2
115900003,32,13,19
115900004,0,0,0
115900005,20,1,19
115900006,2,5,-3
115900008,33,0,33
115900009,1,0,1
115900010,205,3,202
115900011,47,7,40
115900012,62,0,62
115900013,75,5,70
115900014,39,3,36
115900015,14,3,11
115900016,51,3,48
115900017,3,7,-4
115900018,47,3,44
115900019,2,0,2
115900020,103,18,85
115900021,72,4,68
115900022,40,0,40
115900023,1,0,1
115900025,0,0,0
115900026,127,4,123
115900027,0,0,0
115900028,30,14,16
115900029,1,7,-6
115900030,0,0,0
115900031,0,30,-30
115900032,112,45,67
115900033,0,0,0
115900034,0,9,-9
115900035,0,0,0
115900036,0,201,-201
115900037,1,16,-15
115900038,0,0,0
115900039,11,2,9
115900041,8,96,-88
115900042,0,0,0
115900043,19,0,19
115900044,70,62,8
115900046,208,23,185
115900047,0,28,-28
115900049,33,14,19
115900051,0,0,0
115900052,0,0,0
115900053,148,15,133
115900054,164,0,164
115900055,0,0,0
115900056,22,8,14
115900057,3,1,2
115900058,0,0,0
115900060,0,34,-34
115900061,21,1,20
115900062,9,8,1
115900063,0,0,0
115900064,0,4,-4
115900065,39,2,37
115900066,2,5,-3
115900067,0,2,-2
115900068,0,0,0
115900069,1,0,1
115900070,37,5,32
115900071,0,0,0
115900072,2,25,-23
115900073,27,30,-3
115900074,0,0,0
115900075,4,19,-15
115900076,0,1,-1
115900077,0,0,0
115900078,18,10,8
115900079,169,0,169
115900080,28,1,27
115900081,3,0,3
115900082,28,35,-7
115900084,136,0,136
115900085,0,0,0
115900086,182,29,153
115900088,0,0,0
115900089,258,10,248
115900090,94,0,94
115900091,0,0,0
115900092,0,0,0
115900093,0,0,0
115900094,0,0,0
115900096,0,0,0
115900097,0,0,0
115900098,0,0,0
115900099,1,2,-1
115900100,0,14,-14
115900101,0,0,0
115900102,13,7,6
115900103,1,1,0
115900104,12,7,5
115900105,64,5,59
115900106,0,0,0
115900107,24,16,8
115900108,0,0,0
115900109,1,61,-60
115900110,0,0,0
115900111,0,0,0
115900112,2,201,-199
115900113,0,0,0
115900114,0,0,0
115900115,0,0,0
115900116,10,104,-94
115900117,0,0,0
115900118,0,0,0
115900119,0,0,0
115900120,8,5,3
115900121,22,14,8
115900124,47,258,-211
115900125,79,14,65
115900126,174,1,173
115900127,405,9,396
115900128,0,1,-1
115900129,145,20,125
115900130,0,11,-11
115900131,83,3,80
115900132,261,1,260
115900134,127,1,126
115900135,86,95,-9
115900137,20,0,20
115900139,0,0,0
115900140,80,0,80
115900141,0,0,0
115900142,0,0,0
115900143,0,0,0
115900144,0,0,0
115900146,27,1,26
115900147,111,128,-17
115900148,0,0,0
115900149,28,0,28
115900150,28,1,27
115900151,6,3,3
115900152,2,36,-34
115900153,21,8,13
115900154,14,68,-54
115900155,0,0,0
115900156,62,103,-41
115900157,31,32,-1
115900158,0,0,0
115900159,62,12,50
115900160,0,0,0
115900161,1,41,-40
115900163,41,13,28
115900164,217,2,215
115900165,0,0,0
115900166,5,0,5
115900168,0,0,0
115900171,3,55,-52
115900172,2,5,-3
115900173,63,28,35
115900174,28,29,-1
115900175,98,7,91
115900178,2,4,-2
115900179,72,1,71
115900180,0,2,-2
115900181,88,20,68
115900182,136,17,119
115900183,1,0,1
115900184,154,17,137
115900187,0,5,-5
115900189,0,10,-10
115900190,0,26,-26
115900191,3,83,-80
115900192,0,8,-8
115900193,11,23,-12
115900194,338,1,337
115900195,50,556,-506
115900198,33,34,-1
115900199,32,20,12
115900200,21,10,11
115900201,17,38,-21
115900202,0,59,-59
115900203,12,7,5
115900204,0,0,0
115900205,40,1,39
115900206,0,0,0
115900207,0,0,0
115900208,4,1,3
115900209,4,12,-8
115900210,0,3,-3
115900211,0,12,-12
115900212,0,0,0
115900213,4,61,-57
115900214,136,20,116
115900215,2,13,-11
115900216,0,0,0
115900217,0,0,0
115900218,0,0,0
115900219,18,0,18
115900220,95,0,95
115900221,79,11,68
115900222,24,7,17
115900223,4,91,-87
115900224,13,403,-390
115900225,21,17,4
115900226,0,0,0
115900227,0,0,0
115900228,0,1,-1
115900229,0,0,0
115900230,2,0,2
115900231,0,0,0
115900232,0,0,0
115900233,0,0,0
115900234,0,0,0
115900235,0,0,0
115900236,0,0,0
115900237,0,0,0
115900238,0,0,0
115900239,0,0,0
115900240,0,0,0
115900241,0,0,0
115900242,37,127,-90
115900243,0,0,0
115900244,1,0,1
115900245,0,0,0
115900246,1,0,1
115900247,0,1,-1
115900248,1,0,1
115900249,1,7,-6
115900250,2,5,-3
115900251,0,0,0
115900252,3,0,3
115900253,0,2,-2
115900254,0,5,-5
115900255,0,2,-2
115900256,0,0,0
115900257,0,0,0
115900258,0,0,0
115900259,0,0,0
115900260,0,0,0
115900261,0,0,0
115900262,0,0,0
115900263,0,0,0
115900264,0,0,0
115900265,0,0,0
115900266,0,0,0
115900267,0,0,0
115900268,0,0,0
115900269,0,0,0
115900270,49,0,49
116000001,927,568,359
116000002,3238,10782,-7544
116000003,217,323,-106
116000004,1092,4221,-3129
116000005,185,970,-785
116000006,307,869,-562
116000007,689,554,135
116000008,1392,970,422
116000009,255,731,-476
116000010,1070,644,426
116000011,334,769,-435
116000012,853,375,478
116000013,1232,1203,29
116000014,1723,9068,-7345
116000015,77,238,-161
116000016,681,4094,-3413
116000017,20,458,-438
116000018,124,34,90
116000019,835,152,683
116000020,453,109,344
116000021,225,112,113
116000022,119,155,-36
116000023,280,246,34
116000024,243,85,158
116000025,204,335,-131
116000026,565,355,210
116000027,501,611,-110
116000028,796,1687,-891
116000029,143,226,-83
116000030,481,880,-399
116000031,0,0,0
116000032,95,2,93
116000033,378,78,300
116000034,2445,474,1971
116000035,75,48,27
116000036,110,305,-195
116000037,89,243,-154
116000038,88,360,-272
116000039,44,37,7
116000040,370,403,-33
116000041,29,117,-88
116000042,737,442,295
116000043,93,107,-14
116000044,0,0,0
116000045,3348,2537,811
116000046,492,272,220
116000047,748,906,-158
116000048,4450,1386,3064
116000049,2411,1175,1236
116000050,1066,427,639
116000051,3858,998,2860
116000052,1318,558,760
116000053,3948,593,3355
116000054,510,441,69
116000055,397,216,181
116000056,1741,1617,124
116000057,475,109,366
116000058,456,579,-123
116000059,887,4869,-3982
116000060,275,321,-46
116000061,115,902,-787
116000062,145,77,68
116000063,257,935,-678
116000066,47,1075,-1028
116000067,17,45,-28
116000068,53,281,-228
116000069,156,46,110
116000078,291,551,-260
116000080,438,122,316
116000082,0,28,-28
116000083,530,127,403
116000084,602,1089,-487
116000085,674,360,314
116000086,228,216,12
116000087,1020,647,373
116000088,285,233,52
116000089,52,10,42
116000090,55,48,7
116000091,49,29,20
116000093,340,78,262
116000094,182,43,139
116000095,305,83,222
116000096,422,765,-343
116000097,432,93,339
116000098,3,2716,-2713
116000099,968,38,930
116000100,128,3,125
116000101,418,30,388
116000102,77,154,-77
116000103,143,81,62
116000104,106,159,-53
116000105,616,18,598
116000106,287,116,171
116000107,1007,6,1001
116000108,3,6,-3
116000111,32,31,1
116000113,38,7,31
116000114,2,43,-41
116000115,216,37,179
116000116,20,100,-80
116000117,959,484,475
116000118,391,121,270
116000119,1842,646,1196
116000120,443,248,195
116000121,437,184,253
116000122,52,60,-8
116000123,1261,169,1092
116000124,84,99,-15
116000125,1409,97,1312
116000126,42,74,-32
116000127,287,77,210
116000128,1031,133,898
116000129,323,18,305
116000130,273,175,98
116000133,295,42,253
116000134,442,206,236
116000135,1538,253,1285
116000136,282,271,11
116000137,456,199,257
116000138,196,214,-18
116000139,1699,2248,-549
116000140,62,161,-99
116000141,78,45,33
116000142,1972,1331,641
116000143,1110,811,299
116000144,1131,814,317
116000145,2155,596,1559
116000146,240,2,238
116000147,144,142,2
116000148,186,223,-37
116000149,98,96,2
116000151,225,266,-41
116000153,188,704,-516
116000155,229,521,-292
116000156,153,123,30
116000157,53,0,53
116000158,87,10,77
116000159,0,1,-1
116000160,8,3,5
116000161,3,80,-77
116000162,4,148,-144
116000163,16,2,14
116000164,0,3,-3
116000177,20,6,14
116000194,29,85,-56
116000195,543,170,373
116000196,0,0,0
116000197,0,0,0
116000198,1305,1052,253
116000200,110,364,-254
116000201,260,103,157
116000202,4,16,-12
116000203,0,5,-5
116000204,0,16,-16
116000205,0,8,-8
116000206,0,4,-4
116000207,0,0,0
116000233,0,0,0
116000287,40,9,31
116000288,203,95,108
116000292,0,0,0
116000296,9,59,-50
116000297,27,1,26
116000304,137,5,132
116000305,0,158,-158
116000346,0,0,0
116000352,0,0,0
116000354,0,0,0
116000357,0,0,0
116000358,16,8,8
116000361,2,0,2
116000372,1692,3752,-2060
116000381,34,12,22
116000388,0,0,0
116000389,50,7,43
116000445,84,16,68
116000446,548,44,504
116000447,2,44,-42
116000448,239,56,183
116000563,258,1530,-1272
116000565,3,61,-58
116000568,19,112,-93
116000579,4,22,-18
116000584,9,3,6
116000585,3,30,-27
116000586,7,61,-54
116000587,509,139,370
116000589,5,5,0
116000590,19,14,5
116000591,142,42,100
116000592,3,8,-5
116000593,0,6,-6
116000594,331,71,260
116000595,167,13,154
116000596,102,0,102
116000597,292,120,172
116000598,2,37,-35
116000602,0,0,0
116000605,41,13,28
116000606,27,54,-27
116000607,0,0,0
116000609,3,263,-260
116000611,33,33,0
116000612,1387,1476,-89
116000613,510,155,355
116000614,32,34,-2
116000615,9,21,-12
116000616,68,5,63
116000617,115,1,114
116000618,1,6,-5
116000619,4,77,-73
116000620,244,100,144
116000621,129,129,0
116000622,159,110,49
116000624,39,22,17
116000628,1,0,1
116000629,1,8,-7
116000630,54,1,53
116000631,12,0,12
116000632,0,0,0
116000633,0,164,-164
116000634,72,3,69
116900001,6,1,5
116900002,48,0,48
116900003,0,0,0
116900004,26,31,-5
116900005,34,3,31
116900006,19,42,-23
116900007,33,11,22
116900008,96,9,87
116900009,4,2,2
116900010,0,47,-47
116900011,0,0,0
116900012,10,27,-17
116900013,0,12,-12
116900014,0,0,0
116900015,134,0,134
116900016,101,0,101
116900017,0,33,-33
116900018,0,0,0
116900019,0,0,0
116900020,200,116,84
116900023,0,0,0
116900024,308,4,304
116900025,267,54,213
116900026,2,61,-59
116900027,0,0,0
116900028,0,0,0
116900029,0,15,-15
116900031,0,0,0
116900032,0,7,-7
116900033,0,0,0
116900034,0,0,0
116900035,27,15,12
116900036,0,7,-7
116900038,0,0,0
116900041,0,0,0
116900042,0,0,0
116900043,1,13,-12
116900045,5,22,-17
116900047,2,59,-57
116900049,0,0,0
116900050,17,12,5
116900051,43,3,40
116900052,5,12,-7
116900055,0,1,-1
116900057,0,0,0
116900058,0,8,-8
116900059,0,2,-2
116900060,21,47,-26
116900062,0,13,-13
116900064,0,0,0
116900065,0,1,-1
116900067,2,4,-2
116900068,83,42,41
116900070,0,0,0
116900072,0,0,0
116900073,0,4,-4
116900074,0,0,0
116900076,0,2,-2
116900077,0,0,0
116900078,0,0,0
116900079,1,28,-27
116900080,0,0,0
116900081,32,16,16
116900082,24,55,-31
116900083,0,0,0
116900084,4,1,3
116900085,15,1,14
116900086,1,5,-4
116900088,11,1,10
116900090,0,0,0
116900091,37,16,21
116900092,19,31,-12
116900093,60,44,16
116900094,712,919,-207
116900095,48,3,45
116900096,39,1,38
116900097,214,764,-550
116900098,14,13,1
116900099,40,38,2
116900100,279,34,245
116900101,11,26,-15
116900103,0,0,0
116900104,0,7,-7
116900105,48,20,28
116900106,964,140,824
116900107,563,765,-202
116900110,0,0,0
116900111,407,44,363
116900112,161,55,106
116900113,149,206,-57
116900116,0,27,-27
116900117,5,5,0
116900118,59,23,36
116900120,113,12,101
116900121,70,6,64
116900122,311,27,284
116900123,46,35,11
116900124,17,8,9
116900125,40,2,38
116900126,2,109,-107
116900128,0,0,0
116900129,0,21,-21
116900130,24,520,-496
116900131,1,0,1
116900132,12,0,12
116900133,2,0,2
116900134,0,0,0
116900136,0,0,0
116900137,0,0,0
116900138,0,0,0
116900139,0,0,0
116900140,0,0,0
116900141,0,0,0
116900142,0,0,0
116900143,72,144,-72
116900144,0,0,0
116900145,0,0,0
116900147,0,0,0
116900148,0,0,0
116900149,3,4,-1
116900150,0,0,0
116900151,0,0,0
116900153,19,1,18
116900154,2,21,-19
116900155,0,0,0
116900157,107,2,105
116900158,7,7,0
116900159,0,14,-14
116900160,165,118,47
116900161,406,61,345
116900162,0,15,-15
116900163,46,0,46
116900164,1,1,0
116900165,202,73,129
116900166,1,0,1
116900167,104,2,102
116900168,113,3,110
116900169,0,32,-32
116900170,224,84,140
116900171,7,4,3
116900172,6,40,-34
116900173,35,2,33
116900174,2,6,-4
116900175,10,11,-1
116900178,1,2,-1
116900179,4,34,-30
116900180,5,0,5
116900182,399,51,348
116900183,73,20,53
116900185,39,7,32
116900186,9,2,7
116900187,6,9,-3
116900188,25,2,23
116900189,0,0,0
116900191,12,9,3
116900192,91,11,80
116900194,6,232,-226
116900195,26,0,26
116900196,9,4,5
116900197,41,1,40
116900198,4,40,-36
116900200,0,0,0
116900201,44,3,41
116900202,18,1,17
116900203,6,1,5
116900204,5,18,-13
116900206,0,0,0
116900207,1,0,1
116900208,0,24,-24
116900209,12,1,11
116900210,33,3,30
116900211,56,2,54
116900212,0,0,0
116900213,47,10,37
116900214,0,0,0
116900215,2,2,0
116900216,8,6,2
116900218,0,14,-14
116900219,186,25,161
116900220,11,19,-8
116900221,0,0,0
116900222,299,136,163
116900223,24,2,22
116900226,76,5,71
116900227,26,2,24
116900228,123,4,119
116900230,0,14,-14
116900231,0,21,-21
116900232,0,2,-2
116900233,104,9,95
116900234,2,0,2
116900235,2,3,-1
116900238,110,10,100
116900239,0,55,-55
116900240,314,150,164
116900241,0,7,-7
116900242,31,229,-198
116900243,0,2,-2
116900245,5,21,-16
116900246,2,0,2
116900247,239,7,232
116900248,32,0,32
116900249,141,9,132
116900250,50,10,40
116900251,30,60,-30
116900252,48,34,14
116900253,9,2,7
116900254,0,0,0
116900255,0,0,0
116900256,0,0,0
116900257,0,0,0
116900258,0,0,0
116900259,22,0,22
116900260,0,0,0
116900261,1,0,1
116900262,28,1,27
116900263,0,0,0
116900264,0,0,0
116900265,10,0,10
116900266,0,0,0
116900267,0,0,0
116900268,2,25,-23
116900269,226,182,44
116900271,0,0,0
116900272,76,22,54
116900273,0,2,-2
116900274,14,13,1
116900275,1,0,1
116900276,136,102,34
116900277,21,1,20
116900278,0,0,0
116900279,0,0,0
116900280,0,0,0
116900281,376,814,-438
116900282,0,1,-1
116900283,0,0,0
116900284,0,1,-1
116900285,14,53,-39
116900286,32,0,32
116900287,1,0,1
116900288,8,0,8
116900289,0,0,0
116900290,0,0,0
116900291,0,0,0
116900292,0,0,0
116900293,0,0,0
116900294,0,0,0
116900295,0,0,0
116900296,0,0,0
116900297,0,0,0
116900298,0,0,0
116900299,0,0,0
116900300,0,0,0
116900301,0,0,0
116900302,87,216,-129
116900303,13,0,13
116900304,0,0,0
116900305,0,0,0
116900306,142,4,138
117000001,3237,1745,1492
117000002,2182,1303,879
117000003,4282,1549,2733
117000004,1199,889,310
117000005,3075,1107,1968
117000006,444,645,-201
117000007,3527,533,2994
117000008,314,967,-653
117000009,2638,616,2022
117000010,653,591,62
117000011,1450,550,900
117000012,643,241,402
117000013,1384,386,998
117000014,399,1165,-766
117000015,767,834,-67
117000016,72,89,-17
117000017,62,136,-74
117000018,6,643,-637
117000019,11,8,3
117000020,256,1394,-1138
117000021,765,97,668
117000022,99,241,-142
117000023,18,231,-213
117000024,94,223,-129
117000025,11,139,-128
117000026,1198,1522,-324
117000027,90,136,-46
117000028,253,194,59
117000030,120,66,54
117000032,986,556,430
117000033,822,1073,-251
117000034,122,37,85
117000036,119,60,59
117000038,160,108,52
117000039,4,16,-12
117000040,21,166,-145
117000041,745,26,719
117000044,1,130,-129
117000045,209,89,120
117000046,178,343,-165
117000047,594,381,213
117000048,316,228,88
117000049,28,346,-318
117000050,85,361,-276
117000051,1494,15,1479
117000052,32,72,-40
117000053,375,0,375
117000054,1329,21,1308
117000055,0,254,-254
117000056,320,26,294
117000057,128,145,-17
117000060,150,75,75
117000061,2340,848,1492
117000062,101,57,44
117000063,1736,499,1237
117000064,528,153,375
117000066,285,149,136
117000067,59,431,-372
117000074,8,114,-106
117000076,18,56,-38
117000077,21,38,-17
117000078,98,32,66
117000079,157,58,99
117000080,0,0,0
117000081,241,33,208
117000082,0,19,-19
117000083,44,0,44
117000084,18,0,18
117000085,225,144,81
117000086,190,60,130
117000087,0,180,-180
117000088,246,94,152
117000089,1704,127,1577
117000090,102,193,-91
117000091,1097,98,999
117000092,84,189,-105
117000093,1782,188,1594
117000094,208,205,3
117000095,3413,132,3281
117000096,228,249,-21
117000097,1915,287,1628
117000098,357,467,-110
117000099,3479,331,3148
117000100,40,68,-28
117000101,52,59,-7
117000102,2078,275,1803
117000103,116,172,-56
117000104,1422,204,1218
117000105,76,157,-81
117000106,1997,171,1826
117000107,122,192,-70
117000108,1993,934,1059
117000109,506,290,216
117000110,2119,1504,615
117000111,2400,2672,-272
117000112,1757,797,960
117000113,16,44,-28
117000114,216,38,178
117000115,38,15,23
117000116,149,25,124
117000117,625,169,456
117000118,202,65,137
117000119,98,116,-18
117000120,5,176,-171
117000121,26,301,-275
117000122,13,472,-459
117000123,205,105,100
117000124,9,14,-5
117000125,22,18,4
117000126,3,7,-4
117000127,57,57,0
117000128,18,108,-90
117000129,99,48,51
117000130,8,1,7
117000131,0,0,0
117000132,2455,10,2445
117000133,2137,1,2136
117000134,0,0,0
117000135,0,0,0
117000136,0,0,0
117000137,140,143,-3
117000138,0,0,0
117000140,74,114,-40
117000141,2059,298,1761
117000181,8,13,-5
117000182,382,462,-80
117000195,0,43,-43
117000196,230,109,121
117000225,1,27,-26
117000226,0,17,-17
117000276,132,3,129
117000277,0,41,-41
117000310,153,1764,-1611
117000315,50,226,-176
117000320,20,0,20
117000906,276,27,249
117000907,4,35,-31
117000908,24,138,-114
117000909,26,80,-54
117000910,281,39,242
117000911,34,109,-75
117000915,2,83,-81
117000916,7,1,6
117000917,1146,26,1120
117000918,35,109,-74
117000919,0,29,-29
117000920,0,143,-143
117000921,0,93,-93
117000922,4,1,3
117000924,311,269,42
117000926,197,70,127
117000927,154,480,-326
117000928,0,0,0
117000929,32,46,-14
117000930,7,1,6
117000931,101,130,-29
117900002,20,404,-384
117900003,0,0,0
117900005,0,1,-1
117900006,0,0,0
117900007,57,28,29
117900008,0,3,-3
117900010,122,29,93
117900011,2,35,-33
117900012,25,14,11
117900013,0,14,-14
117900014,145,5,140
117900015,0,10,-10
117900016,190,511,-321
117900017,326,67,259
117900018,99,28,71
117900019,222,69,153
117900020,16,34,-18
117900021,8,13,-5
117900022,0,0,0
117900023,74,8,66
117900024,29,5,24
117900025,0,0,0
117900026,246,17,229
117900028,3,1,2
117900029,115,36,79
117900030,59,214,-155
117900031,17,26,-9
117900032,266,108,158
117900033,362,45,317
117900034,0,0,0
117900035,80,3,77
117900036,187,23,164
117900037,89,0,89
117900038,0,0,0
117900039,0,0,0
117900040,0,0,0
117900041,0,0,0
117900042,295,171,124
117900043,0,0,0
117900044,10,1459,-1449
117900045,155,37,118
117900048,260,15,245
117900049,81,34,47
117900050,3,74,-71
117900051,1,0,1
117900052,0,0,0
117900053,603,57,546
117900054,0,11,-11
117900055,80,32,48
117900056,0,0,0
117900057,170,205,-35
117900058,0,0,0
117900059,0,0,0
117900060,901,607,294
117900061,2,124,-122
117900063,185,32,153
117900065,88,191,-103
117900066,0,25,-25
117900067,499,31,468
117900069,427,19,408
117900070,25,42,-17
117900071,138,28,110
117900073,246,17,229
117900074,1,73,-72
117900075,47,7,40
117900076,0,0,0
117900077,68,2,66
117900078,147,175,-28
117900080,120,17,103
117900081,39,28,11
117900082,234,99,135
117900083,161,16,145
117900086,51,3,48
117900087,10,4,6
117900088,283,94,189
117900089,776,103,673
117900090,197,104,93
117900091,200,18,182
117900092,24,11,13
117900093,78,0,78
117900094,33,17,16
117900095,181,24,157
117900096,150,32,118
117900097,27,3,24
117900098,54,4,50
117900099,90,23,67
117900100,205,0,205
117900101,346,640,-294
117900102,3,31,-28
117900103,56,0,56
117900104,0,15,-15
117900105,95,11,84
117900106,24,4,20
117900107,65,0,65
117900109,346,247,99
117900110,99,0,99
117900111,248,6,242
117900112,29,0,29
117900113,134,55,79
117900114,61,1,60
117900115,14,38,-24
117900116,327,105,222
117900117,153,42,111
117900118,56,0,56
117900119,165,0,165
117900120,301,3,298
117900121,52,1,51
117900122,119,1101,-982
117900123,320,51,269
117900124,166,108,58
117900125,344,250,94
117900126,59,57,2
117900127,169,157,12
117900128,217,40,177
117900129,84,0,84
117900130,175,2,173
117900131,0,0,0
117900132,0,0,0
117900133,0,0,0
117900134,0,0,0
117900135,0,0,0
117900136,0,0,0
117900137,0,0,0
117900138,0,0,0
117900139,3,20,-17
117900140,719,175,544
117900141,30,105,-75
117900142,1,63,-62
117900144,6,63,-57
117900145,0,33,-33
117900146,1,90,-89
117900147,51,31,20
117900148,197,885,-688
117900149,1,5,-4
117900150,11,13,-2
117900151,14,18,-4
117900152,0,0,0
117900153,0,99,-99
117900154,469,59,410
117900156,160,61,99
117900157,106,62,44
117900158,82,2,80
117900160,279,216,63
117900161,344,77,267
117900162,340,136,204
117900163,11,26,-15
117900165,0,2,-2
117900166,9,17,-8
117900168,94,29,65
117900169,0,4,-4
117900170,0,2,-2
117900171,3,0,3
117900172,0,0,0
117900173,6,15,-9
117900174,9,3,6
117900175,0,1,-1
117900176,0,4,-4
117900177,14,2,12
117900178,7,1,6
117900180,26,5,21
117900181,1,344,-343
117900182,0,38,-38
117900183,72,128,-56
117900184,27,8,19
117900185,37,0,37
117900186,30,0,30
117900187,9,0,9
117900188,86,6,80
117900189,66,2,64
117900190,2,1,1
117900191,64,1,63
117900192,102,1,101
117900193,155,78,77
117900194,0,0,0
117900195,3,15,-12
117900196,18,7,11
117900207,64,62,2
117900208,24,7,17
117900209,54,6,48
117900210,0,0,0
117900211,0,0,0
117900212,130,21,109
117900213,12,0,12
117900214,14,0,14
117900216,0,0,0
117900217,0,0,0
117900218,0,0,0
117900219,0,5,-5
117900220,1,81,-80
117900221,0,0,0
118000001,297,1003,-706
118000002,46,463,-417
118000003,1529,3178,-1649
118000004,607,523,84
118000005,1302,2153,-851
118000006,1366,1996,-630
118000007,3156,4852,-1696
118000008,2289,2218,71
118000009,772,1298,-526
118000010,1148,1488,-340
118000011,570,400,170
118000012,423,316,107
118000013,366,534,-168
118000014,381,446,-65
118000016,217,35,182
118000017,625,525,100
118000018,96,71,25
118000019,643,867,-224
118000020,73,1235,-1162
118000021,89,1136,-1047
118000022,695,618,77
118000023,357,308,49
118000024,365,526,-161
118000025,437,1470,-1033
118000027,3178,3356,-178
118000029,123,862,-739
118000032,180,1418,-1238
118000033,1569,2121,-552
118000034,1854,1547,307
118000035,366,701,-335
118000036,161,406,-245
118000037,200,456,-256
118000038,115,182,-67
118000039,61,18,43
118000040,458,511,-53
118000041,308,354,-46
118000045,33,157,-124
118000046,62,851,-789
118000047,113,742,-629
118000048,524,1294,-770
118000051,1108,1307,-199
118000052,690,1314,-624
118000053,246,768,-522
118000054,746,800,-54
118000055,312,914,-602
118000056,19,221,-202
118000057,71,182,-111
118000058,595,439,156
118000059,185,1230,-1045
118000060,298,252,46
118000061,263,263,0
118000062,75,94,-19
118000063,69,471,-402
118000064,185,882,-697
118000065,594,322,272
118000066,288,1504,-1216
118000067,179,616,-437
118000068,231,2418,-2187
118000069,350,614,-264
118000070,782,1748,-966
118000071,442,2239,-1797
118000072,506,3383,-2877
118000073,264,1004,-740
118000074,108,796,-688
118000075,158,672,-514
118000076,2845,5249,-2404
118000077,603,777,-174
118000078,1123,1361,-238
118000079,46,287,-241
118000080,138,345,-207
118000081,1050,854,196
118000082,130,746,-616
118000083,317,1188,-871
118000084,250,263,-13
118000086,13,60,-47
118000087,1075,1411,-336
118000088,418,969,-551
118000089,1004,836,168
118000090,181,1129,-948
118000091,130,1618,-1488
118000092,198,75,123
118000093,34,479,-445
118000096,74,343,-269
118000097,107,249,-142
118000098,118,162,-44
118000099,0,0,0
118000101,654,156,498
118000102,372,181,191
118000107,33,5,28
118000108,68,458,-390
118000110,0,0,0
118000111,0,0,0
118000112,198,0,198
118000113,0,0,0
118000114,371,9,362
118000115,13,2,11
118000116,8,0,8
118000117,255,238,17
118000118,525,607,-82
118000119,519,589,-70
118000120,363,268,95
118000121,2,108,-106
118000122,69,26,43
118000123,100,134,-34
118000125,8,123,-115
118000126,192,364,-172
118000127,525,575,-50
118000128,2,375,-373
118000129,180,250,-70
118000130,417,886,-469
118000131,35,152,-117
118000132,1730,1411,319
118000133,511,203,308
118000135,177,295,-118
118000136,33,244,-211
118000137,73,45,28
118000138,78,79,-1
118000139,119,55,64
118000140,1260,6641,-5381
118000141,3337,1361,1976
118000142,1098,1063,35
118000143,3538,1759,1779
118000144,435,192,243
118000145,832,246,586
118000146,914,117,797
118000147,793,284,509
118000148,165,835,-670
118000149,309,167,142
118000150,622,77,545
118000151,498,104,394
118000153,2277,1337,940
118000154,1100,1072,28
118000155,2952,1307,1645
118000156,400,1000,-600
118000157,174,83,91
118000158,162,149,13
118000159,51,261,-210
118000160,717,363,354
118000161,294,106,188
118000162,625,398,227
118000163,700,863,-163
118000164,1346,1107,239
118000168,73,1,72
118000169,241,416,-175
118000170,1022,1282,-260
118000171,117,245,-128
118000172,21,93,-72
118000173,546,409,137
118000175,252,311,-59
118000176,457,359,98
118000177,365,493,-128
118000178,0,31,-31
118000179,909,764,145
118000180,671,460,211
118000181,150,65,85
118000182,118,127,-9
118000183,98,106,-8
118000184,1092,378,714
118000185,131,701,-570
118000186,126,571,-445
118000187,1111,170,941
118000188,166,0,166
118000189,51,29,22
118000190,7,0,7
118000191,23,22,1
118000192,2,55,-53
118000193,2,123,-121
118000194,719,1037,-318
118000195,59,826,-767
118000196,16,61,-45
118000197,78,436,-358
118000198,407,1160,-753
118000199,314,690,-376
118000200,0,0,0
118000201,68,281,-213
118000202,0,0,0
118000203,35,198,-163
118000204,7,67,-60
118000205,19,65,-46
118000206,158,92,66
118000207,0,38,-38
118000208,769,847,-78
118000209,1217,310,907
118000210,76,13,63
118000211,56,43,13
118000213,271,1046,-775
118000214,94,27,67
118000215,96,3,93
118000216,409,3,406
118000217,10,19,-9
118000218,10,17,-7
118000219,234,104,130
118000220,42,40,2
118000221,52,397,-345
118000222,36,4,32
118000223,68,7,61
118000224,53,14,39
118000225,0,0,0
118000226,198,32,166
118000227,22,209,-187
118000228,0,17,-17
118000229,0,0,0
118000230,0,0,0
118000231,0,0,0
118000232,0,0,0
118000233,594,146,448
118000234,0,0,0
118000236,134,1,133
118000237,0,0,0
118000238,175,0,175
118000239,253,196,57
118000240,20,39,-19
118000241,12,2,10
118000242,0,0,0
118000243,0,0,0
118000244,20,8,12
118000246,0,0,0
118000255,25,123,-98
118000256,90,136,-46
118000259,2,6,-4
118000260,56,29,27
118000261,14,0,14
118000263,13,8,5
118000266,37,18,19
118000267,0,0,0
118000268,63,33,30
118000270,0,0,0
118000271,69,46,23
118000272,60,0,60
118000273,24,0,24
118000274,0,0,0
118000276,61,20,41
118000295,1,0,1
118000298,7,10,-3
118000299,0,1,-1
118000301,0,0,0
118000302,13,28,-15
118000311,248,15,233
118000312,7,0,7
118000313,8,11,-3
118000314,10,4,6
118000315,0,1,-1
118000316,36,4,32
118000325,217,7,210
118000326,0,0,0
118000331,186,9,177
118000332,101,3,98
118000333,110,9,101
118000335,185,0,185
118000336,0,0,0
118000407,144,21,123
118000457,0,0,0
118000465,281,414,-133
118000480,21,1,20
118000489,0,284,-284
118000490,1,50,-49
118000492,142,40,102
118000510,0,0,0
118000514,35,20,15
118000515,49,142,-93
118000517,255,122,133
118000524,29,21,8
118000525,37,91,-54
118000530,46,119,-73
118000531,327,142,185
118000532,1,1,0
118000533,0,0,0
118000534,0,0,0
118000535,143,23,120
118000536,5,20,-15
118000537,0,16,-16
118000538,5,19,-14
118000539,15,122,-107
118000540,37,8,29
118000541,48,2,46
118000542,35,144,-109
118000543,35,70,-35
118000546,22,3,19
118000560,3,8,-5
118000562,0,0,0
118000563,853,958,-105
118000576,87,6,81
118000577,25,55,-30
118000578,15,7,8
118000579,135,281,-146
118000595,166,73,93
118000596,0,0,0
118000597,6,28,-22
118000598,4,0,4
118000599,258,2,256
118000600,0,0,0
118000601,0,0,0
118000602,0,1,-1
118000603,0,0,0
118900001,0,0,0
118900002,35,1,34
118900003,38,0,38
118900004,7,0,7
118900005,0,0,0
118900006,0,0,0
118900007,0,0,0
118900008,187,1,186
118900009,0,0,0
118900010,0,0,0
118900011,0,0,0
118900012,83,38,45
118900013,0,0,0
118900015,0,0,0
118900016,0,0,0
118900017,0,0,0
118900018,0,0,0
118900019,0,0,0
118900020,0,0,0
118900021,41,22,19
118900022,17,0,17
118900023,0,0,0
118900024,0,0,0
118900025,0,0,0
118900026,13,0,13
118900027,0,0,0
118900028,91,19,72
118900029,0,0,0
118900030,0,0,0
118900031,8,1,7
118900032,0,0,0
118900033,0,0,0
118900034,0,0,0
118900035,10,3,7
118900036,140,28,112
118900037,0,0,0
118900038,77,1,76
118900039,0,0,0
118900040,47,21,26
118900041,0,0,0
118900042,2,2,0
118900045,0,11,-11
118900046,23,16,7
118900047,3,21,-18
118900048,0,0,0
118900049,0,0,0
118900050,0,0,0
118900051,0,0,0
118900052,0,0,0
118900053,0,0,0
118900054,13,3,10
118900055,0,0,0
118900056,0,0,0
118900057,99,67,32
118900058,0,0,0
118900059,0,0,0
118900060,33,10,23
118900062,0,0,0
118900064,0,0,0
118900065,0,0,0
118900066,0,0,0
118900067,46,109,-63
118900068,0,0,0
118900069,9,0,9
118900071,0,0,0
118900072,0,0,0
118900073,1,0,1
118900074,0,0,0
118900075,0,0,0
118900076,0,0,0
118900077,0,0,0
118900078,0,0,0
118900079,0,0,0
118900080,0,0,0
118900081,0,0,0
118900082,4,1,3
118900083,0,0,0
118900084,0,0,0
118900085,0,0,0
118900086,0,0,0
118900087,0,3,-3
118900088,0,0,0
118900089,0,0,0
118900090,0,0,0
118900091,0,0,0
118900092,0,0,0
118900093,0,0,0
118900096,0,0,0
118900097,6,34,-28
118900099,31,6,25
118900100,0,0,0
118900101,0,0,0
118900102,0,0,0
118900103,0,0,0
118900104,26,0,26
118900105,0,0,0
118900107,0,0,0
118900108,0,0,0
118900109,17,9,8
118900110,44,1,43
118900111,0,0,0
118900112,0,0,0
118900113,0,0,0
118900114,0,0,0
118900115,21,3,18
118900116,7,3,4
118900117,2,8,-6
118900118,8,39,-31
118900119,22,17,5
118900120,10,17,-7
118900121,0,0,0
118900122,0,0,0
118900123,1,14,-13
118900124,0,0,0
118900126,0,0,0
118900129,0,0,0
118900130,0,0,0
118900131,70,18,52
118900132,0,0,0
118900133,0,0,0
118900135,0,0,0
118900136,55,21,34
118900137,0,0,0
118900139,0,0,0
118900140,107,26,81
118900141,0,0,0
118900144,24,28,-4
118900145,0,0,0
118900146,23,54,-31
118900147,0,0,0
118900148,0,0,0
118900150,0,0,0
118900152,0,0,0
118900157,0,0,0
118900158,0,0,0
118900159,0,0,0
118900161,0,0,0
118900163,0,0,0
118900164,0,0,0
118900165,0,0,0
118900166,0,0,0
118900167,0,0,0
118900168,0,0,0
118900169,0,0,0
118900170,0,0,0
118900171,0,0,0
118900174,0,0,0
118900175,126,58,68
118900176,16,13,3
118900177,0,0,0
118900178,0,0,0
118900179,0,0,0
118900181,3,0,3
118900182,0,0,0
118900183,0,0,0
118900184,0,0,0
118900185,7,0,7
118900186,5,27,-22
118900187,18,16,2
118900188,23,26,-3
118900189,0,0,0
118900190,0,0,0
118900191,0,0,0
118900192,0,0,0
118900193,4,0,4
118900195,82,1,81
118900196,0,0,0
118900197,0,0,0
118900198,0,0,0
118900199,0,0,0
118900200,0,0,0
118900201,0,0,0
118900202,0,0,0
118900203,0,0,0
118900204,0,0,0
118900205,0,0,0
118900206,0,0,0
119000001,1167,921,246
119000002,1942,1026,916
119000003,962,300,662
119000004,735,1263,-528
119000005,969,1561,-592
119000006,1055,705,350
119000007,1970,1849,121
119000008,595,560,35
119000009,1022,2190,-1168
119000010,977,1343,-366
119000011,1265,1224,41
119000012,664,1110,-446
119000013,3462,1923,1539
119000014,1011,1623,-612
119000019,137,108,29
119000020,826,1058,-232
119000021,1619,1749,-130
119000022,56,494,-438
119000023,87,182,-95
119000024,573,7345,-6772
119000025,1155,492,663
119000026,8,105,-97
119000027,25,265,-240
119000028,1312,347,965
119000029,52,76,-24
119000030,279,733,-454
119000031,279,536,-257
119000032,145,650,-505
119000033,1148,650,498
119000034,432,226,206
119000035,6,107,-101
119000036,1047,207,840
119000037,656,353,303
119000038,33,174,-141
119000039,472,189,283
119000040,153,470,-317
119000041,272,560,-288
119000048,1480,548,932
119000049,656,280,376
119000050,490,568,-78
119000051,293,183,110
119000052,374,342,32
119000053,522,312,210
119000054,1313,542,771
119000055,2772,573,2199
119000056,1947,543,1404
119000057,886,523,363
119000058,592,546,46
119000059,947,489,458
119000060,351,152,199
119000061,253,364,-111
119000062,411,270,141
119000063,329,236,93
119000064,203,179,24
119000065,217,347,-130
119000066,699,651,48
119000067,709,621,88
119000068,754,268,486
119000069,546,405,141
119000070,778,178,600
119000071,76,209,-133
119000072,710,347,363
119000073,1130,2195,-1065
119000074,1212,455,757
119000075,1531,815,716
119000076,97,280,-183
119000077,162,149,13
119000078,75,62,13
119000079,16,150,-134
119000080,192,18,174
119000081,147,84,63
119000082,168,33,135
119000083,164,44,120
119000084,89,116,-27
119000085,151,79,72
119000086,58,41,17
119000087,414,177,237
119000088,169,6,163
119000089,12,27,-15
119000090,20,72,-52
119000091,7,62,-55
119000092,42,107,-65
119000093,1082,777,305
119000094,1797,1148,649
119000095,784,615,169
119000097,505,502,3
119000098,630,2205,-1575
119000099,1499,411,1088
119000100,2101,904,1197
119000101,1010,799,211
119000102,27,173,-146
119000103,514,318,196
119000104,100,51,49
119000105,222,663,-441
119000106,103,72,31
119000107,529,320,209
119000108,98,125,-27
119000109,34,43,-9
119000110,0,0,0
119000111,2,21,-19
119000112,0,0,0
119000113,167,15,152
119000114,96,92,4
119000115,61,179,-118
119000116,22,74,-52
119000117,17,36,-19
119000118,4,0,4
119000123,205,709,-504
119000124,313,76,237
119000125,2001,195,1806
119000126,481,161,320
119000127,143,43,100
119000128,2,0,2
119000131,278,79,199
119000132,0,1,-1
119000133,0,7,-7
119000134,278,381,-103
119000135,58,23,35
119000136,0,0,0
119000137,15,11,4
119000138,0,0,0
119000139,4,2,2
119000140,0,0,0
119000284,199,750,-551
119000285,344,336,8
119000286,1384,863,521
119000287,595,452,143
119000288,484,187,297
119000289,272,684,-412
119000290,272,213,59
119000291,6,51,-45
119000293,161,230,-69
119000294,93,76,17
119000295,306,107,199
119000296,24,31,-7
119000302,1128,975,153
119000303,0,34,-34
119000314,208,2570,-2362
119000315,0,1,-1
119000316,0,0,0
119000317,22,15,7
119900001,74,204,-130
119900002,29,44,-15
119900003,0,19,-19
119900004,0,0,0
119900005,0,0,0
119900006,19,33,-14
119900007,17,1,16
119900008,0,0,0
119900009,55,52,3
119900010,181,202,-21
119900011,0,0,0
119900012,0,0,0
119900013,185,131,54
119900014,71,65,6
119900015,0,0,0
119900016,0,0,0
119900017,6,2,4
119900018,171,215,-44
119900019,0,0,0
119900020,0,0,0
119900021,0,0,0
119900022,7,141,-134
119900023,34,734,-700
119900025,0,0,0
119900026,0,0,0
119900027,0,1,-1
119900028,19,35,-16
119900029,0,0,0
119900030,0,0,0
119900031,24,241,-217
119900033,306,151,155
119900034,0,0,0
119900037,71,2,69
119900038,108,42,66
119900039,0,0,0
119900040,104,14,90
119900041,0,0,0
119900042,0,0,0
119900043,52,34,18
119900044,3,160,-157
119900046,0,0,0
119900047,0,0,0
119900048,1,0,1
119900049,20,0,20
119900050,139,20,119
119900051,278,1,277
119900052,0,0,0
119900053,0,0,0
119900054,138,0,138
119900055,381,66,315
119900057,0,0,0
119900058,0,0,0
119900059,23,1,22
119900060,128,21,107
119900061,192,0,192
119900062,0,0,0
119900063,0,0,0
119900064,224,31,193
119900065,55,0,55
119900066,1,1,0
119900067,0,0,0
119900068,0,0,0
119900069,9,1,8
119900070,363,4,359
119900071,240,15,225
119900072,189,46,143
119900073,88,10,78
119900074,0,0,0
119900075,227,331,-104
119900076,0,0,0
119900077,199,21,178
119900078,149,6,143
119900079,42,1,41
119900080,150,106,44
119900081,13,3,10
119900082,1031,415,616
119900083,87,66,21
119900084,0,0,0
119900085,0,0,0
119900086,0,48,-48
119900087,0,0,0
119900088,0,0,0
119900089,4,39,-35
119900090,0,0,0
119900091,2,22,-20
119900092,8,3,5
119900093,0,0,0
119900094,0,18,-18
119900095,0,0,0
119900096,0,0,0
119900097,12,6,6
119900098,0,0,0
119900099,0,0,0
119900100,116,141,-25
119900101,6,69,-63
119900102,0,0,0
119900103,0,0,0
119900104,0,0,0
119900105,29,53,-24
119900106,0,0,0
119900107,0,0,0
119900108,394,119,275
119900109,0,0,0
119900110,32,20,12
119900111,0,1,-1
119900112,0,0,0
119900113,1,2,-1
119900114,27,46,-19
119900115,29,6,23
119900116,0,11,-11
119900117,13,36,-23
119900118,27,10,17
119900119,3,1,2
119900120,9,47,-38
119900121,0,0,0
119900122,1,0,1
119900123,7,11,-4
119900124,0,7,-7
119900125,0,0,0
119900126,321,33,288
119900127,52,0,52
119900128,0,3,-3
119900129,1,12,-11
119900130,0,0,0
119900131,0,4,-4
119900132,1,0,1
119900133,0,0,0
119900134,29,8,21
119900135,0,0,0
119900136,0,0,0
119900138,0,0,0
119900139,0,0,0
119900140,0,6,-6
119900141,0,0,0
119900142,0,2,-2
119900143,15,58,-43
119900144,0,0,0
119900145,0,0,0
119900146,0,0,0
119900147,0,0,0
119900148,85,10,75
119900149,2,701,-699
119900150,0,0,0
119900151,223,141,82
119900152,0,0,0
119900153,52,0,52
119900154,10,48,-38
119900155,0,0,0
119900156,18,8,10
119900157,0,0,0
119900158,41,10,31
119900159,0,49,-49
119900160,0,0,0
119900161,43,7,36
119900162,125,62,63
119900163,0,0,0
119900164,0,0,0
119900165,0,0,0
119900166,50,13,37
119900167,0,0,0
119900168,150,28,122
119900169,0,0,0
119900170,0,0,0
119900171,15,0,15
119900172,6,11,-5
119900173,1,15,-14
119900174,0,0,0
119900175,250,9,241
119900177,4,17,-13
119900178,0,0,0
119900179,31,253,-222
119900180,127,21,106
119900181,18,8,10
119900182,3,42,-39
119900183,12,34,-22
119900184,48,81,-33
119900185,3,91,-88
119900186,0,0,0
119900187,15,34,-19
119900188,38,59,-21
119900189,0,0,0
119900190,0,0,0
119900191,9,6,3
119900192,1,18,-17
119900193,87,25,62
119900194,11,14,-3
119900195,0,11,-11
119900196,0,0,0
119900197,2,0,2
119900198,21,11,10
119900199,104,3,101
119900200,0,0,0
119900201,40,7,33
119900202,16,37,-21
119900203,7,0,7
119900204,23,4,19
119900205,254,25,229
119900206,0,0,0
119900208,2,0,2
119900209,141,182,-41
119900210,0,0,0
119900211,0,0,0
119900212,610,185,425
119900213,0,0,0
119900214,0,0,0
119900215,0,0,0
119900216,0,0,0
119900217,0,0,0
119900218,0,0,0
119900219,0,0,0
119900220,0,0,0
119900221,0,0,0
119900222,0,0,0
119900223,0,0,0
119900224,0,0,0
119900225,0,0,0
119900226,27,179,-152
119900227,46,44,2
119900228,0,4,-4
119900229,0,0,0
119900230,10,1,9
119900231,73,3,70
119900232,0,0,0
119900233,0,0,0
119900234,0,0,0
119900235,0,0,0
119900236,0,0,0
119900237,1,5,-4
119900238,0,0,0
119900240,0,0,0
119900241,0,0,0
119900242,82,0,82
119900244,28,141,-113
119900245,0,0,0
119900246,0,0,0
119900247,0,9,-9
119900248,0,0,0
119900249,10,0,10
119900253,163,167,-4
119900254,5,228,-223
119900255,0,10,-10
119900256,253,29,224
119900257,9,2,7
119900258,3,0,3
119900259,4,1,3
119900260,0,0,0
119900261,230,31,199
119900262,0,29,-29
119900263,339,73,266
119900264,0,0,0
119900265,5,0,5
119900266,0,0,0
119900267,2,1,1
119900268,4,2,2
119900269,65,3,62
119900271,1,0,1
119900272,2,9,-7
119900275,42,0,42
119900276,29,0,29
119900277,3,0,3
119900278,0,0,0
119900279,0,0,0
119900280,145,8,137
119900281,0,0,0
119900282,0,0,0
119900283,0,11,-11
119900284,291,134,157
119900285,2,1,1
119900286,0,0,0
119900288,0,1,-1
119900289,0,0,0
119900290,0,0,0
119900291,0,0,0
119900292,0,6,-6
119900293,1,2,-1
119900294,0,4,-4
119900295,12,2,10
119900296,94,6,88
119900297,1,8,-7
119900298,2,6,-4
119900299,0,0,0
119900300,1,0,1
119900301,0,0,0
119900302,0,0,0
119900303,0,0,0
119900304,0,0,0
119900305,0,0,0
119900306,0,0,0
119900307,0,0,0
119900308,0,0,0
119900309,1,25,-24
119900310,27,6,21
119900311,0,0,0
119900312,67,16,51
119900313,2,0,2
119900314,0,0,0
119900315,512,175,337
119900318,0,0,0
119900319,67,42,25
119900320,32,34,-2
119900321,8,2,6
120000001,4966,14520,-9554
120000002,1151,694,457
120000003,615,639,-24
120000004,932,842,90
120000005,1269,638,631
120000006,478,321,157
120000007,911,638,273
120000008,371,427,-56
120000009,568,204,364
120000010,741,465,276
120000011,285,278,7
120000012,443,479,-36
120000013,986,515,471
120000014,409,683,-274
120000015,1466,1000,466
120000016,3674,2249,1425
120000017,2100,1839,261
120000018,2292,6449,-4157
120000019,435,735,-300
120000020,2062,1833,229
120000021,930,1758,-828
120000022,3627,3950,-323
120000023,980,802,178
120000024,782,966,-184
120000025,2074,675,1399
120000026,1472,1734,-262
120000027,2381,2041,340
120000028,454,233,221
120000029,236,614,-378
120000030,18,250,-232
120000031,658,1192,-534
120000032,1765,1258,507
120000033,1229,359,870
120000034,1528,309,1219
120000035,1288,345,943
120000036,1718,2423,-705
120000037,545,1560,-1015
120000038,1084,2483,-1399
120000039,27,161,-134
120000040,8,151,-143
120000041,89,173,-84
120000042,472,412,60
120000043,2200,662,1538
120000044,4252,787,3465
120000045,3630,331,3299
120000046,2283,1717,566
120000047,263,3103,-2840
120000048,2877,2173,704
120000049,2001,717,1284
120000050,1272,1200,72
120000051,797,1783,-986
120000052,1342,1119,223
120000053,485,608,-123
120000054,393,650,-257
120000055,957,752,205
120000056,1990,964,1026
120000057,965,253,712
120000058,280,356,-76
120000059,137,1088,-951
120000061,43,140,-97
120000062,177,74,103
120000063,290,434,-144
120000064,184,241,-57
120000065,254,244,10
120000066,132,76,56
120000067,80,92,-12
120000068,71,223,-152
120000069,346,189,157
120000070,21,217,-196
120000071,307,44,263
120000072,719,177,542
120000073,439,48,391
120000074,455,12,443
120000075,845,99,746
120000076,1698,118,1580
120000077,1154,184,970
120000078,652,270,382
120000079,302,71,231
120000080,43,99,-56
120000081,158,96,62
120000082,157,241,-84
120000083,9,800,-791
120000084,138,96,42
120000085,67,91,-24
120000086,28,66,-38
120000087,40,60,-20
120000088,536,375,161
120000089,975,168,807
120000090,264,205,59
120000091,735,253,482
120000092,825,169,656
120000093,316,185,131
120000094,174,425,-251
120000095,346,116,230
120000096,130,129,1
120000098,512,100,412
120000099,117,120,-3
120000100,368,129,239
120000101,336,101,235
120000102,510,1136,-626
120000103,991,611,380
120000104,2191,207,1984
120000105,3604,92,3512
120000106,2686,92,2594
120000107,3919,199,3720
120000108,1452,92,1360
120000109,729,20,709
120000110,1,247,-246
120000111,1,157,-156
120000112,113,361,-248
120000113,54,300,-246
120000114,89,218,-129
120000115,94,206,-112
120000116,64,286,-222
120000117,314,325,-11
120000118,17,37,-20
120000119,21,72,-51
120000120,24,65,-41
120000121,38,33,5
120000122,62,269,-207
120000123,514,3036,-2522
120000124,282,179,103
120000125,214,131,83
120000126,118,382,-264
120000127,164,224,-60
120000128,628,1050,-422
120000129,152,130,22
120000130,550,273,277
120000131,191,226,-35
120000134,63,29,34
120000135,96,327,-231
120000137,39,26,13
120000138,327,83,244
120000139,102,29,73
120000140,200,10,190
120000141,291,43,248
120000142,545,104,441
120000143,0,6,-6
120000144,71,1,70
120000145,8,0,8
120000146,428,712,-284
120000149,214,162,52
120000150,293,3430,-3137
120000151,393,106,287
120000152,814,68,746
120000153,125,59,66
120000154,95,91,4
120000155,164,104,60
120000156,137,292,-155
120000157,473,231,242
120000158,152,89,63
120000159,648,765,-117
120000160,1301,938,363
120000161,937,819,118
120000162,30,232,-202
120000163,269,118,151
120000164,183,48,135
120000165,249,65,184
120000166,909,56,853
120000167,0,0,0
120000168,0,0,0
120000169,0,0,0
120000170,0,0,0
120000171,0,0,0
120000172,0,0,0
120000173,26,0,26
120000174,5,0,5
120000175,9,0,9
120000176,5,1,4
120000177,88,0,88
120000178,1,0,1
120000179,11,0,11
120000180,4,2,2
120000181,6,61,-55
120000182,8,113,-105
120000183,2,120,-118
120000184,14,280,-266
120000186,2,36,-34
120000187,8,21,-13
120000188,5,46,-41
120000190,31,149,-118
120000191,36,112,-76
120000192,38,5,33
120000193,45,9,36
120000195,1,0,1
120000196,3,3,0
120000197,1,8,-7
120000198,20,0,20
120000199,0,0,0
120000200,0,0,0
120000201,0,0,0
120000202,0,0,0
120000203,0,0,0
120000207,0,0,0
120000208,0,0,0
120000209,0,0,0
120000210,0,0,0
120000211,0,0,0
120000212,0,0,0
120000213,0,0,0
120000214,0,0,0
120000215,0,0,0
120000216,0,0,0
120000217,0,0,0
120000218,0,0,0
120000219,0,0,0
120000220,0,0,0
120000225,946,2,944
120000226,116,2,114
120000227,229,46,183
120000228,9,0,9
120000230,68,2,66
120000231,199,23,176
120000233,459,0,459
120000235,1,52,-51
120000236,852,0,852
120000237,0,41,-41
120000238,0,0,0
120000241,885,1845,-960
120000412,77,4,73
120000413,81,20,61
120000414,79,0,79
120000415,0,2,-2
120000416,15,0,15
120000417,0,4,-4
120000418,101,1,100
120000419,0,8,-8
120000420,44,17,27
120000421,2186,1521,665
120000422,14,444,-430
120000423,0,0,0
120000424,0,0,0
120000436,46,809,-763
120000437,12,36,-24
120000438,125,110,15
120000439,262,283,-21
120000443,142,2,140
120000444,1280,109,1171
120000445,740,684,56
120000446,225,32,193
120000447,152,0,152
120000449,62,0,62
120000450,0,0,0
120000451,101,40,61
120000452,288,3,285
120000453,0,0,0
120000454,14,34,-20
120000455,17,25,-8
120000456,86,753,-667
120000457,221,174,47
120000458,209,74,135
120000459,71,21,50
120000665,19,101,-82
120000668,10,250,-240
120000669,121,69,52
120000670,15,148,-133
120000671,459,191,268
120000672,2,86,-84
120900001,44,7,37
120900002,2,22,-20
120900003,0,0,0
120900004,1,53,-52
120900005,46,38,8
120900006,230,16,214
120900007,9,2,7
120900008,273,117,156
120900009,0,0,0
120900010,228,39,189
120900011,0,0,0
120900012,9,494,-485
120900013,3,0,3
120900014,0,23,-23
120900015,576,32,544
120900016,767,7,760
120900017,294,4,290
120900018,71,21,50
120900019,162,126,36
120900020,38,139,-101
120900021,0,0,0
120900022,0,11,-11
120900023,399,5,394
120900024,196,36,160
120900025,174,42,132
120900026,58,11,47
120900027,0,0,0
120900028,295,44,251
120900029,0,0,0
120900030,777,79,698
120900031,0,0,0
120900032,846,29,817
120900033,475,49,426
120900034,7,860,-853
120900035,78,19,59
120900037,171,1,170
120900038,0,0,0
120900039,0,0,0
120900040,0,0,0
120900041,7,1,6
120900042,275,13,262
120900043,22,5,17
120900044,16,196,-180
120900045,12,3,9
120900046,270,2,268
120900047,0,0,0
120900048,0,0,0
120900049,4,0,4
120900050,129,603,-474
120900051,117,51,66
120900052,236,3,233
120900053,146,1,145
120900054,155,3,152
120900055,333,6,327
120900056,0,0,0
120900057,0,0,0
120900058,218,0,218
120900059,77,5,72
120900060,27,1,26
120900061,34,6,28
120900062,103,3,100
120900063,0,0,0
120900064,0,0,0
120900065,42,0,42
120900066,418,2,416
120900067,75,11,64
120900068,226,0,226
120900069,0,0,0
120900071,33,6,27
120900072,0,0,0
120900073,0,0,0
120900074,271,8,263
120900076,168,0,168
120900077,571,254,317
120900078,789,194,595
120900079,222,14,208
120900080,209,5,204
120900081,609,60,549
120900082,130,10,120
120900083,173,38,135
120900084,1,0,1
120900085,0,0,0
120900086,7,239,-232
120900087,289,76,213
120900088,0,0,0
120900089,349,1213,-864
120900090,55,4,51
120900091,58,319,-261
120900092,3,22,-19
120900093,0,0,0
120900094,46,29,17
120900095,0,0,0
120900096,0,6,-6
120900097,68,15,53
120900098,0,0,0
120900099,0,0,0
120900100,0,0,0
120900101,0,0,0
120900102,0,0,0
120900103,71,31,40
120900104,0,0,0
120900105,0,0,0
120900106,83,42,41
120900107,0,0,0
120900108,0,0,0
120900109,3,15,-12
120900110,0,0,0
120900111,3,0,3
120900112,0,0,0
120900113,1,33,-32
120900114,1,5,-4
120900115,61,110,-49
120900116,55,8,47
120900117,0,0,0
120900118,3,40,-37
120900119,701,253,448
120900120,12,21,-9
120900121,0,0,0
120900122,50,14,36
120900123,0,0,0
120900124,0,41,-41
120900125,0,42,-42
120900126,13,0,13
120900127,0,0,0
120900128,4,8,-4
120900129,98,0,98
120900130,20,39,-19
120900131,0,0,0
120900132,928,35,893
120900133,6,61,-55
120900134,22,10,12
120900135,51,0,51
120900136,0,0,0
120900137,115,12,103
120900138,0,3,-3
120900139,0,0,0
120900140,0,0,0
120900141,116,39,77
120900142,0,9,-9
120900143,0,0,0
120900144,1,28,-27
120900145,10,31,-21
120900146,0,0,0
120900147,0,0,0
120900148,43,27,16
120900149,0,50,-50
120900150,0,11,-11
120900151,0,0,0
120900152,0,0,0
120900153,0,0,0
120900154,0,7,-7
120900155,1,22,-21
120900156,26,0,26
120900157,0,0,0
120900158,0,6,-6
120900159,0,0,0
120900160,0,16,-16
120900161,0,0,0
120900162,0,0,0
120900163,0,0,0
120900164,0,0,0
120900165,0,0,0
120900166,0,0,0
120900167,0,0,0
120900169,0,0,0
120900170,35,1323,-1288
120900171,86,3,83
120900172,0,0,0
120900173,0,0,0
120900174,0,0,0
120900175,28,10,18
120900176,0,277,-277
120900177,3,735,-732
120900178,0,212,-212
120900179,26,26,0
120900180,0,0,0
120900181,0,0,0
120900182,0,0,0
120900183,0,0,0
120900184,0,0,0
120900185,0,0,0
120900186,2,42,-40
120900187,168,103,65
120900188,14,0,14
120900189,0,0,0
120900190,75,15,60
120900191,21,2,19
120900192,615,2145,-1530
120900194,6,1,5
120900195,0,0,0
120900196,0,0,0
120900197,495,65,430
120900198,3,50,-47
120900199,1,45,-44
120900200,0,0,0
120900201,0,0,0
120900202,0,5,-5
120900203,1,24,-23
120900204,11,30,-19
120900205,1,4,-3
120900206,0,2,-2
121000001,108,486,-378
121000002,509,1103,-594
121000003,407,1131,-724
121000004,455,1341,-886
121000005,1543,2893,-1350
121000006,911,1478,-567
121000007,282,1644,-1362
121000008,830,1548,-718
121000009,952,3163,-2211
121000010,1109,1567,-458
121000011,1968,3763,-1795
121000012,2972,1574,1398
121000013,2258,3489,-1231
121000014,2595,1641,954
121000015,2785,4690,-1905
121000016,783,757,26
121000017,584,2108,-1524
121000018,815,1204,-389
121000019,2105,3237,-1132
121000020,4207,7436,-3229
121000021,274,499,-225
121000022,447,2532,-2085
121000023,854,350,504
121000024,1886,2261,-375
121000025,106,249,-143
121000026,94,113,-19
121000027,178,736,-558
121000028,119,242,-123
121000029,60,257,-197
121000030,0,0,0
121000031,58,198,-140
121000032,0,0,0
121000034,18,80,-62
121000035,0,23,-23
121000036,168,260,-92
121000037,137,408,-271
121000038,465,430,35
121000039,101,61,40
121000041,93,148,-55
121000042,23,242,-219
121000043,386,459,-73
121000044,45,323,-278
121000045,100,194,-94
121000046,0,0,0
121000047,1,26,-25
121000049,529,293,236
121000050,152,1703,-1551
121000051,182,127,55
121000052,118,1046,-928
121000053,37,77,-40
121000054,0,46,-46
121000055,335,644,-309
121000056,859,572,287
121000057,1,8,-7
121000058,12,46,-34
121000059,276,923,-647
121000060,444,722,-278
121000061,5,600,-595
121000062,363,239,124
121000063,168,797,-629
121000064,180,546,-366
121000065,102,205,-103
121000066,27,61,-34
121000067,58,28,30
121000068,218,721,-503
121000069,36,758,-722
121000070,195,261,-66
121000071,369,959,-590
121000072,196,91,105
121000073,132,581,-449
121000074,7,69,-62
121000075,1,44,-43
121000076,23,64,-41
121000077,2,109,-107
121000078,0,39,-39
121000080,238,100,138
121000081,424,1514,-1090
121000082,3,12,-9
121000083,51,92,-41
121000084,4,3,1
121000085,19,24,-5
121000086,23,364,-341
121000087,19,271,-252
121000088,169,198,-29
121000089,7,396,-389
121000090,95,149,-54
121000091,345,772,-427
121000092,22,26,-4
121000093,46,68,-22
121000094,54,90,-36
121000095,46,137,-91
121000096,522,298,224
121000097,188,634,-446
121000098,175,153,22
121000099,211,177,34
121000100,374,191,183
121000101,88,78,10
121000102,1,5,-4
121000103,76,73,3
121000104,7,3,4
121000105,2,14,-12
121000106,67,97,-30
121000107,913,1796,-883
121000109,695,1117,-422
121000110,43,553,-510
121000114,923,1420,-497
121000115,126,107,19
121000116,107,128,-21
121000117,237,44,193
121000118,224,36,188
121000119,32,45,-13
121000120,49,376,-327
121000121,44,106,-62
121000123,56,117,-61
121000126,21,204,-183
121000127,21,63,-42
121000128,249,91,158
121000129,141,95,46
121000130,67,165,-98
121000131,53,281,-228
121000132,94,361,-267
121000135,274,898,-624
121000136,264,548,-284
121000137,22,104,-82
121000138,124,1364,-1240
121000139,0,0,0
121000141,102,16,86
121000142,18,104,-86
121000143,6,17,-11
121000144,719,903,-184
121000145,109,189,-80
121000146,221,70,151
121000147,169,43,126
121000148,139,150,-11
121000149,445,523,-78
121000152,79,76,3
121000153,333,168,165
121000154,270,197,73
121000155,272,494,-222
121000156,198,204,-6
121000157,291,261,30
121000158,385,292,93
121000159,254,122,132
121000160,346,72,274
121000161,124,281,-157
121000162,149,55,94
121000165,631,2375,-1744
121000166,21,216,-195
121000168,85,65,20
121000169,3,10,-7
121000170,61,5,56
121000171,14,34,-20
121000172,264,432,-168
121000173,774,814,-40
121000174,402,604,-202
121000175,577,182,395
121000176,156,235,-79
121000177,231,152,79
121000178,54,86,-32
121000179,8,35,-27
121000181,169,117,52
121000182,200,333,-133
121000183,26,194,-168
121000184,25,322,-297
121000185,4,869,-865
121000186,280,977,-697
121000187,150,93,57
121000188,72,56,16
121000192,193,122,71
121000193,68,47,21
121000194,641,1106,-465
121000195,324,531,-207
121000196,89,92,-3
121000197,12,92,-80
121000198,18,171,-153
121000199,11,149,-138
121000200,272,126,146
121000201,14,138,-124
121000202,73,3,70
121000203,11,110,-99
121000204,776,40,736
121000205,117,177,-60
121000206,175,151,24
121000207,615,291,324
121000208,0,135,-135
121000209,361,20,341
121000210,350,89,261
121000211,12,12,0
121000212,92,46,46
121000213,440,436,4
121000214,236,1248,-1012
121000215,509,193,316
121000216,82,564,-482
121000217,1362,1669,-307
121000218,27,425,-398
121000219,407,397,10
121000220,22,2,20
121000221,9,122,-113
121000222,437,862,-425
121000223,0,0,0
121000224,194,177,17
121000225,70,846,-776
121000226,237,1015,-778
121000227,7,145,-138
121000228,11,111,-100
121000229,2,22,-20
121000230,11,181,-170
121000231,856,2,854
121000232,48,29,19
121000233,137,113,24
121000234,10,30,-20
121000235,20,37,-17
121000236,0,16,-16
121000237,6,1,5
121000238,0,5,-5
121000239,66,0,66
121000240,0,23,-23
121000241,26,0,26
121000242,0,19,-19
121000243,81,4,77
121000244,1,4,-3
121000245,28,0,28
121000246,0,19,-19
121000247,20,0,20
121000248,71,26,45
121000249,1,26,-25
121000250,124,362,-238
121000251,1,54,-53
121000252,28,29,-1
121000253,55,106,-51
121000254,370,103,267
121000255,12,50,-38
121000256,81,124,-43
121000257,0,34,-34
121000258,67,139,-72
121000259,3,9,-6
121000260,12,39,-27
121000261,16,86,-70
121000262,124,94,30
121000263,297,102,195
121000271,75,1046,-971
121000273,3,1,2
121000274,3,63,-60
121000275,0,1,-1
121000276,1,47,-46
121000278,9,2,7
121000279,6,7,-1
121000280,6,33,-27
121000289,133,9,124
121000290,78,501,-423
121000294,76,40,36
121000297,184,385,-201
121000299,60,187,-127
121000300,261,104,157
121000302,0,322,-322
121000303,79,36,43
121000304,423,116,307
121000305,58,68,-10
121000306,108,131,-23
121000308,1,8,-7
121000309,7,10,-3
121000310,6,3,3
121000311,1,7,-6
121000312,106,104,2
121000313,30,9,21
121000314,0,0,0
121000315,1,4,-3
121000530,640,361,279
121000531,980,499,481
121000532,1865,2015,-150
121000533,2692,1715,977
121000918,0,0,0
121000919,18,88,-70
121000938,2,2,0
121000939,17,92,-75
121000956,610,212,398
121000957,0,0,0
121000958,18,34,-16
121000959,207,136,71
121000960,332,162,170
121000961,252,4,248
121000962,31,57,-26
121000973,0,0,0
121000976,0,0,0
121000979,0,0,0
121000981,83,16,67
121000982,441,68,373
121000983,43,10,33
121000984,0,25,-25
121000985,279,74,205
121000986,187,45,142
121000987,78,135,-57
121000988,396,38,358
121001302,22,6,16
121001308,0,8,-8
121001309,33,107,-74
121001313,0,0,0
121001314,580,605,-25
121001315,1965,119,1846
121900001,103,501,-398
121900002,0,0,0
121900003,0,0,0
121900004,0,0,0
121900005,2,1,1
121900006,0,0,0
121900007,248,22,226
121900008,14,1,13
121900009,7,1,6
121900010,0,0,0
121900011,0,0,0
121900012,1,0,1
121900013,1,0,1
121900014,0,0,0
121900015,10,0,10
121900016,0,0,0
121900017,0,0,0
121900018,0,0,0
121900019,1,0,1
121900020,2,2,0
121900021,172,0,172
121900022,0,0,0
121900023,0,0,0
121900024,0,0,0
121900025,0,0,0
121900026,0,0,0
121900027,0,0,0
121900028,2,0,2
121900029,0,0,0
121900030,0,0,0
121900031,0,46,-46
121900032,0,0,0
121900033,0,0,0
121900034,0,0,0
121900035,0,0,0
121900036,0,0,0
121900037,0,0,0
121900038,0,0,0
121900039,0,0,0
121900040,0,0,0
121900041,0,0,0
121900042,0,0,0
121900043,0,0,0
121900044,0,0,0
121900046,0,0,0
121900047,0,0,0
121900048,0,0,0
121900050,0,0,0
121900051,0,0,0
121900052,0,0,0
121900053,4,32,-28
121900054,0,0,0
121900055,0,0,0
121900058,0,0,0
121900059,0,0,0
121900060,0,0,0
121900061,0,0,0
121900062,0,0,0
121900063,35,10,25
121900064,0,0,0
121900066,0,0,0
121900067,0,0,0
121900069,0,0,0
121900070,1,7,-6
121900071,0,0,0
121900072,0,0,0
121900073,0,0,0
121900074,6,0,6
121900075,7,11,-4
121900076,0,0,0
121900077,0,0,0
121900078,0,0,0
121900079,0,0,0
121900080,0,0,0
121900082,0,0,0
121900084,0,0,0
121900085,0,0,0
121900086,0,0,0
121900087,0,0,0
121900088,0,0,0
121900089,0,0,0
121900090,0,0,0
121900091,0,0,0
121900092,0,0,0
121900093,0,0,0
121900094,0,0,0
121900095,0,0,0
121900096,0,0,0
121900097,0,0,0
121900098,0,0,0
121900099,0,0,0
121900100,0,0,0
121900101,0,0,0
121900102,0,0,0
121900103,0,0,0
121900104,48,43,5
121900105,0,0,0
121900106,0,0,0
121900107,0,0,0
121900108,0,0,0
121900109,0,0,0
121900110,0,0,0
121900111,0,0,0
121900112,0,0,0
121900113,0,0,0
121900114,0,0,0
121900115,0,0,0
121900117,0,0,0
121900118,0,0,0
121900119,0,0,0
121900120,0,0,0
121900121,0,0,0
121900122,0,0,0
121900123,0,0,0
121900124,0,0,0
121900125,44,1,43
121900127,0,0,0
121900128,0,0,0
121900129,0,0,0
121900130,0,0,0
121900131,0,0,0
121900132,0,0,0
121900133,0,0,0
121900134,0,0,0
121900135,82,5,77
121900136,0,0,0
121900137,0,0,0
121900138,0,0,0
121900139,0,0,0
121900140,0,0,0
121900141,1,0,1
121900142,0,0,0
121900143,0,0,0
121900144,0,0,0
121900145,0,0,0
121900146,0,0,0
121900147,0,0,0
121900148,0,0,0
121900149,0,0,0
121900150,0,0,0
121900151,0,0,0
121900152,0,0,0
121900153,0,0,0
121900154,0,0,0
121900155,0,0,0
121900156,0,0,0
121900157,0,0,0
121900158,0,0,0
121900159,0,0,0
121900160,0,0,0
121900161,0,0,0
121900162,0,0,0
121900163,0,0,0
121900164,0,0,0
121900165,0,0,0
121900166,0,0,0
121900167,0,0,0
121900168,0,0,0
121900169,0,0,0
121900170,0,0,0
121900171,0,0,0
121900172,0,0,0
121900173,0,0,0
121900174,0,0,0
121900175,0,0,0
121900176,0,0,0
121900177,0,0,0
121900179,0,0,0
121900180,253,883,-630
121900182,0,0,0
121900183,0,0,0
121900184,0,0,0
121900186,0,0,0
121900187,0,0,0
121900188,0,0,0
121900189,0,0,0
121900190,4,0,4
121900191,0,0,0
121900192,0,0,0
121900194,0,0,0
121900195,0,0,0
121900196,0,0,0
121900197,0,0,0
121900198,0,0,0
121900199,0,0,0
121900200,0,0,0
121900201,0,0,0
121900202,0,0,0
121900203,0,0,0
121900204,0,0,0
121900205,0,0,0
121900206,0,0,0
121900207,0,0,0
121900208,0,0,0
121900209,0,0,0
121900210,0,0,0
121900211,0,0,0
121900212,0,0,0
121900213,0,0,0
121900214,0,0,0
121900215,0,0,0
121900216,0,0,0
121900217,0,0,0
121900218,0,0,0
121900219,2,2,0
121900220,0,0,0
121900221,0,0,0
121900222,0,0,0
121900223,0,0,0
121900224,0,0,0
121900225,0,0,0
121900226,0,0,0
121900227,0,0,0
121900228,0,0,0
121900229,0,0,0
121900230,1,3,-2
121900231,0,2,-2
121900232,0,0,0
121900233,0,0,0
121900234,0,0,0
121900235,0,0,0
121900236,0,0,0
121900237,0,0,0
121900238,0,0,0
121900239,0,0,0
121900240,0,0,0
121900241,0,0,0
121900242,0,0,0
121900243,0,0,0
121900244,0,0,0
121900245,0,0,0
121900246,39,17,22
121900247,0,0,0
121900248,0,0,0
121900250,0,0,0
121900251,0,0,0
121900252,0,0,0
121900253,0,0,0
121900254,0,0,0
121900255,0,0,0
121900258,508,325,183
121900259,0,0,0
121900260,0,0,0
121900261,0,0,0
121900262,0,0,0
121900263,0,0,0
121900264,0,0,0
121900265,0,0,0
121900266,0,0,0
121900267,0,0,0
121900269,0,0,0
121900270,0,0,0
121900271,0,0,0
121900273,12,17,-5
121900274,53,1,52
121900276,6,0,6
121900277,0,1,-1
121900278,0,0,0
121900279,0,0,0
121900280,0,0,0
121900281,0,0,0
121900284,0,0,0
121900286,64,1,63
121900287,1,5,-4
121900290,0,0,0
121900291,0,0,0
121900292,8,3,5
121900293,0,0,0
121900294,0,0,0
121900295,0,0,0
121900296,0,0,0
121900298,0,5,-5
121900299,0,0,0
121900300,0,0,0
121900301,1,0,1
121900302,0,0,0
121900303,0,0,0
121900304,0,0,0
121900305,0,0,0
121900306,0,0,0
121900307,0,0,0
121900308,0,0,0
121900309,0,0,0
121900310,0,0,0
121900311,100,0,100
121900312,43,0,43
121900313,47,3,44
121900314,0,0,0
121900315,0,0,0
121900316,0,0,0
121900317,0,0,0
121900318,0,0,0
121900319,0,0,0
121900320,0,0,0
121900321,0,0,0
121900322,0,0,0
121900323,0,0,0
121900324,0,0,0
121900325,0,0,0
121900326,0,0,0
121900327,0,0,0
121900328,0,0,0
121900329,0,0,0
121900330,0,0,0
121900331,0,0,0
121900332,0,0,0
122000001,327,806,-479
122000002,582,297,285
122000003,331,680,-349
122000004,334,539,-205
122000005,1151,2562,-1411
122000006,183,696,-513
122000007,287,756,-469
122000008,661,1116,-455
122000009,120,108,12
122000010,1814,1355,459
122000011,377,416,-39
122000012,196,490,-294
122000013,256,781,-525
122000014,577,819,-242
122000015,552,627,-75
122000016,113,480,-367
122000017,320,763,-443
122000018,405,878,-473
122000019,220,608,-388
122000020,84,75,9
122000021,67,189,-122
122000022,136,109,27
122000023,74,103,-29
122000024,391,518,-127
122000025,263,552,-289
122000026,393,330,63
122000027,115,292,-177
122000028,174,315,-141
122000029,83,172,-89
122000030,92,4,88
122000031,20,707,-687
122000032,258,429,-171
122000033,140,280,-140
122000034,15,111,-96
122000035,6,71,-65
122000036,77,151,-74
122000037,56,103,-47
122000038,156,187,-31
122000039,60,46,14
122000040,19,6,13
122000041,612,1168,-556
122000042,199,701,-502
122000043,52,193,-141
122000044,26,158,-132
122000045,444,123,321
122000046,424,257,167
122000047,6,8,-2
122000048,1089,2161,-1072
122000049,1713,1132,581
122000050,239,423,-184
122000051,215,775,-560
122000052,80,441,-361
122000053,158,1401,-1243
122000054,545,900,-355
122000055,2077,2460,-383
122000056,873,1173,-300
122000057,885,1103,-218
122000058,483,638,-155
122000059,450,1150,-700
122000060,60,85,-25
122000061,40,89,-49
122000062,297,57,240
122000063,72,421,-349
122000064,1502,2317,-815
122000065,1225,1088,137
122000066,247,218,29
122000067,654,2090,-1436
122000068,287,1985,-1698
122000069,93,188,-95
122000070,736,510,226
122000071,259,426,-167
122000072,8,121,-113
122000073,29,121,-92
122000074,446,590,-144
122000075,160,571,-411
122000076,390,392,-2
122000077,124,379,-255
122000078,519,548,-29
122000079,120,470,-350
122000080,39,292,-253
122000081,2,168,-166
122000082,134,273,-139
122000083,146,311,-165
122000084,81,142,-61
122000085,24,171,-147
122000086,971,2679,-1708
122000087,338,183,155
122000088,89,35,54
122000089,987,930,57
122000090,103,184,-81
122000091,28,38,-10
122000092,4,13,-9
122000093,857,2398,-1541
122000094,1721,1609,112
122000095,550,1263,-713
122000096,127,1002,-875
122000098,1518,3267,-1749
122000099,137,435,-298
122000100,258,89,169
122000101,59,83,-24
122000102,93,252,-159
122000103,92,114,-22
122000104,33,104,-71
122000105,59,124,-65
122000106,140,209,-69
122000107,270,336,-66
122000108,39,59,-20
122000109,93,161,-68
122000110,32,54,-22
122000111,394,181,213
122000112,192,166,26
122000113,177,151,26
122000114,565,2354,-1789
122000115,638,1353,-715
122000116,65,215,-150
122000117,48,32,16
122000118,153,56,97
122000119,132,145,-13
122000120,131,144,-13
122000121,259,555,-296
122000122,82,402,-320
122000123,215,432,-217
122000124,88,293,-205
122000125,81,239,-158
122000126,18,239,-221
122000127,35,158,-123
122000128,124,153,-29
122000129,73,148,-75
122000130,453,442,11
122000131,53,140,-87
122000132,2,6,-4
122000133,93,88,5
122000134,211,249,-38
122000135,88,72,16
122000136,75,182,-107
122000137,331,274,57
122000139,230,596,-366
122000140,85,314,-229
122000141,323,380,-57
122000142,43,419,-376
122000143,32,96,-64
122000144,270,118,152
122000145,129,65,64
122000146,140,257,-117
122000147,166,181,-15
122000148,231,167,64
122000149,267,99,168
122000150,271,132,139
122000151,0,0,0
122000152,0,0,0
122000153,98,138,-40
122000154,68,62,6
122000155,399,255,144
122000156,1071,1387,-316
122000157,279,736,-457
122000158,68,56,12
122000159,211,259,-48
122000160,439,317,122
122000161,151,203,-52
122000162,188,225,-37
122000163,26,18,8
122000164,3,22,-19
122000165,84,589,-505
122000166,128,234,-106
122000167,2,8,-6
122000168,84,749,-665
122000169,36,63,-27
122000170,49,197,-148
122000171,0,0,0
122000172,218,732,-514
122000173,264,936,-672
122000174,430,1170,-740
122000175,147,25,122
122000176,185,647,-462
122000177,764,1533,-769
122000178,547,402,145
122000179,278,1269,-991
122000180,417,1320,-903
122000181,424,1591,-1167
122000182,210,230,-20
122000183,122,64,58
122000184,1131,1144,-13
122000185,268,540,-272
122000186,135,436,-301
122000187,367,199,168
122000188,0,0,0
122000189,51,161,-110
122000190,252,407,-155
122000191,101,149,-48
122000192,161,56,105
122000193,138,288,-150
122000194,102,41,61
122000195,91,315,-224
122000196,84,64,20
122000197,54,62,-8
122000198,47,450,-403
122000199,82,88,-6
122000200,164,118,46
122000201,424,661,-237
122000202,222,552,-330
122000203,286,237,49
122000204,412,464,-52
122000205,194,243,-49
122000206,437,717,-280
122000207,340,786,-446
122000208,717,377,340
122000209,371,64,307
122000210,257,382,-125
122000211,75,251,-176
122000212,182,157,25
122000213,144,305,-161
122000214,526,888,-362
122000215,1270,696,574
122000217,383,347,36
122000218,149,101,48
122000219,242,211,31
122000220,61,273,-212
122000221,111,382,-271
122000222,35,80,-45
122000223,107,161,-54
122000225,130,117,13
122000226,60,155,-95
122000227,32,132,-100
122000228,28,74,-46
122000229,2,165,-163
122000230,3,94,-91
122000231,22,99,-77
122000232,37,61,-24
122000233,0,30,-30
122000234,100,146,-46
122000235,92,53,39
122000236,413,18,395
122000237,0,1,-1
122000238,22,98,-76
122000239,120,25,95
122000240,249,121,128
122000241,85,81,4
122000242,68,3,65
122000243,0,4,-4
122000244,0,92,-92
122000245,7,9,-2
122000246,46,137,-91
122000247,117,39,78
122000248,253,127,126
122000249,228,207,21
122000250,229,218,11
122000251,0,0,0
122000252,28,2,26
122000253,0,0,0
122000254,56,3,53
122000255,105,220,-115
122000256,3,17,-14
122000257,8,8,0
122000258,86,159,-73
122000259,17,343,-326
122000260,11,104,-93
122000261,19,73,-54
122000262,0,0,0
122000263,47,2,45
122000264,490,65,425
122000265,428,153,275
122000266,793,72,721
122000267,2,26,-24
122000268,35,17,18
122000269,80,44,36
122000270,16,11,5
122000271,0,0,0
122000272,0,0,0
122000273,9,0,9
122000274,4,13,-9
122000275,0,5,-5
122000276,144,167,-23
122000277,158,443,-285
122000278,385,72,313
122000279,66,34,32
122000280,139,35,104
122000281,68,64,4
122000282,16,294,-278
122000283,13,37,-24
122000284,6,29,-23
122000285,0,0,0
122000286,0,0,0
122000287,841,364,477
122000288,93,46,47
122000291,1126,382,744
122000293,30,70,-40
122000294,27,111,-84
122000295,349,61,288
122000296,36,306,-270
122000297,582,2052,-1470
122000299,185,201,-16
122000300,30,76,-46
122000301,346,1045,-699
122000302,163,1115,-952
122000303,289,36,253
122000304,0,20,-20
122000305,657,146,511
122000306,10,145,-135
122000307,30,25,5
122000309,1,1,0
122000310,1,13,-12
122000311,28,34,-6
122000312,34,114,-80
122000313,18,84,-66
122000314,87,205,-118
122000315,58,4,54
122000316,256,92,164
122000317,551,118,433
122000318,156,563,-407
122000319,9,87,-78
122000320,5,82,-77
122000321,35,74,-39
122000322,421,366,55
122000323,196,367,-171
122000324,438,684,-246
122000325,212,376,-164
122000326,23,0,23
122000327,32,194,-162
122000328,86,133,-47
122000330,206,596,-390
122000332,6,465,-459
122000333,17,23,-6
122000337,117,86,31
122000338,140,19,121
122000340,20,147,-127
122000342,160,337,-177
122000343,24,96,-72
122000344,70,0,70
122000345,59,101,-42
122000346,35,7,28
122000348,147,268,-121
122000349,0,58,-58
122000351,88,66,22
122000352,10,14,-4
122000353,24,0,24
122000355,40,427,-387
122000356,65,183,-118
122000357,6,22,-16
122000358,0,0,0
122000359,0,0,0
122000360,0,0,0
122000362,2,16,-14
122000364,29,24,5
122000365,0,9,-9
122000366,7,0,7
122000368,25,79,-54
122000370,2,4,-2
122000371,0,0,0
122000372,0,0,0
122000381,17,66,-49
122000382,2,39,-37
122000384,299,471,-172
122000385,24,0,24
122000386,60,610,-550
122000387,82,121,-39
122000388,146,385,-239
122000389,79,79,0
122000390,64,219,-155
122000391,4,61,-57
122000392,7,7,0
122000393,0,40,-40
122000394,48,7,41
122000395,32,0,32
122000396,55,1,54
122000397,0,0,0
122000398,3,75,-72
122000399,18,3,15
122000400,11,91,-80
122000401,9,2,7
122000402,74,51,23
122000403,30,27,3
122000404,209,23,186
122000408,97,229,-132
122000503,0,20,-20
122000524,0,1,-1
122000544,5,32,-27
122000616,0,0,0
122000640,13,46,-33
122000641,75,86,-11
122000642,200,82,118
122000643,11,101,-90
122000644,0,0,0
122000645,5,18,-13
122000651,180,592,-412
122000664,17,12,5
122000665,93,211,-118
122000666,91,224,-133
122000673,2,48,-46
122000674,128,58,70
122000675,1038,362,676
122000686,116,89,27
122000687,417,43,374
122000688,195,90,105
122000689,463,52,411
122000690,1255,67,1188
122000691,544,107,437
122000692,218,43,175
122000693,122,139,-17
122000695,23,22,1
122000696,209,75,134
122000698,13,17,-4
122000699,54,75,-21
122000701,278,74,204
122000702,136,153,-17
122000703,8,30,-22
122000717,1,39,-38
122000718,16,478,-462
122000719,1,12,-11
122000720,241,36,205
122900001,0,0,0
122900002,60,491,-431
122900003,22,0,22
122900004,0,0,0
122900005,0,0,0
122900006,0,0,0
122900007,0,0,0
122900008,0,0,0
122900009,0,0,0
122900010,17,9,8
122900012,10,14,-4
122900014,0,0,0
122900015,51,21,30
122900016,0,0,0
122900017,0,0,0
122900018,0,0,0
122900019,0,0,0
122900020,0,0,0
122900021,0,0,0
122900022,0,0,0
122900023,0,0,0
122900024,0,0,0
122900025,0,0,0
122900026,0,0,0
122900027,0,73,-73
122900028,0,0,0
122900029,1,0,1
122900030,0,0,0
122900031,0,11,-11
122900032,0,0,0
122900033,31,41,-10
122900034,25,39,-14
122900035,55,49,6
122900036,0,0,0
122900037,0,0,0
122900038,16,105,-89
122900039,2,24,-22
122900040,5,21,-16
122900041,17,35,-18
122900042,3,12,-9
122900043,11,30,-19
122900044,0,19,-19
122900045,2,88,-86
122900046,1,55,-54
122900047,5,3,2
122900048,0,3,-3
122900049,0,0,0
122900051,0,0,0
122900052,67,1,66
122900053,4,5,-1
122900055,4,0,4
122900057,13,3,10
122900061,0,0,0
122900062,0,0,0
122900063,0,0,0
122900064,0,0,0
122900065,0,0,0
122900066,0,0,0
122900067,5,0,5
122900068,0,0,0
122900069,0,0,0
122900070,141,6,135
122900071,0,0,0
122900072,5,0,5
122900073,0,0,0
122900074,272,7,265
122900075,0,0,0
122900076,0,0,0
122900077,0,0,0
122900078,158,2,156
122900080,0,0,0
122900081,28,0,28
122900082,349,1,348
122900083,0,0,0
122900084,0,0,0
122900086,0,0,0
122900087,30,0,30
122900088,0,5,-5
122900089,0,0,0
122900090,0,0,0
122900091,0,0,0
122900092,0,0,0
122900093,0,0,0
122900094,0,0,0
122900095,0,0,0
122900096,37,0,37
122900097,0,0,0
122900098,0,0,0
122900099,0,0,0
122900100,0,0,0
122900101,0,0,0
122900102,0,0,0
122900103,0,0,0
122900104,0,0,0
122900105,0,0,0
122900106,0,0,0
122900107,0,0,0
122900108,0,0,0
123000001,564,120,444
123000002,695,2395,-1700
123000003,1301,1211,90
123000004,967,1196,-229
123000005,1314,965,349
123000006,927,1180,-253
123000007,993,780,213
123000008,345,436,-91
123000009,1850,1924,-74
123000010,427,480,-53
123000011,672,671,1
123000012,1,70,-69
123000013,1038,277,761
123000014,13,223,-210
123000015,1076,474,602
123000016,76,233,-157
123000017,3503,1860,1643
123000018,96,55,41
123000019,171,2,169
123000020,167,2,165
123000021,135,78,57
123000022,571,219,352
123000023,1376,1082,294
123000024,671,286,385
123000025,3,106,-103
123000026,0,111,-111
123000027,4,122,-118
123000028,88,1832,-1744
123000029,23,364,-341
123000030,20,10,10
123000031,332,60,272
123000032,429,68,361
123000033,106,53,53
123000034,404,404,0
123000035,117,231,-114
123000036,59,656,-597
123000037,24,32,-8
123000038,13,167,-154
123000039,459,1032,-573
123000040,46,25,21
123000041,171,682,-511
123000042,36,64,-28
123000043,882,4080,-3198
123000044,763,558,205
123000045,399,324,75
123000046,151,436,-285
123000047,235,61,174
123000048,20,626,-606
123000049,2994,2787,207
123000050,380,412,-32
123000051,7,45,-38
123000052,236,605,-369
123000053,1012,1172,-160
123000054,322,1152,-830
123000055,1511,2395,-884
123000056,114,287,-173
123000057,579,1075,-496
123000058,91,292,-201
123000059,67,88,-21
123000060,258,128,130
123000061,33,125,-92
123000063,153,195,-42
123000064,255,26,229
123000065,541,705,-164
123000066,151,84,67
123000067,217,211,6
123000068,536,461,75
123000069,1031,318,713
123000070,98,65,33
123000071,537,188,349
123000072,175,29,146
123000073,665,393,272
123000074,138,25,113
123000075,157,586,-429
123000076,79,165,-86
123000077,490,203,287
123000078,873,453,420
123000079,1233,582,651
123000080,549,158,391
123000081,16,19,-3
123000082,117,131,-14
123000083,209,71,138
123000084,247,32,215
123000085,123,16,107
123000086,222,22,200
123000087,91,106,-15
123000088,570,158,412
123000089,487,262,225
123000090,0,0,0
123000091,534,349,185
123000092,0,0,0
123000094,159,33,126
123000095,282,206,76
123000096,458,81,377
123000097,286,50,236
123000098,236,83,153
123000099,239,150,89
123000100,97,639,-542
123000101,179,70,109
123000102,360,793,-433
123000104,79,139,-60
123000105,15,5,10
123000106,190,113,77
123000107,4,7,-3
123000108,246,52,194
123000111,254,48,206
123000112,267,52,215
123000113,178,30,148
123000114,98,253,-155
123000115,91,48,43
123000116,10,6,4
123000117,454,362,92
123000118,153,159,-6
123000119,44,114,-70
123000120,70,141,-71
123000121,221,171,50
123000122,0,0,0
123000123,357,114,243
123000124,0,0,0
123000125,484,515,-31
123000126,525,1517,-992
123000127,80,251,-171
123000128,0,0,0
123000129,336,17,319
123000130,252,8,244
123000131,557,225,332
123000132,0,1,-1
123000133,0,0,0
123000134,20,3,17
123000135,395,215,180
123000136,0,1,-1
123000137,0,0,0
123000138,0,0,0
123000139,188,16,172
123000140,0,0,0
123000141,126,45,81
123000142,174,32,142
123000143,124,246,-122
123000144,0,1,-1
123000145,45,249,-204
123000146,10,128,-118
123000147,5,42,-37
123000149,67,87,-20
123000150,32,67,-35
123000151,30,263,-233
123000152,8,13,-5
123000153,0,291,-291
123000154,174,390,-216
123000155,218,372,-154
123000156,1,0,1
123000157,82,114,-32
123000158,184,230,-46
123000159,399,1322,-923
123000160,129,368,-239
123000161,464,244,220
123000162,562,675,-113
123000163,354,90,264
123000164,943,22,921
123000165,42,217,-175
123000166,1,0,1
123000167,14,15,-1
123000168,51,2,49
123000169,460,28,432
123000170,14,0,14
123000171,358,0,358
123000172,5,37,-32
123000173,206,67,139
123000174,282,101,181
123000175,11,68,-57
123000176,357,54,303
123000177,11,87,-76
123000178,256,86,170
123000179,10,30,-20
123000180,786,170,616
123000181,68,253,-185
123000182,62,58,4
123000183,135,128,7
123000184,26,17,9
123000185,446,150,296
123000186,0,0,0
123000187,400,5,395
123000188,187,0,187
123000189,160,86,74
123000190,78,45,33
123000192,1,69,-68
123000193,9,163,-154
123000194,17,59,-42
123000195,180,2,178
123000196,141,4,137
123000197,43,18,25
123000198,1,30,-29
123000199,1,33,-32
123000200,515,9,506
123000201,740,8,732
123000202,0,56,-56
123000203,685,20,665
123000204,6,119,-113
123000205,55,123,-68
123000206,1871,108,1763
123000207,14,89,-75
123000208,344,46,298
123000209,1079,170,909
123000210,35,210,-175
123000211,82,297,-215
123000212,1984,126,1858
123000213,213,10,203
123000215,65,83,-18
123000216,123,341,-218
123000217,131,58,73
123000218,3,7,-4
123000219,160,52,108
123000220,295,85,210
123000221,32,26,6
123000222,216,88,128
123000223,419,58,361
123000224,189,74,115
123000225,142,22,120
123000226,56,6,50
123000227,50,3,47
123000228,90,25,65
123000229,192,59,133
123000232,2,4,-2
123000233,297,25,272
123000234,1,11,-10
123000235,323,107,216
123000236,25,72,-47
123000237,192,18,174
123000238,1,6,-5
123000239,87,99,-12
123000240,5,175,-170
123000241,83,33,50
123000242,29,102,-73
123000243,67,111,-44
123000244,69,65,4
123000245,0,0,0
123000249,0,0,0
123000252,326,155,171
123000253,428,229,199
123000254,92,121,-29
123000255,133,337,-204
123000256,0,0,0
123000257,366,249,117
123000258,305,132,173
123000259,237,182,55
123000260,224,112,112
123000261,129,14,115
123000262,9,21,-12
123000263,199,25,174
123000264,101,5,96
123000265,4,16,-12
123000266,91,146,-55
123000267,176,135,41
123000268,24,3,21
123000269,19,82,-63
123000270,21,31,-10
123000271,1,15,-14
123000272,321,95,226
123000273,108,512,-404
123000274,527,185,342
123000275,28,125,-97
123000278,207,767,-560
123000279,17,9,8
123000280,77,103,-26
123000281,87,47,40
123000282,37,172,-135
123000283,81,60,21
123000284,72,18,54
123000286,31,352,-321
123000287,83,139,-56
123000288,342,421,-79
123000289,69,449,-380
123000291,23,8,15
123000294,75,339,-264
123000295,371,934,-563
123000296,536,642,-106
123000297,105,69,36
123000298,76,66,10
123000299,36,228,-192
123000300,302,131,171
123000301,18,93,-75
123000302,88,54,34
123000303,8,425,-417
123000305,91,286,-195
123000306,18,7,11
123000309,13,9,4
123000310,38,11,27
123000311,0,0,0
123000312,53,187,-134
123000313,224,110,114
123000315,358,39,319
123000316,290,3,287
123000317,47,31,16
123000318,0,56,-56
123000329,1,3,-2
123000337,172,73,99
123000338,441,166,275
123000339,58,16,42
123000340,19,108,-89
123000342,0,9,-9
123000343,25,0,25
123000344,336,130,206
123000345,140,157,-17
123000346,394,36,358
123000352,44,101,-57
123000353,9,34,-25
123000354,607,4,603
123000355,0,130,-130
123000356,165,0,165
123000357,0,19,-19
123000359,0,17,-17
123000360,112,187,-75
123000361,135,6,129
123000362,232,5,227
123000363,33,5,28
123000364,165,100,65
123000365,1,11,-10
123000366,32,428,-396
123000367,37,205,-168
123000370,1,0,1
123000371,213,7,206
123000372,125,1,124
123000373,0,6,-6
123000374,0,0,0
123000375,228,24,204
123000376,414,429,-15
123000377,295,6,289
123000378,3,15,-12
123000379,0,35,-35
123000380,0,0,0
123000381,10,40,-30
123000382,172,34,138
123000383,0,0,0
123000384,154,27,127
123000385,0,0,0
123000436,16,391,-375
123000507,8,69,-61
123000508,67,964,-897
123000517,38,2,36
123000518,25,84,-59
123000519,29,12,17
123000520,5,205,-200
123000521,155,9,146
123000522,68,122,-54
123000541,7,7,0
123000542,0,0,0
123000565,239,4,235
123000566,110,121,-11
123000567,33,78,-45
123000573,0,0,0
123000574,354,11,343
123000575,659,34,625
123000576,183,9,174
123000577,3,23,-20
123000578,106,55,51
123000579,542,2123,-1581
123000580,45,15,30
123000582,177,5,172
123000583,1,7,-6
123000584,83,98,-15
123000585,0,0,0
123000586,33,3,30
123000596,28,20,8
123000597,102,100,2
123000602,24,6,18
123000603,489,38,451
123000604,159,17,142
123000605,259,88,171
123000606,0,0,0
123000609,1,64,-63
123000610,27,47,-20
123000613,0,0,0
123000614,216,1,215
123000615,0,0,0
123000616,189,2,187
123000617,0,0,0
123000618,0,0,0
123000619,52,5,47
123000620,0,0,0
123000622,150,5,145
123000624,57,8,49
123000630,869,138,731
123000631,41,44,-3
123000632,167,46,121
123000633,0,79,-79
123000634,4,34,-30
123000635,0,0,0
123000636,18,72,-54
123000637,19,9,10
123000638,68,45,23
123000639,374,1148,-774
123000640,10,0,10
123900001,0,0,0
123900002,0,0,0
123900003,0,0,0
123900005,0,0,0
123900006,0,0,0
124000001,615,83,532
124000002,0,270,-270
124000003,552,85,467
124000004,0,71,-71
124000005,627,341,286
124000006,9,54,-45
124000007,45,25,20
124000008,1,110,-109
124000009,389,76,313
124000010,9,88,-79
124000011,395,162,233
124000012,8,89,-81
124000017,74,55,19
124000018,0,0,0
124000019,94,65,29
124000020,0,0,0
124000021,55,44,11
124000022,0,0,0
124000023,418,955,-537
124000024,296,85,211
124000025,495,896,-401
124000026,398,852,-454
124000027,2101,1369,732
124000028,94,3063,-2969
124000030,436,103,333
124000031,404,2633,-2229
124000032,12,69,-57
124000033,201,126,75
124000034,42,81,-39
124000035,4,124,-120
124000036,0,52,-52
124000037,22,234,-212
124000038,0,16,-16
124000039,81,15,66
124000040,68,91,-23
124000041,248,16,232
124000042,1,49,-48
124000043,61,8,53
124000044,0,24,-24
124000045,462,70,392
124000046,0,0,0
124000047,539,140,399
124000048,0,0,0
124000049,875,89,786
124000050,0,0,0
124000051,757,112,645
124000052,0,0,0
124000053,277,695,-418
124000054,2,0,2
124000055,698,928,-230
124000056,3,0,3
124000057,763,302,461
124000058,1,0,1
124000059,625,627,-2
124000060,312,26,286
124000061,563,1546,-983
124000062,229,82,147
124000063,453,82,371
124000064,280,86,194
124000065,0,0,0
124000066,25,1,24
124000067,31,39,-8
124000068,0,0,0
124000069,293,31,262
124000070,0,0,0
124000071,34,21,13
124000072,0,0,0
124000073,342,10,332
124000074,0,0,0
124000075,251,44,207
124000076,0,0,0
124000077,45,72,-27
124000078,330,270,60
124000079,4,90,-86
124000080,167,30,137
124000081,0,0,0
124000082,5,84,-79
124000083,0,0,0
124000084,21,133,-112
124000085,0,0,0
124000086,18,162,-144
124000087,23,70,-47
124000088,14,69,-55
124000089,217,8,209
124000090,0,0,0
124000091,249,7,242
124000092,0,0,0
124000093,48,132,-84
124000094,45,161,-116
124000095,106,16,90
124000096,23,83,-60
124000097,170,23,147
124000098,25,68,-43
124000099,10,8,2
124000100,0,0,0
124000101,152,36,116
124000102,83,49,34
124000103,235,67,168
124000104,29,10,19
124000105,193,49,144
124000106,102,32,70
124000107,34,308,-274
124000108,32,12,20
124000109,108,22,86
124000110,49,31,18
124000111,124,35,89
124000112,189,156,33
124000113,89,75,14
124000114,132,129,3
124000115,437,468,-31
124000116,40,60,-20
124000117,46,13,33
124000118,15,34,-19
124000119,140,166,-26
124000120,189,68,121
124000121,422,179,243
124000122,143,409,-266
124000123,305,115,190
124000124,156,196,-40
124000125,202,115,87
124000126,87,106,-19
124000127,793,58,735
124000128,306,199,107
124000129,1104,664,440
124000130,123,30,93
124000131,392,233,159
124000132,196,103,93
124000133,619,275,344
124000134,162,158,4
124000135,522,521,1
124000136,45,172,-127
124000137,216,180,36
124000138,117,129,-12
124000139,113,23,90
124000140,0,113,-113
124000141,1,18,-17
124000142,0,233,-233
124000143,7,0,7
124000144,0,58,-58
124000145,80,1,79
124000146,1,8,-7
124000148,35,12,23
124000149,328,71,257
124000150,37,77,-40
124000151,282,222,60
124000152,76,54,22
124000153,387,580,-193
124000154,48,110,-62
124000155,307,134,173
124000156,71,96,-25
124000169,82,93,-11
124000170,46,72,-26
124000171,135,101,34
124000172,77,67,10
124000173,206,36,170
124000174,191,106,85
124000175,0,0,0
124000176,6,41,-35
124000177,0,0,0
124000178,3,82,-79
124000190,1,2,-1
124000191,0,0,0
124000192,334,205,129
124000193,15,236,-221
124000194,103,74,29
124000195,185,224,-39
124000196,126,96,30
124000197,55,2,53
124000198,72,6,66
124000201,2,0,2
124000202,322,24,298
124000203,73,0,73
124000204,595,12,583
124000205,56,0,56
124000206,889,90,799
124000207,0,0,0
124000209,92,2,90
124000210,563,123,440
124000211,643,13,630
124000212,0,0,0
124000213,87,0,87
124000214,291,1,290
124000215,356,5,351
124000216,0,0,0
124000329,0,45,-45
124000338,0,73,-73
124000339,661,5,656
124000341,540,12,528
124000344,27,4,23
124000357,641,997,-356
124000358,723,1020,-297
124000359,886,400,486
124000360,449,241,208
124000361,786,549,237
124000362,263,322,-59
124000363,119,40,79
124000364,162,274,-112
124000365,9,57,-48
124000366,10,199,-189
124000367,5,52,-47
124000368,136,292,-156
124000369,70,58,12
124000370,3,134,-131
124000402,5,4,1
124000403,118,7,111
124000404,10,25,-15
124000405,533,167,366
124000406,138,133,5
124000407,2,28,-26
124000411,0,13,-13
124000412,134,0,134
124000413,0,25,-25
124000414,100,75,25
124000415,20,17,3
124000416,90,65,25
124000417,106,48,58
124000418,82,30,52
124000419,95,13,82
124000420,67,6,61
124000421,61,12,49
124000422,0,16,-16
124000423,49,5,44
124000424,0,12,-12
124000425,25,1,24
124000426,0,36,-36
124000427,15,0,15
124000428,0,12,-12
124000429,91,36,55
124000430,112,81,31
124000431,29,27,2
124000432,144,366,-222
124000439,6,1,5
124000442,0,0,0
124000443,0,0,0
124000445,0,181,-181
124000446,0,0,0
124900001,0,0,0
124900002,0,0,0
124900003,0,0,0
124900004,0,0,0
124900005,0,0,0
124900006,0,0,0
124900008,0,0,0
124900009,0,0,0
124900010,0,0,0
124900011,0,0,0
124900012,0,0,0
124900013,0,0,0
124900014,0,0,0
124900015,5,62,-57
124900016,26,12,14
124900017,62,120,-58
124900018,6,0,6
124900019,65,2,63
124900020,31,27,4
124900021,49,16,33
124900022,9,0,9
124900024,65,0,65
124900026,21,0,21
124900027,0,0,0
124900028,0,0,0
124900029,0,0,0
124900030,0,0,0
124900031,0,0,0
124900032,0,0,0
124900033,0,0,0
124900034,0,0,0
124900035,0,0,0
124900036,0,0,0
124900037,0,0,0
124900038,0,0,0
124900039,0,0,0
124900040,0,0,0
124900041,0,0,0
124900042,0,0,0
124900043,0,0,0
124900044,0,0,0
124900045,0,0,0
124900046,0,0,0
124900047,0,0,0
124900048,0,0,0
124900050,0,0,0
124900052,0,0,0
124900053,0,0,0
124900054,0,0,0
124900055,0,0,0
124900057,0,0,0
124900060,0,0,0
124900061,3,0,3
124900062,17,0,17
124900066,0,0,0
124900067,0,0,0
124900068,0,0,0
124900069,0,0,0
124900070,0,0,0
124900072,0,0,0
124900074,0,0,0
124900075,0,0,0
124900076,0,0,0
124900077,0,0,0
124900078,0,0,0
124900079,0,0,0
124900080,0,0,0
124900081,0,0,0
124900082,0,0,0
124900083,0,0,0
124900084,0,0,0
124900085,0,0,0
124900086,0,0,0
124900087,0,0,0
124900088,0,0,0
124900089,0,0,0
124900090,30,6,24
124900091,0,0,0
124900092,0,0,0
124900093,47,13,34
124900094,79,19,60
124900095,0,1,-1
124900096,50,7,43
124900097,60,4,56
124900098,0,0,0
124900099,0,0,0
124900100,67,3,64
124900101,7,0,7
124900102,47,0,47
124900103,0,0,0
124900104,0,0,0
124900105,0,0,0
124900106,47,12,35
124900107,27,9,18
124900108,0,0,0
124900109,0,0,0
124900110,0,0,0
124900111,0,0,0
124900112,0,0,0
124900113,0,0,0
124900114,0,0,0
124900115,0,0,0
124900116,0,1,-1
124900117,0,0,0
124900118,0,0,0
124900119,0,0,0
124900120,0,0,0
124900121,0,0,0
124900122,0,0,0
124900123,0,0,0
124900124,0,0,0
129000186,18,17,1
204000001,20,4,16
204000002,2,5,-3
204000003,4,5,-1
204000004,13,1,12
204000005,452,512,-60
204000006,856,1587,-731
204000008,698,189,509
204000011,0,0,0
204000012,0,0,0
204000013,0,0,0
204000019,965,406,559
204000020,341,330,11
204000021,383,297,86
204000022,854,350,504
204000023,0,0,0
204000031,0,5,-5
204000032,93,8,85
204000034,0,0,0
204000035,0,0,0
204000036,0,0,0
204000037,0,0,0
204000038,0,0,0
204000039,0,0,0
204000040,0,0,0
204000041,0,0,0
204000042,4,9,-5
204000043,14,14,0
204000044,16,4,12
204000045,44,6,38
204000046,0,0,0
204000057,0,0,0
204000062,0,0,0
204000068,0,0,0
204000069,0,0,0
204000070,70,71,-1
204000080,0,0,0
204000085,0,0,0
204000086,0,0,0
204000087,2,6,-4
204000088,0,0,0
204000090,0,0,0
204000093,420,11,409
204000096,867,264,603
204000097,224,3,221
204000099,1020,1454,-434
204000100,1245,563,682
204000105,0,0,0
204000110,0,0,0
204000111,0,0,0
204000112,0,0,0
204000113,0,0,0
204000114,381,596,-215
204000115,254,179,75
204000116,134,315,-181
204000119,1943,661,1282
204000132,568,322,246
204000133,863,59,804
204000134,147,30,117
204000135,542,31,511
204000136,383,113,270
204000138,171,488,-317
204000140,172,203,-31
204000141,170,45,125
204000144,0,6,-6
204000145,100,4,96
204000146,0,0,0
204000147,0,0,0
204000148,100,13,87
204000154,2,3,-1
204000155,0,0,0
204000177,70,11,59
204000179,1,6,-5
204000180,0,0,0
204000222,0,0,0
204000235,0,0,0
204000236,10,14,-4
204000238,18,1,17
204000240,51,3,48
204000263,0,0,0
204000308,30,5,25
204000317,0,0,0
204000322,0,0,0
204000323,0,0,0
204000328,208,25,183
204000329,0,0,0
204000330,38,1,37
204000331,0,0,0
204010341,4,47,-43
205000001,0,0,0
205000013,0,0,0
205000014,0,0,0
205000015,0,0,0
205000016,0,0,0
205000017,0,0,0
205000022,0,0,0
205000025,0,0,0
205000029,95,18,77
205000045,0,0,0
205000047,0,0,0
205000048,0,0,0
205000049,0,0,0
205000050,0,0,0
205000059,0,0,0
205000060,0,0,0
205000061,0,0,0
205000062,0,0,0
205000063,0,0,0
205000064,0,0,0
205000065,0,0,0
205000066,0,0,0
205000067,0,0,0
205000069,64,54,10
205000082,41,101,-60
205000110,0,0,0
205000111,0,0,0
205000112,43,103,-60
205000113,0,0,0
205000121,83,48,35
205000123,0,0,0
205000126,867,84,783
205000127,874,37,837
205000128,445,27,418
205000129,406,57,349
205000130,46,18,28
205000131,68,8,60
205000132,16,1,15
205000133,13,1,12
205000134,161,0,161
205000137,0,0,0
205000138,0,0,0
205000139,0,0,0
205000144,7,39,-32
205000145,176,47,129
205000151,25,25,0
205000152,52,30,22
205000153,116,33,83
205000154,39,26,13
205000155,89,10,79
205000207,0,0,0
205000233,2,0,2
205000234,0,0,0
205000243,0,0,0
205000244,0,0,0
205000245,0,0,0
205000249,0,0,0
205000250,1,2,-1
205000251,0,0,0
205000264,0,0,0
206000027,4,0,4
206000028,25,11,14
206000043,1,42,-41
206000053,0,0,0
206000054,0,0,0
206000055,0,0,0
206000075,1,13,-12
206000076,1,9,-8
206000077,27,0,27
206000078,1,2,-1
206000079,1,3,-2
206000082,80,84,-4
206000100,1,221,-220
206000103,0,0,0
206000104,0,0,0
206000105,0,0,0
206000106,0,0,0
206000108,273,100,173
206000125,86,0,86
206000157,0,0,0
206000170,0,0,0
206000171,0,48,-48
206000172,1,21,-20
206000173,0,6,-6
206000174,3,4,-1
206000175,1,8,-7
206000176,0,20,-20
206000177,0,13,-13
206000178,0,16,-16
206000179,0,17,-17
206000180,0,38,-38
206000181,1,18,-17
206000182,7,17,-10
206000183,18,73,-55
206000184,0,1,-1
206000185,0,2,-2
206000186,0,16,-16
206000223,0,0,0
206000226,20,0,20
206000227,10,1,9
206000237,0,11,-11
206000238,1,14,-13
206000239,10,112,-102
206000240,0,0,0
206000241,1,71,-70
206000242,0,2,-2
206000243,0,1,-1
206000244,0,1,-1
206000245,546,20,526
206000246,217,25,192
206000247,185,11,174
206000248,264,8,256
206000252,28,67,-39
206000258,0,0,0
206000315,36,11,25
206000317,312,88,224
206000318,175,19,156
206000319,768,30,738
206000320,279,14,265
206000321,301,14,287
206000322,344,14,330
206000323,165,12,153
206000324,132,4,128
206000325,110,2,108
206000326,133,19,114
206000327,7,23,-16
206000328,153,0,153
206000329,224,2,222
206000330,35,0,35
206000331,245,0,245
206000332,42,0,42
206000333,535,0,535
206000334,238,4,234
206000335,0,0,0
206000361,0,0,0
206000392,0,0,0
206000405,140,0,140
206000441,56,56,0
206000498,7,0,7
206000515,72,17,55
206000530,119,30,89
206000531,158,77,81
206000532,386,72,314
206000535,11,138,-127
206000536,0,24,-24
206000537,1,4,-3
206000613,549,114,435
207000001,0,0,0
207000002,0,0,0
207000003,0,0,0
207000007,1061,175,886
207000008,177,0,177
207000009,75,0,75
207000010,56,185,-129
207000012,351,98,253
207000015,19,203,-184
207000019,148,43,105
207000021,260,147,113
207000022,172,124,48
207000023,131,38,93
207000024,0,12,-12
207000025,4,33,-29
207000026,0,0,0
207000027,0,0,0
207000028,0,0,0
207000029,0,0,0
207000033,156,243,-87
207000034,100,72,28
207000039,515,69,446
207000040,281,41,240
207000041,130,28,102
207000042,284,13,271
207000043,156,76,80
207000051,0,0,0
207000052,0,0,0
207000053,0,0,0
207000054,0,0,0
207000055,0,0,0
207000056,0,0,0
207000057,0,0,0
207000058,0,0,0
207000059,0,0,0
207000060,0,0,0
207000061,134,1068,-934
207000062,348,33,315
207000063,423,13,410
207000064,345,64,281
207000065,260,75,185
207000066,308,94,214
207000067,110,15,95
207000068,150,9,141
207000069,455,125,330
207000082,0,190,-190
207000083,45,137,-92
207000084,284,104,180
207000085,195,39,156
207000086,305,3,302
207000106,53,7,46
207000107,213,5,208
207000108,42,3,39
207000109,50,4,46
207000110,32,6,26
207000111,79,5,74
207000112,58,129,-71
207000114,0,0,0
207000115,0,0,0
207000116,0,0,0
207000117,0,0,0
207000118,0,0,0
207000119,0,0,0
207000123,124,0,124
207000124,120,18,102
207000125,48,3,45
207000126,46,2,44
207000134,185,102,83
207000135,18,274,-256
207000148,55,100,-45
207000149,0,0,0
207000152,0,0,0
207000153,0,0,0
207000154,188,65,123
207000159,0,0,0
207000160,0,0,0
207000238,0,0,0
207000242,0,0,0
207000248,0,0,0
207000249,0,0,0
207000250,0,0,0
207000251,0,0,0
207000252,0,0,0
207000278,112,48,64
207000279,0,0,0
207000280,738,51,687
207000281,57,154,-97
207000282,18,143,-125
207000283,0,17,-17
207000284,21,342,-321
207000285,3,53,-50
207000291,0,0,0
207000304,62,12,50
207000306,0,0,0
207000310,99,40,59
207000353,17,0,17
207000356,0,0,0
207000357,2,102,-100
207000358,2,9,-7
207000415,0,0,0
207000417,11,1,10
207000437,0,0,0
207000439,322,96,226
207000446,52,0,52
207000460,57,1,56
207000466,0,0,0
207000467,44,19,25
207000468,0,0,0
207000476,11,18,-7
207000477,205,29,176
207000523,0,0,0
207000524,8,1,7
207000527,139,70,69
207000530,185,5,180
207000531,46,1,45
207000532,14,1,13
207000534,63,11,52
207000535,0,0,0
207000537,0,0,0
207000540,0,0,0
207000541,0,0,0
207000548,0,0,0
207000549,67,6,61
207000561,67,20,47
207000562,0,0,0
207000567,0,0,0
207000568,66,1,65
207000569,263,12,251
207000584,0,0,0
207000585,20,12,8
207000616,0,0,0
207000617,69,0,69
207900008,354,44,310
208000001,358,536,-178
208000002,432,403,29
208000003,461,381,80
208000004,394,319,75
208000005,0,0,0
208000019,685,183,502
208000020,244,114,130
208000021,44,79,-35
208000022,132,89,43
208000028,49,704,-655
208000033,35,23,12
208000034,77,279,-202
208000040,46,77,-31
208000041,164,240,-76
208000042,423,320,103
208000047,0,0,0
208000064,960,984,-24
208000066,555,1140,-585
208000070,184,267,-83
208000071,492,164,328
208000072,504,340,164
208000080,147,168,-21
208000081,175,57,118
208000082,5,1,4
208000083,7,1,6
208000084,6,39,-33
208000085,29,2,27
208000086,25,11,14
208000087,12,31,-19
208000089,0,0,0
208000090,0,0,0
208000093,0,0,0
208000094,50,93,-43
208000095,185,25,160
208000104,931,229,702
208000105,732,323,409
208000114,21,466,-445
208000115,270,244,26
208000116,461,891,-430
208000117,2,49,-47
208000118,67,183,-116
208000155,33,42,-9
208000158,110,191,-81
208000186,549,1162,-613
208000204,44,99,-55
208000205,103,100,3
208000282,44,51,-7
209000004,199,26,173
209000005,16,1,15
209000006,254,62,192
209000007,195,155,40
209000010,0,0,0
209000011,0,0,0
209000012,0,0,0
209000013,0,0,0
209000014,0,0,0
209000025,194,18,176
209000026,563,31,532
209000027,0,0,0
209000028,0,0,0
209000029,0,0,0
209000030,0,0,0
209000031,0,0,0
209000034,120,114,6
209000035,206,154,52
209000036,408,46,362
209000037,420,108,312
209000038,226,41,185
209000039,145,43,102
209000040,146,17,129
209000041,122,25,97
209000042,85,25,60
209000043,141,39,102
209000044,209,95,114
209000045,477,117,360
209000046,464,147,317
209000047,267,26,241
209000048,928,209,719
209000049,0,0,0
209000050,0,0,0
209000051,0,0,0
209000052,0,0,0
209000062,0,0,0
209000063,0,0,0
209000064,0,0,0
209000065,164,29,135
209000066,109,32,77
209000067,129,30,99
209000080,0,0,0
209000082,7,4,3
209000091,0,0,0
209000093,0,0,0
209000094,0,0,0
209000110,45,69,-24
209000111,294,606,-312
209000112,561,159,402
209000113,670,156,514
209000114,342,165,177
209000115,0,0,0
209000116,0,0,0
209000118,10,58,-48
209000119,0,0,0
209000121,0,0,0
209000135,27,32,-5
209000142,346,459,-113
209000143,0,0,0
209000144,14,76,-62
209000229,186,13,173
209000240,0,0,0
209000259,0,0,0
209000260,0,0,0
209000261,0,0,0
209000262,0,0,0
209000263,0,0,0
209000264,0,0,0
209000265,102,0,102
209000266,41,0,41
209000267,705,0,705
209000268,571,38,533
210000037,58,12,46
210000047,76,24,52
210000048,8,8,0
210000049,45,5,40
210000052,0,0,0
210000053,0,0,0
210000054,0,0,0
210000070,89,0,89
210000071,59,0,59
210000072,16,0,16
210000073,0,0,0
210000074,0,0,0
210000075,0,0,0
210000076,0,0,0
210000077,0,0,0
210000078,0,0,0
210000079,8,0,8
210000080,44,51,-7
210000081,56,7,49
210000082,18,3,15
210000083,35,11,24
210000084,64,0,64
210000085,0,0,0
210000086,0,0,0
210000099,0,0,0
210000100,0,0,0
210000101,0,0,0
210000105,0,0,0
210000159,0,0,0
210000163,0,0,0
210000164,127,39,88
210000168,64,9,55
210000187,0,0,0
210000188,0,0,0
210000214,20,0,20
210000219,19,14,5
210000220,101,14,87
210000232,0,0,0
210000233,0,0,0
210000234,0,0,0
210000235,0,0,0
210000245,2,0,2
210000246,5,0,5
210000258,0,0,0
210000259,83,7,76
210000282,0,0,0
210000285,0,0,0
210000286,0,0,0
210000295,0,0,0
210000296,0,0,0
210000320,151,29,122
210000321,58,1,57
210000338,0,0,0
210000339,0,0,0
210000340,0,0,0
210000341,0,0,0
210000342,0,0,0
210000343,0,0,0
210000344,0,0,0
210000345,0,0,0
210000346,0,0,0
210000347,0,0,0
210000348,0,0,0
210000349,0,0,0
210000350,0,0,0
210000351,0,0,0
210000352,57,17,40
210000353,54,15,39
210000354,23,9,14
210000355,13,43,-30
210000356,19,94,-75
210000357,74,97,-23
210000358,87,101,-14
210000359,34,44,-10
210000360,128,41,87
210000361,67,48,19
210000362,161,80,81
210000363,431,91,340
210000364,167,30,137
210000365,139,52,87
210000366,184,31,153
210000367,41,23,18
210000368,77,15,62
210000369,55,25,30
210000370,129,6,123
210000372,10,11,-1
210000373,3,15,-12
210000374,37,19,18
210000375,10,16,-6
210000376,40,36,4
210000404,0,0,0
210000439,24,8,16
210000472,25,9,16
210000482,44,30,14
210000564,247,48,199
210000568,107,0,107
211000092,38,4,34
211000094,15,0,15
211000169,77,0,77
211000172,4,70,-66
211000209,0,0,0
211000275,14,17,-3
211000276,44,3,41
211000279,8,3,5
211000281,13,1,12
211507980,0,5,-5
211977296,4,0,4
212000003,217,31,186
212000004,0,0,0
212000005,0,0,0
212000006,0,0,0
212000008,0,0,0
212000009,0,0,0
212000012,0,0,0
212000013,0,0,0
212000014,0,0,0
212000015,0,0,0
212000016,0,0,0
212000027,642,139,503
212000028,218,201,17
212000029,176,292,-116
212000030,25,26,-1
212000031,56,28,28
212000048,0,0,0
212000049,0,0,0
212000050,0,0,0
212000051,0,0,0
212000052,0,0,0
212000053,0,0,0
212000054,332,30,302
212000055,375,48,327
212000056,4,27,-23
212000057,9,14,-5
212000058,23,12,11
212000070,0,0,0
212000077,0,0,0
212000099,400,88,312
212000108,327,151,176
212000111,500,40,460
212000120,0,0,0
212000138,0,0,0
212000156,0,0,0
212000158,1,49,-48
212000159,672,47,625
212000160,723,76,647
212000161,141,57,84
212000310,0,0,0
212000311,9,64,-55
212000374,0,0,0
213000001,0,380,-380
213000005,195,12,183
213000006,237,44,193
213000007,40,2,38
213000009,172,181,-9
213000010,392,96,296
213000011,155,68,87
213000012,0,3,-3
213000014,92,8,84
213000015,348,5,343
213000016,262,0,262
213000017,79,1,78
213000018,0,6,-6
213000019,0,2,-2
213000020,22,13,9
213000021,0,4,-4
213000023,618,161,457
213000033,39,166,-127
213000034,594,147,447
213000035,175,218,-43
213000045,55,92,-37
213000046,9,45,-36
213000047,39,497,-458
213000056,96,13,83
213000069,7,0,7
213000073,0,0,0
213000074,0,61,-61
213000075,378,1,377
213000085,0,0,0
213000086,0,0,0
213000091,117,2,115
213000092,16,0,16
213000099,1,206,-205
213000100,616,163,453
213000101,393,85,308
213000102,288,45,243
213000103,315,147,168
213000104,14,67,-53
213000105,0,29,-29
213000106,2,6,-4
213000107,43,5,38
213000108,2,26,-24
213000109,0,45,-45
213000110,1,82,-81
213000111,0,13,-13
213000112,4,65,-61
213000115,19,0,19
213000116,1,36,-35
213000117,2,47,-45
213000118,583,204,379
213000119,0,19,-19
213000120,7,19,-12
213000122,7,49,-42
213000123,2,95,-93
213000124,12,41,-29
213000125,174,85,89
213000126,4,5,-1
213000127,0,26,-26
213000128,19,99,-80
213000129,175,650,-475
213000130,700,425,275
213000132,296,141,155
213000133,703,39,664
213000134,750,10,740
213000136,506,3,503
213000137,407,64,343
213000139,79,1,78
213000147,38,0,38
213000148,3,0,3
213000149,3,0,3
213000150,0,0,0
213000151,0,0,0
213000152,0,0,0
213000153,0,0,0
213000154,0,2,-2
213000155,0,1,-1
213000156,0,4,-4
213000157,5,0,5
213000158,52,101,-49
213000159,1094,122,972
213000163,791,134,657
213000165,442,132,310
213000171,0,0,0
213000172,0,0,0
213000173,0,0,0
213000174,0,0,0
213000175,0,0,0
213000176,374,51,323
213000177,252,3,249
213000178,260,4,256
213000179,180,0,180
213000180,102,0,102
213000184,3,40,-37
213000188,439,10,429
213000189,260,11,249
213000190,219,3,216
213000191,321,6,315
213000192,185,5,180
213000193,0,0,0
213000194,0,0,0
213000195,0,5,-5
213000196,0,1,-1
213000197,588,304,284
213000198,2,0,2
213000200,18,43,-25
213000201,0,2,-2
213000202,1,66,-65
213000203,762,260,502
213000204,775,14,761
213000205,488,17,471
213000206,416,4,412
213000207,9,0,9
213000208,8,0,8
213000209,52,0,52
213000210,20,0,20
213000211,0,0,0
213000212,0,0,0
213000213,0,0,0
213000218,157,266,-109
213000219,229,24,205
213000220,425,1,424
213000223,99,142,-43
213000224,2,61,-59
213000225,75,11,64
213000226,86,14,72
213000227,766,160,606
213000228,434,36,398
213000229,73,12,61
213000230,207,4,203
213000232,1,296,-295
213000233,0,0,0
213000234,0,0,0
213000293,0,2,-2
213000294,52,15,37
213000295,1,2,-1
213000296,49,15,34
213000297,0,0,0
213000298,0,0,0
213000299,13,8,5
213000300,0,8,-8
213000303,0,0,0
213000304,0,0,0
213000305,4,17,-13
213000306,0,0,0
213000307,28,14,14
213000308,0,0,0
213000309,87,14,73
213000310,134,68,66
213000311,6,136,-130
213000315,0,0,0
213000316,129,6,123
213000322,11,3,8
213000323,60,6,54
213000324,76,1,75
213000325,85,6,79
213000326,36,0,36
213000327,92,16,76
213000328,21,30,-9
213000329,66,7,59
213000340,0,40,-40
213000341,496,33,463
213000347,110,334,-224
213000348,0,5,-5
213000349,0,0,0
213000350,49,90,-41
213000366,0,38,-38
213000367,341,20,321
213000379,1,6,-5
213000386,2,27,-25
213000406,8,38,-30
213000417,878,180,698
213000425,140,11,129
213000426,76,2,74
213000427,62,8,54
213000428,59,12,47
213000429,2,2,0
213000430,1,7,-6
213000431,1,3,-2
213000432,0,245,-245
213000433,2,5,-3
213000434,13,18,-5
213000435,28,9,19
213000436,7,15,-8
213000437,3,2,1
213000438,72,4,68
213000439,1,12,-11
213000440,4,44,-40
213000441,0,15,-15
213000442,0,3,-3
213000443,360,202,158
213000444,9,2,7
213000445,0,21,-21
213000446,0,121,-121
213000447,1,37,-36
213000448,6,6,0
213000449,417,1,416
213000450,0,2,-2
213000451,56,14,42
213000452,1,5,-4
213000453,0,0,0
213000455,30,6,24
213000456,0,5,-5
213000481,3,0,3
213000484,6,0,6
213000489,35,21,14
213900002,0,0,0
213900003,12,1,11
213900013,0,4,-4
213900015,0,0,0
213900016,4,1,3
213900020,0,2,-2
213900030,0,4,-4
213900032,67,66,1
213900033,87,34,53
213900034,339,11,328
213900035,5,15,-10
213900036,2,3,-1
213900037,1,6,-5
213900038,489,95,394
213900039,0,6,-6
213900041,0,0,0
213900042,31,201,-170
213900043,169,34,135
213900244,52,0,52
213900245,0,0,0
218000003,0,0,0
218000004,0,0,0
218000005,16,22,-6
218000006,21,13,8
218000007,0,23,-23
218000012,32,32,0
218000013,10,103,-93
218000014,47,119,-72
218000019,110,34,76
218000020,169,29,140
218000021,0,0,0
218000022,0,0,0
218000023,0,0,0
218000024,0,0,0
218000025,0,0,0
218000026,0,0,0
218000027,0,0,0
218000028,0,0,0
218000029,0,0,0
218000030,0,0,0
218000031,0,0,0
218000032,0,0,0
218000040,2,0,2
218000046,73,82,-9
218000047,0,73,-73
218000048,38,19,19
218000049,31,16,15
218000050,180,54,126
218000051,11,68,-57
218000052,0,17,-17
218000053,1,2,-1
218000054,0,55,-55
218000055,0,11,-11
218000056,4,59,-55
218000057,1,31,-30
218000064,1,1,0
218000065,104,3,101
218000066,9,9,0
218000067,15,36,-21
218000068,22,39,-17
218000069,134,43,91
218000070,93,33,60
218000071,36,32,4
218000072,23,14,9
218000078,25,57,-32
218000079,159,49,110
218000080,112,28,84
218000081,451,76,375
218000082,89,35,54
218000083,0,0,0
218000084,0,0,0
218000085,0,0,0
218000086,0,0,0
218000087,0,0,0
218000090,2,42,-40
218000091,549,207,342
218000092,84,34,50
218000093,47,31,16
218000094,0,3,-3
218000099,101,208,-107
218000100,78,79,-1
218000101,67,73,-6
218000102,127,67,60
218000103,6,6,0
218000104,53,21,32
218000105,0,0,0
218000106,0,0,0
218000107,0,0,0
218000108,0,0,0
218000112,0,0,0
218000117,26,36,-10
218000134,16,21,-5
218000135,10,18,-8
218000136,11,1,10
218000137,30,5,25
218000138,0,0,0
218000139,50,3,47
218000140,219,160,59
218000141,61,7,54
218000142,155,32,123
218000143,69,68,1
218000144,3,53,-50
218000145,308,147,161
218000146,61,61,0
218000151,2,9,-7
218000152,101,78,23
218000153,7,13,-6
218000154,8,3,5
218000155,36,0,36
218000156,154,9,145
218000157,131,9,122
218000158,10,2,8
218000159,1,2,-1
218000160,8,0,8
218000161,18,1,17
218000162,99,2,97
218000163,37,0,37
218000164,226,2,224
218000165,166,49,117
218000170,3,60,-57
218000171,30,6,24
218000172,5,27,-22
218000173,5,3,2
218000174,6,16,-10
218000176,502,14,488
218000177,444,17,427
218000178,123,35,88
218000179,383,8,375
218000180,62,2,60
218000181,238,16,222
218000187,0,0,0
218000188,0,0,0
218000189,0,0,0
218000190,0,0,0
218000191,0,0,0
218000192,0,0,0
218000193,0,0,0
218000194,0,0,0
218000195,138,81,57
218000196,367,109,258
218000197,570,95,475
218000198,12,43,-31
218000199,31,1,30
218000200,28,5,23
218000201,15,0,15
218000202,0,0,0
218000207,0,0,0
218000208,0,0,0
218000211,16,0,16
218000212,0,0,0
218000213,69,43,26
218000214,2,24,-22
218000215,30,28,2
218000217,12,24,-12
218000218,108,252,-144
218000219,2,57,-55
218000220,35,177,-142
218000221,223,251,-28
218000222,0,9,-9
218000223,104,742,-638
218000224,17,322,-305
218000225,441,88,353
218000226,390,28,362
218000230,0,0,0
218000232,23,2,21
218000239,29,0,29
218000240,0,0,0
218000241,0,0,0
218000242,0,0,0
218000243,2,0,2
218000244,2,0,2
218000245,5,1,4
218000246,0,0,0
218000247,0,0,0
218000248,0,0,0
218000249,0,0,0
218000250,0,0,0
218000251,0,0,0
218000252,0,2,-2
218000253,0,2,-2
218000254,0,0,0
218000255,1,0,1
218000256,0,0,0
218000267,2,3,-1
218000268,0,0,0
218000269,0,0,0
218000270,0,0,0
218000271,0,0,0
218000273,69,4,65
218000274,37,3,34
218000275,14,28,-14
218000276,11,20,-9
218000278,0,1,-1
218000279,7,2,5
218000280,0,3,-3
218000281,3,1,2
218000282,70,168,-98
218000284,38,11,27
218000301,0,0,0
218000302,61,6,55
218000303,0,0,0
218000316,741,227,514
218000317,1237,172,1065
218000318,652,133,519
218000319,15,60,-45
218000320,0,0,0
218000338,17,9,8
218000345,0,0,0
218000346,4,90,-86
218000459,24,102,-78
218000490,0,0,0
218000501,34,16,18
218000502,0,0,0
218000503,34,3,31
218000504,90,13,77
218000505,0,0,0
218000506,1,1,0
218000508,0,0,0
218000510,72,12,60
218000520,146,104,42
218000521,1,7,-6
218000522,1,8,-7
218000523,35,0,35
218000524,0,39,-39
218000525,37,1,36
218000526,0,62,-62
218000529,8,19,-11
218000530,58,0,58
218000531,41,2,39
218000532,0,0,0
218000534,68,1,67
218000537,23,56,-33
218000538,38,81,-43
218000540,0,0,0
218000543,44,13,31
218000544,0,0,0
218000545,36,6,30
218000546,0,0,0
218000547,29,24,5
218000548,0,0,0
218000549,353,39,314
218000550,3,22,-19
218000551,0,70,-70
218000552,131,10,121
218000553,0,0,0
218000554,0,0,0
218000555,23,11,12
218000556,1,0,1
218000557,211,22,189
218000558,2,0,2
218000559,0,15,-15
218000560,0,1,-1
218000561,0,0,0
218000562,1,13,-12
218000563,113,1,112
218000564,0,28,-28
218000565,58,4,54
218000566,30,3,27
218000567,0,58,-58
218000568,0,0,0
218000569,0,33,-33
218000570,2,4,-2
218000571,0,18,-18
218000572,27,1,26
218000573,1,83,-82
218000574,1,3,-2
218000575,57,0,57
218000576,0,46,-46
218000577,7,0,7
218000578,0,60,-60
218000579,2,5,-3
218000581,0,0,0
218000582,15,0,15
218000583,0,1,-1
218000584,0,0,0
218000585,8,0,8
218000586,40,5,35
218000587,0,0,0
218000588,0,0,0
218000589,0,0,0
218000590,0,0,0
218000591,0,0,0
218000592,0,0,0
218000593,0,0,0
218000594,0,0,0
218000595,0,0,0
218000596,0,0,0
218000597,0,0,0
218000598,0,0,0
218000599,0,0,0
218000600,0,0,0
218000601,0,0,0
218000602,0,0,0
218000603,0,20,-20
218000604,3,0,3
218000605,0,3,-3
218000606,1,0,1
218000607,0,18,-18
218000608,17,7,10
218000609,0,9,-9
218000610,25,11,14
218000611,6,0,6
218000612,0,1,-1
218000613,36,0,36
218000614,0,0,0
218000615,45,0,45
218000616,0,11,-11
218000617,7,2,5
218000618,0,0,0
218000619,18,2,16
218000620,0,5,-5
218000621,0,0,0
218000622,0,10,-10
218000623,1,0,1
218000624,0,27,-27
218000625,21,0,21
218000626,0,15,-15
218000628,69,23,46
218000631,53,1,52
218000632,0,15,-15
218000633,2,1,1
218000634,0,0,0
218000635,0,5,-5
218000636,8,19,-11
218000637,463,129,334
218000638,501,36,465
218000639,10,22,-12
218000640,305,5,300
218000641,39,43,-4
218000652,21,42,-21
218000653,345,47,298
218000663,7,11,-4
218000675,0,6,-6
218000676,0,0,0
218000677,54,1,53
218000680,20,16,4
218000681,197,17,180
218000691,7,12,-5
218000693,167,27,140
218000703,0,0,0
218000718,0,68,-68
218000719,17,45,-28
218000720,0,19,-19
218000721,2,2,0
218000725,0,0,0
218001214,0,0,0
218001329,9,18,-9
218001330,0,0,0
218001359,0,0,0
218001360,0,0,0
218001361,0,0,0
218001362,0,0,0
219000001,0,0,0
219000002,0,0,0
219000003,23,33,-10
219000004,26,67,-41
219000017,18,65,-47
219000020,131,9,122
219000022,116,0,116
219000023,39,0,39
219000029,0,0,0
219000034,52,35,17
219000039,0,0,0
219000040,6,71,-65
219000041,55,23,32
219000051,0,0,0
219000052,0,0,0
219000053,0,0,0
219000054,0,0,0
219000055,110,0,110
219000056,0,0,0
219000057,69,0,69
219000062,0,0,0
219000063,21,0,21
219000064,0,0,0
219000110,135,104,31
219000111,91,82,9
219000112,95,17,78
219000113,109,13,96
219000114,144,5,139
219000116,49,24,25
219000117,92,11,81
219000118,59,36,23
219000123,115,1,114
219000124,3,0,3
219000125,0,0,0
219000126,0,0,0
219000127,0,0,0
219000128,0,0,0
219000129,0,0,0
219000130,0,0,0
219000131,623,910,-287
219000133,9,25,-16
219000134,11,40,-29
219000135,6,10,-4
219000136,48,102,-54
219000138,40,9,31
219000139,33,0,33
219000140,116,1,115
219000141,18,0,18
219000142,16,0,16
219000143,0,0,0
219000145,2,4,-2
219000146,0,0,0
219000147,0,0,0
219000148,0,0,0
219000149,0,0,0
219000150,0,0,0
219000151,0,0,0
219000157,145,54,91
219000158,60,18,42
219000161,37,2,35
219000163,227,226,1
219000166,83,17,66
219000167,20,19,1
219000168,100,53,47
219000174,305,23,282
219000175,81,1,80
219000176,57,15,42
219000177,36,2,34
219000178,99,0,99
219000179,30,40,-10
219000180,9,3,6
219000182,41,7,34
219000183,6,4,2
219000184,18,0,18
219000185,0,0,0
219000186,52,2,50
219000187,25,1,24
219000189,0,0,0
219000190,0,0,0
219000191,0,0,0
219000192,194,192,2
219000193,0,0,0
219000195,0,0,0
219000196,0,0,0
219000198,0,0,0
219000199,0,0,0
219000200,0,0,0
219000201,0,0,0
219000203,0,0,0
219000204,0,0,0
219000205,0,0,0
219000207,0,0,0
219000209,0,0,0
219000210,0,0,0
219000213,0,0,0
219000239,0,0,0
219000240,0,0,0
219000241,0,0,0
219000242,0,0,0
219000243,0,0,0
219000244,0,0,0
219000245,0,0,0
219000246,10,9,1
219000247,172,15,157
219000248,205,188,17
219000249,26,79,-53
219000250,32,41,-9
219000251,271,132,139
219000252,159,86,73
219000253,87,49,38
219000255,96,95,1
219000256,200,32,168
219000257,145,0,145
219000262,0,0,0
219000263,0,0,0
219000267,0,0,0
219000268,0,0,0
219000269,15,0,15
219000270,25,0,25
219000271,94,1,93
219000278,0,0,0
219000279,0,0,0
219000283,0,0,0
219000295,0,0,0
219000296,0,0,0
219000297,0,0,0
219000298,0,0,0
219000299,268,29,239
219000300,0,0,0
219000301,0,0,0
219000302,0,0,0
219000307,0,0,0
219000308,23,48,-25
219000311,174,11,163
219000312,212,34,178
219000313,262,18,244
219000314,0,0,0
219000315,226,29,197
219000316,352,15,337
219000317,54,22,32
219000320,0,0,0
219000321,0,0,0
219000323,0,0,0
219000325,0,0,0
219000326,0,0,0
219000327,0,0,0
219000328,0,0,0
219000329,128,101,27
219000330,7,4,3
219000331,28,8,20
219000332,74,34,40
219000333,19,1,18
219000335,37,0,37
219000337,22,0,22
219000338,27,0,27
219000344,0,0,0
219000345,0,0,0
219000346,0,0,0
219000348,0,0,0
219000349,0,0,0
219000350,0,0,0
219000351,0,0,0
219000352,12,117,-105
219000353,72,100,-28
219000354,226,74,152
219000355,102,49,53
219000356,248,680,-432
219000363,76,14,62
219000364,154,14,140
219000365,53,8,45
219000366,138,288,-150
219000368,78,464,-386
219000370,223,698,-475
219000371,0,0,0
219000382,2,3,-1
219000383,0,0,0
219000385,0,0,0
219000386,0,0,0
219000387,0,4,-4
219000390,4,0,4
219000391,2,0,2
219000397,0,0,0
219000398,13,22,-9
219000401,0,0,0
219000402,0,0,0
219000403,0,0,0
219000404,0,0,0
219000407,0,0,0
219000409,45,32,13
219000410,31,8,23
219000411,56,0,56
219000446,0,0,0
219000447,0,0,0
219000448,7,11,-4
219000452,34,38,-4
219000453,0,0,0
219000454,156,279,-123
219000556,148,10,138
219000558,0,0,0
219000590,0,0,0
219000591,57,11,46
219000592,0,0,0
219000595,0,0,0
219000635,143,19,124
219000636,0,0,0
219000657,4,1,3
219000658,0,0,0
219000673,0,0,0
219000676,0,0,0
219000679,24,0,24
219000684,68,0,68
219000685,0,0,0
219000686,0,0,0
219000688,0,0,0
219000689,0,0,0
219000690,165,5,160
219000691,0,0,0
219000692,42,2,40
219000693,0,0,0
219000694,30,0,30
219000695,4,1,3
219000698,17,0,17
219000699,0,0,0
219000727,0,0,0
219000728,17,0,17
219000770,1,3,-2
219000771,0,0,0
219001150,0,17,-17
219001151,0,0,0
219001166,5,11,-6
219001167,0,0,0
220000001,0,20,-20
220000002,1,20,-19
220000003,0,0,0
220000004,0,0,0
220000005,0,0,0
220000006,0,0,0
220000007,0,0,0
220000008,0,0,0
220000009,20,82,-62
220000010,7,8,-1
220000011,14,297,-283
220000012,4,66,-62
220000014,0,0,0
220000015,20,275,-255
220000017,26,56,-30
220000018,684,153,531
220000019,228,375,-147
220000020,47,66,-19
220000021,201,87,114
220000022,383,100,283
220000023,68,76,-8
220000024,258,204,54
220000025,358,800,-442
220000026,111,594,-483
220000027,3,83,-80
220000028,49,49,0
220000029,0,0,0
220000030,0,0,0
220000031,147,260,-113
220000064,0,0,0
221000046,2,0,2
221000047,0,0,0
221000048,0,0,0
221000049,0,0,0
221000050,2,0,2
221000055,13,0,13
221000057,96,1,95
221000068,240,170,70
221000069,170,75,95
221000070,185,37,148
221000071,91,16,75
221000072,229,10,219
221000073,126,11,115
221000074,0,0,0
221000075,0,0,0
221000076,0,0,0
221000077,0,0,0
221000081,29,2,27
221000082,37,0,37
221000083,2,16,-14
221000084,2,1,1
221000085,19,0,19
221000086,0,0,0
221000087,0,0,0
221000088,0,0,0
221000089,0,0,0
221000090,0,0,0
221000098,94,17,77
221000099,93,11,82
221000100,83,9,74
221000101,117,5,112
221000102,171,5,166
221000109,0,0,0
221000110,0,0,0
221000111,0,0,0
221000112,0,0,0
221000113,0,0,0
221000114,0,0,0
221000120,20,36,-16
221000121,1,20,-19
221000122,20,38,-18
221000123,0,76,-76
221000124,7,53,-46
221000155,106,2,104
221000156,1,45,-44
221000175,2,27,-25
221000176,0,0,0
221000182,36,11,25
221000241,386,245,141
221000242,0,0,0
221000243,287,79,208
221000244,0,0,0
221000245,69,21,48
221000246,0,0,0
221000247,186,26,160
221000248,0,0,0
221000267,16,101,-85
221000325,50,36,14
221000331,9,35,-26
221000338,3,13,-10
221000378,257,15,242
221000381,1,71,-70
222000282,0,0,0
222000296,0,13,-13
222000568,416,21,395
222000569,98,64,34
222000570,117,30,87
222000571,516,6,510
222000577,0,21,-21
222000578,2,111,-109
222000579,6,39,-33
222000580,7,159,-152
222000599,0,44,-44
222000600,0,43,-43
222000601,0,146,-146
222000603,3,28,-25
222000604,4,14,-10
222000605,1,33,-32
222000606,0,0,0
222000607,0,2,-2
222000608,26,1,25
222000609,25,4,21
222000616,258,16,242
222000617,0,0,0
222000618,1,2,-1
222000620,2,0,2
222000621,3,6,-3
222000623,224,2,222
222000624,210,2,208
222000625,347,5,342
222000636,103,0,103
222000686,1,0,1
222000687,9,0,9
222001066,251,0,251
222001067,50,4,46
222001068,95,2,93
222001069,37,31,6
222001082,12,3,9
222001083,3,19,-16
222001084,0,1,-1
222001085,0,48,-48
222001111,20,26,-6
222001112,109,21,88
222001313,0,9,-9
222001314,0,20,-20
222001464,25,11,14
222001465,1,43,-42
222001484,100,4,96
222001485,9,0,9
222001494,445,28,417
222001495,31,50,-19
222001496,303,17,286
222001497,36,43,-7
222001502,0,0,0
222001503,48,13,35
222001504,0,0,0
222001505,259,0,259
222001506,0,0,0
222001507,69,3,66
222001510,483,27,456
222001511,0,0,0
222001514,248,62,186
222001515,0,0,0
222001518,292,27,265
222001519,0,0,0
222001527,43,36,7
222001528,0,0,0
222001529,461,17,444
222001530,0,0,0
222001533,0,0,0
222001534,374,7,367
222001535,56,31,25
222001536,22,19,3
222001537,105,23,82
222001538,0,0,0
222001563,555,9,546
222001564,0,0,0
222001568,118,19,99
222001576,0,1,-1
222001579,0,4,-4
222001583,3,19,-16
222001584,59,31,28
222001596,23,201,-178
222001597,640,95,545
222001626,0,21,-21
222001650,1,24,-23
222001651,40,24,16
222001914,85,40,45
222001915,0,0,0
222900004,199,23,176
222900009,30,115,-85
222900019,59,35,24
222900024,50,5,45
222900025,3,16,-13
225000001,204,61,143
225000002,368,35,333
225000003,524,19,505
225000004,313,52,261
225000005,9,35,-26
225000006,0,0,0
225000007,0,0,0
225000010,73,5,68
225000011,96,865,-769
225000012,128,680,-552
225000013,33,79,-46
225000014,415,39,376
225000015,1,5,-4
225000021,254,31,223
225000027,0,0,0
225000032,316,36,280
225000042,0,2,-2
225000049,0,0,0
225000050,74,2,72
225000053,0,0,0
225000058,343,87,256
225000067,0,0,0
225000068,0,0,0
225000069,0,0,0
225000070,0,0,0
225000071,0,0,0
225000075,0,0,0
225000076,0,0,0
225000078,11,35,-24
225000085,28,34,-6
225000086,86,5,81
225000087,25,15,10
225000088,0,0,0
225000089,0,0,0
225000090,0,0,0
225000091,0,0,0
225000092,0,0,0
225000093,0,0,0
225000094,0,0,0
225000095,0,0,0
225000096,0,0,0
225000098,358,148,210
225000099,531,67,464
225000100,532,48,484
225000104,0,3,-3
225000110,0,0,0
225000111,0,0,0
225000112,0,1,-1
225000113,1,6,-5
225000114,1,3,-2
225000115,23,21,2
225000116,228,95,133
225000117,482,156,326
225000118,889,208,681
225000119,74,14,60
225000120,254,8,246
225000121,106,12,94
225000123,765,7,758
225000125,124,56,68
225000126,491,96,395
225000127,488,898,-410
225000128,266,809,-543
225000132,365,7,358
225000133,121,21,100
225000134,250,122,128
225000135,56,8,48
225000136,181,6,175
225000137,201,34,167
225000138,456,13,443
225000143,0,0,0
225000144,0,0,0
225000145,25,27,-2
225000146,0,0,0
225000147,0,0,0
225000148,0,0,0
225000149,0,0,0
225000151,0,0,0
225000155,0,0,0
225000156,1,14,-13
225000157,4,11,-7
225000158,0,0,0
225000171,0,0,0
225000180,3,0,3
225000181,0,0,0
225000182,58,6,52
225000185,0,0,0
225000187,0,0,0
225000191,3,0,3
225000194,0,0,0
225000208,0,0,0
225000209,27,5,22
225000210,0,0,0
225000217,0,0,0
225000218,5,0,5
225000223,0,0,0
225000224,5,1,4
225000225,0,0,0
225000226,96,2,94
225000227,0,0,0
225000228,2,10,-8
225000229,0,0,0
225000230,0,0,0
225000231,0,0,0
225000232,43,0,43
225000241,61,0,61
225000242,0,0,0
225000249,50,31,19
225000250,0,0,0
225000251,319,22,297
225000254,0,0,0
225000256,0,0,0
225000257,0,0,0
226000042,0,0,0
226000043,0,0,0
226000044,0,0,0
226000045,0,0,0
226000046,440,24,416
226000047,209,24,185
226000048,249,12,237
226000049,128,71,57
226000070,0,0,0
226000071,0,0,0
226000072,0,0,0
226000073,0,0,0
226000074,0,0,0
226000084,0,0,0
226000085,0,0,0
226000086,0,0,0
226000087,0,0,0
226000088,0,0,0
226000090,3,16,-13
226000091,1,23,-22
226000092,1,23,-22
226000093,0,0,0
226000094,2,2,0
226000095,0,14,-14
226000105,0,0,0
226000106,2,1,1
226000107,13,0,13
226000108,3,0,3
226000109,27,0,27
226000124,105,18,87
226000134,335,297,38
226000135,826,197,629
226000136,195,78,117
226000137,0,0,0
226000138,0,0,0
226000139,0,0,0
226000156,113,6,107
226000157,178,0,178
226000163,0,0,0
226000202,0,0,0
226000231,174,0,174
226000232,2,3,-1
227000033,233,15,218
227000036,402,12,390
227000037,248,12,236
227000038,81,4,77
227000084,0,0,0
227000085,0,0,0
227000088,24,0,24
227000089,3,1,2
227000090,28,1,27
227000091,44,0,44
227000092,9,0,9
227000093,13,0,13
227000094,1,0,1
227000130,0,0,0
227000131,0,0,0
227000132,0,0,0
227000133,0,0,0
227000134,0,0,0
227000152,0,0,0
227000153,0,0,0
227000154,0,0,0
227000155,0,0,0
227000156,0,0,0
227000165,0,0,0
227000196,340,1,339
227000199,373,22,351
227000230,0,0,0
227000232,245,2,243
227000242,0,0,0
227000243,215,26,189
227000245,0,0,0
227000246,0,0,0
227000247,422,48,374
227000248,35,15,20
227000249,0,0,0
227000250,171,146,25
227000251,0,0,0
227000252,0,0,0
227000253,252,13,239
227000262,561,13,548
227000266,799,50,749
227000267,0,0,0
227000282,0,0,0
227000284,248,3,245
227000286,0,0,0
227000291,0,0,0
227000296,40,19,21
227000484,264,4,260
227000485,0,0,0
227000655,111,5,106
227000656,355,6,349
227000657,18,3,15
227000704,63,11,52
229000265,7,7,0
229000266,0,0,0
229000267,13,0,13
229000268,1,0,1
229000269,3,0,3
229000274,0,0,0
229000275,0,0,0
229000276,0,0,0
229000277,0,0,0
229000278,0,0,0
229000295,0,0,0
229000296,0,0,0
229000297,0,0,0
229000298,0,1,-1
229000320,2,3,-1
229000321,1,0,1
229000412,9,5,4
229000414,0,2,-2
229000415,0,0,0
229000416,0,0,0
229000417,0,0,0
229000419,3,31,-28
229000440,141,12,129
229000442,14,3,11
229000443,1,0,1
229000444,0,0,0
229000445,27,0,27
229000446,9,0,9
229000491,0,0,0
229000492,0,0,0
229000493,0,0,0
229000494,45,2,43
229000495,134,7,127
229000496,106,5,101
229000507,0,0,0
229000508,0,0,0
229000509,0,0,0
229000510,0,0,0
229000511,0,0,0
229000512,0,0,0
229000513,0,0,0
229000514,0,0,0
229000517,0,0,0
229000518,0,0,0
229000519,0,0,0
229000520,0,0,0
229000521,87,16,71
229000522,4,3,1
229000523,2,0,2
229000524,1,2,-1
229000527,1,0,1
229000528,0,0,0
229000529,40,0,40
229000530,124,15,109
229000531,36,28,8
229000532,19,1,18
229000533,96,1,95
229000534,17,1,16
229000564,85,0,85
229000565,62,0,62
229000566,0,0,0
229000567,0,0,0
229000582,44,8,36
229000583,7,3,4
229000584,0,0,0
229000585,0,0,0
229000718,0,0,0
229000719,0,0,0
229000720,0,0,0
229000721,0,0,0
229000722,0,0,0
229000723,0,0,0
229000724,0,0,0
229000725,0,0,0
229000738,2,0,2
229000739,0,0,0
229000740,0,0,0
229000741,24,0,24
229000742,5,0,5
229000743,40,0,40
229000744,2,0,2
229000745,6,0,6
229000746,42,0,42
229000847,177,1,176
229000848,40,1,39
229000849,115,0,115
229000851,178,0,178
229000854,0,0,0
229000856,0,0,0
229000857,0,0,0
229000858,0,0,0
229000919,0,0,0
229000930,0,0,0
229000937,100,0,100
229000966,36,4,32
229000981,0,0,0
229000985,0,0,0
229000986,0,0,0
229000987,0,0,0
229000988,0,1,-1
229000989,0,0,0
229000990,0,0,0
229000991,0,0,0
229000992,3,0,3
229000993,78,15,63
229000998,0,0,0
229000999,15,6,9
229001034,0,0,0
229001035,5,4,1
229001036,0,0,0
229001037,11,25,-14
229001038,0,0,0
229001039,1,0,1
229001040,0,0,0
229001041,102,0,102
229001042,1,4,-3
229001047,0,1,-1
229001050,13,9,4
229001168,0,0,0
229001200,23,1,22
229001338,0,0,0
229001394,62,0,62
229001422,121,21,100
229001423,0,0,0
229001431,47,19,28
229001432,0,0,0
229001444,26,13,13
229001445,10,15,-5
229001479,30,1,29
229001503,152,5,147
229001504,0,0,0
229001505,29,4,25
229001506,0,0,0
229001509,9,5,4
229001510,0,0,0
229001545,57,1,56
229001546,0,0,0
229001553,39,0,39
229001554,0,0,0
229001630,46,2,44
229001631,0,0,0
229001635,0,0,0
229001636,0,0,0
229001658,0,0,0
229001659,24,2,22
229001660,2,0,2
229001661,0,8,-8
229001662,6,0,6
229001663,0,0,0
229002584,50,25,25
229002831,38,6,32
229002841,0,4,-4
229002842,4,0,4
229002843,4,4,0
229002844,0,12,-12
229002845,0,24,-24
229002846,0,1,-1
229002847,0,4,-4
229002848,18,2,16
229002849,0,3,-3
229002850,1,0,1
229002851,2,34,-32
229002852,58,3,55
229002853,22,0,22
229002854,0,3,-3
229002855,0,1,-1
229002856,4,2,2
229002857,3,1,2
229002858,17,0,17
229002859,0,1,-1
229002860,19,1,18
229002861,20,2,18
229002862,1,2,-1
229002863,0,2,-2
229002864,22,65,-43
229002865,23,14,9
229002866,13,2,11
229002867,0,2,-2
229002868,2,9,-7
229002869,1,5,-4
229002870,4,4,0
235000066,63,1,62
235000067,42,2,40
235000072,0,0,0
235000073,0,0,0
235000074,0,0,0
235000080,0,0,0
235000081,0,0,0
235000082,72,16,56
235000083,127,39,88
235000084,7,10,-3
235000085,132,15,117
235000089,15,1,14
235000092,0,0,0
235000093,0,0,0
235000097,0,0,0
235000098,73,0,73
235000099,18,0,18
235000116,10,0,10
235000117,58,13,45
235000133,0,0,0
235000134,0,0,0
235000206,1,1,0
235000207,0,0,0
235000208,0,1,-1
235000209,5,2,3
235000210,3,0,3
235000212,0,0,0
235000213,0,0,0
235000220,0,0,0
235000221,0,0,0
235000238,5,154,-149
235000239,0,9,-9
235000242,81,907,-826
235000245,0,0,0
235000246,0,0,0
235000284,0,0,0
235000295,13,0,13
235000305,89,2,87
235000306,188,1,187
235000307,8,0,8
235000308,13,0,13
235000309,19,0,19
235000310,28,0,28
235000311,4,0,4
235000322,0,0,0
235000323,0,0,0
235000324,0,0,0
235000325,0,0,0
235000326,0,0,0
235000351,0,0,0
235000352,0,0,0
235000353,0,0,0
235000354,0,0,0
235000355,0,0,0
235000356,7,0,7
235000357,11,0,11
235000358,4,0,4
235000359,1,1,0
235000360,4,0,4
235000361,15,0,15
235000381,0,0,0
235000382,109,12,97
235000390,1,0,1
235000391,156,3,153
235000392,197,44,153
235000393,117,42,75
235000395,130,5,125
235000396,356,22,334
235000400,99,32,67
235000401,0,0,0
235000405,0,0,0
235000406,0,0,0
235000407,0,0,0
235000409,0,0,0
235000410,0,0,0
235000411,0,0,0
235000485,0,0,0
235000486,0,0,0
235000549,38,7,31
235000550,0,0,0
235000599,0,0,0
235000600,0,0,0
235000601,6,0,6
235000602,30,9,21
235000614,0,0,0
235000648,0,0,0
235000649,20,10,10
235000685,0,0,0
235000815,0,0,0
235000834,0,0,0
235000855,40,18,22
235000862,0,0,0
235000891,0,0,0
235000892,34,3,31
235000901,0,0,0
235000907,0,0,0
235001010,53,3,50
235001029,0,0,0
235001030,118,30,88
235001078,54,39,15
235001079,0,0,0
235001147,0,17,-17
235001166,2,4,-2
235001167,0,0,0
235001169,0,0,0
235001188,0,0,0
235001189,0,0,0
235001197,0,0,0
235001200,0,0,0
235001208,1,7,-6
235001209,0,0,0
235001210,0,0,0
235001239,0,0,0
235001244,0,0,0
235016267,0,0,0
241900007,55,1,54
277101746,0,3,-3
277102712,0,0,0
277103813,0,0,0
277103814,0,0,0
277103898,0,0,0
990011530,0,0,0
990014944,0,18,-18
990015176,24,2,22
990015618,0,8,-8
990016032,0,0,0
990032570,0,7,-7
990070001,38,3,35
990070103,0,0,0
990070601,0,11,-11
990070751,821,5,816
990070766,0,0,0
990071180,664,5,659
990071343,50,23,27
990071387,0,0,0
990071823,154,4,150
990072600,0,48,-48
990072964,0,0,0
990073285,0,0,0
990074393,0,162,-162
990074870,761,2,759
990075106,246,0,246
990075746,435,6,429
990076437,1656,4,1652
990076458,0,0,0
997000007,61,0,61
997000041,0,16,-16
997000058,24,0,24
997000062,160,15,145
997000069,0,1,-1
997000070,0,0,0
997000100,57,0,57
997000141,0,0,0
997000198,0,0,0
998000475,0,0,0
998000736,0,6,-6
998000965,0,16,-16
998001031,0,14,-14
998001700,0,0,0
998001899,0,0,0
998001900,5,81,-76
998003073,582,0,582
998101900,0,17,-17
998102850,0,0,0
998501927,267,0,267
998501929,153,24,129
998501930,55,18,37
998501931,92,58,34
998501932,5,0,5
998501933,104,0,104
998501937,67,43,24
998501944,1,0,1
998501970,32,0,32
998501971,0,32,-32
998501972,71,0,71
998501973,0,1,-1
998501974,0,11,-11
998501975,113,0,113
998501976,44,0,44
998501977,0,2,-2
998501978,3,0,3
998501979,0,0,0
998501980,7,0,7
998501981,72,8,64
998501982,0,0,0
998502006,0,0,0
998502024,0,6,-6
998502032,0,0,0
998502062,25,13,12
998502063,0,0,0
998502173,9,0,9
998502269,0,0,0
998601159,0,3,-3
998601292,0,0,0
999033574,0,7,-7
999800001,46,5,41
999800002,0,0,0
999800003,1,1,0
999800004,0,4,-4
999800005,0,0,0
