ID,insum,outsum,diff
100000001,1158,741,417
100000002,7917,14703,-6786
100000003,7214,11777,-4563
100000004,447,1738,-1291
100000005,4770,7760,-2990
100000006,1036,1353,-317
100000007,4338,1166,3172
100000008,156,2371,-2215
100000009,572,1077,-505
100000010,82,2456,-2374
100000011,748,432,316
100000012,31,685,-654
100000013,8,930,-922
100000014,569,1594,-1025
100000015,1884,3278,-1394
100000016,561,3936,-3375
100000017,590,5466,-4876
100000018,1290,1136,154
100000019,5667,5736,-69
100000020,2627,11028,-8401
100000021,12973,2560,10413
100000022,1615,9765,-8150
100000023,9946,4836,5110
100000025,748,4033,-3285
100000028,709,5227,-4518
100000029,72,1496,-1424
100000030,64,60,4
100000031,3178,13708,-10530
100000032,4467,10498,-6031
100000033,2039,7857,-5818
100000034,366,3230,-2864
100000035,1117,3150,-2033
100000036,1282,3304,-2022
100000037,1351,1016,335
100000038,4438,2149,2289
100000039,341,1713,-1372
100000040,918,356,562
100000041,2987,1048,1939
100000042,2126,683,1443
100000043,1073,303,770
100000044,453,640,-187
100000045,602,1448,-846
100000046,912,1381,-469
100000047,260,949,-689
100000048,308,1218,-910
100000049,2631,2868,-237
100000051,1084,689,395
100000053,148,14,134
100000054,456,50,406
100000055,912,320,592
100000056,579,1118,-539
100000057,3098,1217,1881
100000058,1612,808,804
100000059,77,649,-572
100000060,1298,962,336
100000061,3545,1348,2197
100000062,2624,1468,1156
100000063,1751,683,1068
100000064,2664,1008,1656
100000065,529,1158,-629
100000066,313,858,-545
100000067,305,952,-647
100000068,727,3097,-2370
100000069,545,1727,-1182
100000072,183,582,-399
100000073,1830,1519,311
100000075,1640,345,1295
100000076,2651,9264,-6613
100000077,269,1250,-981
100000078,29,104,-75
100000079,25,46,-21
100000080,31,52,-21
100000081,49,236,-187
100000102,4995,14261,-9266
100000103,3156,4011,-855
100000104,10225,3944,6281
100000105,1376,5473,-4097
100000106,1314,7828,-6514
100000107,165,2566,-2401
100000108,538,2774,-2236
100000109,729,3866,-3137
100000116,311,1261,-950
100000117,114,230,-116
100000118,637,2260,-1623
100000119,1383,1775,-392
100000121,346,1275,-929
100000122,875,8131,-7256
100000123,2140,4534,-2394
100000124,3528,4380,-852
100000125,15690,3949,11741
100000126,729,3068,-2339
100000127,1899,3098,-1199
100000128,607,6539,-5932
100000129,469,1703,-1234
100000130,1363,395,968
100000131,1416,2815,-1399
100000132,1790,2760,-970
100000133,2368,1752,616
100000135,1276,1893,-617
100000139,141,768,-627
100000140,174,307,-133
100000142,727,1080,-353
100000143,3244,692,2552
100000144,4412,776,3636
100000147,2960,7406,-4446
100000150,162,1263,-1101
100000151,637,4143,-3506
100000153,124,1070,-946
100000154,22,2421,-2399
100000155,2,117,-115
100000156,158,295,-137
100000157,615,270,345
100000158,376,190,186
100000159,121,3368,-3247
100000165,1148,1214,-66
100000169,37,3794,-3757
100000174,318,2253,-1935
100000179,70,2536,-2466
100000180,946,11324,-10378
100000181,638,765,-127
100000188,147,875,-728
100000189,1199,1037,162
100000190,748,2945,-2197
100000191,1499,1171,328
100000192,52,135,-83
100000193,317,188,129
100000330,1230,1702,-472
100000355,410,1671,-1261
100000362,3245,1512,1733
100000363,9401,13110,-3709
100000364,130,416,-286
100000365,9614,14665,-5051
100000366,2386,1747,639
100000367,9321,12281,-2960
100000368,2928,2087,841
100000369,1210,4399,-3189
100000370,359,1525,-1166
100000376,30,360,-330
100000379,1038,8116,-7078
100000380,4507,17998,-13491
100000384,8905,15047,-6142
100000385,2411,10087,-7676
100000386,2283,14386,-12103
100000387,6849,16833,-9984
100000388,2524,6850,-4326
100000389,7917,12375,-4458
100000390,3910,5294,-1384
100000391,3953,11653,-7700
100000392,879,4336,-3457
100000393,1113,7325,-6212
100000394,2947,9502,-6555
100000395,1415,8754,-7339
100000396,1394,3115,-1721
100000397,2512,11839,-9327
100000398,9311,5821,3490
100900002,12,56,-44
100900003,885,398,487
100900004,31,3284,-3253
100900005,263,16,247
100900006,111,43,68
100900007,335,16,319
100900008,31,705,-674
100900009,51,71,-20
100900010,88,29,59
100900011,387,139,248
100900012,8,41,-33
100900013,1673,18,1655
100900014,5,0,5
100900015,86,76,10
100900016,5,22,-17
100900017,2077,292,1785
100900018,2,9,-7
100900019,95,149,-54
100900020,750,10,740
100900021,739,1,738
100900022,4,59,-55
100900023,0,89,-89
100900024,606,1,605
100900025,37,5,32
100900026,271,109,162
100900027,807,5081,-4274
100900028,72,813,-741
100900029,21,2,19
100900030,6,599,-593
100900031,1570,176,1394
100900032,1070,1,1069
100900033,192,1064,-872
100900034,2743,0,2743
100900035,397,0,397
100900036,60,0,60
100900037,261,111,150
100900038,65,259,-194
100900039,386,165,221
100900040,1190,686,504
100900041,2290,249,2041
100900042,502,3558,-3056
100900043,0,119,-119
100900044,1761,1578,183
100900045,8,5,3
100900046,2088,29,2059
100900047,1211,154,1057
100900048,294,133,161
100900049,204,171,33
100900050,19,37,-18
100900051,128,546,-418
100900052,537,84,453
100900053,1165,57,1108
100900054,23,15,8
100900055,1337,2380,-1043
100900056,41,149,-108
100900057,4307,670,3637
100900058,193,108,85
100900059,235,16,219
100900060,360,18,342
100900061,241,239,2
100900062,2,7,-5
100900063,540,1540,-1000
100900064,937,17,920
100900065,74,230,-156
100900066,321,102,219
100900067,42,10,32
100900068,202,433,-231
100900069,190,11,179
100900070,1177,38,1139
100900071,330,176,154
100900072,0,29,-29
100900073,550,737,-187
100900074,3,7,-4
100900075,3194,400,2794
100900076,6,56,-50
100900077,106,2,104
100900078,556,406,150
100900079,5,42,-37
100900080,190,299,-109
100900081,98,214,-116
100900082,451,100,351
100900083,14,64,-50
100900085,3,857,-854
100900086,81,612,-531
100900088,660,120,540
100900089,7,22,-15
100900090,189,2860,-2671
100900091,4,9,-5
100900092,149,243,-94
100900093,427,1062,-635
100900094,382,123,259
100900095,6,25,-19
100900096,50,637,-587
100900097,0,1,-1
100900098,16,20,-4
100900099,6,922,-916
100900100,17,408,-391
100900101,408,81,327
100900102,8,262,-254
100900103,10,4,6
100900104,2,359,-357
100900105,47,940,-893
100900106,29,17,12
100900107,4830,1569,3261
100900108,9,55,-46
100900109,30,64,-34
100900110,18,39,-21
100900111,25,464,-439
100900112,8,81,-73
100900113,17,29,-12
100900114,4,52,-48
100900115,19,98,-79
100900116,2374,644,1730
100900117,464,1618,-1154
100900118,22,54,-32
100900119,6,15,-9
100900120,12,24,-12
100900121,1266,638,628
100900122,109,105,4
100900123,484,85,399
100900124,1,3,-2
100900125,3,48,-45
100900126,1398,497,901
100900127,21,5,16
100900128,188,1211,-1023
100900129,1,404,-403
100900131,31,206,-175
100900133,175,33,142
100900134,13,11,2
100900135,6,1749,-1743
100900137,537,455,82
100900138,735,924,-189
100900139,5,20,-15
100900140,6,246,-240
100900141,1,1147,-1146
100900142,0,11,-11
100900143,572,1692,-1120
100900144,11,10,1
100900145,75,1737,-1662
100900146,24,66,-42
100900147,32,4185,-4153
100900148,477,194,283
100900149,12,1242,-1230
100900150,18,97,-79
100900151,217,892,-675
100900152,1327,25,1302
100900153,6,481,-475
100900154,7,482,-475
100900155,17,7,10
100900156,133,14,119
100900157,28,491,-463
100900159,4,91,-87
100900160,47,3,44
100900161,227,4,223
100900162,13,333,-320
100900163,391,108,283
100900164,317,88,229
100900165,39,43,-4
100900166,327,2,325
100900167,14,76,-62
100900168,73,134,-61
100900169,79,1771,-1692
100900170,55,33,22
100900171,17,642,-625
100900172,2,122,-120
100900173,20,173,-153
100900174,66,57,9
100900176,2546,1101,1445
100900177,697,514,183
100900178,458,310,148
100900179,390,562,-172
100900180,1,2,-1
100900181,160,132,28
100900182,248,25,223
100900184,47,333,-286
100900186,1010,453,557
100900187,94,105,-11
100900188,74,13,61
100900189,4623,235,4388
100900191,803,1527,-724
100900192,216,703,-487
100900195,161,1280,-1119
100900197,67,153,-86
100900198,67,53,14
100900199,9,6,3
100900200,1539,504,1035
100900201,315,1408,-1093
100900202,140,0,140
100900203,3,246,-243
100900204,342,4799,-4457
100900205,373,797,-424
100900206,278,334,-56
100900207,546,238,308
100900210,198,331,-133
100900211,1272,211,1061
100900213,477,98,379
100900214,594,247,347
100900215,122,17,105
100900217,81,209,-128
101000001,2234,2918,-684
101000002,10510,14248,-3738
101000003,759,1416,-657
101000004,12268,9094,3174
101000005,7104,9831,-2727
101000006,16965,17231,-266
101000007,7529,9210,-1681
101000008,2729,4209,-1480
101000009,4896,1451,3445
101000010,2022,1350,672
101000011,2916,706,2210
101000012,599,1299,-700
101000013,903,2610,-1707
101000014,595,646,-51
101000015,3409,2969,440
101000016,427,1792,-1365
101000017,549,1092,-543
101000018,2366,16434,-14068
101000020,2749,2757,-8
101000021,706,1708,-1002
101000022,103,635,-532
101000023,1964,1812,152
101000025,561,1113,-552
101000026,420,51,369
101000027,2500,6508,-4008
101000028,1856,527,1329
101000029,85,2018,-1933
101000030,1495,199,1296
101000031,123,1098,-975
101000032,2700,6956,-4256
101000033,2097,11272,-9175
101000034,1119,5667,-4548
101000035,622,1111,-489
101000036,600,4613,-4013
101000037,1518,6718,-5200
101000039,2925,8316,-5391
101000040,4709,12411,-7702
101000041,3235,10387,-7152
101000042,87,1742,-1655
101000043,4840,14460,-9620
101000045,384,1299,-915
101000046,1733,3372,-1639
101000047,1502,7515,-6013
101000048,773,878,-105
101000049,932,5088,-4156
101000050,964,4265,-3301
101000051,851,3813,-2962
101000052,2292,3433,-1141
101000053,694,2579,-1885
101000054,4379,1489,2890
101000055,2015,2994,-979
101000056,12,261,-249
101000057,827,4775,-3948
101000058,1239,4248,-3009
101000059,3611,4593,-982
101000060,3663,2704,959
101000061,643,3722,-3079
101000062,297,1309,-1012
101000063,322,2900,-2578
101000064,357,2355,-1998
101000065,249,2220,-1971
101000066,420,2556,-2136
101000067,323,1172,-849
101000068,129,559,-430
101000069,351,152,199
101000070,517,1106,-589
101000071,6406,3034,3372
101000072,1259,4332,-3073
101000073,680,1728,-1048
101000074,2666,5436,-2770
101000075,2507,4606,-2099
101000077,2761,3432,-671
101000078,1127,1831,-704
101000079,1155,1536,-381
101000080,960,1863,-903
101000081,2828,2115,713
101000082,2870,2776,94
101000083,5102,3148,1954
101000084,1663,765,898
101000085,2636,2164,472
101000086,1283,1970,-687
101000087,1469,1829,-360
101000088,3094,2134,960
101000089,1857,2768,-911
101000090,2762,976,1786
101000091,1057,626,431
101000092,3601,817,2784
101000093,2663,715,1948
101000094,1778,1343,435
101000095,1275,871,404
101000096,1112,423,689
101000097,742,2135,-1393
101000098,654,1812,-1158
101000099,934,2631,-1697
101000100,1014,3384,-2370
101000101,279,2728,-2449
101000102,636,3252,-2616
101000103,578,2422,-1844
101000104,456,1432,-976
101000105,197,1138,-941
101000106,285,4310,-4025
101000107,436,1263,-827
101000108,1089,175,914
101000109,1604,300,1304
101000110,52,245,-193
101000111,35,410,-375
101000113,249,2008,-1759
101000114,2810,10528,-7718
101000115,39,48,-9
101000116,53,90,-37
101000117,2297,499,1798
101000119,23,111,-88
101000120,61,195,-134
101000121,33,119,-86
101000122,153,121,32
101000123,48,143,-95
101000124,606,752,-146
101000125,105,227,-122
101000128,214,2858,-2644
101000130,291,309,-18
101000131,2915,487,2428
101000132,1595,1064,531
101000135,12,46,-34
101000136,155,303,-148
101000137,13,981,-968
101000141,737,8300,-7563
101000147,2144,470,1674
101000148,1349,37,1312
101000149,37,263,-226
101000150,264,443,-179
101000151,694,81,613
101000152,715,770,-55
101000153,769,384,385
101000154,1014,1043,-29
101000155,1024,336,688
101000156,91,1337,-1246
101000157,82,551,-469
101000160,14,24,-10
101000163,123,936,-813
101000164,679,149,530
101000165,508,979,-471
101000166,361,483,-122
101000168,1365,768,597
101000252,4386,1590,2796
101000254,30,68,-38
101000258,103,8,95
101000261,59,114,-55
101000262,4078,10130,-6052
101000263,734,2375,-1641
101000265,178,984,-806
101000266,602,649,-47
101000269,24,61,-37
101000290,489,5664,-5175
101000293,31,125,-94
101000294,1355,1187,168
101000295,588,245,343
101000301,302,1772,-1470
101000304,4295,7705,-3410
101000305,4400,3392,1008
101900001,78,41,37
101900002,0,2,-2
101900003,33,593,-560
101900004,0,373,-373
101900005,1965,7367,-5402
101900006,4001,375,3626
101900007,1062,564,498
101900008,149,791,-642
101900009,72,1001,-929
101900010,754,1273,-519
101900011,115,2580,-2465
101900012,1462,199,1263
101900013,1133,115,1018
101900017,32,160,-128
101900018,2472,744,1728
101900019,165,250,-85
101900020,35,149,-114
101900021,6,127,-121
101900022,480,2151,-1671
101900023,465,460,5
101900026,272,95,177
101900027,35,235,-200
102000001,6749,13611,-6862
102000002,3868,10021,-6153
102000003,3589,8999,-5410
102000004,11905,7100,4805
102000005,2853,5955,-3102
102000006,1315,2569,-1254
102000007,5054,8597,-3543
102000008,12138,2745,9393
102000009,15437,15118,319
102000010,6760,4471,2289
102000011,9478,9932,-454
102000012,6053,5098,955
102000018,5982,6372,-390
102000019,6089,3610,2479
102000026,1510,875,635
102000029,368,699,-331
102000030,339,833,-494
102000031,184,285,-101
102000032,1259,884,375
102000033,863,564,299
102000034,993,842,151
102000035,3300,1030,2270
102000036,60,472,-412
102000037,349,95,254
102000038,160,679,-519
102000039,158,245,-87
102000040,266,567,-301
102000041,60,1049,-989
102000042,153,657,-504
102000043,153,1037,-884
102000044,807,2284,-1477
102000045,1333,2016,-683
102000046,2987,1977,1010
102000047,2017,1344,673
102000048,1610,1089,521
102000049,1806,2712,-906
102000050,3213,2097,1116
102000051,407,1400,-993
102000052,2073,2478,-405
102000053,2001,2831,-830
102000054,1669,1623,46
102000055,2576,305,2271
102000056,3833,375,3458
102000057,3376,632,2744
102000058,1662,985,677
102000059,1617,2661,-1044
102000060,1687,1417,270
102000061,3350,2676,674
102000062,3969,1776,2193
102000063,2420,2844,-424
102000064,819,987,-168
102000065,62,280,-218
102000066,1280,1427,-147
102000067,11806,6916,4890
102000068,16587,6553,10034
102000069,223,3935,-3712
102000070,2891,87,2804
102000071,10607,18384,-7777
102000072,4422,6935,-2513
102000073,1556,1123,433
102000074,1451,2669,-1218
102000075,384,506,-122
102000076,684,286,398
102000077,1447,633,814
102000078,2592,546,2046
102000079,388,155,233
102000080,684,276,408
102000081,527,1457,-930
102000082,1055,637,418
102000083,2147,592,1555
102000084,1102,348,754
102000085,6414,1318,5096
102000086,2942,1345,1597
102000087,1492,1976,-484
102000088,762,585,177
102000089,2746,473,2273
102000090,529,2058,-1529
102000091,1986,1005,981
102000092,546,1013,-467
102000093,1620,837,783
102000094,743,391,352
102000095,1198,1554,-356
102000096,692,523,169
102000097,1846,500,1346
102000098,479,666,-187
102000099,1150,954,196
102000100,294,1271,-977
102000101,557,524,33
102000102,643,2123,-1480
102000103,5555,625,4930
102000104,1317,772,545
102000105,587,832,-245
102000106,1631,662,969
102000107,3811,356,3455
102000108,1229,632,597
102000109,2082,1039,1043
102000110,3126,1241,1885
102000111,45,1137,-1092
102000112,164,291,-127
102000113,22,134,-112
102000114,2634,569,2065
102000115,529,762,-233
102000116,431,1145,-714
102000117,140,2239,-2099
102000118,1292,2762,-1470
102000119,1184,2287,-1103
102000120,471,1086,-615
102000121,1785,669,1116
102000122,1166,1435,-269
102000123,1835,1352,483
102000124,2396,2463,-67
102000125,865,1605,-740
102000126,861,1774,-913
102000127,2115,1288,827
102000128,1151,1158,-7
102000129,2880,762,2118
102000130,993,1261,-268
102000131,2187,1242,945
102000132,683,1895,-1212
102000133,6371,3196,3175
102000134,1721,1400,321
102000135,1875,1213,662
102000136,2995,1077,1918
102000137,789,1843,-1054
102000138,491,796,-305
102000139,181,2132,-1951
102000140,313,1981,-1668
102000141,419,3092,-2673
102000142,800,684,116
102000143,576,381,195
102000144,801,335,466
102000145,699,566,133
102000146,999,824,175
102000147,1014,859,155
102000148,568,1237,-669
102000149,911,159,752
102000150,1285,141,1144
102000151,297,246,51
102000152,652,269,383
102000153,1459,1234,225
102000154,240,455,-215
102000155,92,973,-881
102000156,377,328,49
102000157,85,2360,-2275
102000158,481,900,-419
102000159,3987,2252,1735
102000161,5759,3900,1859
102000162,259,567,-308
102000163,201,649,-448
102000164,1178,1186,-8
102000165,284,930,-646
102000166,84,712,-628
102000167,366,426,-60
102000168,484,417,67
102000169,417,1018,-601
102000170,2017,275,1742
102000171,130,341,-211
102000172,21,670,-649
102000173,864,733,131
102000174,323,257,66
102000175,187,69,118
102000176,63,103,-40
102000178,257,1280,-1023
102000179,791,595,196
102000180,1887,327,1560
102000181,2098,543,1555
102000182,1056,679,377
102000183,4051,1557,2494
102000184,3379,1150,2229
102000185,5036,1121,3915
102000186,3145,1340,1805
102000187,2047,4276,-2229
102000188,2633,4119,-1486
102000189,5743,1607,4136
102000190,952,3914,-2962
102000191,1543,436,1107
102000192,3754,2503,1251
102000193,335,255,80
102000194,64,686,-622
102000195,1112,960,152
102000196,907,540,367
102000197,2297,256,2041
102000198,581,489,92
102000199,2364,235,2129
102000200,749,810,-61
102000201,2981,710,2271
102000202,18,331,-313
102000203,1258,257,1001
102000204,2019,1008,1011
102000205,2755,1096,1659
102000206,1506,634,872
102000207,1479,1052,427
102000208,978,1354,-376
102000209,115,473,-358
102000210,1348,748,600
102000211,1084,353,731
102000212,1176,25,1151
102000213,4,324,-320
102000214,1151,14,1137
102000215,13,358,-345
102000216,350,265,85
102000217,37,115,-78
102000218,395,498,-103
102000219,394,119,275
102000225,367,871,-504
102000226,225,438,-213
102000227,185,4,181
102000228,0,216,-216
102000229,148,237,-89
102000230,745,399,346
102000231,695,650,45
102000232,247,342,-95
102000233,2424,883,1541
102000234,215,1762,-1547
102000236,531,114,417
102000237,1781,973,808
102000238,469,558,-89
102000240,551,1513,-962
102000241,877,245,632
102000243,35,78,-43
102000245,14,210,-196
102000246,10,196,-186
102000247,421,683,-262
102000248,262,1766,-1504
102000249,297,177,120
102000250,166,259,-93
102000254,524,242,282
102000266,14,1876,-1862
102000271,79,3,76
102000286,936,471,465
102000297,5723,2188,3535
102000299,0,0,0
102000301,0,0,0
102000303,0,0,0
102000305,0,0,0
102000307,0,0,0
102000308,0,3,-3
102900001,1502,1184,318
102900002,424,77,347
102900003,150,182,-32
102900005,1167,378,789
102900006,1279,107,1172
102900007,1526,15,1511
102900008,438,58,380
102900009,378,674,-296
102900010,258,1908,-1650
102900011,1389,1249,140
102900012,637,300,337
102900013,142,7,135
102900015,1196,872,324
102900016,204,27,177
102900017,738,177,561
102900018,204,44,160
102900019,1036,1103,-67
102900020,431,43,388
102900021,93,37,56
102900022,95,76,19
102900023,30,227,-197
102900024,135,71,64
102900025,111,82,29
102900026,1058,3775,-2717
102900027,124,135,-11
102900028,392,2136,-1744
102900029,472,939,-467
102900030,677,730,-53
102900031,608,255,353
102900032,253,109,144
102900033,273,360,-87
102900034,1486,42,1444
102900035,550,381,169
102900036,1031,412,619
102900037,550,403,147
102900038,681,276,405
102900039,31,1555,-1524
102900040,617,533,84
102900041,308,211,97
102900042,851,173,678
102900043,599,198,401
102900044,970,2549,-1579
102900045,502,518,-16
102900046,430,199,231
102900047,320,1296,-976
102900048,1268,329,939
102900049,105,300,-195
102900050,409,888,-479
102900051,429,683,-254
102900052,52,110,-58
102900053,612,982,-370
102900054,409,2864,-2455
102900055,348,773,-425
102900056,276,668,-392
102900057,10,256,-246
102900058,792,145,647
102900059,80,39,41
102900060,180,649,-469
102900061,666,772,-106
102900062,758,820,-62
102900063,3434,828,2606
102900064,116,1011,-895
102900065,1529,368,1161
102900066,805,25,780
102900068,111,407,-296
102900070,452,1342,-890
102900072,33,92,-59
102900073,72,2,70
102900075,20,79,-59
102900076,104,240,-136
102900077,70,45,25
102900078,68,50,18
102900079,613,5,608
102900080,668,25,643
102900081,119,225,-106
102900082,60,198,-138
102900083,200,32,168
102900084,7,92,-85
102900085,341,198,143
102900086,38,175,-137
102900087,311,137,174
102900088,105,65,40
102900089,518,441,77
102900090,2,346,-344
102900091,647,2,645
102900092,976,161,815
102900093,659,314,345
102900094,2,306,-304
102900095,88,0,88
102900096,82,5,77
102900097,742,170,572
103000001,3470,5313,-1843
103000002,3977,6378,-2401
103000003,5176,5164,12
103000004,1179,926,253
103000005,2212,8298,-6086
103000006,2334,2289,45
103000007,1007,621,386
103000008,2120,2401,-281
103000009,4538,3257,1281
103000010,316,131,185
103000011,2181,1308,873
103000012,1773,3313,-1540
103000013,5858,3838,2020
103000014,1925,7755,-5830
103000015,4973,1970,3003
103000016,943,4232,-3289
103000017,473,1554,-1081
103000018,1440,355,1085
103000019,712,1086,-374
103000020,2088,3201,-1113
103000021,3293,6282,-2989
103000022,1334,2641,-1307
103000023,1490,5650,-4160
103000024,215,100,115
103000025,194,2255,-2061
103000026,644,544,100
103000027,181,760,-579
103000028,390,454,-64
103000029,84,386,-302
103000030,3021,3266,-245
103000031,1182,5619,-4437
103000032,3598,2270,1328
103000033,4000,4524,-524
103000034,2292,1469,823
103000035,337,2166,-1829
103000036,368,369,-1
103000037,1269,699,570
103000038,1013,1508,-495
103000039,1520,512,1008
103000040,1125,768,357
103000041,5331,2200,3131
103000042,4064,844,3220
103000043,1563,867,696
103000044,733,172,561
103000046,485,986,-501
103000047,1293,395,898
103000048,603,523,80
103000049,146,184,-38
103000050,1461,286,1175
103000051,1076,925,151
103000052,1771,433,1338
103000053,418,435,-17
103000054,3320,644,2676
103000055,3761,1709,2052
103000056,1886,857,1029
103000057,2706,133,2573
103000058,1936,557,1379
103000059,1758,1019,739
103000060,1664,433,1231
103000061,1406,972,434
103000062,1332,272,1060
103000063,2073,1318,755
103000064,293,113,180
103000065,19,330,-311
103000066,536,27,509
103000069,760,658,102
103000070,1420,485,935
103000071,3463,1798,1665
103000072,200,949,-749
103000073,2420,267,2153
103000074,2324,307,2017
103000075,130,619,-489
103000076,608,1839,-1231
103000077,20,455,-435
103000078,2143,3544,-1401
103000079,966,1803,-837
103000080,774,736,38
103000081,475,1365,-890
103000082,1112,455,657
103000083,265,1080,-815
103000084,192,11,181
103000085,0,129,-129
103000086,585,1075,-490
103000087,370,1072,-702
103000088,333,779,-446
103000089,618,1534,-916
103000090,7132,1660,5472
103000091,2037,765,1272
103000092,658,423,235
103000093,521,939,-418
103000094,569,253,316
103000095,278,681,-403
103000096,1203,104,1099
103000097,212,990,-778
103000098,1114,319,795
103000099,169,1247,-1078
103000100,210,606,-396
103000101,3020,180,2840
103000102,167,528,-361
103000103,1365,303,1062
103000104,205,100,105
103000105,465,151,314
103000106,39,194,-155
103000107,529,269,260
103000108,2782,2142,640
103000109,1327,1370,-43
103000110,1111,1208,-97
103000111,619,1578,-959
103000112,449,1131,-682
103000113,276,3344,-3068
103000114,3200,3469,-269
103000115,1633,1499,134
103000116,1178,631,547
103000117,624,719,-95
103000118,736,541,195
103000119,2249,820,1429
103000120,114,1111,-997
103000121,141,395,-254
103000122,572,697,-125
103000125,32,131,-99
103000126,1708,4,1704
103000127,4,125,-121
103000128,305,6,299
103000129,1,81,-80
103000130,226,94,132
103000131,172,221,-49
103000132,74,174,-100
103000133,28,119,-91
103000134,486,2307,-1821
103000135,1369,304,1065
103000136,823,1106,-283
103000137,569,1137,-568
103000138,824,1205,-381
103000139,0,195,-195
103000140,387,51,336
103000141,51,379,-328
103000142,213,280,-67
103000143,163,330,-167
103000144,439,257,182
103000145,12,385,-373
103000150,207,79,128
103000152,368,824,-456
103000153,397,872,-475
103000156,22,135,-113
103000157,732,2,730
103000159,875,98,777
103000162,60,44,16
103000163,7,34,-27
103000164,15,12,3
103000165,158,210,-52
103000166,613,1770,-1157
103000167,630,553,77
103000168,391,769,-378
103000169,285,1504,-1219
103000170,2311,311,2000
103000171,23,293,-270
103000172,1985,244,1741
103000173,2343,285,2058
103000174,722,391,331
103000175,800,173,627
103000176,1450,2046,-596
103000177,379,842,-463
103000178,193,442,-249
103000179,182,345,-163
103000183,909,16,893
103000185,413,77,336
103000186,411,107,304
103000187,2505,280,2225
103000188,61,99,-38
103000189,1201,1076,125
103000191,1083,756,327
103000292,909,3779,-2870
103000293,1379,7493,-6114
103000295,130,248,-118
103000296,148,0,148
103000297,8,158,-150
103000504,59,22,37
103000505,0,31,-31
103000506,2,137,-135
103000507,477,5,472
103000508,200,102,98
103000509,501,943,-442
103900001,0,32,-32
103900002,1087,103,984
103900003,1431,477,954
103900004,349,1,348
103900005,21,96,-75
103900006,18,6,12
103900007,394,19,375
103900008,51,2,49
103900009,692,227,465
103900010,620,181,439
103900011,984,79,905
103900012,14,81,-67
103900013,170,11,159
103900014,180,60,120
103900015,176,11,165
103900016,242,293,-51
103900017,199,155,44
103900018,533,130,403
103900019,49,709,-660
103900020,931,634,297
103900021,150,69,81
103900022,898,698,200
103900023,457,4,453
103900024,180,533,-353
103900025,18,31,-13
103900026,18,1,17
103900027,728,371,357
103900028,151,634,-483
103900029,2384,189,2195
103900030,635,296,339
103900031,155,0,155
103900032,243,279,-36
103900033,128,77,51
103900034,112,20,92
103900035,189,105,84
103900036,95,79,16
103900037,418,309,109
103900038,193,334,-141
103900039,582,188,394
103900040,32,156,-124
103900041,199,118,81
103900042,424,98,326
103900043,439,60,379
103900044,73,1539,-1466
103900045,638,406,232
103900047,302,26,276
103900048,69,349,-280
103900049,192,2074,-1882
103900050,74,469,-395
103900051,2,123,-121
103900052,408,765,-357
103900053,778,222,556
103900054,693,224,469
103900055,1052,286,766
103900056,181,128,53
103900057,556,94,462
103900058,1002,325,677
103900059,0,258,-258
103900060,185,131,54
103900061,523,22,501
103900062,2226,671,1555
103900063,21,4,17
103900064,385,10,375
103900065,351,427,-76
103900066,555,157,398
103900067,712,23,689
103900068,4,1,3
103900069,300,50,250
103900070,744,192,552
103900071,58,45,13
103900072,172,144,28
103900073,35,72,-37
103900074,227,208,19
103900075,616,95,521
103900076,1571,359,1212
103900077,49,342,-293
103900078,742,1112,-370
103900079,183,301,-118
103900080,6,49,-43
103900081,16,35,-19
103900082,177,149,28
103900083,3123,4321,-1198
103900084,60,1404,-1344
103900085,124,129,-5
103900086,3233,436,2797
103900087,117,152,-35
103900088,403,714,-311
103900089,56,277,-221
103900090,7,218,-211
103900091,1290,177,1113
103900092,1143,2030,-887
103900093,179,668,-489
103900094,32,60,-28
103900095,255,936,-681
103900096,442,83,359
103900097,71,402,-331
103900098,860,177,683
103900099,760,89,671
103900100,596,145,451
103900101,1695,1410,285
103900102,14,106,-92
103900104,2,25,-23
103900105,45,112,-67
103900106,9,2197,-2188
103900107,370,31,339
103900108,110,155,-45
103900109,422,8,414
103900110,852,86,766
103900111,470,215,255
103900112,17,132,-115
103900113,245,313,-68
103900114,1983,430,1553
103900115,169,345,-176
103900116,2467,5357,-2890
103900117,81,100,-19
103900119,14,316,-302
103900120,218,72,146
103900122,769,124,645
103900123,653,1862,-1209
103900124,84,287,-203
103900125,220,116,104
103900126,1071,128,943
103900127,289,326,-37
103900128,279,113,166
103900131,57,103,-46
103900133,1345,73,1272
103900134,0,32,-32
103900135,1,8,-7
103900137,0,5,-5
103900138,550,61,489
103900139,266,7052,-6786
103900140,9,810,-801
103900141,370,61,309
103900142,717,73,644
103900143,487,5,482
103900144,14,38,-24
103900145,240,322,-82
103900146,908,156,752
103900147,1192,154,1038
103900148,875,113,762
103900149,697,222,475
103900150,6841,12032,-5191
103900151,26,209,-183
103900152,2885,500,2385
103900153,32,1,31
103900154,423,5020,-4597
103900155,63,117,-54
103900156,122,77,45
103900157,614,101,513
103900158,676,92,584
103900159,1006,28,978
103900160,62,66,-4
103900161,106,196,-90
103900162,123,60,63
103900163,83,873,-790
103900167,6,258,-252
103900168,301,121,180
103900169,24,100,-76
103900170,2,38,-36
103900171,2,42,-40
103900172,1,14,-13
103900173,58,40,18
103900174,814,40,774
103900175,78,442,-364
103900176,12,75,-63
103900177,42,11,31
103900178,146,8,138
103900179,131,26,105
103900180,35,67,-32
103900181,11,187,-176
103900182,32,46,-14
103900184,386,223,163
103900185,140,1819,-1679
103900187,13,348,-335
103900188,333,129,204
103900189,233,12,221
103900190,381,93,288
103900191,93,71,22
103900192,28,101,-73
103900193,67,108,-41
103900194,138,138,0
103900195,2,258,-256
103900196,169,337,-168
103900197,13,55,-42
103900198,19,15,4
103900199,248,92,156
103900200,594,90,504
103900201,176,117,59
103900202,19,134,-115
103900203,98,62,36
103900204,1,17,-16
103900207,0,21,-21
103900208,338,0,338
103900209,9,88,-79
103900210,64,75,-11
103900211,1487,137,1350
103900212,388,170,218
103900213,15,583,-568
103900214,357,914,-557
103900215,194,826,-632
103900216,13,179,-166
103900217,673,276,397
103900218,2,689,-687
103900219,793,249,544
103900233,421,35,386
103900235,38,585,-547
103900236,31,26,5
103900242,13,5,8
103900243,1,4,-3
103900244,329,155,174
103900245,343,84,259
103900246,63,86,-23
103900247,38,95,-57
103900248,6,143,-137
103900249,25,111,-86
103900250,262,201,61
103900251,8,149,-141
103900253,11,139,-128
103900254,60,145,-85
103900255,3,112,-109
103900256,68,121,-53
103900257,596,584,12
103900258,79,21,58
103900259,31,68,-37
103900261,89,1,88
103900262,77,6,71
103900263,64,171,-107
103900264,40,1,39
103900265,29,3,26
103900266,3,766,-763
103900267,2,76,-74
103900268,31,28,3
103900269,381,16,365
103900270,147,110,37
103900271,186,141,45
103900272,95,82,13
103900273,144,7,137
103900274,568,8,560
103900275,201,81,120
103900276,37,20,17
103900277,52,34,18
104000001,6516,4401,2115
104000002,3830,3501,329
104000003,4727,3575,1152
104000004,4873,3767,1106
104000005,5049,3742,1307
104000006,5918,3492,2426
104000007,7167,5805,1362
104000008,284,454,-170
104000009,331,315,16
104000010,244,1145,-901
104000011,513,228,285
104000012,264,278,-14
104000013,517,881,-364
104000014,378,480,-102
104000015,1006,290,716
104000016,519,342,177
104000018,1331,496,835
104000019,1017,982,35
104000020,141,301,-160
104000021,757,363,394
104000022,605,647,-42
104000023,2189,1017,1172
104000024,545,625,-80
104000026,149,296,-147
104000027,677,357,320
104000028,754,710,44
104000029,766,495,271
104000030,715,705,10
104000031,2447,567,1880
104000032,384,230,154
104000033,1434,956,478
104000034,474,234,240
104000035,2175,521,1654
104000036,2208,518,1690
104000037,359,183,176
104000038,704,652,52
104000039,373,193,180
104000040,213,1117,-904
104000041,1002,967,35
104000042,400,315,85
104000043,343,470,-127
104000044,777,1069,-292
104000045,1320,779,541
104000046,1266,1265,1
104000047,1108,1158,-50
104000048,1603,985,618
104000049,1601,760,841
104000050,244,1732,-1488
104000051,408,1596,-1188
104000052,3992,5059,-1067
104000053,2637,766,1871
104000054,1473,428,1045
104000055,4427,3921,506
104000056,969,274,695
104000057,455,183,272
104000058,2168,1521,647
104000059,1807,1769,38
104000060,2359,3850,-1491
104000061,2088,1258,830
104000062,465,220,245
104000064,1353,438,915
104000065,319,1101,-782
104000069,712,3245,-2533
104000070,124,1160,-1036
104000071,385,363,22
104000072,1085,197,888
104000075,260,487,-227
104000076,972,84,888
104000082,3317,8237,-4920
104000083,960,384,576
104000084,270,531,-261
104000085,1052,652,400
104000086,532,599,-67
104000087,445,3621,-3176
104000090,2179,1061,1118
104000092,2931,1284,1647
104000094,1581,1042,539
104000095,6404,2767,3637
104000096,5460,132,5328
104000097,5598,779,4819
104000098,7397,832,6565
104000100,5151,1433,3718
104000101,3709,2585,1124
104000106,68,897,-829
104000107,1030,280,750
104000108,522,381,141
104000109,880,421,459
104000110,1337,2277,-940
104000111,3347,8695,-5348
104000112,1102,669,433
104000116,0,903,-903
104000117,650,513,137
104000118,3564,231,3333
104000119,1927,584,1343
104000120,529,664,-135
104000121,734,669,65
104000122,1538,782,756
104000123,1480,982,498
104000124,554,1733,-1179
104000125,3460,9211,-5751
104000126,904,733,171
104000127,2219,1879,340
104000128,1177,187,990
104000129,838,22,816
104000130,23,587,-564
104000131,439,620,-181
104000132,803,804,-1
104000133,2210,1032,1178
104000134,1743,2667,-924
104000135,1060,2254,-1194
104000136,1209,4155,-2946
104000137,3720,517,3203
104000138,2812,644,2168
104000139,3653,3859,-206
104000141,1319,889,430
104000142,1463,457,1006
104000143,1766,432,1334
104000144,386,477,-91
104000145,496,416,80
104000146,247,820,-573
104000147,248,523,-275
104000148,636,458,178
104000149,303,86,217
104000150,1636,965,671
104000151,645,253,392
104000152,1315,396,919
104000153,1548,1129,419
104000154,775,329,446
104000155,890,1387,-497
104000157,2910,1348,1562
104000158,245,1318,-1073
104000159,1525,1252,273
104000160,2656,4271,-1615
104000161,357,218,139
104000162,215,225,-10
104000165,1878,1095,783
104000167,1283,2911,-1628
104000168,2060,16,2044
104000169,314,102,212
104000170,321,453,-132
104000248,882,1269,-387
104000251,155,257,-102
104000272,0,0,0
104000273,0,0,0
104000274,0,0,0
104000275,0,0,0
104000279,986,855,131
104000290,124,747,-623
104000291,792,2920,-2128
104000293,3433,1878,1555
104000294,259,1,258
104000295,1548,1878,-330
104000296,1105,1146,-41
104000297,1795,4415,-2620
104000298,2700,1468,1232
104000299,2550,1457,1093
104900001,226,375,-149
104900002,145,548,-403
104900003,120,200,-80
104900004,193,140,53
104900005,917,498,419
104900006,1780,85,1695
104900007,1041,270,771
104900009,317,274,43
104900010,284,24,260
104900011,50,764,-714
104900012,1048,280,768
104900013,179,24,155
104900014,2037,415,1622
104900015,140,5,135
104900016,381,267,114
104900017,297,254,43
104900018,6,231,-225
104900019,345,9870,-9525
104900020,116,509,-393
104900021,36,31,5
104900022,42,716,-674
104900023,0,31,-31
104900024,32,517,-485
104900025,246,295,-49
104900026,0,40,-40
104900027,1045,632,413
104900028,42,233,-191
104900029,29,24,5
104900030,1011,280,731
104900031,63,414,-351
104900032,150,100,50
104900033,364,266,98
104900034,617,270,347
104900035,628,440,188
104900036,684,75,609
104900037,566,216,350
104900038,215,3278,-3063
104900039,452,492,-40
104900040,927,83,844
104900041,912,242,670
104900042,385,309,76
104900043,63,711,-648
104900044,1656,177,1479
104900045,547,110,437
104900046,1286,146,1140
104900047,899,137,762
104900048,843,76,767
104900049,158,57,101
104900050,1111,131,980
104900051,593,97,496
104900052,327,4,323
104900053,1048,140,908
104900054,404,72,332
104900055,494,0,494
104900056,565,28,537
104900057,112,1,111
104900058,692,969,-277
104900059,241,85,156
104900060,2,616,-614
104900061,199,253,-54
104900063,1,532,-531
104900064,1,183,-182
104900065,3,676,-673
104900066,0,84,-84
104900067,8,697,-689
104900068,216,325,-109
104900070,169,279,-110
104900071,0,632,-632
104900072,154,255,-101
104900073,261,198,63
104900074,125,161,-36
104900075,206,47,159
104900076,361,164,197
104900077,753,241,512
104900078,364,239,125
104900079,307,2929,-2622
104900080,260,375,-115
104900082,10,378,-368
104900085,27,228,-201
104900087,687,7,680
104900089,716,2,714
104900090,2710,2053,657
104900091,985,724,261
104900093,314,378,-64
104900097,2177,7502,-5325
104900098,690,59,631
104900099,56,1802,-1746
104900100,868,196,672
104900102,178,112,66
104900103,464,104,360
104900104,2292,2555,-263
104900106,826,413,413
104900107,136,307,-171
104900108,57,432,-375
104900109,258,276,-18
104900110,40,87,-47
104900111,885,203,682
104900112,1071,355,716
104900113,1820,286,1534
104900114,1523,626,897
104900115,2188,249,1939
104900116,1554,410,1144
104900118,67,179,-112
104900119,1,327,-326
104900120,28,1822,-1794
104900121,2,26,-24
104900122,0,35,-35
104900123,191,30,161
104900124,197,2,195
104900125,695,8,687
104900126,124,75,49
104900127,73,45,28
104900128,142,163,-21
104900129,1284,6359,-5075
105000001,6154,2168,3986
105000002,4754,3919,835
105000003,5126,8693,-3567
105000004,2515,1713,802
105000005,3292,3256,36
105000006,2374,4971,-2597
105000007,2986,5762,-2776
105000008,1601,7689,-6088
105000009,5806,7566,-1760
105000010,4950,1665,3285
105000011,5429,7763,-2334
105000012,3492,2918,574
105000013,2437,3437,-1000
105000014,7161,6950,211
105000015,13698,26469,-12771
105000016,1477,1501,-24
105000017,2404,1528,876
105000018,880,3683,-2803
105000019,1779,1969,-190
105000020,178,1107,-929
105000021,534,450,84
105000022,191,278,-87
105000023,2153,377,1776
105000028,16,130,-114
105000029,1046,2716,-1670
105000030,6021,3630,2391
105000033,2185,2049,136
105000034,212,3009,-2797
105000037,1204,332,872
105000038,2232,4126,-1894
105000039,2564,1743,821
105000040,1584,4007,-2423
105000041,480,1831,-1351
105000042,3266,3640,-374
105000043,1427,4418,-2991
105000044,1335,1041,294
105000045,424,420,4
105000046,3456,570,2886
105000047,1053,569,484
105000048,2425,636,1789
105000049,553,633,-80
105000050,2179,984,1195
105000051,398,602,-204
105000052,1410,2473,-1063
105000053,342,341,1
105000054,805,3103,-2298
105000055,1385,475,910
105000056,3568,3698,-130
105000057,3517,1601,1916
105000058,2799,1652,1147
105000059,2219,1406,813
105000060,941,528,413
105000061,3322,1289,2033
105000062,1092,841,251
105000063,769,751,18
105000064,5485,1561,3924
105000065,804,963,-159
105000066,1631,2388,-757
105000067,3424,2636,788
105000068,599,1998,-1399
105000069,2477,6070,-3593
105000070,1153,2516,-1363
105000071,270,4464,-4194
105000072,2744,13091,-10347
105000073,2312,1914,398
105000074,839,926,-87
105000075,1117,1201,-84
105000076,2285,2276,9
105000077,4875,1632,3243
105000078,1541,2537,-996
105000079,1566,3853,-2287
105000080,3589,5012,-1423
105000081,1900,2036,-136
105000082,1387,3003,-1616
105000083,3226,5686,-2460
105000084,1098,1395,-297
105000085,4236,4400,-164
105000086,1547,1894,-347
105000087,5074,4878,196
105000088,3464,5846,-2382
105000089,4100,2901,1199
105000090,1081,1136,-55
105000091,1399,1723,-324
105000092,1028,1544,-516
105000093,614,812,-198
105000094,641,415,226
105000095,469,1653,-1184
105000096,2440,4724,-2284
105000097,788,1213,-425
105000098,2592,3403,-811
105000099,1185,2665,-1480
105000100,3787,2126,1661
105000101,5473,3461,2012
105000102,3423,3497,-74
105000103,2387,5477,-3090
105000104,4842,2851,1991
105000105,2255,2682,-427
105000106,3313,1628,1685
105000107,3546,1574,1972
105000108,3662,1758,1904
105000109,5651,1526,4125
105000110,2079,754,1325
105000111,3274,770,2504
105000112,2228,807,1421
105000113,980,1675,-695
105000114,2536,2587,-51
105000115,613,4308,-3695
105000116,2618,1461,1157
105000117,1536,799,737
105000118,2313,981,1332
105000119,1244,966,278
105000120,3174,1186,1988
105000121,2023,848,1175
105000122,846,1135,-289
105000123,1189,983,206
105000124,4690,1418,3272
105000125,2294,1823,471
105000126,4279,2764,1515
105000127,6003,2860,3143
105000128,1781,2989,-1208
105000129,3184,834,2350
105000130,412,6634,-6222
105000131,544,312,232
105000132,2844,1693,1151
105000133,1014,991,23
105000134,3026,847,2179
105000135,637,638,-1
105000136,160,211,-51
105000137,1431,294,1137
105000138,385,290,95
105000139,1433,641,792
105000140,750,581,169
105000141,899,468,431
105000142,742,747,-5
105000143,263,767,-504
105000144,578,824,-246
105000145,1572,527,1045
105000146,923,919,4
105000147,1370,894,476
105000148,1275,1793,-518
105000149,5729,3540,2189
105000150,2221,1225,996
105000151,1637,770,867
105000152,470,1035,-565
105000153,1813,958,855
105000154,1268,1022,246
105000155,649,868,-219
105000156,644,1502,-858
105000157,1302,1966,-664
105000158,5117,1417,3700
105000159,673,948,-275
105000160,6404,1439,4965
105000161,1376,1138,238
105000162,1125,6036,-4911
105000163,1907,1665,242
105000164,198,733,-535
105000165,2198,19871,-17673
105000166,8433,2962,5471
105000167,2278,7009,-4731
105000168,830,858,-28
105000169,2229,172,2057
105000170,813,2070,-1257
105000171,3006,395,2611
105000172,813,81,732
105000173,837,42,795
105000174,199,74,125
105000175,206,113,93
105000176,1361,200,1161
105000177,1021,694,327
105000178,687,347,340
105000179,2078,254,1824
105000180,578,180,398
105000181,549,231,318
105000182,121,133,-12
105000183,4627,5691,-1064
105000184,521,2261,-1740
105000185,1061,2142,-1081
105000186,975,1417,-442
105000187,1595,1035,560
105000188,227,1007,-780
105000189,131,1249,-1118
105000190,431,667,-236
105000191,953,637,316
105000192,1026,95,931
105000193,144,413,-269
105000194,1340,143,1197
105000195,888,1209,-321
105000196,111,388,-277
105000197,430,731,-301
105000198,563,309,254
105000199,93,970,-877
105000200,172,877,-705
105000201,171,146,25
105000203,85,179,-94
105000204,121,54,67
105000205,199,226,-27
105000207,411,118,293
105000208,311,1511,-1200
105000209,275,164,111
105000212,2250,793,1457
105000213,106,310,-204
105000214,172,366,-194
105000215,620,286,334
105000216,494,92,402
105000217,465,160,305
105000218,4476,1986,2490
105000221,262,627,-365
105000222,817,721,96
105000223,1054,1038,16
105000226,405,279,126
105000227,122,307,-185
105000228,178,3019,-2841
105000229,339,1835,-1496
105000231,1418,558,860
105000233,1911,2187,-276
105000234,913,1134,-221
105000235,831,1487,-656
105000237,3127,214,2913
105000243,153,96,57
105000248,88,244,-156
105000262,1302,504,798
105000269,288,249,39
105000270,1196,27,1169
105000271,1,393,-392
105000282,109,120,-11
105000287,343,452,-109
105000288,1783,881,902
105000289,818,2567,-1749
105000290,107,24,83
105000402,2547,8554,-6007
105000426,482,884,-402
105000438,1118,1754,-636
105000446,13787,5189,8598
105000447,3089,1962,1127
105000454,1946,399,1547
105000455,304,160,144
105000474,283,1,282
105000477,2342,1060,1282
105000478,4593,10159,-5566
105000479,222,384,-162
105000480,6851,12079,-5228
105000481,8588,9807,-1219
105000482,3809,4229,-420
105000483,4112,7000,-2888
105000484,2896,2779,117
105000485,1984,6412,-4428
105000486,2869,3485,-616
105000488,4177,2407,1770
105000489,3359,1749,1610
105000549,191,1112,-921
105000550,472,1255,-783
105000551,35,220,-185
105000552,4083,1920,2163
105900001,21,5979,-5958
105900002,1219,2555,-1336
105900003,18,301,-283
105900004,371,115,256
105900005,928,769,159
105900006,48,795,-747
105900007,95,393,-298
105900008,307,240,67
105900009,110,101,9
105900011,371,223,148
105900012,934,192,742
105900013,14,53,-39
105900014,2,159,-157
105900015,138,714,-576
105900016,1741,707,1034
105900017,3544,50,3494
105900018,313,281,32
105900019,225,556,-331
105900020,102,174,-72
105900021,157,2481,-2324
105900022,542,595,-53
105900023,27,416,-389
105900024,17,766,-749
105900025,548,4,544
105900026,513,17,496
105900027,30083,7167,22916
105900028,360,1976,-1616
105900029,3496,362,3134
105900030,503,609,-106
105900031,936,222,714
105900032,266,181,85
105900033,188,283,-95
105900034,1055,804,251
105900035,942,435,507
105900036,251,193,58
105900037,456,54,402
105900038,320,352,-32
105900039,465,113,352
105900040,286,143,143
105900041,325,581,-256
105900042,234,547,-313
105900043,2488,118,2370
105900044,11,860,-849
105900045,5,2979,-2974
105900046,10,336,-326
105900047,54,110,-56
105900048,293,687,-394
105900050,2121,15116,-12995
105900051,107,1935,-1828
105900052,2522,170,2352
105900053,5237,8053,-2816
105900054,333,744,-411
105900056,1830,1109,721
105900057,14,239,-225
105900058,50,47,3
105900059,1,368,-367
106000001,3164,4104,-940
106000002,1531,4411,-2880
106000003,6220,8020,-1800
106000004,2420,2926,-506
106000005,7391,7065,326
106000006,7480,2333,5147
106000007,801,631,170
106000008,597,425,172
106000009,734,395,339
106000010,496,500,-4
106000011,3214,1786,1428
106000012,1584,1313,271
106000013,3781,2574,1207
106000014,2600,1927,673
106000015,4424,1783,2641
106000016,2691,2392,299
106000017,944,1381,-437
106000018,995,848,147
106000019,767,792,-25
106000020,649,648,1
106000021,535,901,-366
106000022,637,400,237
106000023,1481,1045,436
106000024,1071,799,272
106000025,234,410,-176
106000026,193,286,-93
106000027,3053,2722,331
106000028,1635,464,1171
106000029,1400,1085,315
106000030,331,923,-592
106000034,271,580,-309
106000035,1476,2982,-1506
106000036,276,600,-324
106000037,2017,2014,3
106000038,156,341,-185
106000039,115,365,-250
106000040,147,1139,-992
106000041,1157,699,458
106000043,581,430,151
106000046,881,169,712
106000047,83,890,-807
106000049,2359,401,1958
106000050,477,1097,-620
106000051,1722,1155,567
106000052,432,458,-26
106000053,1117,250,867
106000054,655,500,155
106000055,1795,1155,640
106000056,915,505,410
106000057,1011,584,427
106000058,613,181,432
106000059,994,632,362
106000060,722,426,296
106000061,417,1502,-1085
106000062,318,541,-223
106000063,1737,1577,160
106000064,40,752,-712
106000065,1003,340,663
106000066,271,987,-716
106000067,1097,197,900
106000068,201,947,-746
106000069,894,209,685
106000070,658,879,-221
106000071,1407,526,881
106000072,5351,2247,3104
106000073,2829,10929,-8100
106000074,1309,1332,-23
106000075,697,1896,-1199
106000076,2251,2450,-199
106000077,2978,1358,1620
106000078,2742,1025,1717
106000079,1636,1372,264
106000080,2622,892,1730
106000081,1664,1167,497
106000082,2638,981,1657
106000083,731,1428,-697
106000084,1389,672,717
106000085,2547,1722,825
106000086,918,1077,-159
106000087,1392,568,824
106000088,871,1026,-155
106000089,2430,437,1993
106000090,625,998,-373
106000091,386,711,-325
106000092,2636,586,2050
106000093,1271,245,1026
106000094,75,555,-480
106000095,2158,1519,639
106000096,2554,1060,1494
106000097,2629,1571,1058
106000098,2455,1356,1099
106000099,392,1885,-1493
106000100,3140,492,2648
106000101,2050,1436,614
106000102,118,3028,-2910
106000103,519,1948,-1429
106000104,1964,859,1105
106000105,850,1454,-604
106000106,1866,617,1249
106000107,182,395,-213
106000108,808,255,553
106000109,432,169,263
106000110,923,284,639
106000111,319,293,26
106000112,594,1629,-1035
106000113,1450,700,750
106000114,1234,2235,-1001
106000115,769,523,246
106000116,660,363,297
106000117,1816,713,1103
106000118,2695,1987,708
106000119,1862,738,1124
106000120,2097,2857,-760
106000121,1085,456,629
106000122,712,74,638
106000123,1969,221,1748
106000124,382,142,240
106000125,149,265,-116
106000126,846,132,714
106000127,3815,941,2874
106000128,2655,333,2322
106000129,1907,636,1271
106000130,2589,694,1895
106000131,381,1584,-1203
106000132,1761,368,1393
106000133,4900,4045,855
106000134,1168,6926,-5758
106000135,371,1229,-858
106000136,1621,3342,-1721
106000137,147,1763,-1616
106000138,5255,171,5084
106000139,274,108,166
106000140,46,98,-52
106000141,303,96,207
106000142,226,147,79
106000143,95,67,28
106000144,76,231,-155
106000145,1240,204,1036
106000146,909,306,603
106000147,901,660,241
106000148,871,812,59
106000149,1503,489,1014
106000150,1761,4358,-2597
106000151,6184,1051,5133
106000152,1843,5286,-3443
106000153,239,3706,-3467
106000154,2352,324,2028
106000155,457,534,-77
106000156,3804,402,3402
106000157,1427,2887,-1460
106000158,3213,987,2226
106000159,5133,4837,296
106000160,1846,8921,-7075
106000161,1582,523,1059
106000162,904,2839,-1935
106000163,818,383,435
106000164,1589,524,1065
106000165,516,730,-214
106000166,2509,489,2020
106000167,837,1703,-866
106000168,2097,539,1558
106000169,618,987,-369
106000170,2475,1240,1235
106000171,453,2035,-1582
106000172,4471,2898,1573
106000173,1276,4650,-3374
106000174,2410,626,1784
106000175,405,731,-326
106000176,4854,1523,3331
106000177,1814,2978,-1164
106000178,4988,2192,2796
106000179,1109,2124,-1015
106000180,1475,906,569
106000181,3162,1724,1438
106000182,4414,880,3534
106000183,4550,535,4015
106000184,2922,930,1992
106000185,3604,2911,693
106000186,623,91,532
106000187,359,2691,-2332
106000188,0,6,-6
106000189,30,112,-82
106000190,51,1,50
106000191,1045,165,880
106000192,7,5,2
106000193,631,381,250
106000194,270,722,-452
106000195,495,346,149
106000196,132,924,-792
106000197,1592,480,1112
106000198,377,487,-110
106000199,1124,2533,-1409
106000200,856,552,304
106000201,747,13107,-12360
106000202,5093,989,4104
106000203,40,354,-314
106000204,108,11,97
106000205,11,171,-160
106000206,175,17,158
106000207,13,346,-333
106000208,6204,712,5492
106000209,4167,1611,2556
106000210,658,891,-233
106000211,251,1620,-1369
106000212,2352,772,1580
106000213,319,1413,-1094
106000214,2321,784,1537
106000215,612,699,-87
106000216,1491,723,768
106000217,286,629,-343
106000218,575,377,198
106000219,321,331,-10
106000220,1072,448,624
106000221,835,165,670
106000222,223,183,40
106000223,933,215,718
106000224,731,101,630
106000225,292,228,64
106000226,135,303,-168
106000228,66,181,-115
106000229,346,884,-538
106000231,2573,184,2389
106000232,139,482,-343
106000233,1022,1607,-585
106000234,116,1007,-891
106000235,505,1437,-932
106000236,242,1035,-793
106000237,1,45,-44
106000238,7,143,-136
106000239,5,178,-173
106000240,136,17,119
106000241,35,910,-875
106000242,930,45,885
106000249,281,100,181
106000250,274,1633,-1359
106000251,337,18,319
106000252,46,160,-114
106000253,93,74,19
106000254,360,61,299
106000255,149,290,-141
106000256,303,20,283
106000257,229,248,-19
106000258,209,373,-164
106000259,8,531,-523
106000260,99,19,80
106000261,8,124,-116
106000262,210,30,180
106000263,33,181,-148
106000264,331,51,280
106000265,63,228,-165
106000266,263,66,197
106000267,29,142,-113
106000268,532,82,450
106000269,103,84,19
106000270,136,379,-243
106000271,151,178,-27
106000272,249,157,92
106000273,19,355,-336
106000274,211,79,132
106000275,402,297,105
106000276,206,31,175
106000277,281,273,8
106000278,188,15,173
106000279,71,11,60
106000280,295,45,250
106000281,151,32,119
106000282,187,91,96
106000283,241,59,182
106000284,295,110,185
106000285,255,134,121
106000286,263,90,173
106000287,185,105,80
106000288,273,182,91
106000289,219,74,145
106000290,251,103,148
106000291,190,104,86
106000292,221,175,46
106000293,197,89,108
106000294,172,103,69
106000295,96,104,-8
106000296,88,74,14
106000297,83,316,-233
106000298,77,226,-149
106000299,71,86,-15
106000300,44,162,-118
106000301,119,242,-123
106000303,97,50,47
106000304,139,31,108
106000305,147,34,113
106000306,41,66,-25
106000307,302,29,273
106000308,88,108,-20
106000309,33,68,-35
106000310,695,472,223
106000311,965,247,718
106000312,251,243,8
106000313,761,155,606
106000318,133,628,-495
106000319,5417,639,4778
106000320,3,188,-185
106000321,310,520,-210
106000322,865,65,800
106000324,104,148,-44
106000325,3687,1240,2447
106000326,1490,1591,-101
106000327,533,133,400
106000328,41,875,-834
106000329,99,1210,-1111
106000330,78,519,-441
106000428,150,413,-263
106000429,208,385,-177
106000430,444,2536,-2092
106000431,4050,635,3415
106000432,1196,3611,-2415
106000433,3837,1721,2116
106000434,6723,1846,4877
106000435,1801,2883,-1082
106000436,12,257,-245
106000437,1226,140,1086
106000438,338,994,-656
106000439,136,1685,-1549
106000440,335,1493,-1158
106000441,2,3,-1
106000442,964,13,951
106000443,696,213,483
106000450,0,103,-103
106000451,37,277,-240
106000454,9,200,-191
106000455,14,158,-144
106000456,320,55,265
106000457,52,791,-739
106000458,2379,162,2217
106000459,1119,130,989
106000460,3663,103,3560
106000461,867,322,545
106000462,3,93,-90
106000463,6,17,-11
106000464,1,258,-257
106000465,1552,13,1539
106000466,25,348,-323
106000467,203,506,-303
106000468,356,189,167
106000469,285,2,283
106000470,378,4907,-4529
106000471,8,433,-425
106000472,424,20,404
106000473,130,10,120
106000474,744,802,-58
106000475,900,286,614
106000476,346,441,-95
106000477,34,31,3
106900001,0,19,-19
106900002,0,273,-273
106900003,106,5067,-4961
106900004,11,25,-14
106900006,0,30,-30
106900007,0,9,-9
106900008,1709,109,1600
106900009,1543,246,1297
106900010,1021,449,572
106900012,2032,6680,-4648
106900013,1656,326,1330
106900014,199,4,195
106900015,45,1,44
106900016,819,22,797
106900017,66,4,62
106900018,41,0,41
106900019,454,4,450
106900020,6197,5766,431
106900021,300,164,136
106900022,2843,7,2836
106900023,74,125,-51
106900024,1382,130,1252
106900025,53,1320,-1267
106900026,1,181,-180
106900027,2036,3,2033
107000001,5669,7272,-1603
107000002,2193,2609,-416
107000003,17034,13031,4003
107000004,6459,2370,4089
107000005,17304,13012,4292
107000006,6036,3503,2533
107000007,11112,14691,-3579
107000008,8338,4859,3479
107000009,17766,12858,4908
107000010,8620,5750,2870
107000011,1230,2019,-789
107000012,3983,3950,33
107000013,246,67,179
107000014,264,113,151
107000015,981,528,453
107000016,1885,623,1262
107000017,1206,8186,-6980
107000018,12,7351,-7339
107000020,1192,7821,-6629
107000021,1639,794,845
107000022,1442,6734,-5292
107000023,2963,433,2530
107000024,1270,6551,-5281
107000025,710,401,309
107000026,800,1223,-423
107000027,3549,1201,2348
107000028,3677,642,3035
107000029,9002,4926,4076
107000030,5147,2304,2843
107000031,11052,4769,6283
107000032,511,821,-310
107000033,4015,6700,-2685
107000034,7578,1819,5759
107000035,984,393,591
107000036,2196,2975,-779
107000037,146,1271,-1125
107000038,635,230,405
107000039,2267,1872,395
107000040,886,303,583
107000041,1802,1393,409
107000042,1267,4039,-2772
107000043,2468,1437,1031
107000044,533,941,-408
107000045,103,785,-682
107000046,1183,910,273
107000047,969,1792,-823
107000048,1201,901,300
107000049,779,1176,-397
107000050,1302,1030,272
107000051,497,619,-122
107000052,2105,3237,-1132
107000053,729,1100,-371
107000054,59,162,-103
107000055,378,230,148
107000056,875,727,148
107000057,2204,212,1992
107000058,3243,5395,-2152
107000059,3529,3699,-170
107000060,11452,9659,1793
107000061,7738,3696,4042
107000062,12855,7041,5814
107000063,6227,3787,2440
107000064,10979,10221,758
107000065,5074,7500,-2426
107000066,2818,6774,-3956
107000067,2685,2419,266
107000068,1274,1990,-716
107000069,2154,1635,519
107000070,2677,50,2627
107000071,9031,112,8919
107000072,18,1232,-1214
107000073,2593,1534,1059
107000074,116,616,-500
107000075,4308,495,3813
107000076,464,992,-528
107000077,6383,1222,5161
107000078,795,1820,-1025
107000079,6208,2129,4079
107000080,730,2049,-1319
107000081,5815,1292,4523
107000082,1324,1159,165
107000083,3158,1613,1545
107000084,431,1088,-657
107000085,5574,4932,642
107000086,4378,3299,1079
107000087,6477,5107,1370
107000088,5133,5789,-656
107000089,3600,5585,-1985
107000090,2874,1316,1558
107000091,3442,2321,1121
107000092,1788,1200,588
107000093,2413,2145,268
107000094,1817,1382,435
107000095,2666,1659,1007
107000096,1393,854,539
107000097,1677,1668,9
107000098,678,1301,-623
107000099,1100,904,196
107000100,376,1119,-743
107000101,253,570,-317
107000102,468,676,-208
107000103,672,618,54
107000104,296,529,-233
107000105,1068,533,535
107000106,347,429,-82
107000107,1872,493,1379
107000108,415,792,-377
107000109,2405,456,1949
107000110,197,356,-159
107000111,1529,117,1412
107000112,88,260,-172
107000113,2273,214,2059
107000114,93,476,-383
107000115,1866,1598,268
107000116,141,1074,-933
107000117,252,6262,-6010
107000118,99,296,-197
107000119,2854,2437,417
107000120,1586,2050,-464
107000121,1874,1143,731
107000122,1698,1028,670
107000123,1019,898,121
107000124,1357,560,797
107000125,2828,857,1971
107000126,3558,320,3238
107000129,549,732,-183
107000130,1886,443,1443
107000131,777,764,13
107000132,1156,661,495
107000133,645,387,258
107000134,440,5,435
107000135,4,427,-423
107000136,896,13,883
107000137,2,723,-721
107000138,269,42,227
107000139,15,1296,-1281
107000140,3369,114,3255
107000141,132,1261,-1129
107000142,1053,150,903
107000143,174,2810,-2636
107000144,1125,1196,-71
107000145,422,970,-548
107000146,317,557,-240
107000147,5389,948,4441
107000150,1011,8811,-7800
107000151,13,56,-43
107000152,1719,5148,-3429
107000153,128,339,-211
107000154,16,333,-317
107000155,1883,50,1833
107000156,2462,31,2431
107000157,114,749,-635
107000158,2131,20,2111
107000159,19,647,-628
107000160,3976,409,3567
107000161,262,422,-160
107000162,887,1941,-1054
107000163,547,4,543
107000164,2530,5,2525
107000165,3126,14,3112
107000166,251,272,-21
107000167,2236,521,1715
107000168,2202,961,1241
107000169,673,565,108
107000170,7538,1663,5875
107000171,1411,1026,385
107000172,3329,3642,-313
107000173,823,644,179
107000174,2797,13089,-10292
107000175,5846,1098,4748
107000176,1,5,-4
107000177,2,0,2
107000178,54,18,36
107000179,917,1334,-417
107000180,4003,338,3665
107000181,811,799,12
107000182,4698,873,3825
107000183,582,932,-350
107000184,2892,1089,1803
107000185,704,1710,-1006
107000186,1745,806,939
107000187,2499,2202,297
107000188,1245,571,674
107000189,1619,1301,318
107000190,1500,778,722
107000191,1517,1580,-63
107000192,3155,935,2220
107000193,733,1225,-492
107000194,962,801,161
107000197,1819,532,1287
107000198,593,875,-282
107000199,2609,1384,1225
107000200,2181,1474,707
107000201,1086,930,156
107000202,613,864,-251
107000203,692,2865,-2173
107000204,677,3096,-2419
107000205,1566,1552,14
107000206,650,2032,-1382
107000207,807,1999,-1192
107000208,1669,1162,507
107000209,884,1399,-515
107000210,197,193,4
107000211,0,76,-76
107000212,20,190,-170
107000213,2,17,-15
107000214,28,123,-95
107000215,1259,432,827
107000216,1053,1108,-55
107000217,395,1001,-606
107000219,173,435,-262
107000220,246,362,-116
107000222,672,383,289
107000224,2330,665,1665
107000225,315,587,-272
107000226,1545,891,654
107000227,250,221,29
107000228,1276,1095,181
107000229,114,275,-161
107000230,2211,987,1224
107000231,691,2129,-1438
107000232,274,47,227
107000233,245,787,-542
107000234,2,141,-139
107000235,273,56,217
107000236,27,839,-812
107000237,142,0,142
107000238,87,2,85
107000239,4371,1239,3132
107000240,983,888,95
107000241,53,10,43
107000242,243,34,209
107000243,0,106,-106
107000244,6,261,-255
107000246,6,723,-717
107000249,1,651,-650
107000251,5,397,-392
107000252,7,1532,-1525
107000255,417,545,-128
107000257,5,1793,-1788
107000258,8,314,-306
107000259,35,265,-230
107000260,4405,29,4376
107000262,428,272,156
107000263,884,21,863
107000266,40,78,-38
107000267,49,182,-133
107000268,528,94,434
107000269,132,5,127
107000270,584,269,315
107000271,20,0,20
107000272,321,0,321
107000273,3,662,-659
107000274,1051,1864,-813
107000275,32,4617,-4585
107000280,2967,47,2920
107000281,103,590,-487
107000282,52,469,-417
107000290,58,248,-190
107000291,73,14,59
107000292,4,1435,-1431
107000293,28,41,-13
107000294,1,587,-586
107000295,98,23,75
107000296,1,27,-26
107000444,548,5,543
107000496,5,3,2
107000497,1885,1661,224
107000500,1014,860,154
107000501,266,379,-113
107000502,500,1094,-594
107000505,549,1177,-628
107000506,0,13,-13
107000508,50,365,-315
107000509,246,1233,-987
107000510,86,337,-251
107000514,88,795,-707
107000515,62,65,-3
107000516,921,928,-7
107000518,3874,5873,-1999
107000519,1932,793,1139
107000520,303,322,-19
107000521,817,527,290
107000522,1223,556,667
107900001,274,55,219
107900002,175,9,166
107900003,1058,20,1038
107900004,494,5,489
107900005,5591,84,5507
107900006,487,12,475
107900007,633,113,520
107900008,105,9,96
107900009,246,22,224
107900010,179,3,176
107900012,825,160,665
107900013,468,19,449
107900014,337,27,310
107900015,3953,17,3936
107900016,881,132,749
107900017,118,0,118
107900018,120,738,-618
107900019,37,20,17
107900020,68,62,6
107900021,472,45,427
107900023,7,2,5
107900024,0,15,-15
107900025,583,108,475
107900026,110,31,79
107900027,22,136,-114
107900028,789,47,742
107900030,511,92,419
107900031,277,95,182
107900032,64,45,19
107900033,53,22,31
107900034,534,39,495
107900035,3416,185,3231
107900036,143,51,92
107900037,0,12,-12
107900038,94,656,-562
107900039,97,6,91
107900040,11,420,-409
107900041,2,2,0
107900043,315,106,209
107900044,21,41,-20
107900045,268,93,175
107900046,764,693,71
107900047,111,113,-2
107900048,763,64,699
107900049,852,2094,-1242
107900050,77,421,-344
107900051,130,31,99
107900052,32,129,-97
107900053,262,133,129
107900055,1144,582,562
107900056,214,313,-99
107900057,4,0,4
107900058,61,799,-738
107900060,27,405,-378
107900061,3,23,-20
107900063,181,229,-48
107900064,270,1146,-876
107900065,1058,33,1025
107900066,59,13,46
107900067,1,0,1
107900068,181,1557,-1376
107900069,66,6891,-6825
107900070,242,307,-65
107900071,34,428,-394
107900072,493,51,442
107900073,262,247,15
107900074,200,852,-652
107900076,325,73,252
107900077,298,9,289
107900078,299,126,173
107900079,51,48,3
107900080,85,1406,-1321
107900081,178,93,85
107900082,4,10,-6
107900083,942,220,722
107900084,372,353,19
107900086,58,692,-634
107900087,492,57,435
107900088,201,24,177
107900089,476,1432,-956
107900090,2008,4493,-2485
107900091,252,169,83
107900092,2063,219,1844
107900093,86,140,-54
107900094,0,0,0
107900095,2006,1808,198
107900097,89,184,-95
107900098,259,1402,-1143
107900100,503,2607,-2104
107900101,810,58,752
107900102,147,9,138
107900103,146,217,-71
107900104,688,4,684
107900105,49,172,-123
107900106,13,435,-422
107900107,1917,439,1478
107900108,282,60,222
107900109,4407,104,4303
107900110,249,147,102
107900111,14,335,-321
107900112,145,1235,-1090
107900113,428,66,362
107900114,607,132,475
107900115,0,11,-11
107900116,524,93,431
107900117,431,326,105
107900118,78,199,-121
107900119,197,396,-199
107900120,117,64,53
107900121,32,251,-219
107900122,1,434,-433
107900123,39,264,-225
107900124,11,102,-91
107900125,18,277,-259
107900126,131,840,-709
107900127,899,365,534
107900128,125,144,-19
107900129,247,19,228
107900130,272,29,243
107900131,171,318,-147
107900132,161,285,-124
107900133,0,26,-26
107900134,51,103,-52
107900135,9,40,-31
107900136,34,23,11
107900137,140,155,-15
107900138,176,26,150
107900139,239,65,174
107900140,119,97,22
107900141,39,51,-12
107900142,205,646,-441
107900143,18,22,-4
107900144,0,29,-29
107900145,6,41,-35
107900146,30,137,-107
107900147,84,48,36
107900148,313,182,131
107900149,797,54,743
107900150,193,442,-249
107900151,96,32,64
107900152,64,133,-69
107900153,312,430,-118
107900154,74,99,-25
107900155,195,255,-60
107900156,12,92,-80
107900157,25,104,-79
107900158,2917,82,2835
107900159,142,426,-284
107900160,254,79,175
107900161,427,107,320
107900162,3,79,-76
107900163,90,136,-46
107900164,52,156,-104
107900165,10,601,-591
107900166,82,65,17
107900167,32,100,-68
107900168,245,116,129
107900169,3,5245,-5242
107900171,301,503,-202
107900172,2,333,-331
107900173,108,32,76
107900174,381,2,379
107900175,69,542,-473
107900176,177,27,150
107900177,0,312,-312
107900178,0,317,-317
107900179,152,211,-59
107900180,317,2029,-1712
107900181,436,512,-76
107900182,14,535,-521
107900183,207,56,151
107900184,523,835,-312
107900185,315,20,295
107900186,56,50,6
107900187,2,265,-263
107900188,865,104,761
107900189,175,197,-22
107900190,28,187,-159
107900191,136,294,-158
107900193,20,171,-151
107900194,437,21,416
107900195,2385,162,2223
107900196,281,62,219
107900197,355,379,-24
107900199,1,610,-609
107900201,265,160,105
107900203,58,59,-1
107900204,393,412,-19
107900205,409,394,15
107900206,366,937,-571
107900207,3,311,-308
107900208,7,300,-293
107900209,577,155,422
107900210,107,42,65
107900213,927,666,261
107900214,58,378,-320
107900215,336,689,-353
107900216,12,42,-30
107900217,167,104,63
107900218,44,4816,-4772
107900219,290,49,241
107900220,59,223,-164
107900221,317,502,-185
107900223,428,135,293
107900224,335,879,-544
107900225,8,963,-955
107900226,25,87,-62
107900227,311,467,-156
107900228,97,211,-114
107900229,0,71,-71
107900230,42,29,13
107900231,81,77,4
107900232,666,82,584
107900233,20,37,-17
107900234,564,162,402
107900235,183,275,-92
107900236,1106,131,975
107900237,8,603,-595
107900238,114,39,75
107900239,641,1261,-620
107900240,297,82,215
107900241,12,14,-2
107900242,74,513,-439
107900243,5,42,-37
107900244,573,5,568
107900245,1968,164,1804
107900246,456,161,295
107900248,1814,207,1607
107900249,2359,351,2008
107900250,1,224,-223
107900251,59,640,-581
107900252,1645,101,1544
107900253,441,52,389
107900254,103,350,-247
107900255,307,59,248
107900256,936,3712,-2776
107900257,817,206,611
107900258,195,63,132
107900259,37,7410,-7373
107900261,15,190,-175
107900262,242,98,144
107900264,946,44,902
107900265,237,676,-439
107900267,886,24,862
107900268,112,12,100
107900269,0,12,-12
107900270,4,4,0
107900271,1,76,-75
107900272,58,38,20
107900273,117,104,13
107900274,191,0,191
107900275,128,1,127
107900276,1,4,-3
107900277,1,51,-50
107900278,1164,177,987
107900279,46,36,10
107900280,4233,1565,2668
107900281,1524,14684,-13160
107900282,23,1745,-1722
107900283,1019,1884,-865
107900284,1484,1885,-401
107900285,398,43,355
107900286,57,42,15
107900287,870,207,663
107900290,4,1591,-1587
107900291,1085,55,1030
107900292,436,73,363
107900293,156,304,-148
107900295,177,64,113
107900297,2,647,-645
107900298,978,935,43
107900299,3807,5461,-1654
107900300,133,1456,-1323
107900301,2074,1594,480
107900302,218,67,151
107900303,741,776,-35
107900304,1091,104,987
107900305,663,28,635
107900306,3,84,-81
107900307,9,343,-334
107900308,260,344,-84
107900309,116,0,116
107900310,93,1,92
107900311,5,359,-354
107900312,99,0,99
107900313,2,178,-176
107900314,1,185,-184
107900315,0,70,-70
107900316,79,50,29
107900317,153,14,139
107900318,6,302,-296
107900319,7,66,-59
107900320,0,65,-65
107900321,356,15,341
107900322,25,42,-17
107900323,16,99,-83
107900324,260,5,255
107900325,377,5,372
107900326,1825,135,1690
107900327,4,263,-259
107900328,57,2,55
107900329,51,614,-563
107900330,2,108,-106
107900331,1044,71,973
107900332,981,14,967
107900333,133,83,50
107900334,44,68,-24
107900335,42,223,-181
107900336,45,364,-319
107900337,742,1823,-1081
107900338,5,170,-165
107900339,0,18,-18
107900340,1,135,-134
107900341,127,0,127
107900342,291,163,128
107900343,87,2,85
107900344,21,104,-83
107900345,120,31,89
107900346,32,7,25
107900347,81,5,76
107900348,7,17,-10
107900349,92,5,87
107900350,102,299,-197
108000001,7597,6657,940
108000002,2543,1991,552
108000003,4968,5633,-665
108000004,13870,13239,631
108000005,12556,9777,2779
108000006,4950,6755,-1805
108000007,10459,9577,882
108000008,4881,6008,-1127
108000009,10427,10641,-214
108000010,3464,6244,-2780
108000011,21970,17024,4946
108000012,12451,11961,490
108000014,1117,2210,-1093
108000015,2001,317,1684
108000016,603,492,111
108000017,2698,682,2016
108000018,3460,1846,1614
108000019,1526,1905,-379
108000020,2182,687,1495
108000021,490,2384,-1894
108000022,649,1178,-529
108000023,3482,521,2961
108000024,748,347,401
108000025,1174,276,898
108000026,1456,1014,442
108000027,1738,355,1383
108000028,1364,523,841
108000029,1375,600,775
108000030,765,500,265
108000031,257,1055,-798
108000032,4844,1260,3584
108000033,1255,849,406
108000034,3709,980,2729
108000035,888,1882,-994
108000036,1244,1023,221
108000037,5099,606,4493
108000038,7217,604,6613
108000039,1112,1448,-336
108000040,4585,1635,2950
108000041,624,2333,-1709
108000042,1056,154,902
108000043,480,320,160
108000044,1476,163,1313
108000045,599,294,305
108000046,3802,705,3097
108000047,811,915,-104
108000048,180,339,-159
108000049,1517,331,1186
108000050,181,307,-126
108000051,821,530,291
108000052,340,429,-89
108000053,752,586,166
108000054,410,1506,-1096
108000055,2101,1226,875
108000056,899,1606,-707
108000057,1179,2508,-1329
108000058,3125,8905,-5780
108000059,2900,1675,1225
108000060,453,828,-375
108000061,151,230,-79
108000062,2587,1222,1365
108000063,809,629,180
108000064,636,430,206
108000065,1171,750,421
108000066,3708,2292,1416
108000067,5172,1591,3581
108000068,1737,959,778
108000069,312,865,-553
108000070,4085,1504,2581
108000071,912,1732,-820
108000072,2426,1366,1060
108000073,1349,1371,-22
108000074,1238,1173,65
108000075,648,627,21
108000076,1796,1018,778
108000077,1040,667,373
108000078,4328,1369,2959
108000079,1232,933,299
108000080,3684,862,2822
108000081,1719,898,821
108000082,941,1556,-615
108000083,4024,1340,2684
108000084,899,1643,-744
108000085,2605,1354,1251
108000086,703,695,8
108000087,252,4671,-4419
108000088,683,27,656
108000089,655,793,-138
108000090,1344,464,880
108000091,274,658,-384
108000092,648,339,309
108000093,669,622,47
108000094,2320,354,1966
108000095,452,552,-100
108000096,1427,414,1013
108000097,381,565,-184
108000098,5285,2286,2999
108000099,543,150,393
108000100,143,535,-392
108000101,2214,2705,-491
108000102,2219,5114,-2895
108000106,1636,3,1633
108000107,9,1507,-1498
108000108,1357,102,1255
108000109,4,600,-596
108000110,973,568,405
108000111,480,1180,-700
108000112,108,292,-184
108000113,665,370,295
108000115,545,525,20
108000117,814,713,101
108000118,31,957,-926
108000119,943,489,454
108000120,501,1933,-1432
108000121,594,833,-239
108000122,1884,744,1140
108000123,1730,768,962
108000124,703,1812,-1109
108000125,1540,408,1132
108000126,486,542,-56
108000127,1610,768,842
108000128,1902,365,1537
108000129,695,1903,-1208
108000130,1046,898,148
108000131,1228,287,941
108000132,957,807,150
108000133,2154,489,1665
108000134,1138,350,788
108000135,2211,1471,740
108000136,860,711,149
108000137,965,246,719
108000138,1199,726,473
108000139,1373,401,972
108000140,1243,29,1214
108000141,173,22,151
108000142,151,115,36
108000143,73,12,61
108000144,317,6,311
108000145,148,7,141
108000146,345,16,329
108000147,88,14,74
108000148,302,34,268
108000149,75,8,67
108000150,192,37,155
108000151,12,14,-2
108000152,387,277,110
108000153,1916,281,1635
108000154,82,4,78
108000155,65,95,-30
108000156,524,295,229
108000157,603,4625,-4022
108000158,144,2042,-1898
108000159,315,468,-153
108000160,2621,2530,91
108000161,3002,9616,-6614
108000165,7,849,-842
108000172,6,635,-629
108000173,810,3719,-2909
108000175,884,246,638
108000178,624,331,293
108000179,243,1566,-1323
108000181,162,44,118
108000182,129,13,116
108000183,22,16,6
108000184,848,6246,-5398
108000185,935,418,517
108000186,596,226,370
108000187,419,358,61
108000188,1803,180,1623
108000189,664,3552,-2888
108000190,94,141,-47
108000192,592,143,449
108000193,505,32,473
108000194,28,9,19
108000195,2,1211,-1209
108000196,520,905,-385
108000198,1307,99,1208
108000199,3,550,-547
108000200,1452,407,1045
108000202,0,611,-611
108000203,799,669,130
108000204,367,126,241
108000205,404,471,-67
108000339,1712,679,1033
108000364,83,411,-328
108000365,87,963,-876
108000367,404,255,149
108000368,108,68,40
108000369,742,200,542
108000371,1,599,-598
108000372,1419,5,1414
108000373,386,119,267
108000376,271,33,238
108000377,1622,74,1548
108000378,14936,23471,-8535
108000379,37,448,-411
108000381,352,14,338
108000382,193,1,192
108000383,2,363,-361
108900001,30,509,-479
108900002,432,92,340
108900003,212,784,-572
108900004,8,870,-862
108900005,78,723,-645
108900006,1891,586,1305
108900007,658,233,425
108900008,319,143,176
108900009,312,417,-105
108900010,730,231,499
108900011,1940,345,1595
108900012,857,402,455
108900013,274,706,-432
108900014,170,184,-14
108900015,1,474,-473
108900016,2,193,-191
108900017,231,1308,-1077
108900018,310,587,-277
108900019,139,322,-183
108900020,50,165,-115
108900021,227,166,61
108900022,237,44,193
108900023,7,125,-118
108900024,128,38,90
108900025,882,81,801
108900026,50,44,6
108900027,2,41,-39
108900028,315,123,192
108900029,215,211,4
108900030,0,15,-15
108900031,779,141,638
108900032,15,227,-212
108900033,0,54,-54
108900034,0,30,-30
108900035,791,463,328
108900036,343,324,19
108900037,66,273,-207
108900038,0,93,-93
108900039,0,79,-79
108900040,21,41,-20
108900041,7229,4844,2385
108900042,5,445,-440
108900043,50,883,-833
108900044,1,102,-101
108900045,139,114,25
108900046,20,217,-197
108900047,3,480,-477
108900048,289,309,-20
108900049,1622,5836,-4214
108900050,1,110,-109
108900051,0,65,-65
108900052,67,64,3
108900053,244,1281,-1037
108900054,113,122,-9
108900055,48,522,-474
108900056,3,50,-47
108900057,0,106,-106
108900058,143,112,31
108900059,2787,134,2653
108900060,139,246,-107
108900061,142,15,127
108900062,1,291,-290
108900063,32,103,-71
108900064,1116,20,1096
108900065,72,122,-50
108900066,995,286,709
108900067,5,256,-251
108900068,3,53,-50
108900069,395,23,372
108900070,62,65,-3
108900071,337,109,228
108900072,1812,368,1444
108900073,32,389,-357
108900074,1311,64,1247
108900075,9,34,-25
108900076,967,45,922
108900077,198,380,-182
108900078,104,42,62
108900079,378,322,56
108900080,11,2017,-2006
108900081,129,467,-338
108900082,259,42,217
108900083,23,636,-613
108900084,427,207,220
108900085,2349,336,2013
108900086,513,87,426
108900087,91,366,-275
108900088,1133,754,379
108900089,14,221,-207
108900090,314,61,253
108900091,175,133,42
108900092,908,611,297
108900093,189,188,1
108900094,875,325,550
108900095,37,522,-485
108900096,384,14,370
108900097,454,162,292
108900098,2045,2344,-299
108900099,1151,195,956
108900100,191,117,74
108900101,489,1120,-631
108900102,21,2781,-2760
108900103,289,423,-134
108900104,80,526,-446
108900105,27,4934,-4907
108900106,1232,266,966
108900108,607,69,538
108900109,549,155,394
108900110,494,222,272
108900111,1252,283,969
108900112,905,27,878
108900113,107,169,-62
108900114,80,14,66
108900115,300,311,-11
108900116,218,30,188
108900117,619,45,574
108900118,1954,69,1885
108900119,1051,30,1021
108900120,416,502,-86
108900121,445,183,262
108900122,629,53,576
108900123,623,224,399
108900124,2383,276,2107
108900125,1889,28,1861
108900126,309,93,216
108900127,645,102,543
108900128,497,144,353
108900129,2816,235,2581
108900130,1980,9,1971
108900131,1182,23,1159
108900132,1405,142,1263
108900133,849,54,795
108900134,1565,297,1268
108900135,725,31,694
108900136,51,2,49
108900137,802,7,795
108900138,2666,212,2454
108900139,1599,141,1458
108900140,1651,63,1588
108900141,1221,18,1203
108900142,202,18,184
108900143,243,5,238
108900144,362,3,359
108900145,960,89,871
108900146,378,4,374
108900147,817,4,813
108900148,185,49,136
108900149,978,1437,-459
108900150,606,8,598
108900151,53,9,44
108900152,240,74,166
108900153,747,97,650
108900154,10873,474,10399
108900155,806,48,758
108900156,308,15,293
108900157,115,407,-292
108900158,1359,308,1051
108900159,255,141,114
108900160,17,180,-163
108900161,344,564,-220
108900162,524,8,516
108900163,4,618,-614
108900164,207,115,92
108900165,203,50,153
108900167,2010,23168,-21158
108900168,6096,3380,2716
108900169,108,218,-110
108900171,4750,6094,-1344
108900172,389,190,199
108900173,117,593,-476
108900174,2077,874,1203
108900176,329,435,-106
108900177,8700,18275,-9575
108900178,3578,10644,-7066
108900179,512,3883,-3371
108900180,76,462,-386
108900182,134,935,-801
108900183,230,499,-269
108900184,784,527,257
108900185,115,1042,-927
108900186,187,885,-698
108900187,1569,58,1511
108900188,1765,134,1631
108900189,752,677,75
108900190,160,3849,-3689
108900191,195,297,-102
108900192,175,245,-70
108900193,54,48,6
108900194,40,488,-448
108900195,152,164,-12
108900196,259,322,-63
108900198,3,302,-299
108900199,395,502,-107
108900200,1553,878,675
108900201,539,1367,-828
108900203,637,172,465
108900204,717,30,687
108900205,454,71,383
108900206,1208,194,1014
108900207,508,684,-176
108900208,17,572,-555
108900209,202,763,-561
108900210,124,166,-42
108900211,298,1044,-746
108900212,141,3763,-3622
108900215,116,499,-383
108900216,355,745,-390
108900217,130,1,129
108900218,152,46,106
108900219,103,6,97
108900220,130,60,70
108900221,66,85,-19
108900222,579,21,558
108900223,4,83,-79
108900224,84,136,-52
108900225,1,272,-271
108900226,1164,105,1059
108900227,402,633,-231
108900230,119,365,-246
108900231,17,144,-127
108900232,4,147,-143
108900233,1028,299,729
108900234,499,367,132
108900235,386,430,-44
108900236,29,532,-503
108900237,66,59,7
108900240,269,154,115
108900241,127,62,65
108900245,6,4521,-4515
108900249,167,34,133
108900250,653,147,506
108900257,476,326,150
108900258,28,104,-76
108900259,57,30,27
108900260,19,21,-2
108900261,56,88,-32
108900262,128,244,-116
108900263,88,218,-130
108900264,265,305,-40
108900265,3399,1346,2053
108900266,180,3531,-3351
108900267,3,788,-785
108900268,19,57,-38
108900269,438,59,379
108900270,510,33,477
108900271,138,356,-218
108900272,946,143,803
108900273,378,3602,-3224
108900274,174,16,158
109000001,6635,5367,1268
109000002,987,5102,-4115
109000003,6613,887,5726
109000004,958,2890,-1932
109000005,4362,1188,3174
109000006,1433,2371,-938
109000007,4659,1480,3179
109000008,1148,1911,-763
109000009,6772,2059,4713
109000010,1200,3930,-2730
109000011,8823,4130,4693
109000012,2444,3954,-1510
109000013,10082,10116,-34
109000014,3071,2952,119
109000015,6090,24260,-18170
109000016,6516,2898,3618
109000017,6675,2358,4317
109000018,2481,2657,-176
109000019,5122,2511,2611
109000020,1862,3340,-1478
109000023,688,21,667
109000024,8,274,-266
109000025,277,1309,-1032
109000026,1046,412,634
109000027,166,635,-469
109000028,232,75,157
109000029,126,708,-582
109000030,29,490,-461
109000031,670,189,481
109000032,234,741,-507
109000033,1031,391,640
109000034,116,80,36
109000035,16,63,-47
109000036,62,577,-515
109000037,623,6231,-5608
109000038,414,443,-29
109000039,1609,1627,-18
109000040,5561,27197,-21636
109000041,1848,5769,-3921
109000042,859,3473,-2614
109000044,784,217,567
109000045,152,417,-265
109000046,935,161,774
109000047,135,472,-337
109000048,598,743,-145
109000049,370,843,-473
109000050,520,544,-24
109000051,454,281,173
109000052,1062,586,476
109000053,954,181,773
109000054,362,582,-220
109000055,828,632,196
109000056,603,718,-115
109000057,2322,804,1518
109000058,460,169,291
109000059,250,1713,-1463
109000060,200,679,-479
109000061,678,4075,-3397
109000062,333,631,-298
109000063,493,328,165
109000064,1112,254,858
109000065,468,661,-193
109000066,1243,89,1154
109000067,161,699,-538
109000068,1101,32,1069
109000069,1073,30,1043
109000070,142,1732,-1590
109000071,875,77,798
109000072,162,391,-229
109000073,133,187,-54
109000074,20,269,-249
109000075,120,424,-304
109000076,162,531,-369
109000077,437,283,154
109000078,159,211,-52
109000079,280,112,168
109000080,476,154,322
109000081,293,538,-245
109000082,2127,269,1858
109000083,605,602,3
109000088,300,265,35
109000089,572,189,383
109000090,173,290,-117
109000091,907,300,607
109000092,365,379,-14
109000093,580,272,308
109000094,1788,7,1781
109000095,377,406,-29
109000096,2362,398,1964
109000097,107,162,-55
109000098,158,195,-37
109000099,1594,154,1440
109000100,807,542,265
109000101,3623,615,3008
109000102,1365,615,750
109000103,1488,885,603
109000104,5495,606,4889
109000105,1232,833,399
109000106,3853,886,2967
109000107,1198,1655,-457
109000108,4636,1048,3588
109000109,1194,1291,-97
109000110,2576,896,1680
109000111,1543,1955,-412
109000112,728,210,518
109000113,477,665,-188
109000114,264,1092,-828
109000115,1532,17,1515
109000116,7,503,-496
109000117,547,31,516
109000118,11,255,-244
109000119,4039,167,3872
109000120,963,1040,-77
109000121,1157,31,1126
109000122,584,450,134
109000123,63,59,4
109000124,2117,544,1573
109000125,1850,472,1378
109000126,1411,608,803
109000127,2914,152,2762
109000128,1329,819,510
109000129,6644,738,5906
109000130,717,869,-152
109000131,1416,1039,377
109000132,515,1769,-1254
109000133,414,649,-235
109000134,986,2625,-1639
109000135,766,3238,-2472
109000136,526,529,-3
109000137,661,747,-86
109000138,1044,301,743
109000139,1483,790,693
109000140,457,290,167
109000141,1320,731,589
109000142,278,643,-365
109000143,255,194,61
109000145,132,330,-198
109000146,27,121,-94
109000148,3496,4178,-682
109000149,20,138,-118
109000150,48,342,-294
109000155,1579,1325,254
109000156,1668,419,1249
109000158,123,337,-214
109000159,165,775,-610
109000160,3172,331,2841
109000161,1177,1777,-600
109000162,4399,818,3581
109000163,2594,1804,790
109000164,3372,2318,1054
109000165,3375,788,2587
109000166,3132,181,2951
109000167,349,662,-313
109000170,73,69,4
109000171,229,39,190
109000172,48,68,-20
109000173,56,279,-223
109000174,409,74,335
109000175,80,157,-77
109000176,1219,482,737
109000177,87,199,-112
109000178,2075,304,1771
109000179,4342,11583,-7241
109000180,5804,5365,439
109000181,44,22,22
109000182,225,24,201
109000183,106,40,66
109000184,88,9,79
109000185,49,27,22
109000188,596,2231,-1635
109000189,6124,2893,3231
109000190,1437,781,656
109000191,584,585,-1
109000192,1397,268,1129
109000193,1159,154,1005
109000194,804,100,704
109000195,693,125,568
109000196,530,86,444
109000197,797,363,434
109000198,594,61,533
109000199,465,407,58
109000206,307,50,257
109000207,448,62,386
109000208,232,225,7
109000209,227,117,110
109000210,391,590,-199
109000211,2363,813,1550
109000214,890,215,675
109000215,197,117,80
109000216,601,688,-87
109000217,245,1301,-1056
109000218,429,669,-240
109000221,244,946,-702
109000222,1111,240,871
109000223,1198,752,446
109000224,150,37,113
109000225,353,31,322
109000226,92,276,-184
109000227,4466,702,3764
109000228,7,1187,-1180
109000231,242,107,135
109000232,1732,68,1664
109000236,496,562,-66
109000241,3251,1409,1842
109000242,1949,830,1119
109000293,119,506,-387
109000361,37,269,-232
109000364,141,1471,-1330
109000396,7,310,-303
109000397,1302,43,1259
109000399,183,418,-235
109000400,202,358,-156
109000403,29,2394,-2365
109000406,1353,7,1346
109000407,349,133,216
109000408,3,977,-974
109000410,1288,388,900
109000411,628,68,560
109900001,322,3,319
109900002,1962,29,1933
109900003,1151,5,1146
109900004,364,132,232
109900005,44,0,44
109900006,1226,126,1100
109900007,2934,210,2724
109900008,0,38,-38
109900009,320,330,-10
109900010,1414,154,1260
109900011,32,84,-52
109900012,825,1477,-652
109900013,597,558,39
109900014,764,189,575
109900015,243,138,105
109900016,222,12,210
109900017,584,468,116
109900018,393,18,375
109900019,498,130,368
109900020,150,71,79
109900021,134,25,109
109900022,190,533,-343
109900023,50,25,25
109900024,10,21,-11
109900025,5,61,-56
109900026,7,133,-126
109900027,94,54,40
109900028,516,3782,-3266
109900029,10,170,-160
109900030,58,42,16
109900031,3,978,-975
109900032,8,225,-217
109900033,4,686,-682
109900034,117,4,113
109900035,115,243,-128
109900036,59,62,-3
109900037,28,312,-284
109900038,131,409,-278
109900039,18,1,17
109900040,41,337,-296
109900041,114,418,-304
109900042,53,4825,-4772
109900044,187,533,-346
109900045,208,70,138
109900046,54,171,-117
109900047,431,426,5
109900048,4,265,-261
109900049,22,122,-100
109900050,0,49,-49
109900051,0,6,-6
109900052,83,296,-213
109900053,2,77,-75
109900054,2158,194,1964
109900055,151,183,-32
109900056,78,612,-534
109900057,3,44,-41
109900058,1,50,-49
109900059,2617,109,2508
109900060,2258,116,2142
109900061,151,84,67
109900062,0,135,-135
109900063,4,775,-771
109900064,1443,199,1244
109900065,168,133,35
109900066,541,714,-173
109900067,1,173,-172
109900068,155,6,149
109900069,236,30,206
109900070,90,111,-21
109900071,93,36,57
109900072,78,130,-52
109900073,1329,178,1151
109900074,31,26,5
109900075,56,48,8
109900076,46,65,-19
109900077,116,37,79
109900078,179,156,23
109900080,441,139,302
109900081,17,284,-267
109900082,171,176,-5
109900083,54,48,6
109900084,56,279,-223
109900085,124,301,-177
109900086,242,2029,-1787
109900087,94,468,-374
109900089,1750,242,1508
109900090,284,763,-479
109900091,946,222,724
109900092,550,291,259
109900093,2443,217,2226
109900094,151,126,25
109900095,97,243,-146
109900096,242,13,229
109900097,386,3,383
109900098,1306,66,1240
109900099,732,7,725
109900100,159,1,158
109900101,1949,8,1941
109900102,1319,36,1283
109900103,83,116,-33
109900104,2167,124,2043
109900105,1224,49,1175
109900106,843,44,799
109900107,2272,108,2164
109900108,643,473,170
109900109,117,797,-680
109900110,122,181,-59
109900111,140,392,-252
109900112,227,247,-20
109900113,1305,798,507
109900114,1061,2550,-1489
109900115,265,195,70
109900117,2846,113,2733
109900118,246,228,18
109900119,164,576,-412
109900120,254,27,227
109900121,478,358,120
109900122,1148,9,1139
109900123,32,82,-50
109900124,189,267,-78
109900125,0,289,-289
109900126,898,38,860
109900128,852,126,726
109900130,4073,7179,-3106
109900131,107,84,23
109900132,54,94,-40
109900133,218,260,-42
109900134,66,688,-622
109900135,479,56,423
109900136,133,286,-153
109900137,440,406,34
109900140,397,162,235
109900142,4048,308,3740
109900145,12,1182,-1170
109900146,243,40,203
109900148,51,79,-28
109900149,84,54,30
109900150,122,82,40
109900151,21,52,-31
109900152,1,42,-41
109900153,1,560,-559
109900154,81,1,80
109900155,97,54,43
109900157,36,100,-64
109900158,94,154,-60
109900159,310,75,235
109900160,340,40,300
109900161,798,98,700
109900162,748,235,513
109900163,522,299,223
109900164,72,346,-274
109900165,586,13,573
109900166,1,106,-105
109900167,266,379,-113
109900168,316,723,-407
109900169,339,203,136
109900170,475,3658,-3183
109900171,736,145,591
109900172,608,699,-91
109900173,2276,4425,-2149
109900174,69,144,-75
109900175,176,258,-82
109900176,398,362,36
109900177,105,180,-75
109900178,1,1291,-1290
109900179,12,228,-216
109900180,16,18,-2
110000001,958,646,312
110000002,782,1056,-274
110000003,809,1212,-403
110000004,564,948,-384
110000005,484,3055,-2571
110000006,406,420,-14
110000007,310,174,136
110000008,39,519,-480
110000009,77,41,36
110000010,75,224,-149
110000011,74,75,-1
110000012,1478,267,1211
110000013,119,1710,-1591
110000014,918,560,358
110000015,406,1350,-944
110000016,606,2966,-2360
110000017,4691,655,4036
110000018,4160,423,3737
110000019,23,188,-165
110000020,1824,500,1324
110000021,202,856,-654
110000022,2500,186,2314
110000023,7,267,-260
110000024,721,961,-240
110000025,2474,9,2465
110000026,2,275,-273
110000027,680,3408,-2728
110000028,1833,705,1128
110000029,645,646,-1
110000030,731,687,44
110000031,386,300,86
110000032,1999,287,1712
110000033,348,675,-327
110000034,1071,797,274
110000035,895,571,324
110000036,3035,1059,1976
110000037,403,679,-276
110000038,581,1183,-602
110000039,1911,12136,-10225
110000040,422,425,-3
110000041,451,4361,-3910
110000042,185,1292,-1107
110000043,1259,782,477
110000044,61,2128,-2067
110000045,453,510,-57
110000046,6,87,-81
110000047,16,429,-413
110000048,4,193,-189
110000049,16,35,-19
110000050,8,397,-389
110000051,26,18,8
110000052,101,30,71
110000053,14,14,0
110000054,222,3255,-3033
110000055,257,449,-192
110000056,136,449,-313
110000057,501,885,-384
110000058,1812,701,1111
110000059,1189,1012,177
110000060,2501,1327,1174
110000061,659,1077,-418
110000062,849,1274,-425
110000063,150,494,-344
110000064,75,53,22
110000065,470,384,86
110000066,245,40,205
110000067,107,182,-75
110000068,619,125,494
110000069,1337,61,1276
110000071,1167,51,1116
110000073,57,16,41
110000075,36,280,-244
110000076,755,956,-201
110000077,509,2786,-2277
110000078,262,21,241
110000080,335,429,-94
110000081,73,452,-379
110000082,39,531,-492
110000083,492,427,65
110000084,2469,1890,579
110000085,1025,1458,-433
110000086,1343,4417,-3074
110000087,54,80,-26
110000088,241,445,-204
110000089,815,87,728
110000090,185,413,-228
110000091,1115,214,901
110000092,72,35,37
110000093,117,41,76
110000094,835,290,545
110000095,325,1073,-748
110000096,1736,3649,-1913
110000097,1277,2662,-1385
110000098,3624,1140,2484
110000099,1532,2248,-716
110000100,3103,270,2833
110000101,141,162,-21
110000102,177,51,126
110000104,675,663,12
110000105,63,662,-599
110000106,927,806,121
110000107,214,496,-282
110000108,174,283,-109
110000109,301,414,-113
110000110,3110,4965,-1855
110000111,5209,4654,555
110000112,226,1662,-1436
110000113,108,4744,-4636
110000114,875,1394,-519
110000115,1069,529,540
110000116,163,98,65
110000117,883,364,519
110000118,1406,183,1223
110000119,1118,370,748
110000120,873,247,626
110000121,197,739,-542
110000122,390,367,23
110000123,1091,479,612
110000124,2,620,-618
110000125,1631,19,1612
110000126,478,33,445
110000127,2251,304,1947
110000128,41,958,-917
110000129,0,431,-431
110000130,506,771,-265
110000131,84,365,-281
110000132,2,491,-489
110000133,88,693,-605
110000134,32,503,-471
110000135,353,87,266
110000136,110,383,-273
110000137,1545,728,817
110000138,1817,794,1023
110000139,3060,582,2478
110000140,1295,1456,-161
110000143,859,553,306
110000144,2640,2899,-259
110000145,2299,2711,-412
110000146,1982,2141,-159
110000147,582,2429,-1847
110000148,1479,337,1142
110000151,651,2670,-2019
110000152,592,1095,-503
110000153,700,17,683
110000154,169,43,126
110000155,1077,2921,-1844
110000156,1164,2146,-982
110000157,1407,3253,-1846
110000160,602,420,182
110000161,476,446,30
110000166,1895,165,1730
110000167,3244,1070,2174
110000168,1395,1282,113
110000169,1656,574,1082
110000170,413,189,224
110000171,1854,152,1702
110000172,716,609,107
110000173,796,857,-61
110000174,234,517,-283
110000175,2496,161,2335
110000176,123,1436,-1313
110000177,464,3104,-2640
110000178,685,5170,-4485
110000179,2344,454,1890
110000180,993,597,396
110000181,2110,578,1532
110000182,966,231,735
110000183,10903,15016,-4113
110000184,629,6925,-6296
110000185,932,1611,-679
110000186,779,1459,-680
110000191,2876,238,2638
110000192,1062,19,1043
110000193,2555,36,2519
110000194,2,645,-643
110000195,1374,99,1275
110000196,1582,69,1513
110000197,226,42,184
110000198,139,125,14
110000199,144,872,-728
110000200,916,1166,-250
110000201,1777,3915,-2138
110000202,1786,671,1115
110000203,537,699,-162
110000204,2,291,-289
110000205,665,74,591
110000206,578,1124,-546
110000207,3026,352,2674
110000208,387,576,-189
110000209,67,1256,-1189
110000210,2662,859,1803
110000211,1557,1267,290
110000212,1013,2394,-1381
110000213,816,60,756
110000214,1017,77,940
110000215,386,233,153
110000216,212,121,91
110000217,1378,160,1218
110000218,433,156,277
110000219,868,48,820
110000220,92,71,21
110000221,1383,17,1366
110000222,142,132,10
110000223,17,99,-82
110000224,4,6,-2
110000225,354,1171,-817
110000226,693,100,593
110000227,1096,2200,-1104
110000228,845,181,664
110000229,0,107,-107
110000230,938,1179,-241
110000231,525,800,-275
110000232,215,1007,-792
110000233,252,2072,-1820
110000234,739,5050,-4311
110000235,3417,1842,1575
110000236,1572,681,891
110000237,4604,2713,1891
110000238,1375,2113,-738
110000239,3488,1774,1714
110000240,1,15,-14
110000242,0,6,-6
110000243,522,57,465
110000244,341,669,-328
110000245,75,411,-336
110000246,1974,663,1311
110000247,1574,3754,-2180
110000248,1493,1388,105
110000249,205,13,192
110000250,12,184,-172
110000251,888,339,549
110000252,800,329,471
110000253,3267,587,2680
110000254,1090,798,292
110000255,209,740,-531
110000256,815,354,461
110000257,454,363,91
110000258,22,1027,-1005
110000259,594,42,552
110000260,110,131,-21
110000263,912,37,875
110000264,1197,581,616
110000265,2395,2877,-482
110000266,1497,2978,-1481
110000267,69,135,-66
110000268,469,282,187
110000269,0,186,-186
110000270,251,6,245
110000271,2780,401,2379
110000272,1845,1934,-89
110000273,1668,1462,206
110000274,486,5963,-5477
110000275,2722,1216,1506
110000276,394,1607,-1213
110000277,612,655,-43
110000278,727,1002,-275
110000279,1152,888,264
110000280,1286,854,432
110000281,126,294,-168
110000282,216,44,172
110000283,20,110,-90
110000284,15,30,-15
110000285,3,609,-606
110000286,7,0,7
110000287,210,8,202
110000288,0,134,-134
110000289,744,5144,-4400
110000290,630,1120,-490
110000291,4705,1234,3471
110000292,1487,13111,-11624
110000293,1093,557,536
110000294,2719,3005,-286
110000295,253,829,-576
110000296,1520,645,875
110000297,4044,414,3630
110000298,139,534,-395
110000299,264,80,184
110000301,1063,82,981
110000302,838,2814,-1976
110000303,971,46,925
110000304,385,222,163
110000305,2901,47,2854
110000306,740,1096,-356
110000307,4728,11,4717
110000308,1035,6,1029
110000309,3,961,-958
110000310,1795,36,1759
110000311,5,668,-663
110000312,1051,109,942
110000313,2721,2265,456
110000314,0,161,-161
110000315,2284,1967,317
110000316,724,1329,-605
110000317,176,3561,-3385
110000318,3,56,-53
110000319,9,9,0
110000320,35,87,-52
110000321,41,71,-30
110000322,394,384,10
110000323,1064,405,659
110000324,3902,1862,2040
110000325,2178,8155,-5977
110000327,635,357,278
110000328,130,720,-590
110000333,2448,2394,54
110000334,563,2229,-1666
110000335,866,846,20
110000336,915,2202,-1287
110000337,3207,1137,2070
110000338,871,557,314
110000339,702,469,233
110000340,36,482,-446
110000341,1194,561,633
110000342,245,5,240
110000343,0,10,-10
110000344,199,3411,-3212
110000345,385,3728,-3343
110000346,1953,3096,-1143
110000347,3352,1366,1986
110000348,55,16,39
110000349,10,38,-28
110000350,190,4,186
110000351,2593,730,1863
110000352,1305,3471,-2166
110000353,4887,502,4385
110000354,1913,8757,-6844
110000355,316,52,264
110000356,2804,30,2774
110000357,1247,15,1232
110000361,113,36,77
110000362,220,21,199
110000363,1816,163,1653
110000364,859,851,8
110000365,252,3,249
110000366,1,204,-203
110000367,1043,428,615
110000368,8,109,-101
110000369,199,13,186
110000373,0,1079,-1079
110000374,188,65,123
110000375,185,1442,-1257
110000376,31,99,-68
110000377,99,518,-419
110000378,19,806,-787
110000379,3288,4716,-1428
110000380,213,18,195
110000383,3,899,-896
110000384,1395,242,1153
110000385,3,305,-302
110000387,278,1,277
110000388,137,203,-66
110000389,2113,61,2052
110000391,2101,473,1628
110000396,568,196,372
110000397,345,77,268
110000398,18,62,-44
110000399,577,1,576
110000587,221,856,-635
110000589,423,234,189
110000640,342,19,323
110000652,26,1109,-1083
110000653,681,252,429
110000654,4,430,-426
110000656,0,322,-322
110000674,106,57,49
110000675,54,158,-104
110000676,0,129,-129
110000679,90,1124,-1034
110000682,188,397,-209
110000683,378,482,-104
110000684,2,90,-88
110000685,15,44,-29
110000686,3,206,-203
110000687,16,7,9
110000688,75,2303,-2228
110000689,164,38,126
110000692,30,406,-376
110000693,53,1236,-1183
110000694,1,192,-191
110000695,222,1252,-1030
110000696,94,80,14
110900001,774,49,725
110900002,599,1534,-935
110900003,2886,290,2596
110900004,1182,34,1148
110900005,1477,9288,-7811
110900006,162,82,80
110900007,527,194,333
110900008,3,68,-65
110900009,623,790,-167
110900010,19,46,-27
110900011,40,134,-94
110900012,12,40,-28
110900013,2344,235,2109
110900014,475,43,432
110900015,362,959,-597
110900016,137,53,84
110900017,1222,121,1101
110900018,541,32,509
110900019,787,22,765
110900020,420,243,177
110900021,128,998,-870
110900022,91,166,-75
110900023,151,971,-820
110900024,131,201,-70
110900025,63,197,-134
110900027,72,157,-85
110900028,75,80,-5
110900029,29,145,-116
110900030,58,114,-56
110900031,5,156,-151
110900032,0,45,-45
110900033,70,289,-219
110900035,21,936,-915
110900036,253,1,252
110900037,483,27,456
110900038,822,247,575
110900039,7,353,-346
110900040,505,16,489
110900041,48,43,5
110900042,228,107,121
110900043,0,64,-64
110900044,656,68,588
110900045,184,301,-117
110900046,11,124,-113
110900047,352,1207,-855
110900049,232,220,12
110900050,59,5,54
110900051,29,103,-74
110900052,5,219,-214
110900053,459,24,435
110900054,118,255,-137
110900055,40,9,31
110900056,46,115,-69
110900057,5,140,-135
110900058,896,235,661
110900059,1263,191,1072
110900060,614,227,387
110900061,6,43,-37
110900062,452,118,334
110900063,158,100,58
110900064,17,0,17
110900065,62,144,-82
110900066,26,81,-55
110900067,332,1172,-840
110900068,1048,221,827
110900069,5,16,-11
110900071,146,1893,-1747
110900073,0,9,-9
110900074,1061,127,934
110900075,997,112,885
110900077,2724,646,2078
110900078,443,14,429
110900079,878,1718,-840
110900080,309,147,162
110900081,52,6,46
110900082,491,107,384
110900083,312,53,259
110900084,171,29,142
110900085,351,208,143
110900086,135,469,-334
110900087,894,413,481
110900088,16,2,14
110900090,133,196,-63
110900091,3,28,-25
110900093,323,205,118
110900095,193,24,169
110900097,73,18,55
110900098,114,102,12
110900099,83,349,-266
110900100,0,16,-16
110900102,107,55,52
110900105,3705,132,3573
110900108,92,27,65
110900111,2461,115,2346
110900112,1314,32,1282
110900113,433,173,260
110900115,34,119,-85
110900116,2575,734,1841
110900118,159,7568,-7409
110900119,1846,195,1651
110900120,401,45,356
110900121,209,1,208
110900122,1014,400,614
110900125,577,1611,-1034
110900127,301,1830,-1529
110900128,101,420,-319
110900129,168,1500,-1332
110900130,330,605,-275
110900131,671,350,321
110900132,1067,173,894
110900133,189,342,-153
110900135,75,348,-273
110900136,619,36,583
110900137,10,0,10
110900138,678,1762,-1084
110900139,5,784,-779
110900140,12,0,12
110900141,30,700,-670
110900142,144,240,-96
110900143,520,62,458
110900144,1,184,-183
110900145,420,275,145
110900146,215,889,-674
110900147,112,936,-824
110900148,0,483,-483
110900149,11,161,-150
110900150,40,20,20
110900151,10,58,-48
110900152,128,54,74
110900153,389,102,287
111000001,2695,1518,1177
111000002,1130,732,398
111000003,4616,2463,2153
111000004,1590,1925,-335
111000005,1780,3570,-1790
111000006,1595,3903,-2308
111000007,8233,11033,-2800
111000008,5807,6932,-1125
111000009,672,1754,-1082
111000010,3051,575,2476
111000011,232,1176,-944
111000012,742,547,195
111000013,950,2344,-1394
111000014,3848,1055,2793
111000017,65,927,-862
111000018,299,453,-154
111000020,1063,1299,-236
111000021,48,148,-100
111000023,296,252,44
111000025,5230,6613,-1383
111000029,248,153,95
111000030,58,67,-9
111000031,2570,1106,1464
111000032,950,587,363
111000033,406,173,233
111000034,63,274,-211
111000037,1960,578,1382
111000038,2699,2717,-18
111000039,2740,2763,-23
111000040,2204,1658,546
111000041,792,746,46
111000042,3479,3429,50
111000043,3605,11589,-7984
111000044,3433,1108,2325
111000045,5995,3166,2829
111000046,4343,2646,1697
111000047,4776,11063,-6287
111000049,940,483,457
111000050,2054,855,1199
111000051,1084,1121,-37
111000052,960,1992,-1032
111000053,352,773,-421
111000054,548,1045,-497
111000055,1197,2064,-867
111000056,270,1101,-831
111000057,212,240,-28
111000058,1455,128,1327
111000059,1432,581,851
111000060,10584,1676,8908
111000061,1540,692,848
111000062,2268,1089,1179
111000063,2032,1989,43
111000064,1906,793,1113
111000065,2596,1428,1168
111000066,1659,614,1045
111000067,2671,582,2089
111000068,1834,787,1047
111000069,1970,2344,-374
111000070,1081,561,520
111000071,395,451,-56
111000072,2799,1387,1412
111000073,424,2835,-2411
111000074,3522,2606,916
111000075,1188,1327,-139
111000076,1501,1976,-475
111000077,1460,1285,175
111000078,2547,854,1693
111000079,1362,1036,326
111000080,1848,751,1097
111000081,2706,10601,-7895
111000082,1804,1052,752
111000084,1783,1008,775
111000085,1909,1489,420
111000086,3866,1277,2589
111000087,1318,669,649
111000088,10732,8208,2524
111000089,1337,753,584
111000090,756,1166,-410
111000091,1232,424,808
111000092,3983,936,3047
111000093,1799,1761,38
111000094,3785,2079,1706
111000095,1973,5293,-3320
111000096,1316,15123,-13807
111000097,4507,1375,3132
111000098,585,1491,-906
111000099,726,2213,-1487
111000100,837,2452,-1615
111000101,620,1154,-534
111000102,495,767,-272
111000104,1893,1021,872
111000107,175,1019,-844
111000109,1640,450,1190
111000110,3223,1246,1977
111000111,7824,654,7170
111000112,4839,497,4342
111000113,999,4398,-3399
111000114,1908,10785,-8877
111000115,4425,1703,2722
111000116,1252,1253,-1
111000117,359,1348,-989
111000118,1305,1382,-77
111000119,3141,1160,1981
111000120,1338,1219,119
111000121,493,1537,-1044
111000122,742,904,-162
111000123,2149,1821,328
111000124,620,2978,-2358
111000125,540,1720,-1180
111000126,171,1260,-1089
111000127,2513,330,2183
111000128,6045,747,5298
111000129,7372,900,6472
111000130,6053,753,5300
111000131,6643,848,5795
111000132,3583,3527,56
111000133,518,203,315
111000134,701,128,573
111000135,137,309,-172
111000136,842,503,339
111000138,77,9,68
111000140,14,2,12
111000141,454,705,-251
111000142,11,152,-141
111000143,3,444,-441
111000144,81,1581,-1500
111000145,141,9,132
111000146,210,10,200
111000147,183,37,146
111000148,494,117,377
111000149,28,42,-14
111000150,166,10,156
111000151,67,122,-55
111000153,701,399,302
111000154,462,226,236
111000155,193,203,-10
111000156,1500,563,937
111000157,353,797,-444
111000158,1473,1122,351
111000159,4482,1733,2749
111000160,790,361,429
111000161,8,610,-602
111000162,11,80,-69
111000163,1967,1232,735
111000164,496,5157,-4661
111000165,858,260,598
111000166,548,153,395
111000167,156,300,-144
111000168,354,459,-105
111000169,691,311,380
111000170,493,312,181
111000171,714,457,257
111000172,418,745,-327
111000173,458,1070,-612
111000174,657,246,411
111000175,81,1255,-1174
111000176,1193,78,1115
111000177,1808,255,1553
111000178,3809,240,3569
111000179,588,124,464
111000180,463,411,52
111000181,4315,295,4020
111000182,582,251,331
111000183,359,592,-233
111000184,526,245,281
111000185,820,688,132
111000186,503,620,-117
111000187,440,249,191
111000188,974,585,389
111000189,502,410,92
111000190,559,162,397
111000191,420,212,208
111000192,183,216,-33
111000193,465,205,260
111000194,60,547,-487
111000195,152,1784,-1632
111000196,125,134,-9
111000197,1641,194,1447
111000198,1308,181,1127
111000199,721,471,250
111000200,1484,840,644
111000201,2078,158,1920
111000202,1118,145,973
111000203,905,381,524
111000204,568,3555,-2987
111000213,494,697,-203
111000214,2404,1428,976
111000215,1981,1160,821
111000217,3381,933,2448
111000218,3595,1242,2353
111000219,544,283,261
111000220,1359,783,576
111000221,465,355,110
111000224,2,226,-224
111000225,1369,1036,333
111000226,247,5,242
111000227,30,5,25
111000228,17,1290,-1273
111000229,36,2561,-2525
111000230,312,172,140
111000231,2888,507,2381
111000232,2305,1567,738
111000233,3411,791,2620
111000234,449,1619,-1170
111000239,180,53,127
111000240,111,907,-796
111000241,176,169,7
111000242,848,123,725
111000243,405,562,-157
111000244,2029,882,1147
111000245,1563,746,817
111000246,1279,204,1075
111000247,1296,462,834
111000248,1405,317,1088
111000249,1143,340,803
111000250,140,38,102
111000251,134,75,59
111000253,121,42,79
111000255,135,8,127
111000257,207,32,175
111000260,81,857,-776
111000261,3265,209,3056
111000271,60,588,-528
111000273,5858,1602,4256
111000274,2960,5875,-2915
111000275,414,101,313
111000276,424,1042,-618
111000277,559,405,154
111000278,645,327,318
111000291,3551,25973,-22422
111000298,905,429,476
111000299,1699,291,1408
111000300,69,593,-524
111000302,765,128,637
111000303,227,200,27
111000312,85,90,-5
111000315,0,83,-83
111000320,283,351,-68
111000321,787,300,487
111000322,1213,197,1016
111000323,716,115,601
111000324,478,195,283
111000325,72,84,-12
111000326,451,269,182
111000327,571,428,143
111000328,734,1906,-1172
111000329,26,53,-27
111000330,291,25,266
111000331,31,5,26
111000332,783,1309,-526
111000334,405,1277,-872
111000335,2383,408,1975
111000337,4150,358,3792
111000338,257,224,33
111000339,1879,283,1596
111000340,315,1819,-1504
111000341,3639,2486,1153
111000342,131,1025,-894
111000344,2406,664,1742
111000345,384,110,274
111000346,23,143,-120
111000347,391,9,382
111000350,438,224,214
111000351,233,697,-464
111000352,478,206,272
111000353,247,222,25
111000354,1090,575,515
111000355,741,695,46
111000358,283,856,-573
111000360,390,237,153
111000361,402,111,291
111000546,2350,1760,590
111000547,829,1983,-1154
111000548,474,317,157
111000549,509,488,21
111000550,60,1843,-1783
111000551,773,166,607
111000552,872,212,660
111000907,2919,37,2882
111000908,405,1,404
111000916,5000,513,4487
111000917,150,280,-130
111000918,512,570,-58
111000920,1791,27,1764
111000921,72,143,-71
111000922,1951,170,1781
111000924,94,585,-491
111000925,8489,3520,4969
111000926,1839,1894,-55
111000927,3544,8964,-5420
111000928,5213,2057,3156
111000929,3594,2063,1531
111000930,2139,2133,6
111000931,3577,2793,784
111000932,3751,1890,1861
111000933,5249,6135,-886
111000934,2284,2211,73
111000935,5622,2136,3486
111000936,2694,1633,1061
111000937,2556,2514,42
111000938,2110,1347,763
111000939,1736,86,1650
111000940,1920,83,1837
111000941,690,1891,-1201
111000943,1189,207,982
111000944,323,258,65
111000945,567,1710,-1143
111001109,975,2106,-1131
111001110,259,470,-211
111001111,300,37,263
111001112,63,2,61
111001113,2,1231,-1229
111001114,1061,423,638
111001115,24,2562,-2538
111001116,5345,12589,-7244
111001117,533,4543,-4010
111001120,182,445,-263
111001121,779,107,672
111001122,554,139,415
111001123,724,188,536
111001124,223,67,156
111900001,139,43,96
111900002,273,238,35
111900003,5,121,-116
111900004,17,33,-16
111900006,31,284,-253
111900007,861,28,833
111900008,1111,17,1094
111900009,812,36,776
111900010,62,457,-395
111900012,27,82,-55
111900013,114,58,56
111900014,2226,14345,-12119
111900015,0,119,-119
111900016,0,37,-37
111900017,2,43,-41
111900018,291,8,283
111900019,12,299,-287
111900020,2,58,-56
111900021,41,57,-16
111900022,38,54,-16
111900023,109,59,50
111900024,76,252,-176
111900025,1,184,-183
111900026,0,28,-28
111900027,15,272,-257
111900028,13,63,-50
111900029,51,23,28
111900030,112,492,-380
111900031,30,38,-8
111900032,0,57,-57
111900033,142,39,103
111900034,106,322,-216
111900035,150,626,-476
111900036,0,33,-33
111900038,137,287,-150
111900039,58,340,-282
111900040,0,73,-73
111900042,65,184,-119
111900043,0,111,-111
111900044,118,206,-88
111900046,19,127,-108
111900048,1159,194,965
111900049,15,170,-155
111900050,373,43,330
111900051,16,46,-30
111900052,128,216,-88
111900053,503,4888,-4385
111900054,724,17,707
111900055,1,147,-146
111900056,127,636,-509
111900057,464,37,427
111900058,1652,265,1387
111900059,1603,1671,-68
111900060,712,8,704
111900061,6,74,-68
111900062,167,202,-35
111900063,599,188,411
111900064,25,70,-45
111900065,451,66,385
111900066,256,367,-111
111900067,5,275,-270
111900068,75,199,-124
111900069,259,31,228
111900070,483,91,392
111900071,1,142,-141
111900072,108,238,-130
111900073,3387,869,2518
111900074,5,303,-298
111900075,109,46,63
111900076,775,318,457
111900077,114,9,105
111900078,1134,168,966
111900079,100,122,-22
111900080,182,209,-27
111900082,408,132,276
111900083,629,133,496
111900084,283,4,279
111900085,151,147,4
111900086,176,35,141
111900087,176,2,174
111900088,2082,101,1981
111900089,300,13,287
111900090,193,290,-97
111900091,1893,65,1828
111900092,265,1,264
111900093,1837,62,1775
111900094,371,5,366
111900095,1027,100,927
111900096,794,14,780
111900097,231,0,231
111900098,1477,25,1452
111900099,210,0,210
111900100,238,13,225
111900101,322,26,296
111900102,2015,954,1061
111900103,115,385,-270
111900104,251,176,75
111900105,201,466,-265
111900106,437,11,426
111900110,2444,503,1941
111900111,632,69,563
111900112,599,11567,-10968
111900113,634,120,514
111900118,1134,105,1029
111900119,558,179,379
111900122,70,95,-25
111900123,12,53,-41
111900124,64,22,42
111900125,1414,178,1236
111900126,1193,11,1182
111900127,8,336,-328
111900128,96,298,-202
111900129,601,26,575
111900130,506,173,333
111900131,1511,2,1509
111900132,122,437,-315
111900133,14,379,-365
111900134,7,167,-160
111900135,11,69,-58
111900136,46,179,-133
111900137,40,26,14
111900138,75,27,48
111900139,134,52,82
111900140,263,64,199
111900141,208,30,178
111900142,234,55,179
111900143,320,119,201
111900144,82,49,33
111900145,1,151,-150
111900146,1,71,-70
111900147,43,367,-324
111900148,24,529,-505
111900149,14,230,-216
111900150,45,125,-80
111900151,3,91,-88
111900152,116,86,30
111900153,556,925,-369
111900154,33,1639,-1606
111900155,110,438,-328
111900156,131,105,26
111900157,352,46,306
111900158,1598,140,1458
111900159,1138,166,972
111900160,914,4,910
111900161,957,3,954
111900162,285,733,-448
111900163,34,192,-158
111900164,294,76,218
111901113,1539,48,1491
111901114,991,594,397
111901115,1041,5,1036
111901116,305,5,300
111901117,36,247,-211
111901118,29,1850,-1821
111901119,348,144,204
111901121,20,98,-78
111901122,12,91,-79
111901123,1147,119,1028
111901124,851,42,809
111901125,2340,272,2068
111901127,878,3392,-2514
111901128,16,170,-154
111901129,6,348,-342
111901130,10,74,-64
111901131,5,294,-289
111901132,245,66,179
111901133,335,2,333
111901134,414,5,409
111901135,80,24,56
111901136,214,67,147
111901137,1,68,-67
111901138,25,35,-10
111901139,8,20,-12
111901140,6,55,-49
111901141,6,87,-81
111901142,15,46,-31
111901143,0,156,-156
111901144,91,75,16
111901145,107,1105,-998
111901146,43,12,31
112000001,4597,1523,3074
112000002,1765,2903,-1138
112000003,7493,2068,5425
112000004,2091,571,1520
112000005,6624,8313,-1689
112000006,1107,731,376
112000007,9205,5829,3376
112000008,7851,7427,424
112000009,5029,1911,3118
112000010,9785,9459,326
112000011,2668,1686,982
112000012,7420,9115,-1695
112000013,2139,5034,-2895
112000014,1394,7164,-5770
112000015,1458,5123,-3665
112000016,4805,9915,-5110
112000017,772,9755,-8983
112000024,1551,303,1248
112000026,2502,1860,642
112000027,1394,1239,155
112000028,1036,1448,-412
112000029,1156,1191,-35
112000030,356,58,298
112000031,2523,7129,-4606
112000032,186,14,172
112000033,2522,7326,-4804
112000034,72,30,42
112000035,68,2127,-2059
112000036,259,3165,-2906
112000037,1148,1789,-641
112000038,1493,2736,-1243
112000039,266,93,173
112000040,40,200,-160
112000041,569,495,74
112000042,1668,251,1417
112000050,2232,1978,254
112000051,2443,6552,-4109
112000054,2425,2140,285
112000057,1395,406,989
112000058,383,401,-18
112000059,1116,750,366
112000061,5310,1000,4310
112000062,830,2480,-1650
112000063,281,5355,-5074
112000064,4773,3885,888
112000065,1382,2280,-898
112000066,4677,2043,2634
112000067,753,1065,-312
112000068,5018,4118,900
112000069,768,4808,-4040
112000070,2381,2209,172
112000071,1877,2856,-979
112000072,4707,1660,3047
112000073,1859,4644,-2785
112000074,1346,3128,-1782
112000075,1859,2655,-796
112000076,4748,3729,1019
112000077,2208,771,1437
112000078,4510,1266,3244
112000079,4466,2346,2120
112000080,1621,1421,200
112000081,1727,2164,-437
112000082,2165,846,1319
112000083,1341,1354,-13
112000084,1872,636,1236
112000085,2987,1431,1556
112000086,3626,1329,2297
112000087,1458,351,1107
112000088,1894,289,1605
112000089,797,608,189
112000090,674,471,203
112000091,927,482,445
112000092,4000,1333,2667
112000093,2532,567,1965
112000094,1386,976,410
112000095,1509,446,1063
112000096,1369,788,581
112000097,4634,879,3755
112000098,427,696,-269
112000099,1313,3412,-2099
112000100,4324,1025,3299
112000101,988,444,544
112000102,3035,538,2497
112000103,688,459,229
112000105,624,561,63
112000106,4926,521,4405
112000107,79,246,-167
112000108,1185,1319,-134
112000109,136,133,3
112000110,3796,1001,2795
112000111,1050,6806,-5756
112000112,3926,1072,2854
112000113,1761,2501,-740
112000114,4497,1531,2966
112000115,786,499,287
112000116,1058,1571,-513
112000117,2102,1002,1100
112000118,908,1022,-114
112000119,770,720,50
112000120,75,271,-196
112000121,590,244,346
112000122,1014,149,865
112000123,1837,200,1637
112000124,1065,264,801
112000125,702,737,-35
112000126,1291,183,1108
112000127,4241,4030,211
112000128,1173,915,258
112000129,312,81,231
112000130,824,182,642
112000131,73,187,-114
112000132,270,239,31
112000133,743,116,627
112000134,1177,517,660
112000135,2959,1838,1121
112000136,1574,5039,-3465
112000137,3298,9216,-5918
112000138,2149,3691,-1542
112000139,842,1967,-1125
112000140,430,889,-459
112000141,2090,819,1271
112000142,237,376,-139
112000143,3157,365,2792
112000144,681,676,5
112000145,5495,545,4950
112000146,1134,1000,134
112000147,3797,1876,1921
112000148,1485,1755,-270
112000149,1066,1415,-349
112000150,1017,669,348
112000151,963,256,707
112000152,2072,395,1677
112000153,629,261,368
112000154,293,1012,-719
112000155,415,283,132
112000157,684,2064,-1380
112000158,554,392,162
112000159,2628,557,2071
112000167,685,423,262
112000169,323,2423,-2100
112000173,2584,260,2324
112000175,1148,525,623
112000176,1367,1590,-223
112000177,1798,648,1150
112000178,170,294,-124
112000179,811,85,726
112000180,814,317,497
112000181,1750,1087,663
112000182,4079,699,3380
112000183,45,14,31
112000184,910,451,459
112000185,2841,292,2549
112000187,9306,5347,3959
112000195,414,6,408
112000196,226,1,225
112000197,216,198,18
112000198,64,469,-405
112000199,922,603,319
112000202,1744,73,1671
112000216,86,226,-140
112000230,335,4,331
112000231,8,149,-141
112000256,131,960,-829
112000313,59,63,-4
112000314,192,173,19
112000337,457,2244,-1787
112000352,200,1116,-916
112000392,4255,902,3353
112000398,4494,1291,3203
112000399,2079,14633,-12554
112000400,2780,1359,1421
112000401,1867,1240,627
112000402,6864,8012,-1148
112000403,3110,14735,-11625
112000404,3370,2262,1108
112000405,6466,5258,1208
112000406,3710,1390,2320
112000407,17730,11643,6087
112000408,7443,2774,4669
112000409,1937,1860,77
112000410,482,336,146
112000411,4002,2440,1562
112000412,701,407,294
112000413,6003,9402,-3399
112000414,382,44,338
112000415,116,50,66
112000416,8117,1679,6438
112000417,599,172,427
112000421,156,53,103
112000422,556,356,200
112000424,1937,6617,-4680
112000425,630,551,79
112000426,682,619,63
112000427,1,13,-12
112000428,984,113,871
112000429,3645,3672,-27
112000430,4571,8425,-3854
112000431,193,533,-340
112000432,888,833,55
112000433,567,708,-141
112000437,136,122,14
112900001,123,2,121
112900002,2075,186,1889
112900003,85,104,-19
112900004,129,180,-51
112900005,619,148,471
112900006,89,78,11
112900007,85,44,41
112900008,1,251,-250
112900009,727,499,228
112900010,1101,233,868
112900011,83,462,-379
112900012,1,22,-21
112900013,11,1369,-1358
112900014,9,132,-123
112900015,200,322,-122
112900016,7,922,-915
112900017,415,283,132
112900018,1,101,-100
112900019,55,280,-225
112900020,776,728,48
112900021,0,85,-85
112900022,177,72,105
112900023,0,58,-58
112900024,21,87,-66
112900025,651,194,457
112900026,8,54,-46
112900027,6,301,-295
112900028,284,85,199
112900029,31,63,-32
112900030,70,40,30
112900031,12,1854,-1842
112900032,432,298,134
112900034,0,15,-15
112900035,2,311,-309
112900036,20,321,-301
112900037,646,378,268
112900038,1521,119,1402
112900039,10,242,-232
112900040,4,2979,-2975
112900041,1334,1555,-221
112900042,213,241,-28
112900043,43,79,-36
112900044,361,261,100
112900045,1271,267,1004
112900046,177,93,84
112900047,15,111,-96
112900049,846,44,802
112900050,51,571,-520
112900051,370,367,3
112900052,7,444,-437
112900053,184,419,-235
112900054,706,125,581
112900055,116,106,10
112900056,718,361,357
112900057,98,236,-138
112900058,442,928,-486
112900059,270,1679,-1409
112900060,98,38,60
112900061,250,412,-162
112900062,155,72,83
112900063,44,24,20
112900064,196,91,105
112900065,13,69,-56
112900066,339,671,-332
112900067,413,79,334
112900068,35,155,-120
112900069,4413,2636,1777
112900071,71,26,45
112900072,711,10932,-10221
112900073,414,446,-32
112900074,219,774,-555
112900075,2137,3345,-1208
112900076,119,50,69
112900078,331,1044,-713
112900079,462,96,366
112900080,410,5,405
112900081,83,799,-716
112900082,783,81,702
112900083,429,364,65
112900084,592,556,36
112900086,400,1,399
112900087,3347,327,3020
112900088,566,26,540
112900089,1238,84,1154
112900090,155,136,19
112900091,848,41,807
112900092,76,2745,-2669
112900093,1883,55,1828
112900095,199,1,198
112900096,1492,685,807
112900097,159,332,-173
112900098,289,3,286
112900099,2048,123,1925
112900100,235,2,233
112900101,907,16,891
112900102,105,155,-50
112900103,422,10,412
112900104,352,12,340
112900105,62,0,62
112900106,1217,262,955
112900107,4,3,1
112900108,6,3,3
112900109,448,1,447
112900110,3508,72,3436
112900111,1544,16,1528
112900112,582,3,579
112900113,0,14,-14
112900114,970,40,930
112900115,4535,17,4518
112900116,321,15,306
112900117,100,30,70
112900118,11,50,-39
112900119,1185,27,1158
112900120,791,464,327
112900121,46,84,-38
112900122,25,64,-39
112900123,1252,95,1157
112900124,13,56,-43
112900125,35,433,-398
112900126,209,102,107
112900127,970,169,801
112900128,73,545,-472
112900129,0,780,-780
112900130,636,614,22
112900131,19,811,-792
112900132,684,731,-47
112900133,16,1928,-1912
112900134,8,679,-671
112900135,221,375,-154
112900137,2,445,-443
112900138,30,60,-30
112900139,44,568,-524
112900141,1465,33,1432
112900142,76,795,-719
112900143,7,305,-298
112900144,5,430,-425
112900145,9,287,-278
112900146,5,896,-891
112900147,1,541,-540
112900148,93,2,91
112900149,325,306,19
112900151,3,36,-33
112900152,4110,411,3699
112900153,366,12066,-11700
112900154,2,42,-40
112900155,297,41,256
112900156,2258,465,1793
112900157,1297,30,1267
112900158,223,1,222
112900159,201,766,-565
112900160,66,301,-235
112900161,367,150,217
112900162,30,44,-14
112900163,67,102,-35
112900164,91,313,-222
112900165,72,102,-30
112900166,62,238,-176
112900167,4,1273,-1269
112900168,5,4,1
112900169,3,48,-45
112900170,198,120,78
112900172,80,14,66
112900173,120,200,-80
112900174,971,58,913
112900175,253,521,-268
112900176,16,91,-75
112900177,295,104,191
112900178,882,5753,-4871
112900179,45,489,-444
112900180,4123,1249,2874
112900181,2795,24,2771
112900182,146,331,-185
112900183,158,311,-153
112900184,642,518,124
112900185,200,1162,-962
112900186,1295,1387,-92
112900187,114,730,-616
112900188,978,5090,-4112
112900189,27,41,-14
112900190,37,305,-268
112900192,927,736,191
112900193,1286,469,817
112900194,139,25,114
112900195,1112,89,1023
112900196,820,471,349
112900197,194,536,-342
112900199,1755,149,1606
112900200,1301,113,1188
112900201,295,301,-6
112900202,1243,509,734
112900203,718,71,647
112900204,935,600,335
112900205,41,1,40
112900206,19,39,-20
112900207,91,0,91
112900208,83,1694,-1611
112900209,155,272,-117
112900210,0,2,-2
112900211,140,1,139
112900212,2,17,-15
112900213,92,3,89
112900214,26,25,1
112900215,19,54,-35
112900216,63,24,39
112900217,3,42,-39
112900218,140,13,127
112900219,336,2,334
112900220,2,0,2
112900221,112,97,15
112900222,0,448,-448
112900223,1645,34,1611
112900224,1492,224,1268
112900225,1451,220,1231
112900226,465,494,-29
112900227,2232,329,1903
112900228,230,84,146
112900229,991,14,977
112900230,14340,3846,10494
112900232,879,507,372
112900233,152,191,-39
112900234,73,5,68
112900235,25,7,18
112900236,1432,26,1406
112900237,826,80,746
112900238,17,5,12
112900239,488,1358,-870
113000001,9736,7082,2654
113000002,10690,5382,5308
113000003,4905,3140,1765
113000004,5546,2765,2781
113000005,4221,2890,1331
113000006,2802,2225,577
113000007,5291,2690,2601
113000008,4194,2671,1523
113000009,3092,1517,1575
113000010,3293,1634,1659
113000011,3119,1787,1332
113000012,2887,1164,1723
113000013,970,799,171
113000014,1834,3153,-1319
113000015,242,370,-128
113000016,518,1170,-652
113000017,171,985,-814
113000018,701,56,645
113000019,457,474,-17
113000020,387,228,159
113000021,2959,1416,1543
113000022,1642,6915,-5273
113000025,239,850,-611
113000026,1333,1756,-423
113000027,1005,2540,-1535
113000028,658,4691,-4033
113000029,1757,1484,273
113000030,245,885,-640
113000031,370,344,26
113000032,389,560,-171
113000033,372,610,-238
113000034,347,212,135
113000035,61,69,-8
113000036,34,194,-160
113000037,82,47,35
113000038,37,68,-31
113000039,47,428,-381
113000040,95,134,-39
113000042,1377,1101,276
113000051,4635,4863,-228
113000052,4727,774,3953
113000053,1553,660,893
113000054,1836,1870,-34
113000055,4353,674,3679
113000056,4319,1594,2725
113000058,871,1637,-766
113000059,1305,451,854
113000060,997,1150,-153
113000061,1053,1503,-450
113000062,709,769,-60
113000063,1065,81,984
113000064,308,254,54
113000065,372,564,-192
113000066,2006,247,1759
113000067,5729,1054,4675
113000068,1003,467,536
113000069,1147,596,551
113000070,4575,976,3599
113000071,1506,624,882
113000072,2083,906,1177
113000073,943,2159,-1216
113000074,1612,621,991
113000075,3178,1174,2004
113000076,677,5468,-4791
113000077,1114,1602,-488
113000078,663,2388,-1725
113000079,486,1746,-1260
113000080,863,2153,-1290
113000081,1783,2086,-303
113000082,1507,1769,-262
113000083,944,1560,-616
113000084,3182,1873,1309
113000085,1556,999,557
113000086,1494,3707,-2213
113000087,1726,2747,-1021
113000088,5016,2859,2157
113000089,1044,2715,-1671
113000090,219,1441,-1222
113000091,293,629,-336
113000094,2631,679,1952
113000095,430,1371,-941
113000096,212,1720,-1508
113000097,2437,948,1489
113000098,177,117,60
113000099,2013,700,1313
113000100,223,801,-578
113000101,251,1263,-1012
113000102,1286,908,378
113000103,7968,643,7325
113000104,1448,5678,-4230
113000105,2090,1057,1033
113000106,1051,462,589
113000107,2556,1918,638
113000108,2037,1309,728
113000109,805,1695,-890
113000110,13281,1473,11808
113000111,494,640,-146
113000112,1815,615,1200
113000113,5147,556,4591
113000114,362,1578,-1216
113000116,1316,538,778
113000117,1931,376,1555
113000118,60,1493,-1433
113000119,512,799,-287
113000120,125,647,-522
113000121,688,2367,-1679
113000124,720,233,487
113000125,37,2728,-2691
113000127,2363,312,2051
113000128,3844,472,3372
113000129,596,1455,-859
113000133,4926,848,4078
113000134,5,2743,-2738
113000135,7898,7197,701
113000137,1385,3915,-2530
113000139,389,347,42
113000140,142,204,-62
113000141,100,174,-74
113000142,336,755,-419
113000143,524,198,326
113000144,341,458,-117
113000145,153,223,-70
113000146,167,70,97
113000147,387,66,321
113000148,552,172,380
113000149,374,340,34
113000150,721,538,183
113000151,88,37,51
113000152,77,645,-568
113000153,1784,432,1352
113000154,901,3750,-2849
113000155,868,1419,-551
113000156,401,395,6
113000157,496,400,96
113000158,1111,290,821
113000159,2183,404,1779
113000160,1064,522,542
113000161,728,340,388
113000162,1854,162,1692
113000163,391,61,330
113000164,33,61,-28
113000166,749,125,624
113000167,137,96,41
113000168,400,120,280
113000169,360,50,310
113000170,139,156,-17
113000171,63,201,-138
113000172,691,91,600
113000173,103,71,32
113000174,594,171,423
113000175,1340,93,1247
113000176,1436,114,1322
113000177,413,140,273
113000178,289,305,-16
113000179,784,92,692
113000180,1478,3222,-1744
113000181,2101,1330,771
113000182,189,1114,-925
113000183,447,1041,-594
113000184,63,137,-74
113000189,473,1203,-730
113000190,307,238,69
113000192,598,9060,-8462
113000193,2055,5390,-3335
113000194,1493,7648,-6155
113000195,1946,7973,-6027
113000196,741,132,609
113000197,2679,6955,-4276
113000198,248,760,-512
113000199,3973,931,3042
113000201,1251,1118,133
113000202,27465,5883,21582
113000203,231,1460,-1229
113000204,467,10467,-10000
113000205,42,14,28
113000206,12,131,-119
113000207,169,53,116
113000208,67,192,-125
113000209,21,46,-25
113000210,0,56,-56
113000211,123,346,-223
113000212,47,52,-5
113000213,73,207,-134
113000214,403,621,-218
113000234,522,889,-367
113000410,114,326,-212
113000411,1962,3203,-1241
113000412,11718,1843,9875
113000413,1497,3617,-2120
113000414,6576,17488,-10912
113000415,3314,1773,1541
113000416,3170,2748,422
113000417,1499,2064,-565
113000418,7892,5482,2410
113000419,2853,2804,49
113000420,4443,7380,-2937
113000421,8680,9303,-623
113000422,13941,13917,24
113000423,1882,7084,-5202
113000424,3421,18489,-15068
113000425,46,174,-128
113000428,64,109,-45
113000430,5,374,-369
113000432,5410,463,4947
113000433,135,1326,-1191
113000434,17,147,-130
113000435,38,173,-135
113000436,11,1161,-1150
113000437,3749,120,3629
113000438,1095,57,1038
113000439,74,89,-15
113000440,357,74,283
113000441,425,282,143
113000442,484,36,448
113000443,787,227,560
113000444,1105,45,1060
113000445,184,136,48
113000446,200,265,-65
113000448,1614,687,927
113000449,410,2086,-1676
113000450,3894,6499,-2605
113000451,5896,927,4969
113000452,124,1219,-1095
113000453,48,1668,-1620
113000454,406,471,-65
113000455,18,3477,-3459
113000456,2625,3157,-532
113000468,1180,158,1022
113000469,84,488,-404
113000470,1284,10,1274
113000471,51,760,-709
113000472,100,392,-292
113000474,2787,1451,1336
113000475,2491,1349,1142
113000476,6190,3487,2703
113000477,9733,3715,6018
113000478,4499,4281,218
113000479,252,184,68
113000480,142,912,-770
113000483,0,0,0
113000484,0,0,0
113000485,0,0,0
113000486,0,0,0
113000487,0,0,0
113000488,0,0,0
113000489,0,0,0
113000490,0,0,0
113000491,0,0,0
113000492,0,0,0
113000493,0,0,0
113000495,559,99,460
113000496,276,251,25
113000497,0,0,0
113000500,0,1,-1
113900001,52,4337,-4285
113900002,49,240,-191
113900003,2,428,-426
113900004,11,763,-752
113900005,13,1285,-1272
113900006,2,113,-111
113900007,117,256,-139
113900008,55,0,55
113900009,124,0,124
113900010,136,8,128
113900011,594,3,591
113900012,239,15,224
113900013,173,15,158
113900014,1818,13,1805
113900015,1,41,-40
113900016,101,0,101
113900017,21,37,-16
113900018,166,266,-100
113900019,489,46,443
113900020,399,9,390
113900022,167,2,165
113900023,109,0,109
113900024,247,99,148
113900025,821,140,681
113900026,169,0,169
113900027,28,76,-48
113900028,110,235,-125
113900029,288,92,196
113900030,962,9,953
113900031,105,7,98
113900032,86,1,85
113900033,122,41,81
113900035,117,2,115
113900036,145,134,11
113900037,407,422,-15
113900038,25,263,-238
113900039,604,38,566
113900040,21,56,-35
113900041,26,0,26
113900042,252,28,224
113900043,376,49,327
113900044,96,376,-280
113900045,395,2,393
113900046,282,1519,-1237
113900047,381,97,284
113900048,305,212,93
113900049,149,839,-690
113900050,718,627,91
113900051,504,165,339
113900052,247,132,115
113900053,793,1627,-834
113900054,90,3,87
113900055,217,607,-390
113900056,203,57,146
113900057,20,35,-15
113900058,248,37,211
113900059,557,275,282
113900060,83,688,-605
113900061,1215,189,1026
113900062,269,86,183
113900063,264,49,215
113900064,20,55,-35
113900065,1349,13,1336
113900066,1777,331,1446
113900067,720,1036,-316
113900068,508,1816,-1308
113900069,58,72,-14
113900070,159,304,-145
113900071,228,20,208
113900072,217,84,133
113900073,1257,427,830
113900074,603,1804,-1201
113900075,1379,5023,-3644
113900076,217,69,148
113900077,61,97,-36
113900078,94,7,87
113900079,0,21,-21
113900080,1073,292,781
113900081,198,106,92
113900082,547,494,53
113900083,1151,123,1028
113900084,334,184,150
113900085,29,250,-221
113900086,189,51,138
113900087,152,168,-16
113900088,289,202,87
113900089,760,63,697
113900090,1127,529,598
113900091,5,14,-9
113900092,29,202,-173
113900093,118,3390,-3272
113900094,1609,380,1229
113900095,224,309,-85
113900096,617,172,445
113900097,65,260,-195
113900098,1158,404,754
113900099,0,43,-43
113900100,0,0,0
113900101,2,339,-337
113900102,168,244,-76
113900103,347,716,-369
113900104,222,463,-241
113900105,574,29,545
113900106,0,19,-19
113900107,1,9,-8
113900108,115,664,-549
113900109,389,420,-31
113900110,62,59,3
113900111,482,94,388
113900112,627,62,565
113900113,2500,665,1835
113900114,0,11,-11
113900115,0,8,-8
113900116,65,328,-263
113900117,62,92,-30
113900118,172,1779,-1607
113900119,106,380,-274
113900120,189,77,112
113900121,304,100,204
113900122,773,6617,-5844
113900123,1239,263,976
113900124,1,123,-122
113900125,1836,258,1578
113900126,84,111,-27
113900127,564,1173,-609
113900128,551,147,404
113900129,3,254,-251
113900130,4,329,-325
113900131,408,56,352
113900132,55,208,-153
113900133,17,9,8
113900135,645,822,-177
113900136,77,69,8
113900137,527,472,55
113900138,31,405,-374
113900139,464,662,-198
113900140,12,371,-359
113900141,1577,266,1311
113900142,178,39,139
113900143,15,106,-91
113900144,128,604,-476
113900145,659,260,399
113900146,427,192,235
113900148,75,371,-296
113900149,259,266,-7
113900150,532,219,313
113900151,689,248,441
113900152,76,237,-161
113900153,89,585,-496
113900154,2,134,-132
113900155,70,280,-210
113900156,534,384,150
113900157,121,932,-811
113900158,142,792,-650
113900159,21,227,-206
113900160,861,807,54
113900161,299,443,-144
113900162,275,1048,-773
113900163,521,188,333
113900164,677,36,641
113900165,1039,732,307
113900166,41,74,-33
113900167,754,55,699
113900168,70,62,8
113900169,313,451,-138
113900171,491,64,427
113900172,13,148,-135
113900173,28,254,-226
113900174,872,632,240
113900175,417,160,257
113900176,566,410,156
113900177,298,164,134
113900178,507,316,191
113900179,65,251,-186
113900180,282,135,147
113900181,1922,379,1543
113900182,1098,717,381
113900183,172,36,136
113900184,55,507,-452
113900185,159,64,95
113900186,288,16,272
113900187,46,63,-17
113900188,56,117,-61
113900189,527,271,256
113900190,279,110,169
113900191,101,182,-81
113900192,45,1667,-1622
113900193,5,207,-202
113900194,2002,562,1440
113900195,578,413,165
113900196,14,1040,-1026
113900197,1,83,-82
113900198,48,1149,-1101
113900199,44,413,-369
113900200,19,176,-157
113900201,1,56,-55
113900202,50,86,-36
113900203,0,21,-21
113900204,10,498,-488
113900205,6,50,-44
113900206,3,102,-99
113900207,0,62,-62
113900208,0,31,-31
113900209,0,30,-30
113900210,1869,1510,359
113900211,261,63,198
113900212,790,330,460
113900214,353,589,-236
113900215,80,186,-106
113900216,376,350,26
113900217,288,92,196
113900218,120,154,-34
113900219,308,1070,-762
113900220,237,367,-130
113900221,413,929,-516
113900222,368,1497,-1129
113900223,314,313,1
113900224,57,98,-41
113900225,2038,197,1841
113900226,692,247,445
113900227,451,758,-307
113900228,310,998,-688
113900229,73,2693,-2620
113900230,2766,5285,-2519
113900231,251,114,137
113900232,337,15,322
113900233,218,140,78
113900234,756,764,-8
113900235,177,32,145
113900236,590,132,458
113900237,349,201,148
113900238,210,857,-647
113900239,139,290,-151
113900240,4,335,-331
113900241,94,181,-87
113900242,24,410,-386
113900243,56,195,-139
113900244,188,244,-56
113900245,557,405,152
113900246,27,32,-5
113900247,104,1044,-940
113900248,3421,3755,-334
113900249,568,929,-361
113900250,108,1380,-1272
113900251,2501,131,2370
113900252,2085,59,2026
113900253,1203,63,1140
113900254,692,303,389
113900255,1942,26,1916
113900256,842,34,808
113900257,51,418,-367
113900258,45,201,-156
113900259,1557,123,1434
113900260,591,17,574
113900261,69,75,-6
113900262,339,242,97
113900263,14,380,-366
113900264,0,265,-265
113900265,212,740,-528
113900266,76,159,-83
113900267,112,1184,-1072
113900268,369,800,-431
113900269,347,244,103
113900270,451,838,-387
113900271,1175,497,678
113900273,23,18,5
113900274,63,89,-26
113900275,10,368,-358
113900276,1,127,-126
113900277,591,18,573
113900278,197,237,-40
113900279,122,33,89
113900280,1811,739,1072
113900281,238,1429,-1191
113900282,561,425,136
113900283,777,1021,-244
113900284,2458,172,2286
113900285,148,13,135
113900286,64,24,40
113900287,150,30,120
113900288,7,373,-366
113900289,393,306,87
113900290,639,1102,-463
113900291,156,117,39
113900292,4,19,-15
113900293,3,447,-444
113900294,1505,32,1473
113900295,655,591,64
113900296,3370,473,2897
113900297,3769,58,3711
113900298,46,2871,-2825
113900299,296,6,290
113900300,6444,7357,-913
113900301,612,1440,-828
113900302,1756,1630,126
113900303,231,2501,-2270
113900304,9,168,-159
113900305,399,1,398
113900306,280,1,279
113900307,20,0,20
113900308,48,140,-92
113900309,0,468,-468
113900310,0,2,-2
113900311,64,0,64
113900312,280,369,-89
113900313,36,4,32
114000001,1549,1974,-425
114000002,781,364,417
114000003,324,307,17
114000004,1186,541,645
114000005,835,326,509
114000006,1606,1675,-69
114000007,1324,1231,93
114000008,2849,2677,172
114000009,2432,466,1966
114000011,5410,2356,3054
114000012,7703,2223,5480
114000013,3917,1628,2289
114000014,1235,116,1119
114000015,4312,256,4056
114000016,994,135,859
114000017,286,1636,-1350
114000018,145,106,39
114000026,5131,2003,3128
114000027,6782,4532,2250
114000028,3060,6362,-3302
114000038,651,281,370
114000039,149,27,122
114000040,305,802,-497
114000042,375,282,93
114000043,62,68,-6
114000044,689,33,656
114000045,36,36,0
114000046,2225,5978,-3753
114000047,22,219,-197
114000048,246,68,178
114000049,3797,2284,1513
114000050,3700,2116,1584
114000051,5835,3108,2727
114000052,5837,4387,1450
114000053,54,971,-917
114000054,306,1188,-882
114000055,613,82,531
114000056,161,1421,-1260
114000057,5112,2353,2759
114000058,92,1865,-1773
114000059,78,2380,-2302
114000060,894,1420,-526
114000061,3697,5348,-1651
114000062,433,1749,-1316
114000063,1487,1560,-73
114000064,2039,7395,-5356
114000065,1421,2409,-988
114000066,1193,1444,-251
114000067,59,2390,-2331
114000068,520,1443,-923
114000069,2238,777,1461
114000070,4399,2264,2135
114000071,1958,1048,910
114000072,1429,411,1018
114000073,33,29,4
114000074,218,23,195
114000075,148,122,26
114000076,54,68,-14
114000077,11,6,5
114000078,930,655,275
114000079,588,97,491
114000080,219,135,84
114000081,164,206,-42
114000082,122,554,-432
114000083,171,83,88
114000084,432,204,228
114000085,138,266,-128
114000086,452,319,133
114000087,656,81,575
114000088,60,30,30
114000089,598,280,318
114000090,1426,2203,-777
114000091,1355,1419,-64
114000092,791,561,230
114000093,2267,679,1588
114000094,1033,692,341
114000095,475,323,152
114000096,121,510,-389
114000097,216,261,-45
114000098,1048,221,827
114000099,2047,96,1951
114000100,2893,441,2452
114000101,829,365,464
114000102,1249,437,812
114000103,180,165,15
114000104,64,270,-206
114000105,659,232,427
114000106,1286,5210,-3924
114000107,1028,249,779
114000108,1386,827,559
114000109,1283,4705,-3422
114000110,887,1237,-350
114000111,4491,2378,2113
114000112,664,1225,-561
114000113,2148,687,1461
114000114,492,1190,-698
114000115,3321,963,2358
114000116,1760,6749,-4989
114000117,7752,1355,6397
114000118,7818,712,7106
114000119,6338,756,5582
114000120,1137,1053,84
114000121,921,851,70
114000122,748,633,115
114000123,5070,633,4437
114000124,2985,793,2192
114000125,1652,1790,-138
114000126,3869,509,3360
114000127,375,201,174
114000128,1808,311,1497
114000130,1177,821,356
114000131,804,137,667
114000132,1090,340,750
114000133,805,1365,-560
114000134,152,73,79
114000138,130,180,-50
114000139,762,947,-185
114000144,1004,1111,-107
114000145,86,20,66
114000146,223,57,166
114000147,1853,4103,-2250
114000148,1072,3427,-2355
114000149,609,887,-278
114000150,318,726,-408
114000151,845,3352,-2507
114000152,140,76,64
114000153,789,4035,-3246
114000154,856,1035,-179
114000155,1549,6785,-5236
114000156,1226,1638,-412
114000157,575,3467,-2892
114000158,1503,865,638
114000159,124,673,-549
114000160,130,1003,-873
114000161,1548,2953,-1405
114000162,2153,3822,-1669
114000163,23,37,-14
114000165,829,652,177
114000166,645,998,-353
114000167,3536,1699,1837
114000168,963,313,650
114000169,1743,1716,27
114000170,1561,1410,151
114000171,2094,19751,-17657
114000174,411,393,18
114000176,388,878,-490
114000177,791,506,285
114000178,200,71,129
114000179,1553,1480,73
114000180,316,349,-33
114000181,2003,14799,-12796
114000182,1853,3915,-2062
114000183,2069,958,1111
114000184,2762,1034,1728
114000185,2382,1355,1027
114000189,2986,270,2716
114000190,6831,598,6233
114000191,196,780,-584
114000192,214,921,-707
114000193,257,1772,-1515
114000194,3018,1174,1844
114000195,411,444,-33
114000196,1,109,-108
114000197,4428,52,4376
114000198,981,545,436
114000199,1739,1932,-193
114000200,1487,1586,-99
114000201,353,1131,-778
114000202,1516,1010,506
114000203,1022,1116,-94
114000204,245,718,-473
114000205,539,2581,-2042
114000206,1390,3772,-2382
114000207,813,2733,-1920
114000208,826,1592,-766
114000209,851,1808,-957
114000210,535,868,-333
114000211,2356,2196,160
114000212,1422,1895,-473
114000213,3047,646,2401
114000214,196,221,-25
114000215,302,174,128
114000216,3954,501,3453
114000217,613,262,351
114000218,940,223,717
114000219,3130,242,2888
114000220,92,1116,-1024
114000221,2572,291,2281
114000222,416,1154,-738
114000223,1329,214,1115
114000224,156,647,-491
114000225,770,323,447
114000226,444,302,142
114000227,1377,764,613
114000228,1518,893,625
114000229,2750,1802,948
114000230,2946,1280,1666
114000231,1805,2180,-375
114000232,2442,298,2144
114000233,5199,111,5088
114000234,2676,1218,1458
114000235,2932,2005,927
114000236,1,484,-483
114000237,409,874,-465
114000238,253,687,-434
114000239,267,1320,-1053
114000240,1619,2942,-1323
114000241,493,3479,-2986
114000242,1120,1286,-166
114000243,4756,1583,3173
114000244,1110,625,485
114000245,932,1667,-735
114000246,286,124,162
114000247,1015,1088,-73
114000248,3562,918,2644
114000249,942,846,96
114000250,1276,333,943
114000251,665,268,397
114000252,82,35,47
114000253,88,200,-112
114000254,109,133,-24
114000255,899,451,448
114000256,653,2539,-1886
114000257,1068,1325,-257
114000258,1033,1184,-151
114000259,378,2775,-2397
114000260,0,53,-53
114000261,76,74,2
114000262,749,168,581
114000263,58,3,55
114000264,3514,592,2922
114000265,0,7,-7
114000267,8,5704,-5696
114000268,18,965,-947
114000270,554,58,496
114000271,500,208,292
114000283,3606,456,3150
114000285,55,147,-92
114000288,313,751,-438
114000289,3890,228,3662
114000293,628,939,-311
114000294,584,712,-128
114000395,3421,37,3384
114000396,947,913,34
114000402,2444,276,2168
114000403,817,300,517
114000405,504,314,190
114000423,949,293,656
114000424,874,891,-17
114000425,2333,257,2076
114000426,589,1369,-780
114000427,155,52,103
114000428,84,214,-130
114000429,29,180,-151
114000432,334,107,227
114000434,46,73,-27
114000435,15,63,-48
114000436,1027,171,856
114000437,638,6987,-6349
114900001,1471,360,1111
114900002,676,221,455
114900003,1641,389,1252
114900004,391,907,-516
114900005,1175,294,881
114900006,165,208,-43
114900007,468,46,422
114900008,871,220,651
114900010,1311,2929,-1618
114900011,688,197,491
114900013,689,227,462
114900015,129,1515,-1386
114900018,1622,104,1518
114900020,175,118,57
114900022,13,768,-755
114900024,303,213,90
114900025,1082,108,974
114900026,118,178,-60
114900027,246,196,50
114900029,90,80,10
114900030,441,307,134
114900031,1241,25,1216
114900032,1152,18,1134
114900033,1052,4140,-3088
114900034,37,56,-19
114900035,139,612,-473
114900036,522,290,232
114900037,164,114,50
114900038,620,350,270
114900039,1528,152,1376
114900040,236,32,204
114900041,2605,175,2430
114900042,3313,211,3102
114900043,518,131,387
114900044,244,141,103
114900046,62,89,-27
114900047,348,7816,-7468
114900048,51,180,-129
114900049,8,82,-74
114900050,204,185,19
114900051,57,263,-206
114900052,62,368,-306
114900053,140,323,-183
114900054,47,71,-24
114900057,332,49,283
114900058,0,47,-47
114900059,307,156,151
114900060,354,769,-415
114900061,133,54,79
114900062,232,686,-454
114900063,233,54,179
114900064,3668,221,3447
114900065,443,1379,-936
114900067,34,709,-675
114900068,32,79,-47
114900069,264,22,242
114900070,1126,268,858
114900072,1,391,-390
114900073,3,59,-56
114900074,2252,316,1936
114900075,404,26,378
114900076,3,244,-241
114900080,1114,190,924
114900082,2490,4631,-2141
114900083,500,1071,-571
114900090,1256,277,979
114900091,167,158,9
114900095,606,112,494
114900096,240,512,-272
114900097,277,5,272
114900098,6,450,-444
114900099,502,46,456
115000001,7263,3795,3468
115000002,9077,10754,-1677
115000003,6162,3687,2475
115000004,9743,11684,-1941
115000005,3419,4675,-1256
115000006,3004,3573,-569
115000007,494,517,-23
115000008,812,2518,-1706
115000009,868,885,-17
115000010,483,602,-119
115000013,41,324,-283
115000015,57,506,-449
115000016,291,504,-213
115000019,54,1124,-1070
115000020,612,2420,-1808
115000021,238,553,-315
115000022,748,274,474
115000023,628,733,-105
115000024,1029,247,782
115000025,1526,1023,503
115000026,291,290,1
115000027,842,370,472
115000028,489,512,-23
115000029,1876,250,1626
115000030,993,1009,-16
115000031,990,509,481
115000032,11,308,-297
115000033,349,28,321
115000034,210,1736,-1526
115000035,1364,159,1205
115000036,0,686,-686
115000037,999,79,920
115000038,123,252,-129
115000039,3921,7978,-4057
115000040,6561,3947,2614
115000041,3589,8505,-4916
115000042,820,1283,-463
115000043,5164,4779,385
115000044,4481,5081,-600
115000045,4868,1594,3274
115000046,5254,5447,-193
115000047,5583,2935,2648
115000048,5644,3154,2490
115000049,3448,5233,-1785
115000050,5569,1879,3690
115000051,3330,9895,-6565
115000052,1844,1474,370
115000053,5362,5266,96
115000054,915,1876,-961
115000055,275,1720,-1445
115000056,128,513,-385
115000057,832,2520,-1688
115000058,53,739,-686
115000059,178,594,-416
115000061,209,460,-251
115000062,510,1161,-651
115000063,980,598,382
115000064,587,264,323
115000065,114,748,-634
115000067,566,63,503
115000069,307,470,-163
115000070,64,2188,-2124
115000071,147,53,94
115000072,3,49,-46
115000073,3177,142,3035
115000075,188,117,71
115000076,3360,2939,421
115000077,3924,1653,2271
115000078,3875,1256,2619
115000079,3557,1456,2101
115000080,7782,2039,5743
115000081,338,623,-285
115000082,12444,8751,3693
115000083,4525,1102,3423
115000084,5990,1300,4690
115000085,2625,1420,1205
115000086,2660,1407,1253
115000087,1084,3348,-2264
115000088,2448,1336,1112
115000089,2957,1761,1196
115000090,894,1394,-500
115000091,430,573,-143
115000092,1698,2140,-442
115000093,1354,3,1351
115000094,7020,14846,-7826
115000095,5724,15857,-10133
115000096,2266,1116,1150
115000097,3856,3226,630
115000098,3974,805,3169
115000099,5085,1904,3181
115000100,3452,474,2978
115000101,1347,1359,-12
115000102,925,341,584
115000103,739,609,130
115000105,298,178,120
115000106,2015,1120,895
115000107,353,327,26
115000108,3074,2324,750
115000109,5461,8339,-2878
115000110,2179,3868,-1689
115000111,494,1075,-581
115000112,1168,1300,-132
115000113,580,979,-399
115000114,1288,711,577
115000116,4538,2635,1903
115000117,2787,3927,-1140
115000118,3689,2514,1175
115000119,2913,3307,-394
115000120,1106,1772,-666
115000121,800,1037,-237
115000122,974,3463,-2489
115000123,2807,3321,-514
115000124,1563,2029,-466
115000125,833,3248,-2415
115000126,220,1310,-1090
115000127,682,378,304
115000128,580,1945,-1365
115000129,382,1186,-804
115000130,971,725,246
115000131,1354,397,957
115000132,904,785,119
115000133,1538,301,1237
115000134,604,1302,-698
115000135,293,397,-104
115000136,432,673,-241
115000137,126,450,-324
115000138,631,407,224
115000139,546,402,144
115000140,802,348,454
115000141,428,133,295
115000142,390,77,313
115000143,1859,1692,167
115000144,781,102,679
115000145,438,290,148
115000146,910,1550,-640
115000147,637,1085,-448
115000148,806,909,-103
115000149,1665,486,1179
115000150,1270,965,305
115000151,2738,569,2169
115000152,1786,2597,-811
115000153,3105,860,2245
115000154,2031,308,1723
115000155,1676,2022,-346
115000156,1254,1654,-400
115000157,759,2973,-2214
115000158,975,1020,-45
115000159,756,2209,-1453
115000160,1314,1361,-47
115000161,1618,566,1052
115000162,639,1628,-989
115000163,805,843,-38
115000164,672,1130,-458
115000165,378,1237,-859
115000167,136,414,-278
115000168,732,1499,-767
115000169,442,2176,-1734
115000170,114,309,-195
115000171,414,962,-548
115000172,1323,1484,-161
115000173,639,2450,-1811
115000174,145,1286,-1141
115000175,359,300,59
115000176,83,362,-279
115000177,41,443,-402
115000178,18,308,-290
115000179,28,170,-142
115000180,242,378,-136
115000181,1836,292,1544
115000182,2833,518,2315
115000183,1008,951,57
115000186,1444,231,1213
115000187,299,515,-216
115000188,928,742,186
115000189,581,680,-99
115000190,1662,1380,282
115000191,576,1158,-582
115000194,116,196,-80
115000195,281,777,-496
115000196,571,230,341
115000197,678,173,505
115000198,1302,289,1013
115000199,1293,178,1115
115000200,1008,322,686
115000201,505,323,182
115000206,984,73,911
115000207,816,671,145
115000208,882,2022,-1140
115000209,1600,1068,532
115000210,439,553,-114
115000211,797,368,429
115000212,2073,695,1378
115000224,265,102,163
115000225,205,51,154
115000229,314,98,216
115000230,225,678,-453
115000231,626,1331,-705
115000232,5905,717,5188
115000233,195,413,-218
115000234,90,487,-397
115000241,405,375,30
115000242,528,112,416
115000243,354,171,183
115000244,12,449,-437
115000246,79,28,51
115000247,53,77,-24
115000248,174,27,147
115000249,44,19,25
115000250,381,32,349
115000251,878,115,763
115000252,284,470,-186
115000253,36,1047,-1011
115000258,1351,85,1266
115000259,745,154,591
115000261,96,26,70
115000262,47,35,12
115000263,46,87,-41
115000264,17,69,-52
115000267,66,107,-41
115000268,41,106,-65
115000269,192,60,132
115000270,13,36,-23
115000272,239,112,127
115000273,1333,35,1298
115000280,2125,570,1555
115000281,433,913,-480
115000282,973,2323,-1350
115000284,177,542,-365
115000296,681,13,668
115000297,163,635,-472
115000298,110,1118,-1008
115000300,321,278,43
115000302,1418,247,1171
115000303,2614,108,2506
115000304,2229,164,2065
115000305,173,438,-265
115000306,458,290,168
115000307,406,437,-31
115000308,35,34,1
115000309,50,167,-117
115000310,4889,795,4094
115000311,2659,1683,976
115000313,476,305,171
115000314,1397,511,886
115000315,1819,1820,-1
115000316,228,324,-96
115000317,453,887,-434
115000318,2007,766,1241
115000319,296,209,87
115000320,65,875,-810
115000321,1175,40,1135
115000322,106,142,-36
115000449,266,344,-78
115000557,2,4664,-4662
115000558,258,338,-80
115000587,1762,621,1141
115000588,3520,5223,-1703
115000589,8096,5915,2181
115000590,1291,3573,-2282
115000591,2255,1949,306
115000592,638,2966,-2328
115000593,2576,2154,422
115000594,314,3702,-3388
115000609,721,193,528
115000617,724,3930,-3206
115000624,961,73,888
115000633,645,1881,-1236
115000634,5537,1285,4252
115000635,1289,257,1032
115000638,527,407,120
115000641,143,657,-514
115000642,525,384,141
115000643,156,418,-262
115000644,240,440,-200
115000646,1119,2078,-959
115000647,322,812,-490
115000648,6680,1257,5423
115000893,3700,1741,1959
115000894,241,1174,-933
115000895,388,1491,-1103
115000896,2363,910,1453
115000897,571,183,388
115000898,914,673,241
115000899,401,2710,-2309
115000900,141,823,-682
115000901,135,313,-178
115000912,801,146,655
115000913,4,12,-8
115000915,18,0,18
115000916,41,34,7
115000917,0,24,-24
115000918,156,1272,-1116
115000919,6,149,-143
115000920,18,181,-163
115000921,592,235,357
115000922,695,1856,-1161
115000923,73,3140,-3067
115000925,234,277,-43
115000927,71,194,-123
115000933,42,814,-772
115000934,188,250,-62
115000935,413,71,342
115000936,132,2149,-2017
115000937,1235,572,663
115000938,34,279,-245
115000939,6,139,-133
115900001,502,37,465
115900002,167,145,22
115900003,377,159,218
115900004,0,65,-65
115900005,446,34,412
115900006,235,284,-49
115900008,292,7,285
115900009,63,1033,-970
115900010,1227,178,1049
115900011,881,600,281
115900012,611,4,607
115900013,512,215,297
115900014,254,277,-23
115900015,512,103,409
115900016,202,78,124
115900017,68,22,46
115900018,282,74,208
115900019,398,36,362
115900020,179,6,173
115900021,1287,668,619
115900022,1777,6,1771
115900023,3,28,-25
115900025,33,411,-378
115900026,1142,172,970
115900027,0,208,-208
115900028,280,65,215
115900029,51,165,-114
115900030,43,41,2
115900031,66,476,-410
115900032,649,1170,-521
115900033,2,107,-105
115900034,60,175,-115
115900035,113,48,65
115900036,120,5678,-5558
115900037,73,131,-58
115900038,86,37,49
115900039,331,103,228
115900041,159,2070,-1911
115900042,96,13,83
115900043,291,58,233
115900044,297,1186,-889
115900046,1483,198,1285
115900047,120,338,-218
115900049,462,251,211
115900051,8,36,-28
115900052,87,84,3
115900053,1129,102,1027
115900054,622,20,602
115900055,44,87,-43
115900056,557,158,399
115900057,23,31,-8
115900058,12,54,-42
115900060,189,454,-265
115900061,708,4,704
115900062,152,107,45
115900063,64,2,62
115900064,618,469,149
115900065,466,203,263
115900066,88,147,-59
115900067,49,81,-32
115900068,1272,2706,-1434
115900069,94,338,-244
115900070,431,53,378
115900071,1,172,-171
115900072,28,167,-139
115900073,338,210,128
115900074,6,61,-55
115900075,90,162,-72
115900076,22,13,9
115900077,2,48,-46
115900078,58,382,-324
115900079,762,20,742
115900080,145,131,14
115900081,165,24,141
115900082,226,1875,-1649
115900084,1230,22,1208
115900085,59,168,-109
115900086,1613,767,846
115900088,2,133,-131
115900089,855,298,557
115900090,1289,19,1270
115900091,10,137,-127
115900092,104,71,33
115900093,12,32,-20
115900094,9,57,-48
115900096,4,2,2
115900097,49,61,-12
115900098,922,290,632
115900099,151,724,-573
115900100,47,237,-190
115900101,895,180,715
115900102,135,249,-114
115900103,824,105,719
115900104,227,185,42
115900105,552,308,244
115900106,286,2,284
115900107,110,98,12
115900108,376,11,365
115900109,6,358,-352
115900110,100,2,98
115900111,3,47,-44
115900112,166,415,-249
115900113,158,110,48
115900114,71,75,-4
115900115,160,154,6
115900116,340,627,-287
115900117,254,97,157
115900118,7,70,-63
115900119,304,125,179
115900120,80,247,-167
115900121,576,198,378
115900124,305,1596,-1291
115900125,1135,287,848
115900126,2128,73,2055
115900127,2034,81,1953
115900128,3,241,-238
115900129,996,80,916
115900130,18,1607,-1589
115900131,850,40,810
115900132,1522,6,1516
115900134,770,10,760
115900135,1459,1150,309
115900137,25,10,15
115900139,24,124,-100
115900140,865,73,792
115900141,18,58,-40
115900142,0,66,-66
115900143,682,732,-50
115900144,786,322,464
115900146,33,91,-58
115900147,366,633,-267
115900148,20,52,-32
115900149,475,7,468
115900150,203,34,169
115900151,283,118,165
115900152,466,189,277
115900153,293,98,195
115900154,594,719,-125
115900155,0,28,-28
115900156,1401,1344,57
115900157,749,995,-246
115900158,26,9,17
115900159,684,390,294
115900160,25,30,-5
115900161,55,365,-310
115900163,748,281,467
115900164,1963,21,1942
115900165,6,514,-508
115900166,177,224,-47
115900168,629,182,447
115900171,222,373,-151
115900172,132,228,-96
115900173,514,183,331
115900174,206,483,-277
115900175,357,362,-5
115900178,14,160,-146
115900179,730,22,708
115900180,248,76,172
115900181,765,59,706
115900182,1479,87,1392
115900183,10,328,-318
115900184,655,27,628
115900187,9,550,-541
115900189,0,332,-332
115900190,379,1919,-1540
115900191,29,356,-327
115900192,86,228,-142
115900193,240,403,-163
115900194,2303,115,2188
115900195,896,6557,-5661
115900198,1012,431,581
115900199,675,86,589
115900200,489,150,339
115900201,301,645,-344
115900202,3,282,-279
115900203,1,14,-13
115900204,0,26,-26
115900205,7,7,0
115900206,869,216,653
115900207,137,8,129
115900208,280,120,160
115900209,3,125,-122
115900210,4,552,-548
115900211,4,256,-252
115900212,541,247,294
115900213,180,369,-189
115900214,1216,149,1067
115900215,24,431,-407
115900216,7,84,-77
115900217,11,41,-30
115900218,5,31,-26
115900219,344,13,331
115900220,612,13,599
115900221,200,13,187
115900222,161,68,93
115900223,6,862,-856
115900224,1275,3728,-2453
115900225,142,62,80
115900226,27,154,-127
115900227,20,97,-77
115900228,11,97,-86
115900229,83,90,-7
115900230,128,70,58
115900231,322,3,319
115900232,223,2,221
115900233,347,5,342
115900234,203,118,85
115900235,105,102,3
115900236,59,935,-876
115900237,77,84,-7
115900238,29,31,-2
115900239,33,43,-10
115900240,60,50,10
115900241,509,43,466
115900242,945,978,-33
115900243,11,16,-5
115900244,19,17,2
115900245,193,30,163
115900246,5,2,3
115900247,1,20,-19
115900248,6,4,2
115900249,19,3,16
115900250,48,2,46
115900251,13,1,12
115900252,11,1,10
115900253,60,12,48
115900254,43,48,-5
115900255,4,67,-63
115900256,118,137,-19
115900257,14,90,-76
115900258,0,4,-4
115900259,0,13,-13
115900260,37,20,17
115900261,5,1,4
115900262,14,1,13
115900263,27,2,25
115900264,26,2,24
115900265,0,6,-6
115900266,7,11,-4
115900267,0,8,-8
115900268,4,48,-44
115900269,1997,426,1571
115900270,814,185,629
115900271,372,0,372
115900272,143,36,107
115900273,18,71,-53
115900274,3,4,-1
115900275,11,6,5
115900276,0,8,-8
115900277,1,29,-28
115900278,135,66,69
115900279,85,474,-389
115900280,51,2111,-2060
115900281,253,459,-206
115900282,42,41,1
115900283,36,8,28
115900284,59,0,59
116000001,13571,3440,10131
116000002,10250,27834,-17584
116000003,2010,2696,-686
116000004,7542,10938,-3396
116000005,1531,8203,-6672
116000006,5337,10539,-5202
116000007,2761,6634,-3873
116000008,10302,6304,3998
116000009,1329,1307,22
116000010,6165,3143,3022
116000011,1064,1465,-401
116000012,4274,2174,2100
116000013,6769,9460,-2691
116000014,19547,41636,-22089
116000015,487,3874,-3387
116000016,8595,11713,-3118
116000017,111,1065,-954
116000018,910,818,92
116000019,3425,470,2955
116000020,1048,2292,-1244
116000021,2215,439,1776
116000022,1205,748,457
116000023,3492,2605,887
116000024,1138,1765,-627
116000025,2133,1805,328
116000026,2074,7767,-5693
116000027,789,1544,-755
116000028,823,1859,-1036
116000029,599,659,-60
116000030,997,1158,-161
116000031,71,274,-203
116000032,653,156,497
116000033,1472,822,650
116000034,1318,1502,-184
116000035,1139,462,677
116000036,546,4800,-4254
116000037,237,874,-637
116000038,143,2556,-2413
116000039,490,1933,-1443
116000040,839,3179,-2340
116000041,162,1755,-1593
116000042,1572,1813,-241
116000043,338,607,-269
116000044,31,36,-5
116000045,2201,2477,-276
116000046,1219,2867,-1648
116000047,4268,5631,-1363
116000048,5977,1790,4187
116000049,3657,3884,-227
116000050,2734,2031,703
116000051,4622,4201,421
116000052,5367,4650,717
116000053,4548,1488,3060
116000054,2179,3865,-1686
116000055,2015,1725,290
116000056,3158,1694,1464
116000057,4719,1729,2990
116000058,9497,5629,3868
116000059,4885,8365,-3480
116000060,5601,2621,2980
116000061,823,2307,-1484
116000062,1482,807,675
116000063,1052,3584,-2532
116000066,801,1264,-463
116000067,604,676,-72
116000068,249,610,-361
116000069,825,342,483
116000078,1132,1352,-220
116000080,2813,613,2200
116000082,32,23,9
116000083,3729,532,3197
116000084,1636,2278,-642
116000085,3128,3453,-325
116000086,1117,691,426
116000087,5161,2744,2417
116000088,2709,1517,1192
116000089,328,196,132
116000090,352,296,56
116000091,255,1289,-1034
116000093,1535,319,1216
116000094,2942,794,2148
116000095,1302,887,415
116000096,4579,6176,-1597
116000097,2030,893,1137
116000098,136,24056,-23920
116000099,11629,923,10706
116000100,681,81,600
116000101,2951,1192,1759
116000102,423,995,-572
116000103,1645,526,1119
116000104,443,1669,-1226
116000105,3363,232,3131
116000106,844,4617,-3773
116000107,5402,1216,4186
116000108,91,1779,-1688
116000111,291,30,261
116000113,189,171,18
116000114,28,123,-95
116000115,482,163,319
116000116,397,300,97
116000117,2368,1931,437
116000118,3707,1293,2414
116000119,6813,2181,4632
116000120,4659,2792,1867
116000121,1966,725,1241
116000122,1324,953,371
116000123,2450,952,1498
116000124,822,575,247
116000125,6273,974,5299
116000126,612,590,22
116000127,1584,676,908
116000128,3951,1195,2756
116000129,2916,214,2702
116000130,1899,1108,791
116000133,3888,1220,2668
116000134,2510,1517,993
116000135,5721,1868,3853
116000136,1388,1999,-611
116000137,2012,1737,275
116000138,2254,872,1382
116000139,3675,10089,-6414
116000140,364,638,-274
116000141,1213,684,529
116000142,5022,2628,2394
116000143,4087,2506,1581
116000144,3800,2708,1092
116000145,4734,1503,3231
116000146,1981,226,1755
116000147,604,673,-69
116000148,2128,3000,-872
116000149,1188,1502,-314
116000151,1036,1304,-268
116000153,294,573,-279
116000155,458,940,-482
116000156,2051,795,1256
116000157,148,13,135
116000158,1098,207,891
116000159,11,20,-9
116000160,146,108,38
116000161,9,159,-150
116000162,236,486,-250
116000163,153,90,63
116000164,93,203,-110
116000177,183,1583,-1400
116000194,121,613,-492
116000195,3243,983,2260
116000196,41,0,41
116000197,21,17,4
116000198,3337,2155,1182
116000200,1633,1530,103
116000201,1042,1040,2
116000202,24,470,-446
116000203,2,38,-36
116000204,12,26,-14
116000205,0,132,-132
116000206,5,303,-298
116000207,52,150,-98
116000233,278,873,-595
116000287,703,171,532
116000288,667,439,228
116000292,280,98,182
116000296,10,95,-85
116000297,230,9,221
116000304,495,17,478
116000305,63,182,-119
116000346,448,228,220
116000352,247,227,20
116000354,71,248,-177
116000357,18,196,-178
116000358,1190,319,871
116000361,75,1,74
116000372,5835,16352,-10517
116000381,285,1,284
116000388,6,101,-95
116000389,1816,416,1400
116000445,2109,341,1768
116000446,1186,421,765
116000447,89,1181,-1092
116000448,1120,142,978
116000563,1317,1300,17
116000565,67,306,-239
116000568,65,1060,-995
116000579,21,104,-83
116000584,154,6,148
116000585,133,54,79
116000586,99,195,-96
116000587,530,453,77
116000589,113,52,61
116000590,366,209,157
116000591,605,387,218
116000592,8,27,-19
116000593,1,15,-14
116000594,3067,177,2890
116000595,1844,85,1759
116000596,416,14,402
116000597,1401,614,787
116000598,57,114,-57
116000602,59,1304,-1245
116000605,318,295,23
116000606,127,1935,-1808
116000607,0,39,-39
116000609,139,2976,-2837
116000611,453,257,196
116000612,3210,3128,82
116000613,1391,501,890
116000614,1004,309,695
116000615,3,1070,-1067
116000616,152,138,14
116000617,390,33,357
116000618,30,94,-64
116000619,74,228,-154
116000620,646,254,392
116000621,218,180,38
116000622,284,130,154
116000624,207,506,-299
116000627,174,23,151
116000628,188,292,-104
116000629,105,281,-176
116000630,2617,80,2537
116000631,1951,39,1912
116000632,1821,94,1727
116000633,65,300,-235
116000634,1362,33,1329
116000635,3604,6535,-2931
116000636,538,2938,-2400
116000637,1080,16,1064
116000638,4,333,-329
116900001,797,169,628
116900002,414,4,410
116900003,157,14,143
116900004,90,187,-97
116900005,638,59,579
116900006,175,997,-822
116900007,254,581,-327
116900008,1839,176,1663
116900009,24,60,-36
116900010,5,844,-839
116900011,61,223,-162
116900012,510,805,-295
116900013,6,89,-83
116900014,477,96,381
116900015,1253,111,1142
116900016,400,2,398
116900017,0,580,-580
116900018,264,242,22
116900019,3,174,-171
116900020,856,4059,-3203
116900023,126,24,102
116900024,1917,56,1861
116900025,3123,1205,1918
116900026,156,706,-550
116900027,126,100,26
116900028,16,53,-37
116900029,3,379,-376
116900031,4,8,-4
116900032,2,121,-119
116900033,60,19,41
116900034,112,29,83
116900035,347,462,-115
116900036,43,190,-147
116900038,35,6,29
116900041,316,40,276
116900042,363,244,119
116900043,13,75,-62
116900047,42,447,-405
116900049,87,555,-468
116900050,68,347,-279
116900051,937,26,911
116900052,538,152,386
116900055,3,195,-192
116900057,40,163,-123
116900058,35,366,-331
116900059,6,44,-38
116900060,858,566,292
116900062,0,72,-72
116900064,146,197,-51
116900065,12,168,-156
116900067,362,75,287
116900068,216,181,35
116900070,10,17,-7
116900072,50,173,-123
116900073,14,156,-142
116900074,4,51,-47
116900076,111,138,-27
116900077,0,36,-36
116900078,201,65,136
116900079,144,201,-57
116900080,5,46,-41
116900081,351,1023,-672
116900082,194,1625,-1431
116900083,27,9,18
116900084,83,108,-25
116900085,21,129,-108
116900086,91,411,-320
116900088,598,55,543
116900090,32,13,19
116900091,1323,69,1254
116900092,168,497,-329
116900093,5030,1993,3037
116900094,6836,11696,-4860
116900095,618,780,-162
116900096,204,729,-525
116900097,1777,7956,-6179
116900098,1553,602,951
116900099,343,1559,-1216
116900100,2111,241,1870
116900101,343,1206,-863
116900103,60,0,60
116900104,65,663,-598
116900105,775,427,348
116900106,7122,298,6824
116900107,2165,6390,-4225
116900110,43,0,43
116900111,1816,453,1363
116900112,369,459,-90
116900113,2239,7057,-4818
116900116,20,1632,-1612
116900117,497,1127,-630
116900118,2378,1201,1177
116900120,710,89,621
116900121,481,83,398
116900122,2156,628,1528
116900123,1572,470,1102
116900124,247,475,-228
116900125,1307,179,1128
116900126,247,1255,-1008
116900128,6,82,-76
116900129,2,368,-366
116900130,2286,10588,-8302
116900131,188,493,-305
116900132,221,136,85
116900133,400,260,140
116900134,499,443,56
116900136,565,455,110
116900137,436,261,175
116900138,154,131,23
116900139,82,341,-259
116900140,251,141,110
116900141,612,147,465
116900142,13,71,-58
116900143,776,173,603
116900144,133,52,81
116900145,160,670,-510
116900147,236,3046,-2810
116900148,8,36,-28
116900149,59,537,-478
116900150,22,14,8
116900151,196,66,130
116900153,226,175,51
116900154,371,1104,-733
116900155,137,324,-187
116900157,2057,98,1959
116900158,224,471,-247
116900159,124,845,-721
116900160,1801,1282,519
116900161,7475,20480,-13005
116900162,49,142,-93
116900163,594,92,502
116900164,283,97,186
116900165,1608,705,903
116900166,181,54,127
116900167,946,29,917
116900168,1448,61,1387
116900169,422,3648,-3226
116900170,1372,690,682
116900171,136,204,-68
116900172,192,824,-632
116900173,836,12,824
116900174,51,295,-244
116900175,617,987,-370
116900178,152,129,23
116900179,40,740,-700
116900180,122,9,113
116900182,2121,496,1625
116900183,448,206,242
116900185,50,64,-14
116900186,266,101,165
116900187,113,209,-96
116900188,318,46,272
116900189,142,2,140
116900191,183,451,-268
116900192,773,197,576
116900194,221,3005,-2784
116900195,94,22,72
116900196,51,45,6
116900197,248,42,206
116900198,79,1001,-922
116900200,161,2,159
116900201,535,11,524
116900202,137,47,90
116900203,304,21,283
116900204,60,593,-533
116900206,31,7,24
116900207,41,133,-92
116900208,11,52,-41
116900209,41,33,8
116900210,1346,629,717
116900211,375,15,360
116900212,253,12,241
116900213,488,209,279
116900214,767,498,269
116900215,99,80,19
116900216,648,365,283
116900218,180,548,-368
116900219,437,238,199
116900220,276,516,-240
116900221,499,460,39
116900222,739,432,307
116900223,79,258,-179
116900226,412,25,387
116900227,696,45,651
116900228,737,428,309
116900230,142,104,38
116900231,105,246,-141
116900232,57,546,-489
116900233,614,164,450
116900234,75,15,60
116900235,388,235,153
116900238,1047,321,726
116900239,15,1190,-1175
116900240,6290,8317,-2027
116900241,184,42,142
116900242,461,2324,-1863
116900243,1,141,-140
116900245,97,85,12
116900246,185,58,127
116900247,1820,75,1745
116900248,87,51,36
116900249,1197,36,1161
116900250,948,129,819
116900251,566,2603,-2037
116900252,611,2644,-2033
116900253,309,102,207
116900254,180,223,-43
116900255,324,308,16
116900256,1363,259,1104
116900257,269,1170,-901
116900258,25,44,-19
116900259,640,32,608
116900260,1,21,-20
116900261,146,4,142
116900262,308,560,-252
116900263,6,12,-6
116900264,3,8,-5
116900265,354,0,354
116900266,47,15,32
116900267,39,0,39
116900268,47,357,-310
116900269,675,2725,-2050
116900271,951,1272,-321
116900272,1008,707,301
116900273,67,1284,-1217
116900274,409,67,342
116900275,870,97,773
116900276,768,1164,-396
116900277,328,116,212
116900278,6,3,3
116900279,11,46,-35
116900280,177,41,136
116900281,5051,13573,-8522
116900282,5,18,-13
116900283,2,25,-23
116900284,18,133,-115
116900285,258,1009,-751
116900286,208,24,184
116900287,20,20,0
116900288,249,41,208
116900289,47,0,47
116900290,44,2,42
116900291,74,8,66
116900292,1,34,-33
116900293,166,4,162
116900294,59,173,-114
116900295,366,801,-435
116900296,52,498,-446
116900297,3,129,-126
116900298,76,298,-222
116900299,41,511,-470
116900300,2,178,-176
116900301,63,1148,-1085
116900302,40,353,-313
116900303,329,245,84
116900304,2,291,-289
116900305,54,107,-53
116900306,674,91,583
117000001,5486,8771,-3285
117000002,3070,8123,-5053
117000003,10993,8343,2650
117000004,3669,11676,-8007
117000005,6677,5454,1223
117000006,1485,4210,-2725
117000007,14461,2501,11960
117000008,1812,4685,-2873
117000009,8638,2869,5769
117000010,1729,3420,-1691
117000011,6483,3241,3242
117000012,3600,2093,1507
117000013,5327,2923,2404
117000014,2619,3609,-990
117000015,6970,3431,3539
117000016,583,1125,-542
117000017,120,4098,-3978
117000018,205,2356,-2151
117000019,89,11,78
117000020,1956,4589,-2633
117000021,5364,993,4371
117000022,351,1116,-765
117000023,139,1183,-1044
117000024,290,2864,-2574
117000025,217,10176,-9959
117000026,2892,8833,-5941
117000027,3222,6178,-2956
117000028,1749,5977,-4228
117000030,560,831,-271
117000031,867,726,141
117000032,2440,4263,-1823
117000033,3552,2329,1223
117000034,506,449,57
117000035,788,956,-168
117000036,1158,797,361
117000037,601,510,91
117000038,788,1147,-359
117000039,525,837,-312
117000040,228,876,-648
117000041,2374,156,2218
117000044,25,898,-873
117000045,2445,740,1705
117000046,701,2203,-1502
117000047,1488,2091,-603
117000048,2291,2060,231
117000049,62,646,-584
117000050,1024,2805,-1781
117000051,5588,114,5474
117000052,203,232,-29
117000053,1885,78,1807
117000054,3730,9,3721
117000055,2,1854,-1852
117000056,1270,44,1226
117000057,1195,2373,-1178
117000060,965,2281,-1316
117000061,4831,4014,817
117000062,348,2204,-1856
117000063,3359,1604,1755
117000064,1158,1148,10
117000066,893,1673,-780
117000067,159,972,-813
117000074,46,365,-319
117000076,112,93,19
117000077,478,165,313
117000078,501,1428,-927
117000079,961,471,490
117000080,1,850,-849
117000081,1536,256,1280
117000082,52,198,-146
117000083,330,24,306
117000084,560,2,558
117000085,962,1810,-848
117000086,1709,639,1070
117000087,285,957,-672
117000088,765,307,458
117000089,5404,435,4969
117000090,803,957,-154
117000091,3133,524,2609
117000092,779,1184,-405
117000093,4139,870,3269
117000094,1652,1850,-198
117000095,6614,1276,5338
117000096,1420,1680,-260
117000097,5265,2130,3135
117000098,2754,3034,-280
117000099,9587,2050,7537
117000100,448,566,-118
117000101,326,987,-661
117000102,4934,1098,3836
117000103,1011,1556,-545
117000104,3619,1309,2310
117000105,565,1387,-822
117000106,5076,1077,3999
117000107,1136,2100,-964
117000108,4844,2156,2688
117000109,1931,2859,-928
117000110,3659,4057,-398
117000111,8199,8812,-613
117000112,8354,2454,5900
117000113,299,191,108
117000114,680,1682,-1002
117000115,132,82,50
117000116,332,1419,-1087
117000117,3281,1977,1304
117000118,969,954,15
117000119,224,1425,-1201
117000120,109,3823,-3714
117000121,85,2128,-2043
117000122,2990,3549,-559
117000123,7311,162,7149
117000124,127,699,-572
117000125,96,2520,-2424
117000126,69,140,-71
117000127,194,1856,-1662
117000128,235,3937,-3702
117000129,518,2539,-2021
117000130,432,0,432
117000131,1,234,-233
117000132,10219,24,10195
117000133,6631,26,6605
117000134,1,492,-491
117000135,3,489,-486
117000136,1,224,-223
117000137,408,198,210
117000138,8,2074,-2066
117000140,713,1269,-556
117000141,4072,991,3081
117000181,1443,294,1149
117000182,5137,2839,2298
117000195,491,827,-336
117000196,649,294,355
117000225,63,598,-535
117000226,21,579,-558
117000276,808,61,747
117000277,0,148,-148
117000310,2260,5370,-3110
117000315,633,1607,-974
117000320,149,0,149
117000906,1473,21,1452
117000907,1,228,-227
117000908,10,469,-459
117000909,131,202,-71
117000910,487,185,302
117000911,112,171,-59
117000915,5,190,-185
117000916,160,15,145
117000917,3250,158,3092
117000918,449,141,308
117000919,8,100,-92
117000920,4,2352,-2348
117000921,2,325,-323
117000922,121,166,-45
117000924,2018,1824,194
117000926,2140,1360,780
117000927,341,998,-657
117000928,0,257,-257
117000929,1165,227,938
117000930,1591,27,1564
117000931,215,287,-72
117900002,79,1685,-1606
117900003,147,472,-325
117900005,4,420,-416
117900006,0,105,-105
117900007,370,78,292
117900008,0,9,-9
117900010,812,132,680
117900011,26,2580,-2554
117900012,169,86,83
117900013,0,542,-542
117900014,1363,403,960
117900015,57,214,-157
117900016,1883,2952,-1069
117900017,2062,819,1243
117900018,921,1850,-929
117900019,2157,350,1807
117900020,85,529,-444
117900021,76,377,-301
117900022,65,12,53
117900023,6470,248,6222
117900024,188,297,-109
117900025,29,1,28
117900026,1495,398,1097
117900028,249,25,224
117900029,877,1187,-310
117900030,1018,1049,-31
117900031,900,1918,-1018
117900032,1673,1032,641
117900033,1446,862,584
117900034,171,61,110
117900035,632,1751,-1119
117900036,1032,564,468
117900037,595,180,415
117900038,285,183,102
117900039,1,108,-107
117900040,523,188,335
117900041,1,53,-52
117900042,4606,1333,3273
117900043,3,29,-26
117900044,223,10006,-9783
117900045,728,180,548
117900048,577,284,293
117900049,988,957,31
117900050,23,1724,-1701
117900051,64,98,-34
117900052,199,1311,-1112
117900053,3557,260,3297
117900054,24,13,11
117900055,4931,774,4157
117900056,95,458,-363
117900057,2279,1237,1042
117900058,67,252,-185
117900059,250,491,-241
117900060,5861,3449,2412
117900061,66,773,-707
117900063,1600,439,1161
117900065,567,1992,-1425
117900066,16,356,-340
117900067,2056,466,1590
117900069,2723,240,2483
117900070,53,752,-699
117900071,536,134,402
117900073,2114,644,1470
117900074,34,1329,-1295
117900075,286,140,146
117900076,164,325,-161
117900077,1420,162,1258
117900078,872,988,-116
117900080,438,97,341
117900081,382,533,-151
117900082,1644,549,1095
117900083,1413,1135,278
117900086,660,257,403
117900087,300,86,214
117900088,930,1392,-462
117900089,4758,849,3909
117900090,1770,1333,437
117900091,293,102,191
117900092,297,104,193
117900093,192,92,100
117900094,100,77,23
117900095,1361,2013,-652
117900096,428,1405,-977
117900097,395,57,338
117900098,219,25,194
117900099,857,1989,-1132
117900100,1539,7,1532
117900101,2028,5325,-3297
117900102,269,97,172
117900103,248,29,219
117900104,30,661,-631
117900105,170,301,-131
117900106,282,51,231
117900107,195,0,195
117900109,1750,694,1056
117900110,563,2,561
117900111,2244,241,2003
117900112,188,42,146
117900113,1785,5220,-3435
117900114,79,0,79
117900115,39,760,-721
117900116,1400,923,477
117900117,1726,394,1332
117900118,577,7,570
117900119,703,43,660
117900120,2158,51,2107
117900121,260,207,53
117900122,1272,13102,-11830
117900123,2154,847,1307
117900124,384,1863,-1479
117900125,2740,1672,1068
117900126,321,403,-82
117900127,1777,398,1379
117900128,989,329,660
117900129,265,0,265
117900130,1708,1966,-258
117900131,8,376,-368
117900132,43,134,-91
117900133,74,57,17
117900134,329,467,-138
117900135,120,112,8
117900136,0,31,-31
117900137,461,342,119
117900138,0,12,-12
117900139,96,122,-26
117900140,12767,1965,10802
117900141,131,949,-818
117900142,26,1086,-1060
117900144,96,2746,-2650
117900145,35,594,-559
117900146,236,966,-730
117900147,173,309,-136
117900148,7599,6538,1061
117900149,204,985,-781
117900150,154,180,-26
117900151,75,487,-412
117900152,135,332,-197
117900153,37,328,-291
117900154,1379,1476,-97
117900156,554,549,5
117900157,110,809,-699
117900158,606,136,470
117900160,1644,1213,431
117900161,1398,1217,181
117900162,1601,716,885
117900163,40,1745,-1705
117900165,0,4,-4
117900166,34,641,-607
117900168,80,291,-211
117900169,2,94,-92
117900170,0,76,-76
117900171,9,19,-10
117900172,67,14,53
117900173,132,73,59
117900174,58,58,0
117900175,14,34,-20
117900176,36,8,28
117900177,128,66,62
117900178,194,153,41
117900180,329,95,234
117900181,89,1099,-1010
117900182,5,124,-119
117900183,305,318,-13
117900184,113,199,-86
117900185,108,58,50
117900186,153,24,129
117900187,43,16,27
117900188,617,116,501
117900189,349,78,271
117900190,28,0,28
117900191,323,0,323
117900192,536,1,535
117900193,2,140,-138
117900194,38,14,24
117900195,28,649,-621
117900196,93,49,44
117900207,212,276,-64
117900208,101,77,24
117900209,475,113,362
117900210,137,105,32
117900211,7,84,-77
117900212,297,268,29
117900213,45,13,32
117900214,32,16,16
117900215,127,26,101
117900216,30,210,-180
117900217,141,399,-258
117900218,206,257,-51
117900219,9,382,-373
117900220,48,937,-889
117900222,377,140,237
117900223,134,714,-580
118000001,1378,5499,-4121
118000002,1182,2467,-1285
118000003,3547,9795,-6248
118000004,1637,14243,-12606
118000005,7595,4743,2852
118000006,10928,7908,3020
118000007,9256,23057,-13801
118000008,1677,14518,-12841
118000009,2636,7022,-4386
118000010,5916,7358,-1442
118000011,4936,2580,2356
118000012,2033,3926,-1893
118000013,5743,6172,-429
118000014,2846,3902,-1056
118000016,661,297,364
118000017,1734,624,1110
118000018,760,305,455
118000019,1870,3693,-1823
118000020,735,3567,-2832
118000021,1178,5671,-4493
118000022,1711,1116,595
118000023,809,724,85
118000024,775,1377,-602
118000027,22933,11708,11225
118000029,1145,1078,67
118000032,335,3663,-3328
118000033,2787,8217,-5430
118000034,5092,6941,-1849
118000035,3645,3756,-111
118000036,1685,2032,-347
118000037,1821,5259,-3438
118000038,1368,226,1142
118000039,244,134,110
118000040,3955,3875,80
118000041,8349,3157,5192
118000045,254,480,-226
118000046,1687,2826,-1139
118000047,1019,6075,-5056
118000048,2356,11554,-9198
118000051,1882,9822,-7940
118000052,978,3462,-2484
118000053,827,4145,-3318
118000054,7148,2168,4980
118000055,7005,3419,3586
118000056,116,1915,-1799
118000057,313,1147,-834
118000058,3111,10761,-7650
118000059,2368,6053,-3685
118000060,2946,1640,1306
118000061,2300,3262,-962
118000062,669,327,342
118000063,854,1628,-774
118000064,1328,2864,-1536
118000065,3315,3756,-441
118000066,3067,7592,-4525
118000067,699,1302,-603
118000068,1988,20506,-18518
118000069,1713,2973,-1260
118000070,15352,4438,10914
118000071,9941,20906,-10965
118000072,1069,7298,-6229
118000073,649,3873,-3224
118000074,986,1061,-75
118000075,1038,572,466
118000076,3971,18328,-14357
118000077,1749,4038,-2289
118000078,3461,5775,-2314
118000079,500,1100,-600
118000080,720,2936,-2216
118000081,2584,3438,-854
118000082,704,2361,-1657
118000083,2334,4054,-1720
118000084,3016,5347,-2331
118000086,177,1532,-1355
118000087,11727,5867,5860
118000088,1809,3983,-2174
118000089,7717,6698,1019
118000090,1832,7795,-5963
118000091,3294,9817,-6523
118000092,1946,1344,602
118000093,259,1276,-1017
118000096,1462,1452,10
118000097,1225,1656,-431
118000098,316,762,-446
118000099,1825,750,1075
118000101,4029,770,3259
118000102,765,950,-185
118000107,5796,1060,4736
118000108,2017,10274,-8257
118000110,0,47,-47
118000111,5,196,-191
118000112,2504,7,2497
118000113,23,698,-675
118000114,2215,55,2160
118000115,31,10,21
118000116,110,3,107
118000117,1067,2693,-1626
118000118,2453,4143,-1690
118000119,2398,3997,-1599
118000120,2036,2241,-205
118000121,17,1046,-1029
118000122,1082,567,515
118000123,69,477,-408
118000125,1498,5327,-3829
118000126,1319,5700,-4381
118000127,2122,2893,-771
118000128,590,6333,-5743
118000129,3533,2468,1065
118000130,4561,6704,-2143
118000131,802,2409,-1607
118000132,5589,5086,503
118000133,3294,2138,1156
118000135,1459,2764,-1305
118000136,219,3176,-2957
118000137,811,521,290
118000138,850,896,-46
118000139,1365,277,1088
118000140,9597,19383,-9786
118000141,6442,2964,3478
118000142,6686,3210,3476
118000143,7013,2747,4266
118000144,1323,761,562
118000145,2474,1806,668
118000146,2858,771,2087
118000147,2594,1424,1170
118000148,1905,2588,-683
118000149,1822,765,1057
118000150,1703,363,1340
118000151,1611,584,1027
118000153,3613,1508,2105
118000154,2862,1865,997
118000155,5363,1709,3654
118000156,4753,8002,-3249
118000157,1407,677,730
118000158,530,1047,-517
118000159,100,179,-79
118000160,1689,487,1202
118000161,1382,494,888
118000162,2297,1603,694
118000163,2166,1871,295
118000164,4184,2721,1463
118000168,751,3057,-2306
118000169,1957,1303,654
118000170,5749,4430,1319
118000171,731,1205,-474
118000172,140,433,-293
118000173,1584,2769,-1185
118000175,466,422,44
118000176,845,702,143
118000177,657,1116,-459
118000178,103,43,60
118000179,1323,1436,-113
118000180,1175,972,203
118000181,927,356,571
118000182,535,338,197
118000183,503,481,22
118000184,2755,728,2027
118000185,879,3592,-2713
118000186,686,2687,-2001
118000187,4998,648,4350
118000188,2085,108,1977
118000189,2514,657,1857
118000190,10,39,-29
118000191,15,50,-35
118000192,38,561,-523
118000193,19,354,-335
118000194,4738,1568,3170
118000195,498,12445,-11947
118000196,116,2381,-2265
118000197,50,444,-394
118000198,515,3461,-2946
118000199,638,3861,-3223
118000200,293,1716,-1423
118000201,188,1818,-1630
118000202,102,1513,-1411
118000203,499,2671,-2172
118000204,95,1385,-1290
118000205,125,640,-515
118000206,500,861,-361
118000207,1,128,-127
118000208,3105,2806,299
118000209,5336,1056,4280
118000210,350,85,265
118000211,243,95,148
118000213,1074,12679,-11605
118000214,727,2004,-1277
118000215,887,241,646
118000216,18345,4058,14287
118000217,12,119,-107
118000218,302,68,234
118000219,426,568,-142
118000220,106,131,-25
118000221,1713,1735,-22
118000222,109,46,63
118000223,220,64,156
118000224,345,86,259
118000225,551,2937,-2386
118000226,2835,321,2514
118000227,1840,1001,839
118000228,136,921,-785
118000229,94,1845,-1751
118000230,203,604,-401
118000231,165,1099,-934
118000232,1961,380,1581
118000233,2893,1082,1811
118000234,1191,149,1042
118000236,575,1150,-575
118000237,448,407,41
118000238,599,244,355
118000239,586,1102,-516
118000240,168,129,39
118000241,830,323,507
118000242,1193,308,885
118000243,628,212,416
118000244,300,85,215
118000246,1,61,-60
118000255,63,720,-657
118000256,218,391,-173
118000259,41,209,-168
118000260,554,149,405
118000261,169,49,120
118000263,324,407,-83
118000266,440,303,137
118000267,1,988,-987
118000268,579,24,555
118000270,646,12,634
118000271,403,396,7
118000272,157,56,101
118000273,752,81,671
118000274,163,656,-493
118000276,666,452,214
118000295,69,348,-279
118000298,415,157,258
118000299,131,79,52
118000301,1,222,-221
118000302,299,31,268
118000311,2716,70,2646
118000312,1081,187,894
118000313,286,101,185
118000314,419,34,385
118000315,278,10,268
118000316,2094,693,1401
118000325,145,125,20
118000326,94,55,39
118000331,56,24,32
118000332,27,64,-37
118000333,41,53,-12
118000335,1523,5,1518
118000336,0,268,-268
118000407,777,93,684
118000457,32,224,-192
118000465,947,4970,-4023
118000480,134,94,40
118000489,13,1569,-1556
118000490,11,635,-624
118000492,1304,188,1116
118000510,136,65,71
118000514,135,1300,-1165
118000515,888,2526,-1638
118000517,1141,279,862
118000524,215,1058,-843
118000525,966,1199,-233
118000530,57,408,-351
118000531,908,331,577
118000532,490,343,147
118000533,480,207,273
118000534,1800,564,1236
118000535,662,155,507
118000536,64,971,-907
118000537,38,255,-217
118000538,33,305,-272
118000539,184,336,-152
118000540,372,534,-162
118000541,119,169,-50
118000542,224,931,-707
118000543,456,943,-487
118000546,92,81,11
118000560,2207,5437,-3230
118000562,140,161,-21
118000563,2533,1463,1070
118000576,330,76,254
118000577,260,267,-7
118000578,151,58,93
118000579,789,5189,-4400
118000595,357,135,222
118000596,5,1089,-1084
118000597,275,96,179
118000598,62,1,61
118000599,458,158,300
118000600,2,21,-19
118000601,112,0,112
118000602,0,15,-15
118000603,0,28,-28
118900001,1094,2442,-1348
118900002,1701,1810,-109
118900003,1517,13,1504
118900004,377,87,290
118900005,225,16,209
118900006,522,19,503
118900007,6,1,5
118900008,2395,115,2280
118900009,277,244,33
118900010,353,37,316
118900011,295,16,279
118900012,424,496,-72
118900013,3472,1089,2383
118900015,674,83,591
118900016,4,9,-5
118900017,23,444,-421
118900018,2631,65,2566
118900019,4,18,-14
118900020,29,359,-330
118900021,190,1759,-1569
118900022,209,30,179
118900023,95,368,-273
118900024,152,319,-167
118900025,49,257,-208
118900026,105,7,98
118900027,1073,382,691
118900028,372,174,198
118900029,495,1072,-577
118900030,1327,477,850
118900031,197,51,146
118900032,390,87,303
118900033,689,1782,-1093
118900034,414,67,347
118900035,258,106,152
118900036,2531,609,1922
118900037,492,1489,-997
118900038,1089,111,978
118900039,1606,501,1105
118900040,395,161,234
118900041,1604,543,1061
118900042,168,72,96
118900045,372,308,64
118900046,618,569,49
118900047,589,716,-127
118900048,288,1439,-1151
118900049,362,96,266
118900050,215,14,201
118900051,73,404,-331
118900052,436,1164,-728
118900053,38,158,-120
118900054,370,37,333
118900055,462,12,450
118900056,39,811,-772
118900057,1413,784,629
118900058,1206,1330,-124
118900059,51,303,-252
118900060,294,108,186
118900062,685,277,408
118900064,489,1215,-726
118900065,145,445,-300
118900066,299,112,187
118900067,6582,8407,-1825
118900068,16,971,-955
118900069,1167,420,747
118900071,13,9,4
118900072,1869,1652,217
118900073,483,294,189
118900074,687,120,567
118900075,536,22,514
118900076,480,381,99
118900077,1135,218,917
118900078,9,0,9
118900079,101,277,-176
118900080,232,60,172
118900081,71,63,8
118900082,3976,460,3516
118900083,81,0,81
118900084,21,52,-31
118900085,516,804,-288
118900086,35,203,-168
118900087,265,2095,-1830
118900088,3,10,-7
118900089,66,81,-15
118900090,667,274,393
118900091,309,534,-225
118900092,734,96,638
118900093,287,60,227
118900096,111,40,71
118900097,876,844,32
118900099,96,253,-157
118900100,115,410,-295
118900101,573,224,349
118900102,54,142,-88
118900103,18,256,-238
118900104,794,164,630
118900105,340,148,192
118900107,130,79,51
118900108,160,391,-231
118900110,2554,2452,102
118900111,2035,866,1169
118900112,539,787,-248
118900113,125,572,-447
118900114,23,302,-279
118900115,519,677,-158
118900116,106,264,-158
118900117,227,136,91
118900118,619,353,266
118900119,319,312,7
118900120,132,408,-276
118900121,77,238,-161
118900122,9,1805,-1796
118900123,220,492,-272
118900124,311,528,-217
118900126,94,467,-373
118900129,554,257,297
118900130,40,334,-294
118900131,806,530,276
118900132,653,278,375
118900133,53,390,-337
118900135,665,301,364
118900136,623,398,225
118900137,18,237,-219
118900139,830,398,432
118900140,1445,541,904
118900141,285,118,167
118900144,588,283,305
118900145,49,298,-249
118900146,960,566,394
118900147,220,1961,-1741
118900148,179,74,105
118900150,186,1186,-1000
118900152,989,525,464
118900157,104,740,-636
118900158,546,50,496
118900159,1,363,-362
118900161,78,64,14
118900163,126,126,0
118900164,1,82,-81
118900165,242,68,174
118900166,2,2,0
118900167,181,44,137
118900168,74,202,-128
118900169,444,159,285
118900170,681,85,596
118900171,197,80,117
118900174,161,77,84
118900175,1089,478,611
118900176,306,356,-50
118900177,235,8,227
118900178,214,82,132
118900179,7,37,-30
118900181,399,102,297
118900182,28,149,-121
118900183,36,434,-398
118900184,250,74,176
118900185,246,56,190
118900186,84,416,-332
118900187,149,1274,-1125
118900188,528,447,81
118900189,97,1045,-948
118900190,356,418,-62
118900191,1022,103,919
118900192,1077,32,1045
118900193,2167,18,2149
118900195,268,926,-658
118900196,69,204,-135
118900197,781,94,687
118900198,68,0,68
118900199,188,4,184
118900200,74,45,29
118900201,55,110,-55
118900202,11,123,-112
118900203,99,18,81
118900204,74,17,57
118900205,2,1,1
118900206,2,2,0
119000001,3169,4170,-1001
119000002,5546,7791,-2245
119000003,7007,1866,5141
119000004,5276,4484,792
119000005,3962,6435,-2473
119000006,8393,3883,4510
119000007,8616,8078,538
119000008,4075,3611,464
119000009,4321,14053,-9732
119000010,6812,7801,-989
119000011,3833,5180,-1347
119000012,1978,6950,-4972
119000013,6085,3715,2370
119000014,3611,4232,-621
119000019,638,436,202
119000020,5733,2884,2849
119000021,10466,6421,4045
119000022,2708,9550,-6842
119000023,327,678,-351
119000024,4933,48852,-43919
119000025,7508,2314,5194
119000026,96,1511,-1415
119000027,176,911,-735
119000028,3503,996,2507
119000029,119,494,-375
119000030,982,1121,-139
119000031,3208,1385,1823
119000032,5878,2981,2897
119000033,3981,1328,2653
119000034,3200,1505,1695
119000035,78,378,-300
119000036,6259,527,5732
119000037,3776,1138,2638
119000038,740,473,267
119000039,1756,1033,723
119000040,1606,2393,-787
119000041,1883,3887,-2004
119000048,3575,2333,1242
119000049,7161,4268,2893
119000050,2240,5741,-3501
119000051,4700,3065,1635
119000052,8204,4311,3893
119000053,3629,1895,1734
119000054,6318,1849,4469
119000055,12709,2233,10476
119000056,8526,2244,6282
119000057,3581,1185,2396
119000058,2999,1574,1425
119000059,1878,1934,-56
119000060,4291,1078,3213
119000061,2081,825,1256
119000062,1761,1218,543
119000063,1649,1037,612
119000064,1593,1747,-154
119000065,1942,6941,-4999
119000066,3827,1745,2082
119000067,3705,2065,1640
119000068,4121,1406,2715
119000069,4439,2413,2026
119000070,6224,796,5428
119000071,2227,930,1297
119000072,7424,6687,737
119000073,6841,23614,-16773
119000074,3325,2036,1289
119000075,7853,4429,3424
119000076,228,3329,-3101
119000077,1281,1913,-632
119000078,798,2027,-1229
119000079,289,1676,-1387
119000080,1757,439,1318
119000081,711,1538,-827
119000082,1815,457,1358
119000083,1138,782,356
119000084,565,768,-203
119000085,1471,211,1260
119000086,360,1360,-1000
119000087,1327,305,1022
119000088,336,162,174
119000089,152,254,-102
119000090,255,112,143
119000091,128,258,-130
119000092,657,235,422
119000093,8639,4595,4044
119000094,8998,10132,-1134
119000095,5317,12763,-7446
119000097,2470,1389,1081
119000098,2229,14247,-12018
119000099,3402,1296,2106
119000100,10427,5696,4731
119000101,5998,3824,2174
119000102,608,2509,-1901
119000103,1072,1083,-11
119000104,2238,1323,915
119000105,1972,6289,-4317
119000106,852,1068,-216
119000107,2658,1095,1563
119000108,1463,1165,298
119000109,365,1371,-1006
119000110,479,2035,-1556
119000111,83,1629,-1546
119000112,299,498,-199
119000113,1535,645,890
119000114,3321,2725,596
119000115,190,340,-150
119000116,210,224,-14
119000117,570,636,-66
119000118,41,2,39
119000123,2800,6135,-3335
119000124,2915,393,2522
119000125,11046,952,10094
119000126,3100,797,2303
119000127,1834,490,1344
119000128,42,3,39
119000131,2409,295,2114
119000132,2,5,-3
119000133,5,25,-20
119000134,2117,1247,870
119000135,235,1285,-1050
119000136,807,153,654
119000137,470,295,175
119000138,2014,79,1935
119000139,364,108,256
119000140,631,616,15
119000284,1879,2611,-732
119000285,2822,1681,1141
119000286,5797,4608,1189
119000287,2313,2327,-14
119000288,4172,1165,3007
119000289,2478,4002,-1524
119000290,371,501,-130
119000291,360,630,-270
119000293,234,353,-119
119000294,140,79,61
119000295,3949,392,3557
119000296,554,154,400
119000302,3845,1766,2079
119000303,26,720,-694
119000314,3695,23801,-20106
119000315,2,242,-240
119000316,482,117,365
119000317,182,138,44
119900001,149,3566,-3417
119900002,668,545,123
119900003,10,427,-417
119900004,187,5356,-5169
119900005,783,185,598
119900006,177,935,-758
119900007,901,487,414
119900008,44,226,-182
119900009,1077,474,603
119900010,1262,2068,-806
119900011,30,560,-530
119900012,19,290,-271
119900013,2400,2723,-323
119900014,946,431,515
119900015,593,126,467
119900016,194,178,16
119900017,56,118,-62
119900018,1621,2264,-643
119900019,192,10,182
119900020,259,375,-116
119900021,443,48,395
119900022,163,1193,-1030
119900023,887,6042,-5155
119900025,801,35,766
119900026,1050,240,810
119900027,17,22,-5
119900028,372,319,53
119900029,9,9,0
119900030,1250,870,380
119900031,143,2585,-2442
119900033,1833,398,1435
119900034,1902,53,1849
119900037,316,18,298
119900038,75,1112,-1037
119900039,120,20,100
119900040,335,54,281
119900041,607,34,573
119900042,120,1098,-978
119900043,280,173,107
119900044,351,1275,-924
119900046,689,28,661
119900047,1027,477,550
119900048,126,3,123
119900049,374,10,364
119900050,266,503,-237
119900051,1897,25,1872
119900052,465,33,432
119900053,736,282,454
119900054,1140,38,1102
119900055,1929,537,1392
119900057,1041,25,1016
119900058,1050,17,1033
119900059,143,58,85
119900060,575,128,447
119900062,373,5,368
119900063,8,142,-134
119900064,1305,204,1101
119900065,410,7,403
119900066,3,3,0
119900067,255,41,214
119900068,1648,4,1644
119900069,205,48,157
119900070,1594,8,1586
119900071,1770,96,1674
119900073,2950,250,2700
119900074,25,85,-60
119900075,2467,1944,523
119900076,2377,269,2108
119900077,2053,538,1515
119900078,1563,773,790
119900079,1689,70,1619
119900080,2775,910,1865
119900081,1694,36,1658
119900082,4110,365,3745
119900083,1037,29,1008
119900084,723,1042,-319
119900085,178,66,112
119900087,331,1855,-1524
119900088,56,34,22
119900089,56,119,-63
119900090,113,13,100
119900091,156,189,-33
119900092,115,2071,-1956
119900093,4472,381,4091
119900094,44,618,-574
119900095,232,83,149
119900096,59,128,-69
119900097,313,377,-64
119900098,57,33,24
119900099,55,152,-97
119900100,845,3414,-2569
119900101,377,2388,-2011
119900102,73,121,-48
119900103,79,145,-66
119900104,107,121,-14
119900105,1772,6830,-5058
119900106,27,97,-70
119900107,717,1398,-681
119900108,6801,769,6032
119900109,27,106,-79
119900110,1316,637,679
119900111,488,93,395
119900112,1032,1872,-840
119900113,38,255,-217
119900114,410,662,-252
119900115,1236,338,898
119900116,234,1111,-877
119900117,960,325,635
119900118,380,158,222
119900119,814,277,537
119900120,881,392,489
119900121,1395,762,633
119900122,62,222,-160
119900123,267,445,-178
119900124,785,518,267
119900125,77,239,-162
119900126,4418,319,4099
119900127,654,446,208
119900128,1063,1621,-558
119900129,656,215,441
119900130,6,216,-210
119900131,106,116,-10
119900132,6,54,-48
119900133,234,105,129
119900134,756,112,644
119900135,4,229,-225
119900136,125,281,-156
119900138,281,459,-178
119900139,45,456,-411
119900140,10,190,-180
119900141,49,2278,-2229
119900142,49,52,-3
119900143,56,623,-567
119900144,1270,314,956
119900145,84,379,-295
119900146,438,207,231
119900147,5,341,-336
119900148,721,91,630
119900149,877,14868,-13991
119900150,213,177,36
119900151,4481,1898,2583
119900152,532,184,348
119900153,486,63,423
119900154,50,292,-242
119900155,51,30,21
119900156,29,10,19
119900157,548,263,285
119900158,511,114,397
119900159,4,342,-338
119900160,31,259,-228
119900161,290,189,101
119900162,2312,1077,1235
119900163,113,278,-165
119900164,1,4,-3
119900165,375,90,285
119900166,280,55,225
119900167,6,115,-109
119900168,3767,388,3379
119900169,32,693,-661
119900170,264,360,-96
119900171,1887,801,1086
119900172,51,29,22
119900173,78,187,-109
119900174,7,271,-264
119900175,4473,515,3958
119900177,81,172,-91
119900178,13,187,-174
119900179,571,2288,-1717
119900180,2784,1166,1618
119900181,41,170,-129
119900182,10,110,-100
119900183,193,770,-577
119900184,870,455,415
119900185,151,808,-657
119900186,36,4132,-4096
119900187,7,275,-268
119900188,399,380,19
119900189,231,720,-489
119900190,201,716,-515
119900191,231,787,-556
119900192,57,185,-128
119900193,1298,196,1102
119900194,52,97,-45
119900195,66,385,-319
119900196,425,128,297
119900197,881,542,339
119900198,310,449,-139
119900199,430,27,403
119900200,1777,1186,591
119900201,405,309,96
119900202,135,661,-526
119900203,277,1476,-1199
119900204,667,530,137
119900205,2461,524,1937
119900206,567,419,148
119900208,198,221,-23
119900209,1145,5373,-4228
119900210,175,10,165
119900211,138,3,135
119900212,755,398,357
119900213,15,85,-70
119900214,301,49,252
119900215,177,41,136
119900216,39,14,25
119900217,27,12,15
119900218,20,151,-131
119900219,62,69,-7
119900220,22,31,-9
119900221,101,57,44
119900222,32,73,-41
119900223,15,35,-20
119900224,81,19,62
119900225,338,50,288
119900226,283,4323,-4040
119900227,452,285,167
119900228,25,753,-728
119900229,106,292,-186
119900230,1863,313,1550
119900231,802,123,679
119900232,289,135,154
119900233,151,17,134
119900234,13,440,-427
119900235,16,103,-87
119900236,20,437,-417
119900237,90,750,-660
119900238,4,582,-578
119900240,107,454,-347
119900241,458,273,185
119900242,2738,2189,549
119900244,1118,1494,-376
119900245,553,467,86
119900246,226,735,-509
119900247,12,121,-109
119900248,65,1255,-1190
119900249,819,264,555
119900253,2122,349,1773
119900254,187,2726,-2539
119900255,202,980,-778
119900256,1784,506,1278
119900257,208,10,198
119900258,462,61,401
119900259,14,73,-59
119900260,420,30,390
119900261,1164,1029,135
119900262,2,351,-349
119900263,2827,324,2503
119900264,560,51,509
119900265,1629,439,1190
119900266,1487,362,1125
119900267,231,387,-156
119900268,782,126,656
119900269,4348,698,3650
119900271,109,144,-35
119900272,216,416,-200
119900275,297,59,238
119900276,177,14,163
119900277,34,22,12
119900278,1174,114,1060
119900279,285,603,-318
119900280,761,79,682
119900281,1,738,-737
119900282,44,200,-156
119900283,105,99,6
119900284,106,172,-66
119900285,2,130,-128
119900286,1,17,-16
119900288,80,20,60
119900289,1,92,-91
119900290,15,0,15
119900291,1,117,-116
119900292,42,55,-13
119900293,31,12,19
119900294,49,1,48
119900295,0,0,0
119900296,0,0,0
119900299,179,907,-728
119900300,630,632,-2
119900301,108,451,-343
119900302,102,652,-550
119900303,689,785,-96
119900304,407,22,385
119900305,15,163,-148
119900306,42,3,39
119900307,59,156,-97
119900308,12,43,-31
119900309,72,789,-717
119900310,373,405,-32
119900311,445,60,385
119900312,419,76,343
119900313,606,445,161
119900314,543,799,-256
119900315,5269,1194,4075
119900318,46,222,-176
119900319,65,120,-55
119900320,672,385,287
119900321,481,33,448
119900322,7,60,-53
119900323,0,54,-54
119900324,1,70,-69
119900325,156,68,88
119900326,53,54,-1
120000001,17684,62612,-44928
120000002,4572,4985,-413
120000003,3779,1810,1969
120000004,4800,1690,3110
120000005,4009,1961,2048
120000006,3080,1546,1534
120000007,5074,8723,-3649
120000008,2336,1453,883
120000009,2406,1233,1173
120000010,4489,5109,-620
120000011,2669,2501,168
120000012,3614,2950,664
120000013,8190,4851,3339
120000014,2034,3891,-1857
120000015,6056,4266,1790
120000016,8028,4173,3855
120000017,8562,9267,-705
120000018,6000,35642,-29642
120000019,2531,3073,-542
120000020,3890,6565,-2675
120000021,3490,3475,15
120000022,3750,4882,-1132
120000023,2720,2703,17
120000024,1760,3509,-1749
120000025,4937,2867,2070
120000026,6662,3305,3357
120000027,4648,3038,1610
120000028,1399,4732,-3333
120000029,2491,4372,-1881
120000030,242,2130,-1888
120000031,3305,10708,-7403
120000032,7444,4342,3102
120000033,7230,2028,5202
120000034,7558,1793,5765
120000035,7573,2506,5067
120000036,6762,9727,-2965
120000037,1133,3551,-2418
120000038,10300,5741,4559
120000039,1523,2562,-1039
120000040,196,4109,-3913
120000041,914,2992,-2078
120000042,4288,3137,1151
120000043,9640,1238,8402
120000044,12296,1937,10359
120000045,15497,1132,14365
120000046,7637,8057,-420
120000047,1249,22792,-21543
120000048,17697,7429,10268
120000049,8279,8901,-622
120000050,6353,10444,-4091
120000051,3746,7668,-3922
120000052,9131,1503,7628
120000053,2422,1904,518
120000054,2746,2829,-83
120000055,3026,4011,-985
120000056,7477,5590,1887
120000057,7743,3758,3985
120000058,2015,2448,-433
120000059,28,3154,-3126
120000061,370,2514,-2144
120000062,278,561,-283
120000063,891,2468,-1577
120000064,824,846,-22
120000065,857,1630,-773
120000066,344,699,-355
120000067,45,194,-149
120000068,672,335,337
120000069,1918,467,1451
120000070,438,561,-123
120000071,1990,205,1785
120000072,3194,1015,2179
120000073,2754,124,2630
120000074,201,504,-303
120000075,2427,1367,1060
120000076,5985,640,5345
120000077,5521,956,4565
120000078,4213,1727,2486
120000079,416,230,186
120000080,233,363,-130
120000081,437,141,296
120000082,304,252,52
120000083,98,1215,-1117
120000084,492,465,27
120000085,470,884,-414
120000086,406,370,36
120000087,456,439,17
120000088,1514,1350,164
120000089,1821,734,1087
120000090,1710,1031,679
120000091,2783,989,1794
120000092,1757,531,1226
120000093,1695,680,1015
120000094,757,2386,-1629
120000095,1690,307,1383
120000096,950,488,462
120000098,2024,695,1329
120000099,985,818,167
120000100,1509,792,717
120000101,1619,612,1007
120000102,1637,2159,-522
120000103,3275,1743,1532
120000104,4818,919,3899
120000105,6114,683,5431
120000106,7328,594,6734
120000107,13903,847,13056
120000108,4673,417,4256
120000109,2882,232,2650
120000110,145,1028,-883
120000111,228,1389,-1161
120000112,1038,1731,-693
120000113,1093,1333,-240
120000114,846,1517,-671
120000115,660,1265,-605
120000116,699,1916,-1217
120000117,746,1266,-520
120000118,62,192,-130
120000119,32,51,-19
120000120,292,528,-236
120000121,16,59,-43
120000122,529,2236,-1707
120000123,3093,20134,-17041
120000124,983,1307,-324
120000125,2494,917,1577
120000126,791,5914,-5123
120000127,1388,2889,-1501
120000128,3777,10628,-6851
120000129,590,318,272
120000130,2198,907,1291
120000131,1115,1171,-56
120000134,1468,617,851
120000135,2472,974,1498
120000137,905,354,551
120000138,4865,334,4531
120000139,889,520,369
120000140,3768,223,3545
120000141,755,1935,-1180
120000142,2206,2834,-628
120000143,6,54,-48
120000144,293,43,250
120000145,2091,5,2086
120000146,1918,2958,-1040
120000149,936,919,17
120000150,3332,20184,-16852
120000151,1194,756,438
120000152,2576,220,2356
120000153,1498,792,706
120000154,1389,1335,54
120000155,595,995,-400
120000156,1144,5935,-4791
120000157,2475,826,1649
120000158,2184,908,1276
120000159,4042,2006,2036
120000160,3981,2610,1371
120000161,6776,3775,3001
120000162,350,614,-264
120000163,1838,856,982
120000164,1410,298,1112
120000165,2170,680,1490
120000166,3700,625,3075
120000167,516,559,-43
120000168,10,1425,-1415
120000169,56,3134,-3078
120000170,19,3113,-3094
120000171,13,875,-862
120000172,14,627,-613
120000173,173,2009,-1836
120000174,56,85,-29
120000175,42,119,-77
120000176,20,106,-86
120000177,944,146,798
120000178,6,47,-41
120000179,41,145,-104
120000180,36,139,-103
120000181,182,3402,-3220
120000182,35,1922,-1887
120000183,7,678,-671
120000184,333,2125,-1792
120000186,40,2218,-2178
120000187,19,1666,-1647
120000188,51,1124,-1073
120000190,60,129,-69
120000191,58,282,-224
120000192,82,17,65
120000193,56,3,53
120000195,19,2,17
120000196,45,11,34
120000197,16,19,-3
120000198,659,35,624
120000199,944,2,942
120000200,644,2,642
120000201,111,150,-39
120000202,2,46,-44
120000203,704,180,524
120000207,8,42,-34
120000208,36,60,-24
120000209,14,16,-2
120000210,50,27,23
120000211,1089,13,1076
120000212,965,0,965
120000213,825,436,389
120000214,0,47,-47
120000215,18,76,-58
120000216,991,53,938
120000217,347,1073,-726
120000218,43,444,-401
120000219,8,299,-291
120000220,2,834,-832
120000225,5364,12,5352
120000226,1222,13,1209
120000227,1950,215,1735
120000228,17739,7645,10094
120000230,1221,61,1160
120000231,4237,949,3288
120000233,1574,11,1563
120000235,671,628,43
120000236,4050,3,4047
120000237,3,1422,-1419
120000238,1,714,-713
120000241,2424,9102,-6678
120000412,444,85,359
120000413,1832,316,1516
120000414,750,6,744
120000415,4,195,-191
120000416,462,11,451
120000417,58,539,-481
120000418,976,28,948
120000419,66,85,-19
120000420,145,15,130
120000421,13451,6451,7000
120000422,194,6967,-6773
120000423,14,443,-429
120000424,964,130,834
120000436,177,2740,-2563
120000437,159,206,-47
120000438,2384,436,1948
120000439,499,1614,-1115
120000443,291,0,291
120000444,3818,1001,2817
120000445,4740,3538,1202
120000446,4418,248,4170
120000447,1395,1,1394
120000449,722,8,714
120000450,32,99,-67
120000451,555,297,258
120000452,1356,2,1354
120000453,0,36,-36
120000454,48,166,-118
120000455,364,99,265
120000456,3931,11339,-7408
120000457,617,475,142
120000458,701,977,-276
120000459,569,157,412
120000665,230,979,-749
120000668,161,8126,-7965
120000669,820,148,672
120000670,145,1913,-1768
120000671,9219,1845,7374
120000672,111,1021,-910
120900001,243,74,169
120900002,186,1347,-1161
120900003,426,18,408
120900004,11,342,-331
120900005,54,423,-369
120900006,1617,284,1333
120900007,719,124,595
120900008,1085,742,343
120900009,842,51,791
120900010,1636,348,1288
120900011,61,920,-859
120900012,50,2602,-2552
120900013,829,555,274
120900014,1,436,-435
120900015,2275,731,1544
120900016,4223,241,3982
120900017,3261,60,3201
120900018,603,259,344
120900019,730,961,-231
120900020,492,1178,-686
120900021,719,334,385
120900022,37,349,-312
120900023,816,215,601
120900024,2472,685,1787
120900025,1950,1218,732
120900026,382,225,157
120900027,952,56,896
120900028,1316,438,878
120900029,28,1785,-1757
120900030,4974,919,4055
120900031,632,121,511
120900032,3071,112,2959
120900033,3189,623,2566
120900034,45,7201,-7156
120900035,580,259,321
120900037,973,84,889
120900038,388,941,-553
120900039,239,89,150
120900040,784,17,767
120900041,39,67,-28
120900042,1254,44,1210
120900043,231,248,-17
120900044,9,1066,-1057
120900045,543,110,433
120900046,1758,8,1750
120900047,346,360,-14
120900048,541,51,490
120900049,1249,5,1244
120900050,1381,6166,-4785
120900051,1031,97,934
120900052,2929,62,2867
120900053,1259,40,1219
120900054,2376,387,1989
120900055,1810,9,1801
120900056,1564,72,1492
120900057,807,43,764
120900058,1702,15,1687
120900059,526,13,513
120900060,249,19,230
120900061,523,269,254
120900062,1165,4,1161
120900063,2630,74,2556
120900064,2082,3,2079
120900065,1736,7,1729
120900066,2357,219,2138
120900067,605,332,273
120900068,1184,8,1176
120900069,1425,30,1395
120900071,82,4,78
120900072,2321,21,2300
120900073,2739,66,2673
120900074,2462,151,2311
120900076,1612,0,1612
120900077,2256,800,1456
120900078,1943,439,1504
120900079,3339,125,3214
120900080,3058,358,2700
120900081,4816,476,4340
120900082,462,925,-463
120900083,266,5,261
120900084,1278,902,376
120900085,124,149,-25
120900086,99,1601,-1502
120900087,922,404,518
120900088,445,1795,-1350
120900089,2576,8209,-5633
120900090,914,31,883
120900091,255,1472,-1217
120900092,223,312,-89
120900093,1713,149,1564
120900094,414,312,102
120900095,918,50,868
120900096,228,172,56
120900097,1199,763,436
120900098,140,112,28
120900099,143,94,49
120900100,101,218,-117
120900101,59,199,-140
120900102,234,232,2
120900103,337,373,-36
120900104,12,38,-26
120900105,90,1083,-993
120900106,367,264,103
120900107,96,121,-25
120900108,65,395,-330
120900109,82,423,-341
120900110,42,321,-279
120900111,355,193,162
120900112,124,242,-118
120900113,38,582,-544
120900114,97,265,-168
120900115,215,444,-229
120900116,1868,167,1701
120900117,72,129,-57
120900118,101,330,-229
120900119,16963,3996,12967
120900120,199,1003,-804
120900121,97,450,-353
120900122,2130,178,1952
120900123,49,82,-33
120900124,16,139,-123
120900125,10,465,-455
120900126,281,778,-497
120900127,63,175,-112
120900128,448,699,-251
120900129,18,136,-118
120900130,23,315,-292
120900131,256,373,-117
120900132,3235,260,2975
120900133,103,849,-746
120900134,223,205,18
120900135,20,279,-259
120900136,83,377,-294
120900137,1096,237,859
120900138,12,204,-192
120900139,6,197,-191
120900140,45,480,-435
120900141,823,415,408
120900142,13,154,-141
120900143,4,190,-186
120900144,0,44,-44
120900145,339,2340,-2001
120900146,2,180,-178
120900147,23,28,-5
120900148,521,196,325
120900149,1,164,-163
120900150,203,193,10
120900151,0,111,-111
120900152,11,3,8
120900153,0,0,0
120900154,8,263,-255
120900155,534,344,190
120900156,1091,223,868
120900157,4,9,-5
120900158,211,396,-185
120900159,14,58,-44
120900160,153,531,-378
120900161,93,504,-411
120900162,41,1031,-990
120900163,178,2235,-2057
120900164,0,67,-67
120900165,3,156,-153
120900166,120,1572,-1452
120900167,267,141,126
120900169,506,341,165
120900170,262,9937,-9675
120900171,643,135,508
120900172,126,3844,-3718
120900173,12,130,-118
120900174,6,161,-155
120900175,462,183,279
120900176,63,1007,-944
120900177,12,5285,-5273
120900178,5,1855,-1850
120900179,148,332,-184
120900180,104,641,-537
120900181,100,81,19
120900182,126,516,-390
120900183,1239,112,1127
120900184,302,104,198
120900185,1893,2714,-821
120900186,1,145,-144
120900187,1985,907,1078
120900188,688,24,664
120900189,151,7537,-7386
120900190,597,6,591
120900191,518,14,504
120900192,7871,32056,-24185
120900194,179,561,-382
120900195,162,407,-245
120900196,515,120,395
120900197,1529,169,1360
120900198,249,553,-304
120900199,600,451,149
120900200,29,164,-135
120900201,224,101,123
120900202,0,261,-261
120900203,63,102,-39
120900204,160,189,-29
120900205,274,36,238
120900206,132,49,83
120900207,57,1196,-1139
121000001,1288,5197,-3909
121000002,4410,4395,15
121000003,12525,3938,8587
121000004,3538,6361,-2823
121000005,3992,5251,-1259
121000006,4502,5303,-801
121000007,4741,11293,-6552
121000008,6209,9188,-2979
121000009,8246,16191,-7945
121000010,10648,11092,-444
121000011,10528,13753,-3225
121000012,16992,7970,9022
121000013,11093,9432,1661
121000014,8109,6462,1647
121000015,8804,12085,-3281
121000016,6294,6488,-194
121000017,5037,2694,2343
121000018,6359,3428,2931
121000019,12883,11511,1372
121000020,13860,22444,-8584
121000021,3488,3892,-404
121000022,4495,7654,-3159
121000023,4200,1597,2603
121000024,7955,9528,-1573
121000025,915,3469,-2554
121000026,612,328,284
121000027,2601,2320,281
121000028,1569,1469,100
121000029,1792,1183,609
121000030,1319,1200,119
121000031,852,1703,-851
121000032,314,291,23
121000034,799,2603,-1804
121000035,435,949,-514
121000036,2183,2238,-55
121000037,1062,2764,-1702
121000038,527,1995,-1468
121000039,391,833,-442
121000041,785,975,-190
121000042,284,860,-576
121000043,978,975,3
121000044,2401,1997,404
121000045,1019,504,515
121000046,1451,2332,-881
121000047,80,174,-94
121000049,1694,1258,436
121000050,501,3665,-3164
121000051,1083,821,262
121000052,799,2263,-1464
121000053,1136,613,523
121000054,103,1148,-1045
121000055,1646,6351,-4705
121000056,1558,2485,-927
121000057,327,1080,-753
121000058,256,171,85
121000059,5396,2437,2959
121000060,740,2060,-1320
121000061,40,804,-764
121000062,156,2373,-2217
121000063,1345,2139,-794
121000064,1147,1414,-267
121000065,309,1187,-878
121000066,1362,2410,-1048
121000067,664,2250,-1586
121000068,669,832,-163
121000069,233,2408,-2175
121000070,2179,3616,-1437
121000071,3810,3964,-154
121000072,1198,3227,-2029
121000073,1556,2956,-1400
121000074,125,620,-495
121000075,27,366,-339
121000076,533,1066,-533
121000077,185,285,-100
121000078,237,547,-310
121000080,5133,1240,3893
121000081,8755,7847,908
121000082,118,535,-417
121000083,72,309,-237
121000084,330,455,-125
121000085,510,908,-398
121000086,2411,769,1642
121000087,171,347,-176
121000088,1589,693,896
121000089,410,1210,-800
121000090,325,743,-418
121000091,1895,1230,665
121000092,381,143,238
121000093,498,510,-12
121000094,512,1976,-1464
121000095,251,1408,-1157
121000096,10825,3415,7410
121000097,823,4042,-3219
121000098,1234,979,255
121000099,1899,839,1060
121000100,2075,362,1713
121000101,853,246,607
121000102,943,206,737
121000103,424,175,249
121000104,730,139,591
121000105,944,346,598
121000106,670,354,316
121000107,2879,4769,-1890
121000109,2072,1190,882
121000110,264,1203,-939
121000114,6526,4603,1923
121000115,7092,1158,5934
121000116,681,1769,-1088
121000117,487,534,-47
121000118,2700,588,2112
121000119,724,532,192
121000120,1024,895,129
121000121,730,4108,-3378
121000123,1529,628,901
121000126,70,684,-614
121000127,187,249,-62
121000128,2574,330,2244
121000129,2280,355,1925
121000130,984,1018,-34
121000131,2432,1433,999
121000132,990,1316,-326
121000135,515,725,-210
121000136,1372,3154,-1782
121000137,2132,688,1444
121000138,718,2716,-1998
121000139,265,1021,-756
121000141,506,743,-237
121000142,1036,952,84
121000143,213,35,178
121000144,915,908,7
121000145,1426,1269,157
121000146,2629,2612,17
121000147,3080,1344,1736
121000148,1668,1333,335
121000149,5197,4206,991
121000152,642,706,-64
121000153,2839,909,1930
121000154,3129,1162,1967
121000155,6988,2485,4503
121000156,700,2439,-1739
121000157,1722,2327,-605
121000158,329,480,-151
121000159,489,805,-316
121000160,476,1014,-538
121000161,621,592,29
121000162,315,105,210
121000165,2147,2845,-698
121000166,75,1056,-981
121000168,763,448,315
121000169,237,345,-108
121000170,571,172,399
121000171,196,473,-277
121000172,2089,2924,-835
121000173,2928,2931,-3
121000174,1528,1233,295
121000175,3668,1655,2013
121000176,1318,540,778
121000177,1455,1741,-286
121000178,125,180,-55
121000179,71,145,-74
121000181,496,532,-36
121000182,511,745,-234
121000183,99,320,-221
121000184,31,592,-561
121000185,69,847,-778
121000186,600,1848,-1248
121000187,495,160,335
121000188,810,159,651
121000192,1944,866,1078
121000193,1441,558,883
121000194,3725,3690,35
121000195,582,2805,-2223
121000196,1073,1202,-129
121000197,190,3377,-3187
121000198,293,703,-410
121000199,277,1421,-1144
121000200,1256,548,708
121000201,38,952,-914
121000202,1091,451,640
121000203,1739,3208,-1469
121000204,6212,1163,5049
121000205,214,426,-212
121000206,173,272,-99
121000207,4044,852,3192
121000208,16,502,-486
121000209,1751,113,1638
121000210,1666,718,948
121000211,1188,224,964
121000212,872,1266,-394
121000213,33361,6086,27275
121000214,2861,4364,-1503
121000215,1056,4781,-3725
121000216,956,1463,-507
121000217,6844,6954,-110
121000218,697,5161,-4464
121000219,3447,2025,1422
121000220,508,180,328
121000221,453,1434,-981
121000222,10161,6783,3378
121000223,286,1638,-1352
121000224,141,1080,-939
121000225,1133,9637,-8504
121000226,1342,4035,-2693
121000227,31,201,-170
121000228,85,1360,-1275
121000229,1024,1066,-42
121000230,175,5956,-5781
121000231,3742,33,3709
121000232,1080,623,457
121000233,1419,696,723
121000234,16,90,-74
121000235,99,83,16
121000236,7,54,-47
121000237,42,28,14
121000238,8,127,-119
121000239,116,9,107
121000240,17,269,-252
121000241,132,20,112
121000242,53,506,-453
121000243,197,114,83
121000244,3,87,-84
121000245,26,29,-3
121000246,1,178,-177
121000247,163,6,157
121000248,792,1333,-541
121000249,244,934,-690
121000250,1031,1027,4
121000251,24,444,-420
121000252,240,328,-88
121000253,1005,1973,-968
121000254,1562,844,718
121000255,443,1179,-736
121000256,734,2052,-1318
121000257,116,534,-418
121000258,78,670,-592
121000259,71,358,-287
121000260,36,600,-564
121000261,68,649,-581
121000262,4875,639,4236
121000263,857,791,66
121000271,2118,2996,-878
121000273,33,90,-57
121000274,30,377,-347
121000275,4,47,-43
121000276,26,147,-121
121000278,179,140,39
121000279,130,353,-223
121000280,125,258,-133
121000289,973,21,952
121000290,3382,3161,221
121000294,520,53,467
121000297,699,2218,-1519
121000299,231,9061,-8830
121000300,3684,1365,2319
121000302,23,1217,-1194
121000303,1271,479,792
121000304,922,161,761
121000305,444,196,248
121000306,400,690,-290
121000308,119,525,-406
121000309,409,837,-428
121000310,163,538,-375
121000311,123,531,-408
121000312,1173,910,263
121000313,587,462,125
121000314,67,106,-39
121000315,24,113,-89
121000530,4904,4135,769
121000531,4580,2861,1719
121000532,9742,9122,620
121000533,6441,6282,159
121000918,33,110,-77
121000919,36,190,-154
121000938,122,140,-18
121000939,87,633,-546
121000956,2803,4211,-1408
121000957,8,179,-171
121000958,7,764,-757
121000959,3256,555,2701
121000960,3576,2256,1320
121000961,722,123,599
121000962,788,710,78
121000973,3,554,-551
121000976,44,190,-146
121000979,881,353,528
121000981,910,134,776
121000982,743,382,361
121000983,1394,261,1133
121000984,16,233,-217
121000985,2449,880,1569
121000986,1334,634,700
121000987,584,1211,-627
121000988,2355,224,2131
121001302,517,457,60
121001308,3,200,-197
121001309,62,594,-532
121001313,546,164,382
121001314,4117,2765,1352
121001315,9284,6911,2373
121900001,287,651,-364
121900002,44,290,-246
121900003,393,14,379
121900004,72,2442,-2370
121900005,37,15,22
121900006,284,72,212
121900007,4409,3328,1081
121900008,22,361,-339
121900009,2107,30,2077
121900010,519,6,513
121900011,536,204,332
121900012,7,0,7
121900013,273,225,48
121900014,6893,745,6148
121900015,179,417,-238
121900016,33,112,-79
121900017,1119,1645,-526
121900018,1225,18,1207
121900019,1566,303,1263
121900020,156,0,156
121900021,2832,104,2728
121900022,432,447,-15
121900023,820,907,-87
121900024,1268,73,1195
121900025,1185,1112,73
121900026,827,168,659
121900027,858,492,366
121900028,517,30,487
121900029,368,995,-627
121900030,636,960,-324
121900031,3265,11917,-8652
121900032,281,176,105
121900033,260,500,-240
121900034,372,879,-507
121900035,14653,6904,7749
121900036,409,733,-324
121900037,198,2209,-2011
121900038,146,207,-61
121900039,343,47,296
121900040,94,255,-161
121900041,75,375,-300
121900042,938,331,607
121900043,1,27,-26
121900044,137,77,60
121900046,260,431,-171
121900047,362,146,216
121900048,208,176,32
121900050,52,100,-48
121900051,238,602,-364
121900052,410,99,311
121900053,1033,1186,-153
121900054,489,3268,-2779
121900055,0,30,-30
121900058,863,889,-26
121900059,690,263,427
121900060,286,1862,-1576
121900061,273,219,54
121900062,220,132,88
121900063,2992,1722,1270
121900064,786,1445,-659
121900066,270,55,215
121900067,119,132,-13
121900069,273,605,-332
121900070,192,467,-275
121900071,1529,791,738
121900072,60,343,-283
121900073,303,640,-337
121900074,870,1168,-298
121900075,549,1674,-1125
121900076,1065,3206,-2141
121900077,65,54,11
121900078,391,68,323
121900079,1,0,1
121900080,1987,576,1411
121900082,128,239,-111
121900084,48,72,-24
121900085,11,27,-16
121900086,53,62,-9
121900087,78,175,-97
121900088,2495,3423,-928
121900089,1034,396,638
121900090,30,131,-101
121900091,218,46,172
121900092,418,126,292
121900093,171,118,53
121900094,27,36,-9
121900095,702,213,489
121900096,2101,1689,412
121900097,1802,204,1598
121900098,39,8,31
121900099,611,66,545
121900100,88,216,-128
121900101,151,297,-146
121900102,3,185,-182
121900103,770,630,140
121900104,3825,1333,2492
121900105,537,324,213
121900106,13,14,-1
121900107,334,66,268
121900108,8,122,-114
121900109,401,239,162
121900110,1830,1249,581
121900111,1249,889,360
121900112,241,428,-187
121900113,202,1236,-1034
121900114,49,149,-100
121900117,302,976,-674
121900118,5089,1598,3491
121900119,252,78,174
121900120,431,1860,-1429
121900121,928,70,858
121900122,115,144,-29
121900123,575,550,25
121900124,468,399,69
121900125,6504,2511,3993
121900127,10,253,-243
121900128,192,115,77
121900129,370,152,218
121900130,186,909,-723
121900131,531,445,86
121900132,177,159,18
121900133,19,949,-930
121900134,33,935,-902
121900135,8973,674,8299
121900136,404,916,-512
121900137,131,654,-523
121900138,92,517,-425
121900139,709,6155,-5446
121900140,102,140,-38
121900141,86,167,-81
121900142,196,71,125
121900143,58,242,-184
121900144,291,1243,-952
121900145,387,479,-92
121900146,698,1106,-408
121900147,120,642,-522
121900148,508,892,-384
121900149,666,515,151
121900150,124,476,-352
121900151,52,697,-645
121900152,338,114,224
121900153,55,272,-217
121900154,27,758,-731
121900155,6,1058,-1052
121900156,353,398,-45
121900157,2,445,-443
121900158,174,254,-80
121900159,0,206,-206
121900160,152,374,-222
121900161,407,794,-387
121900162,179,453,-274
121900163,964,249,715
121900164,316,578,-262
121900165,328,542,-214
121900166,172,256,-84
121900167,60,98,-38
121900168,188,102,86
121900169,31,592,-561
121900170,20,223,-203
121900171,2055,1307,748
121900172,1407,747,660
121900173,1748,814,934
121900174,170,74,96
121900175,160,2227,-2067
121900176,1183,3825,-2642
121900177,294,179,115
121900178,89,117,-28
121900179,643,795,-152
121900180,2952,11000,-8048
121900182,1212,1814,-602
121900183,335,3281,-2946
121900184,50,1951,-1901
121900186,15,876,-861
121900187,30,302,-272
121900188,3322,272,3050
121900189,326,258,68
121900190,397,944,-547
121900191,48,607,-559
121900192,435,4878,-4443
121900193,115,651,-536
121900194,14,381,-367
121900195,40,92,-52
121900196,2248,1802,446
121900197,599,1774,-1175
121900198,6862,5373,1489
121900199,2,45,-43
121900200,82,453,-371
121900201,2370,1378,992
121900202,455,2214,-1759
121900203,182,2402,-2220
121900204,3728,2793,935
121900205,56,130,-74
121900206,47,392,-345
121900207,120,193,-73
121900208,186,1302,-1116
121900209,165,134,31
121900210,4583,2023,2560
121900211,105,182,-77
121900212,46,236,-190
121900213,904,30,874
121900214,6,1189,-1183
121900215,126,597,-471
121900216,18,861,-843
121900217,552,626,-74
121900218,191,1214,-1023
121900220,195,45,150
121900221,1186,966,220
121900222,770,206,564
121900223,303,337,-34
121900224,221,280,-59
121900225,236,1457,-1221
121900226,544,22,522
121900227,629,5410,-4781
121900228,477,164,313
121900230,159,798,-639
121900231,65,2884,-2819
121900232,286,1183,-897
121900233,1295,423,872
121900234,706,873,-167
121900235,1540,250,1290
121900236,707,439,268
121900237,409,1523,-1114
121900238,348,978,-630
121900239,267,124,143
121900240,301,432,-131
121900241,93,71,22
121900242,77,1,76
121900243,21,0,21
121900244,24,0,24
121900245,984,71,913
121900246,13142,780,12362
121900247,818,478,340
121900248,3995,1327,2668
121900250,200,412,-212
121900251,1543,50,1493
121900252,800,264,536
121900253,60,1749,-1689
121900254,473,634,-161
121900255,1294,387,907
121900258,9130,2753,6377
121900259,160,1005,-845
121900260,333,313,20
121900261,200,1666,-1466
121900262,1149,3030,-1881
121900263,459,380,79
121900264,1875,1303,572
121900265,1123,284,839
121900266,1359,286,1073
121900267,552,58,494
121900269,894,2180,-1286
121900270,136,415,-279
121900271,207,438,-231
121900273,898,3962,-3064
121900274,862,490,372
121900277,486,3381,-2895
121900278,265,4912,-4647
121900279,367,458,-91
121900280,145,618,-473
121900281,181,822,-641
121900284,93,5,88
121900286,397,1468,-1071
121900287,11,118,-107
121900288,40,2,38
121900290,314,2595,-2281
121900291,606,3219,-2613
121900292,310,318,-8
121900293,1240,13269,-12029
121900294,773,13,760
121900295,433,163,270
121900296,179,580,-401
121900298,234,2553,-2319
121900299,1,28,-27
121900300,70,5,65
121900301,57,2,55
121900302,16,140,-124
121900303,271,2188,-1917
121900304,130,42,88
121900305,57,76,-19
121900306,710,7,703
121900307,373,3,370
121900308,26,430,-404
121900309,32,363,-331
121900310,18,236,-218
121900311,1230,59,1171
121900312,991,118,873
121900313,1029,41,988
121900314,6,25,-19
121900315,74,5,69
121900316,0,7,-7
121900317,51,52,-1
121900318,4,4,0
121900319,104,456,-352
121900320,249,41,208
121900321,41,1,40
121900322,31,16,15
121900323,101,54,47
121900324,14,111,-97
121900325,86,0,86
121900326,4,8,-4
121900327,0,72,-72
121900328,1,82,-81
121900329,0,32,-32
121900330,1,103,-102
121900331,33,332,-299
121900332,113,92,21
121900333,174,3,171
122000001,2622,6404,-3782
122000002,3817,1561,2256
122000003,1544,3277,-1733
122000004,1751,1562,189
122000005,11506,3202,8304
122000006,785,1959,-1174
122000007,766,2346,-1580
122000008,1759,4467,-2708
122000009,798,822,-24
122000010,3730,3919,-189
122000011,9176,2968,6208
122000012,1226,5790,-4564
122000013,846,3324,-2478
122000014,10208,2969,7239
122000015,1734,1350,384
122000016,637,866,-229
122000017,2266,2327,-61
122000018,5524,3911,1613
122000019,1442,4624,-3182
122000020,349,1138,-789
122000021,233,632,-399
122000022,2122,2813,-691
122000023,2087,4188,-2101
122000024,671,4747,-4076
122000025,841,5633,-4792
122000026,366,1597,-1231
122000027,1476,1432,44
122000028,4500,1529,2971
122000029,478,3125,-2647
122000030,217,624,-407
122000031,279,1162,-883
122000032,8880,4868,4012
122000033,659,6210,-5551
122000034,518,1999,-1481
122000035,385,873,-488
122000036,819,1663,-844
122000037,1846,466,1380
122000038,384,953,-569
122000039,757,1430,-673
122000040,315,715,-400
122000041,3199,1732,1467
122000042,740,1568,-828
122000043,101,387,-286
122000044,103,246,-143
122000045,3679,1731,1948
122000046,1569,2797,-1228
122000047,98,465,-367
122000048,3174,7301,-4127
122000049,12509,7591,4918
122000050,971,1382,-411
122000051,359,887,-528
122000052,766,770,-4
122000053,563,2091,-1528
122000054,3113,4768,-1655
122000055,2553,5284,-2731
122000056,5476,3642,1834
122000057,7159,4901,2258
122000058,1038,2467,-1429
122000059,997,4777,-3780
122000060,435,1631,-1196
122000061,178,1133,-955
122000062,945,451,494
122000063,359,2189,-1830
122000064,4544,10167,-5623
122000065,3557,7273,-3716
122000066,1127,5422,-4295
122000067,2484,3841,-1357
122000068,10294,2882,7412
122000069,3030,2535,495
122000070,4060,3447,613
122000071,7250,2184,5066
122000072,2777,1315,1462
122000073,266,2684,-2418
122000074,4421,3541,880
122000075,2310,1793,517
122000076,13476,3552,9924
122000077,921,3413,-2492
122000078,577,4514,-3937
122000079,289,5390,-5101
122000080,674,926,-252
122000081,186,578,-392
122000082,320,2163,-1843
122000083,20453,1834,18619
122000084,8172,3494,4678
122000085,703,1999,-1296
122000086,6323,17122,-10799
122000087,431,528,-97
122000088,69,669,-600
122000089,11848,5826,6022
122000090,1595,3705,-2110
122000091,156,2519,-2363
122000092,36,189,-153
122000093,2794,11093,-8299
122000094,13460,5943,7517
122000095,1168,11814,-10646
122000096,759,7106,-6347
122000098,7907,6976,931
122000099,650,4037,-3387
122000100,1221,1239,-18
122000101,522,1723,-1201
122000102,8691,2485,6206
122000103,2155,4806,-2651
122000104,3319,323,2996
122000105,434,986,-552
122000106,1059,3336,-2277
122000107,2365,845,1520
122000108,1261,1532,-271
122000109,529,465,64
122000110,1490,1110,380
122000111,5562,2539,3023
122000112,3309,3213,96
122000113,1146,1578,-432
122000114,2329,7119,-4790
122000115,3601,2176,1425
122000116,455,1091,-636
122000117,2957,900,2057
122000118,1455,897,558
122000119,3973,1976,1997
122000120,1230,4528,-3298
122000121,963,2561,-1598
122000122,446,1079,-633
122000123,1859,2650,-791
122000124,1134,713,421
122000125,549,860,-311
122000126,525,659,-134
122000127,566,877,-311
122000128,432,523,-91
122000129,660,4788,-4128
122000130,5945,1443,4502
122000131,2559,1426,1133
122000132,365,443,-78
122000133,1709,1098,611
122000134,2324,1145,1179
122000135,918,389,529
122000136,1437,890,547
122000137,5322,1931,3391
122000139,1345,7015,-5670
122000140,222,3430,-3208
122000141,10723,5880,4843
122000142,200,6683,-6483
122000143,447,494,-47
122000144,3418,2677,741
122000145,1168,4286,-3118
122000146,827,8209,-7382
122000147,802,2472,-1670
122000148,405,2814,-2409
122000149,3402,1710,1692
122000150,2946,2296,650
122000151,248,613,-365
122000152,706,785,-79
122000153,829,935,-106
122000154,464,345,119
122000155,1866,6431,-4565
122000156,19428,8196,11232
122000157,995,19723,-18728
122000158,488,2569,-2081
122000159,1602,2054,-452
122000160,3779,2423,1356
122000161,1943,1577,366
122000162,1835,1679,156
122000163,1287,319,968
122000164,104,505,-401
122000165,1951,3053,-1102
122000166,1190,4405,-3215
122000167,432,1241,-809
122000168,405,2589,-2184
122000169,875,533,342
122000170,478,660,-182
122000171,55,150,-95
122000172,4618,2782,1836
122000173,3031,6052,-3021
122000174,1735,3859,-2124
122000175,928,704,224
122000176,685,3458,-2773
122000177,1493,3016,-1523
122000178,9128,7382,1746
122000179,6170,6317,-147
122000180,789,1865,-1076
122000181,851,2088,-1237
122000182,2186,2063,123
122000183,4667,1819,2848
122000184,5335,4340,995
122000185,1577,5297,-3720
122000186,1391,4447,-3056
122000187,3374,3475,-101
122000188,574,636,-62
122000189,496,597,-101
122000190,1049,3752,-2703
122000191,1282,1412,-130
122000192,2082,853,1229
122000193,976,1803,-827
122000194,870,662,208
122000195,306,2813,-2507
122000196,2172,537,1635
122000197,754,1349,-595
122000198,749,5798,-5049
122000199,566,884,-318
122000200,1563,1657,-94
122000201,2066,5542,-3476
122000202,1395,4079,-2684
122000203,3383,2415,968
122000204,2014,2081,-67
122000205,1574,1075,499
122000206,11931,2147,9784
122000207,3250,4492,-1242
122000208,3924,5846,-1922
122000209,4370,1682,2688
122000210,3128,6214,-3086
122000211,1767,4005,-2238
122000212,1455,957,498
122000213,1582,3591,-2009
122000214,3379,3377,2
122000215,4757,3502,1255
122000217,2531,5471,-2940
122000218,1476,189,1287
122000219,3378,1753,1625
122000220,467,1270,-803
122000221,497,679,-182
122000222,1039,180,859
122000223,1145,1315,-170
122000225,911,1145,-234
122000226,2152,2141,11
122000227,441,2477,-2036
122000228,666,532,134
122000229,41,1063,-1022
122000230,104,1471,-1367
122000231,518,1243,-725
122000232,923,867,56
122000233,1,83,-82
122000234,1175,110,1065
122000235,1069,212,857
122000236,2995,69,2926
122000237,175,610,-435
122000238,731,2232,-1501
122000239,1391,1333,58
122000240,2293,941,1352
122000241,6418,1035,5383
122000242,1207,293,914
122000243,480,60,420
122000244,106,767,-661
122000245,136,109,27
122000246,542,308,234
122000247,1225,1196,29
122000248,2411,1239,1172
122000249,2799,2232,567
122000250,4291,2125,2166
122000251,99,350,-251
122000252,328,174,154
122000253,222,326,-104
122000254,691,180,511
122000255,739,1051,-312
122000256,585,1159,-574
122000257,665,188,477
122000258,563,1065,-502
122000259,70,795,-725
122000260,16,80,-64
122000261,16,606,-590
122000262,1,60,-59
122000263,426,546,-120
122000264,3645,874,2771
122000265,5662,2460,3202
122000266,7213,1318,5895
122000267,225,211,14
122000268,331,633,-302
122000269,1832,682,1150
122000270,1122,597,525
122000271,376,6722,-6346
122000272,806,1987,-1181
122000273,1321,895,426
122000274,793,545,248
122000275,133,570,-437
122000276,2437,1074,1363
122000277,1915,3345,-1430
122000278,4083,314,3769
122000279,547,593,-46
122000280,1045,1551,-506
122000281,926,971,-45
122000282,145,641,-496
122000283,350,280,70
122000284,131,181,-50
122000285,620,126,494
122000286,124,177,-53
122000287,3110,1801,1309
122000288,745,409,336
122000291,6020,1600,4420
122000293,380,173,207
122000294,275,727,-452
122000295,1959,327,1632
122000296,51,2198,-2147
122000297,3620,6453,-2833
122000299,1199,601,598
122000300,646,738,-92
122000301,14734,5968,8766
122000302,968,8142,-7174
122000303,3797,1534,2263
122000304,45,407,-362
122000305,4405,939,3466
122000306,275,435,-160
122000307,283,256,27
122000309,123,93,30
122000310,37,98,-61
122000311,39,253,-214
122000312,282,380,-98
122000313,76,212,-136
122000314,289,940,-651
122000315,623,76,547
122000316,2736,615,2121
122000317,5522,530,4992
122000318,470,3462,-2992
122000319,182,555,-373
122000320,490,1627,-1137
122000321,216,372,-156
122000322,3151,4418,-1267
122000323,762,4111,-3349
122000324,3026,4504,-1478
122000325,1296,6504,-5208
122000326,305,204,101
122000327,550,2295,-1745
122000328,925,1865,-940
122000330,5405,4333,1072
122000332,512,844,-332
122000333,52,96,-44
122000337,2887,655,2232
122000338,942,421,521
122000340,360,7454,-7094
122000342,3624,1703,1921
122000343,1060,699,361
122000344,195,9,186
122000345,54,43,11
122000346,312,233,79
122000348,1335,1420,-85
122000349,85,904,-819
122000351,472,612,-140
122000352,362,318,44
122000353,351,133,218
122000355,275,608,-333
122000356,428,4263,-3835
122000357,75,42,33
122000358,6,18,-12
122000359,0,10,-10
122000360,2,13,-11
122000362,24,27,-3
122000364,600,316,284
122000365,2,123,-121
122000366,46,16,30
122000368,824,1214,-390
122000370,57,28,29
122000371,92,1,91
122000372,44,9,35
122000381,425,748,-323
122000382,98,279,-181
122000384,1814,2040,-226
122000385,221,1,220
122000386,245,4533,-4288
122000387,591,3691,-3100
122000388,2252,3390,-1138
122000389,396,2873,-2477
122000390,548,1566,-1018
122000391,135,3011,-2876
122000392,268,377,-109
122000393,98,217,-119
122000394,1898,410,1488
122000395,344,272,72
122000396,899,192,707
122000397,48,226,-178
122000398,15,390,-375
122000399,251,96,155
122000400,63,2866,-2803
122000401,292,106,186
122000402,1014,367,647
122000403,1041,825,216
122000404,599,352,247
122000408,980,1467,-487
122000503,6,169,-163
122000524,125,1023,-898
122000544,134,6220,-6086
122000616,339,2,337
122000640,227,122,105
122000641,337,269,68
122000642,2774,812,1962
122000643,53,638,-585
122000644,502,137,365
122000645,62,296,-234
122000651,679,4965,-4286
122000664,328,266,62
122000665,3301,1229,2072
122000666,720,1409,-689
122000673,107,237,-130
122000674,1276,631,645
122000675,4337,1079,3258
122000686,1529,4569,-3040
122000687,3799,520,3279
122000688,585,890,-305
122000689,2562,758,1804
122000690,6852,3333,3519
122000691,1793,2399,-606
122000692,2463,516,1947
122000693,552,1279,-727
122000695,765,507,258
122000696,1565,327,1238
122000698,861,317,544
122000699,1121,317,804
122000701,5117,394,4723
122000702,918,2047,-1129
122000703,524,168,356
122000717,205,156,49
122000718,499,5377,-4878
122000719,51,243,-192
122000720,1654,207,1447
122000724,183,28,155
122900001,47,40,7
122900002,1311,14024,-12713
122900003,1234,36,1198
122900004,3187,340,2847
122900005,53,210,-157
122900006,434,1360,-926
122900007,146,716,-570
122900008,293,219,74
122900009,1691,684,1007
122900010,525,327,198
122900012,351,644,-293
122900014,197,173,24
122900015,1878,1525,353
122900016,361,338,23
122900017,462,3759,-3297
122900018,491,30,461
122900019,23,99,-76
122900020,343,574,-231
122900021,54,691,-637
122900022,2705,1359,1346
122900023,1802,312,1490
122900024,149,257,-108
122900025,10,580,-570
122900026,27,274,-247
122900027,54,1187,-1133
122900028,126,88,38
122900029,15348,4002,11346
122900030,7705,823,6882
122900031,46,692,-646
122900032,2187,765,1422
122900033,264,343,-79
122900034,9305,8400,905
122900035,100,14,86
122900036,91,75,16
122900037,973,1213,-240
122900038,141,5390,-5249
122900039,121,913,-792
122900040,440,2722,-2282
122900041,246,767,-521
122900042,289,507,-218
122900043,800,657,143
122900044,248,708,-460
122900045,228,658,-430
122900046,267,656,-389
122900047,168,290,-122
122900048,27,687,-660
122900049,7790,265,7525
122900051,165,2334,-2169
122900052,266,113,153
122900053,30,49,-19
122900055,856,145,711
122900057,551,78,473
122900061,1114,107,1007
122900062,972,1720,-748
122900063,504,265,239
122900064,1324,560,764
122900065,1044,429,615
122900066,1219,519,700
122900067,1185,773,412
122900068,218,338,-120
122900069,817,3809,-2992
122900070,773,197,576
122900071,156,461,-305
122900072,22,462,-440
122900073,27,146,-119
122900074,2112,233,1879
122900075,4,424,-420
122900076,16,651,-635
122900077,1,113,-112
122900078,493,53,440
122900080,46,76,-30
122900081,250,494,-244
122900082,3200,133,3067
122900083,519,101,418
122900084,6,190,-184
122900086,32,230,-198
122900087,878,716,162
122900088,45,1306,-1261
122900089,184,846,-662
122900090,19,409,-390
122900091,776,6,770
122900092,1,271,-270
122900093,1,93,-92
122900094,1,209,-208
122900095,452,68,384
122900096,926,314,612
122900097,63,119,-56
122900098,15,226,-211
122900099,228,95,133
122900100,162,1314,-1152
122900101,836,525,311
122900102,99,124,-25
122900103,475,8,467
122900104,707,7,700
122900105,42,44,-2
122900106,3,68,-65
122900107,16,104,-88
122900108,1,216,-215
123000001,1231,2423,-1192
123000002,3646,10787,-7141
123000003,9631,8626,1005
123000004,5921,5719,202
123000005,6905,3929,2976
123000006,5355,3061,2294
123000007,7346,4543,2803
123000008,5372,5016,356
123000009,7108,6555,553
123000010,4699,8590,-3891
123000011,2693,3899,-1206
123000012,1342,10678,-9336
123000013,10544,3137,7407
123000014,1440,6222,-4782
123000015,5090,1992,3098
123000016,5086,5304,-218
123000017,7418,3403,4015
123000018,178,179,-1
123000019,1737,41,1696
123000020,1135,44,1091
123000021,609,817,-208
123000022,1057,4119,-3062
123000023,3944,6127,-2183
123000024,3309,2199,1110
123000025,11,308,-297
123000026,3,433,-430
123000027,70,1583,-1513
123000028,531,2550,-2019
123000029,403,2191,-1788
123000030,438,388,50
123000031,842,320,522
123000032,1397,292,1105
123000033,678,393,285
123000034,2460,1478,982
123000035,1129,1137,-8
123000036,476,2534,-2058
123000037,358,393,-35
123000038,158,617,-459
123000039,884,2567,-1683
123000040,765,418,347
123000041,1038,3399,-2361
123000042,783,2289,-1506
123000043,3153,29284,-26131
123000044,4237,4053,184
123000045,7413,3646,3767
123000046,333,2097,-1764
123000047,770,1993,-1223
123000048,105,2839,-2734
123000049,8509,19602,-11093
123000050,5291,3355,1936
123000051,185,582,-397
123000052,1617,5535,-3918
123000053,5052,4427,625
123000054,6388,4412,1976
123000055,4054,12307,-8253
123000056,2531,1113,1418
123000057,6474,11111,-4637
123000058,1333,3003,-1670
123000059,391,680,-289
123000060,2355,647,1708
123000061,589,755,-166
123000063,3197,2186,1011
123000064,3470,419,3051
123000065,6934,6926,8
123000066,762,1058,-296
123000067,2457,1104,1353
123000068,2902,3404,-502
123000069,5069,2123,2946
123000070,428,879,-451
123000071,4931,1315,3616
123000072,2485,1010,1475
123000073,5183,1506,3677
123000074,2589,2043,546
123000075,862,4408,-3546
123000076,2178,850,1328
123000077,4591,2134,2457
123000078,7131,2359,4772
123000079,7266,3352,3914
123000080,6269,1794,4475
123000081,665,793,-128
123000082,691,1193,-502
123000083,2999,306,2693
123000084,2075,732,1343
123000085,1253,158,1095
123000086,2579,430,2149
123000087,977,479,498
123000088,2918,1049,1869
123000089,2292,2216,76
123000090,3503,1583,1920
123000091,4576,2624,1952
123000092,2007,2945,-938
123000094,1914,358,1556
123000095,2406,1981,425
123000096,3180,763,2417
123000097,2183,597,1586
123000098,2608,972,1636
123000099,1903,508,1395
123000100,629,1647,-1018
123000101,872,737,135
123000102,1087,2329,-1242
123000104,743,833,-90
123000105,701,496,205
123000106,1119,681,438
123000107,712,505,207
123000108,1239,1762,-523
123000111,2559,922,1637
123000112,3377,783,2594
123000113,1353,1326,27
123000114,916,1479,-563
123000115,728,864,-136
123000116,164,250,-86
123000117,5666,2517,3149
123000118,1188,688,500
123000119,440,884,-444
123000120,631,1422,-791
123000121,1293,1760,-467
123000122,715,670,45
123000123,1246,1094,152
123000124,804,646,158
123000125,2757,1893,864
123000126,2082,10196,-8114
123000127,764,761,3
123000128,642,517,125
123000129,2386,420,1966
123000130,2193,136,2057
123000131,3789,1654,2135
123000132,664,1252,-588
123000133,314,509,-195
123000134,582,202,380
123000135,6089,1804,4285
123000136,406,730,-324
123000137,478,372,106
123000138,393,501,-108
123000139,1422,503,919
123000140,70,716,-646
123000141,1407,230,1177
123000142,1886,1347,539
123000143,1158,2906,-1748
123000144,7,116,-109
123000145,334,940,-606
123000146,32,339,-307
123000147,117,461,-344
123000149,591,734,-143
123000150,223,422,-199
123000151,243,1130,-887
123000152,77,1579,-1502
123000153,166,1446,-1280
123000154,1850,3202,-1352
123000155,3430,3452,-22
123000156,76,141,-65
123000157,1676,1786,-110
123000158,985,1668,-683
123000159,6015,11688,-5673
123000160,2473,3310,-837
123000161,2959,2380,579
123000162,3976,3702,274
123000163,2209,903,1306
123000164,5194,536,4658
123000165,453,1657,-1204
123000166,55,139,-84
123000167,233,339,-106
123000168,785,265,520
123000169,2385,356,2029
123000170,146,133,13
123000171,3443,12,3431
123000172,208,734,-526
123000173,1487,1916,-429
123000174,1915,892,1023
123000175,678,1386,-708
123000176,2073,1003,1070
123000177,647,1389,-742
123000178,2473,544,1929
123000179,76,1057,-981
123000180,3148,683,2465
123000181,536,1235,-699
123000182,551,1080,-529
123000183,336,948,-612
123000184,121,1113,-992
123000185,2314,1374,940
123000186,14,357,-343
123000187,1440,35,1405
123000188,927,18,909
123000189,492,194,298
123000190,171,88,83
123000192,4,469,-465
123000193,12,715,-703
123000194,351,272,79
123000195,1053,41,1012
123000196,1552,74,1478
123000197,225,249,-24
123000198,234,480,-246
123000199,42,593,-551
123000200,1460,13,1447
123000201,3617,28,3589
123000202,37,562,-525
123000203,3378,80,3298
123000204,82,694,-612
123000205,243,863,-620
123000206,6427,458,5969
123000207,162,1080,-918
123000208,1771,276,1495
123000209,4265,1050,3215
123000210,167,2056,-1889
123000211,735,2390,-1655
123000212,9570,973,8597
123000213,1382,77,1305
123000215,123,437,-314
123000216,444,2652,-2208
123000217,469,88,381
123000218,52,1246,-1194
123000219,2056,231,1825
123000220,1426,353,1073
123000221,340,658,-318
123000222,938,584,354
123000223,1684,377,1307
123000224,1172,543,629
123000225,596,125,471
123000226,263,1813,-1550
123000227,150,402,-252
123000228,717,103,614
123000229,1107,1838,-731
123000232,422,697,-275
123000233,1788,232,1556
123000234,224,751,-527
123000235,3322,457,2865
123000236,778,737,41
123000237,1015,295,720
123000238,92,546,-454
123000239,560,1135,-575
123000240,125,2145,-2020
123000241,1093,237,856
123000242,501,499,2
123000243,1355,1405,-50
123000244,1192,686,506
123000245,97,250,-153
123000249,1449,1530,-81
123000252,1861,882,979
123000253,3495,1322,2173
123000254,1236,1374,-138
123000255,2057,1411,646
123000256,59,340,-281
123000257,4021,1644,2377
123000258,1546,895,651
123000259,1136,723,413
123000260,1344,386,958
123000261,815,270,545
123000262,102,245,-143
123000263,926,120,806
123000264,298,140,158
123000265,55,205,-150
123000266,900,797,103
123000267,1797,678,1119
123000268,120,76,44
123000269,60,264,-204
123000270,67,206,-139
123000271,58,101,-43
123000272,1345,393,952
123000273,557,2309,-1752
123000274,2465,2005,460
123000275,379,1222,-843
123000278,3097,8578,-5481
123000279,498,138,360
123000280,689,613,76
123000281,729,392,337
123000282,277,662,-385
123000283,341,192,149
123000284,147,81,66
123000286,155,1146,-991
123000287,605,948,-343
123000288,1317,3011,-1694
123000289,321,3720,-3399
123000291,240,1931,-1691
123000294,146,204,-58
123000295,1025,2388,-1363
123000296,1355,1019,336
123000297,1895,571,1324
123000298,2612,552,2060
123000299,167,128,39
123000300,3192,1883,1309
123000301,286,1025,-739
123000302,419,159,260
123000303,153,816,-663
123000305,2096,1696,400
123000306,554,107,447
123000309,126,172,-46
123000310,173,141,32
123000311,0,346,-346
123000312,781,740,41
123000313,1073,1102,-29
123000315,298,429,-131
123000316,1417,675,742
123000317,602,249,353
123000318,89,563,-474
123000329,5,33,-28
123000337,459,448,11
123000338,184,312,-128
123000339,975,50,925
123000340,167,524,-357
123000342,1,175,-174
123000343,462,49,413
123000344,679,214,465
123000345,626,528,98
123000346,1231,144,1087
123000352,3553,1614,1939
123000353,182,174,8
123000354,1014,26,988
123000355,1,486,-485
123000356,1446,29,1417
123000357,5,170,-165
123000359,50,86,-36
123000360,817,622,195
123000361,1223,395,828
123000362,1059,250,809
123000363,304,436,-132
123000364,932,1056,-124
123000365,33,717,-684
123000366,722,7522,-6800
123000367,606,1033,-427
123000370,99,2947,-2848
123000371,1161,720,441
123000372,980,194,786
123000373,22,624,-602
123000374,9,165,-156
123000375,1089,132,957
123000376,1938,1825,113
123000377,1846,35,1811
123000378,41,575,-534
123000379,17,1070,-1053
123000380,18,570,-552
123000381,94,254,-160
123000382,1099,284,815
123000383,282,1555,-1273
123000384,1462,455,1007
123000385,394,1341,-947
123000436,161,3641,-3480
123000507,94,248,-154
123000508,254,2598,-2344
123000517,390,25,365
123000518,52,115,-63
123000519,414,130,284
123000520,83,75,8
123000521,1073,125,948
123000522,326,291,35
123000541,30,0,30
123000542,0,13,-13
123000565,1597,93,1504
123000566,1485,145,1340
123000567,276,93,183
123000573,85,993,-908
123000574,2128,219,1909
123000575,4585,643,3942
123000576,1720,1156,564
123000577,213,1790,-1577
123000578,1024,417,607
123000579,1607,15358,-13751
123000580,234,288,-54
123000582,1565,41,1524
123000583,31,636,-605
123000584,422,431,-9
123000585,0,75,-75
123000586,730,4,726
123000596,132,164,-32
123000597,141,329,-188
123000602,270,22,248
123000603,3454,685,2769
123000604,1693,566,1127
123000605,2329,270,2059
123000606,3,1507,-1504
123000609,49,777,-728
123000610,268,163,105
123000613,106,179,-73
123000614,792,92,700
123000615,171,135,36
123000616,3046,90,2956
123000617,270,442,-172
123000618,60,1043,-983
123000619,807,54,753
123000620,43,418,-375
123000622,1161,51,1110
123000624,562,122,440
123000630,4472,984,3488
123000631,665,871,-206
123000632,1426,1194,232
123000633,0,479,-479
123000634,125,1222,-1097
123000635,184,426,-242
123000636,122,855,-733
123000637,713,103,610
123000638,1767,91,1676
123000639,1945,16157,-14212
123000640,10,591,-581
123000648,85,54,31
123000649,0,83,-83
123900001,1915,300,1615
123900002,58,3153,-3095
123900003,264,744,-480
123900005,652,497,155
123900006,1233,255,978
124000001,3620,328,3292
124000002,68,1696,-1628
124000003,2737,318,2419
124000004,124,528,-404
124000005,2555,3002,-447
124000006,299,591,-292
124000007,2239,294,1945
124000008,8,964,-956
124000009,1506,1008,498
124000010,727,730,-3
124000011,1861,2009,-148
124000012,448,527,-79
124000017,672,235,437
124000018,240,146,94
124000019,657,330,327
124000020,31,176,-145
124000021,384,183,201
124000022,108,265,-157
124000023,2897,2445,452
124000024,1940,456,1484
124000025,2502,2568,-66
124000026,1681,1465,216
124000027,5533,5601,-68
124000028,1731,4861,-3130
124000030,2237,1844,393
124000031,2291,17508,-15217
124000032,2169,913,1256
124000033,603,1196,-593
124000034,1278,988,290
124000035,312,435,-123
124000036,75,573,-498
124000037,498,1309,-811
124000038,11,201,-190
124000039,644,585,59
124000040,280,1426,-1146
124000041,1412,430,982
124000042,295,674,-379
124000043,353,296,57
124000044,95,502,-407
124000045,3587,691,2896
124000046,435,1501,-1066
124000047,6031,1153,4878
124000048,1864,1052,812
124000049,4203,834,3369
124000050,1781,1439,342
124000051,2526,798,1728
124000052,1413,1020,393
124000053,592,4928,-4336
124000054,906,468,438
124000055,1971,12686,-10715
124000056,2421,1020,1401
124000057,3554,591,2963
124000058,1570,1407,163
124000059,2836,2322,514
124000060,751,726,25
124000061,2431,11358,-8927
124000062,2404,1430,974
124000063,1683,1275,408
124000064,2120,1502,618
124000065,28,1585,-1557
124000066,457,789,-332
124000067,334,396,-62
124000068,193,352,-159
124000069,1008,284,724
124000070,811,349,462
124000071,281,482,-201
124000072,679,1755,-1076
124000073,2244,312,1932
124000074,564,844,-280
124000075,938,122,816
124000076,50,148,-98
124000077,316,1225,-909
124000078,2097,1579,518
124000079,381,1686,-1305
124000080,1877,484,1393
124000081,524,824,-300
124000082,127,326,-199
124000083,94,124,-30
124000084,77,1781,-1704
124000085,80,65,15
124000086,32,573,-541
124000087,121,516,-395
124000088,146,736,-590
124000089,1372,492,880
124000090,353,446,-93
124000091,1474,368,1106
124000092,484,1070,-586
124000093,293,323,-30
124000094,204,957,-753
124000095,340,154,186
124000096,439,315,124
124000097,319,206,113
124000098,210,126,84
124000099,623,136,487
124000100,148,146,2
124000101,257,357,-100
124000102,170,34,136
124000103,443,397,46
124000104,224,66,158
124000105,335,304,31
124000106,215,50,165
124000107,61,462,-401
124000108,61,12,49
124000109,346,195,151
124000110,164,102,62
124000111,626,150,476
124000112,1707,677,1030
124000113,320,217,103
124000114,682,613,69
124000115,495,1074,-579
124000116,179,341,-162
124000117,31,117,-86
124000118,63,175,-112
124000119,1643,1616,27
124000120,1431,1164,267
124000121,1833,1341,492
124000122,632,2102,-1470
124000123,1445,679,766
124000124,654,861,-207
124000125,766,508,258
124000126,452,592,-140
124000127,1977,581,1396
124000128,1083,950,133
124000129,2720,1902,818
124000130,631,668,-37
124000131,1165,1355,-190
124000132,852,1051,-199
124000133,2541,1610,931
124000134,1373,1037,336
124000135,3034,3673,-639
124000136,1269,1256,13
124000137,1479,2436,-957
124000138,1140,1476,-336
124000139,862,168,694
124000140,16,869,-853
124000141,69,43,26
124000142,4,525,-521
124000143,141,59,82
124000144,29,98,-69
124000145,179,496,-317
124000146,64,553,-489
124000148,16,91,-75
124000149,2088,379,1709
124000150,449,1176,-727
124000151,2317,834,1483
124000152,1408,1653,-245
124000153,1677,1704,-27
124000154,855,1120,-265
124000155,2043,1502,541
124000156,1123,1374,-251
124000169,315,1614,-1299
124000170,1555,1188,367
124000171,660,919,-259
124000172,569,879,-310
124000173,1703,545,1158
124000174,887,821,66
124000175,44,135,-91
124000176,152,69,83
124000177,5,65,-60
124000178,91,82,9
124000190,153,136,17
124000191,126,504,-378
124000192,2341,1850,491
124000193,330,7226,-6896
124000194,445,642,-197
124000195,585,734,-149
124000196,943,1115,-172
124000197,115,38,77
124000198,141,107,34
124000201,72,789,-717
124000202,1356,150,1206
124000203,1596,257,1339
124000204,3749,1154,2595
124000205,291,411,-120
124000206,2555,504,2051
124000207,0,35,-35
124000209,316,404,-88
124000210,2428,386,2042
124000211,2183,6,2177
124000212,0,201,-201
124000213,1532,131,1401
124000214,1393,437,956
124000215,1135,18,1117
124000216,7,219,-212
124000329,589,956,-367
124000338,533,780,-247
124000339,4564,59,4505
124000341,4503,118,4385
124000344,244,143,101
124000357,1948,5781,-3833
124000358,920,3189,-2269
124000359,1879,1411,468
124000360,2069,1102,967
124000361,4010,1964,2046
124000362,2849,5099,-2250
124000363,706,329,377
124000364,875,708,167
124000365,1175,1418,-243
124000366,3501,994,2507
124000367,71,562,-491
124000368,589,2314,-1725
124000369,145,266,-121
124000370,48,1199,-1151
124000402,37,50,-13
124000403,418,67,351
124000404,59,155,-96
124000405,1223,962,261
124000406,827,622,205
124000407,14,27,-13
124000411,6,419,-413
124000412,1114,4,1110
124000413,318,519,-201
124000414,232,159,73
124000415,172,52,120
124000416,260,277,-17
124000417,741,197,544
124000418,681,73,608
124000419,257,68,189
124000420,376,30,346
124000421,146,63,83
124000422,46,27,19
124000423,193,66,127
124000424,11,15,-4
124000425,102,73,29
124000426,5,102,-97
124000427,143,10,133
124000428,9,644,-635
124000429,291,43,248
124000430,1700,783,917
124000431,914,778,136
124000432,601,1557,-956
124000439,19,1,18
124000443,0,13,-13
124000445,134,4837,-4703
124000446,1518,538,980
124900001,1939,515,1424
124900002,435,323,112
124900003,2398,479,1919
124900004,2025,414,1611
124900005,375,68,307
124900006,1783,398,1385
124900008,897,830,67
124900009,197,837,-640
124900010,438,244,194
124900011,1795,485,1310
124900012,543,123,420
124900013,1352,288,1064
124900014,661,312,349
124900015,329,592,-263
124900016,186,393,-207
124900017,601,6423,-5822
124900018,406,8,398
124900020,293,98,195
124900021,779,398,381
124900022,94,6,88
124900024,1089,4,1085
124900026,63,95,-32
124900027,250,727,-477
124900028,456,150,306
124900029,31,1205,-1174
124900030,1,104,-103
124900031,82,316,-234
124900032,598,282,316
124900033,290,289,1
124900034,37,483,-446
124900035,316,251,65
124900036,4,195,-191
124900037,253,197,56
124900038,249,258,-9
124900039,5,167,-162
124900040,249,144,105
124900041,700,878,-178
124900042,66,3,63
124900043,1023,587,436
124900044,207,8,199
124900045,475,1478,-1003
124900046,843,310,533
124900047,118,300,-182
124900048,510,94,416
124900050,379,207,172
124900052,227,434,-207
124900053,360,769,-409
124900054,1137,670,467
124900055,0,136,-136
124900057,5,92,-87
124900060,71,322,-251
124900061,199,0,199
124900062,379,10,369
124900066,0,7,-7
124900067,24,93,-69
124900068,341,1407,-1066
124900070,95,61,34
124900072,493,43,450
124900074,236,98,138
124900075,1542,202,1340
124900076,36,4975,-4939
124900077,31,155,-124
124900078,260,23,237
124900079,335,479,-144
124900080,960,299,661
124900081,2538,263,2275
124900082,615,541,74
124900083,715,559,156
124900084,1701,130,1571
124900085,732,628,104
124900086,72,1728,-1656
124900087,430,134,296
124900088,166,145,21
124900089,880,33,847
124900090,1368,389,979
124900091,638,275,363
124900092,606,372,234
124900093,1326,382,944
124900094,1998,501,1497
124900095,355,1156,-801
124900096,488,200,288
124900097,1296,111,1185
124900098,340,432,-92
124900099,206,1103,-897
124900100,1079,27,1052
124900101,134,349,-215
124900102,934,29,905
124900103,474,170,304
124900104,160,248,-88
124900105,183,198,-15
124900106,654,119,535
124900107,352,85,267
124900108,332,235,97
124900109,75,140,-65
124900110,284,113,171
124900111,1,167,-166
124900112,308,388,-80
124900113,89,375,-286
124900114,95,348,-253
124900115,90,246,-156
124900116,792,891,-99
124900117,279,368,-89
124900118,166,2308,-2142
124900119,919,415,504
124900120,32,365,-333
124900121,179,975,-796
124900122,370,263,107
124900123,179,145,34
124900124,85,347,-262
129000186,281,281,0
204000001,302,27,275
204000002,6,16,-10
204000003,19,27,-8
204000004,1,17,-16
204000005,794,475,319
204000006,1633,1421,212
204000011,36,38,-2
204000012,161,175,-14
204000019,1998,545,1453
204000020,1955,1430,525
204000021,3811,2042,1769
204000022,2415,1032,1383
204000023,1134,636,498
204000031,152,24,128
204000032,758,63,695
204000034,77,225,-148
204000035,2,18,-16
204000036,6,112,-106
204000037,1,26,-25
204000038,0,10,-10
204000039,14,32,-18
204000040,42,41,1
204000041,17,52,-35
204000042,85,21,64
204000043,91,23,68
204000044,118,18,100
204000045,135,11,124
204000046,36,4,32
204000057,21,9,12
204000062,56,28,28
204000068,38,985,-947
204000069,235,1167,-932
204000070,119,416,-297
204000080,212,291,-79
204000085,1665,1292,373
204000086,3308,1577,1731
204000087,75,9,66
204000088,12,103,-91
204000090,119,433,-314
204000093,1467,88,1379
204000096,3250,1165,2085
204000097,1099,13,1086
204000099,1682,4389,-2707
204000100,2855,2058,797
204000105,2409,737,1672
204000110,592,2582,-1990
204000111,1248,1260,-12
204000112,1371,2278,-907
204000113,551,1593,-1042
204000114,1968,1980,-12
204000115,2529,1145,1384
204000116,1112,2686,-1574
204000119,4702,2741,1961
204000132,1364,1010,354
204000133,1600,142,1458
204000134,540,98,442
204000135,1237,258,979
204000136,777,640,137
204000138,446,1782,-1336
204000140,538,179,359
204000141,344,105,239
204000144,5,37,-32
204000145,1057,78,979
204000146,50,370,-320
204000147,39,1282,-1243
204000148,601,89,512
204000154,12,18,-6
204000155,5,14,-9
204000177,109,354,-245
204000179,43,56,-13
204000180,0,74,-74
204000222,15,11,4
204000235,233,50,183
204000236,102,302,-200
204000238,30,67,-37
204000240,657,109,548
204000263,983,1321,-338
204000268,861,494,367
204000308,275,65,210
204000317,75,257,-182
204000322,76,143,-67
204000323,34,21,13
204000328,405,47,358
204000329,144,148,-4
204000330,393,33,360
204000331,122,226,-104
204010341,27,216,-189
205000001,966,1665,-699
205000013,199,204,-5
205000014,227,104,123
205000015,306,67,239
205000016,105,265,-160
205000017,155,91,64
205000022,450,654,-204
205000025,2370,879,1491
205000029,927,61,866
205000045,522,482,40
205000046,517,615,-98
205000047,275,1202,-927
205000048,904,583,321
205000049,449,541,-92
205000050,2302,349,1953
205000059,2,1079,-1077
205000060,4,1683,-1679
205000061,29,2587,-2558
205000062,9,2622,-2613
205000063,106,2502,-2396
205000064,239,670,-431
205000065,1066,799,267
205000066,550,429,121
205000067,233,626,-393
205000069,133,25,108
205000082,261,504,-243
205000110,85,199,-114
205000111,290,122,168
205000112,264,203,61
205000113,166,399,-233
205000121,352,167,185
205000123,235,199,36
205000126,1161,89,1072
205000127,1192,134,1058
205000128,893,80,813
205000129,1804,64,1740
205000130,100,51,49
205000131,24,45,-21
205000132,80,21,59
205000133,96,2,94
205000134,571,2,569
205000137,480,144,336
205000138,750,603,147
205000139,85,237,-152
205000144,144,181,-37
205000145,588,829,-241
205000151,374,85,289
205000152,242,296,-54
205000153,306,275,31
205000154,179,331,-152
205000155,527,110,417
205000207,8,132,-124
205000233,58,1,57
205000234,0,2,-2
205000243,0,1,-1
205000244,0,10,-10
205000245,4,318,-314
205000249,0,48,-48
205000250,1,0,1
205000264,62,148,-86
206000027,23,33,-10
206000028,30,45,-15
206000043,12,77,-65
206000053,20,13,7
206000054,3,58,-55
206000055,0,49,-49
206000075,44,33,11
206000076,47,6,41
206000077,85,13,72
206000078,11,34,-23
206000079,37,13,24
206000082,337,222,115
206000100,42,1078,-1036
206000103,3,43,-40
206000104,6,37,-31
206000105,33,22,11
206000106,4,23,-19
206000108,891,131,760
206000125,213,0,213
206000157,24,655,-631
206000170,0,297,-297
206000171,70,278,-208
206000172,46,244,-198
206000173,7,130,-123
206000174,37,41,-4
206000175,9,100,-91
206000176,26,168,-142
206000177,0,105,-105
206000178,1,483,-482
206000179,4,849,-845
206000180,15,114,-99
206000181,16,50,-34
206000182,5,83,-78
206000183,30,143,-113
206000184,4,84,-80
206000185,57,33,24
206000186,236,276,-40
206000223,16,617,-601
206000226,43,22,21
206000227,58,34,24
206000237,75,185,-110
206000238,65,331,-266
206000239,305,1787,-1482
206000240,0,88,-88
206000241,0,71,-71
206000242,41,249,-208
206000243,56,79,-23
206000244,136,158,-22
206000245,2753,215,2538
206000246,867,30,837
206000247,1097,27,1070
206000248,1235,225,1010
206000252,160,150,10
206000258,6,50,-44
206000315,119,35,84
206000317,774,248,526
206000318,1020,126,894
206000319,3745,192,3553
206000320,896,76,820
206000321,973,17,956
206000322,1444,172,1272
206000323,605,25,580
206000324,658,163,495
206000325,404,82,322
206000326,498,155,343
206000327,74,50,24
206000328,703,33,670
206000329,763,49,714
206000330,193,154,39
206000331,678,86,592
206000332,138,44,94
206000333,2804,11,2793
206000334,1352,3,1349
206000335,0,54,-54
206000361,5,159,-154
206000392,3,24,-21
206000405,448,2,446
206000441,121,39,82
206000498,125,14,111
206000515,72,90,-18
206000530,566,110,456
206000531,193,567,-374
206000532,1402,777,625
206000535,164,5743,-5579
206000536,32,89,-57
206000537,34,167,-133
206000613,1029,426,603
207000001,298,395,-97
207000002,313,383,-70
207000003,321,202,119
207000007,2965,335,2630
207000008,653,12,641
207000009,234,52,182
207000010,969,412,557
207000012,862,397,465
207000015,621,833,-212
207000019,669,124,545
207000021,596,706,-110
207000022,590,378,212
207000023,543,290,253
207000024,2,112,-110
207000025,38,227,-189
207000026,200,75,125
207000027,51,97,-46
207000028,105,229,-124
207000029,202,743,-541
207000033,402,409,-7
207000034,656,201,455
207000039,1294,317,977
207000040,1735,88,1647
207000041,416,740,-324
207000042,778,278,500
207000043,402,292,110
207000051,229,432,-203
207000052,47,597,-550
207000053,608,457,151
207000054,104,134,-30
207000055,375,95,280
207000056,376,601,-225
207000057,199,469,-270
207000058,431,323,108
207000059,199,230,-31
207000060,85,494,-409
207000061,141,1677,-1536
207000062,1221,59,1162
207000063,1323,474,849
207000064,661,291,370
207000065,631,347,284
207000066,800,293,507
207000067,118,159,-41
207000068,347,111,236
207000069,1555,461,1094
207000082,43,236,-193
207000083,249,336,-87
207000084,997,647,350
207000085,552,71,481
207000086,848,16,832
207000106,186,60,126
207000107,409,47,362
207000108,226,7,219
207000109,226,17,209
207000110,140,294,-154
207000111,175,225,-50
207000112,219,2923,-2704
207000114,53,30,23
207000115,150,179,-29
207000116,55,487,-432
207000117,18,200,-182
207000118,2,326,-324
207000119,49,153,-104
207000123,764,21,743
207000124,368,49,319
207000125,134,33,101
207000126,146,20,126
207000134,323,259,64
207000135,95,370,-275
207000148,175,1234,-1059
207000149,158,50,108
207000152,265,784,-519
207000153,360,905,-545
207000154,665,412,253
207000159,464,255,209
207000160,639,233,406
207000238,1,90,-89
207000242,0,51,-51
207000248,79,131,-52
207000249,283,55,228
207000250,1016,207,809
207000251,305,181,124
207000252,75,57,18
207000278,322,260,62
207000279,124,162,-38
207000280,1708,94,1614
207000281,476,373,103
207000282,76,698,-622
207000283,27,196,-169
207000284,38,2306,-2268
207000285,112,117,-5
207000291,19,180,-161
207000304,109,157,-48
207000306,107,416,-309
207000310,246,154,92
207000353,289,2,287
207000356,23,243,-220
207000357,2,32,-30
207000358,6,39,-33
207000415,6,135,-129
207000417,147,14,133
207000418,151,150,1
207000438,0,0,0
207000439,566,400,166
207000446,594,5,589
207000460,191,13,178
207000466,185,531,-346
207000467,911,266,645
207000468,175,185,-10
207000476,10,27,-17
207000477,1371,33,1338
207000478,2,45,-43
207000523,0,8,-8
207000524,90,0,90
207000527,425,150,275
207000530,2185,8,2177
207000531,907,62,845
207000532,340,364,-24
207000534,273,39,234
207000535,30,572,-542
207000537,24,229,-205
207000540,3,82,-79
207000541,2,155,-153
207000548,4,987,-983
207000549,1126,230,896
207000561,543,367,176
207000562,49,131,-82
207000567,113,417,-304
207000568,859,122,737
207000569,2112,173,1939
207000584,82,295,-213
207000585,46,443,-397
207000616,0,228,-228
207000617,333,0,333
207900008,904,109,795
208000001,1338,2474,-1136
208000002,1412,1634,-222
208000003,1551,675,876
208000004,1677,2287,-610
208000005,3,208,-205
208000019,2190,614,1576
208000020,631,261,370
208000021,642,633,9
208000022,2248,531,1717
208000028,1653,3386,-1733
208000033,1018,448,570
208000034,1446,2074,-628
208000037,1355,101,1254
208000040,509,377,132
208000041,2081,918,1163
208000042,2850,1009,1841
208000047,230,355,-125
208000064,2987,2912,75
208000066,1820,2596,-776
208000070,1436,873,563
208000071,1488,419,1069
208000072,1664,944,720
208000080,635,1336,-701
208000081,671,220,451
208000082,1286,303,983
208000083,397,345,52
208000084,8,138,-130
208000085,1235,1237,-2
208000086,1104,1571,-467
208000087,740,1176,-436
208000089,2114,533,1581
208000090,2016,627,1389
208000093,61,250,-189
208000094,1152,463,689
208000095,1619,963,656
208000104,3041,635,2406
208000105,1789,1408,381
208000114,183,780,-597
208000115,1032,653,379
208000116,2344,3062,-718
208000117,51,302,-251
208000118,347,704,-357
208000155,1358,2253,-895
208000158,2932,4798,-1866
208000186,1317,3288,-1971
208000204,1500,3096,-1596
208000205,3095,1808,1287
208000282,1204,1964,-760
209000004,1422,520,902
209000005,133,908,-775
209000006,528,764,-236
209000007,760,996,-236
209000010,462,696,-234
209000011,163,382,-219
209000012,262,732,-470
209000013,671,1106,-435
209000014,1019,1467,-448
209000025,1102,162,940
209000026,2030,295,1735
209000027,791,542,249
209000028,634,437,197
209000029,1475,2876,-1401
209000030,1450,2880,-1430
209000031,7274,2456,4818
209000034,541,851,-310
209000035,420,679,-259
209000036,784,423,361
209000037,959,568,391
209000038,396,380,16
209000039,180,197,-17
209000040,493,918,-425
209000041,614,743,-129
209000042,1931,453,1478
209000043,1067,865,202
209000044,798,1061,-263
209000045,962,381,581
209000046,1062,393,669
209000047,844,447,397
209000048,897,974,-77
209000049,180,75,105
209000050,351,125,226
209000051,489,247,242
209000052,255,258,-3
209000062,164,81,83
209000063,155,62,93
209000064,89,27,62
209000065,393,110,283
209000066,306,69,237
209000067,366,67,299
209000080,24,270,-246
209000082,105,115,-10
209000091,75,112,-37
209000093,56,128,-72
209000094,107,237,-130
209000110,79,225,-146
209000111,730,3801,-3071
209000112,2056,1271,785
209000113,4060,2766,1294
209000114,1678,1627,51
209000115,154,134,20
209000116,737,425,312
209000118,24,264,-240
209000119,27,131,-104
209000121,277,662,-385
209000135,63,213,-150
209000142,1477,5967,-4490
209000143,110,275,-165
209000144,153,961,-808
209000229,317,130,187
209000240,124,357,-233
209000259,75,163,-88
209000260,44,1084,-1040
209000261,3,371,-368
209000262,3,449,-446
209000263,4,2468,-2464
209000264,0,290,-290
209000265,969,3,966
209000266,323,1,322
209000267,2797,11,2786
209000268,851,152,699
210000037,147,233,-86
210000047,227,23,204
210000048,183,45,138
210000049,184,12,172
210000052,255,101,154
210000053,105,37,68
210000054,22,118,-96
210000070,479,13,466
210000071,392,0,392
210000072,101,0,101
210000073,0,126,-126
210000074,0,193,-193
210000075,1,317,-316
210000076,31,371,-340
210000077,8,511,-503
210000078,50,426,-376
210000079,33,123,-90
210000080,47,466,-419
210000081,583,45,538
210000082,25,2,23
210000083,121,0,121
210000084,170,0,170
210000085,0,420,-420
210000086,9,174,-165
210000099,130,333,-203
210000100,195,161,34
210000101,307,192,115
210000105,27,399,-372
210000159,1,462,-461
210000163,63,249,-186
210000164,438,338,100
210000168,544,128,416
210000187,0,83,-83
210000188,0,112,-112
210000214,10,0,10
210000219,143,70,73
210000220,363,39,324
210000232,8,29,-21
210000233,55,18,37
210000234,88,75,13
210000235,123,70,53
210000245,1,192,-191
210000246,46,12,34
210000258,47,99,-52
210000259,434,160,274
210000282,100,379,-279
210000285,0,224,-224
210000286,60,188,-128
210000290,0,7,-7
210000295,117,275,-158
210000296,127,125,2
210000320,599,100,499
210000321,316,38,278
210000338,112,164,-52
210000339,205,1155,-950
210000340,272,443,-171
210000341,401,375,26
210000342,420,312,108
210000343,351,391,-40
210000344,179,442,-263
210000345,292,725,-433
210000346,167,370,-203
210000347,110,586,-476
210000348,313,398,-85
210000349,117,194,-77
210000350,335,390,-55
210000351,362,264,98
210000352,65,65,0
210000353,55,75,-20
210000354,67,90,-23
210000355,86,591,-505
210000356,19,889,-870
210000357,88,1016,-928
210000358,1374,738,636
210000359,171,913,-742
210000360,443,824,-381
210000361,587,345,242
210000362,600,380,220
210000363,1148,372,776
210000364,598,317,281
210000365,457,150,307
210000366,509,86,423
210000367,296,69,227
210000368,291,70,221
210000369,82,331,-249
210000370,167,543,-376
210000372,77,117,-40
210000373,20,330,-310
210000374,136,454,-318
210000375,56,86,-30
210000376,103,767,-664
210000404,126,175,-49
210000439,161,17,144
210000472,84,11,73
210000482,99,196,-97
210000564,388,307,81
210000567,1,114,-113
210000568,479,6,473
211000092,128,21,107
211000094,53,4,49
211000169,297,11,286
211000172,50,216,-166
211000209,0,58,-58
211000226,49,58,-9
211000270,125,13,112
211000275,27,46,-19
211000276,300,30,270
211000279,21,85,-64
211000281,181,6,175
211507980,3,155,-152
211977296,75,3,72
212000003,477,226,251
212000004,19,247,-228
212000005,46,267,-221
212000006,98,311,-213
212000008,422,362,60
212000009,147,226,-79
212000012,267,98,169
212000013,78,61,17
212000014,726,126,600
212000015,676,146,530
212000016,1042,405,637
212000027,757,322,435
212000028,453,307,146
212000029,398,268,130
212000030,83,28,55
212000031,90,37,53
212000048,109,815,-706
212000049,14,353,-339
212000050,23,12,11
212000051,684,157,527
212000052,535,190,345
212000053,403,289,114
212000054,976,70,906
212000055,729,151,578
212000056,27,62,-35
212000057,9,39,-30
212000058,243,62,181
212000070,335,202,133
212000077,388,321,67
212000099,797,301,496
212000108,383,587,-204
212000111,577,193,384
212000120,338,289,49
212000138,382,124,258
212000156,1,96,-95
212000158,6,45,-39
212000159,1297,188,1109
212000160,1282,258,1024
212000161,105,8,97
212000310,84,19,65
212000311,47,69,-22
212000374,68,20,48
213000001,23,695,-672
213000005,950,840,110
213000006,1138,625,513
213000007,135,56,79
213000009,492,300,192
213000010,568,268,300
213000011,368,263,105
213000012,497,285,212
213000014,192,66,126
213000015,540,20,520
213000016,924,2,922
213000017,174,0,174
213000018,8,45,-37
213000019,3,488,-485
213000020,236,176,60
213000021,4,80,-76
213000023,580,714,-134
213000033,780,1972,-1192
213000034,582,312,270
213000035,291,576,-285
213000045,342,444,-102
213000046,170,122,48
213000047,478,1185,-707
213000056,338,158,180
213000069,393,58,335
213000073,0,50,-50
213000074,88,766,-678
213000075,1388,11,1377
213000076,10,4,6
213000085,6,32,-26
213000086,31,239,-208
213000091,647,14,633
213000092,83,34,49
213000099,587,1695,-1108
213000100,1273,839,434
213000101,1651,162,1489
213000102,1765,216,1549
213000103,1158,546,612
213000104,108,263,-155
213000105,111,2504,-2393
213000106,69,577,-508
213000107,302,610,-308
213000108,86,549,-463
213000109,4,320,-316
213000110,27,205,-178
213000111,3,182,-179
213000112,98,140,-42
213000115,80,20,60
213000116,40,526,-486
213000117,15,590,-575
213000118,2217,599,1618
213000119,54,481,-427
213000120,172,392,-220
213000122,263,470,-207
213000123,194,628,-434
213000124,647,784,-137
213000125,220,92,128
213000126,273,300,-27
213000127,98,333,-235
213000128,89,804,-715
213000129,281,4029,-3748
213000130,2073,1983,90
213000132,2078,486,1592
213000133,2698,203,2495
213000134,4549,14,4535
213000136,1296,56,1240
213000137,1296,104,1192
213000139,401,69,332
213000147,61,41,20
213000148,42,78,-36
213000149,19,61,-42
213000150,1,1099,-1098
213000151,3,427,-424
213000152,4,638,-634
213000153,7,324,-317
213000154,205,923,-718
213000155,118,889,-771
213000156,284,501,-217
213000157,1811,357,1454
213000158,832,882,-50
213000159,1238,571,667
213000163,3296,401,2895
213000165,1100,521,579
213000171,0,46,-46
213000172,0,178,-178
213000173,9,101,-92
213000174,3,60,-57
213000175,14,15,-1
213000176,260,60,200
213000177,281,7,274
213000178,600,6,594
213000179,504,1,503
213000180,618,1,617
213000184,171,609,-438
213000188,1079,238,841
213000189,1548,84,1464
213000190,969,476,493
213000191,1085,238,847
213000192,782,212,570
213000193,1083,493,590
213000194,4,303,-299
213000195,40,358,-318
213000196,672,2813,-2141
213000197,952,1575,-623
213000198,54,6,48
213000200,243,642,-399
213000201,38,129,-91
213000202,18,831,-813
213000203,2395,397,1998
213000204,1482,58,1424
213000205,1078,90,988
213000206,1370,143,1227
213000207,77,12,65
213000208,76,5,71
213000209,260,14,246
213000210,521,23,498
213000211,8,100,-92
213000212,25,165,-140
213000213,44,148,-104
213000218,783,665,118
213000219,2068,106,1962
213000220,2084,20,2064
213000223,481,407,74
213000224,37,101,-64
213000225,132,29,103
213000226,77,35,42
213000227,2783,256,2527
213000228,1735,1354,381
213000229,165,182,-17
213000230,2410,39,2371
213000232,207,28,179
213000233,61,245,-184
213000234,28,121,-93
213000293,18,190,-172
213000294,170,107,63
213000295,36,194,-158
213000296,227,32,195
213000297,11,109,-98
213000298,17,169,-152
213000299,166,33,133
213000300,3,13,-10
213000303,1,19,-18
213000304,3,8,-5
213000305,8,65,-57
213000306,107,1185,-1078
213000307,136,719,-583
213000308,189,251,-62
213000309,450,108,342
213000310,436,222,214
213000311,276,900,-624
213000315,204,408,-204
213000316,466,206,260
213000322,200,22,178
213000323,391,197,194
213000324,220,6,214
213000325,152,110,42
213000326,127,6,121
213000327,134,31,103
213000328,60,74,-14
213000329,289,15,274
213000340,224,698,-474
213000341,2208,104,2104
213000346,188,609,-421
213000347,290,2047,-1757
213000348,11,192,-181
213000349,10,12,-2
213000350,392,1195,-803
213000366,134,228,-94
213000367,975,15,960
213000379,72,138,-66
213000386,57,39,18
213000406,737,75,662
213000417,3464,841,2623
213000425,676,160,516
213000426,562,63,499
213000427,160,90,70
213000428,62,321,-259
213000429,34,42,-8
213000430,172,482,-310
213000431,16,2,14
213000432,8,51,-43
213000433,49,50,-1
213000434,311,211,100
213000435,263,100,163
213000436,128,134,-6
213000437,6,11,-5
213000438,258,63,195
213000439,69,40,29
213000440,25,126,-101
213000441,0,1,-1
213000442,4,14,-10
213000443,1285,804,481
213000444,125,9,116
213000445,0,86,-86
213000446,0,45,-45
213000447,7,143,-136
213000448,18,332,-314
213000449,2092,50,2042
213000450,67,84,-17
213000451,793,75,718
213000452,55,21,34
213000453,84,311,-227
213000455,154,2,152
213000456,0,240,-240
213000481,5,3,2
213000482,142,2,140
213000489,241,56,185
213000491,33,514,-481
213000492,314,147,167
213000493,4,459,-455
213000494,636,115,521
213000495,0,107,-107
213000496,1265,330,935
213000497,193,227,-34
213000498,411,131,280
213000499,529,173,356
213000500,1788,95,1693
213000501,510,123,387
213000502,310,337,-27
213000503,0,73,-73
213000504,63,89,-26
213000505,13,4,9
213000506,0,7,-7
213000507,7,129,-122
213900016,0,4,-4
213900244,148,0,148
213900245,0,9,-9
218000003,118,120,-2
218000004,135,247,-112
218000005,135,130,5
218000006,112,127,-15
218000007,22,24,-2
218000012,431,374,57
218000013,643,382,261
218000014,710,461,249
218000019,607,629,-22
218000020,547,450,97
218000021,65,44,21
218000022,82,14,68
218000023,47,16,31
218000024,5,9,-4
218000025,7,36,-29
218000026,14,27,-13
218000027,2,6,-4
218000028,3,3,0
218000029,0,21,-21
218000030,6,28,-22
218000031,11,22,-11
218000032,0,47,-47
218000040,3,6,-3
218000046,253,138,115
218000047,71,68,3
218000048,120,42,78
218000049,98,53,45
218000050,220,160,60
218000051,133,281,-148
218000052,0,43,-43
218000053,2,31,-29
218000054,10,61,-51
218000055,32,50,-18
218000056,36,82,-46
218000057,5,59,-54
218000064,0,33,-33
218000065,286,45,241
218000066,35,162,-127
218000067,206,124,82
218000068,329,108,221
218000069,700,136,564
218000070,330,496,-166
218000071,451,332,119
218000072,204,526,-322
218000078,2459,576,1883
218000079,588,213,375
218000080,343,239,104
218000081,1308,190,1118
218000082,325,123,202
218000083,221,109,112
218000084,452,75,377
218000085,368,194,174
218000086,205,137,68
218000087,326,130,196
218000090,64,293,-229
218000091,2248,1049,1199
218000092,380,198,182
218000093,197,164,33
218000094,849,633,216
218000099,524,869,-345
218000100,745,409,336
218000101,628,234,394
218000102,1027,572,455
218000103,223,176,47
218000104,277,85,192
218000105,36,34,2
218000106,23,10,13
218000107,280,34,246
218000108,30,29,1
218000112,112,46,66
218000117,69,231,-162
218000134,1309,497,812
218000135,18,136,-118
218000136,351,267,84
218000137,516,265,251
218000138,99,127,-28
218000139,570,882,-312
218000140,1320,749,571
218000141,184,169,15
218000142,388,299,89
218000143,62,860,-798
218000144,35,281,-246
218000145,1163,562,601
218000146,306,332,-26
218000151,13,63,-50
218000152,96,51,45
218000153,5,17,-12
218000154,27,2,25
218000155,97,4,93
218000156,185,22,163
218000157,107,33,74
218000158,16,99,-83
218000159,4,35,-31
218000160,17,7,10
218000161,144,2,142
218000162,101,24,77
218000163,40,11,29
218000164,278,16,262
218000165,217,29,188
218000170,2,50,-48
218000171,69,6,63
218000172,35,30,5
218000173,32,15,17
218000174,25,15,10
218000176,291,252,39
218000177,416,256,160
218000178,95,261,-166
218000179,262,99,163
218000180,157,70,87
218000181,592,46,546
218000187,6,91,-85
218000188,30,23,7
218000189,29,83,-54
218000190,142,32,110
218000191,332,29,303
218000192,572,216,356
218000193,800,301,499
218000194,363,296,67
218000195,284,73,211
218000196,806,319,487
218000197,1366,346,1020
218000198,168,78,90
218000199,129,14,115
218000200,91,122,-31
218000201,28,5,23
218000202,119,1267,-1148
218000207,9,26,-17
218000208,82,189,-107
218000211,55,37,18
218000212,2,11,-9
218000213,276,104,172
218000214,3,22,-19
218000215,113,91,22
218000217,13,68,-55
218000218,255,31,224
218000219,4,389,-385
218000220,113,2233,-2120
218000221,950,580,370
218000222,1,332,-331
218000223,138,999,-861
218000224,7,340,-333
218000225,323,22,301
218000226,351,98,253
218000230,0,8,-8
218000232,91,97,-6
218000239,152,11,141
218000240,9,17,-8
218000241,85,0,85
218000242,9,1,8
218000243,22,15,7
218000244,50,4,46
218000245,193,24,169
218000246,0,4,-4
218000247,3,3,0
218000248,1,111,-110
218000249,2,16,-14
218000250,15,1137,-1122
218000251,1,106,-105
218000252,2,233,-231
218000253,0,167,-167
218000254,1,72,-71
218000255,5,25,-20
218000256,10,64,-54
218000267,787,1661,-874
218000268,20,85,-65
218000269,2,92,-90
218000270,377,75,302
218000271,14,27,-13
218000273,69,2,67
218000274,11,3,8
218000275,177,99,78
218000276,41,34,7
218000278,6,146,-140
218000279,187,57,130
218000280,2,51,-49
218000281,15,27,-12
218000282,1079,1676,-597
218000284,213,40,173
218000301,192,185,7
218000302,77,54,23
218000303,24,125,-101
218000316,2720,1265,1455
218000317,4341,1254,3087
218000318,2427,971,1456
218000319,3001,751,2250
218000320,2512,1015,1497
218000338,19,182,-163
218000345,288,312,-24
218000346,76,468,-392
218000459,56,169,-113
218000490,21,85,-64
218000501,367,188,179
218000502,328,186,142
218000503,345,25,320
218000504,339,60,279
218000505,82,173,-91
218000506,31,378,-347
218000508,1,13,-12
218000510,105,14,91
218000520,281,204,77
218000521,23,40,-17
218000522,2,628,-626
218000523,198,2,196
218000524,5,425,-420
218000525,237,62,175
218000526,23,364,-341
218000529,90,135,-45
218000530,62,37,25
218000531,62,19,43
218000532,143,11,132
218000534,481,15,466
218000537,45,233,-188
218000538,111,1070,-959
218000540,197,291,-94
218000543,212,190,22
218000544,44,100,-56
218000545,210,188,22
218000546,79,104,-25
218000547,240,461,-221
218000548,260,168,92
218000549,1442,185,1257
218000550,301,223,78
218000551,151,437,-286
218000552,431,399,32
218000553,35,231,-196
218000554,53,29,24
218000555,49,49,0
218000556,292,119,173
218000557,933,272,661
218000558,133,3,130
218000559,0,66,-66
218000560,0,37,-37
218000561,23,0,23
218000562,40,149,-109
218000563,318,76,242
218000564,10,186,-176
218000565,131,89,42
218000566,62,22,40
218000567,4,107,-103
218000568,34,4,30
218000569,0,270,-270
218000570,43,29,14
218000571,1,230,-229
218000572,325,34,291
218000573,15,169,-154
218000574,80,39,41
218000575,144,1,143
218000576,0,86,-86
218000577,138,2,136
218000578,4,351,-347
218000579,107,74,33
218000581,3,92,-89
218000582,118,5,113
218000583,25,1,24
218000584,0,38,-38
218000585,69,38,31
218000586,31,54,-23
218000587,0,1,-1
218000588,1,0,1
218000589,0,7,-7
218000590,22,2,20
218000591,5,16,-11
218000592,16,0,16
218000593,0,0,0
218000594,0,1,-1
218000595,0,0,0
218000596,0,0,0
218000597,0,0,0
218000598,0,3,-3
218000599,0,8,-8
218000600,2,4,-2
218000601,0,1,-1
218000602,0,4,-4
218000603,0,16,-16
218000604,3,1,2
218000605,0,66,-66
218000606,119,0,119
218000607,41,108,-67
218000608,97,23,74
218000609,16,147,-131
218000610,96,6,90
218000611,71,2,69
218000612,10,91,-81
218000613,48,6,42
218000614,2,62,-60
218000615,378,30,348
218000616,12,250,-238
218000617,26,34,-8
218000618,0,38,-38
218000619,121,90,31
218000620,50,164,-114
218000621,0,6,-6
218000622,0,115,-115
218000623,118,3,115
218000624,1,245,-244
218000625,3,8,-5
218000626,0,29,-29
218000628,380,409,-29
218000631,49,27,22
218000632,4,243,-239
218000633,182,2,180
218000634,23,35,-12
218000635,6,15,-9
218000636,1951,1143,808
218000637,2304,973,1331
218000638,571,58,513
218000639,71,139,-68
218000640,920,61,859
218000641,139,208,-69
218000652,92,52,40
218000653,377,65,312
218000663,17,103,-86
218000675,40,137,-97
218000676,12,16,-4
218000677,79,10,69
218000680,357,212,145
218000681,833,634,199
218000691,623,237,386
218000693,646,301,345
218000703,12,13,-1
218000718,50,217,-167
218000719,103,271,-168
218000720,3,189,-186
218000721,33,39,-6
218000725,21,30,-9
218001214,5,202,-197
218001258,287,1,286
218001329,185,238,-53
218001330,65,114,-49
218001351,25,51,-26
218001352,41,67,-26
218001353,5,15,-10
218001354,5,44,-39
218001356,946,74,872
218001358,845,7,838
218001361,701,10,691
219000001,25,64,-39
219000002,86,85,1
219000003,104,77,27
219000004,57,189,-132
219000017,107,498,-391
219000020,586,60,526
219000022,306,5,301
219000023,183,2,181
219000029,2,274,-272
219000034,118,70,48
219000039,39,461,-422
219000040,55,113,-58
219000041,265,113,152
219000051,1,335,-334
219000052,1,230,-229
219000053,5,167,-162
219000054,34,95,-61
219000055,606,0,606
219000056,7,0,7
219000057,105,0,105
219000062,30,285,-255
219000063,258,20,238
219000064,18,129,-111
219000110,383,758,-375
219000111,191,244,-53
219000112,485,119,366
219000113,820,121,699
219000114,456,77,379
219000116,277,66,211
219000117,259,96,163
219000118,239,136,103
219000123,349,189,160
219000124,118,84,34
219000125,55,14,41
219000126,85,294,-209
219000127,1,55,-54
219000128,79,182,-103
219000129,38,187,-149
219000130,223,969,-746
219000131,1115,1535,-420
219000133,53,124,-71
219000134,22,82,-60
219000135,26,367,-341
219000136,109,477,-368
219000138,248,15,233
219000139,157,20,137
219000140,235,2,233
219000141,95,52,43
219000142,19,55,-36
219000143,53,57,-4
219000145,21,111,-90
219000146,12,36,-24
219000147,12,28,-16
219000148,13,35,-22
219000149,36,57,-21
219000150,1,58,-57
219000151,8,27,-19
219000157,515,398,117
219000158,469,668,-199
219000161,378,15,363
219000163,1553,402,1151
219000166,264,465,-201
219000167,356,498,-142
219000168,386,166,220
219000174,815,237,578
219000175,324,4,320
219000176,416,34,382
219000177,218,6,212
219000178,168,0,168
219000179,133,23,110
219000180,104,35,69
219000182,244,4,240
219000183,249,47,202
219000184,199,12,187
219000185,3,89,-86
219000186,194,62,132
219000187,62,229,-167
219000189,116,306,-190
219000190,94,410,-316
219000191,255,2391,-2136
219000192,310,382,-72
219000193,841,341,500
219000195,1,511,-510
219000196,8,287,-279
219000198,131,349,-218
219000199,242,183,59
219000200,344,193,151
219000201,87,190,-103
219000203,52,299,-247
219000204,110,617,-507
219000205,95,352,-257
219000207,186,235,-49
219000209,41,86,-45
219000210,29,817,-788
219000213,12,397,-385
219000239,350,303,47
219000240,380,812,-432
219000241,231,350,-119
219000242,146,429,-283
219000243,260,323,-63
219000244,31,101,-70
219000245,23,109,-86
219000246,67,60,7
219000247,361,54,307
219000248,884,1156,-272
219000249,355,286,69
219000250,446,235,211
219000251,950,525,425
219000252,434,220,214
219000253,565,71,494
219000255,366,144,222
219000256,635,580,55
219000257,327,2,325
219000262,149,477,-328
219000263,148,189,-41
219000267,9,97,-88
219000268,55,48,7
219000269,7,13,-6
219000270,53,5,48
219000271,714,7,707
219000278,2,64,-62
219000279,0,74,-74
219000283,1,198,-197
219000295,33,102,-69
219000296,217,603,-386
219000297,132,45,87
219000298,183,43,140
219000299,684,53,631
219000300,140,130,10
219000301,80,532,-452
219000302,37,186,-149
219000307,97,28,69
219000308,163,250,-87
219000311,438,102,336
219000312,987,141,846
219000313,857,73,784
219000314,227,242,-15
219000315,667,38,629
219000316,1371,130,1241
219000317,405,49,356
219000320,1,146,-145
219000321,2,56,-54
219000323,4,89,-85
219000325,1,11,-10
219000326,138,57,81
219000327,46,40,6
219000328,58,27,31
219000329,285,121,164
219000330,42,69,-27
219000331,140,112,28
219000332,372,381,-9
219000333,145,11,134
219000335,112,18,94
219000337,58,2,56
219000338,44,10,34
219000344,25,183,-158
219000345,133,63,70
219000346,104,53,51
219000348,259,176,83
219000349,100,162,-62
219000350,163,591,-428
219000351,2,13,-11
219000352,154,170,-16
219000353,252,88,164
219000354,428,92,336
219000355,386,146,240
219000356,532,2696,-2164
219000363,169,187,-18
219000364,278,127,151
219000365,127,61,66
219000366,317,1341,-1024
219000368,443,809,-366
219000370,873,875,-2
219000371,7,20,-13
219000382,31,13,18
219000383,363,2267,-1904
219000385,333,1199,-866
219000386,1224,3065,-1841
219000387,2,31,-29
219000390,32,26,6
219000391,10,15,-5
219000397,105,49,56
219000398,96,92,4
219000401,51,196,-145
219000402,102,100,2
219000403,89,930,-841
219000404,71,220,-149
219000407,11,33,-22
219000409,130,97,33
219000410,447,106,341
219000411,267,37,230
219000446,168,616,-448
219000447,5,42,-37
219000448,7,16,-9
219000452,167,201,-34
219000453,55,419,-364
219000454,333,949,-616
219000556,783,508,275
219000558,202,316,-114
219000590,49,412,-363
219000591,357,890,-533
219000592,142,325,-183
219000595,13,24,-11
219000635,316,159,157
219000636,159,354,-195
219000657,123,27,96
219000658,91,316,-225
219000673,2,109,-107
219000676,33,24,9
219000679,45,58,-13
219000684,189,13,176
219000685,1,105,-104
219000686,1,8,-7
219000688,0,37,-37
219000689,52,199,-147
219000690,354,13,341
219000691,83,179,-96
219000692,316,28,288
219000693,19,34,-15
219000694,31,0,31
219000695,117,8,109
219000698,74,0,74
219000699,0,259,-259
219000727,9,741,-732
219000728,202,4,198
219000770,69,7,62
219000771,3,142,-139
219000788,395,455,-60
219001150,1,44,-43
219001151,6,1,5
219001166,62,88,-26
219001167,2,89,-87
219001178,101,1,100
220000001,76,374,-298
220000002,15,222,-207
220000003,514,511,3
220000004,589,1203,-614
220000005,725,3581,-2856
220000006,233,1339,-1106
220000007,1048,386,662
220000008,607,1127,-520
220000009,943,931,12
220000010,148,154,-6
220000011,900,6558,-5658
220000012,63,1009,-946
220000014,254,108,146
220000015,60,703,-643
220000017,34,634,-600
220000018,12985,5940,7045
220000019,425,1353,-928
220000020,1182,528,654
220000021,1821,564,1257
220000022,1850,520,1330
220000023,567,364,203
220000024,1394,1207,187
220000025,1029,3788,-2759
220000026,575,1813,-1238
220000027,19,500,-481
220000028,77,300,-223
220000029,57,71,-14
220000030,74,191,-117
220000031,1188,1145,43
220000064,53,1638,-1585
221000046,11,1,10
221000047,0,0,0
221000048,0,2,-2
221000049,1,99,-98
221000050,45,4,41
221000055,90,209,-119
221000057,193,5,188
221000068,308,115,193
221000069,411,46,365
221000070,442,19,423
221000071,166,8,158
221000072,635,9,626
221000073,399,108,291
221000074,1,34,-33
221000075,18,77,-59
221000076,39,10,29
221000077,79,53,26
221000081,24,15,9
221000082,97,21,76
221000083,28,22,6
221000084,3,13,-10
221000085,38,316,-278
221000086,27,165,-138
221000087,6,218,-212
221000088,11,263,-252
221000089,53,316,-263
221000090,80,509,-429
221000098,269,64,205
221000099,398,24,374
221000100,246,5,241
221000101,203,12,191
221000102,227,40,187
221000109,44,72,-28
221000110,17,33,-16
221000111,14,88,-74
221000112,11,105,-94
221000113,9,257,-248
221000114,13,162,-149
221000120,21,227,-206
221000121,6,118,-112
221000122,44,58,-14
221000123,15,38,-23
221000124,19,99,-80
221000155,243,79,164
221000156,117,69,48
221000175,2,27,-25
221000176,0,17,-17
221000182,65,23,42
221000241,449,334,115
221000242,196,372,-176
221000243,706,360,346
221000244,489,609,-120
221000245,221,293,-72
221000246,121,562,-441
221000247,188,288,-100
221000248,214,271,-57
221000267,43,1174,-1131
221000325,20,173,-153
221000331,0,79,-79
221000338,21,87,-66
221000378,472,85,387
221000381,101,83,18
222000282,1,25,-24
222000296,1,33,-32
222000568,631,21,610
222000569,222,74,148
222000570,276,75,201
222000571,658,52,606
222000577,27,68,-41
222000578,3,175,-172
222000579,12,107,-95
222000580,69,896,-827
222000599,0,96,-96
222000600,1,137,-136
222000601,5,1094,-1089
222000603,9,256,-247
222000604,3,261,-258
222000605,22,186,-164
222000606,3,66,-63
222000607,18,14,4
222000608,38,41,-3
222000609,176,127,49
222000616,871,127,744
222000617,11,130,-119
222000618,4,50,-46
222000620,63,65,-2
222000621,50,63,-13
222000623,1261,32,1229
222000624,900,11,889
222000625,2899,8,2891
222000636,103,9,94
222000686,48,74,-26
222000687,100,116,-16
222001066,1308,2,1306
222001067,189,3,186
222001068,320,65,255
222001069,189,123,66
222001082,79,15,64
222001083,199,13,186
222001084,2,78,-76
222001085,2,598,-596
222001111,323,87,236
222001112,422,238,184
222001313,13,57,-44
222001314,2,166,-164
222001464,109,172,-63
222001465,49,200,-151
222001484,483,108,375
222001485,48,86,-38
222001494,1549,565,984
222001495,234,128,106
222001496,851,431,420
222001497,260,301,-41
222001502,11,80,-69
222001503,470,206,264
222001504,27,491,-464
222001505,1307,45,1262
222001506,34,284,-250
222001507,785,41,744
222001510,1411,108,1303
222001511,109,177,-68
222001514,1643,101,1542
222001515,264,302,-38
222001518,940,29,911
222001519,334,164,170
222001527,247,192,55
222001528,43,247,-204
222001529,758,15,743
222001530,172,151,21
222001533,421,496,-75
222001534,978,528,450
222001535,619,796,-177
222001536,220,173,47
222001537,788,94,694
222001538,62,413,-351
222001563,1692,219,1473
222001564,140,248,-108
222001568,359,329,30
222001576,0,13,-13
222001579,0,15,-15
222001583,36,105,-69
222001584,276,64,212
222001596,879,2549,-1670
222001597,2156,1143,1013
222001626,0,52,-52
222001650,33,264,-231
222001651,65,293,-228
222001914,547,27,520
222001915,89,273,-184
222001968,927,370,557
222001969,462,460,2
222001970,216,287,-71
222001971,139,16,123
222001972,30,13,17
225000001,800,213,587
225000002,1628,525,1103
225000003,1839,855,984
225000004,1105,1307,-202
225000005,99,351,-252
225000006,0,439,-439
225000007,2979,1962,1017
225000010,750,22,728
225000011,523,2905,-2382
225000012,531,1224,-693
225000013,223,263,-40
225000014,1416,440,976
225000015,293,372,-79
225000021,1599,276,1323
225000027,675,789,-114
225000032,1288,200,1088
225000042,248,729,-481
225000049,307,502,-195
225000050,545,113,432
225000053,32,340,-308
225000058,1195,555,640
225000067,701,240,461
225000068,459,732,-273
225000069,208,729,-521
225000070,433,505,-72
225000071,170,165,5
225000075,195,3408,-3213
225000076,123,413,-290
225000078,141,167,-26
225000085,388,59,329
225000086,746,105,641
225000087,994,33,961
225000088,75,452,-377
225000089,135,672,-537
225000090,115,1120,-1005
225000091,150,267,-117
225000092,67,329,-262
225000093,934,700,234
225000094,58,380,-322
225000095,690,419,271
225000096,287,477,-190
225000098,1976,202,1774
225000099,918,207,711
225000100,1204,278,926
225000104,390,578,-188
225000110,53,730,-677
225000111,708,885,-177
225000112,1058,1242,-184
225000113,395,2561,-2166
225000114,271,1023,-752
225000115,2331,999,1332
225000116,506,284,222
225000117,1167,606,561
225000118,2483,564,1919
225000119,964,223,741
225000120,2324,364,1960
225000121,385,66,319
225000123,1103,97,1006
225000125,1213,486,727
225000126,1536,716,820
225000127,793,5216,-4423
225000128,750,1930,-1180
225000132,1250,47,1203
225000133,726,47,679
225000134,1475,185,1290
225000135,261,35,226
225000136,1189,18,1171
225000137,911,395,516
225000138,1803,221,1582
225000143,288,604,-316
225000144,40,525,-485
225000145,166,288,-122
225000146,265,561,-296
225000147,133,260,-127
225000148,12,92,-80
225000149,232,252,-20
225000151,182,145,37
225000155,362,403,-41
225000156,398,1572,-1174
225000157,1203,675,528
225000158,159,372,-213
225000171,37,296,-259
225000180,47,2,45
225000181,0,313,-313
225000182,142,41,101
225000185,14,632,-618
225000187,368,666,-298
225000191,156,4,152
225000194,0,2,-2
225000208,3,116,-113
225000209,509,36,473
225000210,24,355,-331
225000217,2,64,-62
225000218,70,10,60
225000223,0,530,-530
225000224,274,33,241
225000225,0,281,-281
225000226,25,18,7
225000227,840,888,-48
225000228,10,36,-26
225000229,0,780,-780
225000230,13,7,6
225000231,0,34,-34
225000232,601,2,599
225000241,260,0,260
225000242,0,69,-69
225000249,5,7,-2
225000250,237,432,-195
225000251,1283,406,877
225000254,0,266,-266
225000256,10,1470,-1460
225000257,1,228,-227
226000042,517,845,-328
226000043,160,543,-383
226000044,644,1280,-636
226000045,298,637,-339
226000046,1145,492,653
226000047,956,411,545
226000048,936,340,596
226000049,1093,603,490
226000070,0,29,-29
226000071,0,177,-177
226000072,0,92,-92
226000073,0,25,-25
226000074,0,58,-58
226000084,1,46,-45
226000085,1,55,-54
226000086,2,67,-65
226000087,2,101,-99
226000088,25,129,-104
226000090,117,397,-280
226000091,21,218,-197
226000092,0,65,-65
226000093,80,7,73
226000094,18,11,7
226000095,8,25,-17
226000105,27,0,27
226000106,21,0,21
226000107,10,7,3
226000108,56,1,55
226000109,399,3,396
226000124,359,328,31
226000134,1979,843,1136
226000135,3659,888,2771
226000136,1548,1205,343
226000137,14,648,-634
226000138,24,223,-199
226000139,8,180,-172
226000156,1022,5,1017
226000157,758,41,717
226000163,157,608,-451
226000202,12,617,-605
226000231,1740,43,1697
226000232,97,17,80
227000033,822,36,786
227000036,1017,31,986
227000037,1026,141,885
227000038,322,86,236
227000084,5,258,-253
227000085,1,175,-174
227000088,76,4,72
227000089,48,1,47
227000090,38,2,36
227000091,59,1,58
227000092,66,0,66
227000093,277,0,277
227000094,10,1,9
227000130,100,298,-198
227000131,61,246,-185
227000132,65,219,-154
227000133,38,116,-78
227000134,92,188,-96
227000152,0,8,-8
227000153,1,309,-308
227000154,0,153,-153
227000155,2,46,-44
227000156,1,50,-49
227000165,1,129,-128
227000196,1130,133,997
227000199,1021,296,725
227000230,40,240,-200
227000232,1588,77,1511
227000242,63,560,-497
227000243,510,79,431
227000245,20,261,-241
227000246,175,253,-78
227000247,908,54,854
227000248,205,119,86
227000249,26,158,-132
227000250,562,486,76
227000251,92,848,-756
227000252,115,203,-88
227000253,427,38,389
227000262,964,56,908
227000266,2726,76,2650
227000267,27,901,-874
227000282,8,193,-185
227000284,1609,30,1579
227000286,7,78,-71
227000287,41,48,-7
227000291,10,428,-418
227000296,498,238,260
227000484,317,12,305
227000485,9,762,-753
227000655,522,7,515
227000656,1264,26,1238
227000657,497,17,480
227000661,1374,24,1350
229000265,50,55,-5
229000296,0,195,-195
229000297,8,73,-65
229000298,21,223,-202
229000320,23,5,18
229000321,99,71,28
229000412,29,114,-85
229000414,12,92,-80
229000415,15,4,11
229000416,5,3,2
229000417,5,6,-1
229000419,107,417,-310
229000440,447,223,224
229000442,36,23,13
229000443,10,23,-13
229000444,0,57,-57
229000445,147,0,147
229000446,154,36,118
229000491,6,13,-7
229000492,9,58,-49
229000493,9,139,-130
229000494,118,56,62
229000495,252,35,217
229000496,196,11,185
229000507,0,73,-73
229000508,3,33,-30
229000509,0,78,-78
229000510,12,103,-91
229000511,11,49,-38
229000512,0,19,-19
229000513,0,14,-14
229000514,0,3,-3
229000517,1,6,-5
229000518,35,13,22
229000519,3,10,-7
229000520,16,26,-10
229000521,166,14,152
229000522,15,3,12
229000523,20,5,15
229000524,3,13,-10
229000527,0,0,0
229000528,1,0,1
229000529,27,0,27
229000530,103,9,94
229000531,100,6,94
229000532,25,4,21
229000533,108,3,105
229000534,42,1,41
229000564,118,2,116
229000565,107,0,107
229000566,0,4,-4
229000567,1,3,-2
229000582,111,21,90
229000583,2,22,-20
229000584,1,7,-6
229000585,4,96,-92
229000718,0,6,-6
229000719,0,3,-3
229000720,0,43,-43
229000721,0,1,-1
229000722,0,4,-4
229000723,0,5,-5
229000724,0,17,-17
229000725,0,3,-3
229000738,7,0,7
229000739,1,1,0
229000740,3,0,3
229000741,102,0,102
229000742,28,0,28
229000743,34,0,34
229000744,5,0,5
229000745,4,0,4
229000746,23,0,23
229000847,81,0,81
229000848,49,0,49
229000849,145,3,142
229000851,113,1,112
229000854,0,41,-41
229000856,2,75,-73
229000857,0,16,-16
229000858,1,59,-58
229000919,6,119,-113
229000930,12,223,-211
229000937,248,51,197
229000966,125,58,67
229000981,35,10,25
229000985,45,12,33
229000986,0,2,-2
229000987,0,2,-2
229000988,3,2,1
229000989,33,18,15
229000990,0,0,0
229000991,1,1,0
229000992,44,1,43
229000993,373,22,351
229000998,11,67,-56
229000999,186,12,174
229001034,0,14,-14
229001035,8,5,3
229001037,127,5,122
229001042,64,16,48
229001047,45,90,-45
229001050,91,72,19
229001168,0,75,-75
229001200,64,0,64
229001338,2,28,-26
229001394,422,3,419
229001422,253,68,185
229001423,16,125,-109
229001431,85,93,-8
229001432,35,143,-108
229001444,371,130,241
229001445,178,116,62
229001479,61,5,56
229001503,516,83,433
229001504,242,124,118
229001505,335,59,276
229001506,99,134,-35
229001509,104,23,81
229001545,217,10,207
229001546,4,85,-81
229001553,275,66,209
229001554,10,139,-129
229001630,164,14,150
229001631,8,74,-66
229001635,1,72,-71
229001636,1,0,1
229001658,1,84,-83
229001659,115,7,108
229001660,8,38,-30
229001661,21,54,-33
229001662,74,3,71
229001663,0,96,-96
229002584,262,350,-88
229002831,178,130,48
229002841,12,59,-47
229002842,30,91,-61
229002843,104,71,33
229002844,155,140,15
229002845,196,208,-12
229002846,22,52,-30
229002847,0,23,-23
229002848,7,73,-66
229002849,1,38,-37
229002850,18,11,7
229002851,84,146,-62
229002852,171,41,130
229002853,157,233,-76
229002854,73,161,-88
229002855,30,190,-160
229002856,29,40,-11
229002857,22,232,-210
229002858,20,15,5
229002859,46,195,-149
229002860,211,112,99
229002861,91,228,-137
229002862,36,64,-28
229002863,62,33,29
229002864,41,52,-11
229002865,3,34,-31
229002866,15,22,-7
229002867,41,35,6
229002868,29,36,-7
229002869,14,72,-58
229002870,39,16,23
235000066,579,83,496
235000067,393,111,282
235000072,63,110,-47
235000073,177,555,-378
235000074,133,84,49
235000080,22,85,-63
235000081,459,128,331
235000082,360,23,337
235000083,595,62,533
235000084,47,61,-14
235000085,314,88,226
235000089,91,417,-326
235000092,98,423,-325
235000093,10,9,1
235000097,8,4,4
235000098,267,0,267
235000099,87,132,-45
235000116,39,18,21
235000117,1113,46,1067
235000133,52,1474,-1422
235000134,34,391,-357
235000206,12,9,3
235000207,3,2,1
235000208,2,4,-2
235000209,4,0,4
235000210,5,2,3
235000212,15,19,-4
235000213,2,15,-13
235000220,3,6,-3
235000221,16,123,-107
235000238,16,309,-293
235000239,1,104,-103
235000242,501,1137,-636
235000245,505,309,196
235000246,15,89,-74
235000284,27,85,-58
235000295,145,150,-5
235000305,515,109,406
235000306,761,27,734
235000307,85,3,82
235000308,60,0,60
235000309,174,2,172
235000310,76,1,75
235000311,184,126,58
235000322,1,52,-51
235000323,0,27,-27
235000324,0,19,-19
235000325,14,34,-20
235000326,17,26,-9
235000351,9,58,-49
235000352,23,52,-29
235000353,0,53,-53
235000354,4,15,-11
235000355,15,931,-916
235000356,227,11,216
235000357,314,25,289
235000358,50,15,35
235000359,18,4,14
235000360,183,2,181
235000361,137,7,130
235000381,547,132,415
235000382,343,197,146
235000390,15,4,11
235000391,223,21,202
235000392,355,269,86
235000393,226,956,-730
235000395,250,49,201
235000396,1029,110,919
235000400,114,298,-184
235000401,13,258,-245
235000405,383,129,254
235000406,142,117,25
235000407,163,67,96
235000409,212,215,-3
235000410,223,211,12
235000411,5,76,-71
235000485,0,25,-25
235000486,12,0,12
235000549,146,788,-642
235000550,296,229,67
235000599,357,61,296
235000600,5,29,-24
235000601,13,34,-21
235000602,286,64,222
235000614,0,3,-3
235000648,0,26,-26
235000649,252,13,239
235000685,1,4,-3
235000815,4,46,-42
235000834,0,16,-16
235000855,98,45,53
235000862,58,64,-6
235000891,0,135,-135
235000892,47,4,43
235000901,170,548,-378
235000907,8,22,-14
235001010,245,141,104
235001029,206,322,-116
235001030,268,195,73
235001078,152,284,-132
235001079,151,68,83
235001147,10,123,-113
235001166,16,31,-15
235001167,189,34,155
235001169,67,153,-86
235001188,1,13,-12
235001189,2,0,2
235001197,1,15,-14
235001200,168,120,48
235001207,426,87,339
235001210,20,197,-177
235001215,99,163,-64
235001239,0,61,-61
235001244,1,20,-19
235016267,1,334,-333
277101746,0,2,-2
277102712,0,0,0
277103813,0,1,-1
277103814,0,0,0
277103898,0,1,-1
277104249,0,1,-1
277104250,0,24,-24
277104251,0,14,-14
277104252,0,2,-2
990011530,0,578,-578
990014944,6,333,-327
990015176,39,0,39
990015618,7,242,-235
990016032,1,345,-344
990032570,3,2094,-2091
990070001,78,4,74
990070103,0,8,-8
990070601,0,53,-53
990070751,4017,6,4011
990070766,0,171,-171
990071180,1011,627,384
990071343,108,2,106
990071387,0,3,-3
990071823,641,8,633
990072600,4,808,-804
990072964,0,198,-198
990073285,0,5,-5
990074393,6,844,-838
990074870,3339,19,3320
990075106,1561,14,1547
990075746,1209,58,1151
990076437,6675,12,6663
990076458,1,539,-538
997000007,648,5,643
997000041,2,550,-548
997000058,104,2,102
997000062,8,0,8
997000069,0,6,-6
997000070,0,22,-22
997000100,265,15,250
997000141,0,538,-538
997000198,1,328,-327
998000475,0,9,-9
998000736,2,354,-352
998000965,0,50,-50
998001031,0,130,-130
998001700,0,79,-79
998001899,0,1,-1
998001900,26,1,25
998003073,1825,3,1822
998101900,0,0,0
998102850,5,339,-334
998501927,663,1719,-1056
998501929,324,7,317
998501930,108,0,108
998501931,572,62,510
998501932,8,0,8
998501933,139,0,139
998501937,44,2,42
998501944,6,1,5
998501970,591,228,363
998501971,0,436,-436
998501973,0,36,-36
998501974,0,131,-131
998501975,241,23,218
998501976,298,5,293
998501977,22,53,-31
998501978,10,1,9
998501979,0,6,-6
998501980,609,34,575
998501981,156,1,155
998501982,0,220,-220
998501983,0,0,0
998502006,0,0,0
998502024,0,50,-50
998502032,0,1,-1
998502062,13,3,10
998502063,0,0,0
998502173,14,0,14
998502269,0,5,-5
998601159,0,34,-34
998601292,2,67,-65
999033574,1,257,-256
999800001,71,3,68
999800002,0,6,-6
999800003,3,3,0
999800004,0,2,-2
999800005,0,92,-92
