ID,insum,outsum,diff
100000001,1188,538,650
100000002,4406,7155,-2749
100000003,5016,5699,-683
100000004,277,1434,-1157
100000005,3981,5255,-1274
100000006,710,1409,-699
100000007,2980,1821,1159
100000008,154,799,-645
100000009,318,1672,-1354
100000010,56,2807,-2751
100000011,519,444,75
100000012,24,271,-247
100000013,4,363,-359
100000014,131,3490,-3359
100000015,1365,2203,-838
100000016,385,2441,-2056
100000017,333,4158,-3825
100000018,854,1058,-204
100000019,2941,2660,281
100000020,1180,6264,-5084
100000021,8489,1812,6677
100000022,724,4338,-3614
100000023,5382,1613,3769
100000025,572,1850,-1278
100000028,478,2309,-1831
100000029,79,757,-678
100000030,76,27,49
100000031,2279,8263,-5984
100000032,2061,4910,-2849
100000033,1421,4077,-2656
100000034,127,1588,-1461
100000035,773,1705,-932
100000036,531,2780,-2249
100000037,1061,487,574
100000038,3568,1153,2415
100000039,262,573,-311
100000040,914,331,583
100000041,2572,1264,1308
100000042,1781,324,1457
100000043,856,153,703
100000044,192,234,-42
100000045,309,444,-135
100000046,430,487,-57
100000047,114,286,-172
100000048,236,610,-374
100000049,1437,1158,279
100000051,660,483,177
100000053,64,10,54
100000054,373,42,331
100000055,693,201,492
100000056,456,446,10
100000057,2984,481,2503
100000058,1199,390,809
100000059,81,277,-196
100000060,1088,420,668
100000061,3486,645,2841
100000062,2189,843,1346
100000063,1655,545,1110
100000064,3026,496,2530
100000065,338,438,-100
100000066,185,429,-244
100000067,210,579,-369
100000068,381,1647,-1266
100000069,481,969,-488
100000072,216,513,-297
100000073,1144,796,348
100000075,997,124,873
100000076,1636,11143,-9507
100000077,75,696,-621
100000078,11,72,-61
100000079,7,56,-49
100000080,10,20,-10
100000081,25,79,-54
100000102,2075,4996,-2921
100000103,1531,6751,-5220
100000104,3567,3045,522
100000105,1224,2109,-885
100000106,664,3315,-2651
100000107,94,1329,-1235
100000108,411,980,-569
100000109,518,1559,-1041
100000116,186,532,-346
100000117,53,142,-89
100000118,508,1205,-697
100000119,988,1020,-32
100000121,241,474,-233
100000122,592,2376,-1784
100000123,1258,2369,-1111
100000124,1994,2412,-418
100000125,5985,1901,4084
100000126,540,799,-259
100000127,1584,980,604
100000128,609,3460,-2851
100000129,305,853,-548
100000130,1140,281,859
100000131,766,1220,-454
100000132,1034,1397,-363
100000133,1378,930,448
100000135,797,1008,-211
100000139,159,498,-339
100000140,135,150,-15
100000142,716,642,74
100000143,1669,406,1263
100000144,1560,326,1234
100000147,1735,5131,-3396
100000150,228,495,-267
100000151,211,1634,-1423
100000153,39,478,-439
100000154,15,752,-737
100000155,1,57,-56
100000156,28,146,-118
100000157,164,144,20
100000158,146,124,22
100000159,60,973,-913
100000165,612,453,159
100000169,38,2928,-2890
100000174,366,1636,-1270
100000179,46,902,-856
100000180,1294,4713,-3419
100000181,578,235,343
100000188,120,133,-13
100000189,1132,807,325
100000190,451,1501,-1050
100000191,732,483,249
100000192,11,180,-169
100000193,311,192,119
100000330,675,861,-186
100000355,216,496,-280
100000362,2229,853,1376
100000363,7132,8261,-1129
100000364,105,297,-192
100000365,5641,8070,-2429
100000366,1543,980,563
100000367,5156,6074,-918
100000368,2044,1272,772
100000369,528,2440,-1912
100000370,132,1192,-1060
100000376,26,417,-391
100000379,735,4131,-3396
100000380,2728,7681,-4953
100000384,4874,6220,-1346
100000385,1136,4495,-3359
100000386,1174,6713,-5539
100000387,3059,7566,-4507
100000388,1632,3909,-2277
100000389,4353,6166,-1813
100000390,2523,2592,-69
100000391,2378,5991,-3613
100000392,475,1824,-1349
100000393,616,3484,-2868
100000394,1445,4176,-2731
100000395,659,3904,-3245
100000396,678,1615,-937
100000397,1309,5788,-4479
100000398,5127,3594,1533
100900002,26,8,18
100900003,790,389,401
100900004,9,517,-508
100900005,140,32,108
100900006,76,9,67
100900007,331,0,331
100900008,2,212,-210
100900009,55,18,37
100900010,49,12,37
100900011,171,193,-22
100900012,38,39,-1
100900013,1443,11,1432
100900014,1,0,1
100900015,96,24,72
100900016,11,32,-21
100900017,1950,110,1840
100900018,0,11,-11
100900019,79,107,-28
100900020,508,7,501
100900021,701,4,697
100900022,1,14,-13
100900023,0,70,-70
100900024,415,14,401
100900025,68,4,64
100900026,92,77,15
100900027,395,3467,-3072
100900028,127,397,-270
100900029,36,3,33
100900030,0,176,-176
100900031,1529,62,1467
100900032,625,2,623
100900033,87,660,-573
100900034,2310,2,2308
100900035,346,2,344
100900036,188,0,188
100900037,182,44,138
100900038,52,52,0
100900039,297,108,189
100900040,820,587,233
100900041,2336,173,2163
100900042,246,2254,-2008
100900043,4,36,-32
100900044,1105,1087,18
100900045,38,1,37
100900046,1921,18,1903
100900047,912,198,714
100900048,101,23,78
100900049,184,55,129
100900050,1,14,-13
100900051,24,143,-119
100900052,419,1,418
100900053,926,33,893
100900054,5,21,-16
100900055,435,1876,-1441
100900056,26,53,-27
100900057,2042,291,1751
100900058,168,21,147
100900059,269,1,268
100900060,387,10,377
100900061,204,175,29
100900062,11,7,4
100900063,475,1506,-1031
100900064,717,10,707
100900065,38,194,-156
100900066,106,27,79
100900067,135,5,130
100900068,411,1332,-921
100900069,100,0,100
100900070,920,3,917
100900071,321,84,237
100900072,15,22,-7
100900073,284,153,131
100900074,2,22,-20
100900075,1633,114,1519
100900076,41,21,20
100900077,142,5,137
100900078,90,223,-133
100900079,2,8,-6
100900080,280,390,-110
100900081,19,90,-71
100900082,411,77,334
100900083,34,10,24
100900085,2,343,-341
100900086,14,486,-472
100900088,406,76,330
100900089,0,8,-8
100900090,132,1374,-1242
100900091,1,7,-6
100900092,54,184,-130
100900093,644,921,-277
100900094,745,71,674
100900095,16,11,5
100900096,20,173,-153
100900097,2,1,1
100900098,12,23,-11
100900099,6,285,-279
100900100,1,154,-153
100900101,558,41,517
100900102,2,226,-224
100900103,4,13,-9
100900104,0,130,-130
100900105,2,305,-303
100900106,6,0,6
100900107,2017,784,1233
100900108,10,41,-31
100900109,20,29,-9
100900110,23,14,9
100900111,16,231,-215
100900112,6,53,-47
100900113,30,30,0
100900114,24,19,5
100900115,22,37,-15
100900116,1145,473,672
100900117,327,1348,-1021
100900118,9,53,-44
100900119,6,39,-33
100900120,72,4,68
100900121,690,346,344
100900122,90,61,29
100900123,272,22,250
100900124,0,1,-1
100900125,1,22,-21
100900126,986,724,262
100900127,4,1,3
100900128,109,378,-269
100900129,1,251,-250
100900131,14,80,-66
100900133,110,61,49
100900134,3,1,2
100900135,1,302,-301
100900137,284,168,116
100900138,1389,389,1000
100900139,0,44,-44
100900140,1,62,-61
100900141,1,391,-390
100900142,1,9,-8
100900143,271,942,-671
100900144,8,7,1
100900145,105,1926,-1821
100900146,8,75,-67
100900147,4,1630,-1626
100900148,171,96,75
100900149,5,860,-855
100900150,5,114,-109
100900151,31,308,-277
100900152,408,2,406
100900153,3,250,-247
100900154,0,140,-140
100900155,27,1,26
100900156,29,2,27
100900157,10,874,-864
100900158,277,9,268
100900159,9,36,-27
100900160,67,0,67
100900161,80,1,79
100900162,3,440,-437
100900163,93,67,26
100900164,343,9,334
100900165,22,10,12
100900166,59,0,59
100900167,5,55,-50
100900168,0,129,-129
100900169,51,494,-443
100900170,13,10,3
100900171,6,424,-418
100900172,0,112,-112
100900173,0,90,-90
100900174,28,24,4
100900176,1106,197,909
100900177,233,144,89
100900178,252,255,-3
100900179,182,181,1
100900180,0,0,0
100900181,73,103,-30
100900182,87,7,80
100900184,173,340,-167
100900186,906,393,513
100900187,44,31,13
100900188,25,11,14
100900189,3554,333,3221
100900191,420,1256,-836
100900192,74,360,-286
100900195,56,281,-225
100900197,76,37,39
100900198,7,9,-2
100900199,6,5,1
100900200,698,188,510
100900201,37,1298,-1261
100900202,72,0,72
100900203,0,59,-59
100900204,80,571,-491
100900205,161,614,-453
100900206,391,414,-23
100900207,567,99,468
100900210,73,96,-23
100900211,430,93,337
100900213,140,55,85
100900214,184,185,-1
100900215,45,25,20
100900217,13,57,-44
101000001,1772,2645,-873
101000002,6816,8889,-2073
101000003,352,1234,-882
101000004,6796,7934,-1138
101000005,5553,8036,-2483
101000006,6425,12126,-5701
101000007,3255,5186,-1931
101000008,1713,2193,-480
101000009,3259,1044,2215
101000010,1468,650,818
101000011,1158,367,791
101000012,232,586,-354
101000013,533,1387,-854
101000014,409,430,-21
101000015,3181,1455,1726
101000016,242,677,-435
101000017,318,301,17
101000018,1425,6178,-4753
101000020,1364,1261,103
101000021,534,619,-85
101000022,134,586,-452
101000023,942,782,160
101000025,379,648,-269
101000026,545,44,501
101000027,1590,3277,-1687
101000028,685,209,476
101000029,26,1029,-1003
101000030,674,118,556
101000031,46,526,-480
101000032,2285,3729,-1444
101000033,986,5195,-4209
101000034,429,2510,-2081
101000035,392,444,-52
101000036,308,2454,-2146
101000037,644,3570,-2926
101000039,1664,3095,-1431
101000040,2537,7460,-4923
101000041,1673,6437,-4764
101000042,62,762,-700
101000043,2853,6590,-3737
101000045,238,674,-436
101000046,1118,1512,-394
101000047,853,4064,-3211
101000048,386,262,124
101000049,637,2148,-1511
101000050,424,2145,-1721
101000051,720,1989,-1269
101000052,1214,1834,-620
101000053,402,1219,-817
101000054,1483,652,831
101000055,1384,1259,125
101000056,4,102,-98
101000057,511,3300,-2789
101000058,513,2239,-1726
101000059,2137,3685,-1548
101000060,1816,943,873
101000061,237,2398,-2161
101000062,169,760,-591
101000063,146,1378,-1232
101000064,174,1417,-1243
101000065,56,768,-712
101000066,260,1169,-909
101000067,262,698,-436
101000068,77,347,-270
101000069,86,83,3
101000070,319,612,-293
101000071,3052,1310,1742
101000072,514,2326,-1812
101000073,394,854,-460
101000074,1492,2759,-1267
101000075,1518,2206,-688
101000077,1559,2983,-1424
101000078,672,1022,-350
101000079,750,811,-61
101000080,803,937,-134
101000081,1519,1454,65
101000082,1471,1196,275
101000083,3402,1970,1432
101000084,1022,649,373
101000085,1924,900,1024
101000086,892,764,128
101000087,619,695,-76
101000088,1937,1148,789
101000089,1139,2105,-966
101000090,1202,618,584
101000091,622,457,165
101000092,2137,449,1688
101000093,1975,522,1453
101000094,868,847,21
101000095,666,527,139
101000096,941,191,750
101000097,393,685,-292
101000098,423,745,-322
101000099,466,1006,-540
101000100,637,1142,-505
101000101,180,775,-595
101000102,362,1082,-720
101000103,313,849,-536
101000104,237,690,-453
101000105,212,477,-265
101000106,178,1463,-1285
101000107,402,612,-210
101000108,566,124,442
101000109,1246,210,1036
101000110,31,187,-156
101000111,23,189,-166
101000113,98,1294,-1196
101000114,1589,5508,-3919
101000115,21,18,3
101000116,51,10,41
101000117,817,125,692
101000119,29,112,-83
101000120,46,157,-111
101000121,30,76,-46
101000122,54,110,-56
101000123,39,94,-55
101000124,477,560,-83
101000125,117,87,30
101000128,264,1949,-1685
101000130,136,336,-200
101000131,2190,306,1884
101000132,1048,501,547
101000135,6,14,-8
101000136,54,138,-84
101000137,9,441,-432
101000141,611,4519,-3908
101000147,1606,290,1316
101000148,914,28,886
101000149,23,77,-54
101000150,133,240,-107
101000151,716,35,681
101000152,420,368,52
101000153,305,203,102
101000154,840,421,419
101000155,922,271,651
101000156,49,1406,-1357
101000157,18,208,-190
101000160,2,8,-6
101000163,54,557,-503
101000164,324,84,240
101000165,284,477,-193
101000166,159,283,-124
101000168,1369,306,1063
101000252,3293,636,2657
101000254,18,21,-3
101000258,72,3,69
101000261,70,65,5
101000262,1354,6747,-5393
101000263,298,1160,-862
101000265,118,588,-470
101000266,446,185,261
101000269,10,60,-50
101000290,240,3734,-3494
101000293,3,4,-1
101000294,360,488,-128
101000295,295,170,125
101000301,213,690,-477
101000304,2019,4354,-2335
101000305,2740,1256,1484
101900001,25,45,-20
101900002,0,3,-3
101900003,62,44,18
101900004,2,163,-161
101900005,1063,4773,-3710
101900006,1315,129,1186
101900007,361,268,93
101900008,61,258,-197
101900009,30,484,-454
101900010,1082,825,257
101900011,90,1709,-1619
101900012,304,92,212
101900013,296,57,239
101900017,28,101,-73
101900018,2126,391,1735
101900019,27,160,-133
101900020,18,72,-54
101900021,0,51,-51
101900022,272,1836,-1564
101900023,170,263,-93
101900026,138,17,121
101900027,17,79,-62
102000001,5009,8471,-3462
102000002,2848,2747,101
102000003,1608,5605,-3997
102000004,4551,3265,1286
102000005,1523,3808,-2285
102000006,819,1047,-228
102000007,1852,5047,-3195
102000008,5390,1355,4035
102000009,9050,11063,-2013
102000010,3453,2519,934
102000011,5355,4612,743
102000012,4150,2597,1553
102000018,2755,3648,-893
102000019,3756,2291,1465
102000026,513,459,54
102000029,285,247,38
102000030,194,476,-282
102000031,144,71,73
102000032,987,409,578
102000033,730,286,444
102000034,454,317,137
102000035,1118,500,618
102000036,21,207,-186
102000037,169,33,136
102000038,170,176,-6
102000039,108,73,35
102000040,194,170,24
102000041,13,366,-353
102000042,121,179,-58
102000043,62,319,-257
102000044,518,1020,-502
102000045,847,676,171
102000046,1943,678,1265
102000047,1611,474,1137
102000048,1060,554,506
102000049,1215,903,312
102000050,1475,865,610
102000051,227,410,-183
102000052,1401,988,413
102000053,1142,783,359
102000054,994,834,160
102000055,1430,211,1219
102000056,2113,288,1825
102000057,2124,656,1468
102000058,864,844,20
102000059,844,909,-65
102000060,955,892,63
102000061,2995,1186,1809
102000062,2756,1104,1652
102000063,1030,1619,-589
102000064,589,754,-165
102000065,33,179,-146
102000066,883,437,446
102000067,5936,4695,1241
102000068,8963,3417,5546
102000069,135,2690,-2555
102000070,2189,41,2148
102000071,6376,12745,-6369
102000072,2784,3374,-590
102000073,602,484,118
102000074,899,504,395
102000075,243,165,78
102000076,647,131,516
102000077,1058,1301,-243
102000078,1949,565,1384
102000079,207,59,148
102000080,455,172,283
102000081,333,623,-290
102000082,818,414,404
102000083,1259,146,1113
102000084,995,115,880
102000085,2116,564,1552
102000086,1912,718,1194
102000087,685,1042,-357
102000088,457,248,209
102000089,1887,192,1695
102000090,355,1299,-944
102000091,971,752,219
102000092,260,733,-473
102000093,659,666,-7
102000094,536,397,139
102000095,858,874,-16
102000096,624,362,262
102000097,642,236,406
102000098,333,268,65
102000099,822,528,294
102000100,224,427,-203
102000101,399,305,94
102000102,195,1509,-1314
102000103,3199,499,2700
102000104,454,291,163
102000105,408,284,124
102000106,1096,464,632
102000107,2808,157,2651
102000108,868,1260,-392
102000109,850,1446,-596
102000110,1686,451,1235
102000111,20,2337,-2317
102000112,135,180,-45
102000113,11,130,-119
102000114,3466,697,2769
102000115,284,521,-237
102000116,310,795,-485
102000117,76,1014,-938
102000118,935,2068,-1133
102000119,561,1007,-446
102000120,336,443,-107
102000121,1624,233,1391
102000122,829,747,82
102000123,995,674,321
102000124,1940,1303,637
102000125,590,713,-123
102000126,602,908,-306
102000127,1797,1084,713
102000128,1010,772,238
102000129,1818,656,1162
102000130,799,970,-171
102000131,1045,773,272
102000132,497,1069,-572
102000133,5335,3170,2165
102000134,1796,708,1088
102000135,564,858,-294
102000136,905,629,276
102000137,532,416,116
102000138,360,194,166
102000139,96,506,-410
102000140,225,273,-48
102000141,396,771,-375
102000142,415,180,235
102000143,376,83,293
102000144,562,88,474
102000145,432,157,275
102000146,930,159,771
102000147,620,393,227
102000148,297,511,-214
102000149,639,122,517
102000150,1174,35,1139
102000151,138,63,75
102000152,588,124,464
102000153,1023,403,620
102000154,207,228,-21
102000155,50,285,-235
102000156,271,89,182
102000157,10,490,-480
102000158,483,442,41
102000159,1033,1325,-292
102000161,2666,2588,78
102000162,199,360,-161
102000163,140,352,-212
102000164,590,680,-90
102000165,309,650,-341
102000166,70,422,-352
102000167,253,200,53
102000168,309,219,90
102000169,194,848,-654
102000170,864,141,723
102000171,152,81,71
102000172,6,434,-428
102000173,498,410,88
102000174,254,88,166
102000175,134,58,76
102000176,71,34,37
102000178,227,499,-272
102000179,621,294,327
102000180,1180,314,866
102000181,1620,318,1302
102000182,1135,1675,-540
102000183,2620,925,1695
102000184,2350,828,1522
102000185,4107,390,3717
102000186,2427,580,1847
102000187,1179,614,565
102000188,1815,1280,535
102000189,1875,356,1519
102000190,703,2639,-1936
102000191,1012,265,747
102000192,2226,1645,581
102000193,207,185,22
102000194,51,414,-363
102000195,1030,486,544
102000196,489,304,185
102000197,1885,134,1751
102000198,384,251,133
102000199,2278,105,2173
102000200,737,311,426
102000201,2842,487,2355
102000202,8,237,-229
102000203,897,91,806
102000204,1531,706,825
102000205,2024,1178,846
102000206,1064,573,491
102000207,1035,1156,-121
102000208,438,1400,-962
102000209,171,288,-117
102000210,945,687,258
102000211,1047,349,698
102000212,742,42,700
102000213,7,381,-374
102000214,918,9,909
102000215,15,166,-151
102000216,258,211,47
102000217,24,45,-21
102000218,277,285,-8
102000219,194,57,137
102000225,294,967,-673
102000226,95,487,-392
102000227,188,2,186
102000228,1,94,-93
102000229,198,93,105
102000230,531,262,269
102000231,633,377,256
102000232,37,204,-167
102000233,1103,399,704
102000234,65,1186,-1121
102000236,267,48,219
102000237,1199,376,823
102000238,454,311,143
102000240,333,894,-561
102000241,92,197,-105
102000243,11,78,-67
102000245,11,108,-97
102000246,19,35,-16
102000247,172,416,-244
102000248,169,1133,-964
102000249,187,97,90
102000250,119,267,-148
102000254,620,126,494
102000266,4,441,-437
102000271,46,0,46
102000286,493,339,154
102000297,3357,998,2359
102000299,0,0,0
102000301,0,0,0
102000305,0,0,0
102000307,0,6,-6
102000308,0,1,-1
102900001,1383,939,444
102900002,242,49,193
102900003,134,57,77
102900005,736,188,548
102900006,847,55,792
102900007,1030,6,1024
102900008,391,25,366
102900009,286,349,-63
102900010,264,1250,-986
102900011,1152,516,636
102900012,688,77,611
102900013,88,11,77
102900015,1233,524,709
102900016,239,18,221
102900017,389,113,276
102900018,104,31,73
102900019,827,381,446
102900020,163,10,153
102900021,99,25,74
102900022,52,45,7
102900023,7,8,-1
102900024,42,19,23
102900025,48,12,36
102900026,325,2676,-2351
102900027,51,40,11
102900028,221,1202,-981
102900029,34,499,-465
102900030,481,849,-368
102900031,367,134,233
102900032,168,23,145
102900033,160,136,24
102900034,1014,26,988
102900035,267,84,183
102900036,387,129,258
102900037,228,488,-260
102900038,366,198,168
102900039,25,1029,-1004
102900040,329,328,1
102900041,185,90,95
102900042,501,97,404
102900043,438,108,330
102900044,642,2145,-1503
102900045,269,370,-101
102900046,277,90,187
102900047,334,1453,-1119
102900048,901,142,759
102900049,89,219,-130
102900050,281,1592,-1311
102900051,403,359,44
102900052,71,92,-21
102900053,504,473,31
102900054,282,1563,-1281
102900055,97,589,-492
102900056,168,185,-17
102900057,12,117,-105
102900058,539,101,438
102900059,27,9,18
102900060,103,556,-453
102900061,297,1200,-903
102900062,269,311,-42
102900063,2404,450,1954
102900064,54,506,-452
102900065,1585,241,1344
102900066,442,5,437
102900068,62,139,-77
102900070,365,243,122
102900072,2,118,-116
102900073,28,0,28
102900075,3,78,-75
102900076,28,166,-138
102900077,28,13,15
102900078,22,28,-6
102900079,288,4,284
102900080,589,7,582
102900081,27,56,-29
102900082,23,61,-38
102900083,95,11,84
102900084,2,21,-19
102900085,135,106,29
102900086,22,17,5
102900087,274,35,239
102900088,99,23,76
102900089,353,160,193
102900090,3,151,-148
102900091,564,0,564
102900092,1394,104,1290
102900093,462,190,272
102900094,0,68,-68
102900095,73,0,73
102900096,109,5,104
102900097,8,15,-7
103000001,2655,2052,603
103000002,3069,2752,317
103000003,3529,2033,1496
103000004,842,428,414
103000005,1368,4359,-2991
103000006,1815,2276,-461
103000007,444,314,130
103000008,1017,625,392
103000009,3271,1337,1934
103000010,176,84,92
103000011,1323,427,896
103000012,1444,1408,36
103000013,2451,1675,776
103000014,1149,3127,-1978
103000015,1424,853,571
103000016,638,1936,-1298
103000017,335,1122,-787
103000018,1015,235,780
103000019,610,899,-289
103000020,1475,1243,232
103000021,2657,3179,-522
103000022,712,987,-275
103000023,1373,2414,-1041
103000024,151,67,84
103000025,147,2101,-1954
103000026,365,540,-175
103000027,233,525,-292
103000028,98,188,-90
103000029,101,285,-184
103000030,1619,1373,246
103000031,847,3175,-2328
103000032,2073,1697,376
103000033,4079,3761,318
103000034,1221,730,491
103000035,181,1133,-952
103000036,271,267,4
103000037,750,445,305
103000038,744,873,-129
103000039,1078,258,820
103000040,1143,368,775
103000041,3937,1388,2549
103000042,2856,182,2674
103000043,1319,388,931
103000044,449,97,352
103000046,313,723,-410
103000047,1054,394,660
103000048,329,565,-236
103000049,138,130,8
103000050,1333,137,1196
103000051,977,356,621
103000052,1294,145,1149
103000053,333,326,7
103000054,2282,264,2018
103000055,2473,836,1637
103000056,948,770,178
103000057,1839,127,1712
103000058,1425,245,1180
103000059,1225,343,882
103000060,979,209,770
103000061,1211,625,586
103000062,939,114,825
103000063,1526,460,1066
103000064,256,31,225
103000065,16,134,-118
103000066,176,9,167
103000069,406,623,-217
103000070,873,215,658
103000071,2458,793,1665
103000072,207,387,-180
103000073,1829,76,1753
103000074,1265,64,1201
103000075,109,358,-249
103000076,508,1173,-665
103000077,9,237,-228
103000078,1113,1726,-613
103000079,561,936,-375
103000080,508,524,-16
103000081,254,863,-609
103000082,741,154,587
103000083,169,300,-131
103000084,295,11,284
103000085,1,198,-197
103000086,649,701,-52
103000087,243,757,-514
103000088,151,257,-106
103000089,408,928,-520
103000090,4140,895,3245
103000091,839,456,383
103000092,537,152,385
103000093,363,595,-232
103000094,616,109,507
103000095,169,370,-201
103000096,727,41,686
103000097,31,579,-548
103000098,760,46,714
103000099,158,851,-693
103000100,225,384,-159
103000101,2154,88,2066
103000102,131,216,-85
103000103,1062,115,947
103000104,256,84,172
103000105,414,89,325
103000106,24,137,-113
103000107,407,91,316
103000108,1633,1233,400
103000109,515,664,-149
103000110,354,816,-462
103000111,455,648,-193
103000112,389,515,-126
103000113,527,1066,-539
103000114,2266,1087,1179
103000115,997,577,420
103000116,1101,255,846
103000117,412,389,23
103000118,390,263,127
103000119,1116,261,855
103000120,122,234,-112
103000121,52,236,-184
103000122,523,1150,-627
103000125,19,62,-43
103000126,1655,5,1650
103000127,2,94,-92
103000128,259,5,254
103000129,0,73,-73
103000130,163,145,18
103000131,78,136,-58
103000132,30,190,-160
103000133,41,107,-66
103000134,254,1586,-1332
103000135,771,176,595
103000136,407,402,5
103000137,263,552,-289
103000138,509,603,-94
103000139,0,43,-43
103000140,83,21,62
103000141,43,320,-277
103000142,153,175,-22
103000143,72,106,-34
103000144,322,26,296
103000145,21,102,-81
103000150,75,59,16
103000152,227,362,-135
103000153,263,220,43
103000156,5,82,-77
103000157,692,1,691
103000159,408,83,325
103000162,34,42,-8
103000163,18,26,-8
103000164,6,15,-9
103000165,71,92,-21
103000166,350,768,-418
103000167,321,235,86
103000168,404,251,153
103000169,543,1151,-608
103000170,2348,275,2073
103000171,36,127,-91
103000172,1509,120,1389
103000173,1798,192,1606
103000174,598,223,375
103000175,579,131,448
103000176,1075,1323,-248
103000177,330,881,-551
103000178,106,365,-259
103000179,212,76,136
103000183,691,4,687
103000185,429,109,320
103000186,526,60,466
103000187,2283,98,2185
103000188,29,144,-115
103000189,1048,464,584
103000191,628,270,358
103000292,498,2576,-2078
103000293,571,4571,-4000
103000295,42,119,-77
103000296,104,1,103
103000297,1,46,-45
103000504,38,6,32
103000505,3,28,-25
103000506,6,96,-90
103000507,291,2,289
103000508,144,102,42
103000509,228,487,-259
103900001,11,15,-4
103900002,715,91,624
103900003,895,345,550
103900004,178,0,178
103900005,6,91,-85
103900006,3,1,2
103900007,113,0,113
103900008,8,3,5
103900009,511,76,435
103900010,272,77,195
103900011,1183,71,1112
103900012,14,121,-107
103900013,75,7,68
103900014,163,17,146
103900015,148,2,146
103900016,250,131,119
103900017,107,103,4
103900018,317,71,246
103900019,39,801,-762
103900020,416,383,33
103900021,82,17,65
103900022,711,516,195
103900023,455,1,454
103900024,245,154,91
103900025,4,7,-3
103900026,0,1,-1
103900027,418,170,248
103900028,105,414,-309
103900029,1617,104,1513
103900030,332,114,218
103900031,61,1,60
103900032,189,149,40
103900033,164,23,141
103900034,164,29,135
103900035,264,248,16
103900036,32,29,3
103900037,265,161,104
103900038,93,216,-123
103900039,399,86,313
103900040,16,103,-87
103900041,206,22,184
103900042,302,32,270
103900043,545,19,526
103900044,27,749,-722
103900045,454,319,135
103900047,161,30,131
103900048,5,82,-77
103900049,60,1075,-1015
103900050,21,315,-294
103900051,0,139,-139
103900052,335,327,8
103900053,600,155,445
103900054,398,109,289
103900055,719,109,610
103900056,276,171,105
103900057,434,51,383
103900058,693,138,555
103900059,0,250,-250
103900060,80,44,36
103900061,340,8,332
103900062,1328,346,982
103900063,0,0,0
103900064,235,2,233
103900065,135,581,-446
103900066,298,70,228
103900067,439,22,417
103900068,2,0,2
103900069,107,4,103
103900070,276,135,141
103900071,58,35,23
103900072,68,95,-27
103900073,118,54,64
103900074,202,46,156
103900075,351,13,338
103900076,1294,204,1090
103900077,23,124,-101
103900078,574,182,392
103900079,82,104,-22
103900080,4,14,-10
103900081,7,10,-3
103900082,102,88,14
103900083,974,3015,-2041
103900084,8,288,-280
103900085,67,62,5
103900086,2450,329,2121
103900087,96,67,29
103900088,330,731,-401
103900089,54,135,-81
103900090,0,52,-52
103900091,736,68,668
103900092,799,423,376
103900093,100,261,-161
103900094,19,57,-38
103900095,224,301,-77
103900096,371,28,343
103900097,36,131,-95
103900098,486,118,368
103900099,776,26,750
103900100,463,49,414
103900101,2140,712,1428
103900102,5,147,-142
103900104,3,5,-2
103900105,108,56,52
103900106,7,2320,-2313
103900107,406,24,382
103900108,88,100,-12
103900109,396,6,390
103900110,533,15,518
103900111,648,143,505
103900112,19,52,-33
103900113,59,65,-6
103900114,505,132,373
103900115,101,188,-87
103900116,1246,2893,-1647
103900117,39,15,24
103900119,25,270,-245
103900120,121,25,96
103900122,322,87,235
103900123,254,889,-635
103900124,49,167,-118
103900125,160,45,115
103900126,1019,70,949
103900127,210,147,63
103900128,297,47,250
103900131,67,56,11
103900133,1004,2,1002
103900134,0,22,-22
103900135,1,0,1
103900137,0,3,-3
103900138,534,18,516
103900139,199,4983,-4784
103900140,8,664,-656
103900141,310,38,272
103900142,803,68,735
103900143,264,1,263
103900144,4,20,-16
103900145,188,150,38
103900146,466,105,361
103900147,651,84,567
103900148,710,106,604
103900149,467,145,322
103900150,3919,7190,-3271
103900151,23,78,-55
103900152,1831,150,1681
103900153,32,3,29
103900154,246,2837,-2591
103900155,16,44,-28
103900156,62,15,47
103900157,360,23,337
103900158,469,9,460
103900159,682,8,674
103900160,45,23,22
103900161,74,75,-1
103900162,43,28,15
103900163,21,367,-346
103900167,2,123,-121
103900168,133,28,105
103900169,41,38,3
103900170,1,25,-24
103900171,0,12,-12
103900172,10,11,-1
103900173,15,29,-14
103900174,794,17,777
103900175,22,184,-162
103900176,5,29,-24
103900177,2,8,-6
103900178,90,8,82
103900179,94,9,85
103900180,6,26,-20
103900181,2,26,-24
103900182,19,10,9
103900184,129,68,61
103900185,39,1467,-1428
103900187,8,268,-260
103900188,198,131,67
103900189,292,15,277
103900190,213,43,170
103900191,13,37,-24
103900192,8,57,-49
103900193,38,43,-5
103900194,149,48,101
103900195,4,181,-177
103900196,108,53,55
103900197,14,61,-47
103900198,11,17,-6
103900199,165,41,124
103900200,461,42,419
103900201,119,53,66
103900202,4,96,-92
103900203,85,77,8
103900204,0,23,-23
103900207,0,29,-29
103900208,326,0,326
103900209,0,31,-31
103900210,93,34,59
103900211,1372,215,1157
103900212,270,109,161
103900213,13,248,-235
103900214,134,400,-266
103900215,74,296,-222
103900216,1,101,-100
103900217,456,136,320
103900218,0,409,-409
103900219,424,72,352
103900233,78,8,70
103900235,17,72,-55
103900236,14,7,7
103900242,4,4,0
103900243,1,2,-1
103900244,166,53,113
103900245,341,86,255
103900246,24,71,-47
103900247,12,23,-11
103900248,2,22,-20
103900249,2,49,-47
103900250,36,33,3
103900251,0,8,-8
103900253,7,65,-58
103900254,0,14,-14
103900255,4,22,-18
103900256,36,27,9
103900257,58,184,-126
103900258,12,6,6
103900259,15,8,7
103900261,108,0,108
103900262,29,0,29
103900263,34,87,-53
103900264,33,4,29
103900265,4,4,0
103900266,2,110,-108
103900267,4,45,-41
103900268,21,18,3
103900269,459,14,445
103900270,161,78,83
103900271,48,20,28
104000001,4053,1874,2179
104000002,3005,1727,1278
104000003,2370,1443,927
104000004,4293,1937,2356
104000005,2756,1731,1025
104000006,3156,2318,838
104000007,5700,3653,2047
104000008,192,176,16
104000009,285,132,153
104000010,280,720,-440
104000011,185,141,44
104000012,166,106,60
104000013,294,660,-366
104000014,341,159,182
104000015,692,108,584
104000016,347,115,232
104000018,1085,238,847
104000019,1153,329,824
104000020,105,179,-74
104000021,556,262,294
104000022,586,479,107
104000023,2030,524,1506
104000024,238,220,18
104000026,43,110,-67
104000027,408,134,274
104000028,723,213,510
104000029,382,228,154
104000030,614,283,331
104000031,1842,148,1694
104000032,141,96,45
104000033,1098,344,754
104000034,218,118,100
104000035,1652,267,1385
104000036,1601,234,1367
104000037,215,126,89
104000038,601,406,195
104000039,281,109,172
104000040,105,953,-848
104000041,806,727,79
104000042,191,122,69
104000043,151,213,-62
104000044,418,2590,-2172
104000045,784,642,142
104000046,831,597,234
104000047,871,587,284
104000048,1092,468,624
104000049,991,349,642
104000050,148,617,-469
104000051,273,964,-691
104000052,2329,3671,-1342
104000053,1739,579,1160
104000054,811,292,519
104000055,2219,2182,37
104000056,664,114,550
104000057,278,128,150
104000058,1887,881,1006
104000059,1015,1195,-180
104000060,1742,3162,-1420
104000061,1474,771,703
104000062,483,118,365
104000064,687,199,488
104000065,295,744,-449
104000069,309,1816,-1507
104000070,51,696,-645
104000071,241,149,92
104000072,1065,178,887
104000075,44,307,-263
104000076,939,53,886
104000082,2138,3354,-1216
104000083,626,150,476
104000084,133,260,-127
104000085,652,254,398
104000086,390,201,189
104000087,324,1731,-1407
104000090,1502,468,1034
104000092,2220,563,1657
104000094,907,566,341
104000095,3449,1467,1982
104000096,4233,67,4166
104000097,4173,382,3791
104000098,5862,367,5495
104000100,3727,1014,2713
104000101,2449,1214,1235
104000106,28,520,-492
104000107,737,176,561
104000108,335,315,20
104000109,649,165,484
104000110,890,1666,-776
104000111,2270,6019,-3749
104000112,748,574,174
104000116,1,379,-378
104000117,523,183,340
104000118,2987,138,2849
104000119,1824,274,1550
104000120,586,677,-91
104000121,352,312,40
104000122,913,368,545
104000123,870,512,358
104000124,291,1185,-894
104000125,1613,6149,-4536
104000126,734,445,289
104000127,1582,1107,475
104000128,869,100,769
104000129,678,13,665
104000130,28,487,-459
104000131,224,318,-94
104000132,361,311,50
104000133,2117,925,1192
104000134,868,1739,-871
104000135,444,1190,-746
104000136,622,2841,-2219
104000137,1639,363,1276
104000138,1174,325,849
104000139,2005,2387,-382
104000141,748,446,302
104000142,947,300,647
104000143,1025,192,833
104000144,268,310,-42
104000145,305,154,151
104000146,202,607,-405
104000147,281,389,-108
104000148,501,140,361
104000149,162,60,102
104000150,1663,246,1417
104000151,791,99,692
104000152,1015,165,850
104000153,1307,498,809
104000154,609,147,462
104000155,511,859,-348
104000157,1392,471,921
104000158,207,357,-150
104000159,1273,411,862
104000160,2311,2903,-592
104000161,127,105,22
104000162,130,67,63
104000165,1362,769,593
104000167,914,1908,-994
104000168,1559,4,1555
104000169,362,36,326
104000170,162,306,-144
104000248,601,497,104
104000251,71,112,-41
104000272,0,0,0
104000273,0,0,0
104000274,0,0,0
104000275,0,0,0
104000279,736,451,285
104000290,88,378,-290
104000291,469,1279,-810
104000293,1647,759,888
104000294,280,3,277
104000295,1295,1029,266
104000296,789,691,98
104000297,1271,2162,-891
104000298,1981,781,1200
104000299,2060,693,1367
104900001,76,113,-37
104900002,52,391,-339
104900003,165,99,66
104900004,354,50,304
104900005,1109,256,853
104900006,1197,158,1039
104900007,1036,312,724
104900009,265,152,113
104900010,245,8,237
104900011,4,80,-76
104900012,416,77,339
104900013,116,26,90
104900014,1213,230,983
104900015,161,11,150
104900016,273,99,174
104900017,182,116,66
104900018,0,83,-83
104900019,150,6607,-6457
104900020,56,230,-174
104900021,0,24,-24
104900022,13,50,-37
104900023,1,39,-38
104900024,19,148,-129
104900025,118,181,-63
104900026,0,21,-21
104900027,935,389,546
104900028,30,112,-82
104900029,16,21,-5
104900030,687,117,570
104900031,33,130,-97
104900032,19,49,-30
104900033,535,101,434
104900034,426,140,286
104900035,639,281,358
104900036,357,19,338
104900037,582,97,485
104900038,134,2805,-2671
104900039,197,891,-694
104900040,1038,24,1014
104900041,784,63,721
104900042,289,109,180
104900043,102,679,-577
104900044,1944,87,1857
104900045,726,47,679
104900046,1092,74,1018
104900047,1065,72,993
104900048,1056,73,983
104900049,122,60,62
104900050,1242,221,1021
104900051,633,28,605
104900052,406,7,399
104900053,1148,41,1107
104900054,596,64,532
104900055,607,3,604
104900056,732,5,727
104900057,133,1,132
104900058,508,289,219
104900059,279,49,230
104900060,0,249,-249
104900061,419,102,317
104900063,0,183,-183
104900064,0,85,-85
104900065,0,225,-225
104900066,0,26,-26
104900067,9,1196,-1187
104900068,56,650,-594
104900070,60,225,-165
104900071,3,220,-217
104900072,38,91,-53
104900073,211,147,64
104900074,100,75,25
104900075,140,12,128
104900076,321,85,236
104900077,459,130,329
104900078,400,108,292
104900079,102,1929,-1827
104900080,388,137,251
104900082,7,140,-133
104900085,2,115,-113
104900087,527,11,516
104900089,870,2,868
104900090,2157,2153,4
104900091,400,586,-186
104900093,274,190,84
104900097,1083,4528,-3445
104900098,381,102,279
104900099,50,850,-800
104900100,303,78,225
104900102,76,96,-20
104900103,360,40,320
104900104,1917,1970,-53
104900106,378,69,309
104900107,87,146,-59
104900108,16,405,-389
104900109,181,210,-29
104900110,9,20,-11
104900111,240,39,201
104900112,595,215,380
104900113,1249,149,1100
104900114,1027,396,631
104900115,1466,114,1352
104900116,894,90,804
104900118,9,38,-29
104900119,0,56,-56
104900120,14,1356,-1342
104900121,1,26,-25
104900122,3,20,-17
104900123,441,32,409
104900124,260,4,256
104900125,409,7,402
104900126,33,7,26
104900127,57,23,34
104900128,241,75,166
104900129,649,3938,-3289
105000001,3040,1115,1925
105000002,2554,1463,1091
105000003,2671,3315,-644
105000004,1682,726,956
105000005,2478,1471,1007
105000006,1457,1930,-473
105000007,2026,2329,-303
105000008,704,3577,-2873
105000009,4900,4905,-5
105000010,3150,956,2194
105000011,3598,4054,-456
105000012,2215,1663,552
105000013,1300,1902,-602
105000014,5003,4675,328
105000015,7933,15926,-7993
105000016,818,889,-71
105000017,1811,1102,709
105000018,574,2422,-1848
105000019,1100,1421,-321
105000020,70,530,-460
105000021,301,129,172
105000022,135,108,27
105000023,1065,135,930
105000028,40,44,-4
105000029,778,1269,-491
105000030,3141,2699,442
105000033,1123,767,356
105000034,110,2003,-1893
105000037,1281,98,1183
105000038,1143,2029,-886
105000039,730,881,-151
105000040,1102,2743,-1641
105000041,318,1041,-723
105000042,2374,1789,585
105000043,696,731,-35
105000044,1246,297,949
105000045,204,242,-38
105000046,2164,208,1956
105000047,582,227,355
105000048,1678,329,1349
105000049,373,527,-154
105000050,1548,739,809
105000051,179,257,-78
105000052,970,1872,-902
105000053,104,144,-40
105000054,626,1072,-446
105000055,1065,785,280
105000056,2328,3474,-1146
105000057,2561,3501,-940
105000058,2028,1602,426
105000059,2214,619,1595
105000060,875,447,428
105000061,2602,464,2138
105000062,1006,504,502
105000063,648,195,453
105000064,4359,751,3608
105000065,867,320,547
105000066,1566,862,704
105000067,2628,843,1785
105000068,309,710,-401
105000069,1055,4446,-3391
105000070,485,1507,-1022
105000071,217,2652,-2435
105000072,1402,9403,-8001
105000073,1834,877,957
105000074,609,395,214
105000075,658,494,164
105000076,1236,815,421
105000077,2123,700,1423
105000078,990,1177,-187
105000079,851,1905,-1054
105000080,2066,2334,-268
105000081,1289,1303,-14
105000082,1116,1414,-298
105000083,2119,3220,-1101
105000084,568,935,-367
105000085,2996,2199,797
105000086,871,725,146
105000087,1869,1892,-23
105000088,2421,4117,-1696
105000089,1995,1153,842
105000090,594,354,240
105000091,697,561,136
105000092,586,401,185
105000093,380,412,-32
105000094,288,124,164
105000095,226,592,-366
105000096,1609,2084,-475
105000097,574,549,25
105000098,2043,1339,704
105000099,805,778,27
105000100,3045,2252,793
105000101,3964,1076,2888
105000102,2909,1501,1408
105000103,1449,1811,-362
105000104,4026,5075,-1049
105000105,1774,4344,-2570
105000106,2485,535,1950
105000107,2870,1605,1265
105000108,3605,957,2648
105000109,4619,580,4039
105000110,2033,296,1737
105000111,2977,312,2665
105000112,1929,377,1552
105000113,778,751,27
105000114,1294,1457,-163
105000115,379,2841,-2462
105000116,1843,729,1114
105000117,2026,355,1671
105000118,1937,338,1599
105000119,1416,481,935
105000120,3477,580,2897
105000121,1925,554,1371
105000122,709,1274,-565
105000123,933,486,447
105000124,3794,601,3193
105000125,1807,870,937
105000126,4045,1281,2764
105000127,4028,1205,2823
105000128,1467,1768,-301
105000129,2258,1896,362
105000130,229,5301,-5072
105000131,383,117,266
105000132,2627,1144,1483
105000133,484,470,14
105000134,2479,314,2165
105000135,434,304,130
105000136,75,58,17
105000137,966,118,848
105000138,147,103,44
105000139,1292,329,963
105000140,870,314,556
105000141,733,215,518
105000142,636,520,116
105000143,318,269,49
105000144,549,321,228
105000145,1268,211,1057
105000146,661,306,355
105000147,923,321,602
105000148,872,493,379
105000149,5074,1118,3956
105000150,2073,510,1563
105000151,1436,368,1068
105000152,377,630,-253
105000153,1752,252,1500
105000154,1790,455,1335
105000155,638,445,193
105000156,758,328,430
105000157,1265,643,622
105000158,4203,503,3700
105000159,557,467,90
105000160,6110,521,5589
105000161,1374,436,938
105000162,872,4278,-3406
105000163,1375,534,841
105000164,159,294,-135
105000165,768,14408,-13640
105000166,3084,3074,10
105000167,1464,5788,-4324
105000168,1331,460,871
105000169,1794,118,1676
105000170,1162,1175,-13
105000171,2119,366,1753
105000172,793,5,788
105000173,1154,7,1147
105000174,264,12,252
105000175,398,43,355
105000176,1184,72,1112
105000177,771,350,421
105000178,656,122,534
105000179,2684,92,2592
105000180,996,64,932
105000181,380,161,219
105000182,109,69,40
105000183,2305,4450,-2145
105000184,315,659,-344
105000185,383,1180,-797
105000186,490,1081,-591
105000187,975,1023,-48
105000188,128,109,19
105000189,53,481,-428
105000190,362,232,130
105000191,722,224,498
105000192,480,49,431
105000193,134,106,28
105000194,711,50,661
105000195,690,386,304
105000196,75,273,-198
105000197,153,366,-213
105000198,177,120,57
105000199,97,538,-441
105000200,117,805,-688
105000201,167,134,33
105000203,56,84,-28
105000204,146,59,87
105000205,131,63,68
105000207,194,49,145
105000208,88,356,-268
105000209,294,94,200
105000212,1964,442,1522
105000213,98,70,28
105000214,249,127,122
105000215,1030,185,845
105000216,362,61,301
105000217,363,86,277
105000218,4045,1196,2849
105000221,201,168,33
105000222,634,103,531
105000223,816,221,595
105000226,306,94,212
105000227,105,89,16
105000228,44,1765,-1721
105000229,198,826,-628
105000231,823,143,680
105000233,1562,1438,124
105000234,357,655,-298
105000235,799,633,166
105000237,2063,77,1986
105000243,115,44,71
105000248,68,85,-17
105000262,875,317,558
105000269,127,213,-86
105000270,1090,11,1079
105000271,0,203,-203
105000282,81,30,51
105000287,264,99,165
105000288,1484,1833,-349
105000289,779,1402,-623
105000290,56,5,51
105000402,1507,5442,-3935
105000426,213,384,-171
105000438,1061,979,82
105000446,6631,3631,3000
105000447,1790,1256,534
105000454,991,136,855
105000455,206,53,153
105000474,130,1,129
105000477,1961,541,1420
105000478,2953,5907,-2954
105000479,158,119,39
105000480,4623,6532,-1909
105000481,5442,4795,647
105000482,2412,2435,-23
105000483,2207,3612,-1405
105000484,1379,1292,87
105000485,1104,4188,-3084
105000486,1346,1684,-338
105000488,2495,1498,997
105000489,2638,753,1885
105000549,234,410,-176
105000550,440,471,-31
105000551,15,65,-50
105000552,1650,747,903
105900001,11,3566,-3555
105900002,872,2016,-1144
105900003,11,146,-135
105900004,299,50,249
105900005,226,1103,-877
105900006,15,67,-52
105900007,75,119,-44
105900008,179,127,52
105900009,83,78,5
105900011,316,30,286
105900012,590,68,522
105900013,8,57,-49
105900014,2,56,-54
105900015,82,443,-361
105900016,1306,219,1087
105900017,3261,96,3165
105900018,198,170,28
105900019,98,113,-15
105900020,143,17,126
105900021,74,211,-137
105900022,406,101,305
105900023,21,95,-74
105900024,3,804,-801
105900025,699,9,690
105900026,147,3,144
105900027,11679,4261,7418
105900028,374,512,-138
105900029,1585,206,1379
105900030,306,165,141
105900031,590,103,487
105900032,154,56,98
105900033,118,145,-27
105900034,699,138,561
105900035,882,273,609
105900036,234,137,97
105900037,304,14,290
105900038,394,233,161
105900039,256,69,187
105900040,258,58,200
105900041,399,59,340
105900042,191,186,5
105900043,776,35,741
105900044,1,553,-552
105900045,6,2187,-2181
105900046,7,129,-122
105900047,9,53,-44
105900048,163,311,-148
105900050,1086,4085,-2999
105900051,23,1016,-993
105900052,1516,123,1393
105900053,3234,6204,-2970
105900054,267,181,86
105900056,623,835,-212
105900057,13,174,-161
105900058,13,24,-11
105900059,1,216,-215
106000001,1886,2538,-652
106000002,1072,2325,-1253
106000003,3930,4477,-547
106000004,1491,2132,-641
106000005,5324,3416,1908
106000006,5554,1248,4306
106000007,725,185,540
106000008,262,371,-109
106000009,676,145,531
106000010,271,375,-104
106000011,2453,926,1527
106000012,1258,517,741
106000013,2052,1224,828
106000014,1897,1199,698
106000015,3259,882,2377
106000016,1991,1117,874
106000017,1145,561,584
106000018,677,458,219
106000019,620,249,371
106000020,529,197,332
106000021,468,336,132
106000022,343,185,158
106000023,949,249,700
106000024,911,322,589
106000025,212,231,-19
106000026,134,74,60
106000027,2676,1081,1595
106000028,1455,272,1183
106000029,1270,789,481
106000030,233,486,-253
106000034,105,381,-276
106000035,1242,1325,-83
106000036,86,388,-302
106000037,1116,880,236
106000038,106,357,-251
106000039,42,315,-273
106000040,112,916,-804
106000041,772,552,220
106000043,368,216,152
106000046,315,28,287
106000047,70,311,-241
106000049,1807,107,1700
106000050,277,341,-64
106000051,1727,927,800
106000052,245,119,126
106000053,965,85,880
106000054,427,108,319
106000055,1801,384,1417
106000056,538,105,433
106000057,938,105,833
106000058,402,33,369
106000059,694,302,392
106000060,147,215,-68
106000061,218,910,-692
106000062,171,241,-70
106000063,1586,1049,537
106000064,1,323,-322
106000065,843,226,617
106000066,152,1066,-914
106000067,891,40,851
106000068,185,194,-9
106000069,751,82,669
106000070,483,181,302
106000071,1241,152,1089
106000072,2539,1482,1057
106000073,1583,7971,-6388
106000074,946,662,284
106000075,509,953,-444
106000076,1317,1245,72
106000077,1958,424,1534
106000078,2231,316,1915
106000079,1326,313,1013
106000080,2047,340,1707
106000081,1488,452,1036
106000082,1830,402,1428
106000083,588,760,-172
106000084,1013,419,594
106000085,1496,899,597
106000086,400,303,97
106000087,1085,246,839
106000088,385,349,36
106000089,1684,162,1522
106000090,559,336,223
106000091,329,396,-67
106000092,1200,188,1012
106000093,974,54,920
106000094,142,231,-89
106000095,2161,435,1726
106000096,2489,330,2159
106000097,2613,988,1625
106000098,1627,553,1074
106000099,229,347,-118
106000100,3324,226,3098
106000101,1440,281,1159
106000102,159,585,-426
106000103,360,743,-383
106000104,1688,569,1119
106000105,537,683,-146
106000106,1870,173,1697
106000107,312,165,147
106000108,610,68,542
106000109,439,120,319
106000110,708,137,571
106000111,419,135,284
106000112,445,1093,-648
106000113,722,375,347
106000114,671,1277,-606
106000115,285,243,42
106000116,702,150,552
106000117,1354,665,689
106000118,2058,1386,672
106000119,813,545,268
106000120,1444,2497,-1053
106000121,762,207,555
106000122,723,83,640
106000123,1690,52,1638
106000124,580,80,500
106000125,77,95,-18
106000126,894,47,847
106000127,3093,569,2524
106000128,2588,215,2373
106000129,1575,257,1318
106000130,2659,180,2479
106000131,514,968,-454
106000132,1118,128,990
106000133,1259,2710,-1451
106000134,802,5800,-4998
106000135,272,585,-313
106000136,1425,2530,-1105
106000137,255,1349,-1094
106000138,5192,135,5057
106000139,113,85,28
106000140,76,19,57
106000141,222,19,203
106000142,285,80,205
106000143,43,38,5
106000144,91,71,20
106000145,1053,149,904
106000146,1054,89,965
106000147,700,349,351
106000148,604,548,56
106000149,1559,276,1283
106000150,1748,2929,-1181
106000151,3729,513,3216
106000152,1020,2826,-1806
106000153,167,1714,-1547
106000154,1371,94,1277
106000155,457,272,185
106000156,2918,149,2769
106000157,695,1912,-1217
106000158,1455,483,972
106000159,2566,3036,-470
106000160,1165,6683,-5518
106000161,787,208,579
106000162,669,2338,-1669
106000163,741,190,551
106000164,1130,287,843
106000165,315,310,5
106000166,2373,241,2132
106000167,1030,486,544
106000168,1692,128,1564
106000169,570,684,-114
106000170,1839,394,1445
106000171,424,1264,-840
106000172,3714,1504,2210
106000173,1387,1745,-358
106000174,1985,222,1763
106000175,250,295,-45
106000176,4496,539,3957
106000177,1829,1168,661
106000178,4990,839,4151
106000179,1299,908,391
106000180,1845,515,1330
106000181,3949,1287,2662
106000182,3659,365,3294
106000183,3373,246,3127
106000184,2296,482,1814
106000185,3509,2300,1209
106000186,503,26,477
106000187,135,2353,-2218
106000188,0,2,-2
106000189,23,47,-24
106000190,50,5,45
106000191,548,76,472
106000192,1,1,0
106000193,344,352,-8
106000194,255,692,-437
106000195,290,253,37
106000196,112,1577,-1465
106000197,1146,1081,65
106000198,321,483,-162
106000199,822,3606,-2784
106000200,387,460,-73
106000201,609,13135,-12526
106000202,2770,916,1854
106000203,14,103,-89
106000204,121,5,116
106000205,6,133,-127
106000206,165,24,141
106000207,7,355,-348
106000208,3381,70,3311
106000209,3958,142,3816
106000210,767,407,360
106000211,270,1094,-824
106000212,2231,345,1886
106000213,278,1048,-770
106000214,1485,415,1070
106000215,583,760,-177
106000216,1180,522,658
106000217,213,391,-178
106000218,498,215,283
106000219,214,124,90
106000220,976,324,652
106000221,472,87,385
106000222,258,49,209
106000223,897,52,845
106000224,536,84,452
106000225,131,231,-100
106000226,60,93,-33
106000228,69,92,-23
106000229,278,428,-150
106000231,2582,93,2489
106000232,162,473,-311
106000233,1238,394,844
106000234,56,2185,-2129
106000235,421,2471,-2050
106000236,144,2604,-2460
106000237,2,19,-17
106000238,16,217,-201
106000239,2,128,-126
106000240,28,19,9
106000241,9,618,-609
106000242,690,30,660
106000249,221,82,139
106000250,157,1080,-923
106000251,248,3,245
106000252,90,574,-484
106000253,171,42,129
106000254,242,74,168
106000255,131,229,-98
106000256,267,36,231
106000257,165,118,47
106000258,189,868,-679
106000259,18,1143,-1125
106000260,55,8,47
106000261,20,133,-113
106000262,119,23,96
106000263,120,311,-191
106000264,378,3,375
106000265,25,142,-117
106000266,351,31,320
106000267,49,59,-10
106000268,424,25,399
106000269,248,24,224
106000270,189,228,-39
106000271,90,70,20
106000272,216,132,84
106000273,24,143,-119
106000274,185,39,146
106000275,256,72,184
106000276,58,20,38
106000277,220,113,107
106000278,146,11,135
106000279,83,12,71
106000280,328,18,310
106000281,128,27,101
106000282,199,49,150
106000283,194,25,169
106000284,413,41,372
106000285,133,114,19
106000286,241,41,200
106000287,64,10,54
106000288,171,52,119
106000289,179,12,167
106000290,204,40,164
106000291,128,36,92
106000292,261,57,204
106000293,184,97,87
106000294,178,20,158
106000295,51,110,-59
106000296,74,40,34
106000297,28,148,-120
106000298,32,201,-169
106000299,60,34,26
106000300,43,71,-28
106000301,34,154,-120
106000303,153,31,122
106000304,182,13,169
106000305,346,33,313
106000306,167,72,95
106000307,487,5,482
106000308,102,73,29
106000309,54,23,31
106000310,615,140,475
106000311,669,138,531
106000312,300,70,230
106000313,555,53,502
106000318,143,598,-455
106000319,4256,636,3620
106000320,4,480,-476
106000321,243,1070,-827
106000322,527,66,461
106000324,206,168,38
106000325,2619,473,2146
106000326,972,730,242
106000327,581,71,510
106000328,7,635,-628
106000329,56,1076,-1020
106000330,22,265,-243
106000428,146,324,-178
106000429,146,189,-43
106000430,346,1277,-931
106000431,3600,429,3171
106000432,797,1523,-726
106000433,2921,951,1970
106000434,4672,946,3726
106000435,1189,1229,-40
106000436,9,239,-230
106000437,1790,84,1706
106000438,298,1009,-711
106000439,71,882,-811
106000440,257,322,-65
106000441,10,1,9
106000442,2529,39,2490
106000443,453,129,324
106000450,11,100,-89
106000451,51,257,-206
106000454,0,166,-166
106000455,5,129,-124
106000456,397,20,377
106000457,79,316,-237
106000458,3145,33,3112
106000459,1130,54,1076
106000460,5092,58,5034
106000461,981,178,803
106000462,2,70,-68
106000463,2,2,0
106000464,1,170,-169
106000465,1672,22,1650
106000466,0,180,-180
106000467,73,265,-192
106000468,435,109,326
106000469,95,1,94
106000470,268,3301,-3033
106000471,12,252,-240
106000472,745,5,740
106000473,107,2,105
106000474,422,347,75
106000475,574,228,346
106000476,197,517,-320
106000477,29,29,0
106900001,0,3,-3
106900002,18,147,-129
106900003,108,1684,-1576
106900004,0,12,-12
106900006,0,2,-2
106900007,0,3,-3
106900008,1314,41,1273
106900009,939,76,863
106900010,712,118,594
106900012,565,5283,-4718
106900013,1388,233,1155
106900014,157,2,155
106900015,36,1,35
106900016,933,88,845
106900017,26,0,26
106900018,34,1,33
106900019,461,0,461
106900020,1635,3720,-2085
106900021,395,96,299
106900022,3005,15,2990
106900023,124,129,-5
106900024,1192,84,1108
106900025,5,296,-291
106900026,0,125,-125
106900027,2683,1,2682
107000001,3715,3946,-231
107000002,1757,1806,-49
107000003,11967,8968,2999
107000004,3816,1455,2361
107000005,14114,9488,4626
107000006,4139,1802,2337
107000007,6120,8681,-2561
107000008,3804,2532,1272
107000009,11945,9522,2423
107000010,5599,3686,1913
107000011,786,1008,-222
107000012,2427,4888,-2461
107000013,252,63,189
107000014,222,79,143
107000015,966,275,691
107000016,1647,470,1177
107000017,750,1285,-535
107000018,7,1079,-1072
107000020,879,886,-7
107000021,1171,387,784
107000022,1404,3751,-2347
107000023,2372,176,2196
107000024,1019,3152,-2133
107000025,610,243,367
107000026,361,561,-200
107000027,3370,503,2867
107000028,2398,394,2004
107000029,6796,3141,3655
107000030,3190,1281,1909
107000031,8215,3153,5062
107000032,301,600,-299
107000033,2131,4807,-2676
107000034,3544,882,2662
107000035,583,134,449
107000036,628,1517,-889
107000037,253,475,-222
107000038,298,86,212
107000039,1828,785,1043
107000040,530,179,351
107000041,1209,443,766
107000042,808,2416,-1608
107000043,1329,529,800
107000044,235,141,94
107000045,34,195,-161
107000046,1102,279,823
107000047,477,482,-5
107000048,603,187,416
107000049,619,375,244
107000050,927,292,635
107000051,305,426,-121
107000052,778,2260,-1482
107000053,402,452,-50
107000054,29,221,-192
107000055,158,87,71
107000056,647,627,20
107000057,1479,122,1357
107000058,2778,2026,752
107000059,2399,2112,287
107000060,9266,3987,5279
107000061,4494,1800,2694
107000062,11290,3471,7819
107000063,4149,1651,2498
107000064,8822,7309,1513
107000065,2256,3327,-1071
107000066,2109,3788,-1679
107000067,1714,880,834
107000068,832,958,-126
107000069,1480,1221,259
107000070,1718,21,1697
107000071,8352,66,8286
107000072,14,741,-727
107000073,2476,1267,1209
107000074,75,362,-287
107000075,3360,152,3208
107000076,218,422,-204
107000077,4553,518,4035
107000078,542,531,11
107000079,5255,825,4430
107000080,354,870,-516
107000081,6974,924,6050
107000082,596,641,-45
107000083,2403,2077,326
107000084,231,844,-613
107000085,2681,3232,-551
107000086,3139,2274,865
107000087,3614,3579,35
107000088,3071,2516,555
107000089,1717,2487,-770
107000090,1770,604,1166
107000091,2612,732,1880
107000092,1047,462,585
107000093,1987,1031,956
107000094,1040,546,494
107000095,3093,1020,2073
107000096,880,883,-3
107000097,1189,746,443
107000098,315,741,-426
107000099,947,351,596
107000100,304,415,-111
107000101,169,218,-49
107000102,272,279,-7
107000103,552,305,247
107000104,234,315,-81
107000105,854,1063,-209
107000106,213,161,52
107000107,1759,212,1547
107000108,325,335,-10
107000109,2661,192,2469
107000110,139,211,-72
107000111,1456,60,1396
107000112,24,174,-150
107000113,2236,78,2158
107000114,158,281,-123
107000115,1407,1183,224
107000116,171,320,-149
107000117,201,4530,-4329
107000118,96,92,4
107000119,1477,2311,-834
107000120,609,1517,-908
107000121,1365,510,855
107000122,638,550,88
107000123,980,282,698
107000124,965,192,773
107000125,2576,262,2314
107000126,2638,196,2442
107000129,1169,264,905
107000130,2247,434,1813
107000131,669,367,302
107000132,968,212,756
107000133,524,186,338
107000134,277,0,277
107000135,2,271,-269
107000136,628,3,625
107000137,3,348,-345
107000138,189,53,136
107000139,6,436,-430
107000140,2599,107,2492
107000141,75,1649,-1574
107000142,846,59,787
107000143,39,2117,-2078
107000144,928,932,-4
107000145,88,694,-606
107000146,235,432,-197
107000147,4051,565,3486
107000150,190,6030,-5840
107000151,6,34,-28
107000152,429,4253,-3824
107000153,59,167,-108
107000154,16,107,-91
107000155,1406,8,1398
107000156,1921,13,1908
107000157,25,372,-347
107000158,1868,62,1806
107000159,45,245,-200
107000160,3117,226,2891
107000161,97,229,-132
107000162,468,1179,-711
107000163,900,40,860
107000164,2559,3,2556
107000165,3175,12,3163
107000166,28,186,-158
107000167,1965,371,1594
107000168,1565,678,887
107000169,306,294,12
107000170,7047,1017,6030
107000171,1127,377,750
107000172,2626,3077,-451
107000173,658,211,447
107000174,1692,10389,-8697
107000175,2629,438,2191
107000176,0,2,-2
107000177,0,0,0
107000178,368,4,364
107000179,767,683,84
107000180,3303,206,3097
107000181,968,338,630
107000182,3228,314,2914
107000183,562,371,191
107000184,3003,327,2676
107000185,722,614,108
107000186,1380,124,1256
107000187,1678,1622,56
107000188,915,486,429
107000189,1639,413,1226
107000190,1470,582,888
107000191,1306,476,830
107000192,2574,254,2320
107000193,534,342,192
107000194,525,228,297
107000197,1420,158,1262
107000198,615,429,186
107000199,769,573,196
107000200,1413,909,504
107000201,409,238,171
107000202,644,398,246
107000203,491,842,-351
107000204,677,3526,-2849
107000205,648,366,282
107000206,327,1082,-755
107000207,451,562,-111
107000208,1864,451,1413
107000209,765,685,80
107000210,83,82,1
107000211,4,108,-104
107000212,30,99,-69
107000213,2,17,-15
107000214,15,64,-49
107000215,816,381,435
107000216,792,108,684
107000217,456,2294,-1838
107000219,81,224,-143
107000220,112,647,-535
107000222,296,276,20
107000224,797,423,374
107000225,167,196,-29
107000226,1296,881,415
107000227,244,105,139
107000228,195,761,-566
107000229,68,226,-158
107000230,786,456,330
107000231,302,952,-650
107000232,179,11,168
107000233,167,525,-358
107000234,3,122,-119
107000235,45,35,10
107000236,9,729,-720
107000237,140,0,140
107000238,40,5,35
107000239,2065,750,1315
107000240,93,205,-112
107000241,42,4,38
107000242,194,10,184
107000243,0,55,-55
107000244,4,311,-307
107000246,3,370,-367
107000249,0,409,-409
107000251,8,142,-134
107000252,3,206,-203
107000255,273,355,-82
107000257,1,1337,-1336
107000258,0,205,-205
107000259,13,81,-68
107000260,3358,11,3347
107000262,80,171,-91
107000263,1201,18,1183
107000266,78,23,55
107000267,85,41,44
107000268,576,42,534
107000269,46,6,40
107000270,431,63,368
107000271,6,0,6
107000272,189,2,187
107000273,2,1063,-1061
107000274,634,242,392
107000275,35,1238,-1203
107000280,2620,67,2553
107000281,79,360,-281
107000282,35,580,-545
107000290,4,59,-55
107000291,11,11,0
107000292,2,213,-211
107000293,30,5,25
107000294,1,522,-521
107000295,34,1,33
107000296,1,51,-50
107000444,357,2,355
107000496,38,8,30
107000497,1163,812,351
107000500,627,177,450
107000501,113,178,-65
107000502,297,250,47
107000505,294,494,-200
107000506,0,0,0
107000508,3,115,-112
107000509,150,948,-798
107000510,120,618,-498
107000514,58,633,-575
107000515,39,49,-10
107000516,792,562,230
107000518,3173,5651,-2478
107000519,637,464,173
107000520,352,112,240
107900001,128,37,91
107900002,52,2,50
107900003,1802,21,1781
107900004,526,4,522
107900005,6768,38,6730
107900006,465,45,420
107900007,447,64,383
107900008,29,4,25
107900009,212,3,209
107900010,136,4,132
107900012,628,82,546
107900013,427,9,418
107900014,519,11,508
107900015,4182,49,4133
107900016,164,52,112
107900017,130,2,128
107900018,66,633,-567
107900019,8,11,-3
107900020,47,50,-3
107900021,465,12,453
107900023,18,12,6
107900024,1,5,-4
107900025,241,96,145
107900026,165,21,144
107900027,37,116,-79
107900028,558,20,538
107900030,372,32,340
107900031,328,73,255
107900032,147,2,145
107900033,80,32,48
107900034,503,9,494
107900035,2750,278,2472
107900036,41,50,-9
107900037,0,8,-8
107900038,62,560,-498
107900039,120,31,89
107900040,6,342,-336
107900041,5,7,-2
107900043,229,69,160
107900044,6,25,-19
107900045,187,47,140
107900046,407,626,-219
107900047,122,29,93
107900048,687,36,651
107900049,331,1929,-1598
107900050,45,109,-64
107900051,111,54,57
107900052,6,193,-187
107900053,170,33,137
107900055,737,183,554
107900056,126,276,-150
107900057,1,0,1
107900058,15,281,-266
107900060,11,123,-112
107900061,4,14,-10
107900063,71,75,-4
107900064,228,1373,-1145
107900065,1026,24,1002
107900066,49,18,31
107900067,4,0,4
107900068,181,820,-639
107900069,16,5581,-5565
107900070,244,273,-29
107900071,54,235,-181
107900072,248,39,209
107900073,155,605,-450
107900074,161,589,-428
107900076,342,32,310
107900077,227,6,221
107900078,200,56,144
107900079,13,46,-33
107900080,76,572,-496
107900081,14,46,-32
107900082,5,5,0
107900083,648,174,474
107900084,440,145,295
107900086,25,785,-760
107900087,489,41,448
107900088,193,1,192
107900089,162,561,-399
107900090,1438,3339,-1901
107900091,99,116,-17
107900092,940,136,804
107900093,29,59,-30
107900095,2147,1450,697
107900097,73,89,-16
107900098,319,343,-24
107900100,352,2261,-1909
107900101,424,32,392
107900102,49,2,47
107900103,63,92,-29
107900104,805,1,804
107900105,1,107,-106
107900106,0,241,-241
107900107,1360,372,988
107900108,167,32,135
107900109,3711,110,3601
107900110,141,26,115
107900111,0,162,-162
107900112,55,885,-830
107900113,441,19,422
107900114,493,33,460
107900115,0,13,-13
107900116,425,70,355
107900117,261,179,82
107900118,60,159,-99
107900119,338,514,-176
107900120,57,15,42
107900121,7,161,-154
107900122,0,68,-68
107900123,39,317,-278
107900124,8,30,-22
107900125,14,110,-96
107900126,63,198,-135
107900127,1294,234,1060
107900128,135,49,86
107900129,267,9,258
107900130,365,10,355
107900131,60,105,-45
107900132,20,538,-518
107900133,1,18,-17
107900134,10,54,-44
107900135,4,27,-23
107900136,8,46,-38
107900137,114,53,61
107900138,256,5,251
107900139,216,21,195
107900140,69,29,40
107900141,48,18,30
107900142,30,764,-734
107900143,40,32,8
107900144,0,17,-17
107900145,3,35,-32
107900146,66,80,-14
107900147,46,18,28
107900148,179,94,85
107900149,625,23,602
107900150,22,187,-165
107900151,44,16,28
107900152,14,84,-70
107900153,447,274,173
107900154,75,40,35
107900155,274,46,228
107900156,5,40,-35
107900157,11,44,-33
107900158,2989,171,2818
107900159,40,345,-305
107900160,273,36,237
107900161,188,32,156
107900162,1,101,-100
107900163,30,38,-8
107900164,69,25,44
107900165,16,530,-514
107900166,52,40,12
107900167,33,90,-57
107900168,124,63,61
107900169,5,3540,-3535
107900171,35,292,-257
107900172,4,169,-165
107900173,109,36,73
107900174,275,2,273
107900175,3,172,-169
107900176,121,21,100
107900177,1,331,-330
107900178,7,244,-237
107900179,98,66,32
107900180,174,1907,-1733
107900181,223,251,-28
107900182,2,259,-257
107900183,113,30,83
107900184,249,1241,-992
107900185,283,4,279
107900186,51,11,40
107900187,28,165,-137
107900188,1278,80,1198
107900189,113,374,-261
107900190,10,122,-112
107900191,83,41,42
107900193,1,89,-88
107900194,235,5,230
107900195,2871,220,2651
107900196,96,37,59
107900197,170,121,49
107900199,0,347,-347
107900201,92,27,65
107900203,21,19,2
107900204,90,111,-21
107900205,390,137,253
107900206,186,718,-532
107900207,0,131,-131
107900208,1,177,-176
107900209,389,169,220
107900210,94,25,69
107900213,407,165,242
107900214,12,85,-73
107900215,97,251,-154
107900216,9,15,-6
107900217,71,65,6
107900218,20,1609,-1589
107900219,305,17,288
107900220,225,113,112
107900221,87,112,-25
107900223,583,119,464
107900224,101,398,-297
107900225,11,309,-298
107900226,19,27,-8
107900227,117,149,-32
107900228,106,67,39
107900229,2,39,-37
107900230,122,22,100
107900231,46,47,-1
107900232,560,14,546
107900233,5,27,-22
107900234,607,57,550
107900235,13,43,-30
107900236,835,70,765
107900237,20,174,-154
107900238,213,15,198
107900239,253,799,-546
107900240,231,27,204
107900241,16,17,-1
107900242,36,85,-49
107900243,1,32,-31
107900244,402,4,398
107900245,1857,66,1791
107900246,464,249,215
107900248,771,153,618
107900249,1906,223,1683
107900250,1,156,-155
107900251,29,248,-219
107900252,1115,85,1030
107900253,369,28,341
107900254,70,331,-261
107900255,275,32,243
107900256,889,3102,-2213
107900257,739,268,471
107900258,226,60,166
107900259,35,6327,-6292
107900261,4,100,-96
107900262,358,36,322
107900264,1170,55,1115
107900265,155,834,-679
107900267,690,12,678
107900268,13,0,13
107900269,0,0,0
107900270,2,4,-2
107900271,2,64,-62
107900272,18,60,-42
107900273,50,31,19
107900274,212,0,212
107900275,86,0,86
107900276,0,16,-16
107900277,0,28,-28
107900278,692,77,615
107900279,8,25,-17
107900280,4454,1094,3360
107900281,1118,12672,-11554
107900282,17,1353,-1336
107900283,365,1249,-884
107900284,1341,421,920
107900285,373,25,348
107900286,29,29,0
107900287,1120,222,898
107900290,2,1271,-1269
107900291,907,15,892
107900292,178,53,125
107900293,151,126,25
107900295,211,29,182
107900297,3,340,-337
107900298,595,381,214
107900299,1484,5424,-3940
107900300,35,720,-685
107900301,1366,1239,127
107900302,127,30,97
107900303,758,277,481
107900304,1512,66,1446
107900305,781,18,763
107900306,1,60,-59
107900307,2,150,-148
107900308,210,141,69
107900309,27,1,26
107900310,23,0,23
107900311,235,416,-181
107900312,12,1,11
107900313,3,139,-136
107900314,1,123,-122
107900315,1,87,-86
107900316,23,1,22
107900317,150,5,145
107900318,9,268,-259
107900319,4,35,-31
107900320,1,60,-59
107900321,371,2,369
107900322,1,45,-44
107900323,12,90,-78
107900324,167,0,167
107900325,411,1,410
107900326,1517,91,1426
107900327,5,81,-76
107900328,21,0,21
107900329,4,107,-103
107900330,16,69,-53
107900331,1101,42,1059
107900332,845,17,828
107900333,166,24,142
107900334,8,25,-17
107900335,20,121,-101
107900336,25,59,-34
107900337,460,1801,-1341
107900338,5,27,-22
107900339,0,17,-17
107900340,2,126,-124
107900341,63,1,62
107900342,231,39,192
107900343,81,5,76
107900344,1,170,-169
107900345,216,35,181
107900346,35,2,33
107900347,10,1,9
107900348,5,3,2
107900349,33,4,29
107900350,5,74,-69
108000001,6105,3140,2965
108000002,1096,919,177
108000003,3418,2093,1325
108000004,7545,7894,-349
108000005,9283,4528,4755
108000006,2724,2105,619
108000007,7141,3551,3590
108000008,2645,2872,-227
108000009,8112,5298,2814
108000010,2070,2504,-434
108000011,15789,11977,3812
108000012,6411,8426,-2015
108000014,545,1524,-979
108000015,1361,210,1151
108000016,399,375,24
108000017,1890,207,1683
108000018,2451,584,1867
108000019,1112,567,545
108000020,1555,289,1266
108000021,289,835,-546
108000022,658,500,158
108000023,2607,396,2211
108000024,700,166,534
108000025,790,90,700
108000026,1745,153,1592
108000027,1601,137,1464
108000028,1171,106,1065
108000029,1189,205,984
108000030,801,115,686
108000031,274,373,-99
108000032,4594,538,4056
108000033,668,302,366
108000034,2711,640,2071
108000035,543,686,-143
108000036,590,426,164
108000037,4455,324,4131
108000038,6778,313,6465
108000039,577,680,-103
108000040,4172,1128,3044
108000041,411,1032,-621
108000042,940,103,837
108000043,184,162,22
108000044,1145,92,1053
108000045,170,162,8
108000046,3628,221,3407
108000047,347,309,38
108000048,110,454,-344
108000049,1213,291,922
108000050,88,268,-180
108000051,494,378,116
108000052,287,199,88
108000053,588,355,233
108000054,436,447,-11
108000055,1627,327,1300
108000056,534,674,-140
108000057,955,1323,-368
108000058,2182,6522,-4340
108000059,1504,832,672
108000060,236,386,-150
108000061,113,123,-10
108000062,2232,518,1714
108000063,637,335,302
108000064,312,183,129
108000065,1037,334,703
108000066,2762,1196,1566
108000067,4101,1070,3031
108000068,1704,359,1345
108000069,73,454,-381
108000070,3965,504,3461
108000071,503,545,-42
108000072,2064,565,1499
108000073,715,555,160
108000074,1257,300,957
108000075,229,188,41
108000076,1442,399,1043
108000077,430,330,100
108000078,4562,1066,3496
108000079,614,414,200
108000080,3919,1104,2815
108000081,653,1133,-480
108000082,438,514,-76
108000083,3518,701,2817
108000084,495,852,-357
108000085,1994,731,1263
108000086,464,349,115
108000087,207,4289,-4082
108000088,592,2,590
108000089,464,458,6
108000090,1574,79,1495
108000091,150,276,-126
108000092,893,172,721
108000093,410,259,151
108000094,2470,157,2313
108000095,318,194,124
108000096,1650,222,1428
108000097,281,484,-203
108000098,4812,1103,3709
108000099,466,57,409
108000100,115,281,-166
108000101,1947,1672,275
108000102,1268,3066,-1798
108000106,1637,0,1637
108000107,0,365,-365
108000108,1232,107,1125
108000109,0,286,-286
108000110,1062,238,824
108000111,341,495,-154
108000112,62,143,-81
108000113,540,140,400
108000115,503,187,316
108000117,442,270,172
108000118,11,369,-358
108000119,680,210,470
108000120,389,1230,-841
108000121,482,318,164
108000122,1905,339,1566
108000123,2323,1182,1141
108000124,613,1269,-656
108000125,1390,240,1150
108000126,499,557,-58
108000127,1348,1560,-212
108000128,1319,207,1112
108000129,460,1169,-709
108000130,1250,488,762
108000131,996,137,859
108000132,528,344,184
108000133,1899,162,1737
108000134,676,170,506
108000135,2312,1087,1225
108000136,935,509,426
108000137,1015,128,887
108000138,946,356,590
108000139,1156,221,935
108000140,1206,6,1200
108000141,60,16,44
108000142,60,30,30
108000143,50,6,44
108000144,350,7,343
108000145,101,4,97
108000146,358,8,350
108000147,59,14,45
108000148,288,19,269
108000149,7,6,1
108000150,142,8,134
108000151,17,4,13
108000152,79,113,-34
108000153,1656,137,1519
108000154,22,3,19
108000155,86,44,42
108000156,328,106,222
108000157,204,3374,-3170
108000158,50,1403,-1353
108000159,98,191,-93
108000160,1822,2082,-260
108000161,1964,6726,-4762
108000165,11,845,-834
108000172,0,383,-383
108000173,472,2952,-2480
108000175,718,284,434
108000178,246,115,131
108000179,105,777,-672
108000181,73,6,67
108000182,99,6,93
108000183,3,9,-6
108000184,331,5403,-5072
108000185,790,95,695
108000186,713,87,626
108000187,296,268,28
108000188,2123,457,1666
108000189,282,2817,-2535
108000190,44,72,-28
108000192,435,101,334
108000193,365,30,335
108000194,16,26,-10
108000195,0,824,-824
108000196,190,1977,-1787
108000198,1041,68,973
108000199,1,329,-328
108000200,1819,220,1599
108000202,4,357,-353
108000203,727,273,454
108000204,447,118,329
108000205,111,370,-259
108000339,545,314,231
108000364,78,152,-74
108000365,119,531,-412
108000367,115,116,-1
108000368,73,62,11
108000369,489,64,425
108000371,1,369,-368
108000372,1367,3,1364
108000373,322,70,252
108000376,464,15,449
108000377,1626,108,1518
108000378,10723,16875,-6152
108000379,93,306,-213
108000381,385,18,367
108000382,107,1,106
108000383,0,243,-243
108900001,12,192,-180
108900002,201,35,166
108900003,307,273,34
108900004,26,545,-519
108900005,43,410,-367
108900006,1270,232,1038
108900007,575,162,413
108900008,332,58,274
108900009,260,195,65
108900010,789,110,679
108900011,1364,137,1227
108900012,713,193,520
108900013,256,232,24
108900014,43,146,-103
108900015,1,97,-96
108900016,0,96,-96
108900017,147,515,-368
108900018,176,240,-64
108900019,53,176,-123
108900020,94,47,47
108900021,146,115,31
108900022,186,65,121
108900023,10,38,-28
108900024,55,33,22
108900025,753,32,721
108900026,19,62,-43
108900027,0,25,-25
108900028,221,57,164
108900029,215,172,43
108900030,0,8,-8
108900031,351,81,270
108900032,3,89,-86
108900033,0,44,-44
108900034,0,52,-52
108900035,449,329,120
108900036,237,152,85
108900037,78,126,-48
108900038,0,101,-101
108900039,1,67,-66
108900040,13,60,-47
108900041,3189,3986,-797
108900042,1,351,-350
108900043,36,423,-387
108900044,0,102,-102
108900045,77,68,9
108900046,7,112,-105
108900047,1,141,-140
108900048,121,193,-72
108900049,746,4457,-3711
108900050,0,49,-49
108900051,0,41,-41
108900052,33,49,-16
108900053,150,810,-660
108900054,93,59,34
108900055,14,477,-463
108900056,0,66,-66
108900057,0,64,-64
108900058,35,94,-59
108900059,1928,54,1874
108900060,108,89,19
108900061,69,11,58
108900062,6,125,-119
108900063,24,83,-59
108900064,835,21,814
108900065,42,61,-19
108900066,834,61,773
108900067,4,80,-76
108900068,0,35,-35
108900069,172,13,159
108900070,81,24,57
108900071,314,21,293
108900072,1395,177,1218
108900073,7,54,-47
108900074,751,64,687
108900075,35,31,4
108900076,941,20,921
108900077,63,189,-126
108900078,137,23,114
108900079,524,62,462
108900080,4,1494,-1490
108900081,25,110,-85
108900082,180,39,141
108900083,8,342,-334
108900084,218,77,141
108900085,815,97,718
108900086,469,100,369
108900087,104,89,15
108900088,585,857,-272
108900089,32,113,-81
108900090,95,66,29
108900091,215,25,190
108900092,627,545,82
108900093,194,67,127
108900094,643,147,496
108900095,17,112,-95
108900096,216,5,211
108900097,380,68,312
108900098,893,2370,-1477
108900099,832,93,739
108900100,48,63,-15
108900101,390,878,-488
108900102,10,2072,-2062
108900103,212,205,7
108900104,51,242,-191
108900105,14,4050,-4036
108900106,1072,69,1003
108900108,424,21,403
108900109,128,38,90
108900110,293,114,179
108900111,948,107,841
108900112,589,15,574
108900113,95,54,41
108900114,1,10,-9
108900115,239,207,32
108900116,134,10,124
108900117,750,17,733
108900118,1636,16,1620
108900119,990,27,963
108900120,256,260,-4
108900121,311,110,201
108900122,546,10,536
108900123,586,86,500
108900124,1683,122,1561
108900125,1883,3,1880
108900126,222,111,111
108900127,548,20,528
108900128,457,39,418
108900129,2737,112,2625
108900130,1804,5,1799
108900131,1100,15,1085
108900132,1007,67,940
108900133,653,34,619
108900134,1344,156,1188
108900135,783,16,767
108900136,31,1,30
108900137,590,4,586
108900138,1697,64,1633
108900139,1398,51,1347
108900140,1662,47,1615
108900141,824,8,816
108900142,111,30,81
108900143,273,4,269
108900144,284,2,282
108900145,598,9,589
108900146,191,13,178
108900147,808,0,808
108900148,103,13,90
108900149,392,144,248
108900150,392,11,381
108900151,52,9,43
108900152,265,11,254
108900153,328,58,270
108900154,11108,415,10693
108900155,828,55,773
108900156,285,7,278
108900157,18,151,-133
108900158,1007,103,904
108900159,454,309,145
108900160,37,182,-145
108900161,748,656,92
108900162,577,4,573
108900163,10,459,-449
108900164,44,38,6
108900165,89,49,40
108900167,725,20148,-19423
108900168,4134,1953,2181
108900169,36,75,-39
108900171,2965,4914,-1949
108900172,158,111,47
108900173,111,172,-61
108900174,1477,412,1065
108900176,117,137,-20
108900177,2276,14231,-11955
108900178,1575,8293,-6718
108900179,292,2215,-1923
108900180,149,224,-75
108900182,108,632,-524
108900183,223,97,126
108900184,443,219,224
108900185,65,184,-119
108900186,147,218,-71
108900187,1474,30,1444
108900188,1662,24,1638
108900189,629,198,431
108900190,24,920,-896
108900191,112,323,-211
108900192,77,158,-81
108900193,54,28,26
108900194,6,130,-124
108900195,178,48,130
108900196,11,107,-96
108900198,3,216,-213
108900199,350,226,124
108900200,1227,625,602
108900201,525,660,-135
108900203,829,175,654
108900204,635,9,626
108900205,345,28,317
108900206,1078,192,886
108900207,472,643,-171
108900208,22,158,-136
108900209,114,298,-184
108900210,123,104,19
108900211,217,846,-629
108900212,105,2559,-2454
108900215,109,148,-39
108900216,275,536,-261
108900217,103,0,103
108900218,43,20,23
108900219,30,10,20
108900220,39,23,16
108900221,27,104,-77
108900222,323,3,320
108900223,1,111,-110
108900224,18,108,-90
108900225,0,141,-141
108900226,967,59,908
108900227,204,339,-135
108900230,62,133,-71
108900231,2,111,-109
108900232,2,77,-75
108900233,658,194,464
108900234,468,272,196
108900235,149,239,-90
108900236,51,197,-146
108900237,14,51,-37
108900240,258,37,221
108900241,173,29,144
108900245,10,3536,-3526
108900249,162,15,147
108900250,623,125,498
108900257,501,95,406
108900258,8,58,-50
108900259,7,4,3
108900260,17,20,-3
108900261,21,54,-33
108900262,105,123,-18
108900263,13,139,-126
108900264,137,163,-26
108900265,518,555,-37
108900266,115,3239,-3124
108900267,0,578,-578
108900268,17,35,-18
108900269,293,29,264
108900270,354,7,347
108900271,120,22,98
108900272,930,20,910
108900273,267,700,-433
108900274,111,17,94
109000001,5648,5543,105
109000002,624,4021,-3397
109000003,5448,495,4953
109000004,793,2192,-1399
109000005,2579,467,2112
109000006,1047,1046,1
109000007,3428,491,2937
109000008,1424,802,622
109000009,5194,810,4384
109000010,1255,1652,-397
109000011,8831,1971,6860
109000012,1708,1638,70
109000013,8246,7109,1137
109000014,1584,1056,528
109000015,4849,19238,-14389
109000016,2710,1310,1400
109000017,5220,1020,4200
109000018,1384,1315,69
109000019,4222,1182,3040
109000020,1805,1046,759
109000023,218,9,209
109000024,6,279,-273
109000025,152,913,-761
109000026,510,253,257
109000027,103,487,-384
109000028,209,19,190
109000029,53,531,-478
109000030,365,314,51
109000031,772,65,707
109000032,170,365,-195
109000033,1024,160,864
109000034,46,40,6
109000035,77,19,58
109000036,50,349,-299
109000037,530,5367,-4837
109000038,264,134,130
109000039,1374,961,413
109000040,2471,24447,-21976
109000041,937,4909,-3972
109000042,956,2771,-1815
109000044,889,31,858
109000045,214,141,73
109000046,914,21,893
109000047,144,215,-71
109000048,573,176,397
109000049,286,299,-13
109000050,542,276,266
109000051,443,157,286
109000052,637,282,355
109000053,654,205,449
109000054,129,1033,-904
109000055,1128,3036,-1908
109000056,273,460,-187
109000057,2298,493,1805
109000058,241,87,154
109000059,165,1172,-1007
109000060,164,632,-468
109000061,508,3299,-2791
109000062,296,552,-256
109000063,361,191,170
109000064,1269,77,1192
109000065,616,185,431
109000066,1082,80,1002
109000067,258,228,30
109000068,743,11,732
109000069,715,19,696
109000070,10,2753,-2743
109000071,565,57,508
109000072,73,193,-120
109000073,94,62,32
109000074,10,86,-76
109000075,110,151,-41
109000076,189,344,-155
109000077,347,103,244
109000078,281,135,146
109000079,201,70,131
109000080,459,71,388
109000081,342,247,95
109000082,1980,60,1920
109000083,675,222,453
109000088,248,149,99
109000089,503,218,285
109000090,133,124,9
109000091,908,237,671
109000092,192,90,102
109000093,600,88,512
109000094,2134,8,2126
109000095,596,200,396
109000096,2220,144,2076
109000097,67,43,24
109000098,117,120,-3
109000099,1631,126,1505
109000100,668,271,397
109000101,3531,298,3233
109000102,980,268,712
109000103,1302,243,1059
109000104,5737,141,5596
109000105,935,373,562
109000106,3702,373,3329
109000107,835,598,237
109000108,4827,423,4404
109000109,543,482,61
109000110,2325,459,1866
109000111,707,860,-153
109000112,720,68,652
109000113,996,482,514
109000114,113,539,-426
109000115,921,15,906
109000116,5,421,-416
109000117,526,12,514
109000118,22,258,-236
109000119,4119,90,4029
109000120,914,209,705
109000121,1363,31,1332
109000122,600,238,362
109000123,40,17,23
109000124,1852,266,1586
109000125,1638,385,1253
109000126,860,760,100
109000127,2412,94,2318
109000128,952,369,583
109000129,6090,305,5785
109000130,515,350,165
109000131,1358,751,607
109000132,561,522,39
109000133,245,343,-98
109000134,571,561,10
109000135,435,687,-252
109000136,415,199,216
109000137,483,242,241
109000138,550,153,397
109000139,1242,229,1013
109000140,225,349,-124
109000141,1044,1023,21
109000142,199,257,-58
109000143,202,216,-14
109000145,154,187,-33
109000146,9,52,-43
109000148,1645,3632,-1987
109000149,17,104,-87
109000150,25,178,-153
109000155,1422,1192,230
109000156,888,277,611
109000158,51,267,-216
109000159,153,258,-105
109000160,3123,139,2984
109000161,1551,588,963
109000162,3731,286,3445
109000163,2800,633,2167
109000164,2771,1246,1525
109000165,2641,343,2298
109000166,2252,102,2150
109000167,220,236,-16
109000170,51,22,29
109000171,197,32,165
109000172,23,64,-41
109000173,4,245,-241
109000174,522,42,480
109000175,40,21,19
109000176,832,98,734
109000177,42,65,-23
109000178,1851,126,1725
109000179,3335,10149,-6814
109000180,3551,5251,-1700
109000181,49,5,44
109000182,58,9,49
109000183,100,5,95
109000184,186,15,171
109000185,25,8,17
109000188,896,3557,-2661
109000189,5558,4520,1038
109000190,1255,398,857
109000191,462,1472,-1010
109000192,1293,69,1224
109000193,760,80,680
109000194,683,25,658
109000195,574,49,525
109000196,361,20,341
109000197,693,142,551
109000198,496,58,438
109000199,592,176,416
109000206,317,7,310
109000207,412,12,400
109000208,174,140,34
109000209,248,76,172
109000210,371,187,184
109000211,3186,387,2799
109000214,867,84,783
109000215,121,34,87
109000216,521,500,21
109000217,157,251,-94
109000218,372,351,21
109000221,170,247,-77
109000222,860,130,730
109000223,1416,551,865
109000224,223,38,185
109000225,424,14,410
109000226,207,112,95
109000227,4106,312,3794
109000228,1,507,-506
109000231,3,64,-61
109000232,2087,115,1972
109000236,397,347,50
109000241,2456,447,2009
109000242,1948,342,1606
109000293,174,176,-2
109000361,263,86,177
109000364,127,824,-697
109000396,0,159,-159
109000397,1270,24,1246
109000399,222,193,29
109000400,123,151,-28
109000403,19,1901,-1882
109000406,1733,20,1713
109000407,207,65,142
109000408,0,216,-216
109000410,1480,142,1338
109000411,749,5,744
109900001,213,2,211
109900002,1721,8,1713
109900003,1237,6,1231
109900004,231,79,152
109900005,53,14,39
109900006,1508,75,1433
109900007,2873,97,2776
109900008,0,1,-1
109900009,299,240,59
109900010,1474,131,1343
109900011,30,14,16
109900012,636,279,357
109900013,776,142,634
109900014,325,80,245
109900015,241,45,196
109900016,142,19,123
109900017,402,84,318
109900018,292,12,280
109900019,315,44,271
109900020,152,17,135
109900021,124,23,101
109900022,110,158,-48
109900023,61,2,59
109900024,20,1,19
109900025,11,204,-193
109900026,8,51,-43
109900027,49,36,13
109900028,494,4683,-4189
109900029,2,102,-100
109900030,130,1,129
109900031,4,1217,-1213
109900032,11,120,-109
109900033,2,239,-237
109900034,30,0,30
109900035,299,212,87
109900036,133,770,-637
109900037,28,190,-162
109900038,98,106,-8
109900039,4,0,4
109900040,16,147,-131
109900041,140,395,-255
109900042,41,2339,-2298
109900044,150,794,-644
109900045,93,40,53
109900046,103,105,-2
109900047,249,287,-38
109900048,1,31,-30
109900049,99,40,59
109900050,0,12,-12
109900051,0,4,-4
109900052,100,843,-743
109900053,4,43,-39
109900054,2123,93,2030
109900055,301,218,83
109900056,337,587,-250
109900057,2,70,-68
109900058,0,29,-29
109900059,2781,55,2726
109900060,1856,68,1788
109900061,218,58,160
109900062,0,71,-71
109900063,5,679,-674
109900064,1290,49,1241
109900065,52,59,-7
109900066,761,233,528
109900067,2,94,-92
109900068,168,3,165
109900069,2,24,-22
109900070,42,43,-1
109900071,1,11,-10
109900072,8,23,-15
109900073,1200,157,1043
109900074,3,9,-6
109900075,93,200,-107
109900076,44,64,-20
109900077,19,28,-9
109900078,205,32,173
109900080,172,114,58
109900081,5,197,-192
109900082,61,95,-34
109900083,8,12,-4
109900084,65,178,-113
109900085,72,134,-62
109900086,152,1688,-1536
109900087,45,236,-191
109900089,1118,120,998
109900090,185,353,-168
109900091,1041,504,537
109900092,481,406,75
109900093,2099,122,1977
109900094,103,59,44
109900095,46,106,-60
109900096,215,6,209
109900097,300,2,298
109900098,1497,77,1420
109900099,912,2,910
109900100,162,0,162
109900101,1910,4,1906
109900102,1271,25,1246
109900103,35,73,-38
109900104,2157,77,2080
109900105,1133,11,1122
109900106,677,34,643
109900107,1766,24,1742
109900108,276,201,75
109900109,50,84,-34
109900110,51,127,-76
109900111,61,227,-166
109900112,141,101,40
109900113,1174,362,812
109900114,359,1273,-914
109900115,351,158,193
109900117,3094,54,3040
109900118,256,128,128
109900119,155,205,-50
109900120,122,8,114
109900121,350,78,272
109900122,2078,4,2074
109900123,16,45,-29
109900124,47,84,-37
109900125,0,83,-83
109900126,910,6,904
109900128,684,70,614
109900130,3331,5761,-2430
109900131,12,40,-28
109900132,39,43,-4
109900133,152,135,17
109900134,104,146,-42
109900135,507,27,480
109900136,140,90,50
109900137,476,112,364
109900138,332,27,305
109900140,140,73,67
109900142,4619,535,4084
109900145,45,858,-813
109900146,207,50,157
109900148,6,21,-15
109900149,7,15,-8
109900150,0,28,-28
109900151,3,6,-3
109900152,2,4,-2
109900153,1,24,-23
109900154,2,0,2
109900155,64,15,49
109900157,179,57,122
109900158,99,29,70
109900159,120,14,106
109900160,216,19,197
109900161,663,39,624
109900162,455,49,406
109900163,324,93,231
109900164,53,141,-88
109900165,344,3,341
109900166,2,693,-691
109900167,176,176,0
109900168,124,339,-215
109900169,399,157,242
109900170,506,2837,-2331
109900171,702,170,532
109900172,750,627,123
109900173,2710,3982,-1272
109900174,93,65,28
109900175,260,648,-388
109900176,216,78,138
109900177,51,65,-14
109900178,4,278,-274
109900179,3,26,-23
109900180,17,11,6
110000001,1138,223,915
110000002,607,515,92
110000003,742,757,-15
110000004,340,434,-94
110000005,263,3059,-2796
110000006,602,288,314
110000007,170,31,139
110000008,31,510,-479
110000009,192,9,183
110000010,66,184,-118
110000011,121,26,95
110000012,1001,141,860
110000013,108,898,-790
110000014,768,442,326
110000015,161,838,-677
110000016,387,1894,-1507
110000017,2741,266,2475
110000018,3072,575,2497
110000019,10,31,-21
110000020,887,492,395
110000021,149,266,-117
110000022,2420,90,2330
110000023,7,53,-46
110000024,1073,220,853
110000025,2512,8,2504
110000026,1,156,-155
110000027,714,1293,-579
110000028,1711,153,1558
110000029,1139,282,857
110000030,594,538,56
110000031,831,225,606
110000032,1705,97,1608
110000033,395,173,222
110000034,1498,352,1146
110000035,1825,307,1518
110000036,2598,412,2186
110000037,936,186,750
110000038,534,1271,-737
110000039,1490,11550,-10060
110000040,519,396,123
110000041,388,3767,-3379
110000042,126,486,-360
110000043,989,509,480
110000044,46,422,-376
110000045,257,130,127
110000046,7,150,-143
110000047,2,51,-49
110000048,2,111,-109
110000049,9,21,-12
110000050,9,144,-135
110000051,12,29,-17
110000052,92,36,56
110000053,20,18,2
110000054,103,1994,-1891
110000055,173,480,-307
110000056,131,315,-184
110000057,738,215,523
110000058,3433,400,3033
110000059,1403,681,722
110000060,1649,754,895
110000061,814,482,332
110000062,601,524,77
110000063,109,499,-390
110000064,384,23,361
110000065,220,316,-96
110000066,158,7,151
110000067,129,81,48
110000068,1001,78,923
110000069,1332,6,1326
110000071,1707,14,1693
110000073,63,6,57
110000075,40,159,-119
110000076,759,888,-129
110000077,308,2385,-2077
110000078,230,10,220
110000080,181,353,-172
110000081,57,679,-622
110000082,131,749,-618
110000083,330,246,84
110000084,2291,2280,11
110000085,746,2308,-1562
110000086,780,2679,-1899
110000087,62,52,10
110000088,235,462,-227
110000089,836,41,795
110000090,173,1494,-1321
110000091,849,245,604
110000092,39,40,-1
110000093,84,19,65
110000094,625,115,510
110000095,155,777,-622
110000096,1179,3236,-2057
110000097,1127,2192,-1065
110000098,3062,613,2449
110000099,1724,1526,198
110000100,3836,89,3747
110000101,532,98,434
110000102,165,58,107
110000104,671,355,316
110000105,93,1067,-974
110000106,1059,626,433
110000107,137,366,-229
110000108,223,222,1
110000109,522,204,318
110000110,1763,3953,-2190
110000111,3781,3654,127
110000112,192,1465,-1273
110000113,73,4246,-4173
110000114,1113,980,133
110000115,1601,144,1457
110000116,138,167,-29
110000117,1320,183,1137
110000118,1512,137,1375
110000119,1322,122,1200
110000120,854,174,680
110000121,140,785,-645
110000122,567,148,419
110000123,891,300,591
110000124,2,511,-509
110000125,1649,3,1646
110000126,501,40,461
110000127,2030,137,1893
110000128,17,500,-483
110000129,0,152,-152
110000130,541,353,188
110000131,47,82,-35
110000132,0,204,-204
110000133,48,658,-610
110000134,37,403,-366
110000135,397,8,389
110000136,174,100,74
110000137,1573,154,1419
110000138,1782,243,1539
110000139,2510,394,2116
110000140,1295,1125,170
110000143,1144,542,602
110000144,2016,1564,452
110000145,1817,1203,614
110000146,1419,728,691
110000147,393,1175,-782
110000148,1212,356,856
110000151,666,1603,-937
110000152,517,628,-111
110000153,1165,42,1123
110000154,150,85,65
110000155,845,1752,-907
110000156,1307,1032,275
110000157,1447,2258,-811
110000160,701,191,510
110000161,365,361,4
110000166,2045,54,1991
110000167,3176,964,2212
110000168,849,1442,-593
110000169,958,898,60
110000170,335,238,97
110000171,881,164,717
110000172,530,365,165
110000173,445,459,-14
110000174,243,183,60
110000175,2463,317,2146
110000176,74,2031,-1957
110000177,369,2887,-2518
110000178,501,5126,-4625
110000179,1842,483,1359
110000180,1293,356,937
110000181,2027,261,1766
110000182,1214,107,1107
110000183,6433,11872,-5439
110000184,342,4834,-4492
110000185,537,657,-120
110000186,594,1528,-934
110000191,2431,161,2270
110000192,1713,34,1679
110000193,2110,14,2096
110000194,3,1605,-1602
110000195,1106,40,1066
110000196,1415,101,1314
110000197,263,56,207
110000198,106,51,55
110000199,127,587,-460
110000200,909,2793,-1884
110000201,1745,4376,-2631
110000202,1517,458,1059
110000203,372,798,-426
110000204,4,81,-77
110000205,695,66,629
110000206,327,399,-72
110000207,2872,209,2663
110000208,234,426,-192
110000209,59,234,-175
110000210,2064,803,1261
110000211,1108,707,401
110000212,937,1891,-954
110000213,892,32,860
110000214,929,52,877
110000215,364,87,277
110000216,275,92,183
110000217,1100,54,1046
110000218,393,64,329
110000219,708,51,657
110000220,93,63,30
110000221,1002,16,986
110000222,50,83,-33
110000223,49,58,-9
110000224,6,4,2
110000225,356,781,-425
110000226,609,113,496
110000227,1180,1422,-242
110000228,677,129,548
110000229,0,72,-72
110000230,592,548,44
110000231,426,925,-499
110000232,225,441,-216
110000233,187,1411,-1224
110000234,456,582,-126
110000235,1356,938,418
110000236,1248,854,394
110000237,3558,1808,1750
110000238,1388,693,695
110000239,3183,926,2257
110000240,0,23,-23
110000242,0,15,-15
110000243,469,123,346
110000244,164,621,-457
110000245,29,344,-315
110000246,2341,1084,1257
110000247,1700,3379,-1679
110000248,1431,1509,-78
110000249,329,11,318
110000250,12,281,-269
110000251,969,256,713
110000252,994,235,759
110000253,3650,424,3226
110000254,1859,544,1315
110000255,271,417,-146
110000256,771,313,458
110000257,387,402,-15
110000258,10,630,-620
110000259,663,50,613
110000260,140,114,26
110000263,1187,29,1158
110000264,1381,346,1035
110000265,1735,1577,158
110000266,1232,1698,-466
110000267,57,38,19
110000268,407,122,285
110000269,5,59,-54
110000270,242,10,232
110000271,1935,241,1694
110000272,1724,1627,97
110000273,2408,972,1436
110000274,760,5616,-4856
110000275,2259,1347,912
110000276,347,1853,-1506
110000277,850,1829,-979
110000278,926,1347,-421
110000279,1241,395,846
110000280,1202,603,599
110000281,148,101,47
110000282,189,28,161
110000283,16,93,-77
110000284,8,17,-9
110000285,0,180,-180
110000286,46,1,45
110000287,321,202,119
110000288,5,240,-235
110000289,568,3850,-3282
110000290,299,1360,-1061
110000291,4402,1029,3373
110000292,1305,12493,-11188
110000293,1041,703,338
110000294,2201,4113,-1912
110000295,266,671,-405
110000296,1259,453,806
110000297,4422,175,4247
110000298,140,747,-607
110000299,216,69,147
110000301,673,30,643
110000302,1147,4555,-3408
110000303,1316,50,1266
110000304,437,808,-371
110000305,2529,97,2432
110000306,672,497,175
110000307,6018,28,5990
110000308,1393,8,1385
110000309,2,1179,-1177
110000310,1745,63,1682
110000311,2,389,-387
110000312,1121,59,1062
110000313,3611,1948,1663
110000314,3,204,-201
110000315,2131,1330,801
110000316,513,1053,-540
110000317,409,1477,-1068
110000318,3,228,-225
110000319,8,49,-41
110000320,34,86,-52
110000321,77,144,-67
110000322,300,870,-570
110000323,1474,319,1155
110000324,2800,1317,1483
110000325,1846,7361,-5515
110000327,1027,528,499
110000328,79,643,-564
110000333,1956,2661,-705
110000334,466,1826,-1360
110000335,970,395,575
110000336,849,3531,-2682
110000337,2900,1275,1625
110000338,634,2187,-1553
110000339,867,293,574
110000340,83,369,-286
110000341,1203,302,901
110000342,157,20,137
110000343,0,3,-3
110000344,92,2295,-2203
110000345,145,2603,-2458
110000346,1854,2468,-614
110000347,1801,601,1200
110000348,133,29,104
110000349,31,3,28
110000350,256,2,254
110000351,2493,338,2155
110000352,1194,2701,-1507
110000353,3311,399,2912
110000354,2645,6918,-4273
110000355,439,58,381
110000356,785,13,772
110000357,1504,7,1497
110000361,331,11,320
110000362,493,14,479
110000363,1640,43,1597
110000364,698,286,412
110000365,159,5,154
110000366,5,488,-483
110000367,1160,227,933
110000368,35,111,-76
110000369,102,40,62
110000373,3,1489,-1486
110000374,141,71,70
110000375,349,963,-614
110000376,29,69,-40
110000377,135,353,-218
110000378,42,426,-384
110000379,2482,3578,-1096
110000380,272,11,261
110000383,0,442,-442
110000384,1537,130,1407
110000385,0,67,-67
110000387,639,2,637
110000388,106,114,-8
110000389,1765,23,1742
110000391,1658,1300,358
110000396,527,265,262
110000397,141,38,103
110000398,11,33,-22
110000399,485,0,485
110000587,328,645,-317
110000589,337,91,246
110000640,289,9,280
110000652,7,569,-562
110000653,845,231,614
110000654,4,252,-248
110000656,0,280,-280
110000674,128,18,110
110000675,19,16,3
110000676,0,45,-45
110000679,135,1117,-982
110000682,226,324,-98
110000683,368,122,246
110000684,0,50,-50
110000685,9,25,-16
110000686,1,269,-268
110000687,7,6,1
110000688,47,1557,-1510
110000689,53,16,37
110000692,20,310,-290
110000693,9,312,-303
110000694,0,114,-114
110000695,166,1285,-1119
110000696,197,13,184
110900001,638,52,586
110900002,496,391,105
110900003,3713,121,3592
110900004,1263,75,1188
110900005,2337,9957,-7620
110900006,226,106,120
110900007,499,330,169
110900008,3,9,-6
110900009,491,1439,-948
110900010,0,8,-8
110900011,20,35,-15
110900012,19,34,-15
110900013,2174,112,2062
110900014,559,87,472
110900015,248,723,-475
110900016,185,53,132
110900017,1020,40,980
110900018,783,12,771
110900019,1009,25,984
110900020,645,71,574
110900021,291,145,146
110900022,65,69,-4
110900023,88,236,-148
110900024,237,100,137
110900025,20,66,-46
110900027,247,47,200
110900028,65,58,7
110900029,50,80,-30
110900030,31,91,-60
110900031,4,66,-62
110900032,0,35,-35
110900033,29,121,-92
110900035,40,505,-465
110900036,241,6,235
110900037,327,3,324
110900038,576,216,360
110900039,3,305,-302
110900040,620,12,608
110900041,21,32,-11
110900042,290,95,195
110900043,0,20,-20
110900044,374,64,310
110900045,332,128,204
110900046,3,98,-95
110900047,116,1043,-927
110900049,242,86,156
110900050,101,1,100
110900051,99,35,64
110900052,2,918,-916
110900053,531,26,505
110900054,44,908,-864
110900055,39,0,39
110900056,111,49,62
110900057,7,133,-126
110900058,806,69,737
110900059,510,568,-58
110900060,534,87,447
110900061,27,31,-4
110900062,496,62,434
110900063,62,93,-31
110900064,21,0,21
110900065,47,60,-13
110900066,7,76,-69
110900067,113,914,-801
110900068,525,65,460
110900069,12,3,9
110900070,445,28,417
110900071,110,2296,-2186
110900073,0,0,0
110900074,1235,98,1137
110900075,1127,90,1037
110900077,3162,349,2813
110900078,488,18,470
110900079,774,1401,-627
110900080,379,79,300
110900081,51,8,43
110900082,571,26,545
110900083,243,35,208
110900084,368,17,351
110900085,50,69,-19
110900086,100,293,-193
110900087,739,435,304
110900088,1,0,1
110900090,93,212,-119
110900091,0,10,-10
110900093,278,74,204
110900095,105,18,87
110900097,63,4,59
110900098,48,41,7
110900099,44,107,-63
110900100,0,10,-10
110900102,107,55,52
110900105,1115,88,1027
110900108,54,14,40
110900111,2293,82,2211
110900112,912,9,903
110900113,716,133,583
110900115,3,14,-11
110900116,3132,831,2301
110900118,77,6456,-6379
110900119,1648,96,1552
110900120,418,73,345
110900121,147,0,147
110900122,706,150,556
110900125,417,1544,-1127
110900127,536,1847,-1311
110900128,26,147,-121
110900129,73,1191,-1118
110900130,151,256,-105
110900131,737,1752,-1015
110900132,1119,42,1077
110900133,121,1577,-1456
110900135,92,131,-39
110900136,537,72,465
110900137,13,0,13
110900138,191,355,-164
110900139,0,60,-60
110900140,8,3,5
110900141,2,266,-264
110900142,45,93,-48
110900143,594,32,562
110900144,0,131,-131
110900145,488,265,223
110900146,153,776,-623
110900147,473,659,-186
110900148,1,672,-671
110900149,1,41,-40
110900150,49,24,25
110900151,1,77,-76
110900152,33,44,-11
110900153,319,29,290
111000001,2116,784,1332
111000002,518,515,3
111000003,4176,1973,2203
111000004,715,856,-141
111000005,1411,2032,-621
111000006,779,2275,-1496
111000007,5154,7896,-2742
111000008,2813,5974,-3161
111000009,335,833,-498
111000010,3043,648,2395
111000011,127,855,-728
111000012,484,651,-167
111000013,524,1642,-1118
111000014,3347,1105,2242
111000017,24,686,-662
111000018,346,361,-15
111000020,573,1257,-684
111000021,54,101,-47
111000023,143,638,-495
111000025,3779,6049,-2270
111000029,156,110,46
111000030,28,41,-13
111000031,2050,1155,895
111000032,833,1437,-604
111000033,425,48,377
111000034,137,149,-12
111000037,1136,276,860
111000038,2422,1122,1300
111000039,2775,870,1905
111000040,2352,653,1699
111000041,772,600,172
111000042,2530,2282,248
111000043,2031,8994,-6963
111000044,2609,565,2044
111000045,5238,1085,4153
111000046,4338,1105,3233
111000047,3798,9305,-5507
111000049,808,190,618
111000050,1597,413,1184
111000051,1006,787,219
111000052,792,2309,-1517
111000053,298,360,-62
111000054,334,617,-283
111000055,776,2714,-1938
111000056,281,3160,-2879
111000057,199,120,79
111000058,1543,175,1368
111000059,1216,764,452
111000060,8900,1275,7625
111000061,1390,290,1100
111000062,1661,747,914
111000063,1378,1691,-313
111000064,1516,268,1248
111000065,2096,420,1676
111000066,1577,181,1396
111000067,2656,186,2470
111000068,1499,317,1182
111000069,1549,1801,-252
111000070,686,336,350
111000071,541,138,403
111000072,2369,1002,1367
111000073,200,2419,-2219
111000074,3230,1951,1279
111000075,1048,454,594
111000076,1276,866,410
111000077,1433,501,932
111000078,2211,418,1793
111000079,1136,473,663
111000080,1007,555,452
111000081,1620,9477,-7857
111000082,1403,340,1063
111000084,1214,318,896
111000085,2081,901,1180
111000086,2611,1007,1604
111000087,1123,405,718
111000088,5185,6651,-1466
111000089,1483,543,940
111000090,737,581,156
111000091,1089,214,875
111000092,3575,729,2846
111000093,1652,2773,-1121
111000094,2643,1282,1361
111000095,1503,3878,-2375
111000096,1283,11458,-10175
111000097,2137,709,1428
111000098,348,576,-228
111000099,829,899,-70
111000100,952,966,-14
111000101,500,508,-8
111000102,590,311,279
111000104,1796,132,1664
111000107,173,285,-112
111000109,1617,293,1324
111000110,2423,640,1783
111000111,7378,195,7183
111000112,3640,401,3239
111000113,984,3677,-2693
111000114,1744,8725,-6981
111000115,3157,1026,2131
111000116,976,570,406
111000117,279,1041,-762
111000118,955,1634,-679
111000119,2836,312,2524
111000120,1031,643,388
111000121,344,872,-528
111000122,727,539,188
111000123,2498,1237,1261
111000124,913,1358,-445
111000125,569,1660,-1091
111000126,134,477,-343
111000127,2508,154,2354
111000128,5608,347,5261
111000129,6353,336,6017
111000130,6004,375,5629
111000131,5564,420,5144
111000132,3598,3108,490
111000133,183,64,119
111000134,261,24,237
111000135,183,153,30
111000136,600,173,427
111000138,168,1,167
111000140,1,1,0
111000141,184,334,-150
111000142,7,76,-69
111000143,12,196,-184
111000144,7,444,-437
111000145,83,4,79
111000146,244,9,235
111000147,80,45,35
111000148,239,78,161
111000149,13,39,-26
111000150,255,10,245
111000151,1,258,-257
111000153,596,218,378
111000154,436,79,357
111000155,345,91,254
111000156,917,199,718
111000157,496,414,82
111000158,1756,699,1057
111000159,3033,821,2212
111000160,922,116,806
111000161,12,241,-229
111000162,3,37,-34
111000163,1775,782,993
111000164,384,3334,-2950
111000165,795,143,652
111000166,390,71,319
111000167,128,231,-103
111000168,264,170,94
111000169,614,143,471
111000170,428,231,197
111000171,803,199,604
111000172,502,323,179
111000173,389,345,44
111000174,798,111,687
111000175,47,920,-873
111000176,1411,21,1390
111000177,2349,97,2252
111000178,2894,129,2765
111000179,555,43,512
111000180,301,207,94
111000181,3383,230,3153
111000182,482,326,156
111000183,289,2313,-2024
111000184,498,69,429
111000185,416,655,-239
111000186,279,2136,-1857
111000187,310,134,176
111000188,617,521,96
111000189,254,201,53
111000190,608,98,510
111000191,481,183,298
111000192,306,210,96
111000193,333,130,203
111000194,112,359,-247
111000195,343,741,-398
111000196,229,61,168
111000197,1215,67,1148
111000198,846,35,811
111000199,687,433,254
111000200,1289,888,401
111000201,1691,56,1635
111000202,863,92,771
111000203,778,261,517
111000204,323,2633,-2310
111000213,446,208,238
111000214,1734,950,784
111000215,1168,525,643
111000217,2643,464,2179
111000218,3116,891,2225
111000219,384,72,312
111000220,1133,661,472
111000221,223,111,112
111000224,0,175,-175
111000225,606,1043,-437
111000226,559,16,543
111000227,9,1,8
111000228,1,910,-909
111000229,12,2232,-2220
111000230,320,117,203
111000231,1867,288,1579
111000232,1378,2489,-1111
111000233,3739,369,3370
111000234,336,674,-338
111000239,103,40,63
111000240,79,761,-682
111000241,101,154,-53
111000242,722,82,640
111000243,340,707,-367
111000244,2241,722,1519
111000245,987,879,108
111000246,1192,97,1095
111000247,976,522,454
111000248,1114,150,964
111000249,624,162,462
111000250,215,40,175
111000251,186,46,140
111000253,53,9,44
111000255,138,1,137
111000257,186,11,175
111000260,205,479,-274
111000261,3795,60,3735
111000271,148,346,-198
111000273,2338,761,1577
111000274,1613,3494,-1881
111000275,158,17,141
111000276,483,527,-44
111000277,411,166,245
111000278,492,140,352
111000291,1773,20618,-18845
111000298,907,198,709
111000299,1424,157,1267
111000300,78,286,-208
111000302,563,37,526
111000303,341,81,260
111000312,165,44,121
111000315,0,49,-49
111000320,424,231,193
111000321,633,208,425
111000322,1351,143,1208
111000323,531,87,444
111000324,235,100,135
111000325,76,39,37
111000326,428,235,193
111000327,503,267,236
111000328,609,691,-82
111000329,2,12,-10
111000330,520,9,511
111000331,82,8,74
111000332,397,507,-110
111000334,161,793,-632
111000335,2208,598,1610
111000337,4181,210,3971
111000338,287,55,232
111000339,1940,92,1848
111000340,149,2093,-1944
111000341,3639,2291,1348
111000342,51,749,-698
111000344,1831,321,1510
111000345,147,104,43
111000346,16,91,-75
111000347,452,3,449
111000350,254,112,142
111000351,152,828,-676
111000352,272,100,172
111000353,146,191,-45
111000354,924,156,768
111000355,967,467,500
111000358,183,404,-221
111000360,319,136,183
111000361,351,104,247
111000546,2153,506,1647
111000547,900,985,-85
111000548,563,157,406
111000549,603,140,463
111000550,28,1825,-1797
111000551,292,46,246
111000552,698,196,502
111000907,3501,66,3435
111000908,106,4,102
111000916,5669,521,5148
111000917,137,531,-394
111000918,342,164,178
111000920,2075,13,2062
111000921,3,44,-41
111000922,2155,88,2067
111000924,58,210,-152
111000925,6691,2852,3839
111000926,1797,3323,-1526
111000927,2184,6297,-4113
111000928,5171,2290,2881
111000929,2506,1527,979
111000930,1996,6123,-4127
111000931,2606,961,1645
111000932,3189,1738,1451
111000933,2968,3563,-595
111000934,1858,1189,669
111000935,4244,1186,3058
111000936,2439,862,1577
111000937,1786,1467,319
111000938,2650,1206,1444
111000939,1801,56,1745
111000940,2432,30,2402
111000941,816,293,523
111000943,1067,91,976
111000944,518,143,375
111000945,525,2114,-1589
111001109,579,1417,-838
111001110,305,284,21
111001111,610,11,599
111001112,111,1,110
111001113,0,276,-276
111001114,869,108,761
111001115,10,588,-578
111001116,3161,10116,-6955
111001117,226,4813,-4587
111001120,138,260,-122
111001121,519,39,480
111001122,439,82,357
111001123,818,108,710
111001124,118,60,58
111900001,64,28,36
111900002,238,85,153
111900003,11,118,-107
111900004,12,36,-24
111900006,115,187,-72
111900007,903,3,900
111900008,916,3,913
111900009,809,9,800
111900010,65,148,-83
111900012,87,55,32
111900013,144,7,137
111900014,2044,11644,-9600
111900015,0,49,-49
111900016,0,33,-33
111900017,0,22,-22
111900018,289,6,283
111900019,3,101,-98
111900020,0,20,-20
111900021,6,15,-9
111900022,9,21,-12
111900023,64,34,30
111900024,69,500,-431
111900025,0,15,-15
111900026,0,35,-35
111900027,0,40,-40
111900028,14,67,-53
111900029,7,17,-10
111900030,23,226,-203
111900031,16,63,-47
111900032,0,64,-64
111900033,39,15,24
111900034,33,197,-164
111900035,140,2032,-1892
111900036,0,102,-102
111900038,47,112,-65
111900039,13,449,-436
111900040,3,120,-117
111900042,16,32,-16
111900043,1,94,-93
111900044,47,74,-27
111900046,16,59,-43
111900048,996,1025,-29
111900049,13,73,-60
111900050,449,24,425
111900051,3,70,-67
111900052,86,66,20
111900053,479,4131,-3652
111900054,896,2,894
111900055,1,90,-89
111900056,108,484,-376
111900057,487,4,483
111900058,1657,308,1349
111900059,1084,1135,-51
111900060,1218,9,1209
111900061,13,58,-45
111900062,154,639,-485
111900063,692,101,591
111900064,28,35,-7
111900065,350,57,293
111900066,207,114,93
111900067,0,124,-124
111900068,63,180,-117
111900069,177,21,156
111900070,362,26,336
111900071,0,64,-64
111900072,58,95,-37
111900073,2635,318,2317
111900074,0,100,-100
111900075,65,6,59
111900076,852,122,730
111900077,73,0,73
111900078,996,80,916
111900079,57,101,-44
111900080,90,231,-141
111900081,131,54,77
111900082,446,63,383
111900083,624,89,535
111900084,332,27,305
111900085,72,84,-12
111900086,297,26,271
111900087,245,9,236
111900088,1704,43,1661
111900089,175,7,168
111900090,64,203,-139
111900091,1593,26,1567
111900092,304,2,302
111900093,1262,16,1246
111900094,310,2,308
111900095,978,31,947
111900096,556,9,547
111900097,294,0,294
111900098,1089,47,1042
111900099,137,0,137
111900100,222,11,211
111900101,496,12,484
111900102,1683,1571,112
111900103,49,110,-61
111900104,154,25,129
111900105,137,403,-266
111900106,219,18,201
111900107,6,22,-16
111900108,214,285,-71
111900109,304,559,-255
111900110,3735,220,3515
111900111,657,7,650
111900112,212,8867,-8655
111900113,426,108,318
111900114,76,17,59
111900115,33,3,30
111900118,708,103,605
111900119,302,177,125
111900122,15,56,-41
111900123,5,39,-34
111900124,33,5,28
111900125,1672,171,1501
111900126,1396,4,1392
111900127,5,153,-148
111900128,54,134,-80
111900129,945,291,654
111900130,424,88,336
111900131,1329,2,1327
111900132,58,310,-252
111900133,2,175,-173
111900134,5,59,-54
111900135,9,16,-7
111900136,41,93,-52
111900137,51,4,47
111900138,4,44,-40
111900139,83,27,56
111900140,162,20,142
111900141,141,3,138
111900142,164,5,159
111900143,209,141,68
111900144,1,45,-44
111900145,6,144,-138
111900146,0,64,-64
111900147,10,228,-218
111900148,7,723,-716
111900149,8,179,-171
111900150,13,47,-34
111900151,1,15,-14
111900152,95,28,67
111900153,447,577,-130
111900154,27,1402,-1375
111900155,68,267,-199
111900156,89,61,28
111900157,248,24,224
111900158,1106,118,988
111900159,1038,167,871
111900160,772,11,761
111900161,884,7,877
111900162,153,730,-577
111900163,23,50,-27
111900164,127,66,61
111901113,2116,66,2050
111901114,706,2619,-1913
111901115,652,0,652
111901116,38,7,31
111901117,31,159,-128
111901118,24,1213,-1189
111901119,224,16,208
111901120,15,17,-2
111901121,27,47,-20
111901122,10,135,-125
111901123,944,52,892
111901124,734,22,712
111901125,2532,227,2305
111901126,215,114,101
111901127,2634,2880,-246
111901128,7,39,-32
111901129,3,77,-74
111901130,5,236,-231
111901131,0,79,-79
111901132,118,27,91
111901133,201,0,201
111901134,420,3,417
111901135,101,7,94
111901136,73,17,56
111901137,4,23,-19
111901138,12,30,-18
111901139,3,22,-19
111901140,13,21,-8
111901141,3,63,-60
111901142,1,29,-28
111901143,1,79,-78
111901144,52,50,2
111901145,49,574,-525
111901146,57,10,47
112000001,4163,935,3228
112000002,1145,2436,-1291
112000003,7335,1300,6035
112000004,2216,583,1633
112000005,5623,5586,37
112000006,757,578,179
112000007,7168,4655,2513
112000008,5717,4948,769
112000009,2921,947,1974
112000010,6438,5562,876
112000011,1615,857,758
112000012,3913,4772,-859
112000013,1282,1945,-663
112000014,813,3820,-3007
112000015,1176,2995,-1819
112000016,2747,4696,-1949
112000017,455,5079,-4624
112000024,459,149,310
112000026,2204,959,1245
112000027,735,507,228
112000028,633,659,-26
112000029,940,822,118
112000030,181,21,160
112000031,1125,4336,-3211
112000032,130,10,120
112000033,2187,4422,-2235
112000034,81,19,62
112000035,93,999,-906
112000036,146,1270,-1124
112000037,653,3604,-2951
112000038,1036,1734,-698
112000039,269,43,226
112000040,35,208,-173
112000041,471,350,121
112000042,567,94,473
112000050,1518,684,834
112000051,1435,4359,-2924
112000054,1311,1107,204
112000057,674,142,532
112000058,389,279,110
112000059,607,498,109
112000061,2852,447,2405
112000062,473,1013,-540
112000063,192,3593,-3401
112000064,2756,1811,945
112000065,864,934,-70
112000066,3170,1241,1929
112000067,525,448,77
112000068,3753,1922,1831
112000069,646,2187,-1541
112000070,1868,827,1041
112000071,1676,1423,253
112000072,4423,733,3690
112000073,1412,1904,-492
112000074,1188,1003,185
112000075,1620,1410,210
112000076,4209,2409,1800
112000077,1961,515,1446
112000078,3546,731,2815
112000079,3451,1295,2156
112000080,1363,590,773
112000081,1108,1093,15
112000082,1966,349,1617
112000083,1667,579,1088
112000084,1725,313,1412
112000085,2437,387,2050
112000086,3748,491,3257
112000087,1458,166,1292
112000088,1723,203,1520
112000089,460,240,220
112000090,300,237,63
112000091,879,246,633
112000092,3804,588,3216
112000093,2287,289,1998
112000094,847,386,461
112000095,1372,225,1147
112000096,1232,318,914
112000097,4684,452,4232
112000098,498,406,92
112000099,1105,2522,-1417
112000100,4602,643,3959
112000101,1019,506,513
112000102,3651,274,3377
112000103,707,384,323
112000105,576,296,280
112000106,5020,202,4818
112000107,147,96,51
112000108,1586,575,1011
112000109,141,32,109
112000110,3654,586,3068
112000111,668,1369,-701
112000112,3210,234,2976
112000113,1503,1969,-466
112000114,4285,622,3663
112000115,633,212,421
112000116,1054,392,662
112000117,2063,423,1640
112000118,692,531,161
112000119,799,311,488
112000120,93,88,5
112000121,583,146,437
112000122,1180,37,1143
112000123,1631,46,1585
112000124,848,58,790
112000125,543,447,96
112000126,1818,139,1679
112000127,2282,2379,-97
112000128,1012,613,399
112000129,373,36,337
112000130,819,100,719
112000131,39,74,-35
112000132,330,95,235
112000133,952,52,900
112000134,1186,155,1031
112000135,2266,1955,311
112000136,1204,5671,-4467
112000137,2689,3803,-1114
112000138,1736,1219,517
112000139,672,771,-99
112000140,210,379,-169
112000141,2000,296,1704
112000142,295,257,38
112000143,2716,197,2519
112000144,505,485,20
112000145,4721,322,4399
112000146,1310,504,806
112000147,3169,1353,1816
112000148,1282,632,650
112000149,1571,462,1109
112000150,763,187,576
112000151,943,192,751
112000152,1342,200,1142
112000153,1234,112,1122
112000154,280,795,-515
112000155,162,80,82
112000157,426,939,-513
112000158,521,118,403
112000159,2522,266,2256
112000167,586,316,270
112000169,124,986,-862
112000173,2638,175,2463
112000175,1261,271,990
112000176,695,1207,-512
112000177,2300,537,1763
112000178,147,116,31
112000179,742,151,591
112000180,598,109,489
112000181,1239,419,820
112000182,3873,251,3622
112000183,84,12,72
112000184,1049,228,821
112000185,2046,173,1873
112000187,5886,5158,728
112000195,438,15,423
112000196,183,1,182
112000197,122,79,43
112000198,32,220,-188
112000199,473,363,110
112000202,2025,0,2025
112000216,30,104,-74
112000230,305,3,302
112000231,0,45,-45
112000256,131,491,-360
112000313,244,14,230
112000314,110,89,21
112000337,274,649,-375
112000352,208,337,-129
112000392,1824,483,1341
112000398,3506,474,3032
112000399,1174,6026,-4852
112000400,1633,773,860
112000401,1320,990,330
112000402,4917,5104,-187
112000403,1577,9559,-7982
112000404,2554,1354,1200
112000405,5055,2760,2295
112000406,3437,1277,2160
112000407,14350,7787,6563
112000408,5754,1477,4277
112000409,2074,1055,1019
112000410,286,324,-38
112000411,1659,2030,-371
112000412,396,229,167
112000413,3878,9133,-5255
112000414,276,26,250
112000415,240,27,213
112000416,6940,628,6312
112000417,346,63,283
112000421,181,36,145
112000422,490,140,350
112000424,950,4651,-3701
112000425,746,213,533
112000426,747,470,277
112000427,0,24,-24
112000428,675,549,126
112000429,1899,1363,536
112000430,2517,3495,-978
112000431,411,180,231
112000432,1241,445,796
112000433,185,357,-172
112000437,49,95,-46
112900001,109,2,107
112900002,1508,237,1271
112900003,63,40,23
112900004,111,107,4
112900005,689,38,651
112900006,193,83,110
112900007,65,16,49
112900008,0,150,-150
112900009,661,316,345
112900010,544,165,379
112900011,116,159,-43
112900012,1,11,-10
112900013,4,321,-317
112900014,12,52,-40
112900015,36,149,-113
112900016,2,325,-323
112900017,116,172,-56
112900018,6,649,-643
112900019,35,144,-109
112900020,261,266,-5
112900021,1,106,-105
112900022,47,34,13
112900023,2,92,-90
112900024,17,51,-34
112900025,265,103,162
112900026,1,37,-36
112900027,2,157,-155
112900028,213,44,169
112900029,16,69,-53
112900030,328,44,284
112900031,3,333,-330
112900032,304,87,217
112900034,0,27,-27
112900035,0,93,-93
112900036,18,106,-88
112900037,160,197,-37
112900038,1627,55,1572
112900039,8,144,-136
112900040,1,255,-254
112900041,480,954,-474
112900042,413,129,284
112900043,18,44,-26
112900044,113,125,-12
112900045,215,112,103
112900046,18,48,-30
112900047,6,15,-9
112900049,873,19,854
112900050,11,253,-242
112900051,201,169,32
112900052,3,273,-270
112900053,111,414,-303
112900054,68,88,-20
112900055,57,22,35
112900056,274,177,97
112900057,106,220,-114
112900058,409,514,-105
112900059,136,153,-17
112900060,53,38,15
112900061,47,58,-11
112900062,112,29,83
112900063,7,28,-21
112900064,33,24,9
112900065,28,13,15
112900066,424,665,-241
112900067,225,48,177
112900068,46,148,-102
112900069,917,1627,-710
112900071,38,19,19
112900072,40,9357,-9317
112900073,439,405,34
112900074,187,660,-473
112900075,661,2404,-1743
112900076,43,25,18
112900078,320,804,-484
112900079,281,151,130
112900080,478,12,466
112900081,29,720,-691
112900082,657,50,607
112900083,273,289,-16
112900084,480,475,5
112900085,0,8,-8
112900086,316,2,314
112900087,3014,259,2755
112900088,585,6,579
112900089,1310,21,1289
112900090,205,157,48
112900091,665,17,648
112900092,37,1141,-1104
112900093,1601,19,1582
112900094,115,4,111
112900095,406,0,406
112900096,1227,341,886
112900097,169,131,38
112900098,234,3,231
112900099,2222,27,2195
112900100,234,4,230
112900101,809,8,801
112900102,104,93,11
112900103,438,7,431
112900104,274,6,268
112900105,125,0,125
112900106,1039,204,835
112900107,25,4,21
112900108,2,1,1
112900109,319,2,317
112900110,2854,27,2827
112900111,1142,4,1138
112900112,638,1,637
112900113,0,1,-1
112900114,935,9,926
112900115,4914,8,4906
112900116,184,2,182
112900117,145,22,123
112900118,5,7,-2
112900119,1049,7,1042
112900120,488,221,267
112900121,59,38,21
112900122,5,42,-37
112900123,1122,33,1089
112900124,9,18,-9
112900125,10,200,-190
112900126,36,83,-47
112900127,1177,65,1112
112900128,46,198,-152
112900129,2,266,-264
112900130,391,84,307
112900131,2,191,-189
112900132,61,810,-749
112900133,32,2192,-2160
112900134,1,201,-200
112900135,162,82,80
112900136,0,13,-13
112900137,0,211,-211
112900138,5,71,-66
112900139,25,433,-408
112900140,0,36,-36
112900141,1194,13,1181
112900142,37,514,-477
112900143,5,171,-166
112900144,0,181,-181
112900145,2,149,-147
112900146,6,166,-160
112900147,0,239,-239
112900148,37,1,36
112900149,383,206,177
112900151,3,22,-19
112900152,2938,254,2684
112900153,761,7942,-7181
112900154,0,28,-28
112900155,215,27,188
112900156,1480,260,1220
112900157,1000,3,997
112900158,148,0,148
112900159,253,387,-134
112900160,24,74,-50
112900161,302,18,284
112900162,3,24,-21
112900163,7,74,-67
112900164,21,140,-119
112900165,36,25,11
112900166,31,120,-89
112900167,11,1680,-1669
112900168,2,2,0
112900169,9,10,-1
112900170,185,29,156
112900172,25,37,-12
112900173,174,97,77
112900174,633,19,614
112900175,200,226,-26
112900176,39,100,-61
112900177,260,74,186
112900178,392,4259,-3867
112900179,6,376,-370
112900180,3151,766,2385
112900181,1633,10,1623
112900182,88,341,-253
112900183,27,141,-114
112900184,168,235,-67
112900185,84,367,-283
112900186,756,753,3
112900187,30,310,-280
112900188,434,1586,-1152
112900189,24,1,23
112900190,15,0,15
112900192,663,406,257
112900193,1068,235,833
112900194,88,0,88
112900195,1033,46,987
112900196,272,208,64
112900197,62,245,-183
112900199,1358,123,1235
112900200,966,56,910
112900201,249,196,53
112900202,1360,305,1055
112900203,610,54,556
112900204,795,180,615
112900205,16,0,16
112900206,59,12,47
112900207,14,0,14
112900208,56,921,-865
112900209,97,114,-17
112900210,1,20,-19
112900211,153,5,148
112900212,0,8,-8
112900213,64,2,62
112900214,8,12,-4
112900215,13,17,-4
112900216,68,24,44
112900217,1,11,-10
112900218,99,13,86
112900219,237,14,223
112900220,2,0,2
112900221,77,62,15
112900222,2,1022,-1020
112900223,1230,40,1190
112900224,1910,127,1783
112900225,1047,145,902
112900226,80,179,-99
112900227,2234,2099,135
112900228,112,34,78
112900229,737,21,716
112900230,6769,2775,3994
112900232,601,431,170
112900233,129,31,98
112900234,132,1,131
112900235,11,3,8
112900236,1607,21,1586
112900237,1085,90,995
112900238,19,1,18
112900239,329,1258,-929
113000001,7076,4173,2903
113000002,7300,3479,3821
113000003,2126,1382,744
113000004,3205,1537,1668
113000005,2719,1154,1565
113000006,2345,1175,1170
113000007,3232,1119,2113
113000008,3129,1173,1956
113000009,1930,699,1231
113000010,2347,742,1605
113000011,1049,946,103
113000012,1591,961,630
113000013,526,476,50
113000014,864,1092,-228
113000015,168,209,-41
113000016,265,442,-177
113000017,165,345,-180
113000018,903,32,871
113000019,407,506,-99
113000020,312,44,268
113000021,3424,798,2626
113000022,1497,2398,-901
113000025,28,171,-143
113000026,1289,557,732
113000027,1001,749,252
113000028,819,1160,-341
113000029,684,486,198
113000030,96,543,-447
113000031,195,235,-40
113000032,136,82,54
113000033,232,151,81
113000034,119,68,51
113000035,42,10,32
113000036,21,39,-18
113000037,41,14,27
113000038,17,57,-40
113000039,20,199,-179
113000040,63,32,31
113000042,1145,541,604
113000051,2146,3141,-995
113000052,2915,432,2483
113000053,959,266,693
113000054,1290,926,364
113000055,3302,317,2985
113000056,3254,794,2460
113000058,623,793,-170
113000059,925,240,685
113000060,546,559,-13
113000061,1035,963,72
113000062,480,349,131
113000063,827,30,797
113000064,192,203,-11
113000065,330,241,89
113000066,1917,103,1814
113000067,6158,364,5794
113000068,691,337,354
113000069,1053,295,758
113000070,5125,448,4677
113000071,931,351,580
113000072,2320,338,1982
113000073,707,763,-56
113000074,1377,458,919
113000075,2489,701,1788
113000076,640,1517,-877
113000077,497,527,-30
113000078,373,1293,-920
113000079,367,545,-178
113000080,488,697,-209
113000081,1624,2344,-720
113000082,1005,452,553
113000083,839,819,20
113000084,1288,1093,195
113000085,1394,673,721
113000086,799,2476,-1677
113000087,1708,2100,-392
113000088,2022,1485,537
113000089,773,1196,-423
113000090,104,984,-880
113000091,137,203,-66
113000094,2202,206,1996
113000095,186,412,-226
113000096,69,488,-419
113000097,1234,507,727
113000098,78,99,-21
113000099,1450,769,681
113000100,161,338,-177
113000101,147,411,-264
113000102,908,421,487
113000103,3591,321,3270
113000104,1057,2911,-1854
113000105,1541,440,1101
113000106,753,133,620
113000107,1985,1058,927
113000108,1219,448,771
113000109,532,1029,-497
113000110,7289,745,6544
113000111,376,366,10
113000112,1118,299,819
113000113,2454,349,2105
113000114,170,813,-643
113000116,559,216,343
113000117,536,167,369
113000118,24,916,-892
113000119,393,360,33
113000120,89,351,-262
113000121,525,858,-333
113000124,331,109,222
113000125,25,1722,-1697
113000127,816,82,734
113000128,1429,148,1281
113000129,275,1090,-815
113000133,1800,373,1427
113000134,13,2315,-2302
113000135,5120,4770,350
113000137,760,3004,-2244
113000139,297,109,188
113000140,50,56,-6
113000141,127,64,63
113000142,264,216,48
113000143,427,79,348
113000144,192,175,17
113000145,140,69,71
113000146,157,17,140
113000147,253,35,218
113000148,434,46,388
113000149,244,205,39
113000150,551,189,362
113000151,26,14,12
113000152,84,256,-172
113000153,1009,167,842
113000154,440,2349,-1909
113000155,447,821,-374
113000156,250,117,133
113000157,377,173,204
113000158,764,76,688
113000159,1450,126,1324
113000160,650,250,400
113000161,544,123,421
113000162,1188,79,1109
113000163,147,20,127
113000164,23,182,-159
113000166,547,44,503
113000167,83,20,63
113000168,287,53,234
113000169,306,10,296
113000170,104,25,79
113000171,18,47,-29
113000172,544,18,526
113000173,61,12,49
113000174,224,118,106
113000175,1023,39,984
113000176,1044,58,986
113000177,245,75,170
113000178,281,55,226
113000179,544,23,521
113000180,1351,1798,-447
113000181,2559,962,1597
113000182,83,769,-686
113000183,184,737,-553
113000184,12,106,-94
113000189,341,272,69
113000190,212,146,66
113000192,426,2719,-2293
113000193,1641,2113,-472
113000194,1250,4886,-3636
113000195,1841,2204,-363
113000196,1020,79,941
113000197,2102,3963,-1861
113000198,182,412,-230
113000199,2564,550,2014
113000201,1208,337,871
113000202,8665,2784,5881
113000203,188,546,-358
113000204,410,3116,-2706
113000205,14,4,10
113000206,1,34,-33
113000207,139,22,117
113000208,37,33,4
113000209,17,21,-4
113000210,19,16,3
113000211,38,101,-63
113000212,23,7,16
113000213,28,87,-59
113000214,304,265,39
113000234,297,269,28
113000410,34,180,-146
113000411,1185,1347,-162
113000412,5590,927,4663
113000413,925,1281,-356
113000414,3492,13325,-9833
113000415,1992,965,1027
113000416,1544,1702,-158
113000417,725,1129,-404
113000418,4267,3181,1086
113000419,1458,1278,180
113000420,2588,5328,-2740
113000421,5018,6411,-1393
113000422,7380,9498,-2118
113000423,1081,3019,-1938
113000424,1369,8770,-7401
113000425,18,152,-134
113000428,80,9,71
113000430,3,151,-148
113000432,4945,298,4647
113000433,73,402,-329
113000434,22,79,-57
113000435,9,102,-93
113000436,10,481,-471
113000437,3137,38,3099
113000438,930,15,915
113000439,46,25,21
113000440,370,43,327
113000441,416,225,191
113000442,402,21,381
113000443,754,132,622
113000444,1185,34,1151
113000445,189,123,66
113000446,93,222,-129
113000448,290,620,-330
113000449,170,2043,-1873
113000450,799,5892,-5093
113000451,2691,780,1911
113000452,55,888,-833
113000453,9,539,-530
113000454,214,282,-68
113000455,1,825,-824
113000456,879,1698,-819
113000468,647,110,537
113000469,97,351,-254
113000470,401,11,390
113000471,8,491,-483
113000472,54,213,-159
113000474,2096,791,1305
113000475,1631,734,897
113000476,3917,2615,1302
113000477,5833,2582,3251
113000478,2731,2932,-201
113000479,249,83,166
113000480,274,195,79
113000483,0,0,0
113000485,0,0,0
113000486,0,0,0
113000487,0,0,0
113000488,0,0,0
113000489,0,0,0
113000490,0,0,0
113000491,0,0,0
113000492,0,0,0
113000493,0,0,0
113000495,299,72,227
113000496,139,236,-97
113000499,0,0,0
113000500,0,0,0
113900001,10,1776,-1766
113900002,16,123,-107
113900003,3,173,-170
113900004,2,275,-273
113900005,7,497,-490
113900006,4,151,-147
113900007,62,177,-115
113900008,24,0,24
113900009,47,0,47
113900010,45,0,45
113900011,473,0,473
113900012,208,5,203
113900013,146,6,140
113900014,1262,5,1257
113900015,0,10,-10
113900016,38,0,38
113900017,0,9,-9
113900018,55,206,-151
113900019,429,16,413
113900020,565,3,562
113900022,132,3,129
113900023,83,0,83
113900024,14,10,4
113900025,412,53,359
113900026,189,1,188
113900027,23,25,-2
113900028,7,225,-218
113900029,198,25,173
113900030,830,5,825
113900031,72,8,64
113900032,69,1,68
113900033,46,35,11
113900035,117,1,116
113900036,74,83,-9
113900037,171,1430,-1259
113900038,21,199,-178
113900039,568,19,549
113900040,5,28,-23
113900041,67,0,67
113900042,68,19,49
113900043,126,10,116
113900044,75,168,-93
113900045,127,0,127
113900046,128,411,-283
113900047,301,19,282
113900048,203,132,71
113900049,96,594,-498
113900050,378,202,176
113900051,390,46,344
113900052,59,171,-112
113900053,466,1291,-825
113900054,30,1,29
113900055,115,536,-421
113900056,112,12,100
113900057,8,20,-12
113900058,91,7,84
113900059,378,91,287
113900060,98,1979,-1881
113900061,538,79,459
113900062,160,47,113
113900063,279,18,261
113900064,20,56,-36
113900065,967,29,938
113900066,1393,70,1323
113900067,800,177,623
113900068,377,1463,-1086
113900069,71,43,28
113900070,76,146,-70
113900071,273,7,266
113900072,41,25,16
113900073,904,226,678
113900074,712,741,-29
113900075,465,3038,-2573
113900076,135,17,118
113900077,73,68,5
113900078,82,10,72
113900079,0,12,-12
113900080,645,104,541
113900081,175,46,129
113900082,399,265,134
113900083,1049,70,979
113900084,232,65,167
113900085,17,125,-108
113900086,178,47,131
113900087,145,162,-17
113900088,140,105,35
113900089,664,31,633
113900090,348,140,208
113900091,3,14,-11
113900092,39,95,-56
113900093,41,2100,-2059
113900094,1227,233,994
113900095,206,68,138
113900096,493,178,315
113900097,52,139,-87
113900098,1157,270,887
113900099,0,13,-13
113900100,0,2,-2
113900101,3,53,-50
113900102,77,94,-17
113900103,237,452,-215
113900104,75,74,1
113900105,536,18,518
113900106,0,6,-6
113900107,5,1,4
113900108,84,192,-108
113900109,291,394,-103
113900110,25,39,-14
113900111,432,60,372
113900112,373,44,329
113900113,1298,462,836
113900114,0,10,-10
113900115,0,3,-3
113900116,4,202,-198
113900117,20,16,4
113900118,135,1572,-1437
113900119,31,207,-176
113900120,231,24,207
113900121,290,35,255
113900122,110,5889,-5779
113900123,568,62,506
113900124,1,53,-52
113900125,526,65,461
113900126,95,106,-11
113900127,334,771,-437
113900128,443,64,379
113900129,2,78,-76
113900130,0,19,-19
113900131,311,17,294
113900132,28,77,-49
113900133,14,25,-11
113900135,406,170,236
113900136,65,22,43
113900137,418,147,271
113900138,23,234,-211
113900139,509,421,88
113900140,20,107,-87
113900141,1095,149,946
113900142,111,39,72
113900143,5,97,-92
113900144,58,79,-21
113900145,437,58,379
113900146,430,176,254
113900148,11,82,-71
113900149,196,200,-4
113900150,398,186,212
113900151,732,133,599
113900152,35,77,-42
113900153,99,116,-17
113900154,0,85,-85
113900155,134,215,-81
113900156,189,214,-25
113900157,95,401,-306
113900158,115,160,-45
113900159,1,270,-269
113900160,363,803,-440
113900161,177,260,-83
113900162,127,229,-102
113900163,433,77,356
113900164,625,48,577
113900165,439,279,160
113900166,10,67,-57
113900167,554,28,526
113900168,48,28,20
113900169,156,202,-46
113900171,352,63,289
113900172,61,70,-9
113900173,14,137,-123
113900174,272,290,-18
113900175,350,209,141
113900176,282,156,126
113900177,135,58,77
113900178,228,308,-80
113900179,14,117,-103
113900180,132,32,100
113900181,1470,182,1288
113900182,976,219,757
113900183,107,13,94
113900184,50,205,-155
113900185,77,14,63
113900186,13,8,5
113900187,32,49,-17
113900188,10,23,-13
113900189,296,144,152
113900190,119,32,87
113900191,6,45,-39
113900192,2,1055,-1053
113900193,5,67,-62
113900194,563,289,274
113900195,197,128,69
113900196,1,37,-36
113900197,0,53,-53
113900198,9,164,-155
113900199,23,104,-81
113900200,1,60,-59
113900201,0,76,-76
113900202,30,36,-6
113900203,0,37,-37
113900204,11,141,-130
113900205,2,14,-12
113900206,0,61,-61
113900207,0,45,-45
113900208,0,9,-9
113900209,0,10,-10
113900210,446,911,-465
113900211,188,17,171
113900212,498,171,327
113900214,115,195,-80
113900215,270,81,189
113900216,235,225,10
113900217,221,110,111
113900218,117,53,64
113900219,112,158,-46
113900220,249,226,23
113900221,331,958,-627
113900222,42,754,-712
113900223,568,108,460
113900224,34,34,0
113900225,1640,100,1540
113900226,351,147,204
113900227,279,441,-162
113900228,396,607,-211
113900229,25,1385,-1360
113900230,2123,3711,-1588
113900231,158,25,133
113900232,66,13,53
113900233,174,34,140
113900234,469,460,9
113900235,180,38,142
113900236,617,86,531
113900237,339,23,316
113900238,93,303,-210
113900239,61,85,-24
113900240,8,133,-125
113900241,47,38,9
113900242,32,64,-32
113900243,10,89,-79
113900244,112,68,44
113900245,288,163,125
113900246,8,43,-35
113900247,32,678,-646
113900248,1629,2360,-731
113900249,162,787,-625
113900250,55,544,-489
113900251,1791,60,1731
113900252,1184,17,1167
113900253,968,44,924
113900254,470,171,299
113900255,1578,15,1563
113900256,861,14,847
113900257,19,188,-169
113900258,25,158,-133
113900259,1274,82,1192
113900260,359,5,354
113900261,97,43,54
113900262,281,120,161
113900263,7,98,-91
113900264,0,78,-78
113900265,134,2518,-2384
113900266,14,82,-68
113900267,116,383,-267
113900268,71,2397,-2326
113900269,54,183,-129
113900270,218,339,-121
113900271,830,257,573
113900273,14,18,-4
113900274,87,85,2
113900275,11,26,-15
113900276,1,55,-54
113900277,566,2,564
113900278,270,129,141
113900279,83,11,72
113900280,651,495,156
113900281,82,1018,-936
113900282,128,215,-87
113900283,469,431,38
113900284,1761,156,1605
113900285,112,17,95
113900286,95,30,65
113900287,292,25,267
113900288,1,74,-73
113900289,222,172,50
113900290,482,1125,-643
113900291,161,64,97
113900292,2,13,-11
113900293,7,181,-174
113900294,1225,16,1209
113900295,400,86,314
113900296,705,205,500
113900297,2900,55,2845
113900298,44,1772,-1728
113900299,156,12,144
113900300,5216,5493,-277
113900301,222,1247,-1025
113900302,2285,1433,852
113900303,96,1643,-1547
113900304,5,123,-118
113900305,371,3,368
113900306,272,2,270
113900307,31,0,31
113900308,24,35,-11
113900309,12,186,-174
113900310,0,2,-2
113900311,57,0,57
113900312,70,166,-96
113900313,5,0,5
114000001,1205,909,296
114000002,679,208,471
114000003,308,208,100
114000004,1250,129,1121
114000005,1082,116,966
114000006,1698,652,1046
114000007,1672,559,1113
114000008,3028,1543,1485
114000009,2545,248,2297
114000011,4536,1539,2997
114000012,7014,2043,4971
114000013,3803,1912,1891
114000014,1648,73,1575
114000015,4406,264,4142
114000016,977,78,899
114000017,113,1629,-1516
114000018,144,7,137
114000026,6103,1117,4986
114000027,8080,3143,4937
114000028,2323,3453,-1130
114000038,636,147,489
114000039,169,9,160
114000040,302,676,-374
114000042,264,115,149
114000043,27,61,-34
114000044,901,17,884
114000045,63,25,38
114000046,2080,4095,-2015
114000047,10,126,-116
114000048,302,19,283
114000049,3727,1184,2543
114000050,2759,770,1989
114000051,4562,1830,2732
114000052,4576,5183,-607
114000053,23,962,-939
114000054,313,983,-670
114000055,641,203,438
114000056,143,453,-310
114000057,3721,1150,2571
114000058,125,1036,-911
114000059,67,2246,-2179
114000060,1012,627,385
114000061,3056,2425,631
114000062,504,883,-379
114000063,1651,1352,299
114000064,1914,4776,-2862
114000065,1598,1308,290
114000066,1383,811,572
114000067,42,2210,-2168
114000068,530,1217,-687
114000069,2148,281,1867
114000070,2391,880,1511
114000071,1695,245,1450
114000072,2200,609,1591
114000073,77,8,69
114000074,219,10,209
114000075,163,65,98
114000076,56,33,23
114000077,15,5,10
114000078,964,950,14
114000079,595,293,302
114000080,321,113,208
114000081,167,95,72
114000082,395,137,258
114000083,91,39,52
114000084,436,166,270
114000085,167,183,-16
114000086,482,752,-270
114000087,677,80,597
114000088,101,21,80
114000089,706,309,397
114000090,1141,880,261
114000091,1013,782,231
114000092,892,413,479
114000093,2260,412,1848
114000094,969,415,554
114000095,519,337,182
114000096,122,144,-22
114000097,205,166,39
114000098,1515,103,1412
114000099,2221,122,2099
114000100,3724,363,3361
114000101,965,301,664
114000102,1710,247,1463
114000103,292,119,173
114000104,29,382,-353
114000105,650,212,438
114000106,886,4597,-3711
114000107,813,242,571
114000108,622,457,165
114000109,1192,4040,-2848
114000110,2088,472,1616
114000111,4508,2047,2461
114000112,731,474,257
114000113,1881,266,1615
114000114,505,376,129
114000115,2787,544,2243
114000116,1375,1835,-460
114000117,7555,667,6888
114000118,7024,330,6694
114000119,6207,401,5806
114000120,1644,531,1113
114000121,629,329,300
114000122,544,332,212
114000123,5078,342,4736
114000124,3376,314,3062
114000125,1461,1398,63
114000126,3264,486,2778
114000127,451,126,325
114000128,1667,189,1478
114000130,937,464,473
114000131,738,105,633
114000132,1849,173,1676
114000133,1134,606,528
114000134,262,3,259
114000138,85,56,29
114000139,611,404,207
114000144,904,1109,-205
114000145,173,34,139
114000146,465,33,432
114000147,1212,3034,-1822
114000148,766,2527,-1761
114000149,487,307,180
114000150,373,639,-266
114000151,407,2376,-1969
114000152,98,75,23
114000153,831,1624,-793
114000154,1230,402,828
114000155,918,5766,-4848
114000156,1053,706,347
114000157,712,2342,-1630
114000158,679,402,277
114000159,561,156,405
114000160,234,177,57
114000161,1119,1129,-10
114000162,1271,2234,-963
114000163,99,16,83
114000165,506,386,120
114000166,558,222,336
114000167,2623,3838,-1215
114000168,419,157,262
114000169,1202,1063,139
114000170,1017,812,205
114000171,1483,6860,-5377
114000174,197,750,-553
114000176,178,419,-241
114000177,496,246,250
114000178,222,223,-1
114000179,1144,504,640
114000180,191,161,30
114000181,1466,10514,-9048
114000182,1010,2464,-1454
114000183,763,1718,-955
114000184,470,363,107
114000185,2448,744,1704
114000189,3263,161,3102
114000190,6032,503,5529
114000191,248,928,-680
114000192,123,398,-275
114000193,137,550,-413
114000194,4277,617,3660
114000195,698,737,-39
114000196,2,91,-89
114000197,3730,29,3701
114000198,1047,309,738
114000199,1408,1295,113
114000200,1327,656,671
114000201,318,949,-631
114000202,1379,522,857
114000203,1122,352,770
114000204,345,292,53
114000205,849,5519,-4670
114000206,1384,1073,311
114000207,503,828,-325
114000208,1074,461,613
114000209,653,790,-137
114000210,312,579,-267
114000211,3167,891,2276
114000212,1628,3130,-1502
114000213,2993,392,2601
114000214,279,23,256
114000215,285,112,173
114000216,3558,454,3104
114000217,714,241,473
114000218,986,342,644
114000219,3263,155,3108
114000220,67,452,-385
114000221,2609,208,2401
114000222,244,400,-156
114000223,1342,166,1176
114000224,70,377,-307
114000225,814,218,596
114000226,348,139,209
114000227,1390,735,655
114000228,1814,306,1508
114000229,2744,739,2005
114000230,2159,451,1708
114000231,1230,1718,-488
114000232,1806,149,1657
114000233,4208,92,4116
114000234,1976,482,1494
114000235,3067,777,2290
114000236,0,133,-133
114000237,118,311,-193
114000238,169,473,-304
114000239,226,772,-546
114000240,1388,6643,-5255
114000241,454,1005,-551
114000242,817,1303,-486
114000243,3883,1239,2644
114000244,604,451,153
114000245,659,2748,-2089
114000246,152,420,-268
114000247,788,449,339
114000248,3105,496,2609
114000249,1086,315,771
114000250,1758,166,1592
114000251,494,136,358
114000252,130,28,102
114000253,295,128,167
114000254,92,22,70
114000255,631,245,386
114000256,552,639,-87
114000257,1361,984,377
114000258,1241,283,958
114000259,391,651,-260
114000260,0,55,-55
114000261,75,40,35
114000262,842,674,168
114000263,25,0,25
114000264,3577,286,3291
114000265,0,2,-2
114000267,3,5340,-5337
114000268,2,505,-503
114000270,505,18,487
114000271,299,101,198
114000283,3633,339,3294
114000285,28,79,-51
114000288,311,329,-18
114000289,3642,186,3456
114000293,571,640,-69
114000294,379,632,-253
114000395,5295,91,5204
114000396,868,525,343
114000402,1956,111,1845
114000403,937,137,800
114000405,656,145,511
114000423,1502,91,1411
114000424,1063,201,862
114000425,2859,112,2747
114000426,573,1186,-613
114000427,91,48,43
114000428,70,64,6
114000429,25,140,-115
114000432,236,27,209
114000434,61,50,11
114000435,1,27,-26
114000436,1687,204,1483
114000437,2059,18007,-15948
114900001,1272,214,1058
114900002,514,1014,-500
114900003,1299,227,1072
114900004,297,1184,-887
114900005,713,121,592
114900006,124,277,-153
114900007,270,8,262
114900008,635,126,509
114900010,799,2464,-1665
114900011,763,95,668
114900013,761,87,674
114900015,61,1200,-1139
114900018,1459,38,1421
114900020,143,86,57
114900022,1,902,-901
114900024,149,122,27
114900025,1001,58,943
114900026,147,160,-13
114900027,193,121,72
114900029,20,7,13
114900030,521,145,376
114900031,1394,6,1388
114900032,1272,8,1264
114900033,350,2811,-2461
114900034,101,40,61
114900035,101,146,-45
114900036,295,148,147
114900037,221,40,181
114900038,559,248,311
114900039,1613,97,1516
114900040,244,21,223
114900041,2723,149,2574
114900042,2856,178,2678
114900043,723,79,644
114900044,350,90,260
114900046,33,25,8
114900047,277,6877,-6600
114900048,51,62,-11
114900049,3,41,-38
114900050,51,78,-27
114900051,19,547,-528
114900052,17,1810,-1793
114900053,47,505,-458
114900054,45,7,38
114900057,397,20,377
114900058,0,14,-14
114900059,266,70,196
114900060,239,464,-225
114900061,190,35,155
114900062,203,128,75
114900063,239,15,224
114900064,3533,142,3391
114900065,352,1036,-684
114900067,60,253,-193
114900068,35,50,-15
114900069,396,15,381
114900070,1099,90,1009
114900072,0,112,-112
114900073,0,12,-12
114900074,2222,92,2130
114900075,678,8,670
114900076,0,95,-95
114900080,446,44,402
114900082,1358,3411,-2053
114900083,217,807,-590
114900090,1106,104,1002
114900091,251,85,166
114900095,159,30,129
114900096,88,274,-186
114900097,912,2,910
114900098,2,130,-128
114900099,413,9,404
115000001,4924,1692,3232
115000002,5565,8554,-2989
115000003,5039,1384,3655
115000004,6956,6724,232
115000005,2091,2046,45
115000006,2215,1211,1004
115000007,212,150,62
115000008,499,916,-417
115000009,429,275,154
115000010,281,304,-23
115000013,31,210,-179
115000015,36,353,-317
115000016,145,196,-51
115000019,50,804,-754
115000020,312,1609,-1297
115000021,72,401,-329
115000022,244,96,148
115000023,398,791,-393
115000024,496,120,376
115000025,1297,586,711
115000026,331,129,202
115000027,608,244,364
115000028,376,207,169
115000029,1816,68,1748
115000030,791,402,389
115000031,797,221,576
115000032,15,394,-379
115000033,282,6,276
115000034,51,1678,-1627
115000035,1105,270,835
115000036,0,277,-277
115000037,1231,158,1073
115000038,76,119,-43
115000039,2109,7009,-4900
115000040,4241,3338,903
115000041,1375,7935,-6560
115000042,643,766,-123
115000043,3785,3247,538
115000044,2944,2894,50
115000045,4359,595,3764
115000046,4403,2110,2293
115000047,3968,1237,2731
115000048,4384,1853,2531
115000049,2578,3152,-574
115000050,4263,867,3396
115000051,2074,6813,-4739
115000052,1359,885,474
115000053,3645,3399,246
115000054,956,814,142
115000055,274,1404,-1130
115000056,182,304,-122
115000057,605,1451,-846
115000058,63,664,-601
115000059,100,409,-309
115000061,202,267,-65
115000062,445,571,-126
115000063,806,233,573
115000064,534,125,409
115000065,162,680,-518
115000067,448,12,436
115000069,91,368,-277
115000070,29,1493,-1464
115000071,130,40,90
115000072,12,42,-30
115000073,2316,146,2170
115000075,134,64,70
115000076,2839,1409,1430
115000077,3629,957,2672
115000078,3768,711,3057
115000079,3211,1494,1717
115000080,7065,1260,5805
115000081,221,310,-89
115000082,8576,5681,2895
115000083,4315,668,3647
115000084,4911,483,4428
115000085,2707,474,2233
115000086,2179,418,1761
115000087,844,2102,-1258
115000088,1872,421,1451
115000089,1915,997,918
115000090,601,994,-393
115000091,328,188,140
115000092,1339,1701,-362
115000093,1723,4,1719
115000094,5816,13688,-7872
115000095,3410,11503,-8093
115000096,2047,597,1450
115000097,3468,2654,814
115000098,3305,330,2975
115000099,4884,1049,3835
115000100,3200,395,2805
115000101,1000,506,494
115000102,929,144,785
115000103,516,330,186
115000105,155,44,111
115000106,1649,815,834
115000107,234,159,75
115000108,1810,1303,507
115000109,3867,7427,-3560
115000110,1156,3040,-1884
115000111,224,456,-232
115000112,650,678,-28
115000113,454,358,96
115000114,792,253,539
115000116,2763,2258,505
115000117,1624,2895,-1271
115000118,2398,3445,-1047
115000119,1925,5150,-3225
115000120,676,805,-129
115000121,501,756,-255
115000122,567,2080,-1513
115000123,1178,1130,48
115000124,1177,993,184
115000125,513,869,-356
115000126,86,351,-265
115000127,539,116,423
115000128,785,834,-49
115000129,176,1000,-824
115000130,594,564,30
115000131,1621,272,1349
115000132,1144,1314,-170
115000133,1512,1100,412
115000134,585,1033,-448
115000135,311,876,-565
115000136,361,250,111
115000137,38,341,-303
115000138,520,344,176
115000139,260,114,146
115000140,603,177,426
115000141,268,76,192
115000142,216,45,171
115000143,1325,613,712
115000144,747,45,702
115000145,359,93,266
115000146,748,833,-85
115000147,449,1295,-846
115000148,637,326,311
115000149,1096,300,796
115000150,1375,211,1164
115000151,2516,201,2315
115000152,2074,484,1590
115000153,2826,253,2573
115000154,1907,162,1745
115000155,1667,760,907
115000156,997,548,449
115000157,580,558,22
115000158,412,274,138
115000159,549,401,148
115000160,582,649,-67
115000161,1042,764,278
115000162,460,1676,-1216
115000163,468,329,139
115000164,273,382,-109
115000165,199,514,-315
115000167,184,90,94
115000168,593,588,5
115000169,475,746,-271
115000170,47,168,-121
115000171,282,320,-38
115000172,700,711,-11
115000173,319,1876,-1557
115000174,60,494,-434
115000175,207,181,26
115000176,61,138,-77
115000177,59,222,-163
115000178,5,144,-139
115000179,20,189,-169
115000180,204,206,-2
115000181,1829,192,1637
115000182,2191,264,1927
115000183,838,364,474
115000186,656,169,487
115000187,290,255,35
115000188,677,391,286
115000189,481,753,-272
115000190,884,1012,-128
115000191,325,1134,-809
115000194,138,69,69
115000195,221,351,-130
115000196,712,422,290
115000197,680,301,379
115000198,1121,233,888
115000199,1481,79,1402
115000200,1027,173,854
115000201,568,508,60
115000206,854,38,816
115000207,1164,262,902
115000208,431,1512,-1081
115000209,1169,983,186
115000210,501,244,257
115000211,449,271,178
115000212,971,324,647
115000224,287,18,269
115000225,136,49,87
115000229,119,64,55
115000230,206,246,-40
115000231,730,487,243
115000232,5360,397,4963
115000233,239,120,119
115000234,37,165,-128
115000241,314,66,248
115000242,578,43,535
115000243,511,41,470
115000244,30,117,-87
115000246,63,52,11
115000247,23,49,-26
115000248,37,2,35
115000249,31,42,-11
115000250,424,9,415
115000251,663,99,564
115000252,274,315,-41
115000253,27,858,-831
115000258,741,57,684
115000259,299,38,261
115000261,73,9,64
115000262,39,79,-40
115000263,28,58,-30
115000264,30,25,5
115000267,35,46,-11
115000268,27,20,7
115000269,115,18,97
115000270,55,27,28
115000272,177,62,115
115000273,1374,28,1346
115000280,1091,477,614
115000281,241,995,-754
115000282,673,2285,-1612
115000284,138,313,-175
115000296,496,2,494
115000297,83,355,-272
115000298,66,782,-716
115000300,388,96,292
115000302,1161,240,921
115000303,1982,80,1902
115000304,2141,118,2023
115000305,153,206,-53
115000306,597,225,372
115000307,496,445,51
115000308,4,51,-47
115000309,13,307,-294
115000310,4480,207,4273
115000311,2234,624,1610
115000313,285,101,184
115000314,951,443,508
115000315,300,1447,-1147
115000316,196,259,-63
115000317,338,325,13
115000318,1777,596,1181
115000319,231,100,131
115000320,39,601,-562
115000321,910,67,843
115000322,173,77,96
115000449,129,253,-124
115000557,4,4328,-4324
115000558,136,144,-8
115000587,1508,261,1247
115000588,1953,2633,-680
115000589,5942,2771,3171
115000590,937,2741,-1804
115000591,2271,1059,1212
115000592,628,1200,-572
115000593,2301,800,1501
115000594,312,1821,-1509
115000609,288,64,224
115000617,505,4200,-3695
115000624,760,30,730
115000633,533,1570,-1037
115000634,4088,843,3245
115000635,1116,89,1027
115000638,221,286,-65
115000641,81,647,-566
115000642,701,182,519
115000643,351,224,127
115000644,300,252,48
115000646,715,1984,-1269
115000647,395,555,-160
115000648,5803,448,5355
115000893,1440,820,620
115000894,241,555,-314
115000895,337,574,-237
115000896,1397,336,1061
115000897,489,101,388
115000898,709,308,401
115000899,301,1425,-1124
115000900,62,283,-221
115000901,83,250,-167
115000912,960,132,828
115000913,4,11,-7
115000915,11,1,10
115000916,4,0,4
115000917,0,47,-47
115000918,58,1108,-1050
115000919,19,79,-60
115000920,29,59,-30
115000921,383,112,271
115000922,265,614,-349
115000923,59,1139,-1080
115000925,302,252,50
115000927,31,142,-111
115000933,57,245,-188
115000934,101,228,-127
115000935,199,49,150
115000936,30,1597,-1567
115000937,313,223,90
115000938,18,68,-50
115000939,23,64,-41
115900001,551,4,547
115900002,67,31,36
115900003,441,57,384
115900004,2,6,-4
115900005,484,32,452
115900006,367,100,267
115900008,367,3,364
115900009,114,140,-26
115900010,1284,76,1208
115900011,454,83,371
115900012,612,7,605
115900013,653,89,564
115900014,218,46,172
115900015,490,15,475
115900016,180,49,131
115900017,266,46,220
115900018,213,9,204
115900019,127,11,116
115900020,552,0,552
115900021,428,302,126
115900022,577,76,501
115900023,8,5,3
115900025,16,435,-419
115900026,1284,38,1246
115900027,0,110,-110
115900028,151,28,123
115900029,26,94,-68
115900030,65,42,23
115900031,48,294,-246
115900032,717,642,75
115900033,0,26,-26
115900034,17,81,-64
115900035,107,11,96
115900036,38,5245,-5207
115900037,40,89,-49
115900038,69,8,61
115900039,618,134,484
115900041,127,1866,-1739
115900042,77,8,69
115900043,399,92,307
115900044,201,1298,-1097
115900046,1355,78,1277
115900047,42,247,-205
115900049,438,186,252
115900051,6,10,-4
115900052,89,65,24
115900053,1232,63,1169
115900054,813,15,798
115900055,31,25,6
115900056,754,48,706
115900057,6,26,-20
115900058,3,25,-22
115900060,91,43,48
115900061,706,4,702
115900062,92,53,39
115900063,47,21,26
115900064,139,223,-84
115900065,502,58,444
115900066,62,56,6
115900067,39,59,-20
115900068,1817,2771,-954
115900069,34,184,-150
115900070,676,26,650
115900071,0,100,-100
115900072,26,59,-33
115900073,217,202,15
115900074,6,62,-56
115900075,98,92,6
115900076,2,21,-19
115900077,1,35,-34
115900078,114,1477,-1363
115900079,813,7,806
115900080,138,27,111
115900081,51,9,42
115900082,211,1100,-889
115900084,1376,13,1363
115900085,44,49,-5
115900086,1013,453,560
115900088,1,189,-188
115900089,1158,183,975
115900090,1811,4,1807
115900091,55,21,34
115900092,110,49,61
115900093,1,20,-19
115900094,8,70,-62
115900096,18,10,8
115900097,27,97,-70
115900098,732,154,578
115900099,195,609,-414
115900100,12,111,-99
115900101,781,104,677
115900102,269,80,189
115900103,662,63,599
115900104,138,77,61
115900105,598,120,478
115900106,311,3,308
115900107,140,66,74
115900108,311,5,306
115900109,2,184,-182
115900110,20,0,20
115900111,1,30,-29
115900112,62,273,-211
115900113,143,15,128
115900114,21,29,-8
115900115,197,51,146
115900116,306,317,-11
115900117,231,3,228
115900118,0,93,-93
115900119,454,66,388
115900120,75,113,-38
115900121,465,37,428
115900124,209,1320,-1111
115900125,747,346,401
115900126,1858,104,1754
115900127,1996,95,1901
115900128,1,155,-154
115900129,1189,29,1160
115900130,5,314,-309
115900131,1074,206,868
115900132,1245,12,1233
115900134,918,18,900
115900135,216,490,-274
115900137,31,14,17
115900139,38,156,-118
115900140,833,38,795
115900141,3,47,-44
115900142,0,3,-3
115900143,533,94,439
115900144,547,113,434
115900146,20,45,-25
115900147,209,531,-322
115900148,18,27,-9
115900149,539,15,524
115900150,291,20,271
115900151,204,45,159
115900152,484,86,398
115900153,214,112,102
115900154,116,282,-166
115900155,0,10,-10
115900156,804,696,108
115900157,644,471,173
115900158,18,4,14
115900159,709,116,593
115900160,0,12,-12
115900161,47,70,-23
115900163,696,35,661
115900164,1822,23,1799
115900165,5,609,-604
115900166,245,74,171
115900168,805,103,702
115900171,240,134,106
115900172,21,83,-62
115900173,419,122,297
115900174,80,128,-48
115900175,312,92,220
115900178,20,86,-66
115900179,746,5,741
115900180,38,31,7
115900181,581,38,543
115900182,1299,58,1241
115900183,19,480,-461
115900184,377,2,375
115900187,2,203,-201
115900189,1,135,-134
115900190,338,1172,-834
115900191,14,128,-114
115900192,41,168,-127
115900193,141,967,-826
115900194,1915,42,1873
115900195,712,5050,-4338
115900198,1012,640,372
115900199,714,55,659
115900200,324,72,252
115900201,456,296,160
115900202,0,539,-539
115900203,4,1,3
115900204,0,24,-24
115900205,9,6,3
115900206,926,70,856
115900207,137,22,115
115900208,261,73,188
115900209,7,82,-75
115900210,4,916,-912
115900211,0,132,-132
115900212,578,84,494
115900213,82,290,-208
115900214,1676,62,1614
115900215,42,428,-386
115900216,3,30,-27
115900217,3,12,-9
115900218,0,8,-8
115900219,362,2,360
115900220,530,7,523
115900221,251,4,247
115900222,97,60,37
115900223,7,740,-733
115900224,1214,3858,-2644
115900225,80,106,-26
115900226,5,21,-16
115900227,47,18,29
115900228,7,27,-20
115900229,4,3,1
115900230,207,39,168
115900231,364,4,360
115900232,158,1,157
115900233,319,12,307
115900234,117,42,75
115900235,35,47,-12
115900236,27,706,-679
115900237,47,82,-35
115900238,15,41,-26
115900239,33,45,-12
115900240,28,21,7
115900241,547,24,523
115900242,448,852,-404
115900243,21,4,17
115900244,36,1,35
115900245,169,0,169
115900246,2,12,-10
115900247,0,2,-2
115900248,4,0,4
115900249,10,3,7
115900250,86,1,85
115900251,12,1,11
115900252,21,0,21
115900253,35,15,20
115900254,11,51,-40
115900255,0,39,-39
115900256,29,83,-54
115900257,1,2,-1
115900258,0,0,0
115900259,70,9,61
115900260,30,7,23
115900261,78,1,77
115900262,8,1,7
115900263,40,4,36
115900264,184,4,180
115900265,26,7,19
115900266,6,13,-7
115900267,1,51,-50
115900268,3,283,-280
115900269,2042,89,1953
115900270,727,82,645
115900271,674,0,674
115900272,113,0,113
115900273,26,59,-33
115900274,4,1,3
115900275,2,10,-8
115900276,0,9,-9
115900277,0,24,-24
115900278,121,70,51
115900279,37,362,-325
115900280,46,1799,-1753
115900281,140,274,-134
115900282,5,27,-22
115900283,2,0,2
115900284,7,1,6
116000001,4235,1204,3031
116000002,6322,21482,-15160
116000003,1160,791,369
116000004,6082,8231,-2149
116000005,947,2783,-1836
116000006,3083,7560,-4477
116000007,1585,1770,-185
116000008,7105,3246,3859
116000009,1119,812,307
116000010,4630,3329,1301
116000011,894,701,193
116000012,2709,1684,1025
116000013,3819,2190,1629
116000014,9042,32863,-23821
116000015,123,3099,-2976
116000016,3838,9171,-5333
116000017,69,739,-670
116000018,513,230,283
116000019,2496,140,2356
116000020,593,886,-293
116000021,2105,175,1930
116000022,880,335,545
116000023,3347,1964,1383
116000024,776,664,112
116000025,1424,874,550
116000026,1739,3091,-1352
116000027,899,1056,-157
116000028,642,1062,-420
116000029,393,313,80
116000030,1007,708,299
116000031,42,103,-61
116000032,403,84,319
116000033,1254,309,945
116000034,660,839,-179
116000035,447,330,117
116000036,167,1384,-1217
116000037,228,582,-354
116000038,117,857,-740
116000039,126,618,-492
116000040,554,915,-361
116000041,126,486,-360
116000042,1317,751,566
116000043,167,322,-155
116000044,4,44,-40
116000045,1283,1395,-112
116000046,936,864,72
116000047,2461,3068,-607
116000048,3367,1488,1879
116000049,2363,1960,403
116000050,1495,1033,462
116000051,3363,2288,1075
116000052,3516,2238,1278
116000053,3505,700,2805
116000054,1223,2050,-827
116000055,982,992,-10
116000056,2358,1174,1184
116000057,2270,918,1352
116000058,4171,2820,1351
116000059,3319,5680,-2361
116000060,2546,1520,1026
116000061,347,1753,-1406
116000062,936,305,631
116000063,834,2351,-1517
116000066,1003,945,58
116000067,321,270,51
116000068,182,233,-51
116000069,373,197,176
116000078,917,1148,-231
116000080,1655,334,1321
116000082,6,13,-7
116000083,2887,285,2602
116000084,1865,1287,578
116000085,2174,3083,-909
116000086,854,293,561
116000087,4733,2140,2593
116000088,3099,892,2207
116000089,245,177,68
116000090,441,117,324
116000091,251,1097,-846
116000093,1324,223,1101
116000094,1688,765,923
116000095,1405,372,1033
116000096,3571,6619,-3048
116000097,1979,457,1522
116000098,86,17672,-17586
116000099,10215,811,9404
116000100,469,36,433
116000101,3346,307,3039
116000102,534,442,92
116000103,956,488,468
116000104,335,1439,-1104
116000105,3028,109,2919
116000106,1008,5440,-4432
116000107,4422,1139,3283
116000108,77,4317,-4240
116000111,367,29,338
116000113,193,46,147
116000114,62,63,-1
116000115,501,170,331
116000116,411,117,294
116000117,2581,1226,1355
116000118,2363,605,1758
116000119,6882,1421,5461
116000120,2666,1774,892
116000121,1893,346,1547
116000122,1098,481,617
116000123,2517,583,1934
116000124,1069,281,788
116000125,5288,476,4812
116000126,744,367,377
116000127,1421,531,890
116000128,3639,592,3047
116000129,2662,85,2577
116000130,1582,850,732
116000133,4242,495,3747
116000134,2099,624,1475
116000135,5146,900,4246
116000136,1144,927,217
116000137,1719,629,1090
116000138,956,317,639
116000139,2643,3434,-791
116000140,357,489,-132
116000141,1670,492,1178
116000142,4155,2005,2150
116000143,3148,1926,1222
116000144,3364,1928,1436
116000145,5151,931,4220
116000146,1723,143,1580
116000147,353,274,79
116000148,1593,1357,236
116000149,734,415,319
116000151,1160,551,609
116000153,203,474,-271
116000155,298,455,-157
116000156,1778,686,1092
116000157,131,8,123
116000158,884,146,738
116000159,35,10,25
116000160,130,30,100
116000161,6,86,-80
116000162,67,600,-533
116000163,131,14,117
116000164,67,21,46
116000177,184,3638,-3454
116000194,124,319,-195
116000195,4611,545,4066
116000196,255,83,172
116000197,166,99,67
116000198,2634,1280,1354
116000200,712,1199,-487
116000201,974,377,597
116000202,36,681,-645
116000203,0,28,-28
116000204,7,20,-13
116000205,0,95,-95
116000206,1,497,-496
116000207,28,505,-477
116000233,134,271,-137
116000287,717,93,624
116000288,837,267,570
116000292,246,177,69
116000296,10,98,-88
116000297,211,8,203
116000304,726,23,703
116000305,2,62,-60
116000346,775,154,621
116000352,228,78,150
116000354,136,46,90
116000357,23,54,-31
116000358,1097,383,714
116000361,14,1,13
116000372,3106,10417,-7311
116000381,541,1,540
116000388,13,77,-64
116000389,1302,144,1158
116000445,2737,232,2505
116000446,1549,135,1414
116000447,31,874,-843
116000448,729,57,672
116000563,659,1063,-404
116000565,164,174,-10
116000566,3,6,-3
116000568,66,899,-833
116000579,144,205,-61
116000584,121,4,117
116000585,206,78,128
116000586,78,127,-49
116000587,488,165,323
116000589,128,51,77
116000590,241,52,189
116000591,588,100,488
116000592,12,12,0
116000593,1,18,-17
116000594,3149,158,2991
116000595,1654,53,1601
116000596,538,8,530
116000597,1336,448,888
116000598,295,158,137
116000602,16,1707,-1691
116000605,363,68,295
116000606,135,869,-734
116000607,1,59,-58
116000609,63,2472,-2409
116000611,455,148,307
116000612,3038,2757,281
116000613,1292,385,907
116000614,958,125,833
116000615,0,335,-335
116000616,241,86,155
116000617,398,13,385
116000618,11,44,-33
116000619,44,210,-166
116000620,756,155,601
116000621,126,71,55
116000622,202,84,118
116000624,140,765,-625
116000627,237,31,206
116000628,419,146,273
116000629,146,125,21
116000630,2498,49,2449
116000631,1373,47,1326
116000632,2316,58,2258
116000633,52,211,-159
116000634,2246,9,2237
116000635,1748,2116,-368
116000636,182,1029,-847
116000637,1123,7,1116
116000638,5,250,-245
116900001,214,83,131
116900002,331,3,328
116900003,194,4,190
116900004,69,204,-135
116900005,625,24,601
116900006,121,391,-270
116900007,45,147,-102
116900008,1534,125,1409
116900009,27,45,-18
116900010,6,312,-306
116900011,13,20,-7
116900012,142,467,-325
116900013,1,94,-93
116900014,379,41,338
116900015,1610,44,1566
116900016,642,3,639
116900017,2,225,-223
116900018,157,139,18
116900019,0,128,-128
116900020,475,4321,-3846
116900023,59,55,4
116900024,2079,16,2063
116900025,2982,429,2553
116900026,30,192,-162
116900027,230,32,198
116900028,2,26,-24
116900029,3,370,-367
116900031,8,1,7
116900032,6,99,-93
116900033,80,11,69
116900034,8,8,0
116900035,383,99,284
116900036,28,114,-86
116900038,17,6,11
116900041,202,8,194
116900042,362,155,207
116900043,56,26,30
116900047,112,624,-512
116900049,77,145,-68
116900050,59,148,-89
116900051,815,70,745
116900052,356,181,175
116900055,0,37,-37
116900057,27,111,-84
116900058,19,131,-112
116900059,1,17,-16
116900060,250,299,-49
116900062,7,271,-264
116900064,175,113,62
116900065,6,68,-62
116900067,138,21,117
116900068,251,120,131
116900070,44,7,37
116900072,70,70,0
116900073,17,63,-46
116900074,21,34,-13
116900076,42,290,-248
116900077,0,41,-41
116900078,200,31,169
116900079,108,78,30
116900080,1,34,-33
116900081,173,470,-297
116900082,297,1166,-869
116900083,6,5,1
116900084,100,33,67
116900085,11,55,-44
116900086,11,139,-128
116900088,347,6,341
116900090,21,2,19
116900091,1405,18,1387
116900092,89,215,-126
116900093,2154,1564,590
116900094,4102,9634,-5532
116900095,680,244,436
116900096,210,722,-512
116900097,1433,7020,-5587
116900098,547,215,332
116900099,281,413,-132
116900100,2703,229,2474
116900101,215,510,-295
116900103,7,0,7
116900104,16,210,-194
116900105,821,421,400
116900106,7660,57,7603
116900107,1119,5315,-4196
116900110,45,1,44
116900111,1641,404,1237
116900112,521,291,230
116900113,1250,4884,-3634
116900116,27,545,-518
116900117,526,811,-285
116900118,713,1374,-661
116900120,904,67,837
116900121,578,40,538
116900122,2738,615,2123
116900123,1332,531,801
116900124,138,178,-40
116900125,1025,80,945
116900126,147,1514,-1367
116900128,0,17,-17
116900129,0,281,-281
116900130,892,9329,-8437
116900131,96,344,-248
116900132,145,116,29
116900133,522,133,389
116900134,402,178,224
116900136,343,635,-292
116900137,378,145,233
116900138,133,110,23
116900139,32,123,-91
116900140,183,39,144
116900141,690,75,615
116900142,4,47,-43
116900143,968,77,891
116900144,122,13,109
116900145,218,106,112
116900147,211,1035,-824
116900148,3,20,-17
116900149,114,306,-192
116900150,5,4,1
116900151,83,38,45
116900153,275,203,72
116900154,346,1170,-824
116900155,122,118,4
116900157,2274,43,2231
116900158,174,466,-292
116900159,143,520,-377
116900160,1432,638,794
116900161,3096,17419,-14323
116900162,59,141,-82
116900163,801,53,748
116900164,174,49,125
116900165,1097,394,703
116900166,154,143,11
116900167,1122,23,1099
116900168,1342,28,1314
116900169,116,769,-653
116900170,999,302,697
116900171,89,115,-26
116900172,143,1136,-993
116900173,1076,10,1066
116900174,41,288,-247
116900175,710,297,413
116900178,99,68,31
116900179,68,804,-736
116900180,168,4,164
116900182,1013,165,848
116900183,329,191,138
116900185,53,10,43
116900186,284,50,234
116900187,99,109,-10
116900188,434,7,427
116900189,176,6,170
116900191,106,133,-27
116900192,791,202,589
116900194,155,2450,-2295
116900195,40,9,31
116900196,3,26,-23
116900197,256,18,238
116900198,89,1421,-1332
116900200,231,2,229
116900201,702,5,697
116900202,104,15,89
116900203,404,5,399
116900204,39,531,-492
116900206,44,3,41
116900207,17,23,-6
116900208,3,74,-71
116900209,61,21,40
116900210,481,215,266
116900211,278,7,271
116900212,312,3,309
116900213,265,77,188
116900214,629,210,419
116900215,44,14,30
116900216,436,153,283
116900218,0,161,-161
116900219,828,133,695
116900220,163,196,-33
116900221,279,324,-45
116900222,424,240,184
116900223,30,44,-14
116900226,489,20,469
116900227,806,29,777
116900228,873,112,761
116900230,149,63,86
116900231,143,181,-38
116900232,70,271,-201
116900233,709,159,550
116900234,53,16,37
116900235,172,159,13
116900238,444,93,351
116900239,15,1895,-1880
116900240,4039,6902,-2863
116900241,118,41,77
116900242,708,1804,-1096
116900243,0,63,-63
116900245,104,115,-11
116900246,109,13,96
116900247,2023,50,1973
116900248,128,11,117
116900249,1641,46,1595
116900250,996,90,906
116900251,293,2678,-2385
116900252,815,618,197
116900253,446,34,412
116900254,144,183,-39
116900255,173,283,-110
116900256,1137,295,842
116900257,114,717,-603
116900258,13,19,-6
116900259,628,67,561
116900260,3,29,-26
116900261,97,4,93
116900262,192,182,10
116900263,3,4,-1
116900264,5,6,-1
116900265,236,0,236
116900266,43,3,40
116900267,48,1,47
116900268,38,500,-462
116900269,508,1179,-671
116900271,544,1711,-1167
116900272,305,276,29
116900273,26,166,-140
116900274,328,21,307
116900275,613,112,501
116900276,403,780,-377
116900277,201,123,78
116900278,7,4,3
116900279,6,12,-6
116900280,172,14,158
116900281,2533,13374,-10841
116900282,1,40,-39
116900283,1,16,-15
116900284,7,83,-76
116900285,95,899,-804
116900286,151,0,151
116900287,20,32,-12
116900288,341,48,293
116900289,94,1,93
116900290,29,7,22
116900291,66,11,55
116900292,0,25,-25
116900293,277,5,272
116900294,13,69,-56
116900295,380,210,170
116900296,86,136,-50
116900297,2,82,-80
116900298,33,106,-73
116900299,3,138,-135
116900300,0,93,-93
116900301,17,370,-353
116900302,21,72,-51
116900303,187,213,-26
116900304,0,285,-285
116900305,18,33,-15
116900306,588,54,534
117000001,4337,4816,-479
117000002,2280,3199,-919
117000003,7388,2970,4418
117000004,2461,3689,-1228
117000005,5292,1924,3368
117000006,1331,1812,-481
117000007,11121,1266,9855
117000008,1682,2508,-826
117000009,6023,1799,4224
117000010,1105,2154,-1049
117000011,5676,1887,3789
117000012,2566,1941,625
117000013,3858,1419,2439
117000014,2122,2572,-450
117000015,5061,2501,2560
117000016,293,284,9
117000017,93,365,-272
117000018,163,1448,-1285
117000019,46,3,43
117000020,487,4386,-3899
117000021,1484,439,1045
117000022,76,497,-421
117000023,98,596,-498
117000024,155,891,-736
117000025,238,3244,-3006
117000026,2368,3864,-1496
117000027,830,2742,-1912
117000028,693,1609,-916
117000030,336,430,-94
117000031,609,244,365
117000032,1849,1763,86
117000033,2529,1114,1415
117000034,560,266,294
117000035,500,289,211
117000036,913,343,570
117000037,436,183,253
117000038,420,438,-18
117000039,266,391,-125
117000040,99,496,-397
117000041,2389,98,2291
117000044,19,313,-294
117000045,1639,717,922
117000046,298,1000,-702
117000047,875,1155,-280
117000048,1444,808,636
117000049,76,375,-299
117000050,1539,2384,-845
117000051,4747,131,4616
117000052,189,164,25
117000053,2674,13,2661
117000054,3074,12,3062
117000055,1,746,-745
117000056,929,27,902
117000057,1746,2185,-439
117000060,464,811,-347
117000061,3723,2177,1546
117000062,206,665,-459
117000063,2221,731,1490
117000064,580,411,169
117000066,387,705,-318
117000067,125,693,-568
117000074,17,232,-215
117000076,80,77,3
117000077,253,171,82
117000078,167,1420,-1253
117000079,541,253,288
117000080,0,417,-417
117000081,908,196,712
117000082,26,172,-146
117000083,134,34,100
117000084,302,1,301
117000085,813,1938,-1125
117000086,1021,584,437
117000087,228,741,-513
117000088,975,193,782
117000089,4999,186,4813
117000090,710,564,146
117000091,2813,159,2654
117000092,814,579,235
117000093,3994,265,3729
117000094,1520,683,837
117000095,6029,357,5672
117000096,1370,658,712
117000097,4727,754,3973
117000098,2945,1400,1545
117000099,8277,749,7528
117000100,448,309,139
117000101,386,480,-94
117000102,3436,381,3055
117000103,831,700,131
117000104,3772,451,3321
117000105,813,734,79
117000106,3721,319,3402
117000107,955,1047,-92
117000108,4546,964,3582
117000109,899,1391,-492
117000110,2398,2996,-598
117000111,5921,4343,1578
117000112,7045,1135,5910
117000113,193,97,96
117000114,503,838,-335
117000115,97,40,57
117000116,327,545,-218
117000117,1791,950,841
117000118,808,496,312
117000119,201,569,-368
117000120,19,693,-674
117000121,7,1068,-1061
117000122,1292,2115,-823
117000123,2376,62,2314
117000124,35,155,-120
117000125,39,435,-396
117000126,53,73,-20
117000127,231,643,-412
117000128,134,1017,-883
117000129,231,974,-743
117000130,154,0,154
117000131,0,117,-117
117000132,9689,21,9668
117000133,7450,62,7388
117000134,0,101,-101
117000135,1,131,-130
117000136,0,13,-13
117000137,442,109,333
117000138,2,945,-943
117000140,716,548,168
117000141,3317,494,2823
117000181,388,152,236
117000182,2578,3111,-533
117000195,527,286,241
117000196,660,248,412
117000225,50,342,-292
117000226,2,235,-233
117000276,977,44,933
117000277,0,96,-96
117000310,1123,3974,-2851
117000315,233,1164,-931
117000320,102,0,102
117000906,1241,23,1218
117000907,2,98,-96
117000908,3,232,-229
117000909,164,123,41
117000910,403,109,294
117000911,54,221,-167
117000915,5,128,-123
117000916,152,10,142
117000917,2390,118,2272
117000918,328,311,17
117000919,1,108,-107
117000920,2,2348,-2346
117000921,0,370,-370
117000922,101,50,51
117000924,2085,1111,974
117000926,583,235,348
117000927,302,653,-351
117000928,0,150,-150
117000929,994,86,908
117000930,1782,12,1770
117000931,140,71,69
117900002,145,1260,-1115
117900003,116,147,-31
117900005,2,249,-247
117900006,0,35,-35
117900007,420,76,344
117900008,0,26,-26
117900010,728,58,670
117900011,18,696,-678
117900012,217,55,162
117900013,2,1112,-1110
117900014,1304,117,1187
117900015,40,78,-38
117900016,1236,2073,-837
117900017,1703,294,1409
117900018,536,496,40
117900019,1762,212,1550
117900020,41,234,-193
117900021,63,138,-75
117900022,27,2,25
117900023,2827,179,2648
117900024,229,230,-1
117900025,47,1,46
117900026,917,266,651
117900028,144,19,125
117900029,762,300,462
117900030,509,607,-98
117900031,600,491,109
117900032,1900,705,1195
117900033,1054,284,770
117900034,197,31,166
117900035,526,1806,-1280
117900036,656,180,476
117900037,420,60,360
117900038,258,108,150
117900039,0,93,-93
117900040,601,88,513
117900041,0,34,-34
117900042,3025,717,2308
117900043,0,21,-21
117900044,114,7108,-6994
117900045,592,121,471
117900048,521,270,251
117900049,552,325,227
117900050,6,439,-433
117900051,56,53,3
117900052,165,956,-791
117900053,3277,172,3105
117900054,0,5,-5
117900055,1503,371,1132
117900056,59,187,-128
117900057,1753,918,835
117900058,13,94,-81
117900059,170,238,-68
117900060,5925,2761,3164
117900061,13,440,-427
117900063,907,271,636
117900065,380,1331,-951
117900066,14,264,-250
117900067,1726,243,1483
117900069,2055,132,1923
117900070,40,488,-448
117900071,426,126,300
117900073,1973,120,1853
117900074,10,639,-629
117900075,274,91,183
117900076,13,127,-114
117900077,1532,112,1420
117900078,828,579,249
117900080,406,18,388
117900081,528,147,381
117900082,1651,344,1307
117900083,1767,544,1223
117900086,365,61,304
117900087,308,21,287
117900088,894,769,125
117900089,4600,566,4034
117900090,1479,728,751
117900091,199,50,149
117900092,428,51,377
117900093,263,17,246
117900094,123,47,76
117900095,1148,787,361
117900096,456,330,126
117900097,405,114,291
117900098,258,47,211
117900099,632,808,-176
117900100,1845,3,1842
117900101,1426,3849,-2423
117900102,217,22,195
117900103,184,3,181
117900104,11,407,-396
117900105,72,230,-158
117900106,166,19,147
117900107,240,2,238
117900109,2733,802,1931
117900110,700,2,698
117900111,2600,260,2340
117900112,275,12,263
117900113,2353,3951,-1598
117900114,141,1,140
117900115,11,215,-204
117900116,1654,465,1189
117900117,1817,182,1635
117900118,618,2,616
117900119,734,9,725
117900120,1471,8,1463
117900121,180,40,140
117900122,1142,11104,-9962
117900123,1605,595,1010
117900124,372,1365,-993
117900125,2327,885,1442
117900126,284,169,115
117900127,1630,303,1327
117900128,907,437,470
117900129,411,0,411
117900130,1512,1662,-150
117900131,19,161,-142
117900132,16,49,-33
117900133,26,23,3
117900134,252,347,-95
117900135,118,157,-39
117900136,0,1,-1
117900137,235,115,120
117900138,0,6,-6
117900139,107,99,8
117900140,5303,1080,4223
117900141,50,298,-248
117900142,26,496,-470
117900144,23,752,-729
117900145,5,527,-522
117900146,110,548,-438
117900147,193,135,58
117900148,2920,4581,-1661
117900149,73,162,-89
117900150,219,86,133
117900151,104,148,-44
117900152,64,152,-88
117900153,56,267,-211
117900154,951,466,485
117900156,302,277,25
117900157,114,289,-175
117900158,728,61,667
117900160,1722,749,973
117900161,1230,417,813
117900162,993,344,649
117900163,37,932,-895
117900165,0,1,-1
117900166,27,191,-164
117900168,196,198,-2
117900169,1,45,-44
117900170,0,31,-31
117900171,14,11,3
117900172,37,13,24
117900173,87,28,59
117900174,36,27,9
117900175,3,34,-31
117900176,40,13,27
117900177,85,20,65
117900178,125,60,65
117900180,368,26,342
117900181,175,921,-746
117900182,1,133,-132
117900183,336,152,184
117900184,89,105,-16
117900185,70,57,13
117900186,96,8,88
117900187,50,5,45
117900188,547,136,411
117900189,297,50,247
117900190,34,1,33
117900191,206,2,204
117900192,796,0,796
117900193,34,51,-17
117900194,16,5,11
117900195,30,830,-800
117900196,94,42,52
117900207,176,241,-65
117900208,110,21,89
117900209,406,63,343
117900210,204,45,159
117900211,3,57,-54
117900212,353,100,253
117900213,97,40,57
117900214,17,9,8
117900215,89,19,70
117900216,7,76,-69
117900217,93,208,-115
117900218,102,135,-33
117900219,0,187,-187
117900220,9,246,-237
117900222,357,157,200
117900223,187,574,-387
118000001,809,2116,-1307
118000002,636,1216,-580
118000003,2151,4099,-1948
118000004,1162,3366,-2204
118000005,4235,2530,1705
118000006,2415,3441,-1026
118000007,5840,11056,-5216
118000008,967,9930,-8963
118000009,1787,3895,-2108
118000010,3887,4126,-239
118000011,3904,1480,2424
118000012,1317,2949,-1632
118000013,3031,2951,80
118000014,1892,1750,142
118000016,428,161,267
118000017,1000,435,565
118000018,505,158,347
118000019,1280,1991,-711
118000020,475,1811,-1336
118000021,472,1973,-1501
118000022,1284,495,789
118000023,536,328,208
118000024,668,770,-102
118000027,9043,6435,2608
118000029,637,1004,-367
118000032,348,1993,-1645
118000033,1738,3986,-2248
118000034,2656,2728,-72
118000035,1975,1903,72
118000036,1211,944,267
118000037,1025,1323,-298
118000038,1028,53,975
118000039,208,111,97
118000040,3305,1251,2054
118000041,5210,1912,3298
118000045,144,176,-32
118000046,536,1313,-777
118000047,556,2307,-1751
118000048,1472,3431,-1959
118000051,1195,3558,-2363
118000052,351,1188,-837
118000053,462,2034,-1572
118000054,3137,2135,1002
118000055,2160,1763,397
118000056,81,797,-716
118000057,175,1323,-1148
118000058,2190,5143,-2953
118000059,1364,3275,-1911
118000060,2041,1644,397
118000061,2050,1741,309
118000062,583,199,384
118000063,495,846,-351
118000064,822,1839,-1017
118000065,2465,1993,472
118000066,1251,2770,-1519
118000067,500,774,-274
118000068,841,12470,-11629
118000069,1356,1330,26
118000070,7486,2633,4853
118000071,4179,14762,-10583
118000072,711,4949,-4238
118000073,424,2312,-1888
118000074,466,1157,-691
118000075,843,486,357
118000076,1987,10051,-8064
118000077,1173,1132,41
118000078,2901,2719,182
118000079,182,626,-444
118000080,423,677,-254
118000081,1719,1473,246
118000082,414,1121,-707
118000083,1385,1417,-32
118000084,1378,3754,-2376
118000086,148,891,-743
118000087,4019,2800,1219
118000088,1582,1678,-96
118000089,4033,4074,-41
118000090,1456,4846,-3390
118000091,1534,7293,-5759
118000092,734,724,10
118000093,75,812,-737
118000096,889,404,485
118000097,1010,515,495
118000098,337,206,131
118000099,1013,288,725
118000101,2715,401,2314
118000102,541,378,163
118000107,1765,263,1502
118000108,796,9427,-8631
118000110,0,21,-21
118000111,0,79,-79
118000112,2647,38,2609
118000113,4,418,-414
118000114,2501,63,2438
118000115,29,11,18
118000116,72,0,72
118000117,824,653,171
118000118,1877,1193,684
118000119,2179,1393,786
118000120,1559,998,561
118000121,12,404,-392
118000122,462,210,252
118000123,75,261,-186
118000125,1017,1268,-251
118000126,997,3021,-2024
118000127,1657,1045,612
118000128,476,2632,-2156
118000129,1890,1143,747
118000130,1965,3259,-1294
118000131,309,710,-401
118000132,3240,2966,274
118000133,2224,809,1415
118000135,1131,1075,56
118000136,119,890,-771
118000137,520,79,441
118000138,700,367,333
118000139,803,106,697
118000140,4967,11640,-6673
118000141,4212,1657,2555
118000142,4601,2264,2337
118000143,4688,2669,2019
118000144,734,498,236
118000145,1692,1233,459
118000146,2051,278,1773
118000147,1721,686,1035
118000148,1408,1826,-418
118000149,1205,438,767
118000150,1599,209,1390
118000151,1259,264,995
118000153,2922,771,2151
118000154,3000,767,2233
118000155,3877,1143,2734
118000156,2350,4802,-2452
118000157,801,333,468
118000158,271,771,-500
118000159,62,171,-109
118000160,1277,364,913
118000161,979,330,649
118000162,2379,889,1490
118000163,1755,1109,646
118000164,2420,1475,945
118000168,593,2353,-1760
118000169,1202,917,285
118000170,3418,2540,878
118000171,639,443,196
118000172,46,164,-118
118000173,1073,1352,-279
118000175,253,198,55
118000176,611,242,369
118000177,505,345,160
118000178,45,22,23
118000179,779,764,15
118000180,621,392,229
118000181,549,161,388
118000182,333,104,229
118000183,305,240,65
118000184,2504,463,2041
118000185,480,2684,-2204
118000186,486,1588,-1102
118000187,3974,374,3600
118000188,1952,65,1887
118000189,2389,166,2223
118000190,7,3,4
118000191,45,18,27
118000192,15,178,-163
118000193,7,193,-186
118000194,2462,1413,1049
118000195,230,3701,-3471
118000196,83,783,-700
118000197,89,394,-305
118000198,206,1952,-1746
118000199,299,1300,-1001
118000200,100,811,-711
118000201,114,999,-885
118000202,31,774,-743
118000203,244,2034,-1790
118000204,40,764,-724
118000205,61,338,-277
118000206,380,308,72
118000207,0,83,-83
118000208,2420,1606,814
118000209,2913,492,2421
118000210,536,15,521
118000211,383,33,350
118000213,590,4390,-3800
118000214,341,908,-567
118000215,572,117,455
118000216,11103,2298,8805
118000217,16,63,-47
118000218,116,24,92
118000219,298,319,-21
118000220,105,39,66
118000221,1882,1582,300
118000222,129,4,125
118000223,140,51,89
118000224,128,69,59
118000225,349,681,-332
118000226,2865,177,2688
118000227,673,522,151
118000228,47,313,-266
118000229,39,643,-604
118000230,179,164,15
118000231,94,216,-122
118000232,1341,226,1115
118000233,2552,423,2129
118000234,924,76,848
118000236,339,333,6
118000237,287,126,161
118000238,334,60,274
118000239,650,304,346
118000240,100,118,-18
118000241,563,150,413
118000242,1000,128,872
118000243,459,121,338
118000244,111,37,74
118000246,1,74,-73
118000255,69,412,-343
118000256,276,217,59
118000259,31,150,-119
118000260,568,30,538
118000261,145,15,130
118000263,153,250,-97
118000266,315,118,197
118000267,0,146,-146
118000268,517,30,487
118000270,384,3,381
118000271,548,129,419
118000272,82,40,42
118000273,698,51,647
118000274,81,201,-120
118000276,699,129,570
118000295,60,174,-114
118000298,189,169,20
118000299,61,45,16
118000301,0,35,-35
118000302,135,11,124
118000311,2454,59,2395
118000312,808,64,744
118000313,120,54,66
118000314,302,14,288
118000315,211,30,181
118000316,1425,205,1220
118000325,230,15,215
118000326,107,46,61
118000331,137,3,134
118000332,55,19,36
118000333,104,36,68
118000335,1706,9,1697
118000336,0,201,-201
118000407,818,21,797
118000457,2,47,-45
118000465,657,3357,-2700
118000480,167,53,114
118000489,16,1026,-1010
118000490,12,203,-191
118000492,1087,328,759
118000510,80,12,68
118000514,91,278,-187
118000515,1055,2622,-1567
118000517,302,195,107
118000524,240,491,-251
118000525,509,662,-153
118000530,24,224,-200
118000531,905,255,650
118000532,283,129,154
118000533,332,79,253
118000534,890,235,655
118000535,594,46,548
118000536,42,458,-416
118000537,68,103,-35
118000538,41,58,-17
118000539,21,195,-174
118000540,345,171,174
118000541,190,145,45
118000542,202,320,-118
118000543,523,240,283
118000546,122,23,99
118000560,751,4041,-3290
118000562,181,62,119
118000563,1696,1780,-84
118000576,279,31,248
118000577,225,203,22
118000578,125,29,96
118000579,470,2829,-2359
118000595,275,65,210
118000596,0,194,-194
118000597,347,90,257
118000598,67,0,67
118000599,290,49,241
118000600,0,16,-16
118000601,82,0,82
118000602,0,14,-14
118000603,0,11,-11
118900001,583,1614,-1031
118900002,858,1220,-362
118900003,1274,5,1269
118900004,207,42,165
118900005,105,4,101
118900006,359,5,354
118900007,3,2,1
118900008,835,33,802
118900009,236,177,59
118900010,182,24,158
118900011,226,9,217
118900012,422,166,256
118900013,1391,1035,356
118900015,755,36,719
118900016,8,8,0
118900017,48,295,-247
118900018,1216,41,1175
118900019,1,10,-9
118900020,31,76,-45
118900021,256,584,-328
118900022,264,11,253
118900023,76,96,-20
118900024,179,143,36
118900025,51,236,-185
118900026,91,14,77
118900027,454,272,182
118900028,268,126,142
118900029,331,314,17
118900030,1708,170,1538
118900031,274,47,227
118900032,148,60,88
118900033,536,773,-237
118900034,419,45,374
118900035,188,87,101
118900036,1872,381,1491
118900037,524,847,-323
118900038,979,36,943
118900039,2076,399,1677
118900040,441,87,354
118900041,1377,120,1257
118900042,164,43,121
118900045,245,281,-36
118900046,349,277,72
118900047,239,547,-308
118900048,80,502,-422
118900049,49,11,38
118900050,314,12,302
118900051,112,119,-7
118900052,291,468,-177
118900053,7,57,-50
118900054,219,122,97
118900055,445,6,439
118900056,48,233,-185
118900057,1077,824,253
118900058,866,450,416
118900059,12,61,-49
118900060,229,324,-95
118900062,441,97,344
118900064,155,1010,-855
118900065,162,269,-107
118900066,168,72,96
118900067,2801,6486,-3685
118900068,9,733,-724
118900069,1119,148,971
118900071,3,7,-4
118900072,858,1289,-431
118900073,510,63,447
118900074,295,60,235
118900075,599,9,590
118900076,231,57,174
118900077,747,135,612
118900078,1,1,0
118900079,41,114,-73
118900080,282,83,199
118900081,50,38,12
118900082,3610,362,3248
118900083,27,0,27
118900084,34,2,32
118900085,353,213,140
118900086,80,142,-62
118900087,184,1678,-1494
118900088,0,5,-5
118900089,74,20,54
118900090,286,86,200
118900091,230,303,-73
118900092,530,17,513
118900093,119,13,106
118900096,159,9,150
118900097,549,257,292
118900099,32,111,-79
118900100,60,92,-32
118900101,702,152,550
118900102,97,89,8
118900103,23,84,-61
118900104,749,89,660
118900105,234,57,177
118900107,53,31,22
118900108,188,203,-15
118900110,1579,1916,-337
118900111,1389,698,691
118900112,467,335,132
118900113,163,405,-242
118900114,18,63,-45
118900115,289,289,0
118900116,175,74,101
118900117,199,29,170
118900118,672,125,547
118900119,253,123,130
118900120,88,243,-155
118900121,70,80,-10
118900122,6,927,-921
118900123,92,244,-152
118900124,272,250,22
118900126,71,218,-147
118900129,465,91,374
118900130,56,89,-33
118900131,786,247,539
118900132,489,192,297
118900133,16,158,-142
118900135,368,94,274
118900136,449,159,290
118900137,5,88,-83
118900139,831,463,368
118900140,673,210,463
118900141,157,200,-43
118900144,214,98,116
118900145,11,248,-237
118900146,644,342,302
118900147,95,408,-313
118900148,32,43,-11
118900150,83,764,-681
118900152,707,254,453
118900157,28,172,-144
118900158,279,35,244
118900159,0,117,-117
118900161,117,26,91
118900163,55,43,12
118900164,0,35,-35
118900165,218,76,142
118900166,6,0,6
118900167,81,70,11
118900168,37,135,-98
118900169,451,163,288
118900170,791,53,738
118900171,115,17,98
118900174,29,37,-8
118900175,784,364,420
118900176,275,506,-231
118900177,192,10,182
118900178,90,42,48
118900179,6,22,-16
118900181,223,52,171
118900182,19,62,-43
118900183,29,206,-177
118900184,254,24,230
118900185,164,17,147
118900186,62,68,-6
118900187,204,376,-172
118900188,374,176,198
118900189,32,655,-623
118900190,167,93,74
118900191,991,48,943
118900192,1194,59,1135
118900193,2478,7,2471
118900195,213,467,-254
118900196,49,114,-65
118900197,809,12,797
118900198,90,0,90
118900199,187,2,185
118900200,81,55,26
118900201,70,83,-13
118900202,2,31,-29
118900203,128,9,119
118900204,34,5,29
118900205,0,8,-8
118900206,1,7,-6
119000001,2478,1788,690
119000002,4739,3849,890
119000003,8657,1027,7630
119000004,5051,2485,2566
119000005,3467,3741,-274
119000006,6815,3492,3323
119000007,6134,5063,1071
119000008,2777,2524,253
119000009,3015,10587,-7572
119000010,5304,7312,-2008
119000011,2445,3469,-1024
119000012,1457,5324,-3867
119000013,4171,2096,2075
119000014,3389,3852,-463
119000019,477,285,192
119000020,4481,2002,2479
119000021,8109,4270,3839
119000022,2054,6145,-4091
119000023,207,408,-201
119000024,2240,29193,-26953
119000025,4222,1751,2471
119000026,38,794,-756
119000027,117,672,-555
119000028,2500,783,1717
119000029,16,225,-209
119000030,908,871,37
119000031,2215,834,1381
119000032,1990,1406,584
119000033,3803,918,2885
119000034,3082,602,2480
119000035,49,208,-159
119000036,5228,344,4884
119000037,3022,666,2356
119000038,559,317,242
119000039,1033,706,327
119000040,836,1173,-337
119000041,1463,2552,-1089
119000048,2410,959,1451
119000049,4523,1436,3087
119000050,1420,3383,-1963
119000051,3521,1683,1838
119000052,2911,2308,603
119000053,3019,1111,1908
119000054,5159,993,4166
119000055,9476,1000,8476
119000056,5782,1080,4702
119000057,2625,547,2078
119000058,1868,770,1098
119000059,925,672,253
119000060,3708,520,3188
119000061,1237,335,902
119000062,1428,542,886
119000063,1011,678,333
119000064,865,672,193
119000065,1537,2959,-1422
119000066,2345,1100,1245
119000067,2477,865,1612
119000068,3265,538,2727
119000069,3441,984,2457
119000070,6269,308,5961
119000071,958,327,631
119000072,4877,2687,2190
119000073,6511,13070,-6559
119000074,2992,1072,1920
119000075,8143,2341,5802
119000076,153,536,-383
119000077,1516,511,1005
119000078,870,375,495
119000079,331,268,63
119000080,1380,146,1234
119000081,504,341,163
119000082,1532,198,1334
119000083,1052,574,478
119000084,603,340,263
119000085,658,87,571
119000086,440,925,-485
119000087,834,124,710
119000088,366,32,334
119000089,166,156,10
119000090,203,45,158
119000091,78,213,-135
119000092,211,152,59
119000093,3597,1627,1970
119000094,6735,5234,1501
119000095,4315,2789,1526
119000097,1259,686,573
119000098,1371,8959,-7588
119000099,2142,673,1469
119000100,6657,3415,3242
119000101,5554,1553,4001
119000102,419,1801,-1382
119000103,1062,638,424
119000104,1282,574,708
119000105,1820,4083,-2263
119000106,739,416,323
119000107,2207,693,1514
119000108,1148,343,805
119000109,198,346,-148
119000110,216,253,-37
119000111,69,710,-641
119000112,167,45,122
119000113,912,147,765
119000114,1486,2279,-793
119000115,60,146,-86
119000116,120,74,46
119000117,433,297,136
119000118,75,0,75
119000123,2187,1881,306
119000124,2110,129,1981
119000125,8907,419,8488
119000126,2508,344,2164
119000127,1527,222,1305
119000128,22,1,21
119000131,1852,128,1724
119000132,1,0,1
119000133,12,10,2
119000134,950,1111,-161
119000135,353,275,78
119000136,669,72,597
119000137,555,134,421
119000138,1530,51,1479
119000139,241,41,200
119000140,424,334,90
119000284,1448,1828,-380
119000285,1521,855,666
119000286,4021,2480,1541
119000287,2260,3087,-827
119000288,3328,893,2435
119000289,1710,1782,-72
119000290,465,358,107
119000291,70,501,-431
119000293,167,316,-149
119000294,45,56,-11
119000295,2106,251,1855
119000296,467,97,370
119000302,1492,1543,-51
119000303,7,155,-148
119000314,2183,16264,-14081
119000315,0,85,-85
119000316,495,54,441
119000317,227,94,133
119900001,79,2314,-2235
119900002,618,177,441
119900003,4,190,-186
119900004,151,4483,-4332
119900005,523,120,403
119900006,73,544,-471
119900007,481,328,153
119900008,52,726,-674
119900009,697,219,478
119900010,1142,278,864
119900011,24,514,-490
119900012,5,288,-283
119900013,1678,1097,581
119900014,787,59,728
119900015,565,79,486
119900016,157,107,50
119900017,38,89,-51
119900018,724,2520,-1796
119900019,104,11,93
119900020,133,113,20
119900021,231,38,193
119900022,77,1520,-1443
119900023,374,3589,-3215
119900025,824,23,801
119900026,646,87,559
119900027,16,34,-18
119900028,466,318,148
119900029,5,4,1
119900030,1127,1005,122
119900031,89,1505,-1416
119900033,1031,168,863
119900034,1903,35,1868
119900037,306,17,289
119900038,20,991,-971
119900039,136,13,123
119900040,190,36,154
119900041,549,11,538
119900042,148,1322,-1174
119900043,104,249,-145
119900044,181,1185,-1004
119900046,492,20,472
119900047,1297,445,852
119900048,140,9,131
119900049,289,3,286
119900050,305,258,47
119900051,2112,14,2098
119900052,330,16,314
119900053,705,245,460
119900054,758,14,744
119900055,2007,217,1790
119900057,964,15,949
119900058,954,7,947
119900059,206,15,191
119900060,716,46,670
119900062,462,2,460
119900063,26,140,-114
119900064,1359,195,1164
119900065,397,1,396
119900066,0,0,0
119900067,209,257,-48
119900068,1569,2,1567
119900069,296,15,281
119900070,1847,6,1841
119900071,1973,38,1935
119900073,3272,114,3158
119900074,75,24,51
119900075,2018,1290,728
119900076,1484,365,1119
119900077,2291,202,2089
119900078,1133,1444,-311
119900079,1797,43,1754
119900080,2786,411,2375
119900081,1972,7,1965
119900082,4629,378,4251
119900083,724,113,611
119900084,934,433,501
119900085,101,24,77
119900087,231,506,-275
119900088,122,8,114
119900089,62,147,-85
119900090,141,5,136
119900091,58,183,-125
119900092,33,523,-490
119900093,1720,168,1552
119900094,4,217,-213
119900095,323,42,281
119900096,104,76,28
119900097,51,186,-135
119900098,33,12,21
119900099,14,94,-80
119900100,436,2572,-2136
119900101,87,604,-517
119900102,90,59,31
119900103,59,81,-22
119900104,28,61,-33
119900105,777,1263,-486
119900106,22,53,-31
119900107,277,960,-683
119900108,2812,446,2366
119900109,44,73,-29
119900110,765,308,457
119900111,358,86,272
119900112,552,1335,-783
119900113,102,185,-83
119900114,434,285,149
119900115,1182,202,980
119900116,383,474,-91
119900117,556,195,361
119900118,376,143,233
119900119,586,103,483
119900120,432,224,208
119900121,1196,230,966
119900122,179,79,100
119900123,109,131,-22
119900124,585,238,347
119900125,94,118,-24
119900126,1474,262,1212
119900127,590,241,349
119900128,920,1544,-624
119900129,846,127,719
119900130,54,63,-9
119900131,112,66,46
119900132,4,25,-21
119900133,342,46,296
119900134,330,67,263
119900135,0,162,-162
119900136,161,102,59
119900138,262,177,85
119900139,27,1489,-1462
119900140,15,59,-44
119900141,15,1115,-1100
119900142,52,38,14
119900143,17,102,-85
119900144,720,289,431
119900145,62,293,-231
119900146,481,194,287
119900147,2,212,-210
119900148,629,20,609
119900149,438,10694,-10256
119900150,171,93,78
119900151,2070,993,1077
119900152,467,89,378
119900153,368,67,301
119900154,6,97,-91
119900155,119,10,109
119900156,7,7,0
119900157,253,48,205
119900158,369,94,275
119900159,0,226,-226
119900160,11,72,-61
119900161,247,40,207
119900162,2254,693,1561
119900163,304,184,120
119900164,0,1,-1
119900165,256,24,232
119900166,127,26,101
119900167,23,30,-7
119900168,2918,173,2745
119900169,20,283,-263
119900170,362,144,218
119900171,1324,700,624
119900172,21,17,4
119900173,1,65,-64
119900174,3,79,-76
119900175,3904,283,3621
119900177,5,88,-83
119900178,3,77,-74
119900179,520,1899,-1379
119900180,2592,549,2043
119900181,21,63,-42
119900182,0,72,-72
119900183,112,385,-273
119900184,500,345,155
119900185,56,467,-411
119900186,10,2453,-2443
119900187,1,127,-126
119900188,207,325,-118
119900189,173,270,-97
119900190,109,504,-395
119900191,234,260,-26
119900192,37,101,-64
119900193,1555,111,1444
119900194,49,30,19
119900195,3,152,-149
119900196,295,143,152
119900197,626,135,491
119900198,118,869,-751
119900199,185,13,172
119900200,1165,1800,-635
119900201,153,54,99
119900202,33,401,-368
119900203,249,884,-635
119900204,450,220,230
119900205,2275,251,2024
119900206,595,567,28
119900208,577,47,530
119900209,852,3638,-2786
119900210,107,8,99
119900211,153,1,152
119900212,656,348,308
119900213,4,54,-50
119900214,143,28,115
119900215,93,17,76
119900216,46,7,39
119900217,24,17,7
119900218,9,355,-346
119900219,38,60,-22
119900220,11,13,-2
119900221,62,26,36
119900222,22,35,-13
119900223,17,22,-5
119900224,17,7,10
119900225,287,41,246
119900226,207,2986,-2779
119900227,134,99,35
119900228,9,2390,-2381
119900229,84,115,-31
119900230,2075,208,1867
119900231,674,61,613
119900232,191,100,91
119900233,76,3,73
119900234,5,116,-111
119900235,12,56,-44
119900236,157,166,-9
119900237,255,412,-157
119900238,0,60,-60
119900240,239,80,159
119900241,470,159,311
119900242,2208,1692,516
119900244,526,974,-448
119900245,267,183,84
119900246,207,398,-191
119900247,25,27,-2
119900248,31,870,-839
119900249,445,80,365
119900253,1386,277,1109
119900254,83,2404,-2321
119900255,133,396,-263
119900256,2055,249,1806
119900257,180,10,170
119900258,539,23,516
119900259,22,37,-15
119900260,354,7,347
119900261,949,2046,-1097
119900262,2,74,-72
119900263,1995,280,1715
119900264,369,33,336
119900265,1044,400,644
119900266,1036,231,805
119900267,244,295,-51
119900268,416,42,374
119900269,2604,481,2123
119900271,185,96,89
119900272,188,128,60
119900275,219,27,192
119900276,118,5,113
119900277,12,3,9
119900278,775,58,717
119900279,235,367,-132
119900280,656,40,616
119900281,1,513,-512
119900282,30,146,-116
119900283,81,50,31
119900284,27,127,-100
119900285,0,44,-44
119900286,0,9,-9
119900288,2,4,-2
119900289,0,12,-12
119900290,8,0,8
119900291,1,36,-35
119900292,27,94,-67
119900293,44,9,35
119900294,27,2,25
119900295,4,0,4
119900296,26,0,26
119900299,533,285,248
119900300,1285,1018,267
119900301,65,193,-128
119900302,36,238,-202
119900303,823,1517,-694
119900304,512,3,509
119900305,1,62,-61
119900306,18,1,17
119900307,101,43,58
119900308,8,16,-8
119900309,54,363,-309
119900310,539,105,434
119900311,356,38,318
119900312,148,28,120
119900313,327,231,96
119900314,481,546,-65
119900315,3926,579,3347
119900318,27,149,-122
119900319,2,80,-78
119900320,574,134,440
119900321,503,11,492
119900322,3,31,-28
119900323,1,25,-24
119900324,1,64,-63
119900325,141,60,81
119900326,39,25,14
120000001,10891,39945,-29054
120000002,3735,2548,1187
120000003,2609,764,1845
120000004,3290,975,2315
120000005,3047,1039,2008
120000006,1965,823,1142
120000007,3763,5699,-1936
120000008,1667,636,1031
120000009,1352,919,433
120000010,3292,6210,-2918
120000011,1593,1065,528
120000012,2342,1165,1177
120000013,5013,2455,2558
120000014,1230,1241,-11
120000015,3474,1338,2136
120000016,5703,2468,3235
120000017,6228,6046,182
120000018,3684,25966,-22282
120000019,1783,1503,280
120000020,2662,3593,-931
120000021,2239,1137,1102
120000022,2782,3062,-280
120000023,1999,1350,649
120000024,1390,1575,-185
120000025,4259,1334,2925
120000026,5795,1269,4526
120000027,3505,1976,1529
120000028,642,1688,-1046
120000029,1656,1271,385
120000030,243,1885,-1642
120000031,2661,5932,-3271
120000032,4577,1877,2700
120000033,5708,735,4973
120000034,7227,733,6494
120000035,6852,1071,5781
120000036,5603,6482,-879
120000037,638,2927,-2289
120000038,5340,2549,2791
120000039,732,2518,-1786
120000040,114,15115,-15001
120000041,947,2050,-1103
120000042,4940,1315,3625
120000043,9027,709,8318
120000044,12092,1849,10243
120000045,13244,666,12578
120000046,7560,6974,586
120000047,705,16801,-16096
120000048,7091,3472,3619
120000049,6327,2128,4199
120000050,5219,3908,1311
120000051,2805,5591,-2786
120000052,6278,766,5512
120000053,2824,1103,1721
120000054,2503,2180,323
120000055,2227,2561,-334
120000056,4935,2990,1945
120000057,4961,3113,1848
120000058,1677,1077,600
120000059,25,2820,-2795
120000061,160,1064,-904
120000062,215,192,23
120000063,599,1690,-1091
120000064,565,895,-330
120000065,680,4404,-3724
120000066,316,239,77
120000067,31,158,-127
120000068,664,178,486
120000069,1470,203,1267
120000070,426,459,-33
120000071,2117,179,1938
120000072,2305,622,1683
120000073,2404,58,2346
120000074,132,130,2
120000075,2385,655,1730
120000076,5132,1668,3464
120000077,5255,459,4796
120000078,3140,892,2248
120000079,401,155,246
120000080,113,139,-26
120000081,385,91,294
120000082,372,151,221
120000083,55,813,-758
120000084,385,410,-25
120000085,464,990,-526
120000086,415,171,244
120000087,533,206,327
120000088,966,567,399
120000089,1180,257,923
120000090,1077,374,703
120000091,2467,1616,851
120000092,1300,330,970
120000093,2275,403,1872
120000094,659,616,43
120000095,1239,155,1084
120000096,637,282,355
120000098,1520,2349,-829
120000099,589,308,281
120000100,1158,527,631
120000101,1073,620,453
120000102,1388,1364,24
120000103,2238,993,1245
120000104,4399,487,3912
120000105,4540,200,4340
120000106,6918,295,6623
120000107,12450,833,11617
120000108,4285,199,4086
120000109,2409,56,2353
120000110,72,590,-518
120000111,198,528,-330
120000112,815,995,-180
120000113,680,1482,-802
120000114,692,707,-15
120000115,538,664,-126
120000116,590,1110,-520
120000117,576,589,-13
120000118,48,55,-7
120000119,6,30,-24
120000120,239,442,-203
120000121,30,19,11
120000122,272,1720,-1448
120000123,2056,14965,-12909
120000124,716,338,378
120000125,1942,643,1299
120000126,721,1285,-564
120000127,808,799,9
120000128,2761,3226,-465
120000129,247,224,23
120000130,1198,508,690
120000131,790,397,393
120000134,1113,166,947
120000135,2163,793,1370
120000137,633,229,404
120000138,4229,154,4075
120000139,816,419,397
120000140,3521,168,3353
120000141,792,2173,-1381
120000142,1609,2255,-646
120000143,0,36,-36
120000144,297,48,249
120000145,1577,2,1575
120000146,748,1083,-335
120000149,451,458,-7
120000150,1580,14605,-13025
120000151,1378,314,1064
120000152,2715,123,2592
120000153,2077,465,1612
120000154,1085,945,140
120000155,506,579,-73
120000156,1002,3667,-2665
120000157,2753,432,2321
120000158,1750,810,940
120000159,2815,1056,1759
120000160,2515,1365,1150
120000161,6411,2839,3572
120000162,228,233,-5
120000163,2274,393,1881
120000164,2063,179,1884
120000165,2740,238,2502
120000166,3994,357,3637
120000167,144,168,-24
120000168,6,467,-461
120000169,4,1071,-1067
120000170,16,1025,-1009
120000171,2,320,-318
120000172,5,268,-263
120000173,105,587,-482
120000174,32,93,-61
120000175,21,10,11
120000176,7,30,-23
120000177,456,66,390
120000178,10,30,-20
120000179,65,72,-7
120000180,29,129,-100
120000181,20,716,-696
120000182,6,525,-519
120000183,0,179,-179
120000184,98,692,-594
120000186,19,629,-610
120000187,11,520,-509
120000188,12,253,-241
120000190,41,20,21
120000191,84,29,55
120000192,59,5,54
120000193,20,1,19
120000195,7,0,7
120000196,16,8,8
120000197,4,23,-19
120000198,686,9,677
120000199,701,0,701
120000200,546,1,545
120000201,47,129,-82
120000202,0,64,-64
120000203,390,138,252
120000207,5,34,-29
120000208,27,26,1
120000209,58,2,56
120000210,44,14,30
120000211,1134,5,1129
120000212,906,1,905
120000213,770,365,405
120000214,1,40,-39
120000215,23,53,-30
120000216,922,48,874
120000217,192,441,-249
120000218,26,331,-305
120000219,2,234,-232
120000220,2,571,-569
120000225,4557,7,4550
120000226,1093,24,1069
120000227,1637,238,1399
120000228,11960,6541,5419
120000230,887,39,848
120000231,4132,465,3667
120000233,1765,22,1743
120000235,826,458,368
120000236,4047,55,3992
120000237,3,688,-685
120000238,2,436,-434
120000241,1607,7580,-5973
120000412,1448,3,1445
120000413,1265,105,1160
120000414,647,5,642
120000415,1,15,-14
120000416,329,17,312
120000417,25,1745,-1720
120000418,630,39,591
120000419,23,61,-38
120000420,82,7,75
120000421,8047,4398,3649
120000422,71,5100,-5029
120000423,6,245,-239
120000424,890,68,822
120000436,94,2139,-2045
120000437,51,59,-8
120000438,1339,215,1124
120000439,370,1030,-660
120000443,390,2,388
120000444,3376,489,2887
120000445,3550,1756,1794
120000446,1016,76,940
120000447,1288,13,1275
120000449,540,20,520
120000450,1,124,-123
120000451,287,81,206
120000452,310,7,303
120000453,0,30,-30
120000454,40,138,-98
120000455,203,25,178
120000456,1871,7992,-6121
120000457,601,190,411
120000458,835,370,465
120000459,542,74,468
120000665,108,558,-450
120000668,68,1378,-1310
120000669,990,109,881
120000670,61,510,-449
120000671,5839,1241,4598
120000672,103,416,-313
120900001,111,41,70
120900002,203,682,-479
120900003,216,5,211
120900004,28,288,-260
120900005,340,340,0
120900006,1573,150,1423
120900007,356,168,188
120900008,1125,449,676
120900009,358,7,351
120900010,1595,176,1419
120900011,33,120,-87
120900012,39,1674,-1635
120900013,560,106,454
120900014,0,149,-149
120900015,2092,164,1928
120900016,3459,48,3411
120900017,1780,114,1666
120900018,657,121,536
120900019,629,549,80
120900020,467,589,-122
120900021,573,153,420
120900022,3,56,-53
120900023,856,1506,-650
120900024,1789,850,939
120900025,1656,490,1166
120900026,248,63,185
120900027,503,9,494
120900028,1082,267,815
120900029,24,1648,-1624
120900030,3440,468,2972
120900031,702,111,591
120900032,3477,404,3073
120900033,2898,244,2654
120900034,22,4755,-4733
120900035,319,96,223
120900037,894,29,865
120900038,144,850,-706
120900039,178,76,102
120900040,1161,26,1135
120900041,63,29,34
120900042,1421,32,1389
120900043,356,127,229
120900044,4,626,-622
120900045,351,33,318
120900046,1941,13,1928
120900047,221,360,-139
120900048,298,22,276
120900049,1497,23,1474
120900050,617,6327,-5710
120900051,1199,77,1122
120900052,3198,11,3187
120900053,1218,61,1157
120900054,1349,194,1155
120900055,1470,3,1467
120900056,1430,69,1361
120900057,635,15,620
120900058,1716,7,1709
120900059,375,23,352
120900060,200,12,188
120900061,329,102,227
120900062,1017,0,1017
120900063,2103,29,2074
120900064,1963,1,1962
120900065,1422,3,1419
120900066,2823,167,2656
120900067,460,164,296
120900068,1310,2,1308
120900069,1097,23,1074
120900071,53,0,53
120900072,2291,23,2268
120900073,2036,52,1984
120900074,3246,105,3141
120900076,1517,3,1514
120900077,1340,409,931
120900078,1962,226,1736
120900079,2792,64,2728
120900080,2590,347,2243
120900081,4272,335,3937
120900082,1138,577,561
120900083,264,1,263
120900084,752,562,190
120900085,62,70,-8
120900086,78,1408,-1330
120900087,759,242,517
120900088,249,1161,-912
120900089,4450,6797,-2347
120900090,586,9,577
120900091,234,1116,-882
120900092,201,166,35
120900093,1054,92,962
120900094,288,107,181
120900095,434,15,419
120900096,272,177,95
120900097,1039,300,739
120900098,36,71,-35
120900099,225,9,216
120900100,68,88,-20
120900101,35,117,-82
120900102,151,9,142
120900103,189,256,-67
120900104,16,21,-5
120900105,21,395,-374
120900106,264,177,87
120900107,230,103,127
120900108,6,231,-225
120900109,61,274,-213
120900110,12,160,-148
120900111,285,197,88
120900112,36,242,-206
120900113,10,471,-461
120900114,46,92,-46
120900115,139,244,-105
120900116,2101,141,1960
120900117,5,100,-95
120900118,66,3201,-3135
120900119,5677,2186,3491
120900120,171,249,-78
120900121,33,184,-151
120900122,2212,170,2042
120900123,7,62,-55
120900124,3,132,-129
120900125,3,265,-262
120900126,181,347,-166
120900127,14,131,-117
120900128,397,448,-51
120900129,5,139,-134
120900130,9,217,-208
120900131,70,123,-53
120900132,2689,152,2537
120900133,30,521,-491
120900134,110,151,-41
120900135,5,925,-920
120900136,30,136,-106
120900137,862,53,809
120900138,1,128,-127
120900139,4,223,-219
120900140,3,175,-172
120900141,711,130,581
120900142,3,101,-98
120900143,2,189,-187
120900144,0,42,-42
120900145,146,2692,-2546
120900146,0,108,-108
120900147,13,4,9
120900148,425,135,290
120900149,1,94,-93
120900150,200,105,95
120900151,0,65,-65
120900152,79,3,76
120900153,6,1,5
120900154,1,66,-65
120900155,506,203,303
120900156,783,169,614
120900157,0,0,0
120900158,148,212,-64
120900159,2,37,-35
120900160,43,557,-514
120900161,46,339,-293
120900162,27,399,-372
120900163,60,419,-359
120900164,0,24,-24
120900165,0,55,-55
120900166,108,478,-370
120900167,168,36,132
120900169,373,137,236
120900170,499,7143,-6644
120900171,398,73,325
120900172,35,764,-729
120900173,21,25,-4
120900174,15,151,-136
120900175,220,78,142
120900176,42,711,-669
120900177,6,3902,-3896
120900178,2,1348,-1346
120900179,126,117,9
120900180,53,106,-53
120900181,13,17,-4
120900182,61,74,-13
120900183,357,28,329
120900184,128,45,83
120900185,385,1173,-788
120900186,0,106,-106
120900187,1715,712,1003
120900188,841,5,836
120900189,28,6324,-6296
120900190,636,16,620
120900191,366,9,357
120900192,6019,23868,-17849
120900194,257,143,114
120900195,318,110,208
120900196,289,7,282
120900197,1097,82,1015
120900198,96,375,-279
120900199,396,350,46
120900200,45,101,-56
120900201,216,98,118
120900202,0,93,-93
120900203,24,24,0
120900204,57,103,-46
120900205,529,22,507
120900206,113,93,20
120900207,18,1092,-1074
121000001,849,1296,-447
121000002,2546,2297,249
121000003,5304,1969,3335
121000004,2204,4256,-2052
121000005,2910,3416,-506
121000006,2599,3379,-780
121000007,3559,4217,-658
121000008,4410,5363,-953
121000009,5669,8873,-3204
121000010,6157,6930,-773
121000011,5971,6513,-542
121000012,11571,4623,6948
121000013,6419,5169,1250
121000014,4938,3085,1853
121000015,5074,7058,-1984
121000016,3523,4468,-945
121000017,4854,2065,2789
121000018,4313,1882,2431
121000019,9302,8483,819
121000020,8430,14675,-6245
121000021,2124,4408,-2284
121000022,3249,4529,-1280
121000023,3502,1971,1531
121000024,5958,8404,-2446
121000025,274,2258,-1984
121000026,242,167,75
121000027,1403,1527,-124
121000028,1055,600,455
121000029,1468,643,825
121000030,1062,483,579
121000031,552,624,-72
121000032,167,115,52
121000034,376,604,-228
121000035,148,241,-93
121000036,1881,1152,729
121000037,821,914,-93
121000038,342,1123,-781
121000039,187,395,-208
121000041,490,412,78
121000042,230,344,-114
121000043,450,544,-94
121000044,1179,1392,-213
121000045,819,311,508
121000046,1493,856,637
121000047,31,51,-20
121000049,976,597,379
121000050,218,1739,-1521
121000051,1046,358,688
121000052,573,950,-377
121000053,269,184,85
121000054,43,534,-491
121000055,1011,2551,-1540
121000056,936,1924,-988
121000057,177,392,-215
121000058,205,95,110
121000059,3964,962,3002
121000060,704,1156,-452
121000061,28,523,-495
121000062,57,651,-594
121000063,847,1409,-562
121000064,959,1283,-324
121000065,257,498,-241
121000066,754,638,116
121000067,371,830,-459
121000068,526,551,-25
121000069,118,1394,-1276
121000070,1387,1907,-520
121000071,2364,1621,743
121000072,695,1933,-1238
121000073,1119,2821,-1702
121000074,56,646,-590
121000075,27,102,-75
121000076,349,280,69
121000077,137,165,-28
121000078,101,174,-73
121000080,1864,491,1373
121000081,2918,4236,-1318
121000082,94,117,-23
121000083,50,97,-47
121000084,168,175,-7
121000085,160,545,-385
121000086,1019,873,146
121000087,71,156,-85
121000088,1012,1063,-51
121000089,211,570,-359
121000090,341,349,-8
121000091,1464,656,808
121000092,373,32,341
121000093,402,149,253
121000094,508,1181,-673
121000095,270,809,-539
121000096,6107,1451,4656
121000097,616,1808,-1192
121000098,1194,452,742
121000099,1623,514,1109
121000100,2030,162,1868
121000101,748,122,626
121000102,801,116,685
121000103,461,235,226
121000104,660,117,543
121000105,736,67,669
121000106,726,200,526
121000107,2140,2398,-258
121000109,1266,893,373
121000110,188,714,-526
121000114,3064,1826,1238
121000115,2271,532,1739
121000116,335,697,-362
121000117,291,240,51
121000118,1756,219,1537
121000119,662,286,376
121000120,758,1121,-363
121000121,852,1460,-608
121000123,1295,315,980
121000126,150,303,-153
121000127,549,140,409
121000128,2348,142,2206
121000129,2439,215,2224
121000130,1424,1013,411
121000131,2392,1148,1244
121000132,851,692,159
121000135,566,635,-69
121000136,768,1804,-1036
121000137,734,487,247
121000138,341,2995,-2654
121000139,161,843,-682
121000141,302,189,113
121000142,651,465,186
121000143,120,32,88
121000144,588,895,-307
121000145,1024,592,432
121000146,1683,858,825
121000147,2211,496,1715
121000148,1126,436,690
121000149,4135,1957,2178
121000152,299,616,-317
121000153,1406,441,965
121000154,1682,490,1192
121000155,2350,1021,1329
121000156,491,915,-424
121000157,447,1098,-651
121000158,295,192,103
121000159,352,256,96
121000160,370,156,214
121000161,287,335,-48
121000162,324,94,230
121000165,1074,2057,-983
121000166,42,410,-368
121000168,902,111,791
121000169,140,72,68
121000170,543,108,435
121000171,37,115,-78
121000172,1137,1955,-818
121000173,1584,1627,-43
121000174,1131,619,512
121000175,2640,342,2298
121000176,535,170,365
121000177,1143,552,591
121000178,78,91,-13
121000179,35,320,-285
121000181,372,335,37
121000182,217,591,-374
121000183,77,364,-287
121000184,51,233,-182
121000185,24,410,-386
121000186,228,682,-454
121000187,366,365,1
121000188,570,42,528
121000192,1294,185,1109
121000193,1323,241,1082
121000194,1901,1732,169
121000195,336,1152,-816
121000196,704,403,301
121000197,126,869,-743
121000198,146,223,-77
121000199,302,253,49
121000200,1031,178,853
121000201,13,189,-176
121000202,992,141,851
121000203,1269,1146,123
121000204,4513,459,4054
121000205,229,223,6
121000206,143,73,70
121000207,3881,980,2901
121000208,28,395,-367
121000209,1486,110,1376
121000210,1799,452,1347
121000211,862,85,777
121000212,809,509,300
121000213,14200,3615,10585
121000214,1205,3315,-2110
121000215,682,1410,-728
121000216,511,803,-292
121000217,4698,5100,-402
121000218,602,1794,-1192
121000219,2000,892,1108
121000220,363,59,304
121000221,908,603,305
121000222,7228,3087,4141
121000223,145,593,-448
121000224,123,465,-342
121000225,585,10711,-10126
121000226,971,3276,-2305
121000227,13,142,-129
121000228,35,595,-560
121000229,1136,376,760
121000230,65,2454,-2389
121000231,2970,47,2923
121000232,377,321,56
121000233,1197,511,686
121000234,7,52,-45
121000235,91,229,-138
121000236,1,38,-37
121000237,36,85,-49
121000238,2,122,-120
121000239,226,17,209
121000240,11,130,-119
121000241,126,5,121
121000242,13,151,-138
121000243,216,34,182
121000244,1,39,-38
121000245,70,12,58
121000246,2,61,-59
121000247,228,2,226
121000248,360,313,47
121000249,184,247,-63
121000250,845,732,113
121000251,17,269,-252
121000252,270,186,84
121000253,727,866,-139
121000254,1600,446,1154
121000255,133,585,-452
121000256,499,621,-122
121000257,43,323,-280
121000258,55,276,-221
121000259,25,192,-167
121000260,24,151,-127
121000261,121,278,-157
121000262,1586,438,1148
121000263,760,1738,-978
121000271,919,1729,-810
121000273,97,7,90
121000274,37,270,-233
121000275,15,8,7
121000276,27,127,-100
121000278,161,101,60
121000279,92,139,-47
121000280,72,124,-52
121000289,691,12,679
121000290,1143,1128,15
121000294,699,22,677
121000297,348,1250,-902
121000299,136,4039,-3903
121000300,1493,781,712
121000302,11,712,-701
121000303,1008,287,721
121000304,862,57,805
121000305,447,40,407
121000306,363,199,164
121000308,112,156,-44
121000309,250,221,29
121000310,190,133,57
121000311,113,212,-99
121000312,426,331,95
121000313,157,185,-28
121000314,18,60,-42
121000315,28,114,-86
121000530,3569,1447,2122
121000531,3076,2319,757
121000532,5709,6628,-919
121000533,4989,2837,2152
121000918,26,86,-60
121000919,26,104,-78
121000938,96,123,-27
121000939,32,265,-233
121000956,3281,2552,729
121000957,3,21,-18
121000958,6,148,-142
121000959,2485,349,2136
121000960,2452,1504,948
121000961,751,29,722
121000962,208,252,-44
121000973,5,510,-505
121000976,29,104,-75
121000979,370,131,239
121000981,631,77,554
121000982,751,417,334
121000983,1132,118,1014
121000984,13,61,-48
121000985,2290,652,1638
121000986,1691,287,1404
121000987,330,485,-155
121000988,2355,101,2254
121001302,282,131,151
121001308,0,22,-22
121001309,24,554,-530
121001313,463,273,190
121001314,2544,2713,-169
121001315,5661,4018,1643
121900001,238,780,-542
121900002,14,166,-152
121900003,800,3,797
121900004,59,616,-557
121900005,38,5,33
121900006,322,42,280
121900007,1915,2029,-114
121900008,35,97,-62
121900009,1183,18,1165
121900010,607,0,607
121900011,341,158,183
121900012,21,0,21
121900013,51,142,-91
121900014,2915,422,2493
121900015,95,129,-34
121900016,2,19,-17
121900017,829,1761,-932
121900018,881,7,874
121900019,874,209,665
121900020,67,13,54
121900021,2015,50,1965
121900022,487,141,346
121900023,272,412,-140
121900024,560,36,524
121900025,926,340,586
121900026,308,76,232
121900027,572,152,420
121900028,329,26,303
121900029,168,321,-153
121900030,461,421,40
121900031,1269,9468,-8199
121900032,258,69,189
121900033,159,176,-17
121900034,275,101,174
121900035,5304,3190,2114
121900036,213,179,34
121900037,349,834,-485
121900038,54,47,7
121900039,292,31,261
121900040,51,58,-7
121900041,49,152,-103
121900042,733,141,592
121900043,1,0,1
121900044,65,52,13
121900046,193,100,93
121900047,219,46,173
121900048,149,45,104
121900050,51,115,-64
121900051,277,252,25
121900052,188,20,168
121900053,569,697,-128
121900054,629,3047,-2418
121900055,34,25,9
121900058,590,224,366
121900059,354,168,186
121900060,168,608,-440
121900061,132,215,-83
121900062,172,105,67
121900063,2855,322,2533
121900064,725,587,138
121900066,230,71,159
121900067,136,254,-118
121900069,145,218,-73
121900070,157,262,-105
121900071,1329,395,934
121900072,53,85,-32
121900073,361,190,171
121900074,342,635,-293
121900075,395,812,-417
121900076,756,818,-62
121900077,34,15,19
121900078,269,100,169
121900079,1,0,1
121900080,1214,202,1012
121900082,123,93,30
121900084,43,24,19
121900085,2,11,-9
121900086,55,45,10
121900087,124,63,61
121900088,1375,1785,-410
121900089,611,155,456
121900090,43,251,-208
121900091,137,10,127
121900092,455,73,382
121900093,153,71,82
121900094,6,10,-4
121900095,603,127,476
121900096,1457,538,919
121900097,1129,89,1040
121900098,7,10,-3
121900099,576,57,519
121900100,89,201,-112
121900101,146,79,67
121900102,4,59,-55
121900103,758,225,533
121900104,2650,603,2047
121900105,230,203,27
121900106,3,14,-11
121900107,280,41,239
121900108,0,36,-36
121900109,282,93,189
121900110,1381,405,976
121900111,464,384,80
121900112,176,93,83
121900113,33,772,-739
121900114,141,103,38
121900117,158,105,53
121900118,1434,669,765
121900119,159,209,-50
121900120,34,977,-943
121900121,384,16,368
121900122,266,103,163
121900123,343,328,15
121900124,189,307,-118
121900125,2527,1456,1071
121900127,49,58,-9
121900128,161,52,109
121900129,226,57,169
121900130,124,325,-201
121900131,402,142,260
121900132,166,98,68
121900133,16,629,-613
121900134,11,311,-300
121900135,4335,336,3999
121900136,339,924,-585
121900137,31,375,-344
121900138,101,234,-133
121900139,387,1734,-1347
121900140,89,51,38
121900141,105,54,51
121900142,134,18,116
121900143,19,161,-142
121900144,135,496,-361
121900145,297,1008,-711
121900146,461,344,117
121900147,74,132,-58
121900148,88,163,-75
121900149,417,387,30
121900150,98,89,9
121900151,23,182,-159
121900152,226,84,142
121900153,20,265,-245
121900154,4,204,-200
121900155,2,395,-393
121900156,200,127,73
121900157,1,81,-80
121900158,189,131,58
121900159,0,92,-92
121900160,122,142,-20
121900161,140,240,-100
121900162,59,129,-70
121900163,895,212,683
121900164,194,243,-49
121900165,144,138,6
121900166,167,86,81
121900167,90,19,71
121900168,109,52,57
121900169,31,129,-98
121900170,7,103,-96
121900171,1487,417,1070
121900172,767,223,544
121900173,677,314,363
121900174,219,23,196
121900175,87,706,-619
121900176,1158,1345,-187
121900177,297,82,215
121900178,103,33,70
121900179,500,581,-81
121900180,1497,9028,-7531
121900182,576,352,224
121900183,265,2606,-2341
121900184,26,889,-863
121900186,10,484,-474
121900187,8,112,-104
121900188,1612,113,1499
121900189,152,156,-4
121900190,173,427,-254
121900191,62,278,-216
121900192,226,1976,-1750
121900193,83,137,-54
121900194,15,209,-194
121900195,9,56,-47
121900196,911,1020,-109
121900197,512,701,-189
121900198,2694,3132,-438
121900199,1,41,-40
121900200,66,467,-401
121900201,770,1453,-683
121900202,169,1678,-1509
121900203,64,1019,-955
121900204,1061,2168,-1107
121900205,15,88,-73
121900206,30,33,-3
121900207,48,61,-13
121900208,101,427,-326
121900209,445,113,332
121900210,2881,1414,1467
121900211,21,59,-38
121900212,50,189,-139
121900213,959,43,916
121900214,2,817,-815
121900215,79,206,-127
121900216,4,346,-342
121900217,78,332,-254
121900218,145,668,-523
121900220,123,18,105
121900221,361,446,-85
121900222,498,46,452
121900223,84,104,-20
121900224,135,117,18
121900225,149,463,-314
121900226,208,23,185
121900227,425,2534,-2109
121900228,195,356,-161
121900230,83,291,-208
121900231,37,836,-799
121900232,117,440,-323
121900233,329,178,151
121900234,446,273,173
121900235,1190,87,1103
121900236,358,196,162
121900237,153,331,-178
121900238,123,273,-150
121900239,211,21,190
121900240,197,115,82
121900241,78,68,10
121900242,77,0,77
121900243,20,0,20
121900244,28,0,28
121900245,388,64,324
121900246,7371,263,7108
121900247,168,732,-564
121900248,1515,900,615
121900250,303,200,103
121900251,400,42,358
121900252,508,133,375
121900253,34,603,-569
121900254,255,215,40
121900255,516,102,414
121900258,4630,2015,2615
121900259,359,456,-97
121900260,318,71,247
121900261,155,603,-448
121900262,410,1200,-790
121900263,379,262,117
121900264,794,854,-60
121900265,756,82,674
121900266,1310,120,1190
121900267,227,30,197
121900269,377,1271,-894
121900270,81,292,-211
121900271,104,133,-29
121900273,647,2396,-1749
121900274,862,213,649
121900277,240,894,-654
121900278,176,935,-759
121900279,275,180,95
121900280,158,475,-317
121900281,158,146,12
121900284,31,3,28
121900286,402,283,119
121900287,23,109,-86
121900288,4,2,2
121900290,129,1002,-873
121900291,394,710,-316
121900292,353,77,276
121900293,1029,3999,-2970
121900294,474,13,461
121900295,270,79,191
121900296,155,158,-3
121900298,110,1230,-1120
121900299,4,37,-33
121900300,48,5,43
121900301,53,2,51
121900302,50,71,-21
121900303,121,313,-192
121900304,50,37,13
121900305,34,34,0
121900306,837,1,836
121900307,594,26,568
121900308,34,206,-172
121900309,22,101,-79
121900310,71,152,-81
121900311,1110,48,1062
121900312,749,15,734
121900313,885,14,871
121900314,20,13,7
121900315,79,0,79
121900316,0,0,0
121900317,68,8,60
121900318,1,0,1
121900319,60,302,-242
121900320,64,19,45
121900321,36,0,36
121900322,4,1,3
121900323,33,51,-18
121900324,8,16,-8
121900325,20,0,20
121900326,4,7,-3
121900327,22,44,-22
121900328,0,55,-55
121900329,1,40,-39
121900330,0,106,-106
121900331,12,246,-234
121900332,40,30,10
121900333,79,0,79
122000001,1760,3308,-1548
122000002,3014,578,2436
122000003,836,2083,-1247
122000004,1047,1675,-628
122000005,4461,2096,2365
122000006,409,807,-398
122000007,457,738,-281
122000008,842,1605,-763
122000009,273,327,-54
122000010,1872,1981,-109
122000011,2920,889,2031
122000012,504,1341,-837
122000013,615,987,-372
122000014,6015,1128,4887
122000015,1155,502,653
122000016,534,440,94
122000017,967,896,71
122000018,2211,1294,917
122000019,843,1928,-1085
122000020,277,383,-106
122000021,143,328,-185
122000022,896,951,-55
122000023,668,1474,-806
122000024,340,1443,-1103
122000025,392,1767,-1375
122000026,252,823,-571
122000027,683,609,74
122000028,1363,490,873
122000029,416,598,-182
122000030,179,135,44
122000031,185,419,-234
122000032,2511,1736,775
122000033,470,1361,-891
122000034,331,886,-555
122000035,88,445,-357
122000036,571,352,219
122000037,441,220,221
122000038,162,276,-114
122000039,566,299,267
122000040,203,301,-98
122000041,1107,790,317
122000042,430,661,-231
122000043,103,140,-37
122000044,74,116,-42
122000045,1354,589,765
122000046,910,713,197
122000047,56,156,-100
122000048,2452,4034,-1582
122000049,5093,4242,851
122000050,519,509,10
122000051,204,595,-391
122000052,329,450,-121
122000053,241,1542,-1301
122000054,2811,1858,953
122000055,1768,2421,-653
122000056,2824,2192,632
122000057,2025,2191,-166
122000058,392,1122,-730
122000059,526,1928,-1402
122000060,362,538,-176
122000061,149,362,-213
122000062,665,413,252
122000063,234,1485,-1251
122000064,2866,3804,-938
122000065,2185,2125,60
122000066,894,1470,-576
122000067,1211,1515,-304
122000068,3348,1357,1991
122000069,1391,735,656
122000070,1608,2006,-398
122000071,3749,1216,2533
122000072,655,533,122
122000073,185,802,-617
122000074,2993,1535,1458
122000075,1141,1016,125
122000076,3400,1238,2162
122000077,547,1416,-869
122000078,431,1376,-945
122000079,203,1860,-1657
122000080,489,315,174
122000081,120,160,-40
122000082,242,1238,-996
122000083,6450,1010,5440
122000084,5053,1581,3472
122000085,517,973,-456
122000086,2777,7206,-4429
122000087,194,289,-95
122000088,104,257,-153
122000089,4765,3143,1622
122000090,281,1149,-868
122000091,99,523,-424
122000092,55,190,-135
122000093,1386,4310,-2924
122000094,5329,2806,2523
122000095,621,4254,-3633
122000096,476,2979,-2503
122000098,3303,3354,-51
122000099,316,2107,-1791
122000100,598,357,241
122000101,333,1172,-839
122000102,3285,1104,2181
122000103,1140,1758,-618
122000104,1435,137,1298
122000105,632,396,236
122000106,589,1563,-974
122000107,1815,347,1468
122000108,656,516,140
122000109,378,247,131
122000110,572,465,107
122000111,1663,1221,442
122000112,1546,1648,-102
122000113,708,460,248
122000114,1448,3197,-1749
122000115,4520,2183,2337
122000116,322,1059,-737
122000117,1718,1484,234
122000118,1425,1308,117
122000119,2093,1669,424
122000120,1199,2455,-1256
122000121,1932,2245,-313
122000122,851,1057,-206
122000123,1534,1941,-407
122000124,766,464,302
122000125,304,863,-559
122000126,315,522,-207
122000127,187,827,-640
122000128,598,433,165
122000129,430,3363,-2933
122000130,3855,1032,2823
122000131,2241,761,1480
122000132,174,308,-134
122000133,1657,644,1013
122000134,1772,708,1064
122000135,570,148,422
122000136,1387,570,817
122000137,3770,535,3235
122000139,650,3986,-3336
122000140,123,963,-840
122000141,3709,1850,1859
122000142,111,1697,-1586
122000143,387,324,63
122000144,3188,820,2368
122000145,923,2710,-1787
122000146,566,3970,-3404
122000147,881,963,-82
122000148,349,1171,-822
122000149,2291,590,1701
122000150,2220,1085,1135
122000151,212,337,-125
122000152,419,279,140
122000153,502,276,226
122000154,126,207,-81
122000155,1184,3498,-2314
122000156,7249,3841,3408
122000157,604,7764,-7160
122000158,422,877,-455
122000159,1878,725,1153
122000160,2876,1290,1586
122000161,1463,1250,213
122000162,750,1110,-360
122000163,326,107,219
122000164,63,139,-76
122000165,898,1642,-744
122000166,591,1859,-1268
122000167,222,580,-358
122000168,242,1191,-949
122000169,355,138,217
122000170,326,175,151
122000171,22,48,-26
122000172,2087,1283,804
122000173,1690,2467,-777
122000174,1031,4871,-3840
122000175,557,328,229
122000176,453,1684,-1231
122000177,841,1861,-1020
122000178,3268,3832,-564
122000179,2997,4273,-1276
122000180,607,864,-257
122000181,681,1572,-891
122000182,840,974,-134
122000183,1772,1064,708
122000184,3100,2948,152
122000185,927,2589,-1662
122000186,512,1046,-534
122000187,2509,926,1583
122000188,374,206,168
122000189,276,236,40
122000190,473,2364,-1891
122000191,581,732,-151
122000192,1593,431,1162
122000193,646,690,-44
122000194,492,177,315
122000195,168,1066,-898
122000196,2103,381,1722
122000197,746,590,156
122000198,505,1997,-1492
122000199,306,191,115
122000200,860,829,31
122000201,1146,2996,-1850
122000202,679,2935,-2256
122000203,2160,1752,408
122000204,1791,1181,610
122000205,1033,605,428
122000206,4710,1030,3680
122000207,2844,1829,1015
122000208,2477,1342,1135
122000209,2911,458,2453
122000210,3015,1809,1206
122000211,1553,1907,-354
122000212,877,468,409
122000213,845,1581,-736
122000214,2112,1941,171
122000215,2434,2834,-400
122000217,1405,1925,-520
122000218,634,72,562
122000219,1140,559,581
122000220,364,785,-421
122000221,93,351,-258
122000222,594,134,460
122000223,910,865,45
122000225,801,575,226
122000226,1994,1413,581
122000227,187,1404,-1217
122000228,475,714,-239
122000229,30,2034,-2004
122000230,47,463,-416
122000231,338,1339,-1001
122000232,603,353,250
122000233,0,50,-50
122000234,1118,86,1032
122000235,651,77,574
122000236,2310,70,2240
122000237,195,277,-82
122000238,319,738,-419
122000239,646,1568,-922
122000240,1803,579,1224
122000241,4360,476,3884
122000242,766,68,698
122000243,135,119,16
122000244,63,505,-442
122000245,52,71,-19
122000246,127,352,-225
122000247,1266,3244,-1978
122000248,1402,1192,210
122000249,2138,3000,-862
122000250,2381,912,1469
122000251,195,143,52
122000252,334,38,296
122000253,205,88,117
122000254,824,31,793
122000255,686,531,155
122000256,426,528,-102
122000257,882,232,650
122000258,491,320,171
122000259,71,142,-71
122000260,4,59,-55
122000261,5,221,-216
122000262,0,37,-37
122000263,328,156,172
122000264,2473,337,2136
122000265,3742,1095,2647
122000266,4310,404,3906
122000267,62,68,-6
122000268,211,141,70
122000269,1178,203,975
122000270,672,181,491
122000271,233,1668,-1435
122000272,575,429,146
122000273,1180,235,945
122000274,520,178,342
122000275,49,195,-146
122000276,2619,768,1851
122000277,1256,3073,-1817
122000278,3987,598,3389
122000279,398,367,31
122000280,776,707,69
122000281,704,372,332
122000282,69,850,-781
122000283,306,320,-14
122000284,69,566,-497
122000285,515,153,362
122000286,134,211,-77
122000287,2387,1867,520
122000288,611,277,334
122000291,3469,781,2688
122000293,214,297,-83
122000294,109,636,-527
122000295,1409,524,885
122000296,45,1860,-1815
122000297,2031,4389,-2358
122000299,808,289,519
122000300,422,761,-339
122000301,6882,5600,1282
122000302,476,6583,-6107
122000303,1677,1390,287
122000304,35,274,-239
122000305,3187,291,2896
122000306,153,304,-151
122000307,120,159,-39
122000309,24,66,-42
122000310,17,74,-57
122000311,23,90,-67
122000312,212,160,52
122000313,13,182,-169
122000314,286,1137,-851
122000315,384,47,337
122000316,2478,311,2167
122000317,4492,264,4228
122000318,387,3146,-2759
122000319,191,214,-23
122000320,311,633,-322
122000321,147,137,10
122000322,1197,2077,-880
122000323,461,1580,-1119
122000324,1700,1907,-207
122000325,858,2297,-1439
122000326,262,50,212
122000327,360,667,-307
122000328,462,449,13
122000330,2985,1813,1172
122000332,225,422,-197
122000333,71,61,10
122000337,2567,1480,1087
122000338,820,153,667
122000340,161,2784,-2623
122000342,1314,920,394
122000343,870,277,593
122000344,138,2,136
122000345,52,16,36
122000346,461,99,362
122000348,868,595,273
122000349,55,304,-249
122000351,490,133,357
122000352,175,107,68
122000353,363,45,318
122000355,48,497,-449
122000356,258,1480,-1222
122000357,88,39,49
122000358,0,22,-22
122000359,0,10,-10
122000360,0,1,-1
122000362,27,38,-11
122000364,731,170,561
122000365,1,39,-38
122000366,38,7,31
122000368,745,701,44
122000370,70,53,17
122000371,135,0,135
122000372,57,2,55
122000381,344,324,20
122000382,62,112,-50
122000384,1306,1214,92
122000385,137,0,137
122000386,172,2599,-2427
122000387,635,1952,-1317
122000388,1665,1060,605
122000389,170,956,-786
122000390,262,497,-235
122000391,30,1478,-1448
122000392,125,99,26
122000393,52,138,-86
122000394,1102,156,946
122000395,272,178,94
122000396,584,60,524
122000397,48,83,-35
122000398,14,225,-211
122000399,291,118,173
122000400,21,921,-900
122000401,263,43,220
122000402,1217,129,1088
122000403,403,204,199
122000404,609,167,442
122000408,625,766,-141
122000503,11,72,-61
122000524,85,195,-110
122000544,121,3624,-3503
122000616,242,4,238
122000640,168,58,110
122000641,332,138,194
122000642,1523,523,1000
122000643,77,279,-202
122000644,129,50,79
122000645,73,157,-84
122000651,292,1389,-1097
122000664,334,68,266
122000665,1544,335,1209
122000666,481,433,48
122000673,61,118,-57
122000674,1143,329,814
122000675,3915,698,3217
122000686,541,2702,-2161
122000687,3365,1019,2346
122000688,342,438,-96
122000689,3903,350,3553
122000690,7351,780,6571
122000691,1503,660,843
122000692,2179,1121,1058
122000693,468,555,-87
122000695,660,236,424
122000696,1613,158,1455
122000698,540,141,399
122000699,892,177,715
122000701,3251,221,3030
122000702,660,1076,-416
122000703,257,47,210
122000717,114,94,20
122000718,295,3355,-3060
122000719,22,108,-86
122000720,1472,107,1365
122000724,110,18,92
122900001,88,45,43
122900002,848,12005,-11157
122900003,924,14,910
122900004,5480,466,5014
122900005,36,340,-304
122900006,427,3039,-2612
122900007,74,89,-15
122900008,312,528,-216
122900009,421,302,119
122900010,413,75,338
122900012,307,397,-90
122900014,147,66,81
122900015,996,748,248
122900016,116,121,-5
122900017,440,1023,-583
122900018,301,7,294
122900019,12,66,-54
122900020,259,807,-548
122900021,30,970,-940
122900022,2779,1097,1682
122900023,1681,131,1550
122900024,148,143,5
122900025,8,645,-637
122900026,4,107,-103
122900027,52,838,-786
122900028,41,72,-31
122900029,5674,2345,3329
122900030,1765,305,1460
122900031,73,396,-323
122900032,556,359,197
122900033,169,111,58
122900034,3345,5729,-2384
122900035,38,5,33
122900036,79,47,32
122900037,725,259,466
122900038,69,3005,-2936
122900039,77,470,-393
122900040,342,834,-492
122900041,141,576,-435
122900042,163,99,64
122900043,528,237,291
122900044,162,472,-310
122900045,225,113,112
122900046,89,525,-436
122900047,178,84,94
122900048,45,367,-322
122900049,2553,63,2490
122900051,40,306,-266
122900052,140,68,72
122900053,9,14,-5
122900055,454,96,358
122900057,382,53,329
122900061,717,44,673
122900062,683,1265,-582
122900063,437,123,314
122900064,1492,589,903
122900065,773,155,618
122900066,1140,140,1000
122900067,864,924,-60
122900068,112,191,-79
122900069,662,3317,-2655
122900070,620,89,531
122900071,88,236,-148
122900072,11,150,-139
122900073,22,90,-68
122900074,2683,164,2519
122900075,0,29,-29
122900076,1,57,-56
122900077,0,72,-72
122900078,506,10,496
122900080,27,108,-81
122900081,313,59,254
122900082,3012,101,2911
122900083,449,37,412
122900084,12,121,-109
122900086,3,78,-75
122900087,675,231,444
122900088,38,703,-665
122900089,59,623,-564
122900090,7,168,-161
122900091,1130,5,1125
122900092,0,99,-99
122900093,0,125,-125
122900094,1,108,-107
122900095,480,45,435
122900096,1490,71,1419
122900097,42,150,-108
122900098,4,139,-135
122900099,171,147,24
122900100,81,1567,-1486
122900101,401,397,4
122900102,125,102,23
122900103,539,28,511
122900104,960,25,935
122900105,32,104,-72
122900106,1,23,-22
122900107,7,53,-46
122900108,0,38,-38
123000001,1054,769,285
123000002,2121,6390,-4269
123000003,6256,5075,1181
123000004,2899,3170,-271
123000005,4862,2678,2184
123000006,2325,1913,412
123000007,5826,4915,911
123000008,2072,3951,-1879
123000009,5677,3914,1763
123000010,2460,3167,-707
123000011,2061,1082,979
123000012,531,2858,-2327
123000013,7223,1370,5853
123000014,804,2706,-1902
123000015,4009,858,3151
123000016,2397,2540,-143
123000017,4746,2234,2512
123000018,109,83,26
123000019,1510,48,1462
123000020,1224,42,1182
123000021,799,913,-114
123000022,1044,3383,-2339
123000023,2578,4410,-1832
123000024,2341,850,1491
123000025,12,155,-143
123000026,5,183,-178
123000027,25,585,-560
123000028,501,2749,-2248
123000029,486,1812,-1326
123000030,483,246,237
123000031,892,152,740
123000032,1446,187,1259
123000033,508,104,404
123000034,1653,909,744
123000035,588,637,-49
123000036,192,1531,-1339
123000037,442,193,249
123000038,58,214,-156
123000039,503,1438,-935
123000040,747,234,513
123000041,617,1360,-743
123000042,517,1000,-483
123000043,1578,17508,-15930
123000044,2551,2225,326
123000045,2584,1591,993
123000046,246,1128,-882
123000047,354,603,-249
123000048,202,2140,-1938
123000049,4943,11138,-6195
123000050,3960,2325,1635
123000051,233,495,-262
123000052,1330,3702,-2372
123000053,2740,2540,200
123000054,3913,2893,1020
123000055,2478,7850,-5372
123000056,1523,717,806
123000057,3684,6244,-2560
123000058,939,2048,-1109
123000059,249,628,-379
123000060,1907,847,1060
123000061,502,676,-174
123000063,2200,1419,781
123000064,2617,187,2430
123000065,2874,4270,-1396
123000066,424,430,-6
123000067,1314,479,835
123000068,1740,1323,417
123000069,2467,1162,1305
123000070,216,213,3
123000071,3727,446,3281
123000072,1270,352,918
123000073,3556,713,2843
123000074,1239,547,692
123000075,451,2771,-2320
123000076,1205,254,951
123000077,2780,1005,1775
123000078,4703,657,4046
123000079,4749,1173,3576
123000080,3349,664,2685
123000081,549,206,343
123000082,320,459,-139
123000083,1585,213,1372
123000084,1177,278,899
123000085,1013,91,922
123000086,1934,86,1848
123000087,822,165,657
123000088,1661,972,689
123000089,1818,841,977
123000090,2192,796,1396
123000091,2163,1565,598
123000092,935,1456,-521
123000094,1552,114,1438
123000095,2171,2660,-489
123000096,2328,359,1969
123000097,1250,251,999
123000098,2254,266,1988
123000099,1403,236,1167
123000100,242,816,-574
123000101,429,270,159
123000102,684,1624,-940
123000104,677,432,245
123000105,394,111,283
123000106,890,265,625
123000107,420,87,333
123000108,548,639,-91
123000111,2390,771,1619
123000112,3053,370,2683
123000113,786,410,376
123000114,516,1096,-580
123000115,856,978,-122
123000116,93,50,43
123000117,4863,1959,2904
123000118,882,362,520
123000119,451,385,66
123000120,379,995,-616
123000121,831,397,434
123000122,528,167,361
123000123,871,355,516
123000124,555,168,387
123000125,1874,815,1059
123000126,1327,4943,-3616
123000127,563,333,230
123000128,464,105,359
123000129,2125,89,2036
123000130,2040,18,2022
123000131,2816,927,1889
123000132,477,314,163
123000133,222,102,120
123000134,307,68,239
123000135,5351,2702,2649
123000136,254,282,-28
123000137,234,112,122
123000138,218,182,36
123000139,1283,45,1238
123000140,60,405,-345
123000141,758,111,647
123000142,1328,689,639
123000143,963,1469,-506
123000144,4,68,-64
123000145,166,1220,-1054
123000146,43,172,-129
123000147,53,344,-291
123000149,400,138,262
123000150,145,147,-2
123000151,158,445,-287
123000152,36,837,-801
123000153,108,916,-808
123000154,835,2365,-1530
123000155,1920,2691,-771
123000156,52,65,-13
123000157,1157,1087,70
123000158,573,1356,-783
123000159,3121,8299,-5178
123000160,1817,2302,-485
123000161,2059,2094,-35
123000162,2780,3388,-608
123000163,2010,477,1533
123000164,4632,204,4428
123000165,171,719,-548
123000166,4,76,-72
123000167,121,119,2
123000168,533,70,463
123000169,1904,149,1755
123000170,208,40,168
123000171,2909,5,2904
123000172,131,292,-161
123000173,1095,1054,41
123000174,1257,658,599
123000175,211,728,-517
123000176,1676,462,1214
123000177,185,834,-649
123000178,1743,356,1387
123000179,22,313,-291
123000180,2716,412,2304
123000181,192,672,-480
123000182,541,283,258
123000183,230,753,-523
123000184,36,380,-344
123000185,2197,928,1269
123000186,1,117,-116
123000187,1160,30,1130
123000188,736,2,734
123000189,234,87,147
123000190,140,50,90
123000192,4,198,-194
123000193,36,253,-217
123000194,197,111,86
123000195,819,20,799
123000196,1113,49,1064
123000197,164,141,23
123000198,171,268,-97
123000199,56,307,-251
123000200,1051,14,1037
123000201,2911,25,2886
123000202,26,326,-300
123000203,2766,39,2727
123000204,17,397,-380
123000205,188,453,-265
123000206,5619,225,5394
123000207,111,464,-353
123000208,1723,87,1636
123000209,3028,690,2338
123000210,94,622,-528
123000211,300,924,-624
123000212,8579,582,7997
123000213,1196,52,1144
123000215,112,157,-45
123000216,353,1755,-1402
123000217,336,184,152
123000218,21,947,-926
123000219,931,195,736
123000220,964,772,192
123000221,337,103,234
123000222,954,190,764
123000223,1925,145,1780
123000224,944,212,732
123000225,652,102,550
123000226,316,554,-238
123000227,155,312,-157
123000228,711,123,588
123000229,859,552,307
123000232,118,413,-295
123000233,1686,100,1586
123000234,96,820,-724
123000235,3251,198,3053
123000236,537,435,102
123000237,1158,146,1012
123000238,16,273,-257
123000239,566,382,184
123000240,40,1255,-1215
123000241,263,52,211
123000242,433,202,231
123000243,1157,756,401
123000244,860,497,363
123000245,10,133,-123
123000249,252,640,-388
123000252,1578,420,1158
123000253,3141,608,2533
123000254,940,401,539
123000255,2130,1093,1037
123000256,17,221,-204
123000257,1719,1685,34
123000258,1080,543,537
123000259,992,596,396
123000260,1017,173,844
123000261,773,137,636
123000262,54,51,3
123000263,972,64,908
123000264,224,92,132
123000265,16,42,-26
123000266,733,559,174
123000267,1815,243,1572
123000268,69,29,40
123000269,58,41,17
123000270,59,34,25
123000271,21,33,-12
123000272,913,440,473
123000273,613,1150,-537
123000274,2031,797,1234
123000275,242,502,-260
123000278,1657,5576,-3919
123000279,463,151,312
123000280,392,492,-100
123000281,551,145,406
123000282,136,190,-54
123000283,400,70,330
123000284,42,55,-13
123000286,154,394,-240
123000287,342,260,82
123000288,1065,2000,-935
123000289,279,2808,-2529
123000291,164,609,-445
123000294,162,133,29
123000295,633,1597,-964
123000296,1207,613,594
123000297,1630,293,1337
123000298,2508,288,2220
123000299,258,108,150
123000300,2275,831,1444
123000301,327,1053,-726
123000302,513,70,443
123000303,183,606,-423
123000305,563,575,-12
123000306,544,82,462
123000309,40,71,-31
123000310,99,40,59
123000311,0,40,-40
123000312,436,298,138
123000313,1017,1658,-641
123000315,493,129,364
123000316,1153,336,817
123000317,512,250,262
123000318,20,258,-238
123000329,25,12,13
123000337,521,244,277
123000338,165,719,-554
123000339,772,45,727
123000340,143,289,-146
123000342,2,100,-98
123000343,178,51,127
123000344,366,79,287
123000345,357,213,144
123000346,930,105,825
123000352,1440,539,901
123000353,65,83,-18
123000354,2734,32,2702
123000355,0,492,-492
123000356,892,43,849
123000357,2,95,-93
123000359,13,66,-53
123000360,363,531,-168
123000361,620,126,494
123000362,1013,90,923
123000363,339,133,206
123000364,684,1292,-608
123000365,26,466,-440
123000366,299,3994,-3695
123000367,344,487,-143
123000370,38,812,-774
123000371,1083,197,886
123000372,707,203,504
123000373,32,198,-166
123000374,30,106,-76
123000375,734,1157,-423
123000376,1528,730,798
123000377,1473,15,1458
123000378,17,208,-191
123000379,12,388,-376
123000380,14,256,-242
123000381,58,178,-120
123000382,781,182,599
123000383,42,974,-932
123000384,1164,288,876
123000385,219,364,-145
123000436,127,2239,-2112
123000507,68,135,-67
123000508,205,1660,-1455
123000517,284,3,281
123000518,13,40,-27
123000519,248,60,188
123000520,50,58,-8
123000521,700,42,658
123000522,92,106,-14
123000541,40,5,35
123000542,0,2,-2
123000565,0,0,0
123000566,2904,291,2613
123000567,325,82,243
123000573,31,360,-329
123000574,2293,173,2120
123000575,4696,323,4373
123000576,2013,516,1497
123000577,86,465,-379
123000578,827,44,783
123000579,1141,9440,-8299
123000580,143,148,-5
123000582,1136,33,1103
123000583,25,174,-149
123000584,212,134,78
123000585,0,23,-23
123000586,604,5,599
123000596,64,28,36
123000597,183,187,-4
123000602,357,39,318
123000603,2703,252,2451
123000604,1956,308,1648
123000605,1380,106,1274
123000606,1,907,-906
123000609,26,345,-319
123000610,101,111,-10
123000613,132,55,77
123000614,704,45,659
123000615,130,24,106
123000616,2918,34,2884
123000617,182,164,18
123000618,14,198,-184
123000619,868,23,845
123000620,15,181,-166
123000622,1330,26,1304
123000624,670,29,641
123000630,3250,926,2324
123000631,434,497,-63
123000632,744,385,359
123000633,0,224,-224
123000634,38,930,-892
123000635,41,145,-104
123000636,103,513,-410
123000637,459,41,418
123000638,1792,48,1744
123000639,1921,11937,-10016
123000640,8,181,-173
123900001,1641,104,1537
123900002,15,1892,-1877
123900003,132,292,-160
123900005,465,257,208
123900006,816,73,743
124000001,3876,388,3488
124000002,34,637,-603
124000003,2315,277,2038
124000004,212,184,28
124000005,2296,2327,-31
124000006,369,524,-155
124000007,1628,374,1254
124000008,5,1107,-1102
124000009,1246,538,708
124000010,1069,761,308
124000011,1694,1317,377
124000012,812,230,582
124000017,520,118,402
124000018,451,137,314
124000019,417,122,295
124000020,209,90,119
124000021,243,73,170
124000022,212,168,44
124000023,1971,1854,117
124000024,1206,201,1005
124000025,1730,1833,-103
124000026,1333,908,425
124000027,3732,2521,1211
124000028,1190,3613,-2423
124000030,1821,1127,694
124000031,1681,15594,-13913
124000032,1160,756,404
124000033,4,961,-957
124000034,1339,1134,205
124000035,18,367,-349
124000036,78,612,-534
124000037,456,707,-251
124000038,24,81,-57
124000039,441,420,21
124000040,273,1442,-1169
124000041,1323,444,879
124000042,433,715,-282
124000043,319,72,247
124000044,147,299,-152
124000045,2809,282,2527
124000046,341,666,-325
124000047,5293,554,4739
124000048,2487,346,2141
124000049,3290,565,2725
124000050,1697,1163,534
124000051,2476,280,2196
124000052,1331,551,780
124000053,523,3674,-3151
124000054,1156,222,934
124000055,1415,8980,-7565
124000056,1734,654,1080
124000057,2746,267,2479
124000058,1365,564,801
124000059,1850,1457,393
124000060,581,465,116
124000061,1554,9165,-7611
124000062,1228,917,311
124000063,1282,614,668
124000064,1387,1552,-165
124000065,5,2272,-2267
124000066,622,7345,-6723
124000067,185,239,-54
124000068,59,80,-21
124000069,214,56,158
124000070,215,17,198
124000071,269,1123,-854
124000072,913,5431,-4518
124000073,1667,80,1587
124000074,313,794,-481
124000075,1297,90,1207
124000076,172,57,115
124000077,464,958,-494
124000078,1696,1168,528
124000079,422,1100,-678
124000080,1765,700,1065
124000081,643,1593,-950
124000082,171,129,42
124000083,63,159,-96
124000084,55,1311,-1256
124000085,75,23,52
124000086,19,512,-493
124000087,79,685,-606
124000088,168,421,-253
124000089,1035,199,836
124000090,340,261,79
124000091,1077,91,986
124000092,559,433,126
124000093,299,172,127
124000094,263,1051,-788
124000095,254,39,215
124000096,639,286,353
124000097,264,98,166
124000098,354,44,310
124000099,481,102,379
124000100,184,101,83
124000101,219,148,71
124000102,255,18,237
124000103,354,136,218
124000104,183,20,163
124000105,352,75,277
124000106,293,23,270
124000107,46,322,-276
124000108,44,9,35
124000109,226,69,157
124000110,251,48,203
124000111,309,142,167
124000112,1939,366,1573
124000113,327,139,188
124000114,957,243,714
124000115,760,500,260
124000116,99,362,-263
124000117,58,48,10
124000118,42,87,-45
124000119,1390,710,680
124000120,1167,291,876
124000121,1142,940,202
124000122,595,1982,-1387
124000123,654,328,326
124000124,668,902,-234
124000125,580,268,312
124000126,580,478,102
124000127,1358,266,1092
124000128,1348,312,1036
124000129,1772,872,900
124000130,542,214,328
124000131,683,548,135
124000132,599,514,85
124000133,1860,920,940
124000134,1099,400,699
124000135,1861,2108,-247
124000136,699,645,54
124000137,1167,1241,-74
124000138,856,685,171
124000139,799,119,680
124000140,40,771,-731
124000141,39,44,-5
124000142,9,610,-601
124000143,54,76,-22
124000144,33,118,-85
124000145,249,537,-288
124000146,42,583,-541
124000148,21,296,-275
124000149,1518,344,1174
124000150,444,2903,-2459
124000151,2060,558,1502
124000152,1103,1502,-399
124000153,1676,891,785
124000154,1191,844,347
124000155,1133,898,235
124000156,1325,940,385
124000169,196,1176,-980
124000170,583,406,177
124000171,410,463,-53
124000172,453,391,62
124000173,1301,168,1133
124000174,884,355,529
124000175,160,122,38
124000176,157,39,118
124000177,1,84,-83
124000178,59,144,-85
124000190,32,101,-69
124000191,118,368,-250
124000192,1726,1649,77
124000193,193,3814,-3621
124000194,455,195,260
124000195,567,415,152
124000196,639,737,-98
124000197,167,20,147
124000198,136,41,95
124000201,80,283,-203
124000202,1421,134,1287
124000203,1884,203,1681
124000204,5342,385,4957
124000205,314,851,-537
124000206,3091,901,2190
124000207,1,17,-16
124000209,260,222,38
124000210,2850,402,2448
124000211,2422,9,2413
124000212,1,198,-197
124000213,1685,281,1404
124000214,1686,226,1460
124000215,2088,8,2080
124000216,12,420,-408
124000329,138,574,-436
124000338,240,543,-303
124000339,6895,16,6879
124000341,5167,39,5128
124000344,86,17,69
124000357,1510,4135,-2625
124000358,736,2251,-1515
124000359,1722,703,1019
124000360,1968,443,1525
124000361,3919,1420,2499
124000362,1677,4022,-2345
124000363,824,181,643
124000364,627,281,346
124000365,894,578,316
124000366,2295,569,1726
124000367,112,231,-119
124000368,247,2394,-2147
124000369,74,104,-30
124000370,20,933,-913
124000402,139,44,95
124000403,452,57,395
124000404,213,82,131
124000405,763,534,229
124000406,943,264,679
124000407,20,11,9
124000411,6,415,-409
124000412,1211,1,1210
124000413,244,356,-112
124000414,257,64,193
124000415,62,45,17
124000416,369,85,284
124000417,665,67,598
124000418,651,31,620
124000419,256,18,238
124000420,516,17,499
124000421,154,57,97
124000422,34,13,21
124000423,226,21,205
124000424,39,26,13
124000425,50,106,-56
124000426,24,182,-158
124000427,80,11,69
124000428,4,1053,-1049
124000429,306,17,289
124000430,1755,479,1276
124000431,1046,234,812
124000432,622,1159,-537
124000439,90,1,89
124000443,5,14,-9
124000445,151,3272,-3121
124000446,996,464,532
124900001,1429,156,1273
124900002,474,138,336
124900003,1809,240,1569
124900004,1515,218,1297
124900005,308,61,247
124900006,1532,151,1381
124900008,505,661,-156
124900009,60,704,-644
124900010,677,105,572
124900011,2005,231,1774
124900012,371,82,289
124900013,947,115,832
124900014,379,562,-183
124900015,284,794,-510
124900016,188,272,-84
124900017,639,5925,-5286
124900018,516,9,507
124900020,273,31,242
124900021,957,252,705
124900022,118,3,115
124900024,1383,2,1381
124900026,106,72,34
124900027,180,193,-13
124900028,303,60,243
124900029,37,843,-806
124900030,5,56,-51
124900031,72,230,-158
124900032,149,70,79
124900033,196,355,-159
124900034,33,113,-80
124900035,245,122,123
124900036,3,93,-90
124900037,518,75,443
124900038,229,106,123
124900039,2,96,-94
124900040,236,23,213
124900041,752,332,420
124900042,36,4,32
124900043,963,349,614
124900044,123,1,122
124900045,457,1625,-1168
124900046,531,118,413
124900047,179,84,95
124900048,628,68,560
124900050,299,76,223
124900052,235,202,33
124900053,598,170,428
124900054,948,852,96
124900055,0,88,-88
124900057,7,325,-318
124900060,120,202,-82
124900061,303,3,300
124900062,265,17,248
124900066,0,11,-11
124900067,1,134,-133
124900068,154,1773,-1619
124900070,66,182,-116
124900072,570,43,527
124900074,532,255,277
124900075,1200,127,1073
124900076,34,3265,-3231
124900077,28,67,-39
124900078,231,12,219
124900079,455,348,107
124900080,816,181,635
124900081,2227,144,2083
124900082,798,183,615
124900083,789,403,386
124900084,913,50,863
124900085,328,332,-4
124900086,13,860,-847
124900087,466,37,429
124900088,137,43,94
124900089,981,14,967
124900090,1270,138,1132
124900091,579,87,492
124900092,691,93,598
124900093,1152,141,1011
124900094,1206,123,1083
124900095,250,928,-678
124900096,354,72,282
124900097,985,39,946
124900098,294,356,-62
124900099,196,832,-636
124900100,692,17,675
124900101,203,243,-40
124900102,789,12,777
124900103,522,83,439
124900104,250,81,169
124900105,358,64,294
124900106,504,85,419
124900107,431,11,420
124900108,669,172,497
124900109,196,369,-173
124900110,1031,155,876
124900111,4,254,-250
124900112,517,185,332
124900113,68,177,-109
124900114,62,132,-70
124900115,40,610,-570
124900116,814,684,130
124900117,214,312,-98
124900118,81,1949,-1868
124900119,746,391,355
124900120,36,156,-120
124900121,70,788,-718
124900122,429,143,286
124900123,118,103,15
124900124,47,145,-98
129000186,167,237,-70
204000001,225,11,214
204000002,19,4,15
204000003,8,3,5
204000004,22,2,20
204000005,337,258,79
204000006,1139,1267,-128
204000011,5,11,-6
204000012,63,34,29
204000013,0,3,-3
204000019,1394,416,978
204000020,1675,305,1370
204000021,1167,805,362
204000022,1577,636,941
204000023,792,329,463
204000031,72,9,63
204000032,246,7,239
204000034,52,114,-62
204000035,0,2,-2
204000036,4,84,-80
204000037,2,29,-27
204000038,0,19,-19
204000039,7,42,-35
204000040,9,30,-21
204000041,11,25,-14
204000042,16,22,-6
204000043,34,11,23
204000044,137,32,105
204000045,98,69,29
204000046,28,5,23
204000057,8,29,-21
204000062,48,53,-5
204000068,30,272,-242
204000069,145,552,-407
204000070,80,126,-46
204000080,74,69,5
204000085,1051,402,649
204000086,1563,702,861
204000087,83,3,80
204000088,3,24,-21
204000090,84,167,-83
204000093,1383,23,1360
204000096,2038,289,1749
204000097,1008,2,1006
204000099,1071,2158,-1087
204000100,1919,760,1159
204000105,1306,289,1017
204000110,396,692,-296
204000111,578,471,107
204000112,295,347,-52
204000113,211,446,-235
204000114,1670,1042,628
204000115,1505,294,1211
204000116,873,346,527
204000119,3357,728,2629
204000132,615,621,-6
204000133,913,64,849
204000134,319,39,280
204000135,859,43,816
204000136,530,250,280
204000138,247,1030,-783
204000140,300,109,191
204000141,176,32,144
204000144,14,30,-16
204000145,1055,32,1023
204000146,24,122,-98
204000147,6,225,-219
204000148,198,16,182
204000154,8,5,3
204000155,3,8,-5
204000177,44,80,-36
204000179,13,13,0
204000180,0,38,-38
204000222,16,16,0
204000235,162,57,105
204000236,73,122,-49
204000238,9,14,-5
204000240,546,47,499
204000263,582,400,182
204000268,609,166,443
204000308,80,6,74
204000317,15,171,-156
204000322,29,148,-119
204000323,26,1,25
204000328,304,17,287
204000329,128,23,105
204000330,350,12,338
204000331,72,80,-8
204010341,18,168,-150
205000001,648,1030,-382
205000013,36,144,-108
205000014,116,52,64
205000015,163,53,110
205000016,83,55,28
205000017,72,61,11
205000022,322,273,49
205000025,1334,367,967
205000029,1117,4,1113
205000045,251,181,70
205000046,198,126,72
205000047,140,100,40
205000048,473,135,338
205000049,226,223,3
205000050,333,74,259
205000059,0,250,-250
205000060,1,348,-347
205000061,7,971,-964
205000062,2,880,-878
205000063,36,1034,-998
205000064,73,297,-224
205000065,361,756,-395
205000066,229,204,25
205000067,217,210,7
205000069,191,9,182
205000082,137,151,-14
205000110,33,86,-53
205000111,145,46,99
205000112,112,114,-2
205000113,99,173,-74
205000121,87,73,14
205000123,185,63,122
205000126,705,118,587
205000127,662,92,570
205000128,413,89,324
205000129,1193,93,1100
205000130,325,24,301
205000131,38,5,33
205000132,60,8,52
205000133,44,2,42
205000134,384,0,384
205000137,290,39,251
205000138,553,162,391
205000139,39,66,-27
205000144,129,72,57
205000145,209,269,-60
205000151,130,40,90
205000152,160,63,97
205000153,194,31,163
205000154,75,89,-14
205000155,119,21,98
205000207,2,24,-22
205000233,21,2,19
205000234,0,0,0
205000243,1,0,1
205000244,0,2,-2
205000245,11,44,-33
205000249,0,6,-6
205000250,22,0,22
205000264,21,67,-46
206000027,4,27,-23
206000028,11,17,-6
206000043,2,42,-40
206000053,1,4,-3
206000054,0,19,-19
206000055,1,19,-18
206000075,25,12,13
206000076,74,7,67
206000077,95,7,88
206000078,10,17,-7
206000079,50,18,32
206000082,386,96,290
206000100,8,395,-387
206000103,0,0,0
206000104,0,2,-2
206000105,0,0,0
206000106,0,0,0
206000108,1083,49,1034
206000125,266,0,266
206000157,11,213,-202
206000170,0,82,-82
206000171,7,149,-142
206000172,21,127,-106
206000173,0,86,-86
206000174,13,37,-24
206000175,1,50,-49
206000176,10,65,-55
206000177,2,27,-25
206000178,1,316,-315
206000179,5,164,-159
206000180,3,43,-40
206000181,3,13,-10
206000182,4,41,-37
206000183,15,79,-64
206000184,6,64,-58
206000185,15,24,-9
206000186,115,204,-89
206000223,16,182,-166
206000226,80,3,77
206000227,63,11,52
206000237,40,97,-57
206000238,13,386,-373
206000239,152,1256,-1104
206000240,0,1,-1
206000241,0,55,-55
206000242,1,81,-80
206000243,13,48,-35
206000244,27,132,-105
206000245,4290,43,4247
206000246,817,10,807
206000247,1328,9,1319
206000248,1620,55,1565
206000252,81,60,21
206000258,3,7,-4
206000315,55,10,45
206000317,741,228,513
206000318,991,86,905
206000319,3783,77,3706
206000320,967,35,932
206000321,1248,18,1230
206000322,1839,21,1818
206000323,700,15,685
206000324,861,43,818
206000325,550,46,504
206000326,519,29,490
206000327,116,37,79
206000328,761,14,747
206000329,1531,9,1522
206000330,491,23,468
206000331,675,11,664
206000332,122,0,122
206000333,3121,4,3117
206000334,1861,1,1860
206000335,0,17,-17
206000361,6,90,-84
206000392,0,14,-14
206000405,679,1,678
206000441,183,24,159
206000498,142,3,139
206000515,106,45,61
206000530,670,61,609
206000531,251,350,-99
206000532,1567,327,1240
206000535,162,2646,-2484
206000536,52,61,-9
206000537,23,143,-120
206000613,1184,264,920
207000001,192,217,-25
207000002,165,161,4
207000003,97,95,2
207000007,3121,97,3024
207000008,545,8,537
207000009,127,20,107
207000010,328,187,141
207000012,781,72,709
207000015,241,384,-143
207000019,590,63,527
207000021,403,369,34
207000022,284,178,106
207000023,448,71,377
207000024,1,18,-17
207000025,23,156,-133
207000026,68,41,27
207000027,25,47,-22
207000028,97,118,-21
207000029,258,235,23
207000033,348,167,181
207000034,419,43,376
207000039,1149,28,1121
207000040,1318,15,1303
207000041,320,33,287
207000042,771,48,723
207000043,465,233,232
207000051,63,252,-189
207000052,2,100,-98
207000053,300,208,92
207000054,64,49,15
207000055,133,58,75
207000056,212,184,28
207000057,115,142,-27
207000058,83,151,-68
207000059,58,225,-167
207000060,38,362,-324
207000061,118,1757,-1639
207000062,1132,55,1077
207000063,1135,52,1083
207000064,609,38,571
207000065,448,123,325
207000066,894,194,700
207000067,150,49,101
207000068,294,19,275
207000069,1504,242,1262
207000082,51,101,-50
207000083,90,139,-49
207000084,770,148,622
207000085,476,44,432
207000086,953,7,946
207000106,151,13,138
207000107,322,16,306
207000108,210,8,202
207000109,176,9,167
207000110,96,26,70
207000111,166,34,132
207000112,36,899,-863
207000114,17,7,10
207000115,60,30,30
207000116,8,154,-146
207000117,3,49,-46
207000118,0,42,-42
207000119,19,31,-12
207000123,561,12,549
207000124,289,12,277
207000125,127,7,120
207000126,77,9,68
207000134,508,72,436
207000135,133,135,-2
207000148,198,284,-86
207000149,38,14,24
207000152,150,378,-228
207000153,344,513,-169
207000154,442,93,349
207000159,40,85,-45
207000160,112,224,-112
207000238,0,26,-26
207000242,0,42,-42
207000248,10,6,4
207000249,68,15,53
207000250,246,77,169
207000251,57,103,-46
207000252,44,36,8
207000278,289,137,152
207000279,28,66,-38
207000280,1645,30,1615
207000281,166,324,-158
207000282,49,899,-850
207000283,40,175,-135
207000284,81,2797,-2716
207000285,47,78,-31
207000291,5,53,-48
207000304,53,30,23
207000306,41,177,-136
207000310,481,152,329
207000353,102,2,100
207000356,0,108,-108
207000357,3,17,-14
207000358,2,7,-5
207000415,0,32,-32
207000417,37,1,36
207000418,77,38,39
207000438,0,6,-6
207000439,456,135,321
207000446,216,2,214
207000460,257,13,244
207000466,54,84,-30
207000467,1219,46,1173
207000468,63,182,-119
207000476,1,26,-25
207000477,1120,18,1102
207000478,1,28,-27
207000523,0,9,-9
207000524,44,1,43
207000527,431,90,341
207000530,798,2,796
207000531,447,4,443
207000532,153,42,111
207000534,182,19,163
207000535,5,75,-70
207000537,6,48,-42
207000540,1,20,-19
207000541,0,91,-91
207000548,6,120,-114
207000549,450,19,431
207000561,223,93,130
207000562,3,67,-64
207000567,35,118,-83
207000568,1069,51,1018
207000569,2147,96,2051
207000584,23,65,-42
207000585,11,67,-56
207000616,0,50,-50
207000617,492,26,466
207900008,961,26,935
208000001,862,758,104
208000002,1020,586,434
208000003,1085,286,799
208000004,808,702,106
208000005,0,46,-46
208000019,2074,215,1859
208000020,404,156,248
208000021,335,224,111
208000022,869,204,665
208000028,1102,2133,-1031
208000033,430,164,266
208000034,513,766,-253
208000037,917,44,873
208000040,523,146,377
208000041,1290,592,698
208000042,2715,509,2206
208000047,155,96,59
208000064,2927,1246,1681
208000066,1445,903,542
208000070,1002,583,419
208000071,1362,171,1191
208000072,1275,358,917
208000080,446,635,-189
208000081,564,177,387
208000082,761,124,637
208000083,338,184,154
208000084,14,149,-135
208000085,872,411,461
208000086,707,631,76
208000087,609,411,198
208000089,1431,206,1225
208000090,1018,321,697
208000093,32,109,-77
208000094,496,211,285
208000095,882,453,429
208000104,2630,285,2345
208000105,1387,424,963
208000114,180,346,-166
208000115,1175,458,717
208000116,2429,1844,585
208000117,16,92,-76
208000118,198,406,-208
208000155,966,871,95
208000158,2037,2315,-278
208000186,1244,1336,-92
208000204,966,957,9
208000205,1939,737,1202
208000282,784,655,129
209000004,1097,217,880
209000005,104,149,-45
209000006,385,207,178
209000007,405,479,-74
209000010,168,209,-41
209000011,43,219,-176
209000012,88,105,-17
209000013,374,173,201
209000014,555,282,273
209000025,823,56,767
209000026,1974,132,1842
209000027,410,138,272
209000028,276,152,124
209000029,582,535,47
209000030,542,720,-178
209000031,2143,702,1441
209000034,219,368,-149
209000035,197,316,-119
209000036,482,122,360
209000037,690,152,538
209000038,287,139,148
209000039,184,109,75
209000040,389,315,74
209000041,302,216,86
209000042,357,111,246
209000043,593,267,326
209000044,314,380,-66
209000045,611,222,389
209000046,987,255,732
209000047,787,294,493
209000048,792,813,-21
209000049,89,33,56
209000050,261,57,204
209000051,303,68,235
209000052,252,88,164
209000062,202,43,159
209000063,111,15,96
209000064,37,24,13
209000065,255,13,242
209000066,273,24,249
209000067,384,58,326
209000080,7,108,-101
209000082,238,24,214
209000091,38,86,-48
209000093,57,90,-33
209000094,32,160,-128
209000110,84,71,13
209000111,384,3111,-2727
209000112,1750,422,1328
209000113,4152,761,3391
209000114,2057,758,1299
209000115,66,46,20
209000116,238,136,102
209000118,18,125,-107
209000119,20,75,-55
209000121,96,299,-203
209000135,180,47,133
209000142,854,5903,-5049
209000143,41,68,-27
209000144,138,311,-173
209000229,358,68,290
209000240,23,160,-137
209000259,66,29,37
209000260,21,313,-292
209000261,27,179,-152
209000262,6,183,-177
209000263,0,220,-220
209000264,0,164,-164
209000265,497,1,496
209000266,195,1,194
209000267,2077,6,2071
209000268,798,123,675
210000037,272,65,207
210000047,127,10,117
210000048,197,63,134
210000049,228,10,218
210000052,186,31,155
210000053,59,22,37
210000054,14,58,-44
210000070,344,28,316
210000071,225,7,218
210000072,55,0,55
210000073,0,21,-21
210000074,0,29,-29
210000075,0,43,-43
210000076,1,83,-82
210000077,4,118,-114
210000078,12,137,-125
210000079,20,21,-1
210000080,52,315,-263
210000081,261,27,234
210000082,21,5,16
210000083,86,0,86
210000084,143,0,143
210000085,0,124,-124
210000086,2,54,-52
210000099,71,143,-72
210000100,79,87,-8
210000101,53,103,-50
210000105,4,281,-277
210000159,0,391,-391
210000163,24,82,-58
210000164,325,159,166
210000168,415,60,355
210000187,0,3,-3
210000188,0,22,-22
210000214,25,0,25
210000219,235,20,215
210000220,280,9,271
210000232,3,27,-24
210000233,42,11,31
210000234,42,22,20
210000235,145,34,111
210000245,0,42,-42
210000246,12,3,9
210000258,12,70,-58
210000259,377,89,288
210000282,18,200,-182
210000285,4,140,-136
210000286,42,120,-78
210000290,0,9,-9
210000295,90,199,-109
210000296,73,32,41
210000320,636,34,602
210000321,552,25,527
210000338,51,76,-25
210000339,104,824,-720
210000340,83,170,-87
210000341,286,113,173
210000342,355,82,273
210000343,189,121,68
210000344,123,216,-93
210000345,131,491,-360
210000346,56,322,-266
210000347,49,264,-215
210000348,192,199,-7
210000349,81,133,-52
210000350,346,98,248
210000351,358,43,315
210000352,31,17,14
210000353,39,17,22
210000354,75,20,55
210000355,20,224,-204
210000356,20,377,-357
210000357,27,406,-379
210000358,671,449,222
210000359,99,326,-227
210000360,375,414,-39
210000361,451,164,287
210000362,568,145,423
210000363,723,121,602
210000364,449,111,338
210000365,479,38,441
210000366,471,51,420
210000367,197,21,176
210000368,400,22,378
210000369,86,86,0
210000370,135,141,-6
210000372,36,35,1
210000373,35,59,-24
210000374,69,130,-61
210000375,22,19,3
210000376,61,315,-254
210000404,31,78,-47
210000439,187,11,176
210000472,77,1,76
210000482,193,116,77
210000564,306,145,161
210000567,2,74,-72
210000568,355,2,353
211000092,174,36,138
211000094,26,1,25
211000169,459,15,444
211000172,40,123,-83
211000209,2,52,-50
211000226,30,3,27
211000270,144,32,112
211000275,16,31,-15
211000276,317,29,288
211000279,37,53,-16
211000281,338,21,317
211507980,0,61,-61
211977296,38,4,34
212000003,368,186,182
212000004,6,110,-104
212000005,7,173,-166
212000006,34,170,-136
212000008,297,171,126
212000009,91,133,-42
212000012,211,47,164
212000013,49,33,16
212000014,369,54,315
212000015,353,78,275
212000016,559,226,333
212000027,723,128,595
212000028,555,127,428
212000029,418,136,282
212000030,54,10,44
212000031,88,31,57
212000048,41,605,-564
212000049,13,328,-315
212000050,25,31,-6
212000051,420,76,344
212000052,279,86,193
212000053,227,153,74
212000054,1114,54,1060
212000055,911,74,837
212000056,12,42,-30
212000057,20,31,-11
212000058,226,39,187
212000070,201,74,127
212000077,284,125,159
212000099,810,136,674
212000108,427,497,-70
212000111,652,46,606
212000120,109,145,-36
212000138,338,66,272
212000156,2,42,-40
212000158,2,72,-70
212000159,947,33,914
212000160,1109,78,1031
212000161,191,6,185
212000310,99,5,94
212000311,21,39,-18
212000374,55,9,46
213000001,21,354,-333
213000005,1144,83,1061
213000006,899,112,787
213000007,58,9,49
213000009,396,117,279
213000010,623,99,524
213000011,263,61,202
213000012,238,142,96
213000014,68,29,39
213000015,409,9,400
213000016,422,15,407
213000017,79,0,79
213000018,0,14,-14
213000019,2,53,-51
213000020,101,85,16
213000021,0,39,-39
213000023,961,251,710
213000033,434,922,-488
213000034,524,92,432
213000035,202,386,-184
213000045,127,242,-115
213000046,81,61,20
213000047,158,687,-529
213000056,403,22,381
213000069,118,20,98
213000073,0,28,-28
213000074,62,266,-204
213000075,1586,10,1576
213000076,13,5,8
213000085,7,26,-19
213000086,12,61,-49
213000091,623,7,616
213000092,61,4,57
213000099,123,768,-645
213000100,1276,231,1045
213000101,1322,86,1236
213000102,1353,112,1241
213000103,691,252,439
213000104,34,153,-119
213000105,153,2215,-2062
213000106,44,209,-165
213000107,111,242,-131
213000108,88,263,-175
213000109,1,187,-186
213000110,11,80,-69
213000111,0,39,-39
213000112,54,82,-28
213000115,132,4,128
213000116,15,245,-230
213000117,4,337,-333
213000118,1811,408,1403
213000119,20,282,-262
213000120,35,199,-164
213000122,112,222,-110
213000123,72,339,-267
213000124,297,593,-296
213000125,257,103,154
213000126,42,46,-4
213000127,38,106,-68
213000128,69,432,-363
213000129,160,2721,-2561
213000130,1823,877,946
213000132,2652,147,2505
213000133,2244,117,2127
213000134,3444,18,3426
213000136,914,7,907
213000137,888,23,865
213000139,332,25,307
213000147,28,14,14
213000148,13,24,-11
213000149,14,15,-1
213000150,1,682,-681
213000151,0,161,-161
213000152,0,227,-227
213000153,3,207,-204
213000154,99,176,-77
213000155,133,173,-40
213000156,125,165,-40
213000157,1133,170,963
213000158,532,337,195
213000159,1140,207,933
213000163,3721,464,3257
213000165,944,280,664
213000171,0,11,-11
213000172,0,45,-45
213000173,3,38,-35
213000174,0,68,-68
213000175,12,21,-9
213000176,281,37,244
213000177,195,1,194
213000178,712,1,711
213000179,767,1,766
213000180,891,0,891
213000184,38,282,-244
213000188,1377,73,1304
213000189,2060,23,2037
213000190,1146,244,902
213000191,1241,143,1098
213000192,754,122,632
213000193,348,196,152
213000194,0,217,-217
213000195,33,137,-104
213000196,483,1696,-1213
213000197,808,894,-86
213000198,23,0,23
213000200,195,408,-213
213000201,19,70,-51
213000202,15,298,-283
213000203,1667,185,1482
213000204,1455,48,1407
213000205,971,40,931
213000206,1292,29,1263
213000207,58,12,46
213000208,37,1,36
213000209,93,2,91
213000210,264,1,263
213000211,2,1,1
213000212,21,11,10
213000213,48,16,32
213000218,649,428,221
213000219,2172,57,2115
213000220,2568,14,2554
213000223,585,77,508
213000224,35,24,11
213000225,117,16,101
213000226,84,7,77
213000227,2369,69,2300
213000228,1459,68,1391
213000229,541,40,501
213000230,858,14,844
213000232,150,22,128
213000233,13,146,-133
213000234,2,62,-60
213000293,10,70,-60
213000294,148,24,124
213000295,44,37,7
213000296,111,21,90
213000297,24,59,-35
213000298,32,62,-30
213000299,49,33,16
213000300,6,4,2
213000303,0,27,-27
213000304,1,15,-14
213000305,4,9,-5
213000306,26,277,-251
213000307,124,90,34
213000308,52,158,-106
213000309,392,46,346
213000310,487,129,358
213000311,120,404,-284
213000315,122,186,-64
213000316,598,19,579
213000322,203,38,165
213000323,290,38,252
213000324,101,11,90
213000325,221,26,195
213000326,161,11,150
213000327,151,19,132
213000328,106,76,30
213000329,331,29,302
213000340,169,228,-59
213000341,2018,37,1981
213000346,138,399,-261
213000347,210,1163,-953
213000348,5,85,-80
213000349,5,10,-5
213000350,164,693,-529
213000366,99,134,-35
213000367,654,16,638
213000379,71,32,39
213000386,30,44,-14
213000406,243,105,138
213000417,2742,687,2055
213000425,686,126,560
213000426,438,22,416
213000427,177,86,91
213000428,106,73,33
213000429,15,5,10
213000430,171,158,13
213000431,19,1,18
213000432,1,66,-65
213000433,64,34,30
213000434,373,95,278
213000435,254,48,206
213000436,245,38,207
213000437,13,13,0
213000438,240,26,214
213000439,54,18,36
213000440,13,130,-117
213000441,1,0,1
213000442,1,17,-16
213000443,916,296,620
213000444,54,7,47
213000445,0,62,-62
213000446,0,59,-59
213000447,1,132,-131
213000448,18,137,-119
213000449,2371,28,2343
213000450,32,32,0
213000451,835,39,796
213000452,31,3,28
213000453,16,101,-85
213000455,174,31,143
213000456,1,184,-183
213000481,10,0,10
213000482,55,13,42
213000489,229,105,124
213000491,19,351,-332
213000492,115,7,108
213000493,2,569,-567
213000494,498,50,448
213000495,0,11,-11
213000496,1149,100,1049
213000497,42,175,-133
213000498,162,84,78
213000499,261,123,138
213000500,1437,37,1400
213000501,529,31,498
213000502,130,64,66
213000503,0,52,-52
213000504,34,67,-33
213000505,44,0,44
213000506,1,2,-1
213000507,0,27,-27
213900016,0,1,-1
213900244,310,0,310
213900245,0,9,-9
218000003,74,41,33
218000004,121,41,80
218000005,27,47,-20
218000006,108,49,59
218000007,19,23,-4
218000012,111,412,-301
218000013,368,318,50
218000014,492,149,343
218000019,506,194,312
218000020,453,186,267
218000021,46,33,13
218000022,24,11,13
218000023,5,20,-15
218000024,2,13,-11
218000025,19,14,5
218000026,28,9,19
218000027,25,2,23
218000028,2,0,2
218000029,7,6,1
218000030,51,10,41
218000031,20,5,15
218000032,6,9,-3
218000040,1,10,-9
218000046,165,121,44
218000047,34,72,-38
218000048,215,42,173
218000049,112,50,62
218000050,482,118,364
218000051,130,107,23
218000052,1,28,-27
218000053,7,16,-9
218000054,19,30,-11
218000055,4,38,-34
218000056,43,62,-19
218000057,4,45,-41
218000064,1,5,-4
218000065,132,19,113
218000066,34,48,-14
218000067,178,26,152
218000068,343,93,250
218000069,768,23,745
218000070,398,178,220
218000071,263,153,110
218000072,127,170,-43
218000078,1495,245,1250
218000079,481,35,446
218000080,358,35,323
218000081,892,55,837
218000082,389,20,369
218000083,168,57,111
218000084,185,46,139
218000085,144,65,79
218000086,101,42,59
218000087,194,39,155
218000090,29,264,-235
218000091,1738,681,1057
218000092,359,41,318
218000093,175,75,100
218000094,701,221,480
218000099,351,294,57
218000100,419,143,276
218000101,455,169,286
218000102,813,167,646
218000103,222,57,165
218000104,210,36,174
218000105,24,7,17
218000106,43,4,39
218000107,346,10,336
218000108,57,20,37
218000112,81,21,60
218000117,41,97,-56
218000134,487,223,264
218000135,31,85,-54
218000136,154,108,46
218000137,124,144,-20
218000138,85,65,20
218000139,268,439,-171
218000140,727,513,214
218000141,120,100,20
218000142,327,175,152
218000143,45,283,-238
218000144,17,223,-206
218000145,707,269,438
218000146,123,96,27
218000151,6,21,-15
218000152,47,51,-4
218000153,6,9,-3
218000154,17,1,16
218000155,90,2,88
218000156,153,7,146
218000157,73,18,55
218000158,8,17,-9
218000159,8,14,-6
218000160,10,21,-11
218000161,110,6,104
218000162,84,6,78
218000163,50,2,48
218000164,216,3,213
218000165,218,68,150
218000170,0,33,-33
218000171,39,6,33
218000172,2,4,-2
218000173,6,7,-1
218000174,15,27,-12
218000176,290,12,278
218000177,264,80,184
218000178,72,98,-26
218000179,198,28,170
218000180,71,31,40
218000181,273,70,203
218000187,21,18,3
218000188,25,29,-4
218000189,15,114,-99
218000190,23,17,6
218000191,219,12,207
218000192,288,73,215
218000193,307,128,179
218000194,173,123,50
218000195,295,28,267
218000196,520,147,373
218000197,1198,85,1113
218000198,184,49,135
218000199,87,12,75
218000200,55,48,7
218000201,32,5,27
218000202,34,759,-725
218000207,7,14,-7
218000208,34,102,-68
218000211,36,20,16
218000212,1,4,-3
218000213,243,119,124
218000214,4,25,-21
218000215,191,55,136
218000217,4,43,-39
218000218,336,17,319
218000219,12,49,-37
218000220,49,482,-433
218000221,1225,397,828
218000222,1,100,-99
218000223,69,470,-401
218000224,6,200,-194
218000225,236,14,222
218000226,306,34,272
218000230,0,16,-16
218000232,93,43,50
218000239,184,1,183
218000240,6,1,5
218000241,11,2,9
218000242,1,3,-2
218000243,9,2,7
218000244,34,8,26
218000245,23,34,-11
218000246,0,9,-9
218000247,4,3,1
218000248,0,66,-66
218000249,0,3,-3
218000250,2,100,-98
218000251,6,30,-24
218000252,1,54,-53
218000253,1,57,-56
218000254,0,37,-37
218000255,0,22,-22
218000256,10,38,-28
218000267,597,920,-323
218000268,4,63,-59
218000269,5,16,-11
218000270,189,24,165
218000271,11,14,-3
218000273,179,2,177
218000274,36,0,36
218000275,106,100,6
218000276,49,17,32
218000278,9,13,-4
218000279,178,30,148
218000280,2,23,-21
218000281,4,30,-26
218000282,755,1652,-897
218000284,90,5,85
218000301,49,201,-152
218000302,64,54,10
218000303,8,51,-43
218000316,2100,650,1450
218000317,3795,335,3460
218000318,1876,233,1643
218000319,1669,374,1295
218000320,1519,568,951
218000338,16,17,-1
218000345,205,38,167
218000346,44,222,-178
218000459,72,103,-31
218000490,22,22,0
218000501,176,56,120
218000502,204,33,171
218000503,184,26,158
218000504,153,24,129
218000505,46,37,9
218000506,5,37,-32
218000508,2,4,-2
218000510,71,27,44
218000520,137,129,8
218000521,20,23,-3
218000522,1,220,-219
218000523,180,0,180
218000524,7,185,-178
218000525,98,30,68
218000526,34,148,-114
218000529,49,54,-5
218000530,35,6,29
218000531,54,27,27
218000532,82,4,78
218000534,737,6,731
218000537,20,113,-93
218000538,155,245,-90
218000540,69,58,11
218000543,357,30,327
218000544,22,27,-5
218000545,331,83,248
218000546,103,25,78
218000547,312,171,141
218000548,120,57,63
218000549,1445,113,1332
218000550,224,107,117
218000551,84,198,-114
218000552,441,78,363
218000553,12,100,-88
218000554,14,34,-20
218000555,42,140,-98
218000556,246,117,129
218000557,1135,98,1037
218000558,112,0,112
218000559,1,60,-59
218000560,0,13,-13
218000561,1,0,1
218000562,22,81,-59
218000563,351,24,327
218000564,3,86,-83
218000565,97,29,68
218000566,40,12,28
218000567,2,54,-52
218000568,12,1,11
218000569,5,171,-166
218000570,21,2,19
218000571,0,64,-64
218000572,157,4,153
218000573,9,105,-96
218000574,123,27,96
218000575,159,0,159
218000576,0,84,-84
218000577,173,18,155
218000578,0,83,-83
218000579,28,45,-17
218000581,6,72,-66
218000582,78,2,76
218000583,3,0,3
218000584,0,47,-47
218000585,58,18,40
218000586,21,27,-6
218000587,3,1,2
218000588,0,5,-5
218000589,0,13,-13
218000590,3,0,3
218000591,1,40,-39
218000592,9,2,7
218000593,0,12,-12
218000594,1,7,-6
218000595,0,0,0
218000596,0,0,0
218000597,0,0,0
218000598,0,0,0
218000599,3,0,3
218000600,11,2,9
218000601,0,0,0
218000602,0,1,-1
218000603,0,3,-3
218000604,25,3,22
218000605,0,33,-33
218000606,103,0,103
218000607,2,79,-77
218000608,42,13,29
218000609,2,85,-83
218000610,99,1,98
218000611,43,0,43
218000612,1,26,-25
218000613,48,20,28
218000614,0,38,-38
218000615,309,6,303
218000616,9,164,-155
218000617,1,1,0
218000618,2,31,-29
218000619,22,71,-49
218000620,4,142,-138
218000621,0,15,-15
218000622,0,97,-97
218000623,32,30,2
218000624,0,242,-242
218000625,8,34,-26
218000626,0,23,-23
218000628,286,190,96
218000631,141,4,137
218000632,1,119,-118
218000633,75,0,75
218000634,16,15,1
218000635,27,6,21
218000636,892,278,614
218000637,1866,147,1719
218000638,660,10,650
218000639,43,52,-9
218000640,1070,12,1058
218000641,218,62,156
218000652,76,33,43
218000653,282,18,264
218000663,9,66,-57
218000675,34,47,-13
218000676,15,12,3
218000677,60,2,58
218000680,265,86,179
218000681,1194,127,1067
218000691,417,69,348
218000693,1063,48,1015
218000703,9,12,-3
218000718,35,110,-75
218000719,81,97,-16
218000720,1,99,-98
218000721,21,3,18
218000725,16,4,12
218001214,33,34,-1
218001258,366,7,359
218001329,357,54,303
218001330,37,43,-6
218001351,3,6,-3
218001352,29,26,3
218001353,13,1,12
218001354,3,42,-39
218001356,1243,94,1149
218001358,1510,6,1504
218001361,1335,8,1327
219000001,2,26,-24
219000002,38,22,16
219000003,55,32,23
219000004,79,84,-5
219000017,78,143,-65
219000020,274,26,248
219000022,216,3,213
219000023,89,1,88
219000029,0,108,-108
219000034,163,63,100
219000039,18,183,-165
219000040,21,69,-48
219000041,148,48,100
219000051,1,74,-73
219000052,0,60,-60
219000053,2,84,-82
219000054,31,42,-11
219000055,545,0,545
219000056,14,0,14
219000057,115,0,115
219000062,20,73,-53
219000063,409,0,409
219000064,0,92,-92
219000110,282,237,45
219000111,97,60,37
219000112,385,32,353
219000113,378,34,344
219000114,329,38,291
219000116,113,18,95
219000117,209,40,169
219000118,112,88,24
219000123,233,86,147
219000124,72,35,37
219000125,31,3,28
219000126,43,128,-85
219000127,0,9,-9
219000128,18,92,-74
219000129,54,72,-18
219000130,221,259,-38
219000131,1109,623,486
219000133,25,114,-89
219000134,4,55,-51
219000135,35,65,-30
219000136,86,281,-195
219000138,152,10,142
219000139,156,26,130
219000140,307,1,306
219000141,68,35,33
219000142,60,22,38
219000143,30,11,19
219000145,18,28,-10
219000146,0,1,-1
219000147,19,19,0
219000148,10,20,-10
219000149,0,23,-23
219000150,1,27,-26
219000151,0,1,-1
219000157,571,106,465
219000158,332,149,183
219000161,499,5,494
219000163,1490,289,1201
219000166,233,168,65
219000167,146,210,-64
219000168,507,143,364
219000174,820,166,654
219000175,407,7,400
219000176,385,15,370
219000177,228,0,228
219000178,293,0,293
219000179,190,33,157
219000180,113,11,102
219000182,289,4,285
219000183,126,13,113
219000184,118,11,107
219000185,3,9,-6
219000186,140,39,101
219000187,26,48,-22
219000189,33,115,-82
219000190,105,96,9
219000191,88,575,-487
219000192,323,164,159
219000193,303,104,199
219000195,2,377,-375
219000196,1,109,-108
219000198,58,47,11
219000199,196,52,144
219000200,209,65,144
219000201,77,81,-4
219000203,7,24,-17
219000204,59,299,-240
219000205,18,130,-112
219000207,85,174,-89
219000209,76,31,45
219000210,16,141,-125
219000213,26,151,-125
219000239,209,219,-10
219000240,56,332,-276
219000241,150,124,26
219000242,118,215,-97
219000243,154,198,-44
219000244,37,89,-52
219000245,27,41,-14
219000246,51,41,10
219000247,424,45,379
219000248,724,516,208
219000249,302,148,154
219000250,367,63,304
219000251,920,127,793
219000252,356,50,306
219000253,250,24,226
219000255,259,70,189
219000256,524,159,365
219000257,169,0,169
219000262,66,95,-29
219000263,83,98,-15
219000267,0,28,-28
219000268,3,1,2
219000269,4,1,3
219000270,20,2,18
219000271,422,4,418
219000278,0,1,-1
219000279,0,0,0
219000283,0,24,-24
219000295,59,90,-31
219000296,65,281,-216
219000297,25,38,-13
219000298,30,11,19
219000299,397,32,365
219000300,71,57,14
219000301,16,229,-213
219000302,26,88,-62
219000307,94,6,88
219000308,45,51,-6
219000311,313,25,288
219000312,512,143,369
219000313,618,51,567
219000314,82,73,9
219000315,612,9,603
219000316,867,68,799
219000317,397,22,375
219000320,0,50,-50
219000321,0,29,-29
219000323,2,37,-35
219000325,0,0,0
219000326,17,29,-12
219000327,13,12,1
219000328,62,30,32
219000329,481,79,402
219000330,34,12,22
219000331,74,42,32
219000332,317,142,175
219000333,108,11,97
219000335,96,2,94
219000337,31,3,28
219000338,39,0,39
219000344,11,108,-97
219000345,57,97,-40
219000346,48,23,25
219000348,150,56,94
219000349,37,134,-97
219000350,40,260,-220
219000351,0,8,-8
219000352,80,73,7
219000353,397,42,355
219000354,824,21,803
219000355,226,49,177
219000356,487,827,-340
219000363,166,97,69
219000364,183,42,141
219000365,76,47,29
219000366,131,1051,-920
219000368,451,434,17
219000370,834,348,486
219000371,6,3,3
219000382,5,28,-23
219000383,194,673,-479
219000385,187,435,-248
219000386,457,1346,-889
219000387,0,3,-3
219000390,16,0,16
219000391,5,0,5
219000397,88,13,75
219000398,33,77,-44
219000401,44,93,-49
219000402,16,72,-56
219000403,66,356,-290
219000404,35,105,-70
219000407,45,81,-36
219000409,106,33,73
219000410,143,14,129
219000411,139,24,115
219000446,83,279,-196
219000447,1,11,-10
219000448,3,3,0
219000452,103,66,37
219000453,23,84,-61
219000454,415,443,-28
219000556,1083,50,1033
219000558,67,150,-83
219000590,24,251,-227
219000591,319,70,249
219000592,61,154,-93
219000595,6,7,-1
219000635,258,29,229
219000636,45,26,19
219000657,65,15,50
219000658,21,139,-118
219000673,0,27,-27
219000676,37,7,30
219000679,55,12,43
219000684,300,0,300
219000685,0,86,-86
219000686,0,13,-13
219000688,2,59,-57
219000689,15,125,-110
219000690,176,10,166
219000691,35,94,-59
219000692,162,9,153
219000693,0,7,-7
219000694,27,0,27
219000695,180,1,179
219000698,26,0,26
219000699,0,92,-92
219000727,0,125,-125
219000728,165,5,160
219000770,35,0,35
219000771,1,43,-42
219000788,247,289,-42
219001150,0,83,-83
219001151,2,1,1
219001166,38,87,-49
219001167,0,35,-35
219001178,103,0,103
220000001,42,298,-256
220000002,5,142,-137
220000003,218,121,97
220000004,367,352,15
220000005,403,1100,-697
220000006,130,421,-291
220000007,470,136,334
220000008,262,257,5
220000009,308,390,-82
220000010,31,72,-41
220000011,364,4887,-4523
220000012,52,735,-683
220000014,152,125,27
220000015,61,355,-294
220000017,46,258,-212
220000018,9137,3704,5433
220000019,222,845,-623
220000020,643,225,418
220000021,1219,416,803
220000022,1802,223,1579
220000023,290,101,189
220000024,893,324,569
220000025,763,1691,-928
220000026,531,931,-400
220000027,28,264,-236
220000028,44,132,-88
220000029,7,73,-66
220000030,50,48,2
220000031,1165,565,600
220000064,100,907,-807
221000046,3,1,2
221000047,0,0,0
221000048,0,1,-1
221000049,0,10,-10
221000050,14,1,13
221000055,18,81,-63
221000057,263,2,261
221000068,216,77,139
221000069,446,28,418
221000070,246,22,224
221000071,174,5,169
221000072,580,4,576
221000073,276,32,244
221000074,0,10,-10
221000075,3,10,-7
221000076,20,8,12
221000077,13,27,-14
221000081,8,7,1
221000082,83,5,78
221000083,24,8,16
221000084,5,4,1
221000085,9,42,-33
221000086,7,53,-46
221000087,3,96,-93
221000088,4,138,-134
221000089,23,125,-102
221000090,27,232,-205
221000098,206,27,179
221000099,390,12,378
221000100,260,1,259
221000101,234,6,228
221000102,249,2,247
221000109,4,24,-20
221000110,4,9,-5
221000111,7,42,-35
221000112,2,44,-42
221000113,4,70,-66
221000114,1,64,-63
221000120,28,129,-101
221000121,3,98,-95
221000122,38,17,21
221000123,3,20,-17
221000124,11,104,-93
221000155,172,10,162
221000156,187,52,135
221000175,4,18,-14
221000176,0,12,-12
221000182,216,2,214
221000241,270,243,27
221000242,75,113,-38
221000243,534,72,462
221000244,100,243,-143
221000245,234,58,176
221000246,27,176,-149
221000247,213,164,49
221000248,128,82,46
221000267,18,672,-654
221000325,18,151,-133
221000331,1,39,-38
221000338,26,49,-23
221000378,527,24,503
221000381,63,50,13
222000282,0,1,-1
222000296,1,25,-24
222000568,650,21,629
222000569,189,50,139
222000570,183,46,137
222000571,797,27,770
222000577,16,58,-42
222000578,3,59,-56
222000579,3,39,-36
222000580,17,769,-752
222000599,0,42,-42
222000600,0,81,-81
222000601,1,557,-556
222000603,10,84,-74
222000604,15,135,-120
222000605,27,103,-76
222000606,0,51,-51
222000607,0,32,-32
222000608,9,33,-24
222000609,89,34,55
222000616,1185,48,1137
222000617,33,18,15
222000618,4,13,-9
222000620,44,34,10
222000621,33,39,-6
222000623,914,18,896
222000624,828,11,817
222000625,2331,7,2324
222000636,56,4,52
222000686,34,31,3
222000687,84,34,50
222001066,1225,3,1222
222001067,187,3,184
222001068,420,19,401
222001069,174,62,112
222001082,156,7,149
222001083,446,15,431
222001084,2,93,-91
222001085,16,1145,-1129
222001111,587,26,561
222001112,285,20,265
222001313,3,29,-26
222001314,2,117,-115
222001464,141,30,111
222001465,10,99,-89
222001484,514,51,463
222001485,11,23,-12
222001494,1742,117,1625
222001495,185,94,91
222001496,861,58,803
222001497,209,177,32
222001502,26,34,-8
222001503,881,14,867
222001504,25,95,-70
222001505,1266,8,1258
222001506,8,111,-103
222001507,786,25,761
222001510,1593,42,1551
222001511,9,115,-106
222001514,1527,37,1490
222001515,49,102,-53
222001518,1157,23,1134
222001519,92,140,-48
222001527,321,51,270
222001528,29,82,-53
222001529,721,34,687
222001530,41,67,-26
222001533,68,163,-95
222001534,1317,29,1288
222001535,749,168,581
222001536,45,112,-67
222001537,1037,28,1009
222001538,7,171,-164
222001563,1499,59,1440
222001564,36,201,-165
222001568,208,115,93
222001576,1,4,-3
222001579,0,34,-34
222001583,25,48,-23
222001584,315,27,288
222001596,294,554,-260
222001597,2103,328,1775
222001626,0,28,-28
222001650,11,94,-83
222001651,8,169,-161
222001914,674,33,641
222001915,12,93,-81
222001968,820,158,662
222001969,216,188,28
222001970,120,174,-54
222001971,186,7,179
222001972,45,24,21
225000001,687,50,637
225000002,1624,127,1497
225000003,1841,89,1752
225000004,1150,189,961
225000005,64,96,-32
225000006,0,117,-117
225000007,731,1184,-453
225000010,421,13,408
225000011,314,2284,-1970
225000012,372,967,-595
225000013,226,98,128
225000014,1045,130,915
225000015,194,191,3
225000021,1057,88,969
225000027,251,223,28
225000032,924,83,841
225000042,143,276,-133
225000049,62,171,-109
225000050,259,39,220
225000053,0,87,-87
225000058,846,167,679
225000067,354,64,290
225000068,241,148,93
225000069,115,218,-103
225000070,231,218,13
225000071,104,62,42
225000075,54,941,-887
225000076,117,71,46
225000078,67,23,44
225000085,351,28,323
225000086,728,13,715
225000087,163,24,139
225000088,15,203,-188
225000089,43,134,-91
225000090,28,110,-82
225000091,46,47,-1
225000092,65,116,-51
225000093,614,115,499
225000094,25,123,-98
225000095,310,133,177
225000096,91,136,-45
225000098,1653,114,1539
225000099,830,48,782
225000100,1209,54,1155
225000104,149,470,-321
225000110,45,316,-271
225000111,554,327,227
225000112,575,805,-230
225000113,316,1351,-1035
225000114,184,657,-473
225000115,1311,743,568
225000116,267,107,160
225000117,517,499,18
225000118,1494,404,1090
225000119,671,68,603
225000120,1325,96,1229
225000121,248,32,216
225000123,827,3,824
225000125,810,195,615
225000126,820,195,625
225000127,650,4974,-4324
225000128,403,1783,-1380
225000132,959,21,938
225000133,468,14,454
225000134,1015,138,877
225000135,146,17,129
225000136,823,8,815
225000137,551,144,407
225000138,805,235,570
225000143,94,337,-243
225000144,13,292,-279
225000145,72,49,23
225000146,95,44,51
225000147,63,81,-18
225000148,3,30,-27
225000149,90,142,-52
225000151,56,56,0
225000155,111,102,9
225000156,237,1086,-849
225000157,637,264,373
225000158,26,145,-119
225000171,3,165,-162
225000180,18,0,18
225000181,0,212,-212
225000182,54,1,53
225000185,5,322,-317
225000187,94,317,-223
225000191,91,3,88
225000194,0,4,-4
225000208,2,109,-107
225000209,140,32,108
225000210,3,135,-132
225000217,1,23,-22
225000218,46,2,44
225000223,1,306,-305
225000224,7,3,4
225000225,0,152,-152
225000226,34,3,31
225000227,159,247,-88
225000228,11,6,5
225000229,0,142,-142
225000230,5,1,4
225000231,0,6,-6
225000232,395,0,395
225000241,84,1,83
225000242,0,22,-22
225000249,0,0,0
225000250,89,214,-125
225000251,893,88,805
225000254,2,180,-178
225000256,3,601,-598
225000257,0,76,-76
226000042,136,204,-68
226000043,12,142,-130
226000044,98,307,-209
226000045,48,169,-121
226000046,1328,112,1216
226000047,1047,130,917
226000048,815,109,706
226000049,861,308,553
226000070,0,13,-13
226000071,0,20,-20
226000072,0,32,-32
226000073,0,7,-7
226000074,0,9,-9
226000084,0,14,-14
226000085,0,29,-29
226000086,0,15,-15
226000087,0,43,-43
226000088,1,15,-14
226000090,88,251,-163
226000091,13,120,-107
226000092,3,32,-29
226000093,6,2,4
226000094,6,26,-20
226000095,9,39,-30
226000105,2,0,2
226000106,8,0,8
226000107,9,1,8
226000108,25,0,25
226000109,443,0,443
226000124,352,107,245
226000134,2127,343,1784
226000135,3598,526,3072
226000136,1316,362,954
226000137,2,66,-64
226000138,3,5,-2
226000139,2,40,-38
226000156,679,12,667
226000157,755,28,727
226000163,15,106,-91
226000202,9,61,-52
226000231,1754,5,1749
226000232,70,1,69
227000033,744,9,735
227000036,1185,12,1173
227000037,1053,19,1034
227000038,378,30,348
227000084,1,69,-68
227000085,0,99,-99
227000088,67,1,66
227000089,47,0,47
227000090,32,0,32
227000091,48,0,48
227000092,11,0,11
227000093,114,0,114
227000094,20,1,19
227000130,60,90,-30
227000131,40,123,-83
227000132,41,58,-17
227000133,28,63,-35
227000134,51,81,-30
227000152,0,3,-3
227000153,0,189,-189
227000154,0,39,-39
227000155,0,17,-17
227000156,0,16,-16
227000165,2,97,-95
227000196,800,141,659
227000199,1463,200,1263
227000230,14,224,-210
227000232,2363,55,2308
227000242,30,194,-164
227000243,453,17,436
227000245,30,145,-115
227000246,92,118,-26
227000247,994,21,973
227000248,250,64,186
227000249,5,72,-67
227000250,459,367,92
227000251,43,211,-168
227000252,74,108,-34
227000253,510,17,493
227000262,997,17,980
227000266,3267,69,3198
227000267,11,564,-553
227000282,3,65,-62
227000284,2433,9,2424
227000286,18,30,-12
227000287,32,9,23
227000291,10,153,-143
227000296,416,96,320
227000484,249,4,245
227000485,3,353,-350
227000655,1052,3,1049
227000656,1686,11,1675
227000657,1191,5,1186
227000661,1724,23,1701
229000265,50,55,-5
229000296,1,79,-78
229000297,0,45,-45
229000298,7,337,-330
229000320,67,2,65
229000321,81,40,41
229000412,13,117,-104
229000414,27,72,-45
229000415,6,4,2
229000416,14,2,12
229000417,10,1,9
229000419,141,334,-193
229000440,341,136,205
229000442,51,5,46
229000443,10,3,7
229000444,2,38,-36
229000445,90,3,87
229000446,121,46,75
229000491,3,3,0
229000492,4,52,-48
229000493,10,69,-59
229000494,132,4,128
229000495,244,1,243
229000496,224,1,223
229000507,0,23,-23
229000508,2,31,-29
229000509,0,69,-69
229000510,0,19,-19
229000511,4,50,-46
229000512,0,26,-26
229000513,0,10,-10
229000514,0,2,-2
229000517,1,7,-6
229000518,29,28,1
229000519,0,16,-16
229000520,28,28,0
229000521,145,27,118
229000522,47,5,42
229000523,17,3,14
229000524,5,1,4
229000527,3,1,2
229000528,0,0,0
229000529,7,0,7
229000530,86,2,84
229000531,136,0,136
229000532,26,0,26
229000533,77,2,75
229000534,31,3,28
229000564,245,1,244
229000565,128,0,128
229000566,0,9,-9
229000567,0,10,-10
229000582,132,5,127
229000583,32,11,21
229000584,0,8,-8
229000585,0,88,-88
229000718,0,1,-1
229000719,0,2,-2
229000720,0,18,-18
229000721,0,11,-11
229000722,0,4,-4
229000723,0,0,0
229000724,0,16,-16
229000725,0,7,-7
229000738,1,0,1
229000739,13,0,13
229000740,2,1,1
229000741,76,0,76
229000742,25,0,25
229000743,31,0,31
229000744,0,0,0
229000745,0,0,0
229000746,13,1,12
229000847,189,0,189
229000848,224,0,224
229000849,366,0,366
229000851,402,0,402
229000854,0,13,-13
229000856,0,62,-62
229000857,0,26,-26
229000858,0,19,-19
229000919,2,13,-11
229000930,0,11,-11
229000937,157,4,153
229000966,67,24,43
229000981,10,6,4
229000985,22,15,7
229000986,0,1,-1
229000987,0,5,-5
229000988,0,10,-10
229000989,1,20,-19
229000990,2,15,-13
229000991,1,0,1
229000992,78,4,74
229000993,397,5,392
229000998,6,47,-41
229000999,142,10,132
229001034,2,41,-39
229001035,20,5,15
229001037,89,0,89
229001042,17,16,1
229001047,1,124,-123
229001050,164,12,152
229001168,0,62,-62
229001200,22,0,22
229001338,2,6,-4
229001394,505,1,504
229001422,193,15,178
229001423,1,33,-32
229001431,74,27,47
229001432,7,42,-35
229001444,351,71,280
229001445,126,136,-10
229001479,64,2,62
229001503,532,37,495
229001504,20,14,6
229001505,260,33,227
229001506,29,33,-4
229001509,161,2,159
229001545,122,21,101
229001546,1,16,-15
229001553,114,10,104
229001554,2,6,-4
229001630,121,2,119
229001631,4,91,-87
229001635,1,26,-25
229001636,1,0,1
229001658,3,7,-4
229001659,64,33,31
229001660,1,7,-6
229001661,1,90,-89
229001662,56,1,55
229001663,0,11,-11
229002584,464,330,134
229002831,252,150,102
229002841,43,47,-4
229002842,44,84,-40
229002843,74,79,-5
229002844,17,142,-125
229002845,21,175,-154
229002846,8,35,-27
229002847,0,23,-23
229002848,10,55,-45
229002849,1,202,-201
229002850,24,4,20
229002851,55,314,-259
229002852,146,56,90
229002853,138,31,107
229002854,42,103,-61
229002855,7,57,-50
229002856,102,48,54
229002857,17,159,-142
229002858,8,4,4
229002859,34,99,-65
229002860,55,30,25
229002861,36,67,-31
229002862,6,52,-46
229002863,17,11,6
229002864,64,66,-2
229002865,1,33,-32
229002866,19,35,-16
229002867,0,23,-23
229002868,9,31,-22
229002869,32,83,-51
229002870,107,7,100
235000066,292,31,261
235000067,130,129,1
235000072,14,6,8
235000073,21,34,-13
235000074,37,15,22
235000080,3,34,-31
235000081,47,68,-21
235000082,442,79,363
235000083,557,152,405
235000084,19,82,-63
235000085,226,103,123
235000089,52,18,34
235000092,7,15,-8
235000093,1,1,0
235000097,1,2,-1
235000098,115,1,114
235000099,52,18,34
235000116,15,8,7
235000117,706,17,689
235000133,7,140,-133
235000134,2,28,-26
235000206,3,6,-3
235000207,0,2,-2
235000208,0,2,-2
235000209,8,0,8
235000210,3,1,2
235000212,0,12,-12
235000213,0,2,-2
235000220,1,4,-3
235000221,9,57,-48
235000238,23,200,-177
235000239,2,49,-47
235000242,251,1327,-1076
235000245,391,174,217
235000246,28,41,-13
235000284,3,79,-76
235000295,80,3,77
235000305,518,6,512
235000306,770,5,765
235000307,93,2,91
235000308,23,0,23
235000309,114,0,114
235000310,66,0,66
235000311,62,69,-7
235000322,2,123,-121
235000323,0,50,-50
235000324,1,78,-77
235000325,1,64,-63
235000326,27,69,-42
235000351,3,55,-52
235000352,39,32,7
235000353,0,28,-28
235000354,20,24,-4
235000355,22,342,-320
235000356,125,1,124
235000357,39,5,34
235000358,47,7,40
235000359,22,0,22
235000360,238,15,223
235000361,55,5,50
235000381,129,49,80
235000382,241,29,212
235000390,1,0,1
235000391,206,7,199
235000392,271,97,174
235000393,208,117,91
235000395,196,46,150
235000396,693,36,657
235000400,56,99,-43
235000401,0,106,-106
235000405,70,107,-37
235000406,33,48,-15
235000407,60,36,24
235000409,133,37,96
235000410,75,53,22
235000411,0,49,-49
235000485,0,2,-2
235000486,5,0,5
235000549,127,137,-10
235000550,133,67,66
235000599,119,11,108
235000600,0,0,0
235000601,18,17,1
235000602,188,41,147
235000614,1,8,-7
235000648,0,1,-1
235000649,42,5,37
235000685,0,8,-8
235000815,6,25,-19
235000834,0,12,-12
235000855,31,25,6
235000862,15,26,-11
235000891,0,1,-1
235000892,32,1,31
235000901,30,22,8
235000907,2,4,-2
235001010,206,50,156
235001029,135,82,53
235001030,121,39,82
235001078,106,84,22
235001079,60,15,45
235001147,0,67,-67
235001166,23,10,13
235001167,21,6,15
235001169,41,157,-116
235001188,0,6,-6
235001189,2,1,1
235001197,1,22,-21
235001200,22,7,15
235001207,259,101,158
235001210,1,82,-81
235001215,16,50,-34
235001239,0,3,-3
235001244,1,4,-3
235016267,0,133,-133
277101746,0,1,-1
277102712,0,0,0
277103813,0,0,0
277103814,0,0,0
277103898,0,0,0
277104249,0,1,-1
277104250,0,22,-22
277104251,0,4,-4
277104252,0,1,-1
990011530,1,170,-169
990014944,1,135,-134
990015176,12,1,11
990015618,1,171,-170
990016032,1,552,-551
990032570,1,2054,-2053
990070001,96,3,93
990070103,0,1,-1
990070601,0,13,-13
990070751,4161,3,4158
990070766,0,105,-105
990071180,666,86,580
990071343,8,2,6
990071387,0,0,0
990071823,835,9,826
990072600,2,464,-462
990072964,0,149,-149
990073285,0,1,-1
990074393,0,566,-566
990074870,3455,16,3439
990075106,596,1,595
990075746,801,9,792
990076437,8066,5,8061
990076458,0,344,-344
997000007,423,1,422
997000041,0,396,-396
997000058,73,1,72
997000062,33,2,31
997000069,0,0,0
997000070,0,67,-67
997000100,251,0,251
997000141,0,114,-114
997000198,0,98,-98
998000475,0,0,0
998000736,0,799,-799
998000965,0,59,-59
998001031,0,170,-170
998001700,0,67,-67
998001899,0,0,0
998001900,19,10,9
998003073,2369,3,2366
998101900,0,0,0
998102850,1,122,-121
998501927,379,984,-605
998501929,486,109,377
998501930,101,0,101
998501931,400,65,335
998501932,9,1,8
998501933,35,1,34
998501937,19,3,16
998501944,1,3,-2
998501970,427,19,408
998501971,1,262,-261
998501973,0,11,-11
998501974,0,76,-76
998501975,68,0,68
998501976,242,0,242
998501977,0,23,-23
998501978,11,0,11
998501979,0,4,-4
998501980,141,0,141
998501981,71,0,71
998501982,0,105,-105
998502006,0,0,0
998502024,0,5,-5
998502032,0,0,0
998502062,46,36,10
998502063,0,0,0
998502173,11,0,11
998502269,0,0,0
998601159,0,14,-14
998601292,1,23,-22
999033574,0,221,-221
999800001,75,11,64
999800002,0,1,-1
999800003,3,2,1
999800004,0,6,-6
999800005,0,16,-16
