ID,insum,outsum,diff
100000001,395,570,-175
100000002,3,10,-7
100000003,55,52,3
100000004,269,118,151
100000005,10,63,-53
100000006,0,0,0
100000007,1,2,-1
100000008,0,1,-1
100000009,0,0,0
100000010,0,0,0
100000011,2,0,2
100000012,0,15,-15
100000013,0,1,-1
100000014,0,8,-8
100000015,2,5,-3
100000016,16,12,4
100000017,10,14,-4
100000018,4,6,-2
100000019,27,10,17
100000020,2,3,-1
100000021,148,12,136
100000022,16,2,14
100000023,36,10,26
100000025,261,600,-339
100000028,245,286,-41
100000029,9,7,2
100000030,9,4,5
100000031,313,164,149
100000032,164,105,59
100000033,13,90,-77
100000034,867,530,337
100000035,6,8,-2
100000036,0,0,0
100000037,0,0,0
100000038,1,2,-1
100000039,0,0,0
100000040,0,0,0
100000041,0,0,0
100000042,0,2,-2
100000043,0,0,0
100000044,5,25,-20
100000045,2,16,-14
100000046,6,24,-18
100000047,11,32,-21
100000048,21,43,-22
100000049,50,101,-51
100000051,11,32,-21
100000053,0,0,0
100000054,2,0,2
100000055,8,4,4
100000056,0,0,0
100000057,0,0,0
100000058,5,32,-27
100000059,0,7,-7
100000060,1,0,1
100000061,2,0,2
100000062,10,0,10
100000063,0,0,0
100000064,0,0,0
100000065,13,37,-24
100000066,18,19,-1
100000067,14,21,-7
100000068,24,25,-1
100000069,14,31,-17
100000072,0,0,0
100000073,15,32,-17
100000075,0,0,0
100000076,0,0,0
100000077,2,0,2
100000078,0,0,0
100000079,0,0,0
100000080,0,0,0
100000081,0,0,0
100000102,1,4,-3
100000103,22,3,19
100000104,47,2,45
100000105,53,14,39
100000106,25,9,16
100000107,12,3,9
100000108,98,124,-26
100000109,426,232,194
100000116,11,6,5
100000117,0,0,0
100000118,307,794,-487
100000119,34,191,-157
100000121,44,33,11
100000122,4,40,-36
100000123,243,207,36
100000124,1218,606,612
100000125,201,31,170
100000126,14,22,-8
100000127,2,8,-6
100000128,3,2,1
100000129,19,67,-48
100000130,0,0,0
100000131,40,31,9
100000132,276,170,106
100000133,2325,758,1567
100000135,0,0,0
100000139,0,0,0
100000140,18,60,-42
100000142,0,0,0
100000143,22,81,-59
100000144,57,22,35
100000147,85,288,-203
100000150,0,16,-16
100000151,0,0,0
100000153,0,0,0
100000154,5,229,-224
100000155,0,0,0
100000156,0,0,0
100000157,0,0,0
100000158,0,0,0
100000159,1,2,-1
100000165,174,75,99
100000169,1,0,1
100000174,0,0,0
100000179,2,15,-13
100000180,0,0,0
100000181,3,9,-6
100000188,1,3,-2
100000189,4,0,4
100000190,111,131,-20
100000191,0,0,0
100000192,0,0,0
100000193,0,0,0
100000330,35,2,33
100000355,9,21,-12
100000362,488,425,63
100000363,112,154,-42
100000364,0,0,0
100000365,796,665,131
100000366,1204,1179,25
100000367,587,1008,-421
100000368,383,580,-197
100000369,0,6,-6
100000370,0,0,0
100000376,0,2,-2
100000379,133,108,25
100000380,164,278,-114
100000384,1411,554,857
100000385,848,473,375
100000386,1143,680,463
100000387,1076,310,766
100000388,5151,1582,3569
100000389,3764,1188,2576
100000390,3388,712,2676
100000391,1639,615,1024
100000392,715,313,402
100000393,276,210,66
100000394,798,754,44
100000395,323,144,179
100000396,889,989,-100
100000397,631,227,404
100000398,3421,2622,799
100900002,0,0,0
100900003,0,0,0
100900004,0,0,0
100900005,0,0,0
100900006,0,0,0
100900007,0,0,0
100900008,0,0,0
100900009,0,0,0
100900010,0,0,0
100900011,0,0,0
100900012,0,0,0
100900013,0,0,0
100900014,0,0,0
100900015,0,0,0
100900016,0,0,0
100900017,0,0,0
100900018,0,0,0
100900019,0,0,0
100900020,0,0,0
100900021,0,0,0
100900022,0,0,0
100900023,0,0,0
100900024,0,0,0
100900025,0,0,0
100900026,0,0,0
100900027,0,0,0
100900028,0,0,0
100900029,0,0,0
100900030,0,0,0
100900031,0,0,0
100900032,0,0,0
100900033,0,0,0
100900034,0,0,0
100900035,0,0,0
100900036,0,0,0
100900037,0,0,0
100900038,0,0,0
100900039,0,0,0
100900040,0,0,0
100900041,0,0,0
100900042,0,0,0
100900043,0,0,0
100900044,0,0,0
100900045,0,0,0
100900046,0,0,0
100900047,0,0,0
100900048,0,0,0
100900049,0,0,0
100900050,0,0,0
100900051,0,0,0
100900052,0,0,0
100900053,0,0,0
100900054,0,0,0
100900055,0,0,0
100900056,0,0,0
100900057,0,0,0
100900058,0,0,0
100900059,0,0,0
100900060,0,0,0
100900061,0,0,0
100900062,0,0,0
100900063,0,0,0
100900064,0,0,0
100900065,0,0,0
100900066,0,0,0
100900067,0,0,0
100900068,0,0,0
100900069,0,0,0
100900070,0,0,0
100900071,0,0,0
100900072,0,0,0
100900073,0,0,0
100900074,0,0,0
100900075,0,0,0
100900076,0,0,0
100900077,0,0,0
100900078,0,0,0
100900079,0,0,0
100900080,0,0,0
100900081,0,0,0
100900082,0,0,0
100900083,0,0,0
100900085,0,0,0
100900086,0,0,0
100900088,0,0,0
100900089,0,0,0
100900090,0,0,0
100900091,0,0,0
100900092,0,0,0
100900093,0,0,0
100900094,0,0,0
100900095,0,0,0
100900096,0,0,0
100900097,0,0,0
100900098,0,0,0
100900099,0,0,0
100900100,0,0,0
100900101,0,0,0
100900102,0,0,0
100900103,0,0,0
100900104,0,0,0
100900105,0,0,0
100900106,0,0,0
100900107,0,0,0
100900108,0,0,0
100900109,0,0,0
100900110,0,0,0
100900111,0,0,0
100900112,0,0,0
100900113,0,0,0
100900114,0,0,0
100900115,0,0,0
100900116,0,0,0
100900117,0,0,0
100900118,0,0,0
100900119,0,0,0
100900120,0,0,0
100900121,0,0,0
100900122,0,0,0
100900123,0,0,0
100900124,0,0,0
100900125,0,0,0
100900126,0,0,0
100900127,0,0,0
100900128,0,0,0
100900129,0,0,0
100900131,0,0,0
100900133,0,0,0
100900134,0,0,0
100900135,0,0,0
100900137,0,0,0
100900138,0,0,0
100900139,0,0,0
100900140,0,0,0
100900141,0,0,0
100900142,0,0,0
100900143,0,0,0
100900144,0,0,0
100900145,0,0,0
100900146,0,0,0
100900147,0,0,0
100900148,0,0,0
100900149,0,0,0
100900150,0,0,0
100900151,0,0,0
100900152,0,0,0
100900153,0,0,0
100900154,0,0,0
100900155,0,0,0
100900156,0,0,0
100900157,0,0,0
100900159,0,0,0
100900160,0,0,0
100900161,0,0,0
100900162,0,0,0
100900163,0,0,0
100900164,0,0,0
100900165,0,0,0
100900166,0,0,0
100900167,0,0,0
100900168,0,0,0
100900169,0,0,0
100900170,0,0,0
100900171,0,0,0
100900172,0,0,0
100900173,0,0,0
100900174,0,0,0
100900176,0,0,0
100900177,0,0,0
100900178,0,0,0
100900179,0,0,0
100900180,0,0,0
100900181,0,0,0
100900182,0,0,0
100900184,0,0,0
100900186,0,0,0
100900187,0,0,0
100900188,0,0,0
100900189,0,0,0
100900191,0,0,0
100900192,0,0,0
100900195,0,0,0
100900197,0,0,0
100900198,0,0,0
100900199,0,0,0
100900200,0,0,0
100900201,0,0,0
100900202,0,0,0
100900203,0,0,0
100900204,0,0,0
100900205,0,0,0
100900206,0,0,0
100900207,0,0,0
100900210,0,0,0
100900211,0,0,0
100900213,0,0,0
100900214,0,0,0
100900215,0,0,0
100900217,0,0,0
101000001,349,148,201
101000002,381,363,18
101000003,0,0,0
101000004,1649,251,1398
101000005,933,526,407
101000006,459,303,156
101000007,416,545,-129
101000008,744,284,460
101000009,23,143,-120
101000010,34,85,-51
101000011,149,38,111
101000012,0,0,0
101000013,133,88,45
101000014,37,30,7
101000015,79,104,-25
101000016,0,0,0
101000017,4,6,-2
101000018,108,76,32
101000020,370,40,330
101000021,89,20,69
101000022,504,195,309
101000023,506,318,188
101000025,0,0,0
101000026,0,0,0
101000027,489,355,134
101000028,132,25,107
101000029,3,36,-33
101000030,90,8,82
101000031,11,3,8
101000032,207,274,-67
101000033,495,558,-63
101000034,615,248,367
101000035,119,21,98
101000036,75,63,12
101000037,208,71,137
101000039,147,129,18
101000040,571,249,322
101000041,484,132,352
101000042,13,90,-77
101000043,530,110,420
101000045,5,1,4
101000046,197,225,-28
101000047,191,43,148
101000048,8,7,1
101000049,9,43,-34
101000050,250,48,202
101000051,277,219,58
101000052,206,105,101
101000053,193,98,95
101000054,218,55,163
101000055,170,101,69
101000056,0,0,0
101000057,320,40,280
101000058,164,31,133
101000059,22,46,-24
101000060,157,23,134
101000061,23,26,-3
101000062,290,46,244
101000063,7,24,-17
101000064,161,46,115
101000065,0,0,0
101000066,4,26,-22
101000067,45,59,-14
101000068,1,1,0
101000069,5,2,3
101000070,333,243,90
101000071,447,99,348
101000072,519,630,-111
101000073,15,12,3
101000074,2092,882,1210
101000075,3934,1238,2696
101000077,248,212,36
101000078,147,149,-2
101000079,112,123,-11
101000080,121,51,70
101000081,66,62,4
101000082,157,150,7
101000083,54,33,21
101000084,94,127,-33
101000085,0,0,0
101000086,59,39,20
101000087,14,32,-18
101000088,0,0,0
101000089,4,1,3
101000090,106,45,61
101000091,6,17,-11
101000092,0,0,0
101000093,281,156,125
101000094,67,145,-78
101000095,13,139,-126
101000096,33,30,3
101000097,15,36,-21
101000098,26,78,-52
101000099,103,88,15
101000100,48,58,-10
101000101,68,72,-4
101000102,30,33,-3
101000103,57,39,18
101000104,20,37,-17
101000105,0,0,0
101000106,3,1,2
101000107,0,1,-1
101000108,0,3,-3
101000109,0,1,-1
101000110,1,0,1
101000111,0,9,-9
101000113,0,0,0
101000114,415,62,353
101000115,0,0,0
101000116,0,0,0
101000117,0,0,0
101000119,0,0,0
101000120,0,0,0
101000121,2,0,2
101000122,0,0,0
101000123,0,0,0
101000124,16,2,14
101000125,7,7,0
101000128,229,256,-27
101000130,123,85,38
101000131,59,39,20
101000132,17,83,-66
101000135,0,0,0
101000136,2,1,1
101000137,0,0,0
101000141,390,82,308
101000147,109,112,-3
101000148,35,1,34
101000149,0,0,0
101000150,0,0,0
101000151,2,1,1
101000152,0,0,0
101000153,0,0,0
101000154,0,0,0
101000155,0,0,0
101000156,0,0,0
101000157,0,0,0
101000160,0,0,0
101000163,0,0,0
101000164,6,11,-5
101000165,5,2,3
101000166,13,19,-6
101000168,0,0,0
101000252,0,0,0
101000254,332,56,276
101000258,0,0,0
101000261,0,0,0
101000262,46,75,-29
101000263,0,0,0
101000265,2,22,-20
101000266,32,18,14
101000269,122,29,93
101000290,621,57,564
101000293,0,0,0
101000294,206,76,130
101000295,18,112,-94
101000301,120,39,81
101000304,155,347,-192
101000305,203,173,30
101000328,0,0,0
101900001,0,0,0
101900002,0,0,0
101900003,0,0,0
101900004,0,0,0
101900005,0,0,0
101900006,0,0,0
101900007,0,0,0
101900008,0,0,0
101900009,0,0,0
101900010,0,0,0
101900011,0,0,0
101900012,0,0,0
101900013,0,0,0
101900017,0,0,0
101900018,0,0,0
101900019,0,0,0
101900020,0,0,0
101900021,0,0,0
101900022,0,0,0
101900023,0,0,0
101900026,0,0,0
101900027,0,0,0
102000001,71,41,30
102000002,80,48,32
102000003,600,117,483
102000004,500,140,360
102000005,155,85,70
102000006,132,181,-49
102000007,147,142,5
102000008,292,271,21
102000009,355,290,65
102000010,578,463,115
102000011,278,202,76
102000012,390,282,108
102000018,3,0,3
102000019,1,0,1
102000026,0,0,0
102000029,0,0,0
102000030,3,0,3
102000031,0,0,0
102000032,2,0,2
102000033,0,0,0
102000034,11,0,11
102000035,0,0,0
102000036,0,0,0
102000037,0,0,0
102000038,0,0,0
102000039,0,0,0
102000040,0,0,0
102000041,0,0,0
102000042,0,0,0
102000043,0,0,0
102000044,0,0,0
102000045,0,0,0
102000046,1,2,-1
102000047,1,2,-1
102000048,0,0,0
102000049,0,2,-2
102000050,2,4,-2
102000051,2,1,1
102000052,1,1,0
102000053,0,9,-9
102000054,3,19,-16
102000055,22,19,3
102000056,15,23,-8
102000057,21,6,15
102000058,33,26,7
102000059,37,41,-4
102000060,13,23,-10
102000061,9,35,-26
102000062,5,13,-8
102000063,8,32,-24
102000064,10,40,-30
102000065,5,8,-3
102000066,156,81,75
102000067,174,284,-110
102000068,305,182,123
102000069,0,5,-5
102000070,11,2,9
102000071,545,853,-308
102000072,419,995,-576
102000073,6,35,-29
102000074,16,59,-43
102000075,0,26,-26
102000076,3,61,-58
102000077,9,76,-67
102000078,43,194,-151
102000079,2,21,-19
102000080,10,56,-46
102000081,24,83,-59
102000082,51,126,-75
102000083,6,17,-11
102000084,0,0,0
102000085,11,19,-8
102000086,0,0,0
102000087,17,47,-30
102000088,0,0,0
102000089,0,0,0
102000090,14,33,-19
102000091,46,24,22
102000092,39,14,25
102000093,4,18,-14
102000094,0,0,0
102000095,37,75,-38
102000096,0,0,0
102000097,145,131,14
102000098,0,0,0
102000099,53,22,31
102000100,0,0,0
102000101,18,7,11
102000102,0,0,0
102000103,10,6,4
102000104,0,0,0
102000105,0,0,0
102000106,0,0,0
102000107,0,0,0
102000108,0,0,0
102000109,0,0,0
102000110,0,0,0
102000111,0,0,0
102000112,0,0,0
102000113,0,0,0
102000114,0,0,0
102000115,0,0,0
102000116,0,0,0
102000117,0,0,0
102000118,0,0,0
102000119,0,0,0
102000120,0,0,0
102000121,0,0,0
102000122,0,0,0
102000123,0,0,0
102000124,0,0,0
102000125,0,0,0
102000126,0,0,0
102000127,0,0,0
102000128,0,0,0
102000129,0,0,0
102000130,0,0,0
102000131,0,0,0
102000132,0,0,0
102000133,60,86,-26
102000134,35,45,-10
102000135,0,0,0
102000136,2,1,1
102000137,0,0,0
102000138,0,0,0
102000139,0,0,0
102000140,0,0,0
102000141,0,0,0
102000142,0,0,0
102000143,0,0,0
102000144,0,0,0
102000145,0,0,0
102000146,0,0,0
102000147,0,0,0
102000148,0,0,0
102000149,0,0,0
102000150,0,0,0
102000151,0,0,0
102000152,0,0,0
102000153,0,0,0
102000154,0,0,0
102000155,0,0,0
102000156,0,0,0
102000157,0,0,0
102000158,0,0,0
102000159,0,0,0
102000161,301,248,53
102000162,24,63,-39
102000163,0,0,0
102000164,0,0,0
102000165,25,51,-26
102000166,4,16,-12
102000167,19,86,-67
102000168,25,10,15
102000169,30,95,-65
102000170,64,89,-25
102000171,12,19,-7
102000172,7,21,-14
102000173,18,6,12
102000174,0,0,0
102000175,0,0,0
102000176,0,0,0
102000178,0,0,0
102000179,0,0,0
102000180,0,1,-1
102000181,0,0,0
102000182,0,0,0
102000183,18,31,-13
102000184,23,58,-35
102000185,13,9,4
102000186,12,106,-94
102000187,8,57,-49
102000188,3,34,-31
102000189,140,36,104
102000190,151,90,61
102000191,7,0,7
102000192,12,58,-46
102000193,0,0,0
102000194,0,0,0
102000195,0,0,0
102000196,0,0,0
102000197,0,0,0
102000198,0,0,0
102000199,0,0,0
102000200,0,0,0
102000201,0,0,0
102000202,0,0,0
102000203,0,0,0
102000204,0,0,0
102000205,1,3,-2
102000206,1,2,-1
102000207,0,0,0
102000208,0,0,0
102000209,0,0,0
102000210,0,0,0
102000211,0,0,0
102000212,0,0,0
102000213,0,0,0
102000214,0,0,0
102000215,0,0,0
102000216,0,0,0
102000217,0,0,0
102000218,0,0,0
102000219,0,0,0
102000225,41,27,14
102000226,0,0,0
102000227,0,0,0
102000228,0,0,0
102000229,0,0,0
102000230,2,1,1
102000231,0,0,0
102000232,0,0,0
102000233,0,0,0
102000234,0,0,0
102000236,0,0,0
102000237,0,0,0
102000238,0,0,0
102000240,24,58,-34
102000241,0,0,0
102000243,0,0,0
102000245,0,0,0
102000246,0,0,0
102000247,19,108,-89
102000248,16,8,8
102000249,10,28,-18
102000250,0,34,-34
102000254,0,0,0
102000266,0,0,0
102000271,0,0,0
102000286,0,0,0
102000297,0,0,0
102000299,0,0,0
102000301,0,0,0
102000303,0,0,0
102000305,0,0,0
102000307,0,0,0
102900001,0,0,0
102900002,0,0,0
102900003,0,0,0
102900005,0,0,0
102900006,0,0,0
102900007,0,0,0
102900008,0,0,0
102900009,0,0,0
102900010,0,0,0
102900011,0,0,0
102900012,0,0,0
102900013,0,0,0
102900015,0,0,0
102900016,0,0,0
102900017,0,0,0
102900018,0,0,0
102900019,0,0,0
102900020,0,0,0
102900021,0,0,0
102900022,0,0,0
102900023,0,0,0
102900024,0,0,0
102900025,0,0,0
102900026,0,0,0
102900027,0,0,0
102900028,0,0,0
102900029,0,0,0
102900030,0,0,0
102900031,0,0,0
102900032,0,0,0
102900033,0,0,0
102900034,0,0,0
102900035,0,0,0
102900036,0,0,0
102900037,0,0,0
102900038,0,0,0
102900039,0,0,0
102900040,0,0,0
102900041,0,0,0
102900042,0,0,0
102900043,0,0,0
102900044,0,0,0
102900045,0,0,0
102900046,0,0,0
102900047,0,0,0
102900048,0,0,0
102900049,0,0,0
102900050,0,0,0
102900051,0,0,0
102900052,0,0,0
102900053,0,0,0
102900054,0,0,0
102900055,0,0,0
102900056,0,0,0
102900057,0,0,0
102900058,0,0,0
102900059,0,0,0
102900060,0,0,0
102900061,0,0,0
102900062,0,0,0
102900063,0,0,0
102900064,0,0,0
102900065,0,0,0
102900066,0,0,0
102900068,0,0,0
102900070,0,0,0
102900072,0,0,0
102900073,0,0,0
102900075,0,0,0
102900076,0,0,0
102900077,0,0,0
102900078,0,0,0
102900079,0,0,0
102900080,0,0,0
102900081,0,0,0
102900082,0,0,0
102900083,0,0,0
102900084,0,0,0
102900085,0,0,0
102900086,0,0,0
102900087,0,0,0
102900088,0,0,0
102900089,0,0,0
102900090,0,0,0
102900091,0,0,0
102900092,0,0,0
102900093,0,0,0
102900094,0,0,0
102900095,0,0,0
102900096,0,0,0
102900097,0,0,0
103000001,248,351,-103
103000002,62,204,-142
103000003,286,292,-6
103000004,58,248,-190
103000005,92,49,43
103000006,78,50,28
103000007,0,0,0
103000008,17,28,-11
103000009,0,0,0
103000010,0,0,0
103000011,125,198,-73
103000012,179,44,135
103000013,136,58,78
103000014,0,0,0
103000015,51,26,25
103000016,0,0,0
103000017,0,0,0
103000018,0,0,0
103000019,0,0,0
103000020,10,37,-27
103000021,0,0,0
103000022,7,20,-13
103000023,0,0,0
103000024,0,0,0
103000025,0,0,0
103000026,0,0,0
103000027,0,0,0
103000028,0,0,0
103000029,0,0,0
103000030,127,68,59
103000031,54,63,-9
103000032,35,44,-9
103000033,21,21,0
103000034,138,178,-40
103000035,131,67,64
103000036,11,13,-2
103000037,98,121,-23
103000038,86,42,44
103000039,0,3,-3
103000040,0,0,0
103000041,18,76,-58
103000042,1,3,-2
103000043,0,0,0
103000044,0,0,0
103000046,3,0,3
103000047,1,0,1
103000048,0,0,0
103000049,0,1,-1
103000050,0,1,-1
103000051,0,5,-5
103000052,1,0,1
103000053,0,0,0
103000054,1,1,0
103000055,0,1,-1
103000056,12,46,-34
103000057,0,0,0
103000058,0,0,0
103000059,0,0,0
103000060,3,3,0
103000061,0,0,0
103000062,0,0,0
103000063,0,0,0
103000064,1,0,1
103000065,0,0,0
103000066,0,0,0
103000069,0,0,0
103000070,0,0,0
103000071,0,0,0
103000072,0,1,-1
103000073,0,0,0
103000074,0,0,0
103000075,0,0,0
103000076,0,0,0
103000077,0,0,0
103000078,0,0,0
103000079,0,0,0
103000080,0,0,0
103000081,0,0,0
103000082,0,0,0
103000083,0,1,-1
103000084,0,0,0
103000085,0,0,0
103000086,22,19,3
103000087,3,69,-66
103000088,0,6,-6
103000089,0,0,0
103000090,125,87,38
103000091,40,36,4
103000092,0,0,0
103000093,1,0,1
103000094,0,0,0
103000095,0,0,0
103000096,0,0,0
103000097,0,3,-3
103000098,0,0,0
103000099,0,1,-1
103000100,0,1,-1
103000101,0,0,0
103000102,0,0,0
103000103,0,0,0
103000104,0,0,0
103000105,0,1,-1
103000106,0,0,0
103000107,1,1,0
103000108,2,8,-6
103000109,9,1,8
103000110,134,79,55
103000111,0,0,0
103000112,0,0,0
103000113,0,0,0
103000114,0,0,0
103000115,0,0,0
103000116,0,0,0
103000117,0,0,0
103000118,13,44,-31
103000119,86,82,4
103000120,0,5,-5
103000121,3,25,-22
103000122,2,1,1
103000125,0,0,0
103000126,0,0,0
103000127,0,0,0
103000128,0,0,0
103000129,0,0,0
103000130,0,0,0
103000131,0,0,0
103000132,0,0,0
103000133,0,0,0
103000134,61,131,-70
103000135,44,14,30
103000136,83,115,-32
103000137,49,66,-17
103000138,114,50,64
103000139,0,0,0
103000140,0,0,0
103000141,0,0,0
103000142,0,0,0
103000143,0,4,-4
103000144,0,0,0
103000145,0,0,0
103000150,0,0,0
103000152,0,4,-4
103000153,0,0,0
103000156,0,0,0
103000157,0,0,0
103000159,0,0,0
103000162,0,0,0
103000163,0,0,0
103000164,0,0,0
103000165,0,0,0
103000166,0,0,0
103000167,0,0,0
103000168,0,0,0
103000169,0,0,0
103000170,9,4,5
103000171,0,0,0
103000172,0,0,0
103000173,0,1,-1
103000174,0,0,0
103000175,0,0,0
103000176,0,0,0
103000177,0,0,0
103000178,0,0,0
103000179,0,0,0
103000183,0,0,0
103000185,0,0,0
103000186,0,0,0
103000187,0,3,-3
103000188,0,0,0
103000189,2,12,-10
103000191,0,0,0
103000292,0,0,0
103000293,0,0,0
103000295,0,0,0
103000296,0,0,0
103000297,0,0,0
103000504,0,0,0
103000505,0,0,0
103000506,0,0,0
103000507,0,0,0
103000508,0,0,0
103000509,4,16,-12
103900001,0,0,0
103900002,0,0,0
103900003,0,0,0
103900004,0,0,0
103900005,0,0,0
103900006,0,0,0
103900007,0,0,0
103900008,0,0,0
103900009,0,0,0
103900010,0,0,0
103900011,0,0,0
103900012,0,0,0
103900013,0,0,0
103900014,0,0,0
103900015,0,0,0
103900016,0,0,0
103900017,0,0,0
103900018,0,0,0
103900019,0,0,0
103900020,0,0,0
103900021,0,0,0
103900022,0,0,0
103900023,0,0,0
103900024,0,0,0
103900025,0,0,0
103900026,0,0,0
103900027,0,0,0
103900028,0,0,0
103900029,0,0,0
103900030,0,0,0
103900031,0,0,0
103900032,0,0,0
103900033,0,0,0
103900034,0,0,0
103900035,0,0,0
103900036,0,0,0
103900037,0,0,0
103900038,0,0,0
103900039,0,0,0
103900040,0,0,0
103900041,0,0,0
103900042,0,0,0
103900043,0,0,0
103900044,0,0,0
103900045,0,0,0
103900047,0,0,0
103900048,0,0,0
103900049,0,0,0
103900050,0,0,0
103900051,0,0,0
103900052,0,0,0
103900053,0,0,0
103900054,0,0,0
103900055,0,0,0
103900056,0,0,0
103900057,0,0,0
103900058,0,0,0
103900059,0,0,0
103900060,0,0,0
103900061,0,0,0
103900062,0,0,0
103900063,0,0,0
103900064,0,0,0
103900065,0,0,0
103900066,0,0,0
103900067,0,0,0
103900068,0,0,0
103900069,0,0,0
103900070,0,0,0
103900071,0,0,0
103900072,0,0,0
103900073,0,0,0
103900074,0,0,0
103900075,0,0,0
103900076,0,0,0
103900077,0,0,0
103900078,0,0,0
103900079,0,0,0
103900080,0,0,0
103900081,0,0,0
103900082,0,0,0
103900083,0,0,0
103900084,0,0,0
103900085,0,0,0
103900086,0,0,0
103900088,0,0,0
103900089,0,0,0
103900090,0,0,0
103900091,0,0,0
103900092,0,0,0
103900093,0,0,0
103900094,0,0,0
103900095,0,0,0
103900096,0,0,0
103900097,0,0,0
103900098,0,0,0
103900099,0,0,0
103900100,0,0,0
103900101,0,0,0
103900102,0,0,0
103900104,0,0,0
103900105,0,0,0
103900106,0,0,0
103900107,0,0,0
103900108,0,0,0
103900109,0,0,0
103900110,0,0,0
103900111,0,0,0
103900112,0,0,0
103900113,0,0,0
103900114,0,0,0
103900115,0,0,0
103900116,0,0,0
103900117,0,0,0
103900119,0,0,0
103900120,0,0,0
103900122,0,0,0
103900123,0,0,0
103900124,0,0,0
103900125,0,0,0
103900126,0,0,0
103900127,0,0,0
103900128,0,0,0
103900131,0,0,0
103900133,0,0,0
103900134,0,0,0
103900135,0,0,0
103900137,0,0,0
103900138,0,0,0
103900139,0,0,0
103900140,0,0,0
103900141,0,0,0
103900142,0,0,0
103900143,0,0,0
103900144,0,0,0
103900145,0,0,0
103900146,0,0,0
103900147,0,0,0
103900148,0,0,0
103900149,0,0,0
103900150,0,0,0
103900151,0,0,0
103900152,0,0,0
103900153,0,0,0
103900154,0,0,0
103900155,0,0,0
103900156,0,0,0
103900157,0,0,0
103900158,0,0,0
103900159,0,0,0
103900160,0,0,0
103900161,0,0,0
103900162,0,0,0
103900163,0,0,0
103900167,0,0,0
103900168,0,0,0
103900169,0,0,0
103900170,0,0,0
103900171,0,0,0
103900172,0,0,0
103900173,0,0,0
103900174,0,0,0
103900175,0,0,0
103900176,0,0,0
103900177,0,0,0
103900178,0,0,0
103900179,0,0,0
103900180,0,0,0
103900181,0,0,0
103900182,0,0,0
103900184,0,0,0
103900185,0,0,0
103900187,0,0,0
103900188,0,0,0
103900189,0,0,0
103900190,0,0,0
103900191,0,0,0
103900192,0,0,0
103900193,0,0,0
103900194,0,0,0
103900195,0,0,0
103900196,0,0,0
103900197,0,0,0
103900198,0,0,0
103900199,0,0,0
103900200,0,0,0
103900201,0,0,0
103900202,0,0,0
103900203,0,0,0
103900204,0,0,0
103900207,0,0,0
103900208,0,0,0
103900209,0,0,0
103900210,0,0,0
103900211,0,0,0
103900212,0,0,0
103900213,15,178,-163
103900214,51,32,19
103900215,207,174,33
103900216,0,0,0
103900217,0,0,0
103900218,0,0,0
103900219,0,0,0
103900233,0,0,0
103900235,0,0,0
103900236,0,0,0
103900242,0,0,0
103900243,0,0,0
103900244,0,0,0
103900245,0,0,0
103900246,0,0,0
103900247,0,0,0
103900248,0,0,0
103900249,0,0,0
103900250,0,0,0
103900251,0,0,0
103900253,0,0,0
103900254,0,0,0
103900255,0,0,0
103900256,0,0,0
103900257,0,0,0
103900258,0,0,0
103900259,0,0,0
103900261,0,0,0
103900262,0,0,0
103900263,0,0,0
103900264,0,0,0
103900265,0,0,0
103900266,0,0,0
103900267,0,0,0
103900268,0,0,0
103900269,0,0,0
103900270,0,0,0
103900271,0,0,0
103900272,0,0,0
103900273,0,0,0
103900274,0,0,0
103900275,0,0,0
103900276,0,0,0
103900277,0,0,0
103900278,0,0,0
103900279,0,0,0
104000001,196,316,-120
104000002,175,377,-202
104000003,143,556,-413
104000004,754,290,464
104000005,22,204,-182
104000006,112,258,-146
104000007,375,343,32
104000008,430,304,126
104000009,40,104,-64
104000010,0,0,0
104000011,46,77,-31
104000012,9,86,-77
104000013,0,0,0
104000014,23,89,-66
104000015,0,0,0
104000016,11,11,0
104000018,0,0,0
104000019,13,7,6
104000020,39,115,-76
104000021,14,83,-69
104000022,7,42,-35
104000023,0,0,0
104000024,0,0,0
104000026,0,0,0
104000027,46,190,-144
104000028,37,28,9
104000029,64,230,-166
104000030,15,72,-57
104000031,0,0,0
104000032,1,22,-21
104000033,0,0,0
104000034,19,29,-10
104000035,0,0,0
104000036,0,0,0
104000037,4,18,-14
104000038,0,0,0
104000039,8,80,-72
104000040,5,58,-53
104000041,0,0,0
104000042,0,0,0
104000043,0,0,0
104000044,0,0,0
104000045,0,0,0
104000046,0,0,0
104000047,52,410,-358
104000048,414,722,-308
104000049,0,0,0
104000050,0,0,0
104000051,0,0,0
104000052,37,132,-95
104000053,26,51,-25
104000054,0,8,-8
104000055,128,84,44
104000056,0,0,0
104000057,0,9,-9
104000058,75,75,0
104000059,13,85,-72
104000060,31,117,-86
104000061,14,49,-35
104000062,0,0,0
104000064,0,0,0
104000065,0,0,0
104000069,0,0,0
104000070,0,0,0
104000071,7,10,-3
104000072,0,0,0
104000075,0,0,0
104000076,0,0,0
104000082,178,190,-12
104000083,0,0,0
104000084,0,10,-10
104000085,0,0,0
104000086,5,4,1
104000087,0,0,0
104000090,1,9,-8
104000092,0,2,-2
104000094,0,4,-4
104000095,136,98,38
104000096,0,0,0
104000097,0,0,0
104000098,0,0,0
104000100,0,0,0
104000101,24,128,-104
104000106,0,0,0
104000107,5,6,-1
104000108,0,2,-2
104000109,0,0,0
104000110,8,2,6
104000111,8,14,-6
104000112,23,3,20
104000116,0,42,-42
104000117,0,20,-20
104000118,0,0,0
104000119,0,0,0
104000120,1,5,-4
104000121,1,1,0
104000122,0,0,0
104000123,111,253,-142
104000124,523,870,-347
104000125,34,2,32
104000126,0,0,0
104000127,115,371,-256
104000128,5,4,1
104000129,0,0,0
104000130,0,0,0
104000131,294,141,153
104000132,106,217,-111
104000133,2,5,-3
104000134,140,118,22
104000135,53,83,-30
104000136,431,248,183
104000137,831,153,678
104000138,0,0,0
104000139,2005,559,1446
104000141,236,490,-254
104000142,62,188,-126
104000143,38,172,-134
104000144,0,0,0
104000145,0,0,0
104000146,27,130,-103
104000147,4,46,-42
104000148,0,0,0
104000149,15,44,-29
104000150,0,0,0
104000151,13,48,-35
104000152,20,55,-35
104000153,0,0,0
104000154,36,37,-1
104000155,0,0,0
104000157,28,59,-31
104000158,36,46,-10
104000159,35,33,2
104000160,742,292,450
104000161,0,0,0
104000162,0,0,0
104000165,0,0,0
104000167,0,0,0
104000168,0,0,0
104000169,0,0,0
104000170,12,4,8
104000248,0,0,0
104000251,12,36,-24
104000272,21,2,19
104000273,8,2,6
104000274,12,3,9
104000275,35,6,29
104000279,0,0,0
104000290,0,0,0
104000291,24,90,-66
104000293,0,0,0
104000294,0,0,0
104000295,52,110,-58
104000296,9,52,-43
104000297,172,148,24
104000298,111,72,39
104000299,52,154,-102
104900001,0,0,0
104900002,0,0,0
104900003,0,0,0
104900004,0,0,0
104900005,0,0,0
104900006,0,0,0
104900007,0,0,0
104900009,0,0,0
104900010,0,0,0
104900011,0,0,0
104900012,0,0,0
104900013,0,0,0
104900014,0,0,0
104900015,0,0,0
104900016,0,0,0
104900017,0,0,0
104900018,0,0,0
104900019,0,0,0
104900020,0,0,0
104900021,0,0,0
104900022,0,0,0
104900023,0,0,0
104900024,0,0,0
104900025,0,0,0
104900026,0,0,0
104900027,0,0,0
104900028,0,0,0
104900029,0,0,0
104900030,0,0,0
104900031,0,0,0
104900032,0,0,0
104900033,0,0,0
104900034,0,0,0
104900035,0,0,0
104900036,0,0,0
104900037,0,0,0
104900038,0,0,0
104900039,0,0,0
104900040,0,0,0
104900041,0,0,0
104900042,0,0,0
104900043,0,0,0
104900044,0,0,0
104900045,0,0,0
104900046,0,0,0
104900047,0,0,0
104900048,0,0,0
104900049,0,0,0
104900050,0,0,0
104900051,0,0,0
104900052,0,0,0
104900053,0,0,0
104900054,0,0,0
104900055,0,0,0
104900056,0,0,0
104900057,0,0,0
104900058,0,0,0
104900059,0,0,0
104900060,0,0,0
104900061,0,0,0
104900063,0,0,0
104900064,0,0,0
104900065,0,0,0
104900066,0,0,0
104900067,0,0,0
104900068,0,0,0
104900070,0,0,0
104900071,0,0,0
104900072,0,0,0
104900073,0,0,0
104900074,0,0,0
104900075,0,0,0
104900076,0,0,0
104900077,0,0,0
104900078,0,0,0
104900079,0,0,0
104900080,0,0,0
104900082,0,0,0
104900085,0,0,0
104900087,0,0,0
104900089,0,0,0
104900090,0,0,0
104900091,0,0,0
104900093,0,0,0
104900097,0,0,0
104900098,0,0,0
104900099,0,0,0
104900100,0,0,0
104900102,0,0,0
104900103,0,0,0
104900104,0,0,0
104900106,0,0,0
104900107,0,0,0
104900108,0,0,0
104900109,0,0,0
104900110,0,0,0
104900111,0,0,0
104900112,0,0,0
104900113,0,0,0
104900114,0,0,0
104900115,0,0,0
104900116,0,0,0
104900118,0,0,0
104900119,0,0,0
104900120,0,0,0
104900121,0,0,0
104900122,0,0,0
104900123,0,0,0
104900124,0,0,0
104900125,0,0,0
104900126,0,0,0
104900127,0,0,0
104900128,0,0,0
104900129,0,0,0
105000001,151,263,-112
105000002,30,196,-166
105000003,98,283,-185
105000004,91,116,-25
105000005,34,123,-89
105000006,41,230,-189
105000007,14,120,-106
105000008,17,268,-251
105000009,57,31,26
105000010,328,756,-428
105000011,79,53,26
105000012,497,1060,-563
105000013,43,33,10
105000014,185,88,97
105000015,467,159,308
105000016,222,226,-4
105000017,159,119,40
105000018,0,0,0
105000019,0,0,0
105000020,0,0,0
105000021,0,0,0
105000022,0,0,0
105000023,0,0,0
105000028,0,9,-9
105000029,2,13,-11
105000030,368,871,-503
105000033,105,857,-752
105000034,0,0,0
105000037,0,0,0
105000038,99,120,-21
105000039,248,509,-261
105000040,20,48,-28
105000041,51,366,-315
105000042,153,63,90
105000043,283,670,-387
105000044,19,27,-8
105000045,18,150,-132
105000046,50,21,29
105000047,27,256,-229
105000048,0,0,0
105000049,18,47,-29
105000050,0,0,0
105000051,13,24,-11
105000052,0,0,0
105000053,5,20,-15
105000054,0,0,0
105000055,1,13,-12
105000056,0,0,0
105000057,7,32,-25
105000058,21,47,-26
105000059,0,0,0
105000060,13,43,-30
105000061,0,0,0
105000062,26,52,-26
105000063,7,31,-24
105000064,0,11,-11
105000065,10,40,-30
105000066,8,48,-40
105000067,4,3,1
105000068,16,22,-6
105000069,6,0,6
105000070,0,0,0
105000071,0,0,0
105000072,0,0,0
105000073,0,0,0
105000074,10,95,-85
105000075,23,43,-20
105000076,148,127,21
105000077,454,122,332
105000078,0,0,0
105000079,0,0,0
105000080,0,0,0
105000081,2,23,-21
105000082,0,0,0
105000083,0,0,0
105000084,0,0,0
105000085,0,0,0
105000086,2,0,2
105000087,1,1,0
105000088,0,0,0
105000089,123,229,-106
105000090,47,87,-40
105000091,115,200,-85
105000092,21,77,-56
105000093,0,0,0
105000094,0,0,0
105000095,0,0,0
105000096,0,0,0
105000097,21,38,-17
105000098,0,0,0
105000099,7,25,-18
105000100,6,20,-14
105000101,2,7,-5
105000102,12,35,-23
105000103,0,15,-15
105000104,6,10,-4
105000105,2,7,-5
105000106,0,11,-11
105000107,3,3,0
105000108,3,3,0
105000109,0,15,-15
105000110,0,1,-1
105000111,0,0,0
105000112,11,6,5
105000113,0,0,0
105000114,0,0,0
105000115,0,0,0
105000116,0,0,0
105000117,0,0,0
105000118,0,0,0
105000119,0,0,0
105000120,0,0,0
105000121,0,0,0
105000122,2,14,-12
105000123,0,0,0
105000124,7,11,-4
105000125,0,0,0
105000126,19,24,-5
105000127,0,0,0
105000128,2,29,-27
105000129,3,2,1
105000130,0,0,0
105000131,9,35,-26
105000132,0,0,0
105000133,7,50,-43
105000134,0,0,0
105000135,8,37,-29
105000136,9,32,-23
105000137,0,0,0
105000138,13,39,-26
105000139,47,41,6
105000140,0,0,0
105000141,3,38,-35
105000142,0,0,0
105000143,3,37,-34
105000144,2,48,-46
105000145,0,0,0
105000146,13,52,-39
105000147,0,0,0
105000148,0,0,0
105000149,0,0,0
105000150,70,53,17
105000151,0,0,0
105000152,2,6,-4
105000153,0,0,0
105000154,1,13,-12
105000155,0,0,0
105000156,0,12,-12
105000157,1,20,-19
105000158,0,0,0
105000159,1,26,-25
105000160,0,0,0
105000161,1,22,-21
105000162,0,0,0
105000163,4,13,-9
105000164,7,2,5
105000165,0,0,0
105000166,47,1,46
105000167,0,32,-32
105000168,0,23,-23
105000169,19,85,-66
105000170,0,0,0
105000171,0,0,0
105000172,0,0,0
105000173,0,0,0
105000174,0,0,0
105000175,0,0,0
105000176,0,1,-1
105000177,0,0,0
105000178,0,0,0
105000179,0,0,0
105000180,0,0,0
105000181,0,0,0
105000182,0,0,0
105000183,0,0,0
105000184,286,378,-92
105000185,1,0,1
105000186,41,356,-315
105000187,0,0,0
105000188,0,1,-1
105000189,12,175,-163
105000190,0,0,0
105000191,5,54,-49
105000192,1,0,1
105000193,22,81,-59
105000194,0,0,0
105000195,20,147,-127
105000196,1,1,0
105000197,15,166,-151
105000198,97,157,-60
105000199,13,2,11
105000200,0,0,0
105000201,12,5,7
105000203,0,0,0
105000204,0,0,0
105000205,0,0,0
105000207,57,48,9
105000208,0,0,0
105000209,8,59,-51
105000212,0,0,0
105000213,0,0,0
105000214,0,0,0
105000215,1,7,-6
105000216,4,86,-82
105000217,6,107,-101
105000218,4,24,-20
105000221,0,0,0
105000222,0,0,0
105000223,0,0,0
105000226,0,0,0
105000227,0,0,0
105000228,0,0,0
105000229,0,0,0
105000231,0,0,0
105000233,88,61,27
105000234,36,344,-308
105000235,0,0,0
105000237,0,0,0
105000243,0,0,0
105000248,0,5,-5
105000262,0,0,0
105000269,0,0,0
105000270,0,4,-4
105000271,0,0,0
105000282,0,0,0
105000287,0,0,0
105000288,0,7,-7
105000289,45,83,-38
105000290,0,0,0
105000402,0,0,0
105000426,7,7,0
105000438,0,0,0
105000446,416,902,-486
105000447,286,111,175
105000454,0,0,0
105000455,0,0,0
105000474,0,0,0
105000477,0,0,0
105000478,49,111,-62
105000479,0,0,0
105000480,132,113,19
105000481,158,110,48
105000482,419,684,-265
105000483,84,173,-89
105000484,183,756,-573
105000485,203,365,-162
105000486,644,805,-161
105000488,257,497,-240
105000489,2,4,-2
105000549,0,0,0
105000550,21,94,-73
105000551,0,0,0
105000552,650,363,287
105000555,0,0,0
105900001,0,0,0
105900002,0,0,0
105900003,0,0,0
105900004,0,0,0
105900005,0,0,0
105900006,0,0,0
105900007,0,0,0
105900008,0,0,0
105900009,0,0,0
105900011,0,0,0
105900012,0,0,0
105900013,0,0,0
105900014,0,0,0
105900015,0,0,0
105900016,0,0,0
105900017,0,0,0
105900018,0,0,0
105900019,0,0,0
105900020,0,0,0
105900021,0,0,0
105900022,0,0,0
105900023,0,0,0
105900024,0,0,0
105900025,0,0,0
105900026,0,0,0
105900027,0,0,0
105900028,0,0,0
105900029,0,0,0
105900030,0,0,0
105900031,0,0,0
105900032,0,0,0
105900033,0,0,0
105900034,0,0,0
105900035,0,0,0
105900036,0,0,0
105900037,0,0,0
105900038,0,0,0
105900039,0,0,0
105900040,0,0,0
105900041,0,0,0
105900042,0,0,0
105900043,0,0,0
105900044,0,0,0
105900045,0,0,0
105900046,0,0,0
105900047,0,0,0
105900048,0,0,0
105900050,0,0,0
105900051,0,0,0
105900052,0,0,0
105900053,0,0,0
105900054,0,0,0
105900056,0,0,0
105900057,0,0,0
105900058,0,0,0
105900059,0,0,0
106000001,156,27,129
106000002,351,531,-180
106000003,173,54,119
106000004,359,452,-93
106000005,167,51,116
106000006,374,575,-201
106000007,222,68,154
106000008,155,215,-60
106000009,86,37,49
106000010,109,230,-121
106000011,30,47,-17
106000012,89,235,-146
106000013,101,120,-19
106000014,255,377,-122
106000015,79,124,-45
106000016,201,392,-191
106000017,216,103,113
106000018,414,355,59
106000019,34,28,6
106000020,38,187,-149
106000021,50,45,5
106000022,71,131,-60
106000023,23,37,-14
106000024,60,194,-134
106000025,57,63,-6
106000026,119,189,-70
106000027,47,77,-30
106000028,111,238,-127
106000029,182,361,-179
106000030,0,0,0
106000034,0,1,-1
106000035,0,0,0
106000036,3,2,1
106000037,64,86,-22
106000038,0,0,0
106000039,0,0,0
106000040,9,48,-39
106000041,0,0,0
106000043,0,0,0
106000046,0,0,0
106000047,0,0,0
106000049,1,0,1
106000050,29,532,-503
106000051,0,0,0
106000052,15,283,-268
106000053,0,0,0
106000054,70,188,-118
106000055,0,0,0
106000056,99,319,-220
106000057,0,0,0
106000058,15,156,-141
106000059,0,0,0
106000060,97,376,-279
106000061,0,0,0
106000062,34,196,-162
106000063,0,0,0
106000064,13,167,-154
106000065,0,0,0
106000066,6,90,-84
106000067,0,0,0
106000068,1,191,-190
106000069,0,0,0
106000070,29,225,-196
106000071,0,0,0
106000072,71,240,-169
106000073,6,8,-2
106000074,10,52,-42
106000075,1,8,-7
106000076,3,10,-7
106000077,59,80,-21
106000078,20,91,-71
106000079,7,9,-2
106000080,29,72,-43
106000081,1,6,-5
106000082,127,81,46
106000083,0,19,-19
106000084,10,27,-17
106000085,4,17,-13
106000086,3,19,-16
106000087,6,22,-16
106000088,3,47,-44
106000089,3,19,-16
106000090,0,39,-39
106000091,3,14,-11
106000092,0,7,-7
106000093,0,0,0
106000094,5,40,-35
106000095,5,39,-34
106000096,8,133,-125
106000097,14,74,-60
106000098,3,179,-176
106000099,4,139,-135
106000100,0,0,0
106000101,0,0,0
106000102,0,157,-157
106000103,1,73,-72
106000104,81,58,23
106000105,1,44,-43
106000106,23,1,22
106000107,1,38,-37
106000108,12,2,10
106000109,0,22,-22
106000110,14,1,13
106000111,0,29,-29
106000112,7,0,7
106000113,1,48,-47
106000114,7,7,0
106000115,5,75,-70
106000116,21,4,17
106000117,0,0,0
106000118,0,0,0
106000119,0,0,0
106000120,0,0,0
106000121,0,0,0
106000122,0,0,0
106000123,0,0,0
106000124,0,0,0
106000125,0,0,0
106000126,0,0,0
106000127,0,0,0
106000128,0,0,0
106000129,6,20,-14
106000130,0,0,0
106000131,2,23,-21
106000132,0,0,0
106000133,100,47,53
106000134,0,0,0
106000135,13,37,-24
106000136,0,0,0
106000137,5,90,-85
106000138,0,0,0
106000139,0,0,0
106000140,3,50,-47
106000141,4,38,-34
106000142,0,0,0
106000143,8,84,-76
106000144,0,0,0
106000145,3,70,-67
106000146,0,0,0
106000147,3,8,-5
106000148,0,7,-7
106000149,3,5,-2
106000150,8,56,-48
106000151,40,12,28
106000152,1,8,-7
106000153,1,2,-1
106000154,0,0,0
106000155,0,0,0
106000156,8,3,5
106000157,14,124,-110
106000158,58,17,41
106000159,159,103,56
106000160,2,18,-16
106000161,63,40,23
106000162,0,2,-2
106000163,7,42,-35
106000164,1,4,-3
106000165,5,52,-47
106000166,0,5,-5
106000167,16,126,-110
106000168,0,8,-8
106000169,2,64,-62
106000170,4,2,2
106000171,3,69,-66
106000172,8,13,-5
106000173,8,236,-228
106000174,17,35,-18
106000175,14,113,-99
106000176,0,0,0
106000177,47,126,-79
106000178,0,0,0
106000179,41,127,-86
106000180,31,144,-113
106000181,11,173,-162
106000182,2,6,-4
106000183,1,3,-2
106000184,0,0,0
106000185,5,70,-65
106000186,1,0,1
106000187,6,82,-76
106000188,0,3,-3
106000189,0,0,0
106000190,0,0,0
106000191,0,0,0
106000192,0,5,-5
106000193,0,0,0
106000194,1,13,-12
106000195,0,0,0
106000196,0,7,-7
106000197,0,0,0
106000198,0,15,-15
106000199,4,8,-4
106000200,0,7,-7
106000201,0,1,-1
106000202,172,23,149
106000203,2,51,-49
106000204,0,0,0
106000205,18,33,-15
106000206,0,0,0
106000207,9,180,-171
106000208,24,0,24
106000209,21,5,16
106000210,20,176,-156
106000211,49,265,-216
106000212,29,3,26
106000213,5,57,-52
106000214,0,0,0
106000215,0,0,0
106000216,0,0,0
106000217,0,0,0
106000218,0,0,0
106000219,0,0,0
106000220,0,0,0
106000221,0,4,-4
106000222,0,0,0
106000223,0,0,0
106000224,0,6,-6
106000225,0,0,0
106000226,0,3,-3
106000228,3,65,-62
106000229,1,86,-85
106000231,1,1,0
106000232,0,62,-62
106000233,0,0,0
106000234,8,55,-47
106000235,0,0,0
106000236,0,8,-8
106000237,1,0,1
106000238,0,0,0
106000239,0,7,-7
106000240,0,0,0
106000241,0,151,-151
106000242,9,0,9
106000249,0,0,0
106000250,0,35,-35
106000251,0,0,0
106000252,0,0,0
106000253,0,0,0
106000254,0,0,0
106000255,0,0,0
106000256,0,0,0
106000257,1,2,-1
106000258,0,0,0
106000259,0,0,0
106000260,0,0,0
106000261,0,0,0
106000262,0,0,0
106000263,0,0,0
106000264,0,0,0
106000265,0,0,0
106000266,0,0,0
106000267,0,0,0
106000268,0,0,0
106000269,0,0,0
106000270,11,94,-83
106000271,0,0,0
106000272,0,0,0
106000273,0,0,0
106000274,0,0,0
106000275,0,0,0
106000276,0,0,0
106000277,0,0,0
106000278,0,0,0
106000279,0,0,0
106000280,0,0,0
106000281,0,0,0
106000282,0,0,0
106000283,0,0,0
106000284,0,0,0
106000285,0,0,0
106000286,0,0,0
106000287,0,0,0
106000288,0,0,0
106000289,0,0,0
106000290,0,0,0
106000291,0,0,0
106000292,0,0,0
106000293,0,0,0
106000294,0,0,0
106000295,0,0,0
106000296,0,0,0
106000297,0,0,0
106000298,0,0,0
106000299,0,0,0
106000300,0,0,0
106000301,0,0,0
106000303,0,0,0
106000304,0,0,0
106000305,0,0,0
106000306,0,0,0
106000307,0,0,0
106000308,0,0,0
106000309,0,0,0
106000310,8,47,-39
106000311,0,0,0
106000312,11,16,-5
106000313,0,0,0
106000318,0,0,0
106000319,41,0,41
106000320,0,0,0
106000321,0,2,-2
106000322,0,4,-4
106000324,0,0,0
106000325,73,33,40
106000326,76,385,-309
106000327,0,0,0
106000328,0,0,0
106000329,0,0,0
106000330,1,5,-4
106000428,0,0,0
106000429,20,108,-88
106000430,98,168,-70
106000431,0,0,0
106000432,178,451,-273
106000433,139,4,135
106000434,72,4,68
106000435,249,359,-110
106000436,1,36,-35
106000437,0,0,0
106000438,0,0,0
106000439,7,29,-22
106000440,0,0,0
106000441,0,0,0
106000442,0,0,0
106000443,0,0,0
106000450,0,22,-22
106000451,0,0,0
106000454,0,16,-16
106000455,1,47,-46
106000456,0,0,0
106000457,3,158,-155
106000458,0,0,0
106000459,4,75,-71
106000460,0,0,0
106000461,4,207,-203
106000462,0,5,-5
106000463,0,0,0
106000464,2,42,-40
106000465,0,0,0
106000466,0,52,-52
106000467,30,154,-124
106000468,0,0,0
106000469,0,0,0
106000470,15,51,-36
106000471,2,79,-77
106000472,0,0,0
106000473,0,0,0
106000474,54,142,-88
106000475,7,46,-39
106000476,0,0,0
106000477,5,35,-30
106000480,0,30,-30
106900001,0,0,0
106900002,0,0,0
106900003,0,0,0
106900004,0,0,0
106900006,0,0,0
106900007,0,0,0
106900008,0,0,0
106900009,0,0,0
106900010,0,0,0
106900012,0,0,0
106900013,0,0,0
106900014,0,0,0
106900015,0,0,0
106900016,0,0,0
106900017,0,0,0
106900018,0,0,0
106900019,0,0,0
106900020,0,0,0
106900021,0,0,0
106900022,0,0,0
106900023,0,0,0
106900024,0,0,0
106900025,0,0,0
106900026,0,0,0
106900027,0,0,0
107000001,243,121,122
107000002,369,1248,-879
107000003,428,232,196
107000004,718,1624,-906
107000005,154,138,16
107000006,481,1278,-797
107000007,515,263,252
107000008,4209,3325,884
107000009,163,164,-1
107000010,2520,1471,1049
107000011,93,113,-20
107000012,177,168,9
107000013,7,36,-29
107000014,2,51,-49
107000015,25,142,-117
107000016,22,128,-106
107000017,89,27,62
107000018,0,30,-30
107000020,0,0,0
107000021,69,61,8
107000022,1,87,-86
107000023,89,57,32
107000024,2,128,-126
107000025,22,40,-18
107000026,4,28,-24
107000027,94,89,5
107000028,14,50,-36
107000029,84,44,40
107000030,27,255,-228
107000031,60,93,-33
107000032,0,0,0
107000033,169,524,-355
107000034,197,169,28
107000035,0,0,0
107000036,0,0,0
107000037,0,0,0
107000038,9,34,-25
107000039,0,0,0
107000040,12,30,-18
107000041,0,0,0
107000042,36,81,-45
107000043,0,0,0
107000044,42,42,0
107000045,0,20,-20
107000046,0,0,0
107000047,13,74,-61
107000048,0,0,0
107000049,15,57,-42
107000050,0,0,0
107000051,60,103,-43
107000052,0,0,0
107000053,23,26,-3
107000054,16,134,-118
107000055,45,31,14
107000056,35,132,-97
107000057,40,43,-3
107000058,0,11,-11
107000059,68,234,-166
107000060,1,3,-2
107000061,119,191,-72
107000062,4,1,3
107000063,108,242,-134
107000064,0,2,-2
107000065,93,234,-141
107000066,0,2,-2
107000067,0,5,-5
107000068,3,2,1
107000069,1,0,1
107000070,0,0,0
107000071,0,0,0
107000072,1,466,-465
107000073,0,0,0
107000074,8,139,-131
107000075,0,0,0
107000076,25,334,-309
107000077,0,0,0
107000078,48,387,-339
107000079,0,0,0
107000080,103,361,-258
107000081,0,0,0
107000082,41,390,-349
107000083,0,1,-1
107000084,31,359,-328
107000085,120,99,21
107000086,173,471,-298
107000087,75,59,16
107000088,109,398,-289
107000089,44,40,4
107000090,84,267,-183
107000091,20,33,-13
107000092,85,183,-98
107000093,33,101,-68
107000094,56,174,-118
107000095,0,0,0
107000096,81,152,-71
107000097,0,0,0
107000098,38,77,-39
107000099,0,0,0
107000100,9,16,-7
107000101,0,0,0
107000102,31,24,7
107000103,0,0,0
107000104,12,24,-12
107000105,0,0,0
107000106,5,17,-12
107000107,0,0,0
107000108,3,51,-48
107000109,0,0,0
107000110,1,41,-40
107000111,0,0,0
107000112,1,18,-17
107000113,0,0,0
107000114,7,58,-51
107000115,0,0,0
107000116,3,86,-83
107000117,0,0,0
107000118,4,23,-19
107000119,148,48,100
107000120,84,93,-9
107000121,27,6,21
107000122,45,194,-149
107000123,59,16,43
107000124,7,163,-156
107000125,51,14,37
107000126,27,166,-139
107000129,14,115,-101
107000130,1,0,1
107000131,30,63,-33
107000132,6,0,6
107000133,0,0,0
107000134,0,0,0
107000135,0,0,0
107000136,0,0,0
107000137,0,0,0
107000138,0,0,0
107000139,0,0,0
107000140,0,0,0
107000141,0,0,0
107000142,0,0,0
107000143,0,0,0
107000144,0,0,0
107000145,0,0,0
107000146,0,0,0
107000147,0,0,0
107000150,0,0,0
107000151,0,0,0
107000152,0,0,0
107000153,0,0,0
107000154,0,0,0
107000155,0,0,0
107000156,0,0,0
107000157,0,0,0
107000158,0,0,0
107000159,0,0,0
107000160,0,0,0
107000161,0,0,0
107000162,0,0,0
107000163,0,0,0
107000164,0,0,0
107000165,0,0,0
107000166,0,0,0
107000167,0,0,0
107000168,0,0,0
107000169,2,11,-9
107000170,0,0,0
107000171,0,49,-49
107000172,0,0,0
107000173,6,14,-8
107000174,0,0,0
107000175,46,32,14
107000176,0,0,0
107000177,0,0,0
107000178,0,0,0
107000179,10,158,-148
107000180,0,1,-1
107000181,9,89,-80
107000182,0,3,-3
107000183,9,83,-74
107000184,0,3,-3
107000185,6,103,-97
107000186,0,0,0
107000187,0,0,0
107000188,0,0,0
107000189,0,0,0
107000190,0,0,0
107000191,0,0,0
107000192,0,0,0
107000193,0,0,0
107000194,0,0,0
107000197,1,0,1
107000198,6,71,-65
107000199,15,33,-18
107000200,0,0,0
107000201,11,19,-8
107000202,0,0,0
107000203,5,39,-34
107000204,0,0,0
107000205,78,115,-37
107000206,0,0,0
107000207,0,0,0
107000208,0,0,0
107000209,0,0,0
107000210,0,0,0
107000211,0,0,0
107000212,0,0,0
107000213,0,0,0
107000214,0,0,0
107000215,0,0,0
107000216,0,0,0
107000217,0,0,0
107000219,0,0,0
107000220,0,0,0
107000222,1,21,-20
107000224,0,0,0
107000225,0,6,-6
107000226,0,0,0
107000227,0,7,-7
107000228,0,0,0
107000229,0,0,0
107000230,33,40,-7
107000231,0,0,0
107000232,0,0,0
107000233,0,0,0
107000234,0,0,0
107000235,0,1,-1
107000236,5,129,-124
107000237,0,0,0
107000238,0,0,0
107000239,0,0,0
107000240,0,0,0
107000241,0,0,0
107000242,0,0,0
107000243,0,7,-7
107000244,2,35,-33
107000246,2,284,-282
107000249,0,5,-5
107000251,0,0,0
107000252,0,0,0
107000255,0,0,0
107000257,0,0,0
107000258,0,0,0
107000259,0,0,0
107000260,0,0,0
107000262,0,0,0
107000263,0,0,0
107000266,0,0,0
107000267,0,0,0
107000268,0,0,0
107000269,0,0,0
107000270,0,0,0
107000271,0,0,0
107000272,0,0,0
107000273,0,0,0
107000274,0,0,0
107000275,0,0,0
107000280,0,0,0
107000281,0,0,0
107000282,0,0,0
107000290,0,0,0
107000291,0,0,0
107000292,0,0,0
107000293,0,0,0
107000294,0,0,0
107000295,0,0,0
107000296,0,0,0
107000444,0,0,0
107000496,0,0,0
107000497,39,301,-262
107000500,0,0,0
107000501,0,0,0
107000502,0,0,0
107000505,9,85,-76
107000506,0,0,0
107000508,0,0,0
107000509,0,0,0
107000510,0,0,0
107000514,0,0,0
107000515,0,0,0
107000516,0,0,0
107000518,0,0,0
107000519,34,200,-166
107000520,0,0,0
107000521,48,82,-34
107000522,0,0,0
107900001,0,0,0
107900002,0,0,0
107900003,0,0,0
107900004,0,0,0
107900005,0,0,0
107900006,0,0,0
107900007,0,0,0
107900008,0,0,0
107900009,0,0,0
107900010,0,0,0
107900012,0,0,0
107900013,0,0,0
107900014,0,0,0
107900015,0,0,0
107900016,0,0,0
107900017,0,0,0
107900018,0,0,0
107900019,0,0,0
107900020,0,0,0
107900021,0,0,0
107900023,0,0,0
107900024,0,0,0
107900025,0,0,0
107900026,0,0,0
107900027,0,0,0
107900028,0,0,0
107900030,0,0,0
107900031,0,0,0
107900032,0,0,0
107900033,0,0,0
107900034,0,0,0
107900035,0,0,0
107900036,0,0,0
107900037,0,0,0
107900038,0,0,0
107900039,0,0,0
107900040,0,0,0
107900041,0,0,0
107900043,0,0,0
107900044,0,0,0
107900045,0,0,0
107900046,0,0,0
107900047,0,0,0
107900048,0,0,0
107900049,0,0,0
107900050,0,0,0
107900051,0,0,0
107900052,0,0,0
107900053,0,0,0
107900055,0,0,0
107900056,0,0,0
107900057,0,0,0
107900058,0,0,0
107900060,0,0,0
107900061,0,0,0
107900063,0,0,0
107900064,0,0,0
107900065,0,0,0
107900066,0,0,0
107900067,0,0,0
107900068,0,0,0
107900069,0,0,0
107900070,0,0,0
107900071,0,0,0
107900072,0,0,0
107900073,0,0,0
107900074,0,0,0
107900076,0,0,0
107900077,0,0,0
107900078,0,0,0
107900079,0,0,0
107900080,0,0,0
107900081,0,0,0
107900082,0,0,0
107900083,0,0,0
107900084,0,0,0
107900086,0,0,0
107900087,0,0,0
107900088,0,0,0
107900089,0,0,0
107900090,0,0,0
107900091,0,0,0
107900092,0,0,0
107900093,0,0,0
107900095,0,0,0
107900097,0,0,0
107900098,0,0,0
107900100,0,0,0
107900101,0,0,0
107900102,0,0,0
107900103,0,0,0
107900104,0,0,0
107900105,0,0,0
107900106,0,0,0
107900107,0,0,0
107900108,0,0,0
107900109,0,0,0
107900110,0,0,0
107900111,0,0,0
107900112,0,0,0
107900113,0,0,0
107900114,0,0,0
107900115,0,0,0
107900116,0,0,0
107900117,0,0,0
107900118,0,0,0
107900119,0,0,0
107900120,0,0,0
107900121,0,0,0
107900122,0,0,0
107900123,0,0,0
107900124,0,0,0
107900125,0,0,0
107900126,0,0,0
107900127,0,0,0
107900128,0,0,0
107900129,0,0,0
107900130,0,0,0
107900131,0,0,0
107900132,0,0,0
107900133,0,0,0
107900134,0,0,0
107900135,0,0,0
107900136,0,0,0
107900137,0,0,0
107900138,0,0,0
107900139,0,0,0
107900140,0,0,0
107900141,0,0,0
107900142,0,0,0
107900143,0,0,0
107900144,0,0,0
107900145,0,0,0
107900146,0,0,0
107900147,0,0,0
107900148,0,0,0
107900149,0,0,0
107900150,0,0,0
107900151,0,0,0
107900152,0,0,0
107900153,0,0,0
107900154,0,0,0
107900155,0,0,0
107900156,0,0,0
107900157,0,0,0
107900158,0,0,0
107900159,0,0,0
107900160,0,0,0
107900161,0,0,0
107900162,0,0,0
107900163,0,0,0
107900164,0,0,0
107900165,0,0,0
107900166,0,0,0
107900167,0,0,0
107900168,0,0,0
107900169,0,0,0
107900171,0,0,0
107900172,0,0,0
107900173,0,0,0
107900174,0,0,0
107900175,0,0,0
107900176,0,0,0
107900177,0,0,0
107900178,0,0,0
107900179,0,0,0
107900180,0,0,0
107900181,0,0,0
107900182,0,0,0
107900183,0,0,0
107900184,0,0,0
107900185,0,0,0
107900186,0,0,0
107900187,0,0,0
107900188,0,0,0
107900189,0,0,0
107900190,0,0,0
107900191,0,0,0
107900193,0,0,0
107900194,0,0,0
107900195,0,0,0
107900196,0,0,0
107900197,0,0,0
107900199,0,0,0
107900201,0,0,0
107900203,0,0,0
107900204,0,0,0
107900205,0,0,0
107900206,0,0,0
107900207,0,0,0
107900208,0,0,0
107900209,0,0,0
107900210,0,0,0
107900213,0,0,0
107900214,0,0,0
107900215,0,0,0
107900216,0,0,0
107900217,0,0,0
107900218,0,0,0
107900219,0,0,0
107900220,0,0,0
107900221,0,0,0
107900223,0,0,0
107900224,0,0,0
107900225,0,0,0
107900226,0,0,0
107900227,0,0,0
107900228,0,0,0
107900229,0,0,0
107900230,0,0,0
107900231,0,0,0
107900232,0,0,0
107900233,0,0,0
107900234,0,0,0
107900235,0,0,0
107900236,0,0,0
107900237,0,0,0
107900238,0,0,0
107900239,0,0,0
107900240,0,0,0
107900241,0,0,0
107900242,0,0,0
107900243,0,0,0
107900244,0,0,0
107900245,0,0,0
107900246,0,0,0
107900248,0,0,0
107900249,0,0,0
107900250,0,0,0
107900251,0,0,0
107900252,0,0,0
107900253,0,0,0
107900254,0,0,0
107900255,0,0,0
107900256,0,0,0
107900257,0,0,0
107900258,0,0,0
107900259,0,0,0
107900261,0,0,0
107900262,0,0,0
107900264,0,0,0
107900265,0,0,0
107900267,0,0,0
107900268,0,0,0
107900269,0,0,0
107900270,0,0,0
107900271,0,0,0
107900272,0,0,0
107900273,0,0,0
107900274,0,0,0
107900275,0,0,0
107900276,0,0,0
107900277,0,0,0
107900278,0,0,0
107900279,0,0,0
107900280,0,0,0
107900281,0,0,0
107900282,0,0,0
107900283,0,0,0
107900284,0,0,0
107900285,0,0,0
107900286,0,0,0
107900287,0,0,0
107900290,0,0,0
107900291,0,0,0
107900292,0,0,0
107900293,0,0,0
107900295,0,0,0
107900297,0,0,0
107900298,0,0,0
107900299,0,0,0
107900300,0,0,0
107900301,0,0,0
107900302,0,0,0
107900303,0,0,0
107900304,0,0,0
107900305,0,0,0
107900306,0,0,0
107900307,0,0,0
107900308,0,0,0
107900309,0,0,0
107900310,0,0,0
107900311,0,0,0
107900312,0,0,0
107900313,0,0,0
107900314,0,0,0
107900315,0,0,0
107900316,0,0,0
107900317,0,0,0
107900318,0,0,0
107900319,0,0,0
107900320,0,0,0
107900321,0,0,0
107900322,0,0,0
107900323,0,0,0
107900324,0,0,0
107900325,0,0,0
107900326,0,0,0
107900327,0,0,0
107900328,0,0,0
107900329,0,0,0
107900330,0,0,0
107900331,0,0,0
107900332,0,0,0
107900333,0,0,0
107900334,0,0,0
107900335,0,0,0
107900336,0,0,0
107900337,0,0,0
107900338,0,0,0
107900339,0,0,0
107900340,0,0,0
107900341,0,0,0
107900342,0,0,0
107900343,0,0,0
107900344,0,0,0
107900345,0,0,0
107900346,0,0,0
107900347,0,0,0
107900348,0,0,0
107900349,0,0,0
107900350,0,0,0
107900351,0,0,0
108000001,197,95,102
108000002,791,1127,-336
108000003,285,84,201
108000004,3135,4164,-1029
108000005,182,108,74
108000006,462,1647,-1185
108000007,183,175,8
108000008,498,1352,-854
108000009,109,181,-72
108000010,270,1210,-940
108000011,714,248,466
108000012,2918,2948,-30
108000014,0,0,0
108000015,0,0,0
108000016,66,220,-154
108000017,0,0,0
108000018,0,0,0
108000019,0,0,0
108000020,0,0,0
108000021,60,502,-442
108000022,7,48,-41
108000023,0,0,0
108000024,0,0,0
108000025,5,27,-22
108000026,0,0,0
108000027,4,66,-62
108000028,0,0,0
108000029,3,78,-75
108000030,0,0,0
108000031,1,60,-59
108000032,0,0,0
108000033,28,153,-125
108000034,0,0,0
108000035,64,440,-376
108000036,5,243,-238
108000037,0,0,0
108000038,0,0,0
108000039,14,349,-335
108000040,0,0,0
108000041,74,370,-296
108000042,0,0,0
108000043,0,24,-24
108000044,0,0,0
108000045,3,84,-81
108000046,0,0,0
108000047,27,164,-137
108000048,4,40,-36
108000049,0,0,0
108000050,5,35,-30
108000051,0,0,0
108000052,7,25,-18
108000053,0,0,0
108000054,5,22,-17
108000055,0,0,0
108000056,32,52,-20
108000057,0,0,0
108000058,0,0,0
108000059,291,160,131
108000060,0,3,-3
108000061,0,0,0
108000062,3,3,0
108000063,0,1,-1
108000064,0,0,0
108000065,0,0,0
108000066,0,0,0
108000067,0,0,0
108000068,0,0,0
108000069,14,170,-156
108000070,0,0,0
108000071,57,221,-164
108000072,0,0,0
108000073,60,247,-187
108000074,0,0,0
108000075,9,97,-88
108000076,1,0,1
108000077,41,122,-81
108000078,0,0,0
108000079,147,389,-242
108000080,0,0,0
108000081,43,399,-356
108000082,94,268,-174
108000083,0,0,0
108000084,5,120,-115
108000085,0,0,0
108000086,45,100,-55
108000087,0,0,0
108000088,0,0,0
108000089,1,1,0
108000090,0,0,0
108000091,2,63,-61
108000092,0,0,0
108000093,14,60,-46
108000094,0,0,0
108000095,7,32,-25
108000096,0,0,0
108000097,12,52,-40
108000098,0,0,0
108000099,0,0,0
108000100,0,0,0
108000101,0,0,0
108000102,0,0,0
108000106,0,0,0
108000107,1,16,-15
108000108,0,0,0
108000109,0,14,-14
108000110,0,0,0
108000111,23,188,-165
108000112,0,0,0
108000113,0,0,0
108000115,0,0,0
108000117,0,0,0
108000118,0,21,-21
108000119,5,18,-13
108000120,0,0,0
108000121,0,26,-26
108000122,0,0,0
108000123,0,0,0
108000124,1,443,-442
108000125,0,0,0
108000126,0,186,-186
108000127,0,0,0
108000128,2,246,-244
108000129,3,395,-392
108000130,0,0,0
108000131,0,0,0
108000132,108,198,-90
108000133,0,0,0
108000134,45,319,-274
108000135,0,0,0
108000136,38,426,-388
108000137,0,0,0
108000138,0,0,0
108000139,0,0,0
108000140,0,0,0
108000141,2,5,-3
108000142,0,8,-8
108000143,1,1,0
108000144,0,0,0
108000145,0,4,-4
108000146,0,0,0
108000147,0,1,-1
108000148,0,0,0
108000149,0,2,-2
108000150,0,0,0
108000151,0,0,0
108000152,0,0,0
108000153,0,0,0
108000154,0,0,0
108000155,0,0,0
108000156,0,0,0
108000157,0,0,0
108000158,0,0,0
108000159,0,0,0
108000160,21,26,-5
108000161,0,0,0
108000165,0,0,0
108000172,0,0,0
108000173,0,0,0
108000175,0,0,0
108000178,0,0,0
108000179,0,0,0
108000181,0,0,0
108000182,0,0,0
108000183,0,2,-2
108000184,0,0,0
108000185,0,0,0
108000186,0,0,0
108000187,0,0,0
108000188,0,0,0
108000189,0,0,0
108000190,1,11,-10
108000192,0,0,0
108000193,41,0,41
108000194,0,0,0
108000195,2,151,-149
108000196,0,0,0
108000198,0,0,0
108000199,0,47,-47
108000200,0,0,0
108000202,1,141,-140
108000203,0,0,0
108000204,0,0,0
108000205,0,0,0
108000339,0,0,0
108000364,0,0,0
108000365,0,0,0
108000367,0,0,0
108000368,0,0,0
108000369,0,0,0
108000371,0,18,-18
108000372,0,0,0
108000373,0,0,0
108000376,0,0,0
108000377,0,0,0
108000378,999,198,801
108000379,0,0,0
108000381,0,0,0
108000382,0,0,0
108000383,0,0,0
108900001,0,0,0
108900002,0,0,0
108900003,0,0,0
108900004,0,0,0
108900005,0,0,0
108900006,0,0,0
108900007,0,0,0
108900008,0,0,0
108900009,0,0,0
108900010,0,0,0
108900011,0,0,0
108900012,0,0,0
108900013,0,0,0
108900014,0,0,0
108900015,0,0,0
108900016,0,0,0
108900017,0,0,0
108900018,0,0,0
108900019,0,0,0
108900020,0,0,0
108900021,0,0,0
108900022,0,0,0
108900023,0,0,0
108900024,0,0,0
108900025,0,0,0
108900026,0,0,0
108900027,0,0,0
108900028,0,0,0
108900029,0,0,0
108900030,0,0,0
108900031,0,0,0
108900032,0,0,0
108900033,0,0,0
108900034,0,0,0
108900035,0,0,0
108900036,0,0,0
108900037,0,0,0
108900038,0,0,0
108900039,0,0,0
108900040,0,0,0
108900041,0,0,0
108900042,0,0,0
108900043,0,0,0
108900044,0,0,0
108900045,0,0,0
108900046,0,0,0
108900047,0,0,0
108900048,0,0,0
108900049,0,0,0
108900050,0,0,0
108900051,0,0,0
108900052,0,0,0
108900053,0,0,0
108900054,0,0,0
108900055,0,0,0
108900056,0,0,0
108900057,0,0,0
108900058,0,0,0
108900059,0,0,0
108900060,0,0,0
108900061,0,0,0
108900062,0,0,0
108900063,0,0,0
108900064,0,0,0
108900065,0,0,0
108900066,0,0,0
108900067,0,0,0
108900068,0,0,0
108900069,0,0,0
108900070,0,0,0
108900071,0,0,0
108900072,0,0,0
108900073,0,0,0
108900074,0,0,0
108900075,0,0,0
108900076,0,0,0
108900077,0,0,0
108900078,0,0,0
108900079,0,0,0
108900080,0,0,0
108900081,0,0,0
108900082,0,0,0
108900083,0,0,0
108900084,0,0,0
108900085,0,0,0
108900086,0,0,0
108900087,0,0,0
108900088,0,0,0
108900089,0,0,0
108900090,0,0,0
108900091,0,0,0
108900092,0,0,0
108900093,0,0,0
108900094,0,0,0
108900095,0,0,0
108900096,0,0,0
108900097,0,0,0
108900098,0,0,0
108900099,0,0,0
108900100,0,0,0
108900101,0,0,0
108900102,0,0,0
108900103,0,0,0
108900104,0,0,0
108900105,0,0,0
108900106,0,0,0
108900108,0,0,0
108900109,0,0,0
108900110,0,0,0
108900111,0,0,0
108900112,0,0,0
108900113,0,0,0
108900114,0,0,0
108900115,0,0,0
108900116,0,0,0
108900117,0,0,0
108900118,0,0,0
108900119,0,0,0
108900120,0,0,0
108900121,0,0,0
108900122,0,0,0
108900123,0,0,0
108900124,0,0,0
108900125,0,0,0
108900126,0,0,0
108900127,0,0,0
108900128,0,0,0
108900129,0,0,0
108900130,0,0,0
108900131,0,0,0
108900132,0,0,0
108900133,0,0,0
108900134,0,0,0
108900135,0,0,0
108900136,0,0,0
108900137,0,0,0
108900138,0,0,0
108900139,0,0,0
108900140,0,0,0
108900141,0,0,0
108900142,0,0,0
108900143,0,0,0
108900144,0,0,0
108900145,0,0,0
108900146,0,0,0
108900147,0,0,0
108900148,0,0,0
108900149,0,0,0
108900150,0,0,0
108900151,0,0,0
108900152,0,0,0
108900153,0,0,0
108900154,0,0,0
108900155,0,0,0
108900156,0,0,0
108900157,0,0,0
108900158,0,0,0
108900159,0,0,0
108900160,0,0,0
108900161,0,0,0
108900162,0,0,0
108900163,0,0,0
108900164,0,0,0
108900165,0,0,0
108900167,0,0,0
108900168,0,0,0
108900169,0,0,0
108900171,0,0,0
108900172,0,0,0
108900173,0,0,0
108900174,0,0,0
108900176,0,0,0
108900177,0,0,0
108900178,0,0,0
108900179,0,0,0
108900180,0,0,0
108900182,0,0,0
108900183,0,0,0
108900184,0,0,0
108900185,0,0,0
108900186,0,0,0
108900187,0,0,0
108900188,0,0,0
108900189,0,0,0
108900190,0,0,0
108900191,0,0,0
108900192,0,0,0
108900193,0,0,0
108900194,0,0,0
108900195,0,0,0
108900196,0,0,0
108900198,0,0,0
108900199,0,0,0
108900200,0,0,0
108900201,0,0,0
108900203,0,0,0
108900204,0,0,0
108900205,0,0,0
108900206,0,0,0
108900207,0,0,0
108900208,0,0,0
108900209,0,0,0
108900210,0,0,0
108900211,0,0,0
108900212,0,0,0
108900215,0,0,0
108900216,0,0,0
108900217,0,0,0
108900218,0,0,0
108900219,0,0,0
108900220,0,0,0
108900221,0,0,0
108900222,0,0,0
108900223,0,0,0
108900224,0,0,0
108900225,0,0,0
108900226,0,0,0
108900227,0,0,0
108900230,0,0,0
108900231,0,0,0
108900232,0,0,0
108900233,0,0,0
108900234,0,0,0
108900235,0,0,0
108900236,0,0,0
108900237,0,0,0
108900240,0,0,0
108900241,0,0,0
108900245,0,0,0
108900249,0,0,0
108900250,0,0,0
108900257,0,0,0
108900258,0,0,0
108900259,0,0,0
108900260,0,0,0
108900261,0,0,0
108900262,0,0,0
108900263,0,0,0
108900264,0,0,0
108900265,0,0,0
108900266,0,0,0
108900267,0,0,0
108900268,0,0,0
108900269,0,0,0
108900270,0,0,0
108900271,0,0,0
108900272,0,0,0
108900273,0,0,0
108900274,0,0,0
109000001,77,0,77
109000002,922,831,91
109000003,89,2,87
109000004,255,1156,-901
109000005,60,3,57
109000006,140,896,-756
109000007,48,4,44
109000008,140,671,-531
109000009,243,55,188
109000010,408,1582,-1174
109000011,182,42,140
109000012,352,1493,-1141
109000013,230,39,191
109000014,233,1408,-1175
109000015,286,102,184
109000016,709,1932,-1223
109000017,133,43,90
109000018,177,1431,-1254
109000019,129,16,113
109000020,340,771,-431
109000023,0,0,0
109000024,0,0,0
109000025,0,0,0
109000026,0,0,0
109000027,0,0,0
109000028,0,0,0
109000029,0,0,0
109000030,5,52,-47
109000031,0,0,0
109000032,3,48,-45
109000033,0,0,0
109000034,0,0,0
109000035,0,0,0
109000036,3,43,-40
109000037,0,0,0
109000038,84,36,48
109000039,0,0,0
109000040,0,0,0
109000041,176,113,63
109000042,15,83,-68
109000044,0,0,0
109000045,22,193,-171
109000046,0,0,0
109000047,17,303,-286
109000048,0,0,0
109000049,124,432,-308
109000050,0,0,0
109000051,221,250,-29
109000052,0,0,0
109000053,0,0,0
109000054,0,0,0
109000055,0,0,0
109000056,0,0,0
109000057,0,0,0
109000058,0,0,0
109000059,0,0,0
109000060,0,0,0
109000061,1,0,1
109000062,0,0,0
109000063,0,0,0
109000064,0,0,0
109000065,0,0,0
109000066,0,0,0
109000067,0,0,0
109000068,0,1,-1
109000069,0,0,0
109000070,0,126,-126
109000071,0,0,0
109000072,0,0,0
109000073,0,0,0
109000074,0,0,0
109000075,38,414,-376
109000076,0,0,0
109000077,0,0,0
109000078,0,0,0
109000079,0,0,0
109000080,0,0,0
109000081,0,0,0
109000082,0,0,0
109000083,0,0,0
109000088,0,0,0
109000089,0,0,0
109000090,0,0,0
109000091,0,0,0
109000092,0,0,0
109000093,0,0,0
109000094,0,0,0
109000095,0,0,0
109000096,0,0,0
109000097,0,0,0
109000098,0,0,0
109000099,14,10,4
109000100,2,57,-55
109000101,33,4,29
109000102,2,151,-149
109000103,0,0,0
109000104,40,5,35
109000105,3,244,-241
109000106,57,2,55
109000107,10,190,-180
109000108,61,8,53
109000109,25,203,-178
109000110,68,13,55
109000111,55,201,-146
109000112,0,0,0
109000113,36,79,-43
109000114,0,0,0
109000115,0,0,0
109000116,1,61,-60
109000117,0,0,0
109000118,0,53,-53
109000119,0,0,0
109000120,6,132,-126
109000121,0,0,0
109000122,0,169,-169
109000123,0,0,0
109000124,0,0,0
109000125,0,0,0
109000126,0,254,-254
109000127,0,0,0
109000128,6,204,-198
109000129,0,0,0
109000130,23,295,-272
109000131,0,0,0
109000132,70,146,-76
109000133,2,209,-207
109000134,24,447,-423
109000135,7,255,-248
109000136,0,0,0
109000137,0,0,0
109000138,0,0,0
109000139,0,0,0
109000140,0,0,0
109000141,0,0,0
109000142,0,0,0
109000143,0,0,0
109000145,0,0,0
109000146,0,0,0
109000148,0,0,0
109000149,0,0,0
109000150,0,0,0
109000155,0,0,0
109000156,0,0,0
109000158,0,0,0
109000159,0,0,0
109000160,0,0,0
109000161,0,0,0
109000162,0,0,0
109000163,0,0,0
109000164,0,0,0
109000165,0,0,0
109000166,0,0,0
109000167,0,0,0
109000170,0,0,0
109000171,0,0,0
109000172,0,0,0
109000173,0,0,0
109000174,0,0,0
109000175,0,0,0
109000176,0,0,0
109000177,0,0,0
109000178,0,0,0
109000179,0,0,0
109000180,0,0,0
109000181,0,0,0
109000182,0,0,0
109000183,0,0,0
109000184,0,0,0
109000185,0,0,0
109000188,0,0,0
109000189,0,0,0
109000190,0,0,0
109000191,0,0,0
109000192,0,0,0
109000193,0,0,0
109000194,0,0,0
109000195,0,0,0
109000196,0,0,0
109000197,0,0,0
109000198,0,0,0
109000199,0,0,0
109000206,0,0,0
109000207,0,0,0
109000208,0,0,0
109000209,0,0,0
109000210,0,0,0
109000211,0,0,0
109000214,0,0,0
109000215,0,0,0
109000216,11,7,4
109000217,0,0,0
109000218,0,0,0
109000221,0,0,0
109000222,0,0,0
109000223,0,0,0
109000224,0,0,0
109000225,0,0,0
109000226,0,0,0
109000227,0,0,0
109000228,1,72,-71
109000231,0,0,0
109000232,0,0,0
109000236,5,276,-271
109000241,0,0,0
109000242,0,0,0
109000293,0,0,0
109000361,0,0,0
109000364,0,0,0
109000396,0,0,0
109000397,0,0,0
109000399,0,0,0
109000400,0,0,0
109000403,0,0,0
109000406,13,1,12
109000407,0,0,0
109000408,3,195,-192
109000410,0,0,0
109000411,0,0,0
109900001,0,0,0
109900002,0,0,0
109900003,0,0,0
109900004,0,0,0
109900005,0,0,0
109900006,0,0,0
109900007,0,0,0
109900008,0,0,0
109900009,0,0,0
109900010,0,0,0
109900011,0,0,0
109900012,0,0,0
109900013,0,0,0
109900014,0,0,0
109900015,0,0,0
109900016,0,0,0
109900017,0,0,0
109900018,0,0,0
109900019,0,0,0
109900020,0,0,0
109900021,0,0,0
109900022,0,0,0
109900023,0,0,0
109900024,0,0,0
109900025,0,0,0
109900026,0,0,0
109900027,0,0,0
109900028,0,0,0
109900029,0,0,0
109900030,0,0,0
109900031,0,0,0
109900032,0,0,0
109900033,0,0,0
109900034,0,0,0
109900035,0,0,0
109900036,0,0,0
109900037,0,0,0
109900038,0,0,0
109900039,0,0,0
109900040,0,0,0
109900041,0,0,0
109900042,0,0,0
109900044,0,0,0
109900045,0,0,0
109900046,0,0,0
109900047,0,0,0
109900048,0,0,0
109900049,0,0,0
109900050,0,0,0
109900051,0,0,0
109900052,0,0,0
109900053,0,0,0
109900054,0,0,0
109900055,0,0,0
109900056,0,0,0
109900057,0,0,0
109900058,0,0,0
109900059,0,0,0
109900060,0,0,0
109900061,0,0,0
109900062,0,0,0
109900063,0,0,0
109900064,0,0,0
109900065,0,0,0
109900066,0,0,0
109900067,0,0,0
109900068,0,0,0
109900069,0,0,0
109900070,0,0,0
109900071,0,0,0
109900072,0,0,0
109900073,0,0,0
109900074,0,0,0
109900075,0,0,0
109900076,0,0,0
109900077,0,0,0
109900078,0,0,0
109900080,0,0,0
109900081,0,0,0
109900082,0,0,0
109900083,0,0,0
109900084,0,0,0
109900085,0,0,0
109900086,0,0,0
109900087,0,0,0
109900089,0,0,0
109900090,0,0,0
109900091,0,0,0
109900092,0,0,0
109900093,0,0,0
109900094,0,0,0
109900095,0,0,0
109900096,0,0,0
109900097,0,0,0
109900098,0,0,0
109900099,0,0,0
109900100,0,0,0
109900101,0,0,0
109900102,0,0,0
109900103,0,0,0
109900104,0,0,0
109900105,0,0,0
109900106,0,0,0
109900107,0,0,0
109900108,0,0,0
109900109,0,0,0
109900110,0,0,0
109900111,0,0,0
109900112,0,0,0
109900113,0,0,0
109900114,0,0,0
109900115,0,0,0
109900117,0,0,0
109900118,0,0,0
109900119,0,0,0
109900120,0,0,0
109900121,0,0,0
109900122,0,0,0
109900123,0,0,0
109900124,0,0,0
109900125,0,0,0
109900126,0,0,0
109900128,0,0,0
109900130,0,0,0
109900131,0,0,0
109900132,0,0,0
109900133,0,0,0
109900134,0,0,0
109900135,0,0,0
109900136,0,0,0
109900137,0,0,0
109900140,0,0,0
109900142,0,0,0
109900145,0,0,0
109900146,0,0,0
109900148,0,0,0
109900149,0,0,0
109900150,0,0,0
109900151,0,0,0
109900152,0,0,0
109900153,0,0,0
109900154,0,0,0
109900155,0,0,0
109900157,0,0,0
109900158,0,0,0
109900159,0,0,0
109900160,0,0,0
109900161,0,0,0
109900162,0,0,0
109900163,0,0,0
109900164,0,0,0
109900165,0,0,0
109900166,0,0,0
109900167,0,0,0
109900168,0,0,0
109900169,0,0,0
109900170,0,0,0
109900171,0,0,0
109900172,0,0,0
109900173,0,0,0
109900174,0,0,0
109900175,0,0,0
109900176,0,0,0
109900177,0,0,0
109900178,0,0,0
109900179,0,0,0
109900180,0,0,0
110000001,71,267,-196
110000002,83,75,8
110000003,665,421,244
110000004,294,107,187
110000005,143,24,119
110000006,0,0,0
110000007,0,0,0
110000008,0,0,0
110000009,0,0,0
110000010,0,0,0
110000011,0,0,0
110000012,0,0,0
110000013,0,0,0
110000014,0,0,0
110000015,0,0,0
110000016,0,0,0
110000017,0,0,0
110000018,0,0,0
110000019,0,0,0
110000020,0,0,0
110000021,0,0,0
110000022,0,0,0
110000023,0,0,0
110000024,0,0,0
110000025,0,0,0
110000026,0,0,0
110000027,0,0,0
110000028,0,0,0
110000029,0,0,0
110000030,0,0,0
110000031,0,0,0
110000032,0,0,0
110000033,0,0,0
110000034,0,0,0
110000035,0,2,-2
110000036,0,0,0
110000037,0,0,0
110000038,0,0,0
110000039,0,0,0
110000040,0,0,0
110000041,0,0,0
110000042,0,0,0
110000043,0,0,0
110000044,0,0,0
110000045,0,0,0
110000046,0,0,0
110000047,0,0,0
110000048,0,0,0
110000049,0,0,0
110000050,0,0,0
110000051,0,0,0
110000052,0,0,0
110000053,0,0,0
110000054,0,0,0
110000055,0,0,0
110000056,0,0,0
110000057,0,0,0
110000058,0,0,0
110000059,95,275,-180
110000060,79,95,-16
110000061,348,516,-168
110000062,280,158,122
110000063,0,0,0
110000064,0,0,0
110000065,0,0,0
110000066,0,0,0
110000067,0,0,0
110000068,0,0,0
110000069,0,0,0
110000071,0,0,0
110000073,0,0,0
110000075,0,0,0
110000076,0,0,0
110000077,0,0,0
110000078,0,0,0
110000080,49,204,-155
110000081,2,38,-36
110000082,2,63,-61
110000083,53,185,-132
110000084,0,0,0
110000085,882,332,550
110000086,0,0,0
110000087,5,69,-64
110000088,6,89,-83
110000089,0,0,0
110000090,0,0,0
110000091,0,0,0
110000092,0,0,0
110000093,100,13,87
110000094,40,232,-192
110000095,0,0,0
110000096,280,487,-207
110000097,0,0,0
110000098,0,0,0
110000099,55,382,-327
110000100,0,0,0
110000101,0,0,0
110000102,0,0,0
110000104,0,0,0
110000105,0,0,0
110000106,0,0,0
110000107,0,0,0
110000108,49,1,48
110000109,0,17,-17
110000110,624,8,616
110000111,0,15,-15
110000112,0,0,0
110000113,0,0,0
110000114,0,0,0
110000115,0,0,0
110000116,0,0,0
110000117,1,21,-20
110000118,0,0,0
110000119,5,13,-8
110000120,0,0,0
110000121,2,14,-12
110000122,0,0,0
110000123,0,0,0
110000124,0,50,-50
110000125,0,0,0
110000126,0,0,0
110000127,0,0,0
110000128,0,90,-90
110000129,0,48,-48
110000130,0,0,0
110000131,6,33,-27
110000132,0,54,-54
110000133,0,0,0
110000134,0,0,0
110000135,0,0,0
110000136,0,0,0
110000137,0,0,0
110000138,0,0,0
110000139,0,0,0
110000140,0,0,0
110000143,0,0,0
110000144,418,20,398
110000145,87,18,69
110000146,204,19,185
110000147,0,0,0
110000148,0,0,0
110000151,0,0,0
110000152,0,0,0
110000153,0,0,0
110000154,0,0,0
110000155,319,707,-388
110000156,29,315,-286
110000157,155,295,-140
110000160,0,0,0
110000161,0,0,0
110000166,0,0,0
110000167,0,0,0
110000168,0,0,0
110000169,0,0,0
110000170,0,0,0
110000171,0,0,0
110000172,17,299,-282
110000173,99,300,-201
110000174,0,0,0
110000175,0,0,0
110000176,0,0,0
110000177,0,0,0
110000178,22,56,-34
110000179,26,84,-58
110000180,11,35,-24
110000181,3,42,-39
110000182,73,28,45
110000183,0,0,0
110000184,57,35,22
110000185,14,140,-126
110000186,16,84,-68
110000191,0,11,-11
110000192,0,0,0
110000193,0,0,0
110000194,0,61,-61
110000195,0,0,0
110000196,0,0,0
110000197,0,0,0
110000198,0,0,0
110000199,0,0,0
110000200,18,37,-19
110000201,0,0,0
110000202,2,0,2
110000203,12,38,-26
110000204,0,0,0
110000205,0,0,0
110000206,2,45,-43
110000207,0,0,0
110000208,0,0,0
110000209,12,44,-32
110000210,0,0,0
110000211,0,0,0
110000212,32,24,8
110000213,0,0,0
110000214,0,0,0
110000215,0,0,0
110000216,0,0,0
110000217,0,0,0
110000218,0,0,0
110000219,0,0,0
110000220,0,0,0
110000221,0,0,0
110000222,0,0,0
110000223,0,0,0
110000224,0,0,0
110000225,5,76,-71
110000226,0,0,0
110000227,1,40,-39
110000228,0,0,0
110000229,1,17,-16
110000230,0,0,0
110000231,0,0,0
110000232,1,57,-56
110000233,0,1,-1
110000234,0,0,0
110000235,0,0,0
110000236,89,159,-70
110000237,121,158,-37
110000238,1,26,-25
110000239,31,150,-119
110000240,0,0,0
110000242,0,0,0
110000243,0,0,0
110000244,1,72,-71
110000245,1,94,-93
110000246,1,15,-14
110000247,0,0,0
110000248,0,0,0
110000249,0,0,0
110000250,0,0,0
110000251,0,0,0
110000252,0,0,0
110000253,0,0,0
110000254,8,33,-25
110000255,1,26,-25
110000256,0,0,0
110000257,26,147,-121
110000258,0,0,0
110000259,0,0,0
110000260,0,0,0
110000263,0,0,0
110000264,0,0,0
110000265,200,99,101
110000266,174,81,93
110000267,0,6,-6
110000268,0,0,0
110000269,0,2,-2
110000270,0,0,0
110000271,0,0,0
110000272,74,292,-218
110000273,144,334,-190
110000274,1,102,-101
110000275,32,2,30
110000276,11,48,-37
110000277,0,3,-3
110000278,0,0,0
110000279,0,0,0
110000280,0,0,0
110000281,0,0,0
110000282,0,0,0
110000283,0,0,0
110000284,0,0,0
110000285,0,0,0
110000286,0,0,0
110000287,0,0,0
110000288,0,0,0
110000289,0,0,0
110000290,66,40,26
110000291,0,0,0
110000292,21,86,-65
110000293,0,0,0
110000294,8,34,-26
110000295,0,0,0
110000296,2,29,-27
110000297,25,30,-5
110000298,0,0,0
110000299,0,0,0
110000301,0,0,0
110000302,0,0,0
110000303,0,0,0
110000304,0,0,0
110000305,0,0,0
110000306,0,0,0
110000307,0,0,0
110000308,0,0,0
110000309,0,0,0
110000310,0,0,0
110000311,0,0,0
110000312,0,0,0
110000313,21,108,-87
110000314,0,0,0
110000315,360,368,-8
110000316,68,349,-281
110000317,0,0,0
110000318,0,0,0
110000319,0,0,0
110000320,0,0,0
110000321,0,0,0
110000322,0,0,0
110000323,0,0,0
110000324,129,346,-217
110000325,0,0,0
110000327,1,6,-5
110000328,4,75,-71
110000333,0,0,0
110000334,8,116,-108
110000335,0,0,0
110000336,9,181,-172
110000337,0,0,0
110000338,0,0,0
110000339,0,0,0
110000340,0,0,0
110000341,9,152,-143
110000342,0,0,0
110000343,0,18,-18
110000344,0,0,0
110000345,0,0,0
110000346,247,105,142
110000347,170,39,131
110000348,0,0,0
110000349,0,0,0
110000350,0,0,0
110000351,4,34,-30
110000352,7,213,-206
110000353,39,26,13
110000354,4,227,-223
110000355,0,0,0
110000356,0,0,0
110000357,0,0,0
110000361,0,0,0
110000362,0,0,0
110000363,0,0,0
110000364,0,1,-1
110000365,0,0,0
110000366,0,0,0
110000367,17,30,-13
110000368,0,0,0
110000369,0,0,0
110000373,0,12,-12
110000374,0,0,0
110000375,0,86,-86
110000376,0,0,0
110000377,0,0,0
110000378,0,0,0
110000379,169,90,79
110000380,0,0,0
110000383,0,21,-21
110000384,1,5,-4
110000385,0,0,0
110000387,0,20,-20
110000388,0,0,0
110000389,0,0,0
110000391,0,35,-35
110000396,0,0,0
110000397,0,0,0
110000398,0,0,0
110000399,0,0,0
110000587,0,0,0
110000589,0,0,0
110000640,0,0,0
110000652,0,0,0
110000653,0,0,0
110000654,0,0,0
110000656,0,49,-49
110000674,0,0,0
110000675,0,0,0
110000676,0,1,-1
110000679,19,11,8
110000682,0,0,0
110000683,0,0,0
110000684,0,0,0
110000685,0,0,0
110000686,0,0,0
110000687,0,0,0
110000688,36,0,36
110000689,0,0,0
110000692,0,0,0
110000693,0,0,0
110000694,0,284,-284
110000695,6,64,-58
110000696,0,0,0
110900001,0,0,0
110900002,0,0,0
110900003,0,0,0
110900004,0,0,0
110900005,0,0,0
110900006,0,0,0
110900007,0,0,0
110900008,0,0,0
110900009,0,0,0
110900010,0,0,0
110900011,0,0,0
110900012,0,0,0
110900013,0,0,0
110900014,0,0,0
110900015,0,0,0
110900016,0,0,0
110900017,0,0,0
110900018,0,0,0
110900019,0,0,0
110900020,0,0,0
110900021,0,0,0
110900022,0,0,0
110900023,0,0,0
110900024,0,0,0
110900025,0,0,0
110900027,0,0,0
110900028,0,0,0
110900029,0,0,0
110900030,0,0,0
110900031,0,0,0
110900032,0,0,0
110900033,0,0,0
110900035,0,0,0
110900036,0,0,0
110900037,0,0,0
110900038,0,0,0
110900039,0,0,0
110900040,0,0,0
110900041,0,0,0
110900042,0,0,0
110900043,0,0,0
110900044,0,0,0
110900045,0,0,0
110900046,0,0,0
110900047,0,0,0
110900049,0,0,0
110900050,0,0,0
110900051,0,0,0
110900052,0,0,0
110900053,0,0,0
110900054,0,0,0
110900055,0,0,0
110900056,0,0,0
110900057,0,0,0
110900058,0,0,0
110900059,0,0,0
110900060,0,0,0
110900061,0,0,0
110900062,0,0,0
110900063,0,0,0
110900064,0,0,0
110900065,0,0,0
110900066,0,0,0
110900067,0,0,0
110900068,0,0,0
110900069,0,0,0
110900070,0,0,0
110900071,0,0,0
110900073,0,0,0
110900074,0,0,0
110900075,0,0,0
110900077,0,0,0
110900078,0,0,0
110900079,0,0,0
110900080,0,0,0
110900081,0,0,0
110900082,0,0,0
110900083,0,0,0
110900084,0,0,0
110900085,0,0,0
110900086,0,0,0
110900087,0,0,0
110900088,0,0,0
110900090,0,0,0
110900091,0,0,0
110900093,0,0,0
110900095,0,0,0
110900097,0,0,0
110900098,0,0,0
110900099,0,0,0
110900100,0,0,0
110900102,0,0,0
110900105,0,0,0
110900108,0,0,0
110900111,0,0,0
110900112,0,0,0
110900113,0,0,0
110900115,0,0,0
110900116,0,0,0
110900118,0,0,0
110900119,0,0,0
110900120,0,0,0
110900121,0,0,0
110900122,0,0,0
110900125,0,0,0
110900127,0,1,-1
110900128,0,0,0
110900129,0,0,0
110900130,0,0,0
110900131,0,0,0
110900132,0,0,0
110900133,0,0,0
110900135,0,0,0
110900136,0,0,0
110900137,0,0,0
110900138,0,0,0
110900139,0,0,0
110900140,0,0,0
110900141,0,0,0
110900142,0,0,0
110900143,0,0,0
110900144,0,22,-22
110900145,0,0,0
110900146,0,0,0
110900147,2,2,0
110900148,0,3,-3
110900149,0,0,0
110900150,0,0,0
110900151,0,0,0
110900152,0,0,0
110900153,0,0,0
111000001,71,25,46
111000002,213,152,61
111000003,41,42,-1
111000004,104,209,-105
111000005,63,65,-2
111000006,185,319,-134
111000007,222,250,-28
111000008,554,481,73
111000009,310,448,-138
111000010,149,210,-61
111000011,428,537,-109
111000012,262,147,115
111000013,58,378,-320
111000014,81,120,-39
111000017,4,14,-10
111000018,9,15,-6
111000020,142,585,-443
111000021,0,0,0
111000023,0,0,0
111000025,143,337,-194
111000029,0,0,0
111000030,0,0,0
111000031,0,0,0
111000032,0,0,0
111000033,0,0,0
111000034,8,48,-40
111000037,53,61,-8
111000038,30,80,-50
111000039,13,20,-7
111000040,8,39,-31
111000041,19,48,-29
111000042,45,22,23
111000043,0,0,0
111000044,0,0,0
111000045,0,0,0
111000046,1,0,1
111000047,11,1,10
111000049,43,74,-31
111000050,124,306,-182
111000051,52,158,-106
111000052,98,189,-91
111000053,51,95,-44
111000054,44,104,-60
111000055,61,164,-103
111000056,11,61,-50
111000057,6,57,-51
111000058,3,0,3
111000059,0,1,-1
111000060,0,0,0
111000061,0,1,-1
111000062,0,2,-2
111000063,2,1,1
111000064,1,3,-2
111000065,1,3,-2
111000066,5,22,-17
111000067,0,16,-16
111000068,2,10,-8
111000069,38,62,-24
111000070,63,27,36
111000071,1,8,-7
111000072,0,0,0
111000073,0,0,0
111000074,0,0,0
111000075,0,0,0
111000076,0,0,0
111000077,0,0,0
111000078,91,155,-64
111000079,23,40,-17
111000080,5,12,-7
111000081,28,15,13
111000082,2,3,-1
111000084,2,1,1
111000085,13,27,-14
111000086,8,19,-11
111000087,18,27,-9
111000088,79,24,55
111000089,30,62,-32
111000090,21,105,-84
111000091,27,66,-39
111000092,36,62,-26
111000093,5,36,-31
111000094,49,90,-41
111000095,11,157,-146
111000096,43,647,-604
111000097,598,136,462
111000098,65,162,-97
111000099,32,397,-365
111000100,49,281,-232
111000101,5,67,-62
111000102,7,161,-154
111000104,0,0,0
111000107,9,101,-92
111000109,0,0,0
111000110,0,0,0
111000111,0,0,0
111000112,0,0,0
111000113,0,0,0
111000114,0,0,0
111000115,0,0,0
111000116,0,0,0
111000117,0,0,0
111000118,0,0,0
111000119,0,0,0
111000120,0,0,0
111000121,0,0,0
111000122,0,8,-8
111000123,13,22,-9
111000124,3,29,-26
111000125,1,25,-24
111000126,1,16,-15
111000127,0,0,0
111000128,2,0,2
111000129,0,2,-2
111000130,0,1,-1
111000131,0,0,0
111000132,0,0,0
111000133,0,0,0
111000134,0,0,0
111000135,0,0,0
111000136,0,0,0
111000138,0,0,0
111000140,0,0,0
111000141,3,26,-23
111000142,0,0,0
111000143,0,0,0
111000144,0,0,0
111000145,0,0,0
111000146,0,0,0
111000147,0,0,0
111000148,0,0,0
111000149,2,11,-9
111000150,0,0,0
111000151,2,8,-6
111000153,13,25,-12
111000154,4,23,-19
111000155,4,12,-8
111000156,0,0,0
111000157,0,1,-1
111000158,0,3,-3
111000159,0,1,-1
111000160,0,0,0
111000161,0,0,0
111000162,0,0,0
111000163,7,15,-8
111000164,23,51,-28
111000165,35,55,-20
111000166,15,8,7
111000167,9,25,-16
111000168,0,1,-1
111000169,0,1,-1
111000170,0,1,-1
111000171,0,0,0
111000172,0,0,0
111000173,0,0,0
111000174,0,0,0
111000175,0,0,0
111000176,0,0,0
111000177,0,0,0
111000178,0,0,0
111000179,0,0,0
111000180,0,0,0
111000181,0,0,0
111000182,0,0,0
111000183,0,0,0
111000184,0,0,0
111000185,10,28,-18
111000186,5,14,-9
111000187,2,19,-17
111000188,2,49,-47
111000189,0,0,0
111000190,0,0,0
111000191,0,0,0
111000192,0,0,0
111000193,0,1,-1
111000194,0,1,-1
111000195,0,1,-1
111000196,0,0,0
111000197,0,0,0
111000198,0,0,0
111000199,0,0,0
111000200,0,0,0
111000201,0,0,0
111000202,0,0,0
111000203,0,0,0
111000204,0,0,0
111000213,0,0,0
111000214,0,0,0
111000215,0,0,0
111000217,31,84,-53
111000218,36,91,-55
111000219,28,90,-62
111000220,4,29,-25
111000221,0,0,0
111000224,17,35,-18
111000225,0,0,0
111000226,0,0,0
111000227,0,0,0
111000228,0,0,0
111000229,0,0,0
111000230,0,0,0
111000231,0,0,0
111000232,8,35,-27
111000233,15,27,-12
111000234,1,30,-29
111000239,2,1,1
111000240,0,0,0
111000241,0,3,-3
111000242,0,0,0
111000243,2,17,-15
111000244,0,0,0
111000245,0,0,0
111000246,0,0,0
111000247,2,51,-49
111000248,0,0,0
111000249,25,39,-14
111000250,0,0,0
111000251,0,0,0
111000253,0,0,0
111000255,0,0,0
111000257,0,0,0
111000260,6,77,-71
111000261,0,0,0
111000271,0,1,-1
111000273,0,0,0
111000274,9,6,3
111000275,0,0,0
111000276,0,20,-20
111000277,0,0,0
111000278,0,0,0
111000291,2,3,-1
111000298,0,0,0
111000299,0,0,0
111000300,0,33,-33
111000302,0,0,0
111000303,0,0,0
111000312,0,0,0
111000315,3,26,-23
111000320,0,0,0
111000321,0,0,0
111000322,0,0,0
111000323,0,0,0
111000324,0,0,0
111000325,0,0,0
111000326,0,0,0
111000327,8,16,-8
111000328,0,1,-1
111000329,1,9,-8
111000330,0,0,0
111000331,0,0,0
111000332,0,0,0
111000334,10,89,-79
111000335,9,33,-24
111000337,10,88,-78
111000338,0,0,0
111000339,0,0,0
111000340,0,18,-18
111000341,15,19,-4
111000342,1,25,-24
111000344,37,69,-32
111000345,0,0,0
111000346,0,0,0
111000347,0,0,0
111000350,0,0,0
111000351,2,0,2
111000352,0,0,0
111000353,0,3,-3
111000354,0,0,0
111000355,0,8,-8
111000358,0,51,-51
111000360,0,59,-59
111000361,1,8,-7
111000546,32,189,-157
111000547,0,0,0
111000548,12,53,-41
111000549,0,0,0
111000550,7,103,-96
111000551,0,0,0
111000552,0,0,0
111000907,0,0,0
111000908,0,0,0
111000916,29,77,-48
111000917,0,11,-11
111000918,1,37,-36
111000920,0,0,0
111000921,0,34,-34
111000922,26,115,-89
111000924,4,74,-70
111000925,123,375,-252
111000926,280,776,-496
111000927,1135,1012,123
111000928,1734,1266,468
111000929,77,167,-90
111000930,112,730,-618
111000931,176,367,-191
111000932,686,847,-161
111000933,280,234,46
111000934,326,836,-510
111000935,64,130,-66
111000936,112,436,-324
111000937,184,59,125
111000938,148,859,-711
111000939,0,0,0
111000940,0,0,0
111000941,0,0,0
111000943,0,0,0
111000944,0,0,0
111000945,0,30,-30
111001109,0,0,0
111001110,12,100,-88
111001111,0,0,0
111001112,9,2,7
111001113,24,112,-88
111001114,0,0,0
111001115,12,47,-35
111001116,137,0,137
111001117,81,98,-17
111001120,0,0,0
111001121,0,0,0
111001122,1,30,-29
111001123,0,0,0
111001124,0,0,0
111001125,0,2,-2
111900001,0,0,0
111900002,0,0,0
111900003,0,0,0
111900004,0,0,0
111900006,0,0,0
111900007,0,0,0
111900008,0,0,0
111900009,0,0,0
111900010,0,0,0
111900012,0,0,0
111900013,0,0,0
111900014,0,0,0
111900015,0,0,0
111900016,0,0,0
111900017,0,0,0
111900018,0,0,0
111900019,0,0,0
111900020,0,0,0
111900021,0,0,0
111900022,0,0,0
111900023,0,0,0
111900024,0,0,0
111900025,0,0,0
111900026,0,0,0
111900027,0,0,0
111900028,0,0,0
111900029,0,0,0
111900030,0,0,0
111900031,0,0,0
111900032,0,0,0
111900033,0,0,0
111900034,0,0,0
111900035,0,0,0
111900036,0,0,0
111900038,0,0,0
111900039,0,0,0
111900040,0,0,0
111900042,0,0,0
111900043,0,0,0
111900044,0,0,0
111900046,0,0,0
111900048,0,0,0
111900049,0,0,0
111900050,0,0,0
111900051,0,0,0
111900052,0,0,0
111900053,0,0,0
111900054,0,0,0
111900055,0,0,0
111900056,0,0,0
111900057,0,0,0
111900058,0,0,0
111900059,0,0,0
111900060,0,0,0
111900061,0,0,0
111900062,0,0,0
111900063,0,0,0
111900064,0,0,0
111900065,0,0,0
111900066,0,0,0
111900067,0,0,0
111900068,0,0,0
111900069,0,0,0
111900070,0,0,0
111900071,0,0,0
111900072,0,0,0
111900073,0,0,0
111900074,0,0,0
111900075,0,0,0
111900076,0,0,0
111900077,0,0,0
111900078,0,0,0
111900079,0,0,0
111900080,0,0,0
111900082,0,0,0
111900083,0,0,0
111900084,0,0,0
111900085,0,0,0
111900086,0,0,0
111900087,0,0,0
111900088,0,0,0
111900089,0,0,0
111900090,0,0,0
111900091,0,0,0
111900092,0,0,0
111900093,0,0,0
111900094,0,0,0
111900095,0,0,0
111900096,0,0,0
111900097,0,0,0
111900098,0,0,0
111900099,0,0,0
111900100,0,0,0
111900101,0,0,0
111900102,0,0,0
111900103,0,0,0
111900104,0,0,0
111900105,0,0,0
111900106,0,0,0
111900110,0,0,0
111900111,0,0,0
111900112,0,0,0
111900113,0,0,0
111900118,0,0,0
111900119,0,0,0
111900122,0,0,0
111900123,0,0,0
111900124,0,0,0
111900125,0,0,0
111900126,0,0,0
111900127,0,0,0
111900128,0,0,0
111900129,1,1,0
111900130,0,0,0
111900131,0,0,0
111900132,0,0,0
111900133,0,0,0
111900134,0,0,0
111900135,0,0,0
111900136,0,0,0
111900137,0,0,0
111900138,0,0,0
111900139,0,0,0
111900140,0,0,0
111900141,0,0,0
111900142,0,0,0
111900143,0,0,0
111900144,0,0,0
111900145,0,0,0
111900146,0,0,0
111900147,0,0,0
111900148,0,0,0
111900149,0,0,0
111900150,0,0,0
111900151,0,0,0
111900152,0,0,0
111900153,0,0,0
111900154,0,0,0
111900155,0,0,0
111900156,0,0,0
111900157,0,0,0
111900158,0,0,0
111900159,0,0,0
111900160,0,0,0
111900161,0,0,0
111900162,0,0,0
111900163,0,0,0
111900164,0,0,0
111901113,0,0,0
111901114,0,0,0
111901115,0,0,0
111901116,0,0,0
111901117,0,0,0
111901118,0,0,0
111901119,0,0,0
111901121,0,0,0
111901122,0,0,0
111901123,0,0,0
111901124,0,0,0
111901125,0,0,0
111901127,0,0,0
111901128,0,0,0
111901129,0,0,0
111901130,0,0,0
111901131,0,0,0
111901132,0,0,0
111901133,0,0,0
111901134,0,0,0
111901135,0,0,0
111901136,0,0,0
111901137,0,0,0
111901138,0,0,0
111901139,0,0,0
111901140,0,0,0
111901141,0,0,0
111901142,0,0,0
111901143,0,0,0
111901144,0,0,0
111901145,0,0,0
111901146,0,0,0
112000001,89,56,33
112000002,108,470,-362
112000003,59,44,15
112000004,83,383,-300
112000005,129,150,-21
112000006,250,547,-297
112000007,39,72,-33
112000008,28,141,-113
112000009,80,310,-230
112000010,53,110,-57
112000011,96,272,-176
112000012,111,419,-308
112000013,903,264,639
112000014,65,56,9
112000015,23,96,-73
112000016,27,54,-27
112000017,13,92,-79
112000024,76,69,7
112000026,314,752,-438
112000027,0,0,0
112000028,82,240,-158
112000029,0,0,0
112000030,0,0,0
112000031,5,1,4
112000032,0,0,0
112000033,2,0,2
112000034,0,0,0
112000035,0,0,0
112000036,0,2,-2
112000037,5,3,2
112000038,0,14,-14
112000039,0,0,0
112000040,0,0,0
112000041,0,0,0
112000042,15,11,4
112000050,0,0,0
112000051,27,47,-20
112000054,105,193,-88
112000057,0,0,0
112000058,0,0,0
112000059,0,0,0
112000061,215,125,90
112000062,174,24,150
112000063,0,0,0
112000064,543,409,134
112000065,49,51,-2
112000066,0,0,0
112000067,16,18,-2
112000068,0,0,0
112000069,4,53,-49
112000070,0,0,0
112000071,4,54,-50
112000072,0,0,0
112000073,16,35,-19
112000074,0,6,-6
112000075,2,12,-10
112000076,26,32,-6
112000077,4,16,-12
112000078,2,0,2
112000079,3,62,-59
112000080,1,0,1
112000081,49,75,-26
112000082,3,1,2
112000083,19,45,-26
112000084,0,0,0
112000085,11,43,-32
112000086,3,7,-4
112000087,4,20,-16
112000088,2,4,-2
112000089,1,14,-13
112000090,0,4,-4
112000091,35,191,-156
112000092,2,4,-2
112000093,46,100,-54
112000094,0,1,-1
112000095,22,82,-60
112000096,0,0,0
112000097,0,0,0
112000098,18,56,-38
112000099,0,0,0
112000100,2,4,-2
112000101,43,78,-35
112000102,0,1,-1
112000103,13,88,-75
112000105,21,106,-85
112000106,8,0,8
112000107,0,0,0
112000108,2,35,-33
112000109,0,0,0
112000110,0,0,0
112000111,14,139,-125
112000112,0,0,0
112000113,10,82,-72
112000114,0,0,0
112000115,1,6,-5
112000116,1,4,-3
112000117,0,9,-9
112000118,1,2,-1
112000119,0,3,-3
112000120,0,0,0
112000121,0,0,0
112000122,0,0,0
112000123,0,0,0
112000124,0,0,0
112000125,0,0,0
112000126,0,0,0
112000127,0,2,-2
112000128,0,0,0
112000129,0,7,-7
112000130,2,4,-2
112000131,0,15,-15
112000132,4,18,-14
112000133,0,13,-13
112000134,8,21,-13
112000135,0,0,0
112000136,9,17,-8
112000137,0,1,-1
112000138,4,23,-19
112000139,0,0,0
112000140,5,16,-11
112000141,0,0,0
112000142,1,18,-17
112000143,0,0,0
112000144,1,34,-33
112000145,0,0,0
112000146,4,45,-41
112000147,0,0,0
112000148,1,26,-25
112000149,0,0,0
112000150,0,0,0
112000151,0,0,0
112000152,0,0,0
112000153,0,0,0
112000154,0,0,0
112000155,3,7,-4
112000157,152,64,88
112000158,1,3,-2
112000159,0,1,-1
112000167,0,0,0
112000169,1,0,1
112000173,0,0,0
112000175,1,6,-5
112000176,202,86,116
112000177,0,0,0
112000178,0,0,0
112000179,0,0,0
112000180,0,1,-1
112000181,56,198,-142
112000182,0,0,0
112000183,0,0,0
112000184,0,0,0
112000185,0,0,0
112000187,46,61,-15
112000195,0,0,0
112000196,0,0,0
112000197,0,0,0
112000198,0,0,0
112000199,0,0,0
112000202,0,0,0
112000216,0,0,0
112000230,0,0,0
112000231,0,0,0
112000256,0,0,0
112000313,0,0,0
112000314,0,0,0
112000337,0,0,0
112000352,0,0,0
112000392,145,86,59
112000398,52,33,19
112000399,0,0,0
112000400,74,431,-357
112000401,863,332,531
112000402,101,116,-15
112000403,0,3,-3
112000404,51,39,12
112000405,51,93,-42
112000406,198,585,-387
112000407,418,244,174
112000408,602,944,-342
112000409,90,845,-755
112000410,0,0,0
112000411,0,0,0
112000412,0,0,0
112000413,0,0,0
112000414,0,0,0
112000415,0,0,0
112000416,116,37,79
112000417,0,0,0
112000421,0,0,0
112000422,0,3,-3
112000424,36,36,0
112000425,13,90,-77
112000426,0,3,-3
112000427,0,0,0
112000428,0,0,0
112000429,249,298,-49
112000430,112,307,-195
112000431,0,0,0
112000432,15,94,-79
112000433,89,136,-47
112000437,0,0,0
112900001,0,0,0
112900002,0,0,0
112900003,0,0,0
112900004,0,0,0
112900005,0,0,0
112900006,0,0,0
112900007,0,0,0
112900008,0,0,0
112900009,0,0,0
112900010,0,0,0
112900011,0,0,0
112900012,0,0,0
112900013,0,0,0
112900014,0,0,0
112900015,0,0,0
112900016,0,0,0
112900017,0,0,0
112900018,0,0,0
112900019,0,0,0
112900020,0,0,0
112900021,0,0,0
112900022,0,0,0
112900023,0,0,0
112900024,0,0,0
112900025,0,0,0
112900026,0,0,0
112900027,0,0,0
112900028,0,0,0
112900029,0,0,0
112900030,0,0,0
112900031,0,0,0
112900032,0,0,0
112900034,0,0,0
112900035,0,0,0
112900036,0,0,0
112900037,0,0,0
112900038,0,0,0
112900039,0,0,0
112900040,0,0,0
112900041,0,0,0
112900042,0,0,0
112900043,0,0,0
112900044,0,0,0
112900045,0,0,0
112900046,0,0,0
112900047,0,0,0
112900049,0,0,0
112900050,0,0,0
112900051,0,0,0
112900052,0,0,0
112900053,0,0,0
112900054,0,0,0
112900055,0,0,0
112900056,0,0,0
112900057,0,0,0
112900058,0,0,0
112900059,0,0,0
112900060,0,0,0
112900061,0,0,0
112900062,0,0,0
112900063,0,0,0
112900064,0,0,0
112900065,0,0,0
112900066,0,0,0
112900067,0,0,0
112900068,0,0,0
112900069,0,0,0
112900071,0,0,0
112900072,0,0,0
112900073,0,0,0
112900074,0,0,0
112900075,0,0,0
112900076,0,0,0
112900078,0,0,0
112900079,0,0,0
112900080,0,0,0
112900081,0,0,0
112900082,0,0,0
112900083,0,0,0
112900084,0,0,0
112900086,0,0,0
112900087,0,0,0
112900088,0,0,0
112900089,0,0,0
112900090,0,0,0
112900091,0,0,0
112900092,0,0,0
112900093,0,0,0
112900095,0,0,0
112900096,0,0,0
112900097,0,0,0
112900098,0,0,0
112900099,0,0,0
112900100,0,0,0
112900101,0,0,0
112900102,0,0,0
112900103,0,0,0
112900104,0,0,0
112900105,0,0,0
112900106,0,0,0
112900107,0,0,0
112900108,0,0,0
112900109,0,0,0
112900110,0,0,0
112900111,0,0,0
112900112,0,0,0
112900113,0,0,0
112900114,0,0,0
112900115,0,0,0
112900116,0,0,0
112900117,0,0,0
112900118,0,0,0
112900119,0,0,0
112900120,0,0,0
112900121,0,0,0
112900122,0,0,0
112900123,0,0,0
112900124,0,0,0
112900125,0,0,0
112900126,0,0,0
112900127,0,0,0
112900128,0,0,0
112900129,0,13,-13
112900130,0,0,0
112900131,0,0,0
112900132,0,0,0
112900133,0,0,0
112900134,0,13,-13
112900135,0,0,0
112900137,0,0,0
112900138,0,23,-23
112900139,0,0,0
112900141,0,0,0
112900142,0,0,0
112900143,0,0,0
112900144,0,0,0
112900145,0,0,0
112900146,0,0,0
112900147,0,0,0
112900148,0,0,0
112900149,0,0,0
112900151,0,0,0
112900152,0,0,0
112900153,0,0,0
112900154,0,0,0
112900155,0,0,0
112900156,0,0,0
112900157,0,0,0
112900158,0,0,0
112900159,0,0,0
112900160,0,0,0
112900161,0,0,0
112900162,0,0,0
112900163,0,0,0
112900164,0,0,0
112900165,0,0,0
112900166,0,0,0
112900167,0,0,0
112900168,0,0,0
112900169,0,0,0
112900170,0,0,0
112900172,0,0,0
112900173,0,0,0
112900174,0,0,0
112900175,0,0,0
112900176,0,0,0
112900177,0,0,0
112900178,0,0,0
112900179,0,0,0
112900180,0,0,0
112900181,0,0,0
112900182,0,0,0
112900183,0,0,0
112900184,0,0,0
112900185,0,0,0
112900186,0,0,0
112900187,0,0,0
112900188,0,0,0
112900189,0,0,0
112900190,0,0,0
112900192,0,0,0
112900193,0,0,0
112900194,0,0,0
112900195,0,0,0
112900196,0,0,0
112900197,0,1,-1
112900199,0,0,0
112900200,0,0,0
112900201,0,0,0
112900202,0,0,0
112900203,0,0,0
112900204,0,0,0
112900205,0,0,0
112900206,0,0,0
112900207,0,0,0
112900208,0,0,0
112900209,0,0,0
112900210,0,0,0
112900211,0,0,0
112900212,0,0,0
112900213,0,0,0
112900214,0,0,0
112900215,0,0,0
112900216,0,0,0
112900217,0,0,0
112900218,0,0,0
112900219,0,0,0
112900220,0,0,0
112900221,0,0,0
112900222,0,0,0
112900223,0,0,0
112900224,0,0,0
112900225,0,0,0
112900226,0,0,0
112900227,0,0,0
112900228,0,0,0
112900229,0,0,0
112900230,0,0,0
112900232,0,0,0
112900233,0,0,0
112900234,0,0,0
112900235,0,0,0
112900236,0,0,0
112900237,0,0,0
112900238,0,0,0
112900239,0,0,0
113000001,289,253,36
113000002,252,138,114
113000003,16,6,10
113000004,34,21,13
113000005,3,9,-6
113000006,6,6,0
113000007,12,11,1
113000008,10,5,5
113000009,20,17,3
113000010,10,2,8
113000011,21,114,-93
113000012,1,2,-1
113000013,3,0,3
113000014,34,118,-84
113000015,4,25,-21
113000016,0,0,0
113000017,0,34,-34
113000018,0,0,0
113000019,2,81,-79
113000020,0,0,0
113000021,46,143,-97
113000022,4,217,-213
113000025,1,15,-14
113000026,0,2,-2
113000027,0,2,-2
113000028,1,15,-14
113000029,0,0,0
113000030,81,24,57
113000031,59,7,52
113000032,0,0,0
113000033,0,0,0
113000034,38,20,18
113000035,0,0,0
113000036,0,0,0
113000037,0,0,0
113000038,0,0,0
113000039,7,20,-13
113000040,1,7,-6
113000042,0,0,0
113000051,110,124,-14
113000052,162,65,97
113000053,13,40,-27
113000054,10,49,-39
113000055,11,58,-47
113000056,34,54,-20
113000058,19,38,-19
113000059,0,0,0
113000060,4,23,-19
113000061,0,0,0
113000062,0,0,0
113000063,0,0,0
113000064,0,0,0
113000065,6,55,-49
113000066,0,0,0
113000067,1,1,0
113000068,6,83,-77
113000069,14,48,-34
113000070,0,0,0
113000071,2,15,-13
113000072,1,1,0
113000073,16,59,-43
113000074,1,0,1
113000075,4,0,4
113000076,58,89,-31
113000077,0,0,0
113000078,9,76,-67
113000079,13,11,2
113000080,0,0,0
113000081,0,0,0
113000082,20,26,-6
113000083,0,0,0
113000084,8,20,-12
113000085,0,0,0
113000086,16,20,-4
113000087,0,0,0
113000088,70,27,43
113000089,0,0,0
113000090,0,1,-1
113000091,50,16,34
113000094,0,0,0
113000095,9,57,-48
113000096,4,37,-33
113000097,0,0,0
113000098,0,0,0
113000099,0,0,0
113000100,8,17,-9
113000101,9,15,-6
113000102,0,0,0
113000103,13,12,1
113000104,0,2,-2
113000105,0,0,0
113000106,1,17,-16
113000107,0,3,-3
113000108,2,15,-13
113000109,6,6,0
113000110,0,0,0
113000111,1,2,-1
113000112,0,0,0
113000113,0,0,0
113000114,12,6,6
113000116,0,0,0
113000117,0,0,0
113000118,0,0,0
113000119,0,0,0
113000120,0,0,0
113000121,0,0,0
113000124,0,0,0
113000125,0,0,0
113000127,57,13,44
113000128,2,2,0
113000129,39,10,29
113000133,68,25,43
113000134,1,7,-6
113000135,0,0,0
113000137,0,0,0
113000139,0,0,0
113000140,19,33,-14
113000141,0,0,0
113000142,7,35,-28
113000143,0,0,0
113000144,13,9,4
113000145,0,0,0
113000146,0,0,0
113000147,0,0,0
113000148,0,0,0
113000149,0,0,0
113000150,0,0,0
113000151,0,0,0
113000152,0,0,0
113000153,40,4,36
113000154,6,2,4
113000155,7,0,7
113000156,3,11,-8
113000157,10,22,-12
113000158,3,2,1
113000159,6,1,5
113000160,12,45,-33
113000161,0,1,-1
113000162,1,0,1
113000163,0,0,0
113000164,1,11,-10
113000166,0,0,0
113000167,5,40,-35
113000168,2,69,-67
113000169,0,0,0
113000170,0,0,0
113000171,9,50,-41
113000172,0,0,0
113000173,0,0,0
113000174,6,92,-86
113000175,0,0,0
113000176,0,0,0
113000177,12,47,-35
113000178,8,54,-46
113000179,0,0,0
113000180,5,63,-58
113000181,0,127,-127
113000182,0,0,0
113000183,15,82,-67
113000184,1,9,-8
113000189,0,4,-4
113000190,6,6,0
113000192,70,35,35
113000193,7,0,7
113000194,27,69,-42
113000195,1,0,1
113000196,1,2,-1
113000197,0,0,0
113000198,0,8,-8
113000199,0,0,0
113000201,0,1,-1
113000202,51,10,41
113000203,0,0,0
113000204,14,59,-45
113000205,0,0,0
113000206,0,0,0
113000207,0,0,0
113000208,0,0,0
113000209,0,0,0
113000210,0,0,0
113000211,0,0,0
113000212,0,0,0
113000213,0,0,0
113000214,0,1,-1
113000234,4,54,-50
113000410,0,0,0
113000411,201,468,-267
113000412,1274,551,723
113000413,730,556,174
113000414,1444,597,847
113000415,932,719,213
113000416,1618,501,1117
113000417,472,559,-87
113000418,108,214,-106
113000419,186,191,-5
113000420,1047,502,545
113000421,278,291,-13
113000422,2034,468,1566
113000423,959,539,420
113000424,1093,761,332
113000425,0,0,0
113000428,1,3,-2
113000430,0,3,-3
113000432,0,0,0
113000433,2,79,-77
113000434,0,14,-14
113000435,0,22,-22
113000436,5,23,-18
113000437,0,0,0
113000438,0,0,0
113000439,1,10,-9
113000440,0,0,0
113000441,0,0,0
113000442,1,29,-28
113000443,0,0,0
113000444,4,26,-22
113000445,0,0,0
113000446,3,11,-8
113000448,25,23,2
113000449,0,0,0
113000450,0,0,0
113000451,42,26,16
113000452,0,0,0
113000453,20,33,-13
113000454,0,0,0
113000455,7,36,-29
113000456,0,0,0
113000468,0,0,0
113000469,0,0,0
113000470,0,0,0
113000471,0,0,0
113000472,0,0,0
113000474,1,3,-2
113000475,86,211,-125
113000476,67,274,-207
113000477,155,346,-191
113000478,350,594,-244
113000479,0,0,0
113000480,0,0,0
113000484,0,0,0
113000485,0,0,0
113000486,0,0,0
113000487,0,0,0
113000488,0,0,0
113000489,0,0,0
113000490,0,0,0
113000491,0,0,0
113000492,0,0,0
113000493,0,0,0
113000495,5,38,-33
113000496,0,0,0
113000499,0,0,0
113900001,0,0,0
113900002,0,0,0
113900003,0,0,0
113900004,0,0,0
113900005,0,0,0
113900006,0,0,0
113900007,0,0,0
113900008,0,0,0
113900009,0,0,0
113900010,0,0,0
113900011,0,0,0
113900012,0,0,0
113900013,0,0,0
113900014,0,0,0
113900015,0,0,0
113900016,0,0,0
113900017,0,0,0
113900018,0,0,0
113900019,0,0,0
113900020,0,0,0
113900022,0,0,0
113900023,0,0,0
113900024,0,0,0
113900025,0,0,0
113900026,0,0,0
113900027,0,0,0
113900028,0,0,0
113900029,0,0,0
113900030,0,0,0
113900031,0,0,0
113900032,0,0,0
113900033,0,0,0
113900035,0,0,0
113900036,0,0,0
113900037,0,0,0
113900038,0,0,0
113900039,0,0,0
113900040,0,0,0
113900041,0,0,0
113900042,0,0,0
113900043,0,0,0
113900044,0,0,0
113900045,0,0,0
113900046,0,0,0
113900047,0,0,0
113900048,0,0,0
113900049,0,0,0
113900050,0,0,0
113900051,0,0,0
113900052,0,0,0
113900053,0,0,0
113900054,0,0,0
113900055,0,0,0
113900056,0,0,0
113900057,0,0,0
113900058,0,0,0
113900059,0,0,0
113900060,0,0,0
113900061,0,0,0
113900062,0,0,0
113900063,0,0,0
113900064,0,0,0
113900065,0,0,0
113900066,0,0,0
113900067,0,0,0
113900068,0,0,0
113900069,0,0,0
113900070,0,0,0
113900071,0,0,0
113900072,0,0,0
113900073,0,0,0
113900074,0,0,0
113900075,0,0,0
113900076,0,0,0
113900077,0,0,0
113900078,0,0,0
113900079,0,0,0
113900080,0,0,0
113900081,0,0,0
113900082,0,0,0
113900083,0,0,0
113900084,0,0,0
113900085,0,0,0
113900086,0,0,0
113900087,0,0,0
113900088,0,0,0
113900089,0,0,0
113900090,0,0,0
113900091,0,0,0
113900092,0,0,0
113900093,0,0,0
113900094,0,0,0
113900095,0,0,0
113900096,0,0,0
113900097,0,0,0
113900098,0,0,0
113900099,0,0,0
113900100,0,0,0
113900101,0,0,0
113900102,0,0,0
113900103,0,0,0
113900104,0,0,0
113900105,0,0,0
113900106,0,0,0
113900107,0,0,0
113900108,0,0,0
113900109,0,0,0
113900110,0,0,0
113900111,0,0,0
113900112,0,0,0
113900113,0,0,0
113900114,0,0,0
113900115,0,0,0
113900116,0,0,0
113900117,0,0,0
113900118,0,0,0
113900119,0,0,0
113900120,0,0,0
113900121,0,0,0
113900122,0,0,0
113900123,0,0,0
113900124,0,0,0
113900125,0,0,0
113900126,0,0,0
113900127,0,0,0
113900128,0,0,0
113900129,0,0,0
113900130,0,0,0
113900131,0,0,0
113900132,0,0,0
113900133,0,0,0
113900135,0,0,0
113900136,0,0,0
113900137,0,0,0
113900138,0,0,0
113900139,0,0,0
113900140,0,0,0
113900141,0,0,0
113900142,0,0,0
113900143,0,0,0
113900144,0,0,0
113900145,0,0,0
113900146,0,0,0
113900148,0,0,0
113900149,0,0,0
113900150,0,0,0
113900151,0,0,0
113900152,0,0,0
113900153,0,0,0
113900154,0,0,0
113900155,0,0,0
113900156,0,0,0
113900157,0,0,0
113900158,0,0,0
113900159,0,0,0
113900160,0,0,0
113900161,0,0,0
113900162,0,0,0
113900163,0,0,0
113900164,0,0,0
113900165,0,0,0
113900166,0,0,0
113900167,0,0,0
113900168,0,0,0
113900169,0,0,0
113900171,0,0,0
113900172,0,0,0
113900173,0,0,0
113900174,0,0,0
113900175,0,0,0
113900176,0,0,0
113900177,0,0,0
113900178,0,0,0
113900179,0,0,0
113900180,0,0,0
113900181,0,0,0
113900182,0,0,0
113900183,0,0,0
113900184,0,0,0
113900185,0,0,0
113900186,0,0,0
113900187,0,0,0
113900188,0,0,0
113900189,0,0,0
113900190,0,0,0
113900191,0,0,0
113900192,0,0,0
113900193,0,0,0
113900194,0,0,0
113900195,0,0,0
113900196,0,0,0
113900197,0,0,0
113900198,0,0,0
113900199,0,0,0
113900200,0,0,0
113900201,0,0,0
113900202,0,0,0
113900203,0,0,0
113900204,0,0,0
113900205,0,0,0
113900206,0,0,0
113900207,0,0,0
113900208,0,0,0
113900209,0,0,0
113900210,0,0,0
113900211,0,0,0
113900212,0,0,0
113900214,0,0,0
113900215,0,0,0
113900216,0,0,0
113900217,0,0,0
113900218,0,0,0
113900219,0,0,0
113900220,0,0,0
113900221,0,0,0
113900222,0,0,0
113900223,0,0,0
113900224,0,0,0
113900225,0,0,0
113900226,0,0,0
113900227,0,0,0
113900228,0,0,0
113900229,0,0,0
113900230,0,0,0
113900231,0,0,0
113900232,0,0,0
113900233,0,0,0
113900234,0,0,0
113900235,0,0,0
113900236,0,0,0
113900237,0,0,0
113900238,0,0,0
113900239,0,0,0
113900240,0,0,0
113900241,0,0,0
113900242,0,0,0
113900243,0,0,0
113900244,0,0,0
113900245,0,0,0
113900246,0,0,0
113900247,0,0,0
113900248,0,0,0
113900249,0,0,0
113900250,0,0,0
113900251,0,0,0
113900252,0,0,0
113900253,0,0,0
113900254,0,0,0
113900255,0,0,0
113900256,0,0,0
113900257,0,0,0
113900258,0,0,0
113900259,0,0,0
113900260,0,0,0
113900261,0,0,0
113900262,0,0,0
113900263,0,0,0
113900264,0,0,0
113900265,0,0,0
113900266,0,0,0
113900267,0,0,0
113900268,0,0,0
113900269,0,0,0
113900270,0,0,0
113900271,0,0,0
113900273,0,0,0
113900274,0,0,0
113900275,0,0,0
113900276,0,0,0
113900277,0,0,0
113900278,0,0,0
113900279,0,0,0
113900280,0,0,0
113900281,0,0,0
113900282,0,0,0
113900283,0,0,0
113900284,0,0,0
113900285,0,0,0
113900286,0,0,0
113900287,0,0,0
113900288,0,0,0
113900289,0,0,0
113900290,0,0,0
113900291,0,0,0
113900292,0,0,0
113900293,0,0,0
113900294,0,0,0
113900295,0,0,0
113900296,0,0,0
113900297,0,0,0
113900298,0,0,0
113900299,0,0,0
113900300,0,0,0
113900301,0,0,0
113900302,0,0,0
113900303,0,0,0
113900304,0,0,0
113900305,0,0,0
113900306,0,0,0
113900307,0,0,0
113900308,0,0,0
113900309,0,0,0
113900310,0,0,0
113900311,0,0,0
113900312,0,0,0
113900313,0,0,0
114000001,72,97,-25
114000002,0,0,0
114000003,0,0,0
114000004,0,0,0
114000005,0,0,0
114000006,5,50,-45
114000007,7,28,-21
114000008,7,27,-20
114000009,0,0,0
114000011,185,83,102
114000012,92,81,11
114000013,87,100,-13
114000014,0,0,0
114000015,0,0,0
114000016,0,0,0
114000017,0,0,0
114000018,0,0,0
114000026,34,85,-51
114000027,53,99,-46
114000028,94,136,-42
114000038,0,0,0
114000039,0,0,0
114000040,0,0,0
114000042,0,0,0
114000043,0,0,0
114000044,0,0,0
114000045,0,0,0
114000046,20,114,-94
114000047,0,0,0
114000048,0,0,0
114000049,0,1,-1
114000050,1,0,1
114000051,1,1,0
114000052,0,0,0
114000053,0,0,0
114000054,0,0,0
114000055,0,0,0
114000056,6,22,-16
114000057,317,65,252
114000058,0,0,0
114000059,0,0,0
114000060,0,21,-21
114000061,0,0,0
114000062,0,0,0
114000063,153,212,-59
114000064,541,142,399
114000065,140,198,-58
114000066,0,0,0
114000067,0,0,0
114000068,0,0,0
114000069,0,0,0
114000070,170,55,115
114000071,0,0,0
114000072,0,0,0
114000073,0,0,0
114000074,0,0,0
114000075,0,0,0
114000076,0,0,0
114000077,0,0,0
114000078,0,0,0
114000079,0,0,0
114000080,0,0,0
114000081,0,0,0
114000082,3,15,-12
114000083,0,0,0
114000084,0,0,0
114000085,0,0,0
114000086,0,0,0
114000087,0,0,0
114000088,0,0,0
114000089,0,0,0
114000090,0,0,0
114000091,1,1,0
114000092,0,0,0
114000093,3,2,1
114000094,2,2,0
114000095,0,0,0
114000096,2,9,-7
114000097,1,10,-9
114000098,0,0,0
114000099,0,0,0
114000100,0,0,0
114000101,3,15,-12
114000102,0,0,0
114000103,1,3,-2
114000104,0,0,0
114000105,0,0,0
114000106,0,0,0
114000107,0,0,0
114000108,136,70,66
114000109,0,0,0
114000110,15,66,-51
114000111,0,0,0
114000112,17,98,-81
114000113,0,0,0
114000114,43,115,-72
114000115,0,0,0
114000116,55,20,35
114000117,57,7,50
114000118,49,4,45
114000119,67,1,66
114000120,0,0,0
114000121,14,34,-20
114000122,10,14,-4
114000123,0,0,0
114000124,0,0,0
114000125,1,87,-86
114000126,0,0,0
114000127,0,5,-5
114000128,5,18,-13
114000130,0,0,0
114000131,0,0,0
114000132,2,7,-5
114000133,9,13,-4
114000134,0,0,0
114000138,0,0,0
114000139,0,0,0
114000144,0,0,0
114000145,0,0,0
114000146,0,0,0
114000147,0,0,0
114000148,0,0,0
114000149,0,0,0
114000150,4,2,2
114000151,41,29,12
114000152,0,0,0
114000153,15,10,5
114000154,0,0,0
114000155,0,0,0
114000156,0,3,-3
114000157,0,0,0
114000158,0,0,0
114000159,0,0,0
114000160,0,0,0
114000161,96,53,43
114000162,15,45,-30
114000163,0,0,0
114000165,0,0,0
114000166,0,0,0
114000167,33,70,-37
114000168,10,37,-27
114000169,496,147,349
114000170,115,145,-30
114000171,192,184,8
114000174,5,27,-22
114000176,9,21,-12
114000177,29,53,-24
114000178,0,0,0
114000179,0,0,0
114000180,9,35,-26
114000181,39,166,-127
114000182,308,720,-412
114000183,176,295,-119
114000184,179,406,-227
114000185,66,145,-79
114000189,0,0,0
114000190,0,0,0
114000191,0,0,0
114000192,15,152,-137
114000193,44,250,-206
114000194,6,1,5
114000195,0,0,0
114000196,0,9,-9
114000197,0,0,0
114000198,22,16,6
114000199,51,34,17
114000200,10,47,-37
114000201,2,36,-34
114000202,0,0,0
114000203,0,0,0
114000204,5,12,-7
114000205,2,65,-63
114000206,14,73,-59
114000207,44,245,-201
114000208,27,220,-193
114000209,51,294,-243
114000210,27,205,-178
114000211,0,0,0
114000212,17,27,-10
114000213,158,5,153
114000214,0,0,0
114000215,0,13,-13
114000216,137,0,137
114000217,1,2,-1
114000218,2,6,-4
114000219,21,1,20
114000220,3,217,-214
114000221,32,0,32
114000222,1,102,-101
114000223,0,0,0
114000224,10,37,-27
114000225,33,67,-34
114000226,2,39,-37
114000227,11,7,4
114000228,0,0,0
114000229,2,9,-7
114000230,0,0,0
114000231,0,7,-7
114000232,0,0,0
114000233,0,0,0
114000234,0,0,0
114000235,1,5,-4
114000236,0,251,-251
114000237,1,42,-41
114000238,0,0,0
114000239,0,51,-51
114000240,8,23,-15
114000241,24,128,-104
114000242,64,108,-44
114000243,14,5,9
114000244,0,0,0
114000245,6,50,-44
114000246,30,17,13
114000247,0,0,0
114000248,9,3,6
114000249,10,2,8
114000250,49,41,8
114000251,4,47,-43
114000252,0,0,0
114000253,0,0,0
114000254,0,0,0
114000255,0,0,0
114000256,0,0,0
114000257,11,265,-254
114000258,23,0,23
114000259,2,62,-60
114000260,0,46,-46
114000261,20,4,16
114000262,0,0,0
114000263,0,0,0
114000264,0,0,0
114000265,0,2,-2
114000267,2,224,-222
114000268,0,90,-90
114000270,0,0,0
114000271,54,0,54
114000283,30,0,30
114000285,1,16,-15
114000288,2,40,-38
114000289,0,0,0
114000293,2,25,-23
114000294,0,0,0
114000395,80,1,79
114000396,0,0,0
114000402,0,0,0
114000403,0,0,0
114000405,0,0,0
114000423,0,0,0
114000424,0,0,0
114000425,0,0,0
114000426,0,0,0
114000427,0,1,-1
114000428,0,0,0
114000429,0,0,0
114000432,0,0,0
114000434,0,0,0
114000435,0,0,0
114900001,0,0,0
114900002,0,0,0
114900003,0,0,0
114900004,0,0,0
114900005,0,0,0
114900006,0,0,0
114900007,0,0,0
114900008,0,0,0
114900010,0,0,0
114900011,0,0,0
114900013,0,0,0
114900015,0,0,0
114900018,0,0,0
114900020,0,0,0
114900022,0,0,0
114900024,0,0,0
114900025,0,0,0
114900026,0,0,0
114900027,0,0,0
114900029,0,0,0
114900030,0,0,0
114900031,0,0,0
114900032,0,0,0
114900033,0,0,0
114900034,0,0,0
114900035,0,0,0
114900036,0,0,0
114900037,0,0,0
114900038,0,0,0
114900039,0,0,0
114900040,0,0,0
114900041,0,0,0
114900042,0,0,0
114900043,0,0,0
114900044,0,0,0
114900046,0,0,0
114900047,0,0,0
114900048,0,0,0
114900049,0,0,0
114900050,0,0,0
114900051,0,0,0
114900052,0,0,0
114900053,0,0,0
114900054,0,0,0
114900057,0,0,0
114900058,0,0,0
114900059,0,0,0
114900060,0,0,0
114900061,0,0,0
114900062,0,0,0
114900063,0,0,0
114900064,0,0,0
114900065,0,0,0
114900067,0,0,0
114900068,0,0,0
114900069,0,0,0
114900070,0,0,0
114900072,0,0,0
114900073,0,0,0
114900074,0,0,0
114900075,0,0,0
114900076,0,0,0
114900080,0,0,0
114900082,0,0,0
114900083,0,0,0
114900090,0,0,0
114900091,0,0,0
114900095,0,0,0
114900096,0,0,0
114900097,0,0,0
114900098,0,0,0
114900099,0,0,0
115000001,694,1071,-377
115000002,430,130,300
115000003,479,708,-229
115000004,281,259,22
115000005,125,437,-312
115000006,44,89,-45
115000007,0,0,0
115000008,0,0,0
115000009,0,0,0
115000010,0,0,0
115000013,4,10,-6
115000015,4,30,-26
115000016,7,34,-27
115000019,0,9,-9
115000020,0,0,0
115000021,16,87,-71
115000022,49,49,0
115000023,39,32,7
115000024,75,86,-11
115000025,27,25,2
115000026,26,22,4
115000027,17,20,-3
115000028,9,75,-66
115000029,28,12,16
115000030,12,159,-147
115000031,72,37,35
115000032,0,7,-7
115000033,0,0,0
115000034,1,105,-104
115000035,0,0,0
115000036,0,37,-37
115000037,0,0,0
115000038,0,0,0
115000039,5,8,-3
115000040,6,2,4
115000041,7,21,-14
115000042,0,2,-2
115000043,14,78,-64
115000044,341,297,44
115000045,82,182,-100
115000046,5,26,-21
115000047,11,15,-4
115000048,64,296,-232
115000049,72,258,-186
115000050,15,6,9
115000051,11,4,7
115000052,316,142,174
115000053,17,10,7
115000054,63,77,-14
115000055,1,55,-54
115000056,0,8,-8
115000057,1,14,-13
115000058,0,33,-33
115000059,0,15,-15
115000061,0,0,0
115000062,0,6,-6
115000063,0,3,-3
115000064,0,0,0
115000065,0,2,-2
115000067,0,0,0
115000069,0,19,-19
115000070,2,43,-41
115000071,0,0,0
115000072,0,0,0
115000073,19,0,19
115000075,0,0,0
115000076,130,203,-73
115000077,46,183,-137
115000078,14,158,-144
115000079,28,209,-181
115000080,42,248,-206
115000081,3,17,-14
115000082,95,322,-227
115000083,38,80,-42
115000084,0,0,0
115000085,2,43,-41
115000086,0,0,0
115000087,5,69,-64
115000088,0,0,0
115000089,439,211,228
115000090,135,326,-191
115000091,1,60,-59
115000092,0,0,0
115000093,0,0,0
115000094,280,310,-30
115000095,278,501,-223
115000096,11,51,-40
115000097,9,45,-36
115000098,19,127,-108
115000099,2,59,-57
115000100,0,0,0
115000101,30,236,-206
115000102,0,0,0
115000103,16,36,-20
115000105,0,0,0
115000106,0,0,0
115000107,9,91,-82
115000108,450,499,-49
115000109,48,286,-238
115000110,81,86,-5
115000111,95,186,-91
115000112,53,54,-1
115000113,74,106,-32
115000114,171,110,61
115000116,49,82,-33
115000117,54,127,-73
115000118,31,90,-59
115000119,107,120,-13
115000120,10,126,-116
115000121,206,147,59
115000122,179,79,100
115000123,18,16,2
115000124,22,40,-18
115000125,3,9,-6
115000126,1,7,-6
115000127,10,6,4
115000128,1,0,1
115000129,2,9,-7
115000130,0,1,-1
115000131,2,11,-9
115000132,0,1,-1
115000133,4,11,-7
115000134,0,0,0
115000135,1,10,-9
115000136,0,0,0
115000137,3,11,-8
115000138,0,0,0
115000139,9,18,-9
115000140,0,0,0
115000141,4,28,-24
115000142,2,22,-20
115000143,0,0,0
115000144,0,0,0
115000145,1,30,-29
115000146,0,0,0
115000147,0,12,-12
115000148,14,32,-18
115000149,0,0,0
115000150,8,25,-17
115000151,0,0,0
115000152,9,32,-23
115000153,0,0,0
115000154,0,0,0
115000155,4,49,-45
115000156,0,0,0
115000157,5,22,-17
115000158,0,0,0
115000159,0,0,0
115000160,0,0,0
115000161,0,0,0
115000162,0,0,0
115000163,19,20,-1
115000164,13,16,-3
115000165,0,0,0
115000167,0,0,0
115000168,0,0,0
115000169,9,15,-6
115000170,6,19,-13
115000171,0,0,0
115000172,24,15,9
115000173,0,0,0
115000174,0,0,0
115000175,2,5,-3
115000176,0,0,0
115000177,0,5,-5
115000178,0,16,-16
115000179,0,0,0
115000180,3,31,-28
115000181,0,0,0
115000182,0,0,0
115000183,5,47,-42
115000186,42,18,24
115000187,4,86,-82
115000188,177,8,169
115000189,8,77,-69
115000190,78,5,73
115000191,3,64,-61
115000194,1,14,-13
115000195,0,0,0
115000196,0,0,0
115000197,0,0,0
115000198,0,0,0
115000199,0,0,0
115000200,0,0,0
115000201,2,26,-24
115000206,0,0,0
115000207,0,47,-47
115000208,20,74,-54
115000209,49,8,41
115000210,0,1,-1
115000211,29,29,0
115000212,65,30,35
115000224,0,0,0
115000225,0,0,0
115000229,0,0,0
115000230,0,0,0
115000231,0,144,-144
115000232,0,0,0
115000233,2,21,-19
115000234,0,0,0
115000241,0,0,0
115000242,0,0,0
115000243,0,0,0
115000244,0,0,0
115000246,0,0,0
115000247,0,0,0
115000248,0,0,0
115000249,0,0,0
115000250,0,0,0
115000251,0,0,0
115000252,0,0,0
115000253,0,0,0
115000258,0,0,0
115000259,0,0,0
115000261,0,0,0
115000262,0,0,0
115000263,0,0,0
115000264,0,0,0
115000267,0,0,0
115000268,0,0,0
115000269,0,0,0
115000270,0,0,0
115000272,0,0,0
115000273,0,0,0
115000280,0,0,0
115000281,11,10,1
115000282,20,12,8
115000284,306,68,238
115000296,0,0,0
115000297,0,0,0
115000298,0,7,-7
115000300,0,0,0
115000302,0,0,0
115000303,0,0,0
115000304,0,0,0
115000305,0,13,-13
115000306,1,9,-8
115000307,0,7,-7
115000308,0,0,0
115000309,0,0,0
115000310,26,39,-13
115000311,0,0,0
115000313,2,5,-3
115000314,0,0,0
115000315,62,233,-171
115000316,0,0,0
115000317,4,44,-40
115000318,82,18,64
115000319,0,62,-62
115000320,1,49,-48
115000321,48,3,45
115000322,4,54,-50
115000449,0,0,0
115000557,0,0,0
115000558,0,0,0
115000587,0,0,0
115000588,284,844,-560
115000589,525,150,375
115000590,75,290,-215
115000591,71,86,-15
115000592,64,281,-217
115000593,57,42,15
115000594,124,286,-162
115000609,0,0,0
115000617,50,10,40
115000624,0,0,0
115000633,8,233,-225
115000634,494,88,406
115000635,23,15,8
115000638,0,0,0
115000641,0,0,0
115000642,2,9,-7
115000643,0,47,-47
115000644,3,32,-29
115000646,54,81,-27
115000647,5,54,-49
115000648,15,147,-132
115000893,566,101,465
115000894,5,217,-212
115000895,26,291,-265
115000896,135,15,120
115000897,91,2,89
115000898,125,22,103
115000899,7,40,-33
115000900,20,12,8
115000901,4,28,-24
115000912,20,5,15
115000913,0,0,0
115000915,0,0,0
115000916,0,0,0
115000917,0,0,0
115000918,0,0,0
115000919,0,0,0
115000920,0,0,0
115000921,0,0,0
115000922,73,47,26
115000923,36,148,-112
115000925,0,0,0
115000927,0,0,0
115000933,8,28,-20
115000934,0,0,0
115000935,0,0,0
115000936,0,0,0
115000937,28,5,23
115000938,29,12,17
115000939,41,31,10
115900001,0,0,0
115900002,0,0,0
115900003,0,0,0
115900004,0,0,0
115900005,0,0,0
115900006,0,0,0
115900008,0,0,0
115900009,0,0,0
115900010,0,0,0
115900011,0,0,0
115900012,0,0,0
115900013,0,0,0
115900014,0,0,0
115900015,0,0,0
115900016,0,0,0
115900017,0,0,0
115900018,0,0,0
115900019,0,0,0
115900020,0,0,0
115900021,0,0,0
115900022,0,0,0
115900023,0,0,0
115900025,0,0,0
115900026,0,0,0
115900027,0,0,0
115900028,0,0,0
115900029,0,0,0
115900030,0,0,0
115900031,0,0,0
115900032,0,0,0
115900033,0,0,0
115900034,0,0,0
115900035,0,0,0
115900036,0,0,0
115900037,0,0,0
115900038,0,0,0
115900039,0,0,0
115900041,0,0,0
115900042,0,0,0
115900043,0,0,0
115900044,0,0,0
115900046,0,0,0
115900047,0,0,0
115900049,0,0,0
115900051,0,0,0
115900052,0,0,0
115900053,0,0,0
115900054,0,0,0
115900055,0,0,0
115900056,0,0,0
115900057,0,0,0
115900058,0,0,0
115900060,0,0,0
115900061,0,0,0
115900062,0,0,0
115900063,0,0,0
115900064,0,0,0
115900065,0,0,0
115900066,0,0,0
115900067,0,0,0
115900068,0,0,0
115900069,0,0,0
115900070,0,0,0
115900071,0,0,0
115900072,0,0,0
115900073,0,0,0
115900074,0,0,0
115900075,0,0,0
115900076,0,0,0
115900077,0,0,0
115900078,0,0,0
115900079,0,0,0
115900080,0,0,0
115900081,0,0,0
115900082,0,0,0
115900084,0,0,0
115900085,0,0,0
115900086,0,0,0
115900088,0,0,0
115900089,0,0,0
115900090,0,0,0
115900091,0,0,0
115900092,0,0,0
115900093,0,0,0
115900094,0,0,0
115900096,0,0,0
115900097,0,0,0
115900098,0,0,0
115900099,0,0,0
115900100,0,0,0
115900101,0,0,0
115900102,0,0,0
115900103,0,0,0
115900104,0,0,0
115900105,0,0,0
115900106,0,0,0
115900107,0,0,0
115900108,0,0,0
115900109,0,0,0
115900110,0,0,0
115900111,0,0,0
115900112,0,0,0
115900113,0,0,0
115900114,0,0,0
115900115,0,0,0
115900116,0,0,0
115900117,0,0,0
115900118,0,0,0
115900119,0,0,0
115900120,0,0,0
115900121,0,0,0
115900124,0,0,0
115900125,0,0,0
115900126,0,0,0
115900127,0,0,0
115900128,0,0,0
115900129,0,0,0
115900130,0,0,0
115900131,0,0,0
115900132,0,0,0
115900134,0,0,0
115900135,0,0,0
115900137,0,0,0
115900139,0,0,0
115900140,0,0,0
115900141,0,0,0
115900142,0,0,0
115900143,0,0,0
115900144,0,0,0
115900146,0,0,0
115900147,0,0,0
115900148,0,0,0
115900149,0,0,0
115900150,0,0,0
115900151,0,0,0
115900152,0,0,0
115900153,0,0,0
115900154,0,0,0
115900155,0,0,0
115900156,0,0,0
115900157,0,0,0
115900158,0,0,0
115900159,0,0,0
115900160,0,0,0
115900161,0,0,0
115900163,0,0,0
115900164,0,0,0
115900165,0,0,0
115900166,0,0,0
115900168,0,0,0
115900171,0,0,0
115900172,0,0,0
115900173,0,0,0
115900174,0,0,0
115900175,0,0,0
115900178,0,0,0
115900179,0,0,0
115900180,0,0,0
115900181,0,0,0
115900182,0,0,0
115900183,0,0,0
115900184,0,0,0
115900187,0,0,0
115900189,0,0,0
115900190,0,0,0
115900191,0,0,0
115900192,0,0,0
115900193,0,0,0
115900194,0,0,0
115900195,0,0,0
115900198,0,0,0
115900199,0,0,0
115900200,0,0,0
115900201,0,0,0
115900202,0,0,0
115900203,0,0,0
115900204,0,0,0
115900205,0,0,0
115900206,0,0,0
115900207,0,0,0
115900208,0,0,0
115900209,0,0,0
115900210,0,0,0
115900211,0,0,0
115900212,0,0,0
115900213,0,0,0
115900214,0,0,0
115900215,0,0,0
115900216,0,0,0
115900217,0,0,0
115900218,0,0,0
115900219,0,0,0
115900220,0,0,0
115900221,0,0,0
115900222,0,0,0
115900223,0,0,0
115900224,0,0,0
115900225,0,0,0
115900226,0,0,0
115900227,0,0,0
115900228,0,0,0
115900229,0,0,0
115900230,0,0,0
115900231,0,0,0
115900232,0,0,0
115900233,0,0,0
115900234,0,0,0
115900235,0,0,0
115900236,0,0,0
115900237,0,0,0
115900238,0,0,0
115900239,0,0,0
115900240,0,0,0
115900241,0,0,0
115900242,0,0,0
115900243,0,0,0
115900244,0,0,0
115900245,0,0,0
115900246,0,0,0
115900247,0,0,0
115900248,0,0,0
115900249,0,0,0
115900250,0,0,0
115900251,0,0,0
115900252,0,0,0
115900253,0,0,0
115900254,0,0,0
115900255,0,0,0
115900256,0,0,0
115900257,0,0,0
115900258,0,0,0
115900259,0,0,0
115900260,0,0,0
115900261,0,0,0
115900262,0,0,0
115900263,0,0,0
115900264,0,0,0
115900265,0,0,0
115900266,0,0,0
115900267,0,0,0
115900268,0,0,0
115900269,0,0,0
115900270,0,0,0
115900271,0,0,0
115900272,0,0,0
115900273,0,0,0
115900274,0,0,0
115900275,0,0,0
115900276,0,0,0
115900277,0,0,0
115900278,0,0,0
115900279,0,0,0
115900280,0,0,0
115900281,0,0,0
115900282,0,0,0
115900283,0,0,0
115900284,0,0,0
116000001,1393,481,912
116000002,700,268,432
116000003,140,176,-36
116000004,138,75,63
116000005,70,256,-186
116000006,97,64,33
116000007,196,393,-197
116000008,291,100,191
116000009,47,165,-118
116000010,95,31,64
116000011,23,64,-41
116000012,124,24,100
116000013,1294,597,697
116000014,0,0,0
116000015,6,73,-67
116000016,0,0,0
116000017,0,20,-20
116000018,0,0,0
116000019,41,48,-7
116000020,78,97,-19
116000021,42,71,-29
116000022,24,83,-59
116000023,4,15,-11
116000024,0,0,0
116000025,6,26,-20
116000026,5,21,-16
116000027,11,53,-42
116000028,0,0,0
116000029,28,15,13
116000030,0,0,0
116000031,12,7,5
116000032,5,27,-22
116000033,1,7,-6
116000034,0,17,-17
116000035,7,71,-64
116000036,8,10,-2
116000037,0,0,0
116000038,0,0,0
116000039,7,13,-6
116000040,0,0,0
116000041,1,14,-13
116000042,0,0,0
116000043,0,33,-33
116000044,0,0,0
116000045,0,0,0
116000046,36,94,-58
116000047,44,122,-78
116000048,9,26,-17
116000049,5,33,-28
116000050,35,84,-49
116000051,21,41,-20
116000052,43,97,-54
116000053,0,0,0
116000054,26,105,-79
116000055,17,47,-30
116000056,0,0,0
116000057,102,75,27
116000058,51,22,29
116000059,0,0,0
116000060,8,4,4
116000061,6,6,0
116000062,0,6,-6
116000063,0,9,-9
116000066,0,0,0
116000067,7,31,-24
116000068,0,0,0
116000069,25,28,-3
116000078,0,0,0
116000080,21,42,-21
116000082,0,0,0
116000083,62,17,45
116000084,23,122,-99
116000085,141,7,134
116000086,14,57,-43
116000087,138,10,128
116000088,44,108,-64
116000089,0,0,0
116000090,0,0,0
116000091,0,0,0
116000093,9,2,7
116000094,4,97,-93
116000095,15,0,15
116000096,9,106,-97
116000097,36,4,32
116000098,1,221,-220
116000099,125,3,122
116000100,0,0,0
116000101,0,0,0
116000102,3,3,0
116000103,1,18,-17
116000104,0,9,-9
116000105,0,10,-10
116000106,2,7,-5
116000107,1,6,-5
116000108,0,5,-5
116000111,0,0,0
116000113,0,0,0
116000114,0,0,0
116000115,0,0,0
116000116,0,0,0
116000117,0,0,0
116000118,6,83,-77
116000119,0,0,0
116000120,27,164,-137
116000121,0,0,0
116000122,88,291,-203
116000123,0,0,0
116000124,16,191,-175
116000125,1,1,0
116000126,33,228,-195
116000127,75,202,-127
116000128,0,1,-1
116000129,2,0,2
116000130,0,0,0
116000133,36,50,-14
116000134,39,190,-151
116000135,19,36,-17
116000136,14,148,-134
116000137,9,21,-12
116000138,24,5,19
116000139,26,133,-107
116000140,7,22,-15
116000141,0,0,0
116000142,31,163,-132
116000143,314,48,266
116000144,11,123,-112
116000145,192,43,149
116000146,0,0,0
116000147,41,18,23
116000148,3,12,-9
116000149,0,0,0
116000151,17,61,-44
116000153,0,0,0
116000155,0,0,0
116000156,15,80,-65
116000157,0,0,0
116000158,7,57,-50
116000159,0,0,0
116000160,0,0,0
116000161,0,0,0
116000162,0,0,0
116000163,0,0,0
116000164,0,0,0
116000177,0,1,-1
116000194,0,110,-110
116000195,41,17,24
116000196,0,0,0
116000197,0,0,0
116000198,0,0,0
116000200,11,78,-67
116000201,0,0,0
116000202,0,0,0
116000203,0,0,0
116000204,0,0,0
116000205,0,0,0
116000206,0,0,0
116000207,0,0,0
116000233,0,0,0
116000287,6,56,-50
116000288,0,0,0
116000292,0,0,0
116000296,0,0,0
116000297,0,0,0
116000304,0,0,0
116000305,0,0,0
116000346,0,0,0
116000352,0,0,0
116000354,0,0,0
116000357,0,0,0
116000358,0,0,0
116000361,0,0,0
116000372,16,56,-40
116000381,0,0,0
116000388,0,0,0
116000389,0,0,0
116000445,4,126,-122
116000446,0,0,0
116000447,0,115,-115
116000448,0,0,0
116000563,0,0,0
116000565,0,0,0
116000568,0,0,0
116000579,0,0,0
116000584,0,0,0
116000585,0,0,0
116000586,0,0,0
116000587,0,22,-22
116000589,0,0,0
116000590,0,0,0
116000591,0,0,0
116000592,0,0,0
116000593,0,0,0
116000594,0,0,0
116000595,0,0,0
116000596,0,0,0
116000597,0,0,0
116000598,0,0,0
116000602,0,0,0
116000605,0,0,0
116000606,0,0,0
116000607,0,0,0
116000609,0,0,0
116000611,1,64,-63
116000612,104,54,50
116000613,0,0,0
116000614,22,115,-93
116000615,0,46,-46
116000616,0,0,0
116000617,0,0,0
116000618,0,0,0
116000619,0,0,0
116000620,0,0,0
116000621,0,0,0
116000622,0,0,0
116000624,0,0,0
116000627,0,0,0
116000628,0,0,0
116000629,0,0,0
116000630,0,0,0
116000631,0,0,0
116000632,0,0,0
116000633,0,0,0
116000634,0,0,0
116000635,33,72,-39
116000636,200,108,92
116000637,0,0,0
116000638,0,0,0
116900001,0,0,0
116900002,0,0,0
116900003,0,0,0
116900004,0,0,0
116900005,0,0,0
116900006,0,0,0
116900007,0,0,0
116900008,0,0,0
116900009,0,0,0
116900010,0,0,0
116900011,0,0,0
116900012,0,0,0
116900013,0,0,0
116900014,0,0,0
116900015,0,0,0
116900016,0,0,0
116900017,0,0,0
116900018,0,0,0
116900019,0,0,0
116900020,0,0,0
116900023,0,0,0
116900024,0,0,0
116900025,0,0,0
116900026,0,0,0
116900027,0,0,0
116900028,0,0,0
116900029,0,0,0
116900031,0,0,0
116900032,0,0,0
116900033,0,0,0
116900034,0,0,0
116900035,0,0,0
116900036,0,0,0
116900038,0,0,0
116900041,0,0,0
116900042,0,0,0
116900043,0,0,0
116900047,0,0,0
116900049,0,0,0
116900050,0,0,0
116900051,0,0,0
116900052,0,0,0
116900055,0,0,0
116900057,0,0,0
116900058,0,0,0
116900059,0,0,0
116900060,0,0,0
116900062,0,0,0
116900064,0,0,0
116900065,0,0,0
116900067,0,0,0
116900068,0,0,0
116900070,0,0,0
116900072,0,0,0
116900073,0,0,0
116900074,0,0,0
116900076,0,0,0
116900077,0,0,0
116900078,0,0,0
116900079,0,0,0
116900080,0,0,0
116900081,0,0,0
116900082,0,0,0
116900083,0,0,0
116900084,0,0,0
116900085,0,0,0
116900086,0,0,0
116900088,0,0,0
116900090,0,0,0
116900091,0,0,0
116900092,0,0,0
116900093,0,0,0
116900094,0,0,0
116900095,0,0,0
116900096,0,0,0
116900097,0,0,0
116900098,0,0,0
116900099,0,0,0
116900100,0,0,0
116900101,0,0,0
116900103,0,0,0
116900104,0,0,0
116900105,0,0,0
116900106,0,0,0
116900107,0,0,0
116900110,0,0,0
116900111,0,0,0
116900112,0,0,0
116900113,0,0,0
116900116,0,0,0
116900117,0,0,0
116900118,0,0,0
116900120,0,0,0
116900121,0,0,0
116900122,0,0,0
116900123,0,0,0
116900124,0,0,0
116900125,0,0,0
116900126,0,0,0
116900128,0,0,0
116900129,0,0,0
116900130,0,0,0
116900131,0,0,0
116900132,0,0,0
116900133,0,0,0
116900134,0,0,0
116900136,0,0,0
116900137,0,0,0
116900138,0,0,0
116900139,0,0,0
116900140,0,0,0
116900141,0,0,0
116900142,0,0,0
116900143,0,0,0
116900144,0,0,0
116900145,0,0,0
116900147,0,0,0
116900148,0,0,0
116900149,0,0,0
116900150,0,0,0
116900151,0,0,0
116900153,0,0,0
116900154,0,0,0
116900155,0,0,0
116900157,0,0,0
116900158,0,0,0
116900159,0,0,0
116900160,0,0,0
116900161,0,0,0
116900162,0,0,0
116900163,0,0,0
116900164,0,0,0
116900165,0,0,0
116900166,0,0,0
116900167,0,0,0
116900168,0,0,0
116900169,0,0,0
116900170,0,0,0
116900171,0,0,0
116900172,0,0,0
116900173,0,0,0
116900174,0,0,0
116900175,0,0,0
116900178,0,0,0
116900179,0,0,0
116900180,0,0,0
116900182,0,0,0
116900183,0,0,0
116900185,0,0,0
116900186,0,0,0
116900187,0,0,0
116900188,0,0,0
116900189,0,0,0
116900191,0,0,0
116900192,0,0,0
116900194,0,0,0
116900195,0,0,0
116900196,0,0,0
116900197,0,0,0
116900198,0,0,0
116900200,0,0,0
116900201,0,0,0
116900202,0,0,0
116900203,0,0,0
116900204,0,0,0
116900206,0,0,0
116900207,0,0,0
116900208,0,0,0
116900209,0,0,0
116900210,0,0,0
116900211,0,0,0
116900212,0,0,0
116900213,0,0,0
116900214,0,0,0
116900215,0,0,0
116900216,0,0,0
116900218,0,0,0
116900219,0,0,0
116900220,0,0,0
116900221,0,0,0
116900222,0,0,0
116900223,0,0,0
116900226,0,0,0
116900227,0,0,0
116900228,0,0,0
116900230,0,0,0
116900231,0,0,0
116900232,0,0,0
116900233,0,0,0
116900234,0,0,0
116900235,0,27,-27
116900238,0,0,0
116900239,0,0,0
116900240,0,0,0
116900241,0,0,0
116900242,0,0,0
116900243,0,0,0
116900245,0,0,0
116900246,0,0,0
116900247,0,0,0
116900248,0,0,0
116900249,0,0,0
116900250,0,0,0
116900251,0,0,0
116900252,0,0,0
116900253,0,0,0
116900254,0,0,0
116900255,0,0,0
116900256,0,0,0
116900257,0,0,0
116900258,0,0,0
116900259,0,0,0
116900260,0,0,0
116900261,0,0,0
116900262,0,0,0
116900263,0,0,0
116900264,0,0,0
116900265,0,0,0
116900266,0,0,0
116900267,0,0,0
116900268,0,0,0
116900269,0,0,0
116900271,0,0,0
116900272,0,0,0
116900273,0,0,0
116900274,0,0,0
116900275,0,0,0
116900276,0,0,0
116900277,0,0,0
116900278,0,0,0
116900279,0,0,0
116900280,0,0,0
116900281,0,0,0
116900282,0,0,0
116900283,0,0,0
116900284,0,0,0
116900285,0,0,0
116900286,0,0,0
116900287,0,0,0
116900288,0,0,0
116900289,0,0,0
116900290,0,0,0
116900291,0,0,0
116900292,0,0,0
116900293,0,0,0
116900294,0,0,0
116900295,0,0,0
116900296,0,0,0
116900297,0,0,0
116900298,0,0,0
116900299,0,0,0
116900300,0,0,0
116900301,0,0,0
116900302,0,0,0
116900303,0,0,0
116900304,0,0,0
116900305,0,0,0
116900306,0,0,0
117000001,20,50,-30
117000002,42,282,-240
117000003,185,46,139
117000004,178,334,-156
117000005,66,26,40
117000006,31,333,-302
117000007,100,3,97
117000008,35,404,-369
117000009,0,0,0
117000010,117,364,-247
117000011,0,0,0
117000012,56,167,-111
117000013,0,0,0
117000014,39,167,-128
117000015,0,0,0
117000016,2,4,-2
117000017,0,0,0
117000018,0,27,-27
117000019,0,0,0
117000020,4,149,-145
117000021,2,14,-12
117000022,0,0,0
117000023,0,4,-4
117000024,0,15,-15
117000025,9,27,-18
117000026,0,0,0
117000027,68,130,-62
117000028,0,0,0
117000030,0,0,0
117000031,0,0,0
117000032,99,72,27
117000033,110,51,59
117000034,0,0,0
117000035,0,0,0
117000036,0,0,0
117000037,0,0,0
117000038,0,0,0
117000039,0,0,0
117000040,0,0,0
117000041,0,0,0
117000044,0,0,0
117000045,0,0,0
117000046,0,0,0
117000047,0,0,0
117000048,17,7,10
117000049,0,0,0
117000050,0,0,0
117000051,0,0,0
117000052,0,0,0
117000053,0,0,0
117000054,45,0,45
117000055,2,69,-67
117000056,14,3,11
117000057,8,26,-18
117000060,0,0,0
117000061,0,0,0
117000062,0,0,0
117000063,0,0,0
117000064,0,0,0
117000066,0,0,0
117000067,0,0,0
117000074,0,0,0
117000076,0,0,0
117000077,1,4,-3
117000078,2,67,-65
117000079,0,0,0
117000080,2,169,-167
117000081,0,0,0
117000082,0,51,-51
117000083,0,0,0
117000084,0,0,0
117000085,4,54,-50
117000086,0,0,0
117000087,11,198,-187
117000088,0,0,0
117000089,0,0,0
117000090,5,193,-188
117000091,0,0,0
117000092,6,129,-123
117000093,0,0,0
117000094,20,168,-148
117000095,0,0,0
117000096,20,299,-279
117000097,0,0,0
117000098,58,293,-235
117000099,0,0,0
117000100,0,0,0
117000101,0,0,0
117000102,0,0,0
117000103,91,126,-35
117000104,0,0,0
117000105,39,98,-59
117000106,0,0,0
117000107,31,102,-71
117000108,0,0,0
117000109,142,122,20
117000110,0,0,0
117000111,266,130,136
117000112,31,32,-1
117000113,0,0,0
117000114,0,0,0
117000115,0,0,0
117000116,0,0,0
117000117,0,0,0
117000118,0,0,0
117000119,0,0,0
117000120,0,0,0
117000121,0,0,0
117000122,0,0,0
117000123,0,0,0
117000124,0,0,0
117000125,0,0,0
117000126,0,0,0
117000127,0,0,0
117000128,0,0,0
117000129,0,0,0
117000130,0,0,0
117000131,0,8,-8
117000132,134,76,58
117000133,0,0,0
117000134,0,12,-12
117000135,0,8,-8
117000136,0,2,-2
117000137,0,0,0
117000138,0,75,-75
117000140,19,81,-62
117000141,0,0,0
117000181,0,0,0
117000182,0,0,0
117000195,0,0,0
117000196,0,0,0
117000225,0,0,0
117000226,0,0,0
117000276,0,0,0
117000277,0,0,0
117000310,62,130,-68
117000315,0,0,0
117000320,0,0,0
117000906,0,0,0
117000907,0,0,0
117000908,0,0,0
117000909,0,0,0
117000910,37,4,33
117000911,6,73,-67
117000915,0,0,0
117000916,0,0,0
117000917,0,0,0
117000918,0,0,0
117000919,0,0,0
117000920,0,60,-60
117000921,0,0,0
117000922,0,0,0
117000924,1,0,1
117000926,2,2,0
117000927,0,0,0
117000928,0,23,-23
117000929,0,2,-2
117000930,1,0,1
117000931,0,0,0
117900002,0,0,0
117900003,0,0,0
117900005,0,0,0
117900006,0,0,0
117900007,0,0,0
117900008,0,0,0
117900010,0,0,0
117900011,0,0,0
117900012,0,0,0
117900013,0,0,0
117900014,0,0,0
117900015,0,0,0
117900016,0,0,0
117900017,0,0,0
117900018,0,0,0
117900019,0,0,0
117900020,0,0,0
117900021,0,0,0
117900022,0,0,0
117900023,0,0,0
117900024,0,0,0
117900025,0,0,0
117900026,0,0,0
117900028,0,0,0
117900029,0,0,0
117900030,0,0,0
117900031,0,0,0
117900032,0,0,0
117900033,0,0,0
117900034,0,0,0
117900035,0,0,0
117900036,0,0,0
117900037,0,0,0
117900038,0,0,0
117900039,0,0,0
117900040,0,0,0
117900041,0,0,0
117900042,0,0,0
117900043,0,0,0
117900044,0,0,0
117900045,0,0,0
117900048,0,0,0
117900049,0,0,0
117900050,0,0,0
117900051,0,0,0
117900052,0,0,0
117900053,0,0,0
117900054,0,0,0
117900055,0,0,0
117900056,0,0,0
117900057,0,0,0
117900058,0,0,0
117900059,0,0,0
117900060,0,0,0
117900061,0,0,0
117900063,0,0,0
117900065,0,0,0
117900066,0,0,0
117900067,0,0,0
117900069,0,0,0
117900070,0,0,0
117900071,0,0,0
117900073,0,0,0
117900074,0,0,0
117900075,0,0,0
117900076,0,0,0
117900077,0,0,0
117900078,0,0,0
117900080,0,0,0
117900081,0,0,0
117900082,0,0,0
117900083,0,0,0
117900086,0,0,0
117900087,0,0,0
117900088,0,0,0
117900089,0,0,0
117900090,0,0,0
117900091,0,0,0
117900092,0,0,0
117900093,0,0,0
117900094,0,0,0
117900095,0,0,0
117900096,0,0,0
117900097,0,0,0
117900098,0,0,0
117900099,0,0,0
117900100,0,0,0
117900101,0,0,0
117900102,0,0,0
117900103,0,0,0
117900104,0,0,0
117900105,0,0,0
117900106,0,0,0
117900107,0,0,0
117900109,0,0,0
117900110,0,0,0
117900111,0,0,0
117900112,0,0,0
117900113,0,0,0
117900114,0,0,0
117900115,0,0,0
117900116,0,0,0
117900117,0,0,0
117900118,0,0,0
117900119,0,0,0
117900120,0,0,0
117900121,0,0,0
117900122,0,0,0
117900123,0,0,0
117900124,0,0,0
117900125,272,6,266
117900126,0,0,0
117900127,0,0,0
117900128,0,0,0
117900129,0,0,0
117900130,0,0,0
117900131,0,0,0
117900132,0,0,0
117900133,0,0,0
117900134,0,0,0
117900135,0,0,0
117900136,0,0,0
117900137,0,0,0
117900138,0,0,0
117900139,0,0,0
117900140,0,0,0
117900141,0,0,0
117900142,0,0,0
117900144,0,0,0
117900145,0,0,0
117900146,0,0,0
117900147,0,0,0
117900148,0,0,0
117900149,0,0,0
117900150,0,0,0
117900151,0,0,0
117900152,0,0,0
117900153,0,0,0
117900154,0,0,0
117900156,0,0,0
117900157,0,0,0
117900158,0,0,0
117900160,0,0,0
117900161,0,0,0
117900162,0,0,0
117900163,0,0,0
117900165,0,0,0
117900166,0,0,0
117900168,0,0,0
117900169,0,0,0
117900170,0,0,0
117900171,0,0,0
117900172,0,0,0
117900173,0,0,0
117900174,0,0,0
117900175,0,0,0
117900176,0,0,0
117900177,0,0,0
117900178,0,0,0
117900180,0,0,0
117900181,0,0,0
117900182,0,0,0
117900183,0,0,0
117900184,0,0,0
117900185,0,0,0
117900186,0,0,0
117900187,0,0,0
117900188,0,0,0
117900189,0,0,0
117900190,0,0,0
117900191,0,0,0
117900192,0,0,0
117900193,0,0,0
117900194,0,0,0
117900195,0,0,0
117900196,0,0,0
117900207,0,0,0
117900208,0,0,0
117900209,0,0,0
117900210,0,0,0
117900211,0,0,0
117900212,0,0,0
117900213,0,0,0
117900214,0,0,0
117900215,0,0,0
117900216,0,0,0
117900217,0,0,0
117900218,0,0,0
117900219,0,0,0
117900220,0,0,0
117900222,0,0,0
117900223,0,0,0
118000001,47,64,-17
118000002,72,172,-100
118000003,140,114,26
118000004,191,168,23
118000005,607,172,435
118000006,689,538,151
118000007,381,121,260
118000008,150,145,5
118000009,71,154,-83
118000010,35,16,19
118000011,6,13,-7
118000012,5,11,-6
118000013,33,16,17
118000014,15,32,-17
118000016,3,6,-3
118000017,0,0,0
118000018,11,13,-2
118000019,274,41,233
118000020,45,42,3
118000021,36,70,-34
118000022,0,0,0
118000023,15,19,-4
118000024,10,32,-22
118000027,1355,257,1098
118000029,42,11,31
118000032,20,18,2
118000033,126,182,-56
118000034,656,98,558
118000035,36,371,-335
118000036,16,40,-24
118000037,16,24,-8
118000038,0,0,0
118000039,0,1,-1
118000040,18,143,-125
118000041,51,70,-19
118000045,1,0,1
118000046,4,0,4
118000047,4,2,2
118000048,7,4,3
118000051,0,1,-1
118000052,70,18,52
118000053,0,0,0
118000054,2,0,2
118000055,11,4,7
118000056,0,0,0
118000057,0,0,0
118000058,0,0,0
118000059,0,0,0
118000060,1,2,-1
118000061,0,4,-4
118000062,0,0,0
118000063,0,0,0
118000064,1,1,0
118000065,6,3,3
118000066,1,0,1
118000067,20,115,-95
118000068,0,5,-5
118000069,34,13,21
118000070,130,4,126
118000071,20,12,8
118000072,19,16,3
118000073,18,1,17
118000074,3,2,1
118000075,1,0,1
118000076,64,43,21
118000077,212,99,113
118000078,68,96,-28
118000079,0,11,-11
118000080,132,87,45
118000081,43,61,-18
118000082,3,4,-1
118000083,15,13,2
118000084,27,2,25
118000086,1,1,0
118000087,1115,382,733
118000088,17,35,-18
118000089,142,795,-653
118000090,449,114,335
118000091,261,623,-362
118000092,0,0,0
118000093,6,8,-2
118000096,3,8,-5
118000097,0,0,0
118000098,0,0,0
118000099,0,0,0
118000101,4,4,0
118000102,2,16,-14
118000107,44,4,40
118000108,0,0,0
118000110,0,0,0
118000111,0,27,-27
118000112,0,0,0
118000113,1,59,-58
118000114,0,0,0
118000115,0,0,0
118000116,0,0,0
118000117,68,64,4
118000118,26,51,-25
118000119,36,55,-19
118000120,118,145,-27
118000121,0,0,0
118000122,0,0,0
118000123,0,0,0
118000125,15,17,-2
118000126,0,0,0
118000127,0,0,0
118000128,18,54,-36
118000129,57,70,-13
118000130,49,231,-182
118000131,52,209,-157
118000132,6,24,-18
118000133,11,35,-24
118000135,0,0,0
118000136,0,0,0
118000137,0,0,0
118000138,0,0,0
118000139,0,0,0
118000140,28,21,7
118000141,0,0,0
118000142,20,50,-30
118000143,1,4,-3
118000144,0,0,0
118000145,48,94,-46
118000146,14,47,-33
118000147,35,54,-19
118000148,8,22,-14
118000149,0,24,-24
118000150,0,0,0
118000151,0,0,0
118000153,0,2,-2
118000154,0,0,0
118000155,0,1,-1
118000156,42,51,-9
118000157,0,0,0
118000158,0,9,-9
118000159,0,0,0
118000160,0,0,0
118000161,7,29,-22
118000162,0,0,0
118000163,0,0,0
118000164,0,0,0
118000168,0,0,0
118000169,30,126,-96
118000170,32,46,-14
118000171,0,0,0
118000172,0,0,0
118000173,10,17,-7
118000175,24,23,1
118000176,9,21,-12
118000177,0,0,0
118000178,0,0,0
118000179,28,130,-102
118000180,20,62,-42
118000181,85,72,13
118000182,25,66,-41
118000183,47,106,-59
118000184,0,0,0
118000185,109,52,57
118000186,53,81,-28
118000187,13,16,-3
118000188,0,0,0
118000189,0,0,0
118000190,0,0,0
118000191,0,0,0
118000192,0,5,-5
118000193,0,1,-1
118000194,4,0,4
118000195,0,0,0
118000196,0,0,0
118000197,0,0,0
118000198,5,1,4
118000199,29,36,-7
118000200,0,0,0
118000201,0,0,0
118000202,0,0,0
118000203,3,4,-1
118000204,12,1,11
118000205,0,1,-1
118000206,0,0,0
118000207,0,0,0
118000208,1,0,1
118000209,32,53,-21
118000210,0,0,0
118000211,0,0,0
118000213,0,0,0
118000214,7,5,2
118000215,0,8,-8
118000216,0,0,0
118000217,0,0,0
118000218,0,0,0
118000219,0,0,0
118000220,0,0,0
118000221,0,0,0
118000222,0,0,0
118000223,0,0,0
118000224,0,0,0
118000225,0,18,-18
118000226,0,0,0
118000227,0,0,0
118000228,18,1,17
118000229,0,0,0
118000230,0,0,0
118000231,0,0,0
118000232,0,2,-2
118000233,0,0,0
118000234,0,0,0
118000236,0,0,0
118000237,0,0,0
118000238,0,0,0
118000239,0,0,0
118000240,0,0,0
118000241,0,0,0
118000242,0,0,0
118000243,0,0,0
118000244,0,0,0
118000246,0,0,0
118000255,0,0,0
118000256,0,0,0
118000259,0,0,0
118000260,0,0,0
118000261,0,0,0
118000263,0,0,0
118000266,0,0,0
118000267,0,11,-11
118000268,0,0,0
118000270,0,0,0
118000271,0,0,0
118000272,0,0,0
118000273,0,0,0
118000274,0,0,0
118000276,0,0,0
118000295,0,0,0
118000298,9,35,-26
118000299,6,18,-12
118000301,0,0,0
118000302,0,0,0
118000311,0,0,0
118000312,0,0,0
118000313,0,0,0
118000314,0,0,0
118000315,0,0,0
118000316,0,0,0
118000325,0,0,0
118000326,0,0,0
118000331,0,0,0
118000332,0,0,0
118000333,0,0,0
118000335,0,0,0
118000336,0,14,-14
118000407,0,0,0
118000457,0,0,0
118000465,658,356,302
118000480,0,0,0
118000489,0,0,0
118000490,0,20,-20
118000492,0,0,0
118000510,0,0,0
118000514,0,4,-4
118000515,0,0,0
118000517,0,0,0
118000524,424,314,110
118000525,8,18,-10
118000530,0,0,0
118000531,0,0,0
118000532,3,23,-20
118000533,23,22,1
118000534,4,58,-54
118000535,0,0,0
118000536,0,3,-3
118000537,0,4,-4
118000538,0,5,-5
118000539,0,0,0
118000540,1,3,-2
118000541,0,2,-2
118000542,0,0,0
118000543,0,0,0
118000546,0,2,-2
118000553,0,4,-4
118000557,0,0,0
118000560,0,0,0
118000562,0,0,0
118000563,0,1,-1
118000576,0,0,0
118000577,0,0,0
118000578,0,0,0
118000579,0,0,0
118000583,0,0,0
118000595,0,0,0
118000596,0,0,0
118000597,0,0,0
118000598,0,0,0
118000599,0,0,0
118000600,0,0,0
118000601,0,0,0
118000602,0,0,0
118000603,0,6,-6
118900001,0,0,0
118900002,0,0,0
118900003,0,0,0
118900004,0,0,0
118900005,0,0,0
118900006,0,0,0
118900007,0,0,0
118900008,0,0,0
118900009,0,0,0
118900010,0,0,0
118900011,0,0,0
118900012,0,0,0
118900013,0,0,0
118900015,0,0,0
118900016,0,0,0
118900017,0,0,0
118900018,0,0,0
118900019,0,0,0
118900020,0,0,0
118900021,0,0,0
118900022,0,0,0
118900023,0,0,0
118900024,0,0,0
118900025,0,0,0
118900026,0,0,0
118900027,0,0,0
118900028,0,0,0
118900029,0,0,0
118900030,0,0,0
118900031,0,0,0
118900032,0,0,0
118900033,0,0,0
118900034,0,0,0
118900035,0,0,0
118900036,0,0,0
118900037,0,0,0
118900038,0,0,0
118900039,0,0,0
118900040,0,0,0
118900041,0,0,0
118900042,0,0,0
118900045,0,0,0
118900046,0,0,0
118900047,0,0,0
118900048,0,0,0
118900049,0,0,0
118900050,0,0,0
118900051,0,0,0
118900052,0,0,0
118900053,0,0,0
118900054,0,0,0
118900055,0,0,0
118900056,0,0,0
118900057,0,0,0
118900058,0,0,0
118900059,0,0,0
118900060,0,0,0
118900062,0,0,0
118900064,0,0,0
118900065,0,0,0
118900066,0,0,0
118900067,0,0,0
118900068,0,0,0
118900069,0,0,0
118900071,0,0,0
118900072,0,0,0
118900073,0,0,0
118900074,0,0,0
118900075,0,0,0
118900076,0,0,0
118900077,0,0,0
118900078,0,0,0
118900079,0,0,0
118900080,0,0,0
118900081,0,0,0
118900082,0,0,0
118900083,0,0,0
118900084,0,0,0
118900085,0,0,0
118900086,0,0,0
118900087,0,0,0
118900088,0,0,0
118900089,0,0,0
118900090,0,0,0
118900091,0,0,0
118900092,0,0,0
118900093,0,0,0
118900096,0,0,0
118900097,0,0,0
118900099,0,0,0
118900100,0,0,0
118900101,0,0,0
118900102,0,0,0
118900103,0,0,0
118900104,0,0,0
118900105,0,0,0
118900107,0,0,0
118900108,0,0,0
118900110,0,0,0
118900111,0,0,0
118900112,0,0,0
118900113,0,0,0
118900114,0,0,0
118900115,0,0,0
118900116,0,0,0
118900117,0,0,0
118900118,0,0,0
118900119,0,0,0
118900120,0,0,0
118900121,0,0,0
118900122,0,0,0
118900123,0,0,0
118900124,0,0,0
118900126,0,0,0
118900129,0,0,0
118900130,0,0,0
118900131,0,0,0
118900132,0,0,0
118900133,0,0,0
118900135,0,0,0
118900136,0,0,0
118900137,0,0,0
118900139,0,0,0
118900140,0,0,0
118900141,0,0,0
118900144,0,0,0
118900145,0,0,0
118900146,0,0,0
118900147,0,0,0
118900148,0,0,0
118900150,0,0,0
118900152,0,0,0
118900157,0,0,0
118900158,0,0,0
118900159,0,0,0
118900161,0,0,0
118900163,0,0,0
118900164,0,0,0
118900165,0,0,0
118900166,0,0,0
118900167,0,0,0
118900168,0,0,0
118900169,0,0,0
118900170,0,0,0
118900171,0,0,0
118900174,0,0,0
118900175,0,0,0
118900176,0,0,0
118900177,0,0,0
118900178,0,0,0
118900179,0,0,0
118900181,0,0,0
118900182,0,0,0
118900183,0,0,0
118900184,0,0,0
118900185,0,0,0
118900186,0,0,0
118900187,0,0,0
118900188,0,0,0
118900189,0,0,0
118900190,0,0,0
118900191,0,0,0
118900192,0,0,0
118900193,0,0,0
118900195,0,0,0
118900196,0,0,0
118900197,0,0,0
118900198,0,0,0
118900199,0,0,0
118900200,0,0,0
118900201,0,0,0
118900202,0,0,0
118900203,0,0,0
118900204,0,0,0
118900205,0,0,0
118900206,0,0,0
119000001,10,4,6
119000002,1,7,-6
119000003,2,8,-6
119000004,1,3,-2
119000005,3,2,1
119000006,3,4,-1
119000007,1,2,-1
119000008,9,87,-78
119000009,7,0,7
119000010,96,103,-7
119000011,141,40,101
119000012,222,472,-250
119000013,55,16,39
119000014,77,408,-331
119000019,0,0,0
119000020,0,0,0
119000021,2,2,0
119000022,1,1,0
119000023,0,0,0
119000024,102,82,20
119000025,0,0,0
119000026,0,0,0
119000027,0,0,0
119000028,0,0,0
119000029,0,0,0
119000030,0,6,-6
119000031,1,10,-9
119000032,1,46,-45
119000033,98,12,86
119000034,19,7,12
119000035,1,43,-42
119000036,27,22,5
119000037,14,59,-45
119000038,0,25,-25
119000039,4,12,-8
119000040,83,2,81
119000041,69,12,57
119000048,1623,268,1355
119000049,102,197,-95
119000050,4,17,-13
119000051,0,0,0
119000052,15,14,1
119000053,0,0,0
119000054,50,222,-172
119000055,56,102,-46
119000056,57,78,-21
119000057,36,166,-130
119000058,104,202,-98
119000059,0,0,0
119000060,0,2,-2
119000061,0,0,0
119000062,0,1,-1
119000063,0,3,-3
119000064,22,49,-27
119000065,6,32,-26
119000066,1,9,-8
119000067,8,16,-8
119000068,1,1,0
119000069,0,11,-11
119000070,1,4,-3
119000071,0,0,0
119000072,36,23,13
119000073,2,13,-11
119000074,1,21,-20
119000075,0,14,-14
119000076,0,0,0
119000077,0,0,0
119000078,0,0,0
119000079,0,0,0
119000080,0,0,0
119000081,0,0,0
119000082,0,0,0
119000083,0,0,0
119000084,0,0,0
119000085,0,0,0
119000086,0,0,0
119000087,0,0,0
119000088,0,0,0
119000089,0,0,0
119000090,0,0,0
119000091,0,0,0
119000092,0,0,0
119000093,116,123,-7
119000094,80,143,-63
119000095,26,145,-119
119000097,24,46,-22
119000098,28,38,-10
119000099,32,144,-112
119000100,102,46,56
119000101,104,137,-33
119000102,0,0,0
119000103,10,5,5
119000104,0,0,0
119000105,0,0,0
119000106,0,0,0
119000107,0,0,0
119000108,0,0,0
119000109,0,0,0
119000110,0,0,0
119000111,0,0,0
119000112,0,0,0
119000113,0,0,0
119000114,0,0,0
119000115,0,0,0
119000116,0,0,0
119000117,0,0,0
119000118,0,0,0
119000123,0,0,0
119000124,0,0,0
119000125,0,0,0
119000126,0,0,0
119000127,0,1,-1
119000128,0,0,0
119000131,0,2,-2
119000132,0,0,0
119000133,0,0,0
119000134,74,131,-57
119000135,0,0,0
119000136,0,0,0
119000137,0,0,0
119000138,0,0,0
119000139,0,0,0
119000140,0,0,0
119000284,343,680,-337
119000285,352,440,-88
119000286,678,694,-16
119000287,113,295,-182
119000288,144,194,-50
119000289,187,279,-92
119000290,0,2,-2
119000291,0,0,0
119000293,0,0,0
119000294,0,0,0
119000295,0,0,0
119000296,0,0,0
119000302,0,3,-3
119000303,0,0,0
119000304,0,1,-1
119000310,0,0,0
119000314,0,0,0
119000315,0,0,0
119000316,0,0,0
119000317,0,0,0
119900001,0,0,0
119900002,0,0,0
119900003,0,0,0
119900004,0,0,0
119900005,0,0,0
119900006,0,0,0
119900007,0,0,0
119900008,0,0,0
119900009,0,0,0
119900010,0,0,0
119900011,0,0,0
119900012,0,0,0
119900013,0,0,0
119900014,0,0,0
119900015,0,0,0
119900016,0,0,0
119900017,0,0,0
119900018,0,0,0
119900019,0,0,0
119900020,0,0,0
119900021,0,0,0
119900022,0,0,0
119900023,0,0,0
119900025,0,0,0
119900026,0,0,0
119900027,0,0,0
119900028,0,0,0
119900029,0,0,0
119900030,0,0,0
119900031,0,0,0
119900033,0,0,0
119900034,0,0,0
119900037,0,0,0
119900038,0,0,0
119900039,0,0,0
119900040,0,0,0
119900041,0,0,0
119900042,0,0,0
119900043,0,0,0
119900044,0,0,0
119900046,0,0,0
119900047,0,0,0
119900048,0,0,0
119900049,0,0,0
119900050,0,0,0
119900051,0,0,0
119900052,0,0,0
119900053,0,0,0
119900054,0,0,0
119900055,0,0,0
119900057,0,0,0
119900058,0,0,0
119900059,0,0,0
119900060,0,0,0
119900062,0,0,0
119900063,0,0,0
119900065,0,0,0
119900066,0,0,0
119900067,0,0,0
119900068,0,0,0
119900069,0,0,0
119900070,0,0,0
119900071,0,0,0
119900073,0,0,0
119900074,0,0,0
119900075,0,0,0
119900076,0,0,0
119900077,0,0,0
119900078,0,0,0
119900079,0,0,0
119900080,0,0,0
119900081,0,0,0
119900082,0,0,0
119900083,0,0,0
119900084,0,0,0
119900085,0,0,0
119900087,0,0,0
119900088,0,0,0
119900089,0,0,0
119900090,0,0,0
119900091,0,0,0
119900092,0,0,0
119900093,0,0,0
119900094,0,0,0
119900095,0,0,0
119900096,0,0,0
119900097,0,0,0
119900098,0,0,0
119900099,0,0,0
119900100,0,0,0
119900101,0,0,0
119900102,0,0,0
119900103,0,0,0
119900104,0,0,0
119900105,0,0,0
119900106,0,0,0
119900107,0,0,0
119900108,0,0,0
119900109,0,0,0
119900110,0,0,0
119900111,0,0,0
119900112,0,0,0
119900113,0,0,0
119900114,0,0,0
119900115,0,0,0
119900116,0,0,0
119900117,0,0,0
119900118,0,0,0
119900119,0,0,0
119900120,0,0,0
119900121,0,0,0
119900122,0,0,0
119900123,0,0,0
119900124,0,0,0
119900125,0,0,0
119900126,0,0,0
119900127,0,0,0
119900128,0,0,0
119900129,0,0,0
119900130,0,0,0
119900131,0,0,0
119900132,0,0,0
119900133,0,0,0
119900134,0,0,0
119900135,0,0,0
119900136,0,0,0
119900138,0,0,0
119900139,0,0,0
119900140,0,0,0
119900141,0,0,0
119900142,0,0,0
119900143,0,0,0
119900144,0,0,0
119900145,0,0,0
119900146,0,0,0
119900147,0,0,0
119900148,0,0,0
119900149,0,0,0
119900150,0,0,0
119900151,0,0,0
119900152,0,0,0
119900153,0,0,0
119900154,0,0,0
119900155,0,0,0
119900156,0,0,0
119900157,0,0,0
119900158,0,0,0
119900159,0,0,0
119900160,0,0,0
119900161,0,0,0
119900162,0,0,0
119900163,0,0,0
119900164,0,0,0
119900165,0,0,0
119900166,0,0,0
119900167,0,0,0
119900168,0,0,0
119900169,0,0,0
119900170,0,0,0
119900171,0,0,0
119900172,0,0,0
119900173,0,0,0
119900174,0,0,0
119900175,0,0,0
119900177,0,0,0
119900178,0,0,0
119900179,0,0,0
119900180,0,0,0
119900181,0,0,0
119900182,0,0,0
119900183,0,0,0
119900184,0,0,0
119900185,0,0,0
119900186,0,0,0
119900187,0,0,0
119900188,0,0,0
119900189,0,0,0
119900190,0,0,0
119900191,0,0,0
119900192,0,0,0
119900193,0,0,0
119900194,0,0,0
119900195,0,0,0
119900196,0,0,0
119900197,0,0,0
119900198,0,0,0
119900199,0,0,0
119900200,0,0,0
119900201,0,0,0
119900202,0,0,0
119900203,0,0,0
119900204,0,0,0
119900205,0,0,0
119900206,0,0,0
119900208,0,0,0
119900209,0,0,0
119900210,0,0,0
119900211,0,0,0
119900212,0,0,0
119900213,0,0,0
119900214,0,0,0
119900215,0,0,0
119900216,0,0,0
119900217,0,0,0
119900218,0,0,0
119900219,0,0,0
119900220,0,0,0
119900221,0,0,0
119900222,0,0,0
119900223,0,0,0
119900224,0,0,0
119900225,0,0,0
119900226,0,0,0
119900227,0,0,0
119900228,0,0,0
119900229,0,0,0
119900230,0,0,0
119900231,0,0,0
119900232,0,0,0
119900233,0,0,0
119900234,0,0,0
119900235,0,0,0
119900236,0,0,0
119900237,0,0,0
119900238,0,0,0
119900240,0,0,0
119900241,0,0,0
119900242,0,0,0
119900244,0,0,0
119900245,0,0,0
119900246,0,0,0
119900247,0,0,0
119900248,0,0,0
119900249,0,0,0
119900253,0,0,0
119900254,0,0,0
119900255,0,0,0
119900256,0,0,0
119900257,0,0,0
119900258,0,0,0
119900259,0,0,0
119900260,0,0,0
119900261,0,0,0
119900262,0,0,0
119900263,0,0,0
119900264,0,0,0
119900265,0,0,0
119900266,0,0,0
119900267,0,0,0
119900268,0,0,0
119900269,0,0,0
119900271,0,0,0
119900272,0,0,0
119900275,0,0,0
119900276,0,0,0
119900277,0,0,0
119900278,0,0,0
119900279,0,0,0
119900280,0,0,0
119900281,0,0,0
119900282,0,0,0
119900283,0,0,0
119900284,0,0,0
119900285,0,0,0
119900286,0,0,0
119900288,0,0,0
119900289,0,0,0
119900290,0,0,0
119900291,0,0,0
119900292,0,0,0
119900293,0,0,0
119900294,0,0,0
119900295,0,0,0
119900296,0,0,0
119900299,0,0,0
119900300,0,0,0
119900301,0,0,0
119900302,0,0,0
119900303,0,0,0
119900304,0,0,0
119900305,0,0,0
119900306,0,0,0
119900307,0,0,0
119900308,0,0,0
119900309,0,0,0
119900310,0,0,0
119900311,0,0,0
119900312,0,0,0
119900313,0,0,0
119900314,0,0,0
119900315,0,0,0
119900318,0,0,0
119900319,0,0,0
119900320,0,0,0
119900321,0,0,0
119900322,0,0,0
119900323,0,0,0
119900324,0,0,0
119900325,0,0,0
119900326,0,0,0
120000001,166,172,-6
120000002,99,326,-227
120000003,142,202,-60
120000004,145,284,-139
120000005,594,396,198
120000006,130,180,-50
120000007,129,228,-99
120000008,59,201,-142
120000009,47,10,37
120000010,28,124,-96
120000011,6,145,-139
120000012,77,320,-243
120000013,29,154,-125
120000014,5,190,-185
120000015,79,318,-239
120000016,223,78,145
120000017,33,29,4
120000018,384,239,145
120000019,45,104,-59
120000020,157,154,3
120000021,149,163,-14
120000022,460,203,257
120000023,87,123,-36
120000024,173,180,-7
120000025,138,231,-93
120000026,46,250,-204
120000027,346,321,25
120000028,0,0,0
120000029,0,0,0
120000030,0,0,0
120000031,3,2,1
120000032,21,1,20
120000033,0,1,-1
120000034,1,6,-5
120000035,0,9,-9
120000036,5,16,-11
120000037,0,0,0
120000038,58,12,46
120000039,2,0,2
120000040,0,1,-1
120000041,0,18,-18
120000042,0,1,-1
120000043,0,0,0
120000044,0,0,0
120000045,0,0,0
120000046,0,0,0
120000047,0,0,0
120000048,349,207,142
120000049,100,85,15
120000050,23,316,-293
120000051,31,396,-365
120000052,0,0,0
120000053,0,0,0
120000054,0,0,0
120000055,0,0,0
120000056,0,1,-1
120000057,9,5,4
120000058,5,0,5
120000059,17,69,-52
120000061,25,163,-138
120000062,0,0,0
120000063,0,0,0
120000064,0,0,0
120000065,0,0,0
120000066,0,0,0
120000067,0,0,0
120000068,0,0,0
120000069,0,0,0
120000070,0,0,0
120000071,0,0,0
120000072,1,4,-3
120000073,0,1,-1
120000074,0,0,0
120000075,0,4,-4
120000076,0,3,-3
120000077,0,7,-7
120000078,0,3,-3
120000079,0,0,0
120000080,0,0,0
120000081,0,0,0
120000082,0,0,0
120000083,0,0,0
120000084,0,0,0
120000085,0,0,0
120000086,0,0,0
120000087,0,0,0
120000088,0,0,0
120000089,0,0,0
120000090,0,0,0
120000091,0,0,0
120000092,0,0,0
120000093,0,0,0
120000094,0,0,0
120000095,0,0,0
120000096,0,0,0
120000098,0,0,0
120000099,0,0,0
120000100,0,0,0
120000101,0,0,0
120000102,0,0,0
120000103,1,8,-7
120000104,4,1,3
120000105,9,1,8
120000106,8,0,8
120000107,17,1,16
120000108,7,0,7
120000109,6,0,6
120000110,0,19,-19
120000111,0,31,-31
120000112,3,49,-46
120000113,13,36,-23
120000114,7,34,-27
120000115,4,46,-42
120000116,6,29,-23
120000117,63,36,27
120000118,0,0,0
120000119,0,0,0
120000120,0,0,0
120000121,0,0,0
120000122,0,0,0
120000123,0,0,0
120000124,0,0,0
120000125,0,0,0
120000126,0,0,0
120000127,0,0,0
120000128,0,0,0
120000129,0,0,0
120000130,0,0,0
120000131,0,0,0
120000134,0,0,0
120000135,0,0,0
120000137,0,0,0
120000138,0,0,0
120000139,0,0,0
120000140,0,0,0
120000141,0,0,0
120000142,0,0,0
120000143,0,0,0
120000144,0,0,0
120000145,0,0,0
120000146,0,0,0
120000149,0,0,0
120000150,9,0,9
120000151,0,0,0
120000152,0,0,0
120000153,1,3,-2
120000154,2,6,-4
120000155,0,0,0
120000156,0,0,0
120000157,0,0,0
120000158,2,3,-1
120000159,140,551,-411
120000160,219,146,73
120000161,13,74,-61
120000162,0,0,0
120000163,1,7,-6
120000164,4,3,1
120000165,0,0,0
120000166,0,0,0
120000167,0,0,0
120000168,0,0,0
120000169,0,0,0
120000170,0,0,0
120000171,0,0,0
120000172,0,0,0
120000173,0,0,0
120000174,0,0,0
120000175,0,0,0
120000176,0,0,0
120000177,0,0,0
120000178,0,0,0
120000179,0,0,0
120000180,0,0,0
120000181,0,0,0
120000182,0,0,0
120000183,0,0,0
120000184,0,0,0
120000186,0,0,0
120000187,0,0,0
120000188,0,0,0
120000190,0,0,0
120000191,0,0,0
120000192,0,0,0
120000193,0,0,0
120000195,0,0,0
120000196,0,0,0
120000197,0,0,0
120000198,0,0,0
120000199,0,0,0
120000200,0,0,0
120000201,0,0,0
120000202,0,0,0
120000203,0,0,0
120000207,0,0,0
120000208,0,0,0
120000209,0,0,0
120000210,0,0,0
120000211,0,0,0
120000212,0,0,0
120000213,0,0,0
120000214,0,0,0
120000215,0,0,0
120000216,0,0,0
120000217,0,0,0
120000218,0,0,0
120000219,0,0,0
120000220,0,0,0
120000225,0,0,0
120000226,0,0,0
120000227,0,0,0
120000228,0,0,0
120000230,0,0,0
120000231,0,0,0
120000233,0,0,0
120000235,11,32,-21
120000236,15,0,15
120000237,0,121,-121
120000238,0,0,0
120000241,0,0,0
120000412,0,0,0
120000413,0,0,0
120000414,0,0,0
120000415,0,0,0
120000416,0,0,0
120000417,0,0,0
120000418,0,0,0
120000419,0,0,0
120000420,0,0,0
120000421,621,431,190
120000422,0,0,0
120000423,0,0,0
120000424,0,0,0
120000436,0,0,0
120000437,0,0,0
120000438,0,0,0
120000439,2,12,-10
120000443,0,0,0
120000444,0,0,0
120000445,32,22,10
120000446,0,0,0
120000447,0,0,0
120000449,0,0,0
120000450,0,0,0
120000451,0,0,0
120000452,0,0,0
120000453,0,0,0
120000454,0,0,0
120000455,0,0,0
120000456,14,18,-4
120000457,0,0,0
120000458,2,7,-5
120000459,0,0,0
120000665,0,0,0
120000668,0,0,0
120000669,0,0,0
120000670,0,1,-1
120000671,12,24,-12
120000672,8,109,-101
120900001,0,0,0
120900002,0,0,0
120900003,0,0,0
120900004,0,0,0
120900005,0,0,0
120900006,0,0,0
120900007,0,0,0
120900008,0,0,0
120900009,0,0,0
120900010,0,0,0
120900011,0,0,0
120900012,0,0,0
120900013,0,0,0
120900014,0,0,0
120900015,0,0,0
120900016,0,0,0
120900017,0,0,0
120900018,0,0,0
120900019,0,0,0
120900020,0,0,0
120900021,0,0,0
120900022,0,0,0
120900023,0,0,0
120900024,0,0,0
120900025,0,0,0
120900026,0,0,0
120900027,0,0,0
120900028,0,0,0
120900029,0,0,0
120900030,0,0,0
120900031,0,0,0
120900032,0,0,0
120900033,0,0,0
120900034,0,0,0
120900035,0,0,0
120900037,0,0,0
120900038,0,0,0
120900039,0,0,0
120900040,0,0,0
120900041,0,0,0
120900042,0,0,0
120900043,0,0,0
120900044,0,0,0
120900045,0,0,0
120900046,0,0,0
120900047,0,0,0
120900048,0,0,0
120900049,0,0,0
120900050,0,0,0
120900051,0,0,0
120900052,0,0,0
120900053,0,0,0
120900054,0,0,0
120900055,0,0,0
120900056,0,0,0
120900057,0,0,0
120900058,0,0,0
120900059,0,0,0
120900060,0,0,0
120900061,0,0,0
120900062,0,0,0
120900063,0,0,0
120900064,0,0,0
120900065,0,0,0
120900066,0,0,0
120900067,0,0,0
120900068,0,0,0
120900069,0,0,0
120900071,0,0,0
120900072,0,0,0
120900073,0,0,0
120900074,0,0,0
120900076,0,0,0
120900077,0,0,0
120900078,0,0,0
120900079,0,0,0
120900080,0,0,0
120900081,0,0,0
120900082,0,0,0
120900083,0,0,0
120900084,0,0,0
120900085,0,0,0
120900086,0,0,0
120900087,0,0,0
120900088,0,0,0
120900089,0,0,0
120900090,0,0,0
120900091,0,0,0
120900092,0,0,0
120900093,0,0,0
120900094,0,0,0
120900095,0,0,0
120900096,0,0,0
120900097,0,0,0
120900098,0,0,0
120900099,0,0,0
120900100,0,0,0
120900101,0,0,0
120900102,0,0,0
120900103,0,0,0
120900104,0,0,0
120900105,0,0,0
120900106,0,0,0
120900107,0,0,0
120900108,0,0,0
120900109,0,0,0
120900110,0,0,0
120900111,0,0,0
120900112,0,0,0
120900113,0,0,0
120900114,0,0,0
120900115,0,0,0
120900116,0,0,0
120900117,0,0,0
120900118,0,0,0
120900119,0,0,0
120900120,0,0,0
120900121,0,0,0
120900122,0,0,0
120900123,0,0,0
120900124,0,0,0
120900125,0,0,0
120900126,0,0,0
120900127,0,0,0
120900128,0,0,0
120900129,0,0,0
120900130,0,0,0
120900131,0,0,0
120900132,0,0,0
120900133,0,0,0
120900134,0,0,0
120900135,0,0,0
120900136,0,0,0
120900137,0,0,0
120900138,0,0,0
120900139,0,0,0
120900140,0,0,0
120900141,0,0,0
120900142,0,0,0
120900143,0,0,0
120900144,0,0,0
120900145,0,0,0
120900146,0,0,0
120900147,0,0,0
120900148,0,0,0
120900149,0,0,0
120900150,0,0,0
120900151,0,0,0
120900152,0,0,0
120900153,0,0,0
120900154,0,0,0
120900155,0,0,0
120900156,0,0,0
120900157,0,0,0
120900158,0,0,0
120900159,0,0,0
120900160,0,0,0
120900161,0,0,0
120900162,0,0,0
120900163,0,0,0
120900164,0,0,0
120900165,0,0,0
120900166,0,0,0
120900167,0,0,0
120900169,0,0,0
120900170,0,0,0
120900171,0,0,0
120900172,0,0,0
120900173,0,0,0
120900174,0,0,0
120900175,0,0,0
120900176,0,0,0
120900177,0,0,0
120900178,0,0,0
120900179,0,0,0
120900180,0,0,0
120900181,0,0,0
120900182,0,0,0
120900183,0,0,0
120900184,0,0,0
120900185,0,0,0
120900186,0,0,0
120900187,0,0,0
120900188,0,0,0
120900189,0,0,0
120900190,0,0,0
120900191,0,0,0
120900192,0,0,0
120900194,0,0,0
120900195,0,0,0
120900196,0,0,0
120900197,0,0,0
120900198,0,0,0
120900199,0,0,0
120900200,0,0,0
120900201,0,0,0
120900202,0,0,0
120900203,0,0,0
120900204,0,0,0
120900205,0,0,0
120900206,0,0,0
120900207,0,0,0
121000001,90,268,-178
121000002,20,8,12
121000003,902,558,344
121000004,50,12,38
121000005,460,584,-124
121000006,293,203,90
121000007,576,818,-242
121000008,341,220,121
121000009,1365,884,481
121000010,966,412,554
121000011,3790,1187,2603
121000012,2376,704,1672
121000013,1674,1262,412
121000014,1537,931,606
121000015,1067,1664,-597
121000016,1247,1266,-19
121000017,9,53,-44
121000018,209,113,96
121000019,969,179,790
121000020,869,507,362
121000021,175,126,49
121000022,156,161,-5
121000023,240,164,76
121000024,203,225,-22
121000025,97,55,42
121000026,98,70,28
121000027,418,100,318
121000028,64,44,20
121000029,0,1,-1
121000030,0,0,0
121000031,0,8,-8
121000032,0,0,0
121000034,0,0,0
121000035,0,4,-4
121000036,0,0,0
121000037,12,13,-1
121000038,119,151,-32
121000039,2,2,0
121000041,3,6,-3
121000042,0,0,0
121000043,2,1,1
121000044,0,0,0
121000045,0,1,-1
121000046,0,0,0
121000047,0,0,0
121000049,0,13,-13
121000050,7,56,-49
121000051,0,0,0
121000052,3,19,-16
121000053,1,0,1
121000054,0,18,-18
121000055,33,22,11
121000056,17,17,0
121000057,0,0,0
121000058,28,28,0
121000059,4,12,-8
121000060,29,33,-4
121000061,0,3,-3
121000062,0,0,0
121000063,29,81,-52
121000064,6,10,-4
121000065,0,0,0
121000066,0,0,0
121000067,0,0,0
121000068,0,0,0
121000069,0,0,0
121000070,35,49,-14
121000071,61,91,-30
121000072,48,46,2
121000073,43,56,-13
121000074,0,0,0
121000075,1,4,-3
121000076,2,0,2
121000077,0,0,0
121000078,1,9,-8
121000080,235,90,145
121000081,145,194,-49
121000082,66,110,-44
121000083,0,0,0
121000084,0,0,0
121000085,152,84,68
121000086,0,0,0
121000087,0,0,0
121000088,10,8,2
121000089,0,0,0
121000090,3,2,1
121000091,1227,187,1040
121000092,64,20,44
121000093,44,45,-1
121000094,120,113,7
121000095,0,0,0
121000096,179,170,9
121000097,133,117,16
121000098,20,38,-18
121000099,28,28,0
121000100,5,19,-14
121000101,0,0,0
121000102,0,1,-1
121000103,0,0,0
121000104,1,1,0
121000105,0,7,-7
121000106,0,0,0
121000107,80,96,-16
121000109,54,61,-7
121000110,2,1,1
121000114,167,428,-261
121000115,61,84,-23
121000116,39,69,-30
121000117,0,0,0
121000118,27,4,23
121000119,3,4,-1
121000120,0,0,0
121000121,0,0,0
121000123,0,0,0
121000126,0,0,0
121000127,0,0,0
121000128,7,22,-15
121000129,5,15,-10
121000130,38,33,5
121000131,7,28,-21
121000132,54,29,25
121000135,0,0,0
121000136,0,0,0
121000137,0,0,0
121000138,5,9,-4
121000139,64,50,14
121000141,0,0,0
121000142,0,0,0
121000143,0,0,0
121000144,0,0,0
121000145,0,4,-4
121000146,0,3,-3
121000147,0,0,0
121000148,0,5,-5
121000149,76,102,-26
121000152,31,43,-12
121000153,0,1,-1
121000154,2,1,1
121000155,5,2,3
121000156,8,7,1
121000157,0,0,0
121000158,0,0,0
121000159,0,0,0
121000160,0,0,0
121000161,0,0,0
121000162,0,0,0
121000165,45,17,28
121000166,0,0,0
121000168,46,68,-22
121000169,11,19,-8
121000170,102,35,67
121000171,79,90,-11
121000172,62,29,33
121000173,29,16,13
121000174,6,10,-4
121000175,8,11,-3
121000176,24,21,3
121000177,0,1,-1
121000178,0,0,0
121000179,7,29,-22
121000181,47,175,-128
121000182,186,45,141
121000183,22,12,10
121000184,3,8,-5
121000185,0,0,0
121000186,0,10,-10
121000187,0,0,0
121000188,0,0,0
121000192,0,0,0
121000193,2,6,-4
121000194,344,360,-16
121000195,16,35,-19
121000196,0,0,0
121000197,10,44,-34
121000198,0,0,0
121000199,11,100,-89
121000200,1,0,1
121000201,0,0,0
121000202,0,0,0
121000203,0,0,0
121000204,3,0,3
121000205,17,80,-63
121000206,0,0,0
121000207,3,0,3
121000208,0,3,-3
121000209,16,151,-135
121000210,4,7,-3
121000211,5,16,-11
121000212,7,6,1
121000213,38,75,-37
121000214,1,4,-3
121000215,63,67,-4
121000216,2,5,-3
121000217,16,5,11
121000218,76,457,-381
121000219,7,0,7
121000220,11,10,1
121000221,4,0,4
121000222,245,616,-371
121000223,7,13,-6
121000224,0,0,0
121000225,69,50,19
121000226,1,0,1
121000227,0,3,-3
121000228,1,86,-85
121000229,2,54,-52
121000230,6,153,-147
121000231,0,0,0
121000232,0,0,0
121000233,0,0,0
121000234,0,0,0
121000235,0,0,0
121000236,0,0,0
121000237,0,0,0
121000238,0,0,0
121000239,0,0,0
121000240,0,0,0
121000241,0,0,0
121000242,0,0,0
121000243,0,0,0
121000244,0,0,0
121000245,0,0,0
121000246,0,0,0
121000247,0,0,0
121000248,0,0,0
121000249,4,47,-43
121000250,0,0,0
121000251,2,113,-111
121000252,1,0,1
121000253,50,176,-126
121000254,3,0,3
121000255,5,24,-19
121000256,0,0,0
121000257,13,26,-13
121000258,0,0,0
121000259,4,8,-4
121000260,3,53,-50
121000261,0,0,0
121000262,42,27,15
121000263,26,60,-34
121000271,69,137,-68
121000273,0,0,0
121000274,0,0,0
121000275,0,1,-1
121000276,0,0,0
121000278,0,0,0
121000279,0,0,0
121000280,0,0,0
121000289,0,0,0
121000290,13,15,-2
121000294,0,2,-2
121000297,0,0,0
121000299,1,55,-54
121000300,0,0,0
121000302,0,7,-7
121000303,4,6,-2
121000304,15,11,4
121000305,2,3,-1
121000306,1,4,-3
121000308,0,2,-2
121000309,6,20,-14
121000310,0,7,-7
121000311,1,15,-14
121000312,0,0,0
121000313,0,0,0
121000314,18,33,-15
121000315,13,4,9
121000530,27,97,-70
121000531,44,90,-46
121000532,366,137,229
121000533,172,107,65
121000918,0,5,-5
121000919,0,0,0
121000938,0,2,-2
121000939,0,0,0
121000956,11,15,-4
121000957,2,35,-33
121000958,3,39,-36
121000959,25,199,-174
121000960,29,228,-199
121000961,0,0,0
121000962,0,0,0
121000973,0,0,0
121000976,0,0,0
121000979,0,0,0
121000981,0,0,0
121000982,0,0,0
121000983,24,53,-29
121000984,0,0,0
121000985,10,7,3
121000986,1,3,-2
121000987,14,313,-299
121000988,2,0,2
121001302,0,0,0
121001308,0,0,0
121001309,0,0,0
121001311,0,0,0
121001313,1,13,-12
121001314,2474,1089,1385
121001315,483,273,210
121001318,21,2,19
121900001,0,0,0
121900002,0,0,0
121900003,0,0,0
121900004,0,0,0
121900005,0,0,0
121900006,0,0,0
121900007,0,0,0
121900008,0,0,0
121900009,0,0,0
121900010,0,0,0
121900011,0,0,0
121900012,0,0,0
121900013,0,0,0
121900014,0,0,0
121900015,0,0,0
121900016,0,0,0
121900017,0,0,0
121900018,0,0,0
121900019,0,0,0
121900020,0,0,0
121900021,0,0,0
121900022,0,0,0
121900023,0,0,0
121900024,0,0,0
121900025,0,0,0
121900026,0,0,0
121900027,0,0,0
121900028,0,0,0
121900029,0,0,0
121900030,0,0,0
121900031,0,0,0
121900032,0,0,0
121900033,0,0,0
121900034,0,0,0
121900035,0,0,0
121900036,0,0,0
121900037,0,0,0
121900038,0,0,0
121900039,0,0,0
121900040,0,0,0
121900041,0,0,0
121900042,0,0,0
121900043,0,0,0
121900044,0,0,0
121900046,0,0,0
121900047,0,0,0
121900048,0,0,0
121900050,0,0,0
121900051,0,0,0
121900052,0,0,0
121900053,0,0,0
121900054,0,0,0
121900055,0,0,0
121900058,0,0,0
121900059,0,0,0
121900060,0,0,0
121900061,0,0,0
121900062,0,0,0
121900063,0,0,0
121900064,0,0,0
121900066,0,0,0
121900067,0,0,0
121900069,0,0,0
121900070,0,0,0
121900071,0,0,0
121900072,0,0,0
121900073,0,0,0
121900074,0,0,0
121900075,0,0,0
121900076,0,0,0
121900077,0,0,0
121900078,0,0,0
121900079,0,0,0
121900080,0,0,0
121900082,0,0,0
121900084,0,0,0
121900085,0,0,0
121900086,0,0,0
121900087,0,0,0
121900088,0,0,0
121900089,0,0,0
121900090,0,0,0
121900091,0,0,0
121900092,0,0,0
121900093,0,0,0
121900094,0,0,0
121900095,0,0,0
121900096,0,0,0
121900097,0,0,0
121900098,0,0,0
121900099,0,0,0
121900100,0,0,0
121900101,0,0,0
121900102,0,0,0
121900103,0,0,0
121900104,0,0,0
121900105,0,0,0
121900106,0,0,0
121900107,0,0,0
121900108,0,0,0
121900109,0,0,0
121900110,0,0,0
121900111,0,0,0
121900112,0,0,0
121900113,0,0,0
121900114,0,0,0
121900117,0,0,0
121900118,0,0,0
121900119,0,0,0
121900120,0,0,0
121900121,0,0,0
121900122,0,0,0
121900123,0,0,0
121900124,0,0,0
121900125,0,0,0
121900127,0,0,0
121900128,0,0,0
121900129,0,0,0
121900130,0,0,0
121900131,0,0,0
121900132,0,0,0
121900133,0,0,0
121900134,0,0,0
121900135,0,0,0
121900136,0,0,0
121900137,0,0,0
121900138,0,0,0
121900139,0,0,0
121900140,0,0,0
121900141,0,0,0
121900142,0,0,0
121900143,0,0,0
121900144,0,0,0
121900145,0,0,0
121900146,0,0,0
121900147,0,0,0
121900148,0,0,0
121900149,0,0,0
121900150,0,0,0
121900151,0,0,0
121900152,0,0,0
121900153,0,0,0
121900154,0,0,0
121900155,0,0,0
121900156,0,0,0
121900157,0,0,0
121900158,0,0,0
121900159,0,0,0
121900160,0,0,0
121900161,0,0,0
121900162,0,0,0
121900163,0,0,0
121900164,0,0,0
121900165,0,0,0
121900166,0,0,0
121900167,0,0,0
121900168,0,0,0
121900169,0,0,0
121900170,0,0,0
121900171,0,0,0
121900172,0,0,0
121900173,0,0,0
121900174,0,0,0
121900175,0,0,0
121900176,0,0,0
121900177,0,0,0
121900178,0,0,0
121900179,0,0,0
121900180,0,0,0
121900182,0,0,0
121900183,0,0,0
121900184,0,0,0
121900186,0,0,0
121900187,0,0,0
121900188,0,0,0
121900189,0,0,0
121900190,0,0,0
121900191,0,0,0
121900192,0,0,0
121900193,0,0,0
121900194,0,0,0
121900195,0,0,0
121900196,0,0,0
121900197,0,0,0
121900198,0,0,0
121900199,0,0,0
121900200,0,0,0
121900201,0,0,0
121900202,0,0,0
121900203,0,0,0
121900204,0,0,0
121900205,0,0,0
121900206,0,0,0
121900207,0,0,0
121900208,0,0,0
121900209,0,0,0
121900210,0,0,0
121900211,0,0,0
121900212,0,0,0
121900213,0,0,0
121900214,0,0,0
121900215,0,0,0
121900216,0,0,0
121900217,0,0,0
121900218,0,0,0
121900220,0,0,0
121900221,0,0,0
121900222,0,0,0
121900223,0,0,0
121900224,0,0,0
121900225,0,0,0
121900226,0,0,0
121900227,0,0,0
121900228,0,0,0
121900230,0,0,0
121900231,0,0,0
121900232,0,0,0
121900233,0,0,0
121900234,0,0,0
121900235,0,0,0
121900236,0,0,0
121900237,0,0,0
121900238,0,0,0
121900239,0,0,0
121900240,0,0,0
121900241,0,0,0
121900242,0,0,0
121900243,0,0,0
121900244,0,0,0
121900245,0,0,0
121900246,0,0,0
121900247,0,0,0
121900248,0,0,0
121900250,0,0,0
121900251,0,0,0
121900252,0,0,0
121900253,0,0,0
121900254,0,0,0
121900255,0,0,0
121900258,0,0,0
121900259,0,0,0
121900260,0,0,0
121900261,0,0,0
121900262,0,0,0
121900263,0,0,0
121900264,0,0,0
121900265,0,0,0
121900266,0,0,0
121900267,0,0,0
121900269,0,0,0
121900270,0,0,0
121900271,0,0,0
121900273,0,0,0
121900274,0,0,0
121900277,0,0,0
121900278,0,0,0
121900279,0,0,0
121900280,0,0,0
121900281,0,0,0
121900284,0,0,0
121900286,0,0,0
121900287,0,0,0
121900288,0,0,0
121900290,0,0,0
121900291,0,0,0
121900292,0,0,0
121900293,0,0,0
121900294,0,0,0
121900295,0,0,0
121900296,0,0,0
121900298,0,0,0
121900299,0,0,0
121900300,0,0,0
121900301,0,0,0
121900302,0,0,0
121900303,0,0,0
121900304,0,0,0
121900305,0,0,0
121900306,0,0,0
121900307,0,0,0
121900308,0,0,0
121900309,0,0,0
121900310,0,0,0
121900311,0,0,0
121900312,0,0,0
121900313,0,0,0
121900314,0,0,0
121900315,0,0,0
121900316,0,0,0
121900317,0,0,0
121900318,0,0,0
121900319,0,0,0
121900320,0,0,0
121900321,0,0,0
121900322,0,0,0
121900323,0,0,0
121900324,0,0,0
121900325,0,0,0
121900326,0,0,0
121900327,0,0,0
121900328,0,0,0
121900329,0,0,0
121900330,0,0,0
121900331,0,0,0
121900332,0,0,0
121900333,0,0,0
121900334,0,0,0
122000001,85,78,7
122000002,31,19,12
122000003,104,78,26
122000004,39,18,21
122000005,9,3,6
122000006,18,9,9
122000007,15,22,-7
122000008,45,62,-17
122000009,0,0,0
122000010,97,43,54
122000011,75,26,49
122000012,27,35,-8
122000013,12,17,-5
122000014,7,14,-7
122000015,12,40,-28
122000016,16,34,-18
122000017,83,54,29
122000018,62,75,-13
122000019,20,77,-57
122000020,0,0,0
122000021,0,0,0
122000022,30,3,27
122000023,36,0,36
122000024,21,37,-16
122000025,5,39,-34
122000026,0,0,0
122000027,9,26,-17
122000028,10,10,0
122000029,2,10,-8
122000030,0,0,0
122000031,0,0,0
122000032,9,8,1
122000033,11,15,-4
122000034,27,53,-26
122000035,11,33,-22
122000036,5,32,-27
122000037,0,0,0
122000038,0,0,0
122000039,0,0,0
122000040,0,0,0
122000041,0,0,0
122000042,0,0,0
122000043,0,0,0
122000044,0,0,0
122000045,16,19,-3
122000046,22,40,-18
122000047,0,0,0
122000048,6,31,-25
122000049,137,51,86
122000050,12,23,-11
122000051,0,0,0
122000052,0,0,0
122000053,0,17,-17
122000054,34,10,24
122000055,101,101,0
122000056,72,38,34
122000057,307,240,67
122000058,23,11,12
122000059,90,79,11
122000060,0,0,0
122000061,0,0,0
122000062,25,12,13
122000063,0,6,-6
122000064,92,47,45
122000065,247,203,44
122000066,427,369,58
122000067,333,559,-226
122000068,92,97,-5
122000069,93,169,-76
122000070,8,10,-2
122000071,3,5,-2
122000072,0,0,0
122000073,0,0,0
122000074,5,13,-8
122000075,4,16,-12
122000076,0,0,0
122000077,20,24,-4
122000078,52,126,-74
122000079,44,66,-22
122000080,0,0,0
122000081,0,0,0
122000082,0,0,0
122000083,10,10,0
122000084,4,32,-28
122000085,26,86,-60
122000086,205,195,10
122000087,0,0,0
122000088,33,11,22
122000089,417,119,298
122000090,0,0,0
122000091,0,0,0
122000092,0,0,0
122000093,35,303,-268
122000094,509,89,420
122000095,342,187,155
122000096,8,0,8
122000098,668,441,227
122000099,0,0,0
122000100,0,0,0
122000101,0,0,0
122000102,28,13,15
122000103,4,9,-5
122000104,0,0,0
122000105,0,0,0
122000106,0,0,0
122000107,0,0,0
122000108,10,14,-4
122000109,0,0,0
122000110,4,19,-15
122000111,0,0,0
122000112,0,0,0
122000113,0,0,0
122000114,590,576,14
122000115,616,197,419
122000116,117,17,100
122000117,0,0,0
122000118,0,0,0
122000119,92,156,-64
122000120,113,195,-82
122000121,136,125,11
122000122,31,97,-66
122000123,199,25,174
122000124,35,11,24
122000125,158,107,51
122000126,24,87,-63
122000127,88,192,-104
122000128,25,87,-62
122000129,0,0,0
122000130,0,0,0
122000131,1,1,0
122000132,37,16,21
122000133,11,90,-79
122000134,77,43,34
122000135,40,213,-173
122000136,0,2,-2
122000137,9,4,5
122000139,42,29,13
122000140,15,8,7
122000141,171,22,149
122000142,5,33,-28
122000143,0,0,0
122000144,0,0,0
122000145,0,1,-1
122000146,0,0,0
122000147,0,0,0
122000148,760,453,307
122000149,0,0,0
122000150,0,0,0
122000151,2,1,1
122000152,0,0,0
122000153,0,0,0
122000154,0,0,0
122000155,0,0,0
122000156,978,1012,-34
122000157,551,723,-172
122000158,0,0,0
122000159,0,0,0
122000160,0,1,-1
122000161,0,0,0
122000162,1,1,0
122000163,0,0,0
122000164,0,0,0
122000165,15,9,6
122000166,20,38,-18
122000167,22,24,-2
122000168,0,0,0
122000169,0,0,0
122000170,9,23,-14
122000171,4,23,-19
122000172,28,51,-23
122000173,33,97,-64
122000174,668,255,413
122000175,0,0,0
122000176,0,0,0
122000177,590,393,197
122000178,77,23,54
122000179,32,49,-17
122000180,366,480,-114
122000181,1450,730,720
122000182,29,9,20
122000183,76,8,68
122000184,3116,883,2233
122000185,616,423,193
122000186,10,8,2
122000187,0,4,-4
122000188,0,0,0
122000189,0,0,0
122000190,1,17,-16
122000191,8,8,0
122000192,0,0,0
122000193,0,0,0
122000194,0,0,0
122000195,0,0,0
122000196,0,0,0
122000197,0,0,0
122000198,0,0,0
122000199,0,0,0
122000200,0,0,0
122000201,537,701,-164
122000202,733,439,294
122000203,112,106,6
122000204,29,94,-65
122000205,39,77,-38
122000206,1,1,0
122000207,4,3,1
122000208,1,5,-4
122000209,0,0,0
122000210,43,207,-164
122000211,65,117,-52
122000212,117,41,76
122000213,112,108,4
122000214,113,146,-33
122000215,4,3,1
122000217,96,158,-62
122000218,0,0,0
122000219,254,229,25
122000220,41,140,-99
122000221,1,5,-4
122000222,0,0,0
122000223,70,108,-38
122000225,127,13,114
122000226,52,212,-160
122000227,12,119,-107
122000228,18,63,-45
122000229,1,67,-66
122000230,4,74,-70
122000231,1,60,-59
122000232,2,72,-70
122000233,0,0,0
122000234,0,0,0
122000235,0,0,0
122000236,0,0,0
122000237,0,0,0
122000238,0,0,0
122000239,0,0,0
122000240,0,0,0
122000241,0,0,0
122000242,0,0,0
122000243,0,1,-1
122000244,1,59,-58
122000245,16,23,-7
122000246,0,0,0
122000247,36,103,-67
122000248,57,200,-143
122000249,0,0,0
122000250,13,0,13
122000251,46,31,15
122000252,0,0,0
122000253,2,46,-44
122000254,0,0,0
122000255,0,0,0
122000256,38,372,-334
122000257,13,57,-44
122000258,37,31,6
122000259,2,37,-35
122000260,1,3,-2
122000261,0,0,0
122000262,0,3,-3
122000263,0,12,-12
122000264,0,0,0
122000265,0,0,0
122000266,0,0,0
122000267,0,0,0
122000268,0,0,0
122000269,0,0,0
122000270,0,0,0
122000271,0,0,0
122000272,0,0,0
122000273,0,0,0
122000274,0,0,0
122000275,0,0,0
122000276,10,24,-14
122000277,92,62,30
122000278,70,47,23
122000279,29,91,-62
122000280,96,145,-49
122000281,58,125,-67
122000282,0,0,0
122000283,0,0,0
122000284,0,0,0
122000285,2,1,1
122000286,0,2,-2
122000287,0,0,0
122000288,0,0,0
122000291,85,30,55
122000293,0,0,0
122000294,0,0,0
122000295,0,0,0
122000296,0,2,-2
122000297,282,63,219
122000299,16,7,9
122000300,46,114,-68
122000301,315,181,134
122000302,0,0,0
122000303,554,219,335
122000304,0,13,-13
122000305,1,0,1
122000306,5,194,-189
122000307,84,41,43
122000309,2,30,-28
122000310,4,5,-1
122000311,12,34,-22
122000312,0,0,0
122000313,0,0,0
122000314,0,0,0
122000315,0,0,0
122000316,0,0,0
122000317,0,0,0
122000318,0,0,0
122000319,22,45,-23
122000320,6,112,-106
122000321,1,33,-32
122000322,38,6,32
122000323,24,11,13
122000324,14,15,-1
122000325,0,0,0
122000326,0,0,0
122000327,0,0,0
122000328,8,30,-22
122000330,0,0,0
122000332,2,8,-6
122000333,0,20,-20
122000337,63,295,-232
122000338,34,69,-35
122000340,0,0,0
122000342,40,107,-67
122000343,1,132,-131
122000344,0,0,0
122000345,0,0,0
122000346,0,0,0
122000348,55,25,30
122000349,1,79,-78
122000351,0,0,0
122000352,0,0,0
122000353,0,16,-16
122000355,0,0,0
122000356,327,142,185
122000357,0,0,0
122000358,0,0,0
122000359,0,0,0
122000360,0,0,0
122000362,0,0,0
122000364,3,7,-4
122000365,0,0,0
122000366,0,0,0
122000368,7,13,-6
122000370,0,0,0
122000371,0,0,0
122000372,0,0,0
122000381,0,7,-7
122000382,0,0,0
122000384,28,19,9
122000385,0,0,0
122000386,1,4,-3
122000387,0,0,0
122000388,3,0,3
122000389,24,30,-6
122000390,0,0,0
122000391,0,0,0
122000392,0,0,0
122000393,0,0,0
122000394,0,0,0
122000395,0,0,0
122000396,0,0,0
122000397,0,2,-2
122000398,0,0,0
122000399,0,0,0
122000400,0,0,0
122000401,0,0,0
122000402,0,0,0
122000403,101,333,-232
122000404,0,0,0
122000408,47,104,-57
122000503,0,0,0
122000524,0,0,0
122000544,0,0,0
122000616,226,8,218
122000640,0,0,0
122000641,0,0,0
122000642,0,0,0
122000643,0,0,0
122000644,2,2,0
122000645,5,36,-31
122000651,13,16,-3
122000664,1,0,1
122000665,38,18,20
122000666,0,0,0
122000673,49,162,-113
122000674,0,0,0
122000675,124,164,-40
122000686,0,0,0
122000687,14,40,-26
122000688,0,0,0
122000689,27,92,-65
122000690,35,86,-51
122000691,0,0,0
122000692,56,65,-9
122000693,0,0,0
122000695,27,83,-56
122000696,0,0,0
122000698,13,107,-94
122000699,0,0,0
122000701,57,63,-6
122000702,0,0,0
122000703,0,0,0
122000717,66,3,63
122000718,0,0,0
122000719,0,0,0
122000720,0,0,0
122000724,0,0,0
122900001,0,0,0
122900002,0,0,0
122900003,0,0,0
122900004,0,0,0
122900005,0,0,0
122900006,0,0,0
122900007,0,0,0
122900008,0,0,0
122900009,0,0,0
122900010,0,0,0
122900012,0,0,0
122900014,0,0,0
122900015,0,0,0
122900016,0,0,0
122900017,0,0,0
122900018,0,0,0
122900019,0,0,0
122900020,0,0,0
122900021,0,0,0
122900022,0,0,0
122900023,0,0,0
122900024,0,0,0
122900025,0,0,0
122900026,0,0,0
122900027,0,0,0
122900028,0,0,0
122900029,0,0,0
122900030,0,0,0
122900031,0,0,0
122900032,0,0,0
122900033,0,0,0
122900034,0,0,0
122900035,0,0,0
122900036,0,0,0
122900037,0,0,0
122900038,0,0,0
122900039,0,0,0
122900040,0,0,0
122900041,0,0,0
122900042,0,0,0
122900043,0,0,0
122900044,0,0,0
122900045,0,0,0
122900046,0,0,0
122900047,0,0,0
122900048,0,0,0
122900049,0,0,0
122900051,0,0,0
122900052,0,0,0
122900053,0,0,0
122900055,0,0,0
122900057,0,0,0
122900061,0,0,0
122900062,0,0,0
122900063,0,0,0
122900064,0,0,0
122900065,0,0,0
122900066,0,0,0
122900067,0,0,0
122900068,0,0,0
122900069,0,0,0
122900070,0,0,0
122900071,0,0,0
122900072,0,0,0
122900073,0,0,0
122900074,0,0,0
122900075,0,0,0
122900076,0,0,0
122900077,0,0,0
122900078,0,0,0
122900080,0,0,0
122900081,0,0,0
122900082,0,0,0
122900083,0,0,0
122900084,0,0,0
122900086,0,0,0
122900087,0,0,0
122900088,0,0,0
122900089,0,0,0
122900090,0,0,0
122900091,0,0,0
122900092,0,0,0
122900093,0,0,0
122900094,0,0,0
122900095,0,0,0
122900096,0,0,0
122900097,0,0,0
122900098,0,0,0
122900099,0,0,0
122900100,0,0,0
122900101,0,0,0
122900102,0,0,0
122900103,0,0,0
122900104,0,0,0
122900105,0,0,0
122900106,0,0,0
122900107,0,0,0
122900108,0,0,0
123000001,102,103,-1
123000002,448,251,197
123000003,325,162,163
123000004,769,1246,-477
123000005,108,124,-16
123000006,382,877,-495
123000007,134,110,24
123000008,454,1156,-702
123000009,561,215,346
123000010,1323,1710,-387
123000011,204,146,58
123000012,323,1202,-879
123000013,314,54,260
123000014,382,1121,-739
123000015,1245,65,1180
123000016,1452,1047,405
123000017,0,0,0
123000018,0,0,0
123000019,0,0,0
123000020,0,0,0
123000021,0,0,0
123000022,0,0,0
123000023,0,0,0
123000024,0,0,0
123000025,0,0,0
123000026,0,1,-1
123000027,1,9,-8
123000028,0,0,0
123000029,1,9,-8
123000030,1,37,-36
123000031,0,0,0
123000032,0,0,0
123000033,0,0,0
123000034,0,0,0
123000035,0,0,0
123000036,0,0,0
123000037,17,34,-17
123000038,0,0,0
123000039,0,0,0
123000040,56,41,15
123000041,0,0,0
123000042,35,46,-11
123000043,0,0,0
123000044,147,69,78
123000045,445,168,277
123000046,0,0,0
123000047,27,1,26
123000048,0,0,0
123000049,414,161,253
123000050,80,47,33
123000051,0,0,0
123000052,53,100,-47
123000053,360,82,278
123000054,161,43,118
123000055,27,85,-58
123000056,134,504,-370
123000057,940,977,-37
123000058,0,4,-4
123000059,0,0,0
123000060,0,7,-7
123000061,0,0,0
123000063,0,0,0
123000064,0,0,0
123000065,231,273,-42
123000066,19,9,10
123000067,0,0,0
123000068,387,888,-501
123000069,1518,885,633
123000070,0,0,0
123000071,0,0,0
123000072,62,46,16
123000073,0,0,0
123000074,50,61,-11
123000075,1,2,-1
123000076,3,25,-22
123000077,147,104,43
123000078,0,0,0
123000079,0,0,0
123000080,54,103,-49
123000081,0,0,0
123000082,0,0,0
123000083,0,0,0
123000084,3,21,-18
123000085,0,0,0
123000086,0,0,0
123000087,0,0,0
123000088,0,0,0
123000089,0,0,0
123000090,76,135,-59
123000091,0,0,0
123000092,53,97,-44
123000094,0,0,0
123000095,0,0,0
123000096,0,0,0
123000097,0,0,0
123000098,0,0,0
123000099,0,0,0
123000100,0,0,0
123000101,0,0,0
123000102,0,0,0
123000104,0,0,0
123000105,40,28,12
123000106,0,0,0
123000107,5,24,-19
123000108,4,4,0
123000111,0,0,0
123000112,0,0,0
123000113,0,13,-13
123000114,0,0,0
123000115,0,0,0
123000116,0,0,0
123000117,0,0,0
123000118,0,0,0
123000119,0,0,0
123000120,0,0,0
123000121,0,0,0
123000122,28,28,0
123000123,0,0,0
123000124,37,59,-22
123000125,0,0,0
123000126,0,0,0
123000127,400,208,192
123000128,27,58,-31
123000129,0,0,0
123000130,0,0,0
123000131,0,0,0
123000132,20,47,-27
123000133,22,56,-34
123000134,0,0,0
123000135,0,0,0
123000136,0,16,-16
123000137,0,4,-4
123000138,1,2,-1
123000139,0,0,0
123000140,3,20,-17
123000141,0,0,0
123000142,90,117,-27
123000143,60,283,-223
123000144,3,0,3
123000145,0,0,0
123000146,0,0,0
123000147,0,0,0
123000149,0,0,0
123000150,0,0,0
123000151,21,19,2
123000152,10,31,-21
123000153,12,5,7
123000154,19,7,12
123000155,190,60,130
123000156,1,7,-6
123000157,32,96,-64
123000158,0,0,0
123000159,0,0,0
123000160,0,0,0
123000161,0,0,0
123000162,0,0,0
123000163,0,0,0
123000164,0,0,0
123000165,0,1,-1
123000166,0,0,0
123000167,4,18,-14
123000168,0,0,0
123000169,0,1,-1
123000170,0,11,-11
123000171,0,3,-3
123000172,1,33,-32
123000173,0,0,0
123000174,0,0,0
123000175,9,44,-35
123000176,0,0,0
123000177,4,24,-20
123000178,0,0,0
123000179,0,0,0
123000180,0,0,0
123000181,2,96,-94
123000182,0,0,0
123000183,0,0,0
123000184,0,0,0
123000185,0,0,0
123000186,0,125,-125
123000187,0,1,-1
123000188,0,1,-1
123000189,0,0,0
123000190,0,0,0
123000192,0,0,0
123000193,0,1,-1
123000194,0,0,0
123000195,0,0,0
123000196,0,0,0
123000197,0,0,0
123000198,0,0,0
123000199,0,0,0
123000200,0,0,0
123000201,0,0,0
123000202,0,0,0
123000203,0,0,0
123000204,0,0,0
123000205,0,0,0
123000206,0,0,0
123000207,0,0,0
123000208,0,0,0
123000209,0,0,0
123000210,0,0,0
123000211,0,1,-1
123000212,0,0,0
123000213,0,0,0
123000215,681,13,668
123000216,0,0,0
123000217,0,0,0
123000218,9,25,-16
123000219,0,0,0
123000220,0,0,0
123000221,0,0,0
123000222,0,0,0
123000223,0,0,0
123000224,0,0,0
123000225,0,1,-1
123000226,0,29,-29
123000227,5,29,-24
123000228,0,1,-1
123000229,53,202,-149
123000232,12,88,-76
123000233,0,0,0
123000234,6,68,-62
123000235,0,0,0
123000236,23,54,-31
123000237,0,0,0
123000238,2,35,-33
123000239,49,206,-157
123000240,0,8,-8
123000241,0,0,0
123000242,1,1,0
123000243,45,214,-169
123000244,51,244,-193
123000245,18,83,-65
123000249,1380,334,1046
123000252,0,0,0
123000253,0,0,0
123000254,25,43,-18
123000255,0,0,0
123000256,0,21,-21
123000257,9,113,-104
123000258,7,73,-66
123000259,2,0,2
123000260,0,2,-2
123000261,1,3,-2
123000262,0,0,0
123000263,0,0,0
123000264,0,0,0
123000265,0,0,0
123000266,0,38,-38
123000267,0,0,0
123000268,0,0,0
123000269,0,0,0
123000270,0,0,0
123000271,0,0,0
123000272,0,0,0
123000273,0,0,0
123000274,0,0,0
123000275,12,64,-52
123000278,0,0,0
123000279,0,0,0
123000280,0,0,0
123000281,0,0,0
123000282,0,0,0
123000283,0,0,0
123000284,0,0,0
123000286,0,0,0
123000287,0,0,0
123000288,0,0,0
123000289,0,0,0
123000291,15,61,-46
123000294,0,0,0
123000295,195,118,77
123000296,44,16,28
123000297,0,0,0
123000298,0,0,0
123000299,0,0,0
123000300,0,0,0
123000301,0,1,-1
123000302,0,0,0
123000303,0,0,0
123000305,65,46,19
123000306,0,13,-13
123000309,0,0,0
123000310,0,0,0
123000311,0,60,-60
123000312,0,0,0
123000313,0,0,0
123000315,0,0,0
123000316,0,0,0
123000317,0,0,0
123000318,0,0,0
123000329,1,1,0
123000337,0,0,0
123000338,0,0,0
123000339,1,53,-52
123000340,0,0,0
123000342,0,2,-2
123000343,0,0,0
123000344,6,1,5
123000345,0,8,-8
123000346,0,0,0
123000352,56,92,-36
123000353,0,13,-13
123000354,0,0,0
123000355,2,59,-57
123000356,0,0,0
123000357,0,0,0
123000359,0,5,-5
123000360,0,0,0
123000361,3,31,-28
123000362,1,8,-7
123000363,1,22,-21
123000364,0,0,0
123000365,2,23,-21
123000366,0,0,0
123000367,0,0,0
123000370,1,31,-30
123000371,0,0,0
123000372,0,0,0
123000373,4,68,-64
123000374,0,39,-39
123000375,0,0,0
123000376,0,0,0
123000377,0,0,0
123000378,0,57,-57
123000379,0,26,-26
123000380,0,58,-58
123000381,0,0,0
123000382,0,0,0
123000383,12,150,-138
123000384,0,0,0
123000385,14,108,-94
123000436,25,512,-487
123000507,0,0,0
123000508,0,0,0
123000517,0,0,0
123000518,0,0,0
123000519,0,0,0
123000520,0,0,0
123000521,0,0,0
123000522,0,0,0
123000541,0,0,0
123000542,0,4,-4
123000565,0,0,0
123000566,0,0,0
123000567,0,0,0
123000573,31,295,-264
123000574,0,0,0
123000575,73,309,-236
123000576,17,276,-259
123000577,18,152,-134
123000578,0,0,0
123000579,0,0,0
123000580,0,0,0
123000582,0,0,0
123000583,3,48,-45
123000584,0,0,0
123000585,0,31,-31
123000586,0,0,0
123000596,0,0,0
123000597,0,0,0
123000602,0,0,0
123000603,0,0,0
123000604,8,219,-211
123000605,1124,100,1024
123000606,2,981,-979
123000609,0,0,0
123000610,0,0,0
123000613,57,46,11
123000614,0,0,0
123000615,31,46,-15
123000616,0,0,0
123000617,17,91,-74
123000618,11,109,-98
123000619,0,0,0
123000620,23,101,-78
123000622,0,0,0
123000624,0,0,0
123000630,0,0,0
123000631,15,287,-272
123000632,3,1,2
123000633,0,138,-138
123000634,0,0,0
123000635,8,25,-17
123000636,0,0,0
123000637,0,0,0
123000638,0,0,0
123000639,0,0,0
123000640,0,47,-47
123000648,0,0,0
123000649,0,0,0
123900001,0,0,0
123900002,0,0,0
123900003,0,0,0
123900005,0,0,0
123900006,0,0,0
124000001,505,1,504
124000002,39,307,-268
124000003,26,2,24
124000004,9,156,-147
124000005,37,1,36
124000006,52,304,-252
124000007,0,0,0
124000008,0,78,-78
124000009,0,0,0
124000010,7,97,-90
124000011,0,0,0
124000012,17,124,-107
124000017,0,0,0
124000018,26,37,-11
124000019,0,0,0
124000020,4,57,-53
124000021,0,0,0
124000022,34,138,-104
124000023,196,99,97
124000024,21,42,-21
124000025,71,66,5
124000026,20,24,-4
124000027,276,109,167
124000028,434,617,-183
124000030,604,466,138
124000031,110,7,103
124000032,767,222,545
124000033,87,6,81
124000034,239,168,71
124000035,15,5,10
124000036,17,161,-144
124000037,30,12,18
124000038,6,24,-18
124000039,152,48,104
124000040,66,130,-64
124000041,74,10,64
124000042,8,119,-111
124000043,29,19,10
124000044,13,96,-83
124000045,0,0,0
124000046,25,154,-129
124000047,0,0,0
124000048,41,211,-170
124000049,0,0,0
124000050,43,282,-239
124000051,0,0,0
124000052,28,166,-138
124000053,0,0,0
124000054,82,106,-24
124000055,0,0,0
124000056,254,277,-23
124000057,0,0,0
124000058,38,179,-141
124000059,0,0,0
124000060,102,97,5
124000061,0,0,0
124000062,561,138,423
124000063,185,413,-228
124000064,115,361,-246
124000065,2,15,-13
124000066,0,0,0
124000067,0,0,0
124000068,3,5,-2
124000069,0,0,0
124000070,15,99,-84
124000071,0,0,0
124000072,8,20,-12
124000073,0,0,0
124000074,16,65,-49
124000075,0,0,0
124000076,8,46,-38
124000077,97,81,16
124000078,0,0,0
124000079,96,111,-15
124000080,0,0,0
124000081,18,119,-101
124000082,0,0,0
124000083,3,28,-25
124000084,0,0,0
124000085,1,6,-5
124000086,0,0,0
124000087,0,0,0
124000088,0,0,0
124000089,0,0,0
124000090,3,36,-33
124000091,0,0,0
124000092,4,45,-41
124000093,0,0,0
124000094,0,0,0
124000095,0,0,0
124000096,0,0,0
124000097,0,0,0
124000098,0,0,0
124000099,0,0,0
124000100,1,23,-22
124000101,0,0,0
124000102,0,0,0
124000103,0,0,0
124000104,0,0,0
124000105,0,0,0
124000106,0,0,0
124000107,0,0,0
124000108,0,0,0
124000109,0,0,0
124000110,0,0,0
124000111,0,0,0
124000112,0,0,0
124000113,0,0,0
124000114,0,0,0
124000115,0,0,0
124000116,0,0,0
124000117,0,0,0
124000118,0,0,0
124000119,5,7,-2
124000120,0,0,0
124000121,5,38,-33
124000122,373,114,259
124000123,24,11,13
124000124,34,152,-118
124000125,45,19,26
124000126,61,134,-73
124000127,27,12,15
124000128,31,197,-166
124000129,60,68,-8
124000130,111,111,0
124000131,103,95,8
124000132,154,144,10
124000133,0,0,0
124000134,62,127,-65
124000135,0,0,0
124000136,47,116,-69
124000137,0,0,0
124000138,124,104,20
124000139,0,0,0
124000140,0,14,-14
124000141,0,0,0
124000142,0,0,0
124000143,0,0,0
124000144,0,0,0
124000145,0,0,0
124000146,0,0,0
124000148,0,0,0
124000149,0,0,0
124000150,21,55,-34
124000151,0,0,0
124000152,29,83,-54
124000153,0,0,0
124000154,72,111,-39
124000155,0,0,0
124000156,98,83,15
124000169,0,0,0
124000170,5,7,-2
124000171,0,0,0
124000172,5,5,0
124000173,0,0,0
124000174,1,7,-6
124000175,4,58,-54
124000176,0,0,0
124000177,9,17,-8
124000178,0,0,0
124000190,0,0,0
124000191,3,6,-3
124000192,0,0,0
124000193,37,142,-105
124000194,24,124,-100
124000195,23,18,5
124000196,70,251,-181
124000197,0,0,0
124000198,0,0,0
124000201,3,170,-167
124000202,0,0,0
124000203,6,205,-199
124000204,0,0,0
124000205,2,181,-179
124000206,0,1,-1
124000207,0,67,-67
124000209,21,152,-131
124000210,3,67,-64
124000211,0,0,0
124000212,3,144,-141
124000213,4,123,-119
124000214,0,0,0
124000215,0,0,0
124000216,0,105,-105
124000329,3,213,-210
124000338,5,83,-78
124000339,0,0,0
124000341,0,0,0
124000344,0,1,-1
124000357,0,0,0
124000358,0,0,0
124000359,0,0,0
124000360,0,0,0
124000361,0,0,0
124000362,242,463,-221
124000363,90,190,-100
124000364,138,364,-226
124000365,522,819,-297
124000366,288,579,-291
124000367,30,109,-79
124000368,0,0,0
124000369,0,0,0
124000370,9,111,-102
124000402,0,0,0
124000403,0,0,0
124000404,0,0,0
124000405,78,34,44
124000406,76,198,-122
124000407,0,0,0
124000411,0,34,-34
124000412,0,0,0
124000413,0,0,0
124000414,0,0,0
124000415,0,0,0
124000416,0,0,0
124000417,0,0,0
124000418,0,0,0
124000419,0,0,0
124000420,0,0,0
124000421,0,0,0
124000422,0,0,0
124000423,0,0,0
124000424,0,2,-2
124000425,0,0,0
124000426,0,3,-3
124000427,0,0,0
124000428,0,1,-1
124000429,0,197,-197
124000430,0,0,0
124000431,0,0,0
124000432,0,0,0
124000439,0,0,0
124000443,3,14,-11
124000445,0,0,0
124000446,68,1,67
124900001,0,0,0
124900002,0,0,0
124900003,0,0,0
124900004,0,0,0
124900005,0,0,0
124900006,0,0,0
124900008,0,0,0
124900009,0,0,0
124900010,0,0,0
124900011,0,0,0
124900012,0,0,0
124900013,0,0,0
124900014,0,0,0
124900015,0,0,0
124900016,0,0,0
124900017,0,0,0
124900018,0,0,0
124900020,0,0,0
124900021,0,0,0
124900022,0,0,0
124900024,0,0,0
124900026,0,0,0
124900027,0,0,0
124900028,0,0,0
124900029,0,0,0
124900030,0,0,0
124900031,0,0,0
124900032,0,0,0
124900033,0,0,0
124900034,0,0,0
124900035,0,0,0
124900036,0,0,0
124900037,0,0,0
124900038,0,0,0
124900039,0,0,0
124900040,0,0,0
124900041,0,0,0
124900042,0,0,0
124900043,0,0,0
124900044,0,0,0
124900045,0,0,0
124900046,0,0,0
124900047,0,0,0
124900048,0,0,0
124900050,0,0,0
124900052,0,0,0
124900053,0,0,0
124900054,0,0,0
124900055,0,0,0
124900057,0,0,0
124900060,0,0,0
124900061,0,0,0
124900062,0,0,0
124900066,0,0,0
124900067,0,0,0
124900068,0,0,0
124900070,0,0,0
124900072,0,0,0
124900075,0,0,0
124900076,0,0,0
124900077,0,0,0
124900078,0,0,0
124900079,0,0,0
124900080,0,0,0
124900081,0,0,0
124900082,0,0,0
124900083,0,0,0
124900085,0,0,0
124900086,0,0,0
124900087,0,0,0
124900088,0,0,0
124900089,0,0,0
124900090,0,0,0
124900091,0,0,0
124900092,0,0,0
124900093,0,0,0
124900094,0,0,0
124900095,0,0,0
124900096,0,0,0
124900097,0,0,0
124900098,0,0,0
124900099,0,0,0
124900100,0,0,0
124900101,0,0,0
124900102,0,0,0
124900103,0,0,0
124900104,0,0,0
124900105,0,0,0
124900106,0,0,0
124900107,0,0,0
124900108,0,0,0
124900111,0,0,0
124900112,0,0,0
124900113,0,0,0
124900114,0,0,0
124900115,0,0,0
124900116,0,0,0
124900117,0,0,0
124900118,0,0,0
124900119,0,0,0
124900120,0,0,0
124900121,0,0,0
124900122,0,0,0
124900123,0,0,0
124900124,0,0,0
204000001,0,0,0
204000002,0,0,0
204000003,0,0,0
204000004,0,0,0
204000005,0,0,0
204000006,0,0,0
204000011,43,302,-259
204000012,8,142,-134
204000019,0,0,0
204000020,0,0,0
204000021,0,0,0
204000022,0,0,0
204000023,305,1005,-700
204000031,0,0,0
204000032,0,0,0
204000034,51,215,-164
204000035,2,3,-1
204000036,1,3,-2
204000037,1,2,-1
204000038,1,3,-2
204000039,4,7,-3
204000040,1,1,0
204000041,2,11,-9
204000042,0,0,0
204000043,0,0,0
204000044,0,0,0
204000045,0,0,0
204000046,0,0,0
204000057,1,9,-8
204000062,13,22,-9
204000068,47,90,-43
204000069,12,32,-20
204000070,0,0,0
204000080,24,100,-76
204000085,272,428,-156
204000086,549,859,-310
204000087,0,0,0
204000088,23,211,-188
204000090,52,192,-140
204000093,0,0,0
204000096,0,0,0
204000097,0,0,0
204000099,0,0,0
204000100,0,0,0
204000105,385,561,-176
204000110,171,750,-579
204000111,118,322,-204
204000112,108,287,-179
204000113,88,186,-98
204000114,0,0,0
204000115,0,0,0
204000116,0,0,0
204000119,0,0,0
204000132,0,0,0
204000133,0,0,0
204000134,0,0,0
204000135,0,0,0
204000136,0,0,0
204000138,0,0,0
204000140,0,0,0
204000141,0,0,0
204000144,0,0,0
204000145,0,0,0
204000146,88,94,-6
204000147,24,77,-53
204000148,0,0,0
204000154,0,0,0
204000155,2,2,0
204000177,0,0,0
204000179,0,0,0
204000180,1,54,-53
204000222,0,5,-5
204000235,20,10,10
204000236,13,102,-89
204000238,0,0,0
204000240,25,25,0
204000263,156,358,-202
204000268,0,0,0
204000308,0,0,0
204000317,20,35,-15
204000322,6,24,-18
204000323,0,0,0
204000328,0,0,0
204000329,42,55,-13
204000330,0,0,0
204000331,86,95,-9
204010341,0,0,0
205000001,510,400,110
205000013,0,60,-60
205000014,15,97,-82
205000015,11,167,-156
205000016,9,105,-96
205000017,23,35,-12
205000022,164,352,-188
205000025,446,467,-21
205000029,0,0,0
205000045,52,135,-83
205000046,20,300,-280
205000047,31,265,-234
205000048,130,445,-315
205000049,31,479,-448
205000050,333,210,123
205000059,0,138,-138
205000060,0,17,-17
205000061,0,8,-8
205000062,0,10,-10
205000063,1,49,-48
205000064,13,76,-63
205000065,5,193,-188
205000066,7,157,-150
205000067,5,238,-233
205000069,0,0,0
205000082,0,0,0
205000110,18,202,-184
205000111,79,185,-106
205000112,0,0,0
205000113,115,146,-31
205000121,0,0,0
205000123,144,119,25
205000126,0,0,0
205000127,0,0,0
205000128,0,0,0
205000129,0,0,0
205000130,0,0,0
205000131,0,0,0
205000132,0,0,0
205000133,0,0,0
205000134,0,0,0
205000137,28,85,-57
205000138,72,126,-54
205000139,11,41,-30
205000144,0,0,0
205000145,0,0,0
205000151,0,0,0
205000152,0,0,0
205000153,0,0,0
205000154,0,0,0
205000155,0,0,0
205000207,327,467,-140
205000233,0,0,0
205000234,0,0,0
205000243,0,0,0
205000244,0,3,-3
205000245,12,144,-132
205000249,0,4,-4
205000250,0,0,0
205000264,2,43,-41
206000027,0,0,0
206000028,0,0,0
206000043,1,21,-20
206000053,2,17,-15
206000054,3,32,-29
206000055,2,19,-17
206000075,0,0,0
206000076,0,0,0
206000077,0,0,0
206000078,0,0,0
206000079,0,0,0
206000082,0,0,0
206000100,7,77,-70
206000103,13,66,-53
206000104,22,71,-49
206000105,1,39,-38
206000106,37,89,-52
206000108,0,0,0
206000125,0,0,0
206000157,217,733,-516
206000170,4,447,-443
206000171,6,153,-147
206000172,7,197,-190
206000173,1,68,-67
206000174,7,57,-50
206000175,2,81,-79
206000176,13,131,-118
206000177,0,109,-109
206000178,2,76,-74
206000179,0,27,-27
206000180,0,26,-26
206000181,2,44,-42
206000182,10,36,-26
206000183,10,48,-38
206000184,10,103,-93
206000185,9,77,-68
206000186,59,282,-223
206000223,13,68,-55
206000226,0,0,0
206000227,0,0,0
206000237,6,128,-122
206000238,38,159,-121
206000239,330,334,-4
206000240,3,90,-87
206000241,1,202,-201
206000242,10,117,-107
206000243,8,140,-132
206000244,56,222,-166
206000245,0,0,0
206000246,0,0,0
206000247,0,0,0
206000248,0,0,0
206000252,0,0,0
206000258,15,84,-69
206000315,0,0,0
206000317,0,0,0
206000318,0,0,0
206000319,1,0,1
206000320,0,0,0
206000321,0,0,0
206000322,0,0,0
206000323,0,0,0
206000324,0,0,0
206000325,0,0,0
206000326,0,0,0
206000327,0,0,0
206000328,0,0,0
206000329,0,0,0
206000330,0,0,0
206000331,0,0,0
206000332,0,0,0
206000333,0,0,0
206000334,0,0,0
206000335,0,38,-38
206000361,9,273,-264
206000392,1,39,-38
206000405,0,0,0
206000441,0,0,0
206000498,2,4,-2
206000515,0,0,0
206000530,0,0,0
206000531,0,0,0
206000532,0,0,0
206000535,5,16,-11
206000536,0,1,-1
206000537,0,1,-1
206000613,2,0,2
207000001,59,443,-384
207000002,41,334,-293
207000003,45,210,-165
207000007,0,0,0
207000008,0,0,0
207000009,0,0,0
207000010,30,25,5
207000012,0,0,0
207000015,40,73,-33
207000019,0,0,0
207000021,28,32,-4
207000022,0,0,0
207000023,0,0,0
207000024,0,0,0
207000025,0,0,0
207000026,72,209,-137
207000027,14,181,-167
207000028,21,234,-213
207000029,100,459,-359
207000033,0,0,0
207000034,0,0,0
207000039,0,0,0
207000040,0,0,0
207000041,0,0,0
207000042,0,0,0
207000043,0,0,0
207000051,12,135,-123
207000052,3,58,-55
207000053,191,790,-599
207000054,9,75,-66
207000055,28,119,-91
207000056,114,234,-120
207000057,108,296,-188
207000058,38,257,-219
207000059,45,318,-273
207000060,4,73,-69
207000061,0,0,0
207000062,0,0,0
207000063,0,0,0
207000064,0,0,0
207000065,0,0,0
207000066,0,0,0
207000067,0,0,0
207000068,0,0,0
207000069,0,0,0
207000082,0,0,0
207000083,4,27,-23
207000084,0,0,0
207000085,0,0,0
207000086,0,0,0
207000106,0,0,0
207000107,0,0,0
207000108,0,0,0
207000109,0,0,0
207000110,0,0,0
207000111,0,0,0
207000112,0,0,0
207000114,2,10,-8
207000115,5,51,-46
207000116,0,113,-113
207000117,0,61,-61
207000118,0,51,-51
207000119,9,60,-51
207000123,0,0,0
207000124,0,0,0
207000125,0,0,0
207000126,0,0,0
207000134,0,0,0
207000135,0,0,0
207000148,0,0,0
207000149,13,24,-11
207000152,50,275,-225
207000153,1207,985,222
207000154,0,0,0
207000159,10,45,-35
207000160,25,93,-68
207000238,0,31,-31
207000242,1,80,-79
207000248,4,4,0
207000249,21,70,-49
207000250,25,39,-14
207000251,30,36,-6
207000252,20,55,-35
207000278,0,0,0
207000279,23,26,-3
207000280,0,0,0
207000281,8,30,-22
207000282,0,0,0
207000283,0,3,-3
207000284,0,0,0
207000285,0,0,0
207000291,3,55,-52
207000304,0,0,0
207000306,25,424,-399
207000310,0,0,0
207000353,0,0,0
207000356,2,0,2
207000357,0,0,0
207000358,0,0,0
207000415,0,105,-105
207000417,0,0,0
207000418,0,0,0
207000438,0,2,-2
207000439,0,0,0
207000446,0,0,0
207000460,0,0,0
207000466,20,102,-82
207000467,0,0,0
207000468,6,72,-66
207000476,0,0,0
207000477,0,0,0
207000478,2,0,2
207000523,0,19,-19
207000524,0,1,-1
207000527,0,0,0
207000530,0,0,0
207000531,0,0,0
207000532,0,0,0
207000534,0,0,0
207000535,11,94,-83
207000537,5,39,-34
207000540,2,81,-79
207000541,2,136,-134
207000548,1,154,-153
207000549,0,0,0
207000561,0,0,0
207000562,10,55,-45
207000567,152,165,-13
207000568,0,0,0
207000569,0,0,0
207000584,140,60,80
207000585,0,0,0
207000587,0,0,0
207000616,1,174,-173
207000617,0,0,0
207900008,0,0,0
208000001,0,0,0
208000002,0,0,0
208000003,0,0,0
208000004,0,0,0
208000005,0,34,-34
208000019,0,0,0
208000020,0,0,0
208000021,2,46,-44
208000022,33,29,4
208000028,0,0,0
208000033,14,26,-12
208000034,23,71,-48
208000037,0,0,0
208000040,0,0,0
208000041,0,0,0
208000042,0,0,0
208000047,8,56,-48
208000064,0,0,0
208000066,0,0,0
208000070,0,0,0
208000071,0,0,0
208000072,0,0,0
208000080,0,0,0
208000081,0,0,0
208000082,20,102,-82
208000083,36,199,-163
208000084,0,0,0
208000085,155,189,-34
208000086,112,363,-251
208000087,34,223,-189
208000089,49,68,-19
208000090,49,106,-57
208000093,5,17,-12
208000094,49,68,-19
208000095,46,60,-14
208000104,0,0,0
208000105,0,0,0
208000114,0,0,0
208000115,56,283,-227
208000116,0,0,0
208000117,0,0,0
208000118,0,0,0
208000155,73,455,-382
208000158,259,347,-88
208000186,0,0,0
208000204,20,93,-73
208000205,98,123,-25
208000282,585,179,406
209000004,0,0,0
209000005,0,0,0
209000006,0,0,0
209000007,0,0,0
209000010,113,43,70
209000011,73,99,-26
209000012,49,144,-95
209000013,33,184,-151
209000014,139,520,-381
209000025,0,0,0
209000026,0,0,0
209000027,101,470,-369
209000028,84,532,-448
209000029,115,427,-312
209000030,82,684,-602
209000031,972,1901,-929
209000034,0,0,0
209000035,0,0,0
209000036,0,0,0
209000037,0,0,0
209000038,0,0,0
209000039,0,0,0
209000040,9,142,-133
209000041,12,118,-106
209000042,29,83,-54
209000043,21,63,-42
209000044,49,73,-24
209000045,57,180,-123
209000046,53,249,-196
209000047,53,120,-67
209000048,27,134,-107
209000049,95,188,-93
209000050,150,254,-104
209000051,150,215,-65
209000052,47,183,-136
209000062,3,76,-73
209000063,14,81,-67
209000064,10,98,-88
209000065,0,0,0
209000066,0,0,0
209000067,0,0,0
209000080,13,78,-65
209000082,0,0,0
209000091,3,47,-44
209000093,24,29,-5
209000094,238,123,115
209000110,0,0,0
209000111,19,79,-60
209000112,21,17,4
209000113,32,16,16
209000114,0,1,-1
209000115,46,75,-29
209000116,670,338,332
209000118,0,0,0
209000119,9,21,-12
209000121,54,214,-160
209000135,0,0,0
209000142,104,33,71
209000143,21,33,-12
209000144,0,0,0
209000229,30,122,-92
209000240,7,141,-134
209000259,81,122,-41
209000260,3,239,-236
209000261,0,50,-50
209000262,0,37,-37
209000263,1,17,-16
209000264,0,5,-5
209000265,0,0,0
209000266,0,0,0
209000267,0,0,0
209000268,0,0,0
210000037,0,0,0
210000047,0,0,0
210000048,0,0,0
210000049,0,0,0
210000052,3,24,-21
210000053,1,22,-21
210000054,13,14,-1
210000070,0,0,0
210000071,0,0,0
210000072,0,0,0
210000073,1,11,-10
210000074,0,101,-101
210000075,3,34,-31
210000076,1,63,-62
210000077,14,42,-28
210000078,6,24,-18
210000079,0,0,0
210000080,0,0,0
210000081,0,0,0
210000082,0,0,0
210000083,0,0,0
210000084,0,0,0
210000085,2,34,-32
210000086,1,67,-66
210000099,19,149,-130
210000100,24,91,-67
210000101,51,157,-106
210000105,5,27,-22
210000159,0,23,-23
210000163,38,72,-34
210000164,0,0,0
210000168,0,0,0
210000187,0,10,-10
210000188,0,14,-14
210000214,0,0,0
210000219,0,0,0
210000220,0,0,0
210000232,1,7,-6
210000233,0,11,-11
210000234,3,12,-9
210000235,0,19,-19
210000245,0,18,-18
210000246,0,2,-2
210000258,1,33,-32
210000259,0,0,0
210000282,8,100,-92
210000285,0,39,-39
210000286,0,51,-51
210000290,0,0,0
210000295,6,15,-9
210000296,2,10,-8
210000320,0,0,0
210000321,0,0,0
210000338,10,26,-16
210000339,220,278,-58
210000340,40,92,-52
210000341,44,84,-40
210000342,50,103,-53
210000343,44,157,-113
210000344,39,58,-19
210000345,44,113,-69
210000346,3,62,-59
210000347,3,26,-23
210000348,14,6,8
210000349,7,17,-10
210000350,64,86,-22
210000351,74,77,-3
210000352,0,0,0
210000353,0,0,0
210000354,0,0,0
210000355,0,0,0
210000356,0,0,0
210000357,0,0,0
210000358,0,0,0
210000359,0,0,0
210000360,0,0,0
210000361,0,0,0
210000362,0,0,0
210000363,0,0,0
210000364,0,0,0
210000365,0,0,0
210000366,0,0,0
210000367,0,0,0
210000368,0,0,0
210000369,0,0,0
210000370,0,0,0
210000372,0,0,0
210000373,0,0,0
210000374,0,0,0
210000375,0,0,0
210000376,0,0,0
210000404,62,72,-10
210000439,0,0,0
210000472,0,0,0
210000482,0,0,0
210000564,0,0,0
210000567,0,0,0
210000568,0,0,0
211000092,0,0,0
211000094,0,0,0
211000169,0,0,0
211000172,0,0,0
211000209,0,0,0
211000226,0,0,0
211000270,0,0,0
211000275,0,0,0
211000276,0,0,0
211000279,0,0,0
211000281,0,0,0
211507980,0,0,0
211977296,0,0,0
212000003,0,0,0
212000004,0,6,-6
212000005,10,7,3
212000006,6,18,-12
212000008,27,45,-18
212000009,7,29,-22
212000012,30,49,-19
212000013,18,39,-21
212000014,92,80,12
212000015,104,94,10
212000016,311,376,-65
212000027,3,0,3
212000028,0,0,0
212000029,0,0,0
212000030,0,0,0
212000031,0,0,0
212000048,3,17,-14
212000049,7,6,1
212000050,6,3,3
212000051,44,100,-56
212000052,42,103,-61
212000053,165,137,28
212000054,6,4,2
212000055,1,0,1
212000056,0,0,0
212000057,0,0,0
212000058,0,0,0
212000070,18,61,-43
212000077,45,246,-201
212000099,1,10,-9
212000108,0,0,0
212000111,0,0,0
212000120,20,20,0
212000138,30,30,0
212000156,2,38,-36
212000158,0,0,0
212000159,7,1,6
212000160,9,9,0
212000161,0,0,0
212000310,3,11,-8
212000311,0,0,0
212000374,3,10,-7
213000001,0,0,0
213000005,0,0,0
213000006,0,0,0
213000007,0,0,0
213000009,0,0,0
213000010,0,0,0
213000011,0,0,0
213000012,0,4,-4
213000014,0,0,0
213000015,0,0,0
213000016,0,0,0
213000017,0,0,0
213000018,0,0,0
213000019,0,0,0
213000020,0,0,0
213000021,0,0,0
213000023,0,0,0
213000033,3,48,-45
213000034,0,0,0
213000035,0,0,0
213000045,0,0,0
213000046,0,0,0
213000047,0,0,0
213000056,0,0,0
213000069,0,0,0
213000073,0,0,0
213000074,0,27,-27
213000075,0,0,0
213000076,0,0,0
213000085,0,9,-9
213000086,1,84,-83
213000091,0,0,0
213000092,0,0,0
213000099,3,3,0
213000100,0,0,0
213000101,0,0,0
213000102,0,0,0
213000103,0,0,0
213000104,0,0,0
213000105,0,2,-2
213000106,1,5,-4
213000107,16,18,-2
213000108,0,1,-1
213000109,0,0,0
213000110,0,1,-1
213000111,0,0,0
213000112,0,0,0
213000115,0,0,0
213000116,0,0,0
213000117,0,0,0
213000118,65,15,50
213000119,3,102,-99
213000120,6,59,-53
213000122,31,49,-18
213000123,104,123,-19
213000124,3,105,-102
213000125,0,0,0
213000126,0,0,0
213000127,0,0,0
213000128,0,0,0
213000129,0,0,0
213000130,0,0,0
213000132,0,0,0
213000133,0,0,0
213000134,0,0,0
213000136,0,0,0
213000137,0,0,0
213000139,0,0,0
213000147,0,0,0
213000148,0,0,0
213000149,0,0,0
213000150,0,6,-6
213000151,0,4,-4
213000152,0,7,-7
213000153,0,1,-1
213000154,2,33,-31
213000155,5,45,-40
213000156,8,42,-34
213000157,72,60,12
213000158,11,54,-43
213000159,0,0,0
213000163,0,0,0
213000165,0,0,0
213000171,1,14,-13
213000172,0,21,-21
213000173,0,11,-11
213000174,0,13,-13
213000175,2,9,-7
213000176,0,0,0
213000177,0,0,0
213000178,0,0,0
213000179,0,0,0
213000180,0,0,0
213000184,0,0,0
213000188,0,0,0
213000189,0,0,0
213000190,5,141,-136
213000191,1,93,-92
213000192,4,92,-88
213000193,119,5,114
213000194,0,2,-2
213000195,1,35,-34
213000196,1,105,-104
213000197,0,0,0
213000198,0,0,0
213000200,19,23,-4
213000201,0,0,0
213000202,0,81,-81
213000203,0,0,0
213000204,0,0,0
213000205,0,0,0
213000206,0,0,0
213000207,0,0,0
213000208,0,0,0
213000209,0,0,0
213000210,0,0,0
213000211,0,0,0
213000212,0,3,-3
213000213,0,1,-1
213000218,2,55,-53
213000219,0,0,0
213000220,0,0,0
213000223,0,0,0
213000224,0,0,0
213000225,0,0,0
213000226,0,0,0
213000227,0,0,0
213000228,0,0,0
213000229,0,0,0
213000230,0,0,0
213000232,1,23,-22
213000233,0,3,-3
213000234,0,7,-7
213000293,1,4,-3
213000294,0,0,0
213000295,1,5,-4
213000296,0,0,0
213000297,1,11,-10
213000298,2,8,-6
213000299,0,0,0
213000300,0,0,0
213000303,2,5,-3
213000304,0,1,-1
213000305,0,0,0
213000306,0,2,-2
213000307,0,0,0
213000308,5,8,-3
213000309,0,0,0
213000310,0,0,0
213000311,0,0,0
213000315,2,3,-1
213000316,0,0,0
213000322,0,0,0
213000323,0,0,0
213000324,0,0,0
213000325,0,0,0
213000326,0,0,0
213000327,0,0,0
213000328,0,0,0
213000329,0,0,0
213000340,11,102,-91
213000341,0,0,0
213000346,0,0,0
213000347,0,0,0
213000348,0,0,0
213000349,0,0,0
213000350,0,0,0
213000366,1,11,-10
213000367,0,0,0
213000379,0,0,0
213000386,0,21,-21
213000406,5,49,-44
213000417,0,0,0
213000425,0,0,0
213000426,0,0,0
213000427,0,0,0
213000428,0,0,0
213000429,0,0,0
213000430,0,0,0
213000431,0,0,0
213000432,0,0,0
213000433,0,0,0
213000434,0,0,0
213000435,0,0,0
213000436,0,0,0
213000437,0,0,0
213000438,0,0,0
213000439,0,0,0
213000440,0,0,0
213000441,0,0,0
213000442,0,0,0
213000443,0,0,0
213000444,0,0,0
213000445,0,0,0
213000446,0,0,0
213000447,0,0,0
213000448,0,0,0
213000449,0,0,0
213000450,0,0,0
213000451,0,0,0
213000452,0,0,0
213000453,1,37,-36
213000455,0,0,0
213000456,0,6,-6
213000481,0,0,0
213000482,0,0,0
213000489,0,0,0
213000491,1,9,-8
213000492,0,0,0
213000493,0,11,-11
213000494,0,0,0
213000495,0,0,0
213000496,0,0,0
213000497,0,3,-3
213000498,0,1,-1
213000499,0,2,-2
213000500,0,0,0
213000501,0,0,0
213000502,0,0,0
213000503,0,0,0
213000504,0,1,-1
213000505,0,1,-1
213000506,0,8,-8
213000507,0,0,0
213900016,0,0,0
213900244,0,0,0
213900245,0,10,-10
218000003,0,1,-1
218000004,1,3,-2
218000005,0,0,0
218000006,5,32,-27
218000007,0,23,-23
218000012,10,16,-6
218000013,54,138,-84
218000014,288,235,53
218000019,481,252,229
218000020,183,263,-80
218000021,49,110,-61
218000022,42,63,-21
218000023,7,46,-39
218000024,2,34,-32
218000025,42,63,-21
218000026,15,97,-82
218000027,3,32,-29
218000028,5,29,-24
218000029,2,23,-21
218000030,58,56,2
218000031,5,104,-99
218000032,0,43,-43
218000040,0,0,0
218000046,0,0,0
218000047,0,0,0
218000048,0,0,0
218000049,0,0,0
218000050,0,0,0
218000051,0,0,0
218000052,0,0,0
218000053,0,0,0
218000054,0,0,0
218000055,0,0,0
218000056,0,0,0
218000057,0,0,0
218000064,0,0,0
218000065,0,0,0
218000066,0,0,0
218000067,7,120,-113
218000068,19,96,-77
218000069,30,225,-195
218000070,28,182,-154
218000071,116,124,-8
218000072,310,139,171
218000078,181,431,-250
218000079,6,22,-16
218000080,26,23,3
218000081,16,27,-11
218000082,0,4,-4
218000083,12,47,-35
218000084,49,117,-68
218000085,151,304,-153
218000086,18,139,-121
218000087,71,181,-110
218000090,6,41,-35
218000091,241,217,24
218000092,65,237,-172
218000093,148,84,64
218000094,301,403,-102
218000099,223,337,-114
218000100,127,243,-116
218000101,47,125,-78
218000102,103,123,-20
218000103,34,70,-36
218000104,6,22,-16
218000105,5,5,0
218000106,2,14,-12
218000107,3,74,-71
218000108,0,41,-41
218000112,18,9,9
218000117,0,0,0
218000134,110,310,-200
218000135,14,18,-4
218000136,40,38,2
218000137,41,80,-39
218000138,2,17,-15
218000139,16,89,-73
218000140,9,17,-8
218000141,1,4,-3
218000142,11,19,-8
218000143,7,14,-7
218000144,1,3,-2
218000145,24,56,-32
218000146,16,33,-17
218000151,1,28,-27
218000152,13,11,2
218000153,3,4,-1
218000154,3,1,2
218000155,4,11,-7
218000156,115,24,91
218000157,8,24,-16
218000158,0,12,-12
218000159,20,4,16
218000160,4,5,-1
218000161,17,6,11
218000162,26,12,14
218000163,4,3,1
218000164,46,7,39
218000165,49,15,34
218000170,0,1,-1
218000171,0,0,0
218000172,0,1,-1
218000173,0,0,0
218000174,0,3,-3
218000176,0,0,0
218000177,6,0,6
218000178,0,2,-2
218000179,0,1,-1
218000180,0,0,0
218000181,0,0,0
218000187,2,5,-3
218000188,6,8,-2
218000189,4,17,-13
218000190,7,8,-1
218000191,39,49,-10
218000192,53,188,-135
218000193,159,273,-114
218000194,15,214,-199
218000195,46,47,-1
218000196,62,131,-69
218000197,42,123,-81
218000198,0,38,-38
218000199,1,9,-8
218000200,5,14,-9
218000201,1,1,0
218000202,17,46,-29
218000207,1,23,-22
218000208,16,5,11
218000211,3,25,-22
218000212,2,14,-12
218000213,20,49,-29
218000214,1,18,-17
218000215,23,88,-65
218000217,2,73,-71
218000218,132,164,-32
218000219,0,0,0
218000220,44,74,-30
218000221,37,84,-47
218000222,2,9,-7
218000223,109,29,80
218000224,5,15,-10
218000225,63,15,48
218000226,36,17,19
218000230,0,3,-3
218000232,16,14,2
218000239,0,0,0
218000240,0,0,0
218000241,0,0,0
218000242,0,0,0
218000243,0,0,0
218000244,0,0,0
218000245,0,0,0
218000246,0,0,0
218000247,0,0,0
218000248,0,0,0
218000249,0,0,0
218000250,0,0,0
218000251,0,0,0
218000252,0,0,0
218000253,0,0,0
218000254,0,0,0
218000255,0,0,0
218000256,0,0,0
218000267,15,358,-343
218000268,3,23,-20
218000269,0,20,-20
218000270,73,72,1
218000271,113,110,3
218000273,0,0,0
218000274,0,0,0
218000275,2,16,-14
218000276,2,30,-28
218000278,37,77,-40
218000279,7,80,-73
218000280,0,19,-19
218000281,4,22,-18
218000282,27,58,-31
218000284,0,0,0
218000301,15,60,-45
218000302,6,8,-2
218000303,4,20,-16
218000316,135,82,53
218000317,67,100,-33
218000318,24,87,-63
218000319,282,606,-324
218000320,170,494,-324
218000338,2,9,-7
218000345,0,5,-5
218000346,0,0,0
218000459,46,181,-135
218000490,6,10,-4
218000501,0,0,0
218000502,6,39,-33
218000503,0,0,0
218000504,0,0,0
218000505,12,64,-52
218000506,34,88,-54
218000508,0,4,-4
218000510,0,0,0
218000520,3,5,-2
218000521,0,0,0
218000522,0,20,-20
218000523,0,0,0
218000524,2,21,-19
218000525,0,0,0
218000526,5,14,-9
218000529,0,0,0
218000530,10,4,6
218000531,0,0,0
218000532,4,16,-12
218000534,0,0,0
218000537,0,0,0
218000538,16,24,-8
218000540,171,80,91
218000543,74,77,-3
218000544,64,155,-91
218000545,14,30,-16
218000546,11,61,-50
218000547,29,33,-4
218000548,36,53,-17
218000549,70,44,26
218000550,90,170,-80
218000551,111,85,26
218000552,70,26,44
218000553,0,21,-21
218000554,3,6,-3
218000555,0,0,0
218000556,248,266,-18
218000557,4,0,4
218000558,0,0,0
218000559,0,0,0
218000560,0,0,0
218000561,0,0,0
218000562,5,47,-42
218000563,0,0,0
218000564,1,13,-12
218000565,0,0,0
218000566,0,0,0
218000567,0,0,0
218000568,0,0,0
218000569,2,9,-7
218000570,0,0,0
218000571,0,0,0
218000572,0,0,0
218000573,0,2,-2
218000574,0,0,0
218000575,0,0,0
218000576,0,0,0
218000577,0,0,0
218000578,0,2,-2
218000579,0,0,0
218000581,0,1,-1
218000582,0,0,0
218000583,0,0,0
218000584,0,2,-2
218000585,0,0,0
218000586,0,0,0
218000587,0,0,0
218000588,0,0,0
218000589,0,0,0
218000590,0,0,0
218000591,0,0,0
218000592,0,0,0
218000593,0,0,0
218000594,0,0,0
218000597,0,0,0
218000598,0,0,0
218000599,0,0,0
218000600,0,0,0
218000601,0,0,0
218000602,0,0,0
218000603,0,1,-1
218000604,0,0,0
218000605,0,3,-3
218000606,0,0,0
218000607,0,0,0
218000608,0,0,0
218000609,0,0,0
218000610,0,0,0
218000611,0,0,0
218000612,0,0,0
218000613,0,0,0
218000614,0,0,0
218000615,0,0,0
218000616,0,1,-1
218000617,0,0,0
218000618,0,0,0
218000619,0,0,0
218000620,0,0,0
218000621,0,0,0
218000622,0,0,0
218000623,0,0,0
218000624,0,0,0
218000625,0,0,0
218000626,0,0,0
218000628,12,12,0
218000631,0,0,0
218000632,0,0,0
218000633,0,0,0
218000634,0,4,-4
218000635,1,11,-10
218000636,248,554,-306
218000637,60,67,-7
218000638,0,0,0
218000639,3,82,-79
218000640,0,0,0
218000641,1,51,-50
218000652,49,89,-40
218000653,80,59,21
218000663,0,0,0
218000675,0,0,0
218000676,1,52,-51
218000677,4,8,-4
218000680,0,0,0
218000681,0,0,0
218000691,0,0,0
218000693,0,0,0
218000703,31,120,-89
218000718,31,68,-37
218000719,8,21,-13
218000720,0,5,-5
218000721,0,0,0
218000725,4,20,-16
218001147,2,30,-28
218001214,0,8,-8
218001258,0,0,0
218001329,0,0,0
218001330,0,0,0
218001351,0,0,0
218001352,0,0,0
218001353,0,0,0
218001354,0,0,0
218001355,9,77,-68
218001356,0,6,-6
218001357,2,30,-28
218001358,0,0,0
218001361,0,2,-2
218001362,7,56,-49
219000001,20,81,-61
219000002,65,108,-43
219000003,15,1,14
219000004,7,4,3
219000017,15,23,-8
219000020,0,0,0
219000022,0,0,0
219000023,0,0,0
219000029,2,63,-61
219000034,0,0,0
219000039,2,26,-24
219000040,4,25,-21
219000041,23,37,-14
219000051,2,136,-134
219000052,0,29,-29
219000053,3,125,-122
219000054,5,46,-41
219000055,4,0,4
219000056,0,0,0
219000057,2,0,2
219000062,1,60,-59
219000063,18,16,2
219000064,0,18,-18
219000110,0,0,0
219000111,0,0,0
219000112,0,0,0
219000113,0,0,0
219000114,0,0,0
219000116,22,22,0
219000117,79,44,35
219000118,13,33,-20
219000123,98,105,-7
219000124,60,121,-61
219000125,4,42,-38
219000126,50,75,-25
219000127,0,17,-17
219000128,16,241,-225
219000129,37,313,-276
219000130,1947,1200,747
219000131,750,630,120
219000133,4,13,-9
219000134,2,4,-2
219000135,25,5,20
219000136,25,60,-35
219000138,5,28,-23
219000139,2,51,-49
219000140,0,0,0
219000141,2,74,-72
219000142,1,45,-44
219000143,6,57,-51
219000145,0,5,-5
219000146,5,134,-129
219000147,1,17,-16
219000148,1,13,-12
219000149,11,158,-147
219000150,9,90,-81
219000151,5,181,-176
219000157,44,21,23
219000158,58,142,-84
219000161,65,51,14
219000163,252,74,178
219000166,38,124,-86
219000167,36,148,-112
219000168,0,0,0
219000174,0,0,0
219000175,0,0,0
219000176,0,0,0
219000177,0,0,0
219000178,0,0,0
219000179,0,0,0
219000180,14,26,-12
219000182,0,0,0
219000183,0,19,-19
219000184,0,0,0
219000185,1,118,-117
219000186,0,12,-12
219000187,1,92,-91
219000189,117,333,-216
219000190,271,314,-43
219000191,1154,826,328
219000192,145,217,-72
219000193,398,689,-291
219000195,0,60,-60
219000196,8,60,-52
219000198,11,90,-79
219000199,41,109,-68
219000200,20,103,-83
219000201,57,131,-74
219000203,12,151,-139
219000204,34,170,-136
219000205,46,125,-79
219000207,113,116,-3
219000209,33,45,-12
219000210,23,34,-11
219000213,13,105,-92
219000239,0,0,0
219000240,4,77,-73
219000241,21,41,-20
219000242,21,49,-28
219000243,41,70,-29
219000244,5,13,-8
219000245,7,8,-1
219000246,0,0,0
219000247,0,0,0
219000248,0,0,0
219000249,0,0,0
219000250,0,0,0
219000251,0,0,0
219000252,0,0,0
219000253,0,0,0
219000255,0,0,0
219000256,0,0,0
219000257,0,0,0
219000262,33,186,-153
219000263,29,60,-31
219000267,3,169,-166
219000268,13,33,-20
219000269,0,0,0
219000270,0,0,0
219000271,11,0,11
219000278,0,12,-12
219000279,0,11,-11
219000283,0,8,-8
219000295,3,43,-40
219000296,15,223,-208
219000297,1,91,-90
219000298,3,119,-116
219000299,0,0,0
219000300,8,151,-143
219000301,15,166,-151
219000302,8,120,-112
219000307,20,76,-56
219000308,19,15,4
219000311,0,0,0
219000312,0,0,0
219000313,0,0,0
219000314,63,221,-158
219000315,0,0,0
219000316,0,0,0
219000317,0,0,0
219000320,0,40,-40
219000321,1,6,-5
219000323,0,27,-27
219000325,1,63,-62
219000326,35,135,-100
219000327,34,15,19
219000328,14,24,-10
219000329,355,206,149
219000330,7,38,-31
219000331,12,18,-6
219000332,0,0,0
219000333,0,0,0
219000335,0,0,0
219000337,0,0,0
219000338,0,0,0
219000344,76,98,-22
219000345,89,155,-66
219000346,20,149,-129
219000348,48,100,-52
219000349,23,125,-102
219000350,38,72,-34
219000351,1,3,-2
219000352,0,0,0
219000353,10,14,-4
219000354,28,46,-18
219000355,0,0,0
219000356,687,291,396
219000363,171,45,126
219000364,64,26,38
219000365,36,1,35
219000366,276,71,205
219000368,0,0,0
219000370,193,154,39
219000371,9,21,-12
219000382,3,18,-15
219000383,512,503,9
219000385,348,404,-56
219000386,450,807,-357
219000387,0,1,-1
219000390,0,0,0
219000391,0,0,0
219000397,83,100,-17
219000398,29,11,18
219000401,0,0,0
219000402,0,0,0
219000403,0,0,0
219000404,0,0,0
219000407,1,12,-11
219000409,0,0,0
219000410,0,0,0
219000411,0,0,0
219000446,162,317,-155
219000447,6,38,-32
219000448,0,0,0
219000452,0,0,0
219000453,9,15,-6
219000454,101,68,33
219000556,0,0,0
219000558,20,80,-60
219000590,2,37,-35
219000591,0,0,0
219000592,40,238,-198
219000595,0,10,-10
219000635,0,0,0
219000636,8,65,-57
219000657,0,0,0
219000658,6,42,-36
219000673,0,50,-50
219000676,0,7,-7
219000679,2,74,-72
219000684,4,0,4
219000685,1,48,-47
219000686,1,1,0
219000688,0,227,-227
219000689,0,0,0
219000690,0,0,0
219000691,0,0,0
219000692,2,23,-21
219000693,0,13,-13
219000694,0,0,0
219000695,0,0,0
219000698,0,0,0
219000699,0,18,-18
219000727,3,125,-122
219000728,6,0,6
219000770,0,0,0
219000771,0,21,-21
219000788,67,53,14
219001150,1,0,1
219001151,1,14,-13
219001166,0,0,0
219001167,0,0,0
219001178,0,7,-7
220000001,1,3,-2
220000002,3,67,-64
220000003,156,144,12
220000004,207,233,-26
220000005,959,762,197
220000006,65,324,-259
220000007,208,459,-251
220000008,88,426,-338
220000009,126,203,-77
220000010,4,16,-12
220000011,49,47,2
220000012,2,8,-6
220000014,0,4,-4
220000015,0,0,0
220000017,1,4,-3
220000018,5,1,4
220000019,0,1,-1
220000020,12,23,-11
220000021,14,16,-2
220000022,29,75,-46
220000023,7,19,-12
220000024,73,32,41
220000025,20,42,-22
220000026,14,9,5
220000027,0,2,-2
220000028,0,5,-5
220000029,24,116,-92
220000030,29,52,-23
220000031,2,2,0
220000064,0,0,0
221000046,0,1,-1
221000047,0,1,-1
221000048,0,0,0
221000049,1,8,-7
221000050,0,0,0
221000055,18,56,-38
221000057,0,0,0
221000068,0,0,0
221000069,0,0,0
221000070,0,0,0
221000071,0,0,0
221000072,0,0,0
221000073,0,23,-23
221000074,0,13,-13
221000075,1,30,-29
221000076,8,55,-47
221000077,18,88,-70
221000081,0,0,0
221000082,0,0,0
221000083,0,0,0
221000084,0,0,0
221000085,4,41,-37
221000086,10,100,-90
221000087,1,96,-95
221000088,25,79,-54
221000089,35,114,-79
221000090,221,244,-23
221000098,0,0,0
221000099,0,0,0
221000100,0,0,0
221000101,0,0,0
221000102,0,0,0
221000109,3,85,-82
221000110,6,163,-157
221000111,9,120,-111
221000112,1,80,-79
221000113,6,110,-104
221000114,10,96,-86
221000120,0,0,0
221000121,0,0,0
221000122,0,0,0
221000123,0,0,0
221000124,0,0,0
221000155,0,0,0
221000156,0,0,0
221000175,0,0,0
221000176,0,0,0
221000182,0,0,0
221000241,0,0,0
221000242,236,438,-202
221000243,0,0,0
221000244,45,285,-240
221000245,0,0,0
221000246,7,151,-144
221000247,0,0,0
221000248,24,113,-89
221000267,0,0,0
221000325,0,0,0
221000331,0,0,0
221000338,0,0,0
221000378,0,0,0
221000381,0,0,0
222000282,0,0,0
222000296,0,0,0
222000568,0,0,0
222000569,0,0,0
222000570,0,0,0
222000571,0,0,0
222000577,0,0,0
222000578,0,0,0
222000579,0,0,0
222000580,0,0,0
222000599,0,0,0
222000600,0,0,0
222000601,0,0,0
222000603,0,0,0
222000604,0,0,0
222000605,0,0,0
222000606,0,0,0
222000607,0,0,0
222000608,0,0,0
222000609,0,0,0
222000616,0,0,0
222000617,0,0,0
222000618,0,0,0
222000620,0,0,0
222000621,0,0,0
222000623,0,0,0
222000624,0,0,0
222000625,0,0,0
222000636,0,0,0
222000686,0,0,0
222000687,0,0,0
222001066,0,0,0
222001067,0,0,0
222001068,0,0,0
222001069,0,0,0
222001082,0,0,0
222001083,0,0,0
222001084,0,0,0
222001085,0,0,0
222001111,0,0,0
222001112,0,0,0
222001313,0,0,0
222001314,0,0,0
222001464,0,0,0
222001465,0,0,0
222001484,0,0,0
222001485,0,0,0
222001494,0,0,0
222001495,0,0,0
222001496,0,0,0
222001497,0,0,0
222001502,0,0,0
222001503,0,0,0
222001504,0,1,-1
222001505,0,0,0
222001506,0,2,-2
222001507,0,0,0
222001510,0,0,0
222001511,0,0,0
222001514,0,0,0
222001515,0,0,0
222001518,0,0,0
222001519,0,0,0
222001527,0,0,0
222001528,0,0,0
222001529,0,0,0
222001530,0,0,0
222001533,0,0,0
222001534,0,0,0
222001535,0,0,0
222001536,0,0,0
222001537,0,0,0
222001538,0,0,0
222001563,0,0,0
222001564,0,0,0
222001568,0,1,-1
222001576,0,0,0
222001579,0,0,0
222001583,0,0,0
222001584,0,0,0
222001596,0,0,0
222001597,0,0,0
222001626,0,0,0
222001650,0,0,0
222001651,0,0,0
222001914,0,0,0
222001915,0,0,0
222001968,0,0,0
222001969,0,0,0
222001970,0,0,0
222001971,0,0,0
222001972,0,0,0
225000001,0,0,0
225000002,0,0,0
225000003,0,0,0
225000004,0,0,0
225000005,0,0,0
225000006,1,93,-92
225000007,540,309,231
225000010,0,0,0
225000011,0,0,0
225000012,0,0,0
225000013,0,0,0
225000014,0,0,0
225000015,35,46,-11
225000021,0,0,0
225000027,64,249,-185
225000032,0,0,0
225000042,21,316,-295
225000049,10,16,-6
225000050,0,0,0
225000053,1,163,-162
225000058,0,0,0
225000067,20,67,-47
225000068,7,110,-103
225000069,10,104,-94
225000070,28,95,-67
225000071,10,58,-48
225000075,19,258,-239
225000076,20,74,-54
225000078,0,0,0
225000085,0,0,0
225000086,0,0,0
225000087,0,0,0
225000088,1,26,-25
225000089,589,163,426
225000090,3,31,-28
225000091,6,33,-27
225000092,3,32,-29
225000093,15,89,-74
225000094,7,93,-86
225000095,98,164,-66
225000096,31,127,-96
225000098,0,0,0
225000099,0,0,0
225000100,0,0,0
225000104,4,120,-116
225000110,3,153,-150
225000111,46,322,-276
225000112,33,334,-301
225000113,13,138,-125
225000114,14,60,-46
225000115,422,143,279
225000116,0,0,0
225000117,0,0,0
225000118,0,0,0
225000119,0,0,0
225000120,0,0,0
225000121,0,0,0
225000123,0,0,0
225000125,0,0,0
225000126,0,0,0
225000127,0,0,0
225000128,0,0,0
225000132,0,0,0
225000133,0,0,0
225000134,0,0,0
225000135,0,0,0
225000136,0,0,0
225000137,0,0,0
225000138,0,0,0
225000143,7,107,-100
225000144,2,215,-213
225000145,0,0,0
225000146,5,62,-57
225000147,7,131,-124
225000148,0,95,-95
225000149,132,289,-157
225000151,31,89,-58
225000155,62,82,-20
225000156,23,176,-153
225000157,16,120,-104
225000158,15,170,-155
225000171,2,81,-79
225000180,0,1,-1
225000181,0,16,-16
225000182,0,0,0
225000185,3,101,-98
225000187,23,144,-121
225000191,0,2,-2
225000194,0,76,-76
225000208,0,8,-8
225000209,0,0,0
225000210,5,80,-75
225000217,0,23,-23
225000218,0,0,0
225000223,0,49,-49
225000224,0,0,0
225000225,0,5,-5
225000226,0,0,0
225000227,53,38,15
225000228,0,0,0
225000229,0,52,-52
225000230,0,0,0
225000231,0,89,-89
225000232,0,0,0
225000241,0,0,0
225000242,5,125,-120
225000249,0,0,0
225000250,49,376,-327
225000251,0,0,0
225000254,0,0,0
225000256,0,0,0
225000257,0,4,-4
226000042,64,206,-142
226000043,6,128,-122
226000044,60,300,-240
226000045,26,169,-143
226000046,0,0,0
226000047,0,0,0
226000048,0,0,0
226000049,0,0,0
226000070,1,47,-46
226000071,0,23,-23
226000072,0,6,-6
226000073,0,6,-6
226000074,0,7,-7
226000084,2,32,-30
226000085,1,5,-4
226000086,1,3,-2
226000087,0,3,-3
226000088,1,4,-3
226000090,0,0,0
226000091,0,0,0
226000092,0,0,0
226000093,0,0,0
226000094,0,0,0
226000095,0,0,0
226000105,0,0,0
226000106,0,0,0
226000107,0,0,0
226000108,0,0,0
226000109,0,1,-1
226000124,0,0,0
226000134,0,0,0
226000135,0,0,0
226000136,0,0,0
226000137,9,167,-158
226000138,2,136,-134
226000139,0,12,-12
226000156,0,0,0
226000157,0,0,0
226000163,6,18,-12
226000202,1,187,-186
226000231,0,0,0
226000232,0,0,0
227000033,0,0,0
227000036,0,0,0
227000037,0,0,0
227000038,0,0,0
227000084,0,23,-23
227000085,0,14,-14
227000088,0,0,0
227000089,0,0,0
227000090,0,0,0
227000091,0,0,0
227000092,0,0,0
227000093,0,0,0
227000094,0,0,0
227000130,2,67,-65
227000131,3,220,-217
227000132,6,247,-241
227000133,10,227,-217
227000134,11,229,-218
227000152,0,2,-2
227000153,0,37,-37
227000154,0,16,-16
227000155,0,11,-11
227000156,0,7,-7
227000165,1,29,-28
227000196,21,60,-39
227000199,5,129,-124
227000230,13,107,-94
227000232,0,0,0
227000242,57,269,-212
227000243,0,0,0
227000245,57,384,-327
227000246,45,439,-394
227000247,0,0,0
227000248,0,0,0
227000249,9,194,-185
227000250,0,0,0
227000251,114,362,-248
227000252,20,399,-379
227000253,0,0,0
227000262,0,0,0
227000266,0,0,0
227000267,17,518,-501
227000282,30,65,-35
227000284,0,0,0
227000286,24,25,-1
227000287,18,61,-43
227000291,43,147,-104
227000296,0,0,0
227000484,0,0,0
227000485,38,277,-239
227000655,0,0,0
227000656,0,0,0
227000657,0,0,0
227000661,0,0,0
227000680,0,0,0
229000265,0,5,-5
229000296,0,1,-1
229000297,4,6,-2
229000298,3,8,-5
229000320,0,0,0
229000321,0,0,0
229000412,0,6,-6
229000414,1,1,0
229000415,0,0,0
229000416,0,1,-1
229000417,0,1,-1
229000419,7,10,-3
229000440,0,0,0
229000442,0,0,0
229000443,0,0,0
229000444,0,3,-3
229000445,0,0,0
229000446,0,0,0
229000491,12,33,-21
229000492,39,133,-94
229000493,7,80,-73
229000494,12,7,5
229000495,49,29,20
229000496,10,34,-24
229000507,5,51,-46
229000508,16,41,-25
229000509,0,125,-125
229000510,2,70,-68
229000511,3,73,-70
229000512,0,42,-42
229000513,0,5,-5
229000514,1,12,-11
229000517,7,11,-4
229000518,15,29,-14
229000519,2,12,-10
229000520,25,58,-33
229000521,36,6,30
229000522,5,1,4
229000523,1,10,-9
229000524,2,8,-6
229000527,2,1,1
229000528,0,1,-1
229000529,2,1,1
229000530,18,8,10
229000531,6,3,3
229000532,8,1,7
229000533,46,23,23
229000534,10,5,5
229000564,0,0,0
229000565,0,0,0
229000566,2,45,-43
229000567,8,133,-125
229000582,6,2,4
229000583,0,0,0
229000584,1,58,-57
229000585,41,109,-68
229000718,0,4,-4
229000719,0,1,-1
229000720,1,25,-24
229000721,0,19,-19
229000722,0,40,-40
229000723,0,16,-16
229000724,0,2,-2
229000725,0,9,-9
229000738,0,0,0
229000739,0,0,0
229000740,0,0,0
229000741,0,0,0
229000742,0,0,0
229000743,0,0,0
229000744,0,0,0
229000745,0,0,0
229000746,0,3,-3
229000847,16,1,15
229000848,26,0,26
229000849,255,5,250
229000851,14,2,12
229000854,0,46,-46
229000856,8,124,-116
229000857,0,29,-29
229000858,2,59,-57
229000919,6,209,-203
229000930,1,129,-128
229000937,0,0,0
229000966,3,1,2
229000981,25,92,-67
229000985,0,1,-1
229000986,0,0,0
229000987,0,0,0
229000988,0,0,0
229000989,0,0,0
229000990,0,0,0
229000991,0,0,0
229000992,0,0,0
229000993,0,0,0
229000998,3,6,-3
229000999,0,0,0
229001034,0,2,-2
229001035,0,0,0
229001037,0,2,-2
229001042,0,0,0
229001047,1,4,-3
229001050,0,13,-13
229001168,0,29,-29
229001200,0,0,0
229001338,0,2,-2
229001394,0,0,0
229001422,0,0,0
229001423,29,160,-131
229001431,0,0,0
229001432,54,118,-64
229001444,0,0,0
229001445,1,9,-8
229001479,7,3,4
229001503,0,0,0
229001504,55,174,-119
229001505,0,0,0
229001506,57,252,-195
229001509,0,17,-17
229001545,0,0,0
229001546,17,79,-62
229001553,0,0,0
229001554,10,129,-119
229001559,0,0,0
229001560,0,0,0
229001630,0,0,0
229001631,1,8,-7
229001635,0,2,-2
229001636,0,0,0
229001658,0,58,-58
229001659,0,0,0
229001660,0,0,0
229001661,0,0,0
229001662,9,0,9
229001663,0,24,-24
229002584,0,0,0
229002831,9,4,5
229002841,0,0,0
229002842,0,0,0
229002843,0,0,0
229002844,0,3,-3
229002845,0,0,0
229002846,0,0,0
229002847,0,0,0
229002848,0,0,0
229002849,0,0,0
229002850,1,0,1
229002851,0,0,0
229002852,0,0,0
229002853,0,0,0
229002854,0,0,0
229002855,0,0,0
229002856,0,0,0
229002857,0,0,0
229002858,0,0,0
229002859,0,1,-1
229002860,0,0,0
229002861,0,0,0
229002862,0,0,0
229002863,1,3,-2
229002864,0,0,0
229002865,0,0,0
229002866,0,0,0
229002867,0,0,0
229002868,0,0,0
229002869,0,8,-8
229002870,0,0,0
235000066,0,0,0
235000067,0,0,0
235000072,15,124,-109
235000073,26,405,-379
235000074,14,47,-33
235000080,2,65,-63
235000081,10,44,-34
235000082,0,0,0
235000083,0,0,0
235000084,0,0,0
235000085,0,0,0
235000089,0,0,0
235000092,7,213,-206
235000093,4,0,4
235000097,0,0,0
235000098,0,0,0
235000099,0,0,0
235000116,0,0,0
235000117,1,4,-3
235000133,3,192,-189
235000134,1,58,-57
235000206,0,0,0
235000207,0,0,0
235000208,0,0,0
235000209,0,0,0
235000210,0,0,0
235000212,2,16,-14
235000213,1,10,-9
235000220,0,2,-2
235000221,9,10,-1
235000238,0,0,0
235000239,0,0,0
235000242,0,0,0
235000245,61,232,-171
235000246,4,100,-96
235000284,0,0,0
235000295,0,0,0
235000305,0,0,0
235000306,0,0,0
235000307,0,0,0
235000308,0,0,0
235000309,0,0,0
235000310,0,0,0
235000311,0,0,0
235000322,0,0,0
235000323,0,0,0
235000324,0,0,0
235000325,0,0,0
235000326,0,1,-1
235000351,0,2,-2
235000352,0,0,0
235000353,0,0,0
235000354,0,2,-2
235000355,0,0,0
235000356,0,0,0
235000357,0,0,0
235000358,0,0,0
235000359,0,0,0
235000360,0,0,0
235000361,0,0,0
235000381,38,76,-38
235000382,0,0,0
235000390,0,0,0
235000391,0,0,0
235000392,0,0,0
235000393,0,0,0
235000395,0,0,0
235000396,0,0,0
235000400,0,0,0
235000401,7,87,-80
235000405,43,139,-96
235000406,5,124,-119
235000407,26,138,-112
235000409,38,162,-124
235000410,15,228,-213
235000411,3,78,-75
235000485,0,16,-16
235000486,0,0,0
235000549,0,0,0
235000550,58,153,-95
235000599,67,72,-5
235000600,5,4,1
235000601,0,0,0
235000602,0,0,0
235000614,2,2,0
235000648,0,117,-117
235000649,0,0,0
235000685,0,1,-1
235000815,0,0,0
235000834,0,0,0
235000855,0,0,0
235000862,7,74,-67
235000891,0,5,-5
235000892,0,2,-2
235000901,68,90,-22
235000907,1,6,-5
235001010,0,0,0
235001029,347,375,-28
235001030,0,0,0
235001078,0,0,0
235001079,5,90,-85
235001147,0,0,0
235001166,0,0,0
235001167,8,33,-25
235001169,0,0,0
235001188,0,6,-6
235001189,0,0,0
235001197,3,16,-13
235001200,21,48,-27
235001207,0,0,0
235001210,3,37,-34
235001215,11,56,-45
235001239,0,48,-48
235001244,0,0,0
235016267,0,0,0
277101746,0,9,-9
277102712,0,2,-2
277103813,0,0,0
277103814,0,0,0
277103898,0,2,-2
277104249,0,0,0
277104250,0,0,0
277104251,0,0,0
277104252,0,0,0
990011530,0,18,-18
990014944,3,130,-127
990015176,0,0,0
990015618,0,1,-1
990016032,0,6,-6
990032570,3,15,-12
990070001,0,1,-1
990070103,0,1,-1
990070601,0,0,0
990070751,0,0,0
990070766,0,0,0
990071180,0,4,-4
990071343,0,0,0
990071387,0,2,-2
990071823,0,0,0
990072600,0,27,-27
990072964,1,49,-48
990073285,0,1,-1
990074393,1,17,-16
990074870,0,1,-1
990075106,0,0,0
990075746,0,1,-1
990076437,0,0,0
990076458,0,174,-174
997000007,0,0,0
997000041,0,4,-4
997000058,1,1,0
997000062,0,0,0
997000069,0,0,0
997000070,0,30,-30
997000100,0,0,0
997000141,0,0,0
997000198,0,0,0
998000475,0,0,0
998000736,0,0,0
998000965,0,1,-1
998001031,0,0,0
998001700,1,47,-46
998001899,0,0,0
998001900,18,0,18
998003073,0,0,0
998101900,0,27,-27
998102850,0,0,0
998501927,0,90,-90
998501929,0,0,0
998501930,0,0,0
998501931,8,2,6
998501932,24,0,24
998501933,0,0,0
998501937,0,1,-1
998501944,0,0,0
998501950,0,0,0
998501970,6,1,5
998501971,2,140,-138
998501973,0,0,0
998501974,1,38,-37
998501975,0,0,0
998501976,13,0,13
998501977,0,8,-8
998501978,0,0,0
998501979,0,0,0
998501980,0,0,0
998501981,0,0,0
998501982,0,18,-18
998501983,0,0,0
998502006,0,0,0
998502024,0,0,0
998502032,0,0,0
998502062,0,0,0
998502063,2,0,2
998502173,0,0,0
998502269,0,3,-3
998502546,0,0,0
998601159,0,0,0
998601292,0,0,0
999033574,1,53,-52
999800001,0,0,0
999800002,0,1,-1
999800003,0,0,0
999800004,0,7,-7
999800005,0,22,-22
