ID,insum,outsum,diff
100000001,0,0,0
100000002,1501,2530,-1029
100000003,3085,3796,-711
100000004,249,814,-565
100000005,1410,2182,-772
100000006,127,123,4
100000007,473,452,21
100000008,44,34,10
100000009,33,280,-247
100000010,1,73,-72
100000011,94,46,48
100000012,45,54,-9
100000013,3,18,-15
100000014,19,39,-20
100000015,498,830,-332
100000016,119,199,-80
100000017,103,110,-7
100000018,265,119,146
100000019,415,792,-377
100000020,309,1620,-1311
100000021,375,256,119
100000022,305,961,-656
100000023,814,506,308
100000025,240,922,-682
100000028,478,544,-66
100000029,8,36,-28
100000030,87,9,78
100000031,784,2588,-1804
100000032,272,1284,-1012
100000033,224,971,-747
100000034,7,141,-134
100000035,272,564,-292
100000036,146,371,-225
100000037,291,113,178
100000038,1143,484,659
100000039,130,85,45
100000040,20,117,-97
100000041,393,166,227
100000042,333,126,207
100000043,255,118,137
100000044,31,9,22
100000045,41,85,-44
100000046,170,112,58
100000047,93,63,30
100000048,64,183,-119
100000049,276,302,-26
100000051,201,90,111
100000053,42,0,42
100000054,67,3,64
100000055,53,28,25
100000056,81,105,-24
100000057,722,172,550
100000058,93,131,-38
100000059,17,84,-67
100000060,153,172,-19
100000061,598,226,372
100000062,404,227,177
100000063,380,178,202
100000064,237,192,45
100000065,89,156,-67
100000066,78,128,-50
100000067,57,216,-159
100000068,136,184,-48
100000069,93,225,-132
100000072,25,88,-63
100000073,254,357,-103
100000075,232,48,184
100000076,576,2126,-1550
100000077,82,216,-134
100000078,17,101,-84
100000079,3,72,-69
100000080,10,41,-31
100000081,1,45,-44
100000102,955,2069,-1114
100000103,438,607,-169
100000104,485,459,26
100000105,269,458,-189
100000106,386,1861,-1475
100000107,22,673,-651
100000108,42,138,-96
100000109,698,337,361
100000116,453,541,-88
100000117,6,78,-72
100000118,2117,416,1701
100000119,698,489,209
100000121,43,235,-192
100000122,188,507,-319
100000123,2445,2354,91
100000124,977,1167,-190
100000125,397,1025,-628
100000126,187,308,-121
100000127,281,348,-67
100000128,27,542,-515
100000129,74,133,-59
100000130,439,531,-92
100000131,236,266,-30
100000132,262,930,-668
100000133,1085,293,792
100000135,199,421,-222
100000139,176,306,-130
100000140,0,0,0
100000142,383,183,200
100000143,99,107,-8
100000144,547,64,483
100000147,785,3632,-2847
100000150,41,150,-109
100000151,110,984,-874
100000153,1,76,-75
100000154,2,193,-191
100000155,2,38,-36
100000156,106,167,-61
100000157,610,118,492
100000158,27,116,-89
100000159,44,369,-325
100000165,629,217,412
100000169,7,165,-158
100000174,38,165,-127
100000179,19,625,-606
100000180,76,73,3
100000181,77,81,-4
100000188,7,74,-67
100000189,370,125,245
100000190,213,467,-254
100000191,56,208,-152
100000192,2,138,-136
100000193,43,102,-59
100000330,303,396,-93
100000355,32,89,-57
100000362,1118,450,668
100000363,3485,3956,-471
100000364,236,43,193
100000365,5475,4626,849
100000366,1168,1040,128
100000367,3713,3671,42
100000368,107,66,41
100000369,188,1227,-1039
100000370,8,594,-586
100000376,11,266,-255
100000379,372,1675,-1303
100000380,2089,3127,-1038
100000384,2205,3371,-1166
100000385,473,2748,-2275
100000386,1152,2315,-1163
100000387,770,4053,-3283
100000388,1783,1509,274
100000389,1830,3104,-1274
100000390,1027,871,156
100000391,2457,4485,-2028
100000392,341,674,-333
100000393,196,2369,-2173
100000394,800,1564,-764
100000395,501,1168,-667
100000396,1175,747,428
100000397,602,1801,-1199
100000398,7874,2274,5600
100900002,0,0,0
100900003,38,52,-14
100900004,1,2,-1
100900005,0,0,0
100900006,0,0,0
100900007,0,0,0
100900008,0,5,-5
100900009,3,6,-3
100900010,0,0,0
100900011,0,0,0
100900012,0,0,0
100900013,0,0,0
100900014,0,0,0
100900015,0,0,0
100900016,0,0,0
100900017,113,35,78
100900018,0,0,0
100900019,0,0,0
100900020,0,0,0
100900021,104,0,104
100900022,0,0,0
100900023,0,0,0
100900024,0,0,0
100900025,1,0,1
100900026,0,0,0
100900027,15,261,-246
100900028,6,5,1
100900029,0,0,0
100900030,0,0,0
100900031,272,32,240
100900032,58,0,58
100900033,0,0,0
100900034,0,0,0
100900035,0,0,0
100900036,0,0,0
100900037,0,0,0
100900038,1,0,1
100900039,29,0,29
100900040,146,4,142
100900041,138,1,137
100900042,20,17,3
100900043,0,0,0
100900044,42,1,41
100900045,0,0,0
100900046,106,0,106
100900047,139,7,132
100900048,0,0,0
100900049,0,0,0
100900050,0,0,0
100900051,1,0,1
100900052,2,1,1
100900053,0,0,0
100900054,0,0,0
100900055,0,0,0
100900056,0,0,0
100900057,29,9,20
100900058,0,0,0
100900059,0,0,0
100900060,0,0,0
100900061,0,0,0
100900062,0,0,0
100900063,13,191,-178
100900064,19,1,18
100900065,0,0,0
100900066,4,1,3
100900067,0,0,0
100900068,0,0,0
100900069,0,0,0
100900070,0,0,0
100900071,0,0,0
100900072,0,0,0
100900073,0,0,0
100900074,0,0,0
100900075,11,1,10
100900076,0,1,-1
100900077,0,3,-3
100900078,2,0,2
100900079,0,0,0
100900080,1,8,-7
100900081,0,0,0
100900082,0,0,0
100900083,0,0,0
100900085,0,1,-1
100900086,0,0,0
100900088,0,0,0
100900089,0,0,0
100900090,1,6,-5
100900091,0,0,0
100900092,27,1,26
100900093,0,0,0
100900094,0,0,0
100900095,0,0,0
100900096,1,0,1
100900097,1,1,0
100900098,0,0,0
100900099,0,0,0
100900100,0,0,0
100900101,0,0,0
100900102,0,0,0
100900103,0,0,0
100900104,0,0,0
100900105,0,0,0
100900106,0,0,0
100900107,0,0,0
100900108,0,0,0
100900109,0,0,0
100900110,1,11,-10
100900111,0,0,0
100900112,1,0,1
100900113,0,0,0
100900114,0,0,0
100900115,0,0,0
100900116,30,0,30
100900117,0,0,0
100900118,0,0,0
100900119,0,0,0
100900120,0,1,-1
100900121,0,1,-1
100900122,0,0,0
100900123,0,0,0
100900124,0,0,0
100900125,0,0,0
100900126,0,0,0
100900127,0,0,0
100900128,0,0,0
100900129,0,0,0
100900131,1,0,1
100900133,0,0,0
100900134,0,0,0
100900135,0,0,0
100900137,0,0,0
100900138,0,0,0
100900139,0,0,0
100900140,0,0,0
100900141,0,0,0
100900142,0,0,0
100900143,0,0,0
100900144,0,0,0
100900145,0,0,0
100900146,0,0,0
100900147,0,0,0
100900148,0,0,0
100900149,0,0,0
100900150,0,0,0
100900151,1,3,-2
100900152,0,0,0
100900153,0,0,0
100900154,3,0,3
100900155,0,0,0
100900156,0,0,0
100900157,0,0,0
100900158,0,0,0
100900159,0,0,0
100900160,0,0,0
100900161,0,0,0
100900162,0,0,0
100900163,0,0,0
100900164,0,0,0
100900165,0,0,0
100900166,0,0,0
100900167,0,0,0
100900168,0,0,0
100900169,1,0,1
100900170,0,0,0
100900171,0,1,-1
100900172,0,0,0
100900173,0,0,0
100900174,0,0,0
100900176,0,0,0
100900177,0,0,0
100900178,40,5,35
100900179,0,0,0
100900180,0,0,0
100900181,0,0,0
100900182,0,3,-3
100900184,3,11,-8
100900186,0,0,0
100900187,0,0,0
100900188,0,0,0
100900189,0,0,0
100900191,0,0,0
100900192,0,0,0
100900195,2,0,2
100900197,148,140,8
100900198,1,0,1
100900199,33,4,29
100900200,0,0,0
100900201,0,0,0
100900202,0,0,0
100900203,0,0,0
100900204,3,0,3
100900205,0,0,0
100900206,0,0,0
100900207,0,0,0
100900210,0,0,0
100900211,0,0,0
100900213,0,0,0
100900214,0,0,0
100900215,0,0,0
100900217,0,0,0
101000001,609,1218,-609
101000002,250,982,-732
101000003,26,478,-452
101000004,3879,5683,-1804
101000005,2566,4548,-1982
101000006,2946,4587,-1641
101000007,592,3136,-2544
101000008,1144,2701,-1557
101000009,1084,297,787
101000010,255,346,-91
101000011,164,293,-129
101000012,53,14,39
101000013,177,462,-285
101000014,224,641,-417
101000015,820,585,235
101000016,52,444,-392
101000017,89,314,-225
101000018,758,732,26
101000020,841,200,641
101000021,93,330,-237
101000022,1,2,-1
101000023,235,385,-150
101000025,94,171,-77
101000026,135,8,127
101000027,857,1662,-805
101000028,400,178,222
101000029,14,733,-719
101000030,211,40,171
101000031,83,755,-672
101000032,1517,2313,-796
101000033,255,1374,-1119
101000034,222,1038,-816
101000035,50,123,-73
101000036,256,553,-297
101000037,331,1618,-1287
101000039,263,884,-621
101000040,463,1308,-845
101000041,2068,3866,-1798
101000042,41,449,-408
101000043,1343,2160,-817
101000045,153,256,-103
101000046,765,1403,-638
101000047,890,1965,-1075
101000048,115,170,-55
101000049,37,351,-314
101000050,244,1239,-995
101000051,214,1590,-1376
101000052,583,1515,-932
101000053,113,482,-369
101000054,398,164,234
101000055,707,1561,-854
101000056,23,125,-102
101000057,176,542,-366
101000058,280,1329,-1049
101000059,1017,2646,-1629
101000060,92,161,-69
101000061,152,2307,-2155
101000062,73,139,-66
101000063,216,1334,-1118
101000064,134,518,-384
101000065,33,716,-683
101000066,152,895,-743
101000067,97,139,-42
101000068,210,440,-230
101000069,167,63,104
101000070,275,137,138
101000071,732,639,93
101000072,2083,1239,844
101000073,1306,989,317
101000074,3668,1780,1888
101000075,6078,1082,4996
101000077,2353,639,1714
101000078,1006,832,174
101000079,1191,591,600
101000080,465,65,400
101000081,879,827,52
101000082,1272,753,519
101000083,1373,841,532
101000084,322,206,116
101000085,1537,926,611
101000086,100,180,-80
101000087,152,187,-35
101000088,874,780,94
101000089,416,815,-399
101000090,292,186,106
101000091,286,214,72
101000092,752,364,388
101000093,843,347,496
101000094,73,114,-41
101000095,41,140,-99
101000096,448,356,92
101000097,84,145,-61
101000098,70,357,-287
101000099,379,675,-296
101000100,286,605,-319
101000101,294,281,13
101000102,101,309,-208
101000103,368,283,85
101000104,52,299,-247
101000105,22,161,-139
101000106,7,156,-149
101000107,26,59,-33
101000108,137,46,91
101000109,67,17,50
101000110,35,67,-32
101000111,21,81,-60
101000113,68,333,-265
101000114,1213,1465,-252
101000115,0,0,0
101000116,0,0,0
101000117,0,0,0
101000119,5,49,-44
101000120,6,11,-5
101000121,0,9,-9
101000122,5,41,-36
101000123,0,20,-20
101000124,436,98,338
101000125,46,21,25
101000128,54,116,-62
101000130,471,131,340
101000131,492,346,146
101000132,59,115,-56
101000135,0,0,0
101000136,12,34,-22
101000137,19,412,-393
101000141,382,2790,-2408
101000147,262,78,184
101000148,126,5,121
101000149,0,0,0
101000150,38,125,-87
101000151,18,4,14
101000152,97,20,77
101000153,217,50,167
101000154,141,128,13
101000155,18,2,16
101000156,1,4,-3
101000157,2,11,-9
101000160,0,0,0
101000163,64,347,-283
101000164,83,18,65
101000165,230,224,6
101000166,119,335,-216
101000168,7,1,6
101000252,988,323,665
101000254,0,0,0
101000258,245,7,238
101000261,440,39,401
101000262,348,2275,-1927
101000263,105,1033,-928
101000265,6,360,-354
101000266,104,68,36
101000269,0,0,0
101000290,102,1398,-1296
101000293,0,0,0
101000294,174,99,75
101000295,80,103,-23
101000301,48,407,-359
101000304,726,1622,-896
101000305,991,933,58
101900001,0,0,0
101900002,0,0,0
101900003,0,0,0
101900004,0,0,0
101900005,0,0,0
101900006,0,0,0
101900007,0,0,0
101900008,0,0,0
101900009,0,0,0
101900010,0,0,0
101900011,0,0,0
101900012,0,0,0
101900013,0,0,0
101900017,0,0,0
101900018,3,0,3
101900019,2,0,2
101900020,19,1,18
101900021,2,0,2
101900022,21,2,19
101900023,0,0,0
102000001,677,2805,-2128
102000002,1023,324,699
102000003,594,2879,-2285
102000004,593,1599,-1006
102000005,256,1772,-1516
102000006,244,1235,-991
102000007,245,2237,-1992
102000008,2139,1085,1054
102000009,2779,3891,-1112
102000010,1026,1245,-219
102000011,1722,3195,-1473
102000012,1554,1634,-80
102000018,479,490,-11
102000019,149,446,-297
102000026,7,112,-105
102000029,109,38,71
102000030,5,111,-106
102000031,6,47,-41
102000032,105,85,20
102000033,91,182,-91
102000034,57,69,-12
102000035,107,90,17
102000036,0,106,-106
102000037,16,24,-8
102000038,45,9,36
102000039,4,22,-18
102000040,34,46,-12
102000041,3,96,-93
102000042,7,115,-108
102000043,2,35,-33
102000044,83,240,-157
102000045,92,409,-317
102000046,246,186,60
102000047,220,318,-98
102000048,117,270,-153
102000049,349,380,-31
102000050,210,290,-80
102000051,98,167,-69
102000052,500,285,215
102000053,455,451,4
102000054,186,152,34
102000055,204,43,161
102000056,495,85,410
102000057,250,80,170
102000058,69,87,-18
102000059,121,111,10
102000060,590,548,42
102000061,141,188,-47
102000062,808,480,328
102000063,130,369,-239
102000064,560,665,-105
102000065,33,42,-9
102000066,303,169,134
102000067,694,1779,-1085
102000068,1619,940,679
102000069,36,594,-558
102000070,746,8,738
102000071,3366,4673,-1307
102000072,889,908,-19
102000073,138,127,11
102000074,153,86,67
102000075,114,79,35
102000076,129,72,57
102000077,671,228,443
102000078,566,95,471
102000079,96,32,64
102000080,101,44,57
102000081,105,309,-204
102000082,79,295,-216
102000083,143,98,45
102000084,394,86,308
102000085,322,232,90
102000086,650,224,426
102000087,238,465,-227
102000088,111,73,38
102000089,702,65,637
102000090,198,633,-435
102000091,796,339,457
102000092,290,274,16
102000093,246,327,-81
102000094,509,114,395
102000095,140,356,-216
102000096,2062,226,1836
102000097,614,329,285
102000098,454,385,69
102000099,767,285,482
102000100,139,234,-95
102000101,143,302,-159
102000102,99,231,-132
102000103,105,395,-290
102000104,48,270,-222
102000105,108,89,19
102000106,170,65,105
102000107,531,39,492
102000108,242,42,200
102000109,163,40,123
102000110,677,141,536
102000111,4,51,-47
102000112,35,23,12
102000113,3,14,-11
102000114,141,145,-4
102000115,18,66,-48
102000116,40,278,-238
102000117,6,99,-93
102000118,278,745,-467
102000119,236,230,6
102000120,45,294,-249
102000121,139,198,-59
102000122,154,512,-358
102000123,111,128,-17
102000124,161,368,-207
102000125,137,84,53
102000126,113,270,-157
102000127,237,98,139
102000128,68,257,-189
102000129,182,132,50
102000130,147,445,-298
102000131,267,241,26
102000132,58,493,-435
102000133,1336,370,966
102000134,185,307,-122
102000135,54,298,-244
102000136,33,147,-114
102000137,37,27,10
102000138,75,20,55
102000139,46,56,-10
102000140,10,25,-15
102000141,13,46,-33
102000142,52,27,25
102000143,70,66,4
102000144,155,52,103
102000145,68,34,34
102000146,145,58,87
102000147,55,38,17
102000148,11,124,-113
102000149,85,61,24
102000150,266,33,233
102000151,65,64,1
102000152,58,44,14
102000153,264,163,101
102000154,70,69,1
102000155,43,53,-10
102000156,43,19,24
102000157,1,102,-101
102000158,13,103,-90
102000159,40,50,-10
102000161,39,379,-340
102000162,1,28,-27
102000163,9,314,-305
102000164,167,489,-322
102000165,1,0,1
102000166,1,47,-46
102000167,0,0,0
102000168,37,64,-27
102000169,23,181,-158
102000170,0,0,0
102000171,0,0,0
102000172,9,59,-50
102000173,66,130,-64
102000174,8,4,4
102000175,119,13,106
102000176,6,9,-3
102000178,24,49,-25
102000179,142,71,71
102000180,298,90,208
102000181,332,183,149
102000182,275,174,101
102000183,837,224,613
102000184,235,131,104
102000185,1060,198,862
102000186,324,139,185
102000187,172,108,64
102000188,467,404,63
102000189,698,61,637
102000190,487,888,-401
102000191,275,78,197
102000192,118,312,-194
102000193,41,18,23
102000194,43,38,5
102000195,159,66,93
102000196,81,34,47
102000197,335,31,304
102000198,55,89,-34
102000199,380,20,360
102000200,113,130,-17
102000201,273,22,251
102000202,0,10,-10
102000203,54,18,36
102000204,142,173,-31
102000205,420,112,308
102000206,99,42,57
102000207,251,111,140
102000208,48,144,-96
102000209,22,6,16
102000210,103,15,88
102000211,41,0,41
102000212,331,13,318
102000213,0,0,0
102000214,98,2,96
102000215,0,4,-4
102000216,38,48,-10
102000217,1,23,-22
102000218,97,66,31
102000219,13,3,10
102000225,328,283,45
102000226,0,0,0
102000227,34,4,30
102000228,0,0,0
102000229,1,18,-17
102000230,111,144,-33
102000231,88,202,-114
102000232,1,58,-57
102000233,76,123,-47
102000234,23,973,-950
102000236,25,5,20
102000237,80,8,72
102000238,16,3,13
102000240,0,0,0
102000241,22,4,18
102000243,3,36,-33
102000245,0,0,0
102000246,6,46,-40
102000247,29,177,-148
102000248,105,475,-370
102000249,58,8,50
102000250,20,100,-80
102000254,92,94,-2
102000266,5,35,-30
102000271,1,0,1
102000286,71,132,-61
102000297,229,135,94
102000299,0,0,0
102000301,0,0,0
102000302,0,0,0
102000303,0,0,0
102000304,0,0,0
102000305,0,0,0
102000306,0,0,0
102000307,0,0,0
102000308,0,0,0
102900001,124,39,85
102900002,68,3,65
102900003,0,0,0
102900005,146,20,126
102900006,74,2,72
102900007,156,1,155
102900008,18,1,17
102900009,35,0,35
102900010,128,2,126
102900011,0,0,0
102900012,0,0,0
102900013,0,0,0
102900015,0,0,0
102900016,0,0,0
102900017,0,0,0
102900018,0,0,0
102900019,0,0,0
102900020,0,0,0
102900021,0,0,0
102900022,0,0,0
102900023,0,0,0
102900024,0,0,0
102900025,0,0,0
102900026,2,167,-165
102900027,0,0,0
102900028,4,67,-63
102900029,0,0,0
102900030,8,43,-35
102900031,57,16,41
102900032,0,0,0
102900033,0,0,0
102900034,146,5,141
102900035,0,0,0
102900036,146,30,116
102900037,61,32,29
102900038,53,13,40
102900039,15,2,13
102900040,0,0,0
102900041,0,0,0
102900042,0,0,0
102900043,0,0,0
102900044,0,0,0
102900045,0,0,0
102900046,0,0,0
102900047,2,0,2
102900048,0,0,0
102900049,0,0,0
102900050,0,0,0
102900051,0,0,0
102900052,0,0,0
102900053,0,0,0
102900054,2,0,2
102900055,0,0,0
102900056,0,0,0
102900057,0,0,0
102900058,0,0,0
102900059,0,0,0
102900060,0,15,-15
102900061,4,19,-15
102900062,44,20,24
102900063,99,17,82
102900064,2,73,-71
102900065,96,4,92
102900066,2,0,2
102900068,0,0,0
102900070,0,0,0
102900072,0,0,0
102900073,0,0,0
102900074,0,0,0
102900075,0,0,0
102900076,0,0,0
102900077,0,0,0
102900078,0,0,0
102900079,87,0,87
102900080,41,1,40
102900081,0,0,0
102900082,0,0,0
102900083,0,0,0
102900084,0,0,0
102900085,0,0,0
102900086,0,0,0
102900087,0,0,0
102900088,0,0,0
102900089,0,0,0
102900090,0,0,0
102900091,0,0,0
102900092,0,0,0
102900093,0,0,0
102900094,0,0,0
102900095,9,0,9
102900096,0,0,0
102900097,0,0,0
103000001,2714,1626,1088
103000002,1298,1275,23
103000003,1226,1302,-76
103000004,244,263,-19
103000005,1185,1348,-163
103000006,546,935,-389
103000007,357,380,-23
103000008,282,78,204
103000009,548,435,113
103000010,124,52,72
103000011,622,581,41
103000012,596,1005,-409
103000013,501,505,-4
103000014,724,1827,-1103
103000015,145,51,94
103000016,219,518,-299
103000017,119,236,-117
103000018,201,174,27
103000019,192,174,18
103000020,354,522,-168
103000021,2002,1570,432
103000022,143,274,-131
103000023,434,1708,-1274
103000024,60,59,1
103000025,13,349,-336
103000026,159,64,95
103000027,37,277,-240
103000028,260,241,19
103000029,67,89,-22
103000030,339,481,-142
103000031,629,1293,-664
103000032,711,512,199
103000033,2647,2427,220
103000034,619,498,121
103000035,153,621,-468
103000036,146,191,-45
103000037,203,204,-1
103000038,371,591,-220
103000039,183,130,53
103000040,115,342,-227
103000041,813,522,291
103000042,535,101,434
103000043,515,367,148
103000044,54,0,54
103000046,37,59,-22
103000047,134,189,-55
103000048,22,65,-43
103000049,16,57,-41
103000050,151,4,147
103000051,24,67,-43
103000052,53,7,46
103000053,4,25,-21
103000054,947,172,775
103000055,1237,595,642
103000056,391,445,-54
103000057,464,183,281
103000058,295,165,130
103000059,354,262,92
103000060,372,93,279
103000061,343,351,-8
103000062,226,61,165
103000063,441,349,92
103000064,34,38,-4
103000065,2,29,-27
103000066,49,4,45
103000069,106,56,50
103000070,165,109,56
103000071,305,171,134
103000072,43,61,-18
103000073,468,46,422
103000074,252,32,220
103000075,14,86,-72
103000076,84,389,-305
103000077,6,59,-53
103000078,319,389,-70
103000079,105,265,-160
103000080,310,190,120
103000081,80,614,-534
103000082,236,22,214
103000083,10,73,-63
103000084,44,4,40
103000085,0,8,-8
103000086,467,219,248
103000087,83,381,-298
103000088,159,153,6
103000089,107,317,-210
103000090,3523,2501,1022
103000091,700,812,-112
103000092,447,208,239
103000093,92,145,-53
103000094,120,67,53
103000095,7,83,-76
103000096,293,15,278
103000097,5,92,-87
103000098,364,27,337
103000099,23,74,-51
103000100,25,84,-59
103000101,590,52,538
103000102,25,86,-61
103000103,411,37,374
103000104,16,49,-33
103000105,143,13,130
103000106,5,37,-32
103000107,166,27,139
103000108,770,941,-171
103000109,149,535,-386
103000110,596,625,-29
103000111,76,160,-84
103000112,99,121,-22
103000113,48,419,-371
103000114,613,286,327
103000115,651,521,130
103000116,546,223,323
103000117,446,171,275
103000118,68,115,-47
103000119,105,76,29
103000120,3,7,-4
103000121,20,114,-94
103000122,708,1032,-324
103000125,1,36,-35
103000126,420,3,417
103000127,0,36,-36
103000128,75,0,75
103000129,2,68,-66
103000130,43,31,12
103000131,81,98,-17
103000132,12,36,-24
103000133,0,42,-42
103000134,100,223,-123
103000135,166,110,56
103000136,79,23,56
103000137,71,231,-160
103000138,168,285,-117
103000139,0,31,-31
103000140,34,13,21
103000141,2,33,-31
103000142,55,43,12
103000143,1,20,-19
103000144,55,31,24
103000145,4,30,-26
103000150,8,13,-5
103000152,62,141,-79
103000153,47,197,-150
103000156,1,60,-59
103000157,172,3,169
103000159,100,20,80
103000162,38,5,33
103000163,3,9,-6
103000164,14,4,10
103000165,15,97,-82
103000166,88,246,-158
103000167,114,61,53
103000168,87,40,47
103000169,111,214,-103
103000170,657,237,420
103000171,15,33,-18
103000172,478,173,305
103000173,16,25,-9
103000174,706,164,542
103000175,52,35,17
103000176,187,292,-105
103000177,36,16,20
103000178,15,30,-15
103000179,31,6,25
103000183,174,18,156
103000185,131,7,124
103000186,179,66,113
103000187,9,4,5
103000188,10,33,-23
103000189,262,440,-178
103000191,168,158,10
103000292,48,322,-274
103000293,77,790,-713
103000295,24,30,-6
103000296,22,0,22
103000297,13,9,4
103000504,1,0,1
103000505,0,2,-2
103000506,0,25,-25
103000507,121,1,120
103000508,59,32,27
103000509,82,123,-41
103900001,0,0,0
103900002,0,0,0
103900003,55,7,48
103900004,2,0,2
103900005,0,0,0
103900006,0,0,0
103900007,0,0,0
103900008,4,0,4
103900009,62,1,61
103900010,31,3,28
103900011,0,0,0
103900012,0,6,-6
103900013,0,0,0
103900014,11,3,8
103900015,16,5,11
103900016,0,0,0
103900017,0,0,0
103900018,0,0,0
103900019,5,69,-64
103900020,0,0,0
103900021,25,0,25
103900022,97,1,96
103900023,36,0,36
103900024,1,19,-18
103900025,0,0,0
103900026,0,0,0
103900027,39,2,37
103900028,5,11,-6
103900029,124,9,115
103900030,35,3,32
103900031,19,0,19
103900032,2,8,-6
103900033,10,0,10
103900034,0,1,-1
103900035,0,0,0
103900036,15,2,13
103900037,5,0,5
103900038,0,31,-31
103900039,1,0,1
103900040,0,0,0
103900041,1,0,1
103900042,0,0,0
103900043,0,0,0
103900044,1,69,-68
103900045,15,1,14
103900047,0,0,0
103900048,1,1,0
103900049,0,0,0
103900050,0,0,0
103900051,0,0,0
103900052,0,0,0
103900053,0,0,0
103900054,0,0,0
103900055,0,0,0
103900056,0,0,0
103900057,19,1,18
103900058,0,0,0
103900059,0,0,0
103900060,40,12,28
103900061,25,0,25
103900062,1,0,1
103900063,0,0,0
103900064,17,0,17
103900065,11,7,4
103900066,36,2,34
103900067,13,0,13
103900068,0,0,0
103900069,1,0,1
103900070,4,1,3
103900071,0,1,-1
103900072,0,1,-1
103900073,0,10,-10
103900074,4,2,2
103900075,1,0,1
103900076,0,0,0
103900077,0,28,-28
103900078,6,1,5
103900079,0,0,0
103900080,0,0,0
103900081,0,0,0
103900082,0,0,0
103900083,47,233,-186
103900084,0,0,0
103900085,0,0,0
103900086,44,17,27
103900087,0,0,0
103900088,7,32,-25
103900089,0,0,0
103900090,0,0,0
103900091,0,0,0
103900092,0,0,0
103900093,39,2,37
103900094,0,0,0
103900095,0,0,0
103900096,75,0,75
103900097,0,0,0
103900098,0,0,0
103900099,18,0,18
103900100,0,0,0
103900101,0,0,0
103900102,0,0,0
103900104,0,1,-1
103900105,0,0,0
103900106,0,0,0
103900107,41,1,40
103900108,5,11,-6
103900109,21,0,21
103900110,0,0,0
103900111,0,0,0
103900112,0,0,0
103900113,0,0,0
103900114,0,0,0
103900115,0,0,0
103900116,0,7,-7
103900117,9,0,9
103900119,1,29,-28
103900120,0,4,-4
103900122,0,0,0
103900123,0,0,0
103900124,0,0,0
103900125,3,0,3
103900126,32,6,26
103900127,0,1,-1
103900128,0,0,0
103900131,0,0,0
103900133,61,0,61
103900134,0,0,0
103900135,0,0,0
103900137,0,0,0
103900138,0,0,0
103900139,4,76,-72
103900140,0,0,0
103900141,18,0,18
103900142,32,1,31
103900143,5,0,5
103900144,0,0,0
103900145,4,6,-2
103900146,13,3,10
103900147,0,0,0
103900148,0,0,0
103900149,29,1,28
103900150,133,40,93
103900151,0,0,0
103900152,187,5,182
103900153,0,0,0
103900154,0,2,-2
103900155,6,0,6
103900156,0,0,0
103900157,0,0,0
103900158,13,3,10
103900159,0,0,0
103900160,0,0,0
103900161,2,2,0
103900162,0,0,0
103900163,0,0,0
103900164,20,0,20
103900167,1,6,-5
103900168,23,0,23
103900169,0,41,-41
103900170,0,0,0
103900171,0,0,0
103900172,0,0,0
103900173,0,1,-1
103900174,8,0,8
103900175,0,12,-12
103900176,0,0,0
103900177,0,0,0
103900178,0,0,0
103900179,0,0,0
103900180,0,0,0
103900181,0,0,0
103900182,0,0,0
103900184,0,0,0
103900185,0,0,0
103900187,0,4,-4
103900188,14,1,13
103900189,7,0,7
103900190,2,3,-1
103900191,0,0,0
103900192,0,0,0
103900193,0,0,0
103900194,0,0,0
103900195,0,0,0
103900196,0,0,0
103900197,0,0,0
103900198,0,0,0
103900199,0,0,0
103900200,0,0,0
103900201,0,0,0
103900202,0,0,0
103900203,3,0,3
103900204,0,0,0
103900207,0,0,0
103900208,15,0,15
103900209,0,0,0
103900210,0,0,0
103900211,136,5,131
103900212,0,0,0
103900213,0,0,0
103900214,136,181,-45
103900215,0,0,0
103900216,0,9,-9
103900217,35,0,35
103900218,0,2,-2
103900219,1,0,1
103900233,0,0,0
103900235,0,0,0
103900236,0,0,0
103900242,0,0,0
103900243,0,0,0
103900244,9,0,9
103900245,0,0,0
103900246,2,0,2
103900247,0,0,0
103900248,0,0,0
103900249,0,0,0
103900250,0,0,0
103900251,0,0,0
103900253,0,0,0
103900254,0,0,0
103900255,0,0,0
103900256,0,0,0
103900257,0,0,0
103900258,0,0,0
103900259,0,0,0
103900261,0,0,0
103900262,0,0,0
103900263,0,0,0
103900264,0,0,0
103900265,0,0,0
103900266,0,2,-2
103900267,0,0,0
103900268,0,0,0
103900269,0,0,0
103900270,0,0,0
104000001,1097,723,374
104000002,1118,1764,-646
104000003,988,1200,-212
104000004,1618,1581,37
104000005,958,1275,-317
104000006,1189,1066,123
104000007,2687,1749,938
104000008,82,36,46
104000009,367,252,115
104000010,102,208,-106
104000011,22,31,-9
104000012,5,18,-13
104000013,128,218,-90
104000014,80,12,68
104000015,238,67,171
104000016,36,23,13
104000018,612,138,474
104000019,831,200,631
104000020,49,241,-192
104000021,163,404,-241
104000022,56,212,-156
104000023,640,163,477
104000024,53,23,30
104000026,15,6,9
104000027,19,9,10
104000028,582,183,399
104000029,24,7,17
104000030,469,434,35
104000031,824,56,768
104000032,60,33,27
104000033,586,90,496
104000034,70,18,52
104000035,821,84,737
104000036,611,230,381
104000037,28,9,19
104000038,405,153,252
104000039,207,168,39
104000040,55,273,-218
104000041,308,151,157
104000042,207,172,35
104000043,45,157,-112
104000044,86,128,-42
104000045,393,137,256
104000046,303,207,96
104000047,196,560,-364
104000048,416,863,-447
104000049,256,90,166
104000050,55,180,-125
104000051,26,61,-35
104000052,686,730,-44
104000053,562,71,491
104000054,252,15,237
104000055,1194,307,887
104000056,235,12,223
104000057,0,0,0
104000058,572,211,361
104000059,282,602,-320
104000060,331,290,41
104000061,363,145,218
104000062,69,19,50
104000064,183,82,101
104000065,2,83,-81
104000069,406,767,-361
104000070,18,161,-143
104000071,0,0,0
104000072,61,31,30
104000075,0,0,0
104000076,0,0,0
104000082,586,887,-301
104000083,552,71,481
104000084,52,204,-152
104000085,226,56,170
104000086,112,131,-19
104000087,64,145,-81
104000090,24,83,-59
104000092,77,152,-75
104000094,126,78,48
104000095,585,634,-49
104000096,940,2,938
104000097,1132,134,998
104000098,1274,116,1158
104000100,1207,113,1094
104000101,844,607,237
104000106,43,155,-112
104000107,639,173,466
104000108,105,49,56
104000109,75,34,41
104000110,134,323,-189
104000111,367,533,-166
104000112,69,59,10
104000116,0,87,-87
104000117,113,87,26
104000118,286,48,238
104000119,103,65,38
104000120,125,91,34
104000121,56,145,-89
104000122,380,272,108
104000123,233,298,-65
104000124,192,813,-621
104000125,256,448,-192
104000126,273,368,-95
104000127,621,870,-249
104000128,507,146,361
104000129,120,3,117
104000130,4,105,-101
104000131,5,2,3
104000132,3,1,2
104000133,376,314,62
104000134,374,919,-545
104000135,113,985,-872
104000136,518,1713,-1195
104000137,796,317,479
104000138,144,38,106
104000139,1473,1648,-175
104000141,376,360,16
104000142,185,106,79
104000143,153,18,135
104000144,51,103,-52
104000145,275,89,186
104000146,37,145,-108
104000147,20,81,-61
104000148,232,130,102
104000149,55,54,1
104000150,541,170,371
104000151,136,67,69
104000152,181,88,93
104000153,489,322,167
104000154,160,275,-115
104000155,406,455,-49
104000157,558,322,236
104000158,48,172,-124
104000159,253,196,57
104000160,1026,1615,-589
104000161,39,63,-24
104000162,61,54,7
104000165,244,258,-14
104000167,244,725,-481
104000168,419,4,415
104000169,101,14,87
104000170,17,14,3
104000248,1,95,-94
104000251,0,0,0
104000272,0,0,0
104000273,0,0,0
104000274,0,0,0
104000275,0,0,0
104000279,234,648,-414
104000290,3,20,-17
104000291,392,440,-48
104000293,367,311,56
104000294,0,0,0
104000295,296,915,-619
104000296,102,173,-71
104000297,268,1269,-1001
104000298,454,310,144
104000299,536,896,-360
104900001,0,0,0
104900002,0,0,0
104900003,0,0,0
104900004,0,0,0
104900005,0,0,0
104900006,0,0,0
104900007,0,0,0
104900009,0,0,0
104900010,0,0,0
104900011,0,0,0
104900012,0,0,0
104900013,0,0,0
104900014,0,0,0
104900015,0,0,0
104900016,0,0,0
104900017,1,0,1
104900018,0,0,0
104900019,0,0,0
104900020,0,0,0
104900021,0,0,0
104900022,2,8,-6
104900023,0,0,0
104900024,1,14,-13
104900025,0,0,0
104900026,0,0,0
104900027,0,0,0
104900028,0,5,-5
104900029,0,0,0
104900030,0,0,0
104900031,2,3,-1
104900032,0,0,0
104900033,0,0,0
104900034,0,0,0
104900035,0,0,0
104900036,1,0,1
104900037,0,0,0
104900038,0,0,0
104900039,0,0,0
104900040,1,1,0
104900041,0,0,0
104900042,0,0,0
104900043,0,0,0
104900044,18,0,18
104900045,0,0,0
104900046,0,0,0
104900047,85,8,77
104900048,57,2,55
104900049,0,0,0
104900050,0,0,0
104900051,17,1,16
104900052,0,0,0
104900053,110,5,105
104900054,9,0,9
104900055,0,0,0
104900056,35,0,35
104900057,0,0,0
104900058,4,0,4
104900059,82,21,61
104900060,0,0,0
104900061,0,0,0
104900063,0,0,0
104900064,0,0,0
104900065,0,0,0
104900066,0,0,0
104900067,0,0,0
104900068,0,0,0
104900070,0,0,0
104900071,0,0,0
104900072,0,0,0
104900073,0,0,0
104900074,0,0,0
104900075,0,0,0
104900076,0,0,0
104900077,0,0,0
104900078,0,0,0
104900079,0,0,0
104900080,0,0,0
104900082,0,0,0
104900085,0,0,0
104900087,89,1,88
104900089,0,0,0
104900090,0,0,0
104900091,0,0,0
104900093,0,0,0
104900097,0,0,0
104900098,0,0,0
104900099,0,0,0
104900100,0,0,0
104900102,0,0,0
104900103,0,0,0
104900104,0,0,0
104900106,0,0,0
104900107,0,0,0
104900108,0,0,0
104900109,0,0,0
104900110,0,0,0
104900111,0,0,0
104900112,0,0,0
104900113,0,0,0
104900114,0,0,0
104900115,0,0,0
104900116,0,0,0
104900118,0,0,0
104900119,0,0,0
104900120,0,0,0
104900121,0,0,0
104900122,0,0,0
104900123,0,0,0
104900124,0,0,0
104900125,28,0,28
104900126,0,0,0
104900127,0,0,0
104900128,11,0,11
104900129,0,0,0
105000001,966,463,503
105000002,742,769,-27
105000003,931,1317,-386
105000004,407,798,-391
105000005,374,646,-272
105000006,427,1159,-732
105000007,436,996,-560
105000008,507,1555,-1048
105000009,2099,1737,362
105000010,1069,602,467
105000011,1670,2035,-365
105000012,528,806,-278
105000013,472,569,-97
105000014,1994,1476,518
105000015,4060,6430,-2370
105000016,1272,969,303
105000017,1260,636,624
105000018,1355,795,560
105000019,991,928,63
105000020,127,218,-91
105000021,66,23,43
105000022,42,41,1
105000023,194,146,48
105000028,5,152,-147
105000029,89,462,-373
105000030,1918,1472,446
105000033,445,553,-108
105000034,14,395,-381
105000037,176,16,160
105000038,561,598,-37
105000039,251,560,-309
105000040,403,1282,-879
105000041,134,344,-210
105000042,1235,1012,223
105000043,343,305,38
105000044,327,171,156
105000045,38,168,-130
105000046,491,116,375
105000047,165,181,-16
105000048,582,153,429
105000049,164,113,51
105000050,424,184,240
105000051,134,58,76
105000052,307,217,90
105000053,148,21,127
105000054,161,240,-79
105000055,317,33,284
105000056,652,407,245
105000057,1208,112,1096
105000058,432,412,20
105000059,650,237,413
105000060,329,89,240
105000061,413,150,263
105000062,264,110,154
105000063,81,32,49
105000064,966,216,750
105000065,37,34,3
105000066,276,128,148
105000067,870,394,476
105000068,58,139,-81
105000069,510,663,-153
105000070,333,625,-292
105000071,195,1008,-813
105000072,720,1350,-630
105000073,552,400,152
105000074,65,131,-66
105000075,201,297,-96
105000076,544,329,215
105000077,1086,298,788
105000078,287,519,-232
105000079,163,334,-171
105000080,1471,1300,171
105000081,303,142,161
105000082,375,907,-532
105000083,1680,1843,-163
105000084,98,193,-95
105000085,2038,1615,423
105000086,134,125,9
105000087,97,234,-137
105000088,1208,1078,130
105000089,672,742,-70
105000090,227,295,-68
105000091,221,180,41
105000092,147,160,-13
105000093,76,126,-50
105000094,356,130,226
105000095,41,143,-102
105000096,442,691,-249
105000097,155,100,55
105000098,505,358,147
105000099,192,123,69
105000100,491,258,233
105000101,1126,575,551
105000102,685,311,374
105000103,735,507,228
105000104,725,183,542
105000105,635,378,257
105000106,691,400,291
105000107,626,225,401
105000108,806,217,589
105000109,855,403,452
105000110,456,136,320
105000111,464,128,336
105000112,450,199,251
105000113,255,376,-121
105000114,685,777,-92
105000115,154,778,-624
105000116,564,310,254
105000117,135,111,24
105000118,283,159,124
105000119,119,126,-7
105000120,830,316,514
105000121,290,95,195
105000122,180,132,48
105000123,240,212,28
105000124,987,220,767
105000125,398,244,154
105000126,796,299,497
105000127,1149,361,788
105000128,175,158,17
105000129,262,103,159
105000130,97,1613,-1516
105000131,93,36,57
105000132,624,377,247
105000133,105,114,-9
105000134,436,207,229
105000135,59,31,28
105000136,0,0,0
105000137,142,68,74
105000138,0,0,0
105000139,185,166,19
105000140,207,70,137
105000141,98,111,-13
105000142,285,108,177
105000143,84,203,-119
105000144,67,86,-19
105000145,354,81,273
105000146,0,0,0
105000147,484,42,442
105000148,262,138,124
105000149,941,486,455
105000150,23,40,-17
105000151,244,41,203
105000152,89,88,1
105000153,287,112,175
105000154,179,117,62
105000155,137,118,19
105000156,84,83,1
105000157,341,173,168
105000158,734,123,611
105000159,117,115,2
105000160,995,224,771
105000161,205,125,80
105000162,214,788,-574
105000163,406,198,208
105000164,69,63,6
105000165,42,2166,-2124
105000166,235,401,-166
105000167,439,1050,-611
105000168,122,137,-15
105000169,179,25,154
105000170,43,423,-380
105000171,447,69,378
105000172,80,2,78
105000173,161,21,140
105000174,26,42,-16
105000175,0,0,0
105000176,213,29,184
105000177,220,79,141
105000178,121,90,31
105000179,393,9,384
105000180,0,0,0
105000181,35,38,-3
105000182,0,0,0
105000183,780,1530,-750
105000184,6,3,3
105000185,194,396,-202
105000186,1,8,-7
105000187,301,229,72
105000188,29,139,-110
105000189,4,6,-2
105000190,94,127,-33
105000191,2,16,-14
105000192,203,19,184
105000193,29,10,19
105000194,180,10,170
105000195,58,126,-68
105000196,58,107,-49
105000197,12,122,-110
105000198,13,29,-16
105000199,22,157,-135
105000200,93,205,-112
105000201,54,5,49
105000203,2,172,-170
105000204,24,52,-28
105000205,79,144,-65
105000207,0,0,0
105000208,71,159,-88
105000209,0,0,0
105000212,434,161,273
105000213,156,14,142
105000214,53,33,20
105000215,78,38,40
105000216,32,1,31
105000217,0,0,0
105000218,921,208,713
105000221,72,35,37
105000222,32,37,-5
105000223,28,4,24
105000226,28,21,7
105000227,18,31,-13
105000228,32,563,-531
105000229,145,334,-189
105000231,298,43,255
105000233,377,380,-3
105000234,308,466,-158
105000235,224,200,24
105000237,369,18,351
105000243,69,51,18
105000248,2,15,-13
105000262,170,45,125
105000269,22,32,-10
105000270,266,3,263
105000271,0,14,-14
105000282,16,5,11
105000287,129,15,114
105000288,302,103,199
105000289,709,899,-190
105000290,16,67,-51
105000402,326,1205,-879
105000426,29,297,-268
105000438,582,555,27
105000446,2291,3905,-1614
105000447,2537,659,1878
105000454,0,0,0
105000455,60,26,34
105000474,44,0,44
105000477,123,185,-62
105000478,892,2560,-1668
105000479,29,50,-21
105000480,2508,3325,-817
105000481,1372,1045,327
105000482,917,1628,-711
105000483,559,1055,-496
105000484,661,1624,-963
105000485,1194,1511,-317
105000486,896,2082,-1186
105000488,842,1983,-1141
105000489,691,241,450
105000549,27,17,10
105000550,0,0,0
105000551,17,23,-6
105000552,761,347,414
105900001,1,19,-18
105900002,154,65,89
105900003,0,0,0
105900004,0,0,0
105900005,0,0,0
105900006,0,0,0
105900007,0,0,0
105900008,0,0,0
105900009,0,0,0
105900011,0,1,-1
105900012,19,8,11
105900013,0,1,-1
105900014,0,6,-6
105900015,0,0,0
105900016,45,15,30
105900017,0,0,0
105900018,0,0,0
105900019,1,0,1
105900020,0,0,0
105900021,0,2,-2
105900022,0,0,0
105900023,0,3,-3
105900024,4,5,-1
105900025,16,0,16
105900026,0,0,0
105900027,373,83,290
105900028,7,0,7
105900029,333,29,304
105900030,48,37,11
105900031,0,0,0
105900032,0,0,0
105900033,0,0,0
105900034,0,0,0
105900035,0,0,0
105900036,0,0,0
105900037,0,0,0
105900038,0,0,0
105900039,0,0,0
105900040,0,0,0
105900041,0,0,0
105900042,0,0,0
105900043,51,1,50
105900044,0,0,0
105900045,0,0,0
105900046,0,0,0
105900047,0,0,0
105900048,23,3,20
105900050,42,94,-52
105900051,1,27,-26
105900052,15,1,14
105900053,0,0,0
105900054,0,0,0
105900056,48,23,25
105900057,19,1,18
105900058,0,0,0
105900059,0,0,0
106000001,1097,716,381
106000002,121,722,-601
106000003,1446,1939,-493
106000004,515,2110,-1595
106000005,2263,2509,-246
106000006,1327,1483,-156
106000007,515,176,339
106000008,50,100,-50
106000009,409,151,258
106000010,36,101,-65
106000011,984,441,543
106000012,222,278,-56
106000013,1769,749,1020
106000014,240,276,-36
106000015,1932,700,1232
106000016,270,310,-40
106000017,993,374,619
106000018,59,141,-82
106000019,453,319,134
106000020,33,44,-11
106000021,377,267,110
106000022,45,25,20
106000023,989,213,776
106000024,112,87,25
106000025,283,271,12
106000026,6,31,-25
106000027,1466,733,733
106000028,33,23,10
106000029,16,21,-5
106000030,0,0,0
106000034,0,0,0
106000035,403,675,-272
106000036,0,0,0
106000037,194,88,106
106000038,9,5,4
106000039,14,18,-4
106000040,8,131,-123
106000041,379,140,239
106000043,191,45,146
106000046,97,6,91
106000047,0,0,0
106000049,492,19,473
106000050,87,133,-46
106000051,518,280,238
106000052,0,0,0
106000053,365,60,305
106000054,0,0,0
106000055,454,42,412
106000056,0,0,0
106000057,230,45,185
106000058,0,0,0
106000059,387,67,320
106000060,0,0,0
106000061,96,546,-450
106000062,0,0,0
106000063,601,578,23
106000064,0,0,0
106000065,419,65,354
106000066,44,11,33
106000067,372,60,312
106000068,35,8,27
106000069,171,17,154
106000070,97,8,89
106000071,600,95,505
106000072,486,784,-298
106000073,598,1228,-630
106000074,344,491,-147
106000075,103,277,-174
106000076,652,284,368
106000077,951,360,591
106000078,695,170,525
106000079,448,154,294
106000080,603,75,528
106000081,473,165,308
106000082,931,43,888
106000083,199,364,-165
106000084,760,144,616
106000085,382,322,60
106000086,297,139,158
106000087,368,143,225
106000088,259,185,74
106000089,523,43,480
106000090,314,276,38
106000091,149,80,69
106000092,176,130,46
106000093,411,47,364
106000094,0,0,0
106000095,585,131,454
106000096,627,119,508
106000097,538,85,453
106000098,732,125,607
106000099,44,97,-53
106000100,855,39,816
106000101,696,29,667
106000102,58,97,-39
106000103,69,163,-94
106000104,422,118,304
106000105,120,233,-113
106000106,401,216,185
106000107,56,140,-84
106000108,214,91,123
106000109,22,76,-54
106000110,151,47,104
106000111,66,93,-27
106000112,120,180,-60
106000113,93,232,-139
106000114,218,145,73
106000115,104,216,-112
106000116,194,163,31
106000117,27,131,-104
106000118,644,379,265
106000119,28,196,-168
106000120,356,568,-212
106000121,116,84,32
106000122,144,54,90
106000123,243,43,200
106000124,161,50,111
106000125,35,87,-52
106000126,320,37,283
106000127,321,110,211
106000128,458,70,388
106000129,208,145,63
106000130,717,182,535
106000131,17,320,-303
106000132,364,43,321
106000133,140,589,-449
106000134,264,1084,-820
106000135,1,129,-128
106000136,432,473,-41
106000137,0,117,-117
106000138,910,25,885
106000139,99,30,69
106000140,0,0,0
106000141,0,0,0
106000142,124,33,91
106000143,0,0,0
106000144,67,98,-31
106000145,0,0,0
106000146,327,105,222
106000147,149,117,32
106000148,152,399,-247
106000149,504,146,358
106000150,329,674,-345
106000151,792,305,487
106000152,644,959,-315
106000153,31,547,-516
106000154,531,96,435
106000155,69,75,-6
106000156,670,45,625
106000157,91,507,-416
106000158,527,355,172
106000159,328,652,-324
106000160,158,930,-772
106000161,190,75,115
106000162,196,418,-222
106000163,77,60,17
106000164,310,71,239
106000165,52,88,-36
106000166,500,46,454
106000167,194,297,-103
106000168,335,45,290
106000169,207,138,69
106000170,330,28,302
106000171,113,384,-271
106000172,797,114,683
106000173,503,581,-78
106000174,521,9,512
106000175,87,15,72
106000176,796,189,607
106000177,199,155,44
106000178,1108,148,960
106000179,54,95,-41
106000180,275,273,2
106000181,468,490,-22
106000182,1213,110,1103
106000183,824,112,712
106000184,521,110,411
106000185,357,359,-2
106000186,97,12,85
106000187,6,295,-289
106000188,0,0,0
106000189,2,20,-18
106000190,3,9,-6
106000191,182,10,172
106000192,0,0,0
106000193,70,79,-9
106000194,7,75,-68
106000195,36,22,14
106000196,20,209,-189
106000197,205,31,174
106000198,22,24,-2
106000199,148,149,-1
106000200,15,94,-79
106000201,63,1312,-1249
106000202,216,162,54
106000203,0,0,0
106000204,13,2,11
106000205,0,0,0
106000206,32,20,12
106000207,0,5,-5
106000208,646,30,616
106000209,964,116,848
106000210,27,18,9
106000211,8,52,-44
106000212,897,127,770
106000213,3,73,-70
106000214,605,134,471
106000215,56,222,-166
106000216,347,120,227
106000217,32,123,-91
106000218,275,42,233
106000219,51,79,-28
106000220,398,26,372
106000221,85,53,32
106000222,64,26,38
106000223,129,46,83
106000224,42,71,-29
106000225,25,88,-63
106000226,23,152,-129
106000228,0,0,0
106000229,0,0,0
106000231,450,6,444
106000232,0,0,0
106000233,116,10,106
106000234,0,0,0
106000235,27,25,2
106000236,0,0,0
106000237,0,0,0
106000238,1,39,-38
106000239,0,0,0
106000240,2,0,2
106000241,0,104,-104
106000242,53,11,42
106000249,133,10,123
106000250,4,127,-123
106000251,57,9,48
106000252,0,0,0
106000253,38,2,36
106000254,0,0,0
106000255,37,17,20
106000256,0,0,0
106000257,45,41,4
106000258,5,5,0
106000259,0,0,0
106000260,0,0,0
106000261,0,0,0
106000262,14,0,14
106000263,0,0,0
106000264,97,0,97
106000265,0,0,0
106000266,114,0,114
106000267,0,0,0
106000268,87,8,79
106000269,0,0,0
106000270,12,25,-13
106000271,14,11,3
106000272,0,0,0
106000273,0,23,-23
106000274,0,0,0
106000275,6,20,-14
106000276,0,0,0
106000277,7,9,-2
106000278,0,0,0
106000279,0,0,0
106000280,0,0,0
106000281,0,0,0
106000282,0,0,0
106000283,0,0,0
106000284,0,0,0
106000285,0,0,0
106000286,0,0,0
106000287,0,0,0
106000288,0,0,0
106000289,0,0,0
106000290,0,0,0
106000291,0,0,0
106000292,0,0,0
106000293,0,0,0
106000294,0,0,0
106000295,0,0,0
106000296,0,0,0
106000297,0,0,0
106000298,0,0,0
106000299,0,0,0
106000300,0,0,0
106000301,0,0,0
106000303,5,5,0
106000304,0,0,0
106000305,30,0,30
106000306,0,0,0
106000307,52,0,52
106000308,0,0,0
106000309,0,0,0
106000310,173,57,116
106000311,89,11,78
106000312,50,46,4
106000313,34,9,25
106000318,0,0,0
106000319,423,106,317
106000320,2,50,-48
106000321,7,102,-95
106000322,110,59,51
106000324,3,55,-52
106000325,1745,435,1310
106000326,161,271,-110
106000327,243,13,230
106000328,6,23,-17
106000329,6,31,-25
106000330,2,25,-23
106000428,49,186,-137
106000429,21,151,-130
106000430,35,331,-296
106000431,1012,173,839
106000432,58,509,-451
106000433,1419,613,806
106000434,2026,848,1178
106000435,100,520,-420
106000436,0,36,-36
106000437,221,52,169
106000438,69,229,-160
106000439,4,57,-53
106000440,77,143,-66
106000441,0,0,0
106000442,21,1,20
106000443,275,250,25
106000450,0,0,0
106000451,13,52,-39
106000454,0,0,0
106000455,0,4,-4
106000456,30,6,24
106000457,0,0,0
106000458,620,58,562
106000459,0,0,0
106000460,753,7,746
106000461,0,0,0
106000462,0,0,0
106000463,0,10,-10
106000464,0,0,0
106000465,439,3,436
106000466,0,0,0
106000467,1,59,-58
106000468,23,57,-34
106000469,63,1,62
106000470,1,14,-13
106000471,0,0,0
106000472,74,1,73
106000473,0,0,0
106000474,56,97,-41
106000475,109,134,-25
106000476,135,146,-11
106000477,0,0,0
106900001,0,0,0
106900002,0,0,0
106900003,0,0,0
106900004,1,0,1
106900006,0,0,0
106900007,0,0,0
106900008,0,0,0
106900009,0,0,0
106900010,0,0,0
106900012,0,0,0
106900013,0,0,0
106900014,0,0,0
106900015,0,0,0
106900016,0,0,0
106900017,0,0,0
106900018,0,0,0
106900019,17,0,17
106900020,0,0,0
106900021,4,0,4
106900022,0,0,0
106900023,0,0,0
106900024,0,0,0
106900025,0,0,0
106900026,0,0,0
106900027,247,0,247
107000001,1763,2215,-452
107000002,622,850,-228
107000003,4729,4555,174
107000004,1326,791,535
107000005,3857,3146,711
107000006,1301,799,502
107000007,3047,3409,-362
107000008,1696,1248,448
107000009,6645,6311,334
107000010,2072,1493,579
107000011,78,170,-92
107000012,849,237,612
107000013,0,0,0
107000014,0,0,0
107000015,0,0,0
107000016,0,0,0
107000017,338,169,169
107000018,1,124,-123
107000020,331,393,-62
107000021,226,109,117
107000022,363,499,-136
107000023,745,86,659
107000024,305,734,-429
107000025,62,114,-52
107000026,119,183,-64
107000027,617,150,467
107000028,440,309,131
107000029,1549,1048,501
107000030,771,696,75
107000031,1882,1005,877
107000032,135,380,-245
107000033,999,1336,-337
107000034,711,253,458
107000035,125,118,7
107000036,129,434,-305
107000037,58,500,-442
107000038,102,58,44
107000039,352,563,-211
107000040,122,47,75
107000041,431,270,161
107000042,159,811,-652
107000043,395,222,173
107000044,90,233,-143
107000045,44,186,-142
107000046,340,203,137
107000047,176,448,-272
107000048,337,237,100
107000049,194,396,-202
107000050,332,266,66
107000051,300,415,-115
107000052,460,547,-87
107000053,259,191,68
107000054,17,178,-161
107000055,120,76,44
107000056,587,675,-88
107000057,559,268,291
107000058,1553,1706,-153
107000059,212,391,-179
107000060,3508,3256,252
107000061,1142,764,378
107000062,3553,1505,2048
107000063,942,681,261
107000064,2737,1886,851
107000065,643,752,-109
107000066,1282,1653,-371
107000067,661,360,301
107000068,410,465,-55
107000069,404,658,-254
107000070,421,11,410
107000071,1640,11,1629
107000072,1,160,-159
107000073,312,114,198
107000074,66,89,-23
107000075,1429,153,1276
107000076,27,160,-133
107000077,1832,202,1630
107000078,84,221,-137
107000079,1591,328,1263
107000080,152,183,-31
107000081,1376,251,1125
107000082,184,303,-119
107000083,877,387,490
107000084,182,363,-181
107000085,1382,1078,304
107000086,601,823,-222
107000087,1088,784,304
107000088,503,706,-203
107000089,742,728,14
107000090,319,253,66
107000091,679,313,366
107000092,121,225,-104
107000093,414,538,-124
107000094,175,247,-72
107000095,784,441,343
107000096,84,142,-58
107000097,296,289,7
107000098,85,295,-210
107000099,240,289,-49
107000100,40,206,-166
107000101,170,141,29
107000102,153,249,-96
107000103,289,141,148
107000104,76,117,-41
107000105,439,66,373
107000106,78,56,22
107000107,406,100,306
107000108,70,133,-63
107000109,388,61,327
107000110,0,0,0
107000111,324,25,299
107000112,0,0,0
107000113,569,33,536
107000114,0,0,0
107000115,542,37,505
107000116,0,0,0
107000117,114,380,-266
107000118,0,0,0
107000119,413,884,-471
107000120,0,0,0
107000121,482,259,223
107000122,267,225,42
107000123,498,214,284
107000124,181,155,26
107000125,697,118,579
107000126,276,151,125
107000127,0,0,0
107000129,64,60,4
107000130,253,192,61
107000131,119,331,-212
107000132,193,144,49
107000133,102,2,100
107000134,166,0,166
107000135,0,97,-97
107000136,372,1,371
107000137,0,129,-129
107000138,14,2,12
107000139,1,107,-106
107000140,362,6,356
107000141,12,99,-87
107000142,77,8,69
107000143,1,131,-130
107000144,155,166,-11
107000145,30,97,-67
107000146,261,69,192
107000147,286,225,61
107000150,299,1285,-986
107000151,13,1,12
107000152,78,661,-583
107000153,7,35,-28
107000154,1,74,-73
107000155,546,10,536
107000156,552,5,547
107000157,14,234,-220
107000158,291,4,287
107000159,2,94,-92
107000160,812,54,758
107000161,2,158,-156
107000162,113,249,-136
107000163,78,7,71
107000164,394,0,394
107000165,712,5,707
107000166,1,84,-83
107000167,294,56,238
107000168,623,113,510
107000169,36,154,-118
107000170,1255,325,930
107000171,137,225,-88
107000172,650,608,42
107000173,159,79,80
107000174,381,1699,-1318
107000175,894,206,688
107000176,16,0,16
107000177,1,0,1
107000178,29,0,29
107000179,152,220,-68
107000180,1017,121,896
107000181,170,74,96
107000182,1395,60,1335
107000183,53,62,-9
107000184,553,71,482
107000185,103,87,16
107000186,613,60,553
107000187,444,424,20
107000188,59,92,-33
107000189,310,220,90
107000190,156,114,42
107000191,373,404,-31
107000192,339,68,271
107000193,124,228,-104
107000194,240,82,158
107000197,530,57,473
107000198,112,231,-119
107000199,306,140,166
107000200,116,241,-125
107000201,115,89,26
107000202,109,262,-153
107000203,161,440,-279
107000204,132,1182,-1050
107000205,270,100,170
107000206,118,740,-622
107000207,116,244,-128
107000208,128,168,-40
107000209,146,243,-97
107000210,31,64,-33
107000211,2,14,-12
107000212,0,46,-46
107000213,0,28,-28
107000214,1,22,-21
107000215,147,54,93
107000216,124,64,60
107000217,17,25,-8
107000219,24,74,-50
107000220,36,32,4
107000222,21,59,-38
107000224,167,10,157
107000225,49,183,-134
107000226,220,20,200
107000227,20,113,-93
107000228,6,76,-70
107000229,42,25,17
107000230,146,97,49
107000231,358,384,-26
107000232,25,6,19
107000233,38,140,-102
107000234,3,75,-72
107000235,58,8,50
107000236,0,0,0
107000237,18,0,18
107000238,35,1,34
107000239,571,144,427
107000240,6,40,-34
107000241,2,1,1
107000242,5,8,-3
107000243,0,82,-82
107000244,3,0,3
107000246,0,58,-58
107000249,0,37,-37
107000251,0,8,-8
107000252,0,86,-86
107000255,33,1,32
107000257,1,197,-196
107000258,1,34,-33
107000259,0,23,-23
107000260,1069,3,1066
107000262,0,61,-61
107000263,281,8,273
107000266,16,15,1
107000267,2,25,-23
107000268,72,30,42
107000269,2,1,1
107000270,81,50,31
107000271,1,0,1
107000272,59,0,59
107000273,0,53,-53
107000274,226,53,173
107000275,8,92,-84
107000280,563,6,557
107000281,1,65,-64
107000282,9,174,-165
107000290,3,11,-8
107000291,2,5,-3
107000292,0,30,-30
107000293,21,2,19
107000294,0,27,-27
107000295,13,0,13
107000296,0,6,-6
107000444,163,7,156
107000496,0,3,-3
107000497,195,228,-33
107000500,241,78,163
107000501,19,42,-23
107000502,105,45,60
107000505,51,279,-228
107000506,0,0,0
107000508,2,70,-68
107000509,65,273,-208
107000510,22,30,-8
107000514,11,84,-73
107000515,2,36,-34
107000516,398,99,299
107000518,625,421,204
107000519,85,30,55
107000520,31,4,27
107900001,9,0,9
107900002,8,0,8
107900003,6,0,6
107900004,18,0,18
107900005,753,1,752
107900006,20,1,19
107900007,108,2,106
107900008,24,0,24
107900009,19,0,19
107900010,1,0,1
107900012,62,1,61
107900013,18,0,18
107900014,7,0,7
107900015,252,4,248
107900016,37,4,33
107900017,0,0,0
107900018,7,38,-31
107900019,4,3,1
107900020,0,0,0
107900021,6,3,3
107900023,13,0,13
107900024,0,0,0
107900025,47,21,26
107900026,16,1,15
107900027,0,0,0
107900028,36,0,36
107900030,48,2,46
107900031,43,1,42
107900032,13,0,13
107900033,1,3,-2
107900034,45,0,45
107900035,249,6,243
107900036,6,6,0
107900037,0,0,0
107900038,4,39,-35
107900039,2,0,2
107900040,0,0,0
107900041,0,0,0
107900043,19,5,14
107900044,4,1,3
107900045,20,27,-7
107900046,40,24,16
107900047,0,0,0
107900048,42,3,39
107900049,5,77,-72
107900050,5,9,-4
107900051,14,0,14
107900052,0,0,0
107900053,7,7,0
107900055,77,11,66
107900056,15,45,-30
107900057,0,0,0
107900058,1,29,-28
107900060,0,0,0
107900061,0,0,0
107900063,1,25,-24
107900064,71,108,-37
107900065,94,0,94
107900066,1,0,1
107900067,0,0,0
107900068,32,103,-71
107900069,7,612,-605
107900070,14,11,3
107900071,2,40,-38
107900072,47,6,41
107900073,0,0,0
107900074,0,0,0
107900076,29,7,22
107900077,5,0,5
107900078,74,19,55
107900079,3,3,0
107900080,3,41,-38
107900081,0,0,0
107900082,0,0,0
107900083,51,37,14
107900084,32,23,9
107900086,4,26,-22
107900087,20,12,8
107900088,3,1,2
107900089,25,45,-20
107900090,7,243,-236
107900091,83,105,-22
107900092,140,4,136
107900093,0,0,0
107900095,186,231,-45
107900097,18,6,12
107900098,5,10,-5
107900100,85,374,-289
107900101,14,2,12
107900102,9,0,9
107900103,2,7,-5
107900104,0,0,0
107900105,1,145,-144
107900106,0,92,-92
107900107,0,0,0
107900108,4,3,1
107900109,686,14,672
107900110,47,1,46
107900111,0,26,-26
107900112,3,33,-30
107900113,0,0,0
107900114,114,15,99
107900115,0,0,0
107900116,55,28,27
107900117,72,85,-13
107900118,1,4,-3
107900119,17,18,-1
107900120,4,3,1
107900121,0,0,0
107900122,0,0,0
107900123,0,3,-3
107900124,0,0,0
107900125,0,23,-23
107900126,1,0,1
107900127,0,0,0
107900128,14,17,-3
107900129,2,1,1
107900130,0,0,0
107900131,3,10,-7
107900132,0,19,-19
107900133,0,0,0
107900134,4,2,2
107900135,0,4,-4
107900136,0,0,0
107900137,27,17,10
107900138,1,1,0
107900139,0,0,0
107900140,0,1,-1
107900141,2,7,-5
107900142,2,37,-35
107900143,10,1,9
107900144,0,8,-8
107900145,0,0,0
107900146,13,23,-10
107900147,1,1,0
107900148,1,5,-4
107900149,47,20,27
107900150,0,22,-22
107900151,0,1,-1
107900152,0,0,0
107900153,3,89,-86
107900154,2,3,-1
107900155,0,0,0
107900156,0,0,0
107900157,19,12,7
107900158,221,3,218
107900159,0,20,-20
107900160,57,35,22
107900161,0,9,-9
107900162,0,0,0
107900163,0,0,0
107900164,0,0,0
107900165,13,45,-32
107900166,2,2,0
107900167,0,0,0
107900168,8,1,7
107900169,3,7,-4
107900171,0,60,-60
107900172,1,0,1
107900173,1,8,-7
107900174,0,0,0
107900175,0,0,0
107900176,1,0,1
107900177,0,0,0
107900178,7,4,3
107900179,0,0,0
107900180,18,251,-233
107900181,0,0,0
107900182,0,18,-18
107900183,5,5,0
107900184,0,0,0
107900185,0,0,0
107900186,1,2,-1
107900187,0,4,-4
107900188,279,61,218
107900189,6,1,5
107900190,5,29,-24
107900191,0,0,0
107900193,0,0,0
107900194,0,0,0
107900195,116,8,108
107900196,0,0,0
107900197,3,13,-10
107900199,0,0,0
107900201,0,0,0
107900203,1,0,1
107900204,0,0,0
107900205,9,11,-2
107900206,20,84,-64
107900207,0,24,-24
107900208,0,16,-16
107900209,0,0,0
107900210,0,0,0
107900213,0,0,0
107900214,2,30,-28
107900215,24,48,-24
107900216,0,0,0
107900217,0,0,0
107900218,0,0,0
107900219,0,1,-1
107900220,0,0,0
107900221,3,4,-1
107900223,0,0,0
107900224,46,34,12
107900225,0,0,0
107900226,0,0,0
107900227,18,17,1
107900228,0,0,0
107900229,0,0,0
107900230,0,1,-1
107900231,0,0,0
107900232,35,7,28
107900233,0,0,0
107900234,0,0,0
107900235,1,7,-6
107900236,0,0,0
107900237,0,0,0
107900238,0,0,0
107900239,34,62,-28
107900240,1,1,0
107900241,0,0,0
107900242,4,7,-3
107900243,0,0,0
107900244,0,0,0
107900245,97,17,80
107900246,91,2,89
107900248,235,2,233
107900249,158,10,148
107900250,0,16,-16
107900251,1,22,-21
107900252,109,6,103
107900253,40,0,40
107900254,2,5,-3
107900255,17,5,12
107900256,16,0,16
107900257,59,30,29
107900258,3,13,-10
107900259,4,448,-444
107900261,1,108,-107
107900262,0,0,0
107900264,96,0,96
107900265,29,51,-22
107900267,129,0,129
107900268,0,0,0
107900269,0,0,0
107900270,0,0,0
107900271,0,0,0
107900272,16,1,15
107900273,24,0,24
107900274,69,1,68
107900275,2,0,2
107900276,0,0,0
107900277,0,0,0
107900278,146,0,146
107900279,0,0,0
107900280,392,118,274
107900281,116,956,-840
107900282,7,220,-213
107900283,135,81,54
107900284,305,70,235
107900285,25,2,23
107900286,0,1,-1
107900287,106,43,63
107900290,0,0,0
107900291,83,0,83
107900292,87,86,1
107900293,62,109,-47
107900295,26,0,26
107900297,0,2,-2
107900298,192,86,106
107900299,376,322,54
107900300,107,121,-14
107900301,52,143,-91
107900302,20,6,14
107900303,158,29,129
107900304,83,2,81
107900305,103,2,101
107900306,0,0,0
107900307,0,0,0
107900308,31,14,17
107900309,0,0,0
107900310,0,0,0
107900311,0,0,0
107900312,0,0,0
107900313,0,0,0
107900314,0,0,0
107900315,0,0,0
107900316,0,0,0
107900317,0,0,0
107900318,0,0,0
107900319,0,6,-6
107900320,0,1,-1
107900321,33,0,33
107900322,0,4,-4
107900323,5,2,3
107900324,60,0,60
107900325,57,0,57
107900326,80,18,62
107900327,0,0,0
107900328,0,0,0
107900329,0,0,0
107900330,0,8,-8
107900331,100,22,78
107900332,133,3,130
107900333,27,0,27
107900334,1,22,-21
107900335,3,2,1
107900336,1,4,-3
107900337,95,229,-134
107900338,0,0,0
107900339,0,1,-1
107900340,0,0,0
107900341,0,0,0
107900342,49,35,14
107900343,4,1,3
107900344,3,112,-109
107900345,45,4,41
107900346,2,0,2
107900347,8,0,8
107900348,2,0,2
107900349,34,0,34
107900350,2,38,-36
108000001,2455,1227,1228
108000002,128,180,-52
108000003,2047,1123,924
108000004,1352,3687,-2335
108000005,5967,2937,3030
108000006,892,1337,-445
108000007,3756,1987,1769
108000008,876,946,-70
108000009,3439,2056,1383
108000010,587,1008,-421
108000011,8859,4929,3930
108000012,3054,2510,544
108000014,206,456,-250
108000015,488,82,406
108000016,38,103,-65
108000017,590,121,469
108000018,1462,136,1326
108000019,341,120,221
108000020,746,170,576
108000021,88,60,28
108000022,177,325,-148
108000023,641,106,535
108000024,105,117,-12
108000025,202,21,181
108000026,459,77,382
108000027,400,7,393
108000028,550,71,479
108000029,284,4,280
108000030,337,31,306
108000031,76,6,70
108000032,1120,146,974
108000033,150,221,-71
108000034,1525,98,1427
108000035,185,414,-229
108000036,67,103,-36
108000037,1221,122,1099
108000038,1937,218,1719
108000039,64,95,-31
108000040,1518,359,1159
108000041,54,126,-72
108000042,270,35,235
108000043,60,16,44
108000044,791,27,764
108000045,41,5,36
108000046,1241,183,1058
108000047,162,205,-43
108000048,0,0,0
108000049,598,50,548
108000050,20,36,-16
108000051,218,97,121
108000052,8,42,-34
108000053,305,98,207
108000054,88,310,-222
108000055,629,146,483
108000056,157,169,-12
108000057,364,631,-267
108000058,1053,1713,-660
108000059,413,758,-345
108000060,107,178,-71
108000061,77,115,-38
108000062,562,172,390
108000063,268,150,118
108000064,146,137,9
108000065,332,163,169
108000066,671,65,606
108000067,1013,130,883
108000068,602,148,454
108000069,51,497,-446
108000070,1794,162,1632
108000071,97,472,-375
108000072,1267,282,985
108000073,304,343,-39
108000074,657,190,467
108000075,270,203,67
108000076,1081,169,912
108000077,119,142,-23
108000078,1531,330,1201
108000079,177,405,-228
108000080,1039,211,828
108000081,132,384,-252
108000082,211,121,90
108000083,966,365,601
108000084,89,81,8
108000085,546,260,286
108000086,95,46,49
108000087,105,1287,-1182
108000088,111,0,111
108000089,89,78,11
108000090,356,37,319
108000091,28,103,-75
108000092,233,24,209
108000093,89,108,-19
108000094,813,34,779
108000095,59,57,2
108000096,618,106,512
108000097,64,91,-27
108000098,1179,246,933
108000099,91,15,76
108000100,138,124,14
108000101,850,430,420
108000102,699,1221,-522
108000106,350,1,349
108000107,1,149,-148
108000108,335,15,320
108000109,0,91,-91
108000110,268,37,231
108000111,39,176,-137
108000112,29,119,-90
108000113,209,118,91
108000115,167,57,110
108000117,305,30,275
108000118,21,46,-25
108000119,373,37,336
108000120,90,275,-185
108000121,119,75,44
108000122,378,64,314
108000123,372,32,340
108000124,56,26,30
108000125,473,63,410
108000126,117,32,85
108000127,386,47,339
108000128,357,50,307
108000129,70,63,7
108000130,221,74,147
108000131,359,79,280
108000132,102,79,23
108000133,1409,75,1334
108000134,161,80,81
108000135,1016,178,838
108000136,26,45,-19
108000137,413,45,368
108000138,148,234,-86
108000139,500,185,315
108000140,419,6,413
108000141,7,51,-44
108000142,6,26,-20
108000143,8,4,4
108000144,365,8,357
108000145,44,9,35
108000146,371,5,366
108000147,8,7,1
108000148,163,3,160
108000149,0,3,-3
108000150,53,18,35
108000151,0,9,-9
108000152,20,46,-26
108000153,207,51,156
108000154,36,24,12
108000155,29,55,-26
108000156,270,98,172
108000157,36,652,-616
108000158,13,188,-175
108000159,93,40,53
108000160,927,418,509
108000161,680,805,-125
108000165,37,147,-110
108000172,0,64,-64
108000173,849,542,307
108000175,286,21,265
108000178,114,308,-194
108000179,125,453,-328
108000181,75,9,66
108000182,111,3,108
108000183,2,1,1
108000184,137,1431,-1294
108000185,0,10,-10
108000186,87,21,66
108000187,3,21,-18
108000188,201,6,195
108000189,163,928,-765
108000190,0,0,0
108000192,115,146,-31
108000193,26,26,0
108000194,8,1,7
108000195,0,10,-10
108000196,93,6,87
108000198,246,94,152
108000199,0,0,0
108000200,160,3,157
108000202,2,126,-124
108000203,0,17,-17
108000204,56,15,41
108000205,43,13,30
108000339,701,430,271
108000364,100,168,-68
108000365,17,50,-33
108000367,39,7,32
108000368,0,1,-1
108000369,107,38,69
108000371,2,172,-170
108000372,281,0,281
108000373,108,13,95
108000376,140,16,124
108000377,385,169,216
108000378,7227,6321,906
108000379,0,0,0
108000381,49,12,37
108000382,33,1,32
108000383,0,35,-35
108900001,3,25,-22
108900002,73,2,71
108900003,3,17,-14
108900004,184,191,-7
108900005,27,182,-155
108900006,182,108,74
108900007,145,54,91
108900008,160,40,120
108900009,68,43,25
108900010,177,43,134
108900011,486,53,433
108900012,284,73,211
108900013,91,62,29
108900014,0,7,-7
108900015,0,0,0
108900016,0,0,0
108900017,46,25,21
108900018,24,90,-66
108900019,0,11,-11
108900020,29,26,3
108900021,31,49,-18
108900022,71,0,71
108900023,3,2,1
108900024,3,3,0
108900025,87,19,68
108900026,0,0,0
108900027,0,9,-9
108900028,36,36,0
108900029,8,67,-59
108900030,0,0,0
108900031,16,25,-9
108900032,0,0,0
108900033,0,18,-18
108900034,0,9,-9
108900035,24,66,-42
108900036,104,79,25
108900037,0,0,0
108900038,0,20,-20
108900039,0,13,-13
108900040,6,21,-15
108900041,1146,1136,10
108900042,0,22,-22
108900043,0,0,0
108900044,0,12,-12
108900045,82,31,51
108900046,0,22,-22
108900047,0,12,-12
108900048,30,36,-6
108900049,137,344,-207
108900050,5,42,-37
108900051,0,5,-5
108900052,25,16,9
108900053,1,73,-72
108900054,10,3,7
108900055,1,17,-16
108900056,0,14,-14
108900057,0,32,-32
108900058,5,30,-25
108900059,213,16,197
108900060,25,82,-57
108900061,0,6,-6
108900062,1,18,-17
108900063,5,17,-12
108900064,30,13,17
108900065,19,9,10
108900066,199,34,165
108900067,5,13,-8
108900068,0,3,-3
108900069,48,1,47
108900070,10,7,3
108900071,94,11,83
108900072,144,106,38
108900073,13,8,5
108900074,68,9,59
108900075,6,8,-2
108900076,242,33,209
108900077,8,71,-63
108900078,19,10,9
108900079,94,17,77
108900080,23,201,-178
108900081,7,41,-34
108900082,63,6,57
108900083,0,51,-51
108900084,37,5,32
108900085,143,17,126
108900086,14,10,4
108900087,63,26,37
108900088,135,114,21
108900089,2,67,-65
108900090,21,4,17
108900091,20,4,16
108900092,98,65,33
108900093,37,32,5
108900094,47,8,39
108900095,0,36,-36
108900096,49,2,47
108900097,90,20,70
108900098,191,371,-180
108900099,166,13,153
108900100,2,42,-40
108900101,50,39,11
108900102,6,311,-305
108900103,55,46,9
108900104,15,34,-19
108900105,2,643,-641
108900106,256,27,229
108900108,59,3,56
108900109,39,13,26
108900110,60,51,9
108900111,181,62,119
108900112,69,1,68
108900113,16,21,-5
108900114,0,0,0
108900115,117,24,93
108900116,5,2,3
108900117,119,1,118
108900118,140,15,125
108900119,194,1,193
108900120,48,28,20
108900121,54,17,37
108900122,86,0,86
108900123,86,12,74
108900124,32,5,27
108900125,147,4,143
108900126,71,14,57
108900127,154,6,148
108900128,83,4,79
108900129,86,1,85
108900130,97,0,97
108900131,213,6,207
108900132,111,1,110
108900133,112,27,85
108900134,324,14,310
108900135,135,0,135
108900136,7,0,7
108900137,137,3,134
108900138,290,6,284
108900139,265,18,247
108900140,314,24,290
108900141,188,2,186
108900142,52,6,46
108900143,35,0,35
108900144,33,0,33
108900145,154,7,147
108900146,16,0,16
108900147,175,0,175
108900148,8,2,6
108900149,114,42,72
108900150,33,7,26
108900151,27,19,8
108900152,100,15,85
108900153,156,15,141
108900154,2000,128,1872
108900155,78,9,69
108900156,26,12,14
108900157,1,34,-33
108900158,204,1,203
108900159,0,26,-26
108900160,7,55,-48
108900161,0,65,-65
108900162,83,0,83
108900163,0,156,-156
108900164,12,6,6
108900165,21,8,13
108900167,94,3057,-2963
108900168,896,726,170
108900169,1,18,-17
108900171,538,1155,-617
108900172,49,10,39
108900173,59,26,33
108900174,534,50,484
108900176,0,62,-62
108900177,224,757,-533
108900178,263,1250,-987
108900179,38,606,-568
108900180,59,107,-48
108900182,14,120,-106
108900183,20,55,-35
108900184,215,104,111
108900185,8,99,-91
108900186,45,68,-23
108900187,396,7,389
108900188,339,11,328
108900189,132,13,119
108900190,1,69,-68
108900191,38,16,22
108900192,13,49,-36
108900193,1,19,-18
108900194,0,21,-21
108900195,18,18,0
108900196,4,6,-2
108900198,0,17,-17
108900199,47,64,-17
108900200,157,128,29
108900201,88,219,-131
108900203,254,23,231
108900204,123,2,121
108900205,148,4,144
108900206,82,14,68
108900207,28,36,-8
108900208,0,43,-43
108900209,35,41,-6
108900210,28,7,21
108900211,3,48,-45
108900212,12,146,-134
108900215,0,10,-10
108900216,62,75,-13
108900217,19,1,18
108900218,9,4,5
108900219,31,0,31
108900220,6,14,-8
108900221,0,0,0
108900222,86,2,84
108900223,0,0,0
108900224,0,0,0
108900225,0,0,0
108900226,117,2,115
108900227,17,72,-55
108900230,10,10,0
108900231,3,7,-4
108900232,0,12,-12
108900233,151,7,144
108900234,120,17,103
108900235,0,0,0
108900236,0,0,0
108900237,0,0,0
108900240,5,9,-4
108900241,3,40,-37
108900245,0,125,-125
108900249,4,0,4
108900250,51,2,49
108900257,59,0,59
108900258,1,3,-2
108900259,0,3,-3
108900260,0,0,0
108900261,1,4,-3
108900262,8,31,-23
108900263,10,5,5
108900264,16,25,-9
108900265,45,209,-164
108900266,18,259,-241
108900267,0,93,-93
108900268,17,2,15
108900269,36,0,36
108900270,13,1,12
108900271,5,0,5
108900272,130,2,128
108900273,54,257,-203
108900274,11,0,11
108900275,0,0,0
108900276,0,0,0
109000001,803,2397,-1594
109000002,1,250,-249
109000003,1494,333,1161
109000004,3,129,-126
109000005,1183,354,829
109000006,2,109,-107
109000007,1209,385,824
109000008,12,93,-81
109000009,1691,550,1141
109000010,9,136,-127
109000011,2333,862,1471
109000012,27,187,-160
109000013,3238,1849,1389
109000014,50,154,-104
109000015,2919,4834,-1915
109000016,79,223,-144
109000017,2041,482,1559
109000018,22,206,-184
109000019,1383,630,753
109000020,17,73,-56
109000023,32,0,32
109000024,0,38,-38
109000025,94,277,-183
109000026,266,260,6
109000027,18,173,-155
109000028,43,72,-29
109000029,74,128,-54
109000030,0,0,0
109000031,180,48,132
109000032,0,9,-9
109000033,318,73,245
109000034,6,8,-2
109000035,0,9,-9
109000036,5,107,-102
109000037,92,1022,-930
109000038,90,39,51
109000039,245,470,-225
109000040,333,3941,-3608
109000041,130,947,-817
109000042,226,469,-243
109000044,185,8,177
109000045,55,1,54
109000046,192,23,169
109000047,10,1,9
109000048,301,32,269
109000049,9,3,6
109000050,205,79,126
109000051,14,21,-7
109000052,78,48,30
109000053,332,88,244
109000054,12,19,-7
109000055,27,80,-53
109000056,66,14,52
109000057,52,350,-298
109000058,32,2,30
109000059,8,230,-222
109000060,41,162,-121
109000061,30,671,-641
109000062,28,153,-125
109000063,11,33,-22
109000064,131,19,112
109000065,8,26,-18
109000066,184,3,181
109000067,3,62,-59
109000068,121,6,115
109000069,114,3,111
109000070,0,7,-7
109000071,137,69,68
109000072,93,304,-211
109000073,20,71,-51
109000074,13,168,-155
109000075,43,2,41
109000076,9,134,-125
109000077,73,101,-28
109000078,35,35,0
109000079,71,24,47
109000080,84,15,69
109000081,47,67,-20
109000082,310,25,285
109000083,127,53,74
109000088,101,28,73
109000089,260,34,226
109000090,182,75,107
109000091,237,74,163
109000092,107,158,-51
109000093,262,39,223
109000094,521,1,520
109000095,14,50,-36
109000096,540,57,483
109000097,3,11,-8
109000098,37,28,9
109000099,384,11,373
109000100,36,173,-137
109000101,969,248,721
109000102,225,177,48
109000103,277,152,125
109000104,1129,257,872
109000105,137,176,-39
109000106,837,284,553
109000107,229,165,64
109000108,1278,267,1011
109000109,140,91,49
109000110,588,290,298
109000111,310,285,25
109000112,30,22,8
109000113,70,28,42
109000114,180,113,67
109000115,326,17,309
109000116,0,64,-64
109000117,140,9,131
109000118,0,35,-35
109000119,846,21,825
109000120,12,68,-56
109000121,510,4,506
109000122,21,78,-57
109000123,39,8,31
109000124,289,25,264
109000125,813,84,729
109000126,26,28,-2
109000127,1009,43,966
109000128,46,20,26
109000129,1483,101,1382
109000130,52,24,28
109000131,480,392,88
109000132,103,135,-32
109000133,12,111,-99
109000134,54,66,-12
109000135,95,34,61
109000136,145,114,31
109000137,399,78,321
109000138,122,93,29
109000139,305,58,247
109000140,118,157,-39
109000141,170,76,94
109000142,21,58,-37
109000143,41,36,5
109000145,17,38,-21
109000146,54,210,-156
109000148,67,148,-81
109000149,46,99,-53
109000150,31,93,-62
109000155,107,355,-248
109000156,210,11,199
109000158,3,208,-205
109000159,6,80,-74
109000160,588,53,535
109000161,265,116,149
109000162,873,161,712
109000163,626,99,527
109000164,741,546,195
109000165,717,243,474
109000166,373,20,353
109000167,62,113,-51
109000170,2,8,-6
109000171,46,3,43
109000172,0,7,-7
109000173,0,19,-19
109000174,17,5,12
109000175,24,21,3
109000176,115,102,13
109000177,8,16,-8
109000178,150,34,116
109000179,309,896,-587
109000180,803,628,175
109000181,10,5,5
109000182,67,35,32
109000183,28,6,22
109000184,25,41,-16
109000185,27,15,12
109000188,135,267,-132
109000189,654,67,587
109000190,145,125,20
109000191,282,126,156
109000192,258,21,237
109000193,105,31,74
109000194,65,6,59
109000195,26,9,17
109000196,76,7,69
109000197,127,19,108
109000198,122,6,116
109000199,30,12,18
109000206,155,4,151
109000207,85,21,64
109000208,116,63,53
109000209,49,33,16
109000210,6,51,-45
109000211,159,262,-103
109000214,199,188,11
109000215,118,21,97
109000216,151,184,-33
109000217,6,2,4
109000218,3,16,-13
109000221,28,101,-73
109000222,446,21,425
109000223,111,130,-19
109000224,91,40,51
109000225,48,15,33
109000226,41,62,-21
109000227,660,143,517
109000228,0,1,-1
109000231,2,25,-23
109000232,352,39,313
109000236,12,29,-17
109000241,526,277,249
109000242,478,91,387
109000293,9,54,-45
109000361,32,3,29
109000364,8,27,-19
109000396,0,48,-48
109000397,667,2,665
109000399,46,176,-130
109000400,73,33,40
109000403,3,808,-805
109000406,90,1,89
109000407,8,47,-39
109000408,0,63,-63
109000410,0,0,0
109000411,90,4,86
109900001,8,0,8
109900002,207,4,203
109900003,199,0,199
109900004,42,0,42
109900005,5,0,5
109900006,192,16,176
109900007,385,0,385
109900008,0,0,0
109900009,0,5,-5
109900010,0,0,0
109900011,3,10,-7
109900012,80,7,73
109900013,71,19,52
109900014,29,0,29
109900015,27,8,19
109900016,27,1,26
109900017,87,28,59
109900018,22,2,20
109900019,19,4,15
109900020,9,1,8
109900021,4,0,4
109900022,20,4,16
109900023,23,0,23
109900024,1,0,1
109900025,0,0,0
109900026,0,8,-8
109900027,2,4,-2
109900028,30,181,-151
109900029,0,18,-18
109900030,7,0,7
109900031,0,64,-64
109900032,0,0,0
109900033,0,62,-62
109900034,8,4,4
109900035,2,10,-8
109900036,0,0,0
109900037,0,0,0
109900038,0,21,-21
109900039,18,12,6
109900040,1,0,1
109900041,0,4,-4
109900042,1,0,1
109900044,16,21,-5
109900045,20,3,17
109900046,6,2,4
109900047,3,37,-34
109900048,1,3,-2
109900049,2,3,-1
109900050,0,6,-6
109900051,0,2,-2
109900052,0,29,-29
109900053,0,9,-9
109900054,427,16,411
109900055,19,20,-1
109900056,0,0,0
109900057,0,13,-13
109900058,0,0,0
109900059,434,4,430
109900060,121,1,120
109900061,0,8,-8
109900062,0,0,0
109900063,1,64,-63
109900064,103,30,73
109900065,11,20,-9
109900066,2,14,-12
109900067,0,0,0
109900068,132,9,123
109900069,0,2,-2
109900070,5,16,-11
109900071,0,1,-1
109900072,1,9,-8
109900073,124,10,114
109900074,0,1,-1
109900075,0,0,0
109900076,0,9,-9
109900077,4,22,-18
109900078,22,10,12
109900080,23,7,16
109900081,1,10,-9
109900082,11,5,6
109900083,2,3,-1
109900084,0,0,0
109900085,23,28,-5
109900086,2,106,-104
109900087,16,34,-18
109900089,66,3,63
109900090,31,50,-19
109900091,137,2,135
109900092,0,0,0
109900093,108,3,105
109900094,0,0,0
109900095,15,35,-20
109900096,25,0,25
109900097,0,0,0
109900098,163,0,163
109900099,211,1,210
109900100,1,0,1
109900101,394,0,394
109900102,0,0,0
109900103,12,1,11
109900104,559,22,537
109900105,0,0,0
109900106,0,0,0
109900107,0,0,0
109900108,0,0,0
109900109,0,0,0
109900110,4,0,4
109900111,34,39,-5
109900112,31,37,-6
109900113,288,115,173
109900114,149,30,119
109900115,55,15,40
109900117,425,20,405
109900118,20,37,-17
109900119,37,16,21
109900120,11,3,8
109900121,33,16,17
109900122,245,0,245
109900123,0,3,-3
109900124,1,7,-6
109900125,0,14,-14
109900126,84,2,82
109900128,122,1,121
109900130,253,344,-91
109900131,1,40,-39
109900132,0,10,-10
109900133,6,8,-2
109900134,0,0,0
109900135,0,0,0
109900136,0,0,0
109900137,41,24,17
109900138,48,24,24
109900140,24,5,19
109900141,64,29,35
109900142,207,6,201
109900145,0,43,-43
109900146,0,3,-3
109900148,23,11,12
109900149,0,2,-2
109900150,0,3,-3
109900151,0,0,0
109900152,1,7,-6
109900153,0,21,-21
109900154,3,0,3
109900155,11,2,9
109900157,9,21,-12
109900158,2,5,-3
109900159,24,0,24
109900160,9,1,8
109900161,51,8,43
109900162,73,19,54
109900163,134,38,96
109900164,76,101,-25
109900165,5,0,5
109900166,0,31,-31
109900167,16,19,-3
109900168,46,31,15
109900169,0,0,0
109900170,5,257,-252
109900171,25,29,-4
109900172,3,48,-45
109900173,48,247,-199
109900174,1,12,-11
109900175,0,0,0
109900176,0,0,0
109900177,0,0,0
109900178,0,0,0
109900179,0,0,0
109900180,0,0,0
110000001,98,112,-14
110000002,511,859,-348
110000003,138,160,-22
110000004,454,847,-393
110000005,238,1042,-804
110000006,89,564,-475
110000007,19,9,10
110000008,3,7,-4
110000009,2,1,1
110000010,8,36,-28
110000011,3,4,-1
110000012,93,275,-182
110000013,65,224,-159
110000014,408,70,338
110000015,130,303,-173
110000016,216,622,-406
110000017,933,370,563
110000018,285,114,171
110000019,10,10,0
110000020,184,52,132
110000021,82,45,37
110000022,272,6,266
110000023,2,22,-20
110000024,70,67,3
110000025,404,2,402
110000026,3,47,-44
110000027,207,272,-65
110000028,433,111,322
110000029,58,100,-42
110000030,148,254,-106
110000031,28,47,-19
110000032,321,86,235
110000033,21,17,4
110000034,159,176,-17
110000035,179,115,64
110000036,331,199,132
110000037,32,142,-110
110000038,96,215,-119
110000039,428,1259,-831
110000040,119,41,78
110000041,226,1154,-928
110000042,42,127,-85
110000043,317,233,84
110000044,29,56,-27
110000045,160,80,80
110000046,4,2,2
110000047,2,21,-19
110000048,7,8,-1
110000049,1,15,-14
110000050,3,16,-13
110000051,2,10,-8
110000052,58,84,-26
110000053,4,8,-4
110000054,33,66,-33
110000055,64,92,-28
110000056,96,82,14
110000057,36,63,-27
110000058,465,338,127
110000059,82,128,-46
110000060,864,380,484
110000061,139,153,-14
110000062,668,266,402
110000063,81,62,19
110000064,42,8,34
110000065,54,46,8
110000066,61,2,59
110000067,5,11,-6
110000068,14,9,5
110000069,300,3,297
110000071,159,2,157
110000073,1,3,-2
110000075,1,5,-4
110000076,167,93,74
110000077,78,181,-103
110000078,100,2,98
110000080,35,94,-59
110000081,9,64,-55
110000082,4,74,-70
110000083,105,126,-21
110000084,431,402,29
110000085,692,370,322
110000086,458,768,-310
110000087,26,16,10
110000088,30,63,-33
110000089,186,11,175
110000090,13,59,-46
110000091,63,41,22
110000092,0,4,-4
110000093,74,9,65
110000094,285,25,260
110000095,90,300,-210
110000096,294,250,44
110000097,499,844,-345
110000098,662,183,479
110000099,225,226,-1
110000100,497,6,491
110000101,0,40,-40
110000102,51,27,24
110000104,145,79,66
110000105,60,32,28
110000106,99,227,-128
110000107,33,89,-56
110000108,29,141,-112
110000109,4,39,-35
110000110,973,1494,-521
110000111,1196,1123,73
110000112,107,202,-95
110000113,49,678,-629
110000114,117,308,-191
110000115,99,91,8
110000116,21,10,11
110000117,120,53,67
110000118,353,32,321
110000119,60,28,32
110000120,88,47,41
110000121,11,94,-83
110000122,120,124,-4
110000123,242,230,12
110000124,2,190,-188
110000125,445,1,444
110000126,132,10,122
110000127,353,19,334
110000128,2,152,-150
110000129,0,39,-39
110000130,94,37,57
110000131,29,36,-7
110000132,0,65,-65
110000133,2,67,-65
110000134,2,63,-61
110000135,61,8,53
110000136,5,37,-32
110000137,286,13,273
110000138,123,49,74
110000139,548,57,491
110000140,471,122,349
110000143,107,52,55
110000144,949,430,519
110000145,365,212,153
110000146,541,110,431
110000147,32,326,-294
110000148,221,73,148
110000151,99,245,-146
110000152,154,495,-341
110000153,0,0,0
110000154,8,50,-42
110000155,406,486,-80
110000156,159,331,-172
110000157,181,522,-341
110000160,205,78,127
110000161,51,77,-26
110000166,359,6,353
110000167,775,317,458
110000168,450,349,101
110000169,380,98,282
110000170,74,77,-3
110000171,248,42,206
110000172,106,167,-61
110000173,192,203,-11
110000174,40,116,-76
110000175,405,19,386
110000176,49,310,-261
110000177,112,405,-293
110000178,292,955,-663
110000179,285,86,199
110000180,60,88,-28
110000181,162,72,90
110000182,144,20,124
110000183,2136,2964,-828
110000184,82,1266,-1184
110000185,156,263,-107
110000186,65,165,-100
110000191,822,95,727
110000192,310,0,310
110000193,539,6,533
110000194,3,91,-88
110000195,242,12,230
110000196,164,5,159
110000197,32,12,20
110000198,42,2,40
110000199,14,29,-15
110000200,153,45,108
110000201,235,393,-158
110000202,473,133,340
110000203,46,39,7
110000204,0,61,-61
110000205,164,16,148
110000206,56,82,-26
110000207,816,41,775
110000208,26,67,-41
110000209,27,51,-24
110000210,988,159,829
110000211,489,171,318
110000212,169,522,-353
110000213,85,12,73
110000214,118,15,103
110000215,6,62,-56
110000216,11,66,-55
110000217,263,41,222
110000218,39,39,0
110000219,127,12,115
110000220,6,21,-15
110000221,243,6,237
110000222,14,94,-80
110000223,11,37,-26
110000224,0,0,0
110000225,49,126,-77
110000226,134,11,123
110000227,59,134,-75
110000228,94,20,74
110000229,0,17,-17
110000230,337,279,58
110000231,74,64,10
110000232,32,65,-33
110000233,150,108,42
110000234,215,120,95
110000235,269,264,5
110000236,0,0,0
110000237,360,119,241
110000238,445,221,224
110000239,463,176,287
110000240,0,2,-2
110000242,0,0,0
110000243,66,2,64
110000244,9,55,-46
110000245,0,70,-70
110000246,307,110,197
110000247,284,370,-86
110000248,275,97,178
110000249,48,0,48
110000250,3,50,-47
110000251,137,66,71
110000252,145,31,114
110000253,487,206,281
110000254,247,63,184
110000255,43,59,-16
110000256,116,94,22
110000257,90,19,71
110000258,2,11,-9
110000259,54,2,52
110000260,23,35,-12
110000263,161,24,137
110000264,302,115,187
110000265,933,447,486
110000266,643,555,88
110000267,0,0,0
110000268,51,0,51
110000269,0,0,0
110000270,74,1,73
110000271,288,26,262
110000272,205,171,34
110000273,162,287,-125
110000274,77,803,-726
110000275,229,72,157
110000276,83,254,-171
110000277,191,52,139
110000278,174,114,60
110000279,524,100,424
110000280,361,96,265
110000281,57,16,41
110000282,68,1,67
110000283,6,19,-13
110000284,0,4,-4
110000285,0,15,-15
110000286,5,0,5
110000287,106,1,105
110000288,0,0,0
110000289,57,958,-901
110000290,84,96,-12
110000291,233,287,-54
110000292,384,1811,-1427
110000293,396,217,179
110000294,728,415,313
110000295,45,103,-58
110000296,303,66,237
110000297,796,28,768
110000298,1,24,-23
110000299,22,7,15
110000301,283,3,280
110000302,49,38,11
110000303,268,1,267
110000304,15,9,6
110000305,530,4,526
110000306,4,68,-64
110000307,624,0,624
110000308,367,5,362
110000309,0,90,-90
110000310,529,31,498
110000311,2,177,-175
110000312,264,15,249
110000313,519,83,436
110000314,0,28,-28
110000315,319,616,-297
110000316,14,230,-216
110000317,34,42,-8
110000318,0,20,-20
110000319,3,9,-6
110000320,2,36,-34
110000321,7,27,-20
110000322,34,117,-83
110000323,308,95,213
110000324,166,53,113
110000325,828,1207,-379
110000327,223,107,116
110000328,24,25,-1
110000333,302,340,-38
110000334,65,176,-111
110000335,209,120,89
110000336,56,112,-56
110000337,1037,118,919
110000338,247,81,166
110000339,273,27,246
110000340,3,14,-11
110000341,199,7,192
110000342,26,0,26
110000343,0,0,0
110000344,1,15,-14
110000345,30,51,-21
110000346,578,509,69
110000347,868,275,593
110000348,0,2,-2
110000349,4,1,3
110000350,6,0,6
110000351,759,154,605
110000352,173,525,-352
110000353,986,154,832
110000354,143,736,-593
110000355,50,1,49
110000356,269,3,266
110000357,215,26,189
110000361,0,0,0
110000362,114,12,102
110000363,244,6,238
110000364,166,113,53
110000365,41,0,41
110000366,0,39,-39
110000367,154,56,98
110000368,0,10,-10
110000369,28,0,28
110000373,1,37,-36
110000374,7,21,-14
110000375,94,106,-12
110000376,6,32,-26
110000377,36,236,-200
110000378,1,98,-97
110000379,1039,1313,-274
110000380,74,2,72
110000383,0,97,-97
110000384,316,12,304
110000385,0,29,-29
110000387,9,0,9
110000388,4,27,-23
110000389,538,1,537
110000391,345,12,333
110000396,56,0,56
110000397,49,9,40
110000398,0,12,-12
110000399,85,0,85
110000587,107,19,88
110000589,103,11,92
110000640,82,16,66
110000652,1,32,-31
110000653,30,40,-10
110000654,0,0,0
110000656,0,0,0
110000674,1,0,1
110000675,0,0,0
110000676,0,0,0
110000679,0,0,0
110000682,83,104,-21
110000683,198,104,94
110000684,0,0,0
110000685,13,1,12
110000686,0,0,0
110000687,4,0,4
110000688,2,171,-169
110000689,14,14,0
110000692,1,19,-18
110000693,5,102,-97
110000694,0,0,0
110000695,3,39,-36
110000696,101,5,96
110900001,35,1,34
110900002,63,1,62
110900003,220,3,217
110900004,210,12,198
110900005,0,0,0
110900006,3,2,1
110900007,47,11,36
110900008,0,0,0
110900009,5,51,-46
110900010,0,0,0
110900011,2,8,-6
110900012,0,0,0
110900013,231,4,227
110900014,22,0,22
110900015,14,160,-146
110900016,0,0,0
110900017,163,10,153
110900018,59,1,58
110900019,0,0,0
110900020,0,0,0
110900021,0,0,0
110900022,0,0,0
110900023,9,36,-27
110900024,0,0,0
110900025,0,0,0
110900027,0,0,0
110900028,0,0,0
110900029,0,3,-3
110900030,0,0,0
110900031,0,0,0
110900032,0,0,0
110900033,1,2,-1
110900035,0,0,0
110900036,7,0,7
110900037,19,0,19
110900038,0,0,0
110900039,0,0,0
110900040,39,1,38
110900041,0,0,0
110900042,0,0,0
110900043,0,0,0
110900044,0,0,0
110900045,0,0,0
110900046,0,0,0
110900047,0,0,0
110900049,7,10,-3
110900050,2,0,2
110900051,0,0,0
110900052,0,0,0
110900053,0,0,0
110900054,0,1,-1
110900055,11,0,11
110900056,0,0,0
110900057,0,0,0
110900058,0,0,0
110900059,1,4,-3
110900060,31,13,18
110900061,0,0,0
110900062,0,0,0
110900063,0,7,-7
110900064,2,0,2
110900065,1,10,-9
110900066,1,7,-6
110900067,0,0,0
110900068,0,0,0
110900069,0,7,-7
110900070,0,0,0
110900071,0,0,0
110900073,0,0,0
110900074,127,0,127
110900075,48,0,48
110900077,293,44,249
110900078,0,0,0
110900079,107,171,-64
110900080,47,4,43
110900081,0,0,0
110900082,18,6,12
110900083,5,2,3
110900084,0,0,0
110900085,4,11,-7
110900086,2,20,-18
110900087,16,33,-17
110900088,1,0,1
110900090,0,0,0
110900091,0,0,0
110900093,0,0,0
110900095,7,2,5
110900097,2,0,2
110900098,2,5,-3
110900099,11,46,-35
110900100,0,0,0
110900102,22,0,22
110900105,26,15,11
110900108,7,9,-2
110900111,14,7,7
110900112,156,0,156
110900113,36,3,33
110900115,0,0,0
110900116,186,54,132
110900118,3,411,-408
110900119,42,0,42
110900120,0,0,0
110900121,4,0,4
110900122,21,2,19
110900125,63,98,-35
110900127,0,0,0
110900128,1,4,-3
110900129,5,79,-74
110900130,2,68,-66
110900131,28,6,22
110900132,72,6,66
110900133,0,0,0
110900135,0,0,0
110900136,50,0,50
110900137,1,0,1
110900138,77,32,45
110900139,0,19,-19
110900140,5,1,4
110900141,1,7,-6
110900142,0,0,0
110900143,40,10,30
110900144,0,0,0
110900145,11,22,-11
110900146,40,42,-2
110900147,0,0,0
110900148,0,0,0
110900149,0,0,0
110900150,2,11,-9
110900151,0,1,-1
110900152,0,22,-22
110900153,36,12,24
111000001,307,241,66
111000002,31,25,6
111000003,682,428,254
111000004,7,24,-17
111000005,519,722,-203
111000006,13,39,-26
111000007,1137,1275,-138
111000008,154,142,12
111000009,59,254,-195
111000010,614,326,288
111000011,75,195,-120
111000012,70,359,-289
111000013,104,321,-217
111000014,574,189,385
111000017,1,48,-47
111000018,1,22,-21
111000020,38,179,-141
111000021,16,23,-7
111000023,56,56,0
111000025,293,543,-250
111000029,4,27,-23
111000030,0,7,-7
111000031,971,446,525
111000032,445,125,320
111000033,135,32,103
111000034,26,81,-55
111000037,285,486,-201
111000038,498,388,110
111000039,456,418,38
111000040,527,414,113
111000041,112,191,-79
111000042,357,854,-497
111000043,1131,1199,-68
111000044,755,156,599
111000045,1602,737,865
111000046,729,657,72
111000047,1255,2499,-1244
111000049,16,25,-9
111000050,97,92,5
111000051,99,60,39
111000052,66,91,-25
111000053,6,71,-65
111000054,22,105,-83
111000055,317,286,31
111000056,65,76,-11
111000057,23,40,-17
111000058,235,26,209
111000059,312,106,206
111000060,2674,257,2417
111000061,384,130,254
111000062,834,104,730
111000063,608,283,325
111000064,779,124,655
111000065,1054,161,893
111000066,505,91,414
111000067,160,52,108
111000068,52,99,-47
111000069,126,195,-69
111000070,80,57,23
111000071,2,4,-2
111000072,771,438,333
111000073,137,665,-528
111000074,915,485,430
111000075,309,133,176
111000076,600,99,501
111000077,617,383,234
111000078,481,121,360
111000079,424,137,287
111000080,192,157,35
111000081,269,1101,-832
111000082,274,88,186
111000084,219,226,-7
111000085,423,420,3
111000086,525,258,267
111000087,381,152,229
111000088,643,432,211
111000089,266,202,64
111000090,211,217,-6
111000091,181,134,47
111000092,783,226,557
111000093,362,198,164
111000094,507,200,307
111000095,314,877,-563
111000096,445,2799,-2354
111000097,272,178,94
111000098,87,98,-11
111000099,93,177,-84
111000100,48,126,-78
111000101,59,101,-42
111000102,4,48,-44
111000104,368,22,346
111000107,1,78,-77
111000109,333,12,321
111000110,427,165,262
111000111,1477,57,1420
111000112,1098,54,1044
111000113,427,747,-320
111000114,317,1205,-888
111000115,1287,210,1077
111000116,275,75,200
111000117,118,77,41
111000118,238,77,161
111000119,625,118,507
111000120,246,118,128
111000121,72,151,-79
111000122,197,131,66
111000123,333,332,1
111000124,165,315,-150
111000125,87,120,-33
111000126,55,79,-24
111000127,428,23,405
111000128,1471,60,1411
111000129,1560,236,1324
111000130,1630,230,1400
111000131,1554,115,1439
111000132,1192,447,745
111000133,112,17,95
111000134,70,3,67
111000135,9,49,-40
111000136,279,84,195
111000138,4,0,4
111000140,0,0,0
111000141,30,25,5
111000142,0,6,-6
111000143,0,9,-9
111000144,0,15,-15
111000145,32,0,32
111000146,33,1,32
111000147,33,5,28
111000148,28,15,13
111000149,0,25,-25
111000150,14,2,12
111000151,2,1,1
111000153,135,36,99
111000154,31,24,7
111000155,78,42,36
111000156,238,111,127
111000157,81,196,-115
111000158,385,287,98
111000159,587,411,176
111000160,211,78,133
111000161,3,77,-74
111000162,0,6,-6
111000163,100,89,11
111000164,19,291,-272
111000165,297,80,217
111000166,47,18,29
111000167,15,69,-54
111000168,70,64,6
111000169,129,37,92
111000170,82,32,50
111000171,65,26,39
111000172,54,41,13
111000173,113,79,34
111000174,60,22,38
111000175,4,27,-23
111000176,201,36,165
111000177,320,20,300
111000178,925,49,876
111000179,259,23,236
111000180,148,158,-10
111000181,323,49,274
111000182,142,36,106
111000183,77,41,36
111000184,169,26,143
111000185,108,17,91
111000186,80,6,74
111000187,95,11,84
111000188,185,55,130
111000189,24,104,-80
111000190,84,39,45
111000191,49,36,13
111000192,6,62,-56
111000193,39,20,19
111000194,2,18,-16
111000195,9,46,-37
111000196,11,21,-10
111000197,211,24,187
111000198,235,17,218
111000199,116,66,50
111000200,527,162,365
111000201,307,15,292
111000202,188,12,176
111000203,254,74,180
111000204,171,252,-81
111000213,155,158,-3
111000214,451,293,158
111000215,329,179,150
111000217,796,175,621
111000218,550,229,321
111000219,30,22,8
111000220,231,24,207
111000221,71,10,61
111000224,0,3,-3
111000225,371,191,180
111000226,11,1,10
111000227,8,1,7
111000228,1,355,-354
111000229,4,587,-583
111000230,71,34,37
111000231,416,29,387
111000232,271,145,126
111000233,304,55,249
111000234,31,102,-71
111000239,0,0,0
111000240,41,61,-20
111000241,0,0,0
111000242,64,33,31
111000243,0,0,0
111000244,302,9,293
111000245,397,45,352
111000246,257,66,191
111000247,229,93,136
111000248,414,84,330
111000249,217,29,188
111000250,26,17,9
111000251,106,49,57
111000253,15,1,14
111000255,15,3,12
111000257,21,2,19
111000260,0,53,-53
111000261,626,28,598
111000271,2,18,-16
111000273,427,425,2
111000274,464,360,104
111000275,19,17,2
111000276,72,275,-203
111000277,75,69,6
111000278,323,32,291
111000291,466,3857,-3391
111000298,218,65,153
111000299,57,2,55
111000300,5,22,-17
111000302,142,21,121
111000303,80,45,35
111000312,51,3,48
111000315,0,12,-12
111000320,30,98,-68
111000321,255,32,223
111000322,185,30,155
111000323,146,15,131
111000324,135,49,86
111000325,10,13,-3
111000326,67,47,20
111000327,158,87,71
111000328,91,99,-8
111000329,0,35,-35
111000330,6,22,-16
111000331,2,2,0
111000332,146,198,-52
111000334,29,174,-145
111000335,428,7,421
111000337,739,2,737
111000338,20,6,14
111000339,216,11,205
111000340,7,66,-59
111000341,636,156,480
111000342,2,39,-37
111000344,561,146,415
111000345,14,11,3
111000346,0,30,-30
111000347,122,0,122
111000350,53,93,-40
111000351,15,198,-183
111000352,60,24,36
111000353,19,145,-126
111000354,119,22,97
111000355,19,119,-100
111000358,55,45,10
111000360,93,24,69
111000361,33,16,17
111000546,68,0,68
111000547,197,23,174
111000548,13,11,2
111000549,137,26,111
111000550,0,93,-93
111000551,21,17,4
111000552,78,23,55
111000907,124,11,113
111000908,42,2,40
111000916,519,5,514
111000917,0,5,-5
111000918,65,40,25
111000920,108,4,104
111000921,2,14,-12
111000922,134,7,127
111000924,1,115,-114
111000925,2487,1061,1426
111000926,645,337,308
111000927,1897,2259,-362
111000928,1294,651,643
111000929,1405,581,824
111000930,480,694,-214
111000931,1738,729,1009
111000932,903,673,230
111000933,2257,1409,848
111000934,434,555,-121
111000935,1377,366,1011
111000936,315,406,-91
111000937,810,542,268
111000938,572,348,224
111000939,504,15,489
111000940,340,15,325
111000941,185,17,168
111000943,326,39,287
111000944,14,45,-31
111000945,214,20,194
111001109,240,215,25
111001110,58,2,56
111001111,18,2,16
111001112,240,31,209
111001113,0,58,-58
111001114,102,5,97
111001115,0,0,0
111001116,412,2365,-1953
111001117,26,144,-118
111001120,31,21,10
111001121,6,22,-16
111001122,71,25,46
111001123,70,41,29
111900001,4,0,4
111900002,0,10,-10
111900003,1,16,-15
111900004,0,14,-14
111900006,0,0,0
111900007,0,0,0
111900008,0,0,0
111900009,51,7,44
111900010,2,5,-3
111900012,3,2,1
111900013,3,16,-13
111900014,381,1591,-1210
111900015,0,2,-2
111900016,0,2,-2
111900017,0,1,-1
111900018,53,26,27
111900019,0,35,-35
111900020,1,7,-6
111900021,4,9,-5
111900022,0,0,0
111900023,71,4,67
111900024,2,5,-3
111900025,0,4,-4
111900026,0,4,-4
111900027,0,2,-2
111900028,0,0,0
111900029,0,0,0
111900030,0,0,0
111900031,3,0,3
111900032,0,0,0
111900033,0,3,-3
111900034,0,3,-3
111900035,0,0,0
111900036,0,0,0
111900038,0,0,0
111900039,0,0,0
111900040,0,0,0
111900042,0,0,0
111900043,0,0,0
111900044,0,1,-1
111900046,0,0,0
111900048,215,59,156
111900049,0,0,0
111900050,0,0,0
111900051,0,13,-13
111900052,0,0,0
111900053,32,631,-599
111900054,0,0,0
111900055,3,66,-63
111900056,6,56,-50
111900057,59,9,50
111900058,250,32,218
111900059,97,41,56
111900060,0,0,0
111900061,0,6,-6
111900062,42,4,38
111900063,8,0,8
111900064,28,28,0
111900065,41,13,28
111900066,22,0,22
111900067,0,0,0
111900068,1,8,-7
111900069,57,20,37
111900070,39,0,39
111900071,0,0,0
111900072,36,6,30
111900073,111,19,92
111900074,0,0,0
111900075,62,1,61
111900076,21,14,7
111900077,24,2,22
111900078,71,10,61
111900079,33,14,19
111900080,0,0,0
111900081,0,0,0
111900082,296,41,255
111900083,70,5,65
111900084,102,14,88
111900085,0,0,0
111900086,196,13,183
111900087,22,1,21
111900088,148,3,145
111900089,51,2,49
111900090,0,0,0
111900091,573,0,573
111900092,75,0,75
111900093,126,4,122
111900094,23,0,23
111900095,0,0,0
111900096,177,0,177
111900097,55,0,55
111900098,86,0,86
111900099,51,0,51
111900100,0,0,0
111900101,18,2,16
111900102,178,0,178
111900103,0,0,0
111900104,0,0,0
111900105,19,6,13
111900106,35,11,24
111900107,0,0,0
111900108,0,0,0
111900109,0,0,0
111900110,0,0,0
111900111,126,13,113
111900112,0,0,0
111900113,40,23,17
111900114,26,6,20
111900115,2,1,1
111900118,13,2,11
111900119,3,9,-6
111900122,7,24,-17
111900123,0,1,-1
111900124,22,2,20
111900125,24,6,18
111900126,71,0,71
111900127,0,0,0
111900128,0,0,0
111900129,38,2,36
111900130,3,5,-2
111900131,60,0,60
111900132,0,1,-1
111900133,0,0,0
111900134,0,0,0
111900135,0,0,0
111900136,0,0,0
111900137,3,19,-16
111900138,3,21,-18
111900139,5,3,2
111900140,133,18,115
111900141,93,1,92
111900142,39,2,37
111900143,0,0,0
111900144,13,0,13
111900145,0,0,0
111900146,0,0,0
111900147,0,0,0
111900148,0,0,0
111900149,0,0,0
111900150,0,0,0
111900151,0,0,0
111900152,0,0,0
111900153,0,0,0
111900154,0,0,0
111900155,0,0,0
111900156,0,0,0
111900157,0,0,0
111900158,0,0,0
111900159,7,0,7
111900160,0,0,0
111900161,1,0,1
111900162,0,0,0
111900163,0,2,-2
111900164,0,0,0
111901113,179,0,179
111901114,82,0,82
111901115,0,0,0
111901116,0,0,0
111901117,0,0,0
111901118,0,0,0
111901119,1,0,1
111901120,0,0,0
111901121,1,0,1
111901122,6,1,5
111901123,56,1,55
111901124,0,0,0
111901125,205,42,163
111901126,0,0,0
111901127,0,0,0
111901128,0,0,0
111901129,0,0,0
111901130,0,0,0
111901131,1,85,-84
111901132,0,0,0
111901133,0,0,0
111901134,0,0,0
111901135,0,0,0
111901136,0,0,0
111901137,0,0,0
111901138,0,0,0
111901139,0,0,0
111901140,0,0,0
111901141,0,0,0
111901142,0,0,0
111901143,0,0,0
111901144,0,0,0
111901145,3,2,1
112000001,1346,654,692
112000002,118,232,-114
112000003,754,387,367
112000004,68,99,-31
112000005,3011,1880,1131
112000006,116,90,26
112000007,2700,1700,1000
112000008,1911,2823,-912
112000009,1817,687,1130
112000010,1122,2756,-1634
112000011,809,440,369
112000012,2602,4421,-1819
112000013,998,639,359
112000014,285,2757,-2472
112000015,294,807,-513
112000016,594,1295,-701
112000017,125,670,-545
112000024,148,71,77
112000026,412,503,-91
112000027,365,596,-231
112000028,372,110,262
112000029,168,516,-348
112000030,7,4,3
112000031,487,1768,-1281
112000032,25,1,24
112000033,462,1186,-724
112000034,12,3,9
112000035,0,36,-36
112000036,64,438,-374
112000037,70,146,-76
112000038,175,391,-216
112000039,31,39,-8
112000040,21,71,-50
112000041,136,214,-78
112000042,430,37,393
112000050,811,905,-94
112000051,663,854,-191
112000054,336,497,-161
112000057,19,110,-91
112000058,31,212,-181
112000059,201,179,22
112000061,891,369,522
112000062,260,435,-175
112000063,333,399,-66
112000064,773,745,28
112000065,523,263,260
112000066,714,685,29
112000067,129,105,24
112000068,1167,922,245
112000069,67,312,-245
112000070,339,248,91
112000071,208,269,-61
112000072,951,222,729
112000073,123,218,-95
112000074,521,292,229
112000075,792,635,157
112000076,918,268,650
112000077,764,195,569
112000078,1057,273,784
112000079,1238,484,754
112000080,291,245,46
112000081,366,484,-118
112000082,590,514,76
112000083,302,492,-190
112000084,673,327,346
112000085,776,435,341
112000086,1507,547,960
112000087,305,63,242
112000088,470,174,296
112000089,152,89,63
112000090,130,95,35
112000091,200,106,94
112000092,1374,103,1271
112000093,351,111,240
112000094,617,109,508
112000095,348,90,258
112000096,595,174,421
112000097,1077,303,774
112000098,28,48,-20
112000099,226,1148,-922
112000100,1285,173,1112
112000101,26,45,-19
112000102,703,106,597
112000103,68,49,19
112000105,12,108,-96
112000106,885,61,824
112000107,16,66,-50
112000108,152,344,-192
112000109,58,47,11
112000110,615,182,433
112000111,141,370,-229
112000112,1209,108,1101
112000113,113,158,-45
112000114,973,199,774
112000115,146,11,135
112000116,38,29,9
112000117,35,52,-17
112000118,172,113,59
112000119,96,113,-17
112000120,6,21,-15
112000121,86,129,-43
112000122,269,39,230
112000123,448,27,421
112000124,260,18,242
112000125,139,71,68
112000126,305,127,178
112000127,810,966,-156
112000128,110,372,-262
112000129,97,7,90
112000130,31,8,23
112000131,26,4,22
112000132,6,21,-15
112000133,203,18,185
112000134,135,61,74
112000135,573,100,473
112000136,155,278,-123
112000137,688,204,484
112000138,290,241,49
112000139,71,241,-170
112000140,44,59,-15
112000141,301,84,217
112000142,10,63,-53
112000143,586,70,516
112000144,38,130,-92
112000145,1459,167,1292
112000146,72,204,-132
112000147,1104,484,620
112000148,141,193,-52
112000149,226,89,137
112000150,2,17,-15
112000151,153,33,120
112000152,32,10,22
112000153,35,29,6
112000154,57,0,57
112000155,40,31,9
112000157,14,283,-269
112000158,115,33,82
112000159,102,67,35
112000167,10,15,-5
112000169,29,388,-359
112000173,445,13,432
112000175,151,98,53
112000176,606,425,181
112000177,135,15,120
112000178,38,59,-21
112000179,103,6,97
112000180,11,1,10
112000181,351,109,242
112000182,890,72,818
112000183,25,17,8
112000184,218,31,187
112000185,35,15,20
112000187,876,245,631
112000195,49,6,43
112000196,40,0,40
112000197,4,31,-27
112000198,1,22,-21
112000199,8,71,-63
112000202,185,0,185
112000216,8,12,-4
112000230,70,1,69
112000231,1,4,-3
112000256,59,101,-42
112000313,16,9,7
112000314,7,13,-6
112000337,13,77,-64
112000352,3,4,-1
112000392,781,736,45
112000398,803,330,473
112000399,255,2580,-2325
112000400,250,525,-275
112000401,542,516,26
112000402,1924,3051,-1127
112000403,452,2393,-1941
112000404,367,856,-489
112000405,1964,1721,243
112000406,1025,730,295
112000407,3788,2536,1252
112000408,1425,952,473
112000409,433,722,-289
112000410,0,0,0
112000411,326,42,284
112000412,0,0,0
112000413,115,216,-101
112000414,49,7,42
112000415,44,6,38
112000416,1540,514,1026
112000417,131,74,57
112000421,3,5,-2
112000422,76,20,56
112000424,182,688,-506
112000425,12,86,-74
112000426,22,31,-9
112000427,0,8,-8
112000428,51,35,16
112000429,812,1035,-223
112000430,989,1527,-538
112000431,60,97,-37
112000432,88,77,11
112000433,211,329,-118
112000437,63,103,-40
112900001,20,1,19
112900002,119,10,109
112900003,14,0,14
112900004,38,0,38
112900005,68,0,68
112900006,0,0,0
112900007,95,7,88
112900008,0,0,0
112900009,53,1,52
112900010,15,0,15
112900011,0,0,0
112900012,0,1,-1
112900013,0,42,-42
112900014,0,0,0
112900015,1,17,-16
112900016,0,0,0
112900017,1,10,-9
112900018,0,0,0
112900019,0,0,0
112900020,26,30,-4
112900021,0,0,0
112900022,1,2,-1
112900023,0,0,0
112900024,0,0,0
112900025,3,8,-5
112900026,1,0,1
112900027,0,0,0
112900028,0,0,0
112900029,33,5,28
112900030,0,0,0
112900031,0,0,0
112900032,0,0,0
112900034,1,7,-6
112900035,0,0,0
112900036,0,0,0
112900037,0,0,0
112900038,32,0,32
112900039,0,0,0
112900040,0,0,0
112900041,10,65,-55
112900042,0,0,0
112900043,0,0,0
112900044,2,0,2
112900045,0,0,0
112900046,0,0,0
112900047,0,0,0
112900049,0,0,0
112900050,9,0,9
112900051,0,0,0
112900052,10,0,10
112900053,0,0,0
112900054,5,0,5
112900055,0,0,0
112900056,1,0,1
112900057,0,0,0
112900058,15,26,-11
112900059,0,0,0
112900060,0,0,0
112900061,0,0,0
112900062,0,0,0
112900063,0,0,0
112900064,0,0,0
112900065,0,0,0
112900066,49,17,32
112900067,0,0,0
112900068,0,0,0
112900069,0,0,0
112900071,0,0,0
112900072,3,42,-39
112900073,33,18,15
112900074,0,0,0
112900075,18,1,17
112900076,0,0,0
112900078,0,0,0
112900079,0,0,0
112900080,0,0,0
112900081,2,9,-7
112900082,69,1,68
112900083,0,0,0
112900084,0,0,0
112900085,0,0,0
112900086,0,0,0
112900087,63,0,63
112900088,31,0,31
112900089,207,1,206
112900090,0,0,0
112900091,0,0,0
112900092,0,0,0
112900093,0,0,0
112900094,0,0,0
112900095,0,0,0
112900096,59,11,48
112900097,2,2,0
112900098,5,0,5
112900099,217,3,214
112900100,0,0,0
112900101,0,0,0
112900102,0,0,0
112900103,0,0,0
112900104,0,0,0
112900105,0,0,0
112900106,9,1,8
112900107,7,0,7
112900108,0,0,0
112900109,0,0,0
112900110,0,0,0
112900111,0,0,0
112900112,2,0,2
112900113,0,0,0
112900114,1,0,1
112900115,497,1,496
112900116,38,6,32
112900117,0,0,0
112900118,0,0,0
112900119,0,0,0
112900120,0,0,0
112900121,0,0,0
112900122,0,0,0
112900123,0,0,0
112900124,0,0,0
112900125,0,1,-1
112900126,9,13,-4
112900127,0,0,0
112900128,0,0,0
112900129,0,61,-61
112900130,0,0,0
112900131,0,0,0
112900132,0,0,0
112900133,0,25,-25
112900134,0,56,-56
112900135,0,0,0
112900136,0,0,0
112900137,0,39,-39
112900138,0,16,-16
112900139,0,0,0
112900140,0,0,0
112900141,200,3,197
112900142,0,0,0
112900143,0,0,0
112900144,0,0,0
112900145,0,0,0
112900146,0,0,0
112900147,0,0,0
112900148,0,0,0
112900149,0,0,0
112900151,0,0,0
112900152,373,51,322
112900153,3,58,-55
112900154,0,0,0
112900155,17,0,17
112900156,11,0,11
112900157,168,0,168
112900158,0,0,0
112900159,0,0,0
112900160,1,0,1
112900161,0,0,0
112900162,0,0,0
112900163,0,0,0
112900164,0,0,0
112900165,0,0,0
112900166,0,0,0
112900167,0,0,0
112900168,0,0,0
112900169,0,0,0
112900170,0,0,0
112900172,0,0,0
112900173,0,0,0
112900174,0,0,0
112900175,0,0,0
112900176,0,0,0
112900177,0,0,0
112900178,10,0,10
112900179,5,27,-22
112900180,344,112,232
112900181,0,0,0
112900182,0,0,0
112900183,0,0,0
112900184,31,60,-29
112900185,0,31,-31
112900186,45,63,-18
112900187,0,0,0
112900188,30,32,-2
112900189,0,0,0
112900190,0,0,0
112900192,66,25,41
112900193,75,20,55
112900194,0,0,0
112900195,121,0,121
112900196,42,8,34
112900197,0,17,-17
112900199,72,1,71
112900200,5,1,4
112900201,5,0,5
112900202,3,24,-21
112900203,8,0,8
112900204,11,7,4
112900205,3,0,3
112900206,0,0,0
112900207,1,0,1
112900208,1,3,-2
112900209,0,0,0
112900210,0,0,0
112900211,0,0,0
112900212,0,0,0
112900213,0,0,0
112900214,0,0,0
112900215,0,0,0
112900216,0,0,0
112900217,0,0,0
112900218,36,0,36
112900219,0,0,0
112900220,2,0,2
112900221,7,4,3
112900222,0,2,-2
112900223,139,1,138
112900224,38,0,38
112900225,0,0,0
112900226,0,0,0
112900227,174,2,172
112900228,54,0,54
112900229,1,0,1
112900230,328,136,192
112900232,2,1,1
112900233,0,0,0
112900234,0,0,0
112900235,0,0,0
112900236,0,0,0
112900237,69,1,68
112900238,0,0,0
112900239,0,0,0
113000001,1764,1761,3
113000002,1778,1806,-28
113000003,356,814,-458
113000004,488,901,-413
113000005,344,239,105
113000006,247,638,-391
113000007,428,230,198
113000008,463,498,-35
113000009,268,245,23
113000010,552,387,165
113000011,323,218,105
113000012,636,152,484
113000013,92,99,-7
113000014,203,426,-223
113000015,66,98,-32
113000016,32,58,-26
113000017,44,36,8
113000018,74,6,68
113000019,100,12,88
113000020,343,43,300
113000021,701,273,428
113000022,206,258,-52
113000025,4,17,-13
113000026,307,343,-36
113000027,96,246,-150
113000028,88,158,-70
113000029,343,384,-41
113000030,1,1,0
113000031,0,2,-2
113000032,114,91,23
113000033,217,132,85
113000034,1,0,1
113000035,0,0,0
113000036,18,76,-58
113000037,1,2,-1
113000038,24,70,-46
113000039,1,13,-12
113000040,2,0,2
113000042,207,242,-35
113000051,342,1144,-802
113000052,301,165,136
113000053,141,74,67
113000054,74,380,-306
113000055,624,166,458
113000056,723,241,482
113000058,90,433,-343
113000059,455,190,265
113000060,159,208,-49
113000061,135,228,-93
113000062,156,123,33
113000063,188,42,146
113000064,96,70,26
113000065,123,153,-30
113000066,444,48,396
113000067,866,106,760
113000068,174,226,-52
113000069,219,262,-43
113000070,779,101,678
113000071,125,152,-27
113000072,281,77,204
113000073,143,272,-129
113000074,305,92,213
113000075,612,121,491
113000076,109,577,-468
113000077,254,417,-163
113000078,197,409,-212
113000079,50,137,-87
113000080,56,171,-115
113000081,258,312,-54
113000082,187,74,113
113000083,391,456,-65
113000084,455,378,77
113000085,356,292,64
113000086,262,378,-116
113000087,404,636,-232
113000088,308,442,-134
113000089,394,930,-536
113000090,47,215,-168
113000091,166,0,166
113000094,513,39,474
113000095,81,83,-2
113000096,31,41,-10
113000097,218,27,191
113000098,6,32,-26
113000099,347,70,277
113000100,54,24,30
113000101,23,8,15
113000102,146,36,110
113000103,699,143,556
113000104,367,1078,-711
113000105,562,127,435
113000106,141,94,47
113000107,461,432,29
113000108,454,350,104
113000109,101,368,-267
113000110,554,295,259
113000111,16,116,-100
113000112,55,230,-175
113000113,617,197,420
113000114,2,301,-299
113000116,104,143,-39
113000117,137,165,-28
113000118,6,275,-269
113000119,83,112,-29
113000120,20,360,-340
113000121,51,135,-84
113000124,140,66,74
113000125,5,372,-367
113000127,129,14,115
113000128,110,286,-176
113000129,0,0,0
113000133,352,3,349
113000134,9,508,-499
113000135,1750,1813,-63
113000137,694,1149,-455
113000139,256,64,192
113000140,0,0,0
113000141,347,81,266
113000142,154,118,36
113000143,139,184,-45
113000144,10,61,-51
113000145,92,90,2
113000146,8,0,8
113000147,35,6,29
113000148,209,64,145
113000149,85,91,-6
113000150,25,38,-13
113000151,1,1,0
113000152,14,209,-195
113000153,187,119,68
113000154,89,428,-339
113000155,149,212,-63
113000156,67,73,-6
113000157,72,112,-40
113000158,86,10,76
113000159,297,16,281
113000160,200,153,47
113000161,157,110,47
113000162,0,0,0
113000163,53,35,18
113000164,0,0,0
113000166,162,19,143
113000167,0,0,0
113000168,0,0,0
113000169,116,13,103
113000170,69,14,55
113000171,0,0,0
113000172,175,5,170
113000173,49,8,41
113000174,0,0,0
113000175,256,24,232
113000176,347,12,335
113000177,0,0,0
113000178,0,0,0
113000179,176,22,154
113000180,462,721,-259
113000181,490,319,171
113000182,20,50,-30
113000183,63,310,-247
113000184,0,0,0
113000189,12,99,-87
113000190,262,62,200
113000192,267,969,-702
113000193,577,647,-70
113000194,219,522,-303
113000195,356,724,-368
113000196,153,113,40
113000197,372,798,-426
113000198,12,85,-73
113000199,306,155,151
113000201,15,24,-9
113000202,570,190,380
113000203,25,7,18
113000204,152,947,-795
113000205,0,0,0
113000206,1,15,-14
113000207,0,0,0
113000208,5,28,-23
113000209,0,0,0
113000210,4,19,-15
113000211,63,15,48
113000212,36,4,32
113000213,18,40,-22
113000214,0,4,-4
113000234,11,78,-67
113000410,5,73,-68
113000411,667,1392,-725
113000412,1151,595,556
113000413,1108,881,227
113000414,1516,3492,-1976
113000415,458,619,-161
113000416,956,678,278
113000417,262,508,-246
113000418,1690,1699,-9
113000419,442,968,-526
113000420,1426,1794,-368
113000421,2353,3597,-1244
113000422,3596,2628,968
113000423,852,1518,-666
113000424,955,3846,-2891
113000425,1,60,-59
113000428,51,3,48
113000430,0,0,0
113000432,766,35,731
113000433,36,143,-107
113000434,0,9,-9
113000435,0,17,-17
113000436,0,70,-70
113000437,469,1,468
113000438,88,2,86
113000439,0,0,0
113000440,6,0,6
113000441,106,14,92
113000442,0,0,0
113000443,41,4,37
113000444,0,0,0
113000445,19,3,16
113000446,0,0,0
113000448,0,0,0
113000449,14,153,-139
113000450,27,433,-406
113000451,10,0,10
113000452,42,87,-45
113000453,0,0,0
113000454,18,19,-1
113000455,0,0,0
113000456,121,46,75
113000468,207,33,174
113000469,26,93,-67
113000470,113,20,93
113000471,0,154,-154
113000472,23,16,7
113000474,478,509,-31
113000475,481,574,-93
113000476,663,1071,-408
113000477,2175,1045,1130
113000478,1530,1217,313
113000479,2,33,-31
113000480,51,114,-63
113000481,0,0,0
113000482,0,0,0
113000483,0,0,0
113000484,0,0,0
113000485,0,0,0
113000486,0,0,0
113000487,0,0,0
113000488,0,0,0
113000489,0,0,0
113000490,0,0,0
113000491,0,0,0
113000492,0,0,0
113000493,0,0,0
113000495,0,0,0
113000496,5,10,-5
113000500,0,0,0
113900001,0,0,0
113900002,0,0,0
113900003,0,0,0
113900004,0,0,0
113900005,0,0,0
113900006,0,0,0
113900007,0,0,0
113900008,0,0,0
113900009,0,0,0
113900010,0,0,0
113900011,0,0,0
113900012,0,0,0
113900013,0,0,0
113900014,157,10,147
113900015,0,0,0
113900016,1,0,1
113900017,0,0,0
113900018,0,0,0
113900019,0,0,0
113900020,70,0,70
113900022,20,0,20
113900023,0,0,0
113900024,0,0,0
113900025,50,6,44
113900026,1,0,1
113900027,0,0,0
113900028,0,0,0
113900029,0,0,0
113900030,72,1,71
113900031,4,0,4
113900032,0,0,0
113900033,0,0,0
113900035,0,0,0
113900036,2,0,2
113900037,0,0,0
113900038,0,0,0
113900039,100,13,87
113900040,2,0,2
113900041,0,0,0
113900042,0,0,0
113900043,0,0,0
113900044,1,28,-27
113900045,0,0,0
113900046,0,0,0
113900047,0,0,0
113900048,0,0,0
113900049,0,0,0
113900050,1,30,-29
113900051,0,0,0
113900052,2,2,0
113900053,33,107,-74
113900054,0,0,0
113900055,0,0,0
113900056,0,0,0
113900057,0,0,0
113900058,0,0,0
113900059,0,0,0
113900060,0,6,-6
113900061,4,24,-20
113900062,0,0,0
113900063,0,0,0
113900064,0,0,0
113900065,201,16,185
113900066,0,0,0
113900067,20,5,15
113900068,154,147,7
113900069,0,0,0
113900070,0,0,0
113900071,0,0,0
113900072,0,0,0
113900073,44,66,-22
113900074,34,16,18
113900075,114,198,-84
113900076,0,0,0
113900077,0,0,0
113900078,0,0,0
113900079,0,0,0
113900080,2,3,-1
113900081,0,0,0
113900082,0,0,0
113900083,142,34,108
113900084,19,14,5
113900085,0,0,0
113900086,0,0,0
113900087,0,0,0
113900088,0,0,0
113900089,116,1,115
113900090,5,8,-3
113900091,0,0,0
113900092,0,0,0
113900093,0,0,0
113900094,25,31,-6
113900095,6,15,-9
113900096,0,0,0
113900097,1,0,1
113900098,218,16,202
113900099,0,0,0
113900100,0,0,0
113900101,0,0,0
113900102,0,0,0
113900103,41,51,-10
113900104,29,36,-7
113900105,3,0,3
113900106,0,0,0
113900107,0,0,0
113900108,0,0,0
113900109,1,0,1
113900110,0,0,0
113900111,0,0,0
113900112,12,0,12
113900113,23,6,17
113900114,0,0,0
113900115,0,0,0
113900116,0,0,0
113900117,0,0,0
113900118,0,49,-49
113900119,22,76,-54
113900120,0,0,0
113900121,0,0,0
113900122,26,983,-957
113900123,2,0,2
113900124,0,0,0
113900125,5,0,5
113900126,0,0,0
113900127,0,0,0
113900128,0,0,0
113900129,0,38,-38
113900130,0,0,0
113900131,0,0,0
113900132,0,0,0
113900133,0,0,0
113900135,6,8,-2
113900136,0,0,0
113900137,0,1,-1
113900138,0,0,0
113900139,0,0,0
113900140,23,16,7
113900141,0,0,0
113900142,0,0,0
113900143,0,0,0
113900144,33,27,6
113900145,0,0,0
113900146,0,0,0
113900148,0,0,0
113900149,0,0,0
113900150,109,20,89
113900151,0,0,0
113900152,1,1,0
113900153,0,0,0
113900154,0,0,0
113900155,0,0,0
113900156,0,0,0
113900157,0,5,-5
113900158,0,0,0
113900159,0,0,0
113900160,0,0,0
113900161,1,0,1
113900162,11,24,-13
113900163,0,0,0
113900164,3,0,3
113900165,0,0,0
113900166,3,8,-5
113900167,0,0,0
113900168,0,0,0
113900169,0,0,0
113900171,0,0,0
113900172,0,0,0
113900173,4,24,-20
113900174,0,0,0
113900175,181,7,174
113900176,0,0,0
113900177,4,2,2
113900178,0,0,0
113900179,2,57,-55
113900180,6,6,0
113900181,77,0,77
113900182,0,0,0
113900183,1,3,-2
113900184,1,44,-43
113900185,1,2,-1
113900186,0,0,0
113900187,0,2,-2
113900188,0,0,0
113900189,0,0,0
113900190,0,0,0
113900191,0,0,0
113900192,0,0,0
113900193,0,10,-10
113900194,48,25,23
113900195,0,0,0
113900196,0,0,0
113900197,0,33,-33
113900198,0,0,0
113900199,0,20,-20
113900200,0,0,0
113900201,0,9,-9
113900202,0,0,0
113900203,0,2,-2
113900204,1,4,-3
113900205,0,0,0
113900206,0,0,0
113900207,0,0,0
113900208,0,0,0
113900209,0,0,0
113900210,0,0,0
113900211,0,0,0
113900212,98,3,95
113900214,2,20,-18
113900215,157,1,156
113900216,2,0,2
113900217,0,0,0
113900218,0,0,0
113900219,0,0,0
113900220,0,0,0
113900221,9,22,-13
113900222,0,0,0
113900223,0,0,0
113900224,0,0,0
113900225,49,9,40
113900226,5,2,3
113900227,12,4,8
113900228,0,0,0
113900229,0,27,-27
113900230,87,7,80
113900231,0,0,0
113900232,0,0,0
113900233,0,0,0
113900234,0,0,0
113900235,0,0,0
113900236,64,2,62
113900237,0,0,0
113900238,4,61,-57
113900239,0,0,0
113900240,0,0,0
113900241,0,0,0
113900242,0,0,0
113900243,0,1,-1
113900244,19,8,11
113900245,14,2,12
113900246,0,13,-13
113900247,41,166,-125
113900248,0,0,0
113900249,18,62,-44
113900250,0,28,-28
113900251,172,13,159
113900252,97,3,94
113900253,70,3,67
113900254,191,33,158
113900255,397,12,385
113900256,137,4,133
113900257,0,42,-42
113900258,0,34,-34
113900259,121,12,109
113900260,201,2,199
113900261,3,3,0
113900262,35,22,13
113900263,0,6,-6
113900264,0,4,-4
113900265,6,0,6
113900266,12,0,12
113900267,0,0,0
113900268,4,16,-12
113900269,0,0,0
113900270,0,0,0
113900271,0,0,0
113900273,0,3,-3
113900274,8,1,7
113900275,0,0,0
113900276,0,11,-11
113900277,58,0,58
113900278,0,0,0
113900279,0,0,0
113900280,31,30,1
113900281,11,112,-101
113900282,0,1,-1
113900283,0,0,0
113900284,341,78,263
113900285,16,0,16
113900286,0,0,0
113900287,0,0,0
113900288,0,0,0
113900289,0,0,0
113900290,0,0,0
113900291,0,0,0
113900292,3,1,2
113900293,1,0,1
113900294,200,5,195
113900295,62,49,13
113900296,94,15,79
113900297,329,3,326
113900298,3,0,3
113900299,22,1,21
113900300,523,13,510
113900301,38,0,38
113900302,75,4,71
113900303,0,0,0
113900304,0,0,0
113900305,36,0,36
113900306,6,0,6
113900307,0,0,0
113900308,0,0,0
113900309,0,10,-10
113900310,0,0,0
113900311,2,0,2
113900312,0,0,0
113900313,0,0,0
114000001,403,326,77
114000002,60,54,6
114000003,25,12,13
114000004,68,4,64
114000005,30,5,25
114000006,205,206,-1
114000007,219,140,79
114000008,251,258,-7
114000009,244,95,149
114000011,1461,306,1155
114000012,1757,277,1480
114000013,967,384,583
114000014,56,29,27
114000015,295,20,275
114000016,16,35,-19
114000017,25,55,-30
114000018,20,16,4
114000026,1249,277,972
114000027,1547,650,897
114000028,682,1246,-564
114000038,10,2,8
114000039,0,0,0
114000040,26,63,-37
114000042,10,56,-46
114000043,71,12,59
114000044,79,27,52
114000045,0,9,-9
114000046,320,462,-142
114000047,19,68,-49
114000048,36,55,-19
114000049,629,378,251
114000050,385,385,0
114000051,687,780,-93
114000052,499,757,-258
114000053,160,183,-23
114000054,17,283,-266
114000055,29,2,27
114000056,1,76,-75
114000057,583,719,-136
114000058,3,19,-16
114000059,2,60,-58
114000060,47,128,-81
114000061,616,1251,-635
114000062,203,378,-175
114000063,118,210,-92
114000064,375,434,-59
114000065,245,417,-172
114000066,196,272,-76
114000067,19,191,-172
114000068,88,151,-63
114000069,255,53,202
114000070,1050,663,387
114000071,81,34,47
114000072,137,13,124
114000073,31,36,-5
114000074,20,2,18
114000075,49,15,34
114000076,24,15,9
114000077,1,4,-3
114000078,14,30,-16
114000079,30,4,26
114000080,3,57,-54
114000081,18,95,-77
114000082,26,68,-42
114000083,1,0,1
114000084,65,49,16
114000085,5,17,-12
114000086,9,35,-26
114000087,0,0,0
114000088,15,10,5
114000089,54,42,12
114000090,226,311,-85
114000091,277,199,78
114000092,119,99,20
114000093,461,160,301
114000094,149,170,-21
114000095,57,157,-100
114000096,32,32,0
114000097,67,40,27
114000098,246,60,186
114000099,242,44,198
114000100,1436,96,1340
114000101,243,55,188
114000102,201,45,156
114000103,43,52,-9
114000104,0,32,-32
114000105,14,9,5
114000106,160,303,-143
114000107,170,7,163
114000108,172,31,141
114000109,505,558,-53
114000110,7,18,-11
114000111,1054,264,790
114000112,2,19,-17
114000113,624,132,492
114000114,2,11,-9
114000115,744,523,221
114000116,699,571,128
114000117,2174,158,2016
114000118,1884,146,1738
114000119,1693,249,1444
114000120,270,208,62
114000121,1,6,-5
114000122,141,30,111
114000123,974,102,872
114000124,389,84,305
114000125,334,370,-36
114000126,562,46,516
114000127,104,74,30
114000128,449,106,343
114000130,233,454,-221
114000131,117,25,92
114000132,138,100,38
114000133,98,129,-31
114000134,0,0,0
114000138,0,0,0
114000139,78,138,-60
114000144,210,151,59
114000145,0,0,0
114000146,0,0,0
114000147,717,1447,-730
114000148,307,858,-551
114000149,84,72,12
114000150,10,17,-7
114000151,105,813,-708
114000152,6,13,-7
114000153,106,419,-313
114000154,140,71,69
114000155,354,931,-577
114000156,245,387,-142
114000157,78,304,-226
114000158,98,72,26
114000159,30,50,-20
114000160,15,41,-26
114000161,332,608,-276
114000162,850,1058,-208
114000163,0,0,0
114000165,82,231,-149
114000166,88,97,-9
114000167,784,240,544
114000168,34,2,32
114000169,408,559,-151
114000170,414,345,69
114000171,874,2415,-1541
114000174,4,2,2
114000176,43,2,41
114000177,191,12,179
114000178,60,17,43
114000179,531,325,206
114000180,55,10,45
114000181,343,1966,-1623
114000182,437,336,101
114000183,200,42,158
114000184,133,140,-7
114000185,901,544,357
114000189,914,61,853
114000190,2445,442,2003
114000191,41,223,-182
114000192,0,1,-1
114000193,0,0,0
114000194,819,453,366
114000195,214,90,124
114000196,0,0,0
114000197,1480,6,1474
114000198,0,0,0
114000199,2,100,-98
114000200,208,119,89
114000201,34,61,-27
114000202,522,314,208
114000203,249,389,-140
114000204,0,0,0
114000205,27,142,-115
114000206,44,115,-71
114000207,114,145,-31
114000208,138,78,60
114000209,41,147,-106
114000210,61,238,-177
114000211,1415,632,783
114000212,470,483,-13
114000213,1347,361,986
114000214,9,0,9
114000215,29,3,26
114000216,466,191,275
114000217,239,71,168
114000218,90,4,86
114000219,579,38,541
114000220,0,6,-6
114000221,447,54,393
114000222,9,106,-97
114000223,490,53,437
114000224,15,74,-59
114000225,76,45,31
114000226,140,58,82
114000227,690,282,408
114000228,721,141,580
114000229,585,291,294
114000230,1517,335,1182
114000231,571,565,6
114000232,657,87,570
114000233,1477,45,1432
114000234,978,417,561
114000235,751,306,445
114000236,0,0,0
114000237,73,144,-71
114000238,15,352,-337
114000239,73,259,-186
114000240,525,555,-30
114000241,67,192,-125
114000242,258,180,78
114000243,1155,824,331
114000244,332,96,236
114000245,99,122,-23
114000246,0,0,0
114000247,319,231,88
114000248,865,400,465
114000249,727,275,452
114000250,246,37,209
114000251,249,20,229
114000252,38,12,26
114000253,46,19,27
114000254,0,0,0
114000255,10,78,-68
114000256,99,310,-211
114000257,23,219,-196
114000258,140,47,93
114000259,0,0,0
114000260,0,0,0
114000261,27,30,-3
114000262,0,0,0
114000263,2,0,2
114000264,232,20,212
114000265,0,0,0
114000267,1,332,-331
114000268,0,0,0
114000270,136,7,129
114000271,114,24,90
114000283,503,56,447
114000285,0,0,0
114000288,3,2,1
114000289,316,13,303
114000293,78,13,65
114000294,47,153,-106
114000395,384,18,366
114000396,199,61,138
114000402,355,101,254
114000403,302,71,231
114000405,195,49,146
114000423,292,69,223
114000424,161,78,83
114000425,434,81,353
114000426,353,854,-501
114000427,25,3,22
114000428,13,49,-36
114000429,37,2,35
114000432,68,18,50
114000434,2,20,-18
114000435,0,0,0
114000436,95,64,31
114000437,220,2174,-1954
114900001,214,49,165
114900002,87,10,77
114900003,194,75,119
114900004,46,55,-9
114900005,90,75,15
114900006,2,6,-4
114900007,74,3,71
114900008,37,6,31
114900010,0,0,0
114900011,74,6,68
114900013,36,10,26
114900015,3,42,-39
114900018,34,4,30
114900020,0,9,-9
114900022,3,22,-19
114900024,12,9,3
114900025,89,13,76
114900026,21,4,17
114900027,35,10,25
114900029,1,0,1
114900030,69,6,63
114900031,84,1,83
114900032,130,0,130
114900033,30,122,-92
114900034,0,0,0
114900035,3,12,-9
114900036,80,24,56
114900037,0,0,0
114900038,0,0,0
114900039,0,0,0
114900040,0,0,0
114900041,0,0,0
114900042,0,0,0
114900043,0,0,0
114900044,1,5,-4
114900046,0,0,0
114900047,0,0,0
114900048,0,0,0
114900049,0,0,0
114900050,0,0,0
114900051,0,0,0
114900052,0,0,0
114900053,0,0,0
114900054,0,0,0
114900057,19,2,17
114900058,0,0,0
114900059,3,2,1
114900060,12,22,-10
114900061,0,0,0
114900062,16,5,11
114900063,0,0,0
114900064,0,0,0
114900065,0,0,0
114900067,0,0,0
114900068,0,0,0
114900069,0,0,0
114900070,90,12,78
114900072,0,0,0
114900073,0,0,0
114900074,245,6,239
114900075,34,3,31
114900076,0,0,0
114900080,130,23,107
114900082,376,11,365
114900083,1,0,1
114900090,97,35,62
114900091,0,0,0
114900095,0,0,0
114900096,0,5,-5
114900097,29,0,29
114900098,0,5,-5
114900099,14,1,13
115000001,600,725,-125
115000002,2068,3046,-978
115000003,508,353,155
115000004,2067,3189,-1122
115000005,104,163,-59
115000006,537,802,-265
115000007,57,355,-298
115000008,201,188,13
115000009,185,308,-123
115000010,106,176,-70
115000013,0,0,0
115000015,0,0,0
115000016,7,317,-310
115000019,49,232,-183
115000020,8,175,-167
115000021,0,43,-43
115000022,30,49,-19
115000023,432,425,7
115000024,36,15,21
115000025,578,229,349
115000026,8,5,3
115000027,311,122,189
115000028,6,18,-12
115000029,783,27,756
115000030,16,49,-33
115000031,588,31,557
115000032,0,0,0
115000033,118,3,115
115000034,0,0,0
115000035,581,20,561
115000036,0,0,0
115000037,333,5,328
115000038,22,196,-174
115000039,551,1052,-501
115000040,942,616,326
115000041,503,1477,-974
115000042,253,91,162
115000043,1522,950,572
115000044,830,273,557
115000045,519,176,343
115000046,1924,974,950
115000047,1850,469,1381
115000048,438,293,145
115000049,329,571,-242
115000050,1711,660,1051
115000051,813,2356,-1543
115000052,251,425,-174
115000053,936,1890,-954
115000054,267,166,101
115000055,6,146,-140
115000056,119,57,62
115000057,78,374,-296
115000058,58,84,-26
115000059,30,213,-183
115000061,63,79,-16
115000062,27,3,24
115000063,6,3,3
115000064,226,14,212
115000065,0,2,-2
115000067,66,5,61
115000069,20,10,10
115000070,0,91,-91
115000071,57,20,37
115000072,0,0,0
115000073,802,68,734
115000075,67,19,48
115000076,684,449,235
115000077,554,312,242
115000078,619,274,345
115000079,329,301,28
115000080,1507,370,1137
115000081,18,32,-14
115000082,2329,1672,657
115000083,757,248,509
115000084,1968,255,1713
115000085,212,160,52
115000086,709,246,463
115000087,109,412,-303
115000088,987,336,651
115000089,173,149,24
115000090,375,235,140
115000091,246,169,77
115000092,408,196,212
115000093,466,3,463
115000094,2008,3304,-1296
115000095,1138,2351,-1213
115000096,304,331,-27
115000097,685,615,70
115000098,734,72,662
115000099,1404,389,1015
115000100,1131,250,881
115000101,44,48,-4
115000102,375,109,266
115000103,175,138,37
115000105,42,68,-26
115000106,314,193,121
115000107,22,30,-8
115000108,322,315,7
115000109,1329,2648,-1319
115000110,816,743,73
115000111,100,496,-396
115000112,238,141,97
115000113,210,325,-115
115000114,283,195,88
115000116,465,461,4
115000117,405,345,60
115000118,369,703,-334
115000119,301,332,-31
115000120,86,932,-846
115000121,288,192,96
115000122,324,249,75
115000123,214,1612,-1398
115000124,208,335,-127
115000125,122,313,-191
115000126,116,162,-46
115000127,118,44,74
115000128,35,321,-286
115000129,103,83,20
115000130,189,63,126
115000131,229,60,169
115000132,202,29,173
115000133,174,27,147
115000134,118,9,109
115000135,33,10,23
115000136,98,40,58
115000137,1,4,-3
115000138,215,81,134
115000139,9,5,4
115000140,315,68,247
115000141,38,11,27
115000142,28,10,18
115000143,783,269,514
115000144,290,17,273
115000145,59,15,44
115000146,242,125,117
115000147,51,31,20
115000148,100,124,-24
115000149,159,221,-62
115000150,185,76,109
115000151,512,246,266
115000152,226,104,122
115000153,549,186,363
115000154,443,103,340
115000155,144,143,1
115000156,181,363,-182
115000157,69,107,-38
115000158,135,84,51
115000159,60,83,-23
115000160,202,216,-14
115000161,343,221,122
115000162,584,533,51
115000163,77,14,63
115000164,29,82,-53
115000165,178,343,-165
115000167,129,5,124
115000168,197,187,10
115000169,9,7,2
115000170,0,1,-1
115000171,131,179,-48
115000172,39,20,19
115000173,69,135,-66
115000174,29,114,-85
115000175,0,11,-11
115000176,11,35,-24
115000177,0,40,-40
115000178,0,12,-12
115000179,8,53,-45
115000180,0,19,-19
115000181,391,18,373
115000182,569,67,502
115000183,10,13,-3
115000186,179,21,158
115000187,82,15,67
115000188,272,107,165
115000189,109,18,91
115000190,330,192,138
115000191,10,18,-8
115000194,0,0,0
115000195,54,46,8
115000196,104,4,100
115000197,92,52,40
115000198,515,16,499
115000199,91,41,50
115000200,195,20,175
115000201,18,20,-2
115000206,455,6,449
115000207,0,0,0
115000208,14,21,-7
115000209,554,106,448
115000210,101,49,52
115000211,19,30,-11
115000212,147,53,94
115000224,50,6,44
115000225,30,15,15
115000229,57,23,34
115000230,28,203,-175
115000231,244,161,83
115000232,1185,162,1023
115000233,31,1,30
115000234,10,27,-17
115000241,3,16,-13
115000242,55,8,47
115000243,3,20,-17
115000244,18,5,13
115000246,5,1,4
115000247,0,1,-1
115000248,0,2,-2
115000249,0,1,-1
115000250,139,18,121
115000251,64,3,61
115000252,10,41,-31
115000253,0,97,-97
115000258,61,15,46
115000259,40,11,29
115000261,6,5,1
115000262,0,7,-7
115000263,1,7,-6
115000264,0,8,-8
115000267,5,10,-5
115000268,0,0,0
115000269,44,29,15
115000270,2,3,-1
115000272,7,10,-3
115000273,114,4,110
115000280,216,682,-466
115000281,0,0,0
115000282,225,1123,-898
115000284,20,21,-1
115000296,174,7,167
115000297,18,521,-503
115000298,0,0,0
115000300,129,7,122
115000302,238,47,191
115000303,537,23,514
115000304,360,32,328
115000305,21,15,6
115000306,44,18,26
115000307,10,5,5
115000308,0,0,0
115000309,1,9,-8
115000310,415,156,259
115000311,957,290,667
115000313,10,11,-1
115000314,126,130,-4
115000315,8,55,-47
115000316,21,40,-19
115000317,53,32,21
115000318,622,44,578
115000319,0,20,-20
115000320,0,51,-51
115000321,86,3,83
115000322,0,18,-18
115000449,34,39,-5
115000557,0,0,0
115000558,117,27,90
115000587,241,111,130
115000588,113,113,0
115000589,1512,984,528
115000590,53,39,14
115000591,377,296,81
115000592,48,33,15
115000593,826,334,492
115000594,15,67,-52
115000609,71,98,-27
115000617,62,568,-506
115000624,60,1,59
115000633,477,339,138
115000634,1332,361,971
115000635,392,62,330
115000638,8,50,-42
115000641,3,3,0
115000642,187,28,159
115000643,2,0,2
115000644,29,2,27
115000646,192,315,-123
115000647,38,52,-14
115000648,887,73,814
115000893,790,482,308
115000894,0,8,-8
115000895,1,8,-7
115000896,453,174,279
115000897,131,10,121
115000898,158,100,58
115000899,2,19,-17
115000900,4,164,-160
115000901,0,0,0
115000912,133,39,94
115000913,0,4,-4
115000915,12,0,12
115000916,8,0,8
115000917,0,6,-6
115000918,23,400,-377
115000919,0,23,-23
115000920,0,0,0
115000921,0,0,0
115000922,138,338,-200
115000923,1,12,-11
115000925,15,18,-3
115000927,1,7,-6
115000933,4,5,-1
115000934,48,49,-1
115000935,29,7,22
115900001,75,2,73
115900002,4,0,4
115900003,43,14,29
115900004,0,0,0
115900005,38,2,36
115900006,3,16,-13
115900008,11,0,11
115900009,9,0,9
115900010,208,3,205
115900011,39,6,33
115900012,48,0,48
115900013,107,15,92
115900014,21,4,17
115900015,14,2,12
115900016,72,1,71
115900017,2,6,-4
115900018,19,3,16
115900019,7,0,7
115900020,91,19,72
115900021,31,1,30
115900022,46,0,46
115900023,7,0,7
115900025,5,4,1
115900026,187,11,176
115900027,0,0,0
115900028,48,14,34
115900029,1,18,-17
115900030,0,0,0
115900031,10,25,-15
115900032,77,50,27
115900033,0,0,0
115900034,0,19,-19
115900035,0,1,-1
115900036,2,244,-242
115900037,1,23,-22
115900038,0,1,-1
115900039,9,3,6
115900041,17,102,-85
115900042,1,0,1
115900043,3,3,0
115900044,64,88,-24
115900046,185,17,168
115900047,5,18,-13
115900049,32,14,18
115900051,0,0,0
115900052,0,0,0
115900053,127,13,114
115900054,113,0,113
115900055,0,0,0
115900056,38,14,24
115900057,0,2,-2
115900058,0,0,0
115900060,1,38,-37
115900061,13,0,13
115900062,16,19,-3
115900063,0,0,0
115900064,3,5,-2
115900065,48,10,38
115900066,6,3,3
115900067,0,11,-11
115900068,2,5,-3
115900069,0,21,-21
115900070,24,1,23
115900071,0,0,0
115900072,4,15,-11
115900073,14,25,-11
115900074,0,0,0
115900075,12,13,-1
115900076,0,3,-3
115900077,0,0,0
115900078,23,5,18
115900079,158,1,157
115900080,2,8,-6
115900081,12,2,10
115900082,34,54,-20
115900084,106,0,106
115900085,1,0,1
115900086,242,52,190
115900088,0,0,0
115900089,323,17,306
115900090,90,1,89
115900091,0,0,0
115900092,0,0,0
115900093,0,0,0
115900094,0,0,0
115900096,0,0,0
115900097,0,0,0
115900098,1,0,1
115900099,2,0,2
115900100,0,20,-20
115900101,2,0,2
115900102,13,8,5
115900103,2,0,2
115900104,11,4,7
115900105,79,1,78
115900106,0,0,0
115900107,18,2,16
115900108,0,0,0
115900109,1,88,-87
115900110,0,0,0
115900111,0,0,0
115900112,3,184,-181
115900113,0,0,0
115900114,0,0,0
115900115,0,0,0
115900116,7,127,-120
115900117,0,0,0
115900118,0,0,0
115900119,0,0,0
115900120,2,4,-2
115900121,41,15,26
115900124,44,221,-177
115900125,70,14,56
115900126,229,2,227
115900127,382,8,374
115900128,0,0,0
115900129,121,11,110
115900130,0,2,-2
115900131,82,3,79
115900132,281,0,281
115900134,60,0,60
115900135,85,83,2
115900137,13,3,10
115900139,0,0,0
115900140,60,0,60
115900141,0,0,0
115900142,0,0,0
115900143,0,0,0
115900144,0,0,0
115900146,30,1,29
115900147,127,139,-12
115900148,2,1,1
115900149,19,0,19
115900150,24,2,22
115900151,2,2,0
115900152,10,24,-14
115900153,22,2,20
115900154,12,93,-81
115900155,0,0,0
115900156,79,114,-35
115900157,65,48,17
115900158,0,0,0
115900159,77,11,66
115900160,0,0,0
115900161,2,50,-48
115900163,34,4,30
115900164,205,0,205
115900165,0,0,0
115900166,8,0,8
115900168,0,0,0
115900171,8,35,-27
115900172,3,10,-7
115900173,44,34,10
115900174,17,39,-22
115900175,76,9,67
115900178,1,11,-10
115900179,61,1,60
115900180,8,7,1
115900181,45,21,24
115900182,235,19,216
115900183,0,0,0
115900184,67,2,65
115900187,0,4,-4
115900189,0,15,-15
115900190,2,49,-47
115900191,0,74,-74
115900192,0,19,-19
115900193,13,24,-11
115900194,242,1,241
115900195,51,587,-536
115900198,46,39,7
115900199,40,12,28
115900200,61,7,54
115900201,96,62,34
115900202,0,55,-55
115900203,11,0,11
115900204,0,0,0
115900205,39,2,37
115900206,0,0,0
115900207,0,0,0
115900208,3,3,0
115900209,5,14,-9
115900210,0,10,-10
115900211,0,11,-11
115900212,0,0,0
115900213,4,38,-34
115900214,179,31,148
115900215,0,13,-13
115900216,0,0,0
115900217,0,0,0
115900218,0,0,0
115900219,14,0,14
115900220,80,0,80
115900221,73,0,73
115900222,41,6,35
115900223,1,87,-86
115900224,24,380,-356
115900225,23,11,12
115900226,0,0,0
115900227,0,2,-2
115900228,0,0,0
115900229,0,3,-3
115900230,2,32,-30
115900231,0,0,0
115900232,0,0,0
115900233,0,0,0
115900234,0,0,0
115900235,0,0,0
115900236,0,0,0
115900237,0,0,0
115900238,0,0,0
115900239,0,0,0
115900240,0,0,0
115900241,0,0,0
115900242,17,115,-98
115900243,0,0,0
115900244,3,0,3
115900245,20,3,17
115900246,1,0,1
115900247,0,2,-2
115900248,1,1,0
115900249,0,9,-9
115900250,3,3,0
115900251,0,0,0
115900252,1,0,1
115900253,7,0,7
115900254,1,11,-10
115900255,0,2,-2
115900256,0,1,-1
115900257,0,0,0
115900258,0,0,0
115900259,0,0,0
115900260,0,0,0
115900261,0,0,0
115900262,0,0,0
115900263,0,0,0
115900264,0,0,0
115900265,0,0,0
115900266,0,0,0
115900267,0,0,0
115900268,0,0,0
115900269,0,0,0
115900270,45,7,38
115900271,37,0,37
115900272,12,0,12
115900273,1,1,0
115900274,0,0,0
115900275,0,0,0
115900276,0,0,0
115900277,0,0,0
115900278,0,0,0
115900279,0,0,0
115900280,56,9,47
115900281,0,0,0
116000001,914,698,216
116000002,3513,11240,-7727
116000003,220,336,-116
116000004,1273,4362,-3089
116000005,206,735,-529
116000006,298,882,-584
116000007,558,620,-62
116000008,1609,866,743
116000009,313,835,-522
116000010,944,696,248
116000011,339,898,-559
116000012,844,389,455
116000013,1171,1222,-51
116000014,1806,8537,-6731
116000015,61,347,-286
116000016,661,4102,-3441
116000017,20,430,-410
116000018,110,44,66
116000019,859,128,731
116000020,370,107,263
116000021,271,145,126
116000022,139,118,21
116000023,277,275,2
116000024,253,65,188
116000025,275,277,-2
116000026,564,314,250
116000027,382,512,-130
116000028,740,1887,-1147
116000029,135,121,14
116000030,400,1173,-773
116000031,0,0,0
116000032,266,21,245
116000033,666,203,463
116000034,2531,874,1657
116000035,282,62,220
116000036,52,121,-69
116000037,32,196,-164
116000038,69,329,-260
116000039,45,45,0
116000040,356,327,29
116000041,22,72,-50
116000042,501,336,165
116000043,66,98,-32
116000044,1,1,0
116000045,2912,2268,644
116000046,662,491,171
116000047,996,1176,-180
116000048,4562,1320,3242
116000049,2857,1093,1764
116000050,1117,427,690
116000051,3753,998,2755
116000052,1359,525,834
116000053,3873,591,3282
116000054,513,390,123
116000055,453,194,259
116000056,2026,1833,193
116000057,421,116,305
116000058,552,676,-124
116000059,1180,5564,-4384
116000060,308,414,-106
116000061,107,781,-674
116000062,115,65,50
116000063,268,898,-630
116000066,52,987,-935
116000067,27,41,-14
116000068,72,247,-175
116000069,182,43,139
116000078,295,747,-452
116000080,520,109,411
116000082,7,34,-27
116000083,587,125,462
116000084,609,1180,-571
116000085,594,432,162
116000086,198,260,-62
116000087,980,692,288
116000088,319,283,36
116000089,56,5,51
116000090,27,73,-46
116000091,42,62,-20
116000093,382,110,272
116000094,181,108,73
116000095,403,76,327
116000096,443,547,-104
116000097,370,99,271
116000098,2,2539,-2537
116000099,933,58,875
116000100,135,2,133
116000101,340,50,290
116000102,134,182,-48
116000103,222,91,131
116000104,83,131,-48
116000105,590,25,565
116000106,303,111,192
116000107,1144,17,1127
116000108,8,6,2
116000111,33,47,-14
116000113,59,12,47
116000114,2,46,-44
116000115,192,33,159
116000116,32,91,-59
116000117,897,523,374
116000118,382,113,269
116000119,1918,861,1057
116000120,559,283,276
116000121,447,200,247
116000122,82,79,3
116000123,1284,145,1139
116000124,96,118,-22
116000125,1558,67,1491
116000126,19,81,-62
116000127,248,69,179
116000128,1105,160,945
116000129,362,16,346
116000130,276,197,79
116000133,394,35,359
116000134,526,211,315
116000135,1607,283,1324
116000136,342,342,0
116000137,489,188,301
116000138,117,235,-118
116000139,1501,2126,-625
116000140,86,190,-104
116000141,57,30,27
116000142,2036,1547,489
116000143,1076,1011,65
116000144,1199,850,349
116000145,2201,580,1621
116000146,212,4,208
116000147,151,155,-4
116000148,157,262,-105
116000149,147,69,78
116000151,354,366,-12
116000153,146,604,-458
116000155,131,381,-250
116000156,191,126,65
116000157,119,0,119
116000158,300,40,260
116000159,2,2,0
116000160,12,6,6
116000161,4,85,-81
116000162,12,133,-121
116000163,15,0,15
116000164,3,1,2
116000177,10,7,3
116000194,36,68,-32
116000195,527,182,345
116000196,0,0,0
116000197,0,0,0
116000198,1271,926,345
116000200,193,438,-245
116000201,280,54,226
116000202,3,29,-26
116000203,0,25,-25
116000204,0,10,-10
116000205,0,5,-5
116000206,0,11,-11
116000207,6,2,4
116000233,0,0,0
116000287,32,12,20
116000288,175,63,112
116000292,0,0,0
116000296,0,76,-76
116000297,21,2,19
116000304,71,4,67
116000305,1,17,-16
116000346,0,0,0
116000352,0,0,0
116000354,0,0,0
116000357,0,0,0
116000358,4,13,-9
116000361,11,0,11
116000372,2009,3845,-1836
116000381,33,6,27
116000388,0,2,-2
116000389,54,5,49
116000445,77,14,63
116000446,514,37,477
116000447,1,49,-48
116000448,213,42,171
116000563,268,1802,-1534
116000565,4,141,-137
116000568,14,102,-88
116000579,1,17,-16
116000584,46,2,44
116000585,4,19,-15
116000586,9,60,-51
116000587,724,190,534
116000589,38,2,36
116000590,45,31,14
116000591,196,27,169
116000592,1,9,-8
116000593,0,6,-6
116000594,290,64,226
116000595,147,16,131
116000596,58,8,50
116000597,299,99,200
116000598,1,55,-54
116000602,0,0,0
116000605,17,19,-2
116000606,55,52,3
116000607,0,0,0
116000609,6,296,-290
116000611,37,35,2
116000612,1355,1749,-394
116000613,566,174,392
116000614,44,33,11
116000615,0,0,0
116000616,90,16,74
116000617,157,2,155
116000618,2,0,2
116000619,1,42,-41
116000620,218,131,87
116000621,51,104,-53
116000622,203,120,83
116000624,33,36,-3
116000627,18,17,1
116000628,10,1,9
116000629,13,38,-25
116000630,260,1,259
116000631,77,3,74
116000632,0,0,0
116000633,2,239,-237
116000634,250,0,250
116000635,1622,1528,94
116900001,12,2,10
116900002,53,0,53
116900003,0,0,0
116900004,49,32,17
116900005,67,2,65
116900006,92,45,47
116900007,26,9,17
116900008,93,8,85
116900009,10,0,10
116900010,10,59,-49
116900011,0,1,-1
116900012,9,17,-8
116900013,0,18,-18
116900014,0,0,0
116900015,188,9,179
116900016,94,1,93
116900017,0,36,-36
116900018,0,0,0
116900019,0,0,0
116900020,211,98,113
116900023,0,0,0
116900024,313,1,312
116900025,224,54,170
116900026,1,55,-54
116900027,0,0,0
116900028,0,0,0
116900029,0,5,-5
116900031,0,0,0
116900032,0,7,-7
116900033,0,0,0
116900034,0,0,0
116900035,27,13,14
116900036,3,17,-14
116900038,0,0,0
116900041,2,0,2
116900042,0,0,0
116900043,1,11,-10
116900045,7,13,-6
116900047,2,59,-57
116900049,0,0,0
116900050,25,3,22
116900051,67,1,66
116900052,21,9,12
116900055,0,0,0
116900057,0,0,0
116900058,0,6,-6
116900059,0,7,-7
116900060,33,28,5
116900062,0,13,-13
116900064,0,0,0
116900065,0,0,0
116900067,10,3,7
116900068,77,32,45
116900070,0,0,0
116900072,0,0,0
116900073,0,3,-3
116900074,0,1,-1
116900076,0,5,-5
116900077,2,3,-1
116900078,0,0,0
116900079,1,28,-27
116900080,0,0,0
116900081,16,30,-14
116900082,29,51,-22
116900083,0,0,0
116900084,7,3,4
116900085,15,9,6
116900086,0,17,-17
116900088,13,1,12
116900090,1,0,1
116900091,37,9,28
116900092,15,13,2
116900093,93,60,33
116900094,700,925,-225
116900095,46,0,46
116900096,36,1,35
116900097,234,747,-513
116900098,4,11,-7
116900099,33,36,-3
116900100,282,10,272
116900101,5,23,-18
116900103,0,0,0
116900104,0,5,-5
116900105,80,14,66
116900106,1045,158,887
116900107,554,788,-234
116900110,2,0,2
116900111,447,86,361
116900112,162,51,111
116900113,107,482,-375
116900116,1,6,-5
116900117,6,9,-3
116900118,62,20,42
116900120,104,11,93
116900121,99,0,99
116900122,279,29,250
116900123,35,43,-8
116900124,16,13,3
116900125,33,6,27
116900126,2,122,-120
116900128,0,0,0
116900129,0,0,0
116900130,25,541,-516
116900131,0,0,0
116900132,9,1,8
116900133,0,0,0
116900134,0,0,0
116900136,0,0,0
116900137,0,0,0
116900138,0,0,0
116900139,0,0,0
116900140,0,0,0
116900141,0,0,0
116900142,0,0,0
116900143,0,0,0
116900144,0,0,0
116900145,0,0,0
116900147,0,0,0
116900148,0,0,0
116900149,0,1,-1
116900150,0,0,0
116900151,0,0,0
116900153,16,1,15
116900154,1,18,-17
116900155,0,0,0
116900157,89,0,89
116900158,6,13,-7
116900159,0,19,-19
116900160,217,149,68
116900161,374,47,327
116900162,0,13,-13
116900163,20,3,17
116900164,7,1,6
116900165,235,60,175
116900166,8,0,8
116900167,87,2,85
116900168,100,3,97
116900169,3,40,-37
116900170,272,63,209
116900171,3,12,-9
116900172,2,30,-28
116900173,38,0,38
116900174,2,27,-25
116900175,13,9,4
116900178,1,7,-6
116900179,1,55,-54
116900180,2,0,2
116900182,73,10,63
116900183,44,26,18
116900185,24,6,18
116900186,8,6,2
116900187,4,6,-2
116900188,26,6,20
116900189,0,0,0
116900191,12,26,-14
116900192,151,26,125
116900194,6,253,-247
116900195,26,1,25
116900196,0,0,0
116900197,23,0,23
116900198,1,29,-28
116900200,0,0,0
116900201,20,0,20
116900202,17,0,17
116900203,9,0,9
116900204,3,11,-8
116900206,0,0,0
116900207,2,2,0
116900208,2,15,-13
116900209,13,0,13
116900210,33,7,26
116900211,55,0,55
116900212,0,0,0
116900213,41,3,38
116900214,0,0,0
116900215,2,9,-7
116900216,4,2,2
116900218,0,14,-14
116900219,302,30,272
116900220,7,18,-11
116900221,0,0,0
116900222,274,101,173
116900223,24,12,12
116900226,95,4,91
116900227,25,1,24
116900228,118,12,106
116900230,1,18,-17
116900231,5,24,-19
116900232,0,16,-16
116900233,88,12,76
116900234,10,2,8
116900235,0,4,-4
116900238,119,5,114
116900239,0,49,-49
116900240,247,92,155
116900241,0,14,-14
116900242,15,256,-241
116900243,0,2,-2
116900245,8,12,-4
116900246,12,0,12
116900247,257,3,254
116900248,26,2,24
116900249,136,5,131
116900250,71,7,64
116900251,30,53,-23
116900252,68,29,39
116900253,8,2,6
116900254,0,1,-1
116900255,0,0,0
116900256,0,0,0
116900257,0,0,0
116900258,0,0,0
116900259,41,0,41
116900260,0,0,0
116900261,2,0,2
116900262,18,1,17
116900263,0,0,0
116900264,0,0,0
116900265,16,0,16
116900266,0,0,0
116900267,0,0,0
116900268,2,19,-17
116900269,285,160,125
116900271,0,0,0
116900272,84,21,63
116900273,0,2,-2
116900274,40,1,39
116900275,1,0,1
116900276,159,143,16
116900277,46,13,33
116900278,1,0,1
116900279,0,0,0
116900280,0,0,0
116900281,615,841,-226
116900282,0,4,-4
116900283,1,0,1
116900284,0,8,-8
116900285,5,39,-34
116900286,27,0,27
116900287,3,1,2
116900288,11,0,11
116900289,0,0,0
116900290,0,0,0
116900291,0,0,0
116900292,0,0,0
116900293,0,0,0
116900294,0,0,0
116900295,0,0,0
116900296,0,0,0
116900297,0,0,0
116900298,0,0,0
116900299,0,0,0
116900300,0,0,0
116900301,0,0,0
116900302,0,0,0
116900303,22,0,22
116900304,0,0,0
116900305,0,0,0
116900306,110,1,109
117000001,3097,1834,1263
117000002,1618,971,647
117000003,4165,1527,2638
117000004,1350,1000,350
117000005,3208,945,2263
117000006,503,780,-277
117000007,3856,640,3216
117000008,403,1014,-611
117000009,2548,744,1804
117000010,716,713,3
117000011,1599,525,1074
117000012,713,261,452
117000013,1466,349,1117
117000014,496,1367,-871
117000015,808,859,-51
117000016,79,128,-49
117000017,69,96,-27
117000018,8,703,-695
117000019,11,2,9
117000020,215,1583,-1368
117000021,646,91,555
117000022,81,221,-140
117000023,21,241,-220
117000024,71,324,-253
117000025,7,160,-153
117000026,1098,1395,-297
117000027,113,159,-46
117000028,263,297,-34
117000030,296,410,-114
117000031,374,169,205
117000032,925,469,456
117000033,850,865,-15
117000034,428,135,293
117000035,321,154,167
117000036,184,184,0
117000037,310,84,226
117000038,225,360,-135
117000039,108,118,-10
117000040,31,169,-138
117000041,852,22,830
117000044,3,121,-118
117000045,217,135,82
117000046,148,298,-150
117000047,545,345,200
117000048,392,232,160
117000049,29,282,-253
117000050,95,364,-269
117000051,1649,29,1620
117000052,21,89,-68
117000053,420,4,416
117000054,1329,55,1274
117000055,1,238,-237
117000056,345,43,302
117000057,142,154,-12
117000060,120,100,20
117000061,1803,723,1080
117000062,72,60,12
117000063,1822,543,1279
117000064,580,142,438
117000066,297,144,153
117000067,75,385,-310
117000074,6,130,-124
117000076,26,45,-19
117000077,32,38,-6
117000078,155,43,112
117000079,146,11,135
117000080,0,0,0
117000081,252,47,205
117000082,2,30,-28
117000083,28,0,28
117000084,47,0,47
117000085,203,143,60
117000086,209,72,137
117000087,1,235,-234
117000088,265,137,128
117000089,1677,191,1486
117000090,97,214,-117
117000091,1107,65,1042
117000092,89,190,-101
117000093,1924,176,1748
117000094,163,245,-82
117000095,3401,170,3231
117000096,287,230,57
117000097,1945,292,1653
117000098,495,471,24
117000099,3474,377,3097
117000100,45,84,-39
117000101,76,67,9
117000102,2191,233,1958
117000103,145,187,-42
117000104,1624,196,1428
117000105,137,201,-64
117000106,2052,263,1789
117000107,157,212,-55
117000108,2011,800,1211
117000109,566,323,243
117000110,2053,1703,350
117000111,2728,2488,240
117000112,1785,683,1102
117000113,40,57,-17
117000114,202,40,162
117000115,29,30,-1
117000116,158,24,134
117000117,596,141,455
117000118,137,80,57
117000119,49,129,-80
117000120,5,164,-159
117000121,2,369,-367
117000122,3,524,-521
117000123,239,83,156
117000124,7,20,-13
117000125,27,20,7
117000126,1,1,0
117000127,19,4,15
117000128,8,13,-5
117000129,130,37,93
117000130,15,1,14
117000131,0,0,0
117000132,2428,20,2408
117000133,2044,20,2024
117000134,0,0,0
117000135,0,0,0
117000136,0,0,0
117000137,316,92,224
117000138,3,0,3
117000140,46,116,-70
117000141,2173,221,1952
117000181,8,6,2
117000182,344,486,-142
117000195,0,50,-50
117000196,235,126,109
117000225,6,17,-11
117000226,0,11,-11
117000276,209,4,205
117000277,0,39,-39
117000310,223,1865,-1642
117000315,36,305,-269
117000320,12,0,12
117000906,303,32,271
117000907,3,37,-34
117000908,33,102,-69
117000909,36,90,-54
117000910,284,55,229
117000911,7,121,-114
117000915,10,84,-74
117000916,12,1,11
117000917,1292,39,1253
117000918,69,139,-70
117000919,1,20,-19
117000920,1,194,-193
117000921,0,78,-78
117000922,9,11,-2
117000924,229,218,11
117000926,178,96,82
117000927,153,505,-352
117000928,0,0,0
117000929,20,39,-19
117000930,19,0,19
117000931,145,114,31
117900002,27,448,-421
117900003,0,0,0
117900005,0,5,-5
117900006,0,0,0
117900007,89,14,75
117900008,0,6,-6
117900010,154,13,141
117900011,0,44,-44
117900012,19,11,8
117900013,0,13,-13
117900014,116,24,92
117900015,1,40,-39
117900016,131,492,-361
117900017,423,59,364
117900018,90,8,82
117900019,211,41,170
117900020,21,54,-33
117900021,20,7,13
117900022,0,0,0
117900023,38,3,35
117900024,65,11,54
117900025,0,0,0
117900026,248,18,230
117900028,0,0,0
117900029,129,45,84
117900030,69,211,-142
117900031,13,31,-18
117900032,292,129,163
117900033,404,45,359
117900034,1,0,1
117900035,64,1,63
117900036,237,33,204
117900037,65,3,62
117900038,0,0,0
117900039,0,0,0
117900040,0,0,0
117900041,0,0,0
117900042,248,104,144
117900043,0,0,0
117900044,7,1490,-1483
117900045,136,51,85
117900048,234,10,224
117900049,130,58,72
117900050,2,45,-43
117900051,0,0,0
117900052,0,0,0
117900053,627,72,555
117900054,0,12,-12
117900055,56,48,8
117900056,3,0,3
117900057,164,300,-136
117900058,0,0,0
117900059,0,0,0
117900060,868,592,276
117900061,2,121,-119
117900063,185,54,131
117900065,51,160,-109
117900066,0,49,-49
117900067,362,30,332
117900069,380,14,366
117900070,58,52,6
117900071,244,44,200
117900073,255,13,242
117900074,5,56,-51
117900075,55,6,49
117900076,1,0,1
117900077,80,2,78
117900078,177,146,31
117900080,125,23,102
117900081,59,26,33
117900082,195,68,127
117900083,236,20,216
117900086,79,21,58
117900087,13,1,12
117900088,344,66,278
117900089,849,135,714
117900090,144,141,3
117900091,247,14,233
117900092,22,4,18
117900093,63,1,62
117900094,48,15,33
117900095,254,31,223
117900096,137,50,87
117900097,16,21,-5
117900098,54,6,48
117900099,146,61,85
117900100,204,0,204
117900101,283,656,-373
117900102,10,27,-17
117900103,96,1,95
117900104,3,9,-6
117900105,76,23,53
117900106,20,11,9
117900107,54,1,53
117900109,322,229,93
117900110,136,0,136
117900111,287,24,263
117900112,29,0,29
117900113,177,40,137
117900114,41,0,41
117900115,3,15,-12
117900116,296,110,186
117900117,169,60,109
117900118,79,1,78
117900119,160,0,160
117900120,276,4,272
117900121,53,1,52
117900122,71,1143,-1072
117900123,288,60,228
117900124,137,138,-1
117900125,289,252,37
117900126,77,59,18
117900127,203,82,121
117900128,210,42,168
117900129,64,0,64
117900130,196,4,192
117900131,0,0,0
117900132,0,0,0
117900133,0,0,0
117900134,0,0,0
117900135,0,0,0
117900136,0,0,0
117900137,0,0,0
117900138,0,0,0
117900139,1,6,-5
117900140,742,208,534
117900141,20,68,-48
117900142,4,55,-51
117900144,2,47,-45
117900145,0,39,-39
117900146,3,73,-70
117900147,74,19,55
117900148,170,749,-579
117900149,1,2,-1
117900150,9,23,-14
117900151,25,20,5
117900152,0,0,0
117900153,6,85,-79
117900154,351,72,279
117900156,175,39,136
117900157,123,77,46
117900158,74,2,72
117900160,259,225,34
117900161,306,66,240
117900162,289,104,185
117900163,9,16,-7
117900165,0,1,-1
117900166,0,37,-37
117900168,110,1,109
117900169,0,2,-2
117900170,0,1,-1
117900171,0,0,0
117900172,0,0,0
117900173,1,5,-4
117900174,4,14,-10
117900175,0,1,-1
117900176,1,14,-13
117900177,1,2,-1
117900178,11,2,9
117900180,32,1,31
117900181,0,280,-280
117900182,2,42,-40
117900183,14,127,-113
117900184,12,4,8
117900185,74,2,72
117900186,39,3,36
117900187,33,0,33
117900188,43,13,30
117900189,69,9,60
117900190,13,0,13
117900191,69,0,69
117900192,55,0,55
117900193,79,26,53
117900194,1,0,1
117900195,4,9,-5
117900196,16,2,14
117900207,89,54,35
117900208,13,6,7
117900209,73,7,66
117900210,0,0,0
117900211,0,0,0
117900212,182,16,166
117900213,38,1,37
117900214,6,1,5
117900215,0,0,0
117900216,0,0,0
117900217,0,0,0
117900218,0,0,0
117900219,0,0,0
117900220,2,70,-68
117900222,11,6,5
117900223,21,112,-91
118000001,324,1044,-720
118000002,66,442,-376
118000003,1784,3598,-1814
118000004,649,523,126
118000005,1496,2085,-589
118000006,1510,2374,-864
118000007,3127,5202,-2075
118000008,2333,2112,221
118000009,795,1300,-505
118000010,1339,1470,-131
118000011,623,376,247
118000012,350,372,-22
118000013,374,497,-123
118000014,448,461,-13
118000016,119,43,76
118000017,564,616,-52
118000018,118,80,38
118000019,845,1035,-190
118000020,168,1274,-1106
118000021,107,1067,-960
118000022,780,458,322
118000023,360,337,23
118000024,435,492,-57
118000027,3374,5347,-1973
118000029,155,982,-827
118000032,143,1435,-1292
118000033,1463,2325,-862
118000034,1750,1541,209
118000035,361,736,-375
118000036,204,477,-273
118000037,221,573,-352
118000038,123,161,-38
118000039,82,42,40
118000040,491,575,-84
118000041,321,501,-180
118000045,34,184,-150
118000046,79,1012,-933
118000047,60,449,-389
118000048,567,1505,-938
118000051,1058,1407,-349
118000052,759,1319,-560
118000053,328,808,-480
118000054,791,724,67
118000055,316,720,-404
118000056,32,200,-168
118000057,50,152,-102
118000058,464,469,-5
118000059,170,1065,-895
118000060,324,215,109
118000061,254,301,-47
118000062,60,88,-28
118000063,56,573,-517
118000064,221,851,-630
118000065,701,305,396
118000066,333,1707,-1374
118000067,193,726,-533
118000068,226,2474,-2248
118000069,458,532,-74
118000070,695,1473,-778
118000071,437,2308,-1871
118000072,488,3225,-2737
118000073,251,1149,-898
118000074,91,471,-380
118000075,213,435,-222
118000076,2502,5198,-2696
118000077,684,645,39
118000078,1155,1303,-148
118000079,41,251,-210
118000080,194,310,-116
118000081,1001,941,60
118000082,248,798,-550
118000083,356,1041,-685
118000084,323,368,-45
118000086,19,58,-39
118000087,1156,1742,-586
118000088,367,1086,-719
118000089,1020,945,75
118000090,186,1295,-1109
118000091,174,1568,-1394
118000092,289,110,179
118000093,36,612,-576
118000096,62,382,-320
118000097,78,243,-165
118000098,97,148,-51
118000099,0,0,0
118000101,833,279,554
118000102,379,140,239
118000107,46,22,24
118000108,42,445,-403
118000110,0,0,0
118000111,0,0,0
118000112,185,1,184
118000113,0,0,0
118000114,397,10,387
118000115,17,5,12
118000116,4,4,0
118000117,242,325,-83
118000118,426,633,-207
118000119,524,634,-110
118000120,429,350,79
118000121,6,87,-81
118000122,105,43,62
118000123,59,205,-146
118000125,6,173,-167
118000126,210,419,-209
118000127,609,549,60
118000128,9,333,-324
118000129,208,292,-84
118000130,501,915,-414
118000131,83,234,-151
118000132,1893,1533,360
118000133,472,189,283
118000135,197,354,-157
118000136,12,298,-286
118000137,108,54,54
118000138,74,101,-27
118000139,92,34,58
118000140,1305,6501,-5196
118000141,3126,1371,1755
118000142,967,1060,-93
118000143,3268,1716,1552
118000144,378,207,171
118000145,672,237,435
118000146,1217,151,1066
118000147,920,264,656
118000148,145,834,-689
118000149,286,101,185
118000150,950,127,823
118000151,546,131,415
118000153,2591,1337,1254
118000154,1001,1141,-140
118000155,2893,1283,1610
118000156,449,1023,-574
118000157,219,141,78
118000158,98,124,-26
118000159,79,155,-76
118000160,671,345,326
118000161,266,136,130
118000162,532,537,-5
118000163,958,856,102
118000164,942,1390,-448
118000168,129,2,127
118000169,185,415,-230
118000170,1106,1262,-156
118000171,157,216,-59
118000172,76,77,-1
118000173,496,371,125
118000175,275,277,-2
118000176,384,316,68
118000177,377,350,27
118000178,3,31,-28
118000179,797,802,-5
118000180,815,520,295
118000181,160,36,124
118000182,117,167,-50
118000183,46,86,-40
118000184,1120,340,780
118000185,137,556,-419
118000186,176,447,-271
118000187,953,187,766
118000188,201,5,196
118000189,42,24,18
118000190,1,15,-14
118000191,29,18,11
118000192,2,89,-87
118000193,4,186,-182
118000194,787,1196,-409
118000195,65,868,-803
118000196,22,76,-54
118000197,118,363,-245
118000198,378,1085,-707
118000199,429,654,-225
118000200,0,0,0
118000201,82,264,-182
118000202,0,0,0
118000203,39,215,-176
118000204,3,33,-30
118000205,112,38,74
118000206,242,88,154
118000207,0,38,-38
118000208,715,904,-189
118000209,1152,348,804
118000210,73,17,56
118000211,52,28,24
118000213,202,1147,-945
118000214,85,32,53
118000215,60,21,39
118000216,357,8,349
118000217,2,33,-31
118000218,25,25,0
118000219,265,64,201
118000220,43,43,0
118000221,36,440,-404
118000222,29,2,27
118000223,54,11,43
118000224,60,19,41
118000225,0,0,0
118000226,236,33,203
118000227,53,243,-190
118000228,3,26,-23
118000229,0,0,0
118000230,0,0,0
118000231,0,0,0
118000232,0,0,0
118000233,538,121,417
118000234,0,0,0
118000236,101,1,100
118000237,0,0,0
118000238,194,2,192
118000239,288,200,88
118000240,31,37,-6
118000241,38,2,36
118000242,0,0,0
118000243,0,0,0
118000244,25,12,13
118000246,0,0,0
118000255,9,231,-222
118000256,101,160,-59
118000259,2,6,-4
118000260,65,1,64
118000261,0,0,0
118000263,5,8,-3
118000266,16,31,-15
118000267,0,0,0
118000268,46,0,46
118000270,0,0,0
118000271,49,29,20
118000272,61,5,56
118000273,5,0,5
118000274,0,0,0
118000276,73,32,41
118000295,3,3,0
118000298,1,11,-10
118000299,1,4,-3
118000301,0,0,0
118000302,55,22,33
118000311,204,42,162
118000312,42,0,42
118000313,14,11,3
118000314,18,2,16
118000315,0,2,-2
118000316,21,11,10
118000325,164,0,164
118000326,8,11,-3
118000331,243,9,234
118000332,148,2,146
118000333,170,12,158
118000335,168,0,168
118000336,0,0,0
118000407,177,26,151
118000457,0,0,0
118000465,241,333,-92
118000480,0,3,-3
118000489,2,288,-286
118000490,0,39,-39
118000492,365,43,322
118000510,0,0,0
118000514,30,19,11
118000515,82,115,-33
118000517,249,110,139
118000524,12,16,-4
118000525,23,112,-89
118000530,19,83,-64
118000531,343,143,200
118000532,1,2,-1
118000533,0,0,0
118000534,0,1,-1
118000535,124,30,94
118000536,2,17,-15
118000537,0,6,-6
118000538,1,23,-22
118000539,29,143,-114
118000540,23,18,5
118000541,9,5,4
118000542,54,129,-75
118000543,48,62,-14
118000546,33,1,32
118000560,1,2,-1
118000562,0,0,0
118000563,692,878,-186
118000576,92,13,79
118000577,75,55,20
118000578,21,11,10
118000579,87,342,-255
118000595,193,74,119
118000596,0,0,0
118000597,40,18,22
118000598,9,0,9
118000599,149,4,145
118000600,0,0,0
118000601,0,0,0
118000602,0,1,-1
118000603,0,0,0
118900001,0,0,0
118900002,37,1,36
118900003,68,0,68
118900004,6,1,5
118900005,0,0,0
118900006,0,0,0
118900007,0,0,0
118900008,253,2,251
118900009,0,0,0
118900010,0,0,0
118900011,0,0,0
118900012,160,66,94
118900013,0,0,0
118900015,0,0,0
118900016,0,0,0
118900017,0,0,0
118900018,0,0,0
118900019,0,0,0
118900020,0,0,0
118900021,27,26,1
118900022,13,1,12
118900023,0,0,0
118900024,0,0,0
118900025,0,0,0
118900026,14,2,12
118900027,0,0,0
118900028,70,20,50
118900029,0,0,0
118900030,0,0,0
118900031,25,7,18
118900032,0,0,0
118900033,0,0,0
118900034,0,0,0
118900035,14,4,10
118900036,168,27,141
118900037,0,0,0
118900038,113,5,108
118900039,0,0,0
118900040,47,22,25
118900041,0,0,0
118900042,9,0,9
118900045,9,4,5
118900046,7,2,5
118900047,9,26,-17
118900048,0,0,0
118900049,0,0,0
118900050,0,0,0
118900051,0,0,0
118900052,0,0,0
118900053,0,0,0
118900054,5,2,3
118900055,0,0,0
118900056,0,0,0
118900057,104,77,27
118900058,0,0,0
118900059,0,0,0
118900060,26,13,13
118900062,0,0,0
118900064,0,0,0
118900065,0,0,0
118900066,0,0,0
118900067,11,40,-29
118900068,0,0,0
118900069,8,2,6
118900071,0,0,0
118900072,0,0,0
118900073,1,0,1
118900074,0,0,0
118900075,0,0,0
118900076,0,0,0
118900077,1,0,1
118900078,0,0,0
118900079,0,0,0
118900080,0,0,0
118900081,0,0,0
118900082,2,0,2
118900083,0,0,0
118900084,0,0,0
118900085,0,0,0
118900086,0,0,0
118900087,0,1,-1
118900088,0,0,0
118900089,0,0,0
118900090,0,0,0
118900091,0,0,0
118900092,0,0,0
118900093,0,0,0
118900096,0,0,0
118900097,46,49,-3
118900099,12,8,4
118900100,0,0,0
118900101,0,0,0
118900102,0,0,0
118900103,0,0,0
118900104,6,0,6
118900105,0,0,0
118900107,0,0,0
118900108,0,0,0
118900110,61,0,61
118900111,0,0,0
118900112,1,0,1
118900113,0,0,0
118900114,0,0,0
118900115,0,9,-9
118900116,2,5,-3
118900117,4,1,3
118900118,15,2,13
118900119,25,1,24
118900120,0,11,-11
118900121,0,0,0
118900122,0,0,0
118900123,29,6,23
118900124,0,0,0
118900126,0,0,0
118900129,0,0,0
118900130,0,0,0
118900131,62,17,45
118900132,0,0,0
118900133,0,0,0
118900135,0,0,0
118900136,48,15,33
118900137,0,0,0
118900139,0,0,0
118900140,112,27,85
118900141,0,0,0
118900144,28,22,6
118900145,0,0,0
118900146,27,30,-3
118900147,0,0,0
118900148,0,0,0
118900150,0,0,0
118900152,0,0,0
118900157,0,0,0
118900158,0,0,0
118900159,0,0,0
118900161,0,0,0
118900163,0,0,0
118900164,0,0,0
118900165,0,0,0
118900166,0,0,0
118900167,0,0,0
118900168,0,0,0
118900169,0,0,0
118900170,0,0,0
118900171,0,0,0
118900174,0,0,0
118900175,96,40,56
118900176,14,17,-3
118900177,0,0,0
118900178,0,0,0
118900179,0,0,0
118900181,26,8,18
118900182,0,0,0
118900183,0,0,0
118900184,0,0,0
118900185,17,1,16
118900186,7,20,-13
118900187,28,12,16
118900188,25,20,5
118900189,0,0,0
118900190,0,0,0
118900191,0,0,0
118900192,0,0,0
118900193,5,0,5
118900195,60,0,60
118900196,0,0,0
118900197,0,0,0
118900198,0,0,0
118900199,0,0,0
118900200,0,0,0
118900201,0,0,0
118900202,0,0,0
118900203,0,0,0
118900204,0,0,0
118900205,0,0,0
118900206,0,0,0
119000001,1185,848,337
119000002,2057,1106,951
119000003,1039,372,667
119000004,794,1200,-406
119000005,1056,1336,-280
119000006,1015,627,388
119000007,1814,1792,22
119000008,588,583,5
119000009,943,2489,-1546
119000010,1018,1274,-256
119000011,1138,1140,-2
119000012,606,1224,-618
119000013,3603,1937,1666
119000014,928,1694,-766
119000019,69,91,-22
119000020,775,1027,-252
119000021,1551,1717,-166
119000022,81,574,-493
119000023,56,158,-102
119000024,571,7615,-7044
119000025,1317,565,752
119000026,6,151,-145
119000027,40,245,-205
119000028,1561,301,1260
119000029,62,106,-44
119000030,258,693,-435
119000031,373,501,-128
119000032,259,668,-409
119000033,1108,634,474
119000034,514,312,202
119000035,9,103,-94
119000036,1096,204,892
119000037,668,359,309
119000038,53,189,-136
119000039,462,246,216
119000040,197,505,-308
119000041,281,691,-410
119000048,1323,603,720
119000049,619,348,271
119000050,535,639,-104
119000051,331,250,81
119000052,363,390,-27
119000053,632,341,291
119000054,1383,643,740
119000055,3079,616,2463
119000056,2051,615,1436
119000057,902,589,313
119000058,684,542,142
119000059,989,496,493
119000060,367,153,214
119000061,276,399,-123
119000062,306,262,44
119000063,400,287,113
119000064,182,163,19
119000065,271,414,-143
119000066,749,760,-11
119000067,681,706,-25
119000068,695,301,394
119000069,571,458,113
119000070,902,248,654
119000071,69,184,-115
119000072,765,461,304
119000073,1440,2517,-1077
119000074,1179,436,743
119000075,1497,813,684
119000076,82,315,-233
119000077,202,217,-15
119000078,56,74,-18
119000079,20,124,-104
119000080,211,10,201
119000081,120,129,-9
119000082,189,23,166
119000083,145,51,94
119000084,133,85,48
119000085,117,64,53
119000086,90,37,53
119000087,377,181,196
119000088,179,10,169
119000089,8,19,-11
119000090,41,93,-52
119000091,21,64,-43
119000092,74,124,-50
119000093,1164,772,392
119000094,2017,1366,651
119000095,858,695,163
119000097,524,523,1
119000098,484,2293,-1809
119000099,1322,461,861
119000100,2034,965,1069
119000101,1278,909,369
119000102,19,253,-234
119000103,547,387,160
119000104,181,54,127
119000105,186,782,-596
119000106,83,68,15
119000107,609,389,220
119000108,113,147,-34
119000109,17,36,-19
119000110,0,0,0
119000111,2,51,-49
119000112,0,0,0
119000113,235,16,219
119000114,84,103,-19
119000115,20,106,-86
119000116,19,95,-76
119000117,42,43,-1
119000118,6,0,6
119000123,325,631,-306
119000124,303,74,229
119000125,2233,227,2006
119000126,565,141,424
119000127,162,21,141
119000128,6,0,6
119000131,318,72,246
119000132,0,0,0
119000133,2,7,-5
119000134,287,444,-157
119000135,72,17,55
119000136,0,0,0
119000137,21,11,10
119000138,0,0,0
119000139,11,5,6
119000140,0,0,0
119000284,236,667,-431
119000285,399,367,32
119000286,1429,1000,429
119000287,603,556,47
119000288,472,206,266
119000289,320,696,-376
119000290,237,237,0
119000291,6,71,-65
119000293,123,205,-82
119000294,89,92,-3
119000295,277,95,182
119000296,40,29,11
119000302,941,989,-48
119000303,3,25,-22
119000314,190,2753,-2563
119000315,0,8,-8
119000316,0,0,0
119000317,39,10,29
119900001,34,270,-236
119900002,31,29,2
119900003,0,13,-13
119900004,0,0,0
119900005,0,0,0
119900006,21,57,-36
119900007,31,0,31
119900008,0,0,0
119900009,70,86,-16
119900010,313,252,61
119900011,5,0,5
119900012,0,0,0
119900013,192,155,37
119900014,173,80,93
119900015,0,0,0
119900016,0,0,0
119900017,4,12,-8
119900018,159,280,-121
119900019,0,0,0
119900020,0,0,0
119900021,0,0,0
119900022,9,218,-209
119900023,45,890,-845
119900025,0,0,0
119900026,0,0,0
119900027,1,11,-10
119900028,18,37,-19
119900029,0,0,0
119900030,0,0,0
119900031,20,301,-281
119900033,344,134,210
119900034,0,0,0
119900037,120,0,120
119900038,70,30,40
119900039,0,0,0
119900040,103,1,102
119900041,0,0,0
119900042,0,0,0
119900043,52,41,11
119900044,7,125,-118
119900046,2,0,2
119900047,4,0,4
119900048,2,3,-1
119900049,26,0,26
119900050,134,12,122
119900051,487,6,481
119900052,0,0,0
119900053,0,0,0
119900054,132,3,129
119900055,394,73,321
119900057,0,0,0
119900058,1,0,1
119900059,22,4,18
119900060,120,2,118
119900062,0,0,0
119900063,0,0,0
119900064,298,22,276
119900065,68,0,68
119900066,0,0,0
119900067,0,0,0
119900068,0,0,0
119900069,25,0,25
119900070,329,0,329
119900071,187,21,166
119900073,97,11,86
119900074,0,0,0
119900075,300,356,-56
119900076,0,0,0
119900077,177,27,150
119900078,149,4,145
119900079,58,0,58
119900080,293,58,235
119900081,90,15,75
119900082,1142,316,826
119900083,74,37,37
119900084,0,0,0
119900085,0,0,0
119900086,0,40,-40
119900087,0,0,0
119900088,0,0,0
119900089,1,29,-28
119900090,0,0,0
119900091,4,22,-18
119900092,0,8,-8
119900093,0,0,0
119900094,0,9,-9
119900095,0,0,0
119900096,0,0,0
119900097,14,3,11
119900098,0,0,0
119900099,0,0,0
119900100,106,118,-12
119900101,2,95,-93
119900102,0,0,0
119900103,0,0,0
119900104,0,0,0
119900105,46,70,-24
119900106,0,0,0
119900107,0,0,0
119900108,407,134,273
119900109,0,0,0
119900110,27,53,-26
119900111,14,4,10
119900112,0,0,0
119900113,1,5,-4
119900114,25,49,-24
119900115,32,8,24
119900116,0,6,-6
119900117,28,32,-4
119900118,28,12,16
119900119,4,5,-1
119900120,10,40,-30
119900121,3,1,2
119900122,2,3,-1
119900123,1,10,-9
119900124,0,14,-14
119900125,0,0,0
119900126,360,32,328
119900127,36,0,36
119900128,3,9,-6
119900129,10,3,7
119900130,0,0,0
119900131,0,7,-7
119900132,0,0,0
119900133,0,0,0
119900134,35,4,31
119900135,0,0,0
119900136,0,0,0
119900138,0,0,0
119900139,0,0,0
119900140,0,20,-20
119900141,1,1,0
119900142,1,1,0
119900143,16,105,-89
119900144,0,0,0
119900145,0,0,0
119900146,0,0,0
119900147,0,0,0
119900148,63,0,63
119900149,5,768,-763
119900150,0,0,0
119900151,266,162,104
119900152,0,0,0
119900153,79,2,77
119900154,2,15,-13
119900155,0,0,0
119900156,21,14,7
119900157,0,0,0
119900158,62,14,48
119900159,5,64,-59
119900160,0,0,0
119900161,67,4,63
119900162,160,88,72
119900163,0,0,0
119900164,0,0,0
119900165,0,0,0
119900166,61,24,37
119900167,0,0,0
119900168,198,29,169
119900169,0,0,0
119900170,0,0,0
119900171,27,4,23
119900172,3,23,-20
119900173,1,9,-8
119900174,0,0,0
119900175,264,13,251
119900177,6,22,-16
119900178,0,0,0
119900179,44,300,-256
119900180,135,25,110
119900181,0,7,-7
119900182,10,61,-51
119900183,23,83,-60
119900184,53,57,-4
119900185,1,78,-77
119900186,0,0,0
119900187,0,34,-34
119900188,59,76,-17
119900189,0,0,0
119900190,0,0,0
119900191,5,4,1
119900192,1,21,-20
119900193,110,13,97
119900194,15,18,-3
119900195,0,10,-10
119900196,0,0,0
119900197,1,0,1
119900198,27,16,11
119900199,108,2,106
119900200,4,1,3
119900201,55,29,26
119900202,3,55,-52
119900203,1,0,1
119900204,28,18,10
119900205,292,20,272
119900206,0,0,0
119900208,2,0,2
119900209,189,244,-55
119900210,0,0,0
119900211,0,0,0
119900212,451,16,435
119900213,0,0,0
119900214,0,0,0
119900215,0,0,0
119900216,0,0,0
119900217,0,0,0
119900218,0,0,0
119900219,0,0,0
119900220,0,0,0
119900221,0,0,0
119900222,0,0,0
119900223,0,0,0
119900224,0,0,0
119900225,0,0,0
119900226,30,184,-154
119900227,51,42,9
119900228,0,6,-6
119900229,0,0,0
119900230,39,2,37
119900231,81,7,74
119900232,0,0,0
119900233,6,0,6
119900234,0,0,0
119900235,0,0,0
119900236,0,0,0
119900237,9,4,5
119900238,0,0,0
119900240,0,0,0
119900241,0,0,0
119900242,60,8,52
119900244,34,196,-162
119900245,0,0,0
119900246,0,0,0
119900247,12,7,5
119900248,0,0,0
119900249,10,0,10
119900253,122,123,-1
119900254,23,303,-280
119900255,0,17,-17
119900256,225,19,206
119900257,0,0,0
119900258,0,0,0
119900259,0,0,0
119900260,8,0,8
119900261,196,28,168
119900262,5,17,-12
119900263,362,49,313
119900264,0,0,0
119900265,17,0,17
119900266,1,0,1
119900267,1,4,-3
119900268,2,0,2
119900269,55,14,41
119900271,5,0,5
119900272,0,13,-13
119900275,38,8,30
119900276,19,0,19
119900277,0,0,0
119900278,0,0,0
119900279,0,0,0
119900280,106,15,91
119900281,0,0,0
119900282,0,0,0
119900283,0,10,-10
119900284,226,106,120
119900285,10,48,-38
119900286,0,0,0
119900288,0,6,-6
119900289,0,0,0
119900290,0,0,0
119900291,0,0,0
119900292,1,2,-1
119900293,4,4,0
119900294,3,3,0
119900295,9,5,4
119900296,62,8,54
119900297,0,5,-5
119900298,0,9,-9
119900299,0,1,-1
119900300,4,0,4
119900301,0,0,0
119900302,0,0,0
119900303,0,0,0
119900304,0,0,0
119900305,0,0,0
119900306,0,0,0
119900307,0,0,0
119900308,0,0,0
119900309,1,31,-30
119900310,62,17,45
119900311,0,0,0
119900312,73,17,56
119900313,33,6,27
119900314,0,0,0
119900315,621,177,444
119900318,0,0,0
119900319,22,23,-1
119900320,57,68,-11
119900321,16,2,14
119900322,0,2,-2
119900323,0,0,0
119900324,0,0,0
119900325,0,1,-1
120000001,5052,14984,-9932
120000002,1283,639,644
120000003,859,538,321
120000004,1009,864,145
120000005,1271,675,596
120000006,471,325,146
120000007,970,645,325
120000008,406,439,-33
120000009,675,225,450
120000010,586,530,56
120000011,254,295,-41
120000012,421,511,-90
120000013,969,576,393
120000014,295,636,-341
120000015,1577,919,658
120000016,3557,1981,1576
120000017,2031,1699,332
120000018,2391,6737,-4346
120000019,454,760,-306
120000020,2029,2037,-8
120000021,1052,1908,-856
120000022,3465,3997,-532
120000023,923,809,114
120000024,787,1059,-272
120000025,2279,826,1453
120000026,1555,1746,-191
120000027,2211,2078,133
120000028,477,224,253
120000029,321,733,-412
120000030,34,321,-287
120000031,720,1550,-830
120000032,1869,1333,536
120000033,1432,342,1090
120000034,1651,293,1358
120000035,1335,365,970
120000036,1765,2384,-619
120000037,466,1671,-1205
120000038,1163,2501,-1338
120000039,50,234,-184
120000040,3,177,-174
120000041,114,186,-72
120000042,585,425,160
120000043,2144,664,1480
120000044,3936,609,3327
120000045,3990,324,3666
120000046,2232,1708,524
120000047,242,3299,-3057
120000048,2904,2097,807
120000049,2006,679,1327
120000050,1210,1320,-110
120000051,871,1898,-1027
120000052,1483,992,491
120000053,624,667,-43
120000054,399,658,-259
120000055,1050,784,266
120000056,2053,1085,968
120000057,1029,274,755
120000058,286,396,-110
120000059,129,1199,-1070
120000061,19,205,-186
120000062,133,105,28
120000063,332,475,-143
120000064,157,305,-148
120000065,243,317,-74
120000066,121,79,42
120000067,19,73,-54
120000068,65,195,-130
120000069,319,223,96
120000070,17,214,-197
120000071,356,65,291
120000072,717,164,553
120000073,448,49,399
120000074,136,34,102
120000075,982,93,889
120000076,1714,149,1565
120000077,1147,182,965
120000078,723,220,503
120000079,220,66,154
120000080,69,80,-11
120000081,149,109,40
120000082,207,237,-30
120000083,23,872,-849
120000084,121,62,59
120000085,56,59,-3
120000086,12,47,-35
120000087,42,61,-19
120000088,583,414,169
120000089,980,224,756
120000090,367,189,178
120000091,740,237,503
120000092,841,160,681
120000093,385,197,188
120000094,215,440,-225
120000095,265,90,175
120000096,161,128,33
120000098,437,104,333
120000099,99,136,-37
120000100,355,106,249
120000101,266,101,165
120000102,411,1095,-684
120000103,1021,573,448
120000104,2122,146,1976
120000105,2918,103,2815
120000106,2586,135,2451
120000107,4079,189,3890
120000108,1542,81,1461
120000109,701,32,669
120000110,1,147,-146
120000111,7,124,-117
120000112,66,409,-343
120000113,44,393,-349
120000114,74,258,-184
120000115,56,240,-184
120000116,178,226,-48
120000117,358,238,120
120000118,3,22,-19
120000119,7,54,-47
120000120,27,33,-6
120000121,43,55,-12
120000122,62,323,-261
120000123,673,4341,-3668
120000124,283,138,145
120000125,210,147,63
120000126,90,359,-269
120000127,140,205,-65
120000128,574,904,-330
120000129,103,92,11
120000130,492,218,274
120000131,234,200,34
120000134,72,36,36
120000135,116,326,-210
120000137,48,17,31
120000138,311,87,224
120000139,124,49,75
120000140,261,21,240
120000141,307,62,245
120000142,662,151,511
120000143,0,1,-1
120000144,51,1,50
120000145,32,0,32
120000146,346,782,-436
120000149,144,178,-34
120000150,272,3652,-3380
120000151,477,124,353
120000152,765,89,676
120000153,117,83,34
120000154,90,94,-4
120000155,96,96,0
120000156,160,294,-134
120000157,499,205,294
120000158,172,83,89
120000159,616,755,-139
120000160,1274,949,325
120000161,914,878,36
120000162,57,166,-109
120000163,322,152,170
120000164,215,41,174
120000165,293,44,249
120000166,1021,54,967
120000167,0,0,0
120000168,0,0,0
120000169,0,0,0
120000170,0,0,0
120000171,0,0,0
120000172,0,0,0
120000173,73,0,73
120000174,14,1,13
120000175,3,0,3
120000176,2,1,1
120000177,118,7,111
120000178,28,0,28
120000179,19,1,18
120000180,23,2,21
120000181,14,139,-125
120000182,9,135,-126
120000183,4,100,-96
120000184,38,260,-222
120000186,18,66,-48
120000187,29,31,-2
120000188,6,35,-29
120000190,99,120,-21
120000191,83,87,-4
120000192,66,8,58
120000193,77,7,70
120000195,8,0,8
120000196,21,3,18
120000197,5,17,-12
120000198,14,0,14
120000199,0,0,0
120000200,0,0,0
120000201,0,0,0
120000202,0,0,0
120000203,0,0,0
120000207,0,0,0
120000208,0,0,0
120000209,0,0,0
120000210,0,0,0
120000211,0,0,0
120000212,0,0,0
120000213,0,0,0
120000214,0,0,0
120000215,0,0,0
120000216,0,0,0
120000217,0,0,0
120000218,0,0,0
120000219,0,0,0
120000220,0,0,0
120000225,1043,3,1040
120000226,163,3,160
120000227,225,35,190
120000228,0,0,0
120000230,59,2,57
120000231,221,50,171
120000233,412,4,408
120000235,0,53,-53
120000236,995,1,994
120000237,0,47,-47
120000238,0,0,0
120000241,931,1905,-974
120000412,53,4,49
120000413,126,25,101
120000414,65,0,65
120000415,0,0,0
120000416,29,0,29
120000417,0,2,-2
120000418,109,0,109
120000419,0,2,-2
120000420,26,9,17
120000421,2273,1604,669
120000422,10,350,-340
120000423,0,0,0
120000424,0,0,0
120000436,54,822,-768
120000437,9,26,-17
120000438,175,114,61
120000439,281,275,6
120000443,168,0,168
120000444,1096,129,967
120000445,740,641,99
120000446,197,56,141
120000447,246,0,246
120000449,54,0,54
120000450,0,2,-2
120000451,59,55,4
120000452,188,0,188
120000453,0,0,0
120000454,7,16,-9
120000455,18,32,-14
120000456,97,756,-659
120000457,304,201,103
120000458,275,53,222
120000459,67,32,35
120000665,30,114,-84
120000668,10,369,-359
120000669,80,50,30
120000670,16,190,-174
120000671,506,181,325
120000672,3,105,-102
120900001,70,7,63
120900002,12,33,-21
120900003,0,0,0
120900004,1,38,-37
120900005,0,89,-89
120900006,195,41,154
120900007,17,7,10
120900008,220,151,69
120900009,1,0,1
120900010,203,41,162
120900011,0,0,0
120900012,15,428,-413
120900013,138,17,121
120900014,0,31,-31
120900015,606,29,577
120900016,767,8,759
120900017,313,16,297
120900018,100,32,68
120900019,145,86,59
120900020,40,189,-149
120900021,391,3,388
120900022,1,27,-26
120900023,350,12,338
120900024,336,39,297
120900025,236,45,191
120900026,21,25,-4
120900027,0,0,0
120900028,342,76,266
120900029,0,0,0
120900030,720,107,613
120900031,230,26,204
120900032,886,34,852
120900033,488,30,458
120900034,3,865,-862
120900035,98,14,84
120900037,125,0,125
120900038,0,0,0
120900039,0,0,0
120900040,137,2,135
120900041,3,0,3
120900042,345,20,325
120900043,21,11,10
120900044,9,178,-169
120900045,4,6,-2
120900046,302,2,300
120900047,0,0,0
120900048,0,0,0
120900049,332,1,331
120900050,204,553,-349
120900051,192,32,160
120900052,185,0,185
120900053,162,8,154
120900054,197,16,181
120900055,366,3,363
120900056,0,0,0
120900057,0,0,0
120900058,466,1,465
120900059,86,0,86
120900060,40,10,30
120900061,47,5,42
120900062,153,8,145
120900063,0,0,0
120900064,328,0,328
120900065,355,1,354
120900066,320,46,274
120900067,71,22,49
120900068,228,0,228
120900069,0,0,0
120900071,25,13,12
120900072,0,0,0
120900073,0,0,0
120900074,227,6,221
120900076,247,0,247
120900077,444,128,316
120900078,782,106,676
120900079,146,13,133
120900080,195,10,185
120900081,598,57,541
120900082,91,1,90
120900083,239,36,203
120900084,125,201,-76
120900085,0,0,0
120900086,10,298,-288
120900087,334,81,253
120900088,29,198,-169
120900089,349,1312,-963
120900090,33,2,31
120900091,119,314,-195
120900092,10,26,-16
120900093,0,0,0
120900094,56,32,24
120900095,0,0,0
120900096,1,1,0
120900097,48,49,-1
120900098,0,0,0
120900099,4,0,4
120900100,0,0,0
120900101,0,0,0
120900102,0,0,0
120900103,52,38,14
120900104,2,0,2
120900105,0,0,0
120900106,67,22,45
120900107,25,14,11
120900108,0,0,0
120900109,10,26,-16
120900110,0,0,0
120900111,7,5,2
120900112,0,0,0
120900113,0,36,-36
120900114,1,8,-7
120900115,67,86,-19
120900116,103,10,93
120900117,0,0,0
120900118,1,40,-39
120900119,757,254,503
120900120,29,44,-15
120900121,2,6,-4
120900122,83,14,69
120900123,0,0,0
120900124,0,27,-27
120900125,0,63,-63
120900126,47,11,36
120900127,0,0,0
120900128,21,8,13
120900129,36,20,16
120900130,7,45,-38
120900131,0,0,0
120900132,922,31,891
120900133,14,25,-11
120900134,14,4,10
120900135,48,48,0
120900136,0,0,0
120900137,113,21,92
120900138,0,11,-11
120900139,0,22,-22
120900140,0,0,0
120900141,84,33,51
120900142,0,22,-22
120900143,0,32,-32
120900144,0,17,-17
120900145,23,27,-4
120900146,0,18,-18
120900147,0,0,0
120900148,6,13,-7
120900149,0,65,-65
120900150,1,10,-9
120900151,0,20,-20
120900152,3,0,3
120900153,0,0,0
120900154,0,24,-24
120900155,3,20,-17
120900156,49,17,32
120900157,0,0,0
120900158,0,4,-4
120900159,0,0,0
120900160,0,20,-20
120900161,0,1,-1
120900162,0,1,-1
120900163,0,0,0
120900164,0,0,0
120900165,0,0,0
120900166,0,0,0
120900167,0,0,0
120900169,0,0,0
120900170,44,1317,-1273
120900171,109,5,104
120900172,0,0,0
120900173,0,1,-1
120900174,0,0,0
120900175,29,3,26
120900176,0,297,-297
120900177,4,769,-765
120900178,0,177,-177
120900179,33,31,2
120900180,0,0,0
120900181,0,0,0
120900182,1,1,0
120900183,0,0,0
120900184,0,0,0
120900185,2,0,2
120900186,0,26,-26
120900187,218,157,61
120900188,5,0,5
120900189,0,0,0
120900190,62,12,50
120900191,9,2,7
120900192,738,2417,-1679
120900194,8,1,7
120900195,9,31,-22
120900196,0,0,0
120900197,492,53,439
120900198,3,50,-47
120900199,83,191,-108
120900200,0,0,0
120900201,58,14,44
120900202,1,6,-5
120900203,1,31,-30
120900204,19,13,6
120900205,3,0,3
120900206,3,0,3
121000001,150,431,-281
121000002,473,987,-514
121000003,333,1141,-808
121000004,443,1385,-942
121000005,1378,2664,-1286
121000006,917,1578,-661
121000007,295,1617,-1322
121000008,737,1599,-862
121000009,936,3118,-2182
121000010,1048,1563,-515
121000011,2028,3675,-1647
121000012,3248,1610,1638
121000013,2148,3466,-1318
121000014,2493,1614,879
121000015,2711,4731,-2020
121000016,926,750,176
121000017,633,2047,-1414
121000018,798,1194,-396
121000019,2371,3387,-1016
121000020,4182,7874,-3692
121000021,348,571,-223
121000022,492,2578,-2086
121000023,835,427,408
121000024,1956,2295,-339
121000025,82,240,-158
121000026,100,133,-33
121000027,163,766,-603
121000028,107,218,-111
121000029,89,209,-120
121000030,0,0,0
121000031,83,220,-137
121000032,0,0,0
121000034,24,64,-40
121000035,1,16,-15
121000036,200,243,-43
121000037,138,474,-336
121000038,466,510,-44
121000039,116,67,49
121000041,104,144,-40
121000042,37,296,-259
121000043,374,419,-45
121000044,34,318,-284
121000045,91,187,-96
121000046,0,0,0
121000047,17,17,0
121000049,558,368,190
121000050,133,1527,-1394
121000051,181,138,43
121000052,96,904,-808
121000053,34,89,-55
121000054,0,26,-26
121000055,331,678,-347
121000056,872,676,196
121000057,0,8,-8
121000058,46,73,-27
121000059,243,893,-650
121000060,565,636,-71
121000061,6,513,-507
121000062,326,273,53
121000063,164,739,-575
121000064,186,611,-425
121000065,103,168,-65
121000066,24,58,-34
121000067,72,55,17
121000068,178,599,-421
121000069,9,688,-679
121000070,235,216,19
121000071,389,967,-578
121000072,171,115,56
121000073,94,495,-401
121000074,7,37,-30
121000075,1,36,-35
121000076,29,72,-43
121000077,32,84,-52
121000078,0,28,-28
121000080,258,169,89
121000081,424,1446,-1022
121000082,2,26,-24
121000083,44,124,-80
121000084,3,0,3
121000085,16,22,-6
121000086,56,309,-253
121000087,17,256,-239
121000088,183,156,27
121000089,2,353,-351
121000090,88,144,-56
121000091,391,767,-376
121000092,15,37,-22
121000093,45,44,1
121000094,71,84,-13
121000095,24,136,-112
121000096,563,309,254
121000097,226,520,-294
121000098,156,117,39
121000099,191,165,26
121000100,309,210,99
121000101,67,86,-19
121000102,13,11,2
121000103,66,53,13
121000104,9,2,7
121000105,8,16,-8
121000106,80,94,-14
121000107,960,1772,-812
121000109,716,980,-264
121000110,34,585,-551
121000114,855,1348,-493
121000115,153,106,47
121000116,116,135,-19
121000117,221,34,187
121000118,186,21,165
121000119,36,60,-24
121000120,51,296,-245
121000121,44,57,-13
121000123,90,49,41
121000126,21,209,-188
121000127,14,26,-12
121000128,253,76,177
121000129,168,76,92
121000130,66,184,-118
121000131,77,242,-165
121000132,93,347,-254
121000135,254,865,-611
121000136,403,542,-139
121000137,26,91,-65
121000138,93,1339,-1246
121000139,0,0,0
121000141,95,23,72
121000142,17,94,-77
121000143,6,22,-16
121000144,678,994,-316
121000145,122,206,-84
121000146,264,59,205
121000147,173,48,125
121000148,169,216,-47
121000149,510,655,-145
121000152,94,82,12
121000153,282,126,156
121000154,215,137,78
121000155,380,513,-133
121000156,175,211,-36
121000157,307,290,17
121000158,315,221,94
121000159,226,116,110
121000160,328,119,209
121000161,135,266,-131
121000162,98,71,27
121000165,525,2193,-1668
121000166,28,280,-252
121000168,60,111,-51
121000169,0,22,-22
121000170,50,12,38
121000171,35,51,-16
121000172,247,357,-110
121000173,697,824,-127
121000174,326,645,-319
121000175,533,192,341
121000176,199,220,-21
121000177,196,143,53
121000178,55,61,-6
121000179,9,40,-31
121000181,154,83,71
121000182,260,345,-85
121000183,9,154,-145
121000184,25,383,-358
121000185,10,793,-783
121000186,209,938,-729
121000187,151,141,10
121000188,94,54,40
121000192,244,89,155
121000193,75,67,8
121000194,697,1136,-439
121000195,258,484,-226
121000196,85,58,27
121000197,25,87,-62
121000198,37,190,-153
121000199,28,131,-103
121000200,299,155,144
121000201,5,124,-119
121000202,97,5,92
121000203,23,101,-78
121000204,746,25,721
121000205,110,144,-34
121000206,193,153,40
121000207,584,293,291
121000208,0,171,-171
121000209,341,20,321
121000210,444,105,339
121000211,40,9,31
121000212,119,74,45
121000213,406,492,-86
121000214,236,1239,-1003
121000215,425,149,276
121000216,125,589,-464
121000217,1311,1782,-471
121000218,48,459,-411
121000219,422,377,45
121000220,30,1,29
121000221,6,114,-108
121000222,699,979,-280
121000223,0,0,0
121000224,175,226,-51
121000225,109,908,-799
121000226,275,947,-672
121000227,1,154,-153
121000228,9,76,-67
121000229,4,15,-11
121000230,17,148,-131
121000231,833,3,830
121000232,70,36,34
121000233,145,88,57
121000234,12,23,-11
121000235,19,21,-2
121000236,0,31,-31
121000237,1,2,-1
121000238,2,20,-18
121000239,47,1,46
121000240,0,56,-56
121000241,43,1,42
121000242,2,50,-48
121000243,74,3,71
121000244,0,9,-9
121000245,47,0,47
121000246,0,27,-27
121000247,24,0,24
121000248,100,66,34
121000249,5,38,-33
121000250,112,332,-220
121000251,1,45,-44
121000252,51,40,11
121000253,101,77,24
121000254,350,83,267
121000255,9,79,-70
121000256,63,143,-80
121000257,13,53,-40
121000258,58,122,-64
121000259,14,21,-7
121000260,2,37,-35
121000261,13,111,-98
121000262,166,84,82
121000263,278,68,210
121000271,63,1045,-982
121000273,2,1,1
121000274,3,72,-69
121000275,1,0,1
121000276,0,38,-38
121000278,16,5,11
121000279,4,5,-1
121000280,3,24,-21
121000289,91,12,79
121000290,99,517,-418
121000294,85,32,53
121000297,238,470,-232
121000299,82,184,-102
121000300,274,146,128
121000302,3,284,-281
121000303,94,19,75
121000304,435,148,287
121000305,56,91,-35
121000306,95,142,-47
121000308,4,7,-3
121000309,12,7,5
121000310,0,2,-2
121000311,1,6,-5
121000312,99,124,-25
121000313,12,10,2
121000314,4,3,1
121000315,1,8,-7
121000530,587,465,122
121000531,863,577,286
121000532,1974,1880,94
121000533,2911,1810,1101
121000918,0,0,0
121000919,22,90,-68
121000938,30,2,28
121000939,28,77,-49
121000956,709,258,451
121000957,0,0,0
121000958,15,16,-1
121000959,265,64,201
121000960,343,178,165
121000961,263,6,257
121000962,52,115,-63
121000973,0,0,0
121000976,0,0,0
121000979,0,0,0
121000981,88,15,73
121000982,443,55,388
121000983,99,20,79
121000984,0,31,-31
121000985,245,108,137
121000986,136,59,77
121000987,65,122,-57
121000988,307,35,272
121001302,15,19,-4
121001308,0,14,-14
121001309,18,122,-104
121001313,0,0,0
121001314,715,645,70
121001315,1812,136,1676
121900001,115,452,-337
121900002,1,0,1
121900003,0,0,0
121900004,0,0,0
121900005,1,0,1
121900006,0,0,0
121900007,320,7,313
121900008,6,0,6
121900009,2,2,0
121900010,0,0,0
121900011,4,1,3
121900012,3,0,3
121900013,12,0,12
121900014,0,0,0
121900015,156,1,155
121900016,0,0,0
121900017,0,0,0
121900018,0,0,0
121900019,1,0,1
121900020,6,0,6
121900021,197,0,197
121900022,0,0,0
121900023,0,0,0
121900024,0,0,0
121900025,0,0,0
121900026,0,0,0
121900027,0,0,0
121900028,0,0,0
121900029,0,0,0
121900030,0,0,0
121900031,0,61,-61
121900032,0,0,0
121900033,0,0,0
121900034,0,0,0
121900035,0,0,0
121900036,0,0,0
121900037,0,0,0
121900038,0,0,0
121900039,0,0,0
121900040,0,0,0
121900041,0,0,0
121900042,0,0,0
121900043,0,0,0
121900044,0,0,0
121900046,0,0,0
121900047,0,0,0
121900048,0,0,0
121900050,0,0,0
121900051,0,0,0
121900052,0,0,0
121900053,5,28,-23
121900054,0,0,0
121900055,0,0,0
121900058,0,0,0
121900059,0,0,0
121900060,0,0,0
121900061,0,0,0
121900062,0,0,0
121900063,18,7,11
121900064,0,0,0
121900066,0,0,0
121900067,0,0,0
121900069,0,0,0
121900070,0,1,-1
121900071,0,0,0
121900072,0,0,0
121900073,0,0,0
121900074,6,1,5
121900075,3,9,-6
121900076,0,0,0
121900077,0,0,0
121900078,0,0,0
121900079,0,0,0
121900080,0,0,0
121900082,0,0,0
121900084,0,0,0
121900085,0,0,0
121900086,0,0,0
121900087,0,0,0
121900088,0,1,-1
121900089,0,0,0
121900090,0,0,0
121900091,0,0,0
121900092,0,0,0
121900093,0,0,0
121900094,0,0,0
121900095,0,0,0
121900096,0,0,0
121900097,0,0,0
121900098,0,0,0
121900099,0,0,0
121900100,0,0,0
121900101,0,0,0
121900102,0,0,0
121900103,0,0,0
121900104,96,51,45
121900105,0,0,0
121900106,0,0,0
121900107,0,0,0
121900108,0,0,0
121900109,0,0,0
121900110,0,0,0
121900111,0,0,0
121900112,0,0,0
121900113,0,0,0
121900114,0,0,0
121900117,0,0,0
121900118,2,0,2
121900119,0,0,0
121900120,0,0,0
121900121,0,0,0
121900122,0,0,0
121900123,0,0,0
121900124,0,0,0
121900125,37,0,37
121900127,0,0,0
121900128,0,0,0
121900129,0,0,0
121900130,0,0,0
121900131,0,0,0
121900132,0,0,0
121900133,0,0,0
121900134,0,0,0
121900135,192,29,163
121900136,1,0,1
121900137,0,0,0
121900138,0,0,0
121900139,0,0,0
121900140,0,0,0
121900141,8,0,8
121900142,0,0,0
121900143,0,0,0
121900144,0,0,0
121900145,0,0,0
121900146,0,0,0
121900147,0,0,0
121900148,0,1,-1
121900149,0,0,0
121900150,0,0,0
121900151,0,0,0
121900152,0,0,0
121900153,0,0,0
121900154,0,0,0
121900155,0,0,0
121900156,0,0,0
121900157,0,0,0
121900158,0,0,0
121900159,0,0,0
121900160,0,1,-1
121900161,0,0,0
121900162,0,0,0
121900163,0,0,0
121900164,0,0,0
121900165,0,0,0
121900166,0,0,0
121900167,0,0,0
121900168,0,0,0
121900169,0,0,0
121900170,0,0,0
121900171,0,0,0
121900172,0,0,0
121900173,0,0,0
121900174,0,0,0
121900175,0,0,0
121900176,0,0,0
121900177,0,0,0
121900178,0,0,0
121900179,0,0,0
121900180,237,970,-733
121900182,0,0,0
121900183,0,0,0
121900184,0,0,0
121900186,0,0,0
121900187,0,0,0
121900188,0,0,0
121900189,0,0,0
121900190,8,0,8
121900191,0,0,0
121900192,0,0,0
121900193,0,0,0
121900194,0,0,0
121900195,0,0,0
121900196,0,0,0
121900197,0,0,0
121900198,244,0,244
121900199,0,0,0
121900200,0,0,0
121900201,0,0,0
121900202,0,0,0
121900203,0,0,0
121900204,0,0,0
121900205,0,0,0
121900206,0,0,0
121900207,0,0,0
121900208,0,0,0
121900209,0,0,0
121900210,0,0,0
121900211,0,0,0
121900212,0,0,0
121900213,0,0,0
121900214,0,0,0
121900215,0,0,0
121900216,0,0,0
121900217,0,0,0
121900218,0,0,0
121900220,0,0,0
121900221,0,0,0
121900222,0,0,0
121900223,0,0,0
121900224,0,0,0
121900225,0,0,0
121900226,0,0,0
121900227,0,0,0
121900228,0,0,0
121900230,0,5,-5
121900231,0,1,-1
121900232,0,0,0
121900233,0,0,0
121900234,0,0,0
121900235,0,0,0
121900236,0,0,0
121900237,0,0,0
121900238,0,0,0
121900239,0,0,0
121900240,0,0,0
121900241,0,0,0
121900242,0,0,0
121900243,0,0,0
121900244,0,0,0
121900245,0,0,0
121900246,69,43,26
121900247,0,0,0
121900248,0,0,0
121900250,0,0,0
121900251,0,0,0
121900252,0,0,0
121900253,0,0,0
121900254,0,0,0
121900255,0,0,0
121900258,485,314,171
121900259,0,0,0
121900260,0,0,0
121900261,0,1,-1
121900262,1,0,1
121900263,0,0,0
121900264,0,0,0
121900265,0,0,0
121900266,0,0,0
121900267,0,0,0
121900269,0,0,0
121900270,0,0,0
121900271,0,0,0
121900273,28,14,14
121900274,73,1,72
121900277,0,0,0
121900278,0,0,0
121900279,0,0,0
121900280,0,0,0
121900281,0,0,0
121900284,0,0,0
121900286,67,5,62
121900287,10,9,1
121900290,0,0,0
121900291,0,0,0
121900292,6,4,2
121900293,0,0,0
121900294,0,0,0
121900295,0,0,0
121900296,0,0,0
121900298,0,10,-10
121900299,0,0,0
121900300,0,0,0
121900301,4,0,4
121900302,0,0,0
121900303,0,0,0
121900304,0,0,0
121900305,0,0,0
121900306,1,0,1
121900307,21,0,21
121900308,0,0,0
121900309,0,0,0
121900310,0,0,0
121900311,121,2,119
121900312,70,2,68
121900313,32,1,31
121900314,0,0,0
121900315,0,0,0
121900316,0,0,0
121900317,0,0,0
121900318,0,0,0
121900319,0,0,0
121900320,0,0,0
121900321,0,0,0
121900322,0,0,0
121900323,0,0,0
121900324,0,0,0
121900325,0,0,0
121900326,0,0,0
121900327,0,0,0
121900328,0,0,0
121900329,0,0,0
121900330,0,0,0
121900331,0,0,0
121900332,0,0,0
121900333,0,0,0
122000001,419,930,-511
122000002,590,300,290
122000003,547,801,-254
122000004,590,445,145
122000005,1185,2548,-1363
122000006,247,690,-443
122000007,289,826,-537
122000008,598,1162,-564
122000009,129,194,-65
122000010,1729,1383,346
122000011,362,445,-83
122000012,213,465,-252
122000013,258,913,-655
122000014,556,737,-181
122000015,464,600,-136
122000016,98,455,-357
122000017,396,841,-445
122000018,419,865,-446
122000019,229,679,-450
122000020,72,68,4
122000021,37,184,-147
122000022,99,151,-52
122000023,104,181,-77
122000024,342,444,-102
122000025,241,473,-232
122000026,360,381,-21
122000027,83,352,-269
122000028,172,362,-190
122000029,103,160,-57
122000030,75,3,72
122000031,27,696,-669
122000032,227,344,-117
122000033,113,175,-62
122000034,23,89,-66
122000035,9,52,-43
122000036,83,155,-72
122000037,53,100,-47
122000038,73,205,-132
122000039,77,33,44
122000040,43,11,32
122000041,517,1075,-558
122000042,227,625,-398
122000043,58,166,-108
122000044,35,180,-145
122000045,291,159,132
122000046,428,245,183
122000047,7,8,-1
122000048,1141,2211,-1070
122000049,1773,1225,548
122000050,221,378,-157
122000051,154,684,-530
122000052,126,491,-365
122000053,186,1558,-1372
122000054,561,882,-321
122000055,2295,2531,-236
122000056,1017,1248,-231
122000057,1039,1307,-268
122000058,422,550,-128
122000059,408,1032,-624
122000060,60,113,-53
122000061,12,83,-71
122000062,326,64,262
122000063,69,495,-426
122000064,1534,2239,-705
122000065,1140,1074,66
122000066,247,238,9
122000067,739,2150,-1411
122000068,211,1719,-1508
122000069,114,194,-80
122000070,745,492,253
122000071,222,444,-222
122000072,6,116,-110
122000073,31,118,-87
122000074,454,589,-135
122000075,144,545,-401
122000076,340,360,-20
122000077,74,355,-281
122000078,495,481,14
122000079,122,435,-313
122000080,101,234,-133
122000081,15,140,-125
122000082,152,242,-90
122000083,174,337,-163
122000084,90,120,-30
122000085,48,175,-127
122000086,972,2867,-1895
122000087,348,312,36
122000088,64,52,12
122000089,916,915,1
122000090,76,220,-144
122000091,32,76,-44
122000092,9,10,-1
122000093,855,2513,-1658
122000094,1729,1515,214
122000095,545,1443,-898
122000096,106,897,-791
122000098,1284,3072,-1788
122000099,155,400,-245
122000100,198,96,102
122000101,60,92,-32
122000102,58,176,-118
122000103,105,179,-74
122000104,21,110,-89
122000105,73,102,-29
122000106,122,162,-40
122000107,330,326,4
122000108,71,37,34
122000109,87,211,-124
122000110,53,58,-5
122000111,400,179,221
122000112,188,216,-28
122000113,232,126,106
122000114,484,2106,-1622
122000115,601,1372,-771
122000116,40,235,-195
122000117,57,30,27
122000118,227,55,172
122000119,129,104,25
122000120,84,140,-56
122000121,322,542,-220
122000122,85,386,-301
122000123,261,348,-87
122000124,79,335,-256
122000125,46,235,-189
122000126,18,206,-188
122000127,100,218,-118
122000128,142,124,18
122000129,54,147,-93
122000130,528,475,53
122000131,70,113,-43
122000132,10,6,4
122000133,94,88,6
122000134,143,214,-71
122000135,141,133,8
122000136,80,191,-111
122000137,282,245,37
122000139,183,600,-417
122000140,77,331,-254
122000141,276,358,-82
122000142,41,413,-372
122000143,39,76,-37
122000144,255,86,169
122000145,113,52,61
122000146,148,285,-137
122000147,121,168,-47
122000148,136,206,-70
122000149,298,75,223
122000150,366,177,189
122000151,0,0,0
122000152,0,0,0
122000153,71,157,-86
122000154,47,117,-70
122000155,436,270,166
122000156,1227,1357,-130
122000157,327,777,-450
122000158,76,70,6
122000159,190,227,-37
122000160,393,274,119
122000161,134,210,-76
122000162,197,240,-43
122000163,25,13,12
122000164,2,4,-2
122000165,83,559,-476
122000166,168,240,-72
122000167,1,7,-6
122000168,40,692,-652
122000169,56,27,29
122000170,51,205,-154
122000171,0,0,0
122000172,189,652,-463
122000173,251,806,-555
122000174,479,1141,-662
122000175,161,42,119
122000176,149,722,-573
122000177,720,1563,-843
122000178,503,500,3
122000179,274,1299,-1025
122000180,465,1149,-684
122000181,400,1685,-1285
122000182,308,220,88
122000183,193,56,137
122000184,1036,1135,-99
122000185,289,619,-330
122000186,135,441,-306
122000187,515,263,252
122000188,0,0,0
122000189,69,128,-59
122000190,258,453,-195
122000191,92,186,-94
122000192,145,20,125
122000193,115,304,-189
122000194,67,23,44
122000195,37,343,-306
122000196,76,91,-15
122000197,40,47,-7
122000198,59,398,-339
122000199,64,81,-17
122000200,211,148,63
122000201,481,737,-256
122000202,254,548,-294
122000203,277,214,63
122000204,456,522,-66
122000205,215,229,-14
122000206,442,670,-228
122000207,406,728,-322
122000208,693,456,237
122000209,463,107,356
122000210,205,426,-221
122000211,64,268,-204
122000212,170,142,28
122000213,118,257,-139
122000214,500,890,-390
122000215,1407,680,727
122000217,316,459,-143
122000218,201,95,106
122000219,222,196,26
122000220,67,390,-323
122000221,110,360,-250
122000222,48,47,1
122000223,81,214,-133
122000225,178,61,117
122000226,67,228,-161
122000227,27,160,-133
122000228,23,79,-56
122000229,4,204,-200
122000230,15,114,-99
122000231,15,68,-53
122000232,57,100,-43
122000233,0,18,-18
122000234,111,97,14
122000235,110,53,57
122000236,441,16,425
122000237,2,3,-1
122000238,36,97,-61
122000239,127,28,99
122000240,245,77,168
122000241,252,144,108
122000242,44,6,38
122000243,3,1,2
122000244,2,74,-72
122000245,1,5,-4
122000246,11,77,-66
122000247,83,62,21
122000248,214,144,70
122000249,216,216,0
122000250,214,240,-26
122000251,0,0,0
122000252,16,4,12
122000253,0,0,0
122000254,64,16,48
122000255,66,195,-129
122000256,6,40,-34
122000257,7,9,-2
122000258,70,154,-84
122000259,6,380,-374
122000260,2,99,-97
122000261,3,52,-49
122000262,0,2,-2
122000263,43,0,43
122000264,477,61,416
122000265,492,136,356
122000266,750,82,668
122000267,1,14,-13
122000268,27,21,6
122000269,51,35,16
122000270,12,9,3
122000271,0,0,0
122000272,0,0,0
122000273,15,0,15
122000274,4,10,-6
122000275,1,3,-2
122000276,178,168,10
122000277,262,561,-299
122000278,363,68,295
122000279,80,33,47
122000280,128,38,90
122000281,79,73,6
122000282,25,346,-321
122000283,13,40,-27
122000284,21,4,17
122000285,0,0,0
122000286,0,0,0
122000287,910,390,520
122000288,55,32,23
122000291,1031,294,737
122000293,30,58,-28
122000294,29,119,-90
122000295,394,84,310
122000296,32,310,-278
122000297,633,2124,-1491
122000299,221,176,45
122000300,32,76,-44
122000301,406,1164,-758
122000302,194,1064,-870
122000303,358,42,316
122000304,0,31,-31
122000305,614,152,462
122000306,35,186,-151
122000307,36,36,0
122000309,0,1,-1
122000310,0,12,-12
122000311,26,34,-8
122000312,42,125,-83
122000313,22,102,-80
122000314,59,220,-161
122000315,56,5,51
122000316,342,102,240
122000317,555,99,456
122000318,213,566,-353
122000319,18,102,-84
122000320,11,70,-59
122000321,37,52,-15
122000322,424,356,68
122000323,162,290,-128
122000324,320,746,-426
122000325,207,358,-151
122000326,13,0,13
122000327,30,169,-139
122000328,64,109,-45
122000330,230,677,-447
122000332,14,438,-424
122000333,18,12,6
122000337,109,103,6
122000338,64,34,30
122000340,21,113,-92
122000342,202,345,-143
122000343,91,128,-37
122000344,77,1,76
122000345,50,100,-50
122000346,31,3,28
122000348,147,259,-112
122000349,1,58,-57
122000351,62,29,33
122000352,19,8,11
122000353,10,0,10
122000355,52,451,-399
122000356,52,182,-130
122000357,10,25,-15
122000358,0,0,0
122000359,0,0,0
122000360,0,0,0
122000362,1,4,-3
122000364,34,39,-5
122000365,0,19,-19
122000366,4,0,4
122000368,24,65,-41
122000370,1,4,-3
122000371,0,0,0
122000372,0,0,0
122000381,12,48,-36
122000382,0,27,-27
122000384,255,465,-210
122000385,26,0,26
122000386,46,520,-474
122000387,101,119,-18
122000388,120,351,-231
122000389,56,58,-2
122000390,43,198,-155
122000391,1,47,-46
122000392,3,3,0
122000393,1,30,-29
122000394,56,10,46
122000395,14,6,8
122000396,71,2,69
122000397,0,0,0
122000398,8,89,-81
122000399,13,0,13
122000400,11,111,-100
122000401,14,2,12
122000402,86,50,36
122000403,89,29,60
122000404,143,37,106
122000408,172,274,-102
122000503,1,10,-9
122000524,0,0,0
122000544,16,24,-8
122000616,0,0,0
122000640,19,50,-31
122000641,49,65,-16
122000642,200,78,122
122000643,11,111,-100
122000644,0,0,0
122000645,6,12,-6
122000651,211,552,-341
122000664,33,16,17
122000665,102,242,-140
122000666,116,179,-63
122000673,7,73,-66
122000674,136,70,66
122000675,1041,339,702
122000686,154,84,70
122000687,465,53,412
122000688,212,97,115
122000689,464,35,429
122000690,1232,48,1184
122000691,593,105,488
122000692,220,39,181
122000693,139,186,-47
122000695,36,30,6
122000696,261,44,217
122000698,20,20,0
122000699,73,44,29
122000701,331,95,236
122000702,129,154,-25
122000703,23,38,-15
122000717,0,74,-74
122000718,24,541,-517
122000719,0,32,-32
122000720,251,21,230
122000724,24,4,20
122900001,0,0,0
122900002,65,561,-496
122900003,56,1,55
122900004,0,0,0
122900005,0,0,0
122900006,0,0,0
122900007,0,0,0
122900008,0,0,0
122900009,0,0,0
122900010,18,3,15
122900012,12,25,-13
122900014,0,0,0
122900015,42,27,15
122900016,0,0,0
122900017,0,0,0
122900018,0,0,0
122900019,0,0,0
122900020,0,0,0
122900021,0,0,0
122900022,0,0,0
122900023,0,0,0
122900024,0,0,0
122900025,0,0,0
122900026,0,0,0
122900027,0,67,-67
122900028,0,0,0
122900029,0,0,0
122900030,0,0,0
122900031,10,30,-20
122900032,0,0,0
122900033,14,21,-7
122900034,46,67,-21
122900035,2,0,2
122900036,0,0,0
122900037,0,0,0
122900038,17,133,-116
122900039,0,29,-29
122900040,4,19,-15
122900041,8,53,-45
122900042,2,22,-20
122900043,16,35,-19
122900044,1,9,-8
122900045,8,20,-12
122900046,3,22,-19
122900047,4,5,-1
122900048,0,0,0
122900049,0,0,0
122900051,0,0,0
122900052,29,0,29
122900053,0,8,-8
122900055,16,0,16
122900057,13,1,12
122900061,0,0,0
122900062,0,0,0
122900063,0,0,0
122900064,0,0,0
122900065,0,0,0
122900066,0,0,0
122900067,4,1,3
122900068,0,0,0
122900069,0,0,0
122900070,103,3,100
122900071,0,0,0
122900072,10,0,10
122900073,0,0,0
122900074,351,6,345
122900075,0,0,0
122900076,0,0,0
122900077,0,0,0
122900078,167,0,167
122900080,0,0,0
122900081,36,0,36
122900082,353,1,352
122900083,0,0,0
122900084,0,0,0
122900086,0,0,0
122900087,40,0,40
122900088,0,1,-1
122900089,0,0,0
122900090,0,0,0
122900091,0,0,0
122900092,0,0,0
122900093,0,0,0
122900094,0,0,0
122900095,0,0,0
122900096,49,0,49
122900097,0,0,0
122900098,0,0,0
122900099,0,0,0
122900100,0,0,0
122900101,6,0,6
122900102,0,0,0
122900103,0,0,0
122900104,0,0,0
122900105,0,0,0
122900106,0,0,0
122900107,0,0,0
122900108,0,0,0
123000001,683,155,528
123000002,632,2471,-1839
123000003,1207,1244,-37
123000004,1172,1467,-295
123000005,1327,1138,189
123000006,970,1343,-373
123000007,1229,881,348
123000008,370,427,-57
123000009,1761,2050,-289
123000010,545,528,17
123000011,724,800,-76
123000012,5,69,-64
123000013,1089,326,763
123000014,18,203,-185
123000015,1073,413,660
123000016,85,358,-273
123000017,3630,2059,1571
123000018,93,60,33
123000019,210,4,206
123000020,135,5,130
123000021,134,65,69
123000022,563,201,362
123000023,1377,1115,262
123000024,639,325,314
123000025,3,78,-75
123000026,0,86,-86
123000027,1,141,-140
123000028,75,1808,-1733
123000029,16,371,-355
123000030,13,40,-27
123000031,330,66,264
123000032,456,75,381
123000033,105,41,64
123000034,440,344,96
123000035,129,277,-148
123000036,61,596,-535
123000037,37,39,-2
123000038,39,119,-80
123000039,381,960,-579
123000040,46,12,34
123000041,146,673,-527
123000042,44,82,-38
123000043,880,3909,-3029
123000044,771,591,180
123000045,345,309,36
123000046,159,420,-261
123000047,233,73,160
123000048,27,715,-688
123000049,3072,2943,129
123000050,419,428,-9
123000051,7,62,-55
123000052,257,676,-419
123000053,1043,982,61
123000054,418,1237,-819
123000055,1443,2487,-1044
123000056,134,307,-173
123000057,711,977,-266
123000058,78,295,-217
123000059,52,100,-48
123000060,317,157,160
123000061,34,137,-103
123000063,179,189,-10
123000064,270,37,233
123000065,567,699,-132
123000066,147,144,3
123000067,263,198,65
123000068,488,454,34
123000069,1311,373,938
123000070,90,67,23
123000071,539,247,292
123000072,165,38,127
123000073,736,343,393
123000074,232,40,192
123000075,159,500,-341
123000076,58,142,-84
123000077,507,229,278
123000078,948,507,441
123000079,1198,579,619
123000080,555,135,420
123000081,25,40,-15
123000082,115,107,8
123000083,125,56,69
123000084,200,21,179
123000085,86,18,68
123000086,272,34,238
123000087,73,74,-1
123000088,486,117,369
123000089,464,261,203
123000090,0,0,0
123000091,520,312,208
123000092,0,0,0
123000094,188,27,161
123000095,352,162,190
123000096,410,63,347
123000097,333,50,283
123000098,262,70,192
123000099,172,184,-12
123000100,100,592,-492
123000101,113,74,39
123000102,335,740,-405
123000104,88,112,-24
123000105,13,6,7
123000106,147,137,10
123000107,3,8,-5
123000108,247,51,196
123000111,250,61,189
123000112,256,67,189
123000113,228,30,198
123000114,112,253,-141
123000115,73,64,9
123000116,15,10,5
123000117,540,396,144
123000118,212,141,71
123000119,79,92,-13
123000120,71,132,-61
123000121,211,177,34
123000122,0,0,0
123000123,353,138,215
123000124,0,0,0
123000125,483,457,26
123000126,466,1562,-1096
123000127,124,180,-56
123000128,0,0,0
123000129,407,24,383
123000130,269,4,265
123000131,431,176,255
123000132,0,0,0
123000133,0,0,0
123000134,32,17,15
123000135,418,297,121
123000136,0,0,0
123000137,0,0,0
123000138,0,0,0
123000139,196,33,163
123000140,0,0,0
123000141,129,19,110
123000142,162,50,112
123000143,118,220,-102
123000144,0,4,-4
123000145,46,398,-352
123000146,21,82,-61
123000147,31,65,-34
123000149,43,104,-61
123000150,33,49,-16
123000151,42,237,-195
123000152,5,10,-5
123000153,22,341,-319
123000154,211,645,-434
123000155,249,428,-179
123000156,0,10,-10
123000157,76,133,-57
123000158,154,280,-126
123000159,495,1513,-1018
123000160,147,335,-188
123000161,558,202,356
123000162,533,544,-11
123000163,299,90,209
123000164,1068,44,1024
123000165,40,292,-252
123000166,0,4,-4
123000167,22,15,7
123000168,59,12,47
123000169,409,27,382
123000170,18,0,18
123000171,298,1,297
123000172,32,28,4
123000173,175,50,125
123000174,289,78,211
123000175,21,74,-53
123000176,352,58,294
123000177,47,76,-29
123000178,278,59,219
123000179,5,46,-41
123000180,731,164,567
123000181,82,205,-123
123000182,94,65,29
123000183,77,140,-63
123000184,21,36,-15
123000185,458,161,297
123000186,0,0,0
123000187,371,5,366
123000188,216,0,216
123000189,192,71,121
123000190,78,40,38
123000192,0,50,-50
123000193,27,122,-95
123000194,41,82,-41
123000195,191,6,185
123000196,239,5,234
123000197,18,31,-13
123000198,1,119,-118
123000199,0,63,-63
123000200,479,8,471
123000201,668,9,659
123000202,0,65,-65
123000203,755,15,740
123000204,17,121,-104
123000205,29,182,-153
123000206,1776,96,1680
123000207,16,105,-89
123000208,294,40,254
123000209,968,151,817
123000210,28,215,-187
123000211,72,323,-251
123000212,2231,175,2056
123000213,242,17,225
123000215,29,102,-73
123000216,55,356,-301
123000217,158,60,98
123000218,6,21,-15
123000219,194,34,160
123000220,263,47,216
123000221,31,25,6
123000222,214,122,92
123000223,359,62,297
123000224,184,58,126
123000225,139,22,117
123000226,53,18,35
123000227,61,3,58
123000228,124,10,114
123000229,210,111,99
123000232,8,18,-10
123000233,345,38,307
123000234,3,25,-22
123000235,300,89,211
123000236,13,86,-73
123000237,205,39,166
123000238,2,7,-5
123000239,95,131,-36
123000240,13,230,-217
123000241,87,36,51
123000242,52,79,-27
123000243,81,157,-76
123000244,66,85,-19
123000245,0,0,0
123000249,0,0,0
123000252,455,122,333
123000253,377,221,156
123000254,166,149,17
123000255,110,300,-190
123000256,0,2,-2
123000257,370,311,59
123000258,290,93,197
123000259,220,182,38
123000260,232,135,97
123000261,192,13,179
123000262,7,22,-15
123000263,204,30,174
123000264,110,2,108
123000265,21,12,9
123000266,111,136,-25
123000267,167,129,38
123000268,26,2,24
123000269,14,76,-62
123000270,38,39,-1
123000271,2,18,-16
123000272,361,107,254
123000273,110,590,-480
123000274,590,256,334
123000275,47,107,-60
123000278,236,804,-568
123000279,50,25,25
123000280,111,55,56
123000281,125,58,67
123000282,50,170,-120
123000283,86,40,46
123000284,58,12,46
123000286,51,271,-220
123000287,79,100,-21
123000288,427,401,26
123000289,74,425,-351
123000291,12,10,2
123000294,53,289,-236
123000295,347,1084,-737
123000296,501,785,-284
123000297,166,75,91
123000298,135,46,89
123000299,40,198,-158
123000300,388,180,208
123000301,33,79,-46
123000302,125,52,73
123000303,10,469,-459
123000305,109,373,-264
123000306,38,12,26
123000309,6,13,-7
123000310,42,7,35
123000311,0,0,0
123000312,52,181,-129
123000313,249,106,143
123000315,247,59,188
123000316,336,8,328
123000317,68,50,18
123000318,3,45,-42
123000329,0,2,-2
123000337,184,204,-20
123000338,328,186,142
123000339,49,8,41
123000340,21,74,-53
123000342,0,12,-12
123000343,38,3,35
123000344,269,113,156
123000345,82,110,-28
123000346,394,33,361
123000352,84,99,-15
123000353,22,8,14
123000354,485,3,482
123000355,1,121,-120
123000356,154,1,153
123000357,0,3,-3
123000359,0,5,-5
123000360,126,155,-29
123000361,134,15,119
123000362,144,7,137
123000363,62,4,58
123000364,138,137,1
123000365,0,11,-11
123000366,56,500,-444
123000367,32,224,-192
123000370,1,4,-3
123000371,195,7,188
123000372,134,3,131
123000373,0,5,-5
123000374,0,0,0
123000375,282,22,260
123000376,387,393,-6
123000377,240,12,228
123000378,10,10,0
123000379,0,39,-39
123000380,0,0,0
123000381,17,17,0
123000382,168,39,129
123000383,0,0,0
123000384,142,34,108
123000385,0,0,0
123000436,19,435,-416
123000507,44,106,-62
123000508,75,962,-887
123000517,62,7,55
123000518,19,103,-84
123000519,23,7,16
123000520,11,182,-171
123000521,133,33,100
123000522,64,117,-53
123000541,6,1,5
123000542,0,0,0
123000565,176,4,172
123000566,226,106,120
123000567,67,77,-10
123000573,0,0,0
123000574,402,11,391
123000575,563,20,543
123000576,228,13,215
123000577,14,38,-24
123000578,115,60,55
123000579,511,2098,-1587
123000580,38,17,21
123000582,192,7,185
123000583,12,10,2
123000584,91,83,8
123000585,0,0,0
123000586,54,0,54
123000596,50,21,29
123000597,105,109,-4
123000602,20,5,15
123000603,554,52,502
123000604,150,18,132
123000605,318,80,238
123000606,0,0,0
123000609,3,64,-61
123000610,21,37,-16
123000613,0,0,0
123000614,229,1,228
123000615,0,0,0
123000616,210,3,207
123000617,0,0,0
123000618,0,0,0
123000619,69,2,67
123000620,0,0,0
123000622,161,4,157
123000624,58,8,50
123000630,893,230,663
123000631,54,52,2
123000632,181,60,121
123000633,2,124,-122
123000634,2,79,-77
123000635,0,0,0
123000636,19,91,-72
123000637,29,25,4
123000638,70,52,18
123000639,383,1208,-825
123000640,8,1,7
123900001,0,0,0
123900002,0,0,0
123900003,0,0,0
123900005,0,0,0
123900006,0,0,0
124000001,820,109,711
124000002,1,343,-342
124000003,565,89,476
124000004,2,92,-90
124000005,622,328,294
124000006,17,61,-44
124000007,48,37,11
124000008,4,70,-66
124000009,413,76,337
124000010,16,94,-78
124000011,481,178,303
124000012,7,139,-132
124000017,87,32,55
124000018,0,0,0
124000019,128,54,74
124000020,0,0,0
124000021,46,61,-15
124000022,0,0,0
124000023,467,1117,-650
124000024,311,124,187
124000025,603,765,-162
124000026,530,1101,-571
124000027,2328,1187,1141
124000028,103,3177,-3074
124000030,641,86,555
124000031,404,2675,-2271
124000032,2,35,-33
124000033,199,130,69
124000034,41,106,-65
124000035,0,117,-117
124000036,2,50,-48
124000037,15,259,-244
124000038,1,6,-5
124000039,111,25,86
124000040,94,131,-37
124000041,265,10,255
124000042,0,28,-28
124000043,62,20,42
124000044,7,12,-5
124000045,383,78,305
124000046,0,0,0
124000047,658,111,547
124000048,0,0,0
124000049,822,104,718
124000050,0,0,0
124000051,692,74,618
124000052,0,0,0
124000053,282,630,-348
124000054,0,0,0
124000055,748,956,-208
124000056,0,0,0
124000057,888,298,590
124000058,5,8,-3
124000059,569,567,2
124000060,274,28,246
124000061,502,1640,-1138
124000062,189,81,108
124000063,417,106,311
124000064,298,92,206
124000065,0,0,0
124000066,7,1,6
124000067,118,15,103
124000068,0,0,0
124000069,354,21,333
124000070,0,0,0
124000071,24,24,0
124000072,0,0,0
124000073,298,24,274
124000074,0,0,0
124000075,202,54,148
124000076,0,0,0
124000077,40,101,-61
124000078,359,250,109
124000079,7,87,-80
124000080,234,41,193
124000081,0,0,0
124000082,28,51,-23
124000083,0,0,0
124000084,3,149,-146
124000085,0,0,0
124000086,16,213,-197
124000087,15,84,-69
124000088,59,107,-48
124000089,221,10,211
124000090,0,0,0
124000091,210,10,200
124000092,0,0,0
124000093,52,99,-47
124000094,30,223,-193
124000095,125,23,102
124000096,15,69,-54
124000097,164,21,143
124000098,27,50,-23
124000099,29,12,17
124000100,0,0,0
124000101,169,50,119
124000102,46,27,19
124000103,236,76,160
124000104,20,9,11
124000105,203,48,155
124000106,103,27,76
124000107,37,272,-235
124000108,33,4,29
124000109,113,24,89
124000110,65,21,44
124000111,125,36,89
124000112,265,200,65
124000113,86,57,29
124000114,124,122,2
124000115,248,343,-95
124000116,60,53,7
124000117,33,8,25
124000118,13,41,-28
124000119,158,135,23
124000120,221,71,150
124000121,451,226,225
124000122,97,425,-328
124000123,333,158,175
124000124,157,191,-34
124000125,238,103,135
124000126,117,97,20
124000127,877,69,808
124000128,276,156,120
124000129,981,602,379
124000130,139,48,91
124000131,377,213,164
124000132,211,108,103
124000133,686,341,345
124000134,159,209,-50
124000135,603,658,-55
124000136,62,138,-76
124000137,275,243,32
124000138,99,143,-44
124000139,135,24,111
124000140,13,142,-129
124000141,2,6,-4
124000142,1,116,-115
124000143,5,3,2
124000144,0,5,-5
124000145,73,15,58
124000146,0,8,-8
124000148,14,18,-4
124000149,266,72,194
124000150,30,52,-22
124000151,307,184,123
124000152,76,54,22
124000153,335,523,-188
124000154,19,130,-111
124000155,342,127,215
124000156,101,104,-3
124000169,40,145,-105
124000170,62,85,-23
124000171,88,134,-46
124000172,44,70,-26
124000173,194,60,134
124000174,169,85,84
124000175,0,0,0
124000176,7,52,-45
124000177,0,0,0
124000178,6,77,-71
124000190,3,10,-7
124000191,0,0,0
124000192,290,230,60
124000193,27,298,-271
124000194,112,60,52
124000195,179,226,-47
124000196,119,72,47
124000197,59,6,53
124000198,74,23,51
124000201,4,0,4
124000202,310,17,293
124000203,90,0,90
124000204,631,8,623
124000205,44,0,44
124000206,918,118,800
124000207,0,0,0
124000209,108,15,93
124000210,628,142,486
124000211,667,15,652
124000212,0,0,0
124000213,68,0,68
124000214,345,13,332
124000215,348,1,347
124000216,0,0,0
124000329,1,110,-109
124000338,1,142,-141
124000339,681,7,674
124000341,564,13,551
124000344,70,49,21
124000357,796,1056,-260
124000358,859,1098,-239
124000359,1015,407,608
124000360,457,270,187
124000361,904,619,285
124000362,372,416,-44
124000363,110,32,78
124000364,262,258,4
124000365,7,125,-118
124000366,2,159,-157
124000367,7,36,-29
124000368,115,187,-72
124000369,36,63,-27
124000370,6,106,-100
124000402,3,11,-8
124000403,129,8,121
124000404,5,24,-19
124000405,577,184,393
124000406,124,114,10
124000407,0,8,-8
124000411,1,15,-14
124000412,104,0,104
124000413,0,12,-12
124000414,108,47,61
124000415,107,13,94
124000416,104,70,34
124000417,112,62,50
124000418,129,42,87
124000419,102,15,87
124000420,91,13,78
124000421,84,10,74
124000422,4,10,-6
124000423,40,6,34
124000424,0,24,-24
124000425,24,6,18
124000426,0,22,-22
124000427,20,1,19
124000428,0,19,-19
124000429,82,20,62
124000430,131,143,-12
124000431,31,48,-17
124000432,165,360,-195
124000439,2,1,1
124000442,0,0,0
124000443,0,0,0
124000445,2,243,-241
124000446,0,0,0
124900001,0,0,0
124900002,0,0,0
124900003,0,0,0
124900004,0,0,0
124900005,0,0,0
124900006,0,0,0
124900008,0,0,0
124900009,0,0,0
124900010,0,0,0
124900011,0,0,0
124900012,0,0,0
124900013,0,0,0
124900014,0,0,0
124900015,7,14,-7
124900016,59,12,47
124900017,23,73,-50
124900018,1,0,1
124900020,43,2,41
124900021,37,7,30
124900022,1,0,1
124900024,58,0,58
124900026,49,0,49
124900027,0,0,0
124900028,0,0,0
124900029,0,0,0
124900030,0,0,0
124900031,0,0,0
124900032,0,0,0
124900033,0,0,0
124900034,0,0,0
124900035,0,0,0
124900036,0,0,0
124900037,0,0,0
124900038,0,0,0
124900039,0,0,0
124900040,0,0,0
124900041,0,0,0
124900042,0,0,0
124900043,0,0,0
124900044,0,0,0
124900045,0,0,0
124900046,0,0,0
124900047,0,0,0
124900048,0,0,0
124900050,0,0,0
124900052,0,0,0
124900053,0,0,0
124900054,0,0,0
124900055,0,0,0
124900057,0,0,0
124900060,0,0,0
124900061,22,0,22
124900062,34,0,34
124900066,0,0,0
124900067,0,0,0
124900068,0,0,0
124900070,0,0,0
124900072,0,0,0
124900074,0,0,0
124900075,0,0,0
124900076,0,0,0
124900077,0,0,0
124900078,0,0,0
124900079,0,0,0
124900080,0,0,0
124900081,0,0,0
124900082,0,0,0
124900083,0,0,0
124900084,0,0,0
124900085,0,0,0
124900086,0,0,0
124900087,0,0,0
124900088,0,0,0
124900089,0,0,0
124900090,38,5,33
124900091,0,0,0
124900092,0,0,0
124900093,19,18,1
124900094,75,4,71
124900095,3,41,-38
124900096,59,2,57
124900097,40,11,29
124900098,0,0,0
124900099,0,0,0
124900100,33,2,31
124900101,7,0,7
124900102,62,0,62
124900103,0,0,0
124900104,0,0,0
124900105,0,0,0
124900106,32,4,28
124900107,18,9,9
124900108,0,0,0
124900109,0,0,0
124900110,0,0,0
124900111,0,0,0
124900112,0,0,0
124900113,0,0,0
124900114,0,0,0
124900115,0,0,0
124900116,62,27,35
124900117,0,0,0
124900118,5,47,-42
124900119,0,0,0
124900120,0,0,0
124900121,0,0,0
124900122,0,0,0
124900123,0,0,0
124900124,0,0,0
129000186,20,78,-58
204000001,23,6,17
204000002,2,4,-2
204000003,12,5,7
204000004,14,7,7
204000005,406,640,-234
204000006,913,1582,-669
204000011,0,0,0
204000012,0,0,0
204000013,0,0,0
204000019,1143,304,839
204000020,409,288,121
204000021,506,370,136
204000022,879,371,508
204000023,0,0,0
204000031,9,1,8
204000032,75,16,59
204000034,0,0,0
204000035,0,0,0
204000036,0,0,0
204000037,0,0,0
204000038,0,0,0
204000039,0,0,0
204000040,0,0,0
204000041,0,0,0
204000042,8,8,0
204000043,2,9,-7
204000044,8,2,6
204000045,22,7,15
204000046,8,0,8
204000057,0,0,0
204000062,0,0,0
204000068,0,0,0
204000069,0,0,0
204000070,91,70,21
204000080,0,0,0
204000085,0,0,0
204000086,0,0,0
204000087,11,26,-15
204000088,0,0,0
204000090,0,0,0
204000093,445,15,430
204000096,828,297,531
204000097,213,5,208
204000099,1152,1373,-221
204000100,1165,605,560
204000105,0,0,0
204000110,0,0,0
204000111,0,0,0
204000112,0,0,0
204000113,0,0,0
204000114,334,576,-242
204000115,290,135,155
204000116,182,287,-105
204000119,1484,716,768
204000132,574,396,178
204000133,990,86,904
204000134,149,52,97
204000135,653,44,609
204000136,410,121,289
204000138,215,547,-332
204000140,165,220,-55
204000141,160,51,109
204000144,0,14,-14
204000145,128,8,120
204000146,0,0,0
204000147,0,0,0
204000148,137,21,116
204000154,7,9,-2
204000155,0,0,0
204000177,84,22,62
204000179,2,0,2
204000180,0,0,0
204000222,0,0,0
204000235,0,0,0
204000236,7,13,-6
204000238,16,2,14
204000240,77,2,75
204000263,0,0,0
204000268,618,224,394
204000308,30,4,26
204000317,0,0,0
204000322,0,0,0
204000323,0,1,-1
204000328,247,15,232
204000329,0,0,0
204000330,61,5,56
204000331,0,0,0
204010341,6,57,-51
205000001,0,0,0
205000013,0,0,0
205000014,0,0,0
205000015,0,0,0
205000016,0,0,0
205000017,0,0,0
205000022,0,0,0
205000025,0,0,0
205000029,147,16,131
205000045,0,0,0
205000046,0,0,0
205000047,0,0,0
205000048,0,0,0
205000049,0,0,0
205000050,0,0,0
205000059,0,0,0
205000060,0,0,0
205000061,0,0,0
205000062,0,0,0
205000063,0,0,0
205000064,0,0,0
205000065,0,0,0
205000066,0,0,0
205000067,0,0,0
205000069,83,43,40
205000082,99,96,3
205000110,0,0,0
205000111,0,0,0
205000112,44,110,-66
205000113,0,0,0
205000121,82,46,36
205000123,0,0,0
205000126,808,123,685
205000127,921,42,879
205000128,365,42,323
205000129,470,49,421
205000130,40,27,13
205000131,35,7,28
205000132,33,1,32
205000133,6,2,4
205000134,167,1,166
205000137,0,0,0
205000138,0,0,0
205000139,0,0,0
205000144,30,36,-6
205000145,144,37,107
205000151,20,54,-34
205000152,75,33,42
205000153,123,29,94
205000154,38,34,4
205000155,92,7,85
205000207,0,0,0
205000233,36,7,29
205000234,0,0,0
205000243,0,0,0
205000244,0,0,0
205000245,0,0,0
205000249,0,0,0
205000250,0,2,-2
205000264,0,0,0
206000027,5,13,-8
206000028,9,3,6
206000043,2,50,-48
206000053,0,0,0
206000054,0,0,0
206000055,0,0,0
206000075,1,16,-15
206000076,6,4,2
206000077,30,0,30
206000078,4,2,2
206000079,4,6,-2
206000082,83,78,5
206000100,15,241,-226
206000103,0,0,0
206000104,0,0,0
206000105,0,0,0
206000106,0,0,0
206000108,329,112,217
206000125,110,0,110
206000157,0,0,0
206000170,0,0,0
206000171,0,36,-36
206000172,1,35,-34
206000173,0,13,-13
206000174,2,11,-9
206000175,0,15,-15
206000176,0,12,-12
206000177,0,4,-4
206000178,0,15,-15
206000179,0,28,-28
206000180,0,38,-38
206000181,1,17,-16
206000182,7,25,-18
206000183,19,88,-69
206000184,0,1,-1
206000185,0,1,-1
206000186,0,14,-14
206000223,0,1,-1
206000226,15,1,14
206000227,7,1,6
206000237,0,8,-8
206000238,0,16,-16
206000239,1,146,-145
206000240,0,0,0
206000241,0,119,-119
206000242,0,2,-2
206000243,0,0,0
206000244,0,2,-2
206000245,652,24,628
206000246,250,9,241
206000247,252,11,241
206000248,263,7,256
206000252,33,56,-23
206000258,0,0,0
206000315,15,8,7
206000317,362,117,245
206000318,240,36,204
206000319,885,31,854
206000320,280,16,264
206000321,304,0,304
206000322,344,12,332
206000323,132,9,123
206000324,138,6,132
206000325,89,2,87
206000326,124,25,99
206000327,2,34,-32
206000328,149,11,138
206000329,239,21,218
206000330,52,4,48
206000331,240,4,236
206000332,44,0,44
206000333,608,2,606
206000334,285,1,284
206000335,0,0,0
206000361,0,0,0
206000392,0,0,0
206000405,93,0,93
206000441,41,75,-34
206000498,21,1,20
206000515,56,28,28
206000530,160,49,111
206000531,124,89,35
206000532,433,62,371
206000535,5,253,-248
206000536,0,18,-18
206000537,1,12,-11
206000613,542,130,412
207000001,0,0,0
207000002,0,0,0
207000003,0,0,0
207000007,1035,228,807
207000008,197,1,196
207000009,83,5,78
207000010,62,184,-122
207000012,348,108,240
207000015,59,198,-139
207000019,129,29,100
207000021,232,210,22
207000022,164,133,31
207000023,153,33,120
207000024,3,9,-6
207000025,22,40,-18
207000026,0,0,0
207000027,0,0,0
207000028,0,0,0
207000029,0,0,0
207000033,107,243,-136
207000034,116,83,33
207000039,494,46,448
207000040,313,62,251
207000041,186,13,173
207000042,283,13,270
207000043,162,81,81
207000051,0,0,0
207000052,0,0,0
207000053,0,0,0
207000054,0,0,0
207000055,0,0,0
207000056,0,0,0
207000057,0,0,0
207000058,0,0,0
207000059,0,0,0
207000060,0,0,0
207000061,140,1204,-1064
207000062,381,34,347
207000063,360,24,336
207000064,303,39,264
207000065,281,51,230
207000066,275,112,163
207000067,120,23,97
207000068,148,14,134
207000069,535,190,345
207000082,1,170,-169
207000083,43,143,-100
207000084,337,109,228
207000085,199,48,151
207000086,366,13,353
207000106,80,12,68
207000107,175,8,167
207000108,55,2,53
207000109,56,5,51
207000110,32,4,28
207000111,100,16,84
207000112,60,200,-140
207000114,0,0,0
207000115,0,0,0
207000116,0,0,0
207000117,0,0,0
207000118,0,0,0
207000119,0,0,0
207000123,129,2,127
207000124,125,23,102
207000125,32,5,27
207000126,66,4,62
207000134,161,114,47
207000135,30,328,-298
207000148,79,164,-85
207000149,0,0,0
207000152,0,0,0
207000153,0,0,0
207000154,170,61,109
207000159,0,0,0
207000160,0,0,0
207000238,0,0,0
207000242,0,0,0
207000248,0,0,0
207000249,0,0,0
207000250,0,0,0
207000251,0,0,0
207000252,0,0,0
207000278,175,58,117
207000279,0,0,0
207000280,802,33,769
207000281,29,152,-123
207000282,36,181,-145
207000283,2,74,-72
207000284,14,340,-326
207000285,11,88,-77
207000291,0,0,0
207000304,54,14,40
207000306,0,0,0
207000310,97,51,46
207000353,34,0,34
207000356,0,0,0
207000357,1,127,-126
207000358,2,5,-3
207000415,0,0,0
207000417,13,0,13
207000418,15,46,-31
207000438,0,0,0
207000439,337,101,236
207000446,54,0,54
207000460,77,0,77
207000466,0,0,0
207000467,198,34,164
207000468,0,0,0
207000476,9,7,2
207000477,207,14,193
207000478,0,0,0
207000523,0,0,0
207000524,5,0,5
207000527,119,49,70
207000530,139,3,136
207000531,75,4,71
207000532,16,1,15
207000534,117,40,77
207000535,0,0,0
207000537,0,0,0
207000540,0,0,0
207000541,0,0,0
207000548,0,0,0
207000549,84,1,83
207000561,182,25,157
207000562,0,0,0
207000567,0,0,0
207000568,72,7,65
207000569,240,29,211
207000584,0,0,0
207000585,14,29,-15
207000616,0,0,0
207000617,101,0,101
207900008,309,62,247
208000001,360,474,-114
208000002,508,436,72
208000003,456,346,110
208000004,494,246,248
208000005,0,0,0
208000019,633,143,490
208000020,204,125,79
208000021,49,132,-83
208000022,157,88,69
208000028,71,610,-539
208000033,63,53,10
208000034,136,276,-140
208000040,75,72,3
208000041,179,217,-38
208000042,400,269,131
208000047,0,0,0
208000064,974,1135,-161
208000066,644,1295,-651
208000070,213,247,-34
208000071,474,140,334
208000072,424,272,152
208000080,221,144,77
208000081,148,60,88
208000082,7,3,4
208000083,3,2,1
208000084,1,50,-49
208000085,31,4,27
208000086,26,8,18
208000087,17,124,-107
208000089,0,0,0
208000090,0,0,0
208000093,0,0,0
208000094,92,135,-43
208000095,188,59,129
208000104,981,237,744
208000105,578,414,164
208000114,39,463,-424
208000115,295,269,26
208000116,532,968,-436
208000117,2,50,-48
208000118,67,151,-84
208000155,32,90,-58
208000158,103,190,-87
208000186,535,1076,-541
208000204,31,98,-67
208000205,126,113,13
208000282,56,66,-10
209000004,278,62,216
209000005,33,10,23
209000006,313,78,235
209000007,207,195,12
209000010,0,0,0
209000011,0,0,0
209000012,0,0,0
209000013,0,0,0
209000014,0,0,0
209000025,234,22,212
209000026,573,31,542
209000027,0,0,0
209000028,0,0,0
209000029,0,0,0
209000030,0,0,0
209000031,0,0,0
209000034,169,149,20
209000035,211,211,0
209000036,404,60,344
209000037,397,90,307
209000038,278,52,226
209000039,106,48,58
209000040,181,37,144
209000041,119,31,88
209000042,94,18,76
209000043,185,33,152
209000044,235,133,102
209000045,497,99,398
209000046,356,125,231
209000047,332,27,305
209000048,1014,268,746
209000049,0,0,0
209000050,0,0,0
209000051,0,0,0
209000052,0,0,0
209000062,0,0,0
209000063,0,0,0
209000064,0,0,0
209000065,143,47,96
209000066,116,35,81
209000067,195,16,179
209000080,0,0,0
209000082,12,12,0
209000091,0,0,0
209000093,0,0,0
209000094,0,0,0
209000110,31,66,-35
209000111,293,702,-409
209000112,613,134,479
209000113,722,195,527
209000114,321,197,124
209000115,0,0,0
209000116,0,0,0
209000118,4,50,-46
209000119,0,0,0
209000121,0,0,0
209000135,34,22,12
209000142,379,470,-91
209000143,0,0,0
209000144,33,90,-57
209000229,219,15,204
209000240,0,0,0
209000259,0,0,0
209000260,0,0,0
209000261,0,0,0
209000262,0,0,0
209000263,0,0,0
209000264,0,0,0
209000265,141,0,141
209000266,44,1,43
209000267,853,1,852
209000268,452,63,389
210000037,129,4,125
210000047,34,20,14
210000048,27,10,17
210000049,32,1,31
210000052,0,0,0
210000053,0,0,0
210000054,0,0,0
210000070,87,5,82
210000071,67,0,67
210000072,41,0,41
210000073,0,0,0
210000074,0,0,0
210000075,0,0,0
210000076,0,0,0
210000077,0,0,0
210000078,0,0,0
210000079,10,13,-3
210000080,34,71,-37
210000081,35,7,28
210000082,15,8,7
210000083,37,11,26
210000084,115,0,115
210000085,0,0,0
210000086,0,0,0
210000099,0,0,0
210000100,0,0,0
210000101,0,0,0
210000105,0,0,0
210000159,0,0,0
210000163,0,0,0
210000164,114,44,70
210000168,57,7,50
210000187,0,0,0
210000188,0,0,0
210000214,26,0,26
210000219,43,20,23
210000220,58,12,46
210000232,0,0,0
210000233,0,0,0
210000234,0,0,0
210000235,0,0,0
210000245,0,0,0
210000246,18,1,17
210000258,0,0,0
210000259,131,26,105
210000282,0,0,0
210000285,0,0,0
210000286,0,0,0
210000290,0,2,-2
210000295,0,0,0
210000296,0,0,0
210000320,126,18,108
210000321,87,7,80
210000338,0,0,0
210000339,0,0,0
210000340,0,0,0
210000341,0,0,0
210000342,0,0,0
210000343,0,0,0
210000344,0,0,0
210000345,0,0,0
210000346,0,0,0
210000347,0,0,0
210000348,0,0,0
210000349,0,0,0
210000350,0,0,0
210000351,0,0,0
210000352,31,14,17
210000353,46,18,28
210000354,76,10,66
210000355,12,54,-42
210000356,27,59,-32
210000357,77,90,-13
210000358,74,120,-46
210000359,39,64,-25
210000360,162,73,89
210000361,120,37,83
210000362,229,72,157
210000363,511,106,405
210000364,170,38,132
210000365,156,41,115
210000366,207,17,190
210000367,111,18,93
210000368,52,8,44
210000369,46,45,1
210000370,105,3,102
210000372,9,18,-9
210000373,0,24,-24
210000374,44,18,26
210000375,13,16,-3
210000376,31,55,-24
210000404,0,0,0
210000439,27,6,21
210000472,14,0,14
210000482,26,12,14
210000564,332,69,263
210000567,1,13,-12
210000568,105,0,105
211000092,34,27,7
211000094,2,2,0
211000169,105,3,102
211000172,8,86,-78
211000209,0,2,-2
211000226,25,1,24
211000270,8,5,3
211000275,5,15,-10
211000276,61,4,57
211000279,14,18,-4
211000281,14,4,10
211507980,0,12,-12
211977296,3,1,2
212000003,224,29,195
212000004,0,0,0
212000005,0,0,0
212000006,0,0,0
212000008,0,0,0
212000009,0,0,0
212000012,0,0,0
212000013,0,0,0
212000014,0,0,0
212000015,0,0,0
212000016,0,0,0
212000027,541,162,379
212000028,204,220,-16
212000029,236,283,-47
212000030,32,39,-7
212000031,96,13,83
212000048,0,0,0
212000049,0,0,0
212000050,0,0,0
212000051,0,0,0
212000052,0,0,0
212000053,0,0,0
212000054,387,42,345
212000055,480,53,427
212000056,11,32,-21
212000057,9,24,-15
212000058,26,25,1
212000070,0,0,0
212000077,0,0,0
212000099,351,80,271
212000108,295,92,203
212000111,397,26,371
212000120,0,0,0
212000138,0,0,0
212000156,0,0,0
212000158,0,66,-66
212000159,814,58,756
212000160,728,94,634
212000161,178,55,123
212000310,0,0,0
212000311,16,67,-51
212000374,0,0,0
213000001,4,298,-294
213000005,262,42,220
213000006,219,39,180
213000007,43,0,43
213000009,251,150,101
213000010,436,79,357
213000011,181,30,151
213000012,0,0,0
213000014,68,11,57
213000015,284,3,281
213000016,209,1,208
213000017,71,0,71
213000018,0,1,-1
213000019,0,5,-5
213000020,28,10,18
213000021,0,7,-7
213000023,496,110,386
213000033,67,164,-97
213000034,629,143,486
213000035,180,261,-81
213000045,65,126,-61
213000046,15,78,-63
213000047,61,557,-496
213000056,88,12,76
213000069,10,0,10
213000073,0,4,-4
213000074,13,54,-41
213000075,444,4,440
213000076,3,0,3
213000085,0,0,0
213000086,0,0,0
213000091,97,1,96
213000092,11,2,9
213000099,1,260,-259
213000100,482,185,297
213000101,369,102,267
213000102,280,58,222
213000103,349,165,184
213000104,30,49,-19
213000105,0,41,-41
213000106,0,8,-8
213000107,40,10,30
213000108,5,26,-21
213000109,2,38,-36
213000110,0,56,-56
213000111,0,33,-33
213000112,2,72,-70
213000115,22,2,20
213000116,7,44,-37
213000117,1,102,-101
213000118,539,233,306
213000119,0,13,-13
213000120,4,12,-8
213000122,4,83,-79
213000123,9,137,-128
213000124,15,37,-22
213000125,159,80,79
213000126,4,7,-3
213000127,2,16,-14
213000128,12,130,-118
213000129,137,641,-504
213000130,521,400,121
213000132,359,138,221
213000133,738,58,680
213000134,763,8,755
213000136,509,11,498
213000137,401,48,353
213000139,91,4,87
213000147,44,0,44
213000148,5,1,4
213000149,7,1,6
213000150,0,0,0
213000151,0,0,0
213000152,0,0,0
213000153,0,0,0
213000154,0,0,0
213000155,0,0,0
213000156,0,0,0
213000157,0,0,0
213000158,58,99,-41
213000159,1041,188,853
213000163,790,121,669
213000165,462,98,364
213000171,0,0,0
213000172,0,0,0
213000173,0,0,0
213000174,0,0,0
213000175,0,0,0
213000176,261,44,217
213000177,267,9,258
213000178,289,0,289
213000179,143,0,143
213000180,132,1,131
213000184,6,43,-37
213000188,319,20,299
213000189,306,15,291
213000190,174,4,170
213000191,276,6,270
213000192,159,7,152
213000193,0,0,0
213000194,0,0,0
213000195,0,0,0
213000196,0,0,0
213000197,576,265,311
213000198,2,0,2
213000200,42,39,3
213000201,1,17,-16
213000202,0,41,-41
213000203,936,210,726
213000204,842,16,826
213000205,477,16,461
213000206,554,3,551
213000207,15,3,12
213000208,1,1,0
213000209,33,0,33
213000210,30,0,30
213000211,0,0,0
213000212,0,1,-1
213000213,0,0,0
213000218,127,377,-250
213000219,223,18,205
213000220,389,1,388
213000223,87,132,-45
213000224,1,64,-63
213000225,68,12,56
213000226,91,11,80
213000227,850,177,673
213000228,394,45,349
213000229,57,5,52
213000230,191,2,189
213000232,2,137,-135
213000233,0,0,0
213000234,0,0,0
213000293,0,2,-2
213000294,75,17,58
213000295,0,2,-2
213000296,18,11,7
213000297,0,0,0
213000298,0,0,0
213000299,12,26,-14
213000300,0,23,-23
213000303,0,0,0
213000304,0,0,0
213000305,0,24,-24
213000306,0,0,0
213000307,28,17,11
213000308,0,0,0
213000309,73,7,66
213000310,134,51,83
213000311,13,137,-124
213000315,0,0,0
213000316,121,16,105
213000322,31,9,22
213000323,54,3,51
213000324,50,2,48
213000325,33,10,23
213000326,20,0,20
213000327,33,6,27
213000328,2,30,-28
213000329,18,6,12
213000340,1,2,-1
213000341,539,44,495
213000347,97,259,-162
213000348,0,19,-19
213000349,1,0,1
213000350,46,103,-57
213000366,0,67,-67
213000367,343,8,335
213000379,1,14,-13
213000386,5,23,-18
213000406,5,30,-25
213000417,871,181,690
213000425,102,14,88
213000426,46,4,42
213000427,36,34,2
213000428,44,7,37
213000429,1,39,-38
213000430,9,8,1
213000431,0,1,-1
213000432,1,278,-277
213000433,4,32,-28
213000434,21,17,4
213000435,30,9,21
213000436,58,2,56
213000437,3,4,-1
213000438,73,8,65
213000439,7,21,-14
213000440,1,53,-52
213000441,1,12,-11
213000442,1,10,-9
213000443,356,274,82
213000444,21,9,12
213000445,0,38,-38
213000446,0,117,-117
213000447,1,43,-42
213000448,2,7,-5
213000449,460,1,459
213000450,2,3,-1
213000451,29,8,21
213000452,0,0,0
213000453,0,0,0
213000455,106,84,22
213000456,0,11,-11
213000481,0,0,0
213000484,18,0,18
213000489,19,24,-5
213900002,0,0,0
213900003,14,0,14
213900013,0,3,-3
213900015,0,0,0
213900016,3,1,2
213900020,0,4,-4
213900030,0,2,-2
213900032,64,38,26
213900033,81,30,51
213900034,285,13,272
213900035,10,19,-9
213900036,1,3,-2
213900037,0,6,-6
213900038,386,69,317
213900039,0,0,0
213900041,0,0,0
213900042,39,201,-162
213900043,160,35,125
213900244,26,0,26
213900245,0,0,0
218000003,0,0,0
218000004,0,0,0
218000005,17,32,-15
218000006,38,21,17
218000007,1,17,-16
218000012,9,55,-46
218000013,21,104,-83
218000014,41,82,-41
218000019,108,36,72
218000020,168,28,140
218000021,0,0,0
218000022,0,0,0
218000023,0,0,0
218000024,0,0,0
218000025,0,0,0
218000026,0,0,0
218000027,0,0,0
218000028,0,0,0
218000029,0,0,0
218000030,0,0,0
218000031,0,0,0
218000032,0,0,0
218000040,1,1,0
218000046,60,69,-9
218000047,2,55,-53
218000048,47,27,20
218000049,34,50,-16
218000050,160,116,44
218000051,40,85,-45
218000052,0,21,-21
218000053,0,3,-3
218000054,2,33,-31
218000055,2,7,-5
218000056,11,64,-53
218000057,0,36,-36
218000064,0,6,-6
218000065,88,21,67
218000066,10,5,5
218000067,14,32,-18
218000068,21,38,-17
218000069,110,16,94
218000070,60,42,18
218000071,43,15,28
218000072,28,24,4
218000078,35,36,-1
218000079,202,30,172
218000080,110,39,71
218000081,587,54,533
218000082,143,57,86
218000083,0,0,0
218000084,0,0,0
218000085,0,0,0
218000086,0,0,0
218000087,0,0,0
218000090,3,68,-65
218000091,665,260,405
218000092,97,37,60
218000093,64,29,35
218000094,0,0,0
218000099,81,165,-84
218000100,120,106,14
218000101,75,78,-3
218000102,162,53,109
218000103,12,21,-9
218000104,58,21,37
218000105,0,0,0
218000106,0,0,0
218000107,0,0,0
218000108,0,0,0
218000112,0,0,0
218000117,9,37,-28
218000134,36,20,16
218000135,1,16,-15
218000136,42,1,41
218000137,18,51,-33
218000138,0,0,0
218000139,53,25,28
218000140,317,189,128
218000141,24,9,15
218000142,150,42,108
218000143,75,108,-33
218000144,19,87,-68
218000145,269,120,149
218000146,83,73,10
218000151,16,14,2
218000152,80,98,-18
218000153,9,10,-1
218000154,16,0,16
218000155,45,1,44
218000156,179,9,170
218000157,158,6,152
218000158,6,4,2
218000159,4,6,-2
218000160,6,3,3
218000161,80,1,79
218000162,134,1,133
218000163,46,1,45
218000164,211,0,211
218000165,176,14,162
218000170,3,78,-75
218000171,52,10,42
218000172,1,35,-34
218000173,5,5,0
218000174,12,14,-2
218000176,454,18,436
218000177,455,22,433
218000178,152,33,119
218000179,352,18,334
218000180,130,5,125
218000181,305,12,293
218000187,0,0,0
218000188,0,0,0
218000189,0,0,0
218000190,0,0,0
218000191,0,0,0
218000192,0,0,0
218000193,0,0,0
218000194,0,0,0
218000195,127,60,67
218000196,359,118,241
218000197,454,121,333
218000198,75,43,32
218000199,32,5,27
218000200,26,13,13
218000201,11,2,9
218000202,0,0,0
218000207,0,0,0
218000208,0,0,0
218000211,14,2,12
218000212,0,0,0
218000213,96,86,10
218000214,5,43,-38
218000215,19,25,-6
218000217,1,39,-38
218000218,110,284,-174
218000219,1,126,-125
218000220,40,236,-196
218000221,269,216,53
218000222,2,12,-10
218000223,83,756,-673
218000224,7,366,-359
218000225,441,94,347
218000226,438,35,403
218000230,0,0,0
218000232,4,2,2
218000239,62,1,61
218000240,1,0,1
218000241,1,0,1
218000242,12,0,12
218000243,3,0,3
218000244,23,0,23
218000245,0,0,0
218000246,0,1,-1
218000247,0,0,0
218000248,0,0,0
218000249,0,0,0
218000250,0,0,0
218000251,0,3,-3
218000252,0,3,-3
218000253,0,1,-1
218000254,0,0,0
218000255,1,0,1
218000256,0,1,-1
218000267,0,0,0
218000268,0,0,0
218000269,0,0,0
218000270,0,0,0
218000271,0,0,0
218000273,58,6,52
218000274,33,5,28
218000275,34,28,6
218000276,13,21,-8
218000278,2,7,-5
218000279,18,0,18
218000280,3,12,-9
218000281,0,8,-8
218000282,101,268,-167
218000284,64,14,50
218000301,0,0,0
218000302,67,33,34
218000303,0,0,0
218000316,745,342,403
218000317,1290,233,1057
218000318,740,188,552
218000319,8,13,-5
218000320,0,0,0
218000338,18,5,13
218000345,0,0,0
218000346,10,111,-101
218000459,35,90,-55
218000490,0,0,0
218000501,60,24,36
218000502,0,0,0
218000503,48,6,42
218000504,86,9,77
218000505,0,0,0
218000506,0,0,0
218000508,0,0,0
218000510,69,31,38
218000520,164,98,66
218000521,0,8,-8
218000522,0,32,-32
218000523,59,0,59
218000524,0,55,-55
218000525,56,4,52
218000526,0,101,-101
218000529,2,24,-22
218000530,53,2,51
218000531,37,6,31
218000532,0,0,0
218000534,90,6,84
218000537,19,82,-63
218000538,48,107,-59
218000540,0,0,0
218000543,51,18,33
218000544,0,0,0
218000545,26,19,7
218000546,0,0,0
218000547,26,40,-14
218000548,0,0,0
218000549,369,20,349
218000550,7,38,-31
218000551,3,100,-97
218000552,144,16,128
218000553,0,0,0
218000554,0,0,0
218000555,2,8,-6
218000556,1,0,1
218000557,220,41,179
218000558,17,0,17
218000559,0,46,-46
218000560,0,10,-10
218000561,3,0,3
218000562,0,91,-91
218000563,94,4,90
218000564,0,55,-55
218000565,51,3,48
218000566,37,0,37
218000567,0,54,-54
218000568,0,0,0
218000569,0,26,-26
218000570,6,3,3
218000571,1,30,-29
218000572,30,0,30
218000573,3,61,-58
218000574,7,4,3
218000575,44,0,44
218000576,0,134,-134
218000577,27,0,27
218000578,0,98,-98
218000579,28,2,26
218000581,0,0,0
218000582,9,0,9
218000583,2,0,2
218000584,0,0,0
218000585,11,3,8
218000586,30,1,29
218000587,1,0,1
218000588,0,0,0
218000589,0,0,0
218000590,0,2,-2
218000591,0,0,0
218000592,7,0,7
218000593,0,0,0
218000594,0,0,0
218000595,0,0,0
218000596,0,0,0
218000597,0,0,0
218000598,0,0,0
218000599,0,0,0
218000600,0,0,0
218000601,0,0,0
218000602,0,0,0
218000603,0,15,-15
218000604,16,9,7
218000605,0,7,-7
218000606,3,0,3
218000607,1,10,-9
218000608,11,5,6
218000609,2,9,-7
218000610,37,5,32
218000611,20,1,19
218000612,0,0,0
218000613,22,0,22
218000614,0,0,0
218000615,61,0,61
218000616,2,21,-19
218000617,1,0,1
218000618,0,4,-4
218000619,33,1,32
218000620,2,7,-5
218000621,0,0,0
218000622,0,15,-15
218000623,3,0,3
218000624,2,30,-28
218000625,18,0,18
218000626,0,11,-11
218000628,83,37,46
218000631,44,5,39
218000632,0,52,-52
218000633,7,0,7
218000634,0,0,0
218000635,0,5,-5
218000636,31,24,7
218000637,535,130,405
218000638,540,40,500
218000639,6,27,-21
218000640,315,10,305
218000641,42,72,-30
218000652,20,32,-12
218000653,345,40,305
218000663,8,8,0
218000675,5,11,-6
218000676,0,0,0
218000677,47,5,42
218000680,32,15,17
218000681,242,33,209
218000691,13,8,5
218000693,242,28,214
218000703,0,0,0
218000718,15,80,-65
218000719,8,52,-44
218000720,0,34,-34
218000721,6,2,4
218000725,0,0,0
218001214,0,0,0
218001329,30,31,-1
218001330,0,1,-1
218001351,11,31,-20
218001352,2,8,-6
218001353,1,2,-1
218001354,0,4,-4
219000001,0,0,0
219000002,0,0,0
219000003,35,37,-2
219000004,21,100,-79
219000017,60,52,8
219000020,138,13,125
219000022,100,0,100
219000023,32,1,31
219000029,0,0,0
219000034,58,38,20
219000039,0,0,0
219000040,1,37,-36
219000041,69,43,26
219000051,0,0,0
219000052,0,0,0
219000053,0,0,0
219000054,0,0,0
219000055,136,1,135
219000056,0,0,0
219000057,59,0,59
219000062,0,0,0
219000063,40,0,40
219000064,0,0,0
219000110,168,111,57
219000111,66,65,1
219000112,108,22,86
219000113,125,16,109
219000114,144,6,138
219000116,72,31,41
219000117,75,11,64
219000118,65,67,-2
219000123,125,1,124
219000124,5,0,5
219000125,0,0,0
219000126,0,0,0
219000127,0,0,0
219000128,0,0,0
219000129,0,0,0
219000130,0,0,0
219000131,610,955,-345
219000133,8,51,-43
219000134,9,60,-51
219000135,23,27,-4
219000136,54,158,-104
219000138,55,2,53
219000139,44,0,44
219000140,72,1,71
219000141,9,0,9
219000142,21,9,12
219000143,0,0,0
219000145,4,10,-6
219000146,0,0,0
219000147,0,0,0
219000148,0,0,0
219000149,0,0,0
219000150,0,0,0
219000151,0,0,0
219000157,134,44,90
219000158,53,31,22
219000161,44,11,33
219000163,201,285,-84
219000166,49,53,-4
219000167,11,14,-3
219000168,137,52,85
219000174,287,54,233
219000175,59,2,57
219000176,68,3,65
219000177,27,1,26
219000178,68,0,68
219000179,14,43,-29
219000180,14,5,9
219000182,87,3,84
219000183,9,2,7
219000184,13,1,12
219000185,0,0,0
219000186,105,3,102
219000187,28,1,27
219000189,0,0,0
219000190,0,0,0
219000191,0,0,0
219000192,225,214,11
219000193,0,0,0
219000195,0,0,0
219000196,0,0,0
219000198,0,0,0
219000199,0,0,0
219000200,0,0,0
219000201,0,0,0
219000203,0,0,0
219000204,0,0,0
219000205,0,0,0
219000207,0,0,0
219000209,0,0,0
219000210,0,0,0
219000213,0,0,0
219000239,0,0,0
219000240,0,0,0
219000241,0,0,0
219000242,0,0,0
219000243,0,0,0
219000244,0,0,0
219000245,0,0,0
219000246,5,14,-9
219000247,226,60,166
219000248,321,290,31
219000249,25,81,-56
219000250,59,44,15
219000251,304,96,208
219000252,319,80,239
219000253,171,14,157
219000255,108,81,27
219000256,215,44,171
219000257,138,0,138
219000262,0,0,0
219000263,0,0,0
219000267,0,0,0
219000268,0,0,0
219000269,1,7,-6
219000270,25,0,25
219000271,121,1,120
219000278,0,0,0
219000279,0,0,0
219000283,0,0,0
219000295,0,0,0
219000296,0,0,0
219000297,0,0,0
219000298,0,0,0
219000299,262,17,245
219000300,0,0,0
219000301,0,0,0
219000302,0,0,0
219000307,0,0,0
219000308,13,43,-30
219000311,209,17,192
219000312,248,20,228
219000313,287,25,262
219000314,0,0,0
219000315,218,23,195
219000316,339,30,309
219000317,90,28,62
219000320,0,0,0
219000321,0,0,0
219000323,0,0,0
219000325,0,0,0
219000326,0,0,0
219000327,0,0,0
219000328,0,0,0
219000329,90,98,-8
219000330,11,11,0
219000331,43,9,34
219000332,86,49,37
219000333,18,0,18
219000335,33,0,33
219000337,28,0,28
219000338,7,1,6
219000344,0,0,0
219000345,0,0,0
219000346,0,0,0
219000348,0,0,0
219000349,0,0,0
219000350,0,0,0
219000351,0,0,0
219000352,17,136,-119
219000353,83,83,0
219000354,224,83,141
219000355,108,38,70
219000356,282,714,-432
219000363,105,22,83
219000364,132,16,116
219000365,42,2,40
219000366,147,248,-101
219000368,74,484,-410
219000370,288,730,-442
219000371,0,0,0
219000382,5,3,2
219000383,0,0,0
219000385,0,0,0
219000386,0,0,0
219000387,0,1,-1
219000390,1,6,-5
219000391,3,0,3
219000397,0,0,0
219000398,13,9,4
219000401,0,0,0
219000402,0,0,0
219000403,0,0,0
219000404,0,0,0
219000407,0,0,0
219000409,71,34,37
219000410,29,11,18
219000411,56,3,53
219000446,0,0,0
219000447,0,0,0
219000448,2,23,-21
219000452,23,18,5
219000453,0,0,0
219000454,109,352,-243
219000556,153,15,138
219000558,0,0,0
219000590,0,0,0
219000591,94,18,76
219000592,0,0,0
219000595,0,0,0
219000635,170,20,150
219000636,0,0,0
219000657,4,2,2
219000658,0,0,0
219000673,0,0,0
219000676,10,0,10
219000679,15,0,15
219000684,67,0,67
219000685,0,0,0
219000686,0,0,0
219000688,0,0,0
219000689,0,0,0
219000690,145,5,140
219000691,26,0,26
219000692,63,8,55
219000693,0,0,0
219000694,0,0,0
219000695,10,0,10
219000698,21,0,21
219000699,0,0,0
219000727,0,0,0
219000728,19,0,19
219000770,8,3,5
219000771,0,0,0
219000788,0,0,0
219001150,0,16,-16
219001151,0,0,0
219001166,4,8,-4
219001167,0,0,0
220000001,0,21,-21
220000002,0,34,-34
220000003,0,0,0
220000004,0,0,0
220000005,0,0,0
220000006,0,0,0
220000007,0,0,0
220000008,0,0,0
220000009,12,115,-103
220000010,8,9,-1
220000011,19,428,-409
220000012,10,56,-46
220000014,0,0,0
220000015,69,243,-174
220000017,35,68,-33
220000018,788,169,619
220000019,272,441,-169
220000020,66,68,-2
220000021,203,106,97
220000022,450,108,342
220000023,41,95,-54
220000024,194,256,-62
220000025,352,951,-599
220000026,89,579,-490
220000027,1,79,-78
220000028,36,79,-43
220000029,0,0,0
220000030,0,0,0
220000031,156,270,-114
220000064,0,0,0
221000046,1,0,1
221000047,0,0,0
221000048,0,0,0
221000049,0,0,0
221000050,3,0,3
221000055,12,0,12
221000057,135,3,132
221000068,155,192,-37
221000069,215,77,138
221000070,240,25,215
221000071,90,13,77
221000072,282,12,270
221000073,148,14,134
221000074,0,0,0
221000075,0,0,0
221000076,0,0,0
221000077,0,0,0
221000081,30,3,27
221000082,51,2,49
221000083,5,10,-5
221000084,2,4,-2
221000085,13,0,13
221000086,0,0,0
221000087,0,0,0
221000088,0,0,0
221000089,0,0,0
221000090,0,0,0
221000098,139,8,131
221000099,84,11,73
221000100,109,8,101
221000101,117,7,110
221000102,179,3,176
221000109,0,0,0
221000110,0,0,0
221000111,0,0,0
221000112,0,0,0
221000113,0,0,0
221000114,0,0,0
221000120,21,40,-19
221000121,0,23,-23
221000122,16,23,-7
221000123,2,20,-18
221000124,14,82,-68
221000155,100,9,91
221000156,10,12,-2
221000175,0,4,-4
221000176,0,18,-18
221000182,41,4,37
221000241,434,324,110
221000242,0,0,0
221000243,299,100,199
221000244,0,0,0
221000245,89,21,68
221000246,0,0,0
221000247,163,42,121
221000248,0,0,0
221000267,11,90,-79
221000325,26,10,16
221000331,5,42,-37
221000338,4,32,-28
221000378,275,26,249
221000381,24,29,-5
222000282,0,0,0
222000296,2,26,-24
222000568,458,35,423
222000569,129,25,104
222000570,127,5,122
222000571,422,11,411
222000577,0,25,-25
222000578,0,31,-31
222000579,30,26,4
222000580,3,281,-278
222000599,0,23,-23
222000600,1,53,-52
222000601,0,129,-129
222000603,11,23,-12
222000604,3,31,-28
222000605,18,52,-34
222000606,0,7,-7
222000607,0,14,-14
222000608,24,0,24
222000609,8,7,1
222000616,276,8,268
222000617,1,3,-2
222000618,1,8,-7
222000620,2,9,-7
222000621,6,18,-12
222000623,257,2,255
222000624,244,0,244
222000625,361,15,346
222000636,101,6,95
222000686,3,6,-3
222000687,15,3,12
222001066,222,1,221
222001067,77,0,77
222001068,49,8,41
222001069,38,42,-4
222001082,5,29,-24
222001083,12,19,-7
222001084,0,2,-2
222001085,0,60,-60
222001111,34,48,-14
222001112,104,20,84
222001313,1,7,-6
222001314,0,36,-36
222001464,9,32,-23
222001465,1,24,-23
222001484,92,3,89
222001485,8,2,6
222001494,503,32,471
222001495,44,57,-13
222001496,353,26,327
222001497,35,76,-41
222001502,0,0,0
222001503,33,13,20
222001504,0,0,0
222001505,231,13,218
222001506,0,0,0
222001507,58,5,53
222001510,487,35,452
222001511,0,0,0
222001514,296,54,242
222001515,0,0,0
222001518,300,31,269
222001519,0,0,0
222001527,45,23,22
222001528,0,0,0
222001529,439,10,429
222001530,0,0,0
222001533,0,0,0
222001534,404,5,399
222001535,74,46,28
222001536,4,60,-56
222001537,143,39,104
222001538,0,0,0
222001563,593,15,578
222001564,0,0,0
222001568,90,19,71
222001576,1,2,-1
222001579,0,4,-4
222001583,2,16,-14
222001584,50,50,0
222001596,36,80,-44
222001597,733,136,597
222001626,0,20,-20
222001650,5,16,-11
222001651,93,99,-6
222001914,63,51,12
222001915,0,0,0
222900004,332,37,295
222900009,54,107,-53
222900019,52,59,-7
222900024,42,2,40
222900025,5,2,3
225000001,217,52,165
225000002,470,50,420
225000003,531,4,527
225000004,358,43,315
225000005,19,18,1
225000006,0,0,0
225000007,0,0,0
225000010,70,4,66
225000011,45,908,-863
225000012,113,622,-509
225000013,52,77,-25
225000014,466,57,409
225000015,2,0,2
225000021,219,32,187
225000027,0,0,0
225000032,196,29,167
225000042,0,0,0
225000049,0,0,0
225000050,77,4,73
225000053,0,0,0
225000058,357,60,297
225000067,0,0,0
225000068,0,0,0
225000069,0,0,0
225000070,0,0,0
225000071,0,0,0
225000075,0,0,0
225000076,0,0,0
225000078,5,27,-22
225000085,34,19,15
225000086,149,2,147
225000087,31,7,24
225000088,0,0,0
225000089,0,0,0
225000090,0,0,0
225000091,0,0,0
225000092,0,0,0
225000093,0,0,0
225000094,0,0,0
225000095,0,0,0
225000096,0,0,0
225000098,294,91,203
225000099,447,41,406
225000100,564,36,528
225000104,0,0,0
225000110,0,0,0
225000111,1,0,1
225000112,2,3,-1
225000113,1,2,-1
225000114,0,2,-2
225000115,10,7,3
225000116,215,98,117
225000117,490,272,218
225000118,861,201,660
225000119,105,7,98
225000120,250,3,247
225000121,107,4,103
225000123,745,17,728
225000125,218,30,188
225000126,427,109,318
225000127,407,1101,-694
225000128,245,804,-559
225000132,396,11,385
225000133,128,16,112
225000134,244,133,111
225000135,46,3,43
225000136,213,2,211
225000137,145,20,125
225000138,462,26,436
225000143,0,0,0
225000144,0,0,0
225000145,31,18,13
225000146,0,0,0
225000147,0,0,0
225000148,0,0,0
225000149,0,0,0
225000151,0,0,0
225000155,0,0,0
225000156,1,4,-3
225000157,4,7,-3
225000158,0,0,0
225000171,0,0,0
225000180,8,1,7
225000181,0,0,0
225000182,24,6,18
225000185,0,0,0
225000187,0,0,0
225000191,3,0,3
225000194,0,0,0
225000208,0,0,0
225000209,22,3,19
225000210,0,0,0
225000217,0,0,0
225000218,13,0,13
225000223,0,0,0
225000224,14,0,14
225000225,0,0,0
225000226,156,3,153
225000227,0,0,0
225000228,2,26,-24
225000229,0,0,0
225000230,0,0,0
225000231,0,0,0
225000232,51,0,51
225000241,66,0,66
225000242,0,0,0
225000249,0,0,0
225000250,0,0,0
225000251,420,22,398
225000254,0,0,0
225000256,0,0,0
225000257,0,0,0
226000042,0,0,0
226000043,0,0,0
226000044,0,0,0
226000045,0,0,0
226000046,416,16,400
226000047,295,33,262
226000048,241,17,224
226000049,131,67,64
226000070,0,0,0
226000071,0,0,0
226000072,0,0,0
226000073,0,0,0
226000074,0,0,0
226000084,0,0,0
226000085,0,0,0
226000086,0,0,0
226000087,0,0,0
226000088,0,0,0
226000090,7,25,-18
226000091,0,28,-28
226000092,1,17,-16
226000093,1,0,1
226000094,2,1,1
226000095,4,15,-11
226000105,1,1,0
226000106,10,0,10
226000107,13,0,13
226000108,1,0,1
226000109,21,0,21
226000124,130,15,115
226000134,376,340,36
226000135,912,236,676
226000136,162,89,73
226000137,0,0,0
226000138,0,0,0
226000139,0,0,0
226000156,96,0,96
226000157,127,1,126
226000163,0,0,0
226000202,0,0,0
226000231,193,1,192
226000232,8,0,8
227000033,249,21,228
227000036,456,13,443
227000037,283,9,274
227000038,78,5,73
227000084,0,0,0
227000085,0,0,0
227000088,36,1,35
227000089,8,1,7
227000090,29,0,29
227000091,47,0,47
227000092,6,0,6
227000093,20,0,20
227000094,0,0,0
227000130,0,0,0
227000131,0,0,0
227000132,0,0,0
227000133,0,0,0
227000134,0,0,0
227000152,0,0,0
227000153,0,0,0
227000154,0,0,0
227000155,0,0,0
227000156,0,0,0
227000165,0,0,0
227000196,359,4,355
227000199,311,12,299
227000230,0,0,0
227000232,230,17,213
227000242,0,0,0
227000243,244,37,207
227000245,0,0,0
227000246,0,0,0
227000247,430,34,396
227000248,62,23,39
227000249,0,0,0
227000250,220,150,70
227000251,0,0,0
227000252,0,0,0
227000253,259,19,240
227000262,599,8,591
227000266,710,43,667
227000267,0,0,0
227000282,0,0,0
227000284,297,19,278
227000286,0,0,0
227000291,0,0,0
227000296,37,30,7
227000484,236,8,228
227000485,0,0,0
227000655,126,1,125
227000656,466,4,462
227000657,26,1,25
227000704,162,13,149
229000265,4,7,-3
229000266,0,0,0
229000267,2,0,2
229000268,4,3,1
229000269,16,1,15
229000274,0,0,0
229000275,0,0,0
229000276,0,0,0
229000277,0,0,0
229000278,0,0,0
229000295,0,0,0
229000296,0,0,0
229000297,0,0,0
229000298,2,1,1
229000320,1,5,-4
229000321,3,0,3
229000412,0,3,-3
229000414,2,5,-3
229000415,2,0,2
229000416,0,0,0
229000417,0,0,0
229000419,6,28,-22
229000440,144,16,128
229000442,19,3,16
229000443,1,0,1
229000444,2,2,0
229000445,31,0,31
229000446,6,5,1
229000491,0,0,0
229000492,0,0,0
229000493,0,0,0
229000494,46,1,45
229000495,151,5,146
229000496,154,0,154
229000507,0,0,0
229000508,0,0,0
229000509,0,0,0
229000510,0,0,0
229000511,0,0,0
229000512,0,0,0
229000513,0,0,0
229000514,0,0,0
229000517,0,0,0
229000518,0,0,0
229000519,0,0,0
229000520,0,0,0
229000521,64,12,52
229000522,17,1,16
229000523,12,0,12
229000524,11,1,10
229000527,0,0,0
229000528,0,1,-1
229000529,46,4,42
229000530,152,13,139
229000531,36,23,13
229000532,14,1,13
229000533,77,1,76
229000534,22,8,14
229000564,128,0,128
229000565,67,0,67
229000566,0,0,0
229000567,0,0,0
229000582,46,6,40
229000583,13,3,10
229000584,0,0,0
229000585,0,0,0
229000718,0,0,0
229000719,0,0,0
229000720,0,0,0
229000721,0,0,0
229000722,0,0,0
229000723,0,0,0
229000724,0,0,0
229000725,0,0,0
229000738,0,0,0
229000739,0,0,0
229000740,1,0,1
229000741,33,0,33
229000742,2,0,2
229000743,38,0,38
229000744,0,0,0
229000745,0,0,0
229000746,33,0,33
229000847,77,0,77
229000848,41,0,41
229000849,125,1,124
229000851,173,0,173
229000854,0,0,0
229000856,0,0,0
229000857,0,0,0
229000858,0,0,0
229000919,0,0,0
229000930,0,0,0
229000937,97,0,97
229000966,40,2,38
229000981,0,0,0
229000985,0,1,-1
229000986,0,0,0
229000987,0,0,0
229000988,1,1,0
229000989,2,2,0
229000990,0,0,0
229000991,0,0,0
229000992,22,2,20
229000993,81,10,71
229000998,1,0,1
229000999,19,1,18
229001034,0,0,0
229001035,0,2,-2
229001036,0,0,0
229001037,30,4,26
229001038,0,0,0
229001039,1,0,1
229001040,0,0,0
229001041,84,0,84
229001042,34,10,24
229001047,1,1,0
229001050,26,2,24
229001168,0,0,0
229001200,45,1,44
229001338,0,1,-1
229001394,88,0,88
229001422,150,24,126
229001423,0,0,0
229001431,48,8,40
229001432,0,0,0
229001444,65,7,58
229001445,20,22,-2
229001479,36,0,36
229001503,230,6,224
229001504,0,0,0
229001505,44,6,38
229001506,0,0,0
229001509,15,1,14
229001510,0,0,0
229001545,63,1,62
229001546,0,0,0
229001553,51,1,50
229001554,0,0,0
229001630,42,0,42
229001631,0,0,0
229001635,0,1,-1
229001636,0,0,0
229001658,0,0,0
229001659,28,1,27
229001660,0,0,0
229001661,0,11,-11
229001662,19,0,19
229001663,0,0,0
229002584,120,50,70
229002831,44,14,30
229002841,5,11,-6
229002842,4,5,-1
229002843,16,22,-6
229002844,3,11,-8
229002845,0,38,-38
229002846,1,2,-1
229002847,0,2,-2
229002848,12,21,-9
229002849,1,10,-9
229002850,2,0,2
229002851,3,28,-25
229002852,46,3,43
229002853,34,4,30
229002854,7,19,-12
229002855,0,2,-2
229002856,4,4,0
229002857,4,4,0
229002858,4,0,4
229002859,1,3,-2
229002860,26,7,19
229002861,20,5,15
229002862,0,7,-7
229002863,0,4,-4
229002864,33,73,-40
229002865,21,5,16
229002866,16,2,14
229002867,0,1,-1
229002868,1,9,-8
229002869,0,5,-5
229002870,14,3,11
235000066,60,1,59
235000067,45,6,39
235000072,0,0,0
235000073,0,0,0
235000074,0,0,0
235000080,0,0,0
235000081,0,0,0
235000082,92,36,56
235000083,131,37,94
235000084,19,2,17
235000085,178,7,171
235000089,8,16,-8
235000092,0,0,0
235000093,0,0,0
235000097,3,0,3
235000098,40,4,36
235000099,2,1,1
235000116,3,1,2
235000117,47,2,45
235000133,0,0,0
235000134,0,0,0
235000206,0,0,0
235000207,0,2,-2
235000208,0,0,0
235000209,11,4,7
235000210,25,1,24
235000212,0,0,0
235000213,0,0,0
235000220,0,0,0
235000221,0,0,0
235000238,11,148,-137
235000239,0,23,-23
235000242,69,793,-724
235000245,0,0,0
235000246,0,0,0
235000284,0,0,0
235000295,25,0,25
235000305,118,0,118
235000306,189,0,189
235000307,1,0,1
235000308,13,0,13
235000309,38,0,38
235000310,27,0,27
235000311,12,0,12
235000322,0,0,0
235000323,0,1,-1
235000324,0,1,-1
235000325,0,0,0
235000326,0,0,0
235000351,0,0,0
235000352,0,0,0
235000353,0,0,0
235000354,0,0,0
235000355,0,1,-1
235000356,12,0,12
235000357,9,0,9
235000358,5,5,0
235000359,0,2,-2
235000360,6,0,6
235000361,44,0,44
235000381,0,0,0
235000382,101,3,98
235000390,8,1,7
235000391,148,7,141
235000392,176,54,122
235000393,100,42,58
235000395,81,6,75
235000396,323,21,302
235000400,46,14,32
235000401,0,0,0
235000405,0,0,0
235000406,0,0,0
235000407,0,0,0
235000409,0,0,0
235000410,0,0,0
235000411,0,0,0
235000485,0,0,0
235000486,7,0,7
235000549,47,8,39
235000550,0,0,0
235000599,0,0,0
235000600,0,0,0
235000601,8,2,6
235000602,21,3,18
235000614,0,0,0
235000648,0,0,0
235000649,87,3,84
235000685,0,0,0
235000815,0,0,0
235000834,0,0,0
235000855,38,9,29
235000862,0,0,0
235000891,0,0,0
235000892,1,0,1
235000901,0,0,0
235000907,0,0,0
235001010,38,2,36
235001029,0,0,0
235001030,169,26,143
235001078,95,39,56
235001079,0,0,0
235001147,0,18,-18
235001166,1,12,-11
235001167,0,0,0
235001169,0,0,0
235001188,0,0,0
235001189,2,1,1
235001197,0,0,0
235001200,0,0,0
235001207,31,2,29
235001208,0,0,0
235001209,0,0,0
235001210,0,0,0
235001215,0,0,0
235001239,0,0,0
235001244,0,0,0
235016267,0,0,0
241900007,53,1,52
277101746,0,2,-2
277102712,9,2,7
277103813,0,0,0
277103898,0,0,0
277104249,0,0,0
277104250,0,25,-25
277104251,0,0,0
277104252,0,10,-10
990011530,0,0,0
990014944,0,37,-37
990015176,27,3,24
990015618,0,1,-1
990016032,0,0,0
990032570,0,17,-17
990070001,38,1,37
990070103,0,0,0
990070601,0,5,-5
990070751,914,8,906
990070766,0,0,0
990071180,658,5,653
990071343,9,0,9
990071387,0,0,0
990071823,178,2,176
990072600,0,48,-48
990072964,0,1,-1
990073285,0,0,0
990074393,0,172,-172
990074870,805,6,799
990075106,222,1,221
990075746,443,7,436
990076437,1659,3,1656
990076458,0,0,0
997000007,91,0,91
997000041,1,27,-26
997000058,32,0,32
997000062,78,0,78
997000069,0,0,0
997000070,0,0,0
997000100,34,0,34
997000141,0,0,0
997000198,0,0,0
998000475,0,0,0
998000736,0,4,-4
998000965,0,37,-37
998001031,0,9,-9
998001700,0,0,0
998001899,0,0,0
998001900,4,66,-62
998003073,591,65,526
998101900,1,14,-13
998102850,0,0,0
998501927,276,1,275
998501929,79,3,76
998501930,28,0,28
998501931,45,6,39
998501932,1,1,0
998501933,82,4,78
998501937,10,0,10
998501944,4,0,4
998501950,0,0,0
998501970,23,0,23
998501971,4,41,-37
998501973,0,1,-1
998501974,0,13,-13
998501975,147,17,130
998501976,51,0,51
998501977,0,3,-3
998501978,6,0,6
998501979,0,0,0
998501980,30,4,26
998501981,55,0,55
998501982,0,0,0
998501983,0,0,0
998502006,0,0,0
998502024,0,8,-8
998502032,0,1,-1
998502062,11,9,2
998502063,0,0,0
998502173,6,0,6
998502269,0,0,0
998601159,0,14,-14
998601292,0,0,0
999033574,0,1,-1
999800001,11,1,10
999800002,0,0,0
999800003,2,2,0
999800004,0,2,-2
999800005,0,0,0
