ID,insum,outsum,diff
100000001,760,567,193
100000002,6656,11742,-5086
100000003,5584,8453,-2869
100000004,322,1220,-898
100000005,4157,5339,-1182
100000006,714,529,185
100000007,3081,873,2208
100000008,99,1247,-1148
100000009,498,646,-148
100000010,20,188,-168
100000011,676,80,596
100000012,38,412,-374
100000013,4,197,-193
100000014,171,1108,-937
100000015,1481,2593,-1112
100000016,450,3389,-2939
100000017,318,3955,-3637
100000018,980,838,142
100000019,3931,4125,-194
100000020,1947,8323,-6376
100000021,8714,2133,6581
100000022,1001,7451,-6450
100000023,6098,4346,1752
100000025,646,3128,-2482
100000028,534,4136,-3602
100000029,41,1714,-1673
100000030,58,73,-15
100000031,2658,11151,-8493
100000032,3326,8218,-4892
100000033,1339,5531,-4192
100000034,233,2215,-1982
100000035,682,2073,-1391
100000036,982,2595,-1613
100000037,838,674,164
100000038,3360,1344,2016
100000039,248,522,-274
100000040,783,267,516
100000041,2058,835,1223
100000042,1820,694,1126
100000043,737,184,553
100000044,263,442,-179
100000045,311,998,-687
100000046,507,912,-405
100000047,214,470,-256
100000048,210,829,-619
100000049,1799,1640,159
100000051,731,658,73
100000053,67,7,60
100000054,346,27,319
100000055,749,205,544
100000056,411,702,-291
100000057,2330,693,1637
100000058,1073,624,449
100000059,52,489,-437
100000060,991,598,393
100000061,2649,937,1712
100000062,1772,1068,704
100000063,1312,479,833
100000064,1556,618,938
100000065,344,1003,-659
100000066,206,600,-394
100000067,216,744,-528
100000068,393,2248,-1855
100000069,276,1309,-1033
100000072,143,542,-399
100000073,1325,1022,303
100000075,1181,219,962
100000076,2215,8014,-5799
100000077,124,1033,-909
100000078,15,55,-40
100000079,8,56,-48
100000080,5,61,-56
100000081,22,153,-131
100000102,4302,12632,-8330
100000103,2353,2677,-324
100000104,6895,2890,4005
100000105,1259,4636,-3377
100000106,1176,6802,-5626
100000107,82,2078,-1996
100000108,314,2569,-2255
100000109,658,3462,-2804
100000116,231,1005,-774
100000117,52,179,-127
100000118,504,1733,-1229
100000119,977,1506,-529
100000121,317,914,-597
100000122,591,6345,-5754
100000123,1261,3461,-2200
100000124,2527,3253,-726
100000125,13572,3352,10220
100000126,642,2731,-2089
100000127,1546,2689,-1143
100000128,481,5126,-4645
100000129,451,1388,-937
100000130,1145,224,921
100000131,952,1746,-794
100000132,1556,2060,-504
100000133,1512,787,725
100000135,809,1424,-615
100000139,134,454,-320
100000140,101,230,-129
100000142,771,816,-45
100000143,1041,436,605
100000144,1664,470,1194
100000147,2134,5909,-3775
100000150,127,867,-740
100000151,403,3286,-2883
100000153,166,1120,-954
100000154,34,2061,-2027
100000155,4,90,-86
100000156,110,273,-163
100000157,325,295,30
100000158,241,188,53
100000159,94,3081,-2987
100000165,922,921,1
100000169,37,3083,-3046
100000174,366,2177,-1811
100000179,39,1950,-1911
100000180,760,3034,-2274
100000181,310,632,-322
100000188,106,383,-277
100000189,851,678,173
100000190,547,2398,-1851
100000191,1298,999,299
100000192,45,195,-150
100000193,269,153,116
100000330,826,1488,-662
100000355,306,772,-466
100000362,2584,1160,1424
100000363,8145,9960,-1815
100000364,113,248,-135
100000365,7662,11575,-3913
100000366,1880,1307,573
100000367,7589,8893,-1304
100000368,1763,1370,393
100000369,842,3643,-2801
100000370,303,1165,-862
100000376,37,401,-364
100000379,737,7108,-6371
100000380,3508,15164,-11656
100000384,6717,11378,-4661
100000385,1937,8923,-6986
100000386,1854,11647,-9793
100000387,5846,14010,-8164
100000388,1829,5551,-3722
100000389,6430,9577,-3147
100000390,3459,4326,-867
100000391,3526,9400,-5874
100000392,648,3762,-3114
100000393,862,5999,-5137
100000394,2305,7698,-5393
100000395,1095,7570,-6475
100000396,1000,2453,-1453
100000397,1712,9457,-7745
100000398,6015,4619,1396
100900002,25,45,-20
100900003,729,340,389
100900004,81,1188,-1107
100900005,145,13,132
100900006,101,23,78
100900007,272,4,268
100900008,12,626,-614
100900009,50,66,-16
100900010,59,9,50
100900011,415,81,334
100900012,0,37,-37
100900013,1548,39,1509
100900014,2,6,-4
100900015,49,78,-29
100900016,3,13,-10
100900017,1816,204,1612
100900018,0,24,-24
100900019,67,112,-45
100900020,505,4,501
100900021,637,1,636
100900022,2,16,-14
100900023,0,54,-54
100900024,562,2,560
100900025,9,6,3
100900026,181,107,74
100900027,602,4147,-3545
100900028,75,580,-505
100900029,18,1,17
100900030,4,445,-441
100900031,1391,95,1296
100900032,694,0,694
100900033,76,860,-784
100900034,2128,0,2128
100900035,237,1,236
100900036,13,1,12
100900037,254,74,180
100900038,21,166,-145
100900039,256,117,139
100900040,761,337,424
100900041,2358,248,2110
100900042,390,3412,-3022
100900043,0,112,-112
100900044,1411,1171,240
100900045,12,0,12
100900046,1593,21,1572
100900047,602,116,486
100900048,183,80,103
100900049,83,124,-41
100900050,4,79,-75
100900051,47,336,-289
100900052,387,26,361
100900053,975,47,928
100900054,21,35,-14
100900055,889,2187,-1298
100900056,59,116,-57
100900057,3861,787,3074
100900058,156,168,-12
100900059,166,15,151
100900060,222,6,216
100900061,147,229,-82
100900062,1,9,-8
100900063,469,1345,-876
100900064,802,28,774
100900065,80,223,-143
100900066,131,85,46
100900067,24,10,14
100900068,128,217,-89
100900069,180,14,166
100900070,1013,20,993
100900071,226,152,74
100900072,0,13,-13
100900073,358,546,-188
100900074,1,6,-5
100900075,2153,145,2008
100900076,4,29,-25
100900077,103,14,89
100900078,313,337,-24
100900079,5,16,-11
100900080,106,53,53
100900081,51,161,-110
100900082,425,86,339
100900083,24,98,-74
100900085,5,717,-712
100900086,97,454,-357
100900088,370,144,226
100900089,0,15,-15
100900090,139,2061,-1922
100900091,3,8,-5
100900092,100,220,-120
100900093,435,784,-349
100900094,321,99,222
100900095,3,19,-16
100900096,70,452,-382
100900097,2,0,2
100900098,8,30,-22
100900099,10,649,-639
100900100,13,302,-289
100900101,352,44,308
100900102,3,176,-173
100900103,7,9,-2
100900104,2,196,-194
100900105,20,885,-865
100900106,10,6,4
100900107,4564,1008,3556
100900108,5,74,-69
100900109,21,30,-9
100900110,21,23,-2
100900111,25,280,-255
100900112,2,22,-20
100900113,22,13,9
100900114,6,52,-46
100900115,13,81,-68
100900116,1284,499,785
100900117,273,1533,-1260
100900118,60,86,-26
100900119,9,40,-31
100900120,6,17,-11
100900121,601,462,139
100900122,40,136,-96
100900123,400,46,354
100900124,0,3,-3
100900125,4,53,-49
100900126,866,175,691
100900127,15,4,11
100900128,132,1671,-1539
100900129,2,314,-312
100900131,38,170,-132
100900133,155,24,131
100900134,6,4,2
100900135,3,1092,-1089
100900137,453,377,76
100900138,393,739,-346
100900139,3,17,-14
100900140,3,208,-205
100900141,7,877,-870
100900142,1,8,-7
100900143,334,1501,-1167
100900144,4,6,-2
100900145,37,707,-670
100900146,28,52,-24
100900147,17,2963,-2946
100900148,120,147,-27
100900149,9,790,-781
100900150,12,59,-47
100900151,93,629,-536
100900152,193,23,170
100900153,0,289,-289
100900154,4,285,-281
100900155,6,6,0
100900156,27,2,25
100900157,19,627,-608
100900158,721,53,668
100900159,11,88,-77
100900160,36,3,33
100900161,34,2,32
100900162,22,508,-486
100900163,77,103,-26
100900164,175,73,102
100900165,19,46,-27
100900166,29,0,29
100900167,16,43,-27
100900168,18,180,-162
100900169,106,1081,-975
100900170,22,23,-1
100900171,7,623,-616
100900172,1,125,-124
100900173,10,111,-101
100900174,39,52,-13
100900176,1766,868,898
100900177,593,382,211
100900178,452,254,198
100900179,249,476,-227
100900180,0,1,-1
100900181,53,54,-1
100900182,60,16,44
100900184,31,44,-13
100900186,854,401,453
100900187,101,133,-32
100900188,48,12,36
100900189,3347,214,3133
100900191,685,1313,-628
100900192,182,528,-346
100900195,149,1275,-1126
100900197,102,111,-9
100900198,41,70,-29
100900199,13,3,10
100900200,1101,372,729
100900201,175,1274,-1099
100900202,102,0,102
100900203,0,25,-25
100900204,92,745,-653
100900205,300,720,-420
100900206,269,307,-38
100900207,436,151,285
100900210,117,94,23
100900211,666,206,460
100900213,166,68,98
100900214,403,168,235
100900215,101,19,82
101000001,1800,2309,-509
101000002,8784,11243,-2459
101000003,708,1144,-436
101000004,9053,7352,1701
101000005,6273,7510,-1237
101000006,13521,13134,387
101000007,5809,7332,-1523
101000008,2222,3285,-1063
101000009,4085,886,3199
101000010,1469,1085,384
101000011,1828,430,1398
101000012,435,992,-557
101000013,661,1916,-1255
101000014,543,472,71
101000015,2728,2464,264
101000016,339,1496,-1157
101000017,323,898,-575
101000018,1679,13237,-11558
101000020,1438,2513,-1075
101000021,479,1470,-991
101000022,107,598,-491
101000023,1229,1282,-53
101000025,517,913,-396
101000026,329,38,291
101000027,2399,5868,-3469
101000028,203,47,156
101000029,41,1855,-1814
101000030,1529,181,1348
101000031,66,877,-811
101000032,2402,5422,-3020
101000033,1433,8889,-7456
101000034,846,4023,-3177
101000035,585,809,-224
101000036,409,3827,-3418
101000037,1047,5261,-4214
101000039,2031,6596,-4565
101000040,3837,9099,-5262
101000041,2331,8671,-6340
101000042,71,1499,-1428
101000043,3735,11229,-7494
101000045,267,929,-662
101000046,1400,2488,-1088
101000047,1058,5714,-4656
101000048,522,582,-60
101000049,638,3214,-2576
101000050,692,2921,-2229
101000051,691,2690,-1999
101000052,1413,2806,-1393
101000053,540,1941,-1401
101000054,3603,1129,2474
101000055,1417,2666,-1249
101000056,22,196,-174
101000057,502,4662,-4160
101000058,915,3561,-2646
101000059,2344,3995,-1651
101000060,2078,2200,-122
101000061,468,3421,-2953
101000062,267,779,-512
101000063,198,2651,-2453
101000064,260,1158,-898
101000065,177,1801,-1624
101000066,332,2112,-1780
101000067,228,921,-693
101000068,109,510,-401
101000069,203,105,98
101000070,377,766,-389
101000071,5524,2456,3068
101000072,763,3607,-2844
101000073,555,1352,-797
101000074,2096,4228,-2132
101000075,2002,3775,-1773
101000077,2201,2112,89
101000078,857,1451,-594
101000079,879,1062,-183
101000080,691,973,-282
101000081,2229,1727,502
101000082,2328,2265,63
101000083,4408,2824,1584
101000084,1189,588,601
101000085,1832,1632,200
101000086,1047,1450,-403
101000087,1061,1400,-339
101000088,2386,1841,545
101000089,1393,2322,-929
101000090,1987,913,1074
101000091,971,533,438
101000092,2748,668,2080
101000093,2221,655,1566
101000094,1341,1050,291
101000095,963,682,281
101000096,974,380,594
101000097,597,1637,-1040
101000098,589,1630,-1041
101000099,815,1877,-1062
101000100,1180,2000,-820
101000101,174,2177,-2003
101000102,565,2531,-1966
101000103,519,2016,-1497
101000104,358,1084,-726
101000105,93,942,-849
101000106,210,3411,-3201
101000107,415,947,-532
101000108,737,159,578
101000109,1245,315,930
101000110,37,202,-165
101000111,38,293,-255
101000113,190,1518,-1328
101000114,1990,8063,-6073
101000115,13,9,4
101000116,27,41,-14
101000117,1628,379,1249
101000119,20,157,-137
101000120,64,141,-77
101000121,19,43,-24
101000122,81,69,12
101000123,23,98,-75
101000124,410,497,-87
101000125,96,107,-11
101000128,185,2133,-1948
101000130,214,267,-53
101000131,2098,342,1756
101000132,1317,703,614
101000135,6,25,-19
101000136,53,156,-103
101000137,12,760,-748
101000141,614,6731,-6117
101000147,778,281,497
101000148,907,24,883
101000149,9,94,-85
101000150,228,271,-43
101000151,566,61,505
101000152,621,518,103
101000153,375,290,85
101000154,568,670,-102
101000155,1032,291,741
101000156,20,966,-946
101000157,43,398,-355
101000160,5,13,-8
101000163,86,773,-687
101000164,328,153,175
101000165,344,815,-471
101000166,251,360,-109
101000168,988,673,315
101000252,3461,1139,2322
101000254,35,53,-18
101000258,44,4,40
101000261,38,171,-133
101000262,3391,8207,-4816
101000263,465,1848,-1383
101000265,84,1012,-928
101000266,667,545,122
101000269,25,71,-46
101000290,382,4436,-4054
101000293,16,87,-71
101000294,1056,1094,-38
101000295,455,244,211
101000301,141,1192,-1051
101000304,3606,6039,-2433
101000305,3407,2711,696
101900001,32,48,-16
101900002,0,15,-15
101900003,40,459,-419
101900004,3,255,-252
101900005,1538,6655,-5117
101900006,3088,263,2825
101900007,757,455,302
101900008,121,654,-533
101900009,70,735,-665
101900010,499,1015,-516
101900011,130,1918,-1788
101900012,884,142,742
101900013,938,116,822
101900017,30,132,-102
101900018,846,396,450
101900019,61,194,-133
101900020,601,313,288
101900021,2,107,-105
101900022,323,1000,-677
101900023,368,189,179
102000001,5334,11090,-5756
102000002,3244,9447,-6203
102000003,2857,7627,-4770
102000004,10541,5806,4735
102000005,2277,4989,-2712
102000006,1194,2050,-856
102000007,3664,6346,-2682
102000008,8278,2139,6139
102000009,11787,11570,217
102000010,5239,3343,1896
102000011,7516,8042,-526
102000012,4715,4094,621
102000018,5049,4708,341
102000019,4327,2946,1381
102000026,1063,576,487
102000029,329,527,-198
102000030,158,529,-371
102000031,109,188,-79
102000032,993,661,332
102000033,762,313,449
102000034,698,665,33
102000035,1579,599,980
102000036,12,309,-297
102000037,341,60,281
102000038,128,632,-504
102000039,90,264,-174
102000040,225,448,-223
102000041,29,901,-872
102000042,45,583,-538
102000043,95,939,-844
102000044,803,1666,-863
102000045,1309,1766,-457
102000046,2391,1378,1013
102000047,1390,1057,333
102000048,1180,912,268
102000049,1234,1891,-657
102000050,2225,1880,345
102000051,284,1133,-849
102000052,1820,1947,-127
102000053,1349,2051,-702
102000054,1403,1410,-7
102000055,2119,259,1860
102000056,2808,308,2500
102000057,3108,682,2426
102000058,1444,744,700
102000059,1279,1740,-461
102000060,1000,989,11
102000061,2618,1984,634
102000062,3339,1110,2229
102000063,1728,2153,-425
102000064,620,670,-50
102000065,44,177,-133
102000066,981,857,124
102000067,9199,5403,3796
102000068,11674,4914,6760
102000069,125,2889,-2764
102000070,2366,45,2321
102000071,7995,13583,-5588
102000072,3603,5051,-1448
102000073,963,697,266
102000074,1031,2436,-1405
102000075,291,375,-84
102000076,600,159,441
102000077,1402,415,987
102000078,2002,284,1718
102000079,372,142,230
102000080,623,336,287
102000081,319,1082,-763
102000082,752,459,293
102000083,1624,296,1328
102000084,901,349,552
102000085,3232,850,2382
102000086,2354,850,1504
102000087,1022,1421,-399
102000088,367,459,-92
102000089,1876,401,1475
102000090,396,1577,-1181
102000091,1279,806,473
102000092,421,745,-324
102000093,1169,532,637
102000094,603,379,224
102000095,850,1216,-366
102000096,465,443,22
102000097,772,399,373
102000098,301,524,-223
102000099,1045,818,227
102000100,280,1026,-746
102000101,411,465,-54
102000102,470,1369,-899
102000103,4468,518,3950
102000104,1096,619,477
102000105,284,526,-242
102000106,1149,563,586
102000107,3348,247,3101
102000108,957,494,463
102000109,2071,716,1355
102000110,2863,617,2246
102000111,3,1040,-1037
102000112,183,219,-36
102000113,19,117,-98
102000114,1904,504,1400
102000115,385,602,-217
102000116,329,826,-497
102000117,93,1636,-1543
102000118,1134,2255,-1121
102000119,925,1945,-1020
102000120,240,928,-688
102000121,1432,553,879
102000122,759,1048,-289
102000123,1407,1050,357
102000124,1972,1655,317
102000125,466,960,-494
102000126,525,904,-379
102000127,1517,594,923
102000128,964,1156,-192
102000129,2196,611,1585
102000130,725,1065,-340
102000131,1441,1149,292
102000132,451,1428,-977
102000133,5467,2364,3103
102000134,1436,1140,296
102000135,1017,993,24
102000136,1545,773,772
102000137,537,961,-424
102000138,515,474,41
102000139,131,871,-740
102000140,152,823,-671
102000141,239,956,-717
102000142,517,361,156
102000143,417,259,158
102000144,700,317,383
102000145,515,381,134
102000146,698,493,205
102000147,823,578,245
102000148,482,893,-411
102000149,751,97,654
102000150,1077,98,979
102000151,146,189,-43
102000152,493,230,263
102000153,1054,928,126
102000154,210,434,-224
102000155,44,798,-754
102000156,248,266,-18
102000157,63,2066,-2003
102000158,78,404,-326
102000159,3399,1781,1618
102000161,4163,2910,1253
102000162,170,440,-270
102000163,209,524,-315
102000164,883,1209,-326
102000165,240,285,-45
102000166,58,385,-327
102000167,231,389,-158
102000168,214,318,-104
102000169,258,839,-581
102000170,1277,156,1121
102000171,106,183,-77
102000172,12,499,-487
102000173,670,414,256
102000174,226,100,126
102000175,74,75,-1
102000176,20,78,-58
102000178,253,1200,-947
102000179,670,422,248
102000180,1448,267,1181
102000181,1539,461,1078
102000182,670,412,258
102000183,2920,1314,1606
102000184,2583,669,1914
102000185,4513,659,3854
102000186,2917,1152,1765
102000187,1550,1199,351
102000188,2214,2001,213
102000189,2632,507,2125
102000190,832,3283,-2451
102000191,869,311,558
102000192,3033,1916,1117
102000193,251,199,52
102000194,64,575,-511
102000195,812,614,198
102000196,533,454,79
102000197,1571,203,1368
102000198,339,436,-97
102000199,2066,161,1905
102000200,470,641,-171
102000201,2161,509,1652
102000202,8,313,-305
102000203,875,262,613
102000204,1404,777,627
102000205,1939,862,1077
102000206,983,547,436
102000207,1219,924,295
102000208,738,1137,-399
102000209,105,369,-264
102000210,886,484,402
102000211,1057,396,661
102000212,763,3,760
102000213,9,182,-173
102000214,867,11,856
102000215,2,233,-231
102000216,261,190,71
102000217,44,72,-28
102000218,373,338,35
102000219,286,84,202
102000225,197,537,-340
102000226,176,344,-168
102000227,126,3,123
102000228,0,268,-268
102000229,81,93,-12
102000230,617,306,311
102000231,551,332,219
102000232,210,350,-140
102000233,2041,566,1475
102000234,90,1302,-1212
102000236,407,71,336
102000237,1272,736,536
102000238,341,505,-164
102000240,347,952,-605
102000241,270,102,168
102000243,8,62,-54
102000245,11,83,-72
102000246,2,109,-107
102000247,166,356,-190
102000248,183,1306,-1123
102000249,205,190,15
102000250,111,188,-77
102000254,417,255,162
102000266,16,720,-704
102000271,67,4,63
102000286,505,381,124
102000297,4307,1658,2649
102000299,0,0,0
102000302,0,0,0
102000305,0,0,0
102000306,0,0,0
102000307,0,2,-2
102000308,0,1,-1
102900001,1180,485,695
102900002,283,65,218
102900003,166,125,41
102900005,820,176,644
102900006,662,75,587
102900007,1309,11,1298
102900008,397,26,371
102900009,307,480,-173
102900010,252,1503,-1251
102900011,1139,1059,80
102900012,548,255,293
102900013,129,6,123
102900015,1011,719,292
102900016,144,9,135
102900017,590,111,479
102900018,92,44,48
102900019,769,954,-185
102900020,477,49,428
102900021,73,33,40
102900022,106,79,27
102900023,25,98,-73
102900024,76,59,17
102900025,79,41,38
102900026,801,3064,-2263
102900027,91,96,-5
102900028,332,1687,-1355
102900029,138,549,-411
102900030,451,558,-107
102900031,492,141,351
102900032,169,66,103
102900033,179,198,-19
102900034,1179,35,1144
102900035,290,322,-32
102900036,681,207,474
102900037,459,257,202
102900038,538,246,292
102900039,32,1203,-1171
102900040,543,417,126
102900041,264,158,106
102900042,572,136,436
102900043,644,147,497
102900044,755,1258,-503
102900045,405,350,55
102900046,320,131,189
102900047,237,701,-464
102900048,895,247,648
102900049,102,285,-183
102900050,196,374,-178
102900051,212,587,-375
102900052,40,92,-52
102900053,271,894,-623
102900054,300,2421,-2121
102900055,246,584,-338
102900056,91,486,-395
102900057,6,162,-156
102900058,583,110,473
102900059,54,35,19
102900060,148,478,-330
102900061,422,423,-1
102900062,681,542,139
102900063,3027,329,2698
102900064,84,751,-667
102900065,800,287,513
102900066,445,7,438
102900068,90,392,-302
102900070,346,690,-344
102900072,18,76,-58
102900073,78,0,78
102900074,370,290,80
102900075,15,90,-75
102900076,79,165,-86
102900077,42,25,17
102900078,28,21,7
102900079,509,3,506
102900080,732,31,701
102900081,85,179,-94
102900082,39,216,-177
102900083,85,3,82
102900084,2,60,-58
102900085,219,130,89
102900086,6,126,-120
102900087,288,155,133
102900088,101,80,21
102900089,293,391,-98
102900090,0,275,-275
102900091,455,2,453
102900092,1084,140,944
102900093,386,253,133
102900094,2,228,-226
102900095,117,0,117
102900096,85,7,78
102900097,111,72,39
103000001,2703,4096,-1393
103000002,2946,4795,-1849
103000003,3760,4282,-522
103000004,866,552,314
103000005,1957,5908,-3951
103000006,1538,2213,-675
103000007,671,561,110
103000008,1513,2093,-580
103000009,3314,2582,732
103000010,159,103,56
103000011,1472,860,612
103000012,1619,2469,-850
103000013,4749,3011,1738
103000014,1561,6003,-4442
103000015,3995,1602,2393
103000016,631,3140,-2509
103000017,376,1284,-908
103000018,953,241,712
103000019,502,821,-319
103000020,1801,2765,-964
103000021,2671,5181,-2510
103000022,1038,2171,-1133
103000023,1441,4520,-3079
103000024,129,91,38
103000025,109,1636,-1527
103000026,320,105,215
103000027,126,610,-484
103000028,178,181,-3
103000029,48,297,-249
103000030,2553,1575,978
103000031,868,3777,-2909
103000032,2535,1704,831
103000033,3609,3465,144
103000034,1887,1068,819
103000035,320,1906,-1586
103000036,258,261,-3
103000037,923,437,486
103000038,813,1241,-428
103000039,1238,390,848
103000040,943,513,430
103000041,4020,1477,2543
103000042,3490,230,3260
103000043,1337,723,614
103000044,569,135,434
103000046,397,686,-289
103000047,866,316,550
103000048,465,225,240
103000049,101,122,-21
103000050,1244,276,968
103000051,874,668,206
103000052,1238,291,947
103000053,322,294,28
103000054,2765,494,2271
103000055,2054,1473,581
103000056,1496,807,689
103000057,2077,137,1940
103000058,1110,349,761
103000059,1017,762,255
103000060,1166,271,895
103000061,1073,866,207
103000062,999,206,793
103000063,1471,939,532
103000064,182,66,116
103000065,12,234,-222
103000066,462,27,435
103000069,535,343,192
103000070,1058,349,709
103000071,2780,883,1897
103000072,234,784,-550
103000073,1935,177,1758
103000074,1873,133,1740
103000075,130,710,-580
103000076,573,1370,-797
103000077,17,416,-399
103000078,1507,2735,-1228
103000079,815,1293,-478
103000080,545,637,-92
103000081,421,1013,-592
103000082,863,352,511
103000083,179,677,-498
103000084,129,6,123
103000085,2,161,-159
103000086,441,782,-341
103000087,521,800,-279
103000088,314,674,-360
103000089,472,1212,-740
103000090,6316,1415,4901
103000091,1722,788,934
103000092,528,366,162
103000093,562,820,-258
103000094,538,240,298
103000095,331,624,-293
103000096,934,92,842
103000097,229,1041,-812
103000098,989,238,751
103000099,153,1382,-1229
103000100,241,527,-286
103000101,2441,163,2278
103000102,163,367,-204
103000103,1385,191,1194
103000104,147,122,25
103000105,372,116,256
103000106,37,146,-109
103000107,375,235,140
103000108,2348,2192,156
103000109,987,1355,-368
103000110,940,1182,-242
103000111,389,1295,-906
103000112,350,960,-610
103000113,206,3100,-2894
103000114,2526,2998,-472
103000115,1530,1267,263
103000116,1169,546,623
103000117,583,590,-7
103000118,619,498,121
103000119,2165,698,1467
103000120,75,953,-878
103000121,117,204,-87
103000122,568,552,16
103000125,27,129,-102
103000126,1404,7,1397
103000127,2,71,-69
103000128,301,6,295
103000129,1,94,-93
103000130,152,81,71
103000131,103,128,-25
103000132,71,127,-56
103000133,19,60,-41
103000134,494,2323,-1829
103000135,1064,235,829
103000136,728,925,-197
103000137,476,1083,-607
103000138,607,1140,-533
103000139,2,188,-186
103000140,278,37,241
103000141,72,304,-232
103000142,242,156,86
103000143,126,240,-114
103000144,307,225,82
103000145,20,277,-257
103000150,116,65,51
103000152,337,726,-389
103000153,355,713,-358
103000156,6,108,-102
103000157,625,3,622
103000159,405,124,281
103000162,45,20,25
103000163,6,15,-9
103000164,5,7,-2
103000165,99,155,-56
103000166,423,1349,-926
103000167,450,574,-124
103000168,276,160,116
103000169,178,1197,-1019
103000170,1931,262,1669
103000171,22,187,-165
103000172,1881,240,1641
103000173,1893,188,1705
103000174,818,311,507
103000175,542,133,409
103000176,1028,1528,-500
103000177,331,815,-484
103000178,107,390,-283
103000179,186,39,147
103000183,801,44,757
103000185,346,74,272
103000186,311,74,237
103000187,2489,170,2319
103000188,70,176,-106
103000189,918,966,-48
103000191,736,549,187
103000292,661,2905,-2244
103000293,1088,6546,-5458
103000295,75,206,-131
103000296,100,1,99
103000297,3,48,-45
103000504,105,22,83
103000505,5,24,-19
103000506,2,97,-95
103000507,312,2,310
103000508,60,81,-21
103000509,450,507,-57
103900001,13,26,-13
103900002,865,72,793
103900003,1146,237,909
103900004,234,1,233
103900005,0,122,-122
103900006,2,3,-1
103900007,161,2,159
103900008,55,0,55
103900009,647,179,468
103900010,410,110,300
103900011,919,63,856
103900012,19,77,-58
103900013,173,19,154
103900014,119,46,73
103900015,144,12,132
103900016,180,157,23
103900017,115,141,-26
103900018,329,84,245
103900019,30,428,-398
103900020,748,469,279
103900021,373,47,326
103900022,546,371,175
103900023,434,1,433
103900024,103,419,-316
103900025,7,18,-11
103900026,0,0,0
103900027,296,293,3
103900028,153,484,-331
103900029,1682,169,1513
103900030,486,268,218
103900031,105,5,100
103900032,151,161,-10
103900033,87,90,-3
103900034,88,19,69
103900035,165,21,144
103900036,97,137,-40
103900037,307,108,199
103900038,97,202,-105
103900039,389,132,257
103900040,14,97,-83
103900041,134,53,81
103900042,278,87,191
103900043,342,35,307
103900044,71,1151,-1080
103900045,576,153,423
103900047,240,32,208
103900048,14,155,-141
103900049,117,1426,-1309
103900050,82,353,-271
103900051,4,99,-95
103900052,277,653,-376
103900053,395,138,257
103900054,377,163,214
103900055,924,221,703
103900056,58,47,11
103900057,453,80,373
103900058,731,221,510
103900059,0,115,-115
103900060,130,102,28
103900061,423,20,403
103900062,1595,477,1118
103900063,4,0,4
103900064,378,7,371
103900065,233,299,-66
103900066,351,134,217
103900067,520,19,501
103900068,0,0,0
103900069,152,12,140
103900070,191,120,71
103900071,32,31,1
103900072,109,115,-6
103900073,70,86,-16
103900074,209,27,182
103900075,223,54,169
103900076,1283,258,1025
103900077,39,320,-281
103900078,603,139,464
103900079,138,292,-154
103900080,0,28,-28
103900081,27,33,-6
103900082,103,130,-27
103900083,2677,3616,-939
103900084,54,511,-457
103900085,77,121,-44
103900086,2808,338,2470
103900087,34,142,-108
103900088,244,578,-334
103900089,71,235,-164
103900090,11,153,-142
103900091,894,74,820
103900092,908,2191,-1283
103900093,160,743,-583
103900094,21,31,-10
103900095,231,977,-746
103900096,419,50,369
103900097,37,293,-256
103900098,609,159,450
103900099,803,83,720
103900100,476,127,349
103900101,563,1013,-450
103900102,0,63,-63
103900104,2,20,-18
103900105,15,55,-40
103900106,2,566,-564
103900107,308,26,282
103900108,41,103,-62
103900109,352,6,346
103900110,691,63,628
103900111,395,150,245
103900112,51,135,-84
103900113,227,269,-42
103900114,2112,303,1809
103900115,135,275,-140
103900116,1741,2536,-795
103900117,66,28,38
103900119,12,187,-175
103900120,58,76,-18
103900122,660,81,579
103900123,563,1410,-847
103900124,58,8,50
103900125,145,76,69
103900126,1047,131,916
103900127,250,207,43
103900128,207,56,151
103900131,13,78,-65
103900133,1270,33,1237
103900134,0,27,-27
103900135,2,0,2
103900137,0,1,-1
103900138,231,18,213
103900139,222,6174,-5952
103900140,8,630,-622
103900141,201,45,156
103900142,483,51,432
103900143,407,1,406
103900144,1,4,-3
103900145,183,238,-55
103900146,335,118,217
103900147,828,115,713
103900148,678,95,583
103900149,451,228,223
103900150,5113,9259,-4146
103900151,15,302,-287
103900152,2300,398,1902
103900153,11,3,8
103900154,295,3552,-3257
103900155,61,160,-99
103900156,101,51,50
103900157,458,60,398
103900158,589,64,525
103900159,688,25,663
103900160,65,46,19
103900161,39,145,-106
103900162,85,49,36
103900163,11,600,-589
103900164,472,15,457
103900167,5,172,-167
103900168,93,115,-22
103900169,52,98,-46
103900170,2,74,-72
103900171,1,24,-23
103900172,0,17,-17
103900173,33,36,-3
103900174,910,55,855
103900175,29,188,-159
103900176,15,51,-36
103900177,75,22,53
103900178,120,7,113
103900179,110,17,93
103900180,11,47,-36
103900181,5,126,-121
103900182,16,28,-12
103900184,299,62,237
103900185,90,1525,-1435
103900187,11,358,-347
103900188,233,162,71
103900189,170,26,144
103900190,284,56,228
103900191,83,85,-2
103900192,10,112,-102
103900193,19,78,-59
103900194,112,93,19
103900195,2,203,-201
103900196,124,227,-103
103900197,6,16,-10
103900198,27,41,-14
103900199,164,50,114
103900200,353,48,305
103900201,150,129,21
103900202,22,60,-38
103900203,42,77,-35
103900204,0,24,-24
103900207,4,16,-12
103900208,257,1,256
103900209,5,69,-64
103900210,69,51,18
103900211,1325,133,1192
103900212,351,116,235
103900213,6,531,-525
103900214,361,881,-520
103900215,154,615,-461
103900216,36,392,-356
103900217,673,53,620
103900218,0,639,-639
103900219,710,295,415
103900233,1142,145,997
103900235,65,587,-522
103900236,45,233,-188
103900242,3,6,-3
103900243,4,16,-12
103900244,176,140,36
103900245,295,69,226
103900246,56,113,-57
103900247,40,49,-9
103900248,2,116,-114
103900249,42,171,-129
103900250,249,142,107
103900251,2,118,-116
103900253,12,244,-232
103900254,48,135,-87
103900255,7,125,-118
103900256,37,46,-9
103900257,55,415,-360
103900258,60,29,31
103900259,34,119,-85
103900261,70,1,69
103900262,41,8,33
103900263,32,145,-113
103900264,31,7,24
103900265,21,2,19
103900266,0,356,-356
103900267,0,28,-28
104000001,5359,3484,1875
104000002,2523,2834,-311
104000003,3738,2432,1306
104000004,3220,2664,556
104000005,4147,2805,1342
104000006,4794,2491,2303
104000007,5807,4378,1429
104000008,438,464,-26
104000009,357,349,8
104000010,232,1143,-911
104000011,407,221,186
104000012,134,203,-69
104000013,427,784,-357
104000014,321,359,-38
104000015,843,345,498
104000016,388,272,116
104000018,1120,456,664
104000019,812,652,160
104000020,114,299,-185
104000021,606,282,324
104000022,478,535,-57
104000023,1759,751,1008
104000024,430,477,-47
104000026,105,199,-94
104000027,506,234,272
104000028,642,651,-9
104000029,474,411,63
104000030,525,634,-109
104000031,1931,376,1555
104000032,344,181,163
104000033,1213,689,524
104000034,394,196,198
104000035,1726,518,1208
104000036,1758,508,1250
104000037,337,136,201
104000038,756,481,275
104000039,262,189,73
104000040,181,848,-667
104000041,987,695,292
104000042,278,226,52
104000043,324,318,6
104000044,507,707,-200
104000045,1029,625,404
104000046,926,930,-4
104000047,935,713,222
104000048,1341,729,612
104000049,1269,501,768
104000050,248,959,-711
104000051,328,992,-664
104000052,3169,3095,74
104000053,1819,452,1367
104000054,1155,304,851
104000055,3752,2788,964
104000056,976,223,753
104000057,337,238,99
104000058,1757,1132,625
104000059,1441,1253,188
104000060,1841,1961,-120
104000061,1536,1183,353
104000062,423,160,263
104000064,1131,348,783
104000065,156,839,-683
104000069,522,2405,-1883
104000070,105,809,-704
104000071,246,268,-22
104000072,892,198,694
104000075,190,396,-206
104000076,798,62,736
104000082,2628,6399,-3771
104000083,788,270,518
104000084,253,423,-170
104000085,928,408,520
104000086,425,510,-85
104000087,400,2616,-2216
104000090,1861,735,1126
104000092,2560,1093,1467
104000094,1411,766,645
104000095,5190,1971,3219
104000096,4107,91,4016
104000097,4655,641,4014
104000098,6563,697,5866
104000100,3929,976,2953
104000101,2968,1860,1108
104000106,32,780,-748
104000107,968,193,775
104000108,335,285,50
104000109,585,325,260
104000110,993,1822,-829
104000111,2985,6852,-3867
104000112,769,510,259
104000116,6,700,-694
104000117,546,329,217
104000118,2805,205,2600
104000119,1419,345,1074
104000120,409,337,72
104000121,498,575,-77
104000122,1468,704,764
104000123,1183,732,451
104000124,365,1299,-934
104000125,2972,7835,-4863
104000126,892,681,211
104000127,2006,1697,309
104000128,938,179,759
104000129,61,0,61
104000130,0,568,-568
104000131,374,557,-183
104000132,613,683,-70
104000133,1780,896,884
104000134,1641,1886,-245
104000135,1021,1654,-633
104000136,965,3666,-2701
104000137,3215,539,2676
104000138,2275,396,1879
104000139,2977,3005,-28
104000141,963,504,459
104000142,1240,390,850
104000143,1284,412,872
104000144,387,398,-11
104000145,372,257,115
104000146,173,841,-668
104000147,251,439,-188
104000148,553,299,254
104000149,239,82,157
104000150,1594,712,882
104000151,528,223,305
104000152,1095,335,760
104000153,1402,907,495
104000154,559,194,365
104000155,655,1135,-480
104000157,2621,952,1669
104000158,173,594,-421
104000159,1133,842,291
104000160,2184,3377,-1193
104000161,308,198,110
104000162,219,164,55
104000165,1041,943,98
104000167,854,2197,-1343
104000168,1603,27,1576
104000169,435,110,325
104000170,274,368,-94
104000248,671,670,1
104000251,107,164,-57
104000272,0,0,0
104000273,0,0,0
104000274,0,0,0
104000275,0,0,0
104000279,769,606,163
104000290,166,580,-414
104000291,528,2126,-1598
104000293,2369,1798,571
104000294,208,2,206
104000295,1025,1189,-164
104000296,888,756,132
104000297,1274,2266,-992
104000298,2094,978,1116
104000299,1355,884,471
104900001,150,278,-128
104900002,175,443,-268
104900003,135,149,-14
104900004,118,77,41
104900005,828,361,467
104900006,1263,76,1187
104900007,997,108,889
104900009,267,198,69
104900010,111,22,89
104900011,18,38,-20
104900012,274,36,238
104900013,130,7,123
104900014,1720,392,1328
104900015,103,4,99
104900016,324,144,180
104900017,163,178,-15
104900018,6,121,-115
104900019,234,8540,-8306
104900020,38,325,-287
104900021,4,16,-12
104900022,56,576,-520
104900023,1,40,-39
104900024,53,453,-400
104900025,136,257,-121
104900026,0,50,-50
104900027,1064,402,662
104900028,81,186,-105
104900029,7,24,-17
104900030,920,216,704
104900031,46,298,-252
104900032,118,73,45
104900033,393,240,153
104900034,532,286,246
104900035,564,348,216
104900036,516,46,470
104900037,339,177,162
104900038,166,2483,-2317
104900039,452,538,-86
104900040,893,54,839
104900041,642,151,491
104900042,257,245,12
104900043,31,570,-539
104900044,1471,161,1310
104900045,441,71,370
104900046,1001,145,856
104900047,617,102,515
104900048,698,102,596
104900049,88,50,38
104900050,687,92,595
104900051,525,95,430
104900052,250,3,247
104900053,778,132,646
104900054,383,39,344
104900055,509,2,507
104900056,473,33,440
104900057,121,1,120
104900058,657,820,-163
104900059,187,47,140
104900060,2,442,-440
104900061,166,190,-24
104900063,0,334,-334
104900064,0,159,-159
104900065,3,571,-568
104900066,3,79,-76
104900067,21,473,-452
104900068,154,225,-71
104900070,115,224,-109
104900071,1,607,-606
104900072,113,193,-80
104900073,167,70,97
104900074,142,105,37
104900075,141,41,100
104900076,282,128,154
104900077,433,239,194
104900078,311,162,149
104900079,249,2135,-1886
104900080,205,174,31
104900082,1,243,-242
104900085,7,183,-176
104900087,540,12,528
104900089,581,4,577
104900090,2145,940,1205
104900091,725,526,199
104900093,253,362,-109
104900097,1642,6023,-4381
104900098,596,46,550
104900099,84,1375,-1291
104900100,639,172,467
104900102,85,111,-26
104900103,271,62,209
104900104,1987,2276,-289
104900106,599,210,389
104900107,136,197,-61
104900108,61,142,-81
104900109,211,297,-86
104900110,30,63,-33
104900111,667,95,572
104900112,813,341,472
104900113,1333,209,1124
104900114,1173,356,817
104900115,1822,214,1608
104900116,1010,175,835
104900118,36,101,-65
104900119,2,89,-87
104900120,12,1426,-1414
104900121,1,38,-37
104900122,2,38,-36
104900123,192,20,172
104900124,175,1,174
104900125,761,8,753
104900126,51,44,7
104900127,45,17,28
104900128,255,136,119
104900129,1253,5598,-4345
105000001,4821,1567,3254
105000002,3927,2987,940
105000003,3590,7196,-3606
105000004,2048,1652,396
105000005,2489,2304,185
105000006,1783,3960,-2177
105000007,2454,4567,-2113
105000008,1094,5590,-4496
105000009,4096,5589,-1493
105000010,3319,1400,1919
105000011,4501,4822,-321
105000012,2745,1973,772
105000013,1970,2218,-248
105000014,5535,5268,267
105000015,11388,22533,-11145
105000016,1054,1119,-65
105000017,1809,1197,612
105000018,614,2833,-2219
105000019,1354,1570,-216
105000020,88,855,-767
105000021,422,333,89
105000022,129,273,-144
105000023,1671,270,1401
105000028,19,57,-38
105000029,815,1940,-1125
105000030,4199,2250,1949
105000033,1511,1365,146
105000034,296,2042,-1746
105000037,950,338,612
105000038,1510,2419,-909
105000039,1034,1080,-46
105000040,1200,2278,-1078
105000041,394,840,-446
105000042,2689,1783,906
105000043,1058,1207,-149
105000044,1940,592,1348
105000045,578,437,141
105000046,1866,398,1468
105000047,818,369,449
105000048,1958,464,1494
105000049,464,613,-149
105000050,1410,820,590
105000051,196,399,-203
105000052,1193,1771,-578
105000053,265,158,107
105000054,767,1979,-1212
105000055,1149,292,857
105000056,2913,2476,437
105000057,2372,894,1478
105000058,1985,1329,656
105000059,1818,1196,622
105000060,864,505,359
105000061,2430,1211,1219
105000062,781,769,12
105000063,481,527,-46
105000064,4448,1413,3035
105000065,605,771,-166
105000066,1377,2019,-642
105000067,2509,1961,548
105000068,481,1488,-1007
105000069,2372,4710,-2338
105000070,907,2107,-1200
105000071,238,3408,-3170
105000072,1745,8947,-7202
105000073,1948,1598,350
105000074,678,643,35
105000075,1063,875,188
105000076,1777,1852,-75
105000077,3891,1350,2541
105000078,1043,1840,-797
105000079,1111,3178,-2067
105000080,2972,4217,-1245
105000081,1419,1675,-256
105000082,1036,2543,-1507
105000083,2660,4433,-1773
105000084,876,1032,-156
105000085,3319,3308,11
105000086,1276,1320,-44
105000087,4144,3446,698
105000088,2765,4498,-1733
105000089,2497,1755,742
105000090,755,513,242
105000091,768,943,-175
105000092,664,1309,-645
105000093,478,636,-158
105000094,326,278,48
105000095,344,1156,-812
105000096,2019,4181,-2162
105000097,554,986,-432
105000098,2290,3021,-731
105000099,920,2315,-1395
105000100,3182,1380,1802
105000101,3997,1693,2304
105000102,2817,1711,1106
105000103,1854,2457,-603
105000104,3816,1595,2221
105000105,1969,1789,180
105000106,3097,1510,1587
105000107,2889,997,1892
105000108,3080,1436,1644
105000109,4579,1401,3178
105000110,1553,632,921
105000111,2173,536,1637
105000112,1544,687,857
105000113,446,1415,-969
105000114,2016,2063,-47
105000115,440,3415,-2975
105000116,2019,1175,844
105000117,1044,550,494
105000118,2119,852,1267
105000119,965,854,111
105000120,3174,1030,2144
105000121,1660,550,1110
105000122,582,886,-304
105000123,785,637,148
105000124,3482,1174,2308
105000125,1794,1493,301
105000126,3250,2339,911
105000127,4522,2105,2417
105000128,1210,2157,-947
105000129,2204,633,1571
105000130,267,5358,-5091
105000131,575,229,346
105000132,2278,1512,766
105000133,661,904,-243
105000134,2484,635,1849
105000135,401,540,-139
105000136,34,63,-29
105000137,793,189,604
105000138,87,56,31
105000139,1027,458,569
105000140,471,382,89
105000141,715,362,353
105000142,462,432,30
105000143,314,581,-267
105000144,461,623,-162
105000145,1113,404,709
105000146,700,796,-96
105000147,949,683,266
105000148,937,1472,-535
105000149,4195,3063,1132
105000150,1370,953,417
105000151,1398,593,805
105000152,261,740,-479
105000153,1438,765,673
105000154,819,882,-63
105000155,563,632,-69
105000156,433,1025,-592
105000157,1040,1683,-643
105000158,4203,1089,3114
105000159,477,939,-462
105000160,4863,1109,3754
105000161,1103,1124,-21
105000162,1060,4437,-3377
105000163,1531,1661,-130
105000164,133,837,-704
105000165,1762,16244,-14482
105000166,7356,2629,4727
105000167,2025,5462,-3437
105000168,604,661,-57
105000169,1679,159,1520
105000170,654,1602,-948
105000171,2062,372,1690
105000172,647,59,588
105000173,600,47,553
105000174,164,46,118
105000175,219,110,109
105000176,1247,194,1053
105000177,771,483,288
105000178,575,339,236
105000179,1913,167,1746
105000180,461,145,316
105000181,398,200,198
105000182,86,48,38
105000183,3038,3874,-836
105000184,365,1284,-919
105000185,775,1440,-665
105000186,625,685,-60
105000187,1228,644,584
105000188,159,752,-593
105000189,90,829,-739
105000190,416,562,-146
105000191,551,594,-43
105000192,724,94,630
105000193,103,349,-246
105000194,1018,72,946
105000195,633,985,-352
105000196,78,377,-299
105000197,267,582,-315
105000198,437,148,289
105000199,92,651,-559
105000200,261,641,-380
105000201,140,82,58
105000203,77,128,-51
105000204,80,67,13
105000205,102,109,-7
105000207,314,72,242
105000208,292,523,-231
105000209,221,146,75
105000212,1811,669,1142
105000213,158,220,-62
105000214,139,335,-196
105000215,491,193,298
105000216,417,90,327
105000217,495,131,364
105000218,3672,1203,2469
105000221,289,470,-181
105000222,587,546,41
105000223,785,411,374
105000226,262,210,52
105000227,125,197,-72
105000228,102,2553,-2451
105000229,327,1444,-1117
105000231,713,316,397
105000233,1637,1124,513
105000234,498,811,-313
105000235,623,1069,-446
105000237,2750,208,2542
105000243,83,90,-7
105000248,69,137,-68
105000262,1060,442,618
105000269,290,178,112
105000270,1077,32,1045
105000271,0,250,-250
105000282,57,116,-59
105000287,355,158,197
105000288,1246,599,647
105000289,495,2307,-1812
105000290,48,15,33
105000402,2268,7508,-5240
105000426,320,664,-344
105000438,951,1327,-376
105000446,8333,4072,4261
105000447,2384,1426,958
105000454,1391,167,1224
105000455,257,112,145
105000474,266,2,264
105000477,1961,743,1218
105000478,3645,8711,-5066
105000479,209,380,-171
105000480,5145,10107,-4962
105000481,7128,7747,-619
105000482,2550,3205,-655
105000483,3223,5549,-2326
105000484,1946,2522,-576
105000485,1464,5082,-3618
105000486,2155,2618,-463
105000488,2838,1959,879
105000489,2671,1480,1191
105000549,149,497,-348
105000550,344,952,-608
105000551,30,124,-94
105000552,2825,1325,1500
105900001,17,3609,-3592
105900002,875,2043,-1168
105900003,7,270,-263
105900004,276,68,208
105900005,67,504,-437
105900006,26,296,-270
105900007,48,146,-98
105900008,211,200,11
105900009,50,34,16
105900011,210,44,166
105900012,778,86,692
105900013,6,55,-49
105900014,6,81,-75
105900015,133,405,-272
105900016,1340,283,1057
105900017,2888,35,2853
105900018,171,188,-17
105900019,236,314,-78
105900020,73,89,-16
105900021,65,704,-639
105900022,408,252,156
105900023,16,151,-135
105900024,6,437,-431
105900025,489,12,477
105900026,255,28,227
105900027,19107,5694,13413
105900028,228,737,-509
105900029,2576,418,2158
105900030,313,459,-146
105900031,714,179,535
105900032,237,117,120
105900033,187,240,-53
105900034,947,283,664
105900035,749,338,411
105900036,223,115,108
105900037,237,49,188
105900038,198,205,-7
105900039,347,89,258
105900040,224,96,128
105900041,178,216,-38
105900042,196,317,-121
105900043,1263,53,1210
105900044,6,845,-839
105900045,4,2436,-2432
105900046,1,291,-290
105900047,26,88,-62
105900048,263,548,-285
105900050,1671,10400,-8729
105900051,57,1421,-1364
105900052,2035,221,1814
105900053,3762,6014,-2252
105900054,291,355,-64
105900056,670,1006,-336
105900057,20,124,-104
105900058,32,41,-9
105900059,1,257,-256
106000001,2489,3381,-892
106000002,1007,3088,-2081
106000003,5107,6918,-1811
106000004,2001,2085,-84
106000005,6052,5625,427
106000006,5853,1822,4031
106000007,617,481,136
106000008,466,345,121
106000009,634,351,283
106000010,358,438,-80
106000011,2684,1386,1298
106000012,1282,1090,192
106000013,3314,2303,1011
106000014,2266,1623,643
106000015,3935,1685,2250
106000016,2008,1549,459
106000017,1064,1245,-181
106000018,924,793,131
106000019,795,623,172
106000020,494,500,-6
106000021,648,729,-81
106000022,527,415,112
106000023,1320,613,707
106000024,976,610,366
106000025,240,417,-177
106000026,180,192,-12
106000027,2586,2404,182
106000028,1180,382,798
106000029,906,884,22
106000030,301,850,-549
106000034,201,450,-249
106000035,1248,2469,-1221
106000036,189,502,-313
106000037,1806,1678,128
106000038,75,294,-219
106000039,110,227,-117
106000040,147,947,-800
106000041,826,544,282
106000043,470,329,141
106000046,551,89,462
106000047,43,539,-496
106000049,2027,224,1803
106000050,376,961,-585
106000051,1315,836,479
106000052,390,499,-109
106000053,775,205,570
106000054,542,390,152
106000055,1480,1155,325
106000056,585,352,233
106000057,870,371,499
106000058,373,172,201
106000059,653,536,117
106000060,748,446,302
106000061,294,1261,-967
106000062,252,435,-183
106000063,1344,1328,16
106000064,22,537,-515
106000065,769,314,455
106000066,180,689,-509
106000067,967,164,803
106000068,182,781,-599
106000069,770,139,631
106000070,476,711,-235
106000071,1081,342,739
106000072,4132,1631,2501
106000073,2122,8620,-6498
106000074,1119,1048,71
106000075,681,1615,-934
106000076,1923,2041,-118
106000077,2491,1026,1465
106000078,2322,810,1512
106000079,1639,1170,469
106000080,2063,726,1337
106000081,1630,1089,541
106000082,2285,691,1594
106000083,730,1387,-657
106000084,1119,547,572
106000085,1996,1405,591
106000086,809,747,62
106000087,1202,517,685
106000088,654,821,-167
106000089,1922,304,1618
106000090,678,704,-26
106000091,240,401,-161
106000092,1958,493,1465
106000093,882,187,695
106000094,85,314,-229
106000095,1609,1171,438
106000096,2178,707,1471
106000097,2203,1338,865
106000098,2005,864,1141
106000099,280,647,-367
106000100,2616,290,2326
106000101,1526,305,1221
106000102,129,572,-443
106000103,392,651,-259
106000104,1636,373,1263
106000105,677,696,-19
106000106,1439,425,1014
106000107,239,319,-80
106000108,639,162,477
106000109,289,127,162
106000110,887,150,737
106000111,212,179,33
106000112,550,1284,-734
106000113,810,485,325
106000114,839,1711,-872
106000115,473,404,69
106000116,509,304,205
106000117,1161,545,616
106000118,2362,1724,638
106000119,1295,674,621
106000120,1673,2625,-952
106000121,676,342,334
106000122,433,115,318
106000123,1494,139,1355
106000124,317,109,208
106000125,84,181,-97
106000126,757,130,627
106000127,2706,647,2059
106000128,2123,297,1826
106000129,1414,498,916
106000130,1857,594,1263
106000131,312,1283,-971
106000132,1314,343,971
106000133,2937,2843,94
106000134,920,6295,-5375
106000135,193,954,-761
106000136,1437,2919,-1482
106000137,99,1454,-1355
106000138,4588,127,4461
106000139,204,112,92
106000140,41,80,-39
106000141,173,55,118
106000142,226,111,115
106000143,32,31,1
106000144,68,179,-111
106000145,1104,168,936
106000146,816,200,616
106000147,772,573,199
106000148,592,709,-117
106000149,1243,479,764
106000150,1272,3128,-1856
106000151,4968,761,4207
106000152,1162,3658,-2496
106000153,148,2206,-2058
106000154,1346,207,1139
106000155,224,369,-145
106000156,2989,297,2692
106000157,1117,2486,-1369
106000158,1951,707,1244
106000159,3957,3844,113
106000160,1220,6726,-5506
106000161,1427,285,1142
106000162,570,2261,-1691
106000163,722,303,419
106000164,1344,342,1002
106000165,363,736,-373
106000166,2170,388,1782
106000167,720,1573,-853
106000168,1627,420,1207
106000169,532,513,19
106000170,2073,263,1810
106000171,271,1260,-989
106000172,3416,2150,1266
106000173,961,3870,-2909
106000174,1869,390,1479
106000175,268,585,-317
106000176,4162,1184,2978
106000177,1578,2253,-675
106000178,4326,1628,2698
106000179,935,1741,-806
106000180,1048,679,369
106000181,2693,1502,1191
106000182,3384,736,2648
106000183,3430,453,2977
106000184,2200,731,1469
106000185,3062,2509,553
106000186,547,57,490
106000187,79,2003,-1924
106000188,0,7,-7
106000189,15,60,-45
106000190,23,6,17
106000191,788,141,647
106000192,0,11,-11
106000193,500,292,208
106000194,200,574,-374
106000195,402,395,7
106000196,105,940,-835
106000197,1399,513,886
106000198,388,202,186
106000199,1028,1904,-876
106000200,618,330,288
106000201,510,10132,-9622
106000202,3829,866,2963
106000203,52,170,-118
106000204,135,3,132
106000205,24,139,-115
106000206,214,19,195
106000207,9,229,-220
106000208,3581,378,3203
106000209,3646,845,2801
106000210,578,758,-180
106000211,177,1335,-1158
106000212,1990,671,1319
106000213,296,1237,-941
106000214,1632,578,1054
106000215,572,589,-17
106000216,999,485,514
106000217,196,532,-336
106000218,335,259,76
106000219,278,244,34
106000220,780,176,604
106000221,580,115,465
106000222,190,96,94
106000223,881,237,644
106000224,629,108,521
106000225,265,233,32
106000226,86,246,-160
106000228,83,122,-39
106000229,237,637,-400
106000231,1943,125,1818
106000232,140,352,-212
106000233,817,106,711
106000234,86,613,-527
106000235,436,447,-11
106000236,135,500,-365
106000237,1,36,-35
106000238,4,55,-51
106000239,5,181,-176
106000240,46,11,35
106000241,26,848,-822
106000242,481,46,435
106000249,185,69,116
106000250,105,1155,-1050
106000251,322,19,303
106000252,33,124,-91
106000253,93,70,23
106000254,249,46,203
106000255,129,297,-168
106000256,171,32,139
106000257,167,231,-64
106000258,101,246,-145
106000259,3,332,-329
106000260,74,34,40
106000261,30,97,-67
106000262,144,62,82
106000263,50,101,-51
106000264,301,16,285
106000265,58,189,-131
106000266,221,51,170
106000267,22,155,-133
106000268,370,57,313
106000269,97,25,72
106000270,80,232,-152
106000271,110,150,-40
106000272,181,26,155
106000273,30,253,-223
106000274,230,20,210
106000275,369,222,147
106000276,179,19,160
106000277,176,203,-27
106000278,101,22,79
106000279,42,17,25
106000280,216,40,176
106000281,135,26,109
106000282,131,76,55
106000283,219,43,176
106000284,286,103,183
106000285,229,115,114
106000286,267,102,165
106000287,119,113,6
106000288,188,146,42
106000289,134,100,34
106000290,204,86,118
106000291,184,106,78
106000292,242,104,138
106000293,216,90,126
106000294,145,68,77
106000295,103,98,5
106000296,64,54,10
106000297,49,255,-206
106000298,86,142,-56
106000299,68,99,-31
106000300,67,118,-51
106000301,61,166,-105
106000303,58,65,-7
106000304,85,16,69
106000305,104,49,55
106000306,55,66,-11
106000307,322,14,308
106000308,77,117,-40
106000309,54,68,-14
106000310,524,273,251
106000311,765,188,577
106000312,222,208,14
106000313,561,155,406
106000318,71,494,-423
106000319,3174,580,2594
106000320,6,134,-128
106000321,198,358,-160
106000322,549,43,506
106000324,158,79,79
106000325,3373,1288,2085
106000326,1159,1326,-167
106000327,473,130,343
106000328,9,136,-127
106000329,83,440,-357
106000330,57,202,-145
106000428,120,303,-183
106000429,136,246,-110
106000430,402,1400,-998
106000431,3314,497,2817
106000432,978,2678,-1700
106000433,2806,1300,1506
106000434,5704,1360,4344
106000435,1371,2255,-884
106000436,3,207,-204
106000437,834,113,721
106000438,312,731,-419
106000439,120,1215,-1095
106000440,275,440,-165
106000441,2,0,2
106000442,676,21,655
106000443,543,161,382
106000450,1,108,-107
106000451,18,250,-232
106000454,2,180,-178
106000455,7,122,-115
106000456,157,51,106
106000457,63,618,-555
106000458,1926,103,1823
106000459,708,70,638
106000460,3208,44,3164
106000461,567,276,291
106000462,0,86,-86
106000463,2,8,-6
106000464,5,214,-209
106000465,1533,11,1522
106000466,1,279,-278
106000467,191,269,-78
106000468,275,195,80
106000469,172,5,167
106000470,220,3562,-3342
106000471,15,326,-311
106000472,286,16,270
106000473,81,4,77
106000474,393,529,-136
106000475,566,260,306
106000476,139,255,-116
106000477,6,14,-8
106900001,0,12,-12
106900002,15,153,-138
106900003,79,1193,-1114
106900004,0,24,-24
106900006,0,17,-17
106900007,0,23,-23
106900008,1276,102,1174
106900009,1012,246,766
106900010,577,431,146
106900012,2064,5843,-3779
106900013,1235,253,982
106900014,158,10,148
106900015,31,16,15
106900016,752,29,723
106900017,52,0,52
106900018,30,0,30
106900019,289,2,287
106900020,1859,4632,-2773
106900021,237,72,165
106900022,2531,11,2520
106900023,94,93,1
106900024,1130,84,1046
106900025,18,467,-449
106900026,1,150,-149
106900027,1875,7,1868
107000001,3587,5815,-2228
107000002,1652,1904,-252
107000003,13562,10407,3155
107000004,4563,1811,2752
107000005,13628,8767,4861
107000006,4072,1804,2268
107000007,9146,10521,-1375
107000008,4656,2944,1712
107000009,14401,9021,5380
107000010,6407,3771,2636
107000011,878,1442,-564
107000012,2763,2865,-102
107000013,158,27,131
107000014,152,87,65
107000015,505,364,141
107000016,1489,355,1134
107000017,914,2260,-1346
107000018,8,2099,-2091
107000020,838,1904,-1066
107000021,1469,587,882
107000022,1262,2578,-1316
107000023,2492,267,2225
107000024,563,2905,-2342
107000025,526,335,191
107000026,268,543,-275
107000027,2852,886,1966
107000028,1853,696,1157
107000029,6444,3639,2805
107000030,2651,1816,835
107000031,8777,4111,4666
107000032,352,884,-532
107000033,3127,5339,-2212
107000034,5255,1439,3816
107000035,808,417,391
107000036,538,2452,-1914
107000037,161,1007,-846
107000038,400,262,138
107000039,1551,1481,70
107000040,552,289,263
107000041,1325,1057,268
107000042,900,3146,-2246
107000043,2128,1018,1110
107000044,358,438,-80
107000045,94,539,-445
107000046,1093,525,568
107000047,584,1150,-566
107000048,897,548,349
107000049,503,983,-480
107000050,967,757,210
107000051,346,336,10
107000052,1499,2321,-822
107000053,566,686,-120
107000054,38,224,-186
107000055,158,178,-20
107000056,513,396,117
107000057,1239,143,1096
107000058,2680,4322,-1642
107000059,2704,2706,-2
107000060,8390,7608,782
107000061,5372,2846,2526
107000062,10226,5072,5154
107000063,4897,3230,1667
107000064,8219,6385,1834
107000065,3341,5523,-2182
107000066,2177,4355,-2178
107000067,2167,1887,280
107000068,759,1386,-627
107000069,1650,1131,519
107000070,1718,2,1716
107000071,6942,93,6849
107000072,10,1235,-1225
107000073,1840,1182,658
107000074,65,604,-539
107000075,3259,478,2781
107000076,320,745,-425
107000077,4468,979,3489
107000078,709,1402,-693
107000079,4640,1582,3058
107000080,480,1544,-1064
107000081,4627,972,3655
107000082,891,903,-12
107000083,2626,1332,1294
107000084,367,928,-561
107000085,4036,3756,280
107000086,3478,2370,1108
107000087,5325,4064,1261
107000088,3729,4401,-672
107000089,3129,4322,-1193
107000090,1767,1093,674
107000091,2834,1861,973
107000092,1413,971,442
107000093,2353,1830,523
107000094,1341,1137,204
107000095,2382,1133,1249
107000096,884,531,353
107000097,881,662,219
107000098,265,464,-199
107000099,743,826,-83
107000100,431,398,33
107000101,195,470,-275
107000102,267,352,-85
107000103,617,385,232
107000104,217,368,-151
107000105,1059,295,764
107000106,258,301,-43
107000107,1283,225,1058
107000108,248,578,-330
107000109,1921,332,1589
107000110,110,292,-182
107000111,1048,90,958
107000112,42,165,-123
107000113,1807,207,1600
107000114,52,434,-382
107000115,1413,1150,263
107000116,115,761,-646
107000117,248,3875,-3627
107000118,154,167,-13
107000119,2078,1937,141
107000120,900,1001,-101
107000121,1363,909,454
107000122,1269,709,560
107000123,1022,649,373
107000124,1112,489,623
107000125,1387,558,829
107000126,1566,222,1344
107000127,18,513,-495
107000129,195,150,45
107000130,502,490,12
107000131,376,330,46
107000132,1034,489,545
107000133,376,142,234
107000134,365,3,362
107000135,5,537,-532
107000136,765,15,750
107000137,10,505,-495
107000138,200,31,169
107000139,20,908,-888
107000140,2625,71,2554
107000141,78,1176,-1098
107000142,776,78,698
107000143,96,1278,-1182
107000144,916,929,-13
107000145,239,575,-336
107000146,242,521,-279
107000147,4742,721,4021
107000150,530,6800,-6270
107000151,10,73,-63
107000152,1184,3713,-2529
107000153,63,241,-178
107000154,12,331,-319
107000155,1642,42,1600
107000156,2092,20,2072
107000157,37,699,-662
107000158,1074,6,1068
107000159,8,485,-477
107000160,3649,289,3360
107000161,130,430,-300
107000162,508,1077,-569
107000163,517,7,510
107000164,1877,4,1873
107000165,2595,23,2572
107000166,146,256,-110
107000167,1553,386,1167
107000168,1676,776,900
107000169,288,391,-103
107000170,6139,1136,5003
107000171,866,1001,-135
107000172,2128,2870,-742
107000173,430,476,-46
107000174,2009,10252,-8243
107000175,4320,789,3531
107000176,0,1,-1
107000177,15,0,15
107000178,85,2,83
107000179,720,1054,-334
107000180,3504,216,3288
107000181,753,674,79
107000182,3887,814,3073
107000183,481,760,-279
107000184,2510,949,1561
107000185,491,1388,-897
107000186,1943,621,1322
107000187,1970,1735,235
107000188,1183,457,726
107000189,1403,992,411
107000190,1252,724,528
107000191,1290,1144,146
107000192,2513,760,1753
107000193,745,1026,-281
107000194,825,661,164
107000197,1371,542,829
107000198,404,702,-298
107000199,1295,927,368
107000200,1879,1236,643
107000201,467,554,-87
107000202,589,672,-83
107000203,563,1479,-916
107000204,643,1892,-1249
107000205,937,680,257
107000206,436,1308,-872
107000207,643,1206,-563
107000208,650,679,-29
107000209,638,1085,-447
107000210,110,166,-56
107000211,3,76,-73
107000212,5,131,-126
107000213,25,43,-18
107000214,39,102,-63
107000215,954,158,796
107000216,811,446,365
107000217,403,143,260
107000219,104,333,-229
107000220,144,119,25
107000222,453,312,141
107000224,863,302,561
107000225,313,267,46
107000226,890,322,568
107000227,175,150,25
107000228,281,920,-639
107000229,72,258,-186
107000230,1961,744,1217
107000231,516,1524,-1008
107000232,127,14,113
107000233,222,658,-436
107000234,2,145,-143
107000235,117,38,79
107000236,20,697,-677
107000237,109,0,109
107000238,61,3,58
107000239,2264,877,1387
107000240,527,313,214
107000241,68,4,64
107000242,241,23,218
107000243,0,85,-85
107000244,5,73,-68
107000246,0,494,-494
107000249,0,489,-489
107000251,1,243,-242
107000252,1,905,-904
107000255,447,432,15
107000257,0,942,-942
107000258,10,257,-247
107000259,16,219,-203
107000260,3664,36,3628
107000262,119,212,-93
107000263,795,11,784
107000266,39,40,-1
107000267,25,169,-144
107000268,312,64,248
107000269,123,11,112
107000270,231,105,126
107000271,1,0,1
107000272,144,1,143
107000273,1,254,-253
107000274,732,128,604
107000275,8,941,-933
107000280,2187,24,2163
107000281,44,404,-360
107000282,21,478,-457
107000290,7,43,-36
107000291,59,14,45
107000292,0,310,-310
107000293,10,4,6
107000294,1,171,-170
107000295,47,6,41
107000296,0,22,-22
107000444,342,3,339
107000496,25,7,18
107000497,1094,1527,-433
107000500,838,524,314
107000501,130,315,-185
107000502,390,905,-515
107000505,359,880,-521
107000506,0,21,-21
107000508,56,224,-168
107000509,158,914,-756
107000510,74,58,16
107000514,96,638,-542
107000515,37,49,-12
107000516,963,609,354
107000518,2884,4599,-1715
107000519,1361,505,856
107000520,188,175,13
107900001,193,47,146
107900002,129,7,122
107900003,1478,17,1461
107900004,646,7,639
107900005,4360,18,4342
107900006,338,9,329
107900007,548,68,480
107900008,26,8,18
107900009,193,23,170
107900010,137,11,126
107900012,597,97,500
107900013,279,35,244
107900014,242,20,222
107900015,3051,28,3023
107900016,515,103,412
107900017,130,1,129
107900018,54,468,-414
107900019,34,2,32
107900020,40,27,13
107900021,289,28,261
107900023,5,6,-1
107900024,0,2,-2
107900025,279,125,154
107900026,80,17,63
107900027,4,113,-109
107900028,566,26,540
107900030,440,63,377
107900031,172,118,54
107900032,46,7,39
107900033,42,43,-1
107900034,432,26,406
107900035,3113,158,2955
107900036,88,33,55
107900037,0,3,-3
107900038,78,606,-528
107900039,38,12,26
107900040,7,302,-295
107900041,2,2,0
107900043,180,132,48
107900044,19,32,-13
107900045,171,69,102
107900046,333,460,-127
107900047,95,21,74
107900048,534,73,461
107900049,498,2000,-1502
107900050,49,365,-316
107900051,88,31,57
107900052,6,83,-77
107900053,126,94,32
107900055,688,458,230
107900056,125,214,-89
107900057,11,0,11
107900058,16,700,-684
107900060,14,143,-129
107900061,2,16,-14
107900063,138,238,-100
107900064,238,912,-674
107900065,1000,25,975
107900066,16,13,3
107900067,1,0,1
107900068,123,940,-817
107900069,22,4835,-4813
107900070,193,262,-69
107900071,26,359,-333
107900072,355,56,299
107900073,209,145,64
107900074,150,563,-413
107900076,310,183,127
107900077,162,10,152
107900078,161,120,41
107900079,35,29,6
107900080,92,915,-823
107900081,71,47,24
107900082,3,7,-4
107900083,506,265,241
107900084,292,247,45
107900086,13,399,-386
107900087,388,103,285
107900088,151,30,121
107900089,238,884,-646
107900090,351,3915,-3564
107900091,172,151,21
107900092,1460,168,1292
107900093,93,89,4
107900095,1279,1352,-73
107900097,85,127,-42
107900098,165,438,-273
107900100,461,2356,-1895
107900101,414,60,354
107900102,114,6,108
107900103,160,152,8
107900104,316,3,313
107900105,15,173,-158
107900106,7,337,-330
107900107,946,430,516
107900108,226,46,180
107900109,3637,69,3568
107900110,190,58,132
107900111,1,219,-218
107900112,72,841,-769
107900113,296,62,234
107900114,393,73,320
107900115,0,11,-11
107900116,420,64,356
107900117,360,259,101
107900118,44,186,-142
107900119,162,359,-197
107900120,71,30,41
107900121,5,183,-178
107900122,2,157,-155
107900123,30,134,-104
107900124,4,71,-67
107900125,5,219,-214
107900126,115,198,-83
107900127,539,354,185
107900128,93,118,-25
107900129,299,15,284
107900130,219,19,200
107900131,94,306,-212
107900132,30,267,-237
107900133,0,22,-22
107900134,48,79,-31
107900135,3,25,-22
107900136,28,18,10
107900137,140,149,-9
107900138,227,30,197
107900139,142,38,104
107900140,122,107,15
107900141,40,31,9
107900142,36,473,-437
107900143,40,10,30
107900144,2,55,-53
107900145,5,48,-43
107900146,58,171,-113
107900147,66,41,25
107900148,195,359,-164
107900149,620,45,575
107900150,20,330,-310
107900151,62,36,26
107900152,3,129,-126
107900153,69,374,-305
107900154,45,75,-30
107900155,131,134,-3
107900156,15,67,-52
107900157,36,88,-52
107900158,2282,89,2193
107900159,31,382,-351
107900160,218,81,137
107900161,230,45,185
107900162,0,66,-66
107900163,13,90,-77
107900164,72,124,-52
107900165,10,457,-447
107900166,85,65,20
107900167,8,67,-59
107900168,192,38,154
107900169,0,1594,-1594
107900171,20,488,-468
107900172,0,234,-234
107900173,93,35,58
107900174,263,1,262
107900175,20,171,-151
107900176,118,12,106
107900177,1,105,-104
107900178,0,125,-125
107900179,48,136,-88
107900180,379,1566,-1187
107900181,336,510,-174
107900182,8,369,-361
107900183,134,51,83
107900184,267,231,36
107900185,254,20,234
107900186,53,35,18
107900187,0,117,-117
107900188,437,77,360
107900189,43,124,-81
107900190,21,152,-131
107900191,76,239,-163
107900193,3,107,-104
107900194,299,30,269
107900195,1384,169,1215
107900196,111,48,63
107900197,216,369,-153
107900199,0,424,-424
107900201,205,123,82
107900203,104,61,43
107900204,230,393,-163
107900205,235,303,-68
107900206,221,718,-497
107900207,3,275,-272
107900208,2,186,-184
107900209,330,109,221
107900210,34,71,-37
107900213,646,561,85
107900214,22,310,-288
107900215,194,644,-450
107900216,14,30,-16
107900217,74,53,21
107900218,9,867,-858
107900219,84,41,43
107900220,49,168,-119
107900221,233,272,-39
107900223,267,119,148
107900224,213,591,-378
107900225,3,448,-445
107900226,45,46,-1
107900227,150,377,-227
107900228,76,221,-145
107900229,0,104,-104
107900230,52,37,15
107900231,33,58,-25
107900232,458,85,373
107900233,23,50,-27
107900234,427,154,273
107900235,68,188,-120
107900236,714,114,600
107900237,14,383,-369
107900238,111,21,90
107900239,445,865,-420
107900240,76,68,8
107900241,13,30,-17
107900242,67,215,-148
107900243,1,22,-21
107900244,441,7,434
107900245,1387,65,1322
107900246,343,25,318
107900248,854,144,710
107900249,1860,267,1593
107900250,0,269,-269
107900251,92,786,-694
107900252,1217,60,1157
107900253,388,37,351
107900254,96,353,-257
107900255,123,48,75
107900256,679,1076,-397
107900257,612,242,370
107900258,158,53,105
107900259,43,5888,-5845
107900261,1,195,-194
107900262,86,105,-19
107900264,568,37,531
107900265,138,98,40
107900267,730,29,701
107900268,23,0,23
107900269,0,7,-7
107900270,1,2,-1
107900271,1,70,-69
107900272,17,31,-14
107900273,105,25,80
107900274,132,0,132
107900275,69,0,69
107900276,0,8,-8
107900277,0,27,-27
107900278,892,168,724
107900279,7,67,-60
107900280,2409,1253,1156
107900281,1292,11394,-10102
107900282,30,1516,-1486
107900283,1033,1738,-705
107900284,1375,568,807
107900285,249,28,221
107900286,30,50,-20
107900287,661,159,502
107900290,4,862,-858
107900291,861,31,830
107900292,291,105,186
107900293,184,270,-86
107900295,171,58,113
107900297,8,482,-474
107900298,775,607,168
107900299,3458,3945,-487
107900300,128,590,-462
107900301,1271,1107,164
107900302,190,44,146
107900303,733,235,498
107900304,1005,76,929
107900305,442,37,405
107900306,3,60,-57
107900307,12,272,-260
107900308,214,245,-31
107900309,56,0,56
107900310,66,2,64
107900311,3,477,-474
107900312,48,1,47
107900313,0,198,-198
107900314,0,156,-156
107900315,1,47,-46
107900316,16,2,14
107900317,100,10,90
107900318,2,236,-234
107900319,7,41,-34
107900320,2,59,-57
107900321,363,25,338
107900322,2,53,-51
107900323,27,48,-21
107900324,205,11,194
107900325,297,6,291
107900326,1218,81,1137
107900327,3,207,-204
107900328,21,1,20
107900329,32,403,-371
107900330,8,84,-76
107900331,825,66,759
107900332,667,12,655
107900333,164,36,128
107900334,9,33,-24
107900335,23,88,-65
107900336,35,127,-92
107900337,553,1335,-782
107900338,6,146,-140
107900339,0,19,-19
107900340,0,116,-116
107900341,104,0,104
107900342,85,61,24
107900343,15,1,14
107900344,3,115,-112
107900345,123,58,65
107900346,23,4,19
107900347,17,4,13
107900348,0,6,-6
107900349,97,1,96
107900350,28,240,-212
108000001,6282,4941,1341
108000002,1547,1355,192
108000003,4050,4684,-634
108000004,10156,10369,-213
108000005,9316,7709,1607
108000006,3835,4306,-471
108000007,8338,7339,999
108000008,3631,4532,-901
108000009,8868,7402,1466
108000010,2745,4794,-2049
108000011,16581,13423,3158
108000012,9417,9179,238
108000014,596,1648,-1052
108000015,1399,270,1129
108000016,449,426,23
108000017,1955,422,1533
108000018,2713,1084,1629
108000019,1141,933,208
108000020,1554,567,987
108000021,314,1444,-1130
108000022,576,985,-409
108000023,2961,437,2524
108000024,611,222,389
108000025,777,177,600
108000026,1146,288,858
108000027,1475,238,1237
108000028,1020,330,690
108000029,961,411,550
108000030,697,325,372
108000031,183,858,-675
108000032,4156,956,3200
108000033,724,614,110
108000034,3125,688,2437
108000035,640,1504,-864
108000036,519,816,-297
108000037,4265,418,3847
108000038,5451,567,4884
108000039,695,1280,-585
108000040,3513,1316,2197
108000041,472,2022,-1550
108000042,758,144,614
108000043,385,263,122
108000044,1116,111,1005
108000045,452,219,233
108000046,3140,500,2640
108000047,464,520,-56
108000048,109,174,-65
108000049,1345,223,1122
108000050,136,242,-106
108000051,643,415,228
108000052,206,333,-127
108000053,766,424,342
108000054,289,1173,-884
108000055,1435,1000,435
108000056,594,1458,-864
108000057,1104,1964,-860
108000058,2353,6898,-4545
108000059,2251,1397,854
108000060,351,757,-406
108000061,82,247,-165
108000062,1977,889,1088
108000063,672,615,57
108000064,505,342,163
108000065,843,396,447
108000066,2977,1883,1094
108000067,4099,1256,2843
108000068,1490,946,544
108000069,209,662,-453
108000070,3486,1425,2061
108000071,633,1280,-647
108000072,2262,1269,993
108000073,965,1110,-145
108000074,1035,862,173
108000075,352,443,-91
108000076,1624,730,894
108000077,608,543,65
108000078,3842,968,2874
108000079,515,768,-253
108000080,2961,709,2252
108000081,1097,659,438
108000082,619,1377,-758
108000083,2995,1054,1941
108000084,573,1051,-478
108000085,2263,978,1285
108000086,422,450,-28
108000087,209,3634,-3425
108000088,561,22,539
108000089,511,637,-126
108000090,1136,295,841
108000091,169,412,-243
108000092,560,282,278
108000093,522,494,28
108000094,1860,259,1601
108000095,250,459,-209
108000096,945,348,597
108000097,245,508,-263
108000098,4317,1574,2743
108000099,399,98,301
108000100,145,321,-176
108000101,1834,1911,-77
108000102,1975,4038,-2063
108000106,1201,7,1194
108000107,1,924,-923
108000108,1090,122,968
108000109,11,466,-455
108000110,1010,534,476
108000111,423,1083,-660
108000112,50,287,-237
108000113,492,237,255
108000115,428,433,-5
108000117,585,568,17
108000118,46,640,-594
108000119,725,254,471
108000120,399,1354,-955
108000121,453,381,72
108000122,1608,548,1060
108000123,1141,201,940
108000124,501,428,73
108000125,1168,227,941
108000126,328,339,-11
108000127,1531,343,1188
108000128,1407,220,1187
108000129,518,633,-115
108000130,838,524,314
108000131,826,215,611
108000132,478,618,-140
108000133,1691,409,1282
108000134,598,324,274
108000135,1706,1010,696
108000136,478,480,-2
108000137,819,225,594
108000138,628,515,113
108000139,993,209,784
108000140,836,33,803
108000141,147,24,123
108000142,113,42,71
108000143,91,9,82
108000144,192,9,183
108000145,155,17,138
108000146,183,16,167
108000147,48,12,36
108000148,158,35,123
108000149,83,17,66
108000150,119,11,108
108000151,9,30,-21
108000152,180,228,-48
108000153,1490,232,1258
108000154,76,3,73
108000155,83,49,34
108000156,382,222,160
108000157,385,3339,-2954
108000158,157,1577,-1420
108000159,234,344,-110
108000160,1858,2050,-192
108000161,2222,7772,-5550
108000165,2,729,-727
108000172,2,571,-569
108000173,640,3482,-2842
108000175,738,139,599
108000178,360,298,62
108000179,152,1319,-1167
108000181,104,15,89
108000182,105,15,90
108000183,7,13,-6
108000184,776,4918,-4142
108000185,658,300,358
108000186,479,81,398
108000187,286,306,-20
108000188,1834,125,1709
108000189,452,2569,-2117
108000190,42,92,-50
108000192,522,128,394
108000193,382,23,359
108000194,45,13,32
108000195,1,889,-888
108000196,408,274,134
108000197,247,89,158
108000198,911,106,805
108000199,1,465,-464
108000200,1225,232,993
108000202,1,413,-412
108000203,366,290,76
108000204,224,88,136
108000205,123,218,-95
108000339,1137,642,495
108000364,92,316,-224
108000365,86,184,-98
108000367,226,222,4
108000368,21,67,-46
108000369,413,103,310
108000371,0,452,-452
108000372,1183,8,1175
108000373,264,92,172
108000376,196,27,169
108000377,1361,101,1260
108000378,11351,18676,-7325
108000379,33,361,-328
108000381,285,16,269
108000382,73,0,73
108000383,0,215,-215
108900001,16,327,-311
108900002,396,66,330
108900003,176,540,-364
108900004,3,805,-802
108900005,84,495,-411
108900006,1325,269,1056
108900007,591,242,349
108900008,283,124,159
108900009,262,329,-67
108900010,694,185,509
108900011,1495,265,1230
108900012,783,356,427
108900013,295,606,-311
108900014,75,158,-83
108900015,1,244,-243
108900016,0,183,-183
108900017,157,710,-553
108900018,283,482,-199
108900019,60,405,-345
108900020,57,124,-67
108900021,217,106,111
108900022,182,26,156
108900023,2,139,-137
108900024,101,26,75
108900025,550,55,495
108900026,31,20,11
108900027,0,35,-35
108900028,182,92,90
108900029,128,211,-83
108900030,1,12,-11
108900031,499,116,383
108900032,14,85,-71
108900033,0,92,-92
108900034,0,23,-23
108900035,577,405,172
108900036,307,306,1
108900037,50,187,-137
108900038,0,57,-57
108900039,0,56,-56
108900040,18,33,-15
108900041,5853,4006,1847
108900042,7,437,-430
108900043,39,927,-888
108900044,1,137,-136
108900045,146,115,31
108900046,11,198,-187
108900047,5,135,-130
108900048,131,241,-110
108900049,1285,4573,-3288
108900050,7,62,-55
108900051,0,48,-48
108900052,73,41,32
108900053,209,980,-771
108900054,56,85,-29
108900055,45,233,-188
108900056,1,27,-26
108900057,2,49,-47
108900058,81,96,-15
108900059,2212,112,2100
108900060,138,173,-35
108900061,69,21,48
108900062,2,181,-179
108900063,18,168,-150
108900064,800,15,785
108900065,45,111,-66
108900066,726,161,565
108900067,2,198,-196
108900068,0,56,-56
108900069,301,17,284
108900070,52,55,-3
108900071,275,55,220
108900072,1575,218,1357
108900073,17,49,-32
108900074,1067,70,997
108900075,6,40,-34
108900076,860,30,830
108900077,84,120,-36
108900078,91,41,50
108900079,250,265,-15
108900080,11,1744,-1733
108900081,66,340,-274
108900082,200,33,167
108900083,26,466,-440
108900084,259,155,104
108900085,1713,171,1542
108900086,435,75,360
108900087,103,286,-183
108900088,839,571,268
108900089,23,171,-148
108900090,219,66,153
108900091,116,147,-31
108900092,667,452,215
108900093,159,97,62
108900094,588,309,279
108900095,22,232,-210
108900096,393,19,374
108900097,450,182,268
108900098,1631,2697,-1066
108900099,773,184,589
108900100,79,92,-13
108900101,406,879,-473
108900102,16,2223,-2207
108900103,187,349,-162
108900104,80,365,-285
108900105,4,3501,-3497
108900106,834,171,663
108900108,393,42,351
108900109,127,109,18
108900110,328,217,111
108900111,844,214,630
108900112,586,36,550
108900113,44,112,-68
108900114,1,14,-13
108900115,261,207,54
108900116,165,25,140
108900117,460,30,430
108900118,1566,46,1520
108900119,918,36,882
108900120,308,378,-70
108900121,390,163,227
108900122,453,60,393
108900123,512,146,366
108900124,1658,236,1422
108900125,1681,19,1662
108900126,305,99,206
108900127,430,51,379
108900128,444,91,353
108900129,2236,223,2013
108900130,1647,5,1642
108900131,760,18,742
108900132,1014,107,907
108900133,764,63,701
108900134,1345,213,1132
108900135,745,45,700
108900136,58,2,56
108900137,541,8,533
108900138,2034,145,1889
108900139,1300,137,1163
108900140,1360,62,1298
108900141,1233,31,1202
108900142,160,29,131
108900143,189,7,182
108900144,394,1,393
108900145,864,90,774
108900146,285,7,278
108900147,607,1,606
108900148,164,20,144
108900149,823,696,127
108900150,371,4,367
108900151,46,14,32
108900152,173,242,-69
108900153,514,81,433
108900154,8691,480,8211
108900155,580,94,486
108900156,252,29,223
108900157,37,313,-276
108900158,1177,58,1119
108900159,55,86,-31
108900160,21,114,-93
108900161,47,274,-227
108900162,497,8,489
108900163,4,421,-417
108900164,167,75,92
108900165,110,60,50
108900167,1154,17893,-16739
108900168,4459,2706,1753
108900169,97,151,-54
108900171,4058,5406,-1348
108900172,251,129,122
108900173,123,466,-343
108900174,1791,542,1249
108900176,155,315,-160
108900177,3527,13935,-10408
108900178,3180,8445,-5265
108900179,335,3025,-2690
108900180,99,346,-247
108900182,123,742,-619
108900183,283,485,-202
108900184,645,356,289
108900185,155,811,-656
108900186,141,548,-407
108900187,1226,60,1166
108900188,1594,110,1484
108900189,546,126,420
108900190,101,2478,-2377
108900191,205,248,-43
108900192,185,190,-5
108900193,36,40,-4
108900194,3,318,-315
108900195,119,158,-39
108900196,115,295,-180
108900198,3,253,-250
108900199,226,403,-177
108900200,917,747,170
108900201,461,1063,-602
108900203,740,128,612
108900204,612,19,593
108900205,445,52,393
108900206,895,166,729
108900207,481,550,-69
108900208,12,441,-429
108900209,113,714,-601
108900210,134,146,-12
108900211,284,811,-527
108900212,76,2568,-2492
108900215,92,366,-274
108900216,231,631,-400
108900217,117,5,112
108900218,63,26,37
108900219,56,3,53
108900220,79,28,51
108900221,22,36,-14
108900222,539,15,524
108900223,3,97,-94
108900224,90,127,-37
108900225,1,236,-235
108900226,823,64,759
108900227,309,618,-309
108900230,64,236,-172
108900231,8,109,-101
108900232,1,143,-142
108900233,867,174,693
108900234,350,207,143
108900235,248,385,-137
108900236,41,494,-453
108900237,42,59,-17
108900240,309,91,218
108900241,177,39,138
108900245,1,4301,-4300
108900249,226,41,185
108900250,873,111,762
108900257,442,257,185
108900258,11,94,-83
108900259,25,30,-5
108900260,7,23,-16
108900261,55,42,13
108900262,81,206,-125
108900263,60,318,-258
108900264,168,306,-138
108900265,1008,838,170
108900266,153,2923,-2770
108900267,4,644,-640
108900268,19,73,-54
108900269,335,48,287
108900270,381,41,340
108900271,130,103,27
108900272,796,56,740
108900273,391,1315,-924
108900274,72,36,36
109000001,4565,4165,400
109000002,757,3135,-2378
109000003,4838,715,4123
109000004,664,2135,-1471
109000005,3069,759,2310
109000006,1170,1830,-660
109000007,3747,1033,2714
109000008,795,1575,-780
109000009,4865,1740,3125
109000010,744,2676,-1932
109000011,7178,2876,4302
109000012,1883,2854,-971
109000013,7675,7222,453
109000014,2191,2296,-105
109000015,5042,18247,-13205
109000016,5076,2225,2851
109000017,4871,1678,3193
109000018,1648,2118,-470
109000019,3975,1644,2331
109000020,1312,2446,-1134
109000023,482,17,465
109000024,3,278,-275
109000025,242,1050,-808
109000026,931,324,607
109000027,166,505,-339
109000028,160,77,83
109000029,153,635,-482
109000030,20,395,-375
109000031,437,195,242
109000032,141,605,-464
109000033,673,294,379
109000034,45,78,-33
109000035,26,78,-52
109000036,56,410,-354
109000037,570,4628,-4058
109000038,346,343,3
109000039,1484,1107,377
109000040,4793,23362,-18569
109000041,1518,4003,-2485
109000042,668,2548,-1880
109000044,657,161,496
109000045,102,472,-370
109000046,866,177,689
109000047,126,405,-279
109000048,538,570,-32
109000049,297,822,-525
109000050,455,523,-68
109000051,257,215,42
109000052,1007,455,552
109000053,720,87,633
109000054,251,379,-128
109000055,455,426,29
109000056,663,541,122
109000057,1168,596,572
109000058,398,145,253
109000059,197,1395,-1198
109000060,166,539,-373
109000061,493,2996,-2503
109000062,296,542,-246
109000063,314,204,110
109000064,765,160,605
109000065,431,211,220
109000066,957,84,873
109000067,170,197,-27
109000068,873,44,829
109000069,974,33,941
109000070,139,1004,-865
109000071,652,106,546
109000072,136,324,-188
109000073,114,139,-25
109000074,8,219,-211
109000075,89,360,-271
109000076,69,348,-279
109000077,483,193,290
109000078,66,135,-69
109000079,181,74,107
109000080,416,86,330
109000081,263,476,-213
109000082,1434,170,1264
109000083,581,615,-34
109000088,208,254,-46
109000089,536,142,394
109000090,133,302,-169
109000091,783,199,584
109000092,355,330,25
109000093,468,191,277
109000094,1576,7,1569
109000095,339,335,4
109000096,1746,276,1470
109000097,76,113,-37
109000098,146,146,0
109000099,1181,167,1014
109000100,530,418,112
109000101,3043,452,2591
109000102,955,423,532
109000103,1155,607,548
109000104,4467,403,4064
109000105,826,685,141
109000106,3096,672,2424
109000107,979,1330,-351
109000108,3700,819,2881
109000109,867,1275,-408
109000110,2234,678,1556
109000111,958,1710,-752
109000112,570,105,465
109000113,304,407,-103
109000114,156,500,-344
109000115,1330,14,1316
109000116,16,363,-347
109000117,473,34,439
109000118,6,241,-235
109000119,3006,120,2886
109000120,825,635,190
109000121,1122,32,1090
109000122,328,330,-2
109000123,35,29,6
109000124,1665,400,1265
109000125,1429,433,996
109000126,594,540,54
109000127,2442,148,2294
109000128,906,715,191
109000129,5650,727,4923
109000130,514,761,-247
109000131,1060,913,147
109000132,498,1231,-733
109000133,260,622,-362
109000134,696,1352,-656
109000135,630,1368,-738
109000136,449,260,189
109000137,575,570,5
109000138,702,194,508
109000139,1142,565,577
109000140,367,269,98
109000141,1120,418,702
109000142,276,622,-346
109000143,217,148,69
109000145,102,193,-91
109000146,42,84,-42
109000148,2476,2804,-328
109000149,25,77,-52
109000150,88,361,-273
109000155,1476,937,539
109000156,1424,340,1084
109000158,65,241,-176
109000159,133,649,-516
109000160,2440,215,2225
109000161,978,1407,-429
109000162,3488,577,2911
109000163,2425,1516,909
109000164,2371,1905,466
109000165,2771,598,2173
109000166,2300,148,2152
109000167,186,492,-306
109000170,42,55,-13
109000171,262,33,229
109000172,34,49,-15
109000173,23,288,-265
109000174,409,28,381
109000175,80,132,-52
109000176,925,295,630
109000177,47,160,-113
109000178,976,44,932
109000179,3425,9287,-5862
109000180,4107,3517,590
109000181,35,14,21
109000182,116,14,102
109000183,139,43,96
109000184,68,3,65
109000185,74,27,47
109000188,355,1886,-1531
109000189,4578,1979,2599
109000190,1105,455,650
109000191,449,489,-40
109000192,1048,169,879
109000193,566,86,480
109000194,520,69,451
109000195,489,115,374
109000196,440,65,375
109000197,376,221,155
109000198,504,68,436
109000199,213,395,-182
109000206,337,50,287
109000207,427,35,392
109000208,213,264,-51
109000209,203,100,103
109000210,286,468,-182
109000211,532,284,248
109000214,623,109,514
109000215,166,55,111
109000216,522,554,-32
109000217,158,168,-10
109000218,404,406,-2
109000221,164,604,-440
109000222,887,228,659
109000223,1081,656,425
109000224,100,41,59
109000225,344,30,314
109000226,83,169,-86
109000227,3251,496,2755
109000228,2,769,-767
109000231,0,99,-99
109000232,1381,104,1277
109000236,466,453,13
109000241,1973,1057,916
109000242,1713,733,980
109000293,71,106,-35
109000361,48,213,-165
109000364,136,539,-403
109000396,8,267,-259
109000397,1287,61,1226
109000399,187,317,-130
109000400,167,200,-33
109000403,35,1497,-1462
109000406,725,19,706
109000407,284,185,99
109000408,3,331,-328
109000410,920,299,621
109000411,364,6,358
109900001,242,4,238
109900002,1548,13,1535
109900003,828,2,826
109900004,335,132,203
109900005,32,1,31
109900006,922,128,794
109900007,2318,106,2212
109900008,0,29,-29
109900009,155,247,-92
109900010,1191,30,1161
109900011,35,56,-21
109900012,566,662,-96
109900013,502,228,274
109900014,525,110,415
109900015,141,48,93
109900016,164,8,156
109900017,362,231,131
109900018,339,27,312
109900019,331,98,233
109900020,96,34,62
109900021,81,13,68
109900022,85,221,-136
109900023,29,9,20
109900024,32,3,29
109900025,10,63,-53
109900026,1,79,-78
109900027,69,57,12
109900028,522,3155,-2633
109900029,5,110,-105
109900030,37,24,13
109900031,3,853,-850
109900032,4,193,-189
109900033,2,648,-646
109900034,27,1,26
109900035,112,233,-121
109900036,20,33,-13
109900037,32,304,-272
109900038,150,335,-185
109900039,2,0,2
109900040,54,296,-242
109900041,70,228,-158
109900042,38,718,-680
109900044,114,251,-137
109900045,153,15,138
109900046,82,116,-34
109900047,144,273,-129
109900048,1,80,-79
109900049,17,30,-13
109900050,0,21,-21
109900051,1,3,-2
109900052,108,173,-65
109900053,1,58,-57
109900054,1639,149,1490
109900055,184,195,-11
109900056,46,419,-373
109900057,1,76,-75
109900058,1,63,-62
109900059,2203,90,2113
109900060,1654,86,1568
109900061,60,193,-133
109900062,1,125,-124
109900063,8,591,-583
109900064,1170,139,1031
109900065,83,98,-15
109900066,256,564,-308
109900067,1,132,-131
109900068,128,8,120
109900069,50,51,-1
109900070,72,119,-47
109900071,31,25,6
109900072,32,85,-53
109900073,1092,131,961
109900074,14,13,1
109900075,52,49,3
109900076,23,62,-39
109900077,47,35,12
109900078,140,185,-45
109900080,312,86,226
109900081,13,346,-333
109900082,200,148,52
109900083,37,41,-4
109900084,15,188,-173
109900085,134,316,-182
109900086,182,1386,-1204
109900087,67,453,-386
109900089,1365,206,1159
109900090,253,814,-561
109900091,803,109,694
109900092,354,63,291
109900093,1837,189,1648
109900094,151,117,34
109900095,91,185,-94
109900096,263,20,243
109900097,257,1,256
109900098,848,60,788
109900099,655,3,652
109900100,106,1,105
109900101,1710,16,1694
109900102,726,15,711
109900103,56,81,-25
109900104,1824,115,1709
109900105,891,43,848
109900106,639,21,618
109900107,895,47,848
109900108,184,168,16
109900109,76,386,-310
109900110,42,207,-165
109900111,81,337,-256
109900112,162,227,-65
109900113,1261,565,696
109900114,903,2421,-1518
109900115,228,140,88
109900117,2426,134,2292
109900118,244,280,-36
109900119,199,549,-350
109900120,122,43,79
109900121,322,314,8
109900122,1300,9,1291
109900123,11,57,-46
109900124,27,111,-84
109900125,0,159,-159
109900126,680,22,658
109900128,653,53,600
109900130,3644,5890,-2246
109900131,113,172,-59
109900132,42,73,-31
109900133,143,255,-112
109900134,48,160,-112
109900135,223,20,203
109900136,65,107,-42
109900137,348,351,-3
109900138,865,206,659
109900140,317,113,204
109900141,1112,229,883
109900142,3188,298,2890
109900145,9,878,-869
109900146,185,64,121
109900148,48,88,-40
109900149,34,35,-1
109900150,64,77,-13
109900151,12,21,-9
109900152,0,36,-36
109900153,2,192,-190
109900154,41,0,41
109900155,79,33,46
109900157,58,124,-66
109900158,69,143,-74
109900159,210,52,158
109900160,163,38,125
109900161,442,80,362
109900162,538,120,418
109900163,424,188,236
109900164,56,284,-228
109900165,519,2,517
109900166,0,93,-93
109900167,222,286,-64
109900168,129,476,-347
109900169,255,154,101
109900170,307,2414,-2107
109900171,568,78,490
109900172,503,472,31
109900173,2235,3277,-1042
109900174,50,218,-168
109900175,133,159,-26
109900176,373,134,239
109900177,52,74,-22
109900178,2,245,-243
109900179,4,26,-22
109900180,20,14,6
110000001,766,615,151
110000002,648,869,-221
110000003,662,859,-197
110000004,532,751,-219
110000005,370,2745,-2375
110000006,302,371,-69
110000007,182,94,88
110000008,16,355,-339
110000009,72,46,26
110000010,68,188,-120
110000011,59,66,-7
110000012,629,249,380
110000013,82,1053,-971
110000014,704,422,282
110000015,370,980,-610
110000016,529,2124,-1595
110000017,3945,451,3494
110000018,3137,383,2754
110000019,18,123,-105
110000020,1320,396,924
110000021,224,472,-248
110000022,2171,126,2045
110000023,8,160,-152
110000024,564,387,177
110000025,1725,6,1719
110000026,2,235,-233
110000027,788,2615,-1827
110000028,1538,598,940
110000029,729,483,246
110000030,567,609,-42
110000031,365,301,64
110000032,1809,222,1587
110000033,284,451,-167
110000034,953,500,453
110000035,880,601,279
110000036,2488,624,1864
110000037,405,497,-92
110000038,415,1034,-619
110000039,1446,9926,-8480
110000040,347,333,14
110000041,394,3074,-2680
110000042,78,671,-593
110000043,925,522,403
110000044,49,1019,-970
110000045,443,212,231
110000046,6,135,-129
110000047,8,162,-154
110000048,8,118,-110
110000049,3,27,-24
110000050,9,230,-221
110000051,27,6,21
110000052,67,29,38
110000053,24,14,10
110000054,118,1607,-1489
110000055,244,200,44
110000056,100,246,-146
110000057,513,439,74
110000058,1378,537,841
110000059,963,610,353
110000060,1942,1242,700
110000061,564,872,-308
110000062,731,1127,-396
110000063,87,403,-316
110000064,99,50,49
110000065,246,280,-34
110000066,127,35,92
110000067,163,172,-9
110000068,487,57,430
110000069,959,40,919
110000071,1024,57,967
110000073,34,5,29
110000075,23,113,-90
110000076,584,870,-286
110000077,435,2186,-1751
110000078,243,16,227
110000080,236,350,-114
110000081,45,284,-239
110000082,16,405,-389
110000083,345,339,6
110000084,1960,1527,433
110000085,728,1189,-461
110000086,901,3528,-2627
110000087,47,90,-43
110000088,209,260,-51
110000089,642,84,558
110000090,142,284,-142
110000091,950,163,787
110000092,35,51,-16
110000093,103,30,73
110000094,806,202,604
110000095,251,997,-746
110000096,1342,2908,-1566
110000097,1142,2471,-1329
110000098,2801,939,1862
110000099,1255,1584,-329
110000100,2672,216,2456
110000101,164,147,17
110000102,133,32,101
110000104,648,288,360
110000105,20,224,-204
110000106,776,572,204
110000107,119,348,-229
110000108,184,228,-44
110000109,268,371,-103
110000110,2196,4101,-1905
110000111,3995,3686,309
110000112,157,1264,-1107
110000113,35,3761,-3726
110000114,600,844,-244
110000115,722,317,405
110000116,137,57,80
110000117,742,287,455
110000118,1190,107,1083
110000119,780,342,438
110000120,646,199,447
110000121,89,510,-421
110000122,387,257,130
110000123,774,436,338
110000124,0,437,-437
110000125,1237,21,1216
110000126,305,12,293
110000127,1946,95,1851
110000128,20,629,-609
110000129,3,283,-280
110000130,482,404,78
110000131,70,198,-128
110000132,3,443,-440
110000133,37,446,-409
110000134,10,429,-419
110000135,318,64,254
110000136,102,288,-186
110000137,1129,645,484
110000138,1438,679,759
110000139,2295,486,1809
110000140,1255,960,295
110000143,694,371,323
110000144,1922,2096,-174
110000145,1869,1676,193
110000146,1604,1443,161
110000147,475,1321,-846
110000148,1072,286,786
110000151,605,2242,-1637
110000152,486,869,-383
110000153,588,14,574
110000154,69,69,0
110000155,886,2401,-1515
110000156,958,1778,-820
110000157,1232,2519,-1287
110000160,514,256,258
110000161,314,260,54
110000166,1486,105,1381
110000167,2638,771,1867
110000168,1195,941,254
110000169,1316,481,835
110000170,397,69,328
110000171,1225,121,1104
110000172,714,564,150
110000173,731,656,75
110000174,215,640,-425
110000175,1740,146,1594
110000176,70,1217,-1147
110000177,278,2238,-1960
110000178,612,4298,-3686
110000179,1272,363,909
110000180,680,362,318
110000181,1852,467,1385
110000182,438,107,331
110000183,7480,12228,-4748
110000184,432,5568,-5136
110000185,597,737,-140
110000186,663,878,-215
110000191,2061,104,1957
110000192,995,41,954
110000193,2085,11,2074
110000194,4,555,-551
110000195,931,74,857
110000196,1139,58,1081
110000197,184,36,148
110000198,102,44,58
110000199,70,213,-143
110000200,666,592,74
110000201,1462,2507,-1045
110000202,1365,624,741
110000203,441,585,-144
110000204,5,264,-259
110000205,475,45,430
110000206,507,726,-219
110000207,2402,314,2088
110000208,274,437,-163
110000209,74,533,-459
110000210,2273,677,1596
110000211,1271,803,468
110000212,837,1981,-1144
110000213,618,49,569
110000214,882,87,795
110000215,183,210,-27
110000216,218,135,83
110000217,1154,188,966
110000218,353,117,236
110000219,740,90,650
110000220,72,81,-9
110000221,1198,26,1172
110000222,105,129,-24
110000223,35,157,-122
110000224,2,5,-3
110000225,261,788,-527
110000226,542,44,498
110000227,970,1307,-337
110000228,581,139,442
110000229,0,121,-121
110000230,732,708,24
110000231,521,514,7
110000232,239,270,-31
110000233,217,1186,-969
110000234,616,1321,-705
110000235,1527,1112,415
110000236,1141,377,764
110000237,3573,1848,1725
110000238,1237,1501,-264
110000239,2815,1001,1814
110000240,0,19,-19
110000242,0,8,-8
110000243,419,31,388
110000244,184,296,-112
110000245,19,335,-316
110000246,1429,464,965
110000247,1094,3058,-1964
110000248,1196,851,345
110000249,264,10,254
110000250,12,126,-114
110000251,622,195,427
110000252,794,276,518
110000253,2437,426,2011
110000254,823,599,224
110000255,193,549,-356
110000256,609,227,382
110000257,515,247,268
110000258,7,653,-646
110000259,460,43,417
110000260,111,149,-38
110000263,718,19,699
110000264,1008,350,658
110000265,1703,2024,-321
110000266,1135,2462,-1327
110000267,45,87,-42
110000268,375,278,97
110000269,1,113,-112
110000270,247,6,241
110000271,2022,266,1756
110000272,1541,1249,292
110000273,1524,1063,461
110000274,327,4656,-4329
110000275,2077,1018,1059
110000276,357,1196,-839
110000277,475,434,41
110000278,673,543,130
110000279,810,604,206
110000280,1148,718,430
110000281,108,242,-134
110000282,170,29,141
110000283,16,106,-90
110000284,2,21,-19
110000285,6,478,-472
110000286,2,0,2
110000287,218,13,205
110000288,21,117,-96
110000289,658,4124,-3466
110000290,499,879,-380
110000291,3878,969,2909
110000292,1067,10350,-9283
110000293,969,595,374
110000294,2301,2129,172
110000295,248,782,-534
110000296,1254,399,855
110000297,3200,295,2905
110000298,112,429,-317
110000299,156,85,71
110000301,674,30,644
110000302,616,1317,-701
110000303,766,13,753
110000304,213,169,44
110000305,2283,39,2244
110000306,433,837,-404
110000307,3327,10,3317
110000308,1063,14,1049
110000309,3,815,-812
110000310,1249,32,1217
110000311,3,592,-589
110000312,603,82,521
110000313,2246,1781,465
110000314,0,150,-150
110000315,1822,1764,58
110000316,573,1066,-493
110000317,161,1528,-1367
110000318,1,54,-53
110000319,9,18,-9
110000320,38,55,-17
110000321,25,55,-30
110000322,435,472,-37
110000323,977,272,705
110000324,2561,1426,1135
110000325,1754,6594,-4840
110000327,544,320,224
110000328,167,496,-329
110000333,1770,1880,-110
110000334,478,1540,-1062
110000335,917,640,277
110000336,635,1521,-886
110000337,2922,934,1988
110000338,675,430,245
110000339,758,323,435
110000340,32,276,-244
110000341,938,442,496
110000342,122,6,116
110000343,0,27,-27
110000344,73,638,-565
110000345,183,756,-573
110000346,1489,2373,-884
110000347,1633,772,861
110000348,39,16,23
110000349,11,22,-11
110000350,186,3,183
110000351,2278,635,1643
110000352,983,2474,-1491
110000353,3064,430,2634
110000354,1542,6192,-4650
110000355,269,56,213
110000356,821,23,798
110000357,1076,30,1046
110000361,133,20,113
110000362,295,39,256
110000363,1705,89,1616
110000364,756,386,370
110000365,240,1,239
110000366,2,248,-246
110000367,914,268,646
110000368,4,129,-125
110000369,177,6,171
110000373,0,520,-520
110000374,133,50,83
110000375,104,1272,-1168
110000376,32,65,-33
110000377,60,493,-433
110000378,19,635,-616
110000379,2109,3704,-1595
110000380,250,14,236
110000383,0,866,-866
110000384,1000,413,587
110000385,2,264,-262
110000387,314,0,314
110000388,89,163,-74
110000389,1395,4,1391
110000391,1971,254,1717
110000396,409,59,350
110000397,232,64,168
110000398,17,61,-44
110000399,427,1,426
110000587,286,231,55
110000589,330,77,253
110000640,279,22,257
110000652,22,820,-798
110000653,658,364,294
110000654,2,203,-201
110000656,1,235,-234
110000674,68,30,38
110000675,49,38,11
110000676,0,57,-57
110000679,70,982,-912
110000682,135,288,-153
110000683,198,353,-155
110000684,0,76,-76
110000685,24,30,-6
110000686,1,174,-173
110000687,17,5,12
110000688,72,1843,-1771
110000689,114,23,91
110000692,22,256,-234
110000693,19,576,-557
110000694,1,131,-130
110000695,151,963,-812
110000696,61,87,-26
110900001,738,82,656
110900002,515,752,-237
110900003,2441,173,2268
110900004,1079,50,1029
110900005,1784,8250,-6466
110900006,112,101,11
110900007,449,189,260
110900008,4,22,-18
110900009,523,696,-173
110900010,12,37,-25
110900011,37,95,-58
110900012,9,46,-37
110900013,1758,141,1617
110900014,342,51,291
110900015,294,821,-527
110900016,87,79,8
110900017,998,77,921
110900018,699,44,655
110900019,746,21,725
110900020,377,186,191
110900021,168,314,-146
110900022,109,96,13
110900023,90,558,-468
110900024,90,205,-115
110900025,39,50,-11
110900027,78,95,-17
110900028,61,60,1
110900029,15,132,-117
110900030,27,86,-59
110900031,0,100,-100
110900032,0,32,-32
110900033,25,176,-151
110900035,18,701,-683
110900036,230,8,222
110900037,343,15,328
110900038,543,162,381
110900039,2,358,-356
110900040,473,10,463
110900041,41,37,4
110900042,215,102,113
110900043,1,50,-49
110900044,200,32,168
110900045,151,196,-45
110900046,21,81,-60
110900047,265,866,-601
110900049,197,136,61
110900050,97,0,97
110900051,30,105,-75
110900052,2,178,-176
110900053,278,9,269
110900054,40,188,-148
110900055,32,0,32
110900056,23,108,-85
110900057,3,126,-123
110900058,674,154,520
110900059,505,210,295
110900060,385,184,201
110900061,2,44,-42
110900062,399,78,321
110900063,49,93,-44
110900064,13,0,13
110900065,70,109,-39
110900066,8,37,-29
110900067,188,998,-810
110900068,394,230,164
110900069,14,10,4
110900070,383,67,316
110900071,141,1660,-1519
110900073,0,8,-8
110900074,932,176,756
110900075,881,102,779
110900077,2366,483,1883
110900078,365,8,357
110900079,627,1477,-850
110900080,249,89,160
110900081,32,6,26
110900082,337,104,233
110900083,233,49,184
110900084,220,29,191
110900085,147,191,-44
110900086,99,486,-387
110900087,655,217,438
110900088,19,0,19
110900090,110,190,-80
110900091,1,25,-24
110900093,310,147,163
110900095,198,29,169
110900097,84,14,70
110900098,58,101,-43
110900099,44,301,-257
110900100,0,10,-10
110900102,126,20,106
110900105,2004,120,1884
110900108,60,50,10
110900111,799,98,701
110900112,923,7,916
110900113,305,213,92
110900115,14,54,-40
110900116,2076,651,1425
110900118,80,5880,-5800
110900119,1485,143,1342
110900120,384,38,346
110900121,135,2,133
110900122,962,282,680
110900125,580,1234,-654
110900127,234,1923,-1689
110900128,60,335,-275
110900129,313,1291,-978
110900130,287,406,-119
110900131,650,171,479
110900132,838,108,730
110900133,88,277,-189
110900135,58,230,-172
110900136,512,20,492
110900137,4,0,4
110900138,377,932,-555
110900139,2,393,-391
110900140,8,0,8
110900141,7,428,-421
110900142,88,164,-76
110900143,405,37,368
110900144,1,219,-218
110900145,335,212,123
110900146,101,655,-554
110900147,64,366,-302
110900148,1,197,-196
110900149,8,115,-107
110900150,20,8,12
110900151,29,45,-16
110900152,61,42,19
110900153,303,50,253
111000001,691,1061,-370
111000002,202,543,-341
111000003,3028,1781,1247
111000004,1525,1465,60
111000005,2359,2666,-307
111000006,1185,3294,-2109
111000007,6153,7582,-1429
111000008,4907,5530,-623
111000009,648,1608,-960
111000010,1662,313,1349
111000011,86,508,-422
111000012,248,231,17
111000013,596,762,-166
111000014,2097,640,1457
111000017,35,750,-715
111000018,127,387,-260
111000020,554,1065,-511
111000021,47,88,-41
111000023,229,78,151
111000025,3029,4995,-1966
111000029,186,141,45
111000030,46,88,-42
111000031,1752,943,809
111000032,718,390,328
111000033,401,141,260
111000034,59,164,-105
111000037,1481,496,985
111000038,1948,2458,-510
111000039,1975,2326,-351
111000040,1950,1278,672
111000041,558,570,-12
111000042,3055,2815,240
111000043,3156,8715,-5559
111000044,2743,944,1799
111000045,4974,2677,2297
111000046,3877,2270,1607
111000047,3468,9448,-5980
111000049,383,491,-108
111000050,1180,594,586
111000051,800,781,19
111000052,688,1264,-576
111000053,258,637,-379
111000054,379,610,-231
111000055,1181,1652,-471
111000056,260,873,-613
111000057,253,218,35
111000058,1182,90,1092
111000059,1158,487,671
111000060,8409,1163,7246
111000061,1324,554,770
111000062,1859,915,944
111000063,1618,1568,50
111000064,1565,651,914
111000065,2201,1052,1149
111000066,1319,570,749
111000067,2062,439,1623
111000068,1308,468,840
111000069,1530,1855,-325
111000070,458,433,25
111000071,321,192,129
111000072,2063,968,1095
111000073,265,1687,-1422
111000074,2270,1655,615
111000075,797,660,137
111000076,1217,841,376
111000077,1161,978,183
111000078,1958,589,1369
111000079,985,887,98
111000080,992,684,308
111000081,1861,6824,-4963
111000082,1401,468,933
111000084,1493,641,852
111000085,1453,975,478
111000086,2076,1062,1014
111000087,1119,499,620
111000088,6082,6136,-54
111000089,1034,625,409
111000090,613,926,-313
111000091,1017,302,715
111000092,3176,850,2326
111000093,1621,1444,177
111000094,2822,1642,1180
111000095,1564,4491,-2927
111000096,1002,11697,-10695
111000097,3102,909,2193
111000098,449,770,-321
111000099,525,1151,-626
111000100,802,934,-132
111000101,438,757,-319
111000102,402,548,-146
111000104,1476,253,1223
111000107,85,660,-575
111000109,1369,271,1098
111000110,2495,716,1779
111000111,6483,452,6031
111000112,3830,421,3409
111000113,711,3100,-2389
111000114,1295,7772,-6477
111000115,3597,1537,2060
111000116,1274,1016,258
111000117,276,974,-698
111000118,1037,982,55
111000119,2667,891,1776
111000120,1072,838,234
111000121,402,1169,-767
111000122,552,745,-193
111000123,1815,1642,173
111000124,554,2256,-1702
111000125,387,970,-583
111000126,94,599,-505
111000127,2043,219,1824
111000128,5054,474,4580
111000129,5568,770,4798
111000130,4987,675,4312
111000131,5724,596,5128
111000132,2929,2680,249
111000133,322,104,218
111000134,457,68,389
111000135,52,156,-104
111000136,744,349,395
111000138,55,9,46
111000140,9,0,9
111000141,279,594,-315
111000142,4,141,-137
111000143,9,249,-240
111000144,5,650,-645
111000145,57,9,48
111000146,137,13,124
111000147,111,25,86
111000148,495,103,392
111000149,16,21,-5
111000150,62,9,53
111000151,25,41,-16
111000153,620,370,250
111000154,425,251,174
111000155,214,166,48
111000156,1028,460,568
111000157,330,603,-273
111000158,1043,705,338
111000159,3377,1218,2159
111000160,544,239,305
111000161,11,484,-473
111000162,5,86,-81
111000163,1684,936,748
111000164,524,3887,-3363
111000165,715,256,459
111000166,375,192,183
111000167,165,276,-111
111000168,287,369,-82
111000169,513,240,273
111000170,320,238,82
111000171,418,558,-140
111000172,233,326,-93
111000173,254,786,-532
111000174,367,227,140
111000175,52,313,-261
111000176,932,34,898
111000177,1575,188,1387
111000178,2652,151,2501
111000179,697,112,585
111000180,313,394,-81
111000181,3511,201,3310
111000182,450,133,317
111000183,244,316,-72
111000184,531,202,329
111000185,678,367,311
111000186,422,301,121
111000187,272,148,124
111000188,894,478,416
111000189,266,301,-35
111000190,241,178,63
111000191,263,180,83
111000192,162,173,-11
111000193,404,79,325
111000194,69,160,-91
111000195,127,154,-27
111000196,98,54,44
111000197,1157,131,1026
111000198,1134,75,1059
111000199,627,359,268
111000200,1161,619,542
111000201,1611,80,1531
111000202,888,131,757
111000203,760,356,404
111000204,444,2422,-1978
111000213,405,500,-95
111000214,1721,1158,563
111000215,1056,982,74
111000217,2404,726,1678
111000218,2594,932,1662
111000219,326,221,105
111000220,1355,762,593
111000221,381,235,146
111000224,0,115,-115
111000225,915,140,775
111000226,136,4,132
111000227,17,5,12
111000228,11,1101,-1090
111000229,49,2189,-2140
111000230,393,172,221
111000231,1485,400,1085
111000232,1619,721,898
111000233,2712,580,2132
111000234,352,1300,-948
111000239,153,68,85
111000240,121,649,-528
111000241,111,144,-33
111000242,637,87,550
111000243,369,268,101
111000244,1410,129,1281
111000245,1207,462,745
111000246,1111,198,913
111000247,1101,314,787
111000248,1165,286,879
111000249,803,193,610
111000250,101,39,62
111000251,199,58,141
111000253,45,21,24
111000255,63,5,58
111000257,110,21,89
111000260,70,620,-550
111000261,2539,184,2355
111000271,44,282,-238
111000273,4571,1463,3108
111000274,2095,4608,-2513
111000275,332,24,308
111000276,359,975,-616
111000277,420,305,115
111000278,501,230,271
111000291,2780,21289,-18509
111000298,674,274,400
111000299,1376,205,1171
111000300,61,567,-506
111000302,643,93,550
111000303,278,160,118
111000312,108,59,49
111000315,0,64,-64
111000320,213,307,-94
111000321,727,221,506
111000322,859,146,713
111000323,515,91,424
111000324,422,144,278
111000325,38,63,-25
111000326,263,147,116
111000327,485,310,175
111000328,542,884,-342
111000329,0,26,-26
111000330,154,13,141
111000331,29,4,25
111000332,576,1037,-461
111000334,223,941,-718
111000335,2158,255,1903
111000337,3075,254,2821
111000338,132,77,55
111000339,1529,239,1290
111000340,142,564,-422
111000341,2839,1879,960
111000342,74,737,-663
111000344,2004,508,1496
111000345,274,50,224
111000346,18,147,-129
111000347,353,4,349
111000350,113,84,29
111000351,140,337,-197
111000352,353,129,224
111000353,212,120,92
111000354,877,203,674
111000355,625,517,108
111000358,205,679,-474
111000360,376,232,144
111000361,337,89,248
111000546,1806,595,1211
111000547,677,458,219
111000548,388,276,112
111000549,374,236,138
111000550,24,1496,-1472
111000551,213,113,100
111000552,557,136,421
111000907,106,1,105
111000908,272,1,271
111000916,4194,214,3980
111000917,75,325,-250
111000918,263,374,-111
111000920,1198,19,1179
111000921,23,74,-51
111000922,1521,170,1351
111000924,41,359,-318
111000925,6822,2713,4109
111000926,1320,906,414
111000927,2636,6322,-3686
111000928,3599,1365,2234
111000929,2910,1422,1488
111000930,1315,1473,-158
111000931,3276,2061,1215
111000932,2271,1364,907
111000933,3922,5051,-1129
111000934,1090,1601,-511
111000935,4227,1517,2710
111000936,1267,1155,112
111000937,1629,2094,-465
111000938,1235,772,463
111000939,1503,48,1455
111000940,1701,61,1640
111000941,512,287,225
111000943,947,190,757
111000944,197,206,-9
111000945,305,1158,-853
111001109,655,1524,-869
111001110,227,432,-205
111001111,272,14,258
111001112,71,0,71
111001113,4,1005,-1001
111001114,923,178,745
111001115,36,2128,-2092
111001116,2430,9854,-7424
111001117,522,3766,-3244
111001120,159,215,-56
111001121,162,88,74
111001122,95,54,41
111900001,93,62,31
111900002,227,193,34
111900003,2,132,-130
111900004,11,21,-10
111900006,22,103,-81
111900007,697,12,685
111900008,894,7,887
111900009,686,31,655
111900010,38,423,-385
111900012,50,71,-21
111900013,18,17,1
111900014,2331,11990,-9659
111900015,0,28,-28
111900016,0,43,-43
111900017,20,38,-18
111900018,234,4,230
111900019,6,206,-200
111900020,10,36,-26
111900021,20,69,-49
111900022,5,43,-38
111900023,96,42,54
111900024,1,146,-145
111900025,1,120,-119
111900026,0,34,-34
111900027,5,40,-35
111900028,1,46,-45
111900029,29,22,7
111900030,53,453,-400
111900031,63,64,-1
111900032,1,49,-48
111900033,49,45,4
111900034,30,272,-242
111900035,105,392,-287
111900036,1,52,-51
111900038,103,243,-140
111900039,33,217,-184
111900040,2,108,-106
111900042,20,59,-39
111900043,0,73,-73
111900044,105,209,-104
111900046,13,147,-134
111900048,795,205,590
111900049,13,159,-146
111900050,329,40,289
111900051,2,28,-26
111900052,88,213,-125
111900053,475,4561,-4086
111900054,546,3,543
111900055,186,160,26
111900056,144,557,-413
111900057,360,21,339
111900058,1525,278,1247
111900059,1243,1398,-155
111900060,655,5,650
111900061,3,59,-56
111900062,152,137,15
111900063,560,117,443
111900064,28,83,-55
111900065,506,54,452
111900066,339,173,166
111900067,5,198,-193
111900068,63,218,-155
111900069,179,31,148
111900070,425,105,320
111900071,0,130,-130
111900072,86,129,-43
111900073,2407,491,1916
111900074,2,181,-179
111900075,97,23,74
111900076,773,198,575
111900077,68,7,61
111900078,1006,95,911
111900079,82,98,-16
111900080,145,128,17
111900081,358,215,143
111900082,457,106,351
111900083,628,101,527
111900084,274,13,261
111900085,119,116,3
111900086,111,27,84
111900087,155,3,152
111900088,1704,73,1631
111900089,201,2,199
111900090,80,211,-131
111900091,1484,24,1460
111900092,248,3,245
111900093,1405,68,1337
111900094,368,1,367
111900095,972,76,896
111900096,513,8,505
111900097,232,0,232
111900098,1146,35,1111
111900099,190,0,190
111900100,255,15,240
111900101,140,11,129
111900102,1612,465,1147
111900103,81,185,-104
111900104,157,55,102
111900105,260,750,-490
111900106,467,11,456
111900107,22,153,-131
111900108,131,524,-393
111900109,252,1157,-905
111900110,2146,443,1703
111900111,493,32,461
111900112,317,8839,-8522
111900113,322,59,263
111900114,162,73,89
111900115,9,12,-3
111900118,454,108,346
111900119,384,132,252
111900122,65,68,-3
111900123,13,50,-37
111900124,15,14,1
111900125,1109,170,939
111900126,948,6,942
111900127,10,195,-185
111900128,29,211,-182
111900129,532,7,525
111900130,314,208,106
111900131,1289,4,1285
111900132,33,344,-311
111900133,7,166,-159
111900134,10,160,-150
111900135,19,67,-48
111900136,92,135,-43
111900137,27,12,15
111900138,68,49,19
111900139,12,30,-18
111900140,200,66,134
111900141,178,18,160
111900142,150,30,120
111900143,163,72,91
111900144,0,23,-23
111900145,0,128,-128
111900146,0,47,-47
111900147,46,449,-403
111900148,12,412,-400
111900149,15,152,-137
111900150,31,64,-33
111900151,6,95,-89
111900152,101,136,-35
111900153,541,941,-400
111900154,35,1213,-1178
111900155,111,267,-156
111900156,150,100,50
111900157,254,43,211
111900158,1404,112,1292
111900159,962,145,817
111900160,778,7,771
111900161,668,2,666
111900162,302,551,-249
111900163,28,139,-111
111900164,123,57,66
111901113,1326,39,1287
111901114,643,524,119
111901115,767,8,759
111901116,235,7,228
111901117,31,232,-201
111901118,20,1257,-1237
111901119,285,62,223
111901120,28,109,-81
111901121,24,47,-23
111901122,3,67,-64
111901123,1056,104,952
111901124,773,38,735
111901125,1761,130,1631
111901126,336,216,120
111901127,793,3212,-2419
111901128,16,93,-77
111901129,6,207,-201
111901130,6,173,-167
111901131,0,180,-180
111901132,175,68,107
111901133,229,13,216
111901134,361,7,354
111901135,40,26,14
111901136,85,35,50
111901137,1,50,-49
111901138,13,24,-11
111901139,7,11,-4
111901140,0,34,-34
111901141,16,64,-48
111901142,7,35,-28
111901143,3,148,-145
111901144,63,86,-23
112000001,3765,1081,2684
112000002,1308,2459,-1151
112000003,5575,1579,3996
112000004,1712,492,1220
112000005,5622,6417,-795
112000006,787,605,182
112000007,7458,4644,2814
112000008,5853,5879,-26
112000009,3924,1440,2484
112000010,7172,7046,126
112000011,1966,1307,659
112000012,5337,6876,-1539
112000013,1716,3377,-1661
112000014,1042,5123,-4081
112000015,1169,3884,-2715
112000016,3382,5357,-1975
112000017,466,6073,-5607
112000024,739,242,497
112000026,2322,1558,764
112000027,1102,907,195
112000028,769,1121,-352
112000029,1014,864,150
112000030,276,37,239
112000031,2088,4712,-2624
112000032,98,16,82
112000033,1744,5234,-3490
112000034,71,20,51
112000035,42,1477,-1435
112000036,273,2117,-1844
112000037,962,1129,-167
112000038,1205,1929,-724
112000039,128,55,73
112000040,51,163,-112
112000041,349,453,-104
112000042,1349,230,1119
112000050,1800,1466,334
112000051,1983,5151,-3168
112000054,1898,1812,86
112000057,1042,195,847
112000058,256,339,-83
112000059,891,723,168
112000061,3285,714,2571
112000062,544,2043,-1499
112000063,265,4139,-3874
112000064,3520,3034,486
112000065,1071,1885,-814
112000066,4243,1703,2540
112000067,484,813,-329
112000068,4177,3357,820
112000069,622,2815,-2193
112000070,1981,1465,516
112000071,1479,2268,-789
112000072,3917,1169,2748
112000073,1389,3611,-2222
112000074,1059,2387,-1328
112000075,1306,2091,-785
112000076,3665,3061,604
112000077,1663,526,1137
112000078,3180,876,2304
112000079,2998,1834,1164
112000080,1006,738,268
112000081,979,1597,-618
112000082,1524,614,910
112000083,1159,970,189
112000084,1564,552,1012
112000085,2265,849,1416
112000086,3146,925,2221
112000087,1338,247,1091
112000088,1373,239,1134
112000089,504,354,150
112000090,287,264,23
112000091,723,406,317
112000092,3652,997,2655
112000093,2081,451,1630
112000094,1046,799,247
112000095,1221,429,792
112000096,1080,715,365
112000097,3707,853,2854
112000098,368,522,-154
112000099,1039,2741,-1702
112000100,3467,749,2718
112000101,808,377,431
112000102,2725,418,2307
112000103,737,442,295
112000105,659,456,203
112000106,3558,373,3185
112000107,65,175,-110
112000108,940,825,115
112000109,116,95,21
112000110,2835,624,2211
112000111,691,2932,-2241
112000112,3324,569,2755
112000113,1095,1353,-258
112000114,3498,1004,2494
112000115,446,437,9
112000116,881,858,23
112000117,1727,776,951
112000118,810,869,-59
112000119,482,495,-13
112000120,42,231,-189
112000121,371,219,152
112000122,870,150,720
112000123,1446,126,1320
112000124,906,205,701
112000125,486,537,-51
112000126,1143,171,972
112000127,3532,3168,364
112000128,743,586,157
112000129,277,55,222
112000130,650,164,486
112000131,59,184,-125
112000132,339,173,166
112000133,601,98,503
112000134,839,333,506
112000135,2270,1129,1141
112000136,1226,1712,-486
112000137,2409,2763,-354
112000138,1775,983,792
112000139,591,1040,-449
112000140,225,802,-577
112000141,1820,494,1326
112000142,186,388,-202
112000143,1907,282,1625
112000144,458,580,-122
112000145,4805,493,4312
112000146,956,967,-11
112000147,2890,1553,1337
112000148,1009,1054,-45
112000149,876,623,253
112000150,669,631,38
112000151,673,160,513
112000152,1871,267,1604
112000153,229,174,55
112000154,307,819,-512
112000155,300,223,77
112000157,480,1557,-1077
112000158,373,289,84
112000159,2137,389,1748
112000167,593,410,183
112000169,261,2061,-1800
112000173,2281,292,1989
112000175,763,340,423
112000176,1019,1171,-152
112000177,1462,465,997
112000178,115,224,-109
112000179,568,88,480
112000180,658,229,429
112000181,1339,798,541
112000182,3395,508,2887
112000183,23,18,5
112000184,598,310,288
112000185,2511,212,2299
112000187,7082,4615,2467
112000195,413,14,399
112000196,298,1,297
112000197,110,185,-75
112000198,34,255,-221
112000199,210,493,-283
112000202,1263,6,1257
112000216,53,140,-87
112000230,283,6,277
112000231,1,95,-94
112000256,102,713,-611
112000313,125,68,57
112000314,103,159,-56
112000337,298,1458,-1160
112000352,131,805,-674
112000392,3036,687,2349
112000398,3264,858,2406
112000399,1626,12319,-10693
112000400,1549,1005,544
112000401,1293,966,327
112000402,5198,5975,-777
112000403,2551,11210,-8659
112000404,2465,1648,817
112000405,5137,4217,920
112000406,2879,1103,1776
112000407,14362,10309,4053
112000408,5710,2021,3689
112000409,1508,1489,19
112000410,267,374,-107
112000411,2123,2274,-151
112000412,522,333,189
112000413,4445,8688,-4243
112000414,273,46,227
112000415,165,43,122
112000416,5728,1207,4521
112000417,429,140,289
112000421,125,67,58
112000422,351,290,61
112000424,1406,5501,-4095
112000425,570,272,298
112000426,526,522,4
112000427,0,9,-9
112000428,749,222,527
112000429,2917,2855,62
112000430,3680,5983,-2303
112000431,222,364,-142
112000432,706,492,214
112000433,316,465,-149
112000437,78,80,-2
112900001,126,1,125
112900002,1663,160,1503
112900003,97,60,37
112900004,140,188,-48
112900005,584,60,524
112900006,31,91,-60
112900007,60,29,31
112900008,1,105,-104
112900009,552,410,142
112900010,852,194,658
112900011,49,450,-401
112900012,2,8,-6
112900013,4,697,-693
112900014,19,117,-98
112900015,168,373,-205
112900016,4,227,-223
112900017,170,174,-4
112900018,4,101,-97
112900019,38,225,-187
112900020,476,676,-200
112900021,32,102,-70
112900022,71,37,34
112900023,0,36,-36
112900024,73,69,4
112900025,291,134,157
112900026,1,27,-26
112900027,36,300,-264
112900028,116,76,40
112900029,19,56,-37
112900030,67,43,24
112900031,2,157,-155
112900032,360,218,142
112900034,1,13,-12
112900035,7,87,-80
112900036,6,147,-141
112900037,396,310,86
112900038,1260,197,1063
112900039,3,230,-227
112900040,6,580,-574
112900041,719,1153,-434
112900042,140,224,-84
112900043,37,85,-48
112900044,154,278,-124
112900045,163,158,5
112900046,136,50,86
112900047,10,14,-4
112900049,662,66,596
112900050,35,587,-552
112900051,144,244,-100
112900052,2,303,-301
112900053,107,202,-95
112900054,122,104,18
112900055,106,47,59
112900056,507,295,212
112900057,52,193,-141
112900058,360,621,-261
112900059,194,1427,-1233
112900060,69,30,39
112900061,171,323,-152
112900062,100,56,44
112900063,17,13,4
112900064,131,82,49
112900065,9,51,-42
112900066,358,649,-291
112900067,436,46,390
112900068,36,98,-62
112900069,2527,1712,815
112900071,33,21,12
112900072,97,8040,-7943
112900073,379,405,-26
112900074,193,562,-369
112900075,1145,2719,-1574
112900076,54,41,13
112900078,244,912,-668
112900079,584,55,529
112900080,314,6,308
112900081,43,620,-577
112900082,782,64,718
112900083,390,271,119
112900084,436,383,53
112900085,0,8,-8
112900086,228,1,227
112900087,2699,218,2481
112900088,594,56,538
112900089,1638,68,1570
112900090,156,123,33
112900091,542,25,517
112900092,85,1936,-1851
112900093,1639,56,1583
112900094,261,3,258
112900095,149,0,149
112900096,1304,367,937
112900097,134,209,-75
112900098,215,2,213
112900099,1953,68,1885
112900100,216,15,201
112900101,715,14,701
112900102,102,115,-13
112900103,390,15,375
112900104,65,1,64
112900105,36,0,36
112900106,847,165,682
112900107,7,2,5
112900108,4,1,3
112900109,300,0,300
112900110,2622,87,2535
112900111,1457,14,1443
112900112,525,2,523
112900113,0,12,-12
112900114,701,9,692
112900115,3484,20,3464
112900116,228,9,219
112900117,60,27,33
112900118,4,38,-34
112900119,685,23,662
112900120,419,250,169
112900121,31,43,-12
112900122,12,48,-36
112900123,782,96,686
112900124,10,43,-33
112900125,29,327,-298
112900126,99,81,18
112900127,686,79,607
112900128,108,375,-267
112900129,1,521,-520
112900130,448,272,176
112900131,7,440,-433
112900132,311,397,-86
112900133,15,784,-769
112900134,3,514,-511
112900135,207,182,25
112900136,1,43,-42
112900137,0,374,-374
112900138,15,68,-53
112900139,42,670,-628
112900140,1,97,-96
112900141,1127,36,1091
112900142,71,616,-545
112900143,322,286,36
112900144,2,216,-214
112900145,5,274,-269
112900146,4,465,-461
112900147,1,386,-385
112900148,37,2,35
112900149,217,141,76
112900151,1,20,-19
112900152,2786,334,2452
112900153,281,8187,-7906
112900154,0,15,-15
112900155,249,22,227
112900156,1663,438,1225
112900157,657,2,655
112900158,157,1,156
112900159,242,455,-213
112900160,41,175,-134
112900161,325,100,225
112900162,8,35,-27
112900163,18,62,-44
112900164,118,208,-90
112900165,38,55,-17
112900166,29,159,-130
112900167,7,626,-619
112900168,6,8,-2
112900169,0,35,-35
112900170,179,120,59
112900172,79,18,61
112900173,98,92,6
112900174,676,82,594
112900175,142,457,-315
112900176,11,59,-48
112900177,238,106,132
112900178,664,4999,-4335
112900179,24,235,-211
112900180,3253,1197,2056
112900181,2110,13,2097
112900182,70,261,-191
112900183,64,284,-220
112900184,402,405,-3
112900185,161,708,-547
112900186,999,989,10
112900187,65,484,-419
112900188,814,4092,-3278
112900189,14,20,-6
112900190,13,160,-147
112900192,695,636,59
112900193,944,367,577
112900194,137,32,105
112900195,830,51,779
112900196,726,348,378
112900197,118,446,-328
112900199,1423,184,1239
112900200,823,62,761
112900201,166,248,-82
112900202,952,383,569
112900203,643,56,587
112900204,507,346,161
112900205,17,1,16
112900206,23,12,11
112900207,60,0,60
112900208,44,1200,-1156
112900209,79,192,-113
112900210,13,2,11
112900211,130,2,128
112900212,4,7,-3
112900213,40,1,39
112900214,3,9,-6
112900215,24,50,-26
112900216,110,50,60
112900217,20,34,-14
112900218,124,20,104
112900219,226,9,217
112900220,1,0,1
112900221,63,102,-39
112900222,1,127,-126
112900223,1366,31,1335
112900224,1287,180,1107
112900225,1089,179,910
112900226,251,387,-136
112900227,1719,313,1406
112900228,163,42,121
112900229,741,10,731
112900230,11125,2954,8171
112900232,489,507,-18
112900233,153,69,84
112900234,40,6,34
112900235,10,6,4
112900236,1037,22,1015
112900237,809,257,552
112900238,12,8,4
113000001,7411,5665,1746
113000002,8362,4443,3919
113000003,3978,2453,1525
113000004,4422,2231,2191
113000005,3374,2447,927
113000006,2379,1900,479
113000007,4352,2106,2246
113000008,3362,2391,971
113000009,2490,829,1661
113000010,2759,1434,1325
113000011,2541,1211,1330
113000012,2060,827,1233
113000013,812,547,265
113000014,1574,1998,-424
113000015,130,194,-64
113000016,281,689,-408
113000017,107,636,-529
113000018,544,36,508
113000019,410,438,-28
113000020,246,101,145
113000021,2421,1081,1340
113000022,1048,5807,-4759
113000025,199,469,-270
113000026,830,1177,-347
113000027,922,2206,-1284
113000028,562,4457,-3895
113000029,1224,639,585
113000030,237,713,-476
113000031,288,288,0
113000032,341,344,-3
113000033,322,425,-103
113000034,382,163,219
113000035,23,49,-26
113000036,29,122,-93
113000037,51,74,-23
113000038,41,57,-16
113000039,62,323,-261
113000040,68,132,-64
113000042,1261,845,416
113000051,3683,4082,-399
113000052,3810,559,3251
113000053,1203,527,676
113000054,1196,1416,-220
113000055,3518,599,2919
113000056,3241,1277,1964
113000058,505,1405,-900
113000059,1238,339,899
113000060,736,888,-152
113000061,988,1273,-285
113000062,566,545,21
113000063,658,88,570
113000064,226,215,11
113000065,295,532,-237
113000066,1881,188,1693
113000067,4810,788,4022
113000068,891,461,430
113000069,868,475,393
113000070,3750,699,3051
113000071,1261,530,731
113000072,1667,310,1357
113000073,642,1537,-895
113000074,1182,539,643
113000075,2522,904,1618
113000076,567,4245,-3678
113000077,781,1039,-258
113000078,468,1790,-1322
113000079,437,919,-482
113000080,665,1084,-419
113000081,1297,1443,-146
113000082,1118,777,341
113000083,765,1238,-473
113000084,2515,1164,1351
113000085,1256,808,448
113000086,1020,2195,-1175
113000087,1417,1698,-281
113000088,3195,2185,1010
113000089,916,2351,-1435
113000090,160,1029,-869
113000091,236,615,-379
113000094,2345,480,1865
113000095,357,1052,-695
113000096,120,1654,-1534
113000097,1912,793,1119
113000098,141,108,33
113000099,1750,813,937
113000100,218,839,-621
113000101,263,1230,-967
113000102,950,813,137
113000103,5971,538,5433
113000104,979,4325,-3346
113000105,1948,830,1118
113000106,863,344,519
113000107,1871,1525,346
113000108,1634,1077,557
113000109,465,1331,-866
113000110,10905,1109,9796
113000111,249,472,-223
113000112,1051,419,632
113000113,4148,437,3711
113000114,238,948,-710
113000116,636,352,284
113000117,900,251,649
113000118,44,1344,-1300
113000119,570,423,147
113000120,141,587,-446
113000121,503,994,-491
113000124,523,202,321
113000125,36,1477,-1441
113000127,1900,257,1643
113000128,2820,323,2497
113000129,526,1046,-520
113000133,4615,550,4065
113000134,8,2155,-2147
113000135,6495,5725,770
113000137,1124,2886,-1762
113000139,232,193,39
113000140,72,79,-7
113000141,99,123,-24
113000142,226,345,-119
113000143,363,160,203
113000144,259,280,-21
113000145,210,191,19
113000146,159,72,87
113000147,397,123,274
113000148,614,203,411
113000149,404,346,58
113000150,542,489,53
113000151,49,34,15
113000152,76,404,-328
113000153,1858,276,1582
113000154,603,2913,-2310
113000155,591,1058,-467
113000156,220,387,-167
113000157,352,464,-112
113000158,679,202,477
113000159,1526,305,1221
113000160,768,343,425
113000161,520,228,292
113000162,1417,163,1254
113000163,266,29,237
113000164,23,65,-42
113000166,421,89,332
113000167,141,65,76
113000168,244,69,175
113000169,362,48,314
113000170,166,71,95
113000171,39,108,-69
113000172,632,54,578
113000173,94,36,58
113000174,354,178,176
113000175,824,92,732
113000176,948,67,881
113000177,350,119,231
113000178,275,252,23
113000179,476,91,385
113000180,1050,2265,-1215
113000181,1556,1038,518
113000182,132,948,-816
113000183,453,860,-407
113000184,12,124,-112
113000189,357,788,-431
113000190,186,192,-6
113000192,471,7373,-6902
113000193,1688,4069,-2381
113000194,1203,6220,-5017
113000195,1637,5154,-3517
113000196,460,160,300
113000197,1845,5332,-3487
113000198,197,484,-287
113000199,3036,536,2500
113000201,793,904,-111
113000202,21873,3132,18741
113000203,107,822,-715
113000204,410,8680,-8270
113000205,48,19,29
113000206,9,92,-83
113000207,64,47,17
113000208,84,146,-62
113000209,27,40,-13
113000210,3,54,-51
113000211,68,312,-244
113000212,36,50,-14
113000213,26,163,-137
113000214,331,413,-82
113000234,373,852,-479
113000410,57,238,-181
113000411,1369,1966,-597
113000412,9578,1594,7984
113000413,1333,3510,-2177
113000414,5483,14131,-8648
113000415,2831,1553,1278
113000416,2407,2126,281
113000417,1041,1412,-371
113000418,6124,4712,1412
113000419,2281,2323,-42
113000420,3260,5787,-2527
113000421,6509,7901,-1392
113000422,10228,11523,-1295
113000423,1175,5586,-4411
113000424,2360,13002,-10642
113000425,11,84,-73
113000428,18,47,-29
113000430,15,91,-76
113000432,3815,297,3518
113000433,68,1256,-1188
113000434,10,131,-121
113000435,15,103,-88
113000436,3,1028,-1025
113000437,2600,43,2557
113000438,860,35,825
113000439,90,41,49
113000440,245,22,223
113000441,181,172,9
113000442,391,66,325
113000443,512,163,349
113000444,714,70,644
113000445,122,94,28
113000446,67,150,-83
113000448,1222,554,668
113000449,241,1157,-916
113000450,2994,4450,-1456
113000451,5236,739,4497
113000452,74,754,-680
113000453,59,1278,-1219
113000454,285,159,126
113000455,12,3028,-3016
113000456,1684,2460,-776
113000468,962,121,841
113000469,63,343,-280
113000470,747,26,721
113000471,31,654,-623
113000472,112,283,-171
113000474,2172,1089,1083
113000475,1786,1061,725
113000476,4811,2845,1966
113000477,7859,2479,5380
113000478,3366,2947,419
113000479,241,219,22
113000480,127,719,-592
113000482,0,0,0
113000484,0,0,0
113000485,0,0,0
113000486,0,0,0
113000487,0,0,0
113000489,0,0,0
113000490,0,0,0
113000491,0,0,0
113000492,0,0,0
113000493,0,0,0
113000495,369,40,329
113000496,184,96,88
113000498,0,0,0
113000499,0,0,0
113000500,0,1,-1
113900001,58,4305,-4247
113900002,19,141,-122
113900003,6,394,-388
113900004,8,615,-607
113900005,4,1285,-1281
113900006,24,72,-48
113900007,64,143,-79
113900008,20,0,20
113900009,104,0,104
113900010,67,7,60
113900011,403,2,401
113900012,160,5,155
113900013,173,16,157
113900014,1310,16,1294
113900015,0,32,-32
113900016,45,0,45
113900017,1,26,-25
113900018,117,246,-129
113900019,402,30,372
113900020,272,10,262
113900022,135,1,134
113900023,54,0,54
113900024,78,32,46
113900025,704,98,606
113900026,167,1,166
113900027,21,78,-57
113900028,67,223,-156
113900029,189,68,121
113900030,759,17,742
113900031,100,6,94
113900032,86,1,85
113900033,83,39,44
113900035,83,0,83
113900036,121,118,3
113900037,371,329,42
113900038,15,175,-160
113900039,441,15,426
113900040,17,53,-36
113900041,25,3,22
113900042,130,40,90
113900043,292,57,235
113900044,70,307,-237
113900045,209,1,208
113900046,225,1370,-1145
113900047,278,97,181
113900048,259,253,6
113900049,157,609,-452
113900050,429,463,-34
113900051,426,122,304
113900052,121,102,19
113900053,501,1220,-719
113900054,84,0,84
113900055,160,643,-483
113900056,174,65,109
113900057,14,38,-24
113900058,249,24,225
113900059,513,214,299
113900060,59,420,-361
113900061,963,112,851
113900062,153,69,84
113900063,286,49,237
113900064,22,32,-10
113900065,1000,33,967
113900066,1421,280,1141
113900067,630,631,-1
113900068,367,1326,-959
113900069,37,44,-7
113900070,196,300,-104
113900071,304,32,272
113900072,159,46,113
113900073,817,223,594
113900074,478,1697,-1219
113900075,1211,3940,-2729
113900076,129,16,113
113900077,57,128,-71
113900078,99,10,89
113900079,10,32,-22
113900080,864,209,655
113900081,122,103,19
113900082,499,388,111
113900083,931,84,847
113900084,315,190,125
113900085,65,164,-99
113900086,225,43,182
113900087,214,166,48
113900088,208,157,51
113900089,682,70,612
113900090,669,380,289
113900091,7,11,-4
113900092,36,181,-145
113900093,75,2812,-2737
113900094,1372,301,1071
113900095,177,270,-93
113900096,556,124,432
113900097,34,182,-148
113900098,1198,426,772
113900099,1,38,-37
113900100,0,1,-1
113900101,10,274,-264
113900102,88,208,-120
113900103,184,739,-555
113900104,180,416,-236
113900105,443,24,419
113900106,0,10,-10
113900107,0,3,-3
113900108,72,511,-439
113900109,259,377,-118
113900110,46,16,30
113900111,407,67,340
113900112,476,50,426
113900113,1636,488,1148
113900114,0,19,-19
113900115,0,1,-1
113900116,29,386,-357
113900117,40,21,19
113900118,152,1407,-1255
113900119,76,201,-125
113900120,104,57,47
113900121,220,106,114
113900122,385,5833,-5448
113900123,942,213,729
113900124,0,76,-76
113900125,1556,213,1343
113900126,43,53,-10
113900127,375,981,-606
113900128,290,120,170
113900129,2,175,-173
113900130,0,110,-110
113900131,341,64,277
113900132,44,135,-91
113900133,17,16,1
113900135,329,537,-208
113900136,99,32,67
113900137,428,325,103
113900138,11,278,-267
113900139,384,533,-149
113900140,33,278,-245
113900141,1108,206,902
113900142,143,30,113
113900143,18,95,-77
113900144,79,232,-153
113900145,436,200,236
113900146,364,75,289
113900148,49,360,-311
113900149,189,240,-51
113900150,312,172,140
113900151,695,144,551
113900152,65,130,-65
113900153,102,367,-265
113900154,1,120,-119
113900155,90,219,-129
113900156,315,364,-49
113900157,68,699,-631
113900158,126,360,-234
113900159,6,143,-137
113900160,521,556,-35
113900161,208,388,-180
113900162,190,467,-277
113900163,487,128,359
113900164,850,16,834
113900165,620,578,42
113900166,61,69,-8
113900167,627,53,574
113900168,70,60,10
113900169,298,344,-46
113900171,426,95,331
113900172,12,127,-115
113900173,5,237,-232
113900174,562,444,118
113900175,279,160,119
113900176,385,298,87
113900177,278,143,135
113900178,415,382,33
113900179,22,184,-162
113900180,207,98,109
113900181,1634,313,1321
113900182,788,503,285
113900183,175,56,119
113900184,53,375,-322
113900185,114,29,85
113900186,95,50,45
113900187,24,101,-77
113900188,28,146,-118
113900189,364,288,76
113900190,215,107,108
113900191,49,87,-38
113900192,8,1240,-1232
113900193,7,136,-129
113900194,1587,484,1103
113900195,383,308,75
113900196,0,291,-291
113900197,0,85,-85
113900198,10,676,-666
113900199,56,335,-279
113900200,8,107,-99
113900201,0,35,-35
113900202,60,50,10
113900203,0,20,-20
113900204,23,431,-408
113900205,9,23,-14
113900206,5,78,-73
113900207,1,65,-64
113900208,0,22,-22
113900209,0,13,-13
113900210,1515,1146,369
113900211,210,29,181
113900212,429,284,145
113900214,350,319,31
113900215,78,225,-147
113900216,301,290,11
113900217,230,80,150
113900218,82,98,-16
113900219,154,872,-718
113900220,190,299,-109
113900221,281,912,-631
113900222,193,1127,-934
113900223,544,197,347
113900224,63,72,-9
113900225,1671,246,1425
113900226,605,167,438
113900227,329,451,-122
113900228,227,706,-479
113900229,45,1805,-1760
113900230,2759,4448,-1689
113900231,346,82,264
113900232,290,37,253
113900233,243,80,163
113900234,578,570,8
113900235,75,15,60
113900236,533,122,411
113900237,299,65,234
113900238,230,756,-526
113900239,88,166,-78
113900240,0,219,-219
113900241,45,127,-82
113900242,39,370,-331
113900243,31,154,-123
113900244,107,153,-46
113900245,489,455,34
113900246,19,29,-10
113900247,69,682,-613
113900248,2783,2934,-151
113900249,380,830,-450
113900250,80,1368,-1288
113900251,1835,76,1759
113900252,1546,46,1500
113900253,1003,51,952
113900254,647,265,382
113900255,1491,6,1485
113900256,792,42,750
113900257,37,285,-248
113900258,50,201,-151
113900259,1179,85,1094
113900260,392,5,387
113900261,84,70,14
113900262,172,222,-50
113900263,18,378,-360
113900264,2,181,-179
113900265,180,703,-523
113900266,43,170,-127
113900267,63,1070,-1007
113900268,381,617,-236
113900269,227,142,85
113900270,324,644,-320
113900271,854,349,505
113900273,14,23,-9
113900274,45,53,-8
113900275,20,150,-130
113900276,1,79,-78
113900277,501,8,493
113900278,140,190,-50
113900279,86,48,38
113900280,1154,490,664
113900281,120,1195,-1075
113900282,291,329,-38
113900283,454,853,-399
113900284,1819,102,1717
113900285,99,17,82
113900286,160,106,54
113900287,224,25,199
113900288,3,241,-238
113900289,316,160,156
113900290,499,1059,-560
113900291,86,81,5
113900292,11,18,-7
113900293,0,355,-355
113900294,1156,30,1126
113900295,467,423,44
113900296,2525,429,2096
113900297,2951,74,2877
113900298,58,2257,-2199
113900299,233,13,220
113900300,6635,6592,43
113900301,568,1421,-853
113900302,1457,1210,247
113900303,212,2251,-2039
113900304,0,140,-140
113900305,346,0,346
113900306,186,1,185
113900307,23,0,23
113900308,46,104,-58
113900309,1,279,-278
113900310,0,6,-6
113900311,25,0,25
113900312,136,182,-46
113900313,6,2,4
114000001,1248,1875,-627
114000002,744,309,435
114000003,209,225,-16
114000004,291,208,83
114000005,695,305,390
114000006,1519,1374,145
114000007,1104,999,105
114000008,2405,2257,148
114000009,2011,495,1516
114000011,4209,1843,2366
114000012,6177,1545,4632
114000013,3490,1265,2225
114000014,940,108,832
114000015,3259,161,3098
114000016,672,104,568
114000017,208,1301,-1093
114000018,146,53,93
114000026,4740,1135,3605
114000027,6178,3158,3020
114000028,2635,6010,-3375
114000038,449,268,181
114000039,89,29,60
114000040,254,592,-338
114000042,313,226,87
114000043,72,59,13
114000044,527,33,494
114000045,31,45,-14
114000046,2053,4818,-2765
114000047,20,213,-193
114000048,154,42,112
114000049,2609,1923,686
114000050,2537,1859,678
114000051,4255,2530,1725
114000052,4654,3731,923
114000053,54,844,-790
114000054,278,828,-550
114000055,510,284,226
114000056,146,1286,-1140
114000057,4239,1797,2442
114000058,69,1539,-1470
114000059,40,1799,-1759
114000060,786,1134,-348
114000061,3395,4278,-883
114000062,384,1515,-1131
114000063,1136,1258,-122
114000064,1632,5704,-4072
114000065,1175,1914,-739
114000066,760,1145,-385
114000067,77,2047,-1970
114000068,471,1189,-718
114000069,1702,760,942
114000070,3752,1918,1834
114000071,1579,915,664
114000072,1014,223,791
114000073,29,24,5
114000074,237,12,225
114000075,95,74,21
114000076,55,59,-4
114000077,18,22,-4
114000078,604,576,28
114000079,469,21,448
114000080,157,87,70
114000081,121,146,-25
114000082,50,327,-277
114000083,159,58,101
114000084,383,167,216
114000085,97,261,-164
114000086,367,224,143
114000087,505,55,450
114000088,48,47,1
114000089,522,214,308
114000090,1246,1633,-387
114000091,1114,1298,-184
114000092,710,539,171
114000093,1885,482,1403
114000094,797,446,351
114000095,263,259,4
114000096,60,372,-312
114000097,141,220,-79
114000098,721,200,521
114000099,1639,94,1545
114000100,2636,368,2268
114000101,641,268,373
114000102,1116,278,838
114000103,154,122,32
114000104,52,176,-124
114000105,485,203,282
114000106,983,4036,-3053
114000107,1135,269,866
114000108,905,711,194
114000109,1116,2671,-1555
114000110,658,728,-70
114000111,3858,1315,2543
114000112,347,767,-420
114000113,1238,307,931
114000114,459,834,-375
114000115,2658,802,1856
114000116,1091,7111,-6020
114000117,6481,1242,5239
114000118,6098,564,5534
114000119,5221,549,4672
114000120,830,877,-47
114000121,796,697,99
114000122,642,376,266
114000123,4002,381,3621
114000124,2151,761,1390
114000125,1480,1312,168
114000126,3315,345,2970
114000127,381,149,232
114000128,1304,269,1035
114000130,814,537,277
114000131,554,125,429
114000132,910,217,693
114000133,649,1088,-439
114000134,158,34,124
114000138,53,94,-41
114000139,589,647,-58
114000144,881,900,-19
114000145,86,20,66
114000146,143,48,95
114000147,1590,3722,-2132
114000148,843,2280,-1437
114000149,472,643,-171
114000150,250,567,-317
114000151,781,2403,-1622
114000152,86,65,21
114000153,565,3405,-2840
114000154,538,787,-249
114000155,1191,4534,-3343
114000156,986,1259,-273
114000157,466,2601,-2135
114000158,1397,699,698
114000159,135,398,-263
114000160,55,908,-853
114000161,1130,2344,-1214
114000162,1810,3115,-1305
114000163,17,27,-10
114000165,592,575,17
114000166,488,773,-285
114000167,2606,1496,1110
114000168,618,308,310
114000169,1313,1422,-109
114000170,1243,1339,-96
114000171,2512,19002,-16490
114000174,294,343,-49
114000176,269,631,-362
114000177,727,433,294
114000178,145,49,96
114000179,1090,1379,-289
114000180,276,310,-34
114000181,1595,11392,-9797
114000182,915,2939,-2024
114000183,1055,743,312
114000184,3080,643,2437
114000185,2009,1098,911
114000189,2899,191,2708
114000190,5870,527,5343
114000191,147,717,-570
114000192,182,736,-554
114000193,229,1069,-840
114000194,2558,946,1612
114000195,378,464,-86
114000196,1,133,-132
114000197,4019,34,3985
114000198,896,338,558
114000199,1249,1778,-529
114000200,642,1242,-600
114000201,340,864,-524
114000202,1115,866,249
114000203,780,750,30
114000204,227,467,-240
114000205,421,1253,-832
114000206,1009,1986,-977
114000207,664,1426,-762
114000208,735,1119,-384
114000209,371,1535,-1164
114000210,300,727,-427
114000211,1772,1619,153
114000212,754,1287,-533
114000213,1823,372,1451
114000214,127,114,13
114000215,256,123,133
114000216,2974,470,2504
114000217,574,197,377
114000218,768,139,629
114000219,1849,245,1604
114000220,97,736,-639
114000221,1904,228,1676
114000222,229,725,-496
114000223,1042,160,882
114000224,83,484,-401
114000225,629,268,361
114000226,366,208,158
114000227,787,573,214
114000228,1248,760,488
114000229,2183,1340,843
114000230,2046,1016,1030
114000231,1519,1706,-187
114000232,1766,203,1563
114000233,4218,110,4108
114000234,1747,784,963
114000235,2378,1463,915
114000236,1,402,-401
114000237,192,712,-520
114000238,243,517,-274
114000239,250,931,-681
114000240,1251,1734,-483
114000241,402,1082,-680
114000242,859,995,-136
114000243,3721,1270,2451
114000244,796,428,368
114000245,842,1362,-520
114000246,216,45,171
114000247,641,720,-79
114000248,2678,1016,1662
114000249,681,538,143
114000250,1113,318,795
114000251,448,163,285
114000252,32,28,4
114000253,57,111,-54
114000254,90,47,43
114000255,985,419,566
114000256,391,1947,-1556
114000257,806,977,-171
114000258,826,341,485
114000259,387,724,-337
114000260,0,47,-47
114000261,75,37,38
114000262,631,151,480
114000263,34,4,30
114000264,2790,531,2259
114000265,0,1,-1
114000267,6,3325,-3319
114000268,0,848,-848
114000270,423,5,418
114000271,549,114,435
114000283,2446,432,2014
114000285,20,135,-115
114000288,130,369,-239
114000289,3026,176,2850
114000293,491,660,-169
114000294,392,395,-3
114000395,2442,21,2421
114000396,1032,789,243
114000402,1973,157,1816
114000403,618,205,413
114000405,304,272,32
114000423,866,205,661
114000424,780,308,472
114000425,2026,143,1883
114000426,492,1054,-562
114000427,114,58,56
114000428,19,118,-99
114000429,22,110,-88
114000432,169,59,110
114000434,20,55,-35
114000435,4,8,-4
114900001,1204,289,915
114900002,410,98,312
114900003,1533,390,1143
114900004,320,620,-300
114900005,921,248,673
114900006,95,83,12
114900007,356,37,319
114900008,695,138,557
114900010,1094,2188,-1094
114900011,619,157,462
114900013,554,134,420
114900015,191,987,-796
114900018,1328,59,1269
114900020,80,108,-28
114900021,311,108,203
114900022,1,700,-699
114900024,243,181,62
114900025,919,161,758
114900026,125,167,-42
114900027,202,142,60
114900029,39,23,16
114900030,390,248,142
114900031,1096,44,1052
114900032,812,23,789
114900033,937,3327,-2390
114900034,25,63,-38
114900035,112,584,-472
114900036,324,267,57
114900037,167,65,102
114900038,487,326,161
114900039,1103,178,925
114900040,144,22,122
114900041,2109,150,1959
114900042,2446,240,2206
114900043,273,91,182
114900044,217,110,107
114900045,167,104,63
114900046,38,70,-32
114900047,237,5890,-5653
114900048,42,135,-93
114900049,7,90,-83
114900050,50,186,-136
114900051,11,147,-136
114900052,37,208,-171
114900053,72,287,-215
114900054,29,48,-19
114900057,153,41,112
114900058,4,69,-65
114900059,256,132,124
114900060,301,687,-386
114900061,121,34,87
114900062,119,492,-373
114900063,138,43,95
114900064,3318,183,3135
114900065,577,1028,-451
114900067,39,290,-251
114900068,29,80,-51
114900069,198,23,175
114900070,699,187,512
114900072,1,172,-171
114900073,1,34,-33
114900074,1480,281,1199
114900075,256,15,241
114900076,5,190,-185
114900080,845,101,744
114900082,2171,3828,-1657
114900083,329,895,-566
114900084,525,80,445
114900090,892,234,658
114900091,79,113,-34
114900095,257,70,187
114900096,217,470,-253
114900097,183,13,170
114900098,3,296,-293
114900099,345,31,314
115000001,5726,2918,2808
115000002,6580,8165,-1585
115000003,4679,2694,1985
115000004,6885,9040,-2155
115000005,2823,3793,-970
115000006,2113,2602,-489
115000007,410,470,-60
115000008,580,543,37
115000009,820,793,27
115000010,368,311,57
115000013,51,267,-216
115000015,83,378,-295
115000016,263,389,-126
115000019,32,902,-870
115000020,336,1706,-1370
115000021,325,375,-50
115000022,441,262,179
115000023,539,590,-51
115000024,815,232,583
115000025,1105,784,321
115000026,198,246,-48
115000027,575,329,246
115000028,343,440,-97
115000029,1363,211,1152
115000030,717,673,44
115000031,793,364,429
115000032,12,197,-185
115000033,309,23,286
115000034,168,1566,-1398
115000035,1126,148,978
115000036,0,502,-502
115000037,741,31,710
115000038,90,195,-105
115000039,2957,4777,-1820
115000040,4970,3009,1961
115000041,2606,5634,-3028
115000042,573,847,-274
115000043,4168,3881,287
115000044,3340,4052,-712
115000045,3989,1072,2917
115000046,4045,3937,108
115000047,4249,2029,2220
115000048,3958,2375,1583
115000049,1459,4182,-2723
115000050,4734,1528,3206
115000051,2342,7043,-4701
115000052,1240,1021,219
115000053,4095,3935,160
115000054,760,1125,-365
115000055,212,1360,-1148
115000056,103,310,-207
115000057,651,2092,-1441
115000058,71,577,-506
115000059,116,530,-414
115000061,165,401,-236
115000062,416,621,-205
115000063,620,384,236
115000064,402,163,239
115000065,84,632,-548
115000067,389,35,354
115000069,127,352,-225
115000070,48,1574,-1526
115000071,137,41,96
115000072,7,54,-47
115000073,2815,92,2723
115000075,149,83,66
115000076,2678,2155,523
115000077,2970,1499,1471
115000078,2949,996,1953
115000079,2937,1319,1618
115000080,6345,1167,5178
115000081,233,489,-256
115000082,9825,6627,3198
115000083,3666,976,2690
115000084,4568,1046,3522
115000085,2057,1040,1017
115000086,2017,1185,832
115000087,722,2387,-1665
115000088,2106,1008,1098
115000089,2121,1244,877
115000090,710,1234,-524
115000091,345,515,-170
115000092,1133,1568,-435
115000093,1286,2,1284
115000094,5362,11668,-6306
115000095,4541,12229,-7688
115000096,1934,840,1094
115000097,3019,2496,523
115000098,3010,786,2224
115000099,4247,1608,2639
115000100,2654,430,2224
115000101,1075,1177,-102
115000102,881,251,630
115000103,442,583,-141
115000105,244,83,161
115000106,1552,862,690
115000107,234,361,-127
115000108,2630,1715,915
115000109,4092,7391,-3299
115000110,1603,3226,-1623
115000111,408,744,-336
115000112,1008,948,60
115000113,527,859,-332
115000114,894,630,264
115000116,3135,2280,855
115000117,2142,3015,-873
115000118,2504,2283,221
115000119,1976,3086,-1110
115000120,784,1353,-569
115000121,628,826,-198
115000122,929,2707,-1778
115000123,2345,2233,112
115000124,1300,1707,-407
115000125,610,1887,-1277
115000126,224,1094,-870
115000127,753,356,397
115000128,458,1570,-1112
115000129,315,928,-613
115000130,612,698,-86
115000131,1201,321,880
115000132,766,686,80
115000133,1220,470,750
115000134,537,824,-287
115000135,251,271,-20
115000136,312,576,-264
115000137,108,339,-231
115000138,569,328,241
115000139,360,253,107
115000140,741,249,492
115000141,323,108,215
115000142,353,87,266
115000143,1382,1084,298
115000144,637,108,529
115000145,420,272,148
115000146,665,1310,-645
115000147,373,895,-522
115000148,578,841,-263
115000149,1254,406,848
115000150,1061,627,434
115000151,2030,555,1475
115000152,1585,1276,309
115000153,2255,522,1733
115000154,1477,248,1229
115000155,1313,1564,-251
115000156,966,1290,-324
115000157,778,2417,-1639
115000158,755,856,-101
115000159,550,1768,-1218
115000160,806,1153,-347
115000161,1279,523,756
115000162,456,1283,-827
115000163,740,747,-7
115000164,682,1080,-398
115000165,341,981,-640
115000167,123,307,-184
115000168,592,1220,-628
115000169,348,1706,-1358
115000170,123,250,-127
115000171,252,787,-535
115000172,1192,1012,180
115000173,283,1921,-1638
115000174,124,956,-832
115000175,177,245,-68
115000176,71,263,-192
115000177,60,382,-322
115000178,17,197,-180
115000179,60,179,-119
115000180,169,399,-230
115000181,1635,242,1393
115000182,2510,383,2127
115000183,856,722,134
115000186,1052,167,885
115000187,273,464,-191
115000188,716,717,-1
115000189,461,490,-29
115000190,1248,1493,-245
115000191,514,988,-474
115000194,139,165,-26
115000195,261,587,-326
115000196,457,85,372
115000197,481,136,345
115000198,1190,208,982
115000199,935,127,808
115000200,767,226,541
115000201,450,208,242
115000206,827,42,785
115000207,848,330,518
115000208,550,962,-412
115000209,1334,876,458
115000210,298,242,56
115000211,524,393,131
115000212,1336,505,831
115000218,18,268,-250
115000219,106,67,39
115000224,282,105,177
115000225,143,69,74
115000229,335,99,236
115000230,192,404,-212
115000231,295,1038,-743
115000232,4593,666,3927
115000233,116,287,-171
115000234,55,362,-307
115000241,274,98,176
115000242,210,76,134
115000243,215,152,63
115000244,15,331,-316
115000246,77,32,45
115000247,28,38,-10
115000248,68,26,42
115000249,35,22,13
115000250,452,30,422
115000251,731,54,677
115000252,222,261,-39
115000253,39,827,-788
115000258,863,105,758
115000259,441,166,275
115000261,84,31,53
115000262,49,48,1
115000263,56,78,-22
115000264,18,31,-13
115000267,66,70,-4
115000268,51,131,-80
115000269,133,96,37
115000270,11,41,-30
115000272,189,106,83
115000273,921,36,885
115000274,851,146,705
115000280,1657,423,1234
115000281,364,758,-394
115000282,836,2088,-1252
115000284,123,341,-218
115000296,485,7,478
115000297,154,582,-428
115000298,86,1033,-947
115000300,346,172,174
115000302,843,182,661
115000303,1707,72,1635
115000304,1853,147,1706
115000305,133,330,-197
115000306,426,144,282
115000307,279,239,40
115000308,58,53,5
115000310,3578,721,2857
115000311,2000,1474,526
115000313,197,289,-92
115000314,1025,420,605
115000315,1213,1222,-9
115000316,213,316,-103
115000317,365,702,-337
115000318,1745,629,1116
115000319,234,161,73
115000320,103,597,-494
115000321,860,26,834
115000322,72,153,-81
115000449,307,211,96
115000557,39,3071,-3032
115000558,135,249,-114
115000587,1221,291,930
115000588,2575,3959,-1384
115000589,6040,4875,1165
115000590,896,2339,-1443
115000591,1812,1522,290
115000592,523,2304,-1781
115000593,1956,1720,236
115000594,212,2889,-2677
115000609,400,149,251
115000617,464,3043,-2579
115000624,434,25,409
115000633,609,1523,-914
115000634,4506,944,3562
115000635,1121,137,984
115000638,429,253,176
115000641,63,429,-366
115000642,403,269,134
115000643,116,246,-130
115000644,156,278,-122
115000646,866,1540,-674
115000647,273,675,-402
115000648,5149,1158,3991
115000893,2814,1437,1377
115000894,250,799,-549
115000895,325,1036,-711
115000896,1973,656,1317
115000897,572,147,425
115000898,919,622,297
115000899,341,2340,-1999
115000900,95,818,-723
115000901,73,299,-226
115000912,610,150,460
115000913,9,18,-9
115000915,8,0,8
115000916,3,2,1
115000917,0,21,-21
115000918,105,1559,-1454
115000919,4,155,-151
115000920,9,128,-119
115000921,459,171,288
115000922,363,1279,-916
115000923,38,2306,-2268
115000925,158,228,-70
115000927,30,93,-63
115000933,29,440,-411
115900001,383,18,365
115900002,102,135,-33
115900003,357,144,213
115900004,0,49,-49
115900005,386,31,355
115900006,175,174,1
115900008,244,2,242
115900009,45,389,-344
115900010,973,156,817
115900011,644,377,267
115900012,372,8,364
115900013,434,243,191
115900014,227,143,84
115900015,387,63,324
115900016,181,49,132
115900017,94,21,73
115900018,183,31,152
115900019,404,35,369
115900020,137,9,128
115900021,901,1911,-1010
115900022,723,19,704
115900023,6,12,-6
115900025,21,267,-246
115900026,799,128,671
115900027,4,179,-175
115900028,272,54,218
115900029,70,193,-123
115900030,54,44,10
115900031,55,390,-335
115900032,426,942,-516
115900033,1,67,-66
115900034,36,171,-135
115900035,100,42,58
115900036,52,4882,-4830
115900037,41,125,-84
115900038,72,30,42
115900039,282,112,170
115900041,135,1613,-1478
115900042,88,11,77
115900043,174,47,127
115900044,207,939,-732
115900046,1275,128,1147
115900047,87,312,-225
115900049,482,211,271
115900051,3,17,-14
115900052,66,93,-27
115900053,690,82,608
115900054,633,25,608
115900055,26,95,-69
115900056,372,115,257
115900057,8,26,-18
115900058,7,50,-43
115900060,93,90,3
115900061,621,15,606
115900062,143,62,81
115900063,29,3,26
115900064,477,306,171
115900065,331,47,284
115900066,48,92,-44
115900067,42,74,-32
115900068,985,2063,-1078
115900069,71,262,-191
115900070,410,43,367
115900071,1,129,-128
115900072,54,141,-87
115900073,298,172,126
115900074,0,61,-61
115900075,103,129,-26
115900076,2,16,-14
115900077,0,22,-22
115900078,20,601,-581
115900079,754,15,739
115900080,154,78,76
115900081,68,8,60
115900082,118,349,-231
115900084,912,26,886
115900085,59,126,-67
115900086,1058,465,593
115900088,5,119,-114
115900089,715,293,422
115900090,1183,5,1178
115900091,6,78,-72
115900092,101,52,49
115900093,26,27,-1
115900094,2,55,-53
115900096,8,9,-1
115900097,22,84,-62
115900098,592,230,362
115900099,81,203,-122
115900100,24,199,-175
115900101,422,131,291
115900102,182,57,125
115900103,517,106,411
115900104,145,46,99
115900105,414,221,193
115900106,193,2,191
115900107,157,29,128
115900108,345,12,333
115900109,9,308,-299
115900110,33,0,33
115900111,1,58,-57
115900112,64,440,-376
115900113,89,20,69
115900114,14,65,-51
115900115,141,105,36
115900116,108,525,-417
115900117,196,30,166
115900118,1,64,-63
115900119,196,92,104
115900120,71,167,-96
115900121,389,137,252
115900124,255,1100,-845
115900125,781,151,630
115900126,1753,50,1703
115900127,1697,86,1611
115900128,7,247,-240
115900129,760,34,726
115900130,16,1362,-1346
115900131,684,61,623
115900132,1389,5,1384
115900134,728,21,707
115900135,1195,834,361
115900137,21,1,20
115900139,62,346,-284
115900140,759,52,707
115900141,6,186,-180
115900142,23,121,-98
115900143,362,318,44
115900144,327,200,127
115900146,13,41,-28
115900147,241,473,-232
115900148,20,24,-4
115900149,356,13,343
115900150,219,34,185
115900151,155,100,55
115900152,419,163,256
115900153,224,128,96
115900154,437,442,-5
115900155,0,31,-31
115900156,951,1176,-225
115900157,411,751,-340
115900158,35,0,35
115900159,369,289,80
115900160,5,13,-8
115900161,47,91,-44
115900163,542,96,446
115900164,1532,12,1520
115900165,4,501,-497
115900166,67,107,-40
115900168,363,133,230
115900171,200,384,-184
115900172,89,149,-60
115900173,303,128,175
115900174,204,401,-197
115900175,357,267,90
115900178,10,173,-163
115900179,765,29,736
115900180,178,32,146
115900181,554,93,461
115900182,1079,88,991
115900183,84,449,-365
115900184,706,22,684
115900187,14,502,-488
115900189,1,294,-293
115900190,363,1527,-1164
115900191,22,201,-179
115900192,38,195,-157
115900193,129,256,-127
115900194,2271,82,2189
115900195,734,5179,-4445
115900198,470,283,187
115900199,502,82,420
115900200,414,122,292
115900201,247,431,-184
115900202,6,308,-302
115900203,8,11,-3
115900204,0,9,-9
115900205,9,22,-13
115900206,646,72,574
115900207,138,3,135
115900208,131,53,78
115900209,17,107,-90
115900210,4,240,-236
115900211,1,165,-164
115900212,302,189,113
115900213,95,229,-134
115900214,842,40,802
115900215,25,311,-286
115900216,4,44,-40
115900217,4,17,-13
115900218,0,5,-5
115900219,303,9,294
115900220,432,5,427
115900221,191,8,183
115900222,114,71,43
115900223,2,690,-688
115900224,694,3015,-2321
115900225,139,31,108
115900226,30,151,-121
115900227,9,67,-58
115900228,1,83,-82
115900229,22,78,-56
115900230,71,60,11
115900231,291,5,286
115900232,173,3,170
115900233,182,7,175
115900234,80,67,13
115900235,43,49,-6
115900236,37,196,-159
115900237,46,31,15
115900238,25,16,9
115900239,20,72,-52
115900240,23,55,-32
115900241,330,37,293
115900242,852,952,-100
115900243,34,15,19
115900244,17,88,-71
115900245,3,56,-53
115900246,4,16,-12
115900247,5,11,-6
115900248,14,2,12
115900249,19,10,9
115900250,100,4,96
115900251,36,1,35
115900252,56,0,56
115900253,68,9,59
115900254,35,81,-46
115900255,2,40,-38
115900256,53,203,-150
115900257,1,64,-63
115900258,0,1,-1
115900259,2,1,1
115900260,11,12,-1
115900261,2,0,2
115900262,0,0,0
115900263,13,1,12
115900264,65,1,64
115900265,3,4,-1
115900266,3,6,-3
115900267,0,6,-6
115900268,4,19,-15
115900269,1480,193,1287
115900270,722,112,610
116000001,9036,2676,6360
116000002,7498,20860,-13362
116000003,1503,2142,-639
116000004,4795,8019,-3224
116000005,1051,6466,-5415
116000006,4130,9148,-5018
116000007,2149,2590,-441
116000008,7500,4244,3256
116000009,955,906,49
116000010,4494,2080,2414
116000011,718,1034,-316
116000012,3475,1589,1886
116000013,5816,7324,-1508
116000014,15307,33372,-18065
116000015,380,2924,-2544
116000016,7342,9529,-2187
116000017,101,917,-816
116000018,706,744,-38
116000019,2587,368,2219
116000020,861,1936,-1075
116000021,1781,412,1369
116000022,884,561,323
116000023,3316,1961,1355
116000024,1350,1440,-90
116000025,1506,1372,134
116000026,1676,5869,-4193
116000027,638,1228,-590
116000028,663,1325,-662
116000029,546,519,27
116000030,859,606,253
116000031,85,226,-141
116000032,202,105,97
116000033,828,293,535
116000034,905,612,293
116000035,570,400,170
116000036,771,6639,-5868
116000037,188,1094,-906
116000038,97,1771,-1674
116000039,465,2318,-1853
116000040,639,2075,-1436
116000041,165,1543,-1378
116000042,1466,1478,-12
116000043,487,1100,-613
116000044,0,7,-7
116000045,2053,2258,-205
116000046,1058,2728,-1670
116000047,3380,4504,-1124
116000048,4689,1536,3153
116000049,2822,2793,29
116000050,2395,1715,680
116000051,3786,2958,828
116000052,4362,4123,239
116000053,3628,1250,2378
116000054,1722,3061,-1339
116000055,1736,1471,265
116000056,2343,1254,1089
116000057,3873,1409,2464
116000058,7645,4706,2939
116000059,3706,6372,-2666
116000060,4534,2233,2301
116000061,199,1556,-1357
116000062,897,552,345
116000063,940,2906,-1966
116000066,583,978,-395
116000067,496,534,-38
116000068,217,550,-333
116000069,584,333,251
116000078,838,938,-100
116000080,2414,555,1859
116000082,6,12,-6
116000083,2913,448,2465
116000084,1417,1588,-171
116000085,2088,2154,-66
116000086,824,570,254
116000087,3818,1845,1973
116000088,2342,1011,1331
116000089,281,104,177
116000090,330,161,169
116000091,291,546,-255
116000093,1185,365,820
116000094,1954,493,1461
116000095,1128,699,429
116000096,3393,4712,-1319
116000097,1522,770,752
116000098,24,18382,-18358
116000099,8049,342,7707
116000100,413,42,371
116000101,2226,724,1502
116000102,339,688,-349
116000103,657,565,92
116000104,290,1163,-873
116000105,2570,274,2296
116000106,548,2565,-2017
116000107,4352,585,3767
116000108,53,653,-600
116000111,168,25,143
116000113,171,103,68
116000114,11,112,-101
116000115,457,120,337
116000116,353,192,161
116000117,2098,1671,427
116000118,2868,1187,1681
116000119,5130,1861,3269
116000120,3493,2440,1053
116000121,1670,639,1031
116000122,855,783,72
116000123,1951,624,1327
116000124,661,412,249
116000125,5036,692,4344
116000126,438,449,-11
116000127,1080,609,471
116000128,3342,972,2370
116000129,2322,144,2178
116000130,1290,911,379
116000133,2879,923,1956
116000134,1935,1097,838
116000135,4594,1413,3181
116000136,927,1575,-648
116000137,1547,962,585
116000138,2362,953,1409
116000139,3168,8241,-5073
116000140,262,500,-238
116000141,895,551,344
116000142,4283,2040,2243
116000143,3174,1379,1795
116000144,3121,2010,1111
116000145,3455,1145,2310
116000146,1781,181,1600
116000147,609,703,-94
116000148,1758,2462,-704
116000149,1120,1372,-252
116000151,751,1242,-491
116000153,225,404,-179
116000155,317,816,-499
116000156,1444,791,653
116000157,137,6,131
116000158,469,202,267
116000159,3,14,-11
116000160,162,99,63
116000161,13,131,-118
116000162,193,441,-248
116000163,107,72,35
116000164,22,144,-122
116000177,141,740,-599
116000194,76,425,-349
116000195,2097,716,1381
116000196,194,18,176
116000197,139,60,79
116000198,2591,1760,831
116000200,1514,1389,125
116000201,782,761,21
116000202,12,208,-196
116000203,0,34,-34
116000204,1,20,-19
116000205,0,88,-88
116000206,1,169,-168
116000207,10,31,-21
116000233,231,682,-451
116000287,524,133,391
116000288,515,269,246
116000292,200,277,-77
116000296,18,135,-117
116000297,82,28,54
116000304,458,3,455
116000305,8,184,-176
116000346,393,292,101
116000352,290,285,5
116000354,115,133,-18
116000357,34,43,-9
116000358,965,213,752
116000361,63,1,62
116000372,4368,12421,-8053
116000381,226,1,225
116000388,4,26,-22
116000389,1137,441,696
116000445,1660,325,1335
116000446,882,283,599
116000447,45,748,-703
116000448,669,110,559
116000563,1033,1132,-99
116000565,48,217,-169
116000568,75,920,-845
116000579,17,122,-105
116000584,70,7,63
116000585,110,50,60
116000586,75,200,-125
116000587,351,317,34
116000589,96,112,-16
116000590,299,66,233
116000591,310,138,172
116000592,3,34,-31
116000593,0,32,-32
116000594,3091,189,2902
116000595,1387,64,1323
116000596,533,10,523
116000597,1189,516,673
116000598,45,89,-44
116000602,70,1270,-1200
116000605,216,135,81
116000606,98,225,-127
116000607,3,146,-143
116000609,132,2523,-2391
116000611,457,198,259
116000612,2643,1855,788
116000613,990,282,708
116000614,869,231,638
116000615,117,911,-794
116000616,88,102,-14
116000617,297,16,281
116000618,8,58,-50
116000619,43,148,-105
116000620,398,186,212
116000621,125,128,-3
116000622,172,105,67
116000624,145,128,17
116900001,551,141,410
116900002,402,2,400
116900003,86,6,80
116900004,82,171,-89
116900005,311,44,267
116900006,139,265,-126
116900007,187,565,-378
116900008,1586,143,1443
116900009,35,30,5
116900010,0,636,-636
116900011,3,121,-118
116900012,425,506,-81
116900013,6,138,-132
116900014,359,64,295
116900015,1142,98,1044
116900016,271,6,265
116900017,6,426,-420
116900018,188,183,5
116900019,6,144,-138
116900020,524,2148,-1624
116900023,28,24,4
116900024,1407,60,1347
116900025,2427,870,1557
116900026,124,576,-452
116900027,67,47,20
116900028,4,38,-34
116900029,1,225,-224
116900031,2,12,-10
116900032,15,113,-98
116900033,46,14,32
116900034,18,15,3
116900035,194,271,-77
116900036,9,144,-135
116900038,6,5,1
116900041,589,52,537
116900042,234,202,32
116900043,5,66,-61
116900045,403,101,302
116900047,36,437,-401
116900049,27,331,-304
116900050,57,328,-271
116900051,808,28,780
116900052,395,91,304
116900055,0,108,-108
116900057,23,143,-120
116900058,15,328,-313
116900059,33,66,-33
116900060,328,661,-333
116900062,1,33,-32
116900064,97,189,-92
116900065,10,164,-154
116900067,279,52,227
116900068,196,144,52
116900070,14,21,-7
116900072,21,139,-118
116900073,19,107,-88
116900074,10,65,-55
116900076,39,160,-121
116900077,7,39,-32
116900078,203,36,167
116900079,84,148,-64
116900080,5,78,-73
116900081,261,706,-445
116900082,170,1310,-1140
116900083,15,9,6
116900084,81,56,25
116900085,10,85,-75
116900086,40,295,-255
116900088,496,29,467
116900090,10,20,-10
116900091,1008,36,972
116900092,115,377,-262
116900093,4677,1400,3277
116900094,5508,9853,-4345
116900095,451,623,-172
116900096,173,762,-589
116900097,1325,6622,-5297
116900098,1207,482,725
116900099,301,1280,-979
116900100,1813,178,1635
116900101,276,1053,-777
116900103,20,0,20
116900104,22,368,-346
116900105,720,347,373
116900106,4960,84,4876
116900107,1679,4373,-2694
116900110,20,1,19
116900111,1507,346,1161
116900112,459,457,2
116900113,1420,2210,-790
116900116,25,1275,-1250
116900117,312,324,-12
116900118,1786,1021,765
116900120,645,92,553
116900121,306,61,245
116900122,1927,244,1683
116900123,1172,199,973
116900124,165,317,-152
116900125,1216,155,1061
116900126,196,958,-762
116900128,8,64,-56
116900129,1,186,-185
116900130,1975,7919,-5944
116900131,111,463,-352
116900132,207,166,41
116900133,327,190,137
116900134,515,346,169
116900136,500,174,326
116900137,394,132,262
116900138,212,122,90
116900139,118,228,-110
116900140,231,64,167
116900141,511,92,419
116900142,11,52,-41
116900143,865,528,337
116900144,156,50,106
116900145,125,608,-483
116900147,201,2898,-2697
116900148,6,54,-48
116900149,62,314,-252
116900150,22,8,14
116900151,213,45,168
116900153,206,146,60
116900154,255,951,-696
116900155,181,173,8
116900157,1671,105,1566
116900158,100,422,-322
116900159,173,752,-579
116900160,1420,922,498
116900161,6431,16882,-10451
116900162,37,99,-62
116900163,521,66,455
116900164,175,81,94
116900165,1156,512,644
116900166,227,70,157
116900167,789,69,720
116900168,1015,69,946
116900169,252,3131,-2879
116900170,1102,510,592
116900171,104,171,-67
116900172,201,893,-692
116900173,556,20,536
116900174,139,123,16
116900175,460,850,-390
116900178,85,142,-57
116900179,34,596,-562
116900180,101,7,94
116900182,2304,505,1799
116900183,356,176,180
116900185,42,54,-12
116900186,152,83,69
116900187,71,170,-99
116900188,238,10,228
116900189,36,0,36
116900191,237,282,-45
116900192,699,189,510
116900194,245,2636,-2391
116900195,63,24,39
116900196,64,33,31
116900197,266,37,229
116900198,55,647,-592
116900200,161,6,155
116900201,400,7,393
116900202,116,45,71
116900203,209,6,203
116900204,43,560,-517
116900206,41,6,35
116900207,38,49,-11
116900208,9,79,-70
116900209,15,27,-12
116900210,1154,538,616
116900211,303,17,286
116900212,116,13,103
116900213,473,161,312
116900214,529,367,162
116900215,93,60,33
116900216,657,251,406
116900218,7,343,-336
116900219,372,180,192
116900220,157,398,-241
116900221,391,421,-30
116900222,429,364,65
116900223,107,198,-91
116900226,365,38,327
116900227,401,41,360
116900228,502,280,222
116900230,98,91,7
116900231,102,165,-63
116900232,48,189,-141
116900233,601,141,460
116900234,84,18,66
116900235,280,261,19
116900238,684,190,494
116900239,29,835,-806
116900240,5082,6009,-927
116900241,463,140,323
116900242,651,2290,-1639
116900243,1,98,-97
116900245,80,85,-5
116900246,314,30,284
116900247,1410,28,1382
116900248,70,43,27
116900249,1142,77,1065
116900250,733,124,609
116900251,517,2321,-1804
116900252,459,733,-274
116900253,231,87,144
116900254,139,207,-68
116900255,192,208,-16
116900256,1367,216,1151
116900257,70,460,-390
116900258,3,36,-33
116900259,582,23,559
116900260,9,39,-30
116900261,137,0,137
116900262,243,148,95
116900263,1,13,-12
116900264,1,12,-11
116900265,293,0,293
116900266,59,17,42
116900267,50,0,50
116900268,59,292,-233
116900269,526,2433,-1907
116900271,862,959,-97
116900272,952,657,295
116900273,43,966,-923
116900274,311,55,256
116900275,685,48,637
116900276,295,780,-485
116900277,243,103,140
116900278,6,8,-2
116900279,19,41,-22
116900280,121,34,87
116900281,4065,10700,-6635
116900282,5,23,-18
116900283,5,27,-22
116900284,16,101,-85
116900285,92,711,-619
116900286,142,14,128
116900287,9,22,-13
116900288,188,15,173
116900289,41,0,41
116900290,33,1,32
116900291,52,2,50
116900292,1,29,-28
116900293,138,7,131
116900294,23,89,-66
116900295,257,802,-545
116900296,45,337,-292
116900297,2,117,-115
116900298,110,196,-86
116900299,20,395,-375
116900300,0,133,-133
116900301,74,853,-779
116900302,333,1427,-1094
116900303,257,296,-39
116900304,0,226,-226
116900305,27,52,-25
116900306,388,143,245
117000001,4866,5969,-1103
117000002,2391,6613,-4222
117000003,7980,6484,1496
117000004,2780,9824,-7044
117000005,5113,4438,675
117000006,1144,3105,-1961
117000007,10180,2144,8036
117000008,1377,3669,-2292
117000009,6419,2121,4298
117000010,1269,2546,-1277
117000011,4739,2202,2537
117000012,2382,1430,952
117000013,4194,2044,2150
117000014,2044,2781,-737
117000015,6638,2761,3877
117000016,478,999,-521
117000017,140,3494,-3354
117000018,205,1747,-1542
117000019,162,11,151
117000020,1453,3811,-2358
117000021,4356,645,3711
117000022,284,1110,-826
117000023,177,833,-656
117000024,200,1997,-1797
117000025,184,8115,-7931
117000026,2479,6258,-3779
117000027,1482,2740,-1258
117000028,1273,3670,-2397
117000030,183,256,-73
117000032,1869,2515,-646
117000033,3444,4132,-688
117000034,243,79,164
117000036,448,192,256
117000038,413,441,-28
117000039,35,103,-68
117000040,118,822,-704
117000041,1840,115,1725
117000044,16,607,-591
117000045,2302,701,1601
117000046,583,1817,-1234
117000047,1238,1633,-395
117000048,1797,1674,123
117000049,94,1539,-1445
117000050,613,1688,-1075
117000051,4142,84,4058
117000052,95,153,-58
117000053,1441,50,1391
117000054,3161,7,3154
117000055,16,1427,-1411
117000056,1060,35,1025
117000057,876,1917,-1041
117000060,717,1811,-1094
117000061,4007,3066,941
117000062,247,1428,-1181
117000063,2670,1381,1289
117000064,840,919,-79
117000066,889,1328,-439
117000067,96,981,-885
117000074,16,355,-339
117000076,79,63,16
117000077,448,274,174
117000078,271,1063,-792
117000079,765,360,405
117000080,0,869,-869
117000081,1431,323,1108
117000082,36,132,-96
117000083,201,14,187
117000084,432,0,432
117000085,802,1250,-448
117000086,1448,408,1040
117000087,191,740,-549
117000088,642,295,347
117000089,4178,327,3851
117000090,533,822,-289
117000091,2340,330,2010
117000092,806,995,-189
117000093,3553,631,2922
117000094,1208,1438,-230
117000095,5245,792,4453
117000096,1322,1423,-101
117000097,4091,1441,2650
117000098,1990,2440,-450
117000099,8046,1764,6282
117000100,350,487,-137
117000101,141,871,-730
117000102,3918,882,3036
117000103,826,1305,-479
117000104,2626,1002,1624
117000105,778,1266,-488
117000106,3582,1041,2541
117000107,915,1628,-713
117000108,3750,1631,2119
117000109,1596,2439,-843
117000110,2644,2895,-251
117000111,6221,7074,-853
117000112,6281,1992,4289
117000113,209,125,84
117000114,499,431,68
117000115,115,62,53
117000116,316,261,55
117000117,3606,2199,1407
117000118,936,866,70
117000119,251,1307,-1056
117000120,114,2828,-2714
117000121,24,1867,-1843
117000122,1427,2223,-796
117000123,6213,140,6073
117000124,195,913,-718
117000125,83,2724,-2641
117000126,55,282,-227
117000127,198,2105,-1907
117000128,176,3513,-3337
117000129,177,710,-533
117000130,43,1,42
117000131,1,101,-100
117000132,9663,266,9397
117000133,5824,54,5770
117000134,2,334,-332
117000135,1,480,-479
117000136,0,191,-191
117000137,342,160,182
117000138,3,1693,-1690
117000140,671,1145,-474
117000141,3139,999,2140
117000181,650,200,450
117000182,4405,2310,2095
117000195,223,538,-315
117000196,500,324,176
117000225,39,468,-429
117000226,7,388,-381
117000276,518,45,473
117000277,1,148,-147
117000310,1467,3621,-2154
117000315,653,1290,-637
117000320,110,0,110
117000906,1039,47,992
117000907,8,216,-208
117000908,4,313,-309
117000909,128,263,-135
117000910,292,131,161
117000911,22,135,-113
117000915,7,195,-188
117000916,206,30,176
117000917,2983,138,2845
117000918,413,99,314
117000919,5,58,-53
117000920,3,1581,-1578
117000921,1,317,-316
117000922,55,89,-34
117000924,2216,707,1509
117000926,1890,1045,845
117000927,321,944,-623
117000928,0,173,-173
117000929,786,166,620
117000930,1235,29,1206
117000931,271,224,47
117900002,80,1627,-1547
117900003,95,235,-140
117900005,6,365,-359
117900006,1,97,-96
117900007,352,95,257
117900008,0,9,-9
117900010,578,156,422
117900011,32,2351,-2319
117900012,195,53,142
117900013,0,340,-340
117900014,934,139,795
117900015,28,159,-131
117900016,1562,1718,-156
117900017,1663,459,1204
117900018,679,1482,-803
117900019,1963,319,1644
117900020,68,407,-339
117900021,78,417,-339
117900022,37,9,28
117900023,6005,181,5824
117900024,166,208,-42
117900025,37,5,32
117900026,1249,342,907
117900028,141,37,104
117900029,885,960,-75
117900030,691,824,-133
117900031,699,1613,-914
117900032,1378,842,536
117900033,1237,719,518
117900034,80,68,12
117900035,411,898,-487
117900036,1160,418,742
117900037,307,93,214
117900038,67,147,-80
117900039,1,64,-63
117900040,330,103,227
117900041,1,49,-48
117900042,3794,1234,2560
117900043,2,25,-23
117900044,171,8744,-8573
117900045,557,167,390
117900048,656,216,440
117900049,869,779,90
117900050,33,1570,-1537
117900051,84,91,-7
117900052,162,1097,-935
117900053,2915,211,2704
117900054,1,18,-17
117900055,4243,614,3629
117900056,162,132,30
117900057,1678,908,770
117900058,168,1798,-1630
117900059,185,449,-264
117900060,4460,2115,2345
117900061,26,671,-645
117900063,1181,339,842
117900065,328,1474,-1146
117900066,10,234,-224
117900067,1905,285,1620
117900069,2141,200,1941
117900070,49,725,-676
117900071,377,234,143
117900073,1611,193,1418
117900074,46,1291,-1245
117900075,248,216,32
117900076,32,261,-229
117900077,1336,134,1202
117900078,678,901,-223
117900080,334,129,205
117900081,387,406,-19
117900082,1287,461,826
117900083,1079,1009,70
117900086,491,313,178
117900087,252,50,202
117900088,809,1187,-378
117900089,3786,693,3093
117900090,1264,1288,-24
117900091,264,65,199
117900092,223,148,75
117900093,170,47,123
117900094,115,84,31
117900095,940,790,150
117900096,382,1267,-885
117900097,221,54,167
117900098,117,30,87
117900099,364,1418,-1054
117900100,1329,6,1323
117900101,1798,3904,-2106
117900102,174,31,143
117900103,183,26,157
117900104,42,768,-726
117900105,102,243,-141
117900106,199,35,164
117900107,128,2,126
117900109,2044,723,1321
117900110,372,0,372
117900111,2020,205,1815
117900112,84,29,55
117900113,1487,4352,-2865
117900114,75,0,75
117900115,34,686,-652
117900116,956,720,236
117900117,1472,295,1177
117900118,381,0,381
117900119,442,34,408
117900120,1793,156,1637
117900121,182,110,72
117900122,1174,9683,-8509
117900123,2206,680,1526
117900124,276,1100,-824
117900125,2332,1432,900
117900126,198,330,-132
117900127,1378,583,795
117900128,727,294,433
117900129,198,3,195
117900130,1277,734,543
117900131,18,76,-58
117900132,27,77,-50
117900133,21,41,-20
117900134,34,295,-261
117900135,50,72,-22
117900136,0,17,-17
117900137,102,294,-192
117900138,0,4,-4
117900139,99,94,5
117900140,10102,1515,8587
117900141,89,652,-563
117900142,41,937,-896
117900144,63,2338,-2275
117900145,16,676,-660
117900146,60,735,-675
117900147,241,328,-87
117900148,5848,6817,-969
117900149,107,175,-68
117900150,157,107,50
117900151,109,737,-628
117900152,74,281,-207
117900153,65,328,-263
117900154,1166,1078,88
117900156,452,499,-47
117900157,99,689,-590
117900158,580,134,446
117900160,1348,1097,251
117900161,993,856,137
117900162,1296,632,664
117900163,43,1582,-1539
117900165,0,3,-3
117900166,22,484,-462
117900168,58,183,-125
117900169,3,58,-55
117900170,1,72,-71
117900171,3,13,-10
117900172,18,25,-7
117900173,116,81,35
117900174,53,96,-43
117900175,4,28,-24
117900176,28,9,19
117900177,69,49,20
117900178,130,61,69
117900180,400,89,311
117900181,77,781,-704
117900182,5,110,-105
117900183,182,312,-130
117900184,64,129,-65
117900185,99,20,79
117900186,91,22,69
117900187,52,11,41
117900188,364,85,279
117900189,102,55,47
117900190,16,1,15
117900191,182,0,182
117900192,406,1,405
117900193,36,67,-31
117900194,37,18,19
117900195,25,74,-49
117900196,45,49,-4
117900207,95,209,-114
117900208,67,84,-17
117900209,216,75,141
117900210,144,115,29
117900211,4,84,-80
117900212,215,192,23
117900213,50,9,41
117900214,18,6,12
117900216,12,84,-72
117900217,81,690,-609
117900218,1220,501,719
117900219,4,603,-599
117900220,11,786,-775
117900221,6,89,-83
118000001,1194,4327,-3133
118000002,829,1884,-1055
118000003,2762,7616,-4854
118000004,1372,10433,-9061
118000005,6756,4174,2582
118000006,8025,6101,1924
118000007,7471,18602,-11131
118000008,1273,11620,-10347
118000009,2421,5473,-3052
118000010,4942,5499,-557
118000011,3974,1840,2134
118000012,1512,3064,-1552
118000013,4830,4945,-115
118000014,2539,2493,46
118000016,573,280,293
118000017,1460,492,968
118000018,574,205,369
118000019,1244,2667,-1423
118000020,536,2906,-2370
118000021,883,4177,-3294
118000022,1377,919,458
118000023,712,535,177
118000024,604,1146,-542
118000025,229,996,-767
118000027,16710,7920,8790
118000029,771,729,42
118000032,252,2777,-2525
118000033,2178,6684,-4506
118000034,4106,5380,-1274
118000035,2995,3142,-147
118000036,1277,1756,-479
118000037,1261,4433,-3172
118000038,1172,165,1007
118000039,232,95,137
118000040,3185,3159,26
118000041,5979,2272,3707
118000045,193,456,-263
118000046,1375,2553,-1178
118000047,936,8270,-7334
118000048,1812,7459,-5647
118000051,1529,8350,-6821
118000052,825,3067,-2242
118000053,659,3230,-2571
118000054,5959,1358,4601
118000055,6040,2652,3388
118000056,121,1017,-896
118000057,210,464,-254
118000058,2440,9198,-6758
118000059,1858,4707,-2849
118000060,2186,892,1294
118000061,1810,2284,-474
118000062,673,293,380
118000063,563,1322,-759
118000064,907,2013,-1106
118000065,2306,2695,-389
118000066,2198,5930,-3732
118000067,536,1000,-464
118000068,1521,16373,-14852
118000069,1439,2470,-1031
118000070,11818,3452,8366
118000071,8797,16399,-7602
118000072,874,5731,-4857
118000073,478,2946,-2468
118000074,652,702,-50
118000075,799,496,303
118000076,3037,13535,-10498
118000077,1442,3209,-1767
118000078,2718,4723,-2005
118000079,301,1008,-707
118000080,479,2279,-1800
118000081,2067,2939,-872
118000082,667,1740,-1073
118000083,1921,2740,-819
118000084,2503,3948,-1445
118000086,173,1082,-909
118000087,8073,4012,4061
118000088,1609,2823,-1214
118000089,6465,5562,903
118000090,1149,5925,-4776
118000091,2666,7113,-4447
118000092,1430,1183,247
118000093,148,1082,-934
118000096,1121,1269,-148
118000097,1110,1375,-265
118000098,300,536,-236
118000099,1410,582,828
118000101,3060,556,2504
118000102,575,841,-266
118000107,5157,876,4281
118000108,1693,7790,-6097
118000110,2,61,-59
118000111,1,181,-180
118000112,1978,13,1965
118000113,15,313,-298
118000114,1785,26,1759
118000115,30,18,12
118000116,55,0,55
118000117,883,2252,-1369
118000118,1916,3364,-1448
118000119,1857,3401,-1544
118000120,1688,1606,82
118000121,14,785,-771
118000122,753,377,376
118000123,63,360,-297
118000125,1283,3959,-2676
118000126,1133,4188,-3055
118000127,1658,2342,-684
118000128,465,4641,-4176
118000129,2809,1790,1019
118000130,3559,5429,-1870
118000131,689,1762,-1073
118000132,4221,3698,523
118000133,2378,1406,972
118000135,970,2294,-1324
118000136,182,2409,-2227
118000137,572,377,195
118000138,623,579,44
118000139,810,271,539
118000140,7712,15026,-7314
118000141,5098,2508,2590
118000142,5231,2733,2498
118000143,4956,2262,2694
118000144,1092,719,373
118000145,2021,1605,416
118000146,2401,541,1860
118000147,2101,1295,806
118000148,1496,2046,-550
118000149,1349,490,859
118000150,1154,268,886
118000151,1373,480,893
118000153,3288,1236,2052
118000154,2255,1682,573
118000155,4460,1481,2979
118000156,3514,5996,-2482
118000157,995,356,639
118000158,445,847,-402
118000159,72,182,-110
118000160,1501,416,1085
118000161,1388,431,957
118000162,1867,1128,739
118000163,1897,1547,350
118000164,3173,2390,783
118000168,727,2536,-1809
118000169,1461,1073,388
118000170,4318,3316,1002
118000171,604,838,-234
118000172,73,290,-217
118000173,1327,2031,-704
118000175,212,299,-87
118000176,766,430,336
118000177,555,794,-239
118000178,55,55,0
118000179,1074,952,122
118000180,881,699,182
118000181,693,244,449
118000182,456,231,225
118000183,367,339,28
118000184,2287,669,1618
118000185,699,2957,-2258
118000186,499,2228,-1729
118000187,4210,560,3650
118000188,1471,95,1376
118000189,2326,561,1765
118000190,9,30,-21
118000191,13,67,-54
118000192,19,412,-393
118000193,8,154,-146
118000194,3858,1223,2635
118000195,324,10282,-9958
118000196,88,2447,-2359
118000197,72,412,-340
118000198,560,2799,-2239
118000199,446,3131,-2685
118000200,206,1617,-1411
118000201,180,1735,-1555
118000202,77,1084,-1007
118000203,327,2248,-1921
118000204,77,1082,-1005
118000205,104,518,-414
118000206,343,648,-305
118000207,1,92,-91
118000208,2341,2222,119
118000209,4185,945,3240
118000210,317,57,260
118000211,174,106,68
118000213,674,10533,-9859
118000214,575,1391,-816
118000215,729,204,525
118000216,15061,3101,11960
118000217,18,86,-68
118000218,258,41,217
118000219,343,440,-97
118000220,87,76,11
118000221,1412,1378,34
118000222,105,17,88
118000223,144,51,93
118000224,224,89,135
118000225,291,2690,-2399
118000226,2179,310,1869
118000227,1692,790,902
118000228,108,586,-478
118000229,54,1843,-1789
118000230,205,547,-342
118000231,66,800,-734
118000232,1543,288,1255
118000233,2336,780,1556
118000234,981,159,822
118000236,502,1026,-524
118000237,379,486,-107
118000238,531,244,287
118000239,451,701,-250
118000240,210,123,87
118000241,608,259,349
118000242,1078,307,771
118000243,446,205,241
118000244,184,69,115
118000246,1,73,-72
118000255,33,500,-467
118000256,209,261,-52
118000259,59,180,-121
118000260,393,125,268
118000261,192,10,182
118000263,164,321,-157
118000266,363,307,56
118000267,2,654,-652
118000268,396,43,353
118000270,539,11,528
118000271,393,243,150
118000272,165,46,119
118000273,540,47,493
118000274,150,557,-407
118000276,787,319,468
118000295,87,197,-110
118000298,235,101,134
118000299,84,104,-20
118000301,1,201,-200
118000302,254,38,216
118000311,1919,69,1850
118000312,733,145,588
118000313,194,68,126
118000314,327,14,313
118000315,190,32,158
118000316,1404,521,883
118000325,169,90,79
118000326,137,28,109
118000331,58,29,29
118000332,36,38,-2
118000333,47,54,-7
118000335,1230,7,1223
118000336,3,266,-263
118000407,629,42,587
118000457,13,148,-135
118000465,748,4263,-3515
118000480,134,64,70
118000489,7,920,-913
118000490,6,539,-533
118000492,531,162,369
118000510,135,36,99
118000514,106,1016,-910
118000515,801,2194,-1393
118000517,642,173,469
118000524,210,955,-745
118000525,673,855,-182
118000530,32,347,-315
118000531,744,255,489
118000532,366,307,59
118000533,404,125,279
118000534,1314,455,859
118000535,564,127,437
118000536,86,875,-789
118000537,31,227,-196
118000538,33,255,-222
118000539,38,188,-150
118000540,318,457,-139
118000541,85,205,-120
118000542,234,721,-487
118000543,436,656,-220
118000546,79,57,22
118000560,1791,3961,-2170
118000562,137,144,-7
118000563,2048,1253,795
118000576,207,38,169
118000577,195,172,23
118000578,98,76,22
118000579,614,3833,-3219
118000595,297,98,199
118000596,2,1017,-1015
118000597,235,44,191
118000598,26,5,21
118000599,378,43,335
118000600,1,20,-19
118000601,61,5,56
118000602,2,44,-42
118000603,0,10,-10
118900001,980,1757,-777
118900002,1467,1263,204
118900003,1243,11,1232
118900004,357,119,238
118900005,140,11,129
118900006,288,15,273
118900007,2,2,0
118900008,2228,123,2105
118900009,213,228,-15
118900010,145,28,117
118900011,198,19,179
118900012,243,492,-249
118900013,2670,899,1771
118900015,387,44,343
118900016,7,2,5
118900017,29,280,-251
118900018,2100,72,2028
118900019,22,8,14
118900020,46,275,-229
118900021,142,1641,-1499
118900022,106,21,85
118900023,84,294,-210
118900024,110,227,-117
118900025,23,102,-79
118900026,71,12,59
118900027,853,274,579
118900028,355,141,214
118900029,343,729,-386
118900030,1235,128,1107
118900031,110,41,69
118900032,365,75,290
118900033,428,1486,-1058
118900034,388,28,360
118900035,193,101,92
118900036,1566,407,1159
118900037,416,1325,-909
118900038,808,87,721
118900039,1294,212,1082
118900040,413,124,289
118900041,1429,455,974
118900042,104,65,39
118900045,288,203,85
118900046,386,408,-22
118900047,464,477,-13
118900048,161,938,-777
118900049,235,44,191
118900050,94,6,88
118900051,47,382,-335
118900052,370,1024,-654
118900053,36,75,-39
118900054,339,13,326
118900055,331,6,325
118900056,43,812,-769
118900057,1300,714,586
118900058,658,790,-132
118900059,38,192,-154
118900060,52,67,-15
118900062,568,139,429
118900064,461,879,-418
118900065,95,292,-197
118900066,189,134,55
118900067,4896,6167,-1271
118900068,10,700,-690
118900069,833,332,501
118900071,14,26,-12
118900072,1447,1161,286
118900073,357,170,187
118900074,468,153,315
118900075,389,9,380
118900076,363,306,57
118900077,965,193,772
118900078,10,3,7
118900079,30,228,-198
118900080,169,50,119
118900081,68,38,30
118900082,3635,338,3297
118900083,22,4,18
118900084,28,27,1
118900085,451,547,-96
118900086,47,150,-103
118900087,221,1492,-1271
118900088,0,2,-2
118900089,19,38,-19
118900090,501,198,303
118900091,326,397,-71
118900092,557,38,519
118900093,181,36,145
118900096,53,41,12
118900097,584,661,-77
118900099,65,164,-99
118900100,129,502,-373
118900101,430,212,218
118900102,63,163,-100
118900103,38,246,-208
118900104,724,122,602
118900105,307,109,198
118900107,141,73,68
118900108,167,353,-186
118900109,122,308,-186
118900110,1831,1989,-158
118900111,1586,528,1058
118900112,469,638,-169
118900113,64,380,-316
118900114,54,296,-242
118900115,150,604,-454
118900116,119,285,-166
118900117,182,126,56
118900118,559,253,306
118900119,306,223,83
118900120,99,322,-223
118900121,43,232,-189
118900122,6,1414,-1408
118900123,222,268,-46
118900124,230,357,-127
118900126,65,367,-302
118900129,403,237,166
118900130,35,190,-155
118900131,666,180,486
118900132,653,228,425
118900133,18,306,-288
118900135,491,268,223
118900136,515,323,192
118900137,8,230,-222
118900139,585,235,350
118900140,919,547,372
118900141,198,116,82
118900144,543,266,277
118900145,23,256,-233
118900146,709,393,316
118900147,147,1402,-1255
118900148,125,68,57
118900150,156,957,-801
118900152,745,415,330
118900157,98,606,-508
118900158,331,34,297
118900159,3,250,-247
118900161,101,67,34
118900163,69,73,-4
118900164,0,77,-77
118900165,151,51,100
118900166,18,0,18
118900167,122,39,83
118900168,76,181,-105
118900169,322,153,169
118900170,676,73,603
118900171,180,80,100
118900174,139,71,68
118900175,997,493,504
118900176,271,410,-139
118900177,190,13,177
118900178,150,99,51
118900179,16,29,-13
118900181,256,73,183
118900182,87,72,15
118900183,63,340,-277
118900184,217,53,164
118900185,247,40,207
118900186,30,355,-325
118900187,142,1186,-1044
118900188,460,332,128
118900189,46,947,-901
118900190,267,304,-37
118900191,826,87,739
118900192,967,59,908
118900193,1604,19,1585
118900195,237,803,-566
118900196,55,180,-125
118900197,526,116,410
118900198,64,15,49
118900199,120,6,114
118900200,55,55,0
118900201,34,136,-102
118900202,3,88,-85
118900203,111,6,105
118900204,73,2,71
118900205,8,2,6
118900206,11,10,1
119000001,2232,3078,-846
119000002,4688,5210,-522
119000003,5819,1346,4473
119000004,4086,3523,563
119000005,3503,4388,-885
119000006,5949,2612,3337
119000007,6441,7184,-743
119000008,3447,2806,641
119000009,2938,10619,-7681
119000010,5521,6581,-1060
119000011,2951,3679,-728
119000012,1864,5494,-3630
119000013,4778,2605,2173
119000014,2560,3388,-828
119000019,401,321,80
119000020,4019,2195,1824
119000021,7607,5030,2577
119000022,1972,7040,-5068
119000023,182,716,-534
119000024,3129,37429,-34300
119000025,5571,2015,3556
119000026,67,943,-876
119000027,184,750,-566
119000028,2848,787,2061
119000029,58,360,-302
119000030,677,754,-77
119000031,1777,811,966
119000032,2227,1839,388
119000033,2975,1170,1805
119000034,2357,844,1513
119000035,57,204,-147
119000036,4571,443,4128
119000037,2972,1109,1863
119000038,541,398,143
119000039,1286,703,583
119000040,1261,1612,-351
119000041,1294,2738,-1444
119000048,3079,1742,1337
119000049,5223,3031,2192
119000050,1778,2882,-1104
119000051,3706,1940,1766
119000052,6750,2751,3999
119000053,3089,1608,1481
119000054,5558,1407,4151
119000055,9987,1845,8142
119000056,6656,1836,4820
119000057,2751,1027,1724
119000058,2357,1188,1169
119000059,1290,1317,-27
119000060,3346,932,2414
119000061,1251,566,685
119000062,1341,1018,323
119000063,1344,865,479
119000064,1087,1042,45
119000065,1352,3978,-2626
119000066,2907,1290,1617
119000067,2040,1515,525
119000068,3225,1039,2186
119000069,2847,1475,1372
119000070,5217,771,4446
119000071,359,444,-85
119000072,5760,3258,2502
119000073,5377,17512,-12135
119000074,2568,1554,1014
119000075,6721,3084,3637
119000076,193,690,-497
119000077,1054,379,675
119000078,679,180,499
119000079,156,419,-263
119000080,1463,230,1233
119000081,516,938,-422
119000082,1617,247,1370
119000083,1086,682,404
119000084,458,554,-96
119000085,1069,133,936
119000086,418,1080,-662
119000087,1018,258,760
119000088,405,116,289
119000089,102,213,-111
119000090,173,57,116
119000091,103,285,-182
119000092,381,155,226
119000093,6456,3873,2583
119000094,7500,8266,-766
119000095,4302,10336,-6034
119000097,1931,1312,619
119000098,1926,10495,-8569
119000099,2835,1028,1807
119000100,8035,4379,3656
119000101,4381,1905,2476
119000102,348,2071,-1723
119000103,881,674,207
119000104,1787,1029,758
119000105,1538,4784,-3246
119000106,643,808,-165
119000107,2034,846,1188
119000108,1209,869,340
119000109,204,691,-487
119000110,446,386,60
119000111,73,995,-922
119000112,185,97,88
119000113,993,362,631
119000114,2705,1969,736
119000115,127,251,-124
119000116,219,160,59
119000117,195,558,-363
119000118,30,1,29
119000123,1853,5818,-3965
119000124,1959,240,1719
119000125,8585,704,7881
119000126,2230,530,1700
119000127,1573,386,1187
119000128,19,2,17
119000131,2078,195,1883
119000132,2,4,-2
119000133,10,14,-4
119000134,1325,901,424
119000135,319,174,145
119000136,716,111,605
119000137,421,140,281
119000138,1685,74,1611
119000139,338,105,233
119000140,565,528,37
119000284,1285,1885,-600
119000285,1995,1362,633
119000286,4302,3295,1007
119000287,1715,1889,-174
119000288,3355,1046,2309
119000289,1542,3288,-1746
119000290,251,352,-101
119000291,246,475,-229
119000293,237,275,-38
119000294,71,52,19
119000295,2895,441,2454
119000296,465,121,344
119000302,2518,1227,1291
119000303,25,579,-554
119000314,3292,19297,-16005
119000315,0,139,-139
119000316,286,85,201
119000317,147,115,32
119900001,173,3239,-3066
119900002,458,358,100
119900003,9,292,-283
119900004,198,4710,-4512
119900005,571,82,489
119900006,108,645,-537
119900007,648,410,238
119900008,26,85,-59
119900009,847,373,474
119900010,900,591,309
119900011,26,555,-529
119900012,31,226,-195
119900013,1769,1531,238
119900014,609,124,485
119900015,553,108,445
119900016,105,127,-22
119900017,74,36,38
119900018,1168,2986,-1818
119900019,226,20,206
119900020,149,181,-32
119900021,364,83,281
119900022,138,2675,-2537
119900023,678,5250,-4572
119900025,773,32,741
119900026,914,148,766
119900027,6,11,-5
119900028,262,394,-132
119900029,7,5,2
119900030,957,556,401
119900031,90,1672,-1582
119900033,998,332,666
119900034,1515,45,1470
119900037,315,9,306
119900038,41,733,-692
119900039,76,10,66
119900040,260,86,174
119900041,555,43,512
119900042,90,388,-298
119900043,223,151,72
119900044,182,966,-784
119900046,609,39,570
119900047,725,357,368
119900048,103,15,88
119900049,271,8,263
119900050,330,303,27
119900051,2716,56,2660
119900052,415,38,377
119900053,536,137,399
119900054,746,11,735
119900055,1808,427,1381
119900057,808,47,761
119900058,794,8,786
119900059,121,17,104
119900060,416,76,340
119900061,1120,9,1111
119900062,251,15,236
119900063,19,167,-148
119900064,1435,200,1235
119900065,311,3,308
119900066,1,0,1
119900067,210,44,166
119900068,1469,18,1451
119900069,147,7,140
119900070,2314,11,2303
119900071,1623,64,1559
119900072,598,232,366
119900073,1579,248,1331
119900074,13,95,-82
119900075,1911,1761,150
119900076,1992,222,1770
119900077,1628,313,1315
119900078,1039,480,559
119900079,1051,146,905
119900080,689,389,300
119900081,585,48,537
119900082,3401,381,3020
119900083,827,54,773
119900084,545,1037,-492
119900085,61,27,34
119900086,448,300,148
119900087,340,2235,-1895
119900088,16,29,-13
119900089,91,162,-71
119900090,61,20,41
119900091,128,202,-74
119900092,18,608,-590
119900093,4855,237,4618
119900094,7,218,-211
119900095,201,88,113
119900096,19,103,-84
119900097,168,237,-69
119900098,40,26,14
119900099,25,135,-110
119900100,613,3141,-2528
119900101,296,1353,-1057
119900102,74,96,-22
119900103,58,60,-2
119900104,37,88,-51
119900105,726,2322,-1596
119900106,12,112,-100
119900107,262,1124,-862
119900108,3702,542,3160
119900109,13,124,-111
119900110,799,397,402
119900111,481,78,403
119900112,785,1663,-878
119900113,62,186,-124
119900114,342,500,-158
119900115,1102,224,878
119900116,222,603,-381
119900117,513,300,213
119900118,303,148,155
119900119,544,162,382
119900120,555,303,252
119900121,1187,415,772
119900122,56,138,-82
119900123,226,361,-135
119900124,633,391,242
119900125,53,134,-81
119900126,2784,292,2492
119900127,569,303,266
119900128,820,834,-14
119900129,632,157,475
119900130,4,144,-140
119900131,107,79,28
119900132,0,56,-56
119900133,220,87,133
119900134,569,78,491
119900135,1,156,-155
119900136,91,191,-100
119900138,245,248,-3
119900139,19,230,-211
119900140,0,52,-52
119900141,43,1672,-1629
119900142,12,42,-30
119900143,57,256,-199
119900144,905,220,685
119900145,60,299,-239
119900146,347,146,201
119900147,6,309,-303
119900148,541,43,498
119900149,547,11542,-10995
119900150,124,154,-30
119900151,3536,1890,1646
119900152,434,144,290
119900153,433,51,382
119900154,81,232,-151
119900155,47,29,18
119900156,22,7,15
119900157,348,167,181
119900158,384,107,277
119900159,1,366,-365
119900160,24,160,-136
119900161,156,127,29
119900162,2165,978,1187
119900163,63,189,-126
119900164,0,1,-1
119900165,361,75,286
119900166,193,37,156
119900167,0,93,-93
119900168,2802,380,2422
119900169,58,620,-562
119900170,190,328,-138
119900171,1229,360,869
119900172,33,25,8
119900173,20,175,-155
119900174,3,258,-255
119900175,3645,373,3272
119900177,29,162,-133
119900178,3,135,-132
119900179,411,1631,-1220
119900180,1781,835,946
119900181,53,99,-46
119900182,5,78,-73
119900183,125,550,-425
119900184,765,504,261
119900185,151,528,-377
119900186,9,2943,-2934
119900187,6,185,-179
119900188,322,356,-34
119900189,151,389,-238
119900190,178,552,-374
119900191,161,732,-571
119900192,102,131,-29
119900193,1352,184,1168
119900194,37,44,-7
119900195,11,173,-162
119900196,510,79,431
119900197,857,452,405
119900198,178,245,-67
119900199,346,31,315
119900200,1347,700,647
119900201,278,223,55
119900202,43,461,-418
119900203,270,1279,-1009
119900204,537,416,121
119900205,2280,319,1961
119900206,513,149,364
119900208,137,111,26
119900209,766,3626,-2860
119900210,185,5,180
119900211,74,6,68
119900212,499,291,208
119900213,14,94,-80
119900214,161,33,128
119900215,57,18,39
119900216,53,37,16
119900217,1,26,-25
119900218,9,114,-105
119900219,29,58,-29
119900220,12,20,-8
119900221,59,71,-12
119900222,9,79,-70
119900223,27,40,-13
119900224,57,16,41
119900225,359,26,333
119900226,248,3254,-3006
119900227,280,226,54
119900228,20,351,-331
119900229,116,241,-125
119900230,1079,295,784
119900231,579,114,465
119900232,282,145,137
119900233,92,12,80
119900234,11,250,-239
119900235,17,96,-79
119900236,59,214,-155
119900237,101,624,-523
119900238,2,58,-56
119900240,79,68,11
119900241,326,139,187
119900242,2655,1799,856
119900244,1095,1073,22
119900245,463,288,175
119900246,210,705,-495
119900247,17,57,-40
119900248,47,1066,-1019
119900249,635,202,433
119900253,1463,356,1107
119900254,113,2837,-2724
119900255,258,850,-592
119900256,1414,467,947
119900257,114,7,107
119900258,376,41,335
119900259,18,71,-53
119900260,296,24,272
119900261,795,301,494
119900262,1,138,-137
119900263,1959,237,1722
119900264,419,42,377
119900265,652,239,413
119900266,1208,207,1001
119900267,171,317,-146
119900268,492,64,428
119900269,1949,442,1507
119900271,40,186,-146
119900272,131,323,-192
119900275,254,36,218
119900276,249,5,244
119900277,23,7,16
119900278,708,99,609
119900279,122,501,-379
119900280,735,66,669
119900281,1,552,-551
119900282,46,154,-108
119900283,110,77,33
119900284,86,131,-45
119900285,2,101,-99
119900286,1,12,-11
119900288,13,4,9
119900289,1,7,-6
119900290,11,2,9
119900291,1,67,-66
119900292,33,91,-58
119900293,36,38,-2
119900294,37,59,-22
119900295,26,16,10
119900296,113,24,89
119900297,3,22,-19
119900298,7,4,3
119900299,114,172,-58
119900300,405,340,65
119900301,136,499,-363
119900302,79,457,-378
119900303,451,155,296
119900304,298,21,277
119900305,4,126,-122
119900306,25,3,22
119900307,47,90,-43
119900308,8,43,-35
119900309,60,601,-541
119900310,410,299,111
119900311,335,43,292
119900312,337,51,286
119900313,310,304,6
119900314,402,612,-210
119900315,4356,1155,3201
119900318,26,168,-142
119900319,0,101,-101
119900320,457,214,243
119900321,357,13,344
120000001,13044,47269,-34225
120000002,3459,3436,23
120000003,2995,1216,1779
120000004,4000,1268,2732
120000005,2970,1632,1338
120000006,2343,1250,1093
120000007,3702,7266,-3564
120000008,1636,1260,376
120000009,1900,1226,674
120000010,3673,4363,-690
120000011,2321,2076,245
120000012,3082,2225,857
120000013,6957,3904,3053
120000014,1596,2918,-1322
120000015,5006,3339,1667
120000016,6569,3341,3228
120000017,6402,6762,-360
120000018,4722,27970,-23248
120000019,1858,2399,-541
120000020,3206,5332,-2126
120000021,2467,2479,-12
120000022,3327,4211,-884
120000023,2476,2103,373
120000024,1563,2636,-1073
120000025,4583,1957,2626
120000026,5754,2386,3368
120000027,4229,2514,1715
120000028,1211,3197,-1986
120000029,1842,2841,-999
120000030,229,1692,-1463
120000031,2697,7462,-4765
120000032,5524,3162,2362
120000033,5261,1527,3734
120000034,6115,1220,4895
120000035,5706,1907,3799
120000036,5212,7686,-2474
120000037,772,2754,-1982
120000038,6293,4502,1791
120000039,958,2436,-1478
120000040,120,3186,-3066
120000041,659,1413,-754
120000042,4123,1624,2499
120000043,8258,987,7271
120000044,10286,1522,8764
120000045,11891,977,10914
120000046,7078,6483,595
120000047,994,20054,-19060
120000048,16644,6450,10194
120000049,6945,7487,-542
120000050,5346,8621,-3275
120000051,3322,6664,-3342
120000052,7041,1097,5944
120000053,1937,1513,424
120000054,1688,2346,-658
120000055,1797,3253,-1456
120000056,6437,3989,2448
120000057,5971,1200,4771
120000058,1373,1336,37
120000059,14,2584,-2570
120000061,210,982,-772
120000062,226,392,-166
120000063,684,2253,-1569
120000064,460,606,-146
120000065,587,987,-400
120000066,241,416,-175
120000067,34,179,-145
120000068,384,260,124
120000069,1118,335,783
120000070,287,416,-129
120000071,1522,109,1413
120000072,2073,565,1508
120000073,1991,59,1932
120000074,135,209,-74
120000075,2232,672,1560
120000076,4807,476,4331
120000077,4811,786,4025
120000078,3829,1378,2451
120000079,245,195,50
120000080,89,326,-237
120000081,324,134,190
120000082,388,245,143
120000083,72,935,-863
120000084,342,439,-97
120000085,426,431,-5
120000086,218,298,-80
120000087,293,354,-61
120000088,1301,1126,175
120000089,1588,583,1005
120000090,1315,694,621
120000091,1920,882,1038
120000092,1598,349,1249
120000093,1217,572,645
120000094,605,1111,-506
120000095,1398,178,1220
120000096,761,419,342
120000098,1799,750,1049
120000099,755,688,67
120000100,1300,794,506
120000101,1559,464,1095
120000102,1345,1705,-360
120000103,2397,1461,936
120000104,4067,517,3550
120000105,5243,381,4862
120000106,6586,483,6103
120000107,10544,635,9909
120000108,3865,262,3603
120000109,2210,116,2094
120000110,75,762,-687
120000111,233,763,-530
120000112,670,1182,-512
120000113,724,1107,-383
120000114,580,1204,-624
120000115,456,1138,-682
120000116,584,1423,-839
120000117,506,937,-431
120000118,55,125,-70
120000119,34,39,-5
120000120,223,375,-152
120000121,11,74,-63
120000122,470,1682,-1212
120000123,2564,15970,-13406
120000124,959,974,-15
120000125,2139,719,1420
120000126,591,4959,-4368
120000127,1101,2427,-1326
120000128,3466,9557,-6091
120000129,427,272,155
120000130,1594,702,892
120000131,884,930,-46
120000134,436,324,112
120000135,1872,820,1052
120000137,524,289,235
120000138,3657,264,3393
120000139,619,257,362
120000140,3207,178,3029
120000141,488,346,142
120000142,1558,387,1171
120000143,0,35,-35
120000144,222,16,206
120000145,1266,0,1266
120000146,1690,2516,-826
120000149,859,686,173
120000150,1933,17215,-15282
120000151,1026,597,429
120000152,2098,237,1861
120000153,1376,712,664
120000154,1049,966,83
120000155,526,800,-274
120000156,675,4343,-3668
120000157,1945,675,1270
120000158,1845,834,1011
120000159,2909,1396,1513
120000160,2949,1993,956
120000161,5869,3437,2432
120000162,226,475,-249
120000163,1392,795,597
120000164,1265,168,1097
120000165,1555,545,1010
120000166,2646,471,2175
120000167,523,321,202
120000168,9,1113,-1104
120000169,101,3041,-2940
120000170,19,2764,-2745
120000171,6,889,-883
120000172,6,528,-522
120000173,177,1711,-1534
120000174,23,45,-22
120000175,56,66,-10
120000176,7,42,-35
120000177,627,138,489
120000178,6,19,-13
120000179,41,81,-40
120000180,17,48,-31
120000181,97,1932,-1835
120000182,37,1097,-1060
120000183,6,345,-339
120000184,297,1655,-1358
120000186,20,1875,-1855
120000187,19,1489,-1470
120000188,28,937,-909
120000190,63,57,6
120000191,51,169,-118
120000192,102,20,82
120000193,41,5,36
120000195,8,4,4
120000196,42,6,36
120000197,14,7,7
120000198,768,21,747
120000199,817,0,817
120000200,601,5,596
120000201,118,197,-79
120000202,0,47,-47
120000203,484,245,239
120000207,2,35,-33
120000208,142,53,89
120000209,11,10,1
120000210,15,29,-14
120000211,893,4,889
120000212,741,1,740
120000213,663,126,537
120000214,0,41,-41
120000215,9,62,-53
120000216,690,44,646
120000217,242,1032,-790
120000218,40,348,-308
120000219,2,270,-268
120000220,4,719,-715
120000225,4947,14,4933
120000226,1089,15,1074
120000227,1724,219,1505
120000228,13537,6755,6782
120000230,882,50,832
120000231,3387,659,2728
120000233,1283,67,1216
120000235,724,514,210
120000236,3387,4,3383
120000237,0,836,-836
120000238,2,966,-964
120000241,2054,7197,-5143
120000412,263,16,247
120000413,1222,205,1017
120000414,495,6,489
120000415,1,28,-27
120000416,295,7,288
120000417,14,113,-99
120000418,957,37,920
120000419,60,68,-8
120000420,48,10,38
120000421,10710,5352,5358
120000422,241,5442,-5201
120000423,11,345,-334
120000424,669,94,575
120000436,144,2183,-2039
120000437,107,187,-80
120000438,1822,374,1448
120000439,495,1386,-891
120000443,293,1,292
120000444,3026,577,2449
120000445,3740,2607,1133
120000446,3662,234,3428
120000447,990,6,984
120000449,570,9,561
120000450,20,60,-40
120000451,367,281,86
120000452,711,5,706
120000453,0,22,-22
120000454,80,107,-27
120000455,277,87,190
120000456,3058,8476,-5418
120000457,516,365,151
120000458,400,607,-207
120000459,340,122,218
120000665,176,592,-416
120000668,181,3715,-3534
120000669,843,141,702
120000670,61,1138,-1077
120000671,6048,1251,4797
120000672,64,343,-279
120900001,146,54,92
120900002,142,1156,-1014
120900003,279,16,263
120900004,7,329,-322
120900005,128,314,-186
120900006,1405,260,1145
120900007,673,89,584
120900008,1041,464,577
120900009,355,28,327
120900010,1209,240,969
120900011,68,489,-421
120900012,55,2290,-2235
120900013,538,281,257
120900014,2,415,-413
120900015,1818,320,1498
120900016,3671,147,3524
120900017,2317,93,2224
120900018,408,229,179
120900019,765,676,89
120900020,515,999,-484
120900021,673,238,435
120900022,5,244,-239
120900023,768,79,689
120900024,1895,498,1397
120900025,1210,1040,170
120900026,219,184,35
120900027,672,63,609
120900028,1089,380,709
120900029,33,1493,-1460
120900030,4086,837,3249
120900031,509,130,379
120900032,2447,61,2386
120900033,2560,256,2304
120900034,10,5707,-5697
120900035,200,217,-17
120900037,773,35,738
120900038,265,854,-589
120900039,130,90,40
120900040,693,12,681
120900041,27,48,-21
120900042,1045,24,1021
120900043,245,93,152
120900044,6,864,-858
120900045,151,72,79
120900046,1701,10,1691
120900047,190,260,-70
120900048,341,36,305
120900049,1155,16,1139
120900050,1209,5320,-4111
120900051,652,108,544
120900052,2219,9,2210
120900053,1116,16,1100
120900054,831,305,526
120900055,1432,15,1417
120900056,1328,74,1254
120900057,725,29,696
120900058,1486,12,1474
120900059,431,6,425
120900060,192,29,163
120900061,348,204,144
120900062,936,7,929
120900063,2301,61,2240
120900064,1760,5,1755
120900065,1486,13,1473
120900066,2134,432,1702
120900067,527,181,346
120900068,808,1,807
120900069,1046,43,1003
120900071,78,3,75
120900072,2219,32,2187
120900073,2391,82,2309
120900074,2414,80,2334
120900076,1114,1,1113
120900077,1749,378,1371
120900078,1714,370,1344
120900079,2485,65,2420
120900080,2511,302,2209
120900081,3632,395,3237
120900082,394,631,-237
120900083,208,0,208
120900084,1141,922,219
120900085,39,102,-63
120900086,46,1316,-1270
120900087,888,296,592
120900088,460,1406,-946
120900089,2251,7056,-4805
120900090,643,4,639
120900091,234,1105,-871
120900092,134,275,-141
120900093,1245,159,1086
120900094,269,207,62
120900095,523,50,473
120900096,175,177,-2
120900097,933,526,407
120900098,75,113,-38
120900099,113,73,40
120900100,113,193,-80
120900101,60,118,-58
120900102,210,75,135
120900103,314,285,29
120900104,18,61,-43
120900105,37,334,-297
120900106,296,225,71
120900107,98,150,-52
120900108,53,234,-181
120900109,33,324,-291
120900110,20,204,-184
120900111,291,149,142
120900112,128,257,-129
120900113,34,398,-364
120900114,64,203,-139
120900115,171,350,-179
120900116,1536,150,1386
120900117,16,98,-82
120900118,47,235,-188
120900119,11411,3011,8400
120900120,160,942,-782
120900121,47,330,-283
120900122,1776,173,1603
120900123,101,85,16
120900124,7,121,-114
120900125,9,403,-394
120900126,213,632,-419
120900127,83,168,-85
120900128,223,562,-339
120900129,25,115,-90
120900130,2,279,-277
120900131,191,175,16
120900132,2947,219,2728
120900133,97,470,-373
120900134,158,149,9
120900135,3,202,-199
120900136,79,156,-77
120900137,839,146,693
120900138,5,182,-177
120900139,8,115,-107
120900140,9,156,-147
120900141,630,227,403
120900142,6,107,-101
120900143,1,128,-127
120900144,5,39,-34
120900145,247,721,-474
120900146,0,161,-161
120900147,1,28,-27
120900148,419,176,243
120900149,2,65,-63
120900150,173,189,-16
120900151,0,69,-69
120900152,0,6,-6
120900153,0,0,0
120900154,2,166,-164
120900155,428,305,123
120900156,583,182,401
120900157,0,7,-7
120900158,125,214,-89
120900159,5,55,-50
120900160,92,400,-308
120900161,58,323,-265
120900162,33,469,-436
120900163,179,1167,-988
120900164,0,32,-32
120900165,1,53,-52
120900166,88,1535,-1447
120900167,229,117,112
120900169,180,261,-81
120900170,234,7690,-7456
120900171,452,88,364
120900172,186,2380,-2194
120900173,0,16,-16
120900174,29,109,-80
120900175,228,121,107
120900176,25,711,-686
120900177,8,4016,-4008
120900178,2,1796,-1794
120900179,141,326,-185
120900180,57,482,-425
120900181,35,45,-10
120900182,72,222,-150
120900183,1272,87,1185
120900184,455,132,323
120900185,868,2636,-1768
120900186,3,132,-129
120900187,1362,693,669
120900188,513,9,504
120900189,98,6618,-6520
120900190,645,10,635
120900191,477,11,466
120900192,5455,25709,-20254
120900194,159,359,-200
120900195,123,320,-197
120900196,524,121,403
120900197,1289,203,1086
120900198,148,306,-158
120900199,590,1224,-634
120900200,16,95,-79
120900201,227,106,121
120900202,2,94,-92
120900203,62,42,20
120900204,113,163,-50
120900205,93,25,68
120900206,153,76,77
121000001,973,4073,-3100
121000002,3531,3652,-121
121000003,10296,3259,7037
121000004,3275,4882,-1607
121000005,3010,4211,-1201
121000006,4066,4689,-623
121000007,3845,9099,-5254
121000008,4612,8232,-3620
121000009,6628,12870,-6242
121000010,8000,9397,-1397
121000011,7932,11651,-3719
121000012,14106,6447,7659
121000013,8822,7583,1239
121000014,6382,5116,1266
121000015,7786,9814,-2028
121000016,5306,5181,125
121000017,3941,2169,1772
121000018,5342,2499,2843
121000019,9194,8458,736
121000020,11925,18629,-6704
121000021,2665,2384,281
121000022,3227,4469,-1242
121000023,3262,1219,2043
121000024,6315,5731,584
121000025,795,2423,-1628
121000026,427,200,227
121000027,2346,1909,437
121000028,1358,1215,143
121000029,1303,870,433
121000030,548,327,221
121000031,546,1255,-709
121000032,192,230,-38
121000034,554,1876,-1322
121000035,412,724,-312
121000036,1433,1874,-441
121000037,959,2546,-1587
121000038,436,1371,-935
121000039,315,643,-328
121000041,689,526,163
121000042,293,561,-268
121000043,807,871,-64
121000044,1697,1672,25
121000045,820,430,390
121000046,1276,1381,-105
121000047,50,112,-62
121000049,1465,968,497
121000050,383,2827,-2444
121000051,804,603,201
121000052,637,1789,-1152
121000053,900,466,434
121000054,66,933,-867
121000055,1538,5653,-4115
121000056,1202,1858,-656
121000057,161,756,-595
121000058,234,151,83
121000059,4378,2056,2322
121000060,674,1532,-858
121000061,42,726,-684
121000062,163,2052,-1889
121000063,970,1788,-818
121000064,574,802,-228
121000065,193,1091,-898
121000066,521,984,-463
121000067,631,2087,-1456
121000068,506,781,-275
121000069,227,2185,-1958
121000070,1697,2608,-911
121000071,2888,2972,-84
121000072,1182,2969,-1787
121000073,1271,2435,-1164
121000074,132,377,-245
121000075,13,294,-281
121000076,402,931,-529
121000077,172,311,-139
121000078,170,465,-295
121000080,4248,1066,3182
121000081,7822,6513,1309
121000082,136,506,-370
121000083,91,332,-241
121000084,265,375,-110
121000085,501,552,-51
121000086,1981,664,1317
121000087,88,410,-322
121000088,1169,563,606
121000089,214,1069,-855
121000090,322,646,-324
121000091,1412,1062,350
121000092,301,103,198
121000093,320,403,-83
121000094,368,1501,-1133
121000095,228,1293,-1065
121000096,10562,3251,7311
121000097,809,3852,-3043
121000098,924,614,310
121000099,1189,610,579
121000100,1256,217,1039
121000101,611,247,364
121000102,575,130,445
121000103,410,141,269
121000104,573,77,496
121000105,673,95,578
121000106,494,240,254
121000107,2166,3983,-1817
121000109,2087,1005,1082
121000110,230,881,-651
121000114,6008,3767,2241
121000115,6675,924,5751
121000116,517,1518,-1001
121000117,394,568,-174
121000118,2181,501,1680
121000119,483,294,189
121000120,836,552,284
121000121,620,3932,-3312
121000123,867,548,319
121000126,71,609,-538
121000127,155,290,-135
121000128,2032,142,1890
121000129,1746,223,1523
121000130,691,721,-30
121000131,1607,1022,585
121000132,535,959,-424
121000135,382,718,-336
121000136,1192,2358,-1166
121000137,2098,615,1483
121000138,492,1967,-1475
121000139,244,770,-526
121000141,304,742,-438
121000142,608,860,-252
121000143,193,39,154
121000144,757,934,-177
121000145,962,1058,-96
121000146,1684,2966,-1282
121000147,1720,839,881
121000148,1310,1607,-297
121000149,3305,3402,-97
121000152,584,632,-48
121000153,2530,760,1770
121000154,2862,902,1960
121000155,5582,1755,3827
121000156,576,1671,-1095
121000157,1395,1786,-391
121000158,196,445,-249
121000159,367,761,-394
121000160,337,858,-521
121000161,436,427,9
121000162,265,99,166
121000165,1788,2433,-645
121000166,101,473,-372
121000168,543,297,246
121000169,252,233,19
121000170,430,110,320
121000171,116,364,-248
121000172,1569,2977,-1408
121000173,2343,2409,-66
121000174,1414,1118,296
121000175,3009,1349,1660
121000176,1215,519,696
121000177,1081,1320,-239
121000178,103,127,-24
121000179,54,196,-142
121000181,422,461,-39
121000182,508,698,-190
121000183,79,496,-417
121000184,64,1148,-1084
121000185,93,693,-600
121000186,631,1639,-1008
121000187,472,112,360
121000188,587,126,461
121000192,1198,900,298
121000193,1164,515,649
121000194,3040,3154,-114
121000195,435,2217,-1782
121000196,611,968,-357
121000197,179,2782,-2603
121000198,193,539,-346
121000199,245,864,-619
121000200,911,417,494
121000201,13,826,-813
121000202,194,11,183
121000203,1046,2556,-1510
121000204,4883,1002,3881
121000205,140,360,-220
121000206,180,238,-58
121000207,3432,636,2796
121000208,13,211,-198
121000209,1271,126,1145
121000210,1017,511,506
121000211,819,190,629
121000212,480,925,-445
121000213,27298,4743,22555
121000214,2444,3358,-914
121000215,987,3877,-2890
121000216,907,1053,-146
121000217,5682,5372,310
121000218,535,4208,-3673
121000219,2570,1553,1017
121000220,320,237,83
121000221,396,1021,-625
121000222,7898,5764,2134
121000223,246,1447,-1201
121000224,142,721,-579
121000225,661,6333,-5672
121000226,1333,3225,-1892
121000227,18,186,-168
121000228,73,1211,-1138
121000229,878,897,-19
121000230,102,4774,-4672
121000231,2919,30,2889
121000232,1033,474,559
121000233,1018,543,475
121000234,8,74,-66
121000235,86,75,11
121000236,2,67,-65
121000237,26,31,-5
121000238,6,100,-94
121000239,63,12,51
121000240,22,233,-211
121000241,108,19,89
121000242,40,318,-278
121000243,155,47,108
121000244,0,82,-82
121000245,22,23,-1
121000246,3,98,-95
121000247,126,6,120
121000248,335,697,-362
121000249,126,574,-448
121000250,780,787,-7
121000251,17,378,-361
121000252,202,178,24
121000253,600,595,5
121000254,1038,349,689
121000255,186,795,-609
121000256,645,705,-60
121000257,57,193,-136
121000258,80,422,-342
121000259,36,286,-250
121000260,45,404,-359
121000261,61,345,-284
121000262,4061,530,3531
121000263,674,694,-20
121000271,1908,2510,-602
121000273,76,21,55
121000274,38,380,-342
121000275,1,29,-28
121000276,18,127,-109
121000278,115,57,58
121000279,78,140,-62
121000280,84,148,-64
121000289,871,36,835
121000290,3070,2819,251
121000294,455,21,434
121000297,419,1864,-1445
121000299,199,8215,-8016
121000300,3716,1364,2352
121000302,19,911,-892
121000303,1024,355,669
121000304,759,149,610
121000305,371,153,218
121000306,370,471,-101
121000308,78,503,-425
121000309,292,565,-273
121000310,195,415,-220
121000311,77,396,-319
121000312,1183,853,330
121000313,633,393,240
121000314,30,54,-24
121000315,10,82,-72
121000530,3708,3603,105
121000531,3130,2486,644
121000532,7510,7215,295
121000533,4697,4559,138
121000918,13,60,-47
121000919,33,144,-111
121000938,114,91,23
121000939,26,339,-313
121000956,2381,2089,292
121000957,3,128,-125
121000958,3,820,-817
121000959,2489,364,2125
121000960,2365,1111,1254
121000961,713,51,662
121000962,446,445,1
121000973,2,466,-464
121000976,32,98,-66
121000979,754,253,501
121000981,637,99,538
121000982,615,248,367
121000983,901,238,663
121000984,4,133,-129
121000985,1559,621,938
121000986,1183,156,1027
121000987,555,972,-417
121000988,2033,162,1871
121001302,395,209,186
121001308,0,193,-193
121001309,63,428,-365
121001313,438,86,352
121001314,2397,1911,486
121001315,7136,4785,2351
121900001,318,517,-199
121900002,44,226,-182
121900003,397,22,375
121900004,56,2741,-2685
121900005,22,20,2
121900006,151,19,132
121900007,3572,2424,1148
121900008,27,297,-270
121900009,1816,40,1776
121900010,437,4,433
121900011,272,140,132
121900012,6,1,5
121900013,225,159,66
121900014,5699,501,5198
121900015,165,290,-125
121900016,18,75,-57
121900017,836,1144,-308
121900018,995,16,979
121900019,1115,294,821
121900020,51,3,48
121900021,2122,72,2050
121900022,296,327,-31
121900023,413,732,-319
121900024,853,90,763
121900025,863,974,-111
121900026,774,222,552
121900027,547,616,-69
121900028,280,49,231
121900029,212,763,-551
121900030,583,916,-333
121900031,2730,9195,-6465
121900032,194,153,41
121900033,179,416,-237
121900034,391,673,-282
121900035,11959,5326,6633
121900036,354,787,-433
121900037,171,1827,-1656
121900038,93,177,-84
121900039,190,61,129
121900040,45,163,-118
121900041,44,354,-310
121900042,637,275,362
121900043,0,18,-18
121900044,147,43,104
121900045,718,513,205
121900046,184,484,-300
121900047,194,159,35
121900048,147,124,23
121900050,32,107,-75
121900051,224,497,-273
121900052,306,109,197
121900053,706,488,218
121900054,413,2338,-1925
121900055,7,30,-23
121900058,623,771,-148
121900059,550,252,298
121900060,206,821,-615
121900061,223,197,26
121900062,157,124,33
121900063,2394,948,1446
121900064,499,1156,-657
121900066,91,30,61
121900067,111,59,52
121900069,216,386,-170
121900070,197,353,-156
121900071,1241,654,587
121900072,57,272,-215
121900073,223,421,-198
121900074,800,765,35
121900075,424,1303,-879
121900076,631,2920,-2289
121900077,58,6,52
121900078,285,64,221
121900079,0,0,0
121900080,1396,424,972
121900082,89,172,-83
121900084,49,84,-35
121900085,0,4,-4
121900086,33,65,-32
121900087,92,128,-36
121900088,2372,3030,-658
121900089,531,355,176
121900090,21,40,-19
121900091,122,48,74
121900092,299,144,155
121900093,110,97,13
121900094,12,22,-10
121900095,601,173,428
121900096,1483,1276,207
121900097,1028,142,886
121900098,30,9,21
121900099,519,73,446
121900100,80,212,-132
121900101,173,194,-21
121900102,2,101,-99
121900103,594,703,-109
121900104,3399,622,2777
121900105,342,227,115
121900106,12,11,1
121900107,257,22,235
121900108,0,19,-19
121900109,226,256,-30
121900110,1354,711,643
121900111,931,550,381
121900112,210,403,-193
121900113,127,637,-510
121900114,122,124,-2
121900115,202,337,-135
121900117,277,547,-270
121900118,3889,1244,2645
121900119,151,56,95
121900120,288,1440,-1152
121900121,748,38,710
121900122,86,53,33
121900123,549,449,100
121900124,420,251,169
121900125,6626,2170,4456
121900127,12,194,-182
121900128,195,128,67
121900129,309,122,187
121900130,90,700,-610
121900131,439,231,208
121900132,119,135,-16
121900133,28,816,-788
121900134,12,793,-781
121900135,9059,629,8430
121900136,369,482,-113
121900137,62,691,-629
121900138,53,642,-589
121900139,477,5348,-4871
121900140,70,90,-20
121900141,99,235,-136
121900142,158,62,96
121900143,29,146,-117
121900144,220,905,-685
121900145,306,384,-78
121900146,432,825,-393
121900147,63,665,-602
121900148,358,648,-290
121900149,484,355,129
121900150,82,359,-277
121900151,37,602,-565
121900152,344,65,279
121900153,27,251,-224
121900154,22,673,-651
121900155,8,1014,-1006
121900156,212,407,-195
121900157,2,316,-314
121900158,204,238,-34
121900159,1,182,-181
121900160,8,344,-336
121900161,200,641,-441
121900162,196,346,-150
121900163,767,215,552
121900164,201,389,-188
121900165,229,390,-161
121900166,161,265,-104
121900167,109,97,12
121900168,154,92,62
121900169,27,431,-404
121900170,39,146,-107
121900171,1386,1159,227
121900172,1128,739,389
121900173,1255,570,685
121900174,91,44,47
121900175,96,1887,-1791
121900176,966,3254,-2288
121900177,255,134,121
121900179,490,563,-73
121900180,2071,7986,-5915
121900182,1026,1459,-433
121900183,332,2289,-1957
121900184,49,2042,-1993
121900185,149,119,30
121900186,7,939,-932
121900187,18,293,-275
121900188,3037,274,2763
121900189,267,111,156
121900190,293,739,-446
121900191,67,561,-494
121900192,364,3753,-3389
121900194,9,385,-376
121900195,39,70,-31
121900196,1903,1373,530
121900197,365,1349,-984
121900198,5233,4196,1037
121900199,1,34,-33
121900200,70,427,-357
121900201,2095,1092,1003
121900202,335,1680,-1345
121900203,117,1703,-1586
121900204,3112,1735,1377
121900205,548,816,-268
121900206,19,410,-391
121900207,115,142,-27
121900208,187,1244,-1057
121900209,183,94,89
121900210,3447,1778,1669
121900211,47,173,-126
121900212,17,286,-269
121900213,705,40,665
121900214,3,720,-717
121900215,70,445,-375
121900216,19,781,-762
121900217,493,432,61
121900218,185,954,-769
121900219,320,98,222
121900220,144,61,83
121900221,1177,703,474
121900222,468,130,338
121900223,245,336,-91
121900224,208,224,-16
121900225,235,1074,-839
121900226,474,36,438
121900227,471,5536,-5065
121900228,302,130,172
121900229,492,1548,-1056
121900230,101,719,-618
121900231,84,2538,-2454
121900232,217,1047,-830
121900233,1160,383,777
121900234,598,971,-373
121900235,1076,187,889
121900236,437,353,84
121900237,331,1671,-1340
121900238,202,665,-463
121900239,205,121,84
121900240,641,505,136
121900241,79,26,53
121900242,31,0,31
121900243,14,0,14
121900244,27,2,25
121900245,732,65,667
121900246,10823,609,10214
121900247,759,341,418
121900248,3302,1045,2257
121900250,171,319,-148
121900251,1252,40,1212
121900252,569,140,429
121900253,42,1569,-1527
121900254,306,437,-131
121900255,760,316,444
121900258,8397,2444,5953
121900259,205,862,-657
121900260,439,285,154
121900261,138,1237,-1099
121900262,1138,2003,-865
121900263,387,297,90
121900264,1419,1040,379
121900265,771,252,519
121900266,971,120,851
121900267,379,52,327
121900269,612,1643,-1031
121900270,88,344,-256
121900271,114,338,-224
121900273,915,3124,-2209
121900274,766,357,409
121900276,651,431,220
121900277,340,2326,-1986
121900278,174,4522,-4348
121900279,245,413,-168
121900280,125,547,-422
121900281,124,504,-380
121900284,31,4,27
121900286,359,250,109
121900287,6,61,-55
121900290,262,2445,-2183
121900291,518,2825,-2307
121900292,269,160,109
121900293,1053,12315,-11262
121900294,877,16,861
121900295,315,159,156
121900296,119,357,-238
121900298,202,2028,-1826
121900299,5,20,-15
121900300,83,6,77
121900301,37,4,33
121900302,42,171,-129
121900303,221,1792,-1571
121900304,54,55,-1
121900305,22,39,-17
121900306,604,14,590
121900307,336,7,329
121900308,14,220,-206
121900309,26,167,-141
121900310,11,135,-124
121900311,1008,48,960
121900312,879,36,843
121900313,777,66,711
121900314,2,21,-19
121900315,87,0,87
121900316,0,2,-2
121900317,48,30,18
121900318,0,3,-3
121900319,89,436,-347
121900320,79,10,69
121900321,41,0,41
121900322,8,2,6
121900323,75,49,26
121900324,7,91,-84
121900325,56,0,56
121900326,2,2,0
121900327,4,27,-23
121900328,1,36,-35
121900329,0,28,-28
121900330,0,51,-51
121900331,45,154,-109
121900332,30,58,-28
122000001,2098,4812,-2714
122000002,2647,1045,1602
122000003,1162,2398,-1236
122000004,1429,1409,20
122000005,9223,2555,6668
122000006,676,1800,-1124
122000007,700,1993,-1293
122000008,1397,3707,-2310
122000009,581,622,-41
122000010,3191,3377,-186
122000011,7044,2290,4754
122000012,1025,4723,-3698
122000013,616,2687,-2071
122000014,8171,2330,5841
122000015,1299,1005,294
122000016,391,762,-371
122000017,2108,2035,73
122000018,4806,3317,1489
122000019,1273,3527,-2254
122000020,194,892,-698
122000021,128,470,-342
122000022,1634,2412,-778
122000023,1409,3405,-1996
122000024,467,3914,-3447
122000025,602,4531,-3929
122000026,298,1312,-1014
122000027,1111,1119,-8
122000028,4115,1248,2867
122000029,340,2875,-2535
122000030,161,246,-85
122000031,269,767,-498
122000032,7743,3830,3913
122000033,495,5025,-4530
122000034,330,1752,-1422
122000035,293,626,-333
122000036,640,1643,-1003
122000037,1817,480,1337
122000038,315,1051,-736
122000039,481,1265,-784
122000040,159,497,-338
122000041,2738,1337,1401
122000042,554,1427,-873
122000043,106,305,-199
122000044,112,150,-38
122000045,2268,1348,920
122000046,1326,2109,-783
122000047,79,261,-182
122000048,2591,5438,-2847
122000049,10577,4945,5632
122000050,706,1054,-348
122000051,327,740,-413
122000052,567,636,-69
122000053,378,1672,-1294
122000054,2420,3761,-1341
122000055,1783,3926,-2143
122000056,4300,2550,1750
122000057,6225,4048,2177
122000058,693,1911,-1218
122000059,844,3730,-2886
122000060,268,1246,-978
122000061,156,847,-691
122000062,740,271,469
122000063,346,1725,-1379
122000064,3189,8316,-5127
122000065,2514,6330,-3816
122000066,899,4322,-3423
122000067,1618,2517,-899
122000068,8296,2155,6141
122000069,2718,1893,825
122000070,3948,2014,1934
122000071,6226,1793,4433
122000072,2683,1049,1634
122000073,188,2538,-2350
122000074,3392,2813,579
122000075,1864,1519,345
122000076,10374,2581,7793
122000077,617,2792,-2175
122000078,490,3098,-2608
122000079,255,4820,-4565
122000080,500,659,-159
122000081,127,222,-95
122000082,282,1807,-1525
122000083,19177,1363,17814
122000084,5718,2924,2794
122000085,500,1430,-930
122000086,4888,14023,-9135
122000087,290,511,-221
122000088,79,444,-365
122000089,7498,5032,2466
122000090,1332,3604,-2272
122000091,158,2345,-2187
122000092,23,129,-106
122000093,2659,9213,-6554
122000094,11470,5007,6463
122000095,982,9286,-8304
122000096,543,5371,-4828
122000098,9595,5973,3622
122000099,614,4439,-3825
122000100,1024,1064,-40
122000101,369,703,-334
122000102,7019,1934,5085
122000103,1494,3961,-2467
122000104,2315,205,2110
122000105,345,768,-423
122000106,714,2655,-1941
122000107,1682,792,890
122000108,1184,1135,49
122000109,508,391,117
122000110,1060,730,330
122000111,4237,2160,2077
122000112,2685,2262,423
122000113,835,1081,-246
122000114,1632,6995,-5363
122000115,2742,1744,998
122000116,398,913,-515
122000117,1934,688,1246
122000118,1024,587,437
122000119,3055,1550,1505
122000120,1039,3344,-2305
122000121,834,2034,-1200
122000122,357,850,-493
122000123,1247,2118,-871
122000124,758,589,169
122000125,475,807,-332
122000126,344,704,-360
122000127,325,555,-230
122000128,263,424,-161
122000129,459,1927,-1468
122000130,3994,1235,2759
122000131,1455,1276,179
122000132,266,380,-114
122000133,1102,869,233
122000134,1624,977,647
122000135,549,208,341
122000136,1273,603,670
122000137,3842,1561,2281
122000139,1250,5873,-4623
122000140,177,2917,-2740
122000141,9078,4631,4447
122000142,131,5342,-5211
122000143,281,515,-234
122000144,2756,1929,827
122000145,1175,2030,-855
122000146,705,5810,-5105
122000147,587,1775,-1188
122000148,457,2022,-1565
122000149,2158,1152,1006
122000150,2180,1425,755
122000151,168,424,-256
122000152,642,633,9
122000153,532,759,-227
122000154,353,257,96
122000155,1420,3637,-2217
122000156,18090,6898,11192
122000157,848,18676,-17828
122000158,469,2093,-1624
122000159,1283,1814,-531
122000160,2780,2085,695
122000161,1523,1226,297
122000162,1209,1274,-65
122000163,1041,262,779
122000164,69,484,-415
122000165,1647,2583,-936
122000166,958,3932,-2974
122000167,366,1213,-847
122000168,400,2349,-1949
122000169,585,406,179
122000170,377,658,-281
122000171,72,96,-24
122000172,3312,2256,1056
122000173,2923,4665,-1742
122000174,1422,3147,-1725
122000175,665,546,119
122000176,476,2577,-2101
122000177,897,2420,-1523
122000178,7800,5525,2275
122000179,4769,5249,-480
122000180,671,1234,-563
122000181,735,2083,-1348
122000182,1880,1651,229
122000183,4175,1318,2857
122000184,4824,4137,687
122000185,1298,5036,-3738
122000186,899,3365,-2466
122000187,2372,3065,-693
122000188,504,578,-74
122000189,379,422,-43
122000190,698,2673,-1975
122000191,1057,1118,-61
122000192,1529,767,762
122000193,744,1335,-591
122000194,614,482,132
122000195,237,2371,-2134
122000196,1442,473,969
122000197,442,1084,-642
122000198,560,4718,-4158
122000199,337,709,-372
122000200,1261,1224,37
122000201,1243,5104,-3861
122000202,1319,3412,-2093
122000203,2577,1648,929
122000204,1467,1533,-66
122000205,674,753,-79
122000206,10797,1666,9131
122000207,2696,3928,-1232
122000208,2973,4858,-1885
122000209,3430,1393,2037
122000210,2442,5383,-2941
122000211,1605,3116,-1511
122000212,1082,799,283
122000213,1317,2606,-1289
122000214,2873,2610,263
122000215,4032,2884,1148
122000217,1939,4446,-2507
122000218,1182,148,1034
122000219,3032,1430,1602
122000220,334,1163,-829
122000221,295,529,-234
122000222,674,241,433
122000223,941,1013,-72
122000225,671,790,-119
122000226,1558,1775,-217
122000227,311,1833,-1522
122000228,269,327,-58
122000229,9,728,-719
122000230,44,461,-417
122000231,395,690,-295
122000232,738,675,63
122000233,5,44,-39
122000234,901,76,825
122000235,807,116,691
122000236,2434,60,2374
122000237,187,115,72
122000238,512,408,104
122000239,1061,228,833
122000240,1384,724,660
122000241,346,691,-345
122000242,629,185,444
122000243,22,46,-24
122000244,6,475,-469
122000245,11,33,-22
122000246,28,171,-143
122000247,908,428,480
122000248,1564,782,782
122000249,1818,1460,358
122000250,3424,988,2436
122000251,70,303,-233
122000252,354,73,281
122000253,131,170,-39
122000254,679,81,598
122000255,642,733,-91
122000256,393,581,-188
122000257,473,126,347
122000258,473,478,-5
122000259,79,462,-383
122000260,34,51,-17
122000261,31,363,-332
122000262,1,44,-43
122000263,296,353,-57
122000264,2661,727,1934
122000265,4710,2110,2600
122000266,5608,1159,4449
122000267,96,154,-58
122000268,263,573,-310
122000269,1351,620,731
122000270,1010,501,509
122000271,297,5537,-5240
122000272,565,1594,-1029
122000273,658,773,-115
122000274,434,386,48
122000275,64,307,-243
122000276,1866,681,1185
122000277,1463,2091,-628
122000278,3176,272,2904
122000279,432,285,147
122000280,804,755,49
122000281,727,583,144
122000282,95,490,-395
122000283,340,213,127
122000284,116,84,32
122000285,417,73,344
122000286,104,173,-69
122000287,2709,1642,1067
122000288,511,295,216
122000291,5474,1116,4358
122000293,331,149,182
122000294,254,608,-354
122000295,1787,304,1483
122000296,43,1025,-982
122000297,2910,5482,-2572
122000299,1028,549,479
122000300,439,622,-183
122000301,10142,4347,5795
122000302,670,6934,-6264
122000303,2873,1280,1593
122000304,13,363,-350
122000305,2670,785,1885
122000306,85,339,-254
122000307,187,156,31
122000309,62,60,2
122000310,22,128,-106
122000311,32,154,-122
122000312,137,279,-142
122000313,43,176,-133
122000314,201,715,-514
122000315,366,51,315
122000316,2717,502,2215
122000317,4716,335,4381
122000318,306,2944,-2638
122000319,155,429,-274
122000320,402,1250,-848
122000321,118,170,-52
122000322,1617,3091,-1474
122000323,532,3839,-3307
122000324,2329,3693,-1364
122000325,1000,5033,-4033
122000326,209,121,88
122000327,422,1895,-1473
122000328,611,1500,-889
122000330,4673,3399,1274
122000332,312,697,-385
122000333,19,61,-42
122000337,1900,667,1233
122000338,859,302,557
122000340,325,6199,-5874
122000342,2199,994,1205
122000343,369,276,93
122000344,86,16,70
122000345,65,45,20
122000346,213,56,157
122000348,779,1017,-238
122000349,51,852,-801
122000351,379,354,25
122000352,267,255,12
122000353,304,100,204
122000355,239,466,-227
122000356,417,3898,-3481
122000357,86,23,63
122000358,0,6,-6
122000359,0,5,-5
122000360,0,5,-5
122000362,7,39,-32
122000364,487,226,261
122000365,2,14,-12
122000366,38,16,22
122000368,602,1169,-567
122000370,46,23,23
122000371,64,0,64
122000372,24,1,23
122000381,315,593,-278
122000382,58,215,-157
122000384,1484,1460,24
122000385,101,0,101
122000386,191,3210,-3019
122000387,399,3062,-2663
122000388,1588,2881,-1293
122000389,344,2314,-1970
122000390,404,1192,-788
122000391,128,3370,-3242
122000392,233,195,38
122000393,68,162,-94
122000394,1117,306,811
122000395,187,200,-13
122000396,434,121,313
122000397,39,125,-86
122000398,14,291,-277
122000399,246,57,189
122000400,42,2139,-2097
122000401,189,83,106
122000402,704,292,412
122000403,883,560,323
122000404,492,295,197
122000408,587,988,-401
122000503,5,156,-151
122000524,72,950,-878
122000544,57,3983,-3926
122000616,304,1,303
122000640,232,51,181
122000641,232,234,-2
122000642,2218,585,1633
122000643,52,476,-424
122000644,331,110,221
122000645,44,174,-130
122000651,472,4100,-3628
122000664,249,169,80
122000665,3080,1215,1865
122000666,562,1018,-456
122000673,72,218,-146
122000674,832,389,443
122000675,3695,910,2785
122000686,453,2408,-1955
122000687,2994,336,2658
122000688,357,641,-284
122000689,2131,419,1712
122000690,5912,689,5223
122000691,1586,947,639
122000692,1981,315,1666
122000693,409,851,-442
122000695,671,376,295
122000696,1425,264,1161
122000698,780,272,508
122000699,820,244,576
122000701,4194,371,3823
122000702,650,1296,-646
122000703,504,158,346
122000717,174,87,87
122000718,384,3656,-3272
122000719,34,144,-110
122000720,1163,179,984
122900001,50,45,5
122900002,1134,10306,-9172
122900003,876,53,823
122900004,3155,248,2907
122900005,32,186,-154
122900006,462,1445,-983
122900007,81,100,-19
122900008,284,247,37
122900009,1462,515,947
122900010,394,209,185
122900012,279,489,-210
122900014,173,85,88
122900015,1467,1306,161
122900016,237,247,-10
122900017,403,3459,-3056
122900018,413,26,387
122900019,21,76,-55
122900020,281,546,-265
122900021,73,715,-642
122900022,2451,1178,1273
122900023,1615,277,1338
122900024,220,160,60
122900025,5,453,-448
122900026,22,126,-104
122900027,96,825,-729
122900028,205,213,-8
122900029,13099,3155,9944
122900030,6609,818,5791
122900031,29,592,-563
122900032,2305,679,1626
122900033,207,214,-7
122900034,7170,6218,952
122900035,62,29,33
122900036,85,71,14
122900037,776,1099,-323
122900038,175,4567,-4392
122900039,35,568,-533
122900040,344,2356,-2012
122900041,218,637,-419
122900042,245,400,-155
122900043,608,472,136
122900044,191,528,-337
122900045,201,706,-505
122900046,146,460,-314
122900047,137,236,-99
122900048,20,426,-406
122900049,6661,276,6385
122900051,88,2185,-2097
122900052,123,86,37
122900053,10,18,-8
122900055,298,94,204
122900057,449,48,401
122900061,769,52,717
122900062,907,1209,-302
122900063,348,196,152
122900064,1244,542,702
122900065,828,311,517
122900066,1123,406,717
122900067,902,555,347
122900068,131,298,-167
122900069,512,3070,-2558
122900070,502,143,359
122900071,167,332,-165
122900072,6,354,-348
122900073,25,164,-139
122900074,1832,139,1693
122900075,2,367,-365
122900076,3,609,-606
122900077,0,70,-70
122900078,319,23,296
122900080,15,72,-57
122900081,187,386,-199
122900082,2076,94,1982
122900083,75,35,40
122900084,7,167,-160
122900086,31,196,-165
122900087,684,537,147
122900088,49,1346,-1297
122900089,79,658,-579
122900090,11,265,-254
122900091,654,19,635
122900092,0,152,-152
122900093,1,103,-102
122900094,1,172,-171
122900095,366,23,343
122900096,699,243,456
122900097,28,94,-66
122900098,35,153,-118
122900099,133,61,72
122900100,133,1390,-1257
122900101,439,356,83
123000001,964,1693,-729
123000002,3307,8778,-5471
123000003,8222,6777,1445
123000004,4593,4463,130
123000005,6377,3099,3278
123000006,4275,2539,1736
123000007,4318,3186,1132
123000008,2921,3926,-1005
123000009,5529,4984,545
123000010,3520,7086,-3566
123000011,2155,2728,-573
123000012,905,8170,-7265
123000013,9334,2359,6975
123000014,950,4651,-3701
123000015,4239,1317,2922
123000016,3745,4280,-535
123000017,5756,2691,3065
123000018,166,128,38
123000019,1365,77,1288
123000020,904,33,871
123000021,510,614,-104
123000022,821,3532,-2711
123000023,3525,5670,-2145
123000024,2673,1618,1055
123000025,16,85,-69
123000026,0,326,-326
123000027,37,1343,-1306
123000028,374,2165,-1791
123000029,315,2011,-1696
123000030,505,333,172
123000031,730,211,519
123000032,1225,216,1009
123000033,509,345,164
123000034,1544,1009,535
123000035,773,915,-142
123000036,435,1902,-1467
123000037,435,223,212
123000038,243,491,-248
123000039,966,2119,-1153
123000040,577,262,315
123000041,750,1829,-1079
123000042,427,1671,-1244
123000043,2803,23025,-20222
123000044,3336,3791,-455
123000045,6646,2630,4016
123000046,319,1844,-1525
123000047,533,1743,-1210
123000048,249,2531,-2282
123000049,7737,15443,-7706
123000050,4248,2874,1374
123000051,122,377,-255
123000052,1228,4536,-3308
123000053,4221,3521,700
123000054,4862,3238,1624
123000055,3407,9202,-5795
123000056,1830,709,1121
123000057,5452,9146,-3694
123000058,896,2549,-1653
123000059,300,613,-313
123000060,1692,583,1109
123000061,491,840,-349
123000063,2460,1909,551
123000064,2988,333,2655
123000065,5897,4670,1227
123000066,688,838,-150
123000067,2129,655,1474
123000068,2029,2586,-557
123000069,4665,1474,3191
123000070,407,859,-452
123000071,4396,974,3422
123000072,2062,994,1068
123000073,3778,1097,2681
123000074,1985,1682,303
123000075,717,3185,-2468
123000076,1614,547,1067
123000077,3706,1868,1838
123000078,5673,1701,3972
123000079,5715,2616,3099
123000080,5110,1622,3488
123000081,558,697,-139
123000082,593,1194,-601
123000083,2255,325,1930
123000084,1720,535,1185
123000085,936,141,795
123000086,2009,222,1787
123000087,932,447,485
123000088,2726,808,1918
123000089,1858,1892,-34
123000090,2858,1345,1513
123000091,3683,2102,1581
123000092,1491,2262,-771
123000094,1725,200,1525
123000095,2195,1348,847
123000096,2164,624,1540
123000097,1646,556,1090
123000098,1487,749,738
123000099,1432,411,1021
123000100,407,1332,-925
123000101,627,553,74
123000102,841,1853,-1012
123000104,637,626,11
123000105,683,413,270
123000106,1113,613,500
123000107,664,433,231
123000108,1192,1618,-426
123000111,1995,599,1396
123000112,2693,645,2048
123000113,1052,1063,-11
123000114,717,874,-157
123000115,590,595,-5
123000116,40,145,-105
123000117,4567,2128,2439
123000118,939,605,334
123000119,497,597,-100
123000120,451,1172,-721
123000121,1074,1335,-261
123000122,605,486,119
123000123,1066,995,71
123000124,655,580,75
123000125,2227,1499,728
123000126,1661,7931,-6270
123000127,530,634,-104
123000128,442,405,37
123000129,1754,343,1411
123000130,1777,104,1673
123000131,3188,1336,1852
123000132,423,1285,-862
123000133,264,468,-204
123000134,377,97,280
123000135,5063,1289,3774
123000136,363,541,-178
123000137,346,344,2
123000138,180,369,-189
123000139,1185,436,749
123000140,67,545,-478
123000141,1296,240,1056
123000142,1486,1080,406
123000143,888,2368,-1480
123000144,5,42,-37
123000145,215,698,-483
123000146,29,211,-182
123000147,93,395,-302
123000149,518,487,31
123000150,233,272,-39
123000151,235,887,-652
123000152,27,640,-613
123000153,68,1037,-969
123000154,1166,2447,-1281
123000155,2110,1963,147
123000156,38,135,-97
123000157,1035,1124,-89
123000158,843,1297,-454
123000159,4478,6793,-2315
123000160,1697,2412,-715
123000161,2636,1682,954
123000162,3328,2905,423
123000163,1544,449,1095
123000164,4002,292,3710
123000165,326,1376,-1050
123000166,29,137,-108
123000167,158,372,-214
123000168,515,271,244
123000169,1837,218,1619
123000170,162,163,-1
123000171,2605,21,2584
123000172,113,646,-533
123000173,1185,525,660
123000174,1379,799,580
123000175,724,1256,-532
123000176,1792,532,1260
123000177,768,1274,-506
123000178,1766,320,1446
123000179,80,1069,-989
123000180,2749,594,2155
123000181,378,823,-445
123000182,280,373,-93
123000183,274,618,-344
123000184,60,774,-714
123000185,1813,526,1287
123000186,10,336,-326
123000187,1167,26,1141
123000188,893,5,888
123000189,332,145,187
123000190,132,50,82
123000192,7,371,-364
123000193,24,709,-685
123000194,319,217,102
123000195,626,30,596
123000196,993,51,942
123000197,98,216,-118
123000198,173,340,-167
123000199,25,367,-342
123000200,1259,8,1251
123000201,2575,16,2559
123000202,20,461,-441
123000203,2261,73,2188
123000204,58,556,-498
123000205,154,770,-616
123000206,5007,327,4680
123000207,108,829,-721
123000208,1338,192,1146
123000209,2776,904,1872
123000210,120,1593,-1473
123000211,467,1928,-1461
123000212,6801,488,6313
123000213,1108,62,1046
123000215,98,296,-198
123000216,270,2388,-2118
123000217,390,40,350
123000218,61,867,-806
123000219,1007,212,795
123000220,1190,173,1017
123000221,257,519,-262
123000222,892,514,378
123000223,1337,399,938
123000224,1171,408,763
123000225,508,84,424
123000226,195,649,-454
123000227,100,205,-105
123000228,555,66,489
123000229,978,1481,-503
123000232,194,595,-401
123000233,1606,238,1368
123000234,236,711,-475
123000235,2581,351,2230
123000236,373,692,-319
123000237,803,233,570
123000238,46,504,-458
123000239,562,910,-348
123000240,89,2059,-1970
123000241,918,176,742
123000242,395,445,-50
123000243,1020,1088,-68
123000244,1036,617,419
123000245,116,173,-57
123000249,556,798,-242
123000252,1626,633,993
123000253,2794,955,1839
123000254,873,828,45
123000255,1734,1059,675
123000256,48,220,-172
123000257,3311,1359,1952
123000258,1263,693,570
123000259,879,620,259
123000260,1143,320,823
123000261,789,221,568
123000262,58,151,-93
123000263,832,100,732
123000264,194,109,85
123000265,37,146,-109
123000266,729,564,165
123000267,1310,498,812
123000268,50,43,7
123000269,34,182,-148
123000270,73,141,-68
123000271,23,75,-52
123000272,1023,317,706
123000273,551,1604,-1053
123000274,1779,1452,327
123000275,220,952,-732
123000278,2222,6437,-4215
123000279,313,132,181
123000280,534,403,131
123000281,531,210,321
123000282,153,483,-330
123000283,391,134,257
123000284,81,87,-6
123000286,152,859,-707
123000287,504,762,-258
123000288,1030,2535,-1505
123000289,290,2968,-2678
123000291,152,1668,-1516
123000294,136,237,-101
123000295,926,1981,-1055
123000296,1200,952,248
123000297,371,472,-101
123000298,727,581,146
123000299,52,162,-110
123000300,2280,1322,958
123000301,247,902,-655
123000302,294,128,166
123000303,109,681,-572
123000305,1801,1236,565
123000306,476,42,434
123000309,95,116,-21
123000310,134,107,27
123000311,0,243,-243
123000312,510,464,46
123000313,790,527,263
123000315,272,344,-72
123000316,983,332,651
123000317,329,171,158
123000318,89,371,-282
123000329,17,14,3
123000337,300,277,23
123000338,159,199,-40
123000339,786,28,758
123000340,101,372,-271
123000342,0,86,-86
123000343,338,31,307
123000344,637,266,371
123000345,608,500,108
123000346,1065,128,937
123000352,2093,1298,795
123000353,145,118,27
123000354,871,21,850
123000355,0,405,-405
123000356,898,34,864
123000357,1,155,-154
123000359,12,86,-74
123000360,491,440,51
123000361,867,378,489
123000362,859,195,664
123000363,384,260,124
123000364,814,778,36
123000365,56,492,-436
123000366,626,5694,-5068
123000367,401,710,-309
123000370,43,785,-742
123000371,918,276,642
123000372,609,103,506
123000373,26,465,-439
123000374,16,174,-158
123000375,766,118,648
123000376,1484,1403,81
123000377,1568,41,1527
123000378,35,337,-302
123000379,1,683,-682
123000380,4,480,-476
123000381,77,237,-160
123000382,1006,220,786
123000383,176,1392,-1216
123000384,1396,353,1043
123000385,344,1167,-823
123000436,116,2134,-2018
123000507,99,162,-63
123000508,132,2101,-1969
123000517,360,31,329
123000518,53,101,-48
123000519,340,124,216
123000520,56,101,-45
123000521,997,100,897
123000522,288,285,3
123000541,13,4,9
123000542,0,11,-11
123000565,1237,69,1168
123000566,969,98,871
123000567,234,99,135
123000573,43,557,-514
123000574,1533,85,1448
123000575,3364,514,2850
123000576,1581,928,653
123000577,154,1468,-1314
123000578,668,412,256
123000579,1216,12428,-11212
123000580,211,122,89
123000582,1568,36,1532
123000583,41,496,-455
123000584,373,331,42
123000585,0,35,-35
123000586,430,0,430
123000596,106,105,1
123000597,112,257,-145
123000602,237,32,205
123000603,2520,379,2141
123000604,1055,357,698
123000605,1380,147,1233
123000606,0,765,-765
123000609,38,397,-359
123000610,70,133,-63
123000613,79,162,-83
123000614,542,75,467
123000615,60,106,-46
123000616,1757,60,1697
123000617,192,330,-138
123000618,32,752,-720
123000619,676,52,624
123000620,22,411,-389
123000622,845,15,830
123000624,403,85,318
123000630,3089,568,2521
123000631,376,487,-111
123000632,1176,1091,85
123000633,1,352,-351
123000634,44,746,-702
123000635,58,204,-146
123000636,70,459,-389
123000637,138,52,86
123000638,763,19,744
123000639,1416,10427,-9011
123000640,6,587,-581
123900001,1691,161,1530
123900002,22,2169,-2147
123900003,226,649,-423
123900005,624,461,163
123900006,1030,179,851
124000001,2831,260,2571
124000002,83,1555,-1472
124000003,2139,221,1918
124000004,94,512,-418
124000005,1786,2497,-711
124000006,174,507,-333
124000007,1875,234,1641
124000008,4,873,-869
124000009,1172,849,323
124000010,574,613,-39
124000011,1486,1855,-369
124000012,435,291,144
124000017,532,182,350
124000018,181,39,142
124000019,521,217,304
124000020,51,122,-71
124000021,225,114,111
124000022,86,236,-150
124000023,2357,2010,347
124000024,1501,355,1146
124000025,1913,1949,-36
124000026,1476,956,520
124000027,4323,4428,-105
124000028,1646,3461,-1815
124000030,1731,1391,340
124000031,2077,12997,-10920
124000032,1818,756,1062
124000033,291,644,-353
124000034,1140,784,356
124000035,17,291,-274
124000036,36,336,-300
124000037,270,871,-601
124000038,13,128,-115
124000039,485,338,147
124000040,198,1179,-981
124000041,1273,235,1038
124000042,264,442,-178
124000043,187,102,85
124000044,40,270,-230
124000045,2297,435,1862
124000046,293,811,-518
124000047,4781,703,4078
124000048,1256,698,558
124000049,3346,455,2891
124000050,1398,1023,375
124000051,1993,529,1464
124000052,1026,615,411
124000053,506,3525,-3019
124000054,875,346,529
124000055,1471,9841,-8370
124000056,1957,751,1206
124000057,2476,495,1981
124000058,1139,1171,-32
124000059,2293,1813,480
124000060,637,722,-85
124000061,1696,7990,-6294
124000062,1966,1347,619
124000063,1264,927,337
124000064,1758,1226,532
124000065,22,1494,-1472
124000066,212,89,123
124000067,273,373,-100
124000068,42,70,-28
124000069,322,16,306
124000070,202,42,160
124000071,232,210,22
124000072,440,632,-192
124000073,1506,101,1405
124000074,253,642,-389
124000075,991,72,919
124000076,24,122,-98
124000077,289,1037,-748
124000078,1503,1296,207
124000079,349,1468,-1119
124000080,1197,340,857
124000081,423,515,-92
124000082,106,242,-136
124000083,30,77,-47
124000084,49,794,-745
124000085,48,36,12
124000086,39,321,-282
124000087,46,261,-215
124000088,139,562,-423
124000089,1090,443,647
124000090,178,169,9
124000091,795,99,696
124000092,143,417,-274
124000093,211,233,-22
124000094,260,832,-572
124000095,306,102,204
124000096,274,282,-8
124000097,283,159,124
124000098,157,69,88
124000099,166,71,95
124000100,54,53,1
124000101,250,324,-74
124000102,144,51,93
124000103,395,323,72
124000104,157,58,99
124000105,276,234,42
124000106,137,44,93
124000107,40,414,-374
124000108,90,19,71
124000109,180,144,36
124000110,165,61,104
124000111,393,109,284
124000112,1390,599,791
124000113,362,186,176
124000114,560,442,118
124000115,353,796,-443
124000116,177,343,-166
124000117,53,76,-23
124000118,48,109,-61
124000119,1302,1748,-446
124000120,1238,905,333
124000121,889,887,2
124000122,466,1337,-871
124000123,1150,417,733
124000124,442,779,-337
124000125,679,438,241
124000126,387,402,-15
124000127,1583,443,1140
124000128,723,810,-87
124000129,2038,1556,482
124000130,450,595,-145
124000131,980,959,21
124000132,483,949,-466
124000133,1888,1401,487
124000134,1207,769,438
124000135,3054,3133,-79
124000136,944,1070,-126
124000137,1201,2186,-985
124000138,1095,1213,-118
124000139,629,153,476
124000140,13,670,-657
124000141,44,47,-3
124000142,2,363,-361
124000143,139,32,107
124000144,13,89,-76
124000145,161,218,-57
124000146,81,291,-210
124000148,19,95,-76
124000149,1716,351,1365
124000150,466,985,-519
124000151,1242,357,885
124000152,893,868,25
124000153,1225,946,279
124000154,572,598,-26
124000155,1385,740,645
124000156,753,763,-10
124000169,246,1457,-1211
124000170,1743,935,808
124000171,547,822,-275
124000172,437,935,-498
124000173,1495,366,1129
124000174,683,751,-68
124000175,27,121,-94
124000176,89,32,57
124000177,11,81,-70
124000178,61,136,-75
124000190,48,63,-15
124000191,19,153,-134
124000192,1868,1338,530
124000193,283,5807,-5524
124000194,319,390,-71
124000195,686,561,125
124000196,773,1006,-233
124000197,62,36,26
124000198,159,146,13
124000201,59,749,-690
124000202,988,150,838
124000203,1362,177,1185
124000204,2874,239,2635
124000205,217,242,-25
124000206,2005,288,1717
124000207,1,25,-24
124000209,245,302,-57
124000210,2159,358,1801
124000211,1595,9,1586
124000212,0,131,-131
124000213,1236,98,1138
124000214,1227,247,980
124000215,1088,26,1062
124000216,2,188,-186
124000329,91,733,-642
124000338,101,534,-433
124000339,3376,65,3311
124000341,3538,110,3428
124000344,108,22,86
124000357,1426,4503,-3077
124000358,604,2386,-1782
124000359,2157,1243,914
124000360,2082,879,1203
124000361,2449,1485,964
124000362,2306,3833,-1527
124000363,741,361,380
124000364,924,957,-33
124000365,775,1105,-330
124000366,2715,752,1963
124000367,99,346,-247
124000368,422,1820,-1398
124000369,43,184,-141
124000370,31,852,-821
124000402,61,50,11
124000403,371,39,332
124000404,27,68,-41
124000405,1103,861,242
124000406,577,421,156
124000407,7,16,-9
124000411,12,364,-352
124000412,774,4,770
124000413,187,349,-162
124000414,235,120,115
124000415,107,41,66
124000416,241,171,70
124000417,729,183,546
124000418,540,57,483
124000419,212,38,174
124000420,320,38,282
124000421,80,29,51
124000422,39,30,9
124000423,226,111,115
124000424,12,19,-7
124000425,57,36,21
124000426,29,91,-62
124000427,81,17,64
124000428,5,308,-303
124000429,213,42,171
124000430,1249,643,606
124000431,537,551,-14
124000432,448,860,-412
124000439,18,3,15
124000442,46,24,22
124000443,2,17,-15
124000445,55,1851,-1796
124000446,411,171,240
124900001,1370,346,1024
124900002,522,274,248
124900003,1926,327,1599
124900004,1541,199,1342
124900005,409,116,293
124900006,1478,257,1221
124900008,555,428,127
124900009,175,1061,-886
124900010,550,190,360
124900011,2199,348,1851
124900012,991,149,842
124900013,740,103,637
124900014,395,72,323
124900015,366,1289,-923
124900016,136,433,-297
124900017,611,5661,-5050
124900018,270,6,264
124900019,839,24,815
124900020,228,194,34
124900021,716,233,483
124900022,113,10,103
124900024,719,16,703
124900026,38,20,18
124900027,165,390,-225
124900028,411,118,293
124900029,28,920,-892
124900030,0,127,-127
124900031,138,445,-307
124900032,448,242,206
124900033,143,309,-166
124900034,14,373,-359
124900035,188,245,-57
124900036,5,116,-111
124900037,184,183,1
124900038,142,202,-60
124900039,7,52,-45
124900040,206,115,91
124900041,410,549,-139
124900042,58,1,57
124900043,611,362,249
124900044,174,12,162
124900045,325,1183,-858
124900046,840,278,562
124900047,49,212,-163
124900048,329,78,251
124900050,244,119,125
124900052,172,472,-300
124900053,404,207,197
124900054,833,760,73
124900055,0,138,-138
124900057,2,56,-54
124900060,27,166,-139
124900061,229,1,228
124900062,276,9,267
124900066,0,5,-5
124900067,4,57,-53
124900068,198,1883,-1685
124900069,65,389,-324
124900070,90,47,43
124900072,383,35,348
124900074,444,187,257
124900075,1140,128,1012
124900076,61,4234,-4173
124900077,24,137,-113
124900078,204,23,181
124900079,225,435,-210
124900080,552,215,337
124900081,1658,209,1449
124900082,449,347,102
124900083,476,416,60
124900084,1155,84,1071
124900085,474,445,29
124900086,58,1094,-1036
124900087,250,101,149
124900088,101,114,-13
124900089,530,13,517
124900090,1214,425,789
124900091,575,305,270
124900092,457,319,138
124900093,1231,416,815
124900094,1595,501,1094
124900095,282,1060,-778
124900096,397,279,118
124900097,1043,119,924
124900098,254,373,-119
124900099,341,1008,-667
124900100,647,33,614
124900101,100,197,-97
124900102,750,33,717
124900103,262,192,70
124900104,161,168,-7
124900105,115,103,12
124900106,726,68,658
124900107,289,68,221
124900108,255,175,80
124900109,172,331,-159
124900110,912,183,729
124900111,0,89,-89
124900112,244,430,-186
129000186,224,226,-2
204000001,33,10,23
204000002,3,20,-17
204000003,30,19,11
204000004,26,6,20
204000005,557,297,260
204000006,1268,1031,237
204000008,695,286,409
204000011,11,30,-19
204000012,118,52,66
204000013,2,21,-19
204000019,1481,469,1012
204000020,1824,886,938
204000021,2213,1169,1044
204000022,1772,628,1144
204000023,768,429,339
204000031,10,16,-6
204000032,319,74,245
204000034,58,195,-137
204000035,0,10,-10
204000036,3,66,-63
204000037,0,9,-9
204000038,1,6,-5
204000039,3,19,-16
204000040,26,39,-13
204000041,15,13,2
204000042,94,40,54
204000043,67,19,48
204000044,88,10,78
204000045,121,7,114
204000046,23,0,23
204000057,22,16,6
204000062,18,23,-5
204000068,19,487,-468
204000069,18,651,-633
204000070,80,50,30
204000080,80,96,-16
204000085,1442,1400,42
204000086,2242,1258,984
204000087,71,11,60
204000088,23,70,-47
204000090,86,399,-313
204000093,1035,72,963
204000096,2266,824,1442
204000097,804,7,797
204000099,1286,3141,-1855
204000100,2060,1479,581
204000105,1734,984,750
204000110,373,1033,-660
204000111,1029,774,255
204000112,694,668,26
204000113,383,780,-397
204000114,1482,1580,-98
204000115,1958,876,1082
204000116,910,1040,-130
204000119,3595,1945,1650
204000132,814,641,173
204000133,1015,92,923
204000134,290,62,228
204000135,690,14,676
204000136,507,485,22
204000138,350,1059,-709
204000140,292,90,202
204000141,192,72,120
204000144,17,30,-13
204000145,789,41,748
204000146,41,214,-173
204000147,51,209,-158
204000148,197,67,130
204000154,13,36,-23
204000155,5,6,-1
204000177,76,13,63
204000179,55,17,38
204000180,1,51,-50
204000222,16,6,10
204000235,119,44,75
204000236,64,179,-115
204000238,24,29,-5
204000240,472,106,366
204000308,144,61,83
204000317,22,108,-86
204000322,23,106,-83
204000323,23,26,-3
204000328,352,46,306
204000329,42,110,-68
204000330,367,18,349
204000331,95,119,-24
204010341,15,164,-149
205000001,722,1047,-325
205000013,124,165,-41
205000014,166,103,63
205000015,207,59,148
205000016,102,99,3
205000017,104,104,0
205000022,353,449,-96
205000025,2163,645,1518
205000029,615,12,603
205000045,216,251,-35
205000047,81,333,-252
205000048,586,275,311
205000049,150,389,-239
205000050,677,212,465
205000059,3,712,-709
205000060,3,1244,-1241
205000061,7,1941,-1934
205000062,5,2274,-2269
205000063,64,2241,-2177
205000064,184,567,-383
205000065,908,826,82
205000066,340,348,-8
205000067,299,463,-164
205000069,109,26,83
205000082,156,261,-105
205000110,111,123,-12
205000111,124,98,26
205000112,187,162,25
205000113,100,76,24
205000121,276,78,198
205000123,209,185,24
205000126,814,90,724
205000127,813,98,715
205000128,470,54,416
205000129,911,70,841
205000130,49,26,23
205000131,38,34,4
205000132,53,67,-14
205000133,31,17,14
205000134,424,4,420
205000137,421,92,329
205000138,487,262,225
205000139,55,69,-14
205000144,49,69,-20
205000145,316,225,91
205000151,246,49,197
205000152,171,58,113
205000153,214,78,136
205000154,163,59,104
205000155,139,11,128
205000207,7,133,-126
205000233,13,2,11
205000234,0,2,-2
205000243,0,2,-2
205000244,0,13,-13
205000245,2,239,-237
205000249,0,24,-24
205000250,4,0,4
205000251,231,237,-6
205000264,48,81,-33
206000027,20,26,-6
206000028,21,3,18
206000043,2,59,-57
206000053,5,14,-9
206000054,2,39,-37
206000055,0,33,-33
206000075,40,28,12
206000076,53,9,44
206000077,37,17,20
206000078,19,9,10
206000079,23,4,19
206000082,277,245,32
206000100,28,823,-795
206000103,10,19,-9
206000104,3,33,-30
206000105,15,44,-29
206000106,5,18,-13
206000108,887,93,794
206000125,199,0,199
206000157,22,535,-513
206000170,1,176,-175
206000171,27,203,-176
206000172,12,201,-189
206000173,4,105,-101
206000174,62,42,20
206000175,1,54,-53
206000176,26,72,-46
206000177,0,52,-52
206000178,4,406,-402
206000179,4,626,-622
206000180,3,118,-115
206000181,3,32,-29
206000182,7,50,-43
206000183,18,96,-78
206000184,2,78,-76
206000185,24,31,-7
206000186,128,287,-159
206000223,21,590,-569
206000226,44,3,41
206000227,31,7,24
206000237,18,171,-153
206000238,68,213,-145
206000239,202,1610,-1408
206000240,1,67,-66
206000241,0,49,-49
206000242,46,210,-164
206000243,26,44,-18
206000244,123,110,13
206000245,2081,72,2009
206000246,624,17,607
206000247,803,12,791
206000248,751,54,697
206000252,91,74,17
206000258,10,128,-118
206000315,103,3,100
206000317,660,234,426
206000318,967,89,878
206000319,2889,155,2734
206000320,678,30,648
206000321,654,14,640
206000322,1249,42,1207
206000323,511,18,493
206000324,652,21,631
206000325,330,14,316
206000326,487,88,399
206000327,46,59,-13
206000328,455,21,434
206000329,623,22,601
206000330,206,24,182
206000331,618,8,610
206000332,152,4,148
206000333,1863,6,1857
206000334,894,6,888
206000335,0,16,-16
206000361,4,122,-118
206000392,2,9,-7
206000405,167,0,167
206000441,173,32,141
206000498,53,2,51
206000515,61,74,-13
206000530,435,87,348
206000531,156,478,-322
206000532,1471,715,756
206000535,165,4304,-4139
206000536,62,73,-11
206000537,40,127,-87
206000613,1254,255,999
207000001,182,321,-139
207000002,195,315,-120
207000003,200,176,24
207000007,2241,207,2034
207000008,548,10,538
207000009,169,33,136
207000010,331,358,-27
207000012,586,151,435
207000015,495,589,-94
207000019,410,153,257
207000021,531,410,121
207000022,265,217,48
207000023,563,98,465
207000024,1,37,-36
207000025,30,109,-79
207000026,93,76,17
207000027,22,102,-80
207000028,79,137,-58
207000029,199,470,-271
207000033,363,299,64
207000034,483,144,339
207000039,931,105,826
207000040,873,84,789
207000041,241,42,199
207000042,623,60,563
207000043,391,234,157
207000051,74,345,-271
207000052,7,158,-151
207000053,376,320,56
207000054,60,48,12
207000055,219,58,161
207000056,249,224,25
207000057,121,188,-67
207000058,168,174,-6
207000059,99,178,-79
207000060,57,232,-175
207000061,133,1208,-1075
207000062,861,48,813
207000063,892,57,835
207000064,624,128,496
207000065,483,262,221
207000066,612,239,373
207000067,103,85,18
207000068,233,78,155
207000069,1036,293,743
207000082,27,126,-99
207000083,118,223,-105
207000084,872,354,518
207000085,477,84,393
207000086,609,12,597
207000106,113,51,62
207000107,190,26,164
207000108,142,4,138
207000109,151,5,146
207000110,75,90,-15
207000111,76,97,-21
207000112,69,1895,-1826
207000114,41,15,26
207000115,84,50,34
207000116,27,402,-375
207000117,17,114,-97
207000118,3,50,-47
207000119,29,49,-20
207000123,310,7,303
207000124,127,39,88
207000125,78,10,68
207000126,72,27,45
207000134,273,143,130
207000135,102,203,-101
207000148,160,683,-523
207000149,53,20,33
207000152,183,493,-310
207000153,232,549,-317
207000154,509,324,185
207000159,119,155,-36
207000160,184,199,-15
207000238,0,70,-70
207000242,2,63,-61
207000248,51,48,3
207000249,84,10,74
207000250,498,124,374
207000251,71,190,-119
207000252,22,68,-46
207000278,270,196,74
207000279,40,162,-122
207000280,1376,43,1333
207000281,299,340,-41
207000282,59,527,-468
207000283,44,130,-86
207000284,26,1681,-1655
207000285,79,46,33
207000291,21,63,-42
207000304,95,83,12
207000306,64,298,-234
207000310,177,125,52
207000353,193,14,179
207000356,9,233,-224
207000357,6,44,-38
207000415,6,61,-55
207000417,64,29,35
207000437,0,0,0
207000439,556,339,217
207000446,329,3,326
207000460,181,12,169
207000466,115,126,-11
207000467,0,4,-4
207000468,0,6,-6
207000476,12,7,5
207000477,955,30,925
207000523,0,3,-3
207000524,50,1,49
207000527,317,176,141
207000530,1083,5,1078
207000531,571,4,567
207000532,229,27,202
207000534,102,26,76
207000535,7,314,-307
207000537,1,45,-44
207000540,3,85,-82
207000541,2,154,-152
207000548,7,120,-113
207000549,560,9,551
207000561,451,221,230
207000562,21,94,-73
207000567,95,166,-71
207000568,660,73,587
207000569,1732,178,1554
207000584,49,298,-249
207000585,18,158,-140
207000616,0,52,-52
207000617,207,0,207
207000628,0,3,-3
207900008,706,69,637
208000001,833,1417,-584
208000002,941,979,-38
208000003,969,501,468
208000004,1051,1521,-470
208000005,1,156,-155
208000019,1704,578,1126
208000020,484,270,214
208000021,438,321,117
208000022,1006,352,654
208000028,1181,2011,-830
208000033,505,317,188
208000034,851,1333,-482
208000040,302,118,184
208000041,1226,697,529
208000042,2097,690,1407
208000047,186,199,-13
208000064,2766,1895,871
208000066,1364,1451,-87
208000070,848,554,294
208000071,1000,370,630
208000072,1075,775,300
208000080,476,1022,-546
208000081,532,146,386
208000082,895,215,680
208000083,273,215,58
208000084,8,88,-80
208000085,893,602,291
208000086,759,1131,-372
208000087,518,774,-256
208000089,1301,306,995
208000090,1100,402,698
208000093,42,168,-126
208000094,695,330,365
208000095,1101,597,504
208000104,2181,608,1573
208000105,1358,1001,357
208000114,120,439,-319
208000115,780,520,260
208000116,1843,1674,169
208000117,31,217,-186
208000118,248,362,-114
208000155,895,1583,-688
208000158,2104,2760,-656
208000186,1105,2359,-1254
208000204,1211,1267,-56
208000205,1958,952,1006
208000282,843,1354,-511
209000004,1136,270,866
209000005,174,66,108
209000006,387,229,158
209000007,541,732,-191
209000010,337,670,-333
209000011,111,354,-243
209000012,267,205,62
209000013,665,323,342
209000014,808,514,294
209000025,744,103,641
209000026,1437,278,1159
209000027,634,250,384
209000028,467,263,204
209000029,693,2508,-1815
209000030,683,2500,-1817
209000031,5583,1898,3685
209000034,216,482,-266
209000035,229,482,-253
209000036,496,368,128
209000037,629,320,309
209000038,276,201,75
209000039,199,164,35
209000040,374,502,-128
209000041,216,365,-149
209000042,375,263,112
209000043,539,582,-43
209000044,332,816,-484
209000045,707,252,455
209000046,687,397,290
209000047,471,227,244
209000048,610,801,-191
209000049,130,35,95
209000050,188,85,103
209000051,316,106,210
209000052,256,151,105
209000062,155,59,96
209000063,144,35,109
209000064,67,32,35
209000065,199,48,151
209000066,174,11,163
209000067,319,40,279
209000080,42,270,-228
209000082,111,60,51
209000091,62,124,-62
209000093,60,151,-91
209000094,97,206,-109
209000110,42,230,-188
209000111,655,2517,-1862
209000112,1804,823,981
209000113,3061,2071,990
209000114,1199,1215,-16
209000115,105,89,16
209000116,363,333,30
209000118,18,217,-199
209000119,14,116,-102
209000121,209,508,-299
209000135,50,125,-75
209000142,1003,4708,-3705
209000143,76,321,-245
209000144,95,912,-817
209000229,216,102,114
209000240,88,320,-232
209000259,46,54,-8
209000260,31,811,-780
209000261,2,493,-491
209000262,0,244,-244
209000263,1,342,-341
209000264,0,178,-178
209000265,897,1,896
209000266,272,0,272
209000267,2325,12,2313
209000268,527,200,327
210000037,82,185,-103
210000047,130,26,104
210000048,153,37,116
210000049,107,6,101
210000052,107,59,48
210000053,59,41,18
210000054,4,87,-83
210000070,348,17,331
210000071,353,5,348
210000072,170,0,170
210000073,0,34,-34
210000074,0,100,-100
210000075,1,197,-196
210000076,11,275,-264
210000077,12,332,-320
210000078,24,348,-324
210000079,40,69,-29
210000080,47,349,-302
210000081,430,41,389
210000082,22,12,10
210000083,107,7,100
210000084,135,0,135
210000085,0,47,-47
210000086,7,71,-64
210000099,75,182,-107
210000100,93,162,-69
210000101,133,150,-17
210000105,26,278,-252
210000159,0,237,-237
210000163,49,163,-114
210000164,315,304,11
210000168,706,147,559
210000187,0,31,-31
210000188,1,42,-41
210000214,11,0,11
210000219,94,59,35
210000220,218,23,195
210000232,2,16,-14
210000233,38,9,29
210000234,44,38,6
210000235,117,43,74
210000245,2,60,-58
210000246,15,0,15
210000258,27,111,-84
210000259,425,89,336
210000282,36,149,-113
210000285,2,144,-142
210000286,20,163,-143
210000295,76,186,-110
210000296,113,61,52
210000320,387,44,343
210000321,312,34,278
210000338,69,154,-85
210000339,129,905,-776
210000340,153,315,-162
210000341,260,246,14
210000342,357,215,142
210000343,259,233,26
210000344,143,288,-145
210000345,198,483,-285
210000346,70,249,-179
210000347,64,446,-382
210000348,221,383,-162
210000349,107,207,-100
210000350,226,144,82
210000351,329,70,259
210000352,70,38,32
210000353,55,58,-3
210000354,92,48,44
210000355,64,617,-553
210000356,30,914,-884
210000357,61,923,-862
210000358,1275,624,651
210000359,144,911,-767
210000360,357,663,-306
210000361,501,266,235
210000362,541,445,96
210000363,987,399,588
210000364,489,239,250
210000365,397,83,314
210000366,456,54,402
210000367,229,29,200
210000368,296,27,269
210000369,54,279,-225
210000370,117,341,-224
210000372,68,101,-33
210000373,22,381,-359
210000374,94,353,-259
210000375,44,42,2
210000376,48,550,-502
210000404,63,133,-70
210000439,124,21,103
210000472,46,6,40
210000482,68,172,-104
210000564,383,252,131
210000568,514,13,501
211000092,96,16,80
211000094,39,1,38
211000169,331,15,316
211000172,43,89,-46
211000209,0,64,-64
211000275,68,20,48
211000276,270,40,230
211000279,33,28,5
211000281,220,35,185
211507980,1,179,-178
211977296,49,0,49
212000003,483,207,276
212000004,15,241,-226
212000005,32,234,-202
212000006,66,265,-199
212000008,322,270,52
212000009,138,201,-63
212000012,276,69,207
212000013,103,91,12
212000014,484,97,387
212000015,597,112,485
212000016,795,347,448
212000027,658,347,311
212000028,403,271,132
212000029,374,208,166
212000030,91,30,61
212000031,120,42,78
212000048,87,740,-653
212000049,20,336,-316
212000050,18,44,-26
212000051,432,106,326
212000052,342,131,211
212000053,253,189,64
212000054,751,78,673
212000055,619,112,507
212000056,31,52,-21
212000057,28,41,-13
212000058,280,69,211
212000070,204,118,86
212000077,239,204,35
212000099,553,209,344
212000108,384,613,-229
212000111,427,88,339
212000120,236,315,-79
212000138,327,119,208
212000156,2,41,-39
212000158,1,49,-48
212000159,915,69,846
212000160,777,149,628
212000161,120,7,113
212000310,80,20,60
212000311,28,64,-36
212000374,64,26,38
213000001,33,588,-555
213000005,846,159,687
213000006,830,236,594
213000007,93,46,47
213000009,406,198,208
213000010,523,177,346
213000011,284,102,182
213000012,387,241,146
213000014,93,63,30
213000015,618,16,602
213000016,643,3,640
213000017,110,0,110
213000018,1,33,-32
213000019,0,57,-57
213000020,128,109,19
213000021,4,52,-48
213000023,415,439,-24
213000033,405,1491,-1086
213000034,523,317,206
213000035,241,420,-179
213000045,326,317,9
213000046,125,112,13
213000047,320,943,-623
213000056,281,22,259
213000069,323,56,267
213000073,0,27,-27
213000074,78,652,-574
213000075,1098,5,1093
213000085,1,50,-49
213000086,22,141,-119
213000091,498,12,486
213000092,45,15,30
213000099,297,1297,-1000
213000100,951,350,601
213000101,993,77,916
213000102,829,154,675
213000103,669,401,268
213000104,62,229,-167
213000105,129,1973,-1844
213000106,54,125,-71
213000107,158,271,-113
213000108,30,279,-249
213000109,3,128,-125
213000110,11,137,-126
213000111,6,126,-120
213000112,41,101,-60
213000115,63,1,62
213000116,21,432,-411
213000117,10,458,-448
213000118,1723,505,1218
213000119,68,365,-297
213000120,118,204,-86
213000122,266,296,-30
213000123,131,420,-289
213000124,387,584,-197
213000125,132,53,79
213000126,64,309,-245
213000127,25,254,-229
213000128,73,650,-577
213000129,236,2457,-2221
213000130,1375,1088,287
213000132,1408,262,1146
213000133,1620,128,1492
213000134,2842,32,2810
213000136,888,20,868
213000137,899,41,858
213000139,169,44,125
213000147,37,47,-10
213000148,25,46,-21
213000149,8,49,-41
213000150,1,964,-963
213000151,5,348,-343
213000152,2,510,-508
213000153,11,247,-236
213000154,91,380,-289
213000155,84,311,-227
213000156,265,296,-31
213000157,1183,257,926
213000158,744,680,64
213000159,1142,482,660
213000163,2683,375,2308
213000165,815,511,304
213000171,0,44,-44
213000172,0,121,-121
213000173,1,83,-82
213000174,10,79,-69
213000175,15,79,-64
213000176,661,57,604
213000177,419,15,404
213000178,639,8,631
213000179,485,1,484
213000180,449,1,448
213000184,83,501,-418
213000188,855,106,749
213000189,1173,63,1110
213000190,830,428,402
213000191,782,192,590
213000192,533,118,415
213000193,666,363,303
213000194,2,234,-232
213000195,35,245,-210
213000196,462,2877,-2415
213000197,779,1259,-480
213000198,36,10,26
213000200,191,469,-278
213000201,19,97,-78
213000202,30,563,-533
213000203,1686,221,1465
213000204,1408,44,1364
213000205,998,30,968
213000206,935,60,875
213000207,38,13,25
213000208,37,7,30
213000209,138,4,134
213000210,296,23,273
213000211,4,23,-19
213000212,33,125,-92
213000213,30,69,-39
213000218,514,609,-95
213000219,1578,164,1414
213000220,1978,47,1931
213000223,296,213,83
213000224,12,49,-37
213000225,92,24,68
213000226,52,12,40
213000227,2174,163,2011
213000228,955,81,874
213000229,110,40,70
213000230,712,9,703
213000232,166,16,150
213000233,83,238,-155
213000234,3,79,-76
213000293,34,77,-43
213000294,67,92,-25
213000295,22,115,-93
213000296,160,33,127
213000297,6,55,-49
213000298,8,77,-69
213000299,143,16,127
213000300,4,11,-7
213000303,2,26,-24
213000304,0,8,-8
213000305,7,59,-52
213000306,35,1018,-983
213000307,171,597,-426
213000308,106,266,-160
213000309,437,53,384
213000310,363,237,126
213000311,93,815,-722
213000315,97,356,-259
213000316,474,134,340
213000322,153,26,127
213000323,187,105,82
213000324,291,27,264
213000325,236,35,201
213000326,317,20,297
213000327,226,52,174
213000328,197,80,117
213000329,273,37,236
213000340,198,259,-61
213000341,1387,76,1311
213000347,253,1530,-1277
213000348,2,122,-120
213000349,3,11,-8
213000350,145,1031,-886
213000366,85,137,-52
213000367,798,19,779
213000379,29,136,-107
213000386,27,26,1
213000406,473,67,406
213000417,2958,720,2238
213000425,722,110,612
213000426,281,56,225
213000427,144,73,71
213000428,62,155,-93
213000429,13,3,10
213000430,235,412,-177
213000431,9,0,9
213000432,0,32,-32
213000433,25,53,-28
213000434,229,139,90
213000435,145,88,57
213000436,78,42,36
213000437,4,12,-8
213000438,176,34,142
213000439,87,34,53
213000440,39,126,-87
213000441,1,1,0
213000442,32,18,14
213000443,904,503,401
213000444,63,20,43
213000445,4,44,-40
213000446,0,36,-36
213000447,3,157,-154
213000448,11,230,-219
213000449,1538,11,1527
213000450,43,38,5
213000451,542,70,472
213000452,37,22,15
213000453,38,272,-234
213000455,177,66,111
213000456,1,228,-227
213000481,10,1,9
213000484,43,1,42
213000489,266,23,243
213900002,3,556,-553
213900003,182,39,143
213900013,1,62,-61
213900015,0,1,-1
213900016,9,6,3
213900020,58,26,32
213900030,9,41,-32
213900032,137,211,-74
213900033,372,76,296
213900034,1268,76,1192
213900035,379,140,239
213900036,294,77,217
213900037,67,171,-104
213900038,957,134,823
213900039,0,49,-49
213900041,25,508,-483
213900042,156,511,-355
213900043,347,98,249
213900244,125,0,125
213900245,0,15,-15
218000003,35,28,7
218000004,67,30,37
218000005,63,87,-24
218000006,100,97,3
218000007,19,31,-12
218000012,221,241,-20
218000013,396,243,153
218000014,490,319,171
218000019,511,570,-59
218000020,433,388,45
218000021,68,59,9
218000022,42,29,13
218000023,37,24,13
218000024,7,12,-5
218000025,10,28,-18
218000026,21,34,-13
218000027,1,3,-2
218000028,5,1,4
218000029,1,12,-11
218000030,17,16,1
218000031,20,18,2
218000032,2,13,-11
218000039,77,19,58
218000040,2,11,-9
218000046,166,96,70
218000047,29,73,-44
218000048,56,61,-5
218000049,49,53,-4
218000050,182,83,99
218000051,81,106,-25
218000052,1,36,-35
218000053,6,39,-33
218000054,2,76,-74
218000055,19,34,-15
218000056,28,63,-35
218000057,1,42,-41
218000064,1,30,-29
218000065,156,48,108
218000066,29,147,-118
218000067,202,119,83
218000068,279,80,199
218000069,582,86,496
218000070,368,294,74
218000071,401,290,111
218000072,207,411,-204
218000078,1789,299,1490
218000079,634,186,448
218000080,340,93,247
218000081,1231,116,1115
218000082,289,68,221
218000083,218,80,138
218000084,420,77,343
218000085,286,145,141
218000086,213,82,131
218000087,330,103,227
218000090,37,218,-181
218000091,1062,425,637
218000092,253,174,79
218000093,141,98,43
218000094,341,276,65
218000099,335,767,-432
218000100,716,374,342
218000101,501,280,221
218000102,862,254,608
218000103,165,138,27
218000104,327,65,262
218000105,46,31,15
218000106,6,5,1
218000107,161,68,93
218000108,15,48,-33
218000112,270,133,137
218000117,160,372,-212
218000134,1023,349,674
218000135,17,100,-83
218000136,235,152,83
218000137,237,102,135
218000138,89,121,-32
218000139,247,710,-463
218000140,850,630,220
218000141,128,139,-11
218000142,255,224,31
218000143,56,433,-377
218000144,37,206,-169
218000145,982,490,492
218000146,369,287,82
218000151,7,45,-38
218000152,93,39,54
218000153,8,13,-5
218000154,18,0,18
218000155,70,2,68
218000156,176,21,155
218000157,85,26,59
218000158,30,42,-12
218000159,0,10,-10
218000160,9,10,-1
218000161,75,2,73
218000162,74,12,62
218000163,41,2,39
218000164,183,4,179
218000165,184,22,162
218000170,2,29,-27
218000171,73,11,62
218000172,30,24,6
218000173,26,27,-1
218000174,30,32,-2
218000176,346,47,299
218000177,435,184,251
218000178,112,266,-154
218000179,258,83,175
218000180,142,59,83
218000181,501,39,462
218000187,8,45,-37
218000188,27,34,-7
218000189,44,89,-45
218000190,110,27,83
218000191,319,46,273
218000192,427,237,190
218000193,621,281,340
218000194,341,300,41
218000195,316,77,239
218000196,598,375,223
218000197,1134,280,854
218000198,151,79,72
218000199,46,18,28
218000200,65,85,-20
218000201,11,2,9
218000202,67,678,-611
218000207,9,19,-10
218000208,49,147,-98
218000211,57,34,23
218000212,0,10,-10
218000213,200,110,90
218000214,2,15,-13
218000215,62,58,4
218000217,5,56,-51
218000218,271,23,248
218000219,4,261,-257
218000220,76,1924,-1848
218000221,758,455,303
218000222,1,315,-314
218000223,95,1045,-950
218000224,11,332,-321
218000225,243,34,209
218000226,287,76,211
218000230,0,6,-6
218000232,151,76,75
218000234,79,5,74
218000239,142,43,99
218000240,12,10,2
218000241,53,2,51
218000242,15,2,13
218000243,2,4,-2
218000244,25,21,4
218000245,157,18,139
218000246,0,7,-7
218000247,0,3,-3
218000248,0,31,-31
218000249,0,3,-3
218000250,1,85,-84
218000251,2,29,-27
218000252,1,29,-28
218000253,1,45,-44
218000254,0,29,-29
218000255,0,7,-7
218000256,1,11,-10
218000267,274,706,-432
218000268,11,49,-38
218000269,2,22,-20
218000270,70,54,16
218000271,9,39,-30
218000273,75,2,73
218000274,7,3,4
218000275,132,65,67
218000276,26,10,16
218000278,5,78,-73
218000279,27,26,1
218000280,2,12,-10
218000281,9,32,-23
218000282,426,661,-235
218000284,72,5,67
218000301,93,110,-17
218000302,88,54,34
218000303,22,80,-58
218000316,1804,796,1008
218000317,2599,750,1849
218000318,1657,484,1173
218000319,1985,572,1413
218000320,1726,713,1013
218000338,31,145,-114
218000339,27,24,3
218000342,130,32,98
218000343,119,24,95
218000345,51,93,-42
218000346,11,233,-222
218000353,28,5,23
218000354,61,29,32
218000459,35,133,-98
218000490,20,63,-43
218000501,203,47,156
218000502,150,32,118
218000503,183,42,141
218000504,189,70,119
218000505,56,82,-26
218000506,19,268,-249
218000508,1,9,-8
218000510,88,18,70
218000520,339,257,82
218000521,1,3,-2
218000522,1,491,-490
218000523,161,2,159
218000524,3,333,-330
218000525,130,22,108
218000526,41,309,-268
218000529,14,16,-2
218000530,63,7,56
218000531,38,31,7
218000532,124,22,102
218000534,152,1,151
218000537,14,145,-131
218000538,79,298,-219
218000539,78,9,69
218000540,107,89,18
218000543,228,103,125
218000544,66,64,2
218000545,190,115,75
218000546,53,64,-11
218000547,206,263,-57
218000548,166,116,50
218000549,982,315,667
218000550,242,160,82
218000551,101,490,-389
218000552,383,281,102
218000553,11,89,-78
218000554,15,31,-16
218000555,50,33,17
218000556,95,153,-58
218000557,726,66,660
218000558,73,10,63
218000559,0,58,-58
218000560,0,29,-29
218000561,2,0,2
218000562,13,152,-139
218000563,247,56,191
218000564,10,187,-177
218000565,131,43,88
218000566,41,15,26
218000567,1,75,-74
218000568,4,1,3
218000569,7,251,-244
218000570,1,11,-10
218000571,5,193,-188
218000572,123,9,114
218000573,8,68,-60
218000574,79,39,40
218000575,121,8,113
218000576,0,86,-86
218000577,173,0,173
218000578,3,249,-246
218000579,93,13,80
218000581,2,136,-134
218000582,49,13,36
218000583,10,2,8
218000584,1,12,-11
218000585,55,20,35
218000586,18,17,1
218000587,2,2,0
218000588,2,20,-18
218000589,0,4,-4
218000590,3,0,3
218000591,1,6,-5
218000592,17,0,17
218000593,2,4,-2
218000594,5,1,4
218000595,0,0,0
218000596,0,0,0
218000597,0,0,0
218000598,0,0,0
218000599,0,0,0
218000600,0,2,-2
218000601,0,0,0
218000602,0,1,-1
218000603,0,6,-6
218000604,3,0,3
218000605,0,50,-50
218000606,58,0,58
218000607,13,80,-67
218000608,44,17,27
218000609,6,125,-119
218000610,68,5,63
218000611,35,1,34
218000612,3,29,-26
218000613,74,7,67
218000614,0,43,-43
218000615,290,27,263
218000616,3,235,-232
218000617,24,22,2
218000618,0,14,-14
218000619,158,35,123
218000620,28,131,-103
218000621,0,1,-1
218000622,0,96,-96
218000623,49,36,13
218000624,0,264,-264
218000625,1,13,-12
218000626,0,18,-18
218000628,244,343,-99
218000631,8,2,6
218000632,0,178,-178
218000633,117,1,116
218000634,6,9,-3
218000635,19,34,-15
218000636,1314,438,876
218000637,1561,372,1189
218000638,486,38,448
218000639,37,76,-39
218000640,752,33,719
218000641,139,102,37
218000652,63,22,41
218000653,316,66,250
218000663,1,16,-15
218000675,9,24,-15
218000676,34,22,12
218000677,41,4,37
218000680,58,67,-9
218000681,244,14,230
218000691,71,44,27
218000693,223,22,201
218000703,3,28,-25
218000718,26,185,-159
218000719,97,142,-45
218000720,1,96,-95
218000721,13,7,6
218000725,9,16,-7
218001214,37,49,-12
218001329,27,20,7
218001330,7,7,0
219000001,24,46,-22
219000002,39,48,-9
219000003,100,48,52
219000004,79,104,-25
219000017,56,285,-229
219000020,273,33,240
219000022,119,3,116
219000023,64,3,61
219000029,1,171,-170
219000034,56,71,-15
219000039,31,383,-352
219000040,52,92,-40
219000041,200,84,116
219000051,0,256,-256
219000052,0,151,-151
219000053,3,135,-132
219000054,403,506,-103
219000055,390,3,387
219000056,15,0,15
219000057,119,0,119
219000062,11,284,-273
219000063,205,26,179
219000064,0,22,-22
219000110,256,235,21
219000111,115,74,41
219000112,246,43,203
219000113,377,31,346
219000114,213,38,175
219000116,210,87,123
219000117,289,82,207
219000118,184,96,88
219000123,247,53,194
219000124,97,82,15
219000125,14,24,-10
219000126,83,195,-112
219000127,1,13,-12
219000128,36,171,-135
219000129,30,122,-92
219000130,227,731,-504
219000131,884,1198,-314
219000133,75,104,-29
219000134,11,67,-56
219000135,19,92,-73
219000136,117,249,-132
219000138,160,19,141
219000139,164,13,151
219000140,229,0,229
219000141,55,49,6
219000142,27,41,-14
219000143,40,46,-6
219000145,3,58,-55
219000146,3,23,-20
219000147,1,34,-33
219000148,5,43,-38
219000149,22,42,-20
219000150,0,57,-57
219000151,9,35,-26
219000157,299,162,137
219000158,265,306,-41
219000161,215,9,206
219000163,1093,370,723
219000166,255,228,27
219000167,183,219,-36
219000168,255,73,182
219000174,684,186,498
219000175,306,3,303
219000176,303,22,281
219000177,164,2,162
219000178,103,0,103
219000179,104,12,92
219000180,119,50,69
219000182,182,9,173
219000183,150,38,112
219000184,158,7,151
219000185,5,66,-61
219000186,120,43,77
219000187,23,104,-81
219000189,106,190,-84
219000190,111,271,-160
219000191,136,1926,-1790
219000192,211,237,-26
219000193,510,195,315
219000195,0,201,-201
219000196,3,98,-95
219000198,46,104,-58
219000199,90,138,-48
219000200,153,97,56
219000201,52,154,-102
219000203,44,152,-108
219000204,74,405,-331
219000205,32,223,-191
219000207,95,190,-95
219000209,26,56,-30
219000210,35,608,-573
219000213,12,306,-294
219000239,193,242,-49
219000240,141,571,-430
219000241,141,262,-121
219000242,87,145,-58
219000243,80,288,-208
219000244,6,44,-38
219000245,7,37,-30
219000246,32,59,-27
219000247,340,48,292
219000248,538,912,-374
219000249,282,211,71
219000250,232,202,30
219000251,614,301,313
219000252,382,158,224
219000253,468,47,421
219000255,201,165,36
219000256,429,70,359
219000257,123,0,123
219000262,126,108,18
219000263,79,95,-16
219000267,17,83,-66
219000268,17,39,-22
219000269,14,4,10
219000270,31,1,30
219000271,417,8,409
219000278,11,42,-31
219000279,0,13,-13
219000283,0,38,-38
219000295,35,66,-31
219000296,104,351,-247
219000297,58,57,1
219000298,68,47,21
219000299,562,35,527
219000300,99,79,20
219000301,23,182,-159
219000302,62,127,-65
219000307,108,23,85
219000308,104,60,44
219000311,250,82,168
219000312,503,99,404
219000313,542,41,501
219000314,104,144,-40
219000315,547,32,515
219000316,967,89,878
219000317,237,24,213
219000320,3,205,-202
219000321,0,23,-23
219000323,0,89,-89
219000325,2,5,-3
219000326,26,47,-21
219000327,40,11,29
219000328,35,27,8
219000329,296,95,201
219000330,34,51,-17
219000331,71,96,-25
219000332,301,68,233
219000333,106,3,103
219000335,117,2,115
219000337,38,1,37
219000338,41,2,39
219000344,21,136,-115
219000345,87,74,13
219000346,53,50,3
219000348,308,110,198
219000349,71,129,-58
219000350,61,498,-437
219000351,0,25,-25
219000352,91,111,-20
219000353,242,79,163
219000354,306,52,254
219000355,217,46,171
219000356,352,1986,-1634
219000363,140,109,31
219000364,242,66,176
219000365,123,32,91
219000366,152,914,-762
219000368,360,555,-195
219000370,718,769,-51
219000371,10,9,1
219000382,16,31,-15
219000383,255,1634,-1379
219000385,258,862,-604
219000386,780,2069,-1289
219000387,1,19,-18
219000390,43,0,43
219000391,4,0,4
219000397,85,40,45
219000398,45,66,-21
219000401,32,121,-89
219000402,23,91,-68
219000403,28,137,-109
219000404,52,86,-34
219000407,4,12,-8
219000409,135,56,79
219000410,228,27,201
219000411,198,7,191
219000446,48,466,-418
219000447,1,24,-23
219000448,0,6,-6
219000452,129,133,-4
219000453,33,288,-255
219000454,332,569,-237
219000556,459,180,279
219000558,68,185,-117
219000590,43,276,-233
219000591,239,145,94
219000592,54,217,-163
219000595,5,23,-18
219000635,215,48,167
219000636,105,55,50
219000657,34,5,29
219000658,25,255,-230
219000673,1,27,-26
219000676,1,2,-1
219000679,31,33,-2
219000684,164,3,161
219000685,1,62,-61
219000686,1,15,-14
219000688,1,37,-36
219000689,32,210,-178
219000690,262,40,222
219000691,4,39,-35
219000692,47,5,42
219000693,4,26,-22
219000694,34,0,34
219000695,124,7,117
219000698,24,0,24
219000699,2,214,-212
219000727,37,385,-348
219000728,84,6,78
219000770,50,3,47
219000771,1,44,-43
219001150,0,58,-58
219001151,3,3,0
219001166,47,22,25
219001167,3,43,-40
220000001,57,230,-173
220000002,21,136,-115
220000003,384,246,138
220000004,440,927,-487
220000005,592,2589,-1997
220000006,190,834,-644
220000007,765,168,597
220000008,322,264,58
220000009,352,266,86
220000010,49,75,-26
220000011,528,6005,-5477
220000012,53,872,-819
220000014,195,86,109
220000015,40,424,-384
220000017,19,547,-528
220000018,9832,3844,5988
220000019,259,888,-629
220000020,864,275,589
220000021,1151,378,773
220000022,1485,303,1182
220000023,432,217,215
220000024,1048,627,421
220000025,753,2779,-2026
220000026,442,1348,-906
220000027,8,314,-306
220000028,52,176,-124
220000029,24,64,-40
220000030,42,111,-69
220000031,815,829,-14
220000064,43,1502,-1459
221000046,4,0,4
221000047,0,0,0
221000048,0,0,0
221000049,0,22,-22
221000050,19,2,17
221000055,33,79,-46
221000057,72,2,70
221000068,320,85,235
221000069,365,37,328
221000070,330,28,302
221000071,178,5,173
221000072,492,9,483
221000073,236,35,201
221000074,0,18,-18
221000075,17,55,-38
221000076,20,20,0
221000077,11,44,-33
221000081,25,10,15
221000082,57,2,55
221000083,12,7,5
221000084,1,18,-17
221000085,32,87,-55
221000086,21,86,-65
221000087,6,192,-186
221000088,10,201,-191
221000089,32,253,-221
221000090,58,475,-417
221000098,198,24,174
221000099,273,6,267
221000100,145,2,143
221000101,134,11,123
221000102,137,11,126
221000109,11,38,-27
221000110,3,50,-47
221000111,8,78,-70
221000112,6,74,-68
221000113,5,90,-85
221000114,16,93,-77
221000120,20,223,-203
221000121,3,75,-72
221000122,37,71,-34
221000123,0,8,-8
221000124,16,82,-66
221000155,219,51,168
221000156,2,55,-53
221000175,1,8,-7
221000176,3,14,-11
221000182,53,15,38
221000241,320,334,-14
221000242,115,227,-112
221000243,487,255,232
221000244,182,462,-280
221000245,104,127,-23
221000246,32,288,-256
221000247,128,165,-37
221000248,181,139,42
221000267,38,780,-742
221000325,11,162,-151
221000331,2,58,-56
221000338,21,92,-71
221000378,450,49,401
221000381,49,42,7
222000282,0,14,-14
222000296,2,10,-8
222000568,477,20,457
222000569,169,34,135
222000570,205,35,170
222000571,498,57,441
222000577,9,36,-27
222000578,1,73,-72
222000579,5,46,-41
222000580,35,601,-566
222000599,2,65,-63
222000600,0,90,-90
222000601,1,555,-554
222000603,8,184,-176
222000604,0,106,-106
222000605,9,24,-15
222000606,0,8,-8
222000607,4,13,-9
222000608,28,33,-5
222000609,36,82,-46
222000616,745,103,642
222000617,32,84,-52
222000618,5,44,-39
222000620,38,34,4
222000621,28,40,-12
222000623,823,18,805
222000624,579,6,573
222000625,1531,18,1513
222000636,78,16,62
222000686,68,69,-1
222000687,46,54,-8
222001066,595,3,592
222001067,82,6,76
222001068,258,19,239
222001069,101,32,69
222001082,73,13,60
222001083,150,6,144
222001084,6,33,-27
222001085,0,462,-462
222001111,223,27,196
222001112,256,64,192
222001313,10,37,-27
222001314,2,153,-151
222001464,90,78,12
222001465,15,132,-117
222001484,263,92,171
222001485,38,81,-43
222001494,1129,272,857
222001495,169,175,-6
222001496,638,127,511
222001497,107,265,-158
222001502,15,52,-37
222001503,354,48,306
222001504,81,211,-130
222001505,883,18,865
222001506,90,317,-227
222001507,417,24,393
222001510,1281,48,1233
222001511,30,137,-107
222001514,1040,92,948
222001515,93,263,-170
222001518,737,59,678
222001519,89,99,-10
222001527,224,99,125
222001528,14,172,-158
222001529,653,18,635
222001530,80,61,19
222001533,222,138,84
222001534,904,69,835
222001535,367,355,12
222001536,61,103,-42
222001537,517,61,456
222001538,35,321,-286
222001563,1513,118,1395
222001564,87,187,-100
222001568,328,264,64
222001576,1,6,-5
222001579,0,6,-6
222001583,35,122,-87
222001584,245,16,229
222001596,583,1540,-957
222001597,2221,584,1637
222001626,0,31,-31
222001650,22,123,-101
222001651,37,275,-238
222001914,397,44,353
222001915,42,160,-118
222900004,762,256,506
222900009,257,359,-102
222900019,100,289,-189
222900024,119,5,114
222900025,29,17,12
225000001,582,153,429
225000002,1269,294,975
225000003,1440,113,1327
225000004,934,186,748
225000005,48,136,-88
225000006,0,414,-414
225000007,1869,1349,520
225000010,421,19,402
225000011,343,2568,-2225
225000012,448,936,-488
225000013,190,236,-46
225000014,1117,383,734
225000015,214,250,-36
225000021,1203,196,1007
225000027,478,581,-103
225000032,1197,176,1021
225000042,166,542,-376
225000049,155,109,46
225000050,290,22,268
225000053,5,282,-277
225000058,810,438,372
225000067,470,83,387
225000068,203,270,-67
225000069,115,426,-311
225000070,240,305,-65
225000071,102,95,7
225000075,90,3796,-3706
225000076,59,311,-252
225000078,92,146,-54
225000085,163,32,131
225000086,505,57,448
225000087,183,15,168
225000088,73,349,-276
225000089,70,570,-500
225000090,44,1027,-983
225000091,113,212,-99
225000092,109,158,-49
225000093,439,142,297
225000094,44,155,-111
225000095,419,391,28
225000096,119,397,-278
225000098,1337,188,1149
225000099,699,125,574
225000100,879,180,699
225000104,230,439,-209
225000110,31,344,-313
225000111,522,539,-17
225000112,928,914,14
225000113,311,1858,-1547
225000114,207,697,-490
225000115,2117,658,1459
225000116,262,241,21
225000117,792,566,226
225000118,1835,491,1344
225000119,632,184,448
225000120,1352,44,1308
225000121,238,23,215
225000123,1158,60,1098
225000125,860,298,562
225000126,1087,508,579
225000127,730,3791,-3061
225000128,510,1402,-892
225000132,856,33,823
225000133,492,27,465
225000134,1026,167,859
225000135,176,16,160
225000136,858,18,840
225000137,739,142,597
225000138,890,196,694
225000143,335,299,36
225000144,29,344,-315
225000145,43,72,-29
225000146,136,45,91
225000147,53,89,-36
225000148,4,99,-95
225000149,73,183,-110
225000151,58,98,-40
225000155,233,287,-54
225000156,345,1168,-823
225000157,815,473,342
225000158,82,317,-235
225000171,14,186,-172
225000180,18,3,15
225000181,0,222,-222
225000182,97,39,58
225000185,9,487,-478
225000187,224,303,-79
225000191,131,4,127
225000194,0,4,-4
225000208,0,69,-69
225000209,217,21,196
225000210,14,288,-274
225000217,0,24,-24
225000218,41,0,41
225000223,3,474,-471
225000224,355,27,328
225000225,1,253,-252
225000226,123,22,101
225000227,540,557,-17
225000228,12,12,0
225000229,0,121,-121
225000230,12,4,8
225000231,0,39,-39
225000232,231,0,231
225000241,120,5,115
225000242,0,53,-53
225000249,1,0,1
225000250,55,395,-340
225000251,901,339,562
225000254,14,312,-298
225000256,2,1273,-1271
225000257,1,163,-162
226000042,324,657,-333
226000043,48,382,-334
226000044,197,1007,-810
226000045,161,520,-359
226000046,737,279,458
226000047,764,174,590
226000048,464,142,322
226000049,727,406,321
226000070,0,27,-27
226000071,0,74,-74
226000072,0,65,-65
226000073,0,19,-19
226000074,0,43,-43
226000084,2,30,-28
226000085,5,98,-93
226000086,2,70,-68
226000087,0,54,-54
226000088,25,78,-53
226000090,41,289,-248
226000091,14,114,-100
226000092,0,16,-16
226000093,25,4,21
226000094,6,12,-6
226000095,15,16,-1
226000105,14,0,14
226000106,30,1,29
226000107,18,0,18
226000108,15,0,15
226000109,258,1,257
226000124,308,206,102
226000134,1581,664,917
226000135,2862,565,2297
226000136,1129,489,640
226000137,2,170,-168
226000138,32,120,-88
226000139,0,122,-122
226000156,722,3,719
226000157,598,20,578
226000163,88,459,-371
226000202,5,164,-159
226000231,812,9,803
226000232,94,2,92
227000033,665,29,636
227000036,964,38,926
227000037,636,21,615
227000038,189,32,157
227000084,1,192,-191
227000085,1,122,-121
227000088,65,1,64
227000089,54,1,53
227000090,20,2,18
227000091,49,2,47
227000092,28,1,27
227000093,165,1,164
227000094,2,1,1
227000130,97,206,-109
227000131,36,183,-147
227000132,31,76,-45
227000133,39,63,-24
227000134,65,119,-54
227000152,0,17,-17
227000153,1,215,-214
227000154,0,108,-108
227000155,1,16,-15
227000156,0,64,-64
227000165,0,118,-118
227000196,1083,151,932
227000199,963,243,720
227000230,14,203,-189
227000232,1393,46,1347
227000242,53,364,-311
227000243,398,36,362
227000245,10,251,-241
227000246,86,192,-106
227000247,818,45,773
227000248,157,65,92
227000249,29,122,-93
227000250,345,342,3
227000251,45,445,-400
227000252,52,152,-100
227000253,365,24,341
227000262,829,46,783
227000266,2549,59,2490
227000267,15,706,-691
227000282,9,90,-81
227000284,985,29,956
227000286,6,42,-36
227000291,10,275,-265
227000296,305,298,7
227000484,198,9,189
227000485,12,596,-584
227000655,431,3,428
227000656,726,23,703
227000657,249,8,241
227000704,85,11,74
229000265,3,17,-14
229000266,5,3,2
229000267,14,0,14
229000268,29,0,29
229000269,22,0,22
229000274,0,82,-82
229000275,0,73,-73
229000276,1,108,-107
229000277,1,5,-4
229000278,5,24,-19
229000295,95,50,45
229000296,5,51,-46
229000297,9,20,-11
229000298,20,95,-75
229000320,13,8,5
229000321,18,171,-153
229000412,35,74,-39
229000414,15,38,-23
229000415,9,6,3
229000416,1,3,-2
229000417,1,9,-8
229000419,114,181,-67
229000440,271,59,212
229000442,64,25,39
229000443,7,25,-18
229000444,2,51,-49
229000445,121,14,107
229000446,108,22,86
229000491,2,19,-17
229000492,13,51,-38
229000493,12,76,-64
229000494,92,4,88
229000495,177,7,170
229000496,130,11,119
229000507,0,60,-60
229000508,1,35,-34
229000509,0,107,-107
229000510,8,69,-61
229000511,6,41,-35
229000512,0,22,-22
229000513,0,1,-1
229000514,0,6,-6
229000517,1,3,-2
229000518,26,17,9
229000519,2,3,-1
229000520,45,54,-9
229000521,107,19,88
229000522,5,9,-4
229000523,6,1,5
229000524,9,5,4
229000527,4,0,4
229000528,2,0,2
229000529,16,0,16
229000530,77,4,73
229000531,51,5,46
229000532,13,3,10
229000533,74,0,74
229000534,33,1,32
229000564,88,1,87
229000565,54,0,54
229000566,0,8,-8
229000567,1,12,-11
229000582,66,5,61
229000583,10,6,4
229000584,0,16,-16
229000585,1,123,-122
229000718,0,3,-3
229000719,0,1,-1
229000720,0,29,-29
229000721,0,1,-1
229000722,0,2,-2
229000723,0,0,0
229000724,0,1,-1
229000725,0,1,-1
229000738,0,0,0
229000739,2,1,1
229000740,2,0,2
229000741,57,0,57
229000742,31,0,31
229000743,35,0,35
229000744,5,0,5
229000745,3,0,3
229000746,24,0,24
229000847,100,0,100
229000848,64,0,64
229000849,125,0,125
229000851,141,0,141
229000854,0,41,-41
229000856,1,93,-92
229000857,0,31,-31
229000858,0,49,-49
229000919,6,41,-35
229000930,13,148,-135
229000937,122,23,99
229000966,89,54,35
229000981,19,12,7
229000985,42,11,31
229000986,0,6,-6
229000987,0,14,-14
229000988,3,6,-3
229000989,12,10,2
229000990,1,4,-3
229000991,0,2,-2
229000992,17,1,16
229000993,216,14,202
229000998,31,16,15
229000999,57,14,43
229001034,18,9,9
229001035,0,20,-20
229001036,14,65,-51
229001037,84,2,82
229001038,0,18,-18
229001039,0,0,0
229001040,0,75,-75
229001041,259,0,259
229001042,46,9,37
229001047,14,49,-35
229001050,57,25,32
229001168,0,14,-14
229001200,33,2,31
229001338,0,6,-6
229001394,321,0,321
229001422,197,28,169
229001423,40,96,-56
229001431,98,48,50
229001432,24,55,-31
229001444,335,33,302
229001445,131,66,65
229001479,69,3,66
229001503,277,92,185
229001504,148,89,59
229001505,201,29,172
229001506,69,111,-42
229001509,108,11,97
229001510,29,53,-24
229001545,141,4,137
229001546,0,70,-70
229001553,258,13,245
229001554,21,58,-37
229001630,120,22,98
229001631,50,54,-4
229001635,0,37,-37
229001636,0,0,0
229001658,1,68,-67
229001659,78,2,76
229001660,4,52,-48
229001661,2,67,-65
229001662,56,0,56
229001663,0,97,-97
229002584,291,304,-13
229002831,140,114,26
229002841,12,23,-11
229002842,19,99,-80
229002843,60,21,39
229002844,25,108,-83
229002845,28,164,-136
229002846,13,41,-28
229002847,3,39,-36
229002848,2,146,-144
229002849,14,87,-73
229002850,10,2,8
229002851,26,176,-150
229002852,182,60,122
229002853,113,74,39
229002854,16,104,-88
229002855,3,104,-101
229002856,54,44,10
229002857,18,200,-182
229002858,13,10,3
229002859,57,148,-91
229002860,362,126,236
229002861,50,62,-12
229002862,25,39,-14
229002863,25,39,-14
229002864,37,38,-1
229002865,3,44,-41
229002866,31,14,17
229002867,1,18,-17
229002868,15,4,11
229002869,10,85,-75
229002870,53,20,33
235000066,44,5,39
235000067,194,58,136
235000072,55,212,-157
235000073,30,72,-42
235000074,45,5,40
235000080,4,84,-80
235000081,101,141,-40
235000082,341,53,288
235000083,490,54,436
235000084,50,18,32
235000085,244,69,175
235000089,1,3,-2
235000092,23,26,-3
235000093,14,6,8
235000097,9,9,0
235000098,61,2,59
235000099,9,8,1
235000115,114,66,48
235000116,28,22,6
235000117,622,31,591
235000133,43,763,-720
235000134,10,146,-136
235000206,6,13,-7
235000207,2,6,-4
235000208,0,2,-2
235000209,1,0,1
235000210,4,0,4
235000212,0,11,-11
235000213,0,8,-8
235000220,4,8,-4
235000221,11,56,-45
235000238,14,275,-261
235000239,1,127,-126
235000242,386,994,-608
235000245,378,183,195
235000246,6,56,-50
235000284,8,74,-66
235000295,97,17,80
235000305,528,26,502
235000306,511,20,491
235000307,66,3,63
235000308,36,1,35
235000309,169,0,169
235000310,21,0,21
235000311,114,80,34
235000322,1,31,-30
235000323,0,33,-33
235000324,0,43,-43
235000325,3,62,-59
235000326,35,53,-18
235000351,19,48,-29
235000352,72,76,-4
235000353,29,54,-25
235000354,14,9,5
235000355,4,114,-110
235000356,225,6,219
235000357,275,8,267
235000358,32,3,29
235000359,14,0,14
235000360,210,9,201
235000361,121,24,97
235000381,96,101,-5
235000382,333,88,245
235000390,14,3,11
235000391,172,33,139
235000392,218,186,32
235000393,185,233,-48
235000395,148,68,80
235000396,737,74,663
235000399,181,56,125
235000400,133,186,-53
235000401,9,210,-201
235000402,37,157,-120
235000405,174,171,3
235000406,52,119,-67
235000407,90,78,12
235000409,149,68,81
235000410,12,37,-25
235000411,1,43,-42
235000485,0,12,-12
235000486,5,1,4
235000549,125,177,-52
235000550,74,144,-70
235000599,198,44,154
235000600,8,14,-6
235000601,21,30,-9
235000602,87,31,56
235000614,1,10,-9
235000648,1,5,-4
235000649,80,6,74
235000685,0,1,-1
235000815,5,15,-10
235000834,0,24,-24
235000855,46,28,18
235000862,89,127,-38
235000891,0,59,-59
235000892,13,2,11
235000901,128,29,99
235000907,3,10,-7
235001010,120,64,56
235001029,37,26,11
235001030,174,121,53
235001078,127,107,20
235001079,128,67,61
235001147,0,84,-84
235001166,5,15,-10
235001167,64,43,21
235001169,49,189,-140
235001188,0,3,-3
235001189,1,0,1
235001197,2,25,-23
235001200,82,57,25
235001208,8,28,-20
235001209,13,35,-22
235001210,2,56,-54
235001239,0,34,-34
235001244,0,5,-5
235016267,1,276,-275
235900013,1,5,-4
235900014,1,27,-26
241900007,108,1,107
277101746,0,8,-8
277102712,0,0,0
277103813,0,0,0
277103814,0,0,0
277103898,0,2,-2
990010990,47,94,-47
990011530,0,483,-483
990014944,0,252,-252
990015176,71,0,71
990015618,0,183,-183
990015888,17,65,-48
990016032,1,270,-269
990032570,1,1336,-1335
990070001,75,6,69
990070103,0,2,-2
990070601,0,66,-66
990070751,3140,4,3136
990070766,1,103,-102
990071180,814,423,391
990071343,6,2,4
990071387,0,6,-6
990071823,799,3,796
990072600,1,627,-626
990072964,0,125,-125
990073285,0,7,-7
990074393,0,532,-532
990074714,7,82,-75
990074870,2765,30,2735
990075106,998,3,995
990075746,949,5,944
990076437,5805,6,5799
990076458,0,536,-536
997000007,397,5,392
997000041,0,407,-407
997000058,93,1,92
997000062,25,1,24
997000069,0,0,0
997000070,0,27,-27
997000100,255,0,255
997000141,0,374,-374
997000198,1,254,-253
998000475,0,9,-9
998000736,0,94,-94
998000965,1,67,-66
998001031,0,88,-88
998001072,112,100,12
998001091,10,3,7
998001093,0,0,0
998001103,1,13,-12
998001105,6,7,-1
998001700,0,62,-62
998001899,0,2,-2
998001900,9,1,8
998003073,1464,15,1449
998003124,15,37,-22
998003125,66,82,-16
998101900,0,0,0
998102850,7,137,-130
998501819,0,0,0
998501820,0,18,-18
998501832,85,33,52
998501927,520,1125,-605
998501929,226,4,222
998501930,84,1,83
998501931,349,83,266
998501932,10,0,10
998501933,109,2,107
998501937,73,39,34
998501944,4,0,4
998501950,0,0,0
998501970,345,2,343
998501971,0,124,-124
998501972,645,15,630
998501973,0,15,-15
998501974,1,127,-126
998501975,191,1,190
998501976,304,73,231
998501977,3,62,-59
998501978,45,7,38
998501979,0,2,-2
998501980,239,7,232
998501981,63,0,63
998501982,1,309,-308
998502006,0,0,0
998502024,0,38,-38
998502032,0,4,-4
998502062,2,2,0
998502063,0,0,0
998502173,18,0,18
998502269,0,4,-4
998601159,1,52,-51
998601292,0,39,-39
999033574,0,208,-208
999800001,47,1,46
999800002,0,3,-3
999800003,14,2,12
999800004,0,6,-6
999800005,0,54,-54
