ID,insum,outsum,diff
100000001,731,1167,-436
100000002,3466,1088,2378
100000003,7807,3868,3939
100000004,1879,984,895
100000005,2213,5121,-2908
100000006,644,171,473
100000007,2028,713,1315
100000008,285,926,-641
100000009,453,409,44
100000010,74,89,-15
100000011,800,81,719
100000012,124,1117,-993
100000013,53,323,-270
100000014,454,396,58
100000015,1752,2052,-300
100000016,1459,2057,-598
100000017,1160,1407,-247
100000018,1943,792,1151
100000019,7084,2544,4540
100000020,2518,6906,-4388
100000021,9606,3508,6098
100000022,2346,1587,759
100000023,8388,1832,6556
100000025,4288,933,3355
100000028,2217,1268,949
100000029,297,266,31
100000030,675,82,593
100000031,7616,8558,-942
100000032,3278,4680,-1402
100000033,1023,2731,-1708
100000034,1046,409,637
100000035,2251,1250,1001
100000036,3711,1374,2337
100000037,575,605,-30
100000038,1834,1230,604
100000039,1363,292,1071
100000040,232,160,72
100000041,1024,508,516
100000042,958,474,484
100000043,1158,426,732
100000044,486,1086,-600
100000045,637,2136,-1499
100000046,1057,2105,-1048
100000047,640,1209,-569
100000048,1314,924,390
100000049,2571,3600,-1029
100000051,667,1581,-914
100000053,95,2,93
100000054,267,34,233
100000055,1014,298,716
100000056,372,772,-400
100000057,2113,1117,996
100000058,1349,1930,-581
100000059,2,204,-202
100000060,403,580,-177
100000061,2225,772,1453
100000062,1807,726,1081
100000063,558,406,152
100000064,1447,541,906
100000065,422,1711,-1289
100000066,255,1415,-1160
100000067,506,1349,-843
100000068,790,2669,-1879
100000069,448,2603,-2155
100000072,580,1794,-1214
100000073,1712,1896,-184
100000075,772,449,323
100000076,2919,2536,383
100000077,994,217,777
100000078,104,46,58
100000079,50,69,-19
100000080,18,12,6
100000081,122,102,20
100000102,5100,1559,3541
100000103,4861,1329,3532
100000104,6207,2099,4108
100000105,4530,1265,3265
100000106,3580,2222,1358
100000107,1003,679,324
100000108,1215,1293,-78
100000109,5542,1494,4048
100000116,1976,1008,968
100000117,112,37,75
100000118,1947,1264,683
100000119,1154,707,447
100000121,395,847,-452
100000122,2099,1205,894
100000123,4661,6757,-2096
100000124,7628,9855,-2227
100000125,4160,1601,2559
100000126,971,421,550
100000127,2393,358,2035
100000128,1586,2308,-722
100000129,943,575,368
100000130,484,879,-395
100000131,4145,4638,-493
100000132,1996,4018,-2022
100000133,9452,4057,5395
100000135,624,1198,-574
100000139,409,353,56
100000140,444,377,67
100000142,470,664,-194
100000143,1187,771,416
100000144,6488,1155,5333
100000147,1335,2799,-1464
100000150,43,650,-607
100000151,1054,869,185
100000153,694,358,336
100000154,169,129,40
100000155,20,70,-50
100000156,116,72,44
100000157,34,289,-255
100000158,169,167,2
100000159,754,569,185
100000165,1667,940,727
100000169,1038,498,540
100000174,2448,638,1810
100000179,99,695,-596
100000180,5881,2494,3387
100000181,183,461,-278
100000188,139,708,-569
100000189,1676,456,1220
100000190,739,539,200
100000191,782,592,190
100000192,66,154,-88
100000193,163,166,-3
100000330,2313,907,1406
100000355,231,906,-675
100000362,6535,4546,1989
100000363,3109,4585,-1476
100000364,770,224,546
100000365,4668,10295,-5627
100000366,7246,3035,4211
100000367,5011,5468,-457
100000368,2526,2170,356
100000369,1475,2036,-561
100000370,283,525,-242
100000376,80,149,-69
100000379,3952,1693,2259
100000380,5087,2693,2394
100000384,7582,4097,3485
100000385,7333,4784,2549
100000386,10792,4867,5925
100000387,9441,5237,4204
100000388,10826,7608,3218
100000389,11067,6815,4252
100000390,12356,5521,6835
100000391,9253,7276,1977
100000392,6717,2505,4212
100000393,3359,2859,500
100000394,10887,5655,5232
100000395,5963,2054,3909
100000396,7707,2589,5118
100000397,4553,2786,1767
100000398,14634,9797,4837
100900002,6,88,-82
100900003,313,130,183
100900004,62,1381,-1319
100900005,125,15,110
100900006,15,319,-304
100900007,820,11,809
100900008,4,661,-657
100900009,35,64,-29
100900010,163,233,-70
100900011,89,533,-444
100900012,3,341,-338
100900013,1367,13,1354
100900014,3,35,-32
100900015,156,182,-26
100900016,0,52,-52
100900017,1148,93,1055
100900018,0,24,-24
100900019,45,189,-144
100900020,455,15,440
100900021,439,1,438
100900022,9,40,-31
100900023,1,68,-67
100900024,1282,3,1279
100900025,22,18,4
100900026,118,194,-76
100900027,764,3475,-2711
100900028,109,245,-136
100900029,123,23,100
100900030,12,26,-14
100900031,509,109,400
100900032,271,1,270
100900033,262,188,74
100900034,386,1,385
100900035,844,2,842
100900036,35,1,34
100900037,87,373,-286
100900038,122,31,91
100900039,539,1042,-503
100900040,395,1197,-802
100900041,461,1353,-892
100900042,816,437,379
100900043,2,26,-24
100900044,4032,488,3544
100900045,70,3,67
100900046,1455,12,1443
100900047,1138,281,857
100900048,203,52,151
100900049,93,315,-222
100900050,3,32,-29
100900051,113,74,39
100900052,433,40,393
100900053,380,39,341
100900054,4,129,-125
100900055,361,583,-222
100900056,120,309,-189
100900057,1035,1185,-150
100900058,301,50,251
100900059,116,1,115
100900060,111,3,108
100900061,409,435,-26
100900062,6,84,-78
100900063,215,627,-412
100900064,828,27,801
100900065,134,87,47
100900066,60,99,-39
100900067,10,13,-3
100900068,142,197,-55
100900069,604,13,591
100900070,266,0,266
100900071,899,426,473
100900072,2,74,-72
100900073,126,689,-563
100900074,1,16,-15
100900075,3307,572,2735
100900076,56,102,-46
100900077,25,260,-235
100900078,126,435,-309
100900079,1,38,-37
100900080,44,291,-247
100900081,48,214,-166
100900082,64,1040,-976
100900083,0,35,-35
100900085,11,125,-114
100900086,245,1146,-901
100900088,98,1097,-999
100900089,8,30,-22
100900090,144,703,-559
100900091,2,46,-44
100900092,375,229,146
100900093,297,548,-251
100900094,115,989,-874
100900095,2,50,-48
100900096,59,124,-65
100900097,0,13,-13
100900098,10,22,-12
100900099,37,982,-945
100900100,12,478,-466
100900101,567,45,522
100900102,113,118,-5
100900103,3,15,-12
100900104,11,262,-251
100900105,15,247,-232
100900106,72,6,66
100900107,2877,810,2067
100900108,2,24,-22
100900109,15,38,-23
100900110,17,74,-57
100900111,56,257,-201
100900112,0,10,-10
100900113,9,40,-31
100900114,8,16,-8
100900115,1,54,-53
100900116,924,971,-47
100900117,360,1046,-686
100900118,12,63,-51
100900119,11,24,-13
100900120,1,17,-16
100900121,367,661,-294
100900122,198,270,-72
100900123,66,156,-90
100900124,4,5,-1
100900125,29,120,-91
100900126,92,318,-226
100900127,3,14,-11
100900128,122,225,-103
100900129,0,193,-193
100900131,116,234,-118
100900133,49,53,-4
100900134,5,14,-9
100900135,1,186,-185
100900137,460,234,226
100900138,614,543,71
100900139,12,8,4
100900140,5,1109,-1104
100900141,3,580,-577
100900142,1,16,-15
100900143,1110,517,593
100900144,8,9,-1
100900145,67,202,-135
100900146,5,50,-45
100900147,21,370,-349
100900148,42,1392,-1350
100900149,16,141,-125
100900150,4,25,-21
100900151,163,806,-643
100900152,207,6,201
100900153,7,196,-189
100900154,2,30,-28
100900155,8,17,-9
100900156,56,4,52
100900157,10,136,-126
100900158,1509,434,1075
100900159,1,38,-37
100900160,12,25,-13
100900161,199,3,196
100900162,22,282,-260
100900163,202,271,-69
100900164,41,41,0
100900165,47,45,2
100900166,45,6,39
100900167,26,153,-127
100900168,67,196,-129
100900169,227,1443,-1216
100900170,47,16,31
100900171,23,908,-885
100900172,1,17,-16
100900173,17,873,-856
100900174,394,55,339
100900176,1789,208,1581
100900177,1147,521,626
100900178,571,254,317
100900179,124,159,-35
100900180,3,5,-2
100900181,155,73,82
100900182,63,28,35
100900184,19,268,-249
100900186,1258,808,450
100900187,16,199,-183
100900188,43,28,15
100900189,1449,244,1205
100900191,1778,1044,734
100900192,444,287,157
100900195,134,156,-22
100900197,34,213,-179
100900198,45,508,-463
100900199,26,36,-10
100900200,792,540,252
100900201,139,1424,-1285
100900202,29,0,29
100900203,0,140,-140
100900204,815,1049,-234
100900205,186,557,-371
100900206,158,68,90
100900207,170,112,58
100900210,169,1869,-1700
100900211,478,159,319
100900213,63,67,-4
100900214,1538,62,1476
100900215,23,48,-25
101000001,6220,2438,3782
101000002,5371,6212,-841
101000003,1186,3004,-1818
101000004,13611,10422,3189
101000005,6991,6983,8
101000006,11244,9711,1533
101000007,3855,3913,-58
101000008,5807,3638,2169
101000009,2263,3013,-750
101000010,1147,2242,-1095
101000011,3441,1093,2348
101000012,2942,830,2112
101000013,747,1431,-684
101000014,839,1086,-247
101000015,1000,949,51
101000016,785,450,335
101000017,785,754,31
101000018,5657,3716,1941
101000020,5423,1756,3667
101000021,2167,455,1712
101000022,695,152,543
101000023,2351,901,1450
101000025,262,544,-282
101000026,528,46,482
101000027,3243,1991,1252
101000028,544,109,435
101000029,183,1021,-838
101000030,1853,100,1753
101000031,971,642,329
101000032,9324,2985,6339
101000033,3536,2998,538
101000034,3837,1551,2286
101000035,1766,691,1075
101000036,2337,546,1791
101000037,5962,1504,4458
101000039,4420,2327,2093
101000040,5953,4175,1778
101000041,20280,6559,13721
101000042,1551,1169,382
101000043,13742,6840,6902
101000045,2485,681,1804
101000046,3274,869,2405
101000047,2033,2080,-47
101000048,1446,1297,149
101000049,1138,1463,-325
101000050,4613,3127,1486
101000051,4160,2323,1837
101000052,2112,817,1295
101000053,1569,1696,-127
101000054,3098,1911,1187
101000055,2302,1578,724
101000056,105,127,-22
101000057,3862,989,2873
101000058,2827,1308,1519
101000059,5203,2225,2978
101000060,2745,573,2172
101000061,1532,1380,152
101000062,1431,882,549
101000063,929,762,167
101000064,1762,583,1179
101000065,295,325,-30
101000066,722,341,381
101000067,1462,729,733
101000068,516,328,188
101000069,534,133,401
101000070,2167,1640,527
101000071,2601,1107,1494
101000072,1494,5055,-3561
101000073,979,846,133
101000074,6949,5533,1416
101000075,8371,5832,2539
101000077,1408,2418,-1010
101000078,1407,2741,-1334
101000079,536,1087,-551
101000080,694,694,0
101000081,1443,2097,-654
101000082,4678,3866,812
101000083,2490,2453,37
101000084,1932,1371,561
101000085,2022,1546,476
101000086,1575,1783,-208
101000087,1307,1931,-624
101000088,1388,1463,-75
101000089,1244,1891,-647
101000090,3380,2058,1322
101000091,550,2715,-2165
101000092,932,1462,-530
101000093,2133,1127,1006
101000094,1126,2017,-891
101000095,358,1220,-862
101000096,399,878,-479
101000097,984,530,454
101000098,796,661,135
101000099,1579,1864,-285
101000100,1415,1022,393
101000101,659,504,155
101000102,1781,339,1442
101000103,1279,596,683
101000104,569,616,-47
101000105,1299,440,859
101000106,1381,749,632
101000107,209,453,-244
101000108,2254,472,1782
101000109,245,108,137
101000110,58,1033,-975
101000111,208,337,-129
101000113,273,1026,-753
101000114,5951,2532,3419
101000115,218,162,56
101000116,309,226,83
101000117,1748,417,1331
101000119,197,75,122
101000120,267,31,236
101000121,110,24,86
101000122,158,63,95
101000123,80,70,10
101000124,205,264,-59
101000125,254,592,-338
101000128,1545,448,1097
101000130,483,506,-23
101000131,812,1005,-193
101000132,689,2672,-1983
101000135,97,35,62
101000136,446,166,280
101000137,35,377,-342
101000141,2877,2646,231
101000147,853,635,218
101000148,2619,46,2573
101000149,321,185,136
101000150,77,1613,-1536
101000151,108,120,-12
101000152,447,485,-38
101000153,726,736,-10
101000154,210,3082,-2872
101000155,229,270,-41
101000156,15,305,-290
101000157,65,51,14
101000160,92,44,48
101000163,260,120,140
101000164,572,553,19
101000165,324,543,-219
101000166,429,539,-110
101000168,870,413,457
101000252,1742,1275,467
101000254,815,86,729
101000258,63,20,43
101000261,75,389,-314
101000262,1148,1316,-168
101000263,527,1465,-938
101000265,78,718,-640
101000266,528,408,120
101000269,201,13,188
101000290,2633,3888,-1255
101000293,53,103,-50
101000294,789,783,6
101000295,170,736,-566
101000301,1211,430,781
101000304,2688,3058,-370
101000305,3065,2193,872
101900001,34,94,-60
101900002,0,37,-37
101900003,133,136,-3
101900004,10,57,-47
101900005,8767,2138,6629
101900006,1257,71,1186
101900007,868,110,758
101900008,259,330,-71
101900009,143,724,-581
101900010,1486,963,523
101900011,493,1922,-1429
101900012,204,620,-416
101900013,2065,230,1835
101900017,32,163,-131
101900018,2541,304,2237
101900019,399,169,230
101900020,566,221,345
101900021,4,119,-115
101900022,198,2432,-2234
101900023,169,347,-178
102000001,3603,5092,-1489
102000002,3855,1801,2054
102000003,4892,7846,-2954
102000004,12295,4135,8160
102000005,2099,3030,-931
102000006,2264,2464,-200
102000007,1984,6406,-4422
102000008,7767,2683,5084
102000009,7002,10005,-3003
102000010,7559,5482,2077
102000011,3273,3016,257
102000012,4786,4941,-155
102000018,5375,3853,1522
102000019,4185,2591,1594
102000026,332,1233,-901
102000029,451,335,116
102000030,127,475,-348
102000031,60,263,-203
102000032,409,573,-164
102000033,234,662,-428
102000034,764,881,-117
102000035,1440,947,493
102000036,19,497,-478
102000037,211,151,60
102000038,498,159,339
102000039,442,68,374
102000040,937,197,740
102000041,359,340,19
102000042,431,226,205
102000043,762,311,451
102000044,689,851,-162
102000045,914,1837,-923
102000046,1291,798,493
102000047,945,1971,-1026
102000048,386,1180,-794
102000049,1670,1074,596
102000050,1779,1781,-2
102000051,644,975,-331
102000052,2142,1328,814
102000053,1278,1337,-59
102000054,549,1190,-641
102000055,994,1776,-782
102000056,923,2386,-1463
102000057,1700,943,757
102000058,1425,3779,-2354
102000059,1492,2947,-1455
102000060,1498,1526,-28
102000061,1597,3963,-2366
102000062,1490,2042,-552
102000063,1723,2139,-416
102000064,676,877,-201
102000065,73,189,-116
102000066,1182,2396,-1214
102000067,3403,4463,-1060
102000068,14586,4440,10146
102000069,52,3003,-2951
102000070,2464,88,2376
102000071,10054,12894,-2840
102000072,4162,8600,-4438
102000073,1403,1491,-88
102000074,880,1527,-647
102000075,286,507,-221
102000076,312,1089,-777
102000077,451,1951,-1500
102000078,832,1410,-578
102000079,301,578,-277
102000080,370,429,-59
102000081,356,1164,-808
102000082,1030,525,505
102000083,475,747,-272
102000084,174,505,-331
102000085,2285,1757,528
102000086,1352,2117,-765
102000087,1169,2667,-1498
102000088,238,381,-143
102000089,1272,788,484
102000090,533,1643,-1110
102000091,1984,667,1317
102000092,597,1355,-758
102000093,952,944,8
102000094,1380,915,465
102000095,1411,2167,-756
102000096,1388,1382,6
102000097,1731,1891,-160
102000098,790,1774,-984
102000099,1615,990,625
102000100,1217,1811,-594
102000101,1828,850,978
102000102,436,3501,-3065
102000103,1986,552,1434
102000104,1547,480,1067
102000105,339,1213,-874
102000106,863,1431,-568
102000107,1082,932,150
102000108,507,468,39
102000109,403,967,-564
102000110,870,2662,-1792
102000111,4,526,-522
102000112,182,114,68
102000113,14,41,-27
102000114,1721,578,1143
102000115,243,291,-48
102000116,805,331,474
102000117,340,811,-471
102000118,2702,1215,1487
102000119,3667,945,2722
102000120,228,844,-616
102000121,1058,863,195
102000122,646,1288,-642
102000123,2107,1542,565
102000124,2156,1521,635
102000125,1140,1287,-147
102000126,998,1111,-113
102000127,1245,998,247
102000128,751,1725,-974
102000129,1317,1360,-43
102000130,501,1407,-906
102000131,1916,1636,280
102000132,719,2321,-1602
102000133,1613,3015,-1402
102000134,641,1136,-495
102000135,1349,1390,-41
102000136,1660,912,748
102000137,1537,1181,356
102000138,421,621,-200
102000139,284,560,-276
102000140,670,468,202
102000141,808,742,66
102000142,316,593,-277
102000143,153,783,-630
102000144,192,627,-435
102000145,347,635,-288
102000146,406,570,-164
102000147,429,498,-69
102000148,278,469,-191
102000149,242,1071,-829
102000150,240,451,-211
102000151,192,653,-461
102000152,145,306,-161
102000153,1251,501,750
102000154,688,1034,-346
102000155,156,470,-314
102000156,654,120,534
102000157,227,254,-27
102000158,560,324,236
102000159,2750,510,2240
102000161,6510,2853,3657
102000162,404,235,169
102000163,131,735,-604
102000164,1586,1162,424
102000165,293,177,116
102000166,53,189,-136
102000167,171,223,-52
102000168,249,169,80
102000169,149,677,-528
102000170,1061,178,883
102000171,276,148,128
102000172,215,379,-164
102000173,549,321,228
102000174,69,99,-30
102000175,217,283,-66
102000176,38,41,-3
102000178,341,948,-607
102000179,359,402,-43
102000180,803,961,-158
102000181,510,1016,-506
102000182,562,1062,-500
102000183,1786,3143,-1357
102000184,1658,1344,314
102000185,2341,2635,-294
102000186,1110,3156,-2046
102000187,847,2709,-1862
102000188,881,2403,-1522
102000189,4511,1539,2972
102000190,921,3907,-2986
102000191,1846,771,1075
102000192,1117,1589,-472
102000193,69,260,-191
102000194,114,204,-90
102000195,578,921,-343
102000196,207,937,-730
102000197,614,913,-299
102000198,211,1494,-1283
102000199,714,668,46
102000200,367,2139,-1772
102000201,687,782,-95
102000202,3,227,-224
102000203,388,505,-117
102000204,363,1539,-1176
102000205,1188,929,259
102000206,890,1281,-391
102000207,1214,662,552
102000208,584,959,-375
102000209,58,83,-25
102000210,372,749,-377
102000211,734,861,-127
102000212,255,21,234
102000213,2,663,-661
102000214,175,28,147
102000215,6,961,-955
102000216,58,74,-16
102000217,14,355,-341
102000218,213,132,81
102000219,740,651,89
102000225,867,1131,-264
102000226,6658,1770,4888
102000227,263,3,260
102000228,2,193,-191
102000229,16,56,-40
102000230,395,1040,-645
102000231,449,690,-241
102000232,28,332,-304
102000233,486,1164,-678
102000234,134,1681,-1547
102000236,469,117,352
102000237,805,246,559
102000238,218,602,-384
102000240,762,752,10
102000241,276,247,29
102000243,21,106,-85
102000245,40,91,-51
102000246,16,65,-49
102000247,446,1183,-737
102000248,261,593,-332
102000249,158,298,-140
102000250,98,675,-577
102000254,59,586,-527
102000266,94,377,-283
102000271,46,0,46
102000286,826,614,212
102000297,2394,1582,812
102000299,0,0,0
102000301,0,0,0
102000303,0,0,0
102000305,0,1,-1
102000307,0,8,-8
102000308,0,1,-1
102900001,1638,1760,-122
102900002,362,38,324
102900003,54,395,-341
102900005,309,578,-269
102900006,607,335,272
102900007,462,51,411
102900008,298,205,93
102900009,602,350,252
102900010,915,597,318
102900011,2952,587,2365
102900012,498,114,384
102900013,27,70,-43
102900015,1308,557,751
102900016,58,179,-121
102900017,85,793,-708
102900018,15,161,-146
102900019,589,984,-395
102900020,132,70,62
102900021,19,173,-154
102900022,590,118,472
102900023,16,101,-85
102900024,30,69,-39
102900025,419,154,265
102900026,1037,1970,-933
102900027,59,108,-49
102900028,140,741,-601
102900029,240,197,43
102900030,546,385,161
102900031,144,259,-115
102900032,115,232,-117
102900033,118,262,-144
102900034,348,228,120
102900035,100,705,-605
102900036,223,905,-682
102900037,261,1186,-925
102900038,481,945,-464
102900039,52,526,-474
102900040,171,351,-180
102900041,113,322,-209
102900042,231,557,-326
102900043,138,370,-232
102900044,858,3319,-2461
102900045,142,850,-708
102900046,163,478,-315
102900047,74,1149,-1075
102900048,859,941,-82
102900049,163,689,-526
102900050,407,599,-192
102900051,193,328,-135
102900052,69,32,37
102900053,465,1209,-744
102900054,1595,1458,137
102900055,205,159,46
102900056,189,727,-538
102900057,3,49,-46
102900058,500,106,394
102900059,18,62,-44
102900060,128,787,-659
102900061,166,782,-616
102900062,208,2014,-1806
102900063,1039,659,380
102900064,207,565,-358
102900065,2771,977,1794
102900066,452,109,343
102900068,122,110,12
102900070,281,1151,-870
102900072,9,31,-22
102900073,176,10,166
102900074,366,198,168
102900075,27,25,2
102900076,427,93,334
102900077,50,34,16
102900078,86,95,-9
102900079,251,14,237
102900080,393,38,355
102900081,84,511,-427
102900082,8,368,-360
102900083,335,12,323
102900084,11,36,-25
102900085,206,116,90
102900086,14,65,-51
102900087,151,223,-72
102900088,56,42,14
102900089,368,224,144
102900090,0,733,-733
102900091,195,0,195
102900092,285,919,-634
102900093,414,351,63
102900094,2,103,-101
102900095,128,1,127
102900096,16,10,6
102900097,442,1012,-570
103000001,3329,3878,-549
103000002,3292,3197,95
103000003,6613,3907,2706
103000004,1440,988,452
103000005,3201,3429,-228
103000006,738,1978,-1240
103000007,502,1334,-832
103000008,1465,1500,-35
103000009,1398,1452,-54
103000010,146,224,-78
103000011,2310,1712,598
103000012,1654,2119,-465
103000013,9179,2870,6309
103000014,1727,2911,-1184
103000015,3854,1116,2738
103000016,737,1674,-937
103000017,298,540,-242
103000018,1901,599,1302
103000019,332,280,52
103000020,2798,2221,577
103000021,1827,1893,-66
103000022,1677,1662,15
103000023,677,2095,-1418
103000024,151,224,-73
103000025,128,580,-452
103000026,2604,212,2392
103000027,335,699,-364
103000028,884,543,341
103000029,512,357,155
103000030,2806,1075,1731
103000031,2099,2508,-409
103000032,2477,2622,-145
103000033,3479,3777,-298
103000034,2373,1439,934
103000035,715,1739,-1024
103000036,613,801,-188
103000037,782,623,159
103000038,710,1578,-868
103000039,295,723,-428
103000040,482,2102,-1620
103000041,2158,4255,-2097
103000042,1039,1208,-169
103000043,502,2022,-1520
103000044,219,388,-169
103000046,383,638,-255
103000047,835,1102,-267
103000048,223,323,-100
103000049,134,298,-164
103000050,914,1221,-307
103000051,558,873,-315
103000052,974,781,193
103000053,255,734,-479
103000054,2846,2054,792
103000055,1956,2985,-1029
103000056,766,3497,-2731
103000057,425,443,-18
103000058,713,1553,-840
103000059,399,1200,-801
103000060,780,1414,-634
103000061,333,1424,-1091
103000062,1381,1196,185
103000063,818,1153,-335
103000064,166,420,-254
103000065,9,540,-531
103000066,189,19,170
103000069,321,487,-166
103000070,1052,1846,-794
103000071,1196,558,638
103000072,206,1526,-1320
103000073,688,218,470
103000074,852,148,704
103000075,145,1528,-1383
103000076,361,376,-15
103000077,71,729,-658
103000078,2149,632,1517
103000079,2553,683,1870
103000080,1731,467,1264
103000081,801,1140,-339
103000082,615,392,223
103000083,151,447,-296
103000084,231,9,222
103000085,2,123,-121
103000086,1033,603,430
103000087,208,822,-614
103000088,549,466,83
103000089,391,518,-127
103000090,1941,1210,731
103000091,668,632,36
103000092,408,365,43
103000093,447,825,-378
103000094,231,165,66
103000095,58,614,-556
103000096,867,202,665
103000097,57,1120,-1063
103000098,1131,284,847
103000099,423,937,-514
103000100,92,1565,-1473
103000101,908,207,701
103000102,153,1237,-1084
103000103,660,443,217
103000104,85,292,-207
103000105,144,250,-106
103000106,66,211,-145
103000107,401,105,296
103000108,706,817,-111
103000109,520,408,112
103000110,526,561,-35
103000111,908,617,291
103000112,451,264,187
103000113,1069,940,129
103000114,1712,627,1085
103000115,544,792,-248
103000116,631,899,-268
103000117,368,792,-424
103000118,2302,1521,781
103000119,2958,791,2167
103000120,92,154,-62
103000121,719,1064,-345
103000122,689,441,248
103000125,23,671,-648
103000126,539,8,531
103000127,1,341,-340
103000128,179,4,175
103000129,5,206,-201
103000130,44,58,-14
103000131,308,168,140
103000132,85,249,-164
103000133,7,197,-190
103000134,1013,1077,-64
103000135,1325,414,911
103000136,1230,507,723
103000137,1017,841,176
103000138,1188,1043,145
103000139,30,103,-73
103000140,221,30,191
103000141,41,193,-152
103000142,196,92,104
103000143,120,299,-179
103000144,212,109,103
103000145,42,45,-3
103000150,88,100,-12
103000152,443,293,150
103000153,360,213,147
103000156,7,761,-754
103000157,401,2,399
103000159,142,158,-16
103000162,146,20,126
103000163,20,30,-10
103000164,48,18,30
103000165,324,686,-362
103000166,214,273,-59
103000167,369,164,205
103000168,90,262,-172
103000169,202,530,-328
103000170,566,794,-228
103000171,56,107,-51
103000172,499,1418,-919
103000173,412,1168,-756
103000174,179,483,-304
103000175,207,690,-483
103000176,1290,426,864
103000177,1194,611,583
103000178,561,508,53
103000179,252,61,191
103000183,153,103,50
103000185,87,144,-57
103000186,104,265,-161
103000187,477,1214,-737
103000188,27,109,-82
103000189,1396,1599,-203
103000191,764,1360,-596
103000292,3958,1657,2301
103000293,2160,2330,-170
103000295,127,116,11
103000296,321,2,319
103000297,237,65,172
103000504,169,50,119
103000505,20,19,1
103000506,2,219,-217
103000507,179,6,173
103000508,73,30,43
103000509,332,797,-465
103900001,7,734,-727
103900002,2865,302,2563
103900003,2908,173,2735
103900004,84,48,36
103900005,2,392,-390
103900006,1,0,1
103900007,27,10,17
103900008,52,2,50
103900009,301,542,-241
103900010,160,482,-322
103900011,210,413,-203
103900012,11,32,-21
103900013,52,111,-59
103900014,44,42,2
103900015,35,18,17
103900016,419,462,-43
103900017,59,159,-100
103900018,637,230,407
103900019,46,297,-251
103900020,298,680,-382
103900021,1285,66,1219
103900022,1137,749,388
103900023,134,2,132
103900024,135,1318,-1183
103900025,6,72,-66
103900026,93,1,92
103900027,711,463,248
103900028,21,337,-316
103900029,1119,111,1008
103900030,392,42,350
103900031,43,1,42
103900032,66,33,33
103900033,120,14,106
103900034,38,393,-355
103900035,111,121,-10
103900036,53,46,7
103900037,75,63,12
103900038,102,167,-65
103900039,53,784,-731
103900040,19,383,-364
103900041,43,82,-39
103900042,61,656,-595
103900043,134,201,-67
103900044,407,269,138
103900045,276,239,37
103900047,58,46,12
103900048,60,31,29
103900049,314,2287,-1973
103900050,11,163,-152
103900051,0,33,-33
103900052,202,951,-749
103900053,108,1848,-1740
103900054,75,928,-853
103900055,464,312,152
103900056,34,45,-11
103900057,29,344,-315
103900058,248,1223,-975
103900059,0,11,-11
103900060,50,429,-379
103900061,108,79,29
103900062,286,99,187
103900063,4,0,4
103900064,69,11,58
103900065,1110,655,455
103900066,127,17,110
103900067,140,12,128
103900068,6,1,5
103900069,114,7,107
103900070,233,460,-227
103900071,41,272,-231
103900072,6,439,-433
103900073,47,44,3
103900074,71,140,-69
103900075,76,84,-8
103900076,470,1091,-621
103900077,127,111,16
103900078,163,154,9
103900079,203,338,-135
103900080,5,34,-29
103900081,76,16,60
103900082,12,221,-209
103900083,2421,872,1549
103900084,54,296,-242
103900085,98,147,-49
103900086,587,475,112
103900087,32,174,-142
103900088,407,446,-39
103900089,62,243,-181
103900090,11,375,-364
103900091,1264,319,945
103900092,615,677,-62
103900093,107,549,-442
103900094,13,197,-184
103900095,338,214,124
103900096,30,398,-368
103900097,17,848,-831
103900098,241,124,117
103900099,72,416,-344
103900100,225,522,-297
103900101,99,1588,-1489
103900102,3,51,-48
103900104,1,47,-46
103900105,107,226,-119
103900106,0,27,-27
103900107,259,460,-201
103900108,39,636,-597
103900109,77,207,-130
103900110,291,92,199
103900111,78,1398,-1320
103900112,43,100,-57
103900113,172,332,-160
103900114,605,473,132
103900115,384,157,227
103900116,9076,2593,6483
103900117,255,249,6
103900119,36,66,-30
103900120,11,158,-147
103900122,78,533,-455
103900123,2316,659,1657
103900124,58,23,35
103900125,83,108,-25
103900126,461,952,-491
103900127,191,1551,-1360
103900128,89,312,-223
103900131,15,102,-87
103900133,1251,64,1187
103900134,0,0,0
103900135,12,10,2
103900137,0,65,-65
103900138,70,593,-523
103900139,309,1748,-1439
103900140,39,61,-22
103900141,375,121,254
103900142,116,307,-191
103900143,59,3,56
103900144,0,79,-79
103900145,200,520,-320
103900146,300,613,-313
103900147,362,178,184
103900148,209,348,-139
103900149,197,1129,-932
103900150,12216,3980,8236
103900151,91,304,-213
103900152,486,1134,-648
103900153,22,0,22
103900154,2062,1406,656
103900155,35,421,-386
103900156,29,323,-294
103900157,24,496,-472
103900158,78,407,-329
103900159,102,169,-67
103900160,62,27,35
103900161,124,316,-192
103900162,46,475,-429
103900163,8,651,-643
103900164,257,46,211
103900167,21,143,-122
103900168,122,242,-120
103900169,56,82,-26
103900170,6,193,-187
103900171,4,126,-122
103900172,15,55,-40
103900173,7,30,-23
103900174,182,113,69
103900175,76,43,33
103900176,27,34,-7
103900177,16,75,-59
103900178,39,143,-104
103900179,57,423,-366
103900180,24,259,-235
103900181,57,88,-31
103900182,29,22,7
103900184,1054,79,975
103900185,673,259,414
103900187,91,96,-5
103900188,62,34,28
103900189,137,18,119
103900190,133,130,3
103900191,50,101,-51
103900192,62,183,-121
103900193,284,267,17
103900194,138,594,-456
103900195,12,55,-43
103900196,36,33,3
103900197,19,42,-23
103900198,17,77,-60
103900199,123,131,-8
103900200,148,252,-104
103900201,165,297,-132
103900202,12,76,-64
103900203,83,22,61
103900204,0,217,-217
103900207,5,281,-276
103900208,71,1,70
103900209,14,192,-178
103900210,35,32,3
103900211,533,1002,-469
103900212,146,791,-645
103900213,154,344,-190
103900214,477,177,300
103900215,698,328,370
103900216,8,1175,-1167
103900217,502,123,379
103900218,0,506,-506
103900219,145,677,-532
103900233,172,6,166
103900235,66,42,24
103900236,49,3,46
103900242,14,11,3
103900243,21,8,13
103900244,127,555,-428
103900245,120,379,-259
103900246,71,40,31
103900247,87,147,-60
103900248,31,44,-13
103900249,26,56,-30
103900250,75,28,47
103900251,1,27,-26
103900253,26,100,-74
103900254,9,51,-42
103900255,29,22,7
103900256,32,40,-8
103900257,51,215,-164
103900258,58,4,54
103900259,105,2,103
103900261,27,4,23
103900262,28,4,24
103900263,97,84,13
103900264,140,46,94
103900265,164,16,148
103900266,2,87,-85
103900267,5,59,-54
104000001,2827,3120,-293
104000002,2426,4665,-2239
104000003,3032,3339,-307
104000004,4472,4359,113
104000005,1750,2769,-1019
104000006,3972,4589,-617
104000007,6013,6107,-94
104000008,470,617,-147
104000009,179,189,-10
104000010,200,320,-120
104000011,1411,617,794
104000012,253,817,-564
104000013,200,208,-8
104000014,318,1090,-772
104000015,357,281,76
104000016,760,672,88
104000018,734,277,457
104000019,636,191,445
104000020,284,1286,-1002
104000021,378,1091,-713
104000022,167,426,-259
104000023,683,558,125
104000024,295,717,-422
104000026,97,503,-406
104000027,484,866,-382
104000028,471,449,22
104000029,670,840,-170
104000030,374,437,-63
104000031,1182,542,640
104000032,301,563,-262
104000033,640,771,-131
104000034,460,563,-103
104000035,795,753,42
104000036,767,1042,-275
104000037,343,471,-128
104000038,465,453,12
104000039,238,652,-414
104000040,792,658,134
104000041,676,563,113
104000042,284,638,-354
104000043,453,663,-210
104000044,402,1163,-761
104000045,1341,1908,-567
104000046,2210,2336,-126
104000047,1183,2113,-930
104000048,1554,2897,-1343
104000049,503,540,-37
104000050,283,1059,-776
104000051,159,1185,-1026
104000052,1591,2462,-871
104000053,861,967,-106
104000054,711,875,-164
104000055,4856,4209,647
104000056,2203,432,1771
104000057,148,697,-549
104000058,814,1165,-351
104000059,627,1900,-1273
104000060,967,1729,-762
104000061,1573,2159,-586
104000062,357,234,123
104000064,663,472,191
104000065,209,659,-450
104000069,2605,1017,1588
104000070,80,527,-447
104000071,173,680,-507
104000072,602,292,310
104000075,88,471,-383
104000076,658,119,539
104000082,2494,3810,-1316
104000083,902,252,650
104000084,156,732,-576
104000085,347,411,-64
104000086,212,607,-395
104000087,546,2102,-1556
104000090,872,2662,-1790
104000092,1178,4613,-3435
104000094,1160,3557,-2397
104000095,2083,2235,-152
104000096,1755,766,989
104000097,1911,1988,-77
104000098,1791,2142,-351
104000100,1507,1051,456
104000101,1213,4177,-2964
104000106,119,848,-729
104000107,784,866,-82
104000108,566,1014,-448
104000109,399,79,320
104000110,1103,1699,-596
104000111,8782,3172,5610
104000112,3719,841,2878
104000116,12,2240,-2228
104000117,144,1904,-1760
104000118,444,469,-25
104000119,518,430,88
104000120,232,1909,-1677
104000121,293,1085,-792
104000122,730,1023,-293
104000123,1332,2059,-727
104000124,1941,4970,-3029
104000125,8448,4894,3554
104000126,554,724,-170
104000127,2017,5256,-3239
104000128,1179,704,475
104000129,677,63,614
104000130,17,498,-481
104000131,1512,948,564
104000132,941,1256,-315
104000133,1346,1491,-145
104000134,1042,2286,-1244
104000135,544,2191,-1647
104000136,1052,4722,-3670
104000137,2119,467,1652
104000138,2063,683,1380
104000139,12634,4773,7861
104000141,1714,2999,-1285
104000142,857,1659,-802
104000143,796,1217,-421
104000144,103,258,-155
104000145,531,290,241
104000146,498,821,-323
104000147,175,575,-400
104000148,375,234,141
104000149,224,600,-376
104000150,1152,789,363
104000151,597,950,-353
104000152,617,1142,-525
104000153,610,694,-84
104000154,1328,1255,73
104000155,484,603,-119
104000157,1524,2707,-1183
104000158,629,604,25
104000159,741,571,170
104000160,2027,2387,-360
104000161,412,327,85
104000162,68,223,-155
104000165,2165,1795,370
104000167,587,1187,-600
104000168,575,14,561
104000169,93,123,-30
104000170,919,727,192
104000248,496,1910,-1414
104000251,130,524,-394
104000272,0,0,0
104000273,0,0,0
104000274,0,0,0
104000275,0,0,0
104000279,1123,708,415
104000290,134,610,-476
104000291,725,1722,-997
104000293,920,1039,-119
104000294,25,0,25
104000295,755,1239,-484
104000296,436,1375,-939
104000297,1245,2523,-1278
104000298,2629,1436,1193
104000299,922,2660,-1738
104900001,134,816,-682
104900002,80,149,-69
104900003,69,596,-527
104900004,97,563,-466
104900005,225,262,-37
104900006,220,114,106
104900007,208,419,-211
104900009,151,759,-608
104900010,34,31,3
104900011,25,7,18
104900012,188,27,161
104900013,142,22,120
104900014,5592,581,5011
104900015,108,7,101
104900016,212,565,-353
104900017,122,355,-233
104900018,17,339,-322
104900019,411,2361,-1950
104900020,51,442,-391
104900021,3,465,-462
104900022,30,200,-170
104900023,3,232,-229
104900024,21,148,-127
104900025,109,699,-590
104900026,3,272,-269
104900027,429,393,36
104900028,21,115,-94
104900029,37,203,-166
104900030,571,333,238
104900031,148,360,-212
104900032,49,280,-231
104900033,149,332,-183
104900034,396,134,262
104900035,296,195,101
104900036,210,93,117
104900037,153,586,-433
104900038,1023,633,390
104900039,1591,272,1319
104900040,307,135,172
104900041,272,294,-22
104900042,166,642,-476
104900043,15,81,-66
104900044,535,325,210
104900045,470,99,371
104900046,171,170,1
104900047,313,215,98
104900048,272,161,111
104900049,39,15,24
104900050,199,131,68
104900051,290,90,200
104900052,35,0,35
104900053,442,126,316
104900054,149,38,111
104900055,88,1,87
104900056,261,25,236
104900057,33,1,32
104900058,871,322,549
104900059,39,57,-18
104900060,6,656,-650
104900061,496,1016,-520
104900063,1,218,-217
104900064,3,219,-216
104900065,0,217,-217
104900066,3,419,-416
104900067,9,470,-461
104900068,19,378,-359
104900070,201,434,-233
104900071,9,1341,-1332
104900072,68,374,-306
104900073,64,637,-573
104900074,72,408,-336
104900075,80,197,-117
104900076,139,640,-501
104900077,2570,307,2263
104900078,206,1059,-853
104900079,177,360,-183
104900080,106,821,-715
104900082,11,575,-564
104900085,18,371,-353
104900087,530,7,523
104900089,98,2,96
104900090,756,872,-116
104900091,708,1549,-841
104900093,287,968,-681
104900097,5228,2033,3195
104900098,111,48,63
104900099,477,804,-327
104900100,1247,381,866
104900102,47,454,-407
104900103,674,174,500
104900104,5555,2139,3416
104900106,91,170,-79
104900107,98,518,-420
104900108,22,639,-617
104900109,98,311,-213
104900110,13,123,-110
104900111,188,277,-89
104900112,280,1730,-1450
104900113,725,802,-77
104900114,326,1225,-899
104900115,626,1026,-400
104900116,189,488,-299
104900118,38,113,-75
104900119,0,50,-50
104900120,45,110,-65
104900121,1,171,-170
104900122,7,201,-194
104900123,47,11,36
104900124,32,0,32
104900125,678,25,653
104900126,110,109,1
104900127,40,45,-5
104900128,87,208,-121
104900129,5068,1940,3128
105000001,3134,2759,375
105000002,3433,2816,617
105000003,4484,5398,-914
105000004,754,1887,-1133
105000005,934,1876,-942
105000006,1417,2445,-1028
105000007,1561,2081,-520
105000008,1849,3208,-1359
105000009,1809,4109,-2300
105000010,4413,4513,-100
105000011,2862,3352,-490
105000012,5376,4879,497
105000013,947,1362,-415
105000014,1777,3067,-1290
105000015,13229,11259,1970
105000016,6304,3063,3241
105000017,2285,1676,609
105000018,1924,1419,505
105000019,2167,1308,859
105000020,248,434,-186
105000021,395,178,217
105000022,243,65,178
105000023,736,313,423
105000028,91,236,-145
105000029,433,1699,-1266
105000030,5530,5749,-219
105000033,1231,3260,-2029
105000034,286,907,-621
105000037,888,1060,-172
105000038,2162,2184,-22
105000039,3895,3096,799
105000040,872,1479,-607
105000041,817,2276,-1459
105000042,4259,2095,2164
105000043,2843,3645,-802
105000044,573,635,-62
105000045,519,1560,-1041
105000046,1112,706,406
105000047,662,2245,-1583
105000048,735,355,380
105000049,321,1324,-1003
105000050,685,644,41
105000051,360,982,-622
105000052,592,1816,-1224
105000053,211,282,-71
105000054,328,1707,-1379
105000055,665,920,-255
105000056,1385,4830,-3445
105000057,1446,1754,-308
105000058,2029,2442,-413
105000059,876,1035,-159
105000060,876,1255,-379
105000061,599,874,-275
105000062,1469,2133,-664
105000063,538,1227,-689
105000064,1312,1115,197
105000065,528,1776,-1248
105000066,1817,3724,-1907
105000067,1279,924,355
105000068,897,1525,-628
105000069,6372,1546,4826
105000070,1541,1255,286
105000071,538,850,-312
105000072,592,1646,-1054
105000073,1045,839,206
105000074,1130,1398,-268
105000075,897,1217,-320
105000076,2042,1409,633
105000077,2741,1090,1651
105000078,2119,1698,421
105000079,2453,2527,-74
105000080,2658,1636,1022
105000081,2397,1135,1262
105000082,1121,830,291
105000083,2447,1590,857
105000084,877,1747,-870
105000085,1788,1554,234
105000086,743,1351,-608
105000087,5016,3208,1808
105000088,1889,2257,-368
105000089,4472,3495,977
105000090,1327,1290,37
105000091,2070,2591,-521
105000092,991,1643,-652
105000093,472,293,179
105000094,356,390,-34
105000095,110,574,-464
105000096,1572,1031,541
105000097,1695,1100,595
105000098,1108,875,233
105000099,1482,1418,64
105000100,1256,1719,-463
105000101,2539,3969,-1430
105000102,2774,2552,222
105000103,2302,4560,-2258
105000104,2401,1787,614
105000105,1447,3859,-2412
105000106,1897,3404,-1507
105000107,1242,2420,-1178
105000108,1575,4291,-2716
105000109,1942,3402,-1460
105000110,912,1752,-840
105000111,952,891,61
105000112,1456,1663,-207
105000113,538,1026,-488
105000114,7856,1632,6224
105000115,431,1095,-664
105000116,787,741,46
105000117,1049,2405,-1356
105000118,420,692,-272
105000119,761,2606,-1845
105000120,990,1045,-55
105000121,1255,2734,-1479
105000122,324,732,-408
105000123,1801,2887,-1086
105000124,1806,1675,131
105000125,949,3434,-2485
105000126,2727,4365,-1638
105000127,3296,3534,-238
105000128,614,2608,-1994
105000129,1119,596,523
105000130,293,1786,-1493
105000131,1069,707,362
105000132,844,602,242
105000133,513,1878,-1365
105000134,632,822,-190
105000135,475,983,-508
105000136,45,218,-173
105000137,308,443,-135
105000138,80,252,-172
105000139,1372,1830,-458
105000140,168,680,-512
105000141,314,1172,-858
105000142,162,703,-541
105000143,312,1260,-948
105000144,414,1239,-825
105000145,669,784,-115
105000146,856,1237,-381
105000147,640,615,25
105000148,1298,944,354
105000149,2488,3416,-928
105000150,2967,2600,367
105000151,608,576,32
105000152,273,1235,-962
105000153,894,853,41
105000154,1006,2030,-1024
105000155,390,1270,-880
105000156,1329,1946,-617
105000157,1458,4770,-3312
105000158,2507,1295,1212
105000159,344,2726,-2382
105000160,2122,991,1131
105000161,1193,3226,-2033
105000162,860,2192,-1332
105000163,3243,2027,1216
105000164,298,547,-249
105000165,3362,5934,-2572
105000166,13551,644,12907
105000167,6300,1910,4390
105000168,436,1676,-1240
105000169,445,777,-332
105000170,162,2200,-2038
105000171,1562,740,822
105000172,82,100,-18
105000173,102,67,35
105000174,57,74,-17
105000175,97,201,-104
105000176,273,118,155
105000177,222,215,7
105000178,147,1590,-1443
105000179,263,216,47
105000180,206,144,62
105000181,137,984,-847
105000182,75,68,7
105000183,4743,2582,2161
105000184,1380,1601,-221
105000185,1716,1214,502
105000186,423,1306,-883
105000187,811,346,465
105000188,356,166,190
105000189,229,783,-554
105000190,306,459,-153
105000191,404,466,-62
105000192,174,74,100
105000193,115,194,-79
105000194,236,73,163
105000195,399,1771,-1372
105000196,53,153,-100
105000197,361,1188,-827
105000198,782,521,261
105000199,434,378,56
105000200,160,415,-255
105000201,122,31,91
105000203,6,488,-482
105000204,83,127,-44
105000205,86,394,-308
105000207,951,297,654
105000208,343,805,-462
105000209,297,327,-30
105000212,1376,2902,-1526
105000213,322,264,58
105000214,125,457,-332
105000215,346,442,-96
105000216,134,442,-308
105000217,186,459,-273
105000218,1043,1734,-691
105000221,370,600,-230
105000222,230,111,119
105000223,221,292,-71
105000226,64,742,-678
105000227,49,378,-329
105000228,513,1522,-1009
105000229,129,293,-164
105000231,270,517,-247
105000233,801,873,-72
105000234,785,2172,-1387
105000235,408,916,-508
105000237,1081,96,985
105000243,36,451,-415
105000248,108,126,-18
105000262,363,3629,-3266
105000269,159,328,-169
105000270,475,154,321
105000271,2,507,-505
105000282,252,101,151
105000287,377,293,84
105000288,504,853,-349
105000289,2721,1572,1149
105000290,13,6,7
105000402,8478,3286,5192
105000426,522,702,-180
105000438,2631,1162,1469
105000446,25217,8038,17179
105000447,13538,4427,9111
105000454,389,830,-441
105000455,363,337,26
105000474,21,6,15
105000477,397,652,-255
105000478,1937,3585,-1648
105000479,158,217,-59
105000480,4207,3094,1113
105000481,3712,3036,676
105000482,7205,4754,2451
105000483,1805,2051,-246
105000484,3588,3734,-146
105000485,1552,2207,-655
105000486,4587,3386,1201
105000488,6382,5013,1369
105000489,910,1255,-345
105000549,41,248,-207
105000550,639,2249,-1610
105000551,33,164,-131
105000552,5887,2939,2948
105900001,12,2507,-2495
105900002,2805,681,2124
105900003,15,104,-89
105900004,485,196,289
105900005,9,366,-357
105900006,8,70,-62
105900007,192,24,168
105900008,72,1250,-1178
105900009,20,20,0
105900011,336,48,288
105900012,587,269,318
105900013,2,33,-31
105900014,8,138,-130
105900015,218,616,-398
105900016,320,1214,-894
105900017,1081,80,1001
105900018,331,547,-216
105900019,81,1274,-1193
105900020,55,99,-44
105900021,44,843,-799
105900022,279,574,-295
105900023,2,237,-235
105900024,13,317,-304
105900025,173,70,103
105900026,393,86,307
105900027,11943,6889,5054
105900028,230,240,-10
105900029,3292,524,2768
105900030,230,386,-156
105900031,838,297,541
105900032,97,283,-186
105900033,90,206,-116
105900034,199,439,-240
105900035,270,384,-114
105900036,54,228,-174
105900037,116,82,34
105900038,221,584,-363
105900039,136,268,-132
105900040,47,123,-76
105900041,235,975,-740
105900042,66,173,-107
105900043,3397,84,3313
105900044,6,311,-305
105900045,7,957,-950
105900046,3,317,-314
105900047,10,47,-37
105900048,114,827,-713
105900050,4890,3600,1290
105900051,36,2348,-2312
105900052,393,125,268
105900053,6742,2524,4218
105900054,441,530,-89
105900056,1352,336,1016
105900057,21,245,-224
105900058,18,89,-71
105900059,0,54,-54
106000001,5541,2575,2966
106000002,4273,7977,-3704
106000003,3986,4085,-99
106000004,3573,3942,-369
106000005,3248,7895,-4647
106000006,8211,8079,132
106000007,652,812,-160
106000008,520,611,-91
106000009,620,492,128
106000010,627,989,-362
106000011,1057,1373,-316
106000012,1122,2678,-1556
106000013,2331,2730,-399
106000014,2816,3006,-190
106000015,1685,1631,54
106000016,1648,4126,-2478
106000017,910,1003,-93
106000018,994,1024,-30
106000019,332,700,-368
106000020,395,843,-448
106000021,392,741,-349
106000022,594,512,82
106000023,887,576,311
106000024,1154,1403,-249
106000025,120,349,-229
106000026,182,467,-285
106000027,1325,2174,-849
106000028,770,1045,-275
106000029,1245,2238,-993
106000030,1227,671,556
106000034,263,901,-638
106000035,1118,1910,-792
106000036,618,704,-86
106000037,2912,2958,-46
106000038,812,152,660
106000039,311,106,205
106000040,261,1256,-995
106000041,1229,504,725
106000043,829,163,666
106000046,429,93,336
106000047,94,643,-549
106000049,802,271,531
106000050,454,1629,-1175
106000051,619,638,-19
106000052,150,1145,-995
106000053,227,214,13
106000054,564,786,-222
106000055,1179,2104,-925
106000056,476,785,-309
106000057,252,479,-227
106000058,249,332,-83
106000059,303,433,-130
106000060,979,908,71
106000061,288,705,-417
106000062,237,1036,-799
106000063,780,884,-104
106000064,56,748,-692
106000065,562,378,184
106000066,214,683,-469
106000067,569,197,372
106000068,85,1118,-1033
106000069,231,185,46
106000070,531,1610,-1079
106000071,1261,619,642
106000072,8772,2670,6102
106000073,2900,3539,-639
106000074,548,1266,-718
106000075,560,1958,-1398
106000076,2262,2946,-684
106000077,5997,2357,3640
106000078,1277,1673,-396
106000079,933,1617,-684
106000080,1579,1414,165
106000081,859,1690,-831
106000082,3477,1542,1935
106000083,619,2300,-1681
106000084,1409,1125,284
106000085,2545,2071,474
106000086,879,1262,-383
106000087,1120,998,122
106000088,666,1186,-520
106000089,1296,819,477
106000090,343,952,-609
106000091,373,1343,-970
106000092,862,455,407
106000093,392,142,250
106000094,138,677,-539
106000095,645,2349,-1704
106000096,1261,1142,119
106000097,1024,2331,-1307
106000098,791,1584,-793
106000099,261,1856,-1595
106000100,1571,490,1081
106000101,1996,590,1406
106000102,284,1161,-877
106000103,413,1189,-776
106000104,1010,652,358
106000105,597,1636,-1039
106000106,725,648,77
106000107,168,750,-582
106000108,226,449,-223
106000109,174,619,-445
106000110,164,472,-308
106000111,194,1070,-876
106000112,234,592,-358
106000113,1845,994,851
106000114,636,686,-50
106000115,316,894,-578
106000116,295,431,-136
106000117,1270,1378,-108
106000118,1657,1719,-62
106000119,4035,2024,2011
106000120,811,1173,-362
106000121,250,389,-139
106000122,204,667,-463
106000123,308,522,-214
106000124,60,661,-601
106000125,40,655,-615
106000126,205,296,-91
106000127,977,1719,-742
106000128,828,522,306
106000129,677,1258,-581
106000130,835,750,85
106000131,282,1496,-1214
106000132,1215,306,909
106000133,6857,2093,4764
106000134,1501,2261,-760
106000135,418,1803,-1385
106000136,971,1092,-121
106000137,140,2899,-2759
106000138,1352,108,1244
106000139,103,250,-147
106000140,38,220,-182
106000141,90,191,-101
106000142,107,156,-49
106000143,48,157,-109
106000144,40,140,-100
106000145,265,581,-316
106000146,361,358,3
106000147,680,942,-262
106000148,931,1455,-524
106000149,637,800,-163
106000150,852,2914,-2062
106000151,8372,1306,7066
106000152,2317,2392,-75
106000153,117,2687,-2570
106000154,2305,478,1827
106000155,61,335,-274
106000156,978,1014,-36
106000157,1194,3479,-2285
106000158,5156,1644,3512
106000159,7701,2477,5224
106000160,432,2778,-2346
106000161,2658,906,1752
106000162,328,1033,-705
106000163,393,959,-566
106000164,355,476,-121
106000165,372,1318,-946
106000166,1086,437,649
106000167,527,2325,-1798
106000168,463,425,38
106000169,216,1421,-1205
106000170,547,431,116
106000171,158,1840,-1682
106000172,2955,1582,1373
106000173,950,5348,-4398
106000174,1231,508,723
106000175,390,1986,-1596
106000176,1557,1256,301
106000177,1034,4544,-3510
106000178,3454,3200,254
106000179,1524,4011,-2487
106000180,951,3048,-2097
106000181,727,3540,-2813
106000182,974,1445,-471
106000183,1031,2046,-1015
106000184,1569,2029,-460
106000185,967,1702,-735
106000186,1337,246,1091
106000187,378,1260,-882
106000188,0,3,-3
106000189,3,101,-98
106000190,29,5,24
106000191,749,290,459
106000192,3,42,-39
106000193,521,237,284
106000194,228,510,-282
106000195,746,287,459
106000196,224,775,-551
106000197,494,643,-149
106000198,153,448,-295
106000199,1453,741,712
106000200,1099,255,844
106000201,762,2286,-1524
106000202,13446,1058,12388
106000203,248,317,-69
106000204,50,6,44
106000205,37,221,-184
106000206,68,50,18
106000207,40,1509,-1469
106000208,1173,172,1001
106000209,1400,602,798
106000210,334,2512,-2178
106000211,510,2495,-1985
106000212,869,358,511
106000213,1126,2417,-1291
106000214,4033,787,3246
106000215,392,784,-392
106000216,472,489,-17
106000217,376,817,-441
106000218,668,520,148
106000219,191,460,-269
106000220,658,450,208
106000221,168,569,-401
106000222,106,217,-111
106000223,142,214,-72
106000224,333,455,-122
106000225,112,89,23
106000226,256,593,-337
106000228,63,230,-167
106000229,88,1287,-1199
106000231,1012,284,728
106000232,90,649,-559
106000233,439,222,217
106000234,83,266,-183
106000235,503,104,399
106000236,291,100,191
106000237,0,15,-15
106000238,27,13,14
106000239,2,179,-177
106000240,114,9,105
106000241,29,1232,-1203
106000242,245,48,197
106000249,111,145,-34
106000250,89,693,-604
106000251,69,42,27
106000252,31,175,-144
106000253,31,58,-27
106000254,67,91,-24
106000255,16,198,-182
106000256,68,161,-93
106000257,146,391,-245
106000258,245,19,226
106000259,5,28,-23
106000260,28,6,22
106000261,1,64,-63
106000262,70,14,56
106000263,14,126,-112
106000264,215,23,192
106000265,15,242,-227
106000266,153,32,121
106000267,4,179,-175
106000268,713,23,690
106000269,99,118,-19
106000270,266,624,-358
106000271,62,301,-239
106000272,175,94,81
106000273,22,361,-339
106000274,319,80,239
106000275,212,310,-98
106000276,224,114,110
106000277,185,352,-167
106000278,253,65,188
106000279,22,109,-87
106000280,68,281,-213
106000281,146,201,-55
106000282,96,124,-28
106000283,165,192,-27
106000284,108,178,-70
106000285,161,296,-135
106000286,121,267,-146
106000287,125,151,-26
106000288,155,221,-66
106000289,101,131,-30
106000290,89,147,-58
106000291,87,180,-93
106000292,133,172,-39
106000293,172,164,8
106000294,150,198,-48
106000295,83,114,-31
106000296,89,158,-69
106000297,95,416,-321
106000298,219,115,104
106000299,122,253,-131
106000300,70,193,-123
106000301,125,184,-59
106000303,21,119,-98
106000304,48,79,-31
106000305,31,68,-37
106000306,32,157,-125
106000307,45,18,27
106000308,19,342,-323
106000309,16,131,-115
106000310,300,952,-652
106000311,351,223,128
106000312,82,355,-273
106000313,219,374,-155
106000318,339,391,-52
106000319,948,172,776
106000320,4,52,-48
106000321,661,125,536
106000322,130,362,-232
106000324,12,267,-255
106000325,1687,1178,509
106000326,1424,3167,-1743
106000327,155,328,-173
106000328,13,146,-133
106000329,71,569,-498
106000330,51,68,-17
106000428,49,222,-173
106000429,137,695,-558
106000430,460,2408,-1948
106000431,1955,460,1495
106000432,2414,4595,-2181
106000433,2109,1222,887
106000434,3842,1563,2279
106000435,3369,4936,-1567
106000436,31,640,-609
106000437,237,33,204
106000438,392,156,236
106000439,65,963,-898
106000440,387,903,-516
106000441,2,1,1
106000442,195,7,188
106000443,142,799,-657
106000450,9,406,-397
106000451,19,38,-19
106000454,3,160,-157
106000455,9,281,-272
106000456,95,40,55
106000457,9,1923,-1914
106000458,460,348,112
106000459,107,721,-614
106000460,1003,80,923
106000461,87,3539,-3452
106000462,0,16,-16
106000463,5,65,-60
106000464,4,983,-979
106000465,409,3,406
106000466,6,1439,-1433
106000467,776,949,-173
106000468,58,456,-398
106000469,521,2,519
106000470,420,2306,-1886
106000471,42,1270,-1228
106000472,209,18,191
106000473,27,41,-14
106000474,473,1180,-707
106000475,300,203,97
106000476,267,204,63
106000477,16,53,-37
106900001,1,50,-49
106900002,4,1195,-1191
106900003,407,2033,-1626
106900004,2,166,-164
106900006,2,32,-30
106900007,1,55,-54
106900008,262,516,-254
106900009,337,935,-598
106900010,330,694,-364
106900012,4421,3290,1131
106900013,1033,147,886
106900014,21,4,17
106900015,31,1,30
106900016,311,7,304
106900017,6,1,5
106900018,0,0,0
106900019,41,6,35
106900020,5481,1658,3823
106900021,51,131,-80
106900022,572,7,565
106900023,29,536,-507
106900024,810,42,768
106900025,83,1406,-1323
106900026,8,1532,-1524
106900027,478,4,474
107000001,4670,3085,1585
107000002,6300,6681,-381
107000003,5393,7188,-1795
107000004,7812,9138,-1326
107000005,3156,5996,-2840
107000006,5412,10339,-4927
107000007,5903,12616,-6713
107000008,22438,17199,5239
107000009,6303,7716,-1413
107000010,13641,17199,-3558
107000011,1607,2189,-582
107000012,6686,6453,233
107000013,65,197,-132
107000014,31,416,-385
107000015,571,1384,-813
107000016,725,1868,-1143
107000017,8044,2263,5781
107000018,88,1373,-1285
107000020,5186,1429,3757
107000021,1885,1270,615
107000022,1859,2419,-560
107000023,2551,558,1993
107000024,726,2733,-2007
107000025,198,682,-484
107000026,241,1114,-873
107000027,1361,1520,-159
107000028,1657,3112,-1455
107000029,2978,3044,-66
107000030,4238,5673,-1435
107000031,3670,3227,443
107000032,683,1347,-664
107000033,5773,8432,-2659
107000034,8811,3424,5387
107000035,423,290,133
107000036,631,1821,-1190
107000037,58,1035,-977
107000038,366,383,-17
107000039,761,964,-203
107000040,218,475,-257
107000041,2343,1060,1283
107000042,1084,2680,-1596
107000043,4799,1430,3369
107000044,897,460,437
107000045,132,428,-296
107000046,846,650,196
107000047,687,1306,-619
107000048,927,455,472
107000049,856,1225,-369
107000050,1453,784,669
107000051,970,564,406
107000052,1653,1342,311
107000053,541,282,259
107000054,103,460,-357
107000055,142,118,24
107000056,634,1247,-613
107000057,2517,341,2176
107000058,2583,3129,-546
107000059,3806,5579,-1773
107000060,4437,7309,-2872
107000061,8289,6812,1477
107000062,4102,4311,-209
107000063,5903,10904,-5001
107000064,4619,2911,1708
107000065,5758,9586,-3828
107000066,2189,3172,-983
107000067,1253,1495,-242
107000068,1940,894,1046
107000069,1087,671,416
107000070,800,110,690
107000071,2427,33,2394
107000072,77,6147,-6070
107000073,563,253,310
107000074,195,1581,-1386
107000075,1610,626,984
107000076,1366,2833,-1467
107000077,3397,1350,2047
107000078,3065,5415,-2350
107000079,2861,994,1867
107000080,1861,5340,-3479
107000081,1297,718,579
107000082,797,4414,-3617
107000083,1277,493,784
107000084,681,4055,-3374
107000085,3224,4096,-872
107000086,4555,4823,-268
107000087,3063,2540,523
107000088,3433,5337,-1904
107000089,2027,2350,-323
107000090,1505,1785,-280
107000091,1429,1174,255
107000092,903,1780,-877
107000093,1240,1073,167
107000094,1281,2156,-875
107000095,797,903,-106
107000096,888,1967,-1079
107000097,744,335,409
107000098,585,808,-223
107000099,764,501,263
107000100,577,395,182
107000101,117,234,-117
107000102,651,556,95
107000103,475,272,203
107000104,374,745,-371
107000105,591,195,396
107000106,237,590,-353
107000107,723,352,371
107000108,258,1424,-1166
107000109,648,232,416
107000110,149,1252,-1103
107000111,282,68,214
107000112,66,841,-775
107000113,658,212,446
107000114,160,1382,-1222
107000115,651,183,468
107000116,167,1670,-1503
107000117,205,484,-279
107000118,280,429,-149
107000119,3086,1766,1320
107000120,4017,647,3370
107000121,847,1045,-198
107000122,1541,1622,-81
107000123,478,1355,-877
107000124,783,1543,-760
107000125,868,1445,-577
107000126,978,1494,-516
107000127,22,468,-446
107000129,268,251,17
107000130,331,422,-91
107000131,786,495,291
107000132,845,584,261
107000133,601,204,397
107000134,286,4,282
107000135,1,408,-407
107000136,672,14,658
107000137,19,646,-627
107000138,374,27,347
107000139,19,671,-652
107000140,1286,116,1170
107000141,180,1351,-1171
107000142,344,97,247
107000143,111,1533,-1422
107000144,417,450,-33
107000145,206,953,-747
107000146,204,266,-62
107000147,4572,1050,3522
107000150,1351,4245,-2894
107000151,77,93,-16
107000152,882,1111,-229
107000153,953,715,238
107000154,277,221,56
107000155,980,66,914
107000156,1386,39,1347
107000157,64,3650,-3586
107000158,507,36,471
107000159,77,2193,-2116
107000160,769,139,630
107000161,127,3215,-3088
107000162,282,585,-303
107000163,124,3,121
107000164,400,3,397
107000165,718,3,715
107000166,118,2485,-2367
107000167,631,418,213
107000168,927,547,380
107000169,1352,1450,-98
107000170,1631,943,688
107000171,790,4291,-3501
107000172,894,1341,-447
107000173,975,2132,-1157
107000174,1005,5852,-4847
107000175,15281,2766,12515
107000176,3,1,2
107000177,8,4,4
107000178,18,86,-68
107000179,323,4944,-4621
107000180,1492,571,921
107000181,545,2317,-1772
107000182,1753,1714,39
107000183,225,1671,-1446
107000184,1098,1378,-280
107000185,858,2367,-1509
107000186,1662,597,1065
107000187,1381,2268,-887
107000188,577,817,-240
107000189,435,1548,-1113
107000190,633,1499,-866
107000191,679,1415,-736
107000192,1793,1943,-150
107000193,423,577,-154
107000194,1136,1477,-341
107000197,895,372,523
107000198,584,1114,-530
107000199,788,975,-187
107000200,1818,826,992
107000201,454,315,139
107000202,303,662,-359
107000203,1126,838,288
107000204,1705,853,852
107000205,3213,1720,1493
107000206,1466,1730,-264
107000207,1042,1875,-833
107000208,1928,679,1249
107000209,3580,1421,2159
107000210,1853,634,1219
107000211,11,47,-36
107000212,32,516,-484
107000213,23,31,-8
107000214,35,281,-246
107000215,531,739,-208
107000216,348,729,-381
107000217,150,240,-90
107000219,66,165,-99
107000220,177,493,-316
107000222,297,1143,-846
107000224,491,76,415
107000225,364,1109,-745
107000226,332,115,217
107000227,126,694,-568
107000228,175,289,-114
107000229,634,359,275
107000230,1808,747,1061
107000231,2274,1219,1055
107000232,142,147,-5
107000233,1861,966,895
107000234,1,50,-49
107000235,147,7,140
107000236,19,896,-877
107000237,14,0,14
107000238,32,2,30
107000239,9053,782,8271
107000240,114,1997,-1883
107000241,216,36,180
107000242,1298,96,1202
107000243,0,111,-111
107000244,25,121,-96
107000246,4,1844,-1840
107000249,4,1749,-1745
107000251,1,499,-498
107000252,9,2293,-2284
107000255,1365,172,1193
107000257,5,936,-931
107000258,1,290,-289
107000259,5,387,-382
107000260,416,5,411
107000262,19,1158,-1139
107000263,248,7,241
107000266,9,18,-9
107000267,99,393,-294
107000268,240,370,-130
107000269,668,62,606
107000270,0,23,-23
107000271,9,1703,-1694
107000272,14,309,-295
107000273,2,362,-360
107000274,4297,565,3732
107000275,238,1760,-1522
107000280,652,26,626
107000281,83,2015,-1932
107000282,95,1900,-1805
107000290,4,70,-66
107000291,32,23,9
107000292,0,63,-63
107000293,205,12,193
107000294,1,44,-43
107000295,104,6,98
107000296,0,45,-45
107000444,383,13,370
107000496,0,38,-38
107000497,2081,4744,-2663
107000500,371,534,-163
107000501,125,308,-183
107000502,270,605,-335
107000505,1119,1286,-167
107000506,1,40,-39
107000508,15,1171,-1156
107000509,329,819,-490
107000510,42,27,15
107000514,35,471,-436
107000515,23,515,-492
107000516,301,383,-82
107000518,1172,1017,155
107000519,6119,1730,4389
107000520,60,21,39
107900001,36,376,-340
107900002,53,3,50
107900003,164,8,156
107900004,68,0,68
107900005,850,4,846
107900006,137,2,135
107900007,243,47,196
107900008,77,81,-4
107900009,223,7,216
107900010,33,0,33
107900012,564,29,535
107900013,494,164,330
107900014,18,8,10
107900015,799,7,792
107900016,688,165,523
107900017,27,5,22
107900018,138,124,14
107900019,22,128,-106
107900020,133,18,115
107900021,39,281,-242
107900023,9,9,0
107900024,0,58,-58
107900025,260,495,-235
107900026,41,191,-150
107900027,63,70,-7
107900028,64,127,-63
107900030,245,28,217
107900031,100,422,-322
107900032,10,8,2
107900033,24,13,11
107900034,447,16,431
107900035,726,44,682
107900036,26,11,15
107900037,1,69,-68
107900038,219,205,14
107900039,20,140,-120
107900040,49,290,-241
107900041,3,2,1
107900043,89,392,-303
107900044,22,4,18
107900045,123,40,83
107900046,121,123,-2
107900047,28,151,-123
107900048,260,12,248
107900049,550,2118,-1568
107900050,169,557,-388
107900051,121,162,-41
107900052,19,55,-36
107900053,13,125,-112
107900055,1434,575,859
107900056,164,46,118
107900057,3,0,3
107900058,56,1215,-1159
107900060,32,55,-23
107900061,19,9,10
107900063,201,188,13
107900064,576,129,447
107900065,183,24,159
107900066,21,12,9
107900067,0,0,0
107900068,246,311,-65
107900069,35,1403,-1368
107900070,104,34,70
107900071,38,1885,-1847
107900072,57,404,-347
107900073,59,223,-164
107900074,1363,249,1114
107900076,299,116,183
107900077,65,4,61
107900078,285,47,238
107900079,17,44,-27
107900080,194,390,-196
107900081,26,152,-126
107900082,45,34,11
107900083,588,237,351
107900084,180,251,-71
107900086,30,147,-117
107900087,720,118,602
107900088,39,7,32
107900089,391,1649,-1258
107900090,916,2278,-1362
107900091,305,930,-625
107900092,3263,811,2452
107900093,74,107,-33
107900095,4405,2173,2232
107900097,34,122,-88
107900098,68,312,-244
107900100,1549,1304,245
107900101,1700,267,1433
107900102,31,13,18
107900103,41,219,-178
107900104,208,5,203
107900105,4,891,-887
107900106,4,2541,-2537
107900107,2778,442,2336
107900108,542,181,361
107900109,1008,12,996
107900110,39,205,-166
107900111,3,1887,-1884
107900112,148,724,-576
107900113,182,198,-16
107900114,134,366,-232
107900115,6,67,-61
107900116,94,412,-318
107900117,383,810,-427
107900118,112,250,-138
107900119,56,241,-185
107900120,43,13,30
107900121,3,199,-196
107900122,3,98,-95
107900123,3,43,-40
107900124,36,61,-25
107900125,44,291,-247
107900126,7,45,-38
107900127,792,224,568
107900128,152,109,43
107900129,42,63,-21
107900130,63,42,21
107900131,879,212,667
107900132,152,668,-516
107900133,0,157,-157
107900134,31,47,-16
107900135,6,321,-315
107900136,55,58,-3
107900137,158,173,-15
107900138,39,61,-22
107900139,25,68,-43
107900140,209,91,118
107900141,64,67,-3
107900142,86,1929,-1843
107900143,75,61,14
107900144,4,300,-296
107900145,14,180,-166
107900146,26,233,-207
107900147,97,61,36
107900148,320,284,36
107900149,2662,316,2346
107900150,134,1572,-1438
107900151,34,157,-123
107900152,13,480,-467
107900153,176,398,-222
107900154,94,15,79
107900155,58,47,11
107900156,6,559,-553
107900157,50,131,-81
107900158,643,25,618
107900159,52,2191,-2139
107900160,71,266,-195
107900161,47,424,-377
107900162,1,280,-279
107900163,89,100,-11
107900164,15,38,-23
107900165,22,67,-45
107900166,24,423,-399
107900167,55,61,-6
107900168,20,83,-63
107900169,2,212,-210
107900171,26,3532,-3506
107900172,4,420,-416
107900173,17,349,-332
107900174,81,4,77
107900175,14,37,-23
107900176,35,58,-23
107900177,0,440,-440
107900178,2,414,-412
107900179,15,183,-168
107900180,1462,498,964
107900181,410,678,-268
107900182,10,2768,-2758
107900183,57,512,-455
107900184,68,407,-339
107900185,106,15,91
107900186,19,57,-38
107900187,0,207,-207
107900188,1184,149,1035
107900189,29,177,-148
107900190,162,117,45
107900191,176,285,-109
107900193,13,61,-48
107900194,160,3,157
107900195,6832,860,5972
107900196,56,98,-42
107900197,1311,299,1012
107900199,4,1528,-1524
107900201,105,239,-134
107900203,71,86,-15
107900204,349,482,-133
107900205,294,666,-372
107900206,682,234,448
107900207,2,884,-882
107900208,8,1360,-1352
107900209,502,183,319
107900210,110,246,-136
107900213,1248,946,302
107900214,6,275,-269
107900215,242,401,-159
107900216,165,145,20
107900217,57,90,-33
107900218,15,2432,-2417
107900219,46,240,-194
107900220,275,279,-4
107900221,289,278,11
107900223,86,901,-815
107900224,252,524,-272
107900225,12,1321,-1309
107900226,100,200,-100
107900227,226,680,-454
107900228,17,118,-101
107900229,4,602,-598
107900230,10,246,-236
107900231,14,338,-324
107900232,47,335,-288
107900233,6,209,-203
107900234,149,277,-128
107900235,61,197,-136
107900236,55,120,-65
107900237,109,893,-784
107900238,29,176,-147
107900239,1949,612,1337
107900240,10,218,-208
107900241,32,149,-117
107900242,27,578,-551
107900243,6,68,-62
107900244,245,4,241
107900245,360,42,318
107900246,274,12,262
107900248,368,831,-463
107900249,556,21,535
107900250,1,940,-939
107900251,57,2233,-2176
107900252,980,32,948
107900253,156,5,151
107900254,108,527,-419
107900255,464,65,399
107900256,2558,1321,1237
107900257,221,114,107
107900258,92,416,-324
107900259,119,1432,-1313
107900261,14,1041,-1027
107900262,43,260,-217
107900264,218,9,209
107900265,147,393,-246
107900267,176,25,151
107900268,83,8,75
107900269,1,7,-6
107900270,5,0,5
107900271,4,18,-14
107900272,211,29,182
107900273,29,147,-118
107900274,46,0,46
107900275,11,0,11
107900276,0,106,-106
107900277,1,415,-414
107900278,235,584,-349
107900279,230,196,34
107900280,2788,2322,466
107900281,5953,2076,3877
107900282,156,366,-210
107900283,2533,694,1839
107900284,389,1277,-888
107900285,87,233,-146
107900286,182,120,62
107900287,99,320,-221
107900290,0,159,-159
107900291,632,14,618
107900292,148,479,-331
107900293,107,958,-851
107900295,108,233,-125
107900297,2,433,-431
107900298,1330,1691,-361
107900299,6168,3859,2309
107900300,74,323,-249
107900301,827,623,204
107900302,182,43,139
107900303,160,555,-395
107900304,317,945,-628
107900305,349,16,333
107900306,34,23,11
107900307,70,429,-359
107900308,291,148,143
107900309,60,0,60
107900310,107,3,104
107900311,629,288,341
107900312,21,2,19
107900313,0,150,-150
107900314,0,84,-84
107900315,1,90,-89
107900316,70,2,68
107900317,144,26,118
107900318,11,226,-215
107900319,6,517,-511
107900320,1,313,-312
107900321,69,2,67
107900322,12,399,-387
107900323,26,281,-255
107900324,163,0,163
107900325,69,1,68
107900326,408,612,-204
107900327,6,4,2
107900328,11,1,10
107900329,0,4,-4
107900330,10,860,-850
107900331,136,43,93
107900332,225,79,146
107900333,54,20,34
107900334,18,523,-505
107900335,65,98,-33
107900336,31,69,-38
107900337,2447,883,1564
107900338,1,201,-200
107900339,1,42,-41
107900340,0,104,-104
107900341,35,2,33
107900342,214,206,8
107900343,56,2,54
107900344,10,180,-170
107900345,142,25,117
107900346,61,0,61
107900347,50,1,49
107900348,10,4,6
107900349,26,17,9
107900350,72,396,-324
108000001,2953,4847,-1894
108000002,3146,5407,-2261
108000003,3862,3027,835
108000004,23353,25207,-1854
108000005,7915,5363,2552
108000006,10253,10722,-469
108000007,5607,4990,617
108000008,7521,9485,-1964
108000009,3882,4934,-1052
108000010,4770,8472,-3702
108000011,13426,13174,252
108000012,27715,25997,1718
108000014,1126,929,197
108000015,740,505,235
108000016,268,901,-633
108000017,940,579,361
108000018,1859,807,1052
108000019,2379,1137,1242
108000020,1723,749,974
108000021,608,2793,-2185
108000022,826,2747,-1921
108000023,1396,343,1053
108000024,242,1129,-887
108000025,310,392,-82
108000026,528,849,-321
108000027,540,674,-134
108000028,332,454,-122
108000029,370,780,-410
108000030,553,268,285
108000031,274,848,-574
108000032,1224,794,430
108000033,763,2160,-1397
108000034,1692,573,1119
108000035,1432,3993,-2561
108000036,456,2396,-1940
108000037,1755,500,1255
108000038,2476,589,1887
108000039,694,4661,-3967
108000040,1905,1058,847
108000041,878,4556,-3678
108000042,271,355,-84
108000043,190,626,-436
108000044,1067,235,832
108000045,356,2886,-2530
108000046,1381,479,902
108000047,612,1893,-1281
108000048,229,741,-512
108000049,691,304,387
108000050,151,748,-597
108000051,268,113,155
108000052,479,1082,-603
108000053,363,180,183
108000054,770,1670,-900
108000055,1420,541,879
108000056,1104,1648,-544
108000057,682,1107,-425
108000058,2527,3905,-1378
108000059,5528,3244,2284
108000060,215,496,-281
108000061,230,495,-265
108000062,833,803,30
108000063,461,1086,-625
108000064,190,336,-146
108000065,610,1187,-577
108000066,2681,1191,1490
108000067,1890,743,1147
108000068,880,384,496
108000069,431,1806,-1375
108000070,1734,838,896
108000071,851,2779,-1928
108000072,1633,1386,247
108000073,2165,3152,-987
108000074,487,463,24
108000075,470,1257,-787
108000076,1002,707,295
108000077,1042,1101,-59
108000078,1953,2261,-308
108000079,1258,3038,-1780
108000080,889,878,11
108000081,538,4180,-3642
108000082,1450,3386,-1936
108000083,2227,1168,1059
108000084,550,2292,-1742
108000085,673,492,181
108000086,1205,1460,-255
108000087,191,2089,-1898
108000088,206,30,176
108000089,355,502,-147
108000090,446,236,210
108000091,114,1119,-1005
108000092,123,197,-74
108000093,159,1546,-1387
108000094,802,201,601
108000095,195,1072,-877
108000096,328,257,71
108000097,191,1202,-1011
108000098,1350,2404,-1054
108000099,343,148,195
108000100,41,277,-236
108000101,979,1748,-769
108000102,1794,3317,-1523
108000106,1203,1,1202
108000107,6,1465,-1459
108000108,553,77,476
108000109,14,1458,-1444
108000110,214,390,-176
108000111,258,1532,-1274
108000112,87,181,-94
108000113,850,499,351
108000115,675,796,-121
108000117,1083,612,471
108000118,144,215,-71
108000119,988,667,321
108000120,100,950,-850
108000121,216,948,-732
108000122,385,601,-216
108000123,587,501,86
108000124,269,998,-729
108000125,225,544,-319
108000126,176,900,-724
108000127,417,490,-73
108000128,630,1077,-447
108000129,308,2051,-1743
108000130,298,402,-104
108000131,870,523,347
108000132,2781,2584,197
108000133,712,729,-17
108000134,848,1065,-217
108000135,1201,482,719
108000136,1567,1791,-224
108000137,419,624,-205
108000138,396,1754,-1358
108000139,357,559,-202
108000140,61,53,8
108000141,30,314,-284
108000142,61,267,-206
108000143,31,82,-51
108000144,16,21,-5
108000145,55,68,-13
108000146,46,8,38
108000147,75,106,-31
108000148,37,17,20
108000149,58,49,9
108000150,40,17,23
108000151,33,18,15
108000152,117,1098,-981
108000153,355,118,237
108000154,70,36,34
108000155,11,22,-11
108000156,566,182,384
108000157,239,1045,-806
108000158,135,729,-594
108000159,1002,251,751
108000160,8323,1222,7101
108000161,8869,2432,6437
108000165,6,170,-164
108000172,2,356,-354
108000173,4192,2398,1794
108000175,204,92,112
108000178,513,529,-16
108000179,311,855,-544
108000181,82,60,22
108000182,238,38,200
108000183,61,30,31
108000184,1786,2355,-569
108000185,172,1013,-841
108000186,109,100,9
108000187,80,1403,-1323
108000188,554,369,185
108000189,957,1282,-325
108000190,52,183,-131
108000192,186,1134,-948
108000193,1496,95,1401
108000194,74,38,36
108000195,1,2121,-2120
108000196,214,218,-4
108000198,636,527,109
108000199,0,170,-170
108000200,333,1315,-982
108000202,4,259,-255
108000203,96,1535,-1439
108000204,92,42,50
108000205,550,1050,-500
108000339,1987,382,1605
108000364,187,350,-163
108000365,101,601,-500
108000367,249,757,-508
108000368,21,59,-38
108000369,2788,228,2560
108000371,1,1035,-1034
108000372,490,3,487
108000373,135,256,-121
108000376,95,35,60
108000377,341,490,-149
108000378,11091,12259,-1168
108000379,48,253,-205
108000381,57,15,42
108000382,57,1,56
108000383,0,78,-78
108900001,215,1767,-1552
108900002,291,122,169
108900003,400,1708,-1308
108900004,231,439,-208
108900005,69,306,-237
108900006,947,292,655
108900007,180,306,-126
108900008,84,214,-130
108900009,92,133,-41
108900010,155,238,-83
108900011,414,524,-110
108900012,305,664,-359
108900013,165,376,-211
108900014,9,142,-133
108900015,0,32,-32
108900016,2,341,-339
108900017,204,273,-69
108900018,92,906,-814
108900019,88,2222,-2134
108900020,73,492,-419
108900021,96,537,-441
108900022,22,456,-434
108900023,184,48,136
108900024,26,201,-175
108900025,121,208,-87
108900026,39,163,-124
108900028,59,850,-791
108900029,62,306,-244
108900031,84,972,-888
108900032,10,453,-443
108900034,0,381,-381
108900035,376,2557,-2181
108900036,233,593,-360
108900037,55,765,-710
108900039,0,803,-803
108900040,7,210,-203
108900041,8491,3590,4901
108900042,5,375,-370
108900043,70,776,-706
108900045,41,1014,-973
108900046,14,205,-191
108900047,2,84,-82
108900048,165,1832,-1667
108900049,9889,1579,8310
108900050,2,379,-377
108900051,2,417,-415
108900052,43,544,-501
108900053,207,261,-54
108900054,103,446,-343
108900055,52,1074,-1022
108900056,1,322,-321
108900057,3,339,-336
108900058,38,789,-751
108900059,492,46,446
108900060,80,229,-149
108900061,65,52,13
108900062,5,524,-519
108900063,31,779,-748
108900064,165,78,87
108900065,16,574,-558
108900066,290,167,123
108900067,65,296,-231
108900068,0,177,-177
108900069,41,192,-151
108900070,54,274,-220
108900071,85,105,-20
108900072,4294,578,3716
108900073,9,129,-120
108900074,103,895,-792
108900075,55,98,-43
108900076,290,117,173
108900077,149,231,-82
108900078,37,302,-265
108900079,1249,438,811
108900080,23,806,-783
108900081,50,460,-410
108900082,37,144,-107
108900083,26,322,-296
108900084,452,233,219
108900085,3695,251,3444
108900086,67,570,-503
108900087,154,370,-216
108900088,976,428,548
108900089,29,188,-159
108900090,28,654,-626
108900091,191,213,-22
108900092,508,388,120
108900093,123,109,14
108900094,318,170,148
108900095,97,1102,-1005
108900096,618,60,558
108900097,580,332,248
108900098,5333,725,4608
108900099,329,575,-246
108900100,63,190,-127
108900101,263,105,158
108900102,208,1061,-853
108900103,189,174,15
108900104,327,829,-502
108900105,5,1170,-1165
108900106,296,899,-603
108900108,336,80,256
108900109,22,24,-2
108900110,205,980,-775
108900111,416,1283,-867
108900112,205,46,159
108900113,65,41,24
108900114,1,6,-5
108900115,141,134,7
108900116,58,25,33
108900117,112,9,103
108900119,199,73,126
108900120,141,252,-111
108900121,391,94,297
108900122,107,41,66
108900123,154,101,53
108900124,349,235,114
108900126,114,34,80
108900127,179,47,132
108900128,129,27,102
108900129,810,169,641
108900131,415,6,409
108900132,387,81,306
108900133,312,59,253
108900134,279,364,-85
108900135,91,7,84
108900137,114,0,114
108900138,507,18,489
108900139,503,114,389
108900140,243,320,-77
108900141,301,26,275
108900142,91,7,84
108900143,0,0,0
108900144,99,5,94
108900145,117,10,107
108900146,65,0,65
108900147,189,0,189
108900148,81,52,29
108900149,850,676,174
108900150,246,6,240
108900151,103,3,100
108900152,85,64,21
108900153,110,782,-672
108900154,4946,596,4350
108900155,247,111,136
108900156,86,7,79
108900157,19,1090,-1071
108900158,330,64,266
108900159,7,553,-546
108900160,17,437,-420
108900161,34,831,-797
108900162,79,1,78
108900163,8,341,-333
108900164,85,91,-6
108900165,322,147,175
108900167,3393,5178,-1785
108900168,14683,3033,11650
108900169,74,253,-179
108900171,15367,3105,12262
108900172,247,70,177
108900173,275,735,-460
108900174,683,777,-94
108900176,188,860,-672
108900177,14121,5405,8716
108900178,8818,3635,5183
108900179,639,1527,-888
108900180,124,319,-195
108900182,45,442,-397
108900183,268,372,-104
108900184,702,306,396
108900185,91,520,-429
108900186,69,535,-466
108900187,291,100,191
108900188,462,76,386
108900189,367,195,172
108900190,63,6772,-6709
108900191,235,69,166
108900192,65,404,-339
108900193,510,69,441
108900194,50,702,-652
108900195,115,686,-571
108900196,87,1126,-1039
108900198,6,1233,-1227
108900199,305,465,-160
108900200,480,466,14
108900201,577,1861,-1284
108900203,630,58,572
108900204,543,20,523
108900205,282,38,244
108900206,452,45,407
108900207,262,68,194
108900208,54,632,-578
108900209,294,1148,-854
108900210,241,362,-121
108900211,124,611,-487
108900212,1133,1310,-177
108900215,159,1034,-875
108900216,673,173,500
108900217,114,0,114
108900218,249,16,233
108900219,104,3,101
108900220,67,15,52
108900221,80,171,-91
108900222,258,31,227
108900223,20,136,-116
108900224,41,230,-189
108900225,0,266,-266
108900226,334,5,329
108900227,165,333,-168
108900230,596,546,50
108900231,50,450,-400
108900232,11,1509,-1498
108900233,460,97,363
108900234,360,128,232
108900235,305,1072,-767
108900236,64,602,-538
108900237,78,417,-339
108900240,112,128,-16
108900241,37,88,-51
108900245,7,1410,-1403
108900249,147,22,125
108900250,256,171,85
108900257,210,1180,-970
108900258,16,388,-372
108900259,69,146,-77
108900260,11,133,-122
108900261,231,207,24
108900262,309,221,88
108900263,65,478,-413
108900264,567,427,140
108900265,2178,473,1705
108900266,2013,562,1451
108900267,6,107,-101
108900268,6,5,1
108900269,79,7,72
108900270,71,7,64
108900271,50,3,47
108900272,195,6,189
108900273,1329,755,574
108900274,42,136,-94
108900275,67,3,64
108900276,8,163,-155
109000001,5841,1497,4344
109000002,4543,2175,2368
109000003,2556,836,1720
109000004,669,4012,-3343
109000005,2504,1383,1121
109000006,884,3293,-2409
109000007,1764,1034,730
109000008,690,3033,-2343
109000009,4282,2035,2247
109000010,1869,7133,-5264
109000011,3241,2457,784
109000012,2116,7037,-4921
109000013,3273,3303,-30
109000014,2066,6389,-4323
109000015,4022,6789,-2767
109000016,18206,6786,11420
109000017,2483,1847,636
109000018,1325,5515,-4190
109000019,2939,1778,1161
109000020,1393,3473,-2080
109000023,302,42,260
109000024,6,193,-187
109000025,481,532,-51
109000026,1333,433,900
109000027,157,441,-284
109000028,144,157,-13
109000029,252,248,4
109000030,116,981,-865
109000031,166,209,-43
109000032,150,941,-791
109000033,461,178,283
109000034,69,72,-3
109000035,27,81,-54
109000036,99,562,-463
109000037,274,1083,-809
109000038,722,572,150
109000039,964,763,201
109000040,10081,5998,4083
109000041,9117,1754,7363
109000042,1651,1673,-22
109000044,329,72,257
109000045,106,717,-611
109000046,354,114,240
109000047,97,697,-600
109000048,864,253,611
109000049,272,933,-661
109000050,442,334,108
109000051,477,426,51
109000052,568,2954,-2386
109000053,176,74,102
109000054,352,1364,-1012
109000055,242,247,-5
109000056,320,1037,-717
109000057,457,360,97
109000058,1300,445,855
109000059,872,1153,-281
109000060,654,287,367
109000061,2109,896,1213
109000062,163,283,-120
109000063,274,369,-95
109000064,160,283,-123
109000065,147,512,-365
109000066,359,249,110
109000067,72,593,-521
109000068,1415,19,1396
109000069,917,50,867
109000070,9,1425,-1416
109000071,492,145,347
109000072,111,533,-422
109000073,62,145,-83
109000074,34,398,-364
109000075,93,630,-537
109000076,81,262,-181
109000077,445,416,29
109000078,43,191,-148
109000079,195,353,-158
109000080,109,164,-55
109000081,131,851,-720
109000082,530,393,137
109000083,245,1217,-972
109000088,171,1121,-950
109000089,275,63,212
109000090,216,982,-766
109000091,263,166,97
109000092,521,1163,-642
109000093,247,282,-35
109000094,400,3,397
109000095,137,1092,-955
109000096,684,294,390
109000097,85,218,-133
109000098,57,126,-69
109000099,859,751,108
109000100,292,827,-535
109000101,1253,1513,-260
109000102,378,1391,-1013
109000103,449,1031,-582
109000104,1399,1196,203
109000105,628,2372,-1744
109000106,1651,1187,464
109000107,696,3582,-2886
109000108,1861,1033,828
109000109,647,3533,-2886
109000110,1592,767,825
109000111,1511,3865,-2354
109000112,449,269,180
109000113,278,241,37
109000114,249,511,-262
109000115,1577,70,1507
109000116,3,341,-338
109000117,176,142,34
109000118,17,490,-473
109000119,880,689,191
109000120,227,1963,-1736
109000121,320,98,222
109000122,120,2007,-1887
109000123,24,126,-102
109000124,622,592,30
109000125,671,501,170
109000126,428,1674,-1246
109000127,744,314,430
109000128,625,3944,-3319
109000129,1869,987,882
109000130,756,4986,-4230
109000131,705,576,129
109000132,776,3486,-2710
109000133,452,1589,-1137
109000134,1021,2112,-1091
109000135,1558,2066,-508
109000136,412,730,-318
109000137,321,551,-230
109000138,519,803,-284
109000139,553,670,-117
109000140,198,837,-639
109000141,372,721,-349
109000142,97,980,-883
109000143,106,61,45
109000145,91,232,-141
109000146,72,155,-83
109000148,6835,1895,4940
109000149,22,39,-17
109000150,81,245,-164
109000155,659,758,-99
109000156,2503,1481,1022
109000158,121,351,-230
109000159,156,1205,-1049
109000160,966,405,561
109000161,404,2553,-2149
109000162,2026,1430,596
109000163,1017,3297,-2280
109000164,1295,4328,-3033
109000165,1350,988,362
109000166,705,195,510
109000167,139,1449,-1310
109000170,45,70,-25
109000171,39,42,-3
109000172,66,89,-23
109000173,26,68,-42
109000174,84,87,-3
109000175,80,187,-107
109000176,254,368,-114
109000177,27,260,-233
109000178,358,125,233
109000179,12500,3855,8645
109000180,8070,3749,4321
109000181,6,53,-47
109000182,32,77,-45
109000183,33,73,-40
109000184,31,26,5
109000185,24,131,-107
109000188,467,5188,-4721
109000189,2177,1504,673
109000190,716,756,-40
109000191,264,971,-707
109000192,325,403,-78
109000193,202,735,-533
109000194,203,232,-29
109000195,87,815,-728
109000196,210,188,22
109000197,225,946,-721
109000198,273,70,203
109000199,149,990,-841
109000206,411,55,356
109000207,147,50,97
109000208,163,100,63
109000209,189,153,36
109000210,184,964,-780
109000211,145,202,-57
109000214,390,1020,-630
109000215,100,100,0
109000216,349,200,149
109000217,302,132,170
109000218,282,228,54
109000221,495,2051,-1556
109000222,951,245,706
109000223,295,441,-146
109000224,57,414,-357
109000225,70,49,21
109000226,62,562,-500
109000227,1009,2597,-1588
109000228,0,515,-515
109000231,10,803,-793
109000232,275,733,-458
109000236,324,1201,-877
109000241,2325,3161,-836
109000242,1784,2329,-545
109000293,16,63,-47
109000361,104,414,-310
109000364,235,1011,-776
109000396,14,1512,-1498
109000397,448,14,434
109000399,127,947,-820
109000400,87,392,-305
109000403,150,638,-488
109000406,290,15,275
109000407,357,338,19
109000408,2,1418,-1416
109000410,789,215,574
109000411,83,16,67
109900001,109,1,108
109900002,721,18,703
109900003,206,2,204
109900004,874,329,545
109900005,21,8,13
109900006,386,580,-194
109900007,649,1506,-857
109900008,0,50,-50
109900009,185,1510,-1325
109900010,447,25,422
109900011,72,67,5
109900012,221,236,-15
109900013,369,243,126
109900014,366,89,277
109900015,435,206,229
109900016,118,80,38
109900017,139,220,-81
109900018,277,221,56
109900019,188,107,81
109900020,33,39,-6
109900021,26,15,11
109900022,66,612,-546
109900023,18,7,11
109900024,36,1,35
109900025,7,122,-115
109900026,11,336,-325
109900027,45,40,5
109900028,4401,716,3685
109900029,15,1101,-1086
109900030,48,12,36
109900031,0,189,-189
109900032,25,521,-496
109900033,1,1253,-1252
109900034,14,3,11
109900035,9,14,-5
109900036,21,136,-115
109900037,55,1055,-1000
109900038,54,562,-508
109900039,5,1,4
109900040,56,1117,-1061
109900041,59,851,-792
109900042,60,841,-781
109900044,106,459,-353
109900045,196,67,129
109900046,16,93,-77
109900047,544,471,73
109900048,0,160,-160
109900049,6,33,-27
109900050,3,524,-521
109900051,0,50,-50
109900052,76,448,-372
109900053,10,987,-977
109900054,540,274,266
109900055,66,425,-359
109900056,35,224,-189
109900057,9,433,-424
109900058,1,201,-200
109900059,504,165,339
109900060,478,239,239
109900061,165,390,-225
109900062,1,471,-470
109900063,3,442,-439
109900064,501,494,7
109900065,262,162,100
109900066,384,1708,-1324
109900067,0,706,-706
109900068,79,5,74
109900069,4,52,-48
109900070,81,464,-383
109900071,0,38,-38
109900072,26,253,-227
109900073,349,1421,-1072
109900074,8,49,-41
109900075,19,37,-18
109900076,31,488,-457
109900077,29,67,-38
109900078,119,515,-396
109900080,182,628,-446
109900081,17,163,-146
109900082,58,902,-844
109900083,28,79,-51
109900084,100,249,-149
109900085,306,2042,-1736
109900086,150,364,-214
109900087,406,602,-196
109900089,606,187,419
109900090,566,2355,-1789
109900091,245,115,130
109900092,1718,21,1697
109900093,667,187,480
109900094,109,144,-35
109900095,134,455,-321
109900096,26,4,22
109900097,76,1,75
109900098,335,44,291
109900099,141,1,140
109900100,38,1,37
109900101,274,7,267
109900102,376,31,345
109900103,26,76,-50
109900104,500,1908,-1408
109900105,575,48,527
109900106,555,100,455
109900107,640,101,539
109900108,137,1075,-938
109900109,35,342,-307
109900110,77,1045,-968
109900111,446,2749,-2303
109900112,574,1700,-1126
109900113,622,490,132
109900114,1249,892,357
109900115,164,153,11
109900117,792,181,611
109900118,360,795,-435
109900119,578,497,81
109900120,36,32,4
109900121,288,392,-104
109900122,354,5,349
109900123,9,320,-311
109900124,66,1340,-1274
109900125,7,390,-383
109900126,222,291,-69
109900128,242,82,160
109900130,21615,2352,19263
109900131,106,218,-112
109900132,41,299,-258
109900133,70,592,-522
109900134,56,92,-36
109900135,570,90,480
109900136,49,211,-162
109900137,90,679,-589
109900138,348,774,-426
109900140,170,626,-456
109900141,331,253,78
109900142,946,355,591
109900145,4,317,-313
109900146,404,48,356
109900148,46,127,-81
109900149,64,89,-25
109900150,5,104,-99
109900151,5,60,-55
109900152,0,33,-33
109900153,1,70,-69
109900154,25,0,25
109900155,38,30,8
109900157,63,463,-400
109900158,74,166,-92
109900159,154,34,120
109900160,95,77,18
109900161,233,117,116
109900162,181,124,57
109900163,829,605,224
109900164,57,290,-233
109900165,284,14,270
109900166,4,290,-286
109900167,154,1003,-849
109900168,158,790,-632
109900169,122,200,-78
109900170,479,696,-217
109900171,225,161,64
109900172,176,275,-99
109900173,7106,2238,4868
109900174,59,258,-199
109900175,52,65,-13
109900176,130,363,-233
109900177,71,503,-432
109900178,28,290,-262
109900179,68,32,36
109900180,5,12,-7
110000001,1045,969,76
110000002,782,902,-120
110000003,1568,975,593
110000004,758,1037,-279
110000005,1007,2164,-1157
110000006,1015,781,234
110000007,226,304,-78
110000008,19,73,-54
110000009,64,98,-34
110000010,25,74,-49
110000011,61,268,-207
110000012,1158,848,310
110000013,65,579,-514
110000014,833,577,256
110000015,355,719,-364
110000016,374,1791,-1417
110000017,6232,414,5818
110000018,6659,777,5882
110000019,11,318,-307
110000020,1100,483,617
110000021,955,617,338
110000022,1351,336,1015
110000023,11,425,-414
110000024,678,692,-14
110000025,199,6,193
110000026,12,1250,-1238
110000027,864,757,107
110000028,934,979,-45
110000029,583,1812,-1229
110000030,215,380,-165
110000031,378,1188,-810
110000032,811,522,289
110000033,284,245,39
110000034,354,971,-617
110000035,958,1679,-721
110000036,929,963,-34
110000037,225,1238,-1013
110000038,309,754,-445
110000039,761,2621,-1860
110000040,370,788,-418
110000041,342,1230,-888
110000042,124,734,-610
110000043,754,310,444
110000044,176,201,-25
110000045,1619,152,1467
110000046,8,20,-12
110000047,11,33,-22
110000048,10,20,-10
110000049,38,8,30
110000050,9,27,-18
110000051,40,18,22
110000052,33,31,2
110000053,176,8,168
110000054,234,493,-259
110000055,484,62,422
110000056,222,65,157
110000057,384,1394,-1010
110000058,1173,1005,168
110000059,932,719,213
110000060,608,1310,-702
110000061,1190,1160,30
110000062,1074,1062,12
110000063,38,90,-52
110000064,65,294,-229
110000065,83,111,-28
110000066,73,64,9
110000067,107,872,-765
110000068,211,1151,-940
110000069,191,161,30
110000071,98,201,-103
110000073,7,34,-27
110000075,13,131,-118
110000076,442,440,2
110000077,696,1593,-897
110000078,22,67,-45
110000080,292,935,-643
110000081,25,402,-377
110000082,25,455,-430
110000083,266,849,-583
110000084,969,914,55
110000085,3307,2052,1255
110000086,1667,1865,-198
110000087,10,92,-82
110000088,37,333,-296
110000089,299,237,62
110000090,203,568,-365
110000091,3487,464,3023
110000092,15,154,-139
110000093,41,18,23
110000094,632,368,264
110000095,169,889,-720
110000096,5983,2122,3861
110000097,1172,1495,-323
110000098,2022,886,1136
110000099,972,2237,-1265
110000100,604,1320,-716
110000101,20,871,-851
110000102,41,32,9
110000104,213,114,99
110000105,96,383,-287
110000106,514,301,213
110000107,557,511,46
110000108,214,64,150
110000109,335,459,-124
110000110,6073,5089,984
110000111,12263,2932,9331
110000112,2002,809,1193
110000113,1025,1786,-761
110000114,307,743,-436
110000115,236,412,-176
110000116,46,82,-36
110000117,153,993,-840
110000118,345,509,-164
110000119,230,771,-541
110000120,351,313,38
110000121,98,427,-329
110000122,408,854,-446
110000123,430,718,-288
110000124,5,1163,-1158
110000125,1105,12,1093
110000126,360,33,327
110000127,961,81,880
110000128,51,2467,-2416
110000129,6,801,-795
110000130,176,183,-7
110000131,170,449,-279
110000132,2,951,-949
110000133,90,504,-414
110000134,37,520,-483
110000135,219,38,181
110000136,69,515,-446
110000137,574,1194,-620
110000138,724,1494,-770
110000139,739,2822,-2083
110000140,1363,618,745
110000143,992,520,472
110000144,6067,1832,4235
110000145,1631,1515,116
110000146,2791,2033,758
110000147,382,1121,-739
110000148,324,549,-225
110000151,838,607,231
110000152,798,406,392
110000153,55,100,-45
110000154,76,39,37
110000155,3550,3951,-401
110000156,873,2427,-1554
110000157,1884,2707,-823
110000160,395,592,-197
110000161,198,822,-624
110000166,499,253,246
110000167,846,603,243
110000168,987,344,643
110000169,853,426,427
110000170,144,125,19
110000171,737,209,528
110000172,186,1155,-969
110000173,1627,1678,-51
110000174,186,2516,-2330
110000175,523,102,421
110000176,151,296,-145
110000177,222,890,-668
110000178,763,1348,-585
110000179,2462,645,1817
110000180,181,611,-430
110000181,307,686,-379
110000182,469,489,-20
110000183,21356,7838,13518
110000184,2013,2936,-923
110000185,1907,971,936
110000186,1084,1004,80
110000191,656,613,43
110000192,339,5,334
110000193,734,1,733
110000194,18,2206,-2188
110000195,331,747,-416
110000196,366,858,-492
110000197,72,394,-322
110000198,116,170,-54
110000199,86,160,-74
110000200,1975,870,1105
110000201,812,985,-173
110000202,1385,600,785
110000203,985,1364,-379
110000204,6,565,-559
110000205,163,86,77
110000206,1090,2893,-1803
110000207,874,480,394
110000208,318,150,168
110000209,158,1590,-1432
110000210,710,1182,-472
110000211,1126,1451,-325
110000212,453,1427,-974
110000213,161,94,67
110000214,153,146,7
110000215,143,1150,-1007
110000216,69,1186,-1117
110000217,325,365,-40
110000218,199,900,-701
110000219,257,105,152
110000220,41,743,-702
110000221,269,114,155
110000222,20,549,-529
110000223,10,184,-174
110000224,81,20,61
110000225,268,818,-550
110000226,238,61,177
110000227,1158,716,442
110000228,616,497,119
110000229,2,523,-521
110000230,888,892,-4
110000231,180,245,-65
110000232,290,246,44
110000233,216,538,-322
110000234,1005,868,137
110000235,1631,1386,245
110000236,524,1547,-1023
110000237,2404,1571,833
110000238,1217,1926,-709
110000239,1756,1882,-126
110000240,0,122,-122
110000242,0,16,-16
110000243,80,335,-255
110000244,140,819,-679
110000245,31,813,-782
110000246,715,1223,-508
110000247,1608,7690,-6082
110000248,2617,2635,-18
110000249,57,14,43
110000250,38,457,-419
110000251,206,991,-785
110000252,227,475,-248
110000253,1161,915,246
110000254,667,2525,-1858
110000255,317,2159,-1842
110000256,449,384,65
110000257,808,644,164
110000258,14,1033,-1019
110000259,110,24,86
110000260,25,944,-919
110000263,503,167,336
110000264,269,1232,-963
110000265,1343,1909,-566
110000266,2551,2755,-204
110000267,17,349,-332
110000268,368,1131,-763
110000269,5,118,-113
110000270,59,5,54
110000271,3275,492,2783
110000272,1108,1643,-535
110000273,3926,1973,1953
110000274,279,1353,-1074
110000275,6017,872,5145
110000276,242,344,-102
110000277,267,912,-645
110000278,346,1511,-1165
110000279,711,985,-274
110000280,302,599,-297
110000281,33,385,-352
110000282,339,80,259
110000283,70,126,-56
110000284,49,70,-21
110000285,1,553,-552
110000286,29,0,29
110000287,102,3,99
110000288,3,200,-197
110000289,633,2362,-1729
110000290,1883,847,1036
110000291,10866,1886,8980
110000292,1499,4428,-2929
110000293,554,1571,-1017
110000294,868,1066,-198
110000295,320,1806,-1486
110000296,425,466,-41
110000297,2891,431,2460
110000298,184,838,-654
110000299,424,57,367
110000301,391,20,371
110000302,224,2350,-2126
110000303,413,8,405
110000304,116,456,-340
110000305,972,38,934
110000306,215,3581,-3366
110000307,1337,8,1329
110000308,563,63,500
110000309,18,2392,-2374
110000310,617,136,481
110000311,31,1560,-1529
110000312,418,125,293
110000313,3303,3521,-218
110000314,7,487,-480
110000315,5374,3212,2162
110000316,957,1730,-773
110000317,793,670,123
110000318,1,180,-179
110000319,23,36,-13
110000320,50,111,-61
110000321,6,44,-38
110000322,259,1016,-757
110000323,347,287,60
110000324,7784,1854,5930
110000325,3506,2642,864
110000327,734,461,273
110000328,259,764,-505
110000333,793,594,199
110000334,741,2243,-1502
110000335,935,717,218
110000336,748,2092,-1344
110000337,1409,914,495
110000338,327,380,-53
110000339,249,381,-132
110000340,99,349,-250
110000341,379,845,-466
110000342,752,10,742
110000343,0,39,-39
110000344,263,340,-77
110000345,326,130,196
110000346,3407,1867,1540
110000347,1290,889,401
110000348,23,31,-8
110000349,8,14,-6
110000350,57,8,49
110000351,839,1196,-357
110000352,536,2202,-1666
110000353,5308,903,4405
110000354,1553,3166,-1613
110000355,112,125,-13
110000356,1078,13,1065
110000357,402,19,383
110000361,27,107,-80
110000362,47,354,-307
110000363,334,160,174
110000364,275,582,-307
110000365,189,2,187
110000366,3,144,-141
110000367,517,622,-105
110000368,4,115,-111
110000369,63,1,62
110000373,6,477,-471
110000374,133,9,124
110000375,245,1388,-1143
110000376,53,122,-69
110000377,95,681,-586
110000378,81,492,-411
110000379,6668,1785,4883
110000380,55,13,42
110000383,1,1560,-1559
110000384,2909,1388,1521
110000385,2,427,-425
110000387,88,8,80
110000388,45,302,-257
110000389,771,3,768
110000391,432,679,-247
110000396,115,228,-113
110000397,117,417,-300
110000398,1,59,-58
110000399,175,2,173
110000587,98,85,13
110000589,177,245,-68
110000640,174,140,34
110000652,37,228,-191
110000653,229,661,-432
110000654,27,84,-57
110000656,3,1042,-1039
110000674,42,34,8
110000675,32,40,-8
110000676,13,150,-137
110000679,564,1022,-458
110000682,103,210,-107
110000683,613,740,-127
110000684,1,98,-97
110000685,12,21,-9
110000686,2,53,-51
110000687,25,3,22
110000688,65,885,-820
110000689,54,62,-8
110000692,142,538,-396
110000693,217,360,-143
110000694,0,222,-222
110000695,264,1114,-850
110000696,247,367,-120
110900001,288,39,249
110900002,156,411,-255
110900003,563,1520,-957
110900004,338,355,-17
110900005,8103,2094,6009
110900006,26,6,20
110900007,128,23,105
110900008,23,71,-48
110900009,463,77,386
110900010,8,109,-101
110900011,34,194,-160
110900012,9,183,-174
110900013,965,224,741
110900014,150,12,138
110900015,1661,635,1026
110900016,30,298,-268
110900017,333,68,265
110900018,472,63,409
110900019,114,35,79
110900020,72,937,-865
110900021,71,1108,-1037
110900022,109,672,-563
110900023,124,1231,-1107
110900024,25,763,-738
110900025,12,140,-128
110900027,57,509,-452
110900028,53,367,-314
110900029,62,800,-738
110900030,33,781,-748
110900031,0,311,-311
110900032,1,210,-209
110900033,43,550,-507
110900035,43,752,-709
110900036,113,37,76
110900037,70,36,34
110900038,2517,353,2164
110900039,14,351,-337
110900040,275,75,200
110900041,12,271,-259
110900042,115,101,14
110900043,4,242,-238
110900044,303,32,271
110900045,69,1096,-1027
110900046,185,361,-176
110900047,1399,240,1159
110900049,112,80,32
110900050,9,4,5
110900051,37,280,-243
110900052,1,318,-317
110900053,107,76,31
110900054,19,570,-551
110900055,29,0,29
110900056,55,161,-106
110900057,1,323,-322
110900058,210,512,-302
110900059,890,1459,-569
110900060,521,136,385
110900061,27,47,-20
110900062,129,456,-327
110900063,69,249,-180
110900064,19,0,19
110900065,395,135,260
110900066,37,153,-116
110900067,925,868,57
110900068,280,420,-140
110900069,3,57,-54
110900070,175,63,112
110900071,406,602,-196
110900073,2,31,-29
110900074,294,97,197
110900075,393,125,268
110900077,597,622,-25
110900078,17,262,-245
110900079,2629,965,1664
110900080,103,82,21
110900081,3,187,-184
110900082,97,536,-439
110900083,113,57,56
110900084,62,389,-327
110900085,70,820,-750
110900086,77,325,-248
110900087,291,133,158
110900088,8,2,6
110900090,72,37,35
110900091,1,92,-91
110900093,504,79,425
110900095,61,104,-43
110900097,20,38,-18
110900098,38,280,-242
110900099,81,1279,-1198
110900100,0,39,-39
110900102,40,26,14
110900105,1559,855,704
110900108,6,263,-257
110900111,517,197,320
110900112,772,12,760
110900113,707,64,643
110900115,6,154,-148
110900116,515,4493,-3978
110900118,159,2258,-2099
110900119,8400,409,7991
110900120,31,232,-201
110900121,96,1,95
110900122,267,218,49
110900125,338,327,11
110900127,435,1158,-723
110900128,190,275,-85
110900129,466,572,-106
110900130,1617,394,1223
110900131,248,78,170
110900132,285,57,228
110900133,134,480,-346
110900135,83,947,-864
110900136,349,15,334
110900137,87,2,85
110900138,1535,649,886
110900139,29,97,-68
110900140,107,4,103
110900141,7,181,-174
110900142,74,424,-350
110900143,143,137,6
110900144,3,1249,-1246
110900145,129,40,89
110900146,671,122,549
110900147,372,403,-31
110900148,0,584,-584
110900149,1,96,-95
110900150,26,43,-17
110900151,5,133,-128
110900152,24,701,-677
110900153,86,85,1
111000001,362,268,94
111000002,528,865,-337
111000003,1050,782,268
111000004,675,1516,-841
111000005,1379,1163,216
111000006,1237,2042,-805
111000007,7936,3236,4700
111000008,5336,4556,780
111000009,461,1333,-872
111000010,861,395,466
111000011,427,1082,-655
111000012,625,447,178
111000013,430,1629,-1199
111000014,1040,671,369
111000017,137,983,-846
111000018,263,643,-380
111000020,4140,3470,670
111000021,213,176,37
111000023,182,192,-10
111000025,10998,3557,7441
111000029,135,120,15
111000030,42,114,-72
111000031,2664,1144,1520
111000032,731,295,436
111000033,356,208,148
111000034,732,234,498
111000037,5763,1950,3813
111000038,4065,4327,-262
111000039,1873,4501,-2628
111000040,1901,4623,-2722
111000041,1981,3009,-1028
111000042,9582,3822,5760
111000043,3015,2657,358
111000044,1537,1267,270
111000045,1851,2805,-954
111000046,1235,1909,-674
111000047,1889,3226,-1337
111000049,443,842,-399
111000050,2767,2385,382
111000051,546,1768,-1222
111000052,753,2255,-1502
111000053,513,1805,-1292
111000054,293,1975,-1682
111000055,1789,3100,-1311
111000056,151,1147,-996
111000057,68,1369,-1301
111000058,231,161,70
111000059,460,447,13
111000060,3650,921,2729
111000061,589,446,143
111000062,773,307,466
111000063,1984,1242,742
111000064,489,902,-413
111000065,1144,1089,55
111000066,361,423,-62
111000067,566,1003,-437
111000068,475,1119,-644
111000069,2103,2927,-824
111000070,3380,1516,1864
111000071,188,840,-652
111000072,743,418,325
111000073,301,788,-487
111000074,1577,2081,-504
111000075,1019,1351,-332
111000076,516,1433,-917
111000077,1395,1916,-521
111000078,2487,1783,704
111000079,1673,1220,453
111000080,498,987,-489
111000081,3346,5527,-2181
111000082,582,1046,-464
111000084,739,802,-63
111000085,1148,2075,-927
111000086,5682,1659,4023
111000087,847,1214,-367
111000088,11726,2605,9121
111000089,830,1287,-457
111000090,1709,1944,-235
111000091,814,1002,-188
111000092,1366,1673,-307
111000093,622,1158,-536
111000094,1895,1360,535
111000095,1035,2729,-1694
111000096,3709,8725,-5016
111000097,9177,1394,7783
111000098,839,1959,-1120
111000099,770,3752,-2982
111000100,469,3845,-3376
111000101,565,1372,-807
111000102,180,1569,-1389
111000104,456,414,42
111000107,99,1551,-1452
111000109,451,321,130
111000110,1030,811,219
111000111,1811,738,1073
111000112,1524,548,976
111000113,765,1188,-423
111000114,1539,2562,-1023
111000115,11887,1464,10423
111000116,1089,1401,-312
111000117,652,1384,-732
111000118,1699,1464,235
111000119,983,2427,-1444
111000120,412,826,-414
111000121,321,840,-519
111000122,659,1464,-805
111000123,1214,5196,-3982
111000124,607,5573,-4966
111000125,271,3304,-3033
111000126,133,1708,-1575
111000127,788,246,542
111000128,1341,436,905
111000129,2182,662,1520
111000130,1645,882,763
111000131,1366,723,643
111000132,934,702,232
111000133,125,222,-97
111000134,130,157,-27
111000135,37,161,-124
111000136,350,337,13
111000138,3,13,-10
111000140,1,13,-12
111000141,218,553,-335
111000142,18,151,-133
111000143,7,111,-104
111000144,28,113,-85
111000145,934,15,919
111000146,60,17,43
111000147,246,48,198
111000148,249,218,31
111000149,5,60,-55
111000150,6,10,-4
111000151,1,28,-27
111000153,768,889,-121
111000154,929,295,634
111000155,166,227,-61
111000156,529,631,-102
111000157,214,986,-772
111000158,1140,752,388
111000159,4163,981,3182
111000160,289,510,-221
111000161,14,379,-365
111000162,25,266,-241
111000163,478,1202,-724
111000164,1169,4452,-3283
111000165,1935,727,1208
111000166,2692,632,2060
111000167,206,822,-616
111000168,321,709,-388
111000169,350,844,-494
111000170,626,635,-9
111000171,457,1509,-1052
111000172,137,861,-724
111000173,197,2249,-2052
111000174,148,1341,-1193
111000175,54,488,-434
111000176,311,259,52
111000177,207,465,-258
111000178,843,378,465
111000179,153,284,-131
111000180,204,434,-230
111000181,1030,420,610
111000182,174,274,-100
111000183,370,359,11
111000184,356,272,84
111000185,450,658,-208
111000186,338,400,-62
111000187,125,396,-271
111000188,201,723,-522
111000189,2190,727,1463
111000190,212,724,-512
111000191,169,698,-529
111000192,335,907,-572
111000193,624,477,147
111000194,46,629,-583
111000195,111,724,-613
111000196,56,493,-437
111000197,257,240,17
111000198,373,119,254
111000199,132,188,-56
111000200,241,409,-168
111000201,495,343,152
111000202,150,281,-131
111000203,224,259,-35
111000204,331,608,-277
111000213,185,520,-335
111000214,1742,2557,-815
111000215,982,2132,-1150
111000217,1274,1373,-99
111000218,1157,1427,-270
111000219,487,346,141
111000220,4849,1125,3724
111000221,875,334,541
111000224,1,332,-331
111000225,219,50,169
111000226,270,1,269
111000227,77,6,71
111000228,12,238,-226
111000229,69,546,-477
111000230,363,976,-613
111000231,890,2512,-1622
111000232,554,1271,-717
111000233,372,882,-510
111000234,110,411,-301
111000239,150,361,-211
111000240,52,203,-151
111000241,33,670,-637
111000242,124,131,-7
111000243,112,1307,-1195
111000244,301,144,157
111000245,910,967,-57
111000246,374,887,-513
111000247,157,1632,-1475
111000248,706,694,12
111000249,496,1243,-747
111000250,63,263,-200
111000251,59,255,-196
111000253,17,20,-3
111000255,17,10,7
111000257,41,21,20
111000260,70,2109,-2039
111000261,869,94,775
111000271,47,393,-346
111000273,12333,2230,10103
111000274,1602,2734,-1132
111000275,103,90,13
111000276,355,3642,-3287
111000277,223,664,-441
111000278,609,350,259
111000291,533,4279,-3746
111000298,542,365,177
111000299,629,163,466
111000300,125,1071,-946
111000302,261,129,132
111000303,78,504,-426
111000312,44,85,-41
111000315,0,89,-89
111000320,529,1294,-765
111000321,295,108,187
111000322,277,826,-549
111000323,189,41,148
111000324,417,407,10
111000325,41,73,-32
111000326,159,408,-249
111000327,435,785,-350
111000328,193,575,-382
111000329,1,22,-21
111000330,34,12,22
111000331,11,8,3
111000332,510,2283,-1773
111000334,539,2383,-1844
111000335,608,218,390
111000337,868,658,210
111000338,31,237,-206
111000339,276,1031,-755
111000340,130,1446,-1316
111000341,902,532,370
111000342,207,366,-159
111000344,946,1138,-192
111000345,279,78,201
111000346,27,165,-138
111000347,118,5,113
111000350,178,212,-34
111000351,127,264,-137
111000352,178,368,-190
111000353,115,429,-314
111000354,407,583,-176
111000355,285,1274,-989
111000358,146,3272,-3126
111000360,183,1808,-1625
111000361,151,749,-598
111000546,503,1277,-774
111000547,339,1474,-1135
111000548,81,270,-189
111000549,305,859,-554
111000550,74,608,-534
111000551,809,331,478
111000552,1094,90,1004
111000907,367,40,327
111000908,18,2,16
111000916,1172,406,766
111000917,32,695,-663
111000918,189,1978,-1789
111000920,285,7,278
111000921,1,349,-348
111000922,320,473,-153
111000924,50,2165,-2115
111000925,2216,2763,-547
111000926,1064,3602,-2538
111000927,3117,5828,-2711
111000928,7957,5824,2133
111000929,1133,1509,-376
111000930,889,3732,-2843
111000931,1984,2657,-673
111000932,5518,3537,1981
111000933,4056,2344,1712
111000934,3012,4524,-1512
111000935,1146,1157,-11
111000936,1220,3191,-1971
111000937,824,1621,-797
111000938,2406,3234,-828
111000939,295,88,207
111000940,311,301,10
111000941,311,1145,-834
111000943,320,376,-56
111000944,135,882,-747
111000945,67,4064,-3997
111001109,472,332,140
111001110,298,764,-466
111001111,56,5,51
111001112,128,2,126
111001113,4,159,-155
111001114,1391,78,1313
111001115,21,507,-486
111001116,8570,3133,5437
111001117,1307,1395,-88
111001120,97,819,-722
111001121,151,473,-322
111001122,235,797,-562
111001123,88,116,-28
111900001,8,201,-193
111900002,18,1544,-1526
111900003,10,778,-768
111900004,53,332,-279
111900006,12,12,0
111900007,71,11,60
111900008,117,1,116
111900009,143,330,-187
111900010,392,884,-492
111900012,101,204,-103
111900013,9,95,-86
111900014,11875,3223,8652
111900015,1,120,-119
111900016,2,268,-266
111900017,2,273,-271
111900018,102,10,92
111900019,4,269,-265
111900020,11,138,-127
111900021,26,160,-134
111900022,24,104,-80
111900023,270,106,164
111900024,1,153,-152
111900025,0,83,-83
111900026,3,147,-144
111900027,5,269,-264
111900028,7,691,-684
111900029,2,214,-212
111900030,133,852,-719
111900031,21,94,-73
111900032,1,630,-629
111900033,7,205,-198
111900034,337,1054,-717
111900035,30,352,-322
111900036,3,596,-593
111900038,489,1148,-659
111900039,77,801,-724
111900040,36,1174,-1138
111900042,53,192,-139
111900043,7,713,-706
111900044,366,506,-140
111900046,44,398,-354
111900048,193,1511,-1318
111900049,45,515,-470
111900050,102,18,84
111900051,1,446,-445
111900052,574,848,-274
111900053,2094,850,1244
111900054,167,2,165
111900055,36,1012,-976
111900056,291,148,143
111900057,82,80,2
111900058,347,1268,-921
111900059,4620,461,4159
111900060,372,1,371
111900061,19,456,-437
111900062,20,44,-24
111900063,226,394,-168
111900064,149,536,-387
111900065,65,28,37
111900066,118,163,-45
111900067,1,602,-601
111900068,51,34,17
111900069,47,20,27
111900070,134,161,-27
111900071,1,548,-547
111900072,39,25,14
111900073,561,128,433
111900074,30,419,-389
111900075,52,8,44
111900076,108,55,53
111900077,45,2,43
111900078,239,12,227
111900079,42,15,27
111900080,266,232,34
111900081,1445,145,1300
111900082,112,18,94
111900083,76,13,63
111900084,71,2,69
111900085,27,90,-63
111900086,26,5,21
111900087,39,3,36
111900088,372,7,365
111900089,125,6,119
111900090,73,52,21
111900091,163,3,160
111900092,69,1,68
111900093,302,2,300
111900094,73,0,73
111900095,184,30,154
111900096,110,0,110
111900097,39,0,39
111900098,127,0,127
111900099,57,0,57
111900100,96,9,87
111900101,74,24,50
111900102,368,1448,-1080
111900103,99,70,29
111900104,117,87,30
111900105,447,175,272
111900106,3003,97,2906
111900107,118,232,-114
111900108,246,129,117
111900109,936,373,563
111900110,4393,482,3911
111900111,89,316,-227
111900112,1552,1946,-394
111900113,333,59,274
111900114,337,228,109
111900115,31,78,-47
111900118,181,69,112
111900119,274,160,114
111900122,87,71,16
111900123,10,30,-20
111900124,47,181,-134
111900125,426,30,396
111900126,270,3,267
111900127,3,1293,-1290
111900128,14,1094,-1080
111900129,243,9,234
111900130,222,27,195
111900131,303,5,298
111900132,61,2540,-2479
111900133,8,789,-781
111900134,29,508,-479
111900135,4,26,-22
111900136,88,162,-74
111900137,83,106,-23
111900138,13,185,-172
111900139,39,373,-334
111900140,78,31,47
111900141,58,19,39
111900142,133,34,99
111900143,45,269,-224
111900144,36,389,-353
111900145,7,1154,-1147
111900146,6,619,-613
111900147,207,948,-741
111900148,40,1590,-1550
111900149,11,672,-661
111900150,21,334,-313
111900151,0,39,-39
111900152,120,96,24
111900153,3135,442,2693
111900154,5,236,-231
111900155,78,78,0
111900156,40,81,-41
111900157,68,21,47
111900158,408,35,373
111900159,202,8,194
111900160,240,1,239
111900161,104,59,45
111900162,98,172,-74
111900163,74,488,-414
111900164,83,59,24
111901113,297,306,-9
111901114,242,702,-460
111901115,70,1,69
111901116,92,2,90
111901117,36,38,-2
111901118,265,275,-10
111901119,2873,281,2592
111901120,191,604,-413
111901121,304,824,-520
111901122,7,1188,-1181
111901123,128,675,-547
111901124,110,3,107
111901125,298,323,-25
111901126,94,54,40
111901127,2029,516,1513
111901128,24,253,-229
111901129,7,419,-412
111901130,24,619,-595
111901131,5,420,-415
111901132,103,9,94
111901133,67,1,66
111901134,72,5,67
111901135,24,17,7
111901136,33,56,-23
111901137,0,19,-19
111901138,131,76,55
111901139,42,94,-52
111901140,6,297,-291
111901141,13,536,-523
111901142,7,393,-386
111901143,8,302,-294
111901144,31,43,-12
111901145,81,197,-116
112000001,2089,1349,740
112000002,838,3605,-2767
112000003,840,1650,-810
112000004,794,2797,-2003
112000005,2681,3051,-370
112000006,2418,3605,-1187
112000007,2089,1760,329
112000008,2545,4610,-2065
112000009,5156,5788,-632
112000010,2731,3517,-786
112000011,2519,3885,-1366
112000012,7034,3570,3464
112000013,7967,5276,2691
112000014,3457,1270,2187
112000015,3974,4606,-632
112000016,7084,1389,5695
112000017,2975,2957,18
112000024,3118,1304,1814
112000026,6697,8373,-1676
112000027,1097,611,486
112000028,2514,2683,-169
112000029,470,808,-338
112000030,273,211,62
112000031,2251,4713,-2462
112000032,689,78,611
112000033,2509,1664,845
112000034,292,65,227
112000035,151,451,-300
112000036,991,1259,-268
112000037,1720,1023,697
112000038,1473,1404,69
112000039,43,121,-78
112000040,195,364,-169
112000041,776,726,50
112000042,1728,406,1322
112000050,948,2206,-1258
112000051,1057,1365,-308
112000054,2283,3672,-1389
112000057,742,572,170
112000058,543,920,-377
112000059,1062,1032,30
112000061,6305,3091,3214
112000062,2991,1297,1694
112000063,2227,1483,744
112000064,6195,8303,-2108
112000065,2918,4000,-1082
112000066,3805,1498,2307
112000067,886,1100,-214
112000068,2825,2039,786
112000069,771,3258,-2487
112000070,2204,1025,1179
112000071,839,4396,-3557
112000072,1736,1288,448
112000073,1545,2867,-1322
112000074,1037,1448,-411
112000075,1383,1716,-333
112000076,4034,4053,-19
112000077,466,1023,-557
112000078,1449,1035,414
112000079,1484,1902,-418
112000080,730,1399,-669
112000081,1714,2932,-1218
112000082,1590,1218,372
112000083,612,2108,-1496
112000084,1233,1149,84
112000085,1061,1897,-836
112000086,1604,2322,-718
112000087,314,677,-363
112000088,552,1141,-589
112000089,467,424,43
112000090,244,624,-380
112000091,638,1854,-1216
112000092,1616,1306,310
112000093,1645,1573,72
112000094,530,1156,-626
112000095,583,1161,-578
112000096,434,935,-501
112000097,826,763,63
112000098,1283,2786,-1503
112000099,675,1154,-479
112000100,1460,1583,-123
112000101,553,1569,-1016
112000102,949,1004,-55
112000103,422,2037,-1615
112000105,556,3022,-2466
112000106,1187,655,532
112000107,15,265,-250
112000108,210,2684,-2474
112000109,50,97,-47
112000110,1544,632,912
112000111,1747,7297,-5550
112000112,6062,1020,5042
112000113,1502,3145,-1643
112000114,3893,1761,2132
112000115,353,796,-443
112000116,712,1731,-1019
112000117,1058,1354,-296
112000118,1321,1341,-20
112000119,559,1584,-1025
112000120,55,781,-726
112000121,113,1279,-1166
112000122,169,206,-37
112000123,431,164,267
112000124,216,69,147
112000125,112,215,-103
112000126,166,1420,-1254
112000127,3568,2311,1257
112000128,1876,1255,621
112000129,103,160,-57
112000130,148,45,103
112000131,43,848,-805
112000132,81,415,-334
112000133,345,767,-422
112000134,486,593,-107
112000135,1275,1016,259
112000136,1597,1764,-167
112000137,2433,2518,-85
112000138,2957,1771,1186
112000139,1249,445,804
112000140,1299,1677,-378
112000141,588,297,291
112000142,201,1456,-1255
112000143,971,238,733
112000144,432,2947,-2515
112000145,1895,879,1016
112000146,792,3679,-2887
112000147,1649,2101,-452
112000148,1883,3457,-1574
112000149,322,1279,-957
112000150,140,1037,-897
112000151,353,1210,-857
112000152,263,593,-330
112000153,210,490,-280
112000154,141,230,-89
112000155,194,165,29
112000157,1034,699,335
112000158,313,1694,-1381
112000159,353,494,-141
112000167,323,71,252
112000169,508,470,38
112000173,529,305,224
112000175,511,761,-250
112000176,5857,3169,2688
112000177,561,133,428
112000178,79,1087,-1008
112000179,203,272,-69
112000180,237,395,-158
112000181,1502,3207,-1705
112000182,1000,3784,-2784
112000183,66,94,-28
112000184,294,1195,-901
112000185,400,813,-413
112000187,4613,3522,1091
112000195,188,16,172
112000196,198,2,196
112000197,185,146,39
112000198,42,538,-496
112000199,1243,1429,-186
112000202,266,1,265
112000216,61,314,-253
112000230,82,10,72
112000231,5,494,-489
112000256,47,241,-194
112000313,297,281,16
112000314,67,22,45
112000337,224,787,-563
112000352,352,347,5
112000392,2647,2219,428
112000398,1005,950,55
112000399,4322,1989,2333
112000400,2790,5705,-2915
112000401,3600,3953,-353
112000402,2208,2853,-645
112000403,2701,2558,143
112000404,507,812,-305
112000405,1615,3219,-1604
112000406,4926,4680,246
112000407,5290,8206,-2916
112000408,11805,10388,1417
112000409,2210,7847,-5637
112000410,549,255,294
112000411,8792,1638,7154
112000412,1890,664,1226
112000413,16009,4350,11659
112000414,109,162,-53
112000415,90,124,-34
112000416,1881,1629,252
112000417,253,94,159
112000421,58,207,-149
112000422,394,1186,-792
112000424,4866,2325,2541
112000425,554,1823,-1269
112000426,124,327,-203
112000427,0,20,-20
112000428,191,899,-708
112000429,2732,3604,-872
112000430,2668,3954,-1286
112000431,65,161,-96
112000432,725,3534,-2809
112000433,758,1403,-645
112000437,51,425,-374
112900001,40,0,40
112900002,246,2003,-1757
112900003,59,568,-509
112900004,45,589,-544
112900005,167,322,-155
112900006,6,750,-744
112900007,45,322,-277
112900008,1,49,-48
112900009,456,103,353
112900010,250,1156,-906
112900011,495,493,2
112900012,3,92,-89
112900013,0,472,-472
112900014,1,416,-415
112900015,542,1632,-1090
112900016,1,526,-525
112900017,57,430,-373
112900018,2,571,-569
112900019,90,203,-113
112900020,680,2275,-1595
112900021,3,456,-453
112900022,18,140,-122
112900023,3,450,-447
112900024,30,379,-349
112900025,173,517,-344
112900026,7,565,-558
112900027,7,2129,-2122
112900028,40,203,-163
112900029,18,1138,-1120
112900030,366,336,30
112900031,7,840,-833
112900032,150,369,-219
112900034,1,94,-93
112900035,0,792,-792
112900036,40,211,-171
112900037,175,158,17
112900038,493,277,216
112900039,20,533,-513
112900040,5,595,-590
112900041,2170,1521,649
112900042,86,888,-802
112900043,11,77,-66
112900044,1209,746,463
112900045,679,524,155
112900046,273,145,128
112900047,41,31,10
112900049,121,80,41
112900050,110,1003,-893
112900051,429,1405,-976
112900052,11,1968,-1957
112900053,393,219,174
112900054,360,39,321
112900055,202,39,163
112900056,475,260,215
112900057,12,1247,-1235
112900058,399,280,119
112900059,163,222,-59
112900060,15,583,-568
112900061,66,217,-151
112900062,39,249,-210
112900063,112,5,107
112900064,297,325,-28
112900065,90,23,67
112900066,243,134,109
112900067,827,268,559
112900068,68,51,17
112900069,3726,766,2960
112900071,20,4,16
112900072,523,1602,-1079
112900073,352,75,277
112900074,89,164,-75
112900075,3293,890,2403
112900076,141,11,130
112900078,255,335,-80
112900079,279,14,265
112900080,18,2,16
112900081,25,181,-156
112900082,269,37,232
112900083,179,55,124
112900084,144,88,56
112900085,0,11,-11
112900086,62,0,62
112900087,458,153,305
112900088,165,14,151
112900089,864,36,828
112900090,34,17,17
112900091,131,3,128
112900092,191,183,8
112900093,1624,21,1603
112900094,90,6,84
112900095,25,3,22
112900096,310,151,159
112900097,57,794,-737
112900098,75,3,72
112900099,618,13,605
112900100,54,1,53
112900101,284,7,277
112900102,225,8,217
112900103,150,1,149
112900104,14,1,13
112900105,9,0,9
112900106,337,193,144
112900107,3,2,1
112900108,39,2,37
112900109,68,0,68
112900110,731,4,727
112900111,459,6,453
112900112,304,2,302
112900113,0,11,-11
112900114,93,91,2
112900115,690,2,688
112900116,49,44,5
112900117,147,190,-43
112900118,38,122,-84
112900119,140,1,139
112900120,1053,321,732
112900121,451,306,145
112900122,19,241,-222
112900123,160,9,151
112900124,6,287,-281
112900125,101,633,-532
112900126,240,329,-89
112900127,321,67,254
112900128,635,1287,-652
112900129,5,1674,-1669
112900130,260,103,157
112900131,50,376,-326
112900132,72,644,-572
112900133,32,2036,-2004
112900134,2,483,-481
112900135,80,63,17
112900136,0,59,-59
112900137,6,1179,-1173
112900138,9,779,-770
112900139,328,1991,-1663
112900140,0,129,-129
112900141,601,63,538
112900142,96,200,-104
112900143,66,1042,-976
112900144,3,428,-425
112900145,48,835,-787
112900146,6,2420,-2414
112900147,9,3923,-3914
112900148,31,1,30
112900149,213,855,-642
112900151,26,65,-39
112900152,6849,1389,5460
112900153,2688,1937,751
112900154,0,136,-136
112900155,219,21,198
112900156,312,2667,-2355
112900157,147,21,126
112900158,28,50,-22
112900159,269,63,206
112900160,43,431,-388
112900161,118,32,86
112900162,45,16,29
112900163,209,34,175
112900164,23,133,-110
112900165,114,81,33
112900166,37,44,-7
112900167,3,38,-35
112900168,2,2,0
112900169,9,8,1
112900170,37,141,-104
112900172,93,15,78
112900173,320,160,160
112900174,380,45,335
112900175,225,209,16
112900176,9,23,-14
112900177,222,42,180
112900178,844,2440,-1596
112900179,46,812,-766
112900180,2156,3076,-920
112900181,386,9,377
112900182,44,2197,-2153
112900183,226,387,-161
112900184,622,520,102
112900185,528,723,-195
112900186,2258,1033,1225
112900187,99,596,-497
112900188,1033,589,444
112900189,60,47,13
112900190,3,100,-97
112900192,637,563,74
112900193,1597,395,1202
112900194,45,195,-150
112900195,611,45,566
112900196,343,799,-456
112900197,206,615,-409
112900199,434,1092,-658
112900200,502,478,24
112900201,68,140,-72
112900202,304,1805,-1501
112900203,185,587,-402
112900204,1436,618,818
112900205,2,16,-14
112900206,6,129,-123
112900207,7,0,7
112900208,82,210,-128
112900209,703,695,8
112900210,0,16,-16
112900211,123,175,-52
112900212,1,107,-106
112900213,26,3,23
112900214,57,5,52
112900215,11,382,-371
112900216,44,102,-58
112900217,2,90,-88
112900218,64,29,35
112900219,34,39,-5
112900220,10,1,9
112900221,26,334,-308
112900222,6,59,-53
112900223,913,10,903
112900224,206,1473,-1267
112900225,414,1082,-668
112900226,300,532,-232
112900227,377,2244,-1867
112900228,35,38,-3
112900229,115,134,-19
112900230,12325,5052,7273
112900232,201,235,-34
112900233,55,406,-351
112900234,7,205,-198
112900235,85,28,57
112900236,223,26,197
112900237,132,565,-433
112900238,6,66,-60
112900239,429,358,71
113000001,5909,8900,-2991
113000002,4374,5688,-1314
113000003,2485,3639,-1154
113000004,2540,3561,-1021
113000005,1668,1830,-162
113000006,1346,2170,-824
113000007,1615,2088,-473
113000008,1879,2894,-1015
113000009,1075,1350,-275
113000010,1387,2580,-1193
113000011,1057,2404,-1347
113000012,1534,1239,295
113000013,1608,844,764
113000014,2404,2097,307
113000015,1049,354,695
113000016,645,874,-229
113000017,138,370,-232
113000018,395,103,292
113000019,166,324,-158
113000020,175,55,120
113000021,1784,801,983
113000022,806,2055,-1249
113000025,146,483,-337
113000026,396,735,-339
113000027,1601,556,1045
113000028,2495,700,1795
113000029,1306,869,437
113000030,686,804,-118
113000031,288,497,-209
113000032,394,443,-49
113000033,499,650,-151
113000034,554,651,-97
113000035,55,83,-28
113000036,37,106,-69
113000037,148,58,90
113000038,16,106,-90
113000039,79,959,-880
113000040,44,121,-77
113000042,1281,880,401
113000051,1072,3463,-2391
113000052,3014,1847,1167
113000053,427,919,-492
113000054,338,1339,-1001
113000055,1219,1483,-264
113000056,1003,1904,-901
113000058,884,1197,-313
113000059,1662,1045,617
113000060,189,779,-590
113000061,829,1270,-441
113000062,2040,362,1678
113000063,115,485,-370
113000064,37,856,-819
113000065,205,2044,-1839
113000066,598,147,451
113000067,1857,2201,-344
113000068,468,3521,-3053
113000069,702,2561,-1859
113000070,1948,1423,525
113000071,434,1114,-680
113000072,749,692,57
113000073,885,2559,-1674
113000074,1106,544,562
113000075,2512,856,1656
113000076,1788,2929,-1141
113000077,1840,736,1104
113000078,1238,3795,-2557
113000079,1074,1140,-66
113000080,816,791,25
113000081,986,1235,-249
113000082,1761,1095,666
113000083,748,1110,-362
113000084,2046,1731,315
113000085,1061,1123,-62
113000086,1439,1989,-550
113000087,1211,1027,184
113000088,3369,2127,1242
113000089,1119,1826,-707
113000090,303,654,-351
113000091,870,494,376
113000094,1239,279,960
113000095,281,1862,-1581
113000096,188,1420,-1232
113000097,1313,480,833
113000098,165,46,119
113000099,1391,448,943
113000100,176,670,-494
113000101,496,997,-501
113000102,620,459,161
113000103,3489,878,2611
113000104,489,4269,-3780
113000105,875,704,171
113000106,545,974,-429
113000107,887,1231,-344
113000108,1175,2380,-1205
113000109,770,6390,-5620
113000110,2147,763,1384
113000111,294,1202,-908
113000112,256,405,-149
113000113,2903,510,2393
113000114,411,2878,-2467
113000116,1122,369,753
113000117,1464,171,1293
113000118,262,683,-421
113000119,296,616,-320
113000120,79,343,-264
113000121,928,1571,-643
113000124,301,201,100
113000125,78,917,-839
113000127,5205,784,4421
113000128,794,923,-129
113000129,718,2495,-1777
113000133,6781,2664,4117
113000134,12,1487,-1475
113000135,3826,4661,-835
113000137,2898,3767,-869
113000139,546,261,285
113000140,198,476,-278
113000141,631,291,340
113000142,960,1944,-984
113000143,388,306,82
113000144,402,1176,-774
113000145,77,234,-157
113000146,133,152,-19
113000147,214,228,-14
113000148,121,295,-174
113000149,91,237,-146
113000150,698,652,46
113000151,101,114,-13
113000152,58,249,-191
113000153,2719,897,1822
113000154,981,2308,-1327
113000155,418,670,-252
113000156,169,613,-444
113000157,311,1419,-1108
113000158,723,309,414
113000159,932,876,56
113000160,642,1939,-1297
113000161,289,973,-684
113000162,777,654,123
113000163,158,62,96
113000164,11,134,-123
113000166,114,107,7
113000167,33,262,-229
113000168,64,274,-210
113000169,171,118,53
113000170,97,143,-46
113000171,55,108,-53
113000172,237,107,130
113000173,65,15,50
113000174,134,722,-588
113000175,399,149,250
113000176,496,227,269
113000177,256,699,-443
113000178,254,590,-336
113000179,376,200,176
113000180,809,2222,-1413
113000181,958,1496,-538
113000182,316,649,-333
113000183,246,819,-573
113000184,32,169,-137
113000189,719,1268,-549
113000190,1899,741,1158
113000192,3422,2030,1392
113000193,8622,1204,7418
113000194,2774,1506,1268
113000195,3607,834,2773
113000196,196,147,49
113000197,2374,1529,845
113000198,73,551,-478
113000199,1807,718,1089
113000201,1101,255,846
113000202,6465,4663,1802
113000203,592,445,147
113000204,2692,2275,417
113000205,31,47,-16
113000206,20,58,-38
113000207,85,27,58
113000208,50,78,-28
113000209,21,32,-11
113000210,6,53,-47
113000211,290,245,45
113000212,305,32,273
113000213,65,239,-174
113000214,240,378,-138
113000234,210,1966,-1756
113000410,416,286,130
113000411,4139,6572,-2433
113000412,13004,3132,9872
113000413,4885,3769,1116
113000414,12103,18493,-6390
113000415,3401,4710,-1309
113000416,13998,6489,7509
113000417,4520,5026,-506
113000418,4700,3776,924
113000419,2293,3034,-741
113000420,5024,6991,-1967
113000421,5638,8181,-2543
113000422,21547,14139,7408
113000423,3238,6045,-2807
113000424,5697,11855,-6158
113000425,22,123,-101
113000428,1103,159,944
113000430,136,344,-208
113000432,1970,213,1757
113000433,163,1781,-1618
113000434,19,451,-432
113000435,29,1619,-1590
113000436,57,2573,-2516
113000437,896,18,878
113000438,271,16,255
113000439,25,249,-224
113000440,74,25,49
113000441,143,362,-219
113000442,157,410,-253
113000443,145,544,-399
113000444,209,475,-266
113000445,105,227,-122
113000446,19,115,-96
113000448,382,353,29
113000449,411,950,-539
113000450,1292,4881,-3589
113000451,2326,277,2049
113000452,643,619,24
113000453,60,452,-392
113000454,1981,20,1961
113000455,5,220,-215
113000456,5746,3472,2274
113000468,4749,394,4355
113000469,491,271,220
113000470,1022,126,896
113000471,16,773,-757
113000472,100,468,-368
113000474,305,794,-489
113000475,2008,3175,-1167
113000476,1221,2671,-1450
113000477,2547,2608,-61
113000478,5027,9115,-4088
113000479,69,374,-305
113000480,195,159,36
113000482,0,0,0
113000485,12,1,11
113000486,7,7,0
113000487,0,8,-8
113000488,1,0,1
113000489,1,5,-4
113000490,0,9,-9
113000491,7,66,-59
113000492,4,8,-4
113000493,0,0,0
113000495,223,279,-56
113000496,75,125,-50
113000497,0,0,0
113000499,0,0,0
113000500,0,9,-9
113900001,4,468,-464
113900002,3,341,-338
113900003,3,280,-277
113900004,0,114,-114
113900005,0,98,-98
113900006,2,44,-42
113900007,120,34,86
113900008,136,1,135
113900009,548,0,548
113900010,376,3,373
113900011,47,1,46
113900012,36,7,29
113900013,1848,10,1838
113900014,1239,1,1238
113900015,1,89,-88
113900016,51,0,51
113900017,2,57,-55
113900018,720,204,516
113900019,104,64,40
113900020,68,1,67
113900022,18,1,17
113900023,21,0,21
113900024,34,140,-106
113900025,380,44,336
113900026,62,1,61
113900027,2,136,-134
113900028,17,668,-651
113900029,47,478,-431
113900030,194,4,190
113900031,7,2,5
113900032,16,0,16
113900033,41,141,-100
113900035,59,2,57
113900036,20,216,-196
113900037,97,836,-739
113900038,34,160,-126
113900039,177,12,165
113900040,15,6,9
113900041,10,1,9
113900042,96,74,22
113900043,287,205,82
113900044,279,146,133
113900045,55,2,53
113900046,306,1014,-708
113900047,46,263,-217
113900048,327,98,229
113900049,1267,411,856
113900050,213,604,-391
113900051,276,687,-411
113900052,300,225,75
113900053,634,468,166
113900054,36,16,20
113900055,100,747,-647
113900056,72,260,-188
113900057,9,171,-162
113900058,77,355,-278
113900059,288,572,-284
113900060,97,425,-328
113900061,1676,317,1359
113900062,139,23,116
113900063,95,235,-140
113900064,35,258,-223
113900065,958,24,934
113900066,388,704,-316
113900067,101,589,-488
113900068,452,573,-121
113900069,94,51,43
113900070,197,574,-377
113900071,73,164,-91
113900072,59,274,-215
113900073,181,583,-402
113900074,44,628,-584
113900075,1494,1474,20
113900076,218,13,205
113900077,49,284,-235
113900078,109,108,1
113900079,3,144,-141
113900080,499,241,258
113900081,47,382,-335
113900082,94,363,-269
113900083,223,1090,-867
113900084,323,136,187
113900085,39,479,-440
113900086,30,22,8
113900087,73,320,-247
113900088,44,72,-28
113900089,539,55,484
113900090,685,526,159
113900091,63,58,5
113900092,30,94,-64
113900093,151,818,-667
113900094,402,611,-209
113900095,205,141,64
113900096,315,80,235
113900097,8,194,-186
113900098,684,123,561
113900099,2,139,-137
113900100,1,6,-5
113900101,17,116,-99
113900102,153,145,8
113900103,303,314,-11
113900104,149,271,-122
113900105,93,570,-477
113900106,1,188,-187
113900107,4,57,-53
113900108,391,275,116
113900109,481,214,267
113900110,78,26,52
113900111,98,155,-57
113900112,131,104,27
113900113,1044,655,389
113900114,1,147,-146
113900115,1,154,-153
113900116,116,172,-56
113900117,149,40,109
113900118,325,385,-60
113900119,345,594,-249
113900120,102,47,55
113900121,65,124,-59
113900122,568,2242,-1674
113900123,664,223,441
113900124,2,113,-111
113900125,1992,215,1777
113900126,160,58,102
113900127,265,684,-419
113900128,163,89,74
113900129,8,199,-191
113900130,7,41,-34
113900131,214,126,88
113900132,61,61,0
113900133,7,32,-25
113900135,308,778,-470
113900136,140,120,20
113900137,493,332,161
113900138,129,252,-123
113900139,721,158,563
113900140,500,491,9
113900141,413,875,-462
113900142,115,136,-21
113900143,8,29,-21
113900144,413,363,50
113900145,405,306,99
113900146,120,105,15
113900148,189,355,-166
113900149,184,68,116
113900150,1215,1015,200
113900151,373,321,52
113900152,24,71,-47
113900153,560,914,-354
113900154,4,173,-169
113900155,240,186,54
113900156,334,930,-596
113900157,47,260,-213
113900158,794,460,334
113900159,27,354,-327
113900160,628,1005,-377
113900161,53,309,-256
113900162,930,1291,-361
113900163,405,347,58
113900164,401,65,336
113900165,787,708,79
113900166,422,230,192
113900167,206,62,144
113900168,195,167,28
113900169,361,558,-197
113900171,109,112,-3
113900172,11,360,-349
113900173,70,1261,-1191
113900174,588,912,-324
113900175,358,182,176
113900176,304,1044,-740
113900177,360,316,44
113900178,333,147,186
113900179,35,1115,-1080
113900180,187,164,23
113900181,587,114,473
113900182,782,1425,-643
113900183,79,89,-10
113900184,39,1230,-1191
113900185,187,133,54
113900186,46,89,-43
113900187,43,257,-214
113900188,55,298,-243
113900189,345,100,245
113900190,355,174,181
113900191,194,381,-187
113900192,7,539,-532
113900193,51,506,-455
113900194,3464,1349,2115
113900195,375,710,-335
113900196,7,232,-225
113900197,26,499,-473
113900198,32,194,-162
113900199,285,1124,-839
113900200,26,339,-313
113900201,6,470,-464
113900202,51,510,-459
113900203,1,252,-251
113900204,81,844,-763
113900205,16,304,-288
113900206,7,221,-214
113900207,1,91,-90
113900208,3,101,-98
113900209,1,154,-153
113900210,1025,997,28
113900211,194,88,106
113900212,198,979,-781
113900214,622,657,-35
113900215,74,267,-193
113900216,149,2112,-1963
113900217,39,481,-442
113900218,132,47,85
113900219,136,844,-708
113900220,131,79,52
113900221,413,185,228
113900222,474,628,-154
113900223,100,1500,-1400
113900224,149,91,58
113900225,1142,353,789
113900226,402,237,165
113900227,399,289,110
113900228,448,506,-58
113900229,73,800,-727
113900230,7252,3305,3947
113900231,261,402,-141
113900232,97,120,-23
113900233,55,85,-30
113900234,353,560,-207
113900235,96,57,39
113900236,81,716,-635
113900237,130,6,124
113900238,288,664,-376
113900239,69,82,-13
113900240,6,143,-137
113900241,127,147,-20
113900242,38,242,-204
113900243,230,604,-374
113900244,614,273,341
113900245,1778,399,1379
113900246,36,21,15
113900247,208,419,-211
113900248,5351,2283,3068
113900249,1936,456,1480
113900250,85,201,-116
113900251,704,353,351
113900252,524,26,498
113900253,801,85,716
113900254,880,200,680
113900255,423,28,395
113900256,408,55,353
113900257,52,1216,-1164
113900258,32,1026,-994
113900259,483,341,142
113900260,185,42,143
113900261,20,144,-124
113900262,187,1138,-951
113900263,291,867,-576
113900264,11,933,-922
113900265,247,467,-220
113900266,34,366,-332
113900267,171,664,-493
113900268,334,460,-126
113900269,79,260,-181
113900270,606,551,55
113900271,712,1896,-1184
113900273,315,7,308
113900274,44,14,30
113900275,24,64,-40
113900276,6,436,-430
113900277,145,1,144
113900278,401,260,141
113900279,150,166,-16
113900280,1569,802,767
113900281,557,1592,-1035
113900282,1388,792,596
113900283,477,623,-146
113900284,1143,321,822
113900285,141,30,111
113900286,108,185,-77
113900287,39,141,-102
113900288,6,123,-117
113900289,1978,136,1842
113900290,658,175,483
113900291,196,250,-54
113900292,9,20,-11
113900293,7,456,-449
113900294,466,51,415
113900295,570,474,96
113900296,3986,598,3388
113900297,1266,59,1207
113900298,11,2739,-2728
113900299,36,294,-258
113900300,8977,3643,5334
113900301,1504,534,970
113900302,3542,1082,2460
113900303,905,507,398
113900304,2,239,-237
113900305,73,0,73
113900306,40,0,40
113900307,92,1,91
113900308,127,170,-43
113900309,13,1867,-1854
113900310,1,31,-30
113900311,4,0,4
113900312,185,189,-4
113900313,33,28,5
114000001,1554,6737,-5183
114000002,176,710,-534
114000003,40,533,-493
114000004,335,627,-292
114000005,243,337,-94
114000006,3621,3727,-106
114000007,838,2465,-1627
114000008,1614,1996,-382
114000009,445,292,153
114000011,3170,6376,-3206
114000012,2149,4936,-2787
114000013,1696,3771,-2075
114000014,456,683,-227
114000015,1551,874,677
114000016,224,647,-423
114000017,150,219,-69
114000018,984,124,860
114000026,1350,2747,-1397
114000027,2556,3021,-465
114000028,2688,3088,-400
114000038,255,169,86
114000039,112,219,-107
114000040,73,202,-129
114000042,168,282,-114
114000043,75,279,-204
114000044,139,78,61
114000045,61,193,-132
114000046,3304,8102,-4798
114000047,27,142,-115
114000048,103,47,56
114000049,1623,1978,-355
114000050,1709,2302,-593
114000051,3740,2448,1292
114000052,3784,1744,2040
114000053,105,924,-819
114000054,180,2517,-2337
114000055,363,37,326
114000056,1553,1017,536
114000057,16190,3794,12396
114000058,879,1507,-628
114000059,586,307,279
114000060,673,1095,-422
114000061,5095,2612,2483
114000062,3172,1660,1512
114000063,3942,2249,1693
114000064,9990,4248,5742
114000065,2655,3876,-1221
114000066,497,1041,-544
114000067,28,584,-556
114000068,420,682,-262
114000069,911,907,4
114000070,2589,2082,507
114000071,667,1021,-354
114000072,348,905,-557
114000073,7,216,-209
114000074,22,25,-3
114000075,36,343,-307
114000076,18,361,-343
114000077,11,124,-113
114000078,252,1827,-1575
114000079,100,38,62
114000080,96,123,-27
114000081,61,124,-63
114000082,67,988,-921
114000083,68,495,-427
114000084,241,92,149
114000085,137,1266,-1129
114000086,292,968,-676
114000087,60,380,-320
114000088,52,130,-78
114000089,2880,727,2153
114000090,604,839,-235
114000091,1342,779,563
114000092,1015,564,451
114000093,956,1155,-199
114000094,327,540,-213
114000095,129,135,-6
114000096,168,797,-629
114000097,151,1340,-1189
114000098,352,87,265
114000099,453,1622,-1169
114000100,1023,1459,-436
114000101,361,1686,-1325
114000102,336,453,-117
114000103,116,737,-621
114000104,15,591,-576
114000105,83,76,7
114000106,2262,788,1474
114000107,232,178,54
114000108,4557,2000,2557
114000109,447,832,-385
114000110,754,2999,-2245
114000111,1192,799,393
114000112,491,3225,-2734
114000113,880,668,212
114000114,1671,2685,-1014
114000115,1774,1182,592
114000116,707,772,-65
114000117,2285,572,1713
114000118,2146,585,1561
114000119,1395,474,921
114000120,728,1498,-770
114000121,564,1089,-525
114000122,391,406,-15
114000123,1496,506,990
114000124,853,511,342
114000125,1164,3324,-2160
114000126,1947,266,1681
114000127,169,269,-100
114000128,1027,987,40
114000130,487,880,-393
114000131,220,111,109
114000132,712,1173,-461
114000133,1149,2416,-1267
114000134,71,351,-280
114000138,55,256,-201
114000139,320,145,175
114000144,853,546,307
114000145,100,272,-172
114000146,135,577,-442
114000147,1373,1642,-269
114000148,3331,1989,1342
114000149,370,306,64
114000150,1070,879,191
114000151,1374,1291,83
114000152,109,24,85
114000153,936,2206,-1270
114000154,804,777,27
114000155,1651,2536,-885
114000156,986,632,354
114000157,328,1146,-818
114000158,3144,1037,2107
114000159,243,503,-260
114000160,123,344,-221
114000161,1873,2569,-696
114000162,1006,1939,-933
114000163,10,211,-201
114000165,296,205,91
114000166,684,439,245
114000167,7153,1739,5414
114000168,1001,1034,-33
114000169,2441,1187,1254
114000170,1096,807,289
114000171,1044,1796,-752
114000174,265,713,-448
114000176,856,513,343
114000177,4214,1225,2989
114000178,49,122,-73
114000179,1649,1097,552
114000180,936,981,-45
114000181,2309,3601,-1292
114000182,12820,3427,9393
114000183,1169,1111,58
114000184,919,2616,-1697
114000185,1149,1267,-118
114000189,681,188,493
114000190,2042,331,1711
114000191,49,69,-20
114000192,469,3496,-3027
114000193,1322,6304,-4982
114000194,1608,2151,-543
114000195,153,26,127
114000196,1,677,-676
114000197,982,178,804
114000198,2016,613,1403
114000199,3017,1672,1345
114000200,674,4069,-3395
114000201,202,1826,-1624
114000202,1356,1523,-167
114000203,631,1441,-810
114000204,151,847,-696
114000205,324,3039,-2715
114000206,631,2052,-1421
114000207,878,3982,-3104
114000208,698,6401,-5703
114000209,818,5998,-5180
114000210,435,3095,-2660
114000211,1122,2652,-1530
114000212,768,1301,-533
114000213,1313,1070,243
114000214,114,329,-215
114000215,221,127,94
114000216,1515,652,863
114000217,253,592,-339
114000218,152,447,-295
114000219,1268,539,729
114000220,21,2772,-2751
114000221,714,198,516
114000222,314,2124,-1810
114000223,533,160,373
114000224,161,1512,-1351
114000225,233,1008,-775
114000226,114,357,-243
114000227,747,725,22
114000228,817,1650,-833
114000229,1073,2034,-961
114000230,2054,2484,-430
114000231,1086,1964,-878
114000232,657,160,497
114000233,1858,155,1703
114000234,1262,1675,-413
114000235,1234,2683,-1449
114000236,1,792,-791
114000237,98,1959,-1861
114000238,97,272,-175
114000239,219,2539,-2320
114000240,932,1082,-150
114000241,279,1514,-1235
114000242,1381,1598,-217
114000243,1784,1192,592
114000244,824,473,351
114000245,547,822,-275
114000246,208,66,142
114000247,973,1068,-95
114000248,939,865,74
114000249,555,783,-228
114000250,415,1134,-719
114000251,292,628,-336
114000252,67,221,-154
114000253,60,557,-497
114000254,41,166,-125
114000255,1256,360,896
114000256,2544,1808,736
114000257,791,2842,-2051
114000258,273,797,-524
114000259,139,484,-345
114000260,0,45,-45
114000261,35,67,-32
114000262,94,227,-133
114000263,19,2,17
114000264,850,1190,-340
114000265,0,13,-13
114000267,5,2492,-2487
114000268,9,3104,-3095
114000270,96,1,95
114000271,594,200,394
114000283,924,897,27
114000285,89,562,-473
114000288,98,793,-695
114000289,918,150,768
114000293,129,655,-526
114000294,224,273,-49
114000395,1777,81,1696
114000396,521,566,-45
114000402,464,571,-107
114000403,294,1065,-771
114000405,117,901,-784
114000423,279,840,-561
114000424,381,447,-66
114000425,523,1048,-525
114000426,353,1072,-719
114000427,32,132,-100
114000428,289,170,119
114000429,25,289,-264
114000432,67,222,-155
114000434,23,151,-128
114000435,6,208,-202
114000436,8806,1876,6930
114000437,433,1890,-1457
114900001,474,2595,-2121
114900002,646,154,492
114900003,478,3934,-3456
114900004,225,423,-198
114900005,419,1468,-1049
114900006,98,87,11
114900007,158,25,133
114900008,133,89,44
114900010,3312,2095,1217
114900011,153,182,-29
114900013,176,142,34
114900015,74,371,-297
114900018,1201,69,1132
114900020,237,82,155
114900022,0,1349,-1349
114900024,309,158,151
114900025,362,443,-81
114900026,59,142,-83
114900027,167,342,-175
114900029,27,35,-8
114900030,263,429,-166
114900031,270,47,223
114900032,248,55,193
114900033,2539,508,2031
114900034,74,306,-232
114900035,159,419,-260
114900036,343,1634,-1291
114900037,118,291,-173
114900038,221,1513,-1292
114900039,604,1050,-446
114900040,71,490,-419
114900041,531,920,-389
114900042,624,1148,-524
114900043,1506,568,938
114900044,105,36,69
114900046,70,213,-143
114900047,336,1668,-1332
114900048,105,425,-320
114900049,14,392,-378
114900050,45,1025,-980
114900051,29,921,-892
114900052,89,406,-317
114900053,129,459,-330
114900054,102,213,-111
114900057,227,5,222
114900058,0,73,-73
114900059,48,55,-7
114900060,1897,802,1095
114900061,183,246,-63
114900062,239,477,-238
114900063,51,433,-382
114900064,1035,932,103
114900065,328,857,-529
114900067,50,560,-510
114900068,96,311,-215
114900069,255,349,-94
114900070,435,1159,-724
114900072,8,409,-401
114900073,1,279,-278
114900074,419,1727,-1308
114900075,216,5,211
114900076,16,501,-485
114900080,5668,606,5062
114900082,5015,1991,3024
114900083,1552,1329,223
114900090,251,241,10
114900091,223,291,-68
114900095,551,170,381
114900096,382,969,-587
114900097,98,1,97
114900098,5,363,-358
114900099,119,6,113
115000001,13804,9156,4648
115000002,3795,3928,-133
115000003,5482,7072,-1590
115000004,3600,5991,-2391
115000005,1989,4491,-2502
115000006,794,1948,-1154
115000007,71,252,-181
115000008,568,549,19
115000009,170,769,-599
115000010,368,221,147
115000013,65,168,-103
115000015,45,279,-234
115000016,255,307,-52
115000019,26,537,-511
115000020,260,530,-270
115000021,414,568,-154
115000022,820,510,310
115000023,430,695,-265
115000024,1899,672,1227
115000025,1117,836,281
115000026,168,641,-473
115000027,228,430,-202
115000028,241,1200,-959
115000029,521,301,220
115000030,733,1379,-646
115000031,1199,643,556
115000032,11,335,-324
115000033,146,23,123
115000034,194,1449,-1255
115000035,1271,64,1207
115000036,0,552,-552
115000037,523,7,516
115000038,75,296,-221
115000039,4191,3027,1164
115000040,10384,5143,5241
115000041,1365,3922,-2557
115000042,858,1084,-226
115000043,3234,4184,-950
115000044,3659,6351,-2692
115000045,2403,3588,-1185
115000046,1812,4172,-2360
115000047,1727,3037,-1310
115000048,1594,4151,-2557
115000049,1980,4436,-2456
115000050,3960,2894,1066
115000051,3006,2979,27
115000052,4504,2939,1565
115000053,1728,1968,-240
115000054,997,2036,-1039
115000055,138,523,-385
115000056,158,361,-203
115000057,396,764,-368
115000058,118,176,-58
115000059,210,212,-2
115000061,243,134,109
115000062,263,501,-238
115000063,243,614,-371
115000064,212,289,-77
115000065,45,365,-320
115000067,415,47,368
115000069,90,411,-321
115000070,41,1169,-1128
115000071,128,13,115
115000072,11,92,-81
115000073,2240,80,2160
115000075,99,115,-16
115000076,5827,5606,221
115000077,1837,5964,-4127
115000078,1137,3018,-1881
115000079,1385,3827,-2442
115000080,2269,4373,-2104
115000081,560,1440,-880
115000082,3709,5096,-1387
115000083,2627,5186,-2559
115000084,1770,2228,-458
115000085,716,1492,-776
115000086,944,1711,-767
115000087,704,2246,-1542
115000088,2612,1027,1585
115000089,2180,2117,63
115000090,1074,1163,-89
115000091,596,1661,-1065
115000092,370,484,-114
115000093,519,1,518
115000094,15442,7176,8266
115000095,10438,6354,4084
115000096,705,3837,-3132
115000097,825,1015,-190
115000098,934,1312,-378
115000099,2414,7010,-4596
115000100,926,1026,-100
115000101,496,2283,-1787
115000102,516,259,257
115000103,505,1533,-1028
115000105,67,377,-310
115000106,407,399,8
115000107,211,876,-665
115000108,6417,3621,2796
115000109,9666,4338,5328
115000110,1762,1468,294
115000111,992,2388,-1396
115000112,846,1104,-258
115000113,890,1255,-365
115000114,2265,1336,929
115000116,6076,2424,3652
115000117,6747,3287,3460
115000118,2353,2235,118
115000119,2430,2765,-335
115000120,815,1385,-570
115000121,2130,1382,748
115000122,5360,2390,2970
115000123,2797,2487,310
115000124,916,1121,-205
115000125,645,762,-117
115000126,168,352,-184
115000127,485,238,247
115000128,1766,1144,622
115000129,385,258,127
115000130,366,1688,-1322
115000131,643,362,281
115000132,237,1004,-767
115000133,453,597,-144
115000134,412,333,79
115000135,465,415,50
115000136,150,307,-157
115000137,72,296,-224
115000138,231,382,-151
115000139,285,370,-85
115000140,217,234,-17
115000141,242,611,-369
115000142,174,516,-342
115000143,461,742,-281
115000144,371,158,213
115000145,170,694,-524
115000146,427,361,66
115000147,654,883,-229
115000148,354,2578,-2224
115000149,650,410,240
115000150,853,2265,-1412
115000151,991,690,301
115000152,787,2924,-2137
115000153,809,826,-17
115000154,778,502,276
115000155,736,2098,-1362
115000156,1640,931,709
115000157,1515,1567,-52
115000158,1102,559,543
115000159,1170,794,376
115000160,975,1183,-208
115000161,670,897,-227
115000162,1000,785,215
115000163,1161,773,388
115000164,950,710,240
115000165,489,475,14
115000167,195,102,93
115000168,702,360,342
115000169,982,427,555
115000170,176,209,-33
115000171,352,206,146
115000172,3427,798,2629
115000173,437,470,-33
115000174,117,298,-181
115000175,183,180,3
115000176,159,178,-19
115000177,230,216,14
115000178,22,436,-414
115000179,33,62,-29
115000180,82,1406,-1324
115000181,507,240,267
115000182,655,718,-63
115000183,260,1858,-1598
115000186,684,432,252
115000187,257,1232,-975
115000188,558,934,-376
115000189,283,575,-292
115000190,1475,819,656
115000191,473,630,-157
115000194,199,210,-11
115000195,388,438,-50
115000196,104,151,-47
115000197,189,697,-508
115000198,223,408,-185
115000199,244,554,-310
115000200,258,161,97
115000201,144,768,-624
115000206,317,216,101
115000207,93,673,-580
115000208,1071,1235,-164
115000209,698,280,418
115000210,172,159,13
115000211,319,422,-103
115000212,2214,432,1782
115000224,421,121,300
115000225,72,90,-18
115000229,409,259,150
115000230,92,1140,-1048
115000231,323,4534,-4211
115000232,1350,479,871
115000233,134,245,-111
115000234,39,429,-390
115000241,71,444,-373
115000242,111,594,-483
115000243,32,420,-388
115000244,7,134,-127
115000246,75,23,52
115000247,15,24,-9
115000248,23,29,-6
115000249,70,27,43
115000250,324,74,250
115000251,165,248,-83
115000252,91,265,-174
115000253,22,424,-402
115000258,288,337,-49
115000259,490,223,267
115000261,19,16,3
115000262,22,27,-5
115000263,11,61,-50
115000264,25,51,-26
115000267,84,158,-74
115000268,52,220,-168
115000269,125,120,5
115000270,22,40,-18
115000272,66,302,-236
115000273,373,38,335
115000280,3248,191,3057
115000281,981,369,612
115000282,2530,656,1874
115000284,357,149,208
115000296,779,9,770
115000297,367,120,247
115000298,154,260,-106
115000300,199,292,-93
115000302,345,379,-34
115000303,650,301,349
115000304,589,137,452
115000305,98,2012,-1914
115000306,173,1054,-881
115000307,84,463,-379
115000308,78,35,43
115000309,14,29,-15
115000310,974,1726,-752
115000311,712,2500,-1788
115000313,163,1344,-1181
115000314,380,138,242
115000315,1508,416,1092
115000316,46,85,-39
115000317,170,1213,-1043
115000318,741,392,349
115000319,80,465,-385
115000320,14,310,-296
115000321,643,42,601
115000322,59,426,-367
115000449,665,285,380
115000557,138,879,-741
115000558,238,100,138
115000587,419,574,-155
115000588,2965,5941,-2976
115000589,3318,3771,-453
115000590,933,2751,-1818
115000591,1103,1146,-43
115000592,825,2812,-1987
115000593,1335,979,356
115000594,1079,2563,-1484
115000609,73,174,-101
115000617,3500,2987,513
115000624,220,123,97
115000633,600,2623,-2023
115000634,4023,1289,2734
115000635,475,156,319
115000638,2175,1053,1122
115000641,104,148,-44
115000642,507,384,123
115000643,130,939,-809
115000644,219,572,-353
115000646,1011,1640,-629
115000647,225,836,-611
115000648,1364,2806,-1442
115000893,4035,1968,2067
115000894,100,1564,-1464
115000895,340,1110,-770
115000896,1294,433,861
115000897,732,180,552
115000898,1279,361,918
115000899,1233,1480,-247
115000900,250,558,-308
115000901,107,173,-66
115000912,319,150,169
115000913,2,88,-86
115000915,75,0,75
115000916,3,0,3
115000917,0,9,-9
115000918,135,643,-508
115000919,19,22,-3
115000920,46,76,-30
115000921,2648,221,2427
115000922,1274,809,465
115000923,503,998,-495
115000925,86,103,-17
115000927,38,40,-2
115000933,251,164,87
115000934,139,373,-234
115000935,98,209,-111
115900001,45,147,-102
115900002,99,344,-245
115900003,170,182,-12
115900004,1,113,-112
115900005,154,17,137
115900006,144,789,-645
115900008,70,14,56
115900009,87,653,-566
115900010,168,455,-287
115900011,398,424,-26
115900012,99,106,-7
115900013,452,330,122
115900014,115,289,-174
115900015,54,200,-146
115900016,82,62,20
115900017,4,3,1
115900018,222,116,106
115900019,2810,64,2746
115900020,17,0,17
115900021,2299,157,2142
115900022,2188,22,2166
115900023,13,3,10
115900025,90,306,-216
115900026,1183,545,638
115900027,2,677,-675
115900028,987,111,876
115900029,29,799,-770
115900030,64,69,-5
115900031,436,338,98
115900032,441,1386,-945
115900033,0,65,-65
115900034,38,916,-878
115900035,15,87,-72
115900036,252,544,-292
115900037,64,788,-724
115900038,27,23,4
115900039,174,548,-374
115900041,542,498,44
115900042,30,14,16
115900043,87,230,-143
115900044,433,265,168
115900046,231,435,-204
115900047,116,111,5
115900049,144,431,-287
115900051,3,59,-56
115900052,11,319,-308
115900053,216,493,-277
115900054,172,87,85
115900055,13,168,-155
115900056,214,651,-437
115900057,60,9,51
115900058,23,83,-60
115900060,74,285,-211
115900061,137,0,137
115900062,49,509,-460
115900063,26,12,14
115900064,220,325,-105
115900065,117,209,-92
115900066,285,274,11
115900067,15,1535,-1520
115900068,5230,525,4705
115900069,52,263,-211
115900070,180,447,-267
115900071,2,1193,-1191
115900072,74,376,-302
115900073,76,62,14
115900074,2,594,-592
115900075,15,547,-532
115900076,1,156,-155
115900077,4,531,-527
115900078,51,187,-136
115900079,157,42,115
115900080,847,506,341
115900081,14,113,-99
115900082,212,210,2
115900084,277,40,237
115900085,58,55,3
115900086,3026,784,2242
115900088,16,72,-56
115900089,276,1178,-902
115900090,237,40,197
115900091,17,35,-18
115900092,44,372,-328
115900093,4,31,-27
115900094,7,689,-682
115900096,6,24,-18
115900097,7,715,-708
115900098,121,1039,-918
115900099,128,149,-21
115900100,18,1139,-1121
115900101,180,758,-578
115900102,67,133,-66
115900103,314,464,-150
115900104,47,251,-204
115900105,157,1320,-1163
115900106,44,43,1
115900107,81,353,-272
115900108,71,66,5
115900109,61,703,-642
115900110,4,29,-25
115900111,3,111,-108
115900112,53,2083,-2030
115900113,38,39,-1
115900114,6,228,-222
115900115,72,259,-187
115900116,93,2005,-1912
115900117,46,37,9
115900118,3,529,-526
115900119,132,142,-10
115900120,37,887,-850
115900121,154,444,-290
115900124,278,597,-319
115900125,291,50,241
115900126,581,84,497
115900127,610,59,551
115900128,7,84,-77
115900129,681,50,631
115900130,35,227,-192
115900131,238,35,203
115900132,372,12,360
115900134,275,14,261
115900135,726,1079,-353
115900137,37,1,36
115900139,65,87,-22
115900140,147,57,90
115900141,6,40,-34
115900142,7,30,-23
115900143,210,559,-349
115900144,75,422,-347
115900146,17,245,-228
115900147,296,261,35
115900148,39,8,31
115900149,59,48,11
115900150,72,93,-21
115900151,12,129,-117
115900152,132,687,-555
115900153,138,429,-291
115900154,1390,477,913
115900155,0,179,-179
115900156,628,1184,-556
115900157,131,611,-480
115900158,58,16,42
115900159,104,460,-356
115900160,24,13,11
115900161,98,424,-326
115900163,158,249,-91
115900164,426,67,359
115900165,1,125,-124
115900166,211,570,-359
115900168,89,250,-161
115900171,98,848,-750
115900172,55,206,-151
115900173,216,204,12
115900174,620,259,361
115900175,89,272,-183
115900178,12,1233,-1221
115900179,194,36,158
115900180,47,608,-561
115900181,183,360,-177
115900182,333,420,-87
115900183,108,29,79
115900184,2346,22,2324
115900187,8,145,-137
115900189,0,253,-253
115900190,663,1503,-840
115900191,94,852,-758
115900192,15,101,-86
115900193,144,132,12
115900194,490,69,421
115900195,893,1493,-600
115900198,362,440,-78
115900199,179,456,-277
115900200,302,615,-313
115900201,374,380,-6
115900202,2,13,-11
115900203,7,3,4
115900204,0,9,-9
115900205,70,5,65
115900206,94,229,-135
115900207,32,41,-9
115900208,100,624,-524
115900209,3,246,-243
115900210,6,211,-205
115900211,1,418,-417
115900212,95,391,-296
115900213,132,71,61
115900214,325,471,-146
115900215,30,77,-47
115900216,8,146,-138
115900217,4,90,-86
115900218,1,69,-68
115900219,88,23,65
115900220,99,9,90
115900221,54,40,14
115900222,24,20,4
115900223,11,200,-189
115900224,2570,667,1903
115900225,86,45,41
115900226,9,89,-80
115900227,6,85,-79
115900228,6,88,-82
115900229,12,109,-97
115900230,77,205,-128
115900231,96,9,87
115900232,35,4,31
115900233,87,11,76
115900234,57,40,17
115900235,25,32,-7
115900236,100,27,73
115900237,17,60,-43
115900238,26,18,8
115900239,25,46,-21
115900240,6,90,-84
115900241,145,157,-12
115900242,314,363,-49
115900243,20,3,17
115900244,16,27,-11
115900245,36,22,14
115900246,7,5,2
115900247,15,10,5
115900248,8,4,4
115900249,6,21,-15
115900250,11,21,-10
115900251,1,8,-7
115900252,0,3,-3
115900253,5,19,-14
115900254,21,15,6
115900255,4,19,-15
115900256,9,16,-7
115900257,1,4,-3
115900258,0,0,0
115900259,7,2,5
115900260,16,0,16
115900261,1,1,0
115900262,1,1,0
115900263,7,5,2
115900264,8,6,2
115900265,2,7,-5
115900266,2,8,-6
115900267,7,21,-14
115900268,11,7,4
115900269,319,650,-331
115900270,412,1353,-941
115900271,70,1,69
115900272,26,1,25
115900273,12,18,-6
115900274,7,40,-33
115900275,0,63,-63
115900276,0,97,-97
115900277,1,166,-165
115900278,15,217,-202
115900279,8,257,-249
115900280,22,331,-309
115900281,504,115,389
116000001,22633,7310,15323
116000002,5509,10017,-4508
116000003,1922,2590,-668
116000004,2955,2939,16
116000005,4291,5258,-967
116000006,3042,1756,1286
116000007,5331,7134,-1803
116000008,4652,2445,2207
116000009,2525,3975,-1450
116000010,1859,1668,191
116000011,1243,2894,-1651
116000012,927,1008,-81
116000013,27334,7130,20204
116000014,29021,12698,16323
116000015,867,1399,-532
116000016,13646,3904,9742
116000017,54,746,-692
116000018,1097,802,295
116000019,968,430,538
116000020,654,2262,-1608
116000021,428,412,16
116000022,340,872,-532
116000023,1225,875,350
116000024,789,2181,-1392
116000025,906,806,100
116000026,1837,3591,-1754
116000027,938,854,84
116000028,514,867,-353
116000029,1288,837,451
116000030,713,566,147
116000031,234,309,-75
116000032,427,396,31
116000033,468,804,-336
116000034,810,1251,-441
116000035,459,836,-377
116000036,2776,907,1869
116000037,957,956,1
116000038,970,590,380
116000039,817,349,468
116000040,1870,353,1517
116000041,371,645,-274
116000042,636,329,307
116000043,98,667,-569
116000044,41,119,-78
116000045,2352,1819,533
116000046,2232,1814,418
116000047,2971,2885,86
116000048,2911,2165,746
116000049,1265,2857,-1592
116000050,1777,1986,-209
116000051,4784,2725,2059
116000052,4889,5615,-726
116000053,2032,1410,622
116000054,1109,3418,-2309
116000055,646,1838,-1192
116000056,709,1577,-868
116000057,4875,2700,2175
116000058,5070,2936,2134
116000059,4259,6203,-1944
116000060,3653,1295,2358
116000061,464,926,-462
116000062,1093,356,737
116000063,754,1432,-678
116000066,257,679,-422
116000067,269,871,-602
116000068,265,298,-33
116000069,369,588,-219
116000078,387,1678,-1291
116000080,1819,1495,324
116000082,15,234,-219
116000083,1244,520,724
116000084,3690,5831,-2141
116000085,2143,1696,447
116000086,3967,1843,2124
116000087,1379,1718,-339
116000088,1412,2521,-1109
116000089,165,193,-28
116000090,173,252,-79
116000091,327,153,174
116000093,740,3256,-2516
116000094,545,1079,-534
116000095,577,2206,-1629
116000096,785,1607,-822
116000097,774,1746,-972
116000098,240,5971,-5731
116000099,20526,830,19696
116000100,150,8,142
116000101,584,2777,-2193
116000102,253,2672,-2419
116000103,461,538,-77
116000104,223,3146,-2923
116000105,1053,304,749
116000106,499,2252,-1753
116000107,2206,767,1439
116000108,367,300,67
116000111,131,21,110
116000113,77,94,-17
116000114,27,221,-194
116000115,243,97,146
116000116,263,912,-649
116000117,1340,3288,-1948
116000118,1358,2645,-1287
116000119,2727,2588,139
116000120,3450,7691,-4241
116000121,693,733,-40
116000122,1671,4113,-2442
116000123,743,717,26
116000124,484,1998,-1514
116000125,2427,986,1441
116000126,455,2314,-1859
116000127,1511,2681,-1170
116000128,1593,1265,328
116000129,1056,243,813
116000130,444,436,8
116000133,618,1733,-1115
116000134,1931,5421,-3490
116000135,1752,2104,-352
116000136,1117,4015,-2898
116000137,778,1014,-236
116000138,1376,728,648
116000139,2113,3203,-1090
116000140,168,363,-195
116000141,550,2036,-1486
116000142,6163,5865,298
116000143,2207,2165,42
116000144,1569,4962,-3393
116000145,1914,2556,-642
116000146,314,714,-400
116000147,407,223,184
116000148,544,581,-37
116000149,452,850,-398
116000151,784,1559,-775
116000153,117,800,-683
116000155,315,334,-19
116000156,721,3651,-2930
116000157,56,68,-12
116000158,531,457,74
116000159,9,22,-13
116000160,27,278,-251
116000161,20,235,-215
116000162,99,110,-11
116000163,30,16,14
116000164,18,32,-14
116000177,392,202,190
116000194,120,752,-632
116000195,2286,912,1374
116000196,7,13,-6
116000197,9,13,-4
116000198,2974,1487,1487
116000200,1305,353,952
116000201,882,865,17
116000202,11,533,-522
116000203,2,141,-139
116000204,11,71,-60
116000205,0,220,-220
116000206,1,113,-112
116000207,0,59,-59
116000233,207,1478,-1271
116000287,141,962,-821
116000288,176,477,-301
116000292,68,334,-266
116000296,14,422,-408
116000297,69,14,55
116000304,71,22,49
116000305,33,218,-185
116000346,235,342,-107
116000352,104,92,12
116000354,93,27,66
116000357,11,15,-4
116000358,202,47,155
116000361,194,1,193
116000372,15594,4126,11468
116000381,76,0,76
116000388,0,68,-68
116000389,649,857,-208
116000445,354,993,-639
116000446,474,2080,-1606
116000447,15,614,-599
116000448,805,503,302
116000563,1416,1108,308
116000565,185,673,-488
116000568,100,320,-220
116000579,39,205,-166
116000584,28,16,12
116000585,27,23,4
116000586,385,239,146
116000587,659,954,-295
116000589,32,128,-96
116000590,73,132,-59
116000591,163,522,-359
116000592,19,245,-226
116000593,1,82,-81
116000594,515,985,-470
116000595,794,309,485
116000596,89,8,81
116000597,196,80,116
116000598,11,368,-357
116000602,56,491,-435
116000605,462,383,79
116000606,61,196,-135
116000607,15,144,-129
116000609,382,941,-559
116000611,135,776,-641
116000612,637,2603,-1966
116000613,523,588,-65
116000614,639,1383,-744
116000615,1,236,-235
116000616,92,317,-225
116000617,69,189,-120
116000618,3,334,-331
116000619,58,70,-12
116000620,101,78,23
116000621,44,146,-102
116000622,39,189,-150
116000624,110,109,1
116000627,11,51,-40
116000628,25,1401,-1376
116000629,7,1382,-1375
116000630,171,88,83
116000631,42,76,-34
116000632,306,874,-568
116000633,55,1560,-1505
116000634,307,23,284
116000635,2459,1729,730
116900001,233,194,39
116900002,437,7,430
116900003,14,114,-100
116900004,62,69,-7
116900005,221,107,114
116900006,371,215,156
116900007,141,286,-145
116900008,328,780,-452
116900009,31,6,25
116900010,11,3250,-3239
116900011,23,74,-51
116900012,179,344,-165
116900013,9,447,-438
116900014,74,472,-398
116900015,312,154,158
116900016,128,2,126
116900017,4,1391,-1387
116900018,90,68,22
116900019,19,883,-864
116900020,2743,647,2096
116900023,83,20,63
116900024,379,130,249
116900025,856,1856,-1000
116900026,286,1545,-1259
116900027,28,83,-55
116900028,6,318,-312
116900029,1,36,-35
116900031,0,18,-18
116900032,4,741,-737
116900033,12,12,0
116900034,22,135,-113
116900035,130,464,-334
116900036,7,161,-154
116900038,50,1,49
116900041,56,24,32
116900042,1469,358,1111
116900043,13,189,-176
116900045,276,37,239
116900047,216,97,119
116900049,82,614,-532
116900050,103,949,-846
116900051,77,588,-511
116900052,212,118,94
116900055,1,10,-9
116900057,14,603,-589
116900058,33,904,-871
116900059,10,455,-445
116900060,320,445,-125
116900062,1,11,-10
116900064,74,1955,-1881
116900065,10,269,-259
116900067,124,266,-142
116900068,144,475,-331
116900070,0,9,-9
116900072,25,853,-828
116900073,8,428,-420
116900074,9,116,-107
116900076,13,38,-25
116900077,49,531,-482
116900078,340,230,110
116900079,28,830,-802
116900080,19,51,-32
116900081,414,3134,-2720
116900082,337,1347,-1010
116900083,51,131,-80
116900084,310,76,234
116900085,23,215,-192
116900086,56,431,-375
116900088,702,100,602
116900090,149,111,38
116900091,180,82,98
116900092,87,1511,-1424
116900093,2113,2975,-862
116900094,9508,3708,5800
116900095,327,279,48
116900096,170,250,-80
116900097,8177,3169,5008
116900098,996,325,671
116900099,902,958,-56
116900100,773,28,745
116900101,362,1033,-671
116900103,1,3,-2
116900104,38,124,-86
116900105,354,101,253
116900106,1471,816,655
116900107,7932,2228,5704
116900110,5,0,5
116900111,296,2308,-2012
116900112,182,2398,-2216
116900113,5973,1300,4673
116900116,118,415,-297
116900117,49,160,-111
116900118,1461,907,554
116900120,203,246,-43
116900121,44,101,-57
116900122,663,1777,-1114
116900123,145,1909,-1764
116900124,199,2251,-2052
116900125,316,499,-183
116900126,568,927,-359
116900128,0,53,-53
116900129,2,563,-561
116900130,1826,2594,-768
116900131,134,262,-128
116900132,39,122,-83
116900133,84,143,-59
116900134,222,298,-76
116900136,158,237,-79
116900137,410,287,123
116900138,168,277,-109
116900139,123,558,-435
116900140,187,250,-63
116900141,642,471,171
116900142,1,55,-54
116900143,235,615,-380
116900144,33,56,-23
116900145,150,563,-413
116900147,974,411,563
116900148,4,24,-20
116900149,38,279,-241
116900150,27,14,13
116900151,50,34,16
116900153,107,99,8
116900154,602,534,68
116900155,89,70,19
116900157,495,546,-51
116900158,147,296,-149
116900159,37,370,-333
116900160,961,423,538
116900161,14998,6411,8587
116900162,13,218,-205
116900163,118,242,-124
116900164,88,59,29
116900165,194,160,34
116900166,23,177,-154
116900167,520,79,441
116900168,237,160,77
116900169,1061,335,726
116900170,250,540,-290
116900171,43,423,-380
116900172,304,219,85
116900173,142,106,36
116900174,23,23,0
116900175,297,185,112
116900178,21,367,-346
116900179,109,180,-71
116900180,93,65,28
116900182,448,306,142
116900183,142,135,7
116900185,20,34,-14
116900186,113,645,-532
116900187,43,29,14
116900188,150,48,102
116900189,60,0,60
116900191,387,751,-364
116900192,246,451,-205
116900194,93,928,-835
116900195,49,25,24
116900196,18,181,-163
116900197,97,5,92
116900198,377,200,177
116900200,17,48,-31
116900201,122,9,113
116900202,187,110,77
116900203,157,3,154
116900204,72,108,-36
116900206,1,32,-31
116900207,26,38,-12
116900208,20,225,-205
116900209,13,218,-205
116900210,427,345,82
116900211,297,25,272
116900212,24,129,-105
116900213,194,388,-194
116900214,133,207,-74
116900215,67,162,-95
116900216,438,509,-71
116900218,10,647,-637
116900219,1341,522,819
116900220,91,345,-254
116900221,77,357,-280
116900222,465,525,-60
116900223,131,369,-238
116900226,83,154,-71
116900227,174,147,27
116900228,289,441,-152
116900230,63,800,-737
116900231,39,953,-914
116900232,19,1056,-1037
116900233,317,155,162
116900234,25,20,5
116900235,193,589,-396
116900238,2162,641,1521
116900239,78,1113,-1035
116900240,12444,3855,8589
116900241,85,357,-272
116900242,620,411,209
116900243,29,235,-206
116900245,57,25,32
116900246,95,25,70
116900247,443,21,422
116900248,82,47,35
116900249,263,261,2
116900250,277,79,198
116900251,768,423,345
116900252,75,1880,-1805
116900253,116,177,-61
116900254,37,176,-139
116900255,125,64,61
116900256,229,155,74
116900257,16,1238,-1222
116900258,5,503,-498
116900259,134,12,122
116900260,3,217,-214
116900261,49,11,38
116900262,138,200,-62
116900263,0,12,-12
116900264,0,9,-9
116900265,13,3,10
116900266,13,128,-115
116900267,3,4,-1
116900268,35,23,12
116900269,372,889,-517
116900271,2773,123,2650
116900272,608,1098,-490
116900273,488,90,398
116900274,109,152,-43
116900275,150,296,-146
116900276,1765,75,1690
116900277,1267,27,1240
116900278,5,35,-30
116900279,0,25,-25
116900280,29,65,-36
116900281,14803,3994,10809
116900282,5,289,-284
116900283,20,328,-308
116900284,12,343,-331
116900285,593,326,267
116900286,315,14,301
116900287,5,125,-120
116900288,40,181,-141
116900289,4,52,-48
116900290,2,84,-82
116900291,7,8,-1
116900292,0,8,-8
116900293,20,101,-81
116900294,32,230,-198
116900295,221,56,165
116900296,81,110,-29
116900297,3,118,-115
116900298,180,50,130
116900299,100,64,36
116900300,2,220,-218
116900301,177,111,66
116900302,72,61,11
116900303,791,88,703
116900304,0,240,-240
116900305,55,78,-23
116900306,68,80,-12
117000001,2247,1919,328
117000002,2936,7846,-4910
117000003,10736,4063,6673
117000004,7055,9944,-2889
117000005,2085,2200,-115
117000006,1804,7404,-5600
117000007,3505,1502,2003
117000008,2058,9393,-7335
117000009,5372,2565,2807
117000010,4282,9331,-5049
117000011,2021,3202,-1181
117000012,1658,3167,-1509
117000013,1740,1858,-118
117000014,1411,4311,-2900
117000015,5979,1805,4174
117000016,980,44,936
117000017,752,369,383
117000018,256,516,-260
117000019,375,4,371
117000020,905,1670,-765
117000021,5149,693,4456
117000022,999,112,887
117000023,1277,199,1078
117000024,1128,160,968
117000025,2164,891,1273
117000026,6042,1071,4971
117000027,4649,3254,1395
117000028,6331,1570,4761
117000030,1162,1122,40
117000031,495,280,215
117000032,2709,2196,513
117000033,2689,2069,620
117000034,427,631,-204
117000035,388,295,93
117000036,591,652,-61
117000037,429,234,195
117000038,552,946,-394
117000039,499,433,66
117000040,198,2629,-2431
117000041,748,219,529
117000044,68,2539,-2471
117000045,460,73,387
117000046,825,1158,-333
117000047,943,658,285
117000048,3763,3198,565
117000049,246,1062,-816
117000050,169,4805,-4636
117000051,2267,235,2032
117000052,45,1087,-1042
117000053,347,155,192
117000054,1655,13,1642
117000055,25,7026,-7001
117000056,649,36,613
117000057,952,4087,-3135
117000060,553,2645,-2092
117000061,2080,1284,796
117000062,251,919,-668
117000063,2230,1151,1079
117000064,1305,1518,-213
117000066,2151,1582,569
117000067,277,526,-249
117000074,197,241,-44
117000076,152,86,66
117000077,194,201,-7
117000078,201,1290,-1089
117000079,368,330,38
117000080,1,588,-587
117000081,1213,175,1038
117000082,25,95,-70
117000083,132,13,119
117000084,596,4,592
117000085,324,939,-615
117000086,1621,1167,454
117000087,149,987,-838
117000088,338,369,-31
117000089,1757,505,1252
117000090,406,3010,-2604
117000091,761,422,339
117000092,479,3248,-2769
117000093,1272,1098,174
117000094,1521,5562,-4041
117000095,3215,1238,1977
117000096,912,5293,-4381
117000097,1198,1733,-535
117000098,4243,10433,-6190
117000099,3302,1394,1908
117000100,226,377,-151
117000101,306,2291,-1985
117000102,1756,927,829
117000103,1393,3631,-2238
117000104,1516,927,589
117000105,1441,3314,-1873
117000106,1591,1382,209
117000107,877,3798,-2921
117000108,1853,1536,317
117000109,3217,4891,-1674
117000110,1624,1288,336
117000111,5807,8420,-2613
117000112,3724,3659,65
117000113,179,692,-513
117000114,221,337,-116
117000115,153,431,-278
117000116,131,382,-251
117000117,2539,932,1607
117000118,575,210,365
117000119,735,123,612
117000120,696,369,327
117000121,332,1211,-879
117000122,1076,1828,-752
117000123,3555,40,3515
117000124,1497,92,1405
117000125,1009,110,899
117000126,121,64,57
117000127,355,784,-429
117000128,726,1301,-575
117000129,834,77,757
117000130,101,4,97
117000131,1,119,-118
117000132,2726,17,2709
117000133,1005,255,750
117000134,1,93,-92
117000135,4,41,-37
117000136,1,80,-79
117000137,51,60,-9
117000138,3,1030,-1027
117000140,859,3084,-2225
117000141,2353,955,1398
117000181,2481,920,1561
117000182,396,409,-13
117000195,349,2307,-1958
117000196,223,113,110
117000225,428,5,423
117000226,12,203,-191
117000276,229,16,213
117000277,2,1044,-1042
117000310,3837,4562,-725
117000315,68,1691,-1623
117000320,89,0,89
117000906,229,22,207
117000907,23,825,-802
117000908,208,17,191
117000909,75,57,18
117000910,218,237,-19
117000911,157,339,-182
117000915,20,1283,-1263
117000916,16,25,-9
117000917,1031,30,1001
117000918,43,115,-72
117000919,3,334,-331
117000920,15,3279,-3264
117000921,9,3212,-3203
117000922,64,232,-168
117000924,782,1070,-288
117000926,2008,142,1866
117000927,3530,966,2564
117000928,1,615,-614
117000929,184,1214,-1030
117000930,128,34,94
117000931,1052,174,878
117900002,331,687,-356
117900003,1243,752,491
117900005,4,57,-53
117900006,1,50,-49
117900007,252,320,-68
117900008,0,69,-69
117900010,476,226,250
117900011,60,33,27
117900012,99,382,-283
117900013,5,774,-769
117900014,629,392,237
117900015,41,336,-295
117900016,3067,887,2180
117900017,669,874,-205
117900018,451,55,396
117900019,429,945,-516
117900020,78,514,-436
117900021,58,201,-143
117900022,44,21,23
117900023,1147,436,711
117900024,126,230,-104
117900025,39,14,25
117900026,380,982,-602
117900028,99,4,95
117900029,341,2188,-1847
117900030,496,344,152
117900031,358,226,132
117900032,812,661,151
117900033,223,1566,-1343
117900034,73,77,-4
117900035,246,86,160
117900036,233,1127,-894
117900037,111,217,-106
117900038,90,753,-663
117900039,2,178,-176
117900040,193,1267,-1074
117900041,7,112,-105
117900042,8199,886,7313
117900043,70,125,-55
117900044,256,4611,-4355
117900045,247,209,38
117900048,165,431,-266
117900049,152,1340,-1188
117900050,27,61,-34
117900051,64,1,63
117900052,78,418,-340
117900053,1291,1085,206
117900054,2,29,-27
117900055,214,309,-95
117900056,582,63,519
117900057,1273,2045,-772
117900058,260,14,246
117900059,704,107,597
117900060,1606,9459,-7853
117900061,24,320,-296
117900063,366,406,-40
117900065,1022,2085,-1063
117900066,18,89,-71
117900067,464,514,-50
117900069,712,789,-77
117900070,527,8,519
117900071,113,264,-151
117900073,331,930,-599
117900074,350,5,345
117900075,120,140,-20
117900076,22,45,-23
117900077,237,263,-26
117900078,257,766,-509
117900080,307,89,218
117900081,751,886,-135
117900082,387,396,-9
117900083,370,1478,-1108
117900086,178,65,113
117900087,130,96,34
117900088,4021,4091,-70
117900089,1741,647,1094
117900090,558,1806,-1248
117900091,369,253,116
117900092,78,60,18
117900093,66,144,-78
117900094,59,25,34
117900095,383,1025,-642
117900096,72,388,-316
117900097,305,183,122
117900098,33,8,25
117900099,185,784,-599
117900100,158,2,156
117900101,584,1586,-1002
117900102,71,117,-46
117900103,34,2,32
117900104,14,283,-269
117900105,204,479,-275
117900106,100,110,-10
117900107,33,0,33
117900109,474,416,58
117900110,43,1,42
117900111,305,8,297
117900112,95,35,60
117900113,9205,2877,6328
117900114,15,2,13
117900115,443,92,351
117900116,1383,1694,-311
117900117,508,802,-294
117900118,19,1,18
117900119,142,524,-382
117900120,112,360,-248
117900121,58,44,14
117900122,2070,2721,-651
117900123,1441,1335,106
117900124,1010,1156,-146
117900125,1854,1620,234
117900126,375,1108,-733
117900127,638,1367,-729
117900128,376,1950,-1574
117900129,52,0,52
117900130,1482,777,705
117900131,0,215,-215
117900132,12,210,-198
117900133,12,252,-240
117900134,112,492,-380
117900135,33,417,-384
117900136,0,85,-85
117900137,60,550,-490
117900138,0,91,-91
117900139,57,282,-225
117900140,8952,709,8243
117900141,501,512,-11
117900142,179,16,163
117900144,135,173,-38
117900145,62,55,7
117900146,416,181,235
117900147,133,124,9
117900148,5629,1379,4250
117900149,62,361,-299
117900150,36,174,-138
117900151,62,270,-208
117900152,137,150,-13
117900153,35,192,-157
117900154,577,1423,-846
117900156,1379,1683,-304
117900157,107,709,-602
117900158,178,190,-12
117900160,738,627,111
117900161,4006,4660,-654
117900162,515,859,-344
117900163,248,23,225
117900165,0,15,-15
117900166,139,459,-320
117900168,38,245,-207
117900169,2,262,-260
117900170,4,90,-86
117900171,3,40,-37
117900172,20,93,-73
117900173,274,117,157
117900174,29,96,-67
117900175,10,106,-96
117900176,4,75,-71
117900177,19,120,-101
117900178,142,80,62
117900180,527,40,487
117900181,346,328,18
117900182,2,47,-45
117900183,32,211,-179
117900184,4,52,-48
117900185,17,52,-35
117900186,47,24,23
117900187,16,27,-11
117900188,271,42,229
117900189,91,22,69
117900190,16,2,14
117900191,106,1,105
117900192,221,2,219
117900193,1,115,-114
117900194,23,7,16
117900195,34,56,-22
117900196,13,38,-25
117900207,192,148,44
117900208,47,64,-17
117900209,173,240,-67
117900210,224,311,-87
117900211,19,366,-347
117900212,97,253,-156
117900213,17,14,3
117900214,1,79,-78
117900215,7,34,-27
117900216,103,49,54
117900217,182,238,-56
117900218,264,413,-149
117900219,8,95,-87
117900220,278,84,194
118000001,1135,747,388
118000002,1540,2708,-1168
118000003,2985,2068,917
118000004,3416,2314,1102
118000005,8300,5051,3249
118000006,10038,12380,-2342
118000007,10660,3505,7155
118000008,7239,4769,2470
118000009,3358,4352,-994
118000010,5073,5884,-811
118000011,1365,5055,-3690
118000012,1482,5425,-3943
118000013,5673,5208,465
118000014,2592,4955,-2363
118000016,307,542,-235
118000017,321,556,-235
118000018,455,751,-296
118000019,2893,1831,1062
118000020,2184,2628,-444
118000021,1114,3153,-2039
118000022,2774,949,1825
118000023,1405,423,982
118000024,2490,1228,1262
118000025,119,107,12
118000027,24659,12017,12642
118000029,1776,981,795
118000032,2008,3895,-1887
118000033,3843,4269,-426
118000034,7641,2851,4790
118000035,1945,2803,-858
118000036,1566,1257,309
118000037,888,1378,-490
118000038,191,177,14
118000039,106,644,-538
118000040,1802,2928,-1126
118000041,2713,2336,377
118000045,953,199,754
118000046,3322,739,2583
118000047,3049,725,2324
118000048,5404,1898,3506
118000051,3543,2723,820
118000052,3214,1176,2038
118000053,1740,2017,-277
118000054,4590,3911,679
118000055,4885,4347,538
118000056,564,613,-49
118000057,555,735,-180
118000058,5114,2230,2884
118000059,3958,1247,2711
118000060,1268,1242,26
118000061,1112,2501,-1389
118000062,625,528,97
118000063,432,846,-414
118000064,1300,1891,-591
118000065,6073,2839,3234
118000066,1419,1767,-348
118000067,1445,972,473
118000068,2715,5565,-2850
118000069,4567,1797,2770
118000070,10479,2721,7758
118000071,5072,8759,-3687
118000072,3323,1175,2148
118000073,3420,688,2732
118000074,803,832,-29
118000075,1379,444,935
118000076,1925,1847,78
118000077,1820,1669,151
118000078,2628,2171,457
118000079,401,574,-173
118000080,1545,1358,187
118000081,2272,1166,1106
118000082,484,1210,-726
118000083,3461,1764,1697
118000084,3500,2083,1417
118000086,303,602,-299
118000087,10062,3797,6265
118000088,2314,2560,-246
118000089,6157,3731,2426
118000090,3199,3886,-687
118000091,2873,2987,-114
118000092,1945,656,1289
118000093,165,1039,-874
118000096,683,730,-47
118000097,904,902,2
118000098,319,328,-9
118000099,492,1304,-812
118000101,1255,524,731
118000102,420,1963,-1543
118000107,6362,814,5548
118000108,1097,2298,-1201
118000110,3,39,-36
118000111,6,1015,-1009
118000112,293,10,283
118000113,16,1978,-1962
118000114,372,10,362
118000115,13,16,-3
118000116,70,0,70
118000117,1687,1615,72
118000118,1234,773,461
118000119,1019,1555,-536
118000120,2226,2547,-321
118000121,90,803,-713
118000122,1888,362,1526
118000123,74,398,-324
118000125,2881,1997,884
118000126,1123,1634,-511
118000127,2847,822,2025
118000128,1092,1907,-815
118000129,1485,451,1034
118000130,4436,6966,-2530
118000131,1075,1615,-540
118000132,2423,1714,709
118000133,890,613,277
118000135,701,533,168
118000136,90,848,-758
118000137,1162,149,1013
118000138,343,1542,-1199
118000139,302,194,108
118000140,3430,5071,-1641
118000141,2154,2709,-555
118000142,1654,2979,-1325
118000143,1833,1409,424
118000144,2386,1549,837
118000145,1685,3768,-2083
118000146,1405,1842,-437
118000147,946,2532,-1586
118000148,450,2176,-1726
118000149,820,1957,-1137
118000150,471,403,68
118000151,355,642,-287
118000153,1113,1913,-800
118000154,1061,2812,-1751
118000155,1048,2103,-1055
118000156,4155,3890,265
118000157,667,556,111
118000158,195,635,-440
118000159,24,90,-66
118000160,597,652,-55
118000161,511,1257,-746
118000162,1231,1346,-115
118000163,738,1138,-400
118000164,3774,2151,1623
118000168,2739,509,2230
118000169,1317,2441,-1124
118000170,4980,10122,-5142
118000171,268,1046,-778
118000172,187,467,-280
118000173,1129,1999,-870
118000175,274,512,-238
118000176,297,607,-310
118000177,252,813,-561
118000178,274,82,192
118000179,2355,1413,942
118000180,1136,1206,-70
118000181,1114,482,632
118000182,326,391,-65
118000183,278,388,-110
118000184,640,1620,-980
118000185,1551,1328,223
118000186,884,1237,-353
118000187,1487,1142,345
118000188,742,411,331
118000189,468,1603,-1135
118000190,14,26,-12
118000191,31,107,-76
118000192,395,377,18
118000193,326,554,-228
118000194,3103,1429,1674
118000195,1285,912,373
118000196,864,159,705
118000197,378,150,228
118000198,837,684,153
118000199,1481,587,894
118000200,141,556,-415
118000201,663,689,-26
118000202,49,92,-43
118000203,1652,561,1091
118000204,187,377,-190
118000205,335,431,-96
118000206,294,314,-20
118000207,4,285,-281
118000208,1205,2131,-926
118000209,2239,2889,-650
118000210,45,49,-4
118000211,19,30,-11
118000213,1510,2296,-786
118000214,872,593,279
118000215,400,482,-82
118000216,2827,5419,-2592
118000217,34,182,-148
118000218,75,171,-96
118000219,548,630,-82
118000220,3,43,-40
118000221,117,351,-234
118000222,73,38,35
118000223,36,62,-26
118000224,426,119,307
118000225,129,1638,-1509
118000226,1163,256,907
118000227,1292,495,797
118000228,258,239,19
118000229,398,67,331
118000230,180,521,-341
118000231,106,488,-382
118000232,879,1637,-758
118000233,922,1369,-447
118000234,331,461,-130
118000236,487,837,-350
118000237,90,945,-855
118000238,186,570,-384
118000239,240,583,-343
118000240,1085,181,904
118000241,130,588,-458
118000242,388,1159,-771
118000243,209,372,-163
118000244,49,251,-202
118000246,0,19,-19
118000255,33,368,-335
118000256,145,348,-203
118000259,16,103,-87
118000260,148,209,-61
118000261,50,216,-166
118000263,113,423,-310
118000266,83,698,-615
118000267,1,138,-137
118000268,693,32,661
118000270,54,53,1
118000271,183,475,-292
118000272,85,40,45
118000273,156,115,41
118000274,118,565,-447
118000276,360,684,-324
118000295,11,138,-127
118000298,166,644,-478
118000299,67,271,-204
118000301,0,137,-137
118000302,85,169,-84
118000311,342,168,174
118000312,217,265,-48
118000313,60,387,-327
118000314,98,134,-36
118000315,48,159,-111
118000316,615,936,-321
118000325,61,172,-111
118000326,52,60,-8
118000331,37,128,-91
118000332,21,101,-80
118000333,44,123,-79
118000335,163,1,162
118000336,1,620,-619
118000407,122,103,19
118000457,28,22,6
118000465,4862,4681,181
118000480,31,266,-235
118000489,138,319,-181
118000490,148,786,-638
118000492,174,322,-148
118000510,126,24,102
118000514,251,568,-317
118000515,873,645,228
118000517,729,269,460
118000524,1015,363,652
118000525,1074,1304,-230
118000530,26,163,-137
118000531,242,439,-197
118000532,257,440,-183
118000533,438,259,179
118000534,706,686,20
118000535,261,195,66
118000536,1434,1747,-313
118000537,39,183,-144
118000538,27,245,-218
118000539,131,292,-161
118000540,411,532,-121
118000541,240,174,66
118000542,147,248,-101
118000543,391,344,47
118000546,29,45,-16
118000560,5101,1663,3438
118000562,38,690,-652
118000563,2925,1784,1141
118000576,141,309,-168
118000577,199,138,61
118000578,144,154,-10
118000579,1121,1485,-364
118000595,137,105,32
118000596,0,116,-116
118000597,91,171,-80
118000598,15,0,15
118000599,19,46,-27
118000600,0,61,-61
118000601,5,1,4
118000602,0,47,-47
118000603,0,40,-40
118900001,2091,1520,571
118900002,1690,973,717
118900003,234,41,193
118900004,41,103,-62
118900005,42,12,30
118900006,81,10,71
118900007,16,7,9
118900008,1844,61,1783
118900009,40,36,4
118900010,41,4,37
118900011,225,60,165
118900012,501,342,159
118900013,894,87,807
118900015,246,71,175
118900016,7,41,-34
118900017,259,351,-92
118900018,1949,22,1927
118900019,49,20,29
118900020,185,157,28
118900021,183,633,-450
118900022,191,107,84
118900023,186,165,21
118900024,112,300,-188
118900025,86,38,48
118900026,81,132,-51
118900027,723,369,354
118900028,143,296,-153
118900029,187,722,-535
118900030,248,148,100
118900031,170,215,-45
118900032,171,277,-106
118900033,520,1168,-648
118900034,126,14,112
118900035,168,404,-236
118900036,1006,1406,-400
118900037,537,462,75
118900038,390,516,-126
118900039,534,410,124
118900040,177,304,-127
118900041,482,335,147
118900042,178,157,21
118900045,330,231,99
118900046,1117,275,842
118900047,1281,300,981
118900048,368,225,143
118900049,86,41,45
118900050,13,242,-229
118900051,67,85,-18
118900052,443,381,62
118900053,43,127,-84
118900054,138,146,-8
118900055,33,188,-155
118900056,33,354,-321
118900057,628,453,175
118900058,387,601,-214
118900059,20,123,-103
118900060,70,213,-143
118900062,228,350,-122
118900064,963,735,228
118900065,60,264,-204
118900066,114,188,-74
118900067,8458,3025,5433
118900068,3,424,-421
118900069,396,402,-6
118900071,7,95,-88
118900072,446,570,-124
118900073,72,181,-109
118900074,127,256,-129
118900075,83,171,-88
118900076,314,95,219
118900077,228,295,-67
118900078,42,10,32
118900079,61,303,-242
118900080,19,141,-122
118900081,80,33,47
118900082,690,229,461
118900083,24,25,-1
118900084,17,35,-18
118900085,716,1349,-633
118900086,38,85,-47
118900087,43,277,-234
118900088,1,25,-24
118900089,23,16,7
118900090,561,742,-181
118900091,278,198,80
118900092,94,135,-41
118900093,140,13,127
118900096,59,13,46
118900097,252,1224,-972
118900099,55,654,-599
118900100,188,377,-189
118900101,99,1194,-1095
118900102,26,126,-100
118900103,62,129,-67
118900104,196,334,-138
118900105,253,166,87
118900107,370,171,199
118900108,77,169,-92
118900109,96,38,58
118900110,2711,866,1845
118900111,462,1144,-682
118900112,68,186,-118
118900113,102,1304,-1202
118900114,19,154,-135
118900115,128,622,-494
118900116,142,296,-154
118900117,93,237,-144
118900118,266,764,-498
118900119,107,400,-293
118900120,105,425,-320
118900121,15,470,-455
118900122,15,904,-889
118900123,194,376,-182
118900124,92,256,-164
118900126,28,398,-370
118900129,372,250,122
118900130,21,182,-161
118900131,118,496,-378
118900132,471,257,214
118900133,26,138,-112
118900135,221,388,-167
118900136,234,1267,-1033
118900137,7,41,-34
118900139,159,1258,-1099
118900140,477,1293,-816
118900141,66,518,-452
118900144,185,901,-716
118900145,47,317,-270
118900146,302,1398,-1096
118900147,180,100,80
118900148,40,114,-74
118900150,151,712,-561
118900152,573,1478,-905
118900157,118,277,-159
118900158,68,160,-92
118900159,4,466,-462
118900161,171,6,165
118900163,465,157,308
118900164,15,188,-173
118900165,46,544,-498
118900166,69,7,62
118900167,76,291,-215
118900168,11,110,-99
118900169,163,764,-601
118900170,107,232,-125
118900171,9,52,-43
118900174,49,119,-70
118900175,360,669,-309
118900176,174,297,-123
118900177,66,88,-22
118900178,73,180,-107
118900179,4,62,-58
118900181,75,202,-127
118900182,153,90,63
118900183,10,134,-124
118900184,249,110,139
118900185,91,217,-126
118900186,94,114,-20
118900187,233,552,-319
118900188,292,462,-170
118900189,38,806,-768
118900190,26,1309,-1283
118900191,158,87,71
118900192,213,59,154
118900193,341,18,323
118900195,533,1934,-1401
118900196,29,306,-277
118900197,145,160,-15
118900198,6,65,-59
118900199,29,77,-48
118900200,6,11,-5
118900201,11,17,-6
118900202,10,75,-65
118900203,9,94,-85
118900204,24,58,-34
118900205,11,21,-10
118900206,1,59,-58
119000001,1552,2430,-878
119000002,3336,5954,-2618
119000003,2235,2692,-457
119000004,2238,2482,-244
119000005,2541,2927,-386
119000006,2366,2238,128
119000007,3690,4366,-676
119000008,2203,3390,-1187
119000009,4282,4057,225
119000010,11463,5466,5997
119000011,8682,3585,5097
119000012,6416,4804,1612
119000013,2790,1785,1005
119000014,3445,5205,-1760
119000019,317,347,-30
119000020,1433,2156,-723
119000021,3793,2849,944
119000022,6195,2647,3548
119000023,322,404,-82
119000024,3003,10188,-7185
119000025,20509,1964,18545
119000026,341,391,-50
119000027,866,569,297
119000028,3387,2177,1210
119000029,229,499,-270
119000030,618,2181,-1563
119000031,888,969,-81
119000032,3505,4428,-923
119000033,2901,3448,-547
119000034,1180,1614,-434
119000035,52,733,-681
119000036,1328,1907,-579
119000037,1149,3636,-2487
119000038,165,2052,-1887
119000039,291,479,-188
119000040,1866,810,1056
119000041,1726,1782,-56
119000048,5354,6224,-870
119000049,1549,5614,-4065
119000050,2128,4181,-2053
119000051,2563,1559,1004
119000052,3388,5108,-1720
119000053,2126,1944,182
119000054,3268,6936,-3668
119000055,3303,5809,-2506
119000056,2146,3344,-1198
119000057,1819,4758,-2939
119000058,2453,3872,-1419
119000059,1390,3180,-1790
119000060,1416,1361,55
119000061,1179,1549,-370
119000062,1269,1967,-698
119000063,432,488,-56
119000064,2015,2548,-533
119000065,2810,5561,-2751
119000066,2479,1363,1116
119000067,2456,4901,-2445
119000068,1496,1525,-29
119000069,1811,5632,-3821
119000070,2150,1643,507
119000071,819,1807,-988
119000072,12113,6764,5349
119000073,9166,8655,511
119000074,1262,6914,-5652
119000075,1331,3654,-2323
119000076,826,1582,-756
119000077,1332,1038,294
119000078,595,515,80
119000079,152,1286,-1134
119000080,283,550,-267
119000081,475,805,-330
119000082,1129,462,667
119000083,499,524,-25
119000084,423,1148,-725
119000085,1035,518,517
119000086,296,627,-331
119000087,2434,1728,706
119000088,279,258,21
119000089,42,275,-233
119000090,201,312,-111
119000091,149,555,-406
119000092,989,332,657
119000093,6707,6089,618
119000094,2431,8618,-6187
119000095,1716,5736,-4020
119000097,3436,2752,684
119000098,752,2318,-1566
119000099,3326,3554,-228
119000100,3307,3093,214
119000101,5010,3681,1329
119000102,990,1224,-234
119000103,2095,814,1281
119000104,5689,2794,2895
119000105,996,1859,-863
119000106,329,3630,-3301
119000107,666,804,-138
119000108,388,2304,-1916
119000109,221,607,-386
119000110,930,762,168
119000111,103,1008,-905
119000112,284,217,67
119000113,4255,473,3782
119000114,1302,1074,228
119000115,211,241,-30
119000116,147,176,-29
119000117,156,549,-393
119000118,1,5,-4
119000123,5436,1291,4145
119000124,592,447,145
119000125,2692,1887,805
119000126,380,1682,-1302
119000127,514,1724,-1210
119000128,56,7,49
119000131,1022,1845,-823
119000132,4,7,-3
119000133,4,36,-32
119000134,4350,762,3588
119000135,156,256,-100
119000136,147,522,-375
119000137,189,935,-746
119000138,293,854,-561
119000139,288,482,-194
119000140,165,509,-344
119000284,1844,4660,-2816
119000285,3237,3762,-525
119000286,9992,8180,1812
119000287,1910,3592,-1682
119000288,2345,2837,-492
119000289,3457,6793,-3336
119000290,286,1154,-868
119000291,11,777,-766
119000293,118,341,-223
119000294,50,43,7
119000295,4034,921,3113
119000296,144,190,-46
119000302,5752,2213,3539
119000303,34,381,-347
119000314,1911,9971,-8060
119000315,3,1227,-1224
119000316,55,240,-185
119000317,49,845,-796
119900001,273,1248,-975
119900002,146,373,-227
119900003,77,2108,-2031
119900004,555,733,-178
119900005,152,243,-91
119900006,284,531,-247
119900007,963,156,807
119900008,112,44,68
119900009,619,870,-251
119900010,2621,1989,632
119900011,28,79,-51
119900012,34,85,-51
119900013,2228,1159,1069
119900014,910,423,487
119900015,75,46,29
119900016,74,169,-95
119900017,31,95,-64
119900018,2551,674,1877
119900019,42,10,32
119900020,179,246,-67
119900021,183,137,46
119900022,254,496,-242
119900023,1362,1038,324
119900025,114,37,77
119900026,1522,184,1338
119900027,27,36,-9
119900028,185,89,96
119900029,2,9,-7
119900030,657,773,-116
119900031,53,361,-308
119900033,3016,305,2711
119900034,276,268,8
119900037,134,60,74
119900038,62,305,-243
119900039,53,6,47
119900040,103,12,91
119900041,115,94,21
119900042,122,320,-198
119900043,101,316,-215
119900044,316,600,-284
119900046,78,123,-45
119900047,288,58,230
119900048,23,99,-76
119900049,85,8,77
119900050,113,121,-8
119900051,518,15,503
119900052,38,91,-53
119900053,158,385,-227
119900054,109,9,100
119900055,1111,512,599
119900057,156,149,7
119900058,190,2,188
119900059,279,72,207
119900060,195,19,176
119900061,7,0,7
119900062,53,51,2
119900063,15,73,-58
119900064,430,71,359
119900065,203,0,203
119900066,0,0,0
119900067,46,44,2
119900068,376,2,374
119900069,81,36,45
119900070,922,103,819
119900071,509,21,488
119900072,11,14,-3
119900073,3142,776,2366
119900074,53,49,4
119900075,9847,3177,6670
119900076,347,775,-428
119900077,678,2484,-1806
119900078,439,1475,-1036
119900079,208,578,-370
119900080,1256,1952,-696
119900081,68,116,-48
119900082,954,350,604
119900083,464,122,342
119900084,1088,477,611
119900085,287,156,131
119900086,118,315,-197
119900087,735,488,247
119900088,95,91,4
119900089,47,1231,-1184
119900090,304,99,205
119900091,92,2385,-2293
119900092,53,809,-756
119900093,1465,246,1219
119900094,92,340,-248
119900095,225,182,43
119900096,86,142,-56
119900097,1036,346,690
119900098,45,108,-63
119900099,52,529,-477
119900100,4869,3423,1446
119900101,307,1975,-1668
119900102,33,569,-536
119900103,46,1032,-986
119900104,43,456,-413
119900105,1469,3035,-1566
119900106,25,430,-405
119900107,641,7567,-6926
119900108,4254,1312,2942
119900109,35,611,-576
119900110,700,1301,-601
119900111,96,621,-525
119900112,5644,950,4694
119900113,103,771,-668
119900114,277,3228,-2951
119900115,240,2324,-2084
119900116,215,660,-445
119900117,307,1549,-1242
119900118,50,2337,-2287
119900119,235,453,-218
119900120,919,1260,-341
119900121,346,2724,-2378
119900122,598,641,-43
119900123,295,524,-229
119900124,220,2066,-1846
119900125,83,656,-573
119900126,9445,449,8996
119900127,4909,1755,3154
119900128,438,1619,-1181
119900129,253,1880,-1627
119900130,71,513,-442
119900131,44,571,-527
119900132,2,829,-827
119900133,57,66,-9
119900134,4037,437,3600
119900135,4,1150,-1146
119900136,208,990,-782
119900138,650,1227,-577
119900139,47,151,-104
119900140,4,300,-296
119900141,248,774,-526
119900142,44,53,-9
119900143,19,389,-370
119900144,3700,413,3287
119900145,96,431,-335
119900146,228,251,-23
119900147,5,272,-267
119900148,137,98,39
119900149,3121,4181,-1060
119900150,253,396,-143
119900151,2734,1393,1341
119900152,121,909,-788
119900153,139,122,17
119900154,16,642,-626
119900155,17,72,-55
119900156,10,4,6
119900157,78,515,-437
119900158,182,113,69
119900159,6,3169,-3163
119900160,35,407,-372
119900161,231,631,-400
119900162,858,1269,-411
119900163,195,275,-80
119900164,2,2,0
119900165,113,524,-411
119900166,119,52,67
119900167,241,275,-34
119900168,640,688,-48
119900169,217,450,-233
119900170,239,251,-12
119900171,1067,937,130
119900172,211,48,163
119900173,16,931,-915
119900174,24,486,-462
119900175,983,1045,-62
119900177,33,322,-289
119900178,18,405,-387
119900179,77,340,-263
119900180,1062,1091,-29
119900181,83,93,-10
119900182,5,1216,-1211
119900183,180,1468,-1288
119900184,6191,1121,5070
119900185,60,172,-112
119900186,173,675,-502
119900187,25,1146,-1121
119900188,99,497,-398
119900189,613,414,199
119900190,58,246,-188
119900191,313,233,80
119900192,47,330,-283
119900193,296,329,-33
119900194,22,66,-44
119900195,44,500,-456
119900196,3046,801,2245
119900197,134,188,-54
119900198,144,732,-588
119900199,195,32,163
119900200,590,888,-298
119900201,615,427,188
119900202,292,204,88
119900203,192,520,-328
119900204,288,604,-316
119900205,478,1075,-597
119900206,102,211,-109
119900208,236,222,14
119900209,515,1221,-706
119900210,37,66,-29
119900211,150,25,125
119900212,216,727,-511
119900213,11,75,-64
119900214,20,132,-112
119900215,32,131,-99
119900216,21,177,-156
119900217,10,107,-97
119900218,27,153,-126
119900219,18,246,-228
119900220,6,260,-254
119900221,42,734,-692
119900222,11,447,-436
119900223,35,197,-162
119900224,22,76,-54
119900225,2080,83,1997
119900226,1525,2344,-819
119900227,2228,730,1498
119900228,126,568,-442
119900229,432,877,-445
119900230,2402,1018,1384
119900231,142,295,-153
119900232,241,128,113
119900233,42,5,37
119900234,35,112,-77
119900235,40,54,-14
119900236,24,488,-464
119900237,80,1373,-1293
119900238,5,187,-182
119900240,87,215,-128
119900241,263,433,-170
119900242,3406,2605,801
119900244,1442,2363,-921
119900245,159,254,-95
119900246,410,568,-158
119900247,23,118,-95
119900248,74,116,-42
119900249,211,82,129
119900253,8261,685,7576
119900254,91,437,-346
119900255,102,1009,-907
119900256,413,2313,-1900
119900257,62,2,60
119900258,102,19,83
119900259,8,335,-327
119900260,111,7,104
119900261,327,387,-60
119900262,1,527,-526
119900263,1397,681,716
119900264,77,472,-395
119900265,400,879,-479
119900266,244,533,-289
119900267,340,723,-383
119900268,170,392,-222
119900269,994,2886,-1892
119900271,54,171,-117
119900272,239,149,90
119900275,185,35,150
119900276,59,1,58
119900277,128,87,41
119900278,472,98,374
119900279,180,277,-97
119900280,1677,356,1321
119900281,0,183,-183
119900282,64,56,8
119900283,10,698,-688
119900284,63,396,-333
119900285,26,92,-66
119900286,29,34,-5
119900288,3,33,-30
119900289,0,66,-66
119900290,2,74,-72
119900291,1,82,-81
119900292,12,37,-25
119900293,12,135,-123
119900294,13,141,-128
119900295,8,61,-53
119900296,42,592,-550
119900297,6,43,-37
119900298,30,26,4
119900299,62,499,-437
119900300,228,435,-207
119900301,123,64,59
119900302,115,155,-40
119900303,167,398,-231
119900304,137,38,99
119900305,25,159,-134
119900306,26,2,24
119900307,66,337,-271
119900308,12,27,-15
119900309,48,106,-58
119900310,410,627,-217
119900311,72,305,-233
119900312,77,182,-105
119900313,293,697,-404
119900314,171,443,-272
119900315,1257,5454,-4197
119900318,16,29,-13
119900319,15,606,-591
119900320,190,1315,-1125
119900321,58,5,53
120000001,13725,16079,-2354
120000002,2903,5220,-2317
120000003,4588,3137,1451
120000004,3549,3737,-188
120000005,6484,3310,3174
120000006,1497,2054,-557
120000007,5176,3597,1579
120000008,1385,2289,-904
120000009,7951,1331,6620
120000010,2263,4846,-2583
120000011,1835,3853,-2018
120000012,1981,5615,-3634
120000013,3177,4838,-1661
120000014,857,2829,-1972
120000015,3564,2494,1070
120000016,4206,4660,-454
120000017,3389,3633,-244
120000018,8599,12791,-4192
120000019,1102,1812,-710
120000020,4543,4282,261
120000021,2739,3134,-395
120000022,4004,5137,-1133
120000023,957,2703,-1746
120000024,1854,3589,-1735
120000025,2848,3439,-591
120000026,1143,2758,-1615
120000027,1740,2698,-958
120000028,1494,1017,477
120000029,8328,1182,7146
120000030,484,1430,-946
120000031,2356,14929,-12573
120000032,17280,5693,11587
120000033,5185,3307,1878
120000034,2103,4024,-1921
120000035,2607,4852,-2245
120000036,3694,7657,-3963
120000037,844,1985,-1141
120000038,18299,5585,12714
120000039,596,1556,-960
120000040,164,315,-151
120000041,1098,3353,-2255
120000042,2155,7168,-5013
120000043,5735,5507,228
120000044,4526,2163,2363
120000045,4602,1510,3092
120000046,2350,3014,-664
120000047,3979,4982,-1003
120000048,14208,5987,8221
120000049,4388,4818,-430
120000050,4320,8894,-4574
120000051,5809,7774,-1965
120000052,24733,4473,20260
120000053,1378,7314,-5936
120000054,1779,11930,-10151
120000055,1996,10067,-8071
120000056,4043,10172,-6129
120000057,2449,1462,987
120000058,1280,464,816
120000059,123,1580,-1457
120000061,160,1139,-979
120000062,251,611,-360
120000063,2771,5401,-2630
120000064,302,3093,-2791
120000065,897,3830,-2933
120000066,257,865,-608
120000067,79,1100,-1021
120000068,251,2327,-2076
120000069,886,3146,-2260
120000070,104,1910,-1806
120000071,251,397,-146
120000072,465,840,-375
120000073,557,197,360
120000074,113,138,-25
120000075,720,401,319
120000076,1758,683,1075
120000077,1643,867,776
120000078,3827,1453,2374
120000079,186,128,58
120000080,53,228,-175
120000081,180,148,32
120000082,171,169,2
120000083,61,459,-398
120000084,630,800,-170
120000085,360,515,-155
120000086,353,1056,-703
120000087,223,2027,-1804
120000088,963,2618,-1655
120000089,1456,1282,174
120000090,612,953,-341
120000091,927,1844,-917
120000092,1410,935,475
120000093,409,878,-469
120000094,154,855,-701
120000095,1232,1240,-8
120000096,310,2025,-1715
120000098,1134,1890,-756
120000099,452,1179,-727
120000100,1016,1484,-468
120000101,546,812,-266
120000102,435,845,-410
120000103,1168,791,377
120000104,1706,505,1201
120000105,2337,596,1741
120000106,1828,605,1223
120000107,3089,750,2339
120000108,841,145,696
120000109,1041,118,923
120000110,145,2044,-1899
120000111,169,2525,-2356
120000112,1148,8196,-7048
120000113,806,5913,-5107
120000114,1177,6284,-5107
120000115,486,4900,-4414
120000116,911,4020,-3109
120000117,2381,2922,-541
120000118,51,47,4
120000119,65,140,-75
120000120,137,88,49
120000121,45,107,-62
120000122,513,480,33
120000123,11516,5210,6306
120000124,445,851,-406
120000125,540,1188,-648
120000126,438,1282,-844
120000127,3073,1479,1594
120000128,5678,4406,1272
120000129,462,526,-64
120000130,1101,1453,-352
120000131,318,779,-461
120000134,593,2847,-2254
120000135,351,535,-184
120000137,213,4421,-4208
120000138,580,896,-316
120000139,251,2215,-1964
120000140,560,1195,-635
120000141,320,1061,-741
120000142,368,1067,-699
120000143,1,200,-199
120000144,91,2,89
120000145,287,3,284
120000146,3738,1303,2435
120000149,772,1696,-924
120000150,8370,13065,-4695
120000151,432,1083,-651
120000152,386,616,-230
120000153,286,2030,-1744
120000154,567,769,-202
120000155,150,419,-269
120000156,2931,1001,1930
120000157,1210,1223,-13
120000158,939,2126,-1187
120000159,2346,3958,-1612
120000160,2850,2051,799
120000161,1758,4141,-2383
120000162,137,385,-248
120000163,583,2988,-2405
120000164,471,1002,-531
120000165,425,1955,-1530
120000166,1008,1118,-110
120000167,64,185,-121
120000168,33,580,-547
120000169,110,1005,-895
120000170,182,548,-366
120000171,43,177,-134
120000172,30,59,-29
120000173,4810,442,4368
120000174,920,14,906
120000175,931,16,915
120000176,635,52,583
120000177,3244,326,2918
120000178,293,19,274
120000179,658,48,610
120000180,1212,184,1028
120000181,226,686,-460
120000182,127,277,-150
120000183,32,375,-343
120000184,208,1519,-1311
120000186,84,123,-39
120000187,131,75,56
120000188,584,141,443
120000190,2389,32,2357
120000191,3398,76,3322
120000192,3844,36,3808
120000193,1429,6,1423
120000195,299,5,294
120000196,533,131,402
120000197,171,331,-160
120000198,228,261,-33
120000199,118,6,112
120000200,75,1,74
120000201,21,21,0
120000202,2,131,-129
120000203,48,576,-528
120000207,3,195,-192
120000208,8,537,-529
120000209,4,147,-143
120000210,266,256,10
120000211,82,2,80
120000212,95,1,94
120000213,82,599,-517
120000214,3,657,-654
120000215,11,247,-236
120000216,54,10,44
120000217,1470,2583,-1113
120000218,315,1964,-1649
120000219,27,1381,-1354
120000220,22,4936,-4914
120000225,917,0,917
120000226,204,6,198
120000227,707,44,663
120000228,12538,3914,8624
120000230,280,16,264
120000231,1256,4759,-3503
120000233,178,51,127
120000235,146,1426,-1280
120000236,792,5,787
120000237,11,4204,-4193
120000238,6,539,-533
120000241,1574,5998,-4424
120000412,3050,45,3005
120000413,182,839,-657
120000414,93,4,89
120000415,4,355,-351
120000416,89,6,83
120000417,5,180,-175
120000418,128,28,100
120000419,19,1065,-1046
120000420,119,79,40
120000421,24980,9198,15782
120000422,377,703,-326
120000423,4,72,-68
120000424,90,270,-180
120000436,157,568,-411
120000437,282,269,13
120000438,8345,527,7818
120000439,216,443,-227
120000443,148,5,143
120000444,1074,1506,-432
120000445,2291,2101,190
120000446,1859,457,1402
120000447,150,5,145
120000449,81,19,62
120000450,8,720,-712
120000451,182,527,-345
120000452,116,0,116
120000453,2,804,-802
120000454,129,57,72
120000455,154,80,74
120000456,5238,4948,290
120000457,3206,1493,1713
120000458,850,1402,-552
120000459,75,135,-60
120000665,2205,233,1972
120000668,156,534,-378
120000669,67,730,-663
120000670,357,725,-368
120000671,1291,356,935
120000672,108,769,-661
120900001,83,49,34
120900002,761,598,163
120900003,209,48,161
120900004,17,175,-158
120900005,4,2999,-2995
120900006,257,230,27
120900007,163,365,-202
120900008,203,2252,-2049
120900009,266,25,241
120900010,353,123,230
120900011,646,233,413
120900012,2163,1338,825
120900013,318,80,238
120900014,10,1523,-1513
120900015,463,111,352
120900016,669,66,603
120900017,5526,148,5378
120900018,96,991,-895
120900019,723,255,468
120900020,1370,1257,113
120900021,631,184,447
120900022,33,893,-860
120900023,224,61,163
120900024,2112,699,1413
120900025,3046,1706,1340
120900026,202,482,-280
120900027,1206,135,1071
120900028,317,69,248
120900029,181,359,-178
120900030,1018,815,203
120900031,204,114,90
120900032,736,278,458
120900033,1055,104,951
120900034,31,3248,-3217
120900035,101,583,-482
120900037,218,20,198
120900038,71,248,-177
120900039,101,40,61
120900040,219,1,218
120900041,328,70,258
120900042,364,127,237
120900043,62,35,27
120900044,16,827,-811
120900045,199,417,-218
120900046,338,6,332
120900047,149,61,88
120900048,73,18,55
120900049,325,3,322
120900050,7019,1775,5244
120900051,265,217,48
120900052,518,7,511
120900053,209,209,0
120900054,2061,1654,407
120900055,272,1,271
120900056,436,25,411
120900057,102,24,78
120900058,367,1,366
120900059,82,4,78
120900060,56,68,-12
120900061,325,986,-661
120900062,157,4,153
120900063,463,14,449
120900064,390,20,370
120900065,369,40,329
120900066,256,753,-497
120900067,235,38,197
120900068,228,0,228
120900069,164,120,44
120900071,31,6,25
120900072,605,7,598
120900073,307,380,-73
120900074,519,13,506
120900076,323,2,321
120900077,7892,541,7351
120900078,672,1373,-701
120900079,532,178,354
120900080,431,4078,-3647
120900081,960,2120,-1160
120900082,1070,513,557
120900083,64,6,58
120900084,231,418,-187
120900085,188,209,-21
120900086,322,314,8
120900087,399,210,189
120900088,299,431,-132
120900089,8311,2331,5980
120900090,145,382,-237
120900091,560,609,-49
120900092,1681,1260,421
120900093,6736,466,6270
120900094,696,460,236
120900095,486,51,435
120900096,49,301,-252
120900097,839,1800,-961
120900098,402,288,114
120900099,96,132,-36
120900100,109,638,-529
120900101,899,488,411
120900102,34,227,-193
120900103,39,271,-232
120900104,35,102,-67
120900105,69,1328,-1259
120900106,1963,1072,891
120900107,462,259,203
120900108,10,1624,-1614
120900109,49,1290,-1241
120900110,16,1467,-1451
120900111,182,708,-526
120900112,19,2765,-2746
120900113,22,1845,-1823
120900114,45,309,-264
120900115,202,302,-100
120900116,213,1337,-1124
120900117,4,1109,-1105
120900118,10,1708,-1698
120900119,4990,7984,-2994
120900120,63,1374,-1311
120900121,203,935,-732
120900122,319,1405,-1086
120900123,12,1065,-1053
120900124,5,1348,-1343
120900125,5,2695,-2690
120900126,2222,1683,539
120900127,11,1067,-1056
120900128,1339,1982,-643
120900129,77,660,-583
120900130,13,831,-818
120900131,38,160,-122
120900132,763,894,-131
120900133,282,2306,-2024
120900134,795,827,-32
120900135,4,1164,-1160
120900136,28,89,-61
120900137,181,234,-53
120900138,20,414,-394
120900139,8,1576,-1568
120900140,7,116,-109
120900141,171,300,-129
120900142,31,1970,-1939
120900143,6,1828,-1822
120900144,4,504,-500
120900145,124,1651,-1527
120900146,5,2098,-2093
120900147,3,630,-627
120900148,122,264,-142
120900149,1,793,-792
120900150,49,1291,-1242
120900151,16,1301,-1285
120900152,3,93,-90
120900153,24,110,-86
120900154,4,710,-706
120900155,132,2233,-2101
120900156,18,416,-398
120900157,40,370,-330
120900158,52,1041,-989
120900159,39,395,-356
120900160,34,606,-572
120900161,23,1077,-1054
120900162,36,1092,-1056
120900163,35,344,-309
120900164,1,4,-3
120900165,0,7,-7
120900166,117,377,-260
120900167,647,186,461
120900169,92,1271,-1179
120900170,5234,2387,2847
120900171,2153,654,1499
120900172,2791,414,2377
120900173,2,134,-132
120900174,13,286,-273
120900175,359,524,-165
120900176,14,389,-375
120900177,4,926,-922
120900178,1,441,-440
120900179,1423,863,560
120900180,205,155,50
120900181,146,111,35
120900182,25,1069,-1044
120900183,509,212,297
120900184,186,181,5
120900185,9,744,-735
120900186,4,967,-963
120900187,492,1587,-1095
120900188,169,25,144
120900189,333,756,-423
120900190,36,40,-4
120900191,2,42,-40
120900192,23546,4673,18873
120900194,23,131,-108
120900195,145,428,-283
120900196,1046,39,1007
120900197,566,128,438
120900198,327,1209,-882
120900199,536,3042,-2506
120900200,166,269,-103
120900201,1002,303,699
120900202,3,442,-439
120900203,37,102,-65
120900204,234,656,-422
120900205,81,234,-153
120900206,11,50,-39
121000001,1258,1837,-579
121000002,3721,2423,1298
121000003,6323,3170,3153
121000004,4007,6961,-2954
121000005,2914,4206,-1292
121000006,4645,2195,2450
121000007,4363,4412,-49
121000008,9185,4580,4605
121000009,9262,9870,-608
121000010,13851,8674,5177
121000011,14248,24465,-10217
121000012,22899,16813,6086
121000013,7893,13083,-5190
121000014,9833,10732,-899
121000015,8414,10169,-1755
121000016,7254,6577,677
121000017,2976,5570,-2594
121000018,3060,2910,150
121000019,32372,15121,17251
121000020,20295,16445,3850
121000021,4747,5656,-909
121000022,2614,3164,-550
121000023,5966,5285,681
121000024,4723,6281,-1558
121000025,976,1960,-984
121000026,390,208,182
121000027,2049,1591,458
121000028,1068,803,265
121000029,1293,1301,-8
121000030,719,685,34
121000031,867,1064,-197
121000032,230,136,94
121000034,448,305,143
121000035,249,98,151
121000036,1722,1231,491
121000037,907,910,-3
121000038,956,1073,-117
121000039,595,496,99
121000041,537,774,-237
121000042,312,499,-187
121000043,1151,1033,118
121000044,2305,986,1319
121000045,713,653,60
121000046,681,1498,-817
121000047,79,115,-36
121000049,2614,868,1746
121000050,359,1561,-1202
121000051,934,485,449
121000052,425,1049,-624
121000053,575,118,457
121000054,64,326,-262
121000055,2015,2125,-110
121000056,1095,1455,-360
121000057,219,538,-319
121000058,557,180,377
121000059,3228,1647,1581
121000060,478,1293,-815
121000061,214,288,-74
121000062,188,449,-261
121000063,817,788,29
121000064,579,617,-38
121000065,709,691,18
121000066,493,498,-5
121000067,1340,747,593
121000068,705,494,211
121000069,943,1106,-163
121000070,2346,2106,240
121000071,1491,1574,-83
121000072,1938,1309,629
121000073,1509,1208,301
121000074,225,204,21
121000075,134,622,-488
121000076,1930,820,1110
121000077,185,272,-87
121000078,145,163,-18
121000080,3978,1008,2970
121000081,6543,3833,2710
121000082,160,273,-113
121000083,312,160,152
121000084,228,140,88
121000085,372,614,-242
121000086,211,1183,-972
121000087,105,447,-342
121000088,510,1276,-766
121000089,737,488,249
121000090,645,560,85
121000091,2476,1520,956
121000092,244,169,75
121000093,221,376,-155
121000094,686,956,-270
121000095,447,697,-250
121000096,2957,5074,-2117
121000097,1805,3276,-1471
121000098,602,2286,-1684
121000099,460,1525,-1065
121000100,924,959,-35
121000101,287,457,-170
121000102,258,634,-376
121000103,199,493,-294
121000104,265,300,-35
121000105,474,421,53
121000106,296,705,-409
121000107,3371,5551,-2180
121000109,2227,1717,510
121000110,440,920,-480
121000114,3957,3161,796
121000115,1348,1230,118
121000116,564,1561,-997
121000117,1216,431,785
121000118,1629,445,1184
121000119,354,624,-270
121000120,296,706,-410
121000121,673,1534,-861
121000123,2196,1018,1178
121000126,156,561,-405
121000127,259,194,65
121000128,1078,794,284
121000129,756,818,-62
121000130,580,1918,-1338
121000131,3401,2335,1066
121000132,2321,2500,-179
121000135,742,968,-226
121000136,1816,879,937
121000137,655,362,293
121000138,1338,961,377
121000139,735,222,513
121000141,332,195,137
121000142,1048,1083,-35
121000143,200,31,169
121000144,1903,1790,113
121000145,675,2217,-1542
121000146,1566,1463,103
121000147,1229,888,341
121000148,1217,1680,-463
121000149,2713,1773,940
121000152,602,975,-373
121000153,2702,1104,1598
121000154,1294,1263,31
121000155,2264,1717,547
121000156,478,1751,-1273
121000157,2207,3553,-1346
121000158,425,1223,-798
121000159,203,1045,-842
121000160,427,1158,-731
121000161,165,575,-410
121000162,84,417,-333
121000165,2940,2364,576
121000166,39,866,-827
121000168,437,468,-31
121000169,63,288,-225
121000170,439,174,265
121000171,113,308,-195
121000172,808,797,11
121000173,1825,1180,645
121000174,269,545,-276
121000175,890,688,202
121000176,456,315,141
121000177,1512,1052,460
121000178,189,96,93
121000179,199,97,102
121000181,465,569,-104
121000182,195,208,-13
121000183,89,147,-58
121000184,157,181,-24
121000185,57,253,-196
121000186,179,769,-590
121000187,207,427,-220
121000188,96,397,-301
121000192,914,655,259
121000193,713,622,91
121000194,3922,3286,636
121000195,533,1610,-1077
121000196,1196,394,802
121000197,364,1361,-997
121000198,465,124,341
121000199,168,805,-637
121000200,510,147,363
121000201,9,452,-443
121000202,1432,175,1257
121000203,874,4188,-3314
121000204,2623,1136,1487
121000205,202,665,-463
121000206,191,69,122
121000207,1929,862,1067
121000208,7,737,-730
121000209,256,654,-398
121000210,375,1215,-840
121000211,332,235,97
121000212,404,1654,-1250
121000213,15852,4343,11509
121000214,1298,3225,-1927
121000215,1983,1914,69
121000216,619,837,-218
121000217,6302,4003,2299
121000218,737,2800,-2063
121000219,2358,707,1651
121000220,428,95,333
121000221,227,361,-134
121000222,3995,3806,189
121000223,639,392,247
121000224,352,211,141
121000225,2649,1475,1174
121000226,6045,1134,4911
121000227,10,350,-340
121000228,25,1322,-1297
121000229,265,750,-485
121000230,75,3177,-3102
121000231,892,67,825
121000232,530,330,200
121000233,567,484,83
121000234,33,55,-22
121000235,122,70,52
121000236,8,87,-79
121000237,68,24,44
121000238,17,160,-143
121000239,73,11,62
121000240,22,375,-353
121000241,95,12,83
121000242,58,251,-193
121000243,468,100,368
121000244,10,70,-60
121000245,101,15,86
121000246,0,100,-100
121000247,106,6,100
121000248,1215,923,292
121000249,155,334,-179
121000250,726,120,606
121000251,38,957,-919
121000252,88,56,32
121000253,208,787,-579
121000254,507,477,30
121000255,262,267,-5
121000256,422,230,192
121000257,102,88,14
121000258,180,67,113
121000259,74,55,19
121000260,167,332,-165
121000261,102,63,39
121000262,1337,1224,113
121000263,591,688,-97
121000271,405,2907,-2502
121000273,194,12,182
121000274,24,51,-27
121000275,5,30,-25
121000276,4,14,-10
121000278,39,83,-44
121000279,68,35,33
121000280,62,77,-15
121000289,363,34,329
121000290,2094,959,1135
121000294,117,314,-197
121000297,1442,1532,-90
121000299,285,427,-142
121000300,1220,950,270
121000302,296,2101,-1805
121000303,946,1165,-219
121000304,594,126,468
121000305,183,71,112
121000306,158,166,-8
121000308,216,661,-445
121000309,615,960,-345
121000310,190,588,-398
121000311,109,1436,-1327
121000312,569,387,182
121000313,750,832,-82
121000314,243,184,59
121000315,89,198,-109
121000530,1286,2408,-1122
121000531,1619,2321,-702
121000532,8569,7768,801
121000533,3411,4257,-846
121000918,88,261,-173
121000919,58,85,-27
121000938,960,1566,-606
121000939,1401,1286,115
121000956,949,3075,-2126
121000957,13,12,1
121000958,322,108,214
121000959,751,1528,-777
121000960,1962,3976,-2014
121000961,215,159,56
121000962,459,1246,-787
121000973,4,503,-499
121000976,16,245,-229
121000979,541,171,370
121000981,341,255,86
121000982,298,463,-165
121000983,715,761,-46
121000984,44,72,-28
121000985,632,1671,-1039
121000986,205,770,-565
121000987,437,3058,-2621
121000988,646,178,468
121001302,421,188,233
121001308,5,11,-6
121001309,165,108,57
121001313,206,398,-192
121001314,4633,5910,-1277
121001315,5999,2962,3037
121900001,92,222,-130
121900002,75,31,44
121900003,379,18,361
121900004,176,705,-529
121900005,14,8,6
121900006,115,21,94
121900007,3943,2759,1184
121900008,1670,1008,662
121900009,852,22,830
121900010,269,2,267
121900011,313,756,-443
121900012,7,0,7
121900013,1450,89,1361
121900014,1954,511,1443
121900015,201,344,-143
121900016,9,41,-32
121900017,447,849,-402
121900018,322,12,310
121900019,420,443,-23
121900020,32,0,32
121900021,786,13,773
121900022,198,246,-48
121900023,131,754,-623
121900024,506,127,379
121900025,548,626,-78
121900026,503,72,431
121900027,413,198,215
121900028,350,14,336
121900029,199,376,-177
121900030,585,716,-131
121900031,1990,7824,-5834
121900032,81,139,-58
121900033,216,264,-48
121900034,375,105,270
121900035,4099,2687,1412
121900036,122,782,-660
121900037,173,1017,-844
121900038,27,242,-215
121900039,438,65,373
121900040,60,117,-57
121900041,118,302,-184
121900042,361,203,158
121900043,14,7,7
121900044,329,102,227
121900046,275,401,-126
121900047,227,75,152
121900048,40,275,-235
121900050,28,84,-56
121900051,185,243,-58
121900052,169,53,116
121900053,453,406,47
121900054,609,1165,-556
121900055,0,17,-17
121900058,284,393,-109
121900059,329,157,172
121900060,171,558,-387
121900061,227,232,-5
121900062,172,157,15
121900063,1222,459,763
121900064,269,1166,-897
121900066,53,32,21
121900067,53,75,-22
121900069,236,254,-18
121900070,325,191,134
121900071,223,343,-120
121900072,46,248,-202
121900073,291,253,38
121900074,1112,913,199
121900075,1155,464,691
121900076,499,936,-437
121900077,22,98,-76
121900078,102,77,25
121900079,0,0,0
121900080,1142,736,406
121900082,29,183,-154
121900084,5,317,-312
121900085,4,24,-20
121900086,22,87,-65
121900087,188,140,48
121900088,3077,4620,-1543
121900089,132,571,-439
121900090,14,155,-141
121900091,44,188,-144
121900092,122,157,-35
121900093,67,121,-54
121900094,28,16,12
121900095,247,136,111
121900096,1718,956,762
121900097,441,182,259
121900098,8,8,0
121900099,264,117,147
121900100,308,448,-140
121900101,185,144,41
121900102,21,147,-126
121900103,729,347,382
121900104,1672,505,1167
121900105,191,178,13
121900106,9,12,-3
121900107,37,56,-19
121900108,4,47,-43
121900109,445,220,225
121900110,399,1814,-1415
121900111,1246,159,1087
121900112,117,178,-61
121900113,114,446,-332
121900114,72,157,-85
121900115,126,576,-450
121900117,288,48,240
121900118,3176,592,2584
121900119,161,190,-29
121900120,50,2064,-2014
121900121,795,102,693
121900122,41,78,-37
121900123,293,657,-364
121900124,105,311,-206
121900125,2053,1807,246
121900127,39,128,-89
121900128,94,227,-133
121900129,1064,268,796
121900130,148,370,-222
121900131,272,123,149
121900132,82,172,-90
121900133,117,700,-583
121900134,32,200,-168
121900135,3384,421,2963
121900136,403,671,-268
121900137,69,417,-348
121900138,181,472,-291
121900139,465,694,-229
121900140,129,276,-147
121900141,54,62,-8
121900142,79,214,-135
121900143,9,190,-181
121900144,195,405,-210
121900145,345,326,19
121900146,699,1089,-390
121900147,55,251,-196
121900148,188,419,-231
121900149,490,929,-439
121900150,80,214,-134
121900151,92,298,-206
121900152,65,189,-124
121900153,137,817,-680
121900154,15,271,-256
121900155,4,253,-249
121900156,185,156,29
121900157,2,627,-625
121900158,109,117,-8
121900159,1,264,-263
121900160,93,277,-184
121900161,497,578,-81
121900162,122,186,-64
121900163,176,1147,-971
121900164,470,351,119
121900165,277,313,-36
121900166,180,263,-83
121900167,196,154,42
121900168,241,193,48
121900169,5,485,-480
121900170,7,280,-273
121900171,665,981,-316
121900172,494,388,106
121900173,1414,336,1078
121900174,40,57,-17
121900175,197,183,14
121900176,844,2828,-1984
121900177,250,94,156
121900178,29,87,-58
121900179,298,197,101
121900180,7952,4102,3850
121900182,1326,497,829
121900183,605,862,-257
121900184,52,753,-701
121900186,29,633,-604
121900187,44,214,-170
121900188,780,661,119
121900189,48,162,-114
121900190,243,681,-438
121900191,101,284,-183
121900192,456,993,-537
121900193,38,266,-228
121900194,11,296,-285
121900195,167,180,-13
121900196,1211,1383,-172
121900197,462,3226,-2764
121900198,1511,1903,-392
121900199,2,69,-67
121900200,82,362,-280
121900201,1776,768,1008
121900202,148,539,-391
121900203,402,1651,-1249
121900204,1491,1237,254
121900205,21,132,-111
121900206,22,27,-5
121900207,229,73,156
121900208,380,479,-99
121900209,74,34,40
121900210,1796,2007,-211
121900211,11,103,-92
121900212,216,213,3
121900213,134,124,10
121900214,12,899,-887
121900215,58,74,-16
121900216,41,140,-99
121900217,296,132,164
121900218,400,805,-405
121900220,254,14,240
121900221,368,840,-472
121900222,213,250,-37
121900223,289,101,188
121900224,134,111,23
121900225,162,90,72
121900226,409,932,-523
121900227,183,602,-419
121900228,188,368,-180
121900229,257,340,-83
121900230,147,507,-360
121900231,510,3132,-2622
121900232,308,570,-262
121900233,441,339,102
121900234,389,586,-197
121900235,548,348,200
121900236,352,227,125
121900237,270,374,-104
121900238,175,298,-123
121900239,145,69,76
121900240,265,162,103
121900241,38,69,-31
121900242,12,1,11
121900243,10,1,9
121900244,24,13,11
121900245,238,231,7
121900246,2824,749,2075
121900247,361,394,-33
121900248,2202,1457,745
121900250,357,406,-49
121900251,431,66,365
121900252,720,207,513
121900253,151,1239,-1088
121900254,688,439,249
121900255,269,153,116
121900258,4350,2505,1845
121900259,451,670,-219
121900260,145,291,-146
121900261,157,692,-535
121900262,535,1263,-728
121900263,157,423,-266
121900264,3089,2149,940
121900265,232,473,-241
121900266,259,235,24
121900267,78,41,37
121900269,302,597,-295
121900270,23,275,-252
121900271,47,257,-210
121900273,670,2053,-1383
121900274,231,355,-124
121900276,52,14,38
121900277,446,2046,-1600
121900278,212,1409,-1197
121900279,141,450,-309
121900280,372,759,-387
121900281,707,704,3
121900284,151,15,136
121900286,135,312,-177
121900287,57,18,39
121900290,296,505,-209
121900291,575,1011,-436
121900292,415,133,282
121900293,1159,5108,-3949
121900294,324,1,323
121900295,86,327,-241
121900296,149,383,-234
121900298,531,637,-106
121900299,0,0,0
121900300,4,0,4
121900301,37,0,37
121900302,2,31,-29
121900303,610,766,-156
121900304,0,16,-16
121900305,5,2,3
121900306,90,6,84
121900307,21,75,-54
121900308,29,408,-379
121900309,23,393,-370
121900310,48,728,-680
121900311,273,29,244
121900312,192,14,178
121900313,208,30,178
121900314,4,131,-127
121900315,23,1,22
121900316,1,11,-10
121900317,17,1,16
121900318,5,29,-24
121900319,14,78,-64
121900320,113,153,-40
121900321,1,1,0
121900322,2,38,-36
121900323,54,24,30
121900324,8,60,-52
121900325,9,3,6
121900326,8,34,-26
121900327,7,113,-106
121900328,0,39,-39
121900329,0,269,-269
121900330,0,22,-22
121900331,186,73,113
121900332,84,28,56
121900333,9,4,5
122000001,3548,6327,-2779
122000002,7802,2951,4851
122000003,3006,2739,267
122000004,4798,2683,2115
122000005,4155,1680,2475
122000006,4094,884,3210
122000007,2072,2818,-746
122000008,9860,8881,979
122000009,735,517,218
122000010,3039,4268,-1229
122000011,4685,2032,2653
122000012,2035,1591,444
122000013,4071,1648,2423
122000014,2214,3687,-1473
122000015,2424,1529,895
122000016,829,1443,-614
122000017,1446,1612,-166
122000018,2289,1636,653
122000019,1292,2156,-864
122000020,270,261,9
122000021,702,884,-182
122000022,2183,2274,-91
122000023,753,4573,-3820
122000024,1440,1316,124
122000025,2709,1975,734
122000026,2517,1114,1403
122000027,951,7111,-6160
122000028,1165,633,532
122000029,771,479,292
122000030,384,155,229
122000031,285,367,-82
122000032,2644,5327,-2683
122000033,1558,1416,142
122000034,922,982,-60
122000035,430,1328,-898
122000036,639,788,-149
122000037,595,396,199
122000038,421,510,-89
122000039,795,621,174
122000040,484,575,-91
122000041,715,761,-46
122000042,732,538,194
122000043,231,148,83
122000044,212,208,4
122000045,1966,772,1194
122000046,1294,1518,-224
122000047,427,276,151
122000048,4482,7540,-3058
122000049,7722,3700,4022
122000050,3022,955,2067
122000051,630,514,116
122000052,929,338,591
122000053,258,710,-452
122000054,3265,2930,335
122000055,3586,3731,-145
122000056,8003,5560,2443
122000057,5461,4587,874
122000058,5943,1424,4519
122000059,5577,1880,3697
122000060,1360,853,507
122000061,696,572,124
122000062,1727,439,1288
122000063,2546,819,1727
122000064,5899,3710,2189
122000065,7910,3796,4114
122000066,1852,1427,425
122000067,2763,1855,908
122000068,1951,2131,-180
122000069,826,1026,-200
122000070,1033,6628,-5595
122000071,1594,2883,-1289
122000072,690,552,138
122000073,845,720,125
122000074,2674,2110,564
122000075,947,2059,-1112
122000076,2386,1497,889
122000077,2118,844,1274
122000078,4040,2745,1295
122000079,3092,1200,1892
122000080,1995,542,1453
122000081,396,539,-143
122000082,1778,1057,721
122000083,2034,6052,-4018
122000084,1545,1331,214
122000085,340,2963,-2623
122000086,3388,7388,-4000
122000087,791,291,500
122000088,581,542,39
122000089,10347,4795,5552
122000090,351,602,-251
122000091,480,84,396
122000092,298,28,270
122000093,3340,1275,2065
122000094,12245,2552,9693
122000095,5824,4304,1520
122000096,4432,2862,1570
122000098,5635,2145,3490
122000099,5370,836,4534
122000100,1938,950,988
122000101,356,1482,-1126
122000102,2503,1705,798
122000103,1964,1830,134
122000104,469,308,161
122000105,417,381,36
122000106,686,799,-113
122000107,1485,818,667
122000108,507,1199,-692
122000109,470,551,-81
122000110,518,617,-99
122000111,3328,1482,1846
122000112,1162,1640,-478
122000113,869,912,-43
122000114,7118,2204,4914
122000115,2167,3111,-944
122000116,551,678,-127
122000117,1802,526,1276
122000118,531,908,-377
122000119,4411,2516,1895
122000120,2979,4556,-1577
122000121,3865,3375,490
122000122,1024,1957,-933
122000123,3331,2825,506
122000124,2014,1073,941
122000125,746,940,-194
122000126,1201,1910,-709
122000127,2288,1656,632
122000128,862,1144,-282
122000129,576,1339,-763
122000130,3787,1051,2736
122000131,1777,1222,555
122000132,991,658,333
122000133,1786,2996,-1210
122000134,766,907,-141
122000135,913,979,-66
122000136,804,611,193
122000137,1738,1222,516
122000139,3228,4355,-1127
122000140,2399,863,1536
122000141,8001,1796,6205
122000142,808,1001,-193
122000143,788,459,329
122000144,2015,1528,487
122000145,2319,978,1341
122000146,1003,1702,-699
122000147,1422,559,863
122000148,4194,2060,2134
122000149,2693,2035,658
122000150,1480,1508,-28
122000151,313,484,-171
122000152,609,459,150
122000153,587,376,211
122000154,359,301,58
122000155,1502,2668,-1166
122000156,2659,2511,148
122000157,2945,1965,980
122000158,616,846,-230
122000159,1340,2217,-877
122000160,5591,2114,3477
122000161,1270,999,271
122000162,3113,2163,950
122000163,398,85,313
122000164,41,120,-79
122000165,1159,1061,98
122000166,1663,1556,107
122000167,284,304,-20
122000168,328,770,-442
122000169,909,270,639
122000170,396,363,33
122000171,53,115,-62
122000172,2155,2270,-115
122000173,1941,3706,-1765
122000174,3514,1209,2305
122000175,1653,405,1248
122000176,347,1156,-809
122000177,2388,1884,504
122000178,4055,4601,-546
122000179,2688,4406,-1718
122000180,2373,1868,505
122000181,2144,5535,-3391
122000182,2748,2480,268
122000183,2528,1800,728
122000184,3650,3365,285
122000185,1782,1697,85
122000186,875,1444,-569
122000187,2981,1513,1468
122000188,492,316,176
122000189,297,511,-214
122000190,1411,1453,-42
122000191,1612,1023,589
122000192,1025,536,489
122000193,453,977,-524
122000194,927,199,728
122000195,252,687,-435
122000196,1379,952,427
122000197,618,1104,-486
122000198,800,1562,-762
122000199,544,568,-24
122000200,1838,855,983
122000201,1635,1697,-62
122000202,1528,1547,-19
122000203,3514,2216,1298
122000204,1921,2938,-1017
122000205,2042,1935,107
122000206,3026,1168,1858
122000207,1622,1843,-221
122000208,3603,2371,1232
122000209,3938,615,3323
122000210,2732,2978,-246
122000211,2222,1720,502
122000212,1001,706,295
122000213,1474,1699,-225
122000214,2657,2436,221
122000215,3102,1911,1191
122000217,2961,2120,841
122000218,1105,94,1011
122000219,2090,1393,697
122000220,502,998,-496
122000221,180,737,-557
122000222,641,142,499
122000223,1652,554,1098
122000225,1174,310,864
122000226,1933,2901,-968
122000227,440,3619,-3179
122000228,505,586,-81
122000229,32,665,-633
122000230,118,1094,-976
122000231,449,1363,-914
122000232,959,1827,-868
122000233,2,203,-201
122000234,297,349,-52
122000235,770,326,444
122000236,822,266,556
122000237,146,129,17
122000238,262,341,-79
122000239,647,192,455
122000240,1422,695,727
122000241,1088,756,332
122000242,701,165,536
122000243,57,40,17
122000244,13,418,-405
122000245,11,93,-82
122000246,22,102,-80
122000247,744,391,353
122000248,1771,2945,-1174
122000249,634,1004,-370
122000250,2043,1245,798
122000251,305,622,-317
122000252,773,205,568
122000253,65,429,-364
122000254,244,142,102
122000255,972,2523,-1551
122000256,573,2086,-1513
122000257,202,610,-408
122000258,154,321,-167
122000259,22,1183,-1161
122000260,17,158,-141
122000261,7,374,-367
122000262,0,111,-111
122000263,179,211,-32
122000264,1306,749,557
122000265,3472,1269,2203
122000266,6537,840,5697
122000267,121,182,-61
122000268,162,680,-518
122000269,1353,492,861
122000270,1512,157,1355
122000271,477,1970,-1493
122000272,431,2155,-1724
122000273,459,847,-388
122000274,209,281,-72
122000275,71,299,-228
122000276,788,937,-149
122000277,1175,1969,-794
122000278,1271,1394,-123
122000279,337,784,-447
122000280,1109,1155,-46
122000281,873,1322,-449
122000282,173,242,-69
122000283,514,116,398
122000284,197,156,41
122000285,452,197,255
122000286,123,323,-200
122000287,1126,2154,-1028
122000288,391,336,55
122000291,1438,682,756
122000293,608,392,216
122000294,146,230,-84
122000295,1809,324,1485
122000296,50,687,-637
122000297,5359,3127,2232
122000299,519,894,-375
122000300,686,880,-194
122000301,25073,3756,21317
122000302,1589,1509,80
122000303,6893,1769,5124
122000304,67,352,-285
122000305,991,528,463
122000306,37,1295,-1258
122000307,203,198,5
122000309,110,98,12
122000310,26,45,-19
122000311,213,152,61
122000312,145,101,44
122000313,67,65,2
122000314,166,323,-157
122000315,359,43,316
122000316,769,378,391
122000317,1116,323,793
122000318,342,713,-371
122000319,322,1106,-784
122000320,444,4549,-4105
122000321,157,465,-308
122000322,3480,4960,-1480
122000323,2282,3220,-938
122000324,2174,2207,-33
122000325,1455,1744,-289
122000326,65,228,-163
122000327,553,763,-210
122000328,1664,1428,236
122000330,3209,1183,2026
122000332,265,472,-207
122000333,10,274,-264
122000337,1169,2790,-1621
122000338,813,802,11
122000340,695,493,202
122000342,4396,1700,2696
122000343,768,2052,-1284
122000344,90,44,46
122000345,88,81,7
122000346,434,945,-511
122000348,693,1454,-761
122000349,207,1146,-939
122000351,120,418,-298
122000352,280,141,139
122000353,69,207,-138
122000355,124,278,-154
122000356,3871,1334,2537
122000357,94,26,68
122000358,2,109,-107
122000359,2,49,-47
122000360,0,96,-96
122000362,15,146,-131
122000364,155,671,-516
122000365,2,56,-54
122000366,25,15,10
122000368,615,1245,-630
122000370,53,131,-78
122000371,38,1,37
122000372,13,0,13
122000381,76,626,-550
122000382,73,388,-315
122000384,6826,2907,3919
122000385,58,1,57
122000386,1022,1354,-332
122000387,734,882,-148
122000388,2824,675,2149
122000389,369,1196,-827
122000390,656,465,191
122000391,628,174,454
122000392,232,341,-109
122000393,40,278,-238
122000394,584,502,82
122000395,135,274,-139
122000396,325,188,137
122000397,45,110,-65
122000398,10,53,-43
122000399,135,112,23
122000400,214,421,-207
122000401,139,135,4
122000402,303,192,111
122000403,756,2035,-1279
122000404,172,521,-349
122000408,1401,2152,-751
122000503,13,130,-117
122000524,221,176,45
122000544,99,4065,-3966
122000616,614,1,613
122000640,59,256,-197
122000641,51,774,-723
122000642,1167,2049,-882
122000643,48,182,-134
122000644,268,24,244
122000645,101,330,-229
122000651,3574,945,2629
122000664,198,80,118
122000665,1268,765,503
122000666,871,1548,-677
122000673,30,716,-686
122000674,76,60,16
122000675,1897,1990,-93
122000686,459,2330,-1871
122000687,1657,512,1145
122000688,203,1408,-1205
122000689,696,1011,-315
122000690,1185,1148,37
122000691,497,4403,-3906
122000692,1439,630,809
122000693,587,3812,-3225
122000695,226,972,-746
122000696,236,665,-429
122000698,313,1799,-1486
122000699,232,216,16
122000701,1375,517,858
122000702,640,3466,-2826
122000703,206,112,94
122000717,287,100,187
122000718,392,796,-404
122000719,70,94,-24
122000720,255,480,-225
122000724,34,10,24
122900001,33,5,28
122900002,1953,4573,-2620
122900003,357,61,296
122900004,1565,44,1521
122900005,56,72,-16
122900006,992,634,358
122900007,198,69,129
122900008,961,166,795
122900009,1365,682,683
122900010,433,287,146
122900012,273,614,-341
122900014,183,485,-302
122900015,3404,960,2444
122900016,134,578,-444
122900017,545,1390,-845
122900018,293,7,286
122900019,12,159,-147
122900020,547,715,-168
122900021,79,1097,-1018
122900022,661,1401,-740
122900023,479,529,-50
122900024,143,157,-14
122900025,29,298,-269
122900026,245,508,-263
122900027,151,1022,-871
122900028,148,244,-96
122900029,7967,3594,4373
122900030,2525,622,1903
122900031,190,235,-45
122900032,149,358,-209
122900033,201,237,-36
122900034,6187,7174,-987
122900035,67,27,40
122900036,50,273,-223
122900037,522,173,349
122900038,225,3207,-2982
122900039,112,591,-479
122900040,371,607,-236
122900041,269,371,-102
122900042,224,426,-202
122900043,520,304,216
122900044,125,479,-354
122900045,97,185,-88
122900046,163,159,4
122900047,423,220,203
122900048,57,293,-236
122900049,2757,232,2525
122900051,114,203,-89
122900052,69,217,-148
122900053,29,31,-2
122900055,403,172,231
122900057,374,68,306
122900061,462,229,233
122900062,529,658,-129
122900063,191,591,-400
122900064,1408,1123,285
122900065,538,186,352
122900066,578,324,254
122900067,2532,1245,1287
122900068,216,602,-386
122900069,364,1867,-1503
122900070,360,66,294
122900071,180,682,-502
122900072,20,1067,-1047
122900073,44,544,-500
122900074,418,1335,-917
122900075,3,109,-106
122900076,12,357,-345
122900077,1,290,-289
122900078,141,257,-116
122900080,103,33,70
122900081,184,299,-115
122900082,615,302,313
122900083,226,211,15
122900084,26,383,-357
122900086,11,77,-66
122900087,214,830,-616
122900088,91,127,-36
122900089,56,270,-214
122900090,26,1112,-1086
122900091,185,0,185
122900092,1,458,-457
122900093,4,660,-656
122900094,4,425,-421
122900095,143,12,131
122900096,183,460,-277
122900097,40,23,17
122900098,107,209,-102
122900099,11,6,5
122900100,707,695,12
122900101,1103,329,774
122900102,21,13,8
122900103,41,6,35
122900104,98,8,90
122900105,6,21,-15
122900106,9,218,-209
122900107,6,481,-475
122900108,9,426,-417
123000001,3243,576,2667
123000002,9244,4696,4548
123000003,4814,4855,-41
123000004,4074,7671,-3597
123000005,3435,3836,-401
123000006,4221,5249,-1028
123000007,4183,3492,691
123000008,3444,6000,-2556
123000009,5752,3789,1963
123000010,5067,5874,-807
123000011,5007,1122,3885
123000012,1527,3785,-2258
123000013,4467,1076,3391
123000014,1731,6296,-4565
123000015,7428,1354,6074
123000016,11807,5237,6570
123000017,4739,1757,2982
123000018,66,147,-81
123000019,260,502,-242
123000020,120,198,-78
123000021,61,212,-151
123000022,753,1606,-853
123000023,1648,1691,-43
123000024,1405,731,674
123000025,48,113,-65
123000026,5,98,-93
123000027,263,681,-418
123000028,1277,221,1056
123000029,961,730,231
123000030,366,1061,-695
123000031,136,847,-711
123000032,296,569,-273
123000033,266,90,176
123000034,1135,1012,123
123000035,418,482,-64
123000036,376,880,-504
123000037,394,573,-179
123000038,164,350,-186
123000039,576,1384,-808
123000040,1577,540,1037
123000041,1800,921,879
123000042,1364,670,694
123000043,5959,7877,-1918
123000044,9037,3462,5575
123000045,16947,3896,13051
123000046,1178,1397,-219
123000047,2681,2087,594
123000048,140,732,-592
123000049,12451,8421,4030
123000050,1456,1991,-535
123000051,106,185,-79
123000052,908,4469,-3561
123000053,2998,5191,-2193
123000054,1501,2293,-792
123000055,1579,2282,-703
123000056,1746,2964,-1218
123000057,29662,10065,19597
123000058,1099,991,108
123000059,575,842,-267
123000060,936,485,451
123000061,275,1284,-1009
123000063,836,1046,-210
123000064,1082,337,745
123000065,12580,5811,6769
123000066,1314,1477,-163
123000067,764,859,-95
123000068,4282,6030,-1748
123000069,11610,6512,5098
123000070,376,1496,-1120
123000071,922,1788,-866
123000072,1215,2554,-1339
123000073,1041,1325,-284
123000074,1148,3492,-2344
123000075,476,1303,-827
123000076,841,1915,-1074
123000077,2615,6203,-3588
123000078,1565,2474,-909
123000079,1400,3006,-1606
123000080,2486,4550,-2064
123000081,223,1309,-1086
123000082,517,2387,-1870
123000083,1077,251,826
123000084,568,1132,-564
123000085,198,184,14
123000086,416,726,-310
123000087,225,775,-550
123000088,1436,2065,-629
123000089,614,1908,-1294
123000090,1414,1928,-514
123000091,2208,2223,-15
123000092,1597,1881,-284
123000094,501,402,99
123000095,637,901,-264
123000096,554,669,-115
123000097,473,1763,-1290
123000098,625,857,-232
123000099,671,1383,-712
123000100,609,837,-228
123000101,865,721,144
123000102,822,839,-17
123000104,380,511,-131
123000105,721,848,-127
123000106,513,524,-11
123000107,489,925,-436
123000108,1023,2543,-1520
123000111,698,394,304
123000112,957,1111,-154
123000113,654,3275,-2621
123000114,583,660,-77
123000115,269,395,-126
123000116,21,159,-138
123000117,1754,3688,-1934
123000118,517,1695,-1178
123000119,293,1983,-1690
123000120,493,1674,-1181
123000121,518,965,-447
123000122,539,360,179
123000123,585,896,-311
123000124,601,852,-251
123000125,1435,1413,22
123000126,1781,3914,-2133
123000127,1292,1335,-43
123000128,432,699,-267
123000129,620,346,274
123000130,518,106,412
123000131,931,987,-56
123000132,546,1060,-514
123000133,362,686,-324
123000134,469,242,227
123000135,2031,2453,-422
123000136,300,2176,-1876
123000137,205,634,-429
123000138,97,723,-626
123000139,490,180,310
123000140,209,1213,-1004
123000141,991,243,748
123000142,1244,1516,-272
123000143,1697,3696,-1999
123000144,40,20,20
123000145,453,339,114
123000146,129,221,-92
123000147,227,274,-47
123000149,450,617,-167
123000150,245,336,-91
123000151,336,557,-221
123000152,93,650,-557
123000153,144,699,-555
123000154,2720,2188,532
123000155,4066,1292,2774
123000156,60,127,-67
123000157,737,1227,-490
123000158,985,987,-2
123000159,5583,3058,2525
123000160,974,738,236
123000161,1752,1410,342
123000162,872,2162,-1290
123000163,564,112,452
123000164,1481,399,1082
123000165,513,3262,-2749
123000166,36,281,-245
123000167,145,445,-300
123000168,233,532,-299
123000169,837,175,662
123000170,73,720,-647
123000171,532,69,463
123000172,227,1058,-831
123000173,580,318,262
123000174,1167,496,671
123000175,1455,2036,-581
123000176,1087,257,830
123000177,472,1695,-1223
123000178,787,189,598
123000179,38,1476,-1438
123000180,1587,449,1138
123000181,433,2399,-1966
123000182,199,877,-678
123000183,154,442,-288
123000184,145,1510,-1365
123000185,632,732,-100
123000186,7,947,-940
123000187,494,5,489
123000188,136,2,134
123000189,204,262,-58
123000190,58,64,-6
123000192,25,579,-554
123000193,71,1146,-1075
123000194,615,418,197
123000195,314,30,284
123000196,320,19,301
123000197,96,123,-27
123000198,14,389,-375
123000199,4,839,-835
123000200,405,19,386
123000201,892,33,859
123000202,42,1902,-1860
123000203,1050,92,958
123000204,132,1711,-1579
123000205,733,3411,-2678
123000206,1966,261,1705
123000207,179,1586,-1407
123000208,507,161,346
123000209,1849,556,1293
123000210,580,2798,-2218
123000211,790,5200,-4410
123000212,2742,622,2120
123000213,655,82,573
123000215,230,170,60
123000216,372,1141,-769
123000217,305,64,241
123000218,157,661,-504
123000219,1898,80,1818
123000220,636,124,512
123000221,199,349,-150
123000222,458,1321,-863
123000223,271,1051,-780
123000224,503,989,-486
123000225,309,162,147
123000226,100,757,-657
123000227,74,555,-481
123000228,299,86,213
123000229,1712,3525,-1813
123000232,147,914,-767
123000233,798,276,522
123000234,225,1021,-796
123000235,721,579,142
123000236,347,1457,-1110
123000237,316,90,226
123000238,112,1282,-1170
123000239,573,3689,-3116
123000240,87,483,-396
123000241,1444,201,1243
123000242,190,364,-174
123000243,890,1537,-647
123000244,1211,873,338
123000245,137,249,-112
123000249,666,1166,-500
123000252,986,292,694
123000253,982,565,417
123000254,762,1981,-1219
123000255,1104,1118,-14
123000256,48,371,-323
123000257,5804,3986,1818
123000258,1250,1969,-719
123000259,349,649,-300
123000260,471,1152,-681
123000261,217,494,-277
123000262,130,372,-242
123000263,427,150,277
123000264,274,81,193
123000265,69,300,-231
123000266,572,1183,-611
123000267,604,579,25
123000268,25,101,-76
123000269,56,65,-9
123000270,55,46,9
123000271,49,118,-69
123000272,1023,272,751
123000273,275,551,-276
123000274,1281,623,658
123000275,337,1658,-1321
123000278,5337,3532,1805
123000279,78,175,-97
123000280,388,553,-165
123000281,306,139,167
123000282,148,413,-265
123000283,76,55,21
123000284,71,171,-100
123000286,323,338,-15
123000287,625,436,189
123000288,1142,747,395
123000289,699,1006,-307
123000291,499,1244,-745
123000294,279,250,29
123000295,1007,1053,-46
123000296,404,424,-20
123000297,466,1349,-883
123000298,372,1066,-694
123000299,38,419,-381
123000300,920,1249,-329
123000301,110,341,-231
123000302,114,418,-304
123000303,179,137,42
123000305,1373,1352,21
123000306,86,438,-352
123000309,51,86,-35
123000310,80,66,14
123000311,1,190,-189
123000312,1239,1656,-417
123000313,418,415,3
123000315,85,748,-663
123000316,2957,58,2899
123000317,322,73,249
123000318,51,547,-496
123000329,6,18,-12
123000337,469,416,53
123000338,850,64,786
123000339,184,480,-296
123000340,193,790,-597
123000342,24,9,15
123000343,122,2,120
123000344,1994,789,1205
123000345,519,1078,-559
123000346,297,116,181
123000352,3745,1235,2510
123000353,17,153,-136
123000354,315,6,309
123000355,2,972,-970
123000356,246,11,235
123000357,3,502,-499
123000359,3,364,-361
123000360,352,43,309
123000361,1145,484,661
123000362,383,259,124
123000363,102,355,-253
123000364,623,506,117
123000365,40,483,-443
123000366,519,2254,-1735
123000367,325,2049,-1724
123000370,31,623,-592
123000371,522,34,488
123000372,341,35,306
123000373,10,714,-704
123000374,27,388,-361
123000375,323,54,269
123000376,814,782,32
123000377,336,27,309
123000378,21,881,-860
123000379,8,424,-416
123000380,61,342,-281
123000381,206,50,156
123000382,2100,114,1986
123000383,510,1232,-722
123000384,622,121,501
123000385,304,1066,-762
123000436,146,1318,-1172
123000507,221,657,-436
123000508,339,850,-511
123000517,391,39,352
123000518,53,525,-472
123000519,197,117,80
123000520,109,474,-365
123000521,412,125,287
123000522,239,1123,-884
123000541,2,3,-1
123000542,0,62,-62
123000565,480,61,419
123000566,143,1271,-1128
123000567,133,396,-263
123000573,59,1680,-1621
123000574,554,105,449
123000575,1198,2348,-1150
123000576,880,4876,-3996
123000577,111,1033,-922
123000578,1021,81,940
123000579,7343,5588,1755
123000580,111,22,89
123000582,345,36,309
123000583,25,1086,-1061
123000584,158,383,-225
123000585,0,226,-226
123000586,196,105,91
123000596,113,224,-111
123000597,62,159,-97
123000602,22,8,14
123000603,438,1182,-744
123000604,544,2067,-1523
123000605,1228,225,1003
123000606,0,318,-318
123000609,22,451,-429
123000610,190,148,42
123000613,24,237,-213
123000614,194,151,43
123000615,30,271,-241
123000616,455,143,312
123000617,132,1108,-976
123000618,114,1445,-1331
123000619,799,66,733
123000620,25,1191,-1166
123000622,330,35,295
123000624,93,112,-19
123000630,641,525,116
123000631,362,3278,-2916
123000632,1451,2119,-668
123000633,3,419,-416
123000634,169,99,70
123000635,370,123,247
123000636,24,1155,-1131
123000637,113,397,-284
123000638,528,212,316
123000639,1698,3473,-1775
123000640,49,1798,-1749
123900001,2193,86,2107
123900002,29,1375,-1346
123900003,481,1396,-915
123900005,346,179,167
123900006,271,33,238
124000001,1979,154,1825
124000002,195,3873,-3678
124000003,718,223,495
124000004,120,1591,-1471
124000005,941,371,570
124000006,414,2396,-1982
124000007,1332,196,1136
124000008,33,777,-744
124000009,438,622,-184
124000010,146,636,-490
124000011,1173,691,482
124000012,366,1257,-891
124000017,165,120,45
124000018,136,164,-28
124000019,127,164,-37
124000020,135,305,-170
124000021,118,93,25
124000022,94,335,-241
124000023,1629,1584,45
124000024,1323,1004,319
124000025,1350,1840,-490
124000026,1684,1595,89
124000027,6732,5763,969
124000028,4412,6410,-1998
124000030,4605,1718,2887
124000031,1087,1636,-549
124000032,10336,1612,8724
124000033,239,325,-86
124000034,6080,816,5264
124000035,40,154,-114
124000036,104,220,-116
124000037,484,986,-502
124000038,125,82,43
124000039,1347,470,877
124000040,868,1102,-234
124000041,479,103,376
124000042,87,601,-514
124000043,55,98,-43
124000044,48,495,-447
124000045,661,896,-235
124000046,311,1198,-887
124000047,1420,1486,-66
124000048,941,3477,-2536
124000049,1425,897,528
124000050,797,4407,-3610
124000051,724,734,-10
124000052,727,2453,-1726
124000053,562,1391,-829
124000054,1099,1190,-91
124000055,1467,2097,-630
124000056,7021,2323,4698
124000057,925,655,270
124000058,513,2284,-1771
124000059,671,1109,-438
124000060,1803,1498,305
124000061,1902,4662,-2760
124000062,8258,2569,5689
124000063,1723,2469,-746
124000064,3275,2560,715
124000065,89,277,-188
124000066,281,78,203
124000067,127,530,-403
124000068,12,20,-8
124000069,100,34,66
124000070,26,182,-156
124000071,198,137,61
124000072,235,882,-647
124000073,1131,164,967
124000074,212,1486,-1274
124000075,233,59,174
124000076,4,448,-444
124000077,2587,970,1617
124000078,2724,991,1733
124000079,709,1697,-988
124000080,467,217,250
124000081,240,1350,-1110
124000082,41,140,-99
124000083,99,311,-212
124000084,23,217,-194
124000085,106,82,24
124000086,117,157,-40
124000087,139,97,42
124000088,246,819,-573
124000089,676,537,139
124000090,89,487,-398
124000091,584,160,424
124000092,119,808,-689
124000093,120,163,-43
124000094,185,779,-594
124000095,74,112,-38
124000096,177,699,-522
124000097,97,165,-68
124000098,68,212,-144
124000099,200,188,12
124000100,64,156,-92
124000101,78,182,-104
124000102,116,149,-33
124000103,78,119,-41
124000104,102,134,-32
124000105,60,83,-23
124000106,141,148,-7
124000107,12,154,-142
124000108,70,56,14
124000109,133,153,-20
124000110,235,209,26
124000111,252,196,56
124000112,692,1252,-560
124000113,86,76,10
124000114,305,988,-683
124000115,371,1368,-997
124000116,115,107,8
124000117,89,157,-68
124000118,43,107,-64
124000119,1256,1047,209
124000120,832,921,-89
124000121,2569,691,1878
124000122,825,1642,-817
124000123,1322,588,734
124000124,651,1356,-705
124000125,415,496,-81
124000126,400,924,-524
124000127,1033,510,523
124000128,731,1515,-784
124000129,2467,1926,541
124000130,868,1002,-134
124000131,1073,634,439
124000132,970,1086,-116
124000133,1092,1140,-48
124000134,1038,1107,-69
124000135,2275,2463,-188
124000136,1474,1594,-120
124000137,1523,932,591
124000138,1962,2019,-57
124000139,776,57,719
124000140,45,607,-562
124000141,117,6,111
124000142,7,169,-162
124000143,64,21,43
124000144,5,99,-94
124000145,140,60,80
124000146,46,165,-119
124000148,54,78,-24
124000149,1205,421,784
124000150,419,948,-529
124000151,733,509,224
124000152,912,2035,-1123
124000153,612,920,-308
124000154,376,1469,-1093
124000155,1391,907,484
124000156,2260,1432,828
124000169,225,511,-286
124000170,1084,677,407
124000171,227,371,-144
124000172,353,896,-543
124000173,418,481,-63
124000174,304,1306,-1002
124000175,13,179,-166
124000176,57,11,46
124000177,14,41,-27
124000178,31,38,-7
124000190,121,45,76
124000191,617,64,553
124000192,2666,431,2235
124000193,744,1716,-972
124000194,520,791,-271
124000195,370,645,-275
124000196,1025,1668,-643
124000197,72,107,-35
124000198,28,65,-37
124000201,444,1940,-1496
124000202,681,315,366
124000203,255,2068,-1813
124000204,471,1317,-846
124000205,83,1392,-1309
124000206,469,841,-372
124000207,1,113,-112
124000209,430,1461,-1031
124000210,303,306,-3
124000211,398,2,396
124000212,5,1262,-1257
124000213,275,725,-450
124000214,245,1743,-1498
124000215,211,12,199
124000216,6,1116,-1110
124000329,178,4580,-4402
124000338,111,2655,-2544
124000339,625,190,435
124000341,864,166,698
124000344,26,1,25
124000357,1144,2428,-1284
124000358,832,1543,-711
124000359,1448,903,545
124000360,824,657,167
124000361,2219,861,1358
124000362,2529,3249,-720
124000363,394,788,-394
124000364,830,1714,-884
124000365,661,1689,-1028
124000366,2561,1196,1365
124000367,158,1168,-1010
124000368,364,279,85
124000369,179,116,63
124000370,128,917,-789
124000402,44,16,28
124000403,86,16,70
124000404,13,179,-166
124000405,1471,978,493
124000406,1236,1279,-43
124000407,3,79,-76
124000411,15,689,-674
124000412,255,26,229
124000413,345,73,272
124000414,51,159,-108
124000415,73,362,-289
124000416,186,525,-339
124000417,162,145,17
124000418,137,164,-27
124000419,91,316,-225
124000420,34,79,-45
124000421,60,421,-361
124000422,33,21,12
124000423,143,58,85
124000424,4,155,-151
124000425,29,32,-3
124000426,8,92,-84
124000427,24,14,10
124000428,29,48,-19
124000429,72,96,-24
124000430,845,1481,-636
124000431,339,1406,-1067
124000432,183,1559,-1376
124000439,3,31,-28
124000442,4,301,-297
124000443,0,9,-9
124000445,157,285,-128
124000446,2356,96,2260
124900001,453,347,106
124900002,214,801,-587
124900003,875,769,106
124900004,564,454,110
124900005,358,482,-124
124900006,568,498,70
124900008,1713,818,895
124900009,101,278,-177
124900010,161,61,100
124900011,542,235,307
124900012,587,111,476
124900013,504,186,318
124900014,268,194,74
124900015,179,346,-167
124900016,86,139,-53
124900017,1456,803,653
124900018,31,14,17
124900020,109,65,44
124900021,203,43,160
124900022,25,21,4
124900024,244,39,205
124900026,193,33,160
124900027,100,438,-338
124900028,1355,259,1096
124900029,10,532,-522
124900030,7,340,-333
124900031,106,701,-595
124900032,441,279,162
124900033,204,723,-519
124900034,18,186,-168
124900035,317,866,-549
124900036,1,81,-80
124900037,226,824,-598
124900038,422,581,-159
124900039,0,40,-40
124900040,152,181,-29
124900041,312,2065,-1753
124900042,74,0,74
124900043,494,1944,-1450
124900044,105,3,102
124900045,1257,1466,-209
124900046,3202,272,2930
124900047,127,312,-185
124900048,233,301,-68
124900050,257,505,-248
124900052,96,691,-595
124900053,84,567,-483
124900054,6875,536,6339
124900055,1,256,-255
124900057,24,171,-147
124900060,133,485,-352
124900061,43,16,27
124900062,128,29,99
124900066,0,15,-15
124900067,7,378,-371
124900068,236,571,-335
124900070,59,39,20
124900072,85,42,43
124900074,472,671,-199
124900075,172,245,-73
124900076,42,783,-741
124900077,31,168,-137
124900078,80,25,55
124900079,1296,183,1113
124900080,398,1368,-970
124900081,868,363,505
124900082,553,1628,-1075
124900083,279,1044,-765
124900084,4245,162,4083
124900085,1615,403,1212
124900086,150,1280,-1130
124900087,870,124,746
124900088,985,201,784
124900089,2212,56,2156
124900090,346,357,-11
124900091,367,1078,-711
124900092,373,770,-397
124900093,307,256,51
124900094,344,378,-34
124900095,119,560,-441
124900096,800,355,445
124900097,314,79,235
124900098,178,724,-546
124900099,1256,709,547
124900100,304,86,218
124900101,68,490,-422
124900102,173,59,114
124900103,142,497,-355
124900104,121,340,-219
124900105,127,285,-158
124900106,502,47,455
124900107,120,48,72
124900108,359,70,289
124900109,47,130,-83
124900110,233,637,-404
124900111,0,119,-119
124900112,80,1726,-1646
124900113,125,369,-244
124900114,221,120,101
124900115,96,50,46
124900116,170,147,23
124900117,1031,220,811
124900118,197,129,68
124900119,382,144,238
124900120,60,705,-645
124900121,126,299,-173
124900122,669,343,326
124900123,273,77,196
124900124,270,357,-87
129000186,249,80,169
204000001,45,2,43
204000002,32,5,27
204000003,57,1,56
204000004,3,3,0
204000005,565,662,-97
204000006,1281,2176,-895
204000011,17,92,-75
204000012,49,123,-74
204000013,2,42,-40
204000019,647,837,-190
204000020,682,1116,-434
204000021,3035,1149,1886
204000022,542,633,-91
204000023,650,1573,-923
204000031,63,27,36
204000032,725,59,666
204000034,26,442,-416
204000035,13,6,7
204000036,10,41,-31
204000037,1,21,-20
204000038,0,23,-23
204000039,5,50,-45
204000040,5,32,-27
204000041,16,83,-67
204000042,65,16,49
204000043,39,9,30
204000044,20,3,17
204000045,74,11,63
204000046,14,5,9
204000057,14,34,-20
204000062,4,43,-39
204000068,11,258,-247
204000069,15,222,-207
204000070,71,133,-62
204000080,44,45,-1
204000085,1798,2601,-803
204000086,3445,3163,282
204000087,27,21,6
204000088,7,160,-153
204000090,16,589,-573
204000093,184,84,100
204000096,708,1188,-480
204000097,382,49,333
204000099,1009,1802,-793
204000100,1154,1813,-659
204000105,2397,2712,-315
204000110,1309,1824,-515
204000111,452,1128,-676
204000112,1114,1328,-214
204000113,427,1378,-951
204000114,682,923,-241
204000115,566,508,58
204000116,1867,851,1016
204000119,2038,3084,-1046
204000132,481,321,160
204000133,554,361,193
204000134,393,201,192
204000135,475,148,327
204000136,349,413,-64
204000138,258,482,-224
204000140,171,117,54
204000141,121,85,36
204000144,14,47,-33
204000145,535,71,464
204000146,26,626,-600
204000147,27,146,-119
204000148,466,56,410
204000154,4,2,2
204000155,2,19,-17
204000177,96,83,13
204000179,14,10,4
204000180,0,27,-27
204000222,5,32,-27
204000235,18,25,-7
204000236,114,517,-403
204000238,26,39,-13
204000240,327,118,209
204000263,467,1622,-1155
204000268,1371,939,432
204000308,360,39,321
204000317,10,127,-117
204000322,5,83,-78
204000323,33,11,22
204000328,289,121,168
204000329,46,280,-234
204000330,226,85,141
204000331,32,170,-138
204010341,26,583,-557
205000001,1273,2162,-889
205000013,15,82,-67
205000014,10,105,-95
205000015,32,212,-180
205000016,24,173,-149
205000017,17,95,-78
205000022,403,916,-513
205000025,2111,1451,660
205000029,240,3,237
205000045,118,312,-194
205000046,104,629,-525
205000047,95,725,-630
205000048,301,1364,-1063
205000049,171,1041,-870
205000050,1350,390,960
205000059,2,386,-384
205000060,0,94,-94
205000061,4,51,-47
205000062,4,53,-49
205000063,25,132,-107
205000064,21,293,-272
205000065,53,1057,-1004
205000066,102,1269,-1167
205000067,61,1468,-1407
205000069,152,32,120
205000082,182,509,-327
205000110,63,239,-176
205000111,153,301,-148
205000112,184,271,-87
205000113,189,399,-210
205000121,258,133,125
205000123,54,280,-226
205000126,630,276,354
205000127,698,339,359
205000128,737,153,584
205000129,954,196,758
205000130,986,69,917
205000131,672,7,665
205000132,683,4,679
205000133,410,1,409
205000134,220,1,219
205000137,95,173,-78
205000138,289,439,-150
205000139,35,130,-95
205000144,107,95,12
205000145,447,342,105
205000151,256,68,188
205000152,214,76,138
205000153,163,132,31
205000154,94,147,-53
205000155,126,45,81
205000207,8,304,-296
205000233,23,2,21
205000234,0,1,-1
205000243,0,1,-1
205000244,0,3,-3
205000245,29,563,-534
205000249,4,54,-50
205000250,2,0,2
205000264,5,125,-120
206000027,12,4,8
206000028,2,4,-2
206000043,17,200,-183
206000053,7,27,-20
206000054,4,45,-41
206000055,1,54,-53
206000075,10,14,-4
206000076,22,12,10
206000077,30,3,27
206000078,9,4,5
206000079,14,4,10
206000082,587,27,560
206000100,148,1447,-1299
206000103,5,31,-26
206000104,8,42,-34
206000105,2,36,-34
206000106,11,78,-67
206000108,679,59,620
206000125,52,0,52
206000157,92,1326,-1234
206000170,1,414,-413
206000171,3,346,-343
206000172,9,1450,-1441
206000173,4,485,-481
206000174,13,205,-192
206000175,1,273,-272
206000176,19,533,-514
206000177,0,324,-324
206000178,2,305,-303
206000179,9,206,-197
206000180,27,414,-387
206000181,19,634,-615
206000182,17,578,-561
206000183,33,1958,-1925
206000184,11,764,-753
206000185,18,598,-580
206000186,109,2933,-2824
206000223,8,432,-424
206000226,18,3,15
206000227,23,1,22
206000237,54,809,-755
206000238,47,1235,-1188
206000239,971,4543,-3572
206000240,3,87,-84
206000241,0,239,-239
206000242,8,666,-658
206000243,8,617,-609
206000244,71,1700,-1629
206000245,464,47,417
206000246,67,10,57
206000247,80,5,75
206000248,269,10,259
206000252,74,31,43
206000258,15,84,-69
206000315,53,4,49
206000317,353,90,263
206000318,232,54,178
206000319,524,81,443
206000320,45,38,7
206000321,73,16,57
206000322,249,14,235
206000323,87,11,76
206000324,79,13,66
206000325,181,5,176
206000326,141,22,119
206000327,214,13,201
206000328,63,1,62
206000329,111,4,107
206000330,34,9,25
206000331,49,5,44
206000332,24,5,19
206000333,295,7,288
206000334,142,3,139
206000335,0,19,-19
206000361,6,407,-401
206000392,4,78,-74
206000405,120,0,120
206000441,14,28,-14
206000498,45,3,42
206000515,111,30,81
206000530,96,54,42
206000531,187,134,53
206000532,3884,162,3722
206000535,627,4002,-3375
206000536,49,469,-420
206000537,10,417,-407
206000613,1552,177,1375
207000001,182,674,-492
207000002,142,479,-337
207000003,168,319,-151
207000007,563,357,206
207000008,50,4,46
207000009,52,26,26
207000010,463,863,-400
207000012,243,331,-88
207000015,451,2806,-2355
207000019,251,108,143
207000021,593,165,428
207000022,145,135,10
207000023,199,70,129
207000024,1,27,-26
207000025,30,79,-49
207000026,117,63,54
207000027,22,118,-96
207000028,87,278,-191
207000029,384,619,-235
207000033,311,360,-49
207000034,292,88,204
207000039,405,132,273
207000040,239,158,81
207000041,96,61,35
207000042,250,94,156
207000043,279,248,31
207000051,190,530,-340
207000052,20,302,-282
207000053,570,1066,-496
207000054,34,175,-141
207000055,205,255,-50
207000056,336,583,-247
207000057,209,466,-257
207000058,115,685,-570
207000059,75,1310,-1235
207000060,60,474,-414
207000061,227,318,-91
207000062,173,35,138
207000063,193,170,23
207000064,471,191,280
207000065,377,278,99
207000066,161,211,-50
207000067,46,165,-119
207000068,144,80,64
207000069,640,445,195
207000082,33,604,-571
207000083,96,657,-561
207000084,207,350,-143
207000085,109,13,96
207000086,129,6,123
207000106,30,35,-5
207000107,68,26,42
207000108,45,25,20
207000109,39,12,27
207000110,53,66,-13
207000111,82,52,30
207000112,261,573,-312
207000114,10,59,-49
207000115,22,118,-96
207000116,20,531,-511
207000117,23,216,-193
207000118,5,178,-173
207000119,31,197,-166
207000123,206,32,174
207000124,88,40,48
207000125,79,56,23
207000126,78,63,15
207000134,33,329,-296
207000135,16,462,-446
207000148,57,324,-267
207000149,63,72,-9
207000152,214,534,-320
207000153,1403,1658,-255
207000154,542,157,385
207000159,97,408,-311
207000160,153,1009,-856
207000238,1,162,-161
207000242,3,380,-377
207000248,52,51,1
207000249,204,106,98
207000250,1481,89,1392
207000251,117,85,32
207000252,51,109,-58
207000278,64,129,-65
207000279,21,352,-331
207000280,296,78,218
207000281,113,1948,-1835
207000282,270,70,200
207000283,174,402,-228
207000284,58,98,-40
207000285,203,47,156
207000291,23,214,-191
207000304,125,78,47
207000306,99,785,-686
207000310,69,91,-22
207000353,374,4,370
207000356,9,42,-33
207000357,21,7,14
207000358,31,14,17
207000415,8,354,-346
207000417,84,4,80
207000418,46,159,-113
207000438,0,2,-2
207000439,1135,512,623
207000446,131,3,128
207000460,12,5,7
207000466,245,336,-91
207000467,110,140,-30
207000468,68,861,-793
207000476,6,112,-106
207000477,616,176,440
207000478,5,16,-11
207000523,0,7,-7
207000524,30,1,29
207000527,89,210,-121
207000530,343,9,334
207000531,375,9,366
207000532,124,35,89
207000534,754,57,697
207000535,52,459,-407
207000537,30,200,-170
207000540,6,282,-276
207000541,3,528,-525
207000548,12,530,-518
207000549,313,19,294
207000561,141,236,-95
207000562,49,315,-266
207000567,205,455,-250
207000568,87,178,-91
207000569,420,1876,-1456
207000584,410,383,27
207000585,70,388,-318
207000616,1,324,-323
207000617,132,0,132
207900008,137,385,-248
208000001,565,995,-430
208000002,561,668,-107
208000003,985,804,181
208000004,1362,1014,348
208000005,17,38,-21
208000019,442,1224,-782
208000020,157,699,-542
208000021,204,981,-777
208000022,921,1095,-174
208000028,2300,1436,864
208000033,480,1317,-837
208000034,1691,3101,-1410
208000040,182,197,-15
208000041,888,627,261
208000042,947,772,175
208000047,133,729,-596
208000064,3210,2053,1157
208000066,2124,2067,57
208000070,278,512,-234
208000071,325,1231,-906
208000072,331,1767,-1436
208000080,236,465,-229
208000081,277,279,-2
208000082,273,425,-152
208000083,175,530,-355
208000084,43,15,28
208000085,1057,761,296
208000086,542,1280,-738
208000087,378,1109,-731
208000089,985,1272,-287
208000090,802,1859,-1057
208000093,109,184,-75
208000094,611,1082,-471
208000095,786,711,75
208000104,1021,1439,-418
208000105,887,1532,-645
208000114,66,244,-178
208000115,571,634,-63
208000116,396,1221,-825
208000117,111,183,-72
208000118,88,122,-34
208000155,776,1404,-628
208000158,1953,4875,-2922
208000186,4190,4105,85
208000204,652,1833,-1181
208000205,1231,2492,-1261
208000282,5803,3415,2388
209000004,287,291,-4
209000005,39,44,-5
209000006,664,115,549
209000007,467,317,150
209000010,711,200,511
209000011,271,300,-29
209000012,212,323,-111
209000013,232,961,-729
209000014,797,2621,-1824
209000025,254,46,208
209000026,724,109,615
209000027,407,1679,-1272
209000028,341,1620,-1279
209000029,814,1570,-756
209000030,664,2832,-2168
209000031,6328,4099,2229
209000034,171,176,-5
209000035,105,165,-60
209000036,142,158,-16
209000037,146,240,-94
209000038,88,201,-113
209000039,38,191,-153
209000040,370,722,-352
209000041,215,610,-395
209000042,326,514,-188
209000043,1120,912,208
209000044,257,930,-673
209000045,1211,651,560
209000046,466,687,-221
209000047,422,334,88
209000048,504,405,99
209000049,92,206,-114
209000050,195,287,-92
209000051,267,579,-312
209000052,135,512,-377
209000062,55,268,-213
209000063,45,274,-229
209000064,40,221,-181
209000065,80,59,21
209000066,44,54,-10
209000067,83,121,-38
209000080,98,336,-238
209000082,57,62,-5
209000091,36,219,-183
209000093,91,67,24
209000094,258,349,-91
209000110,33,110,-77
209000111,437,1700,-1263
209000112,712,749,-37
209000113,1934,635,1299
209000114,359,470,-111
209000115,65,188,-123
209000116,951,1189,-238
209000118,42,38,4
209000119,69,19,50
209000121,173,1079,-906
209000135,84,149,-65
209000142,847,1478,-631
209000143,161,149,12
209000144,71,112,-41
209000229,162,298,-136
209000240,39,785,-746
209000259,73,157,-84
209000260,90,1848,-1758
209000261,15,1085,-1070
209000262,5,973,-968
209000263,0,247,-247
209000264,3,196,-193
209000265,441,0,441
209000266,120,0,120
209000267,1100,6,1094
209000268,1069,59,1010
210000037,62,32,30
210000047,48,53,-5
210000048,106,84,22
210000049,44,63,-19
210000052,71,196,-125
210000053,13,122,-109
210000054,53,162,-109
210000070,177,5,172
210000071,65,0,65
210000072,32,0,32
210000073,0,58,-58
210000074,1,170,-169
210000075,2,84,-82
210000076,22,188,-166
210000077,46,61,-15
210000078,75,46,29
210000079,76,34,42
210000080,240,82,158
210000081,214,23,191
210000082,74,4,70
210000083,75,2,73
210000084,48,1,47
210000085,1,110,-109
210000086,4,168,-164
210000099,35,321,-286
210000100,57,356,-299
210000101,104,360,-256
210000105,56,354,-298
210000159,1,221,-220
210000163,226,370,-144
210000164,418,183,235
210000168,150,23,127
210000187,0,53,-53
210000188,0,43,-43
210000214,42,0,42
210000219,26,95,-69
210000220,80,177,-97
210000232,10,31,-21
210000233,71,91,-20
210000234,50,185,-135
210000235,68,238,-170
210000245,0,212,-212
210000246,28,0,28
210000258,20,131,-111
210000259,404,53,351
210000282,85,285,-200
210000285,1,131,-130
210000286,26,213,-187
210000290,1,2,-1
210000295,41,223,-182
210000296,77,105,-28
210000320,193,229,-36
210000321,151,188,-37
210000338,77,151,-74
210000339,654,1411,-757
210000340,151,530,-379
210000341,158,345,-187
210000342,208,307,-99
210000343,155,235,-80
210000344,368,147,221
210000345,258,243,15
210000346,89,171,-82
210000347,166,66,100
210000348,211,26,185
210000349,141,27,114
210000350,133,80,53
210000351,104,143,-39
210000352,68,178,-110
210000353,45,200,-155
210000354,91,181,-90
210000355,95,183,-88
210000356,137,84,53
210000357,87,65,22
210000358,685,173,512
210000359,233,98,135
210000360,178,172,6
210000361,159,219,-60
210000362,233,243,-10
210000363,1211,236,975
210000364,165,249,-84
210000365,129,66,63
210000366,149,66,83
210000367,104,47,57
210000368,244,45,199
210000369,36,26,10
210000370,83,70,13
210000372,81,51,30
210000373,114,24,90
210000374,47,6,41
210000375,47,177,-130
210000376,79,269,-190
210000404,96,224,-128
210000439,27,107,-80
210000472,100,5,95
210000482,59,126,-67
210000564,731,396,335
210000567,1,8,-7
210000568,878,4,874
211000092,15,123,-108
211000094,40,9,31
211000169,185,19,166
211000172,10,473,-463
211000209,0,44,-44
211000226,6,12,-6
211000270,2,5,-3
211000275,21,32,-11
211000276,62,73,-11
211000279,14,111,-97
211000281,38,143,-105
211507980,1,48,-47
211977296,94,13,81
212000003,142,71,71
212000004,91,30,61
212000005,39,40,-1
212000006,27,160,-133
212000008,137,369,-232
212000009,20,292,-272
212000012,51,112,-61
212000013,20,86,-66
212000014,232,269,-37
212000015,214,380,-166
212000016,507,849,-342
212000027,516,880,-364
212000028,287,704,-417
212000029,205,442,-237
212000030,37,63,-26
212000031,68,136,-68
212000048,61,146,-85
212000049,12,117,-105
212000050,21,8,13
212000051,176,320,-144
212000052,165,541,-376
212000053,335,980,-645
212000054,177,264,-87
212000055,205,459,-254
212000056,13,67,-54
212000057,20,33,-13
212000058,543,59,484
212000070,102,572,-470
212000077,111,1123,-1012
212000099,305,409,-104
212000108,205,286,-81
212000111,151,138,13
212000120,244,179,65
212000138,81,53,28
212000156,5,229,-224
212000158,10,16,-6
212000159,286,108,178
212000160,512,395,117
212000161,22,10,12
212000310,38,30,8
212000311,7,128,-121
212000374,13,15,-2
213000001,30,1489,-1459
213000005,512,172,340
213000006,1279,254,1025
213000007,197,40,157
213000009,888,387,501
213000010,254,301,-47
213000011,267,151,116
213000012,190,508,-318
213000014,57,10,47
213000015,213,10,203
213000016,344,1,343
213000017,59,2,57
213000018,5,257,-252
213000019,6,246,-240
213000020,139,627,-488
213000021,4,157,-153
213000023,350,318,32
213000033,291,1580,-1289
213000034,812,503,309
213000035,105,346,-241
213000045,142,366,-224
213000046,214,310,-96
213000047,724,1256,-532
213000056,68,61,7
213000069,132,1,131
213000073,0,43,-43
213000074,260,985,-725
213000075,562,9,553
213000076,14,0,14
213000085,3,48,-45
213000086,16,361,-345
213000091,91,23,68
213000092,54,11,43
213000099,176,1230,-1054
213000100,1431,304,1127
213000101,217,175,42
213000102,340,530,-190
213000103,835,1469,-634
213000104,65,985,-920
213000105,3,116,-113
213000106,24,264,-240
213000107,149,1291,-1142
213000108,16,916,-900
213000109,4,425,-421
213000110,11,129,-118
213000111,12,146,-134
213000112,183,199,-16
213000115,32,7,25
213000116,100,1725,-1625
213000117,12,2339,-2327
213000118,344,516,-172
213000119,108,1387,-1279
213000120,159,1293,-1134
213000122,399,1249,-850
213000123,971,2428,-1457
213000124,114,2285,-2171
213000125,153,12,141
213000126,128,140,-12
213000127,186,254,-68
213000128,1197,1346,-149
213000129,711,661,50
213000130,317,303,14
213000132,236,123,113
213000133,351,161,190
213000134,862,11,851
213000136,437,23,414
213000137,609,118,491
213000139,293,22,271
213000147,106,6,100
213000148,40,6,34
213000149,65,4,61
213000150,2,131,-129
213000151,3,136,-133
213000152,4,118,-114
213000153,4,71,-67
213000154,42,320,-278
213000155,43,548,-505
213000156,118,1000,-882
213000157,1042,722,320
213000158,368,1274,-906
213000159,589,938,-349
213000163,462,110,352
213000165,848,282,566
213000171,1,209,-208
213000172,5,533,-528
213000173,4,454,-450
213000174,6,361,-355
213000175,15,289,-274
213000176,46,32,14
213000177,72,4,68
213000178,92,3,89
213000179,133,4,129
213000180,131,0,131
213000184,136,1020,-884
213000188,341,108,233
213000189,277,56,221
213000190,954,1491,-537
213000191,324,942,-618
213000192,202,966,-764
213000193,2765,331,2434
213000194,0,46,-46
213000195,30,605,-575
213000196,258,1539,-1281
213000197,353,831,-478
213000198,136,2,134
213000200,158,1764,-1606
213000201,62,63,-1
213000202,15,1415,-1400
213000203,4895,834,4061
213000204,502,111,391
213000205,324,181,143
213000206,824,116,708
213000207,235,15,220
213000208,94,2,92
213000209,220,3,217
213000210,529,5,524
213000211,14,17,-3
213000212,8,18,-10
213000213,6,40,-34
213000218,264,1400,-1136
213000219,507,12,495
213000220,421,11,410
213000223,288,200,88
213000224,83,30,53
213000225,51,25,26
213000226,57,31,26
213000227,719,309,410
213000228,259,89,170
213000229,515,39,476
213000230,359,27,332
213000232,75,684,-609
213000233,15,55,-40
213000234,10,51,-41
213000293,28,85,-57
213000294,134,11,123
213000295,23,140,-117
213000296,82,28,54
213000297,4,173,-169
213000298,16,192,-176
213000299,87,65,22
213000300,6,5,1
213000303,4,44,-40
213000304,2,12,-10
213000305,6,21,-15
213000306,111,77,34
213000307,485,111,374
213000308,133,536,-403
213000309,165,75,90
213000310,315,139,176
213000311,338,1305,-967
213000315,88,335,-247
213000316,84,59,25
213000322,100,326,-226
213000323,93,182,-89
213000324,81,206,-125
213000325,35,306,-271
213000326,50,112,-62
213000327,30,252,-222
213000328,37,202,-165
213000329,85,167,-82
213000340,181,1511,-1330
213000341,313,114,199
213000347,1044,343,701
213000348,9,281,-272
213000349,31,23,8
213000350,319,2509,-2190
213000366,61,716,-655
213000367,175,44,131
213000379,66,219,-153
213000386,68,325,-257
213000406,135,503,-368
213000417,1353,625,728
213000425,118,64,54
213000426,107,136,-29
213000427,63,831,-768
213000428,45,509,-464
213000429,8,5,3
213000430,147,2246,-2099
213000431,40,1,39
213000432,0,44,-44
213000433,15,265,-250
213000434,56,179,-123
213000435,102,133,-31
213000436,12,149,-137
213000437,2,124,-122
213000438,185,227,-42
213000439,113,26,87
213000440,27,360,-333
213000441,0,1,-1
213000442,3,116,-113
213000443,582,825,-243
213000444,32,169,-137
213000445,0,172,-172
213000446,0,31,-31
213000447,25,38,-13
213000448,10,144,-134
213000449,243,1,242
213000450,49,74,-25
213000451,258,128,130
213000452,10,41,-31
213000453,63,626,-563
213000455,460,54,406
213000456,0,223,-223
213000481,11,9,2
213000484,63,5,58
213000489,900,73,827
213900002,0,114,-114
213900003,418,29,389
213900013,3,235,-232
213900015,0,8,-8
213900016,5,5,0
213900020,9,304,-295
213900030,1,122,-121
213900032,378,152,226
213900033,130,40,90
213900034,362,144,218
213900035,202,1065,-863
213900036,135,417,-282
213900037,30,558,-528
213900038,319,384,-65
213900039,0,160,-160
213900041,1,161,-160
213900042,208,202,6
213900043,215,237,-22
213900244,23,0,23
213900245,0,35,-35
218000003,37,20,17
218000004,62,34,28
218000005,48,54,-6
218000006,78,32,46
218000007,13,27,-14
218000012,536,229,307
218000013,81,155,-74
218000014,510,493,17
218000019,1002,922,80
218000020,321,730,-409
218000021,42,166,-124
218000022,22,74,-52
218000023,3,68,-65
218000024,3,33,-30
218000025,23,58,-35
218000026,10,120,-110
218000027,0,42,-42
218000028,4,16,-12
218000029,2,5,-3
218000030,25,61,-36
218000031,1,85,-84
218000032,3,64,-61
218000040,6,5,1
218000046,43,284,-241
218000047,32,377,-345
218000048,50,382,-332
218000049,191,362,-171
218000050,470,624,-154
218000051,97,634,-537
218000052,8,243,-235
218000053,4,28,-24
218000054,30,56,-26
218000055,10,38,-28
218000056,23,42,-19
218000057,4,49,-45
218000064,3,30,-27
218000065,65,86,-21
218000066,7,62,-55
218000067,81,155,-74
218000068,81,151,-70
218000069,185,305,-120
218000070,179,409,-230
218000071,185,364,-179
218000072,330,444,-114
218000078,739,1982,-1243
218000079,84,129,-45
218000080,93,131,-38
218000081,292,428,-136
218000082,35,235,-200
218000083,38,102,-64
218000084,104,328,-224
218000085,140,782,-642
218000086,72,347,-275
218000087,196,407,-211
218000090,22,88,-66
218000091,856,632,224
218000092,56,300,-244
218000093,60,133,-73
218000094,507,1215,-708
218000099,281,798,-517
218000100,231,417,-186
218000101,188,219,-31
218000102,222,445,-223
218000103,97,255,-158
218000104,60,92,-32
218000105,46,19,27
218000106,14,18,-4
218000107,49,155,-106
218000108,17,87,-70
218000112,89,29,60
218000117,48,70,-22
218000134,813,1637,-824
218000135,61,206,-145
218000136,325,102,223
218000137,168,164,4
218000138,39,133,-94
218000139,144,526,-382
218000140,348,292,56
218000141,110,120,-10
218000142,133,211,-78
218000143,157,306,-149
218000144,75,101,-26
218000145,268,620,-352
218000146,69,237,-168
218000151,10,38,-28
218000152,102,88,14
218000153,23,6,17
218000154,8,5,3
218000155,12,4,8
218000156,47,50,-3
218000157,18,28,-10
218000158,8,22,-14
218000159,3,4,-1
218000160,3,9,-6
218000161,31,12,19
218000162,24,14,10
218000163,3,4,-1
218000164,30,12,18
218000165,69,96,-27
218000170,6,60,-54
218000171,68,34,34
218000172,30,14,16
218000173,65,29,36
218000174,24,14,10
218000176,158,63,95
218000177,387,267,120
218000178,72,307,-235
218000179,106,129,-23
218000180,69,34,35
218000181,193,115,78
218000187,4,28,-24
218000188,49,71,-22
218000189,24,132,-108
218000190,15,47,-32
218000191,98,157,-59
218000192,111,832,-721
218000193,369,855,-486
218000194,76,917,-841
218000195,140,218,-78
218000196,265,523,-258
218000197,260,672,-412
218000198,24,299,-275
218000199,62,73,-11
218000200,87,96,-9
218000201,29,21,8
218000202,339,224,115
218000207,12,127,-115
218000208,53,139,-86
218000211,64,26,38
218000212,1,28,-27
218000213,175,127,48
218000214,9,63,-54
218000215,77,182,-105
218000217,6,250,-244
218000218,437,167,270
218000219,97,44,53
218000220,253,547,-294
218000221,1591,221,1370
218000222,75,31,44
218000223,61,378,-317
218000224,19,152,-133
218000225,207,16,191
218000226,104,136,-32
218000230,0,6,-6
218000232,51,129,-78
218000239,133,16,117
218000240,13,2,11
218000241,19,0,19
218000242,61,3,58
218000243,41,2,39
218000244,22,2,20
218000245,11,1,10
218000246,0,0,0
218000247,3,1,2
218000248,0,46,-46
218000249,0,10,-10
218000250,4,30,-26
218000251,2,35,-33
218000252,2,19,-17
218000253,2,10,-8
218000254,3,14,-11
218000255,1,22,-21
218000256,1,58,-57
218000267,1204,1614,-410
218000268,6,86,-80
218000269,2,17,-15
218000270,22,63,-41
218000271,26,81,-55
218000273,11,20,-9
218000274,14,8,6
218000275,13,40,-27
218000276,10,64,-54
218000278,20,55,-35
218000279,16,34,-18
218000280,8,26,-18
218000281,17,12,5
218000282,737,341,396
218000284,157,16,141
218000301,75,136,-61
218000302,151,59,92
218000303,33,113,-80
218000316,658,1574,-916
218000317,747,1515,-768
218000318,369,1187,-818
218000319,885,2731,-1846
218000320,731,1274,-543
218000338,83,43,40
218000345,122,66,56
218000346,36,198,-162
218000459,89,606,-517
218000490,52,99,-47
218000501,82,77,5
218000502,60,162,-102
218000503,57,20,37
218000504,151,28,123
218000505,89,245,-156
218000506,43,300,-257
218000508,5,5,0
218000510,176,9,167
218000520,191,158,33
218000521,1,144,-143
218000522,1,240,-239
218000523,136,1,135
218000524,47,303,-256
218000525,126,18,108
218000526,29,197,-168
218000529,42,698,-656
218000530,11,8,3
218000531,9,27,-18
218000532,10,36,-26
218000534,98,13,85
218000537,31,48,-17
218000538,223,190,33
218000540,592,82,510
218000543,104,53,51
218000544,68,242,-174
218000545,47,89,-42
218000546,74,213,-139
218000547,128,176,-48
218000548,111,355,-244
218000549,468,285,183
218000550,249,785,-536
218000551,199,858,-659
218000552,600,84,516
218000553,16,102,-86
218000554,17,29,-12
218000555,28,40,-12
218000556,69,746,-677
218000557,217,200,17
218000558,175,64,111
218000559,0,45,-45
218000560,0,22,-22
218000561,16,2,14
218000562,39,327,-288
218000563,285,30,255
218000564,17,160,-143
218000565,230,37,193
218000566,443,49,394
218000567,5,85,-80
218000568,50,6,44
218000569,11,191,-180
218000570,217,5,212
218000571,1,131,-130
218000572,139,12,127
218000573,22,162,-140
218000574,145,48,97
218000575,113,0,113
218000576,0,74,-74
218000577,141,0,141
218000578,0,86,-86
218000579,109,8,101
218000581,6,177,-171
218000582,86,16,70
218000583,13,1,12
218000584,0,30,-30
218000585,21,5,16
218000586,5,72,-67
218000587,3,13,-10
218000588,2,2,0
218000589,0,2,-2
218000590,5,3,2
218000591,1,4,-3
218000592,17,0,17
218000593,1,0,1
218000594,0,1,-1
218000595,0,0,0
218000596,0,0,0
218000597,0,0,0
218000598,0,2,-2
218000599,0,0,0
218000600,0,9,-9
218000601,0,0,0
218000602,0,3,-3
218000603,0,11,-11
218000604,21,0,21
218000605,2,27,-25
218000606,96,1,95
218000607,22,67,-45
218000608,69,20,49
218000609,3,68,-65
218000610,118,4,114
218000611,35,4,31
218000612,1,35,-34
218000613,50,2,48
218000614,1,44,-43
218000615,109,3,106
218000616,12,229,-217
218000617,30,5,25
218000618,0,23,-23
218000619,36,43,-7
218000620,7,37,-30
218000621,1,1,0
218000622,0,7,-7
218000623,63,2,61
218000624,10,12,-2
218000625,53,13,40
218000626,2,14,-12
218000628,77,81,-4
218000631,17,10,7
218000632,2,155,-153
218000633,53,2,51
218000634,13,16,-3
218000635,7,20,-13
218000636,983,2782,-1799
218000637,808,779,29
218000638,160,103,57
218000639,18,334,-316
218000640,188,51,137
218000641,32,618,-586
218000652,105,229,-124
218000653,206,141,65
218000663,7,249,-242
218000675,66,62,4
218000676,3,58,-55
218000677,6,17,-11
218000680,175,989,-814
218000681,331,132,199
218000691,111,793,-682
218000693,145,162,-17
218000703,10,110,-100
218000718,1151,969,182
218000719,1758,233,1525
218000720,5,139,-134
218000721,105,11,94
218000725,9,16,-7
218001214,22,27,-5
218001329,104,156,-52
218001330,153,168,-15
218001351,25,18,7
218001352,21,14,7
218001353,13,15,-2
218001354,4,26,-22
219000001,26,128,-102
219000002,46,121,-75
219000003,41,45,-4
219000004,71,56,15
219000017,289,18,271
219000020,76,43,33
219000022,112,7,105
219000023,121,2,119
219000029,0,91,-91
219000034,40,23,17
219000039,42,128,-86
219000040,41,36,5
219000041,90,23,67
219000051,0,97,-97
219000052,0,20,-20
219000053,1,273,-272
219000054,385,644,-259
219000055,72,1,71
219000056,43,0,43
219000057,69,1,68
219000062,12,454,-442
219000063,55,10,45
219000064,2,49,-47
219000110,291,47,244
219000111,73,40,33
219000112,151,52,99
219000113,140,52,88
219000114,269,98,171
219000116,95,61,34
219000117,198,179,19
219000118,164,145,19
219000123,440,147,293
219000124,112,81,31
219000125,19,19,0
219000126,73,132,-59
219000127,0,3,-3
219000128,16,144,-128
219000129,29,232,-203
219000130,858,1054,-196
219000131,548,953,-405
219000133,57,41,16
219000134,18,22,-4
219000135,28,66,-38
219000136,172,173,-1
219000138,69,26,43
219000139,31,74,-43
219000140,54,5,49
219000141,20,156,-136
219000142,29,135,-106
219000143,18,146,-128
219000145,13,107,-94
219000146,4,115,-111
219000147,3,92,-89
219000148,4,111,-107
219000149,16,282,-266
219000150,2,205,-203
219000151,2,134,-132
219000157,147,184,-37
219000158,236,297,-61
219000161,218,10,208
219000163,2018,502,1516
219000166,87,267,-180
219000167,105,328,-223
219000168,272,91,181
219000174,264,201,63
219000175,59,6,53
219000176,56,12,44
219000177,46,2,44
219000178,13,7,6
219000179,15,8,7
219000180,32,33,-1
219000182,97,18,79
219000183,48,66,-18
219000184,95,13,82
219000185,3,154,-151
219000186,67,110,-43
219000187,23,231,-208
219000189,188,326,-138
219000190,171,398,-227
219000191,1692,1657,35
219000192,201,162,39
219000193,694,242,452
219000195,4,72,-68
219000196,2,167,-165
219000198,24,234,-210
219000199,110,303,-193
219000200,39,222,-183
219000201,90,364,-274
219000203,33,246,-213
219000204,109,309,-200
219000205,55,247,-192
219000207,140,417,-277
219000209,27,141,-114
219000210,74,155,-81
219000213,18,635,-617
219000239,226,314,-88
219000240,224,538,-314
219000241,94,369,-275
219000242,85,336,-251
219000243,109,526,-417
219000244,32,133,-101
219000245,32,61,-29
219000246,48,34,14
219000247,86,37,49
219000248,469,365,104
219000249,92,81,11
219000250,80,123,-43
219000251,526,285,241
219000252,227,154,73
219000253,312,56,256
219000255,75,68,7
219000256,149,84,65
219000257,124,36,88
219000262,130,309,-179
219000263,38,269,-231
219000267,10,251,-241
219000268,5,17,-12
219000269,4,4,0
219000270,12,2,10
219000271,91,8,83
219000278,0,17,-17
219000279,2,8,-6
219000283,0,8,-8
219000295,4,132,-128
219000296,86,827,-741
219000297,14,258,-244
219000298,16,332,-316
219000299,423,112,311
219000300,26,402,-376
219000301,272,439,-167
219000302,32,272,-240
219000307,49,58,-9
219000308,52,36,16
219000311,181,49,132
219000312,485,78,407
219000313,320,45,275
219000314,93,819,-726
219000315,179,52,127
219000316,464,62,402
219000317,92,17,75
219000320,0,57,-57
219000321,0,20,-20
219000323,1,144,-143
219000325,2,65,-63
219000326,73,182,-109
219000327,73,50,23
219000328,32,77,-45
219000329,297,140,157
219000330,34,17,17
219000331,41,50,-9
219000332,49,99,-50
219000333,16,5,11
219000335,56,8,48
219000337,16,0,16
219000338,68,0,68
219000344,50,79,-29
219000345,78,206,-128
219000346,37,171,-134
219000348,138,320,-182
219000349,40,452,-412
219000350,89,147,-58
219000351,10,3,7
219000352,349,102,247
219000353,155,58,97
219000354,181,174,7
219000355,124,40,84
219000356,2100,892,1208
219000363,321,53,268
219000364,71,42,29
219000365,96,20,76
219000366,268,260,8
219000368,466,470,-4
219000370,1290,286,1004
219000371,8,25,-17
219000382,9,20,-11
219000383,793,1218,-425
219000385,818,695,123
219000386,1336,2084,-748
219000387,26,7,19
219000390,10,14,-4
219000391,10,0,10
219000397,69,93,-24
219000398,70,49,21
219000401,15,151,-136
219000402,28,129,-101
219000403,138,230,-92
219000404,19,87,-68
219000407,0,56,-56
219000409,46,39,7
219000410,99,33,66
219000411,81,20,61
219000446,307,831,-524
219000447,1,25,-24
219000448,6,8,-2
219000452,104,74,30
219000453,61,180,-119
219000454,318,210,108
219000556,161,101,60
219000558,127,521,-394
219000590,34,277,-243
219000591,40,140,-100
219000592,109,493,-384
219000595,0,52,-52
219000635,85,55,30
219000636,38,132,-94
219000657,11,25,-14
219000658,28,74,-46
219000673,0,6,-6
219000676,92,0,92
219000679,90,20,70
219000684,86,1,85
219000685,2,135,-133
219000686,1,5,-4
219000688,2,120,-118
219000689,70,371,-301
219000690,205,50,155
219000691,80,197,-117
219000692,233,56,177
219000693,0,36,-36
219000694,13,0,13
219000695,15,3,12
219000698,81,0,81
219000699,0,20,-20
219000727,3,295,-292
219000728,67,1,66
219000770,42,3,39
219000771,0,43,-43
219001150,2,22,-20
219001151,2,3,-1
219001166,10,27,-17
219001167,1,102,-101
220000001,51,43,8
220000002,53,307,-254
220000003,532,364,168
220000004,749,772,-23
220000005,1770,2412,-642
220000006,240,1165,-925
220000007,387,744,-357
220000008,456,1485,-1029
220000009,250,861,-611
220000010,188,216,-28
220000011,1084,3932,-2848
220000012,232,539,-307
220000014,110,61,49
220000015,67,220,-153
220000017,90,655,-565
220000018,10309,2963,7346
220000019,102,328,-226
220000020,523,299,224
220000021,542,276,266
220000022,520,645,-125
220000023,240,202,38
220000024,1901,425,1476
220000025,898,1170,-272
220000026,217,240,-23
220000027,30,132,-102
220000028,20,64,-44
220000029,108,374,-266
220000030,120,129,-9
220000031,284,383,-99
220000064,47,1621,-1574
221000046,8,0,8
221000047,0,2,-2
221000048,0,4,-4
221000049,0,14,-14
221000050,13,1,12
221000055,51,71,-20
221000057,69,3,66
221000068,365,168,197
221000069,319,73,246
221000070,239,30,209
221000071,106,11,95
221000072,257,14,243
221000073,222,53,169
221000074,2,29,-27
221000075,20,20,0
221000076,5,40,-35
221000077,58,126,-68
221000081,63,11,52
221000082,42,10,32
221000083,31,3,28
221000084,4,4,0
221000085,24,126,-102
221000086,12,194,-182
221000087,8,309,-301
221000088,13,286,-273
221000089,30,414,-384
221000090,151,705,-554
221000098,64,19,45
221000099,118,14,104
221000100,64,15,49
221000101,148,13,135
221000102,107,24,83
221000109,7,128,-121
221000110,17,141,-124
221000111,27,195,-168
221000112,3,197,-194
221000113,16,239,-223
221000114,16,205,-189
221000120,36,54,-18
221000121,7,25,-18
221000122,39,43,-4
221000123,6,12,-6
221000124,47,565,-518
221000155,65,9,56
221000156,23,27,-4
221000175,4,5,-1
221000176,0,3,-3
221000182,43,10,33
221000241,521,244,277
221000242,296,626,-330
221000243,392,148,244
221000244,278,605,-327
221000245,47,106,-59
221000246,32,285,-253
221000247,57,160,-103
221000248,120,173,-53
221000267,58,1272,-1214
221000325,71,116,-45
221000331,10,231,-221
221000338,47,30,17
221000378,129,39,90
221000381,66,79,-13
222000282,11,2,9
222000296,10,41,-31
222000568,360,17,343
222000569,117,43,74
222000570,131,19,112
222000571,302,23,279
222000577,22,485,-463
222000578,24,372,-348
222000579,55,196,-141
222000580,209,1399,-1190
222000599,1,203,-202
222000600,7,488,-481
222000601,12,1354,-1342
222000603,15,17,-2
222000604,8,27,-19
222000605,16,22,-6
222000606,1,10,-9
222000607,8,5,3
222000608,32,17,15
222000609,62,498,-436
222000616,245,37,208
222000617,17,14,3
222000618,6,1,5
222000620,47,8,39
222000621,64,13,51
222000623,419,10,409
222000624,251,3,248
222000625,390,56,334
222000636,79,6,73
222000686,28,12,16
222000687,20,29,-9
222001066,622,1,621
222001067,16,34,-18
222001068,26,151,-125
222001069,28,131,-103
222001082,12,75,-63
222001083,13,112,-99
222001084,0,29,-29
222001085,4,282,-278
222001111,38,342,-304
222001112,58,96,-38
222001313,34,6,28
222001314,0,160,-160
222001464,59,69,-10
222001465,19,220,-201
222001484,73,58,15
222001485,28,94,-66
222001494,313,151,162
222001495,111,840,-729
222001496,254,89,165
222001497,81,1154,-1073
222001502,19,170,-151
222001503,110,43,67
222001504,23,391,-368
222001505,269,24,245
222001506,58,301,-243
222001507,248,19,229
222001510,324,43,281
222001511,54,630,-576
222001514,531,209,322
222001515,294,1227,-933
222001518,252,147,105
222001519,63,588,-525
222001527,185,87,98
222001528,68,309,-241
222001529,190,65,125
222001530,103,436,-333
222001533,175,716,-541
222001534,252,58,194
222001535,147,216,-69
222001536,143,704,-561
222001537,170,31,139
222001538,93,920,-827
222001563,356,100,256
222001564,53,1148,-1095
222001568,269,154,115
222001576,6,2,4
222001579,5,4,1
222001583,15,393,-378
222001584,69,6,63
222001596,1176,2861,-1685
222001597,1947,328,1619
222001626,3,321,-318
222001650,71,120,-49
222001651,96,365,-269
222001914,164,98,66
222001915,59,428,-369
222900004,502,246,256
222900009,537,1777,-1240
222900019,139,529,-390
222900024,22,104,-82
222900025,0,52,-52
225000001,397,192,205
225000002,342,139,203
225000003,342,101,241
225000004,254,298,-44
225000005,85,82,3
225000006,0,179,-179
225000007,4272,1542,2730
225000010,199,6,193
225000011,680,1117,-437
225000012,174,685,-511
225000013,170,233,-63
225000014,939,83,856
225000015,124,336,-212
225000021,616,250,366
225000027,338,713,-375
225000032,610,216,394
225000042,104,1085,-981
225000049,69,56,13
225000050,60,27,33
225000053,3,451,-448
225000058,733,181,552
225000067,164,331,-167
225000068,109,779,-670
225000069,157,752,-595
225000070,71,678,-607
225000071,28,430,-402
225000075,39,1609,-1570
225000076,74,161,-87
225000078,81,49,32
225000085,36,107,-71
225000086,256,37,219
225000087,217,43,174
225000088,19,234,-215
225000089,304,1078,-774
225000090,24,548,-524
225000091,198,328,-130
225000092,62,94,-32
225000093,174,493,-319
225000094,25,668,-643
225000095,333,819,-486
225000096,335,650,-315
225000098,579,205,374
225000099,252,173,79
225000100,187,132,55
225000104,112,578,-466
225000110,11,630,-619
225000111,313,1745,-1432
225000112,678,1379,-701
225000113,155,916,-761
225000114,72,437,-365
225000115,3709,812,2897
225000116,1060,146,914
225000117,1140,372,768
225000118,858,356,502
225000119,234,125,109
225000120,573,46,527
225000121,234,26,208
225000123,1341,22,1319
225000125,317,361,-44
225000126,1198,205,993
225000127,969,698,271
225000128,439,657,-218
225000132,277,33,244
225000133,280,46,234
225000134,651,143,508
225000135,80,16,64
225000136,177,20,157
225000137,148,68,80
225000138,398,39,359
225000143,129,208,-79
225000144,7,395,-388
225000145,56,51,5
225000146,60,148,-88
225000147,26,448,-422
225000148,4,363,-359
225000149,65,581,-516
225000151,35,406,-371
225000155,301,599,-298
225000156,281,1077,-796
225000157,284,534,-250
225000158,94,593,-499
225000171,3,235,-232
225000180,75,51,24
225000181,0,77,-77
225000182,102,13,89
225000185,8,621,-613
225000187,52,646,-594
225000191,93,1,92
225000194,0,5,-5
225000208,3,97,-94
225000209,102,27,75
225000210,9,390,-381
225000217,0,17,-17
225000218,19,1,18
225000223,2,142,-140
225000224,365,1,364
225000225,6,63,-57
225000226,175,1,174
225000227,52,127,-75
225000228,25,17,8
225000229,1,104,-103
225000230,47,1,46
225000231,0,79,-79
225000232,154,1,153
225000241,111,1,110
225000242,1,53,-52
225000249,16,0,16
225000250,50,1151,-1101
225000251,329,39,290
225000254,31,47,-16
225000256,7,73,-66
225000257,1,87,-86
226000042,538,758,-220
226000043,72,379,-307
226000044,182,1124,-942
226000045,60,692,-632
226000046,502,87,415
226000047,315,69,246
226000048,354,73,281
226000049,274,138,136
226000070,0,74,-74
226000071,1,88,-87
226000072,0,23,-23
226000073,0,18,-18
226000074,1,12,-11
226000084,3,72,-69
226000085,4,13,-9
226000086,8,10,-2
226000087,1,14,-13
226000088,36,31,5
226000090,93,35,58
226000091,18,11,7
226000092,3,4,-1
226000093,35,2,33
226000094,27,2,25
226000095,29,2,27
226000105,16,0,16
226000106,9,0,9
226000107,14,0,14
226000108,23,0,23
226000109,86,26,60
226000124,177,51,126
226000134,358,625,-267
226000135,934,698,236
226000136,267,484,-217
226000137,12,676,-664
226000138,8,407,-399
226000139,2,33,-31
226000156,80,2,78
226000157,160,16,144
226000163,175,59,116
226000202,14,689,-675
226000231,125,10,115
226000232,42,1,41
227000033,291,42,249
227000036,213,32,181
227000037,156,43,113
227000038,178,29,149
227000084,0,46,-46
227000085,3,31,-28
227000088,90,7,83
227000089,67,1,66
227000090,43,0,43
227000091,5,0,5
227000092,18,0,18
227000093,123,2,121
227000094,5,1,4
227000130,29,76,-47
227000131,27,294,-267
227000132,16,292,-276
227000133,8,302,-294
227000134,12,497,-485
227000152,0,3,-3
227000153,0,46,-46
227000154,1,23,-22
227000155,0,24,-24
227000156,0,24,-24
227000165,4,21,-17
227000196,201,676,-475
227000199,143,1329,-1186
227000230,42,1193,-1151
227000232,281,13,268
227000242,52,662,-610
227000243,283,94,189
227000245,16,519,-503
227000246,78,626,-548
227000247,205,91,114
227000248,63,24,39
227000249,23,230,-207
227000250,365,143,222
227000251,145,279,-134
227000252,17,440,-423
227000253,61,21,40
227000262,246,50,196
227000266,623,10,613
227000267,46,4827,-4781
227000282,6,466,-460
227000284,241,45,196
227000286,3,138,-135
227000291,24,1305,-1281
227000296,287,562,-275
227000484,251,15,236
227000485,30,1684,-1654
227000655,86,72,14
227000656,671,42,629
227000657,41,33,8
227000704,118,17,101
229000265,3,10,-7
229000266,4,0,4
229000267,18,0,18
229000268,34,0,34
229000269,42,1,41
229000274,1,32,-31
229000275,0,29,-29
229000276,8,32,-24
229000277,0,4,-4
229000278,1,12,-11
229000295,19,46,-27
229000296,44,15,29
229000297,10,50,-40
229000298,5,295,-290
229000320,7,20,-13
229000321,57,20,37
229000412,42,130,-88
229000414,25,100,-75
229000415,16,2,14
229000416,3,5,-2
229000417,3,12,-9
229000419,162,460,-298
229000440,337,101,236
229000442,40,24,16
229000443,3,6,-3
229000444,1,34,-33
229000445,58,20,38
229000446,84,26,58
229000491,2,41,-39
229000492,17,248,-231
229000493,5,189,-184
229000494,33,5,28
229000495,100,19,81
229000496,27,11,16
229000507,0,85,-85
229000508,2,56,-54
229000509,0,102,-102
229000510,0,45,-45
229000511,2,88,-86
229000512,0,61,-61
229000513,0,13,-13
229000514,1,7,-6
229000517,2,12,-10
229000518,14,62,-48
229000519,3,23,-20
229000520,7,41,-34
229000521,41,31,10
229000522,7,25,-18
229000523,13,26,-13
229000524,0,11,-11
229000527,3,0,3
229000528,0,0,0
229000529,7,2,5
229000530,74,3,71
229000531,20,3,17
229000532,25,3,22
229000533,110,3,107
229000534,80,1,79
229000564,84,0,84
229000565,12,0,12
229000566,0,21,-21
229000567,0,116,-116
229000582,201,4,197
229000583,12,2,10
229000584,1,61,-60
229000585,2,87,-85
229000718,0,4,-4
229000719,0,3,-3
229000720,0,12,-12
229000721,0,17,-17
229000722,0,41,-41
229000723,0,22,-22
229000724,0,2,-2
229000725,0,16,-16
229000738,0,1,-1
229000739,2,0,2
229000740,2,0,2
229000741,7,0,7
229000742,5,0,5
229000743,18,1,17
229000744,0,0,0
229000745,1,0,1
229000746,22,0,22
229000847,30,0,30
229000848,13,0,13
229000849,74,0,74
229000851,20,0,20
229000854,0,89,-89
229000856,2,310,-308
229000857,0,80,-80
229000858,3,212,-209
229000919,20,96,-76
229000930,6,432,-426
229000937,70,14,56
229000966,30,31,-1
229000981,36,73,-37
229000985,11,57,-46
229000986,1,9,-8
229000987,0,2,-2
229000988,5,1,4
229000989,11,16,-5
229000990,4,7,-3
229000991,1,2,-1
229000992,19,24,-5
229000993,292,36,256
229000998,10,94,-84
229000999,84,42,42
229001034,3,43,-40
229001035,31,4,27
229001036,11,75,-64
229001037,75,1,74
229001038,0,10,-10
229001039,7,0,7
229001040,0,187,-187
229001041,139,1,138
229001042,17,41,-24
229001047,7,94,-87
229001050,32,33,-1
229001168,0,22,-22
229001200,16,5,11
229001338,5,34,-29
229001394,252,1,251
229001422,82,30,52
229001423,50,215,-165
229001431,49,48,1
229001432,60,110,-50
229001444,207,109,98
229001445,35,311,-276
229001479,8,4,4
229001503,130,81,49
229001504,138,334,-196
229001505,62,55,7
229001506,77,305,-228
229001509,70,0,70
229001510,10,55,-45
229001545,59,3,56
229001546,2,125,-123
229001553,46,15,31
229001554,34,177,-143
229001630,96,25,71
229001631,22,54,-32
229001635,0,7,-7
229001636,1,3,-2
229001658,0,180,-180
229001659,68,6,62
229001660,1,3,-2
229001661,10,26,-16
229001662,111,0,111
229001663,0,12,-12
229002584,291,321,-30
229002831,389,212,177
229002841,16,27,-11
229002842,12,18,-6
229002843,74,32,42
229002844,37,67,-30
229002845,29,76,-47
229002846,22,19,3
229002847,2,19,-17
229002848,9,11,-2
229002849,1,97,-96
229002850,9,2,7
229002851,35,142,-107
229002852,95,51,44
229002853,106,17,89
229002854,38,57,-19
229002855,22,40,-18
229002856,26,36,-10
229002857,20,60,-40
229002858,15,18,-3
229002859,73,25,48
229002860,79,12,67
229002861,95,75,20
229002862,15,84,-69
229002863,15,50,-35
229002864,6,53,-47
229002865,21,17,4
229002866,8,32,-24
229002867,8,22,-14
229002868,8,20,-12
229002869,14,172,-158
229002870,47,10,37
235000066,453,117,336
235000067,123,148,-25
235000072,20,83,-63
235000073,60,495,-435
235000074,41,135,-94
235000080,42,117,-75
235000081,118,243,-125
235000082,107,114,-7
235000083,146,143,3
235000084,36,63,-27
235000085,58,120,-62
235000089,19,42,-23
235000092,9,212,-203
235000093,6,3,3
235000097,9,7,2
235000098,64,10,54
235000099,35,56,-21
235000116,49,41,8
235000117,1068,16,1052
235000133,14,291,-277
235000134,10,129,-119
235000206,3,6,-3
235000207,9,2,7
235000208,7,1,6
235000209,4,0,4
235000210,2,1,1
235000212,5,21,-16
235000213,1,6,-5
235000220,0,4,-4
235000221,32,4,28
235000238,9,25,-16
235000239,3,6,-3
235000242,278,368,-90
235000245,825,210,615
235000246,12,65,-53
235000284,9,149,-140
235000295,166,12,154
235000305,169,12,157
235000306,105,11,94
235000307,39,19,20
235000308,55,3,52
235000309,69,0,69
235000310,49,1,48
235000311,47,11,36
235000322,0,36,-36
235000323,1,108,-107
235000324,3,36,-33
235000325,4,25,-21
235000326,12,452,-440
235000351,5,83,-78
235000352,56,70,-14
235000353,2,36,-34
235000354,12,54,-42
235000355,6,110,-104
235000356,69,17,52
235000357,22,6,16
235000358,51,12,39
235000359,11,3,8
235000360,62,17,45
235000361,43,5,38
235000381,60,389,-329
235000382,136,60,76
235000390,29,6,23
235000391,100,25,75
235000392,55,213,-158
235000393,67,125,-58
235000395,54,41,13
235000396,230,46,184
235000400,288,41,247
235000401,65,227,-162
235000405,129,338,-209
235000406,41,350,-309
235000407,86,150,-64
235000409,235,197,38
235000410,34,293,-259
235000411,4,98,-94
235000485,0,13,-13
235000486,9,0,9
235000549,55,145,-90
235000550,72,296,-224
235000599,65,96,-31
235000600,3,19,-16
235000601,20,50,-30
235000602,40,169,-129
235000614,1,3,-2
235000648,0,22,-22
235000649,30,2,28
235000685,2,8,-6
235000815,13,30,-17
235000834,0,10,-10
235000855,59,87,-28
235000862,54,300,-246
235000891,0,5,-5
235000892,20,8,12
235000901,112,152,-40
235000907,4,19,-15
235001010,33,145,-112
235001029,658,553,105
235001030,321,259,62
235001078,76,96,-20
235001079,71,156,-85
235001147,17,56,-39
235001166,3,145,-142
235001167,29,93,-64
235001169,55,496,-441
235001188,0,7,-7
235001189,4,1,3
235001197,65,23,42
235001200,23,37,-14
235001208,27,22,5
235001209,29,79,-50
235001210,36,270,-234
235001239,1,66,-65
235001244,2,6,-4
235016267,0,31,-31
241900007,31,0,31
277101746,0,1,-1
277102712,12,3,9
277103813,0,0,0
277103814,0,0,0
277103898,1,6,-5
277104249,0,5,-5
277104250,0,6,-6
277104251,0,19,-19
277104252,0,3,-3
990011530,1,263,-262
990014944,3,609,-606
990015176,20,8,12
990015618,2,147,-145
990016032,2,1132,-1130
990032570,5,362,-357
990070001,54,2,52
990070103,0,4,-4
990070601,0,155,-155
990070751,397,1,396
990070766,3,1137,-1134
990071180,980,388,592
990071343,16,1,15
990071387,0,10,-10
990071823,451,147,304
990072600,2,970,-968
990072964,2,868,-866
990073285,0,4,-4
990074393,11,2157,-2146
990074870,899,59,840
990075106,922,56,866
990075746,387,45,342
990076437,765,4,761
990076458,6,2000,-1994
997000007,244,3,241
997000041,0,163,-163
997000058,39,0,39
997000062,76,1,75
997000069,0,7,-7
997000070,1,228,-227
997000100,32,0,32
997000141,33,3916,-3883
997000198,4,1745,-1741
998000475,1,42,-41
998000736,2,501,-499
998000965,0,13,-13
998001031,0,75,-75
998001700,0,44,-44
998001899,0,1,-1
998001900,7,2,5
998003073,2293,6,2287
998101900,0,0,0
998102850,6,138,-132
998501927,832,468,364
998501929,96,6,90
998501930,94,0,94
998501931,226,85,141
998501932,4,0,4
998501933,65,0,65
998501937,21,6,15
998501944,5,2,3
998501950,0,0,0
998501970,68,8,60
998501971,0,112,-112
998501973,0,115,-115
998501974,1,332,-331
998501975,340,0,340
998501976,68,2,66
998501977,0,28,-28
998501978,25,1,24
998501979,0,23,-23
998501980,133,5,128
998501981,12,39,-27
998501982,2,168,-166
998502006,5,0,5
998502024,0,7,-7
998502032,1,5,-4
998502062,22,1,21
998502063,0,0,0
998502173,16,3,13
998502269,0,2,-2
998601159,2,425,-423
998601292,0,43,-43
999033574,0,411,-411
999800001,59,22,37
999800002,0,5,-5
999800003,7,1,6
999800004,0,4,-4
999800005,0,14,-14
