ID,insum,outsum,diff
100000001,709,1041,-332
100000002,5471,1809,3662
100000003,8439,4494,3945
100000004,2029,1518,511
100000005,2908,5470,-2562
100000006,1667,159,1508
100000007,3509,916,2593
100000008,564,670,-106
100000009,1077,525,552
100000010,379,88,291
100000011,1062,137,925
100000012,178,1016,-838
100000013,899,281,618
100000014,829,393,436
100000015,2272,3162,-890
100000016,1351,1749,-398
100000017,1045,1230,-185
100000018,2270,862,1408
100000019,5935,2530,3405
100000020,2872,8877,-6005
100000021,6973,2868,4105
100000022,2407,2351,56
100000023,6777,2383,4394
100000025,2735,1242,1493
100000028,2487,1253,1234
100000029,320,345,-25
100000030,388,94,294
100000031,7058,8960,-1902
100000032,3886,4636,-750
100000033,1229,2994,-1765
100000034,723,627,96
100000035,2582,1739,843
100000036,3428,1661,1767
100000037,842,594,248
100000038,2979,1306,1673
100000039,1183,232,951
100000040,192,197,-5
100000041,1479,695,784
100000042,1847,708,1139
100000043,1445,543,902
100000044,443,903,-460
100000045,800,1449,-649
100000046,890,1324,-434
100000047,467,886,-419
100000048,1130,771,359
100000049,2438,2797,-359
100000051,653,1275,-622
100000053,275,8,267
100000054,452,74,378
100000055,1232,307,925
100000056,575,542,33
100000057,2505,939,1566
100000058,1358,1683,-325
100000059,17,163,-146
100000060,423,484,-61
100000061,2760,666,2094
100000062,2707,774,1933
100000063,979,323,656
100000064,1596,407,1189
100000065,497,1176,-679
100000066,275,875,-600
100000067,516,958,-442
100000068,735,2674,-1939
100000069,468,2109,-1641
100000072,454,1441,-987
100000073,1451,1743,-292
100000075,867,466,401
100000076,3761,2985,776
100000077,374,187,187
100000078,101,71,30
100000079,71,117,-46
100000080,56,103,-47
100000081,174,272,-98
100000102,3657,2294,1363
100000103,6078,1630,4448
100000104,6605,3189,3416
100000105,3764,2172,1592
100000106,3413,2594,819
100000107,1152,984,168
100000108,1098,1327,-229
100000109,4302,1732,2570
100000116,2052,1361,691
100000117,135,155,-20
100000118,2264,1246,1018
100000119,726,948,-222
100000121,316,583,-267
100000122,1160,1313,-153
100000123,4952,5930,-978
100000124,9343,8738,605
100000125,5216,1808,3408
100000126,1361,468,893
100000127,2140,488,1652
100000128,2542,2260,282
100000129,742,618,124
100000130,655,756,-101
100000131,3511,4104,-593
100000132,2127,3778,-1651
100000133,8696,3585,5111
100000135,795,1441,-646
100000139,638,318,320
100000140,567,407,160
100000142,629,772,-143
100000143,1049,600,449
100000144,4426,1282,3144
100000147,1393,3344,-1951
100000150,36,456,-420
100000151,1338,1073,265
100000153,417,555,-138
100000154,151,249,-98
100000155,49,73,-24
100000156,786,435,351
100000157,152,136,16
100000158,334,87,247
100000159,364,623,-259
100000165,1868,1076,792
100000169,533,497,36
100000174,1239,584,655
100000179,127,716,-589
100000180,4690,1665,3025
100000181,757,323,434
100000188,103,320,-217
100000189,1345,449,896
100000190,1142,961,181
100000191,839,659,180
100000192,122,186,-64
100000193,318,225,93
100000330,1722,1187,535
100000355,325,663,-338
100000362,7242,4161,3081
100000363,4859,6000,-1141
100000364,422,234,188
100000365,6356,6555,-199
100000366,7101,3837,3264
100000367,6066,5659,407
100000368,4014,2063,1951
100000369,1968,2241,-273
100000370,467,810,-343
100000376,223,169,54
100000379,3907,1978,1929
100000380,7453,4041,3412
100000384,7799,6055,1744
100000385,6250,5309,941
100000386,11329,6252,5077
100000387,7120,7106,14
100000388,10393,8355,2038
100000389,11138,7980,3158
100000390,13596,7217,6379
100000391,10008,9215,793
100000392,5174,4052,1122
100000393,3649,4819,-1170
100000394,11095,9243,1852
100000395,7067,3882,3185
100000396,11004,4016,6988
100000397,7793,5935,1858
100000398,14377,10064,4313
100900002,26,73,-47
100900003,493,216,277
100900004,43,916,-873
100900005,192,13,179
100900006,28,171,-143
100900007,687,32,655
100900008,4,457,-453
100900009,139,180,-41
100900010,150,169,-19
100900011,193,345,-152
100900012,1,282,-281
100900013,1327,14,1313
100900014,2,14,-12
100900015,179,133,46
100900016,2,87,-85
100900017,1573,154,1419
100900018,0,43,-43
100900019,50,243,-193
100900020,541,24,517
100900021,561,2,559
100900022,60,93,-33
100900023,0,113,-113
100900024,1135,12,1123
100900025,34,19,15
100900026,175,209,-34
100900027,991,4191,-3200
100900028,203,297,-94
100900029,106,32,74
100900030,4,62,-58
100900031,1061,131,930
100900032,306,0,306
100900033,483,275,208
100900034,635,10,625
100900035,933,6,927
100900036,42,2,40
100900037,132,294,-162
100900038,148,55,93
100900039,331,692,-361
100900040,440,944,-504
100900041,782,940,-158
100900042,2327,674,1653
100900043,0,38,-38
100900044,3169,801,2368
100900045,117,3,114
100900046,1626,25,1601
100900047,1658,742,916
100900048,332,100,232
100900049,146,262,-116
100900050,10,26,-16
100900051,66,131,-65
100900052,720,104,616
100900053,403,59,344
100900054,19,112,-93
100900055,368,784,-416
100900056,246,400,-154
100900057,851,1917,-1066
100900058,475,79,396
100900059,155,18,137
100900060,231,23,208
100900061,487,407,80
100900062,11,76,-65
100900063,290,756,-466
100900064,965,43,922
100900065,131,116,15
100900066,139,274,-135
100900067,0,21,-21
100900068,543,160,383
100900069,1137,22,1115
100900070,480,10,470
100900071,1081,493,588
100900072,7,68,-61
100900073,185,564,-379
100900074,14,14,0
100900075,2357,553,1804
100900076,53,51,2
100900077,22,172,-150
100900078,140,551,-411
100900079,12,68,-56
100900080,46,215,-169
100900081,67,241,-174
100900082,157,759,-602
100900083,24,69,-45
100900085,33,162,-129
100900086,232,1594,-1362
100900088,145,818,-673
100900089,7,44,-37
100900090,247,746,-499
100900091,3,52,-49
100900092,525,316,209
100900093,269,514,-245
100900094,153,703,-550
100900095,10,50,-40
100900096,47,167,-120
100900097,0,11,-11
100900098,33,29,4
100900099,91,691,-600
100900100,40,555,-515
100900101,513,88,425
100900102,429,203,226
100900103,38,32,6
100900104,9,223,-214
100900105,55,825,-770
100900106,83,7,76
100900107,2142,1034,1108
100900108,32,66,-34
100900109,39,66,-27
100900110,19,57,-38
100900111,54,234,-180
100900112,29,28,1
100900113,21,32,-11
100900114,16,28,-12
100900115,6,67,-61
100900116,1009,1280,-271
100900117,422,994,-572
100900118,55,52,3
100900119,63,52,11
100900120,11,21,-10
100900121,375,1073,-698
100900122,292,357,-65
100900123,107,360,-253
100900124,31,13,18
100900125,34,134,-100
100900126,275,688,-413
100900127,27,10,17
100900128,126,170,-44
100900129,0,183,-183
100900131,148,393,-245
100900133,83,125,-42
100900134,27,14,13
100900135,2,169,-167
100900137,528,293,235
100900138,821,536,285
100900139,3,14,-11
100900140,9,638,-629
100900141,0,471,-471
100900142,7,10,-3
100900143,1665,507,1158
100900144,37,13,24
100900145,462,268,194
100900146,31,180,-149
100900147,30,570,-540
100900148,59,858,-799
100900149,54,238,-184
100900150,9,95,-86
100900151,160,691,-531
100900152,268,18,250
100900153,1,232,-231
100900154,38,74,-36
100900155,25,47,-22
100900156,43,10,33
100900157,10,284,-274
100900158,865,370,495
100900159,6,49,-43
100900160,48,22,26
100900161,126,20,106
100900162,45,499,-454
100900163,370,384,-14
100900164,54,104,-50
100900165,21,88,-67
100900166,45,9,36
100900167,35,109,-74
100900168,57,228,-171
100900169,194,1125,-931
100900170,75,13,62
100900171,33,798,-765
100900172,1,12,-11
100900173,6,538,-532
100900174,1192,160,1032
100900176,2131,296,1835
100900177,967,408,559
100900178,496,186,310
100900179,236,381,-145
100900180,15,6,9
100900181,111,136,-25
100900182,63,42,21
100900184,29,239,-210
100900186,1033,696,337
100900187,11,174,-163
100900188,45,19,26
100900189,1538,325,1213
100900191,1457,1645,-188
100900192,468,442,26
100900195,179,172,7
100900197,22,149,-127
100900198,44,232,-188
100900199,24,54,-30
100900200,942,573,369
100900201,209,1083,-874
100900202,59,1,58
100900203,2,68,-66
100900204,756,595,161
100900205,283,605,-322
100900206,197,145,52
100900207,343,162,181
100900210,82,1084,-1002
100900211,615,275,340
100900213,132,56,76
100900214,1166,216,950
100900215,25,86,-61
100900217,159,160,-1
101000001,5295,3524,1771
101000002,6056,5890,166
101000003,797,2303,-1506
101000004,11555,9110,2445
101000005,5371,6138,-767
101000006,8828,8852,-24
101000007,3264,4026,-762
101000008,4815,3752,1063
101000009,3501,1920,1581
101000010,1310,1636,-326
101000011,2506,925,1581
101000012,1749,1089,660
101000013,913,1435,-522
101000014,729,887,-158
101000015,1190,1077,113
101000016,605,603,2
101000017,923,705,218
101000018,4462,3547,915
101000020,6251,1558,4693
101000021,1171,592,579
101000022,458,144,314
101000023,2057,946,1111
101000025,313,547,-234
101000026,385,22,363
101000027,2534,2665,-131
101000028,1056,286,770
101000029,368,2043,-1675
101000030,2778,149,2629
101000031,1624,876,748
101000032,13562,5299,8263
101000033,3646,4159,-513
101000034,3726,2092,1634
101000035,1388,611,777
101000036,2364,1156,1208
101000037,4318,2450,1868
101000039,3242,3029,213
101000040,4221,4100,121
101000041,16739,9723,7016
101000042,1099,1864,-765
101000043,12299,9448,2851
101000045,2661,1216,1445
101000046,6415,1771,4644
101000047,3947,3705,242
101000048,1109,1006,103
101000049,1134,2191,-1057
101000050,3773,3274,499
101000051,3338,3354,-16
101000052,2123,1144,979
101000053,1299,2101,-802
101000054,2543,1929,614
101000055,2007,1727,280
101000056,56,163,-107
101000057,2806,1268,1538
101000058,1835,1550,285
101000059,3648,2795,853
101000060,2149,714,1435
101000061,1267,1837,-570
101000062,1030,889,141
101000063,756,1185,-429
101000064,1517,1093,424
101000065,407,473,-66
101000066,1251,847,404
101000067,1583,961,622
101000068,509,576,-67
101000069,533,136,397
101000070,1869,1267,602
101000071,2434,1055,1379
101000072,1265,3833,-2568
101000073,1485,1046,439
101000074,9834,4717,5117
101000075,7912,5282,2630
101000077,2047,1291,756
101000078,1616,2660,-1044
101000079,1078,500,578
101000080,910,505,405
101000081,1949,1772,177
101000082,4454,3942,512
101000083,3347,2617,730
101000084,1808,1290,518
101000085,2067,1640,427
101000086,1433,1433,0
101000087,1175,1461,-286
101000088,1535,1583,-48
101000089,1252,2167,-915
101000090,2727,1728,999
101000091,496,1317,-821
101000092,1066,1376,-310
101000093,1856,1174,682
101000094,1212,1578,-366
101000095,548,934,-386
101000096,441,808,-367
101000097,715,489,226
101000098,612,767,-155
101000099,1290,1418,-128
101000100,1259,1091,168
101000101,411,492,-81
101000102,1213,618,595
101000103,1334,668,666
101000104,514,643,-129
101000105,979,377,602
101000106,944,750,194
101000107,305,459,-154
101000108,1258,436,822
101000109,383,99,284
101000110,49,807,-758
101000111,196,299,-103
101000113,284,1069,-785
101000114,12685,6143,6542
101000115,421,138,283
101000116,242,187,55
101000117,1318,261,1057
101000119,131,61,70
101000120,194,65,129
101000121,93,71,22
101000122,179,115,64
101000123,133,119,14
101000124,1162,284,878
101000125,282,646,-364
101000128,1028,474,554
101000130,408,423,-15
101000131,892,738,154
101000132,691,1336,-645
101000135,108,51,57
101000136,788,199,589
101000137,49,396,-347
101000141,2052,3551,-1499
101000147,1083,563,520
101000148,1716,54,1662
101000149,169,209,-40
101000150,134,1036,-902
101000151,305,109,196
101000152,510,465,45
101000153,878,490,388
101000154,377,1657,-1280
101000155,391,191,200
101000156,36,350,-314
101000157,56,34,22
101000160,188,90,98
101000163,369,290,79
101000164,636,502,134
101000165,330,482,-152
101000166,361,540,-179
101000168,1070,488,582
101000252,1896,1086,810
101000254,785,112,673
101000258,61,11,50
101000261,222,50,172
101000262,1795,2021,-226
101000263,503,1522,-1019
101000265,142,1089,-947
101000266,522,490,32
101000269,78,11,67
101000290,2196,3584,-1388
101000293,32,72,-40
101000294,866,614,252
101000295,114,830,-716
101000301,959,619,340
101000304,2729,3002,-273
101000305,4321,2001,2320
101900001,56,111,-55
101900002,0,31,-31
101900003,75,124,-49
101900004,10,109,-99
101900005,5240,2356,2884
101900006,1189,87,1102
101900007,1033,268,765
101900008,121,481,-360
101900009,94,737,-643
101900010,1214,915,299
101900011,502,1849,-1347
101900012,309,531,-222
101900013,1417,263,1154
101900017,18,210,-192
101900018,1456,333,1123
101900019,419,211,208
101900020,527,255,272
101900021,2,83,-81
101900022,252,1426,-1174
101900023,268,367,-99
102000001,4051,5296,-1245
102000002,4927,1415,3512
102000003,5341,9225,-3884
102000004,11821,4335,7486
102000005,1652,2562,-910
102000006,1683,2454,-771
102000007,2000,5514,-3514
102000008,6756,2172,4584
102000009,7791,9271,-1480
102000010,7993,4559,3434
102000011,3885,3300,585
102000012,4557,4223,334
102000018,4455,3606,849
102000019,3216,2071,1145
102000026,318,779,-461
102000029,405,323,82
102000030,187,506,-319
102000031,161,240,-79
102000032,523,436,87
102000033,353,536,-183
102000034,770,539,231
102000035,1704,1023,681
102000036,28,345,-317
102000037,268,89,179
102000038,236,345,-109
102000039,290,92,198
102000040,712,293,419
102000041,343,348,-5
102000042,411,302,109
102000043,476,316,160
102000044,550,541,9
102000045,1228,1393,-165
102000046,1187,869,318
102000047,1320,1291,29
102000048,504,1067,-563
102000049,1315,932,383
102000050,1438,1661,-223
102000051,495,788,-293
102000052,1755,1254,501
102000053,1123,1282,-159
102000054,708,1082,-374
102000055,1320,908,412
102000056,1101,1718,-617
102000057,2173,835,1338
102000058,1570,2239,-669
102000059,2199,1963,236
102000060,1521,1364,157
102000061,1978,2640,-662
102000062,2145,1475,670
102000063,1483,1728,-245
102000064,652,819,-167
102000065,41,160,-119
102000066,1542,1097,445
102000067,3084,3929,-845
102000068,11203,3393,7810
102000069,91,1627,-1536
102000070,2138,69,2069
102000071,9467,11538,-2071
102000072,4462,5202,-740
102000073,3050,1391,1659
102000074,1526,1524,2
102000075,197,409,-212
102000076,315,684,-369
102000077,652,983,-331
102000078,1191,1108,83
102000079,171,368,-197
102000080,359,342,17
102000081,494,878,-384
102000082,838,442,396
102000083,671,558,113
102000084,325,392,-67
102000085,2044,1415,629
102000086,1398,1855,-457
102000087,1399,2179,-780
102000088,456,470,-14
102000089,1646,684,962
102000090,1014,1710,-696
102000091,2120,727,1393
102000092,537,1141,-604
102000093,797,774,23
102000094,1408,954,454
102000095,1534,1911,-377
102000096,1130,1281,-151
102000097,1383,1391,-8
102000098,702,1296,-594
102000099,1366,1035,331
102000100,1170,1577,-407
102000101,1610,1053,557
102000102,553,2172,-1619
102000103,1738,622,1116
102000104,907,429,478
102000105,303,694,-391
102000106,974,940,34
102000107,1343,730,613
102000108,1024,339,685
102000109,821,770,51
102000110,1136,1619,-483
102000111,32,389,-357
102000112,365,154,211
102000113,33,41,-8
102000114,1105,468,637
102000115,298,397,-99
102000116,1414,631,783
102000117,530,1181,-651
102000118,2312,1377,935
102000119,2751,1322,1429
102000120,292,636,-344
102000121,1268,799,469
102000122,789,1153,-364
102000123,1942,1650,292
102000124,1964,1424,540
102000125,1256,1305,-49
102000126,1330,951,379
102000127,1818,1039,779
102000128,1003,1405,-402
102000129,1821,1106,715
102000130,855,1109,-254
102000131,1931,1240,691
102000132,752,1759,-1007
102000133,2381,2299,82
102000134,895,963,-68
102000135,1033,1181,-148
102000136,1341,768,573
102000137,1575,1149,426
102000138,493,579,-86
102000139,289,500,-211
102000140,603,446,157
102000141,712,661,51
102000142,603,526,77
102000143,204,547,-343
102000144,382,605,-223
102000145,572,755,-183
102000146,603,410,193
102000147,727,748,-21
102000148,345,890,-545
102000149,242,714,-472
102000150,419,198,221
102000151,171,433,-262
102000152,234,174,60
102000153,1290,664,626
102000154,518,1012,-494
102000155,174,498,-324
102000156,481,191,290
102000157,160,451,-291
102000158,467,421,46
102000159,1670,605,1065
102000161,5243,3183,2060
102000162,310,202,108
102000163,155,894,-739
102000164,1629,1470,159
102000165,484,189,295
102000166,201,201,0
102000167,471,337,134
102000168,381,167,214
102000169,224,668,-444
102000170,732,309,423
102000171,561,281,280
102000172,518,465,53
102000173,641,435,206
102000174,108,90,18
102000175,408,129,279
102000176,85,61,24
102000178,492,543,-51
102000179,409,289,120
102000180,1271,636,635
102000181,817,687,130
102000182,778,776,2
102000183,2283,2348,-65
102000184,2651,1273,1378
102000185,2971,1979,992
102000186,1630,2675,-1045
102000187,1100,2059,-959
102000188,1320,1802,-482
102000189,3314,1186,2128
102000190,979,3519,-2540
102000191,1933,763,1170
102000192,1448,1838,-390
102000193,64,187,-123
102000194,80,164,-84
102000195,539,592,-53
102000196,266,564,-298
102000197,719,570,149
102000198,324,989,-665
102000199,1373,472,901
102000200,348,1448,-1100
102000201,1227,619,608
102000202,11,153,-142
102000203,443,337,106
102000204,570,1015,-445
102000205,1300,662,638
102000206,730,1068,-338
102000207,1064,657,407
102000208,575,691,-116
102000209,127,97,30
102000210,609,614,-5
102000211,826,485,341
102000212,436,12,424
102000213,3,479,-476
102000214,327,23,304
102000215,15,611,-596
102000216,41,50,-9
102000217,9,178,-169
102000218,312,168,144
102000219,633,465,168
102000225,852,804,48
102000226,5014,1242,3772
102000227,200,1,199
102000228,0,152,-152
102000229,42,69,-27
102000230,403,622,-219
102000231,324,670,-346
102000232,31,217,-186
102000233,526,1015,-489
102000234,168,1681,-1513
102000236,496,79,417
102000237,622,227,395
102000238,231,399,-168
102000240,844,873,-29
102000241,355,198,157
102000243,51,115,-64
102000245,26,125,-99
102000246,25,26,-1
102000247,434,863,-429
102000248,310,613,-303
102000249,222,227,-5
102000250,92,463,-371
102000254,110,461,-351
102000266,129,366,-237
102000271,35,1,34
102000286,593,595,-2
102000297,2671,1579,1092
102000299,0,0,0
102000300,0,0,0
102000301,0,1,-1
102000303,0,0,0
102000305,0,0,0
102000306,0,0,0
102000307,0,4,-4
102000308,0,4,-4
102900001,1597,1230,367
102900002,739,95,644
102900003,82,275,-193
102900005,466,415,51
102900006,636,229,407
102900007,810,51,759
102900008,340,120,220
102900009,871,399,472
102900010,1117,842,275
102900011,2659,547,2112
102900012,434,107,327
102900013,56,120,-64
102900015,1044,711,333
102900016,132,191,-59
102900017,231,916,-685
102900018,41,219,-178
102900019,620,669,-49
102900020,182,31,151
102900021,28,174,-146
102900022,808,228,580
102900023,48,82,-34
102900024,79,81,-2
102900025,394,182,212
102900026,776,2165,-1389
102900027,108,83,25
102900028,260,1009,-749
102900029,252,259,-7
102900030,676,333,343
102900031,272,194,78
102900032,165,161,4
102900033,210,286,-76
102900034,625,145,480
102900035,196,509,-313
102900036,491,679,-188
102900037,678,736,-58
102900038,984,776,208
102900039,46,712,-666
102900040,251,374,-123
102900041,119,197,-78
102900042,269,366,-97
102900043,199,399,-200
102900044,917,2486,-1569
102900045,185,744,-559
102900046,170,377,-207
102900047,116,829,-713
102900048,954,887,67
102900049,142,521,-379
102900050,392,518,-126
102900051,260,281,-21
102900052,96,77,19
102900053,368,873,-505
102900054,1216,1581,-365
102900055,157,304,-147
102900056,140,583,-443
102900057,9,89,-80
102900058,399,84,315
102900059,26,108,-82
102900060,193,683,-490
102900061,217,645,-428
102900062,336,1282,-946
102900063,1365,485,880
102900064,218,688,-470
102900065,1870,824,1046
102900066,450,56,394
102900068,143,131,12
102900070,408,586,-178
102900072,72,62,10
102900073,373,19,354
102900074,316,310,6
102900075,51,71,-20
102900076,290,190,100
102900077,71,75,-4
102900078,57,123,-66
102900079,283,11,272
102900080,407,70,337
102900081,164,623,-459
102900082,15,266,-251
102900083,316,16,300
102900084,18,54,-36
102900085,585,232,353
102900086,32,78,-46
102900087,184,159,25
102900088,31,42,-11
102900089,369,161,208
102900090,4,592,-588
102900091,255,22,233
102900092,554,1231,-677
102900093,443,334,109
102900094,3,91,-88
102900095,129,7,122
102900096,73,12,61
102900097,223,461,-238
103000001,2782,3284,-502
103000002,2631,3154,-523
103000003,4654,3498,1156
103000004,1216,944,272
103000005,2142,3534,-1392
103000006,802,1829,-1027
103000007,546,932,-386
103000008,1154,970,184
103000009,1399,1417,-18
103000010,194,145,49
103000011,2014,1903,111
103000012,1625,2003,-378
103000013,6001,2915,3086
103000014,1827,3222,-1395
103000015,2251,929,1322
103000016,615,1658,-1043
103000017,298,480,-182
103000018,1031,570,461
103000019,413,328,85
103000020,3258,1696,1562
103000021,2020,1836,184
103000022,849,1346,-497
103000023,738,1905,-1167
103000024,151,242,-91
103000025,236,707,-471
103000026,1852,178,1674
103000027,613,692,-79
103000028,646,591,55
103000029,520,394,126
103000030,2690,1210,1480
103000031,2641,2169,472
103000032,2918,2365,553
103000033,4161,3522,639
103000034,2180,1631,549
103000035,536,1869,-1333
103000036,575,761,-186
103000037,777,670,107
103000038,725,1380,-655
103000039,536,547,-11
103000040,517,1396,-879
103000041,1960,2898,-938
103000042,1460,759,701
103000043,710,1295,-585
103000044,327,254,73
103000046,358,640,-282
103000047,866,919,-53
103000048,226,289,-63
103000049,275,235,40
103000050,785,782,3
103000051,585,633,-48
103000052,947,497,450
103000053,224,755,-531
103000054,3245,1946,1299
103000055,2511,2931,-420
103000056,733,2178,-1445
103000057,595,373,222
103000058,867,1231,-364
103000059,589,1211,-622
103000060,942,966,-24
103000061,512,1150,-638
103000062,1453,862,591
103000063,884,1206,-322
103000064,190,341,-151
103000065,16,585,-569
103000066,247,24,223
103000069,635,527,108
103000070,1346,1191,155
103000071,1406,721,685
103000072,209,953,-744
103000073,628,185,443
103000074,823,116,707
103000075,233,956,-723
103000076,388,378,10
103000077,88,543,-455
103000078,1480,786,694
103000079,1263,714,549
103000080,1522,478,1044
103000081,793,1314,-521
103000082,860,268,592
103000083,169,444,-275
103000084,207,15,192
103000085,3,132,-129
103000086,1045,475,570
103000087,222,849,-627
103000088,398,413,-15
103000089,284,603,-319
103000090,2343,1047,1296
103000091,797,417,380
103000092,333,412,-79
103000093,357,482,-125
103000094,313,131,182
103000095,99,490,-391
103000096,698,116,582
103000097,90,839,-749
103000098,1363,273,1090
103000099,494,868,-374
103000100,202,1054,-852
103000101,990,216,774
103000102,165,881,-716
103000103,842,288,554
103000104,100,180,-80
103000105,183,175,8
103000106,11,204,-193
103000107,386,85,301
103000108,790,783,7
103000109,407,408,-1
103000110,483,497,-14
103000111,560,566,-6
103000112,440,241,199
103000113,1105,888,217
103000114,1956,583,1373
103000115,763,559,204
103000116,703,505,198
103000117,398,609,-211
103000118,1372,1155,217
103000119,1739,799,940
103000120,119,162,-43
103000121,527,678,-151
103000122,655,609,46
103000125,22,500,-478
103000126,913,9,904
103000127,5,262,-257
103000128,241,4,237
103000129,10,186,-176
103000130,118,81,37
103000131,311,146,165
103000132,155,262,-107
103000133,34,149,-115
103000134,765,1043,-278
103000135,1069,520,549
103000136,950,568,382
103000137,792,796,-4
103000138,1071,962,109
103000139,3,96,-93
103000140,158,40,118
103000141,144,165,-21
103000142,285,118,167
103000143,90,268,-178
103000144,316,111,205
103000145,114,73,41
103000150,164,74,90
103000152,204,334,-130
103000153,223,234,-11
103000156,13,550,-537
103000157,602,4,598
103000159,184,85,99
103000162,87,30,57
103000163,17,46,-29
103000164,77,18,59
103000165,105,416,-311
103000166,213,316,-103
103000167,237,138,99
103000168,75,230,-155
103000169,327,562,-235
103000170,780,587,193
103000171,153,112,41
103000172,832,521,311
103000173,649,943,-294
103000174,220,486,-266
103000175,322,483,-161
103000176,1138,961,177
103000177,833,649,184
103000178,451,400,51
103000179,341,58,283
103000183,216,35,181
103000185,106,75,31
103000186,151,245,-94
103000187,627,633,-6
103000188,18,157,-139
103000189,1209,1035,174
103000191,835,875,-40
103000292,2446,2198,248
103000293,1626,2373,-747
103000295,175,148,27
103000296,479,25,454
103000297,156,89,67
103000504,228,39,189
103000505,14,22,-8
103000506,5,338,-333
103000507,274,16,258
103000508,99,90,9
103000509,268,673,-405
103900001,5,382,-377
103900002,1985,281,1704
103900003,2199,256,1943
103900004,100,30,70
103900005,13,431,-418
103900006,5,3,2
103900007,53,4,49
103900008,44,2,42
103900009,331,727,-396
103900010,196,549,-353
103900011,308,259,49
103900012,22,23,-1
103900013,86,120,-34
103900014,88,31,57
103900015,57,18,39
103900016,337,310,27
103900017,71,106,-35
103900018,1032,349,683
103900019,189,423,-234
103900020,322,656,-334
103900021,787,100,687
103900022,1625,1007,618
103900023,206,4,202
103900024,208,572,-364
103900025,16,93,-77
103900026,426,0,426
103900027,920,452,468
103900028,31,406,-375
103900029,1268,199,1069
103900030,388,111,277
103900031,30,10,20
103900032,132,76,56
103900033,147,37,110
103900034,42,193,-151
103900035,92,89,3
103900036,70,66,4
103900037,184,78,106
103900038,187,257,-70
103900039,84,463,-379
103900040,15,269,-254
103900041,98,84,14
103900042,105,455,-350
103900043,210,149,61
103900044,177,289,-112
103900045,440,257,183
103900047,84,42,42
103900048,195,43,152
103900049,377,1620,-1243
103900050,23,149,-126
103900051,5,50,-45
103900052,312,628,-316
103900053,232,919,-687
103900054,141,586,-445
103900055,624,280,344
103900056,135,75,60
103900057,63,263,-200
103900058,306,923,-617
103900059,0,25,-25
103900060,49,239,-190
103900061,169,54,115
103900062,411,126,285
103900063,56,2,54
103900064,101,7,94
103900065,1280,653,627
103900066,186,39,147
103900067,180,10,170
103900068,20,3,17
103900069,126,14,112
103900070,236,334,-98
103900071,18,186,-168
103900072,16,304,-288
103900073,67,45,22
103900074,133,100,33
103900075,407,169,238
103900076,489,799,-310
103900077,89,135,-46
103900078,480,177,303
103900079,232,342,-110
103900080,29,77,-48
103900081,128,34,94
103900082,14,195,-181
103900083,1968,1100,868
103900084,89,207,-118
103900085,152,153,-1
103900086,790,509,281
103900087,26,153,-127
103900088,557,642,-85
103900089,100,164,-64
103900090,6,243,-237
103900091,1392,385,1007
103900092,1447,681,766
103900093,187,458,-271
103900094,24,214,-190
103900095,712,323,389
103900096,40,271,-231
103900097,19,601,-582
103900098,331,206,125
103900099,90,280,-190
103900100,238,492,-254
103900101,129,1269,-1140
103900102,1,33,-32
103900104,2,41,-39
103900105,138,358,-220
103900106,1,64,-63
103900107,158,279,-121
103900108,48,518,-470
103900109,112,98,14
103900110,344,52,292
103900111,150,810,-660
103900112,114,180,-66
103900113,156,368,-212
103900114,542,487,55
103900115,385,456,-71
103900116,8406,3497,4909
103900117,217,161,56
103900119,40,67,-27
103900120,67,159,-92
103900122,96,353,-257
103900123,2019,1045,974
103900124,62,674,-612
103900125,125,102,23
103900126,556,532,24
103900127,183,775,-592
103900128,220,245,-25
103900131,41,156,-115
103900133,1309,289,1020
103900134,0,13,-13
103900135,7,12,-5
103900137,0,48,-48
103900138,142,345,-203
103900139,272,2202,-1930
103900140,22,151,-129
103900141,437,99,338
103900142,187,273,-86
103900143,61,2,59
103900144,2,59,-57
103900145,231,334,-103
103900146,360,356,4
103900147,470,174,296
103900148,252,434,-182
103900149,372,999,-627
103900150,8609,4700,3909
103900151,80,195,-115
103900152,745,849,-104
103900153,4,10,-6
103900154,1529,2686,-1157
103900155,70,303,-233
103900156,54,285,-231
103900157,48,290,-242
103900158,82,295,-213
103900159,176,129,47
103900160,106,50,56
103900161,127,289,-162
103900162,85,340,-255
103900163,12,457,-445
103900164,41,6,35
103900167,48,162,-114
103900168,161,177,-16
103900169,40,65,-25
103900170,3,177,-174
103900171,5,92,-87
103900172,12,38,-26
103900173,7,23,-16
103900174,209,87,122
103900175,99,72,27
103900176,16,57,-41
103900177,17,104,-87
103900178,88,107,-19
103900179,62,178,-116
103900180,15,109,-94
103900181,71,49,22
103900182,73,24,49
103900184,574,101,473
103900185,253,404,-151
103900187,39,86,-47
103900188,48,17,31
103900189,132,10,122
103900190,132,110,22
103900191,44,82,-38
103900192,37,143,-106
103900193,257,342,-85
103900194,84,381,-297
103900195,6,87,-81
103900196,80,57,23
103900197,33,61,-28
103900198,15,98,-83
103900199,165,78,87
103900200,173,262,-89
103900201,256,424,-168
103900202,30,99,-69
103900203,38,23,15
103900204,1,124,-123
103900207,0,183,-183
103900208,154,0,154
103900209,10,153,-143
103900210,48,45,3
103900211,568,585,-17
103900212,112,536,-424
103900213,143,289,-146
103900214,340,208,132
103900215,617,361,256
103900216,13,567,-554
103900217,436,127,309
103900218,1,332,-331
103900219,175,383,-208
103900233,137,5,132
103900235,40,26,14
103900236,26,4,22
103900242,11,34,-23
103900243,14,8,6
103900244,152,298,-146
103900245,127,299,-172
103900246,87,55,32
103900247,42,158,-116
103900248,12,37,-25
103900249,39,55,-16
103900250,41,35,6
103900251,4,38,-34
103900253,23,130,-107
103900254,3,24,-21
103900255,8,10,-2
103900256,13,18,-5
103900257,55,112,-57
103900258,62,10,52
103900259,79,12,67
103900261,21,5,16
103900262,30,8,22
103900263,43,63,-20
103900264,108,53,55
103900265,99,22,77
103900266,3,149,-146
103900267,15,95,-80
103900268,12,103,-91
103900269,226,221,5
103900270,77,227,-150
104000001,2127,2320,-193
104000002,1985,3063,-1078
104000003,2708,2777,-69
104000004,3542,3307,235
104000005,1752,2656,-904
104000006,3226,3381,-155
104000007,4709,4796,-87
104000008,286,429,-143
104000009,143,127,16
104000010,186,295,-109
104000011,620,483,137
104000012,198,535,-337
104000013,243,231,12
104000014,244,865,-621
104000015,374,197,177
104000016,718,554,164
104000018,920,194,726
104000019,614,251,363
104000020,231,817,-586
104000021,384,761,-377
104000022,173,367,-194
104000023,1156,423,733
104000024,284,515,-231
104000026,79,540,-461
104000027,304,426,-122
104000028,423,323,100
104000029,501,602,-101
104000030,325,260,65
104000031,1547,479,1068
104000032,257,424,-167
104000033,659,639,20
104000034,358,388,-30
104000035,952,624,328
104000036,794,780,14
104000037,353,324,29
104000038,471,342,129
104000039,262,339,-77
104000040,409,569,-160
104000041,1736,400,1336
104000042,282,482,-200
104000043,516,427,89
104000044,413,862,-449
104000045,1182,1478,-296
104000046,1535,2301,-766
104000047,1122,1644,-522
104000048,1316,2043,-727
104000049,778,357,421
104000050,341,785,-444
104000051,121,638,-517
104000052,2156,1869,287
104000053,1389,677,712
104000054,905,567,338
104000055,5107,3558,1549
104000056,1859,279,1580
104000057,165,680,-515
104000058,945,797,148
104000059,687,1341,-654
104000060,1118,1327,-209
104000061,1415,1414,1
104000062,413,192,221
104000064,541,339,202
104000065,385,834,-449
104000069,1331,1112,219
104000070,85,722,-637
104000071,178,755,-577
104000072,782,294,488
104000075,143,413,-270
104000076,678,236,442
104000082,2682,3658,-976
104000083,1010,295,715
104000084,224,683,-459
104000085,369,419,-50
104000086,265,570,-305
104000087,560,2399,-1839
104000090,879,1838,-959
104000092,1311,3054,-1743
104000094,1371,2289,-918
104000095,1915,1651,264
104000096,1960,377,1583
104000097,1967,1112,855
104000098,2391,1462,929
104000100,2113,875,1238
104000101,1561,2137,-576
104000106,134,703,-569
104000107,760,554,206
104000108,396,683,-287
104000109,349,120,229
104000110,1134,1373,-239
104000111,5321,3027,2294
104000112,3238,778,2460
104000116,2,1357,-1355
104000117,186,933,-747
104000118,721,289,432
104000119,825,346,479
104000120,376,1043,-667
104000121,331,941,-610
104000122,750,894,-144
104000123,1063,1326,-263
104000124,1335,2957,-1622
104000125,4851,4744,107
104000126,569,628,-59
104000127,1804,3645,-1841
104000128,918,602,316
104000129,490,46,444
104000130,6,411,-405
104000131,747,530,217
104000132,685,739,-54
104000133,1559,1007,552
104000134,1179,1911,-732
104000135,595,2045,-1450
104000136,1042,4637,-3595
104000137,1974,536,1438
104000138,1237,387,850
104000139,8559,3937,4622
104000141,1281,1640,-359
104000142,740,1162,-422
104000143,628,751,-123
104000144,103,240,-137
104000145,424,265,159
104000146,389,735,-346
104000147,208,550,-342
104000148,377,171,206
104000149,174,478,-304
104000150,1340,563,777
104000151,617,766,-149
104000152,766,890,-124
104000153,628,694,-66
104000154,1266,971,295
104000155,568,650,-82
104000157,1253,1943,-690
104000158,740,478,262
104000159,852,563,289
104000160,1989,2085,-96
104000161,244,294,-50
104000162,49,207,-158
104000165,1438,1375,63
104000167,677,1099,-422
104000168,715,11,704
104000169,103,50,53
104000170,753,631,122
104000248,320,833,-513
104000251,86,374,-288
104000272,0,0,0
104000273,0,0,0
104000274,0,0,0
104000275,0,0,0
104000279,919,550,369
104000290,188,316,-128
104000291,721,1395,-674
104000293,830,903,-73
104000294,42,0,42
104000295,653,1011,-358
104000296,447,877,-430
104000297,904,2099,-1195
104000298,2630,996,1634
104000299,917,1903,-986
104900001,231,710,-479
104900002,76,225,-149
104900003,55,514,-459
104900004,130,482,-352
104900005,294,280,14
104900006,410,97,313
104900007,257,367,-110
104900009,189,479,-290
104900010,80,100,-20
104900011,49,20,29
104900012,313,28,285
104900013,180,12,168
104900014,3786,485,3301
104900015,95,15,80
104900016,274,335,-61
104900017,202,252,-50
104900018,12,292,-280
104900019,522,3139,-2617
104900020,103,391,-288
104900021,0,318,-318
104900022,23,185,-162
104900023,11,138,-127
104900024,32,107,-75
104900025,91,445,-354
104900026,8,140,-132
104900027,576,432,144
104900028,44,125,-81
104900029,92,114,-22
104900030,603,317,286
104900031,142,302,-160
104900032,60,179,-119
104900033,174,339,-165
104900034,426,313,113
104900035,363,305,58
104900036,234,141,93
104900037,184,318,-134
104900038,882,1165,-283
104900039,1106,454,652
104900040,410,147,263
104900041,295,240,55
104900042,214,305,-91
104900043,24,156,-132
104900044,566,345,221
104900045,581,68,513
104900046,285,245,40
104900047,394,229,165
104900048,315,122,193
104900049,140,40,100
104900050,643,242,401
104900051,339,65,274
104900052,71,7,64
104900053,510,147,363
104900054,200,104,96
104900055,122,1,121
104900056,426,37,389
104900057,79,5,74
104900058,1762,609,1153
104900059,161,89,72
104900060,3,679,-676
104900061,294,837,-543
104900063,0,165,-165
104900064,0,125,-125
104900065,2,225,-223
104900066,4,240,-236
104900067,7,369,-362
104900068,49,336,-287
104900070,329,446,-117
104900071,2,707,-705
104900072,92,426,-334
104900073,102,360,-258
104900074,110,352,-242
104900075,71,103,-32
104900076,131,493,-362
104900077,1414,343,1071
104900078,261,756,-495
104900079,167,577,-410
104900080,135,730,-595
104900082,15,604,-589
104900085,6,302,-296
104900087,974,26,948
104900089,237,1,236
104900090,1345,781,564
104900091,1541,940,601
104900093,304,776,-472
104900097,3531,2759,772
104900098,246,69,177
104900099,276,887,-611
104900100,638,393,245
104900102,69,266,-197
104900103,583,95,488
104900104,4311,2867,1444
104900106,199,193,6
104900107,176,246,-70
104900108,79,346,-267
104900109,162,426,-264
104900110,14,74,-60
104900111,201,186,15
104900112,313,957,-644
104900113,817,476,341
104900114,455,696,-241
104900115,790,620,170
104900116,291,287,4
104900118,44,166,-122
104900119,5,68,-63
104900120,30,284,-254
104900121,0,126,-126
104900122,2,109,-107
104900123,60,10,50
104900124,42,1,41
104900125,606,8,598
104900126,102,92,10
104900127,37,116,-79
104900128,90,195,-105
104900129,2651,2019,632
105000001,2728,1898,830
105000002,2413,1905,508
105000003,3998,4148,-150
105000004,755,1324,-569
105000005,1009,1193,-184
105000006,1729,1685,44
105000007,1451,1522,-71
105000008,2091,3015,-924
105000009,2344,3436,-1092
105000010,3869,3051,818
105000011,3799,2855,944
105000012,5390,4315,1075
105000013,1170,1176,-6
105000014,2203,2801,-598
105000015,12180,15312,-3132
105000016,4241,3037,1204
105000017,2205,1223,982
105000018,1786,1822,-36
105000019,2273,1184,1089
105000020,202,451,-249
105000021,355,128,227
105000022,401,95,306
105000023,801,514,287
105000028,128,185,-57
105000029,822,1464,-642
105000030,5029,3812,1217
105000033,1300,2565,-1265
105000034,240,1185,-945
105000037,873,586,287
105000038,2768,1725,1043
105000039,4031,2477,1554
105000040,1487,1190,297
105000041,1249,1888,-639
105000042,4661,1754,2907
105000043,2755,2873,-118
105000044,710,489,221
105000045,551,1279,-728
105000046,1140,433,707
105000047,711,1982,-1271
105000048,842,280,562
105000049,299,1005,-706
105000050,721,451,270
105000051,212,640,-428
105000052,769,1060,-291
105000053,121,223,-102
105000054,392,1124,-732
105000055,1070,531,539
105000056,2815,2997,-182
105000057,2331,1109,1222
105000058,1693,1863,-170
105000059,837,787,50
105000060,581,902,-321
105000061,689,737,-48
105000062,782,1084,-302
105000063,326,677,-351
105000064,1346,1033,313
105000065,353,811,-458
105000066,1537,2335,-798
105000067,1488,1055,433
105000068,690,1145,-455
105000069,2588,1835,753
105000070,993,1027,-34
105000071,357,844,-487
105000072,795,2070,-1275
105000073,1013,733,280
105000074,1691,1145,546
105000075,770,1092,-322
105000076,1406,1363,43
105000077,2937,1328,1609
105000078,1872,1703,169
105000079,1767,3194,-1427
105000080,2506,1897,609
105000081,4006,1532,2474
105000082,1412,1765,-353
105000083,5123,3477,1646
105000084,1329,1178,151
105000085,2733,2133,600
105000086,689,1187,-498
105000087,1839,2260,-421
105000088,1982,1879,103
105000089,4223,3072,1151
105000090,1580,1136,444
105000091,2046,2130,-84
105000092,1174,1260,-86
105000093,528,294,234
105000094,320,261,59
105000095,149,560,-411
105000096,1466,1113,353
105000097,1303,853,450
105000098,1136,975,161
105000099,1287,911,376
105000100,1361,1417,-56
105000101,2595,2497,98
105000102,2570,1879,691
105000103,2168,2946,-778
105000104,4065,1214,2851
105000105,2410,2705,-295
105000106,2571,2661,-90
105000107,1578,1373,205
105000108,1911,2169,-258
105000109,1870,2512,-642
105000110,803,958,-155
105000111,762,1066,-304
105000112,1369,1067,302
105000113,503,996,-493
105000114,3873,1402,2471
105000115,313,1277,-964
105000116,910,754,156
105000117,1135,1396,-261
105000118,825,762,63
105000119,1112,1682,-570
105000120,1177,931,246
105000121,1150,1713,-563
105000122,615,999,-384
105000123,1795,2001,-206
105000124,2283,1185,1098
105000125,1054,2504,-1450
105000126,2288,2445,-157
105000127,2898,2903,-5
105000128,1383,1489,-106
105000129,1389,469,920
105000130,476,2546,-2070
105000131,900,518,382
105000132,1018,690,328
105000133,646,1344,-698
105000134,850,775,75
105000135,643,822,-179
105000136,177,244,-67
105000137,342,411,-69
105000138,129,345,-216
105000139,1265,1367,-102
105000140,288,620,-332
105000141,364,824,-460
105000142,194,539,-345
105000143,351,910,-559
105000144,402,1048,-646
105000145,716,519,197
105000146,576,1113,-537
105000147,625,425,200
105000148,1611,737,874
105000149,3034,2590,444
105000150,2820,2282,538
105000151,572,593,-21
105000152,265,693,-428
105000153,712,916,-204
105000154,780,809,-29
105000155,681,1341,-660
105000156,1365,891,474
105000157,1152,2297,-1145
105000158,2394,994,1400
105000159,295,1332,-1037
105000160,2060,848,1212
105000161,881,1461,-580
105000162,593,2187,-1594
105000163,1374,1202,172
105000164,270,411,-141
105000165,1651,5905,-4254
105000166,7424,1300,6124
105000167,2886,1580,1306
105000168,394,919,-525
105000169,527,658,-131
105000170,286,1811,-1525
105000171,1380,397,983
105000172,298,132,166
105000173,201,272,-71
105000174,87,169,-82
105000175,119,238,-119
105000176,485,195,290
105000177,320,304,16
105000178,190,743,-553
105000179,603,398,205
105000180,196,222,-26
105000181,103,388,-285
105000182,101,116,-15
105000183,3224,2100,1124
105000184,2106,1156,950
105000185,2096,873,1223
105000186,1338,944,394
105000187,1389,258,1131
105000188,679,185,494
105000189,482,606,-124
105000190,403,553,-150
105000191,458,461,-3
105000192,399,86,313
105000193,132,226,-94
105000194,391,177,214
105000195,531,1159,-628
105000196,78,321,-243
105000197,350,786,-436
105000198,763,495,268
105000199,372,774,-402
105000200,266,312,-46
105000201,215,35,180
105000203,35,212,-177
105000204,101,122,-21
105000205,197,243,-46
105000207,768,441,327
105000208,325,721,-396
105000209,318,543,-225
105000212,1454,1848,-394
105000213,360,265,95
105000214,240,504,-264
105000215,302,264,38
105000216,175,688,-513
105000217,240,604,-364
105000218,1541,1408,133
105000221,193,299,-106
105000222,984,144,840
105000223,544,263,281
105000226,111,395,-284
105000227,146,230,-84
105000228,429,1959,-1530
105000229,300,602,-302
105000231,360,394,-34
105000233,993,806,187
105000234,818,1504,-686
105000235,536,781,-245
105000237,847,96,751
105000243,32,305,-273
105000248,102,87,15
105000262,364,1911,-1547
105000269,173,283,-110
105000270,467,96,371
105000271,0,259,-259
105000282,86,83,3
105000287,468,178,290
105000288,993,568,425
105000289,3295,2426,869
105000290,33,17,16
105000402,5014,4310,704
105000426,638,965,-327
105000438,4287,1785,2502
105000446,15669,7548,8121
105000447,9620,4156,5464
105000454,522,1089,-567
105000455,404,314,90
105000474,44,16,28
105000477,435,771,-336
105000478,2074,4474,-2400
105000479,278,174,104
105000480,9168,6148,3020
105000481,5132,3684,1448
105000482,7930,8406,-476
105000483,1718,2000,-282
105000484,3080,3788,-708
105000485,1925,2884,-959
105000486,5615,3226,2389
105000488,10885,6472,4413
105000489,1054,1048,6
105000549,260,174,86
105000550,802,1965,-1163
105000551,45,184,-139
105000552,3308,2387,921
105900001,13,1468,-1455
105900002,1851,899,952
105900003,13,120,-107
105900004,446,187,259
105900005,18,392,-374
105900006,31,136,-105
105900007,292,47,245
105900008,84,811,-727
105900009,31,38,-7
105900011,548,66,482
105900012,890,218,672
105900013,7,47,-40
105900014,16,108,-92
105900015,227,348,-121
105900016,562,808,-246
105900017,1843,75,1768
105900018,246,242,4
105900019,115,889,-774
105900020,78,66,12
105900021,44,426,-382
105900022,565,332,233
105900023,14,151,-137
105900024,35,213,-178
105900025,298,75,223
105900026,377,25,352
105900027,8496,12915,-4419
105900028,1150,387,763
105900029,2156,507,1649
105900030,314,328,-14
105900031,445,304,141
105900032,94,193,-99
105900033,98,211,-113
105900034,434,310,124
105900035,297,215,82
105900036,106,208,-102
105900037,113,96,17
105900038,220,383,-163
105900039,132,151,-19
105900040,116,148,-32
105900041,191,360,-169
105900042,78,170,-92
105900043,1631,98,1533
105900044,8,305,-297
105900045,4,950,-946
105900046,3,290,-287
105900047,17,77,-60
105900048,120,778,-658
105900050,9925,2982,6943
105900051,37,1517,-1480
105900052,819,579,240
105900053,5065,3927,1138
105900054,467,362,105
105900056,1032,558,474
105900057,110,201,-91
105900058,25,30,-5
105900059,1,56,-55
106000001,6081,3122,2959
106000002,3639,6746,-3107
106000003,3123,4073,-950
106000004,2201,3171,-970
106000005,3682,7036,-3354
106000006,7491,5529,1962
106000007,647,737,-90
106000008,509,364,145
106000009,583,451,132
106000010,589,788,-199
106000011,1084,1432,-348
106000012,1038,1738,-700
106000013,2017,2672,-655
106000014,2345,2087,258
106000015,1778,1735,43
106000016,1561,2866,-1305
106000017,682,933,-251
106000018,782,674,108
106000019,484,579,-95
106000020,363,517,-154
106000021,395,530,-135
106000022,377,328,49
106000023,733,447,286
106000024,743,711,32
106000025,114,267,-153
106000026,173,306,-133
106000027,1420,1596,-176
106000028,787,711,76
106000029,977,1552,-575
106000030,938,605,333
106000034,381,718,-337
106000035,1236,2338,-1102
106000036,360,704,-344
106000037,2514,1963,551
106000038,621,146,475
106000039,253,105,148
106000040,234,984,-750
106000041,931,672,259
106000043,703,303,400
106000046,427,92,335
106000047,80,518,-438
106000049,932,313,619
106000050,465,960,-495
106000051,807,597,210
106000052,110,860,-750
106000053,360,175,185
106000054,458,663,-205
106000055,1367,1442,-75
106000056,389,570,-181
106000057,384,396,-12
106000058,206,247,-41
106000059,321,424,-103
106000060,455,658,-203
106000061,213,601,-388
106000062,225,716,-491
106000063,689,595,94
106000064,36,531,-495
106000065,393,371,22
106000066,145,428,-283
106000067,731,179,552
106000068,92,885,-793
106000069,250,112,138
106000070,512,1117,-605
106000071,1061,464,597
106000072,3813,1862,1951
106000073,1988,3484,-1496
106000074,663,747,-84
106000075,365,1764,-1399
106000076,2085,2814,-729
106000077,4466,1864,2602
106000078,1222,1355,-133
106000079,871,1360,-489
106000080,1437,923,514
106000081,782,1438,-656
106000082,2771,1182,1589
106000083,493,1997,-1504
106000084,1322,885,437
106000085,1669,1989,-320
106000086,758,1061,-303
106000087,1021,644,377
106000088,507,961,-454
106000089,1095,460,635
106000090,315,785,-470
106000091,356,646,-290
106000092,761,382,379
106000093,362,172,190
106000094,159,359,-200
106000095,741,1012,-271
106000096,1040,942,98
106000097,1299,1318,-19
106000098,1148,1323,-175
106000099,277,1002,-725
106000100,1428,334,1094
106000101,1496,306,1190
106000102,274,774,-500
106000103,480,639,-159
106000104,1012,659,353
106000105,635,939,-304
106000106,758,713,45
106000107,170,412,-242
106000108,326,429,-103
106000109,163,382,-219
106000110,221,471,-250
106000111,223,510,-287
106000112,204,655,-451
106000113,888,689,199
106000114,512,753,-241
106000115,226,580,-354
106000116,299,297,2
106000117,1316,889,427
106000118,1454,1709,-255
106000119,1822,1363,459
106000120,987,1308,-321
106000121,206,232,-26
106000122,87,337,-250
106000123,455,248,207
106000124,79,320,-241
106000125,32,350,-318
106000126,210,168,42
106000127,873,1276,-403
106000128,796,290,506
106000129,517,851,-334
106000130,805,474,331
106000131,176,1025,-849
106000132,695,224,471
106000133,2661,1397,1264
106000134,784,2001,-1217
106000135,291,792,-501
106000136,771,961,-190
106000137,91,1121,-1030
106000138,1186,128,1058
106000139,51,172,-121
106000140,48,94,-46
106000141,115,137,-22
106000142,81,99,-18
106000143,153,107,46
106000144,35,77,-42
106000145,241,356,-115
106000146,387,232,155
106000147,589,637,-48
106000148,923,1072,-149
106000149,658,486,172
106000150,645,2315,-1670
106000151,4402,981,3421
106000152,1728,2331,-603
106000153,107,1872,-1765
106000154,1562,255,1307
106000155,130,295,-165
106000156,899,401,498
106000157,796,2305,-1509
106000158,2591,1348,1243
106000159,4045,2037,2008
106000160,450,3131,-2681
106000161,1891,520,1371
106000162,243,1078,-835
106000163,631,611,20
106000164,364,441,-77
106000165,286,777,-491
106000166,716,479,237
106000167,504,1407,-903
106000168,537,395,142
106000169,280,855,-575
106000170,1123,400,723
106000171,382,1367,-985
106000172,3362,1893,1469
106000173,1700,3479,-1779
106000174,1476,547,929
106000175,373,1276,-903
106000176,1994,1073,921
106000177,1057,3088,-2031
106000178,3930,2187,1743
106000179,1520,3186,-1666
106000180,1006,1885,-879
106000181,907,2204,-1297
106000182,1280,1010,270
106000183,1472,1009,463
106000184,3135,1056,2079
106000185,1449,1538,-89
106000186,1236,310,926
106000187,375,1421,-1046
106000188,0,2,-2
106000189,24,70,-46
106000190,77,2,75
106000191,664,312,352
106000192,4,45,-41
106000193,574,302,272
106000194,249,663,-414
106000195,1402,318,1084
106000196,429,861,-432
106000197,909,421,488
106000198,271,376,-105
106000199,1525,1047,478
106000200,309,364,-55
106000201,587,3038,-2451
106000202,5453,817,4636
106000203,144,210,-66
106000204,89,5,84
106000205,35,180,-145
106000206,85,33,52
106000207,56,937,-881
106000208,1629,240,1389
106000209,1679,493,1186
106000210,461,1367,-906
106000211,442,1560,-1118
106000212,953,489,464
106000213,1035,2069,-1034
106000214,3955,1035,2920
106000215,471,511,-40
106000216,616,494,122
106000217,283,506,-223
106000218,487,528,-41
106000219,154,398,-244
106000220,471,326,145
106000221,217,354,-137
106000222,102,121,-19
106000223,190,135,55
106000224,232,308,-76
106000225,74,125,-51
106000226,133,302,-169
106000228,42,130,-88
106000229,142,804,-662
106000231,893,177,716
106000232,130,426,-296
106000233,901,116,785
106000234,345,265,80
106000235,1592,116,1476
106000236,578,123,455
106000237,22,19,3
106000238,324,33,291
106000239,7,165,-158
106000240,87,2,85
106000241,36,883,-847
106000242,237,29,208
106000249,65,89,-24
106000250,133,784,-651
106000251,195,48,147
106000252,51,109,-58
106000253,51,110,-59
106000254,61,68,-7
106000255,17,181,-164
106000256,70,102,-32
106000257,258,351,-93
106000258,621,19,602
106000259,11,50,-39
106000260,31,7,24
106000261,3,56,-53
106000262,146,27,119
106000263,21,106,-85
106000264,332,22,310
106000265,24,231,-207
106000266,153,41,112
106000267,9,105,-96
106000268,722,93,629
106000269,106,95,11
106000270,180,728,-548
106000271,142,342,-200
106000272,280,111,169
106000273,14,332,-318
106000274,258,75,183
106000275,187,333,-146
106000276,250,60,190
106000277,181,328,-147
106000278,278,46,232
106000279,24,53,-29
106000280,103,124,-21
106000281,145,95,50
106000282,78,70,8
106000283,182,85,97
106000284,120,147,-27
106000285,153,117,36
106000286,101,221,-120
106000287,245,117,128
106000288,135,246,-111
106000289,107,83,24
106000290,87,147,-60
106000291,165,130,35
106000292,126,176,-50
106000293,212,120,92
106000294,133,184,-51
106000295,69,81,-12
106000296,85,120,-35
106000297,78,383,-305
106000298,185,90,95
106000299,86,207,-121
106000300,64,151,-87
106000301,90,151,-61
106000303,48,76,-28
106000304,33,36,-3
106000305,104,63,41
106000306,53,86,-33
106000307,72,36,36
106000308,46,205,-159
106000309,20,110,-90
106000310,345,716,-371
106000311,470,272,198
106000312,95,208,-113
106000313,227,274,-47
106000318,202,602,-400
106000319,1134,286,848
106000320,12,84,-72
106000321,609,173,436
106000322,196,249,-53
106000324,17,161,-144
106000325,1836,1242,594
106000326,1094,2381,-1287
106000327,116,163,-47
106000328,55,164,-109
106000329,229,399,-170
106000330,125,111,14
106000428,89,171,-82
106000429,182,532,-350
106000430,404,1413,-1009
106000431,2247,450,1797
106000432,2168,3325,-1157
106000433,2225,1407,818
106000434,3466,1885,1581
106000435,2033,3291,-1258
106000436,25,287,-262
106000437,380,51,329
106000438,557,226,331
106000439,131,536,-405
106000440,363,519,-156
106000441,3,1,2
106000442,126,5,121
106000443,175,447,-272
106000450,7,216,-209
106000451,32,68,-36
106000454,8,262,-254
106000455,15,304,-289
106000456,148,81,67
106000457,15,1366,-1351
106000458,648,206,442
106000459,134,623,-489
106000460,1938,58,1880
106000461,115,1967,-1852
106000462,0,24,-24
106000463,9,41,-32
106000464,5,606,-601
106000465,582,2,580
106000466,7,823,-816
106000467,605,827,-222
106000468,86,238,-152
106000469,332,3,329
106000470,358,2106,-1748
106000471,54,800,-746
106000472,210,27,183
106000473,33,16,17
106000474,393,658,-265
106000475,290,223,67
106000476,199,251,-52
106000477,31,36,-5
106900001,1,32,-31
106900002,3,590,-587
106900003,371,1106,-735
106900004,2,63,-61
106900006,1,9,-8
106900007,0,22,-22
106900008,415,382,33
106900009,359,491,-132
106900010,391,388,3
106900012,2404,2721,-317
106900013,824,175,649
106900014,44,5,39
106900015,42,1,41
106900016,338,6,332
106900017,10,1,9
106900018,2,0,2
106900019,56,5,51
106900020,3030,1758,1272
106900021,117,123,-6
106900022,893,9,884
106900023,59,310,-251
106900024,903,44,859
106900025,85,842,-757
106900026,3,800,-797
106900027,1157,12,1145
107000001,4893,4275,618
107000002,5074,7005,-1931
107000003,6288,7561,-1273
107000004,6894,7141,-247
107000005,4747,6347,-1600
107000006,6420,7151,-731
107000007,6578,11971,-5393
107000008,15819,12451,3368
107000009,7881,8584,-703
107000010,14829,14048,781
107000011,1551,1804,-253
107000012,5357,4484,873
107000013,65,115,-50
107000014,56,267,-211
107000015,457,932,-475
107000016,882,1188,-306
107000017,6626,1474,5152
107000018,21,816,-795
107000020,4262,1117,3145
107000021,2800,712,2088
107000022,1700,1691,9
107000023,2942,320,2622
107000024,757,1878,-1121
107000025,233,502,-269
107000026,347,758,-411
107000027,1499,1301,198
107000028,1602,1899,-297
107000029,3702,3455,247
107000030,4289,4557,-268
107000031,4305,3490,815
107000032,715,1351,-636
107000033,4260,7480,-3220
107000034,4665,2456,2209
107000035,484,312,172
107000036,521,1494,-973
107000037,96,1057,-961
107000038,345,415,-70
107000039,915,952,-37
107000040,240,635,-395
107000041,2347,1127,1220
107000042,1036,2527,-1491
107000043,3456,1407,2049
107000044,704,457,247
107000045,180,400,-220
107000046,985,511,474
107000047,662,1105,-443
107000048,832,411,421
107000049,703,1018,-315
107000050,1245,659,586
107000051,603,481,122
107000052,1254,1223,31
107000053,501,239,262
107000054,94,376,-282
107000055,185,169,16
107000056,465,1109,-644
107000057,1518,344,1174
107000058,2649,2855,-206
107000059,3034,4262,-1228
107000060,4738,6652,-1914
107000061,6573,5035,1538
107000062,4253,3736,517
107000063,4863,6976,-2113
107000064,5414,2819,2595
107000065,6388,6292,96
107000066,2910,3353,-443
107000067,1646,1528,118
107000068,1969,911,1058
107000069,888,593,295
107000070,1272,8,1264
107000071,3308,73,3235
107000072,114,3912,-3798
107000073,919,370,549
107000074,210,1285,-1075
107000075,1810,563,1247
107000076,957,2141,-1184
107000077,3931,1560,2371
107000078,3519,4631,-1112
107000079,3209,1209,2000
107000080,1670,4510,-2840
107000081,2158,830,1328
107000082,689,2677,-1988
107000083,1635,547,1088
107000084,602,2729,-2127
107000085,3605,4496,-891
107000086,4952,4449,503
107000087,3347,2784,563
107000088,4442,4757,-315
107000089,1592,2319,-727
107000090,1376,1412,-36
107000091,1411,1139,272
107000092,949,1303,-354
107000093,1367,1182,185
107000094,1256,1590,-334
107000095,1053,789,264
107000096,771,1470,-699
107000097,906,270,636
107000098,851,555,296
107000099,568,437,131
107000100,349,373,-24
107000101,125,244,-119
107000102,368,470,-102
107000103,351,214,137
107000104,229,337,-108
107000105,385,163,222
107000106,531,326,205
107000107,654,250,404
107000108,317,783,-466
107000109,791,162,629
107000110,105,549,-444
107000111,463,67,396
107000112,67,366,-299
107000113,633,186,447
107000114,141,703,-562
107000115,611,190,421
107000116,165,1014,-849
107000117,145,673,-528
107000118,163,279,-116
107000119,1811,1878,-67
107000120,1759,641,1118
107000121,956,811,145
107000122,1531,1341,190
107000123,411,871,-460
107000124,619,1173,-554
107000125,1002,881,121
107000126,1035,1116,-81
107000127,72,391,-319
107000129,871,434,437
107000130,931,457,474
107000131,591,581,10
107000132,753,485,268
107000133,1291,112,1179
107000134,517,5,512
107000135,3,365,-362
107000136,951,11,940
107000137,24,520,-496
107000138,748,37,711
107000139,31,556,-525
107000140,2652,214,2438
107000141,201,1078,-877
107000142,673,180,493
107000143,101,947,-846
107000144,880,719,161
107000145,206,680,-474
107000146,241,512,-271
107000147,3577,1192,2385
107000150,1121,3318,-2197
107000151,76,163,-87
107000152,605,1412,-807
107000153,281,572,-291
107000154,331,331,0
107000155,1099,33,1066
107000156,1507,41,1466
107000157,56,2158,-2102
107000158,720,40,680
107000159,50,1249,-1199
107000160,1055,248,807
107000161,118,2100,-1982
107000162,376,632,-256
107000163,341,2,339
107000164,776,5,771
107000165,1017,16,1001
107000166,95,1692,-1597
107000167,746,375,371
107000168,971,696,275
107000169,967,1195,-228
107000170,2276,1171,1105
107000171,1098,2972,-1874
107000172,1312,1565,-253
107000173,953,1467,-514
107000174,1276,5774,-4498
107000175,9758,2654,7104
107000176,3,0,3
107000177,42,2,40
107000178,23,90,-67
107000179,433,3057,-2624
107000180,1521,733,788
107000181,471,1418,-947
107000182,1955,1343,612
107000183,192,1186,-994
107000184,1137,994,143
107000185,566,1994,-1428
107000186,1591,655,936
107000187,1900,1745,155
107000188,748,749,-1
107000189,501,1450,-949
107000190,952,960,-8
107000191,821,1309,-488
107000192,1970,1062,908
107000193,486,682,-196
107000194,905,901,4
107000197,1245,468,777
107000198,431,946,-515
107000199,791,1058,-267
107000200,895,940,-45
107000201,646,339,307
107000202,477,706,-229
107000203,2293,886,1407
107000204,2692,1012,1680
107000205,3186,1473,1713
107000206,1286,1464,-178
107000207,1021,1411,-390
107000208,1586,555,1031
107000209,3361,1518,1843
107000210,1233,509,724
107000211,5,59,-54
107000212,30,473,-443
107000213,8,21,-13
107000214,28,220,-192
107000215,476,620,-144
107000216,533,441,92
107000217,374,196,178
107000219,157,200,-43
107000220,529,320,209
107000222,317,1105,-788
107000224,667,105,562
107000225,729,723,6
107000226,524,110,414
107000227,188,404,-216
107000228,81,230,-149
107000229,171,210,-39
107000230,1238,637,601
107000231,2383,1990,393
107000232,125,60,65
107000233,2045,1231,814
107000234,4,56,-52
107000235,108,11,97
107000236,33,886,-853
107000237,31,1,30
107000238,109,4,105
107000239,4154,664,3490
107000240,118,1353,-1235
107000241,93,33,60
107000242,527,65,462
107000243,0,84,-84
107000244,7,110,-103
107000246,2,1243,-1241
107000249,9,1264,-1255
107000251,2,478,-476
107000252,6,1574,-1568
107000255,699,123,576
107000257,2,509,-507
107000258,0,171,-171
107000259,5,283,-278
107000260,799,23,776
107000262,12,692,-680
107000263,280,22,258
107000266,9,35,-26
107000267,118,233,-115
107000268,188,206,-18
107000269,793,69,724
107000270,6,20,-14
107000271,34,987,-953
107000272,27,181,-154
107000273,1,267,-266
107000274,2421,226,2195
107000275,190,963,-773
107000280,979,56,923
107000281,63,1244,-1181
107000282,38,1143,-1105
107000290,5,19,-14
107000291,39,21,18
107000292,1,59,-58
107000293,234,2,232
107000294,2,37,-35
107000295,181,3,178
107000296,0,27,-27
107000444,240,6,234
107000496,2,31,-29
107000497,1877,3425,-1548
107000500,346,431,-85
107000501,189,205,-16
107000502,268,467,-199
107000505,530,1082,-552
107000506,2,81,-79
107000508,12,822,-810
107000509,294,1335,-1041
107000510,123,27,96
107000514,71,428,-357
107000515,35,301,-266
107000516,367,386,-19
107000518,1101,1458,-357
107000519,2756,1333,1423
107000520,101,40,61
107900001,87,239,-152
107900002,81,10,71
107900003,352,26,326
107900004,92,4,88
107900005,1705,6,1699
107900006,230,2,228
107900007,485,58,427
107900008,221,48,173
107900009,296,9,287
107900010,50,3,47
107900012,273,24,249
107900013,314,75,239
107900014,39,19,20
107900015,1141,19,1122
107900016,444,178,266
107900017,82,6,76
107900018,65,200,-135
107900019,35,60,-25
107900020,197,14,183
107900021,89,179,-90
107900023,8,7,1
107900024,0,13,-13
107900025,211,424,-213
107900026,113,86,27
107900027,158,81,77
107900028,102,90,12
107900030,175,24,151
107900031,93,133,-40
107900032,48,10,38
107900033,22,19,3
107900034,439,31,408
107900035,1001,76,925
107900036,62,20,42
107900037,0,17,-17
107900038,172,328,-156
107900039,38,82,-44
107900040,154,293,-139
107900041,4,7,-3
107900043,31,193,-162
107900044,29,19,10
107900045,170,66,104
107900046,194,230,-36
107900047,26,33,-7
107900048,173,7,166
107900049,462,2162,-1700
107900050,198,467,-269
107900051,92,98,-6
107900052,34,50,-16
107900053,33,115,-82
107900055,1048,447,601
107900056,199,61,138
107900057,0,0,0
107900058,62,722,-660
107900060,74,67,7
107900061,29,13,16
107900063,111,152,-41
107900064,426,171,255
107900065,253,25,228
107900066,32,13,19
107900067,1,0,1
107900068,244,389,-145
107900069,51,2026,-1975
107900070,187,87,100
107900071,23,1078,-1055
107900072,118,270,-152
107900073,352,168,184
107900074,1194,402,792
107900076,160,80,80
107900077,91,1,90
107900078,271,52,219
107900079,15,39,-24
107900080,394,498,-104
107900081,44,184,-140
107900082,41,30,11
107900083,417,187,230
107900084,117,170,-53
107900086,159,196,-37
107900087,943,231,712
107900088,45,9,36
107900089,404,1338,-934
107900090,880,3427,-2547
107900091,339,643,-304
107900092,2606,733,1873
107900093,174,205,-31
107900095,4589,3496,1093
107900097,32,108,-76
107900098,39,225,-186
107900100,1520,1561,-41
107900101,1422,320,1102
107900102,34,7,27
107900103,62,307,-245
107900104,295,15,280
107900105,1,367,-366
107900106,5,1634,-1629
107900107,1574,650,924
107900108,431,216,215
107900109,1218,13,1205
107900110,84,176,-92
107900111,7,1110,-1103
107900112,149,434,-285
107900113,260,227,33
107900114,175,232,-57
107900115,1,79,-78
107900116,183,270,-87
107900117,412,601,-189
107900118,100,263,-163
107900119,88,539,-451
107900120,36,30,6
107900121,12,388,-376
107900122,10,123,-113
107900123,5,57,-52
107900124,68,46,22
107900125,37,230,-193
107900126,12,87,-75
107900127,610,416,194
107900128,185,133,52
107900129,88,71,17
107900130,134,61,73
107900131,933,395,538
107900132,189,581,-392
107900133,4,126,-122
107900134,37,84,-47
107900135,8,227,-219
107900136,33,56,-23
107900137,320,140,180
107900138,60,86,-26
107900139,40,141,-101
107900140,140,86,54
107900141,56,43,13
107900142,183,1188,-1005
107900143,205,38,167
107900144,1,167,-166
107900145,14,124,-110
107900146,91,214,-123
107900147,94,56,38
107900148,212,199,13
107900149,1486,367,1119
107900150,116,998,-882
107900151,56,146,-90
107900152,15,355,-340
107900153,164,421,-257
107900154,92,30,62
107900155,59,107,-48
107900156,12,456,-444
107900157,74,60,14
107900158,946,36,910
107900159,74,1280,-1206
107900160,130,215,-85
107900161,37,210,-173
107900162,4,188,-184
107900163,274,139,135
107900164,9,52,-43
107900165,28,120,-92
107900166,27,257,-230
107900167,35,34,1
107900168,31,58,-27
107900169,7,262,-255
107900171,24,2074,-2050
107900172,7,492,-485
107900173,15,229,-214
107900174,114,7,107
107900175,50,63,-13
107900176,13,51,-38
107900177,10,223,-213
107900178,0,220,-220
107900179,36,224,-188
107900180,908,564,344
107900181,653,385,268
107900182,10,1661,-1651
107900183,39,416,-377
107900184,278,355,-77
107900185,117,0,117
107900186,25,42,-17
107900187,1,182,-181
107900188,947,246,701
107900189,49,259,-210
107900190,140,150,-10
107900191,79,166,-87
107900193,11,78,-67
107900194,311,9,302
107900195,3771,680,3091
107900196,70,159,-89
107900197,1335,548,787
107900199,6,1251,-1245
107900201,142,134,8
107900203,34,78,-44
107900204,295,358,-63
107900205,299,652,-353
107900206,1254,266,988
107900207,2,553,-551
107900208,13,761,-748
107900209,531,225,306
107900210,104,170,-66
107900213,1308,949,359
107900214,19,169,-150
107900215,228,440,-212
107900216,169,85,84
107900217,58,150,-92
107900218,21,1732,-1711
107900219,59,191,-132
107900220,410,381,29
107900221,240,292,-52
107900223,111,747,-636
107900224,150,517,-367
107900225,17,768,-751
107900226,106,162,-56
107900227,136,536,-400
107900228,21,142,-121
107900229,3,385,-382
107900230,11,187,-176
107900231,20,301,-281
107900232,76,239,-163
107900233,14,206,-192
107900234,105,208,-103
107900235,58,154,-96
107900236,90,110,-20
107900237,86,569,-483
107900238,18,147,-129
107900239,1086,680,406
107900240,44,221,-177
107900241,10,131,-121
107900242,34,385,-351
107900243,11,94,-83
107900244,439,2,437
107900245,702,49,653
107900246,979,13,966
107900248,648,764,-116
107900249,772,47,725
107900250,4,672,-668
107900251,84,1635,-1551
107900252,1077,37,1040
107900253,180,12,168
107900254,81,842,-761
107900255,544,176,368
107900256,2830,1089,1741
107900257,308,237,71
107900258,156,251,-95
107900259,140,2231,-2091
107900261,15,712,-697
107900262,122,210,-88
107900264,580,8,572
107900265,398,229,169
107900267,206,38,168
107900268,13,3,10
107900269,0,8,-8
107900270,0,0,0
107900271,0,7,-7
107900272,97,23,74
107900273,54,145,-91
107900274,101,1,100
107900275,32,0,32
107900276,3,86,-83
107900277,0,268,-268
107900278,347,436,-89
107900279,178,200,-22
107900280,2373,3295,-922
107900281,2675,3018,-343
107900282,69,525,-456
107900283,1482,641,841
107900284,824,923,-99
107900285,107,118,-11
107900286,248,151,97
107900287,211,264,-53
107900290,1,121,-120
107900291,638,16,622
107900292,135,281,-146
107900293,67,530,-463
107900295,50,79,-29
107900297,3,475,-472
107900298,911,1080,-169
107900299,4139,2635,1504
107900300,78,292,-214
107900301,1320,618,702
107900302,156,73,83
107900303,357,458,-101
107900304,223,610,-387
107900305,330,16,314
107900306,33,45,-12
107900307,65,294,-229
107900308,175,176,-1
107900309,146,3,143
107900310,626,5,621
107900311,4,308,-304
107900312,105,0,105
107900313,2,168,-166
107900314,1,68,-67
107900315,4,86,-82
107900316,68,0,68
107900317,237,15,222
107900318,12,218,-206
107900319,6,312,-306
107900320,8,211,-203
107900321,144,11,133
107900322,7,189,-182
107900323,20,206,-186
107900324,139,2,137
107900325,120,0,120
107900326,566,352,214
107900327,3,81,-78
107900328,215,1,214
107900329,297,166,131
107900330,24,436,-412
107900331,161,47,114
107900332,234,45,189
107900333,66,13,53
107900334,36,250,-214
107900335,108,57,51
107900336,94,39,55
107900337,1469,959,510
107900338,6,202,-196
107900339,2,39,-37
107900340,1,64,-63
107900341,102,1,101
107900342,132,152,-20
107900343,133,4,129
107900344,19,132,-113
107900345,114,43,71
107900346,38,1,37
107900347,22,0,22
107900348,2,2,0
107900349,26,8,18
107900350,18,343,-325
108000001,3334,4330,-996
108000002,2572,3706,-1134
108000003,4127,3683,444
108000004,16660,20479,-3819
108000005,9058,7051,2007
108000006,10848,10449,399
108000007,6075,4904,1171
108000008,5906,8646,-2740
108000009,4062,5102,-1040
108000010,4259,6245,-1986
108000011,14420,13718,702
108000012,23360,21392,1968
108000014,1111,837,274
108000015,707,332,375
108000016,337,753,-416
108000017,1135,521,614
108000018,2579,811,1768
108000019,3148,1061,2087
108000020,1459,685,774
108000021,529,2215,-1686
108000022,628,1780,-1152
108000023,1434,276,1158
108000024,323,823,-500
108000025,391,302,89
108000026,622,654,-32
108000027,831,638,193
108000028,570,394,176
108000029,670,710,-40
108000030,796,339,457
108000031,268,810,-542
108000032,1598,914,684
108000033,961,1494,-533
108000034,1829,774,1055
108000035,1139,3257,-2118
108000036,417,1347,-930
108000037,1668,605,1063
108000038,2621,735,1886
108000039,799,2787,-1988
108000040,2006,1108,898
108000041,880,3373,-2493
108000042,301,316,-15
108000043,281,394,-113
108000044,506,208,298
108000045,316,774,-458
108000046,1559,503,1056
108000047,615,1414,-799
108000048,313,519,-206
108000049,1210,381,829
108000050,128,558,-430
108000051,326,136,190
108000052,338,919,-581
108000053,492,240,252
108000054,714,1371,-657
108000055,1413,623,790
108000056,1145,1532,-387
108000057,722,1446,-724
108000058,2410,4382,-1972
108000059,4124,2760,1364
108000060,208,448,-240
108000061,132,354,-222
108000062,935,731,204
108000063,537,679,-142
108000064,253,315,-62
108000065,647,834,-187
108000066,1903,1082,821
108000067,1864,682,1182
108000068,724,432,292
108000069,251,1276,-1025
108000070,2023,909,1114
108000071,827,2192,-1365
108000072,1788,1322,466
108000073,1845,2534,-689
108000074,824,499,325
108000075,486,1262,-776
108000076,853,697,156
108000077,837,911,-74
108000078,2320,1772,548
108000079,1047,2219,-1172
108000080,1594,712,882
108000081,780,2316,-1536
108000082,1229,2359,-1130
108000083,2089,1195,894
108000084,571,1496,-925
108000085,1047,547,500
108000086,1315,1124,191
108000087,210,2245,-2035
108000088,209,17,192
108000089,454,584,-130
108000090,581,234,347
108000091,429,646,-217
108000092,182,116,66
108000093,245,898,-653
108000094,670,107,563
108000095,187,574,-387
108000096,299,203,96
108000097,164,642,-478
108000098,1768,1926,-158
108000099,318,91,227
108000100,69,203,-134
108000101,1838,1630,208
108000102,2027,3463,-1436
108000106,1221,1,1220
108000107,6,1059,-1053
108000108,883,66,817
108000109,11,844,-833
108000110,260,451,-191
108000111,230,921,-691
108000112,78,176,-98
108000113,628,335,293
108000115,461,485,-24
108000117,941,461,480
108000118,106,274,-168
108000119,838,531,307
108000120,155,890,-735
108000121,285,759,-474
108000122,771,400,371
108000123,1256,321,935
108000124,775,744,31
108000125,545,391,154
108000126,236,523,-287
108000127,576,369,207
108000128,779,709,70
108000129,786,1460,-674
108000130,968,306,662
108000131,1006,776,230
108000132,2735,2051,684
108000133,1083,662,421
108000134,653,829,-176
108000135,1268,785,483
108000136,725,1280,-555
108000137,498,500,-2
108000138,498,1355,-857
108000139,580,415,165
108000140,119,58,61
108000141,36,121,-85
108000142,75,103,-28
108000143,27,30,-3
108000144,37,21,16
108000145,56,23,33
108000146,83,22,61
108000147,77,52,25
108000148,111,27,84
108000149,34,27,7
108000150,32,10,22
108000151,38,27,11
108000152,119,551,-432
108000153,534,198,336
108000154,62,13,49
108000155,85,26,59
108000156,368,128,240
108000157,317,1060,-743
108000158,103,970,-867
108000159,683,238,445
108000160,4324,1546,2778
108000161,3819,3137,682
108000165,14,207,-193
108000172,9,363,-354
108000173,2522,2453,69
108000175,265,108,157
108000178,546,416,130
108000179,253,951,-698
108000181,83,43,40
108000182,145,25,120
108000183,70,27,43
108000184,1310,2602,-1292
108000185,329,851,-522
108000186,256,97,159
108000187,194,882,-688
108000188,770,347,423
108000189,913,1545,-632
108000190,55,200,-145
108000192,265,726,-461
108000193,912,61,851
108000194,39,9,30
108000195,4,1367,-1363
108000196,414,227,187
108000198,526,480,46
108000199,2,209,-207
108000200,676,703,-27
108000202,1,294,-293
108000203,144,955,-811
108000204,238,119,119
108000205,503,726,-223
108000339,1864,546,1318
108000364,170,384,-214
108000365,109,403,-294
108000367,198,460,-262
108000368,10,93,-83
108000369,1672,394,1278
108000371,3,784,-781
108000372,631,0,631
108000373,230,177,53
108000376,89,49,40
108000377,445,327,118
108000378,10806,12037,-1231
108000379,46,263,-217
108000381,46,31,15
108000382,150,4,146
108000383,0,193,-193
108900001,142,1408,-1266
108900002,205,81,124
108900003,306,1015,-709
108900004,256,480,-224
108900005,113,447,-334
108900006,827,167,660
108900007,322,302,20
108900008,136,240,-104
108900009,70,134,-64
108900010,237,238,-1
108900011,602,504,98
108900012,428,533,-105
108900013,198,294,-96
108900014,14,141,-127
108900015,0,56,-56
108900016,1,304,-303
108900017,452,456,-4
108900018,147,639,-492
108900019,66,1127,-1061
108900020,49,306,-257
108900021,115,321,-206
108900022,140,14,126
108900023,6,71,-65
108900024,52,210,-158
108900025,134,124,10
108900026,47,119,-72
108900027,2,115,-113
108900028,82,357,-275
108900029,95,322,-227
108900030,0,146,-146
108900031,146,473,-327
108900032,27,331,-304
108900033,0,92,-92
108900034,5,274,-269
108900035,395,1776,-1381
108900036,236,400,-164
108900037,119,494,-375
108900038,0,416,-416
108900039,4,606,-602
108900040,12,177,-165
108900041,6640,3519,3121
108900042,5,449,-444
108900043,70,578,-508
108900044,2,620,-618
108900045,75,645,-570
108900046,77,1102,-1025
108900047,1,85,-84
108900048,172,1178,-1006
108900049,4550,1715,2835
108900050,1,280,-279
108900051,0,185,-185
108900052,59,331,-272
108900053,139,217,-78
108900054,104,363,-259
108900055,127,481,-354
108900056,0,216,-216
108900057,2,222,-220
108900058,44,519,-475
108900059,478,41,437
108900060,113,154,-41
108900061,124,65,59
108900062,5,342,-337
108900063,13,390,-377
108900064,232,83,149
108900065,17,343,-326
108900066,453,157,296
108900067,76,220,-144
108900068,1,111,-110
108900069,71,138,-67
108900070,61,167,-106
108900071,84,103,-19
108900072,2841,1040,1801
108900073,25,89,-64
108900074,206,483,-277
108900075,83,48,35
108900076,316,122,194
108900077,128,129,-1
108900078,22,187,-165
108900079,1217,340,877
108900080,69,1052,-983
108900081,81,325,-244
108900082,70,130,-60
108900083,51,328,-277
108900084,506,162,344
108900085,2635,268,2367
108900086,84,327,-243
108900087,122,299,-177
108900088,1147,606,541
108900089,41,195,-154
108900090,56,376,-320
108900091,111,155,-44
108900092,528,489,39
108900093,103,142,-39
108900094,209,115,94
108900095,61,498,-437
108900096,463,52,411
108900097,326,362,-36
108900098,3247,949,2298
108900099,411,343,68
108900100,99,179,-80
108900101,218,171,47
108900102,150,1124,-974
108900103,357,119,238
108900104,187,498,-311
108900105,5,1268,-1263
108900106,487,479,8
108900108,750,74,676
108900109,168,30,138
108900110,297,701,-404
108900111,486,810,-324
108900112,305,39,266
108900113,47,74,-27
108900114,8,2,6
108900115,108,111,-3
108900116,133,33,100
108900117,128,12,116
108900118,582,23,559
108900119,213,28,185
108900120,473,204,269
108900121,410,179,231
108900122,160,32,128
108900123,128,177,-49
108900124,525,286,239
108900125,406,4,402
108900126,131,59,72
108900127,165,34,131
108900128,122,81,41
108900129,793,235,558
108900130,412,2,410
108900131,512,16,496
108900132,772,260,512
108900133,214,91,123
108900134,311,311,0
108900135,205,31,174
108900136,53,5,48
108900137,140,2,138
108900138,777,75,702
108900139,724,211,513
108900140,245,289,-44
108900141,378,36,342
108900142,182,17,165
108900143,40,0,40
108900144,144,0,144
108900145,193,16,177
108900146,79,0,79
108900147,240,1,239
108900148,112,94,18
108900149,672,467,205
108900150,357,12,345
108900151,453,23,430
108900152,227,86,141
108900153,250,503,-253
108900154,5650,651,4999
108900155,307,136,171
108900156,97,7,90
108900157,39,674,-635
108900158,629,58,571
108900159,12,362,-350
108900160,32,360,-328
108900161,24,510,-486
108900162,141,2,139
108900163,3,306,-303
108900164,74,106,-32
108900165,188,135,53
108900167,2477,6666,-4189
108900168,9654,3389,6265
108900169,79,133,-54
108900171,10304,3342,6962
108900172,240,70,170
108900173,342,503,-161
108900174,643,663,-20
108900176,158,523,-365
108900177,7328,5806,1522
108900178,5398,3771,1627
108900179,730,1737,-1007
108900180,109,292,-183
108900182,55,271,-216
108900183,240,342,-102
108900184,550,329,221
108900185,217,505,-288
108900186,107,496,-389
108900187,386,91,295
108900188,562,135,427
108900189,606,244,362
108900190,74,3693,-3619
108900191,312,52,260
108900192,118,284,-166
108900193,455,95,360
108900194,68,470,-402
108900195,149,409,-260
108900196,52,587,-535
108900198,9,592,-583
108900199,304,586,-282
108900200,659,415,244
108900201,620,1732,-1112
108900203,633,101,532
108900204,400,23,377
108900205,210,42,168
108900206,556,59,497
108900207,202,88,114
108900208,25,438,-413
108900209,288,811,-523
108900210,266,318,-52
108900211,187,497,-310
108900212,944,1552,-608
108900215,123,616,-493
108900216,600,182,418
108900217,202,0,202
108900218,227,97,130
108900219,97,12,85
108900220,70,41,29
108900221,64,159,-95
108900222,348,24,324
108900223,12,167,-155
108900224,46,300,-254
108900225,0,248,-248
108900226,286,19,267
108900227,141,356,-215
108900230,373,306,67
108900231,62,303,-241
108900232,4,387,-383
108900233,635,174,461
108900234,358,231,127
108900235,347,874,-527
108900236,67,452,-385
108900237,124,292,-168
108900240,224,175,49
108900241,37,91,-54
108900245,15,1745,-1730
108900249,147,37,110
108900250,238,157,81
108900257,275,660,-385
108900258,17,280,-263
108900259,200,105,95
108900260,14,138,-124
108900261,99,167,-68
108900262,206,181,25
108900263,26,277,-251
108900264,538,327,211
108900265,1325,477,848
108900266,1266,640,626
108900267,6,110,-104
108900268,36,11,25
108900269,83,36,47
108900270,86,12,74
108900271,55,15,40
108900272,211,15,196
108900273,1273,920,353
108900274,44,57,-13
109000001,3576,1588,1988
109000002,1872,1734,138
109000003,2506,589,1917
109000004,561,2619,-2058
109000005,2747,822,1925
109000006,958,2543,-1585
109000007,1644,699,945
109000008,555,2192,-1637
109000009,4213,1481,2732
109000010,1831,4762,-2931
109000011,3545,2461,1084
109000012,2366,4423,-2057
109000013,4071,3680,391
109000014,2616,4082,-1466
109000015,4145,7429,-3284
109000016,8600,4775,3825
109000017,2489,1321,1168
109000018,1047,3789,-2742
109000019,3087,1363,1724
109000020,1293,2165,-872
109000023,336,48,288
109000024,4,227,-223
109000025,409,555,-146
109000026,923,412,511
109000027,123,365,-242
109000028,157,136,21
109000029,148,242,-94
109000030,106,611,-505
109000031,276,212,64
109000032,216,572,-356
109000033,432,231,201
109000034,91,60,31
109000035,31,139,-108
109000036,183,521,-338
109000037,277,1409,-1132
109000038,885,567,318
109000039,1275,917,358
109000040,5987,8971,-2984
109000041,4848,2031,2817
109000042,904,1600,-696
109000044,521,87,434
109000045,126,474,-348
109000046,449,122,327
109000047,77,589,-512
109000048,1194,299,895
109000049,542,692,-150
109000050,555,409,146
109000051,426,401,25
109000052,649,1553,-904
109000053,306,133,173
109000054,1208,840,368
109000055,601,476,125
109000056,638,949,-311
109000057,847,614,233
109000058,1331,535,796
109000059,1276,1680,-404
109000060,507,336,171
109000061,1421,1302,119
109000062,332,437,-105
109000063,365,300,65
109000064,567,274,293
109000065,175,348,-173
109000066,494,177,317
109000067,114,506,-392
109000068,2394,12,2382
109000069,1143,43,1100
109000070,11,1355,-1344
109000071,404,96,308
109000072,106,416,-310
109000073,80,123,-43
109000074,31,253,-222
109000075,91,421,-330
109000076,149,312,-163
109000077,479,365,114
109000078,84,210,-126
109000079,162,310,-148
109000080,127,154,-27
109000081,131,670,-539
109000082,557,337,220
109000083,314,1069,-755
109000088,163,676,-513
109000089,278,87,191
109000090,237,615,-378
109000091,442,207,235
109000092,475,745,-270
109000093,272,281,-9
109000094,558,10,548
109000095,118,580,-462
109000096,788,300,488
109000097,102,212,-110
109000098,68,159,-91
109000099,1088,395,693
109000100,291,779,-488
109000101,1864,1015,849
109000102,476,1150,-674
109000103,559,955,-396
109000104,1935,848,1087
109000105,602,1827,-1225
109000106,2396,1042,1354
109000107,786,2895,-2109
109000108,1912,834,1078
109000109,537,2429,-1892
109000110,1782,801,981
109000111,1286,2645,-1359
109000112,713,263,450
109000113,611,337,274
109000114,403,559,-156
109000115,1489,59,1430
109000116,5,320,-315
109000117,251,97,154
109000118,22,404,-382
109000119,1600,358,1242
109000120,237,1177,-940
109000121,530,84,446
109000122,147,1128,-981
109000123,59,72,-13
109000124,656,645,11
109000125,1076,484,592
109000126,511,1095,-584
109000127,904,319,585
109000128,636,2044,-1408
109000129,2473,1039,1434
109000130,802,2698,-1896
109000131,1121,777,344
109000132,1108,2734,-1626
109000133,432,1351,-919
109000134,1011,1906,-895
109000135,1606,2181,-575
109000136,469,442,27
109000137,441,536,-95
109000138,648,520,128
109000139,633,600,33
109000140,499,523,-24
109000141,678,640,38
109000142,167,775,-608
109000143,180,109,71
109000145,169,292,-123
109000146,79,186,-107
109000148,4591,2778,1813
109000149,33,51,-18
109000150,173,334,-161
109000155,999,700,299
109000156,1435,956,479
109000158,338,437,-99
109000159,247,849,-602
109000160,1099,412,687
109000161,329,1313,-984
109000162,2285,1036,1249
109000163,1215,2305,-1090
109000164,1284,3195,-1911
109000165,1349,767,582
109000166,753,199,554
109000167,146,786,-640
109000170,70,74,-4
109000171,106,68,38
109000172,64,98,-34
109000173,35,87,-52
109000174,118,91,27
109000175,76,142,-66
109000176,392,335,57
109000177,53,167,-114
109000178,432,173,259
109000179,7462,6378,1084
109000180,6422,4547,1875
109000181,22,50,-28
109000182,53,42,11
109000183,34,76,-42
109000184,40,20,20
109000185,40,66,-26
109000188,1020,2798,-1778
109000189,4158,1283,2875
109000190,1405,615,790
109000191,505,618,-113
109000192,445,430,15
109000193,261,510,-249
109000194,297,239,58
109000195,225,505,-280
109000196,381,171,210
109000197,239,548,-309
109000198,545,108,437
109000199,158,650,-492
109000206,276,48,228
109000207,160,55,105
109000208,128,120,8
109000209,226,186,40
109000210,280,763,-483
109000211,782,747,35
109000214,425,550,-125
109000215,192,110,82
109000216,246,298,-52
109000217,446,204,242
109000218,1507,309,1198
109000221,602,1510,-908
109000222,1129,300,829
109000223,349,429,-80
109000224,43,188,-145
109000225,76,47,29
109000226,74,292,-218
109000227,1157,1675,-518
109000228,2,787,-785
109000231,4,450,-446
109000232,400,449,-49
109000236,321,982,-661
109000241,2394,2698,-304
109000242,2208,1897,311
109000293,55,90,-35
109000361,106,404,-298
109000364,338,777,-439
109000396,8,712,-704
109000397,570,8,562
109000399,141,622,-481
109000400,98,381,-283
109000403,177,922,-745
109000406,389,3,386
109000407,476,304,172
109000408,1,675,-674
109000410,1182,341,841
109000411,228,38,190
109900001,121,0,121
109900002,1106,33,1073
109900003,241,5,236
109900004,1316,242,1074
109900005,27,8,19
109900006,622,366,256
109900007,849,723,126
109900008,1,71,-70
109900009,159,701,-542
109900010,700,20,680
109900011,93,51,42
109900012,602,288,314
109900013,514,266,248
109900014,468,92,376
109900015,711,266,445
109900016,186,67,119
109900017,216,238,-22
109900018,334,144,190
109900019,433,140,293
109900020,61,53,8
109900021,42,18,24
109900022,154,294,-140
109900023,23,7,16
109900024,18,7,11
109900025,21,114,-93
109900026,0,259,-259
109900027,25,62,-37
109900028,2157,1161,996
109900029,11,416,-405
109900030,41,9,32
109900031,2,223,-221
109900032,22,444,-422
109900033,4,599,-595
109900034,22,4,18
109900035,27,37,-10
109900036,56,116,-60
109900037,34,557,-523
109900038,98,252,-154
109900039,10,1,9
109900040,27,716,-689
109900041,83,514,-431
109900042,134,552,-418
109900044,694,374,320
109900045,257,94,163
109900046,18,100,-82
109900047,518,486,32
109900048,38,114,-76
109900049,18,52,-34
109900050,2,206,-204
109900051,3,70,-67
109900052,163,504,-341
109900053,9,468,-459
109900054,686,283,403
109900055,59,409,-350
109900056,57,339,-282
109900057,13,229,-216
109900058,1,130,-129
109900059,656,165,491
109900060,548,232,316
109900061,70,432,-362
109900062,0,238,-238
109900063,10,551,-541
109900064,595,381,214
109900065,159,183,-24
109900066,400,1132,-732
109900067,3,373,-370
109900068,61,8,53
109900069,4,62,-58
109900070,63,431,-368
109900071,2,64,-62
109900072,58,208,-150
109900073,445,712,-267
109900074,16,55,-39
109900075,84,54,30
109900076,39,273,-234
109900077,30,109,-79
109900078,165,267,-102
109900080,181,438,-257
109900081,54,241,-187
109900082,55,475,-420
109900083,35,101,-66
109900084,81,251,-170
109900085,302,1053,-751
109900086,173,529,-356
109900087,422,722,-300
109900089,937,310,627
109900090,801,1541,-740
109900091,468,147,321
109900092,1604,42,1562
109900093,1004,210,794
109900094,112,172,-60
109900095,246,290,-44
109900096,40,3,37
109900097,115,5,110
109900098,431,36,395
109900099,193,2,191
109900100,46,2,44
109900101,452,23,429
109900102,479,40,439
109900103,54,68,-14
109900104,614,1031,-417
109900105,531,37,494
109900106,587,71,516
109900107,795,121,674
109900108,136,349,-213
109900109,47,213,-166
109900110,129,536,-407
109900111,511,1058,-547
109900112,442,827,-385
109900113,853,639,214
109900114,1395,973,422
109900115,264,162,102
109900117,1200,193,1007
109900118,372,615,-243
109900119,863,511,352
109900120,105,40,65
109900121,601,547,54
109900122,537,7,530
109900123,31,220,-189
109900124,69,780,-711
109900125,5,251,-246
109900126,264,153,111
109900128,403,77,326
109900130,9712,2952,6760
109900131,65,292,-227
109900132,51,228,-177
109900133,100,420,-320
109900134,153,122,31
109900135,387,72,315
109900136,117,208,-91
109900137,160,387,-227
109900138,444,617,-173
109900140,266,292,-26
109900142,1641,395,1246
109900145,9,608,-599
109900146,618,83,535
109900148,61,148,-87
109900149,61,106,-45
109900150,11,100,-89
109900151,8,65,-57
109900152,1,28,-27
109900153,2,67,-65
109900154,110,0,110
109900155,68,51,17
109900157,79,378,-299
109900158,78,135,-57
109900159,207,70,137
109900160,213,93,120
109900161,312,157,155
109900162,231,154,77
109900163,917,426,491
109900164,144,287,-143
109900165,826,16,810
109900166,11,246,-235
109900167,227,739,-512
109900168,273,863,-590
109900169,241,227,14
109900170,369,821,-452
109900171,298,112,186
109900172,288,373,-85
109900173,4229,2752,1477
109900174,85,211,-126
109900175,234,108,126
109900176,138,294,-156
109900177,48,326,-278
109900178,27,189,-162
109900179,242,39,203
109900180,16,27,-11
110000001,896,639,257
110000002,752,935,-183
110000003,1066,889,177
110000004,605,807,-202
110000005,570,2208,-1638
110000006,479,406,73
110000007,167,179,-12
110000008,50,100,-50
110000009,69,52,17
110000010,35,112,-77
110000011,62,102,-40
110000012,733,516,217
110000013,43,670,-627
110000014,789,457,332
110000015,359,868,-509
110000016,267,1741,-1474
110000017,3073,285,2788
110000018,3281,559,2722
110000019,17,86,-69
110000020,549,259,290
110000021,928,673,255
110000022,1237,345,892
110000023,16,192,-176
110000024,900,454,446
110000025,366,14,352
110000026,9,345,-336
110000027,1712,682,1030
110000028,987,1102,-115
110000029,598,1007,-409
110000030,278,620,-342
110000031,261,643,-382
110000032,805,763,42
110000033,382,144,238
110000034,709,1542,-833
110000035,1376,786,590
110000036,1352,1621,-269
110000037,300,631,-331
110000038,315,1166,-851
110000039,895,3757,-2862
110000040,446,436,10
110000041,314,1564,-1250
110000042,119,329,-210
110000043,985,340,645
110000044,269,212,57
110000045,1694,135,1559
110000046,11,27,-16
110000047,117,28,89
110000048,17,33,-16
110000049,85,15,70
110000050,4,58,-54
110000051,36,8,28
110000052,18,29,-11
110000053,135,5,130
110000054,529,227,302
110000055,1092,35,1057
110000056,400,87,313
110000057,440,819,-379
110000058,1475,838,637
110000059,1291,677,614
110000060,1004,1394,-390
110000061,1075,955,120
110000062,751,1116,-365
110000063,42,170,-128
110000064,97,118,-21
110000065,116,139,-23
110000066,90,78,12
110000067,215,311,-96
110000068,370,343,27
110000069,301,154,147
110000071,164,245,-81
110000073,10,40,-30
110000075,8,180,-172
110000076,379,658,-279
110000077,524,2413,-1889
110000078,39,96,-57
110000080,302,891,-589
110000081,92,322,-230
110000082,38,536,-498
110000083,362,734,-372
110000084,1362,1028,334
110000085,2915,2129,786
110000086,2484,2566,-82
110000087,12,90,-78
110000088,105,276,-171
110000089,383,168,215
110000090,539,365,174
110000091,1664,444,1220
110000092,39,102,-63
110000093,59,19,40
110000094,645,382,263
110000095,325,851,-526
110000096,2803,2289,514
110000097,1102,1598,-496
110000098,2320,892,1428
110000099,982,1983,-1001
110000100,883,758,125
110000101,32,549,-517
110000102,64,31,33
110000104,1055,118,937
110000105,163,341,-178
110000106,773,416,357
110000107,368,598,-230
110000108,179,74,105
110000109,346,372,-26
110000110,4456,6140,-1684
110000111,8867,3546,5321
110000112,1977,1694,283
110000113,629,2842,-2213
110000114,250,874,-624
110000115,445,510,-65
110000116,54,90,-36
110000117,263,554,-291
110000118,440,358,82
110000119,251,444,-193
110000120,497,238,259
110000121,124,542,-418
110000122,510,829,-319
110000123,632,919,-287
110000124,4,1372,-1368
110000125,1140,18,1122
110000126,383,57,326
110000127,1300,58,1242
110000128,68,1933,-1865
110000129,8,710,-702
110000130,414,231,183
110000131,239,463,-224
110000132,9,937,-928
110000133,65,775,-710
110000134,42,538,-496
110000135,246,56,190
110000136,92,449,-357
110000137,717,857,-140
110000138,955,1025,-70
110000139,916,1608,-692
110000140,1083,686,397
110000143,801,615,186
110000144,6944,2275,4669
110000145,2618,1292,1326
110000146,2700,1223,1477
110000147,631,1064,-433
110000148,921,435,486
110000151,1547,1341,206
110000152,1415,441,974
110000153,130,87,43
110000154,182,52,130
110000155,2527,4746,-2219
110000156,1407,2999,-1592
110000157,2688,2395,293
110000160,563,454,109
110000161,233,466,-233
110000166,800,237,563
110000167,995,772,223
110000168,1145,576,569
110000169,979,455,524
110000170,321,147,174
110000171,818,199,619
110000172,185,975,-790
110000173,1359,1656,-297
110000174,281,1479,-1198
110000175,794,120,674
110000176,502,462,40
110000177,202,1089,-887
110000178,645,2322,-1677
110000179,1566,487,1079
110000180,228,357,-129
110000181,511,855,-344
110000182,456,181,275
110000183,11971,8043,3928
110000184,658,2879,-2221
110000185,2058,920,1138
110000186,944,1176,-232
110000191,1043,531,512
110000192,1167,8,1159
110000193,1909,22,1887
110000194,24,1653,-1629
110000195,472,469,3
110000196,446,512,-66
110000197,103,281,-178
110000198,300,126,174
110000199,260,193,67
110000200,2057,620,1437
110000201,1913,1294,619
110000202,1701,697,1004
110000203,1111,1090,21
110000204,11,321,-310
110000205,136,80,56
110000206,1057,2019,-962
110000207,1103,415,688
110000208,291,285,6
110000209,232,1093,-861
110000210,1095,725,370
110000211,964,903,61
110000212,399,1504,-1105
110000213,240,167,73
110000214,273,186,87
110000215,247,556,-309
110000216,154,519,-365
110000217,317,235,82
110000218,231,527,-296
110000219,362,117,245
110000220,82,429,-347
110000221,469,136,333
110000222,87,324,-237
110000223,6,192,-186
110000224,80,9,71
110000225,415,900,-485
110000226,282,90,192
110000227,1054,993,61
110000228,460,433,27
110000229,3,359,-356
110000230,813,680,133
110000231,204,321,-117
110000232,502,231,271
110000233,395,353,42
110000234,1082,767,315
110000235,914,1291,-377
110000236,813,874,-61
110000237,2429,1464,965
110000238,1597,1800,-203
110000239,2398,1540,858
110000240,1,99,-98
110000242,0,14,-14
110000243,142,196,-54
110000244,200,435,-235
110000245,58,428,-370
110000246,1700,1038,662
110000247,1776,5896,-4120
110000248,3232,2062,1170
110000249,128,15,113
110000250,310,300,10
110000251,391,708,-317
110000252,539,334,205
110000253,1841,884,957
110000254,970,1871,-901
110000255,380,1412,-1032
110000256,621,467,154
110000257,782,500,282
110000258,8,549,-541
110000259,198,35,163
110000260,30,404,-374
110000263,967,160,807
110000264,542,712,-170
110000265,1445,3015,-1570
110000266,3363,3810,-447
110000267,46,457,-411
110000268,418,644,-226
110000269,11,163,-152
110000270,71,4,67
110000271,1875,434,1441
110000272,1389,1222,167
110000273,5338,2140,3198
110000274,386,1951,-1565
110000275,2813,816,1997
110000276,795,561,234
110000277,609,457,152
110000278,877,1060,-183
110000279,1009,906,103
110000280,810,543,267
110000281,55,404,-349
110000282,456,47,409
110000283,123,160,-37
110000284,120,72,48
110000285,8,732,-724
110000286,42,1,41
110000287,102,3,99
110000288,27,138,-111
110000289,615,2049,-1434
110000290,1265,815,450
110000291,5736,1767,3969
110000292,1764,5443,-3679
110000293,965,1047,-82
110000294,1227,1464,-237
110000295,334,1145,-811
110000296,665,513,152
110000297,3434,453,2981
110000298,311,745,-434
110000299,529,127,402
110000301,603,42,561
110000302,422,1375,-953
110000303,641,18,623
110000304,226,383,-157
110000305,1671,42,1629
110000306,207,1894,-1687
110000307,2023,23,2000
110000308,848,11,837
110000309,13,1045,-1032
110000310,991,93,898
110000311,34,886,-852
110000312,574,151,423
110000313,3838,4316,-478
110000314,1,378,-377
110000315,4432,3178,1254
110000316,667,1696,-1029
110000317,896,424,472
110000318,17,123,-106
110000319,98,48,50
110000320,153,66,87
110000321,44,75,-31
110000322,414,524,-110
110000323,707,259,448
110000324,4252,1800,2452
110000325,3630,3843,-213
110000327,836,548,288
110000328,225,500,-275
110000333,1575,936,639
110000334,1291,1678,-387
110000335,1315,746,569
110000336,1834,1384,450
110000337,2986,758,2228
110000338,692,404,288
110000339,691,302,389
110000340,588,256,332
110000341,601,584,17
110000342,883,12,871
110000343,1,23,-22
110000344,1363,227,1136
110000345,1339,167,1172
110000346,3329,2301,1028
110000347,1468,1221,247
110000348,55,42,13
110000349,22,58,-36
110000350,49,21,28
110000351,1121,1158,-37
110000352,755,1930,-1175
110000353,2975,1079,1896
110000354,1469,3832,-2363
110000355,152,167,-15
110000356,681,12,669
110000357,606,49,557
110000361,53,112,-59
110000362,96,154,-58
110000363,387,189,198
110000364,277,367,-90
110000365,367,4,363
110000366,1,133,-132
110000367,619,286,333
110000368,8,56,-48
110000369,281,4,277
110000373,12,333,-321
110000374,508,32,476
110000375,206,1549,-1343
110000376,71,134,-63
110000377,101,630,-529
110000378,29,458,-429
110000379,3747,2359,1388
110000380,152,16,136
110000383,2,1359,-1357
110000384,2984,1188,1796
110000385,0,270,-270
110000387,142,18,124
110000388,54,338,-284
110000389,903,5,898
110000391,1080,434,646
110000396,229,178,51
110000397,192,289,-97
110000398,5,70,-65
110000399,191,3,188
110000587,295,81,214
110000589,240,266,-26
110000640,275,76,199
110000652,12,207,-195
110000653,391,512,-121
110000654,48,104,-56
110000656,2,923,-921
110000674,34,31,3
110000675,50,26,24
110000676,18,61,-43
110000679,487,1344,-857
110000682,166,240,-74
110000683,526,895,-369
110000684,21,62,-41
110000685,31,25,6
110000686,1,54,-53
110000687,76,11,65
110000688,88,1100,-1012
110000689,47,92,-45
110000692,198,248,-50
110000693,200,458,-258
110000694,2,229,-227
110000695,646,802,-156
110000696,119,106,13
110900001,358,21,337
110900002,1129,256,873
110900003,819,961,-142
110900004,534,267,267
110900005,3999,2826,1173
110900006,37,35,2
110900007,190,43,147
110900008,22,53,-31
110900009,535,110,425
110900010,12,113,-101
110900011,18,124,-106
110900012,27,118,-91
110900013,1250,238,1012
110900014,571,18,553
110900015,838,719,119
110900016,69,178,-109
110900017,487,66,421
110900018,668,83,585
110900019,264,44,220
110900020,132,428,-296
110900021,131,733,-602
110900022,142,400,-258
110900023,142,671,-529
110900024,21,518,-497
110900025,112,89,23
110900027,52,272,-220
110900028,50,196,-146
110900029,31,469,-438
110900030,66,343,-277
110900031,1,249,-248
110900032,2,106,-104
110900033,87,328,-241
110900035,44,686,-642
110900036,133,29,104
110900037,59,47,12
110900038,1253,235,1018
110900039,10,360,-350
110900040,275,58,217
110900041,13,150,-137
110900042,117,85,32
110900043,11,168,-157
110900044,275,21,254
110900045,71,652,-581
110900046,56,383,-327
110900047,646,375,271
110900049,186,154,32
110900050,61,21,40
110900051,79,262,-183
110900052,14,177,-163
110900053,155,59,96
110900054,52,339,-287
110900055,44,9,35
110900056,85,155,-70
110900057,53,177,-124
110900058,338,358,-20
110900059,860,774,86
110900060,596,155,441
110900061,34,72,-38
110900062,150,409,-259
110900063,59,440,-381
110900064,33,0,33
110900065,384,173,211
110900066,15,150,-135
110900067,481,740,-259
110900068,266,313,-47
110900069,22,32,-10
110900070,146,74,72
110900071,349,808,-459
110900073,2,65,-63
110900074,401,113,288
110900075,418,141,277
110900077,983,797,186
110900078,43,100,-57
110900079,2819,1669,1150
110900080,134,147,-13
110900081,5,77,-72
110900082,127,233,-106
110900083,221,79,142
110900084,72,156,-84
110900085,73,390,-317
110900086,77,344,-267
110900087,474,118,356
110900088,26,4,22
110900090,37,66,-29
110900091,1,61,-60
110900093,473,158,315
110900095,64,81,-17
110900097,11,23,-12
110900098,38,115,-77
110900099,84,603,-519
110900100,0,38,-38
110900102,105,48,57
110900105,1091,322,769
110900108,39,115,-76
110900111,523,506,17
110900112,921,4,917
110900113,667,89,578
110900115,10,100,-90
110900116,979,2309,-1330
110900118,190,3109,-2919
110900119,5082,531,4551
110900120,18,122,-104
110900121,177,0,177
110900122,568,246,322
110900125,472,480,-8
110900127,1116,1521,-405
110900128,385,323,62
110900129,597,1029,-432
110900130,1408,686,722
110900131,725,88,637
110900132,391,96,295
110900133,436,312,124
110900135,136,541,-405
110900136,398,15,383
110900137,115,2,113
110900138,1988,493,1495
110900139,40,84,-44
110900140,132,8,124
110900141,6,132,-126
110900142,88,210,-122
110900143,172,130,42
110900144,5,931,-926
110900145,408,67,341
110900146,482,230,252
110900147,186,432,-246
110900148,4,420,-416
110900149,2,118,-116
110900150,95,47,48
110900151,21,95,-74
110900152,28,344,-316
110900153,144,56,88
111000001,530,258,272
111000002,591,679,-88
111000003,1183,831,352
111000004,626,1303,-677
111000005,1915,1306,609
111000006,1226,2023,-797
111000007,5358,3550,1808
111000008,3024,4499,-1475
111000009,417,1249,-832
111000010,905,394,511
111000011,470,1325,-855
111000012,812,423,389
111000013,673,1255,-582
111000014,1905,700,1205
111000017,167,1052,-885
111000018,283,469,-186
111000020,1580,2912,-1332
111000021,108,114,-6
111000023,140,155,-15
111000025,6625,5671,954
111000029,159,150,9
111000030,63,173,-110
111000031,2722,1979,743
111000032,900,500,400
111000033,392,437,-45
111000034,435,231,204
111000037,2437,1343,1094
111000038,5314,3626,1688
111000039,2774,3292,-518
111000040,2625,3413,-788
111000041,2375,2262,113
111000042,5219,3791,1428
111000043,2179,3600,-1421
111000044,1997,1467,530
111000045,2639,2910,-271
111000046,1907,1976,-69
111000047,3074,4654,-1580
111000049,774,777,-3
111000050,1779,1801,-22
111000051,607,1438,-831
111000052,939,2232,-1293
111000053,509,1222,-713
111000054,437,1133,-696
111000055,1323,2242,-919
111000056,271,756,-485
111000057,67,820,-753
111000058,329,109,220
111000059,1251,277,974
111000060,5437,935,4502
111000061,654,499,155
111000062,949,449,500
111000063,2805,1243,1562
111000064,684,859,-175
111000065,1149,1462,-313
111000066,571,634,-63
111000067,917,839,78
111000068,898,1467,-569
111000069,2796,3584,-788
111000070,1727,1517,210
111000071,164,827,-663
111000072,1025,518,507
111000073,313,881,-568
111000074,1841,2117,-276
111000075,1355,1028,327
111000076,672,892,-220
111000077,2209,2194,15
111000078,3656,2156,1500
111000079,1692,1104,588
111000080,713,1009,-296
111000081,2231,5365,-3134
111000082,819,855,-36
111000084,980,806,174
111000085,1253,1890,-637
111000086,3607,1571,2036
111000087,828,931,-103
111000088,7421,3088,4333
111000089,864,1260,-396
111000090,1156,2003,-847
111000091,942,813,129
111000092,1491,1363,128
111000093,1151,1391,-240
111000094,2808,1398,1410
111000095,807,2805,-1998
111000096,3047,9253,-6206
111000097,6340,1802,4538
111000098,1020,1665,-645
111000099,797,2771,-1974
111000100,514,2253,-1739
111000101,597,1034,-437
111000102,331,857,-526
111000104,1137,343,794
111000107,220,948,-728
111000109,895,418,477
111000110,1778,991,787
111000111,3009,809,2200
111000112,2385,760,1625
111000113,959,1786,-827
111000114,1988,4012,-2024
111000115,8103,1772,6331
111000116,1185,1307,-122
111000117,587,1192,-605
111000118,2213,1411,802
111000119,1293,1692,-399
111000120,476,819,-343
111000121,304,887,-583
111000122,734,1753,-1019
111000123,1377,4200,-2823
111000124,543,3905,-3362
111000125,357,1904,-1547
111000126,144,1205,-1061
111000127,1133,247,886
111000128,2342,545,1797
111000129,3276,779,2497
111000130,2150,1011,1139
111000131,1692,872,820
111000132,1452,973,479
111000133,222,279,-57
111000134,176,205,-29
111000135,117,220,-103
111000136,408,410,-2
111000138,30,9,21
111000140,1,10,-9
111000141,319,463,-144
111000142,20,117,-97
111000143,0,141,-141
111000144,28,289,-261
111000145,1498,20,1478
111000146,90,11,79
111000147,267,59,208
111000148,230,123,107
111000149,3,35,-32
111000150,40,8,32
111000151,3,22,-19
111000153,735,979,-244
111000154,826,282,544
111000155,114,230,-116
111000156,444,747,-303
111000157,272,1177,-905
111000158,1033,985,48
111000159,3174,860,2314
111000160,369,439,-70
111000161,19,315,-296
111000162,52,222,-170
111000163,835,1080,-245
111000164,980,4075,-3095
111000165,1559,699,860
111000166,3056,564,2492
111000167,262,649,-387
111000168,296,617,-321
111000169,439,835,-396
111000170,663,625,38
111000171,633,1127,-494
111000172,199,481,-282
111000173,486,1164,-678
111000174,253,494,-241
111000175,48,356,-308
111000176,626,187,439
111000177,397,381,16
111000178,1631,420,1211
111000179,266,292,-26
111000180,310,615,-305
111000181,1293,359,934
111000182,273,282,-9
111000183,1312,441,871
111000184,566,324,242
111000185,785,767,18
111000186,1085,433,652
111000187,181,273,-92
111000188,226,509,-283
111000189,1533,807,726
111000190,214,496,-282
111000191,236,525,-289
111000192,324,756,-432
111000193,384,438,-54
111000194,76,485,-409
111000195,189,395,-206
111000196,46,324,-278
111000197,520,215,305
111000198,786,179,607
111000199,207,198,9
111000200,363,381,-18
111000201,669,397,272
111000202,260,329,-69
111000203,345,411,-66
111000204,444,1173,-729
111000213,225,590,-365
111000214,2071,1779,292
111000215,1312,1583,-271
111000217,1651,1380,271
111000218,1786,1676,110
111000219,557,355,202
111000220,2505,957,1548
111000221,999,154,845
111000224,5,316,-311
111000225,344,102,242
111000226,162,4,158
111000227,50,4,46
111000228,33,432,-399
111000229,87,1098,-1011
111000230,467,562,-95
111000231,980,1204,-224
111000232,1301,1290,11
111000233,857,926,-69
111000234,169,413,-244
111000239,161,278,-117
111000240,56,221,-165
111000241,50,409,-359
111000242,247,84,163
111000243,343,770,-427
111000244,775,163,612
111000245,2620,662,1958
111000246,614,567,47
111000247,321,1313,-992
111000248,725,758,-33
111000249,611,1025,-414
111000250,89,197,-108
111000251,104,198,-94
111000253,11,25,-14
111000255,36,22,14
111000257,33,42,-9
111000260,117,1424,-1307
111000261,1535,181,1354
111000271,68,380,-312
111000273,5191,1971,3220
111000274,1472,3043,-1571
111000275,217,102,115
111000276,331,2826,-2495
111000277,266,592,-326
111000278,810,457,353
111000291,960,6404,-5444
111000298,716,407,309
111000299,768,221,547
111000300,187,930,-743
111000302,355,178,177
111000303,97,344,-247
111000312,86,108,-22
111000315,0,97,-97
111000320,549,1094,-545
111000321,528,145,383
111000322,490,754,-264
111000323,228,37,191
111000324,485,391,94
111000325,63,131,-68
111000326,200,480,-280
111000327,715,503,212
111000328,294,726,-432
111000329,3,41,-38
111000330,97,10,87
111000331,83,10,73
111000332,692,1689,-997
111000334,563,1950,-1387
111000335,1620,399,1221
111000337,1293,566,727
111000338,185,195,-10
111000339,706,662,44
111000340,469,908,-439
111000341,1470,858,612
111000342,351,613,-262
111000344,1307,932,375
111000345,322,72,250
111000346,23,119,-96
111000347,175,34,141
111000350,405,155,250
111000351,159,411,-252
111000352,227,158,69
111000353,249,319,-70
111000354,736,167,569
111000355,521,747,-226
111000358,270,1662,-1392
111000360,209,946,-737
111000361,167,445,-278
111000546,1338,855,483
111000547,564,782,-218
111000548,180,461,-281
111000549,323,516,-193
111000550,124,1211,-1087
111000551,1035,239,796
111000552,3262,154,3108
111000907,556,47,509
111000908,29,1,28
111000916,1974,468,1506
111000917,55,514,-459
111000918,278,1204,-926
111000920,690,10,680
111000921,14,325,-311
111000922,727,504,223
111000924,42,1246,-1204
111000925,3396,2458,938
111000926,1348,2185,-837
111000927,3976,5784,-1808
111000928,5474,4455,1019
111000929,2586,1586,1000
111000930,1273,2929,-1656
111000931,2362,3202,-840
111000932,4972,3086,1886
111000933,4184,2934,1250
111000934,2754,4443,-1689
111000935,1627,1510,117
111000936,1327,2562,-1235
111000937,943,2090,-1147
111000938,1807,2311,-504
111000939,587,47,540
111000940,533,229,304
111000941,614,736,-122
111000943,472,396,76
111000944,200,568,-368
111000945,151,2099,-1948
111001109,614,440,174
111001110,234,628,-394
111001111,89,16,73
111001112,226,56,170
111001113,1,190,-189
111001114,1591,122,1469
111001115,31,557,-526
111001116,6968,4694,2274
111001117,952,2999,-2047
111001120,113,349,-236
111001121,214,381,-167
111001122,248,563,-315
111001123,223,76,147
111900001,2,157,-155
111900002,31,923,-892
111900003,4,561,-557
111900004,91,232,-141
111900006,11,44,-33
111900007,116,8,108
111900008,261,6,255
111900009,241,306,-65
111900010,481,737,-256
111900012,99,185,-86
111900013,36,201,-165
111900014,7430,4117,3313
111900015,0,102,-102
111900016,1,163,-162
111900017,3,207,-204
111900018,317,10,307
111900019,7,256,-249
111900020,8,90,-82
111900021,79,179,-100
111900022,32,108,-76
111900023,168,131,37
111900024,0,102,-102
111900025,0,46,-46
111900026,2,159,-157
111900027,13,226,-213
111900028,4,484,-480
111900029,3,128,-125
111900030,63,477,-414
111900031,23,51,-28
111900032,1,390,-389
111900033,12,120,-108
111900034,361,618,-257
111900035,284,353,-69
111900036,3,297,-294
111900038,390,655,-265
111900039,76,520,-444
111900040,5,683,-678
111900042,69,184,-115
111900043,28,452,-424
111900044,363,267,96
111900046,79,231,-152
111900048,209,866,-657
111900049,53,309,-256
111900050,204,43,161
111900051,2,263,-261
111900052,561,707,-146
111900053,1916,1771,145
111900054,257,5,252
111900055,30,530,-500
111900056,438,364,74
111900057,165,49,116
111900058,503,829,-326
111900059,2304,736,1568
111900060,453,3,450
111900061,17,290,-273
111900062,41,68,-27
111900063,317,369,-52
111900064,191,332,-141
111900065,99,50,49
111900066,188,184,4
111900067,3,483,-480
111900068,73,99,-26
111900069,85,48,37
111900070,147,166,-19
111900071,3,326,-323
111900072,76,30,46
111900073,879,153,726
111900074,28,327,-299
111900075,117,14,103
111900076,163,67,96
111900077,65,2,63
111900078,337,29,308
111900079,39,48,-9
111900080,228,300,-72
111900081,914,317,597
111900082,128,47,81
111900083,135,13,122
111900084,144,14,130
111900085,62,144,-82
111900086,42,3,39
111900087,89,1,88
111900088,446,6,440
111900089,140,4,136
111900090,65,92,-27
111900091,230,3,227
111900092,135,1,134
111900093,349,6,343
111900094,106,2,104
111900095,274,42,232
111900096,173,1,172
111900097,77,0,77
111900098,220,2,218
111900099,75,0,75
111900100,422,8,414
111900101,107,31,76
111900102,911,748,163
111900103,107,82,25
111900104,221,84,137
111900105,468,280,188
111900106,1721,86,1635
111900107,159,193,-34
111900108,200,210,-10
111900109,763,526,237
111900110,2648,572,2076
111900111,373,211,162
111900112,930,3433,-2503
111900113,394,171,223
111900114,246,210,36
111900115,13,53,-40
111900118,367,118,249
111900119,374,240,134
111900122,174,114,60
111900123,30,60,-30
111900124,85,137,-52
111900125,621,40,581
111900126,380,9,371
111900127,5,884,-879
111900128,8,569,-561
111900129,337,24,313
111900130,339,53,286
111900131,615,3,612
111900132,44,1328,-1284
111900133,22,523,-501
111900134,24,299,-275
111900135,14,44,-30
111900136,101,166,-65
111900137,93,113,-20
111900138,40,134,-94
111900139,27,172,-145
111900140,94,46,48
111900141,53,20,33
111900142,103,51,52
111900143,90,223,-133
111900144,9,163,-154
111900145,1,621,-620
111900146,9,333,-324
111900147,257,618,-361
111900148,40,834,-794
111900149,8,412,-404
111900150,10,239,-229
111900151,12,42,-30
111900152,129,120,9
111900153,2213,549,1664
111900154,18,249,-231
111900155,93,92,1
111900156,53,113,-60
111900157,117,34,83
111900158,575,50,525
111900159,278,9,269
111900160,335,3,332
111900161,223,15,208
111900162,69,190,-121
111900163,43,233,-190
111900164,114,95,19
111901113,506,272,234
111901114,1034,405,629
111901115,109,7,102
111901116,117,14,103
111901117,38,102,-64
111901118,105,988,-883
111901119,1162,168,994
111901120,121,324,-203
111901121,300,361,-61
111901122,10,703,-693
111901123,222,476,-254
111901124,188,4,184
111901125,397,214,183
111901126,128,81,47
111901127,820,565,255
111901128,25,121,-96
111901129,17,202,-185
111901130,11,224,-213
111901131,4,361,-357
111901132,119,10,109
111901133,71,5,66
111901134,88,16,72
111901135,38,13,25
111901136,42,67,-25
111901137,1,47,-46
111901138,275,67,208
111901139,25,54,-29
111901140,14,166,-152
111901141,11,287,-276
111901142,12,195,-183
111901143,5,156,-151
111901144,90,53,37
111901145,164,272,-108
111901146,409,27,382
112000001,2003,1008,995
112000002,894,3361,-2467
112000003,1580,1252,328
112000004,851,1533,-682
112000005,3356,3797,-441
112000006,2713,2877,-164
112000007,3131,2368,763
112000008,2843,4193,-1350
112000009,4452,4851,-399
112000010,3274,3607,-333
112000011,2483,2563,-80
112000012,6392,4204,2188
112000013,8163,4534,3629
112000014,5051,1792,3259
112000015,7520,4629,2891
112000016,8553,1636,6917
112000017,4638,3142,1496
112000024,3230,1561,1669
112000026,5978,7009,-1031
112000027,1236,732,504
112000028,1867,2076,-209
112000029,611,880,-269
112000030,242,182,60
112000031,2243,5071,-2828
112000032,631,87,544
112000033,3908,1899,2009
112000034,457,115,342
112000035,399,424,-25
112000036,1699,1130,569
112000037,2979,1048,1931
112000038,2623,1014,1609
112000039,87,127,-40
112000040,139,319,-180
112000041,796,691,105
112000042,1578,549,1029
112000050,1356,2154,-798
112000051,1241,1425,-184
112000054,2207,2577,-370
112000057,632,522,110
112000058,599,859,-260
112000059,798,1162,-364
112000061,3913,2596,1317
112000062,2427,1033,1394
112000063,1879,2289,-410
112000064,5035,6987,-1952
112000065,2615,3205,-590
112000066,4398,1685,2713
112000067,860,887,-27
112000068,3927,2657,1270
112000069,905,2403,-1498
112000070,2281,1042,1239
112000071,1358,3464,-2106
112000072,3074,1349,1725
112000073,2395,3159,-764
112000074,2088,1486,602
112000075,1764,1480,284
112000076,4754,3712,1042
112000077,818,754,64
112000078,2093,891,1202
112000079,1878,1717,161
112000080,873,1093,-220
112000081,1988,3039,-1051
112000082,1647,1034,613
112000083,636,1686,-1050
112000084,1356,964,392
112000085,1369,1409,-40
112000086,2175,1715,460
112000087,436,520,-84
112000088,780,734,46
112000089,394,389,5
112000090,361,351,10
112000091,611,1623,-1012
112000092,2053,1656,397
112000093,1901,1427,474
112000094,744,1187,-443
112000095,757,1219,-462
112000096,632,923,-291
112000097,1511,943,568
112000098,1543,1858,-315
112000099,851,1835,-984
112000100,2360,1298,1062
112000101,848,1507,-659
112000102,1454,673,781
112000103,430,1792,-1362
112000105,725,2243,-1518
112000106,2191,511,1680
112000107,58,464,-406
112000108,382,2242,-1860
112000109,210,131,79
112000110,2226,919,1307
112000111,1552,4356,-2804
112000112,5808,848,4960
112000113,1522,2530,-1008
112000114,4003,1359,2644
112000115,455,686,-231
112000116,1096,1623,-527
112000117,1373,1133,240
112000118,1404,1305,99
112000119,605,1054,-449
112000120,63,468,-405
112000121,167,672,-505
112000122,330,217,113
112000123,672,269,403
112000124,349,131,218
112000125,216,339,-123
112000126,301,654,-353
112000127,3756,2798,958
112000128,1483,967,516
112000129,153,171,-18
112000130,201,92,109
112000131,80,471,-391
112000132,189,380,-191
112000133,403,312,91
112000134,641,524,117
112000135,2971,868,2103
112000136,2483,1516,967
112000137,2515,1734,781
112000138,2888,1484,1404
112000139,1357,639,718
112000140,1367,1416,-49
112000141,1046,456,590
112000142,206,821,-615
112000143,1365,397,968
112000144,434,1467,-1033
112000145,2626,912,1714
112000146,772,2439,-1667
112000147,3023,2511,512
112000148,2515,2622,-107
112000149,686,917,-231
112000150,487,1158,-671
112000151,381,644,-263
112000152,473,714,-241
112000153,251,433,-182
112000154,179,363,-184
112000155,221,215,6
112000157,1242,787,455
112000158,432,804,-372
112000159,689,617,72
112000167,532,137,395
112000169,496,542,-46
112000173,872,388,484
112000175,724,502,222
112000176,4083,2832,1251
112000177,928,285,643
112000178,148,591,-443
112000179,323,168,155
112000180,403,581,-178
112000181,1784,2835,-1051
112000182,1429,2729,-1300
112000183,53,78,-25
112000184,404,653,-249
112000185,696,873,-177
112000187,4821,3050,1771
112000195,246,28,218
112000196,255,4,251
112000197,212,145,67
112000198,44,351,-307
112000199,2007,1557,450
112000202,511,0,511
112000216,96,322,-226
112000230,107,7,100
112000231,3,333,-330
112000256,72,313,-241
112000313,118,237,-119
112000314,72,30,42
112000337,544,785,-241
112000352,482,432,50
112000392,2016,1836,180
112000398,1433,1169,264
112000399,2694,2606,88
112000400,2048,4505,-2457
112000401,3718,3629,89
112000402,3646,3396,250
112000403,2506,3270,-764
112000404,858,1006,-148
112000405,2167,3775,-1608
112000406,4300,3267,1033
112000407,7075,10272,-3197
112000408,9634,10168,-534
112000409,2071,6908,-4837
112000410,769,338,431
112000411,6015,2278,3737
112000412,2023,947,1076
112000413,11670,6183,5487
112000414,102,121,-19
112000415,202,53,149
112000416,2596,2081,515
112000417,246,91,155
112000421,57,185,-128
112000422,425,624,-199
112000424,2933,3219,-286
112000425,724,1102,-378
112000426,189,529,-340
112000427,5,17,-12
112000428,369,438,-69
112000429,2589,3399,-810
112000430,2899,3656,-757
112000431,105,166,-61
112000432,810,1755,-945
112000433,753,1390,-637
112000437,54,259,-205
112900001,67,1,66
112900002,459,1444,-985
112900003,62,477,-415
112900004,91,417,-326
112900005,307,379,-72
112900006,12,548,-536
112900007,214,399,-185
112900008,0,51,-51
112900009,567,169,398
112900010,487,1236,-749
112900011,297,361,-64
112900012,3,67,-64
112900013,11,318,-307
112900014,4,599,-595
112900015,578,1061,-483
112900016,2,430,-428
112900017,75,306,-231
112900018,8,443,-435
112900019,59,309,-250
112900020,557,1696,-1139
112900021,4,325,-321
112900022,25,101,-76
112900023,0,321,-321
112900024,51,307,-256
112900025,131,290,-159
112900026,12,345,-333
112900027,13,1307,-1294
112900028,43,162,-119
112900029,15,833,-818
112900030,263,320,-57
112900031,8,740,-732
112900032,328,420,-92
112900034,3,86,-83
112900035,17,586,-569
112900036,188,209,-21
112900037,232,256,-24
112900038,859,300,559
112900039,37,428,-391
112900040,8,460,-452
112900041,1414,1858,-444
112900042,52,513,-461
112900043,378,95,283
112900044,834,678,156
112900045,475,498,-23
112900046,292,84,208
112900047,25,43,-18
112900049,300,142,158
112900050,71,787,-716
112900051,436,1036,-600
112900052,51,1255,-1204
112900053,815,152,663
112900054,248,84,164
112900055,201,32,169
112900056,624,322,302
112900057,76,948,-872
112900058,379,374,5
112900059,177,196,-19
112900060,30,450,-420
112900061,88,175,-87
112900062,131,219,-88
112900063,171,15,156
112900064,312,299,13
112900065,67,27,40
112900066,360,219,141
112900067,719,255,464
112900068,84,64,20
112900069,2470,928,1542
112900071,47,10,37
112900072,361,2521,-2160
112900073,556,120,436
112900074,168,364,-196
112900075,2069,1030,1039
112900076,137,37,100
112900078,423,728,-305
112900079,552,57,495
112900080,81,2,79
112900081,45,245,-200
112900082,855,50,805
112900083,139,124,15
112900084,240,171,69
112900085,2,24,-22
112900086,71,1,70
112900087,873,235,638
112900088,200,16,184
112900089,973,47,926
112900090,56,26,30
112900091,228,11,217
112900092,280,313,-33
112900093,2046,53,1993
112900094,643,8,635
112900095,53,0,53
112900096,534,242,292
112900097,127,484,-357
112900098,310,4,306
112900099,906,33,873
112900100,84,0,84
112900101,497,2,495
112900102,186,18,168
112900103,372,9,363
112900104,75,2,73
112900105,19,0,19
112900106,533,253,280
112900107,7,0,7
112900108,23,2,21
112900109,154,0,154
112900110,1415,28,1387
112900111,1016,17,999
112900112,421,8,413
112900113,0,17,-17
112900114,130,95,35
112900115,1333,3,1330
112900116,134,51,83
112900117,156,123,33
112900118,53,114,-61
112900119,244,5,239
112900120,1112,444,668
112900121,228,245,-17
112900122,59,177,-118
112900123,222,17,205
112900124,19,205,-186
112900125,128,730,-602
112900126,309,398,-89
112900127,515,146,369
112900128,509,1032,-523
112900129,4,1308,-1304
112900130,344,134,210
112900131,67,285,-218
112900132,458,510,-52
112900133,33,1498,-1465
112900134,1,471,-470
112900135,206,82,124
112900136,1,26,-25
112900137,1,802,-801
112900138,6,466,-460
112900139,296,1598,-1302
112900140,2,114,-112
112900141,965,100,865
112900142,149,184,-35
112900143,63,771,-708
112900144,4,262,-258
112900145,35,653,-618
112900146,14,1724,-1710
112900147,7,2247,-2240
112900148,137,1,136
112900149,403,1221,-818
112900151,25,85,-60
112900152,4978,1418,3560
112900153,2849,2666,183
112900154,3,187,-184
112900155,291,33,258
112900156,456,1839,-1383
112900157,288,1,287
112900158,72,30,42
112900159,299,177,122
112900160,97,452,-355
112900161,151,44,107
112900162,52,36,16
112900163,141,48,93
112900164,38,369,-331
112900165,358,46,312
112900166,55,120,-65
112900167,36,56,-20
112900168,9,3,6
112900169,34,20,14
112900170,124,151,-27
112900172,75,16,59
112900173,355,166,189
112900174,381,67,314
112900175,178,175,3
112900176,8,48,-40
112900177,288,69,219
112900178,1144,3870,-2726
112900179,58,640,-582
112900180,3227,2263,964
112900181,602,10,592
112900182,79,1606,-1527
112900183,248,492,-244
112900184,557,543,14
112900185,543,812,-269
112900186,2302,1327,975
112900187,163,803,-640
112900188,1317,536,781
112900189,9,68,-59
112900190,18,78,-60
112900192,805,771,34
112900193,1662,434,1228
112900194,106,152,-46
112900195,1329,84,1245
112900196,376,559,-183
112900197,300,589,-289
112900199,664,760,-96
112900200,633,350,283
112900201,182,174,8
112900202,410,1080,-670
112900203,329,475,-146
112900204,1400,838,562
112900205,5,11,-6
112900206,43,120,-77
112900207,23,0,23
112900208,117,334,-217
112900209,599,576,23
112900210,1,47,-46
112900211,107,125,-18
112900212,3,155,-152
112900213,31,10,21
112900214,58,21,37
112900215,11,258,-247
112900216,55,113,-58
112900217,1,76,-75
112900218,54,27,27
112900219,152,23,129
112900220,16,2,14
112900221,44,115,-71
112900222,0,28,-28
112900223,1205,35,1170
112900224,457,779,-322
112900225,570,546,24
112900226,393,699,-306
112900227,618,1775,-1157
112900228,62,67,-5
112900229,234,74,160
112900230,9139,6043,3096
112900232,488,370,118
112900233,204,236,-32
112900234,16,182,-166
112900235,168,38,130
112900236,330,22,308
112900237,264,326,-62
112900238,2,61,-59
112900239,1175,371,804
113000001,6648,6268,380
113000002,4249,4940,-691
113000003,2230,2110,120
113000004,2575,3143,-568
113000005,2127,1209,918
113000006,1389,1904,-515
113000007,2681,1515,1166
113000008,2412,2254,158
113000009,1405,1051,354
113000010,1713,1944,-231
113000011,968,2232,-1264
113000012,2186,1260,926
113000013,1745,981,764
113000014,2039,2111,-72
113000015,925,474,451
113000016,553,1166,-613
113000017,141,487,-346
113000018,528,63,465
113000019,392,373,19
113000020,814,74,740
113000021,1571,697,874
113000022,918,1583,-665
113000025,123,508,-385
113000026,584,749,-165
113000027,1083,718,365
113000028,1616,724,892
113000029,1190,751,439
113000030,513,959,-446
113000031,424,505,-81
113000032,405,477,-72
113000033,462,583,-121
113000034,556,575,-19
113000035,50,79,-29
113000036,45,93,-48
113000037,120,77,43
113000038,37,118,-81
113000039,91,584,-493
113000040,68,89,-21
113000042,1251,998,253
113000051,1085,2953,-1868
113000052,2207,1331,876
113000053,434,640,-206
113000054,463,1173,-710
113000055,1279,838,441
113000056,996,1289,-293
113000058,932,1183,-251
113000059,1350,906,444
113000060,210,672,-462
113000061,564,1259,-695
113000062,1468,436,1032
113000063,196,226,-30
113000064,57,459,-402
113000065,193,1239,-1046
113000066,761,132,629
113000067,2166,2194,-28
113000068,453,2123,-1670
113000069,790,1737,-947
113000070,3344,1750,1594
113000071,654,1034,-380
113000072,898,796,102
113000073,645,2281,-1636
113000074,1358,814,544
113000075,2546,974,1572
113000076,933,2551,-1618
113000077,1836,776,1060
113000078,1281,3271,-1990
113000079,1197,1013,184
113000080,913,846,67
113000081,1397,1186,211
113000082,2084,1136,948
113000083,786,1148,-362
113000084,2120,1660,460
113000085,1219,1001,218
113000086,2190,1677,513
113000087,1763,1222,541
113000088,3104,1762,1342
113000089,1091,2111,-1020
113000090,374,818,-444
113000091,760,499,261
113000094,1738,266,1472
113000095,344,1025,-681
113000096,239,962,-723
113000097,1716,520,1196
113000098,208,41,167
113000099,1501,490,1011
113000100,204,511,-307
113000101,439,798,-359
113000102,734,471,263
113000103,2326,879,1447
113000104,508,2368,-1860
113000105,1044,641,403
113000106,489,768,-279
113000107,1004,954,50
113000108,972,1745,-773
113000109,707,2919,-2212
113000110,1726,553,1173
113000111,234,640,-406
113000112,478,361,117
113000113,1912,419,1493
113000114,420,1987,-1567
113000116,950,399,551
113000117,1165,177,988
113000118,178,886,-708
113000119,687,432,255
113000120,193,406,-213
113000121,1106,1188,-82
113000124,363,187,176
113000125,104,825,-721
113000127,3490,581,2909
113000128,602,830,-228
113000129,823,1207,-384
113000133,3414,2678,736
113000134,15,1548,-1533
113000135,4785,5110,-325
113000137,2604,4109,-1505
113000139,528,284,244
113000140,200,393,-193
113000141,465,328,137
113000142,898,1612,-714
113000143,355,279,76
113000144,446,929,-483
113000145,85,254,-169
113000146,206,126,80
113000147,250,184,66
113000148,203,174,29
113000149,148,194,-46
113000150,765,518,247
113000151,155,95,60
113000152,44,183,-139
113000153,1846,909,937
113000154,1128,2101,-973
113000155,383,805,-422
113000156,191,571,-380
113000157,390,1165,-775
113000158,941,360,581
113000159,1187,1045,142
113000160,840,1485,-645
113000161,323,669,-346
113000162,945,646,299
113000163,314,103,211
113000164,15,153,-138
113000166,184,152,32
113000167,95,179,-84
113000168,134,182,-48
113000169,161,129,32
113000170,98,155,-57
113000171,67,136,-69
113000172,295,123,172
113000173,64,38,26
113000174,161,602,-441
113000175,504,202,302
113000176,617,248,369
113000177,184,580,-396
113000178,232,511,-279
113000179,398,296,102
113000180,1080,1373,-293
113000181,1445,1099,346
113000182,260,638,-378
113000183,214,681,-467
113000184,53,158,-105
113000189,668,1225,-557
113000190,1560,809,751
113000192,2296,2590,-294
113000193,5761,1481,4280
113000194,2674,1619,1055
113000195,3535,1117,2418
113000196,280,142,138
113000197,4048,1370,2678
113000198,93,506,-413
113000199,2275,515,1760
113000201,637,349,288
113000202,5319,2364,2955
113000203,389,214,175
113000204,2353,2508,-155
113000205,19,36,-17
113000206,16,60,-44
113000207,137,39,98
113000208,72,69,3
113000209,20,45,-25
113000210,40,27,13
113000211,188,266,-78
113000212,139,32,107
113000213,45,188,-143
113000214,201,262,-61
113000234,261,1267,-1006
113000410,318,345,-27
113000411,4083,5798,-1715
113000412,8624,3072,5552
113000413,3549,3950,-401
113000414,9249,18002,-8753
113000415,3167,4193,-1026
113000416,12861,6297,6564
113000417,4574,4365,209
113000418,5815,4173,1642
113000419,2545,2824,-279
113000420,5484,7364,-1880
113000421,5075,7720,-2645
113000422,17260,14135,3125
113000423,2880,6170,-3290
113000424,4234,9979,-5745
113000425,19,153,-134
113000428,165,68,97
113000430,18,212,-194
113000432,2667,205,2462
113000433,122,1112,-990
113000434,33,210,-177
113000435,67,964,-897
113000436,35,1788,-1753
113000437,1235,25,1210
113000438,313,11,302
113000439,24,168,-144
113000440,152,41,111
113000441,241,299,-58
113000442,178,323,-145
113000443,295,371,-76
113000444,191,342,-151
113000445,134,155,-21
113000446,38,158,-120
113000448,186,254,-68
113000449,377,1207,-830
113000450,871,3455,-2584
113000451,1538,239,1299
113000452,502,613,-111
113000453,85,481,-396
113000454,1432,43,1389
113000455,19,284,-265
113000456,5922,3461,2461
113000468,2266,400,1866
113000469,244,219,25
113000470,564,58,506
113000471,16,544,-528
113000472,147,479,-332
113000474,655,785,-130
113000475,2186,2356,-170
113000476,1558,2342,-784
113000477,3634,2696,938
113000478,5976,7188,-1212
113000479,133,294,-161
113000480,157,145,12
113000481,0,0,0
113000482,0,0,0
113000483,0,0,0
113000484,13,16,-3
113000485,0,0,0
113000486,3,0,3
113000487,0,0,0
113000488,2,1,1
113000489,5,7,-2
113000490,0,6,-6
113000491,18,17,1
113000492,2,4,-2
113000493,0,0,0
113000495,220,200,20
113000496,124,123,1
113000497,0,0,0
113000499,0,0,0
113000500,0,3,-3
113900001,4,354,-350
113900002,1,190,-189
113900003,1,159,-158
113900004,1,96,-95
113900005,2,119,-117
113900006,6,43,-37
113900007,191,32,159
113900008,120,1,119
113900009,313,0,313
113900010,322,1,321
113900011,120,0,120
113900012,43,1,42
113900013,681,9,672
113900014,723,6,717
113900015,0,67,-67
113900016,48,0,48
113900017,0,35,-35
113900018,620,283,337
113900019,149,112,37
113900020,201,2,199
113900022,33,0,33
113900023,33,0,33
113900024,110,81,29
113900025,490,44,446
113900026,74,0,74
113900027,6,54,-48
113900028,45,556,-511
113900029,108,262,-154
113900030,260,8,252
113900031,21,2,19
113900032,20,0,20
113900033,57,109,-52
113900035,95,3,92
113900036,25,99,-74
113900037,244,574,-330
113900038,43,154,-111
113900039,177,19,158
113900040,7,14,-7
113900041,10,6,4
113900042,96,75,21
113900043,294,239,55
113900044,383,335,48
113900045,176,4,172
113900046,459,752,-293
113900047,29,88,-59
113900048,272,166,106
113900049,896,434,462
113900050,300,490,-190
113900051,308,549,-241
113900052,237,238,-1
113900053,896,804,92
113900054,30,3,27
113900055,146,587,-441
113900056,38,123,-85
113900057,25,197,-172
113900058,91,243,-152
113900059,250,487,-237
113900060,217,355,-138
113900061,1589,446,1143
113900062,109,33,76
113900063,65,98,-33
113900064,27,194,-167
113900065,594,17,577
113900066,381,496,-115
113900067,279,408,-129
113900068,585,537,48
113900069,72,56,16
113900070,253,882,-629
113900071,58,57,1
113900072,120,233,-113
113900073,351,584,-233
113900074,110,418,-308
113900075,1590,1430,160
113900076,214,28,186
113900077,80,244,-164
113900078,31,35,-4
113900079,4,78,-74
113900080,665,307,358
113900081,85,330,-245
113900082,120,433,-313
113900083,386,647,-261
113900084,350,135,215
113900085,90,366,-276
113900086,16,15,1
113900087,138,287,-149
113900088,99,128,-29
113900089,565,68,497
113900090,798,547,251
113900091,43,34,9
113900092,71,130,-59
113900093,141,852,-711
113900094,556,601,-45
113900095,149,148,1
113900096,332,98,234
113900097,194,136,58
113900098,729,85,644
113900099,3,82,-79
113900100,0,3,-3
113900101,26,103,-77
113900102,198,200,-2
113900103,397,410,-13
113900104,151,279,-128
113900105,128,396,-268
113900106,6,133,-127
113900107,3,40,-37
113900108,366,391,-25
113900109,444,213,231
113900110,119,22,97
113900111,196,151,45
113900112,226,197,29
113900113,1646,633,1013
113900114,1,142,-141
113900115,2,164,-162
113900116,160,250,-90
113900117,184,32,152
113900118,300,416,-116
113900119,382,612,-230
113900120,55,54,1
113900121,72,164,-92
113900122,569,2183,-1614
113900123,587,212,375
113900124,10,97,-87
113900125,1262,173,1089
113900126,247,78,169
113900127,431,864,-433
113900128,143,92,51
113900129,23,174,-151
113900130,8,48,-40
113900131,329,97,232
113900132,64,81,-17
113900133,35,87,-52
113900135,350,554,-204
113900136,173,121,52
113900137,493,304,189
113900138,80,261,-181
113900139,580,192,388
113900140,466,459,7
113900141,758,465,293
113900142,146,111,35
113900143,22,48,-26
113900144,334,380,-46
113900145,424,261,163
113900146,166,68,98
113900148,184,375,-191
113900149,231,90,141
113900150,1050,881,169
113900151,538,312,226
113900152,62,54,8
113900153,488,818,-330
113900154,3,168,-165
113900155,334,263,71
113900156,301,679,-378
113900157,56,328,-272
113900158,531,476,55
113900159,42,337,-295
113900160,1369,736,633
113900161,126,231,-105
113900162,830,1150,-320
113900163,343,347,-4
113900164,297,91,206
113900165,1204,729,475
113900166,407,292,115
113900167,288,37,251
113900168,164,171,-7
113900169,434,545,-111
113900171,282,99,183
113900172,20,284,-264
113900173,74,720,-646
113900174,690,842,-152
113900175,649,199,450
113900176,535,823,-288
113900177,407,274,133
113900178,1050,199,851
113900179,19,567,-548
113900180,198,144,54
113900181,880,162,718
113900182,1195,1648,-453
113900183,77,96,-19
113900184,21,625,-604
113900185,216,116,100
113900186,50,73,-23
113900187,61,173,-112
113900188,76,312,-236
113900189,377,177,200
113900190,318,197,121
113900191,202,365,-163
113900192,7,735,-728
113900193,34,284,-250
113900194,2095,1335,760
113900195,325,568,-243
113900196,24,185,-161
113900197,0,220,-220
113900198,43,238,-195
113900199,318,1051,-733
113900200,24,446,-422
113900201,4,235,-231
113900202,63,448,-385
113900203,0,128,-128
113900204,83,731,-648
113900205,19,216,-197
113900206,19,239,-220
113900207,10,121,-111
113900208,1,73,-72
113900209,0,84,-84
113900210,779,1271,-492
113900211,316,98,218
113900212,222,583,-361
113900214,586,504,82
113900215,39,194,-155
113900216,110,1194,-1084
113900217,100,367,-267
113900218,238,75,163
113900219,134,413,-279
113900220,167,165,2
113900221,455,337,118
113900222,393,808,-415
113900223,170,1322,-1152
113900224,140,100,40
113900225,749,349,400
113900226,428,182,246
113900227,682,291,391
113900228,433,682,-249
113900229,82,985,-903
113900230,6315,4180,2135
113900231,294,292,2
113900232,159,137,22
113900233,165,72,93
113900234,449,645,-196
113900235,125,61,64
113900236,154,479,-325
113900237,249,17,232
113900238,306,721,-415
113900239,79,112,-33
113900240,7,241,-234
113900241,170,66,104
113900242,57,166,-109
113900243,135,537,-402
113900244,473,313,160
113900245,1518,376,1142
113900246,34,35,-1
113900247,236,549,-313
113900248,3578,2657,921
113900249,1289,547,742
113900250,62,173,-111
113900251,701,217,484
113900252,670,29,641
113900253,894,87,807
113900254,1060,234,826
113900255,520,41,479
113900256,395,41,354
113900257,31,601,-570
113900258,16,494,-478
113900259,531,242,289
113900260,201,48,153
113900261,28,91,-63
113900262,182,763,-581
113900263,253,810,-557
113900264,9,621,-612
113900265,412,520,-108
113900266,31,232,-201
113900267,137,603,-466
113900268,410,534,-124
113900269,97,210,-113
113900270,388,973,-585
113900271,961,1748,-787
113900273,94,22,72
113900274,70,61,9
113900275,47,66,-19
113900276,5,242,-237
113900277,164,1,163
113900278,389,234,155
113900279,152,164,-12
113900280,1860,692,1168
113900281,941,1550,-609
113900282,1111,824,287
113900283,541,696,-155
113900284,1200,214,986
113900285,205,52,153
113900286,124,194,-70
113900287,56,171,-115
113900288,3,275,-272
113900289,1431,185,1246
113900290,380,298,82
113900291,202,287,-85
113900292,40,7,33
113900293,6,373,-367
113900294,473,46,427
113900295,602,538,64
113900296,2471,558,1913
113900297,3733,62,3671
113900298,28,2105,-2077
113900299,81,211,-130
113900300,6694,5050,1644
113900301,917,291,626
113900302,3313,1322,1991
113900303,904,650,254
113900304,2,147,-145
113900305,125,1,124
113900306,79,1,78
113900307,78,0,78
113900308,129,254,-125
113900309,4,1113,-1109
113900310,6,33,-27
113900311,7,0,7
113900312,255,321,-66
113900313,19,20,-1
114000001,1322,3751,-2429
114000002,355,494,-139
114000003,60,407,-347
114000004,566,510,56
114000005,348,341,7
114000006,3989,2682,1307
114000007,831,1777,-946
114000008,1882,2472,-590
114000009,876,360,516
114000011,3172,3405,-233
114000012,3137,2554,583
114000013,1893,2112,-219
114000014,571,469,102
114000015,3079,611,2468
114000016,305,472,-167
114000017,103,432,-329
114000018,383,90,293
114000026,1977,1746,231
114000027,3429,2579,850
114000028,3091,3385,-294
114000038,391,243,148
114000039,186,77,109
114000040,96,308,-212
114000042,140,246,-106
114000043,124,143,-19
114000044,207,81,126
114000045,73,120,-47
114000046,5369,5938,-569
114000047,28,117,-89
114000048,85,46,39
114000049,2107,2169,-62
114000050,2054,3137,-1083
114000051,4139,2490,1649
114000052,6444,1973,4471
114000053,232,612,-380
114000054,303,1105,-802
114000055,732,45,687
114000056,1925,1172,753
114000057,7720,2914,4806
114000058,1002,2019,-1017
114000059,602,451,151
114000060,928,1209,-281
114000061,4410,3646,764
114000062,3383,2100,1283
114000063,3660,2226,1434
114000064,9129,4908,4221
114000065,2191,3088,-897
114000066,599,664,-65
114000067,54,842,-788
114000068,665,931,-266
114000069,1349,833,516
114000070,2776,2047,729
114000071,955,752,203
114000072,752,434,318
114000073,30,131,-101
114000074,56,30,26
114000075,66,200,-134
114000076,13,166,-153
114000077,15,65,-50
114000078,739,973,-234
114000079,218,39,179
114000080,114,118,-4
114000081,90,119,-29
114000082,49,628,-579
114000083,69,428,-359
114000084,429,133,296
114000085,168,921,-753
114000086,329,638,-309
114000087,151,273,-122
114000088,73,51,22
114000089,1356,674,682
114000090,1085,1256,-171
114000091,2220,1228,992
114000092,1395,805,590
114000093,1624,1217,407
114000094,386,449,-63
114000095,388,170,218
114000096,256,530,-274
114000097,203,970,-767
114000098,605,103,502
114000099,765,857,-92
114000100,1576,1094,482
114000101,553,1240,-687
114000102,603,450,153
114000103,182,579,-397
114000104,118,412,-294
114000105,229,120,109
114000106,1137,1326,-189
114000107,529,208,321
114000108,1935,1626,309
114000109,665,1407,-742
114000110,867,2191,-1324
114000111,2104,1483,621
114000112,759,2390,-1631
114000113,1703,774,929
114000114,2011,1897,114
114000115,2498,1416,1082
114000116,1240,915,325
114000117,3187,683,2504
114000118,2797,755,2042
114000119,1816,710,1106
114000120,665,1264,-599
114000121,502,982,-480
114000122,478,412,66
114000123,2212,577,1635
114000124,1020,408,612
114000125,1189,1794,-605
114000126,4484,353,4131
114000127,381,224,157
114000128,1021,529,492
114000130,676,756,-80
114000131,287,212,75
114000132,876,791,85
114000133,1307,1940,-633
114000134,100,290,-190
114000138,96,332,-236
114000139,693,258,435
114000144,1099,670,429
114000145,110,324,-214
114000146,157,410,-253
114000147,1662,2175,-513
114000148,2641,2543,98
114000149,510,452,58
114000150,794,946,-152
114000151,969,1449,-480
114000152,203,38,165
114000153,1093,2596,-1503
114000154,1034,1010,24
114000155,2125,2540,-415
114000156,1061,708,353
114000157,354,1114,-760
114000158,2239,1043,1196
114000159,229,683,-454
114000160,149,497,-348
114000161,1663,3598,-1935
114000162,1334,2938,-1604
114000163,27,192,-165
114000165,792,338,454
114000166,1187,575,612
114000167,3988,1939,2049
114000168,1074,1012,62
114000169,2185,1470,715
114000170,1656,1081,575
114000171,1404,2088,-684
114000174,291,776,-485
114000176,806,670,136
114000177,2630,1453,1177
114000178,85,67,18
114000179,1234,931,303
114000180,638,1146,-508
114000181,2345,4221,-1876
114000182,5911,3055,2856
114000183,1207,1088,119
114000184,600,1639,-1039
114000185,1737,1222,515
114000189,1146,151,995
114000190,2875,410,2465
114000191,35,97,-62
114000192,494,2017,-1523
114000193,1096,3997,-2901
114000194,1610,1451,159
114000195,251,46,205
114000196,4,427,-423
114000197,1347,80,1267
114000198,1216,457,759
114000199,2646,2139,507
114000200,803,2473,-1670
114000201,211,1121,-910
114000202,2232,731,1501
114000203,581,919,-338
114000204,204,589,-385
114000205,403,1935,-1532
114000206,848,1779,-931
114000207,814,2608,-1794
114000208,616,3650,-3034
114000209,996,3059,-2063
114000210,412,1897,-1485
114000211,1168,2669,-1501
114000212,991,914,77
114000213,1722,782,940
114000214,144,326,-182
114000215,272,109,163
114000216,2482,796,1686
114000217,300,441,-141
114000218,141,422,-281
114000219,1335,352,983
114000220,45,1209,-1164
114000221,1026,231,795
114000222,245,1434,-1189
114000223,519,184,335
114000224,103,840,-737
114000225,278,936,-658
114000226,180,334,-154
114000227,856,648,208
114000228,1008,1094,-86
114000229,1286,1792,-506
114000230,2195,1695,500
114000231,1232,1588,-356
114000232,644,164,480
114000233,2142,169,1973
114000234,1175,1243,-68
114000235,1254,1962,-708
114000236,3,582,-579
114000237,153,1272,-1119
114000238,467,155,312
114000239,332,1565,-1233
114000240,1014,908,106
114000241,347,1115,-768
114000242,1116,1136,-20
114000243,2076,961,1115
114000244,1744,609,1135
114000245,440,769,-329
114000246,175,54,121
114000247,1718,936,782
114000248,1590,646,944
114000249,602,767,-165
114000250,644,1128,-484
114000251,531,361,170
114000252,97,107,-10
114000253,113,234,-121
114000254,72,147,-75
114000255,727,262,465
114000256,2575,2596,-21
114000257,588,1698,-1110
114000258,682,713,-31
114000259,436,302,134
114000260,1,33,-32
114000261,52,53,-1
114000262,333,213,120
114000263,21,5,16
114000264,1455,684,771
114000265,0,20,-20
114000267,6,3277,-3271
114000268,13,2226,-2213
114000270,203,43,160
114000271,944,148,796
114000283,1730,650,1080
114000285,50,363,-313
114000288,99,424,-325
114000289,1475,172,1303
114000293,213,564,-351
114000294,213,415,-202
114000395,2937,99,2838
114000396,714,616,98
114000402,523,428,95
114000403,326,495,-169
114000405,208,754,-546
114000423,397,557,-160
114000424,720,235,485
114000425,771,614,157
114000426,351,1158,-807
114000427,69,124,-55
114000428,290,209,81
114000429,17,320,-303
114000432,122,119,3
114000434,31,146,-115
114000435,15,364,-349
114000436,4209,1479,2730
114000437,558,2977,-2419
114900001,917,1495,-578
114900002,1971,174,1797
114900003,842,2130,-1288
114900004,418,651,-233
114900005,680,1237,-557
114900006,449,100,349
114900007,408,31,377
114900008,227,167,60
114900010,2988,2299,689
114900011,297,237,60
114900013,272,205,67
114900015,122,712,-590
114900018,1051,25,1026
114900020,273,104,169
114900022,42,856,-814
114900024,422,221,201
114900025,721,308,413
114900026,48,186,-138
114900027,339,298,41
114900029,31,26,5
114900030,429,276,153
114900031,428,61,367
114900032,439,57,382
114900033,1436,908,528
114900034,75,283,-208
114900035,201,434,-233
114900036,279,900,-621
114900037,186,299,-113
114900038,244,825,-581
114900039,701,715,-14
114900040,127,226,-99
114900041,782,706,76
114900042,839,931,-92
114900043,837,372,465
114900044,236,52,184
114900046,113,205,-92
114900047,271,2151,-1880
114900048,174,388,-214
114900049,12,186,-174
114900050,72,616,-544
114900051,41,467,-426
114900052,365,278,87
114900053,354,364,-10
114900054,82,261,-179
114900057,354,12,342
114900058,0,101,-101
114900059,95,74,21
114900060,1822,1090,732
114900061,123,222,-99
114900062,402,490,-88
114900063,73,331,-258
114900064,1475,705,770
114900065,459,907,-448
114900067,195,540,-345
114900068,101,184,-83
114900069,351,168,183
114900070,634,524,110
114900072,6,471,-465
114900073,2,351,-349
114900074,684,941,-257
114900075,469,18,451
114900076,16,577,-561
114900080,2408,627,1781
114900082,4798,2407,2391
114900083,1869,1584,285
114900090,471,402,69
114900091,161,293,-132
114900095,459,183,276
114900096,642,1050,-408
114900097,146,3,143
114900098,5,324,-319
114900099,351,19,332
115000001,7721,5455,2266
115000002,3747,4810,-1063
115000003,6175,4538,1637
115000004,4206,7471,-3265
115000005,2052,2905,-853
115000006,1030,2091,-1061
115000007,95,210,-115
115000008,954,733,221
115000009,200,319,-119
115000010,364,180,184
115000013,121,237,-116
115000015,72,444,-372
115000016,304,333,-29
115000019,39,636,-597
115000020,191,1000,-809
115000021,252,574,-322
115000022,752,535,217
115000023,555,707,-152
115000024,1590,748,842
115000025,1066,848,218
115000026,206,632,-426
115000027,265,360,-95
115000028,315,1256,-941
115000029,657,152,505
115000030,1207,1539,-332
115000031,1485,565,920
115000032,8,319,-311
115000033,303,45,258
115000034,162,1465,-1303
115000035,1425,88,1337
115000036,1,558,-557
115000037,722,11,711
115000038,46,246,-200
115000039,4335,3892,443
115000040,9359,4241,5118
115000041,2506,4402,-1896
115000042,1760,901,859
115000043,3831,2471,1360
115000044,4649,5002,-353
115000045,3202,2422,780
115000046,2387,2986,-599
115000047,2227,1903,324
115000048,1786,3243,-1457
115000049,2358,4534,-2176
115000050,3584,2684,900
115000051,2181,3366,-1185
115000052,2826,2378,448
115000053,2000,2117,-117
115000054,865,1594,-729
115000055,195,754,-559
115000056,352,771,-419
115000057,1009,877,132
115000058,750,300,450
115000059,248,136,112
115000061,331,161,170
115000062,265,386,-121
115000063,413,434,-21
115000064,298,174,124
115000065,56,474,-418
115000067,273,30,243
115000069,124,471,-347
115000070,49,1230,-1181
115000071,150,26,124
115000072,14,141,-127
115000073,1474,86,1388
115000075,119,78,41
115000076,4584,4142,442
115000077,2899,3635,-736
115000078,1431,2004,-573
115000079,1525,2358,-833
115000080,3021,3091,-70
115000081,666,1322,-656
115000082,4653,4464,189
115000083,2602,3290,-688
115000084,2467,1416,1051
115000085,1013,1455,-442
115000086,1418,1187,231
115000087,642,1990,-1348
115000088,2140,946,1194
115000089,1774,1690,84
115000090,724,1067,-343
115000091,334,1342,-1008
115000092,541,389,152
115000093,552,3,549
115000094,9076,6475,2601
115000095,6749,7066,-317
115000096,792,2441,-1649
115000097,978,1098,-120
115000098,1255,1084,171
115000099,2915,3995,-1080
115000100,971,563,408
115000101,523,2194,-1671
115000102,475,311,164
115000103,385,975,-590
115000105,74,248,-174
115000106,698,387,311
115000107,257,721,-464
115000108,4650,3426,1224
115000109,5886,5119,767
115000110,1909,1711,198
115000111,1148,2712,-1564
115000112,988,936,52
115000113,905,1219,-314
115000114,3151,1128,2023
115000116,5984,2882,3102
115000117,6313,4715,1598
115000118,3592,2421,1171
115000119,3246,3311,-65
115000120,995,1650,-655
115000121,2112,1403,709
115000122,6070,2638,3432
115000123,2531,3169,-638
115000124,1218,1355,-137
115000125,683,798,-115
115000126,214,357,-143
115000127,467,181,286
115000128,799,949,-150
115000129,315,508,-193
115000130,653,1272,-619
115000131,953,377,576
115000132,314,551,-237
115000133,890,433,457
115000134,838,377,461
115000135,705,335,370
115000136,465,416,49
115000137,271,257,14
115000138,361,349,12
115000139,319,317,2
115000140,310,339,-29
115000141,234,367,-133
115000142,325,344,-19
115000143,823,814,9
115000144,578,105,473
115000145,314,455,-141
115000146,743,492,251
115000147,801,621,180
115000148,334,1453,-1119
115000149,679,278,401
115000150,828,1344,-516
115000151,1198,858,340
115000152,878,1787,-909
115000153,1233,1154,79
115000154,926,661,265
115000155,725,1256,-531
115000156,1285,1019,266
115000157,986,1071,-85
115000158,893,517,376
115000159,1019,728,291
115000160,936,851,85
115000161,607,618,-11
115000162,974,880,94
115000163,760,784,-24
115000164,944,685,259
115000165,515,576,-61
115000167,220,91,129
115000168,698,427,271
115000169,775,417,358
115000170,573,215,358
115000171,356,249,107
115000172,1778,895,883
115000173,498,684,-186
115000174,248,360,-112
115000175,274,138,136
115000176,204,165,39
115000177,171,223,-52
115000178,42,347,-305
115000179,61,61,0
115000180,170,884,-714
115000181,709,195,514
115000182,1065,463,602
115000183,449,1144,-695
115000186,815,398,417
115000187,257,1017,-760
115000188,493,666,-173
115000189,255,567,-312
115000190,959,490,469
115000191,444,829,-385
115000194,306,357,-51
115000195,470,420,50
115000196,308,128,180
115000197,448,401,47
115000198,393,315,78
115000199,537,279,258
115000200,550,141,409
115000201,231,559,-328
115000206,837,135,702
115000207,178,437,-259
115000208,585,912,-327
115000209,1211,468,743
115000210,186,177,9
115000211,358,332,26
115000212,1695,451,1244
115000224,520,63,457
115000225,68,105,-37
115000229,232,205,27
115000230,140,550,-410
115000231,366,2329,-1963
115000232,1814,470,1344
115000233,190,335,-145
115000234,39,350,-311
115000241,94,404,-310
115000242,130,482,-352
115000243,71,320,-249
115000244,18,202,-184
115000246,31,43,-12
115000247,105,25,80
115000248,36,31,5
115000249,75,46,29
115000250,300,49,251
115000251,333,247,86
115000252,165,334,-169
115000253,18,504,-486
115000258,323,310,13
115000259,510,257,253
115000261,14,20,-6
115000262,21,26,-5
115000263,17,48,-31
115000264,34,43,-9
115000267,78,73,5
115000268,56,145,-89
115000269,156,62,94
115000270,31,22,9
115000272,79,232,-153
115000273,577,46,531
115000280,2073,223,1850
115000281,638,674,-36
115000282,2053,1172,881
115000284,395,211,184
115000296,1525,14,1511
115000297,249,144,105
115000298,174,469,-295
115000300,229,265,-36
115000302,738,241,497
115000303,845,226,619
115000304,847,136,711
115000305,178,1077,-899
115000306,301,534,-233
115000307,202,192,10
115000308,66,29,37
115000309,13,43,-30
115000310,1202,1230,-28
115000311,840,1563,-723
115000313,145,983,-838
115000314,559,183,376
115000315,1206,546,660
115000316,140,178,-38
115000317,261,681,-420
115000318,999,476,523
115000319,105,392,-287
115000320,28,460,-432
115000321,674,73,601
115000322,71,276,-205
115000449,416,220,196
115000557,6,1382,-1376
115000558,663,84,579
115000587,635,690,-55
115000588,2738,3488,-750
115000589,3870,2988,882
115000590,1472,1805,-333
115000591,2846,862,1984
115000592,846,1984,-1138
115000593,1829,784,1045
115000594,1208,2586,-1378
115000609,111,205,-94
115000617,3000,4331,-1331
115000624,333,157,176
115000633,576,2812,-2236
115000634,3177,1128,2049
115000635,552,156,396
115000638,1182,1022,160
115000641,85,151,-66
115000642,430,459,-29
115000643,157,790,-633
115000644,158,658,-500
115000646,1199,2084,-885
115000647,225,658,-433
115000648,2224,2852,-628
115000893,3589,1602,1987
115000894,274,1506,-1232
115000895,571,935,-364
115000896,1421,353,1068
115000897,694,211,483
115000898,1105,280,825
115000899,724,1336,-612
115000900,185,527,-342
115000901,128,197,-69
115000912,400,152,248
115000913,5,59,-54
115000915,46,11,35
115000916,11,0,11
115000917,0,11,-11
115000918,108,557,-449
115000919,16,26,-10
115000920,53,72,-19
115000921,1160,182,978
115000922,1343,868,475
115000923,625,1011,-386
115000925,101,89,12
115000927,57,90,-33
115000933,270,229,41
115000934,219,302,-83
115000935,177,185,-8
115000936,18,377,-359
115000937,270,90,180
115000938,27,118,-91
115000939,32,66,-34
115900001,75,73,2
115900002,145,180,-35
115900003,258,184,74
115900004,2,96,-94
115900005,174,14,160
115900006,174,397,-223
115900008,76,20,56
115900009,107,330,-223
115900010,378,272,106
115900011,708,374,334
115900012,179,122,57
115900013,634,239,395
115900014,172,235,-63
115900015,275,113,162
115900016,170,53,117
115900017,17,12,5
115900018,296,126,170
115900019,783,25,758
115900020,77,0,77
115900021,1841,208,1633
115900022,1724,11,1713
115900023,33,4,29
115900025,165,355,-190
115900026,1077,423,654
115900027,0,405,-405
115900028,952,121,831
115900029,29,560,-531
115900030,47,39,8
115900031,415,408,7
115900032,660,1032,-372
115900033,1,80,-79
115900034,40,674,-634
115900035,69,37,32
115900036,161,813,-652
115900037,104,566,-462
115900038,35,13,22
115900039,262,290,-28
115900041,679,714,-35
115900042,36,17,19
115900043,125,125,0
115900044,484,399,85
115900046,354,389,-35
115900047,222,173,49
115900049,189,352,-163
115900051,8,49,-41
115900052,12,337,-325
115900053,290,368,-78
115900054,242,52,190
115900055,21,201,-180
115900056,312,477,-165
115900057,45,28,17
115900058,53,93,-40
115900060,324,251,73
115900061,258,1,257
115900062,56,410,-354
115900063,129,29,100
115900064,174,239,-65
115900065,155,201,-46
115900066,253,226,27
115900067,19,911,-892
115900068,4154,998,3156
115900069,302,243,59
115900070,184,350,-166
115900071,1,606,-605
115900072,75,303,-228
115900073,101,112,-11
115900074,5,409,-404
115900075,89,338,-249
115900076,8,90,-82
115900077,2,309,-307
115900078,305,228,77
115900079,268,18,250
115900080,632,426,206
115900081,16,95,-79
115900082,206,288,-82
115900084,501,40,461
115900085,54,59,-5
115900086,2081,873,1208
115900088,15,44,-29
115900089,353,865,-512
115900090,398,27,371
115900091,38,77,-39
115900092,38,254,-216
115900093,2,38,-36
115900094,5,492,-487
115900096,7,21,-14
115900097,16,545,-529
115900098,184,516,-332
115900099,261,85,176
115900100,14,694,-680
115900101,139,374,-235
115900102,87,103,-16
115900103,377,242,135
115900104,72,165,-93
115900105,387,876,-489
115900106,68,46,22
115900107,150,222,-72
115900108,155,92,63
115900109,97,649,-552
115900110,1,20,-19
115900111,6,137,-131
115900112,73,1251,-1178
115900113,56,68,-12
115900114,9,219,-210
115900115,131,422,-291
115900116,140,1251,-1111
115900117,65,41,24
115900118,9,379,-370
115900119,167,235,-68
115900120,49,593,-544
115900121,181,372,-191
115900124,551,791,-240
115900125,378,71,307
115900126,846,125,721
115900127,819,91,728
115900128,16,114,-98
115900129,923,77,846
115900130,29,285,-256
115900131,674,33,641
115900132,611,5,606
115900134,416,15,401
115900135,566,1433,-867
115900137,48,10,38
115900139,34,41,-7
115900140,302,46,256
115900141,13,41,-28
115900142,17,21,-4
115900143,339,349,-10
115900144,95,275,-180
115900146,36,160,-124
115900147,436,342,94
115900148,92,10,82
115900149,109,33,76
115900150,65,52,13
115900151,15,87,-72
115900152,143,425,-282
115900153,176,340,-164
115900154,719,468,251
115900155,0,102,-102
115900156,802,1240,-438
115900157,190,684,-494
115900158,38,19,19
115900159,149,374,-225
115900160,35,7,28
115900161,217,270,-53
115900163,206,220,-14
115900164,649,46,603
115900165,5,166,-161
115900166,313,281,32
115900168,134,317,-183
115900171,122,581,-459
115900172,87,159,-72
115900173,342,225,117
115900174,290,315,-25
115900175,183,292,-109
115900178,16,859,-843
115900179,263,22,241
115900180,63,264,-201
115900181,244,322,-78
115900182,426,337,89
115900183,77,41,36
115900184,2463,31,2432
115900187,19,134,-115
115900189,0,284,-284
115900190,454,1544,-1090
115900191,72,631,-559
115900192,4,168,-164
115900193,770,175,595
115900194,780,72,708
115900195,908,2413,-1505
115900198,316,495,-179
115900199,207,369,-162
115900200,364,628,-264
115900201,584,437,147
115900202,0,53,-53
115900203,9,14,-5
115900204,0,3,-3
115900205,199,17,182
115900206,244,313,-69
115900207,46,33,13
115900208,275,273,2
115900209,3,204,-201
115900210,13,162,-149
115900211,2,293,-291
115900212,215,572,-357
115900213,231,81,150
115900214,476,399,77
115900215,25,186,-161
115900216,26,130,-104
115900217,60,60,0
115900218,4,61,-57
115900219,117,12,105
115900220,171,31,140
115900221,111,18,93
115900222,64,38,26
115900223,12,397,-385
115900224,1861,1277,584
115900225,68,60,8
115900226,35,50,-15
115900227,23,70,-47
115900228,20,63,-43
115900229,10,85,-75
115900230,70,213,-143
115900231,114,7,107
115900232,59,6,53
115900233,74,17,57
115900234,88,28,60
115900235,62,56,6
115900236,184,53,131
115900237,75,36,39
115900238,178,37,141
115900239,50,46,4
115900240,18,73,-55
115900241,267,302,-35
115900242,290,386,-96
115900243,21,11,10
115900244,31,30,1
115900245,49,15,34
115900246,45,8,37
115900247,57,13,44
115900248,25,17,8
115900249,9,36,-27
115900250,14,56,-42
115900251,0,32,-32
115900252,13,8,5
115900253,7,29,-22
115900254,8,22,-14
115900255,2,24,-22
115900256,26,25,1
115900257,6,20,-14
115900258,0,5,-5
115900259,10,5,5
115900260,9,3,6
115900261,8,3,5
115900262,2,1,1
115900263,10,6,4
115900264,26,5,21
115900265,2,10,-8
115900266,8,20,-12
115900267,10,16,-6
115900268,7,18,-11
115900269,518,895,-377
115900270,449,617,-168
115900271,95,1,94
115900272,22,0,22
115900273,6,18,-12
115900274,2,29,-27
115900275,0,44,-44
115900276,1,46,-45
115900277,1,80,-79
115900278,34,120,-86
115900279,15,194,-179
115900280,17,421,-404
115900281,475,264,211
115900282,4,6,-2
116000001,16004,6721,9283
116000002,5888,11327,-5439
116000003,2034,2231,-197
116000004,2662,3758,-1096
116000005,4494,4175,319
116000006,3735,2715,1020
116000007,4110,5299,-1189
116000008,4925,2684,2241
116000009,2699,3486,-787
116000010,2481,1882,599
116000011,1139,2431,-1292
116000012,1534,1287,247
116000013,12594,5518,7076
116000014,16603,11901,4702
116000015,528,1781,-1253
116000016,8752,4289,4463
116000017,61,848,-787
116000018,1036,452,584
116000019,1025,400,625
116000020,771,1302,-531
116000021,566,369,197
116000022,449,449,0
116000023,1312,1007,305
116000024,997,1104,-107
116000025,990,1003,-13
116000026,2443,3210,-767
116000027,1151,765,386
116000028,506,975,-469
116000029,1206,981,225
116000030,874,613,261
116000031,277,435,-158
116000032,542,375,167
116000033,485,653,-168
116000034,778,1222,-444
116000035,488,1023,-535
116000036,2365,1269,1096
116000037,866,728,138
116000038,745,507,238
116000039,791,498,293
116000040,1341,406,935
116000041,425,557,-132
116000042,793,336,457
116000043,141,674,-533
116000044,15,71,-56
116000045,2057,1612,445
116000046,1424,1552,-128
116000047,2240,2879,-639
116000048,2450,2090,360
116000049,1542,3177,-1635
116000050,1806,1887,-81
116000051,7207,2823,4384
116000052,7183,6222,961
116000053,2291,1243,1048
116000054,877,3194,-2317
116000055,870,1496,-626
116000056,1166,1414,-248
116000057,4263,2582,1681
116000058,4812,3501,1311
116000059,4722,6685,-1963
116000060,2621,1123,1498
116000061,484,1158,-674
116000062,911,323,588
116000063,755,1169,-414
116000066,302,662,-360
116000067,320,662,-342
116000068,264,333,-69
116000069,322,547,-225
116000078,592,1282,-690
116000080,2396,1572,824
116000082,7,97,-90
116000083,1704,552,1152
116000084,3053,5055,-2002
116000085,3013,2159,854
116000086,2513,1628,885
116000087,2175,1854,321
116000088,950,1594,-644
116000089,233,142,91
116000090,183,227,-44
116000091,557,332,225
116000093,971,682,289
116000094,810,993,-183
116000095,1031,864,167
116000096,911,2161,-1250
116000097,1798,1042,756
116000098,165,8683,-8518
116000099,8851,308,8543
116000100,293,39,254
116000101,1197,1409,-212
116000102,308,1747,-1439
116000103,672,394,278
116000104,408,1995,-1587
116000105,1321,252,1069
116000106,1534,1233,301
116000107,4777,502,4275
116000108,2030,219,1811
116000111,146,55,91
116000113,167,177,-10
116000114,83,243,-160
116000115,499,186,313
116000116,437,931,-494
116000117,1762,2387,-625
116000118,1856,1971,-115
116000119,3652,2305,1347
116000120,3720,6259,-2539
116000121,1039,747,292
116000122,1653,2743,-1090
116000123,1345,677,668
116000124,546,1549,-1003
116000125,3410,1131,2279
116000126,463,2225,-1762
116000127,1408,1735,-327
116000128,1832,1284,548
116000129,1266,303,963
116000130,567,472,95
116000133,1211,1221,-10
116000134,2225,3261,-1036
116000135,2611,2070,541
116000136,1413,3050,-1637
116000137,1313,907,406
116000138,1247,723,524
116000139,2540,2417,123
116000140,215,243,-28
116000141,439,955,-516
116000142,4071,3557,514
116000143,2013,2119,-106
116000144,1794,2816,-1022
116000145,1804,1590,214
116000146,548,304,244
116000147,292,175,117
116000148,605,680,-75
116000149,936,910,26
116000151,839,792,47
116000153,138,557,-419
116000155,299,351,-52
116000156,791,1510,-719
116000157,79,28,51
116000158,430,551,-121
116000159,26,20,6
116000160,49,146,-97
116000161,14,175,-161
116000162,186,107,79
116000163,30,15,15
116000164,18,34,-16
116000177,1956,148,1808
116000194,159,630,-471
116000195,1768,954,814
116000196,27,32,-5
116000197,18,11,7
116000198,3279,1524,1755
116000200,919,528,391
116000201,770,865,-95
116000202,23,475,-452
116000203,2,181,-179
116000204,26,83,-57
116000205,1,315,-314
116000206,1,192,-191
116000207,7,65,-58
116000233,358,745,-387
116000287,222,705,-483
116000288,324,303,21
116000292,72,198,-126
116000296,13,210,-197
116000297,128,22,106
116000304,359,37,322
116000305,17,204,-187
116000346,200,125,75
116000352,157,61,96
116000354,63,27,36
116000357,73,73,0
116000358,475,55,420
116000361,126,4,122
116000372,7843,4339,3504
116000381,129,0,129
116000388,1,99,-98
116000389,1395,740,655
116000445,363,840,-477
116000446,707,1027,-320
116000447,29,610,-581
116000448,796,304,492
116000563,1645,1132,513
116000565,79,604,-525
116000568,92,393,-301
116000579,45,174,-129
116000584,23,15,8
116000585,37,33,4
116000586,184,233,-49
116000587,632,881,-249
116000589,47,117,-70
116000590,135,142,-7
116000591,248,329,-81
116000592,29,191,-162
116000593,0,12,-12
116000594,771,704,67
116000595,986,231,755
116000596,113,4,109
116000597,484,135,349
116000598,38,286,-248
116000602,74,569,-495
116000605,584,205,379
116000606,136,387,-251
116000607,7,94,-87
116000609,288,1067,-779
116000611,165,757,-592
116000612,811,2302,-1491
116000613,700,478,222
116000614,517,873,-356
116000615,2,297,-295
116000616,74,150,-76
116000617,71,86,-15
116000618,5,164,-159
116000619,159,102,57
116000620,146,69,77
116000621,54,185,-131
116000622,40,210,-170
116000624,458,142,316
116000627,22,29,-7
116000628,45,283,-238
116000629,21,590,-569
116000630,335,35,300
116000631,90,43,47
116000632,723,434,289
116000633,65,570,-505
116000634,689,38,651
116000635,2925,1920,1005
116000636,447,879,-432
116000637,39,1,38
116000638,0,54,-54
116900001,353,235,118
116900002,276,3,273
116900003,18,114,-96
116900004,45,92,-47
116900005,296,115,181
116900006,239,293,-54
116900007,178,244,-66
116900008,502,493,9
116900009,17,7,10
116900010,11,1973,-1962
116900011,32,59,-27
116900012,433,291,142
116900013,9,297,-288
116900014,112,478,-366
116900015,454,54,400
116900016,217,3,214
116900017,8,809,-801
116900018,93,61,32
116900019,24,499,-475
116900020,1575,1291,284
116900023,180,26,154
116900024,725,91,634
116900025,1517,1225,292
116900026,341,876,-535
116900027,45,63,-18
116900028,10,156,-146
116900029,0,72,-72
116900031,0,11,-11
116900032,33,538,-505
116900033,10,15,-5
116900034,66,115,-49
116900035,222,273,-51
116900036,6,109,-103
116900038,109,4,105
116900041,65,40,25
116900042,1000,330,670
116900043,32,86,-54
116900045,323,82,241
116900047,52,165,-113
116900049,53,483,-430
116900050,155,582,-427
116900051,165,309,-144
116900052,252,86,166
116900055,4,7,-3
116900057,41,373,-332
116900058,50,498,-448
116900059,4,225,-221
116900060,254,226,28
116900062,5,8,-3
116900064,124,1003,-879
116900065,73,177,-104
116900067,118,134,-16
116900068,179,305,-126
116900070,3,7,-4
116900072,29,593,-564
116900073,24,198,-174
116900074,6,77,-71
116900076,16,21,-5
116900077,8,271,-263
116900078,396,194,202
116900079,40,375,-335
116900080,23,34,-11
116900081,561,1588,-1027
116900082,659,1229,-570
116900083,93,99,-6
116900084,227,58,169
116900085,77,218,-141
116900086,88,302,-214
116900088,610,164,446
116900090,343,90,253
116900091,440,58,382
116900092,102,877,-775
116900093,2246,2576,-330
116900094,6123,4251,1872
116900095,236,123,113
116900096,164,507,-343
116900097,4474,3360,1114
116900098,980,410,570
116900099,1279,863,416
116900100,1016,60,956
116900101,449,721,-272
116900103,7,2,5
116900104,123,88,35
116900105,358,181,177
116900106,2207,588,1619
116900107,5184,3056,2128
116900110,24,1,23
116900111,512,1026,-514
116900112,287,1439,-1152
116900113,2806,1782,1024
116900116,168,514,-346
116900117,162,172,-10
116900118,851,848,3
116900120,368,130,238
116900121,279,43,236
116900122,1210,1268,-58
116900123,229,1097,-868
116900124,200,1321,-1121
116900125,501,366,135
116900126,263,730,-467
116900128,2,70,-68
116900129,4,550,-546
116900130,967,4055,-3088
116900131,141,488,-347
116900132,61,164,-103
116900133,166,205,-39
116900134,303,397,-94
116900136,571,237,334
116900137,392,252,140
116900138,325,230,95
116900139,194,520,-326
116900140,252,197,55
116900141,1051,578,473
116900142,6,65,-59
116900143,344,545,-201
116900144,50,102,-52
116900145,154,357,-203
116900147,737,571,166
116900148,29,54,-25
116900149,109,322,-213
116900150,16,10,6
116900151,38,16,22
116900153,137,121,16
116900154,932,823,109
116900155,138,135,3
116900157,634,486,148
116900158,291,361,-70
116900159,74,331,-257
116900160,1310,623,687
116900161,8442,6877,1565
116900162,18,157,-139
116900163,233,246,-13
116900164,175,109,66
116900165,288,212,76
116900166,49,114,-65
116900167,567,117,450
116900168,413,155,258
116900169,862,518,344
116900170,386,671,-285
116900171,95,281,-186
116900172,335,424,-89
116900173,236,81,155
116900174,115,66,49
116900175,268,264,4
116900178,51,210,-159
116900179,127,383,-256
116900180,104,56,48
116900182,499,396,103
116900183,238,186,52
116900185,40,57,-17
116900186,114,412,-298
116900187,189,82,107
116900188,192,65,127
116900189,113,4,109
116900191,544,1029,-485
116900192,349,175,174
116900194,224,1338,-1114
116900195,44,23,21
116900196,60,145,-85
116900197,138,26,112
116900198,286,358,-72
116900200,81,59,22
116900201,128,19,109
116900202,173,70,103
116900203,261,10,251
116900204,67,124,-57
116900206,17,36,-19
116900207,44,78,-34
116900208,10,162,-152
116900209,33,137,-104
116900210,618,401,217
116900211,318,14,304
116900212,88,91,-3
116900213,306,224,82
116900214,271,260,11
116900215,61,103,-42
116900216,441,399,42
116900218,24,421,-397
116900219,1735,584,1151
116900220,117,291,-174
116900221,95,486,-391
116900222,453,484,-31
116900223,138,414,-276
116900226,134,100,34
116900227,199,107,92
116900228,417,327,90
116900230,100,322,-222
116900231,35,478,-443
116900232,18,582,-564
116900233,340,142,198
116900234,28,24,4
116900235,230,399,-169
116900238,2126,508,1618
116900239,25,1444,-1419
116900240,7966,4497,3469
116900241,255,281,-26
116900242,388,672,-284
116900243,9,134,-125
116900245,42,26,16
116900246,147,27,120
116900247,937,52,885
116900248,130,66,64
116900249,385,132,253
116900250,675,112,563
116900251,725,732,-7
116900252,253,1229,-976
116900253,161,157,4
116900254,65,140,-75
116900255,209,98,111
116900256,429,136,293
116900257,37,690,-653
116900258,20,419,-399
116900259,356,24,332
116900260,3,203,-200
116900261,83,2,81
116900262,276,267,9
116900263,0,9,-9
116900264,4,7,-3
116900265,54,2,52
116900266,21,99,-78
116900267,2,1,1
116900268,317,133,184
116900269,276,774,-498
116900271,2421,257,2164
116900272,497,430,67
116900273,179,71,108
116900274,150,152,-2
116900275,245,153,92
116900276,865,167,698
116900277,808,32,776
116900278,5,17,-12
116900279,2,39,-37
116900280,30,66,-36
116900281,8522,4938,3584
116900282,4,154,-150
116900283,27,153,-126
116900284,50,330,-280
116900285,408,231,177
116900286,285,30,255
116900287,8,85,-77
116900288,108,186,-78
116900289,17,52,-35
116900290,6,62,-56
116900291,25,8,17
116900292,0,15,-15
116900293,54,131,-77
116900294,69,230,-161
116900295,219,43,176
116900296,113,72,41
116900297,6,95,-89
116900298,134,40,94
116900299,120,44,76
116900300,7,84,-77
116900301,94,102,-8
116900302,66,67,-1
116900303,414,123,291
116900304,0,170,-170
116900305,18,57,-39
116900306,189,122,67
117000001,2145,1780,365
117000002,2420,5797,-3377
117000003,7868,3981,3887
117000004,5376,6722,-1346
117000005,2538,2317,221
117000006,1665,4482,-2817
117000007,4063,1624,2439
117000008,1525,4827,-3302
117000009,6699,2441,4258
117000010,3620,5252,-1632
117000011,2732,2013,719
117000012,1651,1739,-88
117000013,2243,1010,1233
117000014,1807,2894,-1087
117000015,3523,1543,1980
117000016,514,104,410
117000017,522,162,360
117000018,366,647,-281
117000019,132,2,130
117000020,487,2156,-1669
117000021,2409,545,1864
117000022,627,136,491
117000023,356,198,158
117000024,443,208,235
117000025,716,1023,-307
117000026,2991,1230,1761
117000027,3742,4331,-589
117000028,5322,1869,3453
117000030,730,650,80
117000031,518,321,197
117000032,1944,1457,487
117000033,1932,1137,795
117000034,652,398,254
117000035,471,368,103
117000036,592,390,202
117000037,307,262,45
117000038,362,756,-394
117000039,475,300,175
117000040,250,1501,-1251
117000041,960,202,758
117000044,70,1037,-967
117000045,356,109,247
117000046,581,836,-255
117000047,806,730,76
117000048,2541,1518,1023
117000049,258,861,-603
117000050,182,2656,-2474
117000051,2657,162,2495
117000052,62,532,-470
117000053,591,42,549
117000054,2057,17,2040
117000055,20,4362,-4342
117000056,847,42,805
117000057,883,3066,-2183
117000060,736,2168,-1432
117000061,1971,1136,835
117000062,428,821,-393
117000063,2146,1081,1065
117000064,1145,1079,66
117000066,1801,1340,461
117000067,185,603,-418
117000074,301,284,17
117000076,205,49,156
117000077,248,258,-10
117000078,169,1035,-866
117000079,635,311,324
117000080,1,396,-395
117000081,1432,161,1271
117000082,14,107,-93
117000083,142,12,130
117000084,353,2,351
117000085,450,979,-529
117000086,1399,704,695
117000087,162,645,-483
117000088,320,276,44
117000089,1708,453,1255
117000090,380,1679,-1299
117000091,967,473,494
117000092,532,1826,-1294
117000093,1304,969,335
117000094,1791,3714,-1923
117000095,3986,1208,2778
117000096,895,3039,-2144
117000097,1575,1748,-173
117000098,3601,6457,-2856
117000099,3794,1796,1998
117000100,217,441,-224
117000101,249,1584,-1335
117000102,1605,902,703
117000103,879,2512,-1633
117000104,1355,855,500
117000105,983,2347,-1364
117000106,1294,1042,252
117000107,844,2666,-1822
117000108,1834,1139,695
117000109,2080,3456,-1376
117000110,1842,1311,531
117000111,4728,5409,-681
117000112,4197,2345,1852
117000113,390,537,-147
117000114,342,207,135
117000115,185,238,-53
117000116,199,314,-115
117000117,2217,1453,764
117000118,337,250,87
117000119,501,189,312
117000120,288,564,-276
117000121,244,1390,-1146
117000122,470,925,-455
117000123,2065,87,1978
117000124,986,69,917
117000125,556,148,408
117000126,128,21,107
117000127,233,387,-154
117000128,618,947,-329
117000129,271,92,179
117000130,202,3,199
117000131,0,58,-58
117000132,5161,19,5142
117000133,1525,104,1421
117000134,0,78,-78
117000135,4,50,-46
117000136,5,48,-43
117000137,132,138,-6
117000138,2,879,-877
117000140,683,2052,-1369
117000141,1934,751,1183
117000181,930,694,236
117000182,378,659,-281
117000195,341,1576,-1235
117000196,370,131,239
117000225,144,21,123
117000226,21,183,-162
117000276,288,18,270
117000277,1,494,-493
117000310,2187,2992,-805
117000315,73,993,-920
117000320,56,0,56
117000906,338,11,327
117000907,24,430,-406
117000908,45,39,6
117000909,48,58,-10
117000910,279,243,36
117000911,140,233,-93
117000915,16,813,-797
117000916,39,23,16
117000917,1342,73,1269
117000918,122,120,2
117000919,21,145,-124
117000920,4,2020,-2016
117000921,3,1930,-1927
117000922,75,148,-73
117000924,258,612,-354
117000926,1086,118,968
117000927,2667,1033,1634
117000928,0,154,-154
117000929,279,472,-193
117000930,195,14,181
117000931,811,223,588
117900002,146,576,-430
117900003,1300,703,597
117900005,14,31,-17
117900006,0,24,-24
117900007,235,183,52
117900008,0,33,-33
117900010,292,147,145
117900011,125,73,52
117900012,87,131,-44
117900013,2,295,-293
117900014,491,155,336
117900015,21,125,-104
117900016,1754,1260,494
117900017,1225,397,828
117900018,237,136,101
117900019,476,380,96
117900020,95,474,-379
117900021,36,101,-65
117900022,54,30,24
117900023,922,369,553
117900024,74,101,-27
117900025,58,15,43
117900026,464,319,145
117900028,79,4,75
117900029,337,876,-539
117900030,522,370,152
117900031,374,130,244
117900032,1482,764,718
117900033,240,787,-547
117900034,53,42,11
117900035,605,130,475
117900036,308,561,-253
117900037,173,222,-49
117900038,41,531,-490
117900039,5,113,-108
117900040,172,704,-532
117900041,17,80,-63
117900042,5242,516,4726
117900043,55,108,-53
117900044,97,3608,-3511
117900045,191,152,39
117900048,270,372,-102
117900049,293,547,-254
117900050,7,53,-46
117900051,78,7,71
117900052,66,438,-372
117900053,1760,1071,689
117900054,2,41,-39
117900055,249,200,49
117900056,650,65,585
117900057,1540,2019,-479
117900058,104,47,57
117900059,476,116,360
117900060,2752,7227,-4475
117900061,32,241,-209
117900063,432,263,169
117900065,1575,1802,-227
117900066,8,92,-84
117900067,442,210,232
117900069,812,365,447
117900070,311,30,281
117900071,101,217,-116
117900073,480,397,83
117900074,254,43,211
117900075,88,133,-45
117900076,14,76,-62
117900077,523,290,233
117900078,441,877,-436
117900080,142,64,78
117900081,683,545,138
117900082,493,477,16
117900083,345,514,-169
117900086,192,66,126
117900087,238,122,116
117900088,4296,2699,1597
117900089,2260,842,1418
117900090,574,593,-19
117900091,171,306,-135
117900092,86,53,33
117900093,126,170,-44
117900094,39,22,17
117900095,288,431,-143
117900096,123,372,-249
117900097,283,202,81
117900098,28,5,23
117900099,145,254,-109
117900100,243,6,237
117900101,565,2138,-1573
117900102,85,104,-19
117900103,169,3,166
117900104,51,102,-51
117900105,201,321,-120
117900106,153,116,37
117900107,62,2,60
117900109,717,538,179
117900110,302,0,302
117900111,705,41,664
117900112,75,40,35
117900113,4790,2147,2643
117900114,40,0,40
117900115,405,82,323
117900116,1241,1099,142
117900117,631,547,84
117900118,116,2,114
117900119,176,351,-175
117900120,219,112,107
117900121,182,38,144
117900122,1976,4268,-2292
117900123,771,538,233
117900124,1833,1019,814
117900125,2235,2175,60
117900126,302,714,-412
117900127,515,706,-191
117900128,488,975,-487
117900129,111,1,110
117900130,2141,475,1666
117900131,4,214,-210
117900132,22,214,-192
117900133,9,200,-191
117900134,79,353,-274
117900135,28,340,-312
117900136,0,68,-68
117900137,102,542,-440
117900138,5,60,-55
117900139,124,203,-79
117900140,3914,349,3565
117900141,328,264,64
117900142,210,37,173
117900144,113,202,-89
117900145,102,53,49
117900146,226,194,32
117900147,68,77,-9
117900148,3357,1807,1550
117900149,167,290,-123
117900150,73,54,19
117900151,68,108,-40
117900152,88,81,7
117900153,28,157,-129
117900154,404,765,-361
117900156,1321,1192,129
117900157,171,783,-612
117900158,296,271,25
117900160,767,831,-64
117900161,3977,3147,830
117900162,399,542,-143
117900163,207,112,95
117900165,0,21,-21
117900166,185,523,-338
117900168,11,337,-326
117900169,7,200,-193
117900170,1,47,-46
117900171,2,43,-41
117900172,19,58,-39
117900173,233,93,140
117900174,116,110,6
117900175,6,47,-41
117900176,10,64,-54
117900177,28,78,-50
117900178,238,52,186
117900180,294,98,196
117900181,215,575,-360
117900182,4,70,-66
117900183,84,265,-181
117900184,75,91,-16
117900185,67,112,-45
117900186,76,21,55
117900187,28,14,14
117900188,361,51,310
117900189,127,98,29
117900190,50,1,49
117900191,151,2,149
117900192,385,2,383
117900193,37,146,-109
117900194,14,12,2
117900195,123,146,-23
117900196,25,50,-25
117900207,234,185,49
117900208,56,53,3
117900209,217,280,-63
117900210,219,368,-149
117900211,25,341,-316
117900212,148,240,-92
117900213,65,33,32
117900214,25,49,-24
117900215,14,38,-24
117900216,27,37,-10
117900217,124,363,-239
117900218,146,186,-40
117900219,9,118,-109
117900220,187,78,109
117900222,212,390,-178
117900223,121,347,-226
118000001,1301,890,411
118000002,1650,2838,-1188
118000003,2858,3038,-180
118000004,3926,3409,517
118000005,6700,5704,996
118000006,9308,12178,-2870
118000007,8258,4448,3810
118000008,6967,4990,1977
118000009,2901,4795,-1894
118000010,7626,5859,1767
118000011,1742,3318,-1576
118000012,1619,3142,-1523
118000013,3703,3305,398
118000014,3398,3427,-29
118000016,219,521,-302
118000017,677,505,172
118000018,625,663,-38
118000019,3368,1865,1503
118000020,2878,3611,-733
118000021,1117,3448,-2331
118000022,2734,1057,1677
118000023,1382,292,1090
118000024,2848,1541,1307
118000027,21072,14405,6667
118000029,1526,850,676
118000032,1976,4126,-2150
118000033,4426,5846,-1420
118000034,7975,3282,4693
118000035,2321,2986,-665
118000036,1691,1246,445
118000037,910,1241,-331
118000038,216,116,100
118000039,154,363,-209
118000040,2386,1602,784
118000041,2992,1833,1159
118000045,682,264,418
118000046,2413,756,1657
118000047,1552,800,752
118000048,3994,2097,1897
118000051,4288,1520,2768
118000052,3087,864,2223
118000053,744,922,-178
118000054,2885,2298,587
118000055,2014,2631,-617
118000056,839,557,282
118000057,507,526,-19
118000058,4908,2044,2864
118000059,3520,1303,2217
118000060,1281,780,501
118000061,2390,1782,608
118000062,870,501,369
118000063,492,762,-270
118000064,1020,1519,-499
118000065,5141,2241,2900
118000066,1128,1926,-798
118000067,1258,1001,257
118000068,2313,5453,-3140
118000069,4130,1599,2531
118000070,7061,2496,4565
118000071,4683,8415,-3732
118000072,2529,1402,1127
118000073,4155,869,3286
118000074,923,550,373
118000075,1116,471,645
118000076,1721,2460,-739
118000077,1801,1577,224
118000078,2299,2468,-169
118000079,503,617,-114
118000080,1564,1218,346
118000081,2013,1333,680
118000082,383,1543,-1160
118000083,2274,2218,56
118000084,4098,2268,1830
118000086,352,894,-542
118000087,5675,3291,2384
118000088,2177,2003,174
118000089,4387,2509,1878
118000090,1985,3366,-1381
118000091,1671,2555,-884
118000092,1218,550,668
118000093,150,844,-694
118000096,671,827,-156
118000097,1113,753,360
118000098,315,284,31
118000099,733,1013,-280
118000101,1300,437,863
118000102,500,1579,-1079
118000107,2758,772,1986
118000108,906,2717,-1811
118000110,0,29,-29
118000111,5,471,-466
118000112,462,2,460
118000113,7,950,-943
118000114,523,13,510
118000115,30,11,19
118000116,62,0,62
118000117,1438,1048,390
118000118,1037,928,109
118000119,1191,1302,-111
118000120,1949,1685,264
118000121,138,609,-471
118000122,1683,495,1188
118000123,59,311,-252
118000125,2142,1271,871
118000126,919,1921,-1002
118000127,2394,773,1621
118000128,1076,1509,-433
118000129,1213,377,836
118000130,3576,5227,-1651
118000131,744,975,-231
118000132,2749,2061,688
118000133,938,516,422
118000135,888,495,393
118000136,111,532,-421
118000137,615,115,500
118000138,635,829,-194
118000139,420,143,277
118000140,3852,5207,-1355
118000141,2491,2445,46
118000142,2104,2166,-62
118000143,2569,1468,1101
118000144,1883,1319,564
118000145,2428,2954,-526
118000146,1539,1361,178
118000147,1221,2138,-917
118000148,945,1615,-670
118000149,1062,1226,-164
118000150,582,322,260
118000151,602,618,-16
118000153,1661,1503,158
118000154,1695,1976,-281
118000155,1406,1674,-268
118000156,3019,3344,-325
118000157,726,564,162
118000158,247,594,-347
118000159,58,127,-69
118000160,563,525,38
118000161,608,1142,-534
118000162,2326,1070,1256
118000163,1032,945,87
118000164,2479,1706,773
118000168,1824,826,998
118000169,1423,1599,-176
118000170,5444,7459,-2015
118000171,496,908,-412
118000172,149,424,-275
118000173,1295,1539,-244
118000175,443,398,45
118000176,318,544,-226
118000177,303,736,-433
118000178,53,53,0
118000179,1826,1400,426
118000180,1173,1050,123
118000181,1141,422,719
118000182,358,314,44
118000183,293,400,-107
118000184,954,1039,-85
118000185,1711,1378,333
118000186,1154,1324,-170
118000187,1507,1093,414
118000188,703,282,421
118000189,827,1076,-249
118000190,21,25,-4
118000191,44,51,-7
118000192,378,234,144
118000193,173,410,-237
118000194,2038,1400,638
118000195,1197,970,227
118000196,497,233,264
118000197,923,206,717
118000198,924,795,129
118000199,1201,504,697
118000200,264,338,-74
118000201,558,569,-11
118000202,120,106,14
118000203,1428,751,677
118000204,261,421,-160
118000205,325,384,-59
118000206,368,198,170
118000207,0,90,-90
118000208,1624,2119,-495
118000209,2881,2299,582
118000210,63,62,1
118000211,30,46,-16
118000213,1622,1591,31
118000214,765,753,12
118000215,314,312,2
118000216,2261,4018,-1757
118000217,39,174,-135
118000218,76,180,-104
118000219,623,428,195
118000220,16,67,-51
118000221,207,386,-179
118000222,93,9,84
118000223,51,51,0
118000224,309,122,187
118000225,160,978,-818
118000226,1631,301,1330
118000227,1118,470,648
118000228,263,306,-43
118000229,274,100,174
118000230,204,251,-47
118000231,137,300,-163
118000232,887,1268,-381
118000233,1179,1027,152
118000234,475,349,126
118000236,449,432,17
118000237,186,606,-420
118000238,298,287,11
118000239,430,333,97
118000240,724,230,494
118000241,189,300,-111
118000242,452,880,-428
118000243,339,353,-14
118000244,77,229,-152
118000246,1,28,-27
118000255,81,325,-244
118000256,133,235,-102
118000259,7,94,-87
118000260,310,145,165
118000261,42,107,-65
118000263,99,234,-135
118000266,212,431,-219
118000267,2,151,-149
118000268,469,2,467
118000270,165,56,109
118000271,215,420,-205
118000272,160,63,97
118000273,192,134,58
118000274,154,457,-303
118000276,487,449,38
118000295,21,165,-144
118000298,248,441,-193
118000299,62,217,-155
118000301,0,68,-68
118000302,122,128,-6
118000311,460,137,323
118000312,356,278,78
118000313,151,249,-98
118000314,97,73,24
118000315,93,101,-8
118000316,764,642,122
118000325,132,82,50
118000326,53,54,-1
118000331,54,69,-15
118000332,20,56,-36
118000333,46,143,-97
118000335,350,5,345
118000336,1,355,-354
118000407,158,115,43
118000457,6,69,-63
118000465,4864,4953,-89
118000480,46,141,-95
118000489,45,344,-299
118000490,90,348,-258
118000492,354,285,69
118000510,120,42,78
118000514,253,479,-226
118000515,857,874,-17
118000517,411,270,141
118000524,526,270,256
118000525,1172,1015,157
118000530,30,164,-134
118000531,305,339,-34
118000532,263,427,-164
118000533,481,168,313
118000534,836,600,236
118000535,342,169,173
118000536,1424,1870,-446
118000537,45,179,-134
118000538,49,116,-67
118000539,37,176,-139
118000540,471,283,188
118000541,304,108,196
118000542,205,236,-31
118000543,241,277,-36
118000546,96,38,58
118000560,4109,2395,1714
118000562,22,299,-277
118000563,2328,1711,617
118000576,204,221,-17
118000577,148,199,-51
118000578,187,106,81
118000579,718,1393,-675
118000595,235,112,123
118000596,0,80,-80
118000597,82,130,-48
118000598,74,1,73
118000599,63,51,12
118000600,1,64,-63
118000601,19,0,19
118000602,0,32,-32
118000603,0,13,-13
118900001,1122,1984,-862
118900002,1295,1077,218
118900003,529,27,502
118900004,111,78,33
118900005,74,13,61
118900006,256,18,238
118900007,11,3,8
118900008,1805,89,1716
118900009,77,58,19
118900010,125,16,109
118900011,209,48,161
118900012,654,307,347
118900013,637,187,450
118900015,250,145,105
118900016,19,25,-6
118900017,312,350,-38
118900018,1045,40,1005
118900019,81,39,42
118900020,287,203,84
118900021,199,462,-263
118900022,168,140,28
118900023,199,121,78
118900024,123,206,-83
118900025,68,45,23
118900026,69,83,-14
118900027,560,299,261
118900028,130,254,-124
118900029,380,419,-39
118900030,396,130,266
118900031,201,120,81
118900032,192,248,-56
118900033,585,495,90
118900034,245,48,197
118900035,189,218,-29
118900036,1361,843,518
118900037,718,318,400
118900038,362,283,79
118900039,627,254,373
118900040,234,240,-6
118900041,789,268,521
118900042,222,90,132
118900045,368,205,163
118900046,1307,434,873
118900047,706,294,412
118900048,315,222,93
118900049,101,78,23
118900050,31,185,-154
118900051,98,132,-34
118900052,392,296,96
118900053,53,106,-53
118900054,159,69,90
118900055,108,117,-9
118900056,34,400,-366
118900057,763,507,256
118900058,452,400,52
118900059,43,110,-67
118900060,174,116,58
118900062,648,229,419
118900064,1135,643,492
118900065,79,193,-114
118900066,101,110,-9
118900067,5958,4016,1942
118900068,10,237,-227
118900069,367,292,75
118900071,15,124,-109
118900072,470,572,-102
118900073,98,155,-57
118900074,193,295,-102
118900075,328,152,176
118900076,310,164,146
118900077,403,266,137
118900078,60,23,37
118900079,64,304,-240
118900080,30,246,-216
118900081,103,38,65
118900082,741,168,573
118900083,49,12,37
118900084,21,34,-13
118900085,755,1188,-433
118900086,57,118,-61
118900087,22,274,-252
118900088,0,11,-11
118900089,28,30,-2
118900090,517,514,3
118900091,289,246,43
118900092,153,122,31
118900093,194,50,144
118900096,126,51,75
118900097,281,662,-381
118900099,128,332,-204
118900100,273,414,-141
118900101,192,986,-794
118900102,96,139,-43
118900103,57,163,-106
118900104,315,232,83
118900105,375,155,220
118900107,285,140,145
118900108,168,199,-31
118900110,2074,1036,1038
118900111,628,814,-186
118900112,95,231,-136
118900113,150,695,-545
118900114,56,126,-70
118900115,182,608,-426
118900116,159,293,-134
118900117,119,250,-131
118900118,289,483,-194
118900119,108,309,-201
118900120,165,368,-203
118900121,26,234,-208
118900122,14,1028,-1014
118900123,191,291,-100
118900124,86,371,-285
118900126,38,478,-440
118900129,413,270,143
118900130,125,249,-124
118900131,182,317,-135
118900132,434,224,210
118900133,22,139,-117
118900135,219,330,-111
118900136,219,640,-421
118900137,10,69,-59
118900139,250,606,-356
118900140,390,634,-244
118900141,147,300,-153
118900144,135,555,-420
118900145,82,161,-79
118900146,415,778,-363
118900147,304,188,116
118900148,103,83,20
118900150,143,709,-566
118900152,775,979,-204
118900157,103,223,-120
118900158,106,100,6
118900159,3,244,-241
118900161,102,9,93
118900163,223,162,61
118900164,16,194,-178
118900165,76,283,-207
118900166,87,7,80
118900167,156,196,-40
118900168,14,218,-204
118900169,144,618,-474
118900170,248,224,24
118900171,32,58,-26
118900174,110,99,11
118900175,376,563,-187
118900176,226,331,-105
118900177,54,97,-43
118900178,70,221,-151
118900179,0,49,-49
118900181,101,136,-35
118900182,236,84,152
118900183,24,205,-181
118900184,408,182,226
118900185,116,154,-38
118900186,113,105,8
118900187,336,412,-76
118900188,341,318,23
118900189,55,905,-850
118900190,30,491,-461
118900191,192,76,116
118900192,200,25,175
118900193,558,16,542
118900195,427,977,-550
118900196,51,242,-191
118900197,127,56,71
118900198,32,36,-4
118900199,79,90,-11
118900200,26,23,3
118900201,39,50,-11
118900202,18,77,-59
118900203,19,49,-30
118900204,17,49,-32
118900205,4,17,-13
118900206,7,40,-33
119000001,1750,1828,-78
119000002,5346,4014,1332
119000003,2937,1657,1280
119000004,4063,1715,2348
119000005,2116,2296,-180
119000006,3331,2131,1200
119000007,4257,4102,155
119000008,2454,2523,-69
119000009,4460,5307,-847
119000010,8402,5267,3135
119000011,5763,4124,1639
119000012,4538,4526,12
119000013,2847,1911,936
119000014,3111,4697,-1586
119000019,395,191,204
119000020,3251,1804,1447
119000021,5182,3163,2019
119000022,4033,3566,467
119000023,345,290,55
119000024,2090,11176,-9086
119000025,10054,1897,8157
119000026,212,395,-183
119000027,424,624,-200
119000028,2687,1601,1086
119000029,159,394,-235
119000030,718,1464,-746
119000031,1113,1067,46
119000032,2635,3241,-606
119000033,2728,1991,737
119000034,1295,1538,-243
119000035,47,437,-390
119000036,1842,1163,679
119000037,1368,2435,-1067
119000038,175,1230,-1055
119000039,414,414,0
119000040,1033,680,353
119000041,1095,1552,-457
119000048,3861,4103,-242
119000049,1958,3534,-1576
119000050,2545,2718,-173
119000051,3184,1304,1880
119000052,2606,3848,-1242
119000053,2416,1559,857
119000054,3983,4252,-269
119000055,4434,4699,-265
119000056,2671,2815,-144
119000057,1930,2744,-814
119000058,2379,2310,69
119000059,1708,2115,-407
119000060,1851,1569,282
119000061,1134,1006,128
119000062,1494,1640,-146
119000063,498,375,123
119000064,1565,2086,-521
119000065,2802,4520,-1718
119000066,2818,1475,1343
119000067,2229,2796,-567
119000068,1842,1512,330
119000069,1774,3317,-1543
119000070,2648,1346,1302
119000071,628,850,-222
119000072,6642,4007,2635
119000073,6391,8174,-1783
119000074,1513,3544,-2031
119000075,2311,3079,-768
119000076,606,1065,-459
119000077,1336,619,717
119000078,684,287,397
119000079,295,751,-456
119000080,576,253,323
119000081,384,544,-160
119000082,1246,305,941
119000083,763,478,285
119000084,416,629,-213
119000085,641,328,313
119000086,334,578,-244
119000087,2098,1344,754
119000088,289,250,39
119000089,97,229,-132
119000090,169,197,-28
119000091,163,530,-367
119000092,582,258,324
119000093,4533,3552,981
119000094,3255,7005,-3750
119000095,2086,3578,-1492
119000097,2674,1983,691
119000098,1043,2926,-1883
119000099,3101,2484,617
119000100,4157,3551,606
119000101,5730,2634,3096
119000102,1226,1310,-84
119000103,2107,701,1406
119000104,3727,2248,1479
119000105,1444,2215,-771
119000106,409,2161,-1752
119000107,974,583,391
119000108,591,1368,-777
119000109,247,546,-299
119000110,1032,517,515
119000111,146,680,-534
119000112,274,155,119
119000113,3514,559,2955
119000114,1218,1401,-183
119000115,222,225,-3
119000116,229,133,96
119000117,251,601,-350
119000118,5,2,3
119000123,6388,1624,4764
119000124,994,315,679
119000125,3809,1193,2616
119000126,616,907,-291
119000127,576,887,-311
119000128,39,6,33
119000131,1054,1100,-46
119000132,5,3,2
119000133,2,8,-6
119000134,2528,715,1813
119000135,160,273,-113
119000136,228,281,-53
119000137,228,615,-387
119000138,472,425,47
119000139,281,439,-158
119000140,233,481,-248
119000284,1628,3736,-2108
119000285,2880,2987,-107
119000286,9777,7536,2241
119000287,2047,2915,-868
119000288,2404,1911,493
119000289,2353,4358,-2005
119000290,264,610,-346
119000291,15,396,-381
119000293,127,201,-74
119000294,72,26,46
119000295,2125,575,1550
119000296,200,170,30
119000302,3318,1904,1414
119000303,82,228,-146
119000314,1959,11739,-9780
119000315,2,653,-651
119000316,169,181,-12
119000317,85,533,-448
119900001,406,1470,-1064
119900002,362,461,-99
119900003,88,1555,-1467
119900004,560,1408,-848
119900005,242,192,50
119900006,328,655,-327
119900007,1558,322,1236
119900008,703,144,559
119900009,1019,998,21
119900010,2293,1365,928
119900011,34,172,-138
119900012,40,126,-86
119900013,2406,1166,1240
119900014,847,324,523
119900015,170,59,111
119900016,53,121,-68
119900017,65,61,4
119900018,2461,1039,1422
119900019,33,12,21
119900020,280,292,-12
119900021,248,227,21
119900022,152,774,-622
119900023,905,1479,-574
119900025,209,74,135
119900026,1227,210,1017
119900027,67,42,25
119900028,491,170,321
119900029,1,11,-10
119900030,825,824,1
119900031,141,402,-261
119900033,2922,509,2413
119900034,527,249,278
119900037,316,82,234
119900038,80,326,-246
119900039,68,19,49
119900040,336,26,310
119900041,206,69,137
119900042,613,239,374
119900043,86,245,-159
119900044,313,1088,-775
119900046,114,123,-9
119900047,358,81,277
119900048,247,68,179
119900049,245,12,233
119900050,285,126,159
119900051,712,27,685
119900052,67,58,9
119900053,223,220,3
119900054,148,16,132
119900055,1581,586,995
119900057,307,121,186
119900058,283,9,274
119900059,292,85,207
119900060,337,25,312
119900062,77,62,15
119900063,46,120,-74
119900064,543,135,408
119900065,295,21,274
119900066,2,1,1
119900067,384,54,330
119900068,522,7,515
119900069,139,70,69
119900070,957,6,951
119900071,761,32,729
119900073,2321,789,1532
119900074,163,69,94
119900075,7454,3725,3729
119900076,484,475,9
119900077,989,1701,-712
119900078,833,1325,-492
119900079,331,396,-65
119900080,1944,1861,83
119900081,679,541,138
119900082,1568,547,1021
119900083,506,283,223
119900084,1137,515,622
119900085,141,122,19
119900087,972,498,474
119900088,45,97,-52
119900089,106,735,-629
119900090,183,136,47
119900091,75,1429,-1354
119900092,191,549,-358
119900093,1406,348,1058
119900094,79,244,-165
119900095,259,201,58
119900096,83,229,-146
119900097,806,272,534
119900098,80,73,7
119900099,40,373,-333
119900100,2680,3144,-464
119900101,465,1461,-996
119900102,48,460,-412
119900103,48,579,-531
119900104,94,378,-284
119900105,1674,2130,-456
119900106,26,247,-221
119900107,454,3975,-3521
119900108,2770,949,1821
119900109,63,291,-228
119900110,759,723,36
119900111,144,525,-381
119900112,2424,906,1518
119900113,128,464,-336
119900114,345,1854,-1509
119900115,396,1580,-1184
119900116,322,682,-360
119900117,400,1105,-705
119900118,118,1276,-1158
119900119,323,325,-2
119900120,797,942,-145
119900121,464,1671,-1207
119900122,730,553,177
119900123,303,503,-200
119900124,293,1359,-1066
119900125,79,459,-380
119900126,6045,432,5613
119900127,3681,1512,2169
119900128,615,1326,-711
119900129,395,975,-580
119900130,38,408,-370
119900131,60,410,-350
119900132,15,398,-383
119900133,69,178,-109
119900134,2887,400,2487
119900135,4,580,-576
119900136,256,522,-266
119900138,598,783,-185
119900139,253,279,-26
119900140,3,222,-219
119900141,226,1050,-824
119900142,38,102,-64
119900143,19,321,-302
119900144,2273,365,1908
119900145,115,310,-195
119900146,318,484,-166
119900147,7,195,-188
119900148,278,157,121
119900149,1964,4742,-2778
119900150,231,310,-79
119900151,2383,1016,1367
119900152,193,596,-403
119900153,234,150,84
119900154,5,375,-370
119900155,46,93,-47
119900156,8,6,2
119900157,200,369,-169
119900158,200,156,44
119900159,23,2054,-2031
119900160,34,342,-308
119900161,250,326,-76
119900162,1118,1315,-197
119900163,295,246,49
119900164,0,2,-2
119900165,279,313,-34
119900166,129,87,42
119900167,138,288,-150
119900168,914,753,161
119900169,239,481,-242
119900170,295,392,-97
119900171,2322,768,1554
119900172,308,54,254
119900173,12,578,-566
119900174,16,364,-348
119900175,1324,1165,159
119900177,38,225,-187
119900178,15,256,-241
119900179,123,522,-399
119900180,1225,1202,23
119900181,102,146,-44
119900182,25,616,-591
119900183,266,883,-617
119900184,3683,889,2794
119900185,56,221,-165
119900186,144,1073,-929
119900187,29,713,-684
119900188,125,528,-403
119900189,912,737,175
119900190,95,354,-259
119900191,487,266,221
119900192,127,232,-105
119900193,418,321,97
119900194,41,106,-65
119900195,106,387,-281
119900196,2400,759,1641
119900197,267,193,74
119900198,615,511,104
119900199,213,29,184
119900200,1134,999,135
119900201,552,377,175
119900202,260,286,-26
119900203,287,808,-521
119900204,367,478,-111
119900205,770,775,-5
119900206,220,230,-10
119900208,241,318,-77
119900209,649,1536,-887
119900210,37,60,-23
119900211,128,20,108
119900212,270,553,-283
119900213,12,94,-82
119900214,43,118,-75
119900215,58,95,-37
119900216,11,92,-81
119900217,16,80,-64
119900218,116,130,-14
119900219,33,214,-181
119900220,19,125,-106
119900221,54,443,-389
119900222,29,393,-364
119900223,24,136,-112
119900224,26,53,-27
119900225,1492,102,1390
119900226,816,2385,-1569
119900227,1652,512,1140
119900228,597,552,45
119900229,464,612,-148
119900230,2420,1005,1415
119900231,302,284,18
119900232,404,191,213
119900233,161,17,144
119900234,48,152,-104
119900235,44,102,-58
119900236,118,327,-209
119900237,115,959,-844
119900238,8,101,-93
119900240,173,246,-73
119900241,224,424,-200
119900242,2354,2299,55
119900244,1048,2025,-977
119900245,274,291,-17
119900246,452,889,-437
119900247,37,147,-110
119900248,113,266,-153
119900249,341,144,197
119900253,4218,621,3597
119900254,133,828,-695
119900255,170,724,-554
119900256,738,1562,-824
119900257,73,8,65
119900258,220,24,196
119900259,19,264,-245
119900260,212,9,203
119900261,523,277,246
119900262,3,314,-311
119900263,1270,683,587
119900264,103,341,-238
119900265,901,553,348
119900266,417,489,-72
119900267,358,789,-431
119900268,395,277,118
119900269,1481,2014,-533
119900271,54,178,-124
119900272,582,175,407
119900275,210,39,171
119900276,26,0,26
119900277,8,11,-3
119900278,458,131,327
119900279,230,723,-493
119900280,1115,349,766
119900281,0,267,-267
119900282,125,133,-8
119900283,19,437,-418
119900284,56,286,-230
119900285,417,381,36
119900286,166,179,-13
119900288,4,27,-23
119900289,0,60,-60
119900290,4,43,-39
119900291,1,103,-102
119900292,56,50,6
119900293,46,7,39
119900294,51,7,44
119900295,15,1,14
119900296,134,61,73
119900299,228,287,-59
119900300,909,338,571
119900301,258,71,187
119900302,258,148,110
119900303,547,474,73
119900304,282,79,203
119900305,21,198,-177
119900306,28,9,19
119900307,88,190,-102
119900308,27,51,-24
119900309,67,175,-108
119900310,430,455,-25
119900311,100,185,-85
119900312,162,138,24
119900313,384,492,-108
119900314,235,616,-381
119900315,1451,2970,-1519
119900318,29,40,-11
119900319,18,415,-397
119900320,293,857,-564
119900321,85,6,79
119900322,124,98,26
119900323,5,158,-153
119900324,12,58,-46
119900325,19,423,-404
119900326,7,7,0
120000001,8419,15783,-7364
120000002,3316,3780,-464
120000003,4671,2269,2402
120000004,3619,3024,595
120000005,6145,2887,3258
120000006,1559,1921,-362
120000007,5170,4242,928
120000008,1224,1855,-631
120000009,4585,1332,3253
120000010,2286,3647,-1361
120000011,1702,2697,-995
120000012,1882,3787,-1905
120000013,3506,3712,-206
120000014,902,1943,-1041
120000015,3046,1962,1084
120000016,3953,2736,1217
120000017,5322,2916,2406
120000018,4982,12235,-7253
120000019,1171,1731,-560
120000020,3945,3958,-13
120000021,2464,2920,-456
120000022,3508,4783,-1275
120000023,1155,2185,-1030
120000024,1709,3177,-1468
120000025,2910,2798,112
120000026,1942,2095,-153
120000027,2193,2462,-269
120000028,1052,891,161
120000029,5338,912,4426
120000030,3761,1234,2527
120000031,3238,9126,-5888
120000032,10936,6001,4935
120000033,6113,2990,3123
120000034,2130,3034,-904
120000035,2117,2713,-596
120000036,3412,6527,-3115
120000037,902,1837,-935
120000038,9774,5023,4751
120000039,756,1240,-484
120000040,737,369,368
120000041,2361,2040,321
120000042,3698,3378,320
120000043,6452,2621,3831
120000044,5831,2566,3265
120000045,5984,1662,4322
120000046,3226,3518,-292
120000047,1777,6287,-4510
120000048,10110,5298,4812
120000049,3626,3690,-64
120000050,5023,5301,-278
120000051,4130,5840,-1710
120000052,11867,3152,8715
120000053,1409,3734,-2325
120000054,1826,5775,-3949
120000055,2352,6675,-4323
120000056,4781,5192,-411
120000057,4173,975,3198
120000058,4129,842,3287
120000059,86,2320,-2234
120000061,165,808,-643
120000062,278,437,-159
120000063,2152,3713,-1561
120000064,273,1753,-1480
120000065,1717,2522,-805
120000066,613,820,-207
120000067,253,696,-443
120000068,240,1333,-1093
120000069,797,1836,-1039
120000070,87,1168,-1081
120000071,444,249,195
120000072,809,629,180
120000073,900,124,776
120000074,626,139,487
120000075,1543,532,1011
120000076,5138,635,4503
120000077,2905,780,2125
120000078,4325,1476,2849
120000079,284,257,27
120000080,181,329,-148
120000081,467,268,199
120000082,252,294,-42
120000083,104,680,-576
120000084,519,524,-5
120000085,483,519,-36
120000086,465,716,-251
120000087,250,1010,-760
120000088,1146,1749,-603
120000089,1407,1063,344
120000090,941,780,161
120000091,1549,1598,-49
120000092,1665,957,708
120000093,551,683,-132
120000094,178,996,-818
120000095,1160,799,361
120000096,306,1319,-1013
120000098,1572,1274,298
120000099,784,1174,-390
120000100,1005,1357,-352
120000101,642,745,-103
120000102,684,993,-309
120000103,1799,1091,708
120000104,1936,630,1306
120000105,2988,930,2058
120000106,2920,968,1952
120000107,4154,905,3249
120000108,1478,186,1292
120000109,1380,106,1274
120000110,126,1263,-1137
120000111,266,1629,-1363
120000112,1064,4309,-3245
120000113,911,3072,-2161
120000114,1151,4045,-2894
120000115,435,3353,-2918
120000116,1080,2843,-1763
120000117,1533,2194,-661
120000118,52,24,28
120000119,28,89,-61
120000120,109,71,38
120000121,43,84,-41
120000122,345,456,-111
120000123,7651,5866,1785
120000124,555,494,61
120000125,667,1005,-338
120000126,442,928,-486
120000127,3950,1258,2692
120000128,4599,4302,297
120000129,360,376,-16
120000130,1131,795,336
120000131,370,755,-385
120000134,534,1656,-1122
120000135,608,661,-53
120000137,384,2399,-2015
120000138,871,834,37
120000139,443,1131,-688
120000140,844,845,-1
120000141,729,783,-54
120000142,897,885,12
120000143,4,226,-222
120000144,138,1,137
120000145,385,5,380
120000146,1876,1179,697
120000149,925,1713,-788
120000150,5345,15811,-10466
120000151,517,731,-214
120000152,849,352,497
120000153,439,862,-423
120000154,626,609,17
120000155,130,372,-242
120000156,1400,1515,-115
120000157,1328,1231,97
120000158,1211,1194,17
120000159,2366,3454,-1088
120000160,2931,1886,1045
120000161,2446,3096,-650
120000162,128,288,-160
120000163,945,1934,-989
120000164,562,698,-136
120000165,674,1450,-776
120000166,1638,1104,534
120000167,85,112,-27
120000168,13,406,-393
120000169,59,1055,-996
120000170,53,584,-531
120000171,22,283,-261
120000172,72,120,-48
120000173,2563,539,2024
120000174,1080,22,1058
120000175,688,19,669
120000176,638,36,602
120000177,2102,142,1960
120000178,324,18,306
120000179,780,45,735
120000180,1672,87,1585
120000181,253,737,-484
120000182,102,400,-298
120000183,23,347,-324
120000184,179,1137,-958
120000186,92,203,-111
120000187,54,160,-106
120000188,279,223,56
120000190,1739,38,1701
120000191,2147,46,2101
120000192,1837,24,1813
120000193,614,7,607
120000195,137,10,127
120000196,638,59,579
120000197,189,205,-16
120000198,262,158,104
120000199,135,0,135
120000200,174,2,172
120000201,17,39,-22
120000202,0,67,-67
120000203,67,361,-294
120000207,3,111,-108
120000208,5,319,-314
120000209,6,104,-98
120000210,153,147,6
120000211,146,2,144
120000212,153,4,149
120000213,186,487,-301
120000214,1,586,-585
120000215,5,211,-206
120000216,91,26,65
120000217,1010,1399,-389
120000218,232,1077,-845
120000219,14,652,-638
120000220,18,2389,-2371
120000225,1946,6,1940
120000226,431,6,425
120000227,946,60,886
120000228,8802,3927,4875
120000230,420,25,395
120000231,1553,3072,-1519
120000233,406,46,360
120000235,326,894,-568
120000236,1496,14,1482
120000237,3,1784,-1781
120000238,2,434,-432
120000241,1572,4414,-2842
120000412,1442,34,1408
120000413,427,243,184
120000414,132,6,126
120000415,0,148,-148
120000416,329,10,319
120000417,6,132,-126
120000418,232,17,215
120000419,10,369,-359
120000420,60,71,-11
120000421,15079,8285,6794
120000422,206,1343,-1137
120000423,7,80,-73
120000424,104,247,-143
120000436,161,816,-655
120000437,188,195,-7
120000438,4098,396,3702
120000439,306,644,-338
120000443,241,0,241
120000444,1685,937,748
120000445,2368,1435,933
120000446,901,312,589
120000447,340,2,338
120000449,99,14,85
120000450,2,308,-306
120000451,220,292,-72
120000452,162,2,160
120000453,2,414,-412
120000454,115,72,43
120000455,103,50,53
120000456,3233,4614,-1381
120000457,1833,872,961
120000458,861,1052,-191
120000459,179,96,83
120000665,2078,274,1804
120000668,173,509,-336
120000669,83,238,-155
120000670,299,522,-223
120000671,1919,582,1337
120000672,144,789,-645
120900001,119,109,10
120900002,703,720,-17
120900003,497,41,456
120900004,35,83,-48
120900005,74,1517,-1443
120900006,565,333,232
120900007,158,155,3
120900008,259,1814,-1555
120900009,756,48,708
120900010,606,101,505
120900011,468,255,213
120900012,724,1555,-831
120900013,521,175,346
120900014,4,987,-983
120900015,1870,137,1733
120900016,775,112,663
120900017,3159,130,3029
120900018,172,772,-600
120900019,808,342,466
120900020,1088,1450,-362
120900021,724,255,469
120900022,50,499,-449
120900023,385,71,314
120900024,2724,747,1977
120900025,2524,1401,1123
120900026,407,332,75
120900027,1040,41,999
120900028,415,96,319
120900029,265,507,-242
120900030,1554,884,670
120900031,319,142,177
120900032,1095,209,886
120900033,1385,79,1306
120900034,32,2870,-2838
120900035,74,270,-196
120900037,321,14,307
120900038,72,287,-215
120900039,123,47,76
120900040,352,11,341
120900041,243,58,185
120900042,645,84,561
120900043,151,60,91
120900044,12,485,-473
120900045,242,225,17
120900046,638,2,636
120900047,258,119,139
120900048,116,33,83
120900049,432,10,422
120900050,3630,1754,1876
120900051,390,201,189
120900052,765,9,756
120900053,381,156,225
120900054,2418,929,1489
120900055,410,1,409
120900056,524,25,499
120900057,176,21,155
120900058,555,2,553
120900059,118,5,113
120900060,99,37,62
120900061,417,511,-94
120900062,240,31,209
120900063,550,9,541
120900064,543,1,542
120900065,544,22,522
120900066,387,524,-137
120900067,230,56,174
120900068,313,2,311
120900069,199,77,122
120900071,56,6,50
120900072,790,8,782
120900073,522,301,221
120900074,686,6,680
120900076,371,4,367
120900077,4919,674,4245
120900078,740,1057,-317
120900079,744,144,600
120900080,762,2547,-1785
120900081,1093,1169,-76
120900082,829,881,-52
120900083,76,4,72
120900084,323,492,-169
120900085,157,189,-32
120900086,190,440,-250
120900087,446,379,67
120900088,264,458,-194
120900089,4914,3150,1764
120900090,249,271,-22
120900091,642,1074,-432
120900092,1859,787,1072
120900093,3677,357,3320
120900094,679,306,373
120900095,722,47,675
120900096,81,333,-252
120900097,1015,1112,-97
120900098,489,355,134
120900099,93,149,-56
120900100,187,440,-253
120900101,1142,535,607
120900102,60,113,-53
120900103,66,317,-251
120900104,55,75,-20
120900105,87,850,-763
120900106,1984,882,1102
120900107,372,236,136
120900108,2,969,-967
120900109,86,979,-893
120900110,12,951,-939
120900111,232,601,-369
120900112,19,1410,-1391
120900113,36,1296,-1260
120900114,94,238,-144
120900115,235,373,-138
120900116,409,702,-293
120900117,3,757,-754
120900118,34,1040,-1006
120900119,4806,7511,-2705
120900120,138,817,-679
120900121,336,805,-469
120900122,536,751,-215
120900123,10,570,-560
120900124,8,826,-818
120900125,21,1214,-1193
120900126,2659,1891,768
120900127,18,647,-629
120900128,1470,2000,-530
120900129,114,570,-456
120900130,5,673,-668
120900131,87,233,-146
120900132,951,468,483
120900133,308,1397,-1089
120900134,1020,686,334
120900135,22,866,-844
120900136,75,257,-182
120900137,345,192,153
120900138,27,303,-276
120900139,9,1019,-1010
120900140,5,110,-105
120900141,308,274,34
120900142,39,775,-736
120900143,4,1361,-1357
120900144,0,259,-259
120900145,885,1156,-271
120900146,5,1582,-1577
120900147,4,801,-797
120900148,148,167,-19
120900149,0,414,-414
120900150,71,783,-712
120900151,2,854,-852
120900152,8,67,-59
120900153,23,143,-120
120900154,3,350,-347
120900155,251,1471,-1220
120900156,57,440,-383
120900157,63,310,-247
120900158,146,849,-703
120900159,78,246,-168
120900160,76,876,-800
120900161,26,672,-646
120900162,17,767,-750
120900163,42,549,-507
120900164,0,14,-14
120900165,3,25,-22
120900166,162,396,-234
120900167,677,219,458
120900169,101,607,-506
120900170,2157,2973,-816
120900171,1618,523,1095
120900172,2372,768,1604
120900173,2,100,-98
120900174,12,161,-149
120900175,409,265,144
120900176,20,449,-429
120900177,3,1296,-1293
120900178,0,491,-491
120900179,1463,753,710
120900180,129,157,-28
120900181,282,79,203
120900182,26,414,-388
120900183,328,115,213
120900184,218,164,54
120900185,21,573,-552
120900186,2,615,-613
120900187,589,1298,-709
120900188,245,13,232
120900189,210,1378,-1168
120900190,96,12,84
120900191,12,37,-25
120900192,15076,8055,7021
120900194,53,155,-102
120900195,173,414,-241
120900196,1075,57,1018
120900197,964,155,809
120900198,386,790,-404
120900199,748,2595,-1847
120900200,165,156,9
120900201,760,274,486
120900202,3,240,-237
120900203,43,132,-89
120900204,169,414,-245
120900205,69,72,-3
120900206,33,97,-64
121000001,1002,1346,-344
121000002,2723,1767,956
121000003,3970,2505,1465
121000004,3754,5031,-1277
121000005,2433,3646,-1213
121000006,4794,2080,2714
121000007,3613,3661,-48
121000008,7066,4331,2735
121000009,8355,7425,930
121000010,11030,7405,3625
121000011,13865,16837,-2972
121000012,22612,14144,8468
121000013,6399,9327,-2928
121000014,8051,7508,543
121000015,5735,8901,-3166
121000016,5560,4347,1213
121000017,2722,5192,-2470
121000018,3312,2651,661
121000019,25865,16318,9547
121000020,18245,20841,-2596
121000021,4907,4141,766
121000022,5632,3573,2059
121000023,7689,4633,3056
121000024,7537,6802,735
121000025,840,1879,-1039
121000026,396,199,197
121000027,2055,1560,495
121000028,1033,704,329
121000029,1309,972,337
121000030,798,708,90
121000031,846,847,-1
121000032,336,141,195
121000034,724,254,470
121000035,343,141,202
121000036,1340,1124,216
121000037,764,765,-1
121000038,822,1155,-333
121000039,703,752,-49
121000041,968,661,307
121000042,553,514,39
121000043,971,888,83
121000044,2058,1144,914
121000045,816,440,376
121000046,1073,1393,-320
121000047,484,143,341
121000049,2675,892,1783
121000050,575,1397,-822
121000051,1047,428,619
121000052,667,944,-277
121000053,588,147,441
121000054,68,511,-443
121000055,1812,1559,253
121000056,1078,1510,-432
121000057,597,840,-243
121000058,496,265,231
121000059,2826,2045,781
121000060,790,1494,-704
121000061,233,349,-116
121000062,332,495,-163
121000063,1347,931,416
121000064,1012,1283,-271
121000065,584,728,-144
121000066,801,916,-115
121000067,1321,716,605
121000068,1149,659,490
121000069,1704,928,776
121000070,2780,1899,881
121000071,2213,1685,528
121000072,2791,1124,1667
121000073,2179,1386,793
121000074,367,180,187
121000075,123,451,-328
121000076,1956,585,1371
121000077,232,207,25
121000078,146,190,-44
121000080,3078,963,2115
121000081,5529,4081,1448
121000082,126,374,-248
121000083,286,190,96
121000084,215,203,12
121000085,462,655,-193
121000086,266,1104,-838
121000087,118,460,-342
121000088,641,903,-262
121000089,812,543,269
121000090,790,552,238
121000091,2206,1177,1029
121000092,255,121,134
121000093,254,351,-97
121000094,733,1207,-474
121000095,447,960,-513
121000096,2785,3597,-812
121000097,1699,2812,-1113
121000098,782,1539,-757
121000099,809,969,-160
121000100,1080,664,416
121000101,510,414,96
121000102,399,511,-112
121000103,349,390,-41
121000104,423,298,125
121000105,572,446,126
121000106,420,576,-156
121000107,2671,4398,-1727
121000109,1868,1354,514
121000110,652,885,-233
121000114,3437,2613,824
121000115,1377,1038,339
121000116,348,1227,-879
121000117,861,320,541
121000118,1508,316,1192
121000119,597,487,110
121000120,435,694,-259
121000121,768,1550,-782
121000123,2647,871,1776
121000126,166,405,-239
121000127,349,133,216
121000128,1444,667,777
121000129,1233,893,340
121000130,801,1322,-521
121000131,3824,2824,1000
121000132,2501,2430,71
121000135,733,1123,-390
121000136,2971,1069,1902
121000137,727,371,356
121000138,1914,1181,733
121000139,1101,358,743
121000141,388,284,104
121000142,1088,1414,-326
121000143,150,40,110
121000144,1755,2580,-825
121000145,907,1671,-764
121000146,1603,1161,442
121000147,1286,789,497
121000148,1253,1679,-426
121000149,2694,1820,874
121000152,890,747,143
121000153,2611,1005,1606
121000154,1204,989,215
121000155,1622,1524,98
121000156,532,1182,-650
121000157,1428,2648,-1220
121000158,626,671,-45
121000159,187,609,-422
121000160,382,612,-230
121000161,216,452,-236
121000162,153,348,-195
121000165,2284,2256,28
121000166,26,732,-706
121000168,641,395,246
121000169,115,257,-142
121000170,458,173,285
121000171,104,235,-131
121000172,1181,697,484
121000173,1785,1464,321
121000174,501,522,-21
121000175,1103,508,595
121000176,474,316,158
121000177,1427,868,559
121000178,142,88,54
121000179,243,99,144
121000181,594,659,-65
121000182,179,301,-122
121000183,185,108,77
121000184,542,225,317
121000185,58,197,-139
121000186,338,621,-283
121000187,312,331,-19
121000188,289,321,-32
121000192,1156,528,628
121000193,885,743,142
121000194,3203,3104,99
121000195,316,1015,-699
121000196,1104,307,797
121000197,294,1017,-723
121000198,353,144,209
121000199,220,539,-319
121000200,755,101,654
121000201,23,282,-259
121000202,1345,180,1165
121000203,1250,3083,-1833
121000204,2902,1003,1899
121000205,293,402,-109
121000206,358,48,310
121000207,3333,507,2826
121000208,29,519,-490
121000209,536,459,77
121000210,757,594,163
121000211,363,182,181
121000212,433,831,-398
121000213,11749,3996,7753
121000214,1057,3126,-2069
121000215,1477,1297,180
121000216,546,842,-296
121000217,5273,3212,2061
121000218,671,1969,-1298
121000219,2127,537,1590
121000220,262,75,187
121000221,206,240,-34
121000222,3053,2706,347
121000223,751,435,316
121000224,527,161,366
121000225,2404,1866,538
121000226,6718,1320,5398
121000227,8,168,-160
121000228,22,789,-767
121000229,377,466,-89
121000230,62,1777,-1715
121000231,1333,59,1274
121000232,445,397,48
121000233,792,612,180
121000234,53,52,1
121000235,119,87,32
121000236,8,91,-83
121000237,43,17,26
121000238,9,121,-112
121000239,77,7,70
121000240,20,268,-248
121000241,156,16,140
121000242,53,334,-281
121000243,475,149,326
121000244,10,124,-114
121000245,93,17,76
121000246,1,132,-131
121000247,158,7,151
121000248,1435,650,785
121000249,182,376,-194
121000250,1010,235,775
121000251,26,579,-553
121000252,123,92,31
121000253,636,564,72
121000254,1023,352,671
121000255,633,280,353
121000256,932,373,559
121000257,235,110,125
121000258,351,67,284
121000259,126,116,10
121000260,186,155,31
121000261,220,54,166
121000262,1481,1446,35
121000263,782,608,174
121000271,475,1950,-1475
121000273,145,11,134
121000274,19,38,-19
121000275,4,12,-8
121000276,10,18,-8
121000278,79,65,14
121000279,102,21,81
121000280,168,60,108
121000289,341,31,310
121000290,1555,1112,443
121000294,218,270,-52
121000297,1125,1447,-322
121000299,339,482,-143
121000300,1043,894,149
121000302,129,1696,-1567
121000303,576,645,-69
121000304,714,68,646
121000305,235,45,190
121000306,129,156,-27
121000308,255,486,-231
121000309,537,675,-138
121000310,148,466,-318
121000311,102,1187,-1085
121000312,506,312,194
121000313,463,669,-206
121000314,163,187,-24
121000315,76,133,-57
121000530,1562,1727,-165
121000531,3371,1838,1533
121000532,8257,8787,-530
121000533,3709,4169,-460
121000918,87,230,-143
121000919,81,51,30
121000938,157,394,-237
121000939,331,406,-75
121000956,1611,1703,-92
121000957,9,19,-10
121000958,152,56,96
121000959,839,1046,-207
121000960,3716,2814,902
121000961,294,168,126
121000962,386,804,-418
121000973,0,198,-198
121000976,37,319,-282
121000979,679,239,440
121000981,390,337,53
121000982,353,166,187
121000983,525,556,-31
121000984,143,105,38
121000985,805,732,73
121000986,703,318,385
121000987,290,1215,-925
121000988,848,192,656
121001302,413,167,246
121001308,16,24,-8
121001309,128,147,-19
121001313,299,279,20
121001314,2950,4367,-1417
121001315,5119,3167,1952
121900001,185,245,-60
121900002,78,28,50
121900003,629,25,604
121900004,318,528,-210
121900005,28,6,22
121900006,179,53,126
121900007,2659,3686,-1027
121900008,3647,1139,2508
121900009,726,30,696
121900010,314,10,304
121900011,485,647,-162
121900012,12,0,12
121900013,1937,113,1824
121900014,1551,527,1024
121900015,290,363,-73
121900016,6,58,-52
121900017,1197,643,554
121900018,435,11,424
121900019,556,358,198
121900020,24,4,20
121900021,977,18,959
121900022,406,330,76
121900023,177,437,-260
121900024,541,135,406
121900025,870,524,346
121900026,469,74,395
121900027,642,240,402
121900028,351,27,324
121900029,170,293,-123
121900030,611,674,-63
121900031,1487,7603,-6116
121900032,191,157,34
121900033,234,216,18
121900034,471,101,370
121900035,3673,3304,369
121900036,81,403,-322
121900037,294,1148,-854
121900038,54,234,-180
121900039,552,84,468
121900040,105,136,-31
121900041,140,232,-92
121900042,460,142,318
121900043,24,17,7
121900044,226,70,156
121900046,555,554,1
121900047,233,85,148
121900048,57,206,-149
121900050,43,70,-27
121900051,237,236,1
121900052,289,67,222
121900053,1243,484,759
121900054,655,1307,-652
121900055,14,34,-20
121900058,273,244,29
121900059,726,292,434
121900060,279,407,-128
121900061,1010,302,708
121900062,266,197,69
121900063,1788,457,1331
121900064,424,865,-441
121900066,116,48,68
121900067,130,98,32
121900069,240,222,18
121900070,416,155,261
121900071,407,486,-79
121900072,70,213,-143
121900073,375,284,91
121900074,1214,1426,-212
121900075,586,531,55
121900076,505,844,-339
121900077,27,66,-39
121900078,301,101,200
121900079,3,2,1
121900080,1332,649,683
121900082,106,132,-26
121900084,36,215,-179
121900085,3,31,-28
121900086,21,83,-62
121900087,309,137,172
121900088,3229,4785,-1556
121900089,194,515,-321
121900090,135,140,-5
121900091,82,202,-120
121900092,162,134,28
121900093,112,103,9
121900094,32,9,23
121900095,284,196,88
121900096,2003,1337,666
121900097,752,413,339
121900098,6,14,-8
121900099,298,96,202
121900100,406,636,-230
121900101,189,196,-7
121900102,15,234,-219
121900103,1339,427,912
121900104,2062,445,1617
121900105,322,342,-20
121900106,17,11,6
121900107,47,65,-18
121900108,4,62,-58
121900109,352,235,117
121900110,610,1281,-671
121900111,1564,237,1327
121900112,305,224,81
121900113,67,479,-412
121900114,146,154,-8
121900117,875,103,772
121900118,2722,790,1932
121900119,250,133,117
121900120,78,1981,-1903
121900121,747,80,667
121900122,39,115,-76
121900123,343,525,-182
121900124,348,247,101
121900125,2495,1587,908
121900127,17,132,-115
121900128,103,195,-92
121900129,1139,265,874
121900130,185,326,-141
121900131,677,114,563
121900132,108,194,-86
121900133,131,829,-698
121900134,53,255,-202
121900135,3591,534,3057
121900136,700,527,173
121900137,80,494,-414
121900138,215,302,-87
121900139,417,654,-237
121900140,90,330,-240
121900141,72,56,16
121900142,253,279,-26
121900143,36,282,-246
121900144,163,400,-237
121900145,319,351,-32
121900146,785,1175,-390
121900147,136,230,-94
121900148,298,389,-91
121900149,500,975,-475
121900150,88,214,-126
121900151,123,289,-166
121900152,153,178,-25
121900153,228,998,-770
121900154,11,275,-264
121900155,2,253,-251
121900156,206,166,40
121900157,3,568,-565
121900158,116,147,-31
121900159,1,354,-353
121900160,14,396,-382
121900161,534,436,98
121900162,105,254,-149
121900163,447,891,-444
121900164,603,322,281
121900165,385,262,123
121900166,288,235,53
121900167,145,157,-12
121900168,220,307,-87
121900169,3,306,-303
121900170,10,263,-253
121900171,1198,812,386
121900172,723,397,326
121900173,1331,314,1017
121900174,54,138,-84
121900175,274,294,-20
121900176,816,1886,-1070
121900177,288,116,172
121900178,65,60,5
121900179,572,259,313
121900180,5715,5229,486
121900182,802,340,462
121900183,1084,1075,9
121900184,114,1039,-925
121900186,11,429,-418
121900187,81,322,-241
121900188,690,691,-1
121900189,59,197,-138
121900190,431,615,-184
121900191,171,260,-89
121900192,437,893,-456
121900193,91,218,-127
121900194,13,248,-235
121900195,127,157,-30
121900196,1204,1475,-271
121900197,679,1997,-1318
121900198,1518,1259,259
121900199,7,27,-20
121900200,95,447,-352
121900201,1602,1166,436
121900202,224,864,-640
121900203,397,1343,-946
121900204,1152,1573,-421
121900205,26,151,-125
121900206,24,39,-15
121900207,212,55,157
121900208,376,383,-7
121900209,124,84,40
121900210,1700,1382,318
121900211,23,144,-121
121900212,341,197,144
121900213,229,112,117
121900214,6,668,-662
121900215,77,186,-109
121900216,91,232,-141
121900217,375,215,160
121900218,300,490,-190
121900220,310,16,294
121900221,357,1064,-707
121900222,275,241,34
121900223,212,81,131
121900224,102,61,41
121900225,197,119,78
121900226,382,1884,-1502
121900227,468,805,-337
121900228,342,612,-270
121900230,189,450,-261
121900231,840,2522,-1682
121900232,466,480,-14
121900233,313,420,-107
121900234,389,417,-28
121900235,691,266,425
121900236,567,292,275
121900237,357,442,-85
121900238,223,420,-197
121900239,496,81,415
121900240,461,248,213
121900241,67,114,-47
121900242,13,0,13
121900243,32,0,32
121900244,85,3,82
121900245,234,136,98
121900246,2395,415,1980
121900247,558,382,176
121900248,2197,1814,383
121900250,418,334,84
121900251,433,87,346
121900252,823,199,624
121900253,170,851,-681
121900254,681,399,282
121900255,373,143,230
121900258,3966,3000,966
121900259,548,732,-184
121900260,179,311,-132
121900261,246,784,-538
121900262,526,1157,-631
121900263,456,416,40
121900264,2545,2160,385
121900265,377,369,8
121900266,565,237,328
121900267,106,55,51
121900269,302,934,-632
121900270,36,307,-271
121900271,85,239,-154
121900273,545,2168,-1623
121900274,342,371,-29
121900277,798,1553,-755
121900278,196,1171,-975
121900279,239,268,-29
121900280,220,461,-241
121900281,1016,484,532
121900284,203,11,192
121900286,1197,192,1005
121900287,30,84,-54
121900288,7,2,5
121900290,241,438,-197
121900291,425,756,-331
121900292,227,172,55
121900293,1375,3381,-2006
121900294,331,9,322
121900295,169,313,-144
121900296,172,194,-22
121900298,333,791,-458
121900299,2,2,0
121900300,202,14,188
121900301,112,15,97
121900302,0,35,-35
121900303,527,417,110
121900304,0,17,-17
121900305,21,17,4
121900306,202,6,196
121900307,103,23,80
121900308,64,439,-375
121900309,23,385,-362
121900310,44,713,-669
121900311,512,62,450
121900312,460,21,439
121900313,518,38,480
121900314,4,95,-91
121900315,13,2,11
121900316,0,17,-17
121900317,26,1,25
121900318,8,49,-41
121900319,30,233,-203
121900320,74,102,-28
121900321,7,13,-6
121900322,14,30,-16
121900323,22,14,8
121900324,11,71,-60
121900325,11,1,10
121900326,20,20,0
121900327,17,89,-72
121900328,1,49,-48
121900329,4,287,-283
121900330,0,15,-15
121900331,97,39,58
121900332,119,41,78
121900333,19,9,10
122000001,3264,5724,-2460
122000002,6755,2496,4259
122000003,3684,3239,445
122000004,4867,2218,2649
122000005,3279,2214,1065
122000006,2630,1105,1525
122000007,1591,2346,-755
122000008,6036,6835,-799
122000009,667,476,191
122000010,2788,3564,-776
122000011,4219,2003,2216
122000012,1636,1811,-175
122000013,1845,1171,674
122000014,1647,1469,178
122000015,1914,1389,525
122000016,714,1211,-497
122000017,1461,1343,118
122000018,1812,1474,338
122000019,989,1449,-460
122000020,268,285,-17
122000021,432,663,-231
122000022,1683,1451,232
122000023,871,2543,-1672
122000024,1019,1568,-549
122000025,1524,2053,-529
122000026,1659,1339,320
122000027,800,3197,-2397
122000028,1109,621,488
122000029,661,608,53
122000030,469,205,264
122000031,247,300,-53
122000032,2079,2486,-407
122000033,978,1420,-442
122000034,995,791,204
122000035,431,957,-526
122000036,812,767,45
122000037,508,345,163
122000038,315,528,-213
122000039,943,594,349
122000040,502,370,132
122000041,650,717,-67
122000042,435,601,-166
122000043,184,195,-11
122000044,189,201,-12
122000045,1605,611,994
122000046,995,935,60
122000047,369,278,91
122000048,5534,6041,-507
122000049,7848,4212,3636
122000050,2002,1026,976
122000051,449,368,81
122000052,1009,470,539
122000053,262,834,-572
122000054,3353,2679,674
122000055,3148,3622,-474
122000056,6276,4474,1802
122000057,4496,4487,9
122000058,3914,1636,2278
122000059,4134,2171,1963
122000060,1018,835,183
122000061,968,709,259
122000062,1373,417,956
122000063,2042,813,1229
122000064,4097,3243,854
122000065,5502,3153,2349
122000066,1329,1128,201
122000067,2112,1532,580
122000068,1960,1515,445
122000069,1008,856,152
122000070,1192,2555,-1363
122000071,1899,1833,66
122000072,463,543,-80
122000073,449,731,-282
122000074,3680,2095,1585
122000075,1134,1583,-449
122000076,2808,1443,1365
122000077,1610,887,723
122000078,3179,2985,194
122000079,2231,1501,730
122000080,1023,487,536
122000081,286,447,-161
122000082,1107,996,111
122000083,1894,2742,-848
122000084,2038,1127,911
122000085,528,1903,-1375
122000086,2816,6102,-3286
122000087,756,243,513
122000088,524,710,-186
122000089,7808,3235,4573
122000090,334,618,-284
122000091,293,111,182
122000092,225,54,171
122000093,2291,1893,398
122000094,9211,3398,5813
122000095,5655,5119,536
122000096,4163,2114,2049
122000098,5147,2631,2516
122000099,2397,857,1540
122000100,1165,742,423
122000101,512,1016,-504
122000102,2537,1687,850
122000103,2919,2219,700
122000104,597,294,303
122000105,1343,405,938
122000106,716,906,-190
122000107,1450,580,870
122000108,702,1093,-391
122000109,528,433,95
122000110,710,708,2
122000111,3494,1753,1741
122000112,1088,1832,-744
122000113,780,841,-61
122000114,4355,1789,2566
122000115,2644,1875,769
122000116,842,719,123
122000117,2193,652,1541
122000118,918,1288,-370
122000119,5173,3986,1187
122000120,3276,7131,-3855
122000121,3551,5086,-1535
122000122,1115,2665,-1550
122000123,2676,2654,22
122000124,1528,962,566
122000125,966,1040,-74
122000126,980,1959,-979
122000127,1556,2078,-522
122000128,675,1327,-652
122000129,758,1783,-1025
122000130,4628,2049,2579
122000131,2278,2132,146
122000132,813,859,-46
122000133,1188,2303,-1115
122000134,1181,1114,67
122000135,992,1232,-240
122000136,1197,1091,106
122000137,2079,1472,607
122000139,1756,4663,-2907
122000140,1256,824,432
122000141,6025,1309,4716
122000142,638,1169,-531
122000143,766,879,-113
122000144,2631,2235,396
122000145,2441,1345,1096
122000146,1603,1745,-142
122000147,1083,583,500
122000148,2606,2730,-124
122000149,3212,2321,891
122000150,1705,1490,215
122000151,291,521,-230
122000152,576,721,-145
122000153,682,442,240
122000154,400,305,95
122000155,2612,3424,-812
122000156,3559,3021,538
122000157,2146,2614,-468
122000158,492,1005,-513
122000159,1509,2590,-1081
122000160,6215,3573,2642
122000161,1717,1625,92
122000162,3486,2564,922
122000163,383,145,238
122000164,59,120,-61
122000165,1222,828,394
122000166,1224,1330,-106
122000167,338,333,5
122000168,260,597,-337
122000169,480,288,192
122000170,512,404,108
122000171,66,108,-42
122000172,2096,1818,278
122000173,2146,2971,-825
122000174,3379,1287,2092
122000175,1304,477,827
122000176,382,870,-488
122000177,2052,1863,189
122000178,3400,3094,306
122000179,2147,2919,-772
122000180,2439,1833,606
122000181,2558,4304,-1746
122000182,2601,2276,325
122000183,2788,1358,1430
122000184,4179,2647,1532
122000185,1844,1879,-35
122000186,608,962,-354
122000187,2204,1346,858
122000188,643,299,344
122000189,360,471,-111
122000190,1360,1270,90
122000191,1075,994,81
122000192,1371,458,913
122000193,485,807,-322
122000194,910,255,655
122000195,230,600,-370
122000196,1815,852,963
122000197,754,979,-225
122000198,646,1004,-358
122000199,428,455,-27
122000200,1323,856,467
122000201,1839,1786,53
122000202,1707,1701,6
122000203,5487,2083,3404
122000204,2579,2943,-364
122000205,2292,2132,160
122000206,2824,1236,1588
122000207,2840,1831,1009
122000208,2896,1949,947
122000209,2584,460,2124
122000210,2736,2341,395
122000211,1959,1391,568
122000212,1056,747,309
122000213,1494,1792,-298
122000214,2863,2193,670
122000215,2553,2076,477
122000217,3008,1911,1097
122000218,827,90,737
122000219,1576,1281,295
122000220,513,974,-461
122000221,128,533,-405
122000222,858,218,640
122000223,2142,751,1391
122000225,1222,461,761
122000226,3300,2377,923
122000227,473,3041,-2568
122000228,815,569,246
122000229,50,647,-597
122000230,217,781,-564
122000231,954,1085,-131
122000232,1129,1460,-331
122000233,1,170,-169
122000234,558,209,349
122000235,1623,275,1348
122000236,1432,247,1185
122000237,190,145,45
122000238,639,467,172
122000239,1456,269,1187
122000240,1628,1027,601
122000241,1974,691,1283
122000242,1375,175,1200
122000243,775,64,711
122000244,66,365,-299
122000245,38,107,-69
122000246,111,121,-10
122000247,1454,387,1067
122000248,1427,2220,-793
122000249,2194,1408,786
122000250,3073,2033,1040
122000251,444,701,-257
122000252,695,295,400
122000253,113,427,-314
122000254,383,205,178
122000255,1106,2426,-1320
122000256,591,1510,-919
122000257,249,485,-236
122000258,446,436,10
122000259,30,646,-616
122000260,54,86,-32
122000261,24,283,-259
122000262,0,47,-47
122000263,478,188,290
122000264,1463,562,901
122000265,3161,1240,1921
122000266,5443,899,4544
122000267,460,201,259
122000268,218,590,-372
122000269,1192,515,677
122000270,952,225,727
122000271,466,1309,-843
122000272,473,1303,-830
122000273,600,532,68
122000274,339,273,66
122000275,282,282,0
122000276,1157,836,321
122000277,2020,1947,73
122000278,3025,1334,1691
122000279,321,745,-424
122000280,1455,1064,391
122000281,1356,1237,119
122000282,515,342,173
122000283,974,142,832
122000284,418,195,223
122000285,750,115,635
122000286,197,239,-42
122000287,2011,1900,111
122000288,892,456,436
122000291,2298,1226,1072
122000293,483,403,80
122000294,177,307,-130
122000295,2434,298,2136
122000296,134,703,-569
122000297,3908,3374,534
122000299,694,591,103
122000300,600,732,-132
122000301,14160,4419,9741
122000302,1198,2093,-895
122000303,4918,1985,2933
122000304,141,356,-215
122000305,1330,377,953
122000306,28,1004,-976
122000307,317,259,58
122000309,136,80,56
122000310,33,102,-69
122000311,432,203,229
122000312,199,128,71
122000313,174,73,101
122000314,169,253,-84
122000315,417,65,352
122000316,825,318,507
122000317,1653,291,1362
122000318,361,974,-613
122000319,300,548,-248
122000320,528,2182,-1654
122000321,136,278,-142
122000322,2980,2493,487
122000323,1925,2725,-800
122000324,1279,1332,-53
122000325,1191,1982,-791
122000326,68,158,-90
122000327,800,1099,-299
122000328,1317,951,366
122000330,2724,1083,1641
122000332,417,513,-96
122000333,12,114,-102
122000337,1325,2182,-857
122000338,628,727,-99
122000340,500,504,-4
122000342,2539,1370,1169
122000343,607,1442,-835
122000344,81,25,56
122000345,296,45,251
122000346,620,742,-122
122000348,1138,1114,24
122000349,193,1217,-1024
122000351,147,296,-149
122000352,583,179,404
122000353,128,145,-17
122000355,181,270,-89
122000356,1884,1501,383
122000357,152,33,119
122000358,0,92,-92
122000359,0,45,-45
122000360,0,75,-75
122000362,9,102,-93
122000364,235,492,-257
122000365,8,88,-80
122000366,37,17,20
122000368,606,847,-241
122000370,70,79,-9
122000371,33,2,31
122000372,22,2,20
122000381,150,456,-306
122000382,154,422,-268
122000384,3618,1760,1858
122000385,117,1,116
122000386,658,1784,-1126
122000387,882,802,80
122000388,1893,1038,855
122000389,252,780,-528
122000390,548,350,198
122000391,492,269,223
122000392,291,361,-70
122000393,308,239,69
122000394,910,443,467
122000395,246,255,-9
122000396,352,174,178
122000397,59,63,-4
122000398,69,52,17
122000399,187,110,77
122000400,229,652,-423
122000401,107,115,-8
122000402,348,137,211
122000403,651,1349,-698
122000404,240,400,-160
122000408,1092,1442,-350
122000503,21,159,-138
122000524,324,177,147
122000544,164,3578,-3414
122000616,536,4,532
122000640,112,216,-104
122000641,138,430,-292
122000642,1963,1315,648
122000643,76,161,-85
122000644,203,36,167
122000645,202,275,-73
122000651,2150,1011,1139
122000664,155,46,109
122000665,1675,882,793
122000666,906,1527,-621
122000673,37,344,-307
122000674,153,69,84
122000675,2077,1397,680
122000686,1133,1489,-356
122000687,2609,455,2154
122000688,403,1090,-687
122000689,1242,749,493
122000690,2412,798,1614
122000691,972,2741,-1769
122000692,2220,730,1490
122000693,918,2538,-1620
122000695,345,610,-265
122000696,449,460,-11
122000698,433,1092,-659
122000699,381,214,167
122000701,1562,517,1045
122000702,617,1471,-854
122000703,175,80,95
122000717,205,68,137
122000718,435,820,-385
122000719,166,150,16
122000720,521,374,147
122000724,178,36,142
122900001,65,20,45
122900002,1853,5778,-3925
122900003,531,107,424
122900004,1131,67,1064
122900005,211,61,150
122900006,2324,489,1835
122900007,423,102,321
122900008,1448,117,1331
122900009,1177,645,532
122900010,347,174,173
122900012,285,556,-271
122900014,264,491,-227
122900015,3665,1555,2110
122900016,110,390,-280
122900017,609,1273,-664
122900018,248,30,218
122900019,82,230,-148
122900020,658,558,100
122900021,141,894,-753
122900022,1200,1049,151
122900023,700,362,338
122900024,242,181,61
122900025,42,351,-309
122900026,110,577,-467
122900027,106,1100,-994
122900028,173,238,-65
122900029,5447,3689,1758
122900030,1350,853,497
122900031,175,291,-116
122900032,146,559,-413
122900033,405,212,193
122900034,5969,6576,-607
122900035,74,33,41
122900036,99,137,-38
122900037,408,163,245
122900038,187,4100,-3913
122900039,190,654,-464
122900040,448,568,-120
122900041,465,399,66
122900042,245,482,-237
122900043,551,287,264
122900044,113,414,-301
122900045,122,175,-53
122900046,373,217,156
122900047,231,260,-29
122900048,67,377,-310
122900049,1836,229,1607
122900051,113,194,-81
122900052,75,221,-146
122900053,52,41,11
122900055,631,193,438
122900057,398,92,306
122900061,801,371,430
122900062,772,1193,-421
122900063,254,485,-231
122900064,1707,697,1010
122900065,712,315,397
122900066,906,545,361
122900067,1922,1183,739
122900068,316,438,-122
122900069,922,2971,-2049
122900070,611,88,523
122900071,170,618,-448
122900072,25,716,-691
122900073,74,408,-334
122900074,884,953,-69
122900075,2,92,-90
122900076,13,254,-241
122900077,0,211,-211
122900078,372,177,195
122900080,82,48,34
122900081,366,256,110
122900082,996,443,553
122900083,270,381,-111
122900084,27,407,-380
122900086,39,167,-128
122900087,564,735,-171
122900088,45,192,-147
122900089,127,270,-143
122900090,24,669,-645
122900091,234,5,229
122900092,0,309,-309
122900093,0,371,-371
122900094,7,281,-274
122900095,241,17,224
122900096,416,225,191
122900097,47,44,3
122900098,155,187,-32
122900099,49,19,30
122900100,1218,300,918
122900101,710,365,345
122900102,36,44,-8
122900103,130,16,114
122900104,162,20,142
122900105,21,22,-1
122900106,13,133,-120
122900107,11,270,-259
122900108,14,301,-287
123000001,1971,547,1424
123000002,5207,5292,-85
123000003,4494,4537,-43
123000004,3634,5025,-1391
123000005,3441,3280,161
123000006,3063,3544,-481
123000007,5903,3313,2590
123000008,4804,4238,566
123000009,5667,3620,2047
123000010,4098,4225,-127
123000011,2760,930,1830
123000012,1132,2728,-1596
123000013,4678,1156,3522
123000014,1510,4110,-2600
123000015,5688,1114,4574
123000016,6634,5580,1054
123000017,3742,2380,1362
123000018,67,169,-102
123000019,425,366,59
123000020,219,195,24
123000021,148,381,-233
123000022,445,2745,-2300
123000023,2617,2005,612
123000024,1820,747,1073
123000025,298,352,-54
123000026,93,91,2
123000027,703,536,167
123000028,2883,393,2490
123000029,2248,947,1301
123000030,331,628,-297
123000031,316,463,-147
123000032,488,311,177
123000033,354,83,271
123000034,1533,1450,83
123000035,496,680,-184
123000036,442,1470,-1028
123000037,440,573,-133
123000038,135,237,-102
123000039,485,1527,-1042
123000040,1115,549,566
123000041,1583,1658,-75
123000042,1171,832,339
123000043,4282,9887,-5605
123000044,6314,3627,2687
123000045,12464,4197,8267
123000046,1196,1988,-792
123000047,3330,1474,1856
123000048,160,760,-600
123000049,9501,11667,-2166
123000050,1606,1784,-178
123000051,145,247,-102
123000052,1048,3901,-2853
123000053,3696,4230,-534
123000054,1917,2257,-340
123000055,1792,3031,-1239
123000056,2063,2712,-649
123000057,19130,9579,9551
123000058,1034,1220,-186
123000059,743,845,-102
123000060,1328,663,665
123000061,532,998,-466
123000063,1088,1097,-9
123000064,1320,427,893
123000065,9480,4309,5171
123000066,1147,902,245
123000067,1179,1026,153
123000068,3700,4133,-433
123000069,9755,4923,4832
123000070,444,993,-549
123000071,1271,1397,-126
123000072,1409,1513,-104
123000073,1382,1020,362
123000074,1214,1682,-468
123000075,501,1447,-946
123000076,1264,994,270
123000077,2368,3732,-1364
123000078,1833,1991,-158
123000079,1854,2435,-581
123000080,2760,2780,-20
123000081,229,659,-430
123000082,530,1462,-932
123000083,1161,324,837
123000084,666,665,1
123000085,348,171,177
123000086,629,396,233
123000087,458,499,-41
123000088,2621,1340,1281
123000089,630,1470,-840
123000090,1529,1226,303
123000091,1834,1830,4
123000092,1138,1523,-385
123000094,726,345,381
123000095,891,1056,-165
123000096,892,614,278
123000097,612,1049,-437
123000098,885,763,122
123000099,939,1023,-84
123000100,836,1044,-208
123000101,830,805,25
123000102,876,839,37
123000104,628,528,100
123000105,691,632,59
123000106,521,509,12
123000107,440,684,-244
123000108,814,1514,-700
123000111,1162,447,715
123000112,1321,935,386
123000113,697,2111,-1414
123000114,754,978,-224
123000115,436,385,51
123000116,40,185,-145
123000117,2960,2990,-30
123000118,537,1405,-868
123000119,379,1291,-912
123000120,1159,1228,-69
123000121,566,763,-197
123000122,345,253,92
123000123,562,737,-175
123000124,514,584,-70
123000125,1421,1413,8
123000126,1753,4665,-2912
123000127,1065,801,264
123000128,414,421,-7
123000129,816,351,465
123000130,730,142,588
123000131,933,753,180
123000132,509,811,-302
123000133,419,532,-113
123000134,499,214,285
123000135,2759,1692,1067
123000136,366,1262,-896
123000137,147,427,-280
123000138,138,596,-458
123000139,542,184,358
123000140,220,1143,-923
123000141,1121,211,910
123000142,1248,1312,-64
123000143,1918,2574,-656
123000144,68,58,10
123000145,544,187,357
123000146,54,138,-84
123000147,105,139,-34
123000149,429,578,-149
123000150,255,309,-54
123000151,422,510,-88
123000152,311,559,-248
123000153,381,857,-476
123000154,2328,2697,-369
123000155,3080,1775,1305
123000156,51,181,-130
123000157,757,1340,-583
123000158,869,1052,-183
123000159,4317,3080,1237
123000160,1289,942,347
123000161,2319,1505,814
123000162,1453,2311,-858
123000163,782,166,616
123000164,1900,489,1411
123000165,595,2450,-1855
123000166,53,253,-200
123000167,199,416,-217
123000168,388,327,61
123000169,932,194,738
123000170,90,321,-231
123000171,925,24,901
123000172,354,793,-439
123000173,743,367,376
123000174,1195,510,685
123000175,1122,1749,-627
123000176,1800,402,1398
123000177,572,1548,-976
123000178,885,208,677
123000179,55,878,-823
123000180,1899,509,1390
123000181,479,2237,-1758
123000182,333,713,-380
123000183,258,658,-400
123000184,273,1028,-755
123000185,1040,587,453
123000186,8,1002,-994
123000187,680,16,664
123000188,258,2,256
123000189,208,269,-61
123000190,72,94,-22
123000192,33,626,-593
123000193,85,1171,-1086
123000194,695,482,213
123000195,324,32,292
123000196,452,35,417
123000197,99,230,-131
123000198,109,466,-357
123000199,62,912,-850
123000200,777,20,757
123000201,1306,48,1258
123000202,42,1627,-1585
123000203,1185,117,1068
123000204,194,1695,-1501
123000205,787,2774,-1987
123000206,2302,319,1983
123000207,156,1259,-1103
123000208,780,267,513
123000209,2515,759,1756
123000210,762,2814,-2052
123000211,805,4014,-3209
123000212,3576,785,2791
123000213,789,116,673
123000215,162,178,-16
123000216,254,718,-464
123000217,265,60,205
123000218,129,1065,-936
123000219,1224,154,1070
123000220,1169,216,953
123000221,677,185,492
123000222,558,782,-224
123000223,413,574,-161
123000224,621,726,-105
123000225,799,124,675
123000226,130,536,-406
123000227,129,492,-363
123000228,466,126,340
123000229,1380,2405,-1025
123000232,240,829,-589
123000233,1085,299,786
123000234,243,964,-721
123000235,1234,503,731
123000236,445,1142,-697
123000237,423,156,267
123000238,169,795,-626
123000239,671,2293,-1622
123000240,82,577,-495
123000241,750,171,579
123000242,257,298,-41
123000243,928,1062,-134
123000244,1391,896,495
123000245,94,242,-148
123000249,306,804,-498
123000252,1001,396,605
123000253,1306,726,580
123000254,1116,1775,-659
123000255,1533,1273,260
123000256,56,392,-336
123000257,4257,3255,1002
123000258,1677,1536,141
123000259,434,557,-123
123000260,532,648,-116
123000261,328,307,21
123000262,113,285,-172
123000263,454,143,311
123000264,262,127,135
123000265,69,193,-124
123000266,843,1135,-292
123000267,835,474,361
123000268,100,82,18
123000269,64,73,-9
123000270,49,72,-23
123000271,111,107,4
123000272,919,394,525
123000273,299,861,-562
123000274,1372,752,620
123000275,507,1271,-764
123000278,4993,3494,1499
123000279,145,138,7
123000280,662,532,130
123000281,473,167,306
123000282,202,433,-231
123000283,115,65,50
123000284,73,145,-72
123000286,357,480,-123
123000287,665,388,277
123000288,1571,994,577
123000289,584,1730,-1146
123000291,429,1037,-608
123000294,194,267,-73
123000295,1216,1274,-58
123000296,637,515,122
123000297,722,959,-237
123000298,617,626,-9
123000299,47,208,-161
123000300,1163,990,173
123000301,178,284,-106
123000302,141,311,-170
123000303,205,147,58
123000305,1159,1058,101
123000306,188,288,-100
123000309,36,96,-60
123000310,66,38,28
123000311,5,146,-141
123000312,661,1328,-667
123000313,694,443,251
123000315,95,528,-433
123000316,1441,124,1317
123000317,297,93,204
123000318,73,345,-272
123000329,13,15,-2
123000337,895,300,595
123000338,1573,57,1516
123000339,273,247,26
123000340,243,816,-573
123000342,43,19,24
123000343,49,10,39
123000344,1854,843,1011
123000345,445,1047,-602
123000346,329,47,282
123000352,1977,1061,916
123000353,21,138,-117
123000354,643,24,619
123000355,6,732,-726
123000356,596,16,580
123000357,1,314,-313
123000359,10,248,-238
123000360,299,138,161
123000361,487,686,-199
123000362,609,194,415
123000363,132,324,-192
123000364,814,565,249
123000365,30,521,-491
123000366,650,2373,-1723
123000367,404,1746,-1342
123000370,105,371,-266
123000371,1736,48,1688
123000372,703,28,675
123000373,7,526,-519
123000374,73,329,-256
123000375,611,60,551
123000376,993,731,262
123000377,650,45,605
123000378,28,448,-420
123000379,35,317,-282
123000380,102,624,-522
123000381,178,60,118
123000382,1778,271,1507
123000383,268,1846,-1578
123000384,552,125,427
123000385,640,673,-33
123000436,46,1210,-1164
123000507,151,339,-188
123000508,185,1080,-895
123000517,421,66,355
123000518,34,364,-330
123000519,253,98,155
123000520,64,321,-257
123000521,398,106,292
123000522,211,592,-381
123000541,5,8,-3
123000542,0,22,-22
123000565,0,2,-2
123000566,1257,1086,171
123000567,158,357,-199
123000573,64,1214,-1150
123000574,1053,164,889
123000575,1514,1646,-132
123000576,1205,2114,-909
123000577,120,829,-709
123000578,848,120,728
123000579,3942,6156,-2214
123000580,47,16,31
123000582,576,47,529
123000583,35,528,-493
123000584,263,296,-33
123000585,0,225,-225
123000586,105,0,105
123000596,140,192,-52
123000597,126,161,-35
123000602,49,18,31
123000603,808,807,1
123000604,608,1155,-547
123000605,1164,189,975
123000606,0,437,-437
123000609,29,374,-345
123000610,296,236,60
123000613,36,291,-255
123000614,320,69,251
123000615,61,187,-126
123000616,1047,92,955
123000617,133,652,-519
123000618,116,888,-772
123000619,722,65,657
123000620,36,678,-642
123000622,490,32,458
123000624,184,53,131
123000630,1263,600,663
123000631,334,1790,-1456
123000632,1046,1229,-183
123000633,0,286,-286
123000634,93,156,-63
123000635,203,164,39
123000636,109,785,-676
123000637,256,134,122
123000638,724,57,667
123000639,1628,5211,-3583
123000640,21,992,-971
123900001,1833,89,1744
123900002,86,1936,-1850
123900003,519,586,-67
123900005,234,200,34
123900006,356,66,290
124000001,2664,173,2491
124000002,174,2282,-2108
124000003,1083,205,878
124000004,113,764,-651
124000005,1488,657,831
124000006,375,1648,-1273
124000007,854,190,664
124000008,75,874,-799
124000009,739,456,283
124000010,257,558,-301
124000011,2055,556,1499
124000012,516,800,-284
124000017,190,264,-74
124000018,117,134,-17
124000019,196,199,-3
124000020,78,341,-263
124000021,130,160,-30
124000022,102,312,-210
124000023,1833,1755,78
124000024,1304,673,631
124000025,1600,2105,-505
124000026,1358,1270,88
124000027,5819,6152,-333
124000028,3022,5012,-1990
124000030,3864,1793,2071
124000031,1469,3636,-2167
124000032,3754,1276,2478
124000033,140,901,-761
124000034,1610,790,820
124000035,70,280,-210
124000036,93,257,-164
124000037,1289,1392,-103
124000038,90,117,-27
124000039,1836,618,1218
124000040,932,1508,-576
124000041,833,114,719
124000042,224,604,-380
124000043,253,194,59
124000044,129,302,-173
124000045,992,885,107
124000046,435,834,-399
124000047,1638,1278,360
124000048,1287,1870,-583
124000049,2170,1058,1112
124000050,1157,2496,-1339
124000051,1059,740,319
124000052,836,1456,-620
124000053,707,1721,-1014
124000054,1184,907,277
124000055,1581,3140,-1559
124000056,3190,2100,1090
124000057,1225,719,506
124000058,632,1920,-1288
124000059,811,1416,-605
124000060,1560,1127,433
124000061,1849,5803,-3954
124000062,5528,2394,3134
124000063,1786,2142,-356
124000064,3484,1949,1535
124000065,24,814,-790
124000066,412,287,125
124000067,354,340,14
124000068,16,33,-17
124000069,206,31,175
124000070,152,168,-16
124000071,1533,153,1380
124000072,671,793,-122
124000073,1196,228,968
124000074,330,1078,-748
124000075,399,54,345
124000076,17,322,-305
124000077,2256,1052,1204
124000078,4545,1453,3092
124000079,735,1720,-985
124000080,1295,380,915
124000081,367,718,-351
124000082,75,234,-159
124000083,87,144,-57
124000084,40,375,-335
124000085,230,47,183
124000086,80,114,-34
124000087,393,109,284
124000088,347,585,-238
124000089,1117,571,546
124000090,159,435,-276
124000091,408,155,253
124000092,92,649,-557
124000093,104,168,-64
124000094,236,721,-485
124000095,121,208,-87
124000096,258,501,-243
124000097,144,260,-116
124000098,109,115,-6
124000099,328,167,161
124000100,49,134,-85
124000101,98,133,-35
124000102,155,118,37
124000103,104,131,-27
124000104,147,76,71
124000105,93,129,-36
124000106,200,82,118
124000107,27,207,-180
124000108,117,34,83
124000109,138,162,-24
124000110,255,181,74
124000111,216,187,29
124000112,769,840,-71
124000113,127,118,9
124000114,404,570,-166
124000115,511,827,-316
124000116,164,270,-106
124000117,72,99,-27
124000118,57,113,-56
124000119,1374,756,618
124000120,741,543,198
124000121,1861,957,904
124000122,776,1721,-945
124000123,1716,872,844
124000124,610,1562,-952
124000125,503,717,-214
124000126,387,920,-533
124000127,1083,672,411
124000128,764,1475,-711
124000129,2686,1967,719
124000130,1047,894,153
124000131,1163,810,353
124000132,1077,1018,59
124000133,1045,1214,-169
124000134,1713,949,764
124000135,2168,2246,-78
124000136,1443,1360,83
124000137,1870,1089,781
124000138,2103,1672,431
124000139,1374,37,1337
124000140,86,731,-645
124000141,957,31,926
124000142,58,226,-168
124000143,91,44,47
124000144,16,80,-64
124000145,349,104,245
124000146,186,126,60
124000148,101,208,-107
124000149,2049,792,1257
124000150,588,887,-299
124000151,1145,611,534
124000152,1197,1732,-535
124000153,997,1058,-61
124000154,502,1088,-586
124000155,1858,1479,379
124000156,2128,1537,591
124000169,236,508,-272
124000170,793,589,204
124000171,496,372,124
124000172,577,861,-284
124000173,581,318,263
124000174,447,776,-329
124000175,28,221,-193
124000176,146,37,109
124000177,18,83,-65
124000178,200,90,110
124000190,92,39,53
124000191,214,89,125
124000192,3269,637,2632
124000193,1191,1251,-60
124000194,459,664,-205
124000195,329,755,-426
124000196,1360,1379,-19
124000197,128,68,60
124000198,57,65,-8
124000201,627,1424,-797
124000202,827,607,220
124000203,562,926,-364
124000204,910,551,359
124000205,333,696,-363
124000206,1164,537,627
124000207,2,69,-67
124000209,401,718,-317
124000210,559,346,213
124000211,704,4,700
124000212,3,628,-625
124000213,551,442,109
124000214,396,851,-455
124000215,1008,47,961
124000216,11,625,-614
124000329,232,2204,-1972
124000338,213,1168,-955
124000339,1401,254,1147
124000341,1581,233,1348
124000344,127,93,34
124000357,1099,2340,-1241
124000358,834,1517,-683
124000359,1463,852,611
124000360,858,596,262
124000361,2435,1001,1434
124000362,1792,2135,-343
124000363,377,456,-79
124000364,782,1293,-511
124000365,723,1343,-620
124000366,1693,1074,619
124000367,183,695,-512
124000368,669,565,104
124000369,174,195,-21
124000370,90,616,-526
124000402,76,39,37
124000403,249,100,149
124000404,27,172,-145
124000405,1503,1275,228
124000406,1264,1336,-72
124000407,5,76,-71
124000411,12,598,-586
124000412,580,31,549
124000413,575,85,490
124000414,98,160,-62
124000415,126,198,-72
124000416,207,344,-137
124000417,245,192,53
124000418,194,174,20
124000419,126,206,-80
124000420,87,147,-60
124000421,74,254,-180
124000422,49,30,19
124000423,131,62,69
124000424,4,114,-110
124000425,49,91,-42
124000426,15,43,-28
124000427,64,19,45
124000428,43,87,-44
124000429,81,105,-24
124000430,864,838,26
124000431,405,782,-377
124000432,398,927,-529
124000439,12,16,-4
124000442,6,174,-168
124000443,0,12,-12
124000445,258,941,-683
124000446,1227,91,1136
124900001,566,626,-60
124900002,253,548,-295
124900003,1163,1032,131
124900004,764,595,169
124900005,594,287,307
124900006,812,566,246
124900008,2033,956,1077
124900009,229,476,-247
124900010,302,146,156
124900011,747,394,353
124900012,707,184,523
124900013,801,185,616
124900014,719,123,596
124900015,221,556,-335
124900016,105,156,-51
124900017,949,1811,-862
124900018,82,21,61
124900020,139,118,21
124900021,603,90,513
124900022,392,7,385
124900024,374,111,263
124900026,323,42,281
124900027,146,542,-396
124900028,822,195,627
124900029,15,653,-638
124900030,19,215,-196
124900031,65,433,-368
124900032,292,307,-15
124900033,309,514,-205
124900034,13,161,-148
124900035,256,736,-480
124900036,2,90,-88
124900037,230,487,-257
124900038,438,467,-29
124900039,0,59,-59
124900040,161,123,38
124900041,345,1165,-820
124900042,179,5,174
124900043,570,1194,-624
124900044,75,6,69
124900045,1208,1411,-203
124900046,1488,336,1152
124900047,212,270,-58
124900048,276,194,82
124900050,175,303,-128
124900052,132,543,-411
124900053,314,569,-255
124900054,2536,985,1551
124900055,5,279,-274
124900057,7,83,-76
124900060,153,327,-174
124900061,209,17,192
124900062,293,48,245
124900066,1,29,-28
124900067,17,242,-225
124900068,314,808,-494
124900070,133,36,97
124900072,146,57,89
124900074,943,378,565
124900075,334,337,-3
124900076,65,1403,-1338
124900077,26,250,-224
124900078,117,22,95
124900079,777,273,504
124900080,390,780,-390
124900081,909,576,333
124900082,372,1101,-729
124900083,320,597,-277
124900084,2572,233,2339
124900085,1595,602,993
124900086,154,1572,-1418
124900087,798,182,616
124900088,957,202,755
124900089,1655,48,1607
124900090,396,353,43
124900091,421,625,-204
124900092,314,488,-174
124900093,379,376,3
124900094,494,400,94
124900095,111,659,-548
124900096,690,410,280
124900097,396,140,256
124900098,212,627,-415
124900099,1004,747,257
124900100,469,220,249
124900101,185,425,-240
124900102,268,151,117
124900103,244,366,-122
124900104,64,278,-214
124900105,101,215,-114
124900106,477,144,333
124900107,181,36,145
124900108,190,96,94
124900109,148,218,-70
124900110,888,532,356
124900111,0,118,-118
124900112,78,791,-713
124900113,192,337,-145
124900114,309,137,172
124900115,327,49,278
124900116,282,229,53
124900117,742,211,531
124900118,315,310,5
124900119,517,220,297
124900120,99,496,-397
124900121,167,553,-386
124900122,539,340,199
124900123,408,195,213
124900124,231,402,-171
129000186,200,66,134
204000001,56,7,49
204000002,21,2,19
204000003,31,4,27
204000004,3,4,-1
204000005,580,489,91
204000006,1465,1302,163
204000011,10,49,-39
204000012,71,90,-19
204000013,2,35,-33
204000019,612,635,-23
204000020,644,545,99
204000021,1453,791,662
204000022,524,500,24
204000023,664,1043,-379
204000031,81,17,64
204000032,681,50,631
204000034,28,269,-241
204000035,13,7,6
204000036,10,33,-23
204000037,1,27,-26
204000038,1,6,-5
204000039,77,42,35
204000040,11,33,-22
204000041,13,48,-35
204000042,76,15,61
204000043,57,5,52
204000044,55,8,47
204000045,78,5,73
204000046,40,3,37
204000057,3,24,-21
204000062,11,11,0
204000068,25,294,-269
204000069,55,355,-300
204000070,130,154,-24
204000080,87,64,23
204000085,2471,2194,277
204000086,2744,2429,315
204000087,46,4,42
204000088,3,96,-93
204000090,47,425,-378
204000093,416,96,320
204000096,890,1142,-252
204000097,604,18,586
204000099,1085,1502,-417
204000100,1428,2028,-600
204000105,2517,1732,785
204000110,1080,1173,-93
204000111,463,678,-215
204000112,764,674,90
204000113,583,648,-65
204000114,1003,607,396
204000115,536,312,224
204000116,814,468,346
204000119,2108,3124,-1016
204000132,805,360,445
204000133,852,455,397
204000134,284,208,76
204000135,496,119,377
204000136,732,364,368
204000138,468,532,-64
204000140,198,162,36
204000141,185,98,87
204000144,33,28,5
204000145,751,66,685
204000146,44,474,-430
204000147,34,260,-226
204000148,966,32,934
204000154,9,2,7
204000155,3,8,-5
204000177,84,78,6
204000179,38,10,28
204000180,0,29,-29
204000222,19,22,-3
204000235,19,27,-8
204000236,106,361,-255
204000238,36,36,0
204000240,552,132,420
204000263,563,1156,-593
204000268,1420,813,607
204000308,213,20,193
204000317,10,83,-73
204000322,21,95,-74
204000323,33,17,16
204000328,348,90,258
204000329,67,317,-250
204000330,229,21,208
204000331,50,120,-70
204010341,20,166,-146
205000001,1361,2200,-839
205000013,2,75,-73
205000014,24,95,-71
205000015,36,266,-230
205000016,56,185,-129
205000017,23,139,-116
205000022,313,925,-612
205000025,1316,1334,-18
205000029,276,8,268
205000045,179,382,-203
205000046,105,479,-374
205000047,60,532,-472
205000048,399,1181,-782
205000049,181,973,-792
205000050,785,401,384
205000059,1,274,-273
205000060,1,100,-99
205000061,4,79,-75
205000062,6,77,-71
205000063,13,87,-74
205000064,17,103,-86
205000065,45,612,-567
205000066,123,849,-726
205000067,25,943,-918
205000069,195,22,173
205000082,174,278,-104
205000110,98,282,-184
205000111,200,302,-102
205000112,260,266,-6
205000113,223,434,-211
205000121,329,74,255
205000123,51,306,-255
205000126,514,152,362
205000127,720,214,506
205000128,544,78,466
205000129,663,115,548
205000130,683,30,653
205000131,175,5,170
205000132,279,3,276
205000133,220,1,219
205000134,292,0,292
205000137,80,177,-97
205000138,239,403,-164
205000139,39,139,-100
205000144,162,92,70
205000145,584,234,350
205000151,237,49,188
205000152,344,34,310
205000153,302,45,257
205000154,130,99,31
205000155,139,31,108
205000207,9,181,-172
205000233,102,52,50
205000234,0,0,0
205000243,0,0,0
205000244,1,5,-4
205000245,13,234,-221
205000249,0,31,-31
205000250,5,0,5
205000264,19,104,-85
206000027,12,4,8
206000028,10,3,7
206000043,10,74,-64
206000053,4,12,-8
206000054,2,36,-34
206000055,7,44,-37
206000075,9,15,-6
206000076,26,16,10
206000077,14,5,9
206000078,19,8,11
206000079,23,4,19
206000082,438,39,399
206000100,40,687,-647
206000103,2,9,-7
206000104,19,41,-22
206000105,4,17,-13
206000106,25,48,-23
206000108,687,43,644
206000125,50,0,50
206000157,95,786,-691
206000170,1,233,-232
206000171,5,259,-254
206000172,9,619,-610
206000173,2,294,-292
206000174,17,111,-94
206000175,10,138,-128
206000176,22,216,-194
206000177,3,201,-198
206000178,1,212,-211
206000179,14,94,-80
206000180,23,178,-155
206000181,25,221,-196
206000182,13,218,-205
206000183,26,824,-798
206000184,15,430,-415
206000185,9,232,-223
206000186,153,1217,-1064
206000223,4,233,-229
206000226,32,4,28
206000227,44,4,40
206000237,32,375,-343
206000238,32,547,-515
206000239,338,2153,-1815
206000240,2,55,-53
206000241,0,112,-112
206000242,4,296,-292
206000243,20,223,-203
206000244,80,689,-609
206000245,852,60,792
206000246,220,14,206
206000247,231,15,216
206000248,363,17,346
206000252,94,38,56
206000258,32,31,1
206000315,27,5,22
206000317,531,114,417
206000318,350,84,266
206000319,1268,112,1156
206000320,153,43,110
206000321,207,20,187
206000322,570,18,552
206000323,139,8,131
206000324,202,10,192
206000325,210,16,194
206000326,216,10,206
206000327,441,14,427
206000328,140,3,137
206000329,284,8,276
206000330,61,17,44
206000331,185,1,184
206000332,66,2,64
206000333,631,8,623
206000334,278,1,277
206000335,0,26,-26
206000361,6,253,-247
206000392,1,32,-31
206000405,139,0,139
206000441,45,17,28
206000498,38,3,35
206000515,110,34,76
206000530,206,62,144
206000531,209,235,-26
206000532,1935,336,1599
206000535,351,1971,-1620
206000536,20,194,-174
206000537,18,162,-144
206000613,1440,231,1209
207000001,164,556,-392
207000002,156,299,-143
207000003,169,158,11
207000007,815,331,484
207000008,91,17,74
207000009,77,34,43
207000010,577,513,64
207000012,316,379,-63
207000015,340,1572,-1232
207000019,295,85,210
207000021,875,199,676
207000022,159,132,27
207000023,237,53,184
207000024,5,15,-10
207000025,47,42,5
207000026,112,44,68
207000027,52,64,-12
207000028,73,216,-143
207000029,302,412,-110
207000033,233,382,-149
207000034,419,92,327
207000039,443,130,313
207000040,265,110,155
207000041,382,60,322
207000042,341,82,259
207000043,350,230,120
207000051,181,328,-147
207000052,189,207,-18
207000053,482,619,-137
207000054,43,128,-85
207000055,167,157,10
207000056,383,372,11
207000057,144,225,-81
207000058,165,334,-169
207000059,79,573,-494
207000060,117,236,-119
207000061,255,405,-150
207000062,267,42,225
207000063,275,140,135
207000064,415,187,228
207000065,491,259,232
207000066,193,198,-5
207000067,57,99,-42
207000068,187,72,115
207000069,723,533,190
207000082,35,261,-226
207000083,107,283,-176
207000084,229,278,-49
207000085,191,12,179
207000086,138,6,132
207000106,36,55,-19
207000107,94,24,70
207000108,75,22,53
207000109,75,24,51
207000110,89,90,-1
207000111,103,92,11
207000112,216,674,-458
207000114,48,46,2
207000115,34,108,-74
207000116,33,533,-500
207000117,7,123,-116
207000118,4,135,-131
207000119,44,105,-61
207000123,230,36,194
207000124,109,39,70
207000125,70,82,-12
207000126,97,108,-11
207000134,101,146,-45
207000135,18,220,-202
207000148,71,321,-250
207000149,81,58,23
207000152,142,408,-266
207000153,1188,1431,-243
207000154,489,148,341
207000159,140,232,-92
207000160,218,522,-304
207000238,1,201,-200
207000242,7,249,-242
207000248,106,52,54
207000249,186,57,129
207000250,984,101,883
207000251,178,108,70
207000252,136,112,24
207000278,99,97,2
207000279,26,194,-168
207000280,550,73,477
207000281,91,970,-879
207000282,198,71,127
207000283,131,228,-97
207000284,80,169,-89
207000285,99,59,40
207000291,26,176,-150
207000304,133,72,61
207000306,98,453,-355
207000310,102,118,-16
207000353,306,2,304
207000356,27,55,-28
207000357,71,16,55
207000358,66,21,45
207000415,5,242,-237
207000417,48,4,44
207000418,105,122,-17
207000438,0,2,-2
207000439,1078,759,319
207000446,198,5,193
207000460,29,6,23
207000466,220,156,64
207000467,255,115,140
207000468,76,428,-352
207000476,5,98,-93
207000477,721,149,572
207000478,23,53,-30
207000523,0,8,-8
207000524,69,0,69
207000527,121,232,-111
207000530,473,13,460
207000531,394,16,378
207000532,180,37,143
207000534,579,68,511
207000535,58,414,-356
207000537,254,165,89
207000540,17,314,-297
207000541,0,500,-500
207000548,25,360,-335
207000549,400,34,366
207000561,223,243,-20
207000562,60,274,-214
207000567,190,248,-58
207000568,246,103,143
207000569,514,1087,-573
207000584,467,357,110
207000585,114,428,-314
207000616,0,165,-165
207000617,290,3,287
207900008,209,88,121
208000001,749,934,-185
208000002,1062,509,553
208000003,1171,442,729
208000004,1385,634,751
208000005,9,33,-24
208000019,675,1350,-675
208000020,219,702,-483
208000021,283,508,-225
208000022,1192,616,576
208000028,1517,1105,412
208000033,696,852,-156
208000034,1306,1691,-385
208000040,233,215,18
208000041,875,770,105
208000042,1508,933,575
208000047,129,291,-162
208000064,3407,1814,1593
208000066,2665,2608,57
208000070,310,523,-213
208000071,376,1137,-761
208000072,383,1732,-1349
208000080,266,348,-82
208000081,315,224,91
208000082,317,348,-31
208000083,196,511,-315
208000084,26,20,6
208000085,996,665,331
208000086,550,1079,-529
208000087,701,896,-195
208000089,1045,539,506
208000090,1037,866,171
208000093,176,134,42
208000094,954,514,440
208000095,902,551,351
208000104,1270,1365,-95
208000105,1185,1359,-174
208000114,151,397,-246
208000115,598,615,-17
208000116,657,1329,-672
208000117,226,186,40
208000118,105,161,-56
208000155,952,1133,-181
208000158,1778,3929,-2151
208000186,4688,4353,335
208000204,685,1109,-424
208000205,1327,1317,10
208000282,7197,3459,3738
209000004,615,214,401
209000005,56,55,1
209000006,532,179,353
209000007,329,316,13
209000010,535,214,321
209000011,256,296,-40
209000012,542,218,324
209000013,442,496,-54
209000014,593,1510,-917
209000025,320,34,286
209000026,717,111,606
209000027,561,1060,-499
209000028,579,839,-260
209000029,674,845,-171
209000030,520,1833,-1313
209000031,3379,2855,524
209000034,238,204,34
209000035,145,173,-28
209000036,193,119,74
209000037,278,238,40
209000038,135,135,0
209000039,80,159,-79
209000040,367,660,-293
209000041,155,475,-320
209000042,286,412,-126
209000043,825,960,-135
209000044,266,851,-585
209000045,1463,745,718
209000046,528,1069,-541
209000047,556,300,256
209000048,600,435,165
209000049,94,132,-38
209000050,208,188,20
209000051,325,420,-95
209000052,211,369,-158
209000062,58,121,-63
209000063,57,91,-34
209000064,49,106,-57
209000065,85,44,41
209000066,76,39,37
209000067,77,59,18
209000080,39,285,-246
209000082,80,28,52
209000091,42,129,-87
209000093,52,38,14
209000094,256,261,-5
209000110,43,130,-87
209000111,582,1571,-989
209000112,989,899,90
209000113,1790,856,934
209000114,775,608,167
209000115,82,203,-121
209000116,689,590,99
209000118,38,31,7
209000119,36,17,19
209000121,127,636,-509
209000135,66,178,-112
209000142,716,1645,-929
209000143,114,103,11
209000144,49,129,-80
209000229,352,339,13
209000240,27,415,-388
209000259,76,147,-71
209000260,102,1263,-1161
209000261,8,895,-887
209000262,4,622,-618
209000263,0,186,-186
209000264,0,180,-180
209000265,986,5,981
209000266,375,3,372
209000267,2057,18,2039
209000268,829,99,730
210000037,97,25,72
210000047,70,39,31
210000048,101,21,80
210000049,56,10,46
210000052,55,101,-46
210000053,28,66,-38
210000054,74,95,-21
210000070,190,4,186
210000071,100,1,99
210000072,41,0,41
210000073,0,43,-43
210000074,0,144,-144
210000075,13,124,-111
210000076,22,185,-163
210000077,18,43,-25
210000078,31,18,13
210000079,35,20,15
210000080,97,43,54
210000081,275,37,238
210000082,222,4,218
210000083,94,3,91
210000084,37,0,37
210000085,0,100,-100
210000086,6,129,-123
210000099,51,266,-215
210000100,62,163,-101
210000101,77,183,-106
210000105,81,179,-98
210000159,0,168,-168
210000163,211,217,-6
210000164,295,187,108
210000168,118,38,80
210000187,0,25,-25
210000188,0,18,-18
210000214,96,1,95
210000219,29,37,-8
210000220,85,83,2
210000232,2,21,-19
210000233,48,84,-36
210000234,38,108,-70
210000235,62,79,-17
210000245,0,53,-53
210000246,44,0,44
210000258,13,119,-106
210000259,623,83,540
210000282,172,253,-81
210000285,2,112,-110
210000286,18,198,-180
210000290,2,7,-5
210000295,60,130,-70
210000296,29,45,-16
210000320,201,110,91
210000321,128,96,32
210000338,76,42,34
210000339,435,1080,-645
210000340,174,345,-171
210000341,239,270,-31
210000342,223,200,23
210000343,174,233,-59
210000344,188,115,73
210000345,163,205,-42
210000346,63,93,-30
210000347,143,35,108
210000348,155,20,135
210000349,76,12,64
210000350,115,61,54
210000351,127,123,4
210000352,65,97,-32
210000353,54,100,-46
210000354,101,79,22
210000355,46,102,-56
210000356,44,48,-4
210000357,65,34,31
210000358,287,93,194
210000359,110,87,23
210000360,189,83,106
210000361,164,181,-17
210000362,262,251,11
210000363,824,311,513
210000364,112,213,-101
210000365,159,97,62
210000366,161,85,76
210000367,155,45,110
210000368,212,36,176
210000369,47,16,31
210000370,39,29,10
210000372,54,25,29
210000373,37,6,31
210000374,39,13,26
210000375,48,63,-15
210000376,84,128,-44
210000404,78,119,-41
210000439,26,51,-25
210000472,111,4,107
210000482,71,112,-41
210000564,493,404,89
210000567,0,18,-18
210000568,346,5,341
211000092,57,78,-21
211000094,16,5,11
211000169,273,21,252
211000172,24,244,-220
211000209,4,54,-50
211000226,12,17,-5
211000270,17,17,0
211000275,18,18,0
211000276,85,38,47
211000279,40,38,2
211000281,74,45,29
211507980,1,47,-46
211977296,63,4,59
212000003,131,44,87
212000004,51,23,28
212000005,17,29,-12
212000006,52,58,-6
212000008,126,161,-35
212000009,30,146,-116
212000012,65,109,-44
212000013,20,56,-36
212000014,296,204,92
212000015,273,279,-6
212000016,525,573,-48
212000027,595,573,22
212000028,315,548,-233
212000029,225,333,-108
212000030,54,40,14
212000031,61,65,-4
212000048,47,149,-102
212000049,14,127,-113
212000050,14,19,-5
212000051,205,233,-28
212000052,202,361,-159
212000053,422,668,-246
212000054,186,171,15
212000055,252,292,-40
212000056,23,65,-42
212000057,13,35,-22
212000058,343,59,284
212000070,158,292,-134
212000077,157,747,-590
212000099,226,284,-58
212000108,169,204,-35
212000111,182,130,52
212000120,88,58,30
212000138,130,22,108
212000156,8,132,-124
212000158,15,12,3
212000159,347,49,298
212000160,597,288,309
212000161,54,15,39
212000310,61,24,37
212000311,21,90,-69
212000374,57,18,39
213000001,65,635,-570
213000005,563,168,395
213000006,1315,365,950
213000007,249,10,239
213000009,876,556,320
213000010,163,316,-153
213000011,310,141,169
213000012,163,500,-337
213000014,92,11,81
213000015,308,7,301
213000016,717,7,710
213000017,73,1,72
213000018,3,254,-251
213000019,5,228,-223
213000020,180,491,-311
213000021,7,158,-151
213000023,364,199,165
213000033,421,1947,-1526
213000034,854,402,452
213000035,170,304,-134
213000045,207,359,-152
213000046,329,287,42
213000047,817,1536,-719
213000056,148,40,108
213000069,92,2,90
213000073,0,59,-59
213000074,160,531,-371
213000075,579,10,569
213000076,53,1,52
213000085,10,77,-67
213000086,17,232,-215
213000091,177,20,157
213000092,109,13,96
213000099,185,1354,-1169
213000100,1356,260,1096
213000101,367,163,204
213000102,489,422,67
213000103,1022,1123,-101
213000104,78,527,-449
213000105,2,131,-129
213000106,106,162,-56
213000107,133,778,-645
213000108,35,653,-618
213000109,10,340,-330
213000110,18,123,-105
213000111,15,93,-78
213000112,184,142,42
213000115,86,17,69
213000116,101,634,-533
213000117,13,916,-903
213000118,380,319,61
213000119,71,845,-774
213000120,149,727,-578
213000122,166,820,-654
213000123,571,1774,-1203
213000124,147,1893,-1746
213000125,169,29,140
213000126,215,182,33
213000127,218,306,-88
213000128,708,1282,-574
213000129,523,571,-48
213000130,627,251,376
213000132,384,114,270
213000133,529,145,384
213000134,757,21,736
213000136,546,27,519
213000137,681,99,582
213000139,639,24,615
213000147,93,2,91
213000148,27,8,19
213000149,109,10,99
213000150,0,90,-90
213000151,4,103,-99
213000152,0,125,-125
213000153,0,101,-101
213000154,29,330,-301
213000155,56,322,-266
213000156,112,647,-535
213000157,566,503,63
213000158,418,1240,-822
213000159,651,726,-75
213000163,852,164,688
213000165,934,318,616
213000171,2,120,-118
213000172,3,532,-529
213000173,3,343,-340
213000174,9,253,-244
213000175,8,155,-147
213000176,73,34,39
213000177,86,3,83
213000178,136,5,131
213000179,191,2,189
213000180,194,3,191
213000184,165,649,-484
213000188,420,105,315
213000189,413,58,355
213000190,1137,1169,-32
213000191,386,630,-244
213000192,261,581,-320
213000193,1132,397,735
213000194,1,58,-57
213000195,25,554,-529
213000196,251,1456,-1205
213000197,435,702,-267
213000198,96,2,94
213000200,159,1241,-1082
213000201,91,55,36
213000202,22,685,-663
213000203,3809,800,3009
213000204,776,86,690
213000205,427,132,295
213000206,657,90,567
213000207,175,11,164
213000208,151,1,150
213000209,192,2,190
213000210,693,5,688
213000211,14,15,-1
213000212,23,37,-14
213000213,15,68,-53
213000218,333,726,-393
213000219,573,20,553
213000220,475,25,450
213000223,252,267,-15
213000224,80,50,30
213000225,147,11,136
213000226,96,15,81
213000227,1056,240,816
213000228,607,119,488
213000229,530,44,486
213000230,480,27,453
213000232,157,838,-681
213000233,16,198,-182
213000234,9,50,-41
213000293,15,69,-54
213000294,174,25,149
213000295,7,109,-102
213000296,72,30,42
213000297,7,97,-90
213000298,39,116,-77
213000299,108,43,65
213000300,32,3,29
213000303,5,46,-41
213000304,2,10,-8
213000305,5,18,-13
213000306,102,53,49
213000307,246,71,175
213000308,184,308,-124
213000309,219,72,147
213000310,576,192,384
213000311,379,879,-500
213000315,91,179,-88
213000316,141,81,60
213000322,103,146,-43
213000323,86,98,-12
213000324,73,83,-10
213000325,52,154,-102
213000326,37,25,12
213000327,43,73,-30
213000328,51,175,-124
213000329,115,71,44
213000340,188,700,-512
213000341,556,151,405
213000346,261,286,-25
213000347,873,506,367
213000348,19,242,-223
213000349,38,23,15
213000350,351,1495,-1144
213000366,86,399,-313
213000367,221,55,166
213000379,132,159,-27
213000386,19,267,-248
213000406,121,508,-387
213000417,1368,565,803
213000425,154,45,109
213000426,215,76,139
213000427,88,299,-211
213000428,58,262,-204
213000429,57,9,48
213000430,98,1099,-1001
213000431,184,2,182
213000432,6,30,-24
213000433,22,205,-183
213000434,80,172,-92
213000435,130,77,53
213000436,34,122,-88
213000437,2,27,-25
213000438,198,118,80
213000439,58,25,33
213000440,15,355,-340
213000441,4,1,3
213000442,1,40,-39
213000443,562,459,103
213000444,44,70,-26
213000445,0,99,-99
213000446,1,21,-20
213000447,0,79,-79
213000448,7,144,-137
213000449,328,8,320
213000450,18,64,-46
213000451,319,204,115
213000452,37,27,10
213000453,36,398,-362
213000455,612,61,551
213000456,5,297,-292
213000481,7,4,3
213000484,42,7,35
213000489,456,80,376
213000491,1,133,-132
213000492,492,60,432
213000493,0,92,-92
213000494,283,207,76
213000495,0,131,-131
213000496,397,179,218
213000497,48,351,-303
213000498,165,284,-119
213000499,259,799,-540
213000500,502,151,351
213000501,145,58,87
213000502,316,175,141
213000503,0,83,-83
213000504,15,149,-134
213000505,9,7,2
213000506,0,11,-11
213000507,3,168,-165
213900016,0,8,-8
213900244,54,0,54
213900245,0,34,-34
218000003,20,23,-3
218000004,36,35,1
218000005,210,50,160
218000006,85,30,55
218000007,15,16,-1
218000012,229,188,41
218000013,145,155,-10
218000014,493,497,-4
218000019,921,771,150
218000020,275,510,-235
218000021,28,73,-45
218000022,15,21,-6
218000023,7,33,-26
218000024,2,11,-9
218000025,7,21,-14
218000026,8,38,-30
218000027,3,14,-11
218000028,21,8,13
218000029,7,5,2
218000030,19,51,-32
218000031,5,31,-26
218000032,9,48,-39
218000040,9,2,7
218000046,98,122,-24
218000047,18,161,-143
218000048,77,181,-104
218000049,163,188,-25
218000050,457,368,89
218000051,110,407,-297
218000052,5,176,-171
218000053,4,22,-18
218000054,19,42,-23
218000055,9,25,-16
218000056,19,42,-23
218000057,1,51,-50
218000064,4,22,-18
218000065,56,71,-15
218000066,15,58,-43
218000067,50,95,-45
218000068,168,138,30
218000069,308,167,141
218000070,270,300,-30
218000071,215,225,-10
218000072,305,262,43
218000078,736,1179,-443
218000079,134,143,-9
218000080,86,128,-42
218000081,378,315,63
218000082,43,160,-117
218000083,80,71,9
218000084,131,172,-41
218000085,178,408,-230
218000086,88,222,-134
218000087,174,263,-89
218000090,42,195,-153
218000091,845,517,328
218000092,82,176,-94
218000093,55,95,-40
218000094,494,723,-229
218000099,368,809,-441
218000100,343,333,10
218000101,402,133,269
218000102,433,302,131
218000103,139,199,-60
218000104,105,45,60
218000105,14,15,-1
218000106,13,10,3
218000107,54,111,-57
218000108,11,59,-48
218000112,77,42,35
218000117,108,43,65
218000134,680,880,-200
218000135,34,130,-96
218000136,325,112,213
218000137,511,159,352
218000138,33,136,-103
218000139,183,378,-195
218000140,509,236,273
218000141,116,75,41
218000142,318,183,135
218000143,137,241,-104
218000144,61,104,-43
218000145,393,419,-26
218000146,63,248,-185
218000151,13,22,-9
218000152,167,66,101
218000153,13,4,9
218000154,12,0,12
218000155,14,1,13
218000156,63,10,53
218000157,27,13,14
218000158,13,7,6
218000159,1,8,-7
218000160,6,4,2
218000161,18,8,10
218000162,37,6,31
218000163,21,3,18
218000164,39,11,28
218000165,64,21,43
218000170,5,43,-38
218000171,65,14,51
218000172,16,9,7
218000173,74,13,61
218000174,46,7,39
218000176,209,36,173
218000177,355,355,0
218000178,95,291,-196
218000179,82,114,-32
218000180,107,25,82
218000181,164,71,93
218000187,12,23,-11
218000188,33,71,-38
218000189,37,97,-60
218000190,34,33,1
218000191,185,74,111
218000192,225,308,-83
218000193,471,368,103
218000194,116,400,-284
218000195,141,85,56
218000196,361,418,-57
218000197,434,432,2
218000198,29,161,-132
218000199,63,43,20
218000200,108,40,68
218000201,12,36,-24
218000202,81,233,-152
218000207,6,43,-37
218000208,43,47,-4
218000211,56,10,46
218000212,4,15,-11
218000213,129,106,23
218000214,12,24,-12
218000215,110,98,12
218000217,4,121,-117
218000218,320,143,177
218000219,112,28,84
218000220,131,423,-292
218000221,792,249,543
218000222,35,38,-3
218000223,30,440,-410
218000224,6,134,-128
218000225,160,47,113
218000226,173,66,107
218000230,0,10,-10
218000232,48,84,-36
218000239,215,17,198
218000240,58,6,52
218000241,84,4,80
218000242,84,17,67
218000243,164,3,161
218000244,108,6,102
218000245,446,6,440
218000246,9,1,8
218000247,4,0,4
218000248,0,17,-17
218000249,0,6,-6
218000250,17,7,10
218000251,5,31,-26
218000252,0,27,-27
218000253,11,44,-33
218000254,3,27,-24
218000255,19,22,-3
218000256,12,64,-52
218000267,752,1206,-454
218000268,13,84,-71
218000269,3,7,-4
218000270,35,25,10
218000271,25,37,-12
218000273,22,12,10
218000274,26,6,20
218000275,52,55,-3
218000276,19,68,-49
218000278,15,48,-33
218000279,45,23,22
218000280,8,11,-3
218000281,14,12,2
218000282,472,406,66
218000284,103,6,97
218000301,129,158,-29
218000302,111,69,42
218000303,66,55,11
218000316,666,1134,-468
218000317,1116,1286,-170
218000318,587,965,-378
218000319,984,1321,-337
218000320,815,705,110
218000338,53,29,24
218000345,141,87,54
218000346,49,200,-151
218000459,75,369,-294
218000490,45,44,1
218000501,101,115,-14
218000502,36,135,-99
218000503,97,33,64
218000504,105,42,63
218000505,49,168,-119
218000506,51,255,-204
218000508,19,4,15
218000510,131,19,112
218000520,138,164,-26
218000521,9,59,-50
218000522,2,209,-207
218000523,142,1,141
218000524,51,211,-160
218000525,164,15,149
218000526,50,176,-126
218000529,54,179,-125
218000530,17,4,13
218000531,21,51,-30
218000532,54,21,33
218000534,180,18,162
218000537,31,72,-41
218000538,188,198,-10
218000540,359,90,269
218000543,145,57,88
218000544,37,118,-81
218000545,56,75,-19
218000546,37,94,-57
218000547,132,148,-16
218000548,194,185,9
218000549,487,468,19
218000550,239,327,-88
218000551,185,853,-668
218000552,637,75,562
218000553,40,95,-55
218000554,57,33,24
218000555,42,36,6
218000556,131,301,-170
218000557,252,131,121
218000558,76,1,75
218000559,0,36,-36
218000560,0,26,-26
218000561,29,0,29
218000562,25,191,-166
218000563,213,21,192
218000564,9,122,-113
218000565,207,28,179
218000566,313,27,286
218000567,4,109,-105
218000568,39,2,37
218000569,13,143,-130
218000570,164,10,154
218000571,13,123,-110
218000572,179,3,176
218000573,6,115,-109
218000574,108,60,48
218000575,101,0,101
218000576,0,95,-95
218000577,143,5,138
218000578,1,85,-84
218000579,56,22,34
218000581,17,96,-79
218000582,96,15,81
218000583,14,0,14
218000584,1,23,-22
218000585,28,8,20
218000586,13,61,-48
218000587,7,2,5
218000588,1,1,0
218000589,8,2,6
218000590,9,3,6
218000591,9,3,6
218000592,101,0,101
218000593,0,0,0
218000594,1,0,1
218000595,0,0,0
218000596,0,0,0
218000597,0,0,0
218000598,0,0,0
218000599,0,0,0
218000600,130,1,129
218000601,0,0,0
218000602,0,13,-13
218000603,0,7,-7
218000604,36,0,36
218000605,4,172,-168
218000606,286,0,286
218000607,16,44,-28
218000608,49,15,34
218000609,9,84,-75
218000610,76,8,68
218000611,37,2,35
218000612,0,39,-39
218000613,50,1,49
218000614,1,45,-44
218000615,234,4,230
218000616,46,176,-130
218000617,16,4,12
218000618,1,18,-17
218000619,80,41,39
218000620,13,26,-13
218000621,0,2,-2
218000622,0,24,-24
218000623,286,0,286
218000624,26,37,-11
218000625,40,0,40
218000626,1,10,-9
218000628,162,71,91
218000631,25,11,14
218000632,0,87,-87
218000633,119,1,118
218000634,7,27,-20
218000635,15,13,2
218000636,915,1669,-754
218000637,912,697,215
218000638,193,44,149
218000639,41,263,-222
218000640,415,33,382
218000641,125,407,-282
218000652,126,143,-17
218000653,177,87,90
218000663,3,93,-90
218000675,53,49,4
218000676,4,27,-23
218000677,16,7,9
218000680,339,413,-74
218000681,398,116,282
218000691,209,263,-54
218000693,275,137,138
218000703,6,49,-43
218000718,1174,1070,104
218000719,1808,729,1079
218000720,16,172,-156
218000721,218,22,196
218000725,6,11,-5
218001214,11,75,-64
218001329,131,87,44
218001330,80,78,2
218001351,23,13,10
218001352,14,18,-4
218001353,19,8,11
218001354,5,23,-18
218001355,93,9,84
218001357,59,4,55
219000001,60,56,4
219000002,42,98,-56
219000003,45,22,23
219000004,31,42,-11
219000017,147,15,132
219000020,153,207,-54
219000022,145,42,103
219000023,603,7,596
219000029,1,68,-67
219000034,33,19,14
219000039,110,105,5
219000040,41,44,-3
219000041,158,52,106
219000051,0,45,-45
219000052,1,35,-34
219000053,0,184,-184
219000054,63,106,-43
219000055,159,2,157
219000056,37,2,35
219000057,65,6,59
219000062,18,113,-95
219000063,68,10,58
219000064,2,82,-80
219000110,629,49,580
219000111,202,64,138
219000112,241,99,142
219000113,151,199,-48
219000114,324,476,-152
219000116,108,108,0
219000117,196,102,94
219000118,730,71,659
219000123,293,143,150
219000124,171,68,103
219000125,19,16,3
219000126,103,121,-18
219000127,1,4,-3
219000128,25,129,-104
219000129,41,115,-74
219000130,567,464,103
219000131,708,865,-157
219000133,116,40,76
219000134,12,20,-8
219000135,39,81,-42
219000136,149,216,-67
219000138,128,23,105
219000139,57,55,2
219000140,59,4,55
219000141,33,128,-95
219000142,28,115,-87
219000143,17,88,-71
219000145,38,54,-16
219000146,4,30,-26
219000147,3,42,-39
219000148,2,41,-39
219000149,17,116,-99
219000150,1,95,-94
219000151,2,52,-50
219000157,343,195,148
219000158,267,284,-17
219000161,139,11,128
219000163,1682,668,1014
219000166,205,235,-30
219000167,234,271,-37
219000168,357,169,188
219000174,413,134,279
219000175,79,12,67
219000176,118,12,106
219000177,33,3,30
219000178,59,3,56
219000179,32,7,25
219000180,27,63,-36
219000182,188,31,157
219000183,113,59,54
219000184,124,8,116
219000185,2,78,-76
219000186,42,58,-16
219000187,43,131,-88
219000189,138,161,-23
219000190,136,230,-94
219000191,1232,1414,-182
219000192,195,186,9
219000193,315,152,163
219000195,4,68,-64
219000196,7,114,-107
219000198,24,149,-125
219000199,80,381,-301
219000200,65,337,-272
219000201,60,350,-290
219000203,56,121,-65
219000204,349,205,144
219000205,154,188,-34
219000207,153,337,-184
219000209,38,126,-88
219000210,69,113,-44
219000213,11,200,-189
219000239,235,275,-40
219000240,336,430,-94
219000241,152,197,-45
219000242,140,159,-19
219000243,133,272,-139
219000244,32,73,-41
219000245,35,51,-16
219000246,53,16,37
219000247,147,22,125
219000248,664,353,311
219000249,140,87,53
219000250,112,142,-30
219000251,551,273,278
219000252,219,196,23
219000253,483,97,386
219000255,109,110,-1
219000256,244,74,170
219000257,122,0,122
219000262,157,155,2
219000263,55,157,-102
219000267,2,108,-106
219000268,3,9,-6
219000269,8,2,6
219000270,7,0,7
219000271,112,6,106
219000278,14,7,7
219000279,28,1,27
219000283,0,14,-14
219000295,31,104,-73
219000296,84,597,-513
219000297,14,139,-125
219000298,19,178,-159
219000299,490,124,366
219000300,32,262,-230
219000301,255,363,-108
219000302,56,217,-161
219000307,46,51,-5
219000308,54,132,-78
219000311,230,78,152
219000312,607,131,476
219000313,393,62,331
219000314,59,560,-501
219000315,286,53,233
219000316,540,77,463
219000317,95,18,77
219000320,1,62,-61
219000321,1,19,-18
219000323,8,65,-57
219000325,4,18,-14
219000326,52,84,-32
219000327,81,66,15
219000328,33,67,-34
219000329,346,157,189
219000330,74,52,22
219000331,71,53,18
219000332,124,79,45
219000333,27,4,23
219000335,124,8,116
219000337,28,0,28
219000338,126,0,126
219000344,128,88,40
219000345,58,112,-54
219000346,25,177,-152
219000348,132,123,9
219000349,52,208,-156
219000350,134,226,-92
219000351,9,4,5
219000352,432,98,334
219000353,92,51,41
219000354,231,137,94
219000355,196,76,120
219000356,1604,1478,126
219000363,328,53,275
219000364,97,38,59
219000365,130,15,115
219000366,238,364,-126
219000368,444,670,-226
219000370,1346,474,872
219000371,14,30,-16
219000382,15,23,-8
219000383,698,1002,-304
219000385,685,542,143
219000386,899,1652,-753
219000387,1,7,-6
219000390,5,1,4
219000391,1,13,-12
219000397,86,90,-4
219000398,100,85,15
219000401,17,155,-138
219000402,79,176,-97
219000403,218,303,-85
219000404,29,120,-91
219000407,2,44,-42
219000409,58,76,-18
219000410,134,42,92
219000411,69,22,47
219000446,197,415,-218
219000447,1,19,-18
219000448,32,12,20
219000452,128,64,64
219000453,78,129,-51
219000454,250,298,-48
219000556,231,95,136
219000558,258,224,34
219000590,62,177,-115
219000591,64,82,-18
219000592,114,325,-211
219000595,2,22,-20
219000635,225,69,156
219000636,27,96,-69
219000657,30,54,-24
219000658,59,128,-69
219000673,1,30,-29
219000676,73,6,67
219000679,89,7,82
219000684,116,3,113
219000685,2,94,-92
219000686,3,7,-4
219000688,0,105,-105
219000689,41,313,-272
219000690,204,48,156
219000691,73,285,-212
219000692,185,38,147
219000693,0,21,-21
219000694,9,0,9
219000695,32,2,30
219000698,42,2,40
219000699,0,15,-15
219000727,0,117,-117
219000728,349,1,348
219000770,35,0,35
219000771,0,31,-31
219000788,467,149,318
219001150,5,30,-25
219001151,0,2,-2
219001166,42,23,19
219001167,2,118,-116
219001178,69,1,68
220000001,63,44,19
220000002,14,138,-124
220000003,858,321,537
220000004,899,625,274
220000005,1648,2208,-560
220000006,349,1133,-784
220000007,507,653,-146
220000008,451,1060,-609
220000009,372,414,-42
220000010,296,153,143
220000011,687,3732,-3045
220000012,145,440,-295
220000014,147,55,92
220000015,62,172,-110
220000017,34,344,-310
220000018,5316,2581,2735
220000019,127,299,-172
220000020,511,341,170
220000021,823,252,571
220000022,756,559,197
220000023,399,196,203
220000024,2067,402,1665
220000025,1085,923,162
220000026,327,290,37
220000027,40,130,-90
220000028,51,62,-11
220000029,76,170,-94
220000030,168,93,75
220000031,541,294,247
220000064,20,1226,-1206
221000046,41,14,27
221000047,0,7,-7
221000048,0,0,0
221000049,0,11,-11
221000050,36,0,36
221000055,43,60,-17
221000057,84,9,75
221000068,333,138,195
221000069,260,60,200
221000070,153,22,131
221000071,68,8,60
221000072,195,13,182
221000073,252,50,202
221000074,2,13,-11
221000075,16,28,-12
221000076,9,57,-48
221000077,35,162,-127
221000081,33,37,-4
221000082,43,10,33
221000083,20,7,13
221000084,6,8,-2
221000085,49,60,-11
221000086,18,144,-126
221000087,11,173,-162
221000088,13,186,-173
221000089,50,315,-265
221000090,162,565,-403
221000098,89,13,76
221000099,230,14,216
221000100,94,10,84
221000101,204,16,188
221000102,80,16,64
221000109,12,125,-113
221000110,14,106,-92
221000111,23,175,-152
221000112,11,168,-157
221000113,30,196,-166
221000114,21,134,-113
221000120,23,35,-12
221000121,5,17,-12
221000122,65,22,43
221000123,6,11,-5
221000124,34,197,-163
221000155,85,18,67
221000156,81,22,59
221000175,8,2,6
221000176,0,0,0
221000182,49,9,40
221000241,539,284,255
221000242,248,447,-199
221000243,395,185,210
221000244,348,498,-150
221000245,129,114,15
221000246,63,230,-167
221000247,56,110,-54
221000248,122,137,-15
221000267,74,687,-613
221000325,165,66,99
221000331,10,73,-63
221000338,15,24,-9
221000378,149,29,120
221000381,43,57,-14
222000282,11,3,8
222000296,3,37,-34
222000568,273,28,245
222000569,135,61,74
222000570,160,24,136
222000571,242,35,207
222000577,18,190,-172
222000578,43,180,-137
222000579,38,179,-141
222000580,146,984,-838
222000599,0,170,-170
222000600,4,489,-485
222000601,16,1292,-1276
222000603,36,57,-21
222000604,9,37,-28
222000605,30,21,9
222000606,4,10,-6
222000607,9,11,-2
222000608,47,9,38
222000609,64,294,-230
222000616,389,50,339
222000617,31,20,11
222000618,11,11,0
222000620,27,7,20
222000621,113,12,101
222000623,551,6,545
222000624,404,9,395
222000625,639,35,604
222000636,36,2,34
222000686,21,26,-5
222000687,60,36,24
222001066,385,5,380
222001067,17,16,1
222001068,49,47,2
222001069,36,69,-33
222001082,20,77,-57
222001083,24,72,-48
222001084,1,18,-17
222001085,0,250,-250
222001111,40,186,-146
222001112,106,50,56
222001313,34,9,25
222001314,10,146,-136
222001464,62,46,16
222001465,30,106,-76
222001484,131,66,65
222001485,39,55,-16
222001494,389,172,217
222001495,154,355,-201
222001496,325,71,254
222001497,156,536,-380
222001502,30,130,-100
222001503,209,83,126
222001504,42,354,-312
222001505,423,45,378
222001506,58,441,-383
222001507,345,42,303
222001510,344,55,289
222001511,65,413,-348
222001514,687,281,406
222001515,344,627,-283
222001518,280,103,177
222001519,76,339,-263
222001527,192,115,77
222001528,88,185,-97
222001529,323,87,236
222001530,66,274,-208
222001533,209,375,-166
222001534,339,106,233
222001535,238,295,-57
222001536,198,336,-138
222001537,294,65,229
222001538,113,612,-499
222001563,534,102,432
222001564,105,639,-534
222001568,564,153,411
222001576,4,2,2
222001579,3,10,-7
222001583,10,151,-141
222001584,108,4,104
222001596,992,1226,-234
222001597,2194,313,1881
222001626,0,248,-248
222001650,222,71,151
222001651,162,155,7
222001914,257,119,138
222001915,65,304,-239
222001968,506,309,197
222001969,571,803,-232
222001970,226,246,-20
222001971,22,29,-7
222001972,2,38,-36
225000001,574,216,358
225000002,1245,199,1046
225000003,660,116,544
225000004,314,271,43
225000005,150,70,80
225000006,1,203,-202
225000007,1915,1383,532
225000010,299,10,289
225000011,469,892,-423
225000012,216,495,-279
225000013,103,137,-34
225000014,796,105,691
225000015,74,175,-101
225000021,776,235,541
225000027,251,603,-352
225000032,687,140,547
225000042,93,693,-600
225000049,84,59,25
225000050,59,15,44
225000053,9,309,-300
225000058,641,177,464
225000067,257,177,80
225000068,148,320,-172
225000069,134,433,-299
225000070,111,445,-334
225000071,39,211,-172
225000075,34,913,-879
225000076,87,155,-68
225000078,97,65,32
225000085,81,156,-75
225000086,298,80,218
225000087,221,26,195
225000088,9,201,-192
225000089,360,1084,-724
225000090,82,497,-415
225000091,203,240,-37
225000092,152,83,69
225000093,234,272,-38
225000094,14,271,-257
225000095,328,454,-126
225000096,330,561,-231
225000098,698,357,341
225000099,359,214,145
225000100,318,156,162
225000104,105,428,-323
225000110,14,468,-454
225000111,343,1113,-770
225000112,381,1298,-917
225000113,208,532,-324
225000114,91,261,-170
225000115,1640,704,936
225000116,1143,238,905
225000117,769,326,443
225000118,1058,314,744
225000119,224,84,140
225000120,1002,37,965
225000121,277,20,257
225000123,532,30,502
225000125,375,213,162
225000126,689,183,506
225000127,674,1331,-657
225000128,391,731,-340
225000132,317,46,271
225000133,340,44,296
225000134,544,188,356
225000135,65,13,52
225000136,275,15,260
225000137,237,48,189
225000138,336,79,257
225000143,88,420,-332
225000144,0,514,-514
225000145,125,53,72
225000146,54,112,-58
225000147,49,274,-225
225000148,23,247,-224
225000149,90,592,-502
225000151,59,259,-200
225000155,354,515,-161
225000156,216,920,-704
225000157,217,400,-183
225000158,78,391,-313
225000171,7,195,-188
225000180,116,128,-12
225000181,0,65,-65
225000182,71,23,48
225000185,3,369,-366
225000187,89,377,-288
225000191,134,4,130
225000194,0,3,-3
225000208,1,74,-73
225000209,120,33,87
225000210,9,272,-263
225000217,0,10,-10
225000218,34,2,32
225000223,1,48,-47
225000224,52,0,52
225000225,1,24,-23
225000226,46,3,43
225000227,58,123,-65
225000228,12,21,-9
225000229,0,82,-82
225000230,159,1,158
225000231,0,87,-87
225000232,253,0,253
225000241,70,1,69
225000242,0,49,-49
225000249,7,0,7
225000250,53,1030,-977
225000251,361,51,310
225000254,3,0,3
225000256,7,85,-78
225000257,0,107,-107
226000042,341,463,-122
226000043,66,275,-209
226000044,129,585,-456
226000045,105,455,-350
226000046,341,100,241
226000047,386,110,276
226000048,292,75,217
226000049,207,162,45
226000070,0,52,-52
226000071,0,54,-54
226000072,0,18,-18
226000073,2,11,-9
226000074,0,11,-11
226000084,7,53,-46
226000085,0,17,-17
226000086,2,13,-11
226000087,6,21,-15
226000088,70,69,1
226000090,291,69,222
226000091,36,46,-10
226000092,28,10,18
226000093,22,2,20
226000094,24,4,20
226000095,13,4,9
226000105,12,0,12
226000106,13,0,13
226000107,8,0,8
226000108,18,1,17
226000109,81,0,81
226000124,151,63,88
226000134,626,508,118
226000135,1316,525,791
226000136,1413,396,1017
226000137,20,373,-353
226000138,8,230,-222
226000139,5,29,-24
226000156,111,4,107
226000157,236,12,224
226000163,127,123,4
226000202,21,419,-398
226000231,318,14,304
226000232,65,9,56
227000033,300,67,233
227000036,299,33,266
227000037,240,28,212
227000038,180,43,137
227000084,0,90,-90
227000085,0,61,-61
227000088,35,6,29
227000089,117,3,114
227000090,50,0,50
227000091,20,0,20
227000092,49,2,47
227000093,119,0,119
227000094,12,0,12
227000130,27,66,-39
227000131,42,234,-192
227000132,16,237,-221
227000133,19,221,-202
227000134,18,355,-337
227000152,0,2,-2
227000153,0,65,-65
227000154,0,37,-37
227000155,2,18,-16
227000156,2,16,-14
227000165,6,34,-28
227000196,368,308,60
227000199,384,559,-175
227000230,33,419,-386
227000232,701,39,662
227000242,76,573,-497
227000243,469,71,398
227000245,14,360,-346
227000246,110,473,-363
227000247,402,106,296
227000248,178,30,148
227000249,31,195,-164
227000250,431,119,312
227000251,149,140,9
227000252,29,307,-278
227000253,123,28,95
227000262,340,43,297
227000266,1344,22,1322
227000267,67,1597,-1530
227000282,6,201,-195
227000284,522,12,510
227000286,1,103,-102
227000291,25,640,-615
227000296,393,211,182
227000484,266,20,246
227000485,40,980,-940
227000655,158,10,148
227000656,684,29,655
227000657,125,13,112
227000704,326,12,314
229000265,9,8,1
229000266,2,1,1
229000267,7,2,5
229000268,39,1,38
229000269,149,1,148
229000274,0,36,-36
229000275,2,29,-27
229000276,0,24,-24
229000277,0,2,-2
229000278,1,6,-5
229000295,19,45,-26
229000296,104,10,94
229000297,18,44,-26
229000298,9,146,-137
229000320,28,10,18
229000321,59,11,48
229000412,29,70,-41
229000414,15,66,-51
229000415,21,2,19
229000416,4,4,0
229000417,4,19,-15
229000419,196,353,-157
229000440,486,71,415
229000442,29,17,12
229000443,6,6,0
229000444,8,29,-21
229000445,81,9,72
229000446,67,18,49
229000491,7,14,-7
229000492,6,87,-81
229000493,7,71,-64
229000494,24,6,18
229000495,89,3,86
229000496,37,4,33
229000507,0,71,-71
229000508,0,34,-34
229000509,1,64,-63
229000510,2,43,-41
229000511,5,62,-57
229000512,0,32,-32
229000513,0,16,-16
229000514,0,3,-3
229000517,3,11,-8
229000518,16,22,-6
229000519,2,13,-11
229000520,20,29,-9
229000521,48,7,41
229000522,7,7,0
229000523,17,15,2
229000524,5,1,4
229000527,2,0,2
229000528,0,0,0
229000529,4,0,4
229000530,65,1,64
229000531,43,4,39
229000532,54,3,51
229000533,84,0,84
229000534,60,1,59
229000564,52,0,52
229000565,12,0,12
229000566,0,12,-12
229000567,0,46,-46
229000582,86,1,85
229000583,0,0,0
229000584,0,33,-33
229000585,0,61,-61
229000718,0,1,-1
229000719,0,1,-1
229000720,0,7,-7
229000721,0,12,-12
229000722,0,12,-12
229000723,0,6,-6
229000724,0,4,-4
229000725,0,2,-2
229000738,0,0,0
229000739,2,0,2
229000740,4,0,4
229000741,21,0,21
229000742,9,0,9
229000743,9,1,8
229000744,1,0,1
229000745,1,0,1
229000746,28,0,28
229000847,44,1,43
229000848,19,0,19
229000849,98,2,96
229000851,27,0,27
229000854,0,24,-24
229000856,1,96,-95
229000857,0,31,-31
229000858,0,70,-70
229000919,44,107,-63
229000930,8,380,-372
229000937,92,27,65
229000966,64,20,44
229000981,23,49,-26
229000985,13,34,-21
229000986,3,5,-2
229000987,0,0,0
229000988,6,9,-3
229000989,28,25,3
229000990,7,2,5
229000991,1,1,0
229000992,16,15,1
229000993,171,59,112
229000998,13,72,-59
229000999,55,21,34
229001034,1,27,-26
229001035,1,2,-1
229001036,2,80,-78
229001037,35,3,32
229001038,0,11,-11
229001039,6,3,3
229001040,0,93,-93
229001041,68,0,68
229001042,18,22,-4
229001047,10,45,-35
229001050,34,22,12
229001168,0,17,-17
229001200,12,10,2
229001338,3,99,-96
229001394,205,0,205
229001422,88,30,58
229001423,57,171,-114
229001431,52,65,-13
229001432,106,77,29
229001444,244,59,185
229001445,53,194,-141
229001479,12,3,9
229001503,140,113,27
229001504,98,191,-93
229001505,106,57,49
229001506,154,219,-65
229001509,75,22,53
229001510,8,46,-38
229001545,99,4,95
229001546,43,96,-53
229001553,84,24,60
229001554,69,116,-47
229001630,92,42,50
229001631,27,36,-9
229001635,1,8,-7
229001636,11,0,11
229001658,0,129,-129
229001659,91,2,89
229001660,8,11,-3
229001661,11,27,-16
229001662,10,1,9
229001663,1,55,-54
229002584,282,245,37
229002831,215,179,36
229002841,11,19,-8
229002842,13,54,-41
229002843,79,28,51
229002844,60,68,-8
229002845,14,105,-91
229002846,14,22,-8
229002847,4,9,-5
229002848,5,22,-17
229002849,9,81,-72
229002850,46,0,46
229002851,48,114,-66
229002852,167,35,132
229002853,143,26,117
229002854,37,81,-44
229002855,5,27,-22
229002856,49,37,12
229002857,6,57,-51
229002858,11,26,-15
229002859,14,33,-19
229002860,139,21,118
229002861,302,40,262
229002862,70,71,-1
229002863,57,8,49
229002864,26,56,-30
229002865,13,9,4
229002866,14,32,-18
229002867,2,39,-37
229002868,17,17,0
229002869,27,134,-107
229002870,76,10,66
235000066,547,96,451
235000067,157,114,43
235000072,26,101,-75
235000073,117,446,-329
235000074,29,125,-96
235000080,44,85,-41
235000081,169,183,-14
235000082,169,101,68
235000083,156,151,5
235000084,34,79,-45
235000085,113,77,36
235000089,79,47,32
235000092,35,174,-139
235000093,7,8,-1
235000097,5,12,-7
235000098,72,21,51
235000099,56,32,24
235000116,66,31,35
235000117,818,20,798
235000133,11,484,-473
235000134,11,171,-160
235000206,8,2,6
235000207,1,3,-2
235000208,5,2,3
235000209,7,0,7
235000210,11,4,7
235000212,1,17,-16
235000213,0,13,-13
235000220,0,1,-1
235000221,73,9,64
235000238,20,50,-30
235000239,2,11,-9
235000242,290,415,-125
235000245,558,227,331
235000246,20,83,-63
235000284,14,109,-95
235000295,172,19,153
235000305,244,26,218
235000306,167,7,160
235000307,107,1,106
235000308,77,3,74
235000309,73,1,72
235000310,68,0,68
235000311,165,30,135
235000322,0,37,-37
235000323,0,50,-50
235000324,0,24,-24
235000325,1,13,-12
235000326,19,214,-195
235000351,6,71,-65
235000352,17,50,-33
235000353,8,36,-28
235000354,33,54,-21
235000355,10,47,-37
235000356,989,19,970
235000357,274,10,264
235000358,103,5,98
235000359,25,2,23
235000360,98,16,82
235000361,58,21,37
235000381,119,225,-106
235000382,144,77,67
235000390,9,5,4
235000391,92,37,55
235000392,167,253,-86
235000393,115,123,-8
235000395,116,54,62
235000396,370,105,265
235000400,81,43,38
235000401,52,199,-147
235000405,88,366,-278
235000406,44,307,-263
235000407,155,84,71
235000409,270,159,111
235000410,36,256,-220
235000411,8,69,-61
235000485,0,14,-14
235000486,15,2,13
235000549,154,133,21
235000550,111,211,-100
235000599,109,67,42
235000600,17,11,6
235000601,4,32,-28
235000602,112,77,35
235000614,0,1,-1
235000648,3,27,-24
235000649,36,7,29
235000685,3,7,-4
235000815,11,34,-23
235000834,1,13,-12
235000855,86,66,20
235000862,42,156,-114
235000891,0,9,-9
235000892,21,1,20
235000901,231,85,146
235000907,5,8,-3
235001010,73,99,-26
235001029,626,462,164
235001030,312,304,8
235001078,79,85,-6
235001079,75,125,-50
235001147,7,79,-72
235001166,6,80,-74
235001167,18,71,-53
235001169,23,378,-355
235001188,1,6,-5
235001189,1,1,0
235001197,8,22,-14
235001200,52,42,10
235001207,241,13,228
235001210,77,123,-46
235001215,37,105,-68
235001239,1,61,-60
235001244,0,3,-3
235016267,0,47,-47
277101746,0,2,-2
277102712,0,0,0
277103813,0,0,0
277103814,0,0,0
277103898,0,5,-5
277104249,0,0,0
277104250,0,4,-4
277104251,0,3,-3
277104252,0,1,-1
990011530,0,209,-209
990014944,2,770,-768
990015176,25,2,23
990015618,2,275,-273
990016032,0,488,-488
990032570,3,297,-294
990070001,97,4,93
990070103,0,4,-4
990070601,0,61,-61
990070751,1006,6,1000
990070766,2,612,-610
990071180,644,244,400
990071343,25,0,25
990071387,0,22,-22
990071823,704,5,699
990072600,9,860,-851
990072964,0,451,-451
990073285,1,2,-1
990074393,6,1001,-995
990074870,1283,31,1252
990075106,1557,91,1466
990075746,494,10,484
990076437,1270,1,1269
990076458,1,1015,-1014
997000007,729,10,719
997000041,0,250,-250
997000058,79,3,76
997000062,68,1,67
997000069,0,4,-4
997000070,0,30,-30
997000100,28,1,27
997000141,6,2176,-2170
997000198,14,1322,-1308
998000475,4,49,-45
998000736,0,191,-191
998000965,0,19,-19
998001031,0,66,-66
998001700,1,41,-40
998001899,0,1,-1
998001900,36,8,28
998003073,1890,13,1877
998101900,0,0,0
998102850,9,206,-197
998501927,1073,587,486
998501929,81,5,76
998501930,74,1,73
998501931,151,15,136
998501932,7,0,7
998501933,61,3,58
998501937,20,2,18
998501944,8,5,3
998501950,0,0,0
998501970,127,19,108
998501971,1,104,-103
998501973,0,98,-98
998501974,5,306,-301
998501975,318,32,286
998501976,84,0,84
998501977,0,33,-33
998501978,47,1,46
998501979,0,24,-24
998501980,78,0,78
998501981,49,2,47
998501982,0,136,-136
998502006,0,0,0
998502024,1,6,-5
998502032,0,9,-9
998502062,62,11,51
998502063,0,0,0
998502173,2,0,2
998502269,0,1,-1
998601159,4,253,-249
998601292,1,26,-25
999033574,0,351,-351
999800001,85,4,81
999800002,0,6,-6
999800003,4,2,2
999800004,0,2,-2
999800005,0,14,-14
