ID,insum,outsum,diff
100000001,0,1,-1
100000002,1133,1988,-855
100000003,2285,3046,-761
100000004,161,681,-520
100000005,1208,1802,-594
100000006,76,87,-11
100000007,371,392,-21
100000008,44,15,29
100000009,27,202,-175
100000010,0,58,-58
100000011,92,29,63
100000012,31,39,-8
100000013,1,33,-32
100000014,12,15,-3
100000015,390,684,-294
100000016,65,189,-124
100000017,39,90,-51
100000018,176,131,45
100000019,386,642,-256
100000020,211,1162,-951
100000021,316,193,123
100000022,293,798,-505
100000023,513,404,109
100000025,194,786,-592
100000028,326,378,-52
100000029,5,32,-27
100000030,46,3,43
100000031,538,2031,-1493
100000032,264,972,-708
100000033,187,809,-622
100000034,17,147,-130
100000035,197,418,-221
100000036,167,314,-147
100000037,233,102,131
100000038,747,293,454
100000039,41,37,4
100000040,23,111,-88
100000041,264,137,127
100000042,270,92,178
100000043,133,77,56
100000044,20,16,4
100000045,43,56,-13
100000046,166,48,118
100000047,49,27,22
100000048,31,124,-93
100000049,206,137,69
100000051,89,82,7
100000053,28,0,28
100000054,54,1,53
100000055,77,12,65
100000056,81,97,-16
100000057,489,100,389
100000058,53,106,-53
100000059,11,61,-50
100000060,106,118,-12
100000061,452,151,301
100000062,270,192,78
100000063,278,93,185
100000064,204,98,106
100000065,114,118,-4
100000066,37,60,-23
100000067,67,167,-100
100000068,130,133,-3
100000069,26,162,-136
100000072,10,59,-49
100000073,171,205,-34
100000075,200,27,173
100000076,441,1668,-1227
100000077,42,178,-136
100000078,15,68,-53
100000079,2,28,-26
100000080,1,43,-42
100000081,0,27,-27
100000102,797,1596,-799
100000103,394,512,-118
100000104,348,343,5
100000105,224,357,-133
100000106,251,1463,-1212
100000107,12,519,-507
100000108,55,54,1
100000109,618,291,327
100000116,365,425,-60
100000117,3,35,-32
100000118,1474,354,1120
100000119,488,379,109
100000121,26,171,-145
100000122,103,369,-266
100000123,1627,1826,-199
100000124,718,858,-140
100000125,423,836,-413
100000126,122,317,-195
100000127,265,337,-72
100000128,17,421,-404
100000129,52,120,-68
100000130,327,234,93
100000131,163,206,-43
100000132,214,826,-612
100000133,824,251,573
100000135,120,355,-235
100000139,157,179,-22
100000140,0,0,0
100000142,193,110,83
100000143,40,74,-34
100000144,456,60,396
100000147,580,2963,-2383
100000150,54,91,-37
100000151,112,667,-555
100000153,15,79,-64
100000154,3,133,-130
100000155,0,21,-21
100000156,38,82,-44
100000157,506,90,416
100000158,22,52,-30
100000159,16,284,-268
100000165,411,161,250
100000169,10,186,-176
100000174,28,102,-74
100000179,18,399,-381
100000180,147,38,109
100000181,33,72,-39
100000188,10,28,-18
100000189,293,83,210
100000190,169,451,-282
100000191,53,148,-95
100000192,3,76,-73
100000193,34,68,-34
100000330,236,355,-119
100000355,19,60,-41
100000362,750,379,371
100000363,2731,3240,-509
100000364,146,43,103
100000365,4225,3650,575
100000366,866,707,159
100000367,2905,3035,-130
100000368,82,52,30
100000369,118,1077,-959
100000370,9,512,-503
100000376,10,208,-198
100000379,264,1292,-1028
100000380,1635,2580,-945
100000384,1840,2677,-837
100000385,415,2257,-1842
100000386,918,1859,-941
100000387,645,3521,-2876
100000388,1361,1143,218
100000389,1383,2759,-1376
100000390,821,642,179
100000391,2086,3912,-1826
100000392,193,569,-376
100000393,181,1952,-1771
100000394,640,1109,-469
100000395,408,926,-518
100000396,908,524,384
100000397,436,1241,-805
100000398,5987,1892,4095
100900002,0,0,0
100900003,40,43,-3
100900004,4,7,-3
100900005,0,0,0
100900006,0,0,0
100900007,0,0,0
100900008,0,2,-2
100900009,1,1,0
100900010,0,0,0
100900011,0,0,0
100900012,0,4,-4
100900013,0,0,0
100900014,0,0,0
100900015,0,0,0
100900016,0,1,-1
100900017,54,27,27
100900018,0,0,0
100900019,0,0,0
100900020,0,0,0
100900021,45,1,44
100900022,0,0,0
100900023,0,0,0
100900024,0,0,0
100900025,0,0,0
100900026,0,0,0
100900027,1,183,-182
100900028,14,11,3
100900029,0,0,0
100900030,0,0,0
100900031,119,23,96
100900032,67,0,67
100900033,0,0,0
100900034,0,0,0
100900035,0,0,0
100900036,0,0,0
100900037,0,0,0
100900038,0,0,0
100900039,22,1,21
100900040,120,3,117
100900041,103,0,103
100900042,5,12,-7
100900043,0,12,-12
100900044,44,0,44
100900045,0,0,0
100900046,79,1,78
100900047,85,7,78
100900048,0,0,0
100900049,0,0,0
100900050,0,0,0
100900051,0,0,0
100900052,0,0,0
100900053,0,0,0
100900054,0,0,0
100900055,0,0,0
100900056,0,0,0
100900057,51,1,50
100900058,0,0,0
100900059,0,0,0
100900060,0,0,0
100900061,0,0,0
100900062,0,0,0
100900063,16,92,-76
100900064,13,3,10
100900065,0,0,0
100900066,3,0,3
100900067,1,0,1
100900068,0,0,0
100900069,0,0,0
100900070,0,0,0
100900071,0,0,0
100900072,0,0,0
100900073,0,0,0
100900074,0,0,0
100900075,6,0,6
100900076,0,1,-1
100900077,1,1,0
100900078,0,0,0
100900079,0,0,0
100900080,3,12,-9
100900081,0,0,0
100900082,0,0,0
100900083,0,0,0
100900085,0,0,0
100900086,0,0,0
100900088,0,0,0
100900089,0,0,0
100900090,1,5,-4
100900091,0,0,0
100900092,29,1,28
100900093,0,0,0
100900094,0,0,0
100900095,0,0,0
100900096,2,0,2
100900097,0,0,0
100900098,0,0,0
100900099,0,0,0
100900100,0,0,0
100900101,1,0,1
100900102,0,0,0
100900103,0,0,0
100900104,0,0,0
100900105,0,0,0
100900106,0,0,0
100900107,0,0,0
100900108,0,0,0
100900109,0,0,0
100900110,1,0,1
100900111,0,0,0
100900112,0,0,0
100900113,0,0,0
100900114,0,0,0
100900115,0,0,0
100900116,10,0,10
100900117,0,0,0
100900118,0,0,0
100900119,0,0,0
100900120,0,0,0
100900121,7,0,7
100900122,0,0,0
100900123,0,0,0
100900124,0,0,0
100900125,0,0,0
100900126,0,0,0
100900127,0,0,0
100900128,0,0,0
100900129,0,0,0
100900131,1,0,1
100900133,0,0,0
100900134,0,0,0
100900135,0,0,0
100900137,0,0,0
100900138,0,0,0
100900139,0,0,0
100900140,0,0,0
100900141,0,0,0
100900142,0,0,0
100900143,0,0,0
100900144,0,0,0
100900145,0,0,0
100900146,0,0,0
100900147,0,0,0
100900148,0,0,0
100900149,0,0,0
100900150,0,0,0
100900151,1,0,1
100900152,0,0,0
100900153,0,0,0
100900154,0,0,0
100900155,0,0,0
100900156,0,0,0
100900157,0,0,0
100900158,0,0,0
100900159,0,0,0
100900160,0,0,0
100900161,0,0,0
100900162,0,0,0
100900163,0,0,0
100900164,0,0,0
100900165,0,0,0
100900166,0,0,0
100900167,0,0,0
100900168,0,0,0
100900169,2,4,-2
100900170,0,0,0
100900171,0,0,0
100900172,0,0,0
100900173,0,0,0
100900174,0,0,0
100900176,0,0,0
100900177,0,0,0
100900178,24,3,21
100900179,0,0,0
100900180,0,0,0
100900181,0,0,0
100900182,2,2,0
100900184,0,17,-17
100900186,0,0,0
100900187,0,0,0
100900188,0,0,0
100900189,0,0,0
100900191,0,0,0
100900192,0,0,0
100900195,0,0,0
100900197,270,220,50
100900198,0,1,-1
100900199,21,2,19
100900200,0,0,0
100900201,0,0,0
100900202,0,0,0
100900203,0,0,0
100900204,0,0,0
100900205,0,0,0
100900206,0,0,0
100900207,0,0,0
100900210,0,0,0
100900211,0,0,0
100900213,0,0,0
100900214,45,2,43
100900215,0,0,0
101000001,416,944,-528
101000002,200,783,-583
101000003,12,363,-351
101000004,2711,4113,-1402
101000005,2106,3431,-1325
101000006,2080,3503,-1423
101000007,536,2446,-1910
101000008,1038,2199,-1161
101000009,832,301,531
101000010,154,269,-115
101000011,55,176,-121
101000012,73,23,50
101000013,142,302,-160
101000014,133,471,-338
101000015,632,436,196
101000016,31,373,-342
101000017,78,187,-109
101000018,580,499,81
101000020,659,155,504
101000021,45,230,-185
101000022,4,4,0
101000023,151,250,-99
101000025,78,196,-118
101000026,48,3,45
101000027,950,1305,-355
101000028,9,7,2
101000029,19,642,-623
101000030,116,30,86
101000031,79,526,-447
101000032,1296,1862,-566
101000033,214,1045,-831
101000034,235,942,-707
101000035,56,112,-56
101000036,187,673,-486
101000037,255,1341,-1086
101000039,154,609,-455
101000040,380,1169,-789
101000041,1589,3129,-1540
101000042,29,417,-388
101000043,1114,1905,-791
101000045,104,294,-190
101000046,635,1041,-406
101000047,783,1640,-857
101000048,45,128,-83
101000049,48,250,-202
101000050,176,990,-814
101000051,111,1337,-1226
101000052,433,1338,-905
101000053,91,421,-330
101000054,241,143,98
101000055,476,1312,-836
101000056,30,97,-67
101000057,126,480,-354
101000058,309,1200,-891
101000059,793,1824,-1031
101000060,75,122,-47
101000061,129,1936,-1807
101000062,52,125,-73
101000063,118,1101,-983
101000064,78,339,-261
101000065,29,537,-508
101000066,121,583,-462
101000067,60,112,-52
101000068,96,351,-255
101000069,100,58,42
101000070,216,109,107
101000071,512,616,-104
101000072,1356,917,439
101000073,880,709,171
101000074,2925,1630,1295
101000075,4391,800,3591
101000077,1620,514,1106
101000078,762,576,186
101000079,921,383,538
101000080,488,25,463
101000081,686,621,65
101000082,1039,560,479
101000083,962,757,205
101000084,245,95,150
101000085,918,654,264
101000086,65,137,-72
101000087,91,141,-50
101000088,630,583,47
101000089,342,650,-308
101000090,218,132,86
101000091,214,181,33
101000092,520,222,298
101000093,550,355,195
101000094,73,70,3
101000095,66,68,-2
101000096,393,335,58
101000097,60,112,-52
101000098,69,350,-281
101000099,308,511,-203
101000100,153,547,-394
101000101,178,259,-81
101000102,94,300,-206
101000103,216,236,-20
101000104,34,328,-294
101000105,36,121,-85
101000106,2,159,-157
101000107,7,39,-32
101000108,98,25,73
101000109,53,19,34
101000110,24,39,-15
101000111,2,51,-49
101000113,52,318,-266
101000114,804,1259,-455
101000115,0,0,0
101000116,0,0,0
101000117,0,0,0
101000119,1,57,-56
101000120,0,16,-16
101000121,1,4,-3
101000122,0,13,-13
101000123,0,7,-7
101000124,297,71,226
101000125,34,26,8
101000128,46,116,-70
101000130,586,148,438
101000131,406,261,145
101000132,22,75,-53
101000135,0,38,-38
101000136,14,18,-4
101000137,16,305,-289
101000141,214,2309,-2095
101000147,125,62,63
101000148,99,0,99
101000149,0,0,0
101000150,49,96,-47
101000151,29,1,28
101000152,64,39,25
101000153,148,59,89
101000154,121,81,40
101000155,10,0,10
101000156,0,2,-2
101000157,3,5,-2
101000160,0,0,0
101000163,33,247,-214
101000164,29,32,-3
101000165,189,112,77
101000166,76,183,-107
101000168,28,16,12
101000252,815,162,653
101000254,0,0,0
101000258,192,8,184
101000261,521,37,484
101000262,259,1794,-1535
101000263,78,721,-643
101000265,7,270,-263
101000266,60,21,39
101000269,0,0,0
101000290,77,1263,-1186
101000293,0,0,0
101000294,135,99,36
101000295,45,94,-49
101000301,24,212,-188
101000304,541,1223,-682
101000305,697,659,38
101900001,13,0,13
101900002,0,0,0
101900003,0,0,0
101900004,0,0,0
101900005,0,0,0
101900006,0,0,0
101900007,0,0,0
101900008,0,0,0
101900009,0,0,0
101900010,0,0,0
101900011,0,0,0
101900012,0,0,0
101900013,0,0,0
101900017,0,0,0
101900018,10,1,9
101900019,2,1,1
101900020,16,3,13
101900021,0,0,0
101900022,13,6,7
101900023,0,0,0
102000001,488,2089,-1601
102000002,821,227,594
102000003,312,1719,-1407
102000004,540,1018,-478
102000005,222,1215,-993
102000006,171,992,-821
102000007,128,1689,-1561
102000008,1445,840,605
102000009,2000,2801,-801
102000010,761,905,-144
102000011,1364,2593,-1229
102000012,1269,1181,88
102000018,384,366,18
102000019,40,369,-329
102000026,6,81,-75
102000029,111,43,68
102000030,10,41,-31
102000031,0,27,-27
102000032,53,103,-50
102000033,74,135,-61
102000034,32,34,-2
102000035,75,83,-8
102000036,0,48,-48
102000037,5,17,-12
102000038,16,18,-2
102000039,3,23,-20
102000040,20,47,-27
102000041,0,86,-86
102000042,9,91,-82
102000043,1,12,-11
102000044,54,172,-118
102000045,68,289,-221
102000046,169,135,34
102000047,165,220,-55
102000048,97,219,-122
102000049,293,276,17
102000050,118,170,-52
102000051,79,120,-41
102000052,382,203,179
102000053,353,249,104
102000054,106,140,-34
102000055,143,16,127
102000056,347,53,294
102000057,208,86,122
102000058,58,79,-21
102000059,96,90,6
102000060,342,455,-113
102000061,114,127,-13
102000062,647,427,220
102000063,87,303,-216
102000064,400,527,-127
102000065,9,39,-30
102000066,228,141,87
102000067,479,1406,-927
102000068,1110,739,371
102000069,12,395,-383
102000070,476,10,466
102000071,2694,3517,-823
102000072,668,793,-125
102000073,97,135,-38
102000074,164,60,104
102000075,96,74,22
102000076,79,55,24
102000077,616,163,453
102000078,524,85,439
102000079,43,21,22
102000080,86,28,58
102000081,69,167,-98
102000082,56,173,-117
102000083,192,42,150
102000084,210,57,153
102000085,236,172,64
102000086,453,203,250
102000087,93,273,-180
102000088,144,53,91
102000089,524,76,448
102000090,104,360,-256
102000091,537,289,248
102000092,176,216,-40
102000093,143,238,-95
102000094,311,81,230
102000095,112,261,-149
102000096,1312,201,1111
102000097,448,239,209
102000098,288,310,-22
102000099,589,241,348
102000100,51,189,-138
102000101,100,203,-103
102000102,118,239,-121
102000103,98,309,-211
102000104,90,174,-84
102000105,73,70,3
102000106,91,36,55
102000107,416,46,370
102000108,145,40,105
102000109,193,63,130
102000110,671,84,587
102000111,0,39,-39
102000112,21,13,8
102000113,2,3,-1
102000114,84,92,-8
102000115,24,41,-17
102000116,34,207,-173
102000117,13,107,-94
102000118,205,586,-381
102000119,120,225,-105
102000120,38,285,-247
102000121,90,210,-120
102000122,135,408,-273
102000123,113,170,-57
102000124,112,289,-177
102000125,128,93,35
102000126,70,198,-128
102000127,216,68,148
102000128,77,220,-143
102000129,155,96,59
102000130,141,431,-290
102000131,264,234,30
102000132,37,384,-347
102000133,1091,260,831
102000134,167,203,-36
102000135,41,240,-199
102000136,25,67,-42
102000137,28,19,9
102000138,52,22,30
102000139,50,51,-1
102000140,3,19,-16
102000141,10,15,-5
102000142,56,22,34
102000143,67,24,43
102000144,92,30,62
102000145,35,31,4
102000146,121,33,88
102000147,31,43,-12
102000148,7,85,-78
102000149,53,66,-13
102000150,125,13,112
102000151,26,64,-38
102000152,33,25,8
102000153,208,95,113
102000154,46,37,9
102000155,52,81,-29
102000156,29,6,23
102000157,1,61,-60
102000158,7,96,-89
102000159,23,49,-26
102000161,46,258,-212
102000162,4,39,-35
102000163,16,215,-199
102000164,64,325,-261
102000165,0,0,0
102000166,1,35,-34
102000167,0,0,0
102000168,21,47,-26
102000169,12,122,-110
102000170,0,0,0
102000171,0,0,0
102000172,2,55,-53
102000173,70,127,-57
102000174,6,8,-2
102000175,108,7,101
102000176,12,16,-4
102000178,17,31,-14
102000179,89,70,19
102000180,167,51,116
102000181,240,125,115
102000182,237,105,132
102000183,718,185,533
102000184,191,74,117
102000185,943,164,779
102000186,231,116,115
102000187,99,80,19
102000188,431,396,35
102000189,455,57,398
102000190,334,741,-407
102000191,225,68,157
102000192,116,296,-180
102000193,19,30,-11
102000194,17,39,-22
102000195,168,41,127
102000196,64,32,32
102000197,268,29,239
102000198,88,55,33
102000199,253,15,238
102000200,133,129,4
102000201,245,31,214
102000202,1,1,0
102000203,19,7,12
102000204,132,124,8
102000205,319,127,192
102000206,70,25,45
102000207,264,97,167
102000208,61,81,-20
102000209,14,11,3
102000210,64,5,59
102000211,54,1,53
102000212,216,12,204
102000213,0,0,0
102000214,76,3,73
102000215,0,0,0
102000216,43,42,1
102000217,0,10,-10
102000218,71,75,-4
102000219,0,3,-3
102000225,245,235,10
102000226,0,0,0
102000227,38,1,37
102000228,0,0,0
102000229,6,14,-8
102000230,55,85,-30
102000231,54,202,-148
102000232,16,87,-71
102000233,16,80,-64
102000234,15,629,-614
102000236,5,7,-2
102000237,38,10,28
102000238,7,11,-4
102000240,0,1,-1
102000241,22,0,22
102000243,0,40,-40
102000245,0,0,0
102000246,5,51,-46
102000247,3,143,-140
102000248,92,346,-254
102000249,43,2,41
102000250,21,59,-38
102000254,79,42,37
102000266,8,18,-10
102000271,7,0,7
102000286,54,59,-5
102000297,181,107,74
102000299,0,0,0
102000302,0,0,0
102000305,0,0,0
102000306,0,0,0
102000307,0,0,0
102000308,0,0,0
102900001,101,24,77
102900002,41,4,37
102900003,0,0,0
102900005,95,13,82
102900006,41,4,37
102900007,151,0,151
102900008,5,3,2
102900009,13,0,13
102900010,73,2,71
102900011,0,0,0
102900012,0,0,0
102900013,0,0,0
102900015,0,0,0
102900016,0,0,0
102900017,0,0,0
102900018,0,0,0
102900019,0,0,0
102900020,0,0,0
102900021,0,0,0
102900022,0,0,0
102900023,0,0,0
102900024,0,0,0
102900025,0,0,0
102900026,0,126,-126
102900027,0,0,0
102900028,0,62,-62
102900029,0,0,0
102900030,1,14,-13
102900031,35,18,17
102900032,0,0,0
102900033,0,0,0
102900034,80,4,76
102900035,0,0,0
102900036,71,19,52
102900037,47,27,20
102900038,75,9,66
102900039,6,0,6
102900040,0,0,0
102900041,0,0,0
102900042,0,0,0
102900043,0,0,0
102900044,0,0,0
102900045,0,0,0
102900046,0,0,0
102900047,0,0,0
102900048,0,0,0
102900049,0,0,0
102900050,0,0,0
102900051,0,0,0
102900052,0,0,0
102900053,0,0,0
102900054,0,0,0
102900055,0,0,0
102900056,0,0,0
102900057,0,0,0
102900058,0,0,0
102900059,0,0,0
102900060,1,7,-6
102900061,0,18,-18
102900062,31,22,9
102900063,70,5,65
102900064,0,69,-69
102900065,69,1,68
102900066,5,0,5
102900068,0,0,0
102900070,0,0,0
102900072,0,0,0
102900073,0,0,0
102900074,0,0,0
102900075,0,0,0
102900076,0,0,0
102900077,0,0,0
102900078,0,0,0
102900079,35,0,35
102900080,37,5,32
102900081,0,0,0
102900082,0,0,0
102900083,0,0,0
102900084,0,0,0
102900085,0,0,0
102900086,0,0,0
102900087,0,0,0
102900088,0,0,0
102900089,0,0,0
102900090,0,0,0
102900091,0,0,0
102900092,0,0,0
102900093,0,0,0
102900094,0,0,0
102900095,8,0,8
102900096,0,0,0
102900097,0,0,0
103000001,1981,1218,763
103000002,1031,1026,5
103000003,749,1075,-326
103000004,234,311,-77
103000005,853,992,-139
103000006,372,625,-253
103000007,227,215,12
103000008,138,68,70
103000009,403,302,101
103000010,59,33,26
103000011,293,478,-185
103000012,378,671,-293
103000013,273,464,-191
103000014,549,1278,-729
103000015,122,37,85
103000016,186,401,-215
103000017,101,188,-87
103000018,139,122,17
103000019,142,145,-3
103000020,255,337,-82
103000021,1591,1371,220
103000022,142,320,-178
103000023,359,1199,-840
103000024,12,48,-36
103000025,11,325,-314
103000026,122,44,78
103000027,52,171,-119
103000028,136,120,16
103000029,65,42,23
103000030,244,356,-112
103000031,381,963,-582
103000032,591,526,65
103000033,2245,1936,309
103000034,526,414,112
103000035,102,536,-434
103000036,65,146,-81
103000037,214,128,86
103000038,329,539,-210
103000039,151,83,68
103000040,89,280,-191
103000041,614,429,185
103000042,516,97,419
103000043,347,296,51
103000044,39,9,30
103000046,19,57,-38
103000047,114,142,-28
103000048,82,10,72
103000049,24,36,-12
103000050,83,2,81
103000051,15,42,-27
103000052,44,4,40
103000053,8,26,-18
103000054,753,134,619
103000055,978,473,505
103000056,279,314,-35
103000057,364,145,219
103000058,212,91,121
103000059,338,199,139
103000060,295,76,219
103000061,244,371,-127
103000062,157,52,105
103000063,292,243,49
103000064,8,27,-19
103000065,0,16,-16
103000066,34,2,32
103000069,78,31,47
103000070,144,74,70
103000071,232,161,71
103000072,88,72,16
103000073,373,26,347
103000074,192,23,169
103000075,14,109,-95
103000076,85,237,-152
103000077,1,84,-83
103000078,263,208,55
103000079,52,222,-170
103000080,288,143,145
103000081,84,394,-310
103000082,174,11,163
103000083,2,70,-68
103000084,10,1,9
103000085,0,4,-4
103000086,423,173,250
103000087,81,259,-178
103000088,181,122,59
103000089,76,276,-200
103000090,2951,2044,907
103000091,637,787,-150
103000092,384,122,262
103000093,83,102,-19
103000094,127,30,97
103000095,15,36,-21
103000096,228,19,209
103000097,11,64,-53
103000098,303,5,298
103000099,36,59,-23
103000100,29,98,-69
103000101,427,40,387
103000102,12,84,-72
103000103,343,24,319
103000104,28,49,-21
103000105,68,6,62
103000106,0,73,-73
103000107,86,7,79
103000108,639,787,-148
103000109,117,523,-406
103000110,530,702,-172
103000111,35,153,-118
103000112,103,119,-16
103000113,36,278,-242
103000114,604,176,428
103000115,459,482,-23
103000116,456,161,295
103000117,350,157,193
103000118,44,117,-73
103000119,79,92,-13
103000120,1,14,-13
103000121,9,95,-86
103000122,553,839,-286
103000125,0,21,-21
103000126,257,0,257
103000127,0,28,-28
103000128,71,0,71
103000129,0,22,-22
103000130,31,21,10
103000131,28,75,-47
103000132,2,30,-28
103000133,3,5,-2
103000134,78,197,-119
103000135,140,97,43
103000136,99,44,55
103000137,77,262,-185
103000138,178,283,-105
103000139,0,27,-27
103000140,19,20,-1
103000141,0,31,-31
103000142,37,29,8
103000143,0,38,-38
103000144,67,18,49
103000145,0,5,-5
103000150,11,3,8
103000152,28,151,-123
103000153,55,119,-64
103000156,0,39,-39
103000157,100,0,100
103000159,73,30,43
103000162,25,3,22
103000163,0,8,-8
103000164,0,4,-4
103000165,18,96,-78
103000166,42,174,-132
103000167,114,47,67
103000168,77,33,44
103000169,77,170,-93
103000170,607,182,425
103000171,8,21,-13
103000172,399,126,273
103000173,22,15,7
103000174,592,118,474
103000175,57,23,34
103000176,111,236,-125
103000177,60,20,40
103000178,8,13,-5
103000179,51,6,45
103000183,111,7,104
103000185,70,1,69
103000186,103,44,59
103000187,2,0,2
103000188,1,36,-35
103000189,201,237,-36
103000191,160,142,18
103000292,34,152,-118
103000293,43,633,-590
103000295,25,17,8
103000296,14,0,14
103000297,5,2,3
103000504,1,0,1
103000505,0,0,0
103000506,0,19,-19
103000507,115,0,115
103000508,82,16,66
103000509,49,116,-67
103900001,0,0,0
103900002,0,0,0
103900003,26,3,23
103900004,5,0,5
103900005,0,0,0
103900006,0,0,0
103900007,0,0,0
103900008,0,0,0
103900009,59,2,57
103900010,17,0,17
103900011,0,0,0
103900012,0,9,-9
103900013,0,0,0
103900014,10,12,-2
103900015,20,4,16
103900016,0,0,0
103900017,0,0,0
103900018,0,0,0
103900019,0,43,-43
103900020,0,0,0
103900021,12,1,11
103900022,73,2,71
103900023,23,0,23
103900024,3,10,-7
103900025,0,0,0
103900026,0,0,0
103900027,64,4,60
103900028,5,8,-3
103900029,112,1,111
103900030,23,0,23
103900031,5,0,5
103900032,1,8,-7
103900033,1,1,0
103900034,0,2,-2
103900035,0,0,0
103900036,2,3,-1
103900037,0,2,-2
103900038,1,24,-23
103900039,0,0,0
103900040,0,0,0
103900041,0,0,0
103900042,0,0,0
103900043,0,0,0
103900044,1,61,-60
103900045,7,2,5
103900047,0,0,0
103900048,0,1,-1
103900049,0,0,0
103900050,3,0,3
103900051,0,0,0
103900052,0,0,0
103900053,0,0,0
103900054,0,0,0
103900055,0,0,0
103900056,0,0,0
103900057,39,6,33
103900058,0,0,0
103900059,0,0,0
103900060,60,1,59
103900061,35,0,35
103900062,0,0,0
103900063,0,0,0
103900064,9,0,9
103900065,36,3,33
103900066,33,0,33
103900067,15,1,14
103900068,0,0,0
103900069,0,0,0
103900070,3,2,1
103900071,0,1,-1
103900072,0,0,0
103900073,0,5,-5
103900074,6,0,6
103900075,0,0,0
103900076,0,0,0
103900077,0,19,-19
103900078,4,1,3
103900079,0,0,0
103900080,0,0,0
103900081,0,0,0
103900082,0,0,0
103900083,31,246,-215
103900084,0,0,0
103900085,0,0,0
103900086,28,31,-3
103900087,0,0,0
103900088,3,26,-23
103900089,0,0,0
103900090,0,0,0
103900091,0,0,0
103900092,0,0,0
103900093,87,4,83
103900094,0,0,0
103900095,0,0,0
103900096,65,0,65
103900097,0,0,0
103900098,0,0,0
103900099,23,0,23
103900100,0,0,0
103900101,0,0,0
103900102,0,0,0
103900104,1,0,1
103900105,0,0,0
103900106,0,0,0
103900107,24,1,23
103900108,1,17,-16
103900109,25,0,25
103900110,0,0,0
103900111,0,0,0
103900112,0,0,0
103900113,0,0,0
103900114,0,0,0
103900115,0,0,0
103900116,1,18,-17
103900117,4,0,4
103900119,2,53,-51
103900120,0,1,-1
103900122,0,0,0
103900123,0,0,0
103900124,0,0,0
103900125,0,0,0
103900126,26,12,14
103900127,0,2,-2
103900128,0,0,0
103900131,0,0,0
103900133,97,0,97
103900134,0,0,0
103900135,1,0,1
103900137,0,0,0
103900138,0,0,0
103900139,18,68,-50
103900140,0,0,0
103900141,16,0,16
103900142,35,0,35
103900143,0,0,0
103900144,0,0,0
103900145,3,8,-5
103900146,6,2,4
103900147,0,0,0
103900148,0,0,0
103900149,9,0,9
103900150,121,55,66
103900151,0,0,0
103900152,165,5,160
103900153,0,0,0
103900154,0,2,-2
103900155,5,0,5
103900156,0,0,0
103900157,3,0,3
103900158,7,0,7
103900159,0,0,0
103900160,0,0,0
103900161,2,1,1
103900162,0,0,0
103900163,0,0,0
103900164,0,0,0
103900167,0,12,-12
103900168,12,2,10
103900169,1,15,-14
103900170,0,0,0
103900171,0,0,0
103900172,0,0,0
103900173,0,0,0
103900174,29,0,29
103900175,0,27,-27
103900176,0,0,0
103900177,0,0,0
103900178,0,0,0
103900179,0,0,0
103900180,0,0,0
103900181,0,0,0
103900182,0,0,0
103900184,0,0,0
103900185,0,0,0
103900187,0,3,-3
103900188,1,0,1
103900189,1,0,1
103900190,3,0,3
103900191,0,0,0
103900192,0,0,0
103900193,0,0,0
103900194,0,0,0
103900195,0,0,0
103900196,0,0,0
103900197,0,0,0
103900198,0,0,0
103900199,0,0,0
103900200,0,0,0
103900201,0,0,0
103900202,0,0,0
103900203,1,0,1
103900204,0,0,0
103900207,0,0,0
103900208,3,0,3
103900209,0,0,0
103900210,0,0,0
103900211,97,7,90
103900212,0,0,0
103900213,0,0,0
103900214,114,207,-93
103900215,0,0,0
103900216,0,1,-1
103900217,6,0,6
103900218,0,0,0
103900219,0,0,0
103900233,0,0,0
103900235,0,0,0
103900236,0,0,0
103900242,0,0,0
103900243,0,0,0
103900244,8,2,6
103900245,0,0,0
103900246,0,1,-1
103900247,0,0,0
103900248,0,0,0
103900249,0,0,0
103900250,0,0,0
103900251,0,0,0
103900253,0,0,0
103900254,0,0,0
103900255,0,0,0
103900256,0,0,0
103900257,0,0,0
103900258,0,0,0
103900259,0,0,0
103900261,0,0,0
103900262,0,0,0
103900263,0,0,0
103900264,0,0,0
103900265,0,0,0
103900266,0,0,0
103900267,0,0,0
104000001,693,476,217
104000002,987,1281,-294
104000003,711,916,-205
104000004,1203,1216,-13
104000005,735,1038,-303
104000006,973,648,325
104000007,1773,1175,598
104000008,71,23,48
104000009,350,286,64
104000010,68,174,-106
104000011,20,10,10
104000012,10,24,-14
104000013,147,189,-42
104000014,43,16,27
104000015,155,48,107
104000016,35,10,25
104000018,620,77,543
104000019,705,217,488
104000020,52,225,-173
104000021,88,381,-293
104000022,34,118,-84
104000023,377,84,293
104000024,21,12,9
104000026,0,6,-6
104000027,41,7,34
104000028,481,104,377
104000029,16,14,2
104000030,375,342,33
104000031,590,33,557
104000032,35,20,15
104000033,524,50,474
104000034,50,21,29
104000035,621,67,554
104000036,527,178,349
104000037,16,15,1
104000038,284,78,206
104000039,186,184,2
104000040,44,207,-163
104000041,215,130,85
104000042,188,111,77
104000043,22,114,-92
104000044,70,94,-24
104000045,256,71,185
104000046,141,150,-9
104000047,123,372,-249
104000048,281,702,-421
104000049,259,71,188
104000050,43,128,-85
104000051,19,36,-17
104000052,485,518,-33
104000053,392,56,336
104000054,222,13,209
104000055,837,236,601
104000056,243,10,233
104000057,0,0,0
104000058,482,158,324
104000059,241,467,-226
104000060,266,184,82
104000061,260,137,123
104000062,47,29,18
104000064,160,52,108
104000065,13,73,-60
104000069,375,600,-225
104000070,18,144,-126
104000071,0,0,0
104000072,76,19,57
104000075,0,0,0
104000076,0,0,0
104000082,416,634,-218
104000083,356,67,289
104000084,58,269,-211
104000085,165,60,105
104000086,82,135,-53
104000087,61,112,-51
104000090,43,65,-22
104000092,57,110,-53
104000094,111,44,67
104000095,357,399,-42
104000096,596,0,596
104000097,905,76,829
104000098,1008,92,916
104000100,865,126,739
104000101,510,497,13
104000106,44,98,-54
104000107,439,144,295
104000108,96,28,68
104000109,46,30,16
104000110,179,251,-72
104000111,259,429,-170
104000112,45,53,-8
104000116,0,93,-93
104000117,95,41,54
104000118,274,50,224
104000119,25,51,-26
104000120,86,107,-21
104000121,68,144,-76
104000122,340,204,136
104000123,166,180,-14
104000124,219,663,-444
104000125,211,412,-201
104000126,256,302,-46
104000127,394,679,-285
104000128,382,141,241
104000129,19,0,19
104000130,0,67,-67
104000131,3,3,0
104000132,5,1,4
104000133,256,224,32
104000134,343,543,-200
104000135,89,795,-706
104000136,398,1283,-885
104000137,665,220,445
104000138,56,14,42
104000139,1254,1350,-96
104000141,322,230,92
104000142,165,93,72
104000143,101,23,78
104000144,16,75,-59
104000145,214,81,133
104000146,42,106,-64
104000147,13,54,-41
104000148,95,130,-35
104000149,19,37,-18
104000150,495,126,369
104000151,58,49,9
104000152,142,58,84
104000153,320,299,21
104000154,162,192,-30
104000155,296,339,-43
104000157,352,292,60
104000158,57,146,-89
104000159,199,140,59
104000160,818,1185,-367
104000161,43,34,9
104000162,44,59,-15
104000165,204,161,43
104000167,159,427,-268
104000168,309,1,308
104000169,49,7,42
104000170,11,15,-4
104000248,0,55,-55
104000251,0,0,0
104000272,0,0,0
104000273,0,0,0
104000274,0,0,0
104000275,0,0,0
104000279,215,489,-274
104000290,5,20,-15
104000291,208,358,-150
104000293,316,225,91
104000294,0,0,0
104000295,188,686,-498
104000296,104,113,-9
104000297,165,1159,-994
104000298,389,230,159
104000299,288,599,-311
104900001,0,0,0
104900002,0,0,0
104900003,0,0,0
104900004,0,0,0
104900005,0,0,0
104900006,0,0,0
104900007,0,0,0
104900009,0,0,0
104900010,0,0,0
104900011,0,0,0
104900012,0,0,0
104900013,0,0,0
104900014,0,0,0
104900015,0,0,0
104900016,0,0,0
104900017,1,0,1
104900018,0,0,0
104900019,0,0,0
104900020,0,0,0
104900021,0,0,0
104900022,0,4,-4
104900023,0,0,0
104900024,0,16,-16
104900025,0,0,0
104900026,0,0,0
104900027,0,0,0
104900028,0,0,0
104900029,0,0,0
104900030,0,0,0
104900031,3,1,2
104900032,0,0,0
104900033,0,0,0
104900034,0,0,0
104900035,0,0,0
104900036,0,0,0
104900037,0,0,0
104900038,0,0,0
104900039,0,0,0
104900040,3,0,3
104900041,0,0,0
104900042,0,0,0
104900043,0,0,0
104900044,39,2,37
104900045,0,0,0
104900046,0,0,0
104900047,81,1,80
104900048,75,0,75
104900049,0,0,0
104900050,0,0,0
104900051,8,1,7
104900052,0,0,0
104900053,68,2,66
104900054,11,0,11
104900055,0,0,0
104900056,7,0,7
104900057,0,0,0
104900058,5,0,5
104900059,49,20,29
104900060,0,0,0
104900061,0,0,0
104900063,0,0,0
104900064,0,0,0
104900065,3,0,3
104900066,0,0,0
104900067,0,0,0
104900068,0,0,0
104900070,0,0,0
104900071,0,0,0
104900072,0,0,0
104900073,0,0,0
104900074,0,0,0
104900075,0,0,0
104900076,0,0,0
104900077,0,0,0
104900078,0,0,0
104900079,0,0,0
104900080,0,0,0
104900082,0,0,0
104900085,0,0,0
104900087,14,0,14
104900089,0,0,0
104900090,0,0,0
104900091,0,0,0
104900093,0,0,0
104900097,0,0,0
104900098,0,0,0
104900099,0,0,0
104900100,0,0,0
104900102,0,0,0
104900103,0,0,0
104900104,0,0,0
104900106,0,0,0
104900107,0,0,0
104900108,0,0,0
104900109,0,0,0
104900110,0,0,0
104900111,0,0,0
104900112,0,0,0
104900113,0,0,0
104900114,0,0,0
104900115,0,0,0
104900116,0,0,0
104900118,0,0,0
104900119,0,0,0
104900120,0,0,0
104900121,0,0,0
104900122,0,0,0
104900123,0,0,0
104900124,0,0,0
104900125,16,0,16
104900126,0,0,0
104900127,0,0,0
104900128,12,0,12
104900129,0,0,0
105000001,723,433,290
105000002,643,669,-26
105000003,665,981,-316
105000004,271,523,-252
105000005,300,511,-211
105000006,495,805,-310
105000007,334,694,-360
105000008,372,1338,-966
105000009,1595,1330,265
105000010,960,452,508
105000011,1315,1491,-176
105000012,470,699,-229
105000013,282,568,-286
105000014,1421,1038,383
105000015,3153,4677,-1524
105000016,918,707,211
105000017,873,403,470
105000018,1084,525,559
105000019,641,733,-92
105000020,89,187,-98
105000021,72,10,62
105000022,27,19,8
105000023,153,121,32
105000028,5,85,-80
105000029,111,369,-258
105000030,1300,1049,251
105000033,350,445,-95
105000034,18,314,-296
105000037,205,24,181
105000038,406,451,-45
105000039,183,371,-188
105000040,267,849,-582
105000041,47,248,-201
105000042,794,607,187
105000043,291,263,28
105000044,543,148,395
105000045,130,129,1
105000046,442,122,320
105000047,136,135,1
105000048,461,205,256
105000049,171,103,68
105000050,353,149,204
105000051,62,60,2
105000052,153,215,-62
105000053,119,8,111
105000054,107,163,-56
105000055,279,32,247
105000056,552,349,203
105000057,968,134,834
105000058,271,297,-26
105000059,467,237,230
105000060,302,77,225
105000061,291,113,178
105000062,195,107,88
105000063,41,38,3
105000064,758,164,594
105000065,32,42,-10
105000066,177,125,52
105000067,526,338,188
105000068,51,107,-56
105000069,488,408,80
105000070,273,481,-208
105000071,169,768,-599
105000072,461,1034,-573
105000073,409,306,103
105000074,55,93,-38
105000075,100,256,-156
105000076,358,236,122
105000077,757,221,536
105000078,272,491,-219
105000079,103,230,-127
105000080,1124,1044,80
105000081,172,99,73
105000082,354,667,-313
105000083,1418,1363,55
105000084,30,96,-66
105000085,1678,1017,661
105000086,121,135,-14
105000087,97,167,-70
105000088,888,767,121
105000089,442,522,-80
105000090,171,208,-37
105000091,162,141,21
105000092,94,98,-4
105000093,37,55,-18
105000094,175,84,91
105000095,25,99,-74
105000096,357,452,-95
105000097,86,75,11
105000098,519,280,239
105000099,91,62,29
105000100,468,213,255
105000101,892,510,382
105000102,471,232,239
105000103,498,464,34
105000104,521,169,352
105000105,538,301,237
105000106,600,287,313
105000107,505,168,337
105000108,712,159,553
105000109,682,268,414
105000110,509,91,418
105000111,316,80,236
105000112,374,179,195
105000113,176,316,-140
105000114,522,601,-79
105000115,166,624,-458
105000116,391,219,172
105000117,151,75,76
105000118,215,143,72
105000119,97,56,41
105000120,661,182,479
105000121,209,70,139
105000122,166,123,43
105000123,248,173,75
105000124,748,168,580
105000125,352,180,172
105000126,618,207,411
105000127,1107,203,904
105000128,82,139,-57
105000129,234,56,178
105000130,104,1337,-1233
105000131,46,52,-6
105000132,424,348,76
105000133,129,119,10
105000134,397,147,250
105000135,47,30,17
105000136,0,0,0
105000137,57,49,8
105000138,0,0,0
105000139,144,81,63
105000140,157,55,102
105000141,68,51,17
105000142,254,51,203
105000143,63,172,-109
105000144,56,90,-34
105000145,225,77,148
105000146,0,0,0
105000147,349,44,305
105000148,169,151,18
105000149,605,372,233
105000150,32,42,-10
105000151,183,60,123
105000152,46,77,-31
105000153,222,89,133
105000154,117,68,49
105000155,78,75,3
105000156,48,62,-14
105000157,219,137,82
105000158,677,109,568
105000159,157,77,80
105000160,806,155,651
105000161,174,96,78
105000162,251,619,-368
105000163,273,140,133
105000164,14,66,-52
105000165,44,1772,-1728
105000166,200,311,-111
105000167,338,897,-559
105000168,109,116,-7
105000169,201,21,180
105000170,25,369,-344
105000171,368,45,323
105000172,71,7,64
105000173,86,11,75
105000174,8,14,-6
105000175,0,0,0
105000176,143,17,126
105000177,142,41,101
105000178,62,48,14
105000179,252,2,250
105000180,0,0,0
105000181,39,22,17
105000182,0,0,0
105000183,558,1099,-541
105000184,0,0,0
105000185,140,272,-132
105000186,1,0,1
105000187,183,105,78
105000188,20,89,-69
105000189,2,0,2
105000190,81,102,-21
105000191,2,14,-12
105000192,169,26,143
105000193,25,6,19
105000194,162,8,154
105000195,73,86,-13
105000196,48,134,-86
105000197,7,119,-112
105000198,27,20,7
105000199,20,157,-137
105000200,91,147,-56
105000201,30,6,24
105000203,0,104,-104
105000204,17,33,-16
105000205,48,144,-96
105000207,0,0,0
105000208,65,121,-56
105000209,0,0,0
105000212,332,134,198
105000213,45,7,38
105000214,29,8,21
105000215,55,57,-2
105000216,6,9,-3
105000217,0,0,0
105000218,718,174,544
105000221,60,12,48
105000222,34,33,1
105000223,60,9,51
105000226,24,16,8
105000227,21,50,-29
105000228,4,415,-411
105000229,89,193,-104
105000231,172,28,144
105000233,247,317,-70
105000234,189,327,-138
105000235,194,228,-34
105000237,268,16,252
105000243,106,63,43
105000248,2,13,-11
105000262,177,24,153
105000269,15,48,-33
105000270,226,3,223
105000271,0,8,-8
105000282,14,4,10
105000287,108,22,86
105000288,175,81,94
105000289,449,588,-139
105000290,0,67,-67
105000402,315,926,-611
105000426,26,197,-171
105000438,368,390,-22
105000446,1647,3041,-1394
105000447,1892,448,1444
105000454,0,0,0
105000455,61,38,23
105000474,51,0,51
105000477,118,128,-10
105000478,684,2001,-1317
105000479,55,51,4
105000480,1886,2440,-554
105000481,1072,763,309
105000482,786,1105,-319
105000483,509,1006,-497
105000484,530,992,-462
105000485,1229,1256,-27
105000486,422,1608,-1186
105000488,567,1462,-895
105000489,582,220,362
105000549,22,19,3
105000550,0,0,0
105000551,10,28,-18
105000552,583,257,326
105900001,0,21,-21
105900002,157,37,120
105900003,0,0,0
105900004,0,0,0
105900005,0,0,0
105900006,2,0,2
105900007,0,0,0
105900008,0,0,0
105900009,0,0,0
105900011,2,0,2
105900012,18,10,8
105900013,0,14,-14
105900014,8,5,3
105900015,0,0,0
105900016,53,36,17
105900017,0,0,0
105900018,0,0,0
105900019,1,2,-1
105900020,0,0,0
105900021,0,1,-1
105900022,0,0,0
105900023,1,5,-4
105900024,0,0,0
105900025,7,0,7
105900026,0,0,0
105900027,323,41,282
105900028,0,0,0
105900029,229,35,194
105900030,50,13,37
105900031,0,0,0
105900032,0,0,0
105900033,0,0,0
105900034,0,0,0
105900035,0,0,0
105900036,0,0,0
105900037,0,0,0
105900038,0,0,0
105900039,0,0,0
105900040,0,0,0
105900041,0,0,0
105900042,0,0,0
105900043,35,2,33
105900044,0,0,0
105900045,0,0,0
105900046,0,0,0
105900047,0,0,0
105900048,21,11,10
105900050,33,88,-55
105900051,0,13,-13
105900052,5,3,2
105900053,0,0,0
105900054,0,0,0
105900056,20,30,-10
105900057,15,0,15
105900058,0,0,0
105900059,0,0,0
106000001,896,557,339
106000002,101,498,-397
106000003,1108,1334,-226
106000004,511,1389,-878
106000005,1640,1874,-234
106000006,1216,1065,151
106000007,429,131,298
106000008,20,71,-51
106000009,276,181,95
106000010,28,95,-67
106000011,798,393,405
106000012,197,250,-53
106000013,1193,652,541
106000014,159,225,-66
106000015,1351,457,894
106000016,227,263,-36
106000017,850,232,618
106000018,68,119,-51
106000019,432,213,219
106000020,23,38,-15
106000021,370,236,134
106000022,38,27,11
106000023,688,149,539
106000024,72,48,24
106000025,247,216,31
106000026,4,31,-27
106000027,1304,589,715
106000028,17,33,-16
106000029,13,10,3
106000030,0,0,0
106000034,0,0,0
106000035,304,571,-267
106000036,0,0,0
106000037,154,62,92
106000038,11,4,7
106000039,17,13,4
106000040,2,65,-63
106000041,303,98,205
106000043,145,40,105
106000046,51,24,27
106000047,0,0,0
106000049,452,44,408
106000050,58,63,-5
106000051,395,236,159
106000052,0,0,0
106000053,291,56,235
106000054,0,0,0
106000055,316,47,269
106000056,0,0,0
106000057,184,33,151
106000058,0,0,0
106000059,277,71,206
106000060,0,0,0
106000061,55,328,-273
106000062,0,0,0
106000063,438,460,-22
106000064,0,0,0
106000065,281,73,208
106000066,38,7,31
106000067,218,36,182
106000068,25,9,16
106000069,156,35,121
106000070,57,7,50
106000071,393,118,275
106000072,322,419,-97
106000073,505,976,-471
106000074,220,326,-106
106000075,163,262,-99
106000076,650,254,396
106000077,687,287,400
106000078,470,90,380
106000079,364,146,218
106000080,388,53,335
106000081,399,143,256
106000082,541,39,502
106000083,162,261,-99
106000084,427,87,340
106000085,337,214,123
106000086,181,138,43
106000087,277,81,196
106000088,187,126,61
106000089,421,44,377
106000090,261,191,70
106000091,63,62,1
106000092,157,62,95
106000093,304,33,271
106000094,0,0,0
106000095,477,68,409
106000096,492,48,444
106000097,419,37,382
106000098,414,64,350
106000099,71,73,-2
106000100,649,26,623
106000101,398,25,373
106000102,31,90,-59
106000103,23,150,-127
106000104,375,109,266
106000105,54,197,-143
106000106,317,95,222
106000107,62,113,-51
106000108,168,63,105
106000109,9,64,-55
106000110,112,50,62
106000111,16,49,-33
106000112,130,170,-40
106000113,70,180,-110
106000114,152,115,37
106000115,33,162,-129
106000116,131,82,49
106000117,40,106,-66
106000118,457,353,104
106000119,22,77,-55
106000120,300,477,-177
106000121,113,61,52
106000122,90,60,30
106000123,169,20,149
106000124,129,36,93
106000125,27,58,-31
106000126,228,17,211
106000127,283,97,186
106000128,346,39,307
106000129,167,77,90
106000130,447,122,325
106000131,17,235,-218
106000132,251,39,212
106000133,132,435,-303
106000134,137,765,-628
106000135,4,105,-101
106000136,265,484,-219
106000137,0,133,-133
106000138,675,32,643
106000139,112,35,77
106000140,0,0,0
106000141,0,0,0
106000142,120,24,96
106000143,0,0,0
106000144,54,40,14
106000145,0,0,0
106000146,255,63,192
106000147,65,66,-1
106000148,131,360,-229
106000149,438,97,341
106000150,186,639,-453
106000151,578,214,364
106000152,460,856,-396
106000153,13,325,-312
106000154,291,68,223
106000155,37,77,-40
106000156,666,48,618
106000157,158,484,-326
106000158,363,265,98
106000159,331,539,-208
106000160,109,696,-587
106000161,149,62,87
106000162,149,385,-236
106000163,64,48,16
106000164,222,69,153
106000165,66,85,-19
106000166,435,61,374
106000167,157,233,-76
106000168,226,55,171
106000169,169,112,57
106000170,224,37,187
106000171,65,336,-271
106000172,680,110,570
106000173,459,558,-99
106000174,413,15,398
106000175,57,8,49
106000176,718,216,502
106000177,153,155,-2
106000178,984,147,837
106000179,57,58,-1
106000180,226,267,-41
106000181,313,326,-13
106000182,1056,78,978
106000183,750,81,669
106000184,424,83,341
106000185,255,296,-41
106000186,77,14,63
106000187,19,200,-181
106000188,0,0,0
106000189,1,22,-21
106000190,14,1,13
106000191,78,9,69
106000192,0,0,0
106000193,54,85,-31
106000194,4,67,-63
106000195,30,39,-9
106000196,1,228,-227
106000197,154,28,126
106000198,24,35,-11
106000199,171,101,70
106000200,12,89,-77
106000201,53,917,-864
106000202,144,143,1
106000203,0,0,0
106000204,15,1,14
106000205,0,0,0
106000206,25,19,6
106000207,0,6,-6
106000208,522,46,476
106000209,733,181,552
106000210,7,11,-4
106000211,14,35,-21
106000212,654,172,482
106000213,2,38,-36
106000214,446,100,346
106000215,40,88,-48
106000216,281,79,202
106000217,22,99,-77
106000218,216,40,176
106000219,26,60,-34
106000220,249,44,205
106000221,109,89,20
106000222,44,18,26
106000223,121,36,85
106000224,84,62,22
106000225,17,70,-53
106000226,18,77,-59
106000228,0,0,0
106000229,0,0,0
106000231,327,5,322
106000232,0,0,0
106000233,88,5,83
106000234,0,0,0
106000235,39,15,24
106000236,0,0,0
106000237,0,0,0
106000238,0,7,-7
106000239,0,0,0
106000240,2,0,2
106000241,0,83,-83
106000242,71,14,57
106000249,64,8,56
106000250,0,130,-130
106000251,40,3,37
106000252,0,0,0
106000253,32,8,24
106000254,0,0,0
106000255,33,2,31
106000256,0,0,0
106000257,12,40,-28
106000258,2,0,2
106000259,0,0,0
106000260,1,0,1
106000261,0,0,0
106000262,6,3,3
106000263,0,0,0
106000264,48,3,45
106000265,0,0,0
106000266,43,0,43
106000267,0,0,0
106000268,91,0,91
106000269,0,0,0
106000270,7,13,-6
106000271,1,5,-4
106000272,0,0,0
106000273,0,3,-3
106000274,0,0,0
106000275,8,7,1
106000276,0,0,0
106000277,8,9,-1
106000278,0,0,0
106000279,0,0,0
106000280,0,0,0
106000281,0,0,0
106000282,0,0,0
106000283,0,0,0
106000284,0,0,0
106000285,0,0,0
106000286,0,0,0
106000287,0,0,0
106000288,0,0,0
106000289,0,0,0
106000290,0,0,0
106000291,0,0,0
106000292,0,0,0
106000293,0,0,0
106000294,0,0,0
106000295,0,0,0
106000296,0,0,0
106000297,0,0,0
106000298,0,0,0
106000299,0,0,0
106000300,0,0,0
106000301,0,0,0
106000303,4,1,3
106000304,0,0,0
106000305,27,2,25
106000306,0,0,0
106000307,59,0,59
106000308,0,0,0
106000309,0,0,0
106000310,149,22,127
106000311,99,23,76
106000312,37,40,-3
106000313,25,15,10
106000318,0,0,0
106000319,323,84,239
106000320,0,26,-26
106000321,24,57,-33
106000322,103,45,58
106000324,17,47,-30
106000325,1324,343,981
106000326,119,221,-102
106000327,147,5,142
106000328,0,15,-15
106000329,1,42,-41
106000330,1,34,-33
106000428,50,216,-166
106000429,4,107,-103
106000430,20,445,-425
106000431,817,269,548
106000432,28,599,-571
106000433,1072,535,537
106000434,1502,590,912
106000435,97,421,-324
106000436,0,11,-11
106000437,183,31,152
106000438,45,174,-129
106000439,1,20,-19
106000440,78,144,-66
106000441,0,0,0
106000442,10,2,8
106000443,165,167,-2
106000450,0,0,0
106000451,8,53,-45
106000454,0,0,0
106000455,0,4,-4
106000456,14,2,12
106000457,0,0,0
106000458,452,37,415
106000459,0,0,0
106000460,484,11,473
106000461,0,0,0
106000462,0,0,0
106000463,0,6,-6
106000464,0,0,0
106000465,282,1,281
106000466,0,0,0
106000467,0,72,-72
106000468,23,39,-16
106000469,50,0,50
106000470,3,9,-6
106000471,0,0,0
106000472,51,1,50
106000473,0,0,0
106000474,50,82,-32
106000475,79,132,-53
106000476,85,124,-39
106000477,0,0,0
106900001,0,0,0
106900002,0,0,0
106900003,0,0,0
106900004,0,0,0
106900006,0,0,0
106900007,0,0,0
106900008,0,0,0
106900009,0,0,0
106900010,0,0,0
106900012,0,0,0
106900013,0,0,0
106900014,0,0,0
106900015,0,0,0
106900016,0,0,0
106900017,0,0,0
106900018,0,0,0
106900019,7,0,7
106900020,0,0,0
106900021,1,0,1
106900022,0,0,0
106900023,0,0,0
106900024,0,0,0
106900025,0,0,0
106900026,0,0,0
106900027,202,1,201
107000001,1224,1875,-651
107000002,439,602,-163
107000003,3751,3763,-12
107000004,1051,517,534
107000005,3001,2471,530
107000006,1014,581,433
107000007,2399,2841,-442
107000008,1142,923,219
107000009,5467,5103,364
107000010,1589,1040,549
107000011,44,72,-28
107000012,461,200,261
107000013,0,0,0
107000014,0,0,0
107000015,0,0,0
107000016,0,0,0
107000017,96,67,29
107000018,0,88,-88
107000020,129,259,-130
107000021,145,56,89
107000022,155,328,-173
107000023,527,66,461
107000024,193,410,-217
107000025,71,80,-9
107000026,55,106,-51
107000027,425,143,282
107000028,281,215,66
107000029,1168,754,414
107000030,566,500,66
107000031,1400,684,716
107000032,122,308,-186
107000033,730,841,-111
107000034,340,139,201
107000035,76,94,-18
107000036,132,316,-184
107000037,36,391,-355
107000038,38,30,8
107000039,228,397,-169
107000040,77,36,41
107000041,214,156,58
107000042,154,496,-342
107000043,308,184,124
107000044,87,165,-78
107000045,20,105,-85
107000046,222,141,81
107000047,127,275,-148
107000048,324,143,181
107000049,150,257,-107
107000050,338,148,190
107000051,199,285,-86
107000052,209,269,-60
107000053,177,116,61
107000054,15,159,-144
107000055,74,62,12
107000056,591,661,-70
107000057,334,121,213
107000058,1222,1326,-104
107000059,211,325,-114
107000060,2685,2456,229
107000061,933,546,387
107000062,2790,1195,1595
107000063,519,437,82
107000064,1964,1557,407
107000065,448,480,-32
107000066,1034,1231,-197
107000067,439,299,140
107000068,433,367,66
107000069,273,496,-223
107000070,257,2,255
107000071,1176,7,1169
107000072,1,88,-87
107000073,318,98,220
107000074,25,37,-12
107000075,1229,122,1107
107000076,10,67,-57
107000077,1328,96,1232
107000078,33,136,-103
107000079,1124,190,934
107000080,80,156,-76
107000081,1124,200,924
107000082,153,237,-84
107000083,688,388,300
107000084,111,292,-181
107000085,961,831,130
107000086,449,717,-268
107000087,994,699,295
107000088,382,511,-129
107000089,477,547,-70
107000090,157,132,25
107000091,546,241,305
107000092,123,176,-53
107000093,364,545,-181
107000094,71,202,-131
107000095,647,291,356
107000096,61,95,-34
107000097,260,186,74
107000098,40,171,-131
107000099,159,231,-72
107000100,38,106,-68
107000101,127,137,-10
107000102,145,219,-74
107000103,192,117,75
107000104,45,90,-45
107000105,401,111,290
107000106,63,62,1
107000107,246,58,188
107000108,53,116,-63
107000109,288,29,259
107000110,0,0,0
107000111,142,25,117
107000112,0,0,0
107000113,451,27,424
107000114,0,0,0
107000115,404,27,377
107000116,0,0,0
107000117,94,227,-133
107000118,1,1,0
107000119,293,661,-368
107000120,0,1,-1
107000121,446,173,273
107000122,185,153,32
107000123,325,174,151
107000124,116,160,-44
107000125,439,83,356
107000126,180,135,45
107000127,0,0,0
107000129,63,28,35
107000130,137,169,-32
107000131,38,113,-75
107000132,151,109,42
107000133,128,3,125
107000134,117,0,117
107000135,2,68,-66
107000136,293,0,293
107000137,0,135,-135
107000138,19,2,17
107000139,0,91,-91
107000140,334,1,333
107000141,19,45,-26
107000142,56,8,48
107000143,3,69,-66
107000144,114,165,-51
107000145,6,58,-52
107000146,90,46,44
107000147,158,151,7
107000150,272,845,-573
107000151,1,1,0
107000152,55,416,-361
107000153,4,13,-9
107000154,0,57,-57
107000155,395,8,387
107000156,526,7,519
107000157,9,155,-146
107000158,114,3,111
107000159,1,60,-59
107000160,548,41,507
107000161,6,129,-123
107000162,91,191,-100
107000163,77,0,77
107000164,296,0,296
107000165,538,27,511
107000166,1,75,-74
107000167,208,41,167
107000168,353,72,281
107000169,40,84,-44
107000170,1080,291,789
107000171,91,156,-65
107000172,469,526,-57
107000173,62,110,-48
107000174,268,1168,-900
107000175,706,171,535
107000176,17,0,17
107000177,1,0,1
107000178,36,4,32
107000179,123,195,-72
107000180,898,84,814
107000181,106,60,46
107000182,1084,49,1035
107000183,63,46,17
107000184,434,57,377
107000185,84,68,16
107000186,349,70,279
107000187,289,306,-17
107000188,42,53,-11
107000189,232,164,68
107000190,132,118,14
107000191,314,300,14
107000192,267,54,213
107000193,98,194,-96
107000194,129,70,59
107000197,369,53,316
107000198,120,111,9
107000199,253,257,-4
107000200,104,170,-66
107000201,73,86,-13
107000202,81,262,-181
107000203,80,414,-334
107000204,85,870,-785
107000205,190,84,106
107000206,39,584,-545
107000207,89,124,-35
107000208,45,132,-87
107000209,137,287,-150
107000210,36,54,-18
107000211,0,27,-27
107000212,1,39,-38
107000213,0,9,-9
107000214,1,27,-26
107000215,87,55,32
107000216,102,53,49
107000217,29,22,7
107000219,22,63,-41
107000220,33,30,3
107000222,9,40,-31
107000224,121,6,115
107000225,21,66,-45
107000226,138,16,122
107000227,4,45,-41
107000228,5,37,-32
107000229,30,19,11
107000230,71,51,20
107000231,260,283,-23
107000232,57,11,46
107000233,10,94,-84
107000234,0,82,-82
107000235,58,5,53
107000236,0,0,0
107000237,18,0,18
107000238,19,3,16
107000239,348,141,207
107000240,13,29,-16
107000241,3,2,1
107000242,23,10,13
107000243,0,37,-37
107000244,0,0,0
107000246,0,10,-10
107000249,0,26,-26
107000251,0,2,-2
107000252,0,59,-59
107000255,27,1,26
107000257,0,126,-126
107000258,0,35,-35
107000259,0,15,-15
107000260,904,8,896
107000262,0,38,-38
107000263,284,4,280
107000266,15,22,-7
107000267,0,30,-30
107000268,35,38,-3
107000269,5,1,4
107000270,35,28,7
107000271,0,0,0
107000272,24,0,24
107000273,1,35,-34
107000274,58,11,47
107000275,4,35,-31
107000280,367,9,358
107000281,1,21,-20
107000282,4,92,-88
107000290,0,2,-2
107000291,4,1,3
107000292,0,6,-6
107000293,0,0,0
107000294,0,18,-18
107000295,9,0,9
107000296,0,10,-10
107000444,117,4,113
107000496,0,15,-15
107000497,118,188,-70
107000500,122,86,36
107000501,15,41,-26
107000502,67,86,-19
107000505,40,231,-191
107000506,0,0,0
107000508,1,28,-27
107000509,24,281,-257
107000510,13,33,-20
107000514,4,32,-28
107000515,1,24,-23
107000516,225,65,160
107000518,473,354,119
107000519,45,18,27
107000520,20,15,5
107900001,2,0,2
107900002,4,0,4
107900003,16,0,16
107900004,6,0,6
107900005,600,1,599
107900006,21,0,21
107900007,79,0,79
107900008,13,1,12
107900009,3,0,3
107900010,0,0,0
107900012,46,2,44
107900013,13,0,13
107900014,1,0,1
107900015,252,2,250
107900016,34,2,32
107900017,3,0,3
107900018,16,51,-35
107900019,32,1,31
107900020,0,0,0
107900021,0,0,0
107900023,5,0,5
107900024,0,0,0
107900025,37,27,10
107900026,18,2,16
107900027,0,0,0
107900028,29,0,29
107900030,49,0,49
107900031,19,0,19
107900032,5,0,5
107900033,2,3,-1
107900034,41,1,40
107900035,274,9,265
107900036,4,8,-4
107900037,0,0,0
107900038,2,38,-36
107900039,0,2,-2
107900040,0,0,0
107900041,0,0,0
107900043,12,3,9
107900044,3,3,0
107900045,15,23,-8
107900046,28,20,8
107900047,0,0,0
107900048,13,4,9
107900049,1,60,-59
107900050,2,7,-5
107900051,5,0,5
107900052,0,0,0
107900053,0,2,-2
107900055,54,18,36
107900056,18,48,-30
107900057,0,0,0
107900058,1,26,-25
107900060,0,0,0
107900061,0,0,0
107900063,12,30,-18
107900064,76,103,-27
107900065,86,3,83
107900066,0,1,-1
107900067,0,0,0
107900068,34,102,-68
107900069,9,455,-446
107900070,10,15,-5
107900071,1,34,-33
107900072,41,6,35
107900073,0,0,0
107900074,0,0,0
107900076,17,6,11
107900077,0,0,0
107900078,24,16,8
107900079,3,9,-6
107900080,7,28,-21
107900081,0,0,0
107900082,0,0,0
107900083,51,40,11
107900084,17,16,1
107900086,4,26,-22
107900087,9,0,9
107900088,4,2,2
107900089,10,64,-54
107900090,8,152,-144
107900091,74,73,1
107900092,109,4,105
107900093,0,0,0
107900095,175,150,25
107900097,10,5,5
107900098,14,10,4
107900100,71,326,-255
107900101,18,2,16
107900102,1,0,1
107900103,0,14,-14
107900104,0,0,0
107900105,5,120,-115
107900106,0,87,-87
107900107,0,0,0
107900108,7,3,4
107900109,489,26,463
107900110,23,0,23
107900111,0,13,-13
107900112,1,38,-37
107900113,0,0,0
107900114,89,29,60
107900115,0,0,0
107900116,67,39,28
107900117,54,57,-3
107900118,0,2,-2
107900119,24,18,6
107900120,5,1,4
107900121,0,0,0
107900122,0,0,0
107900123,0,1,-1
107900124,0,0,0
107900125,0,10,-10
107900126,0,3,-3
107900127,0,0,0
107900128,9,22,-13
107900129,4,0,4
107900130,0,0,0
107900131,0,5,-5
107900132,0,29,-29
107900133,0,0,0
107900134,3,3,0
107900135,0,0,0
107900136,0,0,0
107900137,26,14,12
107900138,4,2,2
107900139,0,0,0
107900140,1,1,0
107900141,7,2,5
107900142,3,33,-30
107900143,5,2,3
107900144,0,0,0
107900145,0,0,0
107900146,3,26,-23
107900147,0,3,-3
107900148,0,3,-3
107900149,40,3,37
107900150,0,5,-5
107900151,6,1,5
107900152,0,0,0
107900153,7,74,-67
107900154,7,2,5
107900155,0,0,0
107900156,0,0,0
107900157,0,17,-17
107900158,217,5,212
107900159,0,26,-26
107900160,43,2,41
107900161,8,2,6
107900162,0,0,0
107900163,0,0,0
107900164,0,0,0
107900165,7,34,-27
107900166,0,3,-3
107900167,0,0,0
107900168,0,2,-2
107900169,0,5,-5
107900171,0,49,-49
107900172,0,0,0
107900173,1,0,1
107900174,0,0,0
107900175,0,0,0
107900176,1,0,1
107900177,0,0,0
107900178,1,1,0
107900179,0,0,0
107900180,15,194,-179
107900181,0,0,0
107900182,0,11,-11
107900183,2,1,1
107900184,0,0,0
107900185,0,0,0
107900186,4,0,4
107900187,0,1,-1
107900188,243,56,187
107900189,0,0,0
107900190,1,17,-16
107900191,0,1,-1
107900193,0,0,0
107900194,0,0,0
107900195,122,11,111
107900196,0,0,0
107900197,4,23,-19
107900199,0,0,0
107900201,0,0,0
107900203,0,2,-2
107900204,0,0,0
107900205,13,17,-4
107900206,15,48,-33
107900207,0,18,-18
107900208,0,27,-27
107900209,0,0,0
107900210,1,1,0
107900213,0,0,0
107900214,1,21,-20
107900215,20,38,-18
107900216,0,0,0
107900217,0,0,0
107900218,0,0,0
107900219,0,0,0
107900220,0,0,0
107900221,2,0,2
107900223,0,0,0
107900224,32,29,3
107900225,0,0,0
107900226,0,0,0
107900227,1,8,-7
107900228,0,0,0
107900229,0,0,0
107900230,0,0,0
107900231,0,0,0
107900232,10,3,7
107900233,0,0,0
107900234,0,0,0
107900235,0,4,-4
107900236,0,0,0
107900237,0,0,0
107900238,0,0,0
107900239,18,58,-40
107900240,0,4,-4
107900241,0,0,0
107900242,0,5,-5
107900243,0,0,0
107900244,0,0,0
107900245,98,8,90
107900246,55,1,54
107900248,167,1,166
107900249,140,14,126
107900250,0,17,-17
107900251,0,28,-28
107900252,79,1,78
107900253,30,2,28
107900254,0,4,-4
107900255,16,9,7
107900256,7,1,6
107900257,12,27,-15
107900258,13,2,11
107900259,12,328,-316
107900261,2,116,-114
107900262,0,0,0
107900264,94,2,92
107900265,23,23,0
107900267,56,1,55
107900268,0,0,0
107900269,0,0,0
107900270,0,0,0
107900271,0,0,0
107900272,18,0,18
107900273,19,0,19
107900274,48,1,47
107900275,0,0,0
107900276,0,0,0
107900277,0,0,0
107900278,76,1,75
107900279,0,0,0
107900280,264,62,202
107900281,106,702,-596
107900282,2,193,-191
107900283,81,42,39
107900284,178,33,145
107900285,41,9,32
107900286,4,3,1
107900287,41,16,25
107900290,0,0,0
107900291,92,0,92
107900292,75,58,17
107900293,47,69,-22
107900295,15,2,13
107900297,0,0,0
107900298,126,69,57
107900299,212,235,-23
107900300,84,103,-19
107900301,45,106,-61
107900302,46,3,43
107900303,179,16,163
107900304,63,0,63
107900305,97,4,93
107900306,0,0,0
107900307,0,0,0
107900308,49,9,40
107900309,0,0,0
107900310,0,0,0
107900311,0,0,0
107900312,0,0,0
107900313,0,0,0
107900314,0,0,0
107900315,0,0,0
107900316,0,0,0
107900317,0,0,0
107900318,0,0,0
107900319,0,2,-2
107900320,1,2,-1
107900321,45,1,44
107900322,0,5,-5
107900323,0,5,-5
107900324,35,0,35
107900325,23,0,23
107900326,52,5,47
107900327,0,0,0
107900328,0,0,0
107900329,0,0,0
107900330,0,3,-3
107900331,80,19,61
107900332,132,1,131
107900333,10,0,10
107900334,0,14,-14
107900335,0,0,0
107900336,5,1,4
107900337,118,191,-73
107900338,0,8,-8
107900339,0,0,0
107900340,0,0,0
107900341,0,0,0
107900342,12,10,2
107900343,3,0,3
107900344,0,49,-49
107900345,33,16,17
107900346,0,0,0
107900347,7,0,7
107900348,1,1,0
107900349,26,1,25
107900350,0,23,-23
108000001,1873,997,876
108000002,92,172,-80
108000003,1704,931,773
108000004,1125,2517,-1392
108000005,4365,1923,2442
108000006,703,932,-229
108000007,2982,1398,1584
108000008,726,708,18
108000009,2508,1668,840
108000010,561,721,-160
108000011,7020,3663,3357
108000012,2201,2059,142
108000014,171,335,-164
108000015,389,72,317
108000016,45,77,-32
108000017,585,101,484
108000018,1144,96,1048
108000019,218,131,87
108000020,465,140,325
108000021,78,57,21
108000022,144,260,-116
108000023,480,92,388
108000024,53,71,-18
108000025,167,13,154
108000026,376,53,323
108000027,292,2,290
108000028,482,67,415
108000029,203,6,197
108000030,306,28,278
108000031,78,7,71
108000032,834,161,673
108000033,101,146,-45
108000034,1088,69,1019
108000035,169,391,-222
108000036,50,100,-50
108000037,792,73,719
108000038,1464,159,1305
108000039,57,64,-7
108000040,1001,312,689
108000041,66,145,-79
108000042,183,40,143
108000043,60,18,42
108000044,496,15,481
108000045,33,0,33
108000046,940,106,834
108000047,153,157,-4
108000048,0,0,0
108000049,394,32,362
108000050,4,24,-20
108000051,129,49,80
108000052,8,28,-20
108000053,172,76,96
108000054,48,210,-162
108000055,385,115,270
108000056,106,150,-44
108000057,319,581,-262
108000058,820,1311,-491
108000059,289,512,-223
108000060,50,131,-81
108000061,53,56,-3
108000062,362,135,227
108000063,249,84,165
108000064,123,92,31
108000065,253,128,125
108000066,560,38,522
108000067,745,136,609
108000068,406,101,305
108000069,14,292,-278
108000070,1401,127,1274
108000071,79,337,-258
108000072,1095,200,895
108000073,249,238,11
108000074,403,114,289
108000075,136,129,7
108000076,815,118,697
108000077,139,119,20
108000078,1237,266,971
108000079,111,323,-212
108000080,925,179,746
108000081,105,236,-131
108000082,179,111,68
108000083,736,326,410
108000084,28,76,-48
108000085,421,189,232
108000086,105,37,68
108000087,52,1107,-1055
108000088,60,2,58
108000089,62,54,8
108000090,372,26,346
108000091,19,103,-84
108000092,269,27,242
108000093,60,95,-35
108000094,603,14,589
108000095,54,69,-15
108000096,484,94,390
108000097,61,55,6
108000098,959,269,690
108000099,121,14,107
108000100,166,94,72
108000101,716,349,367
108000102,406,829,-423
108000106,305,0,305
108000107,0,123,-123
108000108,307,17,290
108000109,2,62,-60
108000110,197,20,177
108000111,28,136,-108
108000112,9,137,-128
108000113,138,87,51
108000115,82,29,53
108000117,233,25,208
108000118,26,24,2
108000119,254,25,229
108000120,73,250,-177
108000121,73,48,25
108000122,293,56,237
108000123,278,29,249
108000124,81,23,58
108000125,306,37,269
108000126,55,71,-16
108000127,274,95,179
108000128,235,28,207
108000129,24,45,-21
108000130,168,74,94
108000131,280,87,193
108000132,111,79,32
108000133,1195,78,1117
108000134,154,62,92
108000135,752,73,679
108000136,10,46,-36
108000137,330,47,283
108000138,61,150,-89
108000139,427,95,332
108000140,353,4,349
108000141,10,39,-29
108000142,9,27,-18
108000143,11,17,-6
108000144,311,5,306
108000145,19,19,0
108000146,310,4,306
108000147,5,7,-2
108000148,140,8,132
108000149,6,5,1
108000150,24,5,19
108000151,3,3,0
108000152,30,12,18
108000153,172,35,137
108000154,20,22,-2
108000155,29,44,-15
108000156,194,82,112
108000157,27,534,-507
108000158,4,173,-169
108000159,132,41,91
108000160,725,407,318
108000161,511,627,-116
108000165,31,84,-53
108000172,0,78,-78
108000173,764,426,338
108000175,216,16,200
108000178,93,182,-89
108000179,90,397,-307
108000181,26,7,19
108000182,71,2,69
108000183,2,0,2
108000184,77,980,-903
108000185,0,6,-6
108000186,37,22,15
108000187,1,17,-16
108000188,150,2,148
108000189,65,820,-755
108000190,0,0,0
108000192,43,116,-73
108000193,22,20,2
108000194,8,0,8
108000195,0,3,-3
108000196,70,4,66
108000197,23,60,-37
108000198,208,95,113
108000199,0,0,0
108000200,113,9,104
108000202,0,106,-106
108000203,2,12,-10
108000204,21,23,-2
108000205,34,5,29
108000339,594,315,279
108000364,57,170,-113
108000365,20,40,-20
108000367,27,8,19
108000368,0,0,0
108000369,98,4,94
108000371,0,110,-110
108000372,170,0,170
108000373,214,21,193
108000376,97,20,77
108000377,342,150,192
108000378,5299,4423,876
108000379,0,0,0
108000381,52,11,41
108000382,17,0,17
108000383,0,15,-15
108900001,1,6,-5
108900002,62,1,61
108900003,0,3,-3
108900004,122,137,-15
108900005,24,79,-55
108900006,161,49,112
108900007,138,59,79
108900008,69,28,41
108900009,43,31,12
108900010,111,30,81
108900011,426,30,396
108900012,255,81,174
108900013,100,50,50
108900014,2,6,-4
108900015,0,0,0
108900016,0,0,0
108900017,18,9,9
108900018,44,91,-47
108900019,2,22,-20
108900020,5,5,0
108900021,42,27,15
108900022,35,1,34
108900023,0,6,-6
108900024,0,5,-5
108900025,94,6,88
108900026,0,0,0
108900027,0,2,-2
108900028,25,17,8
108900029,5,49,-44
108900030,0,1,-1
108900031,9,19,-10
108900032,0,0,0
108900033,0,24,-24
108900034,1,2,-1
108900035,16,45,-29
108900036,54,37,17
108900037,0,0,0
108900038,0,37,-37
108900039,0,4,-4
108900040,1,13,-12
108900041,845,930,-85
108900042,0,13,-13
108900043,0,0,0
108900044,0,30,-30
108900045,36,11,25
108900046,1,21,-20
108900047,0,3,-3
108900048,11,25,-14
108900049,119,246,-127
108900050,11,10,1
108900051,0,3,-3
108900052,24,13,11
108900053,9,65,-56
108900054,2,3,-1
108900055,3,12,-9
108900056,0,3,-3
108900057,0,24,-24
108900058,6,14,-8
108900059,123,16,107
108900060,10,73,-63
108900061,0,2,-2
108900062,0,30,-30
108900063,0,60,-60
108900064,17,7,10
108900065,14,11,3
108900066,228,33,195
108900067,4,15,-11
108900068,0,30,-30
108900069,65,0,65
108900070,1,5,-4
108900071,90,10,80
108900072,100,74,26
108900073,16,13,3
108900074,57,7,50
108900075,1,4,-3
108900076,120,20,100
108900077,7,58,-51
108900078,5,6,-1
108900079,48,5,43
108900080,7,125,-118
108900081,0,14,-14
108900082,36,3,33
108900083,1,35,-34
108900084,32,9,23
108900085,175,31,144
108900086,13,12,1
108900087,43,9,34
108900088,158,57,101
108900089,0,77,-77
108900090,40,16,24
108900091,10,3,7
108900092,91,49,42
108900093,29,47,-18
108900094,42,19,23
108900095,1,23,-22
108900096,22,4,18
108900097,55,21,34
108900098,135,293,-158
108900099,116,28,88
108900100,3,3,0
108900101,11,18,-7
108900102,5,259,-254
108900103,24,21,3
108900104,13,18,-5
108900105,1,437,-436
108900106,180,37,143
108900108,54,2,52
108900109,21,3,18
108900110,42,20,22
108900111,194,27,167
108900112,73,4,69
108900113,12,27,-15
108900114,0,1,-1
108900115,64,15,49
108900116,1,1,0
108900117,67,4,63
108900118,138,6,132
108900119,112,2,110
108900120,42,25,17
108900121,72,10,62
108900122,117,4,113
108900123,46,29,17
108900124,34,9,25
108900125,108,3,105
108900126,8,7,1
108900127,123,6,117
108900128,44,1,43
108900129,72,12,60
108900130,97,1,96
108900131,212,3,209
108900132,85,3,82
108900133,66,3,63
108900134,207,18,189
108900135,75,0,75
108900136,14,0,14
108900137,116,1,115
108900138,275,9,266
108900139,207,2,205
108900140,286,29,257
108900141,210,1,209
108900142,57,1,56
108900143,25,0,25
108900144,35,1,34
108900145,117,12,105
108900146,11,0,11
108900147,135,0,135
108900148,4,2,2
108900149,60,27,33
108900150,21,2,19
108900151,1,0,1
108900152,68,21,47
108900153,126,5,121
108900154,1399,82,1317
108900155,65,3,62
108900156,19,11,8
108900157,2,20,-18
108900158,241,46,195
108900159,0,8,-8
108900160,0,44,-44
108900161,0,34,-34
108900162,54,0,54
108900163,0,152,-152
108900164,7,7,0
108900165,16,5,11
108900167,50,2214,-2164
108900168,754,578,176
108900169,16,2,14
108900171,332,920,-588
108900172,58,8,50
108900173,13,8,5
108900174,429,61,368
108900176,1,56,-55
108900177,116,558,-442
108900178,246,843,-597
108900179,25,371,-346
108900180,37,101,-64
108900182,8,120,-112
108900183,25,38,-13
108900184,178,95,83
108900185,4,48,-44
108900186,15,33,-18
108900187,321,2,319
108900188,251,4,247
108900189,107,13,94
108900190,1,81,-80
108900191,19,8,11
108900192,5,35,-30
108900193,1,2,-1
108900194,0,2,-2
108900195,17,28,-11
108900196,0,16,-16
108900198,0,18,-18
108900199,63,45,18
108900200,106,193,-87
108900201,40,169,-129
108900203,166,9,157
108900204,44,0,44
108900205,120,6,114
108900206,49,2,47
108900207,35,15,20
108900208,0,28,-28
108900209,21,34,-13
108900210,23,5,18
108900211,1,39,-38
108900212,10,97,-87
108900215,1,3,-2
108900216,39,66,-27
108900217,6,0,6
108900218,9,1,8
108900219,25,0,25
108900220,20,6,14
108900221,0,0,0
108900222,77,5,72
108900223,0,0,0
108900224,0,0,0
108900225,0,0,0
108900226,74,0,74
108900227,20,51,-31
108900230,25,3,22
108900231,1,6,-5
108900232,0,17,-17
108900233,117,4,113
108900234,51,9,42
108900235,0,0,0
108900236,0,0,0
108900237,0,0,0
108900240,8,20,-12
108900241,2,18,-16
108900245,0,77,-77
108900249,7,0,7
108900250,27,1,26
108900257,55,0,55
108900258,0,5,-5
108900259,0,0,0
108900260,0,1,-1
108900261,0,5,-5
108900262,6,29,-23
108900263,2,16,-14
108900264,6,26,-20
108900265,15,143,-128
108900266,24,199,-175
108900267,0,87,-87
108900268,1,7,-6
108900269,21,3,18
108900270,23,0,23
108900271,14,0,14
108900272,68,1,67
108900273,29,164,-135
108900274,24,0,24
109000001,583,1632,-1049
109000002,0,187,-187
109000003,1246,212,1034
109000004,1,77,-76
109000005,935,309,626
109000006,1,100,-99
109000007,830,274,556
109000008,4,75,-71
109000009,1644,439,1205
109000010,4,149,-145
109000011,1869,707,1162
109000012,15,172,-157
109000013,2380,1386,994
109000014,51,143,-92
109000015,2257,2974,-717
109000016,61,168,-107
109000017,1459,397,1062
109000018,46,192,-146
109000019,1061,467,594
109000020,4,63,-59
109000023,27,0,27
109000024,0,32,-32
109000025,102,130,-28
109000026,175,183,-8
109000027,38,110,-72
109000028,37,69,-32
109000029,24,102,-78
109000030,0,0,0
109000031,151,43,108
109000032,0,2,-2
109000033,221,53,168
109000034,1,0,1
109000035,0,3,-3
109000036,1,81,-80
109000037,47,907,-860
109000038,42,39,3
109000039,237,355,-118
109000040,361,4156,-3795
109000041,153,661,-508
109000042,142,438,-296
109000044,125,11,114
109000045,28,2,26
109000046,145,22,123
109000047,8,1,7
109000048,230,42,188
109000049,16,0,16
109000050,186,76,110
109000051,9,23,-14
109000052,68,47,21
109000053,230,74,156
109000054,14,23,-9
109000055,8,97,-89
109000056,52,19,33
109000057,51,274,-223
109000058,31,3,28
109000059,5,203,-198
109000060,48,137,-89
109000061,17,662,-645
109000062,17,124,-107
109000063,3,19,-16
109000064,83,11,72
109000065,5,14,-9
109000066,103,3,100
109000067,1,42,-41
109000068,58,2,56
109000069,153,1,152
109000070,0,10,-10
109000071,106,64,42
109000072,91,184,-93
109000073,5,37,-32
109000074,10,136,-126
109000075,34,2,32
109000076,32,101,-69
109000077,62,67,-5
109000078,21,42,-21
109000079,59,16,43
109000080,30,14,16
109000081,41,45,-4
109000082,212,28,184
109000083,98,49,49
109000088,100,28,72
109000089,179,35,144
109000090,128,60,68
109000091,159,69,90
109000092,139,104,35
109000093,188,29,159
109000094,372,2,370
109000095,19,46,-27
109000096,404,32,372
109000097,5,28,-23
109000098,11,17,-6
109000099,272,7,265
109000100,9,98,-89
109000101,659,183,476
109000102,187,127,60
109000103,182,139,43
109000104,1012,179,833
109000105,71,143,-72
109000106,629,152,477
109000107,155,97,58
109000108,958,235,723
109000109,98,84,14
109000110,352,209,143
109000111,167,202,-35
109000112,8,14,-6
109000113,52,36,16
109000114,116,84,32
109000115,275,19,256
109000116,0,43,-43
109000117,129,13,116
109000118,0,62,-62
109000119,676,5,671
109000120,6,100,-94
109000121,307,13,294
109000122,10,76,-66
109000123,47,9,38
109000124,246,47,199
109000125,446,115,331
109000126,49,27,22
109000127,545,53,492
109000128,50,36,14
109000129,1198,91,1107
109000130,28,26,2
109000131,331,266,65
109000132,79,110,-31
109000133,19,57,-38
109000134,44,69,-25
109000135,26,45,-19
109000136,126,92,34
109000137,322,68,254
109000138,106,86,20
109000139,207,23,184
109000140,80,101,-21
109000141,94,45,49
109000142,14,65,-51
109000143,40,19,21
109000145,8,38,-30
109000146,28,158,-130
109000148,78,167,-89
109000149,1,97,-96
109000150,27,60,-33
109000155,131,236,-105
109000156,155,25,130
109000158,2,171,-169
109000159,3,50,-47
109000160,490,26,464
109000161,151,89,62
109000162,604,99,505
109000163,489,42,447
109000164,586,502,84
109000165,528,214,314
109000166,265,16,249
109000167,55,86,-31
109000170,2,5,-3
109000171,17,6,11
109000172,1,0,1
109000173,0,29,-29
109000174,72,7,65
109000175,37,12,25
109000176,140,88,52
109000177,2,10,-8
109000178,113,22,91
109000179,290,571,-281
109000180,607,557,50
109000181,4,9,-5
109000182,26,22,4
109000183,51,2,49
109000184,17,23,-6
109000185,17,16,1
109000188,131,248,-117
109000189,576,48,528
109000190,163,107,56
109000191,191,83,108
109000192,176,10,166
109000193,94,23,71
109000194,63,5,58
109000195,7,20,-13
109000196,61,4,57
109000197,71,16,55
109000198,113,11,102
109000199,22,11,11
109000206,41,2,39
109000207,78,9,69
109000208,68,51,17
109000209,31,30,1
109000210,10,23,-13
109000211,101,197,-96
109000214,233,160,73
109000215,57,13,44
109000216,149,133,16
109000217,3,1,2
109000218,7,32,-25
109000221,10,96,-86
109000222,329,26,303
109000223,94,141,-47
109000224,91,36,55
109000225,59,21,38
109000226,37,48,-11
109000227,486,137,349
109000228,0,5,-5
109000231,1,12,-11
109000232,293,20,273
109000236,18,38,-20
109000241,453,220,233
109000242,409,58,351
109000293,6,42,-36
109000361,23,10,13
109000364,7,37,-30
109000396,0,39,-39
109000397,489,16,473
109000399,32,135,-103
109000400,92,50,42
109000403,0,573,-573
109000406,88,80,8
109000407,9,30,-21
109000408,0,34,-34
109000410,0,0,0
109000411,65,3,62
109900001,0,0,0
109900002,221,3,218
109900003,163,0,163
109900004,31,13,18
109900005,2,0,2
109900006,254,16,238
109900007,319,0,319
109900008,0,0,0
109900009,0,3,-3
109900010,0,0,0
109900011,2,4,-2
109900012,35,14,21
109900013,42,11,31
109900014,32,4,28
109900015,27,8,19
109900016,19,0,19
109900017,76,22,54
109900018,9,1,8
109900019,21,8,13
109900020,24,9,15
109900021,2,0,2
109900022,23,21,2
109900023,7,0,7
109900024,1,0,1
109900025,0,0,0
109900026,0,15,-15
109900027,8,0,8
109900028,27,112,-85
109900029,1,42,-41
109900030,15,1,14
109900031,0,70,-70
109900032,0,0,0
109900033,0,67,-67
109900034,20,10,10
109900035,3,4,-1
109900036,0,0,0
109900037,0,0,0
109900038,0,20,-20
109900039,22,10,12
109900040,0,0,0
109900041,7,11,-4
109900042,0,0,0
109900044,31,27,4
109900045,24,1,23
109900046,10,2,8
109900047,14,48,-34
109900048,0,4,-4
109900049,0,1,-1
109900050,0,0,0
109900051,0,0,0
109900052,1,46,-45
109900053,0,5,-5
109900054,371,10,361
109900055,22,35,-13
109900056,0,0,0
109900057,0,6,-6
109900058,0,0,0
109900059,610,13,597
109900060,177,4,173
109900061,4,9,-5
109900062,0,0,0
109900063,4,44,-40
109900064,85,18,67
109900065,3,10,-7
109900066,0,3,-3
109900067,0,0,0
109900068,53,9,44
109900069,0,0,0
109900070,11,23,-12
109900071,0,0,0
109900072,0,11,-11
109900073,141,4,137
109900074,0,0,0
109900075,0,0,0
109900076,1,15,-14
109900077,3,4,-1
109900078,9,3,6
109900080,12,20,-8
109900081,5,20,-15
109900082,3,18,-15
109900083,0,11,-11
109900084,0,0,0
109900085,21,36,-15
109900086,5,145,-140
109900087,10,42,-32
109900089,61,13,48
109900090,27,68,-41
109900091,260,22,238
109900092,0,0,0
109900093,61,8,53
109900094,0,0,0
109900095,9,43,-34
109900096,20,0,20
109900097,0,0,0
109900098,182,8,174
109900099,111,0,111
109900100,0,0,0
109900101,371,0,371
109900102,0,0,0
109900103,17,0,17
109900104,340,13,327
109900105,0,0,0
109900106,0,0,0
109900107,0,0,0
109900108,0,0,0
109900109,0,0,0
109900110,18,13,5
109900111,85,32,53
109900112,33,38,-5
109900113,303,146,157
109900114,292,153,139
109900115,86,36,50
109900117,503,29,474
109900118,22,30,-8
109900119,30,22,8
109900120,8,2,6
109900121,12,11,1
109900122,339,2,337
109900123,0,4,-4
109900124,11,17,-6
109900125,0,30,-30
109900126,88,3,85
109900128,117,0,117
109900130,265,442,-177
109900131,1,30,-29
109900132,1,33,-32
109900133,9,15,-6
109900134,0,0,0
109900135,0,0,0
109900136,0,0,0
109900137,18,39,-21
109900138,111,26,85
109900140,36,10,26
109900141,85,14,71
109900142,239,23,216
109900145,0,47,-47
109900146,4,1,3
109900148,22,7,15
109900149,1,2,-1
109900150,0,3,-3
109900151,0,1,-1
109900152,0,1,-1
109900153,1,17,-16
109900154,2,0,2
109900155,13,3,10
109900157,48,10,38
109900158,1,4,-3
109900159,31,0,31
109900160,19,5,14
109900161,30,6,24
109900162,36,29,7
109900163,148,35,113
109900164,37,83,-46
109900165,8,1,7
109900166,0,18,-18
109900167,20,38,-18
109900168,23,7,16
109900169,0,0,0
109900170,8,258,-250
109900171,18,30,-12
109900172,3,38,-35
109900173,52,159,-107
109900174,0,5,-5
109900175,0,0,0
109900176,0,0,0
109900177,0,0,0
109900178,0,0,0
109900179,0,0,0
109900180,0,3,-3
110000001,84,48,36
110000002,367,560,-193
110000003,136,115,21
110000004,391,671,-280
110000005,229,684,-455
110000006,62,388,-326
110000007,29,2,27
110000008,0,11,-11
110000009,0,4,-4
110000010,42,26,16
110000011,8,3,5
110000012,83,247,-164
110000013,27,175,-148
110000014,283,66,217
110000015,81,149,-68
110000016,210,449,-239
110000017,725,253,472
110000018,163,112,51
110000019,12,11,1
110000020,156,49,107
110000021,47,35,12
110000022,201,6,195
110000023,0,7,-7
110000024,94,59,35
110000025,282,0,282
110000026,1,33,-32
110000027,129,269,-140
110000028,345,96,249
110000029,73,115,-42
110000030,84,228,-144
110000031,21,50,-29
110000032,321,58,263
110000033,8,11,-3
110000034,159,120,39
110000035,138,91,47
110000036,324,115,209
110000037,10,92,-82
110000038,70,172,-102
110000039,338,921,-583
110000040,142,46,96
110000041,225,864,-639
110000042,37,79,-42
110000043,225,250,-25
110000044,9,53,-44
110000045,13,74,-61
110000046,3,0,3
110000047,1,23,-22
110000048,2,6,-4
110000049,0,4,-4
110000050,0,19,-19
110000051,1,3,-2
110000052,32,47,-15
110000053,4,18,-14
110000054,22,97,-75
110000055,28,32,-4
110000056,70,70,0
110000057,39,52,-13
110000058,323,258,65
110000059,48,89,-41
110000060,686,262,424
110000061,110,101,9
110000062,572,214,358
110000063,60,41,19
110000064,19,10,9
110000065,37,44,-7
110000066,67,0,67
110000067,6,17,-11
110000068,16,9,7
110000069,181,2,179
110000071,155,1,154
110000073,1,2,-1
110000075,21,5,16
110000076,93,71,22
110000077,57,177,-120
110000078,80,6,74
110000080,47,106,-59
110000081,14,32,-18
110000082,1,38,-37
110000083,55,96,-41
110000084,294,386,-92
110000085,465,249,216
110000086,398,715,-317
110000087,7,25,-18
110000088,33,60,-27
110000089,143,12,131
110000090,16,60,-44
110000091,78,36,42
110000092,3,11,-8
110000093,28,14,14
110000094,139,31,108
110000095,88,214,-126
110000096,253,209,44
110000097,450,565,-115
110000098,614,131,483
110000099,175,204,-29
110000100,424,3,421
110000101,1,23,-22
110000102,63,34,29
110000104,130,48,82
110000105,19,24,-5
110000106,122,190,-68
110000107,14,58,-44
110000108,56,111,-55
110000109,2,32,-30
110000110,641,1177,-536
110000111,885,971,-86
110000112,85,135,-50
110000113,44,488,-444
110000114,83,245,-162
110000115,102,59,43
110000116,23,29,-6
110000117,111,46,65
110000118,256,30,226
110000119,59,39,20
110000120,95,35,60
110000121,7,50,-43
110000122,57,77,-20
110000123,162,178,-16
110000124,0,98,-98
110000125,280,0,280
110000126,107,4,103
110000127,306,22,284
110000128,0,94,-94
110000129,0,19,-19
110000130,101,28,73
110000131,25,33,-8
110000132,0,63,-63
110000133,3,64,-61
110000134,0,36,-36
110000135,39,4,35
110000136,6,18,-12
110000137,212,6,206
110000138,108,39,69
110000139,412,43,369
110000140,313,87,226
110000143,111,44,67
110000144,699,387,312
110000145,257,213,44
110000146,481,127,354
110000147,25,240,-215
110000148,203,71,132
110000151,72,219,-147
110000152,75,360,-285
110000153,1,2,-1
110000154,0,69,-69
110000155,351,472,-121
110000156,114,261,-147
110000157,122,363,-241
110000160,116,52,64
110000161,41,53,-12
110000166,329,16,313
110000167,755,314,441
110000168,420,317,103
110000169,290,88,202
110000170,33,97,-64
110000171,237,37,200
110000172,90,185,-95
110000173,151,197,-46
110000174,41,117,-76
110000175,388,9,379
110000176,73,265,-192
110000177,78,301,-223
110000178,274,767,-493
110000179,186,74,112
110000180,45,56,-11
110000181,135,108,27
110000182,51,13,38
110000183,1799,2166,-367
110000184,79,946,-867
110000185,102,255,-153
110000186,62,185,-123
110000191,635,58,577
110000192,270,3,267
110000193,366,14,352
110000194,3,116,-113
110000195,235,16,219
110000196,72,11,61
110000197,56,25,31
110000198,40,5,35
110000199,17,22,-5
110000200,176,55,121
110000201,162,299,-137
110000202,382,130,252
110000203,35,44,-9
110000204,0,36,-36
110000205,126,11,115
110000206,67,45,22
110000207,696,33,663
110000208,18,51,-33
110000209,32,30,2
110000210,712,108,604
110000211,342,198,144
110000212,130,422,-292
110000213,69,13,56
110000214,63,16,47
110000215,1,68,-67
110000216,14,63,-49
110000217,157,25,132
110000218,31,21,10
110000219,104,4,100
110000220,3,17,-14
110000221,153,8,145
110000222,2,32,-30
110000223,0,37,-37
110000224,0,0,0
110000225,60,86,-26
110000226,100,4,96
110000227,38,106,-68
110000228,60,18,42
110000229,0,20,-20
110000230,271,258,13
110000231,59,82,-23
110000232,34,72,-38
110000233,93,77,16
110000234,134,90,44
110000235,176,265,-89
110000236,0,0,0
110000237,268,83,185
110000238,286,143,143
110000239,349,159,190
110000240,0,0,0
110000242,0,0,0
110000243,50,5,45
110000244,4,43,-39
110000245,0,84,-84
110000246,273,94,179
110000247,222,316,-94
110000248,198,72,126
110000249,23,0,23
110000250,0,26,-26
110000251,117,72,45
110000252,133,18,115
110000253,383,151,232
110000254,191,53,138
110000255,22,34,-12
110000256,92,68,24
110000257,62,11,51
110000258,0,14,-14
110000259,74,1,73
110000260,14,25,-11
110000263,159,8,151
110000264,240,83,157
110000265,799,327,472
110000266,456,502,-46
110000267,0,0,0
110000268,62,1,61
110000269,0,0,0
110000270,78,0,78
110000271,201,19,182
110000272,138,146,-8
110000273,135,159,-24
110000274,88,603,-515
110000275,201,73,128
110000276,82,197,-115
110000277,149,41,108
110000278,108,79,29
110000279,501,85,416
110000280,382,100,282
110000281,22,4,18
110000282,57,5,52
110000283,3,38,-35
110000284,0,2,-2
110000285,0,4,-4
110000286,1,0,1
110000287,84,1,83
110000288,0,0,0
110000289,63,751,-688
110000290,50,69,-19
110000291,188,243,-55
110000292,248,1317,-1069
110000293,275,136,139
110000294,621,329,292
110000295,50,138,-88
110000296,242,43,199
110000297,551,27,524
110000298,0,58,-58
110000299,17,7,10
110000301,233,1,232
110000302,33,40,-7
110000303,197,0,197
110000304,10,11,-1
110000305,430,3,427
110000306,12,70,-58
110000307,499,1,498
110000308,386,1,385
110000309,0,82,-82
110000310,330,13,317
110000311,0,93,-93
110000312,200,12,188
110000313,480,100,380
110000314,0,26,-26
110000315,224,531,-307
110000316,11,210,-199
110000317,34,29,5
110000318,0,21,-21
110000319,4,12,-8
110000320,0,9,-9
110000321,1,9,-8
110000322,32,74,-42
110000323,148,61,87
110000324,93,50,43
110000325,623,918,-295
110000327,172,100,72
110000328,39,22,17
110000333,288,323,-35
110000334,37,116,-79
110000335,144,78,66
110000336,63,107,-44
110000337,817,106,711
110000338,176,88,88
110000339,236,36,200
110000340,4,21,-17
110000341,172,11,161
110000342,14,1,13
110000343,0,0,0
110000344,2,32,-30
110000345,40,20,20
110000346,551,480,71
110000347,671,207,464
110000348,0,7,-7
110000349,0,1,-1
110000350,1,0,1
110000351,578,129,449
110000352,127,438,-311
110000353,755,120,635
110000354,110,589,-479
110000355,52,0,52
110000356,201,0,201
110000357,159,0,159
110000361,0,0,0
110000362,89,4,85
110000363,204,3,201
110000364,127,50,77
110000365,27,0,27
110000366,0,65,-65
110000367,154,59,95
110000368,0,19,-19
110000369,27,0,27
110000373,0,15,-15
110000374,20,27,-7
110000375,33,111,-78
110000376,16,16,0
110000377,16,156,-140
110000378,1,107,-106
110000379,762,893,-131
110000380,87,4,83
110000383,0,43,-43
110000384,300,3,297
110000385,0,14,-14
110000387,14,0,14
110000388,5,18,-13
110000389,477,0,477
110000391,316,11,305
110000396,38,2,36
110000397,38,9,29
110000398,1,11,-10
110000399,84,0,84
110000587,51,20,31
110000589,48,12,36
110000640,77,5,72
110000652,4,51,-47
110000653,25,31,-6
110000654,0,0,0
110000656,0,0,0
110000674,0,0,0
110000675,0,0,0
110000676,0,0,0
110000679,0,0,0
110000682,64,82,-18
110000683,137,56,81
110000684,0,0,0
110000685,2,1,1
110000686,0,0,0
110000687,5,0,5
110000688,2,139,-137
110000689,13,13,0
110000692,1,9,-8
110000693,0,91,-91
110000694,0,0,0
110000695,1,29,-28
110000696,36,14,22
110900001,29,0,29
110900002,47,0,47
110900003,189,3,186
110900004,187,2,185
110900005,0,0,0
110900006,3,0,3
110900007,29,6,23
110900008,0,0,0
110900009,19,41,-22
110900010,0,0,0
110900011,2,1,1
110900012,0,0,0
110900013,263,8,255
110900014,16,0,16
110900015,16,157,-141
110900016,0,0,0
110900017,140,1,139
110900018,56,0,56
110900019,2,0,2
110900020,0,0,0
110900021,0,0,0
110900022,0,0,0
110900023,1,17,-16
110900024,0,0,0
110900025,0,0,0
110900027,0,0,0
110900028,0,0,0
110900029,0,0,0
110900030,0,0,0
110900031,0,0,0
110900032,0,0,0
110900033,0,0,0
110900035,0,0,0
110900036,10,0,10
110900037,19,0,19
110900038,0,0,0
110900039,0,0,0
110900040,53,0,53
110900041,0,0,0
110900042,0,0,0
110900043,0,0,0
110900044,0,0,0
110900045,0,0,0
110900046,0,0,0
110900047,0,0,0
110900049,4,11,-7
110900050,4,0,4
110900051,0,0,0
110900052,0,0,0
110900053,0,0,0
110900054,0,0,0
110900055,10,0,10
110900056,0,0,0
110900057,0,0,0
110900058,0,0,0
110900059,0,0,0
110900060,19,6,13
110900061,0,0,0
110900062,0,0,0
110900063,0,0,0
110900064,0,0,0
110900065,0,4,-4
110900066,0,9,-9
110900067,0,0,0
110900068,0,0,0
110900069,0,2,-2
110900070,0,0,0
110900071,0,0,0
110900073,1,0,1
110900074,104,0,104
110900075,46,11,35
110900077,227,41,186
110900078,0,0,0
110900079,57,142,-85
110900080,31,13,18
110900081,0,0,0
110900082,23,9,14
110900083,1,1,0
110900084,0,0,0
110900085,7,15,-8
110900086,4,26,-22
110900087,17,14,3
110900088,2,0,2
110900090,0,0,0
110900091,0,0,0
110900093,0,0,0
110900095,4,2,2
110900097,6,2,4
110900098,0,7,-7
110900099,6,12,-6
110900100,0,1,-1
110900102,28,0,28
110900105,22,8,14
110900108,8,1,7
110900111,8,1,7
110900112,154,3,151
110900113,53,0,53
110900115,0,5,-5
110900116,172,53,119
110900118,1,385,-384
110900119,55,0,55
110900120,0,0,0
110900121,6,0,6
110900122,33,1,32
110900125,61,73,-12
110900127,0,0,0
110900128,0,1,-1
110900129,2,90,-88
110900130,0,55,-55
110900131,21,4,17
110900132,69,10,59
110900133,0,0,0
110900135,3,1,2
110900136,32,0,32
110900137,0,0,0
110900138,22,14,8
110900139,0,6,-6
110900140,1,0,1
110900141,0,5,-5
110900142,0,0,0
110900143,41,11,30
110900144,0,0,0
110900145,11,10,1
110900146,27,49,-22
110900147,0,0,0
110900148,0,0,0
110900149,0,0,0
110900150,0,11,-11
110900151,0,0,0
110900152,0,21,-21
110900153,19,7,12
111000001,120,165,-45
111000002,64,7,57
111000003,518,364,154
111000004,14,47,-33
111000005,762,584,178
111000006,34,40,-6
111000007,863,991,-128
111000008,142,117,25
111000009,37,157,-120
111000010,590,239,351
111000011,29,121,-92
111000012,53,166,-113
111000013,59,100,-41
111000014,386,168,218
111000017,0,56,-56
111000018,5,14,-9
111000020,21,140,-119
111000021,19,22,-3
111000023,45,31,14
111000025,213,457,-244
111000029,3,23,-20
111000030,3,9,-6
111000031,749,390,359
111000032,310,63,247
111000033,100,38,62
111000034,18,67,-49
111000037,173,375,-202
111000038,403,308,95
111000039,397,336,61
111000040,412,348,64
111000041,49,178,-129
111000042,229,650,-421
111000043,893,808,85
111000044,720,110,610
111000045,1164,518,646
111000046,509,480,29
111000047,1001,1862,-861
111000049,16,19,-3
111000050,50,120,-70
111000051,43,73,-30
111000052,23,51,-28
111000053,6,45,-39
111000054,10,39,-29
111000055,187,181,6
111000056,26,46,-20
111000057,2,27,-25
111000058,246,33,213
111000059,236,92,144
111000060,2279,186,2093
111000061,333,96,237
111000062,575,87,488
111000063,469,261,208
111000064,563,137,426
111000065,682,215,467
111000066,311,93,218
111000067,138,88,50
111000068,51,61,-10
111000069,135,98,37
111000070,12,9,3
111000071,6,11,-5
111000072,567,286,281
111000073,75,451,-376
111000074,628,330,298
111000075,223,72,151
111000076,511,70,441
111000077,565,302,263
111000078,309,115,194
111000079,328,91,237
111000080,221,106,115
111000081,209,480,-271
111000082,214,70,144
111000084,158,120,38
111000085,216,298,-82
111000086,308,166,142
111000087,296,118,178
111000088,406,369,37
111000089,231,144,87
111000090,113,157,-44
111000091,92,105,-13
111000092,564,161,403
111000093,238,180,58
111000094,343,197,146
111000095,241,754,-513
111000096,380,1860,-1480
111000097,163,129,34
111000098,50,64,-14
111000099,45,128,-83
111000100,54,73,-19
111000101,45,61,-16
111000102,6,25,-19
111000104,315,20,295
111000107,2,65,-63
111000109,170,14,156
111000110,240,84,156
111000111,1175,47,1128
111000112,914,60,854
111000113,324,626,-302
111000114,203,888,-685
111000115,912,218,694
111000116,169,72,97
111000117,93,71,22
111000118,171,85,86
111000119,434,82,352
111000120,197,97,100
111000121,31,98,-67
111000122,106,115,-9
111000123,196,299,-103
111000124,68,208,-140
111000125,14,89,-75
111000126,7,63,-56
111000127,358,21,337
111000128,1180,50,1130
111000129,1041,147,894
111000130,1352,154,1198
111000131,1079,74,1005
111000132,731,452,279
111000133,81,10,71
111000134,81,4,77
111000135,10,20,-10
111000136,274,31,243
111000138,0,0,0
111000140,0,0,0
111000141,23,21,2
111000142,0,2,-2
111000143,0,4,-4
111000144,0,12,-12
111000145,13,1,12
111000146,24,1,23
111000147,23,2,21
111000148,15,6,9
111000149,0,25,-25
111000150,13,0,13
111000151,7,0,7
111000153,134,35,99
111000154,10,27,-17
111000155,50,27,23
111000156,196,128,68
111000157,56,133,-77
111000158,298,168,130
111000159,391,283,108
111000160,140,34,106
111000161,1,78,-77
111000162,0,15,-15
111000163,90,102,-12
111000164,19,188,-169
111000165,152,24,128
111000166,23,7,16
111000167,40,41,-1
111000168,39,29,10
111000169,109,40,69
111000170,56,18,38
111000171,36,18,18
111000172,40,48,-8
111000173,73,50,23
111000174,26,7,19
111000175,1,16,-15
111000176,153,29,124
111000177,244,9,235
111000178,597,62,535
111000179,222,14,208
111000180,132,104,28
111000181,283,47,236
111000182,95,17,78
111000183,11,15,-4
111000184,74,7,67
111000185,108,14,94
111000186,68,6,62
111000187,74,8,66
111000188,156,47,109
111000189,14,94,-80
111000190,43,39,4
111000191,5,14,-9
111000192,4,32,-28
111000193,21,13,8
111000194,1,4,-3
111000195,2,31,-29
111000196,3,10,-7
111000197,228,15,213
111000198,183,6,177
111000199,123,90,33
111000200,358,113,245
111000201,206,18,188
111000202,151,12,139
111000203,188,63,125
111000204,119,197,-78
111000213,103,119,-16
111000214,308,201,107
111000215,257,105,152
111000217,652,138,514
111000218,396,184,212
111000219,13,12,1
111000220,276,90,186
111000221,86,88,-2
111000224,0,1,-1
111000225,293,106,187
111000226,9,1,8
111000227,2,0,2
111000228,0,297,-297
111000229,4,423,-419
111000230,38,18,20
111000231,409,22,387
111000232,255,116,139
111000233,253,75,178
111000234,43,83,-40
111000239,0,0,0
111000240,15,88,-73
111000241,0,0,0
111000242,65,31,34
111000243,0,0,0
111000244,252,6,246
111000245,243,39,204
111000246,211,72,139
111000247,193,60,133
111000248,389,118,271
111000249,169,26,143
111000250,11,29,-18
111000251,90,40,50
111000253,2,3,-1
111000255,1,3,-2
111000257,18,2,16
111000260,0,36,-36
111000261,441,29,412
111000271,0,12,-12
111000273,368,254,114
111000274,387,181,206
111000275,29,7,22
111000276,49,266,-217
111000277,91,23,68
111000278,176,29,147
111000291,311,2872,-2561
111000298,78,61,17
111000299,40,4,36
111000300,15,11,4
111000302,94,34,60
111000303,44,17,27
111000312,43,6,37
111000315,0,3,-3
111000320,30,65,-35
111000321,171,33,138
111000322,171,44,127
111000323,67,16,51
111000324,111,34,77
111000325,4,9,-5
111000326,89,36,53
111000327,119,49,70
111000328,50,71,-21
111000329,0,31,-31
111000330,5,10,-5
111000331,0,1,-1
111000332,155,199,-44
111000334,39,130,-91
111000335,307,2,305
111000337,510,0,510
111000338,28,2,26
111000339,187,12,175
111000340,6,55,-49
111000341,472,119,353
111000342,0,5,-5
111000344,444,117,327
111000345,8,0,8
111000346,0,3,-3
111000347,121,0,121
111000350,38,53,-15
111000351,9,93,-84
111000352,62,40,22
111000353,9,43,-34
111000354,61,5,56
111000355,19,85,-66
111000358,49,41,8
111000360,71,9,62
111000361,38,9,29
111000546,73,1,72
111000547,135,25,110
111000548,14,6,8
111000549,104,15,89
111000550,2,72,-70
111000551,15,30,-15
111000552,65,5,60
111000907,49,10,39
111000908,34,1,33
111000916,385,0,385
111000917,0,13,-13
111000918,51,45,6
111000920,72,0,72
111000921,1,6,-5
111000922,137,10,127
111000924,0,102,-102
111000925,1809,882,927
111000926,341,173,168
111000927,1266,1764,-498
111000928,751,455,296
111000929,1113,388,725
111000930,248,427,-179
111000931,1355,514,841
111000932,647,566,81
111000933,1783,963,820
111000934,279,439,-160
111000935,999,255,744
111000936,155,272,-117
111000937,573,443,130
111000938,340,173,167
111000939,437,25,412
111000940,221,13,208
111000941,131,11,120
111000943,215,40,175
111000944,10,36,-26
111000945,131,11,120
111001109,158,172,-14
111001110,17,2,15
111001111,16,0,16
111001112,181,3,178
111001113,3,44,-41
111001114,104,11,93
111001115,0,0,0
111001116,363,1857,-1494
111001117,9,68,-59
111001120,49,14,35
111001121,6,22,-16
111001122,0,0,0
111900001,6,0,6
111900002,0,8,-8
111900003,1,17,-16
111900004,1,26,-25
111900006,0,0,0
111900007,0,0,0
111900008,0,0,0
111900009,62,3,59
111900010,6,6,0
111900012,3,1,2
111900013,3,15,-12
111900014,391,1291,-900
111900015,0,1,-1
111900016,0,1,-1
111900017,0,3,-3
111900018,22,20,2
111900019,1,58,-57
111900020,0,8,-8
111900021,0,10,-10
111900022,0,3,-3
111900023,68,1,67
111900024,0,2,-2
111900025,0,9,-9
111900026,0,9,-9
111900027,0,2,-2
111900028,0,0,0
111900029,0,2,-2
111900030,0,0,0
111900031,7,0,7
111900032,0,0,0
111900033,0,2,-2
111900034,0,0,0
111900035,0,0,0
111900036,0,0,0
111900038,0,0,0
111900039,0,0,0
111900040,0,0,0
111900042,0,0,0
111900043,0,0,0
111900044,0,0,0
111900046,0,0,0
111900048,143,54,89
111900049,0,0,0
111900050,0,0,0
111900051,1,14,-13
111900052,0,0,0
111900053,51,445,-394
111900054,0,0,0
111900055,42,74,-32
111900056,6,75,-69
111900057,50,3,47
111900058,243,23,220
111900059,50,21,29
111900060,0,0,0
111900061,1,27,-26
111900062,37,6,31
111900063,29,0,29
111900064,9,14,-5
111900065,37,4,33
111900066,5,0,5
111900067,0,0,0
111900068,8,14,-6
111900069,16,32,-16
111900070,33,0,33
111900071,0,0,0
111900072,33,16,17
111900073,57,11,46
111900074,0,0,0
111900075,54,1,53
111900076,11,5,6
111900077,13,1,12
111900078,65,4,61
111900079,28,29,-1
111900080,0,0,0
111900081,0,0,0
111900082,234,30,204
111900083,21,4,17
111900084,84,5,79
111900085,0,0,0
111900086,189,2,187
111900087,36,9,27
111900088,139,2,137
111900089,61,3,58
111900090,0,0,0
111900091,392,0,392
111900092,87,0,87
111900093,94,1,93
111900094,50,0,50
111900095,0,0,0
111900096,93,0,93
111900097,27,0,27
111900098,52,5,47
111900099,23,0,23
111900100,0,0,0
111900101,1,0,1
111900102,149,0,149
111900103,0,0,0
111900104,0,0,0
111900105,7,0,7
111900106,35,0,35
111900107,0,0,0
111900108,0,0,0
111900109,0,0,0
111900110,0,0,0
111900111,146,6,140
111900112,0,0,0
111900113,38,1,37
111900114,29,13,16
111900115,11,0,11
111900118,12,2,10
111900119,0,0,0
111900122,6,32,-26
111900123,2,1,1
111900124,20,2,18
111900125,16,7,9
111900126,57,0,57
111900127,0,0,0
111900128,0,0,0
111900129,36,0,36
111900130,11,2,9
111900131,20,0,20
111900132,0,0,0
111900133,0,0,0
111900134,0,0,0
111900135,0,0,0
111900136,0,0,0
111900137,21,18,3
111900138,9,18,-9
111900139,0,12,-12
111900140,76,10,66
111900141,66,7,59
111900142,41,0,41
111900143,2,0,2
111900144,0,0,0
111900145,0,0,0
111900146,0,0,0
111900147,0,0,0
111900148,0,0,0
111900149,0,0,0
111900150,0,0,0
111900151,0,0,0
111900152,0,0,0
111900153,0,0,0
111900154,0,0,0
111900155,0,0,0
111900156,0,0,0
111900157,0,0,0
111900158,0,0,0
111900159,2,0,2
111900160,0,0,0
111900161,2,0,2
111900162,0,0,0
111900163,0,0,0
111900164,0,0,0
111901113,122,1,121
111901114,46,0,46
111901115,0,0,0
111901116,0,0,0
111901117,0,0,0
111901118,0,0,0
111901119,0,0,0
111901120,0,0,0
111901121,0,0,0
111901122,3,0,3
111901123,40,0,40
111901124,0,0,0
111901125,19,17,2
111901126,0,0,0
111901127,2,0,2
111901128,0,0,0
111901129,0,0,0
111901130,0,0,0
111901131,0,78,-78
111901132,0,0,0
111901133,0,0,0
111901134,0,0,0
111901135,0,0,0
111901136,0,0,0
111901137,0,0,0
111901138,0,0,0
111901139,0,0,0
111901140,0,0,0
111901141,0,0,0
111901142,0,0,0
111901143,0,0,0
111901144,0,0,0
112000001,1101,436,665
112000002,91,135,-44
112000003,659,350,309
112000004,49,73,-24
112000005,2376,1532,844
112000006,121,36,85
112000007,1972,1316,656
112000008,1388,2023,-635
112000009,1372,623,749
112000010,907,2309,-1402
112000011,544,395,149
112000012,2059,3823,-1764
112000013,697,494,203
112000014,232,2303,-2071
112000015,222,626,-404
112000016,407,975,-568
112000017,55,528,-473
112000024,58,44,14
112000026,370,346,24
112000027,279,431,-152
112000028,305,106,199
112000029,171,501,-330
112000030,10,2,8
112000031,280,1499,-1219
112000032,7,2,5
112000033,303,1110,-807
112000034,2,2,0
112000035,3,39,-36
112000036,47,404,-357
112000037,36,72,-36
112000038,176,352,-176
112000039,33,21,12
112000040,9,50,-41
112000041,57,123,-66
112000042,324,20,304
112000050,695,649,46
112000051,500,636,-136
112000054,272,391,-119
112000057,14,64,-50
112000058,34,208,-174
112000059,173,157,16
112000061,494,267,227
112000062,167,355,-188
112000063,236,260,-24
112000064,582,575,7
112000065,303,162,141
112000066,620,561,59
112000067,91,62,29
112000068,862,653,209
112000069,35,205,-170
112000070,221,205,16
112000071,148,179,-31
112000072,896,214,682
112000073,110,240,-130
112000074,351,199,152
112000075,708,415,293
112000076,761,222,539
112000077,603,197,406
112000078,825,239,586
112000079,943,410,533
112000080,179,186,-7
112000081,180,418,-238
112000082,407,276,131
112000083,235,336,-101
112000084,594,171,423
112000085,447,239,208
112000086,1025,252,773
112000087,216,62,154
112000088,349,142,207
112000089,120,84,36
112000090,67,68,-1
112000091,151,60,91
112000092,1026,117,909
112000093,321,99,222
112000094,480,112,368
112000095,307,81,226
112000096,602,116,486
112000097,791,192,599
112000098,31,41,-10
112000099,188,886,-698
112000100,1044,140,904
112000101,39,62,-23
112000102,353,75,278
112000103,48,37,11
112000105,17,149,-132
112000106,702,33,669
112000107,4,27,-23
112000108,145,247,-102
112000109,48,53,-5
112000110,449,132,317
112000111,72,269,-197
112000112,868,57,811
112000113,111,104,7
112000114,787,120,667
112000115,40,7,33
112000116,27,25,2
112000117,39,46,-7
112000118,110,98,12
112000119,69,62,7
112000120,1,26,-25
112000121,63,123,-60
112000122,194,31,163
112000123,297,21,276
112000124,208,11,197
112000125,114,51,63
112000126,216,124,92
112000127,603,762,-159
112000128,61,278,-217
112000129,105,14,91
112000130,36,8,28
112000131,36,14,22
112000132,6,15,-9
112000133,147,10,137
112000134,130,50,80
112000135,420,67,353
112000136,95,176,-81
112000137,485,129,356
112000138,144,164,-20
112000139,87,183,-96
112000140,10,75,-65
112000141,246,67,179
112000142,9,51,-42
112000143,540,52,488
112000144,40,81,-41
112000145,1193,75,1118
112000146,60,125,-65
112000147,952,323,629
112000148,113,194,-81
112000149,155,76,79
112000150,2,18,-16
112000151,122,31,91
112000152,23,12,11
112000153,37,10,27
112000154,48,0,48
112000155,51,14,37
112000157,19,223,-204
112000158,113,55,58
112000159,107,26,81
112000167,13,5,8
112000169,29,427,-398
112000173,254,12,242
112000175,101,50,51
112000176,374,366,8
112000177,139,14,125
112000178,8,56,-48
112000179,52,8,44
112000180,10,6,4
112000181,298,86,212
112000182,682,66,616
112000183,17,6,11
112000184,240,24,216
112000185,21,19,2
112000187,747,402,345
112000195,22,6,16
112000196,36,0,36
112000197,9,6,3
112000198,0,12,-12
112000199,1,43,-42
112000202,160,0,160
112000216,1,12,-11
112000230,58,0,58
112000231,0,2,-2
112000256,38,54,-16
112000313,14,1,13
112000314,17,8,9
112000337,1,55,-54
112000352,0,16,-16
112000392,687,631,56
112000398,624,202,422
112000399,230,2370,-2140
112000400,265,328,-63
112000401,382,392,-10
112000402,1385,2644,-1259
112000403,350,1881,-1531
112000404,302,680,-378
112000405,1334,1193,141
112000406,621,301,320
112000407,3059,3072,-13
112000408,1345,609,736
112000409,299,555,-256
112000410,0,0,0
112000411,66,34,32
112000412,9,40,-31
112000413,100,339,-239
112000414,24,7,17
112000415,34,4,30
112000416,1118,464,654
112000417,127,45,82
112000421,0,5,-5
112000422,61,19,42
112000424,154,529,-375
112000425,4,75,-71
112000426,13,59,-46
112000427,0,1,-1
112000428,44,37,7
112000429,514,691,-177
112000430,911,1181,-270
112000431,62,60,2
112000432,57,90,-33
112000433,216,243,-27
112000437,93,85,8
112900001,18,0,18
112900002,153,1,152
112900003,10,0,10
112900004,19,0,19
112900005,70,0,70
112900006,0,0,0
112900007,61,7,54
112900008,0,0,0
112900009,53,0,53
112900010,10,0,10
112900011,0,0,0
112900012,0,0,0
112900013,0,16,-16
112900014,0,0,0
112900015,1,4,-3
112900016,0,0,0
112900017,1,2,-1
112900018,0,0,0
112900019,0,0,0
112900020,5,30,-25
112900021,0,0,0
112900022,0,4,-4
112900023,0,0,0
112900024,0,0,0
112900025,2,6,-4
112900026,0,0,0
112900027,0,0,0
112900028,0,0,0
112900029,39,15,24
112900030,0,0,0
112900031,0,0,0
112900032,0,0,0
112900034,5,4,1
112900035,0,0,0
112900036,0,0,0
112900037,0,0,0
112900038,22,0,22
112900039,0,0,0
112900040,0,0,0
112900041,14,76,-62
112900042,0,0,0
112900043,0,0,0
112900044,2,0,2
112900045,0,0,0
112900046,0,0,0
112900047,0,0,0
112900049,0,0,0
112900050,11,0,11
112900051,0,1,-1
112900052,0,0,0
112900053,0,0,0
112900054,3,0,3
112900055,0,0,0
112900056,0,0,0
112900057,0,0,0
112900058,104,94,10
112900059,0,0,0
112900060,0,0,0
112900061,0,0,0
112900062,0,0,0
112900063,0,0,0
112900064,0,0,0
112900065,0,0,0
112900066,118,83,35
112900067,0,0,0
112900068,2,10,-8
112900069,1,0,1
112900071,0,0,0
112900072,2,20,-18
112900073,125,24,101
112900074,0,0,0
112900075,12,0,12
112900076,0,0,0
112900078,0,0,0
112900079,0,0,0
112900080,0,0,0
112900081,6,7,-1
112900082,300,0,300
112900083,0,0,0
112900084,0,0,0
112900085,0,0,0
112900086,0,0,0
112900087,41,0,41
112900088,31,0,31
112900089,613,3,610
112900090,0,0,0
112900091,0,0,0
112900092,4,0,4
112900093,0,0,0
112900094,0,0,0
112900095,0,0,0
112900096,139,48,91
112900097,0,3,-3
112900098,7,0,7
112900099,642,24,618
112900100,0,0,0
112900101,0,0,0
112900102,3,0,3
112900103,0,0,0
112900104,0,0,0
112900105,0,0,0
112900106,35,13,22
112900107,2,0,2
112900108,0,0,0
112900109,0,0,0
112900110,8,0,8
112900111,0,0,0
112900112,2,0,2
112900113,0,0,0
112900114,1,0,1
112900115,651,2,649
112900116,20,0,20
112900117,0,0,0
112900118,0,0,0
112900119,0,0,0
112900120,32,23,9
112900121,0,0,0
112900122,0,0,0
112900123,0,0,0
112900124,0,0,0
112900125,0,1,-1
112900126,13,8,5
112900127,0,0,0
112900128,20,25,-5
112900129,0,57,-57
112900130,0,0,0
112900131,0,73,-73
112900132,0,0,0
112900133,0,54,-54
112900134,0,7,-7
112900135,0,0,0
112900136,0,0,0
112900137,0,50,-50
112900138,0,6,-6
112900139,0,24,-24
112900140,0,0,0
112900141,170,3,167
112900142,0,0,0
112900143,0,12,-12
112900144,0,0,0
112900145,0,19,-19
112900146,0,0,0
112900147,0,5,-5
112900148,2,1,1
112900149,0,0,0
112900151,0,4,-4
112900152,153,3,150
112900153,1,100,-99
112900154,0,16,-16
112900155,19,0,19
112900156,15,0,15
112900157,140,0,140
112900158,0,0,0
112900159,0,0,0
112900160,1,0,1
112900161,0,0,0
112900162,0,0,0
112900163,0,0,0
112900164,0,0,0
112900165,0,0,0
112900166,0,0,0
112900167,0,0,0
112900168,0,0,0
112900169,0,0,0
112900170,0,0,0
112900172,0,0,0
112900173,0,0,0
112900174,0,0,0
112900175,0,0,0
112900176,0,0,0
112900177,0,0,0
112900178,8,4,4
112900179,4,28,-24
112900180,389,46,343
112900181,0,0,0
112900182,0,0,0
112900183,0,0,0
112900184,19,40,-21
112900185,0,35,-35
112900186,34,59,-25
112900187,0,0,0
112900188,20,25,-5
112900189,0,0,0
112900190,0,0,0
112900192,52,20,32
112900193,81,20,61
112900194,0,0,0
112900195,71,0,71
112900196,36,9,27
112900197,0,7,-7
112900199,51,5,46
112900200,11,0,11
112900201,3,0,3
112900202,2,16,-14
112900203,1,0,1
112900204,10,13,-3
112900205,2,0,2
112900206,2,0,2
112900207,0,0,0
112900208,4,42,-38
112900209,2,3,-1
112900210,0,0,0
112900211,0,0,0
112900212,0,1,-1
112900213,16,0,16
112900214,0,0,0
112900215,0,0,0
112900216,0,0,0
112900217,0,0,0
112900218,35,0,35
112900219,0,0,0
112900220,0,0,0
112900221,7,1,6
112900222,0,1,-1
112900223,151,0,151
112900224,28,0,28
112900225,0,0,0
112900226,0,0,0
112900227,144,0,144
112900228,28,0,28
112900229,0,0,0
112900230,240,107,133
112900232,67,210,-143
112900233,0,0,0
112900234,0,0,0
112900235,0,0,0
112900236,0,0,0
112900237,25,2,23
112900238,0,0,0
113000001,1145,1224,-79
113000002,1381,1353,28
113000003,303,560,-257
113000004,347,784,-437
113000005,274,239,35
113000006,147,505,-358
113000007,360,182,178
113000008,302,424,-122
113000009,190,170,20
113000010,462,304,158
113000011,302,146,156
113000012,530,93,437
113000013,39,87,-48
113000014,202,337,-135
113000015,118,79,39
113000016,13,70,-57
113000017,30,22,8
113000018,65,11,54
113000019,69,22,47
113000020,233,8,225
113000021,385,138,247
113000022,148,255,-107
113000025,5,14,-9
113000026,164,303,-139
113000027,111,216,-105
113000028,96,181,-85
113000029,295,199,96
113000030,2,5,-3
113000031,0,3,-3
113000032,108,75,33
113000033,140,91,49
113000034,4,2,2
113000035,1,0,1
113000036,5,84,-79
113000037,5,0,5
113000038,17,58,-41
113000039,0,12,-12
113000040,1,0,1
113000042,145,197,-52
113000051,274,849,-575
113000052,282,101,181
113000053,87,72,15
113000054,75,337,-262
113000055,531,147,384
113000056,515,187,328
113000058,78,342,-264
113000059,285,188,97
113000060,149,191,-42
113000061,96,188,-92
113000062,96,60,36
113000063,122,27,95
113000064,57,57,0
113000065,101,103,-2
113000066,362,35,327
113000067,806,76,730
113000068,158,143,15
113000069,197,221,-24
113000070,571,58,513
113000071,70,115,-45
113000072,219,54,165
113000073,163,178,-15
113000074,255,53,202
113000075,483,87,396
113000076,58,553,-495
113000077,237,235,2
113000078,99,286,-187
113000079,28,124,-96
113000080,75,118,-43
113000081,159,268,-109
113000082,109,51,58
113000083,211,366,-155
113000084,406,260,146
113000085,293,237,56
113000086,194,259,-65
113000087,227,489,-262
113000088,254,333,-79
113000089,367,807,-440
113000090,34,194,-160
113000091,66,8,58
113000094,461,30,431
113000095,97,52,45
113000096,45,30,15
113000097,158,28,130
113000098,3,12,-9
113000099,304,51,253
113000100,23,17,6
113000101,26,18,8
113000102,140,36,104
113000103,491,122,369
113000104,355,650,-295
113000105,429,83,346
113000106,103,75,28
113000107,334,380,-46
113000108,355,199,156
113000109,122,240,-118
113000110,348,165,183
113000111,4,112,-108
113000112,27,103,-76
113000113,468,181,287
113000114,0,221,-221
113000116,74,172,-98
113000117,106,99,7
113000118,5,135,-130
113000119,68,108,-40
113000120,7,226,-219
113000121,75,98,-23
113000124,81,66,15
113000125,4,316,-312
113000127,121,27,94
113000128,89,233,-144
113000129,0,0,0
113000133,387,0,387
113000134,4,458,-454
113000135,1461,1368,93
113000137,435,846,-411
113000139,163,86,77
113000140,1,0,1
113000141,165,50,115
113000142,95,96,-1
113000143,104,135,-31
113000144,7,63,-56
113000145,87,73,14
113000146,6,1,5
113000147,29,7,22
113000148,218,51,167
113000149,59,161,-102
113000150,13,27,-14
113000151,3,5,-2
113000152,9,175,-166
113000153,122,67,55
113000154,89,439,-350
113000155,93,213,-120
113000156,80,59,21
113000157,81,81,0
113000158,44,5,39
113000159,135,21,114
113000160,114,147,-33
113000161,102,70,32
113000162,0,0,0
113000163,44,9,35
113000164,0,0,0
113000166,106,9,97
113000167,0,0,0
113000168,0,0,0
113000169,113,11,102
113000170,70,19,51
113000171,0,0,0
113000172,123,10,113
113000173,20,7,13
113000174,0,0,0
113000175,207,23,184
113000176,274,10,264
113000177,0,0,0
113000178,0,0,0
113000179,105,15,90
113000180,275,559,-284
113000181,317,238,79
113000182,2,30,-28
113000183,8,186,-178
113000184,0,0,0
113000189,24,53,-29
113000190,176,67,109
113000192,244,778,-534
113000193,466,564,-98
113000194,169,481,-312
113000195,338,638,-300
113000196,146,91,55
113000197,300,636,-336
113000198,2,106,-104
113000199,177,87,90
113000201,24,36,-12
113000202,419,171,248
113000203,31,6,25
113000204,106,808,-702
113000205,0,0,0
113000206,0,6,-6
113000207,0,0,0
113000208,3,32,-29
113000209,0,0,0
113000210,4,6,-2
113000211,29,12,17
113000212,26,0,26
113000213,13,21,-8
113000214,0,8,-8
113000234,1,90,-89
113000410,6,59,-53
113000411,490,969,-479
113000412,713,335,378
113000413,940,713,227
113000414,1105,2624,-1519
113000415,342,439,-97
113000416,700,453,247
113000417,203,335,-132
113000418,1403,1446,-43
113000419,409,731,-322
113000420,1172,1358,-186
113000421,1994,2963,-969
113000422,2449,2015,434
113000423,685,1243,-558
113000424,840,2458,-1618
113000425,1,36,-35
113000428,0,9,-9
113000430,0,0,0
113000432,570,27,543
113000433,21,92,-71
113000434,0,2,-2
113000435,1,4,-3
113000436,2,53,-51
113000437,420,0,420
113000438,42,2,40
113000439,0,0,0
113000440,5,0,5
113000441,80,11,69
113000442,0,0,0
113000443,34,4,30
113000444,0,0,0
113000445,10,7,3
113000446,0,0,0
113000448,0,0,0
113000449,1,83,-82
113000450,16,387,-371
113000451,16,0,16
113000452,46,91,-45
113000453,0,0,0
113000454,39,21,18
113000455,0,0,0
113000456,78,36,42
113000468,142,38,104
113000469,28,124,-96
113000470,78,13,65
113000471,1,67,-66
113000472,8,19,-11
113000474,394,376,18
113000475,404,422,-18
113000476,489,840,-351
113000477,1690,745,945
113000478,1187,850,337
113000479,7,15,-8
113000480,74,95,-21
113000482,0,0,0
113000484,0,0,0
113000485,0,0,0
113000486,0,0,0
113000487,0,0,0
113000489,0,0,0
113000490,0,0,0
113000491,0,0,0
113000492,0,0,0
113000493,0,0,0
113000495,0,0,0
113000496,11,13,-2
113000498,0,0,0
113000499,0,0,0
113000500,0,0,0
113900001,0,0,0
113900002,0,0,0
113900003,0,0,0
113900004,0,0,0
113900005,0,0,0
113900006,0,0,0
113900007,0,0,0
113900008,0,0,0
113900009,0,0,0
113900010,0,0,0
113900011,0,0,0
113900012,0,0,0
113900013,0,0,0
113900014,176,17,159
113900015,0,0,0
113900016,0,0,0
113900017,0,0,0
113900018,0,0,0
113900019,0,0,0
113900020,47,0,47
113900022,14,0,14
113900023,0,0,0
113900024,0,0,0
113900025,16,2,14
113900026,0,0,0
113900027,0,0,0
113900028,0,0,0
113900029,0,0,0
113900030,86,0,86
113900031,1,0,1
113900032,0,0,0
113900033,0,0,0
113900035,0,0,0
113900036,0,0,0
113900037,0,0,0
113900038,0,0,0
113900039,87,14,73
113900040,4,0,4
113900041,0,0,0
113900042,0,0,0
113900043,0,0,0
113900044,3,32,-29
113900045,0,0,0
113900046,0,0,0
113900047,0,0,0
113900048,0,0,0
113900049,0,0,0
113900050,3,26,-23
113900051,0,0,0
113900052,17,0,17
113900053,16,81,-65
113900054,2,0,2
113900055,0,0,0
113900056,0,0,0
113900057,0,0,0
113900058,0,0,0
113900059,0,0,0
113900060,2,3,-1
113900061,2,25,-23
113900062,0,0,0
113900063,0,0,0
113900064,0,0,0
113900065,155,7,148
113900066,0,0,0
113900067,12,1,11
113900068,121,110,11
113900069,0,0,0
113900070,0,0,0
113900071,0,0,0
113900072,0,0,0
113900073,0,0,0
113900074,5,9,-4
113900075,97,170,-73
113900076,0,0,0
113900077,0,0,0
113900078,0,0,0
113900079,0,0,0
113900080,17,3,14
113900081,0,0,0
113900082,0,0,0
113900083,106,26,80
113900084,13,11,2
113900085,0,0,0
113900086,0,0,0
113900087,0,0,0
113900088,0,0,0
113900089,61,5,56
113900090,6,6,0
113900091,0,0,0
113900092,0,0,0
113900093,0,0,0
113900094,26,20,6
113900095,5,6,-1
113900096,0,0,0
113900097,0,0,0
113900098,164,24,140
113900099,0,0,0
113900100,0,0,0
113900101,0,0,0
113900102,0,0,0
113900103,17,43,-26
113900104,24,24,0
113900105,1,0,1
113900106,0,0,0
113900107,0,0,0
113900108,0,0,0
113900109,3,0,3
113900110,0,0,0
113900111,0,0,0
113900112,4,0,4
113900113,9,3,6
113900114,0,0,0
113900115,0,0,0
113900116,0,0,0
113900117,1,0,1
113900118,1,20,-19
113900119,26,80,-54
113900120,0,0,0
113900121,0,0,0
113900122,16,645,-629
113900123,0,0,0
113900124,0,0,0
113900125,7,0,7
113900126,0,0,0
113900127,0,0,0
113900128,0,0,0
113900129,0,33,-33
113900130,0,0,0
113900131,0,0,0
113900132,0,0,0
113900133,0,0,0
113900135,0,0,0
113900136,0,0,0
113900137,0,0,0
113900138,0,0,0
113900139,0,0,0
113900140,32,36,-4
113900141,0,0,0
113900142,0,0,0
113900143,0,0,0
113900144,20,16,4
113900145,0,0,0
113900146,0,0,0
113900148,0,1,-1
113900149,0,0,0
113900150,141,12,129
113900151,0,0,0
113900152,0,1,-1
113900153,0,0,0
113900154,0,0,0
113900155,0,0,0
113900156,0,0,0
113900157,0,6,-6
113900158,0,0,0
113900159,0,0,0
113900160,0,0,0
113900161,0,0,0
113900162,3,12,-9
113900163,0,0,0
113900164,0,0,0
113900165,0,0,0
113900166,4,8,-4
113900167,0,0,0
113900168,0,0,0
113900169,0,0,0
113900171,0,0,0
113900172,0,0,0
113900173,0,21,-21
113900174,0,0,0
113900175,138,2,136
113900176,0,0,0
113900177,0,2,-2
113900178,2,0,2
113900179,0,30,-30
113900180,1,0,1
113900181,62,1,61
113900182,0,0,0
113900183,0,0,0
113900184,0,15,-15
113900185,0,0,0
113900186,0,0,0
113900187,0,1,-1
113900188,0,0,0
113900189,0,0,0
113900190,0,0,0
113900191,0,0,0
113900192,0,0,0
113900193,0,22,-22
113900194,30,11,19
113900195,0,0,0
113900196,0,0,0
113900197,0,14,-14
113900198,0,0,0
113900199,0,25,-25
113900200,0,0,0
113900201,0,5,-5
113900202,0,0,0
113900203,0,1,-1
113900204,1,5,-4
113900205,0,0,0
113900206,0,0,0
113900207,0,0,0
113900208,0,0,0
113900209,0,0,0
113900210,0,0,0
113900211,0,0,0
113900212,67,2,65
113900214,4,13,-9
113900215,145,0,145
113900216,0,0,0
113900217,0,0,0
113900218,0,0,0
113900219,0,0,0
113900220,0,0,0
113900221,3,21,-18
113900222,6,1,5
113900223,0,0,0
113900224,0,0,0
113900225,41,4,37
113900226,5,6,-1
113900227,7,9,-2
113900228,0,0,0
113900229,0,14,-14
113900230,60,8,52
113900231,0,0,0
113900232,0,0,0
113900233,0,0,0
113900234,0,0,0
113900235,0,0,0
113900236,64,1,63
113900237,0,0,0
113900238,2,43,-41
113900239,0,0,0
113900240,0,0,0
113900241,0,0,0
113900242,0,0,0
113900243,0,8,-8
113900244,21,2,19
113900245,6,4,2
113900246,0,11,-11
113900247,29,105,-76
113900248,0,0,0
113900249,30,61,-31
113900250,13,6,7
113900251,120,6,114
113900252,65,1,64
113900253,88,5,83
113900254,108,15,93
113900255,221,9,212
113900256,123,6,117
113900257,0,58,-58
113900258,0,14,-14
113900259,33,6,27
113900260,169,0,169
113900261,7,1,6
113900262,51,12,39
113900263,0,8,-8
113900264,0,4,-4
113900265,1,0,1
113900266,17,1,16
113900267,0,0,0
113900268,15,10,5
113900269,0,0,0
113900270,0,0,0
113900271,0,0,0
113900273,0,0,0
113900274,13,1,12
113900275,0,0,0
113900276,0,13,-13
113900277,61,0,61
113900278,0,0,0
113900279,0,0,0
113900280,25,3,22
113900281,1,90,-89
113900282,0,0,0
113900283,0,0,0
113900284,207,55,152
113900285,22,0,22
113900286,0,0,0
113900287,0,0,0
113900288,0,0,0
113900289,0,0,0
113900290,0,0,0
113900291,0,0,0
113900292,3,0,3
113900293,0,0,0
113900294,137,1,136
113900295,38,32,6
113900296,59,16,43
113900297,238,1,237
113900298,0,0,0
113900299,21,0,21
113900300,355,4,351
113900301,10,0,10
113900302,58,6,52
113900303,0,0,0
113900304,0,0,0
113900305,50,0,50
113900306,7,0,7
113900307,1,0,1
113900308,0,0,0
113900309,0,1,-1
113900310,0,0,0
113900311,1,0,1
113900312,0,0,0
113900313,0,0,0
114000001,266,258,8
114000002,34,41,-7
114000003,14,11,3
114000004,39,2,37
114000005,23,2,21
114000006,220,261,-41
114000007,178,88,90
114000008,243,249,-6
114000009,135,85,50
114000011,1167,351,816
114000012,1600,213,1387
114000013,803,319,484
114000014,44,10,34
114000015,169,21,148
114000016,6,27,-21
114000017,11,39,-28
114000018,11,21,-10
114000026,817,247,570
114000027,1089,614,475
114000028,515,954,-439
114000038,8,0,8
114000039,0,0,0
114000040,17,28,-11
114000042,30,64,-34
114000043,51,10,41
114000044,50,11,39
114000045,1,7,-6
114000046,295,440,-145
114000047,12,32,-20
114000048,20,59,-39
114000049,482,321,161
114000050,237,277,-40
114000051,604,716,-112
114000052,486,706,-220
114000053,116,167,-51
114000054,25,290,-265
114000055,22,0,22
114000056,9,50,-41
114000057,447,543,-96
114000058,3,20,-17
114000059,3,32,-29
114000060,25,102,-77
114000061,436,1062,-626
114000062,138,325,-187
114000063,91,204,-113
114000064,283,337,-54
114000065,149,289,-140
114000066,177,202,-25
114000067,11,140,-129
114000068,53,170,-117
114000069,208,35,173
114000070,891,498,393
114000071,63,13,50
114000072,118,20,98
114000073,17,38,-21
114000074,2,1,1
114000075,41,9,32
114000076,25,31,-6
114000077,1,2,-1
114000078,5,24,-19
114000079,10,1,9
114000080,1,36,-35
114000081,8,61,-53
114000082,36,42,-6
114000083,0,0,0
114000084,60,61,-1
114000085,5,53,-48
114000086,5,38,-33
114000087,0,0,0
114000088,8,2,6
114000089,68,25,43
114000090,176,231,-55
114000091,230,187,43
114000092,102,38,64
114000093,323,154,169
114000094,174,163,11
114000095,36,137,-101
114000096,25,31,-6
114000097,47,56,-9
114000098,146,70,76
114000099,196,33,163
114000100,1031,146,885
114000101,204,44,160
114000102,166,43,123
114000103,27,58,-31
114000104,0,32,-32
114000105,13,22,-9
114000106,138,264,-126
114000107,203,15,188
114000108,79,23,56
114000109,323,374,-51
114000110,1,18,-17
114000111,767,169,598
114000112,4,27,-23
114000113,426,115,311
114000114,4,13,-9
114000115,661,379,282
114000116,523,1399,-876
114000117,1729,166,1563
114000118,1652,152,1500
114000119,1480,216,1264
114000120,254,174,80
114000121,1,7,-6
114000122,164,21,143
114000123,810,72,738
114000124,324,89,235
114000125,311,309,2
114000126,518,53,465
114000127,63,39,24
114000128,327,73,254
114000130,111,129,-18
114000131,120,43,77
114000132,119,82,37
114000133,60,123,-63
114000134,0,0,0
114000138,0,0,0
114000139,64,104,-40
114000144,189,144,45
114000145,0,0,0
114000146,0,0,0
114000147,622,1233,-611
114000148,234,451,-217
114000149,67,90,-23
114000150,6,25,-19
114000151,87,450,-363
114000152,3,20,-17
114000153,56,382,-326
114000154,145,89,56
114000155,295,618,-323
114000156,124,306,-182
114000157,78,224,-146
114000158,83,94,-11
114000159,30,54,-24
114000160,7,46,-39
114000161,172,579,-407
114000162,819,968,-149
114000163,0,0,0
114000165,50,176,-126
114000166,101,65,36
114000167,537,241,296
114000168,18,3,15
114000169,401,486,-85
114000170,403,339,64
114000171,795,2157,-1362
114000174,4,5,-1
114000176,22,1,21
114000177,32,2,30
114000178,36,24,12
114000179,240,297,-57
114000180,48,13,35
114000181,271,1501,-1230
114000182,310,172,138
114000183,159,57,102
114000184,121,97,24
114000185,516,422,94
114000189,651,50,601
114000190,1853,274,1579
114000191,47,178,-131
114000192,0,0,0
114000193,0,0,0
114000194,580,322,258
114000195,200,75,125
114000196,0,0,0
114000197,1169,1,1168
114000198,0,0,0
114000199,8,107,-99
114000200,145,79,66
114000201,17,64,-47
114000202,473,328,145
114000203,142,361,-219
114000204,0,0,0
114000205,9,108,-99
114000206,54,124,-70
114000207,69,93,-24
114000208,83,28,55
114000209,54,137,-83
114000210,32,153,-121
114000211,996,429,567
114000212,338,430,-92
114000213,1007,329,678
114000214,4,0,4
114000215,46,6,40
114000216,430,122,308
114000217,214,48,166
114000218,45,7,38
114000219,300,75,225
114000220,0,3,-3
114000221,386,28,358
114000222,13,40,-27
114000223,362,33,329
114000224,6,54,-48
114000225,67,37,30
114000226,74,54,20
114000227,571,349,222
114000228,598,113,485
114000229,572,236,336
114000230,1322,273,1049
114000231,477,462,15
114000232,608,110,498
114000233,1178,35,1143
114000234,642,271,371
114000235,535,264,271
114000236,0,0,0
114000237,42,141,-99
114000238,6,282,-276
114000239,55,127,-72
114000240,420,441,-21
114000241,60,107,-47
114000242,246,154,92
114000243,740,608,132
114000244,244,105,139
114000245,97,92,5
114000246,0,0,0
114000247,236,232,4
114000248,649,325,324
114000249,625,241,384
114000250,173,36,137
114000251,158,2,156
114000252,35,10,25
114000253,26,12,14
114000254,0,0,0
114000255,14,88,-74
114000256,72,183,-111
114000257,30,185,-155
114000258,112,36,76
114000259,0,4,-4
114000260,0,0,0
114000261,29,6,23
114000262,0,0,0
114000263,6,1,5
114000264,225,29,196
114000265,0,0,0
114000267,1,286,-285
114000268,0,0,0
114000270,72,1,71
114000271,89,20,69
114000283,422,93,329
114000285,0,0,0
114000288,2,0,2
114000289,278,3,275
114000293,92,14,78
114000294,43,124,-81
114000395,358,16,342
114000396,131,117,14
114000402,275,77,198
114000403,155,40,115
114000405,110,44,66
114000423,181,35,146
114000424,114,78,36
114000425,329,58,271
114000426,254,303,-49
114000427,19,4,15
114000428,19,65,-46
114000429,34,2,32
114000432,105,6,99
114000434,1,10,-9
114000435,0,0,0
114900001,107,37,70
114900002,45,6,39
114900003,186,55,131
114900004,19,62,-43
114900005,76,39,37
114900006,8,5,3
114900007,58,1,57
114900008,25,6,19
114900010,0,0,0
114900011,78,6,72
114900013,8,11,-3
114900015,7,41,-34
114900018,30,2,28
114900020,7,0,7
114900021,55,3,52
114900022,0,5,-5
114900024,6,6,0
114900025,63,1,62
114900026,2,1,1
114900027,22,13,9
114900029,48,2,46
114900030,30,4,26
114900031,52,0,52
114900032,50,0,50
114900033,2,74,-72
114900034,0,0,0
114900035,2,4,-2
114900036,86,21,65
114900037,0,0,0
114900038,0,0,0
114900039,0,0,0
114900040,0,0,0
114900041,0,0,0
114900042,0,0,0
114900043,0,0,0
114900044,2,6,-4
114900045,0,0,0
114900046,0,0,0
114900047,0,0,0
114900048,0,0,0
114900049,0,0,0
114900050,0,0,0
114900051,0,0,0
114900052,0,0,0
114900053,0,0,0
114900054,0,0,0
114900057,2,3,-1
114900058,0,0,0
114900059,4,0,4
114900060,16,8,8
114900061,0,0,0
114900062,6,4,2
114900063,0,0,0
114900064,0,0,0
114900065,0,0,0
114900067,0,0,0
114900068,0,0,0
114900069,0,0,0
114900070,87,10,77
114900072,0,0,0
114900073,0,0,0
114900074,177,4,173
114900075,22,0,22
114900076,0,0,0
114900080,101,12,89
114900082,271,7,264
114900083,0,0,0
114900084,0,0,0
114900090,78,18,60
114900091,0,0,0
114900095,0,0,0
114900096,0,3,-3
114900097,27,0,27
114900098,0,5,-5
114900099,8,0,8
115000001,505,496,9
115000002,1588,2288,-700
115000003,385,265,120
115000004,1572,2871,-1299
115000005,108,122,-14
115000006,411,543,-132
115000007,47,227,-180
115000008,136,115,21
115000009,166,213,-47
115000010,98,185,-87
115000013,0,0,0
115000015,0,0,0
115000016,5,160,-155
115000019,64,153,-89
115000020,10,145,-135
115000021,0,43,-43
115000022,26,45,-19
115000023,323,289,34
115000024,53,30,23
115000025,513,211,302
115000026,6,24,-18
115000027,223,99,124
115000028,5,22,-17
115000029,629,6,623
115000030,9,53,-44
115000031,590,25,565
115000032,0,0,0
115000033,91,23,68
115000034,0,0,0
115000035,491,11,480
115000036,0,0,0
115000037,287,7,280
115000038,33,209,-176
115000039,483,797,-314
115000040,802,409,393
115000041,308,1187,-879
115000042,242,96,146
115000043,1341,716,625
115000044,823,251,572
115000045,475,165,310
115000046,1442,910,532
115000047,1462,333,1129
115000048,283,288,-5
115000049,253,558,-305
115000050,1374,440,934
115000051,674,1664,-990
115000052,369,307,62
115000053,761,1350,-589
115000054,187,165,22
115000055,14,146,-132
115000056,65,54,11
115000057,67,254,-187
115000058,44,123,-79
115000059,53,190,-137
115000061,34,71,-37
115000062,9,7,2
115000063,16,2,14
115000064,178,3,175
115000065,1,1,0
115000067,57,9,48
115000069,36,4,32
115000070,0,41,-41
115000071,37,17,20
115000072,0,0,0
115000073,647,52,595
115000075,25,21,4
115000076,521,425,96
115000077,498,245,253
115000078,373,193,180
115000079,385,290,95
115000080,1332,313,1019
115000081,10,20,-10
115000082,1697,1265,432
115000083,557,216,341
115000084,1493,212,1281
115000085,157,162,-5
115000086,532,190,342
115000087,97,378,-281
115000088,674,237,437
115000089,106,118,-12
115000090,257,170,87
115000091,156,150,6
115000092,371,165,206
115000093,367,0,367
115000094,1588,2172,-584
115000095,800,2007,-1207
115000096,299,159,140
115000097,553,513,40
115000098,617,47,570
115000099,1276,261,1015
115000100,869,131,738
115000101,27,68,-41
115000102,358,66,292
115000103,164,76,88
115000105,30,23,7
115000106,232,173,59
115000107,4,27,-23
115000108,288,263,25
115000109,1155,1998,-843
115000110,709,593,116
115000111,96,512,-416
115000112,187,97,90
115000113,147,300,-153
115000114,232,165,67
115000116,280,376,-96
115000117,384,282,102
115000118,309,572,-263
115000119,266,224,42
115000120,57,812,-755
115000121,259,150,109
115000122,271,288,-17
115000123,144,1308,-1164
115000124,117,279,-162
115000125,81,298,-217
115000126,59,193,-134
115000127,87,17,70
115000128,40,270,-230
115000129,116,95,21
115000130,202,129,73
115000131,273,57,216
115000132,196,32,164
115000133,200,49,151
115000134,93,15,78
115000135,40,13,27
115000136,42,40,2
115000137,2,11,-9
115000138,171,71,100
115000139,15,4,11
115000140,265,69,196
115000141,23,20,3
115000142,36,16,20
115000143,641,182,459
115000144,202,6,196
115000145,27,30,-3
115000146,158,101,57
115000147,88,39,49
115000148,77,129,-52
115000149,142,156,-14
115000150,182,111,71
115000151,356,209,147
115000152,192,86,106
115000153,440,143,297
115000154,284,46,238
115000155,86,118,-32
115000156,158,323,-165
115000157,59,76,-17
115000158,105,58,47
115000159,87,53,34
115000160,122,226,-104
115000161,258,199,59
115000162,466,394,72
115000163,123,24,99
115000164,17,71,-54
115000165,156,324,-168
115000167,55,15,40
115000168,181,179,2
115000169,17,3,14
115000170,1,0,1
115000171,107,154,-47
115000172,31,27,4
115000173,45,119,-74
115000174,33,83,-50
115000175,2,6,-4
115000176,3,24,-21
115000177,1,31,-30
115000178,0,11,-11
115000179,5,57,-52
115000180,0,9,-9
115000181,346,16,330
115000182,431,41,390
115000183,3,6,-3
115000186,131,7,124
115000187,64,11,53
115000188,182,93,89
115000189,79,21,58
115000190,205,121,84
115000191,6,32,-26
115000194,0,0,0
115000195,33,30,3
115000196,73,7,66
115000197,69,44,25
115000198,291,20,271
115000199,87,64,23
115000200,167,34,133
115000201,24,17,7
115000206,417,2,415
115000207,0,0,0
115000208,35,27,8
115000209,336,124,212
115000210,63,31,32
115000211,14,46,-32
115000212,154,49,105
115000218,1,22,-21
115000219,16,28,-12
115000224,32,17,15
115000225,11,15,-4
115000229,66,8,58
115000230,10,165,-155
115000231,245,152,93
115000232,936,132,804
115000233,1,3,-2
115000234,1,22,-21
115000241,22,6,16
115000242,49,1,48
115000243,5,12,-7
115000244,15,6,9
115000246,2,2,0
115000247,0,1,-1
115000248,5,0,5
115000249,0,0,0
115000250,45,0,45
115000251,82,4,78
115000252,12,29,-17
115000253,3,77,-74
115000258,82,6,76
115000259,24,11,13
115000261,3,11,-8
115000262,9,8,1
115000263,0,10,-10
115000264,1,2,-1
115000267,8,10,-2
115000268,0,0,0
115000269,37,11,26
115000270,1,5,-4
115000272,4,10,-6
115000273,100,4,96
115000274,77,9,68
115000280,170,671,-501
115000281,0,0,0
115000282,193,1017,-824
115000284,12,18,-6
115000296,132,6,126
115000297,10,405,-395
115000298,0,0,0
115000300,91,17,74
115000302,168,38,130
115000303,365,13,352
115000304,297,21,276
115000305,3,22,-19
115000306,43,11,32
115000307,8,3,5
115000308,0,0,0
115000310,375,109,266
115000311,782,237,545
115000313,6,17,-11
115000314,78,125,-47
115000315,10,44,-34
115000316,1,36,-35
115000317,60,26,34
115000318,492,50,442
115000319,0,13,-13
115000320,1,46,-45
115000321,79,4,75
115000322,1,8,-7
115000449,8,26,-18
115000557,0,0,0
115000558,108,26,82
115000587,138,109,29
115000588,83,68,15
115000589,1037,647,390
115000590,41,46,-5
115000591,274,238,36
115000592,48,34,14
115000593,603,231,372
115000594,25,29,-4
115000609,49,95,-46
115000617,55,361,-306
115000624,31,1,30
115000633,322,244,78
115000634,1150,305,845
115000635,293,43,250
115000638,6,47,-41
115000641,0,10,-10
115000642,183,20,163
115000643,2,2,0
115000644,4,2,2
115000646,152,192,-40
115000647,50,29,21
115000648,778,64,714
115000893,653,432,221
115000894,0,15,-15
115000895,0,3,-3
115000896,341,212,129
115000897,99,7,92
115000898,144,136,8
115000899,2,44,-42
115000900,2,78,-76
115000901,0,0,0
115000912,98,55,43
115000913,0,1,-1
115000915,6,0,6
115000916,1,0,1
115000917,0,13,-13
115000918,2,280,-278
115000919,0,13,-13
115000920,0,0,0
115000921,0,0,0
115000922,86,288,-202
115000923,0,18,-18
115000925,13,14,-1
115000927,0,1,-1
115000933,0,17,-17
115900001,55,6,49
115900002,0,6,-6
115900003,33,10,23
115900004,0,0,0
115900005,17,0,17
115900006,2,1,1
115900008,19,0,19
115900009,0,0,0
115900010,187,2,185
115900011,30,12,18
115900012,48,0,48
115900013,55,5,50
115900014,31,4,27
115900015,14,3,11
115900016,37,2,35
115900017,0,2,-2
115900018,49,3,46
115900019,1,1,0
115900020,91,17,74
115900021,78,3,75
115900022,34,1,33
115900023,0,0,0
115900025,0,6,-6
115900026,111,6,105
115900027,0,0,0
115900028,24,20,4
115900029,2,4,-2
115900030,0,0,0
115900031,0,36,-36
115900032,88,25,63
115900033,0,0,0
115900034,0,5,-5
115900035,0,0,0
115900036,2,143,-141
115900037,0,16,-16
115900038,0,0,0
115900039,11,2,9
115900041,7,64,-57
115900042,0,0,0
115900043,29,1,28
115900044,44,86,-42
115900046,163,21,142
115900047,0,19,-19
115900049,20,17,3
115900051,0,0,0
115900052,0,0,0
115900053,86,10,76
115900054,127,1,126
115900055,0,0,0
115900056,22,10,12
115900057,2,1,1
115900058,0,0,0
115900060,2,4,-2
115900061,28,0,28
115900062,44,9,35
115900063,0,0,0
115900064,4,9,-5
115900065,31,1,30
115900066,5,5,0
115900067,0,10,-10
115900068,0,0,0
115900069,3,2,1
115900070,28,1,27
115900071,0,0,0
115900072,1,17,-16
115900073,17,25,-8
115900074,0,0,0
115900075,6,15,-9
115900076,0,0,0
115900077,0,0,0
115900078,17,1,16
115900079,127,0,127
115900080,17,0,17
115900081,4,6,-2
115900082,21,15,6
115900084,94,0,94
115900085,0,0,0
115900086,164,29,135
115900088,0,0,0
115900089,244,4,240
115900090,114,0,114
115900091,0,0,0
115900092,0,0,0
115900093,0,0,0
115900094,0,0,0
115900096,0,0,0
115900097,0,0,0
115900098,0,0,0
115900099,1,2,-1
115900100,1,16,-15
115900101,0,0,0
115900102,13,8,5
115900103,3,1,2
115900104,9,2,7
115900105,59,2,57
115900106,0,0,0
115900107,14,8,6
115900108,0,0,0
115900109,1,60,-59
115900110,0,0,0
115900111,0,0,0
115900112,1,150,-149
115900113,0,0,0
115900114,0,0,0
115900115,0,0,0
115900116,8,77,-69
115900117,0,0,0
115900118,0,0,0
115900119,0,0,0
115900120,0,6,-6
115900121,45,13,32
115900124,23,231,-208
115900125,84,2,82
115900126,162,2,160
115900127,387,2,385
115900128,0,1,-1
115900129,106,18,88
115900130,0,4,-4
115900131,72,1,71
115900132,221,0,221
115900134,100,1,99
115900135,13,95,-82
115900137,16,5,11
115900139,0,0,0
115900140,65,0,65
115900141,0,0,0
115900142,0,0,0
115900143,0,0,0
115900144,0,0,0
115900146,20,6,14
115900147,80,95,-15
115900148,1,1,0
115900149,11,0,11
115900150,28,1,27
115900151,6,5,1
115900152,4,26,-22
115900153,30,10,20
115900154,3,46,-43
115900155,0,0,0
115900156,52,85,-33
115900157,29,29,0
115900158,0,0,0
115900159,47,4,43
115900160,0,0,0
115900161,1,22,-21
115900163,30,5,25
115900164,161,2,159
115900165,0,0,0
115900166,4,1,3
115900168,0,0,0
115900171,5,41,-36
115900172,1,5,-4
115900173,75,12,63
115900174,36,27,9
115900175,106,5,101
115900178,0,10,-10
115900179,48,0,48
115900180,0,1,-1
115900181,73,20,53
115900182,118,17,101
115900183,2,0,2
115900184,126,1,125
115900187,0,8,-8
115900189,0,9,-9
115900190,0,48,-48
115900191,4,68,-64
115900192,1,11,-10
115900193,17,18,-1
115900194,258,1,257
115900195,60,571,-511
115900198,24,21,3
115900199,26,15,11
115900200,14,8,6
115900201,10,58,-48
115900202,0,52,-52
115900203,11,3,8
115900204,0,0,0
115900205,33,2,31
115900206,0,0,0
115900207,0,0,0
115900208,9,2,7
115900209,2,15,-13
115900210,0,8,-8
115900211,0,11,-11
115900212,0,0,0
115900213,6,40,-34
115900214,63,14,49
115900215,0,6,-6
115900216,0,0,0
115900217,0,0,0
115900218,0,0,0
115900219,9,0,9
115900220,55,0,55
115900221,47,1,46
115900222,22,10,12
115900223,2,78,-76
115900224,18,292,-274
115900225,18,4,14
115900226,0,0,0
115900227,0,2,-2
115900228,0,0,0
115900229,0,0,0
115900230,4,0,4
115900231,0,0,0
115900232,0,0,0
115900233,0,0,0
115900234,0,0,0
115900235,0,0,0
115900236,0,0,0
115900237,0,0,0
115900238,0,0,0
115900239,0,0,0
115900240,0,0,0
115900241,0,0,0
115900242,40,115,-75
115900243,0,0,0
115900244,0,0,0
115900245,0,0,0
115900246,0,1,-1
115900247,0,2,-2
115900248,6,1,5
115900249,0,9,-9
115900250,1,2,-1
115900251,0,0,0
115900252,10,0,10
115900253,0,5,-5
115900254,0,7,-7
115900255,0,8,-8
115900256,1,0,1
115900257,0,0,0
115900258,0,0,0
115900259,0,0,0
115900260,0,0,0
115900261,0,0,0
115900262,0,0,0
115900263,0,0,0
115900264,0,0,0
115900265,0,0,0
115900266,0,0,0
115900267,0,0,0
115900268,0,0,0
115900269,0,0,0
115900270,49,7,42
116000001,782,484,298
116000002,2482,8422,-5940
116000003,208,242,-34
116000004,939,3451,-2512
116000005,73,621,-548
116000006,248,705,-457
116000007,473,412,61
116000008,1045,723,322
116000009,159,537,-378
116000010,878,514,364
116000011,289,606,-317
116000012,613,266,347
116000013,912,945,-33
116000014,1404,6529,-5125
116000015,59,161,-102
116000016,627,3050,-2423
116000017,17,255,-238
116000018,90,42,48
116000019,548,75,473
116000020,282,107,175
116000021,195,91,104
116000022,120,122,-2
116000023,211,163,48
116000024,260,68,192
116000025,152,254,-102
116000026,412,270,142
116000027,426,380,46
116000028,557,1090,-533
116000029,103,186,-83
116000030,346,555,-209
116000031,0,0,0
116000032,76,0,76
116000033,293,77,216
116000034,1534,333,1201
116000035,35,59,-24
116000036,74,243,-169
116000037,52,202,-150
116000038,76,277,-201
116000039,31,44,-13
116000040,260,317,-57
116000041,23,68,-45
116000042,547,347,200
116000043,62,72,-10
116000044,0,0,0
116000045,2542,2131,411
116000046,348,216,132
116000047,381,663,-282
116000048,3111,1099,2012
116000049,1743,881,862
116000050,686,281,405
116000051,2643,680,1963
116000052,1025,488,537
116000053,2675,503,2172
116000054,291,402,-111
116000055,273,175,98
116000056,1314,1167,147
116000057,368,76,292
116000058,346,448,-102
116000059,604,3262,-2658
116000060,219,261,-42
116000061,81,707,-626
116000062,106,58,48
116000063,212,744,-532
116000066,46,781,-735
116000067,16,17,-1
116000068,55,213,-158
116000069,153,39,114
116000078,218,453,-235
116000080,336,91,245
116000082,4,26,-22
116000083,417,101,316
116000084,535,903,-368
116000085,520,258,262
116000086,163,133,30
116000087,794,550,244
116000088,259,216,43
116000089,45,4,41
116000090,41,40,1
116000091,33,30,3
116000093,281,59,222
116000094,155,39,116
116000095,272,61,211
116000096,327,586,-259
116000097,365,102,263
116000098,9,2215,-2206
116000099,762,35,727
116000100,140,3,137
116000101,368,32,336
116000102,83,171,-88
116000103,168,69,99
116000104,70,136,-66
116000105,435,10,425
116000106,211,79,132
116000107,804,10,794
116000108,0,4,-4
116000111,27,35,-8
116000113,36,7,29
116000114,3,17,-14
116000115,188,16,172
116000116,9,54,-45
116000117,793,405,388
116000118,318,116,202
116000119,1507,591,916
116000120,368,183,185
116000121,388,141,247
116000122,32,77,-45
116000123,1009,129,880
116000124,79,91,-12
116000125,1139,75,1064
116000126,54,59,-5
116000127,261,82,179
116000128,800,131,669
116000129,291,12,279
116000130,222,136,86
116000133,221,34,187
116000134,400,149,251
116000135,1184,208,976
116000136,198,175,23
116000137,400,158,242
116000138,121,213,-92
116000139,1251,1522,-271
116000140,46,149,-103
116000141,59,63,-4
116000142,1349,936,413
116000143,902,730,172
116000144,933,697,236
116000145,1707,472,1235
116000146,187,11,176
116000147,144,113,31
116000148,135,165,-30
116000149,86,80,6
116000151,209,236,-27
116000153,140,572,-432
116000155,198,365,-167
116000156,124,108,16
116000157,41,0,41
116000158,125,24,101
116000159,3,0,3
116000160,11,3,8
116000161,1,55,-54
116000162,4,73,-69
116000163,17,0,17
116000164,3,0,3
116000177,21,4,17
116000194,21,55,-34
116000195,443,93,350
116000196,0,0,0
116000197,0,0,0
116000198,822,672,150
116000200,76,235,-159
116000201,167,74,93
116000202,1,26,-25
116000203,0,3,-3
116000204,0,16,-16
116000205,0,6,-6
116000206,0,7,-7
116000207,2,0,2
116000233,0,0,0
116000287,29,5,24
116000288,154,73,81
116000292,0,0,0
116000296,0,56,-56
116000297,17,0,17
116000304,122,4,118
116000305,1,244,-243
116000346,0,0,0
116000352,0,0,0
116000354,0,0,0
116000357,0,0,0
116000358,16,5,11
116000361,4,0,4
116000372,1263,2776,-1513
116000381,24,0,24
116000388,0,1,-1
116000389,47,4,43
116000445,54,6,48
116000446,456,34,422
116000447,4,44,-40
116000448,212,55,157
116000563,242,1062,-820
116000565,2,43,-41
116000568,22,98,-76
116000579,2,14,-12
116000584,4,0,4
116000585,2,22,-20
116000586,10,38,-28
116000587,360,140,220
116000589,9,7,2
116000590,17,19,-2
116000591,137,26,111
116000592,2,5,-3
116000593,0,3,-3
116000594,251,57,194
116000595,133,12,121
116000596,53,0,53
116000597,228,110,118
116000598,0,34,-34
116000602,0,0,0
116000605,38,9,29
116000606,37,38,-1
116000607,0,0,0
116000609,1,229,-228
116000611,9,28,-19
116000612,1026,1205,-179
116000613,378,128,250
116000614,24,32,-8
116000615,4,8,-4
116000616,57,6,51
116000617,43,1,42
116000618,5,8,-3
116000619,3,80,-77
116000620,216,113,103
116000621,88,78,10
116000622,149,82,67
116000624,22,17,5
116900001,6,3,3
116900002,29,0,29
116900003,0,0,0
116900004,31,19,12
116900005,13,2,11
116900006,7,38,-31
116900007,9,8,1
116900008,95,3,92
116900009,7,0,7
116900010,0,57,-57
116900011,0,0,0
116900012,12,26,-14
116900013,1,4,-3
116900014,0,0,0
116900015,119,1,118
116900016,117,2,115
116900017,0,29,-29
116900018,0,0,0
116900019,0,0,0
116900020,97,91,6
116900023,0,0,0
116900024,233,5,228
116900025,248,50,198
116900026,1,50,-49
116900027,0,0,0
116900028,0,0,0
116900029,0,2,-2
116900031,0,0,0
116900032,0,3,-3
116900033,0,0,0
116900034,0,0,0
116900035,22,6,16
116900036,0,7,-7
116900038,0,0,0
116900041,0,0,0
116900042,0,0,0
116900043,7,0,7
116900045,7,12,-5
116900047,3,55,-52
116900049,0,0,0
116900050,5,16,-11
116900051,27,1,26
116900052,3,9,-6
116900055,0,4,-4
116900057,0,0,0
116900058,0,5,-5
116900059,0,1,-1
116900060,22,29,-7
116900062,1,8,-7
116900064,0,0,0
116900065,0,1,-1
116900067,7,5,2
116900068,62,18,44
116900070,1,0,1
116900072,0,0,0
116900073,0,4,-4
116900074,1,0,1
116900076,0,0,0
116900077,0,2,-2
116900078,0,0,0
116900079,3,25,-22
116900080,0,0,0
116900081,17,23,-6
116900082,26,49,-23
116900083,0,0,0
116900084,2,2,0
116900085,2,2,0
116900086,1,4,-3
116900088,19,0,19
116900090,0,1,-1
116900091,31,13,18
116900092,18,13,5
116900093,49,22,27
116900094,466,693,-227
116900095,39,0,39
116900096,30,4,26
116900097,212,667,-455
116900098,12,12,0
116900099,22,16,6
116900100,233,32,201
116900101,7,14,-7
116900103,1,0,1
116900104,0,2,-2
116900105,72,13,59
116900106,812,86,726
116900107,479,727,-248
116900110,0,0,0
116900111,393,44,349
116900112,144,46,98
116900113,103,127,-24
116900116,0,20,-20
116900117,2,4,-2
116900118,62,28,34
116900120,106,8,98
116900121,87,7,80
116900122,219,18,201
116900123,62,25,37
116900124,13,5,8
116900125,25,3,22
116900126,2,101,-99
116900128,0,0,0
116900129,0,5,-5
116900130,30,474,-444
116900131,0,0,0
116900132,6,0,6
116900133,0,0,0
116900134,0,0,0
116900136,0,0,0
116900137,0,0,0
116900138,0,0,0
116900139,0,0,0
116900140,0,0,0
116900141,0,0,0
116900142,0,0,0
116900143,55,72,-17
116900144,0,0,0
116900145,0,0,0
116900147,0,0,0
116900148,0,0,0
116900149,1,2,-1
116900150,0,0,0
116900151,0,0,0
116900153,30,1,29
116900154,6,22,-16
116900155,0,0,0
116900157,112,1,111
116900158,2,6,-4
116900159,3,23,-20
116900160,111,113,-2
116900161,318,47,271
116900162,0,11,-11
116900163,32,1,31
116900164,0,2,-2
116900165,136,56,80
116900166,0,2,-2
116900167,51,2,49
116900168,89,7,82
116900169,1,26,-25
116900170,125,45,80
116900171,2,13,-11
116900172,10,33,-23
116900173,39,3,36
116900174,1,5,-4
116900175,6,11,-5
116900178,0,0,0
116900179,3,39,-36
116900180,5,0,5
116900182,235,36,199
116900183,70,15,55
116900185,9,5,4
116900186,19,4,15
116900187,2,4,-2
116900188,25,4,21
116900189,0,0,0
116900191,12,8,4
116900192,73,9,64
116900194,3,181,-178
116900195,28,0,28
116900196,8,2,6
116900197,22,0,22
116900198,2,17,-15
116900200,0,0,0
116900201,51,0,51
116900202,12,1,11
116900203,5,0,5
116900204,5,8,-3
116900206,0,0,0
116900207,3,0,3
116900208,0,24,-24
116900209,8,4,4
116900210,22,3,19
116900211,38,0,38
116900212,0,0,0
116900213,32,4,28
116900214,1,0,1
116900215,2,2,0
116900216,5,3,2
116900218,0,12,-12
116900219,109,13,96
116900220,19,21,-2
116900221,0,0,0
116900222,163,96,67
116900223,7,6,1
116900226,62,1,61
116900227,12,1,11
116900228,85,3,82
116900230,0,9,-9
116900231,0,4,-4
116900232,0,7,-7
116900233,98,7,91
116900234,4,0,4
116900235,1,2,-1
116900238,97,22,75
116900239,0,100,-100
116900240,238,97,141
116900241,0,11,-11
116900242,16,172,-156
116900243,0,0,0
116900245,3,37,-34
116900246,3,2,1
116900247,178,8,170
116900248,7,2,5
116900249,96,0,96
116900250,55,4,51
116900251,7,64,-57
116900252,70,26,44
116900253,6,1,5
116900254,0,0,0
116900255,0,0,0
116900256,0,0,0
116900257,0,0,0
116900258,0,0,0
116900259,5,0,5
116900260,0,0,0
116900261,2,0,2
116900262,16,1,15
116900263,0,0,0
116900264,0,0,0
116900265,9,0,9
116900266,0,0,0
116900267,2,0,2
116900268,0,17,-17
116900269,165,131,34
116900271,0,0,0
116900272,56,29,27
116900273,0,0,0
116900274,21,3,18
116900275,4,0,4
116900276,90,121,-31
116900277,15,0,15
116900278,0,0,0
116900279,0,0,0
116900280,0,0,0
116900281,349,643,-294
116900282,0,0,0
116900283,0,2,-2
116900284,0,2,-2
116900285,18,34,-16
116900286,33,0,33
116900287,0,0,0
116900288,3,2,1
116900289,1,0,1
116900290,0,0,0
116900291,0,0,0
116900292,0,0,0
116900293,0,0,0
116900294,0,0,0
116900295,0,0,0
116900296,0,0,0
116900297,0,0,0
116900298,0,0,0
116900299,0,0,0
116900300,0,0,0
116900301,0,0,0
116900302,59,194,-135
116900303,8,0,8
116900304,0,0,0
116900305,0,0,0
116900306,102,4,98
117000001,2260,1455,805
117000002,1187,843,344
117000003,3134,1417,1717
117000004,816,725,91
117000005,2044,924,1120
117000006,396,515,-119
117000007,2702,462,2240
117000008,214,577,-363
117000009,2031,578,1453
117000010,480,438,42
117000011,1184,481,703
117000012,515,169,346
117000013,1158,338,820
117000014,347,815,-468
117000015,594,624,-30
117000016,64,95,-31
117000017,44,68,-24
117000018,6,553,-547
117000019,13,7,6
117000020,203,1125,-922
117000021,619,46,573
117000022,68,197,-129
117000023,10,122,-112
117000024,100,180,-80
117000025,15,117,-102
117000026,942,1283,-341
117000027,63,83,-20
117000028,155,155,0
117000030,142,37,105
117000032,699,431,268
117000033,593,763,-170
117000034,107,39,68
117000036,67,61,6
117000038,114,104,10
117000039,4,13,-9
117000040,22,131,-109
117000041,525,27,498
117000044,1,75,-74
117000045,166,81,85
117000046,123,208,-85
117000047,413,318,95
117000048,233,129,104
117000049,7,247,-240
117000050,43,318,-275
117000051,1192,22,1170
117000052,19,36,-17
117000053,289,0,289
117000054,1006,11,995
117000055,1,239,-238
117000056,338,25,313
117000057,114,141,-27
117000060,92,52,40
117000061,1472,548,924
117000062,88,53,35
117000063,1322,376,946
117000064,409,109,300
117000066,262,146,116
117000067,33,287,-254
117000074,4,91,-87
117000076,7,47,-40
117000077,43,26,17
117000078,100,31,69
117000079,62,21,41
117000080,0,0,0
117000081,207,11,196
117000082,1,8,-7
117000083,47,0,47
117000084,21,0,21
117000085,178,114,64
117000086,153,68,85
117000087,0,143,-143
117000088,183,74,109
117000089,1333,110,1223
117000090,69,168,-99
117000091,905,74,831
117000092,123,175,-52
117000093,1338,167,1171
117000094,163,151,12
117000095,2630,104,2526
117000096,160,203,-43
117000097,1607,247,1360
117000098,295,291,4
117000099,2503,257,2246
117000100,26,62,-36
117000101,38,47,-9
117000102,1485,233,1252
117000103,104,131,-27
117000104,1106,166,940
117000105,75,134,-59
117000106,1390,136,1254
117000107,115,127,-12
117000108,1518,725,793
117000109,383,257,126
117000110,1432,1211,221
117000111,2091,2209,-118
117000112,1220,564,656
117000113,39,41,-2
117000114,192,40,152
117000115,43,5,38
117000116,137,21,116
117000117,388,153,235
117000118,115,59,56
117000119,64,107,-43
117000120,7,140,-133
117000121,18,230,-212
117000122,7,305,-298
117000123,167,105,62
117000124,10,20,-10
117000125,14,5,9
117000126,3,2,1
117000127,60,34,26
117000128,10,89,-79
117000129,82,29,53
117000130,26,10,16
117000131,0,0,0
117000132,1909,13,1896
117000133,1688,8,1680
117000134,0,0,0
117000135,0,0,0
117000136,0,0,0
117000137,111,116,-5
117000138,0,0,0
117000140,72,82,-10
117000141,1492,242,1250
117000181,5,6,-1
117000182,312,369,-57
117000195,1,56,-55
117000196,200,112,88
117000225,0,27,-27
117000226,0,10,-10
117000276,101,4,97
117000277,0,39,-39
117000310,123,1224,-1101
117000315,23,153,-130
117000320,19,0,19
117000906,211,21,190
117000907,0,42,-42
117000908,6,133,-127
117000909,20,73,-53
117000910,189,24,165
117000911,12,45,-33
117000915,1,70,-69
117000916,10,0,10
117000917,904,21,883
117000918,23,76,-53
117000919,2,31,-29
117000920,2,142,-140
117000921,0,67,-67
117000922,6,5,1
117000924,256,247,9
117000926,202,48,154
117000927,122,325,-203
117000928,0,0,0
117000929,19,26,-7
117000930,6,2,4
117000931,70,78,-8
117900002,8,245,-237
117900003,0,0,0
117900005,0,2,-2
117900006,0,1,-1
117900007,41,25,16
117900008,0,2,-2
117900010,73,26,47
117900011,0,15,-15
117900012,11,8,3
117900013,0,12,-12
117900014,134,6,128
117900015,0,6,-6
117900016,155,366,-211
117900017,258,39,219
117900018,55,13,42
117900019,192,50,142
117900020,7,30,-23
117900021,6,6,0
117900022,0,0,0
117900023,66,7,59
117900024,4,7,-3
117900025,0,0,0
117900026,190,28,162
117900028,1,0,1
117900029,119,35,84
117900030,51,134,-83
117900031,10,14,-4
117900032,210,115,95
117900033,326,38,288
117900034,0,0,0
117900035,49,5,44
117900036,121,26,95
117900037,63,0,63
117900038,0,0,0
117900039,0,0,0
117900040,0,0,0
117900041,0,0,0
117900042,253,79,174
117900043,0,0,0
117900044,1,1028,-1027
117900045,59,24,35
117900048,198,6,192
117900049,60,29,31
117900050,10,56,-46
117900051,0,0,0
117900052,0,0,0
117900053,514,42,472
117900054,0,11,-11
117900055,59,23,36
117900056,0,0,0
117900057,111,180,-69
117900058,1,0,1
117900059,0,0,0
117900060,790,492,298
117900061,0,121,-121
117900063,96,31,65
117900065,62,160,-98
117900066,0,25,-25
117900067,401,38,363
117900069,253,15,238
117900070,12,57,-45
117900071,107,28,79
117900073,179,6,173
117900074,2,65,-63
117900075,23,9,14
117900076,0,0,0
117900077,40,2,38
117900078,98,152,-54
117900080,87,22,65
117900081,35,22,13
117900082,167,82,85
117900083,126,6,120
117900086,42,11,31
117900087,24,6,18
117900088,255,69,186
117900089,597,121,476
117900090,167,73,94
117900091,186,15,171
117900092,5,9,-4
117900093,51,0,51
117900094,25,15,10
117900095,119,35,84
117900096,106,11,95
117900097,9,2,7
117900098,48,0,48
117900099,72,17,55
117900100,144,0,144
117900101,243,469,-226
117900102,10,12,-2
117900103,79,1,78
117900104,2,17,-15
117900105,65,10,55
117900106,18,12,6
117900107,32,1,31
117900109,288,187,101
117900110,56,1,55
117900111,214,21,193
117900112,21,0,21
117900113,150,19,131
117900114,48,0,48
117900115,9,21,-12
117900116,281,75,206
117900117,123,25,98
117900118,59,0,59
117900119,129,1,128
117900120,226,3,223
117900121,50,2,48
117900122,78,850,-772
117900123,251,43,208
117900124,129,119,10
117900125,294,222,72
117900126,42,39,3
117900127,109,96,13
117900128,104,40,64
117900129,65,0,65
117900130,129,0,129
117900131,0,0,0
117900132,0,0,0
117900133,0,0,0
117900134,0,0,0
117900135,0,0,0
117900136,0,0,0
117900137,0,0,0
117900138,0,0,0
117900139,5,10,-5
117900140,434,148,286
117900141,23,56,-33
117900142,3,22,-19
117900144,14,43,-29
117900145,0,20,-20
117900146,0,79,-79
117900147,34,21,13
117900148,146,755,-609
117900149,5,10,-5
117900150,12,6,6
117900151,14,9,5
117900152,0,0,0
117900153,0,61,-61
117900154,315,34,281
117900156,117,23,94
117900157,75,53,22
117900158,46,2,44
117900160,236,192,44
117900161,320,54,266
117900162,276,135,141
117900163,5,25,-20
117900165,0,2,-2
117900166,4,13,-9
117900168,31,23,8
117900169,0,6,-6
117900170,0,2,-2
117900171,1,0,1
117900172,0,1,-1
117900173,5,14,-9
117900174,8,4,4
117900175,0,0,0
117900176,0,9,-9
117900177,11,1,10
117900178,9,6,3
117900180,36,14,22
117900181,1,252,-251
117900182,2,9,-7
117900183,31,104,-73
117900184,28,9,19
117900185,43,0,43
117900186,31,0,31
117900187,11,1,10
117900188,60,6,54
117900189,43,0,43
117900190,3,0,3
117900191,52,0,52
117900192,126,0,126
117900193,91,36,55
117900194,1,2,-1
117900195,0,1,-1
117900196,14,3,11
117900207,45,54,-9
117900208,10,4,6
117900209,48,4,44
117900210,0,0,0
117900211,0,0,0
117900212,60,6,54
117900213,2,0,2
117900214,14,2,12
117900216,0,2,-2
117900217,0,1,-1
117900218,0,0,0
117900219,0,3,-3
117900220,1,58,-57
117900221,0,0,0
118000001,232,797,-565
118000002,44,428,-384
118000003,1352,2485,-1133
118000004,568,470,98
118000005,1114,1784,-670
118000006,1229,1733,-504
118000007,2458,4001,-1543
118000008,1916,1779,137
118000009,402,979,-577
118000010,961,1198,-237
118000011,449,306,143
118000012,250,285,-35
118000013,231,430,-199
118000014,314,364,-50
118000016,114,49,65
118000017,457,386,71
118000018,103,59,44
118000019,572,721,-149
118000020,54,960,-906
118000021,58,846,-788
118000022,658,408,250
118000023,305,267,38
118000024,396,472,-76
118000025,370,967,-597
118000027,2580,2634,-54
118000029,106,686,-580
118000032,118,1101,-983
118000033,1226,1815,-589
118000034,1522,1233,289
118000035,270,550,-280
118000036,141,323,-182
118000037,182,356,-174
118000038,69,153,-84
118000039,56,9,47
118000040,469,407,62
118000041,278,333,-55
118000045,51,124,-73
118000046,40,681,-641
118000047,81,547,-466
118000048,376,1043,-667
118000051,812,1024,-212
118000052,427,1056,-629
118000053,200,595,-395
118000054,658,675,-17
118000055,156,527,-371
118000056,27,204,-177
118000057,43,121,-78
118000058,524,375,149
118000059,156,927,-771
118000060,181,181,0
118000061,205,239,-34
118000062,68,103,-35
118000063,46,429,-383
118000064,176,744,-568
118000065,599,296,303
118000066,249,1280,-1031
118000067,138,568,-430
118000068,206,2046,-1840
118000069,364,557,-193
118000070,638,1193,-555
118000071,289,1715,-1426
118000072,397,2629,-2232
118000073,221,751,-530
118000074,137,632,-495
118000075,160,455,-295
118000076,2398,4341,-1943
118000077,546,566,-20
118000078,862,1082,-220
118000079,33,181,-148
118000080,116,253,-137
118000081,868,738,130
118000082,110,583,-473
118000083,288,789,-501
118000084,234,242,-8
118000086,23,69,-46
118000087,864,1021,-157
118000088,280,799,-519
118000089,873,726,147
118000090,156,871,-715
118000091,143,1257,-1114
118000092,190,69,121
118000093,34,416,-382
118000096,59,289,-230
118000097,102,229,-127
118000098,111,189,-78
118000099,0,0,0
118000101,483,135,348
118000102,272,157,115
118000107,20,3,17
118000108,42,353,-311
118000110,0,0,0
118000111,0,0,0
118000112,146,0,146
118000113,0,0,0
118000114,272,2,270
118000115,17,1,16
118000116,14,0,14
118000117,175,193,-18
118000118,467,515,-48
118000119,417,448,-31
118000120,302,212,90
118000121,0,87,-87
118000122,68,34,34
118000123,80,97,-17
118000125,2,116,-114
118000126,144,331,-187
118000127,448,476,-28
118000128,3,300,-297
118000129,130,197,-67
118000130,341,717,-376
118000131,21,123,-102
118000132,1318,1131,187
118000133,391,154,237
118000135,141,293,-152
118000136,33,185,-152
118000137,73,36,37
118000138,63,57,6
118000139,104,45,59
118000140,890,4422,-3532
118000141,2768,1166,1602
118000142,745,830,-85
118000143,2510,1220,1290
118000144,441,166,275
118000145,572,202,370
118000146,771,116,655
118000147,664,238,426
118000148,103,607,-504
118000149,248,125,123
118000150,485,52,433
118000151,373,101,272
118000153,1602,905,697
118000154,814,780,34
118000155,1923,922,1001
118000156,311,774,-463
118000157,118,46,72
118000158,93,104,-11
118000159,51,181,-130
118000160,587,237,350
118000161,212,101,111
118000162,450,358,92
118000163,501,572,-71
118000164,1059,884,175
118000168,60,0,60
118000169,154,356,-202
118000170,807,1083,-276
118000171,95,194,-99
118000172,17,73,-56
118000173,422,386,36
118000175,138,217,-79
118000176,283,317,-34
118000177,282,365,-83
118000178,1,16,-15
118000179,613,574,39
118000180,413,329,84
118000181,116,55,61
118000182,94,114,-20
118000183,74,81,-7
118000184,701,299,402
118000185,98,425,-327
118000186,53,431,-378
118000187,763,134,629
118000188,93,1,92
118000189,21,32,-11
118000190,13,0,13
118000191,20,12,8
118000192,1,44,-43
118000193,0,101,-101
118000194,543,889,-346
118000195,59,704,-645
118000196,7,59,-52
118000197,127,336,-209
118000198,364,849,-485
118000199,262,553,-291
118000200,0,0,0
118000201,54,180,-126
118000202,0,0,0
118000203,37,147,-110
118000204,7,37,-30
118000205,31,54,-23
118000206,112,71,41
118000207,0,16,-16
118000208,540,670,-130
118000209,955,214,741
118000210,85,9,76
118000211,28,22,6
118000213,175,759,-584
118000214,85,36,49
118000215,43,2,41
118000216,411,7,404
118000217,11,24,-13
118000218,12,23,-11
118000219,125,38,87
118000220,19,28,-9
118000221,28,295,-267
118000222,31,2,29
118000223,48,9,39
118000224,35,7,28
118000225,0,0,0
118000226,153,30,123
118000227,18,151,-133
118000228,0,13,-13
118000229,0,0,0
118000230,0,0,0
118000231,0,0,0
118000232,0,0,0
118000233,492,124,368
118000234,0,0,0
118000236,89,0,89
118000237,0,0,0
118000238,141,2,139
118000239,220,158,62
118000240,25,31,-6
118000241,4,1,3
118000242,0,0,0
118000243,0,0,0
118000244,7,6,1
118000246,0,0,0
118000255,29,83,-54
118000256,85,95,-10
118000259,0,4,-4
118000260,33,25,8
118000261,19,1,18
118000263,1,9,-8
118000266,22,30,-8
118000267,0,0,0
118000268,62,6,56
118000270,0,0,0
118000271,53,22,31
118000272,34,1,33
118000273,22,0,22
118000274,0,0,0
118000276,29,14,15
118000295,3,1,2
118000298,4,13,-9
118000299,0,5,-5
118000301,0,0,0
118000302,24,20,4
118000311,214,12,202
118000312,6,0,6
118000313,14,9,5
118000314,13,10,3
118000315,3,2,1
118000316,22,0,22
118000325,166,1,165
118000326,1,4,-3
118000331,158,5,153
118000332,70,4,66
118000333,75,14,61
118000335,107,3,104
118000336,0,0,0
118000407,126,14,112
118000457,0,0,0
118000465,205,375,-170
118000480,21,7,14
118000489,0,192,-192
118000490,0,29,-29
118000492,110,25,85
118000510,0,0,0
118000514,29,15,14
118000515,49,113,-64
118000517,169,124,45
118000524,21,25,-4
118000525,39,70,-31
118000530,12,89,-77
118000531,262,91,171
118000532,2,4,-2
118000533,0,0,0
118000534,0,1,-1
118000535,128,12,116
118000536,5,17,-12
118000537,0,13,-13
118000538,1,22,-21
118000539,6,95,-89
118000540,25,8,17
118000541,43,8,35
118000542,23,119,-96
118000543,51,41,10
118000546,11,1,10
118000560,1,8,-7
118000562,0,0,0
118000563,629,722,-93
118000576,84,15,69
118000577,27,40,-13
118000578,13,15,-2
118000579,150,200,-50
118000595,105,30,75
118000596,0,0,0
118000597,9,19,-10
118000598,3,1,2
118000599,182,1,181
118000600,0,0,0
118000601,0,0,0
118000602,0,0,0
118000603,0,0,0
118900001,0,0,0
118900002,28,1,27
118900003,28,0,28
118900004,6,0,6
118900005,0,0,0
118900006,0,0,0
118900007,0,0,0
118900008,137,2,135
118900009,0,0,0
118900010,0,0,0
118900011,0,0,0
118900012,34,27,7
118900013,0,0,0
118900015,0,0,0
118900016,0,0,0
118900017,0,0,0
118900018,0,0,0
118900019,0,0,0
118900020,0,0,0
118900021,27,12,15
118900022,14,0,14
118900023,0,0,0
118900024,0,0,0
118900025,0,0,0
118900026,13,0,13
118900027,0,0,0
118900028,70,25,45
118900029,0,0,0
118900030,0,0,0
118900031,8,1,7
118900032,0,0,0
118900033,0,0,0
118900034,0,0,0
118900035,19,0,19
118900036,142,14,128
118900037,0,0,0
118900038,54,1,53
118900039,0,0,0
118900040,46,26,20
118900041,0,0,0
118900042,2,2,0
118900045,4,10,-6
118900046,18,11,7
118900047,2,17,-15
118900048,0,0,0
118900049,0,0,0
118900050,0,0,0
118900051,0,0,0
118900052,0,0,0
118900053,0,0,0
118900054,11,6,5
118900055,0,0,0
118900056,0,0,0
118900057,87,60,27
118900058,0,0,0
118900059,0,0,0
118900060,7,6,1
118900062,0,0,0
118900064,0,0,0
118900065,0,0,0
118900066,0,0,0
118900067,46,106,-60
118900068,0,0,0
118900069,9,1,8
118900071,0,0,0
118900072,0,0,0
118900073,5,0,5
118900074,0,0,0
118900075,0,0,0
118900076,0,0,0
118900077,1,0,1
118900078,0,0,0
118900079,0,0,0
118900080,0,0,0
118900081,0,0,0
118900082,1,0,1
118900083,0,0,0
118900084,0,0,0
118900085,0,0,0
118900086,0,0,0
118900087,0,0,0
118900088,0,0,0
118900089,0,0,0
118900090,0,0,0
118900091,0,0,0
118900092,0,0,0
118900093,0,0,0
118900096,0,0,0
118900097,4,34,-30
118900099,25,5,20
118900100,0,0,0
118900101,0,2,-2
118900102,0,0,0
118900103,0,0,0
118900104,28,0,28
118900105,0,0,0
118900107,0,0,0
118900108,0,0,0
118900109,14,8,6
118900110,36,0,36
118900111,0,0,0
118900112,0,0,0
118900113,0,0,0
118900114,0,0,0
118900115,14,2,12
118900116,5,10,-5
118900117,2,10,-8
118900118,9,77,-68
118900119,18,3,15
118900120,11,9,2
118900121,0,0,0
118900122,0,0,0
118900123,3,1,2
118900124,0,0,0
118900126,0,0,0
118900129,0,0,0
118900130,0,0,0
118900131,35,11,24
118900132,0,0,0
118900133,0,0,0
118900135,0,0,0
118900136,29,22,7
118900137,0,0,0
118900139,0,0,0
118900140,107,24,83
118900141,0,0,0
118900144,17,17,0
118900145,0,0,0
118900146,25,35,-10
118900147,0,0,0
118900148,0,0,0
118900150,0,0,0
118900152,0,0,0
118900157,0,0,0
118900158,0,0,0
118900159,0,0,0
118900161,0,0,0
118900163,0,0,0
118900164,0,0,0
118900165,0,0,0
118900166,0,0,0
118900167,0,0,0
118900168,0,0,0
118900169,0,0,0
118900170,0,0,0
118900171,0,0,0
118900174,0,0,0
118900175,91,38,53
118900176,13,14,-1
118900177,0,0,0
118900178,0,0,0
118900179,0,0,0
118900181,2,0,2
118900182,0,0,0
118900183,0,0,0
118900184,0,0,0
118900185,7,1,6
118900186,1,18,-17
118900187,12,9,3
118900188,20,1,19
118900189,0,0,0
118900190,0,0,0
118900191,0,0,0
118900192,0,0,0
118900193,0,0,0
118900195,78,0,78
118900196,0,0,0
118900197,0,0,0
118900198,0,0,0
118900199,0,0,0
118900200,0,0,0
118900201,0,0,0
118900202,0,0,0
118900203,0,0,0
118900204,0,0,0
118900205,0,0,0
118900206,0,0,0
119000001,910,681,229
119000002,1342,787,555
119000003,702,287,415
119000004,622,983,-361
119000005,789,1124,-335
119000006,885,573,312
119000007,1465,1372,93
119000008,519,427,92
119000009,761,1672,-911
119000010,711,1098,-387
119000011,966,951,15
119000012,451,1014,-563
119000013,2874,1434,1440
119000014,798,1317,-519
119000019,84,55,29
119000020,720,879,-159
119000021,1261,1369,-108
119000022,50,403,-353
119000023,71,115,-44
119000024,453,5468,-5015
119000025,924,417,507
119000026,9,110,-101
119000027,20,182,-162
119000028,1173,328,845
119000029,37,73,-36
119000030,226,577,-351
119000031,212,433,-221
119000032,138,527,-389
119000033,938,590,348
119000034,363,188,175
119000035,5,101,-96
119000036,783,183,600
119000037,533,336,197
119000038,24,171,-147
119000039,345,185,160
119000040,139,382,-243
119000041,189,485,-296
119000048,1191,538,653
119000049,485,228,257
119000050,414,437,-23
119000051,236,173,63
119000052,329,319,10
119000053,487,304,183
119000054,1174,499,675
119000055,2111,459,1652
119000056,1428,514,914
119000057,735,397,338
119000058,507,429,78
119000059,763,383,380
119000060,264,145,119
119000061,223,346,-123
119000062,305,231,74
119000063,185,195,-10
119000064,148,169,-21
119000065,197,280,-83
119000066,524,518,6
119000067,549,502,47
119000068,591,226,365
119000069,521,278,243
119000070,595,166,429
119000071,70,155,-85
119000072,593,316,277
119000073,905,1746,-841
119000074,1031,318,713
119000075,1219,600,619
119000076,51,167,-116
119000077,140,137,3
119000078,56,67,-11
119000079,22,133,-111
119000080,178,24,154
119000081,130,62,68
119000082,160,5,155
119000083,123,40,83
119000084,65,93,-28
119000085,157,77,80
119000086,44,29,15
119000087,324,139,185
119000088,136,7,129
119000089,9,22,-13
119000090,21,74,-53
119000091,13,62,-49
119000092,63,96,-33
119000093,878,614,264
119000094,1417,1014,403
119000095,609,431,178
119000097,431,476,-45
119000098,419,1775,-1356
119000099,1155,361,794
119000100,1560,702,858
119000101,790,606,184
119000102,9,125,-116
119000103,447,275,172
119000104,120,40,80
119000105,191,536,-345
119000106,81,67,14
119000107,439,292,147
119000108,72,108,-36
119000109,21,49,-28
119000110,0,0,0
119000111,0,18,-18
119000112,0,0,0
119000113,107,10,97
119000114,77,82,-5
119000115,65,115,-50
119000116,10,52,-42
119000117,40,21,19
119000118,3,1,2
119000123,177,587,-410
119000124,229,78,151
119000125,1638,169,1469
119000126,390,141,249
119000127,112,45,67
119000128,3,0,3
119000131,276,68,208
119000132,0,0,0
119000133,0,1,-1
119000134,254,201,53
119000135,56,32,24
119000136,0,0,0
119000137,11,9,2
119000138,0,0,0
119000139,5,3,2
119000140,0,0,0
119000284,164,560,-396
119000285,248,275,-27
119000286,1073,708,365
119000287,457,362,95
119000288,379,160,219
119000289,224,460,-236
119000290,198,212,-14
119000291,2,31,-29
119000293,172,153,19
119000294,91,67,24
119000295,195,79,116
119000296,31,22,9
119000302,961,663,298
119000303,0,29,-29
119000314,161,2103,-1942
119000315,0,3,-3
119000316,0,0,0
119000317,24,12,12
119900001,53,145,-92
119900002,20,32,-12
119900003,0,15,-15
119900004,0,0,0
119900005,0,0,0
119900006,3,33,-30
119900007,1,1,0
119900008,1,0,1
119900009,60,50,10
119900010,160,134,26
119900011,4,0,4
119900012,0,0,0
119900013,108,82,26
119900014,46,59,-13
119900015,0,0,0
119900016,0,0,0
119900017,3,0,3
119900018,140,226,-86
119900019,0,0,0
119900020,1,0,1
119900021,0,0,0
119900022,10,115,-105
119900023,30,563,-533
119900025,0,0,0
119900026,0,0,0
119900027,2,4,-2
119900028,12,29,-17
119900029,0,0,0
119900030,0,0,0
119900031,10,215,-205
119900033,257,122,135
119900034,0,0,0
119900037,55,7,48
119900038,63,40,23
119900039,0,0,0
119900040,71,7,64
119900041,2,0,2
119900042,0,0,0
119900043,81,32,49
119900044,6,106,-100
119900046,0,0,0
119900047,0,0,0
119900048,1,0,1
119900049,4,0,4
119900050,102,10,92
119900051,275,6,269
119900052,0,0,0
119900053,0,0,0
119900054,72,0,72
119900055,286,55,231
119900057,0,0,0
119900058,0,0,0
119900059,14,0,14
119900060,129,26,103
119900061,140,0,140
119900062,1,0,1
119900063,0,0,0
119900064,212,30,182
119900065,38,2,36
119900066,0,0,0
119900067,0,0,0
119900068,0,0,0
119900069,6,1,5
119900070,321,2,319
119900071,212,14,198
119900072,93,5,88
119900073,98,12,86
119900074,0,0,0
119900075,159,223,-64
119900076,0,0,0
119900077,168,31,137
119900078,190,9,181
119900079,49,2,47
119900080,136,68,68
119900081,26,5,21
119900082,870,320,550
119900083,66,41,25
119900084,0,0,0
119900085,0,0,0
119900086,0,31,-31
119900087,0,0,0
119900088,0,0,0
119900089,5,43,-38
119900090,0,0,0
119900091,2,20,-18
119900092,3,5,-2
119900093,0,0,0
119900094,0,1,-1
119900095,0,0,0
119900096,0,0,0
119900097,12,7,5
119900098,0,0,0
119900099,0,0,0
119900100,86,119,-33
119900101,3,45,-42
119900102,0,0,0
119900103,0,0,0
119900104,0,0,0
119900105,50,14,36
119900106,0,0,0
119900107,0,0,0
119900108,317,102,215
119900109,0,0,0
119900110,28,25,3
119900111,3,2,1
119900112,0,0,0
119900113,0,3,-3
119900114,27,39,-12
119900115,27,5,22
119900116,0,4,-4
119900117,9,23,-14
119900118,27,10,17
119900119,0,2,-2
119900120,11,35,-24
119900121,0,0,0
119900122,0,1,-1
119900123,4,7,-3
119900124,1,1,0
119900125,0,0,0
119900126,250,52,198
119900127,54,0,54
119900128,6,5,1
119900129,0,7,-7
119900130,0,0,0
119900131,0,10,-10
119900132,8,0,8
119900133,0,0,0
119900134,22,11,11
119900135,0,0,0
119900136,0,0,0
119900138,0,0,0
119900139,0,0,0
119900140,0,5,-5
119900141,0,0,0
119900142,2,6,-4
119900143,13,57,-44
119900144,0,0,0
119900145,0,0,0
119900146,0,0,0
119900147,0,0,0
119900148,88,24,64
119900149,2,554,-552
119900150,0,0,0
119900151,161,100,61
119900152,0,0,0
119900153,37,0,37
119900154,0,6,-6
119900155,0,0,0
119900156,18,11,7
119900157,0,0,0
119900158,40,11,29
119900159,0,39,-39
119900160,1,1,0
119900161,42,15,27
119900162,128,61,67
119900163,0,0,0
119900164,0,0,0
119900165,0,0,0
119900166,60,12,48
119900167,0,0,0
119900168,142,39,103
119900169,0,0,0
119900170,0,0,0
119900171,12,0,12
119900172,9,14,-5
119900173,0,7,-7
119900174,0,0,0
119900175,181,12,169
119900177,0,6,-6
119900178,0,0,0
119900179,30,240,-210
119900180,93,17,76
119900181,11,11,0
119900182,4,34,-30
119900183,13,38,-25
119900184,42,76,-34
119900185,0,71,-71
119900186,0,0,0
119900187,16,33,-17
119900188,20,37,-17
119900189,0,0,0
119900190,0,0,0
119900191,8,6,2
119900192,5,17,-12
119900193,83,32,51
119900194,16,19,-3
119900195,1,9,-8
119900196,0,0,0
119900197,2,0,2
119900198,17,6,11
119900199,88,0,88
119900200,0,0,0
119900201,27,16,11
119900202,10,27,-17
119900203,1,0,1
119900204,27,11,16
119900205,198,18,180
119900206,0,0,0
119900208,3,0,3
119900209,109,167,-58
119900210,0,0,0
119900211,0,0,0
119900212,441,88,353
119900213,0,0,0
119900214,0,0,0
119900215,0,0,0
119900216,0,0,0
119900217,0,0,0
119900218,0,0,0
119900219,0,0,0
119900220,0,0,0
119900221,0,0,0
119900222,0,0,0
119900223,0,0,0
119900224,0,0,0
119900225,0,0,0
119900226,17,154,-137
119900227,33,36,-3
119900228,0,3,-3
119900229,0,0,0
119900230,10,1,9
119900231,66,0,66
119900232,0,0,0
119900233,0,0,0
119900234,0,0,0
119900235,0,0,0
119900236,1,1,0
119900237,0,2,-2
119900238,0,0,0
119900240,0,0,0
119900241,0,0,0
119900242,53,0,53
119900244,30,98,-68
119900245,0,0,0
119900246,0,0,0
119900247,0,1,-1
119900248,0,0,0
119900249,4,0,4
119900253,137,165,-28
119900254,2,169,-167
119900255,2,9,-7
119900256,183,23,160
119900257,3,0,3
119900258,10,0,10
119900259,1,0,1
119900260,0,0,0
119900261,173,27,146
119900262,0,21,-21
119900263,256,46,210
119900264,0,0,0
119900265,8,0,8
119900266,0,0,0
119900267,1,1,0
119900268,2,2,0
119900269,31,5,26
119900271,0,2,-2
119900272,1,6,-5
119900275,29,4,25
119900276,26,0,26
119900277,0,0,0
119900278,0,1,-1
119900279,0,0,0
119900280,104,7,97
119900281,0,0,0
119900282,0,0,0
119900283,0,13,-13
119900284,251,148,103
119900285,3,0,3
119900286,0,0,0
119900288,0,1,-1
119900289,0,0,0
119900290,0,0,0
119900291,0,0,0
119900292,8,15,-7
119900293,1,3,-2
119900294,2,1,1
119900295,5,3,2
119900296,83,3,80
119900297,3,4,-1
119900298,6,7,-1
119900299,0,1,-1
119900300,4,0,4
119900301,0,0,0
119900302,0,0,0
119900303,0,0,0
119900304,0,0,0
119900305,0,0,0
119900306,0,0,0
119900307,0,0,0
119900308,0,0,0
119900309,1,22,-21
119900310,14,7,7
119900311,0,0,0
119900312,67,18,49
119900313,2,1,1
119900314,0,0,0
119900315,312,84,228
119900318,0,0,0
119900319,6,12,-6
119900320,9,34,-25
119900321,6,0,6
120000001,3949,10236,-6287
120000002,830,529,301
120000003,468,477,-9
120000004,779,692,87
120000005,983,443,540
120000006,357,251,106
120000007,698,492,206
120000008,330,321,9
120000009,489,145,344
120000010,515,410,105
120000011,244,268,-24
120000012,326,446,-120
120000013,767,394,373
120000014,256,535,-279
120000015,974,743,231
120000016,2986,1753,1233
120000017,1731,1365,366
120000018,1788,4872,-3084
120000019,308,654,-346
120000020,1563,1424,139
120000021,719,1441,-722
120000022,3014,3316,-302
120000023,839,663,176
120000024,648,726,-78
120000025,1699,534,1165
120000026,1318,1457,-139
120000027,1944,1645,299
120000028,358,189,169
120000029,189,462,-273
120000030,23,223,-200
120000031,530,1026,-496
120000032,1483,1065,418
120000033,949,288,661
120000034,1170,263,907
120000035,1031,317,714
120000036,1362,1816,-454
120000037,428,1318,-890
120000038,805,1973,-1168
120000039,21,166,-145
120000040,7,137,-130
120000041,76,154,-78
120000042,415,314,101
120000043,1684,534,1150
120000044,3260,602,2658
120000045,2772,237,2535
120000046,1825,1349,476
120000047,229,2384,-2155
120000048,2311,1738,573
120000049,1687,569,1118
120000050,927,827,100
120000051,611,1371,-760
120000052,1190,904,286
120000053,403,535,-132
120000054,351,551,-200
120000055,772,608,164
120000056,1776,785,991
120000057,815,180,635
120000058,278,285,-7
120000059,111,829,-718
120000061,27,99,-72
120000062,132,55,77
120000063,278,402,-124
120000064,126,204,-78
120000065,202,203,-1
120000066,91,54,37
120000067,20,67,-47
120000068,64,207,-143
120000069,225,181,44
120000070,19,144,-125
120000071,250,47,203
120000072,599,148,451
120000073,373,43,330
120000074,116,8,108
120000075,604,80,524
120000076,1386,113,1273
120000077,926,136,790
120000078,567,193,374
120000079,243,47,196
120000080,52,47,5
120000081,114,78,36
120000082,141,229,-88
120000083,6,576,-570
120000084,67,68,-1
120000085,71,39,32
120000086,28,44,-16
120000087,27,53,-26
120000088,454,261,193
120000089,758,137,621
120000090,242,175,67
120000091,620,218,402
120000092,648,132,516
120000093,265,157,108
120000094,113,333,-220
120000095,282,103,179
120000096,132,114,18
120000098,409,99,310
120000099,88,97,-9
120000100,290,132,158
120000101,293,91,202
120000102,379,926,-547
120000103,733,505,228
120000104,1631,155,1476
120000105,2760,84,2676
120000106,2043,77,1966
120000107,2935,211,2724
120000108,1058,71,987
120000109,504,26,478
120000110,0,162,-162
120000111,2,112,-110
120000112,47,306,-259
120000113,44,293,-249
120000114,54,194,-140
120000115,52,172,-120
120000116,55,208,-153
120000117,230,206,24
120000118,9,21,-12
120000119,8,53,-45
120000120,19,37,-18
120000121,30,19,11
120000122,46,187,-141
120000123,352,2180,-1828
120000124,176,179,-3
120000125,133,117,16
120000126,97,245,-148
120000127,153,137,16
120000128,527,831,-304
120000129,112,68,44
120000130,438,201,237
120000131,147,211,-64
120000134,81,22,59
120000135,73,324,-251
120000137,27,13,14
120000138,267,60,207
120000139,72,35,37
120000140,144,5,139
120000141,267,51,216
120000142,408,85,323
120000143,0,1,-1
120000144,37,0,37
120000145,19,0,19
120000146,309,524,-215
120000149,190,139,51
120000150,185,2684,-2499
120000151,286,110,176
120000152,645,87,558
120000153,88,54,34
120000154,107,68,39
120000155,123,90,33
120000156,118,247,-129
120000157,442,175,267
120000158,119,53,66
120000159,470,625,-155
120000160,1103,792,311
120000161,783,724,59
120000162,18,152,-134
120000163,229,110,119
120000164,145,15,130
120000165,221,74,147
120000166,653,48,605
120000167,0,0,0
120000168,0,0,0
120000169,0,0,0
120000170,0,0,0
120000171,0,0,0
120000172,0,0,0
120000173,24,1,23
120000174,3,0,3
120000175,3,0,3
120000176,0,0,0
120000177,91,4,87
120000178,1,0,1
120000179,7,0,7
120000180,5,0,5
120000181,16,52,-36
120000182,7,86,-79
120000183,0,102,-102
120000184,11,243,-232
120000186,0,27,-27
120000187,8,12,-4
120000188,2,39,-37
120000190,23,124,-101
120000191,38,106,-68
120000192,44,3,41
120000193,34,6,28
120000195,0,0,0
120000196,2,3,-1
120000197,0,9,-9
120000198,23,0,23
120000199,0,0,0
120000200,0,0,0
120000201,0,0,0
120000202,0,0,0
120000203,0,0,0
120000207,0,0,0
120000208,0,0,0
120000209,0,0,0
120000210,0,0,0
120000211,0,0,0
120000212,0,0,0
120000213,0,0,0
120000214,0,0,0
120000215,0,0,0
120000216,0,0,0
120000217,0,0,0
120000218,0,0,0
120000219,0,0,0
120000220,0,0,0
120000225,758,2,756
120000226,72,2,70
120000227,175,43,132
120000228,0,0,0
120000230,53,1,52
120000231,179,24,155
120000233,381,17,364
120000235,2,52,-50
120000236,762,1,761
120000237,0,46,-46
120000238,0,0,0
120000241,602,1316,-714
120000412,48,2,46
120000413,57,15,42
120000414,51,0,51
120000415,0,1,-1
120000416,13,0,13
120000417,0,1,-1
120000418,88,0,88
120000419,0,3,-3
120000420,26,20,6
120000421,1942,1129,813
120000422,6,301,-295
120000423,0,0,0
120000424,0,0,0
120000436,13,687,-674
120000437,7,11,-4
120000438,95,74,21
120000439,217,211,6
120000443,148,0,148
120000444,943,91,852
120000445,632,471,161
120000446,139,28,111
120000447,174,0,174
120000449,52,0,52
120000450,0,5,-5
120000451,68,34,34
120000452,152,1,151
120000453,0,0,0
120000454,5,38,-33
120000455,13,14,-1
120000456,61,555,-494
120000457,173,94,79
120000458,139,60,79
120000459,54,11,43
120000665,13,91,-78
120000668,11,185,-174
120000669,107,68,39
120000670,10,140,-130
120000671,404,180,224
120000672,4,79,-75
120900001,33,2,31
120900002,2,21,-19
120900003,0,0,0
120900004,2,41,-39
120900005,30,45,-15
120900006,143,26,117
120900007,16,3,13
120900008,211,106,105
120900009,0,0,0
120900010,148,47,101
120900011,0,0,0
120900012,12,397,-385
120900013,11,0,11
120900014,0,15,-15
120900015,466,30,436
120900016,557,5,552
120900017,232,44,188
120900018,72,20,52
120900019,119,121,-2
120900020,20,129,-109
120900021,0,0,0
120900022,0,8,-8
120900023,283,11,272
120900024,144,25,119
120900025,113,12,101
120900026,43,14,29
120900027,0,0,0
120900028,285,51,234
120900029,0,0,0
120900030,679,52,627
120900031,9,0,9
120900032,641,29,612
120900033,403,35,368
120900034,2,803,-801
120900035,85,11,74
120900037,159,1,158
120900038,0,0,0
120900039,0,0,0
120900040,0,0,0
120900041,0,0,0
120900042,252,18,234
120900043,18,13,5
120900044,7,124,-117
120900045,6,3,3
120900046,218,2,216
120900047,0,0,0
120900048,0,0,0
120900049,0,0,0
120900050,122,405,-283
120900051,111,24,87
120900052,184,2,182
120900053,120,6,114
120900054,168,6,162
120900055,265,7,258
120900056,0,0,0
120900057,0,0,0
120900058,258,0,258
120900059,55,0,55
120900060,33,2,31
120900061,25,5,20
120900062,95,5,90
120900063,0,0,0
120900064,0,0,0
120900065,9,0,9
120900066,345,3,342
120900067,71,15,56
120900068,178,0,178
120900069,0,0,0
120900071,34,0,34
120900072,0,0,0
120900073,26,0,26
120900074,103,2,101
120900076,154,0,154
120900077,439,131,308
120900078,551,99,452
120900079,177,11,166
120900080,185,19,166
120900081,489,31,458
120900082,101,10,91
120900083,135,2,133
120900084,3,2,1
120900085,0,0,0
120900086,0,212,-212
120900087,258,53,205
120900088,1,1,0
120900089,277,953,-676
120900090,43,3,40
120900091,34,264,-230
120900092,5,21,-16
120900093,0,0,0
120900094,45,20,25
120900095,0,0,0
120900096,0,7,-7
120900097,49,32,17
120900098,0,0,0
120900099,0,0,0
120900100,0,0,0
120900101,0,0,0
120900102,0,0,0
120900103,77,25,52
120900104,0,0,0
120900105,0,0,0
120900106,75,35,40
120900107,0,0,0
120900108,0,0,0
120900109,4,36,-32
120900110,0,0,0
120900111,1,1,0
120900112,0,0,0
120900113,2,33,-31
120900114,5,2,3
120900115,57,61,-4
120900116,53,3,50
120900117,0,0,0
120900118,2,34,-32
120900119,516,212,304
120900120,12,32,-20
120900121,1,0,1
120900122,78,16,62
120900123,0,0,0
120900124,0,19,-19
120900125,0,43,-43
120900126,9,0,9
120900127,0,0,0
120900128,8,15,-7
120900129,67,0,67
120900130,4,24,-20
120900131,0,0,0
120900132,752,21,731
120900133,15,43,-28
120900134,19,10,9
120900135,29,0,29
120900136,0,0,0
120900137,136,9,127
120900138,0,8,-8
120900139,0,1,-1
120900140,0,0,0
120900141,57,18,39
120900142,0,21,-21
120900143,0,0,0
120900144,0,22,-22
120900145,4,29,-25
120900146,0,0,0
120900147,0,0,0
120900148,19,22,-3
120900149,0,44,-44
120900150,0,18,-18
120900151,0,0,0
120900152,0,0,0
120900153,0,0,0
120900154,0,3,-3
120900155,5,28,-23
120900156,4,0,4
120900157,0,0,0
120900158,0,8,-8
120900159,0,0,0
120900160,0,17,-17
120900161,0,0,0
120900162,0,0,0
120900163,0,0,0
120900164,0,0,0
120900165,0,0,0
120900166,0,0,0
120900167,0,0,0
120900169,0,0,0
120900170,42,1032,-990
120900171,78,2,76
120900172,0,0,0
120900173,0,1,-1
120900174,0,0,0
120900175,27,12,15
120900176,0,232,-232
120900177,0,579,-579
120900178,0,192,-192
120900179,30,14,16
120900180,0,0,0
120900181,0,0,0
120900182,0,0,0
120900183,0,0,0
120900184,11,7,4
120900185,0,0,0
120900186,0,25,-25
120900187,94,82,12
120900188,4,0,4
120900189,0,0,0
120900190,52,8,44
120900191,1,1,0
120900192,612,1902,-1290
120900194,1,0,1
120900195,0,0,0
120900196,0,0,0
120900197,430,54,376
120900198,3,45,-42
120900199,1,49,-48
120900200,0,0,0
120900201,0,0,0
120900202,0,10,-10
120900203,2,35,-33
120900204,10,18,-8
120900205,4,0,4
120900206,0,3,-3
121000001,86,423,-337
121000002,342,921,-579
121000003,344,906,-562
121000004,404,1121,-717
121000005,1173,2293,-1120
121000006,741,1183,-442
121000007,205,1393,-1188
121000008,671,1395,-724
121000009,757,2655,-1898
121000010,867,1188,-321
121000011,1666,3028,-1362
121000012,2561,1250,1311
121000013,2002,2900,-898
121000014,2158,1360,798
121000015,2260,3797,-1537
121000016,782,675,107
121000017,487,1841,-1354
121000018,641,937,-296
121000019,2094,2908,-814
121000020,3642,6518,-2876
121000021,249,395,-146
121000022,335,2072,-1737
121000023,682,278,404
121000024,1566,1833,-267
121000025,139,232,-93
121000026,58,98,-40
121000027,148,549,-401
121000028,82,194,-112
121000029,45,204,-159
121000030,0,0,0
121000031,39,177,-138
121000032,0,0,0
121000034,14,67,-53
121000035,0,10,-10
121000036,138,202,-64
121000037,125,375,-250
121000038,252,327,-75
121000039,111,51,60
121000041,74,134,-60
121000042,15,227,-212
121000043,263,358,-95
121000044,53,235,-182
121000045,91,190,-99
121000046,0,0,0
121000047,3,19,-16
121000049,406,214,192
121000050,98,1323,-1225
121000051,144,131,13
121000052,101,756,-655
121000053,35,61,-26
121000054,0,43,-43
121000055,249,481,-232
121000056,674,480,194
121000057,1,6,-5
121000058,24,37,-13
121000059,213,748,-535
121000060,366,561,-195
121000061,15,479,-464
121000062,319,208,111
121000063,118,655,-537
121000064,155,518,-363
121000065,94,158,-64
121000066,24,76,-52
121000067,47,25,22
121000068,165,554,-389
121000069,14,646,-632
121000070,175,228,-53
121000071,341,813,-472
121000072,188,91,97
121000073,92,514,-422
121000074,5,53,-48
121000075,0,40,-40
121000076,25,65,-40
121000077,6,56,-50
121000078,15,39,-24
121000080,205,101,104
121000081,352,1286,-934
121000082,2,7,-5
121000083,40,67,-27
121000084,7,4,3
121000085,13,15,-2
121000086,35,267,-232
121000087,16,251,-235
121000088,235,202,33
121000089,5,302,-297
121000090,61,141,-80
121000091,295,601,-306
121000092,14,24,-10
121000093,19,84,-65
121000094,45,43,2
121000095,34,142,-108
121000096,419,309,110
121000097,182,520,-338
121000098,137,113,24
121000099,197,153,44
121000100,328,135,193
121000101,59,78,-19
121000102,5,10,-5
121000103,73,30,43
121000104,18,3,15
121000105,4,5,-1
121000106,69,68,1
121000107,763,1382,-619
121000109,520,841,-321
121000110,31,474,-443
121000114,772,1229,-457
121000115,115,66,49
121000116,89,110,-21
121000117,164,25,139
121000118,186,32,154
121000119,9,33,-24
121000120,28,319,-291
121000121,51,97,-46
121000123,58,82,-24
121000126,19,178,-159
121000127,16,49,-33
121000128,237,81,156
121000129,138,83,55
121000130,68,161,-93
121000131,47,232,-185
121000132,77,278,-201
121000135,246,732,-486
121000136,219,438,-219
121000137,30,86,-56
121000138,128,1050,-922
121000139,0,0,0
121000141,76,11,65
121000142,22,87,-65
121000143,7,22,-15
121000144,656,725,-69
121000145,88,147,-59
121000146,176,75,101
121000147,149,34,115
121000148,121,133,-12
121000149,409,446,-37
121000152,88,45,43
121000153,305,118,187
121000154,229,196,33
121000155,264,376,-112
121000156,180,186,-6
121000157,262,242,20
121000158,282,250,32
121000159,193,123,70
121000160,335,83,252
121000161,93,221,-128
121000162,104,60,44
121000165,559,1856,-1297
121000166,23,176,-153
121000168,43,58,-15
121000169,1,20,-19
121000170,69,16,53
121000171,14,33,-19
121000172,180,279,-99
121000173,677,624,53
121000174,361,461,-100
121000175,400,173,227
121000176,152,221,-69
121000177,185,87,98
121000178,47,76,-29
121000179,5,30,-25
121000181,121,106,15
121000182,171,254,-83
121000183,17,118,-101
121000184,18,284,-266
121000185,3,698,-695
121000186,175,754,-579
121000187,115,75,40
121000188,57,45,12
121000192,103,114,-11
121000193,31,46,-15
121000194,470,913,-443
121000195,238,398,-160
121000196,106,87,19
121000197,17,89,-72
121000198,26,141,-115
121000199,12,148,-136
121000200,245,92,153
121000201,14,118,-104
121000202,54,1,53
121000203,6,139,-133
121000204,646,37,609
121000205,79,204,-125
121000206,181,156,25
121000207,503,282,221
121000208,0,118,-118
121000209,284,26,258
121000210,339,76,263
121000211,15,8,7
121000212,127,73,54
121000213,409,384,25
121000214,181,960,-779
121000215,388,159,229
121000216,62,462,-400
121000217,1093,1364,-271
121000218,22,394,-372
121000219,276,328,-52
121000220,7,5,2
121000221,3,89,-86
121000222,355,700,-345
121000223,0,0,0
121000224,160,122,38
121000225,39,653,-614
121000226,186,761,-575
121000227,10,138,-128
121000228,7,71,-64
121000229,3,17,-14
121000230,16,146,-130
121000231,682,3,679
121000232,36,14,22
121000233,133,91,42
121000234,0,13,-13
121000235,14,41,-27
121000236,0,11,-11
121000237,6,1,5
121000238,0,3,-3
121000239,55,1,54
121000240,0,13,-13
121000241,39,0,39
121000242,0,14,-14
121000243,50,1,49
121000244,0,6,-6
121000245,20,1,19
121000246,1,20,-19
121000247,11,0,11
121000248,47,26,21
121000249,2,15,-13
121000250,108,297,-189
121000251,1,43,-42
121000252,26,33,-7
121000253,36,88,-52
121000254,296,68,228
121000255,18,48,-30
121000256,72,110,-38
121000257,4,18,-14
121000258,48,72,-24
121000259,2,20,-18
121000260,1,24,-23
121000261,5,50,-45
121000262,112,94,18
121000263,288,86,202
121000271,57,821,-764
121000273,3,0,3
121000274,0,53,-53
121000275,0,4,-4
121000276,1,44,-43
121000278,9,5,4
121000279,4,10,-6
121000280,3,20,-17
121000289,117,10,107
121000290,65,417,-352
121000294,39,15,24
121000297,160,347,-187
121000299,58,158,-100
121000300,265,81,184
121000302,1,231,-230
121000303,61,32,29
121000304,361,80,281
121000305,37,78,-41
121000306,73,116,-43
121000308,1,5,-4
121000309,6,6,0
121000310,2,4,-2
121000311,0,5,-5
121000312,114,82,32
121000313,14,11,3
121000314,1,2,-1
121000315,0,1,-1
121000530,510,349,161
121000531,807,395,412
121000532,1602,1609,-7
121000533,2051,1272,779
121000918,0,0,0
121000919,15,72,-57
121000938,3,4,-1
121000939,12,56,-44
121000956,511,190,321
121000957,0,0,0
121000958,11,27,-16
121000959,134,105,29
121000960,256,108,148
121000961,193,4,189
121000962,24,33,-9
121000973,0,0,0
121000976,0,0,0
121000979,0,0,0
121000981,69,7,62
121000982,351,43,308
121000983,29,14,15
121000984,0,11,-11
121000985,245,63,182
121000986,146,29,117
121000987,68,124,-56
121000988,297,22,275
121001302,25,2,23
121001308,0,8,-8
121001309,51,124,-73
121001313,0,0,0
121001314,502,569,-67
121001315,1577,134,1443
121900001,73,388,-315
121900002,0,0,0
121900003,0,0,0
121900004,0,0,0
121900005,5,0,5
121900006,0,0,0
121900007,178,18,160
121900008,1,0,1
121900009,0,0,0
121900010,0,0,0
121900011,3,0,3
121900012,2,2,0
121900013,1,0,1
121900014,0,0,0
121900015,3,1,2
121900016,0,0,0
121900017,0,0,0
121900018,0,0,0
121900019,0,0,0
121900020,1,0,1
121900021,133,0,133
121900022,0,0,0
121900023,0,0,0
121900024,0,0,0
121900025,0,0,0
121900026,0,0,0
121900027,0,0,0
121900028,1,0,1
121900029,0,0,0
121900030,0,0,0
121900031,0,39,-39
121900032,0,0,0
121900033,0,0,0
121900034,0,0,0
121900035,0,0,0
121900036,0,0,0
121900037,0,0,0
121900038,0,0,0
121900039,0,0,0
121900040,0,0,0
121900041,0,0,0
121900042,0,0,0
121900043,0,0,0
121900044,0,0,0
121900045,0,0,0
121900046,0,0,0
121900047,0,0,0
121900048,0,0,0
121900050,0,0,0
121900051,0,0,0
121900052,0,0,0
121900053,5,30,-25
121900054,0,0,0
121900055,0,0,0
121900058,0,0,0
121900059,0,0,0
121900060,0,0,0
121900061,0,0,0
121900062,0,0,0
121900063,25,2,23
121900064,0,0,0
121900066,0,0,0
121900067,0,0,0
121900069,0,0,0
121900070,4,5,-1
121900071,0,0,0
121900072,0,0,0
121900073,0,0,0
121900074,6,0,6
121900075,3,5,-2
121900076,0,0,0
121900077,0,0,0
121900078,0,0,0
121900079,0,0,0
121900080,0,0,0
121900082,0,0,0
121900084,0,0,0
121900085,0,0,0
121900086,0,0,0
121900087,0,0,0
121900088,0,0,0
121900089,0,0,0
121900090,0,0,0
121900091,0,0,0
121900092,0,0,0
121900093,0,0,0
121900094,0,0,0
121900095,0,0,0
121900096,0,0,0
121900097,0,0,0
121900098,0,0,0
121900099,0,0,0
121900100,0,0,0
121900101,0,0,0
121900102,0,0,0
121900103,0,0,0
121900104,47,15,32
121900105,0,0,0
121900106,0,0,0
121900107,0,0,0
121900108,0,0,0
121900109,0,0,0
121900110,0,0,0
121900111,0,0,0
121900112,0,0,0
121900113,0,0,0
121900114,0,0,0
121900115,0,0,0
121900117,0,0,0
121900118,0,0,0
121900119,0,0,0
121900120,0,0,0
121900121,0,0,0
121900122,0,0,0
121900123,0,0,0
121900124,0,0,0
121900125,64,3,61
121900127,0,0,0
121900128,0,0,0
121900129,0,0,0
121900130,0,0,0
121900131,0,0,0
121900132,0,0,0
121900133,0,0,0
121900134,0,0,0
121900135,2,0,2
121900136,0,0,0
121900137,0,0,0
121900138,0,0,0
121900139,0,0,0
121900140,0,0,0
121900141,1,0,1
121900142,0,0,0
121900143,0,0,0
121900144,0,0,0
121900145,0,0,0
121900146,0,0,0
121900147,0,0,0
121900148,0,0,0
121900149,0,0,0
121900150,0,0,0
121900151,0,0,0
121900152,0,0,0
121900153,0,0,0
121900154,0,0,0
121900155,0,0,0
121900156,0,0,0
121900157,0,0,0
121900158,0,0,0
121900159,0,0,0
121900160,0,0,0
121900161,0,0,0
121900162,0,0,0
121900163,0,0,0
121900164,0,0,0
121900165,0,0,0
121900166,0,0,0
121900167,0,0,0
121900168,0,0,0
121900169,0,0,0
121900170,0,0,0
121900171,0,0,0
121900172,0,0,0
121900173,0,0,0
121900174,0,0,0
121900175,0,0,0
121900176,0,0,0
121900177,0,0,0
121900179,0,0,0
121900180,189,656,-467
121900182,0,0,0
121900183,0,0,0
121900184,0,0,0
121900185,0,0,0
121900186,0,0,0
121900187,0,0,0
121900188,0,0,0
121900189,0,0,0
121900190,7,0,7
121900191,3,0,3
121900192,0,0,0
121900194,0,0,0
121900195,0,0,0
121900196,0,0,0
121900197,0,0,0
121900198,0,0,0
121900199,0,0,0
121900200,0,0,0
121900201,0,0,0
121900202,0,0,0
121900203,0,0,0
121900204,0,0,0
121900205,0,0,0
121900206,0,0,0
121900207,0,0,0
121900208,0,0,0
121900209,0,0,0
121900210,0,0,0
121900211,0,0,0
121900212,0,0,0
121900213,0,0,0
121900214,0,0,0
121900215,0,0,0
121900216,0,0,0
121900217,0,0,0
121900218,0,0,0
121900219,3,4,-1
121900220,0,0,0
121900221,0,0,0
121900222,0,0,0
121900223,0,0,0
121900224,0,0,0
121900225,0,0,0
121900226,1,0,1
121900227,0,0,0
121900228,0,0,0
121900229,0,0,0
121900230,0,3,-3
121900231,0,3,-3
121900232,0,0,0
121900233,0,0,0
121900234,0,0,0
121900235,0,0,0
121900236,0,0,0
121900237,0,0,0
121900238,0,0,0
121900239,0,0,0
121900240,0,0,0
121900241,0,0,0
121900242,0,0,0
121900243,0,0,0
121900244,0,0,0
121900245,0,0,0
121900246,38,8,30
121900247,0,0,0
121900248,0,0,0
121900250,0,0,0
121900251,0,0,0
121900252,0,0,0
121900253,0,0,0
121900254,0,0,0
121900255,0,0,0
121900258,436,264,172
121900259,0,0,0
121900260,0,0,0
121900261,0,0,0
121900262,0,0,0
121900263,0,0,0
121900264,0,0,0
121900265,0,0,0
121900266,0,0,0
121900267,0,0,0
121900269,0,0,0
121900270,0,0,0
121900271,0,0,0
121900273,11,13,-2
121900274,48,0,48
121900276,1,0,1
121900277,0,0,0
121900278,0,0,0
121900279,0,0,0
121900280,0,0,0
121900281,0,0,0
121900284,0,0,0
121900286,49,0,49
121900287,1,3,-2
121900290,0,0,0
121900291,0,0,0
121900292,1,4,-3
121900293,0,0,0
121900294,0,0,0
121900295,0,0,0
121900296,0,0,0
121900298,0,2,-2
121900299,0,0,0
121900300,0,0,0
121900301,8,0,8
121900302,0,0,0
121900303,0,0,0
121900304,0,0,0
121900305,0,0,0
121900306,0,0,0
121900307,0,0,0
121900308,0,0,0
121900309,0,0,0
121900310,0,0,0
121900311,88,1,87
121900312,23,0,23
121900313,26,2,24
121900314,0,0,0
121900315,0,0,0
121900316,0,0,0
121900317,0,0,0
121900318,0,0,0
121900319,0,0,0
121900320,0,0,0
121900321,0,0,0
121900322,0,0,0
121900323,0,0,0
121900324,0,0,0
121900325,0,0,0
121900326,0,0,0
121900327,0,0,0
121900328,0,0,0
121900329,0,0,0
121900330,0,0,0
121900331,0,0,0
121900332,0,0,0
122000001,312,649,-337
122000002,474,275,199
122000003,268,622,-354
122000004,254,482,-228
122000005,885,1998,-1113
122000006,161,556,-395
122000007,196,565,-369
122000008,467,909,-442
122000009,118,91,27
122000010,1613,1183,430
122000011,311,357,-46
122000012,122,329,-207
122000013,199,598,-399
122000014,469,635,-166
122000015,408,530,-122
122000016,105,404,-299
122000017,280,618,-338
122000018,304,716,-412
122000019,193,488,-295
122000020,46,66,-20
122000021,63,164,-101
122000022,111,102,9
122000023,48,83,-35
122000024,270,353,-83
122000025,166,416,-250
122000026,312,320,-8
122000027,84,270,-186
122000028,142,287,-145
122000029,62,122,-60
122000030,102,1,101
122000031,12,572,-560
122000032,197,301,-104
122000033,139,168,-29
122000034,17,88,-71
122000035,3,47,-44
122000036,71,138,-67
122000037,46,84,-38
122000038,115,180,-65
122000039,58,33,25
122000040,23,5,18
122000041,509,883,-374
122000042,167,568,-401
122000043,49,176,-127
122000044,29,117,-88
122000045,303,124,179
122000046,293,177,116
122000047,3,15,-12
122000048,885,1809,-924
122000049,1484,972,512
122000050,165,308,-143
122000051,183,653,-470
122000052,36,416,-380
122000053,113,1130,-1017
122000054,487,812,-325
122000055,1721,1969,-248
122000056,766,1058,-292
122000057,790,905,-115
122000058,411,532,-121
122000059,322,860,-538
122000060,38,70,-32
122000061,23,59,-36
122000062,243,42,201
122000063,46,363,-317
122000064,1198,1815,-617
122000065,1133,1062,71
122000066,222,159,63
122000067,549,1662,-1113
122000068,240,1552,-1312
122000069,111,139,-28
122000070,636,457,179
122000071,188,364,-176
122000072,15,85,-70
122000073,28,110,-82
122000074,367,476,-109
122000075,128,452,-324
122000076,280,351,-71
122000077,56,292,-236
122000078,393,388,5
122000079,103,447,-344
122000080,25,268,-243
122000081,2,131,-129
122000082,119,222,-103
122000083,124,195,-71
122000084,79,112,-33
122000085,19,107,-88
122000086,782,2198,-1416
122000087,231,186,45
122000088,55,25,30
122000089,764,761,3
122000090,81,172,-91
122000091,29,21,8
122000092,0,12,-12
122000093,816,2159,-1343
122000094,1429,1351,78
122000095,440,1130,-690
122000096,92,885,-793
122000098,1327,2708,-1381
122000099,86,355,-269
122000100,158,102,56
122000101,59,70,-11
122000102,80,225,-145
122000103,88,115,-27
122000104,26,80,-54
122000105,55,95,-40
122000106,121,189,-68
122000107,191,264,-73
122000108,24,62,-38
122000109,61,147,-86
122000110,30,52,-22
122000111,333,187,146
122000112,152,154,-2
122000113,143,122,21
122000114,408,2067,-1659
122000115,536,1202,-666
122000116,44,176,-132
122000117,51,29,22
122000118,149,60,89
122000119,126,113,13
122000120,101,112,-11
122000121,265,446,-181
122000122,78,324,-246
122000123,198,340,-142
122000124,78,233,-155
122000125,74,155,-81
122000126,28,209,-181
122000127,27,147,-120
122000128,85,139,-54
122000129,46,147,-101
122000130,397,358,39
122000131,77,90,-13
122000132,7,10,-3
122000133,53,66,-13
122000134,226,240,-14
122000135,107,94,13
122000136,70,233,-163
122000137,226,232,-6
122000139,222,571,-349
122000140,80,272,-192
122000141,270,285,-15
122000142,46,337,-291
122000143,27,122,-95
122000144,208,82,126
122000145,98,54,44
122000146,95,245,-150
122000147,107,175,-68
122000148,159,116,43
122000149,243,62,181
122000150,296,93,203
122000151,0,0,0
122000152,0,0,0
122000153,74,120,-46
122000154,52,37,15
122000155,336,221,115
122000156,822,1072,-250
122000157,187,655,-468
122000158,42,40,2
122000159,179,219,-40
122000160,341,280,61
122000161,132,190,-58
122000162,150,189,-39
122000163,16,17,-1
122000164,1,7,-6
122000165,45,488,-443
122000166,125,167,-42
122000167,5,8,-3
122000168,68,557,-489
122000169,26,40,-14
122000170,39,168,-129
122000171,0,0,0
122000172,232,651,-419
122000173,226,724,-498
122000174,388,1059,-671
122000175,118,43,75
122000176,152,555,-403
122000177,667,1239,-572
122000178,415,371,44
122000179,213,1140,-927
122000180,380,1040,-660
122000181,375,1332,-957
122000182,185,228,-43
122000183,83,31,52
122000184,911,875,36
122000185,250,471,-221
122000186,126,344,-218
122000187,322,218,104
122000188,0,0,0
122000189,41,98,-57
122000190,199,343,-144
122000191,66,129,-63
122000192,135,57,78
122000193,104,261,-157
122000194,126,34,92
122000195,49,273,-224
122000196,51,77,-26
122000197,50,63,-13
122000198,50,349,-299
122000199,64,78,-14
122000200,91,96,-5
122000201,378,546,-168
122000202,160,435,-275
122000203,179,180,-1
122000204,352,338,14
122000205,195,181,14
122000206,392,636,-244
122000207,292,751,-459
122000208,596,316,280
122000209,309,50,259
122000210,207,293,-86
122000211,79,213,-134
122000212,172,147,25
122000213,110,234,-124
122000214,563,737,-174
122000215,1106,514,592
122000217,321,339,-18
122000218,102,94,8
122000219,198,154,44
122000220,48,228,-180
122000221,82,322,-240
122000222,39,63,-24
122000223,77,124,-47
122000225,89,85,4
122000226,30,200,-170
122000227,16,133,-117
122000228,16,53,-37
122000229,1,124,-123
122000230,11,95,-84
122000231,8,70,-62
122000232,35,57,-22
122000233,0,27,-27
122000234,81,118,-37
122000235,95,38,57
122000236,388,18,370
122000237,0,0,0
122000238,34,61,-27
122000239,95,4,91
122000240,198,58,140
122000241,10,108,-98
122000242,27,7,20
122000243,0,1,-1
122000244,1,80,-79
122000245,3,1,2
122000246,32,82,-50
122000247,72,32,40
122000248,201,93,108
122000249,206,185,21
122000250,193,174,19
122000251,0,0,0
122000252,19,12,7
122000253,0,0,0
122000254,60,10,50
122000255,60,155,-95
122000256,3,16,-13
122000257,4,5,-1
122000258,56,138,-82
122000259,23,269,-246
122000260,9,53,-44
122000261,9,56,-47
122000262,0,7,-7
122000263,35,2,33
122000264,384,55,329
122000265,340,122,218
122000266,669,44,625
122000267,1,21,-20
122000268,35,23,12
122000269,78,31,47
122000270,17,8,9
122000271,0,0,0
122000272,0,0,0
122000273,4,0,4
122000274,1,11,-10
122000275,0,4,-4
122000276,116,188,-72
122000277,159,405,-246
122000278,297,67,230
122000279,40,35,5
122000280,108,41,67
122000281,98,65,33
122000282,11,245,-234
122000283,11,31,-20
122000284,12,9,3
122000285,0,0,0
122000286,0,0,0
122000287,676,303,373
122000288,55,35,20
122000291,924,294,630
122000293,25,50,-25
122000294,35,112,-77
122000295,262,54,208
122000296,23,268,-245
122000297,491,1722,-1231
122000299,162,136,26
122000300,27,71,-44
122000301,296,812,-516
122000302,156,796,-640
122000303,217,41,176
122000304,0,24,-24
122000305,566,113,453
122000306,5,107,-102
122000307,29,21,8
122000309,2,0,2
122000310,0,11,-11
122000311,30,19,11
122000312,17,95,-78
122000313,14,73,-59
122000314,72,164,-92
122000315,44,8,36
122000316,234,84,150
122000317,434,70,364
122000318,152,521,-369
122000319,6,81,-75
122000320,20,88,-68
122000321,23,62,-39
122000322,391,300,91
122000323,156,238,-82
122000324,382,632,-250
122000325,237,240,-3
122000326,16,0,16
122000327,23,171,-148
122000328,63,112,-49
122000330,185,508,-323
122000332,7,310,-303
122000333,14,14,0
122000337,90,71,19
122000338,125,26,99
122000340,31,114,-83
122000342,124,253,-129
122000343,39,86,-47
122000344,46,1,45
122000345,48,84,-36
122000346,40,2,38
122000348,108,222,-114
122000349,1,51,-50
122000351,70,58,12
122000352,8,9,-1
122000353,6,0,6
122000355,32,294,-262
122000356,41,93,-52
122000357,9,7,2
122000358,0,0,0
122000359,0,0,0
122000360,0,0,0
122000362,2,11,-9
122000364,30,18,12
122000365,0,15,-15
122000366,6,0,6
122000368,18,90,-72
122000370,4,3,1
122000371,0,0,0
122000372,0,0,0
122000381,9,52,-43
122000382,2,36,-34
122000384,232,394,-162
122000385,33,0,33
122000386,41,505,-464
122000387,75,113,-38
122000388,105,359,-254
122000389,66,57,9
122000390,36,188,-152
122000391,0,73,-73
122000392,4,7,-3
122000393,0,18,-18
122000394,30,14,16
122000395,36,4,32
122000396,40,0,40
122000397,0,0,0
122000398,2,65,-63
122000399,8,6,2
122000400,7,99,-92
122000401,13,1,12
122000402,68,47,21
122000403,21,10,11
122000404,179,27,152
122000408,81,217,-136
122000503,0,21,-21
122000524,0,0,0
122000544,6,54,-48
122000616,0,0,0
122000640,11,47,-36
122000641,50,79,-29
122000642,179,67,112
122000643,6,85,-79
122000644,0,0,0
122000645,4,20,-16
122000651,162,462,-300
122000664,11,9,2
122000665,67,197,-130
122000666,87,195,-108
122000673,1,26,-25
122000674,125,32,93
122000675,764,252,512
122000686,105,83,22
122000687,329,43,286
122000688,165,74,91
122000689,339,49,290
122000690,987,59,928
122000691,371,74,297
122000692,160,40,120
122000693,75,104,-29
122000695,5,21,-16
122000696,200,64,136
122000698,8,21,-13
122000699,48,48,0
122000701,227,53,174
122000702,64,106,-42
122000703,20,11,9
122000717,0,42,-42
122000718,11,421,-410
122000719,1,12,-11
122000720,176,29,147
122900001,0,0,0
122900002,53,404,-351
122900003,12,0,12
122900004,0,0,0
122900005,0,0,0
122900006,0,0,0
122900007,0,0,0
122900008,0,0,0
122900009,0,0,0
122900010,33,5,28
122900012,4,14,-10
122900014,0,0,0
122900015,18,13,5
122900016,0,0,0
122900017,0,0,0
122900018,0,0,0
122900019,0,0,0
122900020,0,0,0
122900021,0,0,0
122900022,0,0,0
122900023,0,0,0
122900024,0,0,0
122900025,0,0,0
122900026,0,0,0
122900027,2,72,-70
122900028,0,0,0
122900029,0,0,0
122900030,0,0,0
122900031,1,7,-6
122900032,0,0,0
122900033,28,21,7
122900034,11,33,-22
122900035,7,1,6
122900036,0,0,0
122900037,0,0,0
122900038,6,79,-73
122900039,1,15,-14
122900040,2,10,-8
122900041,6,40,-34
122900042,1,2,-1
122900043,16,29,-13
122900044,0,15,-15
122900045,3,63,-60
122900046,4,67,-63
122900047,3,3,0
122900048,0,2,-2
122900049,0,0,0
122900051,0,0,0
122900052,52,0,52
122900053,2,7,-5
122900055,2,0,2
122900057,9,1,8
122900061,0,0,0
122900062,0,0,0
122900063,0,0,0
122900064,0,0,0
122900065,0,0,0
122900066,0,0,0
122900067,6,0,6
122900068,0,0,0
122900069,0,0,0
122900070,98,7,91
122900071,0,0,0
122900072,6,0,6
122900073,0,0,0
122900074,217,6,211
122900075,0,0,0
122900076,0,0,0
122900077,0,0,0
122900078,107,1,106
122900080,0,0,0
122900081,7,1,6
122900082,301,1,300
122900083,0,0,0
122900084,0,0,0
122900086,0,0,0
122900087,24,0,24
122900088,0,7,-7
122900089,0,0,0
122900090,0,0,0
122900091,0,0,0
122900092,0,0,0
122900093,0,0,0
122900094,0,0,0
122900095,0,0,0
122900096,40,0,40
122900097,0,0,0
122900098,0,0,0
122900099,0,0,0
122900100,0,0,0
122900101,0,0,0
123000001,493,79,414
123000002,608,1917,-1309
123000003,1081,935,146
123000004,803,955,-152
123000005,1023,726,297
123000006,669,959,-290
123000007,738,590,148
123000008,271,318,-47
123000009,1592,1409,183
123000010,343,380,-37
123000011,609,565,44
123000012,3,53,-50
123000013,936,168,768
123000014,1,201,-200
123000015,1016,393,623
123000016,59,200,-141
123000017,3114,1525,1589
123000018,84,47,37
123000019,171,2,169
123000020,125,1,124
123000021,101,59,42
123000022,506,204,302
123000023,1183,911,272
123000024,537,229,308
123000025,0,81,-81
123000026,0,79,-79
123000027,3,121,-118
123000028,73,1574,-1501
123000029,4,364,-360
123000030,27,8,19
123000031,264,78,186
123000032,357,66,291
123000033,57,45,12
123000034,353,338,15
123000035,83,233,-150
123000036,60,534,-474
123000037,17,30,-13
123000038,18,114,-96
123000039,353,856,-503
123000040,25,21,4
123000041,142,536,-394
123000042,31,77,-46
123000043,797,3272,-2475
123000044,690,429,261
123000045,295,195,100
123000046,126,407,-281
123000047,234,68,166
123000048,17,498,-481
123000049,2690,2286,404
123000050,353,351,2
123000051,5,35,-30
123000052,176,598,-422
123000053,874,935,-61
123000054,295,1043,-748
123000055,1350,2020,-670
123000056,75,197,-122
123000057,520,760,-240
123000058,62,251,-189
123000059,78,58,20
123000060,222,118,104
123000061,39,70,-31
123000063,116,140,-24
123000064,169,24,145
123000065,411,511,-100
123000066,151,68,83
123000067,196,196,0
123000068,353,363,-10
123000069,976,232,744
123000070,79,52,27
123000071,485,197,288
123000072,159,25,134
123000073,505,321,184
123000074,139,31,108
123000075,102,449,-347
123000076,94,134,-40
123000077,362,155,207
123000078,712,384,328
123000079,911,446,465
123000080,409,117,292
123000081,11,32,-21
123000082,82,116,-34
123000083,109,73,36
123000084,170,20,150
123000085,77,4,73
123000086,150,30,120
123000087,89,85,4
123000088,417,117,300
123000089,438,235,203
123000090,0,0,0
123000091,332,246,86
123000092,0,0,0
123000094,146,28,118
123000095,205,157,48
123000096,349,88,261
123000097,182,41,141
123000098,203,97,106
123000099,174,111,63
123000100,100,454,-354
123000101,149,27,122
123000102,288,633,-345
123000104,48,85,-37
123000105,9,5,4
123000106,162,94,68
123000107,5,4,1
123000108,216,50,166
123000111,230,33,197
123000112,189,78,111
123000113,161,25,136
123000114,77,171,-94
123000115,67,48,19
123000116,4,2,2
123000117,408,332,76
123000118,146,120,26
123000119,33,87,-54
123000120,88,114,-26
123000121,196,154,42
123000122,0,0,0
123000123,284,104,180
123000124,0,0,0
123000125,426,377,49
123000126,415,1251,-836
123000127,58,170,-112
123000128,0,0,0
123000129,309,16,293
123000130,247,8,239
123000131,408,193,215
123000132,0,0,0
123000133,0,0,0
123000134,17,3,14
123000135,308,173,135
123000136,0,1,-1
123000137,0,0,0
123000138,0,0,0
123000139,196,10,186
123000140,0,0,0
123000141,76,37,39
123000142,136,40,96
123000143,117,183,-66
123000144,0,1,-1
123000145,28,147,-119
123000146,7,83,-76
123000147,1,37,-36
123000149,33,74,-41
123000150,28,31,-3
123000151,25,242,-217
123000152,2,13,-11
123000153,4,193,-189
123000154,105,284,-179
123000155,149,271,-122
123000156,1,3,-2
123000157,48,78,-30
123000158,131,184,-53
123000159,304,1186,-882
123000160,131,324,-193
123000161,435,151,284
123000162,361,529,-168
123000163,252,79,173
123000164,680,39,641
123000165,33,195,-162
123000166,0,1,-1
123000167,9,15,-6
123000168,23,4,19
123000169,303,13,290
123000170,5,0,5
123000171,237,0,237
123000172,0,22,-22
123000173,159,55,104
123000174,185,80,105
123000175,11,55,-44
123000176,258,47,211
123000177,15,61,-46
123000178,211,44,167
123000179,7,30,-23
123000180,664,127,537
123000181,56,184,-128
123000182,35,40,-5
123000183,102,110,-8
123000184,21,25,-4
123000185,352,137,215
123000186,0,0,0
123000187,325,7,318
123000188,170,0,170
123000189,136,56,80
123000190,57,24,33
123000192,0,60,-60
123000193,3,110,-107
123000194,15,40,-25
123000195,101,9,92
123000196,102,5,97
123000197,27,22,5
123000198,0,27,-27
123000199,1,26,-25
123000200,430,4,426
123000201,631,9,622
123000202,0,32,-32
123000203,553,15,538
123000204,8,59,-51
123000205,19,105,-86
123000206,1514,88,1426
123000207,12,106,-94
123000208,291,53,238
123000209,883,143,740
123000210,30,127,-97
123000211,59,221,-162
123000212,1703,121,1582
123000213,154,5,149
123000215,56,70,-14
123000216,92,232,-140
123000217,114,53,61
123000218,15,6,9
123000219,132,50,82
123000220,250,39,211
123000221,20,37,-17
123000222,168,96,72
123000223,306,65,241
123000224,149,56,93
123000225,94,17,77
123000226,58,6,52
123000227,42,10,32
123000228,96,19,77
123000229,112,74,38
123000232,0,11,-11
123000233,297,20,277
123000234,1,15,-14
123000235,297,78,219
123000236,29,74,-45
123000237,221,12,209
123000238,3,3,0
123000239,97,91,6
123000240,12,160,-148
123000241,79,24,55
123000242,30,78,-48
123000243,59,92,-33
123000244,78,63,15
123000245,0,0,0
123000249,0,0,0
123000252,247,98,149
123000253,383,199,184
123000254,78,63,15
123000255,144,301,-157
123000256,0,1,-1
123000257,312,217,95
123000258,262,106,156
123000259,180,136,44
123000260,209,127,82
123000261,93,9,84
123000262,17,20,-3
123000263,136,36,100
123000264,94,5,89
123000265,2,7,-5
123000266,75,136,-61
123000267,145,97,48
123000268,22,7,15
123000269,12,37,-25
123000270,16,15,1
123000271,1,17,-16
123000272,268,90,178
123000273,100,462,-362
123000274,398,149,249
123000275,21,93,-72
123000278,176,679,-503
123000279,16,18,-2
123000280,63,47,16
123000281,65,36,29
123000282,26,164,-138
123000283,71,54,17
123000284,60,12,48
123000286,30,279,-249
123000287,50,112,-62
123000288,330,346,-16
123000289,75,396,-321
123000291,10,10,0
123000294,61,242,-181
123000295,286,784,-498
123000296,399,551,-152
123000297,58,50,8
123000298,37,38,-1
123000299,13,175,-162
123000300,242,126,116
123000301,23,94,-71
123000302,80,50,30
123000303,3,359,-356
123000305,101,233,-132
123000306,26,9,17
123000309,8,7,1
123000310,49,8,41
123000311,0,0,0
123000312,15,129,-114
123000313,182,65,117
123000315,276,48,228
123000316,209,3,206
123000317,59,33,26
123000318,0,53,-53
123000329,7,2,5
123000337,142,54,88
123000338,352,137,215
123000339,44,4,40
123000340,4,86,-82
123000342,0,18,-18
123000343,14,0,14
123000344,248,84,164
123000345,132,151,-19
123000346,357,37,320
123000352,34,71,-37
123000353,20,26,-6
123000354,537,2,535
123000355,0,64,-64
123000356,104,0,104
123000357,0,4,-4
123000359,0,19,-19
123000360,98,177,-79
123000361,93,4,89
123000362,174,3,171
123000363,28,1,27
123000364,132,69,63
123000365,3,11,-8
123000366,16,360,-344
123000367,23,182,-159
123000370,5,2,3
123000371,196,8,188
123000372,138,4,134
123000373,0,4,-4
123000374,0,0,0
123000375,236,25,211
123000376,298,322,-24
123000377,233,4,229
123000378,4,15,-11
123000379,0,17,-17
123000380,0,0,0
123000381,14,51,-37
123000382,188,39,149
123000383,0,0,0
123000384,154,36,118
123000385,0,0,0
123000436,20,254,-234
123000507,8,67,-59
123000508,42,777,-735
123000517,21,5,16
123000518,10,55,-45
123000519,16,4,12
123000520,16,129,-113
123000521,154,8,146
123000522,77,100,-23
123000541,8,2,6
123000542,0,0,0
123000565,236,2,234
123000566,83,88,-5
123000567,22,67,-45
123000573,0,0,0
123000574,304,12,292
123000575,485,33,452
123000576,139,4,135
123000577,3,29,-26
123000578,108,44,64
123000579,427,1588,-1161
123000580,46,14,32
123000582,124,2,122
123000583,0,7,-7
123000584,87,59,28
123000585,0,0,0
123000586,31,0,31
123000596,24,21,3
123000597,78,79,-1
123000602,25,8,17
123000603,384,25,359
123000604,123,13,110
123000605,177,78,99
123000606,0,0,0
123000609,0,40,-40
123000610,47,65,-18
123000613,0,0,0
123000614,130,3,127
123000615,0,0,0
123000616,174,1,173
123000617,0,0,0
123000618,0,0,0
123000619,53,4,49
123000620,0,0,0
123000622,129,8,121
123000624,55,1,54
123000630,705,127,578
123000631,48,29,19
123000632,121,21,100
123000633,0,61,-61
123000634,0,28,-28
123000635,0,0,0
123000636,2,63,-61
123000637,18,6,12
123000638,58,42,16
123000639,327,932,-605
123000640,10,0,10
123900001,0,0,0
123900002,0,0,0
123900003,0,0,0
123900005,0,0,0
123900006,0,0,0
124000001,589,90,499
124000002,1,236,-235
124000003,423,50,373
124000004,0,47,-47
124000005,480,245,235
124000006,13,46,-33
124000007,56,26,30
124000008,0,92,-92
124000009,282,82,200
124000010,7,78,-71
124000011,292,131,161
124000012,6,65,-59
124000017,55,49,6
124000018,0,0,0
124000019,72,31,41
124000020,0,0,0
124000021,37,26,11
124000022,0,0,0
124000023,343,699,-356
124000024,181,76,105
124000025,415,693,-278
124000026,301,606,-305
124000027,1746,1039,707
124000028,63,2262,-2199
124000030,303,71,232
124000031,340,2103,-1763
124000032,1,52,-51
124000033,146,71,75
124000034,34,73,-39
124000035,0,94,-94
124000036,0,45,-45
124000037,37,215,-178
124000038,1,20,-19
124000039,70,23,47
124000040,45,67,-22
124000041,175,15,160
124000042,0,25,-25
124000043,56,10,46
124000044,2,5,-3
124000045,325,65,260
124000046,0,0,0
124000047,441,115,326
124000048,0,0,0
124000049,738,89,649
124000050,0,0,0
124000051,615,87,528
124000052,0,0,0
124000053,198,580,-382
124000054,0,0,0
124000055,626,750,-124
124000056,7,1,6
124000057,571,183,388
124000058,4,3,1
124000059,537,428,109
124000060,206,29,177
124000061,508,1211,-703
124000062,141,66,75
124000063,311,56,255
124000064,204,62,142
124000065,0,0,0
124000066,9,2,7
124000067,17,21,-4
124000068,0,0,0
124000069,242,21,221
124000070,0,0,0
124000071,34,11,23
124000072,0,0,0
124000073,257,13,244
124000074,0,0,0
124000075,214,41,173
124000076,0,0,0
124000077,42,78,-36
124000078,299,224,75
124000079,6,77,-71
124000080,178,37,141
124000081,0,0,0
124000082,11,61,-50
124000083,0,0,0
124000084,0,88,-88
124000085,0,0,0
124000086,16,145,-129
124000087,20,43,-23
124000088,25,56,-31
124000089,214,12,202
124000090,0,0,0
124000091,181,5,176
124000092,0,0,0
124000093,31,101,-70
124000094,14,158,-144
124000095,84,11,73
124000096,36,70,-34
124000097,126,14,112
124000098,19,27,-8
124000099,14,15,-1
124000100,0,0,0
124000101,140,24,116
124000102,92,24,68
124000103,176,60,116
124000104,60,20,40
124000105,133,32,101
124000106,60,21,39
124000107,16,255,-239
124000108,33,4,29
124000109,95,19,76
124000110,44,16,28
124000111,85,28,57
124000112,252,99,153
124000113,87,53,34
124000114,108,83,25
124000115,306,330,-24
124000116,34,52,-18
124000117,57,10,47
124000118,6,23,-17
124000119,138,169,-31
124000120,131,60,71
124000121,292,105,187
124000122,91,229,-138
124000123,198,100,98
124000124,92,154,-62
124000125,125,76,49
124000126,46,76,-30
124000127,550,41,509
124000128,216,175,41
124000129,868,446,422
124000130,115,17,98
124000131,312,187,125
124000132,162,79,83
124000133,455,161,294
124000134,115,129,-14
124000135,440,407,33
124000136,21,92,-71
124000137,245,177,68
124000138,83,86,-3
124000139,116,13,103
124000140,1,61,-60
124000141,0,9,-9
124000142,2,130,-128
124000143,6,0,6
124000144,0,54,-54
124000145,51,2,49
124000146,1,9,-8
124000148,31,9,22
124000149,240,65,175
124000150,38,56,-18
124000151,259,216,43
124000152,61,71,-10
124000153,216,461,-245
124000154,42,61,-19
124000155,219,109,110
124000156,63,82,-19
124000169,79,87,-8
124000170,54,51,3
124000171,111,103,8
124000172,59,63,-4
124000173,213,41,172
124000174,114,67,47
124000175,0,0,0
124000176,2,40,-38
124000177,0,0,0
124000178,0,55,-55
124000190,0,3,-3
124000191,0,0,0
124000192,209,149,60
124000193,21,195,-174
124000194,56,39,17
124000195,107,185,-78
124000196,104,79,25
124000197,89,16,73
124000198,48,6,42
124000201,8,0,8
124000202,301,27,274
124000203,68,0,68
124000204,504,9,495
124000205,41,0,41
124000206,677,93,584
124000207,0,0,0
124000209,99,0,99
124000210,441,107,334
124000211,529,10,519
124000212,0,0,0
124000213,63,0,63
124000214,230,3,227
124000215,275,6,269
124000216,0,0,0
124000329,1,46,-45
124000338,0,70,-70
124000339,557,4,553
124000341,397,7,390
124000344,50,24,26
124000357,516,829,-313
124000358,611,844,-233
124000359,723,327,396
124000360,378,177,201
124000361,564,443,121
124000362,227,255,-28
124000363,97,37,60
124000364,147,144,3
124000365,6,39,-33
124000366,2,122,-120
124000367,0,38,-38
124000368,78,221,-143
124000369,42,40,2
124000370,4,75,-71
124000402,1,2,-1
124000403,106,12,94
124000404,17,17,0
124000405,403,158,245
124000406,97,95,2
124000407,0,18,-18
124000411,0,13,-13
124000412,116,0,116
124000413,2,17,-15
124000414,67,51,16
124000415,41,6,35
124000416,67,41,26
124000417,90,36,54
124000418,97,23,74
124000419,68,10,58
124000420,83,9,74
124000421,43,6,37
124000422,1,14,-13
124000423,44,10,34
124000424,0,9,-9
124000425,27,1,26
124000426,0,40,-40
124000427,13,0,13
124000428,0,15,-15
124000429,92,41,51
124000430,103,50,53
124000431,12,24,-12
124000432,147,246,-99
124000439,1,2,-1
124000442,0,0,0
124000443,0,0,0
124000445,0,131,-131
124000446,0,0,0
124900001,0,0,0
124900002,0,0,0
124900003,0,0,0
124900004,0,0,0
124900005,0,0,0
124900006,0,0,0
124900008,0,0,0
124900009,0,0,0
124900010,0,0,0
124900011,0,0,0
124900012,0,0,0
124900013,0,0,0
124900014,0,0,0
124900015,1,39,-38
124900016,17,11,6
124900017,32,120,-88
124900018,4,0,4
124900019,51,1,50
124900020,21,19,2
124900021,47,14,33
124900022,12,0,12
124900024,62,0,62
124900026,17,0,17
124900027,0,0,0
124900028,0,0,0
124900029,0,0,0
124900030,0,0,0
124900031,0,0,0
124900032,0,0,0
124900033,0,0,0
124900034,0,0,0
124900035,0,0,0
124900036,0,0,0
124900037,0,0,0
124900038,0,0,0
124900039,0,0,0
124900040,0,0,0
124900041,0,0,0
124900042,0,0,0
124900043,0,0,0
124900044,0,0,0
124900045,0,0,0
124900046,0,0,0
124900047,0,0,0
124900048,0,0,0
124900050,0,0,0
124900052,0,0,0
124900053,0,0,0
124900054,0,0,0
124900055,0,0,0
124900057,0,0,0
124900060,0,0,0
124900061,1,0,1
124900062,19,0,19
124900066,0,0,0
124900067,0,0,0
124900068,0,0,0
124900069,0,0,0
124900070,0,0,0
124900072,0,0,0
124900074,0,0,0
124900075,0,0,0
124900076,0,0,0
124900077,0,0,0
124900078,0,0,0
124900079,0,0,0
124900080,0,0,0
124900081,0,0,0
124900082,0,0,0
124900083,0,0,0
124900084,0,0,0
124900085,0,0,0
124900086,0,0,0
124900087,0,0,0
124900088,0,0,0
124900089,0,0,0
124900090,32,2,30
124900091,0,0,0
124900092,0,0,0
124900093,23,8,15
124900094,56,4,52
124900095,0,13,-13
124900096,34,4,30
124900097,58,1,57
124900098,0,0,0
124900099,0,0,0
124900100,44,1,43
124900101,5,0,5
124900102,44,1,43
124900103,0,0,0
124900104,0,0,0
124900105,0,0,0
124900106,13,16,-3
124900107,15,5,10
124900108,0,0,0
124900109,0,0,0
124900110,0,0,0
124900111,0,0,0
124900112,0,0,0
129000186,10,26,-16
204000001,21,3,18
204000002,5,1,4
204000003,3,6,-3
204000004,14,2,12
204000005,411,423,-12
204000006,736,1294,-558
204000008,484,149,335
204000011,0,0,0
204000012,0,0,0
204000013,0,0,0
204000019,803,342,461
204000020,317,231,86
204000021,323,208,115
204000022,659,238,421
204000023,0,0,0
204000031,1,2,-1
204000032,118,0,118
204000034,0,0,0
204000035,0,0,0
204000036,0,0,0
204000037,0,0,0
204000038,0,0,0
204000039,0,0,0
204000040,0,0,0
204000041,0,0,0
204000042,2,5,-3
204000043,3,24,-21
204000044,16,7,9
204000045,31,9,22
204000046,1,1,0
204000057,0,0,0
204000062,0,0,0
204000068,0,0,0
204000069,0,0,0
204000070,65,96,-31
204000080,0,0,0
204000085,0,0,0
204000086,0,0,0
204000087,10,7,3
204000088,0,0,0
204000090,0,0,0
204000093,333,18,315
204000096,642,260,382
204000097,151,6,145
204000099,738,1080,-342
204000100,819,434,385
204000105,0,0,0
204000110,0,0,0
204000111,0,1,-1
204000112,1,0,1
204000113,0,0,0
204000114,282,410,-128
204000115,177,130,47
204000116,125,227,-102
204000119,1421,640,781
204000132,495,290,205
204000133,702,53,649
204000134,119,29,90
204000135,412,13,399
204000136,278,96,182
204000138,151,331,-180
204000140,135,154,-19
204000141,117,39,78
204000144,0,5,-5
204000145,70,9,61
204000146,0,0,0
204000147,0,0,0
204000148,52,2,50
204000154,3,1,2
204000155,0,0,0
204000177,59,6,53
204000179,2,0,2
204000180,0,0,0
204000222,0,0,0
204000235,0,0,0
204000236,9,10,-1
204000238,8,1,7
204000240,39,2,37
204000308,35,2,33
204000317,0,0,0
204000322,0,0,0
204000323,0,0,0
204000328,181,15,166
204000329,0,0,0
204000330,41,1,40
204000331,0,0,0
204010341,4,22,-18
205000001,0,0,0
205000013,0,0,0
205000014,0,0,0
205000015,0,0,0
205000016,0,0,0
205000017,0,0,0
205000022,0,0,0
205000025,0,0,0
205000029,77,15,62
205000045,0,0,0
205000047,0,0,0
205000048,0,0,0
205000049,0,0,0
205000050,0,0,0
205000059,0,0,0
205000060,0,0,0
205000061,0,0,0
205000062,0,0,0
205000063,0,0,0
205000064,0,0,0
205000065,0,0,0
205000066,0,0,0
205000067,0,0,0
205000069,53,45,8
205000082,40,70,-30
205000110,0,0,0
205000111,0,0,0
205000112,37,71,-34
205000113,0,0,0
205000121,81,23,58
205000123,0,0,0
205000126,648,56,592
205000127,683,31,652
205000128,353,20,333
205000129,371,59,312
205000130,41,23,18
205000131,46,8,38
205000132,29,1,28
205000133,13,1,12
205000134,127,0,127
205000137,0,0,0
205000138,0,0,0
205000139,0,0,0
205000144,9,40,-31
205000145,147,52,95
205000151,25,24,1
205000152,39,27,12
205000153,144,28,116
205000154,26,23,3
205000155,53,9,44
205000207,0,0,0
205000233,2,0,2
205000234,0,0,0
205000243,0,0,0
205000244,0,0,0
205000245,0,0,0
205000249,0,0,0
205000250,2,0,2
205000251,0,0,0
205000264,0,0,0
206000027,4,3,1
206000028,19,15,4
206000043,3,34,-31
206000053,0,0,0
206000054,0,0,0
206000055,0,0,0
206000075,0,12,-12
206000076,11,7,4
206000077,17,2,15
206000078,0,1,-1
206000079,1,1,0
206000082,95,73,22
206000100,0,149,-149
206000103,0,0,0
206000104,0,0,0
206000105,0,0,0
206000106,0,0,0
206000108,233,82,151
206000125,77,1,76
206000157,0,0,0
206000170,0,0,0
206000171,0,25,-25
206000172,0,21,-21
206000173,0,2,-2
206000174,4,0,4
206000175,0,8,-8
206000176,0,24,-24
206000177,0,13,-13
206000178,0,10,-10
206000179,0,20,-20
206000180,2,42,-40
206000181,0,11,-11
206000182,4,18,-14
206000183,16,59,-43
206000184,1,2,-1
206000185,0,1,-1
206000186,0,20,-20
206000223,0,1,-1
206000226,15,1,14
206000227,11,1,10
206000237,0,6,-6
206000238,1,18,-17
206000239,8,78,-70
206000240,0,0,0
206000241,1,83,-82
206000242,0,0,0
206000243,0,0,0
206000244,0,0,0
206000245,443,26,417
206000246,185,22,163
206000247,186,13,173
206000248,277,5,272
206000252,33,46,-13
206000258,0,0,0
206000315,38,4,34
206000317,251,99,152
206000318,149,13,136
206000319,582,30,552
206000320,264,8,256
206000321,256,13,243
206000322,274,13,261
206000323,148,11,137
206000324,119,7,112
206000325,90,8,82
206000326,117,15,102
206000327,4,15,-11
206000328,121,2,119
206000329,172,1,171
206000330,30,0,30
206000331,186,0,186
206000332,33,2,31
206000333,428,0,428
206000334,177,2,175
206000335,0,0,0
206000361,0,0,0
206000392,0,0,0
206000405,110,0,110
206000441,23,81,-58
206000498,3,0,3
206000515,38,13,25
206000530,93,37,56
206000531,99,73,26
206000532,300,39,261
206000535,4,136,-132
206000536,0,6,-6
206000537,1,9,-8
206000613,391,93,298
207000001,0,0,0
207000002,0,0,0
207000003,0,0,0
207000007,851,165,686
207000008,131,3,128
207000009,69,6,63
207000010,56,171,-115
207000012,283,102,181
207000015,16,156,-140
207000019,127,37,90
207000021,213,125,88
207000022,151,84,67
207000023,112,23,89
207000024,0,6,-6
207000025,14,14,0
207000026,0,0,0
207000027,0,0,0
207000028,0,0,0
207000029,0,0,0
207000033,118,214,-96
207000034,83,42,41
207000039,470,71,399
207000040,227,31,196
207000041,120,11,109
207000042,248,6,242
207000043,157,61,96
207000051,0,0,0
207000052,0,0,0
207000053,0,0,0
207000054,0,0,0
207000055,0,0,0
207000056,0,0,0
207000057,0,0,0
207000058,0,0,0
207000059,0,0,0
207000060,0,0,0
207000061,63,964,-901
207000062,232,48,184
207000063,356,21,335
207000064,274,53,221
207000065,138,61,77
207000066,246,77,169
207000067,110,24,86
207000068,119,7,112
207000069,401,120,281
207000082,1,126,-125
207000083,41,122,-81
207000084,240,85,155
207000085,174,35,139
207000086,241,3,238
207000106,45,4,41
207000107,144,3,141
207000108,29,1,28
207000109,48,5,43
207000110,39,7,32
207000111,66,17,49
207000112,38,108,-70
207000114,0,0,0
207000115,0,0,0
207000116,0,0,0
207000117,0,0,0
207000118,0,0,0
207000119,0,0,0
207000123,96,2,94
207000124,116,7,109
207000125,31,2,29
207000126,23,1,22
207000134,130,87,43
207000135,22,216,-194
207000148,42,106,-64
207000149,0,0,0
207000152,0,0,0
207000153,0,0,0
207000154,145,26,119
207000159,0,0,0
207000160,0,0,0
207000238,0,0,0
207000242,0,0,0
207000248,0,0,0
207000249,0,0,0
207000250,0,0,0
207000251,0,0,0
207000252,0,0,0
207000278,73,26,47
207000279,0,0,0
207000280,660,34,626
207000281,37,131,-94
207000282,17,131,-114
207000283,0,22,-22
207000284,18,252,-234
207000285,4,38,-34
207000291,0,0,0
207000304,44,13,31
207000306,0,0,0
207000310,83,37,46
207000353,13,0,13
207000356,0,0,0
207000357,1,81,-80
207000415,0,0,0
207000417,4,0,4
207000437,0,0,0
207000439,276,86,190
207000446,55,1,54
207000460,31,4,27
207000466,0,0,0
207000467,0,1,-1
207000468,0,0,0
207000476,15,6,9
207000477,166,25,141
207000523,0,0,0
207000524,2,0,2
207000527,94,53,41
207000530,182,1,181
207000531,61,2,59
207000532,5,2,3
207000534,42,14,28
207000535,0,0,0
207000537,0,0,0
207000540,0,0,0
207000541,0,0,0
207000548,0,0,0
207000549,53,6,47
207000561,47,30,17
207000562,0,0,0
207000567,0,0,0
207000568,48,2,46
207000569,212,23,189
207000584,0,0,0
207000585,6,18,-12
207000616,0,0,0
207000617,34,0,34
207000628,0,0,0
207900008,246,35,211
208000001,244,401,-157
208000002,375,313,62
208000003,396,285,111
208000004,377,275,102
208000005,0,0,0
208000019,535,141,394
208000020,219,106,113
208000021,32,85,-53
208000022,92,48,44
208000028,30,488,-458
208000033,18,16,2
208000034,49,192,-143
208000040,57,52,5
208000041,134,162,-28
208000042,354,299,55
208000047,0,0,0
208000064,766,795,-29
208000066,404,892,-488
208000070,150,184,-34
208000071,368,114,254
208000072,333,250,83
208000080,140,109,31
208000081,149,58,91
208000082,2,1,1
208000083,5,1,4
208000084,5,43,-38
208000085,14,3,11
208000086,14,9,5
208000087,15,21,-6
208000089,0,0,0
208000090,0,0,0
208000093,0,0,0
208000094,65,57,8
208000095,136,33,103
208000104,749,181,568
208000105,520,269,251
208000114,35,386,-351
208000115,236,193,43
208000116,378,637,-259
208000117,1,25,-24
208000118,50,99,-49
208000155,28,25,3
208000158,88,139,-51
208000186,463,970,-507
208000204,38,50,-12
208000205,76,87,-11
208000282,34,28,6
209000004,171,30,141
209000005,20,4,16
209000006,232,36,196
209000007,146,166,-20
209000010,0,0,0
209000011,0,0,0
209000012,0,0,0
209000013,0,0,0
209000014,0,0,0
209000025,179,14,165
209000026,441,24,417
209000027,0,0,0
209000028,0,0,0
209000029,0,0,0
209000030,0,0,0
209000031,0,0,0
209000034,72,76,-4
209000035,154,101,53
209000036,327,27,300
209000037,312,82,230
209000038,195,42,153
209000039,116,57,59
209000040,140,31,109
209000041,110,23,87
209000042,61,30,31
209000043,88,52,36
209000044,195,112,83
209000045,369,106,263
209000046,376,125,251
209000047,256,21,235
209000048,760,203,557
209000049,0,0,0
209000050,0,0,0
209000051,0,0,0
209000052,0,0,0
209000062,0,0,0
209000063,0,0,0
209000064,0,0,0
209000065,129,21,108
209000066,76,18,58
209000067,96,24,72
209000080,0,0,0
209000082,15,4,11
209000091,0,0,0
209000093,0,0,0
209000094,0,0,0
209000110,22,81,-59
209000111,186,516,-330
209000112,440,154,286
209000113,551,152,399
209000114,307,162,145
209000115,0,0,0
209000116,0,0,0
209000118,7,42,-35
209000119,0,0,0
209000121,0,0,0
209000135,23,19,4
209000142,305,320,-15
209000143,0,0,0
209000144,19,76,-57
209000229,156,23,133
209000240,0,0,0
209000259,0,0,0
209000260,0,0,0
209000261,0,0,0
209000262,0,0,0
209000263,0,0,0
209000264,0,0,0
209000265,113,0,113
209000266,28,0,28
209000267,522,0,522
209000268,385,46,339
210000037,46,11,35
210000047,28,15,13
210000048,18,6,12
210000049,36,17,19
210000052,0,0,0
210000053,0,0,0
210000054,0,0,0
210000070,90,2,88
210000071,54,0,54
210000072,6,0,6
210000073,0,0,0
210000074,0,0,0
210000075,0,0,0
210000076,0,0,0
210000077,0,0,0
210000078,0,0,0
210000079,25,0,25
210000080,30,44,-14
210000081,56,4,52
210000082,8,3,5
210000083,11,12,-1
210000084,40,0,40
210000085,0,0,0
210000086,0,0,0
210000099,0,0,0
210000100,0,0,0
210000101,0,0,0
210000105,0,0,0
210000159,0,0,0
210000163,0,0,0
210000164,103,32,71
210000168,30,7,23
210000187,0,0,0
210000188,0,0,0
210000214,32,0,32
210000219,12,6,6
210000220,47,5,42
210000232,0,0,0
210000233,0,0,0
210000234,0,0,0
210000235,0,0,0
210000245,0,0,0
210000246,8,0,8
210000258,0,0,0
210000259,70,2,68
210000282,0,0,0
210000285,0,0,0
210000286,0,0,0
210000295,0,0,0
210000296,0,0,0
210000320,122,18,104
210000321,38,1,37
210000338,0,0,0
210000339,0,0,0
210000340,0,0,0
210000341,0,0,0
210000342,0,0,0
210000343,0,0,0
210000344,0,0,0
210000345,0,0,0
210000346,0,0,0
210000347,0,0,0
210000348,0,0,0
210000349,0,0,0
210000350,0,0,0
210000351,0,0,0
210000352,42,21,21
210000353,36,12,24
210000354,21,8,13
210000355,7,36,-29
210000356,6,58,-52
210000357,55,63,-8
210000358,50,63,-13
210000359,29,23,6
210000360,122,28,94
210000361,96,40,56
210000362,147,79,68
210000363,354,91,263
210000364,130,21,109
210000365,96,32,64
210000366,159,14,145
210000367,22,4,18
210000368,66,1,65
210000369,18,15,3
210000370,61,3,58
210000372,4,5,-1
210000373,1,9,-8
210000374,15,8,7
210000375,13,9,4
210000376,30,26,4
210000404,0,0,0
210000439,20,3,17
210000472,42,4,38
210000482,26,21,5
210000564,211,48,163
210000568,49,0,49
211000092,30,5,25
211000094,12,0,12
211000169,51,2,49
211000172,0,41,-41
211000209,0,0,0
211000275,4,14,-10
211000276,30,4,26
211000279,4,5,-1
211000281,8,1,7
211507980,0,5,-5
211977296,9,0,9
212000003,163,30,133
212000004,0,0,0
212000005,0,0,0
212000006,0,0,0
212000008,0,0,0
212000009,0,0,0
212000012,0,0,0
212000013,0,0,0
212000014,0,0,0
212000015,0,0,0
212000016,0,0,0
212000027,455,117,338
212000028,124,164,-40
212000029,126,200,-74
212000030,18,25,-7
212000031,53,18,35
212000048,0,0,0
212000049,0,0,0
212000050,0,0,0
212000051,0,0,0
212000052,0,0,0
212000053,0,0,0
212000054,245,30,215
212000055,372,45,327
212000056,3,25,-22
212000057,4,7,-3
212000058,16,16,0
212000070,0,0,0
212000077,0,0,0
212000099,342,51,291
212000108,230,119,111
212000111,342,33,309
212000120,0,0,0
212000138,0,0,0
212000156,0,0,0
212000158,0,37,-37
212000159,566,49,517
212000160,599,96,503
212000161,134,50,84
212000310,0,0,0
212000311,14,69,-55
212000374,0,0,0
213000001,1,161,-160
213000005,151,19,132
213000006,230,32,198
213000007,34,2,32
213000009,125,123,2
213000010,261,62,199
213000011,142,64,78
213000012,0,1,-1
213000014,67,14,53
213000015,231,9,222
213000016,201,0,201
213000017,69,0,69
213000018,0,3,-3
213000019,0,7,-7
213000020,18,11,7
213000021,0,8,-8
213000023,460,119,341
213000033,27,119,-92
213000034,432,139,293
213000035,147,216,-69
213000045,38,38,0
213000046,11,26,-15
213000047,27,391,-364
213000056,53,5,48
213000069,4,0,4
213000073,0,1,-1
213000074,1,33,-32
213000075,306,1,305
213000085,0,0,0
213000086,0,0,0
213000091,82,2,80
213000092,5,1,4
213000099,5,160,-155
213000100,513,133,380
213000101,324,57,267
213000102,262,50,212
213000103,275,139,136
213000104,7,45,-38
213000105,0,17,-17
213000106,3,12,-9
213000107,32,10,22
213000108,0,34,-34
213000109,0,40,-40
213000110,1,50,-49
213000111,0,11,-11
213000112,3,64,-61
213000115,22,0,22
213000116,4,27,-23
213000117,0,39,-39
213000118,507,174,333
213000119,0,16,-16
213000120,5,11,-6
213000122,2,19,-17
213000123,4,69,-65
213000124,15,42,-27
213000125,157,77,80
213000126,2,6,-4
213000127,0,32,-32
213000128,12,87,-75
213000129,117,564,-447
213000130,538,388,150
213000132,281,145,136
213000133,579,47,532
213000134,607,9,598
213000136,433,4,429
213000137,326,39,287
213000139,57,0,57
213000147,21,0,21
213000148,5,2,3
213000149,2,0,2
213000150,0,0,0
213000151,0,0,0
213000152,0,0,0
213000153,0,0,0
213000154,0,0,0
213000155,0,0,0
213000156,0,0,0
213000157,0,0,0
213000158,35,81,-46
213000159,947,99,848
213000163,676,144,532
213000165,449,142,307
213000171,0,0,0
213000172,0,0,0
213000173,0,0,0
213000174,0,0,0
213000175,0,0,0
213000176,357,44,313
213000177,258,3,255
213000178,233,0,233
213000179,164,0,164
213000180,81,1,80
213000184,3,36,-33
213000188,272,15,257
213000189,302,12,290
213000190,174,1,173
213000191,236,2,234
213000192,149,4,145
213000193,0,0,0
213000194,0,0,0
213000195,0,0,0
213000196,0,0,0
213000197,477,237,240
213000198,3,0,3
213000200,17,41,-24
213000201,1,2,-1
213000202,0,34,-34
213000203,649,236,413
213000204,613,6,607
213000205,373,12,361
213000206,347,15,332
213000207,9,5,4
213000208,3,0,3
213000209,44,1,43
213000210,34,5,29
213000211,0,0,0
213000212,0,0,0
213000213,0,0,0
213000218,99,210,-111
213000219,188,28,160
213000220,334,3,331
213000223,65,110,-45
213000224,1,53,-52
213000225,63,15,48
213000226,59,10,49
213000227,679,143,536
213000228,384,34,350
213000229,52,18,34
213000230,134,0,134
213000232,1,147,-146
213000233,0,0,0
213000234,0,0,0
213000293,0,0,0
213000294,65,2,63
213000295,0,0,0
213000296,45,14,31
213000297,0,0,0
213000298,0,0,0
213000299,17,7,10
213000300,1,17,-16
213000303,0,0,0
213000304,0,0,0
213000305,4,27,-23
213000306,0,0,0
213000307,17,12,5
213000308,0,0,0
213000309,83,17,66
213000310,81,49,32
213000311,9,149,-140
213000315,0,0,0
213000316,115,8,107
213000322,18,2,16
213000323,55,5,50
213000324,49,8,41
213000325,117,4,113
213000326,31,0,31
213000327,117,20,97
213000328,5,24,-19
213000329,51,0,51
213000340,0,6,-6
213000341,452,20,432
213000347,114,239,-125
213000348,0,5,-5
213000349,0,0,0
213000350,21,78,-57
213000366,0,32,-32
213000367,237,14,223
213000379,3,3,0
213000386,0,31,-31
213000406,5,41,-36
213000417,770,160,610
213000425,105,9,96
213000426,30,0,30
213000427,44,8,36
213000428,43,13,30
213000429,0,5,-5
213000430,5,11,-6
213000431,0,0,0
213000432,0,240,-240
213000433,1,0,1
213000434,12,13,-1
213000435,51,4,47
213000436,11,7,4
213000437,1,2,-1
213000438,46,3,43
213000439,0,2,-2
213000440,4,32,-28
213000441,0,7,-7
213000442,0,0,0
213000443,232,180,52
213000444,1,1,0
213000445,0,16,-16
213000446,0,72,-72
213000447,0,9,-9
213000448,0,1,-1
213000449,349,4,345
213000450,0,3,-3
213000451,21,11,10
213000452,0,5,-5
213000453,0,0,0
213000455,25,1,24
213000456,0,4,-4
213000481,0,1,-1
213000484,0,0,0
213000489,16,14,2
213900002,0,0,0
213900003,7,0,7
213900013,0,0,0
213900015,0,0,0
213900016,11,1,10
213900020,0,3,-3
213900030,0,4,-4
213900032,61,30,31
213900033,62,24,38
213900034,246,10,236
213900035,9,7,2
213900036,6,2,4
213900037,1,6,-5
213900038,364,67,297
213900039,0,1,-1
213900041,0,0,0
213900042,21,176,-155
213900043,148,27,121
213900244,38,0,38
213900245,0,0,0
218000003,0,0,0
218000004,0,0,0
218000005,5,13,-8
218000006,15,7,8
218000007,1,9,-8
218000012,19,28,-9
218000013,15,81,-66
218000014,97,106,-9
218000019,92,31,61
218000020,210,32,178
218000021,0,0,0
218000022,0,0,0
218000023,0,0,0
218000024,0,0,0
218000025,0,0,0
218000026,0,0,0
218000027,0,0,0
218000028,0,0,0
218000029,0,0,0
218000030,0,0,0
218000031,0,0,0
218000032,0,0,0
218000039,19,11,8
218000040,0,0,0
218000046,61,63,-2
218000047,0,56,-56
218000048,25,29,-4
218000049,12,24,-12
218000050,136,40,96
218000051,19,77,-58
218000052,0,18,-18
218000053,0,2,-2
218000054,0,47,-47
218000055,1,6,-5
218000056,6,42,-36
218000057,0,25,-25
218000064,0,1,-1
218000065,68,0,68
218000066,7,24,-17
218000067,26,33,-7
218000068,30,48,-18
218000069,96,29,67
218000070,95,34,61
218000071,26,16,10
218000072,21,19,2
218000078,27,57,-30
218000079,163,45,118
218000080,119,36,83
218000081,438,94,344
218000082,77,50,27
218000083,0,0,0
218000084,0,0,0
218000085,0,0,0
218000086,0,1,-1
218000087,2,2,0
218000090,0,43,-43
218000091,343,118,225
218000092,85,19,66
218000093,29,11,18
218000094,0,0,0
218000099,114,172,-58
218000100,75,81,-6
218000101,57,71,-14
218000102,137,62,75
218000103,24,13,11
218000104,45,14,31
218000105,0,0,0
218000106,0,0,0
218000107,0,0,0
218000108,0,0,0
218000112,0,0,0
218000117,67,38,29
218000134,21,19,2
218000135,5,11,-6
218000136,14,1,13
218000137,19,1,18
218000138,0,0,0
218000139,41,7,34
218000140,228,166,62
218000141,38,4,34
218000142,128,27,101
218000143,59,58,1
218000144,3,52,-49
218000145,270,140,130
218000146,100,71,29
218000151,5,16,-11
218000152,84,28,56
218000153,6,5,1
218000154,2,2,0
218000155,39,0,39
218000156,132,7,125
218000157,100,6,94
218000158,4,3,1
218000159,4,1,3
218000160,6,0,6
218000161,18,1,17
218000162,89,1,88
218000163,30,2,28
218000164,157,1,156
218000165,120,30,90
218000170,4,40,-36
218000171,24,11,13
218000172,1,28,-27
218000173,14,8,6
218000174,10,10,0
218000176,354,7,347
218000177,347,27,320
218000178,129,31,98
218000179,311,4,307
218000180,54,1,53
218000181,230,8,222
218000187,0,0,0
218000188,0,0,0
218000189,0,0,0
218000190,0,0,0
218000191,0,0,0
218000192,0,0,0
218000193,0,0,0
218000194,0,1,-1
218000195,98,75,23
218000196,302,144,158
218000197,436,130,306
218000198,25,32,-7
218000199,33,0,33
218000200,21,7,14
218000201,8,0,8
218000202,0,0,0
218000207,0,0,0
218000208,0,0,0
218000211,1,1,0
218000212,0,0,0
218000213,39,48,-9
218000214,0,43,-43
218000215,32,17,15
218000217,0,22,-22
218000218,80,184,-104
218000219,2,46,-44
218000220,32,131,-99
218000221,169,229,-60
218000222,0,15,-15
218000223,74,579,-505
218000224,17,306,-289
218000225,339,45,294
218000226,302,22,280
218000230,0,0,0
218000232,12,2,10
218000234,0,0,0
218000239,29,0,29
218000240,1,0,1
218000241,0,0,0
218000242,1,0,1
218000243,5,0,5
218000244,2,0,2
218000245,3,0,3
218000246,0,0,0
218000247,0,0,0
218000248,0,0,0
218000249,0,0,0
218000250,0,0,0
218000251,0,0,0
218000252,0,2,-2
218000253,0,0,0
218000254,0,0,0
218000255,0,0,0
218000256,0,0,0
218000267,0,0,0
218000268,0,0,0
218000269,0,0,0
218000270,0,0,0
218000271,0,0,0
218000273,36,3,33
218000274,36,4,32
218000275,15,24,-9
218000276,8,11,-3
218000278,1,2,-1
218000279,2,2,0
218000280,0,3,-3
218000281,4,0,4
218000282,55,60,-5
218000284,46,13,33
218000301,0,2,-2
218000302,26,4,22
218000303,0,0,0
218000316,533,158,375
218000317,929,141,788
218000318,475,89,386
218000319,10,25,-15
218000320,0,0,0
218000338,10,4,6
218000339,0,0,0
218000342,29,28,1
218000343,0,0,0
218000345,0,1,-1
218000346,2,52,-50
218000353,0,0,0
218000354,27,49,-22
218000459,24,66,-42
218000490,0,0,0
218000501,25,16,9
218000502,0,0,0
218000503,28,3,25
218000504,67,10,57
218000505,0,0,0
218000506,0,0,0
218000508,0,0,0
218000510,72,13,59
218000520,114,144,-30
218000521,0,1,-1
218000522,0,8,-8
218000523,29,0,29
218000524,0,27,-27
218000525,2,1,1
218000526,0,26,-26
218000529,0,0,0
218000530,68,0,68
218000531,30,1,29
218000532,0,0,0
218000534,16,3,13
218000537,11,27,-16
218000538,38,51,-13
218000539,0,0,0
218000540,0,0,0
218000543,27,11,16
218000544,0,0,0
218000545,33,30,3
218000546,0,0,0
218000547,14,60,-46
218000548,0,0,0
218000549,317,49,268
218000550,2,17,-15
218000551,4,57,-53
218000552,104,5,99
218000553,0,0,0
218000554,0,0,0
218000555,17,2,15
218000556,0,0,0
218000557,159,18,141
218000558,2,1,1
218000559,0,14,-14
218000560,0,3,-3
218000561,2,0,2
218000562,0,10,-10
218000563,75,1,74
218000564,0,26,-26
218000565,70,8,62
218000566,32,4,28
218000567,1,36,-35
218000568,0,1,-1
218000569,0,31,-31
218000570,0,0,0
218000571,0,13,-13
218000572,21,0,21
218000573,0,59,-59
218000574,3,2,1
218000575,36,0,36
218000576,0,47,-47
218000577,13,0,13
218000578,0,26,-26
218000579,0,3,-3
218000581,0,0,0
218000582,13,1,12
218000583,0,0,0
218000584,0,0,0
218000585,10,0,10
218000586,29,4,25
218000587,1,1,0
218000588,0,0,0
218000589,0,0,0
218000590,0,2,-2
218000591,0,0,0
218000592,0,0,0
218000593,0,0,0
218000594,0,0,0
218000595,0,0,0
218000596,0,0,0
218000597,0,0,0
218000598,0,0,0
218000599,0,0,0
218000600,0,0,0
218000601,0,0,0
218000602,0,0,0
218000603,0,13,-13
218000604,2,0,2
218000605,0,5,-5
218000606,4,0,4
218000607,2,10,-8
218000608,8,8,0
218000609,0,4,-4
218000610,53,8,45
218000611,12,0,12
218000612,0,3,-3
218000613,38,0,38
218000614,0,0,0
218000615,35,0,35
218000616,0,10,-10
218000617,5,0,5
218000618,0,2,-2
218000619,15,0,15
218000620,0,2,-2
218000621,0,0,0
218000622,0,9,-9
218000623,1,0,1
218000624,0,9,-9
218000625,5,1,4
218000626,0,20,-20
218000628,67,17,50
218000631,18,0,18
218000632,0,13,-13
218000633,5,0,5
218000634,0,0,0
218000635,0,1,-1
218000636,15,27,-12
218000637,353,88,265
218000638,352,31,321
218000639,12,10,2
218000640,272,6,266
218000641,29,42,-13
218000652,17,17,0
218000653,305,30,275
218000663,0,1,-1
218000675,0,6,-6
218000676,0,0,0
218000677,30,7,23
218000680,2,0,2
218000681,59,5,54
218000691,1,0,1
218000693,64,2,62
218000703,0,0,0
218000718,0,55,-55
218000719,6,25,-19
218000720,0,19,-19
218000721,2,4,-2
218000725,0,0,0
218001214,0,0,0
218001329,3,4,-1
218001330,0,0,0
219000001,0,0,0
219000002,0,0,0
219000003,21,21,0
219000004,16,71,-55
219000017,11,56,-45
219000020,77,9,68
219000022,59,0,59
219000023,35,0,35
219000029,0,0,0
219000034,36,22,14
219000039,0,0,0
219000040,7,46,-39
219000041,33,27,6
219000051,0,0,0
219000052,0,0,0
219000053,0,0,0
219000054,0,0,0
219000055,77,1,76
219000056,1,0,1
219000057,31,0,31
219000062,0,0,0
219000063,26,0,26
219000064,0,0,0
219000110,100,85,15
219000111,65,62,3
219000112,103,17,86
219000113,97,16,81
219000114,115,6,109
219000116,49,27,22
219000117,77,10,67
219000118,32,32,0
219000123,55,0,55
219000124,10,0,10
219000125,0,0,0
219000126,0,0,0
219000127,0,0,0
219000128,0,0,0
219000129,0,0,0
219000130,0,0,0
219000131,640,741,-101
219000133,6,16,-10
219000134,13,37,-24
219000135,2,21,-19
219000136,34,73,-39
219000138,50,14,36
219000139,19,0,19
219000140,63,1,62
219000141,11,0,11
219000142,16,0,16
219000143,0,0,0
219000145,5,1,4
219000146,0,0,0
219000147,0,0,0
219000148,0,0,0
219000149,0,0,0
219000150,0,0,0
219000151,0,0,0
219000157,117,54,63
219000158,45,23,22
219000161,50,1,49
219000163,171,163,8
219000166,46,20,26
219000167,13,10,3
219000168,84,43,41
219000174,215,24,191
219000175,102,2,100
219000176,52,6,46
219000177,21,0,21
219000178,63,1,62
219000179,35,8,27
219000180,3,4,-1
219000182,51,7,44
219000183,9,6,3
219000184,32,0,32
219000185,0,0,0
219000186,54,4,50
219000187,18,1,17
219000189,0,0,0
219000190,0,0,0
219000191,0,0,0
219000192,144,168,-24
219000193,0,0,0
219000195,0,0,0
219000196,0,0,0
219000198,0,0,0
219000199,0,0,0
219000200,0,0,0
219000201,0,0,0
219000203,0,0,0
219000204,0,0,0
219000205,0,0,0
219000207,0,0,0
219000209,0,0,0
219000210,0,0,0
219000213,0,0,0
219000239,0,0,0
219000240,0,0,0
219000241,0,0,0
219000242,0,0,0
219000243,0,0,0
219000244,0,0,0
219000245,0,0,0
219000246,18,10,8
219000247,114,17,97
219000248,153,129,24
219000249,16,59,-43
219000250,28,29,-1
219000251,206,82,124
219000252,98,72,26
219000253,96,43,53
219000255,107,66,41
219000256,143,19,124
219000257,114,0,114
219000262,0,0,0
219000263,0,0,0
219000267,0,0,0
219000268,0,0,0
219000269,14,0,14
219000270,26,0,26
219000271,79,1,78
219000278,0,0,0
219000279,0,0,0
219000283,0,0,0
219000295,0,0,0
219000296,0,0,0
219000297,0,0,0
219000298,0,0,0
219000299,195,26,169
219000300,0,0,0
219000301,0,0,0
219000302,0,0,0
219000307,0,0,0
219000308,13,46,-33
219000311,115,6,109
219000312,145,42,103
219000313,224,10,214
219000314,0,0,0
219000315,183,24,159
219000316,274,17,257
219000317,49,22,27
219000320,0,0,0
219000321,0,0,0
219000323,0,0,0
219000325,0,0,0
219000326,0,0,0
219000327,0,0,0
219000328,0,0,0
219000329,67,75,-8
219000330,14,3,11
219000331,22,4,18
219000332,70,25,45
219000333,13,1,12
219000335,26,0,26
219000337,2,0,2
219000338,29,0,29
219000344,0,0,0
219000345,0,0,0
219000346,0,0,0
219000348,0,0,0
219000349,0,0,0
219000350,0,0,0
219000351,0,0,0
219000352,20,72,-52
219000353,65,76,-11
219000354,146,65,81
219000355,94,45,49
219000356,225,614,-389
219000363,68,18,50
219000364,125,10,115
219000365,34,3,31
219000366,127,243,-116
219000368,73,310,-237
219000370,151,598,-447
219000371,0,0,0
219000382,0,4,-4
219000383,0,0,0
219000385,0,0,0
219000386,0,0,0
219000387,0,0,0
219000390,0,0,0
219000391,4,0,4
219000397,0,0,0
219000398,16,6,10
219000401,0,0,0
219000402,0,0,0
219000403,0,0,0
219000404,0,0,0
219000407,0,0,0
219000409,12,21,-9
219000410,22,4,18
219000411,39,2,37
219000446,0,0,0
219000447,0,0,0
219000448,6,9,-3
219000452,27,20,7
219000453,0,0,0
219000454,118,218,-100
219000556,99,8,91
219000558,0,0,0
219000590,0,0,0
219000591,53,8,45
219000592,0,0,0
219000595,0,0,0
219000635,96,11,85
219000636,0,0,0
219000657,2,3,-1
219000658,0,0,0
219000673,0,0,0
219000676,0,0,0
219000679,13,0,13
219000684,88,0,88
219000685,0,0,0
219000686,0,0,0
219000688,0,0,0
219000689,0,0,0
219000690,112,6,106
219000691,0,0,0
219000692,6,1,5
219000693,0,0,0
219000694,29,0,29
219000695,10,1,9
219000698,21,0,21
219000699,0,0,0
219000727,0,0,0
219000728,8,0,8
219000770,1,0,1
219000771,0,0,0
219001150,2,23,-21
219001151,0,0,0
219001166,15,4,11
219001167,0,0,0
220000001,1,13,-12
220000002,0,23,-23
220000003,0,0,0
220000004,0,0,0
220000005,0,0,0
220000006,0,0,0
220000007,0,0,0
220000008,0,0,0
220000009,9,70,-61
220000010,28,9,19
220000011,15,184,-169
220000012,5,36,-31
220000014,0,0,0
220000015,18,204,-186
220000017,18,32,-14
220000018,549,155,394
220000019,161,310,-149
220000020,43,58,-15
220000021,168,81,87
220000022,332,81,251
220000023,45,62,-17
220000024,219,132,87
220000025,352,649,-297
220000026,59,484,-425
220000027,0,56,-56
220000028,47,44,3
220000029,0,0,0
220000030,0,0,0
220000031,113,205,-92
220000064,0,0,0
221000046,0,1,-1
221000047,0,0,0
221000048,0,0,0
221000049,0,0,0
221000050,2,0,2
221000055,16,0,16
221000057,83,0,83
221000068,214,111,103
221000069,157,45,112
221000070,191,30,161
221000071,64,15,49
221000072,129,6,123
221000073,136,3,133
221000074,0,0,0
221000075,0,0,0
221000076,0,0,0
221000077,0,0,0
221000081,30,3,27
221000082,41,1,40
221000083,3,5,-2
221000084,0,1,-1
221000085,12,1,11
221000086,0,0,0
221000087,0,0,0
221000088,0,0,0
221000089,0,0,0
221000090,0,0,0
221000098,95,17,78
221000099,100,4,96
221000100,92,8,84
221000101,83,5,78
221000102,127,6,121
221000109,0,0,0
221000110,0,0,0
221000111,0,0,0
221000112,0,0,0
221000113,0,0,0
221000114,0,0,0
221000120,22,21,1
221000121,0,11,-11
221000122,18,35,-17
221000123,1,44,-43
221000124,10,52,-42
221000155,90,5,85
221000156,1,29,-28
221000175,2,20,-18
221000176,0,0,0
221000182,23,11,12
221000241,335,195,140
221000242,0,0,0
221000243,285,49,236
221000244,0,0,0
221000245,44,9,35
221000246,0,0,0
221000247,182,29,153
221000248,0,0,0
221000267,20,101,-81
221000325,60,24,36
221000331,10,36,-26
221000338,1,6,-5
221000378,198,17,181
221000381,4,56,-52
222000282,2,0,2
222000296,0,11,-11
222000568,351,13,338
222000569,89,52,37
222000570,104,18,86
222000571,357,32,325
222000577,1,20,-19
222000578,2,32,-30
222000579,3,21,-18
222000580,7,163,-156
222000599,0,18,-18
222000600,0,46,-46
222000601,0,101,-101
222000603,7,34,-27
222000604,0,16,-16
222000605,0,26,-26
222000606,0,2,-2
222000607,0,3,-3
222000608,19,0,19
222000609,34,3,31
222000616,187,14,173
222000617,0,0,0
222000618,1,3,-2
222000620,1,0,1
222000621,1,2,-1
222000623,180,0,180
222000624,172,1,171
222000625,271,2,269
222000636,56,4,52
222000686,0,0,0
222000687,6,10,-4
222001066,216,2,214
222001067,34,2,32
222001068,97,0,97
222001069,51,48,3
222001082,5,3,2
222001083,2,7,-5
222001084,0,4,-4
222001085,0,24,-24
222001111,8,25,-17
222001112,80,13,67
222001313,0,4,-4
222001314,0,24,-24
222001464,16,6,10
222001465,0,30,-30
222001484,74,7,67
222001485,19,1,18
222001494,338,20,318
222001495,12,35,-23
222001496,266,12,254
222001497,48,30,18
222001502,0,0,0
222001503,48,4,44
222001504,0,0,0
222001505,240,4,236
222001506,0,0,0
222001507,42,2,40
222001510,429,25,404
222001511,0,0,0
222001514,198,63,135
222001515,0,0,0
222001518,216,10,206
222001519,0,0,0
222001527,30,28,2
222001528,0,0,0
222001529,357,11,346
222001530,0,0,0
222001533,0,0,0
222001534,337,8,329
222001535,53,19,34
222001536,0,13,-13
222001537,82,15,67
222001538,0,0,0
222001563,501,13,488
222001564,0,0,0
222001568,106,19,87
222001576,0,1,-1
222001579,0,5,-5
222001583,0,6,-6
222001584,47,37,10
222001596,5,192,-187
222001597,519,110,409
222001626,0,9,-9
222001650,0,26,-26
222001651,44,18,26
222001914,65,32,33
222001915,0,0,0
222900004,163,22,141
222900009,37,105,-68
222900019,35,20,15
222900024,38,1,37
222900025,7,8,-1
225000001,176,50,126
225000002,302,23,279
225000003,376,6,370
225000004,233,49,184
225000005,5,47,-42
225000006,0,0,0
225000007,0,0,0
225000010,74,8,66
225000011,100,752,-652
225000012,146,567,-421
225000013,17,43,-26
225000014,386,19,367
225000015,1,1,0
225000021,250,27,223
225000027,1,0,1
225000032,198,34,164
225000042,0,3,-3
225000049,0,0,0
225000050,62,1,61
225000053,0,0,0
225000058,220,31,189
225000067,0,0,0
225000068,0,0,0
225000069,0,0,0
225000070,0,0,0
225000071,0,0,0
225000075,0,0,0
225000076,0,0,0
225000078,3,43,-40
225000085,3,32,-29
225000086,96,7,89
225000087,28,4,24
225000088,0,0,0
225000089,0,0,0
225000090,0,0,0
225000091,0,0,0
225000092,0,0,0
225000093,0,0,0
225000094,0,0,0
225000095,0,0,0
225000096,0,0,0
225000098,266,131,135
225000099,447,60,387
225000100,403,46,357
225000104,0,0,0
225000110,0,0,0
225000111,1,1,0
225000112,4,6,-2
225000113,0,8,-8
225000114,0,4,-4
225000115,11,14,-3
225000116,151,60,91
225000117,394,140,254
225000118,720,163,557
225000119,65,2,63
225000120,204,6,198
225000121,103,9,94
225000123,645,8,637
225000125,113,48,65
225000126,359,88,271
225000127,458,681,-223
225000128,188,650,-462
225000132,331,14,317
225000133,106,17,89
225000134,224,113,111
225000135,44,5,39
225000136,151,3,148
225000137,139,20,119
225000138,345,14,331
225000143,0,0,0
225000144,0,0,0
225000145,22,25,-3
225000146,0,0,0
225000147,0,0,0
225000148,0,0,0
225000149,0,0,0
225000151,0,0,0
225000155,0,0,0
225000156,2,10,-8
225000157,0,8,-8
225000158,0,0,0
225000171,0,0,0
225000180,2,0,2
225000181,0,0,0
225000182,43,3,40
225000185,0,0,0
225000187,0,0,0
225000191,1,0,1
225000194,0,0,0
225000208,0,0,0
225000209,21,1,20
225000210,0,0,0
225000217,0,0,0
225000218,7,0,7
225000223,0,0,0
225000224,9,0,9
225000225,0,0,0
225000226,21,2,19
225000227,0,0,0
225000228,1,3,-2
225000229,0,0,0
225000230,0,0,0
225000231,0,0,0
225000232,53,0,53
225000241,31,0,31
225000242,0,0,0
225000249,1,0,1
225000250,0,0,0
225000251,283,19,264
225000254,0,0,0
225000256,0,0,0
225000257,0,0,0
226000042,0,0,0
226000043,0,0,0
226000044,0,0,0
226000045,0,0,0
226000046,352,17,335
226000047,197,7,190
226000048,176,12,164
226000049,105,58,47
226000070,0,0,0
226000071,0,0,0
226000072,0,0,0
226000073,0,0,0
226000074,0,0,0
226000084,0,0,0
226000085,0,0,0
226000086,0,0,0
226000087,0,0,0
226000088,0,0,0
226000090,6,18,-12
226000091,0,15,-15
226000092,3,23,-20
226000093,0,1,-1
226000094,0,3,-3
226000095,2,10,-8
226000105,0,0,0
226000106,0,0,0
226000107,13,0,13
226000108,1,0,1
226000109,12,0,12
226000124,93,10,83
226000134,260,277,-17
226000135,679,173,506
226000136,137,55,82
226000137,0,0,0
226000138,0,0,0
226000139,0,0,0
226000156,94,4,90
226000157,117,0,117
226000163,0,0,0
226000202,0,0,0
226000231,106,0,106
226000232,1,0,1
227000033,181,23,158
227000036,325,3,322
227000037,233,6,227
227000038,49,2,47
227000084,0,0,0
227000085,0,0,0
227000088,21,0,21
227000089,3,1,2
227000090,13,0,13
227000091,28,0,28
227000092,3,0,3
227000093,9,0,9
227000094,0,0,0
227000130,0,0,0
227000131,0,0,0
227000132,0,0,0
227000133,0,0,0
227000134,0,0,0
227000152,0,0,0
227000153,0,0,0
227000154,0,0,0
227000155,0,0,0
227000156,0,0,0
227000165,0,0,0
227000196,275,2,273
227000199,298,15,283
227000230,0,0,0
227000232,208,1,207
227000242,0,0,0
227000243,165,23,142
227000245,0,0,0
227000246,0,0,0
227000247,310,41,269
227000248,33,10,23
227000249,0,0,0
227000250,163,91,72
227000251,0,0,0
227000252,0,0,0
227000253,172,7,165
227000262,448,8,440
227000266,656,42,614
227000267,0,0,0
227000282,0,0,0
227000284,219,21,198
227000286,0,0,0
227000291,0,0,0
227000296,56,27,29
227000484,259,3,256
227000485,0,0,0
227000655,76,2,74
227000656,285,5,280
227000657,8,1,7
227000704,7,1,6
229000265,4,5,-1
229000266,0,0,0
229000267,8,0,8
229000268,3,0,3
229000269,8,0,8
229000274,0,0,0
229000275,0,0,0
229000276,0,0,0
229000277,0,0,0
229000278,0,0,0
229000295,0,0,0
229000296,0,1,-1
229000297,4,0,4
229000298,2,4,-2
229000320,8,3,5
229000321,2,2,0
229000412,5,2,3
229000414,5,5,0
229000415,1,0,1
229000416,0,0,0
229000417,0,0,0
229000419,5,33,-28
229000440,86,4,82
229000442,3,3,0
229000443,1,0,1
229000444,0,0,0
229000445,24,0,24
229000446,6,0,6
229000491,0,0,0
229000492,0,0,0
229000493,0,0,0
229000494,30,2,28
229000495,95,0,95
229000496,76,2,74
229000507,0,0,0
229000508,0,0,0
229000509,0,0,0
229000510,0,0,0
229000511,0,0,0
229000512,0,0,0
229000513,0,0,0
229000514,0,0,0
229000517,0,0,0
229000518,0,0,0
229000519,0,0,0
229000520,0,0,0
229000521,62,14,48
229000522,2,3,-1
229000523,6,2,4
229000524,13,0,13
229000527,1,0,1
229000528,0,0,0
229000529,29,0,29
229000530,79,15,64
229000531,13,23,-10
229000532,12,3,9
229000533,69,1,68
229000534,13,1,12
229000564,52,2,50
229000565,45,0,45
229000566,0,0,0
229000567,0,0,0
229000582,15,1,14
229000583,13,11,2
229000584,0,0,0
229000585,0,0,0
229000718,0,0,0
229000719,0,0,0
229000720,0,0,0
229000721,0,0,0
229000722,0,0,0
229000723,0,0,0
229000724,0,0,0
229000725,0,0,0
229000738,1,0,1
229000739,0,0,0
229000740,1,0,1
229000741,39,0,39
229000742,2,0,2
229000743,39,0,39
229000744,2,0,2
229000745,3,0,3
229000746,32,0,32
229000847,148,0,148
229000848,36,0,36
229000849,74,0,74
229000851,174,1,173
229000854,0,0,0
229000856,0,0,0
229000857,0,0,0
229000858,0,0,0
229000919,0,0,0
229000930,0,0,0
229000937,68,1,67
229000966,27,8,19
229000981,0,0,0
229000985,0,0,0
229000986,0,0,0
229000987,0,0,0
229000988,0,0,0
229000989,0,0,0
229000990,0,0,0
229000991,0,0,0
229000992,2,0,2
229000993,82,8,74
229000998,2,0,2
229000999,9,9,0
229001034,0,0,0
229001035,0,0,0
229001036,0,0,0
229001037,5,6,-1
229001038,0,0,0
229001039,0,0,0
229001040,0,0,0
229001041,75,0,75
229001042,5,3,2
229001047,1,1,0
229001050,28,3,25
229001168,0,0,0
229001200,15,0,15
229001338,0,0,0
229001394,55,0,55
229001422,95,13,82
229001423,0,0,0
229001431,26,13,13
229001432,0,0,0
229001444,36,22,14
229001445,6,9,-3
229001479,25,3,22
229001503,170,10,160
229001504,0,0,0
229001505,35,2,33
229001506,0,0,0
229001509,4,7,-3
229001510,0,0,0
229001545,18,1,17
229001546,0,0,0
229001553,31,2,29
229001554,0,0,0
229001630,34,3,31
229001631,1,0,1
229001635,0,0,0
229001636,0,0,0
229001658,0,0,0
229001659,21,0,21
229001660,0,1,-1
229001661,0,0,0
229001662,4,0,4
229001663,0,0,0
229002584,56,38,18
229002831,26,7,19
229002841,0,5,-5
229002842,1,0,1
229002843,3,6,-3
229002844,0,20,-20
229002845,0,20,-20
229002846,0,0,0
229002847,0,0,0
229002848,13,2,11
229002849,0,3,-3
229002850,0,0,0
229002851,0,25,-25
229002852,37,8,29
229002853,31,0,31
229002854,2,1,1
229002855,0,2,-2
229002856,1,2,-1
229002857,4,1,3
229002858,14,0,14
229002859,0,0,0
229002860,20,0,20
229002861,22,4,18
229002862,0,1,-1
229002863,0,0,0
229002864,20,57,-37
229002865,16,6,10
229002866,12,1,11
229002867,0,1,-1
229002868,1,13,-12
229002869,0,8,-8
229002870,10,0,10
235000066,12,0,12
235000067,47,2,45
235000072,0,0,0
235000073,0,0,0
235000074,0,0,0
235000080,0,0,0
235000081,0,0,0
235000082,72,4,68
235000083,88,12,76
235000084,24,20,4
235000085,117,7,110
235000089,2,0,2
235000092,0,0,0
235000093,0,0,0
235000097,0,1,-1
235000098,76,0,76
235000099,5,0,5
235000115,19,1,18
235000116,2,0,2
235000117,31,5,26
235000133,0,0,0
235000134,0,0,0
235000206,0,1,-1
235000207,0,0,0
235000208,0,0,0
235000209,1,1,0
235000210,1,0,1
235000212,0,0,0
235000213,0,0,0
235000220,0,0,0
235000221,0,0,0
235000238,3,134,-131
235000239,0,11,-11
235000242,55,657,-602
235000245,0,0,0
235000246,0,0,0
235000284,0,0,0
235000295,6,0,6
235000305,74,2,72
235000306,132,1,131
235000307,5,0,5
235000308,14,0,14
235000309,15,0,15
235000310,23,0,23
235000311,4,1,3
235000322,0,0,0
235000323,0,0,0
235000324,0,0,0
235000325,0,0,0
235000326,0,0,0
235000351,0,0,0
235000352,0,0,0
235000353,0,0,0
235000354,0,0,0
235000355,0,0,0
235000356,5,0,5
235000357,10,0,10
235000358,2,0,2
235000359,0,0,0
235000360,6,0,6
235000361,10,0,10
235000381,0,0,0
235000382,73,12,61
235000390,2,0,2
235000391,148,2,146
235000392,153,58,95
235000393,82,30,52
235000395,70,2,68
235000396,275,14,261
235000399,45,15,30
235000400,39,22,17
235000401,0,0,0
235000402,0,0,0
235000405,0,0,0
235000406,0,0,0
235000407,0,0,0
235000409,0,0,0
235000410,0,0,0
235000411,0,0,0
235000485,0,0,0
235000486,0,0,0
235000549,34,8,26
235000550,0,0,0
235000599,0,0,0
235000600,0,0,0
235000601,7,1,6
235000602,16,5,11
235000614,0,0,0
235000648,0,0,0
235000649,7,1,6
235000685,0,0,0
235000815,0,0,0
235000834,0,0,0
235000855,28,16,12
235000862,0,0,0
235000891,0,0,0
235000892,4,0,4
235000901,0,0,0
235000907,0,0,0
235001010,54,11,43
235001029,0,0,0
235001030,117,35,82
235001078,23,25,-2
235001079,0,0,0
235001147,3,11,-8
235001166,5,16,-11
235001167,0,0,0
235001169,0,0,0
235001188,0,0,0
235001189,0,0,0
235001197,0,0,0
235001200,0,0,0
235001208,0,3,-3
235001209,0,0,0
235001210,0,0,0
235001239,0,0,0
235001244,0,0,0
235016267,0,0,0
235900013,0,0,0
235900014,0,1,-1
241900007,44,0,44
277101746,0,0,0
277102712,0,0,0
277103813,0,0,0
277103814,0,0,0
277103898,0,0,0
990010990,0,0,0
990011530,0,0,0
990014944,0,20,-20
990015176,17,1,16
990015618,0,1,-1
990015888,0,0,0
990016032,0,0,0
990032570,0,6,-6
990070001,62,4,58
990070103,0,0,0
990070601,0,8,-8
990070751,676,3,673
990070766,0,0,0
990071180,415,1,414
990071343,14,0,14
990071387,0,0,0
990071823,129,2,127
990072600,0,28,-28
990072964,0,1,-1
990073285,0,0,0
990074393,0,116,-116
990074714,7,0,7
990074870,576,2,574
990075106,192,0,192
990075746,440,1,439
990076437,1258,4,1254
990076458,0,0,0
997000007,51,3,48
997000041,0,17,-17
997000058,21,0,21
997000062,78,0,78
997000069,0,0,0
997000070,0,0,0
997000100,52,0,52
997000141,0,0,0
997000198,0,0,0
998000475,0,0,0
998000736,0,10,-10
998000965,0,13,-13
998001031,0,13,-13
998001072,0,0,0
998001091,3,0,3
998001093,0,0,0
998001103,0,0,0
998001105,0,0,0
998001700,0,0,0
998001899,0,0,0
998001900,8,47,-39
998003073,484,29,455
998003124,11,1,10
998003125,0,0,0
998101900,0,11,-11
998102850,0,0,0
998501819,0,0,0
998501820,0,0,0
998501832,0,0,0
998501927,191,7,184
998501929,53,0,53
998501930,20,0,20
998501931,55,17,38
998501932,0,0,0
998501933,88,0,88
998501937,22,23,-1
998501944,22,17,5
998501950,0,0,0
998501970,36,1,35
998501971,1,24,-23
998501972,43,2,41
998501973,0,1,-1
998501974,0,7,-7
998501975,102,0,102
998501976,59,6,53
998501977,0,1,-1
998501978,10,0,10
998501979,0,0,0
998501980,22,0,22
998501981,55,0,55
998501982,0,0,0
998502006,0,0,0
998502024,0,2,-2
998502032,0,0,0
998502062,8,0,8
998502063,0,0,0
998502173,4,0,4
998502269,0,0,0
998601159,0,7,-7
998601292,0,0,0
999033574,0,0,0
999800001,24,0,24
999800002,0,0,0
999800003,0,2,-2
999800004,0,4,-4
999800005,0,0,0
