ID,insum,outsum,diff
100000001,1002,1005,-3
100000002,4425,5040,-615
100000003,5107,6649,-1542
100000004,554,1533,-979
100000005,2833,5717,-2884
100000006,683,312,371
100000007,2553,973,1580
100000008,240,998,-758
100000009,841,448,393
100000010,47,126,-79
100000011,634,177,457
100000012,67,1836,-1769
100000013,21,476,-455
100000014,505,453,52
100000015,1441,2384,-943
100000016,553,1544,-991
100000017,723,1037,-314
100000018,1059,1059,0
100000019,4159,3377,782
100000020,1531,7055,-5524
100000021,8374,3023,5351
100000022,990,3715,-2725
100000023,7596,2047,5549
100000025,548,1816,-1268
100000028,769,1369,-600
100000029,131,524,-393
100000030,70,46,24
100000031,2613,6455,-3842
100000032,1827,4895,-3068
100000033,1245,3950,-2705
100000034,131,1211,-1080
100000035,1326,2204,-878
100000036,1181,1855,-674
100000037,669,536,133
100000038,2599,1800,799
100000039,416,1886,-1470
100000040,314,278,36
100000041,1869,699,1170
100000042,1197,596,601
100000043,918,663,255
100000044,230,1344,-1114
100000045,392,1823,-1431
100000046,489,1184,-695
100000047,240,1565,-1325
100000048,399,935,-536
100000049,2278,1467,811
100000051,467,657,-190
100000053,122,8,114
100000054,357,35,322
100000055,656,439,217
100000056,519,1066,-547
100000057,2463,884,1579
100000058,989,1089,-100
100000059,23,349,-326
100000060,510,417,93
100000061,2648,1165,1483
100000062,1942,854,1088
100000063,1258,318,940
100000064,2362,450,1912
100000065,369,836,-467
100000066,174,531,-357
100000067,277,601,-324
100000068,392,1240,-848
100000069,329,1066,-737
100000072,225,764,-539
100000073,1215,887,328
100000075,773,239,534
100000076,1795,4862,-3067
100000077,164,414,-250
100000078,18,42,-24
100000079,59,41,18
100000080,21,70,-49
100000081,109,286,-177
100000102,3446,5175,-1729
100000103,2108,2810,-702
100000104,3523,3554,-31
100000105,1552,2156,-604
100000106,1352,3029,-1677
100000107,233,1550,-1317
100000108,399,1140,-741
100000109,1054,1755,-701
100000116,745,955,-210
100000117,98,213,-115
100000118,755,1747,-992
100000119,602,1132,-530
100000121,301,519,-218
100000122,658,1945,-1287
100000123,1422,3437,-2015
100000124,3380,4628,-1248
100000125,4592,2413,2179
100000126,564,764,-200
100000127,1032,611,421
100000128,1589,3517,-1928
100000129,399,885,-486
100000130,720,289,431
100000131,1218,2465,-1247
100000132,1051,2450,-1399
100000133,2442,1680,762
100000135,681,1570,-889
100000139,220,696,-476
100000140,172,396,-224
100000142,786,590,196
100000143,2072,551,1521
100000144,2874,647,2227
100000147,1581,4232,-2651
100000150,84,799,-715
100000151,842,2381,-1539
100000153,153,590,-437
100000154,35,487,-452
100000155,14,75,-61
100000156,424,442,-18
100000157,495,292,203
100000158,299,209,90
100000159,155,906,-751
100000165,685,832,-147
100000169,57,1615,-1558
100000174,242,1338,-1096
100000179,80,672,-592
100000180,1570,14567,-12997
100000181,470,1054,-584
100000188,90,1370,-1280
100000189,1050,1266,-216
100000190,533,1786,-1253
100000191,767,977,-210
100000192,23,74,-51
100000193,235,243,-8
100000330,821,939,-118
100000355,231,1897,-1666
100000362,2719,1730,989
100000363,6450,6103,347
100000364,83,237,-154
100000365,6152,10672,-4520
100000366,2343,1845,498
100000367,5035,7863,-2828
100000368,3041,1074,1967
100000369,701,2954,-2253
100000370,272,1247,-975
100000376,61,211,-150
100000379,1336,1934,-598
100000380,4035,6178,-2143
100000384,5513,6701,-1188
100000385,1602,4292,-2690
100000386,3656,6427,-2771
100000387,2869,6238,-3369
100000388,2866,6895,-4029
100000389,4112,7078,-2966
100000390,4720,6837,-2117
100000391,3478,10007,-6529
100000392,1578,4845,-3267
100000393,1615,6486,-4871
100000394,4142,9743,-5601
100000395,2534,6725,-4191
100000396,3740,4071,-331
100000397,2844,9116,-6272
100000398,7884,6038,1846
100900002,22,7,15
100900003,407,305,102
100900004,22,1389,-1367
100900005,146,20,126
100900006,67,97,-30
100900007,232,26,206
100900008,2,335,-333
100900009,111,245,-134
100900010,120,48,72
100900011,249,207,42
100900012,0,71,-71
100900013,1042,10,1032
100900014,6,4,2
100900015,80,58,22
100900016,4,21,-17
100900017,1219,87,1132
100900018,1,17,-16
100900019,56,100,-44
100900020,406,15,391
100900021,477,3,474
100900022,20,38,-18
100900023,1,39,-38
100900024,298,4,294
100900025,15,15,0
100900026,148,144,4
100900027,479,2911,-2432
100900028,121,377,-256
100900029,45,5,40
100900030,3,224,-221
100900031,906,43,863
100900032,481,1,480
100900033,217,385,-168
100900034,909,4,905
100900035,290,3,287
100900036,23,4,19
100900037,158,201,-43
100900038,112,91,21
100900039,236,274,-38
100900040,576,459,117
100900041,1056,365,691
100900042,1642,2349,-707
100900043,0,9,-9
100900044,1446,456,990
100900045,2,6,-4
100900046,1343,18,1325
100900047,1449,292,1157
100900048,125,78,47
100900049,114,91,23
100900050,2,10,-8
100900051,52,241,-189
100900052,362,67,295
100900053,671,39,632
100900054,12,37,-25
100900055,217,1040,-823
100900056,40,105,-65
100900057,2378,1382,996
100900058,168,184,-16
100900059,134,10,124
100900060,296,6,290
100900061,224,156,68
100900062,11,27,-16
100900063,359,913,-554
100900064,706,28,678
100900065,69,158,-89
100900066,235,283,-48
100900067,65,8,57
100900068,282,158,124
100900069,338,11,327
100900070,533,14,519
100900071,407,179,228
100900072,6,43,-37
100900073,142,406,-264
100900074,1,7,-6
100900075,1681,293,1388
100900076,4,30,-26
100900077,63,20,43
100900078,111,245,-134
100900079,9,26,-17
100900080,87,290,-203
100900081,55,128,-73
100900082,205,323,-118
100900083,12,28,-16
100900085,26,627,-601
100900086,132,634,-502
100900088,188,250,-62
100900089,2,8,-6
100900090,107,916,-809
100900091,7,17,-10
100900092,143,175,-32
100900093,404,383,21
100900094,235,150,85
100900095,2,10,-8
100900096,56,210,-154
100900097,0,0,0
100900098,14,23,-9
100900099,25,381,-356
100900100,7,708,-701
100900101,331,74,257
100900102,68,217,-149
100900103,7,19,-12
100900104,5,110,-105
100900105,25,744,-719
100900106,28,5,23
100900107,1973,944,1029
100900108,7,73,-66
100900109,19,25,-6
100900110,1,25,-24
100900111,30,199,-169
100900112,10,61,-51
100900113,20,32,-12
100900114,19,22,-3
100900115,15,17,-2
100900116,1290,564,726
100900117,299,1269,-970
100900118,18,52,-34
100900119,8,13,-5
100900120,41,7,34
100900121,602,456,146
100900122,106,144,-38
100900123,131,118,13
100900124,7,20,-13
100900125,5,52,-47
100900126,224,184,40
100900127,2,7,-5
100900128,125,261,-136
100900129,0,382,-382
100900131,45,281,-236
100900133,76,47,29
100900134,5,2,3
100900135,2,498,-496
100900137,350,226,124
100900138,379,517,-138
100900139,2,13,-11
100900140,1,255,-254
100900141,8,792,-784
100900142,2,28,-26
100900143,535,495,40
100900144,15,16,-1
100900145,138,360,-222
100900146,14,46,-32
100900147,28,676,-648
100900148,37,242,-205
100900149,18,211,-193
100900150,4,28,-24
100900151,147,584,-437
100900152,1016,52,964
100900153,10,261,-251
100900154,64,221,-157
100900155,27,9,18
100900156,87,21,66
100900157,12,1135,-1123
100900159,34,173,-139
100900160,31,6,25
100900161,157,26,131
100900162,41,861,-820
100900163,127,132,-5
100900164,70,22,48
100900165,11,30,-19
100900166,826,3,823
100900167,14,69,-55
100900168,35,301,-266
100900169,84,849,-765
100900170,46,10,36
100900171,20,330,-310
100900172,0,66,-66
100900173,2,164,-162
100900174,69,31,38
100900176,1921,201,1720
100900177,505,383,122
100900178,220,283,-63
100900179,355,545,-190
100900180,6,22,-16
100900181,485,109,376
100900182,340,57,283
100900184,37,221,-184
100900186,576,433,143
100900187,20,62,-42
100900188,25,17,8
100900189,3576,338,3238
100900191,566,1570,-1004
100900192,174,574,-400
100900195,116,228,-112
100900197,134,164,-30
100900198,46,94,-48
100900199,3,13,-10
100900200,985,279,706
100900201,99,1021,-922
100900202,29,0,29
100900203,2,525,-523
100900204,506,2437,-1931
100900205,126,674,-548
100900206,306,151,155
100900207,262,174,88
100900210,144,606,-462
100900211,817,172,645
100900213,339,62,277
100900214,537,158,379
100900215,23,50,-27
100900217,83,144,-61
101000001,2079,2313,-234
101000002,8989,9131,-142
101000003,406,1106,-700
101000004,6556,6548,8
101000005,4447,5332,-885
101000006,5824,8672,-2848
101000007,3757,4720,-963
101000008,2035,2180,-145
101000009,2546,750,1796
101000010,966,544,422
101000011,1031,392,639
101000012,603,663,-60
101000013,728,1302,-574
101000014,369,509,-140
101000015,1759,1027,732
101000016,279,543,-264
101000017,480,577,-97
101000018,1605,2867,-1262
101000020,2115,829,1286
101000021,622,398,224
101000022,160,256,-96
101000023,1099,731,368
101000025,305,583,-278
101000026,208,36,172
101000027,2191,3800,-1609
101000028,958,398,560
101000029,193,1774,-1581
101000030,1124,223,901
101000031,390,1210,-820
101000032,3086,5205,-2119
101000033,2592,4116,-1524
101000034,1020,2153,-1133
101000035,751,404,347
101000036,1173,1375,-202
101000037,1355,2254,-899
101000039,3267,3063,204
101000040,2708,5265,-2557
101000041,2896,8467,-5571
101000042,229,1397,-1168
101000043,3837,9314,-5477
101000045,516,1007,-491
101000046,1517,2771,-1254
101000047,1405,6010,-4605
101000048,615,450,165
101000049,593,2630,-2037
101000050,1632,2694,-1062
101000051,1025,3226,-2201
101000052,1332,1695,-363
101000053,1068,1330,-262
101000054,2496,999,1497
101000055,1229,1800,-571
101000056,51,143,-92
101000057,973,1692,-719
101000058,1044,1559,-515
101000059,1951,2438,-487
101000060,1848,1055,793
101000061,593,1850,-1257
101000062,405,793,-388
101000063,392,1488,-1096
101000064,698,1221,-523
101000065,356,808,-452
101000066,603,1336,-733
101000067,697,1122,-425
101000068,159,552,-393
101000069,164,80,84
101000070,708,1075,-367
101000071,2668,1244,1424
101000072,679,3610,-2931
101000073,811,1410,-599
101000074,3080,5142,-2062
101000075,2137,5881,-3744
101000077,2018,1722,296
101000078,1048,1326,-278
101000079,1277,1300,-23
101000080,1042,1179,-137
101000081,1783,1598,185
101000082,2269,2442,-173
101000083,3259,2423,836
101000084,1076,664,412
101000085,1524,1162,362
101000086,951,1252,-301
101000087,846,899,-53
101000088,1590,1216,374
101000089,1215,1692,-477
101000090,1835,1035,800
101000091,521,581,-60
101000092,1518,686,832
101000093,1544,732,812
101000094,1213,1041,172
101000095,660,663,-3
101000096,515,433,82
101000097,470,802,-332
101000098,456,994,-538
101000099,686,1710,-1024
101000100,750,1463,-713
101000101,226,404,-178
101000102,711,808,-97
101000103,663,741,-78
101000104,271,898,-627
101000105,156,808,-652
101000106,497,1686,-1189
101000107,358,548,-190
101000108,499,157,342
101000109,695,102,593
101000110,34,221,-187
101000111,89,234,-145
101000113,262,762,-500
101000114,4449,11050,-6601
101000115,51,47,4
101000116,77,44,33
101000117,2239,353,1886
101000119,47,59,-12
101000120,139,89,50
101000121,71,91,-20
101000122,118,159,-41
101000123,58,163,-105
101000124,1033,545,488
101000125,120,260,-140
101000128,284,1242,-958
101000130,146,303,-157
101000131,1333,431,902
101000132,1119,1190,-71
101000135,39,43,-4
101000136,237,247,-10
101000137,32,416,-384
101000141,796,3882,-3086
101000147,999,363,636
101000148,656,19,637
101000149,153,715,-562
101000150,83,271,-188
101000151,393,46,347
101000152,295,408,-113
101000153,332,182,150
101000154,463,486,-23
101000155,528,218,310
101000156,38,505,-467
101000157,108,44,64
101000160,48,18,30
101000163,162,477,-315
101000164,319,185,134
101000165,428,396,32
101000166,258,241,17
101000168,823,434,389
101000252,2585,1039,1546
101000254,65,109,-44
101000258,79,12,67
101000261,120,85,35
101000262,1182,4416,-3234
101000263,398,1551,-1153
101000265,100,864,-764
101000266,320,467,-147
101000269,23,10,13
101000290,674,2941,-2267
101000293,22,71,-49
101000294,760,648,112
101000295,238,246,-8
101000301,388,514,-126
101000304,2146,3028,-882
101000305,2767,1108,1659
101000328,3,35,-32
101900001,28,35,-7
101900002,0,15,-15
101900003,44,79,-35
101900004,0,103,-103
101900005,1571,3434,-1863
101900006,1821,78,1743
101900007,691,216,475
101900008,53,242,-189
101900009,35,343,-308
101900010,665,881,-216
101900011,150,914,-764
101900012,402,98,304
101900013,420,134,286
101900017,9,159,-150
101900018,852,319,533
101900019,98,109,-11
101900020,26,19,7
101900021,2,58,-56
101900022,185,614,-429
101900023,173,101,72
101900026,162,66,96
101900027,24,102,-78
102000001,3299,6123,-2824
102000002,2521,1040,1481
102000003,2672,7254,-4582
102000004,4592,2643,1949
102000005,1141,3100,-1959
102000006,743,1609,-866
102000007,1766,5401,-3635
102000008,4675,1506,3169
102000009,8225,10209,-1984
102000010,3933,3528,405
102000011,4621,3666,955
102000012,3194,2930,264
102000018,2547,2987,-440
102000019,3913,1891,2022
102000026,251,427,-176
102000029,220,183,37
102000030,192,413,-221
102000031,56,107,-51
102000032,685,442,243
102000033,381,353,28
102000034,501,565,-64
102000035,2572,798,1774
102000036,28,348,-320
102000037,204,33,171
102000038,128,432,-304
102000039,101,189,-88
102000040,193,438,-245
102000041,110,650,-540
102000042,159,530,-371
102000043,129,380,-251
102000044,307,737,-430
102000045,547,719,-172
102000046,1610,638,972
102000047,621,865,-244
102000048,510,948,-438
102000049,1090,1116,-26
102000050,954,1062,-108
102000051,429,861,-432
102000052,1094,853,241
102000053,972,1225,-253
102000054,911,1420,-509
102000055,1546,367,1179
102000056,1426,444,982
102000057,1588,529,1059
102000058,1098,801,297
102000059,1393,1117,276
102000060,950,819,131
102000061,2032,1446,586
102000062,2082,989,1093
102000063,932,1237,-305
102000064,559,659,-100
102000065,66,138,-72
102000066,809,1027,-218
102000067,2757,2774,-17
102000068,12497,3259,9238
102000069,166,3625,-3459
102000070,1473,35,1438
102000071,6857,9240,-2383
102000072,3015,4103,-1088
102000073,725,1139,-414
102000074,573,1434,-861
102000075,112,291,-179
102000076,232,278,-46
102000077,850,486,364
102000078,1322,303,1019
102000079,197,155,42
102000080,284,211,73
102000081,330,892,-562
102000082,688,415,273
102000083,826,239,587
102000084,562,178,384
102000085,6036,894,5142
102000086,1445,801,644
102000087,1497,1771,-274
102000088,359,339,20
102000089,1481,421,1060
102000090,409,1117,-708
102000091,1204,650,554
102000092,334,569,-235
102000093,530,609,-79
102000094,612,620,-8
102000095,880,1173,-293
102000096,559,735,-176
102000097,905,659,246
102000098,487,827,-340
102000099,923,1201,-278
102000100,241,1171,-930
102000101,434,685,-251
102000102,320,1234,-914
102000103,2066,364,1702
102000104,772,315,457
102000105,312,570,-258
102000106,941,459,482
102000107,1842,319,1523
102000108,689,149,540
102000109,738,354,384
102000110,1457,508,949
102000111,6,280,-274
102000112,114,130,-16
102000113,29,24,5
102000114,602,318,284
102000115,347,338,9
102000116,333,576,-243
102000117,134,855,-721
102000118,864,1678,-814
102000119,1363,1353,10
102000120,277,492,-215
102000121,1261,571,690
102000122,834,1020,-186
102000123,1383,1117,266
102000124,1817,1273,544
102000125,675,877,-202
102000126,854,777,77
102000127,1577,640,937
102000128,865,834,31
102000129,1704,534,1170
102000130,897,1048,-151
102000131,2293,1248,1045
102000132,1049,1820,-771
102000133,3078,1570,1508
102000134,1108,713,395
102000135,2177,1193,984
102000136,3468,708,2760
102000137,491,1924,-1433
102000138,163,537,-374
102000139,72,2330,-2258
102000140,145,3021,-2876
102000141,302,7289,-6987
102000142,314,434,-120
102000143,292,225,67
102000144,427,227,200
102000145,439,346,93
102000146,461,561,-100
102000147,511,396,115
102000148,196,477,-281
102000149,272,220,52
102000150,743,106,637
102000151,104,122,-18
102000152,202,110,92
102000153,1067,655,412
102000154,211,406,-195
102000155,62,382,-320
102000156,272,204,68
102000157,50,661,-611
102000158,364,534,-170
102000159,999,904,95
102000161,2020,2258,-238
102000162,135,153,-18
102000163,120,572,-452
102000164,715,953,-238
102000165,278,173,105
102000166,104,172,-68
102000167,219,364,-145
102000168,291,199,92
102000169,103,588,-485
102000170,518,212,306
102000171,124,447,-323
102000172,96,489,-393
102000173,420,335,85
102000174,107,71,36
102000175,90,92,-2
102000176,69,23,46
102000178,347,284,63
102000179,533,224,309
102000180,1291,307,984
102000181,941,398,543
102000182,704,402,302
102000183,2366,1195,1171
102000184,2271,473,1798
102000185,3282,891,2391
102000186,1749,1072,677
102000187,1113,1237,-124
102000188,1246,1217,29
102000189,1936,563,1373
102000190,587,2534,-1947
102000191,1060,516,544
102000192,1524,1764,-240
102000193,90,70,20
102000194,56,140,-84
102000195,456,327,129
102000196,255,219,36
102000197,1020,258,762
102000198,202,432,-230
102000199,1535,254,1281
102000200,340,583,-243
102000201,1598,416,1182
102000202,6,57,-51
102000203,566,139,427
102000204,681,446,235
102000205,1580,306,1274
102000206,767,218,549
102000207,854,509,345
102000208,544,315,229
102000209,82,79,3
102000210,583,294,289
102000211,565,197,368
102000212,411,22,389
102000213,9,170,-161
102000214,409,16,393
102000215,6,226,-220
102000216,73,92,-19
102000217,6,75,-69
102000218,367,259,108
102000219,241,169,72
102000225,429,536,-107
102000226,878,1449,-571
102000227,174,3,171
102000228,0,41,-41
102000229,86,54,32
102000230,334,276,58
102000231,392,366,26
102000232,38,161,-123
102000233,445,604,-159
102000234,132,1011,-879
102000236,246,162,84
102000237,465,137,328
102000238,214,325,-111
102000240,468,778,-310
102000241,1614,181,1433
102000243,9,37,-28
102000245,6,155,-149
102000246,9,31,-22
102000247,372,581,-209
102000248,294,873,-579
102000249,118,86,32
102000250,89,239,-150
102000254,192,143,49
102000266,17,1631,-1614
102000271,47,0,47
102000286,440,318,122
102000297,2191,1189,1002
102000299,0,0,0
102000301,0,0,0
102000305,0,0,0
102000307,0,3,-3
102000308,0,0,0
102900001,1630,640,990
102900002,395,49,346
102900003,108,148,-40
102900005,495,192,303
102900006,623,64,559
102900007,634,21,613
102900008,343,34,309
102900009,524,507,17
102900010,261,1039,-778
102900011,1139,497,642
102900012,414,86,328
102900013,45,37,8
102900015,582,528,54
102900016,84,51,33
102900017,302,246,56
102900018,68,46,22
102900019,477,690,-213
102900020,170,38,132
102900021,54,60,-6
102900022,261,134,127
102900023,35,105,-70
102900024,39,59,-20
102900025,166,82,84
102900026,410,2282,-1872
102900027,70,48,22
102900028,302,1111,-809
102900029,135,243,-108
102900030,405,391,14
102900031,338,159,179
102900032,107,79,28
102900033,133,139,-6
102900034,695,76,619
102900035,158,202,-44
102900036,369,282,87
102900037,339,239,100
102900038,543,241,302
102900039,13,644,-631
102900040,251,225,26
102900041,145,129,16
102900042,298,194,104
102900043,311,138,173
102900044,718,1229,-511
102900045,298,300,-2
102900046,176,171,5
102900047,134,471,-337
102900048,544,278,266
102900049,88,328,-240
102900050,168,231,-63
102900051,183,203,-20
102900052,56,83,-27
102900053,327,574,-247
102900054,360,1649,-1289
102900055,202,280,-78
102900056,93,358,-265
102900057,11,77,-66
102900058,426,78,348
102900059,41,47,-6
102900060,113,360,-247
102900061,192,257,-65
102900062,369,420,-51
102900063,1663,387,1276
102900064,107,456,-349
102900065,828,298,530
102900066,378,20,358
102900068,65,116,-51
102900070,254,1713,-1459
102900072,6,47,-41
102900073,88,10,78
102900075,19,104,-85
102900076,77,191,-114
102900077,53,32,21
102900078,25,56,-31
102900079,238,5,233
102900080,514,39,475
102900081,65,283,-218
102900082,11,212,-201
102900083,164,12,152
102900084,9,49,-40
102900085,301,110,191
102900086,26,100,-74
102900087,156,223,-67
102900088,71,48,23
102900089,237,104,133
102900090,2,125,-123
102900091,191,4,187
102900092,606,349,257
102900093,339,205,134
102900094,3,177,-174
102900095,125,0,125
102900096,75,5,70
102900097,26,55,-29
103000001,1947,2047,-100
103000002,2188,2411,-223
103000003,3091,2365,726
103000004,749,584,165
103000005,1861,3516,-1655
103000006,1055,1608,-553
103000007,527,643,-116
103000008,1133,583,550
103000009,1899,1155,744
103000010,142,74,68
103000011,1264,1058,206
103000012,1421,1689,-268
103000013,2587,1689,898
103000014,1336,2754,-1418
103000015,1425,709,716
103000016,562,1561,-999
103000017,271,537,-266
103000018,813,281,532
103000019,425,461,-36
103000020,1627,1231,396
103000021,1722,2136,-414
103000022,609,868,-259
103000023,724,2033,-1309
103000024,78,119,-41
103000025,135,854,-719
103000026,634,130,504
103000027,288,737,-449
103000028,256,331,-75
103000029,142,266,-124
103000030,1327,2002,-675
103000031,1094,2789,-1695
103000032,2140,1334,806
103000033,2813,2649,164
103000034,1095,860,235
103000035,388,1363,-975
103000036,250,401,-151
103000037,559,557,2
103000038,663,1188,-525
103000039,616,318,298
103000040,655,479,176
103000041,2103,1350,753
103000042,1534,380,1154
103000043,771,578,193
103000044,403,112,291
103000046,538,452,86
103000047,666,318,348
103000048,303,156,147
103000049,154,105,49
103000050,895,257,638
103000051,736,410,326
103000052,689,245,444
103000053,251,428,-177
103000054,2490,1269,1221
103000055,1914,1741,173
103000056,908,954,-46
103000057,1175,128,1047
103000058,744,634,110
103000059,744,570,174
103000060,852,408,444
103000061,556,788,-232
103000062,1132,351,781
103000063,1102,810,292
103000064,150,123,27
103000065,13,260,-247
103000066,191,8,183
103000069,425,202,223
103000070,971,524,447
103000071,1555,526,1029
103000072,132,463,-331
103000073,809,111,698
103000074,891,90,801
103000075,134,544,-410
103000076,413,667,-254
103000077,28,264,-236
103000078,971,1088,-117
103000079,482,739,-257
103000080,629,501,128
103000081,311,1145,-834
103000082,433,163,270
103000083,108,277,-169
103000084,98,9,89
103000085,2,115,-113
103000086,388,467,-79
103000087,157,695,-538
103000088,221,274,-53
103000089,316,616,-300
103000090,3604,1049,2555
103000091,1014,492,522
103000092,287,277,10
103000093,302,497,-195
103000094,209,109,100
103000095,93,308,-215
103000096,510,90,420
103000097,60,591,-531
103000098,599,166,433
103000099,186,549,-363
103000100,213,430,-217
103000101,1087,123,964
103000102,148,373,-225
103000103,837,137,700
103000104,133,96,37
103000105,318,79,239
103000106,17,175,-158
103000107,294,103,191
103000108,954,594,360
103000109,548,450,98
103000110,571,440,131
103000111,423,461,-38
103000112,325,293,32
103000113,370,568,-198
103000114,1339,649,690
103000115,809,552,257
103000116,816,392,424
103000117,514,407,107
103000118,418,431,-13
103000119,710,380,330
103000120,89,121,-32
103000121,130,311,-181
103000122,392,561,-169
103000125,53,116,-63
103000126,794,6,788
103000127,20,128,-108
103000128,197,6,191
103000129,16,104,-88
103000130,95,38,57
103000131,326,107,219
103000132,106,196,-90
103000133,20,136,-116
103000134,254,1013,-759
103000135,483,207,276
103000136,483,520,-37
103000137,419,547,-128
103000138,549,702,-153
103000139,3,63,-60
103000140,116,34,82
103000141,39,151,-112
103000142,135,81,54
103000143,65,182,-117
103000144,198,74,124
103000145,23,542,-519
103000150,138,52,86
103000152,205,227,-22
103000153,206,202,4
103000156,46,200,-154
103000157,510,0,510
103000159,151,45,106
103000162,55,17,38
103000163,10,47,-37
103000164,9,18,-9
103000165,71,175,-104
103000166,271,427,-156
103000167,279,121,158
103000168,192,140,52
103000169,194,573,-379
103000170,1349,239,1110
103000171,36,100,-64
103000172,930,154,776
103000173,1011,249,762
103000174,303,202,101
103000175,334,118,216
103000176,845,710,135
103000177,368,390,-22
103000178,128,285,-157
103000179,185,29,156
103000183,315,22,293
103000185,191,64,127
103000186,179,96,83
103000187,909,141,768
103000188,32,124,-92
103000189,795,506,289
103000191,585,560,25
103000292,587,1929,-1342
103000293,856,2916,-2060
103000295,79,138,-59
103000296,202,7,195
103000297,61,421,-360
103000504,56,24,32
103000505,7,66,-59
103000506,3,106,-103
103000507,226,1,225
103000508,121,105,16
103000509,246,392,-146
103900001,39,74,-35
103900002,813,109,704
103900003,958,215,743
103900004,190,1,189
103900005,1,96,-95
103900006,8,5,3
103900007,108,2,106
103900008,18,0,18
103900009,498,485,13
103900010,210,265,-55
103900011,580,79,501
103900012,3,17,-14
103900013,77,43,34
103900014,93,12,81
103900015,86,2,84
103900016,292,82,210
103900017,60,50,10
103900018,400,142,258
103900019,78,531,-453
103900020,264,564,-300
103900021,155,53,102
103900022,1019,549,470
103900023,263,3,260
103900024,76,352,-276
103900025,20,34,-14
103900026,98,0,98
103900027,643,195,448
103900028,47,325,-278
103900029,1268,179,1089
103900030,407,193,214
103900031,48,5,43
103900032,148,81,67
103900033,70,20,50
103900034,69,50,19
103900035,75,36,39
103900036,29,58,-29
103900037,115,95,20
103900038,109,254,-145
103900039,151,164,-13
103900040,17,136,-119
103900041,85,40,45
103900042,137,125,12
103900043,304,46,258
103900044,57,475,-418
103900045,424,120,304
103900047,144,17,127
103900048,38,59,-21
103900049,124,1003,-879
103900050,16,171,-155
103900051,4,54,-50
103900052,256,230,26
103900053,389,218,171
103900054,196,254,-58
103900055,491,158,333
103900056,114,51,63
103900057,68,71,-3
103900058,390,248,142
103900059,0,46,-46
103900060,66,106,-40
103900061,275,25,250
103900062,593,192,401
103900063,3,0,3
103900064,181,6,175
103900065,410,293,117
103900066,267,71,196
103900067,270,20,250
103900068,1,0,1
103900069,100,15,85
103900070,118,189,-71
103900071,13,62,-49
103900072,32,97,-65
103900073,51,60,-9
103900074,109,47,62
103900075,317,39,278
103900076,737,258,479
103900077,60,183,-123
103900078,347,76,271
103900079,148,169,-21
103900080,9,17,-8
103900081,15,11,4
103900082,23,131,-108
103900083,963,1452,-489
103900084,94,173,-79
103900085,75,136,-61
103900086,1083,316,767
103900087,7,40,-33
103900088,333,537,-204
103900089,56,95,-39
103900090,5,27,-22
103900091,821,139,682
103900092,651,468,183
103900093,50,273,-223
103900094,21,57,-36
103900095,313,215,98
103900096,51,92,-41
103900097,17,434,-417
103900098,306,157,149
103900099,147,63,84
103900100,428,189,239
103900101,146,896,-750
103900102,8,48,-40
103900104,2,29,-27
103900105,46,122,-76
103900106,1,149,-148
103900107,180,96,84
103900108,75,151,-76
103900109,166,48,118
103900110,302,68,234
103900111,244,236,8
103900112,106,151,-45
103900113,123,277,-154
103900114,368,219,149
103900115,235,226,9
103900116,1842,2785,-943
103900117,148,41,107
103900119,27,110,-83
103900120,89,61,28
103900122,190,109,81
103900123,667,630,37
103900124,72,203,-131
103900125,144,45,99
103900126,653,228,425
103900127,263,195,68
103900128,211,89,122
103900131,36,52,-16
103900133,1053,54,999
103900134,0,14,-14
103900135,4,5,-1
103900137,2,14,-12
103900138,199,41,158
103900139,234,3441,-3207
103900140,1,280,-279
103900141,199,53,146
103900142,359,46,313
103900143,182,5,177
103900144,3,16,-13
103900145,125,177,-52
103900146,286,196,90
103900147,471,166,305
103900148,384,207,177
103900149,489,248,241
103900150,3457,5642,-2185
103900151,38,172,-134
103900152,986,211,775
103900153,15,14,1
103900154,450,2311,-1861
103900155,75,119,-44
103900156,148,68,80
103900157,100,70,30
103900158,159,44,115
103900159,239,35,204
103900160,60,50,10
103900161,82,152,-70
103900162,85,76,9
103900163,8,403,-395
103900167,22,157,-135
103900168,193,68,125
103900169,34,104,-70
103900170,0,79,-79
103900171,1,18,-17
103900172,2,10,-8
103900173,18,14,4
103900174,303,39,264
103900175,42,87,-45
103900176,1,33,-32
103900177,23,28,-5
103900178,106,34,72
103900179,83,50,33
103900180,35,56,-21
103900181,52,25,27
103900182,22,11,11
103900184,216,178,38
103900185,107,595,-488
103900187,15,127,-112
103900188,72,58,14
103900189,96,7,89
103900190,129,59,70
103900191,25,41,-16
103900192,32,70,-38
103900193,90,130,-40
103900194,88,135,-47
103900195,6,117,-111
103900196,55,53,2
103900197,18,18,0
103900198,12,38,-26
103900199,106,82,24
103900200,200,76,124
103900201,107,97,10
103900202,20,58,-38
103900203,44,31,13
103900204,1,50,-49
103900207,0,33,-33
103900208,197,1,196
103900209,9,105,-96
103900210,51,25,26
103900211,726,267,459
103900212,185,158,27
103900213,36,204,-168
103900214,216,217,-1
103900215,170,287,-117
103900216,8,186,-178
103900217,335,62,273
103900218,0,251,-251
103900219,186,123,63
103900233,49,8,41
103900235,19,69,-50
103900236,11,14,-3
103900242,6,14,-8
103900243,2,4,-2
103900244,170,131,39
103900245,118,97,21
103900246,51,52,-1
103900247,25,73,-48
103900248,7,98,-91
103900249,0,83,-83
103900250,15,34,-19
103900251,0,19,-19
103900253,13,66,-53
103900254,4,21,-17
103900255,4,8,-4
103900256,15,14,1
103900257,128,142,-14
103900258,21,10,11
103900259,35,15,20
103900261,27,4,23
103900262,21,2,19
103900263,42,32,10
103900264,43,16,27
103900265,18,1,17
103900266,4,80,-76
103900267,10,56,-46
103900268,10,26,-16
103900269,152,9,143
103900270,65,58,7
103900271,54,57,-3
103900272,48,21,27
103900273,52,6,46
103900274,168,5,163
103900275,95,17,78
103900276,5,47,-42
103900277,7,22,-15
103900278,0,4,-4
103900279,1,3,-2
104000001,2736,1915,821
104000002,1680,1793,-113
104000003,2397,1941,456
104000004,2254,2032,222
104000005,2018,2128,-110
104000006,3004,2257,747
104000007,3775,3648,127
104000008,150,157,-7
104000009,205,113,92
104000010,194,320,-126
104000011,274,157,117
104000012,110,215,-105
104000013,283,264,19
104000014,233,442,-209
104000015,403,168,235
104000016,370,275,95
104000018,954,183,771
104000019,592,212,380
104000020,140,339,-199
104000021,236,341,-105
104000022,150,240,-90
104000023,1111,376,735
104000024,267,255,12
104000026,57,317,-260
104000027,285,174,111
104000028,460,237,223
104000029,310,197,113
104000030,348,154,194
104000031,1338,334,1004
104000032,230,219,11
104000033,663,437,226
104000034,365,170,195
104000035,1052,328,724
104000036,1001,391,610
104000037,279,114,165
104000038,627,318,309
104000039,231,143,88
104000040,129,363,-234
104000041,729,292,437
104000042,173,208,-35
104000043,163,233,-70
104000044,245,375,-130
104000045,896,637,259
104000046,751,949,-198
104000047,642,1011,-369
104000048,808,762,46
104000049,644,393,251
104000050,179,987,-808
104000051,132,477,-345
104000052,1879,1949,-70
104000053,932,432,500
104000054,558,227,331
104000055,3102,2207,895
104000056,767,217,550
104000057,158,244,-86
104000058,815,622,193
104000059,656,937,-281
104000060,1194,1446,-252
104000061,1127,960,167
104000062,387,98,289
104000064,510,248,262
104000065,201,631,-430
104000069,543,1336,-793
104000070,65,489,-424
104000071,118,256,-138
104000072,497,144,353
104000075,100,269,-169
104000076,527,87,440
104000082,2199,3532,-1333
104000083,651,225,426
104000084,162,351,-189
104000085,389,317,72
104000086,217,386,-169
104000087,322,1914,-1592
104000090,974,701,273
104000092,1581,987,594
104000094,816,924,-108
104000095,2094,1235,859
104000096,1878,66,1812
104000097,2141,523,1618
104000098,2905,485,2420
104000100,2108,634,1474
104000101,1438,1247,191
104000106,36,541,-505
104000107,600,256,344
104000108,210,295,-85
104000109,345,142,203
104000110,674,1051,-377
104000111,2271,2997,-726
104000112,883,453,430
104000116,0,540,-540
104000117,217,313,-96
104000118,1052,152,900
104000119,974,329,645
104000120,277,380,-103
104000121,257,527,-270
104000122,932,729,203
104000123,667,594,73
104000124,407,1292,-885
104000125,2040,4886,-2846
104000126,517,472,45
104000127,1138,1386,-248
104000128,580,209,371
104000129,437,16,421
104000130,10,305,-295
104000131,282,216,66
104000132,284,252,32
104000133,1340,795,545
104000134,921,1697,-776
104000135,499,1743,-1244
104000136,691,3349,-2658
104000137,1556,357,1199
104000138,950,524,426
104000139,3194,2359,835
104000141,764,931,-167
104000142,579,341,238
104000143,774,261,513
104000144,138,181,-43
104000145,324,210,114
104000146,171,367,-196
104000147,133,251,-118
104000148,477,246,231
104000149,183,138,45
104000150,1198,665,533
104000151,318,265,53
104000152,560,497,63
104000153,836,689,147
104000154,742,403,339
104000155,497,691,-194
104000157,1026,1271,-245
104000158,211,1110,-899
104000159,797,775,22
104000160,1821,2025,-204
104000161,231,201,30
104000162,95,204,-109
104000165,693,751,-58
104000167,806,1329,-523
104000168,770,16,754
104000169,192,53,139
104000170,242,453,-211
104000248,401,408,-7
104000251,65,123,-58
104000272,0,0,0
104000273,0,0,0
104000274,0,0,0
104000275,0,0,0
104000279,656,523,133
104000290,77,198,-121
104000291,470,1093,-623
104000293,1177,761,416
104000294,113,0,113
104000295,723,727,-4
104000296,552,559,-7
104000297,620,1868,-1248
104000298,2009,814,1195
104000299,812,1200,-388
104900001,131,220,-89
104900002,83,198,-115
104900003,91,231,-140
104900004,135,140,-5
104900005,494,330,164
104900006,509,97,412
104900007,359,186,173
104900009,191,200,-9
104900010,83,77,6
104900011,15,40,-25
104900012,283,42,241
104900013,94,8,86
104900014,1901,323,1578
104900015,117,5,112
104900016,289,169,120
104900017,222,128,94
104900018,4,162,-158
104900019,203,4406,-4203
104900020,35,212,-177
104900021,2,63,-61
104900022,9,96,-87
104900023,0,30,-30
104900024,20,79,-59
104900025,84,134,-50
104900026,1,25,-24
104900027,722,378,344
104900028,13,67,-54
104900029,20,49,-29
104900030,506,219,287
104900031,48,272,-224
104900032,37,73,-36
104900033,252,239,13
104900034,487,207,280
104900035,550,249,301
104900036,304,57,247
104900037,148,139,9
104900038,233,1197,-964
104900039,337,529,-192
104900040,531,85,446
104900041,432,129,303
104900042,160,175,-15
104900043,21,266,-245
104900044,953,168,785
104900045,397,71,326
104900046,368,98,270
104900047,474,102,372
104900048,430,31,399
104900049,88,42,46
104900050,440,74,366
104900051,311,42,269
104900052,154,8,146
104900053,415,124,291
104900054,303,25,278
104900055,187,0,187
104900056,199,22,177
104900057,64,0,64
104900058,708,778,-70
104900059,111,56,55
104900060,0,517,-517
104900061,185,307,-122
104900063,0,114,-114
104900064,0,77,-77
104900065,0,261,-261
104900066,1,64,-63
104900067,9,275,-266
104900068,30,191,-161
104900070,151,200,-49
104900071,0,354,-354
104900072,78,249,-171
104900073,93,95,-2
104900074,89,162,-73
104900075,83,37,46
104900076,171,193,-22
104900077,523,278,245
104900078,252,284,-32
104900079,134,673,-539
104900080,127,409,-282
104900082,8,309,-301
104900085,3,131,-128
104900087,433,12,421
104900089,342,1,341
104900090,1267,1006,261
104900091,648,596,52
104900093,207,334,-127
104900097,1155,1968,-813
104900098,248,43,205
104900099,585,1500,-915
104900100,325,185,140
104900102,46,97,-51
104900103,343,49,294
104900104,1970,2340,-370
104900106,149,88,61
104900107,96,130,-34
104900108,76,159,-83
104900109,115,210,-95
104900110,7,39,-32
104900111,270,89,181
104900112,323,329,-6
104900113,944,225,719
104900114,501,287,214
104900115,922,212,710
104900116,476,112,364
104900118,36,33,3
104900119,2,60,-58
104900120,16,424,-408
104900121,1,34,-33
104900122,1,24,-23
104900123,123,24,99
104900124,85,0,85
104900125,466,2,464
104900126,53,34,19
104900127,24,61,-37
104900128,122,112,10
104900129,967,2676,-1709
105000001,3078,1451,1627
105000002,2607,1566,1041
105000003,2914,3564,-650
105000004,763,724,39
105000005,1365,1173,192
105000006,1509,1925,-416
105000007,1534,2125,-591
105000008,1290,4723,-3433
105000009,3404,3935,-531
105000010,2843,1206,1637
105000011,4282,3867,415
105000012,3077,2193,884
105000013,1266,1691,-425
105000014,2762,3796,-1034
105000015,9350,16231,-6881
105000016,1282,1410,-128
105000017,1418,692,726
105000018,880,1740,-860
105000019,956,995,-39
105000020,148,472,-324
105000021,166,194,-28
105000022,247,173,74
105000023,510,208,302
105000028,39,68,-29
105000029,653,1873,-1220
105000030,3314,2141,1173
105000033,887,1510,-623
105000034,144,1471,-1327
105000037,568,299,269
105000038,1741,1770,-29
105000039,2106,1353,753
105000040,1198,1593,-395
105000041,444,1341,-897
105000042,2839,2520,319
105000043,1146,3121,-1975
105000044,742,776,-34
105000045,330,381,-51
105000046,1545,449,1096
105000047,482,629,-147
105000048,650,188,462
105000049,273,391,-118
105000050,801,390,411
105000051,182,366,-184
105000052,610,767,-157
105000053,76,133,-57
105000054,476,763,-287
105000055,926,268,658
105000056,1954,1632,322
105000057,1599,516,1083
105000058,1209,868,341
105000059,879,510,369
105000060,476,410,66
105000061,926,450,476
105000062,501,523,-22
105000063,307,290,17
105000064,2265,715,1550
105000065,418,374,44
105000066,968,922,46
105000067,1577,852,725
105000068,339,750,-411
105000069,1141,2591,-1450
105000070,348,1116,-768
105000071,257,1287,-1030
105000072,1019,3097,-2078
105000073,1012,703,309
105000074,719,497,222
105000075,532,611,-79
105000076,1006,686,320
105000077,1835,1136,699
105000078,1194,1448,-254
105000079,1076,3306,-2230
105000080,1866,1603,263
105000081,2061,1310,751
105000082,894,2337,-1443
105000083,2971,4272,-1301
105000084,523,677,-154
105000085,2008,2703,-695
105000086,719,979,-260
105000087,1478,2089,-611
105000088,1281,1980,-699
105000089,2763,2138,625
105000090,1034,925,109
105000091,1110,1366,-256
105000092,698,846,-148
105000093,384,450,-66
105000094,445,253,192
105000095,137,525,-388
105000096,1118,1708,-590
105000097,747,773,-26
105000098,1043,572,471
105000099,672,676,-4
105000100,1709,1111,598
105000101,2048,2409,-361
105000102,1823,2324,-501
105000103,1168,3513,-2345
105000104,2573,1353,1220
105000105,1218,1433,-215
105000106,1437,1154,283
105000107,1777,755,1022
105000108,2146,1030,1116
105000109,1946,1071,875
105000110,962,409,553
105000111,1149,564,585
105000112,1251,460,791
105000113,504,649,-145
105000114,1695,1522,173
105000115,360,1429,-1069
105000116,1111,573,538
105000117,884,539,345
105000118,848,444,404
105000119,501,420,81
105000120,1465,490,975
105000121,744,578,166
105000122,447,672,-225
105000123,961,716,245
105000124,2402,775,1627
105000125,893,1070,-177
105000126,2423,1099,1324
105000127,2572,1271,1301
105000128,915,870,45
105000129,1145,210,935
105000130,312,3611,-3299
105000131,566,249,317
105000132,1284,859,425
105000133,570,685,-115
105000134,1230,586,644
105000135,297,320,-23
105000136,154,211,-57
105000137,824,235,589
105000138,158,247,-89
105000139,911,641,270
105000140,642,472,170
105000141,367,369,-2
105000142,303,424,-121
105000143,202,424,-222
105000144,240,552,-312
105000145,900,277,623
105000146,432,573,-141
105000147,731,292,439
105000148,1090,537,553
105000149,3110,2052,1058
105000150,1470,923,547
105000151,665,321,344
105000152,246,344,-98
105000153,682,598,84
105000154,568,396,172
105000155,345,898,-553
105000156,541,504,37
105000157,720,1212,-492
105000158,2009,842,1167
105000159,289,808,-519
105000160,2823,662,2161
105000161,740,931,-191
105000162,691,2136,-1445
105000163,912,701,211
105000164,175,245,-70
105000165,630,7064,-6434
105000166,3835,1464,2371
105000167,1278,2517,-1239
105000168,438,442,-4
105000169,828,171,657
105000170,279,1211,-932
105000171,1157,178,979
105000172,216,28,188
105000173,366,47,319
105000174,108,82,26
105000175,142,90,52
105000176,636,106,530
105000177,441,213,228
105000178,367,251,116
105000179,1163,138,1025
105000180,272,79,193
105000181,196,171,25
105000182,72,32,40
105000183,1740,2640,-900
105000184,1003,1448,-445
105000185,1299,1524,-225
105000186,482,953,-471
105000187,930,295,635
105000188,297,271,26
105000189,129,590,-461
105000190,262,335,-73
105000191,493,280,213
105000192,377,63,314
105000193,82,134,-52
105000194,530,101,429
105000195,397,702,-305
105000196,86,242,-156
105000197,283,511,-228
105000198,343,232,111
105000199,123,555,-432
105000200,109,458,-349
105000201,68,97,-29
105000203,10,103,-93
105000204,114,63,51
105000205,127,252,-125
105000207,271,110,161
105000208,212,1117,-905
105000209,175,205,-30
105000212,1216,620,596
105000213,112,228,-116
105000214,229,235,-6
105000215,429,132,297
105000216,188,153,35
105000217,175,183,-8
105000218,2006,1117,889
105000221,197,115,82
105000222,658,147,511
105000223,410,143,267
105000226,91,127,-36
105000227,88,108,-20
105000228,165,2201,-2036
105000229,147,671,-524
105000231,533,467,66
105000233,987,802,185
105000234,575,853,-278
105000235,461,528,-67
105000237,1086,74,1012
105000243,24,127,-103
105000248,41,105,-64
105000262,441,674,-233
105000269,176,178,-2
105000270,676,43,633
105000271,1,151,-150
105000282,34,25,9
105000287,328,203,125
105000288,854,451,403
105000289,1583,2155,-572
105000290,25,6,19
105000402,2388,4305,-1917
105000426,275,726,-451
105000438,2325,1581,744
105000446,8649,4400,4249
105000447,3176,1885,1291
105000454,784,318,466
105000455,184,140,44
105000474,85,1,84
105000477,796,691,105
105000478,2405,5492,-3087
105000479,109,126,-17
105000480,6854,8747,-1893
105000481,4645,4121,524
105000482,3199,5220,-2021
105000483,1855,2992,-1137
105000484,1617,2217,-600
105000485,1339,3694,-2355
105000486,2205,2335,-130
105000488,6040,3077,2963
105000489,1170,602,568
105000549,148,128,20
105000550,365,1051,-686
105000551,32,102,-70
105000552,1886,1003,883
105000555,189,621,-432
105900001,5,2752,-2747
105900002,713,1084,-371
105900003,13,84,-71
105900004,169,94,75
105900005,15,171,-156
105900006,12,138,-126
105900007,109,26,83
105900008,87,335,-248
105900009,36,16,20
105900011,192,316,-124
105900012,530,272,258
105900013,5,42,-37
105900014,6,89,-83
105900015,127,583,-456
105900016,677,607,70
105900017,2012,34,1978
105900018,231,143,88
105900019,85,526,-441
105900020,62,61,1
105900021,43,3190,-3147
105900022,258,173,85
105900023,12,413,-401
105900024,12,560,-548
105900025,269,17,252
105900026,215,17,198
105900027,20729,7290,13439
105900028,780,459,321
105900029,2353,366,1987
105900030,218,240,-22
105900031,304,165,139
105900032,79,94,-15
105900033,82,102,-20
105900034,353,165,188
105900035,206,180,26
105900036,193,133,60
105900037,88,48,40
105900038,192,219,-27
105900039,171,85,86
105900040,105,89,16
105900041,196,173,23
105900042,90,162,-72
105900043,1100,41,1059
105900044,4,271,-267
105900045,2,854,-852
105900046,11,223,-212
105900047,13,39,-26
105900048,94,430,-336
105900050,5553,12304,-6751
105900051,82,1221,-1139
105900052,766,279,487
105900053,2383,4033,-1650
105900054,233,361,-128
105900056,1156,449,707
105900057,31,214,-183
105900058,25,11,14
105900059,0,43,-43
106000001,2775,2297,478
106000002,1052,4313,-3261
106000003,3352,3676,-324
106000004,1280,2028,-748
106000005,4302,4410,-108
106000006,4446,1997,2449
106000007,608,415,193
106000008,461,310,151
106000009,652,308,344
106000010,488,497,-9
106000011,1503,1057,446
106000012,922,820,102
106000013,2188,1775,413
106000014,1679,1049,630
106000015,2139,1282,857
106000016,1325,1449,-124
106000017,542,821,-279
106000018,602,418,184
106000019,489,530,-41
106000020,311,299,12
106000021,320,406,-86
106000022,372,137,235
106000023,736,287,449
106000024,611,384,227
106000025,149,161,-12
106000026,71,129,-58
106000027,1671,1267,404
106000028,682,249,433
106000029,689,668,21
106000030,316,554,-238
106000034,178,367,-189
106000035,939,2194,-1255
106000036,131,396,-265
106000037,1324,1075,249
106000038,109,85,24
106000039,86,115,-29
106000040,102,915,-813
106000041,647,655,-8
106000043,462,272,190
106000046,298,116,182
106000047,66,472,-406
106000049,1234,231,1003
106000050,289,415,-126
106000051,813,482,331
106000052,109,387,-278
106000053,528,149,379
106000054,307,261,46
106000055,1172,706,466
106000056,325,220,105
106000057,622,290,332
106000058,167,108,59
106000059,413,323,90
106000060,274,345,-71
106000061,272,562,-290
106000062,124,388,-264
106000063,887,676,211
106000064,34,262,-228
106000065,493,308,185
106000066,122,254,-132
106000067,670,108,562
106000068,89,458,-369
106000069,361,80,281
106000070,405,490,-85
106000071,1166,325,841
106000072,2087,1354,733
106000073,1326,3433,-2107
106000074,707,654,53
106000075,329,1194,-865
106000076,1518,1538,-20
106000077,2627,979,1648
106000078,1181,712,469
106000079,794,612,182
106000080,1227,472,755
106000081,751,883,-132
106000082,1945,636,1309
106000083,456,1265,-809
106000084,1003,536,467
106000085,1146,1361,-215
106000086,601,727,-126
106000087,1017,391,626
106000088,326,656,-330
106000089,1145,258,887
106000090,312,531,-219
106000091,241,337,-96
106000092,751,200,551
106000093,352,182,170
106000094,113,205,-92
106000095,1068,595,473
106000096,1104,462,642
106000097,1348,536,812
106000098,869,707,162
106000099,280,1555,-1275
106000100,1458,248,1210
106000101,1275,618,657
106000102,148,1641,-1493
106000103,379,689,-310
106000104,940,340,600
106000105,444,473,-29
106000106,823,276,547
106000107,138,178,-40
106000108,313,144,169
106000109,222,166,56
106000110,366,193,173
106000111,163,160,3
106000112,321,633,-312
106000113,623,386,237
106000114,487,741,-254
106000115,229,293,-64
106000116,335,231,104
106000117,940,502,438
106000118,1426,1354,72
106000119,957,596,361
106000120,1069,1415,-346
106000121,228,129,99
106000122,191,75,116
106000123,686,75,611
106000124,123,111,12
106000125,41,143,-102
106000126,369,56,313
106000127,1151,539,612
106000128,1084,123,961
106000129,547,389,158
106000130,1108,274,834
106000131,147,628,-481
106000132,575,140,435
106000133,2179,1318,861
106000134,417,2325,-1908
106000135,165,421,-256
106000136,639,1092,-453
106000137,53,523,-470
106000138,1675,132,1543
106000139,56,62,-6
106000140,32,33,-1
106000141,158,21,137
106000142,94,37,57
106000143,23,28,-5
106000144,40,60,-20
106000145,408,116,292
106000146,557,149,408
106000147,330,299,31
106000148,352,488,-136
106000149,725,260,465
106000150,658,1839,-1181
106000151,2617,761,1856
106000152,920,2167,-1247
106000153,76,1990,-1914
106000154,1130,160,970
106000155,142,263,-121
106000156,1443,232,1211
106000157,744,1386,-642
106000158,2109,903,1206
106000159,1988,2072,-84
106000160,488,3420,-2932
106000161,1151,231,920
106000162,347,1189,-842
106000163,465,217,248
106000164,608,242,366
106000165,258,358,-100
106000166,989,297,692
106000167,457,557,-100
106000168,894,295,599
106000169,295,352,-57
106000170,1130,204,926
106000171,256,1025,-769
106000172,2970,1425,1545
106000173,1194,2015,-821
106000174,1315,322,993
106000175,257,455,-198
106000176,1920,862,1058
106000177,993,1654,-661
106000178,3350,1357,1993
106000179,697,1409,-712
106000180,812,743,69
106000181,1243,1375,-132
106000182,1850,603,1247
106000183,1863,455,1408
106000184,2232,548,1684
106000185,1370,1260,110
106000186,612,108,504
106000187,133,957,-824
106000188,0,0,0
106000189,5,27,-22
106000190,17,10,7
106000191,702,103,599
106000192,0,10,-10
106000193,358,203,155
106000194,106,333,-227
106000195,634,289,345
106000196,171,670,-499
106000197,761,277,484
106000198,251,138,113
106000199,639,976,-337
106000200,229,298,-69
106000201,449,4147,-3698
106000202,2111,469,1642
106000203,25,112,-87
106000204,113,4,109
106000205,6,94,-88
106000206,92,32,60
106000207,24,367,-343
106000208,1750,226,1524
106000209,1870,476,1394
106000210,255,547,-292
106000211,237,856,-619
106000212,866,556,310
106000213,314,1590,-1276
106000214,1616,598,1018
106000215,362,405,-43
106000216,500,338,162
106000217,184,281,-97
106000218,419,315,104
106000219,137,219,-82
106000220,497,319,178
106000221,320,112,208
106000222,104,89,15
106000223,389,119,270
106000224,288,102,186
106000225,87,146,-59
106000226,99,138,-39
106000228,64,91,-27
106000229,106,545,-439
106000231,1151,123,1028
106000232,74,216,-142
106000233,708,69,639
106000234,29,297,-268
106000235,773,200,573
106000236,236,152,84
106000237,4,28,-24
106000238,59,30,29
106000239,2,121,-119
106000240,29,11,18
106000241,10,440,-430
106000242,263,30,233
106000249,99,44,55
106000250,100,501,-401
106000251,138,21,117
106000252,17,58,-41
106000253,86,101,-15
106000254,83,33,50
106000255,26,131,-105
106000256,52,44,8
106000257,167,183,-16
106000258,317,21,296
106000259,2,116,-114
106000260,38,4,34
106000261,4,71,-67
106000262,82,9,73
106000263,5,74,-69
106000264,187,9,178
106000265,14,121,-107
106000266,114,27,87
106000267,19,80,-61
106000268,334,50,284
106000269,59,29,30
106000270,149,294,-145
106000271,90,129,-39
106000272,234,71,163
106000273,10,170,-160
106000274,149,33,116
106000275,197,198,-1
106000276,113,27,86
106000277,119,264,-145
106000278,119,30,89
106000279,10,10,0
106000280,93,51,42
106000281,102,42,60
106000282,70,38,32
106000283,138,48,90
106000284,129,102,27
106000285,119,73,46
106000286,94,96,-2
106000287,129,90,39
106000288,92,99,-7
106000289,86,64,22
106000290,55,54,1
106000291,121,86,35
106000292,106,61,45
106000293,155,77,78
106000294,111,81,30
106000295,72,62,10
106000296,41,99,-58
106000297,58,236,-178
106000298,98,81,17
106000299,52,110,-58
106000300,67,111,-44
106000301,70,115,-45
106000303,46,85,-39
106000304,31,32,-1
106000305,49,42,7
106000306,71,37,34
106000307,100,19,81
106000308,42,66,-24
106000309,39,73,-34
106000310,295,230,65
106000311,332,152,180
106000312,157,86,71
106000313,313,122,191
106000318,63,478,-415
106000319,1366,375,991
106000320,1,115,-114
106000321,272,226,46
106000322,183,59,124
106000324,23,125,-102
106000325,1978,883,1095
106000326,965,1240,-275
106000327,293,49,244
106000328,42,122,-80
106000329,142,248,-106
106000330,50,103,-53
106000428,112,163,-51
106000429,178,302,-124
106000430,332,918,-586
106000431,2306,367,1939
106000432,1171,1922,-751
106000433,2648,1541,1107
106000434,3545,1654,1891
106000435,946,2288,-1342
106000436,11,107,-96
106000437,392,97,295
106000438,394,260,134
106000439,66,433,-367
106000440,253,807,-554
106000441,14,3,11
106000442,196,17,179
106000443,232,138,94
106000450,1,51,-50
106000451,13,74,-61
106000454,3,134,-131
106000455,17,107,-90
106000456,110,39,71
106000457,19,391,-372
106000458,1309,40,1269
106000459,199,148,51
106000460,1949,26,1923
106000461,169,405,-236
106000462,1,47,-46
106000463,5,6,-1
106000464,3,157,-154
106000465,945,9,936
106000466,14,173,-159
106000467,130,252,-122
106000468,101,142,-41
106000469,82,1,81
106000470,213,2083,-1870
106000471,9,319,-310
106000472,169,17,152
106000473,42,16,26
106000474,323,307,16
106000475,399,126,273
106000476,130,316,-186
106000477,15,24,-9
106000480,0,169,-169
106900001,0,13,-13
106900002,0,168,-168
106900003,127,2306,-2179
106900004,0,12,-12
106900006,0,8,-8
106900007,0,11,-11
106900008,468,64,404
106900009,400,190,210
106900010,264,160,104
106900012,959,2500,-1541
106900013,606,227,379
106900014,54,5,49
106900015,17,5,12
106900016,389,23,366
106900017,6,4,2
106900018,9,0,9
106900019,89,1,88
106900020,3968,1869,2099
106900021,264,143,121
106900022,1078,4,1074
106900023,46,196,-150
106900024,623,71,552
106900025,53,1315,-1262
106900026,0,200,-200
106900027,1095,4,1091
107000001,3553,5273,-1720
107000002,1793,3185,-1392
107000003,8258,6970,1288
107000004,3972,2458,1514
107000005,7323,6611,712
107000006,3616,1999,1617
107000007,6211,10217,-4006
107000008,6718,4539,2179
107000009,10256,9048,1208
107000010,7048,5300,1748
107000011,729,944,-215
107000012,2955,1960,995
107000013,126,63,63
107000014,68,125,-57
107000015,577,407,170
107000016,980,464,516
107000017,2144,12025,-9881
107000018,25,7987,-7962
107000020,1567,11042,-9475
107000021,1466,508,958
107000022,954,4691,-3737
107000023,1819,243,1576
107000024,1494,1649,-155
107000025,271,351,-80
107000026,766,427,339
107000027,1638,1000,638
107000028,1853,723,1130
107000029,4231,3479,752
107000030,2874,1930,944
107000031,5351,2736,2615
107000032,432,674,-242
107000033,2623,3712,-1089
107000034,8921,1197,7724
107000035,479,258,221
107000036,1172,1293,-121
107000037,96,773,-677
107000038,225,193,32
107000039,1155,865,290
107000040,293,243,50
107000041,1590,891,699
107000042,646,2131,-1485
107000043,1881,1145,736
107000044,327,840,-513
107000045,93,244,-151
107000046,851,549,302
107000047,501,631,-130
107000048,731,374,357
107000049,545,664,-119
107000050,1115,553,562
107000051,205,278,-73
107000052,1160,1240,-80
107000053,424,342,82
107000054,41,183,-142
107000055,273,134,139
107000056,408,574,-166
107000057,1493,186,1307
107000058,2069,2572,-503
107000059,1892,2493,-601
107000060,5741,5890,-149
107000061,4855,2740,2115
107000062,6451,3239,3212
107000063,4172,3002,1170
107000064,6007,3549,2458
107000065,3803,3490,313
107000066,2025,4654,-2629
107000067,1538,2034,-496
107000068,1217,1295,-78
107000069,1237,753,484
107000070,1289,11,1278
107000071,4850,85,4765
107000072,28,1597,-1569
107000073,1239,581,658
107000074,130,654,-524
107000075,2500,643,1857
107000076,436,911,-475
107000077,4571,1668,2903
107000078,1622,1833,-211
107000079,3737,1334,2403
107000080,837,2172,-1335
107000081,3092,714,2378
107000082,834,775,59
107000083,1724,633,1091
107000084,354,1101,-747
107000085,3359,3213,146
107000086,3150,2534,616
107000087,3471,2214,1257
107000088,3215,2624,591
107000089,1990,1882,108
107000090,1410,717,693
107000091,1815,928,887
107000092,1026,671,355
107000093,1714,951,763
107000094,902,785,117
107000095,1072,651,421
107000096,589,658,-69
107000097,855,382,473
107000098,430,424,6
107000099,413,332,81
107000100,273,395,-122
107000101,105,183,-78
107000102,212,312,-100
107000103,225,196,29
107000104,158,207,-49
107000105,408,126,282
107000106,204,179,25
107000107,601,150,451
107000108,169,331,-162
107000109,852,110,742
107000110,70,240,-170
107000111,492,63,429
107000112,44,176,-132
107000113,890,98,792
107000114,86,355,-269
107000115,834,219,615
107000116,99,440,-341
107000117,164,1093,-929
107000118,83,113,-30
107000119,1597,1578,19
107000120,829,697,132
107000121,1122,672,450
107000122,1036,600,436
107000123,557,544,13
107000124,610,445,165
107000125,1540,572,968
107000126,1384,380,1004
107000129,246,414,-168
107000130,778,299,479
107000131,441,497,-56
107000132,561,239,322
107000133,426,130,296
107000134,292,2,290
107000135,1,500,-499
107000136,681,6,675
107000137,4,696,-692
107000138,213,45,168
107000139,16,751,-735
107000140,1919,138,1781
107000141,175,743,-568
107000142,625,86,539
107000143,94,553,-459
107000144,710,541,169
107000145,163,427,-264
107000146,216,351,-135
107000147,4003,753,3250
107000150,557,3238,-2681
107000151,17,67,-50
107000152,625,1980,-1355
107000153,133,332,-199
107000154,63,306,-243
107000155,1008,15,993
107000156,1563,13,1550
107000157,145,714,-569
107000158,907,16,891
107000159,51,400,-349
107000160,1854,196,1658
107000161,122,576,-454
107000162,329,743,-414
107000163,193,0,193
107000164,929,0,929
107000165,1491,26,1465
107000166,39,523,-484
107000167,811,228,583
107000168,1192,631,561
107000169,691,582,109
107000170,3706,897,2809
107000171,848,1015,-167
107000172,1488,1841,-353
107000173,526,515,11
107000174,1324,6609,-5285
107000175,4088,1026,3062
107000176,1,2,-1
107000177,2,2,0
107000178,30,13,17
107000179,392,1077,-685
107000180,1956,206,1750
107000181,597,581,16
107000182,2478,676,1802
107000183,241,497,-256
107000184,1503,508,995
107000185,551,939,-388
107000186,1549,519,1030
107000187,1593,1537,56
107000188,735,554,181
107000189,705,832,-127
107000190,858,753,105
107000191,889,857,32
107000192,2035,451,1584
107000193,472,557,-85
107000194,671,449,222
107000197,950,348,602
107000198,409,588,-179
107000199,2045,630,1415
107000200,591,616,-25
107000201,641,634,7
107000202,306,462,-156
107000203,1096,2423,-1327
107000204,1045,2178,-1133
107000205,1768,1202,566
107000206,707,2094,-1387
107000207,546,2150,-1604
107000208,828,827,1
107000209,1198,1543,-345
107000210,286,221,65
107000211,3,50,-47
107000212,33,284,-251
107000213,5,33,-28
107000214,18,102,-84
107000215,687,254,433
107000216,665,376,289
107000217,449,147,302
107000219,118,351,-233
107000220,325,120,205
107000222,247,387,-140
107000224,1749,128,1621
107000225,198,315,-117
107000226,1258,165,1093
107000227,102,180,-78
107000228,849,549,300
107000229,136,136,0
107000230,973,421,552
107000231,737,1980,-1243
107000232,142,24,118
107000233,422,1062,-640
107000234,4,80,-76
107000235,155,32,123
107000236,12,536,-524
107000237,49,1,48
107000238,63,2,61
107000239,3223,652,2571
107000240,85,712,-627
107000241,67,15,52
107000242,241,39,202
107000243,0,33,-33
107000244,10,83,-73
107000246,1,1152,-1151
107000249,7,1240,-1233
107000251,0,380,-380
107000252,3,525,-522
107000255,276,148,128
107000257,0,491,-491
107000258,4,153,-149
107000259,6,108,-102
107000260,2346,36,2310
107000262,12,233,-221
107000263,487,8,479
107000266,7,21,-14
107000267,50,61,-11
107000268,99,73,26
107000269,99,9,90
107000270,107,43,64
107000271,5,0,5
107000272,71,1,70
107000273,21,404,-383
107000274,1040,1177,-137
107000275,75,4201,-4126
107000280,1290,38,1252
107000281,57,327,-270
107000282,117,433,-316
107000290,65,115,-50
107000291,15,13,2
107000292,1,1115,-1114
107000293,60,8,52
107000294,0,51,-51
107000295,69,8,61
107000296,0,18,-18
107000444,226,5,221
107000496,1,4,-3
107000497,1427,1225,202
107000500,440,324,116
107000501,136,170,-34
107000502,169,239,-70
107000505,281,687,-406
107000506,1,3,-2
107000508,4,264,-260
107000509,249,646,-397
107000510,67,41,26
107000514,49,410,-361
107000515,20,81,-61
107000516,507,421,86
107000518,1726,2092,-366
107000519,1479,659,820
107000520,147,60,87
107000521,755,206,549
107000522,1066,482,584
107900001,138,65,73
107900002,83,12,71
107900003,578,28,550
107900004,191,3,188
107900005,2104,14,2090
107900006,283,3,280
107900007,504,46,458
107900008,82,6,76
107900009,202,13,189
107900010,58,4,54
107900012,379,76,303
107900013,192,24,168
107900014,100,24,76
107900015,1677,14,1663
107900016,521,128,393
107900017,40,2,38
107900018,102,299,-197
107900019,32,15,17
107900020,106,30,76
107900021,188,46,142
107900023,4,4,0
107900024,0,7,-7
107900025,371,205,166
107900026,111,24,87
107900027,33,76,-43
107900028,186,62,124
107900030,241,44,197
107900031,63,87,-24
107900032,13,6,7
107900033,37,5,32
107900034,446,27,419
107900035,1620,73,1547
107900036,91,26,65
107900037,0,10,-10
107900038,83,343,-260
107900039,54,19,35
107900040,19,282,-263
107900041,5,3,2
107900043,82,68,14
107900044,10,13,-3
107900045,174,88,86
107900046,294,264,30
107900047,67,11,56
107900048,251,22,229
107900049,313,1237,-924
107900050,56,188,-132
107900051,98,43,55
107900052,18,52,-34
107900053,113,77,36
107900055,703,350,353
107900056,135,77,58
107900057,8,0,8
107900058,26,533,-507
107900060,19,100,-81
107900061,8,30,-22
107900063,102,137,-35
107900064,217,265,-48
107900065,371,7,364
107900066,33,3,30
107900067,1,0,1
107900068,156,1333,-1177
107900069,27,2966,-2939
107900070,248,117,131
107900071,44,380,-336
107900072,201,158,43
107900073,186,43,143
107900074,332,366,-34
107900076,165,51,114
107900077,135,11,124
107900078,147,48,99
107900079,10,19,-9
107900080,249,1165,-916
107900081,64,66,-2
107900082,10,4,6
107900083,424,201,223
107900084,186,151,35
107900086,92,276,-184
107900087,259,196,63
107900088,88,21,67
107900089,170,1252,-1082
107900090,1266,2848,-1582
107900091,137,170,-33
107900092,1187,251,936
107900093,74,43,31
107900095,1988,2275,-287
107900097,30,61,-31
107900098,62,224,-162
107900100,644,1703,-1059
107900101,501,104,397
107900102,41,10,31
107900103,48,211,-163
107900104,297,3,294
107900105,1,143,-142
107900106,0,409,-409
107900107,1560,495,1065
107900108,155,77,78
107900109,2178,54,2124
107900110,97,25,72
107900111,6,271,-265
107900112,104,466,-362
107900113,291,33,258
107900114,303,78,225
107900115,1,20,-19
107900116,262,74,188
107900117,243,168,75
107900118,37,72,-35
107900119,128,287,-159
107900120,31,26,5
107900121,2,180,-178
107900122,1,199,-198
107900123,8,120,-112
107900124,19,75,-56
107900125,24,203,-179
107900126,20,93,-73
107900127,552,344,208
107900128,115,66,49
107900129,91,13,78
107900130,135,11,124
107900131,207,547,-340
107900132,82,149,-67
107900133,1,47,-46
107900134,43,161,-118
107900135,13,89,-76
107900136,23,42,-19
107900137,157,119,38
107900138,74,18,56
107900139,80,42,38
107900140,81,63,18
107900141,29,47,-18
107900142,49,341,-292
107900143,47,17,30
107900144,3,143,-140
107900145,25,40,-15
107900146,53,152,-99
107900147,40,47,-7
107900148,198,94,104
107900149,454,144,310
107900150,41,306,-265
107900151,55,85,-30
107900152,19,134,-115
107900153,107,395,-288
107900154,88,28,60
107900155,119,65,54
107900156,11,94,-83
107900157,45,49,-4
107900158,1269,33,1236
107900159,30,308,-278
107900160,166,197,-31
107900161,47,57,-10
107900162,10,120,-110
107900163,43,86,-43
107900164,16,32,-16
107900165,23,154,-131
107900166,29,68,-39
107900167,15,76,-61
107900168,93,39,54
107900169,1,191,-190
107900171,0,396,-396
107900172,1,202,-201
107900173,33,66,-33
107900174,183,10,173
107900175,27,52,-25
107900176,69,11,58
107900177,2,330,-328
107900178,1,90,-89
107900179,45,79,-34
107900180,362,1029,-667
107900181,310,238,72
107900182,0,322,-322
107900183,73,109,-36
107900184,231,126,105
107900185,189,9,180
107900186,66,44,22
107900187,2,187,-185
107900188,294,132,162
107900189,29,61,-32
107900190,26,202,-176
107900191,80,62,18
107900193,9,71,-62
107900194,225,19,206
107900195,892,235,657
107900196,100,56,44
107900197,280,366,-86
107900199,0,397,-397
107900201,87,49,38
107900203,35,50,-15
107900204,128,220,-92
107900205,212,281,-69
107900206,963,537,426
107900207,12,286,-274
107900208,14,231,-217
107900209,201,119,82
107900210,61,56,5
107900213,439,512,-73
107900214,24,62,-38
107900215,182,446,-264
107900216,102,44,58
107900217,46,85,-39
107900218,34,2649,-2615
107900219,55,43,12
107900220,101,281,-180
107900221,151,129,22
107900223,140,227,-87
107900224,90,482,-392
107900225,10,430,-420
107900226,56,64,-8
107900227,105,273,-168
107900228,19,88,-69
107900229,1,88,-87
107900230,26,19,7
107900231,32,96,-64
107900232,125,91,34
107900233,7,94,-87
107900234,132,136,-4
107900235,10,197,-187
107900236,244,51,193
107900237,39,269,-230
107900238,35,43,-8
107900239,365,787,-422
107900240,62,40,22
107900241,10,42,-32
107900242,43,60,-17
107900243,2,52,-50
107900244,410,16,394
107900245,880,36,844
107900246,314,32,282
107900248,548,138,410
107900249,1220,92,1128
107900250,3,239,-236
107900251,66,587,-521
107900252,1237,39,1198
107900253,288,13,275
107900254,52,367,-315
107900255,160,122,38
107900256,828,2269,-1441
107900257,382,135,247
107900258,110,119,-9
107900259,62,3217,-3155
107900261,1,141,-140
107900262,48,71,-23
107900264,513,15,498
107900265,216,115,101
107900267,496,17,479
107900268,10,2,8
107900269,0,5,-5
107900270,4,2,2
107900271,2,40,-38
107900272,29,39,-10
107900273,82,52,30
107900274,147,1,146
107900275,35,2,33
107900276,1,32,-31
107900277,1,130,-129
107900278,468,230,238
107900279,64,93,-29
107900280,2666,1990,676
107900281,420,4666,-4246
107900282,43,802,-759
107900283,691,785,-94
107900284,730,349,381
107900285,144,35,109
107900286,33,55,-22
107900287,374,193,181
107900290,0,301,-301
107900291,671,61,610
107900292,97,93,4
107900293,94,179,-85
107900295,55,46,9
107900297,3,279,-276
107900298,617,461,156
107900299,2192,2935,-743
107900300,105,368,-263
107900301,876,914,-38
107900302,146,54,92
107900303,260,185,75
107900304,531,196,335
107900305,428,10,418
107900306,10,67,-57
107900307,37,229,-192
107900308,169,182,-13
107900309,74,0,74
107900310,137,3,134
107900311,20,950,-930
107900312,75,1,74
107900313,2,173,-171
107900314,0,47,-47
107900315,2,117,-115
107900316,40,1,39
107900317,109,5,104
107900318,6,194,-188
107900319,4,64,-60
107900320,1,78,-77
107900321,194,11,183
107900322,1,26,-25
107900323,9,135,-126
107900324,171,1,170
107900325,154,0,154
107900326,513,169,344
107900327,0,120,-120
107900328,58,1,57
107900329,64,159,-95
107900330,7,105,-98
107900331,511,28,483
107900332,507,15,492
107900333,91,17,74
107900334,10,61,-51
107900335,63,26,37
107900336,48,80,-32
107900337,597,1145,-548
107900338,2,123,-121
107900339,6,9,-3
107900340,0,62,-62
107900341,77,0,77
107900342,136,95,41
107900343,49,4,45
107900344,14,43,-29
107900345,135,49,86
107900346,13,1,12
107900347,14,9,5
107900348,4,2,2
107900349,25,13,12
107900350,13,332,-319
108000001,3682,3636,46
108000002,1689,1564,125
108000003,3251,3766,-515
108000004,9860,10503,-643
108000005,7756,6472,1284
108000006,5157,5020,137
108000007,5416,3982,1434
108000008,3468,4147,-679
108000009,4472,4668,-196
108000010,2469,2983,-514
108000011,13346,11684,1662
108000012,10446,9973,473
108000014,641,1507,-866
108000015,937,181,756
108000016,411,647,-236
108000017,1210,312,898
108000018,2300,692,1608
108000019,1607,1213,394
108000020,1380,541,839
108000021,284,1587,-1303
108000022,346,922,-576
108000023,1450,241,1209
108000024,305,288,17
108000025,403,167,236
108000026,872,251,621
108000027,846,297,549
108000028,744,166,578
108000029,673,356,317
108000030,559,154,405
108000031,183,442,-259
108000032,2344,601,1743
108000033,784,728,56
108000034,2121,547,1574
108000035,724,1533,-809
108000036,416,709,-293
108000037,2143,371,1772
108000038,3347,571,2776
108000039,430,1231,-801
108000040,2330,1042,1288
108000041,655,1673,-1018
108000042,436,169,267
108000043,174,183,-9
108000044,893,137,756
108000045,298,262,36
108000046,2039,360,1679
108000047,466,675,-209
108000048,150,236,-86
108000049,1128,202,926
108000050,93,314,-221
108000051,463,216,247
108000052,164,413,-249
108000053,531,309,222
108000054,374,899,-525
108000055,1151,838,313
108000056,668,1351,-683
108000057,733,1678,-945
108000058,2151,4186,-2035
108000059,1958,1501,457
108000060,271,525,-254
108000061,127,203,-76
108000062,1219,702,517
108000063,635,340,295
108000064,384,240,144
108000065,573,396,177
108000066,1528,824,704
108000067,2247,828,1419
108000068,960,443,517
108000069,260,535,-275
108000070,2582,753,1829
108000071,597,1004,-407
108000072,2126,1025,1101
108000073,1019,1139,-120
108000074,735,469,266
108000075,350,562,-212
108000076,934,603,331
108000077,587,490,97
108000078,2766,1186,1580
108000079,628,908,-280
108000080,1974,508,1466
108000081,587,866,-279
108000082,727,1109,-382
108000083,2103,1024,1079
108000084,437,707,-270
108000085,984,564,420
108000086,650,438,212
108000087,214,2560,-2346
108000088,238,9,229
108000089,414,309,105
108000090,529,180,349
108000091,315,315,0
108000092,237,84,153
108000093,286,288,-2
108000094,813,88,725
108000095,201,194,7
108000096,484,184,300
108000097,189,245,-56
108000098,2266,969,1297
108000099,334,76,258
108000100,104,254,-150
108000101,1892,1480,412
108000102,1674,3666,-1992
108000106,884,3,881
108000107,2,662,-660
108000108,763,67,696
108000109,8,549,-541
108000110,366,288,78
108000111,185,392,-207
108000112,83,176,-93
108000113,324,156,168
108000115,351,357,-6
108000117,675,463,212
108000118,38,334,-296
108000119,423,237,186
108000120,147,880,-733
108000121,180,253,-73
108000122,787,325,462
108000123,932,139,793
108000124,517,448,69
108000125,648,197,451
108000126,226,335,-109
108000127,705,222,483
108000128,821,261,560
108000129,437,525,-88
108000130,657,250,407
108000131,977,558,419
108000132,1196,797,399
108000133,1218,591,627
108000134,570,355,215
108000135,1415,683,732
108000136,316,582,-266
108000137,705,189,516
108000138,652,493,159
108000139,635,210,425
108000140,201,18,183
108000141,37,19,18
108000142,52,36,16
108000143,47,20,27
108000144,69,7,62
108000145,53,13,40
108000146,172,10,162
108000147,44,14,30
108000148,129,15,114
108000149,17,12,5
108000150,73,10,63
108000151,11,7,4
108000152,135,242,-107
108000153,906,151,755
108000154,49,5,44
108000155,43,28,15
108000156,319,119,200
108000157,204,1612,-1408
108000158,52,912,-860
108000159,272,220,52
108000160,1420,1050,370
108000161,1452,3936,-2484
108000165,6,350,-344
108000172,5,314,-309
108000173,757,2106,-1349
108000175,535,123,412
108000178,402,344,58
108000179,149,1139,-990
108000181,71,28,43
108000182,143,10,133
108000183,12,39,-27
108000184,657,2822,-2165
108000185,325,290,35
108000186,263,37,226
108000187,209,268,-59
108000188,1012,184,828
108000189,381,1649,-1268
108000190,30,100,-70
108000192,215,243,-28
108000193,540,42,498
108000194,18,6,12
108000195,1,563,-562
108000196,493,240,253
108000198,600,116,484
108000199,0,318,-318
108000200,628,221,407
108000202,0,431,-431
108000203,204,315,-111
108000204,231,113,118
108000205,221,283,-62
108000339,1005,417,588
108000364,68,265,-197
108000365,44,264,-220
108000367,184,186,-2
108000368,17,70,-53
108000369,597,234,363
108000371,0,511,-511
108000372,724,5,719
108000373,279,86,193
108000376,121,55,66
108000377,698,167,531
108000378,9162,11914,-2752
108000379,44,148,-104
108000381,122,8,114
108000382,90,1,89
108000383,1,273,-272
108900001,85,454,-369
108900002,202,79,123
108900003,203,414,-211
108900004,157,488,-331
108900005,62,528,-466
108900006,912,162,750
108900007,382,173,209
108900008,193,79,114
108900009,168,108,60
108900010,404,123,281
108900011,860,351,509
108900012,634,364,270
108900013,200,221,-21
108900014,48,138,-90
108900015,0,385,-385
108900016,4,188,-184
108900017,272,478,-206
108900018,223,301,-78
108900019,48,254,-206
108900020,53,118,-65
108900021,168,138,30
108900022,194,56,138
108900023,5,59,-54
108900024,61,53,8
108900025,199,47,152
108900026,23,65,-42
108900027,0,37,-37
108900028,141,105,36
108900029,67,162,-95
108900030,0,44,-44
108900031,152,180,-28
108900032,7,111,-104
108900033,0,458,-458
108900034,0,103,-103
108900035,324,581,-257
108900036,158,193,-35
108900037,42,159,-117
108900038,0,278,-278
108900039,0,155,-155
108900040,16,47,-31
108900041,3395,3589,-194
108900042,4,487,-483
108900043,20,255,-235
108900044,5,194,-189
108900045,112,188,-76
108900046,59,287,-228
108900047,1,193,-192
108900048,77,390,-313
108900049,1235,1915,-680
108900050,2,91,-89
108900051,2,90,-88
108900052,33,125,-92
108900053,65,319,-254
108900054,68,163,-95
108900055,55,346,-291
108900056,1,65,-64
108900057,1,48,-47
108900058,34,202,-168
108900059,748,75,673
108900060,99,232,-133
108900061,71,28,43
108900062,8,127,-119
108900063,17,93,-76
108900064,393,25,368
108900065,13,117,-104
108900066,576,128,448
108900067,8,124,-116
108900068,6,54,-48
108900069,122,41,81
108900070,68,55,13
108900071,116,65,51
108900072,1580,466,1114
108900073,32,148,-116
108900074,312,102,210
108900075,46,52,-6
108900076,606,62,544
108900077,122,211,-89
108900078,52,49,3
108900079,417,140,277
108900080,18,1021,-1003
108900081,55,209,-154
108900082,192,50,142
108900083,17,332,-315
108900084,295,145,150
108900085,1091,147,944
108900086,221,82,139
108900087,67,170,-103
108900088,922,458,464
108900089,31,279,-248
108900090,94,98,-4
108900091,110,75,35
108900092,615,310,305
108900093,127,143,-16
108900094,319,93,226
108900095,17,179,-162
108900096,214,18,196
108900097,382,127,255
108900098,1286,1010,276
108900099,487,91,396
108900100,96,65,31
108900101,192,296,-104
108900102,76,1541,-1465
108900103,120,145,-25
108900104,93,289,-196
108900105,6,1864,-1858
108900106,613,175,438
108900108,401,40,361
108900109,528,76,452
108900110,273,184,89
108900111,685,267,418
108900112,404,20,384
108900113,43,103,-60
108900114,78,13,65
108900115,164,79,85
108900116,82,15,67
108900117,227,24,203
108900118,734,28,706
108900119,467,26,441
108900120,333,246,87
108900121,374,164,210
108900122,192,25,167
108900123,139,141,-2
108900124,743,254,489
108900125,680,8,672
108900126,226,60,166
108900127,215,34,181
108900128,201,46,155
108900129,1060,211,849
108900130,544,6,538
108900131,663,19,644
108900132,583,45,538
108900133,386,54,332
108900134,628,164,464
108900135,308,9,299
108900136,53,3,50
108900137,295,4,291
108900138,1094,100,994
108900139,687,49,638
108900140,491,125,366
108900141,543,18,525
108900142,103,6,97
108900143,134,2,132
108900144,176,0,176
108900145,312,13,299
108900146,144,2,142
108900147,403,3,400
108900148,96,49,47
108900149,421,216,205
108900150,313,6,307
108900151,62,24,38
108900152,216,23,193
108900153,272,114,158
108900154,5442,441,5001
108900155,360,90,270
108900156,96,3,93
108900157,24,371,-347
108900158,513,31,482
108900159,3,93,-90
108900160,19,162,-143
108900161,5,201,-196
108900162,197,1,196
108900163,9,375,-366
108900164,68,70,-2
108900165,156,59,97
108900167,882,10093,-9211
108900168,4519,2768,1751
108900169,92,116,-24
108900171,3071,3674,-603
108900172,218,51,167
108900173,103,293,-190
108900174,1241,440,801
108900176,89,256,-167
108900177,5294,7858,-2564
108900178,2687,4160,-1473
108900179,395,2296,-1901
108900180,183,387,-204
108900182,51,420,-369
108900183,302,197,105
108900184,562,287,275
108900185,113,363,-250
108900186,102,243,-141
108900187,634,52,582
108900188,896,46,850
108900189,495,96,399
108900190,78,1541,-1463
108900191,189,49,140
108900192,121,126,-5
108900193,56,43,13
108900194,1,249,-248
108900195,82,116,-34
108900196,55,219,-164
108900198,19,232,-213
108900199,251,342,-91
108900200,729,411,318
108900201,530,1033,-503
108900203,586,181,405
108900204,528,34,494
108900205,274,57,217
108900206,451,92,359
108900207,246,200,46
108900208,12,257,-245
108900209,184,424,-240
108900210,205,194,11
108900211,189,639,-450
108900212,347,1881,-1534
108900215,82,211,-129
108900216,408,439,-31
108900217,81,1,80
108900218,91,15,76
108900219,62,8,54
108900220,60,17,43
108900221,38,110,-72
108900222,374,16,358
108900223,7,68,-61
108900224,55,153,-98
108900225,1,197,-196
108900226,447,27,420
108900227,138,530,-392
108900230,167,189,-22
108900231,36,155,-119
108900232,1,131,-130
108900233,577,130,447
108900234,396,151,245
108900235,178,459,-281
108900236,28,225,-197
108900237,45,131,-86
108900240,118,112,6
108900241,33,55,-22
108900245,12,1666,-1654
108900249,140,37,103
108900250,237,112,125
108900257,232,220,12
108900258,27,173,-146
108900259,22,40,-18
108900260,3,46,-43
108900261,47,67,-20
108900262,110,119,-9
108900263,45,135,-90
108900264,228,237,-9
108900265,1016,669,347
108900266,343,1144,-801
108900267,14,267,-253
108900268,10,20,-10
108900269,124,11,113
108900270,130,5,125
108900271,115,8,107
108900272,345,9,336
108900273,380,1124,-744
108900274,58,35,23
109000001,2699,2442,257
109000002,1108,2432,-1324
109000003,3131,452,2679
109000004,568,1763,-1195
109000005,2568,602,1966
109000006,909,1655,-746
109000007,2044,674,1370
109000008,636,1387,-751
109000009,3575,1303,2272
109000010,1032,2953,-1921
109000011,4275,2314,1961
109000012,2014,2471,-457
109000013,4628,4118,510
109000014,2037,2210,-173
109000015,3782,10054,-6272
109000016,4790,2251,2539
109000017,3219,1178,2041
109000018,1349,1859,-510
109000019,2981,1429,1552
109000020,1052,1580,-528
109000023,271,30,241
109000024,18,173,-155
109000025,326,671,-345
109000026,432,406,26
109000027,158,351,-193
109000028,111,93,18
109000029,95,303,-208
109000030,37,355,-318
109000031,288,151,137
109000032,135,348,-213
109000033,427,201,226
109000034,47,61,-14
109000035,18,64,-46
109000036,114,322,-208
109000037,328,2459,-2131
109000038,396,348,48
109000039,1133,1254,-121
109000040,3271,13601,-10330
109000041,1729,2373,-644
109000042,401,1374,-973
109000044,426,82,344
109000045,117,301,-184
109000046,433,88,345
109000047,73,385,-312
109000048,688,307,381
109000049,203,474,-271
109000050,472,299,173
109000051,234,202,32
109000052,580,410,170
109000053,380,135,245
109000054,308,326,-18
109000055,397,471,-74
109000056,374,309,65
109000057,1134,584,550
109000058,467,197,270
109000059,390,1356,-966
109000060,257,342,-85
109000061,536,1731,-1195
109000062,203,499,-296
109000063,259,140,119
109000064,409,166,243
109000065,264,118,146
109000066,487,44,443
109000067,55,201,-146
109000068,961,3,958
109000069,679,22,657
109000070,41,1968,-1927
109000071,454,76,378
109000072,50,283,-233
109000073,97,85,12
109000074,17,142,-125
109000075,93,275,-182
109000076,124,324,-200
109000077,294,253,41
109000078,109,159,-50
109000079,137,88,49
109000080,313,65,248
109000081,141,290,-149
109000082,925,140,785
109000083,333,365,-32
109000088,167,349,-182
109000089,351,121,230
109000090,132,335,-203
109000091,516,241,275
109000092,327,333,-6
109000093,416,241,175
109000094,861,2,859
109000095,125,279,-154
109000096,941,243,698
109000097,99,119,-20
109000098,57,136,-79
109000099,941,227,714
109000100,293,593,-300
109000101,2028,534,1494
109000102,541,553,-12
109000103,688,483,205
109000104,2473,438,2035
109000105,512,892,-380
109000106,2397,765,1632
109000107,620,1195,-575
109000108,2616,594,2022
109000109,529,960,-431
109000110,1419,557,862
109000111,739,1284,-545
109000112,399,155,244
109000113,380,180,200
109000114,184,267,-83
109000115,965,19,946
109000116,8,285,-277
109000117,280,27,253
109000118,10,237,-227
109000119,2012,105,1907
109000120,330,426,-96
109000121,828,27,801
109000122,190,397,-207
109000123,46,48,-2
109000124,875,256,619
109000125,1093,245,848
109000126,481,368,113
109000127,1337,176,1161
109000128,608,630,-22
109000129,3278,874,2404
109000130,466,764,-298
109000131,1108,770,338
109000132,616,1219,-603
109000133,322,604,-282
109000134,726,987,-261
109000135,731,1568,-837
109000136,262,242,20
109000137,341,316,25
109000138,559,199,360
109000139,617,237,380
109000140,225,198,27
109000141,747,374,373
109000142,151,445,-294
109000143,139,73,66
109000145,145,287,-142
109000146,44,84,-40
109000148,1861,2650,-789
109000149,25,116,-91
109000150,69,275,-206
109000155,1022,771,251
109000156,913,431,482
109000158,128,227,-99
109000159,163,364,-201
109000160,1425,195,1230
109000161,472,632,-160
109000162,2303,500,1803
109000163,1495,1100,395
109000164,1542,1702,-160
109000165,1542,415,1127
109000166,967,88,879
109000167,148,318,-170
109000170,57,21,36
109000171,104,47,57
109000172,28,80,-52
109000173,54,126,-72
109000174,199,26,173
109000175,60,56,4
109000176,404,155,249
109000177,28,77,-49
109000178,975,246,729
109000179,2810,6215,-3405
109000180,3727,4147,-420
109000181,61,17,44
109000182,56,17,39
109000183,37,9,28
109000184,56,18,38
109000185,22,23,-1
109000188,543,1073,-530
109000189,3177,625,2552
109000190,782,461,321
109000191,388,331,57
109000192,556,156,400
109000193,244,116,128
109000194,399,52,347
109000195,207,134,73
109000196,313,97,216
109000197,244,225,19
109000198,404,75,329
109000199,130,290,-160
109000206,204,33,171
109000207,164,32,132
109000208,130,85,45
109000209,132,83,49
109000210,128,371,-243
109000211,1042,428,614
109000214,466,205,261
109000215,132,64,68
109000216,344,336,8
109000217,294,269,25
109000218,571,294,277
109000221,322,685,-363
109000222,921,235,686
109000223,534,400,134
109000224,29,46,-17
109000225,108,24,84
109000226,69,110,-41
109000227,1748,668,1080
109000228,2,2640,-2638
109000231,104,167,-63
109000232,613,166,447
109000236,308,547,-239
109000241,2318,1410,908
109000242,1570,808,762
109000293,19,91,-72
109000361,84,205,-121
109000364,207,407,-200
109000396,3,284,-281
109000397,790,21,769
109000399,163,310,-147
109000400,143,147,-4
109000403,47,1378,-1331
109000406,382,3,379
109000407,326,198,128
109000408,1,377,-376
109000410,1089,185,904
109000411,263,28,235
109900001,172,0,172
109900002,1110,19,1091
109900003,401,1,400
109900004,482,73,409
109900005,45,3,42
109900006,580,218,362
109900007,1215,239,976
109900008,0,20,-20
109900009,120,286,-166
109900010,705,64,641
109900011,75,64,11
109900012,483,242,241
109900013,449,176,273
109900014,467,53,414
109900015,360,218,142
109900016,159,21,138
109900017,260,297,-37
109900018,302,36,266
109900019,368,32,336
109900020,59,45,14
109900021,55,6,49
109900022,128,240,-112
109900023,26,1,25
109900024,24,3,21
109900025,70,99,-29
109900026,0,167,-167
109900027,33,27,6
109900028,533,1631,-1098
109900029,5,184,-179
109900030,69,8,61
109900031,1,239,-238
109900032,16,190,-174
109900033,8,407,-399
109900034,67,2,65
109900035,53,29,24
109900036,25,34,-9
109900037,28,308,-280
109900038,115,167,-52
109900039,5,0,5
109900040,48,295,-247
109900041,103,201,-98
109900042,66,3314,-3248
109900044,225,198,27
109900045,85,134,-49
109900046,23,54,-31
109900047,274,246,28
109900048,7,122,-115
109900049,21,55,-34
109900050,0,45,-45
109900051,1,15,-14
109900052,61,184,-123
109900053,1,105,-104
109900054,1058,224,834
109900055,77,192,-115
109900056,20,337,-317
109900057,4,69,-65
109900058,0,61,-61
109900059,1402,107,1295
109900060,705,100,605
109900061,80,144,-64
109900062,0,113,-113
109900063,8,382,-374
109900064,661,170,491
109900065,74,117,-43
109900066,270,447,-177
109900067,0,102,-102
109900068,86,9,77
109900069,4,21,-17
109900070,37,186,-149
109900071,1,25,-24
109900072,12,101,-89
109900073,623,197,426
109900074,12,8,4
109900075,41,32,9
109900076,16,59,-43
109900077,25,31,-6
109900078,77,134,-57
109900080,95,157,-62
109900081,17,199,-182
109900082,82,174,-92
109900083,25,81,-56
109900084,55,96,-41
109900085,156,281,-125
109900086,136,681,-545
109900087,179,446,-267
109900089,785,194,591
109900090,331,681,-350
109900091,488,55,433
109900092,845,102,743
109900093,1235,169,1066
109900094,88,99,-11
109900095,125,194,-69
109900096,47,18,29
109900097,117,0,117
109900098,786,48,738
109900099,355,3,352
109900100,114,4,110
109900101,894,20,874
109900102,586,28,558
109900103,44,38,6
109900104,1020,278,742
109900105,643,34,609
109900106,467,58,409
109900107,1162,76,1086
109900108,343,370,-27
109900109,56,390,-334
109900110,105,189,-84
109900111,233,485,-252
109900112,178,248,-70
109900113,993,715,278
109900114,1180,1664,-484
109900115,231,89,142
109900117,1531,112,1419
109900118,164,313,-149
109900119,374,311,63
109900120,166,24,142
109900121,329,509,-180
109900122,662,6,656
109900123,36,93,-57
109900124,38,260,-222
109900125,1,152,-151
109900126,461,50,411
109900128,555,47,508
109900130,3357,3444,-87
109900131,27,117,-90
109900132,50,86,-36
109900133,83,182,-99
109900134,86,154,-68
109900135,189,33,156
109900136,88,113,-25
109900137,185,184,1
109900140,200,97,103
109900142,1734,326,1408
109900145,6,635,-629
109900146,272,56,216
109900148,36,108,-72
109900149,32,45,-13
109900150,8,82,-74
109900151,14,26,-12
109900152,2,17,-15
109900153,2,40,-38
109900154,44,0,44
109900155,78,28,50
109900157,94,172,-78
109900158,46,112,-66
109900159,167,54,113
109900160,202,47,155
109900161,254,102,152
109900162,260,182,78
109900163,420,284,136
109900164,58,195,-137
109900165,361,11,350
109900166,3,126,-123
109900167,215,274,-59
109900168,261,426,-165
109900169,285,91,194
109900170,243,1247,-1004
109900171,300,66,234
109900172,330,380,-50
109900173,1344,3004,-1660
109900174,72,83,-11
109900175,119,97,22
109900176,125,110,15
109900177,44,106,-62
109900178,5,283,-278
109900179,41,15,26
109900180,26,16,10
110000001,721,395,326
110000002,495,690,-195
110000003,759,647,112
110000004,514,737,-223
110000005,403,1750,-1347
110000006,211,322,-111
110000007,124,93,31
110000008,33,106,-73
110000009,34,36,-2
110000010,28,64,-36
110000011,46,61,-15
110000012,684,254,430
110000013,45,739,-694
110000014,449,332,117
110000015,229,624,-395
110000016,230,1788,-1558
110000017,3452,278,3174
110000018,2651,310,2341
110000019,9,70,-61
110000020,640,187,453
110000021,410,559,-149
110000022,1128,182,946
110000023,9,118,-109
110000024,593,558,35
110000025,623,10,613
110000026,3,173,-170
110000027,940,1366,-426
110000028,1032,594,438
110000029,473,484,-11
110000030,409,372,37
110000031,308,295,13
110000032,881,339,542
110000033,278,256,22
110000034,722,588,134
110000035,881,434,447
110000036,1367,766,601
110000037,205,606,-401
110000038,375,708,-333
110000039,870,4470,-3600
110000040,302,225,77
110000041,358,2033,-1675
110000042,93,945,-852
110000043,994,335,659
110000044,115,2343,-2228
110000045,440,343,97
110000046,4,57,-53
110000047,8,266,-258
110000048,2,86,-84
110000049,23,31,-8
110000050,2,117,-115
110000051,27,16,11
110000052,36,32,4
110000053,60,9,51
110000054,84,877,-793
110000055,348,154,194
110000056,81,159,-78
110000057,325,443,-118
110000058,1112,453,659
110000059,1104,406,698
110000060,1218,1104,114
110000061,752,639,113
110000062,682,777,-95
110000063,44,210,-166
110000064,75,44,31
110000065,157,114,43
110000066,122,26,96
110000067,66,107,-41
110000068,363,44,319
110000069,475,62,413
110000071,318,43,275
110000073,35,8,27
110000075,11,86,-75
110000076,278,432,-154
110000077,296,1337,-1041
110000078,63,18,45
110000080,280,413,-133
110000081,93,283,-190
110000082,29,424,-395
110000083,237,464,-227
110000084,1453,1093,360
110000085,990,1382,-392
110000086,1245,2673,-1428
110000087,14,52,-38
110000088,115,233,-118
110000089,388,74,314
110000090,313,188,125
110000091,772,231,541
110000092,34,57,-23
110000093,59,23,36
110000094,551,210,341
110000095,202,683,-481
110000096,1352,2097,-745
110000097,1029,1640,-611
110000098,1998,661,1337
110000099,684,1281,-597
110000100,1357,278,1079
110000101,42,141,-99
110000102,74,49,25
110000104,595,157,438
110000105,66,260,-194
110000106,659,528,131
110000107,182,269,-87
110000108,83,119,-36
110000109,197,268,-71
110000110,1748,4264,-2516
110000111,3292,3266,26
110000112,479,1504,-1025
110000113,128,2801,-2673
110000114,314,934,-620
110000115,505,458,47
110000116,72,60,12
110000117,347,186,161
110000118,527,125,402
110000119,416,220,196
110000120,432,161,271
110000121,75,411,-336
110000122,307,405,-98
110000123,657,751,-94
110000124,3,641,-638
110000125,1080,3,1077
110000126,327,33,294
110000127,1340,85,1255
110000128,57,832,-775
110000129,5,344,-339
110000130,284,232,52
110000131,121,222,-101
110000132,3,474,-471
110000133,24,504,-480
110000134,16,364,-348
110000135,189,44,145
110000136,63,318,-255
110000137,624,393,231
110000138,960,485,475
110000139,1044,530,514
110000140,783,764,19
110000143,580,360,220
110000144,3455,2304,1151
110000145,1864,2151,-287
110000146,2205,1351,854
110000147,520,791,-271
110000148,693,191,502
110000151,815,1289,-474
110000152,688,497,191
110000153,253,28,225
110000154,77,39,38
110000155,1171,3619,-2448
110000156,1014,2534,-1520
110000157,2111,2849,-738
110000160,458,369,89
110000161,194,151,43
110000166,884,62,822
110000167,1070,602,468
110000168,1268,608,660
110000169,1005,357,648
110000170,160,85,75
110000171,720,154,566
110000172,232,508,-276
110000173,713,647,66
110000174,180,491,-311
110000175,1142,43,1099
110000176,324,544,-220
110000177,255,1092,-837
110000178,428,2038,-1610
110000179,1265,285,980
110000180,243,268,-25
110000181,766,328,438
110000182,276,146,130
110000183,6996,8238,-1242
110000184,374,3025,-2651
110000185,830,1123,-293
110000186,650,722,-72
110000191,1543,141,1402
110000192,923,15,908
110000193,1529,15,1514
110000194,6,498,-492
110000195,619,145,474
110000196,502,112,390
110000197,148,70,78
110000198,102,28,74
110000199,65,155,-90
110000200,772,331,441
110000201,1138,1183,-45
110000202,1392,631,761
110000203,409,417,-8
110000204,3,148,-145
110000205,170,42,128
110000206,496,722,-226
110000207,1416,405,1011
110000208,225,340,-115
110000209,103,2002,-1899
110000210,1673,426,1247
110000211,841,1198,-357
110000212,493,1122,-629
110000213,381,59,322
110000214,414,64,350
110000215,182,164,18
110000216,119,122,-3
110000217,555,125,430
110000218,231,144,87
110000219,552,56,496
110000220,94,137,-43
110000221,519,38,481
110000222,83,129,-46
110000223,8,103,-95
110000224,7,8,-1
110000225,263,827,-564
110000226,305,71,234
110000227,610,1027,-417
110000228,263,59,204
110000229,1,122,-121
110000230,580,975,-395
110000231,153,239,-86
110000232,248,224,24
110000233,185,292,-107
110000234,678,2492,-1814
110000235,1347,1222,125
110000236,661,575,86
110000237,2026,2010,16
110000238,1123,1098,25
110000239,2012,921,1091
110000240,0,33,-33
110000242,0,28,-28
110000243,174,56,118
110000244,156,1010,-854
110000245,39,433,-394
110000246,1136,427,709
110000247,1022,2874,-1852
110000248,1409,1089,320
110000249,90,5,85
110000250,73,114,-41
110000251,510,307,203
110000252,388,151,237
110000253,1905,520,1385
110000254,577,622,-45
110000255,217,580,-363
110000256,576,259,317
110000257,497,306,191
110000258,4,309,-305
110000259,232,19,213
110000260,50,127,-77
110000263,511,55,456
110000264,478,291,187
110000265,1258,1785,-527
110000266,1478,2906,-1428
110000267,34,136,-102
110000268,326,433,-107
110000269,8,60,-52
110000270,120,12,108
110000271,1036,199,837
110000272,1210,1174,36
110000273,2001,1615,386
110000274,230,2292,-2062
110000275,1340,610,730
110000276,462,508,-46
110000277,377,293,84
110000278,429,511,-82
110000279,934,633,301
110000280,749,492,257
110000281,76,346,-270
110000282,182,12,170
110000283,14,86,-72
110000284,15,52,-37
110000285,1,680,-679
110000286,8,0,8
110000287,137,4,133
110000288,18,68,-50
110000289,564,2717,-2153
110000290,623,612,11
110000291,2772,866,1906
110000292,1001,5794,-4793
110000293,705,404,301
110000294,1498,1296,202
110000295,161,491,-330
110000296,571,327,244
110000297,2661,283,2378
110000298,120,375,-255
110000299,123,97,26
110000301,392,31,361
110000302,560,726,-166
110000303,584,15,569
110000304,238,196,42
110000305,1683,47,1636
110000306,262,692,-430
110000307,2166,8,2158
110000308,658,44,614
110000309,8,607,-599
110000310,994,47,947
110000311,10,498,-488
110000312,533,120,413
110000313,2067,2301,-234
110000314,0,152,-152
110000315,2134,2593,-459
110000316,502,1256,-754
110000317,265,1986,-1721
110000318,2,30,-28
110000319,22,31,-9
110000320,62,75,-13
110000321,26,44,-18
110000322,373,344,29
110000323,698,207,491
110000324,2648,1672,976
110000325,2138,4243,-2105
110000327,419,325,94
110000328,152,540,-388
110000333,1323,911,412
110000334,907,1199,-292
110000335,958,635,323
110000336,855,766,89
110000337,2143,737,1406
110000338,640,257,383
110000339,408,196,212
110000340,181,171,10
110000341,640,370,270
110000342,170,4,166
110000343,0,25,-25
110000344,325,281,44
110000345,240,418,-178
110000346,1829,1784,45
110000347,1424,776,648
110000348,1,0,1
110000349,0,1,-1
110000350,87,3,84
110000351,1617,564,1053
110000352,760,1542,-782
110000353,3300,520,2780
110000354,924,3405,-2481
110000355,185,65,120
110000356,1520,27,1493
110000357,655,12,643
110000361,60,34,26
110000362,133,36,97
110000363,680,70,610
110000364,321,454,-133
110000365,146,3,143
110000366,0,126,-126
110000367,403,138,265
110000368,13,53,-40
110000369,80,2,78
110000373,1,283,-282
110000374,167,17,150
110000375,91,865,-774
110000376,36,149,-113
110000377,72,411,-339
110000378,20,488,-468
110000379,2610,2045,565
110000380,95,7,88
110000383,4,1007,-1003
110000384,704,557,147
110000385,1,180,-179
110000387,122,6,116
110000388,51,141,-90
110000389,975,48,927
110000391,959,144,815
110000396,330,60,270
110000397,139,70,69
110000398,7,20,-13
110000399,157,1,156
110000587,177,116,61
110000589,222,127,95
110000640,218,46,172
110000652,8,469,-461
110000653,368,305,63
110000654,35,1289,-1254
110000656,1,213,-212
110000674,35,25,10
110000675,15,55,-40
110000676,2,46,-44
110000679,89,1263,-1174
110000682,137,240,-103
110000683,248,398,-150
110000684,5,44,-39
110000685,5,8,-3
110000686,1,54,-53
110000687,26,8,18
110000688,57,1660,-1603
110000689,7,2,5
110000692,33,274,-241
110000693,78,450,-372
110000694,1,170,-169
110000695,243,877,-634
110000696,38,41,-3
110900001,264,23,241
110900002,404,300,104
110900003,1012,235,777
110900004,651,70,581
110900005,935,3521,-2586
110900006,55,25,30
110900007,185,49,136
110900008,7,28,-21
110900009,482,207,275
110900010,9,34,-25
110900011,28,67,-39
110900012,23,48,-25
110900013,1236,130,1106
110900014,467,18,449
110900015,330,864,-534
110900016,76,82,-6
110900017,614,51,563
110900018,428,68,360
110900019,345,28,317
110900020,151,110,41
110900021,93,254,-161
110900022,70,124,-54
110900023,122,661,-539
110900024,24,173,-149
110900025,13,47,-34
110900027,43,164,-121
110900028,37,85,-48
110900029,23,116,-93
110900030,39,112,-73
110900031,5,77,-72
110900032,2,52,-50
110900033,46,199,-153
110900035,19,456,-437
110900036,120,11,109
110900037,102,18,84
110900038,867,170,697
110900039,9,198,-189
110900040,284,22,262
110900041,31,69,-38
110900042,191,52,139
110900043,1,39,-38
110900044,229,21,208
110900045,58,191,-133
110900046,23,93,-70
110900047,378,460,-82
110900049,138,163,-25
110900050,61,5,56
110900051,37,133,-96
110900052,4,100,-96
110900053,147,17,130
110900054,54,102,-48
110900055,24,5,19
110900056,43,140,-97
110900057,12,69,-57
110900058,324,261,63
110900059,478,193,285
110900060,536,185,351
110900061,11,70,-59
110900062,233,176,57
110900063,54,109,-55
110900064,20,1,19
110900065,149,154,-5
110900066,7,62,-55
110900067,379,692,-313
110900068,354,154,200
110900069,8,15,-7
110900071,203,874,-671
110900073,0,21,-21
110900074,760,102,658
110900075,546,72,474
110900077,1405,490,915
110900078,57,16,41
110900079,1203,1352,-149
110900080,210,58,152
110900081,8,16,-8
110900082,197,60,137
110900083,179,65,114
110900084,94,30,64
110900085,112,170,-58
110900086,75,356,-281
110900087,470,83,387
110900088,4,0,4
110900090,66,64,2
110900091,2,25,-23
110900093,263,103,160
110900095,89,35,54
110900097,23,25,-2
110900098,56,61,-5
110900099,75,354,-279
110900100,0,16,-16
110900102,83,8,75
110900105,2441,161,2280
110900108,20,30,-10
110900111,643,151,492
110900112,875,16,859
110900113,266,41,225
110900115,8,45,-37
110900116,1134,854,280
110900118,81,4399,-4318
110900119,1559,185,1374
110900120,57,48,9
110900121,199,0,199
110900122,553,214,339
110900125,383,457,-74
110900127,497,1579,-1082
110900128,267,289,-22
110900129,226,945,-719
110900130,541,709,-168
110900131,399,37,362
110900132,642,104,538
110900133,174,92,82
110900135,65,188,-123
110900136,504,16,488
110900137,33,4,29
110900138,712,1776,-1064
110900139,9,463,-454
110900140,33,2,31
110900141,26,374,-348
110900142,57,92,-35
110900143,223,111,112
110900144,1,272,-271
110900145,199,107,92
110900146,207,299,-92
110900147,79,643,-564
110900148,3,218,-215
110900149,15,36,-21
110900150,33,36,-3
110900151,5,136,-131
110900152,42,106,-64
110900153,193,79,114
111000001,874,411,463
111000002,673,367,306
111000003,1643,854,789
111000004,465,650,-185
111000005,1274,1526,-252
111000006,907,1638,-731
111000007,5304,3824,1480
111000008,1792,2984,-1192
111000009,308,673,-365
111000010,1100,330,770
111000011,227,923,-696
111000012,527,437,90
111000013,507,1055,-548
111000014,1839,536,1303
111000017,131,970,-839
111000018,220,340,-120
111000020,899,1244,-345
111000021,55,71,-16
111000023,107,75,32
111000025,5746,4490,1256
111000029,80,133,-53
111000030,53,73,-20
111000031,2135,1178,957
111000032,748,358,390
111000033,363,223,140
111000034,62,313,-251
111000037,1051,511,540
111000038,2902,1885,1017
111000039,1619,1628,-9
111000040,1556,1600,-44
111000041,718,894,-176
111000042,1898,1874,24
111000043,2107,4234,-2127
111000044,1937,1167,770
111000045,3195,2541,654
111000046,1961,1701,260
111000047,3354,5572,-2218
111000049,483,479,4
111000050,1048,908,140
111000051,556,733,-177
111000052,596,1105,-509
111000053,348,632,-284
111000054,294,566,-272
111000055,1053,1341,-288
111000056,179,362,-183
111000057,111,331,-220
111000058,697,53,644
111000059,735,282,453
111000060,4504,955,3549
111000061,793,312,481
111000062,1210,404,806
111000063,2264,1149,1115
111000064,975,588,387
111000065,1740,1028,712
111000066,747,478,269
111000067,877,425,452
111000068,664,669,-5
111000069,1605,1523,82
111000070,690,574,116
111000071,242,448,-206
111000072,1721,741,980
111000073,314,1214,-900
111000074,1866,1749,117
111000075,956,598,358
111000076,672,848,-176
111000077,1593,1576,17
111000078,2471,1070,1401
111000079,920,611,309
111000080,573,520,53
111000081,1460,4410,-2950
111000082,770,499,271
111000084,897,469,428
111000085,1009,924,85
111000086,3697,872,2825
111000087,810,465,345
111000088,6346,3013,3333
111000089,744,667,77
111000090,619,1223,-604
111000091,803,367,436
111000092,1845,632,1213
111000093,941,1137,-196
111000094,2053,993,1060
111000095,691,2421,-1730
111000096,938,8074,-7136
111000097,3828,1261,2567
111000098,667,811,-144
111000099,466,1065,-599
111000100,484,778,-294
111000101,391,582,-191
111000102,341,462,-121
111000104,984,243,741
111000107,143,821,-678
111000109,990,301,689
111000110,2013,663,1350
111000111,3216,421,2795
111000112,2318,560,1758
111000113,980,2062,-1082
111000114,1701,4139,-2438
111000115,3539,950,2589
111000116,1105,763,342
111000117,372,765,-393
111000118,1196,551,645
111000119,1513,647,866
111000120,643,626,17
111000121,303,756,-453
111000122,619,868,-249
111000123,1227,1678,-451
111000124,505,1532,-1027
111000125,301,727,-426
111000126,88,466,-378
111000127,1386,152,1234
111000128,3000,328,2672
111000129,4019,542,3477
111000130,2864,554,2310
111000131,2657,482,2175
111000132,2269,1243,1026
111000133,231,99,132
111000134,188,77,111
111000135,91,152,-61
111000136,433,261,172
111000138,17,0,17
111000140,0,5,-5
111000141,173,458,-285
111000142,22,477,-455
111000143,13,560,-547
111000144,168,3474,-3306
111000145,256,9,247
111000146,117,15,102
111000147,143,27,116
111000148,137,121,16
111000149,2,23,-21
111000150,42,7,35
111000151,1,8,-7
111000153,512,575,-63
111000154,372,226,146
111000155,133,173,-40
111000156,931,651,280
111000157,203,898,-695
111000158,1036,697,339
111000159,5328,1014,4314
111000160,688,482,206
111000161,10,675,-665
111000162,28,99,-71
111000163,788,620,168
111000164,500,2609,-2109
111000165,614,349,265
111000166,700,228,472
111000167,180,279,-99
111000168,205,337,-132
111000169,373,428,-55
111000170,285,301,-16
111000171,399,449,-50
111000172,217,234,-17
111000173,438,466,-28
111000174,290,97,193
111000175,66,490,-424
111000176,488,53,435
111000177,613,127,486
111000178,2168,264,1904
111000179,367,108,259
111000180,380,473,-93
111000181,1843,185,1658
111000182,245,183,62
111000183,548,250,298
111000184,354,169,185
111000185,458,279,179
111000186,448,177,271
111000187,190,140,50
111000188,311,317,-6
111000189,625,391,234
111000190,191,304,-113
111000191,173,219,-46
111000192,176,247,-71
111000193,286,133,153
111000194,59,174,-115
111000195,199,201,-2
111000196,85,103,-18
111000197,668,101,567
111000198,683,69,614
111000199,409,125,284
111000200,613,262,351
111000201,1096,200,896
111000202,478,205,273
111000203,547,354,193
111000204,349,1674,-1325
111000213,238,384,-146
111000214,1394,1015,379
111000215,1157,975,182
111000217,1837,788,1049
111000218,1551,992,559
111000219,227,140,87
111000220,825,643,182
111000221,387,137,250
111000224,12,165,-153
111000225,367,382,-15
111000226,102,3,99
111000227,16,2,14
111000228,28,574,-546
111000229,65,1203,-1138
111000230,204,219,-15
111000231,1149,322,827
111000232,976,627,349
111000233,1461,490,971
111000234,231,614,-383
111000239,75,85,-10
111000240,71,253,-182
111000241,44,207,-163
111000242,332,66,266
111000243,173,266,-93
111000244,721,94,627
111000245,1374,218,1156
111000246,753,145,608
111000247,591,385,206
111000248,812,361,451
111000249,582,300,282
111000250,67,64,3
111000251,30,94,-64
111000253,18,23,-5
111000255,69,9,60
111000257,73,27,46
111000260,86,917,-831
111000261,1946,105,1841
111000271,38,252,-214
111000273,2494,1082,1412
111000274,1547,2371,-824
111000275,201,33,168
111000276,297,960,-663
111000277,192,205,-13
111000278,765,231,534
111000291,1013,9534,-8521
111000298,659,181,478
111000299,754,191,563
111000300,91,392,-301
111000302,428,108,320
111000303,121,129,-8
111000312,37,85,-48
111000315,3,48,-45
111000320,159,316,-157
111000321,538,168,370
111000322,575,268,307
111000323,330,21,309
111000324,354,188,166
111000325,57,82,-25
111000326,282,190,92
111000327,419,335,84
111000328,325,441,-116
111000329,0,24,-24
111000330,58,7,51
111000331,21,8,13
111000332,537,1132,-595
111000334,294,738,-444
111000335,1418,192,1226
111000337,1850,183,1667
111000338,79,48,31
111000339,976,140,836
111000340,156,292,-136
111000341,1589,753,836
111000342,97,1617,-1520
111000344,1342,564,778
111000345,133,117,16
111000346,33,270,-237
111000347,198,7,191
111000350,245,99,146
111000351,112,266,-154
111000352,218,135,83
111000353,190,203,-13
111000354,542,147,395
111000355,259,398,-139
111000358,219,471,-252
111000360,310,231,79
111000361,231,137,94
111000546,987,385,602
111000547,483,301,182
111000548,196,358,-162
111000549,415,157,258
111000550,42,1069,-1027
111000551,638,159,479
111000552,621,300,321
111000907,446,16,430
111000908,49,3,46
111000916,2463,162,2301
111000917,62,277,-215
111000918,244,328,-84
111000920,822,12,810
111000921,7,103,-96
111000922,815,183,632
111000924,33,362,-329
111000925,3822,2312,1510
111000926,1016,1113,-97
111000927,2830,4969,-2139
111000928,3709,1953,1756
111000929,2554,1435,1119
111000930,936,1452,-516
111000931,2388,2717,-329
111000932,3004,1400,1604
111000933,3476,2879,597
111000934,1655,2143,-488
111000935,2242,1119,1123
111000936,1380,1293,87
111000937,1459,1472,-13
111000938,1249,875,374
111000939,904,29,875
111000940,680,52,628
111000941,412,300,112
111000943,879,260,619
111000944,195,187,8
111000945,101,831,-730
111001109,610,756,-146
111001110,172,350,-178
111001111,139,9,130
111001112,69,8,61
111001113,3,137,-134
111001114,501,196,305
111001115,27,1138,-1111
111001116,2629,5287,-2658
111001117,318,2725,-2407
111001120,123,228,-105
111001121,131,216,-85
111001122,291,179,112
111001123,418,71,347
111001124,104,50,54
111001125,1,89,-88
111900001,44,49,-5
111900002,48,266,-218
111900003,2,186,-184
111900004,32,50,-18
111900006,27,85,-58
111900007,208,10,198
111900008,373,5,368
111900009,379,68,311
111900010,207,299,-92
111900012,39,69,-30
111900013,22,8,14
111900014,2359,6077,-3718
111900015,0,30,-30
111900016,0,33,-33
111900017,0,27,-27
111900018,173,35,138
111900019,5,138,-133
111900020,1,38,-37
111900021,46,87,-41
111900022,27,41,-14
111900023,64,43,21
111900024,58,53,5
111900025,1,26,-25
111900026,0,32,-32
111900027,5,44,-39
111900028,0,115,-115
111900029,4,43,-39
111900030,24,248,-224
111900031,73,34,39
111900032,2,110,-108
111900033,11,37,-26
111900034,124,303,-179
111900035,134,129,5
111900036,1,101,-100
111900038,148,347,-199
111900039,25,183,-158
111900040,2,166,-164
111900042,5,106,-101
111900043,1,145,-144
111900044,118,186,-68
111900046,25,82,-57
111900048,369,259,110
111900049,13,156,-143
111900050,112,32,80
111900051,4,80,-76
111900052,207,293,-86
111900053,404,2150,-1746
111900054,216,6,210
111900055,13,191,-178
111900056,139,357,-218
111900057,260,9,251
111900058,696,265,431
111900059,1434,976,458
111900060,417,7,410
111900061,11,119,-108
111900062,67,122,-55
111900063,304,377,-73
111900064,48,173,-125
111900065,120,28,92
111900066,177,195,-18
111900067,7,264,-257
111900068,82,84,-2
111900069,113,45,68
111900070,386,72,314
111900071,2,110,-108
111900072,64,25,39
111900073,1244,195,1049
111900074,8,153,-145
111900075,130,11,119
111900076,276,92,184
111900077,36,9,27
111900078,499,39,460
111900079,57,72,-15
111900080,172,251,-79
111900082,326,61,265
111900083,321,31,290
111900084,192,5,187
111900085,71,158,-87
111900086,73,10,63
111900087,91,5,86
111900088,827,16,811
111900089,183,5,178
111900090,78,89,-11
111900091,591,17,574
111900092,157,0,157
111900093,676,6,670
111900094,182,28,154
111900095,489,72,417
111900096,384,31,353
111900097,107,0,107
111900098,429,5,424
111900099,110,0,110
111900100,225,13,212
111900101,147,50,97
111900102,1060,334,726
111900103,54,155,-101
111900104,158,94,64
111900105,267,233,34
111900106,508,29,479
111900110,1045,351,694
111900111,368,95,273
111900112,423,4657,-4234
111900113,204,111,93
111900118,484,109,375
111900119,455,199,256
111900122,99,140,-41
111900123,28,49,-21
111900124,34,42,-8
111900125,676,75,601
111900126,453,13,440
111900127,0,293,-293
111900128,3,224,-221
111900129,421,21,400
111900130,305,82,223
111900131,722,7,715
111900132,21,456,-435
111900133,18,182,-164
111900134,10,110,-100
111900135,14,49,-35
111900136,75,141,-66
111900137,47,50,-3
111900138,23,54,-31
111900139,5,58,-53
111900140,186,64,122
111900141,131,10,121
111900142,187,53,134
111900143,141,89,52
111900144,7,53,-46
111900145,1,221,-220
111900146,1,117,-116
111900147,66,239,-173
111900148,29,321,-292
111900149,3,138,-135
111900150,30,89,-59
111900151,7,18,-11
111900152,100,90,10
111900153,636,711,-75
111900154,34,591,-557
111900155,89,163,-74
111900156,85,108,-23
111900157,251,26,225
111900158,725,140,585
111900159,458,56,402
111900160,456,4,452
111900161,378,4,374
111900162,100,218,-118
111900163,15,143,-128
111900164,143,74,69
111901113,826,102,724
111901114,605,188,417
111901115,173,3,170
111901116,38,2,36
111901117,44,65,-21
111901118,29,550,-521
111901119,325,72,253
111901121,93,73,20
111901122,2,206,-204
111901123,355,143,212
111901124,429,3,426
111901125,734,201,533
111901127,344,1216,-872
111901128,13,53,-40
111901129,2,72,-70
111901130,1,96,-95
111901131,1,131,-130
111901132,107,31,76
111901133,73,2,71
111901134,197,9,188
111901135,45,32,13
111901136,54,64,-10
111901137,1,33,-32
111901138,127,58,69
111901139,41,22,19
111901140,11,36,-25
111901141,4,72,-68
111901142,4,86,-82
111901143,1,70,-69
111901144,63,69,-6
111901145,126,403,-277
111901146,136,19,117
112000001,2505,733,1772
112000002,669,1695,-1026
112000003,2552,1230,1322
112000004,755,419,336
112000005,4654,4493,161
112000006,1396,1005,391
112000007,5595,3506,2089
112000008,3335,4493,-1158
112000009,2454,1612,842
112000010,3971,5688,-1717
112000011,1209,1156,53
112000012,4906,7798,-2892
112000013,2537,4241,-1704
112000014,1973,4662,-2689
112000015,2750,3982,-1232
112000016,3855,4653,-798
112000017,1310,6703,-5393
112000024,2480,526,1954
112000026,1931,2173,-242
112000027,706,689,17
112000028,810,909,-99
112000029,830,1059,-229
112000030,171,44,127
112000031,1682,5939,-4257
112000032,210,40,170
112000033,1911,4391,-2480
112000034,167,44,123
112000035,95,1113,-1018
112000036,407,1820,-1413
112000037,1129,2230,-1101
112000038,1481,2728,-1247
112000039,146,77,69
112000040,60,173,-113
112000041,312,297,15
112000042,854,406,448
112000050,1307,1266,41
112000051,1280,2162,-882
112000054,1267,1075,192
112000057,1141,522,619
112000058,406,592,-186
112000059,487,558,-71
112000061,2841,1078,1763
112000062,896,1708,-812
112000063,380,2488,-2108
112000064,3064,3649,-585
112000065,1264,1934,-670
112000066,3591,1736,1855
112000067,672,492,180
112000068,3442,2894,548
112000069,508,1590,-1082
112000070,2336,899,1437
112000071,1148,1964,-816
112000072,2968,714,2254
112000073,1495,1916,-421
112000074,1408,1244,164
112000075,1433,1358,75
112000076,3422,2365,1057
112000077,1052,381,671
112000078,2551,693,1858
112000079,2315,1331,984
112000080,1185,876,309
112000081,1280,2274,-994
112000082,1346,684,662
112000083,741,1073,-332
112000084,1363,674,689
112000085,1664,1289,375
112000086,1796,1190,606
112000087,717,384,333
112000088,930,307,623
112000089,636,575,61
112000090,275,253,22
112000091,544,551,-7
112000092,2509,1082,1427
112000093,1595,644,951
112000094,882,794,88
112000095,747,576,171
112000096,721,624,97
112000097,2115,713,1402
112000098,653,448,205
112000099,967,2167,-1200
112000100,2470,594,1876
112000101,610,517,93
112000102,2104,450,1654
112000103,394,530,-136
112000105,515,590,-75
112000106,2376,415,1961
112000107,12,182,-170
112000108,250,1860,-1610
112000109,53,63,-10
112000110,2387,586,1801
112000111,745,13083,-12338
112000112,3352,1795,1557
112000113,928,1499,-571
112000114,2926,1370,1556
112000115,544,336,208
112000116,681,792,-111
112000117,1111,658,453
112000118,973,626,347
112000119,423,538,-115
112000120,80,261,-181
112000121,175,223,-48
112000122,452,117,335
112000123,1082,143,939
112000124,633,80,553
112000125,334,316,18
112000126,385,229,156
112000127,1715,3372,-1657
112000128,595,1033,-438
112000129,123,99,24
112000130,258,83,175
112000131,74,158,-84
112000132,234,156,78
112000133,488,138,350
112000134,540,286,254
112000135,1877,1047,830
112000136,1059,2072,-1013
112000137,1745,5468,-3723
112000138,1248,2609,-1361
112000139,742,792,-50
112000140,434,912,-478
112000141,1212,432,780
112000142,156,348,-192
112000143,1642,241,1401
112000144,338,682,-344
112000145,3441,633,2808
112000146,595,1105,-510
112000147,2989,1918,1071
112000148,1266,2283,-1017
112000149,680,618,62
112000150,290,357,-67
112000151,399,189,210
112000152,725,333,392
112000153,175,216,-41
112000154,169,295,-126
112000155,100,129,-29
112000157,474,722,-248
112000158,428,241,187
112000159,967,346,621
112000167,551,165,386
112000169,250,360,-110
112000173,1250,278,972
112000175,514,372,142
112000176,1134,1587,-453
112000177,1309,361,948
112000178,156,255,-99
112000179,397,78,319
112000180,358,342,16
112000181,1227,1057,170
112000182,1801,707,1094
112000183,40,27,13
112000184,656,201,455
112000185,884,278,606
112000187,5195,3115,2080
112000195,213,20,193
112000196,278,3,275
112000197,168,357,-189
112000198,54,453,-399
112000199,814,809,5
112000202,503,51,452
112000216,71,217,-146
112000230,174,8,166
112000231,11,148,-137
112000256,80,305,-225
112000313,36,79,-43
112000314,75,50,25
112000337,258,541,-283
112000352,164,362,-198
112000392,1772,894,878
112000398,2438,863,1575
112000399,1361,3825,-2464
112000400,2099,1328,771
112000401,2081,1337,744
112000402,4485,5325,-840
112000403,1567,4562,-2995
112000404,1507,1275,232
112000405,3146,3577,-431
112000406,2125,1088,1037
112000407,10079,9227,852
112000408,6155,3624,2531
112000409,1366,2237,-871
112000410,571,417,154
112000411,3836,1903,1933
112000412,1076,590,486
112000413,4490,8280,-3790
112000414,98,45,53
112000415,134,53,81
112000416,3629,1319,2310
112000417,418,104,314
112000421,73,34,39
112000422,393,185,208
112000424,1373,3752,-2379
112000425,371,408,-37
112000426,221,307,-86
112000427,0,10,-10
112000428,322,160,162
112000429,2032,1716,316
112000430,2468,2742,-274
112000431,130,165,-35
112000432,561,463,98
112000433,265,649,-384
112000437,73,105,-32
112900001,73,1,72
112900002,733,455,278
112900003,91,150,-59
112900004,87,153,-66
112900005,342,106,236
112900006,21,136,-115
112900007,59,146,-87
112900008,0,92,-92
112900009,586,215,371
112900010,601,455,146
112900011,70,111,-41
112900012,2,33,-31
112900013,0,320,-320
112900014,3,204,-201
112900015,181,506,-325
112900016,5,149,-144
112900017,95,107,-12
112900018,25,80,-55
112900019,32,225,-193
112900020,282,695,-413
112900021,0,105,-105
112900022,21,44,-23
112900023,1,57,-56
112900024,15,202,-187
112900025,108,163,-55
112900026,8,79,-71
112900027,4,391,-387
112900028,23,104,-81
112900029,18,213,-195
112900030,72,81,-9
112900031,4,236,-232
112900032,212,184,28
112900034,0,29,-29
112900035,4,242,-238
112900036,24,121,-97
112900037,162,226,-64
112900038,1001,123,878
112900039,10,181,-171
112900040,3,737,-734
112900041,514,1253,-739
112900042,244,168,76
112900043,53,72,-19
112900044,294,277,17
112900045,150,214,-64
112900046,126,80,46
112900047,9,37,-28
112900049,353,75,278
112900050,16,513,-497
112900051,301,423,-122
112900052,2,332,-330
112900053,303,172,131
112900054,191,69,122
112900055,128,66,62
112900056,414,347,67
112900057,18,291,-273
112900058,360,459,-99
112900059,112,254,-142
112900060,60,99,-39
112900061,155,97,58
112900062,77,102,-25
112900063,40,16,24
112900064,85,209,-124
112900065,35,50,-15
112900066,286,302,-16
112900067,279,98,181
112900068,43,66,-23
112900069,1546,1130,416
112900071,32,6,26
112900072,1249,3355,-2106
112900073,487,196,291
112900074,138,339,-201
112900075,902,1222,-320
112900076,39,35,4
112900078,401,500,-99
112900079,322,36,286
112900080,112,4,108
112900081,106,315,-209
112900082,636,43,593
112900083,184,144,40
112900084,301,190,111
112900086,114,0,114
112900087,1359,181,1178
112900088,302,18,284
112900089,983,94,889
112900090,135,71,64
112900091,391,11,380
112900092,72,683,-611
112900093,1541,32,1509
112900095,106,2,104
112900096,703,206,497
112900097,96,223,-127
112900098,148,1,147
112900099,1108,40,1068
112900100,91,1,90
112900101,527,11,516
112900102,178,41,137
112900103,299,4,295
112900104,143,9,134
112900105,13,0,13
112900106,531,223,308
112900107,5,0,5
112900108,6,0,6
112900109,188,0,188
112900110,2017,35,1982
112900111,848,9,839
112900112,463,2,461
112900113,1,10,-9
112900114,331,23,308
112900115,2270,12,2258
112900116,172,32,140
112900117,74,33,41
112900118,12,80,-68
112900119,230,1,229
112900120,808,258,550
112900121,42,81,-39
112900122,12,77,-65
112900123,146,18,128
112900124,19,68,-49
112900125,38,480,-442
112900126,133,130,3
112900127,533,209,324
112900128,126,644,-518
112900129,0,502,-502
112900130,215,162,53
112900131,38,881,-843
112900132,106,986,-880
112900133,25,2081,-2056
112900134,0,187,-187
112900135,110,63,47
112900137,2,278,-276
112900138,7,98,-91
112900139,114,605,-491
112900141,978,43,935
112900142,94,257,-163
112900143,8,278,-270
112900144,1,139,-138
112900145,18,298,-280
112900146,5,441,-436
112900147,1,653,-652
112900148,88,0,88
112900149,301,423,-122
112900151,4,48,-44
112900152,4766,629,4137
112900153,948,3100,-2152
112900154,0,49,-49
112900155,150,11,139
112900156,601,586,15
112900157,506,49,457
112900158,131,8,123
112900159,207,221,-14
112900160,59,180,-121
112900161,152,43,109
112900162,22,21,1
112900163,38,60,-22
112900164,26,184,-158
112900165,170,44,126
112900166,16,98,-82
112900167,2,113,-111
112900168,4,0,4
112900169,6,21,-15
112900170,146,193,-47
112900172,36,14,22
112900173,163,100,63
112900174,395,50,345
112900175,109,302,-193
112900176,48,61,-13
112900177,242,75,167
112900178,834,2988,-2154
112900179,23,587,-564
112900180,2451,1689,762
112900181,943,8,935
112900182,53,520,-467
112900183,111,365,-254
112900184,380,613,-233
112900185,139,975,-836
112900186,1031,1587,-556
112900187,121,771,-650
112900188,645,4488,-3843
112900189,17,7,10
112900190,7,21,-14
112900192,855,833,22
112900193,1393,459,934
112900194,81,46,35
112900195,1102,49,1053
112900196,319,258,61
112900197,153,302,-149
112900199,847,278,569
112900200,1080,170,910
112900201,288,103,185
112900202,668,448,220
112900203,443,148,295
112900204,705,622,83
112900205,11,3,8
112900206,29,119,-90
112900207,27,0,27
112900208,84,375,-291
112900209,269,241,28
112900210,0,43,-43
112900211,113,16,97
112900212,1,42,-41
112900213,86,11,75
112900214,24,26,-2
112900215,27,96,-69
112900216,23,43,-20
112900217,7,75,-68
112900218,55,15,40
112900219,111,5,106
112900220,2,0,2
112900221,87,149,-62
112900222,2,84,-82
112900223,1391,35,1356
112900224,552,218,334
112900225,717,237,480
112900226,179,394,-215
112900227,1155,501,654
112900228,113,28,85
112900229,453,22,431
112900230,8885,3366,5519
112900232,413,334,79
112900233,78,91,-13
112900234,30,24,6
112900235,59,21,38
112900236,491,6,485
112900237,260,71,189
112900238,10,10,0
112900239,630,1045,-415
113000001,6769,4470,2299
113000002,4296,3437,859
113000003,1858,1615,243
113000004,1533,1947,-414
113000005,1935,1139,796
113000006,1128,1136,-8
113000007,2427,1200,1227
113000008,1813,1413,400
113000009,1485,697,788
113000010,1301,1017,284
113000011,935,1158,-223
113000012,2162,767,1395
113000013,936,694,242
113000014,949,1566,-617
113000015,343,385,-42
113000016,314,1075,-761
113000017,61,321,-260
113000018,424,55,369
113000019,251,239,12
113000020,366,76,290
113000021,1435,562,873
113000022,935,1373,-438
113000025,133,778,-645
113000026,577,561,16
113000027,537,962,-425
113000028,690,1230,-540
113000029,1223,862,361
113000030,185,478,-293
113000031,128,262,-134
113000032,177,334,-157
113000033,212,516,-304
113000034,199,192,7
113000035,40,38,2
113000036,28,86,-58
113000037,40,25,15
113000038,19,52,-33
113000039,73,286,-213
113000040,62,85,-23
113000042,779,470,309
113000051,1061,2133,-1072
113000052,2105,775,1330
113000053,592,396,196
113000054,538,678,-140
113000055,1665,389,1276
113000056,1540,867,673
113000058,664,793,-129
113000059,920,438,482
113000060,357,562,-205
113000061,563,774,-211
113000062,473,380,93
113000063,414,61,353
113000064,90,147,-57
113000065,215,360,-145
113000066,1070,120,950
113000067,3095,931,2164
113000068,400,559,-159
113000069,571,530,41
113000070,3475,906,2569
113000071,556,473,83
113000072,1205,501,704
113000073,374,1270,-896
113000074,1004,525,479
113000075,1776,899,877
113000076,476,2728,-2252
113000077,1020,1227,-207
113000078,508,2068,-1560
113000079,515,1554,-1039
113000080,620,1867,-1247
113000081,755,1423,-668
113000082,1146,2179,-1033
113000083,537,776,-239
113000084,2030,1598,432
113000085,904,546,358
113000086,963,1024,-61
113000087,957,1075,-118
113000088,2585,1404,1181
113000089,882,1565,-683
113000090,249,721,-472
113000091,261,351,-90
113000094,1415,326,1089
113000095,205,728,-523
113000096,112,1096,-984
113000097,1172,467,705
113000098,117,60,57
113000099,1138,524,614
113000100,109,555,-446
113000101,258,724,-466
113000102,734,665,69
113000103,1853,291,1562
113000104,695,2529,-1834
113000105,1054,484,570
113000106,331,333,-2
113000107,1198,920,278
113000108,676,788,-112
113000109,541,1331,-790
113000110,2991,665,2326
113000111,234,668,-434
113000112,389,314,75
113000113,1114,344,770
113000114,303,1550,-1247
113000116,1124,367,757
113000117,3292,142,3150
113000118,48,709,-661
113000119,374,773,-399
113000120,70,349,-279
113000121,541,4153,-3612
113000124,303,100,203
113000125,77,894,-817
113000127,1662,226,1436
113000128,1003,267,736
113000129,575,830,-255
113000133,2256,1031,1225
113000134,5,1295,-1290
113000135,4990,5272,-282
113000137,1139,3474,-2335
113000139,316,456,-140
113000140,83,176,-93
113000141,187,298,-111
113000142,350,1375,-1025
113000143,310,166,144
113000144,275,487,-212
113000145,156,143,13
113000146,135,58,77
113000147,191,72,119
113000148,339,130,209
113000149,195,143,52
113000150,576,344,232
113000151,66,38,28
113000152,41,153,-112
113000153,949,385,564
113000154,662,1718,-1056
113000155,455,802,-347
113000156,179,303,-124
113000157,184,522,-338
113000158,692,231,461
113000159,1140,650,490
113000160,530,602,-72
113000161,396,209,187
113000162,1134,314,820
113000163,182,57,125
113000164,20,72,-52
113000166,258,83,175
113000167,65,60,5
113000168,77,85,-8
113000169,296,55,241
113000170,111,107,4
113000171,36,86,-50
113000172,344,42,302
113000173,75,31,44
113000174,159,214,-55
113000175,520,90,430
113000176,576,97,479
113000177,188,220,-32
113000178,162,172,-10
113000179,408,166,242
113000180,896,1133,-237
113000181,1404,780,624
113000182,134,432,-298
113000183,120,548,-428
113000184,25,95,-70
113000189,256,1059,-803
113000190,334,323,11
113000192,666,5068,-4402
113000193,2032,3065,-1033
113000194,773,1664,-891
113000195,1539,2057,-518
113000196,282,42,240
113000197,1950,2112,-162
113000198,111,336,-225
113000199,1842,821,1021
113000201,249,396,-147
113000202,6265,1372,4893
113000203,96,207,-111
113000204,541,4077,-3536
113000205,10,18,-8
113000206,9,27,-18
113000207,80,10,70
113000208,62,41,21
113000209,11,19,-8
113000210,8,39,-31
113000211,66,239,-173
113000212,74,38,36
113000213,36,174,-138
113000214,152,317,-165
113000234,168,772,-604
113000410,182,254,-72
113000411,1834,4177,-2343
113000412,3732,1802,1930
113000413,1066,2939,-1873
113000414,3251,12737,-9486
113000415,1817,1777,40
113000416,3702,2760,942
113000417,1561,1999,-438
113000418,4196,4177,19
113000419,1575,2346,-771
113000420,3136,5909,-2773
113000421,4925,7620,-2695
113000422,11218,10023,1195
113000423,1684,5695,-4011
113000424,2861,10314,-7453
113000425,1,91,-90
113000428,42,49,-7
113000430,13,272,-259
113000432,2647,169,2478
113000433,195,382,-187
113000434,20,60,-40
113000435,20,194,-174
113000436,35,528,-493
113000437,1503,26,1477
113000438,404,13,391
113000439,10,54,-44
113000440,227,40,187
113000441,282,188,94
113000442,152,57,95
113000443,446,119,327
113000444,366,80,286
113000445,177,87,90
113000446,42,84,-42
113000448,419,262,157
113000449,131,925,-794
113000450,614,2248,-1634
113000451,2062,232,1830
113000452,179,454,-275
113000453,25,589,-564
113000454,356,161,195
113000455,11,784,-773
113000456,2834,2318,516
113000468,846,111,735
113000469,91,321,-230
113000470,360,20,340
113000471,7,265,-258
113000472,116,254,-138
113000474,1141,684,457
113000475,1364,1409,-45
113000476,1960,2114,-154
113000477,4134,1961,2173
113000478,3277,3303,-26
113000479,74,82,-8
113000480,101,465,-364
113000484,0,0,0
113000485,0,0,0
113000486,1,0,1
113000487,0,3,-3
113000488,0,0,0
113000489,0,7,-7
113000490,0,0,0
113000491,13,11,2
113000492,5,2,3
113000493,0,0,0
113000495,231,101,130
113000496,169,112,57
113000497,0,0,0
113000499,0,0,0
113000500,0,3,-3
113900001,5,576,-571
113900002,0,51,-51
113900003,10,87,-77
113900004,0,130,-130
113900005,2,193,-191
113900006,5,25,-20
113900007,50,37,13
113900008,34,0,34
113900009,42,2,40
113900010,55,6,49
113900011,82,1,81
113900012,61,0,61
113900013,93,3,90
113900014,725,2,723
113900015,0,91,-91
113900016,63,0,63
113900017,7,53,-46
113900018,242,367,-125
113900019,252,59,193
113900020,257,3,254
113900022,50,1,49
113900023,41,2,39
113900024,62,25,37
113900025,210,16,194
113900026,89,3,86
113900027,10,58,-48
113900028,51,282,-231
113900029,67,104,-37
113900030,318,1,317
113900031,33,6,27
113900032,43,0,43
113900033,75,47,28
113900035,44,2,42
113900036,41,79,-38
113900037,234,280,-46
113900038,31,155,-124
113900039,161,36,125
113900040,20,39,-19
113900041,20,6,14
113900042,58,35,23
113900043,170,68,102
113900044,245,302,-57
113900045,99,4,95
113900046,278,1263,-985
113900047,78,90,-12
113900048,87,112,-25
113900049,262,348,-86
113900050,325,342,-17
113900051,279,229,50
113900052,101,91,10
113900053,710,836,-126
113900054,47,2,45
113900055,119,318,-199
113900056,63,108,-45
113900057,23,102,-79
113900058,84,62,22
113900059,251,253,-2
113900060,76,214,-138
113900061,519,231,288
113900062,193,20,173
113900063,111,86,25
113900064,31,61,-30
113900065,531,23,508
113900066,522,164,358
113900067,343,201,142
113900068,576,631,-55
113900069,55,31,24
113900070,116,208,-92
113900071,134,35,99
113900072,83,52,31
113900073,389,311,78
113900074,136,140,-4
113900075,1034,1793,-759
113900076,205,8,197
113900077,63,108,-45
113900078,44,33,11
113900079,0,18,-18
113900080,677,241,436
113900081,77,83,-6
113900082,126,202,-76
113900083,485,168,317
113900084,195,83,112
113900085,42,160,-118
113900086,84,29,55
113900087,131,90,41
113900088,64,87,-23
113900089,390,50,340
113900090,699,378,321
113900091,10,14,-4
113900092,21,45,-24
113900093,64,976,-912
113900094,579,158,421
113900095,144,162,-18
113900096,366,80,286
113900097,37,59,-22
113900098,872,160,712
113900099,1,20,-19
113900100,0,1,-1
113900101,5,65,-60
113900102,122,159,-37
113900103,273,272,1
113900104,130,263,-133
113900105,207,62,145
113900106,1,31,-30
113900107,1,8,-7
113900108,129,291,-162
113900109,323,206,117
113900110,100,24,76
113900111,234,72,162
113900112,189,37,152
113900113,1585,400,1185
113900114,0,24,-24
113900115,3,38,-35
113900116,69,201,-132
113900117,62,26,36
113900118,202,388,-186
113900119,115,370,-255
113900120,133,48,85
113900121,102,61,41
113900122,651,2770,-2119
113900123,603,194,409
113900124,0,78,-78
113900125,709,108,601
113900126,128,42,86
113900127,448,886,-438
113900128,148,64,84
113900129,11,184,-173
113900130,13,495,-482
113900131,305,48,257
113900132,33,87,-54
113900133,17,38,-21
113900135,377,295,82
113900136,113,59,54
113900137,355,298,57
113900138,30,311,-281
113900139,148,215,-67
113900140,49,424,-375
113900141,752,186,566
113900142,165,50,115
113900143,18,58,-40
113900144,82,722,-640
113900145,359,152,207
113900146,240,59,181
113900148,66,393,-327
113900149,185,77,108
113900150,289,283,6
113900151,485,141,344
113900152,50,52,-2
113900153,131,616,-485
113900154,0,135,-135
113900155,131,239,-108
113900156,176,346,-170
113900157,62,292,-230
113900158,152,1091,-939
113900159,17,267,-250
113900160,578,352,226
113900161,94,310,-216
113900162,199,1572,-1373
113900163,238,299,-61
113900164,457,55,402
113900165,704,561,143
113900166,80,140,-60
113900167,437,71,366
113900168,52,55,-3
113900169,175,308,-133
113900171,298,62,236
113900172,7,78,-71
113900173,26,270,-244
113900174,485,435,50
113900175,360,145,215
113900176,377,292,85
113900177,330,150,180
113900178,341,209,132
113900179,37,225,-188
113900180,201,105,96
113900181,856,253,603
113900182,687,577,110
113900183,55,62,-7
113900184,9,289,-280
113900185,124,58,66
113900186,63,23,40
113900187,41,96,-55
113900188,37,146,-109
113900189,339,151,188
113900190,156,104,52
113900191,136,171,-35
113900192,5,746,-741
113900193,19,80,-61
113900194,1019,567,452
113900195,232,354,-122
113900196,1,268,-267
113900197,1,74,-73
113900198,21,312,-291
113900199,138,402,-264
113900200,23,133,-110
113900201,0,72,-72
113900202,48,123,-75
113900203,0,34,-34
113900204,38,256,-218
113900205,6,60,-54
113900206,4,87,-83
113900207,0,45,-45
113900208,0,27,-27
113900209,0,52,-52
113900210,433,796,-363
113900211,177,69,108
113900212,245,264,-19
113900214,377,503,-126
113900215,73,80,-7
113900216,213,368,-155
113900217,117,186,-69
113900218,142,91,51
113900219,169,666,-497
113900220,114,154,-40
113900221,266,278,-12
113900222,211,516,-305
113900223,233,309,-76
113900224,38,51,-13
113900225,391,136,255
113900226,483,177,306
113900227,433,176,257
113900228,425,758,-333
113900229,50,1053,-1003
113900230,1973,3436,-1463
113900231,130,117,13
113900232,126,65,61
113900233,110,85,25
113900234,401,428,-27
113900235,145,56,89
113900236,314,200,114
113900237,192,15,177
113900238,272,668,-396
113900239,41,133,-92
113900240,18,269,-251
113900241,80,91,-11
113900242,38,194,-156
113900243,48,294,-246
113900244,110,156,-46
113900245,630,265,365
113900246,20,22,-2
113900247,104,589,-485
113900248,1975,1865,110
113900249,821,406,415
113900250,35,226,-191
113900251,975,100,875
113900252,722,24,698
113900253,670,70,600
113900254,674,165,509
113900255,598,21,577
113900256,352,29,323
113900257,22,271,-249
113900258,18,232,-214
113900259,829,110,719
113900260,212,10,202
113900261,45,46,-1
113900262,135,335,-200
113900263,74,430,-356
113900264,1,211,-210
113900265,144,337,-193
113900266,34,146,-112
113900267,108,919,-811
113900268,319,528,-209
113900269,62,150,-88
113900270,179,638,-459
113900271,708,478,230
113900273,17,9,8
113900274,85,32,53
113900275,24,71,-47
113900276,3,79,-76
113900277,184,6,178
113900278,234,201,33
113900279,104,91,13
113900280,1621,541,1080
113900281,411,1423,-1012
113900282,335,467,-132
113900283,368,450,-82
113900284,925,189,736
113900285,107,50,57
113900286,21,57,-36
113900287,105,36,69
113900288,4,101,-97
113900289,308,109,199
113900290,130,262,-132
113900291,91,131,-40
113900292,11,11,0
113900293,20,176,-156
113900294,601,20,581
113900295,395,415,-20
113900296,2686,381,2305
113900297,2674,65,2609
113900298,14,1137,-1123
113900299,268,172,96
113900300,3854,4225,-371
113900301,582,582,0
113900302,1669,1063,606
113900303,224,585,-361
113900304,1,70,-69
113900305,197,1,196
113900306,91,0,91
113900307,18,5,13
113900308,75,105,-30
113900309,2,289,-287
113900310,0,6,-6
113900311,14,1,13
113900312,173,225,-52
113900313,17,1,16
114000001,794,1704,-910
114000002,325,224,101
114000003,83,257,-174
114000004,506,327,179
114000005,477,223,254
114000006,1470,1225,245
114000007,778,858,-80
114000008,1595,1786,-191
114000009,1344,264,1080
114000011,2948,1765,1183
114000012,3536,1358,2178
114000013,2097,969,1128
114000014,456,147,309
114000015,2675,288,2387
114000016,338,110,228
114000017,144,646,-502
114000018,113,19,94
114000026,2935,875,2060
114000027,4760,1968,2792
114000028,2321,3004,-683
114000038,353,145,208
114000039,85,34,51
114000040,244,238,6
114000042,212,101,111
114000043,71,37,34
114000044,506,27,479
114000045,43,37,6
114000046,2788,3507,-719
114000047,13,67,-54
114000048,158,45,113
114000049,1980,1583,397
114000050,2052,1690,362
114000051,3191,2164,1027
114000052,4483,2400,2083
114000053,95,619,-524
114000054,206,569,-363
114000055,277,45,232
114000056,231,1122,-891
114000057,3707,1927,1780
114000058,147,1386,-1239
114000059,34,575,-541
114000060,550,796,-246
114000061,2172,3073,-901
114000062,697,1542,-845
114000063,1115,1122,-7
114000064,2077,3712,-1635
114000065,1091,1787,-696
114000066,522,653,-131
114000067,29,911,-882
114000068,488,839,-351
114000069,1188,631,557
114000070,2148,1936,212
114000071,893,470,423
114000072,717,166,551
114000073,22,18,4
114000074,111,20,91
114000075,97,33,64
114000076,31,21,10
114000077,8,11,-3
114000078,440,278,162
114000079,281,33,248
114000080,87,71,16
114000081,105,100,5
114000082,47,232,-185
114000083,63,124,-61
114000084,360,94,266
114000085,56,281,-225
114000086,304,199,105
114000087,232,80,152
114000088,49,27,22
114000089,422,270,152
114000090,997,1087,-90
114000091,1372,840,532
114000092,800,561,239
114000093,1632,805,827
114000094,380,344,36
114000095,318,181,137
114000096,92,214,-122
114000097,131,224,-93
114000098,707,113,594
114000099,973,147,826
114000100,2061,405,1656
114000101,503,322,181
114000102,896,261,635
114000103,126,182,-56
114000104,134,148,-14
114000105,192,117,75
114000106,739,1954,-1215
114000107,575,115,460
114000108,677,786,-109
114000109,727,1487,-760
114000110,522,750,-228
114000111,2392,1205,1187
114000112,413,1051,-638
114000113,1302,617,685
114000114,767,776,-9
114000115,2164,1099,1065
114000116,1034,2822,-1788
114000117,4665,646,4019
114000118,3503,556,2947
114000119,2639,575,2064
114000120,694,621,73
114000121,559,764,-205
114000122,550,421,129
114000123,2897,424,2473
114000124,1223,404,819
114000125,924,841,83
114000126,2835,269,2566
114000127,266,136,130
114000128,923,250,673
114000130,460,472,-12
114000131,379,161,218
114000132,654,439,215
114000133,705,1380,-675
114000134,99,52,47
114000138,33,141,-108
114000139,401,398,3
114000144,727,717,10
114000145,74,68,6
114000146,119,102,17
114000147,1546,2544,-998
114000148,1144,1804,-660
114000149,351,342,9
114000150,290,515,-225
114000151,503,1623,-1120
114000152,102,48,54
114000153,625,2238,-1613
114000154,730,467,263
114000155,1607,2590,-983
114000156,860,736,124
114000157,289,1322,-1033
114000158,911,689,222
114000159,114,439,-325
114000160,54,446,-392
114000161,1034,2850,-1816
114000162,1256,2680,-1424
114000163,26,61,-35
114000165,638,395,243
114000166,571,554,17
114000167,2252,1260,992
114000168,426,456,-30
114000169,1224,1684,-460
114000170,1228,1577,-349
114000171,1314,6804,-5490
114000174,137,376,-239
114000176,372,519,-147
114000177,940,497,443
114000178,59,56,3
114000179,944,717,227
114000180,224,445,-221
114000181,1787,4914,-3127
114000182,1206,2294,-1088
114000183,596,848,-252
114000184,1712,648,1064
114000185,1202,722,480
114000189,1562,198,1364
114000190,3689,533,3156
114000191,102,187,-85
114000192,132,788,-656
114000193,340,1165,-825
114000194,1567,653,914
114000195,208,89,119
114000196,3,83,-80
114000197,2119,56,2063
114000198,661,300,361
114000199,1557,1703,-146
114000200,551,844,-293
114000201,173,456,-283
114000202,1177,384,793
114000203,592,442,150
114000204,166,333,-167
114000205,234,979,-745
114000206,704,1122,-418
114000207,414,876,-462
114000208,491,1267,-776
114000209,398,1088,-690
114000210,166,698,-532
114000211,1357,1062,295
114000212,1010,957,53
114000213,1703,550,1153
114000214,83,90,-7
114000215,245,64,181
114000216,1954,315,1639
114000217,456,149,307
114000218,192,138,54
114000219,1515,158,1357
114000220,11,455,-444
114000221,1090,253,837
114000222,108,488,-380
114000223,553,138,415
114000224,61,323,-262
114000225,232,418,-186
114000226,245,225,20
114000227,975,474,501
114000228,901,461,440
114000229,1392,885,507
114000230,1796,717,1079
114000231,1043,1233,-190
114000232,1014,160,854
114000233,2672,113,2559
114000234,1307,549,758
114000235,1304,966,338
114000236,1,240,-239
114000237,124,465,-341
114000238,198,235,-37
114000239,124,676,-552
114000240,954,1072,-118
114000241,258,590,-332
114000242,693,613,80
114000243,2093,925,1168
114000244,848,300,548
114000245,499,755,-256
114000246,123,54,69
114000247,761,448,313
114000248,1485,591,894
114000249,676,413,263
114000250,678,382,296
114000251,434,219,215
114000252,60,18,42
114000253,70,137,-67
114000254,94,32,62
114000255,501,170,331
114000256,433,1888,-1455
114000257,342,711,-369
114000258,382,210,172
114000259,128,220,-92
114000260,0,23,-23
114000261,46,46,0
114000262,431,149,282
114000263,10,4,6
114000264,1686,325,1361
114000265,0,7,-7
114000267,1,1497,-1496
114000268,15,554,-539
114000270,279,7,272
114000271,341,51,290
114000283,1684,311,1373
114000285,13,126,-113
114000288,144,239,-95
114000289,2113,169,1944
114000293,279,531,-252
114000294,214,299,-85
114000395,1344,38,1306
114000396,697,675,22
114000402,837,213,624
114000403,371,185,186
114000405,230,193,37
114000423,495,178,317
114000424,625,174,451
114000425,1203,179,1024
114000426,328,800,-472
114000427,80,43,37
114000428,134,229,-95
114000429,20,113,-93
114000432,124,39,85
114000434,36,68,-32
114000435,12,118,-106
114900001,724,373,351
114900002,732,194,538
114900003,831,575,256
114900004,289,510,-221
114900005,629,394,235
114900006,152,99,53
114900007,365,43,322
114900008,317,117,200
114900010,977,1893,-916
114900011,326,172,154
114900013,287,116,171
114900015,143,656,-513
114900018,1060,34,1026
114900020,214,73,141
114900022,124,421,-297
114900024,288,119,169
114900025,634,151,483
114900026,77,113,-36
114900027,249,180,69
114900029,41,22,19
114900030,447,202,245
114900031,497,25,472
114900032,480,15,465
114900033,544,1467,-923
114900034,36,102,-66
114900035,137,253,-116
114900036,179,337,-158
114900037,121,92,29
114900038,247,244,3
114900039,601,209,392
114900040,107,73,34
114900041,1193,222,971
114900042,1410,363,1047
114900043,373,165,208
114900044,200,47,153
114900046,40,69,-29
114900047,211,2904,-2693
114900048,89,197,-108
114900049,8,67,-59
114900050,76,147,-71
114900051,39,209,-170
114900052,128,255,-127
114900053,125,199,-74
114900054,33,63,-30
114900057,186,21,165
114900058,0,47,-47
114900059,162,95,67
114900060,350,752,-402
114900061,109,84,25
114900062,189,266,-77
114900063,85,73,12
114900064,2224,218,2006
114900065,548,764,-216
114900067,40,359,-319
114900068,45,74,-29
114900069,134,60,74
114900070,674,201,473
114900072,1,215,-214
114900073,3,91,-88
114900074,989,240,749
114900075,479,7,472
114900076,11,268,-257
114900080,1002,255,747
114900082,2158,2731,-573
114900083,769,1050,-281
114900090,576,206,370
114900091,126,138,-12
114900095,206,73,133
114900096,270,488,-218
114900097,216,16,200
114900098,1,100,-99
114900099,317,12,305
115000001,3874,1988,1886
115000002,4665,5585,-920
115000003,3979,1528,2451
115000004,5895,6709,-814
115000005,1445,1714,-269
115000006,1366,1503,-137
115000007,158,159,-1
115000008,359,588,-229
115000009,224,226,-2
115000010,283,227,56
115000013,27,209,-182
115000015,35,210,-175
115000016,172,253,-81
115000019,44,460,-416
115000020,114,885,-771
115000021,200,372,-172
115000022,503,329,174
115000023,289,610,-321
115000024,854,375,479
115000025,890,860,30
115000026,244,286,-42
115000027,323,358,-35
115000028,242,562,-320
115000029,775,95,680
115000030,781,942,-161
115000031,1210,372,838
115000032,12,210,-198
115000033,212,40,172
115000034,54,997,-943
115000035,1080,102,978
115000036,0,327,-327
115000037,679,21,658
115000038,47,161,-114
115000039,2339,3689,-1350
115000040,3396,2528,868
115000041,1831,4789,-2958
115000042,714,675,39
115000043,4335,3122,1213
115000044,3539,3117,422
115000045,2219,972,1247
115000046,3112,2735,377
115000047,2660,1369,1291
115000048,1726,1392,334
115000049,1268,2334,-1066
115000050,3179,1561,1618
115000051,1755,3800,-2045
115000052,1262,1301,-39
115000053,2248,2326,-78
115000054,604,769,-165
115000055,221,875,-654
115000056,190,556,-366
115000057,615,1186,-571
115000058,334,391,-57
115000059,335,172,163
115000061,86,196,-110
115000062,242,310,-68
115000063,487,319,168
115000064,242,97,145
115000065,103,513,-410
115000067,204,34,170
115000069,118,244,-126
115000070,25,846,-821
115000071,86,13,73
115000072,9,56,-47
115000073,1473,70,1403
115000075,124,38,86
115000076,2266,1934,332
115000077,2391,1272,1119
115000078,1773,868,905
115000079,1599,1158,441
115000080,3145,1417,1728
115000081,346,725,-379
115000082,4712,4028,684
115000083,1956,1120,836
115000084,3216,1126,2090
115000085,1091,627,464
115000086,1391,643,748
115000087,416,1305,-889
115000088,1836,603,1233
115000089,1280,1075,205
115000090,386,717,-331
115000091,236,606,-370
115000092,674,468,206
115000093,634,7,627
115000094,4619,6383,-1764
115000095,3877,6854,-2977
115000096,880,883,-3
115000097,1650,1235,415
115000098,1731,580,1151
115000099,3079,1595,1484
115000100,1448,386,1062
115000101,542,960,-418
115000102,637,246,391
115000103,285,424,-139
115000105,65,122,-57
115000106,878,396,482
115000107,214,261,-47
115000108,2032,1862,170
115000109,4152,5512,-1360
115000110,1306,2316,-1010
115000111,511,1032,-521
115000112,914,915,-1
115000113,672,706,-34
115000114,1439,580,859
115000116,3290,2309,981
115000117,2438,2600,-162
115000118,2480,1998,482
115000119,1685,2164,-479
115000120,642,1421,-779
115000121,823,924,-101
115000122,1164,1960,-796
115000123,894,2482,-1588
115000124,769,1048,-279
115000125,391,800,-409
115000126,129,282,-153
115000127,328,156,172
115000128,375,822,-447
115000129,183,469,-286
115000130,502,443,59
115000131,866,246,620
115000132,459,319,140
115000133,779,200,579
115000134,339,301,38
115000135,253,196,57
115000136,267,243,24
115000137,151,202,-51
115000138,468,237,231
115000139,283,170,113
115000140,509,188,321
115000141,281,127,154
115000142,288,122,166
115000143,1115,529,586
115000144,542,56,486
115000145,261,176,85
115000146,732,370,362
115000147,493,317,176
115000148,384,479,-95
115000149,781,229,552
115000150,655,473,182
115000151,1522,483,1039
115000152,720,478,242
115000153,1417,489,928
115000154,1102,221,881
115000155,652,582,70
115000156,948,672,276
115000157,446,667,-221
115000158,401,297,104
115000159,541,566,-25
115000160,530,565,-35
115000161,669,471,198
115000162,499,938,-439
115000163,467,706,-239
115000164,600,681,-81
115000165,380,537,-157
115000167,91,110,-19
115000168,441,342,99
115000169,415,581,-166
115000170,77,128,-51
115000171,195,226,-31
115000172,738,685,53
115000173,253,859,-606
115000174,116,363,-247
115000175,182,164,18
115000176,112,129,-17
115000177,111,269,-158
115000178,13,135,-122
115000179,29,42,-13
115000180,138,288,-150
115000181,833,133,700
115000182,1184,284,900
115000183,523,463,60
115000186,649,199,450
115000187,250,524,-274
115000188,424,468,-44
115000189,210,370,-160
115000190,692,405,287
115000191,170,496,-326
115000194,107,163,-56
115000195,202,308,-106
115000196,301,111,190
115000197,279,181,98
115000198,537,176,361
115000199,524,137,387
115000200,515,99,416
115000201,175,246,-71
115000206,534,37,497
115000207,300,249,51
115000208,352,618,-266
115000209,888,354,534
115000210,198,142,56
115000211,276,269,7
115000212,993,348,645
115000224,258,54,204
115000225,49,84,-35
115000229,145,104,41
115000230,87,442,-355
115000231,285,785,-500
115000232,2163,279,1884
115000233,169,139,30
115000234,23,215,-192
115000241,131,146,-15
115000242,199,165,34
115000243,74,125,-51
115000244,11,109,-98
115000246,51,14,37
115000247,28,21,7
115000248,34,19,15
115000249,20,11,9
115000250,256,22,234
115000251,314,69,245
115000252,115,204,-89
115000253,20,428,-408
115000258,328,66,262
115000259,355,91,264
115000261,28,14,14
115000262,15,23,-8
115000263,10,33,-23
115000264,26,25,1
115000267,75,103,-28
115000268,39,133,-94
115000269,86,53,33
115000270,2,20,-18
115000272,82,86,-4
115000273,525,57,468
115000280,1918,253,1665
115000281,297,765,-468
115000282,740,1386,-646
115000284,160,166,-6
115000296,1127,22,1105
115000297,117,158,-41
115000298,72,469,-397
115000300,294,130,164
115000302,622,83,539
115000303,989,50,939
115000304,1119,63,1056
115000305,97,297,-200
115000306,231,158,73
115000307,145,157,-12
115000308,15,13,2
115000309,15,103,-88
115000310,1478,471,1007
115000311,1399,1092,307
115000313,123,243,-120
115000314,686,171,515
115000315,643,783,-140
115000316,75,140,-65
115000317,204,394,-190
115000318,877,325,552
115000319,46,191,-145
115000320,11,325,-314
115000321,329,4,325
115000322,69,125,-56
115000449,173,124,49
115000557,3,1840,-1837
115000558,269,110,159
115000587,688,267,421
115000588,1797,2377,-580
115000589,3813,2139,1674
115000590,1053,1643,-590
115000591,1693,981,712
115000592,476,1649,-1173
115000593,1521,849,672
115000594,432,2474,-2042
115000609,217,96,121
115000617,690,3063,-2373
115000624,351,47,304
115000633,455,1604,-1149
115000634,3056,745,2311
115000635,726,110,616
115000638,342,398,-56
115000641,32,153,-121
115000642,320,274,46
115000643,121,360,-239
115000644,156,294,-138
115000646,902,1642,-740
115000647,234,477,-243
115000648,2821,1219,1602
115000893,1672,1140,532
115000894,163,716,-553
115000895,277,707,-430
115000896,1076,434,642
115000897,460,136,324
115000898,344,339,5
115000899,239,1405,-1166
115000900,41,220,-179
115000901,71,151,-80
115000912,493,83,410
115000913,2,5,-3
115000915,6,0,6
115000916,2,0,2
115000917,0,7,-7
115000918,39,500,-461
115000919,2,26,-24
115000920,10,67,-57
115000921,179,79,100
115000922,405,762,-357
115000923,130,1206,-1076
115000925,146,116,30
115000927,58,109,-51
115000933,88,317,-229
115000934,188,139,49
115000935,155,50,105
115000936,27,1014,-987
115000937,464,196,268
115000938,36,226,-190
115000939,27,119,-92
115900001,193,5,188
115900002,88,83,5
115900003,191,38,153
115900004,2,15,-13
115900005,337,6,331
115900006,152,152,0
115900008,72,22,50
115900009,63,126,-63
115900010,460,77,383
115900011,423,471,-48
115900012,297,36,261
115900013,299,163,136
115900014,107,242,-135
115900015,179,28,151
115900016,105,47,58
115900017,15,13,2
115900018,125,37,88
115900019,199,15,184
115900020,183,5,178
115900021,1089,231,858
115900022,654,4,650
115900023,9,13,-4
115900025,50,257,-207
115900026,744,135,609
115900027,0,118,-118
115900028,389,50,339
115900029,25,245,-220
115900030,39,37,2
115900031,144,388,-244
115900032,480,563,-83
115900033,0,38,-38
115900034,42,143,-101
115900035,49,41,8
115900036,47,1393,-1346
115900037,29,180,-151
115900038,81,26,55
115900039,204,127,77
115900041,204,843,-639
115900042,86,12,74
115900043,172,48,124
115900044,184,307,-123
115900046,451,168,283
115900047,164,218,-54
115900049,219,163,56
115900051,6,13,-7
115900052,16,115,-99
115900053,387,120,267
115900054,369,24,345
115900055,30,89,-59
115900056,240,128,112
115900057,10,12,-2
115900058,38,43,-5
115900060,104,152,-48
115900061,335,4,331
115900062,62,141,-79
115900063,85,6,79
115900064,166,252,-86
115900065,158,64,94
115900066,103,58,45
115900067,7,194,-187
115900068,1425,1308,117
115900069,54,185,-131
115900070,235,44,191
115900071,1,161,-160
115900072,20,104,-84
115900073,143,158,-15
115900074,10,134,-124
115900075,57,150,-93
115900076,8,40,-32
115900077,0,86,-86
115900078,92,119,-27
115900079,363,15,348
115900080,167,123,44
115900081,23,31,-8
115900082,129,148,-19
115900084,660,27,633
115900085,45,52,-7
115900086,871,494,377
115900088,14,52,-38
115900089,497,379,118
115900090,582,15,567
115900091,6,33,-27
115900092,64,65,-1
115900093,6,19,-13
115900094,7,84,-77
115900096,10,7,3
115900097,15,98,-83
115900098,292,172,120
115900099,54,33,21
115900100,18,212,-194
115900101,215,127,88
115900102,103,42,61
115900103,389,91,298
115900104,118,59,59
115900105,432,216,216
115900106,151,14,137
115900107,124,59,65
115900108,249,17,232
115900109,27,189,-162
115900110,1,9,-8
115900111,2,78,-76
115900112,51,502,-451
115900113,63,7,56
115900114,5,84,-79
115900115,152,151,1
115900116,92,511,-419
115900117,115,7,108
115900118,14,153,-139
115900119,153,111,42
115900120,20,168,-148
115900121,267,124,143
115900124,424,925,-501
115900125,457,59,398
115900126,1112,88,1024
115900127,951,66,885
115900128,6,90,-84
115900129,831,45,786
115900130,18,259,-241
115900131,465,27,438
115900132,883,9,874
115900134,470,73,397
115900135,318,1217,-899
115900137,50,9,41
115900139,16,84,-68
115900140,453,28,425
115900141,3,48,-45
115900142,1,42,-41
115900143,263,1043,-780
115900144,147,262,-115
115900146,12,47,-35
115900147,226,289,-63
115900148,113,6,107
115900149,214,22,192
115900150,121,9,112
115900151,42,108,-66
115900152,154,242,-88
115900153,147,148,-1
115900154,363,363,0
115900155,0,8,-8
115900156,724,1118,-394
115900157,306,553,-247
115900158,8,2,6
115900159,211,126,85
115900160,3,23,-20
115900161,72,206,-134
115900163,333,171,162
115900164,724,23,701
115900165,2,137,-135
115900166,144,89,55
115900168,158,90,68
115900171,70,320,-250
115900172,67,113,-46
115900173,271,70,201
115900174,154,234,-80
115900175,183,182,1
115900178,4,251,-247
115900179,339,15,324
115900180,67,42,25
115900181,275,74,201
115900182,564,121,443
115900183,15,74,-59
115900184,481,5,476
115900187,8,169,-161
115900189,0,244,-244
115900190,306,1000,-694
115900191,30,144,-114
115900192,21,76,-55
115900193,269,130,139
115900194,876,62,814
115900195,425,2784,-2359
115900198,231,286,-55
115900199,324,114,210
115900200,186,177,9
115900201,348,334,14
115900202,1,69,-68
115900203,10,24,-14
115900204,0,9,-9
115900205,47,41,6
115900206,287,103,184
115900207,80,6,74
115900208,168,68,100
115900209,8,85,-77
115900210,1,135,-134
115900211,3,93,-90
115900212,212,125,87
115900213,107,156,-49
115900214,707,98,609
115900215,23,276,-253
115900216,4,83,-79
115900217,6,33,-27
115900218,4,22,-18
115900219,202,3,199
115900220,335,6,329
115900221,114,10,104
115900222,147,38,109
115900223,14,557,-543
115900224,479,1842,-1363
115900225,32,61,-29
115900226,17,66,-49
115900227,25,27,-2
115900228,7,27,-20
115900229,5,34,-29
115900230,26,72,-46
115900231,128,5,123
115900232,68,0,68
115900233,126,5,121
115900234,62,24,38
115900235,35,42,-7
115900236,33,42,-9
115900237,28,13,15
115900238,37,23,14
115900239,12,36,-24
115900240,9,25,-16
115900241,276,69,207
115900242,223,407,-184
115900243,5,4,1
115900244,6,8,-2
115900245,76,8,68
115900246,36,8,28
115900247,12,23,-11
115900248,6,7,-1
115900249,9,2,7
115900250,12,10,2
115900251,0,6,-6
115900252,0,5,-5
115900253,12,39,-27
115900254,5,35,-30
115900255,0,16,-16
115900256,7,13,-6
115900257,6,6,0
115900258,0,1,-1
115900259,2,6,-4
115900260,2,1,1
115900261,7,1,6
115900262,5,0,5
115900263,10,0,10
115900264,16,2,14
115900265,3,1,2
115900266,0,16,-16
115900267,0,6,-6
115900268,1,12,-11
115900269,702,158,544
115900270,489,142,347
115900271,234,1,233
115900272,58,1,57
115900273,12,41,-29
115900274,1,2,-1
115900275,0,5,-5
115900276,0,10,-10
115900277,0,28,-28
115900278,57,106,-49
115900279,18,216,-198
115900280,16,578,-562
115900281,187,325,-138
115900282,7,17,-10
115900283,12,19,-7
115900284,20,3,17
116000001,6863,2751,4112
116000002,4772,14579,-9807
116000003,1186,1257,-71
116000004,3374,5427,-2053
116000005,1379,3151,-1772
116000006,2762,3341,-579
116000007,2117,4899,-2782
116000008,4759,3916,843
116000009,1197,1410,-213
116000010,2787,2215,572
116000011,655,1357,-702
116000012,2078,1430,648
116000013,4303,3591,712
116000014,7348,17235,-9887
116000015,123,1525,-1402
116000016,4446,4828,-382
116000017,31,924,-893
116000018,571,363,208
116000019,880,390,490
116000020,679,1081,-402
116000021,886,330,556
116000022,433,304,129
116000023,1420,973,447
116000024,573,799,-226
116000025,1030,899,131
116000026,1573,2724,-1151
116000027,728,797,-69
116000028,512,1239,-727
116000029,448,661,-213
116000030,644,644,0
116000031,153,253,-100
116000032,383,186,197
116000033,572,460,112
116000034,909,743,166
116000035,439,575,-136
116000036,769,1979,-1210
116000037,273,488,-215
116000038,196,697,-501
116000039,300,843,-543
116000040,492,598,-106
116000041,85,637,-552
116000042,789,475,314
116000043,154,596,-442
116000044,16,40,-24
116000045,1869,1637,232
116000046,1024,1621,-597
116000047,1726,2540,-814
116000048,2365,1626,739
116000049,1707,3554,-1847
116000050,1685,1321,364
116000051,5750,3286,2464
116000052,5539,4998,541
116000053,2502,714,1788
116000054,1058,2454,-1396
116000055,1053,940,113
116000056,1448,1261,187
116000057,2589,1335,1254
116000058,3422,2892,530
116000059,2690,4822,-2132
116000060,1692,1018,674
116000061,600,1328,-728
116000062,465,204,261
116000063,592,1622,-1030
116000066,285,849,-564
116000067,183,352,-169
116000068,223,315,-92
116000069,276,246,30
116000078,508,1121,-613
116000080,1852,656,1196
116000082,2,21,-19
116000083,2006,532,1474
116000084,1446,2298,-852
116000085,2403,2272,131
116000086,894,601,293
116000087,2874,1979,895
116000088,905,863,42
116000089,202,96,106
116000090,138,156,-18
116000091,217,382,-165
116000093,863,717,146
116000094,843,423,420
116000095,1056,719,337
116000096,1134,1717,-583
116000097,1224,579,645
116000098,70,7572,-7502
116000099,4819,289,4530
116000100,339,25,314
116000101,1201,438,763
116000102,235,733,-498
116000103,569,346,223
116000104,221,872,-651
116000105,1266,178,1088
116000106,481,780,-299
116000107,2713,236,2477
116000108,242,226,16
116000111,184,42,142
116000113,204,130,74
116000114,42,95,-53
116000115,501,182,319
116000116,262,289,-27
116000117,1809,1622,187
116000118,1798,981,817
116000119,4291,1713,2578
116000120,2929,2441,488
116000121,1150,578,572
116000122,1050,887,163
116000123,1577,477,1100
116000124,431,606,-175
116000125,3924,789,3135
116000126,377,887,-510
116000127,913,710,203
116000128,2479,986,1493
116000129,1658,282,1376
116000130,781,686,95
116000133,1596,687,909
116000134,1579,1202,377
116000135,3398,1466,1932
116000136,839,1319,-480
116000137,1275,913,362
116000138,1104,679,425
116000139,1680,2614,-934
116000140,213,194,19
116000141,321,392,-71
116000142,2726,1933,793
116000143,1957,1770,187
116000144,1698,1492,206
116000145,2201,1076,1125
116000146,990,107,883
116000147,217,133,84
116000148,823,838,-15
116000149,792,908,-116
116000151,584,360,224
116000153,89,308,-219
116000155,174,281,-107
116000156,687,952,-265
116000157,86,10,76
116000158,438,312,126
116000159,26,15,11
116000160,13,40,-27
116000161,2,75,-73
116000162,65,166,-101
116000163,51,16,35
116000164,8,33,-25
116000177,236,149,87
116000194,77,361,-284
116000195,1260,536,724
116000196,8,1,7
116000197,1,0,1
116000198,2205,1211,994
116000200,683,867,-184
116000201,628,629,-1
116000202,11,202,-191
116000203,4,72,-68
116000204,15,55,-40
116000205,1,144,-143
116000206,0,156,-156
116000207,5,79,-74
116000233,218,385,-167
116000287,234,207,27
116000288,397,173,224
116000292,106,73,33
116000296,10,186,-176
116000297,122,9,113
116000304,204,25,179
116000305,34,42,-8
116000346,208,102,106
116000352,135,103,32
116000354,40,56,-16
116000357,21,64,-43
116000358,454,76,378
116000361,32,2,30
116000372,2861,6020,-3159
116000381,125,0,125
116000388,2,47,-45
116000389,1002,522,480
116000445,753,312,441
116000446,771,262,509
116000447,18,646,-628
116000448,581,156,425
116000563,804,1034,-230
116000565,40,190,-150
116000568,76,478,-402
116000579,14,86,-72
116000584,18,8,10
116000585,25,13,12
116000586,65,88,-23
116000587,460,560,-100
116000589,61,28,33
116000590,107,61,46
116000591,325,160,165
116000592,7,60,-53
116000593,0,12,-12
116000594,962,227,735
116000595,771,79,692
116000596,147,6,141
116000597,644,207,437
116000598,21,87,-66
116000602,49,469,-420
116000605,197,122,75
116000606,91,324,-233
116000607,4,13,-9
116000609,110,1065,-955
116000611,238,253,-15
116000612,1201,2077,-876
116000613,835,309,526
116000614,439,301,138
116000615,2,422,-420
116000616,82,70,12
116000617,140,27,113
116000618,1,26,-25
116000619,49,80,-31
116000620,227,112,115
116000621,103,129,-26
116000622,79,134,-55
116000624,323,102,221
116000627,128,15,113
116000628,90,193,-103
116000629,41,238,-197
116000630,704,33,671
116000631,323,24,299
116000632,842,124,718
116000633,86,149,-63
116000634,689,32,657
116000635,1903,2575,-672
116000636,414,1186,-772
116000637,520,15,505
116000638,30,204,-174
116900001,222,164,58
116900002,254,2,252
116900003,46,17,29
116900004,74,109,-35
116900005,304,48,256
116900006,70,313,-243
116900007,81,243,-162
116900008,633,121,512
116900009,20,11,9
116900010,1,694,-693
116900011,18,28,-10
116900012,217,259,-42
116900013,4,86,-82
116900014,158,53,105
116900015,652,50,602
116900016,320,2,318
116900017,3,369,-366
116900018,128,44,84
116900019,5,187,-182
116900020,674,1875,-1201
116900023,67,11,56
116900024,733,22,711
116900025,1512,554,958
116900026,100,422,-322
116900027,44,40,4
116900028,2,48,-46
116900029,8,128,-120
116900031,0,1,-1
116900032,5,207,-202
116900033,40,5,35
116900034,6,44,-38
116900035,167,148,19
116900036,7,67,-60
116900038,20,1,19
116900041,48,11,37
116900042,283,172,111
116900043,27,76,-49
116900047,26,243,-217
116900049,22,217,-195
116900050,107,302,-195
116900051,237,73,164
116900052,188,66,122
116900055,0,16,-16
116900057,13,110,-97
116900058,22,244,-222
116900059,0,42,-42
116900060,128,132,-4
116900062,1,13,-12
116900064,86,241,-155
116900065,25,68,-43
116900067,124,33,91
116900068,138,136,2
116900070,0,1,-1
116900072,53,177,-124
116900073,24,43,-19
116900074,5,31,-26
116900076,16,52,-36
116900077,12,66,-54
116900078,145,58,87
116900079,68,130,-62
116900080,6,22,-16
116900081,321,818,-497
116900082,334,839,-505
116900083,10,15,-5
116900084,61,70,-9
116900085,38,112,-74
116900086,42,164,-122
116900088,345,80,265
116900090,56,40,16
116900091,462,25,437
116900092,106,523,-417
116900093,2216,1398,818
116900094,2877,5153,-2276
116900095,159,166,-7
116900096,151,532,-381
116900097,1632,4072,-2440
116900098,701,478,223
116900099,350,1042,-692
116900100,1233,63,1170
116900101,193,400,-207
116900103,6,0,6
116900104,57,103,-46
116900105,353,272,81
116900106,3051,125,2926
116900107,1700,2897,-1197
116900110,27,3,24
116900111,811,312,499
116900112,303,446,-143
116900113,960,2178,-1218
116900116,59,677,-618
116900117,221,108,113
116900118,778,897,-119
116900120,554,70,484
116900121,198,20,178
116900122,1251,373,878
116900123,364,327,37
116900124,161,686,-525
116900125,584,78,506
116900126,73,563,-490
116900128,1,49,-48
116900129,3,221,-218
116900130,601,5006,-4405
116900131,83,304,-221
116900132,77,125,-48
116900133,177,76,101
116900134,288,163,125
116900136,176,191,-15
116900137,232,134,98
116900138,183,134,49
116900139,131,305,-174
116900140,191,117,74
116900141,613,303,310
116900142,1,86,-85
116900143,379,215,164
116900144,29,90,-61
116900145,74,188,-114
116900147,268,1244,-976
116900148,6,57,-51
116900149,50,262,-212
116900150,17,18,-1
116900151,71,29,42
116900153,156,107,49
116900154,222,572,-350
116900155,68,103,-35
116900157,740,146,594
116900158,97,311,-214
116900159,107,341,-234
116900160,1052,1188,-136
116900161,4217,8676,-4459
116900162,21,67,-46
116900163,281,80,201
116900164,91,52,39
116900165,447,514,-67
116900166,69,37,32
116900167,553,37,516
116900168,504,42,462
116900169,297,976,-679
116900170,617,659,-42
116900171,48,143,-95
116900172,153,498,-345
116900173,322,28,294
116900174,97,84,13
116900175,253,312,-59
116900178,40,99,-59
116900179,86,440,-354
116900180,90,28,62
116900182,667,291,376
116900183,240,103,137
116900185,33,60,-27
116900186,73,131,-58
116900187,54,65,-11
116900188,151,20,131
116900189,119,4,115
116900191,297,551,-254
116900192,352,106,246
116900194,153,1808,-1655
116900195,75,29,46
116900196,8,46,-38
116900197,153,19,134
116900198,128,330,-202
116900200,136,4,132
116900201,215,15,200
116900202,64,20,44
116900203,182,13,169
116900204,65,148,-83
116900206,38,9,29
116900207,24,28,-4
116900208,7,46,-39
116900209,17,56,-39
116900210,584,324,260
116900211,340,8,332
116900212,115,16,99
116900213,250,103,147
116900214,271,148,123
116900215,60,82,-22
116900216,254,169,85
116900218,2,150,-148
116900219,863,269,594
116900220,140,298,-158
116900221,185,304,-119
116900222,426,341,85
116900223,110,282,-172
116900226,101,30,71
116900227,255,46,209
116900228,435,162,273
116900230,54,155,-101
116900231,49,221,-172
116900232,29,192,-163
116900233,460,136,324
116900234,47,24,23
116900235,170,173,-3
116900238,1088,266,822
116900239,13,1234,-1221
116900240,3668,3533,135
116900241,156,90,66
116900242,229,868,-639
116900243,3,58,-55
116900245,98,61,37
116900246,127,12,115
116900247,1033,41,992
116900248,96,74,22
116900249,640,54,586
116900250,501,41,460
116900251,353,779,-426
116900252,193,490,-297
116900253,159,51,108
116900254,50,52,-2
116900255,119,122,-3
116900256,547,109,438
116900257,19,252,-233
116900258,13,77,-64
116900259,321,10,311
116900260,1,68,-67
116900261,96,4,92
116900262,218,171,47
116900263,0,26,-26
116900264,0,2,-2
116900265,83,0,83
116900266,19,19,0
116900267,5,0,5
116900268,279,202,77
116900269,367,780,-413
116900271,690,438,252
116900272,280,215,65
116900273,46,163,-117
116900274,136,30,106
116900275,263,66,197
116900276,543,242,301
116900277,288,41,247
116900278,3,14,-11
116900279,0,19,-19
116900280,51,10,41
116900281,3435,6172,-2737
116900282,3,46,-43
116900283,16,51,-35
116900284,23,106,-83
116900285,131,207,-76
116900286,135,24,111
116900287,1,20,-19
116900288,104,57,47
116900289,21,3,18
116900290,22,7,15
116900291,48,5,43
116900292,0,22,-22
116900293,82,20,62
116900294,19,104,-85
116900295,115,195,-80
116900296,49,137,-88
116900297,7,80,-73
116900298,60,174,-114
116900299,10,178,-168
116900300,4,245,-241
116900301,27,424,-397
116900302,17,112,-95
116900303,68,90,-22
116900304,0,201,-201
116900305,10,46,-36
116900306,286,52,234
117000001,2841,2228,613
117000002,1801,3297,-1496
117000003,6648,3634,3014
117000004,2346,4157,-1811
117000005,2943,2176,767
117000006,1032,2051,-1019
117000007,5674,1290,4384
117000008,878,2218,-1340
117000009,5098,1972,3126
117000010,1688,2545,-857
117000011,3122,1609,1513
117000012,1540,974,566
117000013,2393,954,1439
117000014,1279,2010,-731
117000015,2879,1455,1424
117000016,219,254,-35
117000017,129,230,-101
117000018,99,974,-875
117000019,40,0,40
117000020,402,2221,-1819
117000021,942,344,598
117000022,196,232,-36
117000023,59,312,-253
117000024,141,443,-302
117000025,251,1672,-1421
117000026,1497,1948,-451
117000027,1064,4195,-3131
117000028,832,2548,-1716
117000030,256,459,-203
117000031,364,336,28
117000032,1224,1173,51
117000033,1385,733,652
117000034,288,277,11
117000035,510,425,85
117000036,448,321,127
117000037,381,221,160
117000038,144,485,-341
117000039,484,245,239
117000040,239,518,-279
117000041,1297,155,1142
117000044,8,472,-464
117000045,616,150,466
117000046,319,722,-403
117000047,899,732,167
117000048,1367,626,741
117000049,78,485,-407
117000050,228,1139,-911
117000051,3286,85,3201
117000052,61,194,-133
117000053,765,37,728
117000054,2076,56,2020
117000055,7,1624,-1617
117000056,790,32,758
117000057,410,1812,-1402
117000060,506,1080,-574
117000061,2779,1177,1602
117000062,229,540,-311
117000063,2295,1207,1088
117000064,393,495,-102
117000066,520,710,-190
117000067,97,675,-578
117000074,70,144,-74
117000076,80,40,40
117000077,145,155,-10
117000078,156,478,-322
117000079,566,269,297
117000080,0,333,-333
117000081,1176,144,1032
117000082,15,72,-57
117000083,151,8,143
117000084,167,1,166
117000085,411,932,-521
117000086,884,263,621
117000087,86,449,-363
117000088,329,142,187
117000089,2219,234,1985
117000090,337,759,-422
117000091,1083,302,781
117000092,450,788,-338
117000093,1913,734,1179
117000094,1142,1530,-388
117000095,4254,858,3396
117000096,776,1434,-658
117000097,2074,1014,1060
117000098,1790,2666,-876
117000099,5265,1200,4065
117000100,267,400,-133
117000101,123,650,-527
117000102,2758,688,2070
117000103,599,1027,-428
117000104,2202,676,1526
117000105,619,1005,-386
117000106,1862,656,1206
117000107,520,1255,-735
117000108,2785,1005,1780
117000109,999,1699,-700
117000110,2033,1721,312
117000111,3810,3971,-161
117000112,4223,1676,2547
117000113,162,147,15
117000114,327,117,210
117000115,114,71,43
117000116,165,214,-49
117000117,1386,1294,92
117000118,308,152,156
117000119,122,322,-200
117000120,114,989,-875
117000121,18,1046,-1028
117000122,428,1000,-572
117000123,1705,36,1669
117000124,108,132,-24
117000125,125,550,-425
117000126,35,23,12
117000127,127,378,-251
117000128,126,899,-773
117000129,208,863,-655
117000130,102,1,101
117000131,0,80,-80
117000132,3933,64,3869
117000133,2661,71,2590
117000134,0,119,-119
117000135,2,131,-129
117000136,1,41,-40
117000137,193,200,-7
117000138,9,636,-627
117000140,471,1017,-546
117000141,2422,539,1883
117000181,302,170,132
117000182,1124,1103,21
117000195,141,701,-560
117000196,403,200,203
117000225,56,156,-100
117000226,4,156,-152
117000276,434,35,399
117000277,1,193,-192
117000310,1383,2297,-914
117000315,169,609,-440
117000320,60,0,60
117000906,622,18,604
117000907,12,142,-130
117000908,20,124,-104
117000909,40,46,-6
117000910,253,161,92
117000911,44,152,-108
117000915,5,273,-268
117000916,65,5,60
117000917,1584,54,1530
117000918,77,37,40
117000919,17,32,-15
117000920,0,833,-833
117000921,1,537,-536
117000922,18,42,-24
117000924,561,716,-155
117000926,450,160,290
117000927,341,980,-639
117000928,0,87,-87
117000929,306,181,125
117000930,322,7,315
117000931,59,134,-75
117900002,76,544,-468
117900003,313,400,-87
117900005,11,116,-105
117900006,3,107,-104
117900007,153,70,83
117900008,0,22,-22
117900010,417,69,348
117900011,26,350,-324
117900012,53,68,-15
117900013,2,124,-122
117900014,589,145,444
117900015,13,52,-39
117900016,956,1157,-201
117900017,708,245,463
117900018,249,384,-135
117900019,676,143,533
117900020,84,467,-383
117900021,54,55,-1
117900022,61,7,54
117900023,1292,95,1197
117900024,69,34,35
117900025,38,8,30
117900026,577,119,458
117900028,25,9,16
117900029,315,360,-45
117900030,554,277,277
117900031,154,289,-135
117900032,1174,650,524
117900033,371,331,40
117900034,47,26,21
117900035,345,127,218
117900036,260,262,-2
117900037,267,95,172
117900038,31,127,-96
117900039,0,33,-33
117900040,119,174,-55
117900041,1,31,-30
117900042,2713,372,2341
117900043,15,41,-26
117900044,21,3839,-3818
117900045,198,142,56
117900048,533,162,371
117900049,289,279,10
117900050,4,280,-276
117900051,11,6,5
117900052,81,535,-454
117900053,2135,258,1877
117900054,0,20,-20
117900055,801,147,654
117900056,56,117,-61
117900057,861,966,-105
117900058,45,48,-3
117900059,194,103,91
117900060,3402,2684,718
117900061,6,289,-283
117900063,407,157,250
117900065,519,848,-329
117900066,23,102,-79
117900067,803,142,661
117900069,938,175,763
117900070,93,141,-48
117900071,76,126,-50
117900073,778,202,576
117900074,69,315,-246
117900075,86,48,38
117900076,44,52,-8
117900077,622,176,446
117900078,453,823,-370
117900080,164,40,124
117900081,316,338,-22
117900082,658,382,276
117900083,503,228,275
117900086,154,29,125
117900087,176,31,145
117900088,1675,1460,215
117900089,2746,845,1901
117900090,633,273,360
117900091,88,71,17
117900092,135,25,110
117900093,152,44,108
117900094,38,35,3
117900095,419,368,51
117900096,118,178,-60
117900097,377,103,274
117900098,58,14,44
117900099,215,180,35
117900100,396,5,391
117900101,582,2542,-1960
117900102,95,35,60
117900103,52,4,48
117900104,12,433,-421
117900105,86,148,-62
117900106,149,30,119
117900107,79,2,77
117900109,970,372,598
117900110,199,1,198
117900111,602,34,568
117900112,77,9,68
117900113,1333,2075,-742
117900114,25,0,25
117900115,61,174,-113
117900116,788,723,65
117900117,736,200,536
117900118,197,0,197
117900119,287,64,223
117900120,402,17,385
117900121,123,147,-24
117900122,1028,5743,-4715
117900123,766,291,475
117900124,675,509,166
117900125,1548,1799,-251
117900126,164,435,-271
117900127,624,175,449
117900128,460,305,155
117900129,98,0,98
117900130,786,340,446
117900131,1,68,-67
117900132,34,89,-55
117900133,31,61,-30
117900134,62,265,-203
117900135,27,134,-107
117900136,0,21,-21
117900137,30,153,-123
117900138,0,15,-15
117900139,87,89,-2
117900140,3035,288,2747
117900141,153,154,-1
117900142,27,138,-111
117900144,51,688,-637
117900145,22,119,-97
117900146,146,237,-91
117900147,97,50,47
117900148,2296,2223,73
117900149,177,131,46
117900150,48,45,3
117900151,42,58,-16
117900152,58,88,-30
117900153,10,110,-100
117900154,506,448,58
117900156,572,592,-20
117900157,79,501,-422
117900158,406,159,247
117900160,951,946,5
117900161,1430,1318,112
117900162,636,383,253
117900163,24,366,-342
117900165,1,8,-7
117900166,100,597,-497
117900168,63,208,-145
117900169,0,111,-111
117900170,2,27,-25
117900171,1,28,-27
117900172,45,19,26
117900173,116,105,11
117900174,33,60,-27
117900175,9,18,-9
117900176,18,19,-1
117900177,20,18,2
117900178,89,49,40
117900180,222,36,186
117900181,52,529,-477
117900182,5,52,-47
117900183,95,157,-62
117900184,35,87,-52
117900185,78,53,25
117900186,49,24,25
117900187,49,12,37
117900188,209,64,145
117900189,105,54,51
117900190,20,1,19
117900191,133,0,133
117900192,315,0,315
117900193,5,60,-55
117900194,20,3,17
117900195,45,115,-70
117900196,18,51,-33
117900207,122,148,-26
117900208,23,24,-1
117900209,189,130,59
117900210,123,203,-80
117900211,8,106,-98
117900212,146,149,-3
117900213,40,6,34
117900214,16,21,-5
117900215,29,48,-19
117900216,18,42,-24
117900217,34,271,-237
117900218,64,70,-6
117900219,3,129,-126
117900220,65,262,-197
117900222,210,161,49
117900223,122,364,-242
118000001,763,1351,-588
118000002,524,1554,-1030
118000003,1982,3860,-1878
118000004,1537,2195,-658
118000005,2743,5184,-2441
118000006,2368,7432,-5064
118000007,4479,4990,-511
118000008,1807,3434,-1627
118000009,1429,2940,-1511
118000010,5790,4101,1689
118000011,1943,1825,118
118000012,1118,1417,-299
118000013,2071,1780,291
118000014,1733,1412,321
118000016,257,241,16
118000017,645,405,240
118000018,414,458,-44
118000019,1692,1944,-252
118000020,671,3346,-2675
118000021,574,3483,-2909
118000022,1159,1015,144
118000023,593,272,321
118000024,774,1786,-1012
118000027,7760,11855,-4095
118000029,507,813,-306
118000032,374,3577,-3203
118000033,2673,6505,-3832
118000034,3415,2963,452
118000035,2125,3322,-1197
118000036,788,1214,-426
118000037,766,976,-210
118000038,295,134,161
118000039,102,193,-91
118000040,1639,1174,465
118000041,3069,1320,1749
118000045,209,264,-55
118000046,1007,981,26
118000047,555,1570,-1015
118000048,1369,2300,-931
118000051,1756,4522,-2766
118000052,999,2233,-1234
118000053,248,648,-400
118000054,2176,947,1229
118000055,1976,1573,403
118000056,171,573,-402
118000057,188,369,-181
118000058,2202,3804,-1602
118000059,1689,2492,-803
118000060,1596,546,1050
118000061,1504,1180,324
118000062,506,362,144
118000063,415,1121,-706
118000064,801,1429,-628
118000065,1935,1541,394
118000066,1179,2560,-1381
118000067,502,650,-148
118000068,1023,6108,-5085
118000069,1556,1016,540
118000070,3868,1681,2187
118000071,2919,7340,-4421
118000072,758,1560,-802
118000073,651,754,-103
118000074,688,338,350
118000075,679,279,400
118000076,1406,3756,-2350
118000077,1019,1286,-267
118000078,1746,2673,-927
118000079,187,574,-387
118000080,571,816,-245
118000081,1547,1612,-65
118000082,243,1251,-1008
118000083,1163,1895,-732
118000084,2461,2241,220
118000086,204,575,-371
118000087,3249,2481,768
118000088,1371,1510,-139
118000089,3402,2937,465
118000090,1434,3133,-1699
118000091,983,3697,-2714
118000092,856,546,310
118000093,95,688,-593
118000096,457,632,-175
118000097,780,737,43
118000098,264,171,93
118000099,992,628,364
118000101,1495,365,1130
118000102,573,810,-237
118000107,1348,466,882
118000108,522,3625,-3103
118000110,1,38,-37
118000111,4,120,-116
118000112,739,3,736
118000113,0,305,-305
118000114,614,15,599
118000115,7,11,-4
118000116,14,1,13
118000117,667,663,4
118000118,927,1264,-337
118000119,942,1285,-343
118000120,1243,948,295
118000121,41,587,-546
118000122,770,348,422
118000123,47,274,-227
118000125,1026,784,242
118000126,619,1918,-1299
118000127,1336,755,581
118000128,360,1194,-834
118000129,1108,526,582
118000130,1553,2259,-706
118000131,258,435,-177
118000132,3510,2682,828
118000133,1273,472,801
118000135,555,657,-102
118000136,188,381,-193
118000137,594,128,466
118000138,513,304,209
118000139,536,83,453
118000140,2892,6789,-3897
118000141,2629,1703,926
118000142,2282,1417,865
118000143,3253,1350,1903
118000144,999,527,472
118000145,1656,978,678
118000146,1565,581,984
118000147,1246,1042,204
118000148,673,1130,-457
118000149,1084,885,199
118000150,746,250,496
118000151,896,317,579
118000153,1852,984,868
118000154,1463,1416,47
118000155,2165,1158,1007
118000156,2096,2953,-857
118000157,635,341,294
118000158,265,458,-193
118000159,42,127,-85
118000160,768,385,383
118000161,782,450,332
118000162,1738,1024,714
118000163,1183,848,335
118000164,1954,1467,487
118000168,662,1172,-510
118000169,812,865,-53
118000170,2913,2766,147
118000171,450,376,74
118000172,59,197,-138
118000173,1118,1598,-480
118000175,285,441,-156
118000176,396,697,-301
118000177,319,745,-426
118000178,36,47,-11
118000179,933,1636,-703
118000180,769,830,-61
118000181,661,249,412
118000182,293,271,22
118000183,254,309,-55
118000184,1207,604,603
118000185,1012,1701,-689
118000186,880,1464,-584
118000187,1950,437,1513
118000188,771,103,668
118000189,803,408,395
118000190,9,2,7
118000191,25,24,1
118000192,29,122,-93
118000193,37,204,-167
118000194,1292,769,523
118000195,289,1784,-1495
118000196,153,318,-165
118000197,47,166,-119
118000198,352,882,-530
118000199,300,496,-196
118000200,120,274,-154
118000201,295,529,-234
118000202,41,82,-41
118000203,433,858,-425
118000204,85,431,-346
118000205,106,282,-176
118000206,272,226,46
118000207,0,47,-47
118000208,1306,1421,-115
118000209,2294,1026,1268
118000210,183,23,160
118000211,43,38,5
118000213,667,3753,-3086
118000214,383,647,-264
118000215,371,111,260
118000216,3515,1501,2014
118000217,24,46,-22
118000218,126,56,70
118000219,327,201,126
118000220,6,23,-17
118000221,452,501,-49
118000222,61,12,49
118000223,48,34,14
118000224,153,71,82
118000225,106,575,-469
118000226,1095,198,897
118000227,574,442,132
118000228,76,303,-227
118000229,70,125,-55
118000230,176,173,3
118000231,79,200,-121
118000232,967,477,490
118000233,1501,690,811
118000234,653,202,451
118000236,369,236,133
118000237,109,315,-206
118000238,280,158,122
118000239,326,262,64
118000240,182,139,43
118000241,226,178,48
118000242,527,264,263
118000243,338,183,155
118000244,101,73,28
118000246,0,44,-44
118000255,52,234,-182
118000256,137,191,-54
118000259,4,71,-67
118000260,246,140,106
118000261,55,34,21
118000263,106,166,-60
118000266,147,216,-69
118000267,1,144,-143
118000268,244,4,240
118000270,97,8,89
118000271,158,177,-19
118000272,160,22,138
118000273,299,62,237
118000274,113,239,-126
118000276,661,341,320
118000295,15,148,-133
118000298,200,175,25
118000299,62,96,-34
118000301,0,70,-70
118000302,114,43,71
118000311,816,74,742
118000312,452,141,311
118000313,97,76,21
118000314,154,27,127
118000315,68,30,38
118000316,846,396,450
118000325,61,28,33
118000326,76,28,48
118000331,32,15,17
118000332,16,13,3
118000333,39,34,5
118000335,489,1,488
118000336,2,109,-107
118000407,378,69,309
118000457,9,32,-23
118000465,1004,3874,-2870
118000480,71,41,30
118000489,9,542,-533
118000490,9,137,-128
118000492,374,178,196
118000510,46,24,22
118000514,81,350,-269
118000515,732,901,-169
118000517,328,122,206
118000524,316,514,-198
118000525,548,684,-136
118000530,48,80,-32
118000531,427,278,149
118000532,329,234,95
118000533,261,111,150
118000534,653,336,317
118000535,399,152,247
118000536,113,1120,-1007
118000537,19,145,-126
118000538,24,68,-44
118000539,19,99,-80
118000540,303,188,115
118000541,174,103,71
118000542,134,225,-91
118000543,238,265,-27
118000546,39,36,3
118000553,0,0,0
118000560,1240,2863,-1623
118000562,41,85,-44
118000563,1306,1089,217
118000576,174,94,80
118000577,191,117,74
118000578,86,75,11
118000579,486,1423,-937
118000583,0,0,0
118000595,216,87,129
118000596,0,229,-229
118000597,89,93,-4
118000598,15,1,14
118000599,127,46,81
118000600,4,30,-26
118000601,30,0,30
118000602,0,12,-12
118000603,0,12,-12
118900001,330,1183,-853
118900002,711,943,-232
118900003,573,11,562
118900004,60,49,11
118900005,110,8,102
118900006,147,8,139
118900007,13,1,12
118900008,1107,79,1028
118900009,119,102,17
118900010,78,12,66
118900011,181,27,154
118900012,438,194,244
118900013,508,263,245
118900015,372,69,303
118900016,15,8,7
118900017,89,277,-188
118900018,999,45,954
118900019,24,14,10
118900020,96,201,-105
118900021,158,335,-177
118900022,161,79,82
118900023,118,71,47
118900024,142,163,-21
118900025,53,19,34
118900026,99,48,51
118900027,385,121,264
118900028,215,102,113
118900029,264,466,-202
118900030,595,54,541
118900031,223,58,165
118900032,319,107,212
118900033,360,556,-196
118900034,251,32,219
118900035,169,90,79
118900036,1402,681,721
118900037,283,368,-85
118900038,515,100,415
118900039,701,195,506
118900040,265,165,100
118900041,783,137,646
118900042,177,104,73
118900045,397,140,257
118900046,676,443,233
118900047,410,256,154
118900048,96,446,-350
118900049,89,50,39
118900050,72,20,52
118900051,47,99,-52
118900052,219,328,-109
118900053,27,86,-59
118900054,180,41,139
118900055,165,45,120
118900056,43,295,-252
118900057,939,543,396
118900058,400,348,52
118900059,11,94,-83
118900060,64,87,-23
118900062,514,147,367
118900064,185,728,-543
118900065,97,106,-9
118900066,108,106,2
118900067,2431,5249,-2818
118900068,6,224,-218
118900069,579,175,404
118900071,5,23,-18
118900072,594,315,279
118900073,236,123,113
118900074,162,88,74
118900075,75,32,43
118900076,201,156,45
118900077,317,226,91
118900078,14,3,11
118900079,44,101,-57
118900080,58,116,-58
118900081,54,44,10
118900082,1521,157,1364
118900083,33,5,28
118900084,16,13,3
118900085,698,516,182
118900086,33,161,-128
118900087,46,431,-385
118900088,0,5,-5
118900089,25,22,3
118900090,726,222,504
118900091,164,276,-112
118900092,378,47,331
118900093,84,19,65
118900096,68,18,50
118900097,374,463,-89
118900099,112,230,-118
118900100,106,119,-13
118900101,267,339,-72
118900102,37,81,-44
118900103,82,157,-75
118900104,290,135,155
118900105,245,84,161
118900107,155,71,84
118900108,126,93,33
118900110,1077,1051,26
118900111,630,382,248
118900112,113,183,-70
118900113,88,225,-137
118900114,30,49,-19
118900115,106,480,-374
118900116,125,204,-79
118900117,156,168,-12
118900118,317,264,53
118900119,101,193,-92
118900120,94,326,-232
118900121,23,93,-70
118900122,16,1325,-1309
118900123,153,207,-54
118900124,119,90,29
118900126,27,446,-419
118900129,268,230,38
118900130,41,202,-161
118900131,216,181,35
118900132,345,267,78
118900133,15,114,-99
118900135,207,167,40
118900136,256,338,-82
118900137,6,37,-31
118900139,266,161,105
118900140,574,469,105
118900141,92,86,6
118900144,193,227,-34
118900145,22,78,-56
118900146,494,679,-185
118900147,101,203,-102
118900148,77,54,23
118900150,115,513,-398
118900152,595,529,66
118900157,52,188,-136
118900158,139,41,98
118900159,1,88,-87
118900161,68,4,64
118900163,65,44,21
118900164,5,62,-57
118900165,97,68,29
118900166,52,0,52
118900167,100,75,25
118900168,24,198,-174
118900169,151,164,-13
118900170,271,60,211
118900171,58,39,19
118900174,46,42,4
118900175,533,390,143
118900176,181,273,-92
118900177,128,22,106
118900178,111,145,-34
118900179,14,34,-20
118900181,124,79,45
118900182,84,103,-19
118900183,32,124,-92
118900184,266,150,116
118900185,91,50,41
118900186,95,114,-19
118900187,273,263,10
118900188,319,243,76
118900189,72,975,-903
118900190,26,163,-137
118900191,304,35,269
118900192,337,15,322
118900193,793,8,785
118900195,222,384,-162
118900196,56,97,-41
118900197,243,33,210
118900198,36,10,26
118900199,131,33,98
118900200,50,44,6
118900201,39,52,-13
118900202,18,27,-9
118900203,27,5,22
118900204,20,16,4
118900205,2,5,-3
118900206,6,10,-4
119000001,1635,2706,-1071
119000002,4490,5382,-892
119000003,3924,807,3117
119000004,3123,1579,1544
119000005,2246,2500,-254
119000006,3683,1755,1928
119000007,4514,3990,524
119000008,2015,1543,472
119000009,4117,6908,-2791
119000010,4692,4413,279
119000011,2693,3172,-479
119000012,1241,3438,-2197
119000013,3224,2123,1101
119000014,1295,2093,-798
119000019,290,187,103
119000020,2890,1732,1158
119000021,6317,3558,2759
119000022,1736,4416,-2680
119000023,317,267,50
119000024,2331,15454,-13123
119000025,3825,972,2853
119000026,73,659,-586
119000027,211,320,-109
119000028,1601,535,1066
119000029,85,353,-268
119000030,536,931,-395
119000031,1008,584,424
119000032,6019,2519,3500
119000033,2584,1144,1440
119000034,1132,976,156
119000035,66,225,-159
119000036,2579,530,2049
119000037,1570,943,627
119000038,251,416,-165
119000039,536,354,182
119000040,752,751,1
119000041,647,1343,-696
119000048,2276,1801,475
119000049,2344,1433,911
119000050,1416,1175,241
119000051,2027,980,1047
119000052,1865,2589,-724
119000053,1903,1086,817
119000054,3638,1814,1824
119000055,6226,2472,3754
119000056,3449,2040,1409
119000057,1712,1309,403
119000058,1898,1116,782
119000059,1365,1163,202
119000060,1846,1047,799
119000061,1793,596,1197
119000062,1218,1124,94
119000063,703,477,226
119000064,1171,1837,-666
119000065,1730,5060,-3330
119000066,2485,1484,1001
119000067,2597,1716,881
119000068,2052,935,1117
119000069,2034,2359,-325
119000070,3440,742,2698
119000071,597,901,-304
119000072,4935,5841,-906
119000073,4727,9553,-4826
119000074,1590,1397,193
119000075,4345,2568,1777
119000076,253,3536,-3283
119000077,720,1738,-1018
119000078,459,504,-45
119000079,211,1726,-1515
119000080,563,231,332
119000081,399,1313,-914
119000082,991,269,722
119000083,829,435,394
119000084,376,602,-226
119000085,1334,163,1171
119000086,324,471,-147
119000087,1042,456,586
119000088,414,192,222
119000089,85,230,-145
119000090,139,96,43
119000091,96,356,-260
119000092,609,153,456
119000093,3377,2124,1253
119000094,3933,4601,-668
119000095,2295,2699,-404
119000097,1711,1014,697
119000098,1302,3647,-2345
119000099,2379,1149,1230
119000100,4980,3355,1625
119000101,4477,2779,1698
119000102,752,1606,-854
119000103,1241,986,255
119000104,1512,974,538
119000105,1065,2646,-1581
119000106,400,753,-353
119000107,1372,559,813
119000108,405,507,-102
119000109,169,2664,-2495
119000110,451,3034,-2583
119000111,47,1131,-1084
119000112,249,705,-456
119000113,1642,688,954
119000114,1532,1192,340
119000115,189,124,65
119000116,106,142,-36
119000117,213,409,-196
119000118,5,1,4
119000123,3711,2787,924
119000124,939,130,809
119000125,5218,527,4691
119000126,1731,528,1203
119000127,903,371,532
119000128,19,1,18
119000131,1223,333,890
119000132,1,5,-4
119000133,0,10,-10
119000134,1480,505,975
119000135,205,413,-208
119000136,373,78,295
119000137,426,224,202
119000138,677,115,562
119000139,448,111,337
119000140,431,428,3
119000284,1026,1997,-971
119000285,1815,1494,321
119000286,4993,3719,1274
119000287,1419,1438,-19
119000288,2062,753,1309
119000289,1301,1945,-644
119000290,254,280,-26
119000291,29,147,-118
119000293,154,221,-67
119000294,67,55,12
119000295,1155,229,926
119000296,297,178,119
119000299,0,0,0
119000302,1489,1172,317
119000303,41,199,-158
119000314,1381,11967,-10586
119000315,0,141,-141
119000316,289,87,202
119000317,235,139,96
119900001,252,1524,-1272
119900002,237,152,85
119900003,34,474,-440
119900004,208,1970,-1762
119900005,251,71,180
119900006,319,435,-116
119900007,1019,319,700
119900008,375,77,298
119900009,578,444,134
119900010,1132,2884,-1752
119900011,42,246,-204
119900012,13,152,-139
119900013,2506,2612,-106
119900014,555,550,5
119900015,251,34,217
119900016,62,43,19
119900017,61,44,17
119900018,1573,1253,320
119900019,78,14,64
119900020,158,215,-57
119900021,276,88,188
119900022,93,1205,-1112
119900023,397,2471,-2074
119900025,419,25,394
119900026,583,172,411
119900027,24,12,12
119900028,317,261,56
119900029,12,12,0
119900030,729,370,359
119900031,101,652,-551
119900033,2937,454,2483
119900034,689,60,629
119900037,280,27,253
119900038,25,546,-521
119900039,56,19,37
119900040,101,27,74
119900041,236,8,228
119900042,215,126,89
119900043,157,126,31
119900044,167,1210,-1043
119900046,277,44,233
119900047,537,157,380
119900048,56,11,45
119900049,183,3,180
119900050,218,218,0
119900051,871,11,860
119900052,119,18,101
119900053,400,115,285
119900054,278,18,260
119900055,1524,561,963
119900057,393,48,345
119900058,380,14,366
119900059,98,59,39
119900060,455,64,391
119900062,156,10,146
119900063,14,69,-55
119900065,296,13,283
119900066,1,0,1
119900067,141,4,137
119900068,778,2,776
119900069,140,86,54
119900070,1367,10,1357
119900071,1261,54,1207
119900073,1265,510,755
119900074,26,55,-29
119900075,2149,2556,-407
119900076,1402,318,1084
119900077,1190,438,752
119900078,860,586,274
119900079,476,167,309
119900080,2245,1106,1139
119900081,519,25,494
119900082,2456,235,2221
119900083,386,174,212
119900084,601,393,208
119900085,39,46,-7
119900087,631,514,117
119900088,29,35,-6
119900089,62,231,-169
119900090,88,50,38
119900091,72,381,-309
119900092,68,345,-277
119900093,1689,263,1426
119900094,43,173,-130
119900095,171,115,56
119900096,42,83,-41
119900097,355,183,172
119900098,42,71,-29
119900099,47,162,-115
119900100,1079,2785,-1706
119900101,112,2271,-2159
119900102,65,141,-76
119900103,57,180,-123
119900104,27,168,-141
119900105,1137,11946,-10809
119900106,12,95,-83
119900107,233,1262,-1029
119900108,7895,653,7242
119900109,27,123,-96
119900110,1059,387,672
119900111,188,129,59
119900112,746,666,80
119900113,50,185,-135
119900114,354,593,-239
119900115,492,527,-35
119900116,224,501,-277
119900117,491,369,122
119900118,154,371,-217
119900119,356,171,185
119900120,681,541,140
119900121,528,438,90
119900122,170,165,5
119900123,250,385,-135
119900124,325,420,-95
119900125,45,210,-165
119900126,5019,231,4788
119900127,1206,768,438
119900128,595,439,156
119900129,358,236,122
119900130,14,159,-145
119900131,62,114,-52
119900132,9,127,-118
119900133,110,99,11
119900134,818,136,682
119900135,0,240,-240
119900136,155,184,-29
119900138,216,323,-107
119900139,114,215,-101
119900140,5,124,-119
119900141,68,1019,-951
119900142,28,42,-14
119900143,44,508,-464
119900144,1035,225,810
119900145,73,102,-29
119900146,213,202,11
119900147,7,210,-203
119900148,398,66,332
119900149,564,6037,-5473
119900150,147,101,46
119900151,2334,865,1469
119900152,205,179,26
119900153,361,47,314
119900154,54,116,-62
119900155,83,65,18
119900156,16,9,7
119900157,214,156,58
119900158,363,35,328
119900159,4,535,-531
119900160,33,117,-84
119900161,109,107,2
119900162,1278,1326,-48
119900163,76,168,-92
119900164,2,6,-4
119900165,190,97,93
119900166,132,59,73
119900167,44,70,-26
119900168,1442,527,915
119900169,52,332,-280
119900170,177,244,-67
119900171,1385,367,1018
119900172,81,28,53
119900173,15,177,-162
119900174,7,99,-92
119900175,1944,528,1416
119900177,18,146,-128
119900178,16,99,-83
119900179,153,856,-703
119900180,1224,1021,203
119900181,43,140,-97
119900182,9,148,-139
119900183,126,549,-423
119900184,965,333,632
119900185,78,307,-229
119900186,29,1498,-1469
119900187,15,184,-169
119900188,180,289,-109
119900189,270,327,-57
119900190,86,419,-333
119900191,240,400,-160
119900192,112,126,-14
119900193,702,128,574
119900194,40,87,-47
119900195,43,154,-111
119900196,482,207,275
119900197,364,192,172
119900198,410,281,129
119900199,197,24,173
119900200,826,715,111
119900201,277,191,86
119900202,108,381,-273
119900203,237,666,-429
119900204,423,204,219
119900205,1104,288,816
119900206,357,169,188
119900208,195,283,-88
119900209,731,2097,-1366
119900210,42,23,19
119900211,80,9,71
119900212,216,219,-3
119900213,11,97,-86
119900214,56,41,15
119900215,43,24,19
119900216,29,24,5
119900217,9,27,-18
119900218,25,71,-46
119900219,15,40,-25
119900220,14,40,-26
119900221,51,143,-92
119900222,28,88,-60
119900223,16,26,-10
119900224,3,17,-14
119900225,444,31,413
119900226,277,2155,-1878
119900227,468,314,154
119900228,282,256,26
119900229,261,402,-141
119900230,1147,361,786
119900231,426,95,331
119900232,229,157,72
119900233,108,34,74
119900234,6,121,-115
119900235,31,73,-42
119900236,32,143,-111
119900237,51,588,-537
119900238,2,50,-48
119900240,116,68,48
119900241,179,145,34
119900242,1416,1514,-98
119900244,599,1283,-684
119900245,157,241,-84
119900246,287,609,-322
119900247,36,132,-96
119900248,84,365,-281
119900249,374,198,176
119900253,1213,370,843
119900254,127,1095,-968
119900255,155,1099,-944
119900256,1249,487,762
119900257,149,5,144
119900258,380,34,346
119900259,15,87,-72
119900260,287,32,255
119900261,614,218,396
119900262,0,92,-92
119900263,1272,324,948
119900264,166,88,78
119900265,1233,360,873
119900266,608,169,439
119900267,239,342,-103
119900268,223,87,136
119900269,2205,718,1487
119900271,37,90,-53
119900272,416,473,-57
119900275,211,35,176
119900276,127,6,121
119900277,10,15,-5
119900278,241,175,66
119900279,85,379,-294
119900280,464,122,342
119900281,2,484,-482
119900282,76,200,-124
119900283,32,151,-119
119900284,72,128,-56
119900285,10,115,-105
119900286,1,27,-26
119900288,4,10,-6
119900289,0,10,-10
119900290,8,9,-1
119900291,1,79,-78
119900292,46,36,10
119900293,31,2,29
119900294,27,0,27
119900295,0,0,0
119900296,0,0,0
119900299,82,68,14
119900300,475,284,191
119900301,69,139,-70
119900302,118,169,-51
119900303,501,161,340
119900304,228,14,214
119900305,2,65,-63
119900306,34,8,26
119900307,84,34,50
119900308,13,19,-6
119900309,59,186,-127
119900310,281,208,73
119900311,156,53,103
119900312,161,107,54
119900313,388,288,100
119900314,341,443,-102
119900315,2516,1172,1344
119900318,29,65,-36
119900319,149,186,-37
119900320,323,371,-48
119900321,154,16,138
119900322,14,96,-82
119900323,5,89,-84
119900324,0,19,-19
119900325,166,137,29
119900326,34,64,-30
120000001,7375,22804,-15429
120000002,2751,2184,567
120000003,2575,1415,1160
120000004,2370,1231,1139
120000005,2411,1496,915
120000006,1254,924,330
120000007,2641,3612,-971
120000008,920,1142,-222
120000009,1720,886,834
120000010,1991,2209,-218
120000011,1044,1281,-237
120000012,1753,1827,-74
120000013,3469,2574,895
120000014,727,1409,-682
120000015,2644,1458,1186
120000016,4455,2202,2253
120000017,4191,3333,858
120000018,3065,14931,-11866
120000019,1148,1537,-389
120000020,2601,3800,-1199
120000021,1921,2578,-657
120000022,2618,3816,-1198
120000023,1364,1742,-378
120000024,1212,2457,-1245
120000025,2846,1726,1120
120000026,3063,1510,1553
120000027,2721,2168,553
120000028,1267,4392,-3125
120000029,1451,3874,-2423
120000030,444,1072,-628
120000031,2247,6264,-4017
120000032,5903,3556,2347
120000033,4992,1539,3453
120000034,3216,1259,1957
120000035,3341,1996,1345
120000036,4088,5706,-1618
120000037,571,1716,-1145
120000038,5456,3692,1764
120000039,975,853,122
120000040,174,1374,-1200
120000041,833,1361,-528
120000042,2000,1336,664
120000043,5125,1080,4045
120000044,6654,1494,5160
120000045,8125,997,7128
120000046,5021,3204,1817
120000047,550,7944,-7394
120000048,6441,4087,2354
120000049,3807,2986,821
120000050,3819,3361,458
120000051,2537,3765,-1228
120000052,6845,1657,5188
120000053,1576,1431,145
120000054,1759,2653,-894
120000055,1828,3169,-1341
120000056,5242,3414,1828
120000057,4569,1769,2800
120000058,1709,3323,-1614
120000059,12,1899,-1887
120000061,139,476,-337
120000062,172,329,-157
120000063,867,1738,-871
120000064,263,685,-422
120000065,696,1041,-345
120000066,203,459,-256
120000067,32,393,-361
120000068,238,383,-145
120000069,592,424,168
120000070,116,416,-300
120000071,850,71,779
120000072,1167,365,802
120000073,1175,105,1070
120000074,173,152,21
120000075,1224,379,845
120000076,3339,519,2820
120000077,2682,735,1947
120000078,3553,1359,2194
120000079,408,192,216
120000080,206,228,-22
120000081,453,184,269
120000082,324,258,66
120000083,82,848,-766
120000084,370,315,55
120000085,352,328,24
120000086,330,317,13
120000087,257,276,-19
120000088,977,921,56
120000089,1329,565,764
120000090,808,455,353
120000091,1382,810,572
120000092,1585,634,951
120000093,749,568,181
120000094,226,908,-682
120000095,1056,350,706
120000096,374,514,-140
120000098,1049,477,572
120000099,453,614,-161
120000100,839,678,161
120000101,836,408,428
120000102,701,1175,-474
120000103,1850,1173,677
120000104,2312,530,1782
120000105,3718,684,3034
120000106,3325,675,2650
120000107,5679,649,5030
120000108,1970,153,1817
120000109,1589,119,1470
120000110,60,811,-751
120000111,128,735,-607
120000112,814,1665,-851
120000113,619,1236,-617
120000114,798,1508,-710
120000115,310,1263,-953
120000116,672,1396,-724
120000117,716,1108,-392
120000118,44,49,-5
120000119,43,69,-26
120000120,81,138,-57
120000121,26,46,-20
120000122,288,567,-279
120000123,2655,9045,-6390
120000124,534,374,160
120000125,905,569,336
120000126,376,1306,-930
120000127,1527,1628,-101
120000128,2015,4840,-2825
120000129,206,281,-75
120000130,913,516,397
120000131,582,686,-104
120000134,382,501,-119
120000135,1185,591,594
120000137,347,467,-120
120000138,1982,246,1736
120000139,434,262,172
120000140,1540,288,1252
120000141,623,293,330
120000142,1046,353,693
120000143,2,67,-65
120000144,200,16,184
120000145,651,2,649
120000146,742,992,-250
120000149,725,744,-19
120000150,2537,10777,-8240
120000151,507,416,91
120000152,880,151,729
120000153,430,423,7
120000154,702,557,145
120000155,181,293,-112
120000156,491,1788,-1297
120000157,1199,586,613
120000158,1112,669,443
120000159,2001,1940,61
120000160,2628,2086,542
120000161,3083,2121,962
120000162,61,276,-215
120000163,1109,642,467
120000164,838,233,605
120000165,864,451,413
120000166,1722,373,1349
120000167,491,496,-5
120000168,21,1517,-1496
120000169,106,3593,-3487
120000170,44,3149,-3105
120000171,21,1155,-1134
120000172,31,678,-647
120000173,681,3572,-2891
120000174,144,89,55
120000175,87,79,8
120000176,73,85,-12
120000177,915,170,745
120000178,60,36,24
120000179,124,79,45
120000180,346,134,212
120000181,187,2826,-2639
120000182,80,1435,-1355
120000183,17,1022,-1005
120000184,244,2581,-2337
120000186,42,1691,-1649
120000187,24,662,-638
120000188,78,1377,-1299
120000190,313,84,229
120000191,408,132,276
120000192,353,40,313
120000193,91,10,81
120000195,29,3,26
120000196,146,20,126
120000197,63,60,3
120000198,294,49,245
120000199,209,0,209
120000200,197,1,196
120000201,18,37,-19
120000202,8,60,-52
120000203,105,169,-64
120000207,0,48,-48
120000208,13,94,-81
120000209,12,27,-15
120000210,43,50,-7
120000211,289,6,283
120000212,306,1,305
120000213,236,125,111
120000214,0,139,-139
120000215,2,111,-109
120000216,216,20,196
120000217,345,820,-475
120000218,87,476,-389
120000219,4,336,-332
120000220,6,817,-811
120000225,2875,6,2869
120000226,676,3,673
120000227,1045,119,926
120000228,16196,4287,11909
120000230,722,25,697
120000231,2029,1243,786
120000233,488,9,479
120000235,392,412,-20
120000236,1347,3,1344
120000237,6,652,-646
120000238,6,1462,-1456
120000241,1270,4082,-2812
120000412,316,10,306
120000413,449,105,344
120000414,281,1,280
120000415,1,36,-35
120000416,177,2,175
120000417,5,68,-63
120000418,337,13,324
120000419,12,90,-78
120000420,26,3,23
120000421,6773,4490,2283
120000422,88,1852,-1764
120000423,5,99,-94
120000424,222,116,106
120000436,119,969,-850
120000437,100,126,-26
120000438,1470,254,1216
120000439,289,672,-383
120000443,178,1,177
120000444,1882,323,1559
120000445,2153,1115,1038
120000446,995,162,833
120000447,260,0,260
120000449,239,2,237
120000450,20,97,-77
120000451,148,216,-68
120000452,839,3,836
120000453,1,111,-110
120000454,54,69,-15
120000455,77,44,33
120000456,3816,4659,-843
120000457,504,340,164
120000458,541,529,12
120000459,163,101,62
120000665,534,444,90
120000668,169,3950,-3781
120000669,197,130,67
120000670,119,2988,-2869
120000671,2444,817,1627
120000672,93,683,-590
120900001,89,96,-7
120900002,159,748,-589
120900003,249,35,214
120900004,33,168,-135
120900005,73,581,-508
120900006,655,233,422
120900007,310,79,231
120900008,827,1057,-230
120900009,627,29,598
120900010,694,207,487
120900011,129,234,-105
120900012,108,1322,-1214
120900013,476,125,351
120900014,3,280,-277
120900015,1206,130,1076
120900016,1451,61,1390
120900017,2086,118,1968
120900018,201,284,-83
120900019,757,594,163
120900020,734,1616,-882
120900021,1199,263,936
120900022,15,218,-203
120900023,483,56,427
120900024,1803,440,1363
120900025,1063,954,109
120900026,169,157,12
120900027,873,16,857
120900028,660,210,450
120900029,75,866,-791
120900030,2107,1002,1105
120900031,356,180,176
120900032,1746,111,1635
120900033,1623,127,1496
120900034,20,3225,-3205
120900035,96,114,-18
120900037,381,15,366
120900038,122,530,-408
120900039,143,75,68
120900040,576,4,572
120900041,65,34,31
120900042,972,33,939
120900043,75,62,13
120900044,12,405,-393
120900045,147,61,86
120900046,769,5,764
120900047,192,208,-16
120900048,207,56,151
120900049,801,8,793
120900050,1142,2479,-1337
120900051,483,79,404
120900052,1062,9,1053
120900053,503,29,474
120900054,1174,375,799
120900055,671,7,664
120900056,818,56,762
120900057,258,36,222
120900058,879,1,878
120900059,172,9,163
120900060,102,41,61
120900061,256,182,74
120900062,410,0,410
120900063,1073,19,1054
120900064,1044,1,1043
120900065,825,0,825
120900066,638,221,417
120900067,226,110,116
120900068,540,3,537
120900069,441,23,418
120900071,53,0,53
120900072,1190,16,1174
120900073,1009,57,952
120900074,959,11,948
120900076,553,1,552
120900077,1555,248,1307
120900078,1116,371,745
120900079,1283,104,1179
120900080,1345,625,720
120900081,1947,292,1655
120900082,367,441,-74
120900083,142,0,142
120900084,640,730,-90
120900085,64,123,-59
120900086,110,532,-422
120900087,653,494,159
120900088,258,865,-607
120900089,1830,3871,-2041
120900090,298,17,281
120900091,640,1107,-467
120900092,601,285,316
120900093,1065,112,953
120900094,310,173,137
120900095,439,17,422
120900096,85,250,-165
120900097,691,414,277
120900098,155,147,8
120900099,80,68,12
120900100,73,172,-99
120900101,315,139,176
120900102,69,93,-24
120900103,141,310,-169
120900104,12,85,-73
120900105,50,223,-173
120900106,664,309,355
120900107,141,131,10
120900108,11,205,-194
120900109,37,345,-308
120900110,4,274,-270
120900111,200,222,-22
120900112,33,353,-320
120900113,30,365,-335
120900114,45,82,-37
120900115,159,328,-169
120900116,685,195,490
120900117,19,189,-170
120900118,20,332,-312
120900119,14305,3357,10948
120900120,99,351,-252
120900121,36,272,-236
120900122,991,180,811
120900123,7,144,-137
120900124,4,258,-254
120900125,7,370,-363
120900126,990,669,321
120900127,20,175,-155
120900128,682,1075,-393
120900129,43,202,-159
120900130,27,347,-320
120900131,197,140,57
120900132,1484,141,1343
120900133,50,422,-372
120900134,350,268,82
120900135,5,327,-322
120900136,57,163,-106
120900137,370,70,300
120900138,21,143,-122
120900139,2,356,-354
120900140,10,174,-164
120900141,309,219,90
120900142,15,156,-141
120900143,4,422,-418
120900144,0,93,-93
120900145,292,528,-236
120900146,2,417,-415
120900147,48,414,-366
120900148,146,116,30
120900149,1,142,-141
120900150,78,268,-190
120900151,0,255,-255
120900152,27,10,17
120900153,1,1,0
120900154,0,97,-97
120900155,260,507,-247
120900156,84,151,-67
120900157,0,0,0
120900158,69,299,-230
120900159,9,53,-44
120900160,51,442,-391
120900161,181,442,-261
120900162,83,869,-786
120900163,166,3105,-2939
120900164,2,146,-144
120900165,7,1094,-1087
120900166,83,938,-855
120900167,278,106,172
120900169,128,186,-58
120900170,438,4201,-3763
120900171,451,190,261
120900172,375,3867,-3492
120900173,0,38,-38
120900174,8,88,-80
120900175,194,127,67
120900176,28,466,-438
120900177,3,1815,-1812
120900178,2,735,-733
120900179,470,408,62
120900180,63,255,-192
120900181,98,35,63
120900182,55,188,-133
120900183,605,65,540
120900184,214,92,122
120900185,1268,1851,-583
120900186,2,199,-197
120900187,811,1035,-224
120900188,299,4,295
120900189,59,2536,-2477
120900190,166,4,162
120900191,48,8,40
120900192,4985,12407,-7422
120900194,75,99,-24
120900195,94,277,-183
120900196,700,47,653
120900197,979,242,737
120900198,188,387,-199
120900199,465,469,-4
120900200,33,119,-86
120900201,266,146,120
120900202,1,85,-84
120900203,41,98,-57
120900204,63,230,-167
120900205,59,26,33
120900206,31,31,0
120900207,66,744,-678
121000001,605,1163,-558
121000002,2295,1874,421
121000003,2871,1588,1283
121000004,2398,3732,-1334
121000005,1446,2606,-1160
121000006,3077,2820,257
121000007,2094,4416,-2322
121000008,4765,4993,-228
121000009,3417,6352,-2935
121000010,6869,6394,475
121000011,5799,10751,-4952
121000012,12279,8516,3763
121000013,4923,6415,-1492
121000014,5678,5094,584
121000015,4086,7797,-3711
121000016,3865,3855,10
121000017,2577,2632,-55
121000018,3311,1771,1540
121000019,9433,9459,-26
121000020,10405,18377,-7972
121000021,2341,2238,103
121000022,3098,3882,-784
121000023,3256,1742,1514
121000024,5149,5768,-619
121000025,408,1509,-1101
121000026,293,135,158
121000027,1294,1238,56
121000028,936,577,359
121000029,997,731,266
121000030,746,667,79
121000031,532,762,-230
121000032,190,219,-29
121000034,337,288,49
121000035,140,206,-66
121000036,906,955,-49
121000037,526,869,-343
121000038,367,1005,-638
121000039,229,351,-122
121000041,640,617,23
121000042,309,462,-153
121000043,531,692,-161
121000044,1172,1160,12
121000045,519,283,236
121000046,884,1161,-277
121000047,36,115,-79
121000049,992,625,367
121000050,249,1857,-1608
121000051,571,311,260
121000052,439,960,-521
121000053,341,146,195
121000054,41,468,-427
121000055,889,1866,-977
121000056,907,1057,-150
121000057,404,648,-244
121000058,288,306,-18
121000059,3061,1398,1663
121000060,493,1227,-734
121000061,82,554,-472
121000062,195,498,-303
121000063,935,1110,-175
121000064,1074,1118,-44
121000065,273,614,-341
121000066,643,875,-232
121000067,381,665,-284
121000068,598,429,169
121000069,231,1021,-790
121000070,1779,1326,453
121000071,1926,1812,114
121000072,1458,805,653
121000073,1470,1369,101
121000074,120,214,-94
121000075,21,362,-341
121000076,364,384,-20
121000077,195,190,5
121000078,76,188,-112
121000080,1860,579,1281
121000081,4197,4160,37
121000082,95,310,-215
121000083,124,142,-18
121000084,222,226,-4
121000085,247,519,-272
121000086,641,724,-83
121000087,92,282,-190
121000088,614,485,129
121000089,243,513,-270
121000090,314,409,-95
121000091,1034,780,254
121000092,247,51,196
121000093,229,208,21
121000094,477,937,-460
121000095,333,917,-584
121000096,3704,2437,1267
121000097,556,2422,-1866
121000098,712,579,133
121000099,906,577,329
121000100,1273,185,1088
121000101,418,173,245
121000102,432,133,299
121000103,241,124,117
121000104,315,75,240
121000105,549,135,414
121000106,470,291,179
121000107,1840,2344,-504
121000109,992,807,185
121000110,185,668,-483
121000114,3676,2277,1399
121000115,2015,821,1194
121000116,370,993,-623
121000117,320,302,18
121000118,2100,242,1858
121000119,375,384,-9
121000120,424,422,2
121000121,679,1381,-702
121000123,1298,659,639
121000126,94,422,-328
121000127,181,147,34
121000128,1202,271,931
121000129,1188,508,680
121000130,891,560,331
121000131,1328,1474,-146
121000132,860,1493,-633
121000135,345,814,-469
121000136,1013,1601,-588
121000137,486,488,-2
121000138,803,2082,-1279
121000139,521,911,-390
121000141,223,234,-11
121000142,627,1004,-377
121000143,177,39,138
121000144,509,1458,-949
121000145,639,754,-115
121000146,1451,1337,114
121000147,1359,544,815
121000148,979,896,83
121000149,2572,1764,808
121000152,525,406,119
121000153,1691,476,1215
121000154,1408,624,784
121000155,2301,1094,1207
121000156,412,1213,-801
121000157,832,1598,-766
121000158,405,401,4
121000159,282,382,-100
121000160,366,383,-17
121000161,341,361,-20
121000162,164,146,18
121000165,1180,2110,-930
121000166,20,589,-569
121000168,662,334,328
121000169,82,155,-73
121000170,434,65,369
121000171,67,185,-118
121000172,1067,697,370
121000173,1548,1676,-128
121000174,569,701,-132
121000175,1442,554,888
121000176,419,358,61
121000177,838,605,233
121000178,79,48,31
121000179,31,53,-22
121000181,557,494,63
121000182,176,386,-210
121000183,144,155,-11
121000184,58,203,-145
121000185,51,330,-279
121000186,281,762,-481
121000187,242,119,123
121000188,347,106,241
121000192,1110,470,640
121000193,739,436,303
121000194,1863,1819,44
121000195,229,1004,-775
121000196,569,261,308
121000197,184,1098,-914
121000198,194,232,-38
121000199,135,268,-133
121000200,721,188,533
121000201,12,193,-181
121000202,875,223,652
121000203,923,1740,-817
121000204,3572,924,2648
121000205,97,297,-200
121000206,77,86,-9
121000207,2268,1089,1179
121000208,2,443,-441
121000209,735,92,643
121000210,902,287,615
121000211,584,178,406
121000212,751,386,365
121000213,13940,2999,10941
121000214,866,2144,-1278
121000215,942,1691,-749
121000216,544,622,-78
121000217,3497,3086,411
121000218,356,1551,-1195
121000219,1520,555,965
121000220,112,110,2
121000221,131,359,-228
121000222,2815,2842,-27
121000223,242,1040,-798
121000224,126,564,-438
121000225,639,2582,-1943
121000226,1324,1363,-39
121000227,5,159,-154
121000228,27,537,-510
121000229,377,504,-127
121000230,45,1707,-1662
121000231,1321,41,1280
121000232,418,380,38
121000233,536,360,176
121000234,14,55,-41
121000235,81,58,23
121000236,12,46,-34
121000237,36,35,1
121000238,14,82,-68
121000239,76,16,60
121000240,10,142,-132
121000241,98,10,88
121000242,130,598,-468
121000243,264,71,193
121000244,16,121,-105
121000245,42,33,9
121000246,4,137,-133
121000247,139,11,128
121000248,501,1547,-1046
121000249,74,345,-271
121000250,536,298,238
121000251,19,265,-246
121000252,130,87,43
121000253,375,367,8
121000254,922,148,774
121000255,163,235,-72
121000256,296,199,97
121000257,40,114,-74
121000258,80,97,-17
121000259,27,66,-39
121000260,42,77,-35
121000261,78,94,-16
121000262,1059,488,571
121000263,575,473,102
121000271,834,1578,-744
121000273,28,16,12
121000274,23,66,-43
121000275,22,2,20
121000276,9,27,-18
121000278,57,46,11
121000279,42,37,5
121000280,30,48,-18
121000289,307,19,288
121000290,1148,1387,-239
121000294,288,83,205
121000297,520,1173,-653
121000299,74,825,-751
121000300,1082,662,420
121000302,34,771,-737
121000303,536,275,261
121000304,475,122,353
121000305,179,69,110
121000306,162,198,-36
121000308,116,276,-160
121000309,303,421,-118
121000310,123,228,-105
121000311,77,504,-427
121000312,458,470,-12
121000313,237,372,-135
121000314,47,88,-41
121000315,22,94,-72
121000530,2031,1496,535
121000531,2207,1633,574
121000532,6130,8804,-2674
121000533,3879,4509,-630
121000918,44,72,-28
121000919,23,88,-65
121000938,63,276,-213
121000939,40,281,-241
121000956,1777,1483,294
121000957,5,21,-16
121000958,14,85,-71
121000959,1236,407,829
121000960,1587,1838,-251
121000961,350,61,289
121000962,980,456,524
121000963,0,0,0
121000973,1,236,-235
121000976,10,208,-198
121000979,548,196,352
121000981,284,104,180
121000982,366,162,204
121000983,580,229,351
121000984,19,76,-57
121000985,917,260,657
121000986,569,115,454
121000987,213,478,-265
121000988,1284,116,1168
121001302,228,138,90
121001308,0,51,-51
121001309,18,729,-711
121001313,254,101,153
121001314,1526,1981,-455
121001315,6529,4381,2148
121900001,130,238,-108
121900002,23,29,-6
121900003,482,12,470
121900004,75,473,-398
121900005,37,31,6
121900006,180,33,147
121900007,2353,2028,325
121900008,119,407,-288
121900009,1146,26,1120
121900010,254,6,248
121900011,297,276,21
121900012,18,1,17
121900013,409,116,293
121900014,1921,385,1536
121900015,201,229,-28
121900016,5,19,-14
121900017,898,885,13
121900018,507,15,492
121900019,649,206,443
121900020,36,6,30
121900021,973,16,957
121900022,337,278,59
121900023,174,504,-330
121900024,464,75,389
121900025,648,550,98
121900026,279,50,229
121900027,460,284,176
121900028,251,17,234
121900029,151,279,-128
121900030,444,710,-266
121900031,1047,7030,-5983
121900032,116,44,72
121900033,203,416,-213
121900034,303,161,142
121900035,3757,3015,742
121900036,98,533,-435
121900037,180,1031,-851
121900038,37,90,-53
121900039,359,56,303
121900040,113,94,19
121900041,143,331,-188
121900042,400,283,117
121900043,2,4,-2
121900044,112,56,56
121900046,201,369,-168
121900047,213,107,106
121900048,86,74,12
121900050,49,52,-3
121900051,182,163,19
121900052,180,23,157
121900053,649,409,240
121900054,429,1170,-741
121900055,4,8,-4
121900058,400,194,206
121900059,387,178,209
121900060,119,428,-309
121900061,228,167,61
121900062,177,147,30
121900063,1745,458,1287
121900064,390,526,-136
121900066,121,20,101
121900067,96,43,53
121900069,189,118,71
121900070,125,166,-41
121900071,590,287,303
121900072,95,130,-35
121900073,261,377,-116
121900074,383,942,-559
121900075,358,845,-487
121900076,502,622,-120
121900077,35,4,31
121900078,209,41,168
121900079,0,1,-1
121900080,1038,370,668
121900082,103,78,25
121900084,33,50,-17
121900085,2,11,-9
121900086,44,52,-8
121900087,93,197,-104
121900088,1327,2727,-1400
121900089,247,222,25
121900090,55,41,14
121900091,96,40,56
121900092,147,115,32
121900093,99,108,-9
121900094,23,8,15
121900095,457,180,277
121900096,1200,750,450
121900097,943,267,676
121900098,14,4,10
121900099,353,58,295
121900100,77,462,-385
121900101,126,163,-37
121900102,2,122,-120
121900103,440,289,151
121900104,1888,444,1444
121900105,407,286,121
121900106,4,17,-13
121900107,95,47,48
121900108,2,17,-15
121900109,335,167,168
121900110,763,383,380
121900111,734,359,375
121900112,146,206,-60
121900113,82,510,-428
121900114,101,88,13
121900117,154,209,-55
121900118,1981,710,1271
121900119,247,94,153
121900120,58,1138,-1080
121900121,362,28,334
121900122,43,77,-34
121900123,273,404,-131
121900124,250,211,39
121900125,2118,1303,815
121900127,13,124,-111
121900128,82,70,12
121900129,200,160,40
121900130,106,319,-213
121900131,336,122,214
121900132,59,61,-2
121900133,42,1217,-1175
121900134,28,305,-277
121900135,3803,460,3343
121900136,570,342,228
121900137,61,310,-249
121900138,106,178,-72
121900139,386,2350,-1964
121900140,84,88,-4
121900141,121,25,96
121900142,161,81,80
121900143,16,192,-176
121900144,133,393,-260
121900145,276,441,-165
121900146,520,678,-158
121900147,45,279,-234
121900148,228,439,-211
121900149,349,463,-114
121900150,43,190,-147
121900151,85,369,-284
121900152,112,153,-41
121900153,55,579,-524
121900154,13,403,-390
121900155,5,125,-120
121900156,167,274,-107
121900157,3,309,-306
121900158,98,128,-30
121900159,0,208,-208
121900160,101,260,-159
121900161,303,505,-202
121900162,92,198,-106
121900163,402,286,116
121900164,300,252,48
121900165,260,119,141
121900166,173,191,-18
121900167,93,159,-66
121900168,143,198,-55
121900169,8,178,-170
121900170,10,180,-170
121900171,939,792,147
121900172,682,284,398
121900173,783,298,485
121900174,73,60,13
121900175,123,307,-184
121900176,609,1420,-811
121900177,169,76,93
121900178,64,40,24
121900179,625,312,313
121900180,1807,5723,-3916
121900182,685,935,-250
121900183,614,2398,-1784
121900184,72,1015,-943
121900186,14,592,-578
121900187,21,163,-142
121900188,712,314,398
121900189,25,115,-90
121900190,292,449,-157
121900191,83,223,-140
121900192,190,1810,-1620
121900193,39,182,-143
121900194,12,504,-492
121900195,33,80,-47
121900196,902,871,31
121900197,330,946,-616
121900198,2366,1719,647
121900199,7,52,-45
121900200,42,222,-180
121900201,568,863,-295
121900202,121,824,-703
121900203,94,1158,-1064
121900204,839,1276,-437
121900205,13,102,-89
121900206,17,83,-66
121900207,77,49,28
121900208,158,616,-458
121900209,93,80,13
121900210,1813,1539,274
121900211,49,113,-64
121900212,112,218,-106
121900213,381,39,342
121900214,14,510,-496
121900215,39,128,-89
121900216,26,407,-381
121900217,209,205,4
121900218,173,662,-489
121900220,162,14,148
121900221,570,629,-59
121900222,243,116,127
121900223,160,57,103
121900224,99,31,68
121900225,96,237,-141
121900226,293,64,229
121900227,416,775,-359
121900228,162,177,-15
121900230,70,403,-333
121900231,89,1586,-1497
121900232,176,502,-326
121900233,283,212,71
121900234,394,178,216
121900235,714,169,545
121900236,380,210,170
121900237,239,547,-308
121900238,173,290,-117
121900239,224,47,177
121900240,344,159,185
121900241,97,37,60
121900242,16,1,15
121900243,17,0,17
121900244,34,1,33
121900245,203,68,135
121900246,4409,339,4070
121900247,440,358,82
121900248,1216,1204,12
121900250,248,447,-199
121900251,485,56,429
121900252,541,141,400
121900253,95,845,-750
121900254,469,375,94
121900255,620,116,504
121900258,4320,1893,2427
121900259,241,711,-470
121900260,219,137,82
121900261,135,721,-586
121900262,434,1146,-712
121900263,377,185,192
121900264,976,1133,-157
121900265,419,183,236
121900266,653,106,547
121900267,95,66,29
121900269,214,1076,-862
121900270,40,250,-210
121900271,67,226,-159
121900273,451,1906,-1455
121900274,354,337,17
121900277,366,1486,-1120
121900278,110,1171,-1061
121900279,174,217,-43
121900280,101,697,-596
121900281,149,452,-303
121900284,58,12,46
121900286,175,141,34
121900287,19,40,-21
121900288,10,1,9
121900290,280,985,-705
121900291,402,1024,-622
121900292,136,168,-32
121900293,800,3296,-2496
121900294,276,13,263
121900295,211,137,74
121900296,57,438,-381
121900298,151,1037,-886
121900299,0,7,-7
121900300,83,6,77
121900301,96,1,95
121900302,2,72,-70
121900303,304,1016,-712
121900304,0,15,-15
121900305,5,12,-7
121900306,353,0,353
121900307,211,14,197
121900308,14,170,-156
121900309,14,127,-113
121900310,13,212,-199
121900311,767,27,740
121900312,464,19,445
121900313,491,59,432
121900314,3,31,-28
121900315,30,0,30
121900316,0,7,-7
121900317,22,5,17
121900318,2,6,-4
121900319,43,203,-160
121900320,28,38,-10
121900321,14,0,14
121900322,2,9,-7
121900323,31,31,0
121900324,1,38,-37
121900325,16,4,12
121900326,17,17,0
121900327,3,27,-24
121900328,2,8,-6
121900329,3,77,-74
121900330,1,116,-115
121900331,47,144,-97
121900332,78,31,47
121900333,38,1,37
122000001,1333,5522,-4189
122000002,2576,1107,1469
122000003,1605,3214,-1609
122000004,1903,1561,342
122000005,3871,2445,1426
122000006,1064,1450,-386
122000007,671,1845,-1174
122000008,1297,3437,-2140
122000009,599,491,108
122000010,2289,3079,-790
122000011,4968,2271,2697
122000012,770,3458,-2688
122000013,713,1746,-1033
122000014,3288,1551,1737
122000015,1168,984,184
122000016,515,750,-235
122000017,1371,1419,-48
122000018,1950,1850,100
122000019,896,1826,-930
122000020,205,570,-365
122000021,164,457,-293
122000022,1066,1379,-313
122000023,845,1891,-1046
122000024,547,2508,-1961
122000025,555,2941,-2386
122000026,421,1532,-1111
122000027,618,1228,-610
122000028,1151,691,460
122000029,375,692,-317
122000030,186,161,25
122000031,167,475,-308
122000032,3853,2620,1233
122000033,427,3366,-2939
122000034,476,1034,-558
122000035,195,659,-464
122000036,504,487,17
122000037,568,291,277
122000038,225,424,-199
122000039,531,634,-103
122000040,237,374,-137
122000041,642,861,-219
122000042,379,509,-130
122000043,78,145,-67
122000044,102,147,-45
122000045,1877,955,922
122000046,802,1114,-312
122000047,126,236,-110
122000048,2801,4364,-1563
122000049,6229,3731,2498
122000050,825,919,-94
122000051,165,513,-348
122000052,405,533,-128
122000053,212,1132,-920
122000054,2137,2138,-1
122000055,2008,4055,-2047
122000056,3117,3193,-76
122000057,3326,4098,-772
122000058,904,2150,-1246
122000059,1042,3112,-2070
122000060,306,1040,-734
122000061,274,886,-612
122000062,458,299,159
122000063,552,1288,-736
122000064,2862,6207,-3345
122000065,2584,2874,-290
122000066,881,1368,-487
122000067,1184,1438,-254
122000068,1922,1104,818
122000069,983,770,213
122000070,1113,1442,-329
122000071,2908,1181,1727
122000072,637,771,-134
122000073,296,1345,-1049
122000074,2981,1548,1433
122000075,1081,1230,-149
122000076,6036,2033,4003
122000077,626,2180,-1554
122000078,784,4031,-3247
122000079,480,2756,-2276
122000080,557,604,-47
122000081,108,237,-129
122000082,329,1442,-1113
122000083,3666,1027,2639
122000084,3261,1177,2084
122000085,346,749,-403
122000086,2202,6717,-4515
122000087,234,432,-198
122000088,139,481,-342
122000089,4286,2487,1799
122000090,171,849,-678
122000091,125,245,-120
122000092,65,62,3
122000093,1404,3326,-1922
122000094,4691,3300,1391
122000095,794,5017,-4223
122000096,606,2031,-1425
122000098,2306,3643,-1337
122000099,699,1144,-445
122000100,720,766,-46
122000101,421,518,-97
122000102,2249,1055,1194
122000103,1695,1571,124
122000104,971,221,750
122000105,512,420,92
122000106,479,1442,-963
122000107,1147,365,782
122000108,624,921,-297
122000109,468,349,119
122000110,666,745,-79
122000111,3502,1612,1890
122000112,1379,1753,-374
122000113,709,715,-6
122000114,1680,2427,-747
122000115,1596,1153,443
122000116,540,558,-18
122000117,1787,527,1260
122000118,835,826,9
122000119,2495,2529,-34
122000120,1010,4583,-3573
122000121,937,2570,-1633
122000122,402,1109,-707
122000123,1200,1673,-473
122000124,721,527,194
122000125,576,826,-250
122000126,463,770,-307
122000127,538,1093,-555
122000128,310,512,-202
122000129,482,2006,-1524
122000130,2603,1557,1046
122000131,1062,1242,-180
122000132,239,481,-242
122000133,904,855,49
122000134,1025,747,278
122000135,628,514,114
122000136,940,778,162
122000137,2134,1007,1127
122000139,780,3949,-3169
122000140,380,898,-518
122000141,2962,1650,1312
122000142,162,1328,-1166
122000143,353,591,-238
122000144,1249,1196,53
122000145,1033,1008,25
122000146,864,1991,-1127
122000147,553,585,-32
122000148,641,2218,-1577
122000149,1680,1345,335
122000150,1175,1136,39
122000151,122,375,-253
122000152,306,389,-83
122000153,360,467,-107
122000154,256,238,18
122000155,1611,2966,-1355
122000156,4367,3769,598
122000157,817,4566,-3749
122000158,326,724,-398
122000159,642,1271,-629
122000160,2202,2852,-650
122000161,1034,1201,-167
122000162,1148,1719,-571
122000163,316,153,163
122000164,24,184,-160
122000165,828,998,-170
122000166,756,1583,-827
122000167,284,434,-150
122000168,165,862,-697
122000169,312,210,102
122000170,321,290,31
122000171,31,101,-70
122000172,1887,1510,377
122000173,1265,2803,-1538
122000174,1665,1167,498
122000175,681,389,292
122000176,289,1280,-991
122000177,1099,1578,-479
122000178,4151,3137,1014
122000179,2261,3346,-1085
122000180,1062,1175,-113
122000181,917,2210,-1293
122000182,1478,1590,-112
122000183,2405,1064,1341
122000184,2617,3228,-611
122000185,947,3262,-2315
122000186,419,1760,-1341
122000187,1883,1040,843
122000188,373,365,8
122000189,214,475,-261
122000190,799,1685,-886
122000191,968,957,11
122000192,1239,424,815
122000193,422,713,-291
122000194,480,216,264
122000195,110,657,-547
122000196,1225,517,708
122000197,513,600,-87
122000198,415,1810,-1395
122000199,276,388,-112
122000200,856,660,196
122000201,1207,2237,-1030
122000202,1005,2498,-1493
122000203,2553,1503,1050
122000204,1376,1495,-119
122000205,624,1118,-494
122000206,2940,958,1982
122000207,2048,1438,610
122000208,2085,1489,596
122000209,1838,535,1303
122000210,2140,1691,449
122000211,1425,1316,109
122000212,858,609,249
122000213,1000,1536,-536
122000214,1934,1772,162
122000215,2295,1742,553
122000217,1695,1998,-303
122000218,726,70,656
122000219,1127,791,336
122000220,339,658,-319
122000221,74,305,-231
122000222,639,159,480
122000223,1251,528,723
122000225,848,292,556
122000226,1803,1562,241
122000227,234,1744,-1510
122000228,338,313,25
122000229,84,564,-480
122000230,45,391,-346
122000231,483,640,-157
122000232,592,564,28
122000233,0,73,-73
122000234,539,56,483
122000235,638,101,537
122000236,1778,41,1737
122000237,126,105,21
122000238,473,480,-7
122000239,942,209,733
122000240,1370,634,736
122000241,2429,495,1934
122000242,899,203,696
122000243,356,50,306
122000244,108,308,-200
122000245,112,76,36
122000246,424,194,230
122000247,784,356,428
122000248,775,1039,-264
122000249,1967,1143,824
122000250,2364,1299,1065
122000251,135,470,-335
122000252,330,156,174
122000253,84,273,-189
122000254,342,111,231
122000255,589,903,-314
122000256,258,479,-221
122000257,340,157,183
122000258,334,306,28
122000259,29,311,-282
122000260,7,42,-35
122000261,28,319,-291
122000262,1,34,-33
122000263,326,656,-330
122000264,1434,307,1127
122000265,2652,1098,1554
122000266,4337,706,3631
122000267,158,114,44
122000268,154,325,-171
122000269,1041,359,682
122000270,457,187,270
122000271,233,1249,-1016
122000272,339,991,-652
122000273,421,414,7
122000274,249,199,50
122000275,91,159,-68
122000276,871,512,359
122000277,1227,1752,-525
122000278,2220,491,1729
122000279,336,307,29
122000280,882,571,311
122000281,1043,784,259
122000282,285,502,-217
122000283,258,286,-28
122000284,286,140,146
122000285,309,86,223
122000286,53,168,-115
122000287,1418,1430,-12
122000288,451,276,175
122000291,2820,834,1986
122000293,195,146,49
122000294,127,298,-171
122000295,1382,204,1178
122000296,31,663,-632
122000297,2112,3902,-1790
122000299,653,568,85
122000300,469,504,-35
122000301,5603,3535,2068
122000302,689,2651,-1962
122000303,2293,1272,1021
122000304,66,166,-100
122000305,1403,183,1220
122000306,95,321,-226
122000307,135,141,-6
122000309,50,35,15
122000310,14,104,-90
122000311,129,148,-19
122000312,167,355,-188
122000313,128,102,26
122000314,125,299,-174
122000315,318,75,243
122000316,1260,216,1044
122000317,1919,233,1686
122000318,346,1330,-984
122000319,157,248,-91
122000320,256,755,-499
122000321,113,143,-30
122000322,1604,2096,-492
122000323,730,2979,-2249
122000324,1481,1892,-411
122000325,1035,3525,-2490
122000326,143,92,51
122000327,528,854,-326
122000328,528,324,204
122000330,1664,1539,125
122000332,162,303,-141
122000333,15,63,-48
122000337,1388,632,756
122000338,622,308,314
122000340,170,1687,-1517
122000342,1282,644,638
122000343,568,529,39
122000344,132,14,118
122000345,33,25,8
122000346,345,178,167
122000348,1089,841,248
122000349,125,596,-471
122000351,192,308,-116
122000352,360,189,171
122000353,198,91,107
122000355,117,307,-190
122000356,621,1550,-929
122000357,107,24,83
122000358,0,14,-14
122000359,0,15,-15
122000360,2,22,-20
122000362,6,44,-38
122000364,340,242,98
122000365,5,54,-49
122000366,7,5,2
122000368,572,624,-52
122000370,37,30,7
122000371,64,0,64
122000372,10,3,7
122000381,214,354,-140
122000382,92,190,-98
122000384,1582,1289,293
122000385,51,1,50
122000386,186,1959,-1773
122000387,478,825,-347
122000388,1330,1023,307
122000389,151,1258,-1107
122000390,284,382,-98
122000391,194,836,-642
122000392,188,151,37
122000393,44,75,-31
122000394,678,191,487
122000395,165,77,88
122000396,281,104,177
122000397,29,42,-13
122000398,22,55,-33
122000399,167,72,95
122000400,60,789,-729
122000401,129,42,87
122000402,531,117,414
122000403,439,367,72
122000404,266,107,159
122000408,586,936,-350
122000503,8,101,-93
122000524,114,228,-114
122000544,120,2451,-2331
122000616,295,1,294
122000640,107,57,50
122000641,141,169,-28
122000642,1327,690,637
122000643,56,219,-163
122000644,131,75,56
122000645,94,170,-76
122000651,587,1754,-1167
122000664,185,20,165
122000665,1251,498,753
122000666,656,1169,-513
122000673,49,169,-120
122000674,262,153,109
122000675,2030,517,1513
122000686,580,859,-279
122000687,1850,316,1534
122000688,381,356,25
122000689,1068,169,899
122000690,3148,207,2941
122000691,895,615,280
122000692,2160,346,1814
122000693,425,844,-419
122000695,491,269,222
122000696,712,117,595
122000698,505,272,233
122000699,174,92,82
122000701,1723,323,1400
122000702,375,875,-500
122000703,201,78,123
122000717,102,60,42
122000718,403,1238,-835
122000719,152,91,61
122000720,731,95,636
122000724,115,32,83
122900001,50,22,28
122900002,1394,6719,-5325
122900003,544,39,505
122900004,2979,143,2836
122900005,116,216,-100
122900006,507,1488,-981
122900007,95,144,-49
122900008,279,259,20
122900009,785,428,357
122900010,254,99,155
122900012,226,370,-144
122900014,116,137,-21
122900015,713,1395,-682
122900016,152,218,-66
122900017,208,705,-497
122900018,183,26,157
122900019,12,95,-83
122900020,136,437,-301
122900021,44,398,-354
122900022,1260,745,515
122900023,835,253,582
122900024,152,117,35
122900025,9,427,-418
122900026,23,175,-152
122900027,58,458,-400
122900028,95,124,-29
122900029,4325,2607,1718
122900030,1445,579,866
122900031,21,308,-287
122900032,165,475,-310
122900033,235,184,51
122900034,3712,4868,-1156
122900035,49,59,-10
122900036,36,71,-35
122900037,359,106,253
122900038,80,2963,-2883
122900039,103,594,-491
122900040,228,616,-388
122900041,301,352,-51
122900042,170,337,-167
122900043,395,279,116
122900044,88,382,-294
122900045,132,183,-51
122900046,160,337,-177
122900047,114,181,-67
122900048,45,227,-182
122900049,1656,147,1509
122900051,54,225,-171
122900052,204,92,112
122900053,54,32,22
122900055,404,63,341
122900057,254,77,177
122900061,530,142,388
122900062,608,720,-112
122900063,193,170,23
122900064,804,344,460
122900065,593,285,308
122900066,745,397,348
122900067,849,503,346
122900068,134,273,-139
122900069,555,1497,-942
122900070,329,47,282
122900071,127,243,-116
122900072,13,278,-265
122900073,25,117,-92
122900074,1146,289,857
122900075,0,95,-95
122900076,4,147,-143
122900077,0,76,-76
122900078,273,23,250
122900080,21,52,-31
122900081,168,122,46
122900082,1020,136,884
122900083,101,96,5
122900084,29,107,-78
122900086,17,227,-210
122900087,415,365,50
122900088,32,549,-517
122900089,21,238,-217
122900090,4,227,-223
122900091,481,4,477
122900092,0,98,-98
122900093,1,91,-90
122900094,4,98,-94
122900095,221,32,189
122900096,413,74,339
122900097,46,91,-45
122900098,33,150,-117
122900099,117,38,79
122900100,88,697,-609
122900101,419,339,80
122900102,46,33,13
122900103,229,9,220
122900104,339,14,325
122900105,40,12,28
122900106,4,47,-43
122900107,9,80,-71
122900108,3,90,-87
123000001,909,913,-4
123000002,2501,5938,-3437
123000003,4113,4453,-340
123000004,2482,3679,-1197
123000005,3087,2959,128
123000006,1997,1861,136
123000007,4711,2862,1849
123000008,2729,2475,254
123000009,4482,3074,1408
123000010,3242,3194,48
123000011,1772,1221,551
123000012,704,2455,-1751
123000013,3726,1255,2471
123000014,894,3160,-2266
123000015,2163,1284,879
123000016,2990,4110,-1120
123000017,3680,2269,1411
123000018,140,102,38
123000019,562,68,494
123000020,407,59,348
123000021,210,258,-48
123000022,359,1853,-1494
123000023,2196,2373,-177
123000024,1655,734,921
123000025,70,106,-36
123000026,15,130,-115
123000027,109,971,-862
123000028,1253,1331,-78
123000029,678,1675,-997
123000030,298,156,142
123000031,426,127,299
123000032,551,88,463
123000033,311,70,241
123000034,1285,776,509
123000035,461,459,2
123000036,271,1036,-765
123000037,320,160,160
123000038,81,284,-203
123000039,444,1682,-1238
123000040,581,270,311
123000041,834,1403,-569
123000042,484,966,-482
123000043,1908,12617,-10709
123000044,2872,2389,483
123000045,3897,2454,1443
123000046,435,1222,-787
123000047,1172,1181,-9
123000048,44,986,-942
123000049,4766,10070,-5304
123000050,2089,1711,378
123000051,92,225,-133
123000052,793,3677,-2884
123000053,2732,3300,-568
123000054,1912,1667,245
123000055,1941,3911,-1970
123000056,1223,1145,78
123000057,4082,5936,-1854
123000058,780,1260,-480
123000059,356,493,-137
123000060,1373,456,917
123000061,424,596,-172
123000063,1082,984,98
123000064,1256,281,975
123000065,3976,2341,1635
123000066,445,547,-102
123000067,1097,463,634
123000068,1884,1922,-38
123000069,4290,1812,2478
123000070,174,445,-271
123000071,1799,811,988
123000072,1180,516,664
123000073,1966,810,1156
123000074,1066,835,231
123000075,429,1427,-998
123000076,798,277,521
123000077,1924,1628,296
123000078,2111,1419,692
123000079,2194,1880,314
123000080,2385,1018,1367
123000081,164,352,-188
123000082,302,812,-510
123000083,1098,275,823
123000084,829,423,406
123000085,543,90,453
123000086,889,93,796
123000087,601,315,286
123000088,1562,525,1037
123000089,716,1022,-306
123000090,1479,790,689
123000091,1403,1247,156
123000092,843,1321,-478
123000094,680,230,450
123000095,724,710,14
123000096,1144,320,824
123000097,709,334,375
123000098,1009,541,468
123000099,821,459,362
123000100,376,749,-373
123000101,576,516,60
123000102,398,806,-408
123000104,479,534,-55
123000105,505,456,49
123000106,507,531,-24
123000107,309,396,-87
123000108,528,937,-409
123000111,1101,379,722
123000112,1792,530,1262
123000113,577,655,-78
123000114,362,667,-305
123000115,350,313,37
123000116,75,112,-37
123000117,2299,1209,1090
123000118,549,488,61
123000119,264,517,-253
123000120,303,564,-261
123000121,511,757,-246
123000122,305,295,10
123000123,416,524,-108
123000124,323,394,-71
123000125,1334,1324,10
123000126,1247,4857,-3610
123000127,591,601,-10
123000128,273,222,51
123000129,1107,204,903
123000130,937,94,843
123000131,1425,975,450
123000132,291,555,-264
123000133,135,254,-119
123000134,252,142,110
123000135,3217,1155,2062
123000136,208,415,-207
123000137,88,179,-91
123000138,97,225,-128
123000139,700,103,597
123000140,98,374,-276
123000141,713,166,547
123000142,963,711,252
123000143,827,1354,-527
123000144,16,27,-11
123000145,189,305,-116
123000146,58,130,-72
123000147,101,133,-32
123000149,304,320,-16
123000150,79,244,-165
123000151,195,525,-330
123000152,115,334,-219
123000153,232,975,-743
123000154,1385,1825,-440
123000155,1949,1501,448
123000156,30,98,-68
123000157,680,759,-79
123000158,636,933,-297
123000159,3219,3719,-500
123000160,1112,1050,62
123000161,2079,1137,942
123000162,1434,1921,-487
123000163,605,172,433
123000164,2144,289,1855
123000165,412,962,-550
123000166,49,109,-60
123000167,167,157,10
123000168,286,168,118
123000169,1100,166,934
123000170,134,67,67
123000171,1195,7,1188
123000172,166,424,-258
123000173,569,367,202
123000174,1032,519,513
123000175,353,906,-553
123000176,1300,328,972
123000177,321,711,-390
123000178,985,160,825
123000179,61,387,-326
123000180,1806,438,1368
123000181,272,922,-650
123000182,334,306,28
123000183,202,600,-398
123000184,114,401,-287
123000185,1060,477,583
123000186,3,390,-387
123000187,779,25,754
123000188,204,1,203
123000189,266,141,125
123000190,84,103,-19
123000192,12,323,-311
123000193,74,718,-644
123000194,265,266,-1
123000195,349,29,320
123000196,396,32,364
123000197,99,107,-8
123000198,86,1076,-990
123000199,37,636,-599
123000200,675,10,665
123000201,1468,37,1431
123000202,12,592,-580
123000203,1347,80,1267
123000204,71,587,-516
123000205,273,972,-699
123000206,2621,285,2336
123000207,58,561,-503
123000208,672,244,428
123000209,2460,745,1715
123000210,357,1395,-1038
123000211,514,1482,-968
123000212,4060,508,3552
123000213,674,93,581
123000215,77,232,-155
123000216,225,830,-605
123000217,292,39,253
123000218,48,651,-603
123000219,651,82,569
123000220,716,117,599
123000221,272,91,181
123000222,564,286,278
123000223,630,162,468
123000224,474,305,169
123000225,368,55,313
123000226,92,398,-306
123000227,128,253,-125
123000228,347,74,273
123000229,733,1389,-656
123000232,138,488,-350
123000233,965,147,818
123000234,199,478,-279
123000235,1723,334,1389
123000236,353,438,-85
123000237,395,118,277
123000238,57,312,-255
123000239,400,742,-342
123000240,48,900,-852
123000241,309,63,246
123000242,351,197,154
123000243,813,798,15
123000244,841,612,229
123000245,57,109,-52
123000249,1147,647,500
123000252,1090,388,702
123000253,1956,640,1316
123000254,725,881,-156
123000255,1141,1033,108
123000256,25,164,-139
123000257,2252,1315,937
123000258,1056,598,458
123000259,561,461,100
123000260,693,355,338
123000261,502,173,329
123000262,74,115,-41
123000263,607,95,512
123000264,169,113,56
123000265,47,118,-71
123000266,586,615,-29
123000267,783,508,275
123000268,29,50,-21
123000269,73,66,7
123000270,41,69,-28
123000271,51,49,2
123000272,765,316,449
123000273,290,999,-709
123000274,1182,869,313
123000275,288,713,-425
123000278,2108,2807,-699
123000279,194,89,105
123000280,415,292,123
123000281,301,122,179
123000282,110,251,-141
123000283,173,88,85
123000284,70,48,22
123000286,170,419,-249
123000287,444,321,123
123000288,1427,1310,117
123000289,348,1672,-1324
123000291,245,879,-634
123000294,149,177,-28
123000295,795,1233,-438
123000296,878,488,390
123000297,958,367,591
123000298,1166,262,904
123000299,96,84,12
123000300,1355,1109,246
123000301,134,410,-276
123000302,108,116,-8
123000303,136,335,-199
123000305,750,871,-121
123000306,258,66,192
123000309,28,46,-18
123000310,51,29,22
123000311,0,75,-75
123000312,403,620,-217
123000313,693,463,230
123000315,170,212,-42
123000316,829,126,703
123000317,306,120,186
123000318,94,260,-166
123000329,18,27,-9
123000337,450,661,-211
123000338,219,221,-2
123000339,424,56,368
123000340,96,281,-185
123000342,8,27,-19
123000343,45,19,26
123000344,615,266,349
123000345,262,424,-162
123000346,439,53,386
123000352,947,744,203
123000353,59,92,-33
123000354,275,7,268
123000355,0,206,-206
123000356,436,34,402
123000357,4,106,-102
123000359,11,76,-65
123000360,291,80,211
123000361,217,254,-37
123000362,559,91,468
123000363,146,178,-32
123000364,448,541,-93
123000365,18,479,-461
123000366,346,2482,-2136
123000367,305,624,-319
123000370,58,272,-214
123000371,721,58,663
123000372,422,38,384
123000373,13,293,-280
123000374,12,99,-87
123000375,512,45,467
123000376,951,647,304
123000377,672,19,653
123000378,24,258,-234
123000379,7,242,-235
123000380,17,384,-367
123000381,78,120,-42
123000382,512,155,357
123000383,91,1064,-973
123000384,430,115,315
123000385,157,552,-395
123000436,37,1893,-1856
123000507,115,196,-81
123000508,151,1219,-1068
123000517,241,28,213
123000518,31,172,-141
123000519,179,120,59
123000520,56,150,-94
123000521,428,130,298
123000522,120,267,-147
123000541,9,3,6
123000542,0,0,0
123000565,1087,27,1060
123000566,395,185,210
123000567,89,128,-39
123000573,29,457,-428
123000574,965,96,869
123000575,1993,787,1206
123000576,1222,831,391
123000577,80,700,-620
123000578,346,129,217
123000579,1026,7110,-6084
123000580,141,71,70
123000582,624,24,600
123000583,21,362,-341
123000584,223,316,-93
123000585,0,68,-68
123000586,99,0,99
123000596,67,86,-19
123000597,60,174,-114
123000602,81,6,75
123000603,1378,411,967
123000604,747,265,482
123000605,813,85,728
123000606,0,531,-531
123000609,36,356,-320
123000610,175,103,72
123000613,32,156,-124
123000614,340,50,290
123000615,29,49,-20
123000616,1284,67,1217
123000617,150,127,23
123000618,63,489,-426
123000619,615,63,552
123000620,43,300,-257
123000622,655,20,635
123000624,205,46,159
123000630,1698,542,1156
123000631,280,543,-263
123000632,558,593,-35
123000633,0,120,-120
123000634,60,335,-275
123000635,45,92,-47
123000636,72,361,-289
123000637,428,68,360
123000638,670,50,620
123000639,724,6158,-5434
123000640,15,349,-334
123000648,370,85,285
123000649,27,273,-246
123900001,951,43,908
123900002,31,1297,-1266
123900003,191,273,-82
123900005,319,166,153
123900006,355,64,291
124000001,2077,248,1829
124000002,53,934,-881
124000003,1389,195,1194
124000004,80,289,-209
124000005,1410,765,645
124000006,184,622,-438
124000007,401,113,288
124000008,10,445,-435
124000009,933,294,639
124000010,223,320,-97
124000011,1255,401,854
124000012,271,298,-27
124000017,293,169,124
124000018,126,68,58
124000019,149,193,-44
124000020,34,82,-48
124000021,169,151,18
124000022,81,123,-42
124000023,1429,1576,-147
124000024,1179,329,850
124000025,1274,1790,-516
124000026,1001,869,132
124000027,4299,4710,-411
124000028,1019,3431,-2412
124000030,1779,1239,540
124000031,1412,5410,-3998
124000032,1048,573,475
124000033,609,488,121
124000034,506,551,-45
124000035,308,306,2
124000036,50,338,-288
124000037,623,1267,-644
124000038,29,130,-101
124000039,693,470,223
124000040,334,1226,-892
124000041,583,177,406
124000042,149,353,-204
124000043,136,137,-1
124000044,113,171,-58
124000045,1171,354,817
124000046,310,586,-276
124000047,2411,693,1718
124000048,1204,579,625
124000049,2351,513,1838
124000050,944,985,-41
124000051,1207,399,808
124000052,683,577,106
124000053,607,2234,-1627
124000054,671,338,333
124000055,1277,4096,-2819
124000056,1381,809,572
124000057,1443,619,824
124000058,394,780,-386
124000059,854,1431,-577
124000060,568,501,67
124000061,1205,6332,-5127
124000062,1993,1315,678
124000063,1123,1111,12
124000064,1825,906,919
124000065,16,498,-482
124000066,152,73,79
124000067,222,120,102
124000068,142,251,-109
124000069,925,120,805
124000070,356,385,-29
124000071,816,159,657
124000072,397,426,-29
124000073,1185,227,958
124000074,266,571,-305
124000075,547,47,500
124000076,22,61,-39
124000077,654,1009,-355
124000078,2226,1327,899
124000079,214,1308,-1094
124000080,924,236,688
124000081,257,449,-192
124000082,70,162,-92
124000083,46,87,-41
124000084,43,801,-758
124000085,83,41,42
124000086,23,187,-164
124000087,205,144,61
124000088,135,759,-624
124000089,993,246,747
124000090,184,241,-57
124000091,611,125,486
124000092,143,525,-382
124000093,180,163,17
124000094,255,589,-334
124000095,108,101,7
124000096,209,240,-31
124000097,130,152,-22
124000098,60,70,-10
124000099,352,141,211
124000100,72,173,-101
124000101,107,119,-12
124000102,94,36,58
124000103,152,141,11
124000104,103,46,57
124000105,128,130,-2
124000106,120,39,81
124000107,22,207,-185
124000108,79,13,66
124000109,188,125,63
124000110,126,54,72
124000111,221,137,84
124000112,781,454,327
124000113,119,113,6
124000114,437,281,156
124000115,369,548,-179
124000116,117,194,-77
124000117,44,93,-49
124000118,45,54,-9
124000119,735,656,79
124000120,477,563,-86
124000121,1271,714,557
124000122,507,1308,-801
124000123,1025,421,604
124000124,403,830,-427
124000125,464,564,-100
124000126,274,497,-223
124000127,1023,347,676
124000128,576,617,-41
124000129,2175,1519,656
124000130,537,530,7
124000131,815,694,121
124000132,688,679,9
124000133,1056,1120,-64
124000134,885,485,400
124000135,1538,2248,-710
124000136,632,837,-205
124000137,814,1182,-368
124000138,1287,1156,131
124000139,583,33,550
124000140,18,272,-254
124000141,105,22,83
124000142,14,226,-212
124000143,69,15,54
124000144,27,91,-64
124000145,119,83,36
124000146,42,96,-54
124000148,41,120,-79
124000149,1225,417,808
124000150,256,777,-521
124000151,1207,602,605
124000152,831,1065,-234
124000153,1279,1170,109
124000154,701,749,-48
124000155,1505,1100,405
124000156,1147,1053,94
124000169,150,492,-342
124000170,531,479,52
124000171,325,243,82
124000172,318,488,-170
124000173,571,199,372
124000174,469,576,-107
124000175,6,62,-56
124000176,75,48,27
124000177,3,66,-63
124000178,66,69,-3
124000190,59,130,-71
124000191,102,222,-120
124000192,1367,598,769
124000193,353,1161,-808
124000194,321,393,-72
124000195,350,652,-302
124000196,691,620,71
124000197,49,24,25
124000198,78,53,25
124000201,248,557,-309
124000202,680,254,426
124000203,817,259,558
124000204,1364,198,1166
124000205,173,256,-83
124000206,1276,235,1041
124000207,0,23,-23
124000209,224,152,72
124000210,820,196,624
124000211,986,2,984
124000212,2,210,-208
124000213,858,139,719
124000214,606,260,346
124000215,560,32,528
124000216,1,187,-186
124000329,136,702,-566
124000338,107,386,-279
124000339,1716,110,1606
124000341,1970,94,1876
124000344,76,30,46
124000357,1404,2828,-1424
124000358,912,1795,-883
124000359,1419,795,624
124000360,1123,575,548
124000361,2446,1123,1323
124000362,919,1324,-405
124000363,248,270,-22
124000364,452,451,1
124000365,442,794,-352
124000366,1269,751,518
124000367,77,216,-139
124000368,531,809,-278
124000369,158,136,22
124000370,44,457,-413
124000402,38,18,20
124000403,206,29,177
124000404,12,59,-47
124000405,1106,858,248
124000406,642,565,77
124000407,2,23,-21
124000411,4,169,-165
124000412,547,9,538
124000413,78,34,44
124000414,160,82,78
124000415,43,75,-32
124000416,109,117,-8
124000417,225,91,134
124000418,253,55,198
124000419,139,47,92
124000420,125,40,85
124000421,54,70,-16
124000422,19,22,-3
124000423,156,31,125
124000424,3,32,-29
124000425,63,35,28
124000426,17,81,-64
124000427,75,2,73
124000428,13,96,-83
124000429,165,93,72
124000430,863,310,553
124000431,798,410,388
124000432,359,491,-132
124000439,15,2,13
124000443,0,5,-5
124000445,169,1770,-1601
124000446,824,189,635
124900001,763,564,199
124900002,217,221,-4
124900003,1201,519,682
124900004,1043,274,769
124900005,288,110,178
124900006,1085,266,819
124900008,1094,633,461
124900009,197,486,-289
124900010,291,264,27
124900011,711,359,352
124900012,551,130,421
124900013,826,181,645
124900014,466,75,391
124900015,183,473,-290
124900016,107,167,-60
124900017,483,2803,-2320
124900018,113,18,95
124900020,148,59,89
124900021,502,47,455
124900022,45,4,41
124900024,428,19,409
124900026,67,31,36
124900027,192,673,-481
124900028,347,96,251
124900029,21,603,-582
124900030,10,73,-63
124900031,36,206,-170
124900032,149,245,-96
124900033,153,212,-59
124900034,10,69,-59
124900035,190,285,-95
124900036,2,43,-41
124900037,280,185,95
124900038,199,196,3
124900039,0,58,-58
124900040,137,87,50
124900041,308,468,-160
124900042,62,9,53
124900043,499,452,47
124900044,108,2,106
124900045,529,1028,-499
124900046,524,215,309
124900047,105,200,-95
124900048,212,82,130
124900050,192,154,38
124900052,91,204,-113
124900053,161,242,-81
124900054,642,558,84
124900055,1,143,-142
124900057,12,38,-26
124900060,65,147,-82
124900061,142,9,133
124900062,348,13,335
124900066,0,6,-6
124900067,2,78,-76
124900068,197,663,-466
124900070,75,72,3
124900072,170,45,125
124900075,370,216,154
124900076,9,1788,-1779
124900077,25,82,-57
124900078,88,14,74
124900079,302,170,132
124900080,434,257,177
124900081,1398,393,1005
124900082,288,450,-162
124900083,367,258,109
124900084,702,109,593
124900085,614,733,-119
124900086,58,1695,-1637
124900087,258,121,137
124900088,212,146,66
124900089,705,32,673
124900090,605,291,314
124900091,378,206,172
124900092,290,240,50
124900093,505,201,304
124900094,663,273,390
124900095,151,610,-459
124900096,521,307,214
124900097,414,64,350
124900098,133,247,-114
124900099,312,640,-328
124900100,439,61,378
124900101,55,359,-304
124900102,298,41,257
124900103,157,129,28
124900104,94,107,-13
124900105,92,64,28
124900106,462,61,401
124900107,136,53,83
124900108,148,108,40
124900111,1,139,-138
124900112,73,216,-143
124900113,58,311,-253
124900114,105,159,-54
124900115,81,72,9
124900116,395,376,19
124900117,219,293,-74
124900118,170,644,-474
124900119,473,214,259
124900120,72,266,-194
124900121,107,420,-313
124900122,221,211,10
124900123,227,136,91
124900124,169,325,-156
204000001,103,11,92
204000002,12,7,5
204000003,31,7,24
204000004,1,2,-1
204000005,634,359,275
204000006,1137,905,232
204000011,17,36,-19
204000012,60,82,-22
204000019,1111,401,710
204000020,821,877,-56
204000021,2590,1478,1112
204000022,858,608,250
204000023,620,445,175
204000031,49,8,41
204000032,286,43,243
204000034,21,118,-97
204000035,0,7,-7
204000036,6,28,-22
204000037,2,16,-14
204000038,1,15,-14
204000039,8,21,-13
204000040,6,11,-5
204000041,8,17,-9
204000042,59,14,45
204000043,39,10,29
204000044,34,2,32
204000045,69,2,67
204000046,18,6,12
204000057,7,13,-6
204000062,34,40,-6
204000068,24,355,-331
204000069,143,311,-168
204000070,95,66,29
204000080,95,60,35
204000085,1371,1023,348
204000086,1701,1154,547
204000087,67,10,57
204000088,4,60,-56
204000090,37,210,-173
204000093,614,74,540
204000096,1363,774,589
204000097,686,6,680
204000099,1197,1584,-387
204000100,1667,1697,-30
204000105,1317,753,564
204000110,467,1753,-1286
204000111,433,758,-325
204000112,499,2421,-1922
204000113,429,1102,-673
204000114,1033,1042,-9
204000115,778,392,386
204000116,604,1869,-1265
204000119,2026,2093,-67
204000132,683,460,223
204000133,900,157,743
204000134,251,93,158
204000135,614,147,467
204000136,520,190,330
204000138,360,586,-226
204000140,251,121,130
204000141,155,59,96
204000144,3,25,-22
204000145,614,41,573
204000146,13,230,-217
204000147,15,154,-139
204000148,251,26,225
204000154,9,9,0
204000155,4,6,-2
204000177,62,42,20
204000179,49,7,42
204000180,0,27,-27
204000222,2,17,-15
204000235,32,11,21
204000236,44,106,-62
204000238,28,19,9
204000240,393,65,328
204000263,482,645,-163
204000268,716,408,308
204000308,105,24,81
204000317,14,86,-72
204000322,20,62,-42
204000323,11,7,4
204000328,196,42,154
204000329,43,155,-112
204000330,184,12,172
204000331,31,97,-66
204010341,19,142,-123
205000001,628,969,-341
205000013,11,51,-40
205000014,31,61,-30
205000015,22,94,-72
205000016,20,95,-75
205000017,25,103,-78
205000022,249,527,-278
205000025,815,658,157
205000029,331,17,314
205000045,109,1044,-935
205000046,153,508,-355
205000047,69,699,-630
205000048,360,563,-203
205000049,166,503,-337
205000050,1039,248,791
205000059,0,125,-125
205000060,0,77,-77
205000061,3,141,-138
205000062,2,229,-227
205000063,31,193,-162
205000064,13,75,-62
205000065,72,339,-267
205000066,75,317,-242
205000067,47,526,-479
205000069,190,20,170
205000082,192,223,-31
205000110,85,181,-96
205000111,205,166,39
205000112,180,149,31
205000113,124,222,-98
205000121,245,47,198
205000123,40,166,-126
205000126,449,88,361
205000127,819,113,706
205000128,397,57,340
205000129,738,49,689
205000130,107,18,89
205000131,41,4,37
205000132,81,1,80
205000133,38,3,35
205000134,303,1,302
205000137,64,115,-51
205000138,124,293,-169
205000139,31,111,-80
205000144,111,74,37
205000145,454,156,298
205000151,178,32,146
205000152,182,16,166
205000153,225,31,194
205000154,75,32,43
205000155,142,13,129
205000207,8,108,-100
205000233,23,2,21
205000234,0,2,-2
205000243,0,0,0
205000244,0,2,-2
205000245,18,124,-106
205000249,1,18,-17
205000250,7,5,2
205000264,18,57,-39
206000027,4,6,-2
206000028,2,3,-1
206000043,15,30,-15
206000053,4,13,-9
206000054,2,18,-16
206000055,0,11,-11
206000075,15,30,-15
206000076,42,18,24
206000077,36,5,31
206000078,12,12,0
206000079,45,8,37
206000082,323,57,266
206000100,23,346,-323
206000103,13,10,3
206000104,5,9,-4
206000105,5,9,-4
206000106,0,10,-10
206000108,709,60,649
206000125,77,1,76
206000157,22,384,-362
206000170,0,95,-95
206000171,2,167,-165
206000172,23,189,-166
206000173,2,105,-103
206000174,27,26,1
206000175,0,52,-52
206000176,20,76,-56
206000177,1,61,-60
206000178,0,166,-166
206000179,1,83,-82
206000180,8,58,-50
206000181,35,16,19
206000182,0,42,-42
206000183,6,123,-117
206000184,11,129,-118
206000185,11,58,-47
206000186,68,279,-211
206000223,5,159,-154
206000226,27,3,24
206000227,26,4,22
206000237,41,114,-73
206000238,9,224,-215
206000239,166,1181,-1015
206000240,0,57,-57
206000241,0,65,-65
206000242,6,70,-64
206000243,16,47,-31
206000244,47,153,-106
206000245,1592,69,1523
206000246,563,15,548
206000247,598,7,591
206000248,669,21,648
206000252,66,50,16
206000258,20,35,-15
206000315,55,14,41
206000317,876,171,705
206000318,1070,108,962
206000319,3323,114,3209
206000320,523,52,471
206000321,581,19,562
206000322,935,23,912
206000323,289,11,278
206000324,369,7,362
206000325,214,17,197
206000326,225,24,201
206000327,90,19,71
206000328,375,10,365
206000329,600,8,592
206000330,114,11,103
206000331,366,3,363
206000332,88,5,83
206000333,1374,5,1369
206000334,554,4,550
206000335,0,15,-15
206000361,2,152,-150
206000392,1,11,-10
206000405,262,3,259
206000441,60,18,42
206000498,143,21,122
206000515,74,54,20
206000530,691,69,622
206000531,321,377,-56
206000532,1560,482,1078
206000535,66,2381,-2315
206000536,7,74,-67
206000537,9,122,-113
206000613,1965,344,1621
207000001,135,688,-553
207000002,107,483,-376
207000003,135,178,-43
207000007,1510,235,1275
207000008,158,5,153
207000009,66,34,32
207000010,319,241,78
207000012,554,172,382
207000015,247,710,-463
207000019,256,86,170
207000021,518,239,279
207000022,218,136,82
207000023,296,77,219
207000024,7,19,-12
207000025,28,92,-64
207000026,74,27,47
207000027,22,44,-22
207000028,54,109,-55
207000029,157,343,-186
207000033,219,469,-250
207000034,362,137,225
207000039,660,76,584
207000040,681,24,657
207000041,222,52,170
207000042,388,60,328
207000043,257,178,79
207000051,148,201,-53
207000052,47,149,-102
207000053,413,369,44
207000054,48,87,-39
207000055,183,56,127
207000056,370,243,127
207000057,127,481,-354
207000058,305,282,23
207000059,167,240,-73
207000060,60,177,-117
207000061,223,986,-763
207000062,552,47,505
207000063,642,84,558
207000064,399,93,306
207000065,476,267,209
207000066,378,149,229
207000067,77,61,16
207000068,169,76,93
207000069,924,390,534
207000082,6,131,-125
207000083,105,189,-84
207000084,406,262,144
207000085,334,23,311
207000086,378,9,369
207000106,66,13,53
207000107,155,10,145
207000108,97,13,84
207000109,96,9,87
207000110,103,85,18
207000111,110,113,-3
207000112,121,845,-724
207000114,33,42,-9
207000115,30,36,-6
207000116,29,347,-318
207000117,14,77,-63
207000118,3,39,-36
207000119,15,40,-25
207000123,265,22,243
207000124,135,26,109
207000125,99,29,70
207000126,72,34,38
207000134,178,75,103
207000135,33,103,-70
207000148,136,392,-256
207000149,60,39,21
207000152,106,433,-327
207000153,359,1077,-718
207000154,305,200,105
207000159,140,104,36
207000160,168,233,-65
207000238,0,116,-116
207000242,9,76,-67
207000248,30,48,-18
207000249,115,22,93
207000250,349,74,275
207000251,93,77,16
207000252,43,40,3
207000278,173,83,90
207000279,22,87,-65
207000280,954,58,896
207000281,147,397,-250
207000282,116,187,-71
207000283,61,248,-187
207000284,28,499,-471
207000285,61,66,-5
207000291,17,95,-78
207000304,90,49,41
207000306,44,290,-246
207000310,132,90,42
207000353,197,3,194
207000356,13,50,-37
207000357,3,12,-9
207000358,10,44,-34
207000415,2,83,-81
207000417,51,9,42
207000418,102,184,-82
207000438,0,4,-4
207000439,638,586,52
207000446,192,4,188
207000460,59,10,49
207000466,90,131,-41
207000467,389,66,323
207000468,45,160,-115
207000476,10,56,-46
207000477,923,52,871
207000478,4,79,-75
207000523,0,9,-9
207000524,41,0,41
207000527,177,147,30
207000530,708,3,705
207000531,409,7,402
207000532,132,46,86
207000534,169,51,118
207000535,34,311,-277
207000537,26,86,-60
207000540,3,67,-64
207000541,4,126,-122
207000548,22,138,-116
207000549,461,26,435
207000561,201,259,-58
207000562,24,123,-99
207000567,184,348,-164
207000568,332,43,289
207000569,705,298,407
207000584,114,169,-55
207000585,58,320,-262
207000616,0,82,-82
207000617,216,5,211
207900008,399,55,344
208000001,604,1305,-701
208000002,719,633,86
208000003,1083,455,628
208000004,794,717,77
208000005,2,13,-11
208000019,761,603,158
208000020,219,341,-122
208000021,311,234,77
208000022,1052,454,598
208000028,1061,2001,-940
208000033,622,535,87
208000034,1025,1386,-361
208000037,293,15,278
208000040,160,105,55
208000041,789,601,188
208000042,941,578,363
208000047,133,145,-12
208000064,1999,1242,757
208000066,1497,2420,-923
208000070,472,340,132
208000071,733,432,301
208000072,558,748,-190
208000080,326,385,-59
208000081,416,157,259
208000082,433,175,258
208000083,149,250,-101
208000084,10,10,0
208000085,594,554,40
208000086,419,943,-524
208000087,376,613,-237
208000089,1056,293,763
208000090,1128,390,738
208000093,144,184,-40
208000094,512,292,220
208000095,662,422,240
208000104,1344,567,777
208000105,752,750,2
208000114,121,384,-263
208000115,605,310,295
208000116,778,1008,-230
208000117,118,138,-20
208000118,128,210,-82
208000155,718,1308,-590
208000158,1313,3267,-1954
208000186,1768,3289,-1521
208000204,836,938,-102
208000205,1322,768,554
208000282,2391,2672,-281
209000004,621,269,352
209000005,47,41,6
209000006,498,236,262
209000007,276,315,-39
209000010,320,109,211
209000011,99,205,-106
209000012,164,98,66
209000013,198,169,29
209000014,370,566,-196
209000025,587,59,528
209000026,972,105,867
209000027,275,443,-168
209000028,303,404,-101
209000029,298,594,-296
209000030,299,955,-656
209000031,2198,1378,820
209000034,252,317,-65
209000035,175,268,-93
209000036,312,107,205
209000037,444,172,272
209000038,160,151,9
209000039,98,137,-39
209000040,305,392,-87
209000041,190,310,-120
209000042,310,215,95
209000043,525,572,-47
209000044,222,668,-446
209000045,794,306,488
209000046,577,352,225
209000047,393,163,230
209000048,601,335,266
209000049,103,74,29
209000050,220,72,148
209000051,249,173,76
209000052,120,123,-3
209000062,62,36,26
209000063,56,48,8
209000064,50,40,10
209000065,145,20,125
209000066,151,10,141
209000067,210,34,176
209000080,21,172,-151
209000082,96,29,67
209000091,15,65,-50
209000093,36,22,14
209000094,74,177,-103
209000110,47,159,-112
209000111,712,2085,-1373
209000112,1610,589,1021
209000113,2208,602,1606
209000114,1229,644,585
209000115,60,61,-1
209000116,377,156,221
209000118,17,32,-15
209000119,8,9,-1
209000121,100,370,-270
209000135,65,174,-109
209000142,796,2018,-1222
209000143,47,39,8
209000144,36,149,-113
209000229,295,130,165
209000240,26,152,-126
209000259,31,59,-28
209000260,58,719,-661
209000261,4,310,-306
209000262,3,207,-204
209000263,2,195,-193
209000264,1,214,-213
209000265,343,1,342
209000266,133,1,132
209000267,1089,9,1080
209000268,528,66,462
210000037,60,20,40
210000047,128,24,104
210000048,127,15,112
210000049,56,2,54
210000052,72,44,28
210000053,24,18,6
210000054,23,54,-31
210000070,247,4,243
210000071,106,0,106
210000072,32,0,32
210000073,0,23,-23
210000074,0,71,-71
210000075,5,116,-111
210000076,12,156,-144
210000077,8,61,-53
210000078,46,71,-25
210000079,19,13,6
210000080,46,58,-12
210000081,156,29,127
210000082,81,5,76
210000083,94,2,92
210000084,50,0,50
210000085,0,54,-54
210000086,3,61,-58
210000099,67,203,-136
210000100,60,204,-144
210000101,95,164,-69
210000105,24,219,-195
210000159,0,213,-213
210000163,68,234,-166
210000164,202,228,-26
210000168,81,34,47
210000187,1,33,-32
210000188,0,25,-25
210000214,17,0,17
210000219,43,43,0
210000220,160,37,123
210000232,6,28,-22
210000233,30,46,-16
210000234,29,68,-39
210000235,84,58,26
210000245,0,56,-56
210000246,46,10,36
210000258,16,60,-44
210000259,238,71,167
210000282,63,234,-171
210000285,4,110,-106
210000286,21,107,-86
210000290,6,8,-2
210000295,57,106,-49
210000296,46,33,13
210000320,255,55,200
210000321,131,29,102
210000338,41,68,-27
210000339,161,1000,-839
210000340,95,343,-248
210000341,222,295,-73
210000342,251,177,74
210000343,185,201,-16
210000344,129,131,-2
210000345,135,189,-54
210000346,45,118,-73
210000347,24,49,-25
210000348,99,34,65
210000349,76,20,56
210000350,147,43,104
210000351,182,69,113
210000352,61,31,30
210000353,86,57,29
210000354,70,37,33
210000355,38,58,-20
210000356,18,51,-33
210000357,44,58,-14
210000358,168,163,5
210000359,67,89,-22
210000360,152,87,65
210000361,142,122,20
210000362,238,184,54
210000363,432,230,202
210000364,109,169,-60
210000365,105,78,27
210000366,85,59,26
210000367,72,23,49
210000368,128,32,96
210000369,21,17,4
210000370,46,44,2
210000372,29,17,12
210000373,26,32,-6
210000374,49,20,29
210000375,37,23,14
210000376,60,66,-6
210000404,51,94,-43
210000439,38,13,25
210000472,73,3,70
210000482,34,93,-59
210000564,120,225,-105
210000567,4,59,-55
210000568,157,4,153
211000092,63,48,15
211000094,31,3,28
211000169,232,25,207
211000172,13,168,-155
211000209,0,25,-25
211000226,8,31,-23
211000270,34,7,27
211000275,29,11,18
211000276,142,23,119
211000279,25,24,1
211000281,85,39,46
211507980,0,63,-63
211977296,37,4,33
212000003,170,17,153
212000004,6,34,-28
212000005,5,84,-79
212000006,24,43,-19
212000008,159,65,94
212000009,36,59,-23
212000012,90,37,53
212000013,23,24,-1
212000014,325,130,195
212000015,402,206,196
212000016,483,398,85
212000027,497,248,249
212000028,396,263,133
212000029,276,169,107
212000030,60,18,42
212000031,75,15,60
212000048,57,255,-198
212000049,14,214,-200
212000050,14,12,2
212000051,281,136,145
212000052,193,151,42
212000053,311,278,33
212000054,408,54,354
212000055,346,82,264
212000056,28,16,12
212000057,6,11,-5
212000058,118,14,104
212000070,105,123,-18
212000077,132,385,-253
212000099,339,191,148
212000108,217,69,148
212000111,322,41,281
212000120,113,53,60
212000138,132,26,106
212000156,1,70,-69
212000158,9,30,-21
212000159,695,40,655
212000160,900,162,738
212000161,92,5,87
212000310,66,15,51
212000311,6,40,-34
212000374,42,14,28
213000001,29,356,-327
213000005,444,93,351
213000006,815,247,568
213000007,88,13,75
213000009,426,324,102
213000010,242,211,31
213000011,191,87,104
213000012,126,228,-102
213000014,53,15,38
213000015,271,10,261
213000016,450,1,449
213000017,114,0,114
213000018,7,36,-29
213000019,0,85,-85
213000020,136,211,-75
213000021,5,101,-96
213000023,474,264,210
213000033,350,1472,-1122
213000034,500,191,309
213000035,197,220,-23
213000045,237,252,-15
213000046,198,146,52
213000047,367,1096,-729
213000056,139,44,95
213000069,64,1,63
213000073,4,48,-44
213000074,94,326,-232
213000075,523,8,515
213000076,27,3,24
213000085,10,33,-23
213000086,14,111,-97
213000091,349,19,330
213000092,82,16,66
213000099,157,1056,-899
213000100,923,286,637
213000101,539,78,461
213000102,681,152,529
213000103,981,626,355
213000104,69,299,-230
213000105,94,1255,-1161
213000106,37,74,-37
213000107,208,230,-22
213000108,38,325,-287
213000109,27,188,-161
213000110,30,142,-112
213000111,5,87,-82
213000112,91,95,-4
213000115,60,9,51
213000116,58,291,-233
213000117,7,452,-445
213000118,782,244,538
213000119,34,399,-365
213000120,106,232,-126
213000122,139,321,-182
213000123,235,601,-366
213000124,182,1251,-1069
213000125,199,40,159
213000126,42,158,-116
213000127,61,281,-220
213000128,234,1115,-881
213000129,254,769,-515
213000130,1066,363,703
213000132,670,98,572
213000133,973,87,886
213000134,1123,24,1099
213000136,565,17,548
213000137,688,60,628
213000139,140,9,131
213000147,48,9,39
213000148,10,10,0
213000149,24,7,17
213000150,0,197,-197
213000151,2,131,-129
213000152,2,108,-106
213000153,3,161,-158
213000154,51,347,-296
213000155,59,152,-93
213000156,98,291,-193
213000157,793,352,441
213000158,393,694,-301
213000159,758,371,387
213000163,1430,117,1313
213000165,936,369,567
213000171,2,44,-42
213000172,2,138,-136
213000173,1,114,-113
213000174,1,69,-68
213000175,9,53,-44
213000176,61,35,26
213000177,138,3,135
213000178,274,10,264
213000179,338,0,338
213000180,261,0,261
213000184,123,332,-209
213000188,508,95,413
213000189,662,32,630
213000190,868,548,320
213000191,518,252,266
213000192,295,186,109
213000193,467,244,223
213000194,0,130,-130
213000195,21,318,-297
213000196,223,1207,-984
213000197,550,613,-63
213000198,30,0,30
213000200,113,481,-368
213000201,30,34,-4
213000202,11,366,-355
213000203,2153,463,1690
213000204,972,52,920
213000205,515,51,464
213000206,521,39,482
213000207,107,6,101
213000208,71,0,71
213000209,139,2,137
213000210,235,1,234
213000211,20,23,-3
213000212,9,45,-36
213000213,21,53,-32
213000218,362,316,46
213000219,713,26,687
213000220,603,7,596
213000223,133,202,-69
213000224,14,49,-35
213000225,99,19,80
213000226,74,25,49
213000227,1182,164,1018
213000228,557,70,487
213000229,79,16,63
213000230,443,10,433
213000232,80,457,-377
213000233,13,485,-472
213000234,6,107,-101
213000293,28,65,-37
213000294,78,35,43
213000295,13,111,-98
213000296,58,24,34
213000297,9,66,-57
213000298,26,87,-61
213000299,56,25,31
213000300,8,2,6
213000303,3,23,-20
213000304,3,11,-8
213000305,2,22,-20
213000306,30,58,-28
213000307,75,101,-26
213000308,112,148,-36
213000309,217,72,145
213000310,469,271,198
213000311,222,821,-599
213000315,95,119,-24
213000316,157,70,87
213000322,122,67,55
213000323,196,63,133
213000324,99,26,73
213000325,101,44,57
213000326,77,18,59
213000327,76,22,54
213000328,61,133,-72
213000329,153,14,139
213000340,179,292,-113
213000341,670,81,589
213000346,209,337,-128
213000347,397,637,-240
213000348,4,237,-233
213000349,20,16,4
213000350,295,612,-317
213000366,92,149,-57
213000367,388,9,379
213000379,49,77,-28
213000386,36,163,-127
213000406,161,230,-69
213000417,1538,462,1076
213000425,304,53,251
213000426,209,34,175
213000427,81,104,-23
213000428,57,92,-35
213000429,5,3,2
213000430,106,283,-177
213000431,29,3,26
213000432,1,21,-20
213000433,21,89,-68
213000434,174,102,72
213000435,182,67,115
213000436,72,35,37
213000437,3,3,0
213000438,242,27,215
213000439,33,9,24
213000440,10,253,-243
213000441,0,2,-2
213000442,5,14,-9
213000443,507,223,284
213000444,65,21,44
213000445,0,65,-65
213000446,0,18,-18
213000447,0,52,-52
213000448,16,138,-122
213000449,715,17,698
213000450,20,38,-18
213000451,318,81,237
213000452,29,13,16
213000453,27,227,-200
213000455,172,30,142
213000456,1,191,-190
213000481,4,3,1
213000482,21,2,19
213000489,170,64,106
213000491,3,164,-161
213000492,105,2,103
213000493,5,133,-128
213000494,261,109,152
213000495,0,28,-28
213000496,504,117,387
213000497,36,210,-174
213000498,197,95,102
213000499,220,171,49
213000500,724,46,678
213000501,169,40,129
213000502,191,162,29
213000503,1,25,-24
213000504,20,33,-13
213000505,6,1,5
213000506,0,16,-16
213000507,0,113,-113
213900016,0,3,-3
213900244,67,0,67
213900245,0,8,-8
218000003,22,28,-6
218000004,25,33,-8
218000005,19,28,-9
218000006,78,48,30
218000007,34,10,24
218000012,161,148,13
218000013,163,162,1
218000014,391,359,32
218000019,471,508,-37
218000020,226,318,-92
218000021,41,43,-2
218000022,17,21,-4
218000023,4,13,-9
218000024,2,6,-4
218000025,5,17,-12
218000026,8,14,-6
218000027,2,4,-2
218000028,4,0,4
218000029,3,4,-1
218000030,8,10,-2
218000031,5,24,-19
218000032,0,35,-35
218000040,4,2,2
218000046,91,41,50
218000047,10,61,-51
218000048,86,69,17
218000049,60,42,18
218000050,295,105,190
218000051,63,91,-28
218000052,0,52,-52
218000053,2,14,-12
218000054,8,39,-31
218000055,1,13,-12
218000056,10,13,-3
218000057,0,14,-14
218000064,0,8,-8
218000065,76,18,58
218000066,13,29,-16
218000067,74,55,19
218000068,148,75,73
218000069,310,106,204
218000070,244,160,84
218000071,152,152,0
218000072,171,152,19
218000078,1262,409,853
218000079,219,57,162
218000080,237,59,178
218000081,691,140,551
218000082,76,82,-6
218000083,106,67,39
218000084,216,79,137
218000085,234,237,-3
218000086,112,115,-3
218000087,276,103,173
218000090,13,104,-91
218000091,1202,567,635
218000092,127,89,38
218000093,67,48,19
218000094,442,483,-41
218000099,308,658,-350
218000100,386,285,101
218000101,340,166,174
218000102,562,134,428
218000103,85,90,-5
218000104,97,28,69
218000105,25,31,-6
218000106,14,17,-3
218000107,117,45,72
218000108,0,29,-29
218000112,62,46,16
218000117,69,72,-3
218000134,658,361,297
218000135,19,90,-71
218000136,180,85,95
218000137,214,147,67
218000138,63,117,-54
218000139,197,228,-31
218000140,566,207,359
218000141,91,35,56
218000142,204,124,80
218000143,68,463,-395
218000144,48,171,-123
218000145,605,248,357
218000146,180,140,40
218000151,5,12,-7
218000152,105,53,52
218000153,5,9,-4
218000154,25,2,23
218000155,50,4,46
218000156,107,15,92
218000157,51,24,27
218000158,13,18,-5
218000159,7,20,-13
218000160,10,6,4
218000161,55,5,50
218000162,36,9,27
218000163,24,3,21
218000164,86,3,83
218000165,173,26,147
218000170,9,32,-23
218000171,53,7,46
218000172,8,9,-1
218000173,15,10,5
218000174,36,8,28
218000176,234,46,188
218000177,383,229,154
218000178,69,217,-148
218000179,106,93,13
218000180,88,48,40
218000181,195,29,166
218000187,8,36,-28
218000188,26,45,-19
218000189,38,69,-31
218000190,14,19,-5
218000191,248,52,196
218000192,254,128,126
218000193,513,255,258
218000194,145,263,-118
218000195,198,49,149
218000196,440,201,239
218000197,617,204,413
218000198,22,78,-56
218000199,43,22,21
218000200,67,30,37
218000201,28,10,18
218000202,57,344,-287
218000207,2,41,-39
218000208,24,66,-42
218000211,32,44,-12
218000212,1,16,-15
218000213,90,82,8
218000214,8,26,-18
218000215,31,29,2
218000217,4,29,-25
218000218,145,35,110
218000219,6,16,-10
218000220,24,341,-317
218000221,536,211,325
218000222,3,46,-43
218000223,43,347,-304
218000224,16,203,-187
218000225,270,34,236
218000226,260,66,194
218000230,0,10,-10
218000232,25,54,-29
218000239,118,15,103
218000240,8,1,7
218000241,22,1,21
218000242,6,9,-3
218000243,13,1,12
218000244,30,4,26
218000245,37,5,32
218000246,0,0,0
218000247,0,1,-1
218000248,0,25,-25
218000249,1,3,-2
218000250,7,22,-15
218000251,9,105,-96
218000252,2,640,-638
218000253,4,308,-304
218000254,1,85,-84
218000255,11,56,-45
218000256,15,126,-111
218000267,337,940,-603
218000268,5,41,-36
218000269,1,12,-11
218000270,151,41,110
218000271,6,27,-21
218000273,52,6,46
218000274,21,5,16
218000275,35,52,-17
218000276,16,12,4
218000278,6,33,-27
218000279,115,49,66
218000280,3,19,-16
218000281,15,15,0
218000282,466,658,-192
218000284,79,6,73
218000301,91,167,-76
218000302,89,40,49
218000303,26,79,-53
218000316,997,702,295
218000317,1876,568,1308
218000318,1383,428,955
218000319,1452,685,767
218000320,1007,442,565
218000338,34,23,11
218000345,94,70,24
218000346,45,219,-174
218000459,17,115,-98
218000490,18,31,-13
218000501,129,32,97
218000502,59,28,31
218000503,135,30,105
218000504,112,19,93
218000505,38,64,-26
218000506,23,152,-129
218000508,5,6,-1
218000510,119,22,97
218000520,120,116,4
218000521,6,44,-38
218000522,0,147,-147
218000523,116,3,113
218000524,14,201,-187
218000525,125,10,115
218000526,25,149,-124
218000529,52,84,-32
218000530,24,6,18
218000531,17,21,-4
218000532,20,19,1
218000534,186,31,155
218000537,20,102,-82
218000538,130,847,-717
218000540,159,155,4
218000543,165,66,99
218000544,43,46,-3
218000545,118,93,25
218000546,48,58,-10
218000547,161,170,-9
218000548,135,77,58
218000549,704,443,261
218000550,206,179,27
218000551,64,581,-517
218000552,235,60,175
218000553,30,88,-58
218000554,35,25,10
218000555,22,59,-37
218000556,226,127,99
218000557,419,117,302
218000558,60,1,59
218000559,0,31,-31
218000560,0,48,-48
218000561,16,0,16
218000562,25,146,-121
218000563,166,27,139
218000564,5,135,-130
218000565,125,30,95
218000566,97,34,63
218000567,2,104,-102
218000568,22,4,18
218000569,5,182,-177
218000570,64,7,57
218000571,0,135,-135
218000572,137,3,134
218000573,5,190,-185
218000574,28,16,12
218000575,134,1,133
218000576,2,99,-97
218000577,119,3,116
218000578,1,87,-86
218000579,43,51,-8
218000581,8,46,-38
218000582,64,7,57
218000583,7,0,7
218000584,0,25,-25
218000585,30,8,22
218000586,9,42,-33
218000587,1,1,0
218000588,1,0,1
218000589,0,5,-5
218000590,5,4,1
218000591,1,4,-3
218000592,5,17,-12
218000593,0,0,0
218000594,0,2,-2
218000595,0,0,0
218000596,0,0,0
218000597,0,0,0
218000598,0,0,0
218000599,0,1,-1
218000600,0,2,-2
218000601,0,0,0
218000602,0,1,-1
218000603,0,7,-7
218000604,35,3,32
218000605,1,39,-38
218000606,114,0,114
218000607,23,42,-19
218000608,56,18,38
218000609,9,50,-41
218000610,69,6,63
218000611,39,3,36
218000612,15,46,-31
218000613,60,0,60
218000614,1,44,-43
218000615,135,1,134
218000616,9,116,-107
218000617,11,2,9
218000618,1,28,-27
218000619,95,48,47
218000620,29,25,4
218000621,0,2,-2
218000622,0,33,-33
218000623,33,1,32
218000624,0,38,-38
218000625,2,1,1
218000626,1,45,-44
218000628,228,73,155
218000631,33,19,14
218000632,1,182,-181
218000633,102,3,99
218000634,5,24,-19
218000635,8,20,-12
218000636,1017,593,424
218000637,1358,292,1066
218000638,360,33,327
218000639,26,44,-18
218000640,527,28,499
218000641,83,137,-54
218000652,33,21,12
218000653,267,64,203
218000663,2,74,-72
218000675,33,36,-3
218000676,1,9,-8
218000677,17,7,10
218000680,207,228,-21
218000681,409,144,265
218000691,252,92,160
218000693,427,115,312
218000703,4,14,-10
218000718,81,608,-527
218000719,160,390,-230
218000720,16,382,-366
218000721,67,51,16
218000725,13,4,9
218001147,3,10,-7
218001214,6,315,-309
218001258,131,2,129
218001329,73,111,-38
218001330,69,51,18
218001351,40,8,32
218001352,14,18,-4
218001353,6,7,-1
218001354,4,24,-20
218001355,5,43,-38
218001356,569,20,549
218001357,2,21,-19
218001358,425,3,422
218001361,406,2,404
218001362,0,11,-11
219000001,37,57,-20
219000002,13,59,-46
219000003,64,51,13
219000004,38,51,-13
219000017,59,73,-14
219000020,178,54,124
219000022,91,4,87
219000023,123,0,123
219000029,0,40,-40
219000034,40,18,22
219000039,69,262,-193
219000040,42,132,-90
219000041,153,37,116
219000051,0,31,-31
219000052,0,22,-22
219000053,0,53,-53
219000054,23,87,-64
219000055,327,1,326
219000056,18,0,18
219000057,98,0,98
219000062,10,74,-64
219000063,138,8,130
219000064,3,51,-48
219000110,306,117,189
219000111,70,58,12
219000112,223,71,152
219000113,189,58,131
219000114,150,96,54
219000116,160,55,105
219000117,174,77,97
219000118,221,94,127
219000123,138,55,83
219000124,66,50,16
219000125,14,11,3
219000126,52,148,-96
219000127,0,10,-10
219000128,3,91,-88
219000129,19,129,-110
219000130,150,553,-403
219000131,673,898,-225
219000133,50,72,-22
219000134,20,22,-2
219000135,18,93,-75
219000136,58,162,-104
219000138,73,22,51
219000139,79,25,54
219000140,81,5,76
219000141,43,49,-6
219000142,15,51,-36
219000143,9,34,-25
219000145,15,53,-38
219000146,18,32,-14
219000147,4,18,-14
219000148,7,17,-10
219000149,11,37,-26
219000150,5,45,-40
219000151,2,10,-8
219000157,287,112,175
219000158,117,164,-47
219000161,135,11,124
219000163,942,431,511
219000166,114,189,-75
219000167,110,137,-27
219000168,275,85,190
219000174,484,147,337
219000175,136,5,131
219000176,200,11,189
219000177,131,4,127
219000178,126,2,124
219000179,29,5,24
219000180,43,27,16
219000182,164,28,136
219000183,94,35,59
219000184,142,14,128
219000185,4,27,-23
219000186,88,18,70
219000187,21,55,-34
219000189,27,178,-151
219000190,57,216,-159
219000191,227,1836,-1609
219000192,189,183,6
219000193,114,127,-13
219000195,1,41,-40
219000196,7,91,-84
219000198,8,75,-67
219000199,37,156,-119
219000200,46,111,-65
219000201,61,154,-93
219000203,25,111,-86
219000204,94,309,-215
219000205,103,285,-182
219000207,91,218,-127
219000209,35,49,-14
219000210,20,41,-21
219000213,5,154,-149
219000239,162,230,-68
219000240,199,302,-103
219000241,135,107,28
219000242,43,112,-69
219000243,87,211,-124
219000244,20,53,-33
219000245,22,30,-8
219000246,31,27,4
219000247,203,16,187
219000248,485,512,-27
219000249,183,128,55
219000250,197,119,78
219000251,584,276,308
219000252,216,168,48
219000253,393,74,319
219000255,170,133,37
219000256,276,60,216
219000257,167,0,167
219000262,71,82,-11
219000263,66,88,-22
219000267,3,39,-36
219000268,3,3,0
219000269,3,1,2
219000270,12,0,12
219000271,184,6,178
219000278,0,3,-3
219000279,2,6,-4
219000283,0,11,-11
219000295,20,54,-34
219000296,85,200,-115
219000297,47,59,-12
219000298,12,65,-53
219000299,406,76,330
219000300,41,72,-31
219000301,115,247,-132
219000302,19,170,-151
219000307,29,14,15
219000308,62,75,-13
219000311,222,66,156
219000312,527,142,385
219000313,397,58,339
219000314,39,164,-125
219000315,332,49,283
219000316,663,53,610
219000317,198,13,185
219000320,0,46,-46
219000321,0,10,-10
219000323,9,68,-59
219000325,1,10,-9
219000326,44,37,7
219000327,40,21,19
219000328,25,40,-15
219000329,301,110,191
219000330,37,27,10
219000331,62,38,24
219000332,152,107,45
219000333,41,1,40
219000335,132,2,130
219000337,27,0,27
219000338,42,2,40
219000344,29,66,-37
219000345,41,73,-32
219000346,33,46,-13
219000348,143,54,89
219000349,67,84,-17
219000350,112,510,-398
219000351,1,16,-15
219000352,393,77,316
219000353,148,64,84
219000354,235,83,152
219000355,149,52,97
219000356,581,1486,-905
219000363,226,69,157
219000364,141,49,92
219000365,108,19,89
219000366,271,533,-262
219000368,316,533,-217
219000370,779,595,184
219000371,3,20,-17
219000382,6,25,-19
219000383,252,1500,-1248
219000385,308,565,-257
219000386,468,1956,-1488
219000387,1,16,-15
219000390,5,1,4
219000391,2,1,1
219000397,45,40,5
219000398,44,45,-1
219000401,7,72,-65
219000402,36,63,-27
219000403,94,316,-222
219000404,25,107,-82
219000407,5,39,-34
219000409,66,52,14
219000410,151,56,95
219000411,117,18,99
219000446,65,507,-442
219000447,0,20,-20
219000448,30,12,18
219000452,78,65,13
219000453,55,219,-164
219000454,168,291,-123
219000556,344,70,274
219000558,129,101,28
219000590,25,178,-153
219000591,167,82,85
219000592,71,185,-114
219000595,2,18,-16
219000635,174,39,135
219000636,44,44,0
219000657,28,21,7
219000658,31,197,-166
219000673,1,63,-62
219000676,14,15,-1
219000679,45,2,43
219000684,144,4,140
219000685,0,31,-31
219000686,1,2,-1
219000688,2,43,-41
219000689,10,171,-161
219000690,154,28,126
219000691,37,134,-97
219000692,125,27,98
219000693,0,12,-12
219000694,37,0,37
219000695,44,4,40
219000698,8,0,8
219000699,0,17,-17
219000727,0,64,-64
219000728,175,3,172
219000770,63,2,61
219000771,0,62,-62
219000788,247,269,-22
219001150,3,65,-62
219001151,2,6,-4
219001166,24,36,-12
219001167,1,67,-66
219001178,49,2,47
220000001,29,127,-98
220000002,7,81,-74
220000003,325,147,178
220000004,370,295,75
220000005,653,1878,-1225
220000006,141,652,-511
220000007,412,249,163
220000008,338,390,-52
220000009,294,306,-12
220000010,106,75,31
220000011,424,3293,-2869
220000012,63,250,-187
220000014,171,56,115
220000015,66,407,-341
220000017,29,211,-182
220000018,5223,2353,2870
220000019,94,453,-359
220000020,434,180,254
220000021,870,157,713
220000022,1212,333,879
220000023,407,179,228
220000024,1346,517,829
220000025,1181,2046,-865
220000026,361,774,-413
220000027,23,139,-116
220000028,55,57,-2
220000029,31,69,-38
220000030,54,67,-13
220000031,783,336,447
220000064,37,985,-948
221000046,3,1,2
221000047,0,0,0
221000048,0,1,-1
221000049,0,5,-5
221000050,15,0,15
221000055,36,26,10
221000057,77,6,71
221000068,264,92,172
221000069,337,53,284
221000070,245,23,222
221000071,123,7,116
221000072,257,9,248
221000073,195,33,162
221000074,2,13,-11
221000075,15,24,-9
221000076,11,15,-4
221000077,23,90,-67
221000081,14,7,7
221000082,89,7,82
221000083,4,6,-2
221000084,12,5,7
221000085,14,39,-25
221000086,8,71,-63
221000087,2,104,-102
221000088,7,99,-92
221000089,27,186,-159
221000090,41,457,-416
221000098,129,13,116
221000099,177,11,166
221000100,107,6,101
221000101,202,18,184
221000102,140,16,124
221000109,10,76,-66
221000110,4,35,-31
221000111,12,74,-62
221000112,3,87,-84
221000113,17,81,-64
221000114,6,87,-81
221000120,28,40,-12
221000121,6,43,-37
221000122,33,36,-3
221000123,3,10,-7
221000124,13,137,-124
221000155,143,10,133
221000156,83,40,43
221000175,3,6,-3
221000176,0,0,0
221000182,55,7,48
221000241,527,311,216
221000242,94,264,-170
221000243,558,199,359
221000244,247,386,-139
221000245,118,56,62
221000246,31,229,-198
221000247,127,75,52
221000248,102,61,41
221000267,35,473,-438
221000325,25,40,-15
221000331,2,52,-50
221000338,27,33,-6
221000378,285,33,252
221000381,35,39,-4
222000282,4,4,0
222000296,0,10,-10
222000568,416,25,391
222000569,241,55,186
222000570,197,25,172
222000571,633,19,614
222000577,26,103,-77
222000578,18,102,-84
222000579,16,73,-57
222000580,65,432,-367
222000599,0,139,-139
222000600,0,145,-145
222000601,7,667,-660
222000603,8,50,-42
222000604,5,52,-47
222000605,25,35,-10
222000606,1,15,-14
222000607,12,5,7
222000608,41,15,26
222000609,55,90,-35
222000616,579,36,543
222000617,3,30,-27
222000618,2,9,-7
222000620,21,33,-12
222000621,39,18,21
222000623,746,13,733
222000624,520,2,518
222000625,987,8,979
222000636,74,6,68
222000686,18,25,-7
222000687,49,35,14
222001066,382,6,376
222001067,44,4,40
222001068,100,19,81
222001069,123,22,101
222001082,20,17,3
222001083,39,19,20
222001084,0,67,-67
222001085,0,144,-144
222001111,77,48,29
222001112,240,23,217
222001313,66,10,56
222001314,14,87,-73
222001464,41,36,5
222001465,7,63,-56
222001484,169,37,132
222001485,26,50,-24
222001494,813,152,661
222001495,109,73,36
222001496,482,85,397
222001497,83,160,-77
222001502,16,54,-38
222001503,172,29,143
222001504,28,151,-123
222001505,434,9,425
222001506,41,220,-179
222001507,291,25,266
222001510,772,20,752
222001511,35,132,-97
222001514,847,172,675
222001515,112,216,-104
222001518,559,63,496
222001519,44,79,-35
222001527,227,63,164
222001528,16,96,-80
222001529,502,31,471
222001530,65,104,-39
222001533,94,159,-65
222001534,490,46,444
222001535,408,266,142
222001536,74,116,-42
222001537,438,61,377
222001538,94,308,-214
222001563,1103,127,976
222001564,47,188,-141
222001568,213,188,25
222001576,0,3,-3
222001579,0,12,-12
222001583,13,57,-44
222001584,112,20,92
222001596,429,1212,-783
222001597,1407,626,781
222001626,1,76,-75
222001650,35,255,-220
222001651,30,351,-321
222001914,220,58,162
222001915,30,106,-76
222001968,514,204,310
222001969,262,318,-56
222001970,161,206,-45
222001971,62,7,55
222001972,2,11,-9
225000001,395,131,264
225000002,676,155,521
225000003,885,70,815
225000004,490,212,278
225000005,69,41,28
225000006,0,137,-137
225000007,773,1078,-305
225000010,347,26,321
225000011,297,1044,-747
225000012,259,596,-337
225000013,93,106,-13
225000014,591,117,474
225000015,66,77,-11
225000021,673,154,519
225000027,126,316,-190
225000032,676,108,568
225000042,61,353,-292
225000049,55,42,13
225000050,115,10,105
225000053,4,191,-187
225000058,513,192,321
225000067,254,112,142
225000068,55,155,-100
225000069,89,293,-204
225000070,116,196,-80
225000071,33,65,-32
225000075,8,416,-408
225000076,37,85,-48
225000078,67,30,37
225000085,133,98,35
225000086,288,61,227
225000087,120,14,106
225000088,13,149,-136
225000089,68,772,-704
225000090,39,406,-367
225000091,144,100,44
225000092,47,47,0
225000093,258,137,121
225000094,16,145,-129
225000095,189,186,3
225000096,168,298,-130
225000098,717,267,450
225000099,346,148,198
225000100,559,126,433
225000104,78,257,-179
225000110,6,223,-217
225000111,157,478,-321
225000112,191,632,-441
225000113,169,500,-331
225000114,90,201,-111
225000115,815,478,337
225000116,617,131,486
225000117,753,230,523
225000118,1020,264,756
225000119,340,82,258
225000120,853,32,821
225000121,155,27,128
225000123,458,13,445
225000125,594,102,492
225000126,609,144,465
225000127,580,1570,-990
225000128,449,934,-485
225000132,465,38,427
225000133,324,23,301
225000134,708,120,588
225000135,57,20,37
225000136,423,19,404
225000137,255,48,207
225000138,481,117,364
225000143,36,184,-148
225000144,3,251,-248
225000145,57,17,40
225000146,72,34,38
225000147,43,99,-56
225000148,5,101,-96
225000149,44,211,-167
225000151,29,117,-88
225000155,259,250,9
225000156,151,694,-543
225000157,287,225,62
225000158,86,155,-69
225000171,0,113,-113
225000180,19,0,19
225000181,0,42,-42
225000182,98,6,92
225000185,2,330,-328
225000187,34,287,-253
225000191,65,1,64
225000194,0,24,-24
225000208,2,36,-34
225000209,90,13,77
225000210,2,210,-208
225000217,0,9,-9
225000218,9,1,8
225000223,1,41,-40
225000224,51,0,51
225000225,0,7,-7
225000226,9,2,7
225000227,34,44,-10
225000228,6,21,-15
225000229,1,30,-29
225000230,49,1,48
225000231,0,23,-23
225000232,205,0,205
225000241,74,0,74
225000242,1,35,-34
225000249,4,0,4
225000250,67,465,-398
225000251,457,40,417
225000254,3,1,2
225000256,1,30,-29
225000257,2,9,-7
226000042,173,261,-88
226000043,50,185,-135
226000044,98,185,-87
226000045,44,187,-143
226000046,610,51,559
226000047,473,81,392
226000048,410,94,316
226000049,354,147,207
226000070,0,22,-22
226000071,0,31,-31
226000072,0,8,-8
226000073,0,8,-8
226000074,0,9,-9
226000084,1,20,-19
226000085,1,4,-3
226000086,0,7,-7
226000087,0,18,-18
226000088,13,64,-51
226000090,100,129,-29
226000091,19,63,-44
226000092,1,41,-40
226000093,11,3,8
226000094,13,2,11
226000095,10,1,9
226000105,14,4,10
226000106,14,0,14
226000107,9,0,9
226000108,16,0,16
226000109,120,1,119
226000124,145,56,89
226000134,1223,630,593
226000135,1983,523,1460
226000136,750,367,383
226000137,5,116,-111
226000138,10,78,-68
226000139,1,28,-27
226000156,238,4,234
226000157,262,7,255
226000163,24,218,-194
226000202,9,90,-81
226000231,442,7,435
226000232,35,7,28
227000033,457,43,414
227000036,474,19,455
227000037,514,21,493
227000038,167,23,144
227000084,4,76,-72
227000085,0,57,-57
227000088,50,5,45
227000089,68,0,68
227000090,40,3,37
227000091,13,1,12
227000092,28,0,28
227000093,108,0,108
227000094,12,1,11
227000130,26,129,-103
227000131,19,119,-100
227000132,1,99,-98
227000133,10,87,-77
227000134,13,199,-186
227000152,0,8,-8
227000153,0,73,-73
227000154,0,43,-43
227000155,1,22,-21
227000156,1,24,-23
227000165,0,85,-85
227000196,552,121,431
227000199,455,193,262
227000230,10,147,-137
227000232,691,52,639
227000242,39,336,-297
227000243,517,51,466
227000245,13,170,-157
227000246,83,245,-162
227000247,540,53,487
227000248,196,69,127
227000249,23,95,-72
227000250,386,216,170
227000251,75,226,-151
227000252,45,142,-97
227000253,244,13,231
227000262,529,38,491
227000266,1807,22,1785
227000267,16,645,-629
227000282,6,76,-70
227000284,769,18,751
227000286,5,32,-27
227000287,18,39,-21
227000291,5,171,-166
227000296,181,180,1
227000484,203,9,194
227000485,11,452,-441
227000655,268,10,258
227000656,706,28,678
227000657,111,9,102
227000661,286,19,267
227000680,149,89,60
229000265,24,29,-5
229000296,1,27,-26
229000297,2,37,-35
229000298,4,102,-98
229000320,12,3,9
229000321,20,3,17
229000412,7,64,-57
229000414,11,43,-32
229000415,7,0,7
229000416,3,11,-8
229000417,3,4,-1
229000419,69,302,-233
229000440,367,79,288
229000442,36,17,19
229000443,3,3,0
229000444,0,28,-28
229000445,74,6,68
229000446,102,10,92
229000491,4,20,-16
229000492,6,30,-24
229000493,8,45,-37
229000494,62,2,60
229000495,211,1,210
229000496,101,5,96
229000507,0,50,-50
229000508,0,31,-31
229000509,1,59,-58
229000510,5,22,-17
229000511,2,30,-28
229000512,0,7,-7
229000513,0,4,-4
229000514,0,0,0
229000517,0,3,-3
229000518,7,16,-9
229000519,0,3,-3
229000520,9,23,-14
229000521,59,11,48
229000522,11,3,8
229000523,9,4,5
229000524,6,3,3
229000527,2,2,0
229000528,0,0,0
229000529,18,0,18
229000530,101,4,97
229000531,48,2,46
229000532,22,0,22
229000533,93,0,93
229000534,43,0,43
229000564,105,0,105
229000565,39,0,39
229000566,0,7,-7
229000567,0,18,-18
229000582,94,2,92
229000583,6,3,3
229000584,0,19,-19
229000585,0,70,-70
229000718,0,1,-1
229000719,0,2,-2
229000720,0,4,-4
229000721,0,12,-12
229000722,0,10,-10
229000723,0,9,-9
229000724,0,1,-1
229000725,0,3,-3
229000738,2,0,2
229000739,0,0,0
229000740,2,0,2
229000741,30,0,30
229000742,15,0,15
229000743,17,0,17
229000744,0,0,0
229000745,1,0,1
229000746,16,0,16
229000847,74,1,73
229000848,23,0,23
229000849,142,0,142
229000851,86,0,86
229000854,0,7,-7
229000856,0,14,-14
229000857,0,10,-10
229000858,0,17,-17
229000919,6,54,-48
229000930,3,195,-192
229000937,100,3,97
229000966,37,38,-1
229000981,26,13,13
229000985,23,35,-12
229000986,0,6,-6
229000987,0,2,-2
229000988,7,2,5
229000989,9,6,3
229000990,0,3,-3
229000991,0,1,-1
229000992,36,4,32
229000993,152,5,147
229000998,8,67,-59
229000999,91,8,83
229001034,0,9,-9
229001035,6,0,6
229001037,43,7,36
229001042,33,5,28
229001047,2,29,-27
229001050,30,29,1
229001168,0,14,-14
229001200,23,12,11
229001338,4,10,-6
229001394,195,2,193
229001422,123,22,101
229001423,29,65,-36
229001431,48,25,23
229001432,32,55,-23
229001444,272,36,236
229001445,49,103,-54
229001479,31,3,28
229001503,231,60,171
229001504,103,50,53
229001505,152,40,112
229001506,101,50,51
229001509,28,11,17
229001545,116,6,110
229001546,7,59,-52
229001553,80,15,65
229001554,36,50,-14
229001559,1,2,-1
229001560,1,12,-11
229001630,51,2,49
229001631,2,30,-28
229001635,0,14,-14
229001636,0,0,0
229001658,1,79,-78
229001659,94,4,90
229001660,9,5,4
229001661,4,20,-16
229001662,11,0,11
229001663,0,8,-8
229002584,233,185,48
229002831,101,119,-18
229002841,16,12,4
229002842,21,17,4
229002843,70,21,49
229002844,36,51,-15
229002845,16,89,-73
229002846,37,11,26
229002847,0,5,-5
229002848,20,4,16
229002849,8,53,-45
229002850,10,0,10
229002851,21,122,-101
229002852,161,9,152
229002853,135,21,114
229002854,60,69,-9
229002855,12,28,-16
229002856,50,23,27
229002857,12,106,-94
229002858,15,4,11
229002859,15,44,-29
229002860,70,12,58
229002861,69,79,-10
229002862,39,27,12
229002863,40,22,18
229002864,35,23,12
229002865,11,14,-3
229002866,13,16,-3
229002867,6,32,-26
229002868,3,12,-9
229002869,18,88,-70
229002870,75,13,62
235000066,195,21,174
235000067,79,57,22
235000072,37,78,-41
235000073,85,395,-310
235000074,64,29,35
235000080,20,43,-23
235000081,104,46,58
235000082,156,25,131
235000083,287,50,237
235000084,49,49,0
235000085,253,41,212
235000089,42,14,28
235000092,53,127,-74
235000093,15,3,12
235000097,3,9,-6
235000098,61,3,58
235000099,55,19,36
235000116,38,6,32
235000117,312,13,299
235000133,10,548,-538
235000134,14,198,-184
235000206,11,8,3
235000207,1,8,-7
235000208,4,6,-2
235000209,11,3,8
235000210,7,2,5
235000212,1,11,-10
235000213,1,5,-4
235000220,0,7,-7
235000221,42,18,24
235000238,8,156,-148
235000239,2,35,-33
235000242,324,858,-534
235000245,270,174,96
235000246,10,55,-45
235000284,10,144,-134
235000295,65,21,44
235000305,326,21,305
235000306,398,10,388
235000307,25,2,23
235000308,21,0,21
235000309,75,1,74
235000310,51,0,51
235000311,45,24,21
235000322,0,42,-42
235000323,1,43,-42
235000324,1,20,-19
235000325,0,18,-18
235000326,5,60,-55
235000351,0,62,-62
235000352,13,46,-33
235000353,6,23,-17
235000354,13,138,-125
235000355,19,91,-72
235000356,68,3,65
235000357,48,4,44
235000358,29,8,21
235000359,18,5,13
235000360,54,1,53
235000361,51,3,48
235000381,109,51,58
235000382,251,29,222
235000390,8,4,4
235000391,187,14,173
235000392,240,205,35
235000393,174,140,34
235000395,144,34,110
235000396,592,62,530
235000400,92,56,36
235000401,5,80,-75
235000405,107,107,0
235000406,19,113,-94
235000407,42,57,-15
235000409,104,48,56
235000410,36,153,-117
235000411,0,21,-21
235000485,0,17,-17
235000486,18,0,18
235000549,118,77,41
235000550,116,66,50
235000599,247,45,202
235000600,4,15,-11
235000601,27,19,8
235000602,124,30,94
235000614,4,5,-1
235000648,0,8,-8
235000649,31,5,26
235000685,6,3,3
235000815,13,465,-452
235000834,0,6,-6
235000855,55,46,9
235000862,18,50,-32
235000891,0,8,-8
235000892,28,1,27
235000901,188,44,144
235000907,8,15,-7
235001010,92,35,57
235001029,193,144,49
235001030,344,162,182
235001078,98,75,23
235001079,48,54,-6
235001147,11,58,-47
235001166,6,38,-32
235001167,64,22,42
235001169,24,362,-338
235001188,0,7,-7
235001189,5,2,3
235001197,0,5,-5
235001200,74,56,18
235001207,148,30,118
235001210,4,88,-84
235001215,12,76,-64
235001239,0,51,-51
235001244,1,12,-11
235016267,0,56,-56
277101746,0,1,-1
277102712,35,46,-11
277103813,0,0,0
277103898,0,0,0
277104249,0,3,-3
277104250,0,6,-6
277104251,0,3,-3
277104252,0,1,-1
990011530,0,163,-163
990014944,1,244,-243
990015176,46,29,17
990015618,2,143,-141
990016032,0,183,-183
990032570,12,225,-213
990070001,71,4,67
990070103,2,2,0
990070601,0,50,-50
990070751,1357,4,1353
990070766,0,183,-183
990071180,547,172,375
990071343,23,1,22
990071387,0,15,-15
990071823,397,2,395
990072600,1,1373,-1372
990072964,1,341,-340
990073285,0,2,-2
990074393,2,548,-546
990074870,1704,22,1682
990075106,687,8,679
990075746,622,12,610
990076437,2218,0,2218
990076458,1,285,-284
997000007,322,8,314
997000041,1,291,-290
997000058,56,2,54
997000062,32,4,28
997000069,0,4,-4
997000070,0,26,-26
997000100,66,1,65
997000141,9,1719,-1710
997000198,2,968,-966
998000475,0,2,-2
998000736,0,81,-81
998000965,0,12,-12
998001031,0,70,-70
998001700,0,33,-33
998001899,0,2,-2
998001900,6,1,5
998003073,1003,19,984
998101900,0,0,0
998102850,2,318,-316
998501927,464,1156,-692
998501929,102,2,100
998501930,43,1,42
998501931,194,38,156
998501932,2,3,-1
998501933,67,1,66
998501937,19,0,19
998501944,9,0,9
998501950,0,0,0
998501970,148,24,124
998501971,0,62,-62
998501973,0,32,-32
998501974,0,161,-161
998501975,78,1,77
998501976,95,2,93
998501977,0,11,-11
998501978,23,15,8
998501979,0,4,-4
998501980,140,3,137
998501981,20,0,20
998501982,0,95,-95
998502006,0,0,0
998502024,0,7,-7
998502032,0,5,-5
998502062,50,39,11
998502063,0,0,0
998502173,5,0,5
998502269,0,1,-1
998601159,2,46,-44
998601292,0,10,-10
999033574,0,184,-184
999800001,46,3,43
999800002,0,4,-4
999800003,1,2,-1
999800004,0,5,-5
999800005,0,3,-3
