ID,insum,outsum,diff
100000001,1212,579,633
100000002,4744,7314,-2570
100000003,5624,6260,-636
100000004,320,1279,-959
100000005,4455,5868,-1413
100000006,876,1935,-1059
100000007,3182,1954,1228
100000008,154,927,-773
100000009,290,1899,-1609
100000010,49,3395,-3346
100000011,551,454,97
100000012,52,366,-314
100000013,13,377,-364
100000014,119,3761,-3642
100000015,1406,2500,-1094
100000016,404,2770,-2366
100000017,347,4422,-4075
100000018,965,1261,-296
100000019,3271,3004,267
100000020,1395,7116,-5721
100000021,9660,1983,7677
100000022,787,5195,-4408
100000023,5985,1996,3989
100000025,619,2095,-1476
100000028,405,2574,-2169
100000029,56,1151,-1095
100000030,60,21,39
100000031,2398,9424,-7026
100000032,2195,5925,-3730
100000033,1544,4653,-3109
100000034,117,1757,-1640
100000035,874,1897,-1023
100000036,573,2906,-2333
100000037,1019,542,477
100000038,4324,1327,2997
100000039,308,741,-433
100000040,1297,347,950
100000041,2810,1370,1440
100000042,1702,444,1258
100000043,917,182,735
100000044,214,244,-30
100000045,372,515,-143
100000046,464,520,-56
100000047,208,318,-110
100000048,272,707,-435
100000049,1578,1214,364
100000051,672,520,152
100000053,106,11,95
100000054,376,38,338
100000055,579,197,382
100000056,409,497,-88
100000057,3371,646,2725
100000058,1400,447,953
100000059,116,336,-220
100000060,1291,475,816
100000061,3860,765,3095
100000062,2404,985,1419
100000063,1934,536,1398
100000064,3272,425,2847
100000065,439,509,-70
100000066,200,423,-223
100000067,286,890,-604
100000068,424,2205,-1781
100000069,527,1138,-611
100000072,212,516,-304
100000073,1238,815,423
100000075,1160,112,1048
100000076,1695,12863,-11168
100000077,125,796,-671
100000078,4,66,-62
100000079,19,61,-42
100000080,7,48,-41
100000081,26,127,-101
100000102,2383,5863,-3480
100000103,1668,7058,-5390
100000104,4103,3543,560
100000105,1438,2451,-1013
100000106,781,3907,-3126
100000107,96,1587,-1491
100000108,514,1160,-646
100000109,570,1891,-1321
100000116,241,593,-352
100000117,62,190,-128
100000118,599,1582,-983
100000119,1129,1110,19
100000121,222,495,-273
100000122,604,2456,-1852
100000123,1439,2484,-1045
100000124,2096,2528,-432
100000125,6763,2289,4474
100000126,535,869,-334
100000127,1721,1091,630
100000128,566,3755,-3189
100000129,315,844,-529
100000130,1306,272,1034
100000131,940,1451,-511
100000132,1149,1641,-492
100000133,1545,983,562
100000135,813,1195,-382
100000139,199,668,-469
100000140,175,154,21
100000142,960,787,173
100000143,949,509,440
100000144,1602,364,1238
100000147,1643,5787,-4144
100000150,193,550,-357
100000151,294,1950,-1656
100000153,35,568,-533
100000154,16,826,-810
100000155,3,69,-66
100000156,94,187,-93
100000157,361,200,161
100000158,185,181,4
100000159,113,1222,-1109
100000165,678,583,95
100000169,40,3073,-3033
100000174,445,1827,-1382
100000179,41,935,-894
100000180,1498,5111,-3613
100000181,505,273,232
100000188,138,101,37
100000189,1162,794,368
100000190,500,1758,-1258
100000191,802,469,333
100000192,15,220,-205
100000193,415,205,210
100000330,705,1095,-390
100000355,286,645,-359
100000362,2294,943,1351
100000363,8406,9243,-837
100000364,100,245,-145
100000365,6097,9769,-3672
100000366,1800,1176,624
100000367,5814,6811,-997
100000368,1773,1411,362
100000369,476,2842,-2366
100000370,110,1306,-1196
100000376,24,514,-490
100000379,752,4746,-3994
100000380,3019,8429,-5410
100000384,5567,7566,-1999
100000385,1235,5134,-3899
100000386,1287,7608,-6321
100000387,3324,8517,-5193
100000388,1756,4415,-2659
100000389,4992,6948,-1956
100000390,3045,3138,-93
100000391,2757,6733,-3976
100000392,500,2104,-1604
100000393,550,4161,-3611
100000394,1629,5253,-3624
100000395,705,4441,-3736
100000396,748,2070,-1322
100000397,1490,6890,-5400
100000398,5710,4061,1649
100900002,13,11,2
100900003,849,411,438
100900004,9,554,-545
100900005,220,35,185
100900006,30,19,11
100900007,402,3,399
100900008,0,241,-241
100900009,69,24,45
100900010,32,13,19
100900011,229,176,53
100900012,0,27,-27
100900013,1642,23,1619
100900014,1,3,-2
100900015,68,41,27
100900016,1,8,-7
100900017,2254,101,2153
100900018,0,11,-11
100900019,64,64,0
100900020,526,0,526
100900021,877,3,874
100900022,5,10,-5
100900023,1,70,-69
100900024,494,1,493
100900025,84,4,80
100900026,80,45,35
100900027,434,3912,-3478
100900028,121,444,-323
100900029,30,0,30
100900030,1,205,-204
100900031,1716,67,1649
100900032,673,2,671
100900033,83,835,-752
100900034,2538,2,2536
100900035,218,13,205
100900036,245,0,245
100900037,193,46,147
100900038,13,48,-35
100900039,292,135,157
100900040,1084,503,581
100900041,2632,140,2492
100900042,222,2219,-1997
100900043,0,52,-52
100900044,1109,1106,3
100900045,39,2,37
100900046,1856,12,1844
100900047,1068,137,931
100900048,119,27,92
100900049,219,39,180
100900050,13,18,-5
100900051,46,95,-49
100900052,542,11,531
100900053,1188,41,1147
100900054,5,23,-18
100900055,368,2076,-1708
100900056,25,53,-28
100900057,2056,277,1779
100900058,140,33,107
100900059,241,0,241
100900060,298,9,289
100900061,284,183,101
100900062,3,2,1
100900063,631,1706,-1075
100900064,872,22,850
100900065,29,280,-251
100900066,94,28,66
100900067,160,15,145
100900068,440,1386,-946
100900069,119,16,103
100900070,932,5,927
100900071,301,82,219
100900072,1,21,-20
100900073,248,113,135
100900074,3,20,-17
100900075,1785,125,1660
100900076,9,3,6
100900077,194,15,179
100900078,100,257,-157
100900079,1,0,1
100900080,269,424,-155
100900081,4,140,-136
100900082,318,64,254
100900083,31,5,26
100900085,1,408,-407
100900086,27,593,-566
100900088,469,79,390
100900089,2,6,-4
100900090,101,1978,-1877
100900091,3,37,-34
100900092,109,237,-128
100900093,686,893,-207
100900094,1005,68,937
100900095,3,7,-4
100900096,10,122,-112
100900097,0,0,0
100900098,12,36,-24
100900099,2,260,-258
100900100,13,246,-233
100900101,611,44,567
100900102,3,166,-163
100900103,17,9,8
100900104,3,110,-107
100900105,4,447,-443
100900106,10,1,9
100900107,2459,954,1505
100900108,10,31,-21
100900109,27,20,7
100900110,8,18,-10
100900111,11,258,-247
100900112,1,99,-98
100900113,41,21,20
100900114,8,25,-17
100900115,58,52,6
100900116,1457,482,975
100900117,411,1446,-1035
100900118,7,26,-19
100900119,12,9,3
100900120,77,2,75
100900121,708,399,309
100900122,59,64,-5
100900123,517,32,485
100900124,2,2,0
100900125,3,37,-34
100900126,932,848,84
100900127,13,3,10
100900128,132,480,-348
100900129,1,304,-303
100900131,12,90,-78
100900133,160,86,74
100900134,9,3,6
100900135,2,355,-353
100900137,365,172,193
100900138,1621,336,1285
100900139,1,52,-51
100900140,1,58,-57
100900141,2,537,-535
100900142,0,9,-9
100900143,314,1185,-871
100900144,7,4,3
100900145,70,2261,-2191
100900146,7,81,-74
100900147,10,2208,-2198
100900148,174,189,-15
100900149,6,1008,-1002
100900150,8,104,-96
100900151,41,367,-326
100900152,500,1,499
100900153,3,328,-325
100900154,2,172,-170
100900155,31,8,23
100900156,31,3,28
100900157,16,1072,-1056
100900158,1034,35,999
100900159,4,35,-31
100900160,58,1,57
100900161,103,2,101
100900162,8,462,-454
100900163,94,77,17
100900164,283,14,269
100900165,13,6,7
100900166,70,1,69
100900167,1,26,-25
100900168,9,146,-137
100900169,52,614,-562
100900170,12,8,4
100900171,6,486,-480
100900172,0,130,-130
100900173,6,100,-94
100900174,36,27,9
100900176,1156,231,925
100900177,214,161,53
100900178,297,275,22
100900179,229,205,24
100900180,1,1,0
100900181,111,93,18
100900182,76,25,51
100900184,169,446,-277
100900186,913,375,538
100900187,61,38,23
100900188,65,13,52
100900189,4075,346,3729
100900191,337,1443,-1106
100900192,98,414,-316
100900195,65,313,-248
100900197,83,37,46
100900198,6,11,-5
100900199,1,4,-3
100900200,799,174,625
100900201,43,1571,-1528
100900202,90,0,90
100900203,0,65,-65
100900204,86,619,-533
100900205,152,658,-506
100900206,293,378,-85
100900207,620,125,495
100900210,61,113,-52
100900211,576,110,466
100900213,205,53,152
100900214,250,46,204
100900215,194,105,89
101000001,1864,2663,-799
101000002,8408,10277,-1869
101000003,258,1246,-988
101000004,7630,8883,-1253
101000005,6084,8586,-2502
101000006,7049,13200,-6151
101000007,3671,5591,-1920
101000008,1883,2542,-659
101000009,3541,1241,2300
101000010,1692,732,960
101000011,1083,382,701
101000012,308,741,-433
101000013,557,1520,-963
101000014,532,446,86
101000015,3554,1485,2069
101000016,233,806,-573
101000017,304,352,-48
101000018,1388,7191,-5803
101000020,1497,1300,197
101000021,526,752,-226
101000022,161,627,-466
101000023,994,868,126
101000025,357,738,-381
101000026,514,36,478
101000027,1805,3838,-2033
101000028,292,51,241
101000029,54,1116,-1062
101000030,932,115,817
101000031,91,682,-591
101000032,2506,3777,-1271
101000033,1180,5283,-4103
101000034,423,2848,-2425
101000035,403,406,-3
101000036,310,2621,-2311
101000037,593,3619,-3026
101000039,2103,3538,-1435
101000040,2900,7992,-5092
101000041,1872,7102,-5230
101000042,81,760,-679
101000043,2781,7262,-4481
101000045,221,763,-542
101000046,1375,1853,-478
101000047,999,4855,-3856
101000048,492,265,227
101000049,596,2226,-1630
101000050,459,2626,-2167
101000051,878,2061,-1183
101000052,1309,1883,-574
101000053,372,1291,-919
101000054,1535,723,812
101000055,1379,1365,14
101000056,5,129,-124
101000057,518,3335,-2817
101000058,529,2328,-1799
101000059,2368,4094,-1726
101000060,1623,1035,588
101000061,224,2536,-2312
101000062,187,629,-442
101000063,133,1385,-1252
101000064,186,974,-788
101000065,81,865,-784
101000066,309,1202,-893
101000067,204,684,-480
101000068,82,423,-341
101000069,60,78,-18
101000070,357,831,-474
101000071,3461,1279,2182
101000072,528,2731,-2203
101000073,468,1033,-565
101000074,1930,3119,-1189
101000075,1557,2479,-922
101000077,1730,3875,-2145
101000078,796,1119,-323
101000079,995,995,0
101000080,946,950,-4
101000081,1831,1951,-120
101000082,1598,1357,241
101000083,3800,2223,1577
101000084,1107,591,516
101000085,2347,952,1395
101000086,727,741,-14
101000087,659,736,-77
101000088,2199,1177,1022
101000089,1326,2277,-951
101000090,1289,688,601
101000091,660,584,76
101000092,2427,672,1755
101000093,1868,552,1316
101000094,883,955,-72
101000095,750,643,107
101000096,956,251,705
101000097,462,682,-220
101000098,359,795,-436
101000099,428,1080,-652
101000100,781,1197,-416
101000101,182,891,-709
101000102,377,1275,-898
101000103,310,1098,-788
101000104,195,796,-601
101000105,186,504,-318
101000106,275,1639,-1364
101000107,475,686,-211
101000108,669,114,555
101000109,1291,192,1099
101000110,41,135,-94
101000111,46,232,-186
101000113,129,1450,-1321
101000114,2028,5884,-3856
101000115,17,6,11
101000116,34,9,25
101000117,884,121,763
101000119,19,102,-83
101000120,72,174,-102
101000121,35,82,-47
101000122,43,123,-80
101000123,54,152,-98
101000124,617,762,-145
101000125,166,88,78
101000128,300,2095,-1795
101000130,186,390,-204
101000131,2298,359,1939
101000132,1185,573,612
101000135,4,20,-16
101000136,46,195,-149
101000137,32,607,-575
101000141,664,5032,-4368
101000147,831,332,499
101000148,1034,22,1012
101000149,38,82,-44
101000150,135,233,-98
101000151,710,29,681
101000152,464,432,32
101000153,336,227,109
101000154,909,457,452
101000155,1019,286,733
101000156,18,1578,-1560
101000157,21,233,-212
101000160,1,9,-8
101000163,83,620,-537
101000164,394,105,289
101000165,343,549,-206
101000166,182,283,-101
101000168,1403,389,1014
101000252,3509,750,2759
101000254,21,51,-30
101000258,78,9,69
101000261,98,79,19
101000262,1322,7465,-6143
101000263,338,1132,-794
101000265,98,628,-530
101000266,563,209,354
101000269,9,67,-58
101000290,238,4120,-3882
101000293,2,6,-4
101000294,357,487,-130
101000295,340,210,130
101000301,187,673,-486
101000304,2319,4799,-2480
101000305,2768,1580,1188
101900001,18,40,-22
101900002,1,23,-22
101900003,55,72,-17
101900004,0,149,-149
101900005,1050,5640,-4590
101900006,1749,171,1578
101900007,390,189,201
101900008,40,195,-155
101900009,33,532,-499
101900010,1150,927,223
101900011,71,1760,-1689
101900012,377,77,300
101900013,313,64,249
101900017,16,122,-106
101900018,2513,296,2217
101900019,94,286,-192
101900020,673,155,518
101900021,0,74,-74
101900022,253,2677,-2424
101900023,227,332,-105
102000001,5427,9676,-4249
102000002,3185,2865,320
102000003,1838,6805,-4967
102000004,5030,3826,1204
102000005,1449,4452,-3003
102000006,922,1256,-334
102000007,2009,5786,-3777
102000008,6172,1588,4584
102000009,10190,12613,-2423
102000010,4012,3024,988
102000011,5820,5224,596
102000012,4348,2940,1408
102000018,3155,4047,-892
102000019,3760,2439,1321
102000026,506,533,-27
102000029,432,373,59
102000030,150,470,-320
102000031,193,74,119
102000032,914,424,490
102000033,875,331,544
102000034,500,303,197
102000035,1271,623,648
102000036,20,222,-202
102000037,97,24,73
102000038,130,198,-68
102000039,98,91,7
102000040,221,197,24
102000041,25,334,-309
102000042,122,174,-52
102000043,68,298,-230
102000044,532,1262,-730
102000045,929,753,176
102000046,2030,701,1329
102000047,1526,568,958
102000048,1105,645,460
102000049,1272,1060,212
102000050,1659,976,683
102000051,323,575,-252
102000052,1652,1209,443
102000053,1240,1047,193
102000054,1079,1075,4
102000055,1453,214,1239
102000056,2106,320,1786
102000057,2360,688,1672
102000058,897,928,-31
102000059,859,935,-76
102000060,1015,1032,-17
102000061,2918,1345,1573
102000062,3251,1152,2099
102000063,1254,1755,-501
102000064,677,796,-119
102000065,51,160,-109
102000066,988,512,476
102000067,6797,5114,1683
102000068,10521,3793,6728
102000069,100,3201,-3101
102000070,2187,42,2145
102000071,6737,13782,-7045
102000072,3146,3771,-625
102000073,732,516,216
102000074,1034,663,371
102000075,248,190,58
102000076,746,173,573
102000077,1076,1303,-227
102000078,2027,606,1421
102000079,217,55,162
102000080,453,190,263
102000081,338,663,-325
102000082,877,484,393
102000083,1388,175,1213
102000084,1135,133,1002
102000085,2441,706,1735
102000086,2084,859,1225
102000087,774,1205,-431
102000088,368,220,148
102000089,1829,227,1602
102000090,362,1426,-1064
102000091,900,809,91
102000092,367,733,-366
102000093,837,594,243
102000094,525,431,94
102000095,838,942,-104
102000096,627,417,210
102000097,726,267,459
102000098,379,310,69
102000099,813,493,320
102000100,265,494,-229
102000101,415,288,127
102000102,151,1658,-1507
102000103,3117,656,2461
102000104,473,313,160
102000105,448,326,122
102000106,1297,414,883
102000107,3028,138,2890
102000108,917,1327,-410
102000109,963,1575,-612
102000110,1761,387,1374
102000111,10,2556,-2546
102000112,152,226,-74
102000113,14,147,-133
102000114,3658,654,3004
102000115,329,559,-230
102000116,235,822,-587
102000117,46,939,-893
102000118,838,2407,-1569
102000119,668,925,-257
102000120,279,511,-232
102000121,1437,272,1165
102000122,851,822,29
102000123,1075,752,323
102000124,2102,1382,720
102000125,641,763,-122
102000126,588,1161,-573
102000127,1808,1361,447
102000128,991,798,193
102000129,2058,735,1323
102000130,713,1043,-330
102000131,1074,895,179
102000132,557,1075,-518
102000133,5706,3712,1994
102000134,1794,922,872
102000135,657,883,-226
102000136,1064,788,276
102000137,570,485,85
102000138,271,226,45
102000139,109,605,-496
102000140,215,360,-145
102000141,365,810,-445
102000142,523,210,313
102000143,484,92,392
102000144,642,92,550
102000145,408,177,231
102000146,1052,208,844
102000147,753,386,367
102000148,295,577,-282
102000149,721,145,576
102000150,1191,52,1139
102000151,142,62,80
102000152,630,84,546
102000153,1241,499,742
102000154,172,233,-61
102000155,88,351,-263
102000156,299,61,238
102000157,20,592,-572
102000158,78,352,-274
102000159,1192,1543,-351
102000161,3318,2956,362
102000162,163,416,-253
102000163,151,429,-278
102000164,569,922,-353
102000165,300,874,-574
102000166,59,511,-452
102000167,288,222,66
102000168,321,316,5
102000169,201,851,-650
102000170,877,204,673
102000171,95,134,-39
102000172,26,496,-470
102000173,571,486,85
102000174,236,93,143
102000175,198,59,139
102000176,53,23,30
102000178,277,530,-253
102000179,653,365,288
102000180,1496,324,1172
102000181,1981,364,1617
102000182,1283,1966,-683
102000183,2845,1052,1793
102000184,2610,813,1797
102000185,4175,421,3754
102000186,2733,736,1997
102000187,1385,676,709
102000188,2063,1424,639
102000189,1996,366,1630
102000190,682,2966,-2284
102000191,1057,209,848
102000192,2435,1841,594
102000193,243,182,61
102000194,43,450,-407
102000195,1034,501,533
102000196,652,378,274
102000197,2087,138,1949
102000198,497,366,131
102000199,2476,130,2346
102000200,818,347,471
102000201,2870,461,2409
102000202,6,328,-322
102000203,830,142,688
102000204,1676,801,875
102000205,2408,1559,849
102000206,1339,661,678
102000207,1112,1356,-244
102000208,525,1507,-982
102000209,174,266,-92
102000210,1254,842,412
102000211,974,352,622
102000212,861,39,822
102000213,7,422,-415
102000214,1014,26,988
102000215,3,169,-166
102000216,271,260,11
102000217,48,42,6
102000218,523,343,180
102000219,177,90,87
102000225,266,1008,-742
102000226,142,664,-522
102000227,221,1,220
102000228,0,88,-88
102000229,140,73,67
102000230,500,337,163
102000231,638,370,268
102000232,32,182,-150
102000233,1448,493,955
102000234,79,1303,-1224
102000236,341,54,287
102000237,1222,283,939
102000238,433,305,128
102000240,359,933,-574
102000241,121,172,-51
102000243,9,66,-57
102000245,5,116,-111
102000246,9,57,-48
102000247,237,443,-206
102000248,201,1165,-964
102000249,281,76,205
102000250,106,274,-168
102000254,655,170,485
102000266,12,504,-492
102000271,54,0,54
102000286,478,281,197
102000297,3087,1015,2072
102000299,0,0,0
102000301,0,0,0
102000303,0,0,0
102000305,0,0,0
102000307,0,2,-2
102000308,0,0,0
102900001,1541,950,591
102900002,249,59,190
102900003,213,54,159
102900005,906,198,708
102900006,886,42,844
102900007,1121,3,1118
102900008,464,21,443
102900009,257,337,-80
102900010,261,1487,-1226
102900011,1132,560,572
102900012,971,89,882
102900013,107,8,99
102900015,1704,550,1154
102900016,217,14,203
102900017,433,95,338
102900018,154,25,129
102900019,868,444,424
102900020,171,4,167
102900021,90,13,77
102900022,56,23,33
102900023,21,9,12
102900024,40,40,0
102900025,54,22,32
102900026,277,2887,-2610
102900027,63,53,10
102900028,230,1417,-1187
102900029,22,516,-494
102900030,471,850,-379
102900031,418,185,233
102900032,133,17,116
102900033,138,166,-28
102900034,1135,34,1101
102900035,277,79,198
102900036,348,128,220
102900037,319,444,-125
102900038,438,241,197
102900039,18,1061,-1043
102900040,312,299,13
102900041,243,93,150
102900042,576,84,492
102900043,519,98,421
102900044,822,2288,-1466
102900045,320,378,-58
102900046,319,75,244
102900047,294,1795,-1501
102900048,985,130,855
102900049,97,249,-152
102900050,295,1404,-1109
102900051,391,391,0
102900052,36,103,-67
102900053,528,564,-36
102900054,404,1806,-1402
102900055,106,637,-531
102900056,131,187,-56
102900057,1,127,-126
102900058,733,120,613
102900059,15,9,6
102900060,113,696,-583
102900061,423,1235,-812
102900062,395,395,0
102900063,2862,475,2387
102900064,64,574,-510
102900065,1568,350,1218
102900066,396,12,384
102900068,77,146,-69
102900070,361,187,174
102900072,4,94,-90
102900073,27,4,23
102900074,423,141,282
102900075,2,46,-44
102900076,41,137,-96
102900077,34,8,26
102900078,43,15,28
102900079,283,1,282
102900080,564,20,544
102900081,17,81,-64
102900082,29,69,-40
102900083,111,2,109
102900084,0,26,-26
102900085,106,77,29
102900086,8,38,-30
102900087,277,48,229
102900088,110,24,86
102900089,373,139,234
102900090,0,177,-177
102900091,552,3,549
102900092,1219,101,1118
102900093,382,203,179
102900094,0,58,-58
102900095,87,0,87
102900096,140,4,136
102900097,55,27,28
103000001,2783,2416,367
103000002,3396,3027,369
103000003,3875,2304,1571
103000004,898,328,570
103000005,1587,5059,-3472
103000006,1503,2483,-980
103000007,503,367,136
103000008,1093,696,397
103000009,3616,1438,2178
103000010,179,95,84
103000011,1383,601,782
103000012,1697,1533,164
103000013,2898,1773,1125
103000014,1511,3645,-2134
103000015,1689,871,818
103000016,626,1953,-1327
103000017,392,1202,-810
103000018,1354,249,1105
103000019,709,936,-227
103000020,1353,1267,86
103000021,2798,3462,-664
103000022,858,1114,-256
103000023,1541,2733,-1192
103000024,142,83,59
103000025,172,2498,-2326
103000026,332,472,-140
103000027,284,677,-393
103000028,142,201,-59
103000029,82,206,-124
103000030,1676,1664,12
103000031,826,3655,-2829
103000032,2028,1564,464
103000033,4766,4076,690
103000034,1335,810,525
103000035,197,1106,-909
103000036,247,272,-25
103000037,720,388,332
103000038,743,1005,-262
103000039,1210,279,931
103000040,1264,331,933
103000041,3909,1526,2383
103000042,3140,145,2995
103000043,1582,477,1105
103000044,574,135,439
103000046,384,660,-276
103000047,1031,429,602
103000048,341,643,-302
103000049,140,176,-36
103000050,1391,170,1221
103000051,1103,407,696
103000052,1318,162,1156
103000053,376,291,85
103000054,2244,225,2019
103000055,2707,884,1823
103000056,1107,878,229
103000057,2095,110,1985
103000058,1608,225,1383
103000059,1358,385,973
103000060,958,216,742
103000061,1395,635,760
103000062,997,155,842
103000063,1776,583,1193
103000064,289,55,234
103000065,31,98,-67
103000066,260,13,247
103000069,348,764,-416
103000070,957,239,718
103000071,2761,869,1892
103000072,279,504,-225
103000073,2075,111,1964
103000074,1269,70,1199
103000075,114,388,-274
103000076,549,1304,-755
103000077,24,223,-199
103000078,1340,1955,-615
103000079,521,983,-462
103000080,490,554,-64
103000081,354,946,-592
103000082,752,189,563
103000083,120,379,-259
103000084,318,11,307
103000085,2,200,-198
103000086,635,655,-20
103000087,308,889,-581
103000088,160,268,-108
103000089,537,1004,-467
103000090,4835,915,3920
103000091,1022,503,519
103000092,635,164,471
103000093,359,619,-260
103000094,666,163,503
103000095,163,328,-165
103000096,905,44,861
103000097,54,605,-551
103000098,997,58,939
103000099,87,855,-768
103000100,252,409,-157
103000101,2483,99,2384
103000102,184,226,-42
103000103,1178,95,1083
103000104,236,86,150
103000105,574,95,479
103000106,17,110,-93
103000107,458,105,353
103000108,1834,1408,426
103000109,665,749,-84
103000110,476,935,-459
103000111,435,750,-315
103000112,398,611,-213
103000113,524,1145,-621
103000114,2344,1253,1091
103000115,1261,770,491
103000116,1273,370,903
103000117,578,474,104
103000118,528,292,236
103000119,1192,273,919
103000120,61,259,-198
103000121,60,175,-115
103000122,555,1309,-754
103000125,21,47,-26
103000126,1647,8,1639
103000127,7,112,-105
103000128,219,5,214
103000129,0,64,-64
103000130,135,119,16
103000131,81,134,-53
103000132,26,163,-137
103000133,34,70,-36
103000134,312,1810,-1498
103000135,666,141,525
103000136,278,385,-107
103000137,361,524,-163
103000138,615,626,-11
103000139,4,41,-37
103000140,121,33,88
103000141,20,269,-249
103000142,173,206,-33
103000143,42,119,-77
103000144,359,56,303
103000145,9,98,-89
103000150,77,67,10
103000152,206,392,-186
103000153,192,233,-41
103000156,7,83,-76
103000157,505,0,505
103000159,375,88,287
103000162,49,100,-51
103000163,12,19,-7
103000164,5,12,-7
103000165,113,65,48
103000166,397,953,-556
103000167,288,204,84
103000168,332,257,75
103000169,521,1292,-771
103000170,2613,250,2363
103000171,59,147,-88
103000172,2175,182,1993
103000173,1904,152,1752
103000174,805,213,592
103000175,608,82,526
103000176,954,1161,-207
103000177,258,995,-737
103000178,124,366,-242
103000179,255,86,169
103000183,675,45,630
103000185,501,77,424
103000186,511,61,450
103000187,2620,96,2524
103000188,26,188,-162
103000189,1024,528,496
103000191,673,241,432
103000292,489,2700,-2211
103000293,535,5608,-5073
103000295,34,147,-113
103000296,122,9,113
103000297,4,52,-48
103000504,63,11,52
103000505,11,21,-10
103000506,3,69,-66
103000507,274,3,271
103000508,115,82,33
103000509,262,257,5
103900001,13,22,-9
103900002,640,55,585
103900003,1073,428,645
103900004,206,5,201
103900005,1,50,-49
103900006,14,6,8
103900007,305,2,303
103900008,11,1,10
103900009,625,76,549
103900010,349,70,279
103900011,1347,88,1259
103900012,23,99,-76
103900013,84,16,68
103900014,179,18,161
103900015,179,5,174
103900016,253,122,131
103900017,109,92,17
103900018,316,56,260
103900019,70,640,-570
103900020,454,369,85
103900021,46,21,25
103900022,605,379,226
103900023,450,0,450
103900024,226,184,42
103900025,2,4,-2
103900026,0,0,0
103900027,478,184,294
103900028,68,401,-333
103900029,1361,92,1269
103900030,455,126,329
103900031,151,0,151
103900032,146,133,13
103900033,195,25,170
103900034,128,32,96
103900035,292,249,43
103900036,43,55,-12
103900037,284,163,121
103900038,57,181,-124
103900039,337,100,237
103900040,1,97,-96
103900041,186,46,140
103900042,321,51,270
103900043,532,11,521
103900044,59,859,-800
103900045,523,426,97
103900047,105,21,84
103900048,2,164,-162
103900049,58,976,-918
103900050,27,314,-287
103900051,1,119,-118
103900052,382,362,20
103900053,446,120,326
103900054,410,103,307
103900055,818,94,724
103900056,124,99,25
103900057,449,62,387
103900058,901,180,721
103900059,2,262,-260
103900060,147,47,100
103900061,407,5,402
103900062,1756,404,1352
103900063,7,1,6
103900064,303,1,302
103900065,191,598,-407
103900066,432,100,332
103900067,642,36,606
103900068,2,0,2
103900069,121,8,113
103900070,314,140,174
103900071,69,54,15
103900072,105,90,15
103900073,200,66,134
103900074,208,43,165
103900075,222,15,207
103900076,1471,165,1306
103900077,60,166,-106
103900078,623,201,422
103900079,97,104,-7
103900080,1,19,-18
103900081,2,9,-7
103900082,88,127,-39
103900083,956,3821,-2865
103900084,9,398,-389
103900085,34,58,-24
103900086,2910,411,2499
103900087,97,108,-11
103900088,335,680,-345
103900089,60,98,-38
103900090,1,37,-36
103900091,821,70,751
103900092,917,454,463
103900093,86,276,-190
103900094,15,34,-19
103900095,161,300,-139
103900096,412,36,376
103900097,38,170,-132
103900098,502,123,379
103900099,847,35,812
103900100,483,68,415
103900101,2174,821,1353
103900102,4,141,-137
103900104,0,2,-2
103900105,76,43,33
103900106,3,2600,-2597
103900107,382,37,345
103900108,65,82,-17
103900109,448,7,441
103900110,689,37,652
103900111,621,138,483
103900112,8,33,-25
103900113,56,80,-24
103900114,548,201,347
103900115,190,193,-3
103900116,1279,2895,-1616
103900117,46,16,30
103900119,11,361,-350
103900120,20,15,5
103900122,422,47,375
103900123,187,998,-811
103900124,26,5,21
103900125,140,58,82
103900126,1236,75,1161
103900127,218,176,42
103900128,305,35,270
103900131,30,62,-32
103900133,1090,20,1070
103900134,1,28,-27
103900135,0,2,-2
103900137,0,0,0
103900138,364,9,355
103900139,131,5687,-5556
103900140,4,638,-634
103900141,349,53,296
103900142,941,69,872
103900143,309,1,308
103900144,0,6,-6
103900145,166,123,43
103900146,457,148,309
103900147,769,135,634
103900148,809,149,660
103900149,534,139,395
103900150,4024,8525,-4501
103900151,3,89,-86
103900152,2390,143,2247
103900153,26,3,23
103900154,155,2819,-2664
103900155,16,30,-14
103900156,77,10,67
103900157,368,29,339
103900158,601,29,572
103900159,797,7,790
103900160,32,59,-27
103900161,92,126,-34
103900162,46,30,16
103900163,37,364,-327
103900164,267,10,257
103900167,8,94,-86
103900168,100,20,80
103900169,31,44,-13
103900170,3,13,-10
103900171,0,8,-8
103900172,0,6,-6
103900173,18,29,-11
103900174,815,36,779
103900175,30,215,-185
103900176,3,35,-32
103900177,10,3,7
103900178,118,4,114
103900179,81,11,70
103900180,19,27,-8
103900181,3,44,-41
103900182,33,13,20
103900184,123,75,48
103900185,42,1671,-1629
103900187,6,256,-250
103900188,190,127,63
103900189,298,16,282
103900190,288,62,226
103900191,16,34,-18
103900192,9,63,-54
103900193,35,26,9
103900194,143,51,92
103900195,20,212,-192
103900196,105,63,42
103900197,8,43,-35
103900198,8,6,2
103900199,160,43,117
103900200,504,39,465
103900201,108,55,53
103900202,1,137,-136
103900203,86,91,-5
103900204,1,20,-19
103900207,0,34,-34
103900208,352,1,351
103900209,3,23,-20
103900210,142,19,123
103900211,1426,144,1282
103900212,314,87,227
103900213,4,235,-231
103900214,193,401,-208
103900215,103,343,-240
103900216,22,267,-245
103900217,573,90,483
103900218,1,612,-611
103900219,564,79,485
103900233,170,16,154
103900235,34,151,-117
103900236,38,8,30
103900242,20,12,8
103900243,0,1,-1
103900244,190,69,121
103900245,325,101,224
103900246,22,57,-35
103900247,8,9,-1
103900248,1,77,-76
103900249,1,51,-50
103900250,46,31,15
103900251,0,30,-30
103900253,5,70,-65
103900254,13,24,-11
103900255,0,28,-28
103900256,26,20,6
103900257,85,248,-163
103900258,7,8,-1
103900259,17,9,8
103900261,92,1,91
103900262,59,3,56
103900263,30,117,-87
103900264,41,8,33
103900265,12,4,8
103900266,1,110,-109
103900267,0,16,-16
104000001,4514,1899,2615
104000002,3354,1912,1442
104000003,2713,1553,1160
104000004,5003,2215,2788
104000005,3106,1692,1414
104000006,3537,2554,983
104000007,6318,4332,1986
104000008,299,154,145
104000009,400,120,280
104000010,224,792,-568
104000011,239,153,86
104000012,172,131,41
104000013,414,695,-281
104000014,314,149,165
104000015,707,118,589
104000016,387,99,288
104000018,1171,242,929
104000019,1314,412,902
104000020,110,164,-54
104000021,511,265,246
104000022,498,501,-3
104000023,2269,543,1726
104000024,226,242,-16
104000026,52,89,-37
104000027,380,202,178
104000028,804,286,518
104000029,359,266,93
104000030,739,340,399
104000031,2154,150,2004
104000032,201,127,74
104000033,1042,323,719
104000034,243,138,105
104000035,1762,287,1475
104000036,1660,265,1395
104000037,273,91,182
104000038,625,378,247
104000039,333,114,219
104000040,85,781,-696
104000041,895,772,123
104000042,246,144,102
104000043,193,256,-63
104000044,395,2780,-2385
104000045,838,719,119
104000046,970,617,353
104000047,927,581,346
104000048,1212,511,701
104000049,1102,426,676
104000050,117,690,-573
104000051,308,969,-661
104000052,2691,4593,-1902
104000053,1965,709,1256
104000054,844,401,443
104000055,2377,2439,-62
104000056,603,142,461
104000057,275,87,188
104000058,2244,901,1343
104000059,1013,1302,-289
104000060,1790,3727,-1937
104000061,1536,805,731
104000062,449,139,310
104000064,736,207,529
104000065,198,690,-492
104000069,345,2283,-1938
104000070,57,661,-604
104000071,202,139,63
104000072,1207,181,1026
104000075,41,288,-247
104000076,908,63,845
104000082,2297,3679,-1382
104000083,613,128,485
104000084,138,269,-131
104000085,714,218,496
104000086,356,220,136
104000087,384,1769,-1385
104000090,1645,509,1136
104000092,2424,598,1826
104000094,829,566,263
104000095,4019,1696,2323
104000096,4744,47,4697
104000097,4666,328,4338
104000098,6752,437,6315
104000100,4422,1156,3266
104000101,2742,1231,1511
104000106,33,577,-544
104000107,793,192,601
104000108,379,397,-18
104000109,506,132,374
104000110,884,1945,-1061
104000111,2531,6667,-4136
104000112,734,717,17
104000116,1,456,-455
104000117,539,200,339
104000118,3108,126,2982
104000119,1928,223,1705
104000120,714,734,-20
104000121,242,296,-54
104000122,828,372,456
104000123,1126,617,509
104000124,331,1382,-1051
104000125,1814,6964,-5150
104000126,838,500,338
104000127,1524,1333,191
104000128,896,169,727
104000129,665,28,637
104000130,14,570,-556
104000131,260,377,-117
104000132,403,366,37
104000133,2436,1044,1392
104000134,943,1672,-729
104000135,512,1361,-849
104000136,699,3112,-2413
104000137,1832,340,1492
104000138,1244,360,884
104000139,1983,2494,-511
104000141,680,379,301
104000142,917,353,564
104000143,992,213,779
104000144,235,211,24
104000145,370,174,196
104000146,173,632,-459
104000147,300,499,-199
104000148,541,173,368
104000149,222,57,165
104000150,1853,299,1554
104000151,899,107,792
104000152,1077,199,878
104000153,1449,631,818
104000154,693,144,549
104000155,630,947,-317
104000157,1482,576,906
104000158,189,405,-216
104000159,1480,416,1064
104000160,2356,3069,-713
104000161,99,106,-7
104000162,118,50,68
104000165,1332,786,546
104000167,966,2018,-1052
104000168,1648,4,1644
104000169,350,46,304
104000170,197,283,-86
104000248,699,496,203
104000251,88,104,-16
104000272,0,0,0
104000273,0,0,0
104000274,0,0,0
104000275,0,0,0
104000279,818,520,298
104000290,78,348,-270
104000291,443,1457,-1014
104000293,1904,868,1036
104000294,331,2,329
104000295,1326,1072,254
104000296,825,760,65
104000297,1448,2538,-1090
104000298,2206,920,1286
104000299,2174,792,1382
104900001,56,104,-48
104900002,50,376,-326
104900003,179,115,64
104900004,300,48,252
104900005,1064,282,782
104900006,1156,171,985
104900007,1019,326,693
104900009,396,152,244
104900010,249,9,240
104900011,4,79,-75
104900012,337,99,238
104900013,139,31,108
104900014,1392,266,1126
104900015,172,8,164
104900016,233,79,154
104900017,142,105,37
104900018,1,110,-109
104900019,139,7148,-7009
104900020,30,253,-223
104900021,1,17,-16
104900022,18,49,-31
104900023,0,41,-41
104900024,38,149,-111
104900025,153,137,16
104900026,0,35,-35
104900027,945,449,496
104900028,35,125,-90
104900029,23,31,-8
104900030,749,182,567
104900031,26,222,-196
104900032,51,46,5
104900033,613,68,545
104900034,422,160,262
104900035,652,277,375
104900036,569,37,532
104900037,566,65,501
104900038,105,2948,-2843
104900039,251,1024,-773
104900040,1091,22,1069
104900041,948,110,838
104900042,342,111,231
104900043,59,758,-699
104900044,2313,78,2235
104900045,829,58,771
104900046,1172,54,1118
104900047,1161,95,1066
104900048,1018,38,980
104900049,117,52,65
104900050,1278,158,1120
104900051,801,30,771
104900052,420,4,416
104900053,1224,35,1189
104900054,535,54,481
104900055,695,2,693
104900056,846,5,841
104900057,149,0,149
104900058,614,361,253
104900059,277,48,229
104900060,0,340,-340
104900061,344,99,245
104900063,2,192,-190
104900064,0,87,-87
104900065,0,265,-265
104900066,0,61,-61
104900067,6,1093,-1087
104900068,58,679,-621
104900070,67,262,-195
104900071,0,240,-240
104900072,62,73,-11
104900073,156,120,36
104900074,125,52,73
104900075,141,23,118
104900076,337,83,254
104900077,634,162,472
104900078,483,98,385
104900079,134,1861,-1727
104900080,375,134,241
104900082,1,165,-164
104900085,4,127,-123
104900087,556,2,554
104900089,1019,29,990
104900090,2694,3003,-309
104900091,396,829,-433
104900093,200,237,-37
104900097,1213,5068,-3855
104900098,451,96,355
104900099,71,975,-904
104900100,309,64,245
104900102,86,120,-34
104900103,374,59,315
104900104,2113,2266,-153
104900106,445,87,358
104900107,79,147,-68
104900108,19,418,-399
104900109,193,204,-11
104900110,6,22,-16
104900111,276,34,242
104900112,673,182,491
104900113,1453,154,1299
104900114,1195,456,739
104900115,1832,170,1662
104900116,1090,108,982
104900118,4,41,-37
104900119,0,67,-67
104900120,14,1564,-1550
104900121,0,38,-38
104900122,0,36,-36
104900123,506,50,456
104900124,337,6,331
104900125,428,1,427
104900126,26,8,18
104900127,28,15,13
104900128,214,78,136
104900129,729,4677,-3948
105000001,3473,1126,2347
105000002,2893,1703,1190
105000003,3118,3763,-645
105000004,1842,860,982
105000005,2701,1441,1260
105000006,1511,2193,-682
105000007,2176,2756,-580
105000008,768,4009,-3241
105000009,5629,5575,54
105000010,3015,937,2078
105000011,3910,4516,-606
105000012,2498,1687,811
105000013,1531,1999,-468
105000014,5528,4970,558
105000015,9094,18194,-9100
105000016,1010,1079,-69
105000017,1909,1070,839
105000018,704,2707,-2003
105000019,1096,1598,-502
105000020,45,617,-572
105000021,255,156,99
105000022,107,158,-51
105000023,1079,114,965
105000028,41,73,-32
105000029,872,1398,-526
105000030,3408,3065,343
105000033,1197,856,341
105000034,153,2032,-1879
105000037,1222,111,1111
105000038,1232,2436,-1204
105000039,817,970,-153
105000040,1200,3065,-1865
105000041,354,1120,-766
105000042,2510,1942,568
105000043,838,804,34
105000044,1692,320,1372
105000045,268,271,-3
105000046,2426,211,2215
105000047,625,261,364
105000048,1943,282,1661
105000049,434,526,-92
105000050,1568,850,718
105000051,191,264,-73
105000052,1128,2374,-1246
105000053,159,113,46
105000054,722,1477,-755
105000055,1220,815,405
105000056,2985,3936,-951
105000057,2694,4072,-1378
105000058,2264,1801,463
105000059,2727,738,1989
105000060,955,493,462
105000061,2678,498,2180
105000062,1111,500,611
105000063,690,299,391
105000064,5005,861,4144
105000065,859,370,489
105000066,1705,873,832
105000067,2695,1091,1604
105000068,357,634,-277
105000069,1133,5062,-3929
105000070,575,1625,-1050
105000071,207,2821,-2614
105000072,1358,9884,-8526
105000073,2115,1015,1100
105000074,679,432,247
105000075,766,565,201
105000076,1606,884,722
105000077,2242,827,1415
105000078,1186,1188,-2
105000079,916,2079,-1163
105000080,2298,2591,-293
105000081,1167,1247,-80
105000082,1248,1544,-296
105000083,2171,3395,-1224
105000084,675,1122,-447
105000085,3440,2375,1065
105000086,957,874,83
105000087,1910,1919,-9
105000088,2600,4807,-2207
105000089,2126,1305,821
105000090,667,403,264
105000091,871,653,218
105000092,576,506,70
105000093,338,466,-128
105000094,297,119,178
105000095,291,655,-364
105000096,1685,2412,-727
105000097,726,524,202
105000098,2124,1622,502
105000099,868,921,-53
105000100,3327,2497,830
105000101,4518,1221,3297
105000102,3133,1634,1499
105000103,1733,1972,-239
105000104,4435,5926,-1491
105000105,1863,5449,-3586
105000106,3004,658,2346
105000107,3600,2299,1301
105000108,3960,1407,2553
105000109,5256,670,4586
105000110,2354,326,2028
105000111,2798,307,2491
105000112,1966,361,1605
105000113,642,1033,-391
105000114,1475,1625,-150
105000115,398,3269,-2871
105000116,2192,797,1395
105000117,1805,331,1474
105000118,2337,444,1893
105000119,1712,595,1117
105000120,4187,817,3370
105000121,2046,731,1315
105000122,763,1540,-777
105000123,1068,616,452
105000124,4253,627,3626
105000125,2002,1107,895
105000126,4157,1320,2837
105000127,4611,1415,3196
105000128,1600,1845,-245
105000129,2543,2331,212
105000130,197,5581,-5384
105000131,284,106,178
105000132,2743,1135,1608
105000133,540,499,41
105000134,2879,233,2646
105000135,375,236,139
105000136,27,10,17
105000137,1111,152,959
105000138,37,13,24
105000139,1486,372,1114
105000140,634,268,366
105000141,705,275,430
105000142,499,393,106
105000143,330,286,44
105000144,610,349,261
105000145,1294,224,1070
105000146,664,391,273
105000147,1088,298,790
105000148,938,643,295
105000149,5823,1346,4477
105000150,2063,495,1568
105000151,1676,339,1337
105000152,467,684,-217
105000153,1998,247,1751
105000154,1743,413,1330
105000155,625,382,243
105000156,805,394,411
105000157,1443,725,718
105000158,4568,611,3957
105000159,645,612,33
105000160,6639,595,6044
105000161,1464,574,890
105000162,1028,4860,-3832
105000163,1592,598,994
105000164,122,326,-204
105000165,760,16611,-15851
105000166,3731,3587,144
105000167,1533,6578,-5045
105000168,1499,475,1024
105000169,1943,138,1805
105000170,1186,1329,-143
105000171,2684,436,2248
105000172,881,5,876
105000173,1217,8,1209
105000174,280,17,263
105000175,358,42,316
105000176,1456,124,1332
105000177,879,411,468
105000178,789,121,668
105000179,2909,98,2811
105000180,936,54,882
105000181,404,163,241
105000182,96,46,50
105000183,2511,4729,-2218
105000184,245,744,-499
105000185,432,1403,-971
105000186,502,1129,-627
105000187,1074,994,80
105000188,126,175,-49
105000189,56,448,-392
105000190,399,294,105
105000191,702,272,430
105000192,544,56,488
105000193,94,106,-12
105000194,777,112,665
105000195,828,451,377
105000196,92,326,-234
105000197,164,406,-242
105000198,180,121,59
105000199,124,797,-673
105000200,119,1012,-893
105000201,142,110,32
105000203,66,124,-58
105000204,150,67,83
105000205,117,83,34
105000207,198,54,144
105000208,130,427,-297
105000209,303,76,227
105000212,2029,495,1534
105000213,81,91,-10
105000214,263,150,113
105000215,1051,211,840
105000216,466,106,360
105000217,414,66,348
105000218,4853,1179,3674
105000221,254,185,69
105000222,679,222,457
105000223,910,248,662
105000226,306,101,205
105000227,101,109,-8
105000228,50,1905,-1855
105000229,264,931,-667
105000231,550,179,371
105000233,1866,1689,177
105000234,392,752,-360
105000235,936,698,238
105000237,2396,87,2309
105000243,124,61,63
105000248,65,80,-15
105000262,922,352,570
105000269,183,266,-83
105000270,1383,8,1375
105000271,0,192,-192
105000282,85,71,14
105000287,235,73,162
105000288,1803,1921,-118
105000289,686,1259,-573
105000290,86,7,79
105000402,1881,5943,-4062
105000426,189,378,-189
105000438,897,892,5
105000446,7213,4002,3211
105000447,1960,1402,558
105000454,1178,99,1079
105000455,290,89,201
105000474,331,1,330
105000477,2049,569,1480
105000478,3200,6878,-3678
105000479,234,143,91
105000480,4567,6533,-1966
105000481,5640,5190,450
105000482,2539,2233,306
105000483,2351,3987,-1636
105000484,1559,1529,30
105000485,1223,4566,-3343
105000486,1552,1863,-311
105000488,2350,1583,767
105000489,2617,889,1728
105000549,250,518,-268
105000550,526,574,-48
105000551,6,69,-63
105000552,1844,837,1007
105900001,11,3989,-3978
105900002,946,2000,-1054
105900003,3,155,-152
105900004,277,67,210
105900005,226,1173,-947
105900006,17,69,-52
105900007,109,118,-9
105900008,201,118,83
105900009,101,58,43
105900011,210,61,149
105900012,722,83,639
105900013,13,32,-19
105900014,1,73,-72
105900015,73,506,-433
105900016,1441,228,1213
105900017,4075,74,4001
105900018,233,195,38
105900019,147,158,-11
105900020,175,38,137
105900021,88,269,-181
105900022,497,116,381
105900023,7,110,-103
105900024,3,975,-972
105900025,690,11,679
105900026,140,5,135
105900027,14105,4991,9114
105900028,344,747,-403
105900029,1865,264,1601
105900030,325,199,126
105900031,598,73,525
105900032,174,75,99
105900033,111,147,-36
105900034,762,150,612
105900035,1123,305,818
105900036,141,117,24
105900037,361,20,341
105900038,262,278,-16
105900039,266,69,197
105900040,241,83,158
105900041,417,87,330
105900042,201,219,-18
105900043,967,34,933
105900044,2,549,-547
105900045,6,2600,-2594
105900046,3,116,-113
105900047,6,72,-66
105900048,214,316,-102
105900050,998,5146,-4148
105900051,28,1075,-1047
105900052,1980,196,1784
105900053,3794,7473,-3679
105900054,340,176,164
105900056,612,906,-294
105900057,5,162,-157
105900058,13,10,3
105900059,0,269,-269
106000001,2434,2955,-521
106000002,1120,2506,-1386
106000003,4462,5518,-1056
106000004,1883,2440,-557
106000005,5898,4071,1827
106000006,6335,1231,5104
106000007,787,183,604
106000008,392,343,49
106000009,784,181,603
106000010,283,354,-71
106000011,2903,1006,1897
106000012,1398,597,801
106000013,2321,1357,964
106000014,2377,1280,1097
106000015,3768,906,2862
106000016,2198,1103,1095
106000017,1262,592,670
106000018,730,467,263
106000019,706,234,472
106000020,689,248,441
106000021,596,328,268
106000022,525,190,335
106000023,1164,288,876
106000024,990,410,580
106000025,259,203,56
106000026,144,120,24
106000027,2957,1159,1798
106000028,1520,270,1250
106000029,1230,694,536
106000030,229,526,-297
106000034,99,320,-221
106000035,1539,1570,-31
106000036,50,508,-458
106000037,1271,928,343
106000038,76,368,-292
106000039,48,321,-273
106000040,125,1005,-880
106000041,839,558,281
106000043,389,197,192
106000046,314,51,263
106000047,70,422,-352
106000049,1987,108,1879
106000050,346,369,-23
106000051,1947,889,1058
106000052,300,154,146
106000053,1071,121,950
106000054,407,111,296
106000055,1876,403,1473
106000056,588,134,454
106000057,1027,137,890
106000058,351,26,325
106000059,807,304,503
106000060,125,177,-52
106000061,253,1164,-911
106000062,205,132,73
106000063,1438,1136,302
106000064,2,233,-231
106000065,936,288,648
106000066,198,1011,-813
106000067,1057,84,973
106000068,211,217,-6
106000069,948,67,881
106000070,545,168,377
106000071,1255,164,1091
106000072,2836,1458,1378
106000073,1595,8867,-7272
106000074,1006,661,345
106000075,533,970,-437
106000076,1299,1342,-43
106000077,2225,469,1756
106000078,2361,371,1990
106000079,1426,460,966
106000080,2270,300,1970
106000081,1504,444,1060
106000082,2018,429,1589
106000083,740,749,-9
106000084,1182,479,703
106000085,1511,876,635
106000086,565,258,307
106000087,1198,298,900
106000088,440,325,115
106000089,1913,181,1732
106000090,629,270,359
106000091,366,439,-73
106000092,1363,163,1200
106000093,907,49,858
106000094,151,246,-95
106000095,2235,365,1870
106000096,2822,392,2430
106000097,3142,1011,2131
106000098,1768,628,1140
106000099,224,465,-241
106000100,3561,195,3366
106000101,1735,332,1403
106000102,169,630,-461
106000103,334,697,-363
106000104,1934,666,1268
106000105,644,652,-8
106000106,2136,201,1935
106000107,303,194,109
106000108,722,107,615
106000109,469,113,356
106000110,711,131,580
106000111,480,142,338
106000112,562,1225,-663
106000113,729,342,387
106000114,753,1376,-623
106000115,398,268,130
106000116,587,155,432
106000117,1514,740,774
106000118,2165,1474,691
106000119,922,519,403
106000120,1642,2639,-997
106000121,746,157,589
106000122,583,106,477
106000123,1965,53,1912
106000124,665,82,583
106000125,111,117,-6
106000126,898,39,859
106000127,3502,567,2935
106000128,2750,218,2532
106000129,1506,240,1266
106000130,2881,205,2676
106000131,509,940,-431
106000132,1168,102,1066
106000133,1443,2612,-1169
106000134,892,6365,-5473
106000135,270,584,-314
106000136,1731,2667,-936
106000137,289,1406,-1117
106000138,5835,97,5738
106000139,177,68,109
106000140,81,23,58
106000141,176,26,150
106000142,336,93,243
106000143,29,54,-25
106000144,100,71,29
106000145,1188,188,1000
106000146,1206,126,1080
106000147,878,308,570
106000148,690,583,107
106000149,1716,211,1505
106000150,2104,3216,-1112
106000151,4432,733,3699
106000152,1251,3426,-2175
106000153,178,2455,-2277
106000154,1380,101,1279
106000155,384,286,98
106000156,3560,161,3399
106000157,796,2030,-1234
106000158,1495,491,1004
106000159,2814,3458,-644
106000160,1308,7576,-6268
106000161,750,212,538
106000162,882,2496,-1614
106000163,654,179,475
106000164,1394,256,1138
106000165,310,258,52
106000166,2623,221,2402
106000167,1200,509,691
106000168,2000,155,1845
106000169,702,801,-99
106000170,2072,457,1615
106000171,504,1485,-981
106000172,4377,1606,2771
106000173,1591,1770,-179
106000174,2576,235,2341
106000175,255,310,-55
106000176,5091,578,4513
106000177,2181,1254,927
106000178,5654,834,4820
106000179,1566,1060,506
106000180,2170,510,1660
106000181,4393,1492,2901
106000182,3719,398,3321
106000183,3800,236,3564
106000184,2756,584,2172
106000185,3968,2461,1507
106000186,450,48,402
106000187,178,2553,-2375
106000188,0,0,0
106000189,41,35,6
106000190,27,1,26
106000191,676,79,597
106000192,1,3,-2
106000193,453,396,57
106000194,213,644,-431
106000195,376,356,20
106000196,112,1866,-1754
106000197,1097,1225,-128
106000198,458,541,-83
106000199,1168,4030,-2862
106000200,458,499,-41
106000201,795,14423,-13628
106000202,2965,1047,1918
106000203,19,75,-56
106000204,113,3,110
106000205,11,119,-108
106000206,177,11,166
106000207,8,330,-322
106000208,3882,77,3805
106000209,4175,182,3993
106000210,752,413,339
106000211,265,1222,-957
106000212,2432,407,2025
106000213,308,1125,-817
106000214,1683,471,1212
106000215,580,918,-338
106000216,1134,522,612
106000217,232,464,-232
106000218,465,226,239
106000219,253,190,63
106000220,1211,365,846
106000221,507,65,442
106000222,182,61,121
106000223,851,64,787
106000224,644,74,570
106000225,110,235,-125
106000226,89,89,0
106000228,69,77,-8
106000229,349,428,-79
106000231,2802,89,2713
106000232,187,571,-384
106000233,1387,377,1010
106000234,73,2313,-2240
106000235,557,3046,-2489
106000236,205,2907,-2702
106000237,2,22,-20
106000238,13,201,-188
106000239,0,222,-222
106000240,87,35,52
106000241,7,700,-693
106000242,783,22,761
106000249,223,54,169
106000250,179,1114,-935
106000251,279,8,271
106000252,87,466,-379
106000253,180,63,117
106000254,318,53,265
106000255,85,256,-171
106000256,172,37,135
106000257,224,180,44
106000258,179,1076,-897
106000259,18,1314,-1296
106000260,54,29,25
106000261,24,194,-170
106000262,92,26,66
106000263,110,477,-367
106000264,437,7,430
106000265,24,187,-163
106000266,423,40,383
106000267,31,69,-38
106000268,617,17,600
106000269,232,13,219
106000270,222,244,-22
106000271,110,95,15
106000272,194,121,73
106000273,12,174,-162
106000274,245,41,204
106000275,368,66,302
106000276,97,21,76
106000277,256,145,111
106000278,142,26,116
106000279,64,8,56
106000280,224,27,197
106000281,103,16,87
106000282,206,46,160
106000283,175,33,142
106000284,357,22,335
106000285,140,81,59
106000286,215,37,178
106000287,47,21,26
106000288,257,44,213
106000289,142,15,127
106000290,162,49,113
106000291,149,44,105
106000292,236,56,180
106000293,242,97,145
106000294,194,21,173
106000295,63,101,-38
106000296,69,50,19
106000297,30,118,-88
106000298,28,189,-161
106000299,33,30,3
106000300,22,76,-54
106000301,45,137,-92
106000303,180,28,152
106000304,212,27,185
106000305,367,35,332
106000306,205,45,160
106000307,471,22,449
106000308,129,58,71
106000309,53,15,38
106000310,608,184,424
106000311,680,110,570
106000312,249,92,157
106000313,437,56,381
106000318,108,553,-445
106000319,4946,703,4243
106000320,5,532,-527
106000321,219,1193,-974
106000322,533,57,476
106000324,196,172,24
106000325,3124,510,2614
106000326,896,747,149
106000327,674,69,605
106000328,26,863,-837
106000329,43,1122,-1079
106000330,19,358,-339
106000428,144,297,-153
106000429,226,207,19
106000430,393,1664,-1271
106000431,3934,420,3514
106000432,701,1653,-952
106000433,3310,999,2311
106000434,5673,1160,4513
106000435,1395,1333,62
106000436,4,342,-338
106000437,1862,115,1747
106000438,267,1013,-746
106000439,81,928,-847
106000440,240,335,-95
106000441,1,1,0
106000442,2975,17,2958
106000443,496,96,400
106000450,16,108,-92
106000451,46,291,-245
106000454,3,170,-167
106000455,0,122,-122
106000456,380,46,334
106000457,97,332,-235
106000458,3203,51,3152
106000459,1283,50,1233
106000460,5512,42,5470
106000461,1193,211,982
106000462,3,100,-97
106000463,4,3,1
106000464,3,108,-105
106000465,1983,27,1956
106000466,0,163,-163
106000467,73,244,-171
106000468,532,92,440
106000469,95,0,95
106000470,314,3668,-3354
106000471,9,236,-227
106000472,643,10,633
106000473,89,6,83
106000474,426,380,46
106000475,632,269,363
106000476,222,471,-249
106000477,13,19,-6
106900001,0,2,-2
106900002,2,168,-166
106900003,77,1809,-1732
106900004,0,16,-16
106900006,0,4,-4
106900007,0,9,-9
106900008,1633,74,1559
106900009,1197,109,1088
106900010,880,184,696
106900012,705,5982,-5277
106900013,1321,311,1010
106900014,196,1,195
106900015,28,0,28
106900016,1067,80,987
106900017,34,0,34
106900018,52,0,52
106900019,567,3,564
106900020,1652,4440,-2788
106900021,406,75,331
106900022,3422,14,3408
106900023,180,63,117
106900024,1392,86,1306
106900025,12,319,-307
106900026,1,111,-110
106900027,2897,5,2892
107000001,4043,3989,54
107000002,1696,1978,-282
107000003,14263,9962,4301
107000004,4045,1709,2336
107000005,16076,10302,5774
107000006,4832,2152,2680
107000007,6853,10070,-3217
107000008,4320,3058,1262
107000009,13541,11030,2511
107000010,6187,4061,2126
107000011,716,1022,-306
107000012,2777,5348,-2571
107000013,312,43,269
107000014,200,67,133
107000015,1078,288,790
107000016,1878,529,1349
107000017,943,1698,-755
107000018,4,1207,-1203
107000020,988,1150,-162
107000021,1268,490,778
107000022,1437,4845,-3408
107000023,2596,167,2429
107000024,1035,4139,-3104
107000025,598,235,363
107000026,463,727,-264
107000027,3966,573,3393
107000028,2531,441,2090
107000029,7154,3438,3716
107000030,3323,1291,2032
107000031,9238,3669,5569
107000032,342,585,-243
107000033,2480,5591,-3111
107000034,4209,1021,3188
107000035,628,142,486
107000036,711,1738,-1027
107000037,264,628,-364
107000038,354,92,262
107000039,2176,921,1255
107000040,628,180,448
107000041,1407,439,968
107000042,984,3084,-2100
107000043,1502,453,1049
107000044,267,203,64
107000045,42,188,-146
107000046,1215,262,953
107000047,430,620,-190
107000048,589,211,378
107000049,557,425,132
107000050,1008,311,697
107000051,288,433,-145
107000052,866,2577,-1711
107000053,449,490,-41
107000054,51,200,-149
107000055,186,112,74
107000056,722,787,-65
107000057,1572,122,1450
107000058,3076,2369,707
107000059,2888,2353,535
107000060,10121,4377,5744
107000061,4936,1921,3015
107000062,12952,3865,9087
107000063,4723,1746,2977
107000064,10116,8932,1184
107000065,2822,3770,-948
107000066,2351,4268,-1917
107000067,1830,1057,773
107000068,932,1184,-252
107000069,1560,1337,223
107000070,2089,51,2038
107000071,9596,82,9514
107000072,0,733,-733
107000073,2735,1534,1201
107000074,67,379,-312
107000075,3770,155,3615
107000076,230,526,-296
107000077,5030,443,4587
107000078,658,643,15
107000079,6007,975,5032
107000080,427,973,-546
107000081,7727,984,6743
107000082,689,661,28
107000083,2794,2397,397
107000084,250,1053,-803
107000085,3095,3443,-348
107000086,3445,2583,862
107000087,4125,4035,90
107000088,3071,2633,438
107000089,1814,2858,-1044
107000090,1775,716,1059
107000091,2992,808,2184
107000092,1225,589,636
107000093,2246,1050,1196
107000094,1203,565,638
107000095,3330,1113,2217
107000096,916,786,130
107000097,1020,1096,-76
107000098,227,629,-402
107000099,947,454,493
107000100,324,415,-91
107000101,254,265,-11
107000102,339,267,72
107000103,616,396,220
107000104,242,315,-73
107000105,1026,1123,-97
107000106,345,163,182
107000107,1974,277,1697
107000108,350,389,-39
107000109,2786,197,2589
107000110,179,192,-13
107000111,1548,43,1505
107000112,30,178,-148
107000113,2227,61,2166
107000114,136,258,-122
107000115,1452,1013,439
107000116,187,404,-217
107000117,281,4455,-4174
107000118,130,103,27
107000119,1744,2374,-630
107000120,601,1462,-861
107000121,1384,606,778
107000122,739,574,165
107000123,982,256,726
107000124,998,242,756
107000125,2727,301,2426
107000126,2747,237,2510
107000127,82,502,-420
107000129,307,207,100
107000130,455,440,15
107000131,717,285,432
107000132,1250,243,1007
107000133,572,200,372
107000134,377,4,373
107000135,2,305,-303
107000136,769,7,762
107000137,3,333,-330
107000138,147,65,82
107000139,8,473,-465
107000140,2822,137,2685
107000141,80,2510,-2430
107000142,802,60,742
107000143,20,2016,-1996
107000144,885,986,-101
107000145,98,1066,-968
107000146,196,506,-310
107000147,4981,701,4280
107000150,257,7493,-7236
107000151,8,23,-15
107000152,449,4920,-4471
107000153,71,225,-154
107000154,20,109,-89
107000155,2039,8,2031
107000156,2367,12,2355
107000157,23,442,-419
107000158,1932,50,1882
107000159,29,225,-196
107000160,3713,267,3446
107000161,101,328,-227
107000162,400,1276,-876
107000163,835,3,832
107000164,2803,3,2800
107000165,3498,14,3484
107000166,34,169,-135
107000167,2130,439,1691
107000168,1739,692,1047
107000169,305,295,10
107000170,8021,1018,7003
107000171,1072,370,702
107000172,2982,3294,-312
107000173,784,187,597
107000174,1825,11893,-10068
107000175,2896,426,2470
107000176,0,1,-1
107000177,0,0,0
107000178,434,17,417
107000179,806,734,72
107000180,3562,197,3365
107000181,1151,337,814
107000182,3753,388,3365
107000183,514,389,125
107000184,3393,351,3042
107000185,900,593,307
107000186,1476,161,1315
107000187,1833,1588,245
107000188,973,619,354
107000189,1710,410,1300
107000190,1561,630,931
107000191,1596,522,1074
107000192,3094,276,2818
107000193,605,333,272
107000194,604,193,411
107000197,1588,160,1428
107000198,774,344,430
107000199,803,719,84
107000200,1602,943,659
107000201,412,290,122
107000202,602,396,206
107000203,614,952,-338
107000204,654,4147,-3493
107000205,686,388,298
107000206,325,1206,-881
107000207,539,604,-65
107000208,2003,481,1522
107000209,868,931,-63
107000210,94,114,-20
107000211,6,119,-113
107000212,17,102,-85
107000213,1,8,-7
107000214,18,51,-33
107000215,925,480,445
107000216,806,117,689
107000217,553,3006,-2453
107000219,73,276,-203
107000220,140,599,-459
107000222,364,272,92
107000224,891,301,590
107000225,189,177,12
107000226,1426,1033,393
107000227,198,108,90
107000228,186,814,-628
107000229,62,195,-133
107000230,893,447,446
107000231,309,1067,-758
107000232,249,25,224
107000233,115,611,-496
107000234,13,139,-126
107000235,106,42,64
107000236,5,752,-747
107000237,194,0,194
107000238,38,5,33
107000239,2498,972,1526
107000240,88,216,-128
107000241,47,7,40
107000242,206,12,194
107000243,0,31,-31
107000244,47,350,-303
107000246,1,413,-412
107000249,0,420,-420
107000251,0,102,-102
107000252,0,201,-201
107000255,323,322,1
107000257,4,1394,-1390
107000258,2,235,-233
107000259,20,66,-46
107000260,3809,38,3771
107000262,91,178,-87
107000263,1412,30,1382
107000266,120,29,91
107000267,66,45,21
107000268,680,44,636
107000269,34,12,22
107000270,385,82,303
107000271,3,0,3
107000272,208,1,207
107000273,3,1104,-1101
107000274,841,331,510
107000275,14,1645,-1631
107000280,2901,47,2854
107000281,63,483,-420
107000282,33,691,-658
107000290,11,42,-31
107000291,35,4,31
107000292,0,161,-161
107000293,4,3,1
107000294,2,699,-697
107000295,11,5,6
107000296,0,57,-57
107000444,464,2,462
107000496,60,8,52
107000497,1302,882,420
107000500,796,172,624
107000501,143,146,-3
107000502,353,263,90
107000505,296,529,-233
107000506,0,5,-5
107000508,0,140,-140
107000509,169,995,-826
107000510,113,721,-608
107000514,50,686,-636
107000515,46,36,10
107000516,877,534,343
107000518,3279,6364,-3085
107000519,635,439,196
107000520,348,112,236
107900001,195,63,132
107900002,85,4,81
107900003,1484,20,1464
107900004,691,3,688
107900005,7239,112,7127
107900006,470,22,448
107900007,469,70,399
107900008,13,6,7
107900009,178,18,160
107900010,173,5,168
107900012,781,93,688
107900013,444,3,441
107900014,525,6,519
107900015,4897,34,4863
107900016,152,47,105
107900017,156,5,151
107900018,52,624,-572
107900019,8,11,-3
107900020,71,38,33
107900021,520,32,488
107900023,27,8,19
107900024,0,3,-3
107900025,233,103,130
107900026,227,16,211
107900027,37,82,-45
107900028,652,24,628
107900030,378,47,331
107900031,351,84,267
107900032,183,0,183
107900033,83,11,72
107900034,556,16,540
107900035,3478,316,3162
107900036,68,92,-24
107900037,0,7,-7
107900038,69,683,-614
107900039,69,26,43
107900040,6,318,-312
107900041,5,6,-1
107900043,281,86,195
107900044,8,33,-25
107900045,254,60,194
107900046,447,609,-162
107900047,189,36,153
107900048,820,32,788
107900049,486,2269,-1783
107900050,57,172,-115
107900051,95,54,41
107900052,8,203,-195
107900053,219,49,170
107900055,838,225,613
107900056,157,293,-136
107900057,2,0,2
107900058,38,275,-237
107900060,15,166,-151
107900061,5,12,-7
107900063,89,106,-17
107900064,260,1560,-1300
107900065,1245,34,1211
107900066,44,17,27
107900067,8,0,8
107900068,189,903,-714
107900069,32,6660,-6628
107900070,271,302,-31
107900071,65,200,-135
107900072,285,39,246
107900073,152,625,-473
107900074,126,668,-542
107900076,341,35,306
107900077,173,2,171
107900078,232,38,194
107900079,28,64,-36
107900080,90,613,-523
107900081,27,21,6
107900082,1,4,-3
107900083,516,141,375
107900084,390,180,210
107900086,34,873,-839
107900087,530,47,483
107900088,266,6,260
107900089,176,615,-439
107900090,1364,3102,-1738
107900091,154,142,12
107900092,1054,136,918
107900093,18,56,-38
107900095,2297,1635,662
107900097,104,66,38
107900098,194,371,-177
107900100,265,2432,-2167
107900101,382,37,345
107900102,73,2,71
107900103,90,63,27
107900104,805,5,800
107900105,2,52,-50
107900106,0,178,-178
107900107,1141,413,728
107900108,124,26,98
107900109,4263,98,4165
107900110,110,11,99
107900111,1,142,-141
107900112,81,796,-715
107900113,452,33,419
107900114,447,43,404
107900115,1,6,-5
107900116,541,70,471
107900117,365,150,215
107900118,73,192,-119
107900119,390,559,-169
107900120,60,16,44
107900121,0,257,-257
107900122,0,103,-103
107900123,22,364,-342
107900124,9,29,-20
107900125,8,109,-101
107900126,77,196,-119
107900127,1190,261,929
107900128,177,68,109
107900129,271,7,264
107900130,319,11,308
107900131,116,69,47
107900132,30,649,-619
107900133,0,29,-29
107900134,14,35,-21
107900135,3,25,-22
107900136,20,32,-12
107900137,125,57,68
107900138,288,17,271
107900139,216,12,204
107900140,45,38,7
107900141,54,6,48
107900142,20,769,-749
107900143,35,39,-4
107900144,0,45,-45
107900145,1,41,-40
107900146,88,79,9
107900147,70,34,36
107900148,88,186,-98
107900149,638,55,583
107900150,18,183,-165
107900151,51,23,28
107900152,17,68,-51
107900153,478,264,214
107900154,40,42,-2
107900155,310,37,273
107900156,1,39,-38
107900157,9,47,-38
107900158,3325,260,3065
107900159,39,321,-282
107900160,319,44,275
107900161,166,50,116
107900162,0,111,-111
107900163,17,34,-17
107900164,63,54,9
107900165,3,402,-399
107900166,38,42,-4
107900167,33,95,-62
107900168,151,75,76
107900169,19,4938,-4919
107900171,19,274,-255
107900172,1,167,-166
107900173,104,33,71
107900174,324,6,318
107900175,2,162,-160
107900176,123,33,90
107900177,2,260,-258
107900178,0,286,-286
107900179,113,60,53
107900180,189,2154,-1965
107900181,204,374,-170
107900182,201,283,-82
107900183,212,23,189
107900184,312,1153,-841
107900185,268,13,255
107900186,44,11,33
107900187,0,232,-232
107900188,1521,57,1464
107900189,154,476,-322
107900190,31,112,-81
107900191,67,52,15
107900193,1,124,-123
107900194,311,11,300
107900195,3751,216,3535
107900196,142,55,87
107900197,152,111,41
107900199,1,366,-365
107900201,91,31,60
107900203,33,5,28
107900204,94,132,-38
107900205,314,135,179
107900206,179,866,-687
107900207,0,157,-157
107900208,3,178,-175
107900209,395,179,216
107900210,84,38,46
107900213,464,250,214
107900214,5,107,-102
107900215,111,294,-183
107900216,9,8,1
107900217,72,49,23
107900218,38,1285,-1247
107900219,421,23,398
107900220,279,179,100
107900221,88,115,-27
107900223,595,80,515
107900224,146,473,-327
107900225,2,316,-314
107900226,12,23,-11
107900227,110,166,-56
107900228,114,84,30
107900229,3,30,-27
107900230,152,10,142
107900231,86,32,54
107900232,472,31,441
107900233,0,49,-49
107900234,626,50,576
107900235,29,68,-39
107900236,760,49,711
107900237,12,143,-131
107900238,140,13,127
107900239,313,840,-527
107900240,227,14,213
107900241,11,23,-12
107900242,24,69,-45
107900243,0,22,-22
107900244,398,13,385
107900245,1894,54,1840
107900246,484,53,431
107900248,1534,248,1286
107900249,2031,226,1805
107900250,1,189,-188
107900251,28,279,-251
107900252,1488,96,1392
107900253,409,37,372
107900254,141,424,-283
107900255,308,20,288
107900256,965,2836,-1871
107900257,800,331,469
107900258,171,50,121
107900259,45,6918,-6873
107900261,1,100,-99
107900262,300,25,275
107900264,809,41,768
107900265,226,1094,-868
107900267,835,12,823
107900268,18,2,16
107900269,0,0,0
107900270,0,2,-2
107900271,6,80,-74
107900272,22,119,-97
107900273,56,25,31
107900274,268,0,268
107900275,119,2,117
107900276,1,8,-7
107900277,2,33,-31
107900278,891,57,834
107900279,14,33,-19
107900280,5292,1191,4101
107900281,1341,14927,-13586
107900282,26,1555,-1529
107900283,491,1445,-954
107900284,1469,482,987
107900285,411,30,381
107900286,8,40,-32
107900287,1226,215,1011
107900290,3,1217,-1214
107900291,1050,19,1031
107900292,175,65,110
107900293,107,156,-49
107900295,192,25,167
107900297,4,356,-352
107900298,660,444,216
107900299,1968,5678,-3710
107900300,52,703,-651
107900301,1365,1456,-91
107900302,100,27,73
107900303,875,269,606
107900304,1635,72,1563
107900305,849,15,834
107900306,1,28,-27
107900307,5,115,-110
107900308,230,150,80
107900309,23,0,23
107900310,22,1,21
107900311,238,475,-237
107900312,23,2,21
107900313,1,145,-144
107900314,0,142,-142
107900315,1,69,-68
107900316,36,0,36
107900317,139,8,131
107900318,2,266,-264
107900319,0,48,-48
107900320,2,98,-96
107900321,543,6,537
107900322,0,53,-53
107900323,0,102,-102
107900324,209,1,208
107900325,478,1,477
107900326,1612,68,1544
107900327,1,73,-72
107900328,11,0,11
107900329,13,121,-108
107900330,33,67,-34
107900331,1311,31,1280
107900332,924,7,917
107900333,156,24,132
107900334,3,54,-51
107900335,11,177,-166
107900336,27,101,-74
107900337,606,2009,-1403
107900338,2,51,-49
107900339,0,42,-42
107900340,0,149,-149
107900341,70,1,69
107900342,163,42,121
107900343,32,2,30
107900344,6,210,-204
107900345,241,24,217
107900346,36,1,35
107900347,12,1,11
107900348,6,0,6
107900349,47,11,36
107900350,3,87,-84
108000001,6718,3329,3389
108000002,1165,1047,118
108000003,3752,2082,1670
108000004,8448,8582,-134
108000005,10368,5307,5061
108000006,2992,2052,940
108000007,8294,4296,3998
108000008,2895,3276,-381
108000009,9202,6012,3190
108000010,2390,3033,-643
108000011,17845,13481,4364
108000012,7169,9532,-2363
108000014,596,1952,-1356
108000015,1501,259,1242
108000016,419,521,-102
108000017,2254,207,2047
108000018,2846,769,2077
108000019,1217,579,638
108000020,1618,384,1234
108000021,327,1035,-708
108000022,750,531,219
108000023,2844,433,2411
108000024,1036,199,837
108000025,897,138,759
108000026,1882,130,1752
108000027,1733,113,1620
108000028,1247,129,1118
108000029,1243,219,1024
108000030,923,150,773
108000031,288,418,-130
108000032,5115,668,4447
108000033,647,382,265
108000034,3398,647,2751
108000035,545,784,-239
108000036,712,368,344
108000037,5432,308,5124
108000038,7415,294,7121
108000039,671,710,-39
108000040,4678,1313,3365
108000041,407,1093,-686
108000042,1794,96,1698
108000043,232,148,84
108000044,4744,121,4623
108000045,154,277,-123
108000046,3962,238,3724
108000047,300,348,-48
108000048,74,493,-419
108000049,1279,337,942
108000050,50,329,-279
108000051,552,379,173
108000052,218,198,20
108000053,748,364,384
108000054,475,527,-52
108000055,1764,327,1437
108000056,603,612,-9
108000057,963,1480,-517
108000058,2437,7220,-4783
108000059,1647,897,750
108000060,334,406,-72
108000061,114,169,-55
108000062,2295,646,1649
108000063,842,329,513
108000064,596,167,429
108000065,1051,400,651
108000066,3146,1285,1861
108000067,4756,1220,3536
108000068,1882,508,1374
108000069,96,448,-352
108000070,4446,450,3996
108000071,600,677,-77
108000072,2318,587,1731
108000073,756,601,155
108000074,1525,342,1183
108000075,335,188,147
108000076,1433,384,1049
108000077,528,315,213
108000078,4961,1224,3737
108000079,691,440,251
108000080,4150,1062,3088
108000081,944,1065,-121
108000082,558,558,0
108000083,3500,790,2710
108000084,578,1120,-542
108000085,2183,844,1339
108000086,564,564,0
108000087,207,4781,-4574
108000088,668,6,662
108000089,631,513,118
108000090,1679,66,1613
108000091,138,289,-151
108000092,1029,147,882
108000093,433,358,75
108000094,2598,142,2456
108000095,376,175,201
108000096,1617,305,1312
108000097,204,378,-174
108000098,5256,1266,3990
108000099,515,50,465
108000100,112,247,-135
108000101,2183,1828,355
108000102,1471,3511,-2040
108000106,1729,0,1729
108000107,2,421,-419
108000108,1597,152,1445
108000109,2,255,-253
108000110,1239,196,1043
108000111,380,521,-141
108000112,60,170,-110
108000113,664,175,489
108000115,481,190,291
108000117,498,228,270
108000118,6,384,-378
108000119,767,152,615
108000120,476,1301,-825
108000121,579,305,274
108000122,2119,307,1812
108000123,2596,1315,1281
108000124,742,1639,-897
108000125,1552,341,1211
108000126,622,697,-75
108000127,1505,1924,-419
108000128,1665,213,1452
108000129,502,1522,-1020
108000130,1451,622,829
108000131,1178,125,1053
108000132,565,304,261
108000133,2358,128,2230
108000134,766,239,527
108000135,2579,1167,1412
108000136,1213,612,601
108000137,995,156,839
108000138,1068,367,701
108000139,1275,219,1056
108000140,1439,9,1430
108000141,62,14,48
108000142,32,49,-17
108000143,58,10,48
108000144,296,2,294
108000145,99,9,90
108000146,389,3,386
108000147,85,13,72
108000148,301,25,276
108000149,10,2,8
108000150,168,19,149
108000151,14,6,8
108000152,79,136,-57
108000153,1869,238,1631
108000154,33,3,30
108000155,99,41,58
108000156,433,85,348
108000157,241,3592,-3351
108000158,39,1598,-1559
108000159,104,177,-73
108000160,1916,2381,-465
108000161,2070,7714,-5644
108000165,8,1068,-1060
108000172,0,466,-466
108000173,586,3433,-2847
108000175,916,350,566
108000178,354,106,248
108000179,121,908,-787
108000181,116,8,108
108000182,70,7,63
108000183,1,7,-6
108000184,345,6409,-6064
108000185,820,96,724
108000186,824,56,768
108000187,239,279,-40
108000188,2585,416,2169
108000189,337,3286,-2949
108000190,10,52,-42
108000192,483,180,303
108000193,519,37,482
108000194,19,15,4
108000195,1,969,-968
108000196,215,2352,-2137
108000198,1000,89,911
108000199,0,368,-368
108000200,2066,246,1820
108000202,0,407,-407
108000203,626,258,368
108000204,446,120,326
108000205,168,458,-290
108000339,501,405,96
108000364,81,147,-66
108000365,146,487,-341
108000367,167,136,31
108000368,103,43,60
108000369,649,76,573
108000371,2,428,-426
108000372,1688,1,1687
108000373,299,63,236
108000376,387,11,376
108000377,1732,125,1607
108000378,12227,18947,-6720
108000379,78,256,-178
108000381,343,27,316
108000382,65,0,65
108000383,0,166,-166
108900001,28,158,-130
108900002,203,38,165
108900003,326,277,49
108900004,190,728,-538
108900005,51,427,-376
108900006,1513,260,1253
108900007,690,186,504
108900008,347,59,288
108900009,342,196,146
108900010,920,168,752
108900011,1660,143,1517
108900012,910,178,732
108900013,343,303,40
108900014,55,132,-77
108900015,0,107,-107
108900016,1,88,-87
108900017,169,538,-369
108900018,246,229,17
108900019,48,194,-146
108900020,93,56,37
108900021,140,79,61
108900022,106,143,-37
108900023,685,34,651
108900024,43,20,23
108900025,757,49,708
108900026,37,70,-33
108900028,360,54,306
108900029,159,222,-63
108900031,272,65,207
108900032,1,62,-61
108900034,0,53,-53
108900035,420,290,130
108900036,316,159,157
108900037,97,138,-41
108900039,1,58,-57
108900040,10,35,-25
108900041,3533,4538,-1005
108900042,1,435,-434
108900043,37,564,-527
108900045,143,73,70
108900046,13,26,-13
108900047,1,108,-107
108900048,46,198,-152
108900049,725,5071,-4346
108900050,1,53,-52
108900051,0,49,-49
108900052,73,26,47
108900053,109,738,-629
108900054,56,96,-40
108900055,19,573,-554
108900056,1,35,-34
108900057,1,43,-42
108900058,69,65,4
108900059,2260,81,2179
108900060,121,123,-2
108900061,48,10,38
108900062,1,111,-110
108900063,44,112,-68
108900064,910,19,891
108900065,88,52,36
108900066,950,70,880
108900067,8,124,-116
108900068,0,61,-61
108900069,161,23,138
108900070,84,22,62
108900071,365,21,344
108900072,1627,154,1473
108900073,10,81,-71
108900074,909,58,851
108900075,27,7,20
108900076,941,9,932
108900077,66,217,-151
108900078,126,40,86
108900079,623,59,564
108900080,5,1644,-1639
108900081,22,113,-91
108900082,197,41,156
108900083,10,384,-374
108900084,185,100,85
108900085,937,94,843
108900086,526,113,413
108900087,70,106,-36
108900088,749,749,0
108900089,36,96,-60
108900090,103,101,2
108900091,236,43,193
108900092,707,449,258
108900093,169,98,71
108900094,645,74,571
108900095,19,150,-131
108900096,290,6,284
108900097,368,61,307
108900098,1013,2778,-1765
108900099,874,106,768
108900100,100,71,29
108900101,442,787,-345
108900102,4,2164,-2160
108900103,224,285,-61
108900104,74,258,-184
108900105,7,4577,-4570
108900106,1110,78,1032
108900108,435,21,414
108900109,152,100,52
108900110,417,165,252
108900111,976,122,854
108900112,755,16,739
108900113,108,51,57
108900114,2,9,-7
108900115,272,209,63
108900116,163,10,153
108900117,656,17,639
108900119,1125,37,1088
108900120,353,310,43
108900121,365,105,260
108900122,549,24,525
108900123,737,77,660
108900124,1996,110,1886
108900126,301,138,163
108900127,693,38,655
108900128,589,31,558
108900129,3101,116,2985
108900131,1170,9,1161
108900132,1119,83,1036
108900133,779,39,740
108900134,1375,179,1196
108900135,849,30,819
108900137,651,3,648
108900138,1881,56,1825
108900139,1849,48,1801
108900140,1709,46,1663
108900141,1088,21,1067
108900142,103,25,78
108900143,0,0,0
108900144,282,0,282
108900145,608,16,592
108900146,461,4,457
108900147,991,2,989
108900148,139,12,127
108900149,401,165,236
108900150,498,6,492
108900151,56,8,48
108900152,272,115,157
108900153,363,53,310
108900154,12307,576,11731
108900155,1092,66,1026
108900156,354,10,344
108900157,84,180,-96
108900158,1565,185,1380
108900159,175,189,-14
108900160,50,215,-165
108900161,207,1010,-803
108900162,447,4,443
108900163,3,611,-608
108900164,96,23,73
108900165,94,45,49
108900167,966,22679,-21713
108900168,4334,2404,1930
108900169,34,50,-16
108900171,3342,6430,-3088
108900172,230,109,121
108900173,118,198,-80
108900174,1673,450,1223
108900176,103,150,-47
108900177,2347,16005,-13658
108900178,1638,9460,-7822
108900179,222,2531,-2309
108900180,156,214,-58
108900182,71,576,-505
108900183,282,137,145
108900184,591,329,262
108900185,94,180,-86
108900186,176,247,-71
108900187,1593,36,1557
108900188,2164,65,2099
108900189,657,243,414
108900190,26,960,-934
108900191,161,407,-246
108900192,108,166,-58
108900193,32,39,-7
108900194,1,158,-157
108900195,175,54,121
108900196,16,109,-93
108900198,1,180,-179
108900199,432,248,184
108900200,1610,702,908
108900201,567,645,-78
108900203,942,138,804
108900204,707,7,700
108900205,347,24,323
108900206,1056,157,899
108900207,550,529,21
108900208,10,131,-121
108900209,113,300,-187
108900210,105,94,11
108900211,238,926,-688
108900212,96,3022,-2926
108900215,147,175,-28
108900216,326,598,-272
108900217,84,0,84
108900218,58,22,36
108900219,52,2,50
108900220,57,11,46
108900221,41,119,-78
108900222,395,7,388
108900223,1,134,-133
108900224,17,114,-97
108900225,1,123,-122
108900226,1696,63,1633
108900227,255,293,-38
108900230,78,86,-8
108900231,13,133,-120
108900232,2,131,-129
108900233,697,231,466
108900234,439,306,133
108900235,186,234,-48
108900236,85,242,-157
108900237,15,37,-22
108900240,314,64,250
108900241,186,36,150
108900245,9,4579,-4570
108900249,130,13,117
108900250,564,42,522
108900257,915,176,739
108900258,12,42,-30
108900259,9,17,-8
108900260,16,13,3
108900261,30,49,-19
108900262,115,112,3
108900263,40,140,-100
108900264,85,127,-42
108900265,449,596,-147
108900266,142,3413,-3271
108900267,3,626,-623
108900268,28,45,-17
108900269,297,25,272
108900270,397,13,384
108900271,143,14,129
108900272,1062,19,1043
108900273,169,729,-560
108900274,110,10,100
108900275,24,5,19
108900276,3,89,-86
109000001,6354,5899,455
109000002,796,4486,-3690
109000003,6086,531,5555
109000004,856,2301,-1445
109000005,3092,465,2627
109000006,1265,1076,189
109000007,3885,505,3380
109000008,1471,849,622
109000009,5849,995,4854
109000010,1626,1815,-189
109000011,9382,2258,7124
109000012,2002,1874,128
109000013,8874,7789,1085
109000014,2049,1115,934
109000015,4779,21052,-16273
109000016,2835,1552,1283
109000017,5637,1072,4565
109000018,1633,1374,259
109000019,4863,1238,3625
109000020,1909,1106,803
109000023,253,14,239
109000024,5,316,-311
109000025,188,1127,-939
109000026,473,286,187
109000027,195,541,-346
109000028,207,21,186
109000029,56,570,-514
109000030,402,374,28
109000031,800,52,748
109000032,181,410,-229
109000033,945,143,802
109000034,53,53,0
109000035,3,36,-33
109000036,42,283,-241
109000037,556,6037,-5481
109000038,267,138,129
109000039,1671,1156,515
109000040,2856,28837,-25981
109000041,1009,5456,-4447
109000042,1083,2989,-1906
109000044,860,21,839
109000045,146,159,-13
109000046,919,19,900
109000047,147,247,-100
109000048,490,201,289
109000049,363,360,3
109000050,581,182,399
109000051,468,164,304
109000052,673,349,324
109000053,766,216,550
109000054,143,1082,-939
109000055,1174,3422,-2248
109000056,330,494,-164
109000057,2247,898,1349
109000058,264,125,139
109000059,215,1138,-923
109000060,153,670,-517
109000061,637,2740,-2103
109000062,248,495,-247
109000063,361,143,218
109000064,1352,89,1263
109000065,807,170,637
109000066,990,101,889
109000067,251,241,10
109000068,760,10,750
109000069,818,22,796
109000070,16,3425,-3409
109000071,548,62,486
109000072,89,197,-108
109000073,153,77,76
109000074,1,91,-90
109000075,147,175,-28
109000076,131,284,-153
109000077,377,125,252
109000078,259,93,166
109000079,146,42,104
109000080,524,30,494
109000081,361,206,155
109000082,2140,78,2062
109000083,665,236,429
109000088,285,134,151
109000089,562,192,370
109000090,136,134,2
109000091,1043,238,805
109000092,224,128,96
109000093,752,88,664
109000094,2356,16,2340
109000095,780,169,611
109000096,2586,155,2431
109000097,78,32,46
109000098,117,130,-13
109000099,1846,133,1713
109000100,832,266,566
109000101,3856,366,3490
109000102,926,332,594
109000103,1438,294,1144
109000104,6498,176,6322
109000105,886,378,508
109000106,4041,336,3705
109000107,869,588,281
109000108,5242,582,4660
109000109,654,457,197
109000110,2395,491,1904
109000111,818,920,-102
109000112,849,77,772
109000113,927,527,400
109000114,124,516,-392
109000115,930,16,914
109000116,8,427,-419
109000117,504,21,483
109000118,24,268,-244
109000119,4499,82,4417
109000120,1054,208,846
109000121,1575,32,1543
109000122,531,237,294
109000123,28,25,3
109000124,2009,328,1681
109000125,1872,541,1331
109000126,927,810,117
109000127,2697,81,2616
109000128,1071,432,639
109000129,7421,300,7121
109000130,516,308,208
109000131,1527,756,771
109000132,516,612,-96
109000133,228,340,-112
109000134,573,654,-81
109000135,556,759,-203
109000136,436,192,244
109000137,540,236,304
109000138,514,203,311
109000139,1217,251,966
109000140,268,305,-37
109000141,1205,1036,169
109000142,206,278,-72
109000143,195,192,3
109000145,152,222,-70
109000146,4,27,-23
109000148,1876,4082,-2206
109000149,14,127,-113
109000150,17,174,-157
109000155,1592,1292,300
109000156,1065,250,815
109000158,48,344,-296
109000159,138,249,-111
109000160,3408,155,3253
109000161,1845,641,1204
109000162,4224,260,3964
109000163,3318,582,2736
109000164,3227,1477,1750
109000165,3003,381,2622
109000166,2716,98,2618
109000167,233,214,19
109000170,39,25,14
109000171,201,22,179
109000172,12,31,-19
109000173,3,213,-210
109000174,505,38,467
109000175,37,31,6
109000176,831,113,718
109000177,39,73,-34
109000178,1099,24,1075
109000179,3635,10538,-6903
109000180,4033,6020,-1987
109000181,64,7,57
109000182,94,14,80
109000183,110,9,101
109000184,115,5,110
109000185,31,12,19
109000188,1042,4355,-3313
109000189,6581,4943,1638
109000190,1407,540,867
109000191,403,1568,-1165
109000192,1497,66,1431
109000193,932,85,847
109000194,762,36,726
109000195,611,56,555
109000196,390,32,358
109000197,690,169,521
109000198,630,68,562
109000199,677,209,468
109000206,340,0,340
109000207,394,10,384
109000208,192,140,52
109000209,255,29,226
109000210,397,254,143
109000211,934,202,732
109000214,1067,107,960
109000215,191,31,160
109000216,509,538,-29
109000217,176,298,-122
109000218,437,390,47
109000221,215,228,-13
109000222,994,127,867
109000223,1488,662,826
109000224,197,25,172
109000225,380,9,371
109000226,180,112,68
109000227,4996,333,4663
109000228,0,589,-589
109000231,1,67,-66
109000232,2427,110,2317
109000236,433,350,83
109000241,2542,516,2026
109000242,2106,368,1738
109000293,97,160,-63
109000361,215,80,135
109000364,157,935,-778
109000396,6,187,-181
109000397,1686,44,1642
109000399,190,262,-72
109000400,117,145,-28
109000403,10,2801,-2791
109000406,1853,41,1812
109000407,268,147,121
109000408,4,282,-278
109000410,1487,153,1334
109000411,471,5,466
109900001,247,0,247
109900002,1927,10,1917
109900003,1302,21,1281
109900004,214,71,143
109900005,51,7,44
109900006,1711,93,1618
109900007,3246,91,3155
109900008,0,9,-9
109900009,384,271,113
109900010,1683,151,1532
109900011,21,14,7
109900012,706,296,410
109900013,803,146,657
109900014,309,93,216
109900015,244,43,201
109900016,196,8,188
109900017,495,73,422
109900018,358,26,332
109900019,321,74,247
109900020,167,20,147
109900021,176,10,166
109900022,45,162,-117
109900023,44,0,44
109900024,24,0,24
109900025,15,205,-190
109900026,6,71,-65
109900027,29,48,-19
109900028,467,4934,-4467
109900029,3,112,-109
109900030,155,7,148
109900031,5,1286,-1281
109900032,20,140,-120
109900033,1,279,-278
109900034,40,0,40
109900035,387,240,147
109900036,144,891,-747
109900037,11,172,-161
109900038,129,116,13
109900039,6,0,6
109900040,30,154,-124
109900041,111,392,-281
109900042,26,2691,-2665
109900044,178,1002,-824
109900045,114,55,59
109900046,116,119,-3
109900047,330,346,-16
109900048,6,56,-50
109900049,91,52,39
109900050,3,10,-7
109900051,0,5,-5
109900052,91,727,-636
109900053,1,20,-19
109900054,2461,110,2351
109900055,305,270,35
109900056,425,570,-145
109900057,2,84,-82
109900058,0,24,-24
109900059,3153,50,3103
109900060,2030,75,1955
109900061,250,122,128
109900062,0,53,-53
109900063,4,680,-676
109900064,1408,60,1348
109900065,97,70,27
109900066,921,262,659
109900067,1,66,-65
109900068,181,7,174
109900069,1,7,-6
109900070,35,56,-21
109900071,1,7,-6
109900072,6,33,-27
109900073,1556,182,1374
109900074,10,5,5
109900075,90,222,-132
109900076,48,41,7
109900077,39,10,29
109900078,278,40,238
109900080,179,103,76
109900081,3,157,-154
109900082,93,117,-24
109900083,11,14,-3
109900084,83,154,-71
109900085,48,132,-84
109900086,142,1846,-1704
109900087,61,247,-186
109900089,1406,139,1267
109900090,234,406,-172
109900091,1061,672,389
109900092,498,505,-7
109900093,2364,107,2257
109900094,91,57,34
109900095,18,129,-111
109900096,224,4,220
109900097,310,1,309
109900098,1698,103,1595
109900099,1178,10,1168
109900100,117,0,117
109900101,2300,13,2287
109900102,1389,29,1360
109900103,47,84,-37
109900104,2326,97,2229
109900105,1243,10,1233
109900106,812,17,795
109900107,1885,28,1857
109900108,351,190,161
109900109,63,116,-53
109900110,34,172,-138
109900111,79,182,-103
109900112,152,123,29
109900113,1456,497,959
109900114,436,1547,-1111
109900115,369,225,144
109900117,3302,66,3236
109900118,279,109,170
109900119,214,205,9
109900120,176,10,166
109900121,405,121,284
109900122,2315,5,2310
109900123,6,36,-30
109900124,63,90,-27
109900125,0,95,-95
109900126,1082,5,1077
109900128,780,104,676
109900130,3865,6636,-2771
109900131,4,47,-43
109900132,56,47,9
109900133,216,141,75
109900134,112,162,-50
109900135,521,50,471
109900136,131,101,30
109900137,506,182,324
109900138,1525,142,1383
109900140,155,97,58
109900141,2797,171,2626
109900142,4745,547,4198
109900145,7,987,-980
109900146,176,47,129
109900148,2,32,-30
109900149,14,16,-2
109900150,1,30,-29
109900151,13,12,1
109900152,0,2,-2
109900153,0,28,-28
109900154,14,0,14
109900155,97,36,61
109900157,183,59,124
109900158,101,51,50
109900159,84,11,73
109900160,237,9,228
109900161,749,43,706
109900162,513,42,471
109900163,298,96,202
109900164,54,152,-98
109900165,457,0,457
109900166,1,715,-714
109900167,183,199,-16
109900168,98,269,-171
109900169,394,119,275
109900170,608,3407,-2799
109900171,861,100,761
109900172,871,705,166
109900173,3073,4431,-1358
109900174,98,83,15
109900175,260,841,-581
109900176,258,123,135
109900177,52,43,9
109900178,5,395,-390
109900179,20,38,-18
109900180,5,15,-10
110000001,1212,245,967
110000002,650,443,207
110000003,763,766,-3
110000004,412,504,-92
110000005,389,3414,-3025
110000006,616,302,314
110000007,141,35,106
110000008,33,576,-543
110000009,182,6,176
110000010,79,201,-122
110000011,120,13,107
110000012,1379,192,1187
110000013,83,849,-766
110000014,878,458,420
110000015,206,920,-714
110000016,477,1827,-1350
110000017,3087,328,2759
110000018,3222,682,2540
110000019,34,41,-7
110000020,1222,533,689
110000021,234,292,-58
110000022,2550,74,2476
110000023,7,51,-44
110000024,1157,247,910
110000025,2676,7,2669
110000026,5,202,-197
110000027,790,1740,-950
110000028,2019,208,1811
110000029,1309,266,1043
110000030,722,489,233
110000031,879,189,690
110000032,1689,177,1512
110000033,316,294,22
110000034,1737,426,1311
110000035,1929,412,1517
110000036,3090,478,2612
110000037,918,152,766
110000038,498,1341,-843
110000039,1461,13211,-11750
110000040,597,411,186
110000041,414,4249,-3835
110000042,107,453,-346
110000043,1071,599,472
110000044,60,390,-330
110000045,150,122,28
110000046,3,179,-176
110000047,19,104,-85
110000048,2,130,-128
110000049,5,20,-15
110000050,8,143,-135
110000051,24,15,9
110000052,60,21,39
110000053,11,17,-6
110000054,102,1910,-1808
110000055,268,519,-251
110000056,133,286,-153
110000057,850,231,619
110000058,3785,500,3285
110000059,1536,789,747
110000060,1884,929,955
110000061,840,561,279
110000062,620,570,50
110000063,105,479,-374
110000064,426,25,401
110000065,230,329,-99
110000066,192,11,181
110000067,127,58,69
110000068,1117,127,990
110000069,1395,24,1371
110000071,1754,19,1735
110000073,72,3,69
110000075,19,133,-114
110000076,828,959,-131
110000077,344,2785,-2441
110000078,198,9,189
110000080,191,354,-163
110000081,28,731,-703
110000082,22,840,-818
110000083,379,276,103
110000084,2359,2742,-383
110000085,741,2419,-1678
110000086,888,2972,-2084
110000087,44,76,-32
110000088,234,422,-188
110000089,941,30,911
110000090,171,1694,-1523
110000091,829,290,539
110000092,54,23,31
110000093,93,11,82
110000094,687,92,595
110000095,215,826,-611
110000096,1369,3718,-2349
110000097,1333,2473,-1140
110000098,3342,741,2601
110000099,1968,1683,285
110000100,3926,98,3828
110000101,575,122,453
110000102,188,86,102
110000104,725,322,403
110000105,100,1456,-1356
110000106,1154,624,530
110000107,180,383,-203
110000108,191,230,-39
110000109,408,204,204
110000110,1713,4318,-2605
110000111,4108,3611,497
110000112,163,1518,-1355
110000113,76,4603,-4527
110000114,1227,1148,79
110000115,1613,163,1450
110000116,180,123,57
110000117,1407,195,1212
110000118,1877,153,1724
110000119,1446,161,1285
110000120,862,143,719
110000121,192,772,-580
110000122,658,170,488
110000123,971,264,707
110000124,0,605,-605
110000125,1667,9,1658
110000126,519,60,459
110000127,2313,106,2207
110000128,17,429,-412
110000129,1,190,-189
110000130,566,400,166
110000131,98,75,23
110000132,0,215,-215
110000133,58,737,-679
110000134,38,395,-357
110000135,408,9,399
110000136,172,130,42
110000137,1817,143,1674
110000138,1882,176,1706
110000139,3052,356,2696
110000140,1639,1219,420
110000143,1238,551,687
110000144,2123,1827,296
110000145,2286,1283,1003
110000146,1583,853,730
110000147,388,1334,-946
110000148,1311,369,942
110000151,731,1803,-1072
110000152,530,636,-106
110000153,1115,45,1070
110000154,167,79,88
110000155,947,1873,-926
110000156,1436,1101,335
110000157,1489,2413,-924
110000160,720,281,439
110000161,520,378,142
110000166,2121,56,2065
110000167,3301,1017,2284
110000168,928,1512,-584
110000169,1088,1022,66
110000170,293,278,15
110000171,868,178,690
110000172,588,336,252
110000173,492,525,-33
110000174,236,180,56
110000175,2751,357,2394
110000176,72,2458,-2386
110000177,317,3466,-3149
110000178,590,5758,-5168
110000179,2192,471,1721
110000180,1388,351,1037
110000181,2216,291,1925
110000182,1381,115,1266
110000183,6951,12932,-5981
110000184,293,5533,-5240
110000185,577,620,-43
110000186,602,1193,-591
110000191,2758,199,2559
110000192,1860,32,1828
110000193,2431,31,2400
110000194,5,1719,-1714
110000195,1335,63,1272
110000196,1633,106,1527
110000197,301,65,236
110000198,135,34,101
110000199,90,520,-430
110000200,906,3251,-2345
110000201,1996,5437,-3441
110000202,1663,379,1284
110000203,482,659,-177
110000204,4,86,-82
110000205,858,75,783
110000206,362,404,-42
110000207,2981,214,2767
110000208,332,445,-113
110000209,80,330,-250
110000210,2120,837,1283
110000211,1367,695,672
110000212,1030,2092,-1062
110000213,840,51,789
110000214,1067,59,1008
110000215,373,84,289
110000216,255,102,153
110000217,1157,113,1044
110000218,431,49,382
110000219,912,28,884
110000220,103,54,49
110000221,1096,22,1074
110000222,50,78,-28
110000223,62,73,-11
110000224,4,10,-6
110000225,391,807,-416
110000226,668,117,551
110000227,1474,1544,-70
110000228,626,116,510
110000229,0,72,-72
110000230,709,655,54
110000231,488,795,-307
110000232,200,559,-359
110000233,262,2211,-1949
110000234,540,661,-121
110000235,1859,1017,842
110000236,1423,981,442
110000237,4193,2294,1899
110000238,1552,792,760
110000239,3506,926,2580
110000240,0,25,-25
110000242,0,10,-10
110000243,492,160,332
110000244,137,708,-571
110000245,35,375,-340
110000246,2551,1015,1536
110000247,1756,3706,-1950
110000248,1599,1599,0
110000249,380,17,363
110000250,16,323,-307
110000251,907,308,599
110000252,1222,344,878
110000253,3924,583,3341
110000254,2117,653,1464
110000255,340,466,-126
110000256,778,347,431
110000257,466,487,-21
110000258,6,706,-700
110000259,642,103,539
110000260,156,99,57
110000263,1260,37,1223
110000264,1472,414,1058
110000265,1864,1791,73
110000266,1521,2025,-504
110000267,98,77,21
110000268,430,167,263
110000269,4,107,-103
110000270,211,4,207
110000271,2089,244,1845
110000272,1747,1654,93
110000273,2638,1176,1462
110000274,653,6355,-5702
110000275,2519,1576,943
110000276,352,2021,-1669
110000277,879,1589,-710
110000278,955,1389,-434
110000279,1465,419,1046
110000280,1407,685,722
110000281,158,104,54
110000282,163,40,123
110000283,7,129,-122
110000284,17,16,1
110000285,2,201,-199
110000286,29,2,27
110000287,337,149,188
110000288,4,278,-274
110000289,508,4452,-3944
110000290,274,1402,-1128
110000291,4794,1085,3709
110000292,1392,14276,-12884
110000293,1108,1000,108
110000294,2452,4242,-1790
110000295,373,681,-308
110000296,1316,491,825
110000297,4714,223,4491
110000298,126,597,-471
110000299,283,61,222
110000301,945,30,915
110000302,923,4742,-3819
110000303,1546,150,1396
110000304,412,787,-375
110000305,2923,113,2810
110000306,849,677,172
110000307,6532,24,6508
110000308,1845,93,1752
110000309,3,1232,-1229
110000310,2057,97,1960
110000311,5,448,-443
110000312,1229,69,1160
110000313,4105,2180,1925
110000314,0,178,-178
110000315,2313,1587,726
110000316,539,1178,-639
110000317,315,1863,-1548
110000318,3,232,-229
110000319,8,47,-39
110000320,23,77,-54
110000321,69,120,-51
110000322,390,1052,-662
110000323,1589,390,1199
110000324,2544,1315,1229
110000325,2129,8467,-6338
110000327,1145,553,592
110000328,87,623,-536
110000333,2177,2570,-393
110000334,427,3546,-3119
110000335,1092,415,677
110000336,729,2036,-1307
110000337,3220,1410,1810
110000338,801,2354,-1553
110000339,997,252,745
110000340,68,387,-319
110000341,1272,351,921
110000342,198,14,184
110000343,0,3,-3
110000344,70,3287,-3217
110000345,200,3601,-3401
110000346,2150,3063,-913
110000347,1929,752,1177
110000348,132,32,100
110000349,45,3,42
110000350,290,5,285
110000351,2589,439,2150
110000352,1505,2972,-1467
110000353,3823,362,3461
110000354,2759,8059,-5300
110000355,451,55,396
110000356,963,18,945
110000357,1676,23,1653
110000361,278,18,260
110000362,520,28,492
110000363,1841,80,1761
110000364,823,378,445
110000365,180,5,175
110000366,9,493,-484
110000367,1139,385,754
110000368,23,95,-72
110000369,91,32,59
110000373,8,1762,-1754
110000374,135,90,45
110000375,227,1188,-961
110000376,42,82,-40
110000377,139,367,-228
110000378,40,541,-501
110000379,2761,3867,-1106
110000380,321,11,310
110000383,0,574,-574
110000384,1625,116,1509
110000385,0,73,-73
110000387,759,0,759
110000388,107,123,-16
110000389,1898,20,1878
110000391,1910,1481,429
110000396,659,270,389
110000397,117,41,76
110000398,11,21,-10
110000399,545,0,545
110000587,342,738,-396
110000589,374,121,253
110000640,411,23,388
110000652,10,592,-582
110000653,918,277,641
110000654,5,319,-314
110000656,2,265,-263
110000674,205,14,191
110000675,18,23,-5
110000676,0,40,-40
110000679,187,1205,-1018
110000682,241,377,-136
110000683,365,129,236
110000684,0,61,-61
110000685,11,36,-25
110000686,1,297,-296
110000687,9,7,2
110000688,74,1910,-1836
110000689,34,1,33
110000692,12,297,-285
110000693,14,384,-370
110000694,1,128,-127
110000695,207,1318,-1111
110000696,168,41,127
110900001,844,61,783
110900002,541,184,357
110900003,3741,114,3627
110900004,1311,23,1288
110900005,2674,11342,-8668
110900006,165,152,13
110900007,671,344,327
110900008,7,12,-5
110900009,508,1435,-927
110900010,5,16,-11
110900011,23,45,-22
110900012,18,39,-21
110900013,2313,79,2234
110900014,615,128,487
110900015,278,977,-699
110900016,121,74,47
110900017,1364,58,1306
110900018,884,4,880
110900019,1156,41,1115
110900020,579,82,497
110900021,304,172,132
110900022,58,89,-31
110900023,83,270,-187
110900024,223,131,92
110900025,5,20,-15
110900027,260,63,197
110900028,46,44,2
110900029,43,68,-25
110900030,45,80,-35
110900031,3,70,-67
110900032,1,27,-26
110900033,28,115,-87
110900035,22,457,-435
110900036,261,1,260
110900037,365,1,364
110900038,583,190,393
110900039,3,282,-279
110900040,630,4,626
110900041,13,36,-23
110900042,211,78,133
110900043,3,25,-22
110900044,302,34,268
110900045,351,193,158
110900046,10,76,-66
110900047,187,1005,-818
110900049,291,89,202
110900050,105,0,105
110900051,76,49,27
110900052,2,990,-988
110900053,517,23,494
110900054,40,1250,-1210
110900055,34,0,34
110900056,99,51,48
110900057,4,176,-172
110900058,733,53,680
110900059,580,607,-27
110900060,532,76,456
110900061,23,17,6
110900062,479,63,416
110900063,70,111,-41
110900064,20,0,20
110900065,94,40,54
110900066,1,86,-85
110900067,79,1064,-985
110900068,514,57,457
110900069,8,6,2
110900070,594,20,574
110900071,134,2528,-2394
110900073,0,3,-3
110900074,1621,114,1507
110900075,1311,61,1250
110900077,3689,335,3354
110900078,503,20,483
110900079,785,1618,-833
110900080,401,104,297
110900081,55,5,50
110900082,596,30,566
110900083,277,20,257
110900084,421,44,377
110900085,84,119,-35
110900086,101,298,-197
110900087,813,486,327
110900088,4,0,4
110900090,110,208,-98
110900091,0,21,-21
110900093,301,48,253
110900095,89,25,64
110900097,46,7,39
110900098,45,25,20
110900099,66,137,-71
110900100,0,17,-17
110900102,69,27,42
110900105,1511,116,1395
110900108,85,27,58
110900111,2880,114,2766
110900112,1115,5,1110
110900113,845,234,611
110900115,4,27,-23
110900116,3484,904,2580
110900118,68,6961,-6893
110900119,1683,102,1581
110900120,443,69,374
110900121,133,0,133
110900122,777,195,582
110900125,373,1691,-1318
110900127,713,1757,-1044
110900128,20,169,-149
110900129,92,1250,-1158
110900130,113,260,-147
110900131,716,2003,-1287
110900132,1208,55,1153
110900133,160,1700,-1540
110900135,91,112,-21
110900136,543,66,477
110900137,19,0,19
110900138,344,509,-165
110900139,0,88,-88
110900140,11,1,10
110900141,22,393,-371
110900142,63,99,-36
110900143,711,23,688
110900144,2,142,-140
110900145,539,284,255
110900146,138,1033,-895
110900147,413,701,-288
110900148,0,589,-589
110900149,4,42,-38
110900150,25,20,5
110900151,0,51,-51
110900152,20,60,-40
110900153,303,30,273
111000001,801,678,123
111000002,453,530,-77
111000003,4053,1771,2282
111000004,765,848,-83
111000005,1605,2001,-396
111000006,905,2335,-1430
111000007,5299,7565,-2266
111000008,3373,6648,-3275
111000009,392,1013,-621
111000010,3201,639,2562
111000011,99,909,-810
111000012,343,574,-231
111000013,555,1733,-1178
111000014,3515,1171,2344
111000017,27,759,-732
111000018,297,460,-163
111000020,575,1413,-838
111000021,42,123,-81
111000023,167,867,-700
111000025,4519,6427,-1908
111000029,143,69,74
111000030,42,25,17
111000031,1942,1012,930
111000032,879,1598,-719
111000033,381,63,318
111000034,87,125,-38
111000037,1416,346,1070
111000038,2486,1076,1410
111000039,2834,979,1855
111000040,2484,641,1843
111000041,789,492,297
111000042,2811,2312,499
111000043,2550,10044,-7494
111000044,3075,647,2428
111000045,5780,1164,4616
111000046,4697,1043,3654
111000047,4324,9411,-5087
111000049,756,182,574
111000050,1620,375,1245
111000051,992,858,134
111000052,1001,2521,-1520
111000053,307,458,-151
111000054,367,665,-298
111000055,863,3101,-2238
111000056,289,3267,-2978
111000057,254,151,103
111000058,1700,164,1536
111000059,1064,748,316
111000060,10170,1465,8705
111000061,1596,317,1279
111000062,1958,897,1061
111000063,1560,1946,-386
111000064,1641,294,1347
111000065,2236,410,1826
111000066,1649,209,1440
111000067,2939,225,2714
111000068,1767,386,1381
111000069,1676,1856,-180
111000070,643,366,277
111000071,469,107,362
111000072,2383,992,1391
111000073,212,2494,-2282
111000074,3558,2396,1162
111000075,1332,513,819
111000076,1337,1088,249
111000077,1544,554,990
111000078,2368,536,1832
111000079,1104,663,441
111000080,1048,595,453
111000081,1696,11002,-9306
111000082,1471,317,1154
111000084,1194,415,779
111000085,2313,961,1352
111000086,2805,980,1825
111000087,1277,509,768
111000088,5816,7294,-1478
111000089,1466,479,987
111000090,718,618,100
111000091,1269,208,1061
111000092,3927,740,3187
111000093,1778,3196,-1418
111000094,2892,1387,1505
111000095,1595,4434,-2839
111000096,1584,12708,-11124
111000097,2302,686,1616
111000098,362,590,-228
111000099,1066,1017,49
111000100,1163,1015,148
111000101,545,610,-65
111000102,657,336,321
111000104,1922,206,1716
111000107,214,460,-246
111000109,1779,331,1448
111000110,2647,569,2078
111000111,7987,238,7749
111000112,4125,432,3693
111000113,679,3882,-3203
111000114,1520,8974,-7454
111000115,3515,1015,2500
111000116,968,633,335
111000117,370,1126,-756
111000118,980,1837,-857
111000119,2920,362,2558
111000120,1183,670,513
111000121,525,1002,-477
111000122,895,508,387
111000123,2694,1308,1386
111000124,947,1555,-608
111000125,481,1598,-1117
111000126,126,538,-412
111000127,2685,124,2561
111000128,6202,455,5747
111000129,7058,409,6649
111000130,6277,384,5893
111000131,6495,411,6084
111000132,3445,3166,279
111000133,197,64,133
111000134,297,19,278
111000135,222,146,76
111000136,696,206,490
111000138,150,1,149
111000140,7,0,7
111000141,274,437,-163
111000142,2,78,-76
111000143,10,259,-249
111000144,3,547,-544
111000145,78,7,71
111000146,242,8,234
111000147,134,39,95
111000148,268,80,188
111000149,9,31,-22
111000150,276,6,270
111000151,0,408,-408
111000153,567,246,321
111000154,411,70,341
111000155,378,84,294
111000156,944,192,752
111000157,639,454,185
111000158,1792,598,1194
111000159,3327,770,2557
111000160,958,152,806
111000161,5,329,-324
111000162,10,36,-26
111000163,1856,856,1000
111000164,476,3693,-3217
111000165,879,158,721
111000166,426,83,343
111000167,150,263,-113
111000168,216,197,19
111000169,545,119,426
111000170,414,284,130
111000171,1061,273,788
111000172,510,362,148
111000173,341,426,-85
111000174,722,113,609
111000175,70,1059,-989
111000176,1691,21,1670
111000177,2562,122,2440
111000178,3252,110,3142
111000179,527,50,477
111000180,428,281,147
111000181,3913,275,3638
111000182,474,451,23
111000183,359,2427,-2068
111000184,478,98,380
111000185,434,709,-275
111000186,283,2683,-2400
111000187,295,161,134
111000188,660,589,71
111000189,269,287,-18
111000190,658,106,552
111000191,475,212,263
111000192,357,258,99
111000193,372,157,215
111000194,172,454,-282
111000195,335,835,-500
111000196,212,61,151
111000197,1535,80,1455
111000198,1053,51,1002
111000199,868,575,293
111000200,1371,914,457
111000201,1928,66,1862
111000202,888,77,811
111000203,745,276,469
111000204,355,2034,-1679
111000213,439,219,220
111000214,1904,1159,745
111000215,1141,648,493
111000217,2529,567,1962
111000218,3180,1076,2104
111000219,445,93,352
111000220,1452,691,761
111000221,195,87,108
111000224,0,218,-218
111000225,487,144,343
111000226,596,4,592
111000227,10,1,9
111000228,16,1006,-990
111000229,16,2723,-2707
111000230,411,131,280
111000231,2101,292,1809
111000232,1488,3067,-1579
111000233,4078,368,3710
111000234,415,791,-376
111000239,107,24,83
111000240,87,814,-727
111000241,32,161,-129
111000242,601,54,547
111000243,349,766,-417
111000244,2343,750,1593
111000245,1027,1193,-166
111000246,1238,79,1159
111000247,1169,568,601
111000248,1133,165,968
111000249,746,159,587
111000250,199,19,180
111000251,300,64,236
111000253,69,22,47
111000255,137,2,135
111000257,106,19,87
111000260,260,471,-211
111000261,3934,73,3861
111000271,153,337,-184
111000273,2877,845,2032
111000274,1792,3721,-1929
111000275,176,16,160
111000276,685,530,155
111000277,540,149,391
111000278,541,109,432
111000291,2112,25291,-23179
111000298,911,197,714
111000299,1352,168,1184
111000300,92,355,-263
111000302,657,31,626
111000303,432,86,346
111000312,177,39,138
111000315,2,63,-61
111000320,473,221,252
111000321,727,279,448
111000322,1330,124,1206
111000323,550,105,445
111000324,261,106,155
111000325,78,23,55
111000326,420,236,184
111000327,551,288,263
111000328,604,709,-105
111000329,0,6,-6
111000330,400,5,395
111000331,61,1,60
111000332,439,697,-258
111000334,215,962,-747
111000335,2225,724,1501
111000337,5042,279,4763
111000338,327,43,284
111000339,2101,77,2024
111000340,165,2690,-2525
111000341,4002,2334,1668
111000342,57,723,-666
111000344,2134,338,1796
111000345,218,116,102
111000346,32,123,-91
111000347,387,20,367
111000350,256,116,140
111000351,173,878,-705
111000352,313,81,232
111000353,190,225,-35
111000354,1132,190,942
111000355,1087,507,580
111000358,180,424,-244
111000360,393,92,301
111000361,368,130,238
111000546,2417,574,1843
111000547,1074,923,151
111000548,602,134,468
111000549,643,132,511
111000550,26,1955,-1929
111000551,305,50,255
111000552,712,286,426
111000907,1006,11,995
111000908,87,0,87
111000916,5995,619,5376
111000917,158,565,-407
111000918,247,216,31
111000920,1989,14,1975
111000921,1,42,-41
111000922,2325,97,2228
111000924,115,243,-128
111000925,7025,3251,3774
111000926,1902,3759,-1857
111000927,2401,7289,-4888
111000928,5736,2368,3368
111000929,2966,1647,1319
111000930,1987,6942,-4955
111000931,2795,1041,1754
111000932,3768,1877,1891
111000933,3064,4415,-1351
111000934,1909,1237,672
111000935,4582,1210,3372
111000936,2991,918,2073
111000937,1769,1395,374
111000938,2905,1054,1851
111000939,2069,60,2009
111000940,2691,29,2662
111000941,871,278,593
111000943,1237,114,1123
111000944,542,175,367
111000945,830,2410,-1580
111001109,671,1699,-1028
111001110,330,279,51
111001111,535,15,520
111001112,149,5,144
111001113,0,310,-310
111001114,787,42,745
111001115,12,680,-668
111001116,3487,11688,-8201
111001117,266,5286,-5020
111001120,105,239,-134
111001121,586,79,507
111001122,491,70,421
111001123,656,89,567
111900001,97,30,67
111900002,228,130,98
111900003,1,129,-128
111900004,6,46,-40
111900006,91,58,33
111900007,866,5,861
111900008,935,1,934
111900009,685,10,675
111900010,34,179,-145
111900012,68,37,31
111900013,94,2,92
111900014,2281,12885,-10604
111900015,0,74,-74
111900016,0,28,-28
111900017,0,32,-32
111900018,341,15,326
111900019,2,161,-159
111900020,1,37,-36
111900021,4,19,-15
111900022,5,24,-19
111900023,62,24,38
111900024,4,451,-447
111900025,0,31,-31
111900026,0,32,-32
111900027,0,78,-78
111900028,8,65,-57
111900029,1,12,-11
111900030,21,236,-215
111900031,166,293,-127
111900032,0,75,-75
111900033,9,10,-1
111900034,34,145,-111
111900035,96,2120,-2024
111900036,0,78,-78
111900038,63,161,-98
111900039,33,428,-395
111900040,0,83,-83
111900042,9,35,-26
111900043,0,94,-94
111900044,63,99,-36
111900046,14,73,-59
111900048,1077,1161,-84
111900049,7,59,-52
111900050,447,28,419
111900051,0,74,-74
111900052,100,71,29
111900053,570,4913,-4343
111900054,812,10,802
111900055,5,93,-88
111900056,78,489,-411
111900057,681,10,671
111900058,1925,379,1546
111900059,931,1668,-737
111900060,1237,1,1236
111900061,13,51,-38
111900062,160,676,-516
111900063,638,74,564
111900064,23,54,-31
111900065,351,58,293
111900066,305,71,234
111900067,210,140,70
111900068,53,187,-134
111900069,171,20,151
111900070,550,38,512
111900071,1,52,-51
111900072,67,85,-18
111900073,3039,368,2671
111900074,2,106,-104
111900075,93,5,88
111900076,845,152,693
111900077,92,0,92
111900078,1142,101,1041
111900079,43,82,-39
111900080,106,215,-109
111900081,238,136,102
111900082,462,80,382
111900083,713,63,650
111900084,290,45,245
111900085,75,79,-4
111900086,254,24,230
111900087,219,16,203
111900088,1981,47,1934
111900089,214,5,209
111900090,85,160,-75
111900091,1821,32,1789
111900092,382,1,381
111900093,1304,26,1278
111900094,355,1,354
111900095,995,26,969
111900096,603,1,602
111900097,271,1,270
111900098,1124,51,1073
111900099,163,0,163
111900100,187,3,184
111900101,406,7,399
111900102,1595,1610,-15
111900103,91,98,-7
111900104,161,28,133
111900105,217,526,-309
111900106,344,31,313
111900107,16,51,-35
111900108,543,572,-29
111900109,692,1397,-705
111900110,3987,231,3756
111900111,928,12,916
111900112,177,9567,-9390
111900113,536,47,489
111900114,246,36,210
111900115,48,19,29
111900118,605,99,506
111900119,288,161,127
111900122,20,56,-36
111900123,3,22,-19
111900124,60,36,24
111900125,1581,134,1447
111900126,1537,6,1531
111900127,3,116,-113
111900128,63,150,-87
111900129,856,16,840
111900130,374,125,249
111900131,1530,0,1530
111900132,45,390,-345
111900133,4,168,-164
111900134,4,79,-75
111900135,17,25,-8
111900136,35,77,-42
111900137,37,3,34
111900138,25,13,12
111900139,96,28,68
111900140,161,21,140
111900141,167,2,165
111900142,154,1,153
111900143,54,113,-59
111900144,0,27,-27
111900145,0,135,-135
111900146,1,55,-54
111900147,15,268,-253
111900148,21,828,-807
111900149,21,206,-185
111900150,9,46,-37
111900151,0,27,-27
111900152,84,30,54
111900153,572,800,-228
111900154,40,1448,-1408
111900155,100,296,-196
111900156,147,76,71
111900157,274,30,244
111900158,1335,152,1183
111900159,1151,181,970
111900160,919,19,900
111900161,968,8,960
111900162,179,707,-528
111900163,3,63,-60
111900164,107,60,47
111901113,2410,141,2269
111901114,832,3370,-2538
111901115,881,6,875
111901116,81,31,50
111901117,61,184,-123
111901118,17,1516,-1499
111901119,205,7,198
111901120,13,36,-23
111901121,20,59,-39
111901122,3,94,-91
111901123,1069,66,1003
111901124,665,33,632
111901125,2778,255,2523
111901126,463,186,277
111901127,3465,3135,330
111901128,4,50,-46
111901129,5,96,-91
111901130,8,321,-313
111901131,0,175,-175
111901132,132,37,95
111901133,207,2,205
111901134,375,1,374
111901135,77,6,71
111901136,114,29,85
111901137,1,19,-18
111901138,13,17,-4
111901139,7,28,-21
111901140,1,33,-32
111901141,2,38,-36
111901142,0,38,-38
111901143,1,53,-52
111901144,52,24,28
111901145,40,279,-239
112000001,4813,887,3926
112000002,1094,2464,-1370
112000003,8538,1389,7149
112000004,2543,649,1894
112000005,6331,6152,179
112000006,883,626,257
112000007,8123,5089,3034
112000008,6214,5765,449
112000009,3246,1025,2221
112000010,7080,6652,428
112000011,1815,1077,738
112000012,4959,5567,-608
112000013,1542,2311,-769
112000014,877,4497,-3620
112000015,1198,3482,-2284
112000016,3220,5261,-2041
112000017,581,5261,-4680
112000024,515,170,345
112000026,2403,1077,1326
112000027,896,686,210
112000028,799,785,14
112000029,1092,1096,-4
112000030,174,12,162
112000031,1467,4743,-3276
112000032,127,11,116
112000033,2534,4723,-2189
112000034,85,18,67
112000035,73,820,-747
112000036,172,1395,-1223
112000037,973,4106,-3133
112000038,1276,2292,-1016
112000039,255,50,205
112000040,38,205,-167
112000041,461,405,56
112000042,636,64,572
112000050,1766,690,1076
112000051,1608,4959,-3351
112000054,1476,1222,254
112000057,684,188,496
112000058,427,295,132
112000059,806,481,325
112000061,2930,427,2503
112000062,479,1281,-802
112000063,243,4252,-4009
112000064,2966,2030,936
112000065,904,1039,-135
112000066,3445,1380,2065
112000067,609,465,144
112000068,4019,2176,1843
112000069,773,2169,-1396
112000070,2123,908,1215
112000071,1833,1562,271
112000072,4812,812,4000
112000073,1516,2055,-539
112000074,1164,1117,47
112000075,1815,1580,235
112000076,4821,2599,2222
112000077,1800,535,1265
112000078,3867,915,2952
112000079,3667,1451,2216
112000080,1537,703,834
112000081,1149,1133,16
112000082,2151,469,1682
112000083,1710,594,1116
112000084,1978,414,1564
112000085,2785,402,2383
112000086,4376,623,3753
112000087,1650,129,1521
112000088,1931,246,1685
112000089,466,266,200
112000090,310,268,42
112000091,1006,302,704
112000092,4035,585,3450
112000093,2579,329,2250
112000094,984,441,543
112000095,1505,255,1250
112000096,1213,347,866
112000097,5253,497,4756
112000098,631,537,94
112000099,1240,2750,-1510
112000100,5247,744,4503
112000101,1104,541,563
112000102,3860,252,3608
112000103,780,348,432
112000105,574,339,235
112000106,5152,212,4940
112000107,151,164,-13
112000108,2069,750,1319
112000109,178,52,126
112000110,3891,630,3261
112000111,780,1660,-880
112000112,3689,237,3452
112000113,1695,2466,-771
112000114,4617,600,4017
112000115,519,139,380
112000116,1260,524,736
112000117,2280,485,1795
112000118,825,553,272
112000119,650,377,273
112000120,98,109,-11
112000121,516,217,299
112000122,993,76,917
112000123,1654,68,1586
112000124,986,101,885
112000125,478,347,131
112000126,1929,164,1765
112000127,2365,2807,-442
112000128,1078,748,330
112000129,324,23,301
112000130,873,91,782
112000131,72,67,5
112000132,365,98,267
112000133,1068,89,979
112000134,1262,172,1090
112000135,2374,2360,14
112000136,1291,7267,-5976
112000137,2662,4724,-2062
112000138,1815,1426,389
112000139,707,767,-60
112000140,226,436,-210
112000141,2145,349,1796
112000142,363,308,55
112000143,2760,254,2506
112000144,451,668,-217
112000145,5493,352,5141
112000146,1347,634,713
112000147,3425,1302,2123
112000148,1354,759,595
112000149,2033,481,1552
112000150,939,248,691
112000151,1059,156,903
112000152,1363,206,1157
112000153,1210,109,1101
112000154,309,722,-413
112000155,200,91,109
112000157,443,948,-505
112000158,515,86,429
112000159,2820,223,2597
112000167,665,293,372
112000169,128,982,-854
112000173,3082,191,2891
112000175,1339,334,1005
112000176,830,1197,-367
112000177,2581,506,2075
112000178,134,160,-26
112000179,723,144,579
112000180,607,115,492
112000181,1330,368,962
112000182,4452,328,4124
112000183,124,18,106
112000184,1132,236,896
112000185,2186,207,1979
112000187,6994,6006,988
112000195,379,23,356
112000196,202,2,200
112000197,94,96,-2
112000198,26,206,-180
112000199,437,412,25
112000202,2163,6,2157
112000216,30,113,-83
112000230,355,5,350
112000231,4,41,-37
112000256,154,460,-306
112000313,226,33,193
112000314,114,93,21
112000337,320,684,-364
112000352,248,300,-52
112000392,1979,458,1521
112000398,3924,531,3393
112000399,1096,6902,-5806
112000400,1809,733,1076
112000401,1317,908,409
112000402,5332,5807,-475
112000403,1920,11119,-9199
112000404,2949,1550,1399
112000405,5513,2895,2618
112000406,3745,1479,2266
112000407,16628,8740,7888
112000408,6562,1582,4980
112000409,2092,1223,869
112000410,308,319,-11
112000411,1748,2277,-529
112000412,418,208,210
112000413,4255,12225,-7970
112000414,290,17,273
112000415,225,17,208
112000416,7617,703,6914
112000417,490,89,401
112000421,198,20,178
112000422,527,122,405
112000424,1034,5621,-4587
112000425,789,232,557
112000426,668,503,165
112000427,0,19,-19
112000428,623,418,205
112000429,2126,1607,519
112000430,2637,3869,-1232
112000431,370,186,184
112000432,1393,405,988
112000433,184,447,-263
112000437,66,90,-24
112900001,86,0,86
112900002,1561,170,1391
112900003,36,45,-9
112900004,152,81,71
112900005,581,32,549
112900006,180,65,115
112900007,59,34,25
112900008,1,172,-171
112900009,821,283,538
112900010,550,146,404
112900011,104,137,-33
112900012,0,3,-3
112900013,20,388,-368
112900014,9,30,-21
112900015,72,161,-89
112900016,3,274,-271
112900017,149,154,-5
112900018,1,283,-282
112900019,38,193,-155
112900020,230,328,-98
112900021,2,110,-108
112900022,80,38,42
112900023,0,99,-99
112900024,28,41,-13
112900025,322,111,211
112900026,2,39,-37
112900027,2,202,-200
112900028,136,53,83
112900029,23,114,-91
112900030,635,56,579
112900031,1,514,-513
112900032,355,116,239
112900034,1,30,-29
112900035,3,86,-83
112900036,23,87,-64
112900037,101,217,-116
112900038,1836,56,1780
112900039,7,133,-126
112900040,2,281,-279
112900041,548,1141,-593
112900042,424,136,288
112900043,23,38,-15
112900044,120,142,-22
112900045,371,104,267
112900046,31,45,-14
112900047,6,11,-5
112900049,942,21,921
112900050,25,274,-249
112900051,211,187,24
112900052,1,350,-349
112900053,107,327,-220
112900054,74,46,28
112900055,64,19,45
112900056,303,147,156
112900057,82,184,-102
112900058,418,537,-119
112900059,154,166,-12
112900060,53,37,16
112900061,54,30,24
112900062,85,34,51
112900063,16,23,-7
112900064,52,29,23
112900065,24,10,14
112900066,496,821,-325
112900067,259,42,217
112900068,57,182,-125
112900069,1026,1751,-725
112900071,44,10,34
112900072,35,9976,-9941
112900073,459,455,4
112900074,237,677,-440
112900075,566,2744,-2178
112900076,63,9,54
112900078,346,842,-496
112900079,389,188,201
112900080,564,5,559
112900081,51,800,-749
112900082,750,49,701
112900083,429,296,133
112900084,559,517,42
112900085,0,30,-30
112900086,292,0,292
112900087,3495,216,3279
112900088,593,7,586
112900089,1823,34,1789
112900090,253,145,108
112900091,936,18,918
112900092,59,1268,-1209
112900093,1706,41,1665
112900094,232,3,229
112900095,338,1,337
112900096,1351,256,1095
112900097,200,169,31
112900098,256,1,255
112900099,2535,30,2505
112900100,299,8,291
112900101,825,8,817
112900102,123,80,43
112900103,467,16,451
112900104,61,0,61
112900105,70,0,70
112900106,835,168,667
112900107,23,1,22
112900108,2,0,2
112900109,371,1,370
112900110,3521,29,3492
112900111,1460,21,1439
112900112,701,2,699
112900113,0,8,-8
112900114,1075,14,1061
112900115,5178,12,5166
112900116,200,9,191
112900117,170,11,159
112900118,3,17,-14
112900119,1194,6,1188
112900120,448,214,234
112900121,76,44,32
112900122,1,58,-57
112900123,1119,27,1092
112900124,16,28,-12
112900125,20,286,-266
112900126,58,94,-36
112900127,1263,21,1242
112900128,28,260,-232
112900129,2,281,-279
112900130,336,123,213
112900131,13,150,-137
112900132,40,836,-796
112900133,30,2728,-2698
112900134,2,215,-213
112900135,115,154,-39
112900136,0,17,-17
112900137,0,196,-196
112900138,2,70,-68
112900139,33,466,-433
112900140,0,62,-62
112900141,1246,35,1211
112900142,42,583,-541
112900143,6,203,-197
112900144,1,100,-99
112900145,2,168,-166
112900146,3,130,-127
112900147,0,248,-248
112900148,31,1,30
112900149,334,174,160
112900151,2,25,-23
112900152,3329,355,2974
112900153,796,7305,-6509
112900154,0,21,-21
112900155,266,33,233
112900156,1461,238,1223
112900157,994,4,990
112900158,154,1,153
112900159,187,386,-199
112900160,16,107,-91
112900161,405,47,358
112900162,1,27,-26
112900163,11,68,-57
112900164,19,158,-139
112900165,66,26,40
112900166,30,111,-81
112900167,10,1804,-1794
112900168,2,2,0
112900169,7,8,-1
112900170,154,30,124
112900172,26,32,-6
112900173,118,83,35
112900174,922,22,900
112900175,217,278,-61
112900176,29,68,-39
112900177,225,78,147
112900178,444,4731,-4287
112900179,9,393,-384
112900180,3136,1094,2042
112900181,2039,8,2031
112900182,58,339,-281
112900183,18,165,-147
112900184,206,253,-47
112900185,44,435,-391
112900186,827,819,8
112900187,79,274,-195
112900188,480,1924,-1444
112900189,41,1,40
112900190,9,2,7
112900192,674,422,252
112900193,977,236,741
112900194,101,3,98
112900195,1030,45,985
112900196,307,339,-32
112900197,108,241,-133
112900199,1580,154,1426
112900200,978,74,904
112900201,222,186,36
112900202,1384,350,1034
112900203,702,66,636
112900204,806,135,671
112900205,27,0,27
112900206,51,22,29
112900207,13,0,13
112900208,69,1003,-934
112900209,80,97,-17
112900210,1,12,-11
112900211,175,7,168
112900212,1,8,-7
112900213,63,0,63
112900214,10,20,-10
112900215,14,27,-13
112900216,50,13,37
112900217,21,18,3
112900218,155,7,148
112900219,265,30,235
112900220,4,0,4
112900221,64,103,-39
112900222,2,1166,-1164
112900223,1316,25,1291
112900224,1953,144,1809
112900225,1114,163,951
112900226,78,225,-147
112900227,2348,2972,-624
112900228,162,19,143
112900229,769,11,758
112900230,7573,3007,4566
112900232,640,466,174
112900233,140,31,109
112900234,104,1,103
112900235,7,3,4
112900236,1694,11,1683
112900237,1125,70,1055
112900238,25,2,23
112900239,68,1011,-943
113000001,7800,4606,3194
113000002,7948,3478,4470
113000003,2506,1611,895
113000004,3158,1724,1434
113000005,3117,1260,1857
113000006,2452,1353,1099
113000007,3411,1393,2018
113000008,3233,1175,2058
113000009,2050,808,1242
113000010,2898,831,2067
113000011,1022,961,61
113000012,1855,1032,823
113000013,598,587,11
113000014,838,1620,-782
113000015,157,236,-79
113000016,297,688,-391
113000017,154,401,-247
113000018,842,30,812
113000019,413,447,-34
113000020,330,40,290
113000021,3672,760,2912
113000022,1607,2604,-997
113000025,44,256,-212
113000026,1421,486,935
113000027,1177,726,451
113000028,874,1471,-597
113000029,713,472,241
113000030,119,618,-499
113000031,198,220,-22
113000032,201,72,129
113000033,314,129,185
113000034,160,66,94
113000035,48,7,41
113000036,23,60,-37
113000037,29,21,8
113000038,10,57,-47
113000039,23,285,-262
113000040,74,48,26
113000042,1233,690,543
113000051,2572,3551,-979
113000052,3458,407,3051
113000053,1169,251,918
113000054,1491,997,494
113000055,3482,349,3133
113000056,3470,923,2547
113000058,599,827,-228
113000059,1037,286,751
113000060,562,594,-32
113000061,1040,1057,-17
113000062,454,410,44
113000063,806,31,775
113000064,248,193,55
113000065,305,264,41
113000066,2126,138,1988
113000067,7288,491,6797
113000068,826,393,433
113000069,1176,342,834
113000070,5715,464,5251
113000071,1122,433,689
113000072,2533,331,2202
113000073,658,872,-214
113000074,1333,628,705
113000075,2663,842,1821
113000076,549,1726,-1177
113000077,724,518,206
113000078,394,1461,-1067
113000079,323,561,-238
113000080,462,831,-369
113000081,1767,2815,-1048
113000082,1057,602,455
113000083,1000,965,35
113000084,1549,1176,373
113000085,1441,794,647
113000086,776,2682,-1906
113000087,2030,2376,-346
113000088,2015,1634,381
113000089,1010,1439,-429
113000090,65,1069,-1004
113000091,135,279,-144
113000094,2429,215,2214
113000095,305,513,-208
113000096,98,543,-445
113000097,1487,547,940
113000098,68,107,-39
113000099,1630,1010,620
113000100,193,435,-242
113000101,157,448,-291
113000102,953,470,483
113000103,4152,385,3767
113000104,1066,3525,-2459
113000105,1739,541,1198
113000106,831,199,632
113000107,2215,1047,1168
113000108,1339,485,854
113000109,556,1173,-617
113000110,8215,771,7444
113000111,403,471,-68
113000112,1108,340,768
113000113,2596,394,2202
113000114,153,940,-787
113000116,551,202,349
113000117,705,171,534
113000118,35,1095,-1060
113000119,487,411,76
113000120,78,441,-363
113000121,447,965,-518
113000124,250,107,143
113000125,25,1759,-1734
113000127,871,57,814
113000128,1521,242,1279
113000129,363,1080,-717
113000133,2010,376,1634
113000134,8,2493,-2485
113000135,5560,4796,764
113000137,890,3309,-2419
113000139,220,142,78
113000140,40,50,-10
113000141,143,60,83
113000142,200,281,-81
113000143,531,96,435
113000144,178,177,1
113000145,185,49,136
113000146,208,13,195
113000147,273,47,226
113000148,471,59,412
113000149,260,232,28
113000150,667,195,472
113000151,28,28,0
113000152,89,312,-223
113000153,1081,229,852
113000154,429,2452,-2023
113000155,462,1025,-563
113000156,327,121,206
113000157,331,132,199
113000158,784,130,654
113000159,1424,137,1287
113000160,695,301,394
113000161,517,143,374
113000162,1273,112,1161
113000163,148,29,119
113000164,19,268,-249
113000166,555,37,518
113000167,112,27,85
113000168,273,70,203
113000169,431,17,414
113000170,136,43,93
113000171,72,58,14
113000172,560,15,545
113000173,76,44,32
113000174,206,104,102
113000175,1135,27,1108
113000176,1201,44,1157
113000177,250,68,182
113000178,262,63,199
113000179,559,48,511
113000180,1370,1790,-420
113000181,2569,961,1608
113000182,107,854,-747
113000183,203,917,-714
113000184,5,106,-101
113000189,379,289,90
113000190,261,161,100
113000192,488,3090,-2602
113000193,1789,2300,-511
113000194,1201,5383,-4182
113000195,2165,2560,-395
113000196,1010,83,927
113000197,2262,4285,-2023
113000198,131,373,-242
113000199,2940,605,2335
113000201,1357,394,963
113000202,9528,2794,6734
113000203,175,565,-390
113000204,482,3373,-2891
113000205,16,24,-8
113000206,4,11,-7
113000207,173,17,156
113000208,55,41,14
113000209,4,3,1
113000210,21,20,1
113000211,65,91,-26
113000212,14,12,2
113000213,29,110,-81
113000214,375,337,38
113000234,290,230,60
113000410,64,189,-125
113000411,1245,1537,-292
113000412,6425,1081,5344
113000413,1158,1352,-194
113000414,3600,14724,-11124
113000415,2286,1077,1209
113000416,1968,2159,-191
113000417,737,1272,-535
113000418,5140,3553,1587
113000419,1754,1538,216
113000420,3318,6067,-2749
113000421,5620,7344,-1724
113000422,8466,10543,-2077
113000423,1160,3429,-2269
113000424,1740,10226,-8486
113000425,22,105,-83
113000428,31,36,-5
113000430,19,311,-292
113000432,5697,342,5355
113000433,42,487,-445
113000434,47,75,-28
113000435,26,133,-107
113000436,13,459,-446
113000437,3481,49,3432
113000438,1126,13,1113
113000439,29,17,12
113000440,302,18,284
113000441,336,118,218
113000442,362,25,337
113000443,623,97,526
113000444,1187,29,1158
113000445,62,73,-11
113000446,43,200,-157
113000448,340,695,-355
113000449,132,1459,-1327
113000450,770,5229,-4459
113000451,2887,849,2038
113000452,48,733,-685
113000453,25,607,-582
113000454,247,67,180
113000455,3,789,-786
113000456,827,1968,-1141
113000468,759,142,617
113000469,101,318,-217
113000470,460,17,443
113000471,7,549,-542
113000472,88,234,-146
113000474,2042,797,1245
113000475,1760,896,864
113000476,4487,2829,1658
113000477,6406,2926,3480
113000478,3285,3395,-110
113000479,222,106,116
113000480,277,291,-14
113000482,0,0,0
113000485,0,0,0
113000486,0,0,0
113000487,0,0,0
113000488,0,0,0
113000489,0,0,0
113000490,0,0,0
113000491,0,0,0
113000492,0,0,0
113000493,0,0,0
113000495,284,74,210
113000496,122,139,-17
113000497,0,0,0
113000499,0,0,0
113000500,0,0,0
113900001,14,2202,-2188
113900002,1,150,-149
113900003,4,152,-148
113900004,0,268,-268
113900005,2,641,-639
113900006,1,114,-113
113900007,23,213,-190
113900008,23,0,23
113900009,38,0,38
113900010,50,0,50
113900011,452,0,452
113900012,210,1,209
113900013,100,1,99
113900014,1409,4,1405
113900015,0,11,-11
113900016,55,0,55
113900017,0,16,-16
113900018,66,147,-81
113900019,417,12,405
113900020,585,0,585
113900022,155,1,154
113900023,112,0,112
113900024,16,14,2
113900025,627,83,544
113900026,232,0,232
113900027,13,27,-14
113900028,23,207,-184
113900029,158,26,132
113900030,953,0,953
113900031,77,9,68
113900032,75,0,75
113900033,38,20,18
113900035,150,0,150
113900036,76,69,7
113900037,213,1571,-1358
113900038,16,211,-195
113900039,712,34,678
113900040,12,35,-23
113900041,70,1,69
113900042,97,18,79
113900043,136,24,112
113900044,71,262,-191
113900045,142,0,142
113900046,201,360,-159
113900047,271,21,250
113900048,326,200,126
113900049,109,586,-477
113900050,387,215,172
113900051,415,37,378
113900052,64,160,-96
113900053,571,1431,-860
113900054,34,0,34
113900055,145,474,-329
113900056,151,14,137
113900057,8,14,-6
113900058,183,20,163
113900059,399,75,324
113900060,83,2119,-2036
113900061,567,108,459
113900062,202,59,143
113900063,284,11,273
113900064,10,36,-26
113900065,1082,9,1073
113900066,1452,43,1409
113900067,731,297,434
113900068,336,1584,-1248
113900069,26,45,-19
113900070,91,114,-23
113900071,209,13,196
113900072,53,26,27
113900073,948,223,725
113900074,703,917,-214
113900075,527,3671,-3144
113900076,173,2,171
113900077,62,94,-32
113900078,155,9,146
113900079,14,18,-4
113900080,708,142,566
113900081,169,45,124
113900082,446,289,157
113900083,1164,112,1052
113900084,213,67,146
113900085,28,128,-100
113900086,134,15,119
113900087,191,240,-49
113900088,121,80,41
113900089,640,31,609
113900090,424,219,205
113900091,1,24,-23
113900092,41,133,-92
113900093,47,2477,-2430
113900094,1377,282,1095
113900095,279,95,184
113900096,667,210,457
113900097,43,99,-56
113900098,1192,349,843
113900099,0,15,-15
113900100,0,4,-4
113900101,2,67,-65
113900102,73,60,13
113900103,268,484,-216
113900104,135,81,54
113900105,562,21,541
113900106,0,7,-7
113900107,9,2,7
113900108,49,232,-183
113900109,412,435,-23
113900110,61,72,-11
113900111,413,44,369
113900112,344,50,294
113900113,1498,577,921
113900114,1,19,-18
113900115,0,7,-7
113900116,6,221,-215
113900117,16,24,-8
113900118,120,1772,-1652
113900119,44,188,-144
113900120,217,38,179
113900121,309,54,255
113900122,144,6503,-6359
113900123,645,92,553
113900124,0,57,-57
113900125,635,95,540
113900126,46,50,-4
113900127,386,838,-452
113900128,496,69,427
113900129,2,88,-86
113900130,0,37,-37
113900131,254,21,233
113900132,24,78,-54
113900133,24,21,3
113900135,340,154,186
113900136,88,28,60
113900137,434,162,272
113900138,31,299,-268
113900139,568,384,184
113900140,37,157,-120
113900141,1077,186,891
113900142,139,48,91
113900143,6,95,-89
113900144,41,86,-45
113900145,372,48,324
113900146,422,222,200
113900148,17,80,-63
113900149,259,202,57
113900150,667,100,567
113900151,810,86,724
113900152,57,67,-10
113900153,72,102,-30
113900154,2,127,-125
113900155,178,221,-43
113900156,244,250,-6
113900157,86,481,-395
113900158,147,198,-51
113900159,1,388,-387
113900160,383,1368,-985
113900161,153,311,-158
113900162,218,247,-29
113900163,478,76,402
113900164,638,17,621
113900165,543,299,244
113900166,21,62,-41
113900167,621,29,592
113900168,35,55,-20
113900169,175,202,-27
113900171,356,72,284
113900172,41,58,-17
113900173,10,189,-179
113900174,352,258,94
113900175,357,282,75
113900176,257,193,64
113900177,175,47,128
113900178,306,360,-54
113900179,7,161,-154
113900180,126,25,101
113900181,1749,244,1505
113900182,947,222,725
113900183,90,6,84
113900184,37,220,-183
113900185,82,16,66
113900186,28,28,0
113900187,32,64,-32
113900188,10,38,-28
113900189,349,182,167
113900190,123,18,105
113900191,27,32,-5
113900192,4,1090,-1086
113900193,3,74,-71
113900194,801,270,531
113900195,116,121,-5
113900196,2,56,-54
113900197,0,94,-94
113900198,6,205,-199
113900199,24,155,-131
113900200,7,37,-30
113900201,0,60,-60
113900202,18,35,-17
113900203,0,25,-25
113900204,15,160,-145
113900205,0,28,-28
113900206,1,59,-58
113900207,0,21,-21
113900208,0,5,-5
113900209,0,27,-27
113900210,554,1001,-447
113900211,231,26,205
113900212,670,151,519
113900214,184,183,1
113900215,181,42,139
113900216,301,250,51
113900217,246,64,182
113900218,105,60,45
113900219,74,185,-111
113900220,270,237,33
113900221,495,993,-498
113900222,35,782,-747
113900223,604,153,451
113900224,29,19,10
113900225,1958,131,1827
113900226,378,184,194
113900227,298,567,-269
113900228,395,724,-329
113900229,20,1613,-1593
113900230,2500,4132,-1632
113900231,148,30,118
113900232,107,13,94
113900233,225,43,182
113900234,637,438,199
113900235,191,51,140
113900236,749,76,673
113900237,447,16,431
113900238,71,403,-332
113900239,71,115,-44
113900240,3,139,-136
113900241,41,46,-5
113900242,27,65,-38
113900243,17,112,-95
113900244,132,56,76
113900245,373,205,168
113900246,9,38,-29
113900247,50,782,-732
113900248,1789,2677,-888
113900249,212,914,-702
113900250,69,787,-718
113900251,1905,53,1852
113900252,1295,35,1260
113900253,973,42,931
113900254,533,188,345
113900255,1735,5,1730
113900256,893,31,862
113900257,7,179,-172
113900258,50,159,-109
113900259,1345,102,1243
113900260,461,9,452
113900261,69,42,27
113900262,248,139,109
113900263,6,110,-104
113900264,1,157,-156
113900265,143,3306,-3163
113900266,10,91,-81
113900267,126,322,-196
113900268,117,2903,-2786
113900269,63,247,-184
113900270,211,309,-98
113900271,933,257,676
113900273,16,8,8
113900274,83,64,19
113900275,5,43,-38
113900276,0,98,-98
113900277,674,4,670
113900278,350,135,215
113900279,43,29,14
113900280,714,497,217
113900281,124,991,-867
113900282,122,226,-104
113900283,507,510,-3
113900284,2167,98,2069
113900285,149,18,131
113900286,223,55,168
113900287,302,29,273
113900288,0,94,-94
113900289,254,225,29
113900290,431,1093,-662
113900291,194,49,145
113900292,1,23,-22
113900293,2,199,-197
113900294,1452,5,1447
113900295,499,94,405
113900296,764,237,527
113900297,3491,51,3440
113900298,29,1897,-1868
113900299,238,21,217
113900300,5930,6349,-419
113900301,233,1274,-1041
113900302,2478,1567,911
113900303,139,1724,-1585
113900304,2,113,-111
113900305,347,1,346
113900306,241,1,240
113900307,9,0,9
113900308,19,48,-29
113900309,1,306,-305
113900310,1,0,1
113900311,33,0,33
113900312,46,192,-146
113900313,5,3,2
114000001,1283,957,326
114000002,685,216,469
114000003,350,169,181
114000004,1336,162,1174
114000005,1213,163,1050
114000006,1787,700,1087
114000007,1921,609,1312
114000008,3025,1436,1589
114000009,3042,235,2807
114000011,4955,1503,3452
114000012,7531,2113,5418
114000013,4315,2080,2235
114000014,1646,56,1590
114000015,4701,284,4417
114000016,918,74,844
114000017,113,1782,-1669
114000018,144,20,124
114000026,6675,1177,5498
114000027,9153,3539,5614
114000028,2670,3945,-1275
114000038,757,140,617
114000039,293,9,284
114000040,257,676,-419
114000042,281,137,144
114000043,23,66,-43
114000044,1013,13,1000
114000045,100,47,53
114000046,2348,4589,-2241
114000047,14,109,-95
114000048,261,22,239
114000049,3859,1160,2699
114000050,3131,855,2276
114000051,5322,1817,3505
114000052,4985,5327,-342
114000053,61,1067,-1006
114000054,373,1070,-697
114000055,676,290,386
114000056,132,520,-388
114000057,4058,1412,2646
114000058,89,1172,-1083
114000059,44,2756,-2712
114000060,1167,677,490
114000061,3087,2831,256
114000062,570,909,-339
114000063,1696,1382,314
114000064,2128,5285,-3157
114000065,1504,1322,182
114000066,1507,844,663
114000067,55,2590,-2535
114000068,457,1216,-759
114000069,2400,379,2021
114000070,2605,1155,1450
114000071,1824,228,1596
114000072,2463,547,1916
114000073,30,5,25
114000074,183,12,171
114000075,168,55,113
114000076,98,30,68
114000077,17,2,15
114000078,1105,846,259
114000079,641,274,367
114000080,405,119,286
114000081,130,80,50
114000082,549,179,370
114000083,114,66,48
114000084,371,156,215
114000085,122,156,-34
114000086,474,605,-131
114000087,762,90,672
114000088,113,41,72
114000089,702,283,419
114000090,1217,980,237
114000091,1187,748,439
114000092,936,421,515
114000093,2470,504,1966
114000094,1023,370,653
114000095,412,377,35
114000096,90,122,-32
114000097,245,165,80
114000098,1558,113,1445
114000099,2220,96,2124
114000100,3947,334,3613
114000101,1288,315,973
114000102,1980,275,1705
114000103,422,99,323
114000104,29,462,-433
114000105,707,225,482
114000106,905,4793,-3888
114000107,952,207,745
114000108,633,496,137
114000109,1197,4107,-2910
114000110,2560,465,2095
114000111,5154,2079,3075
114000112,815,485,330
114000113,2144,258,1886
114000114,502,475,27
114000115,3150,547,2603
114000116,1226,2549,-1323
114000117,8222,722,7500
114000118,7978,346,7632
114000119,7039,515,6524
114000120,2040,506,1534
114000121,744,369,375
114000122,715,360,355
114000123,5401,387,5014
114000124,3558,268,3290
114000125,1504,1601,-97
114000126,4008,553,3455
114000127,458,115,343
114000128,2023,235,1788
114000130,1001,515,486
114000131,770,90,680
114000132,2088,232,1856
114000133,1279,656,623
114000134,288,10,278
114000138,95,60,35
114000139,717,476,241
114000144,1040,1196,-156
114000145,220,19,201
114000146,554,25,529
114000147,1522,3702,-2180
114000148,827,3034,-2207
114000149,519,370,149
114000150,410,648,-238
114000151,502,3224,-2722
114000152,105,82,23
114000153,1000,1762,-762
114000154,1324,414,910
114000155,1042,6760,-5718
114000156,1041,789,252
114000157,764,2783,-2019
114000158,690,433,257
114000159,624,174,450
114000160,297,204,93
114000161,1166,1329,-163
114000162,1428,2254,-826
114000163,111,26,85
114000165,468,450,18
114000166,601,312,289
114000167,2890,4255,-1365
114000168,451,164,287
114000169,1140,1207,-67
114000170,1188,1099,89
114000171,1457,7187,-5730
114000174,157,773,-616
114000176,246,465,-219
114000177,565,295,270
114000178,292,198,94
114000179,1236,587,649
114000180,200,175,25
114000181,1490,12275,-10785
114000182,1228,2960,-1732
114000183,761,1723,-962
114000184,416,413,3
114000185,2589,853,1736
114000189,3592,159,3433
114000190,7004,579,6425
114000191,282,1042,-760
114000192,124,413,-289
114000193,134,515,-381
114000194,4880,613,4267
114000195,752,850,-98
114000196,5,67,-62
114000197,4391,37,4354
114000198,1145,238,907
114000199,1630,1540,90
114000200,1512,697,815
114000201,442,990,-548
114000202,1647,620,1027
114000203,1205,471,734
114000204,339,319,20
114000205,873,6898,-6025
114000206,1740,949,791
114000207,515,797,-282
114000208,1206,564,642
114000209,720,936,-216
114000210,313,569,-256
114000211,3597,986,2611
114000212,1718,3836,-2118
114000213,3304,532,2772
114000214,279,36,243
114000215,283,108,175
114000216,3903,559,3344
114000217,878,155,723
114000218,1280,388,892
114000219,3455,184,3271
114000220,40,446,-406
114000221,2655,204,2451
114000222,296,387,-91
114000223,1401,183,1218
114000224,67,365,-298
114000225,903,242,661
114000226,478,152,326
114000227,1576,891,685
114000228,1908,392,1516
114000229,3047,861,2186
114000230,2676,596,2080
114000231,1441,1933,-492
114000232,2190,164,2026
114000233,4712,92,4620
114000234,2201,593,1608
114000235,3495,860,2635
114000236,1,183,-182
114000237,143,412,-269
114000238,153,507,-354
114000239,260,879,-619
114000240,1655,7591,-5936
114000241,408,1066,-658
114000242,989,1593,-604
114000243,4130,1297,2833
114000244,722,528,194
114000245,760,3025,-2265
114000246,206,466,-260
114000247,732,501,231
114000248,2977,590,2387
114000249,1362,349,1013
114000250,1872,188,1684
114000251,630,130,500
114000252,131,31,100
114000253,333,114,219
114000254,94,13,81
114000255,686,344,342
114000256,546,902,-356
114000257,1522,1165,357
114000258,1676,300,1376
114000259,459,677,-218
114000260,0,72,-72
114000261,73,46,27
114000262,799,812,-13
114000263,8,1,7
114000264,4204,307,3897
114000265,0,6,-6
114000267,6,5922,-5916
114000268,4,533,-529
114000270,715,20,695
114000271,334,86,248
114000283,3611,365,3246
114000285,59,99,-40
114000288,363,391,-28
114000289,3755,149,3606
114000293,624,783,-159
114000294,400,584,-184
114000395,5924,30,5894
114000396,903,611,292
114000402,1862,134,1728
114000403,1006,139,867
114000405,726,164,562
114000423,1608,113,1495
114000424,1154,245,909
114000425,3294,91,3203
114000426,692,1221,-529
114000427,147,76,71
114000428,77,142,-65
114000429,36,115,-79
114000432,326,25,301
114000434,48,28,20
114000435,8,14,-6
114000436,1640,222,1418
114000437,2238,21634,-19396
114900001,1555,186,1369
114900002,606,1193,-587
114900003,1353,287,1066
114900004,287,1306,-1019
114900005,696,130,566
114900006,154,295,-141
114900007,314,4,310
114900008,599,153,446
114900010,1109,2898,-1789
114900011,904,102,802
114900013,817,90,727
114900015,73,1471,-1398
114900018,1794,58,1736
114900020,172,58,114
114900022,6,999,-993
114900024,210,143,67
114900025,1107,95,1012
114900026,163,158,5
114900027,319,125,194
114900029,35,5,30
114900030,575,172,403
114900031,1507,7,1500
114900032,1376,2,1374
114900033,392,3424,-3032
114900034,55,39,16
114900035,159,132,27
114900036,379,169,210
114900037,250,46,204
114900038,683,330,353
114900039,1638,92,1546
114900040,331,10,321
114900041,3067,150,2917
114900042,3232,228,3004
114900043,733,97,636
114900044,301,79,222
114900046,51,30,21
114900047,354,7948,-7594
114900048,88,60,28
114900049,11,63,-52
114900050,51,70,-19
114900051,22,367,-345
114900052,25,2221,-2196
114900053,67,654,-587
114900054,59,23,36
114900057,359,21,338
114900058,0,17,-17
114900059,245,90,155
114900060,254,494,-240
114900061,205,30,175
114900062,267,195,72
114900063,215,25,190
114900064,3990,170,3820
114900065,433,1129,-696
114900067,57,255,-198
114900068,40,65,-25
114900069,468,13,455
114900070,1127,99,1028
114900072,0,115,-115
114900073,0,34,-34
114900074,2506,105,2401
114900075,698,9,689
114900076,1,115,-114
114900080,524,74,450
114900082,1639,3913,-2274
114900083,217,851,-634
114900090,1318,154,1164
114900091,245,108,137
114900095,145,40,105
114900096,97,284,-187
114900097,918,0,918
114900098,8,134,-126
114900099,419,26,393
115000001,5105,1965,3140
115000002,6352,9758,-3406
115000003,5832,1526,4306
115000004,8198,7908,290
115000005,2441,2465,-24
115000006,2472,1616,856
115000007,263,210,53
115000008,514,449,65
115000009,440,364,76
115000010,256,263,-7
115000013,26,190,-164
115000015,35,340,-305
115000016,192,266,-74
115000019,44,901,-857
115000020,232,1849,-1617
115000021,76,471,-395
115000022,198,104,94
115000023,357,831,-474
115000024,589,133,456
115000025,1259,646,613
115000026,301,146,155
115000027,601,368,233
115000028,405,215,190
115000029,1739,124,1615
115000030,959,453,506
115000031,931,210,721
115000032,9,456,-447
115000033,292,14,278
115000034,36,1895,-1859
115000035,1139,243,896
115000036,0,245,-245
115000037,1211,137,1074
115000038,79,134,-55
115000039,2369,7454,-5085
115000040,4820,3870,950
115000041,1657,9473,-7816
115000042,700,984,-284
115000043,3948,3783,165
115000044,3360,2936,424
115000045,5048,603,4445
115000046,4591,2331,2260
115000047,4289,1187,3102
115000048,4781,2202,2579
115000049,2746,3916,-1170
115000050,4723,942,3781
115000051,2485,7840,-5355
115000052,1476,1022,454
115000053,4134,4000,134
115000054,1132,993,139
115000055,272,1433,-1161
115000056,207,295,-88
115000057,722,1508,-786
115000058,80,704,-624
115000059,55,382,-327
115000061,198,461,-263
115000062,525,723,-198
115000063,1145,220,925
115000064,573,97,476
115000065,198,755,-557
115000067,465,34,431
115000069,105,573,-468
115000070,41,1736,-1695
115000071,187,53,134
115000072,7,40,-33
115000073,2888,177,2711
115000075,201,70,131
115000076,3093,1427,1666
115000077,3889,1097,2792
115000078,4173,836,3337
115000079,3393,1614,1779
115000080,7861,1263,6598
115000081,301,334,-33
115000082,9693,6300,3393
115000083,5033,726,4307
115000084,5225,528,4697
115000085,2659,583,2076
115000086,2329,379,1950
115000087,887,2126,-1239
115000088,1825,534,1291
115000089,2023,961,1062
115000090,716,1080,-364
115000091,423,264,159
115000092,1306,1865,-559
115000093,1918,0,1918
115000094,6055,14763,-8708
115000095,3600,13128,-9528
115000096,2258,638,1620
115000097,3712,2627,1085
115000098,3647,434,3213
115000099,5205,938,4267
115000100,3452,491,2961
115000101,1145,576,569
115000102,892,143,749
115000103,533,346,187
115000105,182,35,147
115000106,1794,758,1036
115000107,201,168,33
115000108,1753,1339,414
115000109,4203,8628,-4425
115000110,1461,3537,-2076
115000111,319,539,-220
115000112,782,746,36
115000113,474,374,100
115000114,797,448,349
115000116,2944,2458,486
115000117,1736,3047,-1311
115000118,2825,3878,-1053
115000119,2146,5669,-3523
115000120,765,938,-173
115000121,609,965,-356
115000122,602,2544,-1942
115000123,1547,1379,168
115000124,1261,1191,70
115000125,586,853,-267
115000126,142,359,-217
115000127,602,129,473
115000128,992,1024,-32
115000129,192,1278,-1086
115000130,674,635,39
115000131,2012,313,1699
115000132,1143,1486,-343
115000133,1972,1484,488
115000134,561,1704,-1143
115000135,328,1186,-858
115000136,394,275,119
115000137,51,449,-398
115000138,736,328,408
115000139,258,134,124
115000140,593,136,457
115000141,267,81,186
115000142,234,50,184
115000143,1445,513,932
115000144,867,82,785
115000145,365,81,284
115000146,723,972,-249
115000147,581,1461,-880
115000148,743,348,395
115000149,1251,306,945
115000150,1453,225,1228
115000151,2554,235,2319
115000152,2437,449,1988
115000153,3180,347,2833
115000154,2082,175,1907
115000155,1836,756,1080
115000156,1158,613,545
115000157,605,684,-79
115000158,329,306,23
115000159,578,376,202
115000160,495,613,-118
115000161,1188,1000,188
115000162,449,1912,-1463
115000163,450,298,152
115000164,342,411,-69
115000165,231,580,-349
115000167,177,94,83
115000168,751,543,208
115000169,474,848,-374
115000170,38,175,-137
115000171,334,415,-81
115000172,812,722,90
115000173,410,2083,-1673
115000174,80,524,-444
115000175,160,142,18
115000176,76,176,-100
115000177,89,279,-190
115000178,5,197,-192
115000179,26,203,-177
115000180,344,195,149
115000181,2097,183,1914
115000182,2492,223,2269
115000183,893,421,472
115000186,855,124,731
115000187,344,229,115
115000188,635,413,222
115000189,473,792,-319
115000190,756,1216,-460
115000191,329,1211,-882
115000194,162,78,84
115000195,191,462,-271
115000196,723,685,38
115000197,646,406,240
115000198,1332,261,1071
115000199,1498,60,1438
115000200,1015,136,879
115000201,628,563,65
115000206,1121,42,1079
115000207,1293,361,932
115000208,467,975,-508
115000209,1379,911,468
115000210,500,289,211
115000211,377,243,134
115000212,1059,256,803
115000224,448,33,415
115000225,173,47,126
115000229,198,71,127
115000230,202,340,-138
115000231,724,582,142
115000232,5890,402,5488
115000233,212,161,51
115000234,43,186,-143
115000241,290,54,236
115000242,607,36,571
115000243,558,45,513
115000244,7,126,-119
115000246,22,47,-25
115000247,22,50,-28
115000248,17,3,14
115000249,14,53,-39
115000250,473,11,462
115000251,696,72,624
115000252,209,290,-81
115000253,38,974,-936
115000258,857,65,792
115000259,288,41,247
115000261,75,34,41
115000262,32,75,-43
115000263,49,71,-22
115000264,16,14,2
115000267,25,23,2
115000268,31,40,-9
115000269,102,28,74
115000270,22,122,-100
115000272,218,67,151
115000273,1343,17,1326
115000280,1143,449,694
115000281,252,1133,-881
115000282,769,2639,-1870
115000284,151,326,-175
115000296,469,9,460
115000297,98,347,-249
115000298,61,762,-701
115000300,432,101,331
115000302,1349,286,1063
115000303,2176,67,2109
115000304,2193,164,2029
115000305,255,224,31
115000306,647,235,412
115000307,581,548,33
115000308,11,59,-48
115000309,19,138,-119
115000310,5012,273,4739
115000311,2872,719,2153
115000313,430,111,319
115000314,1009,509,500
115000315,278,1503,-1225
115000316,121,263,-142
115000317,411,417,-6
115000318,2107,530,1577
115000319,276,72,204
115000320,46,665,-619
115000321,956,37,919
115000322,151,71,80
115000449,177,286,-109
115000557,14,5102,-5088
115000558,118,118,0
115000587,1721,263,1458
115000588,2309,3111,-802
115000589,6806,3593,3213
115000590,929,3126,-2197
115000591,2641,1300,1341
115000592,656,1332,-676
115000593,2824,854,1970
115000594,325,2032,-1707
115000609,292,66,226
115000617,545,4678,-4133
115000624,741,16,725
115000633,579,1942,-1363
115000634,4641,879,3762
115000635,1294,135,1159
115000638,149,314,-165
115000641,67,545,-478
115000642,763,211,552
115000643,385,161,224
115000644,282,218,64
115000646,794,2380,-1586
115000647,419,474,-55
115000648,6382,497,5885
115000893,1740,853,887
115000894,256,656,-400
115000895,403,607,-204
115000896,1592,365,1227
115000897,609,96,513
115000898,867,402,465
115000899,258,1228,-970
115000900,135,359,-224
115000901,78,239,-161
115000912,1065,140,925
115000913,5,27,-22
115000915,16,0,16
115000916,0,0,0
115000917,0,69,-69
115000918,102,2818,-2716
115000919,49,102,-53
115000920,29,74,-45
115000921,590,112,478
115000922,290,677,-387
115000923,28,1153,-1125
115000925,286,260,26
115000927,40,114,-74
115000933,33,132,-99
115000934,51,192,-141
115000935,251,33,218
115900001,598,11,587
115900002,82,46,36
115900003,505,115,390
115900004,1,10,-9
115900005,686,30,656
115900006,437,118,319
115900008,373,2,371
115900009,115,79,36
115900010,1382,97,1285
115900011,639,92,547
115900012,559,11,548
115900013,803,87,716
115900014,205,38,167
115900015,490,25,465
115900016,191,30,161
115900017,261,82,179
115900018,236,12,224
115900019,204,21,183
115900020,633,1,632
115900021,404,485,-81
115900022,362,19,343
115900023,3,37,-34
115900025,29,548,-519
115900026,1474,80,1394
115900027,0,131,-131
115900028,180,26,154
115900029,22,130,-108
115900030,101,13,88
115900031,27,286,-259
115900032,739,712,27
115900033,0,62,-62
115900034,11,91,-80
115900035,133,18,115
115900036,44,6228,-6184
115900037,33,105,-72
115900038,104,5,99
115900039,651,94,557
115900041,140,1865,-1725
115900042,97,2,95
115900043,359,46,313
115900044,209,1447,-1238
115900046,1545,58,1487
115900047,53,273,-220
115900049,592,199,393
115900051,0,32,-32
115900052,84,47,37
115900053,1086,63,1023
115900054,820,20,800
115900055,27,32,-5
115900056,794,60,734
115900057,5,27,-22
115900058,4,12,-8
115900060,96,46,50
115900061,743,2,741
115900062,219,60,159
115900063,20,25,-5
115900064,175,208,-33
115900065,496,74,422
115900066,37,23,14
115900067,20,53,-33
115900068,1816,3033,-1217
115900069,41,245,-204
115900070,752,47,705
115900071,1,130,-129
115900072,26,55,-29
115900073,359,231,128
115900074,3,81,-78
115900075,103,102,1
115900076,1,30,-29
115900077,1,49,-48
115900078,82,1504,-1422
115900079,1093,17,1076
115900080,90,32,58
115900081,45,10,35
115900082,237,1226,-989
115900084,1691,20,1671
115900085,44,87,-43
115900086,981,550,431
115900088,3,190,-187
115900089,1116,208,908
115900090,1882,8,1874
115900091,56,13,43
115900092,117,45,72
115900093,6,23,-17
115900094,7,75,-68
115900096,11,11,0
115900097,17,79,-62
115900098,819,146,673
115900099,240,431,-191
115900100,32,110,-78
115900101,813,67,746
115900102,269,131,138
115900103,716,50,666
115900104,172,124,48
115900105,572,59,513
115900106,260,9,251
115900107,189,63,126
115900108,402,16,386
115900109,3,159,-156
115900110,20,1,19
115900111,1,18,-17
115900112,71,270,-199
115900113,111,11,100
115900114,14,24,-10
115900115,165,57,108
115900116,291,358,-67
115900117,224,2,222
115900118,16,57,-41
115900119,491,59,432
115900120,51,85,-34
115900121,470,35,435
115900124,223,1312,-1089
115900125,839,416,423
115900126,2214,94,2120
115900127,2312,116,2196
115900128,2,203,-201
115900129,1258,23,1235
115900130,17,305,-288
115900131,1041,289,752
115900132,1508,27,1481
115900134,968,18,950
115900135,274,583,-309
115900137,15,1,14
115900139,13,158,-145
115900140,999,34,965
115900141,2,61,-59
115900142,2,20,-18
115900143,496,109,387
115900144,440,102,338
115900146,34,42,-8
115900147,263,605,-342
115900148,20,25,-5
115900149,467,6,461
115900150,277,12,265
115900151,197,61,136
115900152,390,104,286
115900153,226,119,107
115900154,138,259,-121
115900155,0,13,-13
115900156,893,752,141
115900157,592,477,115
115900158,40,4,36
115900159,753,115,638
115900160,1,2,-1
115900161,55,40,15
115900163,793,47,746
115900164,2153,15,2138
115900165,2,561,-559
115900166,192,44,148
115900168,781,82,699
115900171,234,95,139
115900172,55,96,-41
115900173,524,112,412
115900174,69,102,-33
115900175,408,79,329
115900178,29,107,-78
115900179,929,7,922
115900180,52,29,23
115900181,615,58,557
115900182,1544,65,1479
115900183,10,459,-449
115900184,463,43,420
115900187,0,239,-239
115900189,0,231,-231
115900190,323,1067,-744
115900191,5,129,-124
115900192,36,108,-72
115900193,166,1014,-848
115900194,1999,43,1956
115900195,703,6014,-5311
115900198,1107,681,426
115900199,649,54,595
115900200,416,94,322
115900201,444,288,156
115900202,4,501,-497
115900203,0,5,-5
115900204,0,16,-16
115900205,14,4,10
115900206,1104,63,1041
115900207,99,17,82
115900208,264,53,211
115900209,9,67,-58
115900210,6,1055,-1049
115900211,1,140,-139
115900212,545,92,453
115900213,100,304,-204
115900214,1649,64,1585
115900215,25,374,-349
115900216,2,14,-12
115900217,0,18,-18
115900218,16,27,-11
115900219,377,4,373
115900220,592,6,586
115900221,287,10,277
115900222,147,120,27
115900223,6,1324,-1318
115900224,1080,3264,-2184
115900225,101,99,2
115900226,3,22,-19
115900227,39,12,27
115900228,1,37,-36
115900229,5,7,-2
115900230,185,56,129
115900231,343,5,338
115900232,203,3,200
115900233,337,23,314
115900234,104,46,58
115900235,57,52,5
115900236,46,776,-730
115900237,42,64,-22
115900238,29,44,-15
115900239,33,52,-19
115900240,10,47,-37
115900241,573,16,557
115900242,370,1093,-723
115900243,14,3,11
115900244,65,3,62
115900245,52,10,42
115900246,0,4,-4
115900247,0,0,0
115900248,8,2,6
115900249,22,3,19
115900250,62,5,57
115900251,32,2,30
115900252,17,2,15
115900253,54,7,47
115900254,12,50,-38
115900255,1,76,-75
115900256,18,108,-90
115900257,12,3,9
115900258,0,3,-3
115900259,114,11,103
115900260,27,1,26
115900261,57,1,56
115900262,9,1,8
115900263,51,3,48
115900264,176,4,172
115900265,38,1,37
115900266,1,1,0
115900267,1,46,-45
115900268,0,380,-380
115900269,2095,75,2020
115900270,874,77,797
115900271,399,0,399
115900272,125,3,122
115900273,33,43,-10
115900274,3,0,3
115900275,0,6,-6
115900276,0,8,-8
115900277,0,5,-5
115900278,135,87,48
115900279,27,330,-303
115900280,9,1882,-1873
115900281,42,232,-190
116000001,4649,1340,3309
116000002,6930,24839,-17909
116000003,1386,901,485
116000004,6661,8984,-2323
116000005,978,3267,-2289
116000006,3280,8451,-5171
116000007,1886,1880,6
116000008,8150,3686,4464
116000009,1161,785,376
116000010,5596,3700,1896
116000011,1117,865,252
116000012,3214,1785,1429
116000013,4287,2502,1785
116000014,9935,36592,-26657
116000015,153,3471,-3318
116000016,4016,10888,-6872
116000017,84,747,-663
116000018,610,255,355
116000019,2678,174,2504
116000020,616,847,-231
116000021,2295,170,2125
116000022,866,415,451
116000023,3418,2031,1387
116000024,751,713,38
116000025,1577,959,618
116000026,1753,3637,-1884
116000027,891,1080,-189
116000028,698,1079,-381
116000029,439,308,131
116000030,895,664,231
116000031,44,80,-36
116000032,478,91,387
116000033,1247,333,914
116000034,767,806,-39
116000035,480,311,169
116000036,227,1615,-1388
116000037,162,706,-544
116000038,141,905,-764
116000039,170,781,-611
116000040,609,926,-317
116000041,169,542,-373
116000042,1517,733,784
116000043,160,356,-196
116000044,3,14,-11
116000045,1370,1666,-296
116000046,1038,912,126
116000047,2669,3328,-659
116000048,3568,1668,1900
116000049,2756,2189,567
116000050,1756,1159,597
116000051,3766,2689,1077
116000052,3740,2440,1300
116000053,3611,748,2863
116000054,1325,2401,-1076
116000055,1104,1089,15
116000056,2545,1235,1310
116000057,2448,990,1458
116000058,4611,3241,1370
116000059,3342,6347,-3005
116000060,2715,1636,1079
116000061,165,1827,-1662
116000062,1090,276,814
116000063,904,2678,-1774
116000066,971,880,91
116000067,386,372,14
116000068,168,248,-80
116000069,426,214,212
116000078,890,1349,-459
116000080,1797,358,1439
116000082,3,15,-12
116000083,3216,323,2893
116000084,2112,1494,618
116000085,2344,3409,-1065
116000086,935,380,555
116000087,5263,2172,3091
116000088,3246,833,2413
116000089,301,161,140
116000090,368,133,235
116000091,278,1009,-731
116000093,1349,254,1095
116000094,2089,788,1301
116000095,1477,368,1109
116000096,4202,7177,-2975
116000097,2120,600,1520
116000098,46,21003,-20957
116000099,11374,429,10945
116000100,525,39,486
116000101,3799,333,3466
116000102,655,474,181
116000103,1010,697,313
116000104,325,1645,-1320
116000105,3304,199,3105
116000106,1036,6989,-5953
116000107,5278,1416,3862
116000108,91,4855,-4764
116000111,349,22,327
116000113,251,59,192
116000114,50,89,-39
116000115,506,165,341
116000116,445,114,331
116000117,2821,1288,1533
116000118,2716,717,1999
116000119,8110,1650,6460
116000120,3125,1993,1132
116000121,2110,336,1774
116000122,1215,486,729
116000123,2868,671,2197
116000124,1187,309,878
116000125,6306,593,5713
116000126,854,397,457
116000127,1582,576,1006
116000128,4569,723,3846
116000129,2957,113,2844
116000130,1786,957,829
116000133,4739,548,4191
116000134,2433,643,1790
116000135,5755,917,4838
116000136,1305,1190,115
116000137,1579,720,859
116000138,1049,364,685
116000139,2987,3598,-611
116000140,438,657,-219
116000141,1723,456,1267
116000142,4277,2340,1937
116000143,3278,2661,617
116000144,3517,1914,1603
116000145,5500,1017,4483
116000146,1892,179,1713
116000147,483,346,137
116000148,1884,1445,439
116000149,774,506,268
116000151,1257,737,520
116000153,180,618,-438
116000155,312,481,-169
116000156,1813,600,1213
116000157,186,8,178
116000158,873,134,739
116000159,13,6,7
116000160,131,35,96
116000161,9,93,-84
116000162,54,568,-514
116000163,134,14,120
116000164,56,17,39
116000177,160,3921,-3761
116000194,86,296,-210
116000195,5010,591,4419
116000196,236,105,131
116000197,153,86,67
116000198,3101,1416,1685
116000200,934,1393,-459
116000201,1179,425,754
116000202,25,573,-548
116000203,2,25,-23
116000204,13,15,-2
116000205,0,87,-87
116000206,0,558,-558
116000207,24,509,-485
116000233,140,270,-130
116000287,813,102,711
116000288,856,260,596
116000292,262,170,92
116000296,31,115,-84
116000297,147,16,131
116000304,788,21,767
116000305,2,109,-107
116000346,819,156,663
116000352,243,127,116
116000354,104,51,53
116000357,23,53,-30
116000358,1111,383,728
116000361,16,0,16
116000372,4012,11973,-7961
116000381,550,1,549
116000388,8,65,-57
116000389,1374,143,1231
116000445,2915,258,2657
116000446,1559,117,1442
116000447,48,936,-888
116000448,764,43,721
116000563,729,1122,-393
116000565,167,235,-68
116000568,109,931,-822
116000579,138,197,-59
116000584,141,1,140
116000585,279,63,216
116000586,49,142,-93
116000587,401,216,185
116000589,161,55,106
116000590,257,77,180
116000591,618,130,488
116000592,2,32,-30
116000593,0,20,-20
116000594,3637,145,3492
116000595,1610,100,1510
116000596,604,9,595
116000597,1565,550,1015
116000598,287,153,134
116000602,20,1736,-1716
116000605,427,68,359
116000606,136,695,-559
116000607,0,73,-73
116000609,81,2624,-2543
116000611,517,160,357
116000612,2982,3050,-68
116000613,1255,437,818
116000614,1094,147,947
116000615,1,422,-421
116000616,231,48,183
116000617,393,24,369
116000618,6,20,-14
116000619,56,187,-131
116000620,890,238,652
116000621,178,87,91
116000622,231,96,135
116000624,204,825,-621
116000627,46,28,18
116000628,123,60,63
116000629,74,159,-85
116000630,1828,18,1810
116000631,990,0,990
116000632,2635,74,2561
116000633,14,240,-226
116000634,2646,4,2642
116000635,1752,1985,-233
116900001,259,88,171
116900002,314,6,308
116900003,243,12,231
116900004,63,246,-183
116900005,721,28,693
116900006,151,436,-285
116900007,71,185,-114
116900008,1834,111,1723
116900009,32,59,-27
116900010,2,290,-288
116900011,14,20,-6
116900012,153,441,-288
116900013,9,113,-104
116900014,504,35,469
116900015,1641,47,1594
116900016,568,15,553
116900017,1,167,-166
116900018,182,147,35
116900019,3,108,-105
116900020,427,4335,-3908
116900023,96,41,55
116900024,2211,29,2182
116900025,3375,472,2903
116900026,31,253,-222
116900027,233,38,195
116900028,2,37,-35
116900029,0,296,-296
116900031,6,1,5
116900032,6,81,-75
116900033,58,13,45
116900034,6,13,-7
116900035,355,133,222
116900036,32,123,-91
116900038,36,9,27
116900041,405,8,397
116900042,324,144,180
116900043,53,48,5
116900045,251,98,153
116900047,71,603,-532
116900049,63,180,-117
116900050,71,130,-59
116900051,869,80,789
116900052,427,184,243
116900055,0,29,-29
116900057,37,97,-60
116900058,23,129,-106
116900059,1,34,-33
116900060,253,264,-11
116900062,1,348,-347
116900064,101,110,-9
116900065,7,70,-63
116900067,177,6,171
116900068,293,139,154
116900070,4,7,-3
116900072,104,65,39
116900073,19,61,-42
116900074,3,38,-35
116900076,18,295,-277
116900077,3,57,-54
116900078,197,29,168
116900079,94,77,17
116900080,2,38,-36
116900081,179,599,-420
116900082,265,1308,-1043
116900083,8,2,6
116900084,117,26,91
116900085,3,39,-36
116900086,21,157,-136
116900088,427,8,419
116900090,14,2,12
116900091,1387,30,1357
116900092,125,220,-95
116900093,2494,1826,668
116900094,4715,10801,-6086
116900095,565,179,386
116900096,309,797,-488
116900097,1567,8345,-6778
116900098,527,197,330
116900099,295,435,-140
116900100,3174,222,2952
116900101,184,515,-331
116900103,2,0,2
116900104,7,203,-196
116900105,1086,455,631
116900106,8668,80,8588
116900107,1218,5884,-4666
116900110,62,0,62
116900111,1958,447,1511
116900112,493,320,173
116900113,1333,4686,-3353
116900116,30,597,-567
116900117,588,896,-308
116900118,789,1567,-778
116900120,1001,82,919
116900121,505,29,476
116900122,3086,772,2314
116900123,1498,560,938
116900124,170,224,-54
116900125,1231,62,1169
116900126,127,1900,-1773
116900128,0,18,-18
116900129,0,281,-281
116900130,1015,10164,-9149
116900131,107,411,-304
116900132,211,125,86
116900133,685,130,555
116900134,557,167,390
116900136,326,924,-598
116900137,312,176,136
116900138,177,76,101
116900139,34,116,-82
116900140,177,49,128
116900141,944,94,850
116900142,2,49,-47
116900143,1192,101,1091
116900144,144,22,122
116900145,278,133,145
116900147,216,1296,-1080
116900148,3,14,-11
116900149,66,305,-239
116900150,22,1,21
116900151,37,10,27
116900153,311,216,95
116900154,379,1083,-704
116900155,156,150,6
116900157,2245,68,2177
116900158,207,459,-252
116900159,111,489,-378
116900160,1604,891,713
116900161,3643,19773,-16130
116900162,77,105,-28
116900163,770,69,701
116900164,198,57,141
116900165,1089,350,739
116900166,225,139,86
116900167,1454,15,1439
116900168,1547,15,1532
116900169,115,909,-794
116900170,1168,339,829
116900171,91,146,-55
116900172,139,1355,-1216
116900173,1239,6,1233
116900174,52,273,-221
116900175,830,361,469
116900178,113,82,31
116900179,82,808,-726
116900180,174,5,169
116900182,1052,199,853
116900183,367,195,172
116900185,45,9,36
116900186,253,65,188
116900187,116,97,19
116900188,438,21,417
116900189,21,0,21
116900191,130,107,23
116900192,915,214,701
116900194,154,2620,-2466
116900195,35,8,27
116900196,4,20,-16
116900197,336,17,319
116900198,57,1541,-1484
116900200,252,3,249
116900201,882,8,874
116900202,96,25,71
116900203,439,13,426
116900204,65,532,-467
116900206,50,0,50
116900207,26,41,-15
116900208,4,29,-25
116900209,51,15,36
116900210,548,243,305
116900211,410,5,405
116900212,348,3,345
116900213,245,110,135
116900214,686,170,516
116900215,77,32,45
116900216,473,136,337
116900218,9,211,-202
116900219,992,102,890
116900220,138,210,-72
116900221,293,281,12
116900222,463,234,229
116900223,87,59,28
116900226,687,12,675
116900227,721,17,704
116900228,917,135,782
116900230,134,67,67
116900231,177,166,11
116900232,113,248,-135
116900233,877,116,761
116900234,27,7,20
116900235,175,145,30
116900238,433,108,325
116900239,6,2102,-2096
116900240,4178,7681,-3503
116900241,218,68,150
116900242,965,1908,-943
116900243,6,76,-70
116900245,69,106,-37
116900246,126,12,114
116900247,2302,72,2230
116900248,132,22,110
116900249,1907,113,1794
116900250,1107,127,980
116900251,303,3003,-2700
116900252,851,831,20
116900253,345,33,312
116900254,140,196,-56
116900255,196,283,-87
116900256,1118,293,825
116900257,138,843,-705
116900258,8,20,-12
116900259,703,38,665
116900260,1,24,-23
116900261,95,9,86
116900262,238,190,48
116900263,0,14,-14
116900264,5,4,1
116900265,142,0,142
116900266,43,6,37
116900267,21,0,21
116900268,30,568,-538
116900269,490,1239,-749
116900271,616,1793,-1177
116900272,386,281,105
116900273,73,206,-133
116900274,358,10,348
116900275,708,76,632
116900276,329,785,-456
116900277,216,103,113
116900278,0,7,-7
116900279,16,18,-2
116900280,121,23,98
116900281,2748,15855,-13107
116900282,0,32,-32
116900283,0,19,-19
116900284,3,105,-102
116900285,115,871,-756
116900286,109,8,101
116900287,2,28,-26
116900288,340,49,291
116900289,125,1,124
116900290,9,0,9
116900291,37,28,9
116900292,0,32,-32
116900293,287,4,283
116900294,26,60,-34
116900295,248,178,70
116900296,48,111,-63
116900297,2,56,-54
116900298,30,75,-45
116900299,1,81,-80
116900300,1,79,-78
116900301,13,237,-224
116900302,7,118,-111
116900303,239,235,4
116900304,0,321,-321
116900305,35,59,-24
116900306,553,41,512
117000001,4808,4661,147
117000002,2623,3578,-955
117000003,8006,3094,4912
117000004,2819,4244,-1425
117000005,6027,2195,3832
117000006,1743,2037,-294
117000007,11815,1363,10452
117000008,1860,2828,-968
117000009,6606,1951,4655
117000010,1295,2630,-1335
117000011,6486,2087,4399
117000012,3078,2096,982
117000013,4654,1592,3062
117000014,2576,3028,-452
117000015,6490,2880,3610
117000016,335,400,-65
117000017,82,348,-266
117000018,153,1907,-1754
117000019,65,2,63
117000020,488,4970,-4482
117000021,1713,393,1320
117000022,85,547,-462
117000023,84,548,-464
117000024,244,839,-595
117000025,225,3591,-3366
117000026,2488,4181,-1693
117000027,778,2911,-2133
117000028,848,1917,-1069
117000030,240,548,-308
117000031,497,229,268
117000032,1734,1560,174
117000033,2745,2594,151
117000034,505,215,290
117000035,468,268,200
117000036,986,382,604
117000037,550,163,387
117000038,412,446,-34
117000039,283,398,-115
117000040,95,544,-449
117000041,2786,117,2669
117000044,18,408,-390
117000045,1931,781,1150
117000046,271,924,-653
117000047,749,1153,-404
117000048,1491,906,585
117000049,104,1387,-1283
117000050,1513,3017,-1504
117000051,5647,155,5492
117000052,263,206,57
117000053,3069,25,3044
117000054,3300,8,3292
117000055,1,970,-969
117000056,985,43,942
117000057,1984,2362,-378
117000060,493,857,-364
117000061,4390,2182,2208
117000062,199,785,-586
117000063,2576,791,1785
117000064,540,440,100
117000066,415,697,-282
117000067,130,661,-531
117000074,30,254,-224
117000076,66,99,-33
117000077,309,250,59
117000078,155,1563,-1408
117000079,568,270,298
117000080,0,527,-527
117000081,997,214,783
117000082,32,142,-110
117000083,104,26,78
117000084,295,3,292
117000085,943,2250,-1307
117000086,1224,647,577
117000087,186,869,-683
117000088,1038,256,782
117000089,5697,236,5461
117000090,755,604,151
117000091,3345,196,3149
117000092,932,566,366
117000093,4584,260,4324
117000094,1645,697,948
117000095,7009,392,6617
117000096,1549,734,815
117000097,5123,787,4336
117000098,3237,1533,1704
117000099,9256,816,8440
117000100,492,358,134
117000101,333,487,-154
117000102,4082,390,3692
117000103,958,692,266
117000104,3864,370,3494
117000105,985,739,246
117000106,4390,403,3987
117000107,1121,1024,97
117000108,5033,1000,4033
117000109,931,1639,-708
117000110,2757,3094,-337
117000111,6360,5030,1330
117000112,7896,1189,6707
117000113,182,75,107
117000114,715,1095,-380
117000115,135,49,86
117000116,400,538,-138
117000117,1789,924,865
117000118,749,517,232
117000119,184,557,-373
117000120,19,684,-665
117000121,9,1231,-1222
117000122,1287,2398,-1111
117000123,2680,67,2613
117000124,55,200,-145
117000125,46,498,-452
117000126,63,36,27
117000127,234,713,-479
117000128,115,1225,-1110
117000129,115,318,-203
117000130,65,0,65
117000131,0,102,-102
117000132,10335,13,10322
117000133,7926,43,7883
117000134,0,128,-128
117000135,0,174,-174
117000136,1,17,-16
117000137,507,114,393
117000138,2,1072,-1070
117000140,776,541,235
117000141,3618,494,3124
117000181,436,151,285
117000182,2609,3749,-1140
117000195,489,289,200
117000196,837,318,519
117000225,85,367,-282
117000226,3,298,-295
117000276,1075,60,1015
117000277,0,128,-128
117000310,1465,4924,-3459
117000315,249,1262,-1013
117000320,83,0,83
117000906,1353,30,1323
117000907,26,87,-61
117000908,3,253,-250
117000909,115,98,17
117000910,453,225,228
117000911,59,235,-176
117000915,0,138,-138
117000916,119,11,108
117000917,2733,147,2586
117000918,313,355,-42
117000919,3,94,-91
117000920,4,3329,-3325
117000921,0,382,-382
117000922,105,33,72
117000924,2935,674,2261
117000926,722,218,504
117000927,334,774,-440
117000928,0,110,-110
117000929,1078,122,956
117000930,1878,21,1857
117000931,117,89,28
117900002,211,1290,-1079
117900003,73,142,-69
117900005,0,278,-278
117900006,0,48,-48
117900007,490,103,387
117900008,0,15,-15
117900010,763,58,705
117900011,13,731,-718
117900012,253,44,209
117900013,0,1211,-1211
117900014,1466,82,1384
117900015,22,56,-34
117900016,1546,2282,-736
117900017,1772,338,1434
117900018,502,505,-3
117900019,1986,180,1806
117900020,45,280,-235
117900021,72,150,-78
117900022,35,10,25
117900023,3190,160,3030
117900024,253,186,67
117900025,38,1,37
117900026,1080,282,798
117900028,129,30,99
117900029,939,337,602
117900030,495,661,-166
117900031,640,513,127
117900032,2087,847,1240
117900033,1119,374,745
117900034,154,36,118
117900035,623,2183,-1560
117900036,624,286,338
117900037,548,58,490
117900038,218,67,151
117900039,0,117,-117
117900040,672,66,606
117900041,0,28,-28
117900042,3443,980,2463
117900043,0,17,-17
117900044,88,8021,-7933
117900045,661,108,553
117900048,557,356,201
117900049,538,409,129
117900050,3,331,-328
117900051,88,59,29
117900052,139,999,-860
117900053,3613,246,3367
117900054,0,14,-14
117900055,1471,412,1059
117900056,46,141,-95
117900057,2263,1254,1009
117900058,11,110,-99
117900059,206,280,-74
117900060,6688,3129,3559
117900061,2,442,-440
117900063,1240,281,959
117900065,534,1508,-974
117900066,4,289,-285
117900067,1770,205,1565
117900069,2232,114,2118
117900070,18,385,-367
117900071,460,152,308
117900073,2119,158,1961
117900074,5,614,-609
117900075,274,99,175
117900076,32,118,-86
117900077,1656,139,1517
117900078,1044,842,202
117900080,498,31,467
117900081,593,144,449
117900082,1751,417,1334
117900083,1826,635,1191
117900086,416,76,340
117900087,394,20,374
117900088,1181,861,320
117900089,5589,587,5002
117900090,1679,880,799
117900091,226,43,183
117900092,411,75,336
117900093,320,16,304
117900094,177,46,131
117900095,1286,612,674
117900096,361,477,-116
117900097,401,72,329
117900098,244,22,222
117900099,741,748,-7
117900100,1883,3,1880
117900101,1324,4073,-2749
117900102,253,19,234
117900103,252,2,250
117900104,12,430,-418
117900105,106,302,-196
117900106,202,11,191
117900107,298,0,298
117900109,3256,917,2339
117900110,654,2,652
117900111,2811,216,2595
117900112,290,3,287
117900113,2706,4376,-1670
117900114,130,1,129
117900115,25,217,-192
117900116,2051,489,1562
117900117,2180,212,1968
117900118,563,0,563
117900119,667,35,632
117900120,1710,7,1703
117900121,202,64,138
117900122,1291,12908,-11617
117900123,1785,673,1112
117900124,447,1928,-1481
117900125,2502,1108,1394
117900126,268,255,13
117900127,1771,700,1071
117900128,1081,445,636
117900129,463,2,461
117900130,1556,1404,152
117900131,20,197,-177
117900132,16,50,-34
117900133,17,42,-25
117900134,189,262,-73
117900135,125,92,33
117900136,0,4,-4
117900137,226,125,101
117900138,0,4,-4
117900139,68,95,-27
117900140,5602,917,4685
117900141,48,338,-290
117900142,35,521,-486
117900144,8,847,-839
117900145,14,489,-475
117900146,34,649,-615
117900147,182,150,32
117900148,3193,5205,-2012
117900149,108,149,-41
117900150,197,75,122
117900151,147,212,-65
117900152,63,127,-64
117900153,73,313,-240
117900154,1056,656,400
117900156,313,368,-55
117900157,140,389,-249
117900158,854,101,753
117900160,1999,931,1068
117900161,1499,513,986
117900162,1074,414,660
117900163,31,1152,-1121
117900165,0,7,-7
117900166,15,231,-216
117900168,192,191,1
117900169,0,41,-41
117900170,0,43,-43
117900171,10,12,-2
117900172,50,4,46
117900173,49,39,10
117900174,41,19,22
117900175,18,44,-26
117900176,38,9,29
117900177,86,7,79
117900178,157,41,116
117900180,398,31,367
117900181,142,996,-854
117900182,4,110,-106
117900183,311,106,205
117900184,41,356,-315
117900185,100,60,40
117900186,106,5,101
117900187,62,4,58
117900188,564,240,324
117900189,253,112,141
117900190,29,0,29
117900191,278,2,276
117900192,1029,1,1028
117900193,46,36,10
117900194,36,7,29
117900195,46,574,-528
117900196,117,36,81
117900207,102,276,-174
117900208,150,61,89
117900209,441,93,348
117900210,197,57,140
117900211,1,40,-39
117900212,270,135,135
117900213,83,21,62
117900214,15,9,6
117900215,61,22,39
117900216,6,40,-34
117900217,115,186,-71
117900218,37,110,-73
117900219,1,182,-181
117900220,15,238,-223
118000001,980,2289,-1309
118000002,603,1194,-591
118000003,2292,4293,-2001
118000004,1206,3691,-2485
118000005,5022,2788,2234
118000006,2779,3384,-605
118000007,7000,13144,-6144
118000008,1087,10586,-9499
118000009,1930,4569,-2639
118000010,4376,4413,-37
118000011,4654,1335,3319
118000012,1406,3236,-1830
118000013,3160,3372,-212
118000014,2063,2184,-121
118000016,550,161,389
118000017,1116,453,663
118000018,551,179,372
118000019,1301,2103,-802
118000020,430,2013,-1583
118000021,625,2260,-1635
118000022,1377,565,812
118000023,543,392,151
118000024,718,866,-148
118000025,26,52,-26
118000027,10026,6659,3367
118000029,623,1036,-413
118000032,360,2181,-1821
118000033,2065,4504,-2439
118000034,2818,3088,-270
118000035,2200,2332,-132
118000036,1551,1100,451
118000037,1066,1652,-586
118000038,990,83,907
118000039,184,130,54
118000040,3546,1618,1928
118000041,5579,2137,3442
118000045,154,238,-84
118000046,713,1348,-635
118000047,704,2929,-2225
118000048,1779,4086,-2307
118000051,1298,4143,-2845
118000052,471,1328,-857
118000053,397,2010,-1613
118000054,4839,2328,2511
118000055,2614,2081,533
118000056,126,1110,-984
118000057,152,1420,-1268
118000058,2549,8422,-5873
118000059,1427,4960,-3533
118000060,2123,1744,379
118000061,2209,1889,320
118000062,685,257,428
118000063,474,1096,-622
118000064,820,1917,-1097
118000065,2613,2325,288
118000066,1446,3137,-1691
118000067,538,857,-319
118000068,1039,13598,-12559
118000069,1421,1443,-22
118000070,10124,3200,6924
118000071,5330,16807,-11477
118000072,777,5434,-4657
118000073,477,2581,-2104
118000074,618,1222,-604
118000075,713,545,168
118000076,2211,10756,-8545
118000077,1293,1137,156
118000078,3111,2886,225
118000079,198,631,-433
118000080,535,704,-169
118000081,1706,1670,36
118000082,519,1174,-655
118000083,1441,1547,-106
118000084,1567,4398,-2831
118000086,166,971,-805
118000087,4487,2922,1565
118000088,2026,2023,3
118000089,4518,4780,-262
118000090,1717,5328,-3611
118000091,1606,8538,-6932
118000092,1029,732,297
118000093,137,805,-668
118000096,1011,500,511
118000097,1156,674,482
118000098,405,332,73
118000099,1160,289,871
118000101,3122,360,2762
118000102,538,438,100
118000107,1883,326,1557
118000108,963,10907,-9944
118000110,0,13,-13
118000111,1,93,-92
118000112,2923,35,2888
118000113,11,487,-476
118000114,2795,76,2719
118000115,47,13,34
118000116,77,0,77
118000117,773,648,125
118000118,1832,1357,475
118000119,2410,1595,815
118000120,1609,1170,439
118000121,13,475,-462
118000122,474,238,236
118000123,67,273,-206
118000125,1027,1387,-360
118000126,1192,3472,-2280
118000127,1740,1132,608
118000128,517,2522,-2005
118000129,2287,1382,905
118000130,2263,3651,-1388
118000131,478,917,-439
118000132,3471,3233,238
118000133,2754,981,1773
118000135,1237,1353,-116
118000136,93,1051,-958
118000137,507,115,392
118000138,775,324,451
118000139,971,113,858
118000140,5102,14127,-9025
118000141,4697,1775,2922
118000142,4867,2566,2301
118000143,4790,3021,1769
118000144,760,499,261
118000145,1641,1135,506
118000146,2280,265,2015
118000147,2070,741,1329
118000148,1488,1958,-470
118000149,1184,479,705
118000150,1585,167,1418
118000151,1209,212,997
118000153,3096,694,2402
118000154,2908,977,1931
118000155,4367,1146,3221
118000156,2221,5533,-3312
118000157,752,492,260
118000158,294,681,-387
118000159,82,156,-74
118000160,1318,370,948
118000161,909,336,573
118000162,2493,1156,1337
118000163,2039,1184,855
118000164,2696,1673,1023
118000168,668,2789,-2121
118000169,1387,903,484
118000170,4026,2794,1232
118000171,703,619,84
118000172,102,274,-172
118000173,1102,1404,-302
118000175,206,185,21
118000176,613,226,387
118000177,611,405,206
118000178,26,41,-15
118000179,794,667,127
118000180,760,487,273
118000181,572,127,445
118000182,384,137,247
118000183,353,260,93
118000184,2662,415,2247
118000185,448,2764,-2316
118000186,469,1573,-1104
118000187,4104,333,3771
118000188,2185,80,2105
118000189,2618,250,2368
118000190,6,7,-1
118000191,32,18,14
118000192,17,193,-176
118000193,21,182,-161
118000194,2492,1639,853
118000195,252,4340,-4088
118000196,76,942,-866
118000197,136,457,-321
118000198,370,2153,-1783
118000199,290,1420,-1130
118000200,92,849,-757
118000201,166,1077,-911
118000202,32,722,-690
118000203,320,2294,-1974
118000204,31,734,-703
118000205,75,409,-334
118000206,492,301,191
118000207,0,82,-82
118000208,2385,1745,640
118000209,3564,588,2976
118000210,539,21,518
118000211,375,84,291
118000213,628,5169,-4541
118000214,345,926,-581
118000215,583,120,463
118000216,13180,2530,10650
118000217,14,76,-62
118000218,172,45,127
118000219,247,328,-81
118000220,130,62,68
118000221,2098,1626,472
118000222,182,1,181
118000223,130,52,78
118000224,155,91,64
118000225,400,699,-299
118000226,3188,230,2958
118000227,585,624,-39
118000228,112,417,-305
118000229,38,757,-719
118000230,226,154,72
118000231,54,226,-172
118000232,1421,188,1233
118000233,2641,461,2180
118000234,990,99,891
118000236,436,431,5
118000237,378,156,222
118000238,435,89,346
118000239,668,303,365
118000240,112,85,27
118000241,482,130,352
118000242,1280,121,1159
118000243,462,100,362
118000244,139,47,92
118000246,1,48,-47
118000255,76,429,-353
118000256,327,214,113
118000259,77,154,-77
118000260,495,48,447
118000261,162,13,149
118000263,224,213,11
118000266,362,156,206
118000267,0,80,-80
118000268,487,2,485
118000270,382,4,378
118000271,545,131,414
118000272,64,32,32
118000273,735,38,697
118000274,84,176,-92
118000276,728,121,607
118000295,39,147,-108
118000298,138,143,-5
118000299,107,43,64
118000301,0,21,-21
118000302,170,13,157
118000311,2896,62,2834
118000312,891,77,814
118000313,149,42,107
118000314,276,31,245
118000315,171,25,146
118000316,1470,227,1243
118000325,223,22,201
118000326,83,54,29
118000331,137,4,133
118000332,15,13,2
118000333,154,38,116
118000335,1792,3,1789
118000336,0,221,-221
118000407,784,28,756
118000457,5,36,-31
118000465,702,3575,-2873
118000480,173,39,134
118000489,17,1141,-1124
118000490,1,215,-214
118000492,1057,299,758
118000510,88,15,73
118000514,101,284,-183
118000515,1161,2535,-1374
118000517,365,217,148
118000524,371,782,-411
118000525,439,808,-369
118000530,18,172,-154
118000531,817,247,570
118000532,399,146,253
118000533,321,82,239
118000534,1090,254,836
118000535,683,74,609
118000536,39,585,-546
118000537,53,106,-53
118000538,34,54,-20
118000539,50,193,-143
118000540,358,171,187
118000541,168,63,105
118000542,215,274,-59
118000543,562,278,284
118000546,123,16,107
118000560,765,4253,-3488
118000562,186,59,127
118000563,2036,2020,16
118000576,291,25,266
118000577,298,259,39
118000578,136,33,103
118000579,441,3268,-2827
118000595,319,77,242
118000596,0,149,-149
118000597,341,68,273
118000598,18,1,17
118000599,329,41,288
118000600,0,29,-29
118000601,117,0,117
118000602,0,15,-15
118000603,0,7,-7
118900001,693,1787,-1094
118900002,852,1282,-430
118900003,1552,6,1546
118900004,258,35,223
118900005,110,10,100
118900006,332,2,330
118900007,3,0,3
118900008,1019,21,998
118900009,233,213,20
118900010,226,23,203
118900011,247,12,235
118900012,296,188,108
118900013,1580,1192,388
118900015,657,22,635
118900016,8,4,4
118900017,55,273,-218
118900018,1653,42,1611
118900019,0,8,-8
118900020,30,147,-117
118900021,351,813,-462
118900022,175,15,160
118900023,93,113,-20
118900024,205,193,12
118900025,60,211,-151
118900026,100,9,91
118900027,384,287,97
118900028,387,108,279
118900029,333,440,-107
118900030,1761,175,1586
118900031,256,21,235
118900032,310,82,228
118900033,513,875,-362
118900034,452,89,363
118900035,236,94,142
118900036,2166,408,1758
118900037,535,1120,-585
118900038,978,55,923
118900039,2056,500,1556
118900040,511,87,424
118900041,1457,96,1361
118900042,157,57,100
118900045,327,293,34
118900046,377,286,91
118900047,211,539,-328
118900048,91,525,-434
118900049,78,10,68
118900050,220,5,215
118900051,149,103,46
118900052,395,614,-219
118900053,20,47,-27
118900054,209,108,101
118900055,358,7,351
118900056,47,294,-247
118900057,1155,806,349
118900058,882,527,355
118900059,19,75,-56
118900060,259,209,50
118900062,409,72,337
118900064,145,1044,-899
118900065,154,260,-106
118900066,198,99,99
118900067,3122,7231,-4109
118900068,15,701,-686
118900069,1172,109,1063
118900071,7,15,-8
118900072,805,1370,-565
118900073,621,72,549
118900074,308,63,245
118900075,599,7,592
118900076,319,32,287
118900077,921,165,756
118900078,4,0,4
118900079,27,99,-72
118900080,379,89,290
118900081,62,57,5
118900082,3957,310,3647
118900083,25,1,24
118900084,24,6,18
118900085,354,206,148
118900086,81,138,-57
118900087,191,1664,-1473
118900088,0,3,-3
118900089,32,14,18
118900090,303,115,188
118900091,254,295,-41
118900092,725,29,696
118900093,133,8,125
118900096,191,2,189
118900097,537,227,310
118900099,34,106,-72
118900100,75,126,-51
118900101,711,149,562
118900102,47,87,-40
118900103,18,82,-64
118900104,879,66,813
118900105,265,80,185
118900107,100,44,56
118900108,138,202,-64
118900109,7,32,-25
118900110,1690,2004,-314
118900111,1607,892,715
118900112,510,310,200
118900113,181,409,-228
118900114,7,59,-52
118900115,361,251,110
118900116,193,67,126
118900117,219,61,158
118900118,762,176,586
118900119,360,120,240
118900120,61,255,-194
118900121,60,68,-8
118900122,1,988,-987
118900123,105,297,-192
118900124,264,254,10
118900126,48,251,-203
118900129,450,115,335
118900130,29,83,-54
118900131,900,304,596
118900132,525,195,330
118900133,6,162,-156
118900135,351,124,227
118900136,516,170,346
118900137,3,124,-121
118900139,797,462,335
118900140,795,277,518
118900141,168,224,-56
118900144,283,145,138
118900145,11,317,-306
118900146,712,386,326
118900147,132,472,-340
118900148,57,49,8
118900150,93,905,-812
118900152,922,268,654
118900157,34,200,-166
118900158,572,51,521
118900159,1,119,-118
118900161,81,30,51
118900163,54,78,-24
118900164,0,26,-26
118900165,231,97,134
118900166,1,0,1
118900167,93,62,31
118900168,61,119,-58
118900169,426,166,260
118900170,899,101,798
118900171,148,24,124
118900174,54,47,7
118900175,883,388,495
118900176,380,497,-117
118900177,196,15,181
118900178,151,79,72
118900179,6,19,-13
118900181,184,49,135
118900182,21,64,-43
118900183,37,274,-237
118900184,229,22,207
118900185,137,23,114
118900186,117,66,51
118900187,223,432,-209
118900188,518,211,307
118900189,35,667,-632
118900190,211,113,98
118900191,1018,50,968
118900192,1345,62,1283
118900193,2571,26,2545
118900195,192,577,-385
118900196,26,74,-48
118900197,867,7,860
118900198,138,0,138
118900199,161,9,152
118900200,77,38,39
118900201,96,77,19
118900202,2,32,-30
118900203,158,14,144
118900204,47,7,40
118900205,1,1,0
118900206,4,3,1
119000001,2639,1941,698
119000002,5210,3884,1326
119000003,9343,1205,8138
119000004,5558,2805,2753
119000005,4090,4550,-460
119000006,7551,3713,3838
119000007,6565,5729,836
119000008,3165,2673,492
119000009,3149,11325,-8176
119000010,5742,7871,-2129
119000011,2921,3865,-944
119000012,1583,6189,-4606
119000013,4771,2189,2582
119000014,3841,4006,-165
119000019,565,312,253
119000020,4884,2365,2519
119000021,9030,4790,4240
119000022,2106,7063,-4957
119000023,150,437,-287
119000024,2170,34707,-32537
119000025,4938,1703,3235
119000026,35,680,-645
119000027,150,726,-576
119000028,2426,800,1626
119000029,27,169,-142
119000030,1058,852,206
119000031,2370,871,1499
119000032,2124,1665,459
119000033,4319,1013,3306
119000034,3160,715,2445
119000035,25,149,-124
119000036,6001,298,5703
119000037,3340,652,2688
119000038,537,277,260
119000039,1050,764,286
119000040,713,1226,-513
119000041,1439,2771,-1332
119000048,2686,1177,1509
119000049,5334,1637,3697
119000050,1439,5084,-3645
119000051,4105,2353,1752
119000052,3296,2676,620
119000053,3341,1265,2076
119000054,5566,982,4584
119000055,10511,1084,9427
119000056,6487,1330,5157
119000057,2884,600,2284
119000058,1964,773,1191
119000059,1093,573,520
119000060,3925,513,3412
119000061,1306,387,919
119000062,1491,730,761
119000063,1241,850,391
119000064,896,731,165
119000065,1712,3618,-1906
119000066,2686,1355,1331
119000067,2528,818,1710
119000068,3353,514,2839
119000069,3616,1090,2526
119000070,6992,327,6665
119000071,911,297,614
119000072,5596,2723,2873
119000073,7038,14990,-7952
119000074,3440,1179,2261
119000075,8895,2412,6483
119000076,148,559,-411
119000077,1596,510,1086
119000078,924,434,490
119000079,254,341,-87
119000080,1403,215,1188
119000081,527,295,232
119000082,1704,220,1484
119000083,1083,520,563
119000084,702,309,393
119000085,777,119,658
119000086,512,914,-402
119000087,785,147,638
119000088,558,27,531
119000089,157,183,-26
119000090,163,40,123
119000091,102,307,-205
119000092,241,163,78
119000093,3942,1630,2312
119000094,7931,6044,1887
119000095,5013,3098,1915
119000097,1339,770,569
119000098,1599,9723,-8124
119000099,2175,711,1464
119000100,7095,3609,3486
119000101,6004,1969,4035
119000102,403,2254,-1851
119000103,1259,810,449
119000104,1465,623,842
119000105,1860,4475,-2615
119000106,876,476,400
119000107,2520,844,1676
119000108,1185,431,754
119000109,165,358,-193
119000110,297,241,56
119000111,85,950,-865
119000112,172,73,99
119000113,1100,232,868
119000114,1732,2273,-541
119000115,78,166,-88
119000116,120,94,26
119000117,473,390,83
119000118,29,0,29
119000123,2296,2205,91
119000124,2139,175,1964
119000125,9960,524,9436
119000126,2737,377,2360
119000127,1507,256,1251
119000128,31,1,30
119000131,2159,182,1977
119000132,1,0,1
119000133,13,16,-3
119000134,849,1073,-224
119000135,485,166,319
119000136,780,34,746
119000137,721,92,629
119000138,1707,50,1657
119000139,220,53,167
119000140,574,439,135
119000284,1438,2050,-612
119000285,1671,910,761
119000286,4269,2670,1599
119000287,2630,3470,-840
119000288,3380,975,2405
119000289,1864,1830,34
119000290,503,390,113
119000291,82,477,-395
119000293,277,246,31
119000294,59,43,16
119000295,2237,245,1992
119000296,578,105,473
119000302,1527,1667,-140
119000303,8,134,-126
119000314,2825,19948,-17123
119000315,1,95,-94
119000316,405,48,357
119000317,269,123,146
119900001,117,2458,-2341
119900002,713,205,508
119900003,14,219,-205
119900004,156,5037,-4881
119900005,576,97,479
119900006,125,530,-405
119900007,579,437,142
119900008,61,938,-877
119900009,674,198,476
119900010,1218,407,811
119900011,27,540,-513
119900012,14,258,-244
119900013,2102,1272,830
119900014,854,79,775
119900015,735,85,650
119900016,189,78,111
119900017,45,99,-54
119900018,665,3568,-2903
119900019,136,5,131
119900020,195,101,94
119900021,225,44,181
119900022,99,2356,-2257
119900023,503,4784,-4281
119900025,886,28,858
119900026,737,124,613
119900027,5,25,-20
119900028,548,584,-36
119900029,4,6,-2
119900030,1196,1421,-225
119900031,93,1441,-1348
119900033,1237,327,910
119900034,2000,39,1961
119900037,306,7,299
119900038,33,937,-904
119900039,165,6,159
119900040,184,54,130
119900041,558,10,548
119900042,97,1664,-1567
119900043,165,212,-47
119900044,171,1440,-1269
119900046,551,13,538
119900047,1535,453,1082
119900048,185,9,176
119900049,267,1,266
119900050,403,259,144
119900051,2536,14,2522
119900052,346,12,334
119900053,890,312,578
119900054,935,9,926
119900055,2366,250,2116
119900057,891,19,872
119900058,1026,11,1015
119900059,205,21,184
119900060,590,46,544
119900061,26,0,26
119900062,420,3,417
119900063,82,158,-76
119900064,1650,169,1481
119900065,389,2,387
119900066,0,0,0
119900067,202,435,-233
119900068,1976,5,1971
119900069,275,12,263
119900070,2503,111,2392
119900071,1989,40,1949
119900072,36,5,31
119900073,3915,104,3811
119900074,117,45,72
119900075,2143,1609,534
119900076,1882,280,1602
119900077,2622,259,2363
119900078,1213,1357,-144
119900079,1659,115,1544
119900080,3875,479,3396
119900081,1572,15,1557
119900082,5217,370,4847
119900083,700,65,635
119900084,958,455,503
119900085,91,15,76
119900086,482,54,428
119900087,258,472,-214
119900088,154,14,140
119900089,79,170,-91
119900090,117,11,106
119900091,47,154,-107
119900092,9,742,-733
119900093,1897,125,1772
119900094,8,280,-272
119900095,250,29,221
119900096,103,109,-6
119900097,111,265,-154
119900098,38,20,18
119900099,37,108,-71
119900100,466,3417,-2951
119900101,127,763,-636
119900102,121,73,48
119900103,54,72,-18
119900104,31,51,-20
119900105,928,1577,-649
119900106,29,64,-35
119900107,336,940,-604
119900108,3428,612,2816
119900109,35,70,-35
119900110,841,322,519
119900111,471,100,371
119900112,557,1385,-828
119900113,103,183,-80
119900114,532,317,215
119900115,1338,198,1140
119900116,342,538,-196
119900117,651,196,455
119900118,347,155,192
119900119,691,163,528
119900120,531,209,322
119900121,1332,236,1096
119900122,163,71,92
119900123,168,177,-9
119900124,623,230,393
119900125,123,88,35
119900126,1661,282,1379
119900127,672,158,514
119900128,1030,1667,-637
119900129,963,124,839
119900130,32,37,-5
119900131,102,47,55
119900132,0,41,-41
119900133,401,93,308
119900134,304,69,235
119900135,1,146,-145
119900136,152,116,36
119900138,254,226,28
119900139,16,1417,-1401
119900140,3,47,-44
119900141,4,1177,-1173
119900142,24,25,-1
119900143,15,169,-154
119900144,657,235,422
119900145,40,266,-226
119900146,529,235,294
119900147,4,186,-182
119900148,791,21,770
119900149,366,12071,-11705
119900150,230,99,131
119900151,2552,1349,1203
119900152,503,60,443
119900153,427,45,382
119900154,36,144,-108
119900155,95,16,79
119900156,17,2,15
119900157,236,69,167
119900158,364,70,294
119900159,6,221,-215
119900160,5,83,-78
119900161,269,46,223
119900162,2365,835,1530
119900163,308,241,67
119900164,0,0,0
119900165,277,50,227
119900166,121,22,99
119900167,1,38,-37
119900168,3328,239,3089
119900169,20,332,-312
119900170,372,170,202
119900171,1487,808,679
119900172,55,23,32
119900173,6,61,-55
119900174,0,79,-79
119900175,4473,247,4226
119900177,12,64,-52
119900178,8,63,-55
119900179,575,2130,-1555
119900180,2743,666,2077
119900181,38,68,-30
119900182,2,78,-76
119900183,152,425,-273
119900184,550,503,47
119900185,89,547,-458
119900186,18,3050,-3032
119900187,2,139,-137
119900188,194,279,-85
119900189,238,230,8
119900190,145,497,-352
119900191,295,309,-14
119900192,29,117,-88
119900193,1733,153,1580
119900194,112,28,84
119900195,4,112,-108
119900196,306,157,149
119900197,772,179,593
119900198,128,922,-794
119900199,241,12,229
119900200,1275,2039,-764
119900201,138,84,54
119900202,19,459,-440
119900203,215,932,-717
119900204,598,193,405
119900205,2797,291,2506
119900206,738,735,3
119900208,604,81,523
119900209,918,3756,-2838
119900210,213,13,200
119900211,140,3,137
119900212,810,508,302
119900213,11,93,-82
119900214,224,47,177
119900215,124,14,110
119900216,61,5,56
119900217,7,9,-2
119900218,10,329,-319
119900219,63,38,25
119900220,4,15,-11
119900221,103,45,58
119900222,43,31,12
119900223,10,17,-7
119900224,17,8,9
119900225,304,35,269
119900226,157,3453,-3296
119900227,204,125,79
119900228,14,2776,-2762
119900229,78,156,-78
119900230,2245,197,2048
119900231,891,76,815
119900232,218,108,110
119900233,81,1,80
119900234,8,140,-132
119900235,6,42,-36
119900236,188,150,38
119900237,296,393,-97
119900238,1,48,-47
119900240,262,99,163
119900241,483,192,291
119900242,2110,2005,105
119900244,788,1070,-282
119900245,359,215,144
119900246,187,496,-309
119900247,19,26,-7
119900248,41,905,-864
119900249,493,80,413
119900253,1649,394,1255
119900254,90,2743,-2653
119900255,197,754,-557
119900256,2428,230,2198
119900257,259,4,255
119900258,522,17,505
119900259,5,56,-51
119900260,418,8,410
119900261,1034,2388,-1354
119900262,0,76,-76
119900263,2113,251,1862
119900264,468,39,429
119900265,1057,377,680
119900266,1224,183,1041
119900267,369,350,19
119900268,485,56,429
119900269,3084,576,2508
119900271,206,130,76
119900272,174,144,30
119900275,264,33,231
119900276,147,0,147
119900277,30,43,-13
119900278,601,54,547
119900279,218,319,-101
119900280,700,53,647
119900281,1,595,-594
119900282,18,126,-108
119900283,48,61,-13
119900284,47,103,-56
119900285,0,69,-69
119900286,0,11,-11
119900288,4,4,0
119900289,0,11,-11
119900290,20,0,20
119900291,0,44,-44
119900292,26,104,-78
119900293,42,47,-5
119900294,25,48,-23
119900295,25,9,16
119900296,185,31,154
119900297,2,38,-36
119900298,3,18,-15
119900299,530,250,280
119900300,1390,973,417
119900301,58,164,-106
119900302,23,227,-204
119900303,819,1736,-917
119900304,536,1,535
119900305,3,58,-55
119900306,21,0,21
119900307,75,74,1
119900308,10,28,-18
119900309,101,363,-262
119900310,617,144,473
119900311,458,26,432
119900312,153,33,120
119900313,255,313,-58
119900314,459,574,-115
119900315,4437,571,3866
119900318,19,141,-122
119900319,1,74,-73
119900320,624,153,471
119900321,680,29,651
120000001,12107,45674,-33567
120000002,4103,3182,921
120000003,3182,879,2303
120000004,3601,938,2663
120000005,3394,1260,2134
120000006,1948,885,1063
120000007,3819,6110,-2291
120000008,1786,712,1074
120000009,1583,894,689
120000010,3474,6633,-3159
120000011,1864,1393,471
120000012,2763,1365,1398
120000013,5530,2881,2649
120000014,1399,1381,18
120000015,3989,1459,2530
120000016,6596,2856,3740
120000017,7227,6468,759
120000018,4185,30051,-25866
120000019,1753,1574,179
120000020,2845,3966,-1121
120000021,2208,1249,959
120000022,2924,3361,-437
120000023,2295,1411,884
120000024,1396,1803,-407
120000025,4753,1611,3142
120000026,6036,1523,4513
120000027,3598,2215,1383
120000028,773,2203,-1430
120000029,2016,1594,422
120000030,244,2189,-1945
120000031,2649,6854,-4205
120000032,5156,2009,3147
120000033,6092,922,5170
120000034,8077,822,7255
120000035,7813,1216,6597
120000036,6035,6863,-828
120000037,760,3359,-2599
120000038,6070,2877,3193
120000039,827,3267,-2440
120000040,111,18118,-18007
120000041,1090,2053,-963
120000042,5719,1626,4093
120000043,10343,965,9378
120000044,13556,2068,11488
120000045,14345,663,13682
120000046,8820,7426,1394
120000047,704,20166,-19462
120000048,8120,3834,4286
120000049,7094,2362,4732
120000050,5891,4578,1313
120000051,3021,6325,-3304
120000052,7629,809,6820
120000053,3044,1227,1817
120000054,2776,2409,367
120000055,2487,3113,-626
120000056,5744,3630,2114
120000057,5457,3109,2348
120000058,2017,1223,794
120000059,20,3366,-3346
120000061,144,1177,-1033
120000062,167,231,-64
120000063,749,2127,-1378
120000064,659,1044,-385
120000065,772,5137,-4365
120000066,296,214,82
120000067,38,187,-149
120000068,657,215,442
120000069,1702,312,1390
120000070,553,534,19
120000071,2482,239,2243
120000072,2954,773,2181
120000073,2692,82,2610
120000074,130,161,-31
120000075,2827,744,2083
120000076,6479,2019,4460
120000077,5729,491,5238
120000078,3126,1027,2099
120000079,345,137,208
120000080,45,231,-186
120000081,301,86,215
120000082,397,179,218
120000083,55,804,-749
120000084,491,445,46
120000085,494,1020,-526
120000086,319,216,103
120000087,342,252,90
120000088,970,614,356
120000089,1371,230,1141
120000090,1199,449,750
120000091,2804,1745,1059
120000092,1841,317,1524
120000093,2181,433,1748
120000094,828,737,91
120000095,1443,181,1262
120000096,649,284,365
120000098,1668,2504,-836
120000099,608,305,303
120000100,1230,498,732
120000101,1180,542,638
120000102,1445,1480,-35
120000103,2740,1299,1441
120000104,4523,571,3952
120000105,4855,187,4668
120000106,7709,418,7291
120000107,13785,941,12844
120000108,4660,196,4464
120000109,2851,100,2751
120000110,50,692,-642
120000111,258,603,-345
120000112,896,1077,-181
120000113,859,1882,-1023
120000114,750,766,-16
120000115,578,708,-130
120000116,542,1305,-763
120000117,626,693,-67
120000118,67,43,24
120000119,9,54,-45
120000120,280,379,-99
120000121,20,18,2
120000122,317,1638,-1321
120000123,2117,17280,-15163
120000124,625,421,204
120000125,2158,645,1513
120000126,770,1539,-769
120000127,855,928,-73
120000128,2970,3835,-865
120000129,223,147,76
120000130,1205,568,637
120000131,827,439,388
120000134,1240,192,1048
120000135,2263,979,1284
120000137,716,257,459
120000138,4721,155,4566
120000139,903,479,424
120000140,4253,165,4088
120000141,1052,2364,-1312
120000142,1952,2415,-463
120000143,0,22,-22
120000144,295,41,254
120000145,1660,4,1656
120000146,926,1215,-289
120000149,560,446,114
120000150,1662,16451,-14789
120000151,1410,275,1135
120000152,3287,133,3154
120000153,2326,524,1802
120000154,1030,903,127
120000155,604,615,-11
120000156,944,4231,-3287
120000157,2988,520,2468
120000158,1967,1017,950
120000159,3142,1129,2013
120000160,2585,1471,1114
120000161,6702,3276,3426
120000162,224,258,-34
120000163,2617,337,2280
120000164,2257,196,2061
120000165,2981,287,2694
120000166,4406,411,3995
120000167,145,267,-122
120000168,1,823,-822
120000169,28,1361,-1333
120000170,22,1237,-1215
120000171,4,433,-429
120000172,1,223,-222
120000173,147,724,-577
120000174,19,73,-54
120000175,22,55,-33
120000176,7,29,-22
120000177,523,107,416
120000178,10,25,-15
120000179,51,92,-41
120000180,38,116,-78
120000181,39,940,-901
120000182,25,569,-544
120000183,1,210,-209
120000184,87,843,-756
120000186,21,655,-634
120000187,5,596,-591
120000188,14,279,-265
120000190,47,16,31
120000191,79,33,46
120000192,53,5,48
120000193,17,8,9
120000195,4,3,1
120000196,20,15,5
120000197,10,11,-1
120000198,774,19,755
120000199,780,1,779
120000200,527,1,526
120000201,41,145,-104
120000202,1,42,-41
120000203,416,86,330
120000207,0,16,-16
120000208,37,36,1
120000209,27,13,14
120000210,263,165,98
120000211,1138,5,1133
120000212,901,1,900
120000213,689,377,312
120000214,1,42,-41
120000215,14,52,-38
120000216,838,39,799
120000217,247,675,-428
120000218,35,428,-393
120000219,5,286,-281
120000220,0,632,-632
120000225,5387,18,5369
120000226,1312,34,1278
120000227,1793,299,1494
120000228,14951,7476,7475
120000230,920,23,897
120000231,4523,500,4023
120000233,1943,14,1929
120000235,904,558,346
120000236,4781,0,4781
120000237,2,820,-818
120000238,1,416,-415
120000241,1809,8536,-6727
120000412,1338,3,1335
120000413,1594,151,1443
120000414,800,8,792
120000415,0,16,-16
120000416,336,24,312
120000417,45,1873,-1828
120000418,663,25,638
120000419,14,49,-35
120000420,93,20,73
120000421,8931,4866,4065
120000422,98,5497,-5399
120000423,5,182,-177
120000424,719,60,659
120000436,126,2213,-2087
120000437,135,66,69
120000438,1685,316,1369
120000439,372,1199,-827
120000443,485,3,482
120000444,4391,581,3810
120000445,4279,1953,2326
120000446,1381,98,1283
120000447,1585,4,1581
120000449,581,19,562
120000450,1,156,-155
120000451,350,119,231
120000452,313,3,310
120000453,0,32,-32
120000454,74,125,-51
120000455,231,48,183
120000456,2136,8817,-6681
120000457,652,218,434
120000458,953,442,511
120000459,706,130,576
120000665,137,619,-482
120000668,141,1643,-1502
120000669,969,136,833
120000670,57,603,-546
120000671,5748,1340,4408
120000672,91,388,-297
120900001,120,47,73
120900002,131,717,-586
120900003,233,10,223
120900004,28,311,-283
120900005,21,247,-226
120900006,1627,204,1423
120900007,421,177,244
120900008,1265,467,798
120900009,248,6,242
120900010,1516,226,1290
120900011,14,113,-99
120900012,37,1803,-1766
120900013,593,129,464
120900014,1,136,-135
120900015,2378,161,2217
120900016,4011,55,3956
120900017,1935,56,1879
120900018,736,165,571
120900019,607,418,189
120900020,414,553,-139
120900021,681,115,566
120900022,3,76,-73
120900023,1013,1734,-721
120900024,2030,879,1151
120900025,1614,629,985
120900026,291,112,179
120900027,582,28,554
120900028,1369,247,1122
120900029,22,1802,-1780
120900030,3592,485,3107
120900031,724,98,626
120900032,3682,461,3221
120900033,3426,218,3208
120900034,25,5545,-5520
120900035,390,82,308
120900037,1068,23,1045
120900038,127,913,-786
120900039,175,69,106
120900040,1160,15,1145
120900041,20,18,2
120900042,1667,37,1630
120900043,332,127,205
120900044,12,642,-630
120900045,389,39,350
120900046,2003,10,1993
120900047,228,353,-125
120900048,337,27,310
120900049,1707,21,1686
120900050,615,6370,-5755
120900051,1301,80,1221
120900052,3403,14,3389
120900053,1350,83,1267
120900054,1470,203,1267
120900055,1896,12,1884
120900056,1441,65,1376
120900057,835,20,815
120900058,2097,17,2080
120900059,522,6,516
120900060,197,12,185
120900061,360,122,238
120900062,1079,2,1077
120900063,2441,38,2403
120900064,2184,13,2171
120900065,1557,5,1552
120900066,3438,473,2965
120900067,478,156,322
120900068,1392,3,1389
120900069,1282,39,1243
120900071,50,3,47
120900072,2415,20,2395
120900073,2246,37,2209
120900074,2929,91,2838
120900076,1652,0,1652
120900077,1412,621,791
120900078,1973,187,1786
120900079,3053,230,2823
120900080,2772,324,2448
120900081,5022,457,4565
120900082,1099,602,497
120900083,239,4,235
120900084,1040,697,343
120900085,75,66,9
120900086,54,1617,-1563
120900087,795,281,514
120900088,260,1185,-925
120900089,4785,7547,-2762
120900090,648,46,602
120900091,173,1282,-1109
120900092,275,153,122
120900093,991,123,868
120900094,423,123,300
120900095,540,7,533
120900096,217,146,71
120900097,987,358,629
120900098,40,80,-40
120900099,246,28,218
120900100,67,68,-1
120900101,41,74,-33
120900102,142,32,110
120900103,238,164,74
120900104,18,36,-18
120900105,28,397,-369
120900106,394,226,168
120900107,285,104,181
120900108,5,272,-267
120900109,77,247,-170
120900110,15,217,-202
120900111,339,227,112
120900112,44,172,-128
120900113,23,718,-695
120900114,60,130,-70
120900115,143,226,-83
120900116,2296,147,2149
120900117,10,88,-78
120900118,59,3538,-3479
120900119,6795,2474,4321
120900120,200,248,-48
120900121,54,204,-150
120900122,2451,162,2289
120900123,9,51,-42
120900124,5,165,-160
120900125,14,386,-372
120900126,190,294,-104
120900127,32,141,-109
120900128,506,469,37
120900129,10,148,-138
120900130,42,259,-217
120900131,32,114,-82
120900132,2902,181,2721
120900133,21,592,-571
120900134,89,162,-73
120900135,3,1049,-1046
120900136,23,170,-147
120900137,990,74,916
120900138,3,140,-137
120900139,4,221,-217
120900140,3,166,-163
120900141,804,152,652
120900142,0,96,-96
120900143,1,194,-193
120900144,0,27,-27
120900145,167,3448,-3281
120900146,2,99,-97
120900147,0,23,-23
120900148,454,106,348
120900149,1,82,-81
120900150,157,89,68
120900151,0,93,-93
120900152,0,1,-1
120900153,1,1,0
120900154,0,68,-68
120900155,559,234,325
120900156,651,116,535
120900157,0,8,-8
120900158,124,156,-32
120900159,2,54,-52
120900160,66,542,-476
120900161,81,506,-425
120900162,35,360,-325
120900163,37,433,-396
120900164,0,26,-26
120900165,0,67,-67
120900166,70,578,-508
120900167,225,36,189
120900169,453,178,275
120900170,541,7742,-7201
120900171,464,69,395
120900172,37,934,-897
120900173,0,34,-34
120900174,23,116,-93
120900175,208,93,115
120900176,57,779,-722
120900177,6,4249,-4243
120900178,4,1560,-1556
120900179,82,135,-53
120900180,48,156,-108
120900181,20,11,9
120900182,65,68,-3
120900183,454,88,366
120900184,206,52,154
120900185,287,1425,-1138
120900186,0,121,-121
120900187,1829,891,938
120900188,962,9,953
120900189,46,6923,-6877
120900190,706,48,658
120900191,365,5,360
120900192,6456,26797,-20341
120900194,242,127,115
120900195,327,141,186
120900196,379,16,363
120900197,1250,101,1149
120900198,95,502,-407
120900199,481,1551,-1070
120900200,45,106,-61
120900201,181,66,115
120900202,0,84,-84
120900203,35,49,-14
120900204,48,141,-93
120900205,584,14,570
120900206,143,117,26
121000001,909,1516,-607
121000002,3301,2572,729
121000003,6175,2341,3834
121000004,2317,4864,-2547
121000005,2899,3888,-989
121000006,2722,3536,-814
121000007,3882,4873,-991
121000008,4952,5775,-823
121000009,5760,10481,-4721
121000010,6522,8548,-2026
121000011,6307,7539,-1232
121000012,13847,5343,8504
121000013,6521,5450,1071
121000014,5349,3310,2039
121000015,5755,8357,-2602
121000016,3917,5152,-1235
121000017,5121,2141,2980
121000018,4581,2121,2460
121000019,10132,9658,474
121000020,9356,16642,-7286
121000021,2378,4392,-2014
121000022,3638,5177,-1539
121000023,3724,2114,1610
121000024,6770,9157,-2387
121000025,348,2434,-2086
121000026,227,150,77
121000027,1615,1555,60
121000028,1155,667,488
121000029,1525,689,836
121000030,1182,531,651
121000031,580,700,-120
121000032,319,106,213
121000034,406,627,-221
121000035,215,227,-12
121000036,2003,1160,843
121000037,774,1055,-281
121000038,435,1278,-843
121000039,226,389,-163
121000041,467,441,26
121000042,266,467,-201
121000043,478,686,-208
121000044,1243,1551,-308
121000045,1074,420,654
121000046,1877,1022,855
121000047,24,105,-81
121000049,1170,713,457
121000050,280,1802,-1522
121000051,1167,381,786
121000052,695,975,-280
121000053,356,224,132
121000054,57,725,-668
121000055,1055,3047,-1992
121000056,1013,2084,-1071
121000057,178,545,-367
121000058,257,111,146
121000059,4414,1182,3232
121000060,696,1207,-511
121000061,17,546,-529
121000062,95,683,-588
121000063,1182,1544,-362
121000064,680,873,-193
121000065,367,682,-315
121000066,517,378,139
121000067,465,1003,-538
121000068,578,621,-43
121000069,144,1541,-1397
121000070,1477,2352,-875
121000071,2827,1996,831
121000072,875,2081,-1206
121000073,1214,3831,-2617
121000074,63,817,-754
121000075,42,57,-15
121000076,515,308,207
121000077,180,205,-25
121000078,103,160,-57
121000080,2305,612,1693
121000081,3398,4867,-1469
121000082,105,140,-35
121000083,53,127,-74
121000084,168,197,-29
121000085,163,634,-471
121000086,1195,849,346
121000087,88,275,-187
121000088,1125,1128,-3
121000089,234,720,-486
121000090,297,307,-10
121000091,1591,759,832
121000092,428,40,388
121000093,578,176,402
121000094,590,1326,-736
121000095,329,789,-460
121000096,7355,1836,5519
121000097,580,2132,-1552
121000098,1432,500,932
121000099,1561,589,972
121000100,2006,190,1816
121000101,918,155,763
121000102,858,168,690
121000103,620,281,339
121000104,784,129,655
121000105,797,82,715
121000106,916,206,710
121000107,2250,2312,-62
121000109,1460,948,512
121000110,190,819,-629
121000114,3489,2028,1461
121000115,2181,576,1605
121000116,431,797,-366
121000117,323,251,72
121000118,1944,235,1709
121000119,798,262,536
121000120,985,1417,-432
121000121,1110,1710,-600
121000123,1258,345,913
121000126,134,317,-183
121000127,659,133,526
121000128,2657,156,2501
121000129,2628,255,2373
121000130,1504,1186,318
121000131,2763,1191,1572
121000132,1010,717,293
121000135,558,715,-157
121000136,789,1935,-1146
121000137,826,532,294
121000138,518,3442,-2924
121000139,172,864,-692
121000141,290,227,63
121000142,658,503,155
121000143,95,20,75
121000144,668,993,-325
121000145,1150,692,458
121000146,2001,945,1056
121000147,2904,580,2324
121000148,1217,430,787
121000149,4685,2012,2673
121000152,307,633,-326
121000153,1596,459,1137
121000154,1895,630,1265
121000155,2591,1134,1457
121000156,540,1006,-466
121000157,530,1156,-626
121000158,300,260,40
121000159,418,314,104
121000160,476,243,233
121000161,337,435,-98
121000162,353,81,272
121000165,1079,2391,-1312
121000166,79,460,-381
121000168,957,171,786
121000169,114,79,35
121000170,540,73,467
121000171,79,145,-66
121000172,1435,2197,-762
121000173,1911,1914,-3
121000174,1355,705,650
121000175,2982,368,2614
121000176,754,167,587
121000177,1327,728,599
121000178,105,129,-24
121000179,76,404,-328
121000181,365,357,8
121000182,310,631,-321
121000183,103,384,-281
121000184,21,231,-210
121000185,11,408,-397
121000186,264,757,-493
121000187,338,331,7
121000188,575,43,532
121000192,1458,253,1205
121000193,1401,234,1167
121000194,1946,1978,-32
121000195,352,1216,-864
121000196,816,479,337
121000197,96,858,-762
121000198,212,241,-29
121000199,336,240,96
121000200,1062,230,832
121000201,13,229,-216
121000202,1133,164,969
121000203,1291,1268,23
121000204,5188,539,4649
121000205,220,250,-30
121000206,163,75,88
121000207,4361,1036,3325
121000208,21,357,-336
121000209,1601,111,1490
121000210,2070,391,1679
121000211,818,85,733
121000212,929,538,391
121000213,16079,4257,11822
121000214,1348,3794,-2446
121000215,671,1704,-1033
121000216,609,957,-348
121000217,5308,5444,-136
121000218,628,2153,-1525
121000219,2245,1073,1172
121000220,337,86,251
121000221,954,860,94
121000222,8054,3611,4443
121000223,145,566,-421
121000224,111,648,-537
121000225,579,12104,-11525
121000226,956,3725,-2769
121000227,11,169,-158
121000228,67,630,-563
121000229,1110,341,769
121000230,70,2797,-2727
121000231,3342,47,3295
121000232,406,306,100
121000233,1251,476,775
121000234,28,74,-46
121000235,123,212,-89
121000236,3,60,-57
121000237,20,74,-54
121000238,11,158,-147
121000239,266,26,240
121000240,6,168,-162
121000241,167,12,155
121000242,10,168,-158
121000243,275,65,210
121000244,0,45,-45
121000245,64,13,51
121000246,1,76,-75
121000247,253,11,242
121000248,445,332,113
121000249,183,306,-123
121000250,916,832,84
121000251,38,221,-183
121000252,336,203,133
121000253,660,587,73
121000254,1366,392,974
121000255,106,641,-535
121000256,505,674,-169
121000257,41,404,-363
121000258,56,410,-354
121000259,32,174,-142
121000260,25,148,-123
121000261,104,307,-203
121000262,1771,440,1331
121000263,913,1783,-870
121000271,1139,1901,-762
121000273,94,19,75
121000274,19,320,-301
121000275,1,17,-16
121000276,30,124,-94
121000278,163,28,135
121000279,93,144,-51
121000280,64,61,3
121000289,867,30,837
121000290,1294,1274,20
121000294,816,32,784
121000297,421,1399,-978
121000299,137,5266,-5129
121000300,2027,873,1154
121000302,10,745,-735
121000303,1118,291,827
121000304,1120,46,1074
121000305,651,63,588
121000306,436,165,271
121000308,169,192,-23
121000309,286,254,32
121000310,205,210,-5
121000311,137,295,-158
121000312,768,562,206
121000313,199,250,-51
121000314,31,53,-22
121000315,19,105,-86
121000530,4173,1446,2727
121000531,3365,2865,500
121000532,6559,7391,-832
121000533,5354,3020,2334
121000918,35,98,-63
121000919,43,160,-117
121000938,112,153,-41
121000939,18,343,-325
121000956,3809,2735,1074
121000957,22,34,-12
121000958,2,130,-128
121000959,2841,367,2474
121000960,2531,1623,908
121000961,897,65,832
121000962,238,287,-49
121000973,1,775,-774
121000976,28,105,-77
121000979,396,111,285
121000981,743,116,627
121000982,918,607,311
121000983,1136,106,1030
121000984,9,76,-67
121000985,2382,707,1675
121000986,2185,147,2038
121000987,725,577,148
121000988,2755,110,2645
121001302,354,157,197
121001308,0,17,-17
121001309,11,601,-590
121001313,418,327,91
121001314,2654,2971,-317
121001315,6578,4476,2102
121900001,295,917,-622
121900002,55,140,-85
121900003,783,29,754
121900004,32,651,-619
121900005,33,2,31
121900006,428,37,391
121900007,2102,2390,-288
121900008,60,135,-75
121900009,1380,17,1363
121900010,628,3,625
121900011,439,130,309
121900012,21,0,21
121900013,93,128,-35
121900014,3213,453,2760
121900015,126,119,7
121900016,6,33,-27
121900017,901,1850,-949
121900018,1110,10,1100
121900019,1020,173,847
121900020,69,17,52
121900021,2415,41,2374
121900022,456,126,330
121900023,291,469,-178
121900024,682,55,627
121900025,1008,383,625
121900026,308,78,230
121900027,563,283,280
121900028,382,10,372
121900029,175,454,-279
121900030,557,438,119
121900031,1578,11166,-9588
121900032,315,88,227
121900033,152,169,-17
121900034,314,142,172
121900035,6081,3558,2523
121900036,195,230,-35
121900037,253,869,-616
121900038,51,39,12
121900039,323,36,287
121900040,95,88,7
121900041,45,144,-99
121900042,749,136,613
121900043,2,2,0
121900044,53,67,-14
121900046,292,129,163
121900047,268,43,225
121900048,119,55,64
121900050,39,124,-85
121900051,260,268,-8
121900052,223,7,216
121900053,688,772,-84
121900054,719,3419,-2700
121900055,4,22,-18
121900058,674,204,470
121900059,399,160,239
121900060,237,618,-381
121900061,244,143,101
121900062,198,107,91
121900063,3336,430,2906
121900064,867,741,126
121900066,219,57,162
121900067,97,339,-242
121900069,135,179,-44
121900070,252,295,-43
121900071,1230,323,907
121900072,40,119,-79
121900073,308,191,117
121900074,335,615,-280
121900075,582,934,-352
121900076,805,1356,-551
121900077,85,14,71
121900078,273,109,164
121900079,0,0,0
121900080,1434,268,1166
121900082,72,92,-20
121900084,35,21,14
121900085,2,8,-6
121900086,69,66,3
121900087,156,48,108
121900088,1404,2033,-629
121900089,671,132,539
121900090,53,232,-179
121900091,161,8,153
121900092,515,110,405
121900093,171,85,86
121900094,9,30,-21
121900095,617,144,473
121900096,1868,664,1204
121900097,1335,77,1258
121900098,16,4,12
121900099,719,13,706
121900100,83,193,-110
121900101,185,112,73
121900102,1,43,-42
121900103,719,214,505
121900104,3176,738,2438
121900105,282,174,108
121900106,1,22,-21
121900107,345,30,315
121900108,1,27,-26
121900109,268,132,136
121900110,1416,432,984
121900111,458,285,173
121900112,201,117,84
121900113,50,945,-895
121900114,209,87,122
121900115,269,472,-203
121900117,165,82,83
121900118,1645,738,907
121900119,270,210,60
121900120,40,1049,-1009
121900121,380,12,368
121900122,325,71,254
121900123,310,416,-106
121900124,197,364,-167
121900125,2717,1517,1200
121900127,58,56,2
121900128,147,52,95
121900129,181,86,95
121900130,119,366,-247
121900131,386,224,162
121900132,159,77,82
121900133,13,693,-680
121900134,12,313,-301
121900135,4756,333,4423
121900136,330,1112,-782
121900137,54,367,-313
121900138,96,349,-253
121900139,460,1834,-1374
121900140,69,57,12
121900141,102,56,46
121900142,132,17,115
121900143,9,180,-171
121900144,85,531,-446
121900145,306,963,-657
121900146,518,452,66
121900147,78,149,-71
121900148,100,232,-132
121900149,465,379,86
121900150,88,68,20
121900151,22,188,-166
121900152,235,64,171
121900153,33,273,-240
121900154,3,269,-266
121900155,0,416,-416
121900156,169,129,40
121900157,7,61,-54
121900158,149,118,31
121900159,0,89,-89
121900160,248,127,121
121900161,122,188,-66
121900162,115,142,-27
121900163,963,255,708
121900164,223,165,58
121900165,193,142,51
121900166,185,106,79
121900167,92,34,58
121900168,118,22,96
121900169,28,151,-123
121900170,23,110,-87
121900171,1706,505,1201
121900172,809,206,603
121900173,733,353,380
121900174,301,32,269
121900175,135,680,-545
121900176,1315,1540,-225
121900177,343,129,214
121900178,115,46,69
121900179,403,523,-120
121900180,1456,9998,-8542
121900182,603,400,203
121900183,226,3056,-2830
121900184,36,991,-955
121900186,14,491,-477
121900187,21,107,-86
121900188,1718,134,1584
121900189,83,87,-4
121900190,158,470,-312
121900191,18,338,-320
121900192,286,2165,-1879
121900193,87,94,-7
121900194,19,220,-201
121900195,24,51,-27
121900196,1041,1110,-69
121900197,486,840,-354
121900198,2768,3470,-702
121900199,1,69,-68
121900200,86,712,-626
121900201,722,1325,-603
121900202,166,1969,-1803
121900203,70,1180,-1110
121900204,1053,2139,-1086
121900205,16,95,-79
121900206,13,56,-43
121900207,42,79,-37
121900208,128,425,-297
121900209,347,141,206
121900210,3275,1490,1785
121900211,17,59,-42
121900212,60,223,-163
121900213,877,19,858
121900214,2,920,-918
121900215,106,244,-138
121900216,7,435,-428
121900217,147,354,-207
121900218,155,707,-552
121900220,176,21,155
121900221,398,407,-9
121900222,503,55,448
121900223,150,100,50
121900224,148,128,20
121900225,132,466,-334
121900226,320,32,288
121900227,366,2666,-2300
121900228,203,346,-143
121900229,420,347,73
121900230,100,335,-235
121900231,35,822,-787
121900232,107,538,-431
121900233,387,188,199
121900234,546,350,196
121900235,1271,97,1174
121900236,468,218,250
121900237,159,500,-341
121900238,144,345,-201
121900239,195,37,158
121900240,199,121,78
121900241,89,54,35
121900242,58,1,57
121900243,21,0,21
121900244,30,3,27
121900245,443,48,395
121900246,8256,278,7978
121900247,266,774,-508
121900248,1547,801,746
121900250,309,191,118
121900251,528,36,492
121900252,494,122,372
121900253,30,580,-550
121900254,302,283,19
121900255,506,72,434
121900258,5343,2401,2942
121900259,305,444,-139
121900260,324,92,232
121900261,187,681,-494
121900262,427,1500,-1073
121900263,390,292,98
121900264,892,1016,-124
121900265,789,103,686
121900266,1279,124,1155
121900267,226,26,200
121900269,414,1493,-1079
121900270,99,382,-283
121900271,151,132,19
121900273,694,2679,-1985
121900274,1060,226,834
121900276,48,11,37
121900277,295,778,-483
121900278,165,1085,-920
121900279,320,207,113
121900280,193,556,-363
121900281,155,125,30
121900284,49,1,48
121900286,379,198,181
121900287,11,74,-63
121900290,184,1057,-873
121900291,428,720,-292
121900292,316,70,246
121900293,1191,4670,-3479
121900294,507,19,488
121900295,392,97,295
121900296,112,184,-72
121900298,183,1535,-1352
121900299,1,60,-59
121900300,42,33,9
121900301,27,2,25
121900302,41,100,-59
121900303,121,433,-312
121900304,59,23,36
121900305,22,24,-2
121900306,894,14,880
121900307,482,15,467
121900308,28,153,-125
121900309,1,108,-107
121900310,32,185,-153
121900311,1417,71,1346
121900312,869,5,864
121900313,905,6,899
121900314,29,6,23
121900315,69,0,69
121900316,0,0,0
121900317,60,15,45
121900318,0,2,-2
121900319,58,297,-239
121900320,39,13,26
121900321,70,0,70
121900322,17,2,15
121900323,18,40,-22
121900324,2,24,-22
121900325,19,0,19
121900326,0,9,-9
121900327,24,56,-32
121900328,0,50,-50
121900329,12,30,-18
121900330,2,143,-141
121900331,6,180,-174
121900332,55,41,14
121900333,37,2,35
122000001,2081,3630,-1549
122000002,3259,718,2541
122000003,988,2405,-1417
122000004,1040,2092,-1052
122000005,5221,2224,2997
122000006,531,858,-327
122000007,517,965,-448
122000008,986,1926,-940
122000009,264,404,-140
122000010,2252,2258,-6
122000011,3121,1046,2075
122000012,591,1346,-755
122000013,567,1080,-513
122000014,6624,1221,5403
122000015,1225,545,680
122000016,454,460,-6
122000017,1174,830,344
122000018,2559,1364,1195
122000019,808,1976,-1168
122000020,228,377,-149
122000021,164,362,-198
122000022,828,1075,-247
122000023,769,1867,-1098
122000024,360,1646,-1286
122000025,308,2272,-1964
122000026,322,1019,-697
122000027,662,654,8
122000028,1365,583,782
122000029,471,582,-111
122000030,175,133,42
122000031,186,466,-280
122000032,2532,1849,683
122000033,362,1388,-1026
122000034,312,992,-680
122000035,123,416,-293
122000036,617,399,218
122000037,388,238,150
122000038,139,260,-121
122000039,689,340,349
122000040,220,350,-130
122000041,1029,842,187
122000042,453,649,-196
122000043,76,115,-39
122000044,85,97,-12
122000045,1307,538,769
122000046,1085,688,397
122000047,63,84,-21
122000048,2798,4305,-1507
122000049,6255,4779,1476
122000050,595,545,50
122000051,146,708,-562
122000052,477,517,-40
122000053,304,1826,-1522
122000054,2955,1879,1076
122000055,2021,2546,-525
122000056,3405,2546,859
122000057,2501,2681,-180
122000058,414,1314,-900
122000059,548,2134,-1586
122000060,350,504,-154
122000061,91,438,-347
122000062,757,479,278
122000063,270,1674,-1404
122000064,3367,4127,-760
122000065,2451,2290,161
122000066,935,1507,-572
122000067,1149,1822,-673
122000068,3603,1707,1896
122000069,1612,896,716
122000070,1772,2244,-472
122000071,4134,1382,2752
122000072,695,522,173
122000073,155,913,-758
122000074,3443,1687,1756
122000075,1294,1155,139
122000076,3777,1409,2368
122000077,530,1527,-997
122000078,489,1578,-1089
122000079,197,2213,-2016
122000080,575,348,227
122000081,85,187,-102
122000082,266,1250,-984
122000083,7358,1035,6323
122000084,5821,1887,3934
122000085,566,1259,-693
122000086,3251,8238,-4987
122000087,158,320,-162
122000088,115,319,-204
122000089,4874,3485,1389
122000090,280,1377,-1097
122000091,134,501,-367
122000092,39,129,-90
122000093,1549,4537,-2988
122000094,5880,3280,2600
122000095,678,4633,-3955
122000096,479,3288,-2809
122000098,3889,3730,159
122000099,302,2663,-2361
122000100,759,479,280
122000101,285,1547,-1262
122000102,3323,1227,2096
122000103,1508,1898,-390
122000104,1648,142,1506
122000105,750,418,332
122000106,548,1563,-1015
122000107,1941,301,1640
122000108,850,585,265
122000109,473,245,228
122000110,649,423,226
122000111,1717,1292,425
122000112,1647,1872,-225
122000113,801,402,399
122000114,1498,3406,-1908
122000115,4356,2200,2156
122000116,344,1114,-770
122000117,2031,1408,623
122000118,1515,1511,4
122000119,1822,1913,-91
122000120,1285,1903,-618
122000121,1993,2117,-124
122000122,882,966,-84
122000123,1703,2364,-661
122000124,932,623,309
122000125,332,832,-500
122000126,419,550,-131
122000127,250,899,-649
122000128,758,364,394
122000129,425,3376,-2951
122000130,3949,1003,2946
122000131,2369,622,1747
122000132,244,257,-13
122000133,1982,723,1259
122000134,2064,875,1189
122000135,689,184,505
122000136,1600,712,888
122000137,4240,763,3477
122000139,968,4647,-3679
122000140,144,1190,-1046
122000141,4320,1883,2437
122000142,138,1763,-1625
122000143,386,308,78
122000144,3584,889,2695
122000145,1278,3165,-1887
122000146,633,4576,-3943
122000147,855,1075,-220
122000148,395,1473,-1078
122000149,2439,602,1837
122000150,2601,1292,1309
122000151,187,326,-139
122000152,430,338,92
122000153,559,338,221
122000154,165,184,-19
122000155,1387,4095,-2708
122000156,8841,4141,4700
122000157,678,9572,-8894
122000158,372,1012,-640
122000159,2131,684,1447
122000160,3172,1360,1812
122000161,1670,1461,209
122000162,751,1156,-405
122000163,403,103,300
122000164,42,176,-134
122000165,1072,1746,-674
122000166,732,2154,-1422
122000167,266,632,-366
122000168,274,1316,-1042
122000169,402,118,284
122000170,400,299,101
122000171,12,69,-57
122000172,2210,1441,769
122000173,1842,2812,-970
122000174,1196,5101,-3905
122000175,589,335,254
122000176,487,1755,-1268
122000177,690,2000,-1310
122000178,3665,4171,-506
122000179,3568,4943,-1375
122000180,636,932,-296
122000181,666,1859,-1193
122000182,1013,1254,-241
122000183,2178,1011,1167
122000184,3745,3405,340
122000185,1151,2688,-1537
122000186,440,1253,-813
122000187,2734,971,1763
122000188,470,265,205
122000189,346,373,-27
122000190,686,2692,-2006
122000191,682,875,-193
122000192,1692,412,1280
122000193,735,730,5
122000194,434,209,225
122000195,174,1138,-964
122000196,2332,373,1959
122000197,804,620,184
122000198,480,2309,-1829
122000199,277,301,-24
122000200,821,785,36
122000201,928,3296,-2368
122000202,718,3468,-2750
122000203,2451,1814,637
122000204,2076,1292,784
122000205,1202,599,603
122000206,5336,1097,4239
122000207,3045,1940,1105
122000208,2888,1691,1197
122000209,2916,467,2449
122000210,3605,2084,1521
122000211,1746,2142,-396
122000212,935,553,382
122000213,919,1961,-1042
122000214,2542,2281,261
122000215,2769,3116,-347
122000217,1443,2176,-733
122000218,766,80,686
122000219,1432,584,848
122000220,395,899,-504
122000221,107,309,-202
122000222,615,186,429
122000223,937,965,-28
122000225,883,641,242
122000226,2127,1394,733
122000227,223,1640,-1417
122000228,500,840,-340
122000229,33,2227,-2194
122000230,24,510,-486
122000231,328,1641,-1313
122000232,720,471,249
122000233,0,48,-48
122000234,1194,99,1095
122000235,824,101,723
122000236,2662,78,2584
122000237,232,339,-107
122000238,447,820,-373
122000239,705,1711,-1006
122000240,1875,813,1062
122000241,3664,577,3087
122000242,798,131,667
122000243,29,88,-59
122000244,6,756,-750
122000245,16,53,-37
122000246,44,325,-281
122000247,1543,3657,-2114
122000248,1447,1278,169
122000249,2342,3494,-1152
122000250,2637,1135,1502
122000251,216,121,95
122000252,382,22,360
122000253,222,126,96
122000254,972,49,923
122000255,667,567,100
122000256,409,619,-210
122000257,1026,205,821
122000258,438,324,114
122000259,57,167,-110
122000260,6,68,-62
122000261,39,266,-227
122000262,0,24,-24
122000263,333,201,132
122000264,2738,379,2359
122000265,4326,1252,3074
122000266,4744,476,4268
122000267,65,93,-28
122000268,216,134,82
122000269,1363,277,1086
122000270,733,175,558
122000271,285,2124,-1839
122000272,699,615,84
122000273,1275,179,1096
122000274,550,230,320
122000275,66,263,-197
122000276,2794,778,2016
122000277,1691,3213,-1522
122000278,4279,655,3624
122000279,603,544,59
122000280,913,817,96
122000281,781,429,352
122000282,74,905,-831
122000283,244,350,-106
122000284,56,498,-442
122000285,609,158,451
122000286,126,249,-123
122000287,2887,2041,846
122000288,675,325,350
122000291,3944,814,3130
122000293,183,384,-201
122000294,166,713,-547
122000295,1700,530,1170
122000296,70,2142,-2072
122000297,2137,5253,-3116
122000299,903,393,510
122000300,529,855,-326
122000301,7865,6154,1711
122000302,451,7777,-7326
122000303,1724,1419,305
122000304,40,345,-305
122000305,3649,436,3213
122000306,136,273,-137
122000307,105,209,-104
122000309,28,106,-78
122000310,12,64,-52
122000311,22,93,-71
122000312,121,209,-88
122000313,14,187,-173
122000314,359,1111,-752
122000315,493,37,456
122000316,2921,323,2598
122000317,5595,351,5244
122000318,391,3188,-2797
122000319,152,220,-68
122000320,329,856,-527
122000321,134,115,19
122000322,1309,2217,-908
122000323,515,1577,-1062
122000324,1683,2276,-593
122000325,996,2639,-1643
122000326,328,81,247
122000327,456,819,-363
122000328,581,484,97
122000330,3255,1993,1262
122000332,239,442,-203
122000333,66,48,18
122000337,2865,1880,985
122000338,953,203,750
122000340,164,3167,-3003
122000342,1567,900,667
122000343,893,303,590
122000344,177,6,171
122000345,67,24,43
122000346,567,101,466
122000348,1053,781,272
122000349,79,282,-203
122000351,548,217,331
122000352,223,187,36
122000353,421,52,369
122000355,65,493,-428
122000356,298,1628,-1330
122000357,94,33,61
122000358,0,24,-24
122000359,0,3,-3
122000360,0,0,0
122000362,36,71,-35
122000364,868,173,695
122000365,0,56,-56
122000366,19,15,4
122000368,761,789,-28
122000370,67,89,-22
122000371,87,0,87
122000372,42,0,42
122000381,435,377,58
122000382,87,170,-83
122000384,1361,1668,-307
122000385,122,0,122
122000386,210,3126,-2916
122000387,633,2068,-1435
122000388,2008,1362,646
122000389,153,893,-740
122000390,496,572,-76
122000391,23,1855,-1832
122000392,128,160,-32
122000393,63,238,-175
122000394,1321,175,1146
122000395,267,199,68
122000396,607,65,542
122000397,39,82,-43
122000398,5,247,-242
122000399,407,111,296
122000400,21,1124,-1103
122000401,312,43,269
122000402,1244,152,1092
122000403,545,247,298
122000404,622,165,457
122000408,500,743,-243
122000503,12,124,-112
122000524,85,217,-132
122000544,110,4183,-4073
122000616,321,6,315
122000640,229,61,168
122000641,337,124,213
122000642,1865,504,1361
122000643,64,286,-222
122000644,158,77,81
122000645,54,133,-79
122000651,301,1528,-1227
122000664,425,61,364
122000665,1741,461,1280
122000666,566,546,20
122000673,47,116,-69
122000674,1220,345,875
122000675,4219,738,3481
122000686,520,2871,-2351
122000687,3968,1150,2818
122000688,485,429,56
122000689,4200,457,3743
122000690,8022,947,7075
122000691,1562,754,808
122000692,2531,1164,1367
122000693,500,720,-220
122000695,773,326,447
122000696,1843,165,1678
122000698,660,205,455
122000699,1081,212,869
122000701,3564,311,3253
122000702,811,1310,-499
122000703,305,70,235
122000717,175,103,72
122000718,276,3804,-3528
122000719,21,88,-67
122000720,1605,79,1526
122000724,22,7,15
122900001,124,44,80
122900002,956,13628,-12672
122900003,999,32,967
122900004,5580,453,5127
122900005,42,322,-280
122900006,383,2757,-2374
122900007,73,186,-113
122900008,288,510,-222
122900009,433,373,60
122900010,374,87,287
122900012,274,392,-118
122900014,149,58,91
122900015,1188,934,254
122900016,204,126,78
122900017,521,1174,-653
122900018,293,13,280
122900019,4,60,-56
122900020,306,917,-611
122900021,14,1154,-1140
122900022,2669,1259,1410
122900023,1932,98,1834
122900024,210,112,98
122900025,10,848,-838
122900026,5,116,-111
122900027,55,1055,-1000
122900028,82,30,52
122900029,6527,2910,3617
122900030,1962,283,1679
122900031,105,575,-470
122900032,576,476,100
122900033,177,120,57
122900034,3447,6639,-3192
122900035,26,4,22
122900036,111,38,73
122900037,773,269,504
122900038,78,3787,-3709
122900039,81,586,-505
122900040,399,924,-525
122900041,113,704,-591
122900042,221,138,83
122900043,568,267,301
122900044,125,460,-335
122900045,210,133,77
122900046,107,448,-341
122900047,213,138,75
122900048,46,392,-346
122900049,2781,74,2707
122900051,92,322,-230
122900052,174,82,92
122900053,8,20,-12
122900055,667,151,516
122900057,409,58,351
122900061,741,26,715
122900062,812,1294,-482
122900063,564,117,447
122900064,1780,724,1056
122900065,897,141,756
122900066,1571,219,1352
122900067,812,984,-172
122900068,108,262,-154
122900069,688,3743,-3055
122900070,799,91,708
122900071,72,236,-164
122900072,8,243,-235
122900073,20,70,-50
122900074,2872,176,2696
122900075,0,29,-29
122900076,0,58,-58
122900077,0,92,-92
122900078,495,24,471
122900080,19,74,-55
122900081,304,84,220
122900082,3530,89,3441
122900083,589,28,561
122900084,10,119,-109
122900086,7,104,-97
122900087,659,224,435
122900088,32,811,-779
122900089,115,724,-609
122900090,8,209,-201
122900091,1118,3,1115
122900092,0,70,-70
122900093,0,113,-113
122900094,1,93,-92
122900095,456,74,382
122900096,1574,45,1529
122900097,39,153,-114
122900098,14,183,-169
122900099,252,165,87
122900100,108,1799,-1691
122900101,359,385,-26
122900102,106,120,-14
122900103,592,19,573
122900104,1095,50,1045
122900105,45,96,-51
122900106,1,32,-31
122900107,2,43,-41
122900108,0,48,-48
123000001,1058,1003,55
123000002,2838,7498,-4660
123000003,6733,5565,1168
123000004,3139,3495,-356
123000005,5352,2789,2563
123000006,2546,2156,390
123000007,6423,5939,484
123000008,2331,4533,-2202
123000009,6174,4249,1925
123000010,3037,3737,-700
123000011,2257,1265,992
123000012,521,3197,-2676
123000013,8470,1407,7063
123000014,910,2918,-2008
123000015,4664,974,3690
123000016,2707,3028,-321
123000017,5217,2380,2837
123000018,206,81,125
123000019,1716,30,1686
123000020,1118,42,1076
123000021,760,835,-75
123000022,1130,3799,-2669
123000023,3146,5046,-1900
123000024,2647,976,1671
123000025,13,158,-145
123000026,1,225,-224
123000027,37,760,-723
123000028,511,3030,-2519
123000029,398,2024,-1626
123000030,518,213,305
123000031,1087,126,961
123000032,1595,229,1366
123000033,608,101,507
123000034,1628,858,770
123000035,768,812,-44
123000036,336,1663,-1327
123000037,517,233,284
123000038,144,262,-118
123000039,619,1618,-999
123000040,643,254,389
123000041,652,1432,-780
123000042,487,1114,-627
123000043,1818,20169,-18351
123000044,2916,2523,393
123000045,3192,1992,1200
123000046,262,1354,-1092
123000047,363,668,-305
123000048,243,2552,-2309
123000049,5559,12916,-7357
123000050,4247,2647,1600
123000051,273,511,-238
123000052,1390,3975,-2585
123000053,3171,2923,248
123000054,4402,3379,1023
123000055,2785,9014,-6229
123000056,1671,932,739
123000057,4296,6702,-2406
123000058,1038,2242,-1204
123000059,208,766,-558
123000060,2052,963,1089
123000061,594,687,-93
123000063,2350,1596,754
123000064,2822,219,2603
123000065,3307,5247,-1940
123000066,286,570,-284
123000067,1428,512,916
123000068,1863,1551,312
123000069,2949,1278,1671
123000070,200,227,-27
123000071,4355,449,3906
123000072,1444,313,1131
123000073,3684,771,2913
123000074,1219,520,699
123000075,506,3150,-2644
123000076,1447,328,1119
123000077,2823,1073,1750
123000078,5471,747,4724
123000079,5619,1249,4370
123000080,4040,795,3245
123000081,632,222,410
123000082,354,411,-57
123000083,1828,255,1573
123000084,1240,258,982
123000085,1104,56,1048
123000086,2057,96,1961
123000087,961,186,775
123000088,1767,983,784
123000089,1904,1068,836
123000090,2485,956,1529
123000091,2299,1493,806
123000092,983,1848,-865
123000094,1880,110,1770
123000095,2227,2979,-752
123000096,2525,424,2101
123000097,1488,293,1195
123000098,2009,265,1744
123000099,1369,339,1030
123000100,234,898,-664
123000101,520,338,182
123000102,759,1619,-860
123000104,719,394,325
123000105,333,143,190
123000106,963,384,579
123000107,507,159,348
123000108,707,887,-180
123000111,2556,777,1779
123000112,3373,462,2911
123000113,859,390,469
123000114,567,1351,-784
123000115,987,1243,-256
123000116,53,68,-15
123000117,5366,2098,3268
123000118,946,472,474
123000119,605,487,118
123000120,391,1012,-621
123000121,903,468,435
123000122,716,208,508
123000123,872,428,444
123000124,725,167,558
123000125,2186,872,1314
123000126,1400,5665,-4265
123000127,505,384,121
123000128,496,125,371
123000129,2271,95,2176
123000130,2401,22,2379
123000131,3220,893,2327
123000132,585,336,249
123000133,270,116,154
123000134,333,48,285
123000135,6017,3232,2785
123000136,326,275,51
123000137,253,134,119
123000138,223,197,26
123000139,1460,59,1401
123000140,79,446,-367
123000141,816,164,652
123000142,1416,873,543
123000143,922,1523,-601
123000144,14,121,-107
123000145,194,1323,-1129
123000146,37,190,-153
123000147,46,375,-329
123000149,426,153,273
123000150,158,193,-35
123000151,189,618,-429
123000152,24,1312,-1288
123000153,108,1056,-948
123000154,846,2566,-1720
123000155,2101,3121,-1020
123000156,66,43,23
123000157,1141,1201,-60
123000158,606,1281,-675
123000159,3381,9239,-5858
123000160,1851,2370,-519
123000161,2370,2255,115
123000162,3077,3706,-629
123000163,2054,516,1538
123000164,5259,194,5065
123000165,161,726,-565
123000166,15,104,-89
123000167,139,152,-13
123000168,440,108,332
123000169,2062,203,1859
123000170,268,51,217
123000171,2967,22,2945
123000172,81,291,-210
123000173,1245,1058,187
123000174,1364,709,655
123000175,212,915,-703
123000176,1641,459,1182
123000177,246,983,-737
123000178,1756,329,1427
123000179,33,398,-365
123000180,3005,428,2577
123000181,278,767,-489
123000182,484,336,148
123000183,147,1026,-879
123000184,53,481,-428
123000185,2423,997,1426
123000186,2,141,-139
123000187,1257,44,1213
123000188,938,2,936
123000189,290,84,206
123000190,171,67,104
123000192,4,257,-253
123000193,11,262,-251
123000194,195,130,65
123000195,924,19,905
123000196,1390,94,1296
123000197,195,132,63
123000198,199,229,-30
123000199,52,287,-235
123000200,1180,20,1160
123000201,3232,23,3209
123000202,23,229,-206
123000203,3043,50,2993
123000204,22,359,-337
123000205,141,524,-383
123000206,6358,232,6126
123000207,105,357,-252
123000208,1949,103,1846
123000209,3380,880,2500
123000210,78,635,-557
123000211,366,834,-468
123000212,10014,676,9338
123000213,1487,48,1439
123000215,135,217,-82
123000216,331,2073,-1742
123000217,314,173,141
123000218,49,1101,-1052
123000219,1220,210,1010
123000220,1063,843,220
123000221,348,110,238
123000222,922,231,691
123000223,2043,132,1911
123000224,1054,265,789
123000225,725,83,642
123000226,307,769,-462
123000227,203,273,-70
123000228,685,110,575
123000229,891,641,250
123000232,81,389,-308
123000233,2014,98,1916
123000234,103,806,-703
123000235,3943,210,3733
123000236,570,477,93
123000237,1274,210,1064
123000238,19,279,-260
123000239,571,486,85
123000240,51,1356,-1305
123000241,347,81,266
123000242,485,215,270
123000243,1231,861,370
123000244,1011,530,481
123000245,11,171,-160
123000249,287,799,-512
123000252,1697,402,1295
123000253,3562,732,2830
123000254,907,483,424
123000255,2454,1153,1301
123000256,7,204,-197
123000257,1866,1809,57
123000258,1066,594,472
123000259,1012,646,366
123000260,1216,185,1031
123000261,781,135,646
123000262,57,64,-7
123000263,1097,86,1011
123000264,215,105,110
123000265,20,86,-66
123000266,892,674,218
123000267,2189,288,1901
123000268,56,35,21
123000269,41,39,2
123000270,56,42,14
123000271,13,24,-11
123000272,826,462,364
123000273,593,1288,-695
123000274,2366,1016,1350
123000275,283,591,-308
123000278,1690,6170,-4480
123000279,374,147,227
123000280,512,638,-126
123000281,721,164,557
123000282,136,214,-78
123000283,401,67,334
123000284,67,15,52
123000286,164,440,-276
123000287,455,268,187
123000288,1271,2180,-909
123000289,365,2951,-2586
123000291,175,682,-507
123000294,159,139,20
123000295,701,1625,-924
123000296,1419,700,719
123000297,1425,319,1106
123000298,2678,297,2381
123000299,193,109,84
123000300,2486,872,1614
123000301,336,1107,-771
123000302,391,47,344
123000303,106,646,-540
123000305,628,695,-67
123000306,668,47,621
123000309,47,50,-3
123000310,108,35,73
123000311,7,68,-61
123000312,328,296,32
123000313,1033,1380,-347
123000315,471,131,340
123000316,1275,345,930
123000317,579,175,404
123000318,29,266,-237
123000329,36,6,30
123000337,665,267,398
123000338,199,779,-580
123000339,826,57,769
123000340,165,372,-207
123000342,1,113,-112
123000343,328,69,259
123000344,414,80,334
123000345,423,197,226
123000346,946,93,853
123000352,1471,649,822
123000353,59,99,-40
123000354,2724,5,2719
123000355,0,470,-470
123000356,1002,47,955
123000357,9,107,-98
123000359,13,55,-42
123000360,447,541,-94
123000361,618,185,433
123000362,1272,86,1186
123000363,319,169,150
123000364,706,1400,-694
123000365,27,466,-439
123000366,398,4660,-4262
123000367,402,567,-165
123000370,64,753,-689
123000371,1194,193,1001
123000372,688,229,459
123000373,49,276,-227
123000374,3,145,-142
123000375,647,1178,-531
123000376,1540,803,737
123000377,1859,19,1840
123000378,11,219,-208
123000379,16,379,-363
123000380,4,242,-238
123000381,72,160,-88
123000382,980,256,724
123000383,102,1016,-914
123000384,1315,340,975
123000385,159,460,-301
123000436,185,2235,-2050
123000507,92,142,-50
123000508,207,1871,-1664
123000517,265,2,263
123000518,16,35,-19
123000519,301,34,267
123000520,45,43,2
123000521,815,58,757
123000522,144,132,12
123000541,20,4,16
123000542,2,4,-2
123000565,1691,138,1553
123000566,1567,150,1417
123000567,296,81,215
123000573,26,346,-320
123000574,2393,128,2265
123000575,5076,356,4720
123000576,2177,579,1598
123000577,54,551,-497
123000578,842,99,743
123000579,1270,11154,-9884
123000580,128,203,-75
123000582,1496,30,1466
123000583,15,216,-201
123000584,214,201,13
123000585,0,25,-25
123000586,712,73,639
123000596,41,43,-2
123000597,200,195,5
123000602,296,51,245
123000603,2782,279,2503
123000604,1697,316,1381
123000605,1731,307,1424
123000606,1,1123,-1122
123000609,13,321,-308
123000610,131,75,56
123000613,112,45,67
123000614,893,22,871
123000615,131,44,87
123000616,3686,30,3656
123000617,254,218,36
123000618,31,307,-276
123000619,921,18,903
123000620,20,179,-159
123000622,1422,29,1393
123000624,742,55,687
123000630,3631,843,2788
123000631,417,422,-5
123000632,916,326,590
123000633,1,239,-238
123000634,29,891,-862
123000635,16,103,-87
123000636,40,470,-430
123000637,547,58,489
123000638,1789,23,1766
123000639,1846,13567,-11721
123000640,14,267,-253
123900001,2000,110,1890
123900002,13,2112,-2099
123900003,147,295,-148
123900005,443,351,92
123900006,857,89,768
124000001,4239,399,3840
124000002,35,589,-554
124000003,2665,406,2259
124000004,202,232,-30
124000005,2308,4205,-1897
124000006,349,393,-44
124000007,2066,363,1703
124000008,6,1484,-1478
124000009,1172,632,540
124000010,1357,911,446
124000011,2171,1571,600
124000012,1244,326,918
124000017,544,140,404
124000018,451,131,320
124000019,399,131,268
124000020,236,107,129
124000021,184,80,104
124000022,225,168,57
124000023,2101,2023,78
124000024,1102,208,894
124000025,1793,1968,-175
124000026,1333,994,339
124000027,4052,2848,1204
124000028,1208,3929,-2721
124000030,1919,1248,671
124000031,2216,21647,-19431
124000032,1174,841,333
124000033,366,1029,-663
124000034,1306,1328,-22
124000035,21,271,-250
124000036,49,655,-606
124000037,333,671,-338
124000038,59,77,-18
124000039,440,466,-26
124000040,301,1610,-1309
124000041,1447,459,988
124000042,422,908,-486
124000043,273,60,213
124000044,62,319,-257
124000045,2991,298,2693
124000046,467,699,-232
124000047,5907,572,5335
124000048,2542,325,2217
124000049,3815,464,3351
124000050,1673,1374,299
124000051,2918,290,2628
124000052,1440,622,818
124000053,474,4038,-3564
124000054,1276,227,1049
124000055,1480,10281,-8801
124000056,1938,686,1252
124000057,3044,293,2751
124000058,1539,770,769
124000059,2112,1469,643
124000060,584,484,100
124000061,1571,10355,-8784
124000062,1396,974,422
124000063,1403,726,677
124000064,1458,1714,-256
124000065,39,2429,-2390
124000066,469,54,415
124000067,190,278,-88
124000068,65,92,-27
124000069,345,64,281
124000070,280,38,242
124000071,351,1301,-950
124000072,974,5802,-4828
124000073,1710,68,1642
124000074,341,868,-527
124000075,1419,112,1307
124000076,106,52,54
124000077,557,1054,-497
124000078,1825,1332,493
124000079,469,1051,-582
124000080,1987,656,1331
124000081,628,1645,-1017
124000082,156,170,-14
124000083,102,164,-62
124000084,38,1017,-979
124000085,84,19,65
124000086,19,536,-517
124000087,54,760,-706
124000088,197,422,-225
124000089,887,350,537
124000090,292,245,47
124000091,958,60,898
124000092,517,220,297
124000093,252,148,104
124000094,171,1309,-1138
124000095,388,44,344
124000096,759,248,511
124000097,244,58,186
124000098,435,57,378
124000099,453,166,287
124000100,178,56,122
124000101,390,151,239
124000102,302,16,286
124000103,497,140,357
124000104,187,25,162
124000105,472,64,408
124000106,306,16,290
124000107,51,402,-351
124000108,39,8,31
124000109,237,60,177
124000110,313,38,275
124000111,401,118,283
124000112,2123,345,1778
124000113,259,136,123
124000114,926,336,590
124000115,845,667,178
124000116,97,316,-219
124000117,76,51,25
124000118,58,86,-28
124000119,1474,690,784
124000120,1207,236,971
124000121,981,1184,-203
124000122,598,2028,-1430
124000123,863,376,487
124000124,754,994,-240
124000125,677,242,435
124000126,567,464,103
124000127,1651,258,1393
124000128,1286,458,828
124000129,2089,1111,978
124000130,592,283,309
124000131,785,594,191
124000132,712,597,115
124000133,1835,977,858
124000134,1130,364,766
124000135,1878,2163,-285
124000136,760,731,29
124000137,1263,1378,-115
124000138,871,726,145
124000139,717,117,600
124000140,29,819,-790
124000141,26,35,-9
124000142,1,591,-590
124000143,54,56,-2
124000144,56,128,-72
124000145,271,575,-304
124000146,69,700,-631
124000148,22,341,-319
124000149,1923,355,1568
124000150,499,3236,-2737
124000151,2289,543,1746
124000152,1164,1708,-544
124000153,1873,924,949
124000154,950,835,115
124000155,1036,987,49
124000156,1097,892,205
124000169,230,1202,-972
124000170,598,399,199
124000171,458,485,-27
124000172,454,354,100
124000173,1451,184,1267
124000174,950,334,616
124000175,200,97,103
124000176,139,43,96
124000177,8,129,-121
124000178,31,158,-127
124000190,28,69,-41
124000191,12,230,-218
124000192,1916,1830,86
124000193,174,4560,-4386
124000194,515,320,195
124000195,660,432,228
124000196,617,883,-266
124000197,178,15,163
124000198,152,37,115
124000201,78,282,-204
124000202,1475,128,1347
124000203,2453,201,2252
124000204,5186,405,4781
124000205,458,1041,-583
124000206,3327,1022,2305
124000207,1,18,-17
124000209,250,231,19
124000210,3084,286,2798
124000211,2580,1,2579
124000212,0,181,-181
124000213,2018,311,1707
124000214,1609,278,1331
124000215,2192,18,2174
124000216,12,283,-271
124000329,182,584,-402
124000338,184,521,-337
124000339,7620,33,7587
124000341,6165,63,6102
124000344,58,4,54
124000357,1524,5065,-3541
124000358,692,2649,-1957
124000359,2206,868,1338
124000360,2381,619,1762
124000361,3872,1705,2167
124000362,1956,4175,-2219
124000363,970,303,667
124000364,922,708,214
124000365,1069,797,272
124000366,2576,670,1906
124000367,89,239,-150
124000368,322,3249,-2927
124000369,44,122,-78
124000370,25,922,-897
124000402,167,55,112
124000403,528,58,470
124000404,252,52,200
124000405,1081,581,500
124000406,844,356,488
124000407,9,5,4
124000411,2,301,-299
124000412,1012,4,1008
124000413,290,458,-168
124000414,295,80,215
124000415,80,32,48
124000416,326,99,227
124000417,581,75,506
124000418,660,45,615
124000419,348,21,327
124000420,451,24,427
124000421,125,45,80
124000422,66,48,18
124000423,355,23,332
124000424,23,27,-4
124000425,37,48,-11
124000426,18,191,-173
124000427,79,11,68
124000428,17,955,-938
124000429,329,14,315
124000430,2322,708,1614
124000431,1074,339,735
124000432,728,1313,-585
124000439,51,3,48
124000442,45,18,27
124000443,3,13,-10
124000445,106,2345,-2239
124000446,527,318,209
124900001,1785,169,1616
124900002,518,108,410
124900003,1975,232,1743
124900004,1866,130,1736
124900005,380,84,296
124900006,1852,130,1722
124900008,473,675,-202
124900009,56,726,-670
124900010,807,102,705
124900011,2207,300,1907
124900012,504,87,417
124900013,933,126,807
124900014,358,630,-272
124900015,293,983,-690
124900016,183,369,-186
124900017,1197,9139,-7942
124900018,446,18,428
124900020,226,53,173
124900021,917,368,549
124900022,160,14,146
124900024,1337,4,1333
124900026,145,67,78
124900027,213,199,14
124900028,391,80,311
124900029,38,856,-818
124900030,20,102,-82
124900031,148,339,-191
124900032,148,81,67
124900033,169,460,-291
124900034,7,155,-148
124900035,258,146,112
124900036,0,108,-108
124900037,623,77,546
124900038,246,100,146
124900039,1,92,-91
124900040,266,47,219
124900041,969,357,612
124900042,19,3,16
124900043,1198,304,894
124900044,93,0,93
124900045,496,2182,-1686
124900046,482,211,271
124900047,123,78,45
124900048,695,91,604
124900050,305,112,193
124900052,257,177,80
124900053,734,155,579
124900054,837,1067,-230
124900055,0,42,-42
124900057,9,117,-108
124900060,146,201,-55
124900061,338,7,331
124900062,374,13,361
124900066,0,7,-7
124900067,7,133,-126
124900068,120,2182,-2062
124900070,59,47,12
124900072,462,46,416
124900074,675,801,-126
124900075,1401,126,1275
124900076,44,3683,-3639
124900077,18,77,-59
124900078,257,26,231
124900079,475,405,70
124900080,975,191,784
124900081,2619,147,2472
124900082,970,192,778
124900083,775,444,331
124900084,926,26,900
124900085,313,386,-73
124900086,35,978,-943
124900087,546,27,519
124900088,122,75,47
124900089,1162,17,1145
124900090,1504,177,1327
124900091,629,119,510
124900092,725,81,644
124900093,1244,151,1093
124900094,1477,121,1356
124900095,263,1170,-907
124900096,394,84,310
124900097,1014,35,979
124900098,345,402,-57
124900099,261,922,-661
124900100,723,18,705
124900101,263,267,-4
124900102,1059,5,1054
124900103,575,86,489
124900104,448,98,350
124900105,391,68,323
124900106,506,116,390
124900107,530,26,504
124900108,787,164,623
124900109,275,376,-101
124900110,1220,200,1020
124900111,7,574,-567
124900112,574,234,340
124900113,73,220,-147
124900114,38,133,-95
124900115,54,963,-909
124900116,644,570,74
124900117,137,304,-167
124900118,64,1454,-1390
124900119,704,353,351
124900120,53,162,-109
124900121,87,685,-598
124900122,280,135,145
124900123,98,62,36
124900124,55,123,-68
129000186,196,228,-32
204000001,57,14,43
204000002,18,4,14
204000003,30,6,24
204000004,25,7,18
204000005,443,290,153
204000006,1234,1373,-139
204000011,8,8,0
204000012,38,39,-1
204000013,0,5,-5
204000019,1457,440,1017
204000020,1703,313,1390
204000021,1238,990,248
204000022,1788,638,1150
204000023,892,359,533
204000031,33,6,27
204000032,288,6,282
204000034,78,171,-93
204000035,2,6,-4
204000036,6,99,-93
204000037,0,28,-28
204000038,1,7,-6
204000039,9,49,-40
204000040,11,44,-33
204000041,7,50,-43
204000042,33,32,1
204000043,86,23,63
204000044,139,56,83
204000045,141,32,109
204000046,24,6,18
204000057,11,27,-16
204000062,7,39,-32
204000068,28,345,-317
204000069,59,540,-481
204000070,66,105,-39
204000080,84,78,6
204000085,1285,464,821
204000086,1578,803,775
204000087,71,2,69
204000088,2,28,-26
204000090,113,200,-87
204000093,1429,28,1401
204000096,2486,357,2129
204000097,1154,11,1143
204000099,1240,2348,-1108
204000100,2167,849,1318
204000105,1720,332,1388
204000110,322,776,-454
204000111,696,547,149
204000112,425,382,43
204000113,274,444,-170
204000114,1472,1088,384
204000115,1692,293,1399
204000116,792,341,451
204000119,3825,667,3158
204000132,740,625,115
204000133,1113,98,1015
204000134,444,29,415
204000135,949,38,911
204000136,671,220,451
204000138,365,1217,-852
204000140,376,141,235
204000141,191,54,137
204000144,6,35,-29
204000145,1085,32,1053
204000146,21,134,-113
204000147,13,363,-350
204000148,165,12,153
204000154,27,7,20
204000155,6,8,-2
204000177,62,105,-43
204000179,23,5,18
204000180,0,54,-54
204000222,17,18,-1
204000235,215,60,155
204000236,43,161,-118
204000238,21,14,7
204000240,639,34,605
204000263,373,352,21
204000268,645,172,473
204000308,89,6,83
204000317,18,197,-179
204000322,46,208,-162
204000323,33,10,23
204000328,313,60,253
204000329,118,36,82
204000330,414,10,404
204000331,154,48,106
204010341,8,163,-155
205000001,689,1376,-687
205000013,43,149,-106
205000014,162,99,63
205000015,200,60,140
205000016,69,74,-5
205000017,72,65,7
205000022,342,352,-10
205000025,1755,363,1392
205000029,1154,10,1144
205000045,369,220,149
205000046,230,166,64
205000047,139,120,19
205000048,587,149,438
205000049,217,245,-28
205000050,487,108,379
205000059,0,378,-378
205000060,1,432,-431
205000061,7,873,-866
205000062,2,1026,-1024
205000063,51,1132,-1081
205000064,66,294,-228
205000065,310,888,-578
205000066,249,229,20
205000067,158,255,-97
205000069,194,10,184
205000082,107,201,-94
205000110,45,62,-17
205000111,158,48,110
205000112,88,114,-26
205000113,105,168,-63
205000121,101,67,34
205000123,167,58,109
205000126,716,107,609
205000127,662,118,544
205000128,461,57,404
205000129,1184,86,1098
205000130,324,14,310
205000131,82,8,74
205000132,56,12,44
205000133,38,6,32
205000134,449,0,449
205000137,363,35,328
205000138,543,128,415
205000139,35,44,-9
205000144,114,71,43
205000145,208,344,-136
205000151,110,53,57
205000152,141,43,98
205000153,177,43,134
205000154,90,92,-2
205000155,271,15,256
205000207,1,49,-48
205000233,26,1,25
205000234,0,1,-1
205000243,0,4,-4
205000244,0,2,-2
205000245,4,38,-34
205000249,0,17,-17
205000250,28,0,28
205000264,28,140,-112
206000027,2,15,-13
206000028,14,10,4
206000043,5,40,-35
206000053,2,8,-6
206000054,2,23,-21
206000055,1,19,-18
206000075,31,3,28
206000076,80,9,71
206000077,84,10,74
206000078,8,7,1
206000079,71,2,69
206000082,294,153,141
206000100,2,487,-485
206000103,0,0,0
206000104,0,0,0
206000105,0,1,-1
206000106,0,6,-6
206000108,1063,69,994
206000125,289,0,289
206000157,13,192,-179
206000170,0,96,-96
206000171,15,132,-117
206000172,32,148,-116
206000173,1,80,-79
206000174,17,29,-12
206000175,3,40,-37
206000176,7,63,-56
206000177,4,59,-55
206000178,3,277,-274
206000179,2,257,-255
206000180,3,64,-61
206000181,3,13,-10
206000182,4,41,-37
206000183,23,116,-93
206000184,1,50,-49
206000185,44,25,19
206000186,147,266,-119
206000223,14,209,-195
206000226,85,5,80
206000227,83,20,63
206000237,47,108,-61
206000238,16,467,-451
206000239,136,1358,-1222
206000240,0,0,0
206000241,1,53,-52
206000242,4,86,-82
206000243,12,28,-16
206000244,18,126,-108
206000245,4499,66,4433
206000246,921,13,908
206000247,1320,9,1311
206000248,1965,51,1914
206000252,54,83,-29
206000258,0,5,-5
206000315,67,4,63
206000317,747,301,446
206000318,1087,122,965
206000319,4106,138,3968
206000320,938,52,886
206000321,1334,17,1317
206000322,2110,41,2069
206000323,745,10,735
206000324,1099,66,1033
206000325,611,45,566
206000326,636,24,612
206000327,100,52,48
206000328,972,21,951
206000329,1920,13,1907
206000330,473,29,444
206000331,761,6,755
206000332,159,3,156
206000333,3429,7,3422
206000334,2039,0,2039
206000335,0,17,-17
206000361,0,41,-41
206000392,5,9,-4
206000405,723,0,723
206000441,251,26,225
206000498,125,2,123
206000515,76,53,23
206000530,760,48,712
206000531,285,433,-148
206000532,1614,384,1230
206000535,123,3001,-2878
206000536,20,58,-38
206000537,10,100,-90
206000613,1317,302,1015
207000001,234,220,14
207000002,217,191,26
207000003,128,135,-7
207000007,3209,101,3108
207000008,539,3,536
207000009,124,8,116
207000010,354,193,161
207000012,749,122,627
207000015,223,420,-197
207000019,585,58,527
207000021,527,424,103
207000022,373,228,145
207000023,509,102,407
207000024,1,13,-12
207000025,18,209,-191
207000026,73,54,19
207000027,53,64,-11
207000028,94,176,-82
207000029,377,231,146
207000033,402,197,205
207000034,445,31,414
207000039,1491,18,1473
207000040,1537,30,1507
207000041,358,95,263
207000042,820,65,755
207000043,535,306,229
207000051,59,221,-162
207000052,3,147,-144
207000053,308,211,97
207000054,59,39,20
207000055,141,34,107
207000056,192,209,-17
207000057,113,220,-107
207000058,121,175,-54
207000059,65,234,-169
207000060,51,375,-324
207000061,180,1881,-1701
207000062,1252,56,1196
207000063,1270,49,1221
207000064,683,55,628
207000065,503,138,365
207000066,817,185,632
207000067,177,64,113
207000068,255,18,237
207000069,1638,175,1463
207000082,68,125,-57
207000083,83,184,-101
207000084,881,160,721
207000085,672,61,611
207000086,1130,25,1105
207000106,151,20,131
207000107,338,8,330
207000108,228,7,221
207000109,190,5,185
207000110,127,27,100
207000111,165,64,101
207000112,29,1130,-1101
207000114,43,20,23
207000115,46,51,-5
207000116,15,204,-189
207000117,6,56,-50
207000118,2,58,-56
207000119,22,80,-58
207000123,579,6,573
207000124,338,8,330
207000125,125,0,125
207000126,120,6,114
207000134,645,97,548
207000135,132,138,-6
207000148,218,339,-121
207000149,39,20,19
207000152,240,456,-216
207000153,268,682,-414
207000154,504,118,386
207000159,49,90,-41
207000160,169,246,-77
207000238,0,44,-44
207000242,0,32,-32
207000248,30,17,13
207000249,73,18,55
207000250,340,67,273
207000251,60,141,-81
207000252,18,57,-39
207000278,337,123,214
207000279,30,99,-69
207000280,2002,30,1972
207000281,216,331,-115
207000282,43,824,-781
207000283,53,239,-186
207000284,72,3165,-3093
207000285,82,105,-23
207000291,7,45,-38
207000304,98,41,57
207000306,52,222,-170
207000310,429,152,277
207000353,74,3,71
207000356,1,96,-95
207000357,5,38,-33
207000358,0,11,-11
207000415,0,63,-63
207000417,56,1,55
207000418,18,38,-20
207000438,0,4,-4
207000439,395,139,256
207000446,248,4,244
207000460,212,13,199
207000466,99,110,-11
207000467,1089,24,1065
207000468,59,130,-71
207000476,4,49,-45
207000477,1294,30,1264
207000478,0,14,-14
207000523,0,7,-7
207000524,126,39,87
207000527,428,94,334
207000530,1001,2,999
207000531,441,3,438
207000532,219,66,153
207000534,222,15,207
207000535,7,89,-82
207000537,10,70,-60
207000540,3,25,-22
207000541,0,55,-55
207000548,1,174,-173
207000549,539,22,517
207000561,316,90,226
207000562,7,89,-82
207000567,38,160,-122
207000568,1191,58,1133
207000569,2124,153,1971
207000584,13,97,-84
207000585,12,89,-77
207000616,1,54,-53
207000617,421,0,421
207900008,1028,35,993
208000001,1073,901,172
208000002,1210,641,569
208000003,1069,328,741
208000004,901,801,100
208000005,2,50,-48
208000019,2191,260,1931
208000020,408,160,248
208000021,448,286,162
208000022,1004,224,780
208000028,1281,2608,-1327
208000033,512,167,345
208000034,672,1049,-377
208000040,673,135,538
208000041,1577,490,1087
208000042,2834,459,2375
208000047,116,104,12
208000064,3187,1433,1754
208000066,1751,1156,595
208000070,907,537,370
208000071,1330,178,1152
208000072,1316,359,957
208000080,401,612,-211
208000081,600,153,447
208000082,783,163,620
208000083,369,231,138
208000084,9,93,-84
208000085,1148,409,739
208000086,795,613,182
208000087,779,412,367
208000089,1447,229,1218
208000090,1145,345,800
208000093,20,128,-108
208000094,665,313,352
208000095,1102,441,661
208000104,3070,312,2758
208000105,1547,462,1085
208000114,223,421,-198
208000115,1229,539,690
208000116,2780,2189,591
208000117,10,110,-100
208000118,224,326,-102
208000155,1058,915,143
208000158,2601,2730,-129
208000186,1321,1640,-319
208000204,1176,1290,-114
208000205,2303,874,1429
208000282,953,808,145
209000004,1147,272,875
209000005,172,164,8
209000006,439,219,220
209000007,484,517,-33
209000010,126,290,-164
209000011,61,241,-180
209000012,147,115,32
209000013,404,454,-50
209000014,626,475,151
209000025,941,92,849
209000026,2086,152,1934
209000027,523,163,360
209000028,346,169,177
209000029,734,630,104
209000030,798,734,64
209000031,2466,831,1635
209000034,254,332,-78
209000035,219,303,-84
209000036,513,110,403
209000037,722,183,539
209000038,221,137,84
209000039,164,99,65
209000040,334,300,34
209000041,364,225,139
209000042,451,136,315
209000043,707,289,418
209000044,537,459,78
209000045,678,252,426
209000046,949,275,674
209000047,842,315,527
209000048,890,816,74
209000049,82,34,48
209000050,245,51,194
209000051,289,57,232
209000052,218,82,136
209000062,242,37,205
209000063,150,13,137
209000064,61,17,44
209000065,244,23,221
209000066,349,22,327
209000067,424,43,381
209000080,35,132,-97
209000082,226,46,180
209000091,25,101,-76
209000093,58,92,-34
209000094,29,211,-182
209000110,94,44,50
209000111,405,3377,-2972
209000112,2031,458,1573
209000113,4727,777,3950
209000114,2156,697,1459
209000115,67,55,12
209000116,194,150,44
209000118,14,87,-73
209000119,31,49,-18
209000121,114,322,-208
209000135,166,28,138
209000142,1067,6703,-5636
209000143,39,49,-10
209000144,109,364,-255
209000229,380,71,309
209000240,34,178,-144
209000259,83,15,68
209000260,45,526,-481
209000261,28,580,-552
209000262,1,368,-367
209000263,0,276,-276
209000264,0,155,-155
209000265,574,0,574
209000266,216,3,213
209000267,2568,14,2554
209000268,840,168,672
210000037,249,100,149
210000047,204,16,188
210000048,222,58,164
210000049,183,12,171
210000052,218,32,186
210000053,76,36,40
210000054,19,61,-42
210000070,462,14,448
210000071,210,5,205
210000072,69,0,69
210000073,0,14,-14
210000074,0,20,-20
210000075,0,40,-40
210000076,3,92,-89
210000077,15,135,-120
210000078,9,174,-165
210000079,47,24,23
210000080,61,339,-278
210000081,309,50,259
210000082,25,7,18
210000083,97,12,85
210000084,280,0,280
210000085,0,118,-118
210000086,1,65,-64
210000099,60,141,-81
210000100,73,94,-21
210000101,64,93,-29
210000105,5,286,-281
210000159,0,420,-420
210000163,15,77,-62
210000164,430,160,270
210000168,519,32,487
210000187,1,7,-6
210000188,0,45,-45
210000214,16,0,16
210000219,252,24,228
210000220,322,30,292
210000232,4,35,-31
210000233,73,15,58
210000234,31,26,5
210000235,166,28,138
210000245,0,37,-37
210000246,20,2,18
210000258,42,85,-43
210000259,530,117,413
210000282,11,263,-252
210000285,0,163,-163
210000286,38,93,-55
210000290,0,2,-2
210000295,75,194,-119
210000296,51,37,14
210000320,787,38,749
210000321,683,21,662
210000338,58,116,-58
210000339,67,843,-776
210000340,67,193,-126
210000341,233,131,102
210000342,317,92,225
210000343,178,148,30
210000344,128,244,-116
210000345,180,582,-402
210000346,71,330,-259
210000347,22,278,-256
210000348,231,186,45
210000349,90,132,-42
210000350,376,80,296
210000351,362,40,322
210000352,82,19,63
210000353,42,23,19
210000354,83,48,35
210000355,51,327,-276
210000356,25,574,-549
210000357,32,492,-460
210000358,1152,621,531
210000359,123,417,-294
210000360,509,514,-5
210000361,561,218,343
210000362,798,165,633
210000363,840,148,692
210000364,716,183,533
210000365,518,33,485
210000366,710,71,639
210000367,276,47,229
210000368,426,37,389
210000369,97,123,-26
210000370,172,185,-13
210000372,25,47,-22
210000373,26,95,-69
210000374,100,181,-81
210000375,28,33,-5
210000376,50,476,-426
210000404,53,72,-19
210000439,215,11,204
210000472,77,2,75
210000482,184,126,58
210000564,487,180,307
210000567,0,43,-43
210000568,394,6,388
211000092,203,44,159
211000094,13,3,10
211000169,439,6,433
211000172,69,68,1
211000209,0,71,-71
211000226,0,9,-9
211000270,35,1,34
211000275,27,30,-3
211000276,443,43,400
211000279,116,53,63
211000281,357,40,317
211507980,1,95,-94
211977296,43,0,43
212000003,434,185,249
212000004,3,134,-131
212000005,7,161,-154
212000006,52,181,-129
212000008,301,191,110
212000009,75,202,-127
212000012,222,44,178
212000013,87,25,62
212000014,564,63,501
212000015,477,79,398
212000016,647,282,365
212000027,737,144,593
212000028,695,138,557
212000029,452,151,301
212000030,88,19,69
212000031,77,28,49
212000048,46,852,-806
212000049,18,384,-366
212000050,9,33,-24
212000051,495,84,411
212000052,354,116,238
212000053,336,162,174
212000054,1077,58,1019
212000055,981,89,892
212000056,60,51,9
212000057,50,49,1
212000058,244,46,198
212000070,259,76,183
212000077,345,164,181
212000099,841,141,700
212000108,502,530,-28
212000111,831,49,782
212000120,126,236,-110
212000138,370,77,293
212000156,1,49,-48
212000158,5,67,-62
212000159,1353,39,1314
212000160,1361,56,1305
212000161,193,5,188
212000310,112,13,99
212000311,33,54,-21
212000374,57,10,47
213000001,19,348,-329
213000005,1351,83,1268
213000006,1137,112,1025
213000007,76,3,73
213000009,402,148,254
213000010,683,99,584
213000011,305,45,260
213000012,230,132,98
213000014,70,28,42
213000015,437,11,426
213000016,454,18,436
213000017,65,0,65
213000018,0,11,-11
213000019,0,42,-42
213000020,120,75,45
213000021,0,49,-49
213000023,875,232,643
213000033,451,1106,-655
213000034,533,116,417
213000035,289,415,-126
213000045,153,258,-105
213000046,95,68,27
213000047,206,583,-377
213000056,498,16,482
213000069,141,34,107
213000073,0,57,-57
213000074,55,276,-221
213000075,1698,5,1693
213000076,21,5,16
213000085,2,16,-14
213000086,6,53,-47
213000091,721,7,714
213000092,31,4,27
213000099,145,898,-753
213000100,1271,257,1014
213000101,1493,78,1415
213000102,1383,97,1286
213000103,707,292,415
213000104,48,133,-85
213000105,163,2472,-2309
213000106,61,159,-98
213000107,142,315,-173
213000108,53,257,-204
213000109,4,170,-166
213000110,8,74,-66
213000111,3,52,-49
213000112,63,83,-20
213000115,113,2,111
213000116,13,217,-204
213000117,1,237,-236
213000118,1940,495,1445
213000119,19,248,-229
213000120,28,170,-142
213000122,159,261,-102
213000123,66,388,-322
213000124,295,577,-282
213000125,270,79,191
213000126,46,80,-34
213000127,13,132,-119
213000128,39,484,-445
213000129,147,3217,-3070
213000130,1813,971,842
213000132,2767,179,2588
213000133,2518,132,2386
213000134,3826,22,3804
213000136,1032,9,1023
213000137,998,23,975
213000139,266,17,249
213000147,39,6,33
213000148,20,11,9
213000149,16,14,2
213000150,0,791,-791
213000151,1,208,-207
213000152,0,266,-266
213000153,8,223,-215
213000154,153,187,-34
213000155,114,212,-98
213000156,250,203,47
213000157,1374,185,1189
213000158,627,376,251
213000159,1301,191,1110
213000163,4122,440,3682
213000165,947,275,672
213000171,0,7,-7
213000172,0,31,-31
213000173,1,54,-53
213000174,0,46,-46
213000175,14,33,-19
213000176,472,55,417
213000177,279,6,273
213000178,734,1,733
213000179,879,1,878
213000180,1205,0,1205
213000184,65,279,-214
213000188,1570,56,1514
213000189,2347,32,2315
213000190,1469,184,1285
213000191,1313,123,1190
213000192,962,115,847
213000193,297,180,117
213000194,4,295,-291
213000195,33,147,-114
213000196,600,2028,-1428
213000197,862,1016,-154
213000198,33,2,31
213000200,206,389,-183
213000201,22,122,-100
213000202,6,286,-280
213000203,1651,217,1434
213000204,1562,40,1522
213000205,1366,38,1328
213000206,1369,36,1333
213000207,79,11,68
213000208,28,4,24
213000209,93,7,86
213000210,203,1,202
213000211,7,22,-15
213000212,25,29,-4
213000213,81,44,37
213000218,612,412,200
213000219,2440,101,2339
213000220,2887,10,2877
213000223,722,50,672
213000224,41,26,15
213000225,118,14,104
213000226,83,3,80
213000227,2589,69,2520
213000228,1816,56,1760
213000229,466,48,418
213000230,1043,18,1025
213000232,154,13,141
213000233,19,134,-115
213000234,0,54,-54
213000293,17,56,-39
213000294,140,35,105
213000295,57,43,14
213000296,147,14,133
213000297,20,75,-55
213000298,21,71,-50
213000299,67,15,52
213000300,1,4,-3
213000303,0,25,-25
213000304,1,18,-17
213000305,1,21,-20
213000306,57,354,-297
213000307,151,171,-20
213000308,72,184,-112
213000309,491,33,458
213000310,511,145,366
213000311,101,473,-372
213000315,83,226,-143
213000316,690,47,643
213000322,203,24,179
213000323,345,58,287
213000324,182,12,170
213000325,315,32,283
213000326,253,41,212
213000327,461,37,424
213000328,160,115,45
213000329,428,17,411
213000340,96,201,-105
213000341,2193,40,2153
213000347,252,1322,-1070
213000348,4,116,-112
213000349,7,22,-15
213000350,193,784,-591
213000366,137,184,-47
213000367,694,20,674
213000379,24,60,-36
213000386,42,37,5
213000406,272,79,193
213000417,3002,747,2255
213000425,848,132,716
213000426,420,23,397
213000427,154,85,69
213000428,166,78,88
213000429,15,8,7
213000430,157,166,-9
213000431,35,2,33
213000432,0,59,-59
213000433,62,24,38
213000434,367,89,278
213000435,258,44,214
213000436,280,41,239
213000437,16,17,-1
213000438,257,45,212
213000439,54,29,25
213000440,34,185,-151
213000441,1,0,1
213000442,10,22,-12
213000443,1127,425,702
213000444,41,6,35
213000445,0,84,-84
213000446,1,68,-67
213000447,0,113,-113
213000448,11,172,-161
213000449,2473,32,2441
213000450,25,12,13
213000451,974,44,930
213000452,44,6,38
213000453,28,132,-104
213000455,225,76,149
213000456,2,136,-134
213000481,4,1,3
213000484,40,8,32
213000489,329,80,249
213900002,15,753,-738
213900003,86,7,79
213900013,2,40,-38
213900015,0,13,-13
213900016,55,4,51
213900020,52,58,-6
213900030,0,90,-90
213900032,126,57,69
213900033,642,28,614
213900034,1527,49,1478
213900035,252,114,138
213900036,147,90,57
213900037,32,193,-161
213900038,995,117,878
213900039,0,8,-8
213900041,10,430,-420
213900042,158,405,-247
213900043,646,53,593
213900244,419,0,419
213900245,0,15,-15
218000003,51,60,-9
218000004,148,60,88
218000005,22,83,-61
218000006,119,97,22
218000007,20,37,-17
218000012,125,387,-262
218000013,368,320,48
218000014,506,156,350
218000019,588,205,383
218000020,384,172,212
218000021,56,36,20
218000022,33,20,13
218000023,10,24,-14
218000024,1,3,-2
218000025,13,13,0
218000026,39,19,20
218000027,1,4,-3
218000028,6,3,3
218000029,1,5,-4
218000030,47,6,41
218000031,13,8,5
218000032,2,6,-4
218000040,3,12,-9
218000046,240,181,59
218000047,53,98,-45
218000048,262,33,229
218000049,122,55,67
218000050,487,124,363
218000051,127,138,-11
218000052,6,40,-34
218000053,1,8,-7
218000054,9,35,-26
218000055,10,51,-41
218000056,34,100,-66
218000057,4,90,-86
218000064,0,8,-8
218000065,138,30,108
218000066,76,51,25
218000067,214,49,165
218000068,410,93,317
218000069,793,37,756
218000070,454,219,235
218000071,282,201,81
218000072,138,160,-22
218000078,1767,230,1537
218000079,509,32,477
218000080,373,35,338
218000081,1081,40,1041
218000082,373,35,338
218000083,201,52,149
218000084,245,63,182
218000085,149,98,51
218000086,104,47,57
218000087,266,50,216
218000090,26,310,-284
218000091,1696,673,1023
218000092,352,38,314
218000093,184,80,104
218000094,687,225,462
218000099,359,285,74
218000100,390,166,224
218000101,477,253,224
218000102,939,214,725
218000103,284,83,201
218000104,194,35,159
218000105,15,10,5
218000106,46,2,44
218000107,362,21,341
218000108,63,16,47
218000112,125,23,102
218000117,46,86,-40
218000134,599,280,319
218000135,11,139,-128
218000136,222,149,73
218000137,139,193,-54
218000138,87,75,12
218000139,222,574,-352
218000140,702,589,113
218000141,151,134,17
218000142,312,264,48
218000143,55,353,-298
218000144,16,259,-243
218000145,818,225,593
218000146,190,92,98
218000151,2,44,-42
218000152,59,61,-2
218000153,7,5,2
218000154,40,8,32
218000155,74,3,71
218000156,156,6,150
218000157,84,6,78
218000158,17,9,8
218000159,8,22,-14
218000160,15,31,-16
218000161,67,15,52
218000162,88,7,81
218000163,42,2,40
218000164,159,6,153
218000165,201,79,122
218000170,0,26,-26
218000171,87,5,82
218000172,7,7,0
218000173,26,8,18
218000174,16,14,2
218000176,457,27,430
218000177,536,116,420
218000178,62,122,-60
218000179,307,45,262
218000180,113,34,79
218000181,495,63,432
218000187,32,33,-1
218000188,6,26,-20
218000189,34,94,-60
218000190,28,18,10
218000191,203,31,172
218000192,266,167,99
218000193,430,179,251
218000194,245,230,15
218000195,301,27,274
218000196,608,190,418
218000197,1295,131,1164
218000198,331,48,283
218000199,156,12,144
218000200,83,47,36
218000201,47,6,41
218000202,34,885,-851
218000207,14,21,-7
218000208,57,136,-79
218000211,42,6,36
218000212,0,1,-1
218000213,262,128,134
218000214,2,35,-33
218000215,224,59,165
218000217,4,53,-49
218000218,491,27,464
218000219,3,43,-40
218000220,105,500,-395
218000221,1300,441,859
218000222,0,109,-109
218000223,83,804,-721
218000224,13,316,-303
218000225,382,44,338
218000226,518,52,466
218000230,3,19,-16
218000232,120,44,76
218000239,207,24,183
218000240,6,3,3
218000241,25,0,25
218000242,5,0,5
218000243,6,1,5
218000244,46,6,40
218000245,10,21,-11
218000246,0,20,-20
218000247,0,2,-2
218000248,0,79,-79
218000249,0,3,-3
218000250,0,132,-132
218000251,1,34,-33
218000252,0,42,-42
218000253,0,51,-51
218000254,0,40,-40
218000255,1,21,-20
218000256,8,37,-29
218000267,668,881,-213
218000268,11,74,-63
218000269,0,31,-31
218000270,60,19,41
218000271,19,21,-2
218000273,241,8,233
218000274,40,4,36
218000275,144,103,41
218000276,57,13,44
218000278,4,30,-26
218000279,51,20,31
218000280,1,19,-18
218000281,6,20,-14
218000282,774,1558,-784
218000284,76,2,74
218000301,59,173,-114
218000302,111,91,20
218000303,3,91,-88
218000316,2061,659,1402
218000317,4148,428,3720
218000318,2342,317,2025
218000319,1833,397,1436
218000320,1694,630,1064
218000338,16,29,-13
218000345,309,62,247
218000346,54,257,-203
218000459,45,116,-71
218000490,23,51,-28
218000501,212,69,143
218000502,195,29,166
218000503,166,15,151
218000504,183,7,176
218000505,38,33,5
218000506,9,55,-46
218000508,14,0,14
218000510,109,25,84
218000520,179,134,45
218000521,0,20,-20
218000522,1,277,-276
218000523,216,0,216
218000524,9,185,-176
218000525,87,15,72
218000526,41,177,-136
218000529,37,52,-15
218000530,46,6,40
218000531,44,12,32
218000532,108,5,103
218000534,731,11,720
218000537,19,112,-93
218000538,214,248,-34
218000540,72,83,-11
218000543,432,33,399
218000544,37,30,7
218000545,345,97,248
218000546,91,11,80
218000547,307,132,175
218000548,126,46,80
218000549,1723,107,1616
218000550,244,97,147
218000551,66,220,-154
218000552,507,119,388
218000553,18,114,-96
218000554,13,54,-41
218000555,58,123,-65
218000556,335,106,229
218000557,1154,78,1076
218000558,94,0,94
218000559,0,69,-69
218000560,0,32,-32
218000561,4,0,4
218000562,11,133,-122
218000563,333,15,318
218000564,4,120,-116
218000565,174,19,155
218000566,59,13,46
218000567,2,69,-67
218000568,14,0,14
218000569,18,146,-128
218000570,23,1,22
218000571,0,111,-111
218000572,91,0,91
218000573,6,82,-76
218000574,107,18,89
218000575,148,2,146
218000576,0,74,-74
218000577,149,20,129
218000578,0,121,-121
218000579,13,31,-18
218000581,2,74,-72
218000582,89,5,84
218000583,12,1,11
218000584,0,64,-64
218000585,62,14,48
218000586,14,52,-38
218000587,4,0,4
218000588,0,12,-12
218000589,0,20,-20
218000590,2,0,2
218000591,1,69,-68
218000592,5,1,4
218000593,0,0,0
218000594,0,7,-7
218000595,0,1,-1
218000596,0,0,0
218000597,0,0,0
218000598,0,0,0
218000599,0,0,0
218000600,9,0,9
218000601,0,1,-1
218000602,0,0,0
218000603,0,5,-5
218000604,26,12,14
218000605,0,33,-33
218000606,92,5,87
218000607,1,79,-78
218000608,48,10,38
218000609,1,80,-79
218000610,94,0,94
218000611,38,0,38
218000612,1,24,-23
218000613,23,9,14
218000614,8,41,-33
218000615,294,1,293
218000616,11,180,-169
218000617,1,0,1
218000618,1,40,-39
218000619,82,67,15
218000620,4,173,-169
218000621,0,10,-10
218000622,1,165,-164
218000623,27,20,7
218000624,5,321,-316
218000625,4,62,-58
218000626,0,32,-32
218000628,341,241,100
218000631,142,10,132
218000632,0,131,-131
218000633,79,0,79
218000634,20,9,11
218000635,17,13,4
218000636,1105,335,770
218000637,2093,184,1909
218000638,779,6,773
218000639,48,39,9
218000640,1256,14,1242
218000641,216,65,151
218000652,99,47,52
218000653,376,36,340
218000663,6,18,-12
218000675,29,50,-21
218000676,10,17,-7
218000677,55,6,49
218000680,218,97,121
218000681,1197,124,1073
218000691,426,62,364
218000693,1301,65,1236
218000703,27,9,18
218000718,33,176,-143
218000719,76,96,-20
218000720,2,90,-88
218000721,18,11,7
218000725,20,13,7
218001214,41,58,-17
218001329,216,53,163
218001330,19,27,-8
218001351,4,11,-7
218001352,19,29,-10
218001353,21,0,21
218001354,2,21,-19
219000001,1,24,-23
219000002,39,21,18
219000003,55,36,19
219000004,119,79,40
219000017,110,125,-15
219000020,372,29,343
219000022,190,1,189
219000023,93,0,93
219000029,1,128,-127
219000034,108,39,69
219000039,13,215,-202
219000040,36,53,-17
219000041,133,38,95
219000051,0,95,-95
219000052,0,44,-44
219000053,0,56,-56
219000054,357,311,46
219000055,443,4,439
219000056,17,0,17
219000057,108,0,108
219000062,5,86,-81
219000063,333,4,329
219000064,0,40,-40
219000110,303,288,15
219000111,139,63,76
219000112,469,29,440
219000113,489,30,459
219000114,336,29,307
219000116,106,66,40
219000117,198,42,156
219000118,94,105,-11
219000123,227,95,132
219000124,74,51,23
219000125,69,7,62
219000126,57,130,-73
219000127,0,3,-3
219000128,17,97,-80
219000129,15,86,-71
219000130,200,336,-136
219000131,1251,777,474
219000133,25,121,-96
219000134,4,58,-54
219000135,31,52,-21
219000136,79,272,-193
219000138,186,7,179
219000139,194,24,170
219000140,426,3,423
219000141,83,21,62
219000142,43,35,8
219000143,17,24,-7
219000145,51,49,2
219000146,0,1,-1
219000147,5,16,-11
219000148,0,18,-18
219000149,1,32,-31
219000150,0,37,-37
219000151,0,4,-4
219000157,677,137,540
219000158,431,187,244
219000161,597,2,595
219000163,1498,312,1186
219000166,317,224,93
219000167,145,203,-58
219000168,477,175,302
219000174,817,161,656
219000175,440,2,438
219000176,465,22,443
219000177,288,1,287
219000178,342,1,341
219000179,291,30,261
219000180,164,23,141
219000182,258,6,252
219000183,147,10,137
219000184,141,11,130
219000185,0,10,-10
219000186,129,28,101
219000187,15,30,-15
219000189,45,160,-115
219000190,135,130,5
219000191,140,622,-482
219000192,414,207,207
219000193,317,86,231
219000195,11,457,-446
219000196,2,130,-128
219000198,64,44,20
219000199,213,79,134
219000200,242,48,194
219000201,81,74,7
219000203,28,37,-9
219000204,48,401,-353
219000205,13,187,-174
219000207,77,212,-135
219000209,101,48,53
219000210,25,194,-169
219000213,13,194,-181
219000239,210,256,-46
219000240,107,418,-311
219000241,104,156,-52
219000242,106,291,-185
219000243,186,195,-9
219000244,60,45,15
219000245,21,21,0
219000246,17,32,-15
219000247,354,31,323
219000248,688,572,116
219000249,289,150,139
219000250,397,42,355
219000251,953,172,781
219000252,447,69,378
219000253,279,43,236
219000255,282,82,200
219000256,627,176,451
219000257,109,0,109
219000262,60,126,-66
219000263,65,89,-24
219000267,3,19,-16
219000268,0,1,-1
219000269,6,1,5
219000270,30,0,30
219000271,501,2,499
219000278,0,1,-1
219000279,0,1,-1
219000283,0,35,-35
219000295,10,87,-77
219000296,67,228,-161
219000297,21,23,-2
219000298,27,23,4
219000299,505,32,473
219000300,41,40,1
219000301,18,238,-220
219000302,21,95,-74
219000307,103,6,97
219000308,74,44,30
219000311,402,39,363
219000312,498,113,385
219000313,668,40,628
219000314,78,80,-2
219000315,634,7,627
219000316,949,70,879
219000317,341,21,320
219000320,0,87,-87
219000321,0,23,-23
219000323,0,50,-50
219000325,1,0,1
219000326,15,16,-1
219000327,63,3,60
219000328,15,12,3
219000329,562,99,463
219000330,18,32,-14
219000331,70,21,49
219000332,384,110,274
219000333,183,3,180
219000335,123,2,121
219000337,38,1,37
219000338,42,0,42
219000344,27,121,-94
219000345,194,121,73
219000346,72,18,54
219000348,180,65,115
219000349,43,133,-90
219000350,45,279,-234
219000351,0,18,-18
219000352,93,66,27
219000353,387,52,335
219000354,1092,42,1050
219000355,213,81,132
219000356,499,1008,-509
219000363,216,85,131
219000364,223,52,171
219000365,88,55,33
219000366,183,1199,-1016
219000368,431,438,-7
219000370,1027,369,658
219000371,16,5,11
219000382,8,15,-7
219000383,216,837,-621
219000385,154,566,-412
219000386,584,1512,-928
219000387,1,19,-18
219000390,12,0,12
219000391,2,0,2
219000397,90,3,87
219000398,28,82,-54
219000401,18,116,-98
219000402,32,44,-12
219000403,47,432,-385
219000404,28,111,-83
219000407,11,23,-12
219000409,100,51,49
219000410,143,18,125
219000411,165,22,143
219000446,69,314,-245
219000447,0,4,-4
219000448,6,14,-8
219000452,98,81,17
219000453,38,125,-87
219000454,566,424,142
219000556,1080,47,1033
219000558,98,134,-36
219000590,18,320,-302
219000591,348,115,233
219000592,58,176,-118
219000595,3,20,-17
219000635,321,27,294
219000636,48,24,24
219000657,108,16,92
219000658,4,151,-147
219000673,0,8,-8
219000676,10,0,10
219000679,66,14,52
219000684,295,1,294
219000685,1,80,-79
219000686,0,3,-3
219000688,0,75,-75
219000689,9,153,-144
219000690,215,4,211
219000691,40,112,-72
219000692,203,13,190
219000693,0,12,-12
219000694,47,0,47
219000695,209,2,207
219000698,11,0,11
219000699,0,108,-108
219000727,0,128,-128
219000728,251,5,246
219000770,43,1,42
219000771,0,37,-37
219001150,0,78,-78
219001151,2,3,-1
219001166,17,77,-60
219001167,1,36,-35
220000001,38,280,-242
220000002,5,160,-155
220000003,238,131,107
220000004,395,354,41
220000005,551,1183,-632
220000006,137,466,-329
220000007,534,119,415
220000008,258,300,-42
220000009,316,344,-28
220000010,30,82,-52
220000011,426,5521,-5095
220000012,88,758,-670
220000014,201,100,101
220000015,16,384,-368
220000017,68,307,-239
220000018,10437,3919,6518
220000019,260,866,-606
220000020,684,200,484
220000021,1177,432,745
220000022,1739,230,1509
220000023,393,92,301
220000024,885,377,508
220000025,789,1635,-846
220000026,536,879,-343
220000027,12,264,-252
220000028,66,127,-61
220000029,16,85,-69
220000030,45,41,4
220000031,1254,549,705
220000064,51,966,-915
221000046,1,2,-1
221000047,0,0,0
221000048,0,3,-3
221000049,1,12,-11
221000050,9,1,8
221000055,16,72,-56
221000057,233,1,232
221000068,251,61,190
221000069,497,29,468
221000070,324,17,307
221000071,239,8,231
221000072,588,6,582
221000073,299,31,268
221000074,0,8,-8
221000075,2,21,-19
221000076,8,11,-3
221000077,9,19,-10
221000081,27,9,18
221000082,117,13,104
221000083,7,1,6
221000084,2,0,2
221000085,12,55,-43
221000086,3,50,-47
221000087,2,123,-121
221000088,6,159,-153
221000089,31,111,-80
221000090,22,221,-199
221000098,191,31,160
221000099,409,18,391
221000100,262,9,253
221000101,293,7,286
221000102,309,9,300
221000109,6,25,-19
221000110,2,13,-11
221000111,3,34,-31
221000112,2,45,-43
221000113,11,67,-56
221000114,1,62,-61
221000120,27,142,-115
221000121,1,53,-52
221000122,79,20,59
221000123,8,13,-5
221000124,17,127,-110
221000155,200,12,188
221000156,73,49,24
221000175,0,17,-17
221000176,0,3,-3
221000182,279,3,276
221000241,305,248,57
221000242,77,99,-22
221000243,572,131,441
221000244,95,262,-167
221000245,197,109,88
221000246,33,190,-157
221000247,251,182,69
221000248,87,89,-2
221000267,16,659,-643
221000325,15,187,-172
221000331,3,43,-40
221000338,20,53,-33
221000378,613,44,569
221000381,70,46,24
222000282,2,3,-1
222000296,3,23,-20
222000568,583,13,570
222000569,252,28,224
222000570,184,47,137
222000571,777,25,752
222000577,26,33,-7
222000578,2,64,-62
222000579,2,78,-76
222000580,15,839,-824
222000599,0,96,-96
222000600,0,102,-102
222000601,1,643,-642
222000603,6,106,-100
222000604,1,125,-124
222000605,13,24,-11
222000606,2,17,-15
222000607,5,18,-13
222000608,1,29,-28
222000609,76,49,27
222000616,1254,21,1233
222000617,18,29,-11
222000618,5,10,-5
222000620,8,19,-11
222000621,40,12,28
222000623,908,8,900
222000624,865,4,861
222000625,2531,13,2518
222000636,63,3,60
222000686,26,30,-4
222000687,99,39,60
222001066,1582,1,1581
222001067,218,9,209
222001068,373,18,355
222001069,181,61,120
222001082,175,5,170
222001083,415,20,395
222001084,3,72,-69
222001085,1,1107,-1106
222001111,554,16,538
222001112,340,21,319
222001313,2,13,-11
222001314,0,171,-171
222001464,121,32,89
222001465,24,80,-56
222001484,542,39,503
222001485,12,22,-10
222001494,1928,165,1763
222001495,166,96,70
222001496,866,70,796
222001497,236,154,82
222001502,27,33,-6
222001503,840,17,823
222001504,15,97,-82
222001505,1338,25,1313
222001506,14,112,-98
222001507,859,8,851
222001510,1809,45,1764
222001511,22,127,-105
222001514,1736,42,1694
222001515,20,122,-102
222001518,1404,35,1369
222001519,134,114,20
222001527,323,30,293
222001528,23,96,-73
222001529,869,37,832
222001530,38,73,-35
222001533,76,205,-129
222001534,1462,20,1442
222001535,654,246,408
222001536,46,96,-50
222001537,1087,33,1054
222001538,14,131,-117
222001563,1960,97,1863
222001564,48,183,-135
222001568,211,104,107
222001576,0,4,-4
222001579,1,40,-39
222001583,32,59,-27
222001584,409,20,389
222001596,326,600,-274
222001597,2660,394,2266
222001626,0,36,-36
222001650,20,84,-64
222001651,18,247,-229
222001914,751,26,725
222001915,7,99,-92
222900004,810,135,675
222900009,259,203,56
222900019,152,239,-87
222900024,254,22,232
222900025,38,19,19
225000001,791,75,716
225000002,2106,170,1936
225000003,2022,65,1957
225000004,1277,193,1084
225000005,77,82,-5
225000006,0,146,-146
225000007,823,1254,-431
225000010,443,32,411
225000011,202,2501,-2299
225000012,433,1102,-669
225000013,292,105,187
225000014,1235,131,1104
225000015,216,293,-77
225000021,1211,87,1124
225000027,347,296,51
225000032,1053,95,958
225000042,169,346,-177
225000049,66,210,-144
225000050,311,49,262
225000053,7,84,-77
225000058,1080,149,931
225000067,556,83,473
225000068,286,181,105
225000069,148,293,-145
225000070,230,246,-16
225000071,102,65,37
225000075,51,1398,-1347
225000076,107,71,36
225000078,72,31,41
225000085,329,27,302
225000086,786,26,760
225000087,200,8,192
225000088,42,239,-197
225000089,77,138,-61
225000090,10,144,-134
225000091,46,59,-13
225000092,66,170,-104
225000093,603,117,486
225000094,11,124,-113
225000095,347,152,195
225000096,109,116,-7
225000098,1665,124,1541
225000099,974,37,937
225000100,1371,55,1316
225000104,195,476,-281
225000110,28,384,-356
225000111,572,409,163
225000112,982,896,86
225000113,320,1394,-1074
225000114,288,761,-473
225000115,1604,928,676
225000116,259,102,157
225000117,620,496,124
225000118,1765,459,1306
225000119,663,88,575
225000120,1539,97,1442
225000121,258,55,203
225000123,1084,4,1080
225000125,833,202,631
225000126,894,173,721
225000127,669,5277,-4608
225000128,480,1883,-1403
225000132,1011,22,989
225000133,537,12,525
225000134,1266,159,1107
225000135,187,12,175
225000136,837,11,826
225000137,602,201,401
225000138,989,258,731
225000143,128,402,-274
225000144,18,358,-340
225000145,82,23,59
225000146,150,68,82
225000147,54,77,-23
225000148,3,43,-40
225000149,108,131,-23
225000151,52,58,-6
225000155,110,99,11
225000156,314,1225,-911
225000157,757,325,432
225000158,58,168,-110
225000171,1,184,-183
225000180,30,19,11
225000181,1,215,-214
225000182,75,8,67
225000185,2,405,-403
225000187,96,368,-272
225000191,115,2,113
225000194,0,1,-1
225000208,3,102,-99
225000209,129,25,104
225000210,2,150,-148
225000217,0,25,-25
225000218,40,0,40
225000223,2,375,-373
225000224,15,1,14
225000225,3,141,-138
225000226,21,3,18
225000227,183,289,-106
225000228,4,5,-1
225000229,0,185,-185
225000230,6,0,6
225000231,0,15,-15
225000232,394,3,391
225000241,167,1,166
225000242,0,19,-19
225000249,3,0,3
225000250,86,203,-117
225000251,915,89,826
225000254,1,133,-132
225000256,0,754,-754
225000257,0,72,-72
226000042,97,281,-184
226000043,21,204,-183
226000044,67,492,-425
226000045,61,260,-199
226000046,1524,143,1381
226000047,1173,182,991
226000048,941,132,809
226000049,974,363,611
226000070,0,20,-20
226000071,0,24,-24
226000072,0,17,-17
226000073,0,6,-6
226000074,0,2,-2
226000084,0,17,-17
226000085,1,42,-41
226000086,2,22,-20
226000087,0,40,-40
226000088,12,27,-15
226000090,61,282,-221
226000091,4,117,-113
226000092,1,31,-30
226000093,9,7,2
226000094,10,15,-5
226000095,9,17,-8
226000105,10,2,8
226000106,24,0,24
226000107,7,1,6
226000108,11,0,11
226000109,434,0,434
226000124,491,155,336
226000134,2411,455,1956
226000135,3882,496,3386
226000136,1640,362,1278
226000137,6,60,-54
226000138,3,24,-21
226000139,0,27,-27
226000156,712,1,711
226000157,946,7,939
226000163,16,95,-79
226000202,3,67,-64
226000231,1721,2,1719
226000232,62,0,62
227000033,809,8,801
227000036,1377,21,1356
227000037,1251,25,1226
227000038,379,48,331
227000084,0,131,-131
227000085,1,105,-104
227000088,139,1,138
227000089,65,1,64
227000090,31,2,29
227000091,38,0,38
227000092,11,1,10
227000093,189,1,188
227000094,8,1,7
227000130,89,140,-51
227000131,51,150,-99
227000132,23,81,-58
227000133,49,54,-5
227000134,31,71,-40
227000152,0,11,-11
227000153,0,115,-115
227000154,0,58,-58
227000155,0,27,-27
227000156,0,42,-42
227000165,1,96,-95
227000196,1048,103,945
227000199,1659,199,1460
227000230,8,172,-164
227000232,2549,19,2530
227000242,32,171,-139
227000243,478,28,450
227000245,22,168,-146
227000246,75,143,-68
227000247,1138,24,1114
227000248,271,57,214
227000249,18,109,-91
227000250,542,340,202
227000251,68,202,-134
227000252,76,125,-49
227000253,453,21,432
227000262,1039,13,1026
227000266,4032,50,3982
227000267,9,517,-508
227000282,0,60,-60
227000284,2390,8,2382
227000286,26,14,12
227000291,18,136,-118
227000296,393,218,175
227000484,191,11,180
227000485,9,406,-397
227000655,966,3,963
227000656,1846,12,1834
227000657,971,3,968
227000704,1761,58,1703
229000265,17,13,4
229000266,2,8,-6
229000267,30,0,30
229000268,61,1,60
229000269,73,3,70
229000274,1,66,-65
229000275,0,132,-132
229000276,0,74,-74
229000277,0,10,-10
229000278,9,7,2
229000295,54,33,21
229000296,15,99,-84
229000297,16,37,-21
229000298,32,434,-402
229000320,77,3,74
229000321,39,296,-257
229000412,26,149,-123
229000414,62,97,-35
229000415,24,9,15
229000416,5,5,0
229000417,29,12,17
229000419,296,333,-37
229000440,508,127,381
229000442,44,12,32
229000443,8,2,6
229000444,0,64,-64
229000445,88,33,55
229000446,166,76,90
229000491,4,12,-8
229000492,8,57,-49
229000493,6,88,-82
229000494,101,6,95
229000495,264,7,257
229000496,292,1,291
229000507,0,41,-41
229000508,2,34,-32
229000509,1,72,-71
229000510,3,31,-28
229000511,5,59,-54
229000512,0,32,-32
229000513,0,9,-9
229000514,0,5,-5
229000517,4,5,-1
229000518,22,12,10
229000519,0,9,-9
229000520,29,24,5
229000521,127,35,92
229000522,27,9,18
229000523,15,3,12
229000524,10,1,9
229000527,2,0,2
229000528,0,0,0
229000529,22,3,19
229000530,111,4,107
229000531,156,1,155
229000532,43,0,43
229000533,57,1,56
229000534,47,0,47
229000564,277,2,275
229000565,180,1,179
229000566,0,12,-12
229000567,0,7,-7
229000582,119,8,111
229000583,65,11,54
229000584,2,4,-2
229000585,2,136,-134
229000718,0,2,-2
229000719,0,2,-2
229000720,0,21,-21
229000721,0,6,-6
229000722,0,1,-1
229000723,0,3,-3
229000724,1,20,-19
229000725,0,3,-3
229000738,0,0,0
229000739,17,0,17
229000740,0,0,0
229000741,86,0,86
229000742,25,0,25
229000743,52,0,52
229000744,1,0,1
229000745,1,0,1
229000746,34,1,33
229000847,226,0,226
229000848,180,0,180
229000849,524,0,524
229000851,621,1,620
229000854,0,24,-24
229000856,0,60,-60
229000857,0,24,-24
229000858,0,29,-29
229000919,0,14,-14
229000930,1,13,-12
229000937,189,5,184
229000966,75,30,45
229000981,10,0,10
229000985,78,25,53
229000986,2,7,-5
229000987,0,0,0
229000988,1,1,0
229000989,5,43,-38
229000990,4,22,-18
229000991,0,0,0
229000992,66,2,64
229000993,521,7,514
229000998,83,71,12
229000999,185,21,164
229001034,0,34,-34
229001035,3,28,-25
229001036,12,48,-36
229001037,121,18,103
229001038,0,17,-17
229001039,23,0,23
229001040,0,121,-121
229001041,625,1,624
229001042,35,6,29
229001047,14,180,-166
229001050,98,15,83
229001168,0,46,-46
229001200,58,1,57
229001338,3,1,2
229001394,543,3,540
229001422,211,20,191
229001423,4,54,-50
229001431,80,34,46
229001432,2,44,-42
229001444,540,90,450
229001445,148,180,-32
229001479,75,3,72
229001503,493,29,464
229001504,37,32,5
229001505,278,35,243
229001506,33,27,6
229001509,219,3,216
229001510,8,63,-55
229001545,162,39,123
229001546,2,16,-14
229001553,176,23,153
229001554,9,3,6
229001630,181,29,152
229001631,50,120,-70
229001635,0,35,-35
229001636,0,0,0
229001658,0,15,-15
229001659,75,14,61
229001660,0,3,-3
229001661,3,128,-125
229001662,45,0,45
229001663,0,22,-22
229002584,670,516,154
229002831,277,179,98
229002841,44,102,-58
229002842,53,140,-87
229002843,58,95,-37
229002844,21,165,-144
229002845,23,195,-172
229002846,12,54,-42
229002847,0,38,-38
229002848,4,126,-122
229002849,1,232,-231
229002850,12,1,11
229002851,118,323,-205
229002852,172,43,129
229002853,162,50,112
229002854,24,113,-89
229002855,5,38,-33
229002856,101,38,63
229002857,15,141,-126
229002858,9,27,-18
229002859,20,59,-39
229002860,80,98,-18
229002861,43,68,-25
229002862,36,73,-37
229002863,43,14,29
229002864,73,74,-1
229002865,5,28,-23
229002866,27,77,-50
229002867,5,10,-5
229002868,21,60,-39
229002869,50,99,-49
229002870,84,17,67
235000066,332,27,305
235000067,192,96,96
235000072,7,13,-6
235000073,57,82,-25
235000074,79,7,72
235000080,15,40,-25
235000081,97,92,5
235000082,506,78,428
235000083,737,122,615
235000084,28,108,-80
235000085,239,98,141
235000089,28,22,6
235000092,14,30,-16
235000093,4,3,1
235000097,2,6,-4
235000098,139,3,136
235000099,29,9,20
235000116,35,19,16
235000117,726,34,692
235000133,3,219,-216
235000134,6,65,-59
235000206,3,10,-7
235000207,3,2,1
235000208,0,1,-1
235000209,3,0,3
235000210,7,0,7
235000212,0,16,-16
235000213,0,7,-7
235000220,1,5,-4
235000221,14,35,-21
235000238,16,257,-241
235000239,0,71,-71
235000242,350,1605,-1255
235000245,530,237,293
235000246,39,65,-26
235000284,3,74,-71
235000295,59,1,58
235000305,634,12,622
235000306,839,13,826
235000307,115,4,111
235000308,21,0,21
235000309,204,0,204
235000310,32,0,32
235000311,100,33,67
235000322,2,152,-150
235000323,2,43,-41
235000324,1,89,-88
235000325,0,31,-31
235000326,10,82,-72
235000351,4,55,-51
235000352,40,32,8
235000353,7,22,-15
235000354,26,24,2
235000355,10,341,-331
235000356,138,2,136
235000357,55,6,49
235000358,40,3,37
235000359,34,0,34
235000360,302,28,274
235000361,76,12,64
235000381,170,75,95
235000382,390,46,344
235000390,7,0,7
235000391,207,8,199
235000392,256,104,152
235000393,198,129,69
235000395,210,46,164
235000396,707,38,669
235000400,399,89,310
235000401,5,128,-123
235000405,128,140,-12
235000406,50,97,-47
235000407,92,31,61
235000409,247,50,197
235000410,93,60,33
235000411,0,61,-61
235000485,0,1,-1
235000486,12,0,12
235000549,87,118,-31
235000550,179,94,85
235000599,184,18,166
235000600,0,10,-10
235000601,25,8,17
235000602,223,62,161
235000614,0,16,-16
235000648,0,1,-1
235000649,64,8,56
235000685,0,16,-16
235000815,4,20,-16
235000834,1,12,-11
235000855,48,54,-6
235000862,43,82,-39
235000891,0,5,-5
235000892,9,1,8
235000901,78,48,30
235000907,3,9,-6
235001010,276,59,217
235001029,110,75,35
235001030,182,62,120
235001078,101,79,22
235001079,105,21,84
235001147,12,100,-88
235001166,42,17,25
235001167,58,23,35
235001169,72,149,-77
235001188,1,10,-9
235001189,1,0,1
235001197,0,31,-31
235001200,33,18,15
235001208,4,80,-76
235001209,33,59,-26
235001210,16,178,-162
235001239,0,17,-17
235001244,1,6,-5
235016267,0,126,-126
241900007,96,2,94
277101746,0,1,-1
277102712,7,0,7
277103813,0,0,0
277103814,0,0,0
277103898,0,3,-3
277104249,0,2,-2
277104250,0,23,-23
277104251,0,4,-4
277104252,0,3,-3
990011530,0,217,-217
990014944,0,184,-184
990015176,24,3,21
990015618,0,200,-200
990016032,2,614,-612
990032570,8,2363,-2355
990070001,76,3,73
990070103,0,2,-2
990070601,0,24,-24
990070751,4824,4,4820
990070766,0,108,-108
990071180,623,84,539
990071343,14,12,2
990071387,0,1,-1
990071823,943,3,940
990072600,1,662,-661
990072964,0,123,-123
990073285,0,1,-1
990074393,0,586,-586
990074870,4049,112,3937
990075106,755,48,707
990075746,955,12,943
990076437,9328,7,9321
990076458,0,367,-367
997000007,499,4,495
997000041,0,413,-413
997000058,88,0,88
997000062,59,42,17
997000069,0,1,-1
997000070,0,97,-97
997000100,298,0,298
997000141,0,93,-93
997000198,0,81,-81
998000475,0,2,-2
998000736,1,895,-894
998000965,0,127,-127
998001031,2,235,-233
998001700,0,60,-60
998001899,0,2,-2
998001900,12,2,10
998003073,2246,5,2241
998101900,0,0,0
998102850,0,143,-143
998501927,502,1276,-774
998501929,289,2,287
998501930,103,3,100
998501931,484,93,391
998501932,11,0,11
998501933,137,35,102
998501937,16,3,13
998501944,1,2,-1
998501950,0,0,0
998501970,508,9,499
998501971,1,334,-333
998501973,1,7,-6
998501974,2,88,-86
998501975,119,1,118
998501976,233,2,231
998501977,0,31,-31
998501978,10,0,10
998501979,0,2,-2
998501980,278,6,272
998501981,37,1,36
998501982,0,112,-112
998502006,0,0,0
998502024,0,2,-2
998502032,4,4,0
998502062,11,1,10
998502063,0,0,0
998502173,24,0,24
998502269,0,1,-1
998601159,0,15,-15
998601292,1,27,-26
999033574,0,178,-178
999800001,106,17,89
999800002,0,1,-1
999800003,5,5,0
999800004,0,6,-6
999800005,0,20,-20
