ID,insum,outsum,diff
100000001,719,1184,-465
100000002,2568,833,1735
100000003,7577,3554,4023
100000004,1797,1095,702
100000005,2006,4559,-2553
100000006,434,75,359
100000007,1837,593,1244
100000008,172,856,-684
100000009,313,227,86
100000010,72,61,11
100000011,549,73,476
100000012,68,844,-776
100000013,34,318,-284
100000014,308,396,-88
100000015,1661,1592,69
100000016,1155,2135,-980
100000017,819,1364,-545
100000018,1493,701,792
100000019,5895,2213,3682
100000020,2095,5217,-3122
100000021,8881,3291,5590
100000022,1907,1346,561
100000023,7374,1525,5849
100000025,3798,1031,2767
100000028,2204,1076,1128
100000029,325,287,38
100000030,803,136,667
100000031,6231,6992,-761
100000032,2495,3962,-1467
100000033,963,2404,-1441
100000034,1046,530,516
100000035,2121,1004,1117
100000036,3018,1049,1969
100000037,497,487,10
100000038,1604,1121,483
100000039,985,222,763
100000040,178,163,15
100000041,1001,398,603
100000042,851,403,448
100000043,802,363,439
100000044,359,955,-596
100000045,563,1976,-1413
100000046,878,1866,-988
100000047,484,1185,-701
100000048,929,795,134
100000049,2284,3493,-1209
100000051,586,1527,-941
100000053,77,10,67
100000054,181,32,149
100000055,674,275,399
100000056,277,740,-463
100000057,2050,1178,872
100000058,1061,1760,-699
100000059,7,142,-135
100000060,343,456,-113
100000061,1947,603,1344
100000062,1624,653,971
100000063,495,329,166
100000064,1103,415,688
100000065,391,1475,-1084
100000066,221,1343,-1122
100000067,491,1382,-891
100000068,567,2513,-1946
100000069,357,2216,-1859
100000072,551,1365,-814
100000073,1433,1590,-157
100000075,595,406,189
100000076,2581,1891,690
100000077,673,193,480
100000078,91,101,-10
100000079,85,91,-6
100000080,29,18,11
100000081,114,43,71
100000102,4796,1544,3252
100000103,4054,1198,2856
100000104,5568,1889,3679
100000105,4377,1167,3210
100000106,3101,2030,1071
100000107,959,566,393
100000108,1270,1278,-8
100000109,5005,1511,3494
100000116,1751,1001,750
100000117,98,45,53
100000118,1585,1231,354
100000119,865,672,193
100000121,396,811,-415
100000122,1834,1179,655
100000123,4041,6016,-1975
100000124,7156,9486,-2330
100000125,4242,1308,2934
100000126,863,476,387
100000127,2205,475,1730
100000128,1240,1741,-501
100000129,682,437,245
100000130,483,813,-330
100000131,4084,4044,40
100000132,1995,3218,-1223
100000133,8924,3806,5118
100000135,520,1004,-484
100000139,344,351,-7
100000140,305,323,-18
100000142,444,646,-202
100000143,2086,1098,988
100000144,5878,1012,4866
100000147,1265,2542,-1277
100000150,33,668,-635
100000151,1095,737,358
100000153,644,355,289
100000154,204,157,47
100000155,22,47,-25
100000156,137,114,23
100000157,22,341,-319
100000158,82,170,-88
100000159,779,574,205
100000165,1364,882,482
100000169,821,517,304
100000174,1809,599,1210
100000179,98,829,-731
100000180,4029,2102,1927
100000181,165,394,-229
100000188,118,569,-451
100000189,1095,390,705
100000190,619,582,37
100000191,961,448,513
100000192,66,238,-172
100000193,162,164,-2
100000330,2505,1010,1495
100000355,126,798,-672
100000362,5934,4353,1581
100000363,2922,4086,-1164
100000364,587,153,434
100000365,4270,9789,-5519
100000366,5351,2978,2373
100000367,4097,5171,-1074
100000368,2362,2154,208
100000369,1361,1780,-419
100000370,252,409,-157
100000376,76,116,-40
100000379,3219,1545,1674
100000380,4821,2935,1886
100000384,7641,4808,2833
100000385,8037,5804,2233
100000386,11543,5003,6540
100000387,9102,6107,2995
100000388,11911,7416,4495
100000389,11379,7568,3811
100000390,12166,4916,7250
100000391,8931,7106,1825
100000392,5656,2301,3355
100000393,2781,2401,380
100000394,9908,5708,4200
100000395,5703,1859,3844
100000396,6861,2632,4229
100000397,4546,2515,2031
100000398,13548,9392,4156
100900002,7,114,-107
100900003,280,132,148
100900004,56,1217,-1161
100900005,119,15,104
100900006,13,359,-346
100900007,656,11,645
100900008,1,548,-547
100900009,42,85,-43
100900010,101,199,-98
100900011,72,469,-397
100900012,0,289,-289
100900013,1071,10,1061
100900014,5,19,-14
100900015,132,148,-16
100900016,1,61,-60
100900017,990,94,896
100900018,0,19,-19
100900019,35,161,-126
100900020,405,4,401
100900021,444,0,444
100900022,12,30,-18
100900023,4,37,-33
100900024,1146,5,1141
100900025,11,15,-4
100900026,78,176,-98
100900027,828,3292,-2464
100900028,140,269,-129
100900029,133,32,101
100900030,8,26,-18
100900031,427,93,334
100900032,208,0,208
100900033,242,215,27
100900034,456,1,455
100900035,695,1,694
100900036,19,2,17
100900037,61,454,-393
100900038,115,23,92
100900039,419,739,-320
100900040,322,1092,-770
100900041,397,1419,-1022
100900042,727,296,431
100900043,0,36,-36
100900044,3713,481,3232
100900045,89,1,88
100900046,1403,11,1392
100900047,920,150,770
100900048,141,32,109
100900049,119,274,-155
100900050,0,28,-28
100900051,69,95,-26
100900052,313,33,280
100900053,385,38,347
100900054,4,121,-117
100900055,328,498,-170
100900056,101,303,-202
100900057,816,1069,-253
100900058,318,70,248
100900059,99,4,95
100900060,117,8,109
100900061,393,412,-19
100900062,3,110,-107
100900063,177,544,-367
100900064,843,23,820
100900065,110,77,33
100900066,83,111,-28
100900067,4,9,-5
100900068,132,172,-40
100900069,599,1,598
100900070,273,2,271
100900071,847,427,420
100900072,0,84,-84
100900073,171,895,-724
100900074,9,10,-1
100900075,3340,516,2824
100900076,46,132,-86
100900077,10,179,-169
100900078,66,326,-260
100900079,3,47,-44
100900080,40,279,-239
100900081,34,148,-114
100900082,81,1012,-931
100900083,11,49,-38
100900085,5,111,-106
100900086,165,903,-738
100900088,102,969,-867
100900089,0,24,-24
100900090,134,774,-640
100900091,0,28,-28
100900092,311,221,90
100900093,283,423,-140
100900094,99,923,-824
100900095,4,48,-44
100900096,42,140,-98
100900097,1,10,-9
100900098,11,24,-13
100900099,49,908,-859
100900100,33,467,-434
100900101,527,58,469
100900102,78,82,-4
100900103,2,28,-26
100900104,17,278,-261
100900105,19,195,-176
100900106,43,3,40
100900107,2757,801,1956
100900108,4,28,-24
100900109,6,48,-42
100900110,7,58,-51
100900111,44,243,-199
100900112,3,10,-7
100900113,6,41,-35
100900114,7,16,-9
100900115,1,46,-45
100900116,900,822,78
100900117,329,1023,-694
100900118,71,97,-26
100900119,8,29,-21
100900120,6,18,-12
100900121,296,626,-330
100900122,113,204,-91
100900123,56,126,-70
100900124,3,5,-2
100900125,34,139,-105
100900126,124,237,-113
100900127,1,8,-7
100900128,102,247,-145
100900129,1,187,-186
100900131,85,194,-109
100900133,58,62,-4
100900134,2,4,-2
100900135,0,176,-176
100900137,417,221,196
100900138,486,477,9
100900139,12,8,4
100900140,4,1173,-1169
100900141,2,519,-517
100900142,0,7,-7
100900143,1022,533,489
100900144,12,5,7
100900145,45,158,-113
100900146,12,28,-16
100900147,10,334,-324
100900148,21,1448,-1427
100900149,8,124,-116
100900150,3,31,-28
100900151,128,858,-730
100900152,165,3,162
100900153,6,234,-228
100900154,3,31,-28
100900155,1,9,-8
100900156,52,10,42
100900157,3,139,-136
100900159,1,18,-17
100900160,14,21,-7
100900161,184,11,173
100900162,8,246,-238
100900163,181,276,-95
100900164,46,63,-17
100900165,40,56,-16
100900166,29,3,26
100900167,9,136,-127
100900168,27,150,-123
100900169,214,1366,-1152
100900170,28,17,11
100900171,32,891,-859
100900172,1,12,-11
100900173,8,950,-942
100900174,370,52,318
100900176,1731,152,1579
100900177,1213,412,801
100900178,495,212,283
100900179,143,96,47
100900180,5,2,3
100900181,112,40,72
100900182,40,18,22
100900184,2,190,-188
100900186,1321,773,548
100900187,14,208,-194
100900188,62,14,48
100900189,1129,220,909
100900191,1685,1070,615
100900192,365,275,90
100900195,163,245,-82
100900197,28,153,-125
100900198,20,506,-486
100900199,13,35,-22
100900200,732,563,169
100900201,100,1377,-1277
100900202,2,1,1
100900203,0,72,-72
100900204,624,524,100
100900205,140,540,-400
100900206,134,78,56
100900207,168,121,47
100900210,124,1108,-984
100900211,497,157,340
100900213,86,34,52
100900214,1240,127,1113
100900215,8,37,-29
100900217,173,85,88
101000001,5314,2311,3003
101000002,5336,6018,-682
101000003,1037,2435,-1398
101000004,11542,9223,2319
101000005,5857,5732,125
101000006,10034,8440,1594
101000007,3227,3586,-359
101000008,5089,3340,1749
101000009,2038,2642,-604
101000010,1093,2035,-942
101000011,3017,1136,1881
101000012,2969,653,2316
101000013,685,1210,-525
101000014,722,943,-221
101000015,898,870,28
101000016,803,554,249
101000017,686,728,-42
101000018,5104,3243,1861
101000020,4793,1564,3229
101000021,1776,379,1397
101000022,532,110,422
101000023,2077,886,1191
101000025,291,529,-238
101000026,450,30,420
101000027,2147,1595,552
101000028,1103,170,933
101000029,143,955,-812
101000030,1569,119,1450
101000031,748,604,144
101000032,7962,2527,5435
101000033,3523,2951,572
101000034,3458,1249,2209
101000035,1486,483,1003
101000036,1866,537,1329
101000037,5484,1360,4124
101000039,5196,2750,2446
101000040,6051,4560,1491
101000041,19611,6465,13146
101000042,1379,1085,294
101000043,14581,6384,8197
101000045,2346,714,1632
101000046,2869,721,2148
101000047,1801,1786,15
101000048,1329,1400,-71
101000049,1247,1439,-192
101000050,4219,3613,606
101000051,4211,2208,2003
101000052,1933,752,1181
101000053,1351,2098,-747
101000054,2434,2034,400
101000055,1852,1550,302
101000056,116,119,-3
101000057,3603,952,2651
101000058,2788,1174,1614
101000059,4515,2108,2407
101000060,2552,440,2112
101000061,1341,1205,136
101000062,1307,641,666
101000063,716,712,4
101000064,1767,572,1195
101000065,324,350,-26
101000066,499,289,210
101000067,1205,669,536
101000068,514,298,216
101000069,541,91,450
101000070,2126,1511,615
101000071,2756,1057,1699
101000072,1475,4659,-3184
101000073,1001,734,267
101000074,6927,5604,1323
101000075,9258,5519,3739
101000077,1427,2623,-1196
101000078,1290,2439,-1149
101000079,330,1085,-755
101000080,576,670,-94
101000081,1382,1835,-453
101000082,4284,3530,754
101000083,2320,2064,256
101000084,1625,1465,160
101000085,1863,1500,363
101000086,1424,1628,-204
101000087,1248,1756,-508
101000088,1302,1361,-59
101000089,1066,1786,-720
101000090,3089,1929,1160
101000091,483,2294,-1811
101000092,836,1403,-567
101000093,1787,1042,745
101000094,750,1859,-1109
101000095,283,1137,-854
101000096,229,859,-630
101000097,1039,516,523
101000098,832,682,150
101000099,1381,1599,-218
101000100,1097,912,185
101000101,540,552,-12
101000102,1464,391,1073
101000103,1073,625,448
101000104,468,539,-71
101000105,1193,308,885
101000106,1072,711,361
101000107,196,440,-244
101000108,2019,469,1550
101000109,267,117,150
101000110,50,1026,-976
101000111,198,323,-125
101000113,246,1011,-765
101000114,4856,2335,2521
101000115,179,163,16
101000116,245,355,-110
101000117,1328,326,1002
101000119,224,94,130
101000120,294,47,247
101000121,95,46,49
101000122,177,103,74
101000123,61,80,-19
101000124,175,260,-85
101000125,187,546,-359
101000128,1132,380,752
101000130,404,510,-106
101000131,738,916,-178
101000132,518,2423,-1905
101000135,96,41,55
101000136,377,175,202
101000137,26,324,-298
101000141,2742,2783,-41
101000147,1026,792,234
101000148,2595,30,2565
101000149,73,95,-22
101000150,75,1569,-1494
101000151,168,108,60
101000152,336,314,22
101000153,655,684,-29
101000154,187,2771,-2584
101000155,208,293,-85
101000156,24,359,-335
101000157,73,31,42
101000160,99,91,8
101000163,227,137,90
101000164,463,538,-75
101000165,364,756,-392
101000166,409,632,-223
101000168,903,468,435
101000252,1624,1171,453
101000254,724,60,664
101000258,25,52,-27
101000261,68,266,-198
101000262,1223,1259,-36
101000263,433,1561,-1128
101000265,68,741,-673
101000266,453,440,13
101000269,140,20,120
101000290,2650,3182,-532
101000293,50,150,-100
101000294,822,710,112
101000295,131,711,-580
101000301,1059,451,608
101000304,2435,2936,-501
101000305,2932,2212,720
101000328,60,452,-392
101900001,15,100,-85
101900002,0,22,-22
101900003,101,157,-56
101900004,7,40,-33
101900005,8003,1856,6147
101900006,1180,55,1125
101900007,630,90,540
101900008,174,297,-123
101900009,72,615,-543
101900010,1412,828,584
101900011,453,1665,-1212
101900012,160,423,-263
101900013,1865,204,1661
101900017,17,150,-133
101900018,2708,301,2407
101900019,317,97,220
101900020,163,239,-76
101900021,4,88,-84
101900022,163,2101,-1938
101900023,128,358,-230
101900026,102,53,49
101900027,3,129,-126
102000001,3117,4921,-1804
102000002,3235,1760,1475
102000003,4500,7082,-2582
102000004,11316,3769,7547
102000005,1744,2750,-1006
102000006,1974,2490,-516
102000007,1772,5836,-4064
102000008,6760,2596,4164
102000009,6172,9015,-2843
102000010,6924,4973,1951
102000011,3278,2840,438
102000012,4045,4306,-261
102000018,4943,3384,1559
102000019,3892,2368,1524
102000026,360,1302,-942
102000029,478,352,126
102000030,73,437,-364
102000031,39,329,-290
102000032,375,556,-181
102000033,192,586,-394
102000034,695,838,-143
102000035,1358,868,490
102000036,11,501,-490
102000037,162,140,22
102000038,504,217,287
102000039,478,105,373
102000040,914,251,663
102000041,358,343,15
102000042,501,271,230
102000043,657,370,287
102000044,765,751,14
102000045,859,1740,-881
102000046,1346,721,625
102000047,812,1784,-972
102000048,317,1232,-915
102000049,1472,905,567
102000050,1418,1591,-173
102000051,484,864,-380
102000052,1980,1288,692
102000053,1250,1149,101
102000054,544,1270,-726
102000055,945,1853,-908
102000056,724,2545,-1821
102000057,1335,867,468
102000058,1336,3299,-1963
102000059,1329,2579,-1250
102000060,1179,1285,-106
102000061,1275,3329,-2054
102000062,1093,1718,-625
102000063,1665,1955,-290
102000064,544,797,-253
102000065,50,226,-176
102000066,787,2179,-1392
102000067,3129,4220,-1091
102000068,14327,4101,10226
102000069,65,2795,-2730
102000070,2057,105,1952
102000071,9115,12534,-3419
102000072,3598,8825,-5227
102000073,1199,1451,-252
102000074,630,1350,-720
102000075,236,514,-278
102000076,196,812,-616
102000077,422,1781,-1359
102000078,763,1295,-532
102000079,204,490,-286
102000080,241,368,-127
102000081,327,1254,-927
102000082,1009,566,443
102000083,440,751,-311
102000084,141,490,-349
102000085,2096,1745,351
102000086,1202,1645,-443
102000087,1066,2628,-1562
102000088,246,395,-149
102000089,1102,679,423
102000090,478,1460,-982
102000091,1678,568,1110
102000092,389,1041,-652
102000093,539,788,-249
102000094,1370,841,529
102000095,1340,2011,-671
102000096,1406,1381,25
102000097,1786,1986,-200
102000098,746,1794,-1048
102000099,1601,961,640
102000100,1172,1840,-668
102000101,2110,957,1153
102000102,426,3892,-3466
102000103,2101,601,1500
102000104,1567,508,1059
102000105,349,1262,-913
102000106,786,1462,-676
102000107,1035,923,112
102000108,550,416,134
102000109,411,941,-530
102000110,704,2658,-1954
102000111,18,529,-511
102000112,105,134,-29
102000113,17,55,-38
102000114,1770,543,1227
102000115,204,327,-123
102000116,663,432,231
102000117,312,684,-372
102000118,2252,1276,976
102000119,3185,966,2219
102000120,276,760,-484
102000121,946,773,173
102000122,547,1015,-468
102000123,1749,1345,404
102000124,1961,1216,745
102000125,991,1217,-226
102000126,955,922,33
102000127,1157,995,162
102000128,747,1713,-966
102000129,1038,1239,-201
102000130,403,1285,-882
102000131,1873,1404,469
102000132,603,1856,-1253
102000133,1456,3081,-1625
102000134,531,989,-458
102000135,1286,1352,-66
102000136,1519,815,704
102000137,1328,1234,94
102000138,327,623,-296
102000139,95,419,-324
102000140,326,337,-11
102000141,470,647,-177
102000142,237,581,-344
102000143,106,706,-600
102000144,183,631,-448
102000145,291,586,-295
102000146,355,475,-120
102000147,402,432,-30
102000148,325,360,-35
102000149,210,871,-661
102000150,251,516,-265
102000151,195,537,-342
102000152,144,284,-140
102000153,1109,513,596
102000154,690,899,-209
102000155,112,342,-230
102000156,558,90,468
102000157,233,225,8
102000158,1003,693,310
102000159,2516,502,2014
102000161,6728,2304,4424
102000162,267,176,91
102000163,128,529,-401
102000164,1483,1008,475
102000165,281,195,86
102000166,12,138,-126
102000167,150,258,-108
102000168,226,141,85
102000169,95,573,-478
102000170,865,151,714
102000171,155,104,51
102000172,64,297,-233
102000173,528,296,232
102000174,22,92,-70
102000175,154,222,-68
102000176,36,42,-6
102000178,189,826,-637
102000179,300,263,37
102000180,620,946,-326
102000181,446,935,-489
102000182,475,1025,-550
102000183,1588,3044,-1456
102000184,1454,1290,164
102000185,2013,2371,-358
102000186,999,3047,-2048
102000187,676,2715,-2039
102000188,739,2153,-1414
102000189,4352,1552,2800
102000190,825,3774,-2949
102000191,1530,714,816
102000192,1005,1500,-495
102000193,67,238,-171
102000194,101,229,-128
102000195,485,908,-423
102000196,152,974,-822
102000197,502,833,-331
102000198,166,1614,-1448
102000199,663,597,66
102000200,320,2128,-1808
102000201,582,829,-247
102000202,3,280,-277
102000203,285,485,-200
102000204,331,1474,-1143
102000205,1017,912,105
102000206,798,1009,-211
102000207,1227,649,578
102000208,474,849,-375
102000209,37,85,-48
102000210,386,821,-435
102000211,652,768,-116
102000212,207,11,196
102000213,1,637,-636
102000214,193,36,157
102000215,11,973,-962
102000216,61,101,-40
102000217,7,392,-385
102000218,171,145,26
102000219,685,519,166
102000225,925,1051,-126
102000226,7969,1163,6806
102000227,217,1,216
102000228,0,180,-180
102000229,12,49,-37
102000230,315,951,-636
102000231,426,563,-137
102000232,11,318,-307
102000233,520,1064,-544
102000234,101,1440,-1339
102000236,366,121,245
102000237,866,269,597
102000238,189,550,-361
102000240,754,670,84
102000241,239,224,15
102000243,16,75,-59
102000245,21,121,-100
102000246,10,31,-21
102000247,941,1259,-318
102000248,580,742,-162
102000249,164,291,-127
102000250,79,662,-583
102000254,99,563,-464
102000266,90,287,-197
102000271,30,0,30
102000286,650,488,162
102000297,2277,1529,748
102000299,0,0,0
102000301,0,0,0
102000303,0,0,0
102000305,0,0,0
102000307,0,7,-7
102900001,1366,1649,-283
102900002,290,42,248
102900003,55,385,-330
102900005,271,532,-261
102900006,569,414,155
102900007,303,15,288
102900008,291,206,85
102900009,629,308,321
102900010,698,526,172
102900011,2859,558,2301
102900012,400,125,275
102900013,28,79,-51
102900015,1135,482,653
102900016,47,104,-57
102900017,123,785,-662
102900018,14,217,-203
102900019,532,998,-466
102900020,121,77,44
102900021,20,171,-151
102900022,616,134,482
102900023,23,93,-70
102900024,33,55,-22
102900025,372,136,236
102900026,1046,1622,-576
102900027,58,57,1
102900028,151,667,-516
102900029,209,199,10
102900030,342,337,5
102900031,135,269,-134
102900032,89,208,-119
102900033,78,232,-154
102900034,289,166,123
102900035,105,750,-645
102900036,176,980,-804
102900037,197,1046,-849
102900038,462,1030,-568
102900039,86,505,-419
102900040,217,372,-155
102900041,81,331,-250
102900042,236,641,-405
102900043,155,396,-241
102900044,779,2917,-2138
102900045,115,898,-783
102900046,99,518,-419
102900047,284,1314,-1030
102900048,706,1122,-416
102900049,139,592,-453
102900050,336,513,-177
102900051,208,325,-117
102900052,51,31,20
102900053,429,1154,-725
102900054,1290,1337,-47
102900055,168,164,4
102900056,187,705,-518
102900057,11,60,-49
102900058,501,78,423
102900059,35,57,-22
102900060,123,650,-527
102900061,144,759,-615
102900062,184,1863,-1679
102900063,927,644,283
102900064,212,525,-313
102900065,2460,675,1785
102900066,494,97,397
102900068,118,106,12
102900070,202,973,-771
102900072,19,62,-43
102900073,162,4,158
102900075,33,34,-1
102900076,398,65,333
102900077,45,35,10
102900078,61,84,-23
102900079,182,15,167
102900080,374,25,349
102900081,81,511,-430
102900082,33,304,-271
102900083,308,7,301
102900084,12,39,-27
102900085,178,121,57
102900086,2,74,-72
102900087,120,197,-77
102900088,47,53,-6
102900089,343,203,140
102900090,0,743,-743
102900091,174,3,171
102900092,370,1601,-1231
102900093,420,360,60
102900094,2,109,-107
102900095,104,2,102
102900096,33,23,10
102900097,4,174,-170
103000001,2838,3611,-773
103000002,3095,3050,45
103000003,7079,3703,3376
103000004,1390,977,413
103000005,3440,3508,-68
103000006,994,1992,-998
103000007,479,1336,-857
103000008,1181,1582,-401
103000009,1289,1317,-28
103000010,136,212,-76
103000011,2114,1649,465
103000012,1578,1848,-270
103000013,8288,2602,5686
103000014,1648,2836,-1188
103000015,3720,1050,2670
103000016,625,1433,-808
103000017,228,476,-248
103000018,1626,577,1049
103000019,265,238,27
103000020,2798,2274,524
103000021,2020,2194,-174
103000022,1241,1639,-398
103000023,642,1967,-1325
103000024,177,211,-34
103000025,97,549,-452
103000026,2348,192,2156
103000027,419,700,-281
103000028,792,585,207
103000029,486,292,194
103000030,2604,892,1712
103000031,2084,2043,41
103000032,2249,2357,-108
103000033,3176,3523,-347
103000034,1949,1314,635
103000035,600,1479,-879
103000036,561,689,-128
103000037,732,622,110
103000038,585,1214,-629
103000039,306,679,-373
103000040,374,1898,-1524
103000041,1966,3717,-1751
103000042,1056,960,96
103000043,425,1829,-1404
103000044,152,385,-233
103000046,346,589,-243
103000047,787,935,-148
103000048,227,222,5
103000049,117,264,-147
103000050,897,1035,-138
103000051,468,792,-324
103000052,967,678,289
103000053,242,725,-483
103000054,2351,1669,682
103000055,1915,2577,-662
103000056,740,3307,-2567
103000057,372,359,13
103000058,494,1258,-764
103000059,367,1125,-758
103000060,858,1198,-340
103000061,417,1218,-801
103000062,1066,1072,-6
103000063,779,1000,-221
103000064,133,398,-265
103000065,8,485,-477
103000066,133,11,122
103000069,221,527,-306
103000070,969,1722,-753
103000071,1077,557,520
103000072,133,1497,-1364
103000073,689,237,452
103000074,768,147,621
103000075,155,1360,-1205
103000076,222,367,-145
103000077,63,615,-552
103000078,1965,732,1233
103000079,2474,662,1812
103000080,1375,437,938
103000081,667,1008,-341
103000082,617,326,291
103000083,126,510,-384
103000084,250,15,235
103000085,6,137,-131
103000086,861,453,408
103000087,206,512,-306
103000088,539,384,155
103000089,286,485,-199
103000090,1824,1225,599
103000091,612,565,47
103000092,389,402,-13
103000093,408,746,-338
103000094,220,159,61
103000095,57,640,-583
103000096,831,194,637
103000097,72,1110,-1038
103000098,1054,263,791
103000099,427,998,-571
103000100,108,1485,-1377
103000101,886,249,637
103000102,143,1254,-1111
103000103,678,409,269
103000104,61,226,-165
103000105,177,263,-86
103000106,13,123,-110
103000107,407,102,305
103000108,760,652,108
103000109,522,396,126
103000110,543,591,-48
103000111,741,489,252
103000112,336,300,36
103000113,972,922,50
103000114,1387,600,787
103000115,533,854,-321
103000116,618,867,-249
103000117,314,804,-490
103000118,2280,1466,814
103000119,2964,791,2173
103000120,53,85,-32
103000121,234,830,-596
103000122,392,288,104
103000125,19,719,-700
103000126,490,9,481
103000127,2,334,-332
103000128,188,4,184
103000129,5,222,-217
103000130,33,32,1
103000131,297,129,168
103000132,93,201,-108
103000133,10,195,-185
103000134,843,1096,-253
103000135,1355,386,969
103000136,1056,556,500
103000137,895,821,74
103000138,1188,947,241
103000139,1,62,-61
103000140,190,31,159
103000141,36,152,-116
103000142,135,109,26
103000143,113,290,-177
103000144,266,142,124
103000145,41,70,-29
103000150,93,105,-12
103000152,414,305,109
103000153,265,197,68
103000156,7,710,-703
103000157,385,6,379
103000159,215,151,64
103000162,93,13,80
103000163,5,25,-20
103000164,23,27,-4
103000165,296,662,-366
103000166,248,252,-4
103000167,299,140,159
103000168,72,221,-149
103000169,218,519,-301
103000170,450,714,-264
103000171,47,108,-61
103000172,432,378,54
103000173,427,1304,-877
103000174,170,417,-247
103000175,199,644,-445
103000176,1254,459,795
103000177,1001,569,432
103000178,426,402,24
103000179,182,34,148
103000183,144,50,94
103000185,71,179,-108
103000186,90,223,-133
103000187,474,1045,-571
103000188,19,108,-89
103000189,1205,1589,-384
103000191,812,1278,-466
103000292,3479,1595,1884
103000293,2066,1913,153
103000295,117,146,-29
103000296,330,3,327
103000297,192,61,131
103000504,210,48,162
103000505,11,17,-6
103000506,2,333,-331
103000507,149,3,146
103000508,63,30,33
103000509,338,753,-415
103900001,14,777,-763
103900002,2665,253,2412
103900003,2720,162,2558
103900004,64,1,63
103900005,0,390,-390
103900006,3,2,1
103900007,23,0,23
103900008,42,2,40
103900009,219,392,-173
103900010,172,411,-239
103900011,175,335,-160
103900012,8,20,-12
103900013,30,135,-105
103900014,36,31,5
103900015,32,28,4
103900016,352,387,-35
103900017,46,105,-59
103900018,951,332,619
103900019,63,370,-307
103900020,293,622,-329
103900021,1131,68,1063
103900022,1554,813,741
103900023,148,1,147
103900024,92,1405,-1313
103900025,10,108,-98
103900026,22,0,22
103900027,581,493,88
103900028,16,320,-304
103900029,1180,198,982
103900030,314,41,273
103900031,28,1,27
103900032,83,53,30
103900033,131,12,119
103900034,30,462,-432
103900035,83,112,-29
103900036,63,35,28
103900037,61,38,23
103900038,110,204,-94
103900039,45,606,-561
103900040,11,311,-300
103900041,24,63,-39
103900042,49,634,-585
103900043,134,207,-73
103900044,364,239,125
103900045,207,242,-35
103900047,54,39,15
103900048,55,25,30
103900049,295,2119,-1824
103900050,19,126,-107
103900051,0,58,-58
103900052,221,884,-663
103900053,195,1835,-1640
103900054,87,923,-836
103900055,418,382,36
103900056,40,80,-40
103900057,23,476,-453
103900058,137,1192,-1055
103900059,0,2,-2
103900060,55,418,-363
103900061,94,125,-31
103900062,265,80,185
103900063,5,0,5
103900064,82,4,78
103900065,927,591,336
103900066,129,21,108
103900067,148,6,142
103900068,3,0,3
103900069,100,11,89
103900070,159,473,-314
103900071,17,221,-204
103900072,7,504,-497
103900073,44,27,17
103900074,80,139,-59
103900075,273,174,99
103900076,381,1072,-691
103900077,121,120,1
103900078,172,163,9
103900079,148,408,-260
103900080,20,15,5
103900081,111,9,102
103900082,7,159,-152
103900083,2804,794,2010
103900084,47,233,-186
103900085,95,168,-73
103900086,494,399,95
103900088,405,352,53
103900089,77,303,-226
103900090,8,308,-300
103900091,1216,369,847
103900092,590,681,-91
103900093,171,528,-357
103900094,6,206,-200
103900095,321,234,87
103900096,29,489,-460
103900097,16,760,-744
103900098,254,111,143
103900099,94,486,-392
103900100,204,495,-291
103900101,66,1424,-1358
103900102,0,61,-61
103900104,2,55,-53
103900105,102,304,-202
103900106,0,18,-18
103900107,115,419,-304
103900108,44,629,-585
103900109,75,154,-79
103900110,265,61,204
103900111,53,1310,-1257
103900112,28,76,-48
103900113,166,278,-112
103900114,716,525,191
103900115,305,187,118
103900116,11189,2797,8392
103900117,279,208,71
103900119,41,55,-14
103900120,76,235,-159
103900122,46,481,-435
103900123,2425,713,1712
103900124,99,766,-667
103900125,102,116,-14
103900126,433,954,-521
103900127,134,1428,-1294
103900128,80,329,-249
103900131,24,194,-170
103900133,1305,36,1269
103900134,0,5,-5
103900135,23,12,11
103900137,1,95,-94
103900138,66,489,-423
103900139,446,1540,-1094
103900140,5,64,-59
103900141,348,138,210
103900142,94,274,-180
103900143,60,6,54
103900144,0,153,-153
103900145,191,591,-400
103900146,304,535,-231
103900147,378,190,188
103900148,178,344,-166
103900149,156,1091,-935
103900150,11470,3586,7884
103900151,67,257,-190
103900152,337,1228,-891
103900153,17,1,16
103900154,1891,1749,142
103900155,23,393,-370
103900156,21,256,-235
103900157,18,410,-392
103900158,52,374,-322
103900159,88,115,-27
103900160,40,31,9
103900161,94,290,-196
103900162,66,352,-286
103900163,8,661,-653
103900167,27,138,-111
103900168,101,221,-120
103900169,34,90,-56
103900170,4,157,-153
103900171,3,151,-148
103900172,16,79,-63
103900173,12,15,-3
103900174,119,111,8
103900175,78,40,38
103900176,7,52,-45
103900177,8,50,-42
103900178,46,158,-112
103900179,52,391,-339
103900180,19,289,-270
103900181,82,81,1
103900182,45,27,18
103900184,949,74,875
103900185,651,233,418
103900187,98,70,28
103900188,44,24,20
103900189,139,21,118
103900190,121,70,51
103900191,36,91,-55
103900192,75,186,-111
103900193,237,287,-50
103900194,88,582,-494
103900195,0,54,-54
103900196,56,25,31
103900197,9,37,-28
103900198,29,97,-68
103900199,140,93,47
103900200,145,239,-94
103900201,124,300,-176
103900202,8,90,-82
103900203,28,34,-6
103900204,2,206,-204
103900207,2,349,-347
103900208,57,3,54
103900209,7,188,-181
103900210,42,28,14
103900211,592,1110,-518
103900212,93,785,-692
103900213,153,322,-169
103900214,416,179,237
103900215,768,368,400
103900216,11,697,-686
103900217,457,81,376
103900218,3,427,-424
103900219,117,549,-432
103900233,74,4,70
103900235,36,44,-8
103900236,32,8,24
103900242,3,15,-12
103900243,3,11,-8
103900244,140,534,-394
103900245,127,358,-231
103900246,116,78,38
103900247,152,149,3
103900248,4,53,-49
103900249,37,40,-3
103900250,104,30,74
103900251,2,57,-55
103900253,54,67,-13
103900254,6,44,-38
103900255,15,27,-12
103900256,34,29,5
103900257,229,185,44
103900258,58,1,57
103900259,97,2,95
103900261,4,6,-2
103900262,26,9,17
103900263,110,87,23
103900264,97,42,55
103900265,50,15,35
103900266,2,72,-70
103900267,19,120,-101
103900268,7,202,-195
103900269,113,71,42
103900270,35,257,-222
103900271,20,387,-367
103900272,54,130,-76
103900273,24,188,-164
103900274,71,25,46
103900275,40,5,35
103900276,13,283,-270
103900277,14,436,-422
103900278,6,128,-122
103900279,4,20,-16
104000001,2458,2884,-426
104000002,2173,4173,-2000
104000003,2889,3102,-213
104000004,4135,3948,187
104000005,1583,2616,-1033
104000006,3294,4392,-1098
104000007,5177,5618,-441
104000008,399,648,-249
104000009,144,156,-12
104000010,191,296,-105
104000011,1325,540,785
104000012,187,772,-585
104000013,223,194,29
104000014,361,1110,-749
104000015,255,263,-8
104000016,765,668,97
104000018,682,233,449
104000019,531,147,384
104000020,286,1293,-1007
104000021,351,1102,-751
104000022,181,448,-267
104000023,561,621,-60
104000024,295,601,-306
104000026,81,544,-463
104000027,483,711,-228
104000028,397,341,56
104000029,627,801,-174
104000030,304,392,-88
104000031,1119,520,599
104000032,249,487,-238
104000033,631,716,-85
104000034,378,544,-166
104000035,706,676,30
104000036,784,1032,-248
104000037,381,486,-105
104000038,400,464,-64
104000039,266,631,-365
104000040,905,653,252
104000041,588,530,58
104000042,232,695,-463
104000043,258,702,-444
104000044,347,1143,-796
104000045,1361,2095,-734
104000046,2207,2412,-205
104000047,971,2141,-1170
104000048,1477,2816,-1339
104000049,464,396,68
104000050,193,847,-654
104000051,113,1096,-983
104000052,1292,2296,-1004
104000053,888,947,-59
104000054,651,808,-157
104000055,4689,4059,630
104000056,2084,422,1662
104000057,101,736,-635
104000058,669,1138,-469
104000059,573,1806,-1233
104000060,907,1628,-721
104000061,1394,1978,-584
104000062,271,221,50
104000064,765,444,321
104000065,212,621,-409
104000069,2219,1095,1124
104000070,106,540,-434
104000071,194,600,-406
104000072,648,322,326
104000075,83,472,-389
104000076,627,138,489
104000082,2319,3658,-1339
104000083,871,291,580
104000084,159,822,-663
104000085,356,373,-17
104000086,227,619,-392
104000087,655,1910,-1255
104000090,893,2540,-1647
104000092,1078,4534,-3456
104000094,1232,3233,-2001
104000095,1829,2064,-235
104000096,1440,810,630
104000097,1697,2028,-331
104000098,1529,2333,-804
104000100,1512,1170,342
104000101,1045,3717,-2672
104000106,99,884,-785
104000107,765,683,82
104000108,464,1014,-550
104000109,349,84,265
104000110,918,1492,-574
104000111,8672,2972,5700
104000112,3851,948,2903
104000116,8,1997,-1989
104000117,156,2068,-1912
104000118,525,436,89
104000119,510,423,87
104000120,235,1849,-1614
104000121,254,939,-685
104000122,644,949,-305
104000123,1331,1835,-504
104000124,1696,4297,-2601
104000125,8662,4953,3709
104000126,419,699,-280
104000127,1965,4674,-2709
104000128,1026,639,387
104000129,664,32,632
104000130,15,317,-302
104000131,1433,897,536
104000132,845,1172,-327
104000133,1350,1559,-209
104000134,1079,2093,-1014
104000135,476,2081,-1605
104000136,1042,4663,-3621
104000137,2026,481,1545
104000138,1716,571,1145
104000139,12828,4456,8372
104000141,1419,2768,-1349
104000142,854,1489,-635
104000143,782,1130,-348
104000144,78,306,-228
104000145,437,303,134
104000146,523,842,-319
104000147,130,544,-414
104000148,362,217,145
104000149,211,612,-401
104000150,990,765,225
104000151,475,948,-473
104000152,527,1140,-613
104000153,585,687,-102
104000154,1399,1134,265
104000155,504,580,-76
104000157,1381,2763,-1382
104000158,520,492,28
104000159,757,503,254
104000160,2084,2140,-56
104000161,403,225,178
104000162,84,206,-122
104000165,2150,1597,553
104000167,606,888,-282
104000168,599,5,594
104000169,88,82,6
104000170,957,749,208
104000248,361,2005,-1644
104000251,82,551,-469
104000272,0,0,0
104000273,0,0,0
104000274,0,0,0
104000275,0,0,0
104000279,923,616,307
104000290,75,576,-501
104000291,676,1660,-984
104000293,922,1141,-219
104000294,20,0,20
104000295,599,1120,-521
104000296,400,1188,-788
104000297,1064,2134,-1070
104000298,2280,1180,1100
104000299,911,2340,-1429
104900001,178,689,-511
104900002,46,142,-96
104900003,60,526,-466
104900004,124,580,-456
104900005,209,322,-113
104900006,231,112,119
104900007,280,370,-90
104900009,146,776,-630
104900010,38,38,0
104900011,19,12,7
104900012,177,15,162
104900013,135,18,117
104900014,5578,574,5004
104900015,121,3,118
104900016,244,532,-288
104900017,122,267,-145
104900018,14,305,-291
104900019,481,2295,-1814
104900020,60,502,-442
104900021,3,568,-565
104900022,19,240,-221
104900023,4,282,-278
104900024,28,196,-168
104900025,54,663,-609
104900026,6,230,-224
104900027,424,387,37
104900028,26,165,-139
104900029,46,177,-131
104900030,552,312,240
104900031,188,305,-117
104900032,38,233,-195
104900033,130,363,-233
104900034,402,143,259
104900035,256,204,52
104900036,163,109,54
104900037,170,638,-468
104900038,872,730,142
104900039,1665,259,1406
104900040,224,104,120
104900041,223,283,-60
104900042,158,815,-657
104900043,5,135,-130
104900044,410,298,112
104900045,388,79,309
104900046,176,170,6
104900047,280,203,77
104900048,222,123,99
104900049,16,10,6
104900050,179,143,36
104900051,279,75,204
104900052,25,0,25
104900053,359,120,239
104900054,201,63,138
104900055,63,0,63
104900056,213,18,195
104900057,19,1,18
104900058,937,269,668
104900059,28,38,-10
104900060,3,649,-646
104900061,505,998,-493
104900063,0,235,-235
104900064,2,212,-210
104900065,1,242,-241
104900066,2,491,-489
104900067,8,392,-384
104900068,12,394,-382
104900070,193,447,-254
104900071,9,1323,-1314
104900072,95,336,-241
104900073,63,657,-594
104900074,87,360,-273
104900075,61,175,-114
104900076,138,575,-437
104900077,2393,186,2207
104900078,242,1101,-859
104900079,180,364,-184
104900080,79,838,-759
104900082,29,537,-508
104900085,14,412,-398
104900087,487,5,482
104900089,110,1,109
104900090,697,752,-55
104900091,569,1621,-1052
104900093,279,908,-629
104900097,5269,1924,3345
104900098,82,50,32
104900099,135,519,-384
104900100,1278,380,898
104900102,17,465,-448
104900103,636,229,407
104900104,5305,1800,3505
104900106,67,173,-106
104900107,80,555,-475
104900108,22,621,-599
104900109,78,299,-221
104900110,17,70,-53
104900111,169,312,-143
104900112,251,1698,-1447
104900113,660,763,-103
104900114,300,1348,-1048
104900115,738,984,-246
104900116,199,440,-241
104900118,44,128,-84
104900119,1,62,-61
104900120,169,131,38
104900121,0,204,-204
104900122,4,168,-164
104900123,42,6,36
104900124,20,0,20
104900125,672,39,633
104900126,114,122,-8
104900127,28,64,-36
104900128,72,148,-76
104900129,4191,1619,2572
105000001,2948,2472,476
105000002,3169,2692,477
105000003,4593,5264,-671
105000004,599,1668,-1069
105000005,742,1836,-1094
105000006,1348,2324,-976
105000007,1389,1837,-448
105000008,1420,2732,-1312
105000009,1751,3849,-2098
105000010,4422,4425,-3
105000011,2540,3031,-491
105000012,5005,4552,453
105000013,904,1315,-411
105000014,1611,2558,-947
105000015,11715,9502,2213
105000016,5985,2753,3232
105000017,1968,1542,426
105000018,1874,1363,511
105000019,1948,1193,755
105000020,273,469,-196
105000021,348,212,136
105000022,239,72,167
105000023,619,273,346
105000028,115,242,-127
105000029,516,1468,-952
105000030,5192,5254,-62
105000033,1113,3191,-2078
105000034,257,764,-507
105000037,799,1000,-201
105000038,1925,1823,102
105000039,3678,2935,743
105000040,861,1243,-382
105000041,674,2016,-1342
105000042,3151,1907,1244
105000043,2638,3076,-438
105000044,416,543,-127
105000045,376,1299,-923
105000046,938,525,413
105000047,635,2158,-1523
105000048,591,295,296
105000049,286,1008,-722
105000050,572,598,-26
105000051,323,767,-444
105000052,507,1633,-1126
105000053,195,258,-63
105000054,334,1545,-1211
105000055,485,736,-251
105000056,1045,4467,-3422
105000057,1275,1556,-281
105000058,1832,2216,-384
105000059,690,782,-92
105000060,608,1152,-544
105000061,520,806,-286
105000062,1323,2076,-753
105000063,516,1225,-709
105000064,1321,1053,268
105000065,501,1688,-1187
105000066,1419,3630,-2211
105000067,1316,811,505
105000068,834,1413,-579
105000069,6045,1316,4729
105000070,1428,1184,244
105000071,551,752,-201
105000072,1284,1778,-494
105000073,1059,887,172
105000074,1088,1324,-236
105000075,706,1181,-475
105000076,1821,1522,299
105000077,2420,1103,1317
105000078,1967,1578,389
105000079,2150,2116,34
105000080,2292,1282,1010
105000081,1741,937,804
105000082,915,606,309
105000083,1765,961,804
105000084,737,1674,-937
105000085,1477,1305,172
105000086,666,1249,-583
105000087,4595,2743,1852
105000088,1581,1822,-241
105000089,3868,3209,659
105000090,1062,1214,-152
105000091,2036,2627,-591
105000092,864,1615,-751
105000093,486,265,221
105000094,353,341,12
105000095,108,534,-426
105000096,1323,858,465
105000097,1506,1001,505
105000098,1134,799,335
105000099,1231,1378,-147
105000100,1238,1823,-585
105000101,2108,3714,-1606
105000102,2193,2284,-91
105000103,1736,4010,-2274
105000104,2093,1797,296
105000105,1242,3752,-2510
105000106,1482,2780,-1298
105000107,944,1913,-969
105000108,1261,3551,-2290
105000109,1640,2908,-1268
105000110,855,1813,-958
105000111,761,1086,-325
105000112,1319,1606,-287
105000113,562,1014,-452
105000114,7415,1638,5777
105000115,338,1132,-794
105000116,703,714,-11
105000117,1009,2401,-1392
105000118,373,507,-134
105000119,514,2085,-1571
105000120,707,846,-139
105000121,993,2225,-1232
105000122,413,779,-366
105000123,1512,2566,-1054
105000124,1531,1518,13
105000125,774,3156,-2382
105000126,2576,4171,-1595
105000127,3172,3119,53
105000128,640,2672,-2032
105000129,1062,461,601
105000130,204,1764,-1560
105000131,968,632,336
105000132,816,605,211
105000133,414,1854,-1440
105000134,744,802,-58
105000135,497,1032,-535
105000136,170,554,-384
105000137,302,294,8
105000138,316,549,-233
105000139,1212,1676,-464
105000140,316,735,-419
105000141,258,1076,-818
105000142,174,751,-577
105000143,299,1292,-993
105000144,406,1241,-835
105000145,740,780,-40
105000146,912,1233,-321
105000147,558,640,-82
105000148,1284,1090,194
105000149,2403,3287,-884
105000150,2884,2411,473
105000151,527,569,-42
105000152,298,1231,-933
105000153,861,789,72
105000154,885,1914,-1029
105000155,363,1150,-787
105000156,1320,1855,-535
105000157,1317,4454,-3137
105000158,2537,1319,1218
105000159,341,2740,-2399
105000160,2170,898,1272
105000161,1059,3508,-2449
105000162,842,2060,-1218
105000163,3125,2021,1104
105000164,240,497,-257
105000165,3516,6001,-2485
105000166,12726,680,12046
105000167,5557,1903,3654
105000168,327,1606,-1279
105000169,365,599,-234
105000170,173,2165,-1992
105000171,1538,706,832
105000172,72,110,-38
105000173,83,53,30
105000174,48,44,4
105000175,116,204,-88
105000176,242,105,137
105000177,228,195,33
105000178,127,1502,-1375
105000179,256,152,104
105000180,124,155,-31
105000181,93,983,-890
105000182,68,78,-10
105000183,4601,2538,2063
105000184,1286,1136,150
105000185,1539,1078,461
105000186,429,1342,-913
105000187,849,273,576
105000188,387,148,239
105000189,213,720,-507
105000190,261,390,-129
105000191,415,469,-54
105000192,200,106,94
105000193,93,208,-115
105000194,247,75,172
105000195,405,1846,-1441
105000196,39,110,-71
105000197,354,1197,-843
105000198,729,441,288
105000199,362,388,-26
105000200,117,369,-252
105000201,84,28,56
105000203,23,475,-452
105000204,71,103,-32
105000205,73,336,-263
105000207,745,289,456
105000208,365,552,-187
105000209,283,384,-101
105000212,1209,2737,-1528
105000213,294,245,49
105000214,127,362,-235
105000215,279,438,-159
105000216,114,403,-289
105000217,172,495,-323
105000218,912,1748,-836
105000221,383,537,-154
105000222,146,85,61
105000223,176,302,-126
105000226,99,730,-631
105000227,59,380,-321
105000228,453,1294,-841
105000229,111,293,-182
105000231,274,458,-184
105000233,686,765,-79
105000234,594,2098,-1504
105000235,425,726,-301
105000237,1044,123,921
105000243,44,447,-403
105000248,118,73,45
105000262,310,3381,-3071
105000269,100,329,-229
105000270,434,161,273
105000271,1,509,-508
105000282,271,75,196
105000287,371,318,53
105000288,395,799,-404
105000289,2070,1243,827
105000290,7,3,4
105000402,7881,2988,4893
105000426,455,684,-229
105000438,1767,876,891
105000446,23365,7127,16238
105000447,12631,4256,8375
105000454,394,1438,-1044
105000455,307,328,-21
105000474,16,3,13
105000477,390,599,-209
105000478,1693,3050,-1357
105000479,148,165,-17
105000480,3218,2724,494
105000481,3400,2717,683
105000482,6338,3739,2599
105000483,1654,1650,4
105000484,3063,3197,-134
105000485,1484,2170,-686
105000486,4194,3009,1185
105000488,5144,4287,857
105000489,998,1208,-210
105000549,45,248,-203
105000550,579,1974,-1395
105000551,29,134,-105
105000552,5408,2939,2469
105000555,640,628,12
105900001,23,1977,-1954
105900002,2691,731,1960
105900003,13,118,-105
105900004,405,177,228
105900005,8,306,-298
105900006,10,79,-69
105900007,75,31,44
105900008,92,1109,-1017
105900009,17,15,2
105900011,188,58,130
105900012,480,298,182
105900013,0,20,-20
105900014,12,109,-97
105900015,187,670,-483
105900016,364,1167,-803
105900017,930,92,838
105900018,347,499,-152
105900019,121,1107,-986
105900020,47,77,-30
105900021,22,689,-667
105900022,326,639,-313
105900023,2,172,-170
105900024,3,233,-230
105900025,80,76,4
105900026,326,119,207
105900027,9646,5732,3914
105900028,164,239,-75
105900029,3004,454,2550
105900030,338,411,-73
105900031,753,247,506
105900032,96,240,-144
105900033,81,197,-116
105900034,183,398,-215
105900035,201,301,-100
105900036,61,266,-205
105900037,67,93,-26
105900038,250,564,-314
105900039,89,312,-223
105900040,70,115,-45
105900041,208,975,-767
105900042,89,148,-59
105900043,3309,98,3211
105900044,5,209,-204
105900045,6,831,-825
105900046,22,306,-284
105900047,4,42,-38
105900048,64,746,-682
105900050,4287,2359,1928
105900051,9,2411,-2402
105900052,554,153,401
105900053,6366,2043,4323
105900054,359,579,-220
105900056,1284,363,921
105900057,26,212,-186
105900058,18,68,-50
105900059,0,44,-44
106000001,5719,2564,3155
106000002,4294,7578,-3284
106000003,3995,4237,-242
106000004,3743,4240,-497
106000005,3165,7343,-4178
106000006,8055,7407,648
106000007,466,604,-138
106000008,415,431,-16
106000009,518,429,89
106000010,601,764,-163
106000011,804,1197,-393
106000012,999,2512,-1513
106000013,2089,2208,-119
106000014,2437,2793,-356
106000015,1540,1490,50
106000016,1361,3643,-2282
106000017,825,932,-107
106000018,793,969,-176
106000019,328,586,-258
106000020,320,739,-419
106000021,360,674,-314
106000022,399,413,-14
106000023,789,583,206
106000024,957,1287,-330
106000025,101,276,-175
106000026,127,480,-353
106000027,1199,1916,-717
106000028,721,1055,-334
106000029,1044,1910,-866
106000030,1255,564,691
106000034,294,869,-575
106000035,1090,1460,-370
106000036,630,655,-25
106000037,2377,2683,-306
106000038,725,122,603
106000039,284,82,202
106000040,271,1115,-844
106000041,1154,409,745
106000043,719,176,543
106000046,507,68,439
106000047,88,575,-487
106000049,670,179,491
106000050,371,1552,-1181
106000051,601,681,-80
106000052,96,934,-838
106000053,230,155,75
106000054,558,761,-203
106000055,971,1909,-938
106000056,382,674,-292
106000057,292,410,-118
106000058,238,316,-78
106000059,321,436,-115
106000060,875,943,-68
106000061,336,761,-425
106000062,204,954,-750
106000063,954,731,223
106000064,65,715,-650
106000065,470,326,144
106000066,163,677,-514
106000067,397,134,263
106000068,67,1150,-1083
106000069,219,195,24
106000070,598,1471,-873
106000071,1228,682,546
106000072,8175,2627,5548
106000073,2590,3301,-711
106000074,539,1322,-783
106000075,487,1849,-1362
106000076,2224,2660,-436
106000077,5478,2197,3281
106000078,1169,1587,-418
106000079,721,1540,-819
106000080,1507,1316,191
106000081,775,1696,-921
106000082,3279,1503,1776
106000083,589,2202,-1613
106000084,1316,1009,307
106000085,2494,1997,497
106000086,812,1198,-386
106000087,1009,982,27
106000088,467,1155,-688
106000089,1371,728,643
106000090,379,907,-528
106000091,394,1274,-880
106000092,840,381,459
106000093,440,115,325
106000094,109,639,-530
106000095,727,2345,-1618
106000096,1016,1053,-37
106000097,926,2282,-1356
106000098,689,1465,-776
106000099,263,1502,-1239
106000100,1082,412,670
106000101,1650,473,1177
106000102,271,1064,-793
106000103,349,998,-649
106000104,849,725,124
106000105,515,1520,-1005
106000106,637,670,-33
106000107,138,754,-616
106000108,222,455,-233
106000109,163,611,-448
106000110,165,359,-194
106000111,218,1034,-816
106000112,156,569,-413
106000113,1968,922,1046
106000114,640,556,84
106000115,269,869,-600
106000116,295,441,-146
106000117,1206,1260,-54
106000118,1543,1535,8
106000119,3832,1919,1913
106000120,866,1075,-209
106000121,165,371,-206
106000122,180,577,-397
106000123,271,614,-343
106000124,57,592,-535
106000125,20,593,-573
106000126,167,313,-146
106000127,850,1592,-742
106000128,819,560,259
106000129,662,1148,-486
106000130,767,786,-19
106000131,243,1425,-1182
106000132,1287,284,1003
106000133,6850,1834,5016
106000134,1494,1902,-408
106000135,378,1859,-1481
106000136,909,1058,-149
106000137,81,2647,-2566
106000138,1180,139,1041
106000139,70,199,-129
106000140,31,162,-131
106000141,80,118,-38
106000142,73,109,-36
106000143,22,152,-130
106000144,14,116,-102
106000145,318,460,-142
106000146,301,326,-25
106000147,588,973,-385
106000148,728,1245,-517
106000149,710,732,-22
106000150,624,2808,-2184
106000151,8242,1212,7030
106000152,2082,2231,-149
106000153,119,2179,-2060
106000154,2207,417,1790
106000155,79,381,-302
106000156,792,555,237
106000157,839,3081,-2242
106000158,4953,1257,3696
106000159,7685,2181,5504
106000160,413,2472,-2059
106000161,2425,946,1479
106000162,253,885,-632
106000163,390,1018,-628
106000164,307,495,-188
106000165,300,1320,-1020
106000166,885,427,458
106000167,469,2152,-1683
106000168,340,312,28
106000169,216,1308,-1092
106000170,501,400,101
106000171,119,1860,-1741
106000172,2511,1478,1033
106000173,818,5129,-4311
106000174,1116,420,696
106000175,433,1856,-1423
106000176,1381,1205,176
106000177,840,4244,-3404
106000178,3116,3110,6
106000179,1526,3720,-2194
106000180,918,2915,-1997
106000181,627,3244,-2617
106000182,912,1475,-563
106000183,992,1805,-813
106000184,1305,1911,-606
106000185,868,1653,-785
106000186,1253,208,1045
106000187,329,1089,-760
106000188,0,2,-2
106000189,7,93,-86
106000190,8,0,8
106000191,694,239,455
106000192,0,31,-31
106000193,460,196,264
106000194,231,420,-189
106000195,451,145,306
106000196,115,592,-477
106000197,419,633,-214
106000198,135,450,-315
106000199,1478,630,848
106000200,881,187,694
106000201,676,2326,-1650
106000202,12707,1106,11601
106000203,325,326,-1
106000204,41,4,37
106000205,27,271,-244
106000206,80,27,53
106000207,56,1358,-1302
106000208,993,161,832
106000209,1442,529,913
106000210,315,2297,-1982
106000211,436,2439,-2003
106000212,854,293,561
106000213,1161,1953,-792
106000214,4318,701,3617
106000215,344,685,-341
106000216,418,509,-91
106000217,416,718,-302
106000218,610,559,51
106000219,196,433,-237
106000220,592,453,139
106000221,123,470,-347
106000222,51,233,-182
106000223,162,187,-25
106000224,267,473,-206
106000225,84,109,-25
106000226,218,546,-328
106000228,55,227,-172
106000229,106,1091,-985
106000231,933,262,671
106000232,91,630,-539
106000233,380,267,113
106000234,105,298,-193
106000235,314,145,169
106000236,188,86,102
106000237,0,18,-18
106000238,28,15,13
106000239,1,165,-164
106000240,29,3,26
106000241,19,1096,-1077
106000242,206,27,179
106000249,111,142,-31
106000250,62,609,-547
106000251,58,44,14
106000252,23,171,-148
106000253,37,70,-33
106000254,35,94,-59
106000255,17,149,-132
106000256,80,127,-47
106000257,171,419,-248
106000258,138,21,117
106000259,10,37,-27
106000260,24,4,20
106000261,1,71,-70
106000262,61,9,52
106000263,9,107,-98
106000264,187,20,167
106000265,10,201,-191
106000266,130,22,108
106000267,7,140,-133
106000268,591,30,561
106000269,81,95,-14
106000270,208,575,-367
106000271,49,243,-194
106000272,131,75,56
106000273,9,277,-268
106000274,286,74,212
106000275,208,310,-102
106000276,202,137,65
106000277,167,192,-25
106000278,215,85,130
106000279,14,136,-122
106000280,41,295,-254
106000281,89,204,-115
106000282,88,102,-14
106000283,124,188,-64
106000284,58,193,-135
106000285,142,233,-91
106000286,108,233,-125
106000287,119,189,-70
106000288,197,229,-32
106000289,110,154,-44
106000290,81,136,-55
106000291,102,214,-112
106000292,111,177,-66
106000293,128,181,-53
106000294,121,249,-128
106000295,92,97,-5
106000296,77,188,-111
106000297,78,366,-288
106000298,186,101,85
106000299,99,233,-134
106000300,44,142,-98
106000301,89,162,-73
106000303,30,104,-74
106000304,37,92,-55
106000305,40,77,-37
106000306,42,157,-115
106000307,39,34,5
106000308,26,348,-322
106000309,38,142,-104
106000310,258,1050,-792
106000311,342,176,166
106000312,101,375,-274
106000313,211,314,-103
106000318,288,406,-118
106000319,857,117,740
106000320,0,71,-71
106000321,550,63,487
106000322,137,302,-165
106000324,5,302,-297
106000325,1417,996,421
106000326,1134,2995,-1861
106000327,90,275,-185
106000328,6,119,-113
106000329,62,523,-461
106000330,45,77,-32
106000428,52,235,-183
106000429,132,865,-733
106000430,449,2383,-1934
106000431,1960,461,1499
106000432,2304,4568,-2264
106000433,2044,1216,828
106000434,3485,1488,1997
106000435,3184,4471,-1287
106000436,33,604,-571
106000437,257,27,230
106000438,380,175,205
106000439,67,934,-867
106000440,298,800,-502
106000441,0,0,0
106000442,206,6,200
106000443,121,887,-766
106000450,5,410,-405
106000451,33,30,3
106000454,10,111,-101
106000455,23,248,-225
106000456,137,33,104
106000457,7,1805,-1798
106000458,320,289,31
106000459,78,707,-629
106000460,844,75,769
106000461,87,3412,-3325
106000462,1,26,-25
106000463,3,49,-46
106000464,4,969,-965
106000465,315,3,312
106000466,7,1286,-1279
106000467,837,885,-48
106000468,66,401,-335
106000469,403,8,395
106000470,275,1964,-1689
106000471,49,1225,-1176
106000472,200,25,175
106000473,31,48,-17
106000474,357,1156,-799
106000475,259,204,55
106000476,241,251,-10
106000477,22,121,-99
106000480,1,164,-163
106900001,1,50,-49
106900002,2,1129,-1127
106900003,310,1702,-1392
106900004,1,140,-139
106900006,0,41,-41
106900007,0,34,-34
106900008,231,588,-357
106900009,302,889,-587
106900010,220,675,-455
106900012,4211,2637,1574
106900013,781,110,671
106900014,27,0,27
106900015,12,0,12
106900016,235,7,228
106900017,5,0,5
106900018,6,0,6
106900019,41,2,39
106900020,5022,1437,3585
106900021,30,119,-89
106900022,456,2,454
106900023,11,387,-376
106900024,498,36,462
106900025,91,1300,-1209
106900026,9,1428,-1419
106900027,453,7,446
107000001,4359,2646,1713
107000002,6370,5789,581
107000003,4705,6188,-1483
107000004,6405,7639,-1234
107000005,3072,5365,-2293
107000006,4571,9429,-4858
107000007,5344,10615,-5271
107000008,20512,16024,4488
107000009,5550,6938,-1388
107000010,12230,15462,-3232
107000011,1378,1936,-558
107000012,6378,5897,481
107000013,59,221,-162
107000014,19,406,-387
107000015,450,1196,-746
107000016,617,1783,-1166
107000017,5307,1498,3809
107000018,40,799,-759
107000020,2743,851,1892
107000021,1469,1056,413
107000022,1160,2090,-930
107000023,1997,446,1551
107000024,611,2580,-1969
107000025,198,545,-347
107000026,206,1072,-866
107000027,1116,1263,-147
107000028,1442,2820,-1378
107000029,2240,2606,-366
107000030,4077,4938,-861
107000031,3564,2630,934
107000032,529,1260,-731
107000033,5292,6627,-1335
107000034,8107,3248,4859
107000035,401,270,131
107000036,562,1638,-1076
107000037,65,973,-908
107000038,293,374,-81
107000039,701,922,-221
107000040,173,439,-266
107000041,2095,900,1195
107000042,1013,2523,-1510
107000043,4719,1345,3374
107000044,953,611,342
107000045,184,421,-237
107000046,911,567,344
107000047,620,1287,-667
107000048,766,418,348
107000049,759,1239,-480
107000050,1233,711,522
107000051,929,545,384
107000052,1518,1298,220
107000053,500,270,230
107000054,75,408,-333
107000055,130,166,-36
107000056,542,1185,-643
107000057,2179,239,1940
107000058,2618,3017,-399
107000059,3182,5160,-1978
107000060,3681,6839,-3158
107000061,7812,6455,1357
107000062,3474,3868,-394
107000063,4946,10015,-5069
107000064,3972,2458,1514
107000065,4809,8621,-3812
107000066,2057,2719,-662
107000067,1207,1347,-140
107000068,1946,761,1185
107000069,1127,590,537
107000070,581,52,529
107000071,2253,52,2201
107000072,85,5729,-5644
107000073,403,230,173
107000074,189,1366,-1177
107000075,1445,601,844
107000076,1245,2567,-1322
107000077,3095,1236,1859
107000078,2637,5037,-2400
107000079,2199,791,1408
107000080,1621,4726,-3105
107000081,1233,673,560
107000082,652,4032,-3380
107000083,1125,407,718
107000084,652,3603,-2951
107000085,2969,3830,-861
107000086,4223,4605,-382
107000087,3019,2365,654
107000088,2991,4904,-1913
107000089,1813,2310,-497
107000090,1323,1620,-297
107000091,1367,1202,165
107000092,934,1812,-878
107000093,1219,1042,177
107000094,1236,2130,-894
107000095,660,914,-254
107000096,803,1763,-960
107000097,604,526,78
107000098,562,1436,-874
107000099,629,382,247
107000100,488,616,-128
107000101,110,243,-133
107000102,582,489,93
107000103,509,224,285
107000104,427,603,-176
107000105,456,178,278
107000106,178,607,-429
107000107,595,257,338
107000108,177,1394,-1217
107000109,487,206,281
107000110,116,1091,-975
107000111,231,53,178
107000112,35,734,-699
107000113,618,190,428
107000114,113,1499,-1386
107000115,635,156,479
107000116,165,1631,-1466
107000117,130,555,-425
107000118,287,531,-244
107000119,3237,1811,1426
107000120,5192,502,4690
107000121,725,1093,-368
107000122,1398,1391,7
107000123,358,1492,-1134
107000124,668,1342,-674
107000125,790,1420,-630
107000126,895,1571,-676
107000129,296,1771,-1475
107000130,438,320,118
107000131,542,1174,-632
107000132,705,473,232
107000133,471,144,327
107000134,243,1,242
107000135,3,362,-359
107000136,538,7,531
107000137,27,603,-576
107000138,298,19,279
107000139,19,633,-614
107000140,1168,56,1112
107000141,144,1366,-1222
107000142,335,74,261
107000143,84,1412,-1328
107000144,330,376,-46
107000145,200,872,-672
107000146,170,260,-90
107000147,3973,955,3018
107000150,1115,2922,-1807
107000151,47,81,-34
107000152,915,895,20
107000153,866,635,231
107000154,269,183,86
107000155,723,37,686
107000156,1265,29,1236
107000157,69,3504,-3435
107000158,477,16,461
107000159,51,2423,-2372
107000160,778,107,671
107000161,141,3296,-3155
107000162,186,401,-215
107000163,91,42,49
107000164,264,1,263
107000165,734,5,729
107000166,97,2412,-2315
107000167,610,445,165
107000168,796,441,355
107000169,1476,1182,294
107000170,1454,749,705
107000171,714,4224,-3510
107000172,971,1176,-205
107000173,1009,2234,-1225
107000174,954,4842,-3888
107000175,14940,2511,12429
107000176,2,0,2
107000177,1,2,-1
107000178,16,104,-88
107000179,282,4575,-4293
107000180,1242,543,699
107000181,464,2222,-1758
107000182,1646,1434,212
107000183,153,1516,-1363
107000184,983,1221,-238
107000185,604,1951,-1347
107000186,1150,560,590
107000187,1336,1873,-537
107000188,534,778,-244
107000189,474,1453,-979
107000190,570,1418,-848
107000191,639,1384,-745
107000192,1737,1897,-160
107000193,459,539,-80
107000194,1099,1443,-344
107000197,805,339,466
107000198,488,1139,-651
107000199,714,880,-166
107000200,1604,777,827
107000201,347,291,56
107000202,271,633,-362
107000203,1097,621,476
107000204,1403,705,698
107000205,2866,1327,1539
107000206,1198,1469,-271
107000207,1003,1879,-876
107000208,1981,608,1373
107000209,3372,1493,1879
107000210,1717,612,1105
107000211,6,50,-44
107000212,15,545,-530
107000213,19,33,-14
107000214,24,278,-254
107000215,433,835,-402
107000216,287,708,-421
107000217,96,261,-165
107000219,87,143,-56
107000220,197,492,-295
107000222,303,1080,-777
107000224,512,94,418
107000225,285,973,-688
107000226,280,142,138
107000227,89,635,-546
107000228,164,256,-92
107000229,562,263,299
107000230,1838,776,1062
107000231,2285,1062,1223
107000232,170,177,-7
107000233,1544,813,731
107000234,1,35,-34
107000235,100,6,94
107000236,26,661,-635
107000237,9,0,9
107000238,24,0,24
107000239,8628,764,7864
107000240,145,1953,-1808
107000241,190,31,159
107000242,1178,73,1105
107000243,0,78,-78
107000244,13,107,-94
107000246,4,1680,-1676
107000249,7,1644,-1637
107000251,2,473,-471
107000252,4,1994,-1990
107000255,1427,151,1276
107000257,1,841,-840
107000258,1,261,-260
107000259,6,422,-416
107000260,462,5,457
107000262,18,1220,-1202
107000263,244,5,239
107000266,4,17,-13
107000267,76,344,-268
107000268,185,291,-106
107000269,512,32,480
107000270,2,21,-19
107000271,12,1554,-1542
107000272,8,291,-283
107000273,6,314,-308
107000274,2060,415,1645
107000275,97,1336,-1239
107000280,512,29,483
107000281,37,2044,-2007
107000282,63,1761,-1698
107000290,3,28,-25
107000291,27,19,8
107000292,4,72,-68
107000293,96,6,90
107000294,0,21,-21
107000295,35,3,32
107000296,0,17,-17
107000444,266,5,261
107000496,1,23,-22
107000497,1832,4688,-2856
107000500,376,532,-156
107000501,81,282,-201
107000502,271,606,-335
107000505,1397,1187,210
107000506,0,35,-35
107000508,11,1132,-1121
107000509,286,668,-382
107000510,33,35,-2
107000514,41,341,-300
107000515,8,507,-499
107000516,347,340,7
107000518,1079,1047,32
107000519,6405,1618,4787
107000520,86,18,68
107000521,539,825,-286
107000522,675,1625,-950
107900001,39,347,-308
107900002,47,6,41
107900003,282,10,272
107900004,55,2,53
107900005,768,5,763
107900006,152,2,150
107900007,214,26,188
107900008,61,80,-19
107900009,158,7,151
107900010,26,0,26
107900012,512,40,472
107900013,425,164,261
107900014,23,11,12
107900015,708,6,702
107900016,689,152,537
107900017,18,5,13
107900018,96,112,-16
107900019,36,139,-103
107900020,77,11,66
107900021,75,286,-211
107900023,1,2,-1
107900024,0,24,-24
107900025,222,548,-326
107900026,37,218,-181
107900027,68,99,-31
107900028,45,145,-100
107900030,229,40,189
107900031,83,458,-375
107900032,11,12,-1
107900033,14,12,2
107900034,373,12,361
107900035,629,37,592
107900036,33,12,21
107900037,1,77,-76
107900038,203,215,-12
107900039,12,140,-128
107900040,174,270,-96
107900041,0,3,-3
107900043,83,433,-350
107900044,2,6,-4
107900045,79,21,58
107900046,128,141,-13
107900047,11,157,-146
107900048,210,23,187
107900049,470,1691,-1221
107900050,131,555,-424
107900051,161,146,15
107900052,29,56,-27
107900053,21,153,-132
107900055,892,444,448
107900056,122,30,92
107900057,0,0,0
107900058,39,1241,-1202
107900060,24,59,-35
107900061,28,4,24
107900063,150,200,-50
107900064,570,106,464
107900065,176,10,166
107900066,7,21,-14
107900067,1,0,1
107900068,212,294,-82
107900069,51,1217,-1166
107900070,126,28,98
107900071,26,1434,-1408
107900072,43,316,-273
107900073,53,176,-123
107900074,1390,192,1198
107900076,240,129,111
107900077,50,0,50
107900078,264,46,218
107900079,4,33,-29
107900080,156,312,-156
107900081,17,133,-116
107900082,38,23,15
107900083,455,202,253
107900084,115,200,-85
107900086,53,163,-110
107900087,686,110,576
107900088,11,15,-4
107900089,374,1350,-976
107900090,879,1789,-910
107900091,271,863,-592
107900092,2906,686,2220
107900093,91,90,1
107900095,4224,1924,2300
107900097,28,111,-83
107900098,76,305,-229
107900100,1517,1167,350
107900101,1543,257,1286
107900102,57,3,54
107900103,34,195,-161
107900104,206,6,200
107900105,6,907,-901
107900106,4,2132,-2128
107900107,2032,303,1729
107900108,533,206,327
107900109,924,4,920
107900110,25,203,-178
107900111,4,1872,-1868
107900112,193,558,-365
107900113,128,198,-70
107900114,108,344,-236
107900115,4,62,-58
107900116,84,446,-362
107900117,318,714,-396
107900118,84,254,-170
107900119,56,228,-172
107900120,32,15,17
107900121,1,185,-184
107900122,2,70,-68
107900123,7,46,-39
107900124,44,47,-3
107900125,29,249,-220
107900126,0,40,-40
107900127,643,178,465
107900128,175,131,44
107900129,32,74,-42
107900130,40,34,6
107900131,758,178,580
107900132,157,662,-505
107900133,6,116,-110
107900134,37,24,13
107900135,9,263,-254
107900136,49,42,7
107900137,152,190,-38
107900138,56,52,4
107900139,36,60,-24
107900140,151,76,75
107900141,71,70,1
107900142,73,1909,-1836
107900143,49,66,-17
107900144,0,260,-260
107900145,15,161,-146
107900146,40,252,-212
107900147,57,37,20
107900148,168,291,-123
107900149,2899,311,2588
107900150,90,1575,-1485
107900151,12,135,-123
107900152,18,442,-424
107900153,195,411,-216
107900154,32,26,6
107900155,56,36,20
107900156,0,613,-613
107900157,34,118,-84
107900158,590,11,579
107900159,53,2181,-2128
107900160,39,212,-173
107900161,38,338,-300
107900162,2,272,-270
107900163,233,177,56
107900164,13,34,-21
107900165,8,62,-54
107900166,15,473,-458
107900167,49,55,-6
107900168,17,66,-49
107900169,1,194,-193
107900171,18,3455,-3437
107900172,2,521,-519
107900173,27,343,-316
107900174,59,6,53
107900175,9,43,-34
107900176,10,50,-40
107900177,4,299,-295
107900178,0,376,-376
107900179,15,207,-192
107900180,1453,443,1010
107900181,429,785,-356
107900182,6,2470,-2464
107900183,40,592,-552
107900184,64,371,-307
107900185,90,9,81
107900186,19,47,-28
107900187,1,185,-184
107900188,1157,134,1023
107900189,36,199,-163
107900190,115,95,20
107900191,76,244,-168
107900193,11,39,-28
107900194,144,3,141
107900195,6487,756,5731
107900196,77,71,6
107900197,1207,251,956
107900199,2,1525,-1523
107900201,133,232,-99
107900203,67,122,-55
107900204,364,327,37
107900205,251,645,-394
107900206,763,196,567
107900207,6,1127,-1121
107900208,11,1299,-1288
107900209,518,178,340
107900210,112,267,-155
107900213,766,680,86
107900214,5,241,-236
107900215,232,412,-180
107900216,128,108,20
107900217,21,66,-45
107900218,15,2333,-2318
107900219,32,249,-217
107900220,213,192,21
107900221,261,306,-45
107900223,104,941,-837
107900224,273,494,-221
107900225,6,1408,-1402
107900226,65,204,-139
107900227,164,743,-579
107900228,12,127,-115
107900229,3,473,-470
107900230,12,196,-184
107900231,9,307,-298
107900232,59,327,-268
107900233,5,153,-148
107900234,139,264,-125
107900235,66,123,-57
107900236,73,110,-37
107900237,156,749,-593
107900238,17,171,-154
107900239,2062,590,1472
107900240,9,225,-216
107900241,11,141,-130
107900242,27,593,-566
107900243,5,65,-60
107900244,199,3,196
107900245,363,51,312
107900246,162,12,150
107900248,255,739,-484
107900249,434,19,415
107900250,4,943,-939
107900251,64,2198,-2134
107900252,830,17,813
107900253,123,5,118
107900254,67,538,-471
107900255,442,60,382
107900256,2118,853,1265
107900257,142,105,37
107900258,88,429,-341
107900259,125,1426,-1301
107900261,5,750,-745
107900262,40,245,-205
107900264,173,6,167
107900265,72,357,-285
107900267,196,24,172
107900268,74,17,57
107900269,0,8,-8
107900270,2,0,2
107900271,7,3,4
107900272,173,11,162
107900273,24,112,-88
107900274,29,0,29
107900275,10,1,9
107900276,1,91,-90
107900277,1,316,-315
107900278,224,450,-226
107900279,206,157,49
107900280,2584,2274,310
107900281,5702,1727,3975
107900282,157,354,-197
107900283,2197,591,1606
107900284,260,1108,-848
107900285,72,230,-158
107900286,178,116,62
107900287,147,230,-83
107900290,5,147,-142
107900291,386,23,363
107900292,138,455,-317
107900293,51,859,-808
107900295,120,264,-144
107900297,6,361,-355
107900298,1032,1457,-425
107900299,6149,3056,3093
107900300,53,306,-253
107900301,642,533,109
107900302,143,35,108
107900303,141,462,-321
107900304,262,918,-656
107900305,238,11,227
107900306,20,18,2
107900307,48,418,-370
107900308,303,90,213
107900309,65,0,65
107900310,35,3,32
107900311,296,91,205
107900312,21,0,21
107900313,0,83,-83
107900314,0,68,-68
107900315,2,136,-134
107900316,87,3,84
107900317,105,6,99
107900318,6,263,-257
107900319,2,415,-413
107900320,2,319,-317
107900321,148,4,144
107900322,0,275,-275
107900323,5,283,-278
107900324,153,2,151
107900325,54,0,54
107900326,212,594,-382
107900327,5,0,5
107900328,12,0,12
107900329,2,1,1
107900330,15,1024,-1009
107900331,224,37,187
107900332,191,78,113
107900333,38,35,3
107900334,6,438,-432
107900335,52,89,-37
107900336,22,74,-52
107900337,2127,727,1400
107900338,1,161,-160
107900339,1,25,-24
107900340,0,80,-80
107900341,26,0,26
107900342,193,260,-67
107900343,45,5,40
107900344,5,169,-164
107900345,112,38,74
107900346,86,2,84
107900347,34,3,31
107900348,4,3,1
107900349,56,4,52
107900350,48,399,-351
107900351,0,133,-133
108000001,2681,4487,-1806
108000002,3051,4987,-1936
108000003,3572,2769,803
108000004,22821,22436,385
108000005,6683,4694,1989
108000006,8724,9926,-1202
108000007,4876,4152,724
108000008,6705,8583,-1878
108000009,3362,4269,-907
108000010,3989,7119,-3130
108000011,12707,12058,649
108000012,25912,24134,1778
108000014,865,752,113
108000015,531,419,112
108000016,204,761,-557
108000017,815,436,379
108000018,1447,632,815
108000019,1789,825,964
108000020,1418,557,861
108000021,585,2397,-1812
108000022,754,2399,-1645
108000023,1200,278,922
108000024,200,1088,-888
108000025,252,348,-96
108000026,388,954,-566
108000027,613,632,-19
108000028,277,396,-119
108000029,416,706,-290
108000030,483,257,226
108000031,290,674,-384
108000032,1136,707,429
108000033,735,2139,-1404
108000034,1358,594,764
108000035,1440,4013,-2573
108000036,550,2211,-1661
108000037,1920,460,1460
108000038,2260,580,1680
108000039,722,4522,-3800
108000040,1685,954,731
108000041,792,4392,-3600
108000042,155,365,-210
108000043,256,372,-116
108000044,370,203,167
108000045,269,964,-695
108000046,1157,386,771
108000047,485,1733,-1248
108000048,151,610,-459
108000049,622,268,354
108000050,147,690,-543
108000051,259,121,138
108000052,441,1027,-586
108000053,330,161,169
108000054,706,1551,-845
108000055,1358,506,852
108000056,1145,1638,-493
108000057,594,1061,-467
108000058,2447,3475,-1028
108000059,5126,2979,2147
108000060,187,474,-287
108000061,184,395,-211
108000062,730,596,134
108000063,468,986,-518
108000064,169,313,-144
108000065,559,922,-363
108000066,2282,1117,1165
108000067,1803,642,1161
108000068,740,396,344
108000069,326,1492,-1166
108000070,1652,850,802
108000071,752,2516,-1764
108000072,1419,1215,204
108000073,2110,2905,-795
108000074,367,436,-69
108000075,436,1272,-836
108000076,843,585,258
108000077,1035,1049,-14
108000078,1937,2189,-252
108000079,1164,2592,-1428
108000080,841,782,59
108000081,551,3942,-3391
108000082,1360,3094,-1734
108000083,1976,984,992
108000084,490,2068,-1578
108000085,561,523,38
108000086,1415,1478,-63
108000087,204,1999,-1795
108000088,167,14,153
108000089,286,391,-105
108000090,335,203,132
108000091,140,1019,-879
108000092,94,141,-47
108000093,167,1512,-1345
108000094,742,170,572
108000095,261,981,-720
108000096,212,204,8
108000097,169,1095,-926
108000098,1136,1987,-851
108000099,131,152,-21
108000100,34,241,-207
108000101,905,1445,-540
108000102,1536,2915,-1379
108000106,1011,4,1007
108000107,3,1293,-1290
108000108,537,45,492
108000109,12,1337,-1325
108000110,175,306,-131
108000111,235,1208,-973
108000112,47,156,-109
108000113,637,446,191
108000115,610,757,-147
108000117,1045,487,558
108000118,192,178,14
108000119,847,658,189
108000120,108,892,-784
108000121,234,901,-667
108000122,390,446,-56
108000123,502,453,49
108000124,251,766,-515
108000125,268,518,-250
108000126,119,1025,-906
108000127,377,523,-146
108000128,606,1021,-415
108000129,233,1906,-1673
108000130,268,347,-79
108000131,906,476,430
108000132,2317,2076,241
108000133,825,661,164
108000134,716,979,-263
108000135,1063,463,600
108000136,1434,1554,-120
108000137,309,635,-326
108000138,391,1631,-1240
108000139,256,458,-202
108000140,53,30,23
108000141,23,307,-284
108000142,42,282,-240
108000143,28,78,-50
108000144,25,13,12
108000145,40,102,-62
108000146,49,11,38
108000147,20,118,-98
108000148,20,7,13
108000149,46,66,-20
108000150,23,5,18
108000151,14,18,-4
108000152,119,1268,-1149
108000153,350,130,220
108000154,62,32,30
108000155,20,11,9
108000156,380,183,197
108000157,208,803,-595
108000158,107,786,-679
108000159,1058,266,792
108000160,8092,1104,6988
108000161,8105,2050,6055
108000165,3,165,-162
108000172,5,301,-296
108000173,4213,2036,2177
108000175,172,111,61
108000178,430,525,-95
108000179,329,696,-367
108000181,60,47,13
108000182,188,21,167
108000183,41,39,2
108000184,2021,2379,-358
108000185,135,981,-846
108000186,91,82,9
108000187,82,1299,-1217
108000188,388,409,-21
108000189,943,1132,-189
108000190,39,184,-145
108000192,113,1017,-904
108000193,1270,92,1178
108000194,51,27,24
108000195,4,1957,-1953
108000196,158,202,-44
108000198,556,469,87
108000199,0,138,-138
108000200,261,1098,-837
108000202,4,212,-208
108000203,111,1520,-1409
108000204,90,46,44
108000205,528,1030,-502
108000339,2213,425,1788
108000364,250,354,-104
108000365,44,571,-527
108000367,319,623,-304
108000368,10,93,-83
108000369,2436,172,2264
108000371,1,897,-896
108000372,558,2,556
108000373,114,227,-113
108000376,63,29,34
108000377,341,531,-190
108000378,10047,11328,-1281
108000379,36,293,-257
108000381,77,16,61
108000382,125,6,119
108000383,0,163,-163
108900001,191,1702,-1511
108900002,265,110,155
108900003,476,1702,-1226
108900004,128,257,-129
108900005,56,327,-271
108900006,708,268,440
108900007,172,202,-30
108900008,58,194,-136
108900009,78,130,-52
108900010,142,238,-96
108900011,407,544,-137
108900012,335,716,-381
108900013,155,429,-274
108900014,30,122,-92
108900015,0,13,-13
108900016,1,310,-309
108900017,196,274,-78
108900018,96,875,-779
108900019,65,2081,-2016
108900020,35,485,-450
108900021,86,515,-429
108900022,65,8,57
108900023,8,36,-28
108900024,12,230,-218
108900025,67,206,-139
108900026,12,140,-128
108900027,2,119,-117
108900028,59,784,-725
108900029,69,265,-196
108900030,0,180,-180
108900031,66,951,-885
108900032,8,494,-486
108900033,0,93,-93
108900034,0,425,-425
108900035,307,2356,-2049
108900036,238,621,-383
108900037,47,782,-735
108900038,1,636,-635
108900039,2,937,-935
108900040,5,198,-193
108900041,8017,3050,4967
108900042,8,375,-367
108900043,78,736,-658
108900044,6,1128,-1122
108900045,29,1115,-1086
108900046,79,2025,-1946
108900047,0,122,-122
108900048,123,1847,-1724
108900049,9259,1289,7970
108900050,1,424,-423
108900051,0,317,-317
108900052,37,513,-476
108900053,128,201,-73
108900054,71,351,-280
108900055,93,771,-678
108900056,3,249,-246
108900057,0,299,-299
108900058,29,773,-744
108900059,363,26,337
108900060,77,281,-204
108900061,60,62,-2
108900062,10,543,-533
108900063,15,666,-651
108900064,108,113,-5
108900065,9,496,-487
108900066,225,143,82
108900067,15,327,-312
108900068,11,393,-382
108900069,42,229,-187
108900070,35,249,-214
108900071,83,80,3
108900072,3918,451,3467
108900073,51,996,-945
108900074,117,871,-754
108900075,95,85,10
108900076,244,125,119
108900077,124,952,-828
108900078,11,266,-255
108900079,1262,442,820
108900080,43,710,-667
108900081,61,433,-372
108900082,34,174,-140
108900083,27,248,-221
108900084,442,240,202
108900085,4222,229,3993
108900086,83,559,-476
108900087,141,411,-270
108900088,919,351,568
108900089,17,162,-145
108900090,36,614,-578
108900091,217,191,26
108900092,432,393,39
108900093,136,112,24
108900094,258,192,66
108900095,74,1009,-935
108900096,656,43,613
108900097,455,255,200
108900098,4926,593,4333
108900099,337,481,-144
108900100,73,251,-178
108900101,252,128,124
108900102,234,1110,-876
108900103,104,66,38
108900104,243,660,-417
108900105,6,1133,-1127
108900106,269,910,-641
108900108,373,73,300
108900109,300,36,264
108900110,180,848,-668
108900111,302,1224,-922
108900112,152,27,125
108900113,96,45,51
108900114,54,12,42
108900115,93,98,-5
108900116,63,15,48
108900117,102,17,85
108900118,564,11,553
108900119,165,55,110
108900120,243,161,82
108900121,370,70,300
108900122,96,46,50
108900123,123,82,41
108900124,332,219,113
108900125,280,1,279
108900126,145,23,122
108900127,119,36,83
108900128,106,31,75
108900129,683,132,551
108900130,225,6,219
108900131,366,3,363
108900132,359,90,269
108900133,201,79,122
108900134,246,345,-99
108900135,106,10,96
108900136,8,0,8
108900137,99,1,98
108900138,452,14,438
108900139,332,99,233
108900140,208,314,-106
108900141,243,20,223
108900142,56,2,54
108900143,18,0,18
108900144,56,0,56
108900145,121,6,115
108900146,52,0,52
108900147,132,1,131
108900148,57,44,13
108900149,639,709,-70
108900150,260,3,257
108900151,25,7,18
108900152,101,14,87
108900153,111,775,-664
108900154,4032,500,3532
108900155,240,106,134
108900156,68,8,60
108900157,12,1096,-1084
108900158,301,33,268
108900159,7,580,-573
108900160,13,378,-365
108900161,10,745,-735
108900162,69,0,69
108900163,8,255,-247
108900164,74,122,-48
108900165,274,109,165
108900167,3117,4522,-1405
108900168,15119,2852,12267
108900169,35,247,-212
108900171,13839,2804,11035
108900172,280,73,207
108900173,247,686,-439
108900174,624,598,26
108900176,211,1206,-995
108900177,13622,4435,9187
108900178,8325,3363,4962
108900179,629,1370,-741
108900180,103,334,-231
108900182,38,289,-251
108900183,303,316,-13
108900184,591,271,320
108900185,56,509,-453
108900186,46,540,-494
108900187,287,67,220
108900188,423,50,373
108900189,305,209,96
108900190,49,6243,-6194
108900191,240,36,204
108900192,77,395,-318
108900193,209,49,160
108900194,25,577,-552
108900195,89,651,-562
108900196,32,990,-958
108900198,2,1083,-1081
108900199,242,438,-196
108900200,521,365,156
108900201,477,1682,-1205
108900203,481,59,422
108900204,489,13,476
108900205,269,31,238
108900206,377,54,323
108900207,217,79,138
108900208,17,627,-610
108900209,323,961,-638
108900210,162,370,-208
108900211,133,552,-419
108900212,1159,1159,0
108900215,135,1057,-922
108900216,546,133,413
108900217,69,0,69
108900218,182,9,173
108900219,82,5,77
108900220,33,14,19
108900221,48,130,-82
108900222,239,18,221
108900223,9,99,-90
108900224,52,149,-97
108900225,2,263,-261
108900226,282,9,273
108900227,221,315,-94
108900230,743,423,320
108900231,76,410,-334
108900232,6,762,-756
108900233,374,74,300
108900234,290,119,171
108900235,369,992,-623
108900236,60,548,-488
108900237,67,474,-407
108900240,78,114,-36
108900241,23,59,-36
108900245,7,1034,-1027
108900249,117,43,74
108900250,273,181,92
108900257,137,965,-828
108900258,15,471,-456
108900259,70,152,-82
108900260,12,187,-175
108900261,214,221,-7
108900262,305,193,112
108900263,41,394,-353
108900264,651,450,201
108900265,2051,372,1679
108900266,2201,531,1670
108900267,7,108,-101
108900268,13,10,3
108900269,43,12,31
108900270,70,7,63
108900271,34,11,23
108900272,115,14,101
108900273,1336,602,734
108900274,20,94,-74
109000001,5043,1434,3609
109000002,4581,1828,2753
109000003,2466,948,1518
109000004,715,3721,-3006
109000005,2187,1282,905
109000006,877,3206,-2329
109000007,1343,1039,304
109000008,645,2936,-2291
109000009,3811,1724,2087
109000010,1917,6726,-4809
109000011,2665,2163,502
109000012,1819,6465,-4646
109000013,3212,2846,366
109000014,1823,6085,-4262
109000015,3778,6184,-2406
109000016,17305,6746,10559
109000017,2514,1546,968
109000018,998,5071,-4073
109000019,2758,1700,1058
109000020,1626,3272,-1646
109000023,240,28,212
109000024,6,216,-210
109000025,480,464,16
109000026,1077,438,639
109000027,101,449,-348
109000028,163,112,51
109000029,124,201,-77
109000030,69,797,-728
109000031,187,151,36
109000032,118,779,-661
109000033,412,162,250
109000034,56,79,-23
109000035,30,75,-45
109000036,141,535,-394
109000037,177,1003,-826
109000038,650,635,15
109000039,989,682,307
109000040,9892,5650,4242
109000041,8454,1635,6819
109000042,1444,1488,-44
109000044,307,54,253
109000045,111,632,-521
109000046,350,97,253
109000047,86,654,-568
109000048,853,190,663
109000049,251,816,-565
109000050,280,307,-27
109000051,450,405,45
109000052,551,3080,-2529
109000053,199,89,110
109000054,284,1456,-1172
109000055,225,318,-93
109000056,273,1100,-827
109000057,528,323,205
109000058,986,359,627
109000059,652,815,-163
109000060,617,257,360
109000061,2143,866,1277
109000062,136,327,-191
109000063,237,295,-58
109000064,166,301,-135
109000065,97,547,-450
109000066,302,208,94
109000067,30,610,-580
109000068,811,65,746
109000069,911,36,875
109000070,5,1199,-1194
109000071,475,108,367
109000072,88,420,-332
109000073,51,144,-93
109000074,17,297,-280
109000075,87,572,-485
109000076,107,235,-128
109000077,481,428,53
109000078,58,172,-114
109000079,122,362,-240
109000080,126,164,-38
109000081,94,875,-781
109000082,602,402,200
109000083,308,1322,-1014
109000088,149,949,-800
109000089,229,66,163
109000090,188,921,-733
109000091,210,183,27
109000092,480,1184,-704
109000093,196,256,-60
109000094,326,1,325
109000095,170,1104,-934
109000096,495,253,242
109000097,101,264,-163
109000098,67,112,-45
109000099,868,660,208
109000100,268,839,-571
109000101,1050,1462,-412
109000102,307,1152,-845
109000103,291,702,-411
109000104,1218,1065,153
109000105,505,2341,-1836
109000106,1601,1035,566
109000107,600,3283,-2683
109000108,1480,791,689
109000109,507,3134,-2627
109000110,1582,634,948
109000111,1384,3541,-2157
109000112,334,228,106
109000113,293,262,31
109000114,180,558,-378
109000115,1440,74,1366
109000116,0,243,-243
109000117,107,147,-40
109000118,17,446,-429
109000119,739,694,45
109000120,114,1783,-1669
109000121,271,90,181
109000122,127,1832,-1705
109000123,33,130,-97
109000124,466,534,-68
109000125,462,422,40
109000126,330,1479,-1149
109000127,553,229,324
109000128,545,3973,-3428
109000129,1580,774,806
109000130,740,4377,-3637
109000131,730,394,336
109000132,776,3327,-2551
109000133,441,1491,-1050
109000134,989,2029,-1040
109000135,1198,1892,-694
109000136,337,644,-307
109000137,324,368,-44
109000138,486,646,-160
109000139,467,512,-45
109000140,143,908,-765
109000141,327,670,-343
109000142,118,979,-861
109000143,100,78,22
109000145,67,208,-141
109000146,62,109,-47
109000148,6430,1654,4776
109000149,30,30,0
109000150,88,263,-175
109000155,636,769,-133
109000156,2002,1327,675
109000158,117,336,-219
109000159,118,1109,-991
109000160,798,349,449
109000161,398,2256,-1858
109000162,1807,1278,529
109000163,1009,2904,-1895
109000164,1078,4222,-3144
109000165,1205,846,359
109000166,652,212,440
109000167,103,1522,-1419
109000170,64,70,-6
109000171,73,47,26
109000172,45,92,-47
109000173,27,84,-57
109000174,80,72,8
109000175,43,180,-137
109000176,214,390,-176
109000177,15,264,-249
109000178,572,955,-383
109000179,12796,4126,8670
109000180,7513,3637,3876
109000181,11,57,-46
109000182,52,66,-14
109000183,39,93,-54
109000184,35,30,5
109000185,18,104,-86
109000188,448,4696,-4248
109000189,2011,1386,625
109000190,606,698,-92
109000191,231,974,-743
109000192,310,313,-3
109000193,172,694,-522
109000194,179,223,-44
109000195,94,753,-659
109000196,246,162,84
109000197,191,940,-749
109000198,260,86,174
109000199,124,869,-745
109000206,316,26,290
109000207,112,37,75
109000208,95,75,20
109000209,138,109,29
109000210,182,933,-751
109000211,444,545,-101
109000214,327,984,-657
109000215,89,96,-7
109000216,309,200,109
109000217,278,144,134
109000218,223,229,-6
109000221,496,1937,-1441
109000222,874,201,673
109000223,248,351,-103
109000224,47,513,-466
109000225,99,49,50
109000226,63,550,-487
109000227,908,2536,-1628
109000228,2,461,-459
109000231,3,790,-787
109000232,212,606,-394
109000236,284,1209,-925
109000241,2069,3238,-1169
109000242,1726,2254,-528
109000293,19,63,-44
109000361,128,431,-303
109000364,255,991,-736
109000396,7,1403,-1396
109000397,410,11,399
109000399,132,1030,-898
109000400,58,363,-305
109000403,48,445,-397
109000406,310,18,292
109000407,258,366,-108
109000408,1,1119,-1118
109000410,864,234,630
109000411,148,35,113
109900001,79,0,79
109900002,497,14,483
109900003,201,2,199
109900004,538,349,189
109900005,15,5,10
109900006,338,572,-234
109900007,542,1524,-982
109900008,1,52,-51
109900009,141,1277,-1136
109900010,428,23,405
109900011,38,48,-10
109900012,250,219,31
109900013,391,184,207
109900014,308,67,241
109900015,468,172,296
109900016,148,76,72
109900017,138,151,-13
109900018,201,276,-75
109900019,143,119,24
109900020,25,24,1
109900021,13,2,11
109900022,80,672,-592
109900023,20,3,17
109900024,29,0,29
109900025,5,178,-173
109900026,3,334,-331
109900027,36,31,5
109900028,4540,753,3787
109900029,13,1025,-1012
109900030,31,0,31
109900031,0,81,-81
109900032,12,424,-412
109900033,4,1037,-1033
109900034,21,0,21
109900035,17,19,-2
109900036,14,103,-89
109900037,56,958,-902
109900038,61,319,-258
109900039,7,0,7
109900040,40,1074,-1034
109900041,63,759,-696
109900042,35,708,-673
109900044,81,398,-317
109900045,78,56,22
109900046,16,85,-69
109900047,400,460,-60
109900048,5,114,-109
109900049,6,30,-24
109900050,2,529,-527
109900051,0,58,-58
109900052,66,439,-373
109900053,7,966,-959
109900054,481,256,225
109900055,45,464,-419
109900056,27,165,-138
109900057,7,372,-365
109900058,0,223,-223
109900059,536,165,371
109900060,511,228,283
109900061,166,417,-251
109900062,1,550,-549
109900063,5,452,-447
109900064,429,474,-45
109900065,218,194,24
109900066,351,1633,-1282
109900067,0,757,-757
109900068,51,1,50
109900069,5,51,-46
109900070,53,430,-377
109900071,4,47,-43
109900072,30,178,-148
109900073,331,1360,-1029
109900074,15,65,-50
109900075,30,23,7
109900076,17,466,-449
109900077,22,74,-52
109900078,124,494,-370
109900080,165,627,-462
109900081,17,143,-126
109900082,75,865,-790
109900083,8,63,-55
109900084,71,303,-232
109900085,244,2145,-1901
109900086,138,307,-169
109900087,357,574,-217
109900089,567,137,430
109900090,500,2296,-1796
109900091,208,83,125
109900092,864,14,850
109900093,679,154,525
109900094,54,129,-75
109900095,123,396,-273
109900096,19,6,13
109900097,106,0,106
109900098,274,47,227
109900099,123,2,121
109900100,37,0,37
109900101,229,23,206
109900102,432,33,399
109900103,14,64,-50
109900104,346,1949,-1603
109900105,608,69,539
109900106,315,137,178
109900107,530,155,375
109900108,110,973,-863
109900109,33,288,-255
109900110,60,958,-898
109900111,474,2612,-2138
109900112,547,1662,-1115
109900113,562,472,90
109900114,1127,796,331
109900115,107,88,19
109900117,741,154,587
109900118,309,708,-399
109900119,669,429,240
109900120,45,8,37
109900121,359,368,-9
109900122,243,5,238
109900123,11,301,-290
109900124,88,1276,-1188
109900125,4,431,-427
109900126,180,326,-146
109900128,246,91,155
109900130,20821,2053,18768
109900131,103,231,-128
109900132,46,290,-244
109900133,44,630,-586
109900134,69,84,-15
109900135,550,82,468
109900136,65,190,-125
109900137,44,744,-700
109900140,167,701,-534
109900142,1061,355,706
109900145,5,200,-195
109900146,385,36,349
109900148,43,101,-58
109900149,46,79,-33
109900150,6,65,-59
109900151,6,64,-58
109900152,0,24,-24
109900153,1,59,-58
109900154,17,0,17
109900155,17,6,11
109900157,76,530,-454
109900158,89,196,-107
109900159,138,28,110
109900160,104,62,42
109900161,257,104,153
109900162,194,93,101
109900163,1014,707,307
109900164,55,265,-210
109900165,238,10,228
109900166,3,275,-272
109900167,123,956,-833
109900168,168,802,-634
109900169,129,203,-74
109900170,360,671,-311
109900171,170,120,50
109900172,130,217,-87
109900173,6957,2115,4842
109900174,59,236,-177
109900175,64,79,-15
109900176,71,314,-243
109900177,28,523,-495
109900178,4,155,-151
109900179,14,42,-28
109900180,5,5,0
110000001,864,779,85
110000002,650,595,55
110000003,1140,803,337
110000004,727,648,79
110000005,941,1607,-666
110000006,914,465,449
110000007,168,234,-66
110000008,11,47,-36
110000009,41,81,-40
110000010,26,59,-33
110000011,37,230,-193
110000012,1074,803,271
110000013,39,538,-499
110000014,760,485,275
110000015,296,632,-336
110000016,351,1401,-1050
110000017,5722,359,5363
110000018,5549,795,4754
110000019,6,348,-342
110000020,955,432,523
110000021,656,480,176
110000022,955,251,704
110000023,8,414,-406
110000024,642,645,-3
110000025,221,3,218
110000026,9,1172,-1163
110000027,735,527,208
110000028,871,931,-60
110000029,653,1508,-855
110000030,209,388,-179
110000031,263,1053,-790
110000032,801,511,290
110000033,156,165,-9
110000034,309,822,-513
110000035,782,1696,-914
110000036,805,832,-27
110000037,188,1213,-1025
110000038,237,750,-513
110000039,729,2183,-1454
110000040,283,799,-516
110000041,308,1120,-812
110000042,184,715,-531
110000043,767,227,540
110000044,99,224,-125
110000045,933,127,806
110000046,5,16,-11
110000047,8,24,-16
110000048,14,14,0
110000049,19,17,2
110000050,4,39,-35
110000051,17,4,13
110000052,16,23,-7
110000053,254,11,243
110000054,134,326,-192
110000055,243,29,214
110000056,197,70,127
110000057,327,1305,-978
110000058,1126,837,289
110000059,874,726,148
110000060,527,1060,-533
110000061,1058,1189,-131
110000062,807,948,-141
110000063,28,102,-74
110000064,91,260,-169
110000065,65,125,-60
110000066,71,31,40
110000067,71,753,-682
110000068,213,1056,-843
110000069,126,148,-22
110000071,85,207,-122
110000073,11,23,-12
110000075,9,118,-109
110000076,376,417,-41
110000077,750,1275,-525
110000078,22,68,-46
110000080,305,836,-531
110000081,23,372,-349
110000082,24,373,-349
110000083,275,783,-508
110000084,786,806,-20
110000085,2985,1789,1196
110000086,1445,1891,-446
110000087,8,73,-65
110000088,47,344,-297
110000089,238,239,-1
110000090,85,553,-468
110000091,3113,405,2708
110000092,20,191,-171
110000093,49,14,35
110000094,695,315,380
110000095,127,745,-618
110000096,5950,2250,3700
110000097,1080,1338,-258
110000098,2001,774,1227
110000099,1087,2352,-1265
110000100,649,1442,-793
110000101,17,874,-857
110000102,51,20,31
110000104,175,97,78
110000105,67,373,-306
110000106,563,337,226
110000107,525,574,-49
110000108,198,57,141
110000109,363,427,-64
110000110,6123,5432,691
110000111,12153,2885,9268
110000112,1937,840,1097
110000113,953,1969,-1016
110000114,117,664,-547
110000115,232,446,-214
110000116,41,70,-29
110000117,130,1021,-891
110000118,294,442,-148
110000119,224,699,-475
110000120,265,320,-55
110000121,97,451,-354
110000122,324,864,-540
110000123,492,668,-176
110000124,6,1049,-1043
110000125,872,6,866
110000126,240,18,222
110000127,911,55,856
110000128,55,2195,-2140
110000129,2,802,-800
110000130,171,200,-29
110000131,145,434,-289
110000132,4,804,-800
110000133,68,427,-359
110000134,38,439,-401
110000135,225,46,179
110000136,57,443,-386
110000137,513,1062,-549
110000138,710,1317,-607
110000139,754,2534,-1780
110000140,1240,601,639
110000143,893,509,384
110000144,5461,1674,3787
110000145,1538,1299,239
110000146,2419,1715,704
110000147,359,972,-613
110000148,273,568,-295
110000151,745,631,114
110000152,802,413,389
110000153,94,85,9
110000154,55,21,34
110000155,3072,3584,-512
110000156,914,2120,-1206
110000157,1588,2245,-657
110000160,319,639,-320
110000161,163,883,-720
110000166,419,192,227
110000167,755,527,228
110000168,823,432,391
110000169,744,411,333
110000170,122,122,0
110000171,728,253,475
110000172,175,1266,-1091
110000173,1718,1609,109
110000174,151,2324,-2173
110000175,370,124,246
110000176,48,273,-225
110000177,240,927,-687
110000178,668,1032,-364
110000179,2201,615,1586
110000180,156,540,-384
110000181,285,725,-440
110000182,508,538,-30
110000183,19426,6703,12723
110000184,1766,2390,-624
110000185,1284,891,393
110000186,945,818,127
110000191,481,528,-47
110000192,309,2,307
110000193,636,3,633
110000194,15,2139,-2124
110000195,358,610,-252
110000196,239,984,-745
110000197,58,349,-291
110000198,97,149,-52
110000199,60,155,-95
110000200,1734,760,974
110000201,668,896,-228
110000202,1346,608,738
110000203,942,1223,-281
110000204,3,565,-562
110000205,117,88,29
110000206,895,2646,-1751
110000207,643,452,191
110000208,237,137,100
110000209,178,1521,-1343
110000210,622,886,-264
110000211,798,1280,-482
110000212,482,1077,-595
110000213,118,57,61
110000214,157,111,46
110000215,138,1012,-874
110000216,46,1072,-1026
110000217,243,432,-189
110000218,139,856,-717
110000219,267,78,189
110000220,51,714,-663
110000221,306,156,150
110000222,36,516,-480
110000223,1,129,-128
110000224,56,19,37
110000225,216,738,-522
110000226,195,41,154
110000227,1047,586,461
110000228,485,307,178
110000229,2,425,-423
110000230,664,808,-144
110000231,211,259,-48
110000232,139,290,-151
110000233,183,521,-338
110000234,786,672,114
110000235,1911,1240,671
110000236,379,1351,-972
110000237,1996,1437,559
110000238,1044,1850,-806
110000239,1550,1760,-210
110000240,1,160,-159
110000242,0,14,-14
110000243,76,352,-276
110000244,142,734,-592
110000245,46,811,-765
110000246,754,1119,-365
110000247,1767,7103,-5336
110000248,2689,2294,395
110000249,72,6,66
110000250,10,403,-393
110000251,215,983,-768
110000252,175,410,-235
110000253,1204,775,429
110000254,635,2465,-1830
110000255,231,2082,-1851
110000256,565,356,209
110000257,821,757,64
110000258,9,1011,-1002
110000259,57,19,38
110000260,14,691,-677
110000263,666,163,503
110000264,169,1156,-987
110000265,1047,1817,-770
110000266,2426,2734,-308
110000267,22,325,-303
110000268,406,1001,-595
110000269,1,157,-156
110000270,51,1,50
110000271,3176,378,2798
110000272,1061,1336,-275
110000273,3729,1775,1954
110000274,238,1307,-1069
110000275,5365,667,4698
110000276,157,278,-121
110000277,201,846,-645
110000278,238,1444,-1206
110000279,759,942,-183
110000280,270,553,-283
110000281,11,288,-277
110000282,320,77,243
110000283,63,114,-51
110000284,59,57,2
110000285,3,454,-451
110000286,32,1,31
110000287,57,3,54
110000288,2,159,-157
110000289,642,1932,-1290
110000290,1876,685,1191
110000291,10219,1856,8363
110000292,1555,4168,-2613
110000293,487,1566,-1079
110000294,729,1041,-312
110000295,123,1635,-1512
110000296,279,442,-163
110000297,3201,370,2831
110000298,423,982,-559
110000299,543,55,488
110000301,279,27,252
110000302,355,2562,-2207
110000303,296,9,287
110000304,143,561,-418
110000305,841,20,821
110000306,111,3450,-3339
110000307,1132,8,1124
110000308,450,46,404
110000309,7,2226,-2219
110000310,542,131,411
110000311,29,1400,-1371
110000312,456,103,353
110000313,3305,3707,-402
110000314,0,488,-488
110000315,4458,2512,1946
110000316,929,1365,-436
110000317,702,498,204
110000318,4,154,-150
110000319,5,33,-28
110000320,41,79,-38
110000321,17,56,-39
110000322,258,876,-618
110000323,301,302,-1
110000324,8791,1568,7223
110000325,3027,2528,499
110000327,524,499,25
110000328,186,689,-503
110000333,738,622,116
110000334,800,2268,-1468
110000335,874,852,22
110000336,550,1944,-1394
110000337,967,781,186
110000338,272,323,-51
110000339,210,344,-134
110000340,40,293,-253
110000341,297,868,-571
110000342,581,2,579
110000343,0,19,-19
110000344,88,266,-178
110000345,132,93,39
110000346,3114,1541,1573
110000347,1119,797,322
110000348,17,35,-18
110000349,9,28,-19
110000350,55,16,39
110000351,613,1120,-507
110000352,519,1917,-1398
110000353,4905,834,4071
110000354,1189,2595,-1406
110000355,93,107,-14
110000356,1309,15,1294
110000357,349,20,329
110000361,22,126,-104
110000362,43,329,-286
110000363,264,176,88
110000364,141,725,-584
110000365,154,1,153
110000366,0,122,-122
110000367,271,366,-95
110000368,3,96,-93
110000369,40,3,37
110000373,12,450,-438
110000374,77,7,70
110000375,192,1330,-1138
110000376,35,118,-83
110000377,79,515,-436
110000378,26,450,-424
110000379,5928,1608,4320
110000380,41,22,19
110000383,2,1320,-1318
110000384,2174,988,1186
110000385,1,283,-282
110000387,42,10,32
110000388,52,317,-265
110000389,632,8,624
110000391,356,493,-137
110000396,116,189,-73
110000397,88,416,-328
110000398,7,31,-24
110000399,176,2,174
110000587,88,47,41
110000589,142,208,-66
110000640,133,119,14
110000652,27,161,-134
110000653,203,660,-457
110000654,0,42,-42
110000656,2,811,-809
110000674,31,32,-1
110000675,10,33,-23
110000676,4,107,-103
110000679,593,877,-284
110000682,128,182,-54
110000683,447,710,-263
110000684,4,96,-92
110000685,20,21,-1
110000686,7,50,-43
110000687,4,2,2
110000688,55,742,-687
110000689,28,55,-27
110000692,125,458,-333
110000693,211,324,-113
110000694,0,182,-182
110000695,220,1247,-1027
110000696,200,283,-83
110900001,173,26,147
110900002,179,316,-137
110900003,432,1545,-1113
110900004,300,356,-56
110900005,7336,2069,5267
110900006,43,15,28
110900007,103,26,77
110900008,7,38,-31
110900009,443,54,389
110900010,8,111,-103
110900011,20,179,-159
110900012,16,182,-166
110900013,897,305,592
110900014,146,12,134
110900015,1724,566,1158
110900016,19,290,-271
110900017,318,77,241
110900018,484,54,430
110900019,99,32,67
110900020,101,943,-842
110900021,128,1125,-997
110900022,117,636,-519
110900023,125,958,-833
110900024,39,795,-756
110900025,3,61,-58
110900027,50,534,-484
110900028,47,361,-314
110900029,46,875,-829
110900030,26,622,-596
110900031,2,261,-259
110900032,1,151,-150
110900033,31,549,-518
110900035,49,781,-732
110900036,136,33,103
110900037,86,50,36
110900038,2236,341,1895
110900039,18,380,-362
110900040,235,60,175
110900041,20,307,-287
110900042,83,97,-14
110900043,7,283,-276
110900044,367,42,325
110900045,71,1070,-999
110900046,198,435,-237
110900047,1210,240,970
110900049,120,73,47
110900050,20,4,16
110900051,52,303,-251
110900052,7,304,-297
110900053,119,109,10
110900054,29,529,-500
110900055,17,1,16
110900056,67,161,-94
110900057,11,378,-367
110900058,196,437,-241
110900059,834,1407,-573
110900060,511,163,348
110900061,31,74,-43
110900062,136,484,-348
110900063,42,158,-116
110900064,14,0,14
110900065,531,174,357
110900066,32,124,-92
110900067,942,881,61
110900068,282,338,-56
110900069,1,54,-53
110900070,104,32,72
110900071,459,424,35
110900073,1,37,-36
110900074,353,140,213
110900075,360,109,251
110900077,578,594,-16
110900078,22,243,-221
110900079,2515,862,1653
110900080,75,96,-21
110900081,4,191,-187
110900082,87,467,-380
110900083,90,33,57
110900084,38,362,-324
110900085,76,718,-642
110900086,61,311,-250
110900087,283,94,189
110900088,19,1,18
110900090,56,56,0
110900091,4,100,-96
110900093,503,125,378
110900095,45,95,-50
110900097,5,26,-21
110900098,35,263,-228
110900099,75,1059,-984
110900100,0,39,-39
110900102,53,22,31
110900105,1266,736,530
110900108,14,215,-201
110900111,353,153,200
110900112,680,8,672
110900113,816,50,766
110900115,8,245,-237
110900116,398,4365,-3967
110900118,106,2341,-2235
110900119,8937,382,8555
110900120,16,252,-236
110900121,60,0,60
110900122,313,187,126
110900125,298,325,-27
110900127,395,1034,-639
110900128,169,262,-93
110900129,475,587,-112
110900130,1832,653,1179
110900131,181,67,114
110900132,295,55,240
110900133,61,484,-423
110900135,110,1123,-1013
110900136,261,9,252
110900137,98,0,98
110900138,1005,483,522
110900139,46,65,-19
110900140,70,2,68
110900141,9,131,-122
110900142,67,362,-295
110900143,114,118,-4
110900144,1,1003,-1002
110900145,73,27,46
110900146,559,105,454
110900147,344,367,-23
110900148,0,458,-458
110900149,2,147,-145
110900150,61,31,30
110900151,4,112,-108
110900152,17,665,-648
110900153,76,64,12
111000001,418,458,-40
111000002,600,1014,-414
111000003,986,843,143
111000004,669,1571,-902
111000005,1320,1124,196
111000006,1218,1877,-659
111000007,7181,2940,4241
111000008,5831,4689,1142
111000009,429,1233,-804
111000010,761,352,409
111000011,461,1175,-714
111000012,680,438,242
111000013,345,1656,-1311
111000014,1070,742,328
111000017,145,699,-554
111000018,253,424,-171
111000020,3517,3070,447
111000021,165,186,-21
111000023,125,218,-93
111000025,12111,3577,8534
111000029,66,123,-57
111000030,40,137,-97
111000031,2449,1050,1399
111000032,568,283,285
111000033,419,224,195
111000034,494,274,220
111000037,5238,1638,3600
111000038,3894,4103,-209
111000039,1649,4065,-2416
111000040,1889,4391,-2502
111000041,2005,2724,-719
111000042,10027,3805,6222
111000043,2913,2338,575
111000044,1506,1140,366
111000045,1830,2627,-797
111000046,1130,1881,-751
111000047,1866,3003,-1137
111000049,418,776,-358
111000050,2797,2605,192
111000051,528,1660,-1132
111000052,649,2021,-1372
111000053,504,1752,-1248
111000054,273,1849,-1576
111000055,1693,2962,-1269
111000056,89,1145,-1056
111000057,95,1522,-1427
111000058,230,115,115
111000059,260,370,-110
111000060,3073,776,2297
111000061,441,450,-9
111000062,670,285,385
111000063,1640,1077,563
111000064,450,680,-230
111000065,1099,986,113
111000066,320,361,-41
111000067,551,848,-297
111000068,380,1035,-655
111000069,2060,2537,-477
111000070,3454,1620,1834
111000071,326,1354,-1028
111000072,835,453,382
111000073,286,740,-454
111000074,1583,1966,-383
111000075,808,1281,-473
111000076,448,1304,-856
111000077,1328,1919,-591
111000078,2367,1651,716
111000079,1597,1029,568
111000080,480,918,-438
111000081,3033,4613,-1580
111000082,585,916,-331
111000084,635,668,-33
111000085,1024,2106,-1082
111000086,5524,1598,3926
111000087,875,1112,-237
111000088,10956,2404,8552
111000089,783,1162,-379
111000090,1531,1815,-284
111000091,851,939,-88
111000092,1239,1563,-324
111000093,581,951,-370
111000094,1888,1175,713
111000095,933,2646,-1713
111000096,3810,8291,-4481
111000097,10125,1425,8700
111000098,862,2171,-1309
111000099,588,3780,-3192
111000100,364,3655,-3291
111000101,462,1324,-862
111000102,184,1331,-1147
111000104,329,382,-53
111000107,98,1381,-1283
111000109,339,288,51
111000110,1029,791,238
111000111,1525,527,998
111000112,1402,405,997
111000113,811,1049,-238
111000114,2075,2391,-316
111000115,11254,1391,9863
111000116,968,1348,-380
111000117,619,1181,-562
111000118,1647,1422,225
111000119,825,2494,-1669
111000120,474,831,-357
111000121,242,710,-468
111000122,610,1306,-696
111000123,1166,5196,-4030
111000124,573,5765,-5192
111000125,297,3369,-3072
111000126,138,1606,-1468
111000127,720,236,484
111000128,1225,442,783
111000129,2004,587,1417
111000130,1415,796,619
111000131,1218,650,568
111000132,860,511,349
111000133,142,182,-40
111000134,122,177,-55
111000135,45,147,-102
111000136,411,376,35
111000138,6,6,0
111000140,0,7,-7
111000141,192,481,-289
111000142,14,230,-216
111000143,3,140,-137
111000144,8,122,-114
111000145,254,4,250
111000146,37,7,30
111000147,161,18,143
111000148,134,186,-52
111000149,2,19,-17
111000150,9,9,0
111000151,3,37,-34
111000153,689,807,-118
111000154,837,305,532
111000155,114,242,-128
111000156,462,568,-106
111000157,198,822,-624
111000158,1059,739,320
111000159,3751,825,2926
111000160,229,521,-292
111000161,6,356,-350
111000162,9,254,-245
111000163,423,950,-527
111000164,1012,3378,-2366
111000165,1738,628,1110
111000166,2369,504,1865
111000167,223,703,-480
111000168,265,625,-360
111000169,383,901,-518
111000170,529,639,-110
111000171,469,1504,-1035
111000172,120,1013,-893
111000173,251,2444,-2193
111000174,165,1150,-985
111000175,45,456,-411
111000176,236,258,-22
111000177,246,395,-149
111000178,809,422,387
111000179,114,250,-136
111000180,174,404,-230
111000181,833,430,403
111000182,146,283,-137
111000183,271,366,-95
111000184,329,293,36
111000185,420,614,-194
111000186,290,366,-76
111000187,128,378,-250
111000188,136,668,-532
111000189,2444,751,1693
111000190,158,771,-613
111000191,132,706,-574
111000192,327,871,-544
111000193,687,550,137
111000194,33,560,-527
111000195,81,744,-663
111000196,60,515,-455
111000197,255,247,8
111000198,462,122,340
111000199,148,206,-58
111000200,201,330,-129
111000201,497,271,226
111000202,170,287,-117
111000203,248,290,-42
111000204,384,812,-428
111000213,193,583,-390
111000214,1634,2727,-1093
111000215,1086,2142,-1056
111000217,1228,1535,-307
111000218,1049,1335,-286
111000219,447,314,133
111000220,4650,868,3782
111000221,908,333,575
111000224,132,382,-250
111000225,237,177,60
111000226,220,0,220
111000227,70,4,66
111000228,11,249,-238
111000229,44,549,-505
111000230,255,969,-714
111000231,672,2219,-1547
111000232,500,1076,-576
111000233,497,893,-396
111000234,64,298,-234
111000239,155,301,-146
111000240,37,174,-137
111000241,38,611,-573
111000242,78,90,-12
111000243,92,1320,-1228
111000244,284,143,141
111000245,943,948,-5
111000246,345,1006,-661
111000247,166,1509,-1343
111000248,568,585,-17
111000249,458,1144,-686
111000250,35,257,-222
111000251,46,162,-116
111000253,7,13,-6
111000255,26,1,25
111000257,41,19,22
111000260,71,2012,-1941
111000261,760,100,660
111000271,80,398,-318
111000273,11690,2076,9614
111000274,1446,2581,-1135
111000275,99,77,22
111000276,321,3786,-3465
111000277,157,729,-572
111000278,607,308,299
111000291,470,4208,-3738
111000298,536,302,234
111000299,728,173,555
111000300,105,1121,-1016
111000302,245,110,135
111000303,108,538,-430
111000312,74,83,-9
111000315,56,573,-517
111000320,459,1041,-582
111000321,205,126,79
111000322,256,856,-600
111000323,168,23,145
111000324,405,475,-70
111000325,41,110,-69
111000326,132,422,-290
111000327,419,821,-402
111000328,172,469,-297
111000329,1,22,-21
111000330,24,17,7
111000331,7,7,0
111000332,470,1973,-1503
111000334,475,2613,-2138
111000335,509,166,343
111000337,667,605,62
111000338,53,184,-131
111000339,288,1075,-787
111000340,88,1499,-1411
111000341,854,464,390
111000342,108,344,-236
111000344,863,1216,-353
111000345,189,54,135
111000346,12,174,-162
111000347,61,1,60
111000350,163,253,-90
111000351,111,253,-142
111000352,191,376,-185
111000353,127,294,-167
111000354,329,603,-274
111000355,331,1276,-945
111000358,105,3179,-3074
111000360,137,1730,-1593
111000361,132,786,-654
111000546,524,1092,-568
111000547,241,1638,-1397
111000548,97,308,-211
111000549,239,904,-665
111000550,87,615,-528
111000551,1070,336,734
111000552,686,82,604
111000907,410,23,387
111000908,23,0,23
111000916,1150,325,825
111000917,25,513,-488
111000918,145,1996,-1851
111000920,278,8,270
111000921,1,614,-613
111000922,323,388,-65
111000924,41,1911,-1870
111000925,1791,2330,-539
111000926,1033,3920,-2887
111000927,2998,4896,-1898
111000928,8723,6016,2707
111000929,995,1188,-193
111000930,851,3576,-2725
111000931,1699,2432,-733
111000932,5715,3278,2437
111000933,3799,2186,1613
111000934,2807,4084,-1277
111000935,901,1182,-281
111000936,1164,2875,-1711
111000937,763,1439,-676
111000938,2284,3032,-748
111000939,268,52,216
111000940,318,319,-1
111000941,282,1210,-928
111000943,256,379,-123
111000944,95,912,-817
111000945,91,3810,-3719
111001109,444,229,215
111001110,249,857,-608
111001111,53,3,50
111001112,99,2,97
111001113,23,145,-122
111001114,1518,112,1406
111001115,207,504,-297
111001116,8607,2602,6005
111001117,1100,1224,-124
111001120,145,603,-458
111001121,168,489,-321
111001122,200,992,-792
111001123,156,155,1
111001124,58,488,-430
111001125,1,31,-30
111900001,4,192,-188
111900002,19,1460,-1441
111900003,4,751,-747
111900004,49,327,-278
111900006,15,22,-7
111900007,76,12,64
111900008,130,4,126
111900009,142,441,-299
111900010,308,843,-535
111900012,77,211,-134
111900013,5,125,-120
111900014,11815,2921,8894
111900015,1,82,-81
111900016,0,309,-309
111900017,0,241,-241
111900018,47,4,43
111900019,2,168,-166
111900020,5,105,-100
111900021,41,136,-95
111900022,17,121,-104
111900023,217,103,114
111900024,9,85,-76
111900025,0,64,-64
111900026,0,188,-188
111900027,18,262,-244
111900028,1,656,-655
111900029,5,212,-207
111900030,64,800,-736
111900031,8,65,-57
111900032,3,594,-591
111900033,8,190,-182
111900034,281,1278,-997
111900035,28,318,-290
111900036,0,583,-583
111900038,497,1213,-716
111900039,43,779,-736
111900040,5,1063,-1058
111900042,55,224,-169
111900043,2,777,-775
111900044,323,512,-189
111900046,58,386,-328
111900048,160,1366,-1206
111900049,52,481,-429
111900050,92,16,76
111900051,2,489,-487
111900052,483,900,-417
111900053,1976,743,1233
111900054,118,4,114
111900055,28,1054,-1026
111900056,326,133,193
111900057,39,47,-8
111900058,265,1301,-1036
111900059,4760,351,4409
111900060,297,1,296
111900061,13,501,-488
111900062,17,27,-10
111900063,111,373,-262
111900064,151,558,-407
111900065,46,40,6
111900066,124,211,-87
111900067,6,607,-601
111900068,19,34,-15
111900069,38,16,22
111900070,130,133,-3
111900071,3,572,-569
111900072,60,20,40
111900073,447,109,338
111900074,18,427,-409
111900075,92,11,81
111900076,156,52,104
111900077,24,0,24
111900078,213,11,202
111900079,52,18,34
111900080,245,187,58
111900082,110,17,93
111900083,61,11,50
111900084,57,5,52
111900085,28,91,-63
111900086,23,2,21
111900087,36,0,36
111900088,386,7,379
111900089,140,0,140
111900090,69,46,23
111900091,146,13,133
111900092,40,0,40
111900093,241,5,236
111900094,64,3,61
111900095,171,21,150
111900096,83,0,83
111900097,32,0,32
111900098,125,0,125
111900099,61,0,61
111900100,86,3,83
111900101,64,25,39
111900102,294,1275,-981
111900103,70,82,-12
111900104,116,63,53
111900105,296,162,134
111900106,2457,82,2375
111900110,4439,408,4031
111900111,85,431,-346
111900112,1656,1794,-138
111900113,346,89,257
111900118,260,56,204
111900119,250,103,147
111900122,79,76,3
111900123,13,31,-18
111900124,33,219,-186
111900125,382,15,367
111900126,222,8,214
111900127,4,1115,-1111
111900128,4,1011,-1007
111900129,147,5,142
111900130,196,15,181
111900131,276,4,272
111900132,75,2540,-2465
111900133,4,693,-689
111900134,27,526,-499
111900135,6,27,-21
111900136,87,168,-81
111900137,86,119,-33
111900138,18,231,-213
111900139,36,355,-319
111900140,66,23,43
111900141,66,8,58
111900142,67,9,58
111900143,12,389,-377
111900144,1,188,-187
111900145,6,1027,-1021
111900146,1,616,-615
111900147,203,919,-716
111900148,47,1606,-1559
111900149,21,646,-625
111900150,13,233,-220
111900151,4,21,-17
111900152,126,86,40
111900153,2786,351,2435
111900154,14,220,-206
111900155,49,73,-24
111900156,33,51,-18
111900157,72,11,61
111900158,277,41,236
111900159,215,10,205
111900160,216,1,215
111900161,90,3,87
111900162,112,153,-41
111900163,65,593,-528
111900164,131,69,62
111901113,304,520,-216
111901114,286,639,-353
111901115,60,3,57
111901116,76,0,76
111901117,36,40,-4
111901118,296,299,-3
111901119,2736,222,2514
111901121,308,856,-548
111901122,6,1175,-1169
111901123,121,734,-613
111901124,117,1,116
111901125,346,294,52
111901127,1829,512,1317
111901128,21,264,-243
111901129,6,351,-345
111901130,9,574,-565
111901131,1,412,-411
111901132,78,4,74
111901133,60,1,59
111901134,97,0,97
111901135,11,8,3
111901136,28,31,-3
111901137,0,38,-38
111901138,94,62,32
111901139,20,81,-61
111901140,10,247,-237
111901141,7,588,-581
111901142,6,410,-404
111901143,1,181,-180
111901144,37,49,-12
111901145,227,240,-13
111901146,536,21,515
112000001,1734,1252,482
112000002,824,3513,-2689
112000003,821,1520,-699
112000004,689,2575,-1886
112000005,2315,2402,-87
112000006,2134,3122,-988
112000007,1994,1625,369
112000008,2355,4240,-1885
112000009,4984,5243,-259
112000010,2554,3242,-688
112000011,2195,3265,-1070
112000012,5820,3300,2520
112000013,7034,4423,2611
112000014,3200,1106,2094
112000015,3386,3705,-319
112000016,5806,1203,4603
112000017,2535,2243,292
112000024,3107,1057,2050
112000026,6195,7484,-1289
112000027,980,529,451
112000028,2209,2627,-418
112000029,522,732,-210
112000030,302,175,127
112000031,1982,4690,-2708
112000032,738,79,659
112000033,2210,1395,815
112000034,267,48,219
112000035,109,437,-328
112000036,902,1056,-154
112000037,1203,1083,120
112000038,1453,1186,267
112000039,43,103,-60
112000040,188,342,-154
112000041,662,601,61
112000042,1570,450,1120
112000050,911,1758,-847
112000051,848,1198,-350
112000054,2111,3178,-1067
112000057,773,483,290
112000058,448,812,-364
112000059,760,867,-107
112000061,6361,2782,3579
112000062,2364,961,1403
112000063,1937,1090,847
112000064,6094,8634,-2540
112000065,2904,4251,-1347
112000066,3922,1474,2448
112000067,955,1110,-155
112000068,2783,1779,1004
112000069,787,3346,-2559
112000070,2166,948,1218
112000071,868,4490,-3622
112000072,1408,1256,152
112000073,1330,2587,-1257
112000074,841,1274,-433
112000075,1231,1507,-276
112000076,3883,3837,46
112000077,463,960,-497
112000078,1402,1005,397
112000079,1444,1757,-313
112000080,633,1284,-651
112000081,1502,2608,-1106
112000082,1407,964,443
112000083,569,1892,-1323
112000084,1099,859,240
112000085,969,1724,-755
112000086,1408,2061,-653
112000087,273,657,-384
112000088,404,999,-595
112000089,295,415,-120
112000090,204,528,-324
112000091,669,1928,-1259
112000092,1567,1192,375
112000093,1771,1499,272
112000094,538,1022,-484
112000095,544,1064,-520
112000096,420,946,-526
112000097,845,659,186
112000098,1123,2582,-1459
112000099,727,970,-243
112000100,1288,1338,-50
112000101,547,1410,-863
112000102,744,1008,-264
112000103,306,1939,-1633
112000105,536,3029,-2493
112000106,1175,647,528
112000107,4,243,-239
112000108,182,2632,-2450
112000109,66,103,-37
112000110,1503,596,907
112000111,1824,6342,-4518
112000112,4560,888,3672
112000113,1311,3035,-1724
112000114,2967,1568,1399
112000115,326,851,-525
112000116,550,1583,-1033
112000117,904,1310,-406
112000118,1107,1248,-141
112000119,387,1402,-1015
112000120,66,612,-546
112000121,96,1172,-1076
112000122,167,193,-26
112000123,457,217,240
112000124,216,72,144
112000125,107,183,-76
112000126,164,1246,-1082
112000127,3184,1832,1352
112000128,1399,955,444
112000129,75,150,-75
112000130,155,67,88
112000131,24,722,-698
112000132,114,391,-277
112000133,287,622,-335
112000134,388,506,-118
112000135,830,1072,-242
112000136,1262,1604,-342
112000137,1635,2313,-678
112000138,2177,1630,547
112000139,1122,371,751
112000140,1073,1724,-651
112000141,662,255,407
112000142,165,1524,-1359
112000143,967,333,634
112000144,407,3141,-2734
112000145,1877,919,958
112000146,795,3563,-2768
112000147,1770,2326,-556
112000148,1852,3459,-1607
112000149,322,1296,-974
112000150,148,1044,-896
112000151,395,1210,-815
112000152,291,604,-313
112000153,252,506,-254
112000154,161,236,-75
112000155,174,176,-2
112000157,753,582,171
112000158,233,1472,-1239
112000159,376,450,-74
112000167,254,47,207
112000169,431,477,-46
112000173,491,343,148
112000175,374,619,-245
112000176,5453,2895,2558
112000177,559,167,392
112000178,75,984,-909
112000179,156,207,-51
112000180,226,393,-167
112000181,1405,3070,-1665
112000182,773,3432,-2659
112000183,33,72,-39
112000184,303,1139,-836
112000185,352,737,-385
112000187,3444,2775,669
112000195,146,26,120
112000196,273,0,273
112000197,266,157,109
112000198,38,521,-483
112000199,1205,1313,-108
112000202,248,2,246
112000216,71,255,-184
112000230,66,12,54
112000231,8,509,-501
112000256,42,222,-180
112000313,222,172,50
112000314,30,24,6
112000337,236,827,-591
112000352,357,306,51
112000392,2317,1737,580
112000398,879,948,-69
112000399,3636,1981,1655
112000400,2571,5326,-2755
112000401,2832,3432,-600
112000402,1954,2521,-567
112000403,2414,2269,145
112000404,417,751,-334
112000405,1452,2799,-1347
112000406,4150,4257,-107
112000407,4595,6890,-2295
112000408,10702,9773,929
112000409,2000,6907,-4907
112000410,418,205,213
112000411,8835,1378,7457
112000412,1709,525,1184
112000413,14926,3659,11267
112000414,99,162,-63
112000415,81,90,-9
112000416,1699,1411,288
112000417,242,73,169
112000421,57,287,-230
112000422,384,988,-604
112000424,4339,2184,2155
112000425,547,1783,-1236
112000426,122,336,-214
112000427,1,23,-22
112000428,127,872,-745
112000429,2372,3696,-1324
112000430,2686,3544,-858
112000431,93,181,-88
112000432,728,3472,-2744
112000433,749,1231,-482
112000437,49,387,-338
112900001,49,1,48
112900002,238,1897,-1659
112900003,45,492,-447
112900004,33,461,-428
112900005,184,376,-192
112900006,11,744,-733
112900007,32,311,-279
112900008,0,26,-26
112900009,442,64,378
112900010,281,1124,-843
112900011,450,496,-46
112900012,0,80,-80
112900013,1,451,-450
112900014,5,511,-506
112900015,495,1490,-995
112900016,2,446,-444
112900017,69,455,-386
112900018,2,519,-517
112900019,73,201,-128
112900020,588,2269,-1681
112900021,4,509,-505
112900022,22,127,-105
112900023,3,411,-408
112900024,56,377,-321
112900025,169,457,-288
112900026,5,529,-524
112900027,8,2013,-2005
112900028,19,196,-177
112900029,13,977,-964
112900030,253,294,-41
112900031,9,827,-818
112900032,166,323,-157
112900034,0,98,-98
112900035,16,911,-895
112900036,37,235,-198
112900037,168,185,-17
112900038,387,210,177
112900039,17,541,-524
112900040,5,523,-518
112900041,1992,1230,762
112900042,40,876,-836
112900043,40,65,-25
112900044,1134,618,516
112900045,666,498,168
112900046,298,130,168
112900047,17,43,-26
112900049,109,116,-7
112900050,94,862,-768
112900051,389,1333,-944
112900052,51,2007,-1956
112900053,367,174,193
112900054,374,26,348
112900055,155,38,117
112900056,463,223,240
112900057,8,1220,-1212
112900058,308,232,76
112900059,184,203,-19
112900060,13,505,-492
112900061,57,219,-162
112900062,55,187,-132
112900063,107,12,95
112900064,248,350,-102
112900065,54,25,29
112900066,195,112,83
112900067,708,251,457
112900068,62,35,27
112900069,3735,721,3014
112900071,15,1,14
112900072,446,1391,-945
112900073,287,57,230
112900074,88,141,-53
112900075,3159,697,2462
112900076,127,17,110
112900078,282,310,-28
112900079,191,15,176
112900080,22,5,17
112900081,35,145,-110
112900082,272,7,265
112900083,79,75,4
112900084,96,84,12
112900086,50,1,49
112900087,464,114,350
112900088,115,6,109
112900089,580,17,563
112900090,30,11,19
112900091,118,2,116
112900092,160,192,-32
112900093,1416,20,1396
112900095,30,2,28
112900096,286,126,160
112900097,62,682,-620
112900098,68,13,55
112900099,467,21,446
112900100,49,0,49
112900101,239,1,238
112900102,135,6,129
112900103,156,2,154
112900104,88,3,85
112900105,6,0,6
112900106,400,114,286
112900107,5,0,5
112900108,9,2,7
112900109,58,0,58
112900110,625,5,620
112900111,427,3,424
112900112,253,3,250
112900113,0,18,-18
112900114,78,54,24
112900115,609,3,606
112900116,42,33,9
112900117,172,147,25
112900118,41,97,-56
112900119,123,3,120
112900120,1033,264,769
112900121,361,249,112
112900122,15,263,-248
112900123,183,14,169
112900124,6,253,-247
112900125,83,598,-515
112900126,222,340,-118
112900127,303,73,230
112900128,570,1236,-666
112900129,7,1458,-1451
112900130,209,73,136
112900131,63,376,-313
112900132,71,662,-591
112900133,26,1762,-1736
112900134,0,452,-452
112900135,53,61,-8
112900137,1,1046,-1045
112900138,11,706,-695
112900139,290,1829,-1539
112900141,440,45,395
112900142,71,147,-76
112900143,53,1027,-974
112900144,5,687,-682
112900145,47,770,-723
112900146,13,2391,-2378
112900147,9,3624,-3615
112900148,40,1,39
112900149,184,812,-628
112900151,25,58,-33
112900152,6791,1151,5640
112900153,2522,1570,952
112900154,1,166,-165
112900155,159,11,148
112900156,228,2763,-2535
112900157,152,153,-1
112900158,27,32,-5
112900159,251,67,184
112900160,42,420,-378
112900161,87,34,53
112900162,32,14,18
112900163,150,33,117
112900164,48,130,-82
112900165,96,67,29
112900166,22,48,-26
112900167,3,31,-28
112900168,0,2,-2
112900169,4,12,-8
112900170,43,185,-142
112900172,70,14,56
112900173,378,167,211
112900174,312,60,252
112900175,170,201,-31
112900176,5,19,-14
112900177,254,38,216
112900178,654,2095,-1441
112900179,65,723,-658
112900180,1744,3023,-1279
112900181,372,11,361
112900182,25,2080,-2055
112900183,155,343,-188
112900184,574,528,46
112900185,374,615,-241
112900186,2068,928,1140
112900187,89,494,-405
112900188,749,637,112
112900189,41,38,3
112900190,1,100,-99
112900192,599,423,176
112900193,1469,330,1139
112900194,53,234,-181
112900195,540,29,511
112900196,254,651,-397
112900197,213,698,-485
112900199,470,962,-492
112900200,403,522,-119
112900201,70,141,-71
112900202,280,1566,-1286
112900203,148,533,-385
112900204,1293,607,686
112900205,4,8,-4
112900206,3,58,-55
112900207,3,0,3
112900208,55,151,-96
112900209,603,623,-20
112900210,0,64,-64
112900211,62,115,-53
112900212,1,107,-106
112900213,11,4,7
112900214,43,9,34
112900215,7,359,-352
112900216,46,102,-56
112900217,0,71,-71
112900218,31,26,5
112900219,31,12,19
112900220,5,0,5
112900221,29,319,-290
112900222,0,49,-49
112900223,801,17,784
112900224,197,1529,-1332
112900225,338,971,-633
112900226,325,433,-108
112900227,318,2107,-1789
112900228,39,25,14
112900229,102,91,11
112900230,12357,5022,7335
112900232,206,172,34
112900233,52,340,-288
112900234,12,245,-233
112900235,51,23,28
112900236,197,25,172
112900237,82,633,-551
112900238,6,73,-67
112900239,637,498,139
113000001,5581,8006,-2425
113000002,4061,5455,-1394
113000003,2285,3075,-790
113000004,2196,3196,-1000
113000005,1480,1599,-119
113000006,1244,1847,-603
113000007,1527,1824,-297
113000008,1730,2761,-1031
113000009,980,1214,-234
113000010,1122,2304,-1182
113000011,1003,2242,-1239
113000012,1262,1299,-37
113000013,943,624,319
113000014,1998,1637,361
113000015,763,294,469
113000016,337,553,-216
113000017,88,370,-282
113000018,279,57,222
113000019,107,316,-209
113000020,133,27,106
113000021,1708,702,1006
113000022,736,1820,-1084
113000025,72,360,-288
113000026,314,673,-359
113000027,1580,643,937
113000028,2087,657,1430
113000029,1104,733,371
113000030,768,773,-5
113000031,346,413,-67
113000032,354,393,-39
113000033,385,536,-151
113000034,541,493,48
113000035,24,38,-14
113000036,32,63,-31
113000037,63,53,10
113000038,7,56,-49
113000039,88,710,-622
113000040,45,115,-70
113000042,999,840,159
113000051,866,2986,-2120
113000052,3094,1506,1588
113000053,339,954,-615
113000054,281,1240,-959
113000055,1096,1385,-289
113000056,940,1971,-1031
113000058,1006,1014,-8
113000059,1352,951,401
113000060,218,741,-523
113000061,1102,1305,-203
113000062,1896,385,1511
113000063,109,480,-371
113000064,56,684,-628
113000065,222,1942,-1720
113000066,583,151,432
113000067,1806,2000,-194
113000068,480,3172,-2692
113000069,655,2213,-1558
113000070,1814,1410,404
113000071,346,1132,-786
113000072,673,790,-117
113000073,813,2536,-1723
113000074,1057,456,601
113000075,2442,826,1616
113000076,1650,2663,-1013
113000077,1796,720,1076
113000078,1156,3209,-2053
113000079,1031,1156,-125
113000080,790,809,-19
113000081,1026,1127,-101
113000082,1699,1057,642
113000083,669,995,-326
113000084,2021,1513,508
113000085,906,833,73
113000086,1429,1806,-377
113000087,1272,1065,207
113000088,3076,1740,1336
113000089,1034,1911,-877
113000090,232,761,-529
113000091,976,497,479
113000094,1243,322,921
113000095,352,1914,-1562
113000096,204,1418,-1214
113000097,1239,499,740
113000098,127,53,74
113000099,1389,397,992
113000100,213,702,-489
113000101,564,968,-404
113000102,629,434,195
113000103,2954,756,2198
113000104,452,3648,-3196
113000105,620,662,-42
113000106,406,662,-256
113000107,762,1250,-488
113000108,1114,2095,-981
113000109,641,4937,-4296
113000110,1859,627,1232
113000111,247,1155,-908
113000112,394,440,-46
113000113,2158,398,1760
113000114,382,1899,-1517
113000116,1105,351,754
113000117,1227,154,1073
113000118,271,564,-293
113000119,302,582,-280
113000120,88,308,-220
113000121,823,1534,-711
113000124,274,172,102
113000125,70,781,-711
113000127,5206,813,4393
113000128,774,960,-186
113000129,777,2111,-1334
113000133,6559,2293,4266
113000134,9,1410,-1401
113000135,4051,4180,-129
113000137,2805,3475,-670
113000139,503,244,259
113000140,230,447,-217
113000141,604,255,349
113000142,926,1589,-663
113000143,364,355,9
113000144,470,1104,-634
113000145,48,159,-111
113000146,132,127,5
113000147,150,206,-56
113000148,115,240,-125
113000149,51,148,-97
113000150,699,655,44
113000151,80,100,-20
113000152,32,170,-138
113000153,2848,929,1919
113000154,936,2127,-1191
113000155,404,623,-219
113000156,221,655,-434
113000157,362,1423,-1061
113000158,803,384,419
113000159,928,876,52
113000160,762,1963,-1201
113000161,252,1008,-756
113000162,751,572,179
113000163,101,77,24
113000164,16,119,-103
113000166,145,79,66
113000167,26,247,-221
113000168,67,260,-193
113000169,128,88,40
113000170,88,125,-37
113000171,74,143,-69
113000172,225,85,140
113000173,48,23,25
113000174,180,784,-604
113000175,415,182,233
113000176,514,198,316
113000177,205,575,-370
113000178,193,536,-343
113000179,313,179,134
113000180,790,2029,-1239
113000181,996,1423,-427
113000182,258,480,-222
113000183,166,653,-487
113000184,25,114,-89
113000189,698,1098,-400
113000190,1791,794,997
113000192,3371,1745,1626
113000193,7835,1203,6632
113000194,2536,1486,1050
113000195,3207,813,2394
113000196,154,144,10
113000197,2163,1411,752
113000198,68,429,-361
113000199,1616,723,893
113000201,1092,217,875
113000202,5946,4504,1442
113000203,581,373,208
113000204,2460,2014,446
113000205,28,32,-4
113000206,4,43,-39
113000207,100,26,74
113000208,20,53,-33
113000209,19,33,-14
113000210,4,21,-17
113000211,341,265,76
113000212,321,46,275
113000213,39,181,-142
113000214,211,383,-172
113000234,236,2024,-1788
113000410,64,157,-93
113000411,3615,5530,-1915
113000412,11461,3077,8384
113000413,4822,4052,770
113000414,11936,16503,-4567
113000415,3239,4479,-1240
113000416,13325,5936,7389
113000417,4458,4586,-128
113000418,4288,3396,892
113000419,2074,2683,-609
113000420,4787,6735,-1948
113000421,4529,7354,-2825
113000422,21269,13867,7402
113000423,3528,6324,-2796
113000424,5438,11778,-6340
113000425,49,126,-77
113000428,97,13,84
113000430,7,46,-39
113000432,2065,230,1835
113000433,169,1654,-1485
113000434,11,460,-449
113000435,38,1438,-1400
113000436,70,2406,-2336
113000437,658,24,634
113000438,233,15,218
113000439,14,257,-243
113000440,101,53,48
113000441,212,388,-176
113000442,154,521,-367
113000443,145,556,-411
113000444,166,595,-429
113000445,113,297,-184
113000446,26,124,-98
113000448,481,211,270
113000449,465,1424,-959
113000450,1269,5255,-3986
113000451,3202,260,2942
113000452,705,728,-23
113000453,238,497,-259
113000454,1920,51,1869
113000455,126,214,-88
113000456,5407,3106,2301
113000468,4411,445,3966
113000469,670,325,345
113000470,1009,146,863
113000471,31,717,-686
113000472,129,361,-232
113000474,362,794,-432
113000475,1778,2399,-621
113000476,1067,2377,-1310
113000477,2342,2325,17
113000478,4418,7758,-3340
113000479,86,326,-240
113000480,137,171,-34
113000484,0,0,0
113000485,0,0,0
113000486,0,0,0
113000487,0,0,0
113000488,0,0,0
113000489,0,0,0
113000490,0,1,-1
113000491,2,1,1
113000492,2,0,2
113000493,0,0,0
113000495,250,357,-107
113000496,105,157,-52
113000499,0,0,0
113900001,4,468,-464
113900002,2,410,-408
113900003,0,324,-324
113900004,1,95,-94
113900005,3,80,-77
113900006,8,68,-60
113900007,117,33,84
113900008,197,0,197
113900009,639,1,638
113900010,417,5,412
113900011,60,3,57
113900012,17,3,14
113900013,2056,12,2044
113900014,554,2,552
113900015,0,68,-68
113900016,40,0,40
113900017,1,117,-116
113900018,705,158,547
113900019,85,65,20
113900020,114,1,113
113900022,10,0,10
113900023,25,0,25
113900024,45,174,-129
113900025,423,40,383
113900026,59,1,58
113900027,5,155,-150
113900028,30,673,-643
113900029,45,414,-369
113900030,187,2,185
113900031,7,1,6
113900032,19,0,19
113900033,84,153,-69
113900035,108,0,108
113900036,22,234,-212
113900037,80,843,-763
113900038,109,161,-52
113900039,155,20,135
113900040,5,0,5
113900041,2,3,-1
113900042,70,63,7
113900043,265,183,82
113900044,194,78,116
113900045,61,1,60
113900046,295,1038,-743
113900047,39,295,-256
113900048,356,67,289
113900049,1248,400,848
113900050,235,647,-412
113900051,278,676,-398
113900052,207,223,-16
113900053,617,353,264
113900054,18,31,-13
113900055,128,963,-835
113900056,122,357,-235
113900057,7,177,-170
113900058,66,342,-276
113900059,291,583,-292
113900060,95,383,-288
113900061,1377,174,1203
113900062,95,28,67
113900063,119,246,-127
113900064,47,235,-188
113900065,483,36,447
113900066,399,711,-312
113900067,98,526,-428
113900068,558,496,62
113900069,123,38,85
113900070,215,753,-538
113900071,85,133,-48
113900072,71,249,-178
113900073,181,528,-347
113900074,59,635,-576
113900075,1466,1166,300
113900076,146,14,132
113900077,41,403,-362
113900078,85,119,-34
113900079,1,131,-130
113900080,420,189,231
113900081,55,359,-304
113900082,101,342,-241
113900083,207,1068,-861
113900084,342,138,204
113900085,40,554,-514
113900086,73,28,45
113900087,41,221,-180
113900088,44,88,-44
113900089,471,72,399
113900090,609,446,163
113900091,41,50,-9
113900092,32,123,-91
113900093,98,894,-796
113900094,365,650,-285
113900095,190,160,30
113900096,265,75,190
113900097,10,230,-220
113900098,700,112,588
113900099,0,120,-120
113900100,0,3,-3
113900101,16,76,-60
113900102,202,130,72
113900103,287,339,-52
113900104,145,262,-117
113900105,86,641,-555
113900106,0,172,-172
113900107,3,49,-46
113900108,365,240,125
113900109,443,155,288
113900110,50,33,17
113900111,91,178,-87
113900112,101,122,-21
113900113,1042,585,457
113900114,6,262,-256
113900115,3,188,-185
113900116,103,141,-38
113900117,111,38,73
113900118,286,294,-8
113900119,408,621,-213
113900120,60,47,13
113900121,41,119,-78
113900122,547,1868,-1321
113900123,605,220,385
113900124,4,157,-153
113900125,2075,235,1840
113900126,178,79,99
113900127,235,673,-438
113900128,123,69,54
113900129,8,176,-168
113900130,8,34,-26
113900131,231,122,109
113900132,51,59,-8
113900133,21,31,-10
113900135,322,795,-473
113900136,167,119,48
113900137,491,252,239
113900138,72,233,-161
113900139,714,114,600
113900140,562,418,144
113900141,463,799,-336
113900142,103,142,-39
113900143,9,36,-27
113900144,381,289,92
113900145,374,323,51
113900146,136,96,40
113900148,233,364,-131
113900149,182,64,118
113900150,1353,1175,178
113900151,348,322,26
113900152,41,45,-4
113900153,614,801,-187
113900154,2,111,-109
113900155,281,155,126
113900156,337,1048,-711
113900157,35,241,-206
113900158,680,369,311
113900159,16,235,-219
113900160,574,1041,-467
113900161,63,343,-280
113900162,870,1033,-163
113900163,433,371,62
113900164,346,74,272
113900165,742,682,60
113900166,315,201,114
113900167,268,64,204
113900168,183,121,62
113900169,338,635,-297
113900171,149,89,60
113900172,12,322,-310
113900173,58,1208,-1150
113900174,503,969,-466
113900175,402,181,221
113900176,296,956,-660
113900177,359,321,38
113900178,299,198,101
113900179,16,1148,-1132
113900180,242,164,78
113900181,632,108,524
113900182,673,1385,-712
113900183,77,102,-25
113900184,15,980,-965
113900185,218,89,129
113900186,21,65,-44
113900187,45,240,-195
113900188,73,197,-124
113900189,347,88,259
113900190,457,181,276
113900191,200,320,-120
113900192,12,577,-565
113900193,54,491,-437
113900194,3562,1343,2219
113900195,395,757,-362
113900196,2,157,-155
113900197,10,521,-511
113900198,30,211,-181
113900199,251,1093,-842
113900200,19,382,-363
113900201,3,503,-500
113900202,72,453,-381
113900203,4,312,-308
113900204,51,902,-851
113900205,7,285,-278
113900206,7,190,-183
113900207,1,81,-80
113900208,1,59,-58
113900209,2,144,-142
113900210,853,888,-35
113900211,166,74,92
113900212,159,980,-821
113900214,650,626,24
113900215,69,248,-179
113900216,170,2124,-1954
113900217,84,529,-445
113900218,70,36,34
113900219,178,766,-588
113900220,143,95,48
113900221,369,204,165
113900222,527,576,-49
113900223,108,1562,-1454
113900224,163,92,71
113900225,1284,346,938
113900226,328,182,146
113900227,408,277,131
113900228,385,410,-25
113900229,54,680,-626
113900230,6966,3151,3815
113900231,159,371,-212
113900232,84,141,-57
113900233,66,94,-28
113900234,396,661,-265
113900235,85,41,44
113900236,84,657,-573
113900237,131,11,120
113900238,303,625,-322
113900239,69,84,-15
113900240,4,157,-153
113900241,115,130,-15
113900242,53,291,-238
113900243,194,633,-439
113900244,604,322,282
113900245,1834,374,1460
113900246,31,28,3
113900247,247,401,-154
113900248,5693,2212,3481
113900249,2044,417,1627
113900250,85,191,-106
113900251,560,353,207
113900252,559,11,548
113900253,769,44,725
113900254,735,176,559
113900255,398,32,366
113900256,332,52,280
113900257,65,1169,-1104
113900258,16,946,-930
113900259,445,395,50
113900260,231,31,200
113900261,45,156,-111
113900262,198,1288,-1090
113900263,238,895,-657
113900264,13,1050,-1037
113900265,169,521,-352
113900266,48,431,-383
113900267,141,806,-665
113900268,342,450,-108
113900269,70,192,-122
113900270,437,460,-23
113900271,653,2028,-1375
113900273,25,3,22
113900274,35,13,22
113900275,36,85,-49
113900276,4,397,-393
113900277,107,7,100
113900278,358,190,168
113900279,106,112,-6
113900280,1352,806,546
113900281,495,1566,-1071
113900282,1149,746,403
113900283,354,592,-238
113900284,751,262,489
113900285,144,35,109
113900286,14,138,-124
113900287,30,163,-133
113900288,5,92,-87
113900289,1960,130,1830
113900290,660,172,488
113900291,143,180,-37
113900292,4,15,-11
113900293,3,427,-424
113900294,468,67,401
113900295,652,534,118
113900296,3451,425,3026
113900297,1163,51,1112
113900298,11,2430,-2419
113900299,81,311,-230
113900300,9585,3669,5916
113900301,1587,578,1009
113900302,3508,858,2650
113900303,885,452,433
113900304,2,234,-232
113900305,109,1,108
113900306,22,0,22
113900307,86,0,86
113900308,91,178,-87
113900309,7,1264,-1257
113900310,1,33,-32
113900311,4,0,4
113900312,191,153,38
113900313,28,37,-9
114000001,1364,6259,-4895
114000002,183,783,-600
114000003,34,500,-466
114000004,310,650,-340
114000005,214,356,-142
114000006,3482,3405,77
114000007,841,2366,-1525
114000008,1779,1748,31
114000009,523,355,168
114000011,2922,6154,-3232
114000012,1974,4950,-2976
114000013,1527,3566,-2039
114000014,424,720,-296
114000015,1532,1034,498
114000016,211,651,-440
114000017,161,284,-123
114000018,841,80,761
114000026,1201,2621,-1420
114000027,2304,3075,-771
114000028,2594,2782,-188
114000038,253,212,41
114000039,81,210,-129
114000040,58,183,-125
114000042,159,237,-78
114000043,75,240,-165
114000044,111,81,30
114000045,52,179,-127
114000046,3249,7492,-4243
114000047,21,105,-84
114000048,118,77,41
114000049,1776,2009,-233
114000050,1717,2142,-425
114000051,3753,2547,1206
114000052,3596,1701,1895
114000053,83,821,-738
114000054,202,2528,-2326
114000055,277,42,235
114000056,1541,974,567
114000057,16108,3644,12464
114000058,783,1618,-835
114000059,546,400,146
114000060,671,1100,-429
114000061,4969,2587,2382
114000062,3501,1737,1764
114000063,3979,2104,1875
114000064,10637,4269,6368
114000065,2455,3458,-1003
114000066,404,908,-504
114000067,24,555,-531
114000068,477,655,-178
114000069,922,808,114
114000070,2670,1893,777
114000071,709,1010,-301
114000072,324,846,-522
114000073,14,304,-290
114000074,23,30,-7
114000075,52,368,-316
114000076,19,401,-382
114000077,10,127,-117
114000078,217,1675,-1458
114000079,96,41,55
114000080,92,125,-33
114000081,58,132,-74
114000082,50,1034,-984
114000083,62,534,-472
114000084,266,109,157
114000085,159,1323,-1164
114000086,248,1039,-791
114000087,59,465,-406
114000088,55,105,-50
114000089,2732,736,1996
114000090,592,706,-114
114000091,1449,718,731
114000092,1028,519,509
114000093,1049,921,128
114000094,288,493,-205
114000095,160,137,23
114000096,123,819,-696
114000097,135,1298,-1163
114000098,346,95,251
114000099,368,1530,-1162
114000100,945,1392,-447
114000101,378,1674,-1296
114000102,283,479,-196
114000103,133,775,-642
114000104,8,627,-619
114000105,55,56,-1
114000106,2052,768,1284
114000107,208,160,48
114000108,4710,1925,2785
114000109,423,795,-372
114000110,674,2797,-2123
114000111,1153,655,498
114000112,488,3051,-2563
114000113,707,535,172
114000114,1529,2581,-1052
114000115,1600,948,652
114000116,537,1232,-695
114000117,2162,495,1667
114000118,1832,546,1286
114000119,1271,455,816
114000120,571,1498,-927
114000121,449,900,-451
114000122,376,345,31
114000123,1409,442,967
114000124,805,477,328
114000125,1017,2928,-1911
114000126,1213,277,936
114000127,194,253,-59
114000128,908,895,13
114000130,480,715,-235
114000131,179,91,88
114000132,710,1055,-345
114000133,1112,2354,-1242
114000134,59,332,-273
114000138,45,352,-307
114000139,283,193,90
114000144,768,504,264
114000145,87,307,-220
114000146,120,507,-387
114000147,1188,1580,-392
114000148,3022,1861,1161
114000149,330,286,44
114000150,1007,799,208
114000151,1287,1179,108
114000152,124,30,94
114000153,908,1875,-967
114000154,748,739,9
114000155,1389,2528,-1139
114000156,865,544,321
114000157,319,1150,-831
114000158,3523,1108,2415
114000159,231,570,-339
114000160,137,287,-150
114000161,1665,2494,-829
114000162,863,1766,-903
114000163,12,246,-234
114000165,310,201,109
114000166,698,374,324
114000167,6355,1454,4901
114000168,913,873,40
114000169,2317,984,1333
114000170,1198,994,204
114000171,934,2633,-1699
114000174,185,657,-472
114000176,810,510,300
114000177,3931,1165,2766
114000178,26,114,-88
114000179,1574,1115,459
114000180,682,860,-178
114000181,2018,3299,-1281
114000182,9209,3335,5874
114000183,1180,1525,-345
114000184,10294,2114,8180
114000185,982,1182,-200
114000189,581,109,472
114000190,1912,310,1602
114000191,31,58,-27
114000192,402,3306,-2904
114000193,1352,5968,-4616
114000194,1442,2053,-611
114000195,124,27,97
114000196,9,710,-701
114000197,886,146,740
114000198,2007,501,1506
114000199,2884,1481,1403
114000200,600,3963,-3363
114000201,230,1837,-1607
114000202,1108,1317,-209
114000203,575,1357,-782
114000204,92,751,-659
114000205,254,2774,-2520
114000206,508,1773,-1265
114000207,856,3819,-2963
114000208,688,6009,-5321
114000209,920,5769,-4849
114000210,461,2955,-2494
114000211,1030,2306,-1276
114000212,719,1149,-430
114000213,1270,948,322
114000214,106,371,-265
114000215,177,135,42
114000216,1293,505,788
114000217,225,521,-296
114000218,121,435,-314
114000219,1098,461,637
114000220,25,2692,-2667
114000221,608,225,383
114000222,360,2291,-1931
114000223,446,144,302
114000224,180,1408,-1228
114000225,152,937,-785
114000226,98,334,-236
114000227,680,651,29
114000228,718,1516,-798
114000229,1194,1974,-780
114000230,1877,2336,-459
114000231,915,1799,-884
114000232,545,218,327
114000233,1658,156,1502
114000234,1105,1687,-582
114000235,1041,2483,-1442
114000236,2,789,-787
114000237,95,1921,-1826
114000238,68,322,-254
114000239,223,2444,-2221
114000240,962,974,-12
114000241,301,1845,-1544
114000242,1365,1572,-207
114000243,1543,1187,356
114000244,595,429,166
114000245,436,779,-343
114000246,200,36,164
114000247,781,1046,-265
114000248,906,946,-40
114000249,493,756,-263
114000250,416,987,-571
114000251,236,566,-330
114000252,114,168,-54
114000253,44,476,-432
114000254,27,145,-118
114000255,1064,287,777
114000256,2515,1661,854
114000257,723,2614,-1891
114000258,176,775,-599
114000259,74,481,-407
114000260,1,41,-40
114000261,35,40,-5
114000262,58,248,-190
114000263,10,1,9
114000264,847,1122,-275
114000265,0,6,-6
114000267,7,1913,-1906
114000268,11,3125,-3114
114000270,96,2,94
114000271,545,148,397
114000283,814,703,111
114000285,80,561,-481
114000288,46,784,-738
114000289,1028,160,868
114000293,109,645,-536
114000294,131,321,-190
114000395,1372,111,1261
114000396,356,498,-142
114000402,423,506,-83
114000403,265,1039,-774
114000405,134,876,-742
114000423,212,705,-493
114000424,229,363,-134
114000425,418,966,-548
114000426,319,961,-642
114000427,29,138,-109
114000428,359,147,212
114000429,14,309,-295
114000432,56,228,-172
114000434,43,192,-149
114000435,14,217,-203
114900001,467,2450,-1983
114900002,476,171,305
114900003,491,3808,-3317
114900004,160,393,-233
114900005,429,1495,-1066
114900006,31,71,-40
114900007,178,17,161
114900008,134,73,61
114900010,3647,2169,1478
114900011,148,180,-32
114900013,203,136,67
114900015,64,315,-251
114900018,1088,66,1022
114900020,240,72,168
114900022,7,1152,-1145
114900024,314,138,176
114900025,339,402,-63
114900026,39,123,-84
114900027,203,344,-141
114900029,17,27,-10
114900030,263,375,-112
114900031,251,25,226
114900032,245,58,187
114900033,2488,520,1968
114900034,80,399,-319
114900035,110,452,-342
114900036,364,1626,-1262
114900037,102,355,-253
114900038,175,1565,-1390
114900039,482,1115,-633
114900040,94,523,-429
114900041,491,964,-473
114900042,634,1244,-610
114900043,1515,520,995
114900044,103,39,64
114900046,67,262,-195
114900047,324,1637,-1313
114900048,99,401,-302
114900049,21,421,-400
114900050,21,1166,-1145
114900051,21,937,-916
114900052,106,336,-230
114900053,74,320,-246
114900054,39,244,-205
114900057,325,12,313
114900058,0,87,-87
114900059,57,54,3
114900060,1798,801,997
114900061,188,256,-68
114900062,303,505,-202
114900063,97,401,-304
114900064,1077,911,166
114900065,323,903,-580
114900067,45,526,-481
114900068,90,277,-187
114900069,265,277,-12
114900070,457,1162,-705
114900072,22,453,-431
114900073,5,261,-256
114900074,410,1732,-1322
114900075,189,8,181
114900076,4,494,-490
114900080,5257,569,4688
114900082,5293,1840,3453
114900083,1451,1366,85
114900090,279,258,21
114900091,271,303,-32
114900095,653,204,449
114900096,520,1015,-495
114900097,104,1,103
114900098,11,367,-356
114900099,114,6,108
115000001,13365,8314,5051
115000002,3855,3851,4
115000003,5489,6391,-902
115000004,3482,5618,-2136
115000005,1652,4342,-2690
115000006,677,1794,-1117
115000007,65,229,-164
115000008,556,610,-54
115000009,165,717,-552
115000010,351,183,168
115000013,103,232,-129
115000015,81,320,-239
115000016,346,384,-38
115000019,26,460,-434
115000020,229,523,-294
115000021,385,511,-126
115000022,636,545,91
115000023,321,552,-231
115000024,1745,713,1032
115000025,972,723,249
115000026,163,613,-450
115000027,260,389,-129
115000028,184,1102,-918
115000029,486,239,247
115000030,600,1338,-738
115000031,1064,474,590
115000032,6,300,-294
115000033,129,25,104
115000034,184,1347,-1163
115000035,1174,70,1104
115000036,2,482,-480
115000037,424,3,421
115000038,60,286,-226
115000039,4011,3016,995
115000040,9970,4861,5109
115000041,1216,3273,-2057
115000042,847,1125,-278
115000043,3311,4379,-1068
115000044,3715,6754,-3039
115000045,2045,3755,-1710
115000046,1644,4452,-2808
115000047,1700,3074,-1374
115000048,1620,3911,-2291
115000049,1889,4039,-2150
115000050,4087,2758,1329
115000051,3003,2890,113
115000052,5461,2997,2464
115000053,1823,2197,-374
115000054,994,2143,-1149
115000055,136,498,-362
115000056,173,329,-156
115000057,371,729,-358
115000058,110,151,-41
115000059,189,210,-21
115000061,210,107,103
115000062,213,454,-241
115000063,258,546,-288
115000064,182,251,-69
115000065,44,412,-368
115000067,266,37,229
115000069,93,302,-209
115000070,50,924,-874
115000071,106,15,91
115000072,26,88,-62
115000073,1632,36,1596
115000075,78,89,-11
115000076,5408,5087,321
115000077,1698,5789,-4091
115000078,991,3086,-2095
115000079,1387,3500,-2113
115000080,2119,4325,-2206
115000081,497,1352,-855
115000082,3523,4661,-1138
115000083,2579,5239,-2660
115000084,1733,2014,-281
115000085,758,1546,-788
115000086,956,1814,-858
115000087,613,2181,-1568
115000088,2635,1046,1589
115000089,2061,2044,17
115000090,1080,1103,-23
115000091,633,1671,-1038
115000092,354,494,-140
115000093,619,1,618
115000094,14813,6814,7999
115000095,10174,5718,4456
115000096,704,3705,-3001
115000097,767,1059,-292
115000098,899,1189,-290
115000099,2193,6635,-4442
115000100,809,924,-115
115000101,536,2321,-1785
115000102,420,271,149
115000103,490,1462,-972
115000105,64,349,-285
115000106,375,421,-46
115000107,208,972,-764
115000108,6235,3608,2627
115000109,9490,4034,5456
115000110,1542,1227,315
115000111,874,1955,-1081
115000112,779,897,-118
115000113,895,1199,-304
115000114,1852,1089,763
115000116,5239,2191,3048
115000117,6331,2985,3346
115000118,2256,2238,18
115000119,2027,2486,-459
115000120,742,1316,-574
115000121,1911,1228,683
115000122,4753,2386,2367
115000123,2845,2339,506
115000124,857,1225,-368
115000125,435,822,-387
115000126,195,323,-128
115000127,437,238,199
115000128,2003,1071,932
115000129,320,276,44
115000130,356,1762,-1406
115000131,575,309,266
115000132,217,1048,-831
115000133,435,532,-97
115000134,255,334,-79
115000135,339,372,-33
115000136,114,288,-174
115000137,83,252,-169
115000138,225,315,-90
115000139,229,388,-159
115000140,185,274,-89
115000141,175,506,-331
115000142,139,582,-443
115000143,397,693,-296
115000144,329,121,208
115000145,200,729,-529
115000146,310,309,1
115000147,450,838,-388
115000148,367,2448,-2081
115000149,468,349,119
115000150,840,2243,-1403
115000151,887,699,188
115000152,753,2734,-1981
115000153,1019,730,289
115000154,708,487,221
115000155,787,1906,-1119
115000156,1463,863,600
115000157,1370,1353,17
115000158,996,541,455
115000159,1067,740,327
115000160,888,966,-78
115000161,600,830,-230
115000162,753,610,143
115000163,1119,686,433
115000164,832,710,122
115000165,388,485,-97
115000167,165,103,62
115000168,707,267,440
115000169,889,396,493
115000170,166,177,-11
115000171,256,166,90
115000172,3321,784,2537
115000173,392,476,-84
115000174,136,281,-145
115000175,224,158,66
115000176,179,191,-12
115000177,119,192,-73
115000178,28,390,-362
115000179,25,45,-20
115000180,82,1173,-1091
115000181,497,231,266
115000182,594,631,-37
115000183,261,1730,-1469
115000186,652,371,281
115000187,247,1033,-786
115000188,489,825,-336
115000189,236,524,-288
115000190,1254,641,613
115000191,356,536,-180
115000194,230,194,36
115000195,375,359,16
115000196,92,220,-128
115000197,176,662,-486
115000198,220,473,-253
115000199,250,578,-328
115000200,362,157,205
115000201,159,711,-552
115000206,315,210,105
115000207,104,642,-538
115000208,1014,1040,-26
115000209,529,250,279
115000210,128,175,-47
115000211,264,394,-130
115000212,2436,399,2037
115000224,349,88,261
115000225,89,82,7
115000229,389,202,187
115000230,114,1051,-937
115000231,407,4362,-3955
115000232,1231,477,754
115000233,151,276,-125
115000234,19,364,-345
115000241,60,463,-403
115000242,118,496,-378
115000243,28,397,-369
115000244,8,138,-130
115000246,44,26,18
115000247,13,20,-7
115000248,19,25,-6
115000249,44,21,23
115000250,249,61,188
115000251,191,180,11
115000252,74,240,-166
115000253,13,381,-368
115000258,282,323,-41
115000259,453,247,206
115000261,29,30,-1
115000262,6,66,-60
115000263,25,66,-41
115000264,24,70,-46
115000267,77,120,-43
115000268,36,231,-195
115000269,119,93,26
115000270,10,27,-17
115000272,79,266,-187
115000273,439,48,391
115000280,2829,192,2637
115000281,881,447,434
115000282,2230,606,1624
115000284,375,165,210
115000296,959,15,944
115000297,254,109,145
115000298,84,291,-207
115000300,108,290,-182
115000302,410,353,57
115000303,710,206,504
115000304,660,117,543
115000305,78,2028,-1950
115000306,163,995,-832
115000307,82,487,-405
115000308,96,28,68
115000309,28,39,-11
115000310,963,1625,-662
115000311,643,2454,-1811
115000313,128,1472,-1344
115000314,386,114,272
115000315,1505,453,1052
115000316,62,95,-33
115000317,182,1236,-1054
115000318,640,369,271
115000319,50,402,-352
115000320,10,234,-224
115000321,432,5,427
115000322,44,434,-390
115000449,618,223,395
115000557,2,1045,-1043
115000558,234,106,128
115000587,427,537,-110
115000588,2789,6173,-3384
115000589,3281,3767,-486
115000590,943,2783,-1840
115000591,1298,1141,157
115000592,692,2557,-1865
115000593,1344,1124,220
115000594,985,2389,-1404
115000609,83,175,-92
115000617,3124,2639,485
115000624,161,135,26
115000633,453,2178,-1725
115000634,3319,1137,2182
115000635,430,150,280
115000638,2302,1018,1284
115000641,117,121,-4
115000642,433,310,123
115000643,109,764,-655
115000644,162,509,-347
115000646,816,1580,-764
115000647,217,684,-467
115000648,1304,2566,-1262
115000893,4103,1764,2339
115000894,124,1345,-1221
115000895,423,948,-525
115000896,1281,409,872
115000897,635,128,507
115000898,914,328,586
115000899,1348,1715,-367
115000900,148,645,-497
115000901,90,175,-85
115000912,300,111,189
115000913,0,105,-105
115000915,69,1,68
115000916,3,0,3
115000917,0,5,-5
115000918,107,313,-206
115000919,13,23,-10
115000920,65,58,7
115000921,2081,174,1907
115000922,1322,895,427
115000923,476,1017,-541
115000925,79,70,9
115000927,46,40,6
115000933,425,167,258
115000934,87,378,-291
115000935,116,155,-39
115000936,106,425,-319
115000937,1637,212,1425
115000938,107,282,-175
115000939,102,162,-60
115900001,48,163,-115
115900002,104,297,-193
115900003,143,206,-63
115900004,1,96,-95
115900005,163,4,159
115900006,138,921,-783
115900008,60,27,33
115900009,111,671,-560
115900010,196,367,-171
115900011,266,462,-196
115900012,116,169,-53
115900013,486,331,155
115900014,145,316,-171
115900015,46,217,-171
115900016,53,62,-9
115900017,7,0,7
115900018,222,180,42
115900019,1119,51,1068
115900020,13,0,13
115900021,2318,158,2160
115900022,4149,14,4135
115900023,3,3,0
115900025,82,378,-296
115900026,1110,523,587
115900027,1,706,-705
115900028,799,119,680
115900029,20,810,-790
115900030,34,62,-28
115900031,446,286,160
115900032,510,1478,-968
115900033,2,68,-66
115900034,54,980,-926
115900035,16,80,-64
115900036,635,571,64
115900037,49,761,-712
115900038,32,16,16
115900039,160,622,-462
115900041,602,506,96
115900042,14,3,11
115900043,103,254,-151
115900044,438,294,144
115900046,242,442,-200
115900047,113,120,-7
115900049,166,383,-217
115900051,1,87,-86
115900052,10,413,-403
115900053,202,527,-325
115900054,121,84,37
115900055,16,186,-170
115900056,183,634,-451
115900057,19,8,11
115900058,17,65,-48
115900060,76,286,-210
115900061,153,1,152
115900062,35,474,-439
115900063,31,18,13
115900064,195,407,-212
115900065,128,227,-99
115900066,322,300,22
115900067,15,1540,-1525
115900068,5050,468,4582
115900069,58,281,-223
115900070,192,435,-243
115900071,2,1178,-1176
115900072,72,332,-260
115900073,72,89,-17
115900074,2,510,-508
115900075,16,528,-512
115900076,2,154,-152
115900077,1,429,-428
115900078,25,199,-174
115900079,182,33,149
115900080,841,425,416
115900081,28,111,-83
115900082,203,243,-40
115900084,227,25,202
115900085,79,50,29
115900086,2861,778,2083
115900088,28,64,-36
115900089,193,1088,-895
115900090,241,37,204
115900091,9,46,-37
115900092,22,396,-374
115900093,9,28,-19
115900094,6,654,-648
115900096,7,22,-15
115900097,6,811,-805
115900098,167,947,-780
115900099,28,146,-118
115900100,16,1079,-1063
115900101,125,855,-730
115900102,53,145,-92
115900103,291,513,-222
115900104,73,279,-206
115900105,125,1354,-1229
115900106,41,48,-7
115900107,66,313,-247
115900108,48,55,-7
115900109,59,700,-641
115900110,3,17,-14
115900111,1,131,-130
115900112,66,1820,-1754
115900113,22,31,-9
115900114,4,265,-261
115900115,58,251,-193
115900116,100,1939,-1839
115900117,45,43,2
115900118,6,604,-598
115900119,150,144,6
115900120,42,907,-865
115900121,149,468,-319
115900124,262,588,-326
115900125,296,51,245
115900126,595,73,522
115900127,544,57,487
115900128,11,80,-69
115900129,579,44,535
115900130,52,256,-204
115900131,255,41,214
115900132,393,7,386
115900134,266,5,261
115900135,802,1037,-235
115900137,25,2,23
115900139,67,70,-3
115900140,204,42,162
115900141,7,55,-48
115900142,4,25,-21
115900143,202,524,-322
115900144,78,375,-297
115900146,7,263,-256
115900147,348,278,70
115900148,10,4,6
115900149,52,35,17
115900150,32,106,-74
115900151,13,146,-133
115900152,116,719,-603
115900153,124,469,-345
115900154,1269,365,904
115900155,0,138,-138
115900156,595,1005,-410
115900157,116,659,-543
115900158,55,13,42
115900159,101,430,-329
115900160,7,5,2
115900161,34,399,-365
115900163,132,209,-77
115900164,349,46,303
115900165,0,143,-143
115900166,259,512,-253
115900168,91,269,-178
115900171,145,749,-604
115900172,64,210,-146
115900173,203,185,18
115900174,631,253,378
115900175,98,271,-173
115900178,6,1160,-1154
115900179,182,14,168
115900180,43,730,-687
115900181,154,410,-256
115900182,295,502,-207
115900183,77,29,48
115900184,2083,18,2065
115900187,4,142,-138
115900189,1,160,-159
115900190,733,1371,-638
115900191,75,843,-768
115900192,28,97,-69
115900193,92,125,-33
115900194,443,69,374
115900195,733,1274,-541
115900198,290,385,-95
115900199,183,423,-240
115900200,285,506,-221
115900201,458,386,72
115900202,3,12,-9
115900203,4,7,-3
115900204,0,6,-6
115900205,36,14,22
115900206,141,261,-120
115900207,16,44,-28
115900208,129,688,-559
115900209,3,221,-218
115900210,4,224,-220
115900211,1,429,-428
115900212,132,396,-264
115900213,107,67,40
115900214,292,487,-195
115900215,49,77,-28
115900216,15,119,-104
115900217,1,134,-133
115900218,1,71,-70
115900219,85,8,77
115900220,84,9,75
115900221,46,16,30
115900222,57,36,21
115900223,11,164,-153
115900224,2714,541,2173
115900225,77,38,39
115900226,14,111,-97
115900227,4,91,-87
115900228,5,73,-68
115900229,6,58,-52
115900230,58,175,-117
115900231,107,4,103
115900232,42,1,41
115900233,46,18,28
115900234,57,31,26
115900235,9,25,-16
115900236,19,11,8
115900237,7,29,-22
115900238,6,18,-12
115900239,11,34,-23
115900240,7,95,-88
115900241,165,128,37
115900242,318,332,-14
115900243,22,11,11
115900244,3,22,-19
115900245,61,14,47
115900246,6,2,4
115900247,15,9,6
115900248,11,7,4
115900249,2,11,-9
115900250,9,24,-15
115900251,2,13,-11
115900252,1,2,-1
115900253,7,8,-1
115900254,15,39,-24
115900255,5,17,-12
115900256,10,13,-3
115900257,1,0,1
115900258,0,2,-2
115900259,3,1,2
115900260,7,0,7
115900261,4,1,3
115900262,0,0,0
115900263,6,1,5
115900264,1,3,-2
115900265,2,2,0
115900266,4,12,-8
115900267,6,3,3
115900268,1,2,-1
115900269,350,646,-296
115900270,355,1499,-1144
115900271,68,0,68
115900272,27,2,25
115900273,16,13,3
115900274,2,40,-38
115900275,10,76,-66
115900276,3,118,-115
115900277,7,281,-274
115900278,22,253,-231
115900279,8,241,-233
115900280,16,337,-321
115900281,886,124,762
115900282,21,9,12
115900283,6,13,-7
115900284,4,5,-1
116000001,24153,7724,16429
116000002,5199,9530,-4331
116000003,2155,3036,-881
116000004,3355,3110,245
116000005,3893,4799,-906
116000006,2998,1631,1367
116000007,4929,6978,-2049
116000008,4100,2241,1859
116000009,2334,3880,-1546
116000010,1762,1455,307
116000011,1097,2645,-1548
116000012,809,870,-61
116000013,26781,7015,19766
116000014,29612,12053,17559
116000015,748,1266,-518
116000016,12962,3529,9433
116000017,49,785,-736
116000018,1060,833,227
116000019,817,417,400
116000020,570,2340,-1770
116000021,460,388,72
116000022,316,836,-520
116000023,1025,763,262
116000024,834,2225,-1391
116000025,872,750,122
116000026,1694,3377,-1683
116000027,913,823,90
116000028,529,878,-349
116000029,1165,653,512
116000030,624,502,122
116000031,127,260,-133
116000032,490,283,207
116000033,399,780,-381
116000034,730,1206,-476
116000035,511,727,-216
116000036,2913,786,2127
116000037,956,877,79
116000038,928,463,465
116000039,802,323,479
116000040,1845,291,1554
116000041,377,658,-281
116000042,601,272,329
116000043,73,712,-639
116000044,44,249,-205
116000045,2156,1470,686
116000046,1605,1289,316
116000047,2748,2477,271
116000048,2616,2023,593
116000049,1139,2616,-1477
116000050,1540,1772,-232
116000051,4332,2606,1726
116000052,4426,4737,-311
116000053,2053,1529,524
116000054,1024,2786,-1762
116000055,617,1771,-1154
116000056,738,1476,-738
116000057,3755,2555,1200
116000058,3947,2518,1429
116000059,3196,5427,-2231
116000060,3425,1237,2188
116000061,634,1038,-404
116000062,958,309,649
116000063,623,1309,-686
116000066,266,660,-394
116000067,323,947,-624
116000068,245,363,-118
116000069,414,604,-190
116000078,344,1494,-1150
116000080,1516,1402,114
116000082,11,219,-208
116000083,1234,524,710
116000084,3514,5720,-2206
116000085,1901,1579,322
116000086,3567,1826,1741
116000087,1268,1656,-388
116000088,1264,2249,-985
116000089,159,209,-50
116000090,138,192,-54
116000091,249,127,122
116000093,664,2357,-1693
116000094,440,1049,-609
116000095,539,1875,-1336
116000096,802,1576,-774
116000097,573,1679,-1106
116000098,737,5279,-4542
116000099,18536,785,17751
116000100,154,15,139
116000101,569,2767,-2198
116000102,282,2359,-2077
116000103,421,341,80
116000104,128,3007,-2879
116000105,739,253,486
116000106,344,2165,-1821
116000107,1723,722,1001
116000108,156,274,-118
116000111,155,19,136
116000113,103,134,-31
116000114,22,229,-207
116000115,281,145,136
116000116,262,876,-614
116000117,1346,3379,-2033
116000118,1273,2570,-1297
116000119,2535,2664,-129
116000120,3378,7168,-3790
116000121,676,664,12
116000122,1744,3934,-2190
116000123,617,790,-173
116000124,372,1871,-1499
116000125,2322,923,1399
116000126,387,2161,-1774
116000127,1486,2697,-1211
116000128,1520,1291,229
116000129,861,253,608
116000130,379,404,-25
116000133,588,1462,-874
116000134,1736,4946,-3210
116000135,1664,1946,-282
116000136,1115,4058,-2943
116000137,777,757,20
116000138,1375,598,777
116000139,1955,2999,-1044
116000140,184,328,-144
116000141,430,1702,-1272
116000142,5348,5593,-245
116000143,2226,2050,176
116000144,1290,4422,-3132
116000145,1715,2209,-494
116000146,359,666,-307
116000147,357,186,171
116000148,460,531,-71
116000149,446,736,-290
116000151,650,1567,-917
116000153,92,854,-762
116000155,332,386,-54
116000156,862,2925,-2063
116000157,64,43,21
116000158,525,457,68
116000159,18,22,-4
116000160,29,244,-215
116000161,17,191,-174
116000162,92,99,-7
116000163,23,10,13
116000164,8,27,-19
116000177,208,159,49
116000194,84,600,-516
116000195,2431,864,1567
116000196,11,11,0
116000197,6,18,-12
116000198,2694,1307,1387
116000200,1134,345,789
116000201,776,849,-73
116000202,12,577,-565
116000203,5,101,-96
116000204,17,59,-42
116000205,0,191,-191
116000206,0,103,-103
116000207,4,46,-42
116000233,219,1496,-1277
116000287,110,863,-753
116000288,124,469,-345
116000292,63,320,-257
116000296,16,487,-471
116000297,58,5,53
116000304,57,76,-19
116000305,33,180,-147
116000346,260,344,-84
116000352,88,82,6
116000354,70,39,31
116000357,25,8,17
116000358,247,42,205
116000361,196,3,193
116000372,15434,4003,11431
116000381,113,1,112
116000388,0,43,-43
116000389,642,946,-304
116000445,316,1005,-689
116000446,460,2105,-1645
116000447,22,592,-570
116000448,841,483,358
116000563,1167,1005,162
116000565,197,585,-388
116000568,56,298,-242
116000579,31,186,-155
116000584,33,44,-11
116000585,19,26,-7
116000586,275,125,150
116000587,634,904,-270
116000589,20,119,-99
116000590,54,135,-81
116000591,146,536,-390
116000592,14,191,-177
116000593,1,128,-127
116000594,432,845,-413
116000595,800,240,560
116000596,71,11,60
116000597,240,84,156
116000598,29,331,-302
116000602,61,495,-434
116000605,464,337,127
116000606,44,213,-169
116000607,9,144,-135
116000609,335,941,-606
116000611,137,745,-608
116000612,662,2375,-1713
116000613,557,532,25
116000614,641,1368,-727
116000615,1,195,-194
116000616,45,217,-172
116000617,73,173,-100
116000618,4,282,-278
116000619,17,54,-37
116000620,47,66,-19
116000621,31,123,-92
116000622,32,164,-132
116000624,89,98,-9
116000627,24,134,-110
116000628,40,2305,-2265
116000629,26,1292,-1266
116000630,255,360,-105
116000631,110,243,-133
116000632,316,913,-597
116000633,44,1374,-1330
116000634,289,30,259
116000635,3719,2142,1577
116000636,2434,1280,1154
116000637,230,19,211
116000638,18,891,-873
116900001,177,187,-10
116900002,451,9,442
116900003,24,99,-75
116900004,33,58,-25
116900005,208,103,105
116900006,322,188,134
116900007,102,261,-159
116900008,298,843,-545
116900009,27,1,26
116900010,10,3459,-3449
116900011,11,76,-65
116900012,180,293,-113
116900013,16,279,-263
116900014,43,567,-524
116900015,272,134,138
116900016,159,3,156
116900017,3,1382,-1379
116900018,103,74,29
116900019,7,787,-780
116900020,3074,624,2450
116900023,67,22,45
116900024,348,154,194
116900025,593,1774,-1181
116900026,347,1433,-1086
116900027,26,114,-88
116900028,4,212,-208
116900029,1,27,-26
116900031,0,10,-10
116900032,13,747,-734
116900033,12,16,-4
116900034,6,106,-100
116900035,110,445,-335
116900036,2,157,-155
116900038,16,3,13
116900041,40,30,10
116900042,1542,372,1170
116900043,16,156,-140
116900047,158,58,100
116900049,63,488,-425
116900050,101,1010,-909
116900051,101,587,-486
116900052,167,137,30
116900055,0,11,-11
116900057,27,516,-489
116900058,26,819,-793
116900059,1,450,-449
116900060,356,353,3
116900062,1,4,-3
116900064,83,1930,-1847
116900065,8,253,-245
116900067,93,283,-190
116900068,120,463,-343
116900070,0,3,-3
116900072,17,813,-796
116900073,9,375,-366
116900074,12,83,-71
116900076,9,45,-36
116900077,8,423,-415
116900078,341,234,107
116900079,21,802,-781
116900080,12,34,-22
116900081,345,2819,-2474
116900082,279,1207,-928
116900083,77,126,-49
116900084,250,91,159
116900085,30,259,-229
116900086,39,434,-395
116900088,710,104,606
116900090,150,91,59
116900091,243,135,108
116900092,94,1619,-1525
116900093,2208,3102,-894
116900094,8864,3418,5446
116900095,415,301,114
116900096,130,264,-134
116900097,7526,2626,4900
116900098,1002,348,654
116900099,863,884,-21
116900100,599,29,570
116900101,366,1082,-716
116900103,4,0,4
116900104,25,137,-112
116900105,312,98,214
116900106,1219,676,543
116900107,7577,1984,5593
116900110,6,0,6
116900111,317,2138,-1821
116900112,160,2250,-2090
116900113,6272,1289,4983
116900116,125,362,-237
116900117,42,165,-123
116900118,1422,944,478
116900120,157,282,-125
116900121,45,95,-50
116900122,512,1391,-879
116900123,134,1600,-1466
116900124,174,1960,-1786
116900125,270,460,-190
116900126,550,709,-159
116900128,2,67,-65
116900129,1,512,-511
116900130,1818,2774,-956
116900131,86,280,-194
116900132,39,100,-61
116900133,105,143,-38
116900134,268,287,-19
116900136,186,251,-65
116900137,363,276,87
116900138,160,343,-183
116900139,95,610,-515
116900140,138,206,-68
116900141,545,356,189
116900142,2,60,-58
116900143,216,604,-388
116900144,33,80,-47
116900145,125,569,-444
116900147,955,403,552
116900148,1,42,-41
116900149,44,190,-146
116900150,17,6,11
116900151,116,27,89
116900153,85,110,-25
116900154,710,390,320
116900155,103,77,26
116900157,424,530,-106
116900158,99,203,-104
116900159,37,328,-291
116900160,920,306,614
116900161,15170,5806,9364
116900162,19,242,-223
116900163,139,294,-155
116900164,55,65,-10
116900165,245,179,66
116900166,11,154,-143
116900167,400,100,300
116900168,241,125,116
116900169,1140,331,809
116900170,214,407,-193
116900171,30,431,-401
116900172,330,162,168
116900173,123,96,27
116900174,34,26,8
116900175,370,121,249
116900178,21,327,-306
116900179,117,198,-81
116900180,85,57,28
116900182,455,274,181
116900183,145,161,-16
116900185,29,17,12
116900186,107,585,-478
116900187,25,34,-9
116900188,171,40,131
116900189,24,0,24
116900191,394,593,-199
116900192,214,391,-177
116900194,132,805,-673
116900195,21,23,-2
116900196,25,153,-128
116900197,91,6,85
116900198,348,168,180
116900200,30,39,-9
116900201,78,4,74
116900202,149,70,79
116900203,149,2,147
116900204,49,104,-55
116900206,17,56,-39
116900207,34,41,-7
116900208,14,249,-235
116900209,19,252,-233
116900210,440,265,175
116900211,332,10,322
116900212,27,176,-149
116900213,188,392,-204
116900214,109,185,-76
116900215,70,153,-83
116900216,353,492,-139
116900218,7,556,-549
116900219,1055,450,605
116900220,109,279,-170
116900221,61,363,-302
116900222,379,378,1
116900223,115,245,-130
116900226,49,130,-81
116900227,157,143,14
116900228,260,451,-191
116900230,59,704,-645
116900231,48,927,-879
116900232,13,1178,-1165
116900233,240,128,112
116900234,12,12,0
116900235,186,496,-310
116900238,2121,678,1443
116900239,41,1057,-1016
116900240,11599,3647,7952
116900241,48,618,-570
116900242,646,447,199
116900243,6,72,-66
116900245,30,12,18
116900246,68,11,57
116900247,439,32,407
116900248,67,50,17
116900249,235,248,-13
116900250,258,49,209
116900251,704,408,296
116900252,69,1906,-1837
116900253,118,187,-69
116900254,32,182,-150
116900255,84,50,34
116900256,265,165,100
116900257,26,1188,-1162
116900258,7,481,-474
116900259,107,4,103
116900260,4,213,-209
116900261,32,5,27
116900262,112,172,-60
116900263,0,16,-16
116900264,0,10,-10
116900265,25,0,25
116900266,12,129,-117
116900267,2,1,1
116900268,44,13,31
116900269,290,778,-488
116900271,2601,156,2445
116900272,539,1074,-535
116900273,454,106,348
116900274,107,192,-85
116900275,101,270,-169
116900276,2716,103,2613
116900277,1114,16,1098
116900278,2,38,-36
116900279,0,20,-20
116900280,16,78,-62
116900281,14156,3583,10573
116900282,4,421,-417
116900283,32,361,-329
116900284,23,397,-374
116900285,612,420,192
116900286,305,21,284
116900287,9,180,-171
116900288,42,236,-194
116900289,14,61,-47
116900290,3,81,-78
116900291,12,19,-7
116900292,0,7,-7
116900293,25,123,-98
116900294,41,231,-190
116900295,364,66,298
116900296,88,118,-30
116900297,10,165,-155
116900298,207,48,159
116900299,38,64,-26
116900300,6,229,-223
116900301,114,159,-45
116900302,99,89,10
116900303,860,87,773
116900304,0,188,-188
116900305,35,86,-51
116900306,77,298,-221
117000001,1903,1824,79
117000002,2714,7165,-4451
117000003,10427,3824,6603
117000004,7185,9818,-2633
117000005,2310,2080,230
117000006,1771,7416,-5645
117000007,3576,1627,1949
117000008,2069,8814,-6745
117000009,5412,2329,3083
117000010,4009,8513,-4504
117000011,1998,2805,-807
117000012,1595,3343,-1748
117000013,1696,1837,-141
117000014,1383,4322,-2939
117000015,4617,1673,2944
117000016,889,48,841
117000017,815,334,481
117000018,297,454,-157
117000019,417,2,415
117000020,1244,1589,-345
117000021,5001,789,4212
117000022,1002,74,928
117000023,1172,189,983
117000024,1157,188,969
117000025,1958,787,1171
117000026,6338,954,5384
117000027,4471,2445,2026
117000028,5520,1459,4061
117000030,1074,1092,-18
117000031,465,335,130
117000032,2806,2008,798
117000033,1823,1219,604
117000034,509,657,-148
117000035,346,318,28
117000036,614,658,-44
117000037,440,271,169
117000038,592,1069,-477
117000039,530,443,87
117000040,198,2588,-2390
117000041,567,203,364
117000044,48,2266,-2218
117000045,406,57,349
117000046,824,1158,-334
117000047,901,589,312
117000048,3579,3003,576
117000049,185,686,-501
117000050,180,4290,-4110
117000051,1900,204,1696
117000052,21,1023,-1002
117000053,251,122,129
117000054,1465,7,1458
117000055,34,6442,-6408
117000056,528,34,494
117000057,940,4180,-3240
117000060,536,2629,-2093
117000061,1850,1257,593
117000062,252,987,-735
117000063,2203,1031,1172
117000064,1334,1804,-470
117000066,1758,1152,606
117000067,315,493,-178
117000074,232,299,-67
117000076,134,63,71
117000077,151,149,2
117000078,164,1254,-1090
117000079,289,359,-70
117000080,2,627,-625
117000081,1024,183,841
117000082,40,95,-55
117000083,114,19,95
117000084,434,5,429
117000085,220,885,-665
117000086,1464,991,473
117000087,130,945,-815
117000088,327,342,-15
117000089,1591,465,1126
117000090,332,2874,-2542
117000091,663,366,297
117000092,493,2777,-2284
117000093,1186,946,240
117000094,1245,4658,-3413
117000095,2899,1071,1828
117000096,758,4838,-4080
117000097,1266,1547,-281
117000098,4185,9937,-5752
117000099,3162,1314,1848
117000100,249,310,-61
117000101,335,2363,-2028
117000102,1619,876,743
117000103,1284,3558,-2274
117000104,1548,841,707
117000105,1398,3416,-2018
117000106,1413,1368,45
117000107,762,3805,-3043
117000108,1599,1183,416
117000109,2969,5014,-2045
117000110,1554,1156,398
117000111,5316,8079,-2763
117000112,3490,3372,118
117000113,144,677,-533
117000114,188,310,-122
117000115,97,375,-278
117000116,137,441,-304
117000117,2371,691,1680
117000118,561,224,337
117000119,510,111,399
117000120,635,309,326
117000121,279,1127,-848
117000122,987,1421,-434
117000123,3177,28,3149
117000124,1316,80,1236
117000125,990,153,837
117000126,97,73,24
117000127,380,613,-233
117000128,767,1244,-477
117000129,1120,471,649
117000130,162,1,161
117000131,2,411,-409
117000132,1885,49,1836
117000133,1064,187,877
117000134,9,103,-94
117000135,5,36,-31
117000136,4,52,-48
117000137,105,74,31
117000138,3,984,-981
117000140,813,2843,-2030
117000141,2027,846,1181
117000181,2284,957,1327
117000182,355,347,8
117000195,272,2327,-2055
117000196,145,105,40
117000225,461,7,454
117000226,24,161,-137
117000276,180,13,167
117000277,5,1133,-1128
117000310,3883,4365,-482
117000315,37,1525,-1488
117000320,131,1,130
117000906,240,29,211
117000907,22,865,-843
117000908,216,33,183
117000909,82,28,54
117000910,194,236,-42
117000911,130,279,-149
117000915,15,1241,-1226
117000916,25,9,16
117000917,898,26,872
117000918,34,113,-79
117000919,8,284,-276
117000920,18,2710,-2692
117000921,10,3214,-3204
117000922,120,254,-134
117000924,542,921,-379
117000926,1887,122,1765
117000927,2800,708,2092
117000928,0,667,-667
117000929,167,1248,-1081
117000930,118,25,93
117000931,720,194,526
117900002,287,563,-276
117900003,1327,845,482
117900005,4,21,-17
117900006,0,47,-47
117900007,162,298,-136
117900008,1,99,-98
117900010,475,211,264
117900011,67,18,49
117900012,54,304,-250
117900013,3,813,-810
117900014,892,419,473
117900015,68,394,-326
117900016,2844,775,2069
117900017,732,829,-97
117900018,470,71,399
117900019,363,898,-535
117900020,75,370,-295
117900021,57,234,-177
117900022,82,23,59
117900023,1111,579,532
117900024,128,285,-157
117900025,48,11,37
117900026,381,889,-508
117900028,125,8,117
117900029,256,2136,-1880
117900030,400,275,125
117900031,507,197,310
117900032,710,631,79
117900033,192,1530,-1338
117900034,83,101,-18
117900035,154,95,59
117900036,188,1226,-1038
117900037,92,217,-125
117900038,43,659,-616
117900039,7,155,-148
117900040,153,1204,-1051
117900041,9,93,-84
117900042,8024,838,7186
117900043,52,108,-56
117900044,79,4515,-4436
117900045,220,199,21
117900048,159,529,-370
117900049,139,1477,-1338
117900050,36,122,-86
117900051,50,13,37
117900052,97,454,-357
117900053,1180,1072,108
117900054,2,25,-23
117900055,255,340,-85
117900056,584,63,521
117900057,1058,1819,-761
117900058,267,14,253
117900059,712,84,628
117900060,1313,8524,-7211
117900061,18,389,-371
117900063,326,361,-35
117900065,945,1960,-1015
117900066,18,65,-47
117900067,410,588,-178
117900069,721,873,-152
117900070,451,8,443
117900071,140,234,-94
117900073,401,854,-453
117900074,342,9,333
117900075,87,119,-32
117900076,28,92,-64
117900077,223,183,40
117900078,255,614,-359
117900080,367,68,299
117900081,633,789,-156
117900082,414,336,78
117900083,337,1382,-1045
117900086,162,44,118
117900087,75,73,2
117900088,3835,3745,90
117900089,1529,530,999
117900090,497,1714,-1217
117900091,324,229,95
117900092,79,70,9
117900093,48,115,-67
117900094,32,18,14
117900095,540,1096,-556
117900096,60,310,-250
117900097,234,141,93
117900098,27,5,22
117900099,185,879,-694
117900100,147,2,145
117900101,619,1312,-693
117900102,60,69,-9
117900103,32,0,32
117900104,15,240,-225
117900105,185,465,-280
117900106,85,97,-12
117900107,16,0,16
117900109,513,371,142
117900110,67,1,66
117900111,301,9,292
117900112,67,25,42
117900113,8837,3077,5760
117900114,8,0,8
117900115,498,122,376
117900116,1217,1707,-490
117900117,413,616,-203
117900118,36,0,36
117900119,90,607,-517
117900120,123,354,-231
117900121,65,62,3
117900122,1814,2352,-538
117900123,1145,1257,-112
117900124,680,1055,-375
117900125,1640,1404,236
117900126,331,1047,-716
117900127,509,1251,-742
117900128,279,1907,-1628
117900129,43,1,42
117900130,1029,652,377
117900131,4,174,-170
117900132,10,124,-114
117900133,18,219,-201
117900134,74,491,-417
117900135,42,400,-358
117900136,0,81,-81
117900137,30,576,-546
117900138,0,60,-60
117900139,52,311,-259
117900140,8927,289,8638
117900141,465,488,-23
117900142,115,24,91
117900144,180,185,-5
117900145,98,12,86
117900146,324,163,161
117900147,138,118,20
117900148,5462,1254,4208
117900149,41,321,-280
117900150,28,170,-142
117900151,92,294,-202
117900152,144,204,-60
117900153,46,198,-152
117900154,519,1403,-884
117900156,1250,1646,-396
117900157,118,629,-511
117900158,134,168,-34
117900160,519,484,35
117900161,3676,4555,-879
117900162,368,704,-336
117900163,227,25,202
117900165,0,16,-16
117900166,140,391,-251
117900168,41,262,-221
117900169,1,209,-208
117900170,2,60,-58
117900171,9,31,-22
117900172,19,66,-47
117900173,220,74,146
117900174,34,90,-56
117900175,3,73,-70
117900176,4,77,-73
117900177,11,88,-77
117900178,113,66,47
117900180,475,64,411
117900181,303,376,-73
117900182,2,25,-23
117900183,52,211,-159
117900184,16,43,-27
117900185,15,47,-32
117900186,69,28,41
117900187,17,26,-9
117900188,275,35,240
117900189,79,22,57
117900190,13,1,12
117900191,74,2,72
117900192,218,1,217
117900193,0,68,-68
117900194,20,7,13
117900195,23,73,-50
117900196,12,41,-29
117900207,190,143,47
117900208,18,49,-31
117900209,196,283,-87
117900210,181,335,-154
117900211,19,417,-398
117900212,86,274,-188
117900213,32,24,8
117900214,3,92,-89
117900215,26,99,-73
117900216,69,21,48
117900217,233,184,49
117900218,477,341,136
117900219,12,90,-78
117900220,342,132,210
117900222,218,460,-242
117900223,194,345,-151
118000001,982,805,177
118000002,1428,2605,-1177
118000003,3027,2251,776
118000004,3472,2235,1237
118000005,7567,5164,2403
118000006,10230,11283,-1053
118000007,8863,3285,5578
118000008,6561,3837,2724
118000009,3221,4251,-1030
118000010,5242,5887,-645
118000011,1253,4587,-3334
118000012,1233,4745,-3512
118000013,5177,4782,395
118000014,2254,4875,-2621
118000016,246,561,-315
118000017,297,493,-196
118000018,277,682,-405
118000019,2715,1699,1016
118000020,2043,2429,-386
118000021,887,3091,-2204
118000022,2504,985,1519
118000023,1218,398,820
118000024,2545,1212,1333
118000027,25217,11826,13391
118000029,1656,841,815
118000032,2086,4209,-2123
118000033,3322,4102,-780
118000034,7261,2811,4450
118000035,1836,2629,-793
118000036,1469,1259,210
118000037,808,1456,-648
118000038,109,181,-72
118000039,90,517,-427
118000040,1487,3282,-1795
118000041,2461,2266,195
118000045,942,184,758
118000046,2701,633,2068
118000047,2332,577,1755
118000048,5079,1590,3489
118000051,2599,1799,800
118000052,1726,1085,641
118000053,1032,800,232
118000054,2454,2131,323
118000055,1738,2648,-910
118000056,238,656,-418
118000057,218,472,-254
118000058,5131,2434,2697
118000059,3499,1281,2218
118000060,976,1072,-96
118000061,864,2171,-1307
118000062,649,482,167
118000063,311,831,-520
118000064,1313,1854,-541
118000065,6233,2667,3566
118000066,1642,2044,-402
118000067,1313,791,522
118000068,2460,5357,-2897
118000069,4320,1650,2670
118000070,9818,2139,7679
118000071,4902,8075,-3173
118000072,2847,1160,1687
118000073,3249,552,2697
118000074,603,530,73
118000075,671,312,359
118000076,1865,1619,246
118000077,1632,1591,41
118000078,2498,2127,371
118000079,462,477,-15
118000080,1396,1273,123
118000081,2312,1160,1152
118000082,400,1134,-734
118000083,3473,1802,1671
118000084,3522,2054,1468
118000086,300,684,-384
118000087,10117,3588,6529
118000088,2272,2550,-278
118000089,6348,3067,3281
118000090,2921,3710,-789
118000091,2850,2888,-38
118000092,2015,637,1378
118000093,169,1037,-868
118000096,711,773,-62
118000097,929,886,43
118000098,259,329,-70
118000099,421,1342,-921
118000101,1058,407,651
118000102,320,1860,-1540
118000107,6430,712,5718
118000108,1022,2069,-1047
118000110,2,50,-48
118000111,8,1106,-1098
118000112,255,2,253
118000113,12,1991,-1979
118000114,296,14,282
118000115,29,14,15
118000116,64,2,62
118000117,1589,1537,52
118000118,1128,792,336
118000119,1013,1580,-567
118000120,2252,2526,-274
118000121,177,819,-642
118000122,1681,418,1263
118000123,79,420,-341
118000125,2560,1747,813
118000126,1051,1668,-617
118000127,2716,924,1792
118000128,903,1757,-854
118000129,996,323,673
118000130,3680,5644,-1964
118000131,691,1308,-617
118000132,2080,1682,398
118000133,989,552,437
118000135,914,521,393
118000136,127,811,-684
118000137,1161,150,1011
118000138,333,1527,-1194
118000139,338,197,141
118000140,2988,4436,-1448
118000141,1994,2633,-639
118000142,1488,2775,-1287
118000143,1862,1482,380
118000144,2113,1381,732
118000145,1585,3594,-2009
118000146,1114,1756,-642
118000147,808,2252,-1444
118000148,377,1949,-1572
118000149,794,1931,-1137
118000150,424,391,33
118000151,381,593,-212
118000153,1041,1854,-813
118000154,907,2445,-1538
118000155,944,1914,-970
118000156,3977,3505,472
118000157,699,652,47
118000158,129,620,-491
118000159,17,101,-84
118000160,525,586,-61
118000161,446,1078,-632
118000162,1174,1272,-98
118000163,619,1017,-398
118000164,3460,1989,1471
118000168,2436,533,1903
118000169,1301,2311,-1010
118000170,4728,9220,-4492
118000171,295,958,-663
118000172,117,459,-342
118000173,1066,1825,-759
118000175,277,491,-214
118000176,246,491,-245
118000177,198,664,-466
118000178,178,55,123
118000179,2171,1113,1058
118000180,1068,1053,15
118000181,1093,387,706
118000182,338,363,-25
118000183,273,347,-74
118000184,632,1500,-868
118000185,1407,1080,327
118000186,789,994,-205
118000187,1270,1091,179
118000188,654,390,264
118000189,465,1512,-1047
118000190,18,20,-2
118000191,25,98,-73
118000192,27,158,-131
118000193,46,397,-351
118000194,2784,1265,1519
118000195,1172,781,391
118000196,666,160,506
118000197,307,113,194
118000198,815,705,110
118000199,975,485,490
118000200,156,501,-345
118000201,646,652,-6
118000202,92,99,-7
118000203,1558,476,1082
118000204,207,379,-172
118000205,405,513,-108
118000206,223,305,-82
118000207,1,246,-245
118000208,1192,2109,-917
118000209,1956,2709,-753
118000210,45,50,-5
118000211,20,51,-31
118000213,1286,1713,-427
118000214,879,604,275
118000215,208,420,-212
118000216,2660,5249,-2589
118000217,27,174,-147
118000218,55,160,-105
118000219,499,635,-136
118000220,7,45,-38
118000221,121,354,-233
118000222,83,29,54
118000223,36,56,-20
118000224,388,130,258
118000225,130,1745,-1615
118000226,1229,216,1013
118000227,1129,456,673
118000228,201,221,-20
118000229,271,77,194
118000230,143,459,-316
118000231,93,445,-352
118000232,695,1672,-977
118000233,902,1307,-405
118000234,326,481,-155
118000236,464,794,-330
118000237,79,934,-855
118000238,183,633,-450
118000239,280,449,-169
118000240,904,134,770
118000241,99,413,-314
118000242,327,1032,-705
118000243,203,337,-134
118000244,48,300,-252
118000246,0,7,-7
118000255,52,271,-219
118000256,107,299,-192
118000259,8,85,-77
118000260,167,212,-45
118000261,62,201,-139
118000263,95,394,-299
118000266,115,821,-706
118000267,0,115,-115
118000268,514,3,511
118000270,47,65,-18
118000271,148,315,-167
118000272,88,42,46
118000273,148,154,-6
118000274,119,573,-454
118000276,370,642,-272
118000295,3,137,-134
118000298,235,661,-426
118000299,70,276,-206
118000301,2,113,-111
118000302,75,148,-73
118000311,314,180,134
118000312,211,297,-86
118000313,66,327,-261
118000314,78,173,-95
118000315,44,136,-92
118000316,600,913,-313
118000325,50,101,-51
118000326,37,54,-17
118000331,25,103,-78
118000332,25,77,-52
118000333,16,82,-66
118000335,172,0,172
118000336,3,638,-635
118000407,125,71,54
118000457,18,28,-10
118000465,5032,4851,181
118000480,23,290,-267
118000489,22,234,-212
118000490,26,606,-580
118000492,231,392,-161
118000510,66,23,43
118000514,252,617,-365
118000515,986,676,310
118000517,578,284,294
118000524,1053,278,775
118000525,1066,1330,-264
118000530,17,178,-161
118000531,232,447,-215
118000532,187,420,-233
118000533,461,192,269
118000534,639,541,98
118000535,205,169,36
118000536,1628,1949,-321
118000537,36,182,-146
118000538,19,235,-216
118000539,15,96,-81
118000540,425,517,-92
118000541,283,191,92
118000542,148,291,-143
118000543,394,414,-20
118000546,37,50,-13
118000553,0,2,-2
118000557,0,0,0
118000560,5260,1617,3643
118000562,31,822,-791
118000563,2787,1767,1020
118000576,170,273,-103
118000577,190,170,20
118000578,131,135,-4
118000579,1153,1372,-219
118000583,0,0,0
118000595,179,118,61
118000596,0,126,-126
118000597,111,184,-73
118000598,5,0,5
118000599,17,87,-70
118000600,5,30,-25
118000601,3,0,3
118000602,0,23,-23
118000603,2,95,-93
118900001,2015,1385,630
118900002,1707,858,849
118900003,249,52,197
118900004,29,106,-77
118900005,75,8,67
118900006,90,6,84
118900007,11,15,-4
118900008,1687,82,1605
118900009,44,29,15
118900010,68,5,63
118900011,290,67,223
118900012,432,379,53
118900013,1074,91,983
118900015,231,61,170
118900016,6,59,-53
118900017,214,341,-127
118900018,2048,46,2002
118900019,67,12,55
118900020,204,171,33
118900021,172,605,-433
118900022,127,159,-32
118900023,149,167,-18
118900024,104,339,-235
118900025,86,43,43
118900026,45,124,-79
118900027,681,383,298
118900028,137,244,-107
118900029,203,907,-704
118900030,198,100,98
118900031,121,200,-79
118900032,188,282,-94
118900033,555,1328,-773
118900034,116,11,105
118900035,165,408,-243
118900036,984,1224,-240
118900037,398,420,-22
118900038,390,424,-34
118900039,493,377,116
118900040,187,265,-78
118900041,371,297,74
118900042,153,138,15
118900045,337,249,88
118900046,1052,264,788
118900047,1294,319,975
118900048,336,232,104
118900049,119,52,67
118900050,13,217,-204
118900051,79,83,-4
118900052,344,518,-174
118900053,41,156,-115
118900054,126,185,-59
118900055,42,138,-96
118900056,32,332,-300
118900057,519,446,73
118900058,403,739,-336
118900059,13,149,-136
118900060,68,228,-160
118900062,141,313,-172
118900064,879,722,157
118900065,43,220,-177
118900066,66,207,-141
118900067,8388,3137,5251
118900068,6,387,-381
118900069,434,386,48
118900071,4,89,-85
118900072,566,582,-16
118900073,71,208,-137
118900074,115,310,-195
118900075,66,144,-78
118900076,306,133,173
118900077,188,312,-124
118900078,31,10,21
118900079,69,300,-231
118900080,22,146,-124
118900081,65,34,31
118900082,754,330,424
118900083,25,18,7
118900084,10,40,-30
118900085,637,1456,-819
118900086,29,90,-61
118900087,14,257,-243
118900088,0,22,-22
118900089,20,26,-6
118900090,419,654,-235
118900091,273,257,16
118900092,107,148,-41
118900093,175,20,155
118900096,60,17,43
118900097,239,1509,-1270
118900099,71,869,-798
118900100,207,405,-198
118900101,99,1015,-916
118900102,21,74,-53
118900103,78,127,-49
118900104,194,301,-107
118900105,206,157,49
118900107,245,121,124
118900108,68,134,-66
118900110,2647,810,1837
118900111,360,1089,-729
118900112,87,193,-106
118900113,98,1281,-1183
118900114,32,195,-163
118900115,132,788,-656
118900116,168,210,-42
118900117,85,237,-152
118900118,263,785,-522
118900119,136,445,-309
118900120,84,394,-310
118900121,14,573,-559
118900122,12,820,-808
118900123,171,330,-159
118900124,98,245,-147
118900126,30,395,-365
118900129,387,275,112
118900130,71,224,-153
118900131,133,381,-248
118900132,459,273,186
118900133,24,108,-84
118900135,205,282,-77
118900136,211,1297,-1086
118900137,11,33,-22
118900139,178,1204,-1026
118900140,414,1237,-823
118900141,91,480,-389
118900144,161,849,-688
118900145,25,330,-305
118900146,291,1328,-1037
118900147,255,125,130
118900148,55,112,-57
118900150,149,552,-403
118900152,494,1439,-945
118900157,171,261,-90
118900158,45,195,-150
118900159,1,444,-443
118900161,141,12,129
118900163,544,111,433
118900164,4,180,-176
118900165,44,409,-365
118900166,102,11,91
118900167,43,267,-224
118900168,7,93,-86
118900169,110,731,-621
118900170,99,235,-136
118900171,22,42,-20
118900174,53,126,-73
118900175,298,562,-264
118900176,117,301,-184
118900177,44,76,-32
118900178,50,179,-129
118900179,4,55,-51
118900181,56,239,-183
118900182,160,63,97
118900183,12,85,-73
118900184,261,111,150
118900185,88,168,-80
118900186,81,134,-53
118900187,203,549,-346
118900188,232,458,-226
118900189,19,665,-646
118900190,18,1110,-1092
118900191,171,93,78
118900192,219,63,156
118900193,260,17,243
118900195,570,1738,-1168
118900196,44,275,-231
118900197,136,202,-66
118900198,8,76,-68
118900199,35,86,-51
118900200,11,10,1
118900201,17,10,7
118900202,7,78,-71
118900203,6,70,-64
118900204,15,58,-43
118900205,15,33,-18
118900206,6,54,-48
119000001,1393,2418,-1025
119000002,3240,5927,-2687
119000003,2158,2470,-312
119000004,2305,2202,103
119000005,2377,2852,-475
119000006,2196,2261,-65
119000007,3312,4032,-720
119000008,1836,3032,-1196
119000009,4436,4063,373
119000010,11365,5297,6068
119000011,7807,3310,4497
119000012,6127,4286,1841
119000013,2425,1536,889
119000014,2851,4451,-1600
119000019,307,272,35
119000020,1386,1985,-599
119000021,3669,2962,707
119000022,6174,2492,3682
119000023,327,368,-41
119000024,2844,9910,-7066
119000025,19156,1724,17432
119000026,374,386,-12
119000027,619,594,25
119000028,2839,1840,999
119000029,144,404,-260
119000030,621,1898,-1277
119000031,742,891,-149
119000032,3171,3680,-509
119000033,2393,2856,-463
119000034,988,1472,-484
119000035,39,601,-562
119000036,1250,1947,-697
119000037,1026,3542,-2516
119000038,124,1913,-1789
119000039,250,460,-210
119000040,1637,590,1047
119000041,1448,1501,-53
119000048,4337,6055,-1718
119000049,1542,6008,-4466
119000050,1927,3919,-1992
119000051,2305,1516,789
119000052,3407,4720,-1313
119000053,1996,1793,203
119000054,3195,6985,-3790
119000055,3277,5600,-2323
119000056,2143,3140,-997
119000057,1676,4461,-2785
119000058,2268,3711,-1443
119000059,1208,3016,-1808
119000060,1284,1214,70
119000061,1011,1302,-291
119000062,1075,1965,-890
119000063,444,315,129
119000064,1718,2419,-701
119000065,2382,4537,-2155
119000066,2225,1327,898
119000067,2230,4230,-2000
119000068,1468,1489,-21
119000069,1707,4820,-3113
119000070,2031,1600,431
119000071,704,1643,-939
119000072,11333,6388,4945
119000073,7672,7381,291
119000074,1125,6528,-5403
119000075,1404,3458,-2054
119000076,622,1478,-856
119000077,976,783,193
119000078,369,406,-37
119000079,128,1080,-952
119000080,249,342,-93
119000081,229,548,-319
119000082,837,407,430
119000083,479,487,-8
119000084,349,867,-518
119000085,917,528,389
119000086,241,475,-234
119000087,2436,1518,918
119000088,268,280,-12
119000089,64,238,-174
119000090,278,267,11
119000091,167,438,-271
119000092,817,338,479
119000093,6248,6098,150
119000094,2410,8102,-5692
119000095,1498,5331,-3833
119000097,3416,2546,870
119000098,750,2280,-1530
119000099,2947,3095,-148
119000100,3307,3023,284
119000101,4024,3367,657
119000102,908,960,-52
119000103,1709,717,992
119000104,5419,2438,2981
119000105,1030,1529,-499
119000106,356,3535,-3179
119000107,614,721,-107
119000108,371,2339,-1968
119000109,185,494,-309
119000110,756,808,-52
119000111,66,720,-654
119000112,249,195,54
119000113,3502,449,3053
119000114,1324,1088,236
119000115,203,199,4
119000116,93,135,-42
119000117,184,527,-343
119000118,2,10,-8
119000123,5006,1336,3670
119000124,574,384,190
119000125,2403,1805,598
119000126,621,1676,-1055
119000127,476,1617,-1141
119000128,46,9,37
119000131,913,1739,-826
119000132,3,12,-9
119000133,0,18,-18
119000134,4492,819,3673
119000135,85,300,-215
119000136,142,516,-374
119000137,157,850,-693
119000138,235,712,-477
119000139,240,465,-225
119000140,186,431,-245
119000284,1784,4692,-2908
119000285,3255,3216,39
119000286,9427,7470,1957
119000287,1687,3327,-1640
119000288,2336,2520,-184
119000289,3204,6106,-2902
119000290,234,947,-713
119000291,11,579,-568
119000293,75,293,-218
119000294,36,38,-2
119000295,3767,843,2924
119000296,179,157,22
119000302,6489,2023,4466
119000303,31,365,-334
119000304,0,0,0
119000310,0,0,0
119000314,1900,8430,-6530
119000315,3,1161,-1158
119000316,73,244,-171
119000317,37,837,-800
119900001,313,1170,-857
119900002,150,413,-263
119900003,90,2141,-2051
119900004,453,694,-241
119900005,137,297,-160
119900006,214,518,-304
119900007,906,142,764
119900008,42,34,8
119900009,486,686,-200
119900010,1950,1828,122
119900011,15,58,-43
119900012,16,78,-62
119900013,2170,1015,1155
119900014,707,381,326
119900015,89,42,47
119900016,49,173,-124
119900017,17,62,-45
119900018,2233,550,1683
119900019,22,11,11
119900020,106,231,-125
119900021,143,115,28
119900022,230,468,-238
119900023,1284,972,312
119900025,84,39,45
119900026,1439,135,1304
119900027,14,24,-10
119900028,259,151,108
119900029,0,10,-10
119900030,623,731,-108
119900031,26,296,-270
119900033,2587,292,2295
119900034,275,253,22
119900037,88,70,18
119900038,31,267,-236
119900039,79,14,65
119900040,44,11,33
119900041,83,97,-14
119900042,68,305,-237
119900043,35,363,-328
119900044,309,648,-339
119900046,84,109,-25
119900047,206,57,149
119900048,16,76,-60
119900049,76,13,63
119900050,60,107,-47
119900051,464,6,458
119900052,40,102,-62
119900053,145,419,-274
119900054,66,4,62
119900055,1139,460,679
119900057,125,165,-40
119900058,132,2,130
119900059,221,65,156
119900060,232,22,210
119900062,43,43,0
119900063,9,70,-61
119900065,231,3,228
119900066,1,0,1
119900067,49,57,-8
119900068,314,1,313
119900069,70,58,12
119900070,699,91,608
119900071,475,21,454
119900073,3026,803,2223
119900074,54,21,33
119900075,9921,2987,6934
119900076,386,850,-464
119900077,608,2369,-1761
119900078,377,1363,-986
119900079,123,569,-446
119900080,1191,2108,-917
119900081,213,154,59
119900082,760,200,560
119900083,474,131,343
119900084,1141,438,703
119900085,264,140,124
119900087,734,477,257
119900088,65,72,-7
119900089,34,938,-904
119900090,273,92,181
119900091,72,2324,-2252
119900092,29,643,-614
119900093,1486,253,1233
119900094,40,346,-306
119900095,227,146,81
119900096,72,148,-76
119900097,723,253,470
119900098,41,123,-82
119900099,52,507,-455
119900100,4486,2878,1608
119900101,298,1642,-1344
119900102,43,638,-595
119900103,26,1108,-1082
119900104,29,414,-385
119900105,1147,2621,-1474
119900106,17,378,-361
119900107,579,7131,-6552
119900108,3686,1184,2502
119900109,32,603,-571
119900110,624,1335,-711
119900111,73,665,-592
119900112,5648,846,4802
119900113,89,730,-641
119900114,223,3052,-2829
119900115,200,2280,-2080
119900116,210,573,-363
119900117,214,1635,-1421
119900118,97,2349,-2252
119900119,221,475,-254
119900120,865,1162,-297
119900121,253,2631,-2378
119900122,430,619,-189
119900123,269,559,-290
119900124,207,1861,-1654
119900125,150,823,-673
119900126,8804,425,8379
119900127,4512,1545,2967
119900128,419,1614,-1195
119900129,177,1675,-1498
119900130,58,479,-421
119900131,55,578,-523
119900132,5,820,-815
119900133,99,74,25
119900134,3898,397,3501
119900135,3,1075,-1072
119900136,202,974,-772
119900138,619,1159,-540
119900139,18,138,-120
119900140,4,240,-236
119900141,265,745,-480
119900142,6,27,-21
119900143,12,295,-283
119900144,3742,415,3327
119900145,116,411,-295
119900146,207,273,-66
119900147,12,238,-226
119900148,138,93,45
119900149,2919,3348,-429
119900150,256,325,-69
119900151,2278,1213,1065
119900152,119,803,-684
119900153,119,106,13
119900154,53,657,-604
119900155,32,62,-30
119900156,9,7,2
119900157,92,464,-372
119900158,120,106,14
119900159,25,3031,-3006
119900160,30,475,-445
119900161,261,648,-387
119900162,796,1245,-449
119900163,190,246,-56
119900164,0,1,-1
119900165,127,580,-453
119900166,98,43,55
119900167,168,172,-4
119900168,625,583,42
119900169,201,414,-213
119900170,198,239,-41
119900171,906,909,-3
119900172,171,34,137
119900173,5,821,-816
119900174,29,538,-509
119900175,954,1060,-106
119900177,23,373,-350
119900178,20,485,-465
119900179,133,253,-120
119900180,1116,970,146
119900181,60,101,-41
119900182,12,1113,-1101
119900183,156,1350,-1194
119900184,5767,986,4781
119900185,55,153,-98
119900186,121,577,-456
119900187,22,1367,-1345
119900188,64,404,-340
119900189,510,374,136
119900190,64,201,-137
119900191,408,254,154
119900192,41,330,-289
119900193,260,335,-75
119900194,19,54,-35
119900195,32,486,-454
119900196,3311,793,2518
119900197,153,155,-2
119900198,100,682,-582
119900199,194,33,161
119900200,563,739,-176
119900201,618,277,341
119900202,376,151,225
119900203,189,419,-230
119900204,177,559,-382
119900205,382,1086,-704
119900206,66,224,-158
119900208,216,187,29
119900209,462,1148,-686
119900210,27,61,-34
119900211,129,23,106
119900212,116,498,-382
119900213,5,45,-40
119900214,17,154,-137
119900215,28,138,-110
119900216,7,154,-147
119900217,14,141,-127
119900218,11,115,-104
119900219,10,224,-214
119900220,6,267,-261
119900221,32,856,-824
119900222,20,465,-445
119900223,27,209,-182
119900224,17,70,-53
119900225,2158,51,2107
119900226,1405,1950,-545
119900227,1987,639,1348
119900228,49,508,-459
119900229,391,849,-458
119900230,2288,1205,1083
119900231,197,312,-115
119900232,292,81,211
119900233,46,5,41
119900234,21,114,-93
119900235,22,42,-20
119900236,25,456,-431
119900237,51,1322,-1271
119900238,2,143,-141
119900240,58,189,-131
119900241,232,346,-114
119900242,3610,2333,1277
119900244,1286,1725,-439
119900245,144,239,-95
119900246,285,474,-189
119900247,21,86,-65
119900248,66,110,-44
119900249,192,109,83
119900253,7172,568,6604
119900254,80,380,-300
119900255,76,748,-672
119900256,421,2352,-1931
119900257,35,1,34
119900258,87,57,30
119900259,14,414,-400
119900260,102,13,89
119900261,264,303,-39
119900262,2,508,-506
119900263,1255,562,693
119900264,71,561,-490
119900265,398,712,-314
119900266,181,581,-400
119900267,199,677,-478
119900268,204,416,-212
119900269,974,2725,-1751
119900271,32,169,-137
119900272,283,119,164
119900275,84,7,77
119900276,29,3,26
119900277,5,5,0
119900278,574,99,475
119900279,177,348,-171
119900280,1626,349,1277
119900281,1,164,-163
119900282,62,28,34
119900283,6,642,-636
119900284,59,312,-253
119900285,17,88,-71
119900286,12,29,-17
119900288,6,59,-53
119900289,1,69,-68
119900290,4,77,-73
119900291,0,59,-59
119900292,24,22,2
119900293,25,3,22
119900294,28,4,24
119900295,0,0,0
119900296,0,0,0
119900299,59,553,-494
119900300,212,459,-247
119900301,148,145,3
119900302,151,158,-7
119900303,189,541,-352
119900304,165,66,99
119900305,38,162,-124
119900306,39,5,34
119900307,45,328,-283
119900308,5,28,-23
119900309,19,77,-58
119900310,346,578,-232
119900311,54,307,-253
119900312,76,188,-112
119900313,261,677,-416
119900314,140,404,-264
119900315,1197,5417,-4220
119900318,10,29,-19
119900319,3,553,-550
119900320,150,1382,-1232
119900321,36,1,35
119900322,67,94,-27
119900323,4,252,-248
119900324,0,120,-120
119900325,80,801,-721
119900326,339,74,265
120000001,13613,15698,-2085
120000002,2726,4957,-2231
120000003,4567,2758,1809
120000004,3384,3659,-275
120000005,5945,3130,2815
120000006,1475,1895,-420
120000007,5153,3564,1589
120000008,1313,2218,-905
120000009,7858,1286,6572
120000010,2447,4945,-2498
120000011,1900,3783,-1883
120000012,1878,5441,-3563
120000013,3075,4444,-1369
120000014,734,2764,-2030
120000015,3481,2404,1077
120000016,4151,4206,-55
120000017,3294,3482,-188
120000018,8416,13344,-4928
120000019,1070,2005,-935
120000020,4382,4130,252
120000021,2524,2843,-319
120000022,3488,5024,-1536
120000023,970,2608,-1638
120000024,1697,3499,-1802
120000025,2639,3625,-986
120000026,1190,3016,-1826
120000027,1596,2583,-987
120000028,1077,654,423
120000029,4433,804,3629
120000030,201,1058,-857
120000031,2378,10337,-7959
120000032,16607,5157,11450
120000033,4189,3173,1016
120000034,1809,3932,-2123
120000035,2290,4328,-2038
120000036,3573,6948,-3375
120000037,783,1882,-1099
120000038,17492,5285,12207
120000039,580,1569,-989
120000040,68,224,-156
120000041,737,2848,-2111
120000042,1729,6775,-5046
120000043,5435,5018,417
120000044,4375,1873,2502
120000045,4366,1389,2977
120000046,2292,2614,-322
120000047,3468,5023,-1555
120000048,14387,5895,8492
120000049,4182,4774,-592
120000050,4363,8589,-4226
120000051,5599,7474,-1875
120000052,25230,4227,21003
120000053,1302,7492,-6190
120000054,1762,12192,-10430
120000055,1738,9427,-7689
120000056,3774,8812,-5038
120000057,1961,1232,729
120000058,600,378,222
120000059,68,1374,-1306
120000061,158,1398,-1240
120000062,244,502,-258
120000063,2485,5386,-2901
120000064,261,3037,-2776
120000065,724,3467,-2743
120000066,199,837,-638
120000067,33,1100,-1067
120000068,241,2153,-1912
120000069,833,3011,-2178
120000070,63,1811,-1748
120000071,237,311,-74
120000072,393,754,-361
120000073,509,175,334
120000074,59,126,-67
120000075,633,412,221
120000076,1303,643,660
120000077,1344,698,646
120000078,3465,1155,2310
120000079,171,136,35
120000080,124,236,-112
120000081,189,153,36
120000082,133,139,-6
120000083,70,423,-353
120000084,542,938,-396
120000085,299,769,-470
120000086,346,1203,-857
120000087,215,2209,-1994
120000088,855,2430,-1575
120000089,1391,1263,128
120000090,584,846,-262
120000091,797,1646,-849
120000092,1355,854,501
120000093,393,826,-433
120000094,146,783,-637
120000095,1141,1208,-67
120000096,297,2055,-1758
120000098,923,1956,-1033
120000099,427,1169,-742
120000100,885,1511,-626
120000101,552,876,-324
120000102,496,845,-349
120000103,1014,749,265
120000104,1696,482,1214
120000105,2390,609,1781
120000106,2017,576,1441
120000107,2646,730,1916
120000108,780,180,600
120000109,949,98,851
120000110,140,1921,-1781
120000111,164,2527,-2363
120000112,980,7971,-6991
120000113,653,5832,-5179
120000114,1012,5800,-4788
120000115,590,4790,-4200
120000116,855,3840,-2985
120000117,2375,2860,-485
120000118,45,71,-26
120000119,58,115,-57
120000120,84,109,-25
120000121,50,117,-67
120000122,406,454,-48
120000123,11587,4897,6690
120000124,412,904,-492
120000125,486,1082,-596
120000126,326,1261,-935
120000127,3026,1355,1671
120000128,4979,3980,999
120000129,220,547,-327
120000130,993,1474,-481
120000131,327,805,-478
120000134,515,2671,-2156
120000135,304,537,-233
120000137,219,4305,-4086
120000138,472,850,-378
120000139,238,2065,-1827
120000140,532,1256,-724
120000141,239,987,-748
120000142,308,1072,-764
120000143,2,164,-162
120000144,65,7,58
120000145,282,4,278
120000146,4030,1473,2557
120000149,656,1511,-855
120000150,7961,11141,-3180
120000151,440,820,-380
120000152,388,533,-145
120000153,162,1760,-1598
120000154,598,713,-115
120000155,121,353,-232
120000156,2932,926,2006
120000157,1109,1123,-14
120000158,898,2003,-1105
120000159,2409,3877,-1468
120000160,2721,2108,613
120000161,1602,4093,-2491
120000162,164,449,-285
120000163,497,3016,-2519
120000164,400,818,-418
120000165,414,1795,-1381
120000166,1097,1247,-150
120000167,34,85,-51
120000168,12,276,-264
120000169,120,677,-557
120000170,215,350,-135
120000171,59,104,-45
120000172,37,51,-14
120000173,3801,338,3463
120000174,919,15,904
120000175,907,16,891
120000176,473,62,411
120000177,2478,417,2061
120000178,265,14,251
120000179,595,51,544
120000180,960,141,819
120000181,203,427,-224
120000182,129,213,-84
120000183,17,292,-275
120000184,169,1501,-1332
120000186,63,112,-49
120000187,107,54,53
120000188,456,106,350
120000190,1788,23,1765
120000191,2818,45,2773
120000192,2982,24,2958
120000193,992,10,982
120000195,120,6,114
120000196,381,75,306
120000197,132,276,-144
120000198,165,260,-95
120000199,84,4,80
120000200,98,2,96
120000201,32,14,18
120000202,1,125,-124
120000203,58,613,-555
120000207,6,189,-183
120000208,12,544,-532
120000209,7,101,-94
120000210,293,147,146
120000211,65,4,61
120000212,113,0,113
120000213,78,682,-604
120000214,4,784,-780
120000215,3,271,-268
120000216,54,11,43
120000217,1450,2374,-924
120000218,327,2069,-1742
120000219,14,1297,-1283
120000220,26,4655,-4629
120000225,840,4,836
120000226,231,3,228
120000227,683,33,650
120000228,10851,3676,7175
120000230,347,17,330
120000231,1073,4353,-3280
120000233,195,47,148
120000235,184,1419,-1235
120000236,721,1,720
120000237,6,4143,-4137
120000238,2,268,-266
120000241,1772,5923,-4151
120000412,3142,41,3101
120000413,253,848,-595
120000414,91,5,86
120000415,6,311,-305
120000416,52,11,41
120000417,10,215,-205
120000418,117,45,72
120000419,19,1072,-1053
120000420,126,78,48
120000421,24516,8977,15539
120000422,368,812,-444
120000423,2,55,-53
120000424,112,303,-191
120000436,153,489,-336
120000437,267,319,-52
120000438,8600,566,8034
120000439,202,487,-285
120000443,145,0,145
120000444,1005,1370,-365
120000445,2051,1937,114
120000446,1801,502,1299
120000447,145,21,124
120000449,78,32,46
120000450,12,813,-801
120000451,168,453,-285
120000452,102,1,101
120000453,0,671,-671
120000454,141,57,84
120000455,100,122,-22
120000456,4769,4286,483
120000457,2398,1594,804
120000458,794,1269,-475
120000459,74,140,-66
120000665,1508,180,1328
120000668,102,341,-239
120000669,86,703,-617
120000670,261,599,-338
120000671,1269,422,847
120000672,118,814,-696
120900001,52,55,-3
120900002,619,593,26
120900003,195,46,149
120900004,17,119,-102
120900005,71,2794,-2723
120900006,251,245,6
120900007,100,309,-209
120900008,214,2066,-1852
120900009,629,87,542
120900010,332,141,191
120900011,685,240,445
120900012,2275,1248,1027
120900013,314,76,238
120900014,3,1599,-1596
120900015,539,129,410
120900016,559,70,489
120900017,4768,273,4495
120900018,80,964,-884
120900019,691,218,473
120900020,1283,1009,274
120900021,563,165,398
120900022,34,890,-856
120900023,179,68,111
120900024,2050,623,1427
120900025,2906,1549,1357
120900026,183,395,-212
120900027,987,151,836
120900028,277,75,202
120900029,175,352,-177
120900030,1029,663,366
120900031,182,73,109
120900032,599,307,292
120900033,958,84,874
120900034,157,2809,-2652
120900035,82,223,-141
120900037,238,15,223
120900038,68,203,-135
120900039,104,32,72
120900040,224,1,223
120900041,174,65,109
120900042,306,128,178
120900043,53,25,28
120900044,138,907,-769
120900045,175,302,-127
120900046,366,2,364
120900047,167,65,102
120900048,68,31,37
120900049,321,0,321
120900050,7352,1734,5618
120900051,319,207,112
120900052,467,8,459
120900053,152,178,-26
120900054,1928,1594,334
120900055,254,1,253
120900056,477,15,462
120900057,108,31,77
120900058,332,0,332
120900059,78,9,69
120900060,71,59,12
120900061,257,845,-588
120900062,186,0,186
120900063,403,8,395
120900064,336,1,335
120900065,343,1,342
120900066,183,544,-361
120900067,240,65,175
120900068,234,1,233
120900069,129,114,15
120900071,22,4,18
120900072,532,2,530
120900073,281,446,-165
120900074,551,18,533
120900076,228,1,227
120900077,7290,401,6889
120900078,580,1327,-747
120900079,580,174,406
120900080,509,4016,-3507
120900081,730,2202,-1472
120900082,1111,486,625
120900083,26,7,19
120900084,202,387,-185
120900085,241,227,14
120900086,351,356,-5
120900087,403,162,241
120900088,282,392,-110
120900089,8079,2219,5860
120900090,129,348,-219
120900091,547,451,96
120900092,1586,1383,203
120900093,6674,389,6285
120900094,695,453,242
120900095,452,36,416
120900096,55,335,-280
120900097,834,1834,-1000
120900098,365,259,106
120900099,63,128,-65
120900100,99,687,-588
120900101,857,517,340
120900102,20,189,-169
120900103,37,241,-204
120900104,33,81,-48
120900105,42,1423,-1381
120900106,1911,1125,786
120900107,457,211,246
120900108,6,1628,-1622
120900109,57,1352,-1295
120900110,17,1315,-1298
120900111,169,774,-605
120900112,7,2514,-2507
120900113,24,1637,-1613
120900114,45,347,-302
120900115,202,282,-80
120900116,259,1343,-1084
120900117,6,1049,-1043
120900118,19,1560,-1541
120900119,4828,6366,-1538
120900120,63,1292,-1229
120900121,144,899,-755
120900122,305,1410,-1105
120900123,3,1086,-1083
120900124,2,1333,-1331
120900125,7,2340,-2333
120900126,2052,1625,427
120900127,7,1023,-1016
120900128,1195,1790,-595
120900129,57,649,-592
120900130,16,718,-702
120900131,22,155,-133
120900132,669,702,-33
120900133,327,2301,-1974
120900134,682,769,-87
120900135,7,1255,-1248
120900136,21,69,-48
120900137,179,210,-31
120900138,21,393,-372
120900139,8,1657,-1649
120900140,0,130,-130
120900141,123,228,-105
120900142,39,1934,-1895
120900143,6,1882,-1876
120900144,4,433,-429
120900145,60,1592,-1532
120900146,3,2089,-2086
120900147,4,591,-587
120900148,153,228,-75
120900149,2,818,-816
120900150,33,1233,-1200
120900151,2,1408,-1406
120900152,0,74,-74
120900153,30,108,-78
120900154,4,728,-724
120900155,170,2121,-1951
120900156,48,534,-486
120900157,28,447,-419
120900158,36,958,-922
120900159,89,705,-616
120900160,48,657,-609
120900161,32,1011,-979
120900162,26,1078,-1052
120900163,28,264,-236
120900164,21,4,17
120900165,0,7,-7
120900166,90,395,-305
120900167,470,213,257
120900169,51,1133,-1082
120900170,5323,2339,2984
120900171,2012,656,1356
120900172,1922,302,1620
120900173,1,96,-95
120900174,7,217,-210
120900175,361,477,-116
120900176,12,367,-355
120900177,2,906,-904
120900178,1,455,-454
120900179,1156,798,358
120900180,190,145,45
120900181,43,62,-19
120900182,17,1038,-1021
120900183,473,268,205
120900184,196,145,51
120900185,9,678,-669
120900186,4,956,-952
120900187,439,1359,-920
120900188,133,29,104
120900189,262,820,-558
120900190,33,36,-3
120900191,6,40,-34
120900192,23120,4263,18857
120900194,36,190,-154
120900195,176,451,-275
120900196,811,80,731
120900197,482,114,368
120900198,305,1166,-861
120900199,324,368,-44
120900200,164,248,-84
120900201,968,245,723
120900202,3,392,-389
120900203,22,105,-83
120900204,290,727,-437
120900205,93,186,-93
120900206,14,36,-22
120900207,77,2543,-2466
121000001,1146,1718,-572
121000002,3467,2278,1189
121000003,6105,2848,3257
121000004,3668,6995,-3327
121000005,2583,3904,-1321
121000006,4395,2021,2374
121000007,3853,4122,-269
121000008,8619,4392,4227
121000009,8429,9679,-1250
121000010,12885,8443,4442
121000011,14395,22990,-8595
121000012,22617,17682,4935
121000013,7860,13825,-5965
121000014,9581,11203,-1622
121000015,8020,10407,-2387
121000016,6602,6309,293
121000017,2635,5021,-2386
121000018,2825,2788,37
121000019,29265,13207,16058
121000020,19045,14345,4700
121000021,3898,4847,-949
121000022,2111,2579,-468
121000023,5877,5075,802
121000024,4240,4863,-623
121000025,907,1877,-970
121000026,399,182,217
121000027,2108,1419,689
121000028,1045,730,315
121000029,1246,1174,72
121000030,835,735,100
121000031,918,1003,-85
121000032,208,106,102
121000034,488,285,203
121000035,214,76,138
121000036,1533,1117,416
121000037,842,967,-125
121000038,893,1010,-117
121000039,518,576,-58
121000041,623,744,-121
121000042,283,499,-216
121000043,1064,1096,-32
121000044,2442,1078,1364
121000045,530,641,-111
121000046,693,1458,-765
121000047,72,105,-33
121000049,2468,804,1664
121000050,361,1376,-1015
121000051,922,600,322
121000052,373,905,-532
121000053,562,136,426
121000054,58,259,-201
121000055,1933,2112,-179
121000056,1002,1369,-367
121000057,203,522,-319
121000058,443,233,210
121000059,2720,1454,1266
121000060,463,1044,-581
121000061,247,232,15
121000062,197,370,-173
121000063,779,789,-10
121000064,719,1034,-315
121000065,664,605,59
121000066,754,787,-33
121000067,1133,642,491
121000068,788,529,259
121000069,805,858,-53
121000070,2024,1882,142
121000071,1355,1383,-28
121000072,1573,1206,367
121000073,1312,1141,171
121000074,128,162,-34
121000075,100,449,-349
121000076,1571,767,804
121000077,160,241,-81
121000078,92,128,-36
121000080,3569,972,2597
121000081,6416,3562,2854
121000082,157,313,-156
121000083,318,235,83
121000084,182,125,57
121000085,319,586,-267
121000086,234,1070,-836
121000087,95,435,-340
121000088,425,1302,-877
121000089,682,462,220
121000090,496,604,-108
121000091,2271,1550,721
121000092,187,198,-11
121000093,173,406,-233
121000094,563,972,-409
121000095,445,840,-395
121000096,3248,4677,-1429
121000097,1748,3083,-1335
121000098,487,2286,-1799
121000099,620,1522,-902
121000100,932,929,3
121000101,230,503,-273
121000102,218,695,-477
121000103,168,581,-413
121000104,242,282,-40
121000105,379,380,-1
121000106,312,710,-398
121000107,3087,5457,-2370
121000109,2184,1654,530
121000110,639,986,-347
121000114,3542,3132,410
121000115,1223,1182,41
121000116,644,1598,-954
121000117,1204,429,775
121000118,1594,492,1102
121000119,324,521,-197
121000120,251,661,-410
121000121,581,1507,-926
121000123,2422,961,1461
121000126,135,567,-432
121000127,198,190,8
121000128,858,742,116
121000129,761,792,-31
121000130,587,1819,-1232
121000131,2815,2106,709
121000132,2074,2229,-155
121000135,735,916,-181
121000136,1466,701,765
121000137,639,336,303
121000138,1205,826,379
121000139,761,241,520
121000141,309,225,84
121000142,1062,891,171
121000143,243,25,218
121000144,1694,1713,-19
121000145,621,1908,-1287
121000146,1229,1401,-172
121000147,988,773,215
121000148,1191,1544,-353
121000149,2604,1775,829
121000152,533,985,-452
121000153,2352,879,1473
121000154,1050,1032,18
121000155,2127,1636,491
121000156,540,1666,-1126
121000157,2183,3256,-1073
121000158,401,1180,-779
121000159,166,956,-790
121000160,405,1164,-759
121000161,148,480,-332
121000162,79,487,-408
121000165,2604,2206,398
121000166,59,766,-707
121000168,369,461,-92
121000169,68,251,-183
121000170,326,162,164
121000171,144,310,-166
121000172,616,606,10
121000173,1567,1155,412
121000174,214,512,-298
121000175,752,718,34
121000176,450,340,110
121000177,1139,991,148
121000178,148,74,74
121000179,180,71,109
121000181,584,516,68
121000182,126,184,-58
121000183,54,88,-34
121000184,74,77,-3
121000185,37,182,-145
121000186,131,604,-473
121000187,170,426,-256
121000188,141,369,-228
121000192,707,599,108
121000193,700,597,103
121000194,3636,2997,639
121000195,533,1523,-990
121000196,1424,354,1070
121000197,356,1335,-979
121000198,462,114,348
121000199,161,819,-658
121000200,412,115,297
121000201,3,376,-373
121000202,1217,210,1007
121000203,959,3921,-2962
121000204,2409,1069,1340
121000205,214,531,-317
121000206,290,50,240
121000207,1781,816,965
121000208,10,734,-724
121000209,220,696,-476
121000210,353,1113,-760
121000211,354,280,74
121000212,399,1604,-1205
121000213,15090,4116,10974
121000214,1284,2740,-1456
121000215,1768,1652,116
121000216,542,712,-170
121000217,5341,3880,1461
121000218,584,2601,-2017
121000219,2066,610,1456
121000220,328,105,223
121000221,182,373,-191
121000222,3439,3446,-7
121000223,714,385,329
121000224,359,213,146
121000225,2411,1312,1099
121000226,5917,914,5003
121000227,7,391,-384
121000228,16,1296,-1280
121000229,225,744,-519
121000230,82,3149,-3067
121000231,804,41,763
121000232,521,304,217
121000233,530,530,0
121000234,20,52,-32
121000235,51,43,8
121000236,4,68,-64
121000237,18,11,7
121000238,2,118,-116
121000239,21,9,12
121000240,6,371,-365
121000241,57,9,48
121000242,40,193,-153
121000243,237,45,192
121000244,1,83,-82
121000245,6,6,0
121000246,0,109,-109
121000247,48,6,42
121000248,711,861,-150
121000249,129,315,-186
121000250,523,89,434
121000251,28,985,-957
121000252,86,30,56
121000253,346,952,-606
121000254,770,463,307
121000255,222,312,-90
121000256,393,217,176
121000257,58,104,-46
121000258,131,76,55
121000259,55,42,13
121000260,121,179,-58
121000261,122,56,66
121000262,1425,1404,21
121000263,505,637,-132
121000271,373,2729,-2356
121000273,146,10,136
121000274,19,53,-34
121000275,3,54,-51
121000276,3,6,-3
121000278,77,82,-5
121000279,68,35,33
121000280,54,67,-13
121000289,308,25,283
121000290,1948,1006,942
121000294,143,320,-177
121000297,1325,1523,-198
121000299,254,309,-55
121000300,1199,897,302
121000302,121,1330,-1209
121000303,675,677,-2
121000304,527,93,434
121000305,212,74,138
121000306,134,197,-63
121000308,216,515,-299
121000309,458,818,-360
121000310,139,586,-447
121000311,107,1090,-983
121000312,496,374,122
121000313,700,680,20
121000314,116,129,-13
121000315,43,127,-84
121000530,1210,2235,-1025
121000531,1230,2317,-1087
121000532,7676,6984,692
121000533,3313,4231,-918
121000918,63,272,-209
121000919,41,69,-28
121000938,263,229,34
121000939,238,236,2
121000956,836,2684,-1848
121000957,3,10,-7
121000958,270,72,198
121000959,689,1615,-926
121000960,1828,3578,-1750
121000961,212,89,123
121000962,483,1166,-683
121000973,1,603,-602
121000976,12,222,-210
121000979,454,143,311
121000981,258,183,75
121000982,253,458,-205
121000983,662,694,-32
121000984,54,76,-22
121000985,591,1581,-990
121000986,328,915,-587
121000987,325,2496,-2171
121000988,660,165,495
121001302,395,157,238
121001308,9,9,0
121001309,154,70,84
121001311,0,0,0
121001313,182,410,-228
121001314,4638,5305,-667
121001315,5709,2881,2828
121001318,0,0,0
121900001,88,222,-134
121900002,55,30,25
121900003,421,16,405
121900004,149,691,-542
121900005,12,4,8
121900006,117,26,91
121900007,3769,2944,825
121900008,1619,896,723
121900009,820,28,792
121900010,275,3,272
121900011,358,820,-462
121900012,6,1,5
121900013,1595,65,1530
121900014,1729,423,1306
121900015,259,308,-49
121900016,7,47,-40
121900017,492,813,-321
121900018,318,12,306
121900019,382,464,-82
121900020,42,0,42
121900021,927,23,904
121900022,222,292,-70
121900023,125,709,-584
121900024,557,105,452
121900025,596,611,-15
121900026,520,80,440
121900027,411,227,184
121900028,347,18,329
121900029,223,417,-194
121900030,680,697,-17
121900031,2070,7772,-5702
121900032,116,132,-16
121900033,237,297,-60
121900034,483,142,341
121900035,3915,2380,1535
121900036,91,635,-544
121900037,229,969,-740
121900038,24,246,-222
121900039,403,72,331
121900040,62,109,-47
121900041,106,329,-223
121900042,300,189,111
121900043,1,6,-5
121900044,393,71,322
121900046,430,354,76
121900047,150,80,70
121900048,59,275,-216
121900050,19,48,-29
121900051,177,286,-109
121900052,138,48,90
121900053,392,313,79
121900054,613,1192,-579
121900055,6,18,-12
121900058,265,426,-161
121900059,349,179,170
121900060,132,465,-333
121900061,196,207,-11
121900062,108,142,-34
121900063,1012,409,603
121900064,224,1046,-822
121900066,44,40,4
121900067,29,54,-25
121900069,200,229,-29
121900070,346,177,169
121900071,224,353,-129
121900072,15,234,-219
121900073,307,350,-43
121900074,980,976,4
121900075,1030,444,586
121900076,416,859,-443
121900077,15,52,-37
121900078,68,62,6
121900079,0,0,0
121900080,918,634,284
121900082,51,160,-109
121900084,6,292,-286
121900085,3,23,-20
121900086,17,88,-71
121900087,172,136,36
121900088,3211,4294,-1083
121900089,152,615,-463
121900090,17,185,-168
121900091,22,160,-138
121900092,91,163,-72
121900093,42,78,-36
121900094,28,13,15
121900095,214,194,20
121900096,2060,837,1223
121900097,488,209,279
121900098,9,6,3
121900099,253,122,131
121900100,266,399,-133
121900101,181,125,56
121900102,28,181,-153
121900103,821,301,520
121900104,1393,480,913
121900105,240,168,72
121900106,5,4,1
121900107,38,53,-15
121900108,0,27,-27
121900109,412,156,256
121900110,380,1784,-1404
121900111,1173,171,1002
121900112,140,142,-2
121900113,122,405,-283
121900114,27,121,-94
121900117,290,41,249
121900118,3417,581,2836
121900119,150,198,-48
121900120,53,1927,-1874
121900121,958,123,835
121900122,20,58,-38
121900123,302,655,-353
121900124,95,311,-216
121900125,2014,1684,330
121900127,14,142,-128
121900128,78,203,-125
121900129,1224,217,1007
121900130,155,393,-238
121900131,197,159,38
121900132,53,190,-137
121900133,99,585,-486
121900134,35,189,-154
121900135,3397,373,3024
121900136,309,609,-300
121900137,73,454,-381
121900138,132,313,-181
121900139,485,903,-418
121900140,78,251,-173
121900141,55,20,35
121900142,106,182,-76
121900143,12,206,-194
121900144,222,447,-225
121900145,314,277,37
121900146,722,1105,-383
121900147,64,291,-227
121900148,240,349,-109
121900149,482,1106,-624
121900150,76,239,-163
121900151,108,304,-196
121900152,83,202,-119
121900153,137,840,-703
121900154,14,231,-217
121900155,0,233,-233
121900156,158,105,53
121900157,9,735,-726
121900158,67,121,-54
121900159,2,358,-356
121900160,53,262,-209
121900161,554,563,-9
121900162,128,175,-47
121900163,141,1142,-1001
121900164,496,365,131
121900165,237,304,-67
121900166,189,321,-132
121900167,210,176,34
121900168,342,197,145
121900169,5,587,-582
121900170,7,283,-276
121900171,609,1007,-398
121900172,433,438,-5
121900173,1278,316,962
121900174,39,67,-28
121900175,185,198,-13
121900176,650,2885,-2235
121900177,217,84,133
121900178,36,89,-53
121900179,316,188,128
121900180,7964,4296,3668
121900182,1054,490,564
121900183,521,756,-235
121900184,74,848,-774
121900186,20,419,-399
121900187,34,178,-144
121900188,777,569,208
121900189,56,190,-134
121900190,249,736,-487
121900191,76,263,-187
121900192,506,1105,-599
121900193,46,343,-297
121900194,9,282,-273
121900195,183,131,52
121900196,1172,1213,-41
121900197,433,3120,-2687
121900198,1628,2026,-398
121900199,5,58,-53
121900200,88,265,-177
121900201,1963,768,1195
121900202,143,548,-405
121900203,393,1576,-1183
121900204,1668,1358,310
121900205,17,140,-123
121900206,14,25,-11
121900207,198,62,136
121900208,275,521,-246
121900209,62,32,30
121900210,2202,1925,277
121900211,36,123,-87
121900212,179,185,-6
121900213,162,131,31
121900214,6,825,-819
121900215,42,89,-47
121900216,70,125,-55
121900217,282,160,122
121900218,413,886,-473
121900220,222,23,199
121900221,389,893,-504
121900222,222,245,-23
121900223,266,136,130
121900224,119,113,6
121900225,143,90,53
121900226,378,1094,-716
121900227,150,639,-489
121900228,183,413,-230
121900230,146,484,-338
121900231,454,3195,-2741
121900232,353,484,-131
121900233,480,400,80
121900234,264,525,-261
121900235,484,433,51
121900236,360,211,149
121900237,187,288,-101
121900238,185,330,-145
121900239,150,73,77
121900240,205,235,-30
121900241,39,102,-63
121900242,3,0,3
121900243,3,0,3
121900244,11,2,9
121900245,224,199,25
121900246,2670,578,2092
121900247,408,475,-67
121900248,2195,1284,911
121900250,364,474,-110
121900251,378,35,343
121900252,759,199,560
121900253,125,1442,-1317
121900254,609,502,107
121900255,293,172,121
121900258,4402,2456,1946
121900259,471,728,-257
121900260,130,312,-182
121900261,175,643,-468
121900262,563,1209,-646
121900263,212,358,-146
121900264,2998,1907,1091
121900265,252,439,-187
121900266,246,245,1
121900267,70,41,29
121900269,226,544,-318
121900270,45,207,-162
121900271,42,258,-216
121900273,635,1934,-1299
121900274,290,422,-132
121900277,428,2054,-1626
121900278,158,1240,-1082
121900279,195,358,-163
121900280,265,573,-308
121900281,579,610,-31
121900284,126,15,111
121900286,123,312,-189
121900287,11,24,-13
121900288,4,3,1
121900290,239,492,-253
121900291,546,1012,-466
121900292,388,136,252
121900293,1268,5157,-3889
121900294,306,4,302
121900295,101,326,-225
121900296,107,338,-231
121900298,472,634,-162
121900299,0,0,0
121900300,36,0,36
121900301,9,2,7
121900302,0,22,-22
121900303,597,701,-104
121900304,0,12,-12
121900305,2,13,-11
121900306,110,4,106
121900307,41,42,-1
121900308,21,499,-478
121900309,10,338,-328
121900310,37,698,-661
121900311,266,15,251
121900312,194,9,185
121900313,335,57,278
121900314,6,101,-95
121900315,21,2,19
121900316,1,16,-15
121900317,9,9,0
121900318,2,44,-42
121900319,19,132,-113
121900320,131,145,-14
121900321,7,5,2
121900322,0,43,-43
121900323,54,28,26
121900324,4,62,-58
121900325,7,1,6
121900326,0,52,-52
121900327,7,87,-80
121900328,1,45,-44
121900329,1,360,-359
121900330,0,25,-25
121900331,155,79,76
121900332,95,30,65
121900333,25,4,21
121900334,2,1,1
122000001,3021,5377,-2356
122000002,6339,2634,3705
122000003,2874,2627,247
122000004,4548,2451,2097
122000005,4295,1822,2473
122000006,3718,923,2795
122000007,2051,2558,-507
122000008,8249,8058,191
122000009,630,524,106
122000010,3202,4635,-1433
122000011,4690,2141,2549
122000012,1865,1829,36
122000013,3976,1833,2143
122000014,2320,3386,-1066
122000015,2351,1491,860
122000016,744,1459,-715
122000017,1443,1433,10
122000018,2067,1524,543
122000019,1254,2246,-992
122000020,284,327,-43
122000021,605,870,-265
122000022,2430,2526,-96
122000023,807,4790,-3983
122000024,1393,1603,-210
122000025,2704,2338,366
122000026,2235,1450,785
122000027,761,7377,-6616
122000028,1276,707,569
122000029,712,511,201
122000030,344,206,138
122000031,261,359,-98
122000032,2534,5216,-2682
122000033,1603,1520,83
122000034,940,854,86
122000035,401,1239,-838
122000036,671,860,-189
122000037,457,362,95
122000038,396,521,-125
122000039,824,831,-7
122000040,520,511,9
122000041,867,690,177
122000042,587,628,-41
122000043,208,173,35
122000044,167,279,-112
122000045,2018,848,1170
122000046,1310,1454,-144
122000047,431,284,147
122000048,4013,7223,-3210
122000049,7408,3375,4033
122000050,2848,1047,1801
122000051,661,639,22
122000052,833,369,464
122000053,232,635,-403
122000054,3033,2809,224
122000055,3547,3848,-301
122000056,7374,5839,1535
122000057,5607,4554,1053
122000058,6074,1637,4437
122000059,5128,2407,2721
122000060,1151,845,306
122000061,722,570,152
122000062,1510,480,1030
122000063,2485,864,1621
122000064,5951,4098,1853
122000065,7960,4429,3531
122000066,1646,1540,106
122000067,2817,1900,917
122000068,1682,2242,-560
122000069,729,1111,-382
122000070,995,6103,-5108
122000071,1434,2776,-1342
122000072,694,644,50
122000073,730,874,-144
122000074,2680,2061,619
122000075,820,2145,-1325
122000076,2869,1675,1194
122000077,2071,1019,1052
122000078,3802,3330,472
122000079,3278,1333,1945
122000080,1986,623,1363
122000081,371,583,-212
122000082,1424,1106,318
122000083,1793,5611,-3818
122000084,1492,1238,254
122000085,337,2912,-2575
122000086,3093,7796,-4703
122000087,717,239,478
122000088,368,526,-158
122000089,10094,4706,5388
122000090,380,610,-230
122000091,387,95,292
122000092,262,26,236
122000093,3162,1224,1938
122000094,12317,2661,9656
122000095,5696,4558,1138
122000096,4850,2809,2041
122000098,6002,2195,3807
122000099,4802,891,3911
122000100,1782,1104,678
122000101,320,1336,-1016
122000102,2533,1536,997
122000103,1874,1774,100
122000104,381,309,72
122000105,400,339,61
122000106,620,725,-105
122000107,1322,796,526
122000108,469,1197,-728
122000109,536,507,29
122000110,544,743,-199
122000111,3421,1228,2193
122000112,1091,1662,-571
122000113,786,929,-143
122000114,7193,2301,4892
122000115,2172,3087,-915
122000116,569,674,-105
122000117,1525,514,1011
122000118,479,870,-391
122000119,4230,2319,1911
122000120,3273,4028,-755
122000121,4157,3321,836
122000122,994,2017,-1023
122000123,3424,2357,1067
122000124,2003,962,1041
122000125,762,908,-146
122000126,1025,1488,-463
122000127,2243,1551,692
122000128,1017,1323,-306
122000129,431,1164,-733
122000130,3727,1015,2712
122000131,1956,1154,802
122000132,973,672,301
122000133,1484,3093,-1609
122000134,807,783,24
122000135,889,1081,-192
122000136,671,501,170
122000137,1572,1009,563
122000139,2733,4439,-1706
122000140,2220,708,1512
122000141,7794,1687,6107
122000142,830,1144,-314
122000143,781,485,296
122000144,2092,1488,604
122000145,2214,957,1257
122000146,923,1574,-651
122000147,1325,579,746
122000148,3976,2001,1975
122000149,2416,1815,601
122000150,1426,1351,75
122000151,289,444,-155
122000152,564,398,166
122000153,608,429,179
122000154,418,286,132
122000155,1690,2815,-1125
122000156,2487,2580,-93
122000157,2495,1879,616
122000158,518,750,-232
122000159,1402,2351,-949
122000160,6190,1917,4273
122000161,1182,929,253
122000162,2921,2116,805
122000163,436,132,304
122000164,36,119,-83
122000165,976,957,19
122000166,1388,1704,-316
122000167,198,337,-139
122000168,232,758,-526
122000169,724,247,477
122000170,292,412,-120
122000171,50,98,-48
122000172,2121,2317,-196
122000173,1867,3378,-1511
122000174,3135,1222,1913
122000175,1668,411,1257
122000176,389,1062,-673
122000177,2552,2202,350
122000178,3877,4499,-622
122000179,2808,4463,-1655
122000180,2365,1837,528
122000181,2169,5140,-2971
122000182,2784,2325,459
122000183,2602,2142,460
122000184,3585,2879,706
122000185,1653,1889,-236
122000186,830,1422,-592
122000187,2839,1667,1172
122000188,562,282,280
122000189,363,556,-193
122000190,1388,1329,59
122000191,1462,943,519
122000192,1029,528,501
122000193,372,927,-555
122000194,952,240,712
122000195,215,773,-558
122000196,1172,848,324
122000197,680,1084,-404
122000198,640,1416,-776
122000199,567,542,25
122000200,2058,837,1221
122000201,1532,1969,-437
122000202,1426,1543,-117
122000203,3314,2148,1166
122000204,1808,2838,-1030
122000205,1967,1816,151
122000206,3082,1311,1771
122000207,1748,1979,-231
122000208,3044,2290,754
122000209,3787,571,3216
122000210,2377,2892,-515
122000211,2014,1864,150
122000212,934,622,312
122000213,1295,1728,-433
122000214,2442,2377,65
122000215,2828,1918,910
122000217,2637,1966,671
122000218,992,82,910
122000219,2099,1316,783
122000220,426,972,-546
122000221,198,593,-395
122000222,637,135,502
122000223,1497,615,882
122000225,1155,356,799
122000226,1862,2491,-629
122000227,416,3319,-2903
122000228,467,521,-54
122000229,29,619,-590
122000230,76,1046,-970
122000231,290,1304,-1014
122000232,813,1688,-875
122000233,1,211,-210
122000234,201,330,-129
122000235,632,328,304
122000236,725,265,460
122000237,145,93,52
122000238,269,338,-69
122000239,562,146,416
122000240,1286,646,640
122000241,1233,742,491
122000242,689,176,513
122000243,236,74,162
122000244,69,937,-868
122000245,52,421,-369
122000246,190,258,-68
122000247,724,1360,-636
122000248,2244,2997,-753
122000249,618,877,-259
122000250,1844,1081,763
122000251,286,560,-274
122000252,676,184,492
122000253,51,426,-375
122000254,234,121,113
122000255,876,2367,-1491
122000256,417,2049,-1632
122000257,152,584,-432
122000258,171,319,-148
122000259,19,1085,-1066
122000260,25,175,-150
122000261,7,360,-353
122000262,2,105,-103
122000263,147,167,-20
122000264,1079,653,426
122000265,3248,1196,2052
122000266,6580,824,5756
122000267,95,195,-100
122000268,176,575,-399
122000269,1356,390,966
122000270,1448,211,1237
122000271,404,2001,-1597
122000272,426,2024,-1598
122000273,413,809,-396
122000274,174,307,-133
122000275,64,283,-219
122000276,595,939,-344
122000277,1088,1891,-803
122000278,1030,1489,-459
122000279,207,673,-466
122000280,1137,1135,2
122000281,708,1176,-468
122000282,202,246,-44
122000283,432,91,341
122000284,132,143,-11
122000285,438,121,317
122000286,96,224,-128
122000287,1050,2004,-954
122000288,414,336,78
122000291,1239,648,591
122000293,602,365,237
122000294,124,220,-96
122000295,1583,329,1254
122000296,54,688,-634
122000297,5175,3066,2109
122000299,427,767,-340
122000300,711,813,-102
122000301,22896,3781,19115
122000302,1558,1402,156
122000303,6174,1612,4562
122000304,86,322,-236
122000305,1040,523,517
122000306,32,1198,-1166
122000307,154,226,-72
122000309,92,66,26
122000310,46,40,6
122000311,191,145,46
122000312,163,65,98
122000313,92,77,15
122000314,130,348,-218
122000315,311,31,280
122000316,622,362,260
122000317,1063,286,777
122000318,275,754,-479
122000319,350,1038,-688
122000320,374,3933,-3559
122000321,161,509,-348
122000322,3473,5297,-1824
122000323,2218,3404,-1186
122000324,2266,2248,18
122000325,1306,2511,-1205
122000326,47,230,-183
122000327,497,718,-221
122000328,1699,1331,368
122000330,3526,1011,2515
122000332,266,519,-253
122000333,11,290,-279
122000337,1085,2476,-1391
122000338,509,735,-226
122000340,673,463,210
122000342,4914,1631,3283
122000343,582,2724,-2142
122000344,82,51,31
122000345,22,81,-59
122000346,389,1017,-628
122000348,565,1327,-762
122000349,149,1113,-964
122000351,188,438,-250
122000352,301,134,167
122000353,104,191,-87
122000355,193,211,-18
122000356,3421,1116,2305
122000357,49,24,25
122000358,0,112,-112
122000359,0,71,-71
122000360,0,151,-151
122000362,13,145,-132
122000364,133,615,-482
122000365,4,49,-45
122000366,14,13,1
122000368,635,1179,-544
122000370,36,120,-84
122000371,21,0,21
122000372,8,0,8
122000381,70,608,-538
122000382,80,382,-302
122000384,7098,3233,3865
122000385,56,0,56
122000386,953,1388,-435
122000387,921,802,119
122000388,3171,618,2553
122000389,302,1190,-888
122000390,662,372,290
122000391,563,236,327
122000392,232,341,-109
122000393,44,288,-244
122000394,499,565,-66
122000395,188,297,-109
122000396,276,165,111
122000397,52,129,-77
122000398,11,73,-62
122000399,113,100,13
122000400,230,490,-260
122000401,135,164,-29
122000402,326,164,162
122000403,677,1713,-1036
122000404,165,471,-306
122000408,1073,1878,-805
122000503,14,123,-109
122000524,285,181,104
122000544,82,3911,-3829
122000616,615,5,610
122000640,57,203,-146
122000641,59,677,-618
122000642,1081,1959,-878
122000643,31,153,-122
122000644,303,22,281
122000645,98,387,-289
122000651,3352,1128,2224
122000664,182,52,130
122000665,1266,753,513
122000666,796,1559,-763
122000673,26,567,-541
122000674,95,59,36
122000675,1887,1830,57
122000686,367,2288,-1921
122000687,1490,472,1018
122000688,196,1305,-1109
122000689,712,892,-180
122000690,1089,1045,44
122000691,385,4121,-3736
122000692,1656,611,1045
122000693,624,3340,-2716
122000695,228,851,-623
122000696,299,601,-302
122000698,222,1738,-1516
122000699,192,213,-21
122000701,1346,515,831
122000702,682,3437,-2755
122000703,155,89,66
122000717,271,109,162
122000718,375,855,-480
122000719,52,81,-29
122000720,253,490,-237
122000724,141,45,96
122900001,60,5,55
122900002,1715,4189,-2474
122900003,418,74,344
122900004,1508,32,1476
122900005,66,57,9
122900006,925,604,321
122900007,234,65,169
122900008,930,164,766
122900009,1225,727,498
122900010,260,286,-26
122900012,235,523,-288
122900014,134,442,-308
122900015,3768,956,2812
122900016,110,560,-450
122900017,575,1424,-849
122900018,234,10,224
122900019,13,213,-200
122900020,436,570,-134
122900021,71,1046,-975
122900022,604,1342,-738
122900023,405,473,-68
122900024,174,139,35
122900025,15,330,-315
122900026,208,512,-304
122900027,168,1013,-845
122900028,121,295,-174
122900029,7669,3201,4468
122900030,2420,587,1833
122900031,153,202,-49
122900032,158,405,-247
122900033,145,236,-91
122900034,5927,6931,-1004
122900035,114,28,86
122900036,57,326,-269
122900037,497,210,287
122900038,192,3230,-3038
122900039,92,637,-545
122900040,335,602,-267
122900041,267,306,-39
122900042,186,393,-207
122900043,542,337,205
122900044,114,476,-362
122900045,90,188,-98
122900046,184,199,-15
122900047,588,242,346
122900048,58,361,-303
122900049,2919,259,2660
122900051,111,232,-121
122900052,48,232,-184
122900053,32,34,-2
122900055,356,148,208
122900057,360,52,308
122900061,570,305,265
122900062,481,658,-177
122900063,151,541,-390
122900064,1322,910,412
122900065,532,178,354
122900066,557,323,234
122900067,2693,1155,1538
122900068,212,640,-428
122900069,464,1831,-1367
122900070,325,76,249
122900071,186,708,-522
122900072,24,1044,-1020
122900073,48,428,-380
122900074,379,1324,-945
122900075,3,118,-115
122900076,17,346,-329
122900077,1,272,-271
122900078,116,289,-173
122900080,102,40,62
122900081,186,253,-67
122900082,718,357,361
122900083,234,188,46
122900084,12,404,-392
122900086,11,75,-64
122900087,207,842,-635
122900088,45,176,-131
122900089,63,228,-165
122900090,26,1204,-1178
122900091,186,3,183
122900092,1,455,-454
122900093,2,633,-631
122900094,2,426,-424
122900095,201,7,194
122900096,203,594,-391
122900097,28,30,-2
122900098,115,204,-89
122900099,14,11,3
122900100,631,689,-58
122900101,1323,434,889
122900102,10,12,-2
122900103,72,3,69
122900104,96,8,88
122900105,12,14,-2
122900106,3,131,-128
122900107,9,388,-379
122900108,7,353,-346
123000001,2981,479,2502
123000002,8772,4176,4596
123000003,4386,3865,521
123000004,3856,6736,-2880
123000005,3265,3255,10
123000006,3786,4572,-786
123000007,3940,3145,795
123000008,3440,5526,-2086
123000009,5260,3934,1326
123000010,4643,5817,-1174
123000011,4453,1022,3431
123000012,1491,3490,-1999
123000013,4185,1083,3102
123000014,1686,5692,-4006
123000015,6236,1215,5021
123000016,11119,4636,6483
123000017,4569,1816,2753
123000018,55,165,-110
123000019,176,440,-264
123000020,103,191,-88
123000021,60,285,-225
123000022,696,1806,-1110
123000023,1503,1749,-246
123000024,1378,729,649
123000025,73,175,-102
123000026,10,98,-88
123000027,404,847,-443
123000028,1355,272,1083
123000029,1378,846,532
123000030,326,1043,-717
123000031,121,805,-684
123000032,260,490,-230
123000033,250,95,155
123000034,1069,947,122
123000035,318,421,-103
123000036,272,940,-668
123000037,306,416,-110
123000038,54,341,-287
123000039,566,1372,-806
123000040,1670,455,1215
123000041,1764,856,908
123000042,1358,619,739
123000043,5954,7637,-1683
123000044,8765,3050,5715
123000045,17321,3628,13693
123000046,1236,1348,-112
123000047,2900,2191,709
123000048,114,549,-435
123000049,11931,7507,4424
123000050,1255,1774,-519
123000051,83,236,-153
123000052,762,4187,-3425
123000053,2738,5074,-2336
123000054,1401,1906,-505
123000055,1272,1898,-626
123000056,1552,2818,-1266
123000057,27258,8862,18396
123000058,936,1087,-151
123000059,558,697,-139
123000060,903,455,448
123000061,268,1279,-1011
123000063,938,1014,-76
123000064,1053,347,706
123000065,11139,5009,6130
123000066,1405,1384,21
123000067,767,880,-113
123000068,4219,5889,-1670
123000069,10861,5583,5278
123000070,395,1474,-1079
123000071,903,1696,-793
123000072,1052,2532,-1480
123000073,1073,1322,-249
123000074,1096,3721,-2625
123000075,384,1427,-1043
123000076,751,1858,-1107
123000077,2887,5742,-2855
123000078,1355,2420,-1065
123000079,1327,2982,-1655
123000080,2368,4058,-1690
123000081,250,1142,-892
123000082,540,2123,-1583
123000083,1071,221,850
123000084,680,1277,-597
123000085,185,204,-19
123000086,420,812,-392
123000087,284,904,-620
123000088,1334,1984,-650
123000089,560,1964,-1404
123000090,1351,1801,-450
123000091,2092,2014,78
123000092,1496,1653,-157
123000094,592,423,169
123000095,535,837,-302
123000096,551,515,36
123000097,471,1875,-1404
123000098,736,848,-112
123000099,613,1511,-898
123000100,584,855,-271
123000101,912,699,213
123000102,776,829,-53
123000104,375,456,-81
123000105,659,775,-116
123000106,592,506,86
123000107,445,850,-405
123000108,1008,2522,-1514
123000111,704,357,347
123000112,816,1007,-191
123000113,655,3283,-2628
123000114,526,663,-137
123000115,265,413,-148
123000116,41,280,-239
123000117,1650,3762,-2112
123000118,523,1527,-1004
123000119,283,1779,-1496
123000120,495,1655,-1160
123000121,510,890,-380
123000122,494,329,165
123000123,554,865,-311
123000124,603,810,-207
123000125,1585,1375,210
123000126,1800,4017,-2217
123000127,1389,1196,193
123000128,375,685,-310
123000129,511,301,210
123000130,587,110,477
123000131,836,854,-18
123000132,476,979,-503
123000133,463,662,-199
123000134,595,288,307
123000135,1802,2127,-325
123000136,267,2181,-1914
123000137,126,639,-513
123000138,107,766,-659
123000139,484,213,271
123000140,181,1200,-1019
123000141,1074,201,873
123000142,1127,1436,-309
123000143,1557,3456,-1899
123000144,32,28,4
123000145,309,242,67
123000146,102,170,-68
123000147,94,235,-141
123000149,354,457,-103
123000150,258,298,-40
123000151,261,480,-219
123000152,103,617,-514
123000153,168,655,-487
123000154,3005,2102,903
123000155,3895,1419,2476
123000156,30,171,-141
123000157,698,1194,-496
123000158,910,908,2
123000159,4922,2819,2103
123000160,907,695,212
123000161,1687,1191,496
123000162,702,2063,-1361
123000163,303,63,240
123000164,1329,330,999
123000165,443,3172,-2729
123000166,35,254,-219
123000167,149,492,-343
123000168,211,496,-285
123000169,617,154,463
123000170,79,706,-627
123000171,386,93,293
123000172,245,1130,-885
123000173,563,284,279
123000174,1149,463,686
123000175,1327,2074,-747
123000176,916,192,724
123000177,512,1711,-1199
123000178,758,193,565
123000179,43,1352,-1309
123000180,1417,452,965
123000181,417,2278,-1861
123000182,216,884,-668
123000183,166,408,-242
123000184,89,1307,-1218
123000185,507,739,-232
123000186,9,999,-990
123000187,451,6,445
123000188,116,2,114
123000189,216,207,9
123000190,33,100,-67
123000192,31,535,-504
123000193,66,895,-829
123000194,755,438,317
123000195,217,20,197
123000196,273,13,260
123000197,64,139,-75
123000198,28,289,-261
123000199,9,813,-804
123000200,402,14,388
123000201,810,21,789
123000202,44,1850,-1806
123000203,964,77,887
123000204,97,1700,-1603
123000205,580,3293,-2713
123000206,1714,211,1503
123000207,153,1552,-1399
123000208,473,208,265
123000209,1714,538,1176
123000210,543,2614,-2071
123000211,721,4546,-3825
123000212,2578,485,2093
123000213,469,70,399
123000215,194,185,9
123000216,242,866,-624
123000217,204,61,143
123000218,159,575,-416
123000219,1721,99,1622
123000220,576,119,457
123000221,160,278,-118
123000222,365,1052,-687
123000223,165,1008,-843
123000224,425,1002,-577
123000225,270,151,119
123000226,87,683,-596
123000227,87,637,-550
123000228,203,94,109
123000229,1547,3188,-1641
123000232,138,890,-752
123000233,663,225,438
123000234,228,1026,-798
123000235,560,499,61
123000236,258,1336,-1078
123000237,289,96,193
123000238,83,1017,-934
123000239,535,3208,-2673
123000240,70,553,-483
123000241,1396,227,1169
123000242,164,381,-217
123000243,617,1226,-609
123000244,1027,719,308
123000245,107,197,-90
123000249,634,1105,-471
123000252,812,295,517
123000253,733,600,133
123000254,614,1728,-1114
123000255,1000,994,6
123000256,41,425,-384
123000257,5918,3672,2246
123000258,1289,1891,-602
123000259,256,693,-437
123000260,512,1113,-601
123000261,196,452,-256
123000262,128,461,-333
123000263,379,140,239
123000264,160,72,88
123000265,70,231,-161
123000266,545,1092,-547
123000267,447,503,-56
123000268,33,108,-75
123000269,71,51,20
123000270,37,58,-21
123000271,61,112,-51
123000272,1032,246,786
123000273,251,594,-343
123000274,1161,569,592
123000275,356,1465,-1109
123000278,4957,3574,1383
123000279,98,192,-94
123000280,309,495,-186
123000281,246,141,105
123000282,141,417,-276
123000283,103,56,47
123000284,84,213,-129
123000286,313,342,-29
123000287,661,418,243
123000288,1061,803,258
123000289,627,951,-324
123000291,401,1231,-830
123000294,192,290,-98
123000295,852,917,-65
123000296,348,460,-112
123000297,397,1427,-1030
123000298,436,1345,-909
123000299,41,491,-450
123000300,994,1111,-117
123000301,141,310,-169
123000302,127,425,-298
123000303,143,128,15
123000305,1278,1259,19
123000306,108,439,-331
123000309,65,94,-29
123000310,87,37,50
123000311,0,205,-205
123000312,1395,1494,-99
123000313,339,509,-170
123000315,61,666,-605
123000316,3120,65,3055
123000317,349,71,278
123000318,69,478,-409
123000329,7,19,-12
123000337,257,349,-92
123000338,857,69,788
123000339,199,464,-265
123000340,201,745,-544
123000342,15,107,-92
123000343,105,3,102
123000344,1617,656,961
123000345,366,954,-588
123000346,296,121,175
123000352,3516,1104,2412
123000353,21,208,-187
123000354,308,11,297
123000355,2,827,-825
123000356,269,11,258
123000357,1,548,-547
123000359,8,417,-409
123000360,307,64,243
123000361,1143,403,740
123000362,346,238,108
123000363,94,397,-303
123000364,593,422,171
123000365,29,393,-364
123000366,349,2106,-1757
123000367,267,1851,-1584
123000370,37,630,-593
123000371,337,43,294
123000372,341,17,324
123000373,26,706,-680
123000374,12,353,-341
123000375,288,48,240
123000376,835,819,16
123000377,316,26,290
123000378,18,805,-787
123000379,3,342,-339
123000380,63,339,-276
123000381,225,66,159
123000382,1895,127,1768
123000383,473,1017,-544
123000384,570,138,432
123000385,349,1028,-679
123000436,152,1442,-1290
123000507,145,516,-371
123000508,138,626,-488
123000517,349,60,289
123000518,36,487,-451
123000519,156,122,34
123000520,108,388,-280
123000521,292,131,161
123000522,224,858,-634
123000541,1,1,0
123000542,0,41,-41
123000565,470,32,438
123000566,116,1247,-1131
123000567,127,345,-218
123000573,46,1441,-1395
123000574,515,147,368
123000575,1279,1995,-716
123000576,768,4520,-3752
123000577,138,1085,-947
123000578,983,109,874
123000579,7026,5068,1958
123000580,83,22,61
123000582,354,53,301
123000583,21,911,-890
123000584,87,304,-217
123000585,0,173,-173
123000586,108,1,107
123000596,110,209,-99
123000597,59,154,-95
123000602,31,4,27
123000603,446,1140,-694
123000604,501,2069,-1568
123000605,1087,192,895
123000606,1,234,-233
123000609,13,372,-359
123000610,201,125,76
123000613,24,223,-199
123000614,126,97,29
123000615,35,235,-200
123000616,391,96,295
123000617,121,914,-793
123000618,82,1194,-1112
123000619,793,60,733
123000620,31,1142,-1111
123000622,275,22,253
123000624,102,112,-10
123000630,706,622,84
123000631,357,3880,-3523
123000632,1496,2321,-825
123000633,1,330,-329
123000634,141,66,75
123000635,439,124,315
123000636,16,1193,-1177
123000637,133,327,-194
123000638,544,242,302
123000639,1504,3409,-1905
123000640,51,1802,-1751
123000648,280,99,181
123000649,33,1113,-1080
123900001,2083,80,2003
123900002,28,1350,-1322
123900003,430,1161,-731
123900005,251,133,118
123900006,240,54,186
124000001,1925,168,1757
124000002,168,3614,-3446
124000003,645,211,434
124000004,82,1345,-1263
124000005,811,319,492
124000006,378,2061,-1683
124000007,1168,155,1013
124000008,36,703,-667
124000009,412,600,-188
124000010,178,641,-463
124000011,997,608,389
124000012,429,1310,-881
124000017,131,143,-12
124000018,132,162,-30
124000019,128,103,25
124000020,98,291,-193
124000021,122,80,42
124000022,102,311,-209
124000023,1633,1590,43
124000024,1156,978,178
124000025,1439,1820,-381
124000026,1774,1514,260
124000027,6409,5768,641
124000028,4316,5879,-1563
124000030,4799,1763,3036
124000031,921,1848,-927
124000032,8293,1354,6939
124000033,514,427,87
124000034,5784,1021,4763
124000035,238,120,118
124000036,183,717,-534
124000037,447,814,-367
124000038,114,164,-50
124000039,1186,435,751
124000040,865,1014,-149
124000041,281,88,193
124000042,77,555,-478
124000043,62,124,-62
124000044,84,444,-360
124000045,604,906,-302
124000046,342,1306,-964
124000047,1263,1443,-180
124000048,911,3562,-2651
124000049,1288,872,416
124000050,831,4287,-3456
124000051,629,691,-62
124000052,773,2323,-1550
124000053,528,1306,-778
124000054,1146,1141,5
124000055,1444,1966,-522
124000056,6773,2110,4663
124000057,878,663,215
124000058,432,2355,-1923
124000059,632,982,-350
124000060,1577,1502,75
124000061,1736,4487,-2751
124000062,13288,2657,10631
124000063,1618,2278,-660
124000064,3423,2366,1057
124000065,419,332,87
124000066,530,65,465
124000067,104,456,-352
124000068,38,194,-156
124000069,593,502,91
124000070,214,882,-668
124000071,106,109,-3
124000072,158,817,-659
124000073,952,152,800
124000074,275,1447,-1172
124000075,178,64,114
124000076,7,340,-333
124000077,2610,1116,1494
124000078,2522,752,1770
124000079,619,1667,-1048
124000080,311,162,149
124000081,226,1142,-916
124000082,15,119,-104
124000083,47,228,-181
124000084,57,350,-293
124000085,62,118,-56
124000086,67,157,-90
124000087,94,85,9
124000088,231,828,-597
124000089,832,653,179
124000090,117,577,-460
124000091,882,245,637
124000092,238,1229,-991
124000093,94,104,-10
124000094,143,639,-496
124000095,69,75,-6
124000096,104,642,-538
124000097,91,118,-27
124000098,64,208,-144
124000099,194,197,-3
124000100,62,192,-130
124000101,61,135,-74
124000102,121,154,-33
124000103,82,138,-56
124000104,101,184,-83
124000105,60,102,-42
124000106,170,195,-25
124000107,22,147,-125
124000108,79,78,1
124000109,118,99,19
124000110,247,214,33
124000111,230,189,41
124000112,724,1237,-513
124000113,58,83,-25
124000114,271,1063,-792
124000115,360,1377,-1017
124000116,83,82,1
124000117,104,140,-36
124000118,40,48,-8
124000119,1273,1081,192
124000120,662,832,-170
124000121,2598,745,1853
124000122,942,1562,-620
124000123,1035,494,541
124000124,616,1316,-700
124000125,441,502,-61
124000126,392,698,-306
124000127,874,524,350
124000128,683,1310,-627
124000129,2290,1805,485
124000130,931,868,63
124000131,934,658,276
124000132,1033,1064,-31
124000133,841,1058,-217
124000134,1013,1086,-73
124000135,2090,2316,-226
124000136,1397,1702,-305
124000137,1661,1036,625
124000138,1892,1769,123
124000139,513,24,489
124000140,47,675,-628
124000141,99,8,91
124000142,5,170,-165
124000143,28,9,19
124000144,9,67,-58
124000145,55,30,25
124000146,28,116,-88
124000148,9,48,-39
124000149,932,386,546
124000150,377,817,-440
124000151,698,512,186
124000152,962,1733,-771
124000153,527,912,-385
124000154,435,1390,-955
124000155,1317,925,392
124000156,2267,1495,772
124000169,231,518,-287
124000170,1106,630,476
124000171,216,345,-129
124000172,385,930,-545
124000173,351,543,-192
124000174,286,1316,-1030
124000175,19,191,-172
124000176,46,14,32
124000177,10,42,-32
124000178,19,37,-18
124000190,292,72,220
124000191,1216,143,1073
124000192,2342,415,1927
124000193,688,1791,-1103
124000194,485,739,-254
124000195,326,793,-467
124000196,1011,1627,-616
124000197,44,108,-64
124000198,24,51,-27
124000201,468,1829,-1361
124000202,557,265,292
124000203,179,1769,-1590
124000204,437,1311,-874
124000205,51,1162,-1111
124000206,332,826,-494
124000207,2,94,-92
124000209,483,1299,-816
124000210,232,362,-130
124000211,309,2,307
124000212,5,1009,-1004
124000213,237,675,-438
124000214,222,1782,-1560
124000215,158,18,140
124000216,1,952,-951
124000329,200,4860,-4660
124000338,99,2897,-2798
124000339,550,172,378
124000341,697,136,561
124000344,42,12,30
124000357,1125,2296,-1171
124000358,839,1389,-550
124000359,894,660,234
124000360,493,504,-11
124000361,1658,796,862
124000362,2143,3735,-1592
124000363,274,641,-367
124000364,655,1362,-707
124000365,642,1608,-966
124000366,2559,1092,1467
124000367,178,1202,-1024
124000368,331,266,65
124000369,160,118,42
124000370,127,1438,-1311
124000402,14,11,3
124000403,57,13,44
124000404,10,143,-133
124000405,1224,988,236
124000406,1134,1101,33
124000407,8,50,-42
124000411,12,729,-717
124000412,210,17,193
124000413,460,63,397
124000414,62,127,-65
124000415,47,334,-287
124000416,175,596,-421
124000417,135,139,-4
124000418,128,156,-28
124000419,86,324,-238
124000420,45,83,-38
124000421,50,455,-405
124000422,46,19,27
124000423,121,56,65
124000424,1,185,-184
124000425,43,17,26
124000426,12,92,-80
124000427,16,21,-5
124000428,21,52,-31
124000429,26,76,-50
124000430,697,1329,-632
124000431,293,1251,-958
124000432,188,1264,-1076
124000439,5,27,-22
124000443,3,7,-4
124000445,309,795,-486
124000446,3986,156,3830
124900001,442,357,85
124900002,159,782,-623
124900003,881,736,145
124900004,583,491,92
124900005,301,414,-113
124900006,573,540,33
124900008,1669,767,902
124900009,126,240,-114
124900010,124,66,58
124900011,452,229,223
124900012,436,105,331
124900013,395,144,251
124900014,275,104,171
124900015,156,273,-117
124900016,108,106,2
124900017,788,652,136
124900018,26,3,23
124900020,71,103,-32
124900021,161,51,110
124900022,50,4,46
124900024,211,43,168
124900026,58,6,52
124900027,76,364,-288
124900028,1234,219,1015
124900029,12,509,-497
124900030,5,278,-273
124900031,60,771,-711
124900032,336,260,76
124900033,117,689,-572
124900034,8,163,-155
124900035,278,838,-560
124900036,4,41,-37
124900037,269,785,-516
124900038,423,698,-275
124900039,0,35,-35
124900040,116,133,-17
124900041,354,2310,-1956
124900042,47,0,47
124900043,526,2093,-1567
124900044,72,2,70
124900045,951,1371,-420
124900046,2991,388,2603
124900047,160,425,-265
124900048,247,285,-38
124900050,187,519,-332
124900052,141,671,-530
124900053,98,584,-486
124900054,7351,460,6891
124900055,2,233,-231
124900057,6,180,-174
124900060,133,459,-326
124900061,43,14,29
124900062,101,25,76
124900066,0,10,-10
124900067,5,458,-453
124900068,269,441,-172
124900070,43,17,26
124900072,74,28,46
124900075,163,312,-149
124900076,28,752,-724
124900077,25,169,-144
124900078,101,14,87
124900079,1237,133,1104
124900080,316,1407,-1091
124900081,871,337,534
124900082,515,1892,-1377
124900083,287,1017,-730
124900085,1890,357,1533
124900086,112,1225,-1113
124900087,767,133,634
124900088,827,212,615
124900089,2199,35,2164
124900090,264,328,-64
124900091,355,964,-609
124900092,304,738,-434
124900093,293,268,25
124900094,327,361,-34
124900095,80,538,-458
124900096,667,296,371
124900097,326,91,235
124900098,143,662,-519
124900099,1053,593,460
124900100,273,80,193
124900101,39,364,-325
124900102,177,56,121
124900103,171,476,-305
124900104,70,344,-274
124900105,72,283,-211
124900106,449,57,392
124900107,82,31,51
124900108,304,75,229
124900111,2,54,-52
124900112,87,1560,-1473
124900113,137,289,-152
124900114,232,137,95
124900115,46,32,14
124900116,145,139,6
124900117,1301,208,1093
124900118,163,181,-18
124900119,426,166,260
124900120,63,613,-550
124900121,155,305,-150
124900122,880,325,555
124900123,441,98,343
124900124,158,306,-148
204000001,45,25,20
204000002,36,15,21
204000003,31,4,27
204000004,2,1,1
204000005,565,677,-112
204000006,1176,2260,-1084
204000011,14,101,-87
204000012,56,150,-94
204000019,529,729,-200
204000020,706,1135,-429
204000021,2859,1211,1648
204000022,544,648,-104
204000023,541,1410,-869
204000031,110,29,81
204000032,628,50,578
204000034,25,365,-340
204000035,2,4,-2
204000036,7,28,-21
204000037,3,23,-20
204000038,3,35,-32
204000039,2,53,-51
204000040,3,58,-55
204000041,7,74,-67
204000042,53,26,27
204000043,44,3,41
204000044,25,6,19
204000045,67,5,62
204000046,18,6,12
204000057,3,27,-24
204000062,15,200,-185
204000068,14,199,-185
204000069,13,272,-259
204000070,59,158,-99
204000080,28,52,-24
204000085,1703,2383,-680
204000086,4110,2773,1337
204000087,16,18,-2
204000088,3,142,-139
204000090,17,568,-551
204000093,157,70,87
204000096,705,1161,-456
204000097,270,40,230
204000099,917,1654,-737
204000100,1199,1717,-518
204000105,2279,2758,-479
204000110,1026,1576,-550
204000111,405,1023,-618
204000112,753,1353,-600
204000113,467,1438,-971
204000114,866,965,-99
204000115,517,586,-69
204000116,1126,888,238
204000119,1823,3154,-1331
204000132,499,353,146
204000133,656,342,314
204000134,370,166,204
204000135,435,169,266
204000136,254,371,-117
204000138,265,526,-261
204000140,160,160,0
204000141,150,101,49
204000144,10,38,-28
204000145,594,52,542
204000146,36,581,-545
204000147,22,180,-158
204000148,384,47,337
204000154,6,1,5
204000155,1,14,-13
204000177,105,82,23
204000179,6,16,-10
204000180,0,32,-32
204000222,4,29,-25
204000235,12,33,-21
204000236,99,510,-411
204000238,22,83,-61
204000240,312,112,200
204000263,695,1907,-1212
204000268,1338,939,399
204000308,316,48,268
204000317,18,88,-70
204000322,7,58,-51
204000323,35,38,-3
204000328,292,137,155
204000329,67,262,-195
204000330,179,67,112
204000331,16,218,-202
204010341,35,546,-511
205000001,1413,1940,-527
205000013,13,100,-87
205000014,11,143,-132
205000015,22,275,-253
205000016,24,228,-204
205000017,27,126,-99
205000022,307,880,-573
205000025,2022,1419,603
205000029,229,11,218
205000045,98,295,-197
205000046,115,810,-695
205000047,93,759,-666
205000048,239,1532,-1293
205000049,188,1065,-877
205000050,1736,384,1352
205000059,1,401,-400
205000060,1,110,-109
205000061,3,69,-66
205000062,8,62,-54
205000063,34,85,-51
205000064,32,167,-135
205000065,75,871,-796
205000066,137,1296,-1159
205000067,46,1685,-1639
205000069,143,22,121
205000082,168,504,-336
205000110,65,242,-177
205000111,183,262,-79
205000112,185,262,-77
205000113,240,337,-97
205000121,252,148,104
205000123,70,231,-161
205000126,575,268,307
205000127,785,412,373
205000128,777,215,562
205000129,980,219,761
205000130,1211,56,1155
205000131,809,14,795
205000132,813,4,809
205000133,364,2,362
205000134,260,0,260
205000137,137,161,-24
205000138,241,475,-234
205000139,16,144,-128
205000144,76,122,-46
205000145,353,358,-5
205000151,243,96,147
205000152,259,71,188
205000153,192,113,79
205000154,72,140,-68
205000155,114,31,83
205000207,6,203,-197
205000233,33,28,5
205000234,0,0,0
205000243,0,2,-2
205000244,0,7,-7
205000245,8,494,-486
205000249,1,23,-22
205000250,1,0,1
205000264,9,99,-90
206000027,14,2,12
206000028,1,0,1
206000043,8,162,-154
206000053,0,25,-25
206000054,12,43,-31
206000055,1,70,-69
206000075,10,7,3
206000076,17,10,7
206000077,15,4,11
206000078,11,9,2
206000079,12,3,9
206000082,500,32,468
206000100,86,1070,-984
206000103,1,23,-22
206000104,7,34,-27
206000105,6,35,-29
206000106,9,54,-45
206000108,598,30,568
206000125,37,0,37
206000157,90,1179,-1089
206000170,2,308,-306
206000171,12,286,-274
206000172,9,1364,-1355
206000173,3,421,-418
206000174,12,153,-141
206000175,3,298,-295
206000176,15,505,-490
206000177,8,288,-280
206000178,0,255,-255
206000179,11,143,-132
206000180,17,324,-307
206000181,17,531,-514
206000182,18,567,-549
206000183,11,1632,-1621
206000184,4,648,-644
206000185,24,562,-538
206000186,122,2675,-2553
206000223,4,357,-353
206000226,14,8,6
206000227,18,7,11
206000237,22,625,-603
206000238,39,985,-946
206000239,873,3811,-2938
206000240,0,103,-103
206000241,1,215,-214
206000242,10,626,-616
206000243,5,591,-586
206000244,66,1541,-1475
206000245,394,47,347
206000246,79,11,68
206000247,104,13,91
206000248,190,18,172
206000252,75,42,33
206000258,19,70,-51
206000315,36,6,30
206000317,291,104,187
206000318,246,50,196
206000319,589,80,509
206000320,63,42,21
206000321,66,10,56
206000322,227,5,222
206000323,97,7,90
206000324,79,9,70
206000325,141,7,134
206000326,118,15,103
206000327,234,11,223
206000328,61,2,59
206000329,98,8,90
206000330,33,4,29
206000331,55,3,52
206000332,24,10,14
206000333,301,5,296
206000334,167,4,163
206000335,0,30,-30
206000361,7,380,-373
206000392,6,56,-50
206000405,100,1,99
206000441,17,29,-12
206000498,12,0,12
206000515,131,37,94
206000530,116,48,68
206000531,171,118,53
206000532,3233,144,3089
206000535,465,3639,-3174
206000536,25,468,-443
206000537,17,338,-321
206000613,1436,197,1239
207000001,146,692,-546
207000002,110,453,-343
207000003,168,337,-169
207000007,588,333,255
207000008,72,11,61
207000009,50,47,3
207000010,472,952,-480
207000012,242,286,-44
207000015,434,2603,-2169
207000019,215,107,108
207000021,504,152,352
207000022,223,83,140
207000023,165,65,100
207000024,0,22,-22
207000025,19,73,-54
207000026,83,46,37
207000027,28,107,-79
207000028,90,262,-172
207000029,345,571,-226
207000033,308,345,-37
207000034,273,74,199
207000039,304,163,141
207000040,174,195,-21
207000041,78,33,45
207000042,256,101,155
207000043,293,216,77
207000051,152,466,-314
207000052,13,310,-297
207000053,542,1033,-491
207000054,47,175,-128
207000055,166,269,-103
207000056,354,649,-295
207000057,169,486,-317
207000058,123,761,-638
207000059,130,1471,-1341
207000060,75,454,-379
207000061,168,265,-97
207000062,219,56,163
207000063,187,159,28
207000064,346,197,149
207000065,287,264,23
207000066,150,220,-70
207000067,40,167,-127
207000068,131,87,44
207000069,668,471,197
207000082,51,582,-531
207000083,68,648,-580
207000084,149,283,-134
207000085,132,23,109
207000086,114,7,107
207000106,48,42,6
207000107,79,37,42
207000108,53,9,44
207000109,57,23,34
207000110,62,69,-7
207000111,128,95,33
207000112,251,460,-209
207000114,17,50,-33
207000115,18,102,-84
207000116,19,401,-382
207000117,23,191,-168
207000118,2,154,-152
207000119,25,141,-116
207000123,177,22,155
207000124,91,36,55
207000125,57,36,21
207000126,92,39,53
207000134,46,352,-306
207000135,20,462,-442
207000148,33,334,-301
207000149,89,68,21
207000152,184,476,-292
207000153,1267,1431,-164
207000154,521,170,351
207000159,118,424,-306
207000160,134,1001,-867
207000238,1,146,-145
207000242,6,269,-263
207000248,41,43,-2
207000249,194,85,109
207000250,1186,76,1110
207000251,92,126,-34
207000252,74,92,-18
207000278,89,145,-56
207000279,8,374,-366
207000280,269,83,186
207000281,133,2071,-1938
207000282,133,51,82
207000283,145,491,-346
207000284,39,89,-50
207000285,217,54,163
207000291,26,162,-136
207000304,129,49,80
207000306,72,620,-548
207000310,48,93,-45
207000353,421,7,414
207000356,25,31,-6
207000357,23,10,13
207000358,74,20,54
207000415,7,268,-261
207000417,29,3,26
207000418,99,168,-69
207000438,0,7,-7
207000439,1067,573,494
207000446,123,4,119
207000460,3,15,-12
207000466,212,282,-70
207000467,155,125,30
207000468,60,903,-843
207000476,3,117,-114
207000477,503,133,370
207000478,7,29,-22
207000523,0,8,-8
207000524,36,0,36
207000527,139,286,-147
207000530,342,12,330
207000531,321,18,303
207000532,133,34,99
207000534,712,70,642
207000535,52,386,-334
207000537,33,175,-142
207000540,15,276,-261
207000541,4,499,-495
207000548,8,454,-446
207000549,304,22,282
207000561,126,265,-139
207000562,34,310,-276
207000567,214,434,-220
207000568,100,192,-92
207000569,381,1908,-1527
207000584,420,318,102
207000585,75,406,-331
207000587,3,4,-1
207000616,1,329,-328
207000617,87,0,87
207900008,154,394,-240
208000001,608,1034,-426
208000002,496,806,-310
208000003,1031,871,160
208000004,1257,980,277
208000005,24,19,5
208000019,493,1324,-831
208000020,176,670,-494
208000021,152,1094,-942
208000022,783,1143,-360
208000028,1837,1101,736
208000033,593,1184,-591
208000034,1671,3002,-1331
208000037,748,101,647
208000040,84,192,-108
208000041,872,666,206
208000042,855,753,102
208000047,176,680,-504
208000064,3174,1872,1302
208000066,1848,1962,-114
208000070,309,560,-251
208000071,405,1185,-780
208000072,346,1848,-1502
208000080,276,489,-213
208000081,259,317,-58
208000082,262,427,-165
208000083,149,569,-420
208000084,30,20,10
208000085,1042,752,290
208000086,519,1186,-667
208000087,301,1125,-824
208000089,940,1271,-331
208000090,874,1756,-882
208000093,101,173,-72
208000094,511,919,-408
208000095,712,605,107
208000104,1032,1414,-382
208000105,667,1530,-863
208000114,82,274,-192
208000115,545,572,-27
208000116,408,1154,-746
208000117,72,148,-76
208000118,110,145,-35
208000155,649,1379,-730
208000158,1878,4898,-3020
208000186,3815,3999,-184
208000204,579,1756,-1177
208000205,1200,2316,-1116
208000282,5295,2943,2352
209000004,190,258,-68
209000005,35,30,5
209000006,729,136,593
209000007,392,286,106
209000010,533,153,380
209000011,180,236,-56
209000012,103,310,-207
209000013,225,878,-653
209000014,686,2417,-1731
209000025,248,48,200
209000026,685,122,563
209000027,418,1622,-1204
209000028,338,1561,-1223
209000029,787,1534,-747
209000030,592,2844,-2252
209000031,6422,3834,2588
209000034,167,268,-101
209000035,136,234,-98
209000036,178,165,13
209000037,156,389,-233
209000038,98,245,-147
209000039,81,250,-169
209000040,449,735,-286
209000041,218,549,-331
209000042,304,456,-152
209000043,1113,933,180
209000044,271,888,-617
209000045,1298,639,659
209000046,508,625,-117
209000047,351,306,45
209000048,474,354,120
209000049,109,252,-143
209000050,217,377,-160
209000051,319,639,-320
209000052,200,624,-424
209000062,58,285,-227
209000063,30,237,-207
209000064,36,219,-183
209000065,58,71,-13
209000066,50,48,2
209000067,47,108,-61
209000080,34,290,-256
209000082,70,75,-5
209000091,21,179,-158
209000093,72,81,-9
209000094,219,259,-40
209000110,37,103,-66
209000111,284,1550,-1266
209000112,682,725,-43
209000113,1796,629,1167
209000114,363,480,-117
209000115,77,288,-211
209000116,1217,1074,143
209000118,48,50,-2
209000119,58,10,48
209000121,165,945,-780
209000135,110,154,-44
209000142,745,1420,-675
209000143,108,91,17
209000144,96,148,-52
209000229,189,256,-67
209000240,56,695,-639
209000259,125,234,-109
209000260,99,1705,-1606
209000261,8,991,-983
209000262,3,940,-937
209000263,1,289,-288
209000264,0,128,-128
209000265,316,2,314
209000266,90,1,89
209000267,756,3,753
209000268,926,38,888
210000037,65,35,30
210000047,65,56,9
210000048,77,60,17
210000049,44,50,-6
210000052,36,187,-151
210000053,10,126,-116
210000054,50,109,-59
210000070,172,3,169
210000071,71,0,71
210000072,22,0,22
210000073,0,33,-33
210000074,0,131,-131
210000075,1,58,-57
210000076,24,174,-150
210000077,45,45,0
210000078,53,29,24
210000079,64,13,51
210000080,228,64,164
210000081,183,14,169
210000082,66,2,64
210000083,66,3,63
210000084,42,0,42
210000085,1,125,-124
210000086,10,179,-169
210000099,49,337,-288
210000100,62,338,-276
210000101,77,377,-300
210000105,54,338,-284
210000159,1,161,-160
210000163,249,405,-156
210000164,300,117,183
210000168,239,21,218
210000187,0,50,-50
210000188,0,37,-37
210000214,26,0,26
210000219,19,68,-49
210000220,62,135,-73
210000232,5,16,-11
210000233,40,70,-30
210000234,33,174,-141
210000235,59,210,-151
210000245,1,149,-148
210000246,23,1,22
210000258,24,118,-94
210000259,318,30,288
210000282,54,248,-194
210000285,1,129,-128
210000286,14,210,-196
210000290,0,6,-6
210000295,35,238,-203
210000296,54,123,-69
210000320,171,185,-14
210000321,106,147,-41
210000338,88,144,-56
210000339,651,1344,-693
210000340,129,493,-364
210000341,183,344,-161
210000342,170,278,-108
210000343,175,295,-120
210000344,327,155,172
210000345,260,258,2
210000346,79,154,-75
210000347,226,55,171
210000348,211,8,203
210000349,132,18,114
210000350,77,72,5
210000351,86,135,-49
210000352,72,169,-97
210000353,47,163,-116
210000354,83,152,-69
210000355,118,155,-37
210000356,118,86,32
210000357,93,69,24
210000358,494,163,331
210000359,217,92,125
210000360,200,188,12
210000361,177,241,-64
210000362,224,282,-58
210000363,1164,224,940
210000364,154,199,-45
210000365,114,67,47
210000366,133,77,56
210000367,92,57,35
210000368,178,41,137
210000369,38,39,-1
210000370,62,87,-25
210000372,95,51,44
210000373,135,13,122
210000374,96,19,77
210000375,37,111,-74
210000376,83,198,-115
210000404,102,221,-119
210000439,25,106,-81
210000472,109,8,101
210000482,71,85,-14
210000564,707,354,353
210000567,1,18,-17
210000568,707,1,706
211000092,35,97,-62
211000094,32,16,16
211000169,204,6,198
211000172,13,368,-355
211000209,2,29,-27
211000226,13,46,-33
211000270,30,9,21
211000275,22,51,-29
211000276,88,60,28
211000279,12,109,-97
211000281,34,118,-84
211507980,0,43,-43
211977296,14,7,7
212000003,163,95,68
212000004,121,43,78
212000005,30,44,-14
212000006,32,152,-120
212000008,160,373,-213
212000009,15,230,-215
212000012,58,101,-43
212000013,10,72,-62
212000014,217,229,-12
212000015,277,382,-105
212000016,430,873,-443
212000027,508,900,-392
212000028,313,710,-397
212000029,206,440,-234
212000030,39,36,3
212000031,67,89,-22
212000048,36,157,-121
212000049,12,74,-62
212000050,5,17,-12
212000051,199,333,-134
212000052,149,577,-428
212000053,350,879,-529
212000054,177,174,3
212000055,228,394,-166
212000056,15,72,-57
212000057,6,51,-45
212000058,556,39,517
212000070,106,525,-419
212000077,100,1139,-1039
212000099,222,381,-159
212000108,318,301,17
212000111,211,202,9
212000120,282,154,128
212000138,92,28,64
212000156,10,224,-214
212000158,4,22,-18
212000159,260,64,196
212000160,443,318,125
212000161,36,13,23
212000310,19,22,-3
212000311,9,104,-95
212000374,19,12,7
213000001,26,1252,-1226
213000005,356,155,201
213000006,1254,217,1037
213000007,68,29,39
213000009,791,343,448
213000010,219,277,-58
213000011,223,158,65
213000012,231,545,-314
213000014,60,5,55
213000015,203,6,197
213000016,339,3,336
213000017,58,0,58
213000018,1,276,-275
213000019,2,299,-297
213000020,123,581,-458
213000021,4,160,-156
213000023,285,259,26
213000033,312,1431,-1119
213000034,801,479,322
213000035,116,332,-216
213000045,152,330,-178
213000046,267,332,-65
213000047,792,1114,-322
213000056,79,28,51
213000069,124,1,123
213000073,0,40,-40
213000074,222,861,-639
213000075,483,9,474
213000076,10,0,10
213000085,2,69,-67
213000086,17,426,-409
213000091,134,15,119
213000092,73,20,53
213000099,196,1373,-1177
213000100,1466,319,1147
213000101,228,249,-21
213000102,306,586,-280
213000103,914,1387,-473
213000104,59,852,-793
213000105,2,134,-132
213000106,28,278,-250
213000107,168,1192,-1024
213000108,27,801,-774
213000109,2,406,-404
213000110,14,107,-93
213000111,8,104,-96
213000112,202,208,-6
213000115,37,4,33
213000116,120,1517,-1397
213000117,23,1978,-1955
213000118,337,548,-211
213000119,79,1413,-1334
213000120,153,1555,-1402
213000122,517,1309,-792
213000123,1295,2258,-963
213000124,114,2237,-2123
213000125,153,11,142
213000126,104,144,-40
213000127,232,274,-42
213000128,1352,1233,119
213000129,676,600,76
213000130,320,268,52
213000132,258,90,168
213000133,262,141,121
213000134,812,19,793
213000136,330,20,310
213000137,521,77,444
213000139,388,17,371
213000147,52,8,44
213000148,19,6,13
213000149,60,11,49
213000150,0,147,-147
213000151,2,138,-136
213000152,2,113,-111
213000153,2,51,-49
213000154,44,373,-329
213000155,35,583,-548
213000156,111,1168,-1057
213000157,1412,806,606
213000158,297,1068,-771
213000159,497,1160,-663
213000163,463,93,370
213000165,720,301,419
213000171,0,196,-196
213000172,3,527,-524
213000173,2,456,-454
213000174,1,320,-319
213000175,4,206,-202
213000176,23,23,0
213000177,39,4,35
213000178,66,4,62
213000179,130,1,129
213000180,87,2,85
213000184,92,928,-836
213000188,354,118,236
213000189,273,56,217
213000190,850,1532,-682
213000191,213,944,-731
213000192,196,1122,-926
213000193,3116,338,2778
213000194,1,66,-65
213000195,20,661,-641
213000196,310,1404,-1094
213000197,300,857,-557
213000198,37,1,36
213000200,183,1663,-1480
213000201,87,82,5
213000202,15,1342,-1327
213000203,5128,737,4391
213000204,602,83,519
213000205,266,92,174
213000206,1414,44,1370
213000207,163,15,148
213000208,76,2,74
213000209,119,4,115
213000210,322,1,321
213000211,21,7,14
213000212,8,20,-12
213000213,9,39,-30
213000218,212,1435,-1223
213000219,431,8,423
213000220,384,11,373
213000223,209,200,9
213000224,29,51,-22
213000225,81,7,74
213000226,43,15,28
213000227,599,250,349
213000228,258,135,123
213000229,539,27,512
213000230,272,42,230
213000232,118,704,-586
213000233,23,36,-13
213000234,8,46,-38
213000293,19,84,-65
213000294,110,7,103
213000295,4,110,-106
213000296,105,37,68
213000297,9,181,-172
213000298,25,145,-120
213000299,78,84,-6
213000300,11,6,5
213000303,14,61,-47
213000304,1,13,-12
213000305,3,6,-3
213000306,94,61,33
213000307,472,92,380
213000308,127,450,-323
213000309,225,67,158
213000310,263,136,127
213000311,369,1278,-909
213000315,61,296,-235
213000316,76,98,-22
213000322,116,271,-155
213000323,60,199,-139
213000324,38,97,-59
213000325,37,196,-159
213000326,22,35,-13
213000327,13,131,-118
213000328,35,144,-109
213000329,46,61,-15
213000340,196,1548,-1352
213000341,247,134,113
213000346,196,187,9
213000347,1080,287,793
213000348,12,270,-258
213000349,25,8,17
213000350,283,2586,-2303
213000366,73,694,-621
213000367,155,43,112
213000379,48,209,-161
213000386,31,365,-334
213000406,169,609,-440
213000417,1266,521,745
213000425,104,71,33
213000426,83,123,-40
213000427,57,681,-624
213000428,30,494,-464
213000429,14,1,13
213000430,112,2176,-2064
213000431,97,2,95
213000432,1,28,-27
213000433,13,241,-228
213000434,73,155,-82
213000435,53,136,-83
213000436,13,158,-145
213000437,0,46,-46
213000438,136,144,-8
213000439,77,18,59
213000440,12,347,-335
213000441,12,12,0
213000442,2,69,-67
213000443,573,696,-123
213000444,40,118,-78
213000445,1,184,-183
213000446,2,16,-14
213000447,5,48,-43
213000448,5,101,-96
213000449,216,9,207
213000450,29,51,-22
213000451,254,134,120
213000452,14,33,-19
213000453,88,620,-532
213000455,254,1,253
213000456,0,157,-157
213000481,16,5,11
213000482,39,6,33
213000489,831,126,705
213000491,2,145,-143
213000492,327,1,326
213000493,0,132,-132
213000494,200,241,-41
213000495,0,181,-181
213000496,327,368,-41
213000497,34,530,-496
213000498,113,412,-299
213000499,129,1194,-1065
213000500,276,139,137
213000501,97,46,51
213000502,207,142,65
213000503,0,81,-81
213000504,3,235,-232
213000505,7,3,4
213000506,0,9,-9
213000507,3,219,-216
213900016,0,17,-17
213900244,29,0,29
213900245,0,45,-45
218000003,23,25,-2
218000004,48,20,28
218000005,28,57,-29
218000006,57,26,31
218000007,4,17,-13
218000012,482,198,284
218000013,76,143,-67
218000014,460,519,-59
218000019,885,903,-18
218000020,332,662,-330
218000021,40,141,-101
218000022,15,68,-53
218000023,2,59,-57
218000024,2,34,-32
218000025,8,56,-48
218000026,11,98,-87
218000027,0,34,-34
218000028,0,8,-8
218000029,1,3,-2
218000030,27,33,-6
218000031,2,71,-69
218000032,2,62,-60
218000040,2,5,-3
218000046,23,251,-228
218000047,11,317,-306
218000048,59,289,-230
218000049,125,266,-141
218000050,392,478,-86
218000051,95,543,-448
218000052,0,223,-223
218000053,4,17,-13
218000054,20,53,-33
218000055,14,24,-10
218000056,13,34,-21
218000057,0,43,-43
218000064,3,16,-13
218000065,40,70,-30
218000066,8,69,-61
218000067,63,131,-68
218000068,99,164,-65
218000069,150,288,-138
218000070,136,426,-290
218000071,164,340,-176
218000072,332,411,-79
218000078,807,1874,-1067
218000079,52,106,-54
218000080,60,141,-81
218000081,264,431,-167
218000082,21,203,-182
218000083,53,89,-36
218000084,91,277,-186
218000085,107,709,-602
218000086,36,304,-268
218000087,187,383,-196
218000090,13,102,-89
218000091,883,605,278
218000092,61,199,-138
218000093,55,119,-64
218000094,438,1142,-704
218000099,308,689,-381
218000100,218,415,-197
218000101,228,246,-18
218000102,272,533,-261
218000103,98,284,-186
218000104,65,59,6
218000105,23,14,9
218000106,6,5,1
218000107,43,91,-48
218000108,0,76,-76
218000112,88,23,65
218000117,46,54,-8
218000134,628,1320,-692
218000135,37,172,-135
218000136,267,65,202
218000137,188,166,22
218000138,25,145,-120
218000139,111,462,-351
218000140,253,278,-25
218000141,79,86,-7
218000142,110,220,-110
218000143,95,275,-180
218000144,52,85,-33
218000145,337,500,-163
218000146,69,240,-171
218000151,8,37,-29
218000152,69,62,7
218000153,8,7,1
218000154,5,4,1
218000155,9,4,5
218000156,45,18,27
218000157,16,21,-5
218000158,7,9,-2
218000159,2,2,0
218000160,1,2,-1
218000161,10,11,-1
218000162,19,9,10
218000163,2,3,-1
218000164,10,16,-6
218000165,62,37,25
218000170,2,40,-38
218000171,37,11,26
218000172,21,15,6
218000173,53,28,25
218000174,17,8,9
218000176,81,43,38
218000177,200,186,14
218000178,69,178,-109
218000179,80,84,-4
218000180,48,16,32
218000181,118,58,60
218000187,5,28,-23
218000188,54,57,-3
218000189,21,122,-101
218000190,6,39,-33
218000191,57,90,-33
218000192,140,748,-608
218000193,344,977,-633
218000194,76,837,-761
218000195,128,136,-8
218000196,234,324,-90
218000197,176,457,-281
218000198,8,202,-194
218000199,28,37,-9
218000200,87,82,5
218000201,28,12,16
218000202,326,252,74
218000207,11,123,-112
218000208,46,100,-54
218000211,34,4,30
218000212,1,12,-11
218000213,149,135,14
218000214,5,45,-40
218000215,63,144,-81
218000217,11,238,-227
218000218,368,152,216
218000219,132,28,104
218000220,250,514,-264
218000221,1528,212,1316
218000222,83,20,63
218000223,42,170,-128
218000224,3,150,-147
218000225,132,23,109
218000226,59,93,-34
218000230,0,3,-3
218000232,53,138,-85
218000239,58,3,55
218000240,16,3,13
218000241,8,2,6
218000242,48,3,45
218000243,14,0,14
218000244,9,0,9
218000245,18,3,15
218000246,0,5,-5
218000247,2,1,1
218000248,0,21,-21
218000249,0,3,-3
218000250,8,58,-50
218000251,1,26,-25
218000252,0,19,-19
218000253,6,12,-6
218000254,0,21,-21
218000255,0,18,-18
218000256,8,44,-36
218000267,1280,1594,-314
218000268,10,99,-89
218000269,3,11,-8
218000270,43,90,-47
218000271,29,99,-70
218000273,24,15,9
218000274,11,22,-11
218000275,4,42,-38
218000276,7,42,-35
218000278,16,40,-24
218000279,45,107,-62
218000280,7,35,-28
218000281,16,25,-9
218000282,729,358,371
218000284,219,33,186
218000301,90,115,-25
218000302,91,54,37
218000303,31,103,-72
218000316,678,1543,-865
218000317,723,1446,-723
218000318,341,1119,-778
218000319,911,2281,-1370
218000320,655,1062,-407
218000338,61,30,31
218000345,118,75,43
218000346,55,181,-126
218000459,99,535,-436
218000490,42,75,-33
218000501,77,58,19
218000502,51,107,-56
218000503,94,23,71
218000504,174,21,153
218000505,52,243,-191
218000506,40,294,-254
218000508,1,6,-5
218000510,250,14,236
218000520,121,131,-10
218000521,2,161,-159
218000522,0,217,-217
218000523,133,1,132
218000524,47,185,-138
218000525,73,15,58
218000526,31,124,-93
218000529,28,619,-591
218000530,1,5,-4
218000531,10,22,-12
218000532,11,26,-15
218000534,71,15,56
218000537,36,44,-8
218000538,140,171,-31
218000540,368,78,290
218000543,100,57,43
218000544,32,202,-170
218000545,36,78,-42
218000546,33,226,-193
218000547,111,100,11
218000548,83,358,-275
218000549,459,268,191
218000550,320,800,-480
218000551,238,853,-615
218000552,623,60,563
218000553,37,87,-50
218000554,21,36,-15
218000555,22,44,-22
218000556,87,597,-510
218000557,217,231,-14
218000558,79,1,78
218000559,0,24,-24
218000560,0,29,-29
218000561,19,1,18
218000562,29,250,-221
218000563,209,26,183
218000564,19,139,-120
218000565,133,32,101
218000566,368,45,323
218000567,7,73,-66
218000568,2,6,-4
218000569,5,203,-198
218000570,215,10,205
218000571,1,167,-166
218000572,125,0,125
218000573,13,90,-77
218000574,120,52,68
218000575,83,1,82
218000576,0,69,-69
218000577,104,0,104
218000578,3,66,-63
218000579,89,0,89
218000581,5,85,-80
218000582,28,8,20
218000583,4,0,4
218000584,0,34,-34
218000585,8,1,7
218000586,5,58,-53
218000587,1,5,-4
218000588,0,1,-1
218000589,0,3,-3
218000590,1,1,0
218000591,0,4,-4
218000592,0,1,-1
218000593,0,0,0
218000594,1,0,1
218000597,0,1,-1
218000598,0,0,0
218000599,2,2,0
218000600,0,0,0
218000601,0,0,0
218000602,0,3,-3
218000603,0,3,-3
218000604,6,0,6
218000605,0,16,-16
218000606,55,0,55
218000607,12,72,-60
218000608,74,10,64
218000609,3,61,-58
218000610,119,5,114
218000611,16,6,10
218000612,3,41,-38
218000613,40,0,40
218000614,8,58,-50
218000615,130,6,124
218000616,10,256,-246
218000617,6,4,2
218000618,1,25,-24
218000619,32,48,-16
218000620,15,25,-10
218000621,1,3,-2
218000622,0,11,-11
218000623,59,0,59
218000624,12,22,-10
218000625,4,4,0
218000626,1,10,-9
218000628,109,40,69
218000631,27,32,-5
218000632,1,199,-198
218000633,46,2,44
218000634,3,23,-20
218000635,1,9,-8
218000636,895,2405,-1510
218000637,813,787,26
218000638,116,126,-10
218000639,18,330,-312
218000640,190,63,127
218000641,50,664,-614
218000652,101,258,-157
218000653,150,101,49
218000663,6,249,-243
218000675,35,71,-36
218000676,1,61,-60
218000677,4,16,-12
218000680,214,882,-668
218000681,279,178,101
218000691,130,695,-565
218000693,125,205,-80
218000703,9,116,-107
218000718,1335,894,441
218000719,1696,265,1431
218000720,10,81,-71
218000721,32,11,21
218000725,3,11,-8
218001147,1,315,-314
218001214,22,57,-35
218001258,40,6,34
218001329,166,164,2
218001330,106,141,-35
218001351,20,30,-10
218001352,12,21,-9
218001353,5,6,-1
218001354,2,15,-13
218001355,20,798,-778
218001356,201,4,197
218001357,7,424,-417
218001358,129,1,128
218001361,96,15,81
218001362,1,490,-489
219000001,39,134,-95
219000002,32,119,-87
219000003,37,37,0
219000004,85,85,0
219000017,203,32,171
219000020,85,45,40
219000022,125,3,122
219000023,108,1,107
219000029,0,83,-83
219000034,32,14,18
219000039,76,97,-21
219000040,54,22,32
219000041,95,42,53
219000051,0,88,-88
219000052,0,22,-22
219000053,1,365,-364
219000054,26,210,-184
219000055,97,0,97
219000056,16,1,15
219000057,74,0,74
219000062,19,425,-406
219000063,74,5,69
219000064,4,90,-86
219000110,251,46,205
219000111,57,44,13
219000112,124,69,55
219000113,128,54,74
219000114,229,87,142
219000116,93,55,38
219000117,200,188,12
219000118,116,138,-22
219000123,498,130,368
219000124,69,70,-1
219000125,10,17,-7
219000126,79,97,-18
219000127,0,7,-7
219000128,15,133,-118
219000129,34,207,-173
219000130,801,1153,-352
219000131,578,1107,-529
219000133,58,41,17
219000134,8,26,-18
219000135,30,86,-56
219000136,178,169,9
219000138,28,28,0
219000139,19,89,-70
219000140,37,4,33
219000141,19,145,-126
219000142,24,119,-95
219000143,31,121,-90
219000145,16,69,-53
219000146,6,92,-86
219000147,0,86,-86
219000148,3,90,-87
219000149,17,273,-256
219000150,1,174,-173
219000151,4,133,-129
219000157,118,154,-36
219000158,196,319,-123
219000161,137,9,128
219000163,1998,530,1468
219000166,69,256,-187
219000167,83,288,-205
219000168,253,99,154
219000174,290,172,118
219000175,50,5,45
219000176,42,10,32
219000177,44,5,39
219000178,11,3,8
219000179,10,17,-7
219000180,30,38,-8
219000182,105,17,88
219000183,44,75,-31
219000184,83,11,72
219000185,3,113,-110
219000186,57,65,-8
219000187,20,160,-140
219000189,203,267,-64
219000190,185,337,-152
219000191,1631,1491,140
219000192,187,151,36
219000193,834,213,621
219000195,0,100,-100
219000196,7,172,-165
219000198,25,186,-161
219000199,116,213,-97
219000200,42,218,-176
219000201,73,332,-259
219000203,37,212,-175
219000204,91,276,-185
219000205,46,262,-216
219000207,177,375,-198
219000209,21,105,-84
219000210,85,141,-56
219000213,12,567,-555
219000239,224,299,-75
219000240,251,503,-252
219000241,86,419,-333
219000242,48,324,-276
219000243,137,509,-372
219000244,64,189,-125
219000245,37,80,-43
219000246,38,25,13
219000247,106,24,82
219000248,399,278,121
219000249,111,65,46
219000250,118,112,6
219000251,405,206,199
219000252,294,161,133
219000253,234,51,183
219000255,74,112,-38
219000256,123,123,0
219000257,79,50,29
219000262,71,339,-268
219000263,30,360,-330
219000267,5,259,-254
219000268,5,15,-10
219000269,7,3,4
219000270,2,0,2
219000271,93,1,92
219000278,0,18,-18
219000279,1,9,-8
219000283,0,17,-17
219000295,13,152,-139
219000296,97,801,-704
219000297,20,186,-166
219000298,25,302,-277
219000299,453,83,370
219000300,23,425,-402
219000301,328,388,-60
219000302,47,222,-175
219000307,23,57,-34
219000308,57,33,24
219000311,170,43,127
219000312,455,57,398
219000313,233,34,199
219000314,92,836,-744
219000315,170,76,94
219000316,395,66,329
219000317,108,36,72
219000320,0,72,-72
219000321,0,27,-27
219000323,6,122,-116
219000325,1,44,-43
219000326,66,161,-95
219000327,66,49,17
219000328,23,66,-43
219000329,307,123,184
219000330,36,29,7
219000331,29,57,-28
219000332,68,93,-25
219000333,11,6,5
219000335,59,4,55
219000337,14,0,14
219000338,40,30,10
219000344,32,59,-27
219000345,70,195,-125
219000346,55,196,-141
219000348,129,309,-180
219000349,46,527,-481
219000350,61,149,-88
219000351,1,4,-3
219000352,326,53,273
219000353,98,55,43
219000354,124,184,-60
219000355,94,50,44
219000356,1601,816,785
219000363,273,50,223
219000364,70,31,39
219000365,85,10,75
219000366,229,216,13
219000368,485,416,69
219000370,1276,282,994
219000371,11,22,-11
219000382,5,30,-25
219000383,917,1115,-198
219000385,707,695,12
219000386,1324,1993,-669
219000387,0,19,-19
219000390,3,2,1
219000391,1,0,1
219000397,77,95,-18
219000398,106,54,52
219000401,18,119,-101
219000402,27,124,-97
219000403,137,181,-44
219000404,20,79,-59
219000407,2,62,-60
219000409,39,52,-13
219000410,61,22,39
219000411,45,5,40
219000446,312,774,-462
219000447,6,41,-35
219000448,16,5,11
219000452,107,56,51
219000453,81,174,-93
219000454,319,256,63
219000556,174,114,60
219000558,93,545,-452
219000590,24,295,-271
219000591,40,148,-108
219000592,147,532,-385
219000595,4,59,-55
219000635,79,46,33
219000636,28,116,-88
219000657,17,11,6
219000658,34,79,-45
219000673,0,19,-19
219000676,55,7,48
219000679,46,12,34
219000684,77,1,76
219000685,3,162,-159
219000686,0,0,0
219000688,1,118,-117
219000689,49,296,-247
219000690,199,53,146
219000691,100,205,-105
219000692,172,43,129
219000693,1,37,-36
219000694,2,1,1
219000695,19,3,16
219000698,153,2,151
219000699,0,8,-8
219000727,6,324,-318
219000728,60,2,58
219000770,20,3,17
219000771,0,58,-58
219000788,286,284,2
219001150,0,16,-16
219001151,1,6,-5
219001166,43,24,19
219001167,2,123,-121
219001178,24,0,24
220000001,43,36,7
220000002,17,294,-277
220000003,543,418,125
220000004,699,771,-72
220000005,1741,2265,-524
220000006,212,1176,-964
220000007,425,852,-427
220000008,439,1667,-1228
220000009,309,925,-616
220000010,211,235,-24
220000011,943,3609,-2666
220000012,240,483,-243
220000014,88,61,27
220000015,56,238,-182
220000017,62,594,-532
220000018,9329,2659,6670
220000019,68,312,-244
220000020,460,315,145
220000021,497,300,197
220000022,430,700,-270
220000023,185,195,-10
220000024,1841,390,1451
220000025,1026,955,71
220000026,253,273,-20
220000027,11,94,-83
220000028,22,48,-26
220000029,93,311,-218
220000030,130,106,24
220000031,281,370,-89
220000064,52,1629,-1577
221000046,2,1,1
221000047,0,2,-2
221000048,0,4,-4
221000049,0,15,-15
221000050,15,0,15
221000055,47,54,-7
221000057,49,12,37
221000068,403,163,240
221000069,327,82,245
221000070,230,26,204
221000071,146,12,134
221000072,202,22,180
221000073,177,63,114
221000074,0,25,-25
221000075,26,16,10
221000076,14,36,-22
221000077,53,115,-62
221000081,53,8,45
221000082,35,7,28
221000083,38,2,36
221000084,3,7,-4
221000085,19,86,-67
221000086,18,158,-140
221000087,14,259,-245
221000088,15,282,-267
221000089,39,374,-335
221000090,146,691,-545
221000098,95,14,81
221000099,137,14,123
221000100,68,7,61
221000101,225,16,209
221000102,111,20,91
221000109,10,125,-115
221000110,11,172,-161
221000111,17,196,-179
221000112,6,197,-191
221000113,25,265,-240
221000114,13,232,-219
221000120,36,39,-3
221000121,2,26,-24
221000122,53,40,13
221000123,6,28,-22
221000124,29,427,-398
221000155,81,10,71
221000156,31,22,9
221000175,2,6,-4
221000176,0,0,0
221000182,29,6,23
221000241,702,317,385
221000242,307,676,-369
221000243,482,152,330
221000244,211,607,-396
221000245,75,137,-62
221000246,43,360,-317
221000247,99,124,-25
221000248,158,224,-66
221000267,52,1086,-1034
221000325,40,71,-31
221000331,13,171,-158
221000338,34,30,4
221000378,163,30,133
221000381,56,153,-97
222000282,8,1,7
222000296,0,23,-23
222000568,262,12,250
222000569,93,29,64
222000570,91,12,79
222000571,238,19,219
222000577,10,402,-392
222000578,36,296,-260
222000579,55,227,-172
222000580,206,1289,-1083
222000599,0,160,-160
222000600,0,373,-373
222000601,12,1165,-1153
222000603,19,27,-8
222000604,13,63,-50
222000605,13,24,-11
222000606,1,13,-12
222000607,5,5,0
222000608,11,28,-17
222000609,59,560,-501
222000616,168,57,111
222000617,4,17,-13
222000618,3,1,2
222000620,67,14,53
222000621,77,10,67
222000623,447,10,437
222000624,211,1,210
222000625,318,86,232
222000636,48,3,45
222000686,21,13,8
222000687,16,42,-26
222001066,612,4,608
222001067,6,24,-18
222001068,38,197,-159
222001069,19,121,-102
222001082,13,63,-50
222001083,7,88,-81
222001084,0,66,-66
222001085,1,168,-167
222001111,26,253,-227
222001112,38,78,-40
222001313,27,4,23
222001314,2,102,-100
222001464,31,38,-7
222001465,22,189,-167
222001484,48,53,-5
222001485,20,114,-94
222001494,221,161,60
222001495,176,674,-498
222001496,200,85,115
222001497,74,995,-921
222001502,35,124,-89
222001503,64,55,9
222001504,27,447,-420
222001505,284,17,267
222001506,33,312,-279
222001507,225,17,208
222001510,255,35,220
222001511,55,627,-572
222001514,460,186,274
222001515,301,1024,-723
222001518,102,73,29
222001519,44,485,-441
222001527,147,90,57
222001528,102,302,-200
222001529,94,54,40
222001530,70,400,-330
222001533,136,565,-429
222001534,180,61,119
222001535,168,171,-3
222001536,116,657,-541
222001537,237,31,206
222001538,77,948,-871
222001563,276,108,168
222001564,58,1133,-1075
222001568,210,129,81
222001576,0,0,0
222001579,12,9,3
222001583,10,397,-387
222001584,48,6,42
222001596,703,2316,-1613
222001597,1176,247,929
222001626,0,262,-262
222001650,78,75,3
222001651,70,216,-146
222001914,163,105,58
222001915,84,368,-284
222001968,392,198,194
222001969,463,1492,-1029
222001970,130,475,-345
222001971,42,117,-75
222001972,2,27,-25
225000001,421,184,237
225000002,322,121,201
225000003,334,74,260
225000004,219,289,-70
225000005,25,80,-55
225000006,1,145,-144
225000007,4698,1523,3175
225000010,166,13,153
225000011,731,1060,-329
225000012,137,581,-444
225000013,97,223,-126
225000014,753,82,671
225000015,103,285,-182
225000021,719,219,500
225000027,338,726,-388
225000032,653,179,474
225000042,68,1058,-990
225000049,47,53,-6
225000050,39,28,11
225000053,4,377,-373
225000058,760,146,614
225000067,146,272,-126
225000068,128,693,-565
225000069,153,766,-613
225000070,69,784,-715
225000071,30,454,-424
225000075,37,1365,-1328
225000076,80,189,-109
225000078,88,53,35
225000085,28,105,-77
225000086,242,48,194
225000087,141,31,110
225000088,15,218,-203
225000089,306,971,-665
225000090,23,585,-562
225000091,147,391,-244
225000092,14,69,-55
225000093,200,546,-346
225000094,7,706,-699
225000095,326,812,-486
225000096,269,669,-400
225000098,559,215,344
225000099,262,147,115
225000100,202,132,70
225000104,118,551,-433
225000110,21,673,-652
225000111,255,1598,-1343
225000112,565,1253,-688
225000113,141,779,-638
225000114,71,448,-377
225000115,3747,786,2961
225000116,1112,179,933
225000117,1092,379,713
225000118,938,395,543
225000119,181,98,83
225000120,532,40,492
225000121,203,30,173
225000123,1082,22,1060
225000125,269,410,-141
225000126,1332,227,1105
225000127,1093,822,271
225000128,376,614,-238
225000132,288,36,252
225000133,251,28,223
225000134,555,140,415
225000135,30,9,21
225000136,201,15,186
225000137,111,76,35
225000138,390,47,343
225000143,93,202,-109
225000144,1,295,-294
225000145,45,49,-4
225000146,50,157,-107
225000147,20,417,-397
225000148,5,313,-308
225000149,89,520,-431
225000151,11,318,-307
225000155,288,581,-293
225000156,262,1028,-766
225000157,260,531,-271
225000158,102,504,-402
225000171,3,221,-218
225000180,27,2,25
225000181,0,71,-71
225000182,91,15,76
225000185,14,585,-571
225000187,51,641,-590
225000191,67,5,62
225000194,0,18,-18
225000208,1,65,-64
225000209,87,27,60
225000210,2,308,-306
225000217,0,24,-24
225000218,10,2,8
225000223,0,111,-111
225000224,491,0,491
225000225,4,56,-52
225000226,144,4,140
225000227,55,107,-52
225000228,15,9,6
225000229,0,98,-98
225000230,16,1,15
225000231,1,110,-109
225000232,96,0,96
225000241,83,1,82
225000242,1,54,-53
225000249,8,1,7
225000250,36,1059,-1023
225000251,357,30,327
225000254,4,3,1
225000256,4,99,-95
225000257,3,73,-70
226000042,562,681,-119
226000043,99,431,-332
226000044,160,1049,-889
226000045,57,536,-479
226000046,441,66,375
226000047,327,77,250
226000048,326,84,242
226000049,275,151,124
226000070,0,103,-103
226000071,0,113,-113
226000072,0,24,-24
226000073,0,11,-11
226000074,0,8,-8
226000084,1,69,-68
226000085,5,5,0
226000086,1,13,-12
226000087,1,13,-12
226000088,59,28,31
226000090,132,39,93
226000091,24,20,4
226000092,0,2,-2
226000093,35,1,34
226000094,38,3,35
226000095,25,3,22
226000105,9,2,7
226000106,3,2,1
226000107,8,0,8
226000108,10,0,10
226000109,48,0,48
226000124,119,85,34
226000134,326,541,-215
226000135,777,748,29
226000136,296,417,-121
226000137,8,702,-694
226000138,10,388,-378
226000139,5,27,-22
226000156,114,3,111
226000157,121,5,116
226000163,50,45,5
226000202,21,737,-716
226000231,231,3,228
226000232,29,4,25
227000033,235,59,176
227000036,160,43,117
227000037,146,25,121
227000038,137,27,110
227000084,0,66,-66
227000085,0,54,-54
227000088,89,0,89
227000089,73,2,71
227000090,40,0,40
227000091,18,1,17
227000092,19,1,18
227000093,83,1,82
227000094,8,0,8
227000130,22,101,-79
227000131,27,364,-337
227000132,11,276,-265
227000133,11,342,-331
227000134,11,495,-484
227000152,0,2,-2
227000153,0,47,-47
227000154,0,25,-25
227000155,1,24,-23
227000156,2,29,-27
227000165,2,29,-27
227000196,165,587,-422
227000199,172,1228,-1056
227000230,26,1103,-1077
227000232,279,47,232
227000242,51,603,-552
227000243,263,64,199
227000245,19,508,-489
227000246,86,663,-577
227000247,298,76,222
227000248,238,41,197
227000249,19,293,-274
227000250,448,125,323
227000251,173,314,-141
227000252,13,471,-458
227000253,97,24,73
227000262,233,37,196
227000266,710,8,702
227000267,62,4362,-4300
227000282,7,510,-503
227000284,237,44,193
227000286,9,161,-152
227000287,4,260,-256
227000291,19,1282,-1263
227000296,333,564,-231
227000484,256,32,224
227000485,29,1425,-1396
227000655,72,83,-11
227000656,556,66,490
227000657,44,37,7
227000661,213,28,185
227000680,212,46,166
229000265,18,59,-41
229000296,3,19,-16
229000297,7,56,-49
229000298,10,333,-323
229000320,3,9,-6
229000321,26,14,12
229000412,19,71,-52
229000414,7,69,-62
229000415,1,1,0
229000416,0,4,-4
229000417,3,14,-11
229000419,96,369,-273
229000440,271,105,166
229000442,26,3,23
229000443,5,7,-2
229000444,3,26,-23
229000445,32,5,27
229000446,27,13,14
229000491,8,45,-37
229000492,17,218,-201
229000493,7,196,-189
229000494,19,5,14
229000495,56,8,48
229000496,29,6,23
229000507,1,51,-50
229000508,1,43,-42
229000509,1,80,-79
229000510,3,27,-24
229000511,7,68,-61
229000512,1,49,-48
229000513,0,5,-5
229000514,0,1,-1
229000517,0,7,-7
229000518,3,51,-48
229000519,1,36,-35
229000520,5,42,-37
229000521,23,20,3
229000522,4,11,-7
229000523,8,13,-5
229000524,3,6,-3
229000527,0,1,-1
229000528,5,1,4
229000529,2,0,2
229000530,40,2,38
229000531,19,1,18
229000532,20,1,19
229000533,65,4,61
229000534,31,1,30
229000564,57,0,57
229000565,13,0,13
229000566,0,21,-21
229000567,1,58,-57
229000582,102,0,102
229000583,12,1,11
229000584,1,61,-60
229000585,0,81,-81
229000718,0,1,-1
229000719,0,2,-2
229000720,0,11,-11
229000721,0,12,-12
229000722,0,37,-37
229000723,0,17,-17
229000724,0,1,-1
229000725,0,5,-5
229000738,1,0,1
229000739,1,0,1
229000740,3,0,3
229000741,12,0,12
229000742,3,0,3
229000743,7,0,7
229000744,2,0,2
229000745,0,0,0
229000746,7,0,7
229000847,17,0,17
229000848,11,0,11
229000849,57,2,55
229000851,14,0,14
229000854,0,103,-103
229000856,5,248,-243
229000857,0,43,-43
229000858,0,152,-152
229000919,16,137,-121
229000930,6,398,-392
229000937,59,20,39
229000966,37,33,4
229000981,21,112,-91
229000985,6,54,-48
229000986,1,9,-8
229000987,0,4,-4
229000988,2,6,-4
229000989,15,3,12
229000990,1,0,1
229000991,3,1,2
229000992,4,14,-10
229000993,231,17,214
229000998,4,102,-98
229000999,63,4,59
229001034,0,17,-17
229001035,35,0,35
229001037,53,12,41
229001042,8,28,-20
229001047,1,112,-111
229001050,38,61,-23
229001168,0,12,-12
229001200,7,3,4
229001338,2,20,-18
229001394,183,3,180
229001422,80,23,57
229001423,59,211,-152
229001431,34,42,-8
229001432,57,117,-60
229001444,109,55,54
229001445,43,299,-256
229001479,9,2,7
229001503,170,82,88
229001504,121,333,-212
229001505,82,72,10
229001506,68,304,-236
229001509,46,24,22
229001545,57,2,55
229001546,9,142,-133
229001553,47,18,29
229001554,45,152,-107
229001559,2,12,-10
229001560,2,26,-24
229001630,103,9,94
229001631,5,62,-57
229001635,1,7,-6
229001636,0,1,-1
229001658,1,154,-153
229001659,58,3,55
229001660,3,1,2
229001661,1,22,-21
229001662,70,0,70
229001663,0,31,-31
229002584,169,196,-27
229002831,293,161,132
229002841,4,30,-26
229002842,10,19,-9
229002843,69,18,51
229002844,49,69,-20
229002845,10,54,-44
229002846,13,18,-5
229002847,3,5,-2
229002848,3,5,-2
229002849,2,76,-74
229002850,5,0,5
229002851,39,114,-75
229002852,88,29,59
229002853,98,12,86
229002854,46,54,-8
229002855,16,34,-18
229002856,35,13,22
229002857,1,61,-60
229002858,7,4,3
229002859,66,25,41
229002860,26,7,19
229002861,27,34,-7
229002862,32,66,-34
229002863,15,40,-25
229002864,12,52,-40
229002865,46,12,34
229002866,28,12,16
229002867,1,19,-18
229002868,16,6,10
229002869,5,148,-143
229002870,33,6,27
235000066,324,81,243
235000067,102,130,-28
235000072,27,71,-44
235000073,45,346,-301
235000074,17,117,-100
235000080,23,88,-65
235000081,68,193,-125
235000082,65,79,-14
235000083,127,94,33
235000084,28,59,-31
235000085,46,90,-44
235000089,13,35,-22
235000092,11,156,-145
235000093,8,7,1
235000097,17,10,7
235000098,25,14,11
235000099,40,34,6
235000116,84,58,26
235000117,746,15,731
235000133,11,315,-304
235000134,10,128,-118
235000206,7,10,-3
235000207,0,2,-2
235000208,3,0,3
235000209,3,2,1
235000210,3,5,-2
235000212,2,26,-24
235000213,1,9,-8
235000220,1,2,-1
235000221,30,18,12
235000238,4,37,-33
235000239,3,7,-4
235000242,218,362,-144
235000245,941,174,767
235000246,6,53,-47
235000284,7,95,-88
235000295,122,4,118
235000305,79,8,71
235000306,116,6,110
235000307,8,0,8
235000308,6,0,6
235000309,39,0,39
235000310,40,1,39
235000311,47,8,39
235000322,0,49,-49
235000323,1,106,-105
235000324,5,25,-20
235000325,0,21,-21
235000326,6,392,-386
235000351,8,78,-70
235000352,31,69,-38
235000353,1,43,-42
235000354,5,70,-65
235000355,2,152,-150
235000356,50,21,29
235000357,11,19,-8
235000358,8,10,-2
235000359,4,4,0
235000360,67,5,62
235000361,57,3,54
235000381,46,297,-251
235000382,78,52,26
235000390,14,4,10
235000391,72,15,57
235000392,79,156,-77
235000393,58,92,-34
235000395,82,15,67
235000396,189,57,132
235000400,158,22,136
235000401,66,206,-140
235000405,89,321,-232
235000406,36,373,-337
235000407,53,138,-85
235000409,178,203,-25
235000410,28,317,-289
235000411,4,113,-109
235000485,0,10,-10
235000486,22,14,8
235000549,57,102,-45
235000550,74,262,-188
235000599,63,95,-32
235000600,3,13,-10
235000601,24,29,-5
235000602,68,159,-91
235000614,2,2,0
235000648,0,19,-19
235000649,36,6,30
235000685,1,4,-3
235000815,3,29,-26
235000834,0,6,-6
235000855,22,47,-25
235000862,22,210,-188
235000891,0,12,-12
235000892,20,0,20
235000901,72,127,-55
235000907,4,15,-11
235001010,29,75,-46
235001029,611,522,89
235001030,251,216,35
235001078,40,58,-18
235001079,45,164,-119
235001147,15,46,-31
235001166,11,108,-97
235001167,9,84,-75
235001169,32,437,-405
235001188,1,13,-12
235001189,0,0,0
235001197,7,9,-2
235001200,34,30,4
235001207,75,10,65
235001210,21,137,-116
235001215,29,134,-105
235001239,1,75,-74
235001244,1,5,-4
235016267,0,31,-31
277101746,0,1,-1
277102712,0,0,0
277103813,0,0,0
277103814,0,0,0
277103898,0,5,-5
277104249,0,6,-6
277104250,0,22,-22
277104251,1,21,-20
277104252,0,3,-3
990011530,2,340,-338
990014944,5,565,-560
990015176,4,13,-9
990015618,0,129,-129
990016032,5,841,-836
990032570,11,136,-125
990070001,51,1,50
990070103,0,4,-4
990070601,0,83,-83
990070751,301,2,299
990070766,2,1204,-1202
990071180,1019,252,767
990071343,16,1,15
990071387,0,8,-8
990071823,208,3,205
990072600,2,912,-910
990072964,3,752,-749
990073285,0,2,-2
990074393,7,2050,-2043
990074870,783,58,725
990075106,535,1,534
990075746,281,1,280
990076437,672,4,668
990076458,5,1916,-1911
997000007,130,8,122
997000041,0,155,-155
997000058,32,0,32
997000062,66,0,66
997000069,0,5,-5
997000070,0,158,-158
997000100,15,1,14
997000141,10,2920,-2910
997000198,292,1308,-1016
998000475,1,15,-14
998000736,0,413,-413
998000965,0,19,-19
998001031,0,62,-62
998001700,0,45,-45
998001899,0,4,-4
998001900,3,0,3
998003073,1347,31,1316
998101900,0,0,0
998102850,10,131,-121
998501927,590,401,189
998501929,128,5,123
998501930,73,0,73
998501931,163,54,109
998501932,1,0,1
998501933,64,1,63
998501937,18,0,18
998501944,8,1,7
998501950,0,0,0
998501970,42,3,39
998501971,0,102,-102
998501973,1,120,-119
998501974,0,297,-297
998501975,193,1,192
998501976,94,1,93
998501977,0,16,-16
998501978,44,0,44
998501979,0,15,-15
998501980,282,3,279
998501981,26,57,-31
998501982,0,120,-120
998501983,0,0,0
998502006,0,0,0
998502024,0,1,-1
998502032,0,1,-1
998502062,22,0,22
998502063,0,0,0
998502173,17,0,17
998502269,0,2,-2
998502546,1,212,-211
998601159,1,414,-413
998601292,0,31,-31
999033574,7,1564,-1557
999800001,19,4,15
999800002,0,8,-8
999800003,7,1,6
999800004,0,4,-4
999800005,0,8,-8
