ID,insum,outsum,diff
100000001,599,1094,-495
100000002,3542,2762,780
100000003,7077,5599,1478
100000004,1465,1229,236
100000005,2702,5500,-2798
100000006,517,172,345
100000007,1903,905,998
100000008,264,660,-396
100000009,560,349,211
100000010,126,133,-7
100000011,1073,113,960
100000012,125,1065,-940
100000013,494,301,193
100000014,486,391,95
100000015,2283,2524,-241
100000016,1217,1797,-580
100000017,725,1042,-317
100000018,1416,699,717
100000019,4365,2659,1706
100000020,2455,6715,-4260
100000021,6143,3473,2670
100000022,1708,2879,-1171
100000023,6118,2497,3621
100000025,1790,1777,13
100000028,1948,1441,507
100000029,308,492,-184
100000030,271,112,159
100000031,5638,7709,-2071
100000032,2327,4388,-2061
100000033,1066,2417,-1351
100000034,637,834,-197
100000035,1482,1890,-408
100000036,2244,1698,546
100000037,799,479,320
100000038,2291,1030,1261
100000039,695,338,357
100000040,250,188,62
100000041,1867,522,1345
100000042,1665,551,1114
100000043,1251,453,798
100000044,406,1141,-735
100000045,572,1723,-1151
100000046,1253,1040,213
100000047,400,563,-163
100000048,499,652,-153
100000049,1635,1979,-344
100000051,470,1141,-671
100000053,245,12,233
100000054,594,49,545
100000055,1860,316,1544
100000056,636,475,161
100000057,2245,635,1610
100000058,1112,1218,-106
100000059,16,131,-115
100000060,479,337,142
100000061,2839,561,2278
100000062,2121,688,1433
100000063,1002,303,699
100000064,1493,310,1183
100000065,442,782,-340
100000066,161,587,-426
100000067,534,804,-270
100000068,550,1903,-1353
100000069,308,1448,-1140
100000072,234,991,-757
100000073,1146,1113,33
100000075,762,260,502
100000076,2247,3127,-880
100000077,308,282,26
100000078,52,50,2
100000079,44,49,-5
100000080,51,73,-22
100000081,232,230,2
100000102,2932,2853,79
100000103,3053,1883,1170
100000104,4876,3148,1728
100000105,3070,2066,1004
100000106,3277,3150,127
100000107,791,1410,-619
100000108,844,1320,-476
100000109,2701,1549,1152
100000116,1704,1304,400
100000117,84,143,-59
100000118,1532,1652,-120
100000119,604,903,-299
100000121,275,470,-195
100000122,973,1308,-335
100000123,3142,5395,-2253
100000124,5612,7965,-2353
100000125,4643,2427,2216
100000126,869,586,283
100000127,1668,428,1240
100000128,1762,3094,-1332
100000129,489,528,-39
100000130,533,535,-2
100000131,2691,2986,-295
100000132,1521,3723,-2202
100000133,5247,2618,2629
100000135,655,1342,-687
100000139,475,432,43
100000140,493,453,40
100000142,615,673,-58
100000143,879,406,473
100000144,3343,956,2387
100000147,1410,3582,-2172
100000150,87,390,-303
100000151,1405,1612,-207
100000153,304,536,-232
100000154,66,357,-291
100000155,33,53,-20
100000156,642,602,40
100000157,163,158,5
100000158,396,128,268
100000159,281,735,-454
100000165,1566,995,571
100000169,462,788,-326
100000174,984,875,109
100000179,85,620,-535
100000180,2344,2759,-415
100000181,815,265,550
100000188,67,257,-190
100000189,1149,404,745
100000190,885,1189,-304
100000191,811,677,134
100000192,97,164,-67
100000193,338,234,104
100000330,1648,1217,431
100000355,274,746,-472
100000362,4977,3340,1637
100000363,4948,5102,-154
100000364,334,319,15
100000365,6813,8579,-1766
100000366,6982,3791,3191
100000367,6316,7661,-1345
100000368,3228,1747,1481
100000369,1314,2226,-912
100000370,329,1039,-710
100000376,136,191,-55
100000379,2571,2087,484
100000380,4948,5209,-261
100000384,6542,6441,101
100000385,5125,5788,-663
100000386,8831,6568,2263
100000387,5845,7205,-1360
100000388,8444,8340,104
100000389,9570,8176,1394
100000390,10939,8448,2491
100000391,8473,11451,-2978
100000392,4347,5200,-853
100000393,3562,6495,-2933
100000394,10000,10974,-974
100000395,7295,5338,1957
100000396,9791,4847,4944
100000397,6451,8583,-2132
100000398,11751,9218,2533
100900002,9,50,-41
100900003,389,211,178
100900004,33,928,-895
100900005,143,26,117
100900006,43,94,-51
100900007,479,7,472
100900008,4,421,-417
100900009,108,208,-100
100900010,111,76,35
100900011,159,191,-32
100900012,1,193,-192
100900013,885,24,861
100900014,2,31,-29
100900015,129,138,-9
100900016,5,28,-23
100900017,1017,125,892
100900018,0,25,-25
100900019,51,139,-88
100900020,389,16,373
100900021,425,4,421
100900022,10,31,-21
100900023,0,35,-35
100900024,915,1,914
100900025,35,16,19
100900026,180,129,51
100900027,682,3004,-2322
100900028,125,279,-154
100900029,59,14,45
100900030,3,133,-130
100900031,745,89,656
100900032,312,1,311
100900033,340,319,21
100900034,689,0,689
100900035,582,4,578
100900036,10,1,9
100900037,123,165,-42
100900038,101,73,28
100900039,256,438,-182
100900040,425,641,-216
100900041,909,657,252
100900042,1920,1999,-79
100900043,0,18,-18
100900044,2236,577,1659
100900045,26,2,24
100900046,1487,16,1471
100900047,937,296,641
100900048,228,68,160
100900049,78,194,-116
100900050,6,12,-6
100900051,125,137,-12
100900052,404,67,337
100900053,563,10,553
100900054,10,53,-43
100900055,417,788,-371
100900056,156,204,-48
100900057,1934,1413,521
100900058,338,51,287
100900059,137,13,124
100900060,204,4,200
100900061,378,234,144
100900062,7,41,-34
100900063,298,723,-425
100900064,780,34,746
100900065,130,143,-13
100900066,126,215,-89
100900067,4,11,-7
100900068,119,107,12
100900069,403,5,398
100900070,417,13,404
100900071,851,364,487
100900072,3,34,-31
100900073,174,379,-205
100900074,1,6,-5
100900075,1787,497,1290
100900076,25,41,-16
100900077,35,77,-42
100900078,106,328,-222
100900079,19,26,-7
100900080,29,141,-112
100900081,43,166,-123
100900082,172,425,-253
100900083,13,28,-15
100900085,33,433,-400
100900086,192,684,-492
100900088,125,450,-325
100900089,11,16,-5
100900090,147,677,-530
100900091,6,28,-22
100900092,283,198,85
100900093,301,316,-15
100900094,184,486,-302
100900095,11,11,0
100900096,47,132,-85
100900097,1,1,0
100900098,23,27,-4
100900099,39,569,-530
100900100,24,719,-695
100900101,326,82,244
100900102,80,178,-98
100900103,9,14,-5
100900104,8,205,-197
100900105,25,550,-525
100900106,41,7,34
100900107,2038,948,1090
100900108,6,77,-71
100900109,23,51,-28
100900110,7,23,-16
100900111,45,228,-183
100900112,4,13,-9
100900113,18,37,-19
100900114,11,17,-6
100900115,9,51,-42
100900116,942,628,314
100900117,455,995,-540
100900118,303,214,89
100900119,13,16,-3
100900120,3,9,-6
100900121,485,577,-92
100900122,175,193,-18
100900123,91,226,-135
100900124,14,8,6
100900125,20,53,-33
100900126,196,224,-28
100900127,1,14,-13
100900128,99,208,-109
100900129,1,221,-220
100900131,81,293,-212
100900133,60,79,-19
100900134,4,1,3
100900135,0,214,-214
100900137,443,220,223
100900138,538,520,18
100900139,4,4,0
100900140,11,552,-541
100900141,2,609,-607
100900142,1,10,-9
100900143,971,529,442
100900144,29,7,22
100900145,115,284,-169
100900146,9,68,-59
100900147,12,685,-673
100900148,25,492,-467
100900149,28,246,-218
100900150,9,47,-38
100900151,146,573,-427
100900152,299,6,293
100900153,3,260,-257
100900154,14,127,-113
100900155,28,26,2
100900156,45,9,36
100900157,14,256,-242
100900158,615,223,392
100900159,3,51,-48
100900160,25,3,22
100900161,78,9,69
100900162,19,582,-563
100900163,172,176,-4
100900164,49,52,-3
100900165,12,25,-13
100900166,39,4,35
100900167,19,95,-76
100900168,33,183,-150
100900169,110,992,-882
100900170,47,14,33
100900171,22,508,-486
100900172,0,14,-14
100900173,13,371,-358
100900174,400,52,348
100900176,2000,268,1732
100900177,755,407,348
100900178,242,150,92
100900179,246,546,-300
100900180,4,3,1
100900181,103,84,19
100900182,43,49,-6
100900184,14,117,-103
100900186,643,569,74
100900187,11,88,-77
100900188,77,11,66
100900189,1489,265,1224
100900191,1359,1262,97
100900192,266,429,-163
100900195,149,136,13
100900197,86,60,26
100900198,48,164,-116
100900199,12,15,-3
100900200,764,541,223
100900201,100,824,-724
100900202,71,0,71
100900203,1,158,-157
100900204,508,967,-459
100900205,233,633,-400
100900206,207,84,123
100900207,295,175,120
100900210,62,440,-378
100900211,684,185,499
100900213,176,60,116
100900214,847,147,700
100900215,9,73,-64
101000001,4366,2398,1968
101000002,6106,6575,-469
101000003,579,1585,-1006
101000004,7903,6883,1020
101000005,4772,5308,-536
101000006,6374,7189,-815
101000007,3537,4361,-824
101000008,3354,3010,344
101000009,2139,1554,585
101000010,976,1187,-211
101000011,1600,680,920
101000012,1340,770,570
101000013,748,1188,-440
101000014,542,672,-130
101000015,1403,1018,385
101000016,400,496,-96
101000017,777,625,152
101000018,3139,2573,566
101000020,2897,1233,1664
101000021,1012,485,527
101000022,348,159,189
101000023,1629,786,843
101000025,264,471,-207
101000026,389,35,354
101000027,2710,3052,-342
101000028,38,48,-10
101000029,298,2066,-1768
101000030,2533,209,2324
101000031,1373,1172,201
101000032,10757,5933,4824
101000033,2814,4142,-1328
101000034,2705,2070,635
101000035,1158,568,590
101000036,2110,1102,1008
101000037,3388,2111,1277
101000039,2763,3476,-713
101000040,3632,4412,-780
101000041,12120,10499,1621
101000042,726,1723,-997
101000043,9226,10286,-1060
101000045,2030,1298,732
101000046,5143,2424,2719
101000047,3118,5522,-2404
101000048,847,693,154
101000049,834,2398,-1564
101000050,2642,3104,-462
101000051,2371,3426,-1055
101000052,1670,1331,339
101000053,1241,1609,-368
101000054,2519,1480,1039
101000055,1700,1606,94
101000056,46,119,-73
101000057,2222,1404,818
101000058,1412,1525,-113
101000059,2437,2541,-104
101000060,1849,853,996
101000061,1205,1427,-222
101000062,1024,927,97
101000063,626,1059,-433
101000064,1023,1232,-209
101000065,532,568,-36
101000066,1511,1170,341
101000067,1858,1439,419
101000068,433,674,-241
101000069,414,124,290
101000070,1355,1296,59
101000071,2311,987,1324
101000072,1049,3990,-2941
101000073,1065,1504,-439
101000074,7673,4962,2711
101000075,5698,6919,-1221
101000077,1957,1431,526
101000078,1239,2334,-1095
101000079,781,445,336
101000080,592,677,-85
101000081,2042,1846,196
101000082,3722,3281,441
101000083,3102,2651,451
101000084,1550,873,677
101000085,1818,1412,406
101000086,1256,1201,55
101000087,1046,1036,10
101000088,1502,1410,92
101000089,1308,1723,-415
101000090,2221,1419,802
101000091,465,816,-351
101000092,1298,1042,256
101000093,1564,932,632
101000094,1175,1081,94
101000095,504,647,-143
101000096,451,568,-117
101000097,581,548,33
101000098,462,571,-109
101000099,1089,1200,-111
101000100,1054,1069,-15
101000101,405,462,-57
101000102,942,605,337
101000103,1099,751,348
101000104,470,678,-208
101000105,468,537,-69
101000106,754,1197,-443
101000107,334,408,-74
101000108,872,311,561
101000109,465,103,362
101000110,59,526,-467
101000111,138,197,-59
101000113,264,753,-489
101000114,10908,9566,1342
101000115,94,105,-11
101000116,185,106,79
101000117,1542,389,1153
101000119,85,88,-3
101000120,185,74,111
101000121,94,96,-2
101000122,184,187,-3
101000123,86,180,-94
101000124,708,287,421
101000125,256,505,-249
101000128,683,620,63
101000130,339,438,-99
101000131,842,500,342
101000132,757,915,-158
101000135,53,53,0
101000136,640,212,428
101000137,47,445,-398
101000141,1510,3515,-2005
101000147,608,413,195
101000148,1189,44,1145
101000149,97,211,-114
101000150,125,621,-496
101000151,251,49,202
101000152,360,341,19
101000153,496,308,188
101000154,306,932,-626
101000155,466,184,282
101000156,25,309,-284
101000157,59,41,18
101000160,53,32,21
101000163,338,414,-76
101000164,434,326,108
101000165,291,414,-123
101000166,276,434,-158
101000168,1008,504,504
101000252,2281,952,1329
101000254,538,162,376
101000258,38,6,32
101000261,153,49,104
101000262,1319,2840,-1521
101000263,429,1785,-1356
101000265,91,881,-790
101000266,386,354,32
101000269,37,14,23
101000290,1658,3297,-1639
101000293,34,65,-31
101000294,799,508,291
101000295,177,538,-361
101000301,721,606,115
101000304,2135,2710,-575
101000305,2835,1616,1219
101900001,10,45,-35
101900002,0,24,-24
101900003,38,92,-54
101900004,4,71,-67
101900005,3583,2801,782
101900006,1325,87,1238
101900007,970,336,634
101900008,67,336,-269
101900009,87,527,-440
101900010,918,718,200
101900011,343,1368,-1025
101900012,292,322,-30
101900013,817,194,623
101900017,19,140,-121
101900018,614,151,463
101900019,246,128,118
101900020,619,210,409
101900021,1,62,-61
101900022,152,948,-796
101900023,167,220,-53
102000001,2810,5122,-2312
102000002,2868,993,1875
102000003,3620,8010,-4390
102000004,6601,3489,3112
102000005,1449,2275,-826
102000006,1389,2146,-757
102000007,1857,4831,-2974
102000008,4134,1701,2433
102000009,7221,8630,-1409
102000010,6164,3732,2432
102000011,3617,3115,502
102000012,3375,3311,64
102000018,3313,2992,321
102000019,2529,1832,697
102000026,244,589,-345
102000029,339,216,123
102000030,122,354,-232
102000031,83,154,-71
102000032,589,342,247
102000033,240,404,-164
102000034,621,430,191
102000035,1431,803,628
102000036,20,241,-221
102000037,195,59,136
102000038,283,413,-130
102000039,302,122,180
102000040,548,294,254
102000041,239,443,-204
102000042,246,378,-132
102000043,352,228,124
102000044,337,430,-93
102000045,802,916,-114
102000046,1203,676,527
102000047,1016,1101,-85
102000048,445,799,-354
102000049,1214,971,243
102000050,1266,1354,-88
102000051,563,750,-187
102000052,1339,972,367
102000053,978,1048,-70
102000054,622,1205,-583
102000055,1513,562,951
102000056,968,1132,-164
102000057,1770,687,1083
102000058,1404,1487,-83
102000059,1636,1452,184
102000060,1244,1041,203
102000061,1861,1931,-70
102000062,1985,1178,807
102000063,1056,1297,-241
102000064,508,661,-153
102000065,46,131,-85
102000066,872,1040,-168
102000067,2178,3133,-955
102000068,8408,2818,5590
102000069,102,1648,-1546
102000070,1524,55,1469
102000071,6525,8563,-2038
102000072,3187,3883,-696
102000073,1451,1227,224
102000074,899,1388,-489
102000075,127,337,-210
102000076,222,412,-190
102000077,711,702,9
102000078,886,689,197
102000079,201,364,-163
102000080,323,280,43
102000081,410,796,-386
102000082,667,404,263
102000083,698,284,414
102000084,304,244,60
102000085,1994,1063,931
102000086,1372,1202,170
102000087,962,1513,-551
102000088,360,368,-8
102000089,1340,474,866
102000090,634,1232,-598
102000091,1564,709,855
102000092,426,798,-372
102000093,545,734,-189
102000094,1108,715,393
102000095,1131,1429,-298
102000096,1066,921,145
102000097,1042,1163,-121
102000098,569,980,-411
102000099,1082,799,283
102000100,710,1189,-479
102000101,1071,828,243
102000102,340,1334,-994
102000103,1268,640,628
102000104,598,363,235
102000105,293,478,-185
102000106,923,593,330
102000107,1464,636,828
102000108,822,220,602
102000109,503,560,-57
102000110,1168,1220,-52
102000111,8,253,-245
102000112,230,109,121
102000113,18,36,-18
102000114,747,305,442
102000115,225,319,-94
102000116,404,469,-65
102000117,192,511,-319
102000118,1316,1196,120
102000119,1501,706,795
102000120,205,567,-362
102000121,1165,628,537
102000122,809,1026,-217
102000123,1370,1376,-6
102000124,1602,1262,340
102000125,992,986,6
102000126,988,816,172
102000127,1503,874,629
102000128,835,1188,-353
102000129,1702,849,853
102000130,780,1020,-240
102000131,2190,849,1341
102000132,649,1275,-626
102000133,2125,1728,397
102000134,856,818,38
102000135,900,869,31
102000136,1313,707,606
102000137,1109,1163,-54
102000138,277,519,-242
102000139,115,535,-420
102000140,265,549,-284
102000141,562,1073,-511
102000142,410,408,2
102000143,192,459,-267
102000144,334,436,-102
102000145,370,507,-137
102000146,472,366,106
102000147,708,546,162
102000148,231,509,-278
102000149,178,479,-301
102000150,487,131,356
102000151,116,291,-175
102000152,213,142,71
102000153,1233,577,656
102000154,279,730,-451
102000155,126,409,-283
102000156,354,195,159
102000157,140,493,-353
102000158,399,252,147
102000159,1108,496,612
102000161,3698,2276,1422
102000162,200,152,48
102000163,106,604,-498
102000164,1159,1201,-42
102000165,314,206,108
102000166,81,185,-104
102000167,372,291,81
102000168,432,214,218
102000169,116,521,-405
102000170,581,322,259
102000171,275,363,-88
102000172,328,596,-268
102000173,485,331,154
102000174,75,97,-22
102000175,175,130,45
102000176,112,27,85
102000178,227,432,-205
102000179,386,203,183
102000180,979,454,525
102000181,865,477,388
102000182,617,623,-6
102000183,1742,1660,82
102000184,1906,824,1082
102000185,3179,1277,1902
102000186,1253,1795,-542
102000187,934,1331,-397
102000188,1082,1438,-356
102000189,2434,804,1630
102000190,777,2951,-2174
102000191,1416,510,906
102000192,1093,1482,-389
102000193,88,132,-44
102000194,69,131,-62
102000195,445,487,-42
102000196,300,370,-70
102000197,774,429,345
102000198,225,1001,-776
102000199,1051,383,668
102000200,329,1092,-763
102000201,1286,493,793
102000202,4,112,-108
102000203,368,218,150
102000204,511,672,-161
102000205,1273,469,804
102000206,731,602,129
102000207,684,479,205
102000208,401,525,-124
102000209,72,48,24
102000210,419,421,-2
102000211,510,341,169
102000212,340,14,326
102000213,4,276,-272
102000214,293,12,281
102000215,2,361,-359
102000216,52,74,-22
102000217,3,121,-118
102000218,298,150,148
102000219,379,269,110
102000225,516,680,-164
102000226,3696,1330,2366
102000227,194,4,190
102000228,0,101,-101
102000229,26,62,-36
102000230,279,425,-146
102000231,290,378,-88
102000232,27,159,-132
102000233,492,735,-243
102000234,132,1143,-1011
102000236,314,97,217
102000237,381,142,239
102000238,179,310,-131
102000240,427,584,-157
102000241,240,149,91
102000243,36,73,-37
102000245,18,99,-81
102000246,11,31,-20
102000247,280,556,-276
102000248,196,514,-318
102000249,132,163,-31
102000250,83,397,-314
102000254,108,263,-155
102000266,40,408,-368
102000271,26,0,26
102000286,458,411,47
102000297,1988,1040,948
102000300,0,0,0
102000301,0,0,0
102000305,0,0,0
102000306,0,0,0
102000307,0,3,-3
102000308,0,0,0
102900001,1419,790,629
102900002,368,38,330
102900003,81,182,-101
102900005,411,301,110
102900006,597,185,412
102900007,622,25,597
102900008,237,79,158
102900009,684,441,243
102900010,377,683,-306
102900011,1653,363,1290
102900012,410,59,351
102900013,40,88,-48
102900015,803,609,194
102900016,55,115,-60
102900017,229,535,-306
102900018,50,92,-42
102900019,505,570,-65
102900020,218,66,152
102900021,24,80,-56
102900022,604,202,402
102900023,23,39,-16
102900024,33,48,-15
102900025,251,98,153
102900026,476,2159,-1683
102900027,87,79,8
102900028,217,823,-606
102900029,176,199,-23
102900030,549,312,237
102900031,243,181,62
102900032,102,120,-18
102900033,148,225,-77
102900034,593,113,480
102900035,163,326,-163
102900036,383,415,-32
102900037,402,509,-107
102900038,419,565,-146
102900039,52,631,-579
102900040,196,337,-141
102900041,91,171,-80
102900042,245,240,5
102900043,185,239,-54
102900044,642,1798,-1156
102900045,157,510,-353
102900046,160,242,-82
102900047,93,555,-462
102900048,649,543,106
102900049,143,422,-279
102900050,290,268,22
102900051,298,222,76
102900052,59,61,-2
102900053,449,754,-305
102900054,765,1222,-457
102900055,155,227,-72
102900056,152,393,-241
102900057,9,58,-49
102900058,283,72,211
102900059,30,57,-27
102900060,136,482,-346
102900061,225,458,-233
102900062,306,867,-561
102900063,1275,419,856
102900064,180,420,-240
102900065,1286,529,757
102900066,377,26,351
102900068,145,88,57
102900070,291,626,-335
102900072,18,62,-44
102900073,162,12,150
102900074,228,320,-92
102900075,27,53,-26
102900076,150,145,5
102900077,60,42,18
102900078,33,77,-44
102900079,179,17,162
102900080,460,38,422
102900081,67,273,-206
102900082,15,227,-212
102900083,232,25,207
102900084,6,43,-37
102900085,412,191,221
102900086,18,82,-64
102900087,154,152,2
102900088,37,35,2
102900089,272,139,133
102900090,2,348,-346
102900091,182,4,178
102900092,501,775,-274
102900093,257,311,-54
102900094,2,132,-130
102900095,210,8,202
102900096,74,16,58
102900097,25,181,-156
103000001,2726,2778,-52
103000002,2280,2705,-425
103000003,3878,3193,685
103000004,871,775,96
103000005,1915,2754,-839
103000006,773,1536,-763
103000007,367,702,-335
103000008,1025,649,376
103000009,1270,1041,229
103000010,141,105,36
103000011,1641,1484,157
103000012,1721,1719,2
103000013,4138,2159,1979
103000014,1746,2961,-1215
103000015,1647,695,952
103000016,429,1463,-1034
103000017,214,418,-204
103000018,779,335,444
103000019,349,352,-3
103000020,2832,1746,1086
103000021,2164,2048,116
103000022,920,1178,-258
103000023,672,1759,-1087
103000024,103,165,-62
103000025,130,713,-583
103000026,1048,162,886
103000027,282,686,-404
103000028,360,388,-28
103000029,267,258,9
103000030,1702,1213,489
103000031,1636,2001,-365
103000032,2554,1789,765
103000033,3498,3038,460
103000034,1856,1216,640
103000035,524,1569,-1045
103000036,395,622,-227
103000037,615,533,82
103000038,615,1185,-570
103000039,451,326,125
103000040,534,896,-362
103000041,1642,2197,-555
103000042,1330,451,879
103000043,675,882,-207
103000044,294,161,133
103000046,504,487,17
103000047,674,647,27
103000048,182,214,-32
103000049,115,143,-28
103000050,769,508,261
103000051,622,618,4
103000052,889,357,532
103000053,209,744,-535
103000054,3116,1434,1682
103000055,2048,2641,-593
103000056,850,1456,-606
103000057,838,286,552
103000058,755,847,-92
103000059,538,870,-332
103000060,908,626,282
103000061,440,1057,-617
103000062,1350,531,819
103000063,816,1052,-236
103000064,149,194,-45
103000065,6,433,-427
103000066,263,13,250
103000069,455,309,146
103000070,1105,807,298
103000071,1279,623,656
103000072,142,719,-577
103000073,707,139,568
103000074,805,149,656
103000075,154,683,-529
103000076,394,416,-22
103000077,38,347,-309
103000078,991,633,358
103000079,750,580,170
103000080,1109,429,680
103000081,526,1064,-538
103000082,708,251,457
103000083,158,320,-162
103000084,133,10,123
103000085,1,109,-108
103000086,605,407,198
103000087,254,559,-305
103000088,228,368,-140
103000089,316,458,-142
103000090,2103,780,1323
103000091,601,454,147
103000092,308,319,-11
103000093,304,339,-35
103000094,265,120,145
103000095,89,350,-261
103000096,699,141,558
103000097,110,760,-650
103000098,1026,220,806
103000099,342,799,-457
103000100,133,744,-611
103000101,1039,139,900
103000102,150,542,-392
103000103,806,152,654
103000104,50,93,-43
103000105,168,68,100
103000106,9,137,-128
103000107,246,38,208
103000108,754,546,208
103000109,438,369,69
103000110,455,436,19
103000111,560,549,11
103000112,351,181,170
103000113,1054,762,292
103000114,1555,586,969
103000115,666,449,217
103000116,612,434,178
103000117,437,535,-98
103000118,649,651,-2
103000119,1228,583,645
103000120,44,113,-69
103000121,201,378,-177
103000122,346,410,-64
103000125,22,215,-193
103000126,629,2,627
103000127,1,151,-150
103000128,213,2,211
103000129,0,97,-97
103000130,72,27,45
103000131,122,104,18
103000132,97,150,-53
103000133,18,108,-90
103000134,540,912,-372
103000135,578,247,331
103000136,694,463,231
103000137,634,596,38
103000138,819,757,62
103000139,3,71,-68
103000140,155,37,118
103000141,55,165,-110
103000142,194,89,105
103000143,47,193,-146
103000144,267,80,187
103000145,59,155,-96
103000150,72,54,18
103000152,230,267,-37
103000153,221,137,84
103000156,9,268,-259
103000157,386,3,383
103000159,157,63,94
103000162,57,12,45
103000163,10,30,-20
103000164,28,14,14
103000165,103,278,-175
103000166,216,360,-144
103000167,247,88,159
103000168,144,166,-22
103000169,254,424,-170
103000170,912,353,559
103000171,48,97,-49
103000172,878,812,66
103000173,741,386,355
103000174,233,349,-116
103000175,361,281,80
103000176,963,580,383
103000177,532,448,84
103000178,299,316,-17
103000179,297,49,248
103000183,177,23,154
103000185,110,39,71
103000186,153,157,-4
103000187,697,376,321
103000188,22,87,-65
103000189,867,767,100
103000191,714,677,37
103000292,1434,1674,-240
103000293,1045,2561,-1516
103000295,99,132,-33
103000296,316,6,310
103000297,43,60,-17
103000504,103,12,91
103000505,8,19,-11
103000506,0,215,-215
103000507,259,2,257
103000508,75,98,-23
103000509,223,528,-305
103900001,2,170,-168
103900002,1186,200,986
103900003,1451,180,1271
103900004,151,0,151
103900005,1,229,-228
103900006,6,1,5
103900007,10,44,-34
103900008,19,3,16
103900009,246,642,-396
103900010,163,517,-354
103900011,444,227,217
103900012,8,24,-16
103900013,65,86,-21
103900014,81,16,65
103900015,78,12,66
103900016,332,228,104
103900017,26,92,-66
103900018,534,210,324
103900019,79,314,-235
103900020,192,592,-400
103900021,400,46,354
103900022,1051,711,340
103900023,191,1,190
103900024,122,531,-409
103900025,14,43,-29
103900026,86,0,86
103900027,853,249,604
103900028,26,289,-263
103900029,1121,98,1023
103900030,354,108,246
103900031,41,4,37
103900032,112,61,51
103900033,149,27,122
103900034,26,120,-94
103900035,95,53,42
103900036,53,35,18
103900037,137,91,46
103900038,122,192,-70
103900039,87,290,-203
103900040,3,166,-163
103900041,38,62,-24
103900042,79,285,-206
103900043,205,77,128
103900044,113,263,-150
103900045,352,145,207
103900047,131,35,96
103900048,209,53,156
103900049,231,1314,-1083
103900050,9,147,-138
103900051,2,42,-40
103900052,215,334,-119
103900053,188,527,-339
103900054,143,367,-224
103900055,506,176,330
103900056,54,46,8
103900057,48,151,-103
103900058,326,601,-275
103900059,0,7,-7
103900060,72,182,-110
103900061,163,30,133
103900062,327,106,221
103900063,5,0,5
103900064,106,3,103
103900065,939,458,481
103900066,168,43,125
103900067,172,12,160
103900068,21,0,21
103900069,102,24,78
103900070,188,193,-5
103900071,20,104,-84
103900072,16,198,-182
103900073,56,24,32
103900074,85,88,-3
103900075,152,95,57
103900076,565,488,77
103900077,63,109,-46
103900078,378,119,259
103900079,175,233,-58
103900080,12,46,-34
103900081,117,51,66
103900082,28,127,-99
103900083,1416,1215,201
103900084,66,166,-100
103900085,99,141,-42
103900086,785,429,356
103900087,37,74,-37
103900088,340,688,-348
103900089,51,122,-71
103900090,1,127,-126
103900091,1199,264,935
103900092,750,585,165
103900093,108,338,-230
103900094,20,124,-104
103900095,294,230,64
103900096,35,180,-145
103900097,13,535,-522
103900098,259,125,134
103900099,130,174,-44
103900100,281,327,-46
103900101,33,994,-961
103900102,0,44,-44
103900104,9,30,-21
103900105,81,198,-117
103900106,0,36,-36
103900107,195,147,48
103900108,38,261,-223
103900109,130,89,41
103900110,255,61,194
103900111,127,505,-378
103900112,115,200,-85
103900113,124,288,-164
103900114,424,332,92
103900115,360,246,114
103900116,4725,2924,1801
103900117,97,85,12
103900119,52,126,-74
103900120,45,78,-33
103900122,121,210,-89
103900123,1230,631,599
103900124,61,24,37
103900125,73,57,16
103900126,654,334,320
103900127,231,433,-202
103900128,166,133,33
103900131,30,95,-65
103900133,1121,38,1083
103900134,1,7,-6
103900135,0,7,-7
103900137,0,47,-47
103900138,184,187,-3
103900139,232,2082,-1850
103900140,6,165,-159
103900141,249,61,188
103900142,256,122,134
103900143,91,2,89
103900144,1,43,-42
103900145,189,288,-99
103900146,284,213,71
103900147,344,171,173
103900148,249,347,-98
103900149,347,623,-276
103900150,6145,4062,2083
103900151,63,174,-111
103900152,555,470,85
103900153,4,0,4
103900154,828,1567,-739
103900155,48,242,-194
103900156,52,178,-126
103900157,61,174,-113
103900158,114,145,-31
103900159,221,65,156
103900160,81,49,32
103900161,131,157,-26
103900162,90,208,-118
103900163,7,493,-486
103900164,278,40,238
103900167,33,142,-109
103900168,142,132,10
103900169,64,51,13
103900170,6,107,-101
103900171,1,63,-62
103900172,16,22,-6
103900173,11,29,-18
103900174,296,59,237
103900175,44,74,-30
103900176,4,35,-31
103900177,7,61,-54
103900178,51,42,9
103900179,54,76,-22
103900180,25,100,-75
103900181,30,38,-8
103900182,34,24,10
103900184,388,93,295
103900185,135,426,-291
103900187,20,65,-45
103900188,34,29,5
103900189,118,10,108
103900190,113,82,31
103900191,50,54,-4
103900192,33,97,-64
103900193,148,246,-98
103900194,85,272,-187
103900195,8,81,-73
103900196,87,56,31
103900197,20,28,-8
103900198,30,50,-20
103900199,139,47,92
103900200,202,113,89
103900201,184,204,-20
103900202,23,65,-42
103900203,37,38,-1
103900204,2,74,-72
103900207,0,98,-98
103900208,115,1,114
103900209,2,128,-126
103900210,51,41,10
103900211,775,515,260
103900212,140,411,-271
103900213,57,204,-147
103900214,267,195,72
103900215,342,288,54
103900216,23,693,-670
103900217,375,28,347
103900218,4,207,-203
103900219,139,263,-124
103900233,136,11,125
103900235,26,28,-2
103900236,15,1,14
103900242,2,11,-9
103900243,4,8,-4
103900244,182,176,6
103900245,99,196,-97
103900246,62,55,7
103900247,17,103,-86
103900248,2,39,-37
103900249,15,22,-7
103900250,22,36,-14
103900251,1,23,-22
103900253,16,98,-82
103900254,10,17,-7
103900255,5,13,-8
103900256,11,9,2
103900257,10,96,-86
103900258,24,3,21
103900259,62,14,48
103900261,8,4,4
103900262,12,1,11
103900263,23,33,-10
103900264,40,27,13
103900265,52,4,48
103900266,3,107,-104
103900267,8,38,-30
104000001,2486,2064,422
104000002,1749,2504,-755
104000003,2494,2234,260
104000004,2810,2919,-109
104000005,1604,2037,-433
104000006,3289,2444,845
104000007,4148,3867,281
104000008,265,266,-1
104000009,223,111,112
104000010,203,353,-150
104000011,412,301,111
104000012,158,309,-151
104000013,285,192,93
104000014,237,579,-342
104000015,364,134,230
104000016,649,372,277
104000018,880,186,694
104000019,632,203,429
104000020,136,433,-297
104000021,224,474,-250
104000022,107,242,-135
104000023,831,310,521
104000024,247,349,-102
104000026,50,349,-299
104000027,267,234,33
104000028,365,270,95
104000029,392,297,95
104000030,260,212,48
104000031,1626,399,1227
104000032,278,246,32
104000033,750,533,217
104000034,369,292,77
104000035,1045,429,616
104000036,869,545,324
104000037,327,194,133
104000038,508,280,228
104000039,248,229,19
104000040,257,338,-81
104000041,540,296,244
104000042,205,329,-124
104000043,239,316,-77
104000044,285,535,-250
104000045,992,962,30
104000046,1016,1444,-428
104000047,753,1093,-340
104000048,1268,1425,-157
104000049,655,290,365
104000050,232,581,-349
104000051,106,503,-397
104000052,1555,1682,-127
104000053,1073,403,670
104000054,627,356,271
104000055,4178,2520,1658
104000056,1098,216,882
104000057,170,377,-207
104000058,795,644,151
104000059,560,934,-374
104000060,1236,1144,92
104000061,1382,1074,308
104000062,447,124,323
104000064,555,359,196
104000065,264,711,-447
104000069,971,1220,-249
104000070,81,534,-453
104000071,132,468,-336
104000072,641,181,460
104000075,133,278,-145
104000076,476,164,312
104000082,2515,3674,-1159
104000083,983,210,773
104000084,104,599,-495
104000085,242,395,-153
104000086,164,481,-317
104000087,374,2364,-1990
104000090,867,1058,-191
104000092,1657,1976,-319
104000094,971,1511,-540
104000095,1723,1342,381
104000096,1763,162,1601
104000097,1936,835,1101
104000098,2357,1028,1329
104000100,1798,590,1208
104000101,1067,1565,-498
104000106,52,599,-547
104000107,651,345,306
104000108,261,553,-292
104000109,307,99,208
104000110,853,1208,-355
104000111,4067,2819,1248
104000112,2139,632,1507
104000116,4,872,-868
104000117,175,519,-344
104000118,687,219,468
104000119,744,298,446
104000120,273,751,-478
104000121,238,768,-530
104000122,626,808,-182
104000123,876,931,-55
104000124,888,1943,-1055
104000125,3318,4993,-1675
104000126,552,412,140
104000127,1279,2529,-1250
104000128,659,504,155
104000129,46,2,44
104000130,1,284,-283
104000131,536,450,86
104000132,452,504,-52
104000133,1433,885,548
104000134,999,1844,-845
104000135,444,2235,-1791
104000136,899,4716,-3817
104000137,1561,563,998
104000138,906,313,593
104000139,5948,3307,2641
104000141,1150,1169,-19
104000142,646,703,-57
104000143,628,562,66
104000144,127,168,-41
104000145,372,244,128
104000146,319,532,-213
104000147,186,264,-78
104000148,483,205,278
104000149,199,296,-97
104000150,1174,536,638
104000151,326,413,-87
104000152,671,616,55
104000153,744,589,155
104000154,926,558,368
104000155,464,581,-117
104000157,1074,1320,-246
104000158,298,582,-284
104000159,959,558,401
104000160,1915,2115,-200
104000161,190,239,-49
104000162,64,138,-74
104000165,878,996,-118
104000167,695,937,-242
104000168,591,10,581
104000169,117,45,72
104000170,438,805,-367
104000248,251,597,-346
104000251,59,212,-153
104000272,0,0,0
104000273,0,0,0
104000274,0,0,0
104000275,0,0,0
104000279,769,432,337
104000290,156,327,-171
104000291,537,1028,-491
104000293,701,791,-90
104000294,39,1,38
104000295,570,796,-226
104000296,393,689,-296
104000297,745,1874,-1129
104000298,2200,830,1370
104000299,663,1432,-769
104900001,209,386,-177
104900002,89,197,-108
104900003,87,291,-204
104900004,149,270,-121
104900005,265,346,-81
104900006,420,95,325
104900007,328,228,100
104900009,174,323,-149
104900010,85,76,9
104900011,19,10,9
104900012,285,45,240
104900013,156,16,140
104900014,2561,381,2180
104900015,105,8,97
104900016,331,217,114
104900017,223,229,-6
104900018,4,197,-193
104900019,291,3066,-2775
104900020,84,242,-158
104900021,2,110,-108
104900022,12,129,-117
104900023,1,63,-62
104900024,32,93,-61
104900025,68,252,-184
104900026,5,89,-84
104900027,579,314,265
104900028,32,130,-98
104900029,45,71,-26
104900030,529,253,276
104900031,82,257,-175
104900032,44,112,-68
104900033,261,291,-30
104900034,435,186,249
104900035,341,209,132
104900036,245,86,159
104900037,183,194,-11
104900038,554,942,-388
104900039,635,434,201
104900040,545,113,432
104900041,263,199,64
104900042,159,286,-127
104900043,23,164,-141
104900044,782,224,558
104900045,438,68,370
104900046,243,181,62
104900047,390,130,260
104900048,415,74,341
104900049,38,48,-10
104900050,394,179,215
104900051,393,47,346
104900052,57,5,52
104900053,474,156,318
104900054,177,39,138
104900055,155,3,152
104900056,181,19,162
104900057,81,2,79
104900058,1218,820,398
104900059,184,60,124
104900060,1,456,-455
104900061,242,552,-310
104900063,0,94,-94
104900064,0,68,-68
104900065,1,161,-160
104900066,24,163,-139
104900067,9,346,-337
104900068,27,218,-191
104900070,212,327,-115
104900071,0,533,-533
104900072,67,337,-270
104900073,89,199,-110
104900074,47,255,-208
104900075,54,75,-21
104900076,79,285,-206
104900077,1072,341,731
104900078,248,496,-248
104900079,132,491,-359
104900080,113,481,-368
104900082,26,457,-431
104900085,4,171,-167
104900087,396,9,387
104900089,215,0,215
104900090,952,792,160
104900091,1014,605,409
104900093,259,532,-273
104900097,2443,2402,41
104900098,167,48,119
104900099,81,619,-538
104900100,483,319,164
104900102,39,193,-154
104900103,600,94,506
104900104,3110,2469,641
104900106,93,164,-71
104900107,241,227,14
104900108,111,241,-130
104900109,128,322,-194
104900110,10,59,-49
104900111,257,147,110
104900112,356,729,-373
104900113,856,324,532
104900114,388,485,-97
104900115,872,405,467
104900116,248,183,65
104900118,40,70,-30
104900119,4,56,-52
104900120,16,219,-203
104900121,0,57,-57
104900122,3,59,-56
104900123,67,15,52
104900124,62,2,60
104900125,571,9,562
104900126,42,57,-15
104900127,46,77,-31
104900128,115,216,-101
104900129,1874,2227,-353
105000001,2900,1498,1402
105000002,2511,1597,914
105000003,3806,3819,-13
105000004,653,953,-300
105000005,991,1196,-205
105000006,1712,1988,-276
105000007,1348,1698,-350
105000008,1880,3656,-1776
105000009,2394,3181,-787
105000010,2646,2067,579
105000011,3738,3045,693
105000012,3678,2849,829
105000013,1082,1028,54
105000014,2005,2865,-860
105000015,11404,17262,-5858
105000016,3205,2609,596
105000017,1948,999,949
105000018,1275,1575,-300
105000019,1111,903,208
105000020,192,475,-283
105000021,291,102,189
105000022,383,114,269
105000023,635,546,89
105000028,85,167,-82
105000029,569,1736,-1167
105000030,3980,2621,1359
105000033,858,1854,-996
105000034,169,1020,-851
105000037,755,297,458
105000038,2328,1972,356
105000039,2470,1852,618
105000040,1030,1309,-279
105000041,600,1422,-822
105000042,4137,1969,2168
105000043,1712,2628,-916
105000044,1223,647,576
105000045,559,996,-437
105000046,1558,470,1088
105000047,589,1069,-480
105000048,633,208,425
105000049,248,561,-313
105000050,569,360,209
105000051,133,419,-286
105000052,660,734,-74
105000053,94,148,-54
105000054,416,879,-463
105000055,808,367,441
105000056,1470,1974,-504
105000057,1273,859,414
105000058,1211,1132,79
105000059,773,680,93
105000060,526,675,-149
105000061,751,629,122
105000062,697,794,-97
105000063,367,465,-98
105000064,1874,930,944
105000065,372,528,-156
105000066,1195,1364,-169
105000067,1683,892,791
105000068,516,901,-385
105000069,1775,1724,51
105000070,574,1024,-450
105000071,280,931,-651
105000072,834,2048,-1214
105000073,966,718,248
105000074,1250,748,502
105000075,578,976,-398
105000076,1308,1103,205
105000077,2930,1192,1738
105000078,1414,1551,-137
105000079,1476,4102,-2626
105000080,2357,1879,478
105000081,4761,1745,3016
105000082,1372,2503,-1131
105000083,6375,5232,1143
105000084,667,734,-67
105000085,1725,2652,-927
105000086,699,768,-69
105000087,1361,1687,-326
105000088,1416,1465,-49
105000089,2788,2186,602
105000090,1022,894,128
105000091,1313,1539,-226
105000092,742,967,-225
105000093,325,304,21
105000094,306,283,23
105000095,121,452,-331
105000096,1254,1159,95
105000097,1084,866,218
105000098,896,812,84
105000099,909,751,158
105000100,1450,1100,350
105000101,1873,1865,8
105000102,1987,1307,680
105000103,1566,2465,-899
105000104,2433,922,1511
105000105,1245,2049,-804
105000106,2026,2033,-7
105000107,2030,1211,819
105000108,2288,1855,433
105000109,1885,1928,-43
105000110,1016,624,392
105000111,837,642,195
105000112,1247,663,584
105000113,461,662,-201
105000114,2615,1096,1519
105000115,329,1145,-816
105000116,806,588,218
105000117,778,840,-62
105000118,799,644,155
105000119,872,1053,-181
105000120,1329,712,617
105000121,1009,1104,-95
105000122,475,701,-226
105000123,1073,1221,-148
105000124,2229,755,1474
105000125,846,1816,-970
105000126,2498,1708,790
105000127,2598,1948,650
105000128,744,884,-140
105000129,943,318,625
105000130,579,3942,-3363
105000131,1131,371,760
105000132,996,836,160
105000133,531,871,-340
105000134,928,740,188
105000135,470,534,-64
105000136,108,98,10
105000137,327,290,37
105000138,74,74,0
105000139,1145,817,328
105000140,328,472,-144
105000141,333,556,-223
105000142,239,413,-174
105000143,353,742,-389
105000144,349,896,-547
105000145,806,415,391
105000146,382,998,-616
105000147,690,324,366
105000148,1377,669,708
105000149,2979,2296,683
105000150,2129,1649,480
105000151,462,409,53
105000152,120,486,-366
105000153,592,774,-182
105000154,720,506,214
105000155,348,1135,-787
105000156,965,649,316
105000157,835,1833,-998
105000158,2118,771,1347
105000159,256,1056,-800
105000160,1932,586,1346
105000161,680,880,-200
105000162,641,1711,-1070
105000163,1120,792,328
105000164,198,220,-22
105000165,948,5365,-4417
105000166,4822,967,3855
105000167,1730,1747,-17
105000168,517,544,-27
105000169,604,286,318
105000170,255,1246,-991
105000171,1072,252,820
105000172,199,39,160
105000173,180,35,145
105000174,67,67,0
105000175,114,129,-15
105000176,521,118,403
105000177,349,210,139
105000178,171,488,-317
105000179,580,215,365
105000180,184,131,53
105000181,139,241,-102
105000182,64,60,4
105000183,2331,2152,179
105000184,1314,1194,120
105000185,1421,1094,327
105000186,536,796,-260
105000187,1007,217,790
105000188,333,122,211
105000189,234,510,-276
105000190,328,349,-21
105000191,370,346,24
105000192,397,79,318
105000193,108,144,-36
105000194,320,150,170
105000195,374,706,-332
105000196,52,213,-161
105000197,286,545,-259
105000198,474,352,122
105000199,283,641,-358
105000200,180,382,-202
105000201,90,52,38
105000203,12,159,-147
105000204,96,82,14
105000205,65,179,-114
105000207,557,235,322
105000208,299,722,-423
105000209,239,310,-71
105000212,1272,1257,15
105000213,203,198,5
105000214,148,274,-126
105000215,359,182,177
105000216,186,246,-60
105000217,191,273,-82
105000218,1482,1177,305
105000221,186,184,2
105000222,411,150,261
105000223,351,139,212
105000226,88,221,-133
105000227,108,160,-52
105000228,258,2456,-2198
105000229,178,703,-525
105000231,366,313,53
105000233,959,722,237
105000234,474,1295,-821
105000235,478,554,-76
105000237,698,79,619
105000243,32,115,-83
105000248,84,124,-40
105000262,320,1056,-736
105000269,173,249,-76
105000270,507,36,471
105000271,0,218,-218
105000282,42,44,-2
105000287,363,92,271
105000288,630,426,204
105000289,3096,2204,892
105000290,11,4,7
105000402,3616,5168,-1552
105000426,595,681,-86
105000438,4902,2080,2822
105000446,12041,6550,5491
105000447,7379,3271,4108
105000454,555,270,285
105000455,313,176,137
105000474,102,0,102
105000477,439,623,-184
105000478,2083,5682,-3599
105000479,166,121,45
105000480,11416,8503,2913
105000481,5641,4078,1563
105000482,5435,9494,-4059
105000483,1915,2292,-377
105000484,2508,3651,-1143
105000485,1913,3521,-1608
105000486,3892,2901,991
105000488,12097,6521,5576
105000489,938,839,99
105000549,136,135,1
105000550,530,1690,-1160
105000551,39,119,-80
105000552,2232,1421,811
105900001,13,1636,-1623
105900002,1267,611,656
105900003,13,135,-122
105900004,266,124,142
105900005,19,191,-172
105900006,26,135,-109
105900007,96,50,46
105900008,90,513,-423
105900009,36,28,8
105900011,171,59,112
105900012,642,125,517
105900013,8,38,-30
105900014,23,83,-60
105900015,176,282,-106
105900016,549,595,-46
105900017,1411,42,1369
105900018,198,181,17
105900019,62,459,-397
105900020,49,93,-44
105900021,29,336,-307
105900022,300,239,61
105900023,14,123,-109
105900024,10,185,-175
105900025,287,36,251
105900026,288,18,270
105900027,10323,8183,2140
105900028,537,329,208
105900029,1635,401,1234
105900030,240,279,-39
105900031,335,194,141
105900032,93,148,-55
105900033,148,149,-1
105900034,269,204,65
105900035,227,187,40
105900036,140,119,21
105900037,77,53,24
105900038,220,235,-15
105900039,118,78,40
105900040,72,119,-47
105900041,180,188,-8
105900042,69,147,-78
105900043,1388,58,1330
105900044,4,277,-273
105900045,9,744,-735
105900046,2,267,-265
105900047,14,44,-30
105900048,122,564,-442
105900050,6744,5683,1061
105900051,62,1100,-1038
105900052,555,294,261
105900053,2844,2882,-38
105900054,309,221,88
105900056,778,427,351
105900057,55,117,-62
105900058,24,16,8
105900059,0,44,-44
106000001,5102,2677,2425
106000002,2526,5976,-3450
106000003,3095,3656,-561
106000004,1707,2656,-949
106000005,3845,5838,-1993
106000006,5859,3795,2064
106000007,559,670,-111
106000008,465,297,168
106000009,670,448,222
106000010,792,523,269
106000011,1258,1114,144
106000012,984,1377,-393
106000013,1968,2152,-184
106000014,2080,1588,492
106000015,1965,1358,607
106000016,1345,1912,-567
106000017,556,711,-155
106000018,690,405,285
106000019,416,387,29
106000020,377,320,57
106000021,310,410,-100
106000022,320,192,128
106000023,590,293,297
106000024,571,422,149
106000025,93,208,-115
106000026,97,222,-125
106000027,1491,1241,250
106000028,586,478,108
106000029,729,1041,-312
106000030,620,602,18
106000034,248,659,-411
106000035,903,2146,-1243
106000036,227,526,-299
106000037,1939,1469,470
106000038,430,166,264
106000039,101,120,-19
106000040,139,841,-702
106000041,758,673,85
106000043,556,335,221
106000046,346,60,286
106000047,66,421,-355
106000049,959,202,757
106000050,338,684,-346
106000051,735,527,208
106000052,136,588,-452
106000053,524,153,371
106000054,418,527,-109
106000055,1292,1021,271
106000056,263,441,-178
106000057,433,256,177
106000058,136,152,-16
106000059,399,334,65
106000060,342,482,-140
106000061,242,548,-306
106000062,181,517,-336
106000063,698,537,161
106000064,45,391,-346
106000065,419,340,79
106000066,102,356,-254
106000067,387,125,262
106000068,53,576,-523
106000069,346,62,284
106000070,354,810,-456
106000071,1136,383,753
106000072,2654,1620,1034
106000073,1543,2790,-1247
106000074,645,710,-65
106000075,335,1543,-1208
106000076,1982,2226,-244
106000077,3736,1374,2362
106000078,1150,957,193
106000079,763,950,-187
106000080,1408,664,744
106000081,826,1282,-456
106000082,2590,881,1709
106000083,448,1635,-1187
106000084,1330,714,616
106000085,1403,1649,-246
106000086,659,966,-307
106000087,1073,569,504
106000088,476,737,-261
106000089,1103,358,745
106000090,311,656,-345
106000091,293,499,-206
106000092,710,294,416
106000093,250,107,143
106000094,108,225,-117
106000095,838,723,115
106000096,803,624,179
106000097,1219,774,445
106000098,696,854,-158
106000099,200,658,-458
106000100,1170,241,929
106000101,891,305,586
106000102,149,511,-362
106000103,337,425,-88
106000104,699,427,272
106000105,517,542,-25
106000106,565,455,110
106000107,145,222,-77
106000108,190,212,-22
106000109,152,169,-17
106000110,229,215,14
106000111,168,318,-150
106000112,174,436,-262
106000113,531,470,61
106000114,416,503,-87
106000115,249,333,-84
106000116,265,214,51
106000117,1172,709,463
106000118,1300,1343,-43
106000119,1445,938,507
106000120,1065,1223,-158
106000121,211,140,71
106000122,106,147,-41
106000123,501,139,362
106000124,63,194,-131
106000125,21,247,-226
106000126,318,95,223
106000127,817,733,84
106000128,690,165,525
106000129,456,510,-54
106000130,758,274,484
106000131,167,769,-602
106000132,565,162,403
106000133,1536,1020,516
106000134,553,1534,-981
106000135,179,526,-347
106000136,626,944,-318
106000137,67,636,-569
106000138,1006,72,934
106000139,69,116,-47
106000140,45,42,3
106000141,103,43,60
106000142,114,80,34
106000143,57,51,6
106000144,37,72,-35
106000145,262,247,15
106000146,379,147,232
106000147,433,404,29
106000148,447,722,-275
106000149,583,306,277
106000150,459,1682,-1223
106000151,3292,744,2548
106000152,1153,1642,-489
106000153,68,1452,-1384
106000154,1048,177,871
106000155,115,230,-115
106000156,1059,281,778
106000157,634,1697,-1063
106000158,1940,860,1080
106000159,2635,1733,902
106000160,585,2912,-2327
106000161,1581,367,1214
106000162,285,897,-612
106000163,439,304,135
106000164,419,339,80
106000165,277,398,-121
106000166,760,328,432
106000167,485,814,-329
106000168,525,208,317
106000169,291,517,-226
106000170,755,210,545
106000171,249,1257,-1008
106000172,3164,1439,1725
106000173,1338,2599,-1261
106000174,1383,460,923
106000175,313,951,-638
106000176,1600,839,761
106000177,880,2263,-1383
106000178,3668,1744,1924
106000179,1221,2239,-1018
106000180,952,1184,-232
106000181,873,1784,-911
106000182,1375,768,607
106000183,1479,555,924
106000184,2261,765,1496
106000185,1218,1500,-282
106000186,994,219,775
106000187,310,1159,-849
106000188,0,2,-2
106000189,12,28,-16
106000190,26,2,24
106000191,740,233,507
106000192,4,29,-25
106000193,524,230,294
106000194,215,594,-379
106000195,1059,378,681
106000196,322,908,-586
106000197,712,396,316
106000198,255,256,-1
106000199,859,650,209
106000200,289,244,45
106000201,426,2590,-2164
106000202,3339,549,2790
106000203,50,129,-79
106000204,64,7,57
106000205,18,136,-118
106000206,93,28,65
106000207,35,739,-704
106000208,1553,208,1345
106000209,1714,368,1346
106000210,413,906,-493
106000211,319,1075,-756
106000212,865,517,348
106000213,693,1967,-1274
106000214,2554,846,1708
106000215,264,472,-208
106000216,284,290,-6
106000217,273,396,-123
106000218,415,370,45
106000219,114,221,-107
106000220,330,208,122
106000221,152,204,-52
106000222,69,83,-14
106000223,292,144,148
106000224,192,180,12
106000225,78,153,-75
106000226,138,230,-92
106000228,49,84,-35
106000229,80,704,-624
106000231,1011,138,873
106000232,103,333,-230
106000233,632,87,545
106000234,284,245,39
106000235,492,107,385
106000236,145,132,13
106000237,0,16,-16
106000238,17,15,2
106000239,5,76,-71
106000240,55,2,53
106000241,24,547,-523
106000242,272,29,243
106000249,59,53,6
106000250,85,581,-496
106000251,102,31,71
106000252,7,75,-68
106000253,53,64,-11
106000254,51,50,1
106000255,13,179,-166
106000256,71,40,31
106000257,188,316,-128
106000258,247,8,239
106000259,3,79,-76
106000260,31,5,26
106000261,3,52,-49
106000262,78,6,72
106000263,7,52,-45
106000264,178,10,168
106000265,16,152,-136
106000266,153,31,122
106000267,2,92,-90
106000268,637,52,585
106000269,50,49,1
106000270,122,445,-323
106000271,129,243,-114
106000272,250,48,202
106000273,9,250,-241
106000274,165,42,123
106000275,134,316,-182
106000276,239,52,187
106000277,108,296,-188
106000278,196,31,165
106000279,9,35,-26
106000280,60,66,-6
106000281,88,44,44
106000282,72,79,-7
106000283,95,48,47
106000284,69,123,-54
106000285,168,79,89
106000286,70,126,-56
106000287,154,55,99
106000288,99,135,-36
106000289,108,54,54
106000290,48,77,-29
106000291,104,98,6
106000292,75,69,6
106000293,156,76,80
106000294,124,116,8
106000295,64,73,-9
106000296,59,88,-29
106000297,80,225,-145
106000298,110,76,34
106000299,96,155,-59
106000300,68,85,-17
106000301,58,88,-30
106000303,29,90,-61
106000304,42,31,11
106000305,48,43,5
106000306,33,45,-12
106000307,83,32,51
106000308,17,119,-102
106000309,24,47,-23
106000310,345,406,-61
106000311,395,204,191
106000312,68,161,-93
106000313,180,188,-8
106000318,126,494,-368
106000319,1104,248,856
106000320,2,91,-89
106000321,279,157,122
106000322,172,120,52
106000324,13,146,-133
106000325,1932,1047,885
106000326,973,1744,-771
106000327,194,104,90
106000328,62,143,-81
106000329,112,332,-220
106000330,78,90,-12
106000428,91,147,-56
106000429,109,398,-289
106000430,336,1120,-784
106000431,2107,399,1708
106000432,1633,2732,-1099
106000433,2566,1426,1140
106000434,3323,1703,1620
106000435,1499,2595,-1096
106000436,21,184,-163
106000437,338,60,278
106000438,402,212,190
106000439,97,443,-346
106000440,216,373,-157
106000441,2,1,1
106000442,113,3,110
106000443,163,252,-89
106000450,1,121,-120
106000451,30,58,-28
106000454,2,110,-108
106000455,4,188,-184
106000456,74,46,28
106000457,21,872,-851
106000458,897,98,799
106000459,152,338,-186
106000460,1724,49,1675
106000461,165,1086,-921
106000462,1,30,-29
106000463,1,21,-20
106000464,2,395,-393
106000465,828,2,826
106000466,2,485,-483
106000467,264,423,-159
106000468,51,136,-85
106000469,187,2,185
106000470,297,1692,-1395
106000471,29,527,-498
106000472,180,20,160
106000473,55,23,32
106000474,294,401,-107
106000475,242,159,83
106000476,100,164,-64
106000477,22,31,-9
106900001,0,7,-7
106900002,1,352,-351
106900003,205,769,-564
106900004,0,31,-31
106900006,0,15,-15
106900007,0,13,-13
106900008,353,178,175
106900009,349,275,74
106900010,247,291,-44
106900012,1521,2017,-496
106900013,631,159,472
106900014,27,6,21
106900015,13,2,11
106900016,298,20,278
106900017,19,2,17
106900018,1,0,1
106900019,61,4,57
106900020,1939,1527,412
106900021,92,72,20
106900022,919,5,914
106900023,89,298,-209
106900024,582,60,522
106900025,56,512,-456
106900026,0,392,-392
106900027,808,2,806
107000001,4431,4816,-385
107000002,3336,4774,-1438
107000003,6910,7854,-944
107000004,5209,5017,192
107000005,4984,5805,-821
107000006,4152,4186,-34
107000007,6568,11333,-4765
107000008,11543,8392,3151
107000009,8500,8721,-221
107000010,9753,9553,200
107000011,1080,1333,-253
107000012,3906,3105,801
107000013,59,57,2
107000014,42,160,-118
107000015,401,701,-300
107000016,720,828,-108
107000017,2855,1769,1086
107000018,31,1075,-1044
107000020,1807,1527,280
107000021,1399,521,878
107000022,839,1449,-610
107000023,2025,254,1771
107000024,573,1328,-755
107000025,177,351,-174
107000026,230,479,-249
107000027,1640,1043,597
107000028,1464,1304,160
107000029,3564,2849,715
107000030,2960,3052,-92
107000031,4519,2971,1548
107000032,558,1022,-464
107000033,3155,4683,-1528
107000034,3423,1794,1629
107000035,383,311,72
107000036,409,1251,-842
107000037,78,932,-854
107000038,176,298,-122
107000039,893,832,61
107000040,156,381,-225
107000041,2134,1144,990
107000042,995,2220,-1225
107000043,2696,1308,1388
107000044,579,331,248
107000045,109,333,-224
107000046,759,500,259
107000047,460,1032,-572
107000048,780,290,490
107000049,675,908,-233
107000050,1361,518,843
107000051,348,335,13
107000052,1199,994,205
107000053,478,220,258
107000054,54,287,-233
107000055,173,85,88
107000056,462,765,-303
107000057,1101,217,884
107000058,2414,3028,-614
107000059,2283,3557,-1274
107000060,4847,5743,-896
107000061,5174,3648,1526
107000062,5519,3355,2164
107000063,4646,4696,-50
107000064,5011,2578,2433
107000065,4167,4501,-334
107000066,2191,3068,-877
107000067,1496,1523,-27
107000068,1657,893,764
107000069,981,587,394
107000070,1455,34,1421
107000071,4115,74,4041
107000072,34,2572,-2538
107000073,956,341,615
107000074,169,831,-662
107000075,1979,734,1245
107000076,673,1423,-750
107000077,4322,1861,2461
107000078,2650,3304,-654
107000079,3158,1324,1834
107000080,1321,3200,-1879
107000081,2483,638,1845
107000082,650,1804,-1154
107000083,1775,537,1238
107000084,420,1989,-1569
107000085,3324,3589,-265
107000086,3834,3676,158
107000087,3537,2236,1301
107000088,3895,3935,-40
107000089,1748,1853,-105
107000090,1251,1077,174
107000091,1850,958,892
107000092,986,1054,-68
107000093,1407,897,510
107000094,1190,1189,1
107000095,824,525,299
107000096,629,815,-186
107000097,514,244,270
107000098,352,280,72
107000099,477,383,94
107000100,364,283,81
107000101,115,172,-57
107000102,234,342,-108
107000103,274,177,97
107000104,196,269,-73
107000105,340,129,211
107000106,232,200,32
107000107,598,101,497
107000108,186,455,-269
107000109,609,134,475
107000110,52,386,-334
107000111,331,52,279
107000112,68,263,-195
107000113,654,125,529
107000114,144,392,-248
107000115,693,163,530
107000116,120,607,-487
107000117,177,541,-364
107000118,170,173,-3
107000119,1561,1397,164
107000120,973,465,508
107000121,1192,691,501
107000122,1250,809,441
107000123,641,502,139
107000124,508,871,-363
107000125,871,488,383
107000126,588,573,15
107000127,24,352,-328
107000129,213,167,46
107000130,325,241,84
107000131,450,335,115
107000132,639,419,220
107000133,763,117,646
107000134,330,2,328
107000135,4,304,-300
107000136,942,15,927
107000137,13,439,-426
107000138,331,37,294
107000139,16,523,-507
107000140,1743,130,1613
107000141,125,757,-632
107000142,437,118,319
107000143,67,730,-663
107000144,566,557,9
107000145,189,554,-365
107000146,212,371,-159
107000147,3105,824,2281
107000150,737,3336,-2599
107000151,54,242,-188
107000152,505,1569,-1064
107000153,164,515,-351
107000154,243,386,-143
107000155,959,29,930
107000156,1528,36,1492
107000157,43,1360,-1317
107000158,412,15,397
107000159,31,610,-579
107000160,1443,147,1296
107000161,83,1325,-1242
107000162,331,498,-167
107000163,228,2,226
107000164,856,3,853
107000165,1162,17,1145
107000166,54,1013,-959
107000167,702,217,485
107000168,1150,540,610
107000169,581,940,-359
107000170,2979,1090,1889
107000171,916,2041,-1125
107000172,1185,1645,-460
107000173,744,1016,-272
107000174,1279,6091,-4812
107000175,6939,2000,4939
107000176,0,4,-4
107000177,10,2,8
107000178,37,51,-14
107000179,298,1954,-1656
107000180,1622,306,1316
107000181,455,1035,-580
107000182,2260,1021,1239
107000183,184,896,-712
107000184,1132,763,369
107000185,670,1641,-971
107000186,1644,613,1031
107000187,1505,1363,142
107000188,742,676,66
107000189,654,1119,-465
107000190,808,828,-20
107000191,763,949,-186
107000192,2053,819,1234
107000193,445,622,-177
107000194,975,697,278
107000197,1155,402,753
107000198,405,652,-247
107000199,947,690,257
107000200,704,798,-94
107000201,433,383,50
107000202,391,566,-175
107000203,1027,1323,-296
107000204,1301,1453,-152
107000205,2261,1176,1085
107000206,1100,1614,-514
107000207,807,1111,-304
107000208,1174,670,504
107000209,2420,1559,861
107000210,900,466,434
107000211,7,63,-56
107000212,19,317,-298
107000213,12,32,-20
107000214,17,159,-142
107000215,420,366,54
107000216,537,340,197
107000217,159,146,13
107000219,102,233,-131
107000220,219,169,50
107000222,318,732,-414
107000224,608,147,461
107000225,305,446,-141
107000226,661,133,528
107000227,122,274,-152
107000228,108,235,-127
107000229,125,124,1
107000230,1158,473,685
107000231,1738,2095,-357
107000232,164,30,134
107000233,1498,1182,316
107000234,1,58,-57
107000235,88,9,79
107000236,14,495,-481
107000237,59,3,56
107000238,40,4,36
107000239,2833,649,2184
107000240,88,825,-737
107000241,123,19,104
107000242,357,43,314
107000243,1,33,-32
107000244,8,54,-46
107000246,2,902,-900
107000249,1,974,-973
107000251,1,264,-263
107000252,3,965,-962
107000255,471,121,350
107000257,4,355,-351
107000258,0,108,-108
107000259,1,190,-189
107000260,740,8,732
107000262,8,481,-473
107000263,343,7,336
107000266,13,11,2
107000267,112,153,-41
107000268,118,164,-46
107000269,777,88,689
107000270,5,42,-37
107000271,23,568,-545
107000272,28,128,-100
107000273,2,220,-218
107000274,1648,341,1307
107000275,6,1222,-1216
107000280,881,65,816
107000281,40,606,-566
107000282,29,698,-669
107000290,2,17,-15
107000291,32,12,20
107000292,3,62,-59
107000293,33,1,32
107000294,0,47,-47
107000295,25,2,23
107000296,0,39,-39
107000444,342,2,340
107000496,3,16,-13
107000497,1322,1979,-657
107000500,363,320,43
107000501,115,180,-65
107000502,200,364,-164
107000505,316,724,-408
107000506,4,114,-110
107000508,10,553,-543
107000509,271,814,-543
107000510,45,38,7
107000514,62,383,-321
107000515,15,171,-156
107000516,349,284,65
107000518,1074,1516,-442
107000519,1533,883,650
107000520,123,43,80
107900001,77,115,-38
107900002,106,13,93
107900003,316,18,298
107900004,130,0,130
107900005,1614,9,1605
107900006,209,2,207
107900007,340,66,274
107900008,136,30,106
107900009,175,7,168
107900010,55,3,52
107900012,318,52,266
107900013,281,23,258
107900014,53,8,45
107900015,1220,24,1196
107900016,449,87,362
107900017,73,1,72
107900018,65,169,-104
107900019,24,40,-16
107900020,68,27,41
107900021,90,119,-29
107900023,3,0,3
107900024,0,22,-22
107900025,210,267,-57
107900026,79,59,20
107900027,33,92,-59
107900028,108,90,18
107900030,208,37,171
107900031,67,95,-28
107900032,35,10,25
107900033,25,12,13
107900034,464,34,430
107900035,1009,64,945
107900036,100,27,73
107900037,0,31,-31
107900038,163,289,-126
107900039,38,55,-17
107900040,60,286,-226
107900041,0,7,-7
107900043,34,160,-126
107900044,13,19,-6
107900045,144,57,87
107900046,154,250,-96
107900047,27,48,-21
107900048,241,29,212
107900049,316,1387,-1071
107900050,131,380,-249
107900051,107,64,43
107900052,10,56,-46
107900053,53,113,-60
107900055,1087,460,627
107900056,145,63,82
107900057,2,0,2
107900058,51,525,-474
107900060,20,29,-9
107900061,23,19,4
107900063,125,123,2
107900064,357,194,163
107900065,300,11,289
107900066,47,14,33
107900067,0,1,-1
107900068,153,655,-502
107900069,25,1924,-1899
107900070,173,53,120
107900071,27,552,-525
107900072,116,149,-33
107900073,195,60,135
107900074,692,396,296
107900076,115,48,67
107900077,110,4,106
107900078,276,73,203
107900079,3,14,-11
107900080,258,785,-527
107900081,62,105,-43
107900082,10,10,0
107900083,330,277,53
107900084,112,172,-60
107900086,44,192,-148
107900087,680,208,472
107900088,56,5,51
107900089,261,929,-668
107900090,676,2622,-1946
107900091,240,387,-147
107900092,2053,451,1602
107900093,88,74,14
107900095,3123,2262,861
107900097,39,66,-27
107900098,90,252,-162
107900100,1084,1503,-419
107900101,975,238,737
107900102,55,14,41
107900103,58,160,-102
107900104,282,10,272
107900105,0,210,-210
107900106,4,977,-973
107900107,1423,604,819
107900108,250,161,89
107900109,1415,26,1389
107900110,80,101,-21
107900111,6,713,-707
107900112,79,329,-250
107900113,268,101,167
107900114,171,145,26
107900115,3,35,-32
107900116,195,134,61
107900117,400,357,43
107900118,107,149,-42
107900119,123,348,-225
107900120,43,48,-5
107900121,5,130,-125
107900122,3,109,-106
107900123,7,44,-37
107900124,8,40,-32
107900125,36,207,-171
107900126,9,64,-55
107900127,506,391,115
107900128,96,116,-20
107900129,68,26,42
107900130,121,29,92
107900131,750,445,305
107900132,159,326,-167
107900133,5,134,-129
107900134,73,116,-43
107900135,13,156,-143
107900136,34,52,-18
107900137,156,145,11
107900138,78,38,40
107900139,51,45,6
107900140,103,53,50
107900141,68,48,20
107900142,126,837,-711
107900143,89,36,53
107900144,1,138,-137
107900145,12,95,-83
107900146,108,131,-23
107900147,54,39,15
107900148,221,166,55
107900149,985,284,701
107900150,80,619,-539
107900151,46,108,-62
107900152,15,175,-160
107900153,129,312,-183
107900154,79,22,57
107900155,108,65,43
107900156,17,270,-253
107900157,60,50,10
107900158,1139,44,1095
107900159,31,783,-752
107900160,139,192,-53
107900161,38,178,-140
107900162,2,116,-114
107900163,53,228,-175
107900164,16,45,-29
107900165,31,97,-66
107900166,33,201,-168
107900167,13,71,-58
107900168,51,52,-1
107900169,4,168,-164
107900171,4,1191,-1187
107900172,4,363,-359
107900173,28,139,-111
107900174,134,1,133
107900175,16,48,-32
107900176,29,48,-19
107900177,6,208,-202
107900178,0,131,-131
107900179,35,146,-111
107900180,640,635,5
107900181,584,329,255
107900182,1,1082,-1081
107900183,70,189,-119
107900184,103,243,-140
107900185,125,8,117
107900186,30,50,-20
107900187,4,164,-160
107900188,599,160,439
107900189,26,90,-64
107900190,57,171,-114
107900191,129,126,3
107900193,15,53,-38
107900194,285,8,277
107900195,2321,464,1857
107900196,81,107,-26
107900197,914,551,363
107900199,4,700,-696
107900201,95,104,-9
107900203,68,109,-41
107900204,166,272,-106
107900205,259,380,-121
107900206,1017,404,613
107900207,4,495,-491
107900208,31,490,-459
107900209,334,142,192
107900210,60,125,-65
107900213,1115,872,243
107900214,51,152,-101
107900215,164,437,-273
107900216,176,72,104
107900217,65,111,-46
107900218,15,1330,-1315
107900219,57,116,-59
107900220,321,302,19
107900221,246,215,31
107900223,89,560,-471
107900224,170,495,-325
107900225,1,607,-606
107900226,82,98,-16
107900227,176,407,-231
107900228,18,134,-116
107900229,1,228,-227
107900230,10,103,-93
107900231,15,199,-184
107900232,67,119,-52
107900233,14,123,-109
107900234,77,91,-14
107900235,48,108,-60
107900236,112,76,36
107900237,59,492,-433
107900238,45,111,-66
107900239,644,559,85
107900240,36,99,-63
107900241,24,69,-45
107900242,44,238,-194
107900243,3,86,-83
107900244,325,6,319
107900245,677,64,613
107900246,264,20,244
107900248,602,364,238
107900249,768,42,726
107900250,4,535,-531
107900251,62,1585,-1523
107900252,1249,35,1214
107900253,220,3,217
107900254,75,308,-233
107900255,331,133,198
107900256,1172,1242,-70
107900257,310,151,159
107900258,115,183,-68
107900259,85,2337,-2252
107900261,4,311,-307
107900262,111,124,-13
107900264,269,4,265
107900265,178,128,50
107900267,283,25,258
107900268,22,6,16
107900269,0,2,-2
107900270,0,0,0
107900271,4,10,-6
107900272,92,19,73
107900273,49,84,-35
107900274,78,0,78
107900275,36,0,36
107900276,0,83,-83
107900277,0,208,-208
107900278,349,446,-97
107900279,91,208,-117
107900280,2273,2240,33
107900281,1330,2953,-1623
107900282,36,645,-609
107900283,1279,821,458
107900284,607,569,38
107900285,101,78,23
107900286,137,137,0
107900287,257,210,47
107900290,0,145,-145
107900291,520,20,500
107900292,133,152,-19
107900293,60,309,-249
107900295,79,54,25
107900297,3,380,-377
107900298,849,687,162
107900299,3020,2694,326
107900300,120,347,-227
107900301,570,844,-274
107900302,168,65,103
107900303,290,274,16
107900304,408,469,-61
107900305,422,25,397
107900306,16,25,-9
107900307,59,263,-204
107900308,150,186,-36
107900309,74,0,74
107900310,506,5,501
107900311,5,342,-337
107900312,79,1,78
107900313,1,157,-156
107900314,0,58,-58
107900315,1,86,-85
107900316,41,3,38
107900317,84,13,71
107900318,12,167,-155
107900319,9,183,-174
107900320,0,151,-151
107900321,185,3,182
107900322,2,102,-100
107900323,0,145,-145
107900324,235,11,224
107900325,123,3,120
107900326,353,237,116
107900327,1,89,-88
107900328,90,0,90
107900329,74,106,-32
107900330,7,319,-312
107900331,305,22,283
107900332,256,23,233
107900333,54,24,30
107900334,11,137,-126
107900335,73,28,45
107900336,49,85,-36
107900337,1012,969,43
107900338,4,157,-153
107900339,1,29,-28
107900340,1,51,-50
107900341,65,2,63
107900342,87,61,26
107900343,80,3,77
107900344,3,82,-79
107900345,107,44,63
107900346,42,0,42
107900347,29,5,24
107900348,7,5,2
107900349,35,8,27
107900350,35,241,-206
108000001,3200,3904,-704
108000002,1975,2622,-647
108000003,4104,4168,-64
108000004,12533,15200,-2667
108000005,8965,7038,1927
108000006,8770,7847,923
108000007,5842,4695,1147
108000008,4772,6373,-1601
108000009,4341,5602,-1261
108000010,3359,4643,-1284
108000011,14021,13598,423
108000012,16704,15965,739
108000014,942,791,151
108000015,726,353,373
108000016,316,564,-248
108000017,1315,450,865
108000018,2044,721,1323
108000019,2211,967,1244
108000020,1525,590,935
108000021,353,1667,-1314
108000022,497,1172,-675
108000023,1492,283,1209
108000024,355,509,-154
108000025,346,265,81
108000026,725,426,299
108000027,822,449,373
108000028,698,261,437
108000029,630,507,123
108000030,783,259,524
108000031,312,720,-408
108000032,1851,764,1087
108000033,855,985,-130
108000034,2030,582,1448
108000035,711,1971,-1260
108000036,396,964,-568
108000037,1876,539,1337
108000038,2967,796,2171
108000039,640,1792,-1152
108000040,2183,1193,990
108000041,672,2458,-1786
108000042,286,262,24
108000043,254,281,-27
108000044,588,189,399
108000045,318,473,-155
108000046,1666,352,1314
108000047,507,900,-393
108000048,179,386,-207
108000049,1090,270,820
108000050,123,365,-242
108000051,436,132,304
108000052,233,582,-349
108000053,516,236,280
108000054,559,985,-426
108000055,1292,649,643
108000056,799,1246,-447
108000057,615,1349,-734
108000058,2059,4082,-2023
108000059,3113,1936,1177
108000060,237,447,-210
108000061,129,235,-106
108000062,871,537,334
108000063,568,522,46
108000064,251,257,-6
108000065,572,527,45
108000066,1501,726,775
108000067,1934,613,1321
108000068,914,398,516
108000069,209,930,-721
108000070,2222,872,1350
108000071,624,1433,-809
108000072,2099,1418,681
108000073,1415,1844,-429
108000074,686,439,247
108000075,357,793,-436
108000076,1101,615,486
108000077,661,716,-55
108000078,2675,1503,1172
108000079,839,1575,-736
108000080,1477,613,864
108000081,603,1564,-961
108000082,1028,1955,-927
108000083,2216,1158,1058
108000084,475,1152,-677
108000085,868,599,269
108000086,915,697,218
108000087,208,2528,-2320
108000088,176,16,160
108000089,335,399,-64
108000090,488,227,261
108000091,359,432,-73
108000092,139,80,59
108000093,200,464,-264
108000094,627,116,511
108000095,156,341,-185
108000096,344,192,152
108000097,183,379,-196
108000098,1914,1281,633
108000099,206,57,149
108000100,65,177,-112
108000101,1533,1501,32
108000102,1776,3306,-1530
108000106,988,3,985
108000107,1,895,-894
108000108,894,80,814
108000109,10,657,-647
108000110,235,274,-39
108000111,194,624,-430
108000112,57,162,-105
108000113,514,285,229
108000115,387,318,69
108000117,670,404,266
108000118,87,260,-173
108000119,625,384,241
108000120,187,752,-565
108000121,206,413,-207
108000122,673,330,343
108000123,1138,190,948
108000124,508,530,-22
108000125,501,229,272
108000126,152,416,-264
108000127,625,337,288
108000128,688,477,211
108000129,305,871,-566
108000130,527,252,275
108000131,1046,590,456
108000132,1926,1443,483
108000133,990,614,376
108000134,570,518,52
108000135,1146,494,652
108000136,372,892,-520
108000137,560,295,265
108000138,353,439,-86
108000139,678,278,400
108000140,127,31,96
108000141,38,83,-45
108000142,71,64,7
108000143,40,28,12
108000144,61,7,54
108000145,52,18,34
108000146,88,20,68
108000147,71,20,51
108000148,97,57,40
108000149,20,23,-3
108000150,41,8,33
108000151,20,15,5
108000152,127,408,-281
108000153,564,122,442
108000154,42,8,34
108000155,40,30,10
108000156,346,114,232
108000157,250,1156,-906
108000158,94,869,-775
108000159,459,263,196
108000160,2608,1279,1329
108000161,2727,3160,-433
108000165,4,246,-242
108000172,3,351,-348
108000173,1822,2109,-287
108000175,299,114,185
108000178,357,319,38
108000179,187,989,-802
108000181,95,18,77
108000182,106,23,83
108000183,15,18,-3
108000184,835,2294,-1459
108000185,354,510,-156
108000186,168,47,121
108000187,136,482,-346
108000188,719,230,489
108000189,656,1486,-830
108000190,20,122,-102
108000192,231,480,-249
108000193,937,21,916
108000194,35,8,27
108000195,2,1012,-1010
108000196,371,253,118
108000197,138,384,-246
108000198,535,270,265
108000199,0,189,-189
108000200,625,455,170
108000202,0,186,-186
108000203,146,612,-466
108000204,126,50,76
108000205,330,412,-82
108000339,1311,413,898
108000364,89,299,-210
108000365,74,277,-203
108000367,235,425,-190
108000368,17,52,-35
108000369,654,249,405
108000371,0,499,-499
108000372,737,8,729
108000373,240,125,115
108000376,103,44,59
108000377,444,271,173
108000378,10753,11626,-873
108000379,32,181,-149
108000381,66,9,57
108000382,59,0,59
108000383,0,104,-104
108900001,89,989,-900
108900002,207,65,142
108900003,296,603,-307
108900004,562,514,48
108900005,82,469,-387
108900006,716,201,515
108900007,292,281,11
108900008,201,197,4
108900009,96,128,-32
108900010,296,197,99
108900011,657,424,233
108900012,427,475,-48
108900013,196,291,-95
108900014,22,127,-105
108900015,0,50,-50
108900016,0,252,-252
108900017,325,536,-211
108900018,212,430,-218
108900019,85,782,-697
108900020,69,193,-124
108900021,156,233,-77
108900022,165,19,146
108900023,0,36,-36
108900024,29,103,-74
108900025,156,137,19
108900026,38,113,-75
108900027,0,75,-75
108900028,122,277,-155
108900029,78,250,-172
108900030,0,62,-62
108900031,158,372,-214
108900032,13,241,-228
108900033,1,99,-98
108900034,0,175,-175
108900035,421,1203,-782
108900036,203,293,-90
108900037,62,315,-253
108900038,0,244,-244
108900039,0,414,-414
108900040,6,119,-113
108900041,5437,3704,1733
108900042,21,363,-342
108900043,87,521,-434
108900044,0,383,-383
108900045,124,434,-310
108900046,49,636,-587
108900047,0,54,-54
108900048,146,793,-647
108900049,2740,1349,1391
108900050,0,197,-197
108900051,0,134,-134
108900052,42,177,-135
108900053,100,158,-58
108900054,75,221,-146
108900055,43,383,-340
108900056,0,122,-122
108900057,4,174,-170
108900058,45,312,-267
108900059,486,43,443
108900060,124,158,-34
108900061,70,35,35
108900062,4,194,-190
108900063,23,269,-246
108900064,281,62,219
108900065,14,197,-183
108900066,460,151,309
108900067,32,125,-93
108900068,1,107,-106
108900069,108,83,25
108900070,35,88,-53
108900071,110,78,32
108900072,2182,759,1423
108900073,14,47,-33
108900074,220,286,-66
108900075,54,48,6
108900076,376,97,279
108900077,124,111,13
108900078,57,119,-62
108900079,880,186,694
108900080,59,1013,-954
108900081,61,200,-139
108900082,88,93,-5
108900083,37,304,-267
108900084,423,152,271
108900085,1898,197,1701
108900086,145,201,-56
108900087,96,215,-119
108900088,1229,491,738
108900089,37,155,-118
108900090,44,252,-208
108900091,118,113,5
108900092,476,430,46
108900093,143,108,35
108900094,197,94,103
108900095,41,312,-271
108900096,337,10,327
108900097,328,216,112
108900098,2044,1131,913
108900099,431,268,163
108900100,84,132,-48
108900101,235,239,-4
108900102,116,1177,-1061
108900103,70,200,-130
108900104,114,385,-271
108900105,2,1154,-1152
108900106,518,364,154
108900108,509,79,430
108900109,40,28,12
108900110,252,438,-186
108900111,561,496,65
108900112,372,38,334
108900113,50,50,0
108900114,0,7,-7
108900115,143,94,49
108900116,136,36,100
108900117,252,27,225
108900118,708,23,685
108900119,400,41,359
108900120,201,187,14
108900121,365,150,215
108900122,181,19,162
108900123,178,189,-11
108900124,453,239,214
108900125,526,10,516
108900126,114,40,74
108900127,224,38,186
108900128,148,46,102
108900129,792,199,593
108900130,435,3,432
108900131,502,12,490
108900132,574,80,494
108900133,238,82,156
108900134,372,265,107
108900135,181,19,162
108900136,113,1,112
108900137,222,1,221
108900138,751,72,679
108900139,702,172,530
108900140,384,257,127
108900141,408,19,389
108900142,140,2,138
108900143,79,0,79
108900144,102,0,102
108900145,158,19,139
108900146,90,1,89
108900147,271,0,271
108900148,83,41,42
108900149,568,317,251
108900150,319,9,310
108900151,211,23,188
108900152,249,50,199
108900153,239,296,-57
108900154,5426,533,4893
108900155,269,99,170
108900156,109,5,104
108900157,26,467,-441
108900158,418,65,353
108900159,6,215,-209
108900160,10,215,-205
108900161,11,357,-346
108900162,126,4,122
108900163,7,258,-251
108900164,64,98,-34
108900165,171,96,75
108900167,1635,6985,-5350
108900168,6577,3163,3414
108900169,60,143,-83
108900171,6882,3153,3729
108900172,211,39,172
108900173,247,381,-134
108900174,1027,693,334
108900176,124,391,-267
108900177,4665,5850,-1185
108900178,3483,3871,-388
108900179,607,1929,-1322
108900180,133,308,-175
108900182,52,344,-292
108900183,227,265,-38
108900184,528,264,264
108900185,199,468,-269
108900186,65,457,-392
108900187,455,77,378
108900188,638,117,521
108900189,568,231,337
108900190,66,2579,-2513
108900191,221,49,172
108900192,131,256,-125
108900193,119,43,76
108900194,31,264,-233
108900195,110,329,-219
108900196,40,415,-375
108900198,5,361,-356
108900199,288,369,-81
108900200,713,359,354
108900201,536,1538,-1002
108900203,660,92,568
108900204,425,23,402
108900205,202,44,158
108900206,483,82,401
108900207,196,125,71
108900208,12,327,-315
108900209,216,571,-355
108900210,216,233,-17
108900211,169,636,-467
108900212,574,1480,-906
108900215,113,412,-299
108900216,465,178,287
108900217,116,0,116
108900218,150,14,136
108900219,104,8,96
108900220,60,20,40
108900221,57,128,-71
108900222,381,27,354
108900223,9,104,-95
108900224,31,203,-172
108900225,0,165,-165
108900226,315,32,283
108900227,114,423,-309
108900230,214,220,-6
108900231,35,183,-148
108900232,2,234,-232
108900233,533,162,371
108900234,428,203,225
108900235,200,608,-408
108900236,63,418,-355
108900237,90,248,-158
108900240,221,159,62
108900241,82,91,-9
108900245,34,1875,-1841
108900249,159,56,103
108900250,297,143,154
108900257,369,470,-101
108900258,8,209,-201
108900259,162,57,105
108900260,14,88,-74
108900261,89,123,-34
108900262,157,114,43
108900263,29,160,-131
108900264,569,325,244
108900265,940,405,535
108900266,685,683,2
108900267,6,136,-130
108900268,9,9,0
108900269,93,17,76
108900270,108,7,101
108900271,80,12,68
108900272,245,16,229
108900273,869,889,-20
108900274,57,47,10
109000001,2782,1346,1436
109000002,1362,1413,-51
109000003,3003,524,2479
109000004,496,1975,-1479
109000005,2870,614,2256
109000006,625,2147,-1522
109000007,1725,687,1038
109000008,482,1658,-1176
109000009,4214,1326,2888
109000010,1322,3510,-2188
109000011,3516,2373,1143
109000012,1836,3081,-1245
109000013,4267,3346,921
109000014,1866,3199,-1333
109000015,4465,7701,-3236
109000016,5660,3641,2019
109000017,2837,1277,1560
109000018,903,2967,-2064
109000019,2703,1272,1431
109000020,876,1919,-1043
109000023,349,44,305
109000024,3,209,-206
109000025,363,420,-57
109000026,641,347,294
109000027,111,263,-152
109000028,119,118,1
109000029,183,241,-58
109000030,86,599,-513
109000031,232,167,65
109000032,110,483,-373
109000033,383,210,173
109000034,112,43,69
109000035,19,93,-74
109000036,112,389,-277
109000037,281,1503,-1222
109000038,571,443,128
109000039,1098,926,172
109000040,4700,9249,-4549
109000041,2995,2008,987
109000042,588,1458,-870
109000044,410,64,346
109000045,129,335,-206
109000046,456,109,347
109000047,82,536,-454
109000048,998,371,627
109000049,332,746,-414
109000050,479,359,120
109000051,343,298,45
109000052,607,971,-364
109000053,270,77,193
109000054,312,525,-213
109000055,224,426,-202
109000056,363,616,-253
109000057,876,714,162
109000058,1250,493,757
109000059,993,1892,-899
109000060,475,348,127
109000061,873,1600,-727
109000062,239,410,-171
109000063,254,216,38
109000064,369,230,139
109000065,210,217,-7
109000066,456,113,343
109000067,105,252,-147
109000068,2775,20,2755
109000069,1032,36,996
109000070,3,1097,-1094
109000071,401,82,319
109000072,128,300,-172
109000073,113,87,26
109000074,42,184,-142
109000075,78,377,-299
109000076,99,212,-113
109000077,332,258,74
109000078,72,158,-86
109000079,88,137,-49
109000080,162,83,79
109000081,140,376,-236
109000082,546,190,356
109000083,329,619,-290
109000088,102,489,-387
109000089,320,76,244
109000090,170,427,-257
109000091,341,269,72
109000092,408,489,-81
109000093,292,287,5
109000094,670,2,668
109000095,100,412,-312
109000096,833,294,539
109000097,82,157,-75
109000098,64,187,-123
109000099,1150,277,873
109000100,282,479,-197
109000101,1982,821,1161
109000102,425,807,-382
109000103,480,625,-145
109000104,2043,630,1413
109000105,484,1220,-736
109000106,2494,995,1499
109000107,684,1929,-1245
109000108,1974,633,1341
109000109,580,1841,-1261
109000110,1769,582,1187
109000111,942,1923,-981
109000112,492,133,359
109000113,326,204,122
109000114,211,269,-58
109000115,1383,37,1346
109000116,5,249,-244
109000117,285,66,219
109000118,15,322,-307
109000119,1768,249,1519
109000120,223,840,-617
109000121,537,61,476
109000122,130,786,-656
109000123,31,53,-22
109000124,673,411,262
109000125,964,420,544
109000126,416,742,-326
109000127,1018,281,737
109000128,541,1334,-793
109000129,2604,1083,1521
109000130,601,1749,-1148
109000131,1062,776,286
109000132,930,1764,-834
109000133,308,922,-614
109000134,793,1356,-563
109000135,1274,1630,-356
109000136,344,307,37
109000137,354,372,-18
109000138,607,334,273
109000139,600,471,129
109000140,194,359,-165
109000141,550,581,-31
109000142,122,557,-435
109000143,149,76,73
109000145,102,250,-148
109000146,31,108,-77
109000148,3475,2010,1465
109000149,25,65,-40
109000150,98,349,-251
109000155,856,627,229
109000156,976,711,265
109000158,213,361,-148
109000159,243,626,-383
109000160,1031,265,766
109000161,343,1010,-667
109000162,2102,754,1348
109000163,1143,1663,-520
109000164,1368,2326,-958
109000165,1407,539,868
109000166,891,120,771
109000167,133,526,-393
109000170,29,67,-38
109000171,67,30,37
109000172,36,82,-46
109000173,34,90,-56
109000174,118,52,66
109000175,51,83,-32
109000176,306,209,97
109000177,18,94,-76
109000178,426,101,325
109000179,4880,5462,-582
109000180,5257,4530,727
109000181,11,22,-11
109000182,44,26,18
109000183,57,37,20
109000184,40,3,37
109000185,16,41,-25
109000188,623,1797,-1174
109000189,2418,1001,1417
109000190,617,474,143
109000191,468,420,48
109000192,476,288,188
109000193,235,297,-62
109000194,342,122,220
109000195,186,328,-142
109000196,374,144,230
109000197,280,382,-102
109000198,425,89,336
109000199,109,468,-359
109000206,232,23,209
109000207,141,51,90
109000208,135,91,44
109000209,186,107,79
109000210,130,530,-400
109000211,293,219,74
109000214,485,337,148
109000215,157,93,64
109000216,289,298,-9
109000217,337,158,179
109000218,369,181,188
109000221,506,1028,-522
109000222,1071,307,764
109000223,407,347,60
109000224,47,116,-69
109000225,95,39,56
109000226,57,202,-145
109000227,1216,1078,138
109000228,4,991,-987
109000231,2,293,-291
109000232,396,313,83
109000236,357,702,-345
109000241,2265,1991,274
109000242,1940,1431,509
109000293,36,86,-50
109000361,103,279,-176
109000364,267,604,-337
109000396,3,481,-478
109000397,602,18,584
109000399,131,374,-243
109000400,75,175,-100
109000403,215,1070,-855
109000406,309,7,302
109000407,319,200,119
109000408,1,236,-235
109000410,1272,255,1017
109000411,147,16,131
109900001,118,0,118
109900002,1033,29,1004
109900003,297,0,297
109900004,1211,178,1033
109900005,66,16,50
109900006,577,204,373
109900007,987,482,505
109900008,0,43,-43
109900009,151,496,-345
109900010,619,23,596
109900011,145,68,77
109900012,421,230,191
109900013,414,267,147
109900014,496,84,412
109900015,677,317,360
109900016,205,44,161
109900017,215,321,-106
109900018,363,108,255
109900019,477,94,383
109900020,41,39,2
109900021,35,15,20
109900022,66,194,-128
109900023,22,6,16
109900024,21,6,15
109900025,26,74,-48
109900026,0,174,-174
109900027,54,50,4
109900028,1296,966,330
109900029,6,280,-274
109900030,57,28,29
109900031,1,264,-263
109900032,15,365,-350
109900033,3,455,-452
109900034,33,0,33
109900035,18,32,-14
109900036,17,66,-49
109900037,17,450,-433
109900038,123,226,-103
109900039,6,1,5
109900040,26,502,-476
109900041,89,342,-253
109900042,105,528,-423
109900044,115,220,-105
109900045,146,42,104
109900046,18,117,-99
109900047,386,340,46
109900048,9,84,-75
109900049,29,37,-8
109900050,0,125,-125
109900051,2,36,-34
109900052,180,357,-177
109900053,4,249,-245
109900054,734,294,440
109900055,60,301,-241
109900056,34,236,-202
109900057,9,139,-130
109900058,2,82,-80
109900059,802,148,654
109900060,410,107,303
109900061,58,302,-244
109900062,0,192,-192
109900063,13,490,-477
109900064,669,282,387
109900065,70,145,-75
109900066,370,801,-431
109900067,1,217,-216
109900068,110,5,105
109900069,4,69,-65
109900070,37,331,-294
109900071,3,35,-32
109900072,24,175,-151
109900073,509,456,53
109900074,5,41,-36
109900075,39,71,-32
109900076,8,175,-167
109900077,28,54,-26
109900078,122,223,-101
109900080,128,376,-248
109900081,54,316,-262
109900082,47,396,-349
109900083,19,84,-65
109900084,103,192,-89
109900085,240,722,-482
109900086,162,416,-254
109900087,323,628,-305
109900089,888,259,629
109900090,592,1166,-574
109900091,402,65,337
109900092,728,20,708
109900093,1184,228,956
109900094,73,139,-66
109900095,248,211,37
109900096,40,9,31
109900097,97,2,95
109900098,467,58,409
109900099,218,5,213
109900100,59,3,56
109900101,528,14,514
109900102,548,31,517
109900103,22,47,-25
109900104,709,625,84
109900105,557,19,538
109900106,584,90,494
109900107,728,109,619
109900108,129,274,-145
109900109,34,113,-79
109900110,77,344,-267
109900111,357,785,-428
109900112,391,571,-180
109900113,904,702,202
109900114,1276,1420,-144
109900115,206,119,87
109900117,1215,181,1034
109900118,278,479,-201
109900119,744,472,272
109900120,65,30,35
109900121,564,606,-42
109900122,405,3,402
109900123,41,165,-124
109900124,34,389,-355
109900125,2,151,-149
109900126,333,123,210
109900128,328,47,281
109900130,6515,2600,3915
109900131,77,167,-90
109900132,47,164,-117
109900133,68,276,-208
109900134,124,105,19
109900135,305,54,251
109900136,118,153,-35
109900137,162,248,-86
109900138,380,354,26
109900140,249,188,61
109900141,503,292,211
109900142,1490,333,1157
109900145,14,638,-624
109900146,634,62,572
109900148,30,84,-54
109900149,46,69,-23
109900150,1,89,-88
109900151,11,58,-47
109900152,3,26,-23
109900153,2,49,-47
109900154,96,0,96
109900155,90,19,71
109900157,57,195,-138
109900158,59,145,-86
109900159,222,38,184
109900160,212,69,143
109900161,308,106,202
109900162,246,150,96
109900163,827,340,487
109900164,77,157,-80
109900165,345,3,342
109900166,1,169,-168
109900167,214,486,-272
109900168,257,661,-404
109900169,287,179,108
109900170,258,917,-659
109900171,217,120,97
109900172,250,292,-42
109900173,2564,2669,-105
109900174,97,128,-31
109900175,73,78,-5
109900176,179,143,36
109900177,60,204,-144
109900178,18,191,-173
109900179,65,25,40
109900180,2,20,-18
110000001,904,551,353
110000002,638,756,-118
110000003,917,746,171
110000004,591,731,-140
110000005,424,1878,-1454
110000006,305,333,-28
110000007,130,155,-25
110000008,13,56,-43
110000009,48,29,19
110000010,56,61,-5
110000011,37,69,-32
110000012,526,334,192
110000013,50,425,-375
110000014,455,424,31
110000015,276,605,-329
110000016,212,1582,-1370
110000017,2620,258,2362
110000018,2424,465,1959
110000019,8,104,-96
110000020,608,162,446
110000021,520,572,-52
110000022,1060,231,829
110000023,6,159,-153
110000024,753,352,401
110000025,411,6,405
110000026,10,370,-360
110000027,1339,1219,120
110000028,927,773,154
110000029,600,649,-49
110000030,217,390,-173
110000031,311,499,-188
110000032,855,415,440
110000033,411,106,305
110000034,481,748,-267
110000035,1111,536,575
110000036,924,704,220
110000037,323,473,-150
110000038,276,693,-417
110000039,767,3111,-2344
110000040,348,356,-8
110000041,374,1557,-1183
110000042,96,402,-306
110000043,794,284,510
110000044,148,352,-204
110000045,1152,104,1048
110000046,11,26,-15
110000047,43,33,10
110000048,7,34,-27
110000049,24,10,14
110000050,11,139,-128
110000051,36,24,12
110000052,18,36,-18
110000053,321,71,250
110000054,181,280,-99
110000055,757,67,690
110000056,253,67,186
110000057,454,592,-138
110000058,1408,528,880
110000059,1172,607,565
110000060,947,1217,-270
110000061,923,759,164
110000062,721,952,-231
110000063,45,99,-54
110000064,112,71,41
110000065,72,63,9
110000066,51,41,10
110000067,107,192,-85
110000068,364,180,184
110000069,295,88,207
110000071,175,139,36
110000073,16,14,2
110000075,23,83,-60
110000076,369,405,-36
110000077,382,1131,-749
110000078,33,67,-34
110000080,290,772,-482
110000081,19,302,-283
110000082,30,416,-386
110000083,260,663,-403
110000084,1251,1008,243
110000085,1735,1701,34
110000086,1690,2698,-1008
110000087,14,85,-71
110000088,109,243,-134
110000089,327,128,199
110000090,214,254,-40
110000091,966,293,673
110000092,59,71,-12
110000093,88,14,74
110000094,556,293,263
110000095,288,592,-304
110000096,2018,2040,-22
110000097,1373,1267,106
110000098,2305,686,1619
110000099,901,1692,-791
110000100,1073,459,614
110000101,29,362,-333
110000102,108,21,87
110000104,449,150,299
110000105,68,250,-182
110000106,728,477,251
110000107,287,392,-105
110000108,140,105,35
110000109,275,312,-37
110000110,3099,5927,-2828
110000111,6157,3313,2844
110000112,1314,1485,-171
110000113,353,2407,-2054
110000114,137,576,-439
110000115,376,299,77
110000116,47,56,-9
110000117,192,311,-119
110000118,480,139,341
110000119,296,269,27
110000120,377,174,203
110000121,106,385,-279
110000122,429,689,-260
110000123,634,893,-259
110000124,3,871,-868
110000125,1315,7,1308
110000126,271,29,242
110000127,1252,55,1197
110000128,40,1349,-1309
110000129,4,465,-461
110000130,244,240,4
110000131,135,264,-129
110000132,2,586,-584
110000133,42,493,-451
110000134,33,362,-329
110000135,171,42,129
110000136,61,280,-219
110000137,555,677,-122
110000138,946,579,367
110000139,885,1150,-265
110000140,1244,803,441
110000143,744,508,236
110000144,6044,2462,3582
110000145,2270,1566,704
110000146,2679,1116,1563
110000147,559,679,-120
110000148,657,288,369
110000151,1151,1347,-196
110000152,895,392,503
110000153,122,26,96
110000154,45,62,-17
110000155,2119,4938,-2819
110000156,1079,2905,-1826
110000157,2439,2744,-305
110000160,385,226,159
110000161,177,287,-110
110000166,728,125,603
110000167,1015,602,413
110000168,1236,551,685
110000169,1024,421,603
110000170,109,53,56
110000171,620,156,464
110000172,186,740,-554
110000173,1010,1173,-163
110000174,195,780,-585
110000175,851,87,764
110000176,111,321,-210
110000177,208,988,-780
110000178,494,1667,-1173
110000179,1052,332,720
110000180,203,208,-5
110000181,495,475,20
110000182,375,125,250
110000183,8255,7342,913
110000184,326,2442,-2116
110000185,998,851,147
110000186,869,642,227
110000191,1045,262,783
110000192,796,12,784
110000193,1434,10,1424
110000194,17,981,-964
110000195,530,337,193
110000196,486,291,195
110000197,132,180,-48
110000198,200,102,98
110000199,111,174,-63
110000200,1220,558,662
110000201,1006,1298,-292
110000202,1364,653,711
110000203,654,715,-61
110000204,2,182,-180
110000205,147,70,77
110000206,598,1086,-488
110000207,1078,425,653
110000208,201,290,-89
110000209,167,843,-676
110000210,1240,462,778
110000211,720,590,130
110000212,462,1115,-653
110000213,252,111,141
110000214,330,137,193
110000215,199,388,-189
110000216,93,349,-256
110000217,417,153,264
110000218,159,274,-115
110000219,405,86,319
110000220,75,210,-135
110000221,324,69,255
110000222,73,199,-126
110000223,1,140,-139
110000224,34,3,31
110000225,373,752,-379
110000226,236,75,161
110000227,684,730,-46
110000228,199,133,66
110000229,0,211,-211
110000230,616,529,87
110000231,193,243,-50
110000232,233,241,-8
110000233,191,298,-107
110000234,737,831,-94
110000235,897,1146,-249
110000236,614,653,-39
110000237,1972,1202,770
110000238,1596,1360,236
110000239,2064,1166,898
110000240,0,70,-70
110000242,0,12,-12
110000243,159,136,23
110000244,146,324,-178
110000245,20,299,-279
110000246,909,518,391
110000247,1423,5284,-3861
110000248,2333,1786,547
110000249,98,14,84
110000250,52,223,-171
110000251,366,627,-261
110000252,261,218,43
110000253,1482,764,718
110000254,717,1321,-604
110000255,213,989,-776
110000256,541,387,154
110000257,830,414,416
110000258,5,382,-377
110000259,121,23,98
110000260,18,244,-226
110000263,568,122,446
110000264,294,487,-193
110000265,1127,2047,-920
110000266,2395,3754,-1359
110000267,21,200,-179
110000268,421,516,-95
110000269,8,78,-70
110000270,83,12,71
110000271,1252,301,951
110000272,1234,1204,30
110000273,4133,1758,2375
110000274,195,1624,-1429
110000275,1732,550,1182
110000276,297,358,-61
110000277,337,294,43
110000278,351,756,-405
110000279,859,745,114
110000280,445,509,-64
110000281,50,422,-372
110000282,315,32,283
110000283,54,139,-85
110000284,53,41,12
110000285,4,777,-773
110000286,28,1,27
110000287,90,5,85
110000288,1,109,-108
110000289,491,1896,-1405
110000290,873,569,304
110000291,4802,1458,3344
110000292,1568,4885,-3317
110000293,824,704,120
110000294,1215,1262,-47
110000295,360,1019,-659
110000296,743,426,317
110000297,2759,441,2318
110000298,161,507,-346
110000299,389,115,274
110000301,281,42,239
110000302,152,631,-479
110000303,402,12,390
110000304,87,206,-119
110000305,1529,23,1506
110000306,149,1152,-1003
110000307,1914,13,1901
110000308,694,10,684
110000309,3,848,-845
110000310,720,33,687
110000311,18,659,-641
110000312,454,117,337
110000313,3051,3625,-574
110000314,5,271,-266
110000315,3673,3115,558
110000316,636,1399,-763
110000317,426,452,-26
110000318,6,83,-77
110000319,5,30,-25
110000320,77,47,30
110000321,13,45,-32
110000322,370,361,9
110000323,411,169,242
110000324,3030,1934,1096
110000325,3014,3466,-452
110000327,628,386,242
110000328,228,400,-172
110000333,1071,760,311
110000334,1043,1372,-329
110000335,1148,605,543
110000336,830,1043,-213
110000337,1575,635,940
110000338,591,230,361
110000339,361,237,124
110000340,42,163,-121
110000341,558,515,43
110000342,591,3,588
110000343,0,28,-28
110000344,600,151,449
110000345,516,158,358
110000346,2607,2307,300
110000347,1139,804,335
110000348,23,18,5
110000349,10,9,1
110000350,81,9,72
110000351,1148,787,361
110000352,776,1482,-706
110000353,2208,718,1490
110000354,1278,2686,-1408
110000355,113,111,2
110000356,650,8,642
110000357,486,16,470
110000361,46,35,11
110000362,105,81,24
110000363,464,143,321
110000364,349,275,74
110000365,166,3,163
110000366,1,81,-80
110000367,487,294,193
110000368,9,63,-54
110000369,98,4,94
110000373,8,315,-307
110000374,181,21,160
110000375,126,1080,-954
110000376,28,77,-49
110000377,83,472,-389
110000378,22,349,-327
110000379,2405,1663,742
110000380,77,7,70
110000383,3,1198,-1195
110000384,1438,752,686
110000385,1,244,-243
110000387,104,5,99
110000388,45,198,-153
110000389,945,8,937
110000391,683,382,301
110000396,210,164,46
110000397,165,161,4
110000398,1,36,-35
110000399,167,1,166
110000587,187,46,141
110000589,263,134,129
110000640,165,60,105
110000652,23,461,-438
110000653,329,400,-71
110000654,41,192,-151
110000656,1,553,-552
110000674,32,24,8
110000675,22,24,-2
110000676,0,47,-47
110000679,257,1454,-1197
110000682,111,181,-70
110000683,290,572,-282
110000684,2,56,-54
110000685,7,12,-5
110000686,5,39,-34
110000687,27,7,20
110000688,93,994,-901
110000689,22,26,-4
110000692,43,155,-112
110000693,65,216,-151
110000694,1,158,-157
110000695,210,668,-458
110000696,79,81,-2
110900001,338,12,326
110900002,392,206,186
110900003,967,545,422
110900004,656,185,471
110900005,2450,2420,30
110900006,70,15,55
110900007,137,50,87
110900008,14,27,-13
110900009,649,183,466
110900010,10,54,-44
110900011,12,69,-57
110900012,21,99,-78
110900013,1180,154,1026
110900014,205,11,194
110900015,576,945,-369
110900016,55,125,-70
110900017,570,61,509
110900018,611,82,529
110900019,202,25,177
110900020,98,259,-161
110900021,77,549,-472
110900022,115,291,-176
110900023,111,474,-363
110900024,19,420,-401
110900025,3,53,-50
110900027,54,246,-192
110900028,59,148,-89
110900029,28,336,-308
110900030,46,255,-209
110900031,3,154,-151
110900032,0,65,-65
110900033,39,210,-171
110900035,16,425,-409
110900036,81,21,60
110900037,106,15,91
110900038,892,202,690
110900039,6,262,-256
110900040,245,44,201
110900041,27,109,-82
110900042,153,58,95
110900043,4,135,-131
110900044,248,21,227
110900045,49,403,-354
110900046,31,281,-250
110900047,527,277,250
110900049,168,83,85
110900050,29,7,22
110900051,30,186,-156
110900052,7,186,-179
110900053,132,22,110
110900054,40,204,-164
110900055,31,4,27
110900056,75,118,-43
110900057,13,129,-116
110900058,285,213,72
110900059,726,487,239
110900060,721,178,543
110900061,22,50,-28
110900062,166,223,-57
110900063,58,240,-182
110900064,11,0,11
110900065,261,157,104
110900066,4,101,-97
110900067,294,651,-357
110900068,219,231,-12
110900069,13,63,-50
110900070,121,47,74
110900071,285,775,-490
110900073,0,27,-27
110900074,383,78,305
110900075,487,126,361
110900077,960,624,336
110900078,59,40,19
110900079,2251,1859,392
110900080,128,83,45
110900081,8,65,-57
110900082,133,109,24
110900083,153,87,66
110900084,52,95,-43
110900085,66,252,-186
110900086,130,381,-251
110900087,372,98,274
110900088,7,1,6
110900090,53,68,-15
110900091,0,64,-64
110900093,254,133,121
110900095,59,28,31
110900097,15,13,2
110900098,49,77,-28
110900099,86,391,-305
110900100,0,15,-15
110900102,50,9,41
110900105,690,241,449
110900108,22,51,-29
110900111,559,348,211
110900112,1166,19,1147
110900113,540,65,475
110900115,3,52,-49
110900116,815,1625,-810
110900118,111,3373,-3262
110900119,3857,442,3415
110900120,12,43,-31
110900121,216,3,213
110900122,538,234,304
110900125,503,455,48
110900127,812,1634,-822
110900128,240,396,-156
110900129,534,1098,-564
110900130,933,665,268
110900131,288,59,229
110900132,416,121,295
110900133,125,207,-82
110900135,119,319,-200
110900136,363,16,347
110900137,43,0,43
110900138,835,398,437
110900139,11,92,-81
110900140,46,4,42
110900141,4,172,-168
110900142,52,209,-157
110900143,184,97,87
110900144,2,515,-513
110900145,254,46,208
110900146,347,175,172
110900147,103,365,-262
110900148,0,291,-291
110900149,0,60,-60
110900150,76,20,56
110900151,22,90,-68
110900152,58,194,-136
110900153,159,54,105
111000001,328,271,57
111000002,322,447,-125
111000003,1180,740,440
111000004,434,953,-519
111000005,1730,1406,324
111000006,1002,1821,-819
111000007,5006,3054,1952
111000008,2094,3298,-1204
111000009,449,923,-474
111000010,864,258,606
111000011,232,930,-698
111000012,300,343,-43
111000013,314,713,-399
111000014,862,478,384
111000017,182,1146,-964
111000018,269,405,-136
111000020,810,2472,-1662
111000021,60,99,-39
111000023,132,102,30
111000025,4019,4124,-105
111000029,47,134,-87
111000030,29,132,-103
111000031,2185,1345,840
111000032,462,391,71
111000033,330,432,-102
111000034,175,262,-87
111000037,1602,925,677
111000038,3902,2574,1328
111000039,2298,2313,-15
111000040,2086,2450,-364
111000041,1840,1727,113
111000042,3181,2423,758
111000043,1997,3743,-1746
111000044,2115,1357,758
111000045,2619,2622,-3
111000046,1942,2177,-235
111000047,2742,4481,-1739
111000049,674,627,47
111000050,1370,1302,68
111000051,584,1021,-437
111000052,568,1793,-1225
111000053,398,836,-438
111000054,416,717,-301
111000055,989,1484,-495
111000056,137,446,-309
111000057,89,421,-332
111000058,453,69,384
111000059,516,322,194
111000060,3935,963,2972
111000061,604,393,211
111000062,863,371,492
111000063,1758,1006,752
111000064,804,672,132
111000065,1406,921,485
111000066,538,525,13
111000067,730,745,-15
111000068,633,1095,-462
111000069,1803,2110,-307
111000070,598,736,-138
111000071,100,516,-416
111000072,1041,358,683
111000073,301,598,-297
111000074,1626,1756,-130
111000075,1280,655,625
111000076,573,588,-15
111000077,1965,1759,206
111000078,2965,1627,1338
111000079,1362,846,516
111000080,583,648,-65
111000081,1643,3668,-2025
111000082,735,537,198
111000084,819,521,298
111000085,977,1222,-245
111000086,2400,993,1407
111000087,730,557,173
111000088,4841,2334,2507
111000089,801,789,12
111000090,821,1581,-760
111000091,940,533,407
111000092,1412,822,590
111000093,809,1259,-450
111000094,1830,1085,745
111000095,637,2318,-1681
111000096,1703,7596,-5893
111000097,3931,1523,2408
111000098,711,1063,-352
111000099,749,1712,-963
111000100,472,1284,-812
111000101,392,769,-377
111000102,324,652,-328
111000104,710,205,505
111000107,194,707,-513
111000109,1076,291,785
111000110,1496,549,947
111000111,2683,527,2156
111000112,2056,634,1422
111000113,1032,1461,-429
111000114,1715,3395,-1680
111000115,5568,1242,4326
111000116,1005,989,16
111000117,454,845,-391
111000118,1275,781,494
111000119,1140,1036,104
111000120,462,633,-171
111000121,232,606,-374
111000122,694,1153,-459
111000123,1209,2561,-1352
111000124,461,2410,-1949
111000125,216,1272,-1056
111000126,107,686,-579
111000127,1198,184,1014
111000128,2311,311,2000
111000129,2970,521,2449
111000130,2527,644,1883
111000131,2083,615,1468
111000132,1777,945,832
111000133,220,156,64
111000134,177,145,32
111000135,73,180,-107
111000136,390,302,88
111000138,16,2,14
111000140,0,11,-11
111000141,245,358,-113
111000142,22,92,-70
111000143,3,92,-89
111000144,25,268,-243
111000145,935,15,920
111000146,98,13,85
111000147,409,25,384
111000148,152,83,69
111000149,6,36,-30
111000150,11,3,8
111000151,3,18,-15
111000153,616,942,-326
111000154,763,223,540
111000155,107,175,-68
111000156,440,675,-235
111000157,284,1149,-865
111000158,1022,778,244
111000159,2339,820,1519
111000160,462,342,120
111000161,16,309,-293
111000162,98,149,-51
111000163,792,935,-143
111000164,700,3666,-2966
111000165,1045,676,369
111000166,2295,529,1766
111000167,125,457,-332
111000168,238,637,-399
111000169,341,711,-370
111000170,586,446,140
111000171,602,535,67
111000172,228,334,-106
111000173,319,547,-228
111000174,222,298,-76
111000175,38,337,-299
111000176,549,118,431
111000177,350,195,155
111000178,1098,244,854
111000179,271,201,70
111000180,341,516,-175
111000181,1180,258,922
111000182,245,255,-10
111000183,336,352,-16
111000184,386,242,144
111000185,435,410,25
111000186,336,241,95
111000187,183,169,14
111000188,303,332,-29
111000189,979,627,352
111000190,208,328,-120
111000191,193,309,-116
111000192,192,440,-248
111000193,250,260,-10
111000194,43,292,-249
111000195,143,306,-163
111000196,60,186,-126
111000197,524,117,407
111000198,809,89,720
111000199,221,127,94
111000200,422,309,113
111000201,651,274,377
111000202,258,246,12
111000203,346,347,-1
111000204,470,992,-522
111000213,214,409,-195
111000214,1739,1270,469
111000215,988,1233,-245
111000217,1594,1013,581
111000218,1259,1277,-18
111000219,421,186,235
111000220,1621,735,886
111000221,658,142,516
111000224,0,229,-229
111000225,279,34,245
111000226,96,3,93
111000227,34,4,30
111000228,34,490,-456
111000229,57,1057,-1000
111000230,432,397,35
111000231,1133,695,438
111000232,628,870,-242
111000233,970,693,277
111000234,270,521,-251
111000239,124,134,-10
111000240,62,236,-174
111000241,50,316,-266
111000242,213,92,121
111000243,178,535,-357
111000244,617,92,525
111000245,1326,360,966
111000246,615,365,250
111000247,464,680,-216
111000248,778,453,325
111000249,550,570,-20
111000250,62,117,-55
111000251,74,139,-65
111000253,25,21,4
111000255,30,8,22
111000257,54,12,42
111000260,80,929,-849
111000261,1484,121,1363
111000271,82,233,-151
111000273,3453,1406,2047
111000274,1250,2175,-925
111000275,209,52,157
111000276,265,1722,-1457
111000277,191,325,-134
111000278,682,243,439
111000291,681,5947,-5266
111000298,617,249,368
111000299,755,165,590
111000300,92,548,-456
111000302,282,70,212
111000303,76,191,-115
111000312,49,77,-28
111000315,0,26,-26
111000320,328,712,-384
111000321,410,149,261
111000322,350,443,-93
111000323,185,39,146
111000324,442,306,136
111000325,59,69,-10
111000326,182,312,-130
111000327,527,333,194
111000328,278,420,-142
111000329,0,50,-50
111000330,56,3,53
111000331,8,0,8
111000332,611,1548,-937
111000334,345,1145,-800
111000335,839,331,508
111000337,1509,463,1046
111000338,129,112,17
111000339,779,319,460
111000340,121,525,-404
111000341,1306,665,641
111000342,193,490,-297
111000344,1272,752,520
111000345,208,69,139
111000346,12,82,-70
111000347,163,15,148
111000350,109,103,6
111000351,85,216,-131
111000352,154,130,24
111000353,148,236,-88
111000354,683,152,531
111000355,349,672,-323
111000358,184,912,-728
111000360,247,640,-393
111000361,188,243,-55
111000546,972,682,290
111000547,467,518,-51
111000548,137,412,-275
111000549,311,359,-48
111000550,74,1040,-966
111000551,656,128,528
111000552,1236,110,1126
111000907,175,3,172
111000908,14,1,13
111000916,1806,382,1424
111000917,47,415,-368
111000918,231,667,-436
111000920,553,14,539
111000921,6,216,-210
111000922,648,340,308
111000924,50,698,-648
111000925,2447,1842,605
111000926,1001,1298,-297
111000927,3300,4544,-1244
111000928,4380,3230,1150
111000929,1398,1522,-124
111000930,657,2180,-1523
111000931,2456,2895,-439
111000932,4441,2554,1887
111000933,3663,2449,1214
111000934,1883,3559,-1676
111000935,1497,972,525
111000936,1044,2006,-962
111000937,912,1378,-466
111000938,1347,1319,28
111000939,619,49,570
111000940,615,134,481
111000941,330,482,-152
111000943,499,327,172
111000944,195,305,-110
111000945,78,1226,-1148
111001109,514,404,110
111001110,176,464,-288
111001111,91,8,83
111001112,124,4,120
111001113,1,145,-144
111001114,882,121,761
111001115,24,535,-511
111001116,4708,4497,211
111001117,610,2308,-1698
111001120,97,250,-153
111001121,165,182,-17
111001122,33,269,-236
111900001,30,151,-121
111900002,32,629,-597
111900003,3,269,-266
111900004,85,100,-15
111900006,18,53,-35
111900007,168,14,154
111900008,274,3,271
111900009,230,156,74
111900010,336,496,-160
111900012,66,100,-34
111900013,22,119,-97
111900014,4664,4409,255
111900015,0,70,-70
111900016,0,126,-126
111900017,0,122,-122
111900018,376,6,370
111900019,5,149,-144
111900020,2,55,-53
111900021,30,128,-98
111900022,6,54,-48
111900023,96,92,4
111900024,1,54,-53
111900025,0,31,-31
111900026,0,69,-69
111900027,3,131,-128
111900028,0,325,-325
111900029,2,119,-117
111900030,40,381,-341
111900031,14,51,-37
111900032,2,289,-287
111900033,9,83,-74
111900034,183,329,-146
111900035,60,200,-140
111900036,1,230,-229
111900038,343,512,-169
111900039,61,385,-324
111900040,1,468,-467
111900042,44,147,-103
111900043,4,245,-241
111900044,342,187,155
111900046,40,144,-104
111900048,290,510,-220
111900049,40,243,-203
111900050,126,58,68
111900051,3,149,-146
111900052,319,429,-110
111900053,1023,1773,-750
111900054,204,11,193
111900055,10,323,-313
111900056,215,317,-102
111900057,197,29,168
111900058,505,516,-11
111900059,1348,656,692
111900060,526,3,523
111900061,7,175,-168
111900062,30,98,-68
111900063,423,271,152
111900064,94,203,-109
111900065,95,36,59
111900066,157,130,27
111900067,3,300,-297
111900068,92,81,11
111900069,76,26,50
111900070,207,126,81
111900071,2,221,-219
111900072,66,46,20
111900073,1018,217,801
111900074,14,176,-162
111900075,113,18,95
111900076,222,77,145
111900077,80,5,75
111900078,369,14,355
111900079,59,40,19
111900080,206,302,-96
111900081,572,213,359
111900082,129,35,94
111900083,146,20,126
111900084,115,11,104
111900085,53,135,-82
111900086,44,6,38
111900087,99,2,97
111900088,571,7,564
111900089,204,6,198
111900090,74,91,-17
111900091,275,5,270
111900092,105,0,105
111900093,566,16,550
111900094,208,2,206
111900095,299,69,230
111900096,182,3,179
111900097,51,0,51
111900098,233,1,232
111900099,118,1,117
111900100,148,4,144
111900101,117,21,96
111900102,770,453,317
111900103,79,93,-14
111900104,139,59,80
111900105,425,418,7
111900106,1355,87,1268
111900107,105,117,-12
111900108,178,206,-28
111900109,472,611,-139
111900110,1761,470,1291
111900111,204,116,88
111900112,576,3233,-2657
111900113,280,75,205
111900114,173,126,47
111900115,13,34,-21
111900118,234,100,134
111900119,403,223,180
111900122,130,98,32
111900123,14,29,-15
111900124,39,103,-64
111900125,598,62,536
111900126,330,1,329
111900127,1,510,-509
111900128,2,534,-532
111900129,389,4,385
111900130,285,45,240
111900131,549,2,547
111900132,18,848,-830
111900133,10,292,-282
111900134,12,197,-185
111900135,16,47,-31
111900136,94,155,-61
111900137,57,50,7
111900138,11,71,-60
111900139,34,95,-61
111900140,123,49,74
111900141,55,13,42
111900142,113,47,66
111900143,18,137,-119
111900144,0,59,-59
111900145,3,331,-328
111900146,1,194,-193
111900147,128,387,-259
111900148,30,535,-505
111900149,8,294,-286
111900150,15,168,-153
111900151,4,30,-26
111900152,54,88,-34
111900153,1352,690,662
111900154,25,391,-366
111900155,62,94,-32
111900156,71,70,1
111900157,163,13,150
111900158,751,107,644
111900159,333,24,309
111900160,343,0,343
111900161,191,13,178
111900162,95,175,-80
111900163,48,191,-143
111900164,98,91,7
111901113,672,199,473
111901114,235,213,22
111901115,61,1,60
111901116,79,2,77
111901117,18,31,-13
111901118,48,230,-182
111901119,650,64,586
111901120,95,165,-70
111901121,110,154,-44
111901122,7,292,-285
111901123,204,283,-79
111901124,212,5,207
111901125,291,66,225
111901126,154,99,55
111901127,497,597,-100
111901128,11,76,-65
111901129,6,105,-99
111901130,10,137,-127
111901131,2,236,-234
111901132,60,27,33
111901133,44,2,42
111901134,75,9,66
111901135,34,16,18
111901136,42,73,-31
111901137,2,41,-39
111901138,216,48,168
111901139,28,44,-16
111901140,2,71,-69
111901141,15,119,-104
111901142,7,89,-82
111901143,0,81,-81
111901144,50,50,0
112000001,2115,744,1371
112000002,607,2143,-1536
112000003,1638,1187,451
112000004,699,995,-296
112000005,3897,3914,-17
112000006,2520,1879,641
112000007,3610,2349,1261
112000008,2667,3661,-994
112000009,3219,2761,458
112000010,2954,3633,-679
112000011,1582,1562,20
112000012,4716,5497,-781
112000013,4086,3256,830
112000014,3001,3217,-216
112000015,3874,3998,-124
112000016,4927,1736,3191
112000017,1854,3430,-1576
112000024,2437,1199,1238
112000026,3343,4171,-828
112000027,1074,661,413
112000028,1250,1601,-351
112000029,640,900,-260
112000030,134,94,40
112000031,1448,5300,-3852
112000032,351,52,299
112000033,1993,2472,-479
112000034,274,92,182
112000035,121,452,-331
112000036,791,1307,-516
112000037,1161,821,340
112000038,1203,1229,-26
112000039,108,110,-2
112000040,103,260,-157
112000041,421,448,-27
112000042,1320,503,817
112000050,1372,1593,-221
112000051,1241,1631,-390
112000054,1705,1846,-141
112000057,530,444,86
112000058,407,710,-303
112000059,622,865,-243
112000061,2863,1857,1006
112000062,1492,1020,472
112000063,1183,1888,-705
112000064,4258,5126,-868
112000065,1681,2404,-723
112000066,3944,1504,2440
112000067,847,740,107
112000068,3479,2676,803
112000069,770,1942,-1172
112000070,2046,1014,1032
112000071,1385,2968,-1583
112000072,2982,1086,1896
112000073,2005,2598,-593
112000074,1909,1482,427
112000075,1574,1416,158
112000076,3656,2677,979
112000077,848,651,197
112000078,1932,668,1264
112000079,1613,1370,243
112000080,850,736,114
112000081,1353,2291,-938
112000082,1704,890,814
112000083,680,1379,-699
112000084,1454,987,467
112000085,1438,1093,345
112000086,2042,1358,684
112000087,482,330,152
112000088,910,575,335
112000089,343,314,29
112000090,288,311,-23
112000091,612,995,-383
112000092,2365,1179,1186
112000093,1736,866,870
112000094,826,829,-3
112000095,693,899,-206
112000096,645,586,59
112000097,1683,998,685
112000098,1172,1189,-17
112000099,956,2027,-1071
112000100,2209,884,1325
112000101,605,941,-336
112000102,1677,520,1157
112000103,408,1064,-656
112000105,497,1435,-938
112000106,1790,365,1425
112000107,18,257,-239
112000108,244,1446,-1202
112000109,92,106,-14
112000110,1529,528,1001
112000111,1135,3743,-2608
112000112,4563,705,3858
112000113,911,1802,-891
112000114,2830,1035,1795
112000115,380,377,3
112000116,782,1202,-420
112000117,1086,847,239
112000118,1172,838,334
112000119,509,762,-253
112000120,109,332,-223
112000121,180,493,-313
112000122,300,160,140
112000123,848,180,668
112000124,444,91,353
112000125,250,313,-63
112000126,270,496,-226
112000127,2508,2616,-108
112000128,876,801,75
112000129,141,94,47
112000130,249,93,156
112000131,80,279,-199
112000132,114,295,-181
112000133,435,212,223
112000134,458,367,91
112000135,1319,707,612
112000136,1035,1201,-166
112000137,2008,1833,175
112000138,1968,1317,651
112000139,1012,693,319
112000140,1150,1220,-70
112000141,981,346,635
112000142,163,537,-374
112000143,1145,226,919
112000144,368,1064,-696
112000145,2841,619,2222
112000146,562,1661,-1099
112000147,2717,1930,787
112000148,1617,1920,-303
112000149,709,563,146
112000150,283,577,-294
112000151,341,344,-3
112000152,464,380,84
112000153,173,251,-78
112000154,152,190,-38
112000155,145,106,39
112000157,881,626,255
112000158,379,433,-54
112000159,557,355,202
112000167,492,171,321
112000169,308,415,-107
112000173,849,246,603
112000175,385,428,-43
112000176,3042,2079,963
112000177,894,291,603
112000178,101,372,-271
112000179,330,112,218
112000180,305,438,-133
112000181,1493,1831,-338
112000182,1426,1489,-63
112000183,48,63,-15
112000184,487,365,122
112000185,649,452,197
112000187,6033,3793,2240
112000195,196,18,178
112000196,329,7,322
112000197,212,309,-97
112000198,63,325,-262
112000199,126,843,-717
112000202,498,1,497
112000216,69,246,-177
112000230,100,9,91
112000231,2,234,-232
112000256,81,242,-161
112000313,79,128,-49
112000314,125,45,80
112000337,515,698,-183
112000352,278,432,-154
112000392,1590,1451,139
112000398,1497,962,535
112000399,1546,2282,-736
112000400,1776,2696,-920
112000401,2736,2268,468
112000402,3579,3684,-105
112000403,1916,2967,-1051
112000404,942,1095,-153
112000405,2265,3130,-865
112000406,3500,2135,1365
112000407,8782,9873,-1091
112000408,8282,6449,1833
112000409,1652,4179,-2527
112000410,502,421,81
112000411,3708,1888,1820
112000412,1690,686,1004
112000413,7737,6751,986
112000414,78,97,-19
112000415,121,53,68
112000416,2945,1528,1417
112000417,276,72,204
112000421,59,155,-96
112000422,400,340,60
112000424,2097,2954,-857
112000425,480,688,-208
112000426,169,292,-123
112000427,5,16,-11
112000428,431,249,182
112000429,2284,2563,-279
112000430,2570,2752,-182
112000431,93,142,-49
112000432,689,1091,-402
112000433,446,1002,-556
112000437,41,155,-114
112900001,76,1,75
112900002,589,902,-313
112900003,64,324,-260
112900004,96,299,-203
112900005,255,179,76
112900006,8,326,-318
112900007,48,167,-119
112900008,7,25,-18
112900009,464,163,301
112900010,397,871,-474
112900011,160,224,-64
112900012,0,57,-57
112900013,11,232,-221
112900014,3,313,-310
112900015,433,759,-326
112900016,7,220,-213
112900017,50,230,-180
112900018,1,218,-217
112900019,35,210,-175
112900020,453,1164,-711
112900021,3,167,-164
112900022,12,101,-89
112900023,6,169,-163
112900024,22,245,-223
112900025,86,336,-250
112900026,8,205,-197
112900027,6,893,-887
112900028,19,171,-152
112900029,20,432,-412
112900030,131,141,-10
112900031,15,409,-394
112900032,375,265,110
112900034,1,65,-64
112900035,4,379,-375
112900036,50,185,-135
112900037,138,200,-62
112900038,864,225,639
112900039,8,241,-233
112900040,9,362,-353
112900041,836,1452,-616
112900042,79,307,-228
112900043,35,48,-13
112900044,623,592,31
112900045,316,300,16
112900046,211,72,139
112900047,12,19,-7
112900049,317,89,228
112900050,47,544,-497
112900051,300,581,-281
112900052,9,809,-800
112900053,576,146,430
112900054,230,50,180
112900055,118,57,61
112900056,399,264,135
112900057,21,449,-428
112900058,464,427,37
112900059,181,128,53
112900060,30,187,-157
112900061,126,139,-13
112900062,60,111,-51
112900063,112,26,86
112900064,234,232,2
112900065,57,39,18
112900066,425,272,153
112900067,427,208,219
112900068,66,45,21
112900069,1626,773,853
112900071,42,8,34
112900072,154,2472,-2318
112900073,363,128,235
112900074,105,341,-236
112900075,1224,944,280
112900076,95,45,50
112900078,427,446,-19
112900079,357,45,312
112900080,92,3,89
112900081,69,241,-172
112900082,722,37,685
112900083,172,127,45
112900084,329,158,171
112900085,0,9,-9
112900086,79,1,78
112900087,958,172,786
112900088,192,12,180
112900089,1747,76,1671
112900090,73,49,24
112900091,316,7,309
112900092,219,354,-135
112900093,1493,29,1464
112900094,86,0,86
112900095,45,1,44
112900096,678,249,429
112900097,115,398,-283
112900098,232,2,230
112900099,1031,37,994
112900100,101,1,100
112900101,458,5,453
112900102,199,13,186
112900103,215,11,204
112900104,27,0,27
112900105,29,0,29
112900106,600,178,422
112900107,10,0,10
112900108,35,0,35
112900109,157,0,157
112900110,1522,54,1468
112900111,887,8,879
112900112,385,1,384
112900113,0,4,-4
112900114,131,26,105
112900115,1478,4,1474
112900116,183,31,152
112900117,70,59,11
112900118,35,92,-57
112900119,206,4,202
112900120,776,300,476
112900121,121,213,-92
112900122,30,107,-77
112900123,87,25,62
112900124,20,114,-94
112900125,96,625,-529
112900126,201,221,-20
112900127,420,105,315
112900128,234,780,-546
112900129,3,850,-847
112900130,265,101,164
112900131,41,203,-162
112900132,118,443,-325
112900133,33,1035,-1002
112900134,1,319,-318
112900135,113,67,46
112900136,0,22,-22
112900137,2,493,-491
112900138,17,249,-232
112900139,230,1395,-1165
112900140,0,75,-75
112900141,952,81,871
112900142,105,194,-89
112900143,40,570,-530
112900144,0,206,-206
112900145,44,519,-475
112900146,2,927,-925
112900147,0,1321,-1321
112900148,66,2,64
112900149,384,382,2
112900151,12,57,-45
112900152,3674,925,2749
112900153,1885,2852,-967
112900154,1,89,-88
112900155,262,25,237
112900156,449,1148,-699
112900157,250,2,248
112900158,93,25,68
112900159,286,182,104
112900160,100,261,-161
112900161,131,55,76
112900162,44,21,23
112900163,115,54,61
112900164,30,154,-124
112900165,168,41,127
112900166,23,79,-56
112900167,6,81,-75
112900168,7,8,-1
112900169,15,13,2
112900170,142,112,30
112900172,36,23,13
112900173,195,90,105
112900174,294,60,234
112900175,139,169,-30
112900176,11,38,-27
112900177,247,62,185
112900178,872,2490,-1618
112900179,38,450,-412
112900180,2097,1683,414
112900181,643,6,637
112900182,62,975,-913
112900183,194,391,-197
112900184,463,545,-82
112900185,318,810,-492
112900186,1382,1279,103
112900187,88,600,-512
112900188,712,700,12
112900189,19,25,-6
112900190,15,44,-29
112900192,892,779,113
112900193,1699,451,1248
112900194,64,60,4
112900195,1251,93,1158
112900196,265,348,-83
112900197,362,470,-108
112900199,771,566,205
112900200,649,209,440
112900201,132,122,10
112900202,518,793,-275
112900203,336,271,65
112900204,1094,714,380
112900205,24,20,4
112900206,46,96,-50
112900207,32,0,32
112900208,110,381,-271
112900209,420,410,10
112900210,1,23,-22
112900211,112,66,46
112900212,2,72,-70
112900213,54,16,38
112900214,27,10,17
112900215,23,200,-177
112900216,18,92,-74
112900217,3,72,-69
112900218,89,20,69
112900219,142,16,126
112900220,11,0,11
112900221,31,106,-75
112900222,0,29,-29
112900223,1319,35,1284
112900224,440,503,-63
112900225,478,373,105
112900226,307,468,-161
112900227,801,919,-118
112900228,65,50,15
112900229,262,57,205
112900230,7561,4882,2679
112900232,392,420,-28
112900233,63,220,-157
112900234,18,90,-72
112900235,102,25,77
112900236,394,19,375
112900237,193,160,33
112900238,12,18,-6
113000001,6992,4335,2657
113000002,3969,3959,10
113000003,2084,1539,545
113000004,1718,2517,-799
113000005,2158,1173,985
113000006,1318,1537,-219
113000007,2488,1368,1120
113000008,2036,1902,134
113000009,1183,826,357
113000010,1231,1585,-354
113000011,812,1641,-829
113000012,2187,691,1496
113000013,1393,776,617
113000014,1531,1638,-107
113000015,477,186,291
113000016,365,901,-536
113000017,88,429,-341
113000018,439,49,390
113000019,365,491,-126
113000020,619,86,533
113000021,1343,483,860
113000022,778,1119,-341
113000025,129,326,-197
113000026,496,579,-83
113000027,778,719,59
113000028,1071,751,320
113000029,900,664,236
113000030,467,775,-308
113000031,233,306,-73
113000032,356,320,36
113000033,420,455,-35
113000034,408,386,22
113000035,62,72,-10
113000036,25,86,-61
113000037,106,48,58
113000038,31,80,-49
113000039,165,385,-220
113000040,68,91,-23
113000042,898,600,298
113000051,1055,2440,-1385
113000052,2251,834,1417
113000053,440,419,21
113000054,361,806,-445
113000055,1294,564,730
113000056,1154,880,274
113000058,777,914,-137
113000059,1175,742,433
113000060,274,573,-299
113000061,505,890,-385
113000062,997,358,639
113000063,265,96,169
113000064,45,271,-226
113000065,142,710,-568
113000066,827,104,723
113000067,2578,1272,1306
113000068,345,1198,-853
113000069,610,1114,-504
113000070,3089,1287,1802
113000071,555,613,-58
113000072,925,598,327
113000073,501,1476,-975
113000074,1146,580,566
113000075,2227,872,1355
113000076,668,2032,-1364
113000077,1455,801,654
113000078,884,2840,-1956
113000079,628,882,-254
113000080,651,802,-151
113000081,852,1031,-179
113000082,1426,1021,405
113000083,580,1013,-433
113000084,1929,1463,466
113000085,1000,801,199
113000086,1301,1495,-194
113000087,1265,964,301
113000088,2525,1606,919
113000089,1004,1748,-744
113000090,302,690,-388
113000091,632,381,251
113000094,1339,248,1091
113000095,239,789,-550
113000096,148,818,-670
113000097,1218,510,708
113000098,190,48,142
113000099,1155,505,650
113000100,148,529,-381
113000101,541,683,-142
113000102,783,490,293
113000103,1898,543,1355
113000104,570,1935,-1365
113000105,998,501,497
113000106,391,599,-208
113000107,851,685,166
113000108,714,1029,-315
113000109,597,1677,-1080
113000110,1890,465,1425
113000111,106,584,-478
113000112,266,274,-8
113000113,1448,375,1073
113000114,241,1766,-1525
113000116,692,367,325
113000117,983,132,851
113000118,135,645,-510
113000119,333,418,-85
113000120,53,262,-209
113000121,631,1056,-425
113000124,284,166,118
113000125,73,817,-744
113000127,2287,427,1860
113000128,556,722,-166
113000129,761,836,-75
113000133,2317,2163,154
113000134,4,1249,-1245
113000135,4712,4503,209
113000137,2231,4176,-1945
113000139,477,227,250
113000140,129,302,-173
113000141,364,290,74
113000142,646,1420,-774
113000143,360,288,72
113000144,327,784,-457
113000145,101,211,-110
113000146,190,103,87
113000147,283,212,71
113000148,226,156,70
113000149,133,220,-87
113000150,799,379,420
113000151,59,80,-21
113000152,51,116,-65
113000153,1670,720,950
113000154,1106,1771,-665
113000155,488,674,-186
113000156,164,422,-258
113000157,343,1066,-723
113000158,876,279,597
113000159,1279,677,602
113000160,615,1182,-567
113000161,295,546,-251
113000162,967,482,485
113000163,149,51,98
113000164,30,115,-85
113000166,174,111,63
113000167,54,93,-39
113000168,114,114,0
113000169,258,63,195
113000170,125,99,26
113000171,40,92,-52
113000172,265,60,205
113000173,58,32,26
113000174,129,367,-238
113000175,467,100,367
113000176,612,169,443
113000177,237,466,-229
113000178,304,345,-41
113000179,381,195,186
113000180,696,993,-297
113000181,1079,943,136
113000182,179,532,-353
113000183,169,644,-475
113000184,19,164,-145
113000189,508,969,-461
113000190,1088,637,451
113000192,1336,2706,-1370
113000193,4579,1470,3109
113000194,1524,1329,195
113000195,2489,1388,1101
113000196,134,72,62
113000197,1942,1263,679
113000198,125,311,-186
113000199,1760,467,1293
113000201,327,317,10
113000202,4353,1565,2788
113000203,225,173,52
113000204,1305,2889,-1584
113000205,25,30,-5
113000206,9,57,-48
113000207,142,53,89
113000208,76,66,10
113000209,16,43,-27
113000210,8,23,-15
113000211,147,172,-25
113000212,64,25,39
113000213,25,126,-101
113000214,171,281,-110
113000234,197,890,-693
113000410,222,262,-40
113000411,2874,4820,-1946
113000412,6056,2707,3349
113000413,2601,3220,-619
113000414,6462,15115,-8653
113000415,2644,3335,-691
113000416,9517,4822,4695
113000417,3109,3813,-704
113000418,4934,4039,895
113000419,2349,2840,-491
113000420,5068,7454,-2386
113000421,4420,7765,-3345
113000422,13002,13351,-349
113000423,2622,6282,-3660
113000424,3301,9025,-5724
113000425,4,66,-62
113000428,29,3,26
113000430,1,62,-61
113000432,2552,202,2350
113000433,78,812,-734
113000434,19,100,-81
113000435,17,464,-447
113000436,19,1088,-1069
113000437,1362,90,1272
113000438,350,9,341
113000439,13,60,-47
113000440,113,26,87
113000441,229,153,76
113000442,143,155,-12
113000443,281,196,85
113000444,220,193,27
113000445,143,99,44
113000446,26,86,-60
113000448,155,216,-61
113000449,225,599,-374
113000450,519,1959,-1440
113000451,1158,168,990
113000452,425,329,96
113000453,47,367,-320
113000454,610,32,578
113000455,6,307,-301
113000456,4330,3435,895
113000468,1528,233,1295
113000469,189,177,12
113000470,425,27,398
113000471,16,379,-363
113000472,144,310,-166
113000474,597,576,21
113000475,1615,1889,-274
113000476,1614,2127,-513
113000477,3412,2029,1383
113000478,4178,5418,-1240
113000479,122,142,-20
113000480,149,239,-90
113000482,0,0,0
113000483,0,0,0
113000485,0,0,0
113000486,3,0,3
113000487,0,0,0
113000488,0,0,0
113000489,0,0,0
113000490,0,0,0
113000491,6,4,2
113000492,1,0,1
113000493,0,0,0
113000495,110,113,-3
113000496,94,61,33
113000497,0,0,0
113000500,0,3,-3
113900001,5,314,-309
113900002,2,133,-131
113900003,1,74,-73
113900004,0,52,-52
113900005,0,90,-90
113900006,0,25,-25
113900007,54,33,21
113900008,22,1,21
113900009,149,0,149
113900010,52,2,50
113900011,45,1,44
113900012,35,0,35
113900013,313,3,310
113900014,665,3,662
113900015,0,58,-58
113900016,45,0,45
113900017,6,56,-50
113900018,484,261,223
113900019,141,39,102
113900020,156,5,151
113900022,28,2,26
113900023,34,0,34
113900024,64,56,8
113900025,335,32,303
113900026,81,0,81
113900027,4,58,-54
113900028,31,392,-361
113900029,68,181,-113
113900030,213,1,212
113900031,12,5,7
113900032,34,0,34
113900033,95,83,12
113900035,60,2,58
113900036,15,122,-107
113900037,216,416,-200
113900038,32,110,-78
113900039,206,36,170
113900040,14,24,-10
113900041,8,3,5
113900042,80,69,11
113900043,181,135,46
113900044,322,381,-59
113900045,72,3,69
113900046,370,640,-270
113900047,54,115,-61
113900048,228,124,104
113900049,497,313,184
113900050,261,348,-87
113900051,261,470,-209
113900052,201,145,56
113900053,835,584,251
113900054,36,5,31
113900055,126,564,-438
113900056,56,214,-158
113900057,23,91,-68
113900058,86,146,-60
113900059,275,393,-118
113900060,115,261,-146
113900061,996,323,673
113900062,127,24,103
113900063,108,183,-75
113900064,20,129,-109
113900065,417,20,397
113900066,401,292,109
113900067,250,291,-41
113900068,609,511,98
113900069,68,33,35
113900070,187,609,-422
113900071,63,51,12
113900072,78,140,-62
113900073,150,206,-56
113900074,190,395,-205
113900075,1481,1229,252
113900076,263,16,247
113900077,64,198,-134
113900078,60,74,-14
113900079,1,48,-47
113900080,687,220,467
113900081,75,224,-149
113900082,118,247,-129
113900083,406,379,27
113900084,323,126,197
113900085,33,229,-196
113900086,62,13,49
113900087,135,216,-81
113900088,77,88,-11
113900089,456,41,415
113900090,729,427,302
113900091,24,22,2
113900092,31,110,-79
113900093,85,759,-674
113900094,607,472,135
113900095,173,116,57
113900096,416,103,313
113900097,42,91,-49
113900098,832,105,727
113900099,0,49,-49
113900100,0,4,-4
113900101,14,96,-82
113900102,142,208,-66
113900103,412,382,30
113900104,174,213,-39
113900105,125,207,-82
113900106,2,72,-70
113900107,0,25,-25
113900108,226,295,-69
113900109,491,207,284
113900110,67,23,44
113900111,145,104,41
113900112,145,67,78
113900113,1057,591,466
113900114,4,74,-70
113900115,3,95,-92
113900116,138,150,-12
113900117,145,33,112
113900118,236,463,-227
113900119,210,612,-402
113900120,67,51,16
113900121,83,105,-22
113900122,483,2009,-1526
113900123,533,203,330
113900124,0,68,-68
113900125,987,141,846
113900126,243,44,199
113900127,347,884,-537
113900128,174,73,101
113900129,7,171,-164
113900130,5,63,-58
113900131,361,89,272
113900132,57,85,-28
113900133,21,44,-23
113900135,253,238,15
113900136,154,106,48
113900137,326,272,54
113900138,95,257,-162
113900139,352,177,175
113900140,429,494,-65
113900141,619,324,295
113900142,187,108,79
113900143,15,44,-29
113900144,209,311,-102
113900145,438,167,271
113900146,202,68,134
113900148,213,346,-133
113900149,186,73,113
113900150,729,626,103
113900151,552,217,335
113900152,31,52,-21
113900153,346,729,-383
113900154,3,165,-162
113900155,204,256,-52
113900156,296,425,-129
113900157,47,366,-319
113900158,448,564,-116
113900159,17,292,-275
113900160,593,540,53
113900161,89,280,-191
113900162,563,1088,-525
113900163,289,302,-13
113900164,336,61,275
113900165,784,570,214
113900166,310,230,80
113900167,265,49,216
113900168,114,114,0
113900169,202,400,-198
113900171,238,93,145
113900172,15,161,-146
113900173,49,565,-516
113900174,574,661,-87
113900175,384,141,243
113900176,487,540,-53
113900177,392,229,163
113900178,381,149,232
113900179,21,364,-343
113900180,170,103,67
113900181,794,167,627
113900182,895,1006,-111
113900183,73,98,-25
113900184,8,360,-352
113900185,209,118,91
113900186,62,54,8
113900187,65,180,-115
113900188,47,196,-149
113900189,264,177,87
113900190,274,113,161
113900191,131,257,-126
113900192,6,673,-667
113900193,28,234,-206
113900194,1433,1024,409
113900195,229,328,-99
113900196,15,168,-153
113900197,0,166,-166
113900198,33,209,-176
113900199,159,787,-628
113900200,31,329,-298
113900201,2,151,-149
113900202,51,312,-261
113900203,0,99,-99
113900204,62,498,-436
113900205,15,151,-136
113900206,12,159,-147
113900207,1,65,-64
113900208,0,74,-74
113900209,0,85,-85
113900210,556,850,-294
113900211,253,75,178
113900212,232,441,-209
113900214,423,481,-58
113900215,148,168,-20
113900216,121,761,-640
113900217,104,213,-109
113900218,185,90,95
113900219,126,470,-344
113900220,155,115,40
113900221,519,319,200
113900222,272,644,-372
113900223,220,785,-565
113900224,82,69,13
113900225,588,337,251
113900226,455,167,288
113900227,550,310,240
113900228,290,563,-273
113900229,85,952,-867
113900230,4609,4577,32
113900231,142,216,-74
113900232,187,89,98
113900233,95,92,3
113900234,393,496,-103
113900235,137,24,113
113900236,219,300,-81
113900237,220,12,208
113900238,313,690,-377
113900239,58,110,-52
113900240,17,224,-207
113900241,126,68,58
113900242,47,143,-96
113900243,144,421,-277
113900244,373,202,171
113900245,1250,353,897
113900246,17,24,-7
113900247,177,508,-331
113900248,2623,2350,273
113900249,933,496,437
113900250,99,144,-45
113900251,736,195,541
113900252,534,30,504
113900253,867,101,766
113900254,1116,188,928
113900255,550,23,527
113900256,338,25,313
113900257,44,435,-391
113900258,16,361,-345
113900259,640,167,473
113900260,261,8,253
113900261,28,101,-73
113900262,105,465,-360
113900263,153,639,-486
113900264,5,382,-377
113900265,202,402,-200
113900266,49,209,-160
113900267,133,554,-421
113900268,362,553,-191
113900269,71,164,-93
113900270,332,862,-530
113900271,828,1113,-285
113900273,50,7,43
113900274,61,19,42
113900275,40,66,-26
113900276,4,180,-176
113900277,128,11,117
113900278,292,238,54
113900279,96,94,2
113900280,1585,723,862
113900281,644,1578,-934
113900282,935,800,135
113900283,410,549,-139
113900284,900,316,584
113900285,162,119,43
113900286,149,112,37
113900287,59,50,9
113900288,1,155,-154
113900289,894,103,791
113900290,318,294,24
113900291,124,184,-60
113900292,15,9,6
113900293,2,220,-218
113900294,383,25,358
113900295,475,512,-37
113900296,1972,497,1475
113900297,3025,58,2967
113900298,20,1777,-1757
113900299,84,137,-53
113900300,5176,3835,1341
113900301,954,440,514
113900302,2158,1110,1048
113900303,512,468,44
113900304,3,138,-135
113900305,119,0,119
113900306,46,4,42
113900307,21,3,18
113900308,104,123,-19
113900309,2,623,-621
113900310,0,13,-13
113900311,9,0,9
113900312,199,237,-38
113900313,22,11,11
114000001,1260,2736,-1476
114000002,325,326,-1
114000003,51,310,-259
114000004,67,181,-114
114000005,279,285,-6
114000006,2778,2395,383
114000007,901,1490,-589
114000008,1476,2073,-597
114000009,907,251,656
114000011,3107,2558,549
114000012,2838,1858,980
114000013,1837,1413,424
114000014,656,297,359
114000015,2263,392,1871
114000016,253,277,-24
114000017,129,147,-18
114000018,267,64,203
114000026,2035,1422,613
114000027,3605,2312,1293
114000028,2855,3025,-170
114000038,392,147,245
114000039,108,46,62
114000040,143,311,-168
114000042,159,147,12
114000043,79,93,-14
114000044,281,50,231
114000045,62,59,3
114000046,4151,5421,-1270
114000047,12,74,-62
114000048,78,67,11
114000049,1610,2026,-416
114000050,1817,2643,-826
114000051,3522,2748,774
114000052,5235,2616,2619
114000053,113,786,-673
114000054,238,929,-691
114000055,308,35,273
114000056,1233,1069,164
114000057,5246,2497,2749
114000058,574,1912,-1338
114000059,319,377,-58
114000060,756,904,-148
114000061,3294,3491,-197
114000062,2641,2001,640
114000063,2709,1924,785
114000064,6167,4250,1917
114000065,1538,2468,-930
114000066,402,659,-257
114000067,31,810,-779
114000068,617,906,-289
114000069,1148,795,353
114000070,2427,1932,495
114000071,865,619,246
114000072,580,276,304
114000073,22,52,-30
114000074,46,18,28
114000075,62,93,-31
114000076,32,97,-65
114000077,7,36,-29
114000078,655,727,-72
114000079,147,26,121
114000080,115,85,30
114000081,88,89,-1
114000082,54,414,-360
114000083,78,298,-220
114000084,486,87,399
114000085,123,569,-446
114000086,268,393,-125
114000087,113,175,-62
114000088,54,41,13
114000089,791,358,433
114000090,977,1090,-113
114000091,2049,1114,935
114000092,1139,606,533
114000093,1593,799,794
114000094,441,457,-16
114000095,231,162,69
114000096,122,419,-297
114000097,107,576,-469
114000098,553,93,460
114000099,773,434,339
114000100,1728,621,1107
114000101,478,679,-201
114000102,623,334,289
114000103,116,383,-267
114000104,22,255,-233
114000105,125,85,40
114000106,916,1214,-298
114000107,380,136,244
114000108,1105,976,129
114000109,610,960,-350
114000110,650,1316,-666
114000111,2018,876,1142
114000112,377,1256,-879
114000113,1025,397,628
114000114,1479,1324,155
114000115,2338,1298,1040
114000116,934,1771,-837
114000117,3539,569,2970
114000118,3031,507,2524
114000119,2087,511,1576
114000120,605,718,-113
114000121,435,771,-336
114000122,450,262,188
114000123,2297,420,1877
114000124,1010,307,703
114000125,742,1113,-371
114000126,2107,226,1881
114000127,232,134,98
114000128,771,356,415
114000130,467,472,-5
114000131,338,120,218
114000132,732,496,236
114000133,1162,1528,-366
114000134,110,166,-56
114000138,38,238,-200
114000139,500,317,183
114000144,1116,494,622
114000145,115,224,-109
114000146,140,313,-173
114000147,1795,2220,-425
114000148,2100,1869,231
114000149,441,318,123
114000150,611,783,-172
114000151,817,1576,-759
114000152,182,58,124
114000153,943,2912,-1969
114000154,903,779,124
114000155,1305,2498,-1193
114000156,866,732,134
114000157,316,1061,-745
114000158,1543,893,650
114000159,166,526,-360
114000160,136,517,-381
114000161,1576,3673,-2097
114000162,1291,3320,-2029
114000163,15,121,-106
114000165,719,352,367
114000166,884,610,274
114000167,3051,1742,1309
114000168,692,719,-27
114000169,1774,1619,155
114000170,1343,1493,-150
114000171,1316,3702,-2386
114000174,276,538,-262
114000176,543,580,-37
114000177,1932,882,1050
114000178,57,44,13
114000179,1127,735,392
114000180,421,745,-324
114000181,1942,4284,-2342
114000182,2472,2655,-183
114000183,1121,1045,76
114000184,3280,1046,2234
114000185,1073,779,294
114000189,1357,169,1188
114000190,3249,444,2805
114000191,59,87,-28
114000192,232,1361,-1129
114000193,668,2482,-1814
114000194,1379,802,577
114000195,141,31,110
114000196,1,213,-212
114000197,1364,40,1324
114000198,870,363,507
114000199,2071,1798,273
114000200,603,1759,-1156
114000201,221,784,-563
114000202,1054,503,551
114000203,475,525,-50
114000204,212,406,-194
114000205,233,1367,-1134
114000206,618,1198,-580
114000207,602,1651,-1049
114000208,501,2471,-1970
114000209,695,2103,-1408
114000210,277,1222,-945
114000211,985,1541,-556
114000212,818,881,-63
114000213,1300,513,787
114000214,112,194,-82
114000215,297,118,179
114000216,1541,353,1188
114000217,393,212,181
114000218,152,224,-72
114000219,1184,190,994
114000220,45,717,-672
114000221,771,160,611
114000222,182,874,-692
114000223,511,183,328
114000224,112,558,-446
114000225,270,581,-311
114000226,235,266,-31
114000227,789,493,296
114000228,871,737,134
114000229,1101,1248,-147
114000230,1785,1086,699
114000231,994,1271,-277
114000232,718,133,585
114000233,2183,170,2013
114000234,1013,813,200
114000235,1021,1224,-203
114000236,1,322,-321
114000237,101,801,-700
114000238,111,195,-84
114000239,188,1017,-829
114000240,870,899,-29
114000241,294,849,-555
114000242,884,771,113
114000243,1560,926,634
114000244,641,415,226
114000245,412,714,-302
114000246,102,44,58
114000247,635,693,-58
114000248,1406,532,874
114000249,521,485,36
114000250,555,714,-159
114000251,448,286,162
114000252,71,56,15
114000253,45,132,-87
114000254,62,90,-28
114000255,680,468,212
114000256,1734,2682,-948
114000257,413,1354,-941
114000258,253,409,-156
114000259,53,218,-165
114000260,0,20,-20
114000261,45,41,4
114000262,195,154,41
114000263,9,1,8
114000264,1362,521,841
114000265,0,7,-7
114000267,5,1365,-1360
114000268,3,1230,-1227
114000270,140,1,139
114000271,402,89,313
114000283,1221,420,801
114000285,36,200,-164
114000288,68,268,-200
114000289,1584,96,1488
114000293,177,434,-257
114000294,163,329,-166
114000395,1220,36,1184
114000396,694,566,128
114000402,527,227,300
114000403,285,337,-52
114000405,220,380,-160
114000423,383,347,36
114000424,510,183,327
114000425,905,425,480
114000426,437,810,-373
114000427,63,84,-21
114000428,159,228,-69
114000429,13,172,-159
114000432,109,79,30
114000434,31,75,-44
114900001,878,848,30
114900002,758,158,600
114900003,902,1167,-265
114900004,285,486,-201
114900005,689,691,-2
114900006,98,122,-24
114900007,421,27,394
114900008,221,92,129
114900010,1830,1898,-68
114900011,263,151,112
114900013,324,211,113
114900015,101,500,-399
114900018,867,29,838
114900020,260,91,169
114900021,289,207,82
114900022,70,670,-600
114900024,384,165,219
114900025,594,257,337
114900026,78,223,-145
114900027,269,252,17
114900029,21,17,4
114900030,453,211,242
114900031,431,29,402
114900032,490,61,429
114900033,913,1024,-111
114900034,121,183,-62
114900035,161,278,-117
114900036,254,696,-442
114900037,155,202,-47
114900038,239,648,-409
114900039,569,526,43
114900040,116,130,-14
114900041,752,509,243
114900042,902,685,217
114900043,497,296,201
114900044,159,36,123
114900045,168,351,-183
114900046,58,117,-59
114900047,280,2016,-1736
114900048,146,308,-162
114900049,8,163,-155
114900050,47,366,-319
114900051,29,365,-336
114900052,104,308,-204
114900053,112,268,-156
114900054,50,148,-98
114900057,317,17,300
114900058,4,176,-172
114900059,93,55,38
114900060,1163,976,187
114900061,213,183,30
114900062,297,428,-131
114900063,112,217,-105
114900064,1740,545,1195
114900065,497,759,-262
114900067,122,470,-348
114900068,72,129,-57
114900069,214,148,66
114900070,646,323,323
114900072,7,319,-312
114900073,1,188,-187
114900074,715,562,153
114900075,414,14,400
114900076,10,406,-396
114900080,1914,394,1520
114900082,3310,2434,876
114900083,1290,1506,-216
114900084,296,198,98
114900090,449,241,208
114900091,140,223,-83
114900095,335,141,194
114900096,672,817,-145
114900097,211,38,173
114900098,3,182,-179
114900099,281,12,269
115000001,5498,3548,1950
115000002,3866,4055,-189
115000003,4892,2923,1969
115000004,4517,6498,-1981
115000005,1613,1946,-333
115000006,879,1632,-753
115000007,99,222,-123
115000008,316,502,-186
115000009,153,227,-74
115000010,356,232,124
115000013,130,180,-50
115000015,95,311,-216
115000016,262,415,-153
115000019,32,510,-478
115000020,158,922,-764
115000021,288,485,-197
115000022,546,504,42
115000023,411,780,-369
115000024,1229,568,661
115000025,1015,865,150
115000026,173,433,-260
115000027,308,367,-59
115000028,297,883,-586
115000029,646,123,523
115000030,1157,1354,-197
115000031,1453,542,911
115000032,10,210,-200
115000033,210,54,156
115000034,85,1231,-1146
115000035,1357,84,1273
115000036,5,470,-465
115000037,718,11,707
115000038,87,174,-87
115000039,3455,3710,-255
115000040,5984,3075,2909
115000041,1067,3490,-2423
115000042,1070,720,350
115000043,4242,2610,1632
115000044,3845,3909,-64
115000045,2892,1555,1337
115000046,2631,2564,67
115000047,2422,1470,952
115000048,1570,2362,-792
115000049,1606,3436,-1830
115000050,3400,1913,1487
115000051,1867,2925,-1058
115000052,2100,1681,419
115000053,1917,1871,46
115000054,685,1162,-477
115000055,204,930,-726
115000056,304,771,-467
115000057,654,1419,-765
115000058,704,415,289
115000059,327,199,128
115000061,155,184,-29
115000062,203,223,-20
115000063,389,293,96
115000064,236,107,129
115000065,68,485,-417
115000067,152,15,137
115000069,79,335,-256
115000070,43,984,-941
115000071,146,18,128
115000072,7,98,-91
115000073,1432,67,1365
115000075,101,48,53
115000076,3598,3078,520
115000077,2663,2263,400
115000078,1505,1222,283
115000079,1532,1683,-151
115000080,2690,2272,418
115000081,485,969,-484
115000082,4548,3998,550
115000083,2222,2100,122
115000084,2666,1085,1581
115000085,895,929,-34
115000086,1323,703,620
115000087,541,1454,-913
115000088,2098,695,1403
115000089,1528,1270,258
115000090,643,772,-129
115000091,204,736,-532
115000092,555,287,268
115000093,567,2,565
115000094,6412,5593,819
115000095,4498,5929,-1431
115000096,934,1296,-362
115000097,1113,917,196
115000098,1189,720,469
115000099,2884,2447,437
115000100,1069,402,667
115000101,411,1348,-937
115000102,585,225,360
115000103,291,628,-337
115000105,63,117,-54
115000106,713,339,374
115000107,236,374,-138
115000108,2982,2099,883
115000109,3992,4887,-895
115000110,1731,1692,39
115000111,781,1725,-944
115000112,1001,969,32
115000113,936,1141,-205
115000114,1853,900,953
115000116,4398,2942,1456
115000117,4158,3902,256
115000118,2219,2092,127
115000119,1884,2904,-1020
115000120,660,1315,-655
115000121,1210,1071,139
115000122,4132,2295,1837
115000123,1746,2626,-880
115000124,778,888,-110
115000125,493,637,-144
115000126,219,390,-171
115000127,421,155,266
115000128,477,790,-313
115000129,277,363,-86
115000130,532,728,-196
115000131,933,273,660
115000132,265,369,-104
115000133,555,291,264
115000134,442,274,168
115000135,365,154,211
115000136,329,273,56
115000137,186,186,0
115000138,398,350,48
115000139,250,298,-48
115000140,385,201,184
115000141,183,202,-19
115000142,174,243,-69
115000143,791,584,207
115000144,537,79,458
115000145,258,324,-66
115000146,574,417,157
115000147,424,471,-47
115000148,392,944,-552
115000149,608,257,351
115000150,803,882,-79
115000151,1355,662,693
115000152,894,956,-62
115000153,1346,686,660
115000154,976,410,566
115000155,815,941,-126
115000156,1302,816,486
115000157,823,897,-74
115000158,803,460,343
115000159,847,834,13
115000160,755,709,46
115000161,465,575,-110
115000162,775,891,-116
115000163,612,774,-162
115000164,699,625,74
115000165,370,641,-271
115000167,139,74,65
115000168,669,369,300
115000169,631,384,247
115000170,127,185,-58
115000171,309,285,24
115000172,1186,881,305
115000173,405,715,-310
115000174,508,724,-216
115000175,355,503,-148
115000176,206,244,-38
115000177,150,221,-71
115000178,17,251,-234
115000179,20,66,-46
115000180,171,608,-437
115000181,829,172,657
115000182,993,367,626
115000183,466,828,-362
115000186,752,278,474
115000187,250,786,-536
115000188,421,594,-173
115000189,255,480,-225
115000190,830,478,352
115000191,207,549,-342
115000194,182,224,-42
115000195,389,400,-11
115000196,266,133,133
115000197,246,246,0
115000198,407,211,196
115000199,432,198,234
115000200,396,131,265
115000201,174,346,-172
115000206,427,69,358
115000207,208,345,-137
115000208,499,696,-197
115000209,721,341,380
115000210,204,135,69
115000211,341,288,53
115000212,1521,383,1138
115000218,159,149,10
115000219,56,58,-2
115000224,461,39,422
115000225,60,80,-20
115000229,237,172,65
115000230,121,441,-320
115000231,292,1451,-1159
115000232,1674,225,1449
115000233,145,223,-78
115000234,35,327,-292
115000241,123,237,-114
115000242,136,276,-140
115000243,52,195,-143
115000244,8,92,-84
115000246,32,42,-10
115000247,48,33,15
115000248,34,23,11
115000249,31,21,10
115000250,267,51,216
115000251,272,162,110
115000252,101,219,-118
115000253,26,464,-438
115000258,347,153,194
115000259,379,152,227
115000261,41,11,30
115000262,24,25,-1
115000263,19,45,-26
115000264,38,27,11
115000267,73,79,-6
115000268,41,141,-100
115000269,142,51,91
115000270,23,35,-12
115000272,75,141,-66
115000273,474,50,424
115000274,393,176,217
115000280,2941,266,2675
115000281,841,755,86
115000282,1461,865,596
115000284,261,261,0
115000296,1476,20,1456
115000297,207,160,47
115000298,102,463,-361
115000300,185,179,6
115000302,507,149,358
115000303,745,148,597
115000304,805,107,698
115000305,161,631,-470
115000306,271,277,-6
115000307,157,184,-27
115000308,32,14,18
115000310,1087,825,262
115000311,998,1141,-143
115000313,145,568,-423
115000314,573,140,433
115000315,845,423,422
115000316,83,142,-59
115000317,226,555,-329
115000318,924,391,533
115000319,75,281,-206
115000320,24,357,-333
115000321,395,7,388
115000322,33,195,-162
115000449,276,140,136
115000557,33,1232,-1199
115000558,460,137,323
115000587,566,385,181
115000588,2008,2569,-561
115000589,3264,2256,1008
115000590,1222,1570,-348
115000591,1672,807,865
115000592,813,1814,-1001
115000593,1646,797,849
115000594,967,2007,-1040
115000609,147,137,10
115000617,2048,3921,-1873
115000624,231,25,206
115000633,534,2141,-1607
115000634,3089,957,2132
115000635,606,165,441
115000638,695,663,32
115000641,65,119,-54
115000642,367,278,89
115000643,181,526,-345
115000644,144,437,-293
115000646,1044,1862,-818
115000647,244,600,-356
115000648,2009,1813,196
115000893,2463,1450,1013
115000894,142,1041,-899
115000895,315,716,-401
115000896,1127,348,779
115000897,587,142,445
115000898,844,279,565
115000899,437,1031,-594
115000900,115,333,-218
115000901,48,107,-59
115000912,455,133,322
115000913,5,6,-1
115000915,13,0,13
115000916,8,0,8
115000917,1,9,-8
115000918,240,516,-276
115000919,17,16,1
115000920,14,46,-32
115000921,654,138,516
115000922,698,688,10
115000923,293,738,-445
115000925,85,79,6
115000927,38,62,-24
115000933,116,122,-6
115900001,107,30,77
115900002,140,149,-9
115900003,164,91,73
115900004,1,42,-41
115900005,165,13,152
115900006,214,240,-26
115900008,53,9,44
115900009,102,304,-202
115900010,438,140,298
115900011,510,227,283
115900012,184,38,146
115900013,547,185,362
115900014,152,117,35
115900015,126,77,49
115900016,111,52,59
115900017,17,3,14
115900018,150,50,100
115900019,647,39,608
115900020,73,0,73
115900021,1160,694,466
115900022,962,24,938
115900023,15,6,9
115900025,28,190,-162
115900026,1075,233,842
115900027,0,284,-284
115900028,720,57,663
115900029,14,288,-274
115900030,47,32,15
115900031,409,471,-62
115900032,734,822,-88
115900033,0,50,-50
115900034,16,310,-294
115900035,40,33,7
115900036,34,689,-655
115900037,41,315,-274
115900038,38,12,26
115900039,233,197,36
115900041,387,712,-325
115900042,26,3,23
115900043,110,70,40
115900044,236,281,-45
115900046,300,252,48
115900047,192,191,1
115900049,214,222,-8
115900051,0,20,-20
115900052,7,207,-200
115900053,381,202,179
115900054,254,41,213
115900055,8,137,-129
115900056,275,311,-36
115900057,37,19,18
115900058,32,88,-56
115900060,152,206,-54
115900061,233,2,231
115900062,109,173,-64
115900063,93,14,79
115900064,207,260,-53
115900065,141,145,-4
115900066,148,132,16
115900067,23,438,-415
115900068,2638,798,1840
115900069,65,202,-137
115900070,219,174,45
115900071,0,335,-335
115900072,41,159,-118
115900073,117,99,18
115900074,1,272,-271
115900075,25,248,-223
115900076,4,52,-48
115900077,5,171,-166
115900078,53,162,-109
115900079,248,28,220
115900080,429,218,211
115900081,18,45,-27
115900082,179,181,-2
115900084,435,25,410
115900085,31,81,-50
115900086,1847,735,1112
115900088,8,67,-59
115900089,317,496,-179
115900090,330,9,321
115900091,9,14,-5
115900092,8,141,-133
115900093,4,8,-4
115900094,1,257,-256
115900096,5,8,-3
115900097,12,331,-319
115900098,187,320,-133
115900099,123,66,57
115900100,15,484,-469
115900101,159,226,-67
115900102,87,60,27
115900103,350,164,186
115900104,72,97,-25
115900105,296,560,-264
115900106,80,28,52
115900107,91,103,-12
115900108,172,35,137
115900109,84,426,-342
115900110,2,19,-17
115900111,1,83,-82
115900112,40,974,-934
115900113,54,27,27
115900114,6,143,-137
115900115,82,207,-125
115900116,102,1017,-915
115900117,89,29,60
115900118,6,205,-199
115900119,125,161,-36
115900120,46,301,-255
115900121,219,211,8
115900124,268,788,-520
115900125,354,63,291
115900126,980,106,874
115900127,830,78,752
115900128,6,415,-409
115900129,1089,107,982
115900130,18,208,-190
115900131,472,46,426
115900132,627,8,619
115900134,542,21,521
115900135,633,1225,-592
115900137,39,4,35
115900139,176,270,-94
115900140,281,42,239
115900141,30,153,-123
115900142,63,120,-57
115900143,205,287,-82
115900144,131,258,-127
115900146,10,72,-62
115900147,258,267,-9
115900148,92,5,87
115900149,111,12,99
115900150,82,26,56
115900151,17,107,-90
115900152,161,321,-160
115900153,118,170,-52
115900154,475,424,51
115900155,0,34,-34
115900156,876,1088,-212
115900157,155,517,-362
115900158,12,4,8
115900159,153,196,-43
115900160,3,11,-8
115900161,75,187,-112
115900163,235,181,54
115900164,721,20,701
115900165,3,159,-156
115900166,209,189,20
115900168,67,172,-105
115900171,163,439,-276
115900172,117,135,-18
115900173,232,171,61
115900174,238,271,-33
115900175,179,292,-113
115900178,1,433,-432
115900179,303,16,287
115900180,29,131,-102
115900181,254,150,104
115900182,449,166,283
115900183,227,187,40
115900184,1710,20,1690
115900187,23,144,-121
115900189,0,290,-290
115900190,341,1538,-1197
115900191,31,416,-385
115900192,21,165,-144
115900193,163,131,32
115900194,858,108,750
115900195,731,2350,-1619
115900198,344,387,-43
115900199,244,232,12
115900200,283,344,-61
115900201,586,473,113
115900202,1,49,-48
115900203,7,9,-2
115900204,1,4,-3
115900205,79,46,33
115900206,210,150,60
115900207,31,23,8
115900208,141,137,4
115900209,9,176,-167
115900210,13,155,-142
115900211,2,238,-236
115900212,210,197,13
115900213,189,97,92
115900214,426,209,217
115900215,31,134,-103
115900216,8,88,-80
115900217,6,50,-44
115900218,15,47,-32
115900219,80,6,74
115900220,175,9,166
115900221,119,17,102
115900222,52,28,24
115900223,12,390,-378
115900224,1021,1078,-57
115900225,53,100,-47
115900226,24,71,-47
115900227,14,56,-42
115900228,22,50,-28
115900229,6,51,-45
115900230,34,133,-99
115900231,107,2,105
115900232,33,3,30
115900233,93,25,68
115900234,22,34,-12
115900235,16,33,-17
115900236,78,43,35
115900237,19,31,-12
115900238,10,19,-9
115900239,20,38,-18
115900240,24,67,-43
115900241,282,94,188
115900242,277,365,-88
115900243,34,24,10
115900244,34,23,11
115900245,9,24,-15
115900246,33,11,22
115900247,43,11,32
115900248,23,4,19
115900249,6,33,-27
115900250,16,36,-20
115900251,5,16,-11
115900252,8,6,2
115900253,17,41,-24
115900254,16,38,-22
115900255,16,21,-5
115900256,12,17,-5
115900257,7,10,-3
115900258,0,0,0
115900259,2,6,-4
115900260,10,3,7
115900261,15,1,14
115900262,0,0,0
115900263,15,2,13
115900264,42,5,37
115900265,4,12,-8
115900266,2,11,-9
115900267,3,20,-17
115900268,10,21,-11
115900269,454,336,118
115900270,440,374,66
116000001,10813,4452,6361
116000002,5563,11364,-5801
116000003,1830,1714,116
116000004,2617,4046,-1429
116000005,2513,3558,-1045
116000006,2841,2785,56
116000007,3032,4231,-1199
116000008,4171,2920,1251
116000009,1816,2337,-521
116000010,2836,1768,1068
116000011,900,2066,-1166
116000012,1562,1068,494
116000013,8418,4498,3920
116000014,10849,11995,-1146
116000015,406,1532,-1126
116000016,6358,4104,2254
116000017,41,780,-739
116000018,864,460,404
116000019,983,350,633
116000020,740,1114,-374
116000021,439,292,147
116000022,411,452,-41
116000023,1231,862,369
116000024,789,892,-103
116000025,914,945,-31
116000026,1858,2872,-1014
116000027,923,720,203
116000028,466,903,-437
116000029,690,772,-82
116000030,849,404,445
116000031,279,329,-50
116000032,162,202,-40
116000033,276,201,75
116000034,816,498,318
116000035,273,749,-476
116000036,2517,2193,324
116000037,877,762,115
116000038,561,578,-17
116000039,623,563,60
116000040,989,408,581
116000041,289,761,-472
116000042,694,432,262
116000043,121,1429,-1308
116000045,2050,1676,374
116000046,1286,2047,-761
116000047,1834,2065,-231
116000048,2217,1800,417
116000049,1467,3336,-1869
116000050,1533,1301,232
116000051,6493,3200,3293
116000052,6173,5647,526
116000053,2053,782,1271
116000054,758,3115,-2357
116000055,751,1036,-285
116000056,860,983,-123
116000057,3414,1844,1570
116000058,3853,3339,514
116000059,4048,5412,-1364
116000060,2122,1040,1082
116000061,397,933,-536
116000062,653,295,358
116000063,630,1128,-498
116000066,292,689,-397
116000067,263,444,-181
116000068,298,351,-53
116000069,292,397,-105
116000078,633,1420,-787
116000080,1978,967,1011
116000082,3,46,-43
116000083,1684,392,1292
116000084,2187,3657,-1470
116000085,2293,1975,318
116000086,1569,975,594
116000087,1947,1497,450
116000088,760,1112,-352
116000089,169,86,83
116000090,107,182,-75
116000091,299,180,119
116000093,1313,417,896
116000094,722,587,135
116000095,905,654,251
116000096,812,1513,-701
116000097,1140,1306,-166
116000098,32,5893,-5861
116000099,5643,244,5399
116000100,255,23,232
116000101,1019,860,159
116000102,47,413,-366
116000103,569,318,251
116000104,242,1555,-1313
116000105,1230,211,1019
116000106,407,883,-476
116000107,2235,339,1896
116000108,106,160,-54
116000111,152,34,118
116000113,185,155,30
116000114,41,152,-111
116000115,427,147,280
116000116,317,593,-276
116000117,1787,1921,-134
116000118,1538,1333,205
116000119,3817,2189,1628
116000120,2984,3954,-970
116000121,1062,641,421
116000122,1205,1743,-538
116000123,1197,465,732
116000124,402,1042,-640
116000125,3265,908,2357
116000126,360,1474,-1114
116000127,1019,1285,-266
116000128,2090,1000,1090
116000129,1416,264,1152
116000130,548,495,53
116000133,1274,849,425
116000134,2023,2156,-133
116000135,2845,1640,1205
116000136,1164,2003,-839
116000137,1239,830,409
116000138,1296,880,416
116000139,2000,2334,-334
116000140,164,205,-41
116000141,379,589,-210
116000142,2935,2451,484
116000143,1874,1543,331
116000144,1447,1766,-319
116000145,1665,1062,603
116000146,524,214,310
116000147,211,174,37
116000148,577,506,71
116000149,929,913,16
116000151,463,515,-52
116000153,142,458,-316
116000155,235,291,-56
116000156,1115,1241,-126
116000157,5,0,5
116000158,271,371,-100
116000159,1,1,0
116000160,15,69,-54
116000161,5,101,-96
116000162,121,146,-25
116000163,25,19,6
116000164,25,19,6
116000177,109,114,-5
116000194,109,462,-353
116000195,1520,607,913
116000196,18,15,3
116000197,17,17,0
116000198,2602,1275,1327
116000200,672,475,197
116000201,685,695,-10
116000202,4,267,-263
116000203,2,85,-83
116000204,10,58,-48
116000205,0,140,-140
116000206,0,71,-71
116000207,12,33,-21
116000233,232,532,-300
116000287,156,407,-251
116000288,371,266,105
116000292,106,166,-60
116000296,17,133,-116
116000297,83,15,68
116000304,269,5,264
116000305,8,217,-209
116000346,223,144,79
116000352,114,49,65
116000354,35,27,8
116000357,15,44,-29
116000358,436,49,387
116000361,95,7,88
116000372,4493,4280,213
116000381,157,2,155
116000388,0,43,-43
116000389,1054,623,431
116000445,471,384,87
116000446,697,568,129
116000447,28,577,-549
116000448,594,194,400
116000563,1427,1011,416
116000565,49,408,-359
116000568,66,441,-375
116000579,42,111,-69
116000584,25,11,14
116000585,43,21,22
116000586,90,150,-60
116000587,357,613,-256
116000589,61,86,-25
116000590,113,77,36
116000591,294,214,80
116000592,14,115,-101
116000593,1,22,-21
116000594,708,488,220
116000595,772,197,575
116000596,116,5,111
116000597,499,110,389
116000598,21,186,-165
116000602,65,474,-409
116000605,439,173,266
116000606,99,197,-98
116000607,19,73,-54
116000609,190,920,-730
116000611,144,471,-327
116000612,779,1794,-1015
116000613,706,309,397
116000614,396,559,-163
116000615,30,484,-454
116000616,60,61,-1
116000617,101,42,59
116000618,7,79,-72
116000619,44,84,-40
116000620,134,108,26
116000621,68,145,-77
116000622,82,115,-33
116000624,174,137,37
116900001,293,179,114
116900002,268,3,265
116900003,46,34,12
116900004,43,64,-21
116900005,345,87,258
116900006,94,196,-102
116900007,137,252,-115
116900008,574,323,251
116900009,23,6,17
116900010,0,1244,-1244
116900011,27,65,-38
116900012,269,263,6
116900013,2,195,-193
116900014,114,152,-38
116900015,498,65,433
116900016,218,4,214
116900017,0,465,-465
116900018,76,61,15
116900019,3,349,-346
116900020,560,727,-167
116900023,49,25,24
116900024,618,47,571
116900025,1292,1037,255
116900026,123,605,-482
116900027,45,52,-7
116900028,2,117,-115
116900029,0,36,-36
116900031,4,7,-3
116900032,1,290,-289
116900033,13,17,-4
116900034,23,55,-32
116900035,205,174,31
116900036,5,111,-106
116900038,71,3,68
116900041,87,29,58
116900042,563,297,266
116900043,33,59,-26
116900045,293,124,169
116900047,42,174,-132
116900049,36,302,-266
116900050,154,463,-309
116900051,163,180,-17
116900052,236,89,147
116900055,0,11,-11
116900057,26,272,-246
116900058,63,395,-332
116900059,5,156,-151
116900060,312,256,56
116900062,3,40,-37
116900064,114,578,-464
116900065,38,151,-113
116900067,187,110,77
116900068,144,222,-78
116900070,2,4,-2
116900072,27,331,-304
116900073,17,173,-156
116900074,10,51,-41
116900076,7,55,-48
116900077,3,149,-146
116900078,222,109,113
116900079,70,213,-143
116900080,13,44,-31
116900081,423,1129,-706
116900082,516,1089,-573
116900083,40,41,-1
116900084,134,63,71
116900085,66,180,-114
116900086,70,200,-130
116900088,432,118,314
116900090,103,77,26
116900091,379,40,339
116900092,89,655,-566
116900093,1816,2233,-417
116900094,4260,3927,333
116900095,265,116,149
116900096,204,473,-269
116900097,2706,2880,-174
116900098,357,275,82
116900099,955,694,261
116900100,959,73,886
116900101,393,460,-67
116900103,5,0,5
116900104,112,92,20
116900105,322,181,141
116900106,2077,187,1890
116900107,3431,2646,785
116900110,17,4,13
116900111,578,638,-60
116900112,293,965,-672
116900113,1921,975,946
116900116,179,672,-493
116900117,132,152,-20
116900118,765,888,-123
116900120,406,109,297
116900121,136,30,106
116900122,955,685,270
116900123,271,710,-439
116900124,190,855,-665
116900125,571,259,312
116900126,139,609,-470
116900128,0,50,-50
116900129,3,407,-404
116900130,736,3950,-3214
116900131,143,432,-289
116900132,78,176,-98
116900133,169,164,5
116900134,300,367,-67
116900136,352,235,117
116900137,286,164,122
116900138,238,161,77
116900139,174,524,-350
116900140,268,225,43
116900141,1026,534,492
116900142,4,75,-71
116900143,553,564,-11
116900144,40,100,-60
116900145,141,218,-77
116900147,651,534,117
116900148,8,65,-57
116900149,61,277,-216
116900150,22,17,5
116900151,603,176,427
116900153,163,90,73
116900154,635,692,-57
116900155,138,92,46
116900157,658,206,452
116900158,115,344,-229
116900159,67,323,-256
116900160,894,1062,-168
116900161,5930,6650,-720
116900162,14,86,-72
116900163,208,133,75
116900164,67,106,-39
116900165,268,379,-111
116900166,53,60,-7
116900167,456,86,370
116900168,327,76,251
116900169,568,627,-59
116900170,357,662,-305
116900171,57,158,-101
116900172,202,376,-174
116900173,291,39,252
116900174,81,45,36
116900175,204,196,8
116900178,24,119,-95
116900179,126,354,-228
116900180,118,33,85
116900182,685,305,380
116900183,143,97,46
116900185,51,63,-12
116900186,84,188,-104
116900187,78,53,25
116900188,201,35,166
116900189,109,1,108
116900191,481,769,-288
116900192,371,157,214
116900194,161,1600,-1439
116900195,49,38,11
116900196,16,92,-76
116900197,156,11,145
116900198,200,310,-110
116900200,64,22,42
116900201,160,2,158
116900202,111,50,61
116900203,179,3,176
116900204,73,116,-43
116900206,11,10,1
116900207,33,34,-1
116900208,6,106,-100
116900209,37,94,-57
116900210,643,346,297
116900211,284,5,279
116900212,46,34,12
116900213,301,150,151
116900214,222,197,25
116900215,85,67,18
116900216,319,252,67
116900218,13,298,-285
116900219,1331,404,927
116900220,126,285,-159
116900221,103,419,-316
116900222,423,425,-2
116900223,139,401,-262
116900226,114,74,40
116900227,189,91,98
116900228,336,204,132
116900230,67,249,-182
116900231,43,363,-320
116900232,21,368,-347
116900233,337,118,219
116900234,23,11,12
116900235,157,323,-166
116900238,1758,410,1348
116900239,9,1569,-1560
116900240,5258,3165,2093
116900241,156,182,-26
116900242,372,701,-329
116900243,11,91,-80
116900245,50,17,33
116900246,147,15,132
116900247,732,33,699
116900248,109,56,53
116900249,431,144,287
116900250,649,61,588
116900251,454,535,-81
116900252,239,793,-554
116900253,134,63,71
116900254,62,90,-28
116900255,139,94,45
116900256,480,153,327
116900257,29,466,-437
116900258,2,195,-193
116900259,299,21,278
116900260,6,116,-110
116900261,94,3,91
116900262,235,168,67
116900263,0,11,-11
116900264,2,2,0
116900265,38,2,36
116900266,21,47,-26
116900267,3,0,3
116900268,289,281,8
116900269,290,599,-309
116900271,1648,246,1402
116900272,330,295,35
116900273,200,70,130
116900274,95,63,32
116900275,243,103,140
116900276,390,178,212
116900277,574,38,536
116900278,2,16,-14
116900279,1,35,-34
116900280,37,20,17
116900281,5665,4604,1061
116900282,7,103,-96
116900283,25,81,-56
116900284,28,186,-158
116900285,249,191,58
116900286,287,36,251
116900287,15,45,-30
116900288,67,120,-53
116900289,5,4,1
116900290,10,21,-11
116900291,44,3,41
116900292,0,17,-17
116900293,70,43,27
116900294,24,175,-151
116900295,87,34,53
116900296,23,18,5
116900297,3,53,-50
116900298,56,35,21
116900299,10,45,-35
116900300,23,33,-10
116900301,34,47,-13
116900302,1078,1146,-68
116900303,283,121,162
116900304,0,159,-159
116900305,14,43,-29
116900306,166,130,36
117000001,2240,1949,291
117000002,2195,4294,-2099
117000003,7297,3464,3833
117000004,4043,4932,-889
117000005,2251,2237,14
117000006,1382,2999,-1617
117000007,3849,1069,2780
117000008,1137,3566,-2429
117000009,5415,2244,3171
117000010,2770,3976,-1206
117000011,2267,1658,609
117000012,1221,1294,-73
117000013,2004,898,1106
117000014,1282,2228,-946
117000015,2691,1438,1253
117000016,466,104,362
117000017,225,126,99
117000018,156,812,-656
117000019,113,1,112
117000020,469,1503,-1034
117000021,1597,324,1273
117000022,421,182,239
117000023,232,140,92
117000024,280,243,37
117000025,562,1164,-602
117000026,2440,1442,998
117000027,1779,3252,-1473
117000028,2813,1152,1661
117000030,148,137,11
117000032,1454,1437,17
117000033,1600,1447,153
117000034,137,110,27
117000036,183,125,58
117000038,104,285,-181
117000039,55,63,-8
117000040,271,935,-664
117000041,1196,213,983
117000044,15,660,-645
117000045,383,108,275
117000046,465,949,-484
117000047,1193,760,433
117000048,2094,1080,1014
117000049,110,870,-760
117000050,115,1649,-1534
117000051,2216,104,2112
117000052,36,322,-286
117000053,550,54,496
117000054,1961,19,1942
117000055,10,2970,-2960
117000056,746,31,715
117000057,568,2467,-1899
117000060,553,1477,-924
117000061,1826,1062,764
117000062,333,683,-350
117000063,1963,1132,831
117000064,717,752,-35
117000066,1279,996,283
117000067,160,707,-547
117000074,137,189,-52
117000076,101,42,59
117000077,221,245,-24
117000078,173,743,-570
117000079,475,265,210
117000080,2,311,-309
117000081,1363,119,1244
117000082,10,82,-72
117000083,133,7,126
117000084,188,0,188
117000085,261,857,-596
117000086,829,449,380
117000087,106,465,-359
117000088,259,193,66
117000089,1764,242,1522
117000090,348,1116,-768
117000091,976,301,675
117000092,460,1220,-760
117000093,1264,811,453
117000094,1415,2837,-1422
117000095,3840,982,2858
117000096,721,2210,-1489
117000097,1478,1062,416
117000098,2660,4247,-1587
117000099,4106,1240,2866
117000100,242,405,-163
117000101,196,1096,-900
117000102,1916,770,1146
117000103,765,1481,-716
117000104,1528,735,793
117000105,911,1452,-541
117000106,1388,796,592
117000107,563,1672,-1109
117000108,1751,917,834
117000109,1609,2253,-644
117000110,1696,1201,495
117000111,3695,4255,-560
117000112,3718,1800,1918
117000113,160,209,-49
117000114,239,153,86
117000115,131,118,13
117000116,205,263,-58
117000117,2033,1558,475
117000118,270,150,120
117000119,297,256,41
117000120,240,623,-383
117000121,173,1253,-1080
117000122,217,568,-351
117000123,1707,58,1649
117000124,676,154,522
117000125,300,266,34
117000126,56,49,7
117000127,170,435,-265
117000128,424,1005,-581
117000129,169,119,50
117000130,79,3,76
117000131,0,54,-54
117000132,3163,92,3071
117000133,1932,75,1857
117000134,0,51,-51
117000135,3,59,-56
117000136,0,36,-36
117000137,111,161,-50
117000138,3,748,-745
117000140,494,1458,-964
117000141,1834,564,1270
117000181,599,302,297
117000182,357,713,-356
117000195,196,925,-729
117000196,260,160,100
117000225,92,40,52
117000226,5,121,-116
117000276,428,26,402
117000277,2,296,-294
117000310,1487,2047,-560
117000315,48,532,-484
117000320,48,0,48
117000906,338,10,328
117000907,17,307,-290
117000908,56,31,25
117000909,66,89,-23
117000910,202,223,-21
117000911,86,161,-75
117000915,9,444,-435
117000916,48,7,41
117000917,1470,42,1428
117000918,69,88,-19
117000919,25,75,-50
117000920,5,1350,-1345
117000921,3,1018,-1015
117000922,22,113,-91
117000924,559,810,-251
117000926,821,116,705
117000927,1810,1542,268
117000928,0,116,-116
117000929,242,248,-6
117000930,206,13,193
117000931,493,144,349
117900002,124,483,-359
117900003,822,472,350
117900005,9,54,-45
117900006,0,101,-101
117900007,184,136,48
117900008,0,26,-26
117900010,233,90,143
117900011,48,158,-110
117900012,99,130,-31
117900013,3,203,-200
117900014,255,112,143
117900015,10,93,-83
117900016,1338,1168,170
117900017,496,237,259
117900018,178,132,46
117900019,549,212,337
117900020,86,565,-479
117900021,69,74,-5
117900022,30,19,11
117900023,790,143,647
117900024,86,55,31
117900025,41,10,31
117900026,400,258,142
117900028,44,3,41
117900029,308,646,-338
117900030,636,246,390
117900031,187,89,98
117900032,1151,630,521
117900033,277,610,-333
117900034,18,23,-5
117900035,257,116,141
117900036,239,322,-83
117900037,213,187,26
117900038,40,334,-294
117900039,6,66,-60
117900040,157,372,-215
117900041,7,48,-41
117900042,3843,485,3358
117900043,31,60,-29
117900044,84,2766,-2682
117900045,164,147,17
117900048,504,337,167
117900049,212,378,-166
117900050,4,54,-50
117900051,68,9,59
117900052,84,429,-345
117900053,2036,716,1320
117900054,0,39,-39
117900055,264,130,134
117900056,279,10,269
117900057,1150,1160,-10
117900058,573,1359,-786
117900059,351,116,235
117900060,2519,4693,-2174
117900061,25,218,-193
117900063,426,178,248
117900065,551,1322,-771
117900066,9,80,-71
117900067,508,157,351
117900069,820,335,485
117900070,195,39,156
117900071,86,156,-70
117900073,503,323,180
117900074,97,39,58
117900075,102,102,0
117900076,11,60,-49
117900077,621,145,476
117900078,298,1001,-703
117900080,153,63,90
117900081,604,343,261
117900082,415,419,-4
117900083,462,394,68
117900086,145,41,104
117900087,154,97,57
117900088,3518,2008,1510
117900089,2751,882,1869
117900090,451,433,18
117900091,250,267,-17
117900092,82,26,56
117900093,107,88,19
117900094,33,23,10
117900095,238,190,48
117900096,152,256,-104
117900097,358,154,204
117900098,42,19,23
117900099,147,184,-37
117900100,262,6,256
117900101,483,1910,-1427
117900102,72,82,-10
117900103,48,1,47
117900104,40,230,-190
117900105,211,249,-38
117900106,111,48,63
117900107,72,0,72
117900109,793,424,369
117900110,190,0,190
117900111,310,35,275
117900112,96,17,79
117900113,2996,1901,1095
117900114,27,2,25
117900115,301,104,197
117900116,1067,894,173
117900117,860,424,436
117900118,86,2,84
117900119,212,172,40
117900120,210,76,134
117900121,354,121,233
117900122,1772,4200,-2428
117900123,720,402,318
117900124,861,790,71
117900125,2163,2339,-176
117900126,210,552,-342
117900127,571,587,-16
117900128,393,677,-284
117900129,97,1,96
117900130,1251,456,795
117900131,13,151,-138
117900132,26,85,-59
117900133,15,130,-115
117900134,106,320,-214
117900135,51,175,-124
117900136,0,37,-37
117900137,50,330,-280
117900138,0,30,-30
117900139,178,151,27
117900140,3132,382,2750
117900141,160,184,-24
117900142,107,55,52
117900144,102,172,-70
117900145,42,43,-1
117900146,175,229,-54
117900147,82,103,-21
117900148,2591,1778,813
117900149,132,205,-73
117900150,52,56,-4
117900151,57,103,-46
117900152,66,63,3
117900153,28,125,-97
117900154,437,584,-147
117900156,1066,946,120
117900157,206,565,-359
117900158,309,132,177
117900160,840,879,-39
117900161,2732,2228,504
117900162,389,488,-99
117900163,84,173,-89
117900165,0,12,-12
117900166,118,684,-566
117900168,5,167,-162
117900169,1,110,-109
117900170,2,27,-25
117900171,1,27,-26
117900172,30,32,-2
117900173,163,99,64
117900174,28,55,-27
117900175,5,34,-29
117900176,22,34,-12
117900177,33,45,-12
117900178,137,25,112
117900180,212,41,171
117900181,70,306,-236
117900182,1,28,-27
117900183,44,176,-132
117900184,22,64,-42
117900185,46,51,-5
117900186,39,21,18
117900187,18,12,6
117900188,191,42,149
117900189,69,23,46
117900190,14,0,14
117900191,90,1,89
117900192,243,1,242
117900193,23,64,-41
117900194,17,8,9
117900195,33,41,-8
117900196,23,47,-24
117900207,160,129,31
117900208,45,39,6
117900209,216,185,31
117900210,177,257,-80
117900211,7,262,-255
117900212,146,170,-24
117900213,17,10,7
117900214,10,19,-9
117900216,10,56,-46
117900217,69,499,-430
117900218,119,136,-17
117900219,6,192,-186
117900220,93,81,12
117900221,15,14,1
118000001,842,1161,-319
118000002,983,1974,-991
118000003,2160,3368,-1208
118000004,2626,2021,605
118000005,5218,6605,-1387
118000006,6130,10022,-3892
118000007,5236,3960,1276
118000008,4113,3837,276
118000009,2023,3949,-1926
118000010,7370,4816,2554
118000011,1777,2568,-791
118000012,1316,2307,-991
118000013,2963,2778,185
118000014,2252,2560,-308
118000016,198,361,-163
118000017,559,386,173
118000018,399,497,-98
118000019,2276,1617,659
118000020,1622,4703,-3081
118000021,699,4054,-3355
118000022,1905,955,950
118000023,1069,272,797
118000024,1760,1769,-9
118000025,1064,2543,-1479
118000027,12899,12722,177
118000029,1039,792,247
118000032,1306,4318,-3012
118000033,3431,7871,-4440
118000034,6191,3291,2900
118000035,1771,3654,-1883
118000036,1090,1459,-369
118000037,719,973,-254
118000038,203,116,87
118000039,79,208,-129
118000040,1769,1376,393
118000041,2277,1362,915
118000045,507,151,356
118000046,1395,623,772
118000047,960,1352,-392
118000048,2875,1961,914
118000051,3580,1826,1754
118000052,2308,1245,1063
118000053,384,783,-399
118000054,1618,1456,162
118000055,1407,1388,19
118000056,569,481,88
118000057,251,381,-130
118000058,3318,2652,666
118000059,2273,1694,579
118000060,1152,659,493
118000061,1248,1385,-137
118000062,680,372,308
118000063,365,904,-539
118000064,909,1355,-446
118000065,4047,1856,2191
118000066,838,1662,-824
118000067,1018,899,119
118000068,1816,4535,-2719
118000069,3220,1312,1908
118000070,5681,2137,3544
118000071,3424,6284,-2860
118000072,1553,1302,251
118000073,1966,722,1244
118000074,538,328,210
118000075,624,305,319
118000076,1602,2309,-707
118000077,1363,1391,-28
118000078,1853,2934,-1081
118000079,324,530,-206
118000080,1125,968,157
118000081,1806,1354,452
118000082,361,1384,-1023
118000083,2040,1972,68
118000084,3888,2051,1837
118000086,257,541,-284
118000087,4324,2652,1672
118000088,1884,1596,288
118000089,3928,2163,1765
118000090,1312,2707,-1395
118000091,1273,2335,-1062
118000092,1095,586,509
118000093,80,794,-714
118000096,514,708,-194
118000097,936,684,252
118000098,276,225,51
118000099,651,781,-130
118000101,1242,312,930
118000102,389,1147,-758
118000107,1752,618,1134
118000108,830,2335,-1505
118000110,0,17,-17
118000111,1,234,-233
118000112,537,2,535
118000113,2,410,-408
118000114,478,16,462
118000115,19,7,12
118000116,39,1,38
118000117,1107,680,427
118000118,1099,985,114
118000119,1044,1164,-120
118000120,1822,1306,516
118000121,116,806,-690
118000122,1404,409,995
118000123,57,224,-167
118000125,1707,898,809
118000126,652,1563,-911
118000127,1975,680,1295
118000128,664,1098,-434
118000129,850,312,538
118000130,2090,2800,-710
118000131,404,604,-200
118000132,2440,1855,585
118000133,989,296,693
118000135,668,464,204
118000136,136,411,-275
118000137,607,96,511
118000138,462,586,-124
118000139,400,108,292
118000140,2727,4833,-2106
118000141,2277,1774,503
118000142,1918,1617,301
118000143,2314,1216,1098
118000144,1201,912,289
118000145,1670,1723,-53
118000146,1238,703,535
118000147,786,1571,-785
118000148,489,1170,-681
118000149,1028,867,161
118000150,394,171,223
118000151,587,428,159
118000153,1472,1194,278
118000154,1510,1660,-150
118000155,1384,1301,83
118000156,2037,2357,-320
118000157,463,338,125
118000158,207,378,-171
118000159,18,83,-65
118000160,564,409,155
118000161,455,784,-329
118000162,1886,906,980
118000163,957,856,101
118000164,2283,1439,844
118000168,1247,846,401
118000169,1168,1264,-96
118000170,4216,5246,-1030
118000171,363,791,-428
118000172,90,280,-190
118000173,919,1314,-395
118000175,307,370,-63
118000176,292,508,-216
118000177,271,607,-336
118000178,27,62,-35
118000179,1332,1228,104
118000180,1001,738,263
118000181,756,301,455
118000182,289,210,79
118000183,221,270,-49
118000184,908,680,228
118000185,1387,1239,148
118000186,876,1190,-314
118000187,1525,722,803
118000188,667,192,475
118000189,762,668,94
118000190,5,11,-6
118000191,34,37,-3
118000192,69,158,-89
118000193,73,291,-218
118000194,1213,963,250
118000195,1019,1148,-129
118000196,376,257,119
118000197,166,152,14
118000198,334,670,-336
118000199,338,320,18
118000200,111,274,-163
118000201,505,527,-22
118000202,53,66,-13
118000203,880,648,232
118000204,162,375,-213
118000205,201,364,-163
118000206,288,220,68
118000207,0,65,-65
118000208,1458,1592,-134
118000209,2212,1736,476
118000210,72,54,18
118000211,34,42,-8
118000213,1663,1723,-60
118000214,611,555,56
118000215,340,124,216
118000216,2415,2731,-316
118000217,22,127,-105
118000218,78,102,-24
118000219,548,297,251
118000220,7,36,-29
118000221,207,383,-176
118000222,80,8,72
118000223,40,56,-16
118000224,224,84,140
118000225,147,672,-525
118000226,1023,204,819
118000227,812,444,368
118000228,189,368,-179
118000229,344,85,259
118000230,134,229,-95
118000231,83,215,-132
118000232,794,797,-3
118000233,1173,863,310
118000234,524,290,234
118000236,515,355,160
118000237,116,441,-325
118000238,339,225,114
118000239,356,290,66
118000240,384,201,183
118000241,165,229,-64
118000242,425,537,-112
118000243,297,207,90
118000244,55,112,-57
118000246,0,30,-30
118000255,55,240,-185
118000256,138,231,-93
118000259,18,61,-43
118000260,139,101,38
118000261,41,64,-23
118000263,81,165,-84
118000266,91,298,-207
118000267,0,118,-118
118000268,345,2,343
118000270,86,22,64
118000271,180,284,-104
118000272,108,42,66
118000273,195,88,107
118000274,107,253,-146
118000276,585,398,187
118000295,14,108,-94
118000298,200,246,-46
118000299,29,110,-81
118000301,0,42,-42
118000302,134,84,50
118000311,505,79,426
118000312,328,176,152
118000313,81,153,-72
118000314,96,65,31
118000315,58,63,-5
118000316,739,428,311
118000325,97,55,42
118000326,47,27,20
118000331,68,74,-6
118000332,20,43,-23
118000333,53,90,-37
118000335,391,1,390
118000336,0,196,-196
118000407,173,74,99
118000457,10,37,-27
118000465,3668,4313,-645
118000480,22,87,-65
118000489,30,289,-259
118000490,19,175,-156
118000492,198,199,-1
118000510,84,28,56
118000514,117,256,-139
118000515,896,648,248
118000517,340,203,137
118000524,283,319,-36
118000525,888,791,97
118000530,17,116,-99
118000531,383,294,89
118000532,182,294,-112
118000533,300,158,142
118000534,593,574,19
118000535,309,174,135
118000536,904,2204,-1300
118000537,19,248,-229
118000538,31,77,-46
118000539,10,107,-97
118000540,374,168,206
118000541,244,84,160
118000542,125,212,-87
118000543,248,225,23
118000546,72,37,35
118000560,2443,2305,138
118000562,45,150,-105
118000563,1513,1285,228
118000576,179,136,43
118000577,123,134,-11
118000578,121,93,28
118000579,434,1102,-668
118000595,247,125,122
118000596,0,63,-63
118000597,140,95,45
118000598,20,0,20
118000599,23,37,-14
118000600,2,32,-30
118000601,13,0,13
118000602,0,18,-18
118000603,0,17,-17
118900001,779,1304,-525
118900002,874,1011,-137
118900003,545,17,528
118900004,96,82,14
118900005,100,9,91
118900006,172,19,153
118900007,3,3,0
118900008,1828,56,1772
118900009,102,51,51
118900010,111,7,104
118900011,182,34,148
118900012,436,186,250
118900013,517,177,340
118900015,262,75,187
118900016,14,15,-1
118900017,257,367,-110
118900018,971,43,928
118900019,48,33,15
118900020,186,170,16
118900021,201,424,-223
118900022,176,136,40
118900023,167,147,20
118900024,128,178,-50
118900025,102,35,67
118900026,69,96,-27
118900027,416,188,228
118900028,181,195,-14
118900029,376,473,-97
118900030,393,53,340
118900031,177,110,67
118900032,244,147,97
118900033,374,509,-135
118900034,218,26,192
118900035,157,156,1
118900036,1146,781,365
118900037,410,283,127
118900038,477,193,284
118900039,549,170,379
118900040,274,212,62
118900041,552,131,421
118900042,232,130,102
118900045,321,180,141
118900046,838,383,455
118900047,531,273,258
118900048,139,220,-81
118900049,52,71,-19
118900050,45,88,-43
118900051,68,104,-36
118900052,385,299,86
118900053,47,103,-56
118900054,140,45,95
118900055,82,80,2
118900056,13,383,-370
118900057,928,496,432
118900058,356,352,4
118900059,44,98,-54
118900060,91,163,-72
118900062,485,199,286
118900064,650,563,87
118900065,46,168,-122
118900066,65,80,-15
118900067,4513,3777,736
118900068,14,190,-176
118900069,467,252,215
118900071,7,91,-84
118900072,457,376,81
118900073,122,100,22
118900074,139,147,-8
118900075,51,89,-38
118900076,201,119,82
118900077,376,198,178
118900078,35,8,27
118900079,53,199,-146
118900080,43,184,-141
118900081,92,55,37
118900082,873,189,684
118900083,40,9,31
118900084,23,19,4
118900085,611,843,-232
118900086,34,105,-71
118900087,25,226,-201
118900088,5,12,-7
118900089,31,29,2
118900090,575,386,189
118900091,235,204,31
118900092,159,106,53
118900093,145,27,118
118900096,75,23,52
118900097,292,498,-206
118900099,102,212,-110
118900100,128,267,-139
118900101,145,574,-429
118900102,60,127,-67
118900103,60,127,-67
118900104,301,141,160
118900105,314,134,180
118900107,206,105,101
118900108,129,124,5
118900109,1050,759,291
118900110,1473,900,573
118900111,530,491,39
118900112,106,194,-88
118900113,132,445,-313
118900114,18,100,-82
118900115,118,495,-377
118900116,165,261,-96
118900117,95,192,-97
118900118,337,286,51
118900119,151,198,-47
118900120,125,324,-199
118900121,18,213,-195
118900122,23,1040,-1017
118900123,189,246,-57
118900124,97,192,-95
118900126,24,352,-328
118900129,236,226,10
118900130,58,239,-181
118900131,153,184,-31
118900132,427,235,192
118900133,7,104,-97
118900135,219,249,-30
118900136,196,511,-315
118900137,20,40,-20
118900139,198,301,-103
118900140,434,659,-225
118900141,152,153,-1
118900144,104,384,-280
118900145,179,136,43
118900146,298,664,-366
118900147,219,143,76
118900148,101,59,42
118900150,145,626,-481
118900152,583,756,-173
118900157,81,158,-77
118900158,112,65,47
118900159,2,194,-192
118900161,47,6,41
118900163,110,154,-44
118900164,3,130,-127
118900165,44,235,-191
118900166,35,3,32
118900167,128,109,19
118900168,15,208,-193
118900169,134,335,-201
118900170,252,135,117
118900171,53,62,-9
118900174,76,59,17
118900175,450,516,-66
118900176,176,312,-136
118900177,43,47,-4
118900178,57,231,-174
118900179,1,26,-25
118900181,87,97,-10
118900182,124,60,64
118900183,51,147,-96
118900184,289,175,114
118900185,125,141,-16
118900186,136,102,34
118900187,261,326,-65
118900188,372,312,60
118900189,60,772,-712
118900190,19,269,-250
118900191,166,64,102
118900192,238,30,208
118900193,539,20,519
118900195,362,612,-250
118900196,28,129,-101
118900197,173,49,124
118900198,26,29,-3
118900199,103,42,61
118900200,30,15,15
118900201,19,49,-30
118900202,9,49,-40
118900203,11,27,-16
118900204,18,30,-12
118900205,8,21,-13
118900206,6,15,-9
119000001,1551,2191,-640
119000002,5019,4125,894
119000003,2954,1275,1679
119000004,2824,1550,1274
119000005,2058,2078,-20
119000006,2758,1685,1073
119000007,3651,3305,346
119000008,2299,2008,291
119000009,3919,5068,-1149
119000010,6683,4526,2157
119000011,4702,3568,1134
119000012,3624,4143,-519
119000013,2819,1755,1064
119000014,2002,3081,-1079
119000019,324,158,166
119000020,2111,1566,545
119000021,4595,2647,1948
119000022,3134,2867,267
119000023,295,238,57
119000024,2072,11658,-9586
119000025,7598,1506,6092
119000026,129,513,-384
119000027,306,467,-161
119000028,1947,1010,937
119000029,99,357,-258
119000030,546,836,-290
119000031,693,651,42
119000032,2105,2566,-461
119000033,2623,1466,1157
119000034,1134,947,187
119000035,43,285,-242
119000036,1973,740,1233
119000037,1364,1538,-174
119000038,175,769,-594
119000039,385,320,65
119000040,734,601,133
119000041,697,1196,-499
119000048,3551,2922,629
119000049,1715,2049,-334
119000050,1767,1957,-190
119000051,1983,1062,921
119000052,1897,2906,-1009
119000053,1980,1355,625
119000054,3745,3087,658
119000055,4591,3476,1115
119000056,2824,2200,624
119000057,1983,1979,4
119000058,2141,1870,271
119000059,1449,1720,-271
119000060,1756,1253,503
119000061,1269,864,405
119000062,1317,1488,-171
119000063,594,340,254
119000064,904,1106,-202
119000065,2275,3584,-1309
119000066,2290,1260,1030
119000067,1860,2167,-307
119000068,1883,1198,685
119000069,1563,2519,-956
119000070,2694,984,1710
119000071,556,696,-140
119000072,5139,3226,1913
119000073,5055,7145,-2090
119000074,1336,2156,-820
119000075,2670,2170,500
119000076,487,1060,-573
119000077,1004,567,437
119000078,411,257,154
119000079,187,595,-408
119000080,448,251,197
119000081,303,389,-86
119000082,971,254,717
119000083,720,427,293
119000084,310,439,-129
119000085,548,193,355
119000086,315,424,-109
119000087,1624,972,652
119000088,431,231,200
119000089,67,191,-124
119000090,121,186,-65
119000091,97,362,-265
119000092,476,194,282
119000093,3446,2742,704
119000094,3264,5422,-2158
119000095,2188,3016,-828
119000097,2078,1527,551
119000098,1031,3050,-2019
119000099,2720,1947,773
119000100,4228,3392,836
119000101,4832,2329,2503
119000102,975,1224,-249
119000103,1707,691,1016
119000104,2374,1390,984
119000105,1370,2134,-764
119000106,394,1206,-812
119000107,1008,564,444
119000108,348,769,-421
119000109,174,641,-467
119000110,524,488,36
119000111,56,747,-691
119000112,204,151,53
119000113,2351,407,1944
119000114,1201,1049,152
119000115,136,149,-13
119000116,106,93,13
119000117,159,441,-282
119000118,1,2,-1
119000123,4736,2393,2343
119000124,693,254,439
119000125,3959,685,3274
119000126,707,545,162
119000127,501,472,29
119000128,26,3,23
119000131,1079,665,414
119000132,2,1,1
119000133,0,6,-6
119000134,2033,600,1433
119000135,160,244,-84
119000136,232,180,52
119000137,270,334,-64
119000138,613,262,351
119000139,270,236,34
119000140,312,342,-30
119000284,1373,2517,-1144
119000285,2195,2128,67
119000286,7396,5873,1523
119000287,1361,2204,-843
119000288,2070,1396,674
119000289,1604,2654,-1050
119000290,260,420,-160
119000291,12,236,-224
119000293,145,160,-15
119000294,37,36,1
119000295,1496,430,1066
119000296,185,144,41
119000302,2131,1254,877
119000303,42,151,-109
119000314,1859,9720,-7861
119000315,1,375,-374
119000316,113,95,18
119000317,56,234,-178
119900001,336,1307,-971
119900002,189,246,-57
119900003,48,1034,-986
119900004,289,1292,-1003
119900005,223,117,106
119900006,230,495,-265
119900007,1321,347,974
119900008,80,63,17
119900009,824,732,92
119900010,1363,1399,-36
119900011,14,105,-91
119900012,19,113,-94
119900013,2188,1376,812
119900014,559,375,184
119900015,122,35,87
119900016,63,81,-18
119900017,63,57,6
119900018,1979,1061,918
119900019,49,7,42
119900020,223,266,-43
119900021,217,137,80
119900022,159,832,-673
119900023,589,1351,-762
119900025,206,31,175
119900026,756,169,587
119900027,22,24,-2
119900028,312,232,80
119900029,6,13,-7
119900030,666,566,100
119900031,82,423,-341
119900033,2701,433,2268
119900034,472,126,346
119900037,239,32,207
119900038,67,416,-349
119900039,49,5,44
119900040,465,41,424
119900041,179,37,142
119900042,92,174,-82
119900043,90,170,-80
119900044,237,1030,-793
119900046,172,79,93
119900047,298,90,208
119900048,55,38,17
119900049,154,11,143
119900050,176,160,16
119900051,1374,13,1361
119900052,90,50,40
119900053,251,161,90
119900054,144,6,138
119900055,1484,467,1017
119900057,266,83,183
119900058,257,2,255
119900059,164,41,123
119900060,302,23,279
119900061,383,11,372
119900062,123,34,89
119900063,28,87,-59
119900064,570,111,459
119900065,285,21,264
119900066,3,4,-1
119900067,130,59,71
119900068,475,0,475
119900069,118,9,109
119900070,1423,42,1381
119900071,785,34,751
119900072,376,443,-67
119900073,1726,691,1035
119900074,78,68,10
119900075,4896,3100,1796
119900076,729,371,358
119900077,1067,1045,22
119900078,552,952,-400
119900079,302,214,88
119900080,359,284,75
119900081,51,31,20
119900082,1572,177,1395
119900083,619,224,395
119900084,923,411,512
119900085,65,61,4
119900086,207,716,-509
119900087,729,356,373
119900088,39,76,-37
119900089,42,482,-440
119900090,140,75,65
119900091,88,851,-763
119900092,230,505,-275
119900093,1382,321,1061
119900094,22,173,-151
119900095,235,133,102
119900096,33,179,-146
119900097,589,169,420
119900098,78,57,21
119900099,74,278,-204
119900100,2000,3132,-1132
119900101,184,1367,-1183
119900102,47,278,-231
119900103,105,342,-237
119900104,70,233,-163
119900105,1186,2725,-1539
119900106,10,170,-160
119900107,257,2392,-2135
119900108,3021,815,2206
119900109,23,168,-145
119900110,800,573,227
119900111,192,278,-86
119900112,1326,607,719
119900113,90,281,-191
119900114,273,1116,-843
119900115,413,917,-504
119900116,172,464,-292
119900117,385,793,-408
119900118,128,780,-652
119900119,297,233,64
119900120,929,714,215
119900121,432,900,-468
119900122,496,407,89
119900123,213,365,-152
119900124,266,730,-464
119900125,60,239,-179
119900126,4556,391,4165
119900127,2205,1221,984
119900128,538,714,-176
119900129,317,463,-146
119900130,30,243,-213
119900131,41,238,-197
119900132,7,203,-196
119900133,89,93,-4
119900134,1550,241,1309
119900135,6,393,-387
119900136,214,378,-164
119900138,428,562,-134
119900139,46,169,-123
119900140,2,97,-95
119900141,112,817,-705
119900142,30,50,-20
119900143,47,269,-222
119900144,1472,319,1153
119900145,92,184,-92
119900146,229,261,-32
119900147,4,177,-173
119900148,306,90,216
119900149,1265,4983,-3718
119900150,179,160,19
119900151,2077,1047,1030
119900152,186,345,-159
119900153,188,78,110
119900154,17,198,-181
119900155,68,57,11
119900156,37,11,26
119900157,136,249,-113
119900158,262,82,180
119900159,6,1328,-1322
119900160,28,148,-120
119900161,143,183,-40
119900162,1146,1099,47
119900163,129,188,-59
119900164,1,3,-2
119900165,160,181,-21
119900166,158,34,124
119900167,118,145,-27
119900168,1111,587,524
119900169,180,346,-166
119900170,252,285,-33
119900171,1143,454,689
119900172,229,34,195
119900173,8,441,-433
119900174,15,201,-186
119900175,1669,778,891
119900177,22,209,-187
119900178,14,139,-125
119900179,121,525,-404
119900180,1089,948,141
119900181,95,153,-58
119900182,3,417,-414
119900183,137,691,-554
119900184,2352,604,1748
119900185,55,218,-163
119900186,98,996,-898
119900187,32,450,-418
119900188,107,397,-290
119900189,602,461,141
119900190,96,360,-264
119900191,383,310,73
119900192,71,190,-119
119900193,493,234,259
119900194,39,120,-81
119900195,141,244,-103
119900196,1582,608,974
119900197,259,204,55
119900198,283,236,47
119900199,169,45,124
119900200,899,668,231
119900201,376,286,90
119900202,111,317,-206
119900203,287,647,-360
119900204,421,414,7
119900205,763,519,244
119900206,211,156,55
119900208,196,205,-9
119900209,550,1397,-847
119900210,45,49,-4
119900211,95,18,77
119900212,157,248,-91
119900213,13,65,-52
119900214,36,73,-37
119900215,67,86,-19
119900216,11,93,-82
119900217,12,66,-54
119900218,26,80,-54
119900219,8,157,-149
119900220,14,100,-86
119900221,31,257,-226
119900222,11,213,-202
119900223,41,74,-33
119900224,10,27,-17
119900225,977,67,910
119900226,681,2354,-1673
119900227,1291,385,906
119900228,99,267,-168
119900229,348,477,-129
119900230,1551,699,852
119900231,332,199,133
119900232,299,152,147
119900233,123,4,119
119900234,20,89,-69
119900235,26,46,-20
119900236,39,270,-231
119900237,91,625,-534
119900238,3,84,-81
119900240,160,165,-5
119900241,229,266,-37
119900242,1744,1903,-159
119900244,827,1489,-662
119900245,126,213,-87
119900246,410,676,-266
119900247,49,132,-83
119900248,76,299,-223
119900249,266,130,136
119900253,2652,497,2155
119900254,98,717,-619
119900255,128,779,-651
119900256,791,1130,-339
119900257,73,4,69
119900258,182,9,173
119900259,7,130,-123
119900260,139,12,127
119900261,273,202,71
119900262,5,196,-191
119900263,1217,382,835
119900264,115,167,-52
119900265,595,360,235
119900266,446,273,173
119900267,365,578,-213
119900268,173,145,28
119900269,1163,1107,56
119900271,78,139,-61
119900272,443,327,116
119900275,196,73,123
119900276,74,2,72
119900277,15,16,-1
119900278,224,106,118
119900279,142,406,-264
119900280,671,227,444
119900281,1,230,-229
119900282,70,100,-30
119900283,30,229,-199
119900284,42,164,-122
119900285,28,66,-38
119900286,3,36,-33
119900288,2,44,-42
119900289,0,33,-33
119900290,6,25,-19
119900291,11,212,-201
119900292,40,57,-17
119900293,18,83,-65
119900294,48,105,-57
119900295,26,50,-24
119900296,47,139,-92
119900297,4,30,-26
119900298,8,25,-17
119900299,122,232,-110
119900300,363,193,170
119900301,132,134,-2
119900302,201,81,120
119900303,332,159,173
119900304,263,40,223
119900305,16,122,-106
119900306,27,3,24
119900307,56,95,-39
119900308,6,36,-30
119900309,59,131,-72
119900310,299,307,-8
119900311,100,114,-14
119900312,118,117,1
119900313,287,328,-41
119900314,237,462,-225
119900315,2146,2396,-250
119900318,22,42,-20
119900319,0,262,-262
119900320,265,512,-247
119900321,87,3,84
120000001,7318,16101,-8783
120000002,2703,2761,-58
120000003,3473,1663,1810
120000004,2868,2056,812
120000005,4329,2205,2124
120000006,1188,1271,-83
120000007,3688,3329,359
120000008,979,1355,-376
120000009,2984,1153,1831
120000010,2119,2727,-608
120000011,1166,1852,-686
120000012,1699,2807,-1108
120000013,3626,3296,330
120000014,782,1702,-920
120000015,2888,1830,1058
120000016,4009,2488,1521
120000017,3066,2537,529
120000018,4045,12269,-8224
120000019,1113,1449,-336
120000020,3363,3400,-37
120000021,2003,2540,-537
120000022,3268,4245,-977
120000023,1090,1597,-507
120000024,1533,2483,-950
120000025,2527,1970,557
120000026,1987,1795,192
120000027,2517,2224,293
120000028,772,1172,-400
120000029,3610,1318,2292
120000030,294,1067,-773
120000031,2743,6446,-3703
120000032,8579,4393,4186
120000033,4979,1983,2996
120000034,2100,1747,353
120000035,2408,2075,333
120000036,2989,5549,-2560
120000037,792,1875,-1083
120000038,6637,4652,1985
120000039,576,981,-405
120000040,98,504,-406
120000041,1572,1763,-191
120000042,2073,2524,-451
120000043,5921,1848,4073
120000044,5700,1760,3940
120000045,6213,1199,5014
120000046,3324,2852,472
120000047,1320,6845,-5525
120000048,8221,4894,3327
120000049,3563,3128,435
120000050,4523,4400,123
120000051,3223,5469,-2246
120000052,8858,2560,6298
120000053,1245,2225,-980
120000054,1294,3748,-2454
120000055,1766,4807,-3041
120000056,5003,4386,617
120000057,3440,988,2452
120000058,3520,942,2578
120000059,40,1571,-1531
120000061,95,510,-415
120000062,197,378,-181
120000063,1530,2594,-1064
120000064,240,1149,-909
120000065,583,1570,-987
120000066,415,707,-292
120000067,83,742,-659
120000068,214,842,-628
120000069,576,1058,-482
120000070,75,641,-566
120000071,583,118,465
120000072,879,407,472
120000073,1017,168,849
120000074,224,258,-34
120000075,1052,278,774
120000076,2472,453,2019
120000077,2235,750,1485
120000078,4016,1469,2547
120000079,218,169,49
120000080,117,184,-67
120000081,250,168,82
120000082,161,246,-85
120000083,98,692,-594
120000084,449,356,93
120000085,442,289,153
120000086,213,456,-243
120000087,150,600,-450
120000088,867,1202,-335
120000089,1126,711,415
120000090,797,542,255
120000091,968,1074,-106
120000092,1609,734,875
120000093,575,492,83
120000094,172,763,-591
120000095,1201,502,699
120000096,340,800,-460
120000098,1078,948,130
120000099,566,975,-409
120000100,1029,1038,-9
120000101,670,495,175
120000102,610,965,-355
120000103,1812,935,877
120000104,2168,609,1559
120000105,3682,736,2946
120000106,2658,843,1815
120000107,4203,693,3510
120000108,1428,146,1282
120000109,1172,91,1081
120000110,121,898,-777
120000111,121,1051,-930
120000112,795,2576,-1781
120000113,627,1952,-1325
120000114,953,2704,-1751
120000115,337,2200,-1863
120000116,770,1991,-1221
120000117,977,1500,-523
120000118,36,26,10
120000119,17,73,-56
120000120,93,72,21
120000121,44,69,-25
120000122,293,369,-76
120000123,4464,5691,-1227
120000124,493,396,97
120000125,605,692,-87
120000126,297,1157,-860
120000127,2941,1313,1628
120000128,3844,5094,-1250
120000129,335,313,22
120000130,782,525,257
120000131,341,769,-428
120000134,362,1082,-720
120000135,680,601,79
120000137,319,1346,-1027
120000138,1264,561,703
120000139,395,717,-322
120000140,1012,615,397
120000141,784,498,286
120000142,967,710,257
120000143,3,150,-147
120000144,136,5,131
120000145,467,5,462
120000146,1365,1132,233
120000149,794,1164,-370
120000150,3439,12024,-8585
120000151,407,475,-68
120000152,592,171,421
120000153,407,591,-184
120000154,567,500,67
120000155,117,254,-137
120000156,824,1149,-325
120000157,1001,732,269
120000158,1009,885,124
120000159,1918,2721,-803
120000160,2565,1600,965
120000161,2250,2507,-257
120000162,104,292,-188
120000163,934,1341,-407
120000164,736,431,305
120000165,675,833,-158
120000166,1671,654,1017
120000167,129,295,-166
120000168,25,725,-700
120000169,41,1920,-1879
120000170,43,1090,-1047
120000171,26,372,-346
120000172,32,215,-183
120000173,2267,849,1418
120000174,350,32,318
120000175,310,21,289
120000176,339,35,304
120000177,1738,165,1573
120000178,93,26,67
120000179,350,55,295
120000180,866,138,728
120000181,180,1682,-1502
120000182,85,590,-505
120000183,8,415,-407
120000184,194,1541,-1347
120000186,32,491,-459
120000187,49,256,-207
120000188,145,484,-339
120000190,787,55,732
120000191,808,102,706
120000192,1048,47,1001
120000193,605,14,591
120000195,88,6,82
120000196,485,61,424
120000197,201,137,64
120000198,240,65,175
120000199,126,2,124
120000200,118,1,117
120000201,12,35,-23
120000202,0,41,-41
120000203,56,183,-127
120000207,2,93,-91
120000208,9,166,-157
120000209,10,66,-56
120000210,66,68,-2
120000211,172,4,168
120000212,206,3,203
120000213,161,199,-38
120000214,1,214,-213
120000215,2,107,-105
120000216,112,23,89
120000217,702,1332,-630
120000218,179,798,-619
120000219,6,405,-399
120000220,18,1483,-1465
120000225,1719,1,1718
120000226,340,2,338
120000227,1003,68,935
120000228,10791,4066,6725
120000230,515,23,492
120000231,1553,2001,-448
120000233,524,19,505
120000235,244,500,-256
120000236,1345,3,1342
120000237,3,1272,-1269
120000238,0,565,-565
120000241,1345,4045,-2700
120000412,728,20,708
120000413,207,215,-8
120000414,215,5,210
120000415,0,77,-77
120000416,147,3,144
120000417,17,67,-50
120000418,231,21,210
120000419,20,220,-200
120000420,62,22,40
120000421,10922,6459,4463
120000422,148,1453,-1305
120000423,3,60,-57
120000424,84,111,-27
120000436,166,590,-424
120000437,124,143,-19
120000438,2748,358,2390
120000439,228,607,-379
120000443,271,4,267
120000444,1477,524,953
120000445,1741,1111,630
120000446,762,196,566
120000447,323,5,318
120000449,115,4,111
120000450,5,180,-175
120000451,256,311,-55
120000452,210,2,208
120000453,0,249,-249
120000454,48,57,-9
120000455,86,31,55
120000456,2286,4050,-1764
120000457,1369,501,868
120000458,576,723,-147
120000459,139,56,83
120000665,999,317,682
120000668,162,1061,-899
120000669,86,207,-121
120000670,212,755,-543
120000671,1595,424,1171
120000672,119,448,-329
120900001,88,125,-37
120900002,540,718,-178
120900003,307,21,286
120900004,19,73,-54
120900005,6,696,-690
120900006,437,282,155
120900007,152,131,21
120900008,267,1057,-790
120900009,394,39,355
120900010,542,122,420
120900011,425,224,201
120900012,356,1447,-1091
120900013,380,166,214
120900014,1,575,-574
120900015,765,82,683
120900016,881,75,806
120900017,2428,123,2305
120900018,196,420,-224
120900019,826,404,422
120900020,782,1639,-857
120900021,867,311,556
120900022,28,333,-305
120900023,285,36,249
120900024,2410,605,1805
120900025,1606,1188,418
120900026,350,217,133
120900027,833,25,808
120900028,540,147,393
120900029,164,514,-350
120900030,1367,917,450
120900031,271,136,135
120900032,1352,104,1248
120900033,1130,123,1007
120900034,21,2401,-2380
120900035,61,209,-148
120900037,254,10,244
120900038,68,328,-260
120900039,120,59,61
120900040,341,5,336
120900041,128,14,114
120900042,687,54,633
120900043,59,80,-21
120900044,15,378,-363
120900045,147,132,15
120900046,536,7,529
120900047,145,143,2
120900048,105,38,67
120900049,481,8,473
120900050,2048,1691,357
120900051,436,109,327
120900052,807,8,799
120900053,341,107,234
120900054,1802,707,1095
120900055,487,4,483
120900056,541,32,509
120900057,179,25,154
120900058,639,2,637
120900059,138,8,130
120900060,104,30,74
120900061,244,289,-45
120900062,283,3,280
120900063,531,8,523
120900064,781,0,781
120900065,542,8,534
120900066,410,219,191
120900067,176,86,90
120900068,365,1,364
120900069,286,54,232
120900071,40,2,38
120900072,851,6,845
120900073,603,180,423
120900074,899,15,884
120900076,376,2,374
120900077,3117,325,2792
120900078,894,820,74
120900079,833,95,738
120900080,842,1446,-604
120900081,1035,828,207
120900082,519,413,106
120900083,171,64,107
120900084,360,551,-191
120900085,79,134,-55
120900086,144,411,-267
120900087,510,423,87
120900088,197,406,-209
120900089,3164,3193,-29
120900090,277,150,127
120900091,703,1003,-300
120900092,1357,532,825
120900093,2033,201,1832
120900094,516,211,305
120900095,501,46,455
120900096,57,243,-186
120900097,945,645,300
120900098,238,174,64
120900099,88,75,13
120900100,99,220,-121
120900101,621,283,338
120900102,46,73,-27
120900103,64,235,-171
120900104,36,74,-38
120900105,49,475,-426
120900106,1236,529,707
120900107,239,180,59
120900108,7,462,-455
120900109,46,540,-494
120900110,14,566,-552
120900111,243,348,-105
120900112,21,772,-751
120900113,12,693,-681
120900114,66,213,-147
120900115,179,240,-61
120900116,478,413,65
120900117,3,505,-502
120900118,7,622,-615
120900119,6251,4642,1609
120900120,118,588,-470
120900121,261,543,-282
120900122,598,481,117
120900123,3,357,-354
120900124,1,568,-567
120900125,5,796,-791
120900126,1585,1135,450
120900127,24,413,-389
120900128,1138,1446,-308
120900129,51,248,-197
120900130,5,334,-329
120900131,60,175,-115
120900132,1121,266,855
120900133,119,859,-740
120900134,786,401,385
120900135,21,476,-455
120900136,47,103,-56
120900137,275,152,123
120900138,20,232,-212
120900139,2,533,-531
120900140,5,104,-99
120900141,273,269,4
120900142,25,389,-364
120900143,1,767,-766
120900144,2,146,-144
120900145,286,673,-387
120900146,5,832,-827
120900147,5,437,-432
120900148,178,123,55
120900149,0,238,-238
120900150,46,572,-526
120900151,1,514,-513
120900152,3,32,-29
120900153,39,122,-83
120900154,0,166,-166
120900155,183,978,-795
120900156,75,321,-246
120900157,108,299,-191
120900158,76,583,-507
120900159,98,431,-333
120900160,52,615,-563
120900161,45,574,-529
120900162,44,741,-697
120900163,70,1093,-1023
120900164,0,21,-21
120900165,1,56,-55
120900166,293,759,-466
120900167,541,216,325
120900169,70,305,-235
120900170,968,2744,-1776
120900171,1266,309,957
120900172,1201,1755,-554
120900173,0,42,-42
120900174,5,127,-122
120900175,301,194,107
120900176,22,415,-393
120900177,4,1366,-1362
120900178,0,645,-645
120900179,892,524,368
120900180,100,222,-122
120900181,159,49,110
120900182,25,298,-273
120900183,506,71,435
120900184,343,96,247
120900185,12,540,-528
120900186,0,346,-346
120900187,605,1172,-567
120900188,221,17,204
120900189,116,1271,-1155
120900190,76,13,63
120900191,8,20,-12
120900192,8812,8045,767
120900194,48,87,-39
120900195,207,356,-149
120900196,777,41,736
120900197,832,169,663
120900198,252,527,-275
120900199,496,1863,-1367
120900200,104,141,-37
120900201,404,223,181
120900202,2,153,-151
120900203,32,85,-53
120900204,146,316,-170
120900205,57,60,-3
120900206,16,56,-40
121000001,795,1190,-395
121000002,2551,1492,1059
121000003,3369,2534,835
121000004,3231,3805,-574
121000005,1953,3066,-1113
121000006,4108,2159,1949
121000007,2669,3317,-648
121000008,6020,4235,1785
121000009,6126,6584,-458
121000010,9372,7405,1967
121000011,11070,14448,-3378
121000012,19023,12685,6338
121000013,5587,8290,-2703
121000014,6722,6372,350
121000015,4865,7570,-2705
121000016,4776,3855,921
121000017,2389,4144,-1755
121000018,3453,2014,1439
121000019,18463,13107,5356
121000020,15425,18609,-3184
121000021,3142,3303,-161
121000022,2648,3539,-891
121000023,4314,3429,885
121000024,5422,5293,129
121000025,836,1450,-614
121000026,362,195,167
121000027,1893,1313,580
121000028,963,617,346
121000029,1010,626,384
121000030,187,167,20
121000031,795,786,9
121000032,331,114,217
121000034,500,321,179
121000035,171,194,-23
121000036,1253,1005,248
121000037,678,643,35
121000038,553,1063,-510
121000039,315,557,-242
121000041,661,563,98
121000042,352,468,-116
121000043,748,671,77
121000044,1410,1006,404
121000045,478,352,126
121000046,916,1267,-351
121000047,43,122,-79
121000049,1578,695,883
121000050,364,1274,-910
121000051,654,338,316
121000052,454,738,-284
121000053,509,130,379
121000054,63,460,-397
121000055,1258,1228,30
121000056,698,1204,-506
121000057,452,609,-157
121000058,462,255,207
121000059,2851,1556,1295
121000060,731,989,-258
121000061,118,470,-352
121000062,212,435,-223
121000063,787,872,-85
121000064,718,648,70
121000065,504,628,-124
121000066,395,335,60
121000067,812,844,-32
121000068,905,465,440
121000069,882,1184,-302
121000070,2178,1653,525
121000071,1736,1541,195
121000072,1409,980,429
121000073,1254,1183,71
121000074,135,154,-19
121000075,46,456,-410
121000076,1179,557,622
121000077,170,220,-50
121000078,108,223,-115
121000080,2570,823,1747
121000081,4596,3265,1331
121000082,113,308,-195
121000083,191,170,21
121000084,190,177,13
121000085,302,421,-119
121000086,229,833,-604
121000087,57,359,-302
121000088,560,663,-103
121000089,535,499,36
121000090,611,453,158
121000091,1646,1086,560
121000092,238,104,134
121000093,171,250,-79
121000094,616,906,-290
121000095,381,761,-380
121000096,2701,2778,-77
121000097,1229,2810,-1581
121000098,760,1045,-285
121000099,621,841,-220
121000100,916,382,534
121000101,430,317,113
121000102,374,303,71
121000103,285,335,-50
121000104,367,185,182
121000105,530,288,242
121000106,413,448,-35
121000107,2151,3432,-1281
121000109,1399,1251,148
121000110,378,779,-401
121000114,3211,2276,935
121000115,996,741,255
121000116,301,906,-605
121000117,828,275,553
121000118,1447,253,1194
121000119,278,441,-163
121000120,329,473,-144
121000121,748,1624,-876
121000123,1901,809,1092
121000126,134,332,-198
121000127,231,105,126
121000128,1102,453,649
121000129,866,616,250
121000130,709,876,-167
121000131,2796,2182,614
121000132,1822,1977,-155
121000135,580,1100,-520
121000136,1612,1280,332
121000137,617,393,224
121000138,1123,1760,-637
121000139,636,735,-99
121000141,213,174,39
121000142,798,1109,-311
121000143,187,36,151
121000144,1352,2199,-847
121000145,579,1118,-539
121000146,1506,1138,368
121000147,1110,530,580
121000148,1010,1200,-190
121000149,2185,1355,830
121000152,460,566,-106
121000153,1918,727,1191
121000154,1122,602,520
121000155,1615,1092,523
121000156,421,1032,-611
121000157,1137,1841,-704
121000158,438,528,-90
121000159,280,437,-157
121000160,372,462,-90
121000161,237,343,-106
121000162,146,254,-108
121000165,2236,2170,66
121000166,19,478,-459
121000168,376,207,169
121000169,78,161,-83
121000170,391,120,271
121000171,100,183,-83
121000172,696,619,77
121000173,1445,1300,145
121000174,404,445,-41
121000175,1224,410,814
121000176,503,289,214
121000177,792,403,389
121000178,120,76,44
121000179,108,84,24
121000181,484,450,34
121000182,178,269,-91
121000183,77,136,-59
121000184,121,106,15
121000185,32,170,-138
121000186,248,597,-349
121000187,252,172,80
121000188,218,207,11
121000192,1125,486,639
121000193,707,634,73
121000194,2490,2498,-8
121000195,323,1002,-679
121000196,394,226,168
121000197,211,761,-550
121000198,214,163,51
121000199,140,328,-188
121000200,578,110,468
121000201,7,238,-231
121000202,173,7,166
121000203,954,1988,-1034
121000204,3020,941,2079
121000205,192,346,-154
121000206,172,80,92
121000207,2500,411,2089
121000208,5,268,-263
121000209,427,264,163
121000210,732,346,386
121000211,332,130,202
121000212,456,625,-169
121000213,10390,3308,7082
121000214,1152,2384,-1232
121000215,1151,1101,50
121000216,603,663,-60
121000217,5494,2429,3065
121000218,371,1748,-1377
121000219,1578,487,1091
121000220,172,103,69
121000221,169,255,-86
121000222,2589,3073,-484
121000223,573,468,105
121000224,355,298,57
121000225,962,2070,-1108
121000226,2573,1250,1323
121000227,10,159,-149
121000228,12,509,-497
121000229,364,378,-14
121000230,61,1618,-1557
121000231,923,32,891
121000232,404,340,64
121000233,611,356,255
121000234,23,35,-12
121000235,76,109,-33
121000236,15,48,-33
121000237,59,25,34
121000238,10,94,-84
121000239,59,6,53
121000240,6,206,-200
121000241,117,11,106
121000242,61,299,-238
121000243,548,236,312
121000244,12,57,-45
121000245,66,46,20
121000246,1,66,-65
121000247,141,14,127
121000248,2113,473,1640
121000249,125,271,-146
121000250,640,247,393
121000251,13,320,-307
121000252,134,81,53
121000253,249,335,-86
121000254,534,214,320
121000255,194,230,-36
121000256,375,227,148
121000257,44,89,-45
121000258,151,66,85
121000259,33,68,-35
121000260,84,101,-17
121000261,103,65,38
121000262,1232,904,328
121000263,502,451,51
121000271,388,1472,-1084
121000273,17,7,10
121000274,7,41,-34
121000275,4,7,-3
121000276,7,24,-17
121000278,28,22,6
121000279,28,16,12
121000280,31,41,-10
121000289,198,15,183
121000290,1310,1011,299
121000294,130,87,43
121000297,887,1171,-284
121000299,206,506,-300
121000300,1092,678,414
121000302,46,1094,-1048
121000303,521,386,135
121000304,574,85,489
121000305,211,57,154
121000306,149,147,2
121000308,178,385,-207
121000309,405,522,-117
121000310,122,378,-256
121000311,91,879,-788
121000312,446,279,167
121000313,431,528,-97
121000314,92,89,3
121000315,39,98,-59
121000530,1675,1454,221
121000531,1592,1624,-32
121000532,7777,8771,-994
121000533,3505,3808,-303
121000918,73,150,-77
121000919,66,71,-5
121000938,120,101,19
121000939,76,135,-59
121000956,1662,1274,388
121000957,6,24,-18
121000958,44,64,-20
121000959,929,795,134
121000960,1592,2165,-573
121000961,306,246,60
121000962,259,458,-199
121000973,4,192,-188
121000976,26,270,-244
121000979,624,231,393
121000981,419,359,60
121000982,334,136,198
121000983,452,438,14
121000984,48,123,-75
121000985,793,439,354
121000986,465,184,281
121000987,308,870,-562
121000988,780,142,638
121001302,264,153,111
121001308,8,13,-5
121001309,114,181,-67
121001313,193,202,-9
121001314,2094,2900,-806
121001315,4766,2623,2143
121900001,167,243,-76
121900002,52,31,21
121900003,514,37,477
121900004,155,466,-311
121900005,39,12,27
121900006,133,12,121
121900007,2238,2453,-215
121900008,1914,1112,802
121900009,851,39,812
121900010,268,2,266
121900011,422,415,7
121900012,26,2,24
121900013,1685,166,1519
121900014,1447,475,972
121900015,223,240,-17
121900016,7,48,-41
121900017,517,614,-97
121900018,415,14,401
121900019,520,261,259
121900020,22,4,18
121900021,1305,28,1277
121900022,297,260,37
121900023,243,347,-104
121900024,406,112,294
121900025,686,500,186
121900026,498,73,425
121900027,556,257,299
121900028,275,21,254
121900029,166,223,-57
121900030,608,636,-28
121900031,1260,6849,-5589
121900032,153,121,32
121900033,212,246,-34
121900034,335,132,203
121900035,3173,2388,785
121900036,112,322,-210
121900037,205,970,-765
121900038,55,172,-117
121900039,463,85,378
121900040,124,140,-16
121900041,114,214,-100
121900042,498,196,302
121900043,3,8,-5
121900044,157,55,102
121900045,691,398,293
121900046,404,534,-130
121900047,242,72,170
121900048,83,151,-68
121900050,68,55,13
121900051,163,156,7
121900052,224,69,155
121900053,574,279,295
121900054,506,1245,-739
121900055,6,7,-1
121900058,302,157,145
121900059,608,214,394
121900060,199,419,-220
121900061,224,281,-57
121900062,240,153,87
121900063,1616,548,1068
121900064,363,686,-323
121900066,98,33,65
121900067,69,44,25
121900069,225,167,58
121900070,224,222,2
121900071,383,297,86
121900072,106,219,-113
121900073,274,261,13
121900074,1098,1155,-57
121900075,517,611,-94
121900076,483,563,-80
121900077,34,52,-18
121900078,123,52,71
121900079,0,2,-2
121900080,1108,594,514
121900082,47,130,-83
121900083,238,215,23
121900084,34,111,-77
121900085,8,17,-9
121900086,14,48,-34
121900087,206,87,119
121900088,2666,4305,-1639
121900089,251,282,-31
121900090,37,116,-79
121900091,91,100,-9
121900092,95,72,23
121900093,121,90,31
121900094,11,11,0
121900095,268,179,89
121900096,1574,1227,347
121900097,656,249,407
121900098,7,6,1
121900099,256,87,169
121900100,303,578,-275
121900101,174,149,25
121900102,5,190,-185
121900103,611,339,272
121900104,1868,316,1552
121900105,351,205,146
121900106,13,14,-1
121900107,45,52,-7
121900108,1,48,-47
121900109,372,152,220
121900110,604,804,-200
121900111,673,283,390
121900112,194,210,-16
121900113,77,429,-352
121900114,126,114,12
121900115,184,361,-177
121900117,375,132,243
121900118,2149,777,1372
121900119,138,98,40
121900120,69,1420,-1351
121900121,577,45,532
121900122,31,89,-58
121900123,266,498,-232
121900124,183,211,-28
121900125,2301,1110,1191
121900127,16,136,-120
121900128,144,143,1
121900129,741,288,453
121900130,155,275,-120
121900131,274,108,166
121900132,77,110,-33
121900133,101,1317,-1216
121900134,45,224,-179
121900135,3258,467,2791
121900136,361,353,8
121900137,57,432,-375
121900138,100,286,-186
121900139,400,638,-238
121900140,111,209,-98
121900141,59,41,18
121900142,159,141,18
121900143,36,172,-136
121900144,144,305,-161
121900145,214,360,-146
121900146,748,945,-197
121900147,79,198,-119
121900148,255,393,-138
121900149,394,684,-290
121900150,112,163,-51
121900151,122,279,-157
121900152,124,146,-22
121900153,151,799,-648
121900154,17,279,-262
121900155,6,263,-257
121900156,308,157,151
121900157,0,374,-374
121900158,81,143,-62
121900159,1,205,-204
121900160,32,221,-189
121900161,451,478,-27
121900162,130,184,-54
121900163,268,640,-372
121900164,455,239,216
121900165,318,177,141
121900166,170,185,-15
121900167,154,146,8
121900168,142,296,-154
121900169,6,172,-166
121900170,21,194,-173
121900171,1005,736,269
121900172,734,280,454
121900173,1068,307,761
121900174,48,105,-57
121900175,179,221,-42
121900176,641,1561,-920
121900177,214,101,113
121900178,13,1,12
121900179,410,172,238
121900180,4241,5014,-773
121900182,689,355,334
121900183,689,1510,-821
121900184,111,803,-692
121900185,213,135,78
121900186,10,421,-411
121900187,58,217,-159
121900188,553,349,204
121900189,52,157,-105
121900190,347,460,-113
121900191,95,173,-78
121900192,388,799,-411
121900193,9,28,-19
121900194,7,261,-254
121900195,103,151,-48
121900196,1024,1231,-207
121900197,364,1531,-1167
121900198,1457,1000,457
121900199,5,41,-36
121900200,50,273,-223
121900201,1210,940,270
121900202,163,812,-649
121900203,291,1120,-829
121900204,917,1165,-248
121900205,141,211,-70
121900206,23,46,-23
121900207,169,58,111
121900208,153,314,-161
121900209,152,62,90
121900210,1222,1143,79
121900211,3,128,-125
121900212,111,143,-32
121900213,191,68,123
121900214,19,514,-495
121900215,59,135,-76
121900216,39,350,-311
121900217,330,180,150
121900218,237,479,-242
121900219,321,101,220
121900220,218,22,196
121900221,296,571,-275
121900222,209,157,52
121900223,321,74,247
121900224,129,65,64
121900225,135,127,8
121900226,401,1036,-635
121900227,265,557,-292
121900228,190,303,-113
121900229,387,335,52
121900230,125,389,-264
121900231,512,2319,-1807
121900232,286,444,-158
121900233,305,312,-7
121900234,396,302,94
121900235,682,170,512
121900236,346,207,139
121900237,191,310,-119
121900238,161,324,-163
121900239,286,71,215
121900240,302,175,127
121900241,72,65,7
121900242,22,2,20
121900243,20,1,19
121900244,58,4,54
121900245,243,90,153
121900246,2359,267,2092
121900247,279,299,-20
121900248,1637,1386,251
121900250,297,328,-31
121900251,493,63,430
121900252,663,182,481
121900253,113,767,-654
121900254,587,343,244
121900255,314,99,215
121900258,4158,2527,1631
121900259,340,730,-390
121900260,180,214,-34
121900261,185,599,-414
121900262,443,997,-554
121900263,367,307,60
121900264,1890,1612,278
121900265,418,261,157
121900266,586,212,374
121900267,102,45,57
121900269,320,839,-519
121900270,37,213,-176
121900271,40,179,-139
121900273,545,1922,-1377
121900274,320,307,13
121900276,764,141,623
121900277,600,1079,-479
121900278,117,1047,-930
121900279,177,222,-45
121900280,174,508,-334
121900281,550,728,-178
121900284,146,18,128
121900286,189,112,77
121900287,25,18,7
121900290,269,464,-195
121900291,415,735,-320
121900292,159,165,-6
121900293,1017,3272,-2255
121900294,327,9,318
121900295,193,220,-27
121900296,53,216,-163
121900298,270,884,-614
121900299,7,13,-6
121900300,114,7,107
121900301,96,4,92
121900302,3,34,-31
121900303,357,391,-34
121900304,2,19,-17
121900305,8,12,-4
121900306,208,3,205
121900307,92,22,70
121900308,36,250,-214
121900309,17,223,-206
121900310,20,357,-337
121900311,522,42,480
121900312,349,35,314
121900313,406,61,345
121900314,3,67,-64
121900315,14,1,13
121900316,0,14,-14
121900317,21,12,9
121900318,2,26,-24
121900319,30,70,-40
121900320,27,64,-37
121900321,21,4,17
121900322,1,21,-20
121900323,26,28,-2
121900324,3,59,-56
121900325,15,1,14
121900326,0,18,-18
121900327,0,55,-55
121900328,0,15,-15
121900329,1,125,-124
121900330,6,22,-16
121900331,71,37,34
121900332,90,24,66
122000001,2307,4986,-2679
122000002,4166,1659,2507
122000003,2316,3097,-781
122000004,3420,1726,1694
122000005,2804,2295,509
122000006,2045,1081,964
122000007,1119,1955,-836
122000008,3836,5466,-1630
122000009,492,524,-32
122000010,2346,3371,-1025
122000011,3575,1618,1957
122000012,1372,1924,-552
122000013,1278,989,289
122000014,1768,1286,482
122000015,1519,1151,368
122000016,527,957,-430
122000017,1336,1069,267
122000018,1585,1414,171
122000019,839,1231,-392
122000020,219,251,-32
122000021,279,535,-256
122000022,1425,1245,180
122000023,758,2100,-1342
122000024,800,1506,-706
122000025,1200,2042,-842
122000026,1134,1318,-184
122000027,626,1902,-1276
122000028,1031,586,445
122000029,630,558,72
122000030,318,198,120
122000031,282,273,9
122000032,1757,1994,-237
122000033,708,1326,-618
122000034,775,746,29
122000035,371,770,-399
122000036,651,547,104
122000037,423,291,132
122000038,308,398,-90
122000039,688,520,168
122000040,296,299,-3
122000041,438,573,-135
122000042,394,519,-125
122000043,144,145,-1
122000044,174,151,23
122000045,1220,566,654
122000046,755,851,-96
122000047,293,261,32
122000048,3842,5015,-1173
122000049,6637,3672,2965
122000050,1574,822,752
122000051,443,362,81
122000052,573,441,132
122000053,189,956,-767
122000054,2716,2218,498
122000055,2332,3507,-1175
122000056,5156,3741,1415
122000057,3351,4094,-743
122000058,2599,1725,874
122000059,3045,1918,1127
122000060,766,634,132
122000061,506,407,99
122000062,873,352,521
122000063,1179,769,410
122000064,3448,2964,484
122000065,4007,2433,1574
122000066,1296,968,328
122000067,1524,1223,301
122000068,1712,1083,629
122000069,774,809,-35
122000070,952,1509,-557
122000071,1805,1452,353
122000072,321,444,-123
122000073,410,715,-305
122000074,3231,1807,1424
122000075,935,1227,-292
122000076,2586,1351,1235
122000077,1176,786,390
122000078,2379,3168,-789
122000079,928,1331,-403
122000080,591,374,217
122000081,167,305,-138
122000082,651,920,-269
122000083,2209,1929,280
122000084,1636,937,699
122000085,330,1114,-784
122000086,2384,5213,-2829
122000087,371,318,53
122000088,386,500,-114
122000089,5081,2536,2545
122000090,302,501,-199
122000091,232,72,160
122000092,200,38,162
122000093,2166,2585,-419
122000094,5841,3104,2737
122000095,2965,4593,-1628
122000096,2446,2035,411
122000098,3737,2893,844
122000099,1735,884,851
122000100,1114,564,550
122000101,481,724,-243
122000102,2076,1392,684
122000103,2336,2023,313
122000104,454,213,241
122000105,678,272,406
122000106,561,662,-101
122000107,1086,522,564
122000108,562,839,-277
122000109,512,304,208
122000110,550,575,-25
122000111,3059,1642,1417
122000112,1155,1433,-278
122000113,748,690,58
122000114,2972,1676,1296
122000115,2038,1409,629
122000116,628,654,-26
122000117,1554,547,1007
122000118,726,1004,-278
122000119,3645,2742,903
122000120,2200,5097,-2897
122000121,2488,3476,-988
122000122,841,2098,-1257
122000123,2162,2194,-32
122000124,1693,747,946
122000125,704,924,-220
122000126,859,1387,-528
122000127,1334,1574,-240
122000128,531,876,-345
122000129,486,1129,-643
122000130,3789,1523,2266
122000131,1796,1355,441
122000132,724,801,-77
122000133,1114,1569,-455
122000134,1171,994,177
122000135,740,745,-5
122000136,1023,758,265
122000137,2179,1154,1025
122000139,1361,4211,-2850
122000140,1044,774,270
122000141,4340,1212,3128
122000142,384,873,-489
122000143,598,562,36
122000144,1831,1520,311
122000145,1317,1113,204
122000146,823,1657,-834
122000147,684,620,64
122000148,1938,2503,-565
122000149,2502,1766,736
122000150,1369,1229,140
122000151,257,438,-181
122000152,476,523,-47
122000153,467,415,52
122000154,249,272,-23
122000155,1587,2745,-1158
122000156,2825,3009,-184
122000157,1581,2731,-1150
122000158,438,869,-431
122000159,1041,2007,-966
122000160,4777,2985,1792
122000161,1322,1279,43
122000162,2385,2214,171
122000163,318,115,203
122000164,47,118,-71
122000165,910,766,144
122000166,925,1082,-157
122000167,329,291,38
122000168,348,604,-256
122000169,380,185,195
122000170,432,276,156
122000171,79,128,-49
122000172,1738,1519,219
122000173,1695,2608,-913
122000174,2383,1154,1229
122000175,1028,274,754
122000176,388,782,-394
122000177,1344,1590,-246
122000178,2970,2518,452
122000179,1933,2548,-615
122000180,1892,1621,271
122000181,1763,3372,-1609
122000182,2263,2074,189
122000183,2371,1126,1245
122000184,3745,2755,990
122000185,1577,1909,-332
122000186,556,824,-268
122000187,2173,1016,1157
122000188,482,265,217
122000189,356,290,66
122000190,950,1142,-192
122000191,1108,868,240
122000192,1189,386,803
122000193,528,898,-370
122000194,583,208,375
122000195,148,563,-415
122000196,1444,752,692
122000197,556,872,-316
122000198,540,1095,-555
122000199,345,333,12
122000200,1125,722,403
122000201,1431,1797,-366
122000202,1589,1807,-218
122000203,2886,1472,1414
122000204,1682,2048,-366
122000205,1364,1522,-158
122000206,2529,1079,1450
122000207,2025,1675,350
122000208,2455,1635,820
122000209,2145,450,1695
122000210,2378,2101,277
122000211,1615,1490,125
122000212,948,576,372
122000213,1390,1458,-68
122000214,2467,2051,416
122000215,2318,1913,405
122000217,2124,1653,471
122000218,886,92,794
122000219,1529,1025,504
122000220,450,741,-291
122000221,84,372,-288
122000222,648,151,497
122000223,1442,587,855
122000225,971,353,618
122000226,2423,1978,445
122000227,363,2376,-2013
122000228,483,506,-23
122000229,23,549,-526
122000230,112,560,-448
122000231,532,916,-384
122000232,891,667,224
122000233,0,60,-60
122000234,439,93,346
122000235,554,170,384
122000236,1450,149,1301
122000237,207,104,103
122000238,546,286,260
122000239,973,158,815
122000240,1273,843,430
122000241,359,382,-23
122000242,962,157,805
122000243,62,29,33
122000244,7,303,-296
122000245,6,111,-105
122000246,32,79,-47
122000247,648,274,374
122000248,925,1630,-705
122000249,935,1019,-84
122000250,2599,1062,1537
122000251,280,550,-270
122000252,615,170,445
122000253,75,304,-229
122000254,429,183,246
122000255,800,1913,-1113
122000256,405,1018,-613
122000257,229,337,-108
122000258,333,343,-10
122000259,15,462,-447
122000260,2,85,-83
122000261,14,262,-248
122000262,0,49,-49
122000263,583,222,361
122000264,1671,423,1248
122000265,2646,1002,1644
122000266,5085,718,4367
122000267,221,135,86
122000268,204,506,-302
122000269,978,480,498
122000270,755,200,555
122000271,339,1195,-856
122000272,436,1046,-610
122000273,544,447,97
122000274,342,229,113
122000275,108,222,-114
122000276,946,650,296
122000277,1415,1742,-327
122000278,2044,845,1199
122000279,359,531,-172
122000280,1010,805,205
122000281,1031,792,239
122000282,258,671,-413
122000283,360,191,169
122000284,274,99,175
122000285,416,120,296
122000286,62,202,-140
122000287,1465,1700,-235
122000288,456,346,110
122000291,2344,840,1504
122000293,248,292,-44
122000294,172,267,-95
122000295,1288,221,1067
122000296,30,410,-380
122000297,2616,3441,-825
122000299,658,436,222
122000300,546,569,-23
122000301,9726,3208,6518
122000302,506,1474,-968
122000303,3076,1407,1669
122000304,134,261,-127
122000305,1287,308,979
122000306,43,545,-502
122000307,123,153,-30
122000309,68,44,24
122000310,21,138,-117
122000311,267,168,99
122000312,148,197,-49
122000313,146,103,43
122000314,145,243,-98
122000315,272,73,199
122000316,1106,216,890
122000317,1915,305,1610
122000318,341,786,-445
122000319,182,344,-162
122000320,329,1268,-939
122000321,118,187,-69
122000322,2290,2136,154
122000323,1523,2442,-919
122000324,1089,1138,-49
122000325,949,1687,-738
122000326,98,110,-12
122000327,569,835,-266
122000328,959,777,182
122000330,2248,1057,1191
122000332,281,435,-154
122000333,16,131,-115
122000337,1259,1588,-329
122000338,588,432,156
122000340,447,621,-174
122000342,1445,877,568
122000343,307,344,-37
122000344,52,23,29
122000345,88,43,45
122000346,273,67,206
122000348,904,762,142
122000349,183,742,-559
122000351,167,175,-8
122000352,369,195,174
122000353,93,72,21
122000355,147,302,-155
122000356,1454,1459,-5
122000357,116,28,88
122000358,0,62,-62
122000359,0,46,-46
122000360,0,66,-66
122000362,16,90,-74
122000364,199,385,-186
122000365,4,27,-23
122000366,14,10,4
122000368,531,778,-247
122000370,37,68,-31
122000371,19,3,16
122000372,13,4,9
122000381,127,388,-261
122000382,93,222,-129
122000384,2563,1227,1336
122000385,79,1,78
122000386,340,1538,-1198
122000387,572,760,-188
122000388,1456,797,659
122000389,218,686,-468
122000390,361,238,123
122000391,383,239,144
122000392,408,279,129
122000393,52,161,-109
122000394,666,273,393
122000395,169,144,25
122000396,359,148,211
122000397,17,67,-50
122000398,18,44,-26
122000399,152,96,56
122000400,194,633,-439
122000401,130,112,18
122000402,372,129,243
122000403,574,733,-159
122000404,238,255,-17
122000408,803,1103,-300
122000503,20,125,-105
122000524,273,216,57
122000544,123,2313,-2190
122000616,371,2,369
122000640,120,137,-17
122000641,136,324,-188
122000642,1030,924,106
122000643,54,151,-97
122000644,140,39,101
122000645,137,152,-15
122000651,1427,963,464
122000664,156,36,120
122000665,1364,534,830
122000666,776,1213,-437
122000673,42,251,-209
122000674,202,74,128
122000675,1952,889,1063
122000686,435,1076,-641
122000687,1384,311,1073
122000688,468,555,-87
122000689,1008,424,584
122000690,2255,509,1746
122000691,1129,1494,-365
122000692,1392,450,942
122000693,468,1681,-1213
122000695,391,393,-2
122000696,518,274,244
122000698,505,547,-42
122000699,193,150,43
122000701,1286,326,960
122000702,455,1074,-619
122000703,183,78,105
122000717,58,51,7
122000718,185,739,-554
122000719,163,109,54
122000720,510,196,314
122900001,63,8,55
122900002,1152,5111,-3959
122900003,392,58,334
122900004,1836,94,1742
122900005,139,105,34
122900006,858,918,-60
122900007,95,128,-33
122900008,619,141,478
122900009,1155,593,562
122900010,345,166,179
122900012,232,574,-342
122900014,182,253,-71
122900015,1958,1436,522
122900016,126,327,-201
122900017,321,948,-627
122900018,222,28,194
122900019,11,145,-134
122900020,244,565,-321
122900021,39,510,-471
122900022,1123,842,281
122900023,680,270,410
122900024,180,158,22
122900025,25,430,-405
122900026,62,270,-208
122900027,107,667,-560
122900028,291,600,-309
122900029,5079,3485,1594
122900030,1107,718,389
122900031,57,294,-237
122900032,158,482,-324
122900033,214,176,38
122900034,4872,5748,-876
122900035,111,74,37
122900036,107,122,-15
122900037,433,172,261
122900038,133,3002,-2869
122900039,100,569,-469
122900040,289,593,-304
122900041,346,420,-74
122900042,254,307,-53
122900043,468,265,203
122900044,193,382,-189
122900045,117,146,-29
122900046,221,297,-76
122900047,150,175,-25
122900048,86,194,-108
122900049,1471,194,1277
122900051,102,169,-67
122900052,103,134,-31
122900053,18,31,-13
122900055,495,152,343
122900057,287,87,200
122900061,515,228,287
122900062,679,638,41
122900063,196,299,-103
122900064,924,544,380
122900065,659,349,310
122900066,914,507,407
122900067,1144,772,372
122900068,129,323,-194
122900069,420,1358,-938
122900070,428,62,366
122900071,123,417,-294
122900072,19,560,-541
122900073,31,269,-238
122900074,875,659,216
122900075,1,70,-69
122900076,10,196,-186
122900077,1,152,-151
122900078,271,95,176
122900080,45,36,9
122900081,252,227,25
122900082,1247,329,918
122900083,173,248,-75
122900084,6,260,-254
122900086,12,154,-142
122900087,333,521,-188
122900088,40,196,-156
122900089,81,338,-257
122900090,10,386,-376
122900091,272,2,270
122900092,1,176,-175
122900093,1,220,-219
122900094,4,150,-146
122900095,146,10,136
122900096,400,158,242
122900097,29,39,-10
122900098,59,111,-52
122900099,30,20,10
122900100,220,435,-215
122900101,456,282,174
123000001,1528,503,1025
123000002,3814,5585,-1771
123000003,4106,4011,95
123000004,3232,4153,-921
123000005,3106,2949,157
123000006,2551,2542,9
123000007,3186,2698,488
123000008,2417,2865,-448
123000009,5041,2969,2072
123000010,3684,3804,-120
123000011,2335,840,1495
123000012,725,2146,-1421
123000013,3851,973,2878
123000014,771,3477,-2706
123000015,4132,1105,3027
123000016,4319,5030,-711
123000017,3242,1776,1466
123000018,59,88,-29
123000019,343,154,189
123000020,220,76,144
123000021,141,202,-61
123000022,330,1632,-1302
123000023,1787,1788,-1
123000024,1662,720,942
123000025,116,148,-32
123000026,168,113,55
123000027,204,778,-574
123000028,1888,834,1054
123000029,935,1802,-867
123000030,288,351,-63
123000031,402,261,141
123000032,507,163,344
123000033,267,79,188
123000034,1212,807,405
123000035,552,435,117
123000036,404,909,-505
123000037,320,462,-142
123000038,143,191,-48
123000039,522,1578,-1056
123000040,779,454,325
123000041,1282,1251,31
123000042,993,761,232
123000043,3483,11425,-7942
123000044,5315,3125,2190
123000045,8614,3571,5043
123000046,807,1877,-1070
123000047,2235,1150,1085
123000048,107,955,-848
123000049,7519,11786,-4267
123000050,1810,1568,242
123000051,118,192,-74
123000052,999,3883,-2884
123000053,2825,3788,-963
123000054,1545,1935,-390
123000055,1828,2751,-923
123000056,1259,1839,-580
123000057,12748,8500,4248
123000058,861,1096,-235
123000059,559,615,-56
123000060,1002,476,526
123000061,291,864,-573
123000063,971,1054,-83
123000064,1137,290,847
123000065,5255,3341,1914
123000066,759,572,187
123000067,908,615,293
123000068,2887,3043,-156
123000069,7521,3437,4084
123000070,272,764,-492
123000071,1292,997,295
123000072,1321,993,328
123000073,1411,840,571
123000074,1111,1214,-103
123000075,407,1315,-908
123000076,1056,771,285
123000077,1916,2665,-749
123000078,1846,1649,197
123000079,1836,1974,-138
123000080,2598,1827,771
123000081,210,464,-254
123000082,390,1171,-781
123000083,1061,281,780
123000084,749,458,291
123000085,337,67,270
123000086,581,165,416
123000087,418,306,112
123000088,1431,833,598
123000089,612,1204,-592
123000090,1284,923,361
123000091,1610,1299,311
123000092,915,1130,-215
123000094,704,247,457
123000095,730,683,47
123000096,598,410,188
123000097,621,622,-1
123000098,646,522,124
123000099,570,604,-34
123000100,556,920,-364
123000101,726,876,-150
123000102,487,635,-148
123000104,514,498,16
123000105,665,515,150
123000106,513,536,-23
123000107,426,561,-135
123000108,699,1097,-398
123000111,1027,412,615
123000112,1485,647,838
123000113,482,1369,-887
123000114,395,587,-192
123000115,349,267,82
123000116,36,81,-45
123000117,2134,1901,233
123000118,554,968,-414
123000119,346,848,-502
123000120,375,869,-494
123000121,568,543,25
123000122,390,309,81
123000123,440,568,-128
123000124,483,542,-59
123000125,1171,1270,-99
123000126,1394,5131,-3737
123000127,721,609,112
123000128,357,350,7
123000129,859,280,579
123000130,823,103,720
123000131,1137,709,428
123000132,388,613,-225
123000133,281,332,-51
123000134,370,168,202
123000135,2687,1420,1267
123000136,272,819,-547
123000137,153,291,-138
123000138,123,433,-310
123000139,693,131,562
123000140,153,892,-739
123000141,1041,162,879
123000142,1078,1045,33
123000143,1054,1769,-715
123000144,26,29,-3
123000145,192,317,-125
123000146,79,101,-22
123000147,92,121,-29
123000149,422,407,15
123000150,142,259,-117
123000151,279,578,-299
123000152,63,502,-439
123000153,156,704,-548
123000154,1487,1725,-238
123000155,2301,1260,1041
123000156,35,138,-103
123000157,638,830,-192
123000158,634,794,-160
123000159,3577,2961,616
123000160,1251,827,424
123000161,2056,1399,657
123000162,1179,1928,-749
123000163,577,149,428
123000164,1865,310,1555
123000165,465,1421,-956
123000166,50,162,-112
123000167,172,256,-84
123000168,263,252,11
123000169,963,190,773
123000170,55,318,-263
123000171,959,41,918
123000172,252,548,-296
123000173,767,346,421
123000174,1248,553,695
123000175,707,1359,-652
123000176,1393,381,1012
123000177,377,1103,-726
123000178,904,192,712
123000179,59,583,-524
123000180,1830,314,1516
123000181,372,1220,-848
123000182,183,455,-272
123000183,130,530,-400
123000184,120,572,-452
123000185,900,315,585
123000186,1,587,-586
123000187,772,5,767
123000188,192,2,190
123000189,222,171,51
123000190,68,81,-13
123000192,22,402,-380
123000193,72,878,-806
123000194,414,348,66
123000195,408,45,363
123000196,376,29,347
123000197,61,165,-104
123000198,35,510,-475
123000199,14,614,-600
123000200,634,14,620
123000201,1330,32,1298
123000202,20,1053,-1033
123000203,1219,109,1110
123000204,98,1004,-906
123000205,580,1492,-912
123000206,2575,278,2297
123000207,137,738,-601
123000208,634,256,378
123000209,2474,810,1664
123000210,560,1964,-1404
123000211,608,2440,-1832
123000212,3705,598,3107
123000213,742,107,635
123000215,127,231,-104
123000216,214,500,-286
123000217,294,44,250
123000218,66,942,-876
123000219,918,81,837
123000220,540,120,420
123000221,171,123,48
123000222,499,487,12
123000223,452,336,116
123000224,531,480,51
123000225,296,88,208
123000226,73,305,-232
123000227,86,341,-255
123000228,364,80,284
123000229,1066,1468,-402
123000232,110,590,-480
123000233,904,210,694
123000234,223,621,-398
123000235,1151,382,769
123000236,345,742,-397
123000237,345,102,243
123000238,109,508,-399
123000239,525,1295,-770
123000240,73,509,-436
123000241,633,94,539
123000242,210,175,35
123000243,712,904,-192
123000244,980,824,156
123000245,59,160,-101
123000249,268,518,-250
123000252,1026,341,685
123000253,1389,591,798
123000254,815,1106,-291
123000255,1459,1167,292
123000256,27,286,-259
123000257,2975,2154,821
123000258,1070,779,291
123000259,446,425,21
123000260,515,448,67
123000261,338,175,163
123000262,133,191,-58
123000263,476,151,325
123000264,237,113,124
123000265,56,136,-80
123000266,692,805,-113
123000267,758,440,318
123000268,34,50,-16
123000269,57,49,8
123000270,39,48,-9
123000271,57,53,4
123000272,707,241,466
123000273,266,663,-397
123000274,1287,625,662
123000275,353,848,-495
123000278,2834,2642,192
123000279,110,86,24
123000280,343,303,40
123000281,370,156,214
123000282,198,319,-121
123000283,124,57,67
123000284,59,82,-23
123000286,261,402,-141
123000287,596,313,283
123000288,1743,1050,693
123000289,525,1147,-622
123000291,382,918,-536
123000294,207,311,-104
123000295,1117,1012,105
123000296,721,407,314
123000297,216,208,8
123000298,254,145,109
123000299,10,67,-57
123000300,1124,905,219
123000301,153,302,-149
123000302,114,174,-60
123000303,132,164,-32
123000305,910,892,18
123000306,157,147,10
123000309,47,68,-21
123000310,63,40,23
123000311,0,83,-83
123000312,410,823,-413
123000313,667,239,428
123000315,259,333,-74
123000316,919,73,846
123000317,229,56,173
123000318,86,179,-93
123000329,24,21,3
123000337,1024,392,632
123000338,373,48,325
123000339,347,174,173
123000340,175,367,-192
123000342,19,31,-12
123000343,59,9,50
123000344,1249,543,706
123000345,413,758,-345
123000346,325,37,288
123000352,1357,962,395
123000353,31,157,-126
123000354,293,20,273
123000355,1,326,-325
123000356,408,6,402
123000357,0,132,-132
123000359,1,142,-141
123000360,244,71,173
123000361,237,327,-90
123000362,530,119,411
123000363,91,206,-115
123000364,514,568,-54
123000365,24,414,-390
123000366,452,2095,-1643
123000367,312,1032,-720
123000370,21,249,-228
123000371,389,39,350
123000372,423,34,389
123000373,7,422,-415
123000374,12,197,-185
123000375,394,37,357
123000376,1013,639,374
123000377,538,25,513
123000378,10,265,-255
123000379,3,275,-272
123000380,64,449,-385
123000381,137,108,29
123000382,1298,108,1190
123000383,198,1417,-1219
123000384,500,170,330
123000385,160,555,-395
123000436,36,1039,-1003
123000507,90,185,-95
123000508,157,1064,-907
123000517,276,35,241
123000518,32,229,-197
123000519,172,59,113
123000520,52,247,-195
123000521,404,96,308
123000522,143,367,-224
123000541,11,1,10
123000542,0,12,-12
123000565,840,52,788
123000566,308,428,-120
123000567,127,207,-80
123000573,31,823,-792
123000574,914,50,864
123000575,1538,1037,501
123000576,1167,1376,-209
123000577,98,704,-606
123000578,452,100,352
123000579,2095,5637,-3542
123000580,130,45,85
123000582,412,43,369
123000583,33,423,-390
123000584,161,374,-213
123000585,1,92,-91
123000586,150,43,107
123000596,131,86,45
123000597,74,167,-93
123000602,52,20,32
123000603,771,522,249
123000604,454,700,-246
123000605,713,116,597
123000606,2,316,-314
123000609,16,326,-310
123000610,220,159,61
123000613,26,207,-181
123000614,254,66,188
123000615,49,112,-63
123000616,762,64,698
123000617,129,383,-254
123000618,110,636,-526
123000619,668,59,609
123000620,27,430,-403
123000622,513,25,488
123000624,173,37,136
123000630,1024,367,657
123000631,264,895,-631
123000632,744,860,-116
123000633,1,145,-144
123000634,54,123,-69
123000635,70,99,-29
123000636,37,470,-433
123000637,84,53,31
123000638,460,33,427
123000639,1103,4335,-3232
123000640,22,419,-397
123900001,1116,31,1085
123900002,17,1143,-1126
123900003,373,396,-23
123900005,278,202,76
123900006,279,48,231
124000001,2208,205,2003
124000002,68,1738,-1670
124000003,1115,190,925
124000004,104,516,-412
124000005,1271,545,726
124000006,280,1002,-722
124000007,513,98,415
124000008,13,518,-505
124000009,620,300,320
124000010,294,440,-146
124000011,1128,402,726
124000012,423,605,-182
124000017,157,159,-2
124000018,149,56,93
124000019,144,169,-25
124000020,72,135,-63
124000021,113,130,-17
124000022,80,215,-135
124000023,1386,1720,-334
124000024,1110,410,700
124000025,1168,1911,-743
124000026,1032,890,142
124000027,5118,5766,-648
124000028,2226,4399,-2173
124000030,2601,1446,1155
124000031,1443,3018,-1575
124000032,2314,951,1363
124000033,204,228,-24
124000034,738,513,225
124000035,55,248,-193
124000036,46,137,-91
124000037,538,1515,-977
124000038,52,88,-36
124000039,1170,660,510
124000040,697,1595,-898
124000041,500,76,424
124000042,113,521,-408
124000043,82,94,-12
124000044,52,267,-215
124000045,867,584,283
124000046,343,586,-243
124000047,1923,909,1014
124000048,1219,1376,-157
124000049,1866,689,1177
124000050,871,1775,-904
124000051,1091,594,497
124000052,813,976,-163
124000053,594,1424,-830
124000054,1123,576,547
124000055,1512,2801,-1289
124000056,2531,1474,1057
124000057,930,602,328
124000058,406,1128,-722
124000059,632,1273,-641
124000060,1102,640,462
124000061,1230,5172,-3942
124000062,3715,1703,2012
124000063,1252,1672,-420
124000064,2167,1330,837
124000065,15,418,-403
124000066,60,40,20
124000067,185,206,-21
124000068,30,25,5
124000069,191,6,185
124000070,79,120,-41
124000071,332,142,190
124000072,226,384,-158
124000073,1049,180,869
124000074,234,625,-391
124000075,444,29,415
124000076,6,177,-171
124000077,1360,1183,177
124000078,3194,1627,1567
124000079,464,1974,-1510
124000080,530,239,291
124000081,236,573,-337
124000082,42,181,-139
124000083,46,100,-54
124000084,72,308,-236
124000085,161,28,133
124000086,141,99,42
124000087,129,88,41
124000088,268,459,-191
124000089,1131,570,561
124000090,123,266,-143
124000091,375,85,290
124000092,66,333,-267
124000093,143,83,60
124000094,220,550,-330
124000095,123,87,36
124000096,145,290,-145
124000097,78,110,-32
124000098,63,86,-23
124000099,172,74,98
124000100,82,76,6
124000101,91,135,-44
124000102,72,79,-7
124000103,113,109,4
124000104,84,44,40
124000105,64,101,-37
124000106,138,51,87
124000107,20,157,-137
124000108,69,25,44
124000109,88,108,-20
124000110,171,86,85
124000111,186,154,32
124000112,705,609,96
124000113,91,111,-20
124000114,291,470,-179
124000115,384,624,-240
124000116,111,125,-14
124000117,55,101,-46
124000118,38,83,-45
124000119,837,618,219
124000120,672,417,255
124000121,1252,687,565
124000122,596,1324,-728
124000123,1201,546,655
124000124,378,1090,-712
124000125,523,548,-25
124000126,347,656,-309
124000127,951,368,583
124000128,566,934,-368
124000129,2331,1736,595
124000130,906,691,215
124000131,946,749,197
124000132,953,845,108
124000133,788,912,-124
124000134,1014,690,324
124000135,2041,2004,37
124000136,1048,1115,-67
124000137,1421,1082,339
124000138,2294,1542,752
124000139,610,33,577
124000140,49,399,-350
124000141,145,27,118
124000142,24,181,-157
124000143,76,24,52
124000144,10,41,-31
124000145,172,80,92
124000146,102,69,33
124000148,57,157,-100
124000149,1427,547,880
124000150,435,894,-459
124000151,760,192,568
124000152,672,1153,-481
124000153,877,565,312
124000154,432,635,-203
124000155,1277,800,477
124000156,1281,879,402
124000169,238,508,-270
124000170,603,490,113
124000171,335,304,31
124000172,451,624,-173
124000173,616,242,374
124000174,320,597,-277
124000175,13,102,-89
124000176,85,26,59
124000177,16,29,-13
124000178,43,112,-69
124000190,31,28,3
124000191,61,47,14
124000192,1534,386,1148
124000193,402,923,-521
124000194,433,493,-60
124000195,289,590,-301
124000196,973,936,37
124000197,77,58,19
124000198,56,56,0
124000201,356,962,-606
124000202,634,529,105
124000203,518,487,31
124000204,1032,315,717
124000205,130,443,-313
124000206,844,372,472
124000207,0,81,-81
124000209,232,371,-139
124000210,598,266,332
124000211,760,3,757
124000212,0,343,-343
124000213,478,276,202
124000214,422,497,-75
124000215,384,51,333
124000216,2,325,-323
124000329,294,1366,-1072
124000338,214,656,-442
124000339,1288,172,1116
124000341,1563,117,1446
124000344,79,24,55
124000357,1069,2075,-1006
124000358,928,1301,-373
124000359,1517,792,725
124000360,1007,517,490
124000361,1797,806,991
124000362,1121,1519,-398
124000363,288,401,-113
124000364,620,1064,-444
124000365,569,1122,-553
124000366,1307,871,436
124000367,118,492,-374
124000368,555,389,166
124000369,154,115,39
124000370,57,527,-470
124000402,61,19,42
124000403,121,14,107
124000404,24,109,-85
124000405,1260,899,361
124000406,860,968,-108
124000407,6,49,-43
124000411,8,291,-283
124000412,502,11,491
124000413,159,21,138
124000414,81,92,-11
124000415,68,107,-39
124000416,142,186,-44
124000417,153,99,54
124000418,150,78,72
124000419,87,98,-11
124000420,88,56,32
124000421,50,113,-63
124000422,39,18,21
124000423,178,35,143
124000424,4,48,-44
124000425,54,17,37
124000426,1,33,-32
124000427,49,5,44
124000428,17,56,-39
124000429,86,68,18
124000430,718,560,158
124000431,281,608,-327
124000432,299,608,-309
124000439,0,1,-1
124000442,12,133,-121
124000443,1,8,-7
124000445,87,434,-347
124000446,613,61,552
124900001,446,392,54
124900002,225,298,-73
124900003,1116,475,641
124900004,626,267,359
124900005,288,164,124
124900006,682,241,441
124900008,1181,488,693
124900009,250,694,-444
124900010,233,192,41
124900011,900,291,609
124900012,946,230,716
124900013,504,149,355
124900014,414,78,336
124900015,210,616,-406
124900016,92,177,-85
124900017,681,1588,-907
124900018,52,6,46
124900019,591,25,566
124900020,151,80,71
124900021,411,65,346
124900022,60,4,56
124900024,264,4,260
124900026,140,33,107
124900027,114,543,-429
124900028,487,130,357
124900029,16,462,-446
124900030,8,159,-151
124900031,98,371,-273
124900032,241,259,-18
124900033,121,336,-215
124900034,22,100,-78
124900035,176,573,-397
124900036,0,71,-71
124900037,188,323,-135
124900038,280,203,77
124900039,1,75,-74
124900040,174,142,32
124900041,199,687,-488
124900042,93,0,93
124900043,404,725,-321
124900044,92,3,89
124900045,684,1020,-336
124900046,1649,368,1281
124900047,184,177,7
124900048,187,130,57
124900050,135,188,-53
124900052,160,766,-606
124900053,216,297,-81
124900054,1405,566,839
124900055,1,218,-217
124900057,7,38,-31
124900060,86,185,-99
124900061,127,12,115
124900062,249,12,237
124900066,0,14,-14
124900067,4,95,-91
124900068,362,1153,-791
124900069,187,188,-1
124900070,127,39,88
124900072,192,28,164
124900074,572,196,376
124900075,227,183,44
124900076,29,1251,-1222
124900077,47,108,-61
124900078,115,31,84
124900079,526,174,352
124900080,265,467,-202
124900081,854,274,580
124900082,305,516,-211
124900083,173,413,-240
124900084,1387,121,1266
124900085,919,551,368
124900086,94,1455,-1361
124900087,530,158,372
124900088,609,112,497
124900089,1244,20,1224
124900090,381,329,52
124900091,366,343,23
124900092,255,257,-2
124900093,449,271,178
124900094,499,299,200
124900095,133,613,-480
124900096,594,364,230
124900097,391,68,323
124900098,125,359,-234
124900099,898,588,310
124900100,346,69,277
124900101,58,428,-370
124900102,303,21,282
124900103,127,188,-61
124900104,48,162,-114
124900105,122,117,5
124900106,558,72,486
124900107,141,21,120
124900108,144,84,60
124900109,99,112,-13
124900110,397,289,108
124900111,0,74,-74
124900112,49,786,-737
129000186,157,47,110
204000001,41,0,41
204000002,9,2,7
204000003,35,4,31
204000004,0,0,0
204000005,562,424,138
204000006,1302,942,360
204000008,1023,616,407
204000011,8,52,-44
204000012,55,81,-26
204000013,5,27,-22
204000019,579,485,94
204000020,632,449,183
204000021,1095,689,406
204000022,496,437,59
204000023,563,674,-111
204000031,29,6,23
204000032,306,21,285
204000034,28,228,-200
204000035,1,4,-3
204000036,4,14,-10
204000037,2,17,-15
204000038,1,8,-7
204000039,6,22,-16
204000040,0,15,-15
204000041,7,27,-20
204000042,75,5,70
204000043,39,5,34
204000044,34,2,32
204000045,61,7,54
204000046,9,1,8
204000057,2,24,-22
204000062,3,10,-7
204000068,23,205,-182
204000069,8,233,-225
204000070,60,35,25
204000080,45,39,6
204000085,2241,2024,217
204000086,2127,1729,398
204000087,36,4,32
204000088,5,75,-70
204000090,18,292,-274
204000093,359,61,298
204000096,758,990,-232
204000097,566,10,556
204000099,1092,1287,-195
204000100,1523,1823,-300
204000105,2385,1567,818
204000110,516,826,-310
204000111,502,542,-40
204000112,752,525,227
204000113,675,633,42
204000114,1211,565,646
204000115,503,295,208
204000116,619,456,163
204000119,2009,2844,-835
204000132,658,265,393
204000133,758,195,563
204000134,237,99,138
204000135,484,44,440
204000136,701,166,535
204000138,469,371,98
204000140,213,135,78
204000141,144,64,80
204000144,2,10,-8
204000145,554,47,507
204000146,20,317,-297
204000147,23,113,-90
204000148,183,22,161
204000154,7,3,4
204000155,4,2,2
204000177,95,36,59
204000179,31,6,25
204000180,0,22,-22
204000222,3,13,-10
204000235,12,17,-5
204000236,51,209,-158
204000238,47,24,23
204000240,326,78,248
204000308,204,11,193
204000317,12,56,-44
204000322,1,42,-41
204000323,16,6,10
204000328,255,44,211
204000329,29,215,-186
204000330,143,13,130
204000331,53,87,-34
204010341,2,178,-176
205000001,648,1640,-992
205000013,5,78,-73
205000014,9,93,-84
205000015,28,200,-172
205000016,16,163,-147
205000017,13,83,-70
205000022,243,752,-509
205000025,1062,999,63
205000029,175,11,164
205000045,128,344,-216
205000047,59,354,-295
205000048,270,706,-436
205000049,204,720,-516
205000050,420,256,164
205000059,0,158,-158
205000060,0,81,-81
205000061,8,90,-82
205000062,3,95,-92
205000063,10,119,-109
205000064,20,77,-57
205000065,44,511,-467
205000066,105,501,-396
205000067,37,680,-643
205000069,161,16,145
205000082,184,162,22
205000110,54,210,-156
205000111,163,196,-33
205000112,210,307,-97
205000113,205,316,-111
205000121,349,51,298
205000123,61,201,-140
205000126,410,90,320
205000127,686,133,553
205000128,411,51,360
205000129,588,63,525
205000130,194,36,158
205000131,133,10,123
205000132,152,8,144
205000133,99,0,99
205000134,301,1,300
205000137,98,144,-46
205000138,166,304,-138
205000139,27,106,-79
205000144,69,116,-47
205000145,438,182,256
205000151,222,21,201
205000152,226,13,213
205000153,337,18,319
205000154,163,48,115
205000155,128,9,119
205000207,8,164,-156
205000233,7,0,7
205000234,0,0,0
205000243,0,1,-1
205000244,0,3,-3
205000245,10,164,-154
205000249,0,19,-19
205000250,12,3,9
205000251,46,312,-266
205000264,4,95,-91
206000027,5,5,0
206000028,10,6,4
206000043,10,61,-51
206000053,3,12,-9
206000054,1,11,-10
206000055,0,23,-23
206000075,5,13,-8
206000076,12,7,5
206000077,26,3,23
206000078,21,10,11
206000079,17,4,13
206000082,394,76,318
206000100,38,477,-439
206000103,2,9,-7
206000104,7,18,-11
206000105,6,9,-3
206000106,9,34,-25
206000108,722,43,679
206000125,49,0,49
206000157,49,556,-507
206000170,0,153,-153
206000171,4,168,-164
206000172,15,371,-356
206000173,2,147,-145
206000174,12,61,-49
206000175,1,79,-78
206000176,27,141,-114
206000177,2,120,-118
206000178,7,144,-137
206000179,8,162,-154
206000180,9,172,-163
206000181,1,105,-104
206000182,8,105,-97
206000183,21,464,-443
206000184,1,318,-317
206000185,9,149,-140
206000186,130,758,-628
206000223,7,224,-217
206000226,23,3,20
206000227,25,3,22
206000237,21,267,-246
206000238,39,368,-329
206000239,176,1652,-1476
206000240,0,60,-60
206000241,1,95,-94
206000242,11,205,-194
206000243,5,126,-121
206000244,33,423,-390
206000245,773,77,696
206000246,225,22,203
206000247,223,9,214
206000248,349,25,324
206000252,59,40,19
206000258,20,54,-34
206000315,19,2,17
206000317,455,115,340
206000318,365,39,326
206000319,1377,99,1278
206000320,170,49,121
206000321,239,23,216
206000322,620,24,596
206000323,176,8,168
206000324,233,6,227
206000325,223,13,210
206000326,208,5,203
206000327,126,12,114
206000328,185,4,181
206000329,306,4,302
206000330,49,5,44
206000331,220,2,218
206000332,46,0,46
206000333,661,2,659
206000334,239,2,237
206000335,0,8,-8
206000361,1,151,-150
206000392,0,27,-27
206000405,128,0,128
206000441,34,23,11
206000498,31,3,28
206000515,125,40,85
206000530,222,61,161
206000531,156,235,-79
206000532,1566,345,1221
206000535,284,1521,-1237
206000536,14,163,-149
206000537,17,133,-116
206000613,1610,238,1372
207000001,130,591,-461
207000002,138,304,-166
207000003,155,165,-10
207000007,856,233,623
207000008,95,7,88
207000009,38,28,10
207000010,383,345,38
207000012,382,240,142
207000015,246,983,-737
207000019,248,73,175
207000021,613,157,456
207000022,144,118,26
207000023,220,35,185
207000024,2,14,-12
207000025,28,45,-17
207000026,61,40,21
207000027,13,79,-66
207000028,84,181,-97
207000029,175,413,-238
207000033,206,480,-274
207000034,300,108,192
207000039,525,155,370
207000040,428,101,327
207000041,107,52,55
207000042,246,36,210
207000043,213,173,40
207000051,131,230,-99
207000052,8,101,-93
207000053,359,462,-103
207000054,57,93,-36
207000055,170,98,72
207000056,333,283,50
207000057,138,236,-98
207000058,174,219,-45
207000059,86,336,-250
207000060,53,117,-64
207000061,127,445,-318
207000062,230,20,210
207000063,277,95,182
207000064,419,191,228
207000065,378,244,134
207000066,217,157,60
207000067,59,98,-39
207000068,136,86,50
207000069,791,396,395
207000082,12,180,-168
207000083,64,185,-121
207000084,225,233,-8
207000085,225,16,209
207000086,190,4,186
207000106,45,39,6
207000107,46,20,26
207000108,59,18,41
207000109,68,12,56
207000110,83,83,0
207000111,68,102,-34
207000112,133,543,-410
207000114,25,49,-24
207000115,28,63,-35
207000116,17,374,-357
207000117,12,86,-74
207000118,6,68,-62
207000119,46,76,-30
207000123,165,15,150
207000124,69,19,50
207000125,67,40,27
207000126,67,56,11
207000134,46,128,-82
207000135,19,182,-163
207000148,74,343,-269
207000149,70,35,35
207000152,101,347,-246
207000153,848,1273,-425
207000154,333,134,199
207000159,85,251,-166
207000160,152,370,-218
207000238,1,136,-135
207000242,3,141,-138
207000248,38,36,2
207000249,122,45,77
207000250,470,63,407
207000251,95,83,12
207000252,55,53,2
207000278,83,81,2
207000279,51,112,-61
207000280,652,65,587
207000281,102,621,-519
207000282,148,96,52
207000283,88,181,-93
207000284,57,164,-107
207000285,73,47,26
207000291,12,85,-73
207000304,112,56,56
207000306,89,421,-332
207000310,84,96,-12
207000353,229,3,226
207000356,11,61,-50
207000357,7,23,-16
207000415,3,152,-149
207000417,55,5,50
207000437,0,3,-3
207000439,869,775,94
207000446,189,7,182
207000460,39,5,34
207000466,166,138,28
207000476,3,52,-49
207000477,850,83,767
207000523,0,8,-8
207000524,32,1,31
207000527,147,145,2
207000530,448,15,433
207000531,367,8,359
207000532,146,20,126
207000534,364,55,309
207000535,33,292,-259
207000537,139,78,61
207000540,5,212,-207
207000541,3,272,-269
207000548,4,175,-171
207000549,218,8,210
207000561,135,184,-49
207000562,27,148,-121
207000567,132,199,-67
207000568,216,86,130
207000569,533,650,-117
207000584,339,188,151
207000585,78,337,-259
207000616,0,77,-77
207000617,145,1,144
207900008,227,123,104
208000001,585,1044,-459
208000002,766,532,234
208000003,1223,410,813
208000004,1118,629,489
208000005,4,22,-18
208000019,718,1012,-294
208000020,179,464,-285
208000021,312,354,-42
208000022,1200,495,705
208000028,1208,876,332
208000033,702,509,193
208000034,1388,1175,213
208000040,241,153,88
208000041,818,651,167
208000042,1437,675,762
208000047,160,212,-52
208000064,2537,1607,930
208000066,1655,2900,-1245
208000070,402,346,56
208000071,450,737,-287
208000072,379,1185,-806
208000080,302,308,-6
208000081,338,146,192
208000082,283,241,42
208000083,120,368,-248
208000084,24,24,0
208000085,740,517,223
208000086,404,959,-555
208000087,442,710,-268
208000089,1036,320,716
208000090,1056,595,461
208000093,140,147,-7
208000094,623,366,257
208000095,763,480,283
208000104,987,802,185
208000105,712,907,-195
208000114,103,415,-312
208000115,579,334,245
208000116,555,1074,-519
208000117,101,172,-71
208000118,89,152,-63
208000155,613,1102,-489
208000158,1347,3891,-2544
208000186,3844,4926,-1082
208000204,672,1021,-349
208000205,1183,812,371
208000282,5795,3653,2142
209000004,346,167,179
209000005,64,29,35
209000006,405,228,177
209000007,249,341,-92
209000010,417,144,273
209000011,202,275,-73
209000012,141,126,15
209000013,226,301,-75
209000014,456,935,-479
209000025,304,49,255
209000026,736,61,675
209000027,411,706,-295
209000028,365,676,-311
209000029,500,699,-199
209000030,413,1230,-817
209000031,2164,1932,232
209000034,220,190,30
209000035,142,167,-25
209000036,180,128,52
209000037,287,190,97
209000038,117,147,-30
209000039,68,145,-77
209000040,264,523,-259
209000041,173,414,-241
209000042,250,357,-107
209000043,698,863,-165
209000044,225,845,-620
209000045,1298,557,741
209000046,586,492,94
209000047,450,183,267
209000048,576,356,220
209000049,98,81,17
209000050,141,112,29
209000051,224,230,-6
209000052,121,173,-52
209000062,56,79,-23
209000063,57,80,-23
209000064,56,77,-21
209000065,91,20,71
209000066,80,32,48
209000067,95,35,60
209000080,37,216,-179
209000082,134,45,89
209000091,31,139,-108
209000093,46,28,18
209000094,166,185,-19
209000110,35,138,-103
209000111,573,1350,-777
209000112,1006,390,616
209000113,1575,544,1031
209000114,732,462,270
209000115,57,65,-8
209000116,364,363,1
209000118,21,46,-25
209000119,22,14,8
209000121,103,427,-324
209000135,88,205,-117
209000142,651,1534,-883
209000143,84,72,12
209000144,57,160,-103
209000229,277,158,119
209000240,33,224,-191
209000259,66,59,7
209000260,27,1256,-1229
209000261,2,865,-863
209000262,0,474,-474
209000263,0,102,-102
209000264,0,84,-84
209000265,525,3,522
209000266,169,1,168
209000267,1843,11,1832
209000268,841,61,780
210000037,65,20,45
210000047,70,23,47
210000048,114,17,97
210000049,66,21,45
210000052,45,74,-29
210000053,29,29,0
210000054,44,70,-26
210000070,216,2,214
210000071,144,2,142
210000072,60,1,59
210000073,0,21,-21
210000074,4,82,-78
210000075,1,114,-113
210000076,13,161,-148
210000077,8,36,-28
210000078,32,33,-1
210000079,27,14,13
210000080,93,44,49
210000081,231,42,189
210000082,188,1,187
210000083,79,0,79
210000084,33,0,33
210000085,2,53,-51
210000086,3,104,-101
210000099,45,231,-186
210000100,65,127,-62
210000101,74,123,-49
210000105,43,242,-199
210000159,1,156,-155
210000163,188,217,-29
210000164,246,253,-7
210000168,169,65,104
210000187,1,24,-23
210000188,2,21,-19
210000214,27,0,27
210000219,25,43,-18
210000220,91,36,55
210000232,5,20,-15
210000233,33,66,-33
210000234,22,94,-72
210000235,78,90,-12
210000245,0,50,-50
210000246,32,0,32
210000258,13,102,-89
210000259,393,87,306
210000282,88,211,-123
210000285,0,123,-123
210000286,23,161,-138
210000295,50,124,-74
210000296,37,33,4
210000320,218,91,127
210000321,150,84,66
210000338,62,64,-2
210000339,354,1222,-868
210000340,135,399,-264
210000341,191,247,-56
210000342,202,179,23
210000343,201,158,43
210000344,198,117,81
210000345,151,152,-1
210000346,59,81,-22
210000347,65,36,29
210000348,114,25,89
210000349,41,13,28
210000350,95,58,37
210000351,111,86,25
210000352,86,44,42
210000353,47,74,-27
210000354,76,67,9
210000355,43,69,-26
210000356,45,32,13
210000357,40,29,11
210000358,191,105,86
210000359,92,72,20
210000360,169,121,48
210000361,186,130,56
210000362,312,209,103
210000363,689,317,372
210000364,89,220,-131
210000365,134,72,62
210000366,153,59,94
210000367,109,33,76
210000368,166,28,138
210000369,16,37,-21
210000370,53,41,12
210000372,16,27,-11
210000373,28,23,5
210000374,63,19,44
210000375,34,63,-29
210000376,49,79,-30
210000404,58,94,-36
210000439,25,54,-29
210000472,106,4,102
210000482,66,138,-72
210000564,323,371,-48
210000568,339,7,332
211000092,36,48,-12
211000094,54,14,40
211000169,154,23,131
211000172,11,114,-103
211000209,0,18,-18
211000275,21,22,-1
211000276,83,34,49
211000279,16,13,3
211000281,62,45,17
211507980,1,27,-26
211977296,49,2,47
212000003,87,34,53
212000004,32,45,-13
212000005,9,20,-11
212000006,34,64,-30
212000008,192,111,81
212000009,27,120,-93
212000012,73,74,-1
212000013,36,43,-7
212000014,249,148,101
212000015,314,236,78
212000016,494,553,-59
212000027,558,487,71
212000028,361,415,-54
212000029,254,247,7
212000030,59,39,20
212000031,83,46,37
212000048,29,155,-126
212000049,21,107,-86
212000050,38,10,28
212000051,176,217,-41
212000052,213,262,-49
212000053,377,441,-64
212000054,305,106,199
212000055,240,170,70
212000056,19,47,-28
212000057,10,19,-9
212000058,220,36,184
212000070,126,208,-82
212000077,131,399,-268
212000099,287,238,49
212000108,139,152,-13
212000111,205,132,73
212000120,131,36,95
212000138,138,34,104
212000156,11,68,-57
212000158,7,25,-18
212000159,459,52,407
212000160,701,295,406
212000161,40,8,32
212000310,42,26,16
212000311,22,79,-57
212000374,50,18,32
213000001,41,443,-402
213000005,450,133,317
213000006,1303,354,949
213000007,124,8,116
213000009,872,490,382
213000010,159,254,-95
213000011,244,120,124
213000012,173,365,-192
213000014,76,10,66
213000015,275,2,273
213000016,400,3,397
213000017,79,2,77
213000018,1,120,-119
213000019,3,162,-159
213000020,104,335,-231
213000021,6,105,-99
213000023,427,142,285
213000033,331,1705,-1374
213000034,1040,282,758
213000035,145,186,-41
213000045,181,255,-74
213000046,262,165,97
213000047,664,1254,-590
213000056,124,50,74
213000069,73,6,67
213000073,0,27,-27
213000074,56,316,-260
213000075,533,5,528
213000085,8,51,-43
213000086,17,168,-151
213000091,288,19,269
213000092,15,2,13
213000099,150,1175,-1025
213000100,1162,234,928
213000101,446,127,319
213000102,503,299,204
213000103,1060,987,73
213000104,71,475,-404
213000105,1,202,-201
213000106,24,99,-75
213000107,114,506,-392
213000108,41,437,-396
213000109,7,208,-201
213000110,11,66,-55
213000111,18,54,-36
213000112,146,113,33
213000115,76,15,61
213000116,29,338,-309
213000117,7,686,-679
213000118,383,218,165
213000119,47,542,-495
213000120,146,559,-413
213000122,133,569,-436
213000123,414,1196,-782
213000124,115,1435,-1320
213000125,147,26,121
213000126,98,162,-64
213000127,138,249,-111
213000128,445,1184,-739
213000129,415,523,-108
213000130,811,264,547
213000132,499,168,331
213000133,496,101,395
213000134,851,24,827
213000136,538,13,525
213000137,722,78,644
213000139,201,17,184
213000147,43,5,38
213000148,12,7,5
213000149,26,4,22
213000150,0,103,-103
213000151,4,84,-80
213000152,1,75,-74
213000153,2,92,-90
213000154,28,256,-228
213000155,35,178,-143
213000156,138,424,-286
213000157,495,365,130
213000158,401,1005,-604
213000159,783,492,291
213000163,1160,98,1062
213000165,1061,334,727
213000171,1,78,-77
213000172,1,274,-273
213000173,1,201,-200
213000174,5,168,-163
213000175,23,175,-152
213000176,236,57,179
213000177,175,15,160
213000178,242,13,229
213000179,284,2,282
213000180,227,0,227
213000184,112,486,-374
213000188,505,126,379
213000189,462,62,400
213000190,1084,939,145
213000191,367,414,-47
213000192,264,300,-36
213000193,717,355,362
213000194,3,80,-77
213000195,20,327,-307
213000196,215,1133,-918
213000197,494,471,23
213000198,106,4,102
213000200,120,798,-678
213000201,41,47,-6
213000202,10,494,-484
213000203,3258,680,2578
213000204,680,74,606
213000205,430,83,347
213000206,421,40,381
213000207,101,12,89
213000208,90,3,87
213000209,131,3,128
213000210,400,2,398
213000211,6,16,-10
213000212,10,18,-8
213000213,13,45,-32
213000218,194,497,-303
213000219,589,29,560
213000220,507,7,500
213000223,215,189,26
213000224,62,46,16
213000225,282,12,270
213000226,78,16,62
213000227,870,177,693
213000228,441,88,353
213000229,253,21,232
213000230,462,18,444
213000232,49,943,-894
213000233,12,378,-366
213000234,0,14,-14
213000293,11,50,-39
213000294,112,9,103
213000295,7,51,-44
213000296,50,17,33
213000297,2,89,-87
213000298,12,63,-51
213000299,44,25,19
213000300,12,4,8
213000303,2,33,-31
213000304,6,14,-8
213000305,1,11,-10
213000306,72,49,23
213000307,213,44,169
213000308,99,211,-112
213000309,157,44,113
213000310,631,227,404
213000311,271,794,-523
213000315,70,110,-40
213000316,185,59,126
213000322,90,119,-29
213000323,131,65,66
213000324,139,134,5
213000325,124,108,16
213000326,139,83,56
213000327,111,137,-26
213000328,122,222,-100
213000329,216,92,124
213000340,178,497,-319
213000341,519,134,385
213000347,787,502,285
213000348,9,86,-77
213000349,41,7,34
213000350,309,952,-643
213000366,75,293,-218
213000367,232,10,222
213000379,101,55,46
213000386,17,280,-263
213000406,77,355,-278
213000417,1271,497,774
213000425,200,31,169
213000426,181,55,126
213000427,58,256,-198
213000428,85,185,-100
213000429,12,4,8
213000430,137,685,-548
213000431,102,3,99
213000432,14,122,-108
213000433,44,139,-95
213000434,142,125,17
213000435,176,80,96
213000436,33,49,-16
213000437,12,38,-26
213000438,153,119,34
213000439,46,18,28
213000440,16,302,-286
213000441,1,2,-1
213000442,10,73,-63
213000443,499,363,136
213000444,49,62,-13
213000445,1,83,-82
213000446,1,200,-199
213000447,4,83,-79
213000448,44,156,-112
213000449,377,4,373
213000450,28,30,-2
213000451,286,116,170
213000452,30,42,-12
213000453,37,249,-212
213000455,503,20,483
213000456,2,241,-239
213000481,8,2,6
213000484,31,0,31
213000489,243,49,194
213900002,1,90,-89
213900003,233,82,151
213900013,1,169,-168
213900015,0,6,-6
213900016,9,18,-9
213900020,18,77,-59
213900030,2,44,-42
213900032,227,177,50
213900033,123,27,96
213900034,643,103,540
213900035,217,463,-246
213900036,161,193,-32
213900037,30,293,-263
213900038,395,137,258
213900039,0,55,-55
213900041,0,120,-120
213900042,265,298,-33
213900043,319,106,213
213900244,46,0,46
213900245,0,16,-16
218000003,12,20,-8
218000004,24,37,-13
218000005,57,23,34
218000006,49,33,16
218000007,13,11,2
218000012,157,115,42
218000013,148,226,-78
218000014,639,687,-48
218000019,1317,930,387
218000020,408,554,-146
218000021,34,28,6
218000022,17,18,-1
218000023,6,22,-16
218000024,1,11,-10
218000025,6,17,-11
218000026,6,28,-22
218000027,1,5,-4
218000028,5,1,4
218000029,4,1,3
218000030,14,21,-7
218000031,6,20,-14
218000032,9,21,-12
218000039,40,47,-7
218000040,9,5,4
218000046,37,90,-53
218000047,9,145,-136
218000048,75,125,-50
218000049,114,111,3
218000050,428,330,98
218000051,88,288,-200
218000052,1,86,-85
218000053,13,18,-5
218000054,13,49,-36
218000055,13,12,1
218000056,25,45,-20
218000057,7,21,-14
218000064,4,12,-8
218000065,257,91,166
218000066,23,127,-104
218000067,63,116,-53
218000068,206,158,48
218000069,333,211,122
218000070,333,311,22
218000071,326,246,80
218000072,627,296,331
218000078,825,664,161
218000079,189,125,64
218000080,148,76,72
218000081,685,301,384
218000082,71,165,-94
218000083,98,49,49
218000084,227,153,74
218000085,233,521,-288
218000086,115,236,-121
218000087,266,241,25
218000090,12,90,-78
218000091,615,189,426
218000092,109,230,-121
218000093,94,71,23
218000094,256,280,-24
218000099,481,1303,-822
218000100,371,544,-173
218000101,449,260,189
218000102,670,295,375
218000103,173,280,-107
218000104,132,80,52
218000105,124,54,70
218000107,128,133,-5
218000108,23,94,-71
218000112,194,159,35
218000117,251,219,32
218000134,636,602,34
218000135,32,88,-56
218000136,305,86,219
218000137,194,115,79
218000138,60,99,-39
218000139,254,267,-13
218000140,567,172,395
218000141,145,81,64
218000142,218,145,73
218000143,119,214,-95
218000144,43,81,-38
218000145,401,362,39
218000146,157,363,-206
218000151,24,23,1
218000152,210,54,156
218000153,15,7,8
218000154,8,3,5
218000155,13,4,9
218000156,68,10,58
218000157,34,21,13
218000158,10,8,2
218000159,5,6,-1
218000160,5,2,3
218000161,23,12,11
218000162,32,8,24
218000163,10,4,6
218000164,36,6,30
218000165,71,31,40
218000170,10,84,-74
218000171,72,14,58
218000172,15,11,4
218000173,89,10,79
218000174,35,7,28
218000176,210,61,149
218000177,454,295,159
218000178,99,294,-195
218000179,129,98,31
218000180,100,52,48
218000181,214,40,174
218000187,7,18,-11
218000188,40,39,1
218000189,29,53,-24
218000190,22,18,4
218000191,175,33,142
218000192,351,272,79
218000193,637,357,280
218000194,122,380,-258
218000195,141,100,41
218000196,395,429,-34
218000197,457,566,-109
218000198,21,121,-100
218000199,71,28,43
218000200,113,26,87
218000201,14,11,3
218000202,65,199,-134
218000207,1,26,-25
218000208,49,26,23
218000211,24,8,16
218000212,6,16,-10
218000213,117,139,-22
218000214,9,57,-48
218000215,40,66,-26
218000217,6,77,-71
218000218,255,80,175
218000219,31,23,8
218000220,80,466,-386
218000221,598,183,415
218000222,12,33,-21
218000223,68,552,-484
218000224,16,210,-194
218000225,175,38,137
218000226,172,68,104
218000230,0,5,-5
218000232,96,79,17
218000234,54,17,37
218000239,151,5,146
218000240,22,3,19
218000241,39,1,38
218000242,99,2,97
218000243,54,1,53
218000244,40,4,36
218000245,51,4,47
218000246,2,2,0
218000247,2,1,1
218000248,0,15,-15
218000249,2,3,-1
218000250,1,11,-10
218000251,8,18,-10
218000252,4,32,-28
218000253,2,20,-18
218000254,1,4,-3
218000255,2,9,-7
218000256,2,34,-32
218000267,203,572,-369
218000268,22,47,-25
218000269,9,6,3
218000270,34,19,15
218000271,8,13,-5
218000273,21,3,18
218000274,18,1,17
218000275,21,48,-27
218000276,13,43,-30
218000278,6,34,-28
218000279,24,26,-2
218000280,5,8,-3
218000281,26,8,18
218000282,278,134,144
218000284,96,4,92
218000301,180,138,42
218000302,188,83,105
218000303,34,28,6
218000316,670,815,-145
218000317,1145,874,271
218000318,638,684,-46
218000319,1047,884,163
218000320,783,606,177
218000338,45,25,20
218000339,21,30,-9
218000342,79,104,-25
218000343,218,63,155
218000345,7,11,-4
218000346,10,37,-27
218000353,69,30,39
218000354,49,90,-41
218000459,24,276,-252
218000490,21,29,-8
218000501,227,91,136
218000502,79,129,-50
218000503,220,59,161
218000504,374,114,260
218000505,129,262,-133
218000506,126,561,-435
218000508,2,11,-9
218000510,399,60,339
218000520,161,210,-49
218000522,0,119,-119
218000523,142,2,140
218000524,63,160,-97
218000525,158,12,146
218000526,46,121,-75
218000530,17,6,11
218000531,54,58,-4
218000532,44,65,-21
218000537,5,6,-1
218000538,99,200,-101
218000539,136,51,85
218000540,308,117,191
218000543,152,57,95
218000544,54,67,-13
218000545,69,100,-31
218000546,34,57,-23
218000547,98,177,-79
218000548,147,119,28
218000549,517,563,-46
218000550,233,267,-34
218000551,120,1007,-887
218000552,391,48,343
218000553,3,32,-29
218000554,17,7,10
218000555,22,10,12
218000556,43,204,-161
218000557,216,37,179
218000558,50,0,50
218000559,0,50,-50
218000560,0,33,-33
218000561,13,0,13
218000562,25,160,-135
218000563,174,11,163
218000564,13,132,-119
218000565,232,38,194
218000566,381,10,371
218000567,2,98,-96
218000568,63,5,58
218000569,57,127,-70
218000570,194,8,186
218000571,2,118,-116
218000572,150,1,149
218000573,13,104,-91
218000574,112,35,77
218000575,101,0,101
218000576,2,60,-58
218000577,160,0,160
218000578,3,92,-89
218000579,50,7,43
218000581,5,48,-43
218000582,48,1,47
218000583,12,0,12
218000584,0,17,-17
218000585,51,5,46
218000586,8,34,-26
218000587,1,1,0
218000588,10,7,3
218000589,1,3,-2
218000590,2,1,1
218000591,3,3,0
218000592,16,1,15
218000593,3,1,2
218000594,16,0,16
218000595,0,0,0
218000596,0,1,-1
218000597,1,0,1
218000598,0,0,0
218000599,7,0,7
218000600,1,1,0
218000601,1,1,0
218000602,0,14,-14
218000603,0,4,-4
218000604,25,0,25
218000605,1,30,-29
218000606,69,0,69
218000607,5,45,-40
218000608,55,21,34
218000609,5,38,-33
218000610,58,1,57
218000611,14,10,4
218000612,3,25,-22
218000613,54,1,53
218000614,0,34,-34
218000615,167,2,165
218000616,8,110,-102
218000617,13,5,8
218000618,0,9,-9
218000619,42,43,-1
218000620,17,21,-4
218000621,0,7,-7
218000622,0,12,-12
218000623,374,5,369
218000624,7,10,-3
218000625,5,0,5
218000626,2,3,-1
218000628,107,40,67
218000632,5,138,-133
218000633,151,1,150
218000634,14,16,-2
218000635,21,9,12
218000636,924,1151,-227
218000637,838,434,404
218000638,221,29,192
218000639,20,162,-142
218000640,403,37,366
218000641,54,306,-252
218000652,51,64,-13
218000653,201,72,129
218000675,17,5,12
218000676,1,17,-16
218000677,7,3,4
218000703,2,24,-22
218000718,413,1247,-834
218000719,714,729,-15
218000720,4,158,-154
218000721,131,8,123
218000725,8,7,1
218001214,5,35,-30
219000001,51,76,-25
219000002,26,44,-18
219000003,82,65,17
219000004,45,49,-4
219000017,109,47,62
219000020,136,64,72
219000022,111,13,98
219000023,80,1,79
219000029,0,61,-61
219000034,61,22,39
219000039,88,158,-70
219000040,47,87,-40
219000041,129,22,107
219000051,0,42,-42
219000052,1,30,-29
219000053,2,81,-79
219000054,480,332,148
219000055,244,4,240
219000056,28,2,26
219000057,88,1,87
219000062,12,57,-45
219000063,62,8,54
219000110,451,62,389
219000111,88,59,29
219000112,236,66,170
219000113,127,60,67
219000114,225,87,138
219000116,156,58,98
219000117,212,51,161
219000118,181,57,124
219000123,227,72,155
219000124,173,76,97
219000125,17,16,1
219000126,84,101,-17
219000127,0,6,-6
219000128,10,105,-95
219000129,12,112,-100
219000130,365,418,-53
219000131,524,1182,-658
219000133,51,55,-4
219000134,16,12,4
219000135,54,133,-79
219000136,97,216,-119
219000138,55,22,33
219000139,30,44,-14
219000140,59,4,55
219000141,19,119,-100
219000142,36,84,-48
219000143,9,86,-77
219000145,28,44,-16
219000146,4,36,-32
219000147,3,32,-29
219000148,3,20,-17
219000149,15,81,-66
219000150,3,50,-47
219000151,4,32,-28
219000157,185,130,55
219000158,196,188,8
219000161,121,6,115
219000163,1307,454,853
219000166,151,237,-86
219000167,117,163,-46
219000168,300,131,169
219000174,501,182,319
219000175,92,3,89
219000176,129,11,118
219000177,55,2,53
219000178,52,3,49
219000179,24,8,16
219000180,45,45,0
219000182,157,19,138
219000183,119,35,84
219000184,149,18,131
219000185,2,48,-46
219000186,46,37,9
219000187,27,78,-51
219000189,84,189,-105
219000190,101,205,-104
219000191,765,1422,-657
219000192,191,148,43
219000193,181,127,54
219000195,1,66,-65
219000196,5,102,-97
219000198,12,99,-87
219000199,65,259,-194
219000200,43,143,-100
219000201,77,176,-99
219000203,30,118,-88
219000204,86,249,-163
219000205,48,179,-131
219000207,126,281,-155
219000209,31,79,-48
219000210,28,101,-73
219000213,6,98,-92
219000239,219,320,-101
219000240,208,395,-187
219000241,180,156,24
219000242,43,133,-90
219000243,62,198,-136
219000244,30,71,-41
219000245,24,35,-11
219000246,41,18,23
219000247,157,25,132
219000248,463,420,43
219000249,134,106,28
219000250,135,95,40
219000251,585,244,341
219000252,265,155,110
219000253,522,93,429
219000255,135,137,-2
219000256,291,80,211
219000257,120,1,119
219000262,144,141,3
219000263,71,120,-49
219000267,3,43,-40
219000268,2,2,0
219000269,4,3,1
219000270,8,2,6
219000271,130,8,122
219000278,5,3,2
219000279,3,8,-5
219000283,0,10,-10
219000295,32,80,-48
219000296,72,419,-347
219000297,12,98,-86
219000298,20,96,-76
219000299,547,86,461
219000300,38,196,-158
219000301,239,351,-112
219000302,39,248,-209
219000307,63,39,24
219000308,69,41,28
219000311,218,51,167
219000312,561,138,423
219000313,384,39,345
219000314,88,356,-268
219000315,349,58,291
219000316,613,111,502
219000317,125,42,83
219000320,1,50,-49
219000321,0,25,-25
219000323,5,58,-53
219000325,1,14,-13
219000326,62,63,-1
219000327,66,28,38
219000328,41,59,-18
219000329,339,115,224
219000330,52,38,14
219000331,57,54,3
219000332,139,79,60
219000333,25,4,21
219000335,74,1,73
219000337,36,1,35
219000338,54,0,54
219000344,19,64,-45
219000345,54,85,-31
219000346,44,100,-56
219000348,158,87,71
219000349,67,164,-97
219000350,96,329,-233
219000351,9,5,4
219000352,393,131,262
219000353,72,54,18
219000354,175,116,59
219000355,133,68,65
219000356,1207,1591,-384
219000363,258,53,205
219000364,75,41,34
219000365,78,21,57
219000366,189,340,-151
219000368,352,665,-313
219000370,1228,616,612
219000371,22,20,2
219000382,15,31,-16
219000383,541,1071,-530
219000385,419,423,-4
219000386,689,1501,-812
219000387,0,9,-9
219000390,5,2,3
219000391,2,0,2
219000397,71,64,7
219000398,95,63,32
219000401,8,91,-83
219000402,42,77,-35
219000403,158,377,-219
219000404,15,146,-131
219000409,61,54,7
219000410,105,39,66
219000411,73,14,59
219000446,110,407,-297
219000447,4,34,-30
219000448,11,7,4
219000452,96,93,3
219000453,76,204,-128
219000454,161,304,-143
219000556,230,83,147
219000558,128,126,2
219000590,25,174,-149
219000591,69,97,-28
219000592,130,308,-178
219000595,4,21,-17
219000635,233,35,198
219000636,20,82,-62
219000657,50,29,21
219000658,76,148,-72
219000673,1,22,-21
219000676,45,9,36
219000679,46,7,39
219000684,96,1,95
219000685,1,44,-43
219000686,1,9,-8
219000688,0,71,-71
219000689,45,359,-314
219000690,367,62,305
219000693,2,39,-37
219000694,27,0,27
219000695,20,2,18
219000698,26,1,25
219000699,1,20,-19
219000727,3,76,-73
219000728,65,4,61
219000770,22,1,21
219000771,3,22,-19
219001150,0,30,-30
219001151,1,0,1
220000001,33,57,-24
220000002,6,68,-62
220000003,303,199,104
220000004,595,449,146
220000005,1411,1996,-585
220000006,151,822,-671
220000007,389,483,-94
220000008,317,617,-300
220000009,301,299,2
220000010,201,79,122
220000011,572,3049,-2477
220000012,140,301,-161
220000014,93,59,34
220000015,24,181,-157
220000017,74,290,-216
220000018,4073,1316,2757
220000019,53,234,-181
220000020,381,228,153
220000021,581,169,412
220000022,878,356,522
220000023,313,158,155
220000024,1812,370,1442
220000025,1248,1192,56
220000026,280,367,-87
220000027,25,85,-60
220000028,53,26,27
220000029,35,105,-70
220000030,97,66,31
220000031,443,264,179
220000064,25,1113,-1088
221000046,3,1,2
221000047,0,2,-2
221000048,0,1,-1
221000049,0,11,-11
221000050,9,0,9
221000055,36,58,-22
221000057,46,15,31
221000068,354,124,230
221000069,428,81,347
221000070,224,24,200
221000071,110,7,103
221000072,161,13,148
221000073,139,38,101
221000074,0,11,-11
221000075,14,14,0
221000076,11,22,-11
221000077,28,89,-61
221000081,22,5,17
221000082,76,8,68
221000083,47,10,37
221000084,2,4,-2
221000085,14,46,-32
221000086,14,90,-76
221000087,2,131,-129
221000088,15,159,-144
221000089,34,253,-219
221000090,110,539,-429
221000098,128,15,113
221000099,140,4,136
221000100,67,11,56
221000101,171,19,152
221000102,104,15,89
221000109,5,97,-92
221000110,17,69,-52
221000111,25,150,-125
221000112,4,104,-100
221000113,30,114,-84
221000114,10,113,-103
221000120,53,32,21
221000121,9,23,-14
221000122,42,29,13
221000123,6,12,-6
221000124,20,149,-129
221000155,95,23,72
221000156,17,22,-5
221000175,1,3,-2
221000176,1,7,-6
221000182,55,9,46
221000241,553,305,248
221000242,183,400,-217
221000243,392,185,207
221000244,262,433,-171
221000245,90,80,10
221000246,20,192,-172
221000247,67,111,-44
221000248,116,105,11
221000267,48,505,-457
221000325,86,51,35
221000331,10,48,-38
221000338,5,24,-19
221000378,176,24,152
221000381,57,32,25
222000282,6,0,6
222000296,3,10,-7
222000568,331,16,315
222000569,164,54,110
222000570,159,20,139
222000571,270,24,246
222000577,16,99,-83
222000578,30,169,-139
222000579,30,128,-98
222000580,77,681,-604
222000599,1,111,-110
222000600,1,240,-239
222000601,6,741,-735
222000603,18,34,-16
222000604,10,19,-9
222000605,11,18,-7
222000606,0,8,-8
222000607,3,5,-2
222000608,25,7,18
222000609,59,146,-87
222000616,369,28,341
222000617,8,16,-8
222000618,6,3,3
222000620,17,6,11
222000621,39,25,14
222000623,507,12,495
222000624,296,4,292
222000625,510,14,496
222000636,61,4,57
222000686,26,9,17
222000687,36,37,-1
222001066,338,4,334
222001067,27,4,23
222001068,64,38,26
222001069,40,47,-7
222001082,13,23,-10
222001083,22,48,-26
222001084,0,18,-18
222001085,1,175,-174
222001111,39,96,-57
222001112,87,34,53
222001313,50,8,42
222001314,9,118,-109
222001464,41,39,2
222001465,19,67,-48
222001484,120,49,71
222001485,25,44,-19
222001494,579,133,446
222001495,94,212,-118
222001496,339,76,263
222001497,71,396,-325
222001502,30,99,-69
222001503,119,26,93
222001504,18,316,-298
222001505,362,28,334
222001506,46,447,-401
222001507,341,22,319
222001510,452,42,410
222001511,55,274,-219
222001514,666,269,397
222001515,268,491,-223
222001518,308,100,208
222001519,79,195,-116
222001527,151,57,94
222001528,57,172,-115
222001529,290,42,248
222001530,90,217,-127
222001533,166,310,-144
222001534,331,54,277
222001535,181,270,-89
222001536,97,190,-93
222001537,306,66,240
222001538,91,461,-370
222001563,690,65,625
222001564,92,398,-306
222001568,435,137,298
222001576,1,5,-4
222001579,4,4,0
222001583,14,159,-145
222001584,105,10,95
222001596,593,968,-375
222001597,2006,296,1710
222001626,0,76,-76
222001650,96,107,-11
222001651,105,134,-29
222001914,168,85,83
222001915,95,194,-99
222900004,390,289,101
222900009,434,531,-97
222900019,162,191,-29
222900024,29,21,8
222900025,3,23,-20
225000001,452,148,304
225000002,533,163,370
225000003,619,83,536
225000004,321,169,152
225000005,48,56,-8
225000006,0,179,-179
225000007,1288,1036,252
225000010,268,13,255
225000011,317,783,-466
225000012,247,472,-225
225000013,107,85,22
225000014,734,83,651
225000015,92,157,-65
225000021,804,154,650
225000027,205,413,-208
225000032,631,153,478
225000042,60,561,-501
225000049,31,50,-19
225000050,56,8,48
225000053,9,275,-266
225000058,584,167,417
225000067,232,107,125
225000068,96,261,-165
225000069,131,415,-284
225000070,92,318,-226
225000071,28,123,-95
225000075,16,566,-550
225000076,51,123,-72
225000078,71,53,18
225000085,63,144,-81
225000086,250,52,198
225000087,173,22,151
225000088,11,139,-128
225000089,162,881,-719
225000090,75,371,-296
225000091,165,149,16
225000092,14,61,-47
225000093,180,195,-15
225000094,18,205,-187
225000095,212,349,-137
225000096,316,390,-74
225000098,734,287,447
225000099,358,175,183
225000100,335,152,183
225000104,103,322,-219
225000110,23,328,-305
225000111,219,895,-676
225000112,270,942,-672
225000113,202,512,-310
225000114,77,276,-199
225000115,1304,563,741
225000116,909,189,720
225000117,704,211,493
225000118,1014,217,797
225000119,253,83,170
225000120,730,51,679
225000121,244,27,217
225000123,568,11,557
225000125,361,135,226
225000126,566,126,440
225000127,558,953,-395
225000128,353,654,-301
225000132,344,30,314
225000133,259,28,231
225000134,625,140,485
225000135,61,15,46
225000136,320,8,312
225000137,242,49,193
225000138,337,74,263
225000143,59,208,-149
225000144,2,242,-240
225000145,55,48,7
225000146,55,93,-38
225000147,23,200,-177
225000148,22,174,-152
225000149,33,379,-346
225000151,28,152,-124
225000155,310,386,-76
225000156,113,676,-563
225000157,200,262,-62
225000158,62,237,-175
225000171,11,145,-134
225000180,33,1,32
225000181,0,64,-64
225000182,60,12,48
225000185,11,385,-374
225000187,49,308,-259
225000191,104,5,99
225000194,0,3,-3
225000208,0,62,-62
225000209,78,19,59
225000210,5,211,-206
225000217,0,24,-24
225000218,9,0,9
225000223,1,43,-42
225000224,49,0,49
225000225,0,9,-9
225000226,28,1,27
225000227,23,68,-45
225000228,7,5,2
225000229,0,57,-57
225000230,43,1,42
225000231,0,44,-44
225000232,128,0,128
225000241,95,0,95
225000242,0,52,-52
225000249,18,8,10
225000250,44,578,-534
225000251,378,22,356
225000254,4,12,-8
225000256,4,43,-39
225000257,0,32,-32
226000042,261,372,-111
226000043,37,256,-219
226000044,118,359,-241
226000045,60,324,-264
226000046,351,72,279
226000047,293,69,224
226000048,284,78,206
226000049,222,133,89
226000070,0,31,-31
226000071,0,61,-61
226000072,0,12,-12
226000073,0,2,-2
226000074,0,14,-14
226000084,5,57,-52
226000085,2,11,-9
226000086,1,14,-13
226000087,3,15,-12
226000088,29,52,-23
226000090,258,63,195
226000091,41,41,0
226000092,3,14,-11
226000093,14,3,11
226000094,13,1,12
226000095,14,13,1
226000105,10,1,9
226000106,6,0,6
226000107,8,0,8
226000108,24,1,23
226000109,65,0,65
226000124,166,54,112
226000134,701,473,228
226000135,1464,462,1002
226000136,527,342,185
226000137,6,231,-225
226000138,10,93,-83
226000139,0,18,-18
226000156,172,2,170
226000157,211,7,204
226000163,106,151,-45
226000202,17,272,-255
226000231,225,7,218
226000232,34,3,31
227000033,214,67,147
227000036,263,31,232
227000037,267,20,247
227000038,183,25,158
227000084,3,56,-53
227000085,3,32,-29
227000088,48,3,45
227000089,89,3,86
227000090,41,5,36
227000091,14,1,13
227000092,18,0,18
227000093,125,0,125
227000094,7,0,7
227000130,20,74,-54
227000131,6,176,-170
227000132,13,168,-155
227000133,9,126,-117
227000134,12,246,-234
227000152,0,0,0
227000153,0,39,-39
227000154,0,20,-20
227000155,1,8,-7
227000156,2,10,-8
227000165,5,28,-23
227000196,426,216,210
227000199,338,303,35
227000230,16,308,-292
227000232,473,17,456
227000242,46,287,-241
227000243,342,53,289
227000245,11,297,-286
227000246,127,277,-150
227000247,316,58,258
227000248,80,17,63
227000249,20,76,-56
227000250,244,73,171
227000251,60,119,-59
227000252,26,227,-201
227000253,104,13,91
227000262,313,30,283
227000266,1202,26,1176
227000267,43,977,-934
227000282,3,107,-104
227000284,400,24,376
227000286,2,73,-71
227000291,15,328,-313
227000296,162,286,-124
227000484,142,17,125
227000485,10,554,-544
227000655,195,4,191
227000656,550,44,506
227000657,50,8,42
229000265,4,8,-4
229000266,6,0,6
229000267,6,0,6
229000268,32,0,32
229000269,29,0,29
229000274,0,33,-33
229000275,0,27,-27
229000276,0,19,-19
229000277,1,3,-2
229000278,1,7,-6
229000295,15,40,-25
229000296,13,9,4
229000297,19,38,-19
229000298,14,154,-140
229000320,15,16,-1
229000321,11,11,0
229000412,18,60,-42
229000414,9,72,-63
229000415,19,5,14
229000416,1,7,-6
229000417,2,45,-43
229000419,146,313,-167
229000440,461,76,385
229000442,16,16,0
229000443,5,1,4
229000444,1,27,-26
229000445,77,5,72
229000446,85,20,65
229000491,5,10,-5
229000492,7,56,-49
229000493,0,38,-38
229000494,39,2,37
229000495,125,6,119
229000496,74,7,67
229000507,0,73,-73
229000508,0,35,-35
229000509,0,71,-71
229000510,0,21,-21
229000511,1,41,-40
229000512,0,21,-21
229000513,0,9,-9
229000514,0,2,-2
229000517,2,7,-5
229000518,7,6,1
229000519,1,7,-6
229000520,27,20,7
229000521,58,12,46
229000522,12,6,6
229000523,9,2,7
229000524,0,10,-10
229000527,2,0,2
229000528,0,0,0
229000529,12,1,11
229000530,57,2,55
229000531,42,2,40
229000532,30,1,29
229000533,64,1,63
229000534,54,1,53
229000564,57,0,57
229000565,14,0,14
229000566,0,7,-7
229000567,0,29,-29
229000582,67,5,62
229000583,3,3,0
229000584,0,33,-33
229000585,0,58,-58
229000718,0,2,-2
229000719,0,3,-3
229000720,0,5,-5
229000721,0,7,-7
229000722,0,7,-7
229000723,0,8,-8
229000724,0,2,-2
229000725,0,0,0
229000738,1,0,1
229000739,3,0,3
229000740,3,0,3
229000741,22,1,21
229000742,4,0,4
229000743,13,0,13
229000744,3,0,3
229000745,2,0,2
229000746,19,1,18
229000847,47,0,47
229000848,25,0,25
229000849,149,10,139
229000851,89,0,89
229000854,0,20,-20
229000856,0,73,-73
229000857,0,24,-24
229000858,0,41,-41
229000919,14,72,-58
229000930,1,201,-200
229000937,80,29,51
229000966,48,45,3
229000981,27,22,5
229000985,17,39,-22
229000986,3,3,0
229000987,0,4,-4
229000988,3,9,-6
229000989,12,8,4
229000990,1,2,-1
229000991,1,1,0
229000992,11,9,2
229000993,172,26,146
229000998,19,55,-36
229000999,67,14,53
229001034,1,14,-13
229001035,2,3,-1
229001036,9,60,-51
229001037,46,1,45
229001038,0,4,-4
229001039,6,1,5
229001040,0,82,-82
229001041,44,0,44
229001042,10,16,-6
229001047,9,31,-22
229001050,36,15,21
229001168,0,9,-9
229001200,20,5,15
229001338,4,25,-21
229001394,261,5,256
229001422,101,18,83
229001423,35,107,-72
229001431,47,66,-19
229001432,66,81,-15
229001444,210,36,174
229001445,65,160,-95
229001479,15,5,10
229001503,289,101,188
229001504,140,135,5
229001505,121,43,78
229001506,118,123,-5
229001509,44,9,35
229001510,6,47,-41
229001545,81,7,74
229001546,10,92,-82
229001553,85,15,70
229001554,32,95,-63
229001630,52,13,39
229001631,22,28,-6
229001635,3,13,-10
229001636,11,0,11
229001658,0,157,-157
229001659,45,6,39
229001660,24,4,20
229001661,9,25,-16
229001662,19,0,19
229001663,0,2,-2
229002584,242,214,28
229002831,233,149,84
229002841,10,11,-1
229002842,40,34,6
229002843,69,21,48
229002844,21,49,-28
229002845,17,92,-75
229002846,47,21,26
229002847,8,9,-1
229002848,7,9,-2
229002849,9,97,-88
229002850,13,1,12
229002851,23,138,-115
229002852,198,37,161
229002853,161,39,122
229002854,36,49,-13
229002855,8,34,-26
229002856,39,19,20
229002857,17,128,-111
229002858,19,24,-5
229002859,24,60,-36
229002860,245,19,226
229002861,86,25,61
229002862,37,73,-36
229002863,31,16,15
229002864,25,26,-1
229002865,17,17,0
229002866,34,27,7
229002867,0,14,-14
229002868,9,15,-6
229002869,24,124,-100
229002870,47,13,34
235000067,352,64,288
235000072,91,346,-255
235000080,14,70,-56
235000081,100,161,-61
235000082,135,38,97
235000083,209,76,133
235000084,46,42,4
235000085,164,46,118
235000093,15,5,10
235000097,1,7,-6
235000098,70,11,59
235000115,143,73,70
235000116,52,26,26
235000117,591,17,574
235000133,7,322,-315
235000134,8,110,-102
235000206,7,5,2
235000207,0,5,-5
235000210,6,0,6
235000212,2,10,-8
235000220,1,4,-3
235000221,75,23,52
235000238,18,89,-71
235000239,4,30,-26
235000242,297,484,-187
235000245,587,157,430
235000246,11,48,-37
235000284,29,92,-63
235000295,136,14,122
235000305,280,21,259
235000306,246,5,241
235000307,7,2,5
235000308,11,2,9
235000309,48,1,47
235000310,69,0,69
235000311,113,46,67
235000322,0,38,-38
235000323,0,51,-51
235000324,0,24,-24
235000325,0,9,-9
235000326,12,135,-123
235000351,4,55,-51
235000352,24,20,4
235000353,11,13,-2
235000354,5,23,-18
235000355,1,42,-41
235000356,114,5,109
235000357,53,12,41
235000358,206,4,202
235000359,12,8,4
235000360,27,20,7
235000361,35,22,13
235000381,42,152,-110
235000382,113,27,86
235000390,8,3,5
235000391,134,16,118
235000392,143,336,-193
235000393,106,160,-54
235000395,178,36,142
235000396,633,97,536
235000399,146,19,127
235000400,52,26,26
235000401,29,157,-128
235000402,44,91,-47
235000405,98,334,-236
235000406,39,299,-260
235000407,60,71,-11
235000409,176,118,58
235000411,3,46,-43
235000485,0,6,-6
235000486,10,0,10
235000549,83,156,-73
235000550,64,193,-129
235000599,97,32,65
235000600,11,17,-6
235000601,24,26,-2
235000602,77,40,37
235000614,0,5,-5
235000648,2,23,-21
235000649,25,16,9
235000815,12,28,-16
235000834,0,9,-9
235000855,48,57,-9
235000862,42,158,-116
235000891,0,17,-17
235000892,34,3,31
235000901,54,78,-24
235000907,3,7,-4
235001010,87,80,7
235001030,332,276,56
235001078,77,108,-31
235001079,64,100,-36
235001147,11,35,-24
235001166,18,75,-57
235001167,51,34,17
235001169,19,228,-209
235001200,44,40,4
235001239,1,33,-32
235016266,5,16,-11
235016267,0,36,-36
235900013,1,6,-5
235900014,2,0,2
241900007,39,2,37
277101746,0,2,-2
277102712,9,4,5
277103813,0,0,0
277103814,0,0,0
277103898,0,2,-2
990010990,62,205,-143
990011530,0,210,-210
990014944,2,431,-429
990015176,26,12,14
990015618,1,105,-104
990015888,19,62,-43
990016032,1,363,-362
990032570,2,383,-381
990070001,85,0,85
990070103,0,3,-3
990070601,1,53,-52
990070751,921,3,918
990070766,1,409,-408
990071180,511,206,305
990071343,72,50,22
990071387,0,15,-15
990071823,602,19,583
990072600,2,838,-836
990072964,3,312,-309
990073285,0,3,-3
990074393,1,765,-764
990074714,13,28,-15
990074870,1644,16,1628
990075106,1785,9,1776
990075746,582,4,578
990076437,1387,6,1381
990076458,0,582,-582
997000007,541,4,537
997000041,1,249,-248
997000058,51,0,51
997000062,42,3,39
997000069,1,8,-7
997000070,0,26,-26
997000100,21,0,21
997000141,11,1830,-1819
997000198,2,1007,-1005
998000475,0,46,-46
998000736,0,159,-159
998000965,0,19,-19
998001031,0,84,-84
998001072,658,356,302
998001091,11,1,10
998001093,5,0,5
998001103,1,1,0
998001105,5,15,-10
998001700,0,6,-6
998001899,0,0,0
998001900,2,0,2
998003073,1002,1,1001
998003124,15,21,-6
998003125,24,137,-113
998101900,0,0,0
998102850,4,275,-271
998501819,4,2,2
998501820,1,3,-2
998501832,108,130,-22
998501927,1301,781,520
998501929,91,3,88
998501930,53,1,52
998501931,150,5,145
998501932,1,0,1
998501933,54,3,51
998501937,34,0,34
998501944,15,0,15
998501950,0,0,0
998501970,121,9,112
998501971,0,90,-90
998501972,312,29,283
998501973,0,46,-46
998501974,1,248,-247
998501975,111,1,110
998501976,73,1,72
998501977,0,16,-16
998501978,13,0,13
998501979,0,12,-12
998501980,65,0,65
998501981,22,2,20
998501982,0,114,-114
998501983,0,1,-1
998502006,0,1,-1
998502024,0,5,-5
998502032,0,3,-3
998502062,9,0,9
998502063,0,0,0
998502173,9,0,9
998502269,1,2,-1
998601159,0,121,-121
998601292,1,14,-13
999033574,0,86,-86
999800001,37,0,37
999800002,0,7,-7
999800003,1,0,1
999800004,0,5,-5
999800005,0,8,-8
