ID,insum,outsum,diff
100000001,581,825,-244
100000002,3502,3813,-311
100000003,3652,5368,-1716
100000004,449,1244,-795
100000005,2293,4630,-2337
100000006,661,236,425
100000007,2073,909,1164
100000008,109,629,-520
100000009,372,406,-34
100000010,26,176,-150
100000011,421,102,319
100000012,52,974,-922
100000013,21,316,-295
100000014,218,487,-269
100000015,1268,2339,-1071
100000016,469,1148,-679
100000017,422,843,-421
100000018,682,519,163
100000019,2745,1809,936
100000020,1150,6015,-4865
100000021,4862,1737,3125
100000022,752,2728,-1976
100000023,3285,1465,1820
100000025,464,1513,-1049
100000028,678,1056,-378
100000029,54,400,-346
100000030,90,38,52
100000031,2030,5108,-3078
100000032,1315,3213,-1898
100000033,898,2650,-1752
100000034,139,790,-651
100000035,676,1418,-742
100000036,863,1537,-674
100000037,624,356,268
100000038,2259,968,1291
100000039,298,343,-45
100000040,232,138,94
100000041,1514,646,868
100000042,1006,411,595
100000043,727,485,242
100000044,272,661,-389
100000045,304,782,-478
100000046,471,636,-165
100000047,202,414,-212
100000048,256,582,-326
100000049,1381,1069,312
100000051,403,499,-96
100000053,92,16,76
100000054,295,32,263
100000055,550,398,152
100000056,419,701,-282
100000057,2293,534,1759
100000058,784,749,35
100000059,11,250,-239
100000060,469,268,201
100000061,2296,459,1837
100000062,1489,558,931
100000063,996,229,767
100000064,1260,338,922
100000065,213,592,-379
100000066,117,507,-390
100000067,242,509,-267
100000068,337,1156,-819
100000069,278,941,-663
100000072,114,555,-441
100000073,929,693,236
100000075,582,204,378
100000076,1219,3886,-2667
100000077,100,344,-244
100000078,8,33,-25
100000079,25,31,-6
100000080,15,60,-45
100000081,66,223,-157
100000102,2625,4324,-1699
100000103,1478,1598,-120
100000104,2659,2472,187
100000105,1258,1787,-529
100000106,1110,2681,-1571
100000107,177,1338,-1161
100000108,278,831,-553
100000109,786,1421,-635
100000116,639,719,-80
100000117,67,158,-91
100000118,577,1249,-672
100000119,476,818,-342
100000121,173,424,-251
100000122,538,1399,-861
100000123,1337,2843,-1506
100000124,2913,3572,-659
100000125,3655,1927,1728
100000126,473,643,-170
100000127,866,437,429
100000128,1213,2619,-1406
100000129,292,624,-332
100000130,557,283,274
100000131,1023,1974,-951
100000132,636,2047,-1411
100000133,1891,1243,648
100000135,527,1459,-932
100000139,181,543,-362
100000140,126,324,-198
100000142,616,508,108
100000143,735,297,438
100000144,1724,583,1141
100000147,1209,3607,-2398
100000150,68,593,-525
100000151,633,1781,-1148
100000153,123,497,-374
100000154,26,382,-356
100000155,15,48,-33
100000156,299,355,-56
100000157,339,222,117
100000158,215,164,51
100000159,88,701,-613
100000165,620,713,-93
100000169,50,1167,-1117
100000174,256,1011,-755
100000179,40,503,-463
100000180,727,2988,-2261
100000181,302,616,-314
100000188,54,236,-182
100000189,904,510,394
100000190,364,1453,-1089
100000191,639,796,-157
100000192,10,82,-72
100000193,213,232,-19
100000330,487,750,-263
100000355,180,1124,-944
100000362,2434,1396,1038
100000363,5414,5242,172
100000364,99,232,-133
100000365,5042,8757,-3715
100000366,1875,1757,118
100000367,4219,6576,-2357
100000368,2515,896,1619
100000369,587,2314,-1727
100000370,174,892,-718
100000376,49,158,-109
100000379,1143,1582,-439
100000380,3143,4920,-1777
100000384,4695,5571,-876
100000385,1326,3094,-1768
100000386,3076,5510,-2434
100000387,2207,4930,-2723
100000388,2390,6076,-3686
100000389,3250,6270,-3020
100000390,3715,5781,-2066
100000391,2882,9374,-6492
100000392,1301,3963,-2662
100000393,1095,5561,-4466
100000394,3400,7783,-4383
100000395,2053,5532,-3479
100000396,3008,3328,-320
100000397,2210,7610,-5400
100000398,5991,4936,1055
100900002,24,13,11
100900003,390,260,130
100900004,9,875,-866
100900005,137,22,115
100900006,41,34,7
100900007,142,10,132
100900008,1,325,-324
100900009,64,164,-100
100900010,87,32,55
100900011,251,107,144
100900012,0,70,-70
100900013,1000,17,983
100900014,9,1,8
100900015,66,81,-15
100900016,1,7,-6
100900017,1006,75,931
100900018,1,8,-7
100900019,29,112,-83
100900020,323,2,321
100900021,406,3,403
100900022,20,23,-3
100900023,0,29,-29
100900024,256,4,252
100900025,13,6,7
100900026,125,94,31
100900027,412,2469,-2057
100900028,97,301,-204
100900029,43,7,36
100900030,2,158,-156
100900031,736,48,688
100900032,389,0,389
100900033,145,296,-151
100900034,656,2,654
100900035,199,1,198
100900036,14,0,14
100900037,147,119,28
100900038,69,57,12
100900039,231,248,-17
100900040,518,333,185
100900041,1282,263,1019
100900042,1493,2249,-756
100900043,0,14,-14
100900044,1165,468,697
100900045,3,1,2
100900046,1009,24,985
100900047,532,253,279
100900048,115,55,60
100900049,63,90,-27
100900050,4,6,-2
100900051,47,126,-79
100900052,355,35,320
100900053,691,42,649
100900054,16,19,-3
100900055,212,878,-666
100900056,30,78,-48
100900057,2067,1167,900
100900058,170,137,33
100900059,72,1,71
100900060,248,8,240
100900061,222,154,68
100900062,3,15,-12
100900063,328,785,-457
100900064,631,26,605
100900065,73,160,-87
100900066,137,212,-75
100900067,0,5,-5
100900068,183,66,117
100900069,202,3,199
100900070,447,9,438
100900071,467,181,286
100900072,3,15,-12
100900073,183,328,-145
100900074,14,5,9
100900075,1425,224,1201
100900076,6,25,-19
100900077,58,33,25
100900078,79,288,-209
100900079,11,13,-2
100900080,59,92,-33
100900081,39,140,-101
100900082,188,183,5
100900083,6,9,-3
100900085,21,470,-449
100900086,72,364,-292
100900088,149,191,-42
100900089,1,5,-4
100900090,103,649,-546
100900091,9,8,1
100900092,118,155,-37
100900093,354,291,63
100900094,243,140,103
100900095,3,17,-14
100900096,31,139,-108
100900097,2,2,0
100900098,26,16,10
100900099,19,360,-341
100900100,11,571,-560
100900101,250,30,220
100900102,47,165,-118
100900103,9,10,-1
100900104,5,120,-115
100900105,20,567,-547
100900106,30,12,18
100900107,1611,806,805
100900108,5,97,-92
100900109,16,8,8
100900110,7,28,-21
100900111,40,188,-148
100900112,6,16,-10
100900113,42,30,12
100900114,11,12,-1
100900115,35,8,27
100900116,853,411,442
100900117,281,1145,-864
100900118,99,126,-27
100900119,8,16,-8
100900120,8,2,6
100900121,350,381,-31
100900122,95,121,-26
100900123,116,123,-7
100900124,2,9,-7
100900125,11,47,-36
100900126,250,101,149
100900127,1,6,-5
100900128,75,243,-168
100900129,0,333,-333
100900131,43,211,-168
100900133,56,42,14
100900134,0,2,-2
100900135,2,426,-424
100900137,253,231,22
100900138,302,469,-167
100900139,2,5,-3
100900140,1,215,-214
100900141,0,694,-694
100900142,2,18,-16
100900143,406,445,-39
100900144,8,4,4
100900145,59,253,-194
100900146,5,60,-55
100900147,6,634,-628
100900148,81,172,-91
100900149,27,226,-199
100900150,2,29,-27
100900151,110,445,-335
100900152,251,9,242
100900153,2,158,-156
100900154,26,161,-135
100900155,19,2,17
100900156,17,10,7
100900157,8,1018,-1010
100900158,447,72,375
100900159,5,82,-77
100900160,49,5,44
100900161,25,18,7
100900162,18,631,-613
100900163,103,110,-7
100900164,51,56,-5
100900165,15,23,-8
100900166,18,3,15
100900167,11,65,-54
100900168,26,254,-228
100900169,82,725,-643
100900170,19,6,13
100900171,12,299,-287
100900172,0,24,-24
100900173,8,166,-158
100900174,54,18,36
100900176,1511,173,1338
100900177,432,176,256
100900178,210,224,-14
100900179,249,476,-227
100900180,7,3,4
100900181,51,88,-37
100900182,54,48,6
100900184,21,115,-94
100900186,484,337,147
100900187,14,76,-62
100900188,24,17,7
100900189,2682,276,2406
100900191,515,1295,-780
100900192,156,461,-305
100900195,130,180,-50
100900197,22,35,-13
100900198,24,115,-91
100900199,8,25,-17
100900200,734,313,421
100900201,126,817,-691
100900202,46,0,46
100900203,2,369,-367
100900204,90,1067,-977
100900205,143,689,-546
100900206,268,80,188
100900207,262,189,73
100900210,56,176,-120
100900211,437,114,323
100900213,198,47,151
100900214,429,98,331
100900215,18,34,-16
101000001,1621,1904,-283
101000002,5911,6662,-751
101000003,281,860,-579
101000004,5416,5529,-113
101000005,4461,4964,-503
101000006,5155,7161,-2006
101000007,2940,4212,-1272
101000008,1640,1674,-34
101000009,2459,600,1859
101000010,806,463,343
101000011,753,303,450
101000012,429,699,-270
101000013,554,931,-377
101000014,275,404,-129
101000015,1494,789,705
101000016,241,466,-225
101000017,346,368,-22
101000018,1225,2281,-1056
101000020,1176,638,538
101000021,485,374,111
101000022,180,255,-75
101000023,753,518,235
101000025,271,480,-209
101000026,177,28,149
101000027,2156,3293,-1137
101000028,25,28,-3
101000029,120,1381,-1261
101000030,1108,218,890
101000031,230,922,-692
101000032,2609,4114,-1505
101000033,1177,2991,-1814
101000034,875,1605,-730
101000035,555,229,326
101000036,923,978,-55
101000037,1038,1824,-786
101000039,1287,2526,-1239
101000040,1888,3661,-1773
101000041,2285,6887,-4602
101000042,161,998,-837
101000043,2851,7369,-4518
101000045,354,744,-390
101000046,1189,2139,-950
101000047,1085,5004,-3919
101000048,442,424,18
101000049,441,1903,-1462
101000050,974,2105,-1131
101000051,860,2678,-1818
101000052,882,1393,-511
101000053,635,1020,-385
101000054,1516,773,743
101000055,953,1366,-413
101000056,20,115,-95
101000057,720,1519,-799
101000058,570,1112,-542
101000059,1266,1902,-636
101000060,1463,843,620
101000061,599,1408,-809
101000062,331,658,-327
101000063,278,1141,-863
101000064,502,915,-413
101000065,203,681,-478
101000066,468,1093,-625
101000067,536,931,-395
101000068,163,485,-322
101000069,112,75,37
101000070,540,829,-289
101000071,2159,868,1291
101000072,547,3025,-2478
101000073,561,1215,-654
101000074,2449,4205,-1756
101000075,1737,4666,-2929
101000077,1410,1249,161
101000078,637,1154,-517
101000079,934,960,-26
101000080,790,843,-53
101000081,1494,1378,116
101000082,1892,2009,-117
101000083,2834,2073,761
101000084,974,497,477
101000085,1212,982,230
101000086,769,991,-222
101000087,715,775,-60
101000088,1223,1003,220
101000089,954,1359,-405
101000090,1484,697,787
101000091,457,442,15
101000092,1329,521,808
101000093,1287,528,759
101000094,1011,742,269
101000095,517,494,23
101000096,533,375,158
101000097,370,529,-159
101000098,288,758,-470
101000099,523,984,-461
101000100,573,925,-352
101000101,208,350,-142
101000102,625,645,-20
101000103,499,631,-132
101000104,256,752,-496
101000105,149,457,-308
101000106,395,1227,-832
101000107,287,395,-108
101000108,466,125,341
101000109,491,91,400
101000110,31,172,-141
101000111,45,162,-117
101000113,153,711,-558
101000114,3617,8875,-5258
101000115,15,28,-13
101000116,29,28,1
101000117,996,152,844
101000119,43,57,-14
101000120,131,89,42
101000121,54,76,-22
101000122,85,128,-43
101000123,46,127,-81
101000124,679,436,243
101000125,92,218,-126
101000128,267,852,-585
101000130,119,238,-119
101000131,1002,304,698
101000132,895,631,264
101000135,19,35,-16
101000136,209,261,-52
101000137,22,453,-431
101000141,588,3300,-2712
101000147,445,282,163
101000148,537,28,509
101000149,68,261,-193
101000150,91,229,-138
101000151,364,61,303
101000152,192,241,-49
101000153,228,140,88
101000154,323,426,-103
101000155,527,151,376
101000156,6,353,-347
101000157,71,40,31
101000160,28,9,19
101000163,118,485,-367
101000164,243,160,83
101000165,264,341,-77
101000166,224,208,16
101000168,740,431,309
101000252,2261,908,1353
101000254,55,84,-29
101000258,73,7,66
101000261,95,53,42
101000262,951,3573,-2622
101000263,327,1166,-839
101000265,56,657,-601
101000266,255,304,-49
101000269,18,14,4
101000290,486,2149,-1663
101000293,30,33,-3
101000294,575,446,129
101000295,169,265,-96
101000301,297,477,-180
101000304,1661,2306,-645
101000305,2120,894,1226
101900001,30,26,4
101900002,0,9,-9
101900003,19,67,-48
101900004,0,63,-63
101900005,1372,3141,-1769
101900006,1449,77,1372
101900007,515,233,282
101900008,41,223,-182
101900009,38,323,-285
101900010,555,705,-150
101900011,112,798,-686
101900012,326,94,232
101900013,358,96,262
101900017,13,107,-94
101900018,442,227,215
101900019,84,128,-44
101900020,251,141,110
101900021,0,54,-54
101900022,146,430,-284
101900023,184,102,82
102000001,2577,5015,-2438
102000002,1976,662,1314
102000003,1923,6712,-4789
102000004,2839,2353,486
102000005,913,2724,-1811
102000006,662,1341,-679
102000007,1434,4337,-2903
102000008,2873,1245,1628
102000009,5811,7575,-1764
102000010,3140,2507,633
102000011,3622,3129,493
102000012,2469,2173,296
102000018,2208,2559,-351
102000019,1913,1588,325
102000026,170,284,-114
102000029,160,163,-3
102000030,111,321,-210
102000031,73,77,-4
102000032,582,274,308
102000033,274,292,-18
102000034,390,475,-85
102000035,1068,601,467
102000036,23,240,-217
102000037,136,23,113
102000038,82,422,-340
102000039,110,129,-19
102000040,200,394,-194
102000041,106,502,-396
102000042,97,444,-347
102000043,111,273,-162
102000044,224,642,-418
102000045,459,571,-112
102000046,952,572,380
102000047,588,662,-74
102000048,411,649,-238
102000049,835,721,114
102000050,762,920,-158
102000051,370,687,-317
102000052,956,642,314
102000053,755,988,-233
102000054,813,1079,-266
102000055,1255,323,932
102000056,1174,320,854
102000057,1202,400,802
102000058,1055,759,296
102000059,942,881,61
102000060,759,669,90
102000061,1536,1162,374
102000062,1918,820,1098
102000063,754,885,-131
102000064,371,462,-91
102000065,72,105,-33
102000066,624,544,80
102000067,2264,2196,68
102000068,8510,2568,5942
102000069,104,2312,-2208
102000070,1303,50,1253
102000071,5310,6781,-1471
102000072,2446,3441,-995
102000073,678,865,-187
102000074,426,1309,-883
102000075,135,275,-140
102000076,249,211,38
102000077,741,434,307
102000078,972,321,651
102000079,154,185,-31
102000080,204,132,72
102000081,170,598,-428
102000082,513,286,227
102000083,716,191,525
102000084,453,154,299
102000085,1946,690,1256
102000086,1039,584,455
102000087,709,1181,-472
102000088,211,291,-80
102000089,1188,344,844
102000090,301,900,-599
102000091,956,467,489
102000092,254,448,-194
102000093,504,543,-39
102000094,451,553,-102
102000095,663,961,-298
102000096,474,657,-183
102000097,592,456,136
102000098,384,607,-223
102000099,654,851,-197
102000100,253,831,-578
102000101,346,542,-196
102000102,245,854,-609
102000103,1491,276,1215
102000104,554,248,306
102000105,238,425,-187
102000106,781,427,354
102000107,1663,308,1355
102000108,505,133,372
102000109,515,328,187
102000110,1231,454,777
102000111,3,170,-167
102000112,114,122,-8
102000113,8,33,-25
102000114,467,292,175
102000115,222,304,-82
102000116,266,500,-234
102000117,114,668,-554
102000118,713,1226,-513
102000119,926,1115,-189
102000120,252,415,-163
102000121,852,504,348
102000122,709,714,-5
102000123,1071,1052,19
102000124,1321,1121,200
102000125,617,716,-99
102000126,552,728,-176
102000127,1131,595,536
102000128,745,695,50
102000129,1524,498,1026
102000130,673,811,-138
102000131,2024,829,1195
102000132,949,1267,-318
102000133,2692,1387,1305
102000134,909,620,289
102000135,629,796,-167
102000136,1200,604,596
102000137,336,1038,-702
102000138,152,296,-144
102000139,46,590,-544
102000140,89,829,-740
102000141,194,664,-470
102000142,292,183,109
102000143,222,187,35
102000144,403,196,207
102000145,373,300,73
102000146,387,290,97
102000147,496,349,147
102000148,203,461,-258
102000149,219,151,68
102000150,574,74,500
102000151,108,106,2
102000152,161,108,53
102000153,874,502,372
102000154,165,337,-172
102000155,58,357,-299
102000156,203,170,33
102000157,65,471,-406
102000158,121,290,-169
102000159,893,751,142
102000161,1861,1919,-58
102000162,134,122,12
102000163,53,452,-399
102000164,486,903,-417
102000165,190,162,28
102000166,62,155,-93
102000167,165,227,-62
102000168,212,180,32
102000169,84,581,-497
102000170,435,225,210
102000171,85,322,-237
102000172,31,508,-477
102000173,370,298,72
102000174,62,51,11
102000175,89,76,13
102000176,62,22,40
102000178,265,218,47
102000179,378,182,196
102000180,938,285,653
102000181,985,300,685
102000182,561,349,212
102000183,1812,1026,786
102000184,2097,471,1626
102000185,2801,794,2007
102000186,1589,1018,571
102000187,849,863,-14
102000188,1072,1029,43
102000189,1576,416,1160
102000190,453,2027,-1574
102000191,879,350,529
102000192,1241,1488,-247
102000193,76,64,12
102000194,57,102,-45
102000195,370,283,87
102000196,225,196,29
102000197,1002,172,830
102000198,223,350,-127
102000199,1220,165,1055
102000200,358,487,-129
102000201,1335,333,1002
102000202,4,64,-60
102000203,382,135,247
102000204,603,353,250
102000205,1336,267,1069
102000206,710,207,503
102000207,656,344,312
102000208,352,291,61
102000209,80,43,37
102000210,405,211,194
102000211,546,198,348
102000212,372,4,368
102000213,10,182,-172
102000214,387,15,372
102000215,5,177,-172
102000216,68,86,-18
102000217,7,68,-61
102000218,258,159,99
102000219,189,179,10
102000225,303,486,-183
102000226,467,739,-272
102000227,162,0,162
102000228,0,51,-51
102000229,53,55,-2
102000230,303,292,11
102000231,278,326,-48
102000232,39,144,-105
102000233,439,425,14
102000234,66,793,-727
102000236,206,57,149
102000237,317,101,216
102000238,172,207,-35
102000240,284,686,-402
102000241,157,104,53
102000243,8,32,-24
102000245,3,95,-92
102000246,2,35,-33
102000247,189,280,-91
102000248,164,539,-375
102000249,163,86,77
102000250,62,172,-110
102000254,157,98,59
102000266,5,607,-602
102000271,25,0,25
102000286,347,285,62
102000297,1586,813,773
102000299,0,0,0
102000302,0,0,0
102000305,0,0,0
102000306,0,0,0
102000307,0,11,-11
102000308,0,0,0
102900001,1139,521,618
102900002,266,38,228
102900003,100,106,-6
102900005,363,172,191
102900006,521,72,449
102900007,567,13,554
102900008,231,38,193
102900009,468,403,65
102900010,135,826,-691
102900011,1006,447,559
102900012,305,65,240
102900013,45,54,-9
102900015,601,426,175
102900016,72,41,31
102900017,246,183,63
102900018,55,40,15
102900019,322,377,-55
102900020,184,17,167
102900021,38,49,-11
102900022,196,171,25
102900023,17,52,-35
102900024,25,45,-20
102900025,113,85,28
102900026,305,1870,-1565
102900027,67,58,9
102900028,196,766,-570
102900029,117,200,-83
102900030,278,313,-35
102900031,275,114,161
102900032,118,74,44
102900033,107,142,-35
102900034,487,60,427
102900035,184,192,-8
102900036,328,191,137
102900037,285,185,100
102900038,387,181,206
102900039,19,422,-403
102900040,215,174,41
102900041,101,82,19
102900042,212,174,38
102900043,214,127,87
102900044,404,1061,-657
102900045,147,360,-213
102900046,200,172,28
102900047,104,541,-437
102900048,397,244,153
102900049,73,380,-307
102900050,121,208,-87
102900051,153,182,-29
102900052,46,69,-23
102900053,301,459,-158
102900054,318,1129,-811
102900055,176,228,-52
102900056,80,299,-219
102900057,7,64,-57
102900058,398,58,340
102900059,33,42,-9
102900060,136,252,-116
102900061,192,220,-28
102900062,331,340,-9
102900063,1552,308,1244
102900064,109,359,-250
102900065,807,256,551
102900066,293,17,276
102900068,75,83,-8
102900070,187,447,-260
102900072,5,48,-43
102900073,96,12,84
102900074,170,184,-14
102900075,14,62,-48
102900076,54,125,-71
102900077,50,21,29
102900078,16,40,-24
102900079,194,14,180
102900080,457,38,419
102900081,88,260,-172
102900082,11,208,-197
102900083,89,12,77
102900084,5,54,-49
102900085,251,99,152
102900086,20,111,-91
102900087,98,160,-62
102900088,34,35,-1
102900089,156,105,51
102900090,1,122,-121
102900091,181,9,172
102900092,560,204,356
102900093,337,144,193
102900094,3,132,-129
102900095,100,1,99
102900096,89,7,82
102900097,48,62,-14
103000001,1871,1720,151
103000002,1923,1925,-2
103000003,2491,2218,273
103000004,542,451,91
103000005,1575,2715,-1140
103000006,707,1412,-705
103000007,297,504,-207
103000008,851,534,317
103000009,1393,1033,360
103000010,121,72,49
103000011,1113,808,305
103000012,1349,1441,-92
103000013,2102,1416,686
103000014,1096,2380,-1284
103000015,1049,499,550
103000016,423,1289,-866
103000017,226,374,-148
103000018,570,252,318
103000019,360,359,1
103000020,1504,1034,470
103000021,1404,1862,-458
103000022,616,797,-181
103000023,614,1729,-1115
103000024,58,78,-20
103000025,94,652,-558
103000026,424,85,339
103000027,191,515,-324
103000028,137,216,-79
103000029,109,208,-99
103000030,1083,995,88
103000031,708,1801,-1093
103000032,1730,1226,504
103000033,2486,2222,264
103000034,889,830,59
103000035,358,1138,-780
103000036,267,300,-33
103000037,411,394,17
103000038,544,1042,-498
103000039,592,238,354
103000040,530,462,68
103000041,1726,1150,576
103000042,1442,311,1131
103000043,752,488,264
103000044,378,120,258
103000046,369,372,-3
103000047,626,283,343
103000048,246,143,103
103000049,113,72,41
103000050,620,233,387
103000051,702,396,306
103000052,530,226,304
103000053,184,407,-223
103000054,2150,978,1172
103000055,1644,1525,119
103000056,729,751,-22
103000057,1016,119,897
103000058,660,489,171
103000059,682,551,131
103000060,688,264,424
103000061,518,693,-175
103000062,964,293,671
103000063,816,777,39
103000064,122,116,6
103000065,6,230,-224
103000066,202,9,193
103000069,388,154,234
103000070,798,408,390
103000071,1301,428,873
103000072,158,393,-235
103000073,770,118,652
103000074,918,105,813
103000075,126,504,-378
103000076,420,591,-171
103000077,27,265,-238
103000078,660,839,-179
103000079,415,489,-74
103000080,536,384,152
103000081,298,793,-495
103000082,470,180,290
103000083,91,273,-182
103000084,71,11,60
103000085,6,60,-54
103000086,376,412,-36
103000087,250,346,-96
103000088,232,294,-62
103000089,203,455,-252
103000090,3204,895,2309
103000091,755,424,331
103000092,271,245,26
103000093,255,420,-165
103000094,208,118,90
103000095,111,267,-156
103000096,489,74,415
103000097,100,535,-435
103000098,594,153,441
103000099,183,445,-262
103000100,214,385,-171
103000101,1003,113,890
103000102,175,283,-108
103000103,730,142,588
103000104,97,58,39
103000105,224,60,164
103000106,14,113,-99
103000107,255,61,194
103000108,765,576,189
103000109,456,381,75
103000110,476,483,-7
103000111,369,378,-9
103000112,230,246,-16
103000113,310,500,-190
103000114,1233,610,623
103000115,745,353,392
103000116,669,282,387
103000117,387,361,26
103000118,385,337,48
103000119,693,316,377
103000120,34,104,-70
103000121,75,152,-77
103000122,244,281,-37
103000125,35,106,-71
103000126,695,1,694
103000127,6,83,-77
103000128,182,2,180
103000129,8,98,-90
103000130,85,39,46
103000131,104,105,-1
103000132,50,114,-64
103000133,11,63,-52
103000134,260,900,-640
103000135,506,169,337
103000136,428,389,39
103000137,345,521,-176
103000138,460,597,-137
103000139,2,61,-59
103000140,119,35,84
103000141,39,112,-73
103000142,94,76,18
103000143,77,127,-50
103000144,210,49,161
103000145,28,200,-172
103000150,77,38,39
103000152,146,155,-9
103000153,174,145,29
103000156,15,154,-139
103000157,399,2,397
103000159,103,45,58
103000162,39,10,29
103000163,2,17,-15
103000164,3,8,-5
103000165,78,104,-26
103000166,238,263,-25
103000167,185,80,105
103000168,135,124,11
103000169,158,417,-259
103000170,1045,192,853
103000171,21,107,-86
103000172,1009,372,637
103000173,783,136,647
103000174,251,179,72
103000175,304,129,175
103000176,714,576,138
103000177,358,361,-3
103000178,105,325,-220
103000179,179,26,153
103000183,225,16,209
103000185,152,33,119
103000186,217,89,128
103000187,897,152,745
103000188,36,111,-75
103000189,671,465,206
103000191,495,520,-25
103000292,496,1526,-1030
103000293,671,2837,-2166
103000295,84,141,-57
103000296,101,5,96
103000297,6,122,-116
103000504,70,12,58
103000505,3,37,-34
103000506,2,72,-70
103000507,215,0,215
103000508,83,99,-16
103000509,218,405,-187
103900001,3,41,-38
103900002,723,124,599
103900003,957,164,793
103900004,189,1,188
103900005,0,68,-68
103900006,4,5,-1
103900007,31,1,30
103900008,21,2,19
103900009,405,370,35
103900010,163,228,-65
103900011,450,66,384
103900012,11,23,-12
103900013,90,30,60
103900014,99,17,82
103900015,116,18,98
103900016,187,93,94
103900017,42,48,-6
103900018,258,95,163
103900019,50,343,-293
103900020,171,504,-333
103900021,216,18,198
103900022,710,398,312
103900023,211,1,210
103900024,71,288,-217
103900025,12,27,-15
103900026,91,2,89
103900027,550,176,374
103900028,25,271,-246
103900029,952,115,837
103900030,403,138,265
103900031,34,1,33
103900032,87,58,29
103900033,71,32,39
103900034,42,41,1
103900035,64,33,31
103900036,51,47,4
103900037,102,72,30
103900038,99,189,-90
103900039,132,120,12
103900040,9,98,-89
103900041,100,49,51
103900042,120,81,39
103900043,265,43,222
103900044,54,397,-343
103900045,374,153,221
103900047,116,14,102
103900048,26,43,-17
103900049,105,873,-768
103900050,20,145,-125
103900051,3,76,-73
103900052,250,180,70
103900053,265,203,62
103900054,175,165,10
103900055,465,155,310
103900056,58,45,13
103900057,70,50,20
103900058,382,249,133
103900059,0,39,-39
103900060,65,66,-1
103900061,226,32,194
103900062,537,150,387
103900063,16,0,16
103900064,156,9,147
103900065,355,264,91
103900066,177,65,112
103900067,206,19,187
103900068,8,1,7
103900069,87,16,71
103900070,134,128,6
103900071,9,47,-38
103900072,15,86,-71
103900073,23,48,-25
103900074,92,31,61
103900075,97,42,55
103900076,672,230,442
103900077,35,178,-143
103900078,342,106,236
103900079,134,157,-23
103900080,3,18,-15
103900081,15,31,-16
103900082,24,131,-107
103900083,836,1362,-526
103900084,90,182,-92
103900085,45,117,-72
103900086,1055,360,695
103900087,34,55,-21
103900088,291,521,-230
103900089,53,90,-37
103900090,0,49,-49
103900091,772,155,617
103900092,511,305,206
103900093,58,215,-157
103900094,19,56,-37
103900095,228,144,84
103900096,69,59,10
103900097,10,365,-355
103900098,311,121,190
103900099,182,82,100
103900100,363,110,253
103900101,163,748,-585
103900102,4,33,-29
103900104,1,16,-15
103900105,43,77,-34
103900106,1,146,-145
103900107,156,84,72
103900108,44,131,-87
103900109,170,37,133
103900110,302,35,267
103900111,169,223,-54
103900112,104,206,-102
103900113,92,192,-100
103900114,267,195,72
103900115,236,222,14
103900116,1431,2205,-774
103900117,96,52,44
103900119,26,103,-77
103900120,35,50,-15
103900122,157,80,77
103900123,481,448,33
103900124,49,23,26
103900125,107,35,72
103900126,688,158,530
103900127,195,189,6
103900128,161,57,104
103900131,27,36,-9
103900133,1030,67,963
103900134,1,10,-9
103900135,6,6,0
103900137,0,2,-2
103900138,137,35,102
103900139,156,2691,-2535
103900140,5,258,-253
103900141,203,67,136
103900142,280,69,211
103900143,203,4,199
103900144,0,16,-16
103900145,107,254,-147
103900146,286,153,133
103900147,382,88,294
103900148,320,187,133
103900149,448,228,220
103900150,3061,4825,-1764
103900151,36,163,-127
103900152,856,217,639
103900153,11,7,4
103900154,333,1796,-1463
103900155,64,93,-29
103900156,141,53,88
103900157,105,49,56
103900158,207,58,149
103900159,167,30,137
103900160,66,36,30
103900161,71,161,-90
103900162,49,62,-13
103900163,19,382,-363
103900164,224,17,207
103900167,20,103,-83
103900168,161,64,97
103900169,36,97,-61
103900170,0,47,-47
103900171,0,31,-31
103900172,1,5,-4
103900173,11,13,-2
103900174,339,52,287
103900175,52,86,-34
103900176,4,46,-42
103900177,13,39,-26
103900178,108,29,79
103900179,96,29,67
103900180,7,30,-23
103900181,39,46,-7
103900182,15,9,6
103900184,208,117,91
103900185,58,593,-535
103900187,9,83,-74
103900188,47,40,7
103900189,115,7,108
103900190,78,48,30
103900191,34,52,-18
103900192,52,99,-47
103900193,76,75,1
103900194,84,119,-35
103900195,4,147,-143
103900196,42,56,-14
103900197,24,13,11
103900198,19,20,-1
103900199,122,45,77
103900200,191,53,138
103900201,96,114,-18
103900202,8,48,-40
103900203,50,26,24
103900204,0,31,-31
103900207,0,45,-45
103900208,155,0,155
103900209,6,71,-65
103900210,44,19,25
103900211,668,161,507
103900212,189,140,49
103900213,31,155,-124
103900214,142,163,-21
103900215,97,177,-80
103900216,12,303,-291
103900217,212,47,165
103900218,2,198,-196
103900219,162,99,63
103900233,95,12,83
103900235,10,45,-35
103900236,4,9,-5
103900242,0,2,-2
103900243,3,1,2
103900244,142,78,64
103900245,107,84,23
103900246,37,28,9
103900247,10,46,-36
103900248,1,45,-44
103900249,9,53,-44
103900250,13,25,-12
103900251,1,16,-15
103900253,16,49,-33
103900254,1,4,-3
103900255,3,3,0
103900256,13,11,2
103900257,10,81,-71
103900258,27,5,22
103900259,15,3,12
103900261,24,1,23
103900262,7,2,5
103900263,14,30,-16
103900264,21,15,6
103900265,21,2,19
103900266,4,103,-99
103900267,4,45,-41
104000001,2375,1901,474
104000002,1431,1580,-149
104000003,1997,1616,381
104000004,1931,1821,110
104000005,1615,1597,18
104000006,2663,1992,671
104000007,3143,3107,36
104000008,149,134,15
104000009,225,133,92
104000010,164,273,-109
104000011,242,118,124
104000012,128,165,-37
104000013,288,239,49
104000014,178,343,-165
104000015,375,131,244
104000016,393,226,167
104000018,766,227,539
104000019,581,264,317
104000020,146,298,-152
104000021,203,310,-107
104000022,134,206,-72
104000023,845,381,464
104000024,214,234,-20
104000026,36,198,-162
104000027,229,154,75
104000028,390,203,187
104000029,330,189,141
104000030,339,264,75
104000031,1275,282,993
104000032,144,196,-52
104000033,693,354,339
104000034,340,173,167
104000035,931,298,633
104000036,919,397,522
104000037,255,94,161
104000038,480,291,189
104000039,181,105,76
104000040,140,271,-131
104000041,611,298,313
104000042,138,169,-31
104000043,177,199,-22
104000044,167,308,-141
104000045,791,591,200
104000046,632,794,-162
104000047,410,655,-245
104000048,806,729,77
104000049,513,293,220
104000050,103,535,-432
104000051,136,445,-309
104000052,1468,1289,179
104000053,815,368,447
104000054,477,213,264
104000055,2583,1728,855
104000056,692,198,494
104000057,131,164,-33
104000058,621,592,29
104000059,535,821,-286
104000060,1107,1176,-69
104000061,955,814,141
104000062,384,54,330
104000064,520,253,267
104000065,180,581,-401
104000069,523,1153,-630
104000070,64,379,-315
104000071,96,211,-115
104000072,397,129,268
104000075,117,238,-121
104000076,347,72,275
104000082,1959,2953,-994
104000083,584,148,436
104000084,97,375,-278
104000085,311,270,41
104000086,241,333,-92
104000087,305,1740,-1435
104000090,779,588,191
104000092,1470,949,521
104000094,684,693,-9
104000095,1576,924,652
104000096,1831,52,1779
104000097,1856,416,1440
104000098,2583,474,2109
104000100,1905,482,1423
104000101,1082,1048,34
104000106,39,491,-452
104000107,438,194,244
104000108,178,260,-82
104000109,307,219,88
104000110,654,928,-274
104000111,2018,2472,-454
104000112,661,411,250
104000116,2,492,-490
104000117,193,296,-103
104000118,872,139,733
104000119,781,265,516
104000120,232,309,-77
104000121,210,465,-255
104000122,870,629,241
104000123,627,489,138
104000124,407,1122,-715
104000125,1771,4304,-2533
104000126,470,459,11
104000127,1021,1204,-183
104000128,462,234,228
104000129,72,4,68
104000130,1,351,-350
104000131,219,193,26
104000132,307,245,62
104000133,1206,622,584
104000134,674,1332,-658
104000135,454,1527,-1073
104000136,628,2714,-2086
104000137,1409,279,1130
104000138,716,321,395
104000139,2706,1994,712
104000141,620,745,-125
104000142,521,339,182
104000143,643,207,436
104000144,127,146,-19
104000145,357,185,172
104000146,158,306,-148
104000147,110,237,-127
104000148,388,172,216
104000149,172,139,33
104000150,864,522,342
104000151,285,230,55
104000152,505,313,192
104000153,783,543,240
104000154,605,286,319
104000155,401,561,-160
104000157,729,858,-129
104000158,123,493,-370
104000159,835,454,381
104000160,1412,1754,-342
104000161,160,167,-7
104000162,79,124,-45
104000165,486,584,-98
104000167,597,1131,-534
104000168,576,11,565
104000169,144,41,103
104000170,202,411,-209
104000248,346,347,-1
104000251,34,110,-76
104000272,0,0,0
104000273,0,0,0
104000274,0,0,0
104000275,0,0,0
104000279,588,479,109
104000290,78,197,-119
104000291,369,801,-432
104000293,771,711,60
104000294,81,1,80
104000295,576,547,29
104000296,419,453,-34
104000297,572,1440,-868
104000298,1731,764,967
104000299,548,928,-380
104900001,101,201,-100
104900002,108,225,-117
104900003,77,160,-83
104900004,88,88,0
104900005,385,250,135
104900006,448,77,371
104900007,301,189,112
104900009,149,143,6
104900010,78,42,36
104900011,9,17,-8
104900012,207,39,168
104900013,96,10,86
104900014,1445,304,1141
104900015,103,8,95
104900016,273,153,120
104900017,173,105,68
104900018,5,126,-121
104900019,198,3754,-3556
104900020,25,165,-140
104900021,0,71,-71
104900022,14,69,-55
104900023,1,39,-38
104900024,19,78,-59
104900025,79,124,-45
104900026,2,44,-42
104900027,591,310,281
104900028,11,76,-65
104900029,22,48,-26
104900030,499,181,318
104900031,54,192,-138
104900032,47,88,-41
104900033,200,243,-43
104900034,417,146,271
104900035,453,211,242
104900036,279,63,216
104900037,156,118,38
104900038,173,788,-615
104900039,412,482,-70
104900040,450,72,378
104900041,306,134,172
104900042,130,130,0
104900043,17,217,-200
104900044,767,134,633
104900045,315,69,246
104900046,243,58,185
104900047,463,74,389
104900048,354,71,283
104900049,46,43,3
104900050,256,56,200
104900051,257,51,206
104900052,150,7,143
104900053,386,116,270
104900054,241,23,218
104900055,167,4,163
104900056,167,29,138
104900057,57,2,55
104900058,486,811,-325
104900059,81,52,29
104900060,2,484,-482
104900061,159,235,-76
104900063,1,85,-84
104900064,0,55,-55
104900065,2,209,-207
104900066,3,63,-60
104900067,11,260,-249
104900068,54,144,-90
104900070,161,244,-83
104900071,2,301,-299
104900072,50,210,-160
104900073,99,92,7
104900074,84,145,-61
104900075,72,21,51
104900076,192,169,23
104900077,492,328,164
104900078,255,194,61
104900079,119,493,-374
104900080,103,358,-255
104900082,10,256,-246
104900085,1,119,-118
104900087,338,10,328
104900089,293,2,291
104900090,1094,780,314
104900091,465,504,-39
104900093,153,255,-102
104900097,1546,2463,-917
104900098,225,25,200
104900099,56,631,-575
104900100,229,163,66
104900102,29,88,-59
104900103,365,47,318
104900104,1848,2136,-288
104900106,191,110,81
104900107,144,113,31
104900108,41,113,-72
104900109,77,123,-46
104900110,7,31,-24
104900111,256,91,165
104900112,330,247,83
104900113,793,253,540
104900114,431,226,205
104900115,814,246,568
104900116,332,90,242
104900118,47,20,27
104900119,1,45,-44
104900120,6,357,-351
104900121,0,40,-40
104900122,1,54,-53
104900123,114,33,81
104900124,62,0,62
104900125,448,6,442
104900126,35,18,17
104900127,16,49,-33
104900128,106,104,2
104900129,932,2431,-1499
105000001,2610,1173,1437
105000002,2075,1275,800
105000003,2542,3176,-634
105000004,538,582,-44
105000005,1201,1000,201
105000006,1330,1490,-160
105000007,1493,1897,-404
105000008,1047,3837,-2790
105000009,2762,3056,-294
105000010,2313,1065,1248
105000011,3573,3095,478
105000012,2584,1654,930
105000013,1014,1284,-270
105000014,2379,3095,-716
105000015,8442,13619,-5177
105000016,1094,1146,-52
105000017,1121,647,474
105000018,799,1384,-585
105000019,727,809,-82
105000020,111,427,-316
105000021,142,112,30
105000022,206,150,56
105000023,442,202,240
105000028,50,54,-4
105000029,582,1433,-851
105000030,2579,1681,898
105000033,718,1148,-430
105000034,115,1015,-900
105000037,469,236,233
105000038,1248,1625,-377
105000039,1416,944,472
105000040,981,1408,-427
105000041,445,842,-397
105000042,2051,1548,503
105000043,847,1351,-504
105000044,1180,458,722
105000045,412,507,-95
105000046,1134,372,762
105000047,413,477,-64
105000048,548,202,346
105000049,255,258,-3
105000050,574,337,237
105000051,121,178,-57
105000052,476,553,-77
105000053,57,103,-46
105000054,453,677,-224
105000055,737,237,500
105000056,1532,1236,296
105000057,1135,400,735
105000058,1065,635,430
105000059,844,483,361
105000060,411,322,89
105000061,894,418,476
105000062,417,412,5
105000063,265,234,31
105000064,1987,596,1391
105000065,313,293,20
105000066,737,785,-48
105000067,1438,572,866
105000068,236,532,-296
105000069,1100,2140,-1040
105000070,334,899,-565
105000071,185,1129,-944
105000072,646,2508,-1862
105000073,828,565,263
105000074,662,422,240
105000075,476,544,-68
105000076,903,646,257
105000077,1465,947,518
105000078,883,1144,-261
105000079,943,2512,-1569
105000080,1679,1546,133
105000081,1685,1203,482
105000082,712,1833,-1121
105000083,2420,3481,-1061
105000084,425,583,-158
105000085,1711,2041,-330
105000086,679,646,33
105000087,1109,1330,-221
105000088,1049,1600,-551
105000089,1752,1341,411
105000090,682,470,212
105000091,760,879,-119
105000092,512,708,-196
105000093,233,381,-148
105000094,193,205,-12
105000095,56,385,-329
105000096,875,1218,-343
105000097,565,656,-91
105000098,1021,546,475
105000099,599,560,39
105000100,1432,987,445
105000101,1644,1308,336
105000102,1553,1166,387
105000103,990,1895,-905
105000104,1980,950,1030
105000105,761,1170,-409
105000106,1446,1075,371
105000107,1721,812,909
105000108,2104,1248,856
105000109,1913,1009,904
105000110,809,371,438
105000111,835,403,432
105000112,1074,411,663
105000113,380,637,-257
105000114,1504,1240,264
105000115,237,1084,-847
105000116,889,476,413
105000117,678,322,356
105000118,824,422,402
105000119,559,533,26
105000120,1392,499,893
105000121,748,607,141
105000122,417,515,-98
105000123,656,582,74
105000124,2174,594,1580
105000125,831,905,-74
105000126,2148,972,1176
105000127,2216,1115,1101
105000128,716,686,30
105000129,845,199,646
105000130,279,3116,-2837
105000131,651,262,389
105000132,1126,717,409
105000133,556,708,-152
105000134,980,484,496
105000135,265,277,-12
105000136,53,50,3
105000137,418,135,283
105000138,30,57,-27
105000139,860,483,377
105000140,325,353,-28
105000141,221,270,-49
105000142,232,313,-81
105000143,161,332,-171
105000144,244,378,-134
105000145,766,289,477
105000146,366,482,-116
105000147,627,294,333
105000148,947,481,466
105000149,2640,1841,799
105000150,1198,728,470
105000151,499,266,233
105000152,115,329,-214
105000153,611,487,124
105000154,531,378,153
105000155,266,682,-416
105000156,489,403,86
105000157,640,1009,-369
105000158,1819,650,1169
105000159,226,735,-509
105000160,2284,569,1715
105000161,596,999,-403
105000162,620,1760,-1140
105000163,787,607,180
105000164,128,195,-67
105000165,550,5850,-5300
105000166,3298,1227,2071
105000167,1121,2077,-956
105000168,516,321,195
105000169,665,158,507
105000170,297,998,-701
105000171,907,145,762
105000172,128,17,111
105000173,268,35,233
105000174,92,40,52
105000175,152,67,85
105000176,555,57,498
105000177,427,170,257
105000178,248,212,36
105000179,891,92,799
105000180,231,47,184
105000181,211,135,76
105000182,43,35,8
105000183,1338,2129,-791
105000184,725,841,-116
105000185,952,1167,-215
105000186,306,517,-211
105000187,741,235,506
105000188,206,203,3
105000189,99,516,-417
105000190,253,264,-11
105000191,333,225,108
105000192,361,60,301
105000193,56,84,-28
105000194,427,89,338
105000195,268,609,-341
105000196,52,213,-161
105000197,196,399,-203
105000198,296,192,104
105000199,98,408,-310
105000200,111,348,-237
105000201,69,33,36
105000203,17,82,-65
105000204,61,72,-11
105000205,76,109,-33
105000207,231,99,132
105000208,218,620,-402
105000209,119,157,-38
105000212,1013,575,438
105000213,90,163,-73
105000214,153,152,1
105000215,417,135,282
105000216,147,129,18
105000217,226,134,92
105000218,1591,872,719
105000221,148,123,25
105000222,343,50,293
105000223,230,108,122
105000226,95,123,-28
105000227,70,103,-33
105000228,151,1956,-1805
105000229,134,554,-420
105000231,298,253,45
105000233,839,645,194
105000234,494,693,-199
105000235,444,442,2
105000237,807,69,738
105000243,31,85,-54
105000248,35,74,-39
105000262,423,593,-170
105000269,229,172,57
105000270,574,29,545
105000271,0,89,-89
105000282,39,10,29
105000287,240,115,125
105000288,687,334,353
105000289,1047,1793,-746
105000290,16,12,4
105000402,2137,3830,-1693
105000426,226,609,-383
105000438,1762,1220,542
105000446,5955,3970,1985
105000447,2786,1568,1218
105000454,663,101,562
105000455,162,81,81
105000474,27,0,27
105000477,614,532,82
105000478,2008,4998,-2990
105000479,121,120,1
105000480,5385,6751,-1366
105000481,3682,3370,312
105000482,2558,4225,-1667
105000483,1479,2574,-1095
105000484,1201,1785,-584
105000485,1169,3117,-1948
105000486,1624,1872,-248
105000488,4727,2769,1958
105000489,1051,608,443
105000549,50,81,-31
105000550,313,958,-645
105000551,30,88,-58
105000552,1310,797,513
105900001,6,1562,-1556
105900002,656,740,-84
105900003,13,88,-75
105900004,138,69,69
105900005,7,108,-101
105900006,18,154,-136
105900007,50,35,15
105900008,80,273,-193
105900009,21,18,3
105900011,121,31,90
105900012,452,84,368
105900013,4,30,-26
105900014,11,55,-44
105900015,90,383,-293
105900016,660,297,363
105900017,1593,35,1558
105900018,195,114,81
105900019,61,523,-462
105900020,77,37,40
105900021,24,458,-434
105900022,295,178,117
105900023,11,97,-86
105900024,13,227,-214
105900025,306,10,296
105900026,176,10,166
105900027,11170,5354,5816
105900028,380,262,118
105900029,1614,284,1330
105900030,170,211,-41
105900031,279,152,127
105900032,92,91,1
105900033,48,83,-35
105900034,248,178,70
105900035,169,161,8
105900036,137,142,-5
105900037,123,39,84
105900038,160,168,-8
105900039,174,79,95
105900040,81,99,-18
105900041,172,185,-13
105900042,105,117,-12
105900043,921,51,870
105900044,5,187,-182
105900045,4,721,-717
105900046,4,217,-213
105900047,14,36,-22
105900048,80,343,-263
105900050,4094,6369,-2275
105900051,50,1276,-1226
105900052,431,227,204
105900053,1722,3221,-1499
105900054,232,145,87
105900056,386,361,25
105900057,31,123,-92
105900058,22,12,10
105900059,0,59,-59
106000001,2488,2292,196
106000002,899,3723,-2824
106000003,2420,2973,-553
106000004,1114,1716,-602
106000005,3577,3635,-58
106000006,3809,1760,2049
106000007,532,399,133
106000008,343,211,132
106000009,604,327,277
106000010,435,384,51
106000011,1391,905,486
106000012,826,709,117
106000013,1802,1649,153
106000014,1508,924,584
106000015,1939,1191,748
106000016,1076,1274,-198
106000017,562,690,-128
106000018,412,317,95
106000019,441,434,7
106000020,341,196,145
106000021,285,357,-72
106000022,327,154,173
106000023,702,272,430
106000024,553,320,233
106000025,107,160,-53
106000026,78,89,-11
106000027,1507,1040,467
106000028,599,206,393
106000029,594,583,11
106000030,263,525,-262
106000034,154,317,-163
106000035,784,1962,-1178
106000036,129,370,-241
106000037,1173,937,236
106000038,98,106,-8
106000039,84,110,-26
106000040,88,803,-715
106000041,598,506,92
106000043,377,190,187
106000046,283,108,175
106000047,29,467,-438
106000049,1073,203,870
106000050,246,344,-98
106000051,706,433,273
106000052,107,316,-209
106000053,474,144,330
106000054,310,186,124
106000055,961,635,326
106000056,231,190,41
106000057,530,220,310
106000058,144,95,49
106000059,405,215,190
106000060,238,316,-78
106000061,218,457,-239
106000062,151,369,-218
106000063,709,488,221
106000064,15,212,-197
106000065,424,256,168
106000066,116,205,-89
106000067,500,94,406
106000068,65,443,-378
106000069,308,59,249
106000070,398,439,-41
106000071,945,291,654
106000072,1799,1207,592
106000073,1044,3130,-2086
106000074,553,468,85
106000075,282,987,-705
106000076,1472,1418,54
106000077,2415,792,1623
106000078,1177,569,608
106000079,680,631,49
106000080,1153,414,739
106000081,779,820,-41
106000082,1712,545,1167
106000083,392,1101,-709
106000084,880,480,400
106000085,1084,1216,-132
106000086,549,615,-66
106000087,880,396,484
106000088,425,593,-168
106000089,986,235,751
106000090,277,500,-223
106000091,204,349,-145
106000092,552,197,355
106000093,287,131,156
106000094,60,229,-169
106000095,1024,469,555
106000096,833,429,404
106000097,1304,470,834
106000098,806,589,217
106000099,185,778,-593
106000100,1332,192,1140
106000101,721,415,306
106000102,96,576,-480
106000103,285,326,-41
106000104,606,283,323
106000105,442,309,133
106000106,707,283,424
106000107,176,140,36
106000108,254,126,128
106000109,180,109,71
106000110,333,127,206
106000111,136,167,-31
106000112,290,426,-136
106000113,438,313,125
106000114,397,577,-180
106000115,175,208,-33
106000116,321,169,152
106000117,821,387,434
106000118,1247,1193,54
106000119,815,543,272
106000120,846,1340,-494
106000121,210,136,74
106000122,160,63,97
106000123,583,68,515
106000124,93,89,4
106000125,35,105,-70
106000126,314,51,263
106000127,1018,445,573
106000128,872,81,791
106000129,413,292,121
106000130,806,282,524
106000131,123,509,-386
106000132,386,122,264
106000133,1304,1055,249
106000134,365,1851,-1486
106000135,107,341,-234
106000136,592,910,-318
106000137,53,428,-375
106000138,1342,99,1243
106000139,44,56,-12
106000140,23,57,-34
106000141,123,40,83
106000142,87,36,51
106000143,21,26,-5
106000144,29,32,-3
106000145,411,78,333
106000146,420,92,328
106000147,314,272,42
106000148,297,451,-154
106000149,636,254,382
106000150,429,1631,-1202
106000151,2362,655,1707
106000152,854,1617,-763
106000153,79,1304,-1225
106000154,888,113,775
106000155,99,206,-107
106000156,1069,176,893
106000157,676,1198,-522
106000158,1398,706,692
106000159,1649,1670,-21
106000160,484,2870,-2386
106000161,959,172,787
106000162,325,1058,-733
106000163,356,176,180
106000164,589,235,354
106000165,228,274,-46
106000166,1004,250,754
106000167,477,468,9
106000168,760,183,577
106000169,359,321,38
106000170,929,220,709
106000171,263,903,-640
106000172,2492,1205,1287
106000173,947,1865,-918
106000174,1206,324,882
106000175,249,472,-223
106000176,1829,823,1006
106000177,675,1461,-786
106000178,2978,1228,1750
106000179,694,1216,-522
106000180,655,673,-18
106000181,1070,1215,-145
106000182,1733,586,1147
106000183,1894,403,1491
106000184,1993,484,1509
106000185,1202,1075,127
106000186,608,101,507
106000187,118,791,-673
106000188,4,2,2
106000189,5,24,-19
106000190,31,2,29
106000191,579,118,461
106000192,3,12,-9
106000193,375,181,194
106000194,96,362,-266
106000195,648,256,392
106000196,191,741,-550
106000197,698,307,391
106000198,193,116,77
106000199,511,751,-240
106000200,174,207,-33
106000201,364,3344,-2980
106000202,1861,515,1346
106000203,27,82,-55
106000204,115,9,106
106000205,6,91,-85
106000206,79,31,48
106000207,28,257,-229
106000208,1734,241,1493
106000209,1640,460,1180
106000210,293,492,-199
106000211,168,793,-625
106000212,874,485,389
106000213,227,1434,-1207
106000214,1310,530,780
106000215,281,437,-156
106000216,436,257,179
106000217,214,248,-34
106000218,364,240,124
106000219,131,173,-42
106000220,341,151,190
106000221,249,89,160
106000222,75,51,24
106000223,360,120,240
106000224,268,84,184
106000225,63,128,-65
106000226,77,108,-31
106000228,71,64,7
106000229,57,458,-401
106000231,1124,82,1042
106000232,63,187,-124
106000233,601,64,537
106000234,24,211,-187
106000235,683,134,549
106000236,143,91,52
106000237,4,16,-12
106000238,34,25,9
106000239,1,82,-81
106000240,14,7,7
106000241,10,307,-297
106000242,231,49,182
106000249,57,40,17
106000250,71,454,-383
106000251,145,28,117
106000252,16,50,-34
106000253,67,57,10
106000254,93,26,67
106000255,30,133,-103
106000256,67,24,43
106000257,153,180,-27
106000258,258,28,230
106000259,3,62,-59
106000260,23,5,18
106000261,1,47,-46
106000262,71,10,61
106000263,6,41,-35
106000264,164,10,154
106000265,12,87,-75
106000266,102,22,80
106000267,9,101,-92
106000268,226,34,192
106000269,34,30,4
106000270,88,279,-191
106000271,89,92,-3
106000272,190,42,148
106000273,9,130,-121
106000274,126,18,108
106000275,144,168,-24
106000276,105,23,82
106000277,93,185,-92
106000278,108,30,78
106000279,7,9,-2
106000280,84,44,40
106000281,76,35,41
106000282,67,37,30
106000283,159,40,119
106000284,107,93,14
106000285,108,59,49
106000286,100,95,5
106000287,87,40,47
106000288,71,110,-39
106000289,105,45,60
106000290,51,71,-20
106000291,88,61,27
106000292,73,92,-19
106000293,132,86,46
106000294,100,85,15
106000295,63,44,19
106000296,32,61,-29
106000297,60,247,-187
106000298,71,97,-26
106000299,68,105,-37
106000300,31,93,-62
106000301,46,105,-59
106000303,15,64,-49
106000304,42,53,-11
106000305,56,48,8
106000306,54,31,23
106000307,62,41,21
106000308,24,59,-35
106000309,21,56,-35
106000310,277,242,35
106000311,318,148,170
106000312,118,101,17
106000313,245,128,117
106000318,65,435,-370
106000319,1157,280,877
106000320,0,62,-62
106000321,200,149,51
106000322,220,51,169
106000324,21,94,-73
106000325,1831,915,916
106000326,816,1137,-321
106000327,166,53,113
106000328,24,72,-48
106000329,78,187,-109
106000330,46,66,-20
106000428,92,124,-32
106000429,163,181,-18
106000430,327,763,-436
106000431,2084,379,1705
106000432,958,1842,-884
106000433,2406,1275,1131
106000434,2931,1554,1377
106000435,837,1944,-1107
106000436,8,87,-79
106000437,284,75,209
106000438,345,265,80
106000439,65,345,-280
106000440,206,412,-206
106000441,0,2,-2
106000442,127,9,118
106000443,183,144,39
106000450,4,52,-48
106000451,20,75,-55
106000454,2,67,-65
106000455,16,99,-83
106000456,94,32,62
106000457,14,382,-368
106000458,1109,41,1068
106000459,160,109,51
106000460,1856,24,1832
106000461,117,372,-255
106000462,1,31,-30
106000463,6,8,-2
106000464,10,143,-133
106000465,848,4,844
106000466,9,164,-155
106000467,100,261,-161
106000468,121,142,-21
106000469,72,0,72
106000470,185,1613,-1428
106000471,20,249,-229
106000472,157,17,140
106000473,38,13,25
106000474,214,265,-51
106000475,298,135,163
106000476,76,166,-90
106000477,13,14,-1
106900001,0,10,-10
106900002,4,148,-144
106900003,95,1081,-986
106900004,1,16,-15
106900006,0,10,-10
106900007,0,8,-8
106900008,467,84,383
106900009,332,161,171
106900010,256,159,97
106900012,943,2229,-1286
106900013,444,214,230
106900014,37,23,14
106900015,22,4,18
106900016,342,20,322
106900017,19,1,18
106900018,2,1,1
106900019,119,1,118
106900020,1871,1716,155
106900021,264,101,163
106900022,952,2,950
106900023,23,160,-137
106900024,621,83,538
106900025,51,441,-390
106900026,0,149,-149
106900027,973,6,967
107000001,2370,4245,-1875
107000002,1496,2564,-1068
107000003,7002,6308,694
107000004,3438,2143,1295
107000005,6320,5747,573
107000006,3133,1640,1493
107000007,5298,8500,-3202
107000008,4757,3930,827
107000009,8238,7409,829
107000010,5745,4673,1072
107000011,611,806,-195
107000012,2027,1590,437
107000013,78,30,48
107000014,70,82,-12
107000015,391,351,40
107000016,759,390,369
107000017,916,2807,-1891
107000018,10,2277,-2267
107000020,681,2502,-1821
107000021,1017,295,722
107000022,606,1776,-1170
107000023,1639,161,1478
107000024,576,1273,-697
107000025,191,307,-116
107000026,221,425,-204
107000027,1458,848,610
107000028,1230,616,614
107000029,3339,2599,740
107000030,2022,1610,412
107000031,4818,2632,2186
107000032,296,579,-283
107000033,2141,2765,-624
107000034,4209,932,3277
107000035,365,213,152
107000036,341,865,-524
107000037,99,637,-538
107000038,138,195,-57
107000039,823,603,220
107000040,202,218,-16
107000041,1323,795,528
107000042,583,1646,-1063
107000043,1712,876,836
107000044,308,239,69
107000045,51,220,-169
107000046,744,336,408
107000047,426,600,-174
107000048,673,270,403
107000049,401,565,-164
107000050,926,435,491
107000051,159,202,-43
107000052,1007,813,194
107000053,352,229,123
107000054,40,166,-126
107000055,133,108,25
107000056,371,452,-81
107000057,959,113,846
107000058,1905,2273,-368
107000059,1658,2239,-581
107000060,4766,4782,-16
107000061,3749,2238,1511
107000062,5615,2763,2852
107000063,3622,2662,960
107000064,4740,2726,2014
107000065,2571,2645,-74
107000066,1531,2882,-1351
107000067,1228,1480,-252
107000068,928,995,-67
107000069,1024,594,430
107000070,1096,10,1086
107000071,4341,85,4256
107000072,33,1481,-1448
107000073,1121,562,559
107000074,117,581,-464
107000075,2054,738,1316
107000076,504,736,-232
107000077,3725,1392,2333
107000078,1454,1569,-115
107000079,3026,1106,1920
107000080,706,1755,-1049
107000081,2951,603,2348
107000082,639,699,-60
107000083,1616,621,995
107000084,302,914,-612
107000085,2669,2548,121
107000086,2231,2082,149
107000087,2880,1925,955
107000088,2358,2347,11
107000089,1646,1551,95
107000090,1020,655,365
107000091,1662,779,883
107000092,1020,599,421
107000093,1444,862,582
107000094,734,593,141
107000095,998,564,434
107000096,459,470,-11
107000097,417,343,74
107000098,231,217,14
107000099,350,363,-13
107000100,240,215,25
107000101,98,138,-40
107000102,181,237,-56
107000103,191,167,24
107000104,161,157,4
107000105,417,110,307
107000106,169,170,-1
107000107,446,119,327
107000108,126,297,-171
107000109,677,74,603
107000110,59,171,-112
107000111,437,44,393
107000112,35,118,-83
107000113,727,112,615
107000114,81,259,-178
107000115,709,139,570
107000116,103,364,-261
107000117,197,686,-489
107000118,121,122,-1
107000119,1105,1394,-289
107000120,536,412,124
107000121,987,508,479
107000122,836,452,384
107000123,565,325,240
107000124,537,469,68
107000125,714,325,389
107000126,618,249,369
107000127,25,155,-130
107000129,118,75,43
107000130,280,262,18
107000131,429,289,140
107000132,563,298,265
107000133,355,161,194
107000134,273,0,273
107000135,3,375,-372
107000136,644,6,638
107000137,11,525,-514
107000138,144,49,95
107000139,16,757,-741
107000140,1488,107,1381
107000141,123,774,-651
107000142,554,100,454
107000143,91,502,-411
107000144,601,519,82
107000145,142,280,-138
107000146,178,282,-104
107000147,3148,626,2522
107000150,419,2771,-2352
107000151,22,83,-61
107000152,447,1718,-1271
107000153,65,282,-217
107000154,50,268,-218
107000155,927,12,915
107000156,1441,6,1435
107000157,25,511,-486
107000158,512,10,502
107000159,27,246,-219
107000160,1556,183,1373
107000161,120,522,-402
107000162,349,610,-261
107000163,175,3,172
107000164,1085,1,1084
107000165,1514,9,1505
107000166,35,443,-408
107000167,684,148,536
107000168,1056,514,542
107000169,344,404,-60
107000170,3571,796,2775
107000171,664,874,-210
107000172,1389,1749,-360
107000173,404,455,-51
107000174,1144,6098,-4954
107000175,3522,978,2544
107000176,0,0,0
107000177,6,0,6
107000178,34,2,32
107000179,359,902,-543
107000180,1695,191,1504
107000181,458,501,-43
107000182,2177,521,1656
107000183,185,412,-227
107000184,1351,430,921
107000185,433,917,-484
107000186,1338,410,928
107000187,1187,1261,-74
107000188,696,453,243
107000189,566,803,-237
107000190,825,613,212
107000191,821,677,144
107000192,1881,477,1404
107000193,447,452,-5
107000194,588,476,112
107000197,880,328,552
107000198,299,418,-119
107000199,990,487,503
107000200,528,560,-32
107000201,351,432,-81
107000202,273,410,-137
107000203,744,1259,-515
107000204,829,1413,-584
107000205,1251,658,593
107000206,506,1373,-867
107000207,521,1170,-649
107000208,607,545,62
107000209,1091,1412,-321
107000210,251,208,43
107000211,4,76,-72
107000212,29,251,-222
107000213,0,24,-24
107000214,25,100,-75
107000215,462,242,220
107000216,607,312,295
107000217,186,82,104
107000219,83,237,-154
107000220,208,110,98
107000222,222,341,-119
107000224,559,135,424
107000225,160,219,-59
107000226,574,139,435
107000227,75,126,-51
107000228,117,466,-349
107000229,74,79,-5
107000230,812,315,497
107000231,609,1656,-1047
107000232,121,21,100
107000233,300,925,-625
107000234,4,76,-72
107000235,94,12,82
107000236,7,327,-320
107000237,14,0,14
107000238,52,1,51
107000239,1776,537,1239
107000240,127,367,-240
107000241,48,11,37
107000242,149,14,135
107000243,0,38,-38
107000244,24,65,-41
107000246,3,1085,-1082
107000249,2,917,-915
107000251,3,260,-257
107000252,3,526,-523
107000255,196,191,5
107000257,3,326,-323
107000258,2,131,-129
107000259,10,134,-124
107000260,2147,35,2112
107000262,26,203,-177
107000263,440,7,433
107000266,8,13,-5
107000267,42,63,-21
107000268,87,68,19
107000269,75,3,72
107000270,114,35,79
107000271,7,0,7
107000272,70,0,70
107000273,4,242,-238
107000274,689,287,402
107000275,27,1199,-1172
107000280,1179,38,1141
107000281,40,247,-207
107000282,29,353,-324
107000290,7,25,-18
107000291,10,3,7
107000292,1,111,-110
107000293,14,6,8
107000294,1,40,-39
107000295,28,3,25
107000296,0,11,-11
107000444,184,0,184
107000496,2,3,-1
107000497,994,1063,-69
107000500,314,204,110
107000501,80,142,-62
107000502,182,210,-28
107000505,169,545,-376
107000506,0,2,-2
107000508,4,234,-230
107000509,148,670,-522
107000510,33,37,-4
107000514,42,256,-214
107000515,12,80,-68
107000516,531,297,234
107000518,1018,1883,-865
107000519,981,553,428
107000520,97,74,23
107900001,126,63,63
107900002,84,10,74
107900003,640,15,625
107900004,191,1,190
107900005,2112,4,2108
107900006,279,4,275
107900007,375,53,322
107900008,59,9,50
107900009,118,5,113
107900010,42,4,38
107900012,274,52,222
107900013,205,17,188
107900014,88,16,72
107900015,1584,10,1574
107900016,210,145,65
107900017,68,1,67
107900018,80,219,-139
107900019,31,18,13
107900020,39,16,23
107900021,126,35,91
107900023,2,3,-1
107900024,0,14,-14
107900025,196,180,16
107900026,71,19,52
107900027,13,66,-53
107900028,178,61,117
107900030,211,54,157
107900031,50,56,-6
107900032,15,7,8
107900033,29,9,20
107900034,480,39,441
107900035,1386,81,1305
107900036,92,40,52
107900037,0,9,-9
107900038,58,331,-273
107900039,43,32,11
107900040,10,160,-150
107900041,3,3,0
107900043,66,99,-33
107900044,6,10,-4
107900045,149,73,76
107900046,161,248,-87
107900047,71,16,55
107900048,286,22,264
107900049,235,989,-754
107900050,60,194,-134
107900051,83,33,50
107900052,8,33,-25
107900053,85,66,19
107900055,788,344,444
107900056,124,88,36
107900057,3,0,3
107900058,14,483,-469
107900060,24,42,-18
107900061,3,20,-17
107900063,117,123,-6
107900064,274,247,27
107900065,454,32,422
107900066,40,4,36
107900067,0,0,0
107900068,92,678,-586
107900069,19,2725,-2706
107900070,262,123,139
107900071,15,316,-301
107900072,174,100,74
107900073,202,43,159
107900074,343,369,-26
107900076,155,61,94
107900077,122,3,119
107900078,160,70,90
107900079,8,19,-11
107900080,179,745,-566
107900081,86,46,40
107900082,14,7,7
107900083,385,202,183
107900084,145,130,15
107900086,46,227,-181
107900087,235,182,53
107900088,89,27,62
107900089,133,661,-528
107900090,517,2496,-1979
107900091,131,150,-19
107900092,1254,212,1042
107900093,70,49,21
107900095,1543,1906,-363
107900097,40,58,-18
107900098,80,193,-113
107900100,565,1762,-1197
107900101,480,93,387
107900102,42,9,33
107900103,35,120,-85
107900104,169,26,143
107900105,2,128,-126
107900106,21,405,-384
107900107,895,388,507
107900108,160,78,82
107900109,1929,40,1889
107900110,103,47,56
107900111,6,318,-312
107900112,66,309,-243
107900113,304,26,278
107900114,274,96,178
107900115,0,26,-26
107900116,230,47,183
107900117,270,116,154
107900118,51,73,-22
107900119,78,273,-195
107900120,40,46,-6
107900121,1,103,-102
107900122,0,75,-75
107900123,6,92,-86
107900124,11,27,-16
107900125,11,194,-183
107900126,23,51,-28
107900127,406,377,29
107900128,69,80,-11
107900129,107,15,92
107900130,110,18,92
107900131,208,457,-249
107900132,96,179,-83
107900133,1,51,-50
107900134,50,146,-96
107900135,12,74,-62
107900136,22,28,-6
107900137,92,139,-47
107900138,60,16,44
107900139,51,52,-1
107900140,63,42,21
107900141,39,49,-10
107900142,43,410,-367
107900143,40,12,28
107900144,4,67,-63
107900145,10,76,-66
107900146,47,178,-131
107900147,43,28,15
107900148,144,91,53
107900149,550,125,425
107900150,55,216,-161
107900151,46,52,-6
107900152,3,155,-152
107900153,116,401,-285
107900154,81,25,56
107900155,96,67,29
107900156,18,113,-95
107900157,56,31,25
107900158,1249,41,1208
107900159,23,271,-248
107900160,202,56,146
107900161,56,60,-4
107900162,0,105,-105
107900163,11,58,-47
107900164,14,50,-36
107900165,24,157,-133
107900166,38,75,-37
107900167,1,39,-38
107900168,58,33,25
107900169,8,323,-315
107900171,23,366,-343
107900172,2,141,-139
107900173,32,41,-9
107900174,186,1,185
107900175,5,56,-51
107900176,61,9,52
107900177,4,140,-136
107900178,8,76,-68
107900179,23,62,-39
107900180,318,911,-593
107900181,355,218,137
107900182,3,339,-336
107900183,82,68,14
107900184,131,87,44
107900185,212,13,199
107900186,38,34,4
107900187,0,131,-131
107900188,279,125,154
107900189,39,86,-47
107900190,37,160,-123
107900191,78,65,13
107900193,3,82,-79
107900194,229,21,208
107900195,835,229,606
107900196,71,61,10
107900197,291,420,-129
107900199,3,394,-391
107900201,89,51,38
107900203,33,28,5
107900204,125,208,-83
107900205,234,253,-19
107900206,704,417,287
107900207,1,188,-187
107900208,7,159,-152
107900209,167,118,49
107900210,49,58,-9
107900213,467,560,-93
107900214,43,47,-4
107900215,114,399,-285
107900216,95,62,33
107900217,38,88,-50
107900218,24,845,-821
107900219,42,29,13
107900220,94,214,-120
107900221,97,178,-81
107900223,121,154,-33
107900224,104,430,-326
107900225,13,358,-345
107900226,67,87,-20
107900227,128,233,-105
107900228,50,76,-26
107900229,2,75,-73
107900230,32,22,10
107900231,24,79,-55
107900232,133,60,73
107900233,3,63,-60
107900234,170,129,41
107900235,32,103,-71
107900236,210,56,154
107900237,17,238,-221
107900238,23,53,-30
107900239,282,494,-212
107900240,52,53,-1
107900241,9,33,-24
107900242,40,64,-24
107900243,0,34,-34
107900244,374,5,369
107900245,839,55,784
107900246,349,27,322
107900248,482,99,383
107900249,1051,84,967
107900250,5,230,-225
107900251,64,611,-547
107900252,1076,41,1035
107900253,244,10,234
107900254,50,251,-201
107900255,148,86,62
107900256,487,1056,-569
107900257,396,122,274
107900258,101,75,26
107900259,65,2817,-2752
107900261,3,105,-102
107900262,45,48,-3
107900264,539,10,529
107900265,150,96,54
107900267,386,8,378
107900268,13,3,10
107900269,0,5,-5
107900270,0,4,-4
107900271,0,23,-23
107900272,33,47,-14
107900273,103,52,51
107900274,173,0,173
107900275,54,0,54
107900276,0,46,-46
107900277,1,114,-113
107900278,432,235,197
107900279,45,84,-39
107900280,1964,1457,507
107900281,471,4173,-3702
107900282,29,819,-790
107900283,765,763,2
107900284,749,372,377
107900285,139,38,101
107900286,45,81,-36
107900287,334,194,140
107900290,0,275,-275
107900291,600,19,581
107900292,100,65,35
107900293,94,138,-44
107900295,64,15,49
107900297,2,244,-242
107900298,503,281,222
107900299,1801,2554,-753
107900300,88,316,-228
107900301,510,876,-366
107900302,137,47,90
107900303,350,214,136
107900304,488,136,352
107900305,396,12,384
107900306,4,56,-52
107900307,37,194,-157
107900308,169,243,-74
107900309,78,0,78
107900310,114,0,114
107900311,2,485,-483
107900312,100,0,100
107900313,1,146,-145
107900314,0,73,-73
107900315,0,90,-90
107900316,26,3,23
107900317,86,2,84
107900318,8,164,-156
107900319,7,82,-75
107900320,5,61,-56
107900321,210,0,210
107900322,0,64,-64
107900323,47,59,-12
107900324,164,2,162
107900325,139,1,138
107900326,469,141,328
107900327,1,75,-74
107900328,68,41,27
107900329,53,171,-118
107900330,10,118,-108
107900331,356,18,338
107900332,437,15,422
107900333,72,26,46
107900334,5,66,-61
107900335,35,20,15
107900336,48,58,-10
107900337,459,1017,-558
107900338,6,70,-64
107900339,1,14,-13
107900340,0,51,-51
107900341,77,2,75
107900342,60,46,14
107900343,34,1,33
107900344,6,92,-86
107900345,118,18,100
107900346,18,3,15
107900347,26,4,22
107900348,2,3,-1
107900349,25,11,14
107900350,20,124,-104
108000001,3239,3299,-60
108000002,1355,1373,-18
108000003,2984,3359,-375
108000004,8298,8937,-639
108000005,6250,5610,640
108000006,4573,4531,42
108000007,4615,3482,1133
108000008,3141,3611,-470
108000009,4258,4286,-28
108000010,2256,2653,-397
108000011,10932,10407,525
108000012,8679,8861,-182
108000014,407,991,-584
108000015,928,155,773
108000016,381,538,-157
108000017,1135,365,770
108000018,1951,578,1373
108000019,1174,925,249
108000020,1208,469,739
108000021,334,1261,-927
108000022,298,755,-457
108000023,1463,228,1235
108000024,325,247,78
108000025,375,171,204
108000026,893,191,702
108000027,836,227,609
108000028,760,161,599
108000029,614,273,341
108000030,556,180,376
108000031,219,433,-214
108000032,2019,605,1414
108000033,714,634,80
108000034,1925,473,1452
108000035,645,1274,-629
108000036,356,501,-145
108000037,2062,431,1631
108000038,3108,535,2573
108000039,477,998,-521
108000040,2102,925,1177
108000041,530,1405,-875
108000042,360,181,179
108000043,231,118,113
108000044,775,133,642
108000045,306,198,108
108000046,1880,274,1606
108000047,412,547,-135
108000048,113,265,-152
108000049,980,215,765
108000050,64,317,-253
108000051,446,226,220
108000052,123,352,-229
108000053,493,250,243
108000054,345,716,-371
108000055,1125,748,377
108000056,508,1185,-677
108000057,561,1378,-817
108000058,1696,3700,-2004
108000059,1739,1252,487
108000060,270,415,-145
108000061,92,164,-72
108000062,1073,510,563
108000063,468,316,152
108000064,247,177,70
108000065,494,320,174
108000066,1336,652,684
108000067,1939,741,1198
108000068,840,364,476
108000069,169,514,-345
108000070,2396,746,1650
108000071,565,925,-360
108000072,2034,1093,941
108000073,879,890,-11
108000074,651,382,269
108000075,255,410,-155
108000076,949,492,457
108000077,512,369,143
108000078,2609,1026,1583
108000079,586,784,-198
108000080,1614,476,1138
108000081,529,696,-167
108000082,649,1118,-469
108000083,2009,876,1133
108000084,309,676,-367
108000085,977,486,491
108000086,419,398,21
108000087,148,2407,-2259
108000088,261,12,249
108000089,317,346,-29
108000090,498,246,252
108000091,353,293,60
108000092,188,61,127
108000093,211,258,-47
108000094,717,74,643
108000095,166,170,-4
108000096,426,167,259
108000097,138,196,-58
108000098,1928,843,1085
108000099,270,47,223
108000100,91,168,-77
108000101,1378,1257,121
108000102,1453,3023,-1570
108000106,600,1,599
108000107,3,581,-578
108000108,686,49,637
108000109,4,449,-445
108000110,380,269,111
108000111,194,420,-226
108000112,39,130,-91
108000113,373,142,231
108000115,277,272,5
108000117,434,375,59
108000118,37,293,-256
108000119,380,203,177
108000120,164,721,-557
108000121,221,262,-41
108000122,621,308,313
108000123,567,122,445
108000124,329,337,-8
108000125,616,152,464
108000126,197,217,-20
108000127,644,209,435
108000128,635,233,402
108000129,294,400,-106
108000130,541,193,348
108000131,908,420,488
108000132,929,742,187
108000133,1124,406,718
108000134,393,284,109
108000135,1232,591,641
108000136,265,502,-237
108000137,581,118,463
108000138,321,209,112
108000139,600,130,470
108000140,161,19,142
108000141,63,23,40
108000142,63,33,30
108000143,36,15,21
108000144,75,4,71
108000145,62,3,59
108000146,108,19,89
108000147,36,15,21
108000148,91,16,75
108000149,18,13,5
108000150,40,3,37
108000151,0,9,-9
108000152,95,129,-34
108000153,725,112,613
108000154,46,6,40
108000155,53,15,38
108000156,217,97,120
108000157,207,1276,-1069
108000158,36,883,-847
108000159,199,187,12
108000160,1246,1047,199
108000161,1295,3535,-2240
108000165,3,370,-367
108000172,1,284,-283
108000173,625,1933,-1308
108000175,402,126,276
108000178,283,274,9
108000179,103,933,-830
108000181,54,22,32
108000182,62,13,49
108000183,12,4,8
108000184,503,2463,-1960
108000185,255,228,27
108000186,252,40,212
108000187,130,229,-99
108000188,927,178,749
108000189,281,1333,-1052
108000190,35,86,-51
108000192,251,217,34
108000193,448,11,437
108000194,23,4,19
108000195,2,541,-539
108000196,192,128,64
108000197,117,135,-18
108000198,494,117,377
108000199,1,282,-281
108000200,659,210,449
108000202,0,311,-311
108000203,164,240,-76
108000204,193,99,94
108000205,161,182,-21
108000339,792,351,441
108000364,52,298,-246
108000365,57,278,-221
108000367,172,198,-26
108000368,8,54,-46
108000369,330,188,142
108000371,0,441,-441
108000372,647,3,644
108000373,212,80,132
108000376,89,42,47
108000377,567,123,444
108000378,7957,10099,-2142
108000379,34,148,-114
108000381,77,23,54
108000382,53,1,52
108000383,0,144,-144
108900001,103,348,-245
108900002,211,79,132
108900003,188,425,-237
108900004,201,564,-363
108900005,58,427,-369
108900006,717,157,560
108900007,364,140,224
108900008,216,100,116
108900009,126,127,-1
108900010,415,119,296
108900011,865,339,526
108900012,560,364,196
108900013,240,208,32
108900014,27,118,-91
108900015,1,258,-257
108900016,0,178,-178
108900017,242,412,-170
108900018,199,255,-56
108900019,52,346,-294
108900020,67,112,-45
108900021,154,141,13
108900022,145,9,136
108900023,1,44,-43
108900024,45,38,7
108900025,183,66,117
108900026,10,62,-52
108900027,0,20,-20
108900028,149,123,26
108900029,65,133,-68
108900030,0,18,-18
108900031,217,147,70
108900032,5,107,-102
108900033,0,114,-114
108900034,0,111,-111
108900035,289,481,-192
108900036,115,188,-73
108900037,52,150,-98
108900038,1,227,-226
108900039,0,169,-169
108900040,14,45,-31
108900041,3023,3544,-521
108900042,13,356,-343
108900043,27,297,-270
108900044,1,206,-205
108900045,144,155,-11
108900046,48,339,-291
108900047,0,104,-104
108900048,76,402,-326
108900049,1001,1754,-753
108900050,2,80,-78
108900051,0,60,-60
108900052,29,96,-67
108900053,54,258,-204
108900054,65,104,-39
108900055,30,347,-317
108900056,9,60,-51
108900057,1,87,-86
108900058,53,157,-104
108900059,755,72,683
108900060,101,169,-68
108900061,38,40,-2
108900062,6,121,-115
108900063,11,117,-106
108900064,376,24,352
108900065,21,121,-100
108900066,588,181,407
108900067,13,85,-72
108900068,0,50,-50
108900069,111,25,86
108900070,52,66,-14
108900071,108,51,57
108900072,1339,493,846
108900073,11,28,-17
108900074,272,78,194
108900075,34,22,12
108900076,523,69,454
108900077,55,77,-22
108900078,63,68,-5
108900079,393,111,282
108900080,22,1048,-1026
108900081,27,186,-159
108900082,123,50,73
108900083,18,302,-284
108900084,250,144,106
108900085,911,139,772
108900086,199,68,131
108900087,69,132,-63
108900088,1011,433,578
108900089,33,263,-230
108900090,108,84,24
108900091,84,77,7
108900092,561,289,272
108900093,166,137,29
108900094,264,85,179
108900095,20,154,-134
108900096,183,27,156
108900097,300,116,184
108900098,1068,1214,-146
108900099,513,84,429
108900100,78,69,9
108900101,193,276,-83
108900102,67,1308,-1241
108900103,82,138,-56
108900104,82,319,-237
108900105,5,1399,-1394
108900106,616,153,463
108900108,353,35,318
108900109,82,67,15
108900110,248,142,106
108900111,652,219,433
108900112,385,31,354
108900113,45,84,-39
108900114,4,8,-4
108900115,197,84,113
108900116,131,22,109
108900117,212,25,187
108900118,841,29,812
108900119,455,33,422
108900120,187,237,-50
108900121,383,154,229
108900122,159,20,139
108900123,169,170,-1
108900124,604,219,385
108900125,670,9,661
108900126,176,82,94
108900127,251,21,230
108900128,223,36,187
108900129,933,176,757
108900130,607,3,604
108900131,458,6,452
108900132,566,61,505
108900133,394,47,347
108900134,660,150,510
108900135,239,18,221
108900136,43,1,42
108900137,336,64,272
108900138,962,47,915
108900139,768,90,678
108900140,471,112,359
108900141,468,12,456
108900142,109,3,106
108900143,132,2,130
108900144,195,2,193
108900145,317,25,292
108900146,179,2,177
108900147,287,0,287
108900148,59,20,39
108900149,354,202,152
108900150,279,5,274
108900151,60,29,31
108900152,190,154,36
108900153,275,147,128
108900154,4895,380,4515
108900155,298,47,251
108900156,111,8,103
108900157,32,277,-245
108900158,466,36,430
108900159,4,85,-81
108900160,25,188,-163
108900161,3,187,-184
108900162,170,3,167
108900163,6,334,-328
108900164,69,44,25
108900165,87,48,39
108900167,798,8560,-7762
108900168,3537,2786,751
108900169,60,63,-3
108900171,2921,3213,-292
108900172,185,38,147
108900173,107,233,-126
108900174,1078,484,594
108900176,77,211,-134
108900177,2616,6494,-3878
108900178,2527,4014,-1487
108900179,426,2129,-1703
108900180,134,404,-270
108900182,42,358,-316
108900183,237,174,63
108900184,561,249,312
108900185,116,320,-204
108900186,101,230,-129
108900187,562,38,524
108900188,958,42,916
108900189,538,102,436
108900190,62,1268,-1206
108900191,238,55,183
108900192,101,144,-43
108900193,23,37,-14
108900194,3,154,-151
108900195,82,103,-21
108900196,60,209,-149
108900198,3,153,-150
108900199,235,238,-3
108900200,697,325,372
108900201,473,920,-447
108900203,588,99,489
108900204,438,17,421
108900205,214,43,171
108900206,451,89,362
108900207,219,161,58
108900208,16,298,-282
108900209,108,433,-325
108900210,238,173,65
108900211,148,573,-425
108900212,235,1510,-1275
108900215,52,213,-161
108900216,205,301,-96
108900217,84,0,84
108900218,78,23,55
108900219,97,12,85
108900220,88,15,73
108900221,47,120,-73
108900222,355,35,320
108900223,0,76,-76
108900224,28,126,-98
108900225,1,114,-113
108900226,356,28,328
108900227,146,495,-349
108900230,109,176,-67
108900231,13,153,-140
108900232,0,133,-133
108900233,497,146,351
108900234,353,121,232
108900235,143,443,-300
108900236,55,237,-182
108900237,40,156,-116
108900240,165,113,52
108900241,58,67,-9
108900245,9,1843,-1834
108900249,168,44,124
108900250,298,82,216
108900257,411,204,207
108900258,12,99,-87
108900259,51,37,14
108900260,14,43,-29
108900261,54,44,10
108900262,100,69,31
108900263,20,122,-102
108900264,215,229,-14
108900265,584,497,87
108900266,277,972,-695
108900267,6,213,-207
108900268,5,10,-5
108900269,90,29,61
108900270,84,12,72
108900271,77,13,64
108900272,313,14,299
108900273,317,822,-505
108900274,79,24,55
109000001,1991,1886,105
109000002,694,1554,-860
109000003,2771,346,2425
109000004,432,1424,-992
109000005,2179,470,1709
109000006,611,1339,-728
109000007,1908,526,1382
109000008,573,1276,-703
109000009,3163,1039,2124
109000010,661,2371,-1710
109000011,3650,1995,1655
109000012,1553,2219,-666
109000013,4161,3311,850
109000014,1510,1879,-369
109000015,3595,7702,-4107
109000016,3796,1945,1851
109000017,2745,1056,1689
109000018,936,1626,-690
109000019,2477,967,1510
109000020,706,1135,-429
109000023,261,17,244
109000024,6,138,-132
109000025,317,474,-157
109000026,366,292,74
109000027,132,365,-233
109000028,115,64,51
109000029,125,221,-96
109000030,51,270,-219
109000031,245,151,94
109000032,97,314,-217
109000033,267,145,122
109000034,58,31,27
109000035,15,43,-28
109000036,69,232,-163
109000037,337,2214,-1877
109000038,337,286,51
109000039,1150,1193,-43
109000040,3016,12992,-9976
109000041,1440,1845,-405
109000042,358,1309,-951
109000044,378,65,313
109000045,101,273,-172
109000046,440,58,382
109000047,71,298,-227
109000048,530,210,320
109000049,155,435,-280
109000050,394,249,145
109000051,200,136,64
109000052,570,435,135
109000053,303,87,216
109000054,187,279,-92
109000055,261,365,-104
109000056,346,288,58
109000057,888,463,425
109000058,485,246,239
109000059,284,1221,-937
109000060,240,326,-86
109000061,425,1607,-1182
109000062,114,381,-267
109000063,234,141,93
109000064,369,175,194
109000065,207,116,91
109000066,412,52,360
109000067,77,188,-111
109000068,677,16,661
109000069,540,18,522
109000070,26,1472,-1446
109000071,393,94,299
109000072,77,226,-149
109000073,78,73,5
109000074,20,132,-112
109000075,60,247,-187
109000076,64,258,-194
109000077,236,183,53
109000078,77,126,-49
109000079,139,68,71
109000080,189,57,132
109000081,153,209,-56
109000082,646,99,547
109000083,304,255,49
109000088,132,288,-156
109000089,363,108,255
109000090,132,268,-136
109000091,493,200,293
109000092,232,250,-18
109000093,376,217,159
109000094,831,4,827
109000095,96,234,-138
109000096,947,189,758
109000097,76,86,-10
109000098,55,130,-75
109000099,812,213,599
109000100,227,494,-267
109000101,1959,479,1480
109000102,435,471,-36
109000103,547,444,103
109000104,2256,413,1843
109000105,402,675,-273
109000106,2164,711,1453
109000107,562,945,-383
109000108,2154,534,1620
109000109,482,953,-471
109000110,1291,511,780
109000111,713,1155,-442
109000112,334,85,249
109000113,293,149,144
109000114,111,191,-80
109000115,857,27,830
109000116,10,224,-214
109000117,247,31,216
109000118,11,247,-236
109000119,2048,101,1947
109000120,327,432,-105
109000121,611,14,597
109000122,159,328,-169
109000123,20,21,-1
109000124,743,227,516
109000125,878,203,675
109000126,406,365,41
109000127,1114,105,1009
109000128,603,557,46
109000129,2972,860,2112
109000130,388,649,-261
109000131,760,676,84
109000132,525,1022,-497
109000133,257,570,-313
109000134,572,866,-294
109000135,586,1094,-508
109000136,268,198,70
109000137,363,329,34
109000138,390,141,249
109000139,572,307,265
109000140,191,171,20
109000141,553,277,276
109000142,133,414,-281
109000143,115,62,53
109000145,110,191,-81
109000146,27,62,-35
109000148,1615,1999,-384
109000149,17,99,-82
109000150,66,320,-254
109000155,959,617,342
109000156,821,352,469
109000158,101,221,-120
109000159,85,376,-291
109000160,1234,155,1079
109000161,347,615,-268
109000162,1993,496,1497
109000163,1314,1040,274
109000164,1571,1541,30
109000165,1512,381,1131
109000166,868,99,769
109000167,122,252,-130
109000170,36,29,7
109000171,102,35,67
109000172,30,35,-5
109000173,23,119,-96
109000174,156,21,135
109000175,45,45,0
109000176,314,117,197
109000177,18,55,-37
109000178,475,62,413
109000179,2642,5879,-3237
109000180,3131,3311,-180
109000181,64,15,49
109000182,67,13,54
109000183,55,9,46
109000184,47,11,36
109000185,29,18,11
109000188,580,941,-361
109000189,3028,503,2525
109000190,744,325,419
109000191,378,305,73
109000192,534,187,347
109000193,244,88,156
109000194,291,59,232
109000195,177,137,40
109000196,275,101,174
109000197,212,199,13
109000198,391,76,315
109000199,132,281,-149
109000206,227,20,207
109000207,197,30,167
109000208,131,92,39
109000209,134,54,80
109000210,111,341,-230
109000211,304,238,66
109000214,424,190,234
109000215,107,57,50
109000216,320,334,-14
109000217,136,224,-88
109000218,289,276,13
109000221,299,658,-359
109000222,777,205,572
109000223,489,358,131
109000224,35,41,-6
109000225,100,15,85
109000226,60,114,-54
109000227,1462,510,952
109000228,4,2033,-2029
109000231,3,157,-154
109000232,516,155,361
109000236,324,403,-79
109000241,1841,1138,703
109000242,1405,642,763
109000293,23,116,-93
109000361,67,178,-111
109000364,165,340,-175
109000396,2,265,-263
109000397,784,16,768
109000399,120,259,-139
109000400,95,102,-7
109000403,59,890,-831
109000406,222,4,218
109000407,382,142,240
109000408,0,129,-129
109000410,992,168,824
109000411,120,13,107
109900001,129,1,128
109900002,1053,27,1026
109900003,363,0,363
109900004,476,95,381
109900005,25,0,25
109900006,468,151,317
109900007,1278,177,1101
109900008,0,21,-21
109900009,138,237,-99
109900010,659,19,640
109900011,71,75,-4
109900012,358,199,159
109900013,439,189,250
109900014,384,63,321
109900015,310,196,114
109900016,170,12,158
109900017,216,242,-26
109900018,313,50,263
109900019,223,64,159
109900020,42,46,-4
109900021,47,11,36
109900022,61,208,-147
109900023,29,1,28
109900024,22,4,18
109900025,19,19,0
109900026,4,167,-163
109900027,43,36,7
109900028,476,1304,-828
109900029,8,140,-132
109900030,60,7,53
109900031,4,360,-356
109900032,8,208,-200
109900033,1,372,-371
109900034,58,2,56
109900035,40,29,11
109900036,25,13,12
109900037,18,286,-268
109900038,147,222,-75
109900039,8,0,8
109900040,34,303,-269
109900041,51,186,-135
109900042,20,557,-537
109900044,138,173,-35
109900045,96,65,31
109900046,33,46,-13
109900047,232,236,-4
109900048,0,34,-34
109900049,26,27,-1
109900050,0,48,-48
109900051,1,15,-14
109900052,85,181,-96
109900053,1,122,-121
109900054,1156,258,898
109900055,77,163,-86
109900056,11,324,-313
109900057,5,73,-68
109900058,1,61,-60
109900059,1405,138,1267
109900060,805,93,712
109900061,60,144,-84
109900062,0,92,-92
109900063,13,419,-406
109900064,661,192,469
109900065,45,103,-58
109900066,246,343,-97
109900067,1,83,-82
109900068,133,6,127
109900069,6,24,-18
109900070,46,149,-103
109900071,5,19,-14
109900072,11,78,-67
109900073,641,176,465
109900074,17,20,-3
109900075,62,20,42
109900076,20,77,-57
109900077,24,29,-5
109900078,56,123,-67
109900080,136,149,-13
109900081,21,177,-156
109900082,65,220,-155
109900083,18,59,-41
109900084,60,95,-35
109900085,164,302,-138
109900086,126,688,-562
109900087,141,410,-269
109900089,848,182,666
109900090,362,765,-403
109900091,507,67,440
109900092,330,29,301
109900093,1300,190,1110
109900094,85,73,12
109900095,93,176,-83
109900096,65,11,54
109900097,155,7,148
109900098,629,37,592
109900099,334,2,332
109900100,44,1,43
109900101,863,9,854
109900102,455,35,420
109900103,43,26,17
109900104,915,224,691
109900105,659,43,616
109900106,392,58,334
109900107,575,72,503
109900108,180,141,39
109900109,56,158,-102
109900110,83,212,-129
109900111,183,433,-250
109900112,201,277,-76
109900113,1048,779,269
109900114,1024,1552,-528
109900115,220,90,130
109900117,1494,149,1345
109900118,152,292,-140
109900119,311,251,60
109900120,84,13,71
109900121,315,427,-112
109900122,639,9,630
109900123,12,87,-75
109900124,49,189,-140
109900125,1,159,-158
109900126,407,47,360
109900128,594,41,553
109900130,3306,3299,7
109900131,25,109,-84
109900132,24,83,-59
109900133,104,181,-77
109900134,91,102,-11
109900135,138,22,116
109900136,33,83,-50
109900137,180,155,25
109900138,540,182,358
109900140,195,78,117
109900141,711,175,536
109900142,1666,283,1383
109900145,7,500,-493
109900146,252,44,208
109900148,32,87,-55
109900149,21,30,-9
109900150,2,43,-41
109900151,6,23,-17
109900152,1,15,-14
109900153,2,26,-24
109900154,49,0,49
109900155,62,24,38
109900157,56,130,-74
109900158,40,94,-54
109900159,153,46,107
109900160,185,36,149
109900161,271,80,191
109900162,307,142,165
109900163,445,237,208
109900164,59,186,-127
109900165,429,4,425
109900166,2,89,-87
109900167,150,217,-67
109900168,203,354,-151
109900169,287,103,184
109900170,208,1108,-900
109900171,279,68,211
109900172,264,272,-8
109900173,1087,2337,-1250
109900174,52,97,-45
109900175,100,82,18
109900176,102,87,15
109900177,55,118,-63
109900178,2,134,-132
109900179,42,18,24
109900180,9,21,-12
110000001,614,374,240
110000002,567,653,-86
110000003,605,557,48
110000004,400,642,-242
110000005,310,1686,-1376
110000006,220,251,-31
110000007,149,96,53
110000008,12,68,-56
110000009,50,24,26
110000010,19,58,-39
110000011,59,54,5
110000012,459,215,244
110000013,52,569,-517
110000014,353,323,30
110000015,216,466,-250
110000016,215,1390,-1175
110000017,2546,211,2335
110000018,2099,266,1833
110000019,10,62,-52
110000020,450,133,317
110000021,221,295,-74
110000022,1000,157,843
110000023,11,70,-59
110000024,516,293,223
110000025,496,8,488
110000026,3,179,-176
110000027,918,1101,-183
110000028,980,518,462
110000029,478,439,39
110000030,316,270,46
110000031,241,226,15
110000032,862,243,619
110000033,255,223,32
110000034,452,389,63
110000035,927,445,482
110000036,1044,327,717
110000037,225,358,-133
110000038,266,566,-300
110000039,766,3527,-2761
110000040,246,196,50
110000041,344,1692,-1348
110000042,67,463,-396
110000043,759,246,513
110000044,54,800,-746
110000045,311,105,206
110000046,1,22,-21
110000047,21,72,-51
110000048,1,18,-17
110000049,17,9,8
110000050,3,133,-130
110000051,17,7,10
110000052,27,26,1
110000053,89,18,71
110000054,91,730,-639
110000055,282,75,207
110000056,70,126,-56
110000057,298,382,-84
110000058,930,365,565
110000059,903,439,464
110000060,1130,902,228
110000061,659,501,158
110000062,562,698,-136
110000063,51,203,-152
110000064,56,35,21
110000065,126,112,14
110000066,80,21,59
110000067,114,90,24
110000068,300,51,249
110000069,457,46,411
110000071,298,32,266
110000073,31,10,21
110000075,17,54,-37
110000076,324,345,-21
110000077,261,830,-569
110000078,51,12,39
110000080,206,393,-187
110000081,22,188,-166
110000082,20,311,-291
110000083,189,426,-237
110000084,1246,926,320
110000085,746,1081,-335
110000086,943,2209,-1266
110000087,16,46,-30
110000088,154,207,-53
110000089,306,43,263
110000090,115,205,-90
110000091,723,154,569
110000092,47,46,1
110000093,51,24,27
110000094,455,142,313
110000095,171,529,-358
110000096,1033,1499,-466
110000097,960,1460,-500
110000098,1680,587,1093
110000099,580,1148,-568
110000100,1152,194,958
110000101,26,109,-83
110000102,76,19,57
110000104,351,147,204
110000105,43,152,-109
110000106,553,505,48
110000107,162,227,-65
110000108,100,128,-28
110000109,180,228,-48
110000110,1492,3849,-2357
110000111,2704,2969,-265
110000112,412,1194,-782
110000113,76,2233,-2157
110000114,252,701,-449
110000115,392,343,49
110000116,62,51,11
110000117,272,181,91
110000118,574,137,437
110000119,311,219,92
110000120,327,184,143
110000121,69,317,-248
110000122,300,357,-57
110000123,561,699,-138
110000124,1,544,-543
110000125,832,12,820
110000126,309,25,284
110000127,1055,80,975
110000128,54,731,-677
110000129,2,254,-252
110000130,279,186,93
110000131,105,172,-67
110000132,1,338,-337
110000133,30,351,-321
110000134,20,281,-261
110000135,156,37,119
110000136,74,234,-160
110000137,539,381,158
110000138,927,483,444
110000139,1153,495,658
110000140,820,675,145
110000143,491,310,181
110000144,2916,2167,749
110000145,1521,1596,-75
110000146,2172,961,1211
110000147,448,652,-204
110000148,591,207,384
110000151,772,1168,-396
110000152,672,412,260
110000153,237,18,219
110000154,69,21,48
110000155,1019,3206,-2187
110000156,930,2157,-1227
110000157,1778,2308,-530
110000160,317,264,53
110000161,156,142,14
110000166,765,70,695
110000167,1110,503,607
110000168,1125,503,622
110000169,934,355,579
110000170,125,55,70
110000171,560,76,484
110000172,198,427,-229
110000173,585,662,-77
110000174,135,509,-374
110000175,822,69,753
110000176,108,442,-334
110000177,184,978,-794
110000178,376,1797,-1421
110000179,758,252,506
110000180,224,185,39
110000181,607,316,291
110000182,243,120,123
110000183,5002,6840,-1838
110000184,275,2403,-2128
110000185,484,558,-74
110000186,551,518,33
110000191,1338,122,1216
110000192,757,19,738
110000193,1378,8,1370
110000194,15,479,-464
110000195,528,138,390
110000196,525,121,404
110000197,129,93,36
110000198,79,45,34
110000199,77,123,-46
110000200,1183,376,807
110000201,1136,1174,-38
110000202,1194,502,692
110000203,486,362,124
110000204,2,129,-127
110000205,141,23,118
110000206,425,529,-104
110000207,1297,300,997
110000208,209,243,-34
110000209,115,602,-487
110000210,1387,280,1107
110000211,753,542,211
110000212,439,976,-537
110000213,363,33,330
110000214,325,42,283
110000215,174,125,49
110000216,95,129,-34
110000217,486,84,402
110000218,151,119,32
110000219,494,26,468
110000220,72,118,-46
110000221,453,29,424
110000222,70,88,-18
110000223,3,73,-70
110000224,11,3,8
110000225,234,646,-412
110000226,286,65,221
110000227,470,868,-398
110000228,229,70,159
110000229,0,111,-111
110000230,447,414,33
110000231,125,182,-57
110000232,253,149,104
110000233,220,231,-11
110000234,446,904,-458
110000235,700,896,-196
110000236,531,444,87
110000237,1798,1109,689
110000238,1012,790,222
110000239,1827,756,1071
110000240,2,42,-40
110000242,0,24,-24
110000243,177,45,132
110000244,100,350,-250
110000245,15,245,-230
110000246,958,336,622
110000247,885,2990,-2105
110000248,1288,1064,224
110000249,95,6,89
110000250,36,152,-116
110000251,357,273,84
110000252,334,182,152
110000253,1533,528,1005
110000254,498,614,-116
110000255,167,482,-315
110000256,443,253,190
110000257,444,246,198
110000258,8,243,-235
110000259,204,19,185
110000260,43,129,-86
110000263,456,60,396
110000264,486,291,195
110000265,978,1644,-666
110000266,1140,2340,-1200
110000267,42,161,-119
110000268,321,292,29
110000269,11,60,-49
110000270,86,10,76
110000271,913,231,682
110000272,1046,895,151
110000273,1629,1100,529
110000274,234,1778,-1544
110000275,1190,517,673
110000276,320,382,-62
110000277,327,205,122
110000278,388,477,-89
110000279,776,454,322
110000280,607,370,237
110000281,66,237,-171
110000282,125,19,106
110000283,20,120,-100
110000284,6,29,-23
110000285,3,584,-581
110000286,5,0,5
110000287,114,1,113
110000288,11,55,-44
110000289,434,2227,-1793
110000290,441,562,-121
110000291,3023,798,2225
110000292,958,5030,-4072
110000293,708,436,272
110000294,1263,1008,255
110000295,254,639,-385
110000296,774,310,464
110000297,2179,312,1867
110000298,97,316,-219
110000299,94,109,-15
110000301,412,31,381
110000302,248,548,-300
110000303,537,10,527
110000304,82,144,-62
110000305,1450,37,1413
110000306,176,661,-485
110000307,2018,12,2006
110000308,660,7,653
110000309,4,517,-513
110000310,763,49,714
110000311,11,520,-509
110000312,489,127,362
110000313,1765,1968,-203
110000314,1,147,-146
110000315,1835,2061,-226
110000316,355,891,-536
110000317,171,804,-633
110000318,0,38,-38
110000319,22,16,6
110000320,50,30,20
110000321,7,31,-24
110000322,266,278,-12
110000323,532,149,383
110000324,2019,1373,646
110000325,1920,4014,-2094
110000327,376,356,20
110000328,129,360,-231
110000333,1029,883,146
110000334,861,962,-101
110000335,847,502,345
110000336,595,707,-112
110000337,1596,647,949
110000338,576,245,331
110000339,341,151,190
110000340,54,105,-51
110000341,501,272,229
110000342,155,3,152
110000343,0,16,-16
110000344,103,225,-122
110000345,99,238,-139
110000346,1401,1494,-93
110000347,1112,630,482
110000348,11,15,-4
110000349,12,13,-1
110000350,113,7,106
110000351,1367,485,882
110000352,730,1265,-535
110000353,1917,421,1496
110000354,904,2810,-1906
110000355,178,64,114
110000356,745,20,725
110000357,550,12,538
110000361,97,15,82
110000362,105,28,77
110000363,734,80,654
110000364,316,189,127
110000365,162,2,160
110000366,0,119,-119
110000367,442,163,279
110000368,4,53,-49
110000369,60,2,58
110000373,3,194,-191
110000374,252,21,231
110000375,92,691,-599
110000376,34,59,-25
110000377,64,402,-338
110000378,4,396,-392
110000379,1552,1755,-203
110000380,49,6,43
110000383,2,636,-634
110000384,554,364,190
110000385,1,169,-168
110000387,92,6,86
110000388,27,124,-97
110000389,900,19,881
110000391,1024,159,865
110000396,189,65,124
110000397,148,58,90
110000398,6,15,-9
110000399,133,0,133
110000587,147,115,32
110000589,196,81,115
110000640,221,31,190
110000652,13,489,-476
110000653,273,218,55
110000654,19,987,-968
110000656,0,181,-181
110000674,26,34,-8
110000675,14,15,-1
110000676,8,26,-18
110000679,71,1078,-1007
110000682,101,181,-80
110000683,208,291,-83
110000684,0,40,-40
110000685,4,7,-3
110000686,1,55,-54
110000687,10,4,6
110000688,49,1403,-1354
110000689,22,25,-3
110000692,25,130,-105
110000693,18,246,-228
110000694,1,130,-129
110000695,201,497,-296
110000696,36,33,3
110900001,368,38,330
110900002,390,217,173
110900003,1109,226,883
110900004,614,67,547
110900005,1192,3089,-1897
110900006,48,47,1
110900007,130,47,83
110900008,13,23,-10
110900009,481,189,292
110900010,19,27,-8
110900011,28,61,-33
110900012,18,33,-15
110900013,1062,100,962
110900014,261,13,248
110900015,321,806,-485
110900016,90,54,36
110900017,636,42,594
110900018,481,42,439
110900019,260,30,230
110900020,139,122,17
110900021,94,263,-169
110900022,63,118,-55
110900023,54,389,-335
110900024,25,113,-88
110900025,3,61,-58
110900027,44,159,-115
110900028,34,89,-55
110900029,14,104,-90
110900030,38,118,-80
110900031,2,92,-90
110900032,0,27,-27
110900033,56,191,-135
110900035,10,334,-324
110900036,62,9,53
110900037,103,17,86
110900038,411,136,275
110900039,5,212,-207
110900040,253,17,236
110900041,16,75,-59
110900042,172,43,129
110900043,5,68,-63
110900044,221,22,199
110900045,37,175,-138
110900046,17,84,-67
110900047,230,348,-118
110900049,141,144,-3
110900050,51,6,45
110900051,22,74,-52
110900052,4,63,-59
110900053,129,18,111
110900054,36,112,-76
110900055,28,11,17
110900056,55,109,-54
110900057,10,72,-62
110900058,267,123,144
110900059,399,218,181
110900060,444,185,259
110900061,12,56,-44
110900062,194,107,87
110900063,50,77,-27
110900064,10,0,10
110900065,93,103,-10
110900066,7,49,-42
110900067,170,557,-387
110900068,132,149,-17
110900069,12,18,-6
110900070,132,39,93
110900071,172,899,-727
110900073,0,14,-14
110900074,640,127,513
110900075,458,45,413
110900077,1213,448,765
110900078,53,20,33
110900079,979,1261,-282
110900080,189,74,115
110900081,7,18,-11
110900082,150,53,97
110900083,162,53,109
110900084,64,25,39
110900085,54,164,-110
110900086,71,364,-293
110900087,380,100,280
110900088,9,7,2
110900090,31,49,-18
110900091,1,27,-26
110900093,228,87,141
110900095,50,45,5
110900097,31,6,25
110900098,38,54,-16
110900099,27,267,-240
110900100,0,9,-9
110900102,124,19,105
110900105,989,157,832
110900108,22,26,-4
110900111,381,99,282
110900112,849,12,837
110900113,249,74,175
110900115,3,29,-26
110900116,1076,777,299
110900118,79,3508,-3429
110900119,1288,174,1114
110900120,36,26,10
110900121,179,2,177
110900122,536,184,352
110900125,379,424,-45
110900127,431,1484,-1053
110900128,184,311,-127
110900129,204,977,-773
110900130,437,451,-14
110900131,407,90,317
110900132,485,115,370
110900133,105,85,20
110900135,64,145,-81
110900136,323,12,311
110900137,11,3,8
110900138,318,413,-95
110900139,0,197,-197
110900140,17,5,12
110900141,4,337,-333
110900142,60,87,-27
110900143,214,71,143
110900144,1,270,-269
110900145,169,82,87
110900146,180,231,-51
110900147,52,325,-273
110900148,1,141,-140
110900149,15,35,-20
110900150,29,42,-13
110900151,2,101,-99
110900152,26,86,-60
110900153,146,75,71
111000001,315,256,59
111000002,184,276,-92
111000003,1456,688,768
111000004,364,555,-191
111000005,1648,1370,278
111000006,700,1435,-735
111000007,3906,3383,523
111000008,1685,2502,-817
111000009,291,601,-310
111000010,1243,303,940
111000011,115,468,-353
111000012,151,351,-200
111000013,321,607,-286
111000014,988,508,480
111000017,146,824,-678
111000018,170,267,-97
111000020,657,1300,-643
111000021,46,71,-25
111000023,104,89,15
111000025,4403,3606,797
111000029,60,130,-70
111000030,46,96,-50
111000031,1636,1025,611
111000032,609,374,235
111000033,239,214,25
111000034,119,209,-90
111000037,872,479,393
111000038,2497,1508,989
111000039,1523,1363,160
111000040,1349,1352,-3
111000041,594,816,-222
111000042,1597,1510,87
111000043,1832,3651,-1819
111000044,1533,998,535
111000045,2785,2123,662
111000046,1905,1661,244
111000047,2574,4660,-2086
111000049,392,383,9
111000050,810,633,177
111000051,489,652,-163
111000052,428,1039,-611
111000053,278,582,-304
111000054,324,466,-142
111000055,859,1111,-252
111000056,169,272,-103
111000057,94,223,-129
111000058,469,59,410
111000059,657,189,468
111000060,4259,688,3571
111000061,689,281,408
111000062,936,332,604
111000063,1713,957,756
111000064,1044,495,549
111000065,1400,756,644
111000066,596,353,243
111000067,679,426,253
111000068,563,594,-31
111000069,1253,1285,-32
111000070,357,372,-15
111000071,192,280,-88
111000072,1030,430,600
111000073,272,767,-495
111000074,1484,1458,26
111000075,907,500,407
111000076,520,485,35
111000077,1370,1195,175
111000078,1850,919,931
111000079,947,502,445
111000080,539,444,95
111000081,1228,3122,-1894
111000082,759,387,372
111000084,723,380,343
111000085,774,734,40
111000086,1542,739,803
111000087,664,390,274
111000088,3348,2371,977
111000089,734,591,143
111000090,569,1048,-479
111000091,765,281,484
111000092,1560,655,905
111000093,833,965,-132
111000094,1620,929,691
111000095,595,2152,-1557
111000096,804,6975,-6171
111000097,2823,863,1960
111000098,446,636,-190
111000099,413,906,-493
111000100,432,654,-222
111000101,395,443,-48
111000102,277,414,-137
111000104,885,234,651
111000107,108,620,-512
111000109,856,237,619
111000110,1648,576,1072
111000111,2954,415,2539
111000112,2193,554,1639
111000113,815,1685,-870
111000114,1190,3519,-2329
111000115,3140,935,2205
111000116,824,679,145
111000117,283,687,-404
111000118,827,559,268
111000119,1341,642,699
111000120,587,484,103
111000121,309,534,-225
111000122,573,755,-182
111000123,1135,1443,-308
111000124,432,1308,-876
111000125,206,649,-443
111000126,83,428,-345
111000127,1120,124,996
111000128,2322,289,2033
111000129,3247,490,2757
111000130,2585,450,2135
111000131,2512,413,2099
111000132,1955,1068,887
111000133,207,102,105
111000134,166,93,73
111000135,94,121,-27
111000136,445,287,158
111000138,24,5,19
111000140,2,2,0
111000141,162,331,-169
111000142,15,348,-333
111000143,6,549,-543
111000144,50,2197,-2147
111000145,128,11,117
111000146,97,18,79
111000147,153,26,127
111000148,181,62,119
111000149,2,22,-20
111000150,28,13,15
111000151,3,14,-11
111000153,535,519,16
111000154,319,155,164
111000155,81,146,-65
111000156,598,552,46
111000157,175,805,-630
111000158,735,597,138
111000159,3477,1000,2477
111000160,563,401,162
111000161,14,610,-596
111000162,11,142,-131
111000163,846,637,209
111000164,492,2040,-1548
111000165,582,329,253
111000166,631,243,388
111000167,130,227,-97
111000168,197,342,-145
111000169,325,389,-64
111000170,329,248,81
111000171,379,331,48
111000172,137,211,-74
111000173,210,368,-158
111000174,249,129,120
111000175,49,226,-177
111000176,385,44,341
111000177,471,97,374
111000178,1318,207,1111
111000179,340,90,250
111000180,351,394,-43
111000181,1625,157,1468
111000182,186,142,44
111000183,297,240,57
111000184,322,179,143
111000185,329,203,126
111000186,251,162,89
111000187,168,119,49
111000188,342,227,115
111000189,451,376,75
111000190,146,193,-47
111000191,140,158,-18
111000192,161,214,-53
111000193,258,123,135
111000194,75,145,-70
111000195,138,162,-24
111000196,83,82,1
111000197,551,75,476
111000198,467,50,417
111000199,280,95,185
111000200,546,183,363
111000201,942,158,784
111000202,400,160,240
111000203,386,317,69
111000204,383,1143,-760
111000213,204,347,-143
111000214,1260,846,414
111000215,798,842,-44
111000217,1542,595,947
111000218,1162,855,307
111000219,225,130,95
111000220,865,691,174
111000221,323,139,184
111000224,0,127,-127
111000225,227,26,201
111000226,73,0,73
111000227,12,2,10
111000228,11,521,-510
111000229,33,1208,-1175
111000230,378,196,182
111000231,1131,292,839
111000232,784,546,238
111000233,1406,453,953
111000234,207,571,-364
111000239,85,103,-18
111000240,60,284,-224
111000241,44,165,-121
111000242,284,62,222
111000243,150,238,-88
111000244,660,68,592
111000245,1099,236,863
111000246,645,162,483
111000247,533,342,191
111000248,778,299,479
111000249,506,245,261
111000250,48,72,-24
111000251,78,84,-6
111000253,19,25,-6
111000255,53,9,44
111000257,83,12,71
111000260,99,739,-640
111000261,1602,116,1486
111000271,36,173,-137
111000273,2081,816,1265
111000274,1148,1956,-808
111000275,148,31,117
111000276,213,841,-628
111000277,183,171,12
111000278,572,195,377
111000291,761,7764,-7003
111000298,621,168,453
111000299,576,199,377
111000300,69,295,-226
111000302,383,44,339
111000303,87,119,-32
111000312,35,51,-16
111000315,0,22,-22
111000320,123,328,-205
111000321,500,150,350
111000322,367,213,154
111000323,277,40,237
111000324,349,162,187
111000325,55,65,-10
111000326,250,158,92
111000327,351,266,85
111000328,268,390,-122
111000329,0,17,-17
111000330,61,12,49
111000331,17,5,12
111000332,448,945,-497
111000334,311,734,-423
111000335,1233,258,975
111000337,1755,168,1587
111000338,67,75,-8
111000339,938,130,808
111000340,144,426,-282
111000341,1567,689,878
111000342,86,1219,-1133
111000344,1106,532,574
111000345,124,104,20
111000346,20,200,-180
111000347,173,6,167
111000350,97,68,29
111000351,130,209,-79
111000352,182,88,94
111000353,188,137,51
111000354,588,80,508
111000355,300,352,-52
111000358,194,468,-274
111000360,228,181,47
111000361,226,76,150
111000546,794,303,491
111000547,559,258,301
111000548,178,215,-37
111000549,386,174,212
111000550,46,836,-790
111000551,372,124,248
111000552,507,154,353
111000907,101,6,95
111000908,20,0,20
111000916,2173,226,1947
111000917,62,318,-256
111000918,219,289,-70
111000920,641,15,626
111000921,12,64,-52
111000922,751,124,627
111000924,51,303,-252
111000925,2958,1887,1071
111000926,923,835,88
111000927,2431,4202,-1771
111000928,3239,1610,1629
111000929,2173,1182,991
111000930,737,1335,-598
111000931,2337,2208,129
111000932,2685,1305,1380
111000933,2787,2581,206
111000934,1290,1771,-481
111000935,1766,910,856
111000936,1059,1096,-37
111000937,1056,1132,-76
111000938,982,719,263
111000939,751,17,734
111000940,568,28,540
111000941,363,271,92
111000943,734,211,523
111000944,129,163,-34
111000945,86,658,-572
111001109,557,664,-107
111001110,131,257,-126
111001111,97,10,87
111001112,66,5,61
111001113,0,112,-112
111001114,387,101,286
111001115,7,904,-897
111001116,2203,4501,-2298
111001117,238,2614,-2376
111001120,109,137,-28
111001121,116,160,-44
111001122,47,114,-67
111900001,15,44,-29
111900002,40,235,-195
111900003,0,128,-128
111900004,33,45,-12
111900006,25,45,-20
111900007,212,7,205
111900008,415,1,414
111900009,294,73,221
111900010,185,284,-99
111900012,44,54,-10
111900013,2,27,-25
111900014,2290,5425,-3135
111900015,1,20,-19
111900016,0,21,-21
111900017,3,47,-44
111900018,183,7,176
111900019,7,140,-133
111900020,2,42,-40
111900021,25,81,-56
111900022,20,39,-19
111900023,52,44,8
111900024,2,60,-58
111900025,0,20,-20
111900026,0,16,-16
111900027,5,45,-40
111900028,0,113,-113
111900029,2,32,-30
111900030,19,245,-226
111900031,12,24,-12
111900032,1,122,-121
111900033,13,32,-19
111900034,95,250,-155
111900035,79,190,-111
111900036,0,69,-69
111900038,148,278,-130
111900039,53,178,-125
111900040,0,150,-150
111900042,27,72,-45
111900043,1,158,-157
111900044,97,179,-82
111900046,17,87,-70
111900048,405,250,155
111900049,27,135,-108
111900050,159,50,109
111900051,0,75,-75
111900052,133,254,-121
111900053,348,2086,-1738
111900054,209,9,200
111900055,31,181,-150
111900056,123,383,-260
111900057,188,7,181
111900058,719,240,479
111900059,914,783,131
111900060,431,0,431
111900061,4,125,-121
111900062,64,73,-9
111900063,382,335,47
111900064,42,117,-75
111900065,154,36,118
111900066,214,119,95
111900067,3,202,-199
111900068,79,95,-16
111900069,91,49,42
111900070,246,69,177
111900071,1,83,-82
111900072,46,41,5
111900073,1152,233,919
111900074,14,173,-159
111900075,97,9,88
111900076,264,106,158
111900077,44,1,43
111900078,400,49,351
111900079,66,51,15
111900080,169,169,0
111900081,475,241,234
111900082,280,44,236
111900083,245,24,221
111900084,198,19,179
111900085,55,121,-66
111900086,78,10,68
111900087,78,1,77
111900088,741,43,698
111900089,194,8,186
111900090,58,58,0
111900091,440,15,425
111900092,132,2,130
111900093,632,13,619
111900094,189,0,189
111900095,465,43,422
111900096,299,17,282
111900097,76,0,76
111900098,489,7,482
111900099,104,0,104
111900100,152,6,146
111900101,93,29,64
111900102,752,227,525
111900103,53,105,-52
111900104,128,91,37
111900105,305,438,-133
111900106,582,51,531
111900107,52,95,-43
111900108,86,193,-107
111900109,181,519,-338
111900110,1002,372,630
111900111,300,32,268
111900112,377,3941,-3564
111900113,168,71,97
111900114,127,58,69
111900115,14,19,-5
111900118,281,144,137
111900119,356,187,169
111900122,109,157,-48
111900123,21,36,-15
111900124,27,45,-18
111900125,671,79,592
111900126,370,4,366
111900127,1,222,-221
111900128,0,210,-210
111900129,272,3,269
111900130,245,63,182
111900131,618,3,615
111900132,11,306,-295
111900133,5,164,-159
111900134,9,142,-133
111900135,19,38,-19
111900136,55,134,-79
111900137,49,29,20
111900138,20,75,-55
111900139,15,40,-25
111900140,145,47,98
111900141,112,29,83
111900142,112,32,80
111900143,70,104,-34
111900144,0,36,-36
111900145,0,150,-150
111900146,0,56,-56
111900147,41,209,-168
111900148,18,258,-240
111900149,7,138,-131
111900150,15,84,-69
111900151,7,23,-16
111900152,90,82,8
111900153,471,803,-332
111900154,16,469,-453
111900155,87,134,-47
111900156,97,81,16
111900157,225,29,196
111900158,695,149,546
111900159,429,61,368
111900160,592,3,589
111900161,322,4,318
111900162,88,153,-65
111900163,25,127,-102
111900164,98,64,34
111901113,713,34,679
111901114,351,170,181
111901115,150,3,147
111901116,23,3,20
111901117,49,33,16
111901118,23,383,-360
111901119,304,51,253
111901120,40,105,-65
111901121,43,66,-23
111901122,2,175,-173
111901123,318,82,236
111901124,342,18,324
111901125,429,110,319
111901126,204,104,100
111901127,284,1055,-771
111901128,7,55,-48
111901129,5,60,-55
111901130,2,70,-68
111901131,2,108,-106
111901132,112,25,87
111901133,55,4,51
111901134,139,10,129
111901135,38,35,3
111901136,30,73,-43
111901137,0,39,-39
111901138,79,28,51
111901139,27,17,10
111901140,3,34,-31
111901141,7,46,-39
111901142,3,34,-31
111901143,0,48,-48
111901144,31,58,-27
112000001,2149,707,1442
112000002,544,1392,-848
112000003,2175,1090,1085
112000004,711,357,354
112000005,3603,3602,1
112000006,1138,859,279
112000007,4526,2803,1723
112000008,2531,3730,-1199
112000009,2126,1378,748
112000010,2975,4079,-1104
112000011,1149,983,166
112000012,3842,5896,-2054
112000013,2195,3049,-854
112000014,1542,3487,-1945
112000015,2423,3439,-1016
112000016,2450,2280,170
112000017,795,3657,-2862
112000024,1221,527,694
112000026,1679,1749,-70
112000027,631,637,-6
112000028,628,845,-217
112000029,804,1042,-238
112000030,131,32,99
112000031,1323,4545,-3222
112000032,133,20,113
112000033,1236,2880,-1644
112000034,161,45,116
112000035,61,513,-452
112000036,308,1172,-864
112000037,777,891,-114
112000038,1236,1306,-70
112000039,110,49,61
112000040,47,119,-72
112000041,257,277,-20
112000042,654,315,339
112000050,1163,969,194
112000051,1168,1795,-627
112000054,1201,919,282
112000057,530,339,191
112000058,230,547,-317
112000059,395,627,-232
112000061,1864,936,928
112000062,691,1348,-657
112000063,333,2234,-1901
112000064,2223,2598,-375
112000065,889,1564,-675
112000066,2931,1448,1483
112000067,494,434,60
112000068,3025,2623,402
112000069,375,1331,-956
112000070,1878,789,1089
112000071,1026,1580,-554
112000072,2891,765,2126
112000073,1272,1730,-458
112000074,1288,977,311
112000075,1309,1137,172
112000076,2619,1920,699
112000077,905,334,571
112000078,1916,477,1439
112000079,1658,1136,522
112000080,632,416,216
112000081,994,1618,-624
112000082,1190,520,670
112000083,577,910,-333
112000084,1342,515,827
112000085,1432,744,688
112000086,1665,682,983
112000087,665,248,417
112000088,822,254,568
112000089,269,244,25
112000090,152,170,-18
112000091,485,557,-72
112000092,2525,917,1608
112000093,1461,577,884
112000094,802,717,85
112000095,656,503,153
112000096,717,536,181
112000097,1813,685,1128
112000098,561,409,152
112000099,810,1838,-1028
112000100,2463,576,1887
112000101,510,438,72
112000102,1853,397,1456
112000103,468,424,44
112000105,425,565,-140
112000106,1909,321,1588
112000107,40,191,-151
112000108,207,817,-610
112000109,74,60,14
112000110,1788,446,1342
112000111,510,2129,-1619
112000112,2479,480,1999
112000113,650,898,-248
112000114,2370,756,1614
112000115,306,330,-24
112000116,600,777,-177
112000117,1066,549,517
112000118,803,476,327
112000119,361,437,-76
112000120,55,244,-189
112000121,135,191,-56
112000122,315,114,201
112000123,896,89,807
112000124,538,56,482
112000125,281,227,54
112000126,430,191,239
112000127,1476,2799,-1323
112000128,388,646,-258
112000129,123,66,57
112000130,254,80,174
112000131,56,115,-59
112000132,188,175,13
112000133,417,107,310
112000134,452,227,225
112000135,1416,568,848
112000136,791,1023,-232
112000137,1408,1626,-218
112000138,917,748,169
112000139,592,709,-117
112000140,327,800,-473
112000141,1084,435,649
112000142,165,347,-182
112000143,1318,216,1102
112000144,265,602,-337
112000145,3085,515,2570
112000146,576,936,-360
112000147,2403,1402,1001
112000148,1076,1075,1
112000149,640,346,294
112000150,270,331,-61
112000151,279,146,133
112000152,511,297,214
112000153,131,208,-77
112000154,118,192,-74
112000155,102,93,9
112000157,444,579,-135
112000158,352,205,147
112000159,839,234,605
112000167,427,133,294
112000169,163,276,-113
112000173,1048,216,832
112000175,423,231,192
112000176,903,1341,-438
112000177,1089,265,824
112000178,105,168,-63
112000179,319,68,251
112000180,265,241,24
112000181,1079,891,188
112000182,1796,567,1229
112000183,35,20,15
112000184,489,191,298
112000185,661,245,416
112000187,4861,3209,1652
112000195,186,13,173
112000196,279,5,274
112000197,142,367,-225
112000198,52,264,-212
112000199,70,513,-443
112000202,518,1,517
112000216,69,244,-175
112000230,141,8,133
112000231,6,107,-101
112000256,70,286,-216
112000313,60,55,5
112000314,89,41,48
112000337,238,529,-291
112000352,139,365,-226
112000392,1259,926,333
112000398,1888,767,1121
112000399,944,3259,-2315
112000400,1239,1155,84
112000401,1621,1103,518
112000402,3675,4513,-838
112000403,1327,3826,-2499
112000404,1356,1166,190
112000405,2606,2778,-172
112000406,1912,880,1032
112000407,8561,8155,406
112000408,5048,2565,2483
112000409,1168,1871,-703
112000410,440,373,67
112000411,2011,1659,352
112000412,780,405,375
112000413,4025,7360,-3335
112000414,98,29,69
112000415,103,47,56
112000416,2960,1223,1737
112000417,258,78,180
112000421,48,36,12
112000422,348,132,216
112000424,1061,2983,-1922
112000425,389,265,124
112000426,155,291,-136
112000427,0,11,-11
112000428,313,136,177
112000429,1606,1390,216
112000430,1950,2196,-246
112000431,99,149,-50
112000432,601,351,250
112000433,232,575,-343
112000437,28,106,-78
112900001,86,1,85
112900002,768,399,369
112900003,83,140,-57
112900004,134,155,-21
112900005,268,87,181
112900006,10,158,-148
112900007,73,88,-15
112900008,4,49,-45
112900009,577,181,396
112900010,688,398,290
112900011,56,85,-29
112900012,1,15,-14
112900013,8,243,-235
112900014,12,134,-122
112900015,220,541,-321
112900016,1,110,-109
112900017,60,93,-33
112900018,3,90,-87
112900019,10,127,-117
112900020,283,744,-461
112900021,1,67,-66
112900022,32,48,-16
112900023,0,37,-37
112900024,19,119,-100
112900025,115,148,-33
112900026,6,67,-61
112900027,10,359,-349
112900028,20,103,-83
112900029,20,191,-171
112900030,40,55,-15
112900031,5,181,-176
112900032,190,142,48
112900034,3,27,-24
112900035,2,161,-159
112900036,30,123,-93
112900037,106,185,-79
112900038,869,115,754
112900039,8,143,-135
112900040,6,520,-514
112900041,374,1213,-839
112900042,65,169,-104
112900043,39,62,-23
112900044,306,324,-18
112900045,135,172,-37
112900046,101,75,26
112900047,15,25,-10
112900049,294,53,241
112900050,25,456,-431
112900051,181,305,-124
112900052,0,246,-246
112900053,134,129,5
112900054,166,54,112
112900055,86,46,40
112900056,397,277,120
112900057,27,202,-175
112900058,373,391,-18
112900059,113,186,-73
112900060,63,82,-19
112900061,203,73,130
112900062,84,81,3
112900063,55,14,41
112900064,80,132,-52
112900065,24,50,-26
112900066,324,336,-12
112900067,173,93,80
112900068,41,66,-25
112900069,1086,946,140
112900071,45,13,32
112900072,83,2715,-2632
112900073,403,187,216
112900074,125,354,-229
112900075,780,1147,-367
112900076,81,51,30
112900078,357,526,-169
112900079,404,30,374
112900080,106,6,100
112900081,80,264,-184
112900082,659,55,604
112900083,217,161,56
112900084,271,165,106
112900085,0,13,-13
112900086,84,0,84
112900087,1081,182,899
112900088,246,15,231
112900089,1287,44,1243
112900090,128,62,66
112900091,333,13,320
112900092,82,505,-423
112900093,1484,36,1448
112900094,116,2,114
112900095,123,2,121
112900096,763,195,568
112900097,92,222,-130
112900098,156,2,154
112900099,1275,57,1218
112900100,88,0,88
112900101,519,3,516
112900102,102,36,66
112900103,241,7,234
112900104,45,1,44
112900105,24,0,24
112900106,337,116,221
112900107,12,1,11
112900108,6,0,6
112900109,205,1,204
112900110,1862,28,1834
112900111,824,9,815
112900112,384,0,384
112900113,0,5,-5
112900114,218,13,205
112900115,2089,8,2081
112900116,144,45,99
112900117,46,31,15
112900118,12,55,-43
112900119,194,7,187
112900120,412,182,230
112900121,55,80,-25
112900122,7,58,-51
112900123,148,21,127
112900124,14,54,-40
112900125,59,499,-440
112900126,82,106,-24
112900127,459,137,322
112900128,93,467,-374
112900129,1,452,-451
112900130,212,164,48
112900131,34,297,-263
112900132,93,274,-181
112900133,10,572,-562
112900134,1,173,-172
112900135,110,83,27
112900136,0,12,-12
112900137,1,185,-184
112900138,9,96,-87
112900139,91,702,-611
112900140,0,26,-26
112900141,914,53,861
112900142,59,241,-182
112900143,14,228,-214
112900144,0,79,-79
112900145,15,310,-295
112900146,3,353,-350
112900147,1,533,-532
112900148,54,2,52
112900149,247,194,53
112900151,4,34,-30
112900152,1908,513,1395
112900153,830,2901,-2071
112900154,0,36,-36
112900155,187,18,169
112900156,641,500,141
112900157,369,18,351
112900158,112,5,107
112900159,250,154,96
112900160,38,160,-122
112900161,130,57,73
112900162,22,13,9
112900163,52,54,-2
112900164,28,142,-114
112900165,43,41,2
112900166,18,101,-83
112900167,1,206,-205
112900168,10,5,5
112900169,2,12,-10
112900170,113,175,-62
112900172,39,25,14
112900173,199,77,122
112900174,347,62,285
112900175,114,252,-138
112900176,8,48,-40
112900177,202,75,127
112900178,640,2664,-2024
112900179,16,234,-218
112900180,2130,841,1289
112900181,792,12,780
112900182,45,407,-362
112900183,73,369,-296
112900184,275,591,-316
112900185,86,662,-576
112900186,755,1285,-530
112900187,80,580,-500
112900188,622,2200,-1578
112900189,10,12,-2
112900190,4,9,-5
112900192,758,784,-26
112900193,1161,409,752
112900194,71,16,55
112900195,1033,73,960
112900196,243,285,-42
112900197,143,254,-111
112900199,893,311,582
112900200,573,134,439
112900201,227,102,125
112900202,627,387,240
112900203,357,140,217
112900204,575,571,4
112900205,12,4,8
112900206,27,117,-90
112900207,34,0,34
112900208,77,340,-263
112900209,243,248,-5
112900210,0,25,-25
112900211,87,15,72
112900212,9,25,-16
112900213,46,9,37
112900214,11,18,-7
112900215,31,56,-25
112900216,24,52,-28
112900217,8,84,-76
112900218,97,115,-18
112900219,126,13,113
112900220,2,0,2
112900221,48,118,-70
112900222,1,68,-67
112900223,1296,26,1270
112900224,520,213,307
112900225,571,239,332
112900226,136,386,-250
112900227,1068,415,653
112900228,88,25,63
112900229,414,20,394
112900230,6186,3170,3016
112900232,386,368,18
112900233,51,70,-19
112900234,53,33,20
112900235,50,13,37
112900236,410,7,403
112900237,346,157,189
112900238,10,8,2
113000001,5473,3531,1942
113000002,3652,2869,783
113000003,1376,1230,146
113000004,1190,1650,-460
113000005,1492,934,558
113000006,974,921,53
113000007,1953,944,1009
113000008,1424,1129,295
113000009,1089,519,570
113000010,1072,830,242
113000011,727,888,-161
113000012,1813,572,1241
113000013,863,528,335
113000014,721,905,-184
113000015,165,161,4
113000016,197,646,-449
113000017,52,274,-222
113000018,340,23,317
113000019,259,293,-34
113000020,332,58,274
113000021,1254,406,848
113000022,675,1107,-432
113000025,79,185,-106
113000026,547,486,61
113000027,390,820,-430
113000028,568,1184,-616
113000029,817,651,166
113000030,219,389,-170
113000031,137,247,-110
113000032,215,263,-48
113000033,174,335,-161
113000034,163,152,11
113000035,26,30,-4
113000036,16,48,-32
113000037,70,34,36
113000038,13,54,-41
113000039,46,276,-230
113000040,44,61,-17
113000042,510,427,83
113000051,978,1746,-768
113000052,1875,521,1354
113000053,469,278,191
113000054,418,513,-95
113000055,1412,296,1116
113000056,1232,673,559
113000058,534,600,-66
113000059,829,362,467
113000060,255,420,-165
113000061,374,624,-250
113000062,428,345,83
113000063,353,51,302
113000064,49,134,-85
113000065,172,356,-184
113000066,1007,101,906
113000067,3036,896,2140
113000068,417,487,-70
113000069,542,435,107
113000070,3071,773,2298
113000071,461,359,102
113000072,1155,383,772
113000073,376,1207,-831
113000074,895,426,469
113000075,1573,840,733
113000076,450,2119,-1669
113000077,613,758,-145
113000078,377,1879,-1502
113000079,314,719,-405
113000080,426,837,-411
113000081,660,852,-192
113000082,870,809,61
113000083,444,666,-222
113000084,1386,973,413
113000085,760,486,274
113000086,707,938,-231
113000087,688,814,-126
113000088,1618,1196,422
113000089,677,1190,-513
113000090,214,720,-506
113000091,245,273,-28
113000094,1318,282,1036
113000095,180,604,-424
113000096,95,952,-857
113000097,1144,444,700
113000098,139,55,84
113000099,862,499,363
113000100,130,474,-344
113000101,180,673,-493
113000102,608,517,91
113000103,1633,287,1346
113000104,549,1895,-1346
113000105,811,531,280
113000106,309,327,-18
113000107,863,782,81
113000108,531,710,-179
113000109,455,945,-490
113000110,2460,525,1935
113000111,162,515,-353
113000112,215,189,26
113000113,982,257,725
113000114,183,1178,-995
113000116,504,267,237
113000117,916,84,832
113000118,50,510,-460
113000119,317,323,-6
113000120,52,303,-251
113000121,342,1024,-682
113000124,202,64,138
113000125,44,811,-767
113000127,1235,198,1037
113000128,712,234,478
113000129,431,692,-261
113000133,1945,1003,942
113000134,2,1263,-1261
113000135,3825,4559,-734
113000137,909,3234,-2325
113000139,179,263,-84
113000140,50,169,-119
113000141,92,146,-54
113000142,241,795,-554
113000143,243,124,119
113000144,169,357,-188
113000145,107,127,-20
113000146,110,46,64
113000147,223,115,108
113000148,305,133,172
113000149,177,222,-45
113000150,577,262,315
113000151,53,42,11
113000152,28,125,-97
113000153,833,332,501
113000154,526,1196,-670
113000155,339,575,-236
113000156,103,217,-114
113000157,242,404,-162
113000158,510,201,309
113000159,896,406,490
113000160,468,495,-27
113000161,239,213,26
113000162,833,237,596
113000163,194,36,158
113000164,16,69,-53
113000166,231,76,155
113000167,48,59,-11
113000168,88,65,23
113000169,196,46,150
113000170,76,86,-10
113000171,41,80,-39
113000172,336,74,262
113000173,42,28,14
113000174,109,143,-34
113000175,403,48,355
113000176,515,107,408
113000177,146,157,-11
113000178,126,169,-43
113000179,303,146,157
113000180,686,894,-208
113000181,1054,631,423
113000182,120,316,-196
113000183,122,483,-361
113000184,19,112,-93
113000189,231,679,-448
113000190,266,271,-5
113000192,512,3833,-3321
113000193,1634,2480,-846
113000194,576,1273,-697
113000195,1140,1637,-497
113000196,250,49,201
113000197,1146,1571,-425
113000198,111,158,-47
113000199,1394,348,1046
113000201,191,321,-130
113000202,5261,1065,4196
113000203,58,167,-109
113000204,448,3237,-2789
113000205,6,13,-7
113000206,13,26,-13
113000207,83,18,65
113000208,63,36,27
113000209,14,18,-4
113000210,10,25,-15
113000211,84,145,-61
113000212,40,29,11
113000213,22,103,-81
113000214,137,210,-73
113000234,167,531,-364
113000410,56,175,-119
113000411,1408,2897,-1489
113000412,3147,1513,1634
113000413,979,2297,-1318
113000414,2545,10467,-7922
113000415,1588,1605,-17
113000416,3006,2355,651
113000417,1310,1713,-403
113000418,3334,3444,-110
113000419,1435,2340,-905
113000420,2560,5232,-2672
113000421,3658,6622,-2964
113000422,7219,8764,-1545
113000423,1286,4508,-3222
113000424,1666,7818,-6152
113000425,4,61,-57
113000428,11,11,0
113000430,2,32,-30
113000432,2589,171,2418
113000433,45,375,-330
113000434,14,74,-60
113000435,23,181,-158
113000436,8,437,-429
113000437,1498,15,1483
113000438,304,7,297
113000439,33,28,5
113000440,121,28,93
113000441,208,130,78
113000442,166,89,77
113000443,341,94,247
113000444,271,81,190
113000445,117,59,58
113000446,38,44,-6
113000448,292,232,60
113000449,128,445,-317
113000450,530,1371,-841
113000451,1555,188,1367
113000452,124,316,-192
113000453,32,494,-462
113000454,191,47,144
113000455,4,704,-700
113000456,2035,2302,-267
113000468,743,104,639
113000469,37,203,-166
113000470,337,32,305
113000471,7,239,-232
113000472,108,201,-93
113000474,884,495,389
113000475,1168,1180,-12
113000476,1801,1762,39
113000477,3378,1489,1889
113000478,2654,2448,206
113000479,72,78,-6
113000480,90,370,-280
113000482,0,0,0
113000484,0,0,0
113000485,0,0,0
113000486,0,0,0
113000487,0,0,0
113000489,0,0,0
113000490,0,0,0
113000491,3,2,1
113000492,0,0,0
113000493,0,0,0
113000495,155,69,86
113000496,77,58,19
113000498,0,0,0
113000499,0,0,0
113000500,0,1,-1
113900001,6,473,-467
113900002,2,30,-28
113900003,1,54,-53
113900004,0,94,-94
113900005,4,151,-147
113900006,1,22,-21
113900007,29,32,-3
113900008,3,2,1
113900009,17,0,17
113900010,26,0,26
113900011,67,0,67
113900012,37,0,37
113900013,91,1,90
113900014,703,4,699
113900015,0,43,-43
113900016,24,0,24
113900017,8,40,-32
113900018,192,262,-70
113900019,211,47,164
113900020,218,1,217
113900022,61,0,61
113900023,36,3,33
113900024,53,45,8
113900025,154,18,136
113900026,75,2,73
113900027,7,45,-38
113900028,26,177,-151
113900029,76,88,-12
113900030,288,7,281
113900031,25,3,22
113900032,44,0,44
113900033,46,39,7
113900035,61,1,60
113900036,22,66,-44
113900037,233,207,26
113900038,20,122,-102
113900039,194,32,162
113900040,18,35,-17
113900041,28,2,26
113900042,38,29,9
113900043,185,64,121
113900044,153,335,-182
113900045,54,2,52
113900046,256,1135,-879
113900047,66,64,2
113900048,82,117,-35
113900049,213,268,-55
113900050,359,220,139
113900051,210,146,64
113900052,103,69,34
113900053,703,661,42
113900054,46,2,44
113900055,84,349,-265
113900056,67,113,-46
113900057,12,42,-30
113900058,106,53,53
113900059,195,226,-31
113900060,64,165,-101
113900061,383,183,200
113900062,132,18,114
113900063,140,74,66
113900064,41,43,-2
113900065,419,28,391
113900066,372,150,222
113900067,221,123,98
113900068,457,569,-112
113900069,23,27,-4
113900070,107,198,-91
113900071,74,56,18
113900072,48,77,-29
113900073,185,170,15
113900074,215,189,26
113900075,891,1390,-499
113900076,142,13,129
113900077,38,112,-74
113900078,54,36,18
113900079,1,16,-15
113900080,710,194,516
113900081,54,80,-26
113900082,138,185,-47
113900083,508,115,393
113900084,199,107,92
113900085,57,104,-47
113900086,74,14,60
113900087,116,95,21
113900088,70,75,-5
113900089,369,46,323
113900090,642,380,262
113900091,13,9,4
113900092,16,80,-64
113900093,42,741,-699
113900094,659,211,448
113900095,107,173,-66
113900096,307,69,238
113900097,25,45,-20
113900098,714,106,608
113900099,0,23,-23
113900100,0,1,-1
113900101,9,50,-41
113900102,82,127,-45
113900103,261,386,-125
113900104,106,201,-95
113900105,169,83,86
113900106,1,14,-13
113900107,6,8,-2
113900108,134,219,-85
113900109,291,182,109
113900110,92,17,75
113900111,163,45,118
113900112,153,34,119
113900113,1182,427,755
113900114,1,25,-24
113900115,4,34,-30
113900116,63,149,-86
113900117,66,18,48
113900118,148,451,-303
113900119,83,366,-283
113900120,50,43,7
113900121,94,58,36
113900122,348,2231,-1883
113900123,472,169,303
113900124,2,25,-23
113900125,623,109,514
113900126,83,26,57
113900127,342,767,-425
113900128,118,59,59
113900129,3,213,-210
113900130,0,185,-185
113900131,295,49,246
113900132,40,67,-27
113900133,16,24,-8
113900135,223,161,62
113900136,81,53,28
113900137,279,273,6
113900138,33,246,-213
113900139,119,194,-75
113900140,64,310,-246
113900141,566,202,364
113900142,136,54,82
113900143,18,66,-48
113900144,55,283,-228
113900145,319,110,209
113900146,193,53,140
113900148,76,333,-257
113900149,111,57,54
113900150,284,345,-61
113900151,441,103,338
113900152,71,56,15
113900153,114,559,-445
113900154,2,106,-104
113900155,109,258,-149
113900156,183,279,-96
113900157,52,302,-250
113900158,160,510,-350
113900159,11,228,-217
113900160,530,317,213
113900161,79,256,-177
113900162,171,765,-594
113900163,232,178,54
113900164,384,48,336
113900165,467,664,-197
113900166,48,120,-72
113900167,344,37,307
113900168,55,50,5
113900169,143,240,-97
113900171,274,77,197
113900172,6,50,-44
113900173,22,230,-208
113900174,346,345,1
113900175,346,163,183
113900176,321,286,35
113900177,267,145,122
113900178,246,207,39
113900179,23,173,-150
113900180,123,53,70
113900181,807,304,503
113900182,645,546,99
113900183,61,57,4
113900184,6,161,-155
113900185,127,51,76
113900186,51,38,13
113900187,25,99,-74
113900188,22,110,-88
113900189,241,128,113
113900190,132,59,73
113900191,100,87,13
113900192,5,633,-628
113900193,10,100,-90
113900194,852,374,478
113900195,134,260,-126
113900196,4,109,-105
113900197,1,73,-72
113900198,15,231,-216
113900199,69,362,-293
113900200,25,98,-73
113900201,0,52,-52
113900202,17,110,-93
113900203,0,13,-13
113900204,17,292,-275
113900205,1,73,-72
113900206,3,59,-56
113900207,2,33,-31
113900208,0,19,-19
113900209,0,35,-35
113900210,388,658,-270
113900211,180,38,142
113900212,192,261,-69
113900214,226,350,-124
113900215,55,75,-20
113900216,208,327,-119
113900217,94,107,-13
113900218,141,76,65
113900219,77,413,-336
113900220,96,111,-15
113900221,273,304,-31
113900222,112,446,-334
113900223,171,229,-58
113900224,29,37,-8
113900225,385,111,274
113900226,326,124,202
113900227,339,200,139
113900228,252,498,-246
113900229,58,782,-724
113900230,1891,3051,-1160
113900231,147,91,56
113900232,120,40,80
113900233,114,57,57
113900234,405,345,60
113900235,116,32,84
113900236,319,135,184
113900237,200,14,186
113900238,156,564,-408
113900239,43,123,-80
113900240,4,210,-206
113900241,64,57,7
113900242,30,143,-113
113900243,41,222,-181
113900244,143,129,14
113900245,539,293,246
113900246,19,26,-7
113900247,90,561,-471
113900248,1754,1830,-76
113900249,437,507,-70
113900250,52,185,-133
113900251,902,100,802
113900252,652,40,612
113900253,611,80,531
113900254,613,166,447
113900255,570,24,546
113900256,280,24,256
113900257,28,168,-140
113900258,19,207,-188
113900259,685,71,614
113900260,304,9,295
113900261,41,47,-6
113900262,123,271,-148
113900263,66,369,-303
113900264,6,154,-148
113900265,102,272,-170
113900266,25,120,-95
113900267,53,637,-584
113900268,311,511,-200
113900269,61,118,-57
113900270,154,587,-433
113900271,677,467,210
113900273,17,18,-1
113900274,67,25,42
113900275,27,86,-59
113900276,3,67,-64
113900277,232,6,226
113900278,180,125,55
113900279,41,40,1
113900280,1237,507,730
113900281,356,1386,-1030
113900282,298,506,-208
113900283,310,436,-126
113900284,977,108,869
113900285,166,37,129
113900286,81,60,21
113900287,91,54,37
113900288,4,63,-59
113900289,322,124,198
113900290,135,293,-158
113900291,63,115,-52
113900292,4,11,-7
113900293,2,158,-156
113900294,536,11,525
113900295,238,359,-121
113900296,1345,438,907
113900297,2336,30,2306
113900298,21,1070,-1049
113900299,124,20,104
113900300,3741,3733,8
113900301,534,510,24
113900302,1208,792,416
113900303,185,527,-342
113900304,1,80,-79
113900305,148,0,148
113900306,142,1,141
113900307,7,0,7
113900308,49,101,-52
113900309,0,216,-216
113900310,1,9,-8
113900311,21,0,21
113900312,124,176,-52
113900313,6,3,3
114000001,804,1529,-725
114000002,321,229,92
114000003,60,149,-89
114000004,118,143,-25
114000005,287,227,60
114000006,1332,1375,-43
114000007,663,854,-191
114000008,1257,1704,-447
114000009,1059,241,818
114000011,2316,1589,727
114000012,2891,1220,1671
114000013,1904,888,1016
114000014,431,127,304
114000015,1937,214,1723
114000016,185,99,86
114000017,102,475,-373
114000018,133,27,106
114000026,2451,742,1709
114000027,4014,1769,2245
114000028,2015,2688,-673
114000038,308,97,211
114000039,75,34,41
114000040,126,205,-79
114000042,132,113,19
114000043,40,31,9
114000044,327,20,307
114000045,50,29,21
114000046,1967,3439,-1472
114000047,3,56,-53
114000048,77,41,36
114000049,1417,1480,-63
114000050,1609,1814,-205
114000051,2514,1906,608
114000052,3496,2138,1358
114000053,85,637,-552
114000054,185,572,-387
114000055,174,33,141
114000056,186,997,-811
114000057,3295,1787,1508
114000058,78,1215,-1137
114000059,52,393,-341
114000060,532,625,-93
114000061,1943,2479,-536
114000062,571,1380,-809
114000063,993,1047,-54
114000064,1762,2978,-1216
114000065,970,1590,-620
114000066,394,492,-98
114000067,20,753,-733
114000068,419,684,-265
114000069,1055,564,491
114000070,1876,1571,305
114000071,850,395,455
114000072,534,133,401
114000073,16,9,7
114000074,73,19,54
114000075,58,39,19
114000076,28,35,-7
114000077,2,11,-9
114000078,324,286,38
114000079,205,19,186
114000080,58,65,-7
114000081,76,69,7
114000082,40,253,-213
114000083,61,125,-64
114000084,337,71,266
114000085,81,255,-174
114000086,283,175,108
114000087,165,70,95
114000088,42,19,23
114000089,346,214,132
114000090,859,885,-26
114000091,1265,867,398
114000092,740,419,321
114000093,1287,640,647
114000094,366,217,149
114000095,235,166,69
114000096,83,187,-104
114000097,116,205,-89
114000098,539,99,440
114000099,790,143,647
114000100,1820,329,1491
114000101,383,264,119
114000102,570,224,346
114000103,93,154,-61
114000104,33,167,-134
114000105,167,82,85
114000106,581,1498,-917
114000107,541,104,437
114000108,566,670,-104
114000109,634,1109,-475
114000110,472,703,-231
114000111,2056,865,1191
114000112,262,657,-395
114000113,968,374,594
114000114,686,574,112
114000115,1894,999,895
114000116,897,2577,-1680
114000117,4167,552,3615
114000118,3240,503,2737
114000119,2280,573,1707
114000120,576,497,79
114000121,409,655,-246
114000122,465,289,176
114000123,2491,364,2127
114000124,1093,325,768
114000125,711,728,-17
114000126,1917,174,1743
114000127,214,105,109
114000128,810,168,642
114000130,405,382,23
114000131,299,169,130
114000132,598,400,198
114000133,634,1063,-429
114000134,98,29,69
114000138,45,109,-64
114000139,352,343,9
114000144,791,551,240
114000145,81,79,2
114000146,92,95,-3
114000147,1352,2496,-1144
114000148,1061,1492,-431
114000149,336,288,48
114000150,262,561,-299
114000151,433,1326,-893
114000152,91,38,53
114000153,501,1967,-1466
114000154,635,429,206
114000155,1390,2172,-782
114000156,605,622,-17
114000157,243,992,-749
114000158,842,635,207
114000159,129,359,-230
114000160,59,461,-402
114000161,967,2726,-1759
114000162,1243,2590,-1347
114000163,34,34,0
114000165,466,372,94
114000166,484,451,33
114000167,1825,1213,612
114000168,347,458,-111
114000169,1060,1575,-515
114000170,956,1399,-443
114000171,1277,5315,-4038
114000174,135,355,-220
114000176,271,399,-128
114000177,764,422,342
114000178,54,50,4
114000179,853,605,248
114000180,219,388,-169
114000181,1469,4055,-2586
114000182,955,1930,-975
114000183,607,637,-30
114000184,1752,504,1248
114000185,1000,621,379
114000189,1335,205,1130
114000190,3641,551,3090
114000191,68,164,-96
114000192,95,737,-642
114000193,271,1151,-880
114000194,1354,464,890
114000195,212,78,134
114000196,1,66,-65
114000197,1923,15,1908
114000198,546,270,276
114000199,1388,1610,-222
114000200,486,752,-266
114000201,176,462,-286
114000202,734,342,392
114000203,516,419,97
114000204,159,275,-116
114000205,141,775,-634
114000206,563,898,-335
114000207,389,831,-442
114000208,457,1141,-684
114000209,381,955,-574
114000210,192,629,-437
114000211,1127,1029,98
114000212,817,721,96
114000213,1398,335,1063
114000214,97,99,-2
114000215,208,60,148
114000216,1512,282,1230
114000217,457,139,318
114000218,192,131,61
114000219,1052,153,899
114000220,22,415,-393
114000221,1014,193,821
114000222,84,462,-378
114000223,482,155,327
114000224,59,311,-252
114000225,393,372,21
114000226,263,227,36
114000227,776,379,397
114000228,810,403,407
114000229,1285,866,419
114000230,1392,685,707
114000231,1073,1121,-48
114000232,943,142,801
114000233,2439,97,2342
114000234,972,502,470
114000235,1059,845,214
114000236,0,230,-230
114000237,142,490,-348
114000238,74,204,-130
114000239,125,669,-544
114000240,761,781,-20
114000241,252,544,-292
114000242,620,496,124
114000243,1625,765,860
114000244,560,241,319
114000245,505,686,-181
114000246,101,40,61
114000247,677,417,260
114000248,1244,470,774
114000249,511,266,245
114000250,636,324,312
114000251,443,190,253
114000252,48,34,14
114000253,44,78,-34
114000254,53,29,24
114000255,476,199,277
114000256,328,1685,-1357
114000257,297,658,-361
114000258,462,169,293
114000259,182,139,43
114000260,0,32,-32
114000261,28,40,-12
114000262,273,115,158
114000263,16,2,14
114000264,1411,339,1072
114000265,4,3,1
114000267,4,1394,-1390
114000268,7,566,-559
114000270,142,1,141
114000271,339,44,295
114000283,1506,279,1227
114000285,16,83,-67
114000288,80,192,-112
114000289,1669,100,1569
114000293,176,372,-196
114000294,140,225,-85
114000395,1118,18,1100
114000396,756,633,123
114000402,690,150,540
114000403,325,180,145
114000405,219,139,80
114000423,440,181,259
114000424,522,130,392
114000425,1128,192,936
114000426,287,683,-396
114000427,60,58,2
114000428,80,140,-60
114000429,12,85,-73
114000432,68,43,25
114000434,15,60,-45
114000435,0,15,-15
114900001,708,360,348
114900002,595,142,453
114900003,772,497,275
114900004,208,462,-254
114900005,597,319,278
114900006,114,87,27
114900007,437,40,397
114900008,250,108,142
114900010,1034,1481,-447
114900011,326,165,161
114900013,303,114,189
114900015,99,575,-476
114900018,900,25,875
114900020,238,82,156
114900021,297,217,80
114900022,0,410,-410
114900024,247,99,148
114900025,608,135,473
114900026,115,135,-20
114900027,211,203,8
114900029,26,11,15
114900030,339,184,155
114900031,458,25,433
114900032,485,22,463
114900033,526,1175,-649
114900034,45,59,-14
114900035,126,231,-105
114900036,164,225,-61
114900037,101,87,14
114900038,196,243,-47
114900039,474,187,287
114900040,95,51,44
114900041,976,192,784
114900042,1174,280,894
114900043,257,145,112
114900044,168,74,94
114900045,113,173,-60
114900046,48,42,6
114900047,211,2485,-2274
114900048,69,150,-81
114900049,10,95,-85
114900050,58,143,-85
114900051,33,183,-150
114900052,57,184,-127
114900053,77,165,-88
114900054,25,67,-42
114900057,145,12,133
114900058,6,50,-44
114900059,98,74,24
114900060,308,757,-449
114900061,164,67,97
114900062,161,266,-105
114900063,85,81,4
114900064,2163,173,1990
114900065,505,636,-131
114900067,43,305,-262
114900068,43,82,-39
114900069,125,58,67
114900070,590,198,392
114900072,10,155,-145
114900073,0,50,-50
114900074,857,185,672
114900075,408,11,397
114900076,5,200,-195
114900080,990,203,787
114900082,2071,2513,-442
114900083,594,977,-383
114900084,265,92,173
114900090,420,147,273
114900091,78,143,-65
114900095,155,55,100
114900096,312,479,-167
114900097,179,18,161
114900098,3,93,-90
114900099,306,17,289
115000001,3193,1631,1562
115000002,3784,4282,-498
115000003,3770,1317,2453
115000004,4625,5661,-1036
115000005,1255,1428,-173
115000006,939,1422,-483
115000007,130,160,-30
115000008,315,373,-58
115000009,210,176,34
115000010,205,173,32
115000013,36,145,-109
115000015,32,182,-150
115000016,140,262,-122
115000019,39,426,-387
115000020,137,902,-765
115000021,218,323,-105
115000022,391,311,80
115000023,224,594,-370
115000024,817,275,542
115000025,903,702,201
115000026,150,242,-92
115000027,287,357,-70
115000028,217,560,-343
115000029,693,89,604
115000030,680,729,-49
115000031,1048,337,711
115000032,15,141,-126
115000033,151,30,121
115000034,46,950,-904
115000035,968,83,885
115000036,1,266,-265
115000037,573,22,551
115000038,56,140,-84
115000039,2064,3085,-1021
115000040,2870,1931,939
115000041,1050,3504,-2454
115000042,471,554,-83
115000043,3570,2466,1104
115000044,3027,2430,597
115000045,2113,880,1233
115000046,2544,2002,542
115000047,2366,1070,1296
115000048,1580,1263,317
115000049,1226,2122,-896
115000050,2948,1461,1487
115000051,1317,3019,-1702
115000052,1077,1081,-4
115000053,1890,1969,-79
115000054,548,700,-152
115000055,211,801,-590
115000056,218,497,-279
115000057,508,1197,-689
115000058,404,404,0
115000059,370,192,178
115000061,80,142,-62
115000062,181,238,-57
115000063,442,250,192
115000064,199,70,129
115000065,57,493,-436
115000067,164,15,149
115000069,101,212,-111
115000070,17,776,-759
115000071,99,13,86
115000072,2,30,-28
115000073,1648,86,1562
115000075,126,50,76
115000076,2077,1684,393
115000077,1925,1115,810
115000078,1419,703,716
115000079,1472,1119,353
115000080,2852,1338,1514
115000081,323,554,-231
115000082,4229,3493,736
115000083,1837,966,871
115000084,2912,821,2091
115000085,943,602,341
115000086,1113,546,567
115000087,394,1102,-708
115000088,1562,530,1032
115000089,1180,892,288
115000090,300,691,-391
115000091,178,404,-226
115000092,568,400,168
115000093,562,2,560
115000094,4025,5294,-1269
115000095,3102,6144,-3042
115000096,832,742,90
115000097,1500,1033,467
115000098,1380,485,895
115000099,2701,1412,1289
115000100,1266,305,961
115000101,565,763,-198
115000102,539,222,317
115000103,289,433,-144
115000105,78,86,-8
115000106,753,371,382
115000107,199,236,-37
115000108,1797,1485,312
115000109,2837,5386,-2549
115000110,1069,1988,-919
115000111,467,997,-530
115000112,802,878,-76
115000113,599,661,-62
115000114,1143,543,600
115000116,2687,2150,537
115000117,2085,2267,-182
115000118,1988,1653,335
115000119,1498,2023,-525
115000120,430,1123,-693
115000121,628,831,-203
115000122,931,1517,-586
115000123,645,1888,-1243
115000124,562,773,-211
115000125,264,578,-314
115000126,162,283,-121
115000127,274,135,139
115000128,299,683,-384
115000129,141,476,-335
115000130,495,356,139
115000131,770,181,589
115000132,419,282,137
115000133,639,174,465
115000134,379,189,190
115000135,202,147,55
115000136,251,193,58
115000137,97,181,-84
115000138,418,210,208
115000139,265,163,102
115000140,394,140,254
115000141,237,104,133
115000142,171,94,77
115000143,913,411,502
115000144,452,51,401
115000145,238,197,41
115000146,486,272,214
115000147,254,249,5
115000148,316,461,-145
115000149,654,206,448
115000150,638,413,225
115000151,1182,395,787
115000152,653,410,243
115000153,1307,376,931
115000154,808,212,596
115000155,572,556,16
115000156,753,787,-34
115000157,402,588,-186
115000158,364,299,65
115000159,431,509,-78
115000160,430,493,-63
115000161,496,348,148
115000162,443,827,-384
115000163,407,634,-227
115000164,510,600,-90
115000165,292,537,-245
115000167,86,85,1
115000168,353,296,57
115000169,319,504,-185
115000170,42,109,-67
115000171,196,244,-48
115000172,617,526,91
115000173,176,758,-582
115000174,77,352,-275
115000175,171,230,-59
115000176,113,171,-58
115000177,101,183,-82
115000178,10,159,-149
115000179,20,44,-24
115000180,155,243,-88
115000181,800,112,688
115000182,1062,265,797
115000183,514,406,108
115000186,534,185,349
115000187,201,452,-251
115000188,392,475,-83
115000189,213,350,-137
115000190,578,496,82
115000191,150,437,-287
115000194,129,128,1
115000195,200,438,-238
115000196,286,103,183
115000197,237,123,114
115000198,575,176,399
115000199,466,95,371
115000200,380,91,289
115000201,139,231,-92
115000206,461,53,408
115000207,272,186,86
115000208,280,427,-147
115000209,619,343,276
115000210,149,150,-1
115000211,213,233,-20
115000212,705,318,387
115000218,45,93,-48
115000219,101,24,77
115000224,246,72,174
115000225,62,87,-25
115000229,136,69,67
115000230,74,488,-414
115000231,227,706,-479
115000232,1812,191,1621
115000233,113,190,-77
115000234,44,186,-142
115000241,73,112,-39
115000242,164,93,71
115000243,59,80,-21
115000244,6,83,-77
115000246,24,23,1
115000247,30,32,-2
115000248,31,31,0
115000249,9,15,-6
115000250,205,23,182
115000251,297,46,251
115000252,87,154,-67
115000253,24,370,-346
115000258,339,60,279
115000259,264,86,178
115000261,31,10,21
115000262,14,23,-9
115000263,14,26,-12
115000264,17,28,-11
115000267,97,90,7
115000268,43,110,-67
115000269,121,66,55
115000270,9,21,-12
115000272,38,92,-54
115000273,445,37,408
115000274,419,109,310
115000280,1451,185,1266
115000281,249,636,-387
115000282,744,1400,-656
115000284,135,127,8
115000296,1002,6,996
115000297,108,151,-43
115000298,39,460,-421
115000300,227,90,137
115000302,453,110,343
115000303,754,64,690
115000304,931,50,881
115000305,95,244,-149
115000306,195,104,91
115000307,167,107,60
115000308,24,26,-2
115000310,1214,439,775
115000311,1232,963,269
115000313,124,160,-36
115000314,630,149,481
115000315,389,513,-124
115000316,84,120,-36
115000317,141,329,-188
115000318,934,310,624
115000319,70,164,-94
115000320,26,275,-249
115000321,336,21,315
115000322,61,115,-54
115000449,161,108,53
115000557,22,1507,-1485
115000558,238,123,115
115000587,586,221,365
115000588,1547,1851,-304
115000589,3078,1736,1342
115000590,767,1373,-606
115000591,1208,778,430
115000592,385,1421,-1036
115000593,1273,762,511
115000594,346,1646,-1300
115000609,116,65,51
115000617,474,2640,-2166
115000624,242,24,218
115000633,446,1290,-844
115000634,2798,608,2190
115000635,617,107,510
115000638,287,299,-12
115000641,33,153,-120
115000642,267,294,-27
115000643,112,220,-108
115000644,158,235,-77
115000646,691,1487,-796
115000647,238,448,-210
115000648,2471,1093,1378
115000893,1402,1070,332
115000894,126,622,-496
115000895,199,480,-281
115000896,1026,277,749
115000897,358,108,250
115000898,425,179,246
115000899,161,1132,-971
115000900,33,210,-177
115000901,29,115,-86
115000912,438,62,376
115000913,17,20,-3
115000915,3,0,3
115000916,2,0,2
115000917,0,7,-7
115000918,78,808,-730
115000919,6,8,-2
115000920,8,35,-27
115000921,284,102,182
115000922,268,579,-311
115000923,83,845,-762
115000925,90,147,-57
115000927,19,78,-59
115000933,43,104,-61
115900001,160,26,134
115900002,106,129,-23
115900003,162,41,121
115900004,0,14,-14
115900005,274,9,265
115900006,153,105,48
115900008,84,3,81
115900009,75,123,-48
115900010,443,51,392
115900011,421,151,270
115900012,235,21,214
115900013,291,107,184
115900014,147,94,53
115900015,151,31,120
115900016,107,38,69
115900017,16,11,5
115900018,147,55,92
115900019,335,26,309
115900020,129,7,122
115900021,631,826,-195
115900022,394,20,374
115900023,2,7,-5
115900025,31,188,-157
115900026,641,97,544
115900027,0,109,-109
115900028,342,58,284
115900029,19,208,-189
115900030,34,22,12
115900031,107,356,-249
115900032,393,480,-87
115900033,0,44,-44
115900034,27,152,-125
115900035,36,41,-5
115900036,21,1186,-1165
115900037,36,123,-87
115900038,81,12,69
115900039,149,121,28
115900041,150,828,-678
115900042,59,5,54
115900043,129,28,101
115900044,116,254,-138
115900046,467,180,287
115900047,126,200,-74
115900049,335,136,199
115900051,3,22,-19
115900052,27,92,-65
115900053,371,97,274
115900054,383,32,351
115900055,17,66,-49
115900056,242,125,117
115900057,11,17,-6
115900058,23,42,-19
115900060,67,68,-1
115900061,275,2,273
115900062,193,161,32
115900063,34,5,29
115900064,145,209,-64
115900065,182,48,134
115900066,82,69,13
115900067,5,133,-128
115900068,1206,1114,92
115900069,20,148,-128
115900070,197,30,167
115900071,1,143,-142
115900072,25,94,-69
115900073,118,143,-25
115900074,2,93,-91
115900075,51,146,-95
115900076,0,20,-20
115900077,4,71,-67
115900078,37,79,-42
115900079,429,12,417
115900080,167,103,64
115900081,27,41,-14
115900082,96,153,-57
115900084,606,20,586
115900085,34,36,-2
115900086,892,536,356
115900088,8,38,-30
115900089,362,290,72
115900090,569,6,563
115900091,11,7,4
115900092,39,48,-9
115900093,1,27,-26
115900094,5,84,-79
115900096,10,6,4
115900097,11,108,-97
115900098,228,159,69
115900099,54,49,5
115900100,17,219,-202
115900101,219,127,92
115900102,84,58,26
115900103,315,91,224
115900104,86,48,38
115900105,360,216,144
115900106,136,9,127
115900107,87,51,36
115900108,138,17,121
115900109,33,185,-152
115900110,13,5,8
115900111,1,86,-85
115900112,63,466,-403
115900113,81,25,56
115900114,14,110,-96
115900115,94,148,-54
115900116,107,427,-320
115900117,115,11,104
115900118,7,88,-81
115900119,144,90,54
115900120,47,197,-150
115900121,293,132,161
115900124,294,819,-525
115900125,408,55,353
115900126,1045,106,939
115900127,827,48,779
115900128,6,92,-86
115900129,784,59,725
115900130,10,166,-156
115900131,413,55,358
115900132,750,7,743
115900134,511,15,496
115900135,227,862,-635
115900137,34,16,18
115900139,81,221,-140
115900140,366,22,344
115900141,23,135,-112
115900142,41,97,-56
115900143,233,303,-70
115900144,119,166,-47
115900146,8,23,-15
115900147,192,270,-78
115900148,127,4,123
115900149,197,12,185
115900150,131,17,114
115900151,8,98,-90
115900152,165,238,-73
115900153,146,124,22
115900154,307,358,-51
115900155,0,4,-4
115900156,711,935,-224
115900157,242,453,-211
115900158,10,3,7
115900159,219,146,73
115900160,1,9,-8
115900161,53,87,-34
115900163,297,93,204
115900164,685,19,666
115900165,6,110,-104
115900166,156,91,65
115900168,155,62,93
115900171,103,369,-266
115900172,48,82,-34
115900173,230,85,145
115900174,160,186,-26
115900175,162,237,-75
115900178,17,208,-191
115900179,402,16,386
115900180,28,67,-39
115900181,270,47,223
115900182,600,88,512
115900183,102,187,-85
115900184,473,7,466
115900187,12,134,-122
115900189,0,201,-201
115900190,178,885,-707
115900191,20,126,-106
115900192,20,95,-75
115900193,167,113,54
115900194,933,79,854
115900195,455,2498,-2043
115900198,255,266,-11
115900199,314,136,178
115900200,157,208,-51
115900201,320,295,25
115900202,1,56,-55
115900203,8,18,-10
115900204,1,1,0
115900205,41,21,20
115900206,262,77,185
115900207,55,8,47
115900208,118,61,57
115900209,10,96,-86
115900210,9,177,-168
115900211,3,120,-117
115900212,211,96,115
115900213,44,120,-76
115900214,551,79,472
115900215,33,189,-156
115900216,7,54,-47
115900217,9,13,-4
115900218,5,21,-16
115900219,154,3,151
115900220,239,4,235
115900221,141,8,133
115900222,117,33,84
115900223,5,558,-553
115900224,460,1543,-1083
115900225,39,44,-5
115900226,13,39,-26
115900227,28,25,3
115900228,7,33,-26
115900229,6,26,-20
115900230,23,79,-56
115900231,171,1,170
115900232,46,2,44
115900233,113,8,105
115900234,69,28,41
115900235,22,36,-14
115900236,76,42,34
115900237,35,27,8
115900238,15,11,4
115900239,21,21,0
115900240,13,29,-16
115900241,260,50,210
115900242,189,368,-179
115900243,19,8,11
115900244,35,12,23
115900245,0,6,-6
115900246,3,9,-6
115900247,8,6,2
115900248,4,6,-2
115900249,6,8,-2
115900250,17,12,5
115900251,1,2,-1
115900252,6,2,4
115900253,16,12,4
115900254,13,22,-9
115900255,0,35,-35
115900256,2,12,-10
115900257,1,3,-2
115900258,0,0,0
115900259,3,0,3
115900260,6,0,6
115900261,7,2,5
115900262,1,0,1
115900263,11,0,11
115900264,34,3,31
115900265,3,5,-2
115900266,2,9,-7
115900267,0,7,-7
115900268,5,7,-2
115900269,625,149,476
115900270,477,117,360
116000001,4606,2110,2496
116000002,3941,12431,-8490
116000003,1036,956,80
116000004,2751,4681,-1930
116000005,980,2318,-1338
116000006,2181,3170,-989
116000007,1732,2114,-382
116000008,3981,2817,1164
116000009,895,1165,-270
116000010,2397,1614,783
116000011,625,1081,-456
116000012,1943,1017,926
116000013,3941,2950,991
116000014,6390,15017,-8627
116000015,157,1308,-1151
116000016,4020,4430,-410
116000017,35,713,-678
116000018,516,397,119
116000019,836,306,530
116000020,563,1326,-763
116000021,639,353,286
116000022,337,284,53
116000023,1439,1003,436
116000024,551,662,-111
116000025,935,870,65
116000026,1376,2405,-1029
116000027,663,674,-11
116000028,387,858,-471
116000029,427,596,-169
116000030,572,435,137
116000031,164,249,-85
116000032,163,122,41
116000033,265,173,92
116000034,784,413,371
116000035,299,555,-256
116000036,875,2264,-1389
116000037,298,546,-248
116000038,198,629,-431
116000039,191,809,-618
116000040,434,563,-129
116000041,81,608,-527
116000042,821,492,329
116000043,176,837,-661
116000044,5,8,-3
116000045,1729,1728,1
116000046,979,1509,-530
116000047,1492,2022,-530
116000048,2230,1554,676
116000049,1616,3005,-1389
116000050,1643,1182,461
116000051,4879,2965,1914
116000052,4654,4282,372
116000053,2372,656,1716
116000054,831,2263,-1432
116000055,952,742,210
116000056,1152,1022,130
116000057,2426,1338,1088
116000058,3140,3240,-100
116000059,2453,4807,-2354
116000060,1569,932,637
116000061,224,1015,-791
116000062,428,193,235
116000063,502,1336,-834
116000066,273,677,-404
116000067,178,317,-139
116000068,156,262,-106
116000069,228,210,18
116000078,423,1085,-662
116000080,1607,535,1072
116000082,3,10,-7
116000083,1750,381,1369
116000084,1223,1738,-515
116000085,1832,1775,57
116000086,726,403,323
116000087,2192,1645,547
116000088,748,752,-4
116000089,169,50,119
116000090,100,146,-46
116000091,219,203,16
116000093,805,696,109
116000094,775,357,418
116000095,992,717,275
116000096,1030,1576,-546
116000097,1010,563,447
116000098,25,6397,-6372
116000099,4512,156,4356
116000100,273,9,264
116000101,1176,384,792
116000102,280,670,-390
116000103,428,238,190
116000104,235,925,-690
116000105,1231,149,1082
116000106,397,797,-400
116000107,2261,248,2013
116000108,112,274,-162
116000111,152,18,134
116000113,164,124,40
116000114,57,92,-35
116000115,452,138,314
116000116,255,240,15
116000117,1577,1578,-1
116000118,1496,861,635
116000119,3788,1604,2184
116000120,2503,2355,148
116000121,1012,434,578
116000122,907,753,154
116000123,1436,468,968
116000124,363,499,-136
116000125,3443,614,2829
116000126,260,724,-464
116000127,709,708,1
116000128,2057,876,1181
116000129,1554,160,1394
116000130,798,663,135
116000133,1364,617,747
116000134,1366,892,474
116000135,3067,1200,1867
116000136,730,1139,-409
116000137,1264,660,604
116000138,959,647,312
116000139,1576,2419,-843
116000140,144,208,-64
116000141,322,297,25
116000142,2462,1548,914
116000143,1651,1496,155
116000144,1376,1135,241
116000145,1991,823,1168
116000146,759,90,669
116000147,208,156,52
116000148,691,699,-8
116000149,896,960,-64
116000151,409,328,81
116000153,101,259,-158
116000155,185,261,-76
116000156,537,801,-264
116000157,77,13,64
116000158,221,255,-34
116000159,11,15,-4
116000160,22,68,-46
116000161,4,80,-76
116000162,60,175,-115
116000163,46,11,35
116000164,10,33,-23
116000177,125,192,-67
116000194,92,340,-248
116000195,1206,485,721
116000196,24,7,17
116000197,26,17,9
116000198,1937,1061,876
116000200,640,641,-1
116000201,657,511,146
116000202,5,143,-138
116000203,1,68,-67
116000204,13,47,-34
116000205,0,105,-105
116000206,0,94,-94
116000207,18,36,-18
116000233,134,318,-184
116000287,262,176,86
116000288,431,183,248
116000292,96,94,2
116000296,3,63,-60
116000297,76,9,67
116000304,254,2,252
116000305,6,114,-108
116000346,183,140,43
116000352,155,45,110
116000354,20,12,8
116000357,12,22,-10
116000358,455,69,386
116000361,55,1,54
116000372,2551,5375,-2824
116000381,129,0,129
116000388,3,45,-42
116000389,883,485,398
116000445,609,235,374
116000446,741,244,497
116000447,27,587,-560
116000448,417,126,291
116000563,674,959,-285
116000565,23,199,-176
116000568,48,495,-447
116000579,18,91,-73
116000584,19,5,14
116000585,57,21,36
116000586,69,123,-54
116000587,174,315,-141
116000589,58,57,1
116000590,119,66,53
116000591,307,119,188
116000592,4,39,-35
116000593,0,19,-19
116000594,1089,195,894
116000595,779,64,715
116000596,131,5,126
116000597,542,149,393
116000598,23,73,-50
116000602,29,484,-455
116000605,106,109,-3
116000606,78,199,-121
116000607,4,95,-91
116000609,161,964,-803
116000611,213,192,21
116000612,916,1755,-839
116000613,812,249,563
116000614,436,271,165
116000615,32,378,-346
116000616,69,81,-12
116000617,151,13,138
116000618,7,34,-27
116000619,67,84,-17
116000620,195,104,91
116000621,98,102,-4
116000622,66,106,-40
116000624,270,88,182
116900001,274,121,153
116900002,271,2,269
116900003,49,11,38
116900004,42,90,-48
116900005,326,51,275
116900006,70,145,-75
116900007,104,206,-102
116900008,748,89,659
116900009,26,14,12
116900010,0,538,-538
116900011,23,37,-14
116900012,132,211,-79
116900013,6,65,-59
116900014,161,69,92
116900015,592,36,556
116900016,237,4,233
116900017,1,314,-313
116900018,102,47,55
116900019,4,171,-167
116900020,248,991,-743
116900023,44,24,20
116900024,794,35,759
116900025,1441,493,948
116900026,74,429,-355
116900027,46,30,16
116900028,3,40,-37
116900029,6,76,-70
116900031,3,1,2
116900032,5,132,-127
116900033,25,8,17
116900034,6,42,-36
116900035,184,108,76
116900036,7,72,-65
116900038,17,0,17
116900041,97,13,84
116900042,242,150,92
116900043,32,51,-19
116900045,223,91,132
116900047,15,185,-170
116900049,23,202,-179
116900050,89,228,-139
116900051,258,59,199
116900052,133,52,81
116900055,0,17,-17
116900057,25,105,-80
116900058,25,201,-176
116900059,1,66,-65
116900060,147,117,30
116900062,0,17,-17
116900064,122,192,-70
116900065,31,78,-47
116900067,137,36,101
116900068,107,166,-59
116900070,3,2,1
116900072,42,157,-115
116900073,27,63,-36
116900074,8,31,-23
116900076,6,27,-21
116900077,15,54,-39
116900078,116,54,62
116900079,37,138,-101
116900080,27,19,8
116900081,249,771,-522
116900082,282,816,-534
116900083,14,16,-2
116900084,60,38,22
116900085,34,72,-38
116900086,48,132,-84
116900088,360,113,247
116900090,43,17,26
116900091,313,15,298
116900092,116,411,-295
116900093,2088,1365,723
116900094,2608,4592,-1984
116900095,174,124,50
116900096,127,520,-393
116900097,1557,3502,-1945
116900098,662,363,299
116900099,340,685,-345
116900100,1060,78,982
116900101,185,327,-142
116900103,5,0,5
116900104,27,82,-55
116900105,263,185,78
116900106,2770,101,2669
116900107,1433,2723,-1290
116900110,39,0,39
116900111,723,249,474
116900112,296,425,-129
116900113,917,1143,-226
116900116,50,665,-615
116900117,154,77,77
116900118,640,800,-160
116900120,463,63,400
116900121,135,19,116
116900122,1245,264,981
116900123,235,369,-134
116900124,166,555,-389
116900125,665,115,550
116900126,55,437,-382
116900128,0,36,-36
116900129,2,169,-167
116900130,501,4005,-3504
116900131,73,268,-195
116900132,48,112,-64
116900133,143,98,45
116900134,301,170,131
116900136,171,188,-17
116900137,221,129,92
116900138,196,135,61
116900139,121,242,-121
116900140,202,91,111
116900141,621,306,315
116900142,3,98,-95
116900143,472,440,32
116900144,50,89,-39
116900145,60,108,-48
116900147,195,1133,-938
116900148,4,59,-55
116900149,92,253,-161
116900150,12,14,-2
116900151,29,15,14
116900153,194,99,95
116900154,169,637,-468
116900155,92,106,-14
116900157,788,113,675
116900158,76,288,-212
116900159,59,353,-294
116900160,877,1137,-260
116900161,4202,7589,-3387
116900162,7,59,-52
116900163,255,57,198
116900164,63,66,-3
116900165,476,458,18
116900166,53,29,24
116900167,488,43,445
116900168,435,50,385
116900169,247,807,-560
116900170,498,573,-75
116900171,53,148,-95
116900172,117,395,-278
116900173,315,15,300
116900174,74,27,47
116900175,169,268,-99
116900178,55,67,-12
116900179,68,382,-314
116900180,101,22,79
116900182,802,287,515
116900183,226,80,146
116900185,44,61,-17
116900186,91,117,-26
116900187,68,66,2
116900188,107,29,78
116900189,50,0,50
116900191,318,545,-227
116900192,332,93,239
116900194,120,1602,-1482
116900195,79,28,51
116900196,8,31,-23
116900197,148,10,138
116900198,80,270,-190
116900200,68,9,59
116900201,152,9,143
116900202,83,24,59
116900203,146,8,138
116900204,41,116,-75
116900206,25,1,24
116900207,19,19,0
116900208,8,36,-28
116900209,16,28,-12
116900210,580,310,270
116900211,270,8,262
116900212,108,34,74
116900213,227,78,149
116900214,239,155,84
116900215,71,48,23
116900216,313,144,169
116900218,5,152,-147
116900219,708,226,482
116900220,151,293,-142
116900221,143,315,-172
116900222,366,318,48
116900223,107,259,-152
116900226,181,34,147
116900227,180,36,144
116900228,305,140,165
116900230,67,133,-66
116900231,36,234,-198
116900232,33,249,-216
116900233,344,88,256
116900234,41,4,37
116900235,112,183,-71
116900238,1021,206,815
116900239,13,1159,-1146
116900240,2908,2938,-30
116900241,200,70,130
116900242,231,795,-564
116900243,3,41,-38
116900245,58,61,-3
116900246,191,7,184
116900247,791,25,766
116900248,111,31,80
116900249,618,58,560
116900250,522,34,488
116900251,283,898,-615
116900252,167,441,-274
116900253,148,37,111
116900254,47,69,-22
116900255,103,94,9
116900256,591,122,469
116900257,40,220,-180
116900258,6,72,-66
116900259,307,13,294
116900260,5,47,-42
116900261,112,5,107
116900262,170,129,41
116900263,0,11,-11
116900264,0,4,-4
116900265,45,0,45
116900266,28,24,4
116900267,8,0,8
116900268,251,167,84
116900269,307,687,-380
116900271,625,292,333
116900272,242,263,-21
116900273,55,112,-57
116900274,156,28,128
116900275,241,68,173
116900276,278,170,108
116900277,226,40,186
116900278,1,4,-3
116900279,8,10,-2
116900280,52,5,47
116900281,3274,5615,-2341
116900282,0,33,-33
116900283,15,28,-13
116900284,11,101,-90
116900285,108,178,-70
116900286,126,26,100
116900287,3,24,-21
116900288,128,56,72
116900289,21,2,19
116900290,11,3,8
116900291,36,4,32
116900292,0,20,-20
116900293,105,10,95
116900294,16,113,-97
116900295,64,88,-24
116900296,30,56,-26
116900297,4,47,-43
116900298,46,84,-38
116900299,9,94,-85
116900300,4,149,-145
116900301,34,171,-137
116900302,285,877,-592
116900303,49,72,-23
116900304,1,147,-146
116900305,21,28,-7
116900306,217,62,155
117000001,2932,2068,864
117000002,1645,3223,-1578
117000003,5639,2882,2757
117000004,2115,3527,-1412
117000005,2574,1961,613
117000006,974,1794,-820
117000007,4876,1130,3746
117000008,826,1965,-1139
117000009,4179,1602,2577
117000010,1524,2038,-514
117000011,2636,1510,1126
117000012,1237,885,352
117000013,1908,799,1109
117000014,1159,1774,-615
117000015,2664,1251,1413
117000016,143,181,-38
117000017,75,207,-132
117000018,109,939,-830
117000019,43,1,42
117000020,399,1968,-1569
117000021,889,204,685
117000022,156,269,-113
117000023,76,164,-88
117000024,133,353,-220
117000025,260,1144,-884
117000026,1534,1763,-229
117000027,511,1630,-1119
117000028,731,1472,-741
117000030,86,77,9
117000032,992,1117,-125
117000033,1509,1393,116
117000034,163,51,112
117000036,197,84,113
117000038,117,192,-75
117000039,19,43,-24
117000040,243,576,-333
117000041,1313,133,1180
117000044,5,322,-317
117000045,472,156,316
117000046,330,791,-461
117000047,853,736,117
117000048,1252,555,697
117000049,83,689,-606
117000050,141,828,-687
117000051,2777,63,2714
117000052,58,165,-107
117000053,677,25,652
117000054,1856,12,1844
117000055,5,1856,-1851
117000056,776,27,749
117000057,423,1809,-1386
117000060,428,882,-454
117000061,2317,1054,1263
117000062,230,444,-214
117000063,1869,977,892
117000064,336,419,-83
117000066,631,642,-11
117000067,62,647,-585
117000074,64,155,-91
117000076,75,52,23
117000077,130,197,-67
117000078,106,478,-372
117000079,524,250,274
117000080,0,286,-286
117000081,930,137,793
117000082,16,74,-58
117000083,164,17,147
117000084,150,1,149
117000085,379,887,-508
117000086,787,327,460
117000087,59,452,-393
117000088,301,126,175
117000089,1956,203,1753
117000090,316,730,-414
117000091,1059,254,805
117000092,445,801,-356
117000093,1782,565,1217
117000094,1086,1335,-249
117000095,4020,800,3220
117000096,707,1316,-609
117000097,2064,853,1211
117000098,1656,2224,-568
117000099,4673,1073,3600
117000100,232,315,-83
117000101,130,604,-474
117000102,2404,653,1751
117000103,606,1024,-418
117000104,1793,671,1122
117000105,624,956,-332
117000106,1897,640,1257
117000107,460,1032,-572
117000108,2343,921,1422
117000109,826,1525,-699
117000110,1897,1498,399
117000111,3368,3314,54
117000112,3707,1390,2317
117000113,132,135,-3
117000114,287,133,154
117000115,96,67,29
117000116,158,185,-27
117000117,1446,1160,286
117000118,278,121,157
117000119,147,283,-136
117000120,105,852,-747
117000121,32,956,-924
117000122,171,720,-549
117000123,1542,44,1498
117000124,119,159,-40
117000125,121,238,-117
117000126,45,45,0
117000127,103,428,-325
117000128,107,905,-798
117000129,69,118,-49
117000130,23,2,21
117000131,0,56,-56
117000132,3665,80,3585
117000133,2517,26,2491
117000134,0,57,-57
117000135,0,157,-157
117000136,0,45,-45
117000137,148,197,-49
117000138,1,594,-593
117000140,376,916,-540
117000141,2332,524,1808
117000181,265,138,127
117000182,789,1004,-215
117000195,174,615,-441
117000196,323,170,153
117000225,33,105,-72
117000226,9,104,-95
117000276,421,28,393
117000277,0,175,-175
117000310,1284,1786,-502
117000315,110,494,-384
117000320,28,0,28
117000906,484,13,471
117000907,13,149,-136
117000908,5,179,-174
117000909,46,34,12
117000910,279,162,117
117000911,40,153,-113
117000915,2,240,-238
117000916,73,10,63
117000917,1546,48,1498
117000918,78,57,21
117000919,7,25,-18
117000920,7,810,-803
117000921,0,535,-535
117000922,16,47,-31
117000924,788,603,185
117000926,448,144,304
117000927,293,1192,-899
117000928,0,73,-73
117000929,315,128,187
117000930,276,17,259
117000931,81,120,-39
117900002,72,540,-468
117900003,280,355,-75
117900005,6,68,-62
117900006,0,50,-50
117900007,138,57,81
117900008,1,22,-21
117900010,333,69,264
117900011,17,273,-256
117900012,71,82,-11
117900013,3,158,-155
117900014,373,66,307
117900015,12,35,-23
117900016,778,996,-218
117900017,692,197,495
117900018,153,319,-166
117900019,624,125,499
117900020,61,410,-349
117900021,33,61,-28
117900022,36,9,27
117900023,986,87,899
117900024,60,43,17
117900025,33,9,24
117900026,453,118,335
117900028,26,7,19
117900029,293,301,-8
117900030,575,257,318
117900031,124,171,-47
117900032,1033,709,324
117900033,452,322,130
117900034,18,12,6
117900035,249,148,101
117900036,266,271,-5
117900037,166,95,71
117900038,62,104,-42
117900039,3,19,-16
117900040,174,146,28
117900041,3,21,-18
117900042,2600,321,2279
117900043,8,26,-18
117900044,58,3623,-3565
117900045,181,140,41
117900048,475,131,344
117900049,228,297,-69
117900050,8,152,-144
117900051,25,10,15
117900052,47,409,-362
117900053,2039,243,1796
117900054,1,17,-16
117900055,583,123,460
117900056,30,12,18
117900057,682,865,-183
117900058,94,800,-706
117900059,123,106,17
117900060,3138,2291,847
117900061,8,210,-202
117900063,417,180,237
117900065,458,918,-460
117900066,4,68,-64
117900067,698,121,577
117900069,944,237,707
117900070,86,136,-50
117900071,74,108,-34
117900073,733,173,560
117900074,70,200,-130
117900075,115,67,48
117900076,8,32,-24
117900077,537,143,394
117900078,342,935,-593
117900080,107,30,77
117900081,255,316,-61
117900082,580,403,177
117900083,432,195,237
117900086,97,24,73
117900087,178,25,153
117900088,1529,1291,238
117900089,2453,763,1690
117900090,469,255,214
117900091,92,80,12
117900092,107,26,81
117900093,151,50,101
117900094,46,44,2
117900095,323,168,155
117900096,110,184,-74
117900097,303,53,250
117900098,31,24,7
117900099,201,255,-54
117900100,433,3,430
117900101,467,2155,-1688
117900102,97,36,61
117900103,90,4,86
117900104,13,109,-96
117900105,88,151,-63
117900106,117,39,78
117900107,52,1,51
117900109,971,329,642
117900110,121,1,120
117900111,432,34,398
117900112,58,18,40
117900113,1145,1617,-472
117900114,44,1,43
117900115,59,121,-62
117900116,752,627,125
117900117,857,254,603
117900118,126,1,125
117900119,247,49,198
117900120,334,32,302
117900121,153,71,82
117900122,959,4651,-3692
117900123,699,270,429
117900124,454,557,-103
117900125,1550,1647,-97
117900126,120,375,-255
117900127,569,284,285
117900128,414,250,164
117900129,108,1,107
117900130,713,344,369
117900131,6,83,-77
117900132,13,69,-56
117900133,16,51,-35
117900134,88,247,-159
117900135,35,111,-76
117900136,0,16,-16
117900137,58,167,-109
117900138,0,19,-19
117900139,133,78,55
117900140,2128,260,1868
117900141,90,150,-60
117900142,43,103,-60
117900144,33,579,-546
117900145,19,46,-27
117900146,107,308,-201
117900147,72,56,16
117900148,1715,2009,-294
117900149,87,86,1
117900150,49,45,4
117900151,50,66,-16
117900152,54,92,-38
117900153,10,120,-110
117900154,527,364,163
117900156,402,499,-97
117900157,51,356,-305
117900158,290,138,152
117900160,800,882,-82
117900161,1381,1392,-11
117900162,673,385,288
117900163,22,327,-305
117900165,0,6,-6
117900166,85,410,-325
117900168,39,146,-107
117900169,2,78,-76
117900170,2,23,-21
117900171,3,23,-20
117900172,26,11,15
117900173,92,101,-9
117900174,23,58,-35
117900175,5,18,-13
117900176,20,24,-4
117900177,33,27,6
117900178,65,37,28
117900180,215,27,188
117900181,55,489,-434
117900182,2,67,-65
117900183,87,124,-37
117900184,15,75,-60
117900185,104,79,25
117900186,60,12,48
117900187,40,6,34
117900188,188,22,166
117900189,80,31,49
117900190,31,13,18
117900191,108,1,107
117900192,267,4,263
117900193,19,60,-41
117900194,19,5,14
117900195,14,121,-107
117900196,32,36,-4
117900207,131,141,-10
117900208,31,43,-12
117900209,124,130,-6
117900210,135,114,21
117900211,10,97,-87
117900212,121,85,36
117900213,44,10,34
117900214,11,18,-7
117900216,6,72,-66
117900217,19,385,-366
117900218,108,178,-70
117900219,12,181,-169
117900220,28,149,-121
117900221,11,18,-7
118000001,796,1349,-553
118000002,453,1296,-843
118000003,1612,3466,-1854
118000004,1251,1905,-654
118000005,2360,4848,-2488
118000006,2190,6578,-4388
118000007,3372,3982,-610
118000008,1153,2484,-1331
118000009,1370,2615,-1245
118000010,4998,3471,1527
118000011,1713,1489,224
118000012,848,1203,-355
118000013,1946,1523,423
118000014,1512,1014,498
118000016,271,193,78
118000017,615,344,271
118000018,332,282,50
118000019,1155,1592,-437
118000020,631,3155,-2524
118000021,455,2999,-2544
118000022,944,850,94
118000023,453,199,254
118000024,601,1405,-804
118000025,303,1480,-1177
118000027,6242,9073,-2831
118000029,480,852,-372
118000032,306,3464,-3158
118000033,2248,5905,-3657
118000034,3301,2771,530
118000035,1922,2854,-932
118000036,675,998,-323
118000037,632,841,-209
118000038,230,73,157
118000039,75,119,-44
118000040,1465,1073,392
118000041,1951,1053,898
118000045,230,186,44
118000046,774,819,-45
118000047,526,1664,-1138
118000048,1063,1538,-475
118000051,1466,4037,-2571
118000052,977,2014,-1037
118000053,241,610,-369
118000054,2198,773,1425
118000055,1644,1313,331
118000056,104,554,-450
118000057,132,335,-203
118000058,1972,4702,-2730
118000059,1376,2662,-1286
118000060,1188,532,656
118000061,1116,878,238
118000062,471,234,237
118000063,368,1035,-667
118000064,667,1151,-484
118000065,1608,1267,341
118000066,984,2023,-1039
118000067,285,551,-266
118000068,823,5001,-4178
118000069,1287,947,340
118000070,3164,1405,1759
118000071,2253,5978,-3725
118000072,690,1205,-515
118000073,495,672,-177
118000074,527,254,273
118000075,472,217,255
118000076,1029,2740,-1711
118000077,888,1083,-195
118000078,1493,2487,-994
118000079,173,469,-296
118000080,513,688,-175
118000081,1318,1305,13
118000082,244,1170,-926
118000083,1146,1587,-441
118000084,2049,1917,132
118000086,159,500,-341
118000087,2530,1899,631
118000088,1097,1204,-107
118000089,3199,2145,1054
118000090,773,2204,-1431
118000091,807,2612,-1805
118000092,733,530,203
118000093,76,558,-482
118000096,322,520,-198
118000097,587,643,-56
118000098,274,173,101
118000099,824,489,335
118000101,1318,276,1042
118000102,443,628,-185
118000107,1193,416,777
118000108,489,2794,-2305
118000110,0,41,-41
118000111,0,67,-67
118000112,708,1,707
118000113,2,207,-205
118000114,468,10,458
118000115,8,5,3
118000116,15,1,14
118000117,543,482,61
118000118,840,1170,-330
118000119,807,1119,-312
118000120,1166,861,305
118000121,48,462,-414
118000122,586,231,355
118000123,47,225,-178
118000125,976,597,379
118000126,486,1368,-882
118000127,1187,609,578
118000128,290,938,-648
118000129,877,361,516
118000130,1461,2040,-579
118000131,217,330,-113
118000132,2563,1964,599
118000133,1116,402,714
118000135,625,587,38
118000136,114,334,-220
118000137,337,93,244
118000138,386,299,87
118000139,432,64,368
118000140,2561,6078,-3517
118000141,2427,1481,946
118000142,1934,1253,681
118000143,2622,1171,1451
118000144,825,550,275
118000145,1523,885,638
118000146,1390,427,963
118000147,1019,1001,18
118000148,485,907,-422
118000149,959,847,112
118000150,477,172,305
118000151,813,295,518
118000153,1802,996,806
118000154,1375,1402,-27
118000155,2151,1105,1046
118000156,1933,2379,-446
118000157,643,285,358
118000158,215,416,-201
118000159,34,96,-62
118000160,712,319,393
118000161,748,400,348
118000162,1617,810,807
118000163,1082,749,333
118000164,1667,1171,496
118000168,619,897,-278
118000169,737,657,80
118000170,2464,2246,218
118000171,392,296,96
118000172,63,181,-118
118000173,929,1261,-332
118000175,269,417,-148
118000176,334,568,-234
118000177,394,592,-198
118000178,34,50,-16
118000179,885,1149,-264
118000180,666,628,38
118000181,657,281,376
118000182,223,240,-17
118000183,249,300,-51
118000184,1103,487,616
118000185,859,1396,-537
118000186,727,1214,-487
118000187,1761,406,1355
118000188,637,65,572
118000189,800,317,483
118000190,5,10,-5
118000191,21,23,-2
118000192,20,62,-42
118000193,12,183,-171
118000194,986,639,347
118000195,199,1226,-1027
118000196,153,245,-92
118000197,64,133,-69
118000198,250,610,-360
118000199,214,409,-195
118000200,84,277,-193
118000201,206,453,-247
118000202,46,62,-16
118000203,222,620,-398
118000204,60,354,-294
118000205,72,230,-158
118000206,227,192,35
118000207,0,47,-47
118000208,1209,1260,-51
118000209,2270,989,1281
118000210,157,25,132
118000211,42,44,-2
118000213,587,3429,-2842
118000214,351,520,-169
118000215,358,101,257
118000216,3721,1205,2516
118000217,38,63,-25
118000218,160,53,107
118000219,313,201,112
118000220,4,36,-32
118000221,355,293,62
118000222,50,11,39
118000223,38,33,5
118000224,130,38,92
118000225,113,460,-347
118000226,975,193,782
118000227,427,321,106
118000228,81,281,-200
118000229,57,114,-57
118000230,127,116,11
118000231,46,145,-99
118000232,874,406,468
118000233,1271,598,673
118000234,524,149,375
118000236,357,226,131
118000237,123,233,-110
118000238,270,109,161
118000239,269,203,66
118000240,214,118,96
118000241,177,128,49
118000242,430,205,225
118000243,250,130,120
118000244,49,58,-9
118000246,0,36,-36
118000255,26,179,-153
118000256,125,128,-3
118000259,19,74,-55
118000260,221,78,143
118000261,43,28,15
118000263,65,111,-46
118000266,136,194,-58
118000267,0,120,-120
118000268,166,3,163
118000270,95,8,87
118000271,153,122,31
118000272,69,26,43
118000273,230,62,168
118000274,95,218,-123
118000276,572,288,284
118000295,21,135,-114
118000298,164,176,-12
118000299,50,66,-16
118000301,2,64,-62
118000302,124,20,104
118000311,724,48,676
118000312,382,105,277
118000313,57,92,-35
118000314,175,22,153
118000315,57,32,25
118000316,774,326,448
118000325,79,21,58
118000326,81,17,64
118000331,47,25,22
118000332,14,14,0
118000333,26,54,-28
118000335,388,0,388
118000336,0,99,-99
118000407,286,34,252
118000457,5,27,-22
118000465,875,3512,-2637
118000480,40,28,12
118000489,6,390,-384
118000490,12,94,-82
118000492,233,169,64
118000510,41,11,30
118000514,52,284,-232
118000515,548,826,-278
118000517,252,125,127
118000524,136,359,-223
118000525,531,599,-68
118000530,25,63,-38
118000531,474,227,247
118000532,250,239,11
118000533,223,107,116
118000534,613,303,310
118000535,339,114,225
118000536,120,1083,-963
118000537,32,208,-176
118000538,23,84,-61
118000539,15,82,-67
118000540,232,145,87
118000541,160,54,106
118000542,97,170,-73
118000543,225,272,-47
118000546,65,19,46
118000560,1085,2244,-1159
118000562,33,79,-46
118000563,979,880,99
118000576,150,77,73
118000577,163,101,62
118000578,66,55,11
118000579,390,1109,-719
118000595,205,92,113
118000596,0,156,-156
118000597,88,66,22
118000598,11,0,11
118000599,84,29,55
118000600,1,14,-13
118000601,25,0,25
118000602,0,5,-5
118000603,0,9,-9
118900001,326,976,-650
118900002,641,849,-208
118900003,574,12,562
118900004,83,23,60
118900005,78,11,67
118900006,167,8,159
118900007,12,1,11
118900008,1118,77,1041
118900009,94,59,35
118900010,85,9,76
118900011,150,33,117
118900012,342,154,188
118900013,376,263,113
118900015,240,51,189
118900016,18,3,15
118900017,80,277,-197
118900018,815,35,780
118900019,22,15,7
118900020,111,167,-56
118900021,174,308,-134
118900022,157,67,90
118900023,149,82,67
118900024,100,101,-1
118900025,38,25,13
118900026,87,59,28
118900027,378,110,268
118900028,165,158,7
118900029,208,326,-118
118900030,563,46,517
118900031,179,52,127
118900032,215,89,126
118900033,250,415,-165
118900034,218,22,196
118900035,92,95,-3
118900036,1142,602,540
118900037,272,389,-117
118900038,516,76,440
118900039,652,133,519
118900040,232,151,81
118900041,636,154,482
118900042,198,85,113
118900045,304,124,180
118900046,503,279,224
118900047,368,190,178
118900048,83,327,-244
118900049,63,49,14
118900050,44,12,32
118900051,38,100,-62
118900052,259,252,7
118900053,20,73,-53
118900054,202,25,177
118900055,116,20,96
118900056,53,344,-291
118900057,981,427,554
118900058,372,245,127
118900059,15,75,-60
118900060,32,80,-48
118900062,254,97,157
118900064,206,569,-363
118900065,102,95,7
118900066,71,51,20
118900067,2135,3720,-1585
118900068,9,171,-162
118900069,508,160,348
118900071,7,46,-39
118900072,420,276,144
118900073,208,101,107
118900074,186,81,105
118900075,75,29,46
118900076,194,118,76
118900077,364,213,151
118900078,6,5,1
118900079,23,75,-52
118900080,24,43,-19
118900081,46,32,14
118900082,1263,179,1084
118900083,33,4,29
118900084,17,13,4
118900085,546,419,127
118900086,33,112,-79
118900087,50,360,-310
118900088,0,4,-4
118900089,22,19,3
118900090,705,202,503
118900091,163,197,-34
118900092,218,49,169
118900093,83,11,72
118900096,47,9,38
118900097,363,439,-76
118900099,97,209,-112
118900100,64,133,-69
118900101,210,251,-41
118900102,75,64,11
118900103,49,133,-84
118900104,326,100,226
118900105,228,72,156
118900107,125,57,68
118900108,130,96,34
118900109,321,369,-48
118900110,934,895,39
118900111,520,330,190
118900112,105,136,-31
118900113,104,213,-109
118900114,17,97,-80
118900115,102,368,-266
118900116,131,161,-30
118900117,112,157,-45
118900118,254,212,42
118900119,120,189,-69
118900120,68,286,-218
118900121,43,67,-24
118900122,7,994,-987
118900123,148,160,-12
118900124,115,113,2
118900126,21,417,-396
118900129,212,222,-10
118900130,31,159,-128
118900131,190,168,22
118900132,293,154,139
118900133,9,87,-78
118900135,170,152,18
118900136,210,340,-130
118900137,6,56,-50
118900139,205,162,43
118900140,441,403,38
118900141,81,69,12
118900144,254,224,30
118900145,17,82,-65
118900146,400,592,-192
118900147,103,145,-42
118900148,93,33,60
118900150,112,528,-416
118900152,594,428,166
118900157,54,172,-118
118900158,172,49,123
118900159,0,80,-80
118900161,58,17,41
118900163,65,39,26
118900164,1,54,-53
118900165,81,62,19
118900166,39,5,34
118900167,115,86,29
118900168,27,236,-209
118900169,124,111,13
118900170,241,40,201
118900171,54,64,-10
118900174,62,45,17
118900175,526,460,66
118900176,216,234,-18
118900177,103,51,52
118900178,53,213,-160
118900179,9,32,-23
118900181,91,76,15
118900182,101,62,39
118900183,41,135,-94
118900184,230,91,139
118900185,102,52,50
118900186,84,91,-7
118900187,188,314,-126
118900188,323,196,127
118900189,48,881,-833
118900190,17,144,-127
118900191,210,46,164
118900192,314,7,307
118900193,683,14,669
118900195,204,359,-155
118900196,44,106,-62
118900197,250,25,225
118900198,34,8,26
118900199,103,22,81
118900200,19,21,-2
118900201,32,42,-10
118900202,5,22,-17
118900203,17,9,8
118900204,25,11,14
118900205,5,4,1
118900206,2,2,0
119000001,1557,2545,-988
119000002,3835,4751,-916
119000003,3387,706,2681
119000004,2282,1386,896
119000005,2038,2241,-203
119000006,2966,1455,1511
119000007,3466,3164,302
119000008,1678,1229,449
119000009,2709,5222,-2513
119000010,4087,3741,346
119000011,2388,2456,-68
119000012,1238,2836,-1598
119000013,2802,1630,1172
119000014,1258,2080,-822
119000019,221,153,68
119000020,2620,1451,1169
119000021,4931,2887,2044
119000022,1394,3510,-2116
119000023,212,211,1
119000024,1513,12362,-10849
119000025,3013,861,2152
119000026,42,453,-411
119000027,130,279,-149
119000028,1357,479,878
119000029,67,268,-201
119000030,490,643,-153
119000031,636,443,193
119000032,1817,1839,-22
119000033,2045,988,1057
119000034,992,533,459
119000035,35,186,-151
119000036,2270,515,1755
119000037,1463,858,605
119000038,208,435,-227
119000039,482,269,213
119000040,452,590,-138
119000041,516,960,-444
119000048,2071,1477,594
119000049,1947,1116,831
119000050,1155,921,234
119000051,1813,798,1015
119000052,1679,1997,-318
119000053,1586,866,720
119000054,3117,1610,1507
119000055,5166,2113,3053
119000056,3042,1660,1382
119000057,1553,1037,516
119000058,1656,971,685
119000059,1111,1016,95
119000060,1575,934,641
119000061,1021,544,477
119000062,1054,1076,-22
119000063,634,429,205
119000064,820,840,-20
119000065,1415,2596,-1181
119000066,1996,1166,830
119000067,1598,1330,268
119000068,1670,832,838
119000069,1689,1530,159
119000070,3064,642,2422
119000071,328,542,-214
119000072,3583,2325,1258
119000073,3485,7428,-3943
119000074,1436,1251,185
119000075,3516,1521,1995
119000076,206,1047,-841
119000077,512,547,-35
119000078,359,200,159
119000079,119,599,-480
119000080,527,140,387
119000081,261,453,-192
119000082,867,200,667
119000083,637,371,266
119000084,260,392,-132
119000085,601,147,454
119000086,370,364,6
119000087,893,509,384
119000088,349,162,187
119000089,61,181,-120
119000090,83,116,-33
119000091,78,320,-242
119000092,262,144,118
119000093,2968,1808,1160
119000094,3455,4056,-601
119000095,2039,2426,-387
119000097,1496,905,591
119000098,1068,3368,-2300
119000099,2075,1042,1033
119000100,4264,3062,1202
119000101,3447,1476,1971
119000102,562,1295,-733
119000103,1085,705,380
119000104,1434,738,696
119000105,974,2391,-1417
119000106,353,637,-284
119000107,1152,515,637
119000108,335,461,-126
119000109,119,656,-537
119000110,262,659,-397
119000111,31,736,-705
119000112,124,145,-21
119000113,1084,320,764
119000114,1278,959,319
119000115,177,120,57
119000116,61,127,-66
119000117,173,341,-168
119000118,1,2,-1
119000123,2973,2677,296
119000124,828,141,687
119000125,4626,515,4111
119000126,1013,345,668
119000127,744,343,401
119000128,12,2,10
119000131,1056,315,741
119000132,1,3,-2
119000133,0,4,-4
119000134,1163,426,737
119000135,214,199,15
119000136,353,82,271
119000137,353,183,170
119000138,682,109,573
119000139,264,98,166
119000140,358,341,17
119000284,874,1759,-885
119000285,1513,1337,176
119000286,3816,3273,543
119000287,1130,1271,-141
119000288,1915,734,1181
119000289,1153,1483,-330
119000290,195,235,-40
119000291,12,161,-149
119000293,128,152,-24
119000294,48,9,39
119000295,877,175,702
119000296,316,151,165
119000302,1000,932,68
119000303,27,136,-109
119000314,1222,10865,-9643
119000315,0,123,-123
119000316,146,58,88
119000317,95,108,-13
119900001,228,1352,-1124
119900002,152,170,-18
119900003,28,387,-359
119900004,164,1922,-1758
119900005,230,74,156
119900006,186,415,-229
119900007,852,299,553
119900008,84,62,22
119900009,548,376,172
119900010,737,979,-242
119900011,22,238,-216
119900012,10,107,-97
119900013,1948,1579,369
119900014,410,236,174
119900015,222,48,174
119900016,63,41,22
119900017,44,22,22
119900018,1200,1248,-48
119900019,79,2,77
119900020,174,180,-6
119900021,195,72,123
119900022,95,1222,-1127
119900023,324,1990,-1666
119900025,347,30,317
119900026,560,157,403
119900027,14,15,-1
119900028,168,142,26
119900029,8,7,1
119900030,634,311,323
119900031,98,655,-557
119900033,1743,420,1323
119900034,699,87,612
119900037,223,16,207
119900038,77,409,-332
119900039,45,12,33
119900040,200,26,174
119900041,197,16,181
119900042,201,145,56
119900043,113,150,-37
119900044,178,1163,-985
119900046,267,40,227
119900047,475,117,358
119900048,69,5,64
119900049,160,12,148
119900050,221,214,7
119900051,1315,29,1286
119900052,95,16,79
119900053,278,105,173
119900054,210,8,202
119900055,1441,406,1035
119900057,413,41,372
119900058,371,8,363
119900059,81,28,53
119900060,383,45,338
119900061,491,5,486
119900062,198,22,176
119900063,17,61,-44
119900064,771,108,663
119900065,265,25,240
119900066,2,1,1
119900067,111,35,76
119900068,771,1,770
119900069,129,3,126
119900070,1761,22,1739
119900071,1119,57,1062
119900072,372,264,108
119900073,1125,453,672
119900074,33,18,15
119900075,1860,2094,-234
119900076,1048,240,808
119900077,1180,398,782
119900078,704,500,204
119900079,441,131,310
119900080,246,190,56
119900081,74,27,47
119900082,2311,274,2037
119900083,325,116,209
119900084,450,271,179
119900085,42,31,11
119900086,233,359,-126
119900087,627,410,217
119900088,21,35,-14
119900089,20,212,-192
119900090,72,38,34
119900091,90,265,-175
119900092,86,296,-210
119900093,1335,216,1119
119900094,26,114,-88
119900095,166,109,57
119900096,41,75,-34
119900097,258,141,117
119900098,54,44,10
119900099,58,117,-59
119900100,901,2720,-1819
119900101,93,1203,-1110
119900102,83,92,-9
119900103,55,107,-52
119900104,48,137,-89
119900105,646,3108,-2462
119900106,15,85,-70
119900107,204,1169,-965
119900108,3460,621,2839
119900109,38,95,-57
119900110,716,312,404
119900111,239,114,125
119900112,668,618,50
119900113,58,227,-169
119900114,345,510,-165
119900115,542,428,114
119900116,152,384,-232
119900117,371,316,55
119900118,196,305,-109
119900119,249,128,121
119900120,524,546,-22
119900121,554,354,200
119900122,150,203,-53
119900123,159,319,-160
119900124,280,334,-54
119900125,51,165,-114
119900126,2753,231,2522
119900127,1090,646,444
119900128,553,378,175
119900129,345,176,169
119900130,15,142,-127
119900131,35,96,-61
119900132,1,111,-110
119900133,75,73,2
119900134,723,126,597
119900135,0,161,-161
119900136,144,195,-51
119900138,237,335,-98
119900139,26,106,-80
119900140,0,64,-64
119900141,46,769,-723
119900142,8,41,-33
119900143,26,240,-214
119900144,923,191,732
119900145,107,76,31
119900146,185,146,39
119900147,5,162,-157
119900148,318,42,276
119900149,554,5133,-4579
119900150,130,89,41
119900151,1158,920,238
119900152,177,133,44
119900153,260,45,215
119900154,44,108,-64
119900155,63,31,32
119900156,14,10,4
119900157,203,130,73
119900158,315,65,250
119900159,1,486,-485
119900160,31,74,-43
119900161,83,63,20
119900162,1105,1228,-123
119900163,96,142,-46
119900164,1,0,1
119900165,152,97,55
119900166,105,43,62
119900167,32,62,-30
119900168,1189,507,682
119900169,52,280,-228
119900170,153,237,-84
119900171,900,353,547
119900172,83,29,54
119900173,16,127,-111
119900174,4,109,-105
119900175,1921,509,1412
119900177,29,128,-99
119900178,7,81,-74
119900179,112,693,-581
119900180,978,768,210
119900181,59,127,-68
119900182,3,118,-115
119900183,97,459,-362
119900184,851,382,469
119900185,91,221,-130
119900186,39,1304,-1265
119900187,17,176,-159
119900188,174,210,-36
119900189,279,352,-73
119900190,100,327,-227
119900191,178,355,-177
119900192,90,133,-43
119900193,495,99,396
119900194,58,89,-31
119900195,57,119,-62
119900196,473,181,292
119900197,288,161,127
119900198,130,229,-99
119900199,180,29,151
119900200,677,588,89
119900201,243,176,67
119900202,99,307,-208
119900203,205,581,-376
119900204,414,220,194
119900205,963,262,701
119900206,328,147,181
119900208,169,171,-2
119900209,534,1646,-1112
119900210,55,20,35
119900211,105,4,101
119900212,266,228,38
119900213,31,68,-37
119900214,83,26,57
119900215,49,31,18
119900216,20,31,-11
119900217,13,26,-13
119900218,7,59,-52
119900219,13,43,-30
119900220,8,26,-18
119900221,31,97,-66
119900222,40,62,-22
119900223,16,37,-21
119900224,9,17,-8
119900225,371,40,331
119900226,240,1906,-1666
119900227,418,277,141
119900228,58,209,-151
119900229,210,351,-141
119900230,976,369,607
119900231,343,85,258
119900232,282,149,133
119900233,99,13,86
119900234,35,87,-52
119900235,9,46,-37
119900236,27,150,-123
119900237,65,552,-487
119900238,1,59,-58
119900240,114,61,53
119900241,180,147,33
119900242,1311,1272,39
119900244,640,970,-330
119900245,135,177,-42
119900246,267,611,-344
119900247,32,106,-74
119900248,76,413,-337
119900249,307,145,162
119900253,1067,410,657
119900254,103,1022,-919
119900255,137,746,-609
119900256,1131,471,660
119900257,104,5,99
119900258,336,15,321
119900259,13,40,-27
119900260,224,17,207
119900261,397,201,196
119900262,0,94,-94
119900263,1038,296,742
119900264,157,63,94
119900265,427,262,165
119900266,526,150,376
119900267,252,368,-116
119900268,191,72,119
119900269,1163,584,579
119900271,33,99,-66
119900272,336,359,-23
119900275,167,49,118
119900276,68,6,62
119900277,14,9,5
119900278,160,88,72
119900279,118,275,-157
119900280,406,97,309
119900281,0,298,-298
119900282,49,179,-130
119900283,29,145,-116
119900284,29,88,-59
119900285,7,100,-93
119900286,2,14,-12
119900288,6,3,3
119900289,1,6,-5
119900290,9,9,0
119900291,5,87,-82
119900292,29,78,-49
119900293,40,52,-12
119900294,36,46,-10
119900295,30,17,13
119900296,68,78,-10
119900297,2,21,-19
119900298,8,23,-15
119900299,50,94,-44
119900300,281,180,101
119900301,63,152,-89
119900302,105,113,-8
119900303,362,104,258
119900304,242,40,202
119900305,7,84,-77
119900306,21,8,13
119900307,80,63,17
119900308,13,20,-7
119900309,63,150,-87
119900310,298,258,40
119900311,128,39,89
119900312,158,108,50
119900313,311,247,64
119900314,244,385,-141
119900315,2558,1146,1412
119900318,13,78,-65
119900319,24,128,-104
119900320,228,250,-22
119900321,129,8,121
120000001,6484,18588,-12104
120000002,2246,1783,463
120000003,1984,1124,860
120000004,2151,1113,1038
120000005,2182,1464,718
120000006,936,812,124
120000007,2356,2954,-598
120000008,741,1002,-261
120000009,1547,797,750
120000010,1789,2023,-234
120000011,944,1167,-223
120000012,1599,1717,-118
120000013,3168,2304,864
120000014,658,1177,-519
120000015,2096,1325,771
120000016,3832,2004,1828
120000017,3421,2813,608
120000018,2893,13188,-10295
120000019,1103,1528,-425
120000020,2341,3566,-1225
120000021,1560,2242,-682
120000022,2408,3424,-1016
120000023,1260,1485,-225
120000024,1136,2118,-982
120000025,2490,1496,994
120000026,2452,1504,948
120000027,2275,1791,484
120000028,911,3320,-2409
120000029,800,2480,-1680
120000030,214,832,-618
120000031,1926,4612,-2686
120000032,4705,2959,1746
120000033,4023,1363,2660
120000034,2662,1048,1614
120000035,2868,1592,1276
120000036,3369,5042,-1673
120000037,584,1539,-955
120000038,4103,3305,798
120000039,694,969,-275
120000040,71,1130,-1059
120000041,550,1137,-587
120000042,1691,1191,500
120000043,4603,937,3666
120000044,6202,1447,4755
120000045,7189,976,6213
120000046,4763,2751,2012
120000047,551,6687,-6136
120000048,5916,4024,1892
120000049,3580,2571,1009
120000050,3452,3070,382
120000051,2229,3543,-1314
120000052,5934,1393,4541
120000053,1158,1314,-156
120000054,1437,2177,-740
120000055,1422,2863,-1441
120000056,4783,3242,1541
120000057,4397,1465,2932
120000058,1308,2403,-1095
120000059,30,1468,-1438
120000061,90,284,-194
120000062,153,286,-133
120000063,736,1718,-982
120000064,218,605,-387
120000065,518,994,-476
120000066,225,494,-269
120000067,35,409,-374
120000068,198,319,-121
120000069,483,358,125
120000070,92,305,-213
120000071,730,70,660
120000072,1183,350,833
120000073,1145,118,1027
120000074,101,171,-70
120000075,1190,382,808
120000076,2786,518,2268
120000077,2355,783,1572
120000078,3113,1319,1794
120000079,310,195,115
120000080,137,201,-64
120000081,349,142,207
120000082,293,246,47
120000083,63,731,-668
120000084,360,293,67
120000085,258,251,7
120000086,173,244,-71
120000087,205,291,-86
120000088,869,881,-12
120000089,1229,453,776
120000090,722,364,358
120000091,1218,654,564
120000092,1444,488,956
120000093,677,461,216
120000094,241,769,-528
120000095,970,292,678
120000096,345,437,-92
120000098,969,449,520
120000099,451,518,-67
120000100,746,655,91
120000101,802,353,449
120000102,716,1037,-321
120000103,1626,1018,608
120000104,2011,477,1534
120000105,3577,661,2916
120000106,3014,597,2417
120000107,4840,568,4272
120000108,1748,146,1602
120000109,1290,101,1189
120000110,77,679,-602
120000111,143,709,-566
120000112,664,1464,-800
120000113,547,1178,-631
120000114,638,1450,-812
120000115,261,1161,-900
120000116,599,1217,-618
120000117,571,1046,-475
120000118,29,54,-25
120000119,16,35,-19
120000120,92,107,-15
120000121,21,44,-23
120000122,199,456,-257
120000123,2521,7731,-5210
120000124,455,318,137
120000125,715,409,306
120000126,265,1016,-751
120000127,1215,1486,-271
120000128,1892,4127,-2235
120000129,200,248,-48
120000130,722,409,313
120000131,390,585,-195
120000134,371,337,34
120000135,1063,505,558
120000137,397,390,7
120000138,1694,237,1457
120000139,390,242,148
120000140,1360,235,1125
120000141,368,318,50
120000142,878,509,369
120000143,2,51,-49
120000144,171,16,155
120000145,565,4,561
120000146,639,998,-359
120000149,561,698,-137
120000150,1585,9835,-8250
120000151,444,318,126
120000152,868,167,701
120000153,559,421,138
120000154,474,482,-8
120000155,158,263,-105
120000156,446,1318,-872
120000157,978,536,442
120000158,997,592,405
120000159,1677,1700,-23
120000160,2097,1647,450
120000161,2665,1921,744
120000162,72,264,-192
120000163,870,545,325
120000164,822,206,616
120000165,787,333,454
120000166,1449,262,1187
120000167,473,261,212
120000168,27,1021,-994
120000169,68,3470,-3402
120000170,37,2938,-2901
120000171,49,958,-909
120000172,37,674,-637
120000173,371,3521,-3150
120000174,68,65,3
120000175,82,100,-18
120000176,53,71,-18
120000177,620,91,529
120000178,16,36,-20
120000179,53,45,8
120000180,152,59,93
120000181,85,1607,-1522
120000182,76,840,-764
120000183,7,382,-375
120000184,218,1427,-1209
120000186,54,1812,-1758
120000187,26,728,-702
120000188,36,1194,-1158
120000190,127,104,23
120000191,247,198,49
120000192,247,60,187
120000193,124,15,109
120000195,24,6,18
120000196,61,16,45
120000197,29,30,-1
120000198,320,49,271
120000199,176,0,176
120000200,210,2,208
120000201,16,42,-26
120000202,1,58,-57
120000203,102,119,-17
120000207,2,45,-43
120000208,20,115,-95
120000209,8,43,-35
120000210,48,47,1
120000211,259,3,256
120000212,347,1,346
120000213,227,124,103
120000214,0,81,-81
120000215,6,78,-72
120000216,211,51,160
120000217,287,882,-595
120000218,72,384,-312
120000219,1,225,-224
120000220,2,632,-630
120000225,2681,8,2673
120000226,583,8,575
120000227,970,125,845
120000228,13476,4050,9426
120000230,681,21,660
120000231,1889,1073,816
120000233,550,32,518
120000235,292,378,-86
120000236,1149,3,1146
120000237,3,636,-633
120000238,7,2027,-2020
120000241,1124,3535,-2411
120000412,314,6,308
120000413,279,94,185
120000414,200,3,197
120000415,0,25,-25
120000416,131,4,127
120000417,4,96,-92
120000418,278,14,264
120000419,11,72,-61
120000420,21,5,16
120000421,6361,4111,2250
120000422,69,1521,-1452
120000423,8,110,-102
120000424,183,107,76
120000436,87,750,-663
120000437,83,125,-42
120000438,1439,215,1224
120000439,275,591,-316
120000443,194,3,191
120000444,1725,297,1428
120000445,1874,917,957
120000446,874,142,732
120000447,287,1,286
120000449,217,4,213
120000450,13,84,-71
120000451,151,218,-67
120000452,279,2,277
120000453,0,90,-90
120000454,49,44,5
120000455,76,36,40
120000456,2443,4142,-1699
120000457,470,305,165
120000458,401,444,-43
120000459,131,66,65
120000665,390,324,66
120000668,131,2026,-1895
120000669,134,131,3
120000670,82,1932,-1850
120000671,1777,460,1317
120000672,49,330,-281
120900001,109,73,36
120900002,174,697,-523
120900003,213,16,197
120900004,25,194,-169
120900005,88,440,-352
120900006,663,252,411
120900007,210,64,146
120900008,473,545,-72
120900009,245,16,229
120900010,661,178,483
120900011,125,224,-99
120900012,123,1373,-1250
120900013,355,194,161
120900014,39,310,-271
120900015,983,144,839
120900016,1265,72,1193
120900017,1441,57,1384
120900018,215,225,-10
120900019,681,492,189
120900020,571,1352,-781
120900021,999,264,735
120900022,14,165,-151
120900023,393,37,356
120900024,1720,520,1200
120900025,1045,919,126
120900026,171,126,45
120900027,698,16,682
120900028,623,218,405
120900029,63,792,-729
120900030,1990,841,1149
120900031,427,186,241
120900032,1505,84,1421
120900033,1378,208,1170
120900034,26,2574,-2548
120900035,95,142,-47
120900037,363,18,345
120900038,65,492,-427
120900039,105,80,25
120900040,485,20,465
120900041,60,39,21
120900042,909,31,878
120900043,101,52,49
120900044,13,409,-396
120900045,163,58,105
120900046,753,9,744
120900047,154,234,-80
120900048,201,63,138
120900049,741,11,730
120900050,1071,2087,-1016
120900051,504,75,429
120900052,871,3,868
120900053,480,34,446
120900054,1174,377,797
120900055,559,3,556
120900056,761,45,716
120900057,247,31,216
120900058,909,8,901
120900059,181,12,169
120900060,106,31,75
120900061,175,184,-9
120900062,339,1,338
120900063,972,14,958
120900064,936,1,935
120900065,790,0,790
120900066,767,273,494
120900067,229,104,125
120900068,425,1,424
120900069,403,23,380
120900071,38,1,37
120900072,1179,14,1165
120900073,994,77,917
120900074,1031,19,1012
120900076,531,0,531
120900077,1543,192,1351
120900078,1129,440,689
120900079,1298,128,1170
120900080,1194,591,603
120900081,1496,311,1185
120900082,354,462,-108
120900083,121,2,119
120900084,546,666,-120
120900085,80,100,-20
120900086,70,434,-364
120900087,693,425,268
120900088,236,681,-445
120900089,1812,3548,-1736
120900090,259,19,240
120900091,496,1028,-532
120900092,530,281,249
120900093,950,120,830
120900094,228,170,58
120900095,345,18,327
120900096,69,160,-91
120900097,584,405,179
120900098,140,114,26
120900099,76,71,5
120900100,48,147,-99
120900101,268,140,128
120900102,50,48,2
120900103,64,210,-146
120900104,6,101,-95
120900105,20,215,-195
120900106,617,247,370
120900107,167,133,34
120900108,6,207,-201
120900109,42,285,-243
120900110,7,191,-184
120900111,186,241,-55
120900112,24,347,-323
120900113,25,317,-292
120900114,33,102,-69
120900115,113,208,-95
120900116,618,218,400
120900117,8,160,-152
120900118,22,375,-353
120900119,8927,2436,6491
120900120,68,234,-166
120900121,119,286,-167
120900122,882,152,730
120900123,14,132,-118
120900124,4,233,-229
120900125,10,388,-378
120900126,879,584,295
120900127,27,140,-113
120900128,503,862,-359
120900129,29,199,-170
120900130,20,262,-242
120900131,128,86,42
120900132,1487,161,1326
120900133,53,401,-348
120900134,358,239,119
120900135,6,312,-306
120900136,66,90,-24
120900137,318,73,245
120900138,18,123,-105
120900139,3,294,-291
120900140,21,123,-102
120900141,284,193,91
120900142,7,115,-108
120900143,2,377,-375
120900144,0,57,-57
120900145,189,415,-226
120900146,1,425,-424
120900147,2,403,-401
120900148,105,132,-27
120900149,0,99,-99
120900150,90,262,-172
120900151,1,288,-287
120900152,2,13,-11
120900153,1,0,1
120900154,0,105,-105
120900155,269,464,-195
120900156,158,215,-57
120900157,1,7,-6
120900158,96,242,-146
120900159,2,59,-57
120900160,35,378,-343
120900161,69,257,-188
120900162,61,556,-495
120900163,315,1174,-859
120900164,0,133,-133
120900165,7,810,-803
120900166,57,821,-764
120900167,238,101,137
120900169,116,175,-59
120900170,393,3614,-3221
120900171,483,165,318
120900172,372,2327,-1955
120900173,0,21,-21
120900174,17,122,-105
120900175,136,147,-11
120900176,26,392,-366
120900177,6,1423,-1417
120900178,1,739,-738
120900179,412,340,72
120900180,82,217,-135
120900181,40,24,16
120900182,33,93,-60
120900183,717,66,651
120900184,363,67,296
120900185,616,1374,-758
120900186,2,160,-158
120900187,524,856,-332
120900188,307,15,292
120900189,75,2215,-2140
120900190,169,5,164
120900191,39,14,25
120900192,4370,10973,-6603
120900194,70,76,-6
120900195,118,241,-123
120900196,541,22,519
120900197,1036,261,775
120900198,233,344,-111
120900199,445,1251,-806
120900200,33,82,-49
120900201,322,143,179
120900202,1,70,-69
120900203,29,93,-64
120900204,82,185,-103
120900205,39,21,18
120900206,40,30,10
121000001,504,938,-434
121000002,2096,1498,598
121000003,2482,1529,953
121000004,2160,2912,-752
121000005,1262,2154,-892
121000006,2570,2286,284
121000007,1712,3680,-1968
121000008,3871,4492,-621
121000009,2903,5445,-2542
121000010,5420,6027,-607
121000011,4998,9332,-4334
121000012,10183,7721,2462
121000013,4141,5277,-1136
121000014,4806,4090,716
121000015,3600,6080,-2480
121000016,3418,3034,384
121000017,1934,2301,-367
121000018,2774,1374,1400
121000019,8206,7862,344
121000020,9036,15665,-6629
121000021,2056,1677,379
121000022,2433,3332,-899
121000023,2634,1292,1342
121000024,4279,4542,-263
121000025,344,1261,-917
121000026,259,117,142
121000027,1094,1120,-26
121000028,766,480,286
121000029,812,446,366
121000030,280,282,-2
121000031,477,526,-49
121000032,155,108,47
121000034,254,251,3
121000035,121,118,3
121000036,807,851,-44
121000037,400,737,-337
121000038,300,888,-588
121000039,195,280,-85
121000041,488,418,70
121000042,252,319,-67
121000043,425,547,-122
121000044,983,844,139
121000045,497,195,302
121000046,814,1044,-230
121000047,32,100,-68
121000049,883,577,306
121000050,223,1431,-1208
121000051,498,268,230
121000052,372,858,-486
121000053,303,118,185
121000054,40,368,-328
121000055,741,1426,-685
121000056,616,841,-225
121000057,241,437,-196
121000058,191,174,17
121000059,2551,1004,1547
121000060,367,953,-586
121000061,63,437,-374
121000062,126,410,-284
121000063,641,948,-307
121000064,522,596,-74
121000065,185,408,-223
121000066,207,337,-130
121000067,303,601,-298
121000068,474,351,123
121000069,134,1134,-1000
121000070,1413,1141,272
121000071,1496,1436,60
121000072,979,652,327
121000073,935,1326,-391
121000074,93,185,-92
121000075,7,238,-231
121000076,312,328,-16
121000077,118,217,-99
121000078,57,146,-89
121000080,1483,524,959
121000081,4097,3209,888
121000082,55,221,-166
121000083,127,140,-13
121000084,161,166,-5
121000085,189,363,-174
121000086,421,570,-149
121000087,67,230,-163
121000088,461,401,60
121000089,225,554,-329
121000090,255,401,-146
121000091,827,684,143
121000092,201,68,133
121000093,175,147,28
121000094,396,702,-306
121000095,222,756,-534
121000096,3075,1995,1080
121000097,442,2313,-1871
121000098,605,455,150
121000099,674,556,118
121000100,1044,148,896
121000101,363,192,171
121000102,348,106,242
121000103,300,140,160
121000104,332,66,266
121000105,536,100,436
121000106,370,229,141
121000107,1715,2107,-392
121000109,881,796,85
121000110,174,538,-364
121000114,2847,2028,819
121000115,1737,649,1088
121000116,222,741,-519
121000117,342,227,115
121000118,1519,181,1338
121000119,241,258,-17
121000120,272,342,-70
121000121,517,1274,-757
121000123,915,619,296
121000126,84,322,-238
121000127,124,113,11
121000128,907,224,683
121000129,914,378,536
121000130,653,499,154
121000131,1023,1169,-146
121000132,747,1103,-356
121000135,290,667,-377
121000136,798,1273,-475
121000137,473,350,123
121000138,682,1599,-917
121000139,379,693,-314
121000141,216,266,-50
121000142,440,743,-303
121000143,144,25,119
121000144,439,1333,-894
121000145,572,780,-208
121000146,1203,1251,-48
121000147,1026,509,517
121000148,741,765,-24
121000149,2036,1414,622
121000152,414,253,161
121000153,1371,455,916
121000154,1239,495,744
121000155,1590,985,605
121000156,346,882,-536
121000157,640,1078,-438
121000158,312,312,0
121000159,254,327,-73
121000160,326,294,32
121000161,302,223,79
121000162,172,94,78
121000165,941,1792,-851
121000166,21,367,-346
121000168,494,204,290
121000169,81,137,-56
121000170,306,70,236
121000171,55,167,-112
121000172,804,739,65
121000173,1429,1156,273
121000174,484,515,-31
121000175,1332,367,965
121000176,351,267,84
121000177,685,366,319
121000178,49,55,-6
121000179,42,32,10
121000181,324,332,-8
121000182,235,275,-40
121000183,99,163,-64
121000184,67,254,-187
121000185,43,309,-266
121000186,227,559,-332
121000187,203,119,84
121000188,260,89,171
121000192,932,412,520
121000193,595,411,184
121000194,1510,1645,-135
121000195,209,908,-699
121000196,268,157,111
121000197,168,759,-591
121000198,164,195,-31
121000199,131,146,-15
121000200,601,129,472
121000201,6,147,-141
121000202,168,9,159
121000203,857,1308,-451
121000204,3332,972,2360
121000205,64,237,-173
121000206,107,83,24
121000207,1966,725,1241
121000208,6,254,-248
121000209,613,88,525
121000210,800,214,586
121000211,445,190,255
121000212,719,351,368
121000213,10419,2392,8027
121000214,785,1809,-1024
121000215,733,1183,-450
121000216,422,556,-134
121000217,3075,2374,701
121000218,297,1169,-872
121000219,1230,464,766
121000220,107,65,42
121000221,91,308,-217
121000222,1997,2285,-288
121000223,133,612,-479
121000224,133,373,-240
121000225,510,2096,-1586
121000226,1123,1209,-86
121000227,14,142,-128
121000228,28,457,-429
121000229,382,586,-204
121000230,40,1349,-1309
121000231,1226,28,1198
121000232,360,326,34
121000233,457,293,164
121000234,8,53,-45
121000235,73,40,33
121000236,10,66,-56
121000237,26,20,6
121000238,4,61,-57
121000239,60,14,46
121000240,9,117,-108
121000241,134,26,108
121000242,80,477,-397
121000243,182,45,137
121000244,10,70,-60
121000245,46,18,28
121000246,1,145,-144
121000247,127,8,119
121000248,367,1283,-916
121000249,76,252,-176
121000250,601,302,299
121000251,10,205,-195
121000252,158,88,70
121000253,254,201,53
121000254,626,131,495
121000255,112,155,-43
121000256,349,193,156
121000257,46,72,-26
121000258,68,60,8
121000259,29,65,-36
121000260,34,95,-61
121000261,77,60,17
121000262,830,402,428
121000263,523,374,149
121000271,507,1592,-1085
121000273,23,7,16
121000274,16,55,-39
121000275,20,10,10
121000276,8,46,-38
121000278,32,34,-2
121000279,19,20,-1
121000280,32,39,-7
121000289,266,13,253
121000290,987,998,-11
121000294,199,40,159
121000297,404,1022,-618
121000299,82,587,-505
121000300,869,486,383
121000302,16,650,-634
121000303,415,289,126
121000304,418,88,330
121000305,157,69,88
121000306,139,160,-21
121000308,120,252,-132
121000309,248,432,-184
121000310,127,252,-125
121000311,70,425,-355
121000312,360,301,59
121000313,234,302,-68
121000314,32,56,-24
121000315,22,48,-26
121000530,1837,1246,591
121000531,1646,1440,206
121000532,5769,7846,-2077
121000533,3327,3619,-292
121000918,31,56,-25
121000919,33,74,-41
121000938,43,159,-116
121000939,22,134,-112
121000956,1814,1244,570
121000957,5,13,-8
121000958,7,65,-58
121000959,1024,354,670
121000960,1270,1407,-137
121000961,340,49,291
121000962,813,378,435
121000973,0,222,-222
121000976,27,157,-130
121000979,468,141,327
121000981,308,94,214
121000982,294,113,181
121000983,423,234,189
121000984,14,64,-50
121000985,869,192,677
121000986,601,85,516
121000987,307,433,-126
121000988,1111,97,1014
121001302,200,121,79
121001308,2,48,-46
121001309,51,497,-446
121001313,191,62,129
121001314,1050,1660,-610
121001315,5467,2831,2636
121900001,127,242,-115
121900002,22,25,-3
121900003,580,18,562
121900004,87,385,-298
121900005,23,18,5
121900006,152,46,106
121900007,2028,1768,260
121900008,79,671,-592
121900009,915,22,893
121900010,195,5,190
121900011,235,198,37
121900012,3,3,0
121900013,435,100,335
121900014,1185,356,829
121900015,184,159,25
121900016,0,15,-15
121900017,578,637,-59
121900018,426,12,414
121900019,563,208,355
121900020,16,2,14
121900021,1067,15,1052
121900022,255,234,21
121900023,192,388,-196
121900024,333,58,275
121900025,585,523,62
121900026,216,38,178
121900027,402,191,211
121900028,226,11,215
121900029,124,268,-144
121900030,374,510,-136
121900031,847,5882,-5035
121900032,95,51,44
121900033,176,367,-191
121900034,334,124,210
121900035,2997,2286,711
121900036,90,428,-338
121900037,219,1043,-824
121900038,31,101,-70
121900039,288,77,211
121900040,74,110,-36
121900041,73,271,-198
121900042,382,169,213
121900043,2,5,-3
121900044,101,43,58
121900045,359,227,132
121900046,262,324,-62
121900047,207,124,83
121900048,99,76,23
121900050,45,50,-5
121900051,208,146,62
121900052,166,29,137
121900053,579,328,251
121900054,272,1174,-902
121900055,6,9,-3
121900058,351,137,214
121900059,361,145,216
121900060,119,575,-456
121900061,133,117,16
121900062,182,162,20
121900063,1544,360,1184
121900064,354,426,-72
121900066,79,22,57
121900067,50,33,17
121900069,137,124,13
121900070,94,185,-91
121900071,549,237,312
121900072,71,87,-16
121900073,164,282,-118
121900074,417,811,-394
121900075,293,708,-415
121900076,402,452,-50
121900077,22,11,11
121900078,112,56,56
121900079,0,0,0
121900080,949,320,629
121900082,64,76,-12
121900084,41,36,5
121900085,9,8,1
121900086,16,62,-46
121900087,73,115,-42
121900088,1164,2468,-1304
121900089,213,173,40
121900090,60,71,-11
121900091,100,49,51
121900092,91,110,-19
121900093,74,81,-7
121900094,14,10,4
121900095,353,165,188
121900096,1017,710,307
121900097,692,204,488
121900098,3,4,-1
121900099,243,36,207
121900100,76,306,-230
121900101,139,160,-21
121900102,1,108,-107
121900103,342,272,70
121900104,1551,490,1061
121900105,336,235,101
121900106,4,17,-13
121900107,73,25,48
121900108,1,16,-15
121900109,223,163,60
121900110,652,375,277
121900111,500,268,232
121900112,131,142,-11
121900113,63,421,-358
121900114,105,60,45
121900115,178,294,-116
121900117,96,215,-119
121900118,1612,603,1009
121900119,177,53,124
121900120,37,852,-815
121900121,258,32,226
121900122,32,53,-21
121900123,124,328,-204
121900124,176,160,16
121900125,2019,956,1063
121900127,9,98,-89
121900128,71,59,12
121900129,222,107,115
121900130,73,304,-231
121900131,214,83,131
121900132,61,80,-19
121900133,12,941,-929
121900134,35,220,-185
121900135,3482,444,3038
121900136,471,202,269
121900137,55,288,-233
121900138,60,153,-93
121900139,223,1537,-1314
121900140,63,118,-55
121900141,63,46,17
121900142,140,93,47
121900143,12,148,-136
121900144,116,368,-252
121900145,187,346,-159
121900146,408,606,-198
121900147,71,193,-122
121900148,140,302,-162
121900149,304,387,-83
121900150,69,146,-77
121900151,63,271,-208
121900152,94,85,9
121900153,73,490,-417
121900154,15,321,-306
121900155,3,188,-185
121900156,150,159,-9
121900157,3,262,-259
121900158,72,92,-20
121900159,0,206,-206
121900160,27,165,-138
121900161,225,568,-343
121900162,67,178,-111
121900163,337,213,124
121900164,247,219,28
121900165,163,119,44
121900166,110,117,-7
121900167,83,132,-49
121900168,115,210,-95
121900169,4,204,-200
121900170,8,149,-141
121900171,809,654,155
121900172,588,208,380
121900173,669,230,439
121900174,40,65,-25
121900175,65,407,-342
121900176,438,1494,-1056
121900177,103,80,23
121900179,430,289,141
121900180,1676,4805,-3129
121900182,573,732,-159
121900183,492,1734,-1242
121900184,53,895,-842
121900185,128,62,66
121900186,8,428,-420
121900187,19,184,-165
121900188,660,192,468
121900189,50,80,-30
121900190,200,383,-183
121900191,51,191,-140
121900192,220,1188,-968
121900194,8,392,-384
121900195,23,73,-50
121900196,737,717,20
121900197,269,809,-540
121900198,1669,1229,440
121900199,0,46,-46
121900200,28,138,-110
121900201,535,758,-223
121900202,90,616,-526
121900203,96,915,-819
121900204,575,932,-357
121900205,157,198,-41
121900206,13,47,-34
121900207,76,41,35
121900208,93,486,-393
121900209,98,63,35
121900210,1232,965,267
121900211,5,121,-116
121900212,45,176,-131
121900213,289,17,272
121900214,8,400,-392
121900215,33,127,-94
121900216,22,365,-343
121900217,187,180,7
121900218,112,382,-270
121900219,293,67,226
121900220,101,21,80
121900221,391,427,-36
121900222,232,77,155
121900223,188,58,130
121900224,106,51,55
121900225,64,146,-82
121900226,234,49,185
121900227,340,608,-268
121900228,129,135,-6
121900229,272,346,-74
121900230,70,459,-389
121900231,65,2353,-2288
121900232,138,364,-226
121900233,231,143,88
121900234,413,135,278
121900235,576,119,457
121900236,259,147,112
121900237,173,402,-229
121900238,141,254,-113
121900239,220,66,154
121900240,273,123,150
121900241,80,24,56
121900242,14,2,12
121900243,9,0,9
121900244,39,2,37
121900245,182,60,122
121900246,3220,243,2977
121900247,327,206,121
121900248,1169,921,248
121900250,173,342,-169
121900251,457,54,403
121900252,464,163,301
121900253,67,635,-568
121900254,345,469,-124
121900255,481,111,370
121900258,3929,1582,2347
121900259,191,439,-248
121900260,202,123,79
121900261,123,613,-490
121900262,373,862,-489
121900263,337,149,188
121900264,783,736,47
121900265,351,150,201
121900266,556,114,442
121900267,70,50,20
121900269,244,711,-467
121900270,62,186,-124
121900271,58,180,-122
121900273,386,1591,-1205
121900274,389,248,141
121900276,543,145,398
121900277,348,877,-529
121900278,103,1002,-899
121900279,152,154,-2
121900280,71,446,-375
121900281,117,636,-519
121900284,35,2,33
121900286,192,66,126
121900287,11,21,-10
121900290,200,727,-527
121900291,324,957,-633
121900292,129,130,-1
121900293,655,3158,-2503
121900294,281,5,276
121900295,187,109,78
121900296,39,226,-187
121900298,221,878,-657
121900299,0,5,-5
121900300,114,20,94
121900301,48,4,44
121900302,4,66,-62
121900303,205,365,-160
121900304,2,30,-28
121900305,4,16,-12
121900306,323,1,322
121900307,133,3,130
121900308,14,110,-96
121900309,8,97,-89
121900310,9,209,-200
121900311,703,34,669
121900312,428,13,415
121900313,478,43,435
121900314,5,48,-43
121900315,16,0,16
121900316,0,8,-8
121900317,28,1,27
121900318,0,5,-5
121900319,26,153,-127
121900320,28,40,-12
121900321,21,0,21
121900322,3,12,-9
121900323,23,18,5
121900324,0,27,-27
121900325,15,3,12
121900326,3,8,-5
121900327,1,21,-20
121900328,0,9,-9
121900329,1,43,-42
121900330,2,131,-129
121900331,66,55,11
121900332,60,31,29
122000001,1130,4237,-3107
122000002,1894,883,1011
122000003,1130,2662,-1532
122000004,1517,1254,263
122000005,3054,2139,915
122000006,903,1151,-248
122000007,647,1548,-901
122000008,1108,2891,-1783
122000009,415,435,-20
122000010,2106,2513,-407
122000011,3998,1865,2133
122000012,638,2945,-2307
122000013,573,1346,-773
122000014,2809,1263,1546
122000015,868,885,-17
122000016,426,593,-167
122000017,1049,1144,-95
122000018,1507,1471,36
122000019,805,1567,-762
122000020,146,316,-170
122000021,151,415,-264
122000022,853,1294,-441
122000023,694,1432,-738
122000024,384,2231,-1847
122000025,513,2623,-2110
122000026,335,1318,-983
122000027,440,912,-472
122000028,900,482,418
122000029,322,488,-166
122000030,170,156,14
122000031,111,330,-219
122000032,3155,2054,1101
122000033,326,2662,-2336
122000034,357,751,-394
122000035,190,597,-407
122000036,448,422,26
122000037,413,209,204
122000038,185,352,-167
122000039,441,399,42
122000040,184,244,-60
122000041,430,545,-115
122000042,297,418,-121
122000043,87,124,-37
122000044,83,110,-27
122000045,1384,733,651
122000046,690,943,-253
122000047,122,135,-13
122000048,2291,3658,-1367
122000049,5262,3035,2227
122000050,706,829,-123
122000051,120,466,-346
122000052,363,441,-78
122000053,205,871,-666
122000054,1705,1810,-105
122000055,1547,3468,-1921
122000056,2580,2730,-150
122000057,2312,3388,-1076
122000058,720,1729,-1009
122000059,938,2845,-1907
122000060,243,769,-526
122000061,223,558,-335
122000062,428,216,212
122000063,491,1295,-804
122000064,2577,4969,-2392
122000065,2009,1935,74
122000066,675,963,-288
122000067,944,932,12
122000068,1653,956,697
122000069,840,669,171
122000070,774,1121,-347
122000071,2519,994,1525
122000072,611,616,-5
122000073,206,1140,-934
122000074,2378,1214,1164
122000075,767,882,-115
122000076,5011,1722,3289
122000077,575,1541,-966
122000078,669,3106,-2437
122000079,326,1952,-1626
122000080,367,496,-129
122000081,83,160,-77
122000082,258,1013,-755
122000083,3495,865,2630
122000084,2295,1020,1275
122000085,299,634,-335
122000086,1662,5055,-3393
122000087,173,463,-290
122000088,129,353,-224
122000089,3052,2082,970
122000090,154,698,-544
122000091,105,236,-131
122000092,42,35,7
122000093,1396,2974,-1578
122000094,3865,2747,1118
122000095,636,3517,-2881
122000096,395,1534,-1139
122000098,2216,2968,-752
122000099,593,946,-353
122000100,646,771,-125
122000101,389,499,-110
122000102,1750,851,899
122000103,1410,1352,58
122000104,839,209,630
122000105,413,387,26
122000106,424,1149,-725
122000107,919,380,539
122000108,422,751,-329
122000109,419,252,167
122000110,436,506,-70
122000111,2386,1229,1157
122000112,963,1215,-252
122000113,604,571,33
122000114,1305,2104,-799
122000115,1207,989,218
122000116,403,450,-47
122000117,1231,357,874
122000118,649,509,140
122000119,2064,1840,224
122000120,1033,3523,-2490
122000121,810,2067,-1257
122000122,354,1103,-749
122000123,1033,1357,-324
122000124,636,498,138
122000125,544,627,-83
122000126,371,819,-448
122000127,430,794,-364
122000128,249,433,-184
122000129,329,908,-579
122000130,2548,1294,1254
122000131,950,1055,-105
122000132,255,406,-151
122000133,761,740,21
122000134,1003,704,299
122000135,468,418,50
122000136,815,578,237
122000137,1777,906,871
122000139,657,3070,-2413
122000140,452,763,-311
122000141,2556,1324,1232
122000142,109,1109,-1000
122000143,307,483,-176
122000144,1173,1255,-82
122000145,842,868,-26
122000146,440,1882,-1442
122000147,422,592,-170
122000148,457,1568,-1111
122000149,1481,1170,311
122000150,1089,906,183
122000151,72,307,-235
122000152,281,333,-52
122000153,288,369,-81
122000154,171,191,-20
122000155,1280,1968,-688
122000156,3642,2782,860
122000157,681,3924,-3243
122000158,265,711,-446
122000159,538,1296,-758
122000160,1993,2213,-220
122000161,942,954,-12
122000162,924,1501,-577
122000163,198,82,116
122000164,51,149,-98
122000165,782,958,-176
122000166,635,1311,-676
122000167,219,337,-118
122000168,156,668,-512
122000169,256,190,66
122000170,266,315,-49
122000171,23,70,-47
122000172,1448,1057,391
122000173,1133,2101,-968
122000174,1400,1005,395
122000175,560,248,312
122000176,267,895,-628
122000177,758,1294,-536
122000178,3216,2610,606
122000179,1844,2754,-910
122000180,788,942,-154
122000181,808,1930,-1122
122000182,1355,1667,-312
122000183,1823,904,919
122000184,2355,2687,-332
122000185,789,2415,-1626
122000186,375,1310,-935
122000187,1623,962,661
122000188,349,323,26
122000189,170,352,-182
122000190,645,1400,-755
122000191,655,857,-202
122000192,1075,313,762
122000193,351,576,-225
122000194,437,176,261
122000195,95,431,-336
122000196,1064,394,670
122000197,425,582,-157
122000198,321,1640,-1319
122000199,196,350,-154
122000200,651,537,114
122000201,867,2054,-1187
122000202,843,2039,-1196
122000203,2422,989,1433
122000204,1042,1192,-150
122000205,584,797,-213
122000206,2557,830,1727
122000207,1741,1296,445
122000208,2010,1230,780
122000209,1643,375,1268
122000210,1732,1337,395
122000211,1097,1098,-1
122000212,697,537,160
122000213,825,1244,-419
122000214,1683,1616,67
122000215,1766,1402,364
122000217,1259,1552,-293
122000218,697,73,624
122000219,886,591,295
122000220,315,562,-247
122000221,72,304,-232
122000222,386,143,243
122000223,946,392,554
122000225,645,265,380
122000226,1551,1334,217
122000227,202,1306,-1104
122000228,321,294,27
122000229,44,405,-361
122000230,43,341,-298
122000231,185,564,-379
122000232,497,377,120
122000233,0,29,-29
122000234,498,68,430
122000235,572,72,500
122000236,1572,45,1527
122000237,150,86,64
122000238,318,247,71
122000239,692,133,559
122000240,896,645,251
122000241,223,346,-123
122000242,624,144,480
122000243,30,24,6
122000244,10,262,-252
122000245,5,47,-42
122000246,23,128,-105
122000247,699,140,559
122000248,544,861,-317
122000249,1340,957,383
122000250,1998,923,1075
122000251,139,468,-329
122000252,377,138,239
122000253,97,264,-167
122000254,346,115,231
122000255,562,717,-155
122000256,227,382,-155
122000257,211,141,70
122000258,391,247,144
122000259,25,243,-218
122000260,0,28,-28
122000261,13,284,-271
122000262,0,21,-21
122000263,305,773,-468
122000264,1421,345,1076
122000265,2282,832,1450
122000266,3540,558,2982
122000267,136,108,28
122000268,144,241,-97
122000269,933,253,680
122000270,448,142,306
122000271,228,1052,-824
122000272,297,771,-474
122000273,364,357,7
122000274,215,195,20
122000275,44,170,-126
122000276,991,461,530
122000277,1109,1419,-310
122000278,2119,381,1738
122000279,268,246,22
122000280,657,497,160
122000281,846,551,295
122000282,221,461,-240
122000283,175,209,-34
122000284,261,33,228
122000285,235,49,186
122000286,41,149,-108
122000287,1247,1194,53
122000288,418,295,123
122000291,2404,673,1731
122000293,169,101,68
122000294,120,235,-115
122000295,1212,188,1024
122000296,31,356,-325
122000297,1878,3750,-1872
122000299,566,465,101
122000300,303,480,-177
122000301,4866,2528,2338
122000302,610,2216,-1606
122000303,1952,997,955
122000304,57,156,-99
122000305,1418,205,1213
122000306,47,273,-226
122000307,127,119,8
122000309,64,37,27
122000310,10,117,-107
122000311,135,115,20
122000312,140,266,-126
122000313,93,80,13
122000314,87,299,-212
122000315,266,73,193
122000316,1458,268,1190
122000317,1778,241,1537
122000318,240,1171,-931
122000319,119,240,-121
122000320,241,706,-465
122000321,67,93,-26
122000322,1106,1703,-597
122000323,727,2339,-1612
122000324,1120,1618,-498
122000325,694,2735,-2041
122000326,119,41,78
122000327,424,767,-343
122000328,399,320,79
122000330,1712,1263,449
122000332,144,259,-115
122000333,10,62,-52
122000337,1278,556,722
122000338,558,289,269
122000340,136,1206,-1070
122000342,986,494,492
122000343,254,241,13
122000344,55,10,45
122000345,39,17,22
122000346,238,53,185
122000348,901,726,175
122000349,99,498,-399
122000351,222,219,3
122000352,230,124,106
122000353,94,43,51
122000355,131,229,-98
122000356,629,1458,-829
122000357,76,13,63
122000358,1,21,-20
122000359,0,15,-15
122000360,0,17,-17
122000362,4,39,-35
122000364,250,221,29
122000365,2,17,-15
122000366,9,3,6
122000368,412,559,-147
122000370,34,24,10
122000371,32,0,32
122000372,23,4,19
122000381,160,293,-133
122000382,68,180,-112
122000384,1053,929,124
122000385,111,0,111
122000386,181,1539,-1358
122000387,357,662,-305
122000388,999,862,137
122000389,131,939,-808
122000390,207,256,-49
122000391,147,599,-452
122000392,156,156,0
122000393,37,68,-31
122000394,559,192,367
122000395,139,88,51
122000396,187,89,98
122000397,17,19,-2
122000398,11,48,-37
122000399,162,62,100
122000400,41,631,-590
122000401,124,42,82
122000402,460,133,327
122000403,493,363,130
122000404,218,111,107
122000408,378,701,-323
122000503,13,104,-91
122000524,86,263,-177
122000544,78,1848,-1770
122000616,230,2,228
122000640,90,55,35
122000641,160,144,16
122000642,1050,532,518
122000643,47,150,-103
122000644,92,39,53
122000645,62,155,-93
122000651,534,1512,-978
122000664,149,26,123
122000665,863,408,455
122000666,567,915,-348
122000673,23,119,-96
122000674,213,109,104
122000675,2006,470,1536
122000686,325,657,-332
122000687,1367,249,1118
122000688,362,315,47
122000689,1134,187,947
122000690,2702,250,2452
122000691,848,653,195
122000692,1447,230,1217
122000693,292,654,-362
122000695,458,223,235
122000696,633,102,531
122000698,464,189,275
122000699,152,76,76
122000701,1276,308,968
122000702,301,671,-370
122000703,144,42,102
122000717,112,74,38
122000718,366,933,-567
122000719,83,120,-37
122000720,695,56,639
122900001,40,7,33
122900002,899,5668,-4769
122900003,440,23,417
122900004,2731,122,2609
122900005,111,172,-61
122900006,463,1412,-949
122900007,50,137,-87
122900008,281,221,60
122900009,614,411,203
122900010,234,76,158
122900012,169,335,-166
122900014,88,138,-50
122900015,587,1122,-535
122900016,84,206,-122
122900017,195,634,-439
122900018,142,18,124
122900019,5,87,-82
122900020,126,366,-240
122900021,48,354,-306
122900022,1271,642,629
122900023,792,202,590
122900024,175,121,54
122900025,10,385,-375
122900026,12,130,-118
122900027,33,389,-356
122900028,155,198,-43
122900029,4296,2520,1776
122900030,1689,511,1178
122900031,37,232,-195
122900032,213,330,-117
122900033,177,146,31
122900034,3105,4066,-961
122900035,12,12,0
122900036,68,60,8
122900037,269,133,136
122900038,70,2545,-2475
122900039,62,449,-387
122900040,198,547,-349
122900041,232,273,-41
122900042,149,214,-65
122900043,314,194,120
122900044,121,290,-169
122900045,107,141,-34
122900046,159,341,-182
122900047,107,151,-44
122900048,29,203,-174
122900049,1460,168,1292
122900051,68,210,-142
122900052,150,70,80
122900053,32,30,2
122900055,233,95,138
122900057,179,53,126
122900061,458,163,295
122900062,465,598,-133
122900063,186,121,65
122900064,691,375,316
122900065,513,229,284
122900066,779,395,384
122900067,688,343,345
122900068,111,221,-110
122900069,371,1178,-807
122900070,389,60,329
122900071,94,164,-70
122900072,9,294,-285
122900073,13,135,-122
122900074,1087,237,850
122900075,2,101,-99
122900076,2,152,-150
122900077,0,65,-65
122900078,319,12,307
122900080,21,40,-19
122900081,139,155,-16
122900082,1055,124,931
122900083,76,70,6
122900084,19,142,-123
122900086,8,163,-155
122900087,339,329,10
122900088,25,364,-339
122900089,31,249,-218
122900090,7,187,-180
122900091,337,1,336
122900092,0,85,-85
122900093,0,77,-77
122900094,2,60,-58
122900095,150,23,127
122900096,351,61,290
122900097,35,56,-21
122900098,39,89,-50
122900099,67,22,45
122900100,86,676,-590
122900101,233,223,10
123000001,754,610,144
123000002,2051,4904,-2853
123000003,3917,3940,-23
123000004,2291,3034,-743
123000005,2689,2448,241
123000006,1746,1706,40
123000007,2660,2515,145
123000008,1721,2027,-306
123000009,3895,2624,1271
123000010,2567,2763,-196
123000011,1665,893,772
123000012,548,1871,-1323
123000013,3509,927,2582
123000014,568,2711,-2143
123000015,1925,919,1006
123000016,2190,3401,-1211
123000017,3023,1811,1212
123000018,89,89,0
123000019,477,44,433
123000020,373,30,343
123000021,171,161,10
123000022,326,1525,-1199
123000023,1862,1948,-86
123000024,1558,628,930
123000025,87,89,-2
123000026,3,156,-153
123000027,72,721,-649
123000028,1135,1096,39
123000029,462,1417,-955
123000030,279,102,177
123000031,372,136,236
123000032,521,68,453
123000033,266,66,200
123000034,1058,614,444
123000035,621,403,218
123000036,263,855,-592
123000037,274,153,121
123000038,150,241,-91
123000039,465,1264,-799
123000040,381,242,139
123000041,731,1079,-348
123000042,446,851,-405
123000043,1788,10728,-8940
123000044,2459,2022,437
123000045,3475,2224,1251
123000046,298,1120,-822
123000047,999,1040,-41
123000048,124,874,-750
123000049,4508,9292,-4784
123000050,1875,1662,213
123000051,78,154,-76
123000052,784,3480,-2696
123000053,2289,2848,-559
123000054,1639,1446,193
123000055,1776,3333,-1557
123000056,946,1083,-137
123000057,3707,5490,-1783
123000058,625,1153,-528
123000059,269,422,-153
123000060,1088,420,668
123000061,306,549,-243
123000063,885,919,-34
123000064,1185,206,979
123000065,3380,2043,1337
123000066,349,445,-96
123000067,897,354,543
123000068,1615,1644,-29
123000069,4102,1621,2481
123000070,166,464,-298
123000071,1632,769,863
123000072,1166,536,630
123000073,1754,758,996
123000074,884,767,117
123000075,290,1455,-1165
123000076,754,304,450
123000077,1730,1448,282
123000078,2103,1105,998
123000079,1933,1355,578
123000080,2174,956,1218
123000081,135,278,-143
123000082,218,735,-517
123000083,991,245,746
123000084,805,332,473
123000085,414,49,365
123000086,761,78,683
123000087,570,319,251
123000088,1282,563,719
123000089,777,854,-77
123000090,1211,696,515
123000091,1142,967,175
123000092,609,1005,-396
123000094,749,163,586
123000095,721,607,114
123000096,797,292,505
123000097,692,425,267
123000098,652,478,174
123000099,554,432,122
123000100,352,720,-368
123000101,550,476,74
123000102,300,686,-386
123000104,424,482,-58
123000105,317,392,-75
123000106,452,403,49
123000107,241,251,-10
123000108,456,748,-292
123000111,955,375,580
123000112,1415,433,982
123000113,481,614,-133
123000114,341,574,-233
123000115,274,195,79
123000116,41,59,-18
123000117,1800,1027,773
123000118,444,479,-35
123000119,235,431,-196
123000120,212,487,-275
123000121,418,489,-71
123000122,296,167,129
123000123,446,483,-37
123000124,334,294,40
123000125,1135,1180,-45
123000126,1066,4383,-3317
123000127,552,482,70
123000128,200,167,33
123000129,1086,279,807
123000130,784,79,705
123000131,1204,782,422
123000132,221,397,-176
123000133,121,153,-32
123000134,233,67,166
123000135,2526,969,1557
123000136,254,409,-155
123000137,110,186,-76
123000138,81,210,-129
123000139,651,81,570
123000140,70,453,-383
123000141,697,132,565
123000142,799,549,250
123000143,755,1059,-304
123000144,12,31,-19
123000145,213,258,-45
123000146,25,106,-81
123000147,71,135,-64
123000149,321,249,72
123000150,97,216,-119
123000151,105,385,-280
123000152,33,301,-268
123000153,107,576,-469
123000154,955,1281,-326
123000155,1451,979,472
123000156,34,84,-50
123000157,465,577,-112
123000158,460,681,-221
123000159,2880,3160,-280
123000160,952,921,31
123000161,1579,1062,517
123000162,1214,1525,-311
123000163,605,193,412
123000164,1983,244,1739
123000165,404,839,-435
123000166,45,86,-41
123000167,127,157,-30
123000168,270,165,105
123000169,1018,121,897
123000170,86,48,38
123000171,1045,15,1030
123000172,142,336,-194
123000173,474,267,207
123000174,989,490,499
123000175,308,755,-447
123000176,1086,300,786
123000177,246,731,-485
123000178,845,180,665
123000179,61,292,-231
123000180,1656,362,1294
123000181,180,679,-499
123000182,264,228,36
123000183,142,488,-346
123000184,80,346,-266
123000185,1050,346,704
123000186,4,318,-314
123000187,772,13,759
123000188,232,0,232
123000189,234,101,133
123000190,82,103,-21
123000192,17,295,-278
123000193,52,606,-554
123000194,234,186,48
123000195,386,38,348
123000196,439,11,428
123000197,62,66,-4
123000198,48,891,-843
123000199,17,589,-572
123000200,610,3,607
123000201,1456,33,1423
123000202,14,381,-367
123000203,1123,69,1054
123000204,63,584,-521
123000205,239,803,-564
123000206,2428,279,2149
123000207,69,466,-397
123000208,590,275,315
123000209,2118,685,1433
123000210,305,1101,-796
123000211,429,1296,-867
123000212,3696,484,3212
123000213,623,69,554
123000215,47,149,-102
123000216,164,535,-371
123000217,310,50,260
123000218,39,618,-579
123000219,597,78,519
123000220,553,162,391
123000221,129,62,67
123000222,484,294,190
123000223,640,147,493
123000224,435,234,201
123000225,321,49,272
123000226,89,357,-268
123000227,98,236,-138
123000228,342,50,292
123000229,650,1107,-457
123000232,86,397,-311
123000233,819,169,650
123000234,164,393,-229
123000235,1508,366,1142
123000236,297,400,-103
123000237,318,119,199
123000238,67,215,-148
123000239,331,729,-398
123000240,72,696,-624
123000241,263,79,184
123000242,309,152,157
123000243,746,637,109
123000244,698,500,198
123000245,25,133,-108
123000249,552,579,-27
123000252,832,328,504
123000253,1554,441,1113
123000254,757,718,39
123000255,1157,855,302
123000256,17,163,-146
123000257,1761,1102,659
123000258,695,482,213
123000259,470,348,122
123000260,527,256,271
123000261,370,125,245
123000262,89,84,5
123000263,529,87,442
123000264,190,75,115
123000265,21,145,-124
123000266,489,447,42
123000267,779,450,329
123000268,31,41,-10
123000269,23,71,-48
123000270,33,53,-20
123000271,50,31,19
123000272,651,312,339
123000273,269,742,-473
123000274,1035,569,466
123000275,232,596,-364
123000278,1615,2235,-620
123000279,130,60,70
123000280,242,218,24
123000281,246,92,154
123000282,104,196,-92
123000283,143,71,72
123000284,49,50,-1
123000286,156,413,-257
123000287,374,291,83
123000288,1205,1157,48
123000289,262,1418,-1156
123000291,196,747,-551
123000294,114,164,-50
123000295,706,993,-287
123000296,728,461,267
123000297,267,175,92
123000298,304,148,156
123000299,22,57,-35
123000300,1159,853,306
123000301,132,300,-168
123000302,92,86,6
123000303,56,250,-194
123000305,664,579,85
123000306,195,42,153
123000309,45,34,11
123000310,35,18,17
123000311,1,76,-75
123000312,280,391,-111
123000313,609,304,305
123000315,171,215,-44
123000316,554,66,488
123000317,221,77,144
123000318,66,234,-168
123000329,15,12,3
123000337,378,593,-215
123000338,175,105,70
123000339,352,59,293
123000340,73,182,-109
123000342,6,21,-15
123000343,48,7,41
123000344,640,270,370
123000345,262,498,-236
123000346,364,55,309
123000352,860,637,223
123000353,49,68,-19
123000354,254,1,253
123000355,0,156,-156
123000356,443,11,432
123000357,3,71,-68
123000359,17,77,-60
123000360,229,57,172
123000361,138,213,-75
123000362,590,94,496
123000363,142,166,-24
123000364,416,525,-109
123000365,22,403,-381
123000366,263,2142,-1879
123000367,262,553,-291
123000370,24,217,-193
123000371,596,42,554
123000372,355,39,316
123000373,4,220,-216
123000374,11,155,-144
123000375,420,52,368
123000376,773,538,235
123000377,647,29,618
123000378,15,226,-211
123000379,2,139,-137
123000380,29,302,-273
123000381,55,115,-60
123000382,412,145,267
123000383,72,1174,-1102
123000384,406,100,306
123000385,125,482,-357
123000436,19,1068,-1049
123000507,43,106,-63
123000508,64,1117,-1053
123000517,194,46,148
123000518,11,116,-105
123000519,139,85,54
123000520,23,159,-136
123000521,460,85,375
123000522,150,248,-98
123000541,5,0,5
123000542,0,3,-3
123000565,889,22,867
123000566,296,161,135
123000567,99,97,2
123000573,31,371,-340
123000574,913,58,855
123000575,1597,566,1031
123000576,1231,725,506
123000577,33,527,-494
123000578,244,89,155
123000579,810,5345,-4535
123000580,108,41,67
123000582,537,36,501
123000583,41,280,-239
123000584,182,223,-41
123000585,0,56,-56
123000586,111,0,111
123000596,53,83,-30
123000597,68,152,-84
123000602,53,5,48
123000603,1126,248,878
123000604,636,207,429
123000605,516,57,459
123000606,1,266,-265
123000609,19,248,-229
123000610,158,100,58
123000613,23,148,-125
123000614,294,37,257
123000615,24,61,-37
123000616,977,55,922
123000617,117,116,1
123000618,78,312,-234
123000619,561,49,512
123000620,29,245,-216
123000622,636,18,618
123000624,235,42,193
123000630,1544,339,1205
123000631,141,372,-231
123000632,488,488,0
123000633,0,103,-103
123000634,41,220,-179
123000635,36,70,-34
123000636,39,277,-238
123000637,114,51,63
123000638,444,14,430
123000639,576,4890,-4314
123000640,14,307,-293
123900001,815,46,769
123900002,18,1103,-1085
123900003,145,244,-99
123900005,240,165,75
123900006,286,55,231
124000001,1832,212,1620
124000002,53,985,-932
124000003,1327,170,1157
124000004,60,322,-262
124000005,1305,747,558
124000006,180,533,-353
124000007,310,104,206
124000008,10,379,-369
124000009,891,216,675
124000010,277,248,29
124000011,1162,350,812
124000012,352,245,107
124000017,210,117,93
124000018,111,26,85
124000019,176,180,-4
124000020,58,48,10
124000021,136,103,33
124000022,69,95,-26
124000023,1087,1269,-182
124000024,986,296,690
124000025,925,1590,-665
124000026,961,733,228
124000027,3585,4071,-486
124000028,840,3041,-2201
124000030,1447,932,515
124000031,1382,4726,-3344
124000032,1043,455,588
124000033,192,242,-50
124000034,430,384,46
124000035,28,286,-258
124000036,24,149,-125
124000037,349,1142,-793
124000038,32,118,-86
124000039,560,391,169
124000040,315,1328,-1013
124000041,475,103,372
124000042,79,348,-269
124000043,111,88,23
124000044,49,163,-114
124000045,905,415,490
124000046,261,488,-227
124000047,2058,552,1506
124000048,974,572,402
124000049,2023,410,1613
124000050,821,881,-60
124000051,1085,409,676
124000052,554,652,-98
124000053,534,1736,-1202
124000054,715,236,479
124000055,1047,3230,-2183
124000056,1525,721,804
124000057,949,479,470
124000058,393,713,-320
124000059,685,1175,-490
124000060,412,335,77
124000061,988,4648,-3660
124000062,1510,1127,383
124000063,837,982,-145
124000064,1395,867,528
124000065,8,505,-497
124000066,70,38,32
124000067,183,146,37
124000068,21,14,7
124000069,197,8,189
124000070,67,54,13
124000071,263,152,111
124000072,148,363,-215
124000073,958,120,838
124000074,168,464,-296
124000075,507,44,463
124000076,7,56,-49
124000077,568,846,-278
124000078,1901,1394,507
124000079,215,1428,-1213
124000080,527,191,336
124000081,213,345,-132
124000082,41,141,-100
124000083,43,93,-50
124000084,59,368,-309
124000085,51,16,35
124000086,31,211,-180
124000087,136,120,16
124000088,104,529,-425
124000089,810,337,473
124000090,113,158,-45
124000091,391,51,340
124000092,67,249,-182
124000093,102,136,-34
124000094,183,549,-366
124000095,116,78,38
124000096,157,249,-92
124000097,76,85,-9
124000098,57,46,11
124000099,121,76,45
124000100,47,72,-25
124000101,96,133,-37
124000102,55,41,14
124000103,130,112,18
124000104,72,38,34
124000105,91,74,17
124000106,101,42,59
124000107,35,195,-160
124000108,40,17,23
124000109,149,90,59
124000110,115,37,78
124000111,206,126,80
124000112,758,347,411
124000113,132,101,31
124000114,377,232,145
124000115,294,461,-167
124000116,108,152,-44
124000117,26,68,-42
124000118,40,75,-35
124000119,604,659,-55
124000120,538,390,148
124000121,812,600,212
124000122,408,1035,-627
124000123,1011,478,533
124000124,321,690,-369
124000125,429,423,6
124000126,285,456,-171
124000127,913,311,602
124000128,455,542,-87
124000129,1691,1373,318
124000130,508,472,36
124000131,683,615,68
124000132,590,549,41
124000133,851,945,-94
124000134,814,396,418
124000135,1616,1978,-362
124000136,603,726,-123
124000137,748,995,-247
124000138,920,935,-15
124000139,528,43,485
124000140,29,217,-188
124000141,126,8,118
124000142,10,134,-124
124000143,64,19,45
124000144,21,45,-24
124000145,137,60,77
124000146,37,69,-32
124000148,23,110,-87
124000149,1065,403,662
124000150,215,528,-313
124000151,725,316,409
124000152,604,730,-126
124000153,862,757,105
124000154,515,537,-22
124000155,1096,612,484
124000156,683,716,-33
124000169,163,450,-287
124000170,504,372,132
124000171,335,210,125
124000172,267,396,-129
124000173,530,137,393
124000174,315,455,-140
124000175,11,57,-46
124000176,65,31,34
124000177,10,44,-34
124000178,48,93,-45
124000190,6,26,-20
124000191,20,43,-23
124000192,1154,546,608
124000193,331,860,-529
124000194,263,366,-103
124000195,251,578,-327
124000196,548,506,42
124000197,39,19,20
124000198,60,61,-1
124000201,203,490,-287
124000202,565,294,271
124000203,639,194,445
124000204,1279,151,1128
124000205,140,220,-80
124000206,1017,201,816
124000207,0,58,-58
124000209,163,159,4
124000210,795,230,565
124000211,947,2,945
124000212,1,157,-156
124000213,688,132,556
124000214,612,185,427
124000215,482,30,452
124000216,4,179,-175
124000329,152,537,-385
124000338,177,322,-145
124000339,1435,101,1334
124000341,1790,87,1703
124000344,34,1,33
124000357,1077,2067,-990
124000358,865,1547,-682
124000359,1479,750,729
124000360,1147,546,601
124000361,1986,792,1194
124000362,865,1072,-207
124000363,216,268,-52
124000364,393,634,-241
124000365,430,625,-195
124000366,1008,643,365
124000367,54,195,-141
124000368,433,576,-143
124000369,93,129,-36
124000370,27,385,-358
124000402,34,12,22
124000403,194,26,168
124000404,17,34,-17
124000405,815,695,120
124000406,533,456,77
124000407,4,21,-17
124000411,12,92,-80
124000412,539,3,536
124000413,68,15,53
124000414,136,93,43
124000415,56,66,-10
124000416,86,107,-21
124000417,164,82,82
124000418,266,59,207
124000419,102,30,72
124000420,140,30,110
124000421,55,47,8
124000422,18,12,6
124000423,124,17,107
124000424,0,21,-21
124000425,55,21,34
124000426,11,43,-32
124000427,51,10,41
124000428,3,53,-50
124000429,121,55,66
124000430,655,292,363
124000431,578,417,161
124000432,244,376,-132
124000439,4,2,2
124000442,18,25,-7
124000443,2,6,-4
124000445,54,649,-595
124000446,262,36,226
124900001,585,363,222
124900002,185,190,-5
124900003,1027,335,692
124900004,822,232,590
124900005,273,99,174
124900006,785,149,636
124900008,799,502,297
124900009,167,783,-616
124900010,297,232,65
124900011,1015,339,676
124900012,910,172,738
124900013,542,113,429
124900014,343,48,295
124900015,190,527,-337
124900016,87,208,-121
124900017,521,2271,-1750
124900018,80,20,60
124900019,556,32,524
124900020,146,100,46
124900021,507,109,398
124900022,38,5,33
124900024,264,8,256
124900026,56,19,37
124900027,113,593,-480
124900028,366,71,295
124900029,20,501,-481
124900030,4,85,-81
124900031,81,302,-221
124900032,175,229,-54
124900033,85,205,-120
124900034,16,55,-39
124900035,200,293,-93
124900036,1,40,-39
124900037,206,220,-14
124900038,166,140,26
124900039,14,92,-78
124900040,131,134,-3
124900041,187,339,-152
124900042,44,11,33
124900043,319,345,-26
124900044,118,3,115
124900045,400,730,-330
124900046,834,292,542
124900047,67,141,-74
124900048,193,68,125
124900050,132,124,8
124900052,107,335,-228
124900053,233,259,-26
124900054,594,495,99
124900055,0,133,-133
124900057,7,35,-28
124900060,52,86,-34
124900061,138,7,131
124900062,247,19,228
124900066,0,7,-7
124900067,4,48,-44
124900068,298,1127,-829
124900069,86,152,-66
124900070,74,24,50
124900072,214,39,175
124900074,434,131,303
124900075,320,119,201
124900076,12,1330,-1318
124900077,32,47,-15
124900078,50,23,27
124900079,271,154,117
124900080,260,224,36
124900081,899,264,635
124900082,240,273,-33
124900083,244,227,17
124900084,615,91,524
124900085,366,511,-145
124900086,39,1269,-1230
124900087,194,78,116
124900088,171,75,96
124900089,581,17,564
124900090,481,220,261
124900091,383,213,170
124900092,232,228,4
124900093,402,218,184
124900094,631,282,349
124900095,196,537,-341
124900096,370,385,-15
124900097,422,44,378
124900098,147,248,-101
124900099,390,517,-127
124900100,337,60,277
124900101,58,289,-231
124900102,295,24,271
124900103,132,99,33
124900104,62,93,-31
124900105,74,76,-2
124900106,520,44,476
124900107,129,52,77
124900108,105,96,9
124900109,106,131,-25
124900110,407,195,212
124900111,0,111,-111
124900112,124,271,-147
129000186,138,62,76
204000001,51,1,50
204000002,9,5,4
204000003,39,2,37
204000004,4,0,4
204000005,475,310,165
204000006,1027,847,180
204000008,549,349,200
204000011,9,23,-14
204000012,52,58,-6
204000013,2,32,-30
204000019,760,317,443
204000020,692,450,242
204000021,994,616,378
204000022,682,387,295
204000023,522,413,109
204000031,11,4,7
204000032,229,22,207
204000034,28,88,-60
204000035,0,1,-1
204000036,5,17,-12
204000037,1,19,-18
204000038,0,18,-18
204000039,6,10,-4
204000040,5,9,-4
204000041,27,13,14
204000042,36,8,28
204000043,31,1,30
204000044,35,3,32
204000045,51,2,49
204000046,7,0,7
204000057,5,12,-7
204000062,0,18,-18
204000068,16,190,-174
204000069,12,202,-190
204000070,56,35,21
204000080,80,20,60
204000085,1297,1340,-43
204000086,1532,1159,373
204000087,44,5,39
204000088,4,55,-51
204000090,28,167,-139
204000093,514,50,464
204000096,969,694,275
204000097,622,4,618
204000099,976,1197,-221
204000100,1566,1254,312
204000105,1363,869,494
204000110,274,666,-392
204000111,474,386,88
204000112,408,955,-547
204000113,378,760,-382
204000114,809,744,65
204000115,551,315,236
204000116,358,606,-248
204000119,1765,1909,-144
204000132,530,246,284
204000133,727,152,575
204000134,154,50,104
204000135,439,52,387
204000136,419,159,260
204000138,350,361,-11
204000140,217,105,112
204000141,121,52,69
204000144,9,26,-17
204000145,454,26,428
204000146,19,177,-158
204000147,6,83,-77
204000148,170,17,153
204000154,6,3,3
204000155,2,8,-6
204000177,52,3,49
204000179,40,7,33
204000180,0,16,-16
204000222,4,11,-7
204000235,15,12,3
204000236,59,108,-49
204000238,38,22,16
204000240,298,62,236
204000308,124,5,119
204000317,6,51,-45
204000322,4,46,-42
204000323,13,7,6
204000328,149,33,116
204000329,24,165,-141
204000330,132,5,127
204000331,24,92,-68
204010341,9,101,-92
205000001,461,863,-402
205000013,9,43,-34
205000014,27,44,-17
205000015,20,85,-65
205000016,10,93,-83
205000017,21,69,-48
205000022,201,455,-254
205000025,685,492,193
205000029,314,9,305
205000045,65,701,-636
205000047,41,331,-290
205000048,280,357,-77
205000049,129,390,-261
205000050,466,214,252
205000059,0,121,-121
205000060,1,50,-49
205000061,1,130,-129
205000062,2,182,-180
205000063,17,215,-198
205000064,10,83,-73
205000065,62,365,-303
205000066,85,249,-164
205000067,42,417,-375
205000069,224,20,204
205000082,144,174,-30
205000110,47,124,-77
205000111,162,121,41
205000112,112,154,-42
205000113,141,182,-41
205000121,190,45,145
205000123,35,133,-98
205000126,413,70,343
205000127,669,125,544
205000128,335,58,277
205000129,695,57,638
205000130,75,34,41
205000131,47,8,39
205000132,52,8,44
205000133,36,1,35
205000134,321,0,321
205000137,68,123,-55
205000138,130,302,-172
205000139,25,103,-78
205000144,69,73,-4
205000145,333,192,141
205000151,167,18,149
205000152,199,18,181
205000153,256,24,232
205000154,95,31,64
205000155,162,9,153
205000207,11,104,-93
205000233,9,1,8
205000234,0,0,0
205000243,0,0,0
205000244,0,1,-1
205000245,2,90,-88
205000249,0,13,-13
205000250,5,5,0
205000251,75,279,-204
205000264,5,52,-47
206000027,13,4,9
206000028,8,6,2
206000043,3,18,-15
206000053,5,9,-4
206000054,4,26,-22
206000055,2,13,-11
206000075,16,26,-10
206000076,27,25,2
206000077,23,12,11
206000078,21,18,3
206000079,32,9,23
206000082,322,70,252
206000100,20,286,-266
206000103,5,15,-10
206000104,7,15,-8
206000105,7,6,1
206000106,0,4,-4
206000108,626,47,579
206000125,77,0,77
206000157,50,358,-308
206000170,0,92,-92
206000171,0,123,-123
206000172,15,143,-128
206000173,2,97,-95
206000174,19,27,-8
206000175,0,38,-38
206000176,28,54,-26
206000177,1,65,-64
206000178,3,99,-96
206000179,0,90,-90
206000180,2,81,-79
206000181,12,27,-15
206000182,1,36,-35
206000183,6,113,-107
206000184,7,118,-111
206000185,6,43,-37
206000186,68,274,-206
206000223,0,141,-141
206000226,16,2,14
206000227,35,1,34
206000237,35,129,-94
206000238,9,196,-187
206000239,143,1128,-985
206000240,2,43,-41
206000241,0,38,-38
206000242,6,79,-73
206000243,5,43,-38
206000244,29,203,-174
206000245,1199,86,1113
206000246,425,26,399
206000247,434,5,429
206000248,537,17,520
206000252,56,47,9
206000258,18,41,-23
206000315,48,7,41
206000317,677,147,530
206000318,703,63,640
206000319,2596,112,2484
206000320,395,41,354
206000321,360,17,343
206000322,801,30,771
206000323,247,7,240
206000324,302,8,294
206000325,225,19,206
206000326,227,17,210
206000327,54,2,52
206000328,288,2,286
206000329,389,7,382
206000330,63,7,56
206000331,272,1,271
206000332,87,4,83
206000333,1057,2,1055
206000334,404,2,402
206000335,0,28,-28
206000361,3,121,-118
206000392,1,8,-7
206000405,127,0,127
206000441,39,22,17
206000498,50,1,49
206000515,44,45,-1
206000530,384,45,339
206000531,235,395,-160
206000532,1302,440,862
206000535,85,1905,-1820
206000536,26,72,-46
206000537,15,104,-89
206000613,1530,252,1278
207000001,87,503,-416
207000002,93,395,-302
207000003,143,139,4
207000007,1175,171,1004
207000008,131,9,122
207000009,84,18,66
207000010,269,183,86
207000012,494,148,346
207000015,220,508,-288
207000019,220,67,153
207000021,412,213,199
207000022,162,121,41
207000023,267,50,217
207000024,8,16,-8
207000025,37,81,-44
207000026,59,31,28
207000027,5,52,-47
207000028,58,94,-36
207000029,126,301,-175
207000033,227,421,-194
207000034,265,103,162
207000039,571,113,458
207000040,597,72,525
207000041,125,17,108
207000042,390,58,332
207000043,216,117,99
207000051,121,179,-58
207000052,14,107,-93
207000053,298,323,-25
207000054,39,39,0
207000055,175,90,85
207000056,259,191,68
207000057,110,187,-77
207000058,155,158,-3
207000059,104,197,-93
207000060,51,71,-20
207000061,95,655,-560
207000062,359,18,341
207000063,420,49,371
207000064,362,128,234
207000065,322,179,143
207000066,317,136,181
207000067,53,59,-6
207000068,124,48,76
207000069,779,273,506
207000082,10,109,-99
207000083,77,169,-92
207000084,371,222,149
207000085,218,24,194
207000086,268,7,261
207000106,44,23,21
207000107,98,7,91
207000108,56,6,50
207000109,55,5,50
207000110,41,61,-20
207000111,72,55,17
207000112,78,630,-552
207000114,11,32,-21
207000115,38,30,8
207000116,13,318,-305
207000117,12,66,-54
207000118,8,36,-28
207000119,14,32,-18
207000123,184,11,173
207000124,80,24,56
207000125,53,49,4
207000126,43,34,9
207000134,125,72,53
207000135,24,117,-93
207000148,70,352,-282
207000149,42,22,20
207000152,79,297,-218
207000153,254,883,-629
207000154,256,129,127
207000159,103,148,-45
207000160,184,185,-1
207000238,1,77,-76
207000242,7,73,-66
207000248,17,29,-12
207000249,63,13,50
207000250,278,57,221
207000251,53,82,-29
207000252,25,43,-18
207000278,127,78,49
207000279,38,78,-40
207000280,797,57,740
207000281,105,322,-217
207000282,68,142,-74
207000283,43,133,-90
207000284,42,416,-374
207000285,53,69,-16
207000291,12,44,-32
207000304,89,54,35
207000306,69,260,-191
207000310,114,69,45
207000353,120,2,118
207000356,2,90,-88
207000357,17,31,-14
207000415,3,64,-61
207000417,61,2,59
207000437,0,1,-1
207000439,496,534,-38
207000446,183,2,181
207000460,30,11,19
207000466,70,96,-26
207000467,0,0,0
207000468,0,1,-1
207000476,12,21,-9
207000477,877,42,835
207000523,0,6,-6
207000524,32,7,25
207000527,147,125,22
207000530,610,3,607
207000531,316,6,310
207000532,105,16,89
207000534,108,23,85
207000535,13,231,-218
207000537,36,38,-2
207000540,4,52,-48
207000541,5,103,-98
207000548,4,82,-78
207000549,286,7,279
207000561,173,216,-43
207000562,20,78,-58
207000567,96,198,-102
207000568,275,37,238
207000569,709,221,488
207000584,99,126,-27
207000585,24,305,-281
207000616,0,51,-51
207000617,163,0,163
207000628,0,0,0
207900008,321,54,267
208000001,452,977,-525
208000002,674,539,135
208000003,855,391,464
208000004,680,525,155
208000005,4,10,-6
208000019,756,592,164
208000020,155,291,-136
208000021,275,225,50
208000022,1041,394,647
208000028,709,1110,-401
208000033,645,469,176
208000034,904,1284,-380
208000040,150,103,47
208000041,767,450,317
208000042,766,487,279
208000047,144,134,10
208000064,1777,1313,464
208000066,1256,1966,-710
208000070,424,263,161
208000071,599,379,220
208000072,450,585,-135
208000080,299,304,-5
208000081,368,101,267
208000082,320,144,176
208000083,116,197,-81
208000084,12,15,-3
208000085,439,311,128
208000086,424,659,-235
208000087,349,580,-231
208000089,935,192,743
208000090,879,379,500
208000093,118,194,-76
208000094,458,267,191
208000095,691,349,342
208000104,1263,507,756
208000105,737,637,100
208000114,109,380,-271
208000115,550,291,259
208000116,685,876,-191
208000117,94,138,-44
208000118,110,149,-39
208000155,554,915,-361
208000158,1179,2940,-1761
208000186,1582,2793,-1211
208000204,663,874,-211
208000205,1193,716,477
208000282,1820,2265,-445
209000004,490,201,289
209000005,55,41,14
209000006,419,186,233
209000007,295,427,-132
209000010,293,107,186
209000011,107,215,-108
209000012,137,77,60
209000013,205,137,68
209000014,302,443,-141
209000025,469,40,429
209000026,869,77,792
209000027,301,346,-45
209000028,272,300,-28
209000029,307,448,-141
209000030,239,682,-443
209000031,1617,1071,546
209000034,182,182,0
209000035,113,147,-34
209000036,208,71,137
209000037,299,117,182
209000038,134,94,40
209000039,58,103,-45
209000040,267,349,-82
209000041,153,206,-53
209000042,290,179,111
209000043,538,405,133
209000044,219,547,-328
209000045,694,288,406
209000046,524,341,183
209000047,332,177,155
209000048,476,330,146
209000049,83,30,53
209000050,137,45,92
209000051,160,99,61
209000052,98,99,-1
209000062,32,44,-12
209000063,47,17,30
209000064,20,19,1
209000065,123,15,108
209000066,97,10,87
209000067,110,19,91
209000080,25,198,-173
209000082,61,37,24
209000091,29,67,-38
209000093,31,15,16
209000094,32,98,-66
209000110,34,115,-81
209000111,535,1594,-1059
209000112,1297,506,791
209000113,1730,483,1247
209000114,872,522,350
209000115,33,31,2
209000116,192,128,64
209000118,8,47,-39
209000119,8,8,0
209000121,82,320,-238
209000135,68,134,-66
209000142,473,1707,-1234
209000143,43,32,11
209000144,69,162,-93
209000229,208,133,75
209000240,23,124,-101
209000259,28,18,10
209000260,48,976,-928
209000261,3,662,-659
209000262,0,296,-296
209000263,0,169,-169
209000264,0,185,-185
209000265,359,4,355
209000266,120,0,120
209000267,1538,4,1534
209000268,484,47,437
210000037,45,22,23
210000047,62,8,54
210000048,141,20,121
210000049,51,4,47
210000052,53,54,-1
210000053,33,30,3
210000054,29,58,-29
210000070,186,13,173
210000071,110,1,109
210000072,48,0,48
210000073,0,14,-14
210000074,2,82,-80
210000075,2,132,-130
210000076,16,168,-152
210000077,7,89,-82
210000078,38,60,-22
210000079,14,9,5
210000080,23,47,-24
210000081,122,29,93
210000082,80,2,78
210000083,53,6,47
210000084,38,1,37
210000085,0,35,-35
210000086,3,48,-45
210000099,72,180,-108
210000100,48,111,-63
210000101,56,159,-103
210000105,26,173,-147
210000159,0,206,-206
210000163,80,238,-158
210000164,107,157,-50
210000168,145,53,92
210000187,0,26,-26
210000188,0,21,-21
210000214,5,0,5
210000219,51,35,16
210000220,101,17,84
210000232,2,10,-8
210000233,37,31,6
210000234,32,73,-41
210000235,93,40,53
210000245,0,63,-63
210000246,14,0,14
210000258,11,49,-38
210000259,233,42,191
210000282,59,216,-157
210000285,1,101,-100
210000286,23,106,-83
210000295,35,119,-84
210000296,40,16,24
210000320,215,47,168
210000321,126,29,97
210000338,31,60,-29
210000339,164,966,-802
210000340,90,313,-223
210000341,194,273,-79
210000342,222,193,29
210000343,161,195,-34
210000344,113,151,-38
210000345,108,180,-72
210000346,54,100,-46
210000347,27,53,-26
210000348,109,27,82
210000349,38,17,21
210000350,114,77,37
210000351,159,61,98
210000352,53,28,25
210000353,44,40,4
210000354,77,25,52
210000355,48,63,-15
210000356,22,61,-39
210000357,37,46,-9
210000358,215,184,31
210000359,59,97,-38
210000360,125,131,-6
210000361,180,117,63
210000362,188,177,11
210000363,360,159,201
210000364,88,126,-38
210000365,144,52,92
210000366,111,41,70
210000367,85,18,67
210000368,97,29,68
210000369,11,17,-6
210000370,46,37,9
210000372,12,16,-4
210000373,17,15,2
210000374,45,20,25
210000375,44,30,14
210000376,52,81,-29
210000404,32,114,-82
210000439,19,16,3
210000472,56,1,55
210000482,28,92,-64
210000564,116,185,-69
210000568,188,4,184
211000092,44,16,28
211000094,32,0,32
211000169,179,22,157
211000172,16,56,-40
211000209,2,24,-22
211000275,23,5,18
211000276,89,14,75
211000279,20,20,0
211000281,73,21,52
211507980,2,36,-34
211977296,42,2,40
212000003,135,40,95
212000004,25,41,-16
212000005,8,54,-46
212000006,22,36,-14
212000008,140,81,59
212000009,38,57,-19
212000012,96,40,56
212000013,34,34,0
212000014,308,106,202
212000015,318,192,126
212000016,539,363,176
212000027,541,251,290
212000028,312,232,80
212000029,216,158,58
212000030,67,25,42
212000031,79,32,47
212000048,43,286,-243
212000049,24,211,-187
212000050,38,19,19
212000051,225,137,88
212000052,261,134,127
212000053,277,254,23
212000054,337,35,302
212000055,318,83,235
212000056,19,20,-1
212000057,8,17,-9
212000058,122,20,102
212000070,128,105,23
212000077,99,237,-138
212000099,253,139,114
212000108,168,89,79
212000111,232,38,194
212000120,111,25,86
212000138,127,42,85
212000156,1,53,-52
212000158,2,16,-14
212000159,568,32,536
212000160,610,129,481
212000161,63,3,60
212000310,65,14,51
212000311,9,36,-27
212000374,37,11,26
213000001,38,425,-387
213000005,483,116,367
213000006,742,283,459
213000007,52,4,48
213000009,377,308,69
213000010,194,181,13
213000011,149,89,60
213000012,142,161,-19
213000014,88,17,71
213000015,280,9,271
213000016,523,1,522
213000017,88,0,88
213000018,0,37,-37
213000019,1,56,-55
213000020,90,184,-94
213000021,2,87,-85
213000023,342,221,121
213000033,288,1142,-854
213000034,477,185,292
213000035,148,143,5
213000045,187,227,-40
213000046,155,142,13
213000047,371,892,-521
213000056,116,28,88
213000069,52,2,50
213000073,0,32,-32
213000074,75,257,-182
213000075,523,7,516
213000085,3,21,-18
213000086,22,101,-79
213000091,296,22,274
213000092,63,17,46
213000099,128,988,-860
213000100,706,256,450
213000101,529,111,418
213000102,551,165,386
213000103,778,605,173
213000104,87,291,-204
213000105,53,809,-756
213000106,21,70,-49
213000107,106,258,-152
213000108,32,236,-204
213000109,7,157,-150
213000110,53,111,-58
213000111,5,67,-62
213000112,87,83,4
213000115,51,6,45
213000116,36,254,-218
213000117,1,373,-372
213000118,659,194,465
213000119,28,307,-279
213000120,95,209,-114
213000122,81,217,-136
213000123,175,445,-270
213000124,167,1008,-841
213000125,155,36,119
213000126,60,132,-72
213000127,54,212,-158
213000128,127,989,-862
213000129,210,627,-417
213000130,1019,265,754
213000132,614,91,523
213000133,770,88,682
213000134,925,8,917
213000136,534,23,511
213000137,698,59,639
213000139,78,12,66
213000147,35,9,26
213000148,15,9,6
213000149,27,3,24
213000150,1,155,-154
213000151,4,90,-86
213000152,1,85,-84
213000153,3,85,-82
213000154,45,283,-238
213000155,38,172,-134
213000156,90,257,-167
213000157,642,292,350
213000158,411,562,-151
213000159,786,326,460
213000163,1368,97,1271
213000165,952,349,603
213000171,0,28,-28
213000172,1,142,-141
213000173,1,93,-92
213000174,9,77,-68
213000175,12,76,-64
213000176,293,44,249
213000177,220,11,209
213000178,286,5,281
213000179,301,2,299
213000180,219,1,218
213000184,82,326,-244
213000188,443,68,375
213000189,564,43,521
213000190,708,446,262
213000191,434,231,203
213000192,288,128,160
213000193,321,258,63
213000194,1,72,-71
213000195,15,238,-223
213000196,195,1046,-851
213000197,576,426,150
213000198,41,1,40
213000200,90,429,-339
213000201,25,33,-8
213000202,6,335,-329
213000203,1877,465,1412
213000204,738,36,702
213000205,467,47,420
213000206,422,18,404
213000207,56,7,49
213000208,62,2,60
213000209,133,0,133
213000210,160,0,160
213000211,5,9,-4
213000212,6,22,-16
213000213,12,44,-32
213000218,246,275,-29
213000219,563,16,547
213000220,522,8,514
213000223,147,190,-43
213000224,11,32,-21
213000225,134,19,115
213000226,70,23,47
213000227,1035,158,877
213000228,498,43,455
213000229,50,19,31
213000230,408,3,405
213000232,29,525,-496
213000233,4,415,-411
213000234,1,73,-72
213000293,14,42,-28
213000294,110,31,79
213000295,17,63,-46
213000296,46,22,24
213000297,10,56,-46
213000298,11,49,-38
213000299,49,23,26
213000300,2,7,-5
213000303,1,15,-14
213000304,3,12,-9
213000305,3,17,-14
213000306,30,41,-11
213000307,109,66,43
213000308,103,129,-26
213000309,196,58,138
213000310,409,273,136
213000311,178,750,-572
213000315,69,75,-6
213000316,192,45,147
213000322,82,55,27
213000323,145,39,106
213000324,201,55,146
213000325,181,67,114
213000326,167,39,128
213000327,161,89,72
213000328,123,89,34
213000329,208,37,171
213000340,112,229,-117
213000341,776,74,702
213000347,332,520,-188
213000348,9,168,-159
213000349,7,23,-16
213000350,238,547,-309
213000366,73,143,-70
213000367,304,8,296
213000379,33,124,-91
213000386,27,146,-119
213000406,107,182,-75
213000417,1334,499,835
213000425,298,50,248
213000426,183,24,159
213000427,63,120,-57
213000428,57,94,-37
213000429,9,6,3
213000430,98,306,-208
213000431,27,0,27
213000432,2,29,-27
213000433,18,91,-73
213000434,118,102,16
213000435,165,61,104
213000436,65,53,12
213000437,6,17,-11
213000438,177,60,117
213000439,23,8,15
213000440,13,156,-143
213000441,0,2,-2
213000442,11,39,-28
213000443,433,199,234
213000444,49,29,20
213000445,0,57,-57
213000446,1,18,-17
213000447,0,20,-20
213000448,6,144,-138
213000449,617,13,604
213000450,16,32,-16
213000451,344,66,278
213000452,15,19,-4
213000453,22,171,-149
213000455,93,6,87
213000456,0,113,-113
213000481,2,3,-1
213000484,21,0,21
213000489,201,74,127
213900002,4,112,-108
213900003,91,1,90
213900013,1,91,-90
213900015,0,2,-2
213900016,8,9,-1
213900020,23,29,-6
213900030,1,15,-14
213900032,162,190,-28
213900033,168,42,126
213900034,691,69,622
213900035,245,140,105
213900036,172,50,122
213900037,26,166,-140
213900038,425,108,317
213900039,2,43,-41
213900041,10,121,-111
213900042,198,342,-144
213900043,346,133,213
213900244,62,0,62
213900245,0,9,-9
218000003,10,20,-10
218000004,27,22,5
218000005,21,32,-11
218000006,66,21,45
218000007,7,8,-1
218000012,88,84,4
218000013,166,164,2
218000014,376,339,37
218000019,430,586,-156
218000020,230,398,-168
218000021,29,43,-14
218000022,10,7,3
218000023,1,14,-13
218000024,2,5,-3
218000025,5,17,-12
218000026,5,13,-8
218000027,0,4,-4
218000028,1,4,-3
218000029,2,2,0
218000030,12,7,5
218000031,7,20,-13
218000032,1,17,-16
218000039,28,22,6
218000040,2,5,-3
218000046,72,51,21
218000047,12,78,-66
218000048,84,59,25
218000049,67,60,7
218000050,297,129,168
218000051,63,100,-37
218000052,0,44,-44
218000053,5,7,-2
218000054,2,35,-33
218000055,3,13,-10
218000056,17,24,-7
218000057,2,12,-10
218000064,0,8,-8
218000065,145,28,117
218000066,27,76,-49
218000067,97,73,24
218000068,153,68,85
218000069,326,104,222
218000070,246,162,84
218000071,185,180,5
218000072,162,205,-43
218000078,967,310,657
218000079,204,78,126
218000080,186,51,135
218000081,743,157,586
218000082,98,96,2
218000083,119,83,36
218000084,226,108,118
218000085,255,288,-33
218000086,108,99,9
218000087,301,126,175
218000090,16,96,-80
218000091,842,254,588
218000092,137,116,21
218000093,51,45,6
218000094,277,211,66
218000099,213,737,-524
218000100,375,347,28
218000101,336,165,171
218000102,583,169,414
218000103,118,97,21
218000104,112,30,82
218000105,56,49,7
218000106,2,3,-1
218000107,86,23,63
218000108,8,27,-19
218000112,127,78,49
218000117,123,161,-38
218000134,531,285,246
218000135,21,72,-51
218000136,139,59,80
218000137,141,52,89
218000138,58,79,-21
218000139,167,174,-7
218000140,441,156,285
218000141,93,44,49
218000142,151,95,56
218000143,51,197,-146
218000144,26,95,-69
218000145,472,322,150
218000146,191,244,-53
218000151,9,22,-13
218000152,151,61,90
218000153,12,12,0
218000154,8,0,8
218000155,44,4,40
218000156,84,19,65
218000157,40,25,15
218000158,4,5,-1
218000159,2,6,-4
218000160,12,7,5
218000161,38,7,31
218000162,29,3,26
218000163,13,1,12
218000164,60,4,56
218000165,116,19,97
218000170,2,54,-52
218000171,60,3,57
218000172,18,7,11
218000173,16,22,-6
218000174,32,27,5
218000176,326,45,281
218000177,467,183,284
218000178,98,188,-90
218000179,148,60,88
218000180,128,18,110
218000181,265,38,227
218000187,15,20,-5
218000188,34,55,-21
218000189,35,41,-6
218000190,18,12,6
218000191,208,30,178
218000192,307,182,125
218000193,591,206,385
218000194,173,230,-57
218000195,209,58,151
218000196,388,246,142
218000197,671,248,423
218000198,34,99,-65
218000199,57,33,24
218000200,61,30,31
218000201,25,4,21
218000202,33,228,-195
218000207,3,5,-2
218000208,28,25,3
218000211,17,24,-7
218000212,0,9,-9
218000213,93,98,-5
218000214,7,39,-32
218000215,33,44,-11
218000217,2,36,-34
218000218,167,37,130
218000219,8,15,-7
218000220,35,362,-327
218000221,444,197,247
218000222,2,51,-49
218000223,53,719,-666
218000224,22,232,-210
218000225,276,33,243
218000226,227,79,148
218000230,2,2,0
218000232,78,40,38
218000234,45,13,32
218000239,105,15,90
218000240,1,2,-1
218000241,19,2,17
218000242,11,4,7
218000243,11,1,10
218000244,23,2,21
218000245,17,0,17
218000246,0,0,0
218000247,0,0,0
218000248,0,36,-36
218000249,0,4,-4
218000250,1,21,-20
218000251,5,39,-34
218000252,7,186,-179
218000253,3,160,-157
218000254,1,58,-57
218000255,2,23,-21
218000256,6,78,-72
218000267,135,390,-255
218000268,7,28,-21
218000269,5,17,-12
218000270,35,27,8
218000271,8,8,0
218000273,55,2,53
218000274,26,3,23
218000275,39,41,-2
218000276,21,34,-13
218000278,6,23,-17
218000279,16,12,4
218000280,5,7,-2
218000281,14,22,-8
218000282,306,272,34
218000284,68,2,66
218000301,117,99,18
218000302,78,43,35
218000303,14,24,-10
218000316,594,485,109
218000317,1271,415,856
218000318,929,316,613
218000319,1038,505,533
218000320,744,371,373
218000338,30,10,20
218000339,17,11,6
218000342,58,38,20
218000343,106,19,87
218000345,29,20,9
218000346,12,129,-117
218000353,38,7,31
218000354,45,26,19
218000459,17,133,-116
218000490,20,36,-16
218000501,155,30,125
218000502,91,28,63
218000503,141,40,101
218000504,167,39,128
218000505,69,87,-18
218000506,41,243,-202
218000508,1,6,-5
218000510,133,26,107
218000520,132,173,-41
218000521,1,10,-9
218000522,1,88,-87
218000523,115,2,113
218000524,6,158,-152
218000525,74,18,56
218000526,29,131,-102
218000529,15,8,7
218000530,14,3,11
218000531,32,21,11
218000532,37,13,24
218000534,40,2,38
218000537,5,43,-38
218000538,85,224,-139
218000539,71,16,55
218000540,68,58,10
218000543,119,50,69
218000544,34,37,-3
218000545,133,87,46
218000546,57,49,8
218000547,151,111,40
218000548,94,84,10
218000549,712,364,348
218000550,194,130,64
218000551,81,439,-358
218000552,209,81,128
218000553,15,38,-23
218000554,9,14,-5
218000555,13,17,-4
218000556,80,96,-16
218000557,361,60,301
218000558,68,2,66
218000559,0,26,-26
218000560,0,20,-20
218000561,10,0,10
218000562,30,112,-82
218000563,204,30,174
218000564,3,119,-116
218000565,115,34,81
218000566,69,19,50
218000567,1,56,-55
218000568,4,1,3
218000569,11,196,-185
218000570,1,6,-5
218000571,0,84,-84
218000572,104,5,99
218000573,6,114,-108
218000574,33,17,16
218000575,98,0,98
218000576,0,52,-52
218000577,102,2,100
218000578,1,86,-85
218000579,10,15,-5
218000581,12,56,-44
218000582,51,2,49
218000583,7,0,7
218000584,0,25,-25
218000585,42,3,39
218000586,9,33,-24
218000587,5,2,3
218000588,1,3,-2
218000589,0,9,-9
218000590,2,0,2
218000591,0,10,-10
218000592,9,8,1
218000593,1,1,0
218000594,4,9,-5
218000595,0,0,0
218000596,1,0,1
218000597,0,0,0
218000598,0,0,0
218000599,0,3,-3
218000600,1,0,1
218000601,0,0,0
218000602,0,3,-3
218000603,0,3,-3
218000604,19,0,19
218000605,0,33,-33
218000606,86,0,86
218000607,6,37,-31
218000608,29,13,16
218000609,8,32,-24
218000610,69,3,66
218000611,28,2,26
218000612,0,18,-18
218000613,50,0,50
218000614,1,26,-25
218000615,132,1,131
218000616,3,104,-101
218000617,11,0,11
218000618,1,19,-18
218000619,26,23,3
218000620,10,36,-26
218000621,1,3,-2
218000622,0,32,-32
218000623,38,1,37
218000624,2,23,-21
218000625,1,1,0
218000626,0,9,-9
218000628,163,81,82
218000631,4,9,-5
218000632,0,157,-157
218000633,60,1,59
218000634,3,11,-8
218000635,14,8,6
218000636,692,473,219
218000637,846,224,622
218000638,266,27,239
218000639,21,55,-34
218000640,370,22,348
218000641,61,133,-72
218000652,42,18,24
218000653,217,85,132
218000663,3,18,-15
218000675,19,20,-1
218000676,3,15,-12
218000677,18,6,12
218000680,38,55,-17
218000681,150,30,120
218000691,45,18,27
218000693,124,14,110
218000703,2,8,-6
218000718,48,498,-450
218000719,138,414,-276
218000720,2,170,-168
218000721,25,15,10
218000725,17,5,12
218001214,6,29,-23
218001329,12,24,-12
218001330,7,7,0
219000001,41,52,-11
219000002,23,47,-24
219000003,88,45,43
219000004,42,67,-25
219000017,62,56,6
219000020,134,68,66
219000022,94,4,90
219000023,140,3,137
219000029,0,46,-46
219000034,39,28,11
219000039,43,150,-107
219000040,55,73,-18
219000041,125,32,93
219000051,0,36,-36
219000052,0,28,-28
219000053,2,58,-56
219000054,292,350,-58
219000055,252,2,250
219000056,8,0,8
219000057,73,0,73
219000062,20,39,-19
219000063,88,7,81
219000064,0,4,-4
219000110,287,125,162
219000111,77,46,31
219000112,164,48,116
219000113,202,58,144
219000114,155,125,30
219000116,160,57,103
219000117,193,71,122
219000118,230,109,121
219000123,133,36,97
219000124,55,42,13
219000125,22,8,14
219000126,42,93,-51
219000127,0,13,-13
219000128,15,118,-103
219000129,12,139,-127
219000130,116,410,-294
219000131,515,867,-352
219000133,32,60,-28
219000134,18,28,-10
219000135,33,98,-65
219000136,95,191,-96
219000138,67,14,53
219000139,51,22,29
219000140,98,2,96
219000141,56,59,-3
219000142,25,54,-29
219000143,4,29,-25
219000145,10,51,-41
219000146,11,19,-8
219000147,2,10,-8
219000148,3,15,-12
219000149,5,27,-22
219000150,1,51,-50
219000151,2,17,-15
219000157,178,87,91
219000158,131,138,-7
219000161,132,7,125
219000163,710,354,356
219000166,104,203,-99
219000167,123,120,3
219000168,244,73,171
219000174,405,116,289
219000175,146,6,140
219000176,164,8,156
219000177,66,5,61
219000178,76,0,76
219000179,35,5,30
219000180,27,26,1
219000182,141,20,121
219000183,81,21,60
219000184,91,7,84
219000185,1,42,-41
219000186,88,15,73
219000187,15,63,-48
219000189,29,142,-113
219000190,30,196,-166
219000191,179,1280,-1101
219000192,167,168,-1
219000193,120,99,21
219000195,3,44,-41
219000196,5,84,-79
219000198,22,76,-54
219000199,44,153,-109
219000200,51,103,-52
219000201,49,138,-89
219000203,22,99,-77
219000204,59,258,-199
219000205,31,248,-217
219000207,57,191,-134
219000209,27,28,-1
219000210,19,49,-30
219000213,7,104,-97
219000239,128,150,-22
219000240,159,246,-87
219000241,136,107,29
219000242,25,117,-92
219000243,65,188,-123
219000244,17,51,-34
219000245,15,34,-19
219000246,23,22,1
219000247,157,29,128
219000248,410,412,-2
219000249,114,99,15
219000250,144,70,74
219000251,510,190,320
219000252,206,137,69
219000253,300,59,241
219000255,138,105,33
219000256,247,81,166
219000257,137,0,137
219000262,65,58,7
219000263,54,68,-14
219000267,2,23,-21
219000268,0,3,-3
219000269,2,0,2
219000270,10,0,10
219000271,159,4,155
219000278,0,5,-5
219000279,0,2,-2
219000283,0,16,-16
219000295,18,49,-31
219000296,69,204,-135
219000297,24,49,-25
219000298,22,32,-10
219000299,353,50,303
219000300,19,62,-43
219000301,86,206,-120
219000302,20,126,-106
219000307,40,19,21
219000308,69,44,25
219000311,182,38,144
219000312,461,138,323
219000313,339,51,288
219000314,27,135,-108
219000315,323,53,270
219000316,589,45,544
219000317,149,9,140
219000320,3,35,-32
219000321,0,11,-11
219000323,4,38,-34
219000325,6,7,-1
219000326,30,25,5
219000327,45,24,21
219000328,10,54,-44
219000329,263,96,167
219000330,39,30,9
219000331,62,40,22
219000332,120,81,39
219000333,20,1,19
219000335,105,1,104
219000337,17,1,16
219000338,49,0,49
219000344,25,53,-28
219000345,43,33,10
219000346,50,27,23
219000348,110,64,46
219000349,73,84,-11
219000350,83,418,-335
219000351,1,14,-13
219000352,333,102,231
219000353,122,40,82
219000354,177,67,110
219000355,150,50,100
219000356,378,1205,-827
219000363,151,81,70
219000364,84,60,24
219000365,98,13,85
219000366,190,424,-234
219000368,236,475,-239
219000370,653,542,111
219000371,4,20,-16
219000382,7,7,0
219000383,203,1217,-1014
219000385,260,462,-202
219000386,401,1369,-968
219000387,2,10,-8
219000390,5,2,3
219000391,2,2,0
219000397,50,25,25
219000398,45,69,-24
219000401,7,55,-48
219000402,37,43,-6
219000403,49,263,-214
219000404,36,98,-62
219000407,0,8,-8
219000409,87,31,56
219000410,70,26,44
219000411,86,12,74
219000446,37,340,-303
219000447,0,9,-9
219000448,18,12,6
219000452,64,88,-24
219000453,25,183,-158
219000454,110,286,-176
219000556,262,76,186
219000558,68,75,-7
219000590,20,164,-144
219000591,96,46,50
219000592,72,194,-122
219000595,3,7,-4
219000635,233,24,209
219000636,25,29,-4
219000657,24,21,3
219000658,47,180,-133
219000673,0,41,-41
219000676,2,9,-7
219000679,44,7,37
219000684,125,3,122
219000685,0,36,-36
219000686,0,9,-9
219000688,1,44,-43
219000689,18,172,-154
219000690,139,33,106
219000691,3,28,-25
219000692,19,5,14
219000693,1,18,-17
219000694,22,1,21
219000695,24,0,24
219000698,15,0,15
219000699,0,15,-15
219000727,1,96,-95
219000728,115,1,114
219000770,28,0,28
219000771,0,16,-16
219001150,0,27,-27
219001151,6,4,2
219001166,22,12,10
219001167,1,25,-24
220000001,23,58,-35
220000002,3,72,-69
220000003,213,90,123
220000004,268,202,66
220000005,525,1404,-879
220000006,86,577,-491
220000007,397,240,157
220000008,274,324,-50
220000009,211,239,-28
220000010,86,55,31
220000011,304,2915,-2611
220000012,54,261,-207
220000014,115,50,65
220000015,23,169,-146
220000017,18,165,-147
220000018,3992,1366,2626
220000019,52,354,-302
220000020,329,107,222
220000021,620,128,492
220000022,965,260,705
220000023,291,107,184
220000024,1032,366,666
220000025,910,1401,-491
220000026,249,523,-274
220000027,22,109,-87
220000028,35,51,-16
220000029,20,73,-53
220000030,20,44,-24
220000031,473,291,182
220000064,21,666,-645
221000046,3,1,2
221000047,0,2,-2
221000048,0,2,-2
221000049,0,5,-5
221000050,15,1,14
221000055,42,27,15
221000057,64,13,51
221000068,231,69,162
221000069,339,52,287
221000070,200,14,186
221000071,95,8,87
221000072,201,16,185
221000073,155,31,124
221000074,0,5,-5
221000075,12,13,-1
221000076,8,12,-4
221000077,5,51,-46
221000081,13,5,8
221000082,61,3,58
221000083,12,4,8
221000084,5,7,-2
221000085,20,43,-23
221000086,11,55,-44
221000087,6,58,-52
221000088,8,137,-129
221000089,32,131,-99
221000090,49,471,-422
221000098,80,8,72
221000099,177,11,166
221000100,94,4,90
221000101,145,8,137
221000102,141,15,126
221000109,8,52,-44
221000110,9,39,-30
221000111,6,64,-58
221000112,2,86,-84
221000113,8,63,-55
221000114,12,67,-55
221000120,37,25,12
221000121,11,48,-37
221000122,36,42,-6
221000123,1,6,-5
221000124,17,66,-49
221000155,126,10,116
221000156,9,33,-24
221000175,1,0,1
221000176,0,1,-1
221000182,38,10,28
221000241,318,270,48
221000242,124,252,-128
221000243,437,192,245
221000244,230,276,-46
221000245,60,56,4
221000246,39,156,-117
221000247,60,69,-9
221000248,142,77,65
221000267,48,415,-367
221000325,23,51,-28
221000331,6,29,-23
221000338,25,53,-28
221000378,206,32,174
221000381,21,14,7
222000282,3,1,2
222000296,2,20,-18
222000568,351,18,333
222000569,237,50,187
222000570,161,35,126
222000571,418,19,399
222000577,14,58,-44
222000578,32,72,-40
222000579,15,62,-47
222000580,48,370,-322
222000599,0,112,-112
222000600,2,145,-143
222000601,9,505,-496
222000603,5,52,-47
222000604,1,30,-29
222000605,16,41,-25
222000606,0,6,-6
222000607,3,4,-1
222000608,27,25,2
222000609,69,49,20
222000616,497,34,463
222000617,3,20,-17
222000618,4,3,1
222000620,20,19,1
222000621,36,14,22
222000623,549,7,542
222000624,441,0,441
222000625,634,19,615
222000636,75,2,73
222000686,15,11,4
222000687,28,21,7
222001066,395,1,394
222001067,27,1,26
222001068,68,11,57
222001069,54,27,27
222001082,23,20,3
222001083,28,19,9
222001084,0,16,-16
222001085,1,205,-204
222001111,88,47,41
222001112,159,16,143
222001313,82,9,73
222001314,12,105,-93
222001464,31,34,-3
222001465,2,35,-33
222001484,138,34,104
222001485,20,46,-26
222001494,746,137,609
222001495,119,93,26
222001496,391,70,321
222001497,130,188,-58
222001502,27,57,-30
222001503,137,15,122
222001504,26,225,-199
222001505,407,26,381
222001506,43,252,-209
222001507,280,16,264
222001510,695,41,654
222001511,77,132,-55
222001514,719,178,541
222001515,116,261,-145
222001518,533,71,462
222001519,70,77,-7
222001527,183,47,136
222001528,16,76,-60
222001529,503,43,460
222001530,87,109,-22
222001533,100,133,-33
222001534,564,49,515
222001535,264,253,11
222001536,59,115,-56
222001537,377,80,297
222001538,60,241,-181
222001563,1051,111,940
222001564,81,183,-102
222001568,189,151,38
222001576,1,4,-3
222001579,0,10,-10
222001583,13,93,-80
222001584,133,4,129
222001596,458,1019,-561
222001597,1435,353,1082
222001626,0,77,-77
222001650,61,159,-98
222001651,44,426,-382
222001914,240,49,191
222001915,40,128,-88
222900004,445,190,255
222900009,215,307,-92
222900019,133,241,-108
222900024,49,10,39
222900025,9,14,-5
225000001,329,99,230
225000002,574,128,446
225000003,782,46,736
225000004,367,139,228
225000005,58,47,11
225000006,1,164,-163
225000007,774,743,31
225000010,253,22,231
225000011,233,883,-650
225000012,222,564,-342
225000013,102,53,49
225000014,594,96,498
225000015,51,97,-46
225000021,738,118,620
225000027,143,278,-135
225000032,614,87,527
225000042,47,293,-246
225000049,37,28,9
225000050,72,7,65
225000053,7,213,-206
225000058,507,184,323
225000067,164,73,91
225000068,87,163,-76
225000069,61,290,-229
225000070,74,194,-120
225000071,19,80,-61
225000075,21,343,-322
225000076,48,77,-29
225000078,64,24,40
225000085,70,84,-14
225000086,226,55,171
225000087,127,8,119
225000088,13,154,-141
225000089,69,568,-499
225000090,51,283,-232
225000091,148,77,71
225000092,17,30,-13
225000093,185,138,47
225000094,8,114,-106
225000095,167,195,-28
225000096,135,262,-127
225000098,657,217,440
225000099,378,125,253
225000100,373,106,267
225000104,79,186,-107
225000110,7,202,-195
225000111,139,410,-271
225000112,153,534,-381
225000113,153,397,-244
225000114,68,185,-117
225000115,726,391,335
225000116,454,152,302
225000117,632,220,412
225000118,909,236,673
225000119,301,84,217
225000120,776,28,748
225000121,127,20,107
225000123,463,11,452
225000125,521,73,448
225000126,548,101,447
225000127,412,1113,-701
225000128,340,731,-391
225000132,447,30,417
225000133,325,34,291
225000134,629,120,509
225000135,65,16,49
225000136,431,19,412
225000137,271,23,248
225000138,409,76,333
225000143,51,98,-47
225000144,0,179,-179
225000145,23,16,7
225000146,47,48,-1
225000147,31,110,-79
225000148,8,77,-69
225000149,52,196,-144
225000151,30,89,-59
225000155,171,182,-11
225000156,108,567,-459
225000157,249,166,83
225000158,80,127,-47
225000171,1,81,-80
225000180,19,1,18
225000181,0,43,-43
225000182,75,2,73
225000185,3,253,-250
225000187,25,182,-157
225000191,77,1,76
225000194,0,4,-4
225000208,2,38,-36
225000209,90,14,76
225000210,5,200,-195
225000217,0,13,-13
225000218,17,0,17
225000223,0,40,-40
225000224,18,1,17
225000225,0,9,-9
225000226,19,0,19
225000227,28,47,-19
225000228,6,5,1
225000229,0,32,-32
225000230,35,0,35
225000231,0,29,-29
225000232,151,0,151
225000241,55,1,54
225000242,1,18,-17
225000249,1,0,1
225000250,62,369,-307
225000251,436,30,406
225000254,1,1,0
225000256,1,39,-38
225000257,0,9,-9
226000042,134,241,-107
226000043,38,136,-98
226000044,77,182,-105
226000045,39,143,-104
226000046,493,66,427
226000047,320,70,250
226000048,325,62,263
226000049,234,130,104
226000070,0,22,-22
226000071,0,39,-39
226000072,0,2,-2
226000073,0,2,-2
226000074,0,5,-5
226000084,0,19,-19
226000085,0,8,-8
226000086,4,3,1
226000087,1,11,-10
226000088,8,64,-56
226000090,93,62,31
226000091,8,51,-43
226000092,0,26,-26
226000093,19,1,18
226000094,7,1,6
226000095,12,0,12
226000105,16,2,14
226000106,6,0,6
226000107,13,1,12
226000108,30,0,30
226000109,112,0,112
226000124,128,36,92
226000134,868,489,379
226000135,1655,395,1260
226000136,721,371,350
226000137,5,96,-91
226000138,28,54,-26
226000139,0,33,-33
226000156,179,5,174
226000157,184,4,180
226000163,42,177,-135
226000202,15,92,-77
226000231,248,7,241
226000232,39,0,39
227000033,316,64,252
227000036,457,23,434
227000037,406,27,379
227000038,122,21,101
227000084,2,61,-59
227000085,0,41,-41
227000088,28,4,24
227000089,59,1,58
227000090,23,1,22
227000091,17,0,17
227000092,17,0,17
227000093,126,0,126
227000094,10,0,10
227000130,22,117,-95
227000131,15,101,-86
227000132,13,94,-81
227000133,13,73,-60
227000134,9,159,-150
227000152,0,6,-6
227000153,0,63,-63
227000154,0,36,-36
227000155,1,24,-23
227000156,1,16,-15
227000165,4,110,-106
227000196,616,101,515
227000199,431,187,244
227000230,9,108,-99
227000232,738,19,719
227000242,34,223,-189
227000243,358,40,318
227000245,9,178,-169
227000246,71,179,-108
227000247,425,40,385
227000248,133,25,108
227000249,20,46,-26
227000250,244,118,126
227000251,41,105,-64
227000252,20,90,-70
227000253,193,11,182
227000262,393,36,357
227000266,1655,18,1637
227000267,23,462,-439
227000282,4,66,-62
227000284,563,21,542
227000286,3,26,-23
227000291,6,184,-178
227000296,106,166,-60
227000484,186,10,176
227000485,15,435,-420
227000655,189,4,185
227000656,510,20,490
227000657,77,4,73
227000704,40,5,35
229000265,12,4,8
229000266,1,0,1
229000267,9,0,9
229000268,10,0,10
229000269,22,0,22
229000274,0,23,-23
229000275,0,19,-19
229000276,0,18,-18
229000277,0,2,-2
229000278,1,6,-5
229000295,11,19,-8
229000296,8,12,-4
229000297,4,19,-15
229000298,10,89,-79
229000320,13,5,8
229000321,19,11,8
229000412,12,52,-40
229000414,8,26,-18
229000415,12,3,9
229000416,1,3,-2
229000417,1,7,-6
229000419,69,262,-193
229000440,295,70,225
229000442,25,8,17
229000443,11,5,6
229000444,2,23,-21
229000445,90,9,81
229000446,110,9,101
229000491,7,18,-11
229000492,10,35,-25
229000493,8,50,-42
229000494,53,1,52
229000495,132,2,130
229000496,120,1,119
229000507,0,39,-39
229000508,0,23,-23
229000509,1,54,-53
229000510,2,17,-15
229000511,6,27,-21
229000512,1,25,-24
229000513,0,3,-3
229000514,0,3,-3
229000517,3,6,-3
229000518,18,11,7
229000519,3,4,-1
229000520,16,31,-15
229000521,63,15,48
229000522,18,8,10
229000523,8,2,6
229000524,2,2,0
229000527,0,0,0
229000528,0,0,0
229000529,7,0,7
229000530,120,1,119
229000531,57,1,56
229000532,17,1,16
229000533,46,1,45
229000534,45,1,44
229000564,99,1,98
229000565,47,0,47
229000566,0,5,-5
229000567,0,11,-11
229000582,87,6,81
229000583,13,1,12
229000584,0,12,-12
229000585,1,48,-47
229000718,0,3,-3
229000719,0,3,-3
229000720,0,18,-18
229000721,0,11,-11
229000722,0,5,-5
229000723,0,3,-3
229000724,0,2,-2
229000725,0,4,-4
229000738,5,0,5
229000739,1,0,1
229000740,7,0,7
229000741,29,0,29
229000742,10,0,10
229000743,29,0,29
229000744,2,0,2
229000745,2,0,2
229000746,21,2,19
229000847,53,0,53
229000848,17,0,17
229000849,103,1,102
229000851,60,0,60
229000854,0,7,-7
229000856,2,32,-30
229000857,0,14,-14
229000858,0,29,-29
229000919,8,27,-19
229000930,2,169,-167
229000937,71,4,67
229000966,43,53,-10
229000981,20,17,3
229000985,25,31,-6
229000986,3,6,-3
229000987,0,2,-2
229000988,4,6,-2
229000989,11,9,2
229000990,0,2,-2
229000991,1,2,-1
229000992,15,5,10
229000993,161,14,147
229000998,14,39,-25
229000999,76,14,62
229001034,1,7,-6
229001035,0,4,-4
229001036,5,33,-28
229001037,60,4,56
229001038,0,11,-11
229001039,1,0,1
229001040,1,36,-35
229001041,49,2,47
229001042,41,10,31
229001047,18,23,-5
229001050,33,14,19
229001168,0,11,-11
229001200,22,6,16
229001338,1,12,-11
229001394,186,2,184
229001422,104,15,89
229001423,28,68,-40
229001431,49,29,20
229001432,31,53,-22
229001444,258,54,204
229001445,38,95,-57
229001479,43,4,39
229001503,226,75,151
229001504,116,40,76
229001505,128,15,113
229001506,70,57,13
229001509,44,5,39
229001510,5,28,-23
229001545,103,5,98
229001546,7,45,-38
229001553,105,10,95
229001554,36,51,-15
229001630,51,7,44
229001631,9,19,-10
229001635,0,16,-16
229001636,2,1,1
229001658,0,76,-76
229001659,52,1,51
229001660,10,3,7
229001661,8,31,-23
229001662,9,0,9
229001663,0,6,-6
229002584,223,185,38
229002831,114,78,36
229002841,10,21,-11
229002842,39,12,27
229002843,72,27,45
229002844,25,35,-10
229002845,13,97,-84
229002846,27,17,10
229002847,1,10,-9
229002848,14,18,-4
229002849,2,92,-90
229002850,14,1,13
229002851,35,172,-137
229002852,228,15,213
229002853,134,19,115
229002854,55,50,5
229002855,4,31,-27
229002856,34,14,20
229002857,9,119,-110
229002858,19,13,6
229002859,31,104,-73
229002860,195,24,171
229002861,32,26,6
229002862,17,13,4
229002863,30,9,21
229002864,25,25,0
229002865,5,12,-7
229002866,34,24,10
229002867,1,28,-27
229002868,13,10,3
229002869,16,135,-119
229002870,70,25,45
235000066,40,5,35
235000067,139,31,108
235000072,54,219,-165
235000073,17,64,-47
235000074,12,7,5
235000080,11,28,-17
235000081,95,49,46
235000082,185,17,168
235000083,329,27,302
235000084,55,20,35
235000085,194,19,175
235000089,4,1,3
235000092,11,18,-7
235000093,7,6,1
235000097,3,5,-2
235000098,39,10,29
235000099,4,2,2
235000115,40,60,-20
235000116,23,17,6
235000117,300,19,281
235000133,3,381,-378
235000134,7,110,-103
235000206,13,10,3
235000207,1,3,-2
235000208,0,1,-1
235000209,0,0,0
235000210,7,0,7
235000212,3,4,-1
235000213,0,2,-2
235000220,0,1,-1
235000221,29,8,21
235000238,7,162,-155
235000239,0,52,-52
235000242,354,924,-570
235000245,248,127,121
235000246,8,49,-41
235000284,5,89,-84
235000295,64,10,54
235000305,307,13,294
235000306,331,10,321
235000307,12,3,9
235000308,26,1,25
235000309,67,0,67
235000310,43,1,42
235000311,39,24,15
235000322,1,67,-66
235000323,0,33,-33
235000324,3,10,-7
235000325,2,8,-6
235000326,7,79,-72
235000351,8,55,-47
235000352,14,31,-17
235000353,2,21,-19
235000354,13,59,-46
235000355,16,83,-67
235000356,80,4,76
235000357,45,2,43
235000358,25,4,21
235000359,11,3,8
235000360,58,13,45
235000361,45,5,40
235000381,69,52,17
235000382,203,14,189
235000390,3,1,2
235000391,182,6,176
235000392,176,281,-105
235000393,139,156,-17
235000395,156,49,107
235000396,623,72,551
235000399,113,21,92
235000400,88,31,57
235000401,3,74,-71
235000402,9,39,-30
235000405,38,110,-72
235000406,26,95,-69
235000407,20,39,-19
235000409,86,41,45
235000410,10,21,-11
235000411,2,19,-17
235000485,0,5,-5
235000486,4,1,3
235000549,102,54,48
235000550,97,76,21
235000599,96,26,70
235000600,3,9,-6
235000601,13,13,0
235000602,45,19,26
235000614,0,2,-2
235000648,2,9,-7
235000649,22,7,15
235000685,0,0,0
235000815,10,128,-118
235000834,0,9,-9
235000855,63,20,43
235000862,41,54,-13
235000891,1,7,-6
235000892,18,0,18
235000901,59,19,40
235000907,9,6,3
235001010,135,32,103
235001029,39,36,3
235001030,321,171,150
235001078,76,66,10
235001079,45,29,16
235001147,3,55,-52
235001166,10,23,-13
235001167,34,16,18
235001169,18,259,-241
235001188,0,3,-3
235001189,1,2,-1
235001197,3,5,-2
235001200,62,27,35
235001208,5,6,-1
235001209,0,9,-9
235001210,2,17,-15
235001239,1,11,-10
235001244,0,1,-1
235016267,0,52,-52
235900013,0,7,-7
235900014,4,4,0
241900007,40,0,40
277101746,0,2,-2
277102712,8,1,7
277103813,0,0,0
277103814,0,0,0
277103898,0,3,-3
990010990,23,71,-48
990011530,0,169,-169
990014944,0,225,-225
990015176,32,11,21
990015618,0,98,-98
990015888,22,23,-1
990016032,0,225,-225
990032570,5,287,-282
990070001,56,0,56
990070103,0,4,-4
990070601,0,44,-44
990070751,1346,1,1345
990070766,0,162,-162
990071180,509,180,329
990071343,11,0,11
990071387,0,9,-9
990071823,454,0,454
990072600,5,1291,-1286
990072964,0,259,-259
990073285,0,1,-1
990074393,2,462,-460
990074714,25,12,13
990074870,1613,15,1598
990075106,756,3,753
990075746,563,6,557
990076437,1793,6,1787
990076458,0,192,-192
997000007,227,5,222
997000041,0,222,-222
997000058,43,1,42
997000062,18,1,17
997000069,0,3,-3
997000070,0,15,-15
997000100,56,1,55
997000141,2,783,-781
997000198,5,572,-567
998000475,0,5,-5
998000736,0,102,-102
998000965,0,9,-9
998001031,0,46,-46
998001072,131,102,29
998001091,4,2,2
998001093,3,5,-2
998001103,0,6,-6
998001105,1,4,-3
998001700,0,21,-21
998001899,0,1,-1
998001900,1,0,1
998003073,839,29,810
998003124,15,12,3
998003125,33,52,-19
998101900,0,0,0
998102850,6,358,-352
998501819,0,0,0
998501820,0,3,-3
998501832,40,23,17
998501927,445,903,-458
998501929,84,4,80
998501930,51,0,51
998501931,111,18,93
998501932,1,0,1
998501933,61,2,59
998501937,13,0,13
998501944,0,0,0
998501950,0,1,-1
998501970,64,1,63
998501971,11,44,-33
998501972,336,14,322
998501973,0,22,-22
998501974,6,109,-103
998501975,68,4,64
998501976,88,36,52
998501977,0,21,-21
998501978,3,0,3
998501979,0,2,-2
998501980,38,1,37
998501981,28,0,28
998501982,0,128,-128
998502006,0,0,0
998502024,0,7,-7
998502032,0,4,-4
998502062,17,0,17
998502063,0,0,0
998502173,5,0,5
998502269,0,2,-2
998601159,0,52,-52
998601292,0,6,-6
999033574,0,54,-54
999800001,55,8,47
999800002,0,3,-3
999800003,2,5,-3
999800004,0,3,-3
999800005,0,8,-8
