ID,insum,outsum,diff
100000001,750,1158,-408
100000002,4391,3257,1134
100000003,5182,6670,-1488
100000004,762,1315,-553
100000005,2537,5497,-2960
100000006,581,265,316
100000007,2390,978,1412
100000008,224,555,-331
100000009,766,331,435
100000010,191,119,72
100000011,804,167,637
100000012,209,1072,-863
100000013,439,366,73
100000014,516,312,204
100000015,1554,2699,-1145
100000016,693,1208,-515
100000017,697,822,-125
100000018,1210,728,482
100000019,4079,2427,1652
100000020,1805,7076,-5271
100000021,5705,2765,2940
100000022,1139,3656,-2517
100000023,6763,2051,4712
100000025,776,1926,-1150
100000028,1013,1252,-239
100000029,146,563,-417
100000030,153,76,77
100000031,3394,6565,-3171
100000032,1822,4338,-2516
100000033,1109,3538,-2429
100000034,220,952,-732
100000035,1076,1882,-806
100000036,1325,1713,-388
100000037,714,470,244
100000038,2344,1313,1031
100000039,497,1530,-1033
100000040,267,174,93
100000041,1613,536,1077
100000042,1168,478,690
100000043,864,464,400
100000044,279,881,-602
100000045,446,1059,-613
100000046,542,958,-416
100000047,291,1187,-896
100000048,645,762,-117
100000049,1501,1321,180
100000051,393,782,-389
100000053,123,7,116
100000054,349,52,297
100000055,741,295,446
100000056,511,686,-175
100000057,2407,789,1618
100000058,944,1001,-57
100000059,12,171,-159
100000060,454,294,160
100000061,2724,784,1940
100000062,2260,637,1623
100000063,996,286,710
100000064,1809,351,1458
100000065,330,682,-352
100000066,180,559,-379
100000067,458,611,-153
100000068,469,1076,-607
100000069,305,936,-631
100000072,197,776,-579
100000073,1106,982,124
100000075,757,213,544
100000076,2105,3906,-1801
100000077,208,370,-162
100000078,30,42,-12
100000079,39,50,-11
100000080,17,49,-32
100000081,119,269,-150
100000102,3076,3783,-707
100000103,1976,2101,-125
100000104,4210,3629,581
100000105,1588,2574,-986
100000106,2291,3245,-954
100000107,394,1783,-1389
100000108,554,808,-254
100000109,1622,1292,330
100000116,926,1106,-180
100000117,84,159,-75
100000118,950,1681,-731
100000119,649,1056,-407
100000121,920,472,448
100000122,1898,1355,543
100000123,1757,3561,-1804
100000124,4068,5966,-1898
100000125,3729,1880,1849
100000126,559,537,22
100000127,1436,418,1018
100000128,1757,2995,-1238
100000129,367,674,-307
100000130,480,419,61
100000131,1552,2774,-1222
100000132,858,2948,-2090
100000133,2848,2256,592
100000135,607,1389,-782
100000139,328,592,-264
100000140,279,365,-86
100000142,638,515,123
100000143,814,355,459
100000144,3679,603,3076
100000147,1206,3824,-2618
100000150,75,506,-431
100000151,961,1848,-887
100000153,273,516,-243
100000154,48,411,-363
100000155,18,69,-51
100000156,472,574,-102
100000157,446,222,224
100000158,324,134,190
100000159,254,631,-377
100000165,1051,850,201
100000169,110,1455,-1345
100000174,340,1118,-778
100000179,65,557,-492
100000180,3112,11929,-8817
100000181,860,468,392
100000188,95,874,-779
100000189,1159,932,227
100000190,654,1707,-1053
100000191,757,844,-87
100000192,30,75,-45
100000193,298,250,48
100000330,849,1083,-234
100000355,219,1411,-1192
100000362,3357,1995,1362
100000363,5741,5217,524
100000364,108,296,-188
100000365,6163,10051,-3888
100000366,3234,2454,780
100000367,5111,8162,-3051
100000368,3168,1254,1914
100000369,879,2826,-1947
100000370,239,1257,-1018
100000376,72,156,-84
100000379,1924,1866,58
100000380,5128,6123,-995
100000384,5660,7098,-1438
100000385,2510,4596,-2086
100000386,5067,6837,-1770
100000387,3614,6499,-2885
100000388,3951,8021,-4070
100000389,5099,7547,-2448
100000390,6107,7678,-1571
100000391,4764,9945,-5181
100000392,2404,5247,-2843
100000393,2157,6248,-4091
100000394,5062,10365,-5303
100000395,3898,5709,-1811
100000396,5840,4484,1356
100000397,4144,8945,-4801
100000398,8816,7313,1503
100900002,12,14,-2
100900003,342,210,132
100900004,38,2227,-2189
100900005,116,18,98
100900006,40,111,-71
100900007,247,24,223
100900008,4,308,-304
100900009,54,247,-193
100900010,97,49,48
100900011,171,136,35
100900012,1,96,-95
100900013,1230,13,1217
100900014,3,10,-7
100900015,72,89,-17
100900016,4,30,-26
100900017,1322,73,1249
100900018,0,15,-15
100900019,36,168,-132
100900020,363,10,353
100900021,486,4,482
100900022,16,48,-32
100900023,0,46,-46
100900024,453,1,452
100900025,10,11,-1
100900026,128,86,42
100900027,436,2869,-2433
100900028,127,234,-107
100900029,57,8,49
100900030,7,99,-92
100900031,763,48,715
100900032,313,1,312
100900033,379,259,120
100900034,743,6,737
100900035,319,2,317
100900036,21,5,16
100900037,150,177,-27
100900038,154,73,81
100900039,208,307,-99
100900040,569,477,92
100900041,1012,451,561
100900042,1958,1642,316
100900043,0,12,-12
100900044,1495,568,927
100900045,110,2,108
100900046,1305,12,1293
100900047,1126,257,869
100900048,148,118,30
100900049,86,113,-27
100900050,2,17,-15
100900051,57,167,-110
100900052,416,55,361
100900053,665,25,640
100900054,16,34,-18
100900055,330,883,-553
100900056,71,93,-22
100900057,1599,1476,123
100900058,248,60,188
100900059,108,9,99
100900060,230,6,224
100900061,345,191,154
100900062,13,22,-9
100900063,258,819,-561
100900064,671,26,645
100900065,95,158,-63
100900066,165,247,-82
100900067,37,11,26
100900068,117,75,42
100900069,1046,13,1033
100900070,445,6,439
100900071,587,251,336
100900072,4,26,-22
100900073,155,297,-142
100900074,20,9,11
100900075,2278,326,1952
100900076,6,39,-33
100900077,51,65,-14
100900078,111,298,-187
100900079,18,15,3
100900080,98,267,-169
100900081,10,213,-203
100900082,171,337,-166
100900083,8,11,-3
100900085,38,283,-245
100900086,193,888,-695
100900088,154,249,-95
100900089,13,8,5
100900090,88,574,-486
100900091,3,20,-17
100900092,194,351,-157
100900093,260,339,-79
100900094,205,254,-49
100900095,4,22,-18
100900096,165,132,33
100900097,0,5,-5
100900098,33,18,15
100900099,29,425,-396
100900100,11,796,-785
100900101,216,36,180
100900102,42,153,-111
100900103,8,27,-19
100900104,8,205,-197
100900105,32,587,-555
100900106,30,5,25
100900107,1677,870,807
100900108,8,78,-70
100900109,22,28,-6
100900110,2,19,-17
100900111,17,228,-211
100900112,3,29,-26
100900113,19,28,-9
100900114,16,10,6
100900115,13,28,-15
100900116,1319,694,625
100900117,319,1206,-887
100900118,92,115,-23
100900119,11,8,3
100900120,7,16,-9
100900121,796,597,199
100900122,80,147,-67
100900123,119,125,-6
100900124,0,11,-11
100900125,13,46,-33
100900126,175,144,31
100900127,7,12,-5
100900128,204,166,38
100900129,1,257,-256
100900131,74,238,-164
100900133,65,36,29
100900134,2,4,-2
100900135,3,338,-335
100900137,313,216,97
100900138,358,512,-154
100900139,6,4,2
100900140,3,342,-339
100900141,7,708,-701
100900142,0,17,-17
100900143,647,456,191
100900144,14,5,9
100900145,92,239,-147
100900146,2,56,-54
100900147,28,520,-492
100900148,26,343,-317
100900149,41,214,-173
100900150,9,37,-28
100900151,150,435,-285
100900152,924,24,900
100900153,10,204,-194
100900154,35,118,-83
100900155,14,13,1
100900156,94,5,89
100900157,10,399,-389
100900158,1391,116,1275
100900159,7,83,-76
100900160,21,8,13
100900161,100,8,92
100900162,19,531,-512
100900163,199,140,59
100900164,67,36,31
100900165,10,24,-14
100900166,230,1,229
100900167,26,59,-33
100900168,28,188,-160
100900169,95,1290,-1195
100900170,47,5,42
100900171,10,361,-351
100900172,4,36,-32
100900173,10,203,-193
100900174,139,36,103
100900176,2014,238,1776
100900177,528,451,77
100900178,292,170,122
100900179,282,477,-195
100900180,2,3,-1
100900181,208,112,96
100900182,227,44,183
100900184,26,268,-242
100900186,559,429,130
100900187,23,68,-45
100900188,40,10,30
100900189,2751,221,2530
100900191,755,1311,-556
100900192,221,422,-201
100900195,111,124,-13
100900197,46,20,26
100900198,34,230,-196
100900199,1,9,-8
100900200,888,343,545
100900201,128,591,-463
100900202,62,0,62
100900203,1,315,-314
100900204,642,4177,-3535
100900205,159,679,-520
100900206,260,118,142
100900207,320,170,150
100900210,156,379,-223
100900211,919,192,727
100900213,509,53,456
100900214,636,104,532
100900215,13,36,-23
101000001,2659,2448,211
101000002,7806,9752,-1946
101000003,409,1303,-894
101000004,7082,6615,467
101000005,4709,5613,-904
101000006,6113,7484,-1371
101000007,4216,4711,-495
101000008,2398,2160,238
101000009,2286,774,1512
101000010,888,646,242
101000011,1159,375,784
101000012,754,663,91
101000013,734,1122,-388
101000014,463,551,-88
101000015,1686,924,762
101000016,435,498,-63
101000017,487,401,86
101000018,2226,2440,-214
101000020,2525,950,1575
101000021,826,368,458
101000022,183,150,33
101000023,1617,734,883
101000025,339,379,-40
101000026,267,68,199
101000027,3061,4029,-968
101000028,336,88,248
101000029,302,2424,-2122
101000030,1637,228,1409
101000031,740,1670,-930
101000032,5443,6105,-662
101000033,2618,4479,-1861
101000034,1407,2282,-875
101000035,862,437,425
101000036,1845,1233,612
101000037,1976,2449,-473
101000039,2704,3762,-1058
101000040,2697,5541,-2844
101000041,5069,10974,-5905
101000042,353,1629,-1276
101000043,5132,11281,-6149
101000045,969,1361,-392
101000046,2317,2993,-676
101000047,1884,6898,-5014
101000048,692,625,67
101000049,746,3127,-2381
101000050,2115,3284,-1169
101000051,1483,3759,-2276
101000052,1484,1554,-70
101000053,1585,1536,49
101000054,2873,1235,1638
101000055,1146,1621,-475
101000056,27,129,-102
101000057,1298,1529,-231
101000058,1085,1563,-478
101000059,2448,2455,-7
101000060,1989,873,1116
101000061,900,1502,-602
101000062,561,831,-270
101000063,484,1312,-828
101000064,769,1142,-373
101000065,247,636,-389
101000066,826,1234,-408
101000067,918,1218,-300
101000068,248,697,-449
101000069,210,89,121
101000070,705,1288,-583
101000071,2357,1192,1165
101000072,670,3917,-3247
101000073,838,1260,-422
101000074,4378,4415,-37
101000075,2969,6754,-3785
101000077,1862,1470,392
101000078,928,1490,-562
101000079,1750,891,859
101000080,1309,1022,287
101000081,1750,1672,78
101000082,2325,2337,-12
101000083,2717,2314,403
101000084,1131,658,473
101000085,1573,1115,458
101000086,1059,1129,-70
101000087,742,849,-107
101000088,1587,1247,340
101000089,1176,1666,-490
101000090,1740,1003,737
101000091,464,638,-174
101000092,1306,733,573
101000093,1390,701,689
101000094,1152,1000,152
101000095,601,605,-4
101000096,401,407,-6
101000097,625,821,-196
101000098,459,1091,-632
101000099,758,1750,-992
101000100,795,1657,-862
101000101,273,385,-112
101000102,979,685,294
101000103,717,694,23
101000104,347,750,-403
101000105,369,826,-457
101000106,801,1520,-719
101000107,344,417,-73
101000108,512,206,306
101000109,584,79,505
101000110,32,266,-234
101000111,169,315,-146
101000113,380,662,-282
101000114,6980,13213,-6233
101000115,122,151,-29
101000116,100,106,-6
101000117,2753,477,2276
101000119,80,96,-16
101000120,167,79,88
101000121,45,79,-34
101000122,117,196,-79
101000123,46,164,-118
101000124,1518,430,1088
101000125,164,329,-165
101000128,351,1161,-810
101000130,166,275,-109
101000131,993,378,615
101000132,897,1036,-139
101000135,27,53,-26
101000136,267,246,21
101000137,31,407,-376
101000141,1160,4333,-3173
101000147,571,304,267
101000148,619,46,573
101000149,383,1018,-635
101000150,97,350,-253
101000151,308,39,269
101000152,285,245,40
101000153,315,199,116
101000154,321,636,-315
101000155,446,166,280
101000156,10,339,-329
101000157,64,73,-9
101000160,68,38,30
101000163,219,450,-231
101000164,355,213,142
101000165,332,344,-12
101000166,289,284,5
101000168,866,384,482
101000252,2322,989,1333
101000254,143,216,-73
101000258,65,16,49
101000261,157,76,81
101000262,1916,3338,-1422
101000263,631,1633,-1002
101000265,105,1003,-898
101000266,330,370,-40
101000269,21,15,6
101000290,1022,3016,-1994
101000293,46,64,-18
101000294,813,518,295
101000295,148,295,-147
101000301,515,557,-42
101000304,2492,2704,-212
101000305,2771,1202,1569
101900001,40,54,-14
101900002,0,4,-4
101900003,31,85,-54
101900004,3,63,-60
101900005,2013,2958,-945
101900006,1635,110,1525
101900007,989,334,655
101900008,91,211,-120
101900009,70,418,-348
101900010,587,663,-76
101900011,153,985,-832
101900012,357,159,198
101900013,487,194,293
101900017,12,154,-142
101900018,647,280,367
101900019,153,119,34
101900020,138,75,63
101900021,1,58,-57
101900022,182,568,-386
101900023,119,113,6
102000001,3732,5112,-1380
102000002,2528,781,1747
102000003,3009,7302,-4293
102000004,4871,2466,2405
102000005,1397,2795,-1398
102000006,817,1673,-856
102000007,1923,5252,-3329
102000008,4100,1644,2456
102000009,8041,9649,-1608
102000010,4165,3555,610
102000011,4317,3294,1023
102000012,2967,2914,53
102000018,2379,2834,-455
102000019,3480,1812,1668
102000026,218,553,-335
102000029,212,172,40
102000030,157,359,-202
102000031,106,113,-7
102000032,670,246,424
102000033,253,344,-91
102000034,539,407,132
102000035,2805,710,2095
102000036,19,295,-276
102000037,177,29,148
102000038,146,421,-275
102000039,177,87,90
102000040,271,341,-70
102000041,125,433,-308
102000042,201,421,-220
102000043,204,254,-50
102000044,319,431,-112
102000045,797,707,90
102000046,1420,620,800
102000047,707,788,-81
102000048,525,685,-160
102000049,1115,807,308
102000050,982,1091,-109
102000051,434,640,-206
102000052,1032,709,323
102000053,954,986,-32
102000054,864,1366,-502
102000055,1672,371,1301
102000056,1185,643,542
102000057,1457,561,896
102000058,1080,1037,43
102000059,1518,1285,233
102000060,1143,900,243
102000061,1911,1465,446
102000062,2139,977,1162
102000063,1109,1179,-70
102000064,577,716,-139
102000065,65,259,-194
102000066,923,698,225
102000067,2113,2727,-614
102000068,11615,2588,9027
102000069,133,3471,-3338
102000070,1194,47,1147
102000071,6114,7923,-1809
102000072,3330,3927,-597
102000073,1307,1456,-149
102000074,772,1622,-850
102000075,105,400,-295
102000076,214,411,-197
102000077,704,438,266
102000078,1024,484,540
102000079,217,233,-16
102000080,247,243,4
102000081,424,891,-467
102000082,603,449,154
102000083,819,208,611
102000084,370,208,162
102000085,4745,887,3858
102000086,1298,971,327
102000087,1248,1568,-320
102000088,270,315,-45
102000089,1446,398,1048
102000090,460,1047,-587
102000091,1353,734,619
102000092,337,608,-271
102000093,480,680,-200
102000094,793,694,99
102000095,866,1278,-412
102000096,596,805,-209
102000097,711,783,-72
102000098,407,702,-295
102000099,911,1051,-140
102000100,356,1204,-848
102000101,594,734,-140
102000102,251,1299,-1048
102000103,1649,394,1255
102000104,595,316,279
102000105,326,443,-117
102000106,780,445,335
102000107,1404,368,1036
102000108,650,224,426
102000109,584,357,227
102000110,1046,661,385
102000111,7,258,-251
102000112,129,78,51
102000113,14,25,-11
102000114,539,331,208
102000115,272,268,4
102000116,441,653,-212
102000117,189,904,-715
102000118,1013,1412,-399
102000119,1190,1333,-143
102000120,229,414,-185
102000121,1279,576,703
102000122,732,887,-155
102000123,1233,1190,43
102000124,1599,1160,439
102000125,751,895,-144
102000126,769,657,112
102000127,1476,614,862
102000128,795,759,36
102000129,1748,606,1142
102000130,827,848,-21
102000131,1781,1060,721
102000132,721,1629,-908
102000133,2424,1308,1116
102000134,1065,717,348
102000135,1779,921,858
102000136,2681,649,2032
102000137,608,2085,-1477
102000138,230,623,-393
102000139,172,1594,-1422
102000140,212,2016,-1804
102000141,495,4493,-3998
102000142,321,343,-22
102000143,232,237,-5
102000144,398,242,156
102000145,346,336,10
102000146,492,506,-14
102000147,558,419,139
102000148,166,511,-345
102000149,196,239,-43
102000150,526,75,451
102000151,94,195,-101
102000152,207,96,111
102000153,958,616,342
102000154,232,531,-299
102000155,54,304,-250
102000156,264,137,127
102000157,82,439,-357
102000158,192,345,-153
102000159,727,710,17
102000161,1920,1984,-64
102000162,140,125,15
102000163,106,545,-439
102000164,835,1013,-178
102000165,252,145,107
102000166,112,163,-51
102000167,269,185,84
102000168,345,148,197
102000169,79,443,-364
102000170,367,243,124
102000171,185,212,-27
102000172,163,442,-279
102000173,423,239,184
102000174,77,37,40
102000175,112,111,1
102000176,62,23,39
102000178,352,283,69
102000179,685,169,516
102000180,1050,349,701
102000181,877,366,511
102000182,660,320,340
102000183,2014,1173,841
102000184,1968,568,1400
102000185,2858,942,1916
102000186,1473,1094,379
102000187,956,994,-38
102000188,1289,1164,125
102000189,1584,575,1009
102000190,583,2401,-1818
102000191,1171,445,726
102000192,1400,1562,-162
102000193,68,84,-16
102000194,60,87,-27
102000195,500,351,149
102000196,225,258,-33
102000197,776,225,551
102000198,190,443,-253
102000199,1181,224,957
102000200,287,692,-405
102000201,1232,347,885
102000202,2,53,-51
102000203,485,136,349
102000204,649,464,185
102000205,1271,275,996
102000206,794,375,419
102000207,646,416,230
102000208,425,316,109
102000209,72,64,8
102000210,459,213,246
102000211,536,180,356
102000212,416,7,409
102000213,3,178,-175
102000214,366,10,356
102000215,5,185,-180
102000216,106,81,25
102000217,5,68,-63
102000218,321,198,123
102000219,259,148,111
102000225,426,503,-77
102000226,3053,2270,783
102000227,150,1,149
102000228,0,59,-59
102000229,65,61,4
102000230,335,235,100
102000231,317,325,-8
102000232,29,144,-115
102000233,465,719,-254
102000234,114,1014,-900
102000236,277,93,184
102000237,424,111,313
102000238,152,214,-62
102000240,455,755,-300
102000241,736,165,571
102000243,21,38,-17
102000245,5,92,-87
102000246,15,39,-24
102000247,260,366,-106
102000248,261,610,-349
102000249,116,107,9
102000250,99,261,-162
102000254,173,167,6
102000266,40,1102,-1062
102000271,12,0,12
102000286,378,372,6
102000297,2061,877,1184
102000301,0,3,-3
102000303,0,0,0
102000305,0,0,0
102000306,0,0,0
102000307,0,5,-5
102000308,0,2,-2
102900001,1231,571,660
102900002,426,50,376
102900003,68,122,-54
102900005,458,197,261
102900006,558,99,459
102900007,625,12,613
102900008,201,46,155
102900009,556,324,232
102900010,232,938,-706
102900011,1226,442,784
102900012,383,69,314
102900013,44,42,2
102900015,579,510,69
102900016,65,62,3
102900017,188,329,-141
102900018,57,67,-10
102900019,426,380,46
102900020,166,19,147
102900021,22,52,-30
102900022,372,179,193
102900023,18,64,-46
102900024,42,40,2
102900025,143,101,42
102900026,368,1951,-1583
102900027,66,71,-5
102900028,220,866,-646
102900029,125,254,-129
102900030,430,343,87
102900031,292,88,204
102900032,108,71,37
102900033,106,186,-80
102900034,527,67,460
102900035,153,172,-19
102900036,317,288,29
102900037,455,239,216
102900038,460,283,177
102900039,12,566,-554
102900040,171,209,-38
102900041,122,126,-4
102900042,205,198,7
102900043,230,134,96
102900044,573,1291,-718
102900045,155,342,-187
102900046,154,163,-9
102900047,142,429,-287
102900048,513,322,191
102900049,123,276,-153
102900050,202,221,-19
102900051,157,181,-24
102900052,53,60,-7
102900053,254,485,-231
102900054,495,1128,-633
102900055,119,252,-133
102900056,132,336,-204
102900057,12,48,-36
102900058,451,91,360
102900059,26,62,-36
102900060,100,331,-231
102900061,212,261,-49
102900062,297,391,-94
102900063,1372,293,1079
102900064,112,443,-331
102900065,902,406,496
102900066,322,14,308
102900068,77,85,-8
102900070,268,1045,-777
102900072,8,42,-34
102900073,110,8,102
102900074,177,215,-38
102900075,30,62,-32
102900076,105,179,-74
102900077,57,47,10
102900078,26,69,-43
102900079,195,2,193
102900080,484,56,428
102900081,71,237,-166
102900082,12,175,-163
102900083,135,15,120
102900084,13,39,-26
102900085,391,159,232
102900086,18,54,-36
102900087,143,95,48
102900088,89,33,56
102900089,151,98,53
102900090,3,180,-177
102900091,221,3,218
102900092,491,428,63
102900093,284,214,70
102900094,4,159,-155
102900095,165,5,160
102900096,79,14,65
102900097,22,46,-24
103000001,2333,2092,241
103000002,2118,2456,-338
103000003,3201,3056,145
103000004,804,584,220
103000005,1729,2710,-981
103000006,725,1283,-558
103000007,456,576,-120
103000008,1169,545,624
103000009,1544,1011,533
103000010,117,48,69
103000011,1459,1065,394
103000012,1714,1439,275
103000013,2695,1544,1151
103000014,1388,2694,-1306
103000015,1321,539,782
103000016,482,1353,-871
103000017,227,421,-194
103000018,698,233,465
103000019,385,300,85
103000020,1793,1143,650
103000021,1736,1673,63
103000022,621,769,-148
103000023,648,1866,-1218
103000024,80,128,-48
103000025,106,763,-657
103000026,731,93,638
103000027,257,589,-332
103000028,266,328,-62
103000029,135,243,-108
103000030,1364,1223,141
103000031,1020,2096,-1076
103000032,2076,1391,685
103000033,2700,2489,211
103000034,1269,1034,235
103000035,501,1242,-741
103000036,319,443,-124
103000037,508,501,7
103000038,500,961,-461
103000039,529,281,248
103000040,573,487,86
103000041,1677,1403,274
103000042,1400,361,1039
103000043,583,637,-54
103000044,324,146,178
103000046,477,439,38
103000047,591,451,140
103000048,238,161,77
103000049,91,96,-5
103000050,720,312,408
103000051,743,422,321
103000052,705,245,460
103000053,205,374,-169
103000054,2770,1219,1551
103000055,1782,1689,93
103000056,815,1012,-197
103000057,915,175,740
103000058,658,676,-18
103000059,649,566,83
103000060,707,357,350
103000061,461,768,-307
103000062,1162,414,748
103000063,963,768,195
103000064,147,123,24
103000065,0,264,-264
103000066,228,9,219
103000069,419,195,224
103000070,1030,641,389
103000071,1387,545,842
103000072,161,435,-274
103000073,730,103,627
103000074,777,99,678
103000075,105,386,-281
103000076,425,479,-54
103000077,35,215,-180
103000078,843,688,155
103000079,381,615,-234
103000080,689,398,291
103000081,392,1157,-765
103000082,454,186,268
103000083,165,230,-65
103000084,116,11,105
103000085,4,114,-110
103000086,542,446,96
103000087,185,559,-374
103000088,185,333,-148
103000089,306,474,-168
103000090,2555,998,1557
103000091,634,493,141
103000092,262,187,75
103000093,319,358,-39
103000094,215,71,144
103000095,71,293,-222
103000096,491,59,432
103000097,65,722,-657
103000098,591,179,412
103000099,215,647,-432
103000100,182,479,-297
103000101,924,97,827
103000102,136,358,-222
103000103,712,154,558
103000104,66,59,7
103000105,199,69,130
103000106,15,100,-85
103000107,188,42,146
103000108,686,488,198
103000109,384,391,-7
103000110,523,570,-47
103000111,392,379,13
103000112,278,224,54
103000113,501,548,-47
103000114,1144,478,666
103000115,697,447,250
103000116,724,348,376
103000117,431,348,83
103000118,437,380,57
103000119,804,420,384
103000120,54,126,-72
103000121,231,437,-206
103000122,370,708,-338
103000125,17,133,-116
103000126,651,1,650
103000127,5,103,-98
103000128,152,1,151
103000129,4,98,-94
103000130,67,45,22
103000131,149,102,47
103000132,51,163,-112
103000133,24,87,-63
103000134,309,995,-686
103000135,456,184,272
103000136,556,453,103
103000137,412,517,-105
103000138,525,550,-25
103000139,8,64,-56
103000140,117,33,84
103000141,21,128,-107
103000142,123,84,39
103000143,55,123,-68
103000144,176,47,129
103000145,28,261,-233
103000150,134,45,89
103000152,171,173,-2
103000153,224,166,58
103000156,23,194,-171
103000157,440,3,437
103000159,120,63,57
103000162,55,31,24
103000163,13,42,-29
103000164,25,10,15
103000165,78,145,-67
103000166,221,275,-54
103000167,185,77,108
103000168,137,143,-6
103000169,201,435,-234
103000170,971,251,720
103000171,44,79,-35
103000172,797,512,285
103000173,715,233,482
103000174,262,247,15
103000175,326,169,157
103000176,769,600,169
103000177,443,387,56
103000178,140,263,-123
103000179,255,22,233
103000183,211,15,196
103000185,146,35,111
103000186,208,73,135
103000187,803,171,632
103000188,12,71,-59
103000189,742,578,164
103000191,536,571,-35
103000292,666,1542,-876
103000293,813,2974,-2161
103000295,74,92,-18
103000296,283,4,279
103000297,59,119,-60
103000504,116,15,101
103000505,13,27,-14
103000506,1,121,-120
103000507,206,0,206
103000508,69,69,0
103000509,232,449,-217
103900001,32,120,-88
103900002,743,131,612
103900003,1041,224,817
103900004,197,0,197
103900005,1,106,-105
103900006,7,4,3
103900007,91,1,90
103900008,6,1,5
103900009,350,473,-123
103900010,158,273,-115
103900011,523,119,404
103900012,8,24,-16
103900013,72,37,35
103900014,77,11,66
103900015,65,10,55
103900016,217,124,93
103900017,35,40,-5
103900018,362,154,208
103900019,70,385,-315
103900020,207,466,-259
103900021,235,45,190
103900022,873,508,365
103900023,188,1,187
103900024,110,258,-148
103900025,34,32,2
103900026,99,0,99
103900027,870,163,707
103900028,29,249,-220
103900029,1031,111,920
103900030,315,83,232
103900031,59,0,59
103900032,96,61,35
103900033,109,16,93
103900034,50,73,-23
103900035,43,35,8
103900036,47,36,11
103900037,114,77,37
103900038,97,188,-91
103900039,105,134,-29
103900040,19,126,-107
103900041,78,40,38
103900042,113,169,-56
103900043,205,39,166
103900044,77,300,-223
103900045,407,156,251
103900047,107,12,95
103900048,72,40,32
103900049,136,893,-757
103900050,21,142,-121
103900051,0,35,-35
103900052,196,233,-37
103900053,215,330,-115
103900054,135,184,-49
103900055,473,211,262
103900056,49,29,20
103900057,85,97,-12
103900058,338,314,24
103900059,0,27,-27
103900060,59,128,-69
103900061,213,37,176
103900062,509,144,365
103900063,19,1,18
103900064,125,1,124
103900065,567,329,238
103900066,206,25,181
103900067,222,11,211
103900068,9,1,8
103900069,59,22,37
103900070,146,129,17
103900071,12,52,-40
103900072,31,106,-75
103900073,39,47,-8
103900074,102,65,37
103900075,112,26,86
103900076,637,284,353
103900077,39,112,-73
103900078,293,77,216
103900079,154,171,-17
103900080,7,43,-36
103900081,32,21,11
103900082,12,86,-74
103900083,820,1299,-479
103900084,115,178,-63
103900085,55,172,-117
103900086,1039,371,668
103900087,27,74,-47
103900088,356,649,-293
103900089,69,84,-15
103900090,32,71,-39
103900091,942,220,722
103900092,789,375,414
103900093,44,231,-187
103900094,8,61,-53
103900095,319,179,140
103900096,50,99,-49
103900097,20,302,-282
103900098,270,107,163
103900099,112,85,27
103900100,311,155,156
103900101,131,801,-670
103900102,6,18,-12
103900104,4,33,-29
103900105,62,118,-56
103900106,3,213,-210
103900107,156,102,54
103900108,44,154,-110
103900109,138,48,90
103900110,305,31,274
103900111,165,368,-203
103900112,120,155,-35
103900113,123,265,-142
103900114,297,204,93
103900115,324,251,73
103900116,2335,2244,91
103900117,81,27,54
103900119,16,79,-63
103900120,48,57,-9
103900122,122,83,39
103900123,708,568,140
103900124,45,18,27
103900125,120,38,82
103900126,689,250,439
103900127,189,248,-59
103900128,151,69,82
103900131,34,48,-14
103900133,829,48,781
103900134,1,14,-13
103900135,6,4,2
103900137,0,17,-17
103900138,142,66,76
103900139,203,2469,-2266
103900140,8,201,-193
103900141,194,62,132
103900142,250,72,178
103900143,86,1,85
103900144,5,15,-10
103900145,151,206,-55
103900146,296,212,84
103900147,372,106,266
103900148,311,183,128
103900149,387,283,104
103900150,3521,4954,-1433
103900151,28,126,-98
103900152,694,239,455
103900153,11,9,2
103900154,549,1777,-1228
103900155,52,139,-87
103900156,74,76,-2
103900157,94,101,-7
103900158,156,66,90
103900159,234,46,188
103900160,62,43,19
103900161,100,144,-44
103900162,61,97,-36
103900163,17,334,-317
103900164,237,13,224
103900167,25,125,-100
103900168,143,60,83
103900169,41,41,0
103900170,1,75,-74
103900171,2,30,-28
103900172,2,11,-9
103900173,10,16,-6
103900174,225,33,192
103900175,59,110,-51
103900176,10,73,-63
103900177,16,61,-45
103900178,75,27,48
103900179,91,62,29
103900180,20,54,-34
103900181,63,38,25
103900182,39,9,30
103900184,286,110,176
103900185,128,509,-381
103900187,16,80,-64
103900188,33,41,-8
103900189,92,13,79
103900190,116,30,86
103900191,40,52,-12
103900192,33,125,-92
103900193,86,105,-19
103900194,86,144,-58
103900195,8,115,-107
103900196,28,33,-5
103900197,11,24,-13
103900198,23,31,-8
103900199,138,68,70
103900200,150,52,98
103900201,140,170,-30
103900202,19,50,-31
103900203,29,21,8
103900204,1,46,-45
103900207,0,36,-36
103900208,125,1,124
103900209,12,66,-54
103900210,68,22,46
103900211,511,191,320
103900212,151,231,-80
103900213,58,232,-174
103900214,180,159,21
103900215,207,228,-21
103900216,6,463,-457
103900217,382,92,290
103900218,1,225,-224
103900219,211,102,109
103900233,75,3,72
103900235,13,25,-12
103900236,1,5,-4
103900242,1,3,-2
103900243,0,7,-7
103900244,95,78,17
103900245,121,92,29
103900246,51,19,32
103900247,19,48,-29
103900248,8,96,-88
103900249,7,68,-61
103900250,15,30,-15
103900251,1,44,-43
103900253,4,69,-65
103900254,7,9,-2
103900255,3,6,-3
103900256,9,13,-4
103900257,7,88,-81
103900258,21,4,17
103900259,30,4,26
103900261,10,1,9
103900262,1,6,-5
103900263,25,21,4
103900264,46,12,34
103900265,29,7,22
103900266,1,95,-94
103900267,4,37,-33
104000001,2528,2239,289
104000002,1555,1871,-316
104000003,2363,1975,388
104000004,3035,2108,927
104000005,1786,1664,122
104000006,3177,2741,436
104000007,3838,4107,-269
104000008,213,152,61
104000009,255,124,131
104000010,159,297,-138
104000011,307,170,137
104000012,132,213,-81
104000013,258,210,48
104000014,163,377,-214
104000015,315,99,216
104000016,493,242,251
104000018,803,157,646
104000019,546,242,304
104000020,109,296,-187
104000021,251,316,-65
104000022,134,203,-69
104000023,806,318,488
104000024,150,259,-109
104000026,54,217,-163
104000027,233,144,89
104000028,336,180,156
104000029,355,189,166
104000030,255,220,35
104000031,1429,299,1130
104000032,189,191,-2
104000033,739,402,337
104000034,383,157,226
104000035,1120,298,822
104000036,841,417,424
104000037,296,126,170
104000038,569,254,315
104000039,158,120,38
104000040,133,295,-162
104000041,668,193,475
104000042,140,213,-73
104000043,206,192,14
104000044,175,320,-145
104000045,818,594,224
104000046,708,1048,-340
104000047,848,917,-69
104000048,944,931,13
104000049,547,375,172
104000050,179,859,-680
104000051,164,441,-277
104000052,1641,1490,151
104000053,941,405,536
104000054,564,241,323
104000055,3039,1798,1241
104000056,784,203,581
104000057,113,266,-153
104000058,846,656,190
104000059,526,878,-352
104000060,1076,1065,11
104000061,1100,859,241
104000062,319,91,228
104000064,412,232,180
104000065,258,665,-407
104000069,536,1178,-642
104000070,57,448,-391
104000071,118,208,-90
104000072,621,146,475
104000075,99,216,-117
104000076,431,80,351
104000082,2195,2941,-746
104000083,636,175,461
104000084,82,417,-335
104000085,271,285,-14
104000086,230,364,-134
104000087,306,1778,-1472
104000090,862,848,14
104000092,1388,1249,139
104000094,738,910,-172
104000095,1987,1136,851
104000096,1459,110,1349
104000097,1821,520,1301
104000098,2489,535,1954
104000100,1889,453,1436
104000101,1163,1119,44
104000106,43,515,-472
104000107,664,258,406
104000108,198,360,-162
104000109,285,84,201
104000110,674,1038,-364
104000111,2351,2489,-138
104000112,1111,497,614
104000116,3,572,-569
104000117,210,322,-112
104000118,863,156,707
104000119,827,213,614
104000120,312,395,-83
104000121,227,536,-309
104000122,700,756,-56
104000123,746,623,123
104000124,544,1363,-819
104000125,2245,4474,-2229
104000126,451,435,16
104000127,1015,1389,-374
104000128,650,286,364
104000129,140,5,135
104000130,10,361,-351
104000131,232,297,-65
104000132,311,273,38
104000133,1258,888,370
104000134,898,1628,-730
104000135,389,1749,-1360
104000136,631,3331,-2700
104000137,1385,310,1075
104000138,825,469,356
104000139,3552,2324,1228
104000141,799,1179,-380
104000142,604,347,257
104000143,611,310,301
104000144,111,210,-99
104000145,353,176,177
104000146,201,378,-177
104000147,108,202,-94
104000148,379,164,215
104000149,137,158,-21
104000150,964,550,414
104000151,353,287,66
104000152,554,468,86
104000153,710,505,205
104000154,645,412,233
104000155,489,488,1
104000157,992,1201,-209
104000158,377,1087,-710
104000159,818,786,32
104000160,1697,1815,-118
104000161,203,165,38
104000162,69,142,-73
104000165,526,730,-204
104000167,606,1209,-603
104000168,623,5,618
104000169,94,28,66
104000170,268,499,-231
104000248,263,353,-90
104000251,52,139,-87
104000272,0,0,0
104000273,0,0,0
104000274,0,0,0
104000275,0,0,0
104000279,696,460,236
104000290,94,217,-123
104000291,437,840,-403
104000293,754,573,181
104000294,64,0,64
104000295,553,723,-170
104000296,463,696,-233
104000297,731,1700,-969
104000298,2294,865,1429
104000299,567,1229,-662
104900001,130,251,-121
104900002,97,174,-77
104900003,53,196,-143
104900004,101,173,-72
104900005,336,300,36
104900006,437,58,379
104900007,351,194,157
104900009,128,180,-52
104900010,69,48,21
104900011,16,8,8
104900012,201,47,154
104900013,91,13,78
104900014,1656,321,1335
104900015,81,8,73
104900016,236,140,96
104900017,206,142,64
104900018,15,154,-139
104900019,237,3410,-3173
104900020,31,191,-160
104900021,1,84,-83
104900022,14,76,-62
104900023,0,52,-52
104900024,32,70,-38
104900025,79,131,-52
104900026,3,49,-46
104900027,628,297,331
104900028,21,61,-40
104900029,35,73,-38
104900030,496,186,310
104900031,51,156,-105
104900032,41,75,-34
104900033,203,232,-29
104900034,382,142,240
104900035,354,183,171
104900036,198,47,151
104900037,138,138,0
104900038,288,889,-601
104900039,419,525,-106
104900040,462,67,395
104900041,305,124,181
104900042,169,161,8
104900043,26,193,-167
104900044,802,161,641
104900045,465,54,411
104900046,245,86,159
104900047,438,105,333
104900048,349,85,264
104900049,53,40,13
104900050,319,71,248
104900051,332,35,297
104900052,75,1,74
104900053,432,96,336
104900054,178,34,144
104900055,140,4,136
104900056,164,21,143
104900057,55,4,51
104900058,682,760,-78
104900059,177,75,102
104900060,1,344,-343
104900061,146,312,-166
104900063,0,63,-63
104900064,0,88,-88
104900065,1,161,-160
104900066,0,71,-71
104900067,7,203,-196
104900068,22,109,-87
104900070,145,165,-20
104900071,0,363,-363
104900072,31,208,-177
104900073,68,94,-26
104900074,58,151,-93
104900075,50,36,14
104900076,98,187,-89
104900077,618,295,323
104900078,181,276,-95
104900079,110,479,-369
104900080,86,371,-285
104900082,18,258,-240
104900085,6,110,-104
104900087,304,8,296
104900089,337,1,336
104900090,969,707,262
104900091,533,499,34
104900093,157,335,-178
104900097,1663,2240,-577
104900098,178,52,126
104900099,98,574,-476
104900100,228,160,68
104900102,40,90,-50
104900103,449,42,407
104900104,2071,2189,-118
104900106,158,81,77
104900107,116,119,-3
104900108,56,163,-107
104900109,150,177,-27
104900110,13,68,-55
104900111,249,89,160
104900112,254,358,-104
104900113,759,244,515
104900114,450,266,184
104900115,811,291,520
104900116,357,97,260
104900118,19,24,-5
104900119,1,48,-47
104900120,16,217,-201
104900121,0,55,-55
104900122,6,30,-24
104900123,77,13,64
104900124,55,3,52
104900125,395,4,391
104900126,44,20,24
104900127,17,36,-19
104900128,162,146,16
104900129,1044,2345,-1301
105000001,2664,1310,1354
105000002,2268,1410,858
105000003,2833,4127,-1294
105000004,871,761,110
105000005,1172,1197,-25
105000006,1487,1556,-69
105000007,1379,1848,-469
105000008,1386,4086,-2700
105000009,3088,3102,-14
105000010,2423,1298,1125
105000011,4204,3104,1100
105000012,3328,2106,1222
105000013,1057,1172,-115
105000014,2271,2899,-628
105000015,9663,15844,-6181
105000016,1581,1769,-188
105000017,1547,877,670
105000018,936,1389,-453
105000019,1044,919,125
105000020,171,449,-278
105000021,251,91,160
105000022,236,116,120
105000023,446,274,172
105000028,35,68,-33
105000029,675,1380,-705
105000030,3389,1886,1503
105000033,724,1369,-645
105000034,151,1066,-915
105000037,554,194,360
105000038,1726,1657,69
105000039,2257,1584,673
105000040,1058,1529,-471
105000041,661,1272,-611
105000042,3375,2253,1122
105000043,1413,2972,-1559
105000044,901,698,203
105000045,458,538,-80
105000046,1250,389,861
105000047,564,815,-251
105000048,543,156,387
105000049,176,273,-97
105000050,750,333,417
105000051,186,273,-87
105000052,509,631,-122
105000053,120,114,6
105000054,400,690,-290
105000055,968,177,791
105000056,1586,1402,184
105000057,1251,511,740
105000058,1101,818,283
105000059,757,488,269
105000060,385,473,-88
105000061,813,397,416
105000062,599,513,86
105000063,286,308,-22
105000064,1779,647,1132
105000065,306,369,-63
105000066,936,874,62
105000067,1615,634,981
105000068,437,717,-280
105000069,1198,2378,-1180
105000070,427,918,-491
105000071,204,1024,-820
105000072,729,2502,-1773
105000073,860,601,259
105000074,872,577,295
105000075,505,575,-70
105000076,1030,795,235
105000077,2216,1036,1180
105000078,980,1232,-252
105000079,1162,3036,-1874
105000080,2037,1573,464
105000081,2680,1435,1245
105000082,996,2149,-1153
105000083,4009,4430,-421
105000084,512,582,-70
105000085,1661,2402,-741
105000086,627,891,-264
105000087,1387,1941,-554
105000088,1305,1688,-383
105000089,3166,1961,1205
105000090,912,814,98
105000091,1192,1270,-78
105000092,606,682,-76
105000093,290,347,-57
105000094,324,232,92
105000095,98,384,-286
105000096,1219,1055,164
105000097,855,659,196
105000098,1011,644,367
105000099,651,625,26
105000100,1338,855,483
105000101,1835,1905,-70
105000102,2173,1549,624
105000103,1367,2603,-1236
105000104,2288,1020,1268
105000105,959,1409,-450
105000106,1802,1343,459
105000107,1870,866,1004
105000108,2160,1375,785
105000109,2067,1239,828
105000110,948,433,515
105000111,748,408,340
105000112,1267,506,761
105000113,497,664,-167
105000114,1753,1100,653
105000115,316,1140,-824
105000116,900,492,408
105000117,772,455,317
105000118,708,473,235
105000119,672,610,62
105000120,1531,581,950
105000121,899,722,177
105000122,425,585,-160
105000123,818,739,79
105000124,2101,576,1525
105000125,931,1070,-139
105000126,2104,1093,1011
105000127,2109,1459,650
105000128,545,802,-257
105000129,799,256,543
105000130,304,3125,-2821
105000131,648,281,367
105000132,1088,638,450
105000133,537,751,-214
105000134,956,506,450
105000135,434,326,108
105000136,31,58,-27
105000137,367,174,193
105000138,57,82,-25
105000139,926,601,325
105000140,328,348,-20
105000141,313,331,-18
105000142,274,319,-45
105000143,203,404,-201
105000144,216,521,-305
105000145,766,264,502
105000146,373,635,-262
105000147,725,266,459
105000148,1010,517,493
105000149,2652,1848,804
105000150,1435,1145,290
105000151,554,279,275
105000152,157,379,-222
105000153,556,561,-5
105000154,497,416,81
105000155,345,820,-475
105000156,624,515,109
105000157,741,1251,-510
105000158,1739,664,1075
105000159,281,822,-541
105000160,2119,550,1569
105000161,755,538,217
105000162,583,1775,-1192
105000163,800,566,234
105000164,208,190,18
105000165,598,5346,-4748
105000166,3484,1227,2257
105000167,1136,2245,-1109
105000168,501,414,87
105000169,596,253,343
105000170,321,1060,-739
105000171,986,158,828
105000172,155,43,112
105000173,308,68,240
105000174,109,77,32
105000175,92,93,-1
105000176,662,132,530
105000177,394,227,167
105000178,253,242,11
105000179,846,167,679
105000180,216,94,122
105000181,196,157,39
105000182,83,45,38
105000183,1787,2342,-555
105000184,1141,1611,-470
105000185,1417,1200,217
105000186,567,839,-272
105000187,906,230,676
105000188,250,157,93
105000189,218,463,-245
105000190,394,342,52
105000191,455,234,221
105000192,339,46,293
105000193,86,117,-31
105000194,409,82,327
105000195,328,472,-144
105000196,63,235,-172
105000197,281,418,-137
105000198,399,227,172
105000199,167,509,-342
105000200,174,312,-138
105000201,93,33,60
105000203,13,105,-92
105000204,95,59,36
105000205,87,200,-113
105000207,466,184,282
105000208,248,1088,-840
105000209,122,218,-96
105000212,1091,690,401
105000213,156,149,7
105000214,207,168,39
105000215,407,131,276
105000216,138,250,-112
105000217,156,200,-44
105000218,1554,875,679
105000221,149,134,15
105000222,781,314,467
105000223,328,230,98
105000226,128,127,1
105000227,92,85,7
105000228,193,2075,-1882
105000229,137,500,-363
105000231,314,369,-55
105000233,914,637,277
105000234,464,829,-365
105000235,369,508,-139
105000237,803,51,752
105000243,37,76,-39
105000248,83,90,-7
105000262,344,680,-336
105000269,276,188,88
105000270,491,28,463
105000271,0,132,-132
105000282,41,36,5
105000287,304,118,186
105000288,700,315,385
105000289,1855,2053,-198
105000290,70,38,32
105000402,2238,4209,-1971
105000426,434,653,-219
105000438,3224,1588,1636
105000446,8276,4753,3523
105000447,3845,2078,1767
105000454,641,122,519
105000455,183,118,65
105000474,98,2,96
105000477,583,538,45
105000478,2113,5490,-3377
105000479,119,145,-26
105000480,7659,7283,376
105000481,4361,3505,856
105000482,3783,6276,-2493
105000483,1886,2463,-577
105000484,1833,2558,-725
105000485,1649,3604,-1955
105000486,2288,2283,5
105000488,7163,3664,3499
105000489,889,607,282
105000549,155,110,45
105000550,434,1118,-684
105000551,18,87,-69
105000552,1733,1064,669
105900001,13,2574,-2561
105900002,734,750,-16
105900003,11,80,-69
105900004,255,107,148
105900005,8,218,-210
105900006,5,140,-135
105900007,114,42,72
105900008,77,328,-251
105900009,29,17,12
105900011,312,108,204
105900012,551,138,413
105900013,6,41,-35
105900014,12,69,-57
105900015,153,420,-267
105900016,635,448,187
105900017,1593,42,1551
105900018,190,134,56
105900019,71,510,-439
105900020,60,45,15
105900021,47,1546,-1499
105900022,333,201,132
105900023,12,282,-270
105900024,17,367,-350
105900025,352,15,337
105900026,233,19,214
105900027,17350,8645,8705
105900028,953,851,102
105900029,1745,356,1389
105900030,152,261,-109
105900031,301,178,123
105900032,83,132,-49
105900033,85,109,-24
105900034,346,165,181
105900035,250,211,39
105900036,153,130,23
105900037,116,57,59
105900038,167,195,-28
105900039,147,90,57
105900040,52,97,-45
105900041,179,232,-53
105900042,62,145,-83
105900043,1127,77,1050
105900044,1,228,-227
105900045,1,729,-728
105900046,6,224,-218
105900047,31,46,-15
105900048,68,410,-342
105900050,7625,9699,-2074
105900051,50,1146,-1096
105900052,547,305,242
105900053,2694,3661,-967
105900054,311,243,68
105900056,732,464,268
105900057,26,134,-108
105900058,21,13,8
105900059,0,58,-58
106000001,3124,2273,851
106000002,1184,4116,-2932
106000003,2913,3224,-311
106000004,1180,1943,-763
106000005,3838,4489,-651
106000006,4263,2225,2038
106000007,441,464,-23
106000008,402,264,138
106000009,543,354,189
106000010,570,443,127
106000011,1153,986,167
106000012,842,852,-10
106000013,1996,1737,259
106000014,1467,1112,355
106000015,1840,1115,725
106000016,1104,1385,-281
106000017,519,632,-113
106000018,555,326,229
106000019,385,350,35
106000020,360,228,132
106000021,296,360,-64
106000022,356,127,229
106000023,587,254,333
106000024,591,266,325
106000025,113,198,-85
106000026,68,134,-66
106000027,1492,1094,398
106000028,477,220,257
106000029,600,636,-36
106000030,345,490,-145
106000034,157,412,-255
106000035,874,1994,-1120
106000036,119,434,-315
106000037,1457,983,474
106000038,157,97,60
106000039,103,98,5
106000040,111,892,-781
106000041,543,620,-77
106000043,509,229,280
106000046,258,90,168
106000047,31,433,-402
106000049,1091,184,907
106000050,233,487,-254
106000051,754,478,276
106000052,93,410,-317
106000053,439,118,321
106000054,371,252,119
106000055,1067,778,289
106000056,212,230,-18
106000057,421,203,218
106000058,120,143,-23
106000059,429,197,232
106000060,264,364,-100
106000061,207,443,-236
106000062,140,425,-285
106000063,723,484,239
106000064,32,256,-224
106000065,373,280,93
106000066,98,235,-137
106000067,477,108,369
106000068,33,448,-415
106000069,302,65,237
106000070,426,555,-129
106000071,988,278,710
106000072,1875,1275,600
106000073,1240,3078,-1838
106000074,501,552,-51
106000075,255,1162,-907
106000076,1451,1693,-242
106000077,2759,1029,1730
106000078,1159,620,539
106000079,684,641,43
106000080,1141,457,684
106000081,685,845,-160
106000082,2017,587,1430
106000083,411,1232,-821
106000084,1150,538,612
106000085,1177,1381,-204
106000086,611,789,-178
106000087,794,523,271
106000088,353,604,-251
106000089,976,278,698
106000090,250,457,-207
106000091,238,337,-99
106000092,561,216,345
106000093,283,121,162
106000094,78,232,-154
106000095,793,589,204
106000096,815,477,338
106000097,1110,485,625
106000098,732,634,98
106000099,249,763,-514
106000100,1489,184,1305
106000101,1720,324,1396
106000102,299,687,-388
106000103,322,416,-94
106000104,916,270,646
106000105,517,402,115
106000106,701,253,448
106000107,145,170,-25
106000108,333,187,146
106000109,152,126,26
106000110,299,169,130
106000111,155,178,-23
106000112,242,511,-269
106000113,516,400,116
106000114,335,607,-272
106000115,162,267,-105
106000116,285,175,110
106000117,883,391,492
106000118,1141,1379,-238
106000119,929,599,330
106000120,858,1347,-489
106000121,158,125,33
106000122,167,96,71
106000123,544,83,461
106000124,64,115,-51
106000125,20,153,-133
106000126,295,73,222
106000127,881,491,390
106000128,659,113,546
106000129,388,371,17
106000130,834,242,592
106000131,119,562,-443
106000132,457,133,324
106000133,1187,929,258
106000134,386,2130,-1744
106000135,155,363,-208
106000136,549,954,-405
106000137,49,390,-341
106000138,1151,65,1086
106000139,50,62,-12
106000140,60,34,26
106000141,120,32,88
106000142,79,56,23
106000143,27,35,-8
106000144,26,51,-25
106000145,288,146,142
106000146,379,100,279
106000147,335,290,45
106000148,369,525,-156
106000149,592,241,351
106000150,498,1658,-1160
106000151,2767,724,2043
106000152,992,1797,-805
106000153,89,1732,-1643
106000154,930,155,775
106000155,140,221,-81
106000156,1293,241,1052
106000157,494,1376,-882
106000158,2121,812,1309
106000159,1847,1740,107
106000160,436,2776,-2340
106000161,1198,221,977
106000162,292,897,-605
106000163,360,212,148
106000164,467,221,246
106000165,203,281,-78
106000166,846,252,594
106000167,344,541,-197
106000168,643,177,466
106000169,308,367,-59
106000170,798,182,616
106000171,215,776,-561
106000172,3007,1105,1902
106000173,985,1762,-777
106000174,1267,306,961
106000175,285,468,-183
106000176,1930,752,1178
106000177,878,1562,-684
106000178,3266,1182,2084
106000179,828,1255,-427
106000180,777,785,-8
106000181,983,1368,-385
106000182,1600,536,1064
106000183,1548,434,1114
106000184,2393,480,1913
106000185,1368,1163,205
106000186,633,130,503
106000187,232,908,-676
106000188,0,1,-1
106000189,11,40,-29
106000190,26,5,21
106000191,597,146,451
106000192,3,14,-11
106000193,361,222,139
106000194,148,438,-290
106000195,752,330,422
106000196,244,721,-477
106000197,547,316,231
106000198,173,169,4
106000199,563,882,-319
106000200,235,248,-13
106000201,418,3424,-3006
106000202,2158,538,1620
106000203,18,99,-81
106000204,91,6,85
106000205,5,95,-90
106000206,81,19,62
106000207,34,340,-306
106000208,1468,134,1334
106000209,1667,287,1380
106000210,242,579,-337
106000211,252,852,-600
106000212,972,475,497
106000213,378,1749,-1371
106000214,1654,649,1005
106000215,237,362,-125
106000216,385,254,131
106000217,206,236,-30
106000218,426,282,144
106000219,131,186,-55
106000220,508,195,313
106000221,185,148,37
106000222,96,67,29
106000223,307,92,215
106000224,260,86,174
106000225,65,130,-65
106000226,84,137,-53
106000228,91,64,27
106000229,76,413,-337
106000231,838,77,761
106000232,46,212,-166
106000233,514,71,443
106000234,83,233,-150
106000235,522,115,407
106000236,123,67,56
106000237,3,9,-6
106000238,46,30,16
106000239,10,71,-61
106000240,44,3,41
106000241,13,405,-392
106000242,195,37,158
106000249,50,40,10
106000250,71,548,-477
106000251,140,43,97
106000252,21,64,-43
106000253,65,97,-32
106000254,52,30,22
106000255,20,122,-102
106000256,43,39,4
106000257,177,182,-5
106000258,227,13,214
106000259,2,52,-50
106000260,17,6,11
106000261,8,35,-27
106000262,50,5,45
106000263,10,31,-21
106000264,281,8,273
106000265,8,107,-99
106000266,96,20,76
106000267,2,74,-72
106000268,353,38,315
106000269,36,37,-1
106000270,133,314,-181
106000271,75,109,-34
106000272,162,30,132
106000273,7,183,-176
106000274,149,35,114
106000275,204,288,-84
106000276,112,25,87
106000277,93,212,-119
106000278,114,36,78
106000279,10,9,1
106000280,64,31,33
106000281,77,38,39
106000282,46,46,0
106000283,119,41,78
106000284,92,71,21
106000285,109,59,50
106000286,131,106,25
106000287,119,42,77
106000288,109,78,31
106000289,62,49,13
106000290,49,56,-7
106000291,63,66,-3
106000292,64,48,16
106000293,116,78,38
106000294,93,75,18
106000295,43,54,-11
106000296,34,68,-34
106000297,58,198,-140
106000298,92,69,23
106000299,50,91,-41
106000300,60,82,-22
106000301,64,80,-16
106000303,33,59,-26
106000304,19,20,-1
106000305,44,51,-7
106000306,27,36,-9
106000307,45,17,28
106000308,17,65,-48
106000309,23,29,-6
106000310,326,330,-4
106000311,400,146,254
106000312,96,90,6
106000313,203,148,55
106000318,41,421,-380
106000319,972,230,742
106000320,3,92,-89
106000321,213,154,59
106000322,136,68,68
106000324,19,82,-63
106000325,1785,888,897
106000326,941,1163,-222
106000327,173,73,100
106000328,34,76,-42
106000329,68,207,-139
106000330,42,85,-43
106000428,89,138,-49
106000429,117,226,-109
106000430,315,936,-621
106000431,2270,338,1932
106000432,1159,1785,-626
106000433,2658,1210,1448
106000434,3065,1461,1604
106000435,889,1718,-829
106000436,9,116,-107
106000437,327,44,283
106000438,458,237,221
106000439,81,338,-257
106000440,296,426,-130
106000441,3,0,3
106000442,121,8,113
106000443,153,163,-10
106000450,4,89,-85
106000451,27,79,-52
106000454,5,74,-69
106000455,1,80,-79
106000456,84,23,61
106000457,23,467,-444
106000458,1077,82,995
106000459,171,187,-16
106000460,1694,20,1674
106000461,120,484,-364
106000462,2,32,-30
106000463,1,12,-11
106000464,4,215,-211
106000465,765,2,763
106000466,8,335,-327
106000467,167,291,-124
106000468,122,139,-17
106000469,112,0,112
106000470,230,1642,-1412
106000471,15,310,-295
106000472,154,14,140
106000473,56,7,49
106000474,239,245,-6
106000475,290,165,125
106000476,85,199,-114
106000477,18,16,2
106900001,0,5,-5
106900002,1,245,-244
106900003,135,1320,-1185
106900004,0,16,-16
106900006,0,8,-8
106900007,0,12,-12
106900008,381,131,250
106900009,470,182,288
106900010,217,185,32
106900012,1041,2689,-1648
106900013,815,171,644
106900014,30,4,26
106900015,20,1,19
106900016,299,14,285
106900017,25,2,23
106900018,7,1,6
106900019,96,2,94
106900020,2309,1650,659
106900021,220,124,96
106900022,878,10,868
106900023,49,169,-120
106900024,931,72,859
106900025,52,851,-799
106900026,1,255,-254
106900027,1009,0,1009
107000001,3878,5573,-1695
107000002,2156,3821,-1665
107000003,7503,6780,723
107000004,4212,3160,1052
107000005,6229,5871,358
107000006,3617,2311,1306
107000007,6523,10972,-4449
107000008,7594,6007,1587
107000009,9393,8651,742
107000010,7662,6486,1176
107000011,842,1012,-170
107000012,3006,1981,1025
107000013,81,82,-1
107000014,50,170,-120
107000015,469,623,-154
107000016,858,501,357
107000017,3749,7718,-3969
107000018,67,5956,-5889
107000020,2728,5847,-3119
107000021,1377,459,918
107000022,928,3284,-2356
107000023,2017,212,1805
107000024,835,1286,-451
107000025,285,334,-49
107000026,499,318,181
107000027,1578,1091,487
107000028,1652,816,836
107000029,3833,3370,463
107000030,3101,2074,1027
107000031,5061,2766,2295
107000032,482,738,-256
107000033,2057,3535,-1478
107000034,7106,1236,5870
107000035,358,225,133
107000036,1734,1223,511
107000037,98,678,-580
107000038,222,235,-13
107000039,1067,803,264
107000040,218,205,13
107000041,1520,775,745
107000042,697,2056,-1359
107000043,2051,993,1058
107000044,404,701,-297
107000045,71,299,-228
107000046,810,455,355
107000047,430,656,-226
107000048,597,333,264
107000049,624,665,-41
107000050,981,475,506
107000051,234,257,-23
107000052,1103,874,229
107000053,382,231,151
107000054,66,196,-130
107000055,153,93,60
107000056,434,677,-243
107000057,1324,186,1138
107000058,2110,2310,-200
107000059,1753,2633,-880
107000060,5246,5019,227
107000061,4844,3028,1816
107000062,5905,2640,3265
107000063,4029,3452,577
107000064,4955,2798,2157
107000065,4880,3531,1349
107000066,2028,3927,-1899
107000067,1279,1377,-98
107000068,1299,884,415
107000069,1055,685,370
107000070,1063,7,1056
107000071,4001,72,3929
107000072,31,1662,-1631
107000073,1085,454,631
107000074,126,614,-488
107000075,2135,521,1614
107000076,486,969,-483
107000077,4226,1423,2803
107000078,1900,2023,-123
107000079,3319,1195,2124
107000080,896,2127,-1231
107000081,2467,560,1907
107000082,546,860,-314
107000083,1708,467,1241
107000084,377,924,-547
107000085,2857,2927,-70
107000086,3131,2806,325
107000087,3357,1872,1485
107000088,3390,3070,320
107000089,1770,1665,105
107000090,1226,846,380
107000091,1713,734,979
107000092,856,672,184
107000093,1378,793,585
107000094,839,812,27
107000095,1007,600,407
107000096,533,552,-19
107000097,414,386,28
107000098,317,279,38
107000099,445,359,86
107000100,296,443,-147
107000101,76,137,-61
107000102,150,295,-145
107000103,243,162,81
107000104,173,253,-80
107000105,428,110,318
107000106,191,165,26
107000107,541,152,389
107000108,130,345,-215
107000109,780,169,611
107000110,93,383,-290
107000111,460,39,421
107000112,38,181,-143
107000113,662,89,573
107000114,107,323,-216
107000115,652,161,491
107000116,124,509,-385
107000117,171,721,-550
107000118,113,119,-6
107000119,1382,1447,-65
107000120,856,538,318
107000121,1032,533,499
107000122,1037,572,465
107000123,543,454,89
107000124,583,558,25
107000125,1149,439,710
107000126,923,446,477
107000127,27,336,-309
107000129,201,135,66
107000130,297,279,18
107000131,557,409,148
107000132,663,413,250
107000133,502,234,268
107000134,286,3,283
107000135,1,357,-356
107000136,700,13,687
107000137,13,429,-416
107000138,241,39,202
107000139,26,629,-603
107000140,1405,137,1268
107000141,146,593,-447
107000142,444,100,344
107000143,78,415,-337
107000144,589,477,112
107000145,124,380,-256
107000146,172,317,-145
107000147,3735,809,2926
107000150,568,3260,-2692
107000151,53,94,-41
107000152,334,1651,-1317
107000153,89,333,-244
107000154,118,290,-172
107000155,953,28,925
107000156,1303,27,1276
107000157,107,831,-724
107000158,664,17,647
107000159,40,466,-426
107000160,1471,190,1281
107000161,92,655,-563
107000162,282,659,-377
107000163,320,5,315
107000164,888,3,885
107000165,1530,7,1523
107000166,27,588,-561
107000167,745,161,584
107000168,1104,585,519
107000169,756,598,158
107000170,3171,810,2361
107000171,697,1108,-411
107000172,1336,1629,-293
107000173,607,501,106
107000174,1323,6707,-5384
107000175,4850,1174,3676
107000176,2,1,1
107000177,22,0,22
107000178,23,14,9
107000179,306,1243,-937
107000180,1682,239,1443
107000181,394,631,-237
107000182,2083,673,1410
107000183,170,587,-417
107000184,1202,462,740
107000185,550,977,-427
107000186,1479,410,1069
107000187,1402,1052,350
107000188,710,449,261
107000189,657,881,-224
107000190,757,509,248
107000191,720,712,8
107000192,1776,552,1224
107000193,390,465,-75
107000194,732,482,250
107000197,959,327,632
107000198,325,548,-223
107000199,1050,572,478
107000200,735,644,91
107000201,420,327,93
107000202,307,439,-132
107000203,1264,1285,-21
107000204,1387,1407,-20
107000205,2113,1030,1083
107000206,946,1780,-834
107000207,758,1201,-443
107000208,1256,699,557
107000209,1507,1442,65
107000210,392,205,187
107000211,4,62,-58
107000212,51,262,-211
107000213,5,31,-26
107000214,39,155,-116
107000215,521,228,293
107000216,523,1047,-524
107000217,186,91,95
107000219,141,198,-57
107000220,193,148,45
107000222,264,507,-243
107000224,933,104,829
107000225,306,308,-2
107000226,847,78,769
107000227,104,140,-36
107000228,251,467,-216
107000229,60,131,-71
107000230,855,424,431
107000231,1017,1777,-760
107000232,102,25,77
107000233,711,961,-250
107000234,1,77,-76
107000235,221,10,211
107000236,11,561,-550
107000237,65,0,65
107000238,30,2,28
107000239,3827,469,3358
107000240,41,771,-730
107000241,104,14,90
107000242,305,28,277
107000243,0,41,-41
107000244,10,57,-47
107000246,3,939,-936
107000249,2,1012,-1010
107000251,1,340,-339
107000252,0,555,-555
107000255,210,133,77
107000257,4,332,-328
107000258,1,157,-156
107000259,4,99,-95
107000260,1789,37,1752
107000262,9,264,-255
107000263,495,11,484
107000266,7,21,-14
107000267,46,82,-36
107000268,103,68,35
107000269,132,8,124
107000270,53,19,34
107000271,25,79,-54
107000272,35,25,10
107000273,17,481,-464
107000274,3517,1868,1649
107000275,110,5075,-4965
107000280,1076,34,1042
107000281,57,359,-302
107000282,82,500,-418
107000290,21,34,-13
107000291,25,13,12
107000292,1,339,-338
107000293,108,8,100
107000294,2,65,-63
107000295,75,6,69
107000296,0,6,-6
107000444,336,4,332
107000496,3,4,-1
107000497,1382,1391,-9
107000500,344,225,119
107000501,96,110,-14
107000502,183,160,23
107000505,251,581,-330
107000506,1,27,-26
107000508,3,339,-336
107000509,228,625,-397
107000510,40,40,0
107000514,67,429,-362
107000515,8,89,-81
107000516,479,284,195
107000518,1326,1967,-641
107000519,1016,623,393
107000520,116,45,71
107900001,193,151,42
107900002,92,10,82
107900003,308,18,290
107900004,196,2,194
107900005,1626,13,1613
107900006,247,8,239
107900007,469,38,431
107900008,46,20,26
107900009,289,11,278
107900010,44,7,37
107900012,297,51,246
107900013,190,4,186
107900014,57,12,45
107900015,1271,9,1262
107900016,450,104,346
107900017,45,3,42
107900018,104,230,-126
107900019,17,21,-4
107900020,170,17,153
107900021,112,53,59
107900023,6,4,2
107900024,0,6,-6
107900025,243,165,78
107900026,60,27,33
107900027,38,76,-38
107900028,109,48,61
107900030,195,31,164
107900031,60,49,11
107900032,25,8,17
107900033,20,7,13
107900034,415,16,399
107900035,1133,48,1085
107900036,69,33,36
107900037,0,5,-5
107900038,108,313,-205
107900039,49,26,23
107900040,29,172,-143
107900041,1,3,-2
107900043,60,78,-18
107900044,20,14,6
107900045,159,60,99
107900046,185,172,13
107900047,18,6,12
107900048,220,11,209
107900049,274,1562,-1288
107900050,69,198,-129
107900051,105,41,64
107900052,25,30,-5
107900053,64,56,8
107900055,795,312,483
107900056,154,77,77
107900057,0,0,0
107900058,37,451,-414
107900060,25,213,-188
107900061,8,13,-5
107900063,79,105,-26
107900064,342,267,75
107900065,334,14,320
107900066,44,3,41
107900067,0,0,0
107900068,132,668,-536
107900069,23,2572,-2549
107900070,205,127,78
107900071,36,486,-450
107900072,108,70,38
107900073,205,86,119
107900074,342,276,66
107900076,157,37,120
107900077,64,3,61
107900078,283,64,219
107900079,21,31,-10
107900080,241,735,-494
107900081,54,81,-27
107900082,10,4,6
107900083,345,166,179
107900084,135,125,10
107900086,95,232,-137
107900087,357,165,192
107900088,63,4,59
107900089,256,1097,-841
107900090,2289,2972,-683
107900091,135,224,-89
107900092,1189,308,881
107900093,92,48,44
107900095,2202,2230,-28
107900097,67,69,-2
107900098,75,173,-98
107900100,696,1517,-821
107900101,625,139,486
107900102,32,10,22
107900103,39,129,-90
107900104,232,0,232
107900105,0,151,-151
107900106,4,457,-453
107900107,2146,542,1604
107900108,137,146,-9
107900109,1765,46,1719
107900110,73,47,26
107900111,3,395,-392
107900112,75,390,-315
107900113,255,45,210
107900114,220,81,139
107900115,2,24,-22
107900116,268,93,175
107900117,328,225,103
107900118,50,82,-32
107900119,84,277,-193
107900120,52,33,19
107900121,1,160,-159
107900122,4,253,-249
107900123,10,97,-87
107900124,13,40,-27
107900125,19,150,-131
107900126,12,51,-39
107900127,592,343,249
107900128,77,70,7
107900129,81,24,57
107900130,78,28,50
107900131,357,420,-63
107900132,92,214,-122
107900133,2,68,-66
107900134,47,121,-74
107900135,11,144,-133
107900136,34,43,-9
107900137,138,125,13
107900138,75,31,44
107900139,70,38,32
107900140,77,67,10
107900141,47,33,14
107900142,62,350,-288
107900143,82,8,74
107900144,1,111,-110
107900145,7,42,-35
107900146,60,135,-75
107900147,57,44,13
107900148,99,119,-20
107900149,496,160,336
107900150,50,311,-261
107900151,36,57,-21
107900152,5,115,-110
107900153,88,345,-257
107900154,72,20,52
107900155,89,59,30
107900156,6,118,-112
107900157,51,33,18
107900158,1027,27,1000
107900159,26,514,-488
107900160,166,134,32
107900161,44,89,-45
107900162,1,154,-153
107900163,79,53,26
107900164,21,28,-7
107900165,35,170,-135
107900166,29,83,-54
107900167,16,35,-19
107900168,49,24,25
107900169,3,85,-82
107900171,2,614,-612
107900172,4,195,-191
107900173,42,82,-40
107900174,166,6,160
107900175,81,77,4
107900176,48,23,25
107900177,1,383,-382
107900178,16,85,-69
107900179,16,85,-69
107900180,307,746,-439
107900181,366,289,77
107900182,1,480,-479
107900183,58,124,-66
107900184,174,181,-7
107900185,187,5,182
107900186,46,43,3
107900187,1,97,-96
107900188,398,135,263
107900189,35,68,-33
107900190,39,148,-109
107900191,93,85,8
107900193,4,45,-41
107900194,279,18,261
107900195,1042,286,756
107900196,113,64,49
107900197,448,466,-18
107900199,2,395,-393
107900201,91,75,16
107900203,20,52,-32
107900204,141,255,-114
107900205,256,314,-58
107900206,1065,347,718
107900207,0,297,-297
107900208,9,299,-290
107900209,207,106,101
107900210,83,65,18
107900213,693,601,92
107900214,13,57,-44
107900215,141,385,-244
107900216,161,53,108
107900217,36,100,-64
107900218,19,3600,-3581
107900219,54,46,8
107900220,134,210,-76
107900221,115,178,-63
107900223,153,332,-179
107900224,94,392,-298
107900225,3,609,-606
107900226,99,62,37
107900227,124,284,-160
107900228,23,78,-55
107900229,2,163,-161
107900230,13,41,-28
107900231,24,120,-96
107900232,120,77,43
107900233,4,77,-73
107900234,146,83,63
107900235,25,184,-159
107900236,156,37,119
107900237,33,243,-210
107900238,44,77,-33
107900239,404,741,-337
107900240,31,65,-34
107900241,16,51,-35
107900242,38,114,-76
107900243,0,54,-54
107900244,319,3,316
107900245,844,55,789
107900246,604,28,576
107900248,533,193,340
107900249,1073,73,1000
107900250,1,301,-300
107900251,40,724,-684
107900252,1285,37,1248
107900253,228,11,217
107900254,68,341,-273
107900255,156,94,62
107900256,1656,3426,-1770
107900257,277,140,137
107900258,114,191,-77
107900259,81,2622,-2541
107900261,0,175,-175
107900262,64,91,-27
107900264,475,9,466
107900265,174,249,-75
107900267,295,7,288
107900268,8,1,7
107900269,0,3,-3
107900270,0,0,0
107900271,0,10,-10
107900272,21,9,12
107900273,67,84,-17
107900274,124,0,124
107900275,59,0,59
107900276,0,74,-74
107900277,2,137,-135
107900278,400,255,145
107900279,71,146,-75
107900280,2045,1922,123
107900281,616,3467,-2851
107900282,38,614,-576
107900283,696,673,23
107900284,663,422,241
107900285,145,36,109
107900286,84,77,7
107900287,331,203,128
107900290,0,185,-185
107900291,582,22,560
107900292,116,90,26
107900293,74,233,-159
107900295,66,23,43
107900297,3,302,-299
107900298,654,587,67
107900299,2037,2546,-509
107900300,106,320,-214
107900301,606,796,-190
107900302,104,28,76
107900303,332,156,176
107900304,402,274,128
107900305,428,8,420
107900306,27,43,-16
107900307,35,204,-169
107900308,151,163,-12
107900309,96,2,94
107900310,438,8,430
107900311,4,1020,-1016
107900312,111,0,111
107900313,0,235,-235
107900314,1,61,-60
107900315,1,62,-61
107900316,70,1,69
107900317,73,10,63
107900318,14,140,-126
107900319,5,97,-92
107900320,2,119,-117
107900321,172,0,172
107900322,0,78,-78
107900323,8,104,-96
107900324,115,2,113
107900325,96,0,96
107900326,413,181,232
107900327,0,51,-51
107900328,91,0,91
107900329,73,129,-56
107900330,12,196,-184
107900331,291,17,274
107900332,304,6,298
107900333,95,23,72
107900334,7,77,-70
107900335,52,40,12
107900336,51,75,-24
107900337,611,988,-377
107900338,5,154,-149
107900339,0,14,-14
107900340,1,42,-41
107900341,77,0,77
107900342,86,66,20
107900343,39,2,37
107900344,9,90,-81
107900345,82,18,64
107900346,27,1,26
107900347,33,3,30
107900348,13,0,13
107900349,30,8,22
107900350,34,220,-186
108000001,3359,3510,-151
108000002,1552,1777,-225
108000003,3713,3693,20
108000004,9810,10887,-1077
108000005,8926,6590,2336
108000006,5800,6414,-614
108000007,5643,3767,1876
108000008,3684,4854,-1170
108000009,4393,4576,-183
108000010,2618,3166,-548
108000011,12687,12188,499
108000012,11283,11149,134
108000014,652,1164,-512
108000015,774,207,567
108000016,283,661,-378
108000017,1062,326,736
108000018,1818,690,1128
108000019,1894,1095,799
108000020,1263,463,800
108000021,312,1630,-1318
108000022,384,1082,-698
108000023,1221,255,966
108000024,265,317,-52
108000025,347,299,48
108000026,768,229,539
108000027,815,346,469
108000028,680,195,485
108000029,514,319,195
108000030,678,187,491
108000031,190,528,-338
108000032,1864,654,1210
108000033,802,749,53
108000034,2112,461,1651
108000035,697,1409,-712
108000036,319,668,-349
108000037,2019,398,1621
108000038,2916,538,2378
108000039,484,1240,-756
108000040,2155,944,1211
108000041,711,1599,-888
108000042,362,161,201
108000043,194,190,4
108000044,707,132,575
108000045,341,230,111
108000046,1619,250,1369
108000047,443,632,-189
108000048,205,289,-84
108000049,909,250,659
108000050,89,291,-202
108000051,338,150,188
108000052,175,366,-191
108000053,514,234,280
108000054,410,857,-447
108000055,1090,625,465
108000056,731,1110,-379
108000057,673,1371,-698
108000058,1958,3794,-1836
108000059,2255,1387,868
108000060,229,396,-167
108000061,136,196,-60
108000062,1019,597,422
108000063,522,338,184
108000064,282,246,36
108000065,498,403,95
108000066,1384,716,668
108000067,2042,684,1358
108000068,827,297,530
108000069,201,587,-386
108000070,2098,626,1472
108000071,523,1008,-485
108000072,1878,1073,805
108000073,1115,1155,-40
108000074,693,349,344
108000075,323,545,-222
108000076,963,520,443
108000077,576,493,83
108000078,2580,1078,1502
108000079,679,909,-230
108000080,1633,410,1223
108000081,450,767,-317
108000082,666,1179,-513
108000083,2026,772,1254
108000084,421,709,-288
108000085,931,482,449
108000086,578,508,70
108000087,175,2320,-2145
108000088,215,11,204
108000089,354,379,-25
108000090,572,158,414
108000091,371,354,17
108000092,214,105,109
108000093,187,292,-105
108000094,678,75,603
108000095,186,218,-32
108000096,407,144,263
108000097,135,279,-144
108000098,2239,979,1260
108000099,301,81,220
108000100,75,171,-96
108000101,1677,1434,243
108000102,1581,3538,-1957
108000106,904,0,904
108000107,3,895,-892
108000108,647,56,591
108000109,12,843,-831
108000110,221,279,-58
108000111,157,442,-285
108000112,67,133,-66
108000113,386,191,195
108000115,264,312,-48
108000117,761,548,213
108000118,80,236,-156
108000119,465,215,250
108000120,161,763,-602
108000121,205,263,-58
108000122,649,301,348
108000123,878,128,750
108000124,359,395,-36
108000125,487,197,290
108000126,207,227,-20
108000127,520,235,285
108000128,679,233,446
108000129,390,518,-128
108000130,572,187,385
108000131,900,465,435
108000132,1337,880,457
108000133,1134,449,685
108000134,391,339,52
108000135,1256,457,799
108000136,278,498,-220
108000137,545,157,388
108000138,598,547,51
108000139,538,280,258
108000140,164,28,136
108000141,67,25,42
108000142,68,48,20
108000143,63,17,46
108000144,46,4,42
108000145,56,5,51
108000146,113,16,97
108000147,48,23,25
108000148,106,19,87
108000149,23,13,10
108000150,50,9,41
108000151,22,49,-27
108000152,68,281,-213
108000153,703,120,583
108000154,39,3,36
108000155,23,22,1
108000156,399,110,289
108000157,146,1257,-1111
108000158,77,772,-695
108000159,231,155,76
108000160,1557,1043,514
108000161,1721,2915,-1194
108000165,2,224,-222
108000172,1,352,-351
108000173,1153,2087,-934
108000175,376,104,272
108000178,285,330,-45
108000179,154,1065,-911
108000181,73,20,53
108000182,92,19,73
108000183,41,17,24
108000184,591,2370,-1779
108000185,240,176,64
108000186,239,34,205
108000187,100,207,-107
108000188,721,147,574
108000189,356,1354,-998
108000190,31,78,-47
108000192,215,298,-83
108000193,588,33,555
108000194,23,9,14
108000195,2,673,-671
108000196,289,184,105
108000198,458,159,299
108000199,0,283,-283
108000200,530,218,312
108000202,1,402,-401
108000203,125,238,-113
108000204,164,64,100
108000205,143,225,-82
108000339,959,346,613
108000364,74,237,-163
108000365,58,269,-211
108000367,110,211,-101
108000368,12,52,-40
108000369,477,178,299
108000371,3,480,-477
108000372,549,3,546
108000373,237,179,58
108000376,98,44,54
108000377,541,135,406
108000378,9369,10401,-1032
108000379,25,178,-153
108000381,77,21,56
108000382,47,0,47
108000383,0,129,-129
108900001,69,512,-443
108900002,176,49,127
108900003,200,438,-238
108900004,124,475,-351
108900005,63,490,-427
108900006,788,184,604
108900007,368,168,200
108900008,176,127,49
108900009,129,122,7
108900010,359,141,218
108900011,796,291,505
108900012,571,323,248
108900013,197,220,-23
108900014,27,77,-50
108900015,0,133,-133
108900016,4,218,-214
108900017,351,415,-64
108900018,153,320,-167
108900019,55,482,-427
108900020,47,105,-58
108900021,148,163,-15
108900022,105,14,91
108900023,0,21,-21
108900024,31,44,-13
108900025,190,80,110
108900026,21,109,-88
108900027,0,41,-41
108900028,123,165,-42
108900029,63,187,-124
108900030,0,31,-31
108900031,142,227,-85
108900032,6,121,-115
108900033,5,114,-109
108900034,0,103,-103
108900035,249,686,-437
108900036,187,197,-10
108900037,71,182,-111
108900038,0,169,-169
108900039,0,219,-219
108900040,9,71,-62
108900041,3617,3430,187
108900042,7,402,-395
108900043,75,350,-275
108900044,3,229,-226
108900045,81,276,-195
108900046,29,394,-365
108900047,0,57,-57
108900048,87,422,-335
108900049,1653,1448,205
108900050,0,106,-106
108900051,0,88,-88
108900052,18,112,-94
108900053,54,231,-177
108900054,78,136,-58
108900055,39,367,-328
108900056,0,84,-84
108900057,0,107,-107
108900058,31,210,-179
108900059,547,66,481
108900060,78,136,-58
108900061,69,30,39
108900062,6,157,-151
108900063,34,147,-113
108900064,314,26,288
108900065,23,91,-68
108900066,490,165,325
108900067,24,101,-77
108900068,0,61,-61
108900069,81,55,26
108900070,47,59,-12
108900071,144,46,98
108900072,1706,530,1176
108900073,8,28,-20
108900074,242,133,109
108900075,32,39,-7
108900076,502,42,460
108900077,79,95,-16
108900078,67,82,-15
108900079,519,145,374
108900080,41,1027,-986
108900081,42,196,-154
108900082,101,61,40
108900083,20,308,-288
108900084,339,181,158
108900085,1285,150,1135
108900086,132,130,2
108900087,62,139,-77
108900088,991,362,629
108900089,37,177,-140
108900090,79,125,-46
108900091,112,44,68
108900092,548,252,296
108900093,156,106,50
108900094,253,94,159
108900095,31,182,-151
108900096,232,9,223
108900097,323,132,191
108900098,1210,1030,180
108900099,458,120,338
108900100,88,92,-4
108900101,206,262,-56
108900102,87,1149,-1062
108900103,95,143,-48
108900104,96,274,-178
108900105,5,1498,-1493
108900106,471,161,310
108900108,412,68,344
108900109,62,46,16
108900110,252,247,5
108900111,427,330,97
108900112,334,57,277
108900113,38,74,-36
108900114,0,4,-4
108900115,142,64,78
108900116,79,20,59
108900117,241,10,231
108900118,689,23,666
108900119,433,38,395
108900120,170,193,-23
108900121,433,157,276
108900122,178,31,147
108900123,189,116,73
108900124,544,213,331
108900125,567,5,562
108900126,101,63,38
108900127,205,21,184
108900128,174,60,114
108900129,913,150,763
108900130,393,7,386
108900131,398,3,395
108900132,543,70,473
108900133,340,71,269
108900134,479,150,329
108900135,231,17,214
108900136,45,1,44
108900137,185,0,185
108900138,885,57,828
108900139,833,127,706
108900140,426,150,276
108900141,482,11,471
108900142,140,15,125
108900143,94,2,92
108900144,126,0,126
108900145,167,8,159
108900146,166,3,163
108900147,233,1,232
108900148,82,27,55
108900149,391,158,233
108900150,243,16,227
108900151,158,18,140
108900152,331,88,243
108900153,179,127,52
108900154,5113,426,4687
108900155,260,62,198
108900156,84,7,77
108900157,59,242,-183
108900158,423,29,394
108900159,2,160,-158
108900160,8,143,-135
108900161,3,242,-239
108900162,178,2,176
108900163,1,304,-303
108900164,51,46,5
108900165,88,53,35
108900167,1004,8426,-7422
108900168,4431,2667,1764
108900169,44,99,-55
108900171,3558,3570,-12
108900172,221,51,170
108900173,159,270,-111
108900174,922,556,366
108900176,169,264,-95
108900177,4986,6459,-1473
108900178,2679,3738,-1059
108900179,559,2148,-1589
108900180,155,267,-112
108900182,76,394,-318
108900183,223,150,73
108900184,545,181,364
108900185,160,299,-139
108900186,83,318,-235
108900187,481,39,442
108900188,909,98,811
108900189,502,107,395
108900190,78,1539,-1461
108900191,195,67,128
108900192,114,174,-60
108900193,250,65,185
108900194,19,454,-435
108900195,71,158,-87
108900196,41,203,-162
108900198,1,261,-260
108900199,244,279,-35
108900200,728,405,323
108900201,482,1100,-618
108900203,503,112,391
108900204,368,20,348
108900205,153,41,112
108900206,459,74,385
108900207,224,117,107
108900208,13,220,-207
108900209,119,356,-237
108900210,179,182,-3
108900211,156,603,-447
108900212,489,1547,-1058
108900215,59,269,-210
108900216,349,337,12
108900217,155,1,154
108900218,99,22,77
108900219,77,24,53
108900220,74,24,50
108900221,38,280,-242
108900222,318,37,281
108900223,6,94,-88
108900224,31,158,-127
108900225,1,121,-120
108900226,364,14,350
108900227,147,385,-238
108900230,173,209,-36
108900231,22,187,-165
108900232,0,165,-165
108900233,605,110,495
108900234,354,121,233
108900235,154,371,-217
108900236,63,312,-249
108900237,68,188,-120
108900240,178,94,84
108900241,56,53,3
108900245,44,1668,-1624
108900249,105,26,79
108900250,329,165,164
108900257,351,253,98
108900258,12,167,-155
108900259,28,31,-3
108900260,4,49,-45
108900261,52,81,-29
108900262,86,97,-11
108900263,33,127,-94
108900264,328,198,130
108900265,2654,766,1888
108900266,437,737,-300
108900267,4,122,-118
108900268,5,18,-13
108900269,94,19,75
108900270,100,17,83
108900271,69,36,33
108900272,258,4,254
108900273,481,2503,-2022
108900274,55,41,14
109000001,2523,1813,710
109000002,970,2035,-1065
109000003,2787,353,2434
109000004,445,1680,-1235
109000005,2433,510,1923
109000006,678,1535,-857
109000007,1709,565,1144
109000008,661,1387,-726
109000009,3489,1149,2340
109000010,961,2846,-1885
109000011,3696,1978,1718
109000012,1825,2221,-396
109000013,4633,3534,1099
109000014,2150,2045,105
109000015,3999,8878,-4879
109000016,4566,2241,2325
109000017,2940,1221,1719
109000018,937,2031,-1094
109000019,2662,1192,1470
109000020,828,1313,-485
109000023,252,19,233
109000024,18,162,-144
109000025,311,556,-245
109000026,402,315,87
109000027,146,344,-198
109000028,104,77,27
109000029,134,236,-102
109000030,51,408,-357
109000031,248,212,36
109000032,96,385,-289
109000033,331,164,167
109000034,61,48,13
109000035,12,56,-44
109000036,88,325,-237
109000037,297,2068,-1771
109000038,401,308,93
109000039,1259,916,343
109000040,3161,12223,-9062
109000041,1626,1774,-148
109000042,441,1256,-815
109000044,491,47,444
109000045,142,277,-135
109000046,398,70,328
109000047,35,362,-327
109000048,754,195,559
109000049,222,486,-264
109000050,428,252,176
109000051,230,190,40
109000052,593,556,37
109000053,242,79,163
109000054,503,301,202
109000055,335,290,45
109000056,396,266,130
109000057,872,433,439
109000058,699,247,452
109000059,479,1327,-848
109000060,262,300,-38
109000061,509,1372,-863
109000062,137,352,-215
109000063,243,130,113
109000064,294,161,133
109000065,288,148,140
109000066,401,58,343
109000067,63,175,-112
109000068,1236,9,1227
109000069,695,34,661
109000070,17,1584,-1567
109000071,417,69,348
109000072,94,280,-186
109000073,74,87,-13
109000074,19,133,-114
109000075,69,269,-200
109000076,84,199,-115
109000077,230,208,22
109000078,50,116,-66
109000079,100,74,26
109000080,148,59,89
109000081,154,193,-39
109000082,726,131,595
109000083,333,310,23
109000088,138,390,-252
109000089,336,60,276
109000090,124,241,-117
109000091,455,235,220
109000092,276,246,30
109000093,305,178,127
109000094,709,4,705
109000095,114,251,-137
109000096,843,215,628
109000097,85,74,11
109000098,42,135,-93
109000099,884,306,578
109000100,314,601,-287
109000101,1913,488,1425
109000102,508,738,-230
109000103,541,477,64
109000104,2280,389,1891
109000105,452,819,-367
109000106,2034,629,1405
109000107,587,1178,-591
109000108,2117,665,1452
109000109,416,1015,-599
109000110,1381,593,788
109000111,835,1601,-766
109000112,341,205,136
109000113,294,158,136
109000114,164,228,-64
109000115,1016,27,989
109000116,3,207,-204
109000117,235,44,191
109000118,12,256,-244
109000119,1604,149,1455
109000120,227,454,-227
109000121,673,26,647
109000122,177,397,-220
109000123,12,34,-22
109000124,784,288,496
109000125,841,198,643
109000126,389,420,-31
109000127,1186,128,1058
109000128,575,658,-83
109000129,3052,711,2341
109000130,469,871,-402
109000131,979,616,363
109000132,575,1167,-592
109000133,291,671,-380
109000134,648,937,-289
109000135,872,1760,-888
109000136,328,259,69
109000137,258,366,-108
109000138,451,200,251
109000139,612,339,273
109000140,244,233,11
109000141,581,293,288
109000142,109,442,-333
109000143,86,74,12
109000145,90,181,-91
109000146,28,79,-51
109000148,2065,2127,-62
109000149,11,48,-37
109000150,59,265,-206
109000155,986,679,307
109000156,818,450,368
109000158,178,294,-116
109000159,174,423,-249
109000160,1078,222,856
109000161,405,613,-208
109000162,2156,555,1601
109000163,1246,1209,37
109000164,1361,1652,-291
109000165,1387,454,933
109000166,789,104,685
109000167,109,347,-238
109000170,29,28,1
109000171,66,31,35
109000172,39,48,-9
109000173,19,92,-73
109000174,133,30,103
109000175,52,34,18
109000176,240,162,78
109000177,56,62,-6
109000178,422,82,340
109000179,2742,5632,-2890
109000180,3653,3541,112
109000181,36,17,19
109000182,35,13,22
109000183,56,16,40
109000184,37,10,27
109000185,22,23,-1
109000188,463,1016,-553
109000189,2514,619,1895
109000190,817,333,484
109000191,406,312,94
109000192,493,180,313
109000193,176,132,44
109000194,290,84,206
109000195,141,173,-32
109000196,246,118,128
109000197,258,186,72
109000198,355,65,290
109000199,135,314,-179
109000206,277,30,247
109000207,187,44,143
109000208,117,98,19
109000209,151,77,74
109000210,102,461,-359
109000211,163,195,-32
109000214,446,179,267
109000215,153,70,83
109000216,309,293,16
109000217,209,125,84
109000218,350,228,122
109000221,400,774,-374
109000222,963,209,754
109000223,377,345,32
109000224,42,76,-34
109000225,107,44,63
109000226,59,129,-70
109000227,1202,541,661
109000228,4,1988,-1984
109000231,0,180,-180
109000232,456,224,232
109000236,334,567,-233
109000241,2016,1367,649
109000242,1692,874,818
109000293,22,44,-22
109000361,104,167,-63
109000364,134,423,-289
109000396,4,285,-281
109000397,748,11,737
109000399,111,293,-182
109000400,86,103,-17
109000403,122,1100,-978
109000406,283,1,282
109000407,250,122,128
109000408,0,251,-251
109000410,890,149,741
109000411,124,16,108
109900001,84,0,84
109900002,1227,24,1203
109900003,311,1,310
109900004,711,79,632
109900005,26,4,22
109900006,538,92,446
109900007,941,196,745
109900008,0,16,-16
109900009,149,341,-192
109900010,582,47,535
109900011,123,67,56
109900012,353,213,140
109900013,398,140,258
109900014,389,76,313
109900015,397,190,207
109900016,148,22,126
109900017,208,237,-29
109900018,241,30,211
109900019,277,40,237
109900020,29,24,5
109900021,28,15,13
109900022,51,189,-138
109900023,19,2,17
109900024,42,2,40
109900025,11,34,-23
109900026,6,113,-107
109900027,32,16,16
109900028,653,1081,-428
109900029,3,150,-147
109900030,50,12,38
109900031,1,322,-321
109900032,10,219,-209
109900033,8,458,-450
109900034,59,5,54
109900035,17,27,-10
109900036,16,36,-20
109900037,17,337,-320
109900038,123,296,-173
109900039,6,0,6
109900040,39,274,-235
109900041,49,241,-192
109900042,60,2746,-2686
109900044,94,114,-20
109900045,147,179,-32
109900046,27,60,-33
109900047,236,215,21
109900048,1,66,-65
109900049,28,29,-1
109900050,2,72,-70
109900051,0,18,-18
109900052,84,189,-105
109900053,1,120,-119
109900054,1130,204,926
109900055,86,221,-135
109900056,20,218,-198
109900057,8,68,-60
109900058,0,53,-53
109900059,1168,111,1057
109900060,664,120,544
109900061,58,243,-185
109900062,0,77,-77
109900063,11,452,-441
109900064,585,174,411
109900065,38,103,-65
109900066,242,443,-201
109900067,1,96,-95
109900068,116,14,102
109900069,5,25,-20
109900070,45,272,-227
109900071,3,20,-17
109900072,22,108,-86
109900073,503,315,188
109900074,11,24,-13
109900075,31,29,2
109900076,14,97,-83
109900077,26,53,-27
109900078,75,166,-91
109900080,100,174,-74
109900081,40,190,-150
109900082,53,216,-163
109900083,22,67,-45
109900084,67,80,-13
109900085,221,434,-213
109900086,113,541,-428
109900087,215,405,-190
109900089,864,216,648
109900090,467,843,-376
109900091,425,62,363
109900092,1058,39,1019
109900093,1155,220,935
109900094,87,81,6
109900095,131,226,-95
109900096,78,12,66
109900097,82,3,79
109900098,514,42,472
109900099,226,2,224
109900100,36,1,35
109900101,740,12,728
109900102,509,31,478
109900103,24,34,-10
109900104,723,287,436
109900105,561,21,540
109900106,461,44,417
109900107,1280,60,1220
109900108,211,318,-107
109900109,39,306,-267
109900110,60,212,-152
109900111,243,553,-310
109900112,234,338,-104
109900113,983,615,368
109900114,1343,1220,123
109900115,193,87,106
109900117,1212,99,1113
109900118,170,323,-153
109900119,541,225,316
109900120,90,19,71
109900121,430,510,-80
109900122,602,5,597
109900123,17,109,-92
109900124,38,248,-210
109900125,1,154,-153
109900126,406,63,343
109900128,464,28,436
109900130,3858,3126,732
109900131,48,116,-68
109900132,36,87,-51
109900133,88,195,-107
109900134,83,67,16
109900135,288,59,229
109900136,71,103,-32
109900137,155,168,-13
109900138,443,164,279
109900140,161,104,57
109900141,597,200,397
109900142,1641,271,1370
109900145,6,612,-606
109900146,367,35,332
109900148,27,67,-40
109900149,53,47,6
109900150,22,48,-26
109900151,17,25,-8
109900152,0,33,-33
109900153,1,66,-65
109900154,50,0,50
109900155,59,28,31
109900157,61,151,-90
109900158,55,100,-45
109900159,138,27,111
109900160,156,38,118
109900161,247,61,186
109900162,216,126,90
109900163,604,281,323
109900164,65,155,-90
109900165,371,7,364
109900166,0,101,-101
109900167,184,325,-141
109900168,225,426,-201
109900169,203,79,124
109900170,251,1137,-886
109900171,234,76,158
109900172,240,209,31
109900173,1465,2265,-800
109900174,62,99,-37
109900175,83,82,1
109900176,130,92,38
109900177,59,127,-68
109900178,21,328,-307
109900179,118,24,94
109900180,3,22,-19
110000001,741,417,324
110000002,634,706,-72
110000003,761,704,57
110000004,449,647,-198
110000005,437,1905,-1468
110000006,173,293,-120
110000007,133,69,64
110000008,31,66,-35
110000009,30,12,18
110000010,29,50,-21
110000011,35,39,-4
110000012,515,231,284
110000013,23,447,-424
110000014,489,303,186
110000015,211,578,-367
110000016,216,1555,-1339
110000017,5092,251,4841
110000018,3416,349,3067
110000019,11,49,-38
110000020,394,161,233
110000021,498,421,77
110000022,1160,233,927
110000023,5,90,-85
110000024,545,379,166
110000025,504,9,495
110000026,4,158,-154
110000027,1134,791,343
110000028,912,483,429
110000029,404,435,-31
110000030,272,305,-33
110000031,221,315,-94
110000032,826,310,516
110000033,270,184,86
110000034,642,548,94
110000035,728,416,312
110000036,1016,983,33
110000037,197,909,-712
110000038,260,626,-366
110000039,899,4061,-3162
110000040,313,322,-9
110000041,303,1850,-1547
110000042,85,1244,-1159
110000043,819,300,519
110000044,147,4137,-3990
110000045,1214,685,529
110000046,6,51,-45
110000047,20,359,-339
110000048,9,94,-85
110000049,83,38,45
110000050,10,53,-43
110000051,19,11,8
110000052,38,15,23
110000053,71,11,60
110000054,183,587,-404
110000055,685,48,637
110000056,94,114,-20
110000057,308,419,-111
110000058,1001,528,473
110000059,1052,413,639
110000060,1084,974,110
110000061,737,641,96
110000062,610,799,-189
110000063,44,183,-139
110000064,65,47,18
110000065,88,87,1
110000066,108,27,81
110000067,122,78,44
110000068,261,60,201
110000069,437,68,369
110000071,306,66,240
110000073,21,11,10
110000075,9,82,-73
110000076,324,470,-146
110000077,327,1116,-789
110000078,43,35,8
110000080,190,507,-317
110000081,57,216,-159
110000082,15,289,-274
110000083,195,490,-295
110000084,1205,878,327
110000085,1069,1167,-98
110000086,1266,2370,-1104
110000087,29,47,-18
110000088,107,158,-51
110000089,274,50,224
110000090,190,188,2
110000091,617,163,454
110000092,11,35,-24
110000093,41,17,24
110000094,453,150,303
110000095,168,663,-495
110000096,1251,1744,-493
110000097,1097,1742,-645
110000098,1834,612,1222
110000099,579,1371,-792
110000100,1225,244,981
110000101,28,182,-154
110000102,92,18,74
110000104,357,114,243
110000105,38,193,-155
110000106,604,452,152
110000107,157,234,-77
110000108,113,107,6
110000109,258,271,-13
110000110,1750,4299,-2549
110000111,3607,3013,594
110000112,588,1111,-523
110000113,156,2300,-2144
110000114,231,678,-447
110000115,548,259,289
110000116,81,51,30
110000117,273,215,58
110000118,564,103,461
110000119,346,231,115
110000120,449,106,343
110000121,67,341,-274
110000122,501,420,81
110000123,646,580,66
110000124,3,684,-681
110000125,1015,9,1006
110000126,297,35,262
110000127,1225,61,1164
110000128,30,917,-887
110000129,1,351,-350
110000130,233,183,50
110000131,112,224,-112
110000132,1,502,-501
110000133,36,348,-312
110000134,20,308,-288
110000135,164,25,139
110000136,53,161,-108
110000137,671,409,262
110000138,846,410,436
110000139,1080,636,444
110000140,709,666,43
110000143,512,319,193
110000144,4470,1954,2516
110000145,2169,1311,858
110000146,2577,1107,1470
110000147,546,703,-157
110000148,679,200,479
110000151,883,962,-79
110000152,724,312,412
110000153,194,18,176
110000154,69,29,40
110000155,1479,3658,-2179
110000156,1129,2341,-1212
110000157,2382,2414,-32
110000160,398,204,194
110000161,197,152,45
110000166,588,56,532
110000167,1073,495,578
110000168,1223,478,745
110000169,948,345,603
110000170,179,43,136
110000171,634,96,538
110000172,162,509,-347
110000173,739,738,1
110000174,141,543,-402
110000175,844,43,801
110000176,245,439,-194
110000177,270,1014,-744
110000178,386,1574,-1188
110000179,911,301,610
110000180,197,459,-262
110000181,624,378,246
110000182,260,173,87
110000183,6854,8253,-1399
110000184,269,2529,-2260
110000185,1212,1247,-35
110000186,682,603,79
110000191,1341,186,1155
110000192,736,7,729
110000193,1196,16,1180
110000194,6,520,-514
110000195,479,233,246
110000196,467,165,302
110000197,98,107,-9
110000198,155,69,86
110000199,118,101,17
110000200,1108,389,719
110000201,1161,999,162
110000202,1353,537,816
110000203,609,454,155
110000204,5,130,-125
110000205,228,42,186
110000206,463,724,-261
110000207,1494,325,1169
110000208,257,280,-23
110000209,104,860,-756
110000210,1562,366,1196
110000211,916,718,198
110000212,446,1095,-649
110000213,288,59,229
110000214,328,83,245
110000215,181,222,-41
110000216,109,171,-62
110000217,475,99,376
110000218,168,167,1
110000219,446,41,405
110000220,70,135,-65
110000221,402,36,366
110000222,59,134,-75
110000223,5,194,-189
110000224,37,2,35
110000225,289,641,-352
110000226,257,57,200
110000227,963,1123,-160
110000228,229,157,72
110000229,0,152,-152
110000230,588,624,-36
110000231,203,234,-31
110000232,363,337,26
110000233,261,352,-91
110000234,865,4156,-3291
110000235,1484,1555,-71
110000236,728,471,257
110000237,2147,1423,724
110000238,1257,1088,169
110000239,2023,949,1074
110000240,0,24,-24
110000242,0,27,-27
110000243,126,79,47
110000244,145,457,-312
110000245,40,351,-311
110000246,924,415,509
110000247,967,2539,-1572
110000248,1541,956,585
110000249,115,11,104
110000250,138,98,40
110000251,388,270,118
110000252,368,127,241
110000253,1429,507,922
110000254,630,658,-28
110000255,248,593,-345
110000256,486,287,199
110000257,570,316,254
110000258,6,280,-274
110000259,163,18,145
110000260,27,145,-118
110000263,424,55,369
110000264,489,279,210
110000265,1071,1740,-669
110000266,1744,2931,-1187
110000267,38,187,-149
110000268,312,369,-57
110000269,12,74,-62
110000270,73,9,64
110000271,1027,211,816
110000272,984,946,38
110000273,2245,1495,750
110000274,180,1814,-1634
110000275,1342,563,779
110000276,371,442,-71
110000277,281,295,-14
110000278,414,509,-95
110000279,817,587,230
110000280,611,390,221
110000281,53,331,-278
110000282,181,26,155
110000283,29,104,-75
110000284,86,57,29
110000285,7,921,-914
110000286,14,1,13
110000287,100,6,94
110000288,1,100,-99
110000289,391,2265,-1874
110000290,497,580,-83
110000291,2791,1038,1753
110000292,1202,5700,-4498
110000293,591,460,131
110000294,1325,1022,303
110000295,206,525,-319
110000296,640,266,374
110000297,2289,247,2042
110000298,92,242,-150
110000299,106,64,42
110000301,323,23,300
110000302,268,560,-292
110000303,454,6,448
110000304,140,164,-24
110000305,1549,26,1523
110000306,235,799,-564
110000307,1891,12,1879
110000308,617,9,608
110000309,11,502,-491
110000310,800,33,767
110000311,15,483,-468
110000312,432,92,340
110000313,2060,1835,225
110000314,1,147,-146
110000315,2546,2780,-234
110000316,540,1237,-697
110000317,372,991,-619
110000318,10,41,-31
110000319,2,10,-8
110000320,30,20,10
110000321,15,30,-15
110000322,279,237,42
110000323,548,147,401
110000324,2020,1623,397
110000325,2342,3528,-1186
110000327,493,293,200
110000328,146,357,-211
110000333,1103,828,275
110000334,604,902,-298
110000335,915,361,554
110000336,659,711,-52
110000337,1660,450,1210
110000338,456,156,300
110000339,425,172,253
110000340,45,146,-101
110000341,455,351,104
110000342,247,4,243
110000343,1,16,-15
110000344,386,157,229
110000345,427,201,226
110000346,2500,1883,617
110000347,1149,675,474
110000348,9,22,-13
110000349,4,21,-17
110000350,57,7,50
110000351,1418,583,835
110000352,674,1401,-727
110000353,3022,490,2532
110000354,771,3006,-2235
110000355,148,65,83
110000356,2953,10,2943
110000357,460,12,448
110000361,80,23,57
110000362,102,37,65
110000363,523,83,440
110000364,325,544,-219
110000365,190,2,188
110000366,0,91,-91
110000367,513,259,254
110000368,56,145,-89
110000369,63,6,57
110000373,0,189,-189
110000374,157,12,145
110000375,126,912,-786
110000376,31,67,-36
110000377,75,439,-364
110000378,23,395,-372
110000379,2086,1964,122
110000380,76,6,70
110000383,3,1490,-1487
110000384,1254,1106,148
110000385,0,249,-249
110000387,119,3,116
110000388,40,134,-94
110000389,706,5,701
110000391,862,165,697
110000396,189,67,122
110000397,168,79,89
110000398,1,17,-16
110000399,148,2,146
110000587,150,92,58
110000589,166,83,83
110000640,160,22,138
110000652,17,272,-255
110000653,189,193,-4
110000654,39,697,-658
110000656,0,263,-263
110000674,38,39,-1
110000675,12,30,-18
110000676,0,57,-57
110000679,136,1155,-1019
110000682,81,210,-129
110000683,307,331,-24
110000684,5,20,-15
110000685,10,6,4
110000686,3,47,-44
110000687,25,6,19
110000688,57,1105,-1048
110000689,32,36,-4
110000692,77,183,-106
110000693,94,246,-152
110000694,0,122,-122
110000695,270,514,-244
110000696,43,57,-14
110900001,299,23,276
110900002,455,234,221
110900003,870,308,562
110900004,463,74,389
110900005,1504,2730,-1226
110900006,37,24,13
110900007,165,44,121
110900008,6,25,-19
110900009,489,202,287
110900010,8,42,-34
110900011,16,82,-66
110900012,39,45,-6
110900013,954,104,850
110900014,301,17,284
110900015,346,720,-374
110900016,63,92,-29
110900017,578,32,546
110900018,505,53,452
110900019,285,19,266
110900020,132,132,0
110900021,105,289,-184
110900022,69,184,-115
110900023,104,454,-350
110900024,20,178,-158
110900025,10,37,-27
110900027,29,188,-159
110900028,55,115,-60
110900029,21,155,-134
110900030,49,139,-90
110900031,1,148,-147
110900032,0,65,-65
110900033,49,173,-124
110900035,12,419,-407
110900036,118,18,100
110900037,81,18,63
110900038,724,149,575
110900039,9,253,-244
110900040,304,55,249
110900041,24,40,-16
110900042,131,35,96
110900043,5,40,-35
110900044,180,13,167
110900045,43,252,-209
110900046,16,109,-93
110900047,342,331,11
110900049,106,90,16
110900050,22,3,19
110900051,36,144,-108
110900052,3,81,-78
110900053,97,34,63
110900054,66,102,-36
110900055,28,2,26
110900056,23,85,-62
110900057,5,65,-60
110900058,314,380,-66
110900059,445,248,197
110900060,460,117,343
110900061,13,42,-29
110900062,150,168,-18
110900063,44,142,-98
110900064,17,0,17
110900065,174,100,74
110900066,11,90,-79
110900067,457,694,-237
110900068,161,182,-21
110900069,7,25,-18
110900070,97,36,61
110900071,172,899,-727
110900073,0,18,-18
110900074,427,87,340
110900075,427,49,378
110900077,1214,454,760
110900078,67,32,35
110900079,1471,1222,249
110900080,113,62,51
110900081,13,24,-11
110900082,155,64,91
110900083,124,53,71
110900084,43,38,5
110900085,81,185,-104
110900086,59,349,-290
110900087,383,70,313
110900088,5,1,4
110900090,40,49,-9
110900091,1,28,-27
110900093,297,86,211
110900095,81,45,36
110900097,17,9,8
110900098,21,53,-32
110900099,63,332,-269
110900100,0,20,-20
110900102,53,12,41
110900105,1316,186,1130
110900108,33,30,3
110900111,493,175,318
110900112,774,9,765
110900113,289,49,240
110900115,3,38,-35
110900116,973,851,122
110900118,54,3365,-3311
110900119,1720,230,1490
110900120,37,29,8
110900121,160,0,160
110900122,503,161,342
110900125,415,346,69
110900127,542,1388,-846
110900128,194,262,-68
110900129,264,871,-607
110900130,517,483,34
110900131,370,23,347
110900132,444,113,331
110900133,196,110,86
110900135,57,203,-146
110900136,368,14,354
110900137,52,2,50
110900138,889,1082,-193
110900139,8,247,-239
110900140,53,2,51
110900141,6,255,-249
110900142,72,115,-43
110900143,202,55,147
110900144,1,401,-400
110900145,191,70,121
110900146,255,263,-8
110900147,78,366,-288
110900148,2,177,-175
110900149,3,48,-45
110900150,106,12,94
110900151,5,67,-62
110900152,40,98,-58
110900153,180,54,126
111000001,409,266,143
111000002,245,407,-162
111000003,1194,649,545
111000004,322,614,-292
111000005,1487,1259,228
111000006,861,1434,-573
111000007,4766,3136,1630
111000008,1571,2915,-1344
111000009,379,678,-299
111000010,972,222,750
111000011,257,809,-552
111000012,286,347,-61
111000013,367,765,-398
111000014,1231,458,773
111000017,138,968,-830
111000018,178,318,-140
111000020,761,1565,-804
111000021,72,88,-16
111000023,89,75,14
111000025,4002,3822,180
111000029,80,88,-8
111000030,63,79,-16
111000031,2349,1121,1228
111000032,616,282,334
111000033,337,254,83
111000034,72,293,-221
111000037,1128,538,590
111000038,3030,1630,1400
111000039,1669,1598,71
111000040,1760,1636,124
111000041,1046,1111,-65
111000042,2001,2020,-19
111000043,1886,3792,-1906
111000044,1953,1078,875
111000045,2916,2331,585
111000046,2019,1497,522
111000047,3080,4623,-1543
111000049,436,395,41
111000050,939,872,67
111000051,567,769,-202
111000052,470,1143,-673
111000053,357,717,-360
111000054,327,657,-330
111000055,1048,1228,-180
111000056,178,250,-72
111000057,111,280,-169
111000058,463,66,397
111000059,869,250,619
111000060,4253,790,3463
111000061,661,269,392
111000062,984,342,642
111000063,1745,1048,697
111000064,880,518,362
111000065,1391,908,483
111000066,556,375,181
111000067,670,453,217
111000068,643,739,-96
111000069,1469,1617,-148
111000070,710,572,138
111000071,256,366,-110
111000072,1191,430,761
111000073,292,871,-579
111000074,1712,1615,97
111000075,975,466,509
111000076,551,634,-83
111000077,1593,1322,271
111000078,2522,1180,1342
111000079,992,683,309
111000080,510,502,8
111000081,1385,4122,-2737
111000082,745,397,348
111000084,893,495,398
111000085,849,963,-114
111000086,3055,727,2328
111000087,701,430,271
111000088,6318,2594,3724
111000089,682,740,-58
111000090,711,1157,-446
111000091,654,312,342
111000092,1524,641,883
111000093,829,930,-101
111000094,1626,835,791
111000095,608,1852,-1244
111000096,1114,7010,-5896
111000097,2853,1115,1738
111000098,569,774,-205
111000099,540,1070,-530
111000100,348,801,-453
111000101,349,512,-163
111000102,304,389,-85
111000104,846,170,676
111000107,144,655,-511
111000109,1051,252,799
111000110,1619,534,1085
111000111,2829,397,2432
111000112,2139,599,1540
111000113,890,1672,-782
111000114,1513,3420,-1907
111000115,3804,1073,2731
111000116,926,701,225
111000117,308,742,-434
111000118,1086,580,506
111000119,1375,646,729
111000120,551,546,5
111000121,308,732,-424
111000122,505,906,-401
111000123,970,1721,-751
111000124,436,1550,-1114
111000125,241,854,-613
111000126,98,533,-435
111000127,1051,132,919
111000128,2383,198,2185
111000129,3217,409,2808
111000130,2514,496,2018
111000131,2326,501,1825
111000132,2011,1049,962
111000133,173,72,101
111000134,127,80,47
111000135,67,163,-96
111000136,412,215,197
111000138,37,8,29
111000140,2,4,-2
111000141,178,381,-203
111000142,13,316,-303
111000143,1,361,-360
111000144,28,1844,-1816
111000145,305,29,276
111000146,100,17,83
111000147,115,19,96
111000148,150,99,51
111000149,9,20,-11
111000150,18,2,16
111000151,8,8,0
111000153,514,642,-128
111000154,470,187,283
111000155,146,156,-10
111000156,659,613,46
111000157,297,976,-679
111000158,1144,774,370
111000159,4048,732,3316
111000160,598,326,272
111000161,11,421,-410
111000162,29,124,-95
111000163,720,675,45
111000164,464,2457,-1993
111000165,722,393,329
111000166,1201,293,908
111000167,144,307,-163
111000168,239,325,-86
111000169,227,490,-263
111000170,332,327,5
111000171,421,396,25
111000172,160,196,-36
111000173,297,421,-124
111000174,181,145,36
111000175,34,556,-522
111000176,491,71,420
111000177,491,107,384
111000178,1667,169,1498
111000179,238,105,133
111000180,248,379,-131
111000181,1632,193,1439
111000182,197,155,42
111000183,448,236,212
111000184,334,164,170
111000185,397,228,169
111000186,406,178,228
111000187,128,102,26
111000188,345,299,46
111000189,576,429,147
111000190,167,216,-49
111000191,113,204,-91
111000192,249,250,-1
111000193,237,193,44
111000194,56,189,-133
111000195,140,222,-82
111000196,75,87,-12
111000197,467,88,379
111000198,497,67,430
111000199,222,92,130
111000200,538,204,334
111000201,704,145,559
111000202,278,146,132
111000203,407,208,199
111000204,356,898,-542
111000213,201,424,-223
111000214,1239,963,276
111000215,860,935,-75
111000217,1543,747,796
111000218,1197,954,243
111000219,296,173,123
111000220,819,679,140
111000221,414,86,328
111000224,1,179,-178
111000225,196,66,130
111000226,76,1,75
111000227,18,0,18
111000228,31,518,-487
111000229,64,1104,-1040
111000230,260,190,70
111000231,1086,351,735
111000232,812,579,233
111000233,1255,544,711
111000234,191,576,-385
111000239,99,105,-6
111000240,83,188,-105
111000241,49,211,-162
111000242,277,58,219
111000243,140,345,-205
111000244,626,55,571
111000245,1062,233,829
111000246,605,159,446
111000247,447,456,-9
111000248,684,297,387
111000249,497,344,153
111000250,66,47,19
111000251,70,68,2
111000253,10,14,-4
111000255,35,11,24
111000257,40,20,20
111000260,90,819,-729
111000261,1552,110,1442
111000271,36,200,-164
111000273,2357,923,1434
111000274,1156,2133,-977
111000275,95,27,68
111000276,275,955,-680
111000277,211,263,-52
111000278,634,203,431
111000291,894,7804,-6910
111000298,587,162,425
111000299,756,181,575
111000300,118,370,-252
111000302,344,52,292
111000303,61,136,-75
111000312,50,54,-4
111000315,0,37,-37
111000320,194,475,-281
111000321,410,109,301
111000322,348,270,78
111000323,289,19,270
111000324,348,168,180
111000325,44,65,-21
111000326,229,175,54
111000327,535,217,318
111000328,331,420,-89
111000329,1,19,-18
111000330,53,4,49
111000331,17,2,15
111000332,549,1028,-479
111000334,294,769,-475
111000335,1008,178,830
111000337,1550,212,1338
111000338,72,59,13
111000339,900,190,710
111000340,147,299,-152
111000341,1145,596,549
111000342,103,1037,-934
111000344,1174,551,623
111000345,186,88,98
111000346,24,229,-205
111000347,166,13,153
111000350,159,90,69
111000351,137,247,-110
111000352,188,73,115
111000353,192,210,-18
111000354,678,91,587
111000355,303,476,-173
111000358,230,533,-303
111000360,216,302,-86
111000361,179,144,35
111000546,973,388,585
111000547,604,231,373
111000548,188,279,-91
111000549,408,153,255
111000550,47,865,-818
111000551,558,154,404
111000552,737,162,575
111000907,280,10,270
111000908,28,0,28
111000916,1965,165,1800
111000917,27,339,-312
111000918,206,310,-104
111000920,507,13,494
111000921,9,81,-72
111000922,633,178,455
111000924,39,384,-345
111000925,2655,1802,853
111000926,933,941,-8
111000927,2649,4216,-1567
111000928,3759,2098,1661
111000929,1985,1154,831
111000930,787,1339,-552
111000931,2511,2683,-172
111000932,3283,1521,1762
111000933,3312,2576,736
111000934,1291,2427,-1136
111000935,1941,845,1096
111000936,978,1355,-377
111000937,1307,1283,24
111000938,1086,802,284
111000939,711,23,688
111000940,594,64,530
111000941,498,264,234
111000943,592,242,350
111000944,179,162,17
111000945,104,866,-762
111001109,513,590,-77
111001110,159,319,-160
111001111,56,7,49
111001112,74,0,74
111001113,0,92,-92
111001114,574,101,473
111001115,4,616,-612
111001116,2668,4359,-1691
111001117,402,2439,-2037
111001120,95,180,-85
111001121,144,130,14
111001122,84,186,-102
111001123,164,34,130
111900001,36,62,-26
111900002,34,352,-318
111900003,2,194,-192
111900004,22,64,-42
111900006,19,31,-12
111900007,186,6,180
111900008,348,2,346
111900009,285,66,219
111900010,283,319,-36
111900012,57,58,-1
111900013,22,32,-10
111900014,2439,4728,-2289
111900015,0,49,-49
111900016,0,54,-54
111900017,0,61,-61
111900018,187,3,184
111900019,2,120,-118
111900020,3,27,-24
111900021,30,62,-32
111900022,18,27,-9
111900023,49,50,-1
111900024,0,55,-55
111900025,0,28,-28
111900026,0,32,-32
111900027,2,72,-70
111900028,0,143,-143
111900029,2,63,-61
111900030,31,245,-214
111900031,36,26,10
111900032,1,140,-139
111900033,0,58,-58
111900034,184,278,-94
111900035,80,116,-36
111900036,0,110,-110
111900038,194,381,-187
111900039,25,217,-192
111900040,4,208,-204
111900042,2,85,-83
111900043,3,191,-188
111900044,213,177,36
111900046,9,84,-75
111900048,333,285,48
111900049,28,176,-148
111900050,77,23,54
111900051,0,111,-111
111900052,153,269,-116
111900053,561,2254,-1693
111900054,96,5,91
111900055,10,167,-157
111900056,132,350,-218
111900057,160,19,141
111900058,552,274,278
111900059,1152,780,372
111900060,281,1,280
111900061,7,135,-128
111900062,73,78,-5
111900063,152,138,14
111900064,57,97,-40
111900065,150,21,129
111900066,175,129,46
111900067,503,329,174
111900068,66,45,21
111900069,93,33,60
111900070,190,80,110
111900071,1,135,-134
111900072,46,18,28
111900073,1208,188,1020
111900074,19,134,-115
111900075,87,11,76
111900076,233,44,189
111900077,30,5,25
111900078,366,29,337
111900079,49,37,12
111900080,149,246,-97
111900081,448,252,196
111900082,237,36,201
111900083,221,13,208
111900084,141,6,135
111900085,49,131,-82
111900086,79,13,66
111900087,73,2,71
111900088,665,11,654
111900089,115,2,113
111900090,47,40,7
111900091,290,7,283
111900092,162,1,161
111900093,470,6,464
111900094,196,1,195
111900095,324,47,277
111900096,250,2,248
111900097,76,1,75
111900098,361,8,353
111900099,85,0,85
111900100,173,5,168
111900101,153,10,143
111900102,704,210,494
111900103,80,94,-14
111900104,144,46,98
111900105,350,373,-23
111900106,702,41,661
111900107,70,122,-52
111900108,124,216,-92
111900109,312,508,-196
111900110,995,339,656
111900111,172,52,120
111900112,348,3618,-3270
111900113,153,95,58
111900114,125,107,18
111900115,7,31,-24
111900118,294,121,173
111900119,339,214,125
111900122,120,104,16
111900123,12,29,-17
111900124,20,45,-25
111900125,672,85,587
111900126,366,3,363
111900127,3,363,-360
111900128,1,251,-250
111900129,370,5,365
111900130,279,61,218
111900131,651,3,648
111900132,22,482,-460
111900133,9,201,-192
111900134,6,125,-119
111900135,23,56,-33
111900136,76,137,-61
111900137,73,42,31
111900138,11,36,-25
111900139,11,67,-56
111900140,109,44,65
111900141,48,6,42
111900142,83,21,62
111900143,40,102,-62
111900144,0,49,-49
111900145,1,189,-188
111900146,2,104,-102
111900147,67,219,-152
111900148,20,350,-330
111900149,6,186,-180
111900150,13,90,-77
111900151,3,24,-21
111900152,72,97,-25
111900153,802,792,10
111900154,18,424,-406
111900155,65,91,-26
111900156,74,83,-9
111900157,221,23,198
111900158,597,73,524
111900159,340,39,301
111900160,463,3,460
111900161,285,1,284
111900162,111,206,-95
111900163,28,197,-169
111900164,79,92,-13
111901113,628,95,533
111901114,377,173,204
111901115,102,11,91
111901116,66,4,62
111901117,46,51,-5
111901118,40,447,-407
111901119,391,60,331
111901120,59,86,-27
111901121,118,103,15
111901122,2,246,-244
111901123,323,200,123
111901124,297,3,294
111901125,423,125,298
111901126,179,87,92
111901127,323,849,-526
111901128,12,66,-54
111901129,2,90,-88
111901130,4,88,-84
111901131,0,157,-157
111901132,78,23,55
111901133,45,3,42
111901134,146,7,139
111901135,31,10,21
111901136,33,57,-24
111901137,2,51,-49
111901138,145,22,123
111901139,25,23,2
111901140,5,55,-50
111901141,7,83,-76
111901142,2,59,-57
111901143,0,51,-51
111901144,41,32,9
112000001,2133,671,1462
112000002,627,1689,-1062
112000003,2204,1045,1159
112000004,705,419,286
112000005,4243,3901,342
112000006,1816,1057,759
112000007,4297,2527,1770
112000008,2712,3916,-1204
112000009,2439,1896,543
112000010,3523,4426,-903
112000011,1354,1207,147
112000012,4835,5930,-1095
112000013,3064,3830,-766
112000014,2413,3069,-656
112000015,3294,3928,-634
112000016,4380,2990,1390
112000017,1616,5207,-3591
112000024,2284,755,1529
112000026,2150,2429,-279
112000027,911,650,261
112000028,839,1100,-261
112000029,763,912,-149
112000030,179,55,124
112000031,1471,5111,-3640
112000032,282,38,244
112000033,1730,3141,-1411
112000034,271,60,211
112000035,89,656,-567
112000036,523,1556,-1033
112000037,1185,1127,58
112000038,1319,1919,-600
112000039,112,85,27
112000040,71,169,-98
112000041,346,392,-46
112000042,910,389,521
112000050,1229,1350,-121
112000051,1231,1667,-436
112000054,1461,1373,88
112000057,697,379,318
112000058,300,549,-249
112000059,455,574,-119
112000061,2929,1268,1661
112000062,1123,1471,-348
112000063,560,2521,-1961
112000064,3250,3780,-530
112000065,1350,1613,-263
112000066,3556,1546,2010
112000067,635,574,61
112000068,3212,2643,569
112000069,531,1568,-1037
112000070,2471,1000,1471
112000071,978,2225,-1247
112000072,2889,937,1952
112000073,1693,2400,-707
112000074,1782,1525,257
112000075,1606,1389,217
112000076,3121,2046,1075
112000077,779,391,388
112000078,2028,669,1359
112000079,1839,1223,616
112000080,1090,820,270
112000081,1282,2204,-922
112000082,1381,743,638
112000083,629,991,-362
112000084,1453,627,826
112000085,1390,929,461
112000086,1805,1120,685
112000087,690,319,371
112000088,832,362,470
112000089,518,444,74
112000090,317,286,31
112000091,489,578,-89
112000092,2207,932,1275
112000093,1245,651,594
112000094,806,680,126
112000095,583,613,-30
112000096,643,496,147
112000097,1713,631,1082
112000098,798,560,238
112000099,816,1803,-987
112000100,2430,663,1767
112000101,561,590,-29
112000102,1984,350,1634
112000103,420,639,-219
112000105,473,809,-336
112000106,2101,285,1816
112000107,34,196,-162
112000108,298,1712,-1414
112000109,77,62,15
112000110,1909,544,1365
112000111,925,9072,-8147
112000112,4461,1028,3433
112000113,870,1831,-961
112000114,2729,1093,1636
112000115,393,300,93
112000116,719,802,-83
112000117,931,752,179
112000118,897,667,230
112000119,452,551,-99
112000120,68,261,-193
112000121,141,258,-117
112000122,389,147,242
112000123,908,128,780
112000124,516,98,418
112000125,265,335,-70
112000126,351,313,38
112000127,1899,2531,-632
112000128,645,848,-203
112000129,118,79,39
112000130,232,93,139
112000131,50,174,-124
112000132,205,152,53
112000133,458,119,339
112000134,442,253,189
112000135,1904,812,1092
112000136,1289,2117,-828
112000137,2227,5226,-2999
112000138,2092,2642,-550
112000139,690,651,39
112000140,541,845,-304
112000141,1155,352,803
112000142,145,352,-207
112000143,1226,173,1053
112000144,237,740,-503
112000145,3024,509,2515
112000146,451,1063,-612
112000147,2718,1604,1114
112000148,1175,2049,-874
112000149,563,370,193
112000150,247,460,-213
112000151,344,200,144
112000152,477,267,210
112000153,161,184,-23
112000154,109,254,-145
112000155,161,122,39
112000157,584,567,17
112000158,278,239,39
112000159,742,271,471
112000167,464,95,369
112000169,359,417,-58
112000173,1004,202,802
112000175,441,350,91
112000176,1540,1594,-54
112000177,996,240,756
112000178,122,223,-101
112000179,273,100,173
112000180,278,230,48
112000181,1211,1257,-46
112000182,1655,823,832
112000183,21,27,-6
112000184,467,169,298
112000185,649,314,335
112000187,5617,3336,2281
112000195,208,15,193
112000196,232,1,231
112000197,130,290,-160
112000198,29,339,-310
112000199,105,600,-495
112000202,494,0,494
112000216,61,188,-127
112000230,166,2,164
112000231,1,138,-137
112000256,57,286,-229
112000313,54,91,-37
112000314,71,46,25
112000337,198,466,-268
112000352,182,401,-219
112000392,1366,1219,147
112000398,1711,808,903
112000399,1650,2626,-976
112000400,1789,1594,195
112000401,2235,1372,863
112000402,3976,4096,-120
112000403,1963,3557,-1594
112000404,1306,1065,241
112000405,2636,3189,-553
112000406,2503,1417,1086
112000407,8946,8839,107
112000408,6732,3602,3130
112000409,1423,2670,-1247
112000410,416,347,69
112000411,3794,1985,1809
112000412,1177,503,674
112000413,5140,7341,-2201
112000414,91,35,56
112000415,95,30,65
112000416,3207,1180,2027
112000417,313,91,222
112000421,80,64,16
112000422,344,164,180
112000424,1505,3119,-1614
112000425,428,380,48
112000426,205,280,-75
112000427,2,10,-8
112000428,274,226,48
112000429,2125,1686,439
112000430,2807,2824,-17
112000431,82,165,-83
112000432,625,546,79
112000433,278,614,-336
112000437,68,151,-83
112900001,104,1,103
112900002,630,513,117
112900003,77,248,-171
112900004,42,161,-119
112900005,246,109,137
112900006,22,160,-138
112900007,72,191,-119
112900008,0,37,-37
112900009,447,156,291
112900010,483,564,-81
112900011,86,175,-89
112900012,0,33,-33
112900013,5,206,-201
112900014,0,178,-178
112900015,312,585,-273
112900016,2,156,-154
112900017,55,155,-100
112900018,0,104,-104
112900019,16,141,-125
112900020,365,891,-526
112900021,6,121,-115
112900022,13,60,-47
112900023,1,75,-74
112900024,19,139,-120
112900025,101,242,-141
112900026,5,86,-81
112900027,5,481,-476
112900028,24,93,-69
112900029,25,269,-244
112900030,58,89,-31
112900031,4,257,-253
112900032,230,201,29
112900034,2,43,-41
112900035,0,255,-255
112900036,68,130,-62
112900037,153,202,-49
112900038,922,126,796
112900039,11,180,-169
112900040,12,2784,-2772
112900041,608,1142,-534
112900042,175,156,19
112900043,101,64,37
112900044,317,374,-57
112900045,159,239,-80
112900046,122,75,47
112900047,14,100,-86
112900049,358,71,287
112900050,24,466,-442
112900051,229,379,-150
112900052,15,514,-499
112900053,307,324,-17
112900054,566,58,508
112900055,126,62,64
112900056,422,264,158
112900057,17,382,-365
112900058,313,405,-92
112900059,156,250,-94
112900060,21,97,-76
112900061,116,84,32
112900062,62,100,-38
112900063,57,23,34
112900064,115,208,-93
112900065,41,31,10
112900066,322,272,50
112900067,256,102,154
112900068,53,46,7
112900069,2776,895,1881
112900071,51,12,39
112900072,447,2612,-2165
112900073,581,163,418
112900074,96,281,-185
112900075,1487,1112,375
112900076,111,50,61
112900078,351,488,-137
112900079,286,17,269
112900080,99,10,89
112900081,51,234,-183
112900082,630,36,594
112900083,189,106,83
112900084,282,154,128
112900085,1,7,-6
112900086,97,1,96
112900087,915,189,726
112900088,178,21,157
112900089,1190,48,1142
112900090,125,48,77
112900091,302,9,293
112900092,144,410,-266
112900093,1678,29,1649
112900094,89,2,87
112900095,73,1,72
112900096,725,195,530
112900097,108,258,-150
112900098,437,16,421
112900099,1063,43,1020
112900100,96,0,96
112900101,496,6,490
112900102,215,13,202
112900103,230,5,225
112900104,34,0,34
112900105,12,0,12
112900106,392,117,275
112900107,9,1,8
112900108,16,1,15
112900109,135,0,135
112900110,1758,22,1736
112900111,787,2,785
112900112,382,1,381
112900113,0,10,-10
112900114,169,34,135
112900115,1845,8,1837
112900116,107,29,78
112900117,50,39,11
112900118,19,54,-35
112900119,143,3,140
112900120,720,252,468
112900121,35,93,-58
112900122,19,51,-32
112900123,166,17,149
112900124,7,78,-71
112900125,67,462,-395
112900126,128,132,-4
112900127,373,75,298
112900128,156,620,-464
112900129,1,517,-516
112900130,198,105,93
112900131,32,671,-639
112900132,127,530,-403
112900133,28,1137,-1109
112900134,0,195,-195
112900135,117,37,80
112900136,1,14,-13
112900137,1,278,-277
112900138,6,115,-109
112900139,119,933,-814
112900140,1,43,-42
112900141,1067,66,1001
112900142,72,213,-141
112900143,28,374,-346
112900144,0,91,-91
112900145,18,314,-296
112900146,1,609,-608
112900147,0,736,-736
112900148,46,2,44
112900149,345,372,-27
112900151,16,46,-30
112900152,3079,548,2531
112900153,1215,2573,-1358
112900154,0,76,-76
112900155,221,59,162
112900156,504,644,-140
112900157,328,7,321
112900158,88,13,75
112900159,269,148,121
112900160,55,155,-100
112900161,165,46,119
112900162,26,15,11
112900163,110,64,46
112900164,34,166,-132
112900165,79,24,55
112900166,17,85,-68
112900167,2,142,-140
112900168,7,5,2
112900169,29,15,14
112900170,340,200,140
112900172,57,21,36
112900173,133,96,37
112900174,314,40,274
112900175,93,187,-94
112900176,10,34,-24
112900177,213,75,138
112900178,718,2795,-2077
112900179,29,398,-369
112900180,2123,1323,800
112900181,772,2,770
112900182,56,523,-467
112900183,157,291,-134
112900184,429,506,-77
112900185,217,762,-545
112900186,1010,1276,-266
112900187,102,649,-547
112900188,840,2554,-1714
112900189,11,15,-4
112900190,37,30,7
112900192,789,865,-76
112900193,1315,414,901
112900194,118,56,62
112900195,1199,75,1124
112900196,287,406,-119
112900197,158,305,-147
112900199,747,322,425
112900200,798,215,583
112900201,191,74,117
112900202,437,501,-64
112900203,304,185,119
112900204,831,567,264
112900205,7,19,-12
112900206,36,98,-62
112900207,20,0,20
112900208,89,323,-234
112900209,285,248,37
112900210,0,18,-18
112900211,82,45,37
112900212,0,48,-48
112900213,48,7,41
112900214,17,16,1
112900215,29,96,-67
112900216,37,52,-15
112900217,23,51,-28
112900218,108,9,99
112900219,73,14,59
112900220,45,0,45
112900221,72,125,-53
112900222,0,31,-31
112900223,1284,36,1248
112900224,440,252,188
112900225,514,228,286
112900226,179,317,-138
112900227,769,569,200
112900228,83,43,40
112900229,307,27,280
112900230,7268,3989,3279
112900232,305,360,-55
112900233,63,116,-53
112900234,31,37,-6
112900235,63,19,44
112900236,380,16,364
112900237,239,106,133
112900238,18,19,-1
113000001,6934,5184,1750
113000002,3906,3348,558
113000003,1788,1682,106
113000004,1451,2341,-890
113000005,1959,980,979
113000006,1114,1321,-207
113000007,2444,935,1509
113000008,1830,1358,472
113000009,1419,674,745
113000010,1318,972,346
113000011,701,1050,-349
113000012,2279,602,1677
113000013,1439,670,769
113000014,1111,1347,-236
113000015,499,302,197
113000016,274,984,-710
113000017,73,303,-230
113000018,488,45,443
113000019,357,226,131
113000020,440,59,381
113000021,1235,426,809
113000022,717,901,-184
113000025,124,385,-261
113000026,568,444,124
113000027,622,770,-148
113000028,873,952,-79
113000029,881,479,402
113000030,265,525,-260
113000031,140,254,-114
113000032,225,238,-13
113000033,243,376,-133
113000034,192,283,-91
113000035,54,39,15
113000036,22,70,-48
113000037,56,23,33
113000038,19,79,-60
113000039,71,270,-199
113000040,57,81,-24
113000042,771,548,223
113000051,1004,2147,-1143
113000052,1915,686,1229
113000053,487,284,203
113000054,502,627,-125
113000055,1366,441,925
113000056,1212,674,538
113000058,591,774,-183
113000059,1120,424,696
113000060,277,471,-194
113000061,491,751,-260
113000062,591,376,215
113000063,260,53,207
113000064,59,220,-161
113000065,142,492,-350
113000066,907,90,817
113000067,2939,888,2051
113000068,352,752,-400
113000069,503,682,-179
113000070,2981,910,2071
113000071,543,418,125
113000072,978,422,556
113000073,380,1179,-799
113000074,905,452,453
113000075,1710,768,942
113000076,529,1916,-1387
113000077,988,849,139
113000078,500,2166,-1666
113000079,627,1016,-389
113000080,543,1124,-581
113000081,788,1045,-257
113000082,1201,1390,-189
113000083,590,785,-195
113000084,1718,1404,314
113000085,833,663,170
113000086,948,999,-51
113000087,937,793,144
113000088,2292,1351,941
113000089,999,1534,-535
113000090,311,715,-404
113000091,350,387,-37
113000094,1307,178,1129
113000095,202,509,-307
113000096,153,561,-408
113000097,1040,312,728
113000098,109,33,76
113000099,1111,394,717
113000100,101,342,-241
113000101,296,525,-229
113000102,686,514,172
113000103,1468,344,1124
113000104,570,2097,-1527
113000105,1007,405,602
113000106,307,429,-122
113000107,911,709,202
113000108,568,729,-161
113000109,617,1388,-771
113000110,2194,506,1688
113000111,142,549,-407
113000112,304,220,84
113000113,1283,269,1014
113000114,254,1484,-1230
113000116,836,340,496
113000117,1894,136,1758
113000118,47,583,-536
113000119,281,535,-254
113000120,41,275,-234
113000121,746,2082,-1336
113000124,236,85,151
113000125,44,848,-804
113000127,1390,211,1179
113000128,605,386,219
113000129,530,799,-269
113000133,1511,1480,31
113000134,11,1363,-1352
113000135,4361,4770,-409
113000137,1412,3595,-2183
113000139,271,320,-49
113000140,82,179,-97
113000141,202,186,16
113000142,418,1278,-860
113000143,230,117,113
113000144,216,413,-197
113000145,130,109,21
113000146,134,51,83
113000147,196,82,114
113000148,260,117,143
113000149,167,109,58
113000150,566,248,318
113000151,48,34,14
113000152,75,107,-32
113000153,1099,488,611
113000154,728,1461,-733
113000155,337,637,-300
113000156,117,317,-200
113000157,219,640,-421
113000158,730,238,492
113000159,1051,545,506
113000160,542,679,-137
113000161,309,281,28
113000162,847,324,523
113000163,117,28,89
113000164,15,45,-30
113000166,184,72,112
113000167,53,48,5
113000168,88,65,23
113000169,246,49,197
113000170,72,108,-36
113000171,33,85,-52
113000172,271,49,222
113000173,50,20,30
113000174,100,238,-138
113000175,393,81,312
113000176,508,129,379
113000177,171,328,-157
113000178,206,187,19
113000179,316,164,152
113000180,702,1021,-319
113000181,1042,570,472
113000182,133,409,-276
113000183,110,557,-447
113000184,15,91,-76
113000189,267,695,-428
113000190,453,395,58
113000192,825,3069,-2244
113000193,2420,2123,297
113000194,1048,993,55
113000195,1656,1480,176
113000196,238,53,185
113000197,1768,1537,231
113000198,52,174,-122
113000199,1760,443,1317
113000201,259,237,22
113000202,3922,1124,2798
113000203,100,110,-10
113000204,760,2292,-1532
113000205,16,23,-7
113000206,3,25,-22
113000207,62,16,46
113000208,38,36,2
113000209,11,10,1
113000210,12,18,-6
113000211,78,171,-93
113000212,59,21,38
113000213,22,168,-146
113000214,139,213,-74
113000234,145,520,-375
113000410,112,243,-131
113000411,2218,4130,-1912
113000412,4186,1851,2335
113000413,1437,2818,-1381
113000414,3279,12259,-8980
113000415,1925,2168,-243
113000416,5096,3258,1838
113000417,1903,2226,-323
113000418,4513,3914,599
113000419,1789,2153,-364
113000420,3997,6385,-2388
113000421,4774,7314,-2540
113000422,11722,10089,1633
113000423,1881,5389,-3508
113000424,3220,9069,-5849
113000425,7,72,-65
113000428,68,171,-103
113000430,8,1319,-1311
113000432,2247,145,2102
113000433,105,506,-401
113000434,18,90,-72
113000435,21,265,-244
113000436,38,614,-576
113000437,1281,8,1273
113000438,326,17,309
113000439,38,33,5
113000440,188,35,153
113000441,203,104,99
113000442,136,94,42
113000443,309,99,210
113000444,213,88,125
113000445,99,41,58
113000446,13,60,-47
113000448,177,227,-50
113000449,106,552,-446
113000450,536,1759,-1223
113000451,1006,221,785
113000452,246,388,-142
113000453,34,405,-371
113000454,411,33,378
113000455,13,342,-329
113000456,2851,2366,485
113000468,816,103,713
113000469,62,233,-171
113000470,334,18,316
113000471,8,323,-315
113000472,146,259,-113
113000474,805,517,288
113000475,1279,1479,-200
113000476,1773,1648,125
113000477,3774,1619,2155
113000478,3136,3420,-284
113000479,76,109,-33
113000480,129,328,-199
113000481,0,0,0
113000483,0,0,0
113000485,0,0,0
113000486,8,0,8
113000487,1,0,1
113000488,1,0,1
113000489,0,1,-1
113000490,0,66,-66
113000491,29,10,19
113000492,8,3,5
113000493,0,0,0
113000495,107,81,26
113000496,74,68,6
113000497,0,0,0
113000500,0,1,-1
113900001,3,313,-310
113900002,0,63,-63
113900003,7,34,-27
113900004,1,40,-39
113900005,0,50,-50
113900006,0,10,-10
113900007,40,15,25
113900008,10,0,10
113900009,49,0,49
113900010,64,0,64
113900011,81,0,81
113900012,33,0,33
113900013,119,5,114
113900014,556,4,552
113900015,0,44,-44
113900016,34,0,34
113900017,5,35,-30
113900018,340,234,106
113900019,210,57,153
113900020,150,2,148
113900022,69,0,69
113900023,25,0,25
113900024,38,46,-8
113900025,181,38,143
113900026,81,0,81
113900027,8,27,-19
113900028,28,272,-244
113900029,65,99,-34
113900030,194,2,192
113900031,18,4,14
113900032,38,0,38
113900033,78,55,23
113900035,62,1,61
113900036,16,43,-27
113900037,137,287,-150
113900038,18,130,-112
113900039,201,31,170
113900040,15,33,-18
113900041,8,11,-3
113900042,65,45,20
113900043,136,85,51
113900044,300,376,-76
113900045,78,0,78
113900046,253,428,-175
113900047,58,105,-47
113900048,88,128,-40
113900049,306,333,-27
113900050,266,219,47
113900051,234,229,5
113900052,86,102,-16
113900053,688,702,-14
113900054,36,3,33
113900055,81,304,-223
113900056,64,148,-84
113900057,10,104,-94
113900058,93,60,33
113900059,262,224,38
113900060,92,129,-37
113900061,554,235,319
113900062,72,18,54
113900063,76,110,-34
113900064,45,76,-31
113900065,482,16,466
113900066,499,179,320
113900067,280,155,125
113900068,448,549,-101
113900069,35,30,5
113900070,171,225,-54
113900071,108,41,67
113900072,64,128,-64
113900073,280,282,-2
113900074,137,307,-170
113900075,1076,1395,-319
113900076,189,13,176
113900077,54,101,-47
113900078,30,33,-3
113900079,0,37,-37
113900080,624,153,471
113900081,61,119,-58
113900082,137,204,-67
113900083,464,165,299
113900084,252,72,180
113900085,40,158,-118
113900086,43,13,30
113900087,125,126,-1
113900088,67,76,-9
113900089,451,45,406
113900090,732,337,395
113900091,24,14,10
113900092,11,70,-59
113900093,66,815,-749
113900094,601,243,358
113900095,160,117,43
113900096,286,70,216
113900097,29,69,-40
113900098,709,106,603
113900099,0,21,-21
113900100,0,1,-1
113900101,13,62,-49
113900102,84,167,-83
113900103,362,278,84
113900104,146,191,-45
113900105,138,92,46
113900106,0,31,-31
113900107,0,25,-25
113900108,154,233,-79
113900109,311,221,90
113900110,90,17,73
113900111,177,68,109
113900112,172,78,94
113900113,1201,438,763
113900114,2,43,-41
113900115,0,39,-39
113900116,65,129,-64
113900117,98,26,72
113900118,237,520,-283
113900119,117,373,-256
113900120,82,43,39
113900121,95,50,45
113900122,498,2382,-1884
113900123,557,173,384
113900124,1,40,-39
113900125,591,115,476
113900126,110,39,71
113900127,365,750,-385
113900128,130,51,79
113900129,11,142,-131
113900130,14,297,-283
113900131,275,68,207
113900132,32,60,-28
113900133,27,53,-26
113900135,269,207,62
113900136,91,61,30
113900137,359,315,44
113900138,50,213,-163
113900139,153,219,-66
113900140,85,417,-332
113900141,654,177,477
113900142,144,44,100
113900143,15,65,-50
113900144,132,407,-275
113900145,316,97,219
113900146,202,37,165
113900148,112,346,-234
113900149,182,96,86
113900150,241,351,-110
113900151,457,125,332
113900152,63,54,9
113900153,160,618,-458
113900154,2,109,-107
113900155,136,228,-92
113900156,148,249,-101
113900157,48,312,-264
113900158,256,719,-463
113900159,14,237,-223
113900160,416,304,112
113900161,77,247,-170
113900162,352,1208,-856
113900163,228,201,27
113900164,328,48,280
113900165,537,265,272
113900166,91,171,-80
113900167,287,42,245
113900168,52,53,-1
113900169,135,262,-127
113900171,256,61,195
113900172,4,68,-64
113900173,20,254,-234
113900174,424,388,36
113900175,395,139,256
113900176,249,307,-58
113900177,267,126,141
113900178,538,102,436
113900179,15,175,-160
113900180,188,58,130
113900181,887,139,748
113900182,676,699,-23
113900183,83,47,36
113900184,11,269,-258
113900185,139,53,86
113900186,42,33,9
113900187,43,116,-73
113900188,31,180,-149
113900189,261,122,139
113900190,170,81,89
113900191,96,164,-68
113900192,6,684,-678
113900193,19,100,-81
113900194,976,651,325
113900195,229,279,-50
113900196,1,149,-148
113900197,0,59,-59
113900198,44,172,-128
113900199,91,431,-340
113900200,31,169,-138
113900201,0,82,-82
113900202,26,205,-179
113900203,0,40,-40
113900204,23,280,-257
113900205,4,112,-108
113900206,4,106,-102
113900207,0,50,-50
113900208,2,32,-30
113900209,0,44,-44
113900210,400,646,-246
113900211,205,66,139
113900212,199,291,-92
113900214,251,290,-39
113900215,32,116,-84
113900216,247,414,-167
113900217,101,111,-10
113900218,158,82,76
113900219,120,354,-234
113900220,144,140,4
113900221,392,347,45
113900222,148,469,-321
113900223,211,350,-139
113900224,59,43,16
113900225,413,161,252
113900226,421,147,274
113900227,388,236,152
113900228,231,663,-432
113900229,60,1015,-955
113900230,2613,3228,-615
113900231,154,115,39
113900232,108,68,40
113900233,98,46,52
113900234,364,428,-64
113900235,154,39,115
113900236,310,203,107
113900237,244,7,237
113900238,229,623,-394
113900239,32,94,-62
113900240,4,212,-208
113900241,135,50,85
113900242,26,178,-152
113900243,55,308,-253
113900244,170,135,35
113900245,717,213,504
113900246,9,11,-2
113900247,112,548,-436
113900248,1565,2037,-472
113900249,722,519,203
113900250,54,200,-146
113900251,804,86,718
113900252,490,27,463
113900253,664,70,594
113900254,724,150,574
113900255,629,13,616
113900256,350,20,330
113900257,20,210,-190
113900258,23,194,-171
113900259,606,78,528
113900260,274,17,257
113900261,41,43,-2
113900262,105,259,-154
113900263,69,472,-403
113900264,2,194,-192
113900265,173,205,-32
113900266,41,127,-86
113900267,88,397,-309
113900268,346,366,-20
113900269,61,122,-61
113900270,241,547,-306
113900271,544,577,-33
113900273,97,9,88
113900274,195,29,166
113900275,28,48,-20
113900276,1,74,-73
113900277,146,8,138
113900278,212,170,42
113900279,79,75,4
113900280,1456,463,993
113900281,435,1369,-934
113900282,510,630,-120
113900283,422,528,-106
113900284,881,143,738
113900285,146,48,98
113900286,86,85,1
113900287,67,44,23
113900288,2,132,-130
113900289,398,103,295
113900290,123,218,-95
113900291,75,133,-58
113900292,8,3,5
113900293,3,128,-125
113900294,510,10,500
113900295,351,293,58
113900296,1937,348,1589
113900297,2439,55,2384
113900298,35,1052,-1017
113900299,121,45,76
113900300,2909,3946,-1037
113900301,568,402,166
113900302,1581,915,666
113900303,293,566,-273
113900304,0,61,-61
113900305,143,1,142
113900306,61,0,61
113900307,29,1,28
113900308,90,86,4
113900309,1,385,-384
113900310,0,10,-10
113900311,7,1,6
113900312,158,202,-44
113900313,7,6,1
114000001,1022,1696,-674
114000002,274,210,64
114000003,55,245,-190
114000004,381,291,90
114000005,330,180,150
114000006,1526,1343,183
114000007,637,1010,-373
114000008,1256,1768,-512
114000009,997,241,756
114000011,2941,1780,1161
114000012,3130,1221,1909
114000013,1985,1098,887
114000014,349,141,208
114000015,2160,272,1888
114000016,252,146,106
114000017,129,407,-278
114000018,152,24,128
114000026,2340,857,1483
114000027,4145,1788,2357
114000028,2385,2794,-409
114000038,256,113,143
114000039,66,39,27
114000040,174,250,-76
114000042,148,159,-11
114000043,48,61,-13
114000044,435,11,424
114000045,27,36,-9
114000046,2346,3256,-910
114000047,12,67,-55
114000048,101,21,80
114000049,1643,1146,497
114000050,2066,1443,623
114000051,3138,1699,1439
114000052,4291,1706,2585
114000053,115,608,-493
114000054,156,542,-386
114000055,206,22,184
114000056,384,953,-569
114000057,3793,1890,1903
114000058,266,1407,-1141
114000059,75,368,-293
114000060,507,572,-65
114000061,1931,3009,-1078
114000062,1026,1630,-604
114000063,1342,1157,185
114000064,2589,3200,-611
114000065,1249,1734,-485
114000066,408,522,-114
114000067,38,905,-867
114000068,445,727,-282
114000069,1196,480,716
114000070,2148,1798,350
114000071,936,379,557
114000072,571,141,430
114000073,17,29,-12
114000074,81,25,56
114000075,64,49,15
114000076,28,30,-2
114000077,4,14,-10
114000078,324,310,14
114000079,221,18,203
114000080,54,85,-31
114000081,77,65,12
114000082,24,289,-265
114000083,46,168,-122
114000084,302,70,232
114000085,75,264,-189
114000086,217,160,57
114000087,235,105,130
114000088,46,29,17
114000089,416,306,110
114000090,949,865,84
114000091,1497,715,782
114000092,1024,382,642
114000093,1263,576,687
114000094,338,291,47
114000095,282,145,137
114000096,143,202,-59
114000097,100,269,-169
114000098,562,68,494
114000099,799,225,574
114000100,1820,427,1393
114000101,482,266,216
114000102,551,252,299
114000103,121,211,-90
114000104,19,138,-119
114000105,201,106,95
114000106,588,1515,-927
114000107,486,119,367
114000108,803,703,100
114000109,638,1158,-520
114000110,468,829,-361
114000111,1991,885,1106
114000112,454,1128,-674
114000113,1274,560,714
114000114,985,823,162
114000115,2005,1053,952
114000116,997,1034,-37
114000117,3781,497,3284
114000118,3114,521,2593
114000119,2185,459,1726
114000120,495,526,-31
114000121,338,670,-332
114000122,416,303,113
114000123,2156,246,1910
114000124,1045,218,827
114000125,731,832,-101
114000126,1710,182,1528
114000127,318,149,169
114000128,836,230,606
114000130,382,392,-10
114000131,326,93,233
114000132,615,343,272
114000133,814,926,-112
114000134,96,46,50
114000138,34,86,-52
114000139,456,317,139
114000144,875,607,268
114000145,78,94,-16
114000146,86,111,-25
114000147,1488,2154,-666
114000148,1306,1823,-517
114000149,381,299,82
114000150,329,491,-162
114000151,530,1599,-1069
114000152,132,31,101
114000153,636,1764,-1128
114000154,597,433,164
114000155,1536,2193,-657
114000156,862,585,277
114000157,245,868,-623
114000158,841,586,255
114000159,95,231,-136
114000160,74,330,-256
114000161,1220,3052,-1832
114000162,1093,2666,-1573
114000163,24,41,-17
114000165,793,302,491
114000166,677,466,211
114000167,2251,1258,993
114000168,457,489,-32
114000169,1414,1711,-297
114000170,858,1143,-285
114000171,1505,3115,-1610
114000174,188,326,-138
114000176,403,392,11
114000177,1106,666,440
114000178,61,53,8
114000179,1053,581,472
114000180,288,509,-221
114000181,1828,4284,-2456
114000182,1683,1964,-281
114000183,600,531,69
114000184,507,575,-68
114000185,1230,727,503
114000189,1369,157,1212
114000190,3438,449,2989
114000191,73,148,-75
114000192,121,802,-681
114000193,382,1328,-946
114000194,1156,538,618
114000195,220,49,171
114000196,2,92,-90
114000197,1548,16,1532
114000198,634,303,331
114000199,1595,1732,-137
114000200,520,961,-441
114000201,134,474,-340
114000202,899,398,501
114000203,469,369,100
114000204,163,293,-130
114000205,202,961,-759
114000206,616,1072,-456
114000207,486,983,-497
114000208,368,1391,-1023
114000209,372,1245,-873
114000210,161,711,-550
114000211,1241,1051,190
114000212,978,781,197
114000213,1539,479,1060
114000214,68,127,-59
114000215,195,58,137
114000216,1390,281,1109
114000217,414,184,230
114000218,184,135,49
114000219,1256,155,1101
114000220,25,446,-421
114000221,828,142,686
114000222,113,550,-437
114000223,461,147,314
114000224,56,433,-377
114000225,261,367,-106
114000226,200,209,-9
114000227,772,459,313
114000228,828,457,371
114000229,1282,895,387
114000230,1495,723,772
114000231,1055,947,108
114000232,768,129,639
114000233,2341,134,2207
114000234,1127,684,443
114000235,1161,966,195
114000236,1,304,-303
114000237,117,586,-469
114000238,133,162,-29
114000239,139,710,-571
114000240,750,670,80
114000241,260,585,-325
114000242,698,609,89
114000243,1576,757,819
114000244,483,267,216
114000245,411,570,-159
114000246,114,49,65
114000247,653,517,136
114000248,1166,482,684
114000249,625,379,246
114000250,608,441,167
114000251,476,178,298
114000252,39,21,18
114000253,69,112,-43
114000254,56,42,14
114000255,420,189,231
114000256,611,2049,-1438
114000257,291,705,-414
114000258,645,198,447
114000259,340,173,167
114000260,1,15,-14
114000261,65,44,21
114000262,316,78,238
114000263,5,2,3
114000264,1537,323,1214
114000265,0,0,0
114000267,3,1519,-1516
114000268,1,743,-742
114000270,153,1,152
114000271,299,33,266
114000283,1510,278,1232
114000285,24,105,-81
114000288,85,181,-96
114000289,1793,125,1668
114000293,259,457,-198
114000294,180,246,-66
114000395,1641,26,1615
114000396,639,599,40
114000402,723,218,505
114000403,373,200,173
114000405,191,199,-8
114000423,344,170,174
114000424,641,117,524
114000425,985,214,771
114000426,272,759,-487
114000427,93,61,32
114000428,165,194,-29
114000429,9,131,-122
114000432,81,50,31
114000434,26,54,-28
114000435,4,119,-115
114000436,1122,467,655
114000437,349,3555,-3206
114900001,651,488,163
114900002,502,173,329
114900003,789,664,125
114900004,215,396,-181
114900005,538,383,155
114900006,107,78,29
114900007,329,20,309
114900008,229,92,137
114900010,1097,1477,-380
114900011,268,136,132
114900013,295,128,167
114900015,66,524,-458
114900018,1073,46,1027
114900020,168,89,79
114900022,0,449,-449
114900024,326,149,177
114900025,522,128,394
114900026,68,136,-68
114900027,175,164,11
114900029,17,25,-8
114900030,398,166,232
114900031,403,24,379
114900032,485,17,468
114900033,491,1199,-708
114900034,31,89,-58
114900035,115,198,-83
114900036,157,318,-161
114900037,138,104,34
114900038,174,292,-118
114900039,495,230,265
114900040,63,60,3
114900041,931,212,719
114900042,985,307,678
114900043,371,167,204
114900044,173,51,122
114900046,29,89,-60
114900047,220,2371,-2151
114900048,97,148,-51
114900049,5,87,-82
114900050,42,176,-134
114900051,10,236,-226
114900052,92,276,-184
114900053,129,196,-67
114900054,40,66,-26
114900057,212,11,201
114900058,0,49,-49
114900059,125,51,74
114900060,498,659,-161
114900061,95,71,24
114900062,160,197,-37
114900063,62,79,-17
114900064,1919,252,1667
114900065,441,588,-147
114900067,32,353,-321
114900068,38,104,-66
114900069,176,74,102
114900070,593,203,390
114900072,3,249,-246
114900073,2,118,-116
114900074,954,294,660
114900075,459,4,455
114900076,10,256,-246
114900080,964,221,743
114900082,2224,2356,-132
114900083,801,928,-127
114900090,418,215,203
114900091,71,176,-105
114900095,186,80,106
114900096,421,456,-35
114900097,134,1,133
114900098,3,115,-112
114900099,242,4,238
115000001,3835,2108,1727
115000002,4153,4828,-675
115000003,3983,1786,2197
115000004,5166,6252,-1086
115000005,1459,1597,-138
115000006,1226,1437,-211
115000007,144,206,-62
115000008,312,382,-70
115000009,236,195,41
115000010,263,160,103
115000013,65,158,-93
115000015,38,273,-235
115000016,147,341,-194
115000019,36,475,-439
115000020,125,972,-847
115000021,198,395,-197
115000022,402,333,69
115000023,334,683,-349
115000024,779,344,435
115000025,869,744,125
115000026,194,263,-69
115000027,273,283,-10
115000028,249,558,-309
115000029,664,102,562
115000030,924,907,17
115000031,1261,409,852
115000032,7,187,-180
115000033,109,42,67
115000034,62,950,-888
115000035,1104,71,1033
115000036,3,366,-363
115000037,663,25,638
115000038,65,130,-65
115000039,2639,3451,-812
115000040,3450,2202,1248
115000041,1387,3665,-2278
115000042,863,537,326
115000043,4142,2312,1830
115000044,3550,2665,885
115000045,2504,1093,1411
115000046,2564,1852,712
115000047,2475,1050,1425
115000048,1527,1479,48
115000049,1580,2565,-985
115000050,3259,1327,1932
115000051,1344,2925,-1581
115000052,1417,1456,-39
115000053,1799,1824,-25
115000054,528,779,-251
115000055,136,605,-469
115000056,170,515,-345
115000057,628,970,-342
115000058,544,325,219
115000059,311,183,128
115000061,112,185,-73
115000062,185,161,24
115000063,425,187,238
115000064,271,50,221
115000065,69,538,-469
115000067,162,12,150
115000069,73,217,-144
115000070,38,763,-725
115000071,91,22,69
115000072,13,62,-49
115000073,1477,92,1385
115000075,134,61,73
115000076,2439,1982,457
115000077,2272,1225,1047
115000078,1327,835,492
115000079,1577,1245,332
115000080,2871,1474,1397
115000081,370,662,-292
115000082,4481,3544,937
115000083,1974,1198,776
115000084,2862,872,1990
115000085,775,612,163
115000086,1243,533,710
115000087,341,1147,-806
115000088,1817,559,1258
115000089,1191,1015,176
115000090,429,837,-408
115000091,205,506,-301
115000092,707,381,326
115000093,534,9,525
115000094,4694,5810,-1116
115000095,3375,6035,-2660
115000096,714,828,-114
115000097,1187,877,310
115000098,1311,589,722
115000099,2692,1675,1017
115000100,1231,333,898
115000101,503,1047,-544
115000102,502,202,300
115000103,201,431,-230
115000105,53,66,-13
115000106,698,269,429
115000107,169,292,-123
115000108,2195,1742,453
115000109,3314,4932,-1618
115000110,1444,1869,-425
115000111,657,1274,-617
115000112,982,860,122
115000113,741,802,-61
115000114,1643,671,972
115000116,3214,2101,1113
115000117,2745,2496,249
115000118,2358,1727,631
115000119,1739,1927,-188
115000120,521,1476,-955
115000121,847,868,-21
115000122,1698,2172,-474
115000123,950,2616,-1666
115000124,675,917,-242
115000125,418,624,-206
115000126,152,324,-172
115000127,312,118,194
115000128,227,754,-527
115000129,227,444,-217
115000130,474,429,45
115000131,897,225,672
115000132,407,212,195
115000133,758,205,553
115000134,469,183,286
115000135,309,103,206
115000136,301,223,78
115000137,113,114,-1
115000138,355,232,123
115000139,239,161,78
115000140,398,141,257
115000141,185,156,29
115000142,156,145,11
115000143,1025,540,485
115000144,491,49,442
115000145,248,192,56
115000146,527,372,155
115000147,310,295,15
115000148,261,563,-302
115000149,665,244,421
115000150,626,450,176
115000151,1247,441,806
115000152,686,471,215
115000153,1321,440,881
115000154,953,238,715
115000155,686,619,67
115000156,1011,674,337
115000157,538,632,-94
115000158,477,392,85
115000159,548,665,-117
115000160,486,673,-187
115000161,570,396,174
115000162,582,811,-229
115000163,425,591,-166
115000164,725,513,212
115000165,331,480,-149
115000167,121,55,66
115000168,416,295,121
115000169,417,387,30
115000170,97,118,-21
115000171,222,228,-6
115000172,691,662,29
115000173,410,796,-386
115000174,249,440,-191
115000175,243,240,3
115000176,150,159,-9
115000177,205,203,2
115000178,18,179,-161
115000179,61,59,2
115000180,147,377,-230
115000181,733,94,639
115000182,1104,211,893
115000183,439,504,-65
115000186,695,192,503
115000187,264,515,-251
115000188,333,475,-142
115000189,175,409,-234
115000190,611,444,167
115000191,133,611,-478
115000194,135,159,-24
115000195,273,283,-10
115000196,211,89,122
115000197,233,143,90
115000198,434,116,318
115000199,426,151,275
115000200,462,70,392
115000201,137,250,-113
115000206,498,56,442
115000207,223,182,41
115000208,263,468,-205
115000209,879,357,522
115000210,205,157,48
115000211,191,195,-4
115000212,1080,341,739
115000218,57,91,-34
115000219,72,32,40
115000224,337,57,280
115000225,60,81,-21
115000229,142,76,66
115000230,116,311,-195
115000231,213,815,-602
115000232,1887,246,1641
115000233,120,156,-36
115000234,39,262,-223
115000241,128,132,-4
115000242,87,133,-46
115000243,48,106,-58
115000244,9,90,-81
115000246,31,28,3
115000247,34,20,14
115000248,20,11,9
115000249,16,10,6
115000250,253,27,226
115000251,211,66,145
115000252,118,143,-25
115000253,7,345,-338
115000258,346,95,251
115000259,220,106,114
115000261,25,18,7
115000262,18,41,-23
115000263,5,25,-20
115000264,41,11,30
115000267,79,66,13
115000268,37,72,-35
115000269,111,70,41
115000270,3,29,-26
115000272,71,88,-17
115000273,482,42,440
115000274,301,102,199
115000280,1629,385,1244
115000281,312,948,-636
115000282,824,1098,-274
115000284,191,150,41
115000296,841,11,830
115000297,144,241,-97
115000298,75,613,-538
115000300,240,138,102
115000302,545,80,465
115000303,697,74,623
115000304,1004,49,955
115000305,110,390,-280
115000306,265,193,72
115000307,110,92,18
115000308,14,15,-1
115000309,0,11,-11
115000310,1172,492,680
115000311,1186,968,218
115000313,89,316,-227
115000314,551,148,403
115000315,511,455,56
115000316,77,120,-43
115000317,186,298,-112
115000318,835,310,525
115000319,67,176,-109
115000320,30,345,-315
115000321,310,8,302
115000322,50,137,-87
115000449,202,139,63
115000557,12,1611,-1599
115000558,401,122,279
115000587,565,286,279
115000588,1905,2035,-130
115000589,3755,1981,1774
115000590,1231,1271,-40
115000591,1818,774,1044
115000592,503,1757,-1254
115000593,1451,621,830
115000594,575,2380,-1805
115000609,172,120,52
115000617,829,3411,-2582
115000624,237,21,216
115000633,439,1879,-1440
115000634,2829,805,2024
115000635,638,122,516
115000638,344,437,-93
115000641,55,117,-62
115000642,367,253,114
115000643,121,307,-186
115000644,141,248,-107
115000646,857,1561,-704
115000647,159,442,-283
115000648,2287,1238,1049
115000893,1873,1249,624
115000894,142,738,-596
115000895,287,481,-194
115000896,1018,240,778
115000897,501,84,417
115000898,517,320,197
115000899,206,869,-663
115000900,48,277,-229
115000901,48,147,-99
115000912,388,90,298
115000913,4,10,-6
115000915,11,1,10
115000916,4,0,4
115000917,0,10,-10
115000918,51,1080,-1029
115000919,8,26,-18
115000920,21,34,-13
115000921,366,101,265
115000922,417,726,-309
115000923,140,804,-664
115000925,100,107,-7
115000927,44,49,-5
115000933,75,130,-55
115000934,25,27,-2
115000935,21,10,11
115900001,133,35,98
115900002,85,76,9
115900003,179,48,131
115900004,4,41,-37
115900005,281,12,269
115900006,166,146,20
115900008,69,1,68
115900009,97,123,-26
115900010,385,81,304
115900011,468,263,205
115900012,211,36,175
115900013,365,130,235
115900014,127,138,-11
115900015,205,25,180
115900016,138,41,97
115900017,30,9,21
115900018,116,39,77
115900019,339,19,320
115900020,136,3,133
115900021,850,678,172
115900022,478,11,467
115900023,38,9,29
115900025,17,245,-228
115900026,652,123,529
115900027,0,138,-138
115900028,488,55,433
115900029,25,258,-233
115900030,68,25,43
115900031,158,367,-209
115900032,442,501,-59
115900033,0,56,-56
115900034,18,197,-179
115900035,46,11,35
115900036,30,1137,-1107
115900037,30,205,-175
115900038,74,27,47
115900039,169,117,52
115900041,227,690,-463
115900042,32,13,19
115900043,86,35,51
115900044,190,291,-101
115900046,391,188,203
115900047,148,187,-39
115900049,195,131,64
115900051,2,12,-10
115900052,5,96,-91
115900053,266,103,163
115900054,284,39,245
115900055,18,78,-60
115900056,194,138,56
115900057,42,16,26
115900058,28,42,-14
115900060,111,121,-10
115900061,331,4,327
115900062,97,175,-78
115900063,67,6,61
115900064,168,169,-1
115900065,142,58,84
115900066,99,85,14
115900067,8,203,-195
115900068,1599,1274,325
115900069,59,154,-95
115900070,162,65,97
115900071,0,153,-153
115900072,41,104,-63
115900073,84,96,-12
115900074,2,145,-143
115900075,22,163,-141
115900076,5,39,-34
115900077,2,108,-106
115900078,63,74,-11
115900079,312,13,299
115900080,250,137,113
115900081,33,33,0
115900082,107,110,-3
115900084,711,17,694
115900085,36,58,-22
115900086,880,436,444
115900088,2,38,-36
115900089,324,419,-95
115900090,413,8,405
115900091,10,17,-7
115900092,30,61,-31
115900093,5,11,-6
115900094,8,114,-106
115900096,2,9,-7
115900097,11,180,-169
115900098,233,196,37
115900099,226,44,182
115900100,13,290,-277
115900101,129,145,-16
115900102,81,38,43
115900103,277,119,158
115900104,89,67,22
115900105,304,296,8
115900106,88,20,68
115900107,126,40,86
115900108,177,46,131
115900109,51,238,-187
115900110,4,11,-7
115900111,2,53,-51
115900112,35,520,-485
115900113,70,29,41
115900114,3,100,-97
115900115,81,146,-65
115900116,71,500,-429
115900117,96,15,81
115900118,2,157,-155
115900119,165,111,54
115900120,42,170,-128
115900121,226,144,82
115900124,275,604,-329
115900125,355,46,309
115900126,800,57,743
115900127,736,43,693
115900128,6,158,-152
115900129,815,47,768
115900130,14,231,-217
115900131,333,42,291
115900132,679,8,671
115900134,296,7,289
115900135,326,1354,-1028
115900137,28,5,23
115900139,60,188,-128
115900140,325,30,295
115900141,20,138,-118
115900142,16,68,-52
115900143,317,393,-76
115900144,126,189,-63
115900146,7,53,-46
115900147,244,324,-80
115900148,73,7,66
115900149,131,14,117
115900150,126,14,112
115900151,14,89,-75
115900152,156,226,-70
115900153,173,114,59
115900154,316,296,20
115900155,0,24,-24
115900156,724,922,-198
115900157,246,474,-228
115900158,6,4,2
115900159,218,154,64
115900160,2,10,-8
115900161,148,139,9
115900163,236,107,129
115900164,682,23,659
115900165,1,120,-119
115900166,174,111,63
115900168,189,107,82
115900171,89,311,-222
115900172,60,91,-31
115900173,198,77,121
115900174,238,182,56
115900175,175,169,6
115900178,1,258,-257
115900179,360,11,349
115900180,47,97,-50
115900181,210,110,100
115900182,502,94,408
115900183,124,134,-10
115900184,698,10,688
115900187,19,139,-120
115900189,1,323,-322
115900190,371,1314,-943
115900191,16,164,-148
115900192,4,77,-73
115900193,227,87,140
115900194,798,57,741
115900195,418,2242,-1824
115900198,223,253,-30
115900199,216,123,93
115900200,216,212,4
115900201,289,325,-36
115900202,0,121,-121
115900203,6,24,-18
115900204,3,6,-3
115900205,49,18,31
115900206,252,125,127
115900207,44,11,33
115900208,95,74,21
115900209,8,95,-87
115900210,4,128,-124
115900211,1,116,-115
115900212,178,146,32
115900213,77,129,-52
115900214,524,107,417
115900215,24,195,-171
115900216,12,88,-76
115900217,32,25,7
115900218,3,25,-22
115900219,128,5,123
115900220,237,9,228
115900221,104,11,93
115900222,80,31,49
115900223,11,468,-457
115900224,607,1450,-843
115900225,50,57,-7
115900226,15,44,-29
115900227,12,48,-36
115900228,7,60,-53
115900229,4,36,-32
115900230,47,77,-30
115900231,133,5,128
115900232,62,2,60
115900233,110,18,92
115900234,83,36,47
115900235,26,18,8
115900236,108,30,78
115900237,67,18,49
115900238,60,18,42
115900239,15,23,-8
115900240,12,44,-32
115900241,278,75,203
115900242,193,373,-180
115900243,12,4,8
115900244,17,17,0
115900245,17,3,14
115900246,2,16,-14
115900247,19,12,7
115900248,20,2,18
115900249,3,15,-12
115900250,17,11,6
115900251,2,9,-7
115900252,1,0,1
115900253,14,11,3
115900254,13,34,-21
115900255,0,15,-15
115900256,5,9,-4
115900257,4,7,-3
115900258,0,0,0
115900259,1,1,0
115900260,8,1,7
115900261,3,0,3
115900262,2,1,1
115900263,12,0,12
115900264,23,2,21
115900265,7,7,0
115900266,4,22,-18
115900267,11,18,-7
115900268,10,11,-1
115900269,638,231,407
115900270,385,121,264
115900271,29,0,29
115900272,14,2,12
115900273,3,9,-6
115900274,0,5,-5
115900275,1,8,-7
115900276,0,4,-4
115900277,0,6,-6
115900278,10,33,-23
115900279,4,55,-51
115900280,8,165,-157
115900281,30,49,-19
116000001,5709,2905,2804
116000002,4483,13159,-8676
116000003,1083,1119,-36
116000004,2742,4502,-1760
116000005,1439,2461,-1022
116000006,2418,2767,-349
116000007,2384,2661,-277
116000008,4599,2860,1739
116000009,1083,1458,-375
116000010,2349,1706,643
116000011,699,1419,-720
116000012,1751,1167,584
116000013,5137,3257,1880
116000014,6904,13013,-6109
116000015,169,1465,-1296
116000016,4325,4158,167
116000017,40,789,-749
116000018,645,298,347
116000019,958,305,653
116000020,607,977,-370
116000021,596,314,282
116000022,316,260,56
116000023,1362,873,489
116000024,848,613,235
116000025,939,857,82
116000026,1685,2409,-724
116000027,784,742,42
116000028,497,1132,-635
116000029,581,813,-232
116000030,815,550,265
116000031,210,269,-59
116000032,294,180,114
116000033,338,324,14
116000034,897,639,258
116000035,354,693,-339
116000036,1328,1811,-483
116000037,582,494,88
116000038,301,701,-400
116000039,467,690,-223
116000040,702,569,133
116000041,183,522,-339
116000042,654,443,211
116000043,105,706,-601
116000044,2,21,-19
116000045,1828,1678,150
116000046,990,1846,-856
116000047,1558,2194,-636
116000048,2190,1743,447
116000049,1351,3098,-1747
116000050,1489,1278,211
116000051,6454,2726,3728
116000052,5912,4712,1200
116000053,2258,726,1532
116000054,851,2348,-1497
116000055,779,746,33
116000056,932,1003,-71
116000057,2830,1415,1415
116000058,2960,2673,287
116000059,2769,4977,-2208
116000060,1719,942,777
116000061,296,1136,-840
116000062,455,193,262
116000063,561,1267,-706
116000066,266,679,-413
116000067,145,359,-214
116000068,234,299,-65
116000069,217,291,-74
116000078,571,1046,-475
116000080,1671,705,966
116000082,7,25,-18
116000083,1674,412,1262
116000084,1558,2393,-835
116000085,2241,1820,421
116000086,1023,597,426
116000087,2318,1611,707
116000088,698,755,-57
116000089,150,77,73
116000090,87,116,-29
116000091,358,280,78
116000093,728,562,166
116000094,774,410,364
116000095,873,496,377
116000096,925,1631,-706
116000097,1061,465,596
116000098,21,7186,-7165
116000099,4109,137,3972
116000100,320,20,300
116000101,985,441,544
116000102,234,666,-432
116000103,442,322,120
116000104,236,740,-504
116000105,1259,139,1120
116000106,682,601,81
116000107,3577,239,3338
116000108,229,262,-33
116000111,108,35,73
116000113,97,84,13
116000114,23,131,-108
116000115,328,98,230
116000116,236,285,-49
116000117,1516,1564,-48
116000118,1588,959,629
116000119,3782,1700,2082
116000120,2822,2653,169
116000121,1048,508,540
116000122,869,986,-117
116000123,1357,347,1010
116000124,346,719,-373
116000125,3385,811,2574
116000126,288,809,-521
116000127,839,754,85
116000128,1977,863,1114
116000129,1388,220,1168
116000130,663,556,107
116000133,1445,693,752
116000134,1477,1218,259
116000135,3194,1103,2091
116000136,799,1253,-454
116000137,1325,755,570
116000138,999,652,347
116000139,1722,2121,-399
116000140,233,139,94
116000141,254,375,-121
116000142,2652,1766,886
116000143,1737,1799,-62
116000144,1380,1285,95
116000145,1947,1003,944
116000146,683,98,585
116000147,211,137,74
116000148,676,573,103
116000149,713,769,-56
116000151,461,377,84
116000153,122,302,-180
116000155,172,247,-75
116000156,433,782,-349
116000157,77,22,55
116000158,293,363,-70
116000159,25,9,16
116000160,13,34,-21
116000161,5,74,-69
116000162,89,102,-13
116000163,15,14,1
116000164,6,17,-11
116000177,211,125,86
116000194,82,355,-273
116000195,1176,499,677
116000196,35,2,33
116000197,19,17,2
116000198,2502,1126,1376
116000200,610,627,-17
116000201,704,635,69
116000202,4,159,-155
116000203,4,51,-47
116000204,12,56,-44
116000205,0,85,-85
116000206,2,155,-153
116000207,24,64,-40
116000233,185,308,-123
116000287,160,225,-65
116000288,351,178,173
116000292,103,85,18
116000296,7,152,-145
116000297,76,11,65
116000304,183,9,174
116000305,3,53,-50
116000346,232,89,143
116000352,114,26,88
116000354,42,13,29
116000357,12,25,-13
116000358,387,81,306
116000361,39,4,35
116000372,2809,4870,-2061
116000381,120,4,116
116000388,3,42,-39
116000389,1013,477,536
116000445,561,230,331
116000446,724,295,429
116000447,25,525,-500
116000448,442,134,308
116000563,794,1026,-232
116000565,35,278,-243
116000568,56,466,-410
116000579,27,102,-75
116000584,16,5,11
116000585,41,21,20
116000586,46,96,-50
116000587,381,638,-257
116000589,55,64,-9
116000590,129,77,52
116000591,268,124,144
116000592,6,57,-51
116000593,1,30,-29
116000594,833,222,611
116000595,599,46,553
116000596,145,4,141
116000597,459,136,323
116000598,20,87,-67
116000602,32,542,-510
116000605,133,86,47
116000606,48,217,-169
116000607,6,58,-52
116000609,115,975,-860
116000611,162,253,-91
116000612,807,1900,-1093
116000613,733,267,466
116000614,377,304,73
116000615,14,376,-362
116000616,65,50,15
116000617,144,16,128
116000618,5,55,-50
116000619,41,73,-32
116000620,218,100,118
116000621,105,106,-1
116000622,39,113,-74
116000624,234,104,130
116000627,1,4,-3
116000628,5,91,-86
116000629,8,130,-122
116000630,249,6,243
116000631,94,3,91
116000632,505,106,399
116000633,16,223,-207
116000634,428,11,417
116000635,821,1147,-326
116900001,267,159,108
116900002,212,1,211
116900003,49,26,23
116900004,56,60,-4
116900005,350,51,299
116900006,80,534,-454
116900007,166,187,-21
116900008,481,125,356
116900009,18,10,8
116900010,2,651,-649
116900011,9,33,-24
116900012,203,221,-18
116900013,4,120,-116
116900014,149,105,44
116900015,544,31,513
116900016,230,2,228
116900017,0,317,-317
116900018,101,44,57
116900019,3,167,-164
116900020,633,1211,-578
116900023,116,18,98
116900024,734,41,693
116900025,1238,568,670
116900026,72,432,-360
116900027,36,38,-2
116900028,4,66,-62
116900029,0,45,-45
116900031,1,3,-2
116900032,8,127,-119
116900033,34,10,24
116900034,8,40,-32
116900035,136,141,-5
116900036,0,76,-76
116900038,15,2,13
116900041,91,22,69
116900042,371,217,154
116900043,26,51,-25
116900045,266,82,184
116900047,19,184,-165
116900049,18,218,-200
116900050,127,306,-179
116900051,196,59,137
116900052,200,65,135
116900055,0,9,-9
116900057,21,126,-105
116900058,37,277,-240
116900059,2,69,-67
116900060,160,155,5
116900062,1,3,-2
116900064,67,261,-194
116900065,19,79,-60
116900067,129,31,98
116900068,107,171,-64
116900070,10,3,7
116900072,41,241,-200
116900073,24,64,-40
116900074,5,26,-21
116900076,13,29,-16
116900077,4,50,-46
116900078,144,85,59
116900079,26,119,-93
116900080,10,16,-6
116900081,265,783,-518
116900082,376,927,-551
116900083,27,23,4
116900084,82,58,24
116900085,22,85,-63
116900086,30,110,-80
116900088,284,59,225
116900090,50,16,34
116900091,405,13,392
116900092,69,498,-429
116900093,1801,1608,193
116900094,2934,4503,-1569
116900095,227,72,155
116900096,121,392,-271
116900097,1901,3467,-1566
116900098,708,280,428
116900099,535,794,-259
116900100,1062,66,996
116900101,315,352,-37
116900103,3,0,3
116900104,59,68,-9
116900105,321,166,155
116900106,2585,104,2481
116900107,1934,2581,-647
116900110,7,3,4
116900111,669,346,323
116900112,219,504,-285
116900113,1071,1300,-229
116900116,89,667,-578
116900117,125,101,24
116900118,504,719,-215
116900120,484,44,440
116900121,91,17,74
116900122,1054,400,654
116900123,259,449,-190
116900124,131,784,-653
116900125,566,120,446
116900126,77,514,-437
116900128,1,29,-28
116900129,0,220,-220
116900130,391,4587,-4196
116900131,76,337,-261
116900132,72,117,-45
116900133,183,103,80
116900134,238,203,35
116900136,299,173,126
116900137,296,170,126
116900138,214,133,81
116900139,164,342,-178
116900140,191,135,56
116900141,623,376,247
116900142,3,84,-81
116900143,406,279,127
116900144,34,90,-56
116900145,104,133,-29
116900147,370,818,-448
116900148,1,49,-48
116900149,61,299,-238
116900150,14,9,5
116900151,21,6,15
116900153,165,98,67
116900154,272,640,-368
116900155,62,80,-18
116900157,731,100,631
116900158,82,329,-247
116900159,57,284,-227
116900160,947,928,19
116900161,3919,7676,-3757
116900162,13,41,-28
116900163,296,54,242
116900164,80,66,14
116900165,335,323,12
116900166,47,23,24
116900167,448,35,413
116900168,392,52,340
116900169,323,764,-441
116900170,345,617,-272
116900171,54,88,-34
116900172,167,379,-212
116900173,275,37,238
116900174,58,69,-11
116900175,219,276,-57
116900178,35,86,-51
116900179,93,367,-274
116900180,100,28,72
116900182,612,212,400
116900183,162,74,88
116900185,29,49,-20
116900186,98,164,-66
116900187,73,67,6
116900188,132,31,101
116900189,47,0,47
116900191,355,479,-124
116900192,290,88,202
116900194,190,1563,-1373
116900195,52,29,23
116900196,14,65,-51
116900197,136,18,118
116900198,144,278,-134
116900200,95,13,82
116900201,120,4,116
116900202,88,30,58
116900203,195,1,194
116900204,61,136,-75
116900206,28,7,21
116900207,34,25,9
116900208,2,84,-82
116900209,41,62,-21
116900210,485,253,232
116900211,219,4,215
116900212,111,37,74
116900213,229,77,152
116900214,212,159,53
116900215,54,39,15
116900216,283,135,148
116900218,3,151,-148
116900219,1102,327,775
116900220,117,256,-139
116900221,84,340,-256
116900222,417,335,82
116900223,147,285,-138
116900226,145,30,115
116900227,235,52,183
116900228,359,138,221
116900230,81,139,-58
116900231,34,216,-182
116900232,22,223,-201
116900233,362,115,247
116900234,33,5,28
116900235,158,161,-3
116900238,1130,251,879
116900239,15,1473,-1458
116900240,3601,2973,628
116900241,131,70,61
116900242,262,720,-458
116900243,4,49,-45
116900245,43,33,10
116900246,120,18,102
116900247,950,27,923
116900248,82,35,47
116900249,442,72,370
116900250,416,36,380
116900251,327,725,-398
116900252,180,456,-276
116900253,121,40,81
116900254,30,58,-28
116900255,108,87,21
116900256,478,94,384
116900257,12,225,-213
116900258,2,117,-115
116900259,306,11,295
116900260,5,48,-43
116900261,104,1,103
116900262,173,96,77
116900263,0,10,-10
116900264,0,5,-5
116900265,56,0,56
116900266,24,29,-5
116900267,0,1,-1
116900268,289,184,105
116900269,352,569,-217
116900271,656,318,338
116900272,249,217,32
116900273,88,97,-9
116900274,131,27,104
116900275,185,68,117
116900276,385,170,215
116900277,262,59,203
116900278,2,3,-1
116900279,3,12,-9
116900280,48,19,29
116900281,3502,5508,-2006
116900282,1,44,-43
116900283,13,42,-29
116900284,44,156,-112
116900285,113,218,-105
116900286,139,15,124
116900287,13,34,-21
116900288,142,69,73
116900289,9,5,4
116900290,3,13,-10
116900291,36,6,30
116900292,0,17,-17
116900293,74,12,62
116900294,20,101,-81
116900295,66,66,0
116900296,9,28,-19
116900297,0,44,-44
116900298,26,30,-4
116900299,7,52,-45
116900300,5,77,-72
116900301,25,45,-20
116900302,156,320,-164
116900303,72,119,-47
116900304,1,150,-149
116900305,21,46,-25
116900306,180,40,140
117000001,2561,1794,767
117000002,1813,3319,-1506
117000003,6041,3130,2911
117000004,2647,3915,-1268
117000005,2480,1778,702
117000006,1106,2231,-1125
117000007,4562,1123,3439
117000008,835,2535,-1700
117000009,4611,1922,2689
117000010,2042,2672,-630
117000011,2436,1275,1161
117000012,1472,779,693
117000013,1787,731,1056
117000014,1266,1895,-629
117000015,2536,1337,1199
117000016,259,171,88
117000017,106,99,7
117000018,140,793,-653
117000019,53,1,52
117000020,349,2191,-1842
117000021,967,261,706
117000022,250,184,66
117000023,104,146,-42
117000024,149,255,-106
117000025,347,1147,-800
117000026,1768,1531,237
117000027,889,4138,-3249
117000028,1286,1881,-595
117000030,180,297,-117
117000031,176,133,43
117000032,1237,1048,189
117000033,1592,1332,260
117000034,432,156,276
117000035,246,148,98
117000036,226,170,56
117000037,167,102,65
117000038,123,370,-247
117000039,221,144,77
117000040,218,708,-490
117000041,1310,152,1158
117000044,9,441,-432
117000045,450,127,323
117000046,312,610,-298
117000047,798,572,226
117000048,1510,587,923
117000049,96,626,-530
117000050,182,1100,-918
117000051,2808,54,2754
117000052,79,189,-110
117000053,624,32,592
117000054,1896,10,1886
117000055,6,1690,-1684
117000056,695,32,663
117000057,347,1757,-1410
117000060,455,922,-467
117000061,1997,862,1135
117000062,269,502,-233
117000063,2054,1027,1027
117000064,461,508,-47
117000066,823,724,99
117000067,96,628,-532
117000074,85,163,-78
117000076,81,31,50
117000077,136,184,-48
117000078,106,503,-397
117000079,472,205,267
117000080,0,261,-261
117000081,1045,114,931
117000082,12,100,-88
117000083,109,11,98
117000084,159,2,157
117000085,277,868,-591
117000086,768,314,454
117000087,76,422,-346
117000088,270,129,141
117000089,1891,192,1699
117000090,333,848,-515
117000091,1010,251,759
117000092,351,824,-473
117000093,1428,651,777
117000094,1112,1887,-775
117000095,3926,772,3154
117000096,692,1690,-998
117000097,1913,882,1031
117000098,1904,2842,-938
117000099,4458,1163,3295
117000100,280,319,-39
117000101,98,782,-684
117000102,2191,657,1534
117000103,512,1069,-557
117000104,1763,584,1179
117000105,722,1072,-350
117000106,1514,662,852
117000107,434,1208,-774
117000108,2145,940,1205
117000109,1082,1924,-842
117000110,2090,1373,717
117000111,3430,3578,-148
117000112,3587,1540,2047
117000113,98,153,-55
117000114,259,86,173
117000115,67,79,-12
117000116,225,174,51
117000117,1475,1093,382
117000118,209,110,99
117000119,166,207,-41
117000120,135,719,-584
117000121,52,1188,-1136
117000122,174,760,-586
117000123,1363,42,1321
117000124,184,115,69
117000125,125,190,-65
117000126,40,13,27
117000127,119,287,-168
117000128,229,724,-495
117000129,193,154,39
117000130,52,3,49
117000131,0,39,-39
117000132,4151,79,4072
117000133,2283,45,2238
117000134,1,71,-70
117000135,0,99,-99
117000136,0,18,-18
117000137,137,130,7
117000138,3,716,-713
117000140,387,1136,-749
117000141,2216,530,1686
117000181,379,204,175
117000182,584,944,-360
117000195,152,626,-474
117000196,292,183,109
117000225,64,43,21
117000226,5,93,-88
117000276,453,24,429
117000277,0,170,-170
117000310,1291,2044,-753
117000315,57,613,-556
117000320,49,0,49
117000906,411,22,389
117000907,12,179,-167
117000908,11,93,-82
117000909,39,31,8
117000910,200,176,24
117000911,100,171,-71
117000915,2,248,-246
117000916,84,4,80
117000917,1537,56,1481
117000918,91,55,36
117000919,4,45,-41
117000920,2,803,-801
117000921,3,625,-622
117000922,21,56,-35
117000924,725,680,45
117000926,531,76,455
117000927,672,1439,-767
117000928,0,106,-106
117000929,258,140,118
117000930,247,20,227
117000931,168,169,-1
117900002,93,411,-318
117900003,474,432,42
117900005,4,68,-64
117900006,1,35,-34
117900007,119,70,49
117900008,0,11,-11
117900010,345,54,291
117900011,19,159,-140
117900012,54,58,-4
117900013,0,102,-102
117900014,397,67,330
117900015,8,44,-36
117900016,993,1094,-101
117900017,606,148,458
117900018,157,182,-25
117900019,598,167,431
117900020,62,452,-390
117900021,29,54,-25
117900022,29,14,15
117900023,786,102,684
117900024,41,57,-16
117900025,40,7,33
117900026,466,146,320
117900028,41,6,35
117900029,298,304,-6
117900030,503,200,303
117900031,137,107,30
117900032,1240,516,724
117900033,343,335,8
117900034,35,13,22
117900035,391,91,300
117900036,299,266,33
117900037,230,80,150
117900038,23,146,-123
117900039,0,38,-38
117900040,134,222,-88
117900041,2,55,-53
117900042,2986,351,2635
117900043,23,35,-12
117900044,19,3197,-3178
117900045,242,145,97
117900048,419,142,277
117900049,257,288,-31
117900050,8,87,-79
117900051,28,2,26
117900052,74,426,-352
117900053,1830,387,1443
117900054,1,36,-35
117900055,365,127,238
117900056,58,25,33
117900057,800,1143,-343
117900058,83,359,-276
117900059,216,82,134
117900060,3005,2968,37
117900061,13,263,-250
117900063,380,143,237
117900065,551,822,-271
117900066,5,72,-67
117900067,613,125,488
117900069,788,211,577
117900070,153,58,95
117900071,73,111,-38
117900073,663,174,489
117900074,104,71,33
117900075,89,82,7
117900076,12,41,-29
117900077,591,140,451
117900078,364,816,-452
117900080,135,35,100
117900081,381,324,57
117900082,585,319,266
117900083,455,221,234
117900086,93,41,52
117900087,234,37,197
117900088,2146,1534,612
117900089,2757,729,2028
117900090,432,265,167
117900091,97,100,-3
117900092,86,35,51
117900093,102,45,57
117900094,44,33,11
117900095,286,154,132
117900096,120,137,-17
117900097,414,64,350
117900098,46,12,34
117900099,144,150,-6
117900100,399,1,398
117900101,465,2327,-1862
117900102,78,32,46
117900103,69,2,67
117900104,10,135,-125
117900105,94,159,-65
117900106,117,26,91
117900107,54,2,52
117900109,663,368,295
117900110,165,0,165
117900111,460,30,430
117900112,101,10,91
117900113,1349,1892,-543
117900114,37,1,36
117900115,111,83,28
117900116,716,656,60
117900117,794,284,510
117900118,141,2,139
117900119,315,88,227
117900120,286,33,253
117900121,127,36,91
117900122,1262,5000,-3738
117900123,710,288,422
117900124,732,420,312
117900125,1680,1950,-270
117900126,174,395,-221
117900127,443,322,121
117900128,366,334,32
117900129,87,2,85
117900130,663,284,379
117900131,5,117,-112
117900132,16,56,-40
117900133,7,74,-67
117900134,77,229,-152
117900135,12,98,-86
117900136,0,20,-20
117900137,24,193,-169
117900138,0,24,-24
117900139,125,90,35
117900140,2245,238,2007
117900141,131,170,-39
117900142,62,86,-24
117900144,56,354,-298
117900145,33,62,-29
117900146,144,213,-69
117900147,48,35,13
117900148,1799,1977,-178
117900149,109,133,-24
117900150,55,44,11
117900151,62,64,-2
117900152,61,62,-1
117900153,8,76,-68
117900154,425,431,-6
117900156,650,637,13
117900157,81,480,-399
117900158,344,151,193
117900160,980,814,166
117900161,1790,1380,410
117900162,512,368,144
117900163,31,244,-213
117900165,0,8,-8
117900166,129,537,-408
117900168,56,163,-107
117900169,0,97,-97
117900170,1,19,-18
117900171,1,16,-15
117900172,15,18,-3
117900173,87,67,20
117900174,27,36,-9
117900175,9,14,-5
117900176,9,30,-21
117900177,21,22,-1
117900178,91,27,64
117900180,177,24,153
117900181,63,483,-420
117900182,5,44,-39
117900183,74,168,-94
117900184,27,61,-34
117900185,46,53,-7
117900186,45,14,31
117900187,18,4,14
117900188,209,45,164
117900189,85,43,42
117900190,19,2,17
117900191,89,1,88
117900192,196,0,196
117900193,27,60,-33
117900194,12,7,5
117900195,21,35,-14
117900196,18,15,3
117900207,133,104,29
117900208,30,26,4
117900209,144,127,17
117900210,122,184,-62
117900211,3,126,-123
117900212,103,93,10
117900213,36,10,26
117900214,19,13,6
117900215,5,13,-8
117900216,4,16,-12
117900217,31,319,-288
117900218,51,78,-27
117900219,15,147,-132
117900220,51,123,-72
117900221,3,2,1
118000001,791,1084,-293
118000002,463,1536,-1073
118000003,2042,3280,-1238
118000004,1645,1724,-79
118000005,3369,5039,-1670
118000006,2671,8251,-5580
118000007,5607,5073,534
118000008,2496,3951,-1455
118000009,1452,2738,-1286
118000010,6224,3731,2493
118000011,1580,1758,-178
118000012,1078,1424,-346
118000013,2283,1760,523
118000014,1736,1621,115
118000016,276,268,8
118000017,559,423,136
118000018,398,307,91
118000019,1768,1580,188
118000020,915,3298,-2383
118000021,571,3156,-2585
118000022,1395,858,537
118000023,612,296,316
118000024,870,1416,-546
118000025,388,1753,-1365
118000027,7479,10223,-2744
118000029,609,908,-299
118000032,484,3711,-3227
118000033,2765,6790,-4025
118000034,3977,2526,1451
118000035,1853,3058,-1205
118000036,862,1201,-339
118000037,676,927,-251
118000038,265,109,156
118000039,125,205,-80
118000040,1700,1079,621
118000041,2640,1246,1394
118000045,536,189,347
118000046,1224,1041,183
118000047,757,1648,-891
118000048,2175,2300,-125
118000051,1667,2748,-1081
118000052,1292,1609,-317
118000053,521,1235,-714
118000054,1824,1492,332
118000055,1692,2586,-894
118000056,376,654,-278
118000057,310,808,-498
118000058,3495,2507,988
118000059,1990,1602,388
118000060,1569,502,1067
118000061,1320,1244,76
118000062,515,406,109
118000063,475,920,-445
118000064,882,1117,-235
118000065,2411,2230,181
118000066,943,1920,-977
118000067,612,808,-196
118000068,1449,5558,-4109
118000069,2083,1151,932
118000070,3944,2145,1799
118000071,2739,7725,-4986
118000072,1422,1677,-255
118000073,964,892,72
118000074,509,546,-37
118000075,527,313,214
118000076,1647,3817,-2170
118000077,1086,1101,-15
118000078,1852,2499,-647
118000079,212,571,-359
118000080,805,714,91
118000081,1754,1268,486
118000082,321,1074,-753
118000083,1360,1591,-231
118000084,2606,2034,572
118000086,207,476,-269
118000087,3012,2350,662
118000088,1549,1569,-20
118000089,3331,2311,1020
118000090,2274,2747,-473
118000091,846,2978,-2132
118000092,818,531,287
118000093,67,725,-658
118000096,458,578,-120
118000097,755,670,85
118000098,248,167,81
118000099,758,563,195
118000101,1241,298,943
118000102,442,806,-364
118000107,1054,474,580
118000108,590,2412,-1822
118000110,0,29,-29
118000111,1,147,-146
118000112,644,4,640
118000113,2,254,-252
118000114,522,8,514
118000115,8,7,1
118000116,19,0,19
118000117,706,632,74
118000118,837,1104,-267
118000119,879,1064,-185
118000120,1177,885,292
118000121,53,440,-387
118000122,1034,257,777
118000123,38,236,-198
118000125,1094,761,333
118000126,711,1850,-1139
118000127,1370,797,573
118000128,437,1119,-682
118000129,1019,510,509
118000130,1463,1974,-511
118000131,413,343,70
118000132,2938,2372,566
118000133,1013,460,553
118000135,559,494,65
118000136,96,403,-307
118000137,684,115,569
118000138,393,351,42
118000139,570,64,506
118000140,2596,5537,-2941
118000141,2160,1456,704
118000142,1752,1334,418
118000143,2302,1065,1237
118000144,965,541,424
118000145,1601,1046,555
118000146,1321,457,864
118000147,860,1083,-223
118000148,512,1047,-535
118000149,992,721,271
118000150,597,163,434
118000151,658,374,284
118000153,1729,1012,717
118000154,1487,1428,59
118000155,1631,1233,398
118000156,1782,2626,-844
118000157,709,354,355
118000158,243,355,-112
118000159,37,96,-59
118000160,734,319,415
118000161,550,531,19
118000162,1860,766,1094
118000163,923,807,116
118000164,1800,1345,455
118000168,731,1019,-288
118000169,790,790,0
118000170,3033,3080,-47
118000171,413,484,-71
118000172,93,208,-115
118000173,816,1194,-378
118000175,333,387,-54
118000176,386,537,-151
118000177,366,655,-289
118000178,39,40,-1
118000179,1040,1680,-640
118000180,918,739,179
118000181,731,295,436
118000182,250,230,20
118000183,172,325,-153
118000184,1121,575,546
118000185,1204,1628,-424
118000186,928,1457,-529
118000187,1722,483,1239
118000188,753,124,629
118000189,823,369,454
118000190,5,13,-8
118000191,21,14,7
118000192,149,425,-276
118000193,145,488,-343
118000194,1133,770,363
118000195,499,1621,-1122
118000196,280,273,7
118000197,107,144,-37
118000198,394,806,-412
118000199,574,460,114
118000200,64,187,-123
118000201,413,584,-171
118000202,67,55,12
118000203,535,815,-280
118000204,68,431,-363
118000205,89,254,-165
118000206,260,224,36
118000207,0,59,-59
118000208,1276,1343,-67
118000209,2293,1113,1180
118000210,81,27,54
118000211,42,34,8
118000213,606,2861,-2255
118000214,377,552,-175
118000215,312,110,202
118000216,2875,1641,1234
118000217,18,53,-35
118000218,80,67,13
118000219,330,182,148
118000220,2,44,-42
118000221,318,324,-6
118000222,75,10,65
118000223,90,54,36
118000224,108,65,43
118000225,100,397,-297
118000226,943,168,775
118000227,479,346,133
118000228,126,224,-98
118000229,128,119,9
118000230,161,166,-5
118000231,86,207,-121
118000232,804,465,339
118000233,1310,595,715
118000234,513,125,388
118000236,362,291,71
118000237,119,216,-97
118000238,318,107,211
118000239,313,224,89
118000240,222,138,84
118000241,164,102,62
118000242,522,335,187
118000243,314,154,160
118000244,47,56,-9
118000246,1,24,-23
118000255,54,192,-138
118000256,134,138,-4
118000259,15,78,-63
118000260,186,74,112
118000261,36,29,7
118000263,83,134,-51
118000266,92,168,-76
118000267,0,100,-100
118000268,218,4,214
118000270,107,13,94
118000271,124,144,-20
118000272,74,31,43
118000273,168,73,95
118000274,78,201,-123
118000276,469,275,194
118000295,21,139,-118
118000298,195,178,17
118000299,58,72,-14
118000301,0,48,-48
118000302,149,47,102
118000311,736,70,666
118000312,310,103,207
118000313,55,70,-15
118000314,92,29,63
118000315,35,35,0
118000316,673,335,338
118000325,51,22,29
118000326,53,17,36
118000331,46,36,10
118000332,14,27,-13
118000333,41,32,9
118000335,425,0,425
118000336,0,93,-93
118000407,245,43,202
118000457,13,25,-12
118000465,1486,3522,-2036
118000480,41,42,-1
118000489,11,449,-438
118000490,27,132,-105
118000492,256,147,109
118000510,47,29,18
118000514,113,294,-181
118000515,690,740,-50
118000517,307,150,157
118000524,257,339,-82
118000525,595,641,-46
118000530,27,79,-52
118000531,411,223,188
118000532,301,224,77
118000533,234,124,110
118000534,550,397,153
118000535,323,106,217
118000536,261,1423,-1162
118000537,20,182,-162
118000538,43,66,-23
118000539,17,154,-137
118000540,263,161,102
118000541,211,46,165
118000542,100,187,-87
118000543,243,240,3
118000546,44,33,11
118000560,1273,2315,-1042
118000562,26,94,-68
118000563,1340,929,411
118000576,161,64,97
118000577,124,117,7
118000578,86,49,37
118000579,315,1219,-904
118000595,265,90,175
118000596,0,55,-55
118000597,110,64,46
118000598,12,0,12
118000599,56,36,20
118000600,0,17,-17
118000601,17,0,17
118000602,0,6,-6
118000603,0,12,-12
118900001,384,1539,-1155
118900002,697,975,-278
118900003,458,10,448
118900004,60,46,14
118900005,84,12,72
118900006,126,3,123
118900007,7,4,3
118900008,1431,59,1372
118900009,62,71,-9
118900010,79,11,68
118900011,179,32,147
118900012,442,196,246
118900013,487,221,266
118900015,269,94,175
118900016,16,9,7
118900017,155,256,-101
118900018,1132,30,1102
118900019,32,19,13
118900020,129,160,-31
118900021,139,364,-225
118900022,140,103,37
118900023,147,79,68
118900024,156,178,-22
118900025,57,22,35
118900026,72,61,11
118900027,373,175,198
118900028,198,135,63
118900029,366,638,-272
118900030,518,38,480
118900031,160,64,96
118900032,268,149,119
118900033,431,384,47
118900034,197,17,180
118900035,113,80,33
118900036,1158,578,580
118900037,397,309,88
118900038,377,123,254
118900039,535,123,412
118900040,284,167,117
118900041,679,130,549
118900042,216,86,130
118900045,288,137,151
118900046,739,366,373
118900047,303,212,91
118900048,120,282,-162
118900049,50,42,8
118900050,50,32,18
118900051,83,66,17
118900052,287,310,-23
118900053,28,70,-42
118900054,104,29,75
118900055,146,36,110
118900056,14,351,-337
118900057,857,481,376
118900058,420,251,169
118900059,26,81,-55
118900060,44,75,-31
118900062,738,186,552
118900064,268,629,-361
118900065,61,116,-55
118900066,78,53,25
118900067,2773,4572,-1799
118900068,10,192,-182
118900069,572,169,403
118900071,7,67,-60
118900072,480,316,164
118900073,217,134,83
118900074,165,77,88
118900075,54,47,7
118900076,284,106,178
118900077,286,151,135
118900078,25,6,19
118900079,45,146,-101
118900080,27,111,-84
118900081,88,21,67
118900082,979,100,879
118900083,36,7,29
118900084,27,10,17
118900085,662,529,133
118900086,31,92,-61
118900087,52,285,-233
118900088,0,4,-4
118900089,31,14,17
118900090,613,262,351
118900091,165,248,-83
118900092,304,46,258
118900093,85,25,60
118900096,54,16,38
118900097,224,318,-94
118900099,72,191,-119
118900100,99,138,-39
118900101,234,335,-101
118900102,52,67,-15
118900103,53,109,-56
118900104,318,79,239
118900105,211,100,111
118900107,97,50,47
118900108,120,128,-8
118900109,568,446,122
118900110,1047,876,171
118900111,537,306,231
118900112,101,134,-33
118900113,121,256,-135
118900114,28,81,-53
118900115,99,340,-241
118900116,119,212,-93
118900117,95,209,-114
118900118,307,201,106
118900119,118,135,-17
118900120,68,190,-122
118900121,30,90,-60
118900122,24,1194,-1170
118900123,138,173,-35
118900124,120,119,1
118900126,36,434,-398
118900129,226,199,27
118900130,54,197,-143
118900131,140,180,-40
118900132,326,173,153
118900133,6,112,-106
118900135,237,171,66
118900136,220,324,-104
118900137,6,39,-33
118900139,223,173,50
118900140,446,392,54
118900141,75,97,-22
118900144,105,249,-144
118900145,46,80,-34
118900146,365,497,-132
118900147,203,161,42
118900148,81,44,37
118900150,102,531,-429
118900152,610,472,138
118900157,60,147,-87
118900158,127,43,84
118900159,2,105,-103
118900161,57,8,49
118900163,72,58,14
118900164,2,76,-74
118900165,84,92,-8
118900166,41,2,39
118900167,94,139,-45
118900168,17,236,-219
118900169,156,164,-8
118900170,287,75,212
118900171,46,29,17
118900174,65,47,18
118900175,504,487,17
118900176,155,234,-79
118900177,55,24,31
118900178,73,118,-45
118900179,10,26,-16
118900181,82,65,17
118900182,94,40,54
118900183,46,154,-108
118900184,341,155,186
118900185,137,70,67
118900186,85,98,-13
118900187,255,298,-43
118900188,322,254,68
118900189,46,916,-870
118900190,30,200,-170
118900191,205,28,177
118900192,253,10,243
118900193,718,6,712
118900195,189,394,-205
118900196,53,101,-48
118900197,192,30,162
118900198,37,7,30
118900199,88,17,71
118900200,18,18,0
118900201,22,36,-14
118900202,9,37,-28
118900203,17,9,8
118900204,18,16,2
118900205,2,17,-15
118900206,9,21,-12
119000001,1510,2049,-539
119000002,4494,4159,335
119000003,3148,786,2362
119000004,2768,1347,1421
119000005,1914,1978,-64
119000006,3234,1392,1842
119000007,3522,3029,493
119000008,1690,1429,261
119000009,3565,5111,-1546
119000010,4594,4048,546
119000011,2819,2949,-130
119000012,1733,3206,-1473
119000013,2846,1723,1123
119000014,1325,2263,-938
119000019,293,174,119
119000020,2761,1364,1397
119000021,5460,2754,2706
119000022,1573,3418,-1845
119000023,273,242,31
119000024,2126,12825,-10699
119000025,4094,1078,3016
119000026,82,392,-310
119000027,195,353,-158
119000028,1364,580,784
119000029,85,297,-212
119000030,498,816,-318
119000031,937,555,382
119000032,4034,2347,1687
119000033,2348,1084,1264
119000034,1004,826,178
119000035,32,230,-198
119000036,2292,614,1678
119000037,1349,1076,273
119000038,188,491,-303
119000039,444,419,25
119000040,1325,902,423
119000041,816,1383,-567
119000048,2246,1701,545
119000049,1825,1312,513
119000050,1641,1311,330
119000051,2186,784,1402
119000052,1474,2352,-878
119000053,1885,943,942
119000054,3351,1780,1571
119000055,5069,2416,2653
119000056,2985,1705,1280
119000057,1556,1191,365
119000058,1870,1271,599
119000059,1408,1125,283
119000060,1743,1061,682
119000061,1423,613,810
119000062,1166,1096,70
119000063,664,443,221
119000064,951,1223,-272
119000065,1811,3942,-2131
119000066,2363,1182,1181
119000067,1954,1583,371
119000068,1864,807,1057
119000069,1561,2066,-505
119000070,3022,754,2268
119000071,535,677,-142
119000072,4288,4183,105
119000073,4929,8417,-3488
119000074,1442,1341,101
119000075,3247,1995,1252
119000076,362,2276,-1914
119000077,818,1137,-319
119000078,398,402,-4
119000079,154,1355,-1201
119000080,472,298,174
119000081,424,2230,-1806
119000082,1101,283,818
119000083,610,377,233
119000084,312,762,-450
119000085,1831,195,1636
119000086,347,399,-52
119000087,1114,588,526
119000088,425,162,263
119000089,71,174,-103
119000090,179,108,71
119000091,125,340,-215
119000092,715,159,556
119000093,2953,1929,1024
119000094,3542,4444,-902
119000095,1865,2089,-224
119000097,1607,940,667
119000098,976,3008,-2032
119000099,2280,1164,1116
119000100,4496,3001,1495
119000101,4841,2141,2700
119000102,800,1265,-465
119000103,1538,840,698
119000104,1499,969,530
119000105,1062,2304,-1242
119000106,328,716,-388
119000107,1237,532,705
119000108,352,493,-141
119000109,151,1503,-1352
119000110,641,1605,-964
119000111,49,799,-750
119000112,223,352,-129
119000113,2082,442,1640
119000114,1007,1018,-11
119000115,164,203,-39
119000116,96,119,-23
119000117,212,379,-167
119000118,5,0,5
119000123,4214,1819,2395
119000124,863,144,719
119000125,4341,564,3777
119000126,819,346,473
119000127,609,344,265
119000128,37,4,33
119000131,903,324,579
119000132,2,1,1
119000133,2,7,-5
119000134,1418,474,944
119000135,190,255,-65
119000136,323,123,200
119000137,281,162,119
119000138,659,206,453
119000139,321,126,195
119000140,446,375,71
119000284,1023,2273,-1250
119000285,1691,1584,107
119000286,5571,4063,1508
119000287,1107,1484,-377
119000288,2050,771,1279
119000289,1331,1676,-345
119000290,223,302,-79
119000291,17,208,-191
119000293,118,124,-6
119000294,68,36,32
119000295,945,211,734
119000296,256,122,134
119000302,1096,1168,-72
119000303,45,94,-49
119000314,1362,10917,-9555
119000315,1,185,-184
119000316,155,80,75
119000317,145,127,18
119900001,235,1271,-1036
119900002,144,215,-71
119900003,25,511,-486
119900004,235,1441,-1206
119900005,278,59,219
119900006,212,429,-217
119900007,1037,243,794
119900008,115,33,82
119900009,714,581,133
119900010,1569,2274,-705
119900011,25,171,-146
119900012,11,100,-89
119900013,2503,2107,396
119900014,613,445,168
119900015,164,32,132
119900016,78,54,24
119900017,53,30,23
119900018,1662,1198,464
119900019,79,2,77
119900020,183,202,-19
119900021,188,125,63
119900022,110,1071,-961
119900023,380,1728,-1348
119900025,263,19,244
119900026,530,145,385
119900027,29,17,12
119900028,293,159,134
119900029,3,3,0
119900030,629,315,314
119900031,93,464,-371
119900033,2534,382,2152
119900034,542,78,464
119900037,203,18,185
119900038,54,383,-329
119900039,38,19,19
119900040,212,25,187
119900041,206,28,178
119900042,269,99,170
119900043,115,98,17
119900044,234,1052,-818
119900046,186,35,151
119900047,356,105,251
119900048,65,16,49
119900049,132,0,132
119900050,156,389,-233
119900051,1140,8,1132
119900052,82,27,55
119900053,243,81,162
119900054,157,8,149
119900055,1443,441,1002
119900057,304,47,257
119900058,342,6,336
119900059,100,51,49
119900060,388,51,337
119900061,441,6,435
119900062,136,17,119
119900063,9,67,-58
119900064,613,96,517
119900065,253,19,234
119900066,1,1,0
119900067,119,30,89
119900068,609,1,608
119900069,118,6,112
119900070,1488,45,1443
119900071,1041,33,1008
119900072,443,389,54
119900073,1157,438,719
119900074,34,64,-30
119900075,2439,2274,165
119900076,882,226,656
119900077,1190,491,699
119900078,558,569,-11
119900079,255,92,163
119900080,392,213,179
119900081,88,60,28
119900082,2214,294,1920
119900083,311,93,218
119900084,629,356,273
119900085,45,44,1
119900086,206,506,-300
119900087,751,466,285
119900088,32,40,-8
119900089,31,286,-255
119900090,72,48,24
119900091,68,474,-406
119900092,103,306,-203
119900093,1224,259,965
119900094,33,116,-83
119900095,138,103,35
119900096,63,107,-44
119900097,486,198,288
119900098,37,44,-7
119900099,35,111,-76
119900100,1294,2824,-1530
119900101,128,1753,-1625
119900102,38,127,-89
119900103,41,205,-164
119900104,55,144,-89
119900105,1246,9595,-8349
119900106,18,104,-86
119900107,253,1452,-1199
119900108,6993,647,6346
119900109,29,119,-90
119900110,980,349,631
119900111,167,174,-7
119900112,771,536,235
119900113,47,177,-130
119900114,349,592,-243
119900115,439,591,-152
119900116,117,403,-286
119900117,372,402,-30
119900118,157,420,-263
119900119,279,124,155
119900120,518,442,76
119900121,463,552,-89
119900122,309,217,92
119900123,238,229,9
119900124,240,453,-213
119900125,33,207,-174
119900126,4737,344,4393
119900127,1312,823,489
119900128,525,348,177
119900129,249,234,15
119900130,17,179,-162
119900131,44,137,-93
119900132,4,101,-97
119900133,74,71,3
119900134,886,167,719
119900135,2,179,-177
119900136,128,211,-83
119900138,285,422,-137
119900139,31,100,-69
119900140,0,74,-74
119900141,87,789,-702
119900142,23,43,-20
119900143,22,327,-305
119900144,977,182,795
119900145,116,114,2
119900146,164,189,-25
119900147,2,158,-156
119900148,286,51,235
119900149,675,5524,-4849
119900150,128,109,19
119900151,1942,783,1159
119900152,124,186,-62
119900153,207,44,163
119900154,10,93,-83
119900155,43,22,21
119900156,16,5,11
119900157,230,154,76
119900158,234,60,174
119900159,3,677,-674
119900160,39,89,-50
119900161,147,104,43
119900162,999,1199,-200
119900163,78,120,-42
119900164,0,0,0
119900165,171,96,75
119900166,117,38,79
119900167,63,67,-4
119900168,1154,475,679
119900169,29,270,-241
119900170,205,245,-40
119900171,922,229,693
119900172,134,52,82
119900173,7,225,-218
119900174,3,90,-87
119900175,1659,523,1136
119900177,19,153,-134
119900178,3,82,-79
119900179,142,676,-534
119900180,1058,919,139
119900181,64,130,-66
119900182,3,190,-187
119900183,129,508,-379
119900184,1118,447,671
119900185,59,230,-171
119900186,43,1363,-1320
119900187,12,235,-223
119900188,112,277,-165
119900189,398,381,17
119900190,84,380,-296
119900191,207,259,-52
119900192,91,115,-24
119900193,471,112,359
119900194,34,96,-62
119900195,35,116,-81
119900196,641,280,361
119900197,324,217,107
119900198,188,194,-6
119900199,155,32,123
119900200,677,497,180
119900201,262,190,72
119900202,70,319,-249
119900203,198,452,-254
119900204,456,270,186
119900205,886,361,525
119900206,277,123,154
119900208,184,192,-8
119900209,603,1560,-957
119900210,52,29,23
119900211,87,8,79
119900212,203,183,20
119900213,10,88,-78
119900214,57,46,11
119900215,56,49,7
119900216,12,35,-23
119900217,8,39,-31
119900218,21,54,-33
119900219,9,48,-39
119900220,4,52,-48
119900221,24,150,-126
119900222,13,74,-61
119900223,12,29,-17
119900224,10,8,2
119900225,545,34,511
119900226,385,2150,-1765
119900227,582,281,301
119900228,107,225,-118
119900229,302,290,12
119900230,971,383,588
119900231,370,128,242
119900232,255,132,123
119900233,105,8,97
119900234,37,87,-50
119900235,14,42,-28
119900236,17,96,-79
119900237,69,556,-487
119900238,4,59,-55
119900240,153,104,49
119900241,130,149,-19
119900242,1249,1547,-298
119900244,633,1348,-715
119900245,72,179,-107
119900246,258,618,-360
119900247,47,145,-98
119900248,80,308,-228
119900249,312,138,174
119900253,1474,392,1082
119900254,107,854,-747
119900255,174,836,-662
119900256,1185,459,726
119900257,150,11,139
119900258,324,24,300
119900259,4,55,-51
119900260,169,8,161
119900261,320,115,205
119900262,0,103,-103
119900263,1179,275,904
119900264,114,85,29
119900265,796,261,535
119900266,441,175,266
119900267,267,295,-28
119900268,156,95,61
119900269,1403,728,675
119900271,27,90,-63
119900272,441,307,134
119900275,165,55,110
119900276,71,8,63
119900277,23,8,15
119900278,167,84,83
119900279,105,284,-179
119900280,602,130,472
119900281,2,299,-297
119900282,63,116,-53
119900283,24,131,-107
119900284,47,170,-123
119900285,23,58,-35
119900286,3,19,-16
119900288,4,16,-12
119900289,0,29,-29
119900290,2,16,-14
119900291,2,66,-64
119900292,28,49,-21
119900293,27,57,-30
119900294,36,73,-37
119900295,16,19,-3
119900296,57,99,-42
119900297,0,25,-25
119900298,7,14,-7
119900299,59,116,-57
119900300,261,137,124
119900301,111,138,-27
119900302,184,93,91
119900303,297,123,174
119900304,258,15,243
119900305,5,90,-85
119900306,27,6,21
119900307,89,36,53
119900308,5,18,-13
119900309,58,168,-110
119900310,213,194,19
119900311,128,46,82
119900312,108,65,43
119900313,264,240,24
119900314,243,303,-60
119900315,2248,1150,1098
119900318,12,52,-40
119900319,10,166,-156
119900320,321,381,-60
119900321,103,9,94
120000001,6904,17866,-10962
120000002,2361,1961,400
120000003,2502,1280,1222
120000004,2100,1246,854
120000005,2775,1623,1152
120000006,1081,901,180
120000007,2628,2978,-350
120000008,864,1085,-221
120000009,1712,943,769
120000010,1769,1897,-128
120000011,996,1189,-193
120000012,1559,1829,-270
120000013,3475,2572,903
120000014,773,1158,-385
120000015,2543,1309,1234
120000016,4105,2062,2043
120000017,3144,2629,515
120000018,3062,13117,-10055
120000019,922,1494,-572
120000020,2475,3386,-911
120000021,1674,2052,-378
120000022,2499,3708,-1209
120000023,1042,1497,-455
120000024,1221,2236,-1015
120000025,2516,1725,791
120000026,2365,1559,806
120000027,2304,2021,283
120000028,871,2303,-1432
120000029,1979,2204,-225
120000030,744,940,-196
120000031,2202,5662,-3460
120000032,6005,3284,2721
120000033,4626,1467,3159
120000034,2590,1328,1262
120000035,2571,1584,987
120000036,3115,4787,-1672
120000037,583,1441,-858
120000038,4134,3081,1053
120000039,737,711,26
120000040,178,674,-496
120000041,1009,1102,-93
120000042,1880,1564,316
120000043,4939,1144,3795
120000044,5860,1481,4379
120000045,7068,934,6134
120000046,3998,2738,1260
120000047,704,6965,-6261
120000048,6045,3735,2310
120000049,3594,2633,961
120000050,3679,3149,530
120000051,2457,3767,-1310
120000052,6175,1907,4268
120000053,1332,1489,-157
120000054,1331,2518,-1187
120000055,1708,3553,-1845
120000056,4685,3592,1093
120000057,3633,1319,2314
120000058,2093,2001,92
120000059,20,1606,-1586
120000061,96,422,-326
120000062,168,315,-147
120000063,1038,1886,-848
120000064,243,738,-495
120000065,608,1004,-396
120000066,238,574,-336
120000067,73,435,-362
120000068,189,469,-280
120000069,641,519,122
120000070,106,363,-257
120000071,811,65,746
120000072,974,323,651
120000073,1035,122,913
120000074,187,109,78
120000075,1203,257,946
120000076,2732,407,2325
120000077,2525,652,1873
120000078,3452,1245,2207
120000079,288,161,127
120000080,116,212,-96
120000081,369,150,219
120000082,230,201,29
120000083,60,693,-633
120000084,391,251,140
120000085,288,232,56
120000086,187,261,-74
120000087,175,272,-97
120000088,663,720,-57
120000089,1168,418,750
120000090,719,450,269
120000091,984,759,225
120000092,1381,520,861
120000093,643,444,199
120000094,234,740,-506
120000095,951,286,665
120000096,311,494,-183
120000098,974,593,381
120000099,377,529,-152
120000100,786,567,219
120000101,625,377,248
120000102,687,924,-237
120000103,1502,822,680
120000104,1952,461,1491
120000105,3710,598,3112
120000106,2703,598,2105
120000107,4943,437,4506
120000108,1532,120,1412
120000109,1266,89,1177
120000110,46,679,-633
120000111,95,651,-556
120000112,622,1561,-939
120000113,567,1209,-642
120000114,767,1578,-811
120000115,243,1351,-1108
120000116,570,1213,-643
120000117,762,940,-178
120000118,36,65,-29
120000119,18,38,-20
120000120,97,120,-23
120000121,15,47,-32
120000122,199,468,-269
120000123,2830,7604,-4774
120000124,410,394,16
120000125,677,508,169
120000126,307,1075,-768
120000127,1781,1285,496
120000128,2372,4302,-1930
120000129,236,262,-26
120000130,729,397,332
120000131,384,583,-199
120000134,262,540,-278
120000135,911,591,320
120000137,327,618,-291
120000138,1500,259,1241
120000139,373,320,53
120000140,1182,280,902
120000141,864,295,569
120000142,1083,415,668
120000143,1,75,-74
120000144,152,2,150
120000145,425,0,425
120000146,816,842,-26
120000149,687,851,-164
120000150,2301,10881,-8580
120000151,463,354,109
120000152,843,154,689
120000153,420,358,62
120000154,447,425,22
120000155,130,237,-107
120000156,539,1189,-650
120000157,1129,538,591
120000158,831,633,198
120000159,1735,1741,-6
120000160,2450,1554,896
120000161,2673,1896,777
120000162,92,232,-140
120000163,786,640,146
120000164,736,234,502
120000165,587,428,159
120000166,1485,434,1051
120000167,337,302,35
120000168,19,920,-901
120000169,66,2909,-2843
120000170,61,2059,-1998
120000171,18,843,-825
120000172,11,436,-425
120000173,962,2491,-1529
120000174,241,70,171
120000175,210,52,158
120000176,188,72,116
120000177,993,128,865
120000178,65,8,57
120000179,152,69,83
120000180,481,95,386
120000181,148,2105,-1957
120000182,89,901,-812
120000183,21,694,-673
120000184,186,1915,-1729
120000186,44,950,-906
120000187,13,414,-401
120000188,100,762,-662
120000190,336,95,241
120000191,638,95,543
120000192,511,31,480
120000193,201,9,192
120000195,43,6,37
120000196,165,25,140
120000197,76,55,21
120000198,296,47,249
120000199,188,2,186
120000200,220,5,215
120000201,21,61,-40
120000202,1,40,-39
120000203,79,139,-60
120000207,4,72,-68
120000208,9,124,-115
120000209,4,24,-20
120000210,31,60,-29
120000211,256,3,253
120000212,267,2,265
120000213,199,114,85
120000214,0,122,-122
120000215,5,100,-95
120000216,182,17,165
120000217,384,968,-584
120000218,88,475,-387
120000219,7,293,-286
120000220,3,713,-710
120000225,2521,5,2516
120000226,527,4,523
120000227,1006,117,889
120000228,11714,3871,7843
120000230,515,20,495
120000231,1576,1410,166
120000233,448,5,443
120000235,327,479,-152
120000236,1280,1,1279
120000237,0,746,-746
120000238,9,1420,-1411
120000241,1196,3741,-2545
120000412,419,6,413
120000413,324,111,213
120000414,206,4,202
120000415,2,52,-50
120000416,132,3,129
120000417,4,52,-48
120000418,286,16,270
120000419,8,101,-93
120000420,28,13,15
120000421,7144,4712,2432
120000422,75,1426,-1351
120000423,5,86,-81
120000424,163,102,61
120000436,102,742,-640
120000437,92,107,-15
120000438,1498,229,1269
120000439,278,583,-305
120000443,133,1,132
120000444,1470,326,1144
120000445,1736,815,921
120000446,726,190,536
120000447,305,1,304
120000449,192,8,184
120000450,6,115,-109
120000451,146,241,-95
120000452,364,0,364
120000453,0,186,-186
120000454,33,50,-17
120000455,79,40,39
120000456,2545,4078,-1533
120000457,835,377,458
120000458,428,478,-50
120000459,167,71,96
120000665,1037,275,762
120000668,188,1664,-1476
120000669,164,107,57
120000670,152,1361,-1209
120000671,1759,540,1219
120000672,71,388,-317
120900001,83,120,-37
120900002,288,689,-401
120900003,178,17,161
120900004,16,145,-129
120900005,225,413,-188
120900006,512,231,281
120900007,209,64,145
120900008,454,784,-330
120900009,272,33,239
120900010,536,140,396
120900011,122,190,-68
120900012,161,1660,-1499
120900013,454,115,339
120900014,2,241,-239
120900015,1080,64,1016
120900016,1074,49,1025
120900017,1982,57,1925
120900018,236,268,-32
120900019,553,365,188
120900020,615,1574,-959
120900021,998,258,740
120900022,19,221,-202
120900023,378,28,350
120900024,1993,481,1512
120900025,1271,974,297
120900026,196,149,47
120900027,835,21,814
120900028,509,125,384
120900029,103,602,-499
120900030,1644,817,827
120900031,341,140,201
120900032,1608,77,1531
120900033,1286,71,1215
120900034,30,2688,-2658
120900035,63,131,-68
120900037,270,13,257
120900038,84,358,-274
120900039,153,57,96
120900040,447,5,442
120900041,59,33,26
120900042,750,36,714
120900043,82,37,45
120900044,19,324,-305
120900045,102,77,25
120900046,556,8,548
120900047,144,175,-31
120900048,160,26,134
120900049,597,2,595
120900050,1079,1783,-704
120900051,339,59,280
120900052,769,5,764
120900053,541,53,488
120900054,1298,402,896
120900055,493,4,489
120900056,701,25,676
120900057,217,21,196
120900058,733,0,733
120900059,133,3,130
120900060,125,16,109
120900061,235,214,21
120900062,293,3,290
120900063,804,13,791
120900064,831,2,829
120900065,747,7,740
120900066,452,127,325
120900067,173,69,104
120900068,388,3,385
120900069,374,23,351
120900071,53,2,51
120900072,1044,10,1034
120900073,755,88,667
120900074,671,11,660
120900076,453,4,449
120900077,1842,331,1511
120900078,987,372,615
120900079,1040,148,892
120900080,1083,871,212
120900081,1167,469,698
120900082,312,419,-107
120900083,101,2,99
120900084,512,567,-55
120900085,55,101,-46
120900086,85,340,-255
120900087,548,321,227
120900088,250,567,-317
120900089,1813,3297,-1484
120900090,402,67,335
120900091,594,1001,-407
120900092,841,298,543
120900093,1049,131,918
120900094,349,137,212
120900095,512,20,492
120900096,43,213,-170
120900097,634,460,174
120900098,220,121,99
120900099,87,77,10
120900100,105,169,-64
120900101,426,159,267
120900102,72,111,-39
120900103,70,232,-162
120900104,9,43,-34
120900105,35,233,-198
120900106,693,307,386
120900107,189,164,25
120900108,8,264,-256
120900109,34,406,-372
120900110,6,414,-408
120900111,156,242,-86
120900112,22,419,-397
120900113,33,401,-368
120900114,37,102,-65
120900115,129,240,-111
120900116,516,168,348
120900117,8,231,-223
120900118,13,306,-293
120900119,8555,3351,5204
120900120,68,266,-198
120900121,40,391,-351
120900122,737,256,481
120900123,4,158,-154
120900124,3,276,-273
120900125,2,460,-458
120900126,1191,743,448
120900127,15,261,-246
120900128,839,1114,-275
120900129,29,178,-149
120900130,71,309,-238
120900131,137,101,36
120900132,1193,143,1050
120900133,74,421,-347
120900134,537,281,256
120900135,3,312,-309
120900136,82,157,-75
120900137,293,91,202
120900138,20,164,-144
120900139,3,333,-330
120900140,34,175,-141
120900141,304,176,128
120900142,7,209,-202
120900143,3,448,-445
120900144,0,102,-102
120900145,293,466,-173
120900146,2,521,-519
120900147,0,439,-439
120900148,161,136,25
120900149,1,151,-150
120900150,52,313,-261
120900151,4,303,-299
120900152,0,24,-24
120900153,102,76,26
120900154,1,99,-98
120900155,232,593,-361
120900156,77,234,-157
120900157,120,221,-101
120900158,93,364,-271
120900159,92,232,-140
120900160,34,601,-567
120900161,63,487,-424
120900162,63,760,-697
120900163,183,1652,-1469
120900164,0,97,-97
120900165,7,427,-420
120900166,165,537,-372
120900167,351,142,209
120900169,101,179,-78
120900170,510,3352,-2842
120900171,587,203,384
120900172,640,2356,-1716
120900173,0,37,-37
120900174,22,93,-71
120900175,164,128,36
120900176,18,391,-373
120900177,3,1588,-1585
120900178,3,728,-725
120900179,471,326,145
120900180,89,131,-42
120900181,121,33,88
120900182,38,275,-237
120900183,766,95,671
120900184,330,91,239
120900185,32,396,-364
120900186,1,211,-210
120900187,670,994,-324
120900188,211,12,199
120900189,67,1692,-1625
120900190,127,5,122
120900191,23,13,10
120900192,5418,9472,-4054
120900194,72,87,-15
120900195,134,263,-129
120900196,631,19,612
120900197,883,151,732
120900198,256,366,-110
120900199,574,1328,-754
120900200,43,138,-95
120900201,314,121,193
120900202,3,91,-88
120900203,26,93,-67
120900204,87,176,-89
120900205,31,29,2
120900206,21,29,-8
121000001,584,1285,-701
121000002,2348,1646,702
121000003,2746,1865,881
121000004,2442,3973,-1531
121000005,1562,2537,-975
121000006,3265,2332,933
121000007,2027,3005,-978
121000008,5122,4420,702
121000009,3926,5685,-1759
121000010,7237,6099,1138
121000011,5773,9796,-4023
121000012,13517,9139,4378
121000013,4580,5468,-888
121000014,5608,4998,610
121000015,3700,6912,-3212
121000016,3985,3331,654
121000017,2227,3414,-1187
121000018,2825,1983,842
121000019,11593,10878,715
121000020,10756,19247,-8491
121000021,2363,1872,491
121000022,3349,3752,-403
121000023,3542,1913,1629
121000024,5245,4539,706
121000025,459,1390,-931
121000026,322,204,118
121000027,1316,1198,118
121000028,829,417,412
121000029,911,573,338
121000030,697,533,164
121000031,571,672,-101
121000032,254,123,131
121000034,289,252,37
121000035,158,176,-18
121000036,866,827,39
121000037,537,552,-15
121000038,413,864,-451
121000039,233,275,-42
121000041,476,372,104
121000042,313,361,-48
121000043,571,541,30
121000044,1266,948,318
121000045,528,264,264
121000046,834,897,-63
121000047,34,79,-45
121000049,1119,560,559
121000050,298,1339,-1041
121000051,582,236,346
121000052,391,753,-362
121000053,374,173,201
121000054,73,415,-342
121000055,828,1180,-352
121000056,787,1070,-283
121000057,532,499,33
121000058,313,260,53
121000059,2253,1165,1088
121000060,602,1136,-534
121000061,214,454,-240
121000062,184,454,-270
121000063,854,831,23
121000064,605,689,-84
121000065,270,404,-134
121000066,280,302,-22
121000067,399,564,-165
121000068,605,380,225
121000069,278,684,-406
121000070,1844,1022,822
121000071,1598,1305,293
121000072,1469,615,854
121000073,1167,1111,56
121000074,163,110,53
121000075,22,227,-205
121000076,351,289,62
121000077,141,184,-43
121000078,83,162,-79
121000080,1686,554,1132
121000081,3123,3633,-510
121000082,88,271,-183
121000083,119,145,-26
121000084,200,193,7
121000085,228,431,-203
121000086,399,471,-72
121000087,73,214,-141
121000088,541,383,158
121000089,274,452,-178
121000090,345,320,25
121000091,1064,879,185
121000092,216,68,148
121000093,258,216,42
121000094,446,855,-409
121000095,389,679,-290
121000096,2453,1970,483
121000097,634,2260,-1626
121000098,658,609,49
121000099,634,538,96
121000100,962,244,718
121000101,437,173,264
121000102,346,132,214
121000103,260,172,88
121000104,389,107,282
121000105,634,197,437
121000106,437,234,203
121000107,1928,2484,-556
121000109,913,879,34
121000110,201,602,-401
121000114,2950,2002,948
121000115,1224,608,616
121000116,274,699,-425
121000117,442,180,262
121000118,1824,175,1649
121000119,293,363,-70
121000120,257,383,-126
121000121,675,1225,-550
121000123,1359,595,764
121000126,74,339,-265
121000127,187,108,79
121000128,1135,275,860
121000129,966,548,418
121000130,659,644,15
121000131,1552,1834,-282
121000132,1062,2242,-1180
121000135,378,987,-609
121000136,1337,1208,129
121000137,429,437,-8
121000138,1035,1510,-475
121000139,527,512,15
121000141,317,236,81
121000142,603,738,-135
121000143,115,38,77
121000144,641,1967,-1326
121000145,553,659,-106
121000146,1535,991,544
121000147,1126,445,681
121000148,848,735,113
121000149,2170,1403,767
121000152,419,345,74
121000153,1564,489,1075
121000154,1069,618,451
121000155,1401,914,487
121000156,366,1031,-665
121000157,666,1466,-800
121000158,419,463,-44
121000159,238,311,-73
121000160,281,244,37
121000161,259,233,26
121000162,122,102,20
121000165,1386,2057,-671
121000166,16,309,-293
121000168,597,299,298
121000169,106,109,-3
121000170,442,95,347
121000171,52,155,-103
121000172,738,499,239
121000173,1336,1331,5
121000174,378,487,-109
121000175,1071,285,786
121000176,350,251,99
121000177,887,436,451
121000178,80,40,40
121000179,47,40,7
121000181,442,381,61
121000182,127,267,-140
121000183,165,116,49
121000184,201,120,81
121000185,42,275,-233
121000186,303,555,-252
121000187,153,129,24
121000188,173,97,76
121000192,914,340,574
121000193,598,452,146
121000194,1831,2079,-248
121000195,231,891,-660
121000196,275,196,79
121000197,176,591,-415
121000198,208,239,-31
121000199,122,180,-58
121000200,748,149,599
121000201,9,136,-127
121000202,278,7,271
121000203,859,1440,-581
121000204,3313,651,2662
121000205,136,232,-96
121000206,267,67,200
121000207,2053,684,1369
121000208,1,284,-283
121000209,502,116,386
121000210,755,208,547
121000211,477,141,336
121000212,634,373,261
121000213,9499,2689,6810
121000214,749,2000,-1251
121000215,831,1158,-327
121000216,509,623,-114
121000217,3706,3234,472
121000218,367,1733,-1366
121000219,1453,686,767
121000220,143,118,25
121000221,140,389,-249
121000222,2397,2593,-196
121000223,263,458,-195
121000224,194,389,-195
121000225,893,2024,-1131
121000226,3264,1318,1946
121000227,4,111,-107
121000228,21,417,-396
121000229,371,423,-52
121000230,53,1313,-1260
121000231,1471,30,1441
121000232,301,339,-38
121000233,624,289,335
121000234,54,79,-25
121000235,83,44,39
121000236,15,76,-61
121000237,39,29,10
121000238,11,79,-68
121000239,67,8,59
121000240,7,149,-142
121000241,75,14,61
121000242,110,631,-521
121000243,249,75,174
121000244,27,122,-95
121000245,53,41,12
121000246,1,107,-106
121000247,123,11,112
121000248,460,983,-523
121000249,126,272,-146
121000250,722,349,373
121000251,34,220,-186
121000252,125,88,37
121000253,309,259,50
121000254,627,186,441
121000255,230,263,-33
121000256,430,248,182
121000257,53,137,-84
121000258,194,114,80
121000259,40,54,-14
121000260,55,64,-9
121000261,103,68,35
121000262,715,548,167
121000263,637,273,364
121000271,380,1171,-791
121000273,32,7,25
121000274,15,75,-60
121000275,5,12,-7
121000276,11,16,-5
121000278,46,24,22
121000279,28,23,5
121000280,49,78,-29
121000289,296,34,262
121000290,961,790,171
121000294,216,86,130
121000297,626,1108,-482
121000299,83,443,-360
121000300,840,613,227
121000302,28,860,-832
121000303,605,260,345
121000304,438,97,341
121000305,172,56,116
121000306,130,143,-13
121000308,148,288,-140
121000309,345,457,-112
121000310,107,266,-159
121000311,97,656,-559
121000312,369,357,12
121000313,303,408,-105
121000314,55,61,-6
121000315,37,117,-80
121000530,1799,1109,690
121000531,2056,1232,824
121000532,6315,7933,-1618
121000533,3255,3484,-229
121000918,49,48,1
121000919,53,69,-16
121000938,90,229,-139
121000939,63,198,-135
121000956,1587,800,787
121000957,6,19,-13
121000958,31,47,-16
121000959,987,379,608
121000960,1385,1383,2
121000961,344,51,293
121000962,521,419,102
121000973,1,185,-184
121000976,10,227,-217
121000979,442,150,292
121000981,346,101,245
121000982,275,97,178
121000983,515,265,250
121000984,50,62,-12
121000985,765,254,511
121000986,597,73,524
121000987,330,423,-93
121000988,1020,133,887
121001302,232,108,124
121001308,3,17,-14
121001309,23,343,-320
121001313,237,68,169
121001314,1332,1986,-654
121001315,5114,3090,2024
121900001,133,147,-14
121900002,41,32,9
121900003,402,18,384
121900004,106,287,-181
121900005,22,12,10
121900006,49,12,37
121900007,1622,1926,-304
121900008,310,377,-67
121900009,497,15,482
121900010,210,2,208
121900011,421,277,144
121900012,14,0,14
121900013,805,109,696
121900014,1336,318,1018
121900015,204,176,28
121900016,2,36,-34
121900017,1138,297,841
121900018,361,5,356
121900019,571,201,370
121900020,19,0,19
121900021,977,21,956
121900022,241,253,-12
121900023,160,251,-91
121900024,271,87,184
121900025,587,324,263
121900026,214,31,183
121900027,564,204,360
121900028,247,26,221
121900029,120,190,-70
121900030,467,552,-85
121900031,827,6459,-5632
121900032,62,53,9
121900033,174,226,-52
121900034,318,102,216
121900035,2394,2503,-109
121900036,69,263,-194
121900037,193,945,-752
121900038,45,97,-52
121900039,382,55,327
121900040,65,76,-11
121900041,142,193,-51
121900042,393,190,203
121900043,10,11,-1
121900044,72,62,10
121900046,289,361,-72
121900047,192,69,123
121900048,73,80,-7
121900050,43,42,1
121900051,175,107,68
121900052,182,40,142
121900053,677,333,344
121900054,487,776,-289
121900055,25,21,4
121900058,340,116,224
121900059,441,148,293
121900060,132,309,-177
121900061,194,168,26
121900062,126,137,-11
121900063,1646,394,1252
121900064,336,361,-25
121900066,57,34,23
121900067,84,24,60
121900069,146,98,48
121900070,255,184,71
121900071,440,250,190
121900072,46,54,-8
121900073,204,241,-37
121900074,537,1098,-561
121900075,414,795,-381
121900076,627,557,70
121900077,23,16,7
121900078,114,42,72
121900079,2,0,2
121900080,1033,354,679
121900082,53,70,-17
121900084,44,64,-20
121900085,4,13,-9
121900086,29,94,-65
121900087,130,119,11
121900088,1420,2734,-1314
121900089,249,258,-9
121900090,61,32,29
121900091,86,56,30
121900092,99,102,-3
121900093,88,70,18
121900094,22,17,5
121900095,379,196,183
121900096,1127,772,355
121900097,734,211,523
121900098,14,5,9
121900099,279,51,228
121900100,124,590,-466
121900101,153,113,40
121900102,2,108,-106
121900103,523,221,302
121900104,1696,298,1398
121900105,344,292,52
121900106,3,17,-14
121900107,81,25,56
121900108,1,23,-22
121900109,237,108,129
121900110,673,486,187
121900111,748,259,489
121900112,196,179,17
121900113,76,534,-458
121900114,122,78,44
121900115,212,319,-107
121900117,237,221,16
121900118,1554,668,886
121900119,346,59,287
121900120,37,1129,-1092
121900121,387,31,356
121900122,52,57,-5
121900123,235,434,-199
121900124,156,103,53
121900125,1460,1009,451
121900127,15,93,-78
121900128,76,80,-4
121900129,268,156,112
121900130,96,188,-92
121900131,190,73,117
121900132,64,51,13
121900133,63,1200,-1137
121900134,19,186,-167
121900135,3086,512,2574
121900136,595,177,418
121900137,32,262,-230
121900138,111,157,-46
121900139,298,634,-336
121900140,85,155,-70
121900141,47,24,23
121900142,142,113,29
121900143,22,157,-135
121900144,124,226,-102
121900145,212,385,-173
121900146,560,626,-66
121900147,52,233,-181
121900148,174,286,-112
121900149,386,454,-68
121900150,48,142,-94
121900151,87,213,-126
121900152,135,105,30
121900153,63,845,-782
121900154,17,238,-221
121900155,1,109,-108
121900156,182,122,60
121900157,2,270,-268
121900158,98,85,13
121900159,0,227,-227
121900160,5,224,-219
121900161,242,379,-137
121900162,80,145,-65
121900163,375,365,10
121900164,322,182,140
121900165,294,96,198
121900166,172,143,29
121900167,90,128,-38
121900168,136,216,-80
121900169,3,120,-117
121900170,9,209,-200
121900171,884,516,368
121900172,534,184,350
121900173,696,265,431
121900174,41,61,-20
121900175,142,252,-110
121900176,496,1152,-656
121900177,147,72,75
121900178,8,10,-2
121900179,544,175,369
121900180,2056,5455,-3399
121900182,657,359,298
121900183,883,1393,-510
121900184,122,646,-524
121900186,6,464,-458
121900187,32,187,-155
121900188,478,323,155
121900189,28,74,-46
121900190,298,371,-73
121900191,111,218,-107
121900192,288,705,-417
121900193,18,29,-11
121900194,7,378,-371
121900195,38,98,-60
121900196,796,991,-195
121900197,379,890,-511
121900198,1141,981,160
121900199,7,45,-38
121900200,42,176,-134
121900201,701,883,-182
121900202,85,721,-636
121900203,131,919,-788
121900204,543,1326,-783
121900205,19,26,-7
121900206,41,37,4
121900207,72,69,3
121900208,139,290,-151
121900209,98,66,32
121900210,1109,935,174
121900211,204,177,27
121900212,80,105,-25
121900213,215,30,185
121900214,3,516,-513
121900215,67,169,-102
121900216,54,328,-274
121900217,240,207,33
121900218,187,341,-154
121900219,219,66,153
121900220,131,16,115
121900221,319,563,-244
121900222,168,72,96
121900223,144,36,108
121900224,91,39,52
121900225,98,144,-46
121900226,309,163,146
121900227,293,544,-251
121900228,164,227,-63
121900229,348,284,64
121900230,60,303,-243
121900231,101,1250,-1149
121900232,150,353,-203
121900233,125,177,-52
121900234,483,152,331
121900235,672,105,567
121900236,307,108,199
121900237,169,342,-173
121900238,159,300,-141
121900239,248,37,211
121900240,303,129,174
121900241,77,48,29
121900242,9,0,9
121900243,25,1,24
121900244,25,9,16
121900245,234,59,175
121900246,2465,165,2300
121900247,282,209,73
121900248,964,1283,-319
121900250,201,336,-135
121900251,459,44,415
121900252,546,175,371
121900253,68,612,-544
121900254,431,255,176
121900255,335,97,238
121900258,3381,2075,1306
121900259,252,534,-282
121900260,209,93,116
121900261,143,610,-467
121900262,362,1004,-642
121900263,310,182,128
121900264,1174,1148,26
121900265,394,174,220
121900266,604,126,478
121900267,67,41,26
121900269,213,950,-737
121900270,39,180,-141
121900271,32,152,-120
121900273,438,1804,-1366
121900274,322,182,140
121900276,899,107,792
121900277,333,931,-598
121900278,102,712,-610
121900279,147,157,-10
121900280,150,406,-256
121900281,216,393,-177
121900284,115,9,106
121900286,201,499,-298
121900287,19,53,-34
121900290,185,484,-299
121900291,308,784,-476
121900292,136,140,-4
121900293,799,2511,-1712
121900294,263,5,258
121900295,159,149,10
121900296,101,234,-133
121900298,212,867,-655
121900299,0,17,-17
121900300,126,9,117
121900301,110,8,102
121900302,4,84,-80
121900303,462,416,46
121900304,24,16,8
121900305,6,13,-7
121900306,273,2,271
121900307,104,19,85
121900308,15,175,-160
121900309,8,143,-135
121900310,15,248,-233
121900311,460,18,442
121900312,391,11,380
121900313,372,19,353
121900314,0,35,-35
121900315,9,1,8
121900316,0,7,-7
121900317,26,7,19
121900318,0,11,-11
121900319,44,156,-112
121900320,41,39,2
121900321,26,5,21
121900322,0,13,-13
121900323,16,32,-16
121900324,2,38,-36
121900325,10,3,7
121900326,0,18,-18
121900327,7,35,-28
121900328,0,23,-23
121900329,0,64,-64
121900330,5,95,-90
121900331,52,27,25
121900332,75,21,54
121900333,0,0,0
122000001,1575,4442,-2867
122000002,2861,1139,1722
122000003,1616,2658,-1042
122000004,2233,1460,773
122000005,2326,2066,260
122000006,1223,995,228
122000007,718,1511,-793
122000008,1740,3536,-1796
122000009,311,366,-55
122000010,1954,2546,-592
122000011,3528,1775,1753
122000012,900,2035,-1135
122000013,839,1083,-244
122000014,1864,1108,756
122000015,1165,994,171
122000016,447,805,-358
122000017,1102,1048,54
122000018,1425,1530,-105
122000019,846,1062,-216
122000020,206,257,-51
122000021,205,442,-237
122000022,998,1020,-22
122000023,732,1592,-860
122000024,596,1725,-1129
122000025,726,2142,-1416
122000026,595,1299,-704
122000027,537,1245,-708
122000028,821,515,306
122000029,490,504,-14
122000030,208,178,30
122000031,193,368,-175
122000032,2048,1998,50
122000033,496,1619,-1123
122000034,520,655,-135
122000035,287,691,-404
122000036,512,454,58
122000037,367,271,96
122000038,215,345,-130
122000039,553,407,146
122000040,278,295,-17
122000041,434,603,-169
122000042,338,407,-69
122000043,141,126,15
122000044,129,136,-7
122000045,1119,499,620
122000046,772,641,131
122000047,192,227,-35
122000048,3077,4584,-1507
122000049,5128,3331,1797
122000050,1119,710,409
122000051,229,372,-143
122000052,492,496,-4
122000053,196,966,-770
122000054,2174,2015,159
122000055,1844,3401,-1557
122000056,3217,2994,223
122000057,2297,3483,-1186
122000058,1288,1687,-399
122000059,1457,2129,-672
122000060,509,957,-448
122000061,302,699,-397
122000062,601,264,337
122000063,832,804,28
122000064,2984,3830,-846
122000065,2724,2207,517
122000066,975,980,-5
122000067,1464,1108,356
122000068,1719,1106,613
122000069,853,686,167
122000070,840,1325,-485
122000071,1866,1063,803
122000072,489,457,32
122000073,235,781,-546
122000074,3190,1494,1696
122000075,802,1152,-350
122000076,3321,1481,1840
122000077,787,1169,-382
122000078,1059,2904,-1845
122000079,600,1430,-830
122000080,523,373,150
122000081,187,209,-22
122000082,404,1216,-812
122000083,2246,1207,1039
122000084,1883,1003,880
122000085,262,770,-508
122000086,1995,5392,-3397
122000087,286,538,-252
122000088,382,482,-100
122000089,3801,2340,1461
122000090,171,624,-453
122000091,163,78,85
122000092,74,42,32
122000093,1660,2574,-914
122000094,4304,3367,937
122000095,1253,4297,-3044
122000096,883,1801,-918
122000098,2483,3426,-943
122000099,1219,828,391
122000100,767,601,166
122000101,352,514,-162
122000102,1808,833,975
122000103,1923,1444,479
122000104,505,155,350
122000105,430,270,160
122000106,408,824,-416
122000107,1146,430,716
122000108,460,745,-285
122000109,409,307,102
122000110,534,507,27
122000111,2564,1519,1045
122000112,1094,1279,-185
122000113,637,594,43
122000114,2416,1689,727
122000115,1801,1398,403
122000116,465,618,-153
122000117,1152,386,766
122000118,562,620,-58
122000119,2002,1564,438
122000120,935,2333,-1398
122000121,918,1960,-1042
122000122,405,1299,-894
122000123,1270,1541,-271
122000124,778,586,192
122000125,568,787,-219
122000126,485,795,-310
122000127,660,849,-189
122000128,329,523,-194
122000129,494,1569,-1075
122000130,2554,1217,1337
122000131,1066,703,363
122000132,260,358,-98
122000133,961,1005,-44
122000134,1022,707,315
122000135,569,542,27
122000136,762,582,180
122000137,2366,896,1470
122000139,827,3576,-2749
122000140,627,609,18
122000141,2932,1115,1817
122000142,279,760,-481
122000143,346,283,63
122000144,1307,822,485
122000145,1031,770,261
122000146,719,1484,-765
122000147,678,441,237
122000148,927,2046,-1119
122000149,1818,1182,636
122000150,1199,826,373
122000151,172,325,-153
122000152,248,303,-55
122000153,264,206,58
122000154,215,187,28
122000155,1531,2449,-918
122000156,2402,2809,-407
122000157,1054,2833,-1779
122000158,309,494,-185
122000159,551,852,-301
122000160,2087,1488,599
122000161,1004,961,43
122000162,1309,1701,-392
122000163,197,86,111
122000164,30,117,-87
122000165,771,653,118
122000166,655,1025,-370
122000167,315,308,7
122000168,243,640,-397
122000169,249,214,35
122000170,340,223,117
122000171,43,115,-72
122000172,1449,1305,144
122000173,1197,2433,-1236
122000174,2297,1165,1132
122000175,728,257,471
122000176,261,747,-486
122000177,1260,1467,-207
122000178,2639,2540,99
122000179,1505,2426,-921
122000180,1258,1395,-137
122000181,1118,2988,-1870
122000182,1348,1703,-355
122000183,1924,969,955
122000184,2729,2436,293
122000185,1182,1953,-771
122000186,401,867,-466
122000187,1992,857,1135
122000188,345,246,99
122000189,176,307,-131
122000190,824,1210,-386
122000191,805,928,-123
122000192,1371,357,1014
122000193,545,667,-122
122000194,536,192,344
122000195,134,401,-267
122000196,1272,474,798
122000197,514,587,-73
122000198,428,969,-541
122000199,284,363,-79
122000200,860,636,224
122000201,1148,1477,-329
122000202,1253,1651,-398
122000203,2171,1091,1080
122000204,999,1444,-445
122000205,836,1043,-207
122000206,2371,762,1609
122000207,2315,1210,1105
122000208,2513,1254,1259
122000209,1895,446,1449
122000210,1814,1314,500
122000211,1337,1072,265
122000212,809,674,135
122000213,888,1520,-632
122000214,1981,1713,268
122000215,1956,1781,175
122000217,1538,1369,169
122000218,823,84,739
122000219,972,834,138
122000220,303,634,-331
122000221,50,463,-413
122000222,572,179,393
122000223,1223,482,741
122000225,864,321,543
122000226,1531,1451,80
122000227,184,1927,-1743
122000228,312,281,31
122000229,42,548,-506
122000230,118,352,-234
122000231,329,648,-319
122000232,589,594,-5
122000233,0,54,-54
122000234,453,58,395
122000235,498,100,398
122000236,1711,89,1622
122000237,126,82,44
122000238,406,366,40
122000239,809,168,641
122000240,1328,572,756
122000241,1094,410,684
122000242,736,124,612
122000243,27,37,-10
122000244,12,187,-175
122000245,11,54,-43
122000246,51,142,-91
122000247,643,167,476
122000248,679,1018,-339
122000249,1015,875,140
122000250,1895,898,997
122000251,174,385,-211
122000252,386,123,263
122000253,58,180,-122
122000254,291,103,188
122000255,720,909,-189
122000256,393,521,-128
122000257,185,159,26
122000258,309,248,61
122000259,36,310,-274
122000260,8,63,-55
122000261,13,227,-214
122000262,0,24,-24
122000263,244,419,-175
122000264,1519,303,1216
122000265,2344,880,1464
122000266,3993,594,3399
122000267,229,145,84
122000268,197,284,-87
122000269,835,278,557
122000270,553,186,367
122000271,259,858,-599
122000272,332,664,-332
122000273,341,286,55
122000274,184,138,46
122000275,86,138,-52
122000276,812,490,322
122000277,1199,1395,-196
122000278,1855,448,1407
122000279,262,278,-16
122000280,820,505,315
122000281,969,685,284
122000282,271,329,-58
122000283,348,171,177
122000284,257,50,207
122000285,288,88,200
122000286,68,161,-93
122000287,1230,1246,-16
122000288,461,230,231
122000291,2204,712,1492
122000293,233,167,66
122000294,157,299,-142
122000295,1259,173,1086
122000296,31,445,-414
122000297,1873,3521,-1648
122000299,457,520,-63
122000300,404,636,-232
122000301,6102,2938,3164
122000302,540,2021,-1481
122000303,2236,1122,1114
122000304,95,189,-94
122000305,1276,199,1077
122000306,36,431,-395
122000307,116,102,14
122000309,53,28,25
122000310,10,92,-82
122000311,128,98,30
122000312,121,132,-11
122000313,70,62,8
122000314,101,219,-118
122000315,290,33,257
122000316,1008,222,786
122000317,1825,254,1571
122000318,275,956,-681
122000319,125,266,-141
122000320,292,864,-572
122000321,63,102,-39
122000322,1343,2011,-668
122000323,958,2149,-1191
122000324,1191,1161,30
122000325,842,2078,-1236
122000326,87,69,18
122000327,347,524,-177
122000328,521,372,149
122000330,1370,1001,369
122000332,209,301,-92
122000333,4,56,-52
122000337,1095,701,394
122000338,568,277,291
122000340,227,764,-537
122000342,1088,881,207
122000343,350,412,-62
122000344,85,17,68
122000345,56,26,30
122000346,396,255,141
122000348,984,606,378
122000349,123,477,-354
122000351,135,198,-63
122000352,330,162,168
122000353,164,44,120
122000355,166,281,-115
122000356,898,1099,-201
122000357,97,19,78
122000358,0,15,-15
122000359,0,12,-12
122000360,0,25,-25
122000362,9,54,-45
122000364,230,266,-36
122000365,4,58,-54
122000366,6,8,-2
122000368,448,595,-147
122000370,36,15,21
122000371,34,0,34
122000372,13,3,10
122000381,153,331,-178
122000382,105,186,-81
122000384,1606,1071,535
122000385,84,1,83
122000386,257,1702,-1445
122000387,459,634,-175
122000388,1462,694,768
122000389,170,754,-584
122000390,336,320,16
122000391,249,473,-224
122000392,238,152,86
122000393,43,93,-50
122000394,620,207,413
122000395,125,90,35
122000396,206,95,111
122000397,23,22,1
122000398,35,60,-25
122000399,125,60,65
122000400,81,713,-632
122000401,146,55,91
122000402,404,113,291
122000403,517,488,29
122000404,199,154,45
122000408,693,985,-292
122000503,11,97,-86
122000524,219,224,-5
122000544,76,2032,-1956
122000616,309,3,306
122000640,71,68,3
122000641,120,208,-88
122000642,1098,657,441
122000643,67,255,-188
122000644,133,77,56
122000645,76,224,-148
122000651,903,1127,-224
122000664,112,29,83
122000665,1098,447,651
122000666,700,1026,-326
122000673,23,153,-130
122000674,222,64,158
122000675,1842,548,1294
122000686,474,597,-123
122000687,1533,211,1322
122000688,234,355,-121
122000689,1023,263,760
122000690,2509,265,2244
122000691,846,875,-29
122000692,1936,258,1678
122000693,467,916,-449
122000695,457,229,228
122000696,624,139,485
122000698,409,326,83
122000699,184,85,99
122000701,1532,295,1237
122000702,355,741,-386
122000703,199,55,144
122000717,60,51,9
122000718,258,820,-562
122000719,150,81,69
122000720,507,113,394
122900001,44,13,31
122900002,1035,6185,-5150
122900003,454,40,414
122900004,1633,78,1555
122900005,130,112,18
122900006,610,972,-362
122900007,195,142,53
122900008,560,176,384
122900009,566,498,68
122900010,217,93,124
122900012,186,328,-142
122900013,0,0,0
122900014,103,174,-71
122900015,947,1404,-457
122900016,107,231,-124
122900017,303,639,-336
122900018,176,20,156
122900019,11,98,-87
122900020,195,452,-257
122900021,53,431,-378
122900022,1108,700,408
122900023,607,182,425
122900024,158,91,67
122900025,7,392,-385
122900026,29,187,-158
122900027,40,551,-511
122900028,96,140,-44
122900029,3743,2847,896
122900030,1143,581,562
122900031,18,275,-257
122900032,108,492,-384
122900033,239,153,86
122900034,3316,4584,-1268
122900035,22,15,7
122900036,112,69,43
122900037,386,121,265
122900038,118,3034,-2916
122900039,125,583,-458
122900040,263,470,-207
122900041,358,368,-10
122900042,186,307,-121
122900043,343,197,146
122900044,91,442,-351
122900045,140,106,34
122900046,235,272,-37
122900047,99,212,-113
122900048,57,207,-150
122900049,1000,165,835
122900051,83,148,-65
122900052,115,142,-27
122900053,29,26,3
122900055,372,83,289
122900057,216,53,163
122900061,445,212,233
122900062,530,679,-149
122900063,124,159,-35
122900064,752,462,290
122900065,571,216,355
122900066,760,322,438
122900067,868,466,402
122900068,113,251,-138
122900069,327,1393,-1066
122900070,337,60,277
122900071,88,212,-124
122900072,6,332,-326
122900073,20,138,-118
122900074,981,377,604
122900075,0,103,-103
122900076,5,143,-138
122900077,0,86,-86
122900078,158,29,129
122900080,38,54,-16
122900081,142,113,29
122900082,1037,144,893
122900083,110,170,-60
122900084,17,124,-107
122900086,24,147,-123
122900087,324,397,-73
122900088,35,256,-221
122900089,24,295,-271
122900090,12,198,-186
122900091,253,4,249
122900092,0,98,-98
122900093,0,115,-115
122900094,1,112,-111
122900095,207,24,183
122900096,492,77,415
122900097,21,36,-15
122900098,54,134,-80
122900099,79,18,61
122900100,190,452,-262
122900101,341,260,81
122900102,20,29,-9
122900103,107,8,99
122900104,238,6,232
122900105,27,4,23
122900106,8,42,-34
122900107,3,95,-92
122900108,2,75,-73
123000001,930,464,466
123000002,2782,6355,-3573
123000003,4163,5317,-1154
123000004,2454,3986,-1532
123000005,2715,3369,-654
123000006,1916,1730,186
123000007,3997,2431,1566
123000008,2256,2381,-125
123000009,4772,2612,2160
123000010,2986,2991,-5
123000011,2112,748,1364
123000012,651,2017,-1366
123000013,3707,805,2902
123000014,729,2907,-2178
123000015,2426,1030,1396
123000016,2658,4363,-1705
123000017,3001,1654,1347
123000018,53,78,-25
123000019,492,69,423
123000020,284,43,241
123000021,188,197,-9
123000022,270,1710,-1440
123000023,1744,1908,-164
123000024,1521,587,934
123000025,113,128,-15
123000026,51,130,-79
123000027,88,687,-599
123000028,1491,613,878
123000029,650,1317,-667
123000030,288,155,133
123000031,298,138,160
123000032,507,101,406
123000033,236,48,188
123000034,1063,726,337
123000035,538,427,111
123000036,240,949,-709
123000037,282,283,-1
123000038,173,238,-65
123000039,482,1882,-1400
123000040,574,290,284
123000041,856,1309,-453
123000042,549,607,-58
123000043,2175,11898,-9723
123000044,3102,2453,649
123000045,4028,3037,991
123000046,478,1779,-1301
123000047,1419,1115,304
123000048,101,1069,-968
123000049,5153,11033,-5880
123000050,1845,1529,316
123000051,66,162,-96
123000052,759,3318,-2559
123000053,2440,2877,-437
123000054,1698,1680,18
123000055,1652,3309,-1657
123000056,980,1663,-683
123000057,5541,7219,-1678
123000058,529,1213,-684
123000059,254,421,-167
123000060,1026,381,645
123000061,271,588,-317
123000063,805,967,-162
123000064,1165,213,952
123000065,3858,2412,1446
123000066,569,510,59
123000067,900,374,526
123000068,2259,2142,117
123000069,5050,2273,2777
123000070,193,496,-303
123000071,1459,650,809
123000072,1096,577,519
123000073,1437,802,635
123000074,974,614,360
123000075,394,1304,-910
123000076,737,393,344
123000077,1703,1576,127
123000078,1843,1189,654
123000079,1849,1437,412
123000080,2368,1130,1238
123000081,143,304,-161
123000082,287,805,-518
123000083,1076,247,829
123000084,839,365,474
123000085,494,49,445
123000086,666,84,582
123000087,533,242,291
123000088,1281,566,715
123000089,614,819,-205
123000090,1256,743,513
123000091,1231,1140,91
123000092,764,1124,-360
123000094,609,241,368
123000095,777,572,205
123000096,784,296,488
123000097,599,426,173
123000098,744,389,355
123000099,616,469,147
123000100,414,725,-311
123000101,511,554,-43
123000102,383,715,-332
123000104,386,433,-47
123000105,487,427,60
123000106,381,475,-94
123000107,250,465,-215
123000108,441,892,-451
123000111,1032,345,687
123000112,1505,447,1058
123000113,494,680,-186
123000114,355,594,-239
123000115,281,221,60
123000116,48,56,-8
123000117,1913,1198,715
123000118,473,617,-144
123000119,254,599,-345
123000120,278,544,-266
123000121,367,431,-64
123000122,228,203,25
123000123,442,536,-94
123000124,372,306,66
123000125,1123,1397,-274
123000126,1204,5081,-3877
123000127,525,500,25
123000128,260,168,92
123000129,923,140,783
123000130,887,82,805
123000131,1143,746,397
123000132,223,395,-172
123000133,151,227,-76
123000134,213,75,138
123000135,3023,1063,1960
123000136,183,484,-301
123000137,91,146,-55
123000138,68,233,-165
123000139,608,85,523
123000140,96,416,-320
123000141,827,142,685
123000142,770,669,101
123000143,870,1321,-451
123000144,46,34,12
123000145,204,272,-68
123000146,54,63,-9
123000147,57,79,-22
123000149,360,338,22
123000150,149,191,-42
123000151,268,537,-269
123000152,127,441,-314
123000153,190,770,-580
123000154,1384,1755,-371
123000155,1693,1187,506
123000156,26,72,-46
123000157,498,664,-166
123000158,486,684,-198
123000159,3159,2764,395
123000160,1151,745,406
123000161,1724,1117,607
123000162,1215,1496,-281
123000163,678,147,531
123000164,1760,260,1500
123000165,373,978,-605
123000166,54,121,-67
123000167,112,166,-54
123000168,241,146,95
123000169,952,80,872
123000170,77,83,-6
123000171,945,2,943
123000172,159,438,-279
123000173,541,271,270
123000174,1191,422,769
123000175,433,836,-403
123000176,1295,291,1004
123000177,248,750,-502
123000178,779,148,631
123000179,40,353,-313
123000180,1806,267,1539
123000181,232,808,-576
123000182,321,251,70
123000183,169,473,-304
123000184,122,405,-283
123000185,1079,279,800
123000186,3,384,-381
123000187,686,12,674
123000188,142,3,139
123000189,202,99,103
123000190,42,89,-47
123000192,20,283,-263
123000193,76,555,-479
123000194,337,212,125
123000195,388,40,348
123000196,364,16,348
123000197,72,74,-2
123000198,27,795,-768
123000199,8,534,-526
123000200,541,7,534
123000201,1236,25,1211
123000202,9,513,-504
123000203,1162,65,1097
123000204,63,648,-585
123000205,267,1016,-749
123000206,2236,236,2000
123000207,52,561,-509
123000208,469,206,263
123000209,2178,638,1540
123000210,388,1330,-942
123000211,365,1570,-1205
123000212,3382,466,2916
123000213,557,81,476
123000215,69,219,-150
123000216,210,891,-681
123000217,179,39,140
123000218,43,707,-664
123000219,570,61,509
123000220,546,134,412
123000221,192,48,144
123000222,445,244,201
123000223,652,165,487
123000224,434,259,175
123000225,370,44,326
123000226,111,238,-127
123000227,73,194,-121
123000228,333,54,279
123000229,702,1070,-368
123000232,107,401,-294
123000233,857,139,718
123000234,178,462,-284
123000235,1557,257,1300
123000236,294,451,-157
123000237,362,98,264
123000238,56,271,-215
123000239,369,768,-399
123000240,50,577,-527
123000241,239,72,167
123000242,312,131,181
123000243,802,741,61
123000244,900,705,195
123000245,43,121,-78
123000249,1053,451,602
123000252,855,273,582
123000253,1662,420,1242
123000254,695,665,30
123000255,1254,686,568
123000256,22,198,-176
123000257,1942,1315,627
123000258,784,590,194
123000259,433,286,147
123000260,529,242,287
123000261,353,100,253
123000262,65,101,-36
123000263,523,91,432
123000264,251,87,164
123000265,34,118,-84
123000266,583,530,53
123000267,740,280,460
123000268,27,51,-24
123000269,38,55,-17
123000270,38,45,-7
123000271,36,50,-14
123000272,692,291,401
123000273,281,807,-526
123000274,1260,500,760
123000275,211,588,-377
123000278,1790,2221,-431
123000279,92,61,31
123000280,323,249,74
123000281,311,109,202
123000282,119,220,-101
123000283,183,61,122
123000284,69,76,-7
123000286,175,309,-134
123000287,420,255,165
123000288,1609,1132,477
123000289,361,1394,-1033
123000291,243,739,-496
123000294,156,196,-40
123000295,830,915,-85
123000296,809,412,397
123000297,616,272,344
123000298,657,191,466
123000299,66,92,-26
123000300,1288,876,412
123000301,135,272,-137
123000302,70,100,-30
123000303,109,158,-49
123000305,674,734,-60
123000306,157,77,80
123000309,61,45,16
123000310,31,29,2
123000311,1,81,-80
123000312,301,439,-138
123000313,645,328,317
123000315,149,179,-30
123000316,692,65,627
123000317,235,100,135
123000318,33,167,-134
123000329,28,19,9
123000337,596,517,79
123000338,306,151,155
123000339,330,92,238
123000340,71,237,-166
123000342,21,20,1
123000343,38,7,31
123000344,749,290,459
123000345,382,538,-156
123000346,460,42,418
123000352,852,693,159
123000353,42,83,-41
123000354,213,6,207
123000355,1,181,-180
123000356,417,2,415
123000357,1,94,-93
123000359,8,89,-81
123000360,189,53,136
123000361,124,231,-107
123000362,554,89,465
123000363,129,134,-5
123000364,518,492,26
123000365,16,436,-420
123000366,331,2078,-1747
123000367,222,730,-508
123000370,35,159,-124
123000371,964,37,927
123000372,345,19,326
123000373,4,231,-227
123000374,25,131,-106
123000375,362,35,327
123000376,860,617,243
123000377,643,15,628
123000378,12,201,-189
123000379,3,147,-144
123000380,47,404,-357
123000381,86,104,-18
123000382,633,127,506
123000383,84,1277,-1193
123000384,389,131,258
123000385,132,406,-274
123000436,32,1194,-1162
123000507,85,158,-73
123000508,104,1417,-1313
123000517,285,50,235
123000518,27,215,-188
123000519,186,78,108
123000520,53,245,-192
123000521,494,91,403
123000522,142,402,-260
123000541,2,1,1
123000542,0,8,-8
123000565,851,23,828
123000566,310,181,129
123000567,90,130,-40
123000573,38,419,-381
123000574,948,90,858
123000575,1486,651,835
123000576,1248,808,440
123000577,72,568,-496
123000578,331,68,263
123000579,1034,6619,-5585
123000580,152,52,100
123000582,565,32,533
123000583,37,260,-223
123000584,208,298,-90
123000585,0,90,-90
123000586,84,1,83
123000596,84,79,5
123000597,62,97,-35
123000602,49,3,46
123000603,1009,386,623
123000604,499,357,142
123000605,659,139,520
123000606,4,339,-335
123000609,12,307,-295
123000610,180,100,80
123000613,42,147,-105
123000614,320,24,296
123000615,28,58,-30
123000616,1052,32,1020
123000617,94,193,-99
123000618,47,353,-306
123000619,543,42,501
123000620,16,222,-206
123000622,645,12,633
123000624,187,21,166
123000630,1171,412,759
123000631,211,512,-301
123000632,476,543,-67
123000633,0,104,-104
123000634,52,157,-105
123000635,65,92,-27
123000636,51,294,-243
123000637,268,51,217
123000638,567,26,541
123000639,733,5080,-4347
123000640,16,346,-330
123900001,875,35,840
123900002,20,1156,-1136
123900003,208,326,-118
123900005,286,174,112
123900006,298,39,259
124000001,1959,159,1800
124000002,30,1061,-1031
124000003,1138,103,1035
124000004,48,324,-276
124000005,1149,679,470
124000006,174,579,-405
124000007,501,130,371
124000008,7,418,-411
124000009,681,245,436
124000010,179,266,-87
124000011,1062,285,777
124000012,270,222,48
124000017,194,133,61
124000018,103,40,63
124000019,158,142,16
124000020,60,97,-37
124000021,123,110,13
124000022,92,171,-79
124000023,1291,1391,-100
124000024,1062,292,770
124000025,1312,1708,-396
124000026,841,837,4
124000027,4683,4936,-253
124000028,1149,3478,-2329
124000030,1921,1047,874
124000031,1395,4487,-3092
124000032,1305,587,718
124000033,273,218,55
124000034,535,504,31
124000035,38,251,-213
124000036,49,132,-83
124000037,689,1198,-509
124000038,55,68,-13
124000039,931,364,567
124000040,424,1013,-589
124000041,581,93,488
124000042,73,324,-251
124000043,117,158,-41
124000044,47,110,-63
124000045,962,397,565
124000046,281,454,-173
124000047,2352,631,1721
124000048,1007,627,380
124000049,2416,555,1861
124000050,757,979,-222
124000051,1121,538,583
124000052,470,567,-97
124000053,500,1810,-1310
124000054,686,321,365
124000055,1387,3462,-2075
124000056,1361,982,379
124000057,1130,645,485
124000058,440,827,-387
124000059,708,1365,-657
124000060,591,443,148
124000061,1192,5694,-4502
124000062,2082,1483,599
124000063,920,1238,-318
124000064,1522,860,662
124000065,6,511,-505
124000066,78,35,43
124000067,203,160,43
124000068,22,16,6
124000069,184,9,175
124000070,51,53,-2
124000071,423,103,320
124000072,214,327,-113
124000073,1056,189,867
124000074,174,398,-224
124000075,405,40,365
124000076,9,95,-86
124000077,1076,718,358
124000078,2780,1122,1658
124000079,265,1139,-874
124000080,795,240,555
124000081,198,354,-156
124000082,61,183,-122
124000083,62,67,-5
124000084,66,412,-346
124000085,94,25,69
124000086,32,139,-107
124000087,207,124,83
124000088,249,502,-253
124000089,806,266,540
124000090,87,180,-93
124000091,416,94,322
124000092,64,257,-193
124000093,96,158,-62
124000094,124,555,-431
124000095,128,68,60
124000096,136,215,-79
124000097,98,132,-34
124000098,36,44,-8
124000099,213,99,114
124000100,69,54,15
124000101,118,104,14
124000102,56,48,8
124000103,131,116,15
124000104,77,26,51
124000105,98,116,-18
124000106,109,39,70
124000107,12,166,-154
124000108,25,13,12
124000109,133,91,42
124000110,154,77,77
124000111,204,148,56
124000112,825,438,387
124000113,107,102,5
124000114,351,263,88
124000115,355,453,-98
124000116,106,149,-43
124000117,40,76,-36
124000118,48,111,-63
124000119,819,565,254
124000120,524,369,155
124000121,1037,627,410
124000122,477,1117,-640
124000123,1104,522,582
124000124,365,864,-499
124000125,445,420,25
124000126,242,495,-253
124000127,887,291,596
124000128,531,689,-158
124000129,2386,1490,896
124000130,671,458,213
124000131,906,584,322
124000132,683,653,30
124000133,927,831,96
124000134,828,409,419
124000135,1691,1900,-209
124000136,792,736,56
124000137,1082,962,120
124000138,1537,1070,467
124000139,458,41,417
124000140,22,290,-268
124000141,160,2,158
124000142,28,109,-81
124000143,55,10,45
124000144,8,33,-25
124000145,181,37,144
124000146,41,38,3
124000148,33,114,-81
124000149,1290,397,893
124000150,225,484,-259
124000151,933,429,504
124000152,555,845,-290
124000153,902,1092,-190
124000154,317,732,-415
124000155,1288,955,333
124000156,936,1025,-89
124000169,184,392,-208
124000170,379,362,17
124000171,329,225,104
124000172,324,382,-58
124000173,587,142,445
124000174,369,449,-80
124000175,15,84,-69
124000176,89,38,51
124000177,22,16,6
124000178,46,64,-18
124000190,21,57,-36
124000191,23,70,-47
124000192,1193,360,833
124000193,281,682,-401
124000194,284,354,-70
124000195,281,553,-272
124000196,671,649,22
124000197,50,36,14
124000198,43,62,-19
124000201,304,530,-226
124000202,662,252,410
124000203,524,242,282
124000204,1066,197,869
124000205,137,245,-108
124000206,820,218,602
124000207,0,43,-43
124000209,179,209,-30
124000210,705,176,529
124000211,734,3,731
124000212,1,230,-229
124000213,729,197,532
124000214,503,282,221
124000215,520,24,496
124000216,1,212,-211
124000329,129,831,-702
124000338,62,419,-357
124000339,1335,74,1261
124000341,1688,57,1631
124000344,20,1,19
124000357,1459,2377,-918
124000358,1014,1549,-535
124000359,1611,663,948
124000360,1165,397,768
124000361,2096,772,1324
124000362,779,1084,-305
124000363,264,305,-41
124000364,409,711,-302
124000365,476,731,-255
124000366,914,679,235
124000367,74,256,-182
124000368,460,544,-84
124000369,142,106,36
124000370,56,384,-328
124000402,11,10,1
124000403,146,28,118
124000404,12,81,-69
124000405,1165,706,459
124000406,631,695,-64
124000407,1,26,-25
124000411,8,157,-149
124000412,406,14,392
124000413,94,21,73
124000414,88,85,3
124000415,42,41,1
124000416,136,137,-1
124000417,156,79,77
124000418,205,92,113
124000419,101,78,23
124000420,96,69,27
124000421,57,56,1
124000422,14,13,1
124000423,144,40,104
124000424,5,33,-28
124000425,52,20,32
124000426,12,26,-14
124000427,41,3,38
124000428,10,59,-49
124000429,72,39,33
124000430,753,426,327
124000431,330,359,-29
124000432,310,445,-135
124000439,11,4,7
124000442,10,53,-43
124000443,7,10,-3
124000445,100,669,-569
124000446,345,69,276
124900001,589,372,217
124900002,183,201,-18
124900003,1060,385,675
124900004,681,241,440
124900005,204,102,102
124900006,800,240,560
124900008,1111,659,452
124900009,166,457,-291
124900010,335,166,169
124900011,807,396,411
124900012,557,98,459
124900013,618,160,458
124900014,461,66,395
124900015,193,462,-269
124900016,82,129,-47
124900017,567,2310,-1743
124900018,103,13,90
124900020,124,80,44
124900021,357,53,304
124900022,51,6,45
124900024,285,25,260
124900026,103,23,80
124900027,122,520,-398
124900028,381,83,298
124900029,28,463,-435
124900030,6,73,-67
124900031,46,218,-172
124900032,163,232,-69
124900033,102,247,-145
124900034,7,88,-81
124900035,191,370,-179
124900036,0,39,-39
124900037,151,200,-49
124900038,223,156,67
124900039,0,50,-50
124900040,133,87,46
124900041,204,524,-320
124900042,94,1,93
124900043,413,486,-73
124900044,129,1,128
124900045,561,902,-341
124900046,765,191,574
124900047,74,124,-50
124900048,155,77,78
124900050,134,148,-14
124900052,93,248,-155
124900053,206,236,-30
124900054,839,535,304
124900055,1,110,-109
124900057,7,41,-34
124900060,58,157,-99
124900061,88,6,82
124900062,185,17,168
124900066,0,8,-8
124900067,6,83,-77
124900068,182,772,-590
124900070,63,33,30
124900072,169,27,142
124900074,617,122,495
124900075,242,164,78
124900076,36,1149,-1113
124900077,25,90,-65
124900078,74,19,55
124900079,326,201,125
124900080,245,278,-33
124900081,984,253,731
124900082,250,374,-124
124900083,224,313,-89
124900084,926,118,808
124900085,565,603,-38
124900086,66,1382,-1316
124900087,314,111,203
124900088,363,97,266
124900089,809,17,792
124900090,510,238,272
124900091,363,208,155
124900092,222,156,66
124900093,385,186,199
124900094,463,233,230
124900095,106,547,-441
124900096,522,276,246
124900097,430,61,369
124900098,97,239,-142
124900099,430,443,-13
124900100,339,99,240
124900101,60,267,-207
124900102,279,40,239
124900103,143,133,10
124900104,47,101,-54
124900105,88,73,15
124900106,441,57,384
124900107,187,29,158
124900108,114,115,-1
124900109,115,127,-12
124900110,405,241,164
124900111,0,119,-119
124900112,56,319,-263
124900113,81,228,-147
124900114,98,120,-22
124900115,88,45,43
124900116,226,209,17
124900117,171,128,43
124900118,135,225,-90
124900119,389,172,217
124900120,41,162,-121
124900121,135,323,-188
124900122,96,131,-35
124900123,135,79,56
124900124,95,181,-86
129000186,150,78,72
204000001,20,6,14
204000002,7,4,3
204000003,24,4,20
204000004,5,4,1
204000005,560,348,212
204000006,1193,1010,183
204000008,812,443,369
204000011,9,25,-16
204000012,41,45,-4
204000013,4,18,-14
204000019,833,413,420
204000020,677,670,7
204000021,1673,803,870
204000022,603,412,191
204000023,430,494,-64
204000031,22,10,12
204000032,319,15,304
204000034,24,149,-125
204000035,0,3,-3
204000036,4,12,-8
204000037,1,14,-13
204000038,0,8,-8
204000039,8,14,-6
204000040,5,12,-7
204000041,8,18,-10
204000042,54,17,37
204000043,52,3,49
204000044,58,2,56
204000045,58,4,54
204000046,7,3,4
204000057,5,15,-10
204000062,6,10,-4
204000068,28,193,-165
204000069,5,247,-242
204000070,71,62,9
204000080,56,40,16
204000085,1578,1100,478
204000086,1578,1325,253
204000087,36,4,32
204000088,4,78,-74
204000090,32,198,-166
204000093,623,31,592
204000096,1091,739,352
204000097,611,4,607
204000099,1123,1363,-240
204000100,1693,1546,147
204000105,1646,785,861
204000110,573,1060,-487
204000111,415,580,-165
204000112,766,1635,-869
204000113,300,984,-684
204000114,704,665,39
204000115,627,237,390
204000116,1440,854,586
204000119,1916,2119,-203
204000132,671,285,386
204000133,774,161,613
204000134,247,65,182
204000135,561,105,456
204000136,474,154,320
204000138,397,451,-54
204000140,234,74,160
204000141,137,44,93
204000144,8,28,-20
204000145,564,40,524
204000146,13,247,-234
204000147,14,123,-109
204000148,264,20,244
204000154,6,5,1
204000155,2,4,-2
204000177,55,49,6
204000179,38,7,31
204000180,0,23,-23
204000222,4,9,-5
204000235,19,16,3
204000236,52,121,-69
204000238,33,11,22
204000240,416,56,360
204000263,319,555,-236
204000308,123,6,117
204000317,14,94,-80
204000322,11,58,-47
204000323,6,1,5
204000328,146,28,118
204000329,52,96,-44
204000330,142,8,134
204000331,30,61,-31
204010341,8,167,-159
205000001,655,1074,-419
205000013,5,68,-63
205000014,24,76,-52
205000015,31,127,-96
205000016,22,106,-84
205000017,28,67,-39
205000022,226,606,-380
205000025,846,707,139
205000029,284,6,278
205000045,77,685,-608
205000047,101,393,-292
205000048,297,497,-200
205000049,172,515,-343
205000050,461,243,218
205000059,1,133,-132
205000060,1,73,-72
205000061,0,79,-79
205000062,3,104,-101
205000063,33,142,-109
205000064,15,69,-54
205000065,50,378,-328
205000066,73,343,-270
205000067,20,626,-606
205000069,220,22,198
205000082,153,145,8
205000110,57,144,-87
205000111,184,132,52
205000112,179,137,42
205000113,180,313,-133
205000121,265,39,226
205000123,20,164,-144
205000126,396,70,326
205000127,787,90,697
205000128,335,41,294
205000129,632,23,609
205000130,106,13,93
205000131,51,4,47
205000132,103,1,102
205000133,70,1,69
205000134,217,1,216
205000137,54,154,-100
205000138,113,285,-172
205000139,24,103,-79
205000144,79,56,23
205000145,390,167,223
205000151,144,43,101
205000152,183,15,168
205000153,188,20,168
205000154,96,32,64
205000155,98,9,89
205000207,4,132,-128
205000233,6,0,6
205000234,0,0,0
205000243,0,1,-1
205000244,0,3,-3
205000245,6,102,-96
205000249,1,23,-22
205000250,3,1,2
205000251,100,339,-239
205000264,11,75,-64
206000027,21,4,17
206000028,10,5,5
206000043,2,32,-30
206000053,2,7,-5
206000054,1,23,-22
206000055,3,15,-12
206000075,6,23,-17
206000076,28,9,19
206000077,26,8,18
206000078,20,3,17
206000079,19,2,17
206000082,432,71,361
206000100,13,331,-318
206000103,1,13,-12
206000104,8,9,-1
206000105,10,12,-2
206000106,2,12,-10
206000108,680,43,637
206000125,80,1,79
206000157,26,424,-398
206000170,2,97,-95
206000171,3,129,-126
206000172,9,213,-204
206000173,4,89,-85
206000174,13,27,-14
206000175,1,44,-43
206000176,9,56,-47
206000177,0,49,-49
206000178,1,134,-133
206000179,2,53,-51
206000180,13,73,-60
206000181,10,64,-54
206000182,7,55,-48
206000183,12,153,-141
206000184,4,125,-121
206000185,3,52,-49
206000186,70,330,-260
206000223,1,119,-118
206000226,20,4,16
206000227,31,4,27
206000237,37,159,-122
206000238,17,267,-250
206000239,108,1123,-1015
206000240,0,39,-39
206000241,0,47,-47
206000242,19,71,-52
206000243,5,60,-55
206000244,24,175,-151
206000245,1352,58,1294
206000246,437,9,428
206000247,471,3,468
206000248,580,21,559
206000252,56,36,20
206000258,11,20,-9
206000315,24,6,18
206000317,871,137,734
206000318,842,91,751
206000319,2670,82,2588
206000320,384,21,363
206000321,413,9,404
206000322,787,24,763
206000323,258,6,252
206000324,337,11,326
206000325,222,13,209
206000326,255,13,242
206000327,107,9,98
206000328,286,5,281
206000329,415,6,409
206000330,81,7,74
206000331,290,3,287
206000332,98,4,94
206000333,970,6,964
206000334,480,2,478
206000335,0,16,-16
206000361,6,140,-134
206000392,1,5,-4
206000405,206,2,204
206000441,47,22,25
206000498,37,3,34
206000515,79,41,38
206000530,541,61,480
206000531,319,369,-50
206000532,1954,472,1482
206000535,81,1402,-1321
206000536,15,72,-57
206000537,16,67,-51
206000613,2199,278,1921
207000001,106,521,-415
207000002,85,334,-249
207000003,116,127,-11
207000007,1476,233,1243
207000008,150,12,138
207000009,61,53,8
207000010,273,233,40
207000012,501,208,293
207000015,182,583,-401
207000019,216,68,148
207000021,552,168,384
207000022,190,141,49
207000023,236,67,169
207000024,3,12,-9
207000025,36,54,-18
207000026,88,31,57
207000027,12,63,-51
207000028,56,133,-77
207000029,184,285,-101
207000033,165,406,-241
207000034,261,96,165
207000039,609,84,525
207000040,590,41,549
207000041,198,19,179
207000042,318,35,283
207000043,239,132,107
207000051,104,204,-100
207000052,115,111,4
207000053,326,386,-60
207000054,46,45,1
207000055,113,70,43
207000056,256,205,51
207000057,125,222,-97
207000058,141,180,-39
207000059,82,221,-139
207000060,50,149,-99
207000061,230,644,-414
207000062,356,22,334
207000063,445,69,376
207000064,452,132,320
207000065,476,224,252
207000066,249,95,154
207000067,47,36,11
207000068,119,32,87
207000069,725,260,465
207000082,2,101,-99
207000083,70,175,-105
207000084,328,194,134
207000085,262,25,237
207000086,307,3,304
207000106,41,29,12
207000107,111,12,99
207000108,78,14,64
207000109,49,18,31
207000110,73,67,6
207000111,122,105,17
207000112,107,714,-607
207000114,18,32,-14
207000115,27,43,-16
207000116,12,336,-324
207000117,7,70,-63
207000118,4,49,-45
207000119,22,66,-44
207000123,167,20,147
207000124,110,24,86
207000125,78,29,49
207000126,96,45,51
207000134,110,95,15
207000135,33,124,-91
207000148,111,285,-174
207000149,63,27,36
207000152,89,308,-219
207000153,473,975,-502
207000154,293,169,124
207000159,104,105,-1
207000160,148,223,-75
207000238,2,146,-144
207000242,2,87,-85
207000248,42,29,13
207000249,97,32,65
207000250,424,46,378
207000251,79,69,10
207000252,60,47,13
207000278,145,109,36
207000279,18,87,-69
207000280,805,48,757
207000281,93,378,-285
207000282,97,109,-12
207000283,45,211,-166
207000284,42,350,-308
207000285,52,77,-25
207000291,8,84,-76
207000304,111,69,42
207000306,72,291,-219
207000310,123,57,66
207000353,200,2,198
207000356,7,96,-89
207000357,9,26,-17
207000358,5,20,-15
207000415,6,81,-75
207000417,34,7,27
207000418,1,12,-11
207000437,0,0,0
207000439,604,624,-20
207000446,197,3,194
207000460,42,12,30
207000466,97,125,-28
207000467,167,46,121
207000468,17,126,-109
207000476,5,34,-29
207000477,649,42,607
207000523,0,13,-13
207000524,34,0,34
207000527,137,140,-3
207000530,611,6,605
207000531,328,6,322
207000532,100,29,71
207000534,256,36,220
207000535,21,237,-216
207000537,16,46,-30
207000540,10,82,-72
207000541,0,205,-205
207000548,10,154,-144
207000549,301,11,290
207000561,163,186,-23
207000562,31,101,-70
207000567,160,181,-21
207000568,240,34,206
207000569,541,307,234
207000584,162,166,-4
207000585,40,289,-249
207000616,0,66,-66
207000617,226,0,226
207900008,326,78,248
208000001,498,1100,-602
208000002,547,448,99
208000003,1031,295,736
208000004,868,709,159
208000005,2,13,-11
208000019,646,713,-67
208000020,207,408,-201
208000021,225,226,-1
208000022,956,341,615
208000028,911,1464,-553
208000033,535,443,92
208000034,854,1271,-417
208000040,170,128,42
208000041,708,506,202
208000042,726,540,186
208000047,154,156,-2
208000064,2011,1227,784
208000066,1553,2553,-1000
208000070,392,337,55
208000071,486,477,9
208000072,524,784,-260
208000080,277,332,-55
208000081,304,108,196
208000082,306,177,129
208000083,160,257,-97
208000084,9,14,-5
208000085,696,729,-33
208000086,412,837,-425
208000087,412,555,-143
208000089,1097,303,794
208000090,882,355,527
208000093,131,121,10
208000094,399,294,105
208000095,650,388,262
208000104,1215,612,603
208000105,745,755,-10
208000114,107,466,-359
208000115,494,264,230
208000116,576,961,-385
208000117,110,119,-9
208000118,111,146,-35
208000155,640,1127,-487
208000158,1262,3126,-1864
208000186,2154,3254,-1100
208000204,706,881,-175
208000205,1114,688,426
208000282,3412,2568,844
209000004,470,180,290
209000005,51,31,20
209000006,499,150,349
209000007,230,295,-65
209000010,317,113,204
209000011,135,232,-97
209000012,124,128,-4
209000013,189,175,14
209000014,333,491,-158
209000025,431,31,400
209000026,782,76,706
209000027,305,409,-104
209000028,313,391,-78
209000029,389,467,-78
209000030,351,729,-378
209000031,1523,1167,356
209000034,182,151,31
209000035,115,136,-21
209000036,133,53,80
209000037,278,125,153
209000038,96,86,10
209000039,45,82,-37
209000040,246,367,-121
209000041,148,274,-126
209000042,250,232,18
209000043,668,527,141
209000044,227,693,-466
209000045,939,327,612
209000046,519,394,125
209000047,378,207,171
209000048,602,331,271
209000049,98,52,46
209000050,162,62,100
209000051,225,122,103
209000052,119,128,-9
209000062,36,47,-11
209000063,44,32,12
209000064,44,20,24
209000065,87,29,58
209000066,86,12,74
209000067,120,17,103
209000080,64,183,-119
209000082,63,28,35
209000091,19,64,-45
209000093,45,13,32
209000094,67,154,-87
209000110,38,118,-80
209000111,580,1673,-1093
209000112,1273,396,877
209000113,1804,473,1331
209000114,871,468,403
209000115,38,67,-29
209000116,270,220,50
209000118,19,32,-13
209000119,12,10,2
209000121,76,273,-197
209000135,62,122,-60
209000142,585,1939,-1354
209000143,32,38,-6
209000144,36,121,-85
209000229,264,99,165
209000240,20,118,-98
209000259,39,40,-1
209000260,34,914,-880
209000261,4,583,-579
209000262,1,438,-437
209000263,1,123,-122
209000264,2,221,-219
209000265,374,2,372
209000266,126,0,126
209000267,1854,9,1845
209000268,609,65,544
210000037,79,23,56
210000047,86,24,62
210000048,124,21,103
210000049,61,2,59
210000052,61,39,22
210000053,29,28,1
210000054,25,66,-41
210000070,192,2,190
210000071,92,0,92
210000072,33,0,33
210000073,0,30,-30
210000074,1,82,-81
210000075,7,69,-62
210000076,6,138,-132
210000077,12,48,-36
210000078,27,61,-34
210000079,16,34,-18
210000080,60,65,-5
210000081,175,21,154
210000082,106,6,100
210000083,80,3,77
210000084,64,0,64
210000085,1,38,-37
210000086,2,70,-68
210000099,38,211,-173
210000100,45,117,-72
210000101,56,113,-57
210000105,17,131,-114
210000159,0,175,-175
210000163,108,162,-54
210000164,202,213,-11
210000168,105,44,61
210000187,0,26,-26
210000188,1,22,-21
210000214,37,0,37
210000219,49,45,4
210000220,109,23,86
210000232,10,14,-4
210000233,26,41,-15
210000234,29,67,-38
210000235,81,52,29
210000245,1,31,-30
210000246,19,0,19
210000258,11,68,-57
210000259,310,70,240
210000282,88,229,-141
210000285,0,100,-100
210000286,23,143,-120
210000290,0,0,0
210000295,51,101,-50
210000296,26,24,2
210000320,211,39,172
210000321,135,35,100
210000338,30,51,-21
210000339,220,915,-695
210000340,111,352,-241
210000341,204,216,-12
210000342,170,179,-9
210000343,169,149,20
210000344,120,90,30
210000345,123,200,-77
210000346,61,119,-58
210000347,32,49,-17
210000348,94,20,74
210000349,35,24,11
210000350,154,62,92
210000351,170,53,117
210000352,70,50,20
210000353,66,57,9
210000354,47,44,3
210000355,45,37,8
210000356,21,32,-11
210000357,30,55,-25
210000358,146,146,0
210000359,75,61,14
210000360,128,87,41
210000361,171,115,56
210000362,280,164,116
210000363,458,197,261
210000364,103,133,-30
210000365,106,58,48
210000366,112,57,55
210000367,95,26,69
210000368,113,51,62
210000369,28,15,13
210000370,49,33,16
210000372,7,13,-6
210000373,20,11,9
210000374,36,34,2
210000375,37,40,-3
210000376,43,67,-24
210000404,36,99,-63
210000439,18,42,-24
210000472,51,2,49
210000482,50,110,-60
210000564,135,257,-122
210000567,0,3,-3
210000568,211,1,210
211000092,38,16,22
211000094,28,3,25
211000169,183,25,158
211000172,12,92,-80
211000209,1,14,-13
211000226,0,1,-1
211000270,0,0,0
211000275,35,10,25
211000276,90,33,57
211000279,20,25,-5
211000281,107,11,96
211507980,1,56,-55
211977296,53,7,46
212000003,107,31,76
212000004,16,21,-5
212000005,4,14,-10
212000006,18,49,-31
212000008,156,75,81
212000009,25,79,-54
212000012,79,47,32
212000013,48,31,17
212000014,224,139,85
212000015,301,206,95
212000016,553,445,108
212000027,573,267,306
212000028,465,266,199
212000029,210,144,66
212000030,53,15,38
212000031,77,29,48
212000048,29,308,-279
212000049,17,191,-174
212000050,21,15,6
212000051,191,114,77
212000052,185,134,51
212000053,350,331,19
212000054,373,64,309
212000055,331,114,217
212000056,13,25,-12
212000057,20,14,6
212000058,123,49,74
212000070,130,171,-41
212000077,97,409,-312
212000099,291,177,114
212000108,120,109,11
212000111,249,41,208
212000120,84,51,33
212000138,139,26,113
212000156,6,76,-70
212000158,7,21,-14
212000159,639,48,591
212000160,882,195,687
212000161,48,1,47
212000310,47,16,31
212000311,34,34,0
212000374,50,11,39
213000001,34,357,-323
213000005,479,133,346
213000006,845,254,591
213000007,69,14,55
213000009,450,339,111
213000010,214,235,-21
213000011,181,77,104
213000012,147,189,-42
213000014,87,20,67
213000015,274,3,271
213000016,385,3,382
213000017,106,11,95
213000018,1,59,-58
213000019,0,59,-59
213000020,129,282,-153
213000021,3,66,-63
213000023,406,193,213
213000033,304,1482,-1178
213000034,567,204,363
213000035,116,184,-68
213000045,168,193,-25
213000046,153,149,4
213000047,458,1132,-674
213000056,104,17,87
213000069,93,4,89
213000073,0,57,-57
213000074,62,295,-233
213000075,506,3,503
213000085,9,53,-44
213000086,16,126,-110
213000091,223,16,207
213000092,69,6,63
213000099,117,991,-874
213000100,899,217,682
213000101,490,80,410
213000102,468,170,298
213000103,780,586,194
213000104,54,278,-224
213000105,3,178,-175
213000106,25,102,-77
213000107,137,295,-158
213000108,29,309,-280
213000109,11,184,-173
213000110,13,103,-90
213000111,4,83,-79
213000112,119,137,-18
213000115,52,12,40
213000116,49,248,-199
213000117,4,380,-376
213000118,544,218,326
213000119,42,487,-445
213000120,82,268,-186
213000122,109,325,-216
213000123,297,761,-464
213000124,145,1117,-972
213000125,164,16,148
213000126,50,129,-79
213000127,60,218,-158
213000128,227,973,-746
213000129,318,688,-370
213000130,801,292,509
213000132,568,73,495
213000133,740,74,666
213000134,972,20,952
213000136,514,23,491
213000137,700,57,643
213000139,111,25,86
213000147,63,7,56
213000148,13,7,6
213000149,25,7,18
213000150,2,235,-233
213000151,2,156,-154
213000152,0,143,-143
213000153,16,148,-132
213000154,52,406,-354
213000155,71,196,-125
213000156,168,296,-128
213000157,977,308,669
213000158,453,762,-309
213000159,747,362,385
213000163,1265,98,1167
213000165,908,302,606
213000171,2,33,-31
213000172,1,148,-147
213000173,1,143,-142
213000174,4,101,-97
213000175,18,86,-68
213000176,197,27,170
213000177,166,3,163
213000178,235,7,228
213000179,243,3,240
213000180,239,0,239
213000184,71,339,-268
213000188,414,90,324
213000189,497,47,450
213000190,881,468,413
213000191,363,230,133
213000192,237,195,42
213000193,470,247,223
213000194,4,104,-100
213000195,20,267,-247
213000196,263,1148,-885
213000197,491,449,42
213000198,64,9,55
213000200,130,509,-379
213000201,31,74,-43
213000202,23,371,-348
213000203,2302,505,1797
213000204,721,43,678
213000205,472,65,407
213000206,392,32,360
213000207,132,12,120
213000208,84,2,82
213000209,135,5,130
213000210,271,2,269
213000211,5,26,-21
213000212,10,38,-28
213000213,18,108,-90
213000218,256,344,-88
213000219,573,16,557
213000220,468,9,459
213000223,177,173,4
213000224,30,47,-17
213000225,69,18,51
213000226,59,14,45
213000227,897,131,766
213000228,474,56,418
213000229,104,22,82
213000230,381,17,364
213000232,32,804,-772
213000233,12,786,-774
213000234,1,72,-71
213000293,17,78,-61
213000294,134,19,115
213000295,9,100,-91
213000296,40,20,20
213000297,6,75,-69
213000298,16,92,-76
213000299,44,8,36
213000300,4,4,0
213000303,5,17,-12
213000304,4,4,0
213000305,5,24,-19
213000306,39,34,5
213000307,81,56,25
213000308,82,120,-38
213000309,150,41,109
213000310,592,160,432
213000311,221,636,-415
213000315,91,66,25
213000316,184,39,145
213000322,83,84,-1
213000323,112,38,74
213000324,155,66,89
213000325,159,53,106
213000326,137,42,95
213000327,119,55,64
213000328,87,141,-54
213000329,139,34,105
213000340,122,271,-149
213000341,569,66,503
213000347,522,489,33
213000348,3,125,-122
213000349,24,10,14
213000350,260,589,-329
213000366,70,180,-110
213000367,250,12,238
213000379,60,46,14
213000386,6,252,-246
213000406,80,238,-158
213000417,1310,455,855
213000425,240,59,181
213000426,206,39,167
213000427,71,127,-56
213000428,50,115,-65
213000429,8,4,4
213000430,138,359,-221
213000431,34,4,30
213000432,6,18,-12
213000433,33,120,-87
213000434,108,76,32
213000435,161,82,79
213000436,56,47,9
213000437,2,16,-14
213000438,151,60,91
213000439,39,21,18
213000440,15,265,-250
213000441,1,3,-2
213000442,4,39,-35
213000443,357,215,142
213000444,34,49,-15
213000445,0,46,-46
213000446,0,33,-33
213000447,1,49,-48
213000448,19,134,-115
213000449,623,6,617
213000450,32,15,17
213000451,306,72,234
213000452,17,14,3
213000453,26,216,-190
213000455,221,16,205
213000456,1,283,-282
213000481,1,6,-5
213000484,21,3,18
213000489,271,42,229
213900002,1,135,-134
213900003,125,20,105
213900013,3,125,-122
213900015,1,13,-12
213900016,10,6,4
213900020,20,46,-26
213900030,3,51,-48
213900032,191,140,51
213900033,154,29,125
213900034,673,48,625
213900035,212,265,-53
213900036,122,85,37
213900037,37,191,-154
213900038,520,121,399
213900039,0,34,-34
213900041,3,194,-191
213900042,217,291,-74
213900043,249,103,146
213900244,50,0,50
213900245,0,10,-10
218000003,35,25,10
218000004,22,34,-12
218000005,35,39,-4
218000006,39,36,3
218000007,44,16,28
218000012,92,95,-3
218000013,136,135,1
218000014,319,307,12
218000019,529,424,105
218000020,199,304,-105
218000021,28,26,2
218000022,10,8,2
218000023,2,6,-4
218000024,1,4,-3
218000025,6,8,-2
218000026,11,15,-4
218000027,2,10,-8
218000028,1,4,-3
218000029,2,2,0
218000030,11,16,-5
218000031,6,14,-8
218000032,0,27,-27
218000040,11,6,5
218000046,70,73,-3
218000047,14,143,-129
218000048,76,64,12
218000049,101,76,25
218000050,387,255,132
218000051,100,215,-115
218000052,0,69,-69
218000053,2,6,-4
218000054,3,91,-88
218000055,9,26,-17
218000056,13,49,-36
218000057,3,33,-30
218000064,2,19,-17
218000065,78,17,61
218000066,9,31,-22
218000067,49,54,-5
218000068,89,73,16
218000069,229,82,147
218000070,217,147,70
218000071,145,143,2
218000072,195,141,54
218000078,831,390,441
218000079,181,69,112
218000080,173,35,138
218000081,660,147,513
218000082,50,73,-23
218000083,56,43,13
218000084,148,79,69
218000085,212,190,22
218000086,66,89,-23
218000087,201,108,93
218000090,10,110,-100
218000091,906,409,497
218000092,116,109,7
218000093,47,69,-22
218000094,375,289,86
218000099,280,578,-298
218000100,262,244,18
218000101,304,132,172
218000102,372,137,235
218000103,88,79,9
218000104,64,39,25
218000105,22,38,-16
218000106,8,9,-1
218000107,64,20,44
218000108,2,21,-19
218000112,50,35,15
218000117,67,66,1
218000134,483,335,148
218000135,32,81,-49
218000136,161,117,44
218000137,168,126,42
218000138,56,105,-49
218000139,177,265,-88
218000140,498,234,264
218000141,87,49,38
218000142,206,167,39
218000143,58,361,-303
218000144,38,119,-81
218000145,560,272,288
218000146,126,142,-16
218000151,12,19,-7
218000152,155,39,116
218000153,7,7,0
218000154,16,2,14
218000155,40,4,36
218000156,91,22,69
218000157,50,15,35
218000158,11,9,2
218000159,2,11,-9
218000160,7,5,2
218000161,43,8,35
218000162,31,7,24
218000163,24,2,22
218000164,66,5,61
218000165,82,27,55
218000170,15,39,-24
218000171,49,9,40
218000172,11,6,5
218000173,22,21,1
218000174,21,22,-1
218000176,297,46,251
218000177,441,161,280
218000178,85,218,-133
218000179,137,68,69
218000180,109,23,86
218000181,267,24,243
218000187,13,25,-12
218000188,26,47,-21
218000189,35,85,-50
218000190,31,24,7
218000191,171,33,138
218000192,292,130,162
218000193,459,212,247
218000194,88,229,-141
218000195,190,43,147
218000196,410,167,243
218000197,520,189,331
218000198,35,75,-40
218000199,41,32,9
218000200,45,27,18
218000201,17,8,9
218000202,56,275,-219
218000207,2,12,-10
218000208,31,35,-4
218000211,35,32,3
218000212,0,5,-5
218000213,119,117,2
218000214,10,54,-44
218000215,49,52,-3
218000217,3,54,-51
218000218,276,68,208
218000219,27,24,3
218000220,44,347,-303
218000221,452,180,272
218000222,6,43,-37
218000223,43,511,-468
218000224,21,180,-159
218000225,273,21,252
218000226,205,63,142
218000230,0,5,-5
218000232,25,45,-20
218000239,107,24,83
218000240,9,3,6
218000241,30,0,30
218000242,30,1,29
218000243,39,4,35
218000244,25,8,17
218000245,32,5,27
218000246,1,2,-1
218000247,1,0,1
218000248,0,27,-27
218000249,0,3,-3
218000250,1,15,-14
218000251,1,29,-28
218000252,7,168,-161
218000253,1,162,-161
218000254,1,56,-55
218000255,1,40,-39
218000256,2,80,-78
218000267,290,629,-339
218000268,2,31,-29
218000269,1,22,-21
218000270,43,12,31
218000271,3,22,-19
218000273,36,2,34
218000274,14,0,14
218000275,32,32,0
218000276,16,20,-4
218000278,10,40,-30
218000279,31,29,2
218000280,3,7,-4
218000281,10,14,-4
218000282,374,469,-95
218000284,40,3,37
218000301,115,93,22
218000302,184,54,130
218000303,14,54,-40
218000316,786,626,160
218000317,1469,560,909
218000318,1014,392,622
218000319,1040,520,520
218000320,729,446,283
218000338,20,30,-10
218000345,63,36,27
218000346,19,154,-135
218000459,37,157,-120
218000490,15,33,-18
218000501,135,15,120
218000502,54,24,30
218000503,79,18,61
218000504,118,26,92
218000505,38,53,-15
218000506,28,107,-79
218000508,8,7,1
218000510,105,14,91
218000520,97,63,34
218000521,2,50,-48
218000522,0,107,-107
218000523,167,3,164
218000524,19,345,-326
218000525,113,20,93
218000526,17,216,-199
218000529,14,46,-32
218000530,21,5,16
218000531,19,15,4
218000532,39,8,31
218000534,120,17,103
218000537,15,58,-43
218000538,97,374,-277
218000540,198,93,105
218000543,154,33,121
218000544,20,44,-24
218000545,83,49,34
218000546,52,63,-11
218000547,110,106,4
218000548,99,82,17
218000549,599,378,221
218000550,161,179,-18
218000551,85,680,-595
218000552,235,37,198
218000553,25,75,-50
218000554,13,25,-12
218000555,18,50,-32
218000556,125,134,-9
218000557,322,84,238
218000558,66,0,66
218000559,0,56,-56
218000560,0,39,-39
218000561,5,0,5
218000562,22,175,-153
218000563,206,19,187
218000564,2,132,-130
218000565,128,54,74
218000566,124,40,84
218000567,2,83,-81
218000568,46,2,44
218000569,19,209,-190
218000570,59,17,42
218000571,0,92,-92
218000572,101,3,98
218000573,3,208,-205
218000574,60,29,31
218000575,78,2,76
218000576,3,106,-103
218000577,80,4,76
218000578,2,84,-82
218000579,41,18,23
218000581,11,53,-42
218000582,66,3,63
218000583,17,0,17
218000584,0,32,-32
218000585,30,7,23
218000586,9,51,-42
218000587,8,0,8
218000588,3,5,-2
218000589,0,19,-19
218000590,8,2,6
218000591,0,33,-33
218000592,9,4,5
218000593,0,1,-1
218000594,0,1,-1
218000595,0,0,0
218000596,0,0,0
218000597,0,0,0
218000598,0,0,0
218000599,2,1,1
218000600,0,0,0
218000601,0,1,-1
218000602,0,3,-3
218000603,0,6,-6
218000604,5,0,5
218000605,0,34,-34
218000606,75,1,74
218000607,8,27,-19
218000608,31,16,15
218000609,17,29,-12
218000610,53,4,49
218000611,18,2,16
218000612,5,19,-14
218000613,58,2,56
218000614,2,63,-61
218000615,135,0,135
218000616,6,100,-94
218000617,9,2,7
218000618,2,31,-29
218000619,60,24,36
218000620,17,33,-16
218000621,0,0,0
218000622,0,13,-13
218000623,10,1,9
218000624,0,18,-18
218000625,1,1,0
218000626,0,20,-20
218000628,142,54,88
218000631,27,12,15
218000632,2,109,-107
218000633,54,2,52
218000634,7,22,-15
218000635,24,11,13
218000636,686,535,151
218000637,1149,272,877
218000638,337,17,320
218000639,18,97,-79
218000640,387,17,370
218000641,97,176,-79
218000652,48,34,14
218000653,170,61,109
218000663,6,48,-42
218000675,24,41,-17
218000676,2,11,-9
218000677,14,6,8
218000680,97,177,-80
218000681,345,64,281
218000691,132,74,58
218000693,306,94,212
218000703,7,15,-8
218000718,95,698,-603
218000719,192,383,-191
218000720,19,381,-362
218000721,112,24,88
218000725,5,4,1
218001214,16,147,-131
218001329,47,46,1
218001330,34,27,7
218001351,24,17,7
218001352,15,11,4
218001353,1,3,-2
218001354,0,8,-8
219000001,39,38,1
219000002,26,52,-26
219000003,58,42,16
219000004,34,34,0
219000017,59,32,27
219000020,133,38,95
219000022,111,3,108
219000023,159,0,159
219000029,3,70,-67
219000034,36,19,17
219000039,96,101,-5
219000040,58,71,-13
219000041,95,35,60
219000051,0,30,-30
219000052,0,14,-14
219000053,0,64,-64
219000054,375,331,44
219000055,198,2,196
219000056,8,1,7
219000057,66,0,66
219000062,11,40,-29
219000063,99,5,94
219000064,1,39,-38
219000110,365,50,315
219000111,63,25,38
219000112,205,42,163
219000113,166,42,124
219000114,122,96,26
219000116,94,42,52
219000117,132,39,93
219000118,121,44,77
219000123,139,44,95
219000124,51,47,4
219000125,25,6,19
219000126,44,80,-36
219000127,0,8,-8
219000128,15,106,-91
219000129,27,114,-87
219000130,212,337,-125
219000131,507,793,-286
219000133,49,33,16
219000134,4,20,-16
219000135,29,74,-45
219000136,62,157,-95
219000138,61,11,50
219000139,66,17,49
219000140,96,1,95
219000141,43,41,2
219000142,24,55,-31
219000143,3,24,-21
219000145,24,29,-5
219000146,11,21,-10
219000147,0,17,-17
219000148,1,15,-14
219000149,6,34,-28
219000150,1,26,-25
219000151,0,22,-22
219000157,227,87,140
219000158,104,138,-34
219000161,138,8,130
219000163,959,402,557
219000166,111,170,-59
219000167,80,89,-9
219000168,257,66,191
219000174,497,149,348
219000175,123,3,120
219000176,126,8,118
219000177,90,4,86
219000178,74,1,73
219000179,28,10,18
219000180,37,24,13
219000182,135,14,121
219000183,70,13,57
219000184,84,8,76
219000185,2,39,-37
219000186,93,12,81
219000187,51,60,-9
219000189,55,158,-103
219000190,38,203,-165
219000191,282,1118,-836
219000192,159,106,53
219000193,118,133,-15
219000195,2,30,-28
219000196,6,65,-59
219000198,10,47,-37
219000199,25,96,-71
219000200,10,106,-96
219000201,40,120,-80
219000203,24,67,-43
219000204,158,243,-85
219000205,83,213,-130
219000207,59,149,-90
219000209,22,25,-3
219000210,29,48,-19
219000213,4,105,-101
219000239,153,182,-29
219000240,188,323,-135
219000241,154,101,53
219000242,31,114,-83
219000243,51,197,-146
219000244,14,52,-38
219000245,47,18,29
219000246,24,18,6
219000247,152,32,120
219000248,442,373,69
219000249,152,110,42
219000250,163,84,79
219000251,484,197,287
219000252,227,152,75
219000253,434,110,324
219000255,106,125,-19
219000256,222,55,167
219000257,85,0,85
219000262,65,65,0
219000263,53,59,-6
219000267,2,44,-42
219000268,1,6,-5
219000269,1,1,0
219000270,6,1,5
219000271,132,4,128
219000278,0,7,-7
219000279,0,2,-2
219000283,0,13,-13
219000295,19,49,-30
219000296,75,199,-124
219000297,19,51,-32
219000298,10,58,-48
219000299,459,51,408
219000300,16,73,-57
219000301,126,245,-119
219000302,22,227,-205
219000307,28,28,0
219000308,50,43,7
219000311,207,67,140
219000312,573,114,459
219000313,362,56,306
219000314,18,145,-127
219000315,372,24,348
219000316,568,34,534
219000317,100,9,91
219000320,0,76,-76
219000321,0,22,-22
219000323,0,42,-42
219000325,4,10,-6
219000326,63,35,28
219000327,63,36,27
219000328,21,36,-15
219000329,344,97,247
219000330,73,34,39
219000331,39,30,9
219000332,156,94,62
219000333,17,1,16
219000335,98,0,98
219000337,18,0,18
219000338,42,1,41
219000344,9,50,-41
219000345,33,41,-8
219000346,33,55,-22
219000348,165,73,92
219000349,45,103,-58
219000350,89,263,-174
219000351,3,20,-17
219000352,426,66,360
219000353,87,42,45
219000354,276,55,221
219000355,136,39,97
219000356,602,1310,-708
219000363,188,57,131
219000364,85,44,41
219000365,110,14,96
219000366,190,343,-153
219000368,273,504,-231
219000370,777,630,147
219000371,10,23,-13
219000382,18,23,-5
219000383,263,1254,-991
219000385,307,394,-87
219000386,462,1299,-837
219000387,13,15,-2
219000390,4,3,1
219000391,4,0,4
219000397,43,26,17
219000398,63,34,29
219000401,15,60,-45
219000402,23,83,-60
219000403,126,295,-169
219000404,12,114,-102
219000407,1,20,-19
219000409,46,34,12
219000410,111,41,70
219000411,62,3,59
219000446,69,262,-193
219000447,0,17,-17
219000448,8,7,1
219000452,70,81,-11
219000453,45,170,-125
219000454,143,306,-163
219000556,331,81,250
219000558,88,75,13
219000590,18,158,-140
219000591,100,63,37
219000592,96,224,-128
219000595,0,8,-8
219000635,209,23,186
219000636,44,31,13
219000657,15,32,-17
219000658,30,153,-123
219000673,2,44,-42
219000676,7,8,-1
219000679,30,9,21
219000684,103,2,101
219000685,2,35,-33
219000686,1,3,-2
219000688,0,35,-35
219000689,17,114,-97
219000690,139,15,124
219000691,16,103,-87
219000692,111,25,86
219000693,1,12,-11
219000694,34,0,34
219000695,32,3,29
219000698,15,0,15
219000699,0,18,-18
219000727,2,49,-47
219000728,120,2,118
219000770,23,1,22
219000771,2,19,-17
219001150,1,49,-48
219001151,0,10,-10
219001166,8,19,-11
219001167,0,43,-43
220000001,53,72,-19
220000002,15,80,-65
220000003,197,107,90
220000004,348,227,121
220000005,682,1704,-1022
220000006,140,665,-525
220000007,312,256,56
220000008,277,369,-92
220000009,173,258,-85
220000010,97,84,13
220000011,427,3151,-2724
220000012,65,317,-252
220000014,98,58,40
220000015,42,148,-106
220000017,35,203,-168
220000018,3494,1714,1780
220000019,69,303,-234
220000020,345,219,126
220000021,818,120,698
220000022,901,317,584
220000023,335,152,183
220000024,1326,365,961
220000025,965,1418,-453
220000026,275,563,-288
220000027,16,91,-75
220000028,41,44,-3
220000029,34,83,-49
220000030,53,54,-1
220000031,525,254,271
220000064,26,785,-759
221000046,2,0,2
221000047,0,1,-1
221000048,0,1,-1
221000049,0,10,-10
221000050,20,0,20
221000055,30,53,-23
221000057,76,9,67
221000068,312,93,219
221000069,368,49,319
221000070,217,18,199
221000071,87,3,84
221000072,199,12,187
221000073,142,35,107
221000074,3,15,-12
221000075,4,26,-22
221000076,8,18,-10
221000077,18,54,-36
221000081,16,9,7
221000082,52,7,45
221000083,11,2,9
221000084,5,2,3
221000085,13,42,-29
221000086,14,65,-51
221000087,4,101,-97
221000088,17,111,-94
221000089,21,195,-174
221000090,64,375,-311
221000098,76,13,63
221000099,184,8,176
221000100,106,6,100
221000101,192,15,177
221000102,140,9,131
221000109,7,82,-75
221000110,15,46,-31
221000111,13,84,-71
221000112,4,91,-87
221000113,15,96,-81
221000114,8,111,-103
221000120,55,35,20
221000121,6,54,-48
221000122,23,57,-34
221000123,2,5,-3
221000124,14,79,-65
221000155,187,21,166
221000156,36,23,13
221000175,0,6,-6
221000176,0,3,-3
221000182,38,2,36
221000241,509,245,264
221000242,128,247,-119
221000243,439,172,267
221000244,294,241,53
221000245,98,65,33
221000246,50,147,-97
221000247,89,81,8
221000248,94,57,37
221000267,56,542,-486
221000325,48,77,-29
221000331,7,32,-25
221000338,12,42,-30
221000378,262,38,224
221000381,29,19,10
222000282,12,4,8
222000296,2,17,-15
222000568,465,23,442
222000569,325,58,267
222000570,210,36,174
222000571,615,10,605
222000577,17,59,-42
222000578,26,114,-88
222000579,22,91,-69
222000580,55,505,-450
222000599,0,114,-114
222000600,0,197,-197
222000601,5,589,-584
222000603,11,48,-37
222000604,6,33,-27
222000605,15,50,-35
222000606,1,11,-10
222000607,1,7,-6
222000608,29,20,9
222000609,65,72,-7
222000616,570,22,548
222000617,3,21,-18
222000618,4,7,-3
222000620,18,13,5
222000621,24,15,9
222000623,699,6,693
222000624,374,2,372
222000625,748,60,688
222000636,80,4,76
222000686,14,23,-9
222000687,43,27,16
222001066,360,2,358
222001067,21,1,20
222001068,70,9,61
222001069,92,23,69
222001082,26,15,11
222001083,42,18,24
222001084,0,22,-22
222001085,1,203,-202
222001111,86,60,26
222001112,157,28,129
222001313,27,11,16
222001314,5,108,-103
222001464,101,91,10
222001465,9,35,-26
222001484,148,31,117
222001485,9,48,-39
222001494,657,103,554
222001495,150,141,9
222001496,505,50,455
222001497,109,196,-87
222001502,16,49,-33
222001503,134,39,95
222001504,33,185,-152
222001505,438,9,429
222001506,50,263,-213
222001507,356,29,327
222001510,786,34,752
222001511,70,191,-121
222001514,1009,203,806
222001515,178,297,-119
222001518,511,59,452
222001519,60,112,-52
222001527,191,55,136
222001528,38,111,-73
222001529,474,44,430
222001530,75,122,-47
222001533,114,169,-55
222001534,538,36,502
222001535,338,189,149
222001536,66,91,-25
222001537,423,36,387
222001538,55,282,-227
222001563,1030,103,927
222001564,61,243,-182
222001568,213,217,-4
222001576,1,6,-5
222001579,0,20,-20
222001583,9,107,-98
222001584,137,4,133
222001596,669,1268,-599
222001597,2032,492,1540
222001626,0,92,-92
222001650,26,250,-224
222001651,72,876,-804
222001914,217,69,148
222001915,55,100,-45
222900004,464,224,240
222900009,299,341,-42
222900019,169,180,-11
222900024,57,8,49
222900025,15,10,5
225000001,352,134,218
225000002,624,117,507
225000003,615,64,551
225000004,398,161,237
225000005,151,59,92
225000006,0,110,-110
225000007,848,875,-27
225000010,308,23,285
225000011,292,981,-689
225000012,240,569,-329
225000013,87,107,-20
225000014,679,91,588
225000015,69,77,-8
225000021,698,126,572
225000027,181,306,-125
225000032,532,106,426
225000042,56,391,-335
225000049,41,69,-28
225000050,79,10,69
225000053,0,211,-211
225000058,531,129,402
225000067,191,412,-221
225000068,107,206,-99
225000069,96,301,-205
225000070,93,196,-103
225000071,42,75,-33
225000075,34,468,-434
225000076,32,101,-69
225000078,40,30,10
225000085,114,70,44
225000086,176,45,131
225000087,138,24,114
225000088,3,132,-129
225000089,156,730,-574
225000090,47,310,-263
225000091,137,77,60
225000092,50,153,-103
225000093,171,182,-11
225000094,14,127,-113
225000095,268,222,46
225000096,208,285,-77
225000098,763,222,541
225000099,401,115,286
225000100,420,107,313
225000104,73,226,-153
225000110,1,275,-274
225000111,151,592,-441
225000112,206,766,-560
225000113,198,396,-198
225000114,94,188,-94
225000115,663,449,214
225000116,512,154,358
225000117,574,174,400
225000118,1016,196,820
225000119,279,75,204
225000120,596,26,570
225000121,170,20,150
225000123,441,10,431
225000125,407,90,317
225000126,577,94,483
225000127,442,1328,-886
225000128,333,741,-408
225000132,355,21,334
225000133,199,16,183
225000134,518,144,374
225000135,70,7,63
225000136,313,8,305
225000137,198,56,142
225000138,296,99,197
225000143,37,130,-93
225000144,8,241,-233
225000145,56,56,0
225000146,38,92,-54
225000147,37,108,-71
225000148,4,126,-122
225000149,45,215,-170
225000151,23,135,-112
225000155,261,199,62
225000156,143,668,-525
225000157,197,232,-35
225000158,61,112,-51
225000171,5,116,-111
225000180,18,0,18
225000181,0,38,-38
225000182,74,5,69
225000185,13,308,-295
225000187,25,294,-269
225000191,74,1,73
225000194,0,3,-3
225000208,0,42,-42
225000209,96,14,82
225000210,4,209,-205
225000217,0,7,-7
225000218,7,2,5
225000223,0,30,-30
225000224,28,1,27
225000225,1,18,-17
225000226,19,0,19
225000227,15,41,-26
225000228,11,12,-1
225000229,0,32,-32
225000230,36,1,35
225000231,0,34,-34
225000232,139,0,139
225000241,34,0,34
225000242,0,16,-16
225000249,4,0,4
225000250,40,350,-310
225000251,378,24,354
225000254,2,1,1
225000256,1,19,-18
225000257,0,9,-9
226000042,153,234,-81
226000043,48,192,-144
226000044,98,250,-152
226000045,61,156,-95
226000046,451,60,391
226000047,348,83,265
226000048,315,73,242
226000049,248,167,81
226000070,0,16,-16
226000071,0,55,-55
226000072,0,9,-9
226000073,0,9,-9
226000074,0,9,-9
226000084,0,25,-25
226000085,0,3,-3
226000086,2,15,-13
226000087,7,16,-9
226000088,21,48,-27
226000090,225,86,139
226000091,12,70,-58
226000092,7,32,-25
226000093,17,1,16
226000094,3,1,2
226000095,16,1,15
226000105,9,1,8
226000106,15,0,15
226000107,6,0,6
226000108,20,0,20
226000109,81,0,81
226000124,134,37,97
226000134,844,381,463
226000135,1782,473,1309
226000136,591,356,235
226000137,9,169,-160
226000138,4,62,-58
226000139,0,27,-27
226000156,181,0,181
226000157,231,6,225
226000163,109,173,-64
226000202,13,116,-103
226000231,310,17,293
226000232,24,5,19
227000033,384,57,327
227000036,496,30,466
227000037,422,23,399
227000038,188,24,164
227000084,2,44,-42
227000085,0,42,-42
227000088,38,2,36
227000089,81,1,80
227000090,28,0,28
227000091,21,0,21
227000092,24,0,24
227000093,88,0,88
227000094,10,0,10
227000130,18,95,-77
227000131,10,101,-91
227000132,6,79,-73
227000133,6,77,-71
227000134,15,156,-141
227000152,0,5,-5
227000153,1,42,-41
227000154,0,37,-37
227000155,2,13,-11
227000156,0,9,-9
227000165,2,55,-53
227000196,462,141,321
227000199,429,277,152
227000230,8,184,-176
227000232,579,13,566
227000242,28,288,-260
227000243,486,88,398
227000245,10,252,-242
227000246,99,195,-96
227000247,504,50,454
227000248,130,26,104
227000249,8,64,-56
227000250,246,144,102
227000251,59,102,-43
227000252,30,111,-81
227000253,191,8,183
227000262,487,38,449
227000266,1417,17,1400
227000267,19,714,-695
227000282,4,97,-93
227000284,628,14,614
227000286,0,21,-21
227000291,4,262,-258
227000296,162,224,-62
227000484,184,9,175
227000485,22,476,-454
227000655,214,4,210
227000656,612,20,592
227000657,84,13,71
227000704,124,9,115
229000265,7,9,-2
229000266,3,0,3
229000267,10,0,10
229000268,21,0,21
229000269,37,1,36
229000274,1,20,-19
229000275,0,21,-21
229000276,1,15,-14
229000277,2,1,1
229000278,1,7,-6
229000295,23,30,-7
229000296,1,8,-7
229000297,6,23,-17
229000298,8,132,-124
229000320,10,9,1
229000321,11,14,-3
229000412,13,60,-47
229000414,7,40,-33
229000415,18,6,12
229000416,4,12,-8
229000417,3,10,-7
229000419,114,356,-242
229000440,402,86,316
229000442,23,15,8
229000443,6,2,4
229000444,2,28,-26
229000445,90,7,83
229000446,80,22,58
229000491,4,12,-8
229000492,18,44,-26
229000493,3,45,-42
229000494,57,3,54
229000495,145,1,144
229000496,97,2,95
229000507,0,63,-63
229000508,0,30,-30
229000509,1,35,-34
229000510,3,36,-33
229000511,3,30,-27
229000512,0,13,-13
229000513,0,7,-7
229000514,0,4,-4
229000517,4,2,2
229000518,26,18,8
229000519,2,4,-2
229000520,7,30,-23
229000521,60,21,39
229000522,8,4,4
229000523,17,7,10
229000524,10,3,7
229000527,3,2,1
229000528,1,0,1
229000529,11,0,11
229000530,86,2,84
229000531,47,1,46
229000532,15,0,15
229000533,77,1,76
229000534,57,0,57
229000564,65,1,64
229000565,32,1,31
229000566,0,3,-3
229000567,0,28,-28
229000582,77,4,73
229000583,9,3,6
229000584,0,34,-34
229000585,0,61,-61
229000718,0,2,-2
229000719,0,1,-1
229000720,0,5,-5
229000721,0,1,-1
229000722,0,4,-4
229000723,0,6,-6
229000724,0,0,0
229000725,0,4,-4
229000738,0,0,0
229000739,2,0,2
229000740,0,0,0
229000741,51,0,51
229000742,10,0,10
229000743,13,0,13
229000744,5,0,5
229000745,0,0,0
229000746,14,0,14
229000847,78,0,78
229000848,32,1,31
229000849,130,1,129
229000851,64,0,64
229000854,0,6,-6
229000856,0,53,-53
229000857,0,8,-8
229000858,0,25,-25
229000919,0,38,-38
229000930,1,192,-191
229000937,76,15,61
229000966,46,22,24
229000981,14,13,1
229000985,22,23,-1
229000986,0,4,-4
229000987,2,5,-3
229000988,0,3,-3
229000989,4,13,-9
229000990,0,4,-4
229000991,2,0,2
229000992,17,11,6
229000993,155,21,134
229000998,21,39,-18
229000999,123,19,104
229001034,0,11,-11
229001035,2,5,-3
229001036,1,39,-38
229001037,39,0,39
229001038,0,3,-3
229001039,1,0,1
229001040,1,46,-45
229001041,57,0,57
229001042,25,8,17
229001047,14,40,-26
229001050,42,18,24
229001168,0,20,-20
229001200,28,5,23
229001338,3,27,-24
229001394,116,4,112
229001422,104,14,90
229001423,27,62,-35
229001431,31,30,1
229001432,39,46,-7
229001444,301,92,209
229001445,27,127,-100
229001479,31,6,25
229001503,162,46,116
229001504,89,58,31
229001505,64,10,54
229001506,58,56,2
229001509,31,13,18
229001510,3,35,-32
229001545,87,1,86
229001546,7,52,-45
229001553,88,8,80
229001554,13,50,-37
229001630,82,10,72
229001631,10,31,-21
229001635,1,34,-33
229001636,8,0,8
229001658,0,66,-66
229001659,36,4,32
229001660,11,7,4
229001661,3,28,-25
229001662,19,0,19
229001663,0,7,-7
229002584,206,161,45
229002831,145,122,23
229002841,14,28,-14
229002842,18,24,-6
229002843,74,18,56
229002844,40,75,-35
229002845,14,127,-113
229002846,28,17,11
229002847,0,17,-17
229002848,12,15,-3
229002849,5,107,-102
229002850,3,0,3
229002851,33,180,-147
229002852,148,29,119
229002853,150,14,136
229002854,53,116,-63
229002855,3,35,-32
229002856,24,17,7
229002857,12,233,-221
229002858,19,12,7
229002859,44,193,-149
229002860,168,23,145
229002861,48,25,23
229002862,27,53,-26
229002863,29,17,12
229002864,20,34,-14
229002865,15,15,0
229002866,20,21,-1
229002867,2,25,-23
229002868,7,5,2
229002869,32,118,-86
229002870,63,15,48
235000066,241,31,210
235000067,94,45,49
235000072,43,58,-15
235000073,143,291,-148
235000074,70,19,51
235000080,18,63,-45
235000081,161,69,92
235000082,180,47,133
235000083,318,51,267
235000084,48,50,-2
235000085,282,47,235
235000089,41,14,27
235000092,53,102,-49
235000093,11,2,9
235000097,2,5,-3
235000098,36,3,33
235000099,19,16,3
235000116,37,19,18
235000117,377,14,363
235000133,13,668,-655
235000134,10,227,-217
235000206,6,10,-4
235000207,2,5,-3
235000208,6,6,0
235000209,3,1,2
235000210,14,2,12
235000212,0,11,-11
235000213,0,2,-2
235000220,1,7,-6
235000221,63,23,40
235000238,9,100,-91
235000239,3,21,-18
235000242,329,843,-514
235000245,361,108,253
235000246,12,71,-59
235000284,5,143,-138
235000295,66,8,58
235000305,260,25,235
235000306,285,7,278
235000307,21,0,21
235000308,20,2,18
235000309,62,3,59
235000310,48,2,46
235000311,50,18,32
235000322,0,41,-41
235000323,0,42,-42
235000324,2,16,-14
235000325,3,359,-356
235000326,4,99,-95
235000351,4,79,-75
235000352,7,53,-46
235000353,3,42,-39
235000354,8,56,-48
235000355,10,86,-76
235000356,51,1,50
235000357,36,6,30
235000358,55,9,46
235000359,11,6,5
235000360,33,4,29
235000361,47,6,41
235000381,69,79,-10
235000382,175,25,150
235000390,14,1,13
235000391,172,20,152
235000392,194,232,-38
235000393,137,117,20
235000395,150,25,125
235000396,616,73,543
235000400,233,47,186
235000401,8,105,-97
235000405,85,143,-58
235000406,30,153,-123
235000407,37,63,-26
235000409,95,50,45
235000410,26,157,-131
235000411,1,46,-45
235000485,0,3,-3
235000486,17,0,17
235000549,164,52,112
235000550,126,66,60
235000599,229,28,201
235000600,5,11,-6
235000601,18,17,1
235000602,48,31,17
235000614,0,6,-6
235000648,1,15,-14
235000649,33,10,23
235000685,1,6,-5
235000815,7,237,-230
235000834,0,13,-13
235000855,73,48,25
235000862,63,124,-61
235000891,0,19,-19
235000892,37,0,37
235000901,121,41,80
235000907,13,12,1
235001010,114,50,64
235001029,292,214,78
235001030,325,246,79
235001078,105,81,24
235001079,50,75,-25
235001147,8,49,-41
235001166,22,29,-7
235001167,58,16,42
235001169,26,269,-243
235001188,0,6,-6
235001189,3,9,-6
235001197,4,13,-9
235001200,53,44,9
235001208,8,21,-13
235001209,12,75,-63
235001210,11,78,-67
235001239,5,24,-19
235001244,1,7,-6
235016267,0,73,-73
241900007,36,2,34
277101746,0,2,-2
277102712,0,0,0
277103813,0,0,0
277103814,0,0,0
277103898,0,1,-1
277104249,0,0,0
277104250,0,0,0
277104251,0,2,-2
277104252,0,1,-1
990011530,0,146,-146
990014944,5,245,-240
990015176,16,7,9
990015618,0,81,-81
990016032,0,215,-215
990032570,0,293,-293
990070001,69,0,69
990070103,0,4,-4
990070601,0,56,-56
990070751,1303,4,1299
990070766,1,243,-242
990071180,403,133,270
990071343,17,0,17
990071387,0,8,-8
990071823,561,3,558
990072600,4,1444,-1440
990072964,2,356,-354
990073285,0,3,-3
990074393,0,527,-527
990074870,1490,16,1474
990075106,975,7,968
990075746,516,1,515
990076437,1772,6,1766
990076458,11,331,-320
997000007,483,15,468
997000041,1,195,-194
997000058,48,0,48
997000062,27,1,26
997000069,0,3,-3
997000070,0,15,-15
997000100,69,1,68
997000141,19,2979,-2960
997000198,7,1461,-1454
998000475,1,10,-9
998000736,0,104,-104
998000965,0,8,-8
998001031,1,74,-73
998001700,0,1,-1
998001899,0,3,-3
998001900,0,2,-2
998003073,1198,4,1194
998101900,0,0,0
998102850,1,290,-289
998501927,652,1244,-592
998501929,117,2,115
998501930,35,0,35
998501931,148,23,125
998501932,2,0,2
998501933,53,4,49
998501937,10,3,7
998501944,51,28,23
998501950,0,0,0
998501970,88,9,79
998501971,0,95,-95
998501972,204,3,201
998501973,0,25,-25
998501974,0,155,-155
998501975,83,0,83
998501976,79,1,78
998501977,0,24,-24
998501978,5,0,5
998501979,0,8,-8
998501980,60,1,59
998501981,35,1,34
998501982,0,133,-133
998502006,0,0,0
998502024,0,4,-4
998502032,0,5,-5
998502062,14,0,14
998502063,0,0,0
998502173,13,1,12
998502269,0,0,0
998601159,2,61,-59
998601292,0,13,-13
999033574,1,167,-166
999800001,37,1,36
999800002,2,10,-8
999800003,1,2,-1
999800004,0,4,-4
999800005,0,7,-7
