ID,insum,outsum,diff
100000001,748,1542,-794
100000002,6603,1697,4906
100000003,11182,5266,5916
100000004,2107,1613,494
100000005,3301,7159,-3858
100000006,1124,219,905
100000007,4652,1045,3607
100000008,441,996,-555
100000009,939,596,343
100000010,98,115,-17
100000011,1270,155,1115
100000012,179,1176,-997
100000013,141,341,-200
100000014,812,394,418
100000015,2546,3890,-1344
100000016,1790,2115,-325
100000017,1759,1497,262
100000018,2867,1027,1840
100000019,9849,3275,6574
100000020,3769,13369,-9600
100000021,9866,4516,5350
100000022,5335,2969,2366
100000023,11684,2724,8960
100000025,6168,1815,4353
100000028,4463,1713,2750
100000029,565,337,228
100000030,914,127,787
100000031,13902,14809,-907
100000032,5690,7808,-2118
100000033,2053,4746,-2693
100000034,1569,770,799
100000035,3603,1731,1872
100000036,4868,1958,2910
100000037,784,816,-32
100000038,2753,1741,1012
100000039,2530,412,2118
100000040,729,275,454
100000041,1811,671,1140
100000042,1674,688,986
100000043,1310,577,733
100000044,477,1118,-641
100000045,842,2029,-1187
100000046,1158,2137,-979
100000047,1055,1297,-242
100000048,2503,1081,1422
100000049,2897,3565,-668
100000051,1022,1516,-494
100000053,203,13,190
100000054,708,56,652
100000055,1852,349,1503
100000056,780,950,-170
100000057,2891,1284,1607
100000058,1881,1874,7
100000059,18,210,-192
100000060,620,865,-245
100000061,3212,900,2312
100000062,2943,851,2092
100000063,871,446,425
100000064,2544,708,1836
100000065,806,1794,-988
100000066,350,1344,-994
100000067,890,1273,-383
100000068,1082,2766,-1684
100000069,562,2587,-2025
100000072,612,1988,-1376
100000073,2821,2269,552
100000075,976,492,484
100000076,5390,4803,587
100000077,1329,399,930
100000078,197,60,137
100000079,99,102,-3
100000080,54,49,5
100000081,189,131,58
100000102,10256,2545,7711
100000103,8620,1851,6769
100000104,8813,3516,5297
100000105,6497,2124,4373
100000106,6009,3715,2294
100000107,1629,1340,289
100000108,2571,1729,842
100000109,9022,2196,6826
100000116,2660,1375,1285
100000117,133,74,59
100000118,3231,1619,1612
100000119,1526,1090,436
100000121,519,860,-341
100000122,4704,1666,3038
100000123,6415,10475,-4060
100000124,8651,15009,-6358
100000125,5142,2035,3107
100000126,2575,536,2039
100000127,4956,416,4540
100000128,2573,3395,-822
100000129,1542,754,788
100000130,542,904,-362
100000131,4910,6579,-1669
100000132,2417,5638,-3221
100000133,10752,5043,5709
100000135,880,1387,-507
100000139,729,274,455
100000140,762,432,330
100000142,577,789,-212
100000143,1506,831,675
100000144,6764,1483,5281
100000147,1903,4046,-2143
100000150,94,658,-564
100000151,1484,1552,-68
100000153,1375,684,691
100000154,523,228,295
100000155,74,99,-25
100000156,347,180,167
100000157,88,93,-5
100000158,278,125,153
100000159,1176,876,300
100000165,2203,1156,1047
100000169,1650,513,1137
100000174,3730,735,2995
100000179,122,867,-745
100000180,8539,3248,5291
100000181,440,437,3
100000188,209,771,-562
100000189,4175,595,3580
100000190,1517,916,601
100000191,1431,620,811
100000192,151,221,-70
100000193,250,249,1
100000330,2995,1440,1555
100000355,491,1226,-735
100000362,8230,4843,3387
100000363,4804,7140,-2336
100000364,912,249,663
100000365,6295,7196,-901
100000366,10028,4152,5876
100000367,7577,6730,847
100000368,3648,2638,1010
100000369,2274,3131,-857
100000370,500,841,-341
100000376,190,204,-14
100000379,8987,2570,6417
100000380,13739,4586,9153
100000384,12613,7890,4723
100000385,11302,6782,4520
100000386,16858,9745,7113
100000387,14573,8064,6509
100000388,13008,12468,540
100000389,13798,10164,3634
100000390,14029,8099,5930
100000391,9702,11738,-2036
100000392,8393,4135,4258
100000393,4333,4970,-637
100000394,15039,8290,6749
100000395,8601,3460,5141
100000396,10590,3672,6918
100000397,7283,4372,2911
100000398,17741,12122,5619
100900002,58,79,-21
100900003,443,177,266
100900004,55,1622,-1567
100900005,186,29,157
100900006,30,229,-199
100900007,865,15,850
100900008,4,731,-727
100900009,134,98,36
100900010,200,194,6
100900011,116,506,-390
100900012,0,290,-290
100900013,1699,17,1682
100900014,2,21,-19
100900015,163,248,-85
100900016,3,66,-63
100900017,1440,113,1327
100900018,0,27,-27
100900019,53,355,-302
100900020,645,9,636
100900021,575,2,573
100900022,28,49,-21
100900023,1,75,-74
100900024,1628,9,1619
100900025,24,30,-6
100900026,138,201,-63
100900027,984,4901,-3917
100900028,230,360,-130
100900029,144,31,113
100900030,9,39,-30
100900031,854,124,730
100900032,260,2,258
100900033,394,308,86
100900034,587,4,583
100900035,1388,4,1384
100900036,42,7,35
100900037,105,354,-249
100900038,338,27,311
100900039,436,922,-486
100900040,429,1203,-774
100900041,831,1215,-384
100900042,1348,468,880
100900043,3,35,-32
100900044,5052,929,4123
100900045,299,5,294
100900046,1676,14,1662
100900047,1259,456,803
100900048,284,94,190
100900049,78,296,-218
100900050,1,27,-26
100900051,195,127,68
100900052,621,65,556
100900053,448,24,424
100900054,26,192,-166
100900055,767,826,-59
100900056,256,441,-185
100900057,1249,2066,-817
100900058,624,83,541
100900059,158,10,148
100900060,150,12,138
100900061,444,548,-104
100900062,3,107,-104
100900063,277,864,-587
100900064,1386,21,1365
100900065,324,158,166
100900066,99,204,-105
100900067,7,20,-13
100900068,265,182,83
100900069,2562,22,2540
100900070,319,10,309
100900071,1029,583,446
100900072,4,79,-75
100900073,145,604,-459
100900074,11,25,-14
100900075,3460,656,2804
100900076,37,114,-77
100900077,32,183,-151
100900078,188,943,-755
100900079,6,37,-31
100900080,35,242,-207
100900081,63,407,-344
100900082,125,962,-837
100900083,6,80,-74
100900085,13,142,-129
100900086,423,2805,-2382
100900088,185,1068,-883
100900089,3,37,-34
100900090,231,924,-693
100900091,2,34,-32
100900092,424,418,6
100900093,273,739,-466
100900094,155,960,-805
100900095,9,46,-37
100900096,79,167,-88
100900097,1,7,-6
100900098,29,22,7
100900099,36,928,-892
100900100,15,583,-568
100900101,547,76,471
100900102,149,137,12
100900103,12,21,-9
100900104,21,306,-285
100900105,50,438,-388
100900106,79,18,61
100900107,3186,1058,2128
100900108,29,38,-9
100900109,29,45,-16
100900110,11,61,-50
100900111,52,333,-281
100900112,1,12,-11
100900113,14,29,-15
100900114,17,41,-24
100900115,25,45,-20
100900116,1197,1984,-787
100900117,441,1281,-840
100900118,66,75,-9
100900119,16,34,-18
100900120,6,19,-13
100900121,446,1277,-831
100900122,237,322,-85
100900123,112,245,-133
100900124,15,17,-2
100900125,34,134,-100
100900126,176,435,-259
100900127,2,24,-22
100900128,249,292,-43
100900129,1,208,-207
100900131,176,282,-106
100900133,141,84,57
100900134,9,12,-3
100900135,5,289,-284
100900137,560,276,284
100900138,966,733,233
100900139,13,25,-12
100900140,11,1045,-1034
100900141,9,647,-638
100900142,8,43,-35
100900143,1864,644,1220
100900144,21,8,13
100900145,231,259,-28
100900146,14,88,-74
100900147,63,525,-462
100900148,55,1370,-1315
100900149,38,240,-202
100900150,9,64,-55
100900151,214,862,-648
100900152,365,7,358
100900153,3,242,-239
100900154,24,81,-57
100900155,12,29,-17
100900156,54,20,34
100900157,27,262,-235
100900158,1422,427,995
100900159,3,59,-56
100900160,33,17,16
100900161,155,29,126
100900162,56,307,-251
100900163,247,347,-100
100900164,59,110,-51
100900165,34,86,-52
100900166,52,31,21
100900167,35,176,-141
100900168,77,179,-102
100900169,252,1440,-1188
100900170,82,12,70
100900171,39,951,-912
100900172,0,13,-13
100900173,13,839,-826
100900174,670,68,602
100900176,2574,431,2143
100900177,1208,1010,198
100900178,1090,219,871
100900179,224,293,-69
100900180,1,8,-7
100900181,149,134,15
100900182,69,54,15
100900184,13,275,-262
100900186,1243,1193,50
100900187,13,225,-212
100900188,43,32,11
100900189,2212,295,1917
100900191,2433,1703,730
100900192,482,395,87
100900195,279,255,24
100900197,50,214,-164
100900198,36,492,-456
100900199,27,30,-3
100900200,864,586,278
100900201,171,1416,-1245
100900202,34,1,33
100900203,2,220,-218
100900204,1575,2104,-529
100900205,306,650,-344
100900206,181,126,55
100900207,304,152,152
100900210,200,1489,-1289
100900211,725,302,423
100900213,119,87,32
100900214,1587,112,1475
100900215,28,69,-41
101000001,7731,3124,4607
101000002,6723,8311,-1588
101000003,1590,4490,-2900
101000004,16857,17009,-152
101000005,8233,10628,-2395
101000006,13599,16817,-3218
101000007,5221,5575,-354
101000008,10241,5715,4526
101000009,3081,2690,391
101000010,1643,2220,-577
101000011,4295,1227,3068
101000012,2907,1007,1900
101000013,1012,1912,-900
101000014,1186,1230,-44
101000015,2109,1287,822
101000016,2155,843,1312
101000017,1923,1035,888
101000018,11783,4463,7320
101000020,9633,1667,7966
101000021,4595,557,4038
101000022,1035,150,885
101000023,4108,1391,2717
101000025,492,729,-237
101000026,648,59,589
101000027,6558,2917,3641
101000028,900,134,766
101000029,390,1431,-1041
101000030,2829,179,2650
101000031,1536,851,685
101000032,13933,4297,9636
101000033,6641,4759,1882
101000034,9163,2567,6596
101000035,3059,1161,1898
101000036,4761,1025,3736
101000037,10108,2503,7605
101000039,7260,4290,2970
101000040,8374,4995,3379
101000041,23501,9884,13617
101000042,2402,1724,678
101000043,15875,10580,5295
101000045,3314,1096,2218
101000046,5309,1186,4123
101000047,4069,2868,1201
101000048,2270,1710,560
101000049,1929,2137,-208
101000050,5318,3920,1398
101000051,4651,3502,1149
101000052,3380,1349,2031
101000053,2224,2381,-157
101000054,3722,2165,1557
101000055,2842,2950,-108
101000056,99,163,-64
101000057,5298,1526,3772
101000058,4816,2029,2787
101000059,9058,2637,6421
101000060,3539,900,2639
101000061,1853,2116,-263
101000062,1637,1335,302
101000063,997,1297,-300
101000064,2569,975,1594
101000065,626,573,53
101000066,1020,577,443
101000067,1802,934,868
101000068,847,601,246
101000069,849,131,718
101000070,2287,1711,576
101000071,3639,1537,2102
101000072,2051,6602,-4551
101000073,1216,1104,112
101000074,9429,6333,3096
101000075,9979,4870,5109
101000077,2169,1827,342
101000078,1645,3121,-1476
101000079,851,567,284
101000080,877,528,349
101000081,1737,2444,-707
101000082,5329,4305,1024
101000083,3240,3374,-134
101000084,2095,1384,711
101000085,2486,1683,803
101000086,1696,1813,-117
101000087,1368,2048,-680
101000088,1484,1719,-235
101000089,1404,2376,-972
101000090,3747,2092,1655
101000091,599,2358,-1759
101000092,1125,1823,-698
101000093,2772,1484,1288
101000094,1086,2228,-1142
101000095,399,1283,-884
101000096,457,1056,-599
101000097,1569,774,795
101000098,1398,875,523
101000099,2328,2609,-281
101000100,1909,1480,429
101000101,983,598,385
101000102,3682,610,3072
101000103,1696,863,833
101000104,844,1014,-170
101000105,2495,624,1871
101000106,2030,1025,1005
101000107,276,586,-310
101000108,2305,516,1789
101000109,342,116,226
101000110,86,1114,-1028
101000111,203,322,-119
101000113,479,1551,-1072
101000114,10363,4275,6088
101000115,300,178,122
101000116,373,261,112
101000117,2039,524,1515
101000119,467,128,339
101000120,452,76,376
101000121,165,69,96
101000122,250,95,155
101000123,167,109,58
101000124,432,208,224
101000125,340,703,-363
101000128,2763,536,2227
101000130,508,490,18
101000131,1095,1067,28
101000132,736,3024,-2288
101000135,132,53,79
101000136,626,162,464
101000137,62,448,-386
101000141,4577,5559,-982
101000147,1118,640,478
101000148,2798,66,2732
101000149,301,264,37
101000150,117,1685,-1568
101000151,197,99,98
101000152,620,700,-80
101000153,921,688,233
101000154,307,2800,-2493
101000155,325,257,68
101000156,37,383,-346
101000157,122,60,62
101000160,185,56,129
101000163,356,173,183
101000164,681,587,94
101000165,395,686,-291
101000166,421,651,-230
101000168,1205,526,679
101000252,2244,1284,960
101000254,1026,113,913
101000258,32,25,7
101000261,90,40,50
101000262,4113,2171,1942
101000263,830,1783,-953
101000265,161,941,-780
101000266,808,588,220
101000269,398,20,378
101000290,4241,7153,-2912
101000293,66,132,-66
101000294,985,776,209
101000295,234,979,-745
101000301,1830,648,1182
101000304,6943,4404,2539
101000305,5607,3029,2578
101900001,49,101,-52
101900002,0,37,-37
101900003,204,152,52
101900004,22,82,-60
101900005,9569,2638,6931
101900006,1873,164,1709
101900007,1429,203,1226
101900008,301,635,-334
101900009,220,1051,-831
101900010,1670,1234,436
101900011,740,3177,-2437
101900012,326,953,-627
101900013,2037,204,1833
101900017,36,298,-262
101900018,3100,474,2626
101900019,475,264,211
101900020,442,233,209
101900021,4,111,-107
101900022,150,2143,-1993
101900023,178,392,-214
102000001,10566,7140,3426
102000002,7421,2229,5192
102000003,6466,13326,-6860
102000004,14433,6218,8215
102000005,3412,4474,-1062
102000006,3950,4051,-101
102000007,2956,10366,-7410
102000008,10375,3816,6559
102000009,9767,13233,-3466
102000010,9662,8529,1133
102000011,6058,4316,1742
102000012,7549,7314,235
102000018,6391,4953,1438
102000019,5332,4227,1105
102000026,710,2058,-1348
102000029,626,358,268
102000030,227,737,-510
102000031,71,321,-250
102000032,561,808,-247
102000033,347,810,-463
102000034,911,1210,-299
102000035,2327,1232,1095
102000036,26,865,-839
102000037,321,186,135
102000038,925,323,602
102000039,1013,150,863
102000040,1261,305,956
102000041,422,611,-189
102000042,773,392,381
102000043,904,408,496
102000044,2022,1102,920
102000045,1628,2182,-554
102000046,2451,1145,1306
102000047,1291,2471,-1180
102000048,543,1545,-1002
102000049,2661,1602,1059
102000050,2724,2197,527
102000051,916,1207,-291
102000052,2960,1610,1350
102000053,2668,1753,915
102000054,726,1457,-731
102000055,1362,1533,-171
102000056,983,2888,-1905
102000057,2015,1231,784
102000058,1683,3499,-1816
102000059,2541,2974,-433
102000060,2272,2106,166
102000061,2142,3846,-1704
102000062,2272,2693,-421
102000063,1899,2800,-901
102000064,966,1548,-582
102000065,64,234,-170
102000066,1501,3448,-1947
102000067,4468,6195,-1727
102000068,20222,6015,14207
102000069,106,2740,-2634
102000070,2630,104,2526
102000071,14643,15686,-1043
102000072,5537,9300,-3763
102000073,2544,1661,883
102000074,1125,1779,-654
102000075,437,718,-281
102000076,407,1065,-658
102000077,607,1798,-1191
102000078,1036,1361,-325
102000079,354,543,-189
102000080,461,475,-14
102000081,571,1245,-674
102000082,1323,510,813
102000083,741,606,135
102000084,253,653,-400
102000085,3338,2184,1154
102000086,1817,2770,-953
102000087,1864,2618,-754
102000088,384,495,-111
102000089,1813,699,1114
102000090,864,1726,-862
102000091,3437,967,2470
102000092,660,1704,-1044
102000093,1156,1127,29
102000094,1767,1053,714
102000095,1575,2438,-863
102000096,1379,1669,-290
102000097,1782,2074,-292
102000098,1010,1808,-798
102000099,1891,1187,704
102000100,1320,1877,-557
102000101,2337,1118,1219
102000102,587,5640,-5053
102000103,2482,794,1688
102000104,1883,603,1280
102000105,397,1306,-909
102000106,1116,1526,-410
102000107,1528,914,614
102000108,947,622,325
102000109,1229,1046,183
102000110,972,2519,-1547
102000111,11,603,-592
102000112,256,164,92
102000113,17,64,-47
102000114,1677,669,1008
102000115,394,408,-14
102000116,1838,584,1254
102000117,758,973,-215
102000118,4261,1664,2597
102000119,4244,1105,3139
102000120,420,847,-427
102000121,1337,851,486
102000122,775,1400,-625
102000123,2525,1945,580
102000124,2441,1800,641
102000125,1206,1837,-631
102000126,1108,1085,23
102000127,1650,1282,368
102000128,929,1680,-751
102000129,1851,1396,455
102000130,776,1327,-551
102000131,3192,1407,1785
102000132,1245,1678,-433
102000133,1870,3716,-1846
102000134,977,1509,-532
102000135,1442,2455,-1013
102000136,2282,1478,804
102000137,1841,1709,132
102000138,538,774,-236
102000139,385,808,-423
102000140,933,668,265
102000141,931,1233,-302
102000142,575,743,-168
102000143,264,753,-489
102000144,339,663,-324
102000145,451,684,-233
102000146,628,608,20
102000147,579,774,-195
102000148,339,826,-487
102000149,315,1062,-747
102000150,342,528,-186
102000151,274,537,-263
102000152,223,322,-99
102000153,1641,729,912
102000154,779,1163,-384
102000155,215,490,-275
102000156,1158,177,981
102000157,325,424,-99
102000158,739,653,86
102000159,2574,848,1726
102000161,6810,3697,3113
102000162,373,204,169
102000163,259,910,-651
102000164,1948,1633,315
102000165,511,183,328
102000166,49,247,-198
102000167,497,330,167
102000168,359,198,161
102000169,211,1340,-1129
102000170,1311,305,1006
102000171,653,208,445
102000172,698,699,-1
102000173,1223,454,769
102000174,109,111,-2
102000175,223,362,-139
102000176,65,84,-19
102000178,589,797,-208
102000179,722,384,338
102000180,1204,1022,182
102000181,767,1136,-369
102000182,781,1021,-240
102000183,2237,2972,-735
102000184,2268,1422,846
102000185,3059,2424,635
102000186,1424,3189,-1765
102000187,1194,2921,-1727
102000188,1296,2508,-1212
102000189,4895,1660,3235
102000190,968,4765,-3797
102000191,1951,949,1002
102000192,1528,2020,-492
102000193,90,295,-205
102000194,203,222,-19
102000195,1032,842,190
102000196,250,804,-554
102000197,748,809,-61
102000198,288,1428,-1140
102000199,1166,602,564
102000200,564,2037,-1473
102000201,1034,852,182
102000202,2,191,-189
102000203,489,534,-45
102000204,617,1749,-1132
102000205,1686,992,694
102000206,1466,1394,72
102000207,2595,787,1808
102000208,1194,1075,119
102000209,133,83,50
102000210,568,762,-194
102000211,863,988,-125
102000212,313,18,295
102000213,4,628,-624
102000214,276,23,253
102000215,6,774,-768
102000216,60,79,-19
102000217,14,274,-260
102000218,255,255,0
102000219,722,576,146
102000225,958,1246,-288
102000226,6709,1640,5069
102000227,456,8,448
102000228,1,170,-169
102000229,62,61,1
102000230,428,831,-403
102000231,490,812,-322
102000232,26,570,-544
102000233,812,1963,-1151
102000234,131,1793,-1662
102000236,483,182,301
102000237,1568,311,1257
102000238,241,613,-372
102000240,1216,785,431
102000241,397,237,160
102000243,34,146,-112
102000245,67,123,-56
102000246,40,57,-17
102000247,490,1765,-1275
102000248,330,835,-505
102000249,141,270,-129
102000250,100,697,-597
102000254,88,707,-619
102000266,137,480,-343
102000271,74,2,72
102000286,861,648,213
102000297,3250,1856,1394
102000299,0,0,0
102000301,0,0,0
102000303,0,0,0
102000305,0,2,-2
102000307,0,8,-8
102000308,0,1,-1
102900001,1931,1714,217
102900002,497,84,413
102900003,67,378,-311
102900005,417,632,-215
102900006,737,412,325
102900007,531,33,498
102900008,249,149,100
102900009,680,392,288
102900010,1295,764,531
102900011,3207,905,2302
102900012,623,123,500
102900013,27,117,-90
102900015,1277,693,584
102900016,61,184,-123
102900017,209,993,-784
102900018,30,194,-164
102900019,940,1146,-206
102900020,168,55,113
102900021,19,160,-141
102900022,728,173,555
102900023,17,110,-93
102900024,42,116,-74
102900025,444,202,242
102900026,1185,2291,-1106
102900027,98,125,-27
102900028,214,1121,-907
102900029,255,344,-89
102900030,848,493,355
102900031,209,257,-48
102900032,114,198,-84
102900033,179,335,-156
102900034,592,209,383
102900035,184,559,-375
102900036,367,894,-527
102900037,409,1251,-842
102900038,654,1153,-499
102900039,24,760,-736
102900040,189,418,-229
102900041,131,358,-227
102900042,232,577,-345
102900043,209,515,-306
102900044,970,3375,-2405
102900045,151,842,-691
102900046,135,460,-325
102900047,80,1043,-963
102900048,914,1104,-190
102900049,178,635,-457
102900050,490,662,-172
102900051,272,373,-101
102900052,65,40,25
102900053,538,1349,-811
102900054,1665,1575,90
102900055,238,227,11
102900056,249,824,-575
102900057,6,59,-53
102900058,548,157,391
102900059,14,60,-46
102900060,206,761,-555
102900061,246,858,-612
102900062,210,1819,-1609
102900063,1446,865,581
102900064,330,991,-661
102900065,3029,1083,1946
102900066,450,79,371
102900068,224,158,66
102900070,518,1062,-544
102900072,22,40,-18
102900073,278,19,259
102900074,573,330,243
102900075,41,90,-49
102900076,477,199,278
102900077,49,51,-2
102900078,95,173,-78
102900079,382,21,361
102900080,474,66,408
102900081,122,449,-327
102900082,23,426,-403
102900083,415,15,400
102900084,9,47,-38
102900085,425,155,270
102900086,23,77,-54
102900087,243,165,78
102900088,106,46,60
102900089,512,328,184
102900090,2,746,-744
102900091,255,4,251
102900092,529,1282,-753
102900093,379,486,-107
102900094,2,117,-115
102900095,341,3,338
102900096,61,19,42
102900097,272,806,-534
103000001,3845,4815,-970
103000002,4923,4093,830
103000003,9213,4948,4265
103000004,1523,1122,401
103000005,3194,5603,-2409
103000006,998,2333,-1335
103000007,633,1376,-743
103000008,2130,1439,691
103000009,2062,2075,-13
103000010,244,222,22
103000011,2535,2118,417
103000012,1843,2363,-520
103000013,10178,3553,6625
103000014,2267,4677,-2410
103000015,4279,1196,3083
103000016,747,2537,-1790
103000017,235,821,-586
103000018,2028,687,1341
103000019,404,447,-43
103000020,4311,2422,1889
103000021,3540,2185,1355
103000022,1571,1892,-321
103000023,850,3039,-2189
103000024,153,317,-164
103000025,123,980,-857
103000026,2364,274,2090
103000027,474,1009,-535
103000028,906,690,216
103000029,505,447,58
103000030,3238,1504,1734
103000031,2858,4164,-1306
103000032,2878,3199,-321
103000033,4003,4361,-358
103000034,2783,1917,866
103000035,743,2778,-2035
103000036,783,1010,-227
103000037,887,800,87
103000038,978,2154,-1176
103000039,472,847,-375
103000040,719,2392,-1673
103000041,2444,4575,-2131
103000042,1413,1138,275
103000043,655,2224,-1569
103000044,266,368,-102
103000046,345,886,-541
103000047,977,1075,-98
103000048,319,338,-19
103000049,142,349,-207
103000050,1304,1217,87
103000051,826,993,-167
103000052,1228,742,486
103000053,263,832,-569
103000054,3696,2146,1550
103000055,2477,3715,-1238
103000056,862,3501,-2639
103000057,595,635,-40
103000058,856,1456,-600
103000059,495,1344,-849
103000060,1106,1400,-294
103000061,550,1826,-1276
103000062,1668,1281,387
103000063,1062,1410,-348
103000064,183,474,-291
103000065,8,613,-605
103000066,244,7,237
103000069,500,572,-72
103000070,1477,1687,-210
103000071,1526,597,929
103000072,186,1474,-1288
103000073,892,210,682
103000074,1219,124,1095
103000075,180,1329,-1149
103000076,549,619,-70
103000077,107,718,-611
103000078,2929,989,1940
103000079,2361,1128,1233
103000080,1953,608,1345
103000081,952,1419,-467
103000082,890,403,487
103000083,214,528,-314
103000084,249,26,223
103000085,3,173,-170
103000086,1706,738,968
103000087,506,967,-461
103000088,718,635,83
103000089,620,1036,-416
103000090,2697,1206,1491
103000091,814,652,162
103000092,620,420,200
103000093,410,679,-269
103000094,209,168,41
103000095,73,650,-577
103000096,1027,230,797
103000097,119,1046,-927
103000098,1389,352,1037
103000099,532,851,-319
103000100,172,1364,-1192
103000101,1308,264,1044
103000102,201,1008,-807
103000103,969,532,437
103000104,105,176,-71
103000105,208,232,-24
103000106,33,127,-94
103000107,530,133,397
103000108,1029,862,167
103000109,883,502,381
103000110,691,666,25
103000111,1506,606,900
103000112,1065,342,723
103000113,2068,1175,893
103000114,4145,610,3535
103000115,564,885,-321
103000116,736,877,-141
103000117,559,870,-311
103000118,3088,1671,1417
103000119,3186,1028,2158
103000120,246,167,79
103000121,906,1230,-324
103000122,962,688,274
103000125,19,599,-580
103000126,784,15,769
103000127,2,307,-305
103000128,173,6,167
103000129,5,180,-175
103000130,77,52,25
103000131,342,175,167
103000132,128,314,-186
103000133,25,199,-174
103000134,1176,1458,-282
103000135,1372,511,861
103000136,1740,688,1052
103000137,1348,988,360
103000138,1622,1201,421
103000139,4,76,-72
103000140,379,32,347
103000141,50,205,-155
103000142,288,121,167
103000143,214,299,-85
103000144,288,145,143
103000145,110,91,19
103000150,127,67,60
103000152,901,437,464
103000153,743,226,517
103000156,14,737,-723
103000157,522,7,515
103000159,291,164,127
103000162,225,41,184
103000163,14,60,-46
103000164,86,22,64
103000165,370,760,-390
103000166,302,493,-191
103000167,618,139,479
103000168,120,252,-132
103000169,309,946,-637
103000170,786,920,-134
103000171,72,114,-42
103000172,757,1632,-875
103000173,580,1164,-584
103000174,254,637,-383
103000175,243,706,-463
103000176,1688,657,1031
103000177,1522,808,714
103000178,492,540,-48
103000179,318,68,250
103000183,143,38,105
103000185,104,154,-50
103000186,168,329,-161
103000187,671,1209,-538
103000188,24,69,-45
103000189,2469,1488,981
103000191,872,1111,-239
103000292,3971,2286,1685
103000293,1904,2978,-1074
103000295,210,137,73
103000296,583,5,578
103000297,266,74,192
103000504,314,58,256
103000505,13,35,-22
103000506,4,321,-317
103000507,250,4,246
103000508,50,48,2
103000509,350,870,-520
103900001,8,515,-507
103900002,3194,348,2846
103900003,3572,184,3388
103900004,155,22,133
103900005,3,488,-485
103900006,1,0,1
103900007,96,17,79
103900008,47,1,46
103900009,430,592,-162
103900010,236,550,-314
103900011,271,342,-71
103900012,11,29,-18
103900013,35,115,-80
103900014,64,46,18
103900015,45,25,20
103900016,434,390,44
103900017,40,199,-159
103900018,706,245,461
103900019,69,330,-261
103900020,378,643,-265
103900021,1378,95,1283
103900022,1280,819,461
103900023,133,0,133
103900024,196,1155,-959
103900025,12,51,-39
103900026,182,0,182
103900027,876,601,275
103900028,19,361,-342
103900029,1437,110,1327
103900030,715,97,618
103900031,30,4,26
103900032,117,45,72
103900033,509,24,485
103900034,29,418,-389
103900035,89,110,-21
103900036,154,38,116
103900037,172,85,87
103900038,112,192,-80
103900039,79,634,-555
103900040,22,375,-353
103900041,56,87,-31
103900042,56,568,-512
103900043,218,215,3
103900044,349,469,-120
103900045,387,324,63
103900047,82,40,42
103900048,84,24,60
103900049,335,2331,-1996
103900050,11,167,-156
103900051,2,41,-39
103900052,290,867,-577
103900053,172,1890,-1718
103900054,129,982,-853
103900055,677,298,379
103900056,56,74,-18
103900057,34,325,-291
103900058,263,1409,-1146
103900059,0,9,-9
103900060,61,361,-300
103900061,205,103,102
103900062,512,156,356
103900063,17,0,17
103900064,104,14,90
103900065,1169,704,465
103900066,150,28,122
103900067,227,14,213
103900068,13,1,12
103900069,217,14,203
103900070,230,482,-252
103900071,25,255,-230
103900072,11,374,-363
103900073,24,56,-32
103900074,84,136,-52
103900075,152,131,21
103900076,548,1244,-696
103900077,73,165,-92
103900078,236,214,22
103900079,268,409,-141
103900080,18,48,-30
103900081,118,25,93
103900082,12,239,-227
103900083,2556,1839,717
103900084,96,272,-176
103900085,104,156,-52
103900086,814,530,284
103900087,29,164,-135
103900088,463,587,-124
103900089,40,215,-175
103900090,6,358,-352
103900091,1474,369,1105
103900092,1827,711,1116
103900093,152,539,-387
103900094,21,204,-183
103900095,1203,269,934
103900096,56,330,-274
103900097,21,901,-880
103900098,267,161,106
103900099,120,314,-194
103900100,282,687,-405
103900101,109,1658,-1549
103900102,3,43,-40
103900104,2,44,-42
103900105,102,217,-115
103900106,0,49,-49
103900107,155,433,-278
103900108,48,542,-494
103900109,94,202,-108
103900110,304,86,218
103900111,140,1451,-1311
103900112,42,69,-27
103900113,169,302,-133
103900114,765,525,240
103900115,348,462,-114
103900116,8929,3450,5479
103900117,225,222,3
103900119,48,74,-26
103900120,27,135,-108
103900122,97,437,-340
103900123,2662,790,1872
103900124,48,33,15
103900125,150,124,26
103900126,665,857,-192
103900127,259,1238,-979
103900128,120,281,-161
103900131,25,139,-114
103900133,1635,98,1537
103900134,0,6,-6
103900135,19,15,4
103900137,1,67,-66
103900138,67,703,-636
103900139,430,2322,-1892
103900140,14,112,-98
103900141,408,122,286
103900142,289,476,-187
103900143,67,2,65
103900144,2,151,-149
103900145,206,547,-341
103900146,413,661,-248
103900147,515,211,304
103900148,271,400,-129
103900149,284,1298,-1014
103900150,13459,5773,7686
103900151,91,254,-163
103900152,672,949,-277
103900153,11,1,10
103900154,2268,3135,-867
103900155,39,413,-374
103900156,38,328,-290
103900157,79,450,-371
103900158,115,401,-286
103900159,141,197,-56
103900160,77,64,13
103900161,160,376,-216
103900162,88,485,-397
103900163,12,848,-836
103900164,261,70,191
103900167,27,175,-148
103900168,163,278,-115
103900169,77,89,-12
103900170,5,128,-123
103900171,2,98,-96
103900172,7,31,-24
103900173,19,23,-4
103900174,225,119,106
103900175,92,76,16
103900176,8,37,-29
103900177,4,72,-68
103900178,62,156,-94
103900179,54,395,-341
103900180,32,246,-214
103900181,129,109,20
103900182,55,62,-7
103900184,947,134,813
103900185,619,362,257
103900187,127,106,21
103900188,66,32,34
103900189,126,18,108
103900190,209,89,120
103900191,58,114,-56
103900192,32,210,-178
103900193,308,253,55
103900194,125,558,-433
103900195,11,56,-45
103900196,42,45,-3
103900197,19,41,-22
103900198,17,70,-53
103900199,262,101,161
103900200,164,250,-86
103900201,162,358,-196
103900202,17,77,-60
103900203,57,39,18
103900204,1,183,-182
103900207,0,228,-228
103900208,119,5,114
103900209,16,187,-171
103900210,82,36,46
103900211,716,912,-196
103900212,165,706,-541
103900213,477,390,87
103900214,954,229,725
103900215,1002,448,554
103900216,8,1205,-1197
103900217,707,165,542
103900218,4,712,-708
103900219,269,789,-520
103900233,313,7,306
103900235,158,49,109
103900236,92,1,91
103900242,9,37,-28
103900243,23,34,-11
103900244,143,588,-445
103900245,242,343,-101
103900246,85,62,23
103900247,71,146,-75
103900248,37,80,-43
103900249,41,83,-42
103900250,92,46,46
103900251,4,46,-42
103900253,26,90,-64
103900254,12,63,-51
103900255,83,40,43
103900256,160,63,97
103900257,163,452,-289
103900258,169,6,163
103900259,156,13,143
103900261,22,7,15
103900262,37,8,29
103900263,137,164,-27
103900264,135,70,65
103900265,214,54,160
103900266,3,121,-118
103900267,6,51,-45
104000001,3740,3576,164
104000002,2860,5639,-2779
104000003,3760,4522,-762
104000004,4862,4986,-124
104000005,2061,3390,-1329
104000006,4500,5432,-932
104000007,6971,6841,130
104000008,705,722,-17
104000009,364,183,181
104000010,261,398,-137
104000011,1326,572,754
104000012,307,782,-475
104000013,263,278,-15
104000014,388,1292,-904
104000015,308,242,66
104000016,818,888,-70
104000018,1065,241,824
104000019,727,220,507
104000020,253,1034,-781
104000021,465,920,-455
104000022,209,446,-237
104000023,821,600,221
104000024,377,608,-231
104000026,134,509,-375
104000027,679,752,-73
104000028,546,415,131
104000029,611,911,-300
104000030,388,328,60
104000031,1368,541,827
104000032,353,611,-258
104000033,736,679,57
104000034,382,549,-167
104000035,1103,623,480
104000036,964,926,38
104000037,387,499,-112
104000038,465,517,-52
104000039,241,494,-253
104000040,687,582,105
104000041,723,601,122
104000042,356,650,-294
104000043,409,621,-212
104000044,415,1139,-724
104000045,1754,1923,-169
104000046,2453,2644,-191
104000047,1749,2127,-378
104000048,1587,2969,-1382
104000049,919,708,211
104000050,416,1320,-904
104000051,224,1068,-844
104000052,2089,2808,-719
104000053,1390,1112,278
104000054,909,912,-3
104000055,7475,4475,3000
104000056,2425,477,1948
104000057,254,695,-441
104000058,1095,1265,-170
104000059,967,2329,-1362
104000060,1521,1933,-412
104000061,2407,2198,209
104000062,414,338,76
104000064,905,587,318
104000065,305,670,-365
104000069,2572,1501,1071
104000070,107,713,-606
104000071,186,802,-616
104000072,904,476,428
104000075,89,478,-389
104000076,884,174,710
104000082,4135,4774,-639
104000083,1307,339,968
104000084,184,842,-658
104000085,438,527,-89
104000086,260,651,-391
104000087,637,2780,-2143
104000090,1024,2690,-1666
104000092,1384,4697,-3313
104000094,1595,3431,-1836
104000095,2702,2599,103
104000096,2135,793,1342
104000097,2251,1861,390
104000098,2420,2093,327
104000100,2429,1062,1367
104000101,1709,5227,-3518
104000106,284,1021,-737
104000107,1097,974,123
104000108,537,1069,-532
104000109,437,118,319
104000110,1563,1924,-361
104000111,8651,3889,4762
104000112,3867,1038,2829
104000116,6,2323,-2317
104000117,165,1713,-1548
104000118,774,457,317
104000119,827,516,311
104000120,286,1819,-1533
104000121,314,1364,-1050
104000122,732,1158,-426
104000123,2039,2154,-115
104000124,1899,5126,-3227
104000125,8797,5771,3026
104000126,563,725,-162
104000127,2438,6083,-3645
104000128,1333,787,546
104000129,785,59,726
104000130,48,647,-599
104000131,2523,943,1580
104000132,1565,1038,527
104000133,1710,1679,31
104000134,1434,2974,-1540
104000135,617,2985,-2368
104000136,1181,6023,-4842
104000137,2177,692,1485
104000138,2015,873,1142
104000139,12635,5096,7539
104000141,1669,2944,-1275
104000142,1035,1446,-411
104000143,993,1123,-130
104000144,142,321,-179
104000145,760,326,434
104000146,571,1159,-588
104000147,215,656,-441
104000148,409,217,192
104000149,264,594,-330
104000150,1731,844,887
104000151,769,891,-122
104000152,894,1236,-342
104000153,789,853,-64
104000154,1618,1263,355
104000155,513,689,-176
104000157,1915,2753,-838
104000158,1113,807,306
104000159,1193,725,468
104000160,2612,3029,-417
104000161,458,324,134
104000162,62,262,-200
104000165,1976,1892,84
104000167,734,1266,-532
104000168,975,18,957
104000169,122,85,37
104000170,996,940,56
104000248,527,1599,-1072
104000251,109,416,-307
104000272,0,0,0
104000273,0,0,0
104000274,0,0,0
104000275,0,0,0
104000279,1296,789,507
104000290,158,558,-400
104000291,1202,2242,-1040
104000293,1372,1082,290
104000294,42,0,42
104000295,1006,1513,-507
104000296,645,1527,-882
104000297,1446,3116,-1670
104000298,3304,1848,1456
104000299,1115,2889,-1774
104900001,188,799,-611
104900002,78,237,-159
104900003,68,602,-534
104900004,103,660,-557
104900005,306,339,-33
104900006,411,144,267
104900007,331,437,-106
104900009,189,720,-531
104900010,72,46,26
104900011,47,2,45
104900012,332,42,290
104900013,214,17,197
104900014,5742,610,5132
104900015,200,13,187
104900016,285,531,-246
104900017,208,358,-150
104900018,27,351,-324
104900019,675,3711,-3036
104900020,107,457,-350
104900021,2,377,-375
104900022,28,139,-111
104900023,3,236,-233
104900024,32,127,-95
104900025,133,774,-641
104900026,3,247,-244
104900027,711,413,298
104900028,30,139,-109
104900029,70,178,-108
104900030,838,332,506
104900031,156,290,-134
104900032,51,285,-234
104900033,208,367,-159
104900034,480,169,311
104900035,426,235,191
104900036,200,99,101
104900037,180,604,-424
104900038,1077,964,113
104900039,1957,403,1554
104900040,387,189,198
104900041,323,320,3
104900042,160,549,-389
104900043,15,126,-111
104900044,485,386,99
104900045,536,97,439
104900046,201,260,-59
104900047,310,219,91
104900048,332,141,191
104900049,43,23,20
104900050,292,181,111
104900051,382,68,314
104900052,64,1,63
104900053,570,135,435
104900054,174,110,64
104900055,90,1,89
104900056,269,27,242
104900057,63,6,57
104900058,1727,398,1329
104900059,96,63,33
104900060,4,635,-631
104900061,472,1089,-617
104900063,2,153,-151
104900064,0,145,-145
104900065,1,230,-229
104900066,2,307,-305
104900067,4,443,-439
104900068,33,348,-315
104900070,243,413,-170
104900071,9,1289,-1280
104900072,81,389,-308
104900073,58,464,-406
104900074,85,427,-342
104900075,94,140,-46
104900076,149,599,-450
104900077,2074,330,1744
104900078,222,1048,-826
104900079,247,627,-380
104900080,107,847,-740
104900082,19,648,-629
104900085,7,337,-330
104900087,546,12,534
104900089,151,0,151
104900090,1218,924,294
104900091,976,1549,-573
104900093,345,1016,-671
104900097,5885,2920,2965
104900098,131,90,41
104900099,305,738,-433
104900100,1375,550,825
104900102,54,440,-386
104900103,724,226,498
104900104,7052,3012,4040
104900106,113,185,-72
104900107,203,535,-332
104900108,36,559,-523
104900109,172,776,-604
104900110,27,82,-55
104900111,223,213,10
104900112,307,1525,-1218
104900113,823,808,15
104900114,387,1140,-753
104900115,842,918,-76
104900116,368,411,-43
104900118,38,136,-98
104900119,5,57,-52
104900120,56,193,-137
104900121,3,173,-170
104900122,7,178,-171
104900123,72,7,65
104900124,45,1,44
104900125,770,9,761
104900126,105,112,-7
104900127,32,85,-53
104900128,115,293,-178
104900129,5363,3121,2242
105000001,4197,2853,1344
105000002,4380,3145,1235
105000003,7257,6050,1207
105000004,887,2412,-1525
105000005,1093,2288,-1195
105000006,2377,3054,-677
105000007,2363,2568,-205
105000008,3889,4852,-963
105000009,2775,4651,-1876
105000010,5324,4933,391
105000011,3688,4056,-368
105000012,6863,5286,1577
105000013,1267,1704,-437
105000014,2401,3831,-1430
105000015,13280,16528,-3248
105000016,6645,4314,2331
105000017,4128,1663,2465
105000018,2750,2426,324
105000019,3436,1770,1666
105000020,610,687,-77
105000021,744,244,500
105000022,415,92,323
105000023,823,419,404
105000028,111,224,-113
105000029,671,1933,-1262
105000030,7060,6430,630
105000033,1789,3726,-1937
105000034,393,1378,-985
105000037,1030,870,160
105000038,3318,2984,334
105000039,4491,3624,867
105000040,1463,1825,-362
105000041,1045,2765,-1720
105000042,6312,2435,3877
105000043,3529,4307,-778
105000044,705,740,-35
105000045,536,1709,-1173
105000046,1278,747,531
105000047,734,2442,-1708
105000048,1031,433,598
105000049,418,1398,-980
105000050,715,616,99
105000051,440,1150,-710
105000052,727,1689,-962
105000053,225,408,-183
105000054,576,1792,-1216
105000055,1659,724,935
105000056,2092,5187,-3095
105000057,1920,1871,49
105000058,2618,2726,-108
105000059,1063,1069,-6
105000060,997,1212,-215
105000061,886,932,-46
105000062,1555,2049,-494
105000063,634,1278,-644
105000064,1973,1306,667
105000065,802,1676,-874
105000066,2477,3516,-1039
105000067,2208,1143,1065
105000068,1646,1655,-9
105000069,6366,2263,4103
105000070,1684,1338,346
105000071,1062,1294,-232
105000072,885,2960,-2075
105000073,1615,1121,494
105000074,2353,1561,792
105000075,1465,1332,133
105000076,2764,1725,1039
105000077,4431,1467,2964
105000078,2990,1909,1081
105000079,3561,2906,655
105000080,4015,2189,1826
105000081,4116,1367,2749
105000082,2369,1356,1013
105000083,4845,2535,2310
105000084,1584,1822,-238
105000085,2873,2192,681
105000086,875,1959,-1084
105000087,4907,3572,1335
105000088,2662,3059,-397
105000089,5596,4069,1527
105000090,1853,1596,257
105000091,2770,2682,88
105000092,1580,1849,-269
105000093,832,369,463
105000094,547,394,153
105000095,133,818,-685
105000096,2109,1362,747
105000097,2094,1264,830
105000098,2878,1015,1863
105000099,3146,1350,1796
105000100,1717,2325,-608
105000101,3204,4508,-1304
105000102,5204,2876,2328
105000103,3707,5218,-1511
105000104,3697,2026,1671
105000105,1992,4125,-2133
105000106,2700,3656,-956
105000107,1821,2475,-654
105000108,1875,3768,-1893
105000109,2348,3667,-1319
105000110,908,1656,-748
105000111,842,1221,-379
105000112,1875,1711,164
105000113,595,1095,-500
105000114,7613,2035,5578
105000115,581,1321,-740
105000116,1167,961,206
105000117,1470,2317,-847
105000118,778,822,-44
105000119,1178,2710,-1532
105000120,1395,1265,130
105000121,1632,2771,-1139
105000122,511,891,-380
105000123,2195,2664,-469
105000124,2586,1580,1006
105000125,1597,3878,-2281
105000126,3347,4009,-662
105000127,3892,3888,4
105000128,1288,2431,-1143
105000129,1681,770,911
105000130,470,2964,-2494
105000131,1246,989,257
105000132,1258,734,524
105000133,648,2296,-1648
105000134,1136,836,300
105000135,627,1253,-626
105000136,75,274,-199
105000137,316,587,-271
105000138,117,259,-142
105000139,1572,1942,-370
105000140,228,787,-559
105000141,318,1187,-869
105000142,204,702,-498
105000143,451,1390,-939
105000144,598,1360,-762
105000145,998,765,233
105000146,893,1439,-546
105000147,826,675,151
105000148,1767,1051,716
105000149,3317,3527,-210
105000150,3495,3052,443
105000151,763,630,133
105000152,315,1167,-852
105000153,1166,1109,57
105000154,1570,1724,-154
105000155,588,1537,-949
105000156,1495,1634,-139
105000157,1648,4465,-2817
105000158,3546,1358,2188
105000159,380,2333,-1953
105000160,2798,1104,1694
105000161,1337,2787,-1450
105000162,1209,2905,-1696
105000163,3461,2073,1388
105000164,372,589,-217
105000165,3816,8755,-4939
105000166,13782,915,12867
105000167,6199,2831,3368
105000168,583,1479,-896
105000169,764,936,-172
105000170,363,2600,-2237
105000171,1779,678,1101
105000172,185,94,91
105000173,197,104,93
105000174,93,72,21
105000175,124,245,-121
105000176,522,197,325
105000177,420,304,116
105000178,197,1500,-1303
105000179,445,267,178
105000180,185,196,-11
105000181,156,849,-693
105000182,102,76,26
105000183,5554,3509,2045
105000184,1658,2070,-412
105000185,2631,1285,1346
105000186,643,1578,-935
105000187,1253,359,894
105000188,825,318,507
105000189,516,906,-390
105000190,660,794,-134
105000191,664,497,167
105000192,632,93,539
105000193,269,297,-28
105000194,293,128,165
105000195,496,1848,-1352
105000196,46,230,-184
105000197,400,1187,-787
105000198,899,711,188
105000199,650,816,-166
105000200,317,335,-18
105000201,245,58,187
105000203,3,460,-457
105000204,114,150,-36
105000205,164,398,-234
105000207,1114,408,706
105000208,523,1027,-504
105000209,332,424,-92
105000212,1761,2945,-1184
105000213,373,318,55
105000214,171,442,-271
105000215,349,434,-85
105000216,194,624,-430
105000217,305,513,-208
105000218,1399,1803,-404
105000221,311,460,-149
105000222,660,110,550
105000223,398,335,63
105000226,109,663,-554
105000227,64,384,-320
105000228,600,2334,-1734
105000229,230,593,-363
105000231,320,548,-228
105000233,972,1022,-50
105000234,914,2339,-1425
105000235,676,958,-282
105000237,1171,113,1058
105000243,28,463,-435
105000248,357,120,237
105000262,468,3053,-2585
105000269,200,271,-71
105000270,594,181,413
105000271,2,393,-391
105000282,336,82,254
105000287,443,317,126
105000288,632,1009,-377
105000289,4568,2326,2242
105000290,33,17,16
105000402,8020,4903,3117
105000426,1212,822,390
105000438,4336,1344,2992
105000446,26940,10194,16746
105000447,13353,5668,7685
105000454,404,825,-421
105000455,493,389,104
105000474,46,2,44
105000477,588,903,-315
105000478,2647,5075,-2428
105000479,358,223,135
105000480,6909,4666,2243
105000481,5184,4085,1099
105000482,10032,7218,2814
105000483,2290,2576,-286
105000484,4956,4602,354
105000485,2876,3133,-257
105000486,8921,4803,4118
105000488,9834,7595,2239
105000489,1577,1482,95
105000549,145,275,-130
105000550,1163,2566,-1403
105000551,29,178,-149
105000552,6668,3320,3348
105900001,28,3251,-3223
105900002,2904,815,2089
105900003,12,147,-135
105900004,679,202,477
105900005,12,452,-440
105900006,31,159,-128
105900007,336,36,300
105900008,105,1228,-1123
105900009,32,33,-1
105900011,632,76,556
105900012,904,222,682
105900013,9,48,-39
105900014,13,111,-98
105900015,398,797,-399
105900016,660,1070,-410
105900017,1645,97,1548
105900018,271,565,-294
105900019,100,1296,-1196
105900020,68,104,-36
105900021,85,1007,-922
105900022,392,645,-253
105900023,5,278,-273
105900024,29,340,-311
105900025,294,57,237
105900026,607,106,501
105900027,15916,12169,3747
105900028,464,276,188
105900029,3820,735,3085
105900030,421,426,-5
105900031,758,290,468
105900032,134,215,-81
105900033,174,219,-45
105900034,310,424,-114
105900035,302,401,-99
105900036,64,317,-253
105900037,137,97,40
105900038,242,700,-458
105900039,131,288,-157
105900040,118,137,-19
105900041,309,945,-636
105900042,98,240,-142
105900043,4590,93,4497
105900044,4,391,-387
105900045,11,1511,-1500
105900046,12,384,-372
105900047,17,85,-68
105900048,157,943,-786
105900050,7364,5418,1946
105900051,27,2603,-2576
105900052,679,256,423
105900053,7445,4310,3135
105900054,464,560,-96
105900056,1367,550,817
105900057,35,291,-256
105900058,27,61,-34
105900059,1,45,-44
106000001,6146,3495,2651
106000002,4120,8140,-4020
106000003,4721,5435,-714
106000004,3226,4718,-1492
106000005,3822,9472,-5650
106000006,9367,8680,687
106000007,756,998,-242
106000008,559,653,-94
106000009,690,591,99
106000010,781,1000,-219
106000011,1337,1834,-497
106000012,1499,2684,-1185
106000013,2552,3189,-637
106000014,3141,3534,-393
106000015,1817,2038,-221
106000016,1835,4363,-2528
106000017,953,1144,-191
106000018,1091,1125,-34
106000019,549,715,-166
106000020,482,783,-301
106000021,389,822,-433
106000022,603,506,97
106000023,898,531,367
106000024,1306,1373,-67
106000025,152,372,-220
106000026,190,450,-260
106000027,1356,2217,-861
106000028,908,1069,-161
106000029,1372,2053,-681
106000030,1290,607,683
106000034,383,1117,-734
106000035,1360,2605,-1245
106000036,556,741,-185
106000037,3212,2816,396
106000038,787,182,605
106000039,380,118,262
106000040,281,1298,-1017
106000041,1435,716,719
106000043,1019,265,754
106000046,542,88,454
106000047,89,587,-498
106000049,954,330,624
106000050,642,1442,-800
106000051,1361,745,616
106000052,173,1091,-918
106000053,370,230,140
106000054,558,777,-219
106000055,1470,2139,-669
106000056,353,744,-391
106000057,307,482,-175
106000058,190,323,-133
106000059,417,443,-26
106000060,738,940,-202
106000061,231,823,-592
106000062,239,927,-688
106000063,755,895,-140
106000064,49,663,-614
106000065,590,434,156
106000066,244,675,-431
106000067,592,187,405
106000068,71,1112,-1041
106000069,282,158,124
106000070,540,1339,-799
106000071,1412,540,872
106000072,8069,2633,5436
106000073,2666,4175,-1509
106000074,682,1132,-450
106000075,531,2066,-1535
106000076,2225,3294,-1069
106000077,5850,2171,3679
106000078,1333,1572,-239
106000079,905,1689,-784
106000080,1593,1194,399
106000081,790,1832,-1042
106000082,3394,1564,1830
106000083,467,2459,-1992
106000084,1674,1214,460
106000085,2430,2396,34
106000086,830,1279,-449
106000087,1266,997,269
106000088,532,1162,-630
106000089,1365,764,601
106000090,328,954,-626
106000091,424,1386,-962
106000092,880,407,473
106000093,363,155,208
106000094,200,548,-348
106000095,768,1838,-1070
106000096,1263,1131,132
106000097,1188,2006,-818
106000098,922,1688,-766
106000099,312,1438,-1126
106000100,1767,430,1337
106000101,1970,535,1435
106000102,366,1126,-760
106000103,377,1034,-657
106000104,1114,688,426
106000105,587,1297,-710
106000106,663,733,-70
106000107,139,690,-551
106000108,269,491,-222
106000109,148,512,-364
106000110,236,378,-142
106000111,243,945,-702
106000112,236,670,-434
106000113,1703,1126,577
106000114,719,755,-36
106000115,325,956,-631
106000116,251,321,-70
106000117,1387,1342,45
106000118,1612,2061,-449
106000119,3399,2120,1279
106000120,1146,1653,-507
106000121,271,288,-17
106000122,175,503,-328
106000123,393,351,42
106000124,74,531,-457
106000125,58,479,-421
106000126,281,194,87
106000127,1231,1614,-383
106000128,946,414,532
106000129,713,1109,-396
106000130,940,574,366
106000131,194,1302,-1108
106000132,1215,254,961
106000133,5962,2181,3781
106000134,1099,2790,-1691
106000135,303,1538,-1235
106000136,919,1194,-275
106000137,155,2274,-2119
106000138,1621,129,1492
106000139,54,200,-146
106000140,57,164,-107
106000141,107,169,-62
106000142,103,107,-4
106000143,65,141,-76
106000144,28,129,-101
106000145,291,571,-280
106000146,380,350,30
106000147,769,872,-103
106000148,1116,1614,-498
106000149,758,733,25
106000150,889,3365,-2476
106000151,8005,1372,6633
106000152,2442,3617,-1175
106000153,146,2716,-2570
106000154,2554,461,2093
106000155,85,373,-288
106000156,1177,974,203
106000157,1391,3686,-2295
106000158,5088,1701,3387
106000159,7500,3001,4499
106000160,582,4681,-4099
106000161,2388,823,1565
106000162,319,1491,-1172
106000163,429,945,-516
106000164,423,529,-106
106000165,290,1243,-953
106000166,1485,514,971
106000167,654,2229,-1575
106000168,527,474,53
106000169,268,1148,-880
106000170,1165,398,767
106000171,226,1778,-1552
106000172,5265,1861,3404
106000173,1816,4976,-3160
106000174,1568,565,1003
106000175,499,1784,-1285
106000176,2203,1300,903
106000177,1191,4350,-3159
106000178,4786,2857,1929
106000179,1856,4075,-2219
106000180,1365,2637,-1272
106000181,933,2990,-2057
106000182,1344,1385,-41
106000183,1428,1568,-140
106000184,2329,1728,601
106000185,1429,1791,-362
106000186,1678,312,1366
106000187,390,1388,-998
106000188,0,3,-3
106000189,10,99,-89
106000190,38,3,35
106000191,758,327,431
106000192,4,69,-65
106000193,570,287,283
106000194,260,702,-442
106000195,982,257,725
106000196,290,778,-488
106000197,677,625,52
106000198,190,421,-231
106000199,1525,1278,247
106000200,926,375,551
106000201,808,3724,-2916
106000202,11252,1110,10142
106000203,197,307,-110
106000204,83,7,76
106000205,51,218,-167
106000206,109,50,59
106000207,83,1409,-1326
106000208,1575,215,1360
106000209,1704,539,1165
106000210,414,2142,-1728
106000211,518,2138,-1620
106000212,1195,490,705
106000213,1304,2348,-1044
106000214,4302,916,3386
106000215,503,827,-324
106000216,483,520,-37
106000217,486,853,-367
106000218,579,619,-40
106000219,185,439,-254
106000220,547,434,113
106000221,176,614,-438
106000222,71,214,-143
106000223,184,195,-11
106000224,255,444,-189
106000225,183,118,65
106000226,272,555,-283
106000228,61,242,-181
106000229,129,1084,-955
106000231,974,281,693
106000232,92,575,-483
106000233,742,223,519
106000234,162,293,-131
106000235,961,224,737
106000236,418,133,285
106000237,2,18,-16
106000238,48,17,31
106000239,6,215,-209
106000240,132,8,124
106000241,25,1212,-1187
106000242,352,61,291
106000249,60,124,-64
106000250,125,857,-732
106000251,93,49,44
106000252,29,172,-143
106000253,63,79,-16
106000254,50,102,-52
106000255,23,206,-183
106000256,72,113,-41
106000257,318,531,-213
106000258,483,35,448
106000259,6,50,-44
106000260,33,20,13
106000261,14,55,-41
106000262,198,24,174
106000263,18,93,-75
106000264,327,11,316
106000265,14,268,-254
106000266,182,38,144
106000267,6,159,-153
106000268,898,55,843
106000269,99,96,3
106000270,294,762,-468
106000271,102,410,-308
106000272,301,114,187
106000273,20,544,-524
106000274,355,66,289
106000275,240,450,-210
106000276,278,80,198
106000277,232,423,-191
106000278,367,69,298
106000279,24,87,-63
106000280,87,230,-143
106000281,105,149,-44
106000282,130,121,9
106000283,169,167,2
106000284,76,182,-106
106000285,164,272,-108
106000286,130,268,-138
106000287,192,155,37
106000288,178,247,-69
106000289,116,125,-9
106000290,94,195,-101
106000291,116,177,-61
106000292,93,224,-131
106000293,203,157,46
106000294,234,240,-6
106000295,95,94,1
106000296,134,215,-81
106000297,111,411,-300
106000298,198,111,87
106000299,82,252,-170
106000300,140,171,-31
106000301,123,167,-44
106000303,52,135,-83
106000304,49,71,-22
106000305,37,94,-57
106000306,60,129,-69
106000307,55,31,24
106000308,53,289,-236
106000309,33,143,-110
106000310,440,887,-447
106000311,463,299,164
106000312,73,345,-272
106000313,200,354,-154
106000318,254,535,-281
106000319,1334,195,1139
106000320,1,80,-79
106000321,717,127,590
106000322,114,362,-248
106000324,15,214,-199
106000325,2305,1569,736
106000326,1674,3315,-1641
106000327,219,264,-45
106000328,26,164,-138
106000329,179,586,-407
106000330,101,112,-11
106000428,56,259,-203
106000429,228,687,-459
106000430,516,2142,-1626
106000431,2567,578,1989
106000432,2738,4489,-1751
106000433,2929,1627,1302
106000434,5207,1960,3247
106000435,3008,4612,-1604
106000436,24,578,-554
106000437,490,70,420
106000438,642,204,438
106000439,81,824,-743
106000440,363,900,-537
106000441,2,0,2
106000442,323,15,308
106000443,161,721,-560
106000450,2,348,-346
106000451,57,52,5
106000454,12,262,-250
106000455,8,289,-281
106000456,227,21,206
106000457,17,1711,-1694
106000458,693,310,383
106000459,177,727,-550
106000460,1369,74,1295
106000461,144,2636,-2492
106000462,0,33,-33
106000463,6,45,-39
106000464,3,766,-763
106000465,616,5,611
106000466,4,1150,-1146
106000467,667,1070,-403
106000468,91,364,-273
106000469,406,2,404
106000470,450,3006,-2556
106000471,53,1210,-1157
106000472,234,27,207
106000473,26,54,-28
106000474,491,1142,-651
106000475,315,216,99
106000476,277,225,52
106000477,18,73,-55
106900001,1,38,-37
106900002,6,916,-910
106900003,449,1956,-1507
106900004,3,137,-134
106900006,0,15,-15
106900007,0,33,-33
106900008,352,462,-110
106900009,479,786,-307
106900010,306,602,-296
106900012,3981,3619,362
106900013,1024,140,884
106900014,50,4,46
106900015,26,1,25
106900016,344,3,341
106900017,13,1,12
106900018,3,0,3
106900019,74,5,69
106900020,5362,2064,3298
106900021,126,105,21
106900022,663,3,660
106900023,59,441,-382
106900024,1160,33,1127
106900025,90,1191,-1101
106900026,7,1337,-1330
106900027,808,6,802
107000001,6378,4709,1669
107000002,8012,8863,-851
107000003,7431,9364,-1933
107000004,9633,10290,-657
107000005,4688,8188,-3500
107000006,6946,10942,-3996
107000007,8144,17824,-9680
107000008,23696,18241,5455
107000009,8900,10436,-1536
107000010,18087,20496,-2409
107000011,1858,2476,-618
107000012,7257,6562,695
107000013,74,226,-152
107000014,36,438,-402
107000015,710,1449,-739
107000016,974,1736,-762
107000017,13047,3359,9688
107000018,218,2268,-2050
107000020,7916,2138,5778
107000021,2905,1256,1649
107000022,3462,3024,438
107000023,3118,693,2425
107000024,1029,2931,-1902
107000025,311,763,-452
107000026,323,1152,-829
107000027,1791,2257,-466
107000028,1979,3000,-1021
107000029,4493,4430,63
107000030,4782,5857,-1075
107000031,4802,4593,209
107000032,707,1546,-839
107000033,6742,13431,-6689
107000034,10087,3742,6345
107000035,594,431,163
107000036,761,2912,-2151
107000037,124,1477,-1353
107000038,531,367,164
107000039,1451,1229,222
107000040,257,523,-266
107000041,2581,1068,1513
107000042,1230,3089,-1859
107000043,5307,1615,3692
107000044,1286,512,774
107000045,220,495,-275
107000046,1272,685,587
107000047,749,1299,-550
107000048,1000,471,529
107000049,777,1256,-479
107000050,1417,806,611
107000051,973,593,380
107000052,1994,1506,488
107000053,644,370,274
107000054,114,509,-395
107000055,178,190,-12
107000056,682,1379,-697
107000057,2665,387,2278
107000058,3424,3635,-211
107000059,3778,6089,-2311
107000060,6385,8995,-2610
107000061,9710,7168,2542
107000062,5348,5071,277
107000063,6198,10176,-3978
107000064,5616,3974,1642
107000065,6788,9667,-2879
107000066,3322,5089,-1767
107000067,1766,1824,-58
107000068,2822,1077,1745
107000069,1420,936,484
107000070,1064,37,1027
107000071,3364,64,3300
107000072,86,5724,-5638
107000073,859,392,467
107000074,254,1711,-1457
107000075,1917,709,1208
107000076,1321,2793,-1472
107000077,4473,1512,2961
107000078,3396,5664,-2268
107000079,3768,1096,2672
107000080,1924,5900,-3976
107000081,1931,909,1022
107000082,873,3894,-3021
107000083,1597,599,998
107000084,716,3763,-3047
107000085,4274,5131,-857
107000086,5557,6024,-467
107000087,4661,3604,1057
107000088,5150,6555,-1405
107000089,1995,3510,-1515
107000090,1954,2155,-201
107000091,1795,1437,358
107000092,1150,2063,-913
107000093,1646,1226,420
107000094,2013,2159,-146
107000095,1250,996,254
107000096,902,1806,-904
107000097,890,346,544
107000098,615,833,-218
107000099,852,610,242
107000100,587,457,130
107000101,187,350,-163
107000102,671,588,83
107000103,434,343,91
107000104,329,679,-350
107000105,516,197,319
107000106,385,667,-282
107000107,748,356,392
107000108,437,1348,-911
107000109,885,264,621
107000110,154,1051,-897
107000111,333,90,243
107000112,58,656,-598
107000113,733,231,502
107000114,142,1161,-1019
107000115,696,233,463
107000116,147,1539,-1392
107000117,155,602,-447
107000118,191,442,-251
107000119,3106,2016,1090
107000120,3703,715,2988
107000121,905,1113,-208
107000122,1569,1796,-227
107000123,551,1420,-869
107000124,621,1682,-1061
107000125,905,1330,-425
107000126,1195,1357,-162
107000127,51,608,-557
107000129,399,284,115
107000130,539,485,54
107000131,772,607,165
107000132,819,590,229
107000133,1050,189,861
107000134,560,4,556
107000135,2,524,-522
107000136,1083,8,1075
107000137,14,680,-666
107000138,585,32,553
107000139,39,770,-731
107000140,2141,202,1939
107000141,238,1365,-1127
107000142,516,149,367
107000143,101,1511,-1410
107000144,755,764,-9
107000145,223,1058,-835
107000146,303,605,-302
107000147,4861,1417,3444
107000150,1600,6210,-4610
107000151,102,155,-53
107000152,1134,1438,-304
107000153,874,722,152
107000154,312,242,70
107000155,1402,77,1325
107000156,1605,47,1558
107000157,116,3331,-3215
107000158,631,43,588
107000159,54,1901,-1847
107000160,1026,272,754
107000161,130,2773,-2643
107000162,280,997,-717
107000163,198,4,194
107000164,615,6,609
107000165,995,5,990
107000166,69,2271,-2202
107000167,947,417,530
107000168,1254,764,490
107000169,1374,1494,-120
107000170,2744,1197,1547
107000171,960,3728,-2768
107000172,1195,2104,-909
107000173,956,2199,-1243
107000174,1319,8333,-7014
107000175,14734,3297,11437
107000176,2,0,2
107000177,9,1,8
107000178,14,137,-123
107000179,317,4239,-3922
107000180,1609,604,1005
107000181,454,2157,-1703
107000182,1977,1490,487
107000183,131,1574,-1443
107000184,1069,1224,-155
107000185,679,2350,-1671
107000186,1828,636,1192
107000187,1845,2418,-573
107000188,888,864,24
107000189,554,1720,-1166
107000190,834,1396,-562
107000191,920,1652,-732
107000192,2175,1640,535
107000193,678,743,-65
107000194,1563,1337,226
107000197,1137,380,757
107000198,404,1129,-725
107000199,1034,1403,-369
107000200,2158,1177,981
107000201,707,449,258
107000202,477,885,-408
107000203,1816,1148,668
107000204,2303,1059,1244
107000205,3524,2169,1355
107000206,2192,2362,-170
107000207,1513,2096,-583
107000208,2785,981,1804
107000209,3774,1745,2029
107000210,1492,726,766
107000211,8,65,-57
107000212,30,805,-775
107000213,16,67,-51
107000214,25,419,-394
107000215,879,821,58
107000216,550,774,-224
107000217,235,236,-1
107000219,95,208,-113
107000220,267,484,-217
107000222,439,1409,-970
107000224,688,119,569
107000225,475,1177,-702
107000226,493,110,383
107000227,143,751,-608
107000228,184,283,-99
107000229,664,527,137
107000230,2023,914,1109
107000231,2779,1664,1115
107000232,171,132,39
107000233,2047,1247,800
107000234,5,80,-75
107000235,93,6,87
107000236,25,1395,-1370
107000237,44,3,41
107000238,24,6,18
107000239,8615,1066,7549
107000240,121,1736,-1615
107000241,194,34,160
107000242,1230,85,1145
107000243,1,158,-157
107000244,8,123,-115
107000246,6,1976,-1970
107000249,12,1678,-1666
107000251,1,437,-436
107000252,9,1953,-1944
107000255,1231,163,1068
107000257,2,828,-826
107000258,2,257,-255
107000259,4,348,-344
107000260,652,12,640
107000262,17,1115,-1098
107000263,287,6,281
107000266,20,15,5
107000267,110,252,-142
107000268,275,296,-21
107000269,871,51,820
107000270,1,25,-24
107000271,28,1260,-1232
107000272,20,295,-275
107000273,4,371,-367
107000274,6587,763,5824
107000275,313,2105,-1792
107000280,813,60,753
107000281,72,1643,-1571
107000282,143,1609,-1466
107000290,3,52,-49
107000291,31,39,-8
107000292,11,120,-109
107000293,449,3,446
107000294,0,51,-51
107000295,117,6,111
107000296,1,44,-43
107000444,609,28,581
107000496,0,63,-63
107000497,2067,4606,-2539
107000500,705,566,139
107000501,140,298,-158
107000502,763,626,137
107000505,1033,1415,-382
107000506,4,34,-30
107000508,13,1051,-1038
107000509,428,1410,-982
107000510,62,49,13
107000514,85,578,-493
107000515,33,455,-422
107000516,327,413,-86
107000518,1535,1460,75
107000519,5619,1981,3638
107000520,118,37,81
107900001,38,269,-231
107900002,68,4,64
107900003,322,27,295
107900004,82,0,82
107900005,1365,6,1359
107900006,225,1,224
107900007,370,74,296
107900008,118,65,53
107900009,334,19,315
107900010,35,2,33
107900012,391,30,361
107900013,367,93,274
107900014,38,14,24
107900015,1114,20,1094
107900016,959,153,806
107900017,31,7,24
107900018,102,184,-82
107900019,17,88,-71
107900020,177,15,162
107900021,83,291,-208
107900023,17,14,3
107900024,2,58,-56
107900025,330,514,-184
107900026,54,159,-105
107900027,117,82,35
107900028,64,166,-102
107900030,250,38,212
107900031,72,302,-230
107900032,18,7,11
107900033,26,14,12
107900034,572,15,557
107900035,1047,73,974
107900036,71,19,52
107900037,1,66,-65
107900038,219,313,-94
107900039,19,121,-102
107900040,116,455,-339
107900041,3,2,1
107900043,39,303,-264
107900044,28,14,14
107900045,134,39,95
107900046,156,203,-47
107900047,26,134,-108
107900048,278,17,261
107900049,642,2521,-1879
107900050,165,650,-485
107900051,133,129,4
107900052,35,41,-6
107900053,39,148,-109
107900055,1115,451,664
107900056,236,67,169
107900057,4,0,4
107900058,60,1313,-1253
107900060,49,60,-11
107900061,23,8,15
107900063,161,203,-42
107900064,608,131,477
107900065,198,18,180
107900066,12,13,-1
107900067,0,0,0
107900068,336,487,-151
107900069,62,2375,-2313
107900070,174,58,116
107900071,63,1778,-1715
107900072,123,361,-238
107900073,93,214,-121
107900074,1332,272,1060
107900076,153,103,50
107900077,61,1,60
107900078,424,58,366
107900079,12,20,-8
107900080,293,580,-287
107900081,31,210,-179
107900082,50,30,20
107900083,501,180,321
107900084,170,179,-9
107900086,43,190,-147
107900087,997,164,833
107900088,27,31,-4
107900089,523,2069,-1546
107900090,1065,3645,-2580
107900091,356,847,-491
107900092,3124,815,2309
107900093,146,118,28
107900095,5130,2829,2301
107900097,65,114,-49
107900098,62,198,-136
107900100,1586,1644,-58
107900101,1835,327,1508
107900102,32,2,30
107900103,90,280,-190
107900104,279,8,271
107900105,0,650,-650
107900106,10,2227,-2217
107900107,2527,595,1932
107900108,575,178,397
107900109,1309,12,1297
107900110,49,184,-135
107900111,9,1647,-1638
107900112,139,556,-417
107900113,257,241,16
107900114,145,352,-207
107900115,8,90,-82
107900116,140,333,-193
107900117,511,729,-218
107900118,86,261,-175
107900119,164,350,-186
107900120,35,19,16
107900121,7,220,-213
107900122,5,112,-107
107900123,7,43,-36
107900124,40,55,-15
107900125,52,305,-253
107900126,13,61,-48
107900127,738,341,397
107900128,178,146,32
107900129,71,62,9
107900130,84,71,13
107900131,1094,283,811
107900132,151,722,-571
107900133,2,143,-141
107900134,48,63,-15
107900135,7,288,-281
107900136,48,47,1
107900137,192,206,-14
107900138,62,64,-2
107900139,29,86,-57
107900140,128,87,41
107900141,83,130,-47
107900142,120,1854,-1734
107900143,94,71,23
107900144,2,234,-232
107900145,24,179,-155
107900146,48,251,-203
107900147,69,37,32
107900148,265,276,-11
107900149,2791,418,2373
107900150,137,1521,-1384
107900151,27,199,-172
107900152,23,425,-402
107900153,304,478,-174
107900154,76,18,58
107900155,81,70,11
107900156,7,507,-500
107900157,88,98,-10
107900158,982,20,962
107900159,52,1846,-1794
107900160,131,253,-122
107900161,28,384,-356
107900162,1,323,-322
107900163,138,160,-22
107900164,7,53,-46
107900165,18,108,-90
107900166,40,404,-364
107900167,59,43,16
107900168,25,54,-29
107900169,0,248,-248
107900171,33,3292,-3259
107900172,11,513,-502
107900173,16,311,-295
107900174,111,5,106
107900175,15,22,-7
107900176,39,70,-31
107900177,2,449,-447
107900178,2,411,-409
107900179,61,255,-194
107900180,1580,608,972
107900181,478,525,-47
107900182,7,2404,-2397
107900183,67,499,-432
107900184,111,341,-230
107900185,128,6,122
107900186,24,65,-41
107900187,1,259,-258
107900188,1285,214,1071
107900189,28,175,-147
107900190,150,155,-5
107900191,124,207,-83
107900193,34,55,-21
107900194,326,10,316
107900195,6724,865,5859
107900196,108,97,11
107900197,1775,437,1338
107900199,3,1469,-1466
107900201,132,221,-89
107900203,43,109,-66
107900204,288,466,-178
107900205,294,724,-430
107900206,991,296,695
107900207,1,1056,-1055
107900208,13,1071,-1058
107900209,567,222,345
107900210,107,231,-124
107900213,1295,1000,295
107900214,19,251,-232
107900215,213,467,-254
107900216,169,161,8
107900217,71,114,-43
107900218,41,2580,-2539
107900219,24,234,-210
107900220,306,314,-8
107900221,302,327,-25
107900223,134,1054,-920
107900224,197,532,-335
107900225,8,1375,-1367
107900226,109,250,-141
107900227,239,755,-516
107900228,18,133,-115
107900229,6,549,-543
107900230,10,223,-213
107900231,21,411,-390
107900232,59,318,-259
107900233,4,210,-206
107900234,119,217,-98
107900235,70,161,-91
107900236,93,113,-20
107900237,107,753,-646
107900238,40,205,-165
107900239,1923,725,1198
107900240,31,207,-176
107900241,35,160,-125
107900242,26,492,-466
107900243,7,67,-60
107900244,433,3,430
107900245,679,90,589
107900246,375,9,366
107900248,557,848,-291
107900249,836,32,804
107900250,4,1074,-1070
107900251,81,2551,-2470
107900252,1399,29,1370
107900253,192,9,183
107900254,117,560,-443
107900255,518,78,440
107900256,2614,1479,1135
107900257,253,167,86
107900258,96,581,-485
107900259,131,2228,-2097
107900261,12,729,-717
107900262,73,251,-178
107900264,434,16,418
107900265,362,380,-18
107900267,279,26,253
107900268,86,11,75
107900269,0,10,-10
107900270,0,0,0
107900271,6,22,-16
107900272,206,14,192
107900273,31,141,-110
107900274,73,0,73
107900275,19,0,19
107900276,2,132,-130
107900277,4,402,-398
107900278,314,522,-208
107900279,213,183,30
107900280,3075,3546,-471
107900281,5849,3186,2663
107900282,174,559,-385
107900283,2554,862,1692
107900284,621,1226,-605
107900285,123,195,-72
107900286,234,200,34
107900287,269,343,-74
107900290,2,122,-120
107900291,601,17,584
107900292,175,407,-232
107900293,86,952,-866
107900295,56,152,-96
107900297,3,523,-520
107900298,1218,1340,-122
107900299,5862,3201,2661
107900300,81,390,-309
107900301,942,707,235
107900302,148,34,114
107900303,213,511,-298
107900304,328,903,-575
107900305,315,13,302
107900306,19,18,1
107900307,66,356,-290
107900308,283,146,137
107900309,235,3,232
107900310,493,7,486
107900311,23,361,-338
107900312,187,1,186
107900313,4,178,-174
107900314,0,85,-85
107900315,0,93,-93
107900316,79,3,76
107900317,171,26,145
107900318,15,271,-256
107900319,5,444,-439
107900320,2,300,-298
107900321,208,4,204
107900322,2,283,-281
107900323,7,362,-355
107900324,246,2,244
107900325,99,0,99
107900326,389,587,-198
107900327,1,101,-100
107900328,191,3,188
107900329,355,112,243
107900330,9,738,-729
107900331,259,41,218
107900332,236,64,172
107900333,81,9,72
107900334,17,392,-375
107900335,78,113,-35
107900336,58,57,1
107900337,2382,1021,1361
107900338,7,279,-272
107900339,4,48,-44
107900340,5,90,-85
107900341,63,3,60
107900342,141,177,-36
107900343,126,2,124
107900344,19,225,-206
107900345,168,40,128
107900346,43,0,43
107900347,55,6,49
107900348,36,2,34
107900349,25,7,18
107900350,45,418,-373
108000001,3400,6219,-2819
108000002,3586,5174,-1588
108000003,6197,3902,2295
108000004,25699,27461,-1762
108000005,10800,6966,3834
108000006,12611,12310,301
108000007,7192,6174,1018
108000008,8437,10471,-2034
108000009,5227,6063,-836
108000010,5985,8642,-2657
108000011,15529,17906,-2377
108000012,28755,29126,-371
108000014,1402,942,460
108000015,749,468,281
108000016,320,920,-600
108000017,1191,563,628
108000018,2273,959,1314
108000019,4042,1206,2836
108000020,2054,818,1236
108000021,626,2800,-2174
108000022,784,2547,-1763
108000023,1624,347,1277
108000024,303,1037,-734
108000025,306,464,-158
108000026,603,798,-195
108000027,762,759,3
108000028,529,362,167
108000029,584,755,-171
108000030,920,309,611
108000031,391,836,-445
108000032,1616,840,776
108000033,948,2001,-1053
108000034,2260,702,1558
108000035,1455,3974,-2519
108000036,457,2209,-1752
108000037,2031,527,1504
108000038,3016,721,2295
108000039,762,4077,-3315
108000040,2321,1325,996
108000041,960,4459,-3499
108000042,549,314,235
108000043,250,602,-352
108000044,1336,276,1060
108000045,384,2449,-2065
108000046,1569,545,1024
108000047,668,1826,-1158
108000048,268,643,-375
108000049,856,423,433
108000050,113,767,-654
108000051,316,167,149
108000052,431,1203,-772
108000053,454,246,208
108000054,757,1826,-1069
108000055,1670,682,988
108000056,1575,1807,-232
108000057,1005,1420,-415
108000058,2724,4996,-2272
108000059,5660,3508,2152
108000060,277,587,-310
108000061,211,489,-278
108000062,910,759,151
108000063,593,1068,-475
108000064,252,406,-154
108000065,806,1158,-352
108000066,3147,1292,1855
108000067,2585,977,1608
108000068,1047,586,461
108000069,378,1747,-1369
108000070,2276,1102,1174
108000071,1051,2842,-1791
108000072,1886,1742,144
108000073,2271,3159,-888
108000074,512,584,-72
108000075,468,1346,-878
108000076,1050,823,227
108000077,1065,1078,-13
108000078,2326,2140,186
108000079,1270,2894,-1624
108000080,1292,886,406
108000081,721,3878,-3157
108000082,1559,3375,-1816
108000083,2675,1362,1313
108000084,571,2071,-1500
108000085,754,594,160
108000086,1243,1420,-177
108000087,202,2597,-2395
108000088,359,16,343
108000089,710,554,156
108000090,675,254,421
108000091,250,1028,-778
108000092,193,139,54
108000093,246,1556,-1310
108000094,858,220,638
108000095,264,897,-633
108000096,329,277,52
108000097,289,1070,-781
108000098,1952,2457,-505
108000099,400,147,253
108000100,67,363,-296
108000101,1609,1971,-362
108000102,2120,3948,-1828
108000106,1309,2,1307
108000107,2,1246,-1244
108000108,938,61,877
108000109,14,1458,-1444
108000110,208,486,-278
108000111,284,1423,-1139
108000112,102,223,-121
108000113,956,489,467
108000115,596,688,-92
108000117,1344,604,740
108000118,298,319,-21
108000119,1150,638,512
108000120,151,1191,-1040
108000121,250,930,-680
108000122,608,582,26
108000123,860,471,389
108000124,305,964,-659
108000125,426,466,-40
108000126,181,873,-692
108000127,507,555,-48
108000128,717,949,-232
108000129,408,1859,-1451
108000130,479,455,24
108000131,1226,645,581
108000132,2904,2475,429
108000133,1124,846,278
108000134,768,948,-180
108000135,1394,630,764
108000136,1434,1524,-90
108000137,433,788,-355
108000138,399,1783,-1384
108000139,564,675,-111
108000140,92,50,42
108000141,48,256,-208
108000142,96,210,-114
108000143,21,71,-50
108000144,33,22,11
108000145,79,83,-4
108000146,54,24,30
108000147,60,108,-48
108000148,66,31,35
108000149,39,56,-17
108000150,43,9,34
108000151,111,26,85
108000152,163,970,-807
108000153,450,173,277
108000154,74,27,47
108000155,29,32,-3
108000156,534,194,340
108000157,294,1210,-916
108000158,174,900,-726
108000159,1000,303,697
108000160,7620,1537,6083
108000161,7796,3303,4493
108000165,7,287,-280
108000172,2,371,-369
108000173,4160,2901,1259
108000175,262,210,52
108000178,714,618,96
108000179,414,949,-535
108000181,96,42,54
108000182,234,31,203
108000183,124,59,65
108000184,1984,2813,-829
108000185,404,1005,-601
108000186,151,73,78
108000187,123,1161,-1038
108000188,565,343,222
108000189,1150,1981,-831
108000190,30,188,-158
108000192,291,1006,-715
108000193,1590,85,1505
108000194,46,27,19
108000195,3,2314,-2311
108000196,315,238,77
108000198,752,561,191
108000199,0,219,-219
108000200,358,986,-628
108000202,2,305,-303
108000203,121,1417,-1296
108000204,128,63,65
108000205,435,817,-382
108000339,2399,573,1826
108000364,215,476,-261
108000365,106,544,-438
108000367,381,602,-221
108000368,13,76,-63
108000369,1895,239,1656
108000371,2,975,-973
108000372,638,12,626
108000373,240,291,-51
108000376,92,29,63
108000377,470,524,-54
108000378,13622,15493,-1871
108000379,33,286,-253
108000381,49,13,36
108000382,102,0,102
108000383,0,114,-114
108900001,179,1683,-1504
108900002,407,131,276
108900003,471,1582,-1111
108900004,369,482,-113
108900005,88,476,-388
108900006,1085,245,840
108900007,248,283,-35
108900008,115,222,-107
108900009,123,159,-36
108900010,147,272,-125
108900011,508,528,-20
108900012,377,653,-276
108900013,131,366,-235
108900014,4,138,-134
108900015,1,32,-31
108900016,2,392,-390
108900017,335,279,56
108900018,115,738,-623
108900019,59,1930,-1871
108900020,55,335,-280
108900021,149,443,-294
108900022,32,405,-373
108900023,290,30,260
108900024,28,166,-138
108900025,94,234,-140
108900026,40,147,-107
108900028,92,663,-571
108900029,73,407,-334
108900031,109,736,-627
108900032,29,437,-408
108900034,0,320,-320
108900035,437,2228,-1791
108900036,239,496,-257
108900037,147,786,-639
108900039,1,721,-720
108900040,10,193,-183
108900041,8505,4159,4346
108900042,16,535,-519
108900043,115,791,-676
108900045,59,1011,-952
108900046,6,183,-177
108900047,0,104,-104
108900048,133,1622,-1489
108900049,8839,1687,7152
108900050,1,382,-381
108900051,3,371,-368
108900052,34,486,-452
108900053,169,220,-51
108900054,128,457,-329
108900055,106,1009,-903
108900056,1,277,-276
108900057,0,336,-336
108900058,25,653,-628
108900059,491,48,443
108900060,181,186,-5
108900061,88,52,36
108900062,7,476,-469
108900063,21,613,-592
108900064,201,127,74
108900065,23,503,-480
108900066,312,198,114
108900067,47,299,-252
108900068,2,185,-183
108900069,75,177,-102
108900070,78,236,-158
108900071,125,76,49
108900072,4073,795,3278
108900073,13,116,-103
108900074,164,813,-649
108900075,81,83,-2
108900076,285,116,169
108900077,178,218,-40
108900078,21,302,-281
108900079,1260,479,781
108900080,48,1076,-1028
108900081,50,509,-459
108900082,73,156,-83
108900083,31,390,-359
108900084,654,242,412
108900085,3544,330,3214
108900086,144,397,-253
108900087,156,362,-206
108900088,1313,489,824
108900089,25,199,-174
108900090,43,566,-523
108900091,194,182,12
108900092,558,506,52
108900093,190,97,93
108900094,316,139,177
108900095,93,911,-818
108900096,570,41,529
108900097,608,370,238
108900098,5211,925,4286
108900099,388,501,-113
108900100,71,248,-177
108900101,271,168,103
108900102,240,1243,-1003
108900103,123,116,7
108900104,217,715,-498
108900105,6,1500,-1494
108900106,431,634,-203
108900108,540,86,454
108900109,110,33,77
108900110,278,773,-495
108900111,490,1018,-528
108900112,258,22,236
108900113,55,80,-25
108900114,23,17,6
108900115,107,144,-37
108900116,74,34,40
108900117,191,12,179
108900119,239,44,195
108900120,188,256,-68
108900121,579,127,452
108900122,149,56,93
108900123,186,117,69
108900124,425,252,173
108900126,147,50,97
108900127,193,47,146
108900128,117,36,81
108900129,908,206,702
108900131,547,27,520
108900132,472,95,377
108900133,268,94,174
108900134,290,422,-132
108900135,164,10,154
108900137,220,3,217
108900138,782,40,742
108900139,667,105,562
108900140,255,383,-128
108900141,404,23,381
108900142,104,10,94
108900143,0,0,0
108900144,103,0,103
108900145,140,11,129
108900146,91,4,87
108900147,225,1,224
108900148,106,75,31
108900149,869,657,212
108900150,326,13,313
108900151,226,6,220
108900152,171,92,79
108900153,158,678,-520
108900154,6230,657,5573
108900155,312,159,153
108900156,86,10,76
108900157,24,981,-957
108900158,441,57,384
108900159,6,522,-516
108900160,23,410,-387
108900161,22,808,-786
108900162,73,3,70
108900163,8,321,-313
108900164,65,93,-28
108900165,246,133,113
108900167,3343,7007,-3664
108900168,13900,3481,10419
108900169,43,272,-229
108900171,15772,3829,11943
108900172,252,64,188
108900173,282,683,-401
108900174,786,805,-19
108900176,230,736,-506
108900177,13376,8924,4452
108900178,8483,4318,4165
108900179,1044,2085,-1041
108900180,206,322,-116
108900182,133,526,-393
108900183,341,352,-11
108900184,602,343,259
108900185,150,572,-422
108900186,73,562,-489
108900187,340,88,252
108900188,568,100,468
108900189,515,227,288
108900190,60,5776,-5716
108900191,321,36,285
108900192,155,359,-204
108900193,658,107,551
108900194,52,631,-579
108900195,136,588,-452
108900196,58,941,-883
108900198,0,989,-989
108900199,281,501,-220
108900200,704,520,184
108900201,637,2190,-1553
108900203,684,67,617
108900204,598,20,578
108900205,271,62,209
108900206,609,63,546
108900207,238,95,143
108900208,26,661,-635
108900209,361,1027,-666
108900210,215,378,-163
108900211,237,778,-541
108900212,1151,1965,-814
108900215,122,918,-796
108900216,712,224,488
108900217,84,0,84
108900218,222,29,193
108900219,110,11,99
108900220,55,18,37
108900221,81,220,-139
108900222,266,20,246
108900223,7,194,-187
108900224,43,288,-245
108900225,1,310,-309
108900226,477,20,457
108900227,162,362,-200
108900230,487,559,-72
108900231,50,443,-393
108900232,8,1335,-1327
108900233,547,124,423
108900234,423,182,241
108900235,370,1054,-684
108900236,79,648,-569
108900237,109,401,-292
108900240,215,147,68
108900241,42,62,-20
108900245,20,1915,-1895
108900249,173,53,120
108900250,314,177,137
108900257,327,914,-587
108900258,16,356,-340
108900259,107,137,-30
108900260,9,177,-168
108900261,214,250,-36
108900262,402,217,185
108900263,57,360,-303
108900264,631,413,218
108900265,2004,517,1487
108900266,1824,629,1195
108900267,4,135,-131
108900268,14,5,9
108900269,100,25,75
108900270,77,16,61
108900271,51,13,38
108900272,242,18,224
108900273,1327,858,469
108900274,53,125,-72
108900275,65,7,58
108900276,7,126,-119
109000001,6678,1724,4954
109000002,3448,2774,674
109000003,3636,914,2722
109000004,908,4346,-3438
109000005,3978,1285,2693
109000006,1269,3498,-2229
109000007,2166,1234,932
109000008,721,3109,-2388
109000009,5128,2456,2672
109000010,2161,7027,-4866
109000011,4251,3015,1236
109000012,2802,6527,-3725
109000013,4602,4572,30
109000014,2740,6000,-3260
109000015,4820,9022,-4202
109000016,16737,7319,9418
109000017,2903,2259,644
109000018,1600,6287,-4687
109000019,4152,2102,2050
109000020,1731,3282,-1551
109000023,398,41,357
109000024,7,296,-289
109000025,698,666,32
109000026,1664,453,1211
109000027,151,403,-252
109000028,203,204,-1
109000029,254,249,5
109000030,106,930,-824
109000031,280,258,22
109000032,206,804,-598
109000033,679,194,485
109000034,69,50,19
109000035,14,79,-65
109000036,167,596,-429
109000037,280,1625,-1345
109000038,830,671,159
109000039,1326,898,428
109000040,9953,9083,870
109000041,7802,1960,5842
109000042,1740,1876,-136
109000044,817,104,713
109000045,159,633,-474
109000046,456,128,328
109000047,126,703,-577
109000048,1534,267,1267
109000049,669,901,-232
109000050,552,384,168
109000051,603,470,133
109000052,653,2491,-1838
109000053,274,138,136
109000054,529,1336,-807
109000055,399,478,-79
109000056,450,1072,-622
109000057,862,540,322
109000058,1595,455,1140
109000059,1235,1440,-205
109000060,800,349,451
109000061,2383,1423,960
109000062,255,323,-68
109000063,451,406,45
109000064,239,325,-86
109000065,244,472,-228
109000066,455,269,186
109000067,68,553,-485
109000068,2138,7,2131
109000069,1401,63,1338
109000070,14,1501,-1487
109000071,615,120,495
109000072,179,528,-349
109000073,88,171,-83
109000074,80,355,-275
109000075,101,564,-463
109000076,66,227,-161
109000077,548,437,111
109000078,64,196,-132
109000079,164,338,-174
109000080,96,184,-88
109000081,165,958,-793
109000082,590,370,220
109000083,327,1463,-1136
109000088,178,837,-659
109000089,351,58,293
109000090,333,722,-389
109000091,368,186,182
109000092,481,829,-348
109000093,299,235,64
109000094,439,2,437
109000095,130,824,-694
109000096,751,328,423
109000097,109,194,-85
109000098,117,157,-40
109000099,950,727,223
109000100,337,876,-539
109000101,1868,1597,271
109000102,475,1434,-959
109000103,429,1272,-843
109000104,1913,1084,829
109000105,609,2310,-1701
109000106,2672,1227,1445
109000107,781,3618,-2837
109000108,2478,1127,1351
109000109,677,3388,-2711
109000110,2152,910,1242
109000111,1857,4103,-2246
109000112,566,319,247
109000113,441,324,117
109000114,266,584,-318
109000115,2039,72,1967
109000116,7,374,-367
109000117,211,145,66
109000118,14,398,-384
109000119,1175,653,522
109000120,191,1654,-1463
109000121,413,76,337
109000122,135,1563,-1428
109000123,43,134,-91
109000124,727,713,14
109000125,1090,523,567
109000126,530,1631,-1101
109000127,976,337,639
109000128,680,3290,-2610
109000129,2459,1133,1326
109000130,739,4339,-3600
109000131,985,585,400
109000132,903,3120,-2217
109000133,527,1664,-1137
109000134,1183,2470,-1287
109000135,2330,2235,95
109000136,425,638,-213
109000137,462,580,-118
109000138,741,716,25
109000139,602,702,-100
109000140,284,885,-601
109000141,588,764,-176
109000142,158,897,-739
109000143,141,123,18
109000145,135,316,-181
109000146,82,187,-105
109000148,7019,2801,4218
109000149,58,91,-33
109000150,149,299,-150
109000155,893,963,-70
109000156,2379,1197,1182
109000158,234,467,-233
109000159,271,1168,-897
109000160,1298,421,877
109000161,415,2448,-2033
109000162,2838,1286,1552
109000163,1415,3423,-2008
109000164,1631,4396,-2765
109000165,1522,1022,500
109000166,703,219,484
109000167,192,1419,-1227
109000170,57,121,-64
109000171,76,72,4
109000172,81,141,-60
109000173,25,93,-68
109000174,67,130,-63
109000175,69,200,-131
109000176,296,371,-75
109000177,25,229,-204
109000178,398,133,265
109000179,12547,5701,6846
109000180,10022,5567,4455
109000181,23,107,-84
109000182,81,79,2
109000183,45,65,-20
109000184,75,30,45
109000185,33,115,-82
109000188,879,4392,-3513
109000189,3871,1646,2225
109000190,856,794,62
109000191,357,893,-536
109000192,414,406,8
109000193,232,679,-447
109000194,299,172,127
109000195,135,697,-562
109000196,327,221,106
109000197,222,769,-547
109000198,421,113,308
109000199,182,910,-728
109000206,319,44,275
109000207,166,64,102
109000208,126,95,31
109000209,185,191,-6
109000210,207,921,-714
109000211,160,336,-176
109000214,510,996,-486
109000215,318,125,193
109000216,407,243,164
109000217,344,158,186
109000218,588,319,269
109000221,590,1807,-1217
109000222,1220,322,898
109000223,354,478,-124
109000224,64,374,-310
109000225,103,79,24
109000226,57,455,-398
109000227,1186,2239,-1053
109000228,3,664,-661
109000231,5,514,-509
109000232,277,584,-307
109000236,480,1246,-766
109000241,2869,3165,-296
109000242,2171,2565,-394
109000293,28,105,-77
109000361,136,424,-288
109000364,321,1098,-777
109000396,9,989,-980
109000397,601,10,591
109000399,160,996,-836
109000400,86,405,-319
109000403,193,901,-708
109000406,865,10,855
109000407,407,373,34
109000408,0,1517,-1517
109000410,1346,363,983
109000411,110,25,85
109900001,111,1,110
109900002,956,16,940
109900003,266,1,265
109900004,1196,349,847
109900005,25,9,16
109900006,456,444,12
109900007,889,1307,-418
109900008,1,78,-77
109900009,213,1182,-969
109900010,639,18,621
109900011,180,64,116
109900012,321,264,57
109900013,514,239,275
109900014,404,93,311
109900015,662,260,402
109900016,127,77,50
109900017,171,286,-115
109900018,295,122,173
109900019,248,109,139
109900020,42,58,-16
109900021,36,16,20
109900022,85,501,-416
109900023,32,3,29
109900024,16,3,13
109900025,15,128,-113
109900026,6,288,-282
109900027,35,51,-16
109900028,3815,954,2861
109900029,10,774,-764
109900030,81,14,67
109900031,1,210,-209
109900032,16,530,-514
109900033,4,1094,-1090
109900034,5,1,4
109900035,11,36,-25
109900036,21,134,-113
109900037,36,983,-947
109900038,92,498,-406
109900039,2,0,2
109900040,52,1017,-965
109900041,76,702,-626
109900042,93,852,-759
109900044,175,478,-303
109900045,255,90,165
109900046,15,113,-98
109900047,543,596,-53
109900048,1,121,-120
109900049,16,53,-37
109900050,4,389,-385
109900051,1,52,-51
109900052,195,560,-365
109900053,17,667,-650
109900054,770,336,434
109900055,70,476,-406
109900056,48,293,-245
109900057,12,353,-341
109900058,0,165,-165
109900059,667,184,483
109900060,527,221,306
109900061,138,482,-344
109900062,0,453,-453
109900063,10,558,-548
109900064,638,466,172
109900065,192,198,-6
109900066,445,1654,-1209
109900067,0,660,-660
109900068,113,1,112
109900069,4,69,-65
109900070,71,412,-341
109900071,0,53,-53
109900072,32,250,-218
109900073,402,1148,-746
109900074,14,76,-62
109900075,33,64,-31
109900076,25,401,-376
109900077,25,117,-92
109900078,104,446,-342
109900080,206,603,-397
109900081,65,186,-121
109900082,81,720,-639
109900083,23,114,-91
109900084,119,234,-115
109900085,322,1620,-1298
109900086,187,521,-334
109900087,413,705,-292
109900089,872,246,626
109900090,653,2191,-1538
109900091,377,142,235
109900092,3376,33,3343
109900093,1082,201,881
109900094,124,198,-74
109900095,174,431,-257
109900096,52,13,39
109900097,109,2,107
109900098,442,61,381
109900099,166,1,165
109900100,59,0,59
109900101,465,12,453
109900102,493,24,469
109900103,31,63,-32
109900104,535,1556,-1021
109900105,704,32,672
109900106,884,113,771
109900107,1106,123,983
109900108,132,1163,-1031
109900109,31,334,-303
109900110,127,823,-696
109900111,423,2127,-1704
109900112,523,1431,-908
109900113,971,537,434
109900114,1257,927,330
109900115,189,161,28
109900117,1109,243,866
109900118,351,833,-482
109900119,936,561,375
109900120,55,17,38
109900121,756,410,346
109900122,478,4,474
109900123,15,300,-285
109900124,60,1028,-968
109900125,7,350,-343
109900126,233,263,-30
109900128,290,95,195
109900130,18884,2990,15894
109900131,89,266,-177
109900132,44,273,-229
109900133,86,578,-492
109900134,86,166,-80
109900135,591,124,467
109900136,98,289,-191
109900137,105,629,-524
109900138,447,814,-367
109900140,284,551,-267
109900141,397,403,-6
109900142,1269,505,764
109900145,12,390,-378
109900146,676,60,616
109900148,54,174,-120
109900149,73,113,-40
109900150,8,113,-105
109900151,8,73,-65
109900152,0,23,-23
109900153,1,41,-40
109900154,42,0,42
109900155,57,26,31
109900157,97,355,-258
109900158,98,237,-139
109900159,226,38,188
109900160,146,97,49
109900161,356,94,262
109900162,240,126,114
109900163,1169,575,594
109900164,77,373,-296
109900165,386,24,362
109900166,7,272,-265
109900167,260,851,-591
109900168,246,891,-645
109900169,192,255,-63
109900170,552,1078,-526
109900171,219,113,106
109900172,204,309,-105
109900173,7013,3014,3999
109900174,60,269,-209
109900175,79,118,-39
109900176,154,305,-151
109900177,44,436,-392
109900178,18,226,-208
109900179,108,47,61
109900180,8,9,-1
110000001,1274,959,315
110000002,1000,1194,-194
110000003,1884,1098,786
110000004,848,1184,-336
110000005,1017,2965,-1948
110000006,934,849,85
110000007,265,292,-27
110000008,29,104,-75
110000009,105,78,27
110000010,73,103,-30
110000011,62,187,-125
110000012,1134,832,302
110000013,67,1031,-964
110000014,925,658,267
110000015,439,1136,-697
110000016,454,2269,-1815
110000017,5561,439,5122
110000018,5977,846,5131
110000019,16,231,-215
110000020,897,341,556
110000021,2097,774,1323
110000022,1949,464,1485
110000023,10,271,-261
110000024,970,811,159
110000025,288,6,282
110000026,14,924,-910
110000027,1366,756,610
110000028,1295,1203,92
110000029,735,1398,-663
110000030,341,649,-308
110000031,357,934,-577
110000032,975,717,258
110000033,439,159,280
110000034,997,1253,-256
110000035,1493,1275,218
110000036,1733,1211,522
110000037,343,1169,-826
110000038,290,1166,-876
110000039,1169,4939,-3770
110000040,551,690,-139
110000041,359,1886,-1527
110000042,141,606,-465
110000043,1037,485,552
110000044,389,323,66
110000045,1949,195,1754
110000046,6,20,-14
110000047,51,35,16
110000048,21,21,0
110000049,95,9,86
110000050,20,38,-18
110000051,94,12,82
110000052,47,46,1
110000053,372,9,363
110000054,314,494,-180
110000055,946,52,894
110000056,421,110,311
110000057,470,1156,-686
110000058,1604,1047,557
110000059,1374,806,568
110000060,987,1514,-527
110000061,1478,1172,306
110000062,1048,1216,-168
110000063,55,126,-71
110000064,106,210,-104
110000065,89,144,-55
110000066,113,81,32
110000067,132,667,-535
110000068,404,748,-344
110000069,288,171,117
110000071,119,224,-105
110000073,3,49,-46
110000075,7,205,-198
110000076,528,706,-178
110000077,730,3252,-2522
110000078,21,101,-80
110000080,419,1051,-632
110000081,47,587,-540
110000082,32,674,-642
110000083,299,896,-597
110000084,1239,1186,53
110000085,3558,2272,1286
110000086,1915,2863,-948
110000087,14,153,-139
110000088,74,361,-287
110000089,328,268,60
110000090,198,625,-427
110000091,3056,533,2523
110000092,35,159,-124
110000093,63,20,43
110000094,819,373,446
110000095,231,1037,-806
110000096,5294,2655,2639
110000097,1411,1910,-499
110000098,2724,1098,1626
110000099,1217,2649,-1432
110000100,889,1161,-272
110000101,28,630,-602
110000102,35,50,-15
110000104,409,160,249
110000105,154,342,-188
110000106,806,428,378
110000107,603,603,0
110000108,263,70,193
110000109,371,429,-58
110000110,6700,6733,-33
110000111,12404,3995,8409
110000112,1965,1347,618
110000113,990,2996,-2006
110000114,234,1002,-768
110000115,320,521,-201
110000116,85,86,-1
110000117,217,810,-593
110000118,512,401,111
110000119,256,693,-437
110000120,472,356,116
110000121,204,566,-362
110000122,421,957,-536
110000123,566,949,-383
110000124,6,1450,-1444
110000125,1477,8,1469
110000126,367,50,317
110000127,1369,166,1203
110000128,51,2492,-2441
110000129,6,827,-821
110000130,321,341,-20
110000131,139,547,-408
110000132,5,1048,-1043
110000133,77,613,-536
110000134,43,555,-512
110000135,207,78,129
110000136,83,520,-437
110000137,763,1111,-348
110000138,1022,1380,-358
110000139,1071,2447,-1376
110000140,1701,883,818
110000143,1149,553,596
110000144,7583,2479,5104
110000145,1908,1620,288
110000146,3058,1798,1260
110000147,515,1335,-820
110000148,575,610,-35
110000151,1785,851,934
110000152,1665,597,1068
110000153,126,104,22
110000154,119,48,71
110000155,3414,5302,-1888
110000156,1208,3384,-2176
110000157,2235,3080,-845
110000160,449,542,-93
110000161,182,689,-507
110000166,596,250,346
110000167,1119,800,319
110000168,1193,583,610
110000169,1027,477,550
110000170,171,121,50
110000171,843,204,639
110000172,268,1329,-1061
110000173,1644,1979,-335
110000174,322,2258,-1936
110000175,780,119,661
110000176,183,476,-293
110000177,259,1285,-1026
110000178,831,1807,-976
110000179,2232,638,1594
110000180,174,510,-336
110000181,542,639,-97
110000182,514,408,106
110000183,21350,11220,10130
110000184,2035,4360,-2325
110000185,3103,1243,1860
110000186,1318,1293,25
110000191,808,609,199
110000192,489,5,484
110000193,1067,7,1060
110000194,20,1907,-1887
110000195,497,563,-66
110000196,426,697,-271
110000197,123,328,-205
110000198,203,127,76
110000199,87,187,-100
110000200,2061,806,1255
110000201,1180,1187,-7
110000202,1784,616,1168
110000203,1048,1268,-220
110000204,12,482,-470
110000205,144,52,92
110000206,1015,2484,-1469
110000207,931,512,419
110000208,418,218,200
110000209,211,1513,-1302
110000210,1053,1106,-53
110000211,1753,1603,150
110000212,694,1765,-1071
110000213,201,126,75
110000214,225,164,61
110000215,200,886,-686
110000216,117,988,-871
110000217,344,284,60
110000218,197,850,-653
110000219,373,156,217
110000220,101,554,-453
110000221,393,125,268
110000222,63,446,-383
110000223,5,197,-192
110000224,116,37,79
110000225,301,960,-659
110000226,283,90,193
110000227,1402,1185,217
110000228,801,528,273
110000229,3,392,-389
110000230,1389,892,497
110000231,218,324,-106
110000232,320,335,-15
110000233,246,512,-266
110000234,1516,1095,421
110000235,1679,1629,50
110000236,878,1448,-570
110000237,4365,1998,2367
110000238,1522,2039,-517
110000239,2534,1997,537
110000240,0,155,-155
110000242,1,13,-12
110000243,139,240,-101
110000244,221,748,-527
110000245,43,798,-755
110000246,988,1080,-92
110000247,2035,9741,-7706
110000248,3263,3092,171
110000249,96,25,71
110000250,71,428,-357
110000251,388,1191,-803
110000252,321,421,-100
110000253,1517,971,546
110000254,876,2628,-1752
110000255,359,1861,-1502
110000256,617,412,205
110000257,1177,669,508
110000258,16,968,-952
110000259,152,31,121
110000260,35,676,-641
110000263,823,236,587
110000264,429,996,-567
110000265,1751,2949,-1198
110000266,3243,4057,-814
110000267,24,430,-406
110000268,399,794,-395
110000269,5,198,-193
110000270,74,9,65
110000271,4053,499,3554
110000272,1522,1679,-157
110000273,5542,2327,3215
110000274,420,2022,-1602
110000275,4815,847,3968
110000276,393,492,-99
110000277,376,749,-373
110000278,514,1381,-867
110000279,981,936,45
110000280,527,583,-56
110000281,56,338,-282
110000282,490,73,417
110000283,83,187,-104
110000284,96,82,14
110000285,3,592,-589
110000286,44,0,44
110000287,137,0,137
110000288,10,182,-172
110000289,731,2795,-2064
110000290,1828,895,933
110000291,10761,2241,8520
110000292,1796,6372,-4576
110000293,726,1362,-636
110000294,1060,1656,-596
110000295,181,1706,-1525
110000296,446,534,-88
110000297,3637,565,3072
110000298,280,903,-623
110000299,655,80,575
110000301,592,22,570
110000302,372,1955,-1583
110000303,755,8,747
110000304,155,473,-318
110000305,1780,31,1749
110000306,253,2826,-2573
110000307,1967,11,1956
110000308,1011,26,985
110000309,8,1932,-1924
110000310,802,101,701
110000311,25,1376,-1351
110000312,752,142,610
110000313,4583,5401,-818
110000314,4,536,-532
110000315,5808,3942,1866
110000316,937,1890,-953
110000317,1379,811,568
110000318,4,131,-127
110000319,9,31,-22
110000320,86,71,15
110000321,20,64,-44
110000322,492,887,-395
110000323,653,357,296
110000324,6357,1922,4435
110000325,4147,3903,244
110000327,1050,694,356
110000328,366,717,-351
110000333,1609,988,621
110000334,1125,2120,-995
110000335,1244,842,402
110000336,1467,1706,-239
110000337,2357,935,1422
110000338,468,329,139
110000339,385,389,-4
110000340,100,360,-260
110000341,675,719,-44
110000342,891,7,884
110000343,0,27,-27
110000344,556,285,271
110000345,603,207,396
110000346,3998,2602,1396
110000347,1612,1204,408
110000348,54,38,16
110000349,13,31,-18
110000350,71,11,60
110000351,1121,1269,-148
110000352,733,3018,-2285
110000353,5335,1082,4253
110000354,2009,5791,-3782
110000355,167,204,-37
110000356,1199,23,1176
110000357,585,18,567
110000361,30,100,-70
110000362,69,222,-153
110000363,462,186,276
110000364,300,539,-239
110000365,281,1,280
110000366,1,158,-157
110000367,736,521,215
110000368,3,107,-104
110000369,72,2,70
110000373,9,415,-406
110000374,279,8,271
110000375,241,1767,-1526
110000376,46,130,-84
110000377,125,1007,-882
110000378,37,629,-592
110000379,5222,2506,2716
110000380,102,34,68
110000383,5,1489,-1484
110000384,3603,1202,2401
110000385,3,385,-382
110000387,96,15,81
110000388,55,347,-292
110000389,1146,19,1127
110000391,663,555,108
110000396,176,202,-26
110000397,132,353,-221
110000398,3,58,-55
110000399,274,2,272
110000587,137,74,63
110000589,252,258,-6
110000640,275,138,137
110000652,50,225,-175
110000653,320,629,-309
110000654,82,83,-1
110000656,5,1021,-1016
110000674,47,47,0
110000675,50,52,-2
110000676,10,94,-84
110000679,605,1596,-991
110000682,124,265,-141
110000683,963,865,98
110000684,16,151,-135
110000685,9,31,-22
110000686,10,109,-99
110000687,44,6,38
110000688,78,1034,-956
110000689,41,94,-53
110000692,366,445,-79
110000693,501,465,36
110000694,0,293,-293
110000695,417,1032,-615
110000696,208,247,-39
110900001,383,21,362
110900002,617,700,-83
110900003,818,1469,-651
110900004,364,296,68
110900005,7048,2675,4373
110900006,25,15,10
110900007,192,35,157
110900008,16,55,-39
110900009,527,122,405
110900010,7,153,-146
110900011,19,197,-178
110900012,9,247,-238
110900013,1214,228,986
110900014,185,21,164
110900015,1416,783,633
110900016,63,247,-184
110900017,444,59,385
110900018,596,77,519
110900019,130,31,99
110900020,87,658,-571
110900021,107,1090,-983
110900022,126,585,-459
110900023,174,1184,-1010
110900024,38,847,-809
110900025,47,151,-104
110900027,47,394,-347
110900028,52,310,-258
110900029,34,728,-694
110900030,52,613,-561
110900031,4,275,-271
110900032,0,128,-128
110900033,68,435,-367
110900035,56,867,-811
110900036,151,52,99
110900037,107,46,61
110900038,2365,351,2014
110900039,9,363,-354
110900040,313,72,241
110900041,30,273,-243
110900042,199,74,125
110900043,2,283,-281
110900044,376,34,342
110900045,59,1053,-994
110900046,141,521,-380
110900047,1183,352,831
110900049,126,116,10
110900050,28,4,24
110900051,53,338,-285
110900052,5,357,-352
110900053,114,88,26
110900054,32,424,-392
110900055,35,6,29
110900056,67,188,-121
110900057,8,317,-309
110900058,323,458,-135
110900059,968,1252,-284
110900060,610,184,426
110900061,44,60,-16
110900062,184,485,-301
110900063,69,349,-280
110900064,19,1,18
110900065,405,163,242
110900066,18,166,-148
110900067,846,1270,-424
110900068,315,391,-76
110900069,7,58,-51
110900070,178,63,115
110900071,396,779,-383
110900073,2,57,-55
110900074,343,122,221
110900075,481,154,327
110900077,826,772,54
110900078,25,157,-132
110900079,3015,1283,1732
110900080,183,125,58
110900081,3,128,-125
110900082,153,367,-214
110900083,146,71,75
110900084,52,242,-190
110900085,67,703,-636
110900086,111,316,-205
110900087,436,103,333
110900088,6,1,5
110900090,62,63,-1
110900091,0,73,-73
110900093,751,149,602
110900095,62,108,-46
110900097,29,42,-13
110900098,60,222,-162
110900099,107,997,-890
110900100,0,31,-31
110900102,56,28,28
110900105,1812,790,1022
110900108,10,171,-161
110900111,630,365,265
110900112,945,16,929
110900113,815,73,742
110900115,26,141,-115
110900116,689,3735,-3046
110900118,175,3293,-3118
110900119,8538,625,7913
110900120,20,159,-139
110900121,143,18,125
110900122,473,250,223
110900125,393,514,-121
110900127,955,1582,-627
110900128,290,329,-39
110900129,577,771,-194
110900130,1483,621,862
110900131,354,62,292
110900132,330,109,221
110900133,144,384,-240
110900135,163,772,-609
110900136,371,28,343
110900137,179,1,178
110900138,2842,747,2095
110900139,165,154,11
110900140,171,13,158
110900141,16,306,-290
110900142,89,382,-293
110900143,187,127,60
110900144,5,1195,-1190
110900145,167,30,137
110900146,841,192,649
110900147,317,478,-161
110900148,13,532,-519
110900149,3,101,-98
110900150,63,23,40
110900151,1,125,-124
110900152,44,583,-539
110900153,142,73,69
111000001,662,423,239
111000002,883,983,-100
111000003,2008,1676,332
111000004,1101,1645,-544
111000005,2558,2175,383
111000006,1608,2429,-821
111000007,8871,6785,2086
111000008,5806,5605,201
111000009,511,1462,-951
111000010,1158,479,679
111000011,522,1171,-649
111000012,900,613,287
111000013,510,1718,-1208
111000014,1373,835,538
111000017,197,1107,-910
111000018,311,553,-242
111000020,3368,4080,-712
111000021,169,208,-39
111000023,96,201,-105
111000025,11241,4985,6256
111000029,73,140,-67
111000030,38,142,-104
111000031,3091,1794,1297
111000032,871,400,471
111000033,521,377,144
111000034,806,249,557
111000037,4447,1903,2544
111000038,5436,4464,972
111000039,2875,4268,-1393
111000040,2362,4714,-2352
111000041,2108,3183,-1075
111000042,8982,3984,4998
111000043,3609,3995,-386
111000044,1892,1491,401
111000045,2949,3149,-200
111000046,2547,2070,477
111000047,3509,4946,-1437
111000049,673,1020,-347
111000050,2628,2393,235
111000051,602,1731,-1129
111000052,914,2519,-1605
111000053,613,1830,-1217
111000054,526,1751,-1225
111000055,1575,3186,-1611
111000056,246,879,-633
111000057,100,1177,-1077
111000058,317,235,82
111000059,683,476,207
111000060,5217,1588,3629
111000061,705,505,200
111000062,973,404,569
111000063,2465,1476,989
111000064,665,1021,-356
111000065,1362,1432,-70
111000066,656,619,37
111000067,779,1048,-269
111000068,647,1521,-874
111000069,2442,3411,-969
111000070,3747,1835,1912
111000071,246,942,-696
111000072,987,567,420
111000073,335,1097,-762
111000074,2222,2640,-418
111000075,1178,1480,-302
111000076,620,1509,-889
111000077,1871,2234,-363
111000078,3364,1886,1478
111000079,1991,1234,757
111000080,657,1147,-490
111000081,3423,7883,-4460
111000082,831,1226,-395
111000084,1121,921,200
111000085,1576,2496,-920
111000086,6017,2047,3970
111000087,911,1235,-324
111000088,13076,3346,9730
111000089,1051,1306,-255
111000090,1804,2029,-225
111000091,1050,1048,2
111000092,1727,1601,126
111000093,823,1320,-497
111000094,2707,1367,1340
111000095,860,2978,-2118
111000096,3500,10246,-6746
111000097,8416,1620,6796
111000098,918,1972,-1054
111000099,800,3454,-2654
111000100,501,3163,-2662
111000101,704,1534,-830
111000102,278,1355,-1077
111000104,698,334,364
111000107,126,1381,-1255
111000109,827,379,448
111000110,2110,1139,971
111000111,2336,854,1482
111000112,2236,724,1512
111000113,925,1689,-764
111000114,2025,3953,-1928
111000115,11466,1891,9575
111000116,1230,1720,-490
111000117,647,1437,-790
111000118,2004,1657,347
111000119,1221,2462,-1241
111000120,508,910,-402
111000121,408,1028,-620
111000122,1022,1538,-516
111000123,1393,4683,-3290
111000124,753,4977,-4224
111000125,328,2891,-2563
111000126,139,1506,-1367
111000127,948,288,660
111000128,1769,571,1198
111000129,3439,870,2569
111000130,2290,1023,1267
111000131,1778,820,958
111000132,1410,899,511
111000133,164,181,-17
111000134,166,178,-12
111000135,37,277,-240
111000136,538,544,-6
111000138,12,19,-7
111000140,4,8,-4
111000141,344,554,-210
111000142,35,157,-122
111000143,9,86,-77
111000144,32,205,-173
111000145,1617,15,1602
111000146,85,23,62
111000147,316,61,255
111000148,387,169,218
111000149,1,48,-47
111000150,15,17,-2
111000151,5,33,-28
111000153,815,921,-106
111000154,1044,274,770
111000155,176,304,-128
111000156,677,869,-192
111000157,245,1419,-1174
111000158,1361,1117,244
111000159,5035,1093,3942
111000160,391,550,-159
111000161,27,440,-413
111000162,63,341,-278
111000163,826,1638,-812
111000164,1483,7041,-5558
111000165,1972,814,1158
111000166,2683,749,1934
111000167,245,862,-617
111000168,345,814,-469
111000169,403,938,-535
111000170,753,792,-39
111000171,787,1366,-579
111000172,158,871,-713
111000173,406,1914,-1508
111000174,231,1214,-983
111000175,56,630,-574
111000176,521,232,289
111000177,336,432,-96
111000178,1381,432,949
111000179,243,354,-111
111000180,305,571,-266
111000181,1166,493,673
111000182,233,357,-124
111000183,778,578,200
111000184,512,404,108
111000185,466,635,-169
111000186,641,384,257
111000187,145,362,-217
111000188,227,669,-442
111000189,2031,868,1163
111000190,249,703,-454
111000191,204,618,-414
111000192,373,819,-446
111000193,648,474,174
111000194,72,497,-425
111000195,136,700,-564
111000196,49,438,-389
111000197,400,266,134
111000198,543,176,367
111000199,202,250,-48
111000200,318,485,-167
111000201,502,428,74
111000202,203,287,-84
111000203,313,330,-17
111000204,480,839,-359
111000213,255,611,-356
111000214,2131,2791,-660
111000215,1260,2145,-885
111000217,1689,1523,166
111000218,1398,1408,-10
111000219,665,353,312
111000220,4639,1511,3128
111000221,1636,229,1407
111000224,4,775,-771
111000225,458,95,363
111000226,312,5,307
111000227,68,13,55
111000228,27,338,-311
111000229,66,868,-802
111000230,499,869,-370
111000231,1128,2049,-921
111000232,567,1290,-723
111000233,840,1238,-398
111000234,173,521,-348
111000239,161,401,-240
111000240,45,287,-242
111000241,80,660,-580
111000242,138,106,32
111000243,170,1239,-1069
111000244,519,192,327
111000245,1353,1078,275
111000246,475,936,-461
111000247,271,1473,-1202
111000248,783,883,-100
111000249,614,1222,-608
111000250,76,242,-166
111000251,89,223,-134
111000253,43,8,35
111000255,22,16,6
111000257,54,18,36
111000260,98,1909,-1811
111000261,1224,155,1069
111000271,47,461,-414
111000273,11311,2587,8724
111000274,1667,3682,-2015
111000275,183,141,42
111000276,345,3194,-2849
111000277,259,656,-397
111000278,908,450,458
111000291,762,8064,-7302
111000298,732,405,327
111000299,941,221,720
111000300,132,970,-838
111000302,321,169,152
111000303,113,428,-315
111000312,46,117,-71
111000315,1,128,-127
111000320,544,1144,-600
111000321,474,138,336
111000322,345,708,-363
111000323,232,24,208
111000324,402,448,-46
111000325,51,147,-96
111000326,234,509,-275
111000327,534,899,-365
111000328,302,747,-445
111000329,0,34,-34
111000330,39,36,3
111000331,23,15,8
111000332,569,2145,-1576
111000334,550,2690,-2140
111000335,874,283,591
111000337,1101,620,481
111000338,64,171,-107
111000339,477,761,-284
111000340,137,1236,-1099
111000341,1060,702,358
111000342,272,506,-234
111000344,1281,1128,153
111000345,356,58,298
111000346,36,185,-149
111000347,130,7,123
111000350,298,207,91
111000351,127,336,-209
111000352,210,261,-51
111000353,168,422,-254
111000354,787,274,513
111000355,475,1255,-780
111000358,202,2644,-2442
111000360,244,1471,-1227
111000361,168,675,-507
111000546,729,1168,-439
111000547,488,1180,-692
111000548,129,353,-224
111000549,387,849,-462
111000550,92,853,-761
111000551,976,318,658
111000552,2256,138,2118
111000907,743,42,701
111000908,27,2,25
111000916,1600,408,1192
111000917,45,698,-653
111000918,199,1796,-1597
111000920,419,18,401
111000921,4,478,-474
111000922,420,495,-75
111000924,39,1814,-1775
111000925,2418,3245,-827
111000926,1213,3554,-2341
111000927,3639,7342,-3703
111000928,7812,6249,1563
111000929,1535,1550,-15
111000930,1202,4223,-3021
111000931,2584,3315,-731
111000932,6206,4175,2031
111000933,4999,2991,2008
111000934,3887,5579,-1692
111000935,1842,1472,370
111000936,1608,3617,-2009
111000937,938,1968,-1030
111000938,2729,3465,-736
111000939,439,81,358
111000940,461,282,179
111000941,429,1074,-645
111000943,468,401,67
111000944,195,743,-548
111000945,117,3518,-3401
111001109,767,403,364
111001110,316,856,-540
111001111,62,5,57
111001112,257,5,252
111001113,0,233,-233
111001114,2212,150,2062
111001115,39,460,-421
111001116,8689,4971,3718
111001117,1058,2390,-1332
111001120,126,688,-562
111001121,215,519,-304
111001122,265,908,-643
111001123,130,162,-32
111900001,14,218,-204
111900002,26,1377,-1351
111900003,4,742,-738
111900004,58,297,-239
111900006,14,43,-29
111900007,73,2,71
111900008,212,4,208
111900009,177,326,-149
111900010,462,846,-384
111900012,174,220,-46
111900013,5,83,-78
111900014,10915,4004,6911
111900015,0,145,-145
111900016,0,151,-151
111900017,2,183,-181
111900018,255,3,252
111900019,6,174,-168
111900020,5,83,-78
111900021,39,162,-123
111900022,9,86,-77
111900023,144,74,70
111900024,4,86,-82
111900025,0,55,-55
111900026,1,128,-127
111900027,11,213,-202
111900028,2,618,-616
111900029,4,182,-178
111900030,120,665,-545
111900031,46,119,-73
111900032,4,609,-605
111900033,5,142,-137
111900034,395,897,-502
111900035,74,348,-274
111900036,3,512,-509
111900038,458,1021,-563
111900039,74,772,-698
111900040,22,1127,-1105
111900042,70,234,-164
111900043,5,679,-674
111900044,456,494,-38
111900046,70,366,-296
111900048,236,1498,-1262
111900049,42,408,-366
111900050,161,22,139
111900051,6,404,-398
111900052,522,795,-273
111900053,2343,1549,794
111900054,207,5,202
111900055,54,894,-840
111900056,448,287,161
111900057,89,93,-4
111900058,384,1201,-817
111900059,4872,614,4258
111900060,474,0,474
111900061,28,457,-429
111900062,37,50,-13
111900063,261,432,-171
111900064,185,412,-227
111900065,110,39,71
111900066,158,220,-62
111900067,3,566,-563
111900068,69,67,2
111900069,65,54,11
111900070,133,205,-72
111900071,2,458,-456
111900072,51,29,22
111900073,809,146,663
111900074,22,345,-323
111900075,66,13,53
111900076,164,55,109
111900077,38,1,37
111900078,259,15,244
111900079,52,19,33
111900080,319,320,-1
111900081,1355,289,1066
111900082,179,32,147
111900083,105,22,83
111900084,71,5,66
111900085,69,112,-43
111900086,63,3,60
111900087,60,0,60
111900088,405,3,402
111900089,60,6,54
111900090,144,86,58
111900091,194,3,191
111900092,88,0,88
111900093,392,12,380
111900094,118,0,118
111900095,221,40,181
111900096,143,2,141
111900097,51,1,50
111900098,184,2,182
111900099,64,0,64
111900100,129,8,121
111900101,107,27,80
111900102,892,1133,-241
111900103,114,97,17
111900104,158,99,59
111900105,505,211,294
111900106,3147,145,3002
111900107,108,205,-97
111900108,293,179,114
111900109,953,408,545
111900110,3951,529,3422
111900111,114,221,-107
111900112,1381,2951,-1570
111900113,427,83,344
111900114,177,186,-9
111900115,29,71,-42
111900118,357,69,288
111900119,403,158,245
111900122,104,45,59
111900123,32,72,-40
111900124,23,91,-68
111900125,521,30,491
111900126,278,6,272
111900127,3,1123,-1120
111900128,8,1002,-994
111900129,309,14,295
111900130,332,31,301
111900131,390,4,386
111900132,64,2255,-2191
111900133,17,789,-772
111900134,29,437,-408
111900135,6,37,-31
111900136,66,150,-84
111900137,64,74,-10
111900138,13,121,-108
111900139,13,127,-114
111900140,110,52,58
111900141,93,23,70
111900142,110,31,79
111900143,11,220,-209
111900144,14,230,-216
111900145,7,822,-815
111900146,4,443,-439
111900147,245,788,-543
111900148,37,1207,-1170
111900149,17,505,-488
111900150,31,265,-234
111900151,5,36,-31
111900152,130,97,33
111900153,2334,457,1877
111900154,27,277,-250
111900155,67,107,-40
111900156,33,63,-30
111900157,83,21,62
111900158,678,51,627
111900159,331,15,316
111900160,320,0,320
111900161,153,35,118
111900162,110,231,-121
111900163,38,465,-427
111900164,155,94,61
111901113,374,363,11
111901114,269,540,-271
111901115,104,4,100
111901116,51,1,50
111901117,29,37,-8
111901118,202,276,-74
111901119,1732,140,1592
111901120,157,412,-255
111901121,274,493,-219
111901122,8,851,-843
111901123,182,629,-447
111901124,164,0,164
111901125,277,304,-27
111901126,130,62,68
111901127,1337,555,782
111901128,15,198,-183
111901129,14,216,-202
111901130,19,397,-378
111901131,3,316,-313
111901132,170,14,156
111901133,95,7,88
111901134,70,2,68
111901135,28,23,5
111901136,53,55,-2
111901137,0,39,-39
111901138,189,79,110
111901139,40,108,-68
111901140,11,314,-303
111901141,14,562,-548
111901142,6,306,-300
111901143,6,289,-283
111901144,39,58,-19
111901145,118,319,-201
112000001,2630,1732,898
112000002,1095,4260,-3165
112000003,1673,1913,-240
112000004,1056,2815,-1759
112000005,3698,4122,-424
112000006,3044,4157,-1113
112000007,3261,2410,851
112000008,3571,5727,-2156
112000009,6197,6838,-641
112000010,4233,5323,-1090
112000011,3458,4280,-822
112000012,10294,5489,4805
112000013,9137,6277,2860
112000014,5088,1742,3346
112000015,4999,6008,-1009
112000016,12378,2036,10342
112000017,5364,4427,937
112000024,3511,1377,2134
112000026,7139,8849,-1710
112000027,1517,876,641
112000028,3141,2726,415
112000029,585,1316,-731
112000030,336,243,93
112000031,3025,7449,-4424
112000032,777,133,644
112000033,3726,2450,1276
112000034,407,114,293
112000035,200,649,-449
112000036,1563,1832,-269
112000037,3529,1344,2185
112000038,2416,2022,394
112000039,95,138,-43
112000040,231,373,-142
112000041,1018,776,242
112000042,2406,558,1848
112000050,1466,2709,-1243
112000051,1530,1853,-323
112000054,3768,4836,-1068
112000057,866,694,172
112000058,721,1192,-471
112000059,1195,1509,-314
112000061,6586,3632,2954
112000062,2702,1642,1060
112000063,2553,2380,173
112000064,6442,8835,-2393
112000065,3194,4025,-831
112000066,4416,2166,2250
112000067,1121,1095,26
112000068,4356,3011,1345
112000069,1239,3372,-2133
112000070,3477,1465,2012
112000071,1427,4435,-3008
112000072,2822,1503,1319
112000073,3287,3007,280
112000074,2628,1488,1140
112000075,1959,2025,-66
112000076,5085,4354,731
112000077,543,1039,-496
112000078,1961,1245,716
112000079,2075,2250,-175
112000080,1021,1445,-424
112000081,2243,3591,-1348
112000082,1987,1505,482
112000083,754,2369,-1615
112000084,1584,1428,156
112000085,1913,2028,-115
112000086,2515,2555,-40
112000087,452,719,-267
112000088,652,1104,-452
112000089,622,533,89
112000090,515,642,-127
112000091,750,1787,-1037
112000092,1877,1620,257
112000093,2255,1607,648
112000094,672,1463,-791
112000095,821,1286,-465
112000096,536,1004,-468
112000097,1405,899,506
112000098,1474,2401,-927
112000099,1065,1604,-539
112000100,1882,1489,393
112000101,663,1585,-922
112000102,1114,975,139
112000103,473,1875,-1402
112000105,615,2739,-2124
112000106,1659,627,1032
112000107,15,349,-334
112000108,396,2835,-2439
112000109,103,110,-7
112000110,2117,731,1386
112000111,2421,7258,-4837
112000112,8853,1217,7636
112000113,1653,3162,-1509
112000114,6839,1917,4922
112000115,542,890,-348
112000116,980,1893,-913
112000117,1688,1596,92
112000118,1640,1322,318
112000119,784,1296,-512
112000120,123,662,-539
112000121,198,1062,-864
112000122,300,257,43
112000123,651,210,441
112000124,339,110,229
112000125,188,303,-115
112000126,209,1141,-932
112000127,4521,3210,1311
112000128,2328,1688,640
112000129,133,200,-67
112000130,181,103,78
112000131,56,735,-679
112000132,155,385,-230
112000133,485,632,-147
112000134,666,541,125
112000135,2188,1183,1005
112000136,2250,2165,85
112000137,3711,4193,-482
112000138,3834,2283,1551
112000139,1467,657,810
112000140,1610,1613,-3
112000141,1112,461,651
112000142,271,1212,-941
112000143,1322,399,923
112000144,437,2600,-2163
112000145,2633,1069,1564
112000146,925,3214,-2289
112000147,2823,2377,446
112000148,2331,3697,-1366
112000149,491,1295,-804
112000150,219,1229,-1010
112000151,417,1050,-633
112000152,339,793,-454
112000153,286,468,-182
112000154,111,368,-257
112000155,464,178,286
112000157,2216,973,1243
112000158,347,1337,-990
112000159,528,583,-55
112000167,651,104,547
112000169,1655,644,1011
112000173,896,317,579
112000175,1094,762,332
112000176,6036,4085,1951
112000177,888,185,703
112000178,111,938,-827
112000179,293,244,49
112000180,380,550,-170
112000181,1831,2926,-1095
112000182,1314,3329,-2015
112000183,82,76,6
112000184,407,1145,-738
112000185,559,942,-383
112000187,6522,4235,2287
112000195,328,37,291
112000196,360,4,356
112000197,210,152,58
112000198,44,507,-463
112000199,1445,1576,-131
112000202,383,1,382
112000216,74,391,-317
112000230,99,9,90
112000231,1,357,-356
112000256,107,373,-266
112000313,283,352,-69
112000314,103,45,58
112000337,442,969,-527
112000352,520,563,-43
112000392,2662,2740,-78
112000398,1545,1341,204
112000399,13083,4148,8935
112000400,2837,6586,-3749
112000401,4293,4629,-336
112000402,3631,3611,20
112000403,7003,4628,2375
112000404,809,1102,-293
112000405,2141,4118,-1977
112000406,5651,4973,678
112000407,7433,11648,-4215
112000408,12954,12086,868
112000409,2562,8733,-6171
112000410,784,316,468
112000411,8804,2762,6042
112000412,2128,888,1240
112000413,16643,6442,10201
112000414,145,165,-20
112000415,149,109,40
112000416,2629,2139,490
112000417,300,112,188
112000421,61,303,-242
112000422,577,1085,-508
112000424,5543,4465,1078
112000425,600,1534,-934
112000426,192,546,-354
112000427,5,37,-32
112000428,247,842,-595
112000429,4651,5840,-1189
112000430,5879,5542,337
112000431,95,237,-142
112000432,847,2780,-1933
112000433,867,2102,-1235
112000437,84,366,-282
112900001,75,2,73
112900002,430,1785,-1355
112900003,46,581,-535
112900004,61,492,-431
112900005,252,306,-54
112900006,13,730,-717
112900007,50,330,-280
112900008,2,63,-61
112900009,591,137,454
112900010,384,1184,-800
112900011,397,504,-107
112900012,1,85,-84
112900013,8,409,-401
112900014,3,487,-484
112900015,605,1552,-947
112900016,5,473,-468
112900017,91,474,-383
112900018,2,499,-497
112900019,124,326,-202
112900020,643,2425,-1782
112900021,5,322,-317
112900022,17,161,-144
112900023,0,319,-319
112900024,52,474,-422
112900025,191,674,-483
112900026,6,426,-420
112900027,14,1979,-1965
112900028,36,282,-246
112900029,6,1124,-1118
112900030,351,316,35
112900031,4,910,-906
112900032,237,534,-297
112900034,3,114,-111
112900035,9,696,-687
112900036,75,285,-210
112900037,366,212,154
112900038,732,250,482
112900039,18,507,-489
112900040,4,899,-895
112900041,2648,2106,542
112900042,82,788,-706
112900043,34,91,-57
112900044,1069,820,249
112900045,653,569,84
112900046,371,140,231
112900047,40,41,-1
112900049,172,144,28
112900050,131,1064,-933
112900051,433,1424,-991
112900052,39,1767,-1728
112900053,618,287,331
112900054,453,71,382
112900055,265,40,225
112900056,614,301,313
112900057,37,1167,-1130
112900058,370,401,-31
112900059,213,286,-73
112900060,33,510,-477
112900061,141,255,-114
112900062,92,229,-137
112900063,154,23,131
112900064,280,348,-68
112900065,82,49,33
112900066,269,182,87
112900067,891,295,596
112900068,58,37,21
112900069,4431,1235,3196
112900071,46,4,42
112900072,500,2463,-1963
112900073,947,114,833
112900074,127,293,-166
112900075,3613,1267,2346
112900076,155,26,129
112900078,436,596,-160
112900079,366,28,338
112900080,45,5,40
112900081,40,254,-214
112900082,548,24,524
112900083,162,93,69
112900084,294,136,158
112900085,0,15,-15
112900086,55,2,53
112900087,886,239,647
112900088,133,28,105
112900089,1046,27,1019
112900090,61,19,42
112900091,231,2,229
112900092,302,384,-82
112900093,2345,32,2313
112900094,177,6,171
112900095,32,1,31
112900096,402,264,138
112900097,126,749,-623
112900098,296,6,290
112900099,845,11,834
112900100,64,1,63
112900101,235,2,233
112900102,523,21,502
112900103,235,3,232
112900104,10,1,9
112900105,23,1,22
112900106,555,235,320
112900107,4,1,3
112900108,49,0,49
112900109,90,0,90
112900110,1106,12,1094
112900111,754,7,747
112900112,480,1,479
112900113,0,26,-26
112900114,119,98,21
112900115,1121,9,1112
112900116,87,38,49
112900117,183,181,2
112900118,46,155,-109
112900119,276,8,268
112900120,1112,388,724
112900121,495,352,143
112900122,37,231,-194
112900123,253,25,228
112900124,23,238,-215
112900125,145,912,-767
112900126,290,381,-91
112900127,479,107,372
112900128,663,1301,-638
112900129,5,1711,-1706
112900130,349,115,234
112900131,94,316,-222
112900132,152,708,-556
112900133,50,2178,-2128
112900134,0,462,-462
112900135,113,80,33
112900136,0,61,-61
112900137,5,1114,-1109
112900138,9,794,-785
112900139,457,2061,-1604
112900140,0,118,-118
112900141,1178,73,1105
112900142,124,235,-111
112900143,57,1034,-977
112900144,5,482,-477
112900145,52,781,-729
112900146,15,2216,-2201
112900147,10,3471,-3461
112900148,89,1,88
112900149,269,903,-634
112900151,28,78,-50
112900152,6690,1609,5081
112900153,3241,2905,336
112900154,1,149,-148
112900155,373,30,343
112900156,473,2718,-2245
112900157,236,16,220
112900158,87,28,59
112900159,342,93,249
112900160,53,587,-534
112900161,152,37,115
112900162,57,37,20
112900163,225,45,180
112900164,59,262,-203
112900165,222,54,168
112900166,59,104,-45
112900167,6,76,-70
112900168,8,4,4
112900169,13,14,-1
112900170,60,174,-114
112900172,126,20,106
112900173,371,258,113
112900174,395,65,330
112900175,215,305,-90
112900176,11,40,-29
112900177,295,75,220
112900178,1221,4303,-3082
112900179,59,733,-674
112900180,3687,2905,782
112900181,675,8,667
112900182,56,2066,-2010
112900183,269,528,-259
112900184,900,742,158
112900185,665,1032,-367
112900186,3065,1895,1170
112900187,157,843,-686
112900188,1204,1074,130
112900189,38,81,-43
112900190,182,96,86
112900192,939,1090,-151
112900193,2131,715,1416
112900194,75,219,-144
112900195,2201,68,2133
112900196,406,894,-488
112900197,337,671,-334
112900199,644,1034,-390
112900200,763,503,260
112900201,57,172,-115
112900202,422,1696,-1274
112900203,263,595,-332
112900204,1499,784,715
112900205,10,30,-20
112900206,31,113,-82
112900207,13,0,13
112900208,110,294,-184
112900209,684,699,-15
112900210,3,34,-31
112900211,215,136,79
112900212,0,133,-133
112900213,34,8,26
112900214,76,3,73
112900215,12,381,-369
112900216,53,163,-110
112900217,1,86,-85
112900218,55,28,27
112900219,70,21,49
112900220,11,1,10
112900221,48,324,-276
112900222,3,61,-58
112900223,1902,30,1872
112900224,286,1128,-842
112900225,477,906,-429
112900226,415,671,-256
112900227,541,2061,-1520
112900228,32,52,-20
112900229,226,81,145
112900230,13841,7504,6337
112900232,352,345,7
112900233,107,312,-205
112900234,15,178,-163
112900235,163,45,118
112900236,218,19,199
112900237,182,570,-388
112900238,4,55,-51
112900239,694,347,347
113000001,8933,14597,-5664
113000002,6530,7419,-889
113000003,3384,6216,-2832
113000004,3823,5286,-1463
113000005,3262,2455,807
113000006,2673,3166,-493
113000007,3469,2797,672
113000008,3457,3779,-322
113000009,1628,1870,-242
113000010,1826,3218,-1392
113000011,1379,2515,-1136
113000012,2317,1998,319
113000013,2341,1263,1078
113000014,2406,2327,79
113000015,1119,445,674
113000016,1182,1265,-83
113000017,150,438,-288
113000018,692,172,520
113000019,299,302,-3
113000020,239,72,167
113000021,5244,1113,4131
113000022,1143,2273,-1130
113000025,202,633,-431
113000026,861,822,39
113000027,3998,739,3259
113000028,3878,826,3052
113000029,1545,992,553
113000030,813,1161,-348
113000031,393,537,-144
113000032,483,503,-20
113000033,612,685,-73
113000034,648,761,-113
113000035,73,98,-25
113000036,73,105,-32
113000037,165,95,70
113000038,11,89,-78
113000039,131,1477,-1346
113000040,87,121,-34
113000042,1490,1174,316
113000051,1390,4431,-3041
113000052,3725,2823,902
113000053,662,1056,-394
113000054,511,1947,-1436
113000055,1799,1569,230
113000056,1263,1987,-724
113000058,1281,1371,-90
113000059,2003,1206,797
113000060,333,864,-531
113000061,1230,1624,-394
113000062,2211,446,1765
113000063,170,537,-367
113000064,50,841,-791
113000065,208,1940,-1732
113000066,922,236,686
113000067,2282,2643,-361
113000068,520,3444,-2924
113000069,885,2394,-1509
113000070,3100,1905,1195
113000071,538,1383,-845
113000072,875,868,7
113000073,1178,2943,-1765
113000074,1574,1009,565
113000075,3808,1290,2518
113000076,2323,3110,-787
113000077,2251,1009,1242
113000078,1606,4735,-3129
113000079,1692,1576,116
113000080,1332,1099,233
113000081,1634,1707,-73
113000082,2615,1492,1123
113000083,1021,1537,-516
113000084,3075,2100,975
113000085,1364,1271,93
113000086,2036,2361,-325
113000087,1441,1560,-119
113000088,5575,2642,2933
113000089,1564,2829,-1265
113000090,561,1117,-556
113000091,1142,609,533
113000094,2486,330,2156
113000095,618,1639,-1021
113000096,286,1546,-1260
113000097,2351,539,1812
113000098,250,60,190
113000099,2637,591,2046
113000100,227,814,-587
113000101,807,970,-163
113000102,1082,601,481
113000103,5198,1083,4115
113000104,734,5929,-5195
113000105,1581,872,709
113000106,892,1169,-277
113000107,1484,1614,-130
113000108,1832,2614,-782
113000109,1283,10571,-9288
113000110,2874,1041,1833
113000111,466,2275,-1809
113000112,411,585,-174
113000113,3407,604,2803
113000114,500,4061,-3561
113000116,1388,476,912
113000117,1832,178,1654
113000118,416,1060,-644
113000119,389,673,-284
113000120,125,444,-319
113000121,1348,1812,-464
113000124,478,257,221
113000125,136,1168,-1032
113000127,5441,773,4668
113000128,931,1144,-213
113000129,972,2407,-1435
113000133,6657,3469,3188
113000134,26,2211,-2185
113000135,4757,6822,-2065
113000137,3680,5009,-1329
113000139,766,310,456
113000140,249,518,-269
113000141,710,374,336
113000142,1311,2541,-1230
113000143,416,288,128
113000144,477,1432,-955
113000145,97,295,-198
113000146,172,132,40
113000147,330,245,85
113000148,241,236,5
113000149,119,271,-152
113000150,963,767,196
113000151,208,147,61
113000152,78,306,-228
113000153,2914,972,1942
113000154,1090,2818,-1728
113000155,414,907,-493
113000156,210,729,-519
113000157,399,1626,-1227
113000158,935,370,565
113000159,1211,1095,116
113000160,823,2141,-1318
113000161,296,895,-599
113000162,1019,863,156
113000163,195,107,88
113000164,28,170,-142
113000166,160,161,-1
113000167,34,260,-226
113000168,81,234,-153
113000169,195,120,75
113000170,131,161,-30
113000171,86,110,-24
113000172,315,111,204
113000173,71,35,36
113000174,94,856,-762
113000175,461,235,226
113000176,653,295,358
113000177,226,791,-565
113000178,319,628,-309
113000179,474,349,125
113000180,1439,2790,-1351
113000181,1418,1407,11
113000182,372,1183,-811
113000183,339,971,-632
113000184,53,180,-127
113000189,875,1568,-693
113000190,2036,1030,1006
113000192,4082,2341,1741
113000193,11581,1588,9993
113000194,5289,1522,3767
113000195,6824,1161,5663
113000196,363,224,139
113000197,4903,1996,2907
113000198,90,572,-482
113000199,2631,855,1776
113000201,2354,355,1999
113000202,7691,9588,-1897
113000203,920,472,448
113000204,4083,2799,1284
113000205,91,41,50
113000206,21,68,-47
113000207,177,46,131
113000208,91,77,14
113000209,89,35,54
113000210,12,45,-33
113000211,546,350,196
113000212,526,52,474
113000213,80,588,-508
113000214,348,697,-349
113000234,203,2015,-1812
113000410,546,435,111
113000411,5158,8947,-3789
113000412,15488,4251,11237
113000413,6832,4894,1938
113000414,14113,25902,-11789
113000415,4357,6354,-1997
113000416,15119,8513,6606
113000417,5380,7441,-2061
113000418,6620,4900,1720
113000419,2858,3899,-1041
113000420,6156,9261,-3105
113000421,6889,11475,-4586
113000422,22783,20446,2337
113000423,4474,7885,-3411
113000424,6657,18225,-11568
113000425,44,234,-190
113000428,628,134,494
113000430,111,469,-358
113000432,3534,293,3241
113000433,167,1369,-1202
113000434,38,312,-274
113000435,20,1099,-1079
113000436,60,1955,-1895
113000437,1071,31,1040
113000438,332,18,314
113000439,21,252,-231
113000440,141,37,104
113000441,146,414,-268
113000442,159,332,-173
113000443,175,511,-336
113000444,201,398,-197
113000445,98,260,-162
113000446,22,176,-154
113000448,342,593,-251
113000449,595,1562,-967
113000450,1834,11086,-9252
113000451,2624,403,2221
113000452,728,1254,-526
113000453,73,513,-440
113000454,4284,38,4246
113000455,17,223,-206
113000456,7029,4593,2436
113000468,4954,501,4453
113000469,1310,466,844
113000470,1154,160,994
113000471,17,1085,-1068
113000472,202,566,-364
113000474,521,1256,-735
113000475,2355,3771,-1416
113000476,1422,3024,-1602
113000477,3690,3188,502
113000478,6340,10556,-4216
113000479,109,412,-303
113000480,432,176,256
113000482,0,0,0
113000485,4,0,4
113000486,4,4,0
113000487,0,3,-3
113000488,2,0,2
113000489,0,5,-5
113000490,0,18,-18
113000491,9,33,-24
113000492,2,0,2
113000493,3,0,3
113000495,223,279,-56
113000496,90,145,-55
113000497,0,1,-1
113000499,0,0,0
113000500,0,4,-4
113900001,7,648,-641
113900002,12,356,-344
113900003,1,301,-300
113900004,2,182,-180
113900005,1,117,-116
113900006,82,62,20
113900007,529,48,481
113900008,883,1,882
113900009,1692,5,1687
113900010,969,6,963
113900011,108,2,106
113900012,55,3,52
113900013,3179,74,3105
113900014,1200,3,1197
113900015,0,85,-85
113900016,52,0,52
113900017,4,78,-74
113900018,749,265,484
113900019,120,79,41
113900020,132,2,130
113900022,41,1,40
113900023,30,0,30
113900024,50,156,-106
113900025,554,50,504
113900026,128,0,128
113900027,13,144,-131
113900028,60,771,-711
113900029,70,388,-318
113900030,296,4,292
113900031,20,2,18
113900032,16,1,15
113900033,75,164,-89
113900035,95,0,95
113900036,25,187,-162
113900037,123,794,-671
113900038,85,171,-86
113900039,189,23,166
113900040,11,12,-1
113900041,17,4,13
113900042,128,90,38
113900043,361,239,122
113900044,360,264,96
113900045,129,2,127
113900046,337,984,-647
113900047,75,197,-122
113900048,357,127,230
113900049,1185,561,624
113900050,361,710,-349
113900051,389,859,-470
113900052,275,225,50
113900053,935,1013,-78
113900054,71,9,62
113900055,181,703,-522
113900056,133,276,-143
113900057,13,192,-179
113900058,148,405,-257
113900059,532,673,-141
113900060,158,418,-260
113900061,1660,408,1252
113900062,170,56,114
113900063,136,202,-66
113900064,27,296,-269
113900065,1058,35,1023
113900066,467,708,-241
113900067,186,474,-288
113900068,694,675,19
113900069,99,57,42
113900070,279,617,-338
113900071,91,102,-11
113900072,106,294,-188
113900073,486,690,-204
113900074,135,625,-490
113900075,1790,1807,-17
113900076,283,31,252
113900077,72,303,-231
113900078,89,58,31
113900079,4,110,-106
113900080,732,341,391
113900081,44,423,-379
113900082,206,386,-180
113900083,286,1017,-731
113900084,513,156,357
113900085,73,388,-315
113900086,30,29,1
113900087,72,292,-220
113900088,96,133,-37
113900089,685,88,597
113900090,968,618,350
113900091,47,70,-23
113900092,48,153,-105
113900093,146,1425,-1279
113900094,560,836,-276
113900095,307,186,121
113900096,365,103,262
113900097,15,177,-162
113900098,1016,169,847
113900099,1,176,-175
113900100,3,7,-4
113900101,25,103,-78
113900102,307,210,97
113900103,664,440,224
113900104,238,284,-46
113900105,81,499,-418
113900106,2,161,-159
113900107,5,43,-38
113900108,434,427,7
113900109,718,276,442
113900110,160,17,143
113900111,155,160,-5
113900112,191,107,84
113900113,1454,842,612
113900114,1,170,-169
113900115,2,147,-145
113900116,217,226,-9
113900117,222,43,179
113900118,480,453,27
113900119,383,800,-417
113900120,101,38,63
113900121,72,138,-66
113900122,823,2654,-1831
113900123,897,306,591
113900124,5,70,-65
113900125,2587,301,2286
113900126,193,77,116
113900127,344,985,-641
113900128,234,104,130
113900129,25,182,-157
113900130,11,56,-45
113900131,349,134,215
113900132,132,74,58
113900133,10,37,-27
113900135,485,830,-345
113900136,133,143,-10
113900137,640,462,178
113900138,112,359,-247
113900139,830,218,612
113900140,589,597,-8
113900141,643,878,-235
113900142,159,128,31
113900143,32,44,-12
113900144,530,474,56
113900145,583,359,224
113900146,163,99,64
113900148,281,496,-215
113900149,317,185,132
113900150,1476,1028,448
113900151,568,388,180
113900152,38,80,-42
113900153,554,1002,-448
113900154,4,207,-203
113900155,284,245,39
113900156,360,931,-571
113900157,45,401,-356
113900158,1039,679,360
113900159,25,347,-322
113900160,757,1026,-269
113900161,98,317,-219
113900162,1114,1460,-346
113900163,566,410,156
113900164,400,78,322
113900165,1303,813,490
113900166,367,290,77
113900167,262,61,201
113900168,275,184,91
113900169,521,665,-144
113900171,219,90,129
113900172,24,339,-315
113900173,76,1221,-1145
113900174,797,984,-187
113900175,473,192,281
113900176,415,1256,-841
113900177,742,368,374
113900178,606,204,402
113900179,31,1029,-998
113900180,253,162,91
113900181,1364,182,1182
113900182,1026,1630,-604
113900183,154,151,3
113900184,32,1085,-1053
113900185,287,145,142
113900186,70,86,-16
113900187,65,255,-190
113900188,50,303,-253
113900189,387,158,229
113900190,560,169,391
113900191,256,430,-174
113900192,14,774,-760
113900193,22,388,-366
113900194,3767,1990,1777
113900195,500,674,-174
113900196,13,244,-231
113900197,64,448,-384
113900198,33,212,-179
113900199,258,1125,-867
113900200,23,448,-425
113900201,1,343,-342
113900202,36,597,-561
113900203,1,198,-197
113900204,74,973,-899
113900205,14,276,-262
113900206,12,189,-177
113900207,5,71,-66
113900208,1,96,-95
113900209,3,145,-142
113900210,1017,1349,-332
113900211,279,107,172
113900212,244,947,-703
113900214,756,653,103
113900215,100,287,-187
113900216,117,1778,-1661
113900217,57,374,-317
113900218,163,111,52
113900219,195,679,-484
113900220,332,198,134
113900221,715,289,426
113900222,426,953,-527
113900223,110,1605,-1495
113900224,181,104,77
113900225,1188,421,767
113900226,482,286,196
113900227,679,344,335
113900228,533,728,-195
113900229,81,1473,-1392
113900230,8169,5351,2818
113900231,309,439,-130
113900232,140,152,-12
113900233,123,90,33
113900234,561,741,-180
113900235,135,49,86
113900236,201,667,-466
113900237,266,21,245
113900238,480,882,-402
113900239,282,149,133
113900240,15,205,-190
113900241,247,119,128
113900242,104,272,-168
113900243,171,814,-643
113900244,789,346,443
113900245,2200,514,1686
113900246,33,21,12
113900247,272,501,-229
113900248,5324,2926,2398
113900249,1822,612,1210
113900250,117,262,-145
113900251,807,340,467
113900252,548,15,533
113900253,1021,102,919
113900254,1156,218,938
113900255,520,48,472
113900256,472,50,422
113900257,56,1201,-1145
113900258,29,974,-945
113900259,597,436,161
113900260,233,7,226
113900261,24,135,-111
113900262,187,1043,-856
113900263,269,1046,-777
113900264,8,865,-857
113900265,311,410,-99
113900266,48,346,-298
113900267,227,746,-519
113900268,485,555,-70
113900269,91,334,-243
113900270,624,626,-2
113900271,887,2094,-1207
113900273,225,11,214
113900274,86,39,47
113900275,58,81,-23
113900276,5,409,-404
113900277,152,7,145
113900278,445,312,133
113900279,137,168,-31
113900280,1914,723,1191
113900281,770,2126,-1356
113900282,1496,918,578
113900283,622,718,-96
113900284,1485,341,1144
113900285,227,53,174
113900286,152,185,-33
113900287,44,135,-91
113900288,1,169,-168
113900289,2008,185,1823
113900290,703,217,486
113900291,179,326,-147
113900292,15,30,-15
113900293,5,528,-523
113900294,611,59,552
113900295,767,629,138
113900296,3830,569,3261
113900297,2676,92,2584
113900298,23,2391,-2368
113900299,72,251,-179
113900300,9302,5442,3860
113900301,1470,600,870
113900302,3658,1326,2332
113900303,1025,566,459
113900304,1,237,-236
113900305,78,0,78
113900306,34,0,34
113900307,174,0,174
113900308,137,201,-64
113900309,2,1713,-1711
113900310,1,18,-17
113900311,14,1,13
113900312,254,253,1
113900313,24,17,7
114000001,1639,6879,-5240
114000002,250,823,-573
114000003,48,581,-533
114000004,399,631,-232
114000005,250,430,-180
114000006,4154,4317,-163
114000007,1062,2615,-1553
114000008,2331,2367,-36
114000009,918,301,617
114000011,3733,6130,-2397
114000012,3351,4794,-1443
114000013,2242,3725,-1483
114000014,561,708,-147
114000015,2072,868,1204
114000016,284,586,-302
114000017,268,429,-161
114000018,918,112,806
114000026,2021,2811,-790
114000027,3775,3696,79
114000028,3910,4052,-142
114000038,324,247,77
114000039,144,146,-2
114000040,121,321,-200
114000042,239,323,-84
114000043,89,342,-253
114000044,155,76,79
114000045,95,137,-42
114000046,4515,8948,-4433
114000047,63,154,-91
114000048,260,78,182
114000049,2392,2393,-1
114000050,2534,3352,-818
114000051,4303,2965,1338
114000052,5095,2100,2995
114000053,132,920,-788
114000054,265,2281,-2016
114000055,468,38,430
114000056,1871,1138,733
114000057,17080,4174,12906
114000058,1046,2117,-1071
114000059,536,432,104
114000060,1298,1271,27
114000061,6745,3474,3271
114000062,4436,1999,2437
114000063,4533,2904,1629
114000064,10519,5584,4935
114000065,2948,4687,-1739
114000066,594,1020,-426
114000067,64,1034,-970
114000068,544,1048,-504
114000069,1863,948,915
114000070,3699,2534,1165
114000071,1150,1043,107
114000072,535,741,-206
114000073,15,188,-173
114000074,42,26,16
114000075,62,254,-192
114000076,28,281,-253
114000077,20,95,-75
114000078,343,1558,-1215
114000079,125,37,88
114000080,93,185,-92
114000081,134,116,18
114000082,75,880,-805
114000083,118,438,-320
114000084,405,110,295
114000085,144,1211,-1067
114000086,305,897,-592
114000087,115,376,-261
114000088,89,112,-23
114000089,3113,917,2196
114000090,1195,1172,23
114000091,3070,1268,1802
114000092,1579,859,720
114000093,1562,1258,304
114000094,634,720,-86
114000095,364,172,192
114000096,231,670,-439
114000097,190,1174,-984
114000098,570,120,450
114000099,584,1354,-770
114000100,1575,1535,40
114000101,475,1547,-1072
114000102,519,581,-62
114000103,215,736,-521
114000104,66,702,-636
114000105,206,122,84
114000106,2152,1263,889
114000107,337,184,153
114000108,4546,1940,2606
114000109,534,1362,-828
114000110,863,2941,-2078
114000111,1977,1144,833
114000112,583,3118,-2535
114000113,1459,790,669
114000114,1715,2504,-789
114000115,2846,1252,1594
114000116,855,999,-144
114000117,3490,725,2765
114000118,2882,748,2134
114000119,2331,657,1674
114000120,1054,1516,-462
114000121,731,1213,-482
114000122,659,405,254
114000123,2195,568,1627
114000124,1727,508,1219
114000125,1057,2687,-1630
114000126,2549,338,2211
114000127,237,337,-100
114000128,1352,893,459
114000130,731,940,-209
114000131,376,156,220
114000132,769,1095,-326
114000133,1400,2732,-1332
114000134,87,301,-214
114000138,95,352,-257
114000139,668,362,306
114000144,1092,737,355
114000145,153,278,-125
114000146,176,505,-329
114000147,1840,2505,-665
114000148,3651,2890,761
114000149,469,419,50
114000150,1231,1177,54
114000151,1625,1569,56
114000152,267,47,220
114000153,1303,2891,-1588
114000154,1415,1184,231
114000155,2376,3848,-1472
114000156,2034,912,1122
114000157,479,1882,-1403
114000158,2946,1149,1797
114000159,277,598,-321
114000160,150,364,-214
114000161,2717,3739,-1022
114000162,1564,2851,-1287
114000163,13,212,-199
114000165,685,282,403
114000166,1200,519,681
114000167,7945,2138,5807
114000168,1190,1134,56
114000169,3531,1543,1988
114000170,1609,1177,432
114000171,1481,2720,-1239
114000174,381,747,-366
114000176,1371,678,693
114000177,3953,1265,2688
114000178,70,108,-38
114000179,2055,1335,720
114000180,859,1183,-324
114000181,2504,4792,-2288
114000182,13424,3945,9479
114000183,1359,1245,114
114000184,932,2528,-1596
114000185,1662,1479,183
114000189,986,165,821
114000190,2650,417,2233
114000191,42,94,-52
114000192,435,2890,-2455
114000193,1249,5087,-3838
114000194,2001,1944,57
114000195,230,35,195
114000196,2,554,-552
114000197,1442,73,1369
114000198,1832,701,1131
114000199,3495,2025,1470
114000200,911,3584,-2673
114000201,494,1578,-1084
114000202,1827,1194,633
114000203,755,1409,-654
114000204,231,829,-598
114000205,398,2852,-2454
114000206,906,2187,-1281
114000207,939,3928,-2989
114000208,714,5897,-5183
114000209,869,4961,-4092
114000210,445,2594,-2149
114000211,1396,2941,-1545
114000212,1481,1354,127
114000213,1876,1001,875
114000214,121,297,-176
114000215,303,164,139
114000216,2265,793,1472
114000217,241,688,-447
114000218,173,460,-287
114000219,1612,526,1086
114000220,34,2095,-2061
114000221,1052,277,775
114000222,280,2141,-1861
114000223,717,206,511
114000224,145,1384,-1239
114000225,331,891,-560
114000226,203,328,-125
114000227,1139,692,447
114000228,1108,1447,-339
114000229,1579,2200,-621
114000230,2582,2343,239
114000231,1244,2402,-1158
114000232,729,272,457
114000233,2736,230,2506
114000234,1646,1520,126
114000235,1459,2644,-1185
114000236,2,908,-906
114000237,145,1651,-1506
114000238,186,443,-257
114000239,329,2343,-2014
114000240,990,1058,-68
114000241,328,1602,-1274
114000242,1374,1574,-200
114000243,2903,1308,1595
114000244,1414,565,849
114000245,578,926,-348
114000246,341,55,286
114000247,1510,1197,313
114000248,1450,949,501
114000249,828,956,-128
114000250,651,1053,-402
114000251,427,588,-161
114000252,87,213,-126
114000253,106,575,-469
114000254,41,149,-108
114000255,1568,393,1175
114000256,3870,2249,1621
114000257,748,2712,-1964
114000258,618,655,-37
114000259,198,443,-245
114000260,0,38,-38
114000261,106,59,47
114000262,228,242,-14
114000263,46,3,43
114000264,1347,1077,270
114000265,0,31,-31
114000267,7,2897,-2890
114000268,24,2671,-2647
114000270,222,1,221
114000271,908,134,774
114000283,1419,766,653
114000285,75,430,-355
114000288,110,690,-580
114000289,1573,228,1345
114000293,203,762,-559
114000294,215,396,-181
114000395,2915,95,2820
114000396,546,731,-185
114000402,593,479,114
114000403,433,1016,-583
114000405,173,906,-733
114000423,464,708,-244
114000424,447,375,72
114000425,678,777,-99
114000426,512,1420,-908
114000427,85,179,-94
114000428,330,222,108
114000429,45,326,-281
114000432,99,227,-128
114000434,45,158,-113
114000435,11,362,-351
114000436,7960,1816,6144
114000437,768,3215,-2447
114900001,705,2288,-1583
114900002,913,138,775
114900003,646,3270,-2624
114900004,244,584,-340
114900005,682,1423,-741
114900006,72,139,-67
114900007,277,17,260
114900008,220,185,35
114900010,3838,2667,1171
114900011,244,252,-8
114900013,282,191,91
114900015,147,604,-457
114900018,1455,40,1415
114900020,353,115,238
114900022,4,1200,-1196
114900024,471,194,277
114900025,529,430,99
114900026,74,144,-70
114900027,343,437,-94
114900029,26,35,-9
114900030,376,428,-52
114900031,409,42,367
114900032,425,62,363
114900033,3052,814,2238
114900034,89,359,-270
114900035,188,540,-352
114900036,419,1340,-921
114900037,118,290,-172
114900038,280,1243,-963
114900039,635,941,-306
114900040,101,463,-362
114900041,725,892,-167
114900042,834,1133,-299
114900043,1496,589,907
114900044,184,46,138
114900046,134,249,-115
114900047,451,2149,-1698
114900048,113,437,-324
114900049,11,388,-377
114900050,41,915,-874
114900051,32,757,-725
114900052,115,394,-279
114900053,192,469,-277
114900054,91,241,-150
114900057,321,16,305
114900058,1,103,-102
114900059,107,65,42
114900060,2005,1024,981
114900061,199,212,-13
114900062,458,570,-112
114900063,87,355,-268
114900064,1378,930,448
114900065,413,1009,-596
114900067,114,580,-466
114900068,96,350,-254
114900069,408,311,97
114900070,600,977,-377
114900072,11,499,-488
114900073,1,329,-328
114900074,630,1494,-864
114900075,307,10,297
114900076,14,542,-528
114900080,4834,742,4092
114900082,6078,2442,3636
114900083,2014,1656,358
114900090,426,408,18
114900091,304,355,-51
114900095,654,200,454
114900096,551,1162,-611
114900097,141,2,139
114900098,11,425,-414
114900099,204,3,201
115000001,13518,9725,3793
115000002,5973,5801,172
115000003,7505,6940,565
115000004,5813,8231,-2418
115000005,3221,4785,-1564
115000006,1898,2576,-678
115000007,127,383,-256
115000008,1043,727,316
115000009,411,692,-281
115000010,631,279,352
115000013,142,373,-231
115000015,69,592,-523
115000016,296,416,-120
115000019,54,828,-774
115000020,292,863,-571
115000021,382,884,-502
115000022,953,622,331
115000023,523,912,-389
115000024,1821,804,1017
115000025,1248,1094,154
115000026,199,667,-468
115000027,372,418,-46
115000028,302,1355,-1053
115000029,918,276,642
115000030,1061,1693,-632
115000031,1790,703,1087
115000032,8,386,-378
115000033,222,50,172
115000034,215,1725,-1510
115000035,1471,90,1381
115000036,1,490,-489
115000037,801,18,783
115000038,95,258,-163
115000039,5038,3904,1134
115000040,10974,5563,5411
115000041,2160,4816,-2656
115000042,1825,1299,526
115000043,5088,3854,1234
115000044,5099,6684,-1585
115000045,4510,3811,699
115000046,2765,4224,-1459
115000047,2485,3086,-601
115000048,2176,4913,-2737
115000049,2306,6067,-3761
115000050,4855,3082,1773
115000051,3133,4113,-980
115000052,4585,3185,1400
115000053,2084,2541,-457
115000054,905,2105,-1200
115000055,201,628,-427
115000056,283,484,-201
115000057,722,752,-30
115000058,239,249,-10
115000059,259,159,100
115000061,409,173,236
115000062,512,536,-24
115000063,375,636,-261
115000064,385,224,161
115000065,195,545,-350
115000067,466,55,411
115000069,82,637,-555
115000070,73,1980,-1907
115000071,242,34,208
115000072,12,114,-102
115000073,2892,112,2780
115000075,141,120,21
115000076,7769,5509,2260
115000077,2839,5025,-2186
115000078,1596,2960,-1364
115000079,1867,3704,-1837
115000080,3327,4669,-1342
115000081,586,1633,-1047
115000082,5020,5818,-798
115000083,3045,4478,-1433
115000084,2512,2232,280
115000085,1006,1564,-558
115000086,1463,1749,-286
115000087,790,2574,-1784
115000088,2842,1155,1687
115000089,2601,2317,284
115000090,1084,1422,-338
115000091,590,1822,-1232
115000092,462,443,19
115000093,732,4,728
115000094,14994,7924,7070
115000095,10046,7620,2426
115000096,967,3625,-2658
115000097,988,1281,-293
115000098,1357,1363,-6
115000099,2908,6006,-3098
115000100,1339,966,373
115000101,654,2444,-1790
115000102,719,446,273
115000103,504,1271,-767
115000105,61,328,-267
115000106,619,442,177
115000107,273,948,-675
115000108,6629,4141,2488
115000109,9187,5735,3452
115000110,2045,1826,219
115000111,1040,3167,-2127
115000112,971,1025,-54
115000113,871,1554,-683
115000114,2495,1464,1031
115000116,6387,3136,3251
115000117,6655,4451,2204
115000118,3249,2677,572
115000119,3284,3542,-258
115000120,801,1670,-869
115000121,2396,1734,662
115000122,6066,4000,2066
115000123,3133,3338,-205
115000124,1540,1620,-80
115000125,1079,906,173
115000126,385,455,-70
115000127,840,226,614
115000128,1680,1291,389
115000129,635,466,169
115000130,543,1651,-1108
115000131,1080,516,564
115000132,257,876,-619
115000133,764,604,160
115000134,732,362,370
115000135,694,412,282
115000136,401,418,-17
115000137,236,279,-43
115000138,297,386,-89
115000139,360,364,-4
115000140,352,349,3
115000141,293,445,-152
115000142,220,486,-266
115000143,877,932,-55
115000144,726,152,574
115000145,440,659,-219
115000146,961,424,537
115000147,1412,806,606
115000148,510,2236,-1726
115000149,1103,388,715
115000150,1148,2229,-1081
115000151,1147,940,207
115000152,1151,2551,-1400
115000153,2187,1028,1159
115000154,1032,651,381
115000155,1376,2223,-847
115000156,3176,1146,2030
115000157,2494,1580,914
115000158,1828,687,1141
115000159,1819,1001,818
115000160,1189,1346,-157
115000161,987,991,-4
115000162,1185,1234,-49
115000163,1020,864,156
115000164,1153,828,325
115000165,880,663,217
115000167,314,120,194
115000168,1953,576,1377
115000169,2152,543,1609
115000170,423,182,241
115000171,693,325,368
115000172,3194,1020,2174
115000173,840,977,-137
115000174,383,385,-2
115000175,494,138,356
115000176,376,148,228
115000177,403,169,234
115000178,56,491,-435
115000179,93,67,26
115000180,196,1415,-1219
115000181,820,235,585
115000182,929,758,171
115000183,340,1780,-1440
115000186,944,554,390
115000187,252,1356,-1104
115000188,753,1173,-420
115000189,486,775,-289
115000190,1787,994,793
115000191,766,862,-96
115000194,316,241,75
115000195,480,451,29
115000196,218,216,2
115000197,283,580,-297
115000198,365,445,-80
115000199,402,433,-31
115000200,453,205,248
115000201,224,650,-426
115000206,531,137,394
115000207,213,644,-431
115000208,936,1224,-288
115000209,994,487,507
115000210,206,185,21
115000211,337,459,-122
115000212,3932,459,3473
115000224,647,126,521
115000225,96,128,-32
115000229,394,242,152
115000230,96,940,-844
115000231,463,4102,-3639
115000232,1851,470,1381
115000233,334,310,24
115000234,58,420,-362
115000241,83,350,-267
115000242,154,517,-363
115000243,63,457,-394
115000244,7,182,-175
115000246,74,39,35
115000247,43,24,19
115000248,29,28,1
115000249,39,45,-6
115000250,941,111,830
115000251,287,307,-20
115000252,134,363,-229
115000253,37,610,-573
115000258,349,485,-136
115000259,439,293,146
115000261,20,46,-26
115000262,12,30,-18
115000263,18,96,-78
115000264,19,105,-86
115000267,110,130,-20
115000268,70,210,-140
115000269,259,101,158
115000270,14,55,-41
115000272,91,268,-177
115000273,435,32,403
115000280,3552,277,3275
115000281,1115,653,462
115000282,2906,856,2050
115000284,453,294,159
115000296,1341,16,1325
115000297,855,158,697
115000298,338,412,-74
115000300,331,301,30
115000302,570,391,179
115000303,995,309,686
115000304,932,197,735
115000305,142,1718,-1576
115000306,258,912,-654
115000307,141,371,-230
115000308,123,35,88
115000309,23,41,-18
115000310,1289,1431,-142
115000311,928,2498,-1570
115000313,168,1267,-1099
115000314,445,207,238
115000315,1600,466,1134
115000316,75,134,-59
115000317,228,1044,-816
115000318,1237,551,686
115000319,101,533,-432
115000320,33,522,-489
115000321,827,31,796
115000322,70,426,-356
115000449,515,466,49
115000557,163,1414,-1251
115000558,807,132,675
115000587,764,739,25
115000588,5008,5778,-770
115000589,6166,4390,1776
115000590,1805,2636,-831
115000591,2114,1429,685
115000592,1426,3021,-1595
115000593,2483,1146,1337
115000594,1538,3489,-1951
115000609,164,212,-48
115000617,3591,5053,-1462
115000624,341,127,214
115000633,714,3880,-3166
115000634,5497,1680,3817
115000635,813,210,603
115000638,2140,1417,723
115000641,125,198,-73
115000642,622,475,147
115000643,138,961,-823
115000644,252,693,-441
115000646,1281,2189,-908
115000647,249,925,-676
115000648,2087,3292,-1205
115000893,5276,2731,2545
115000894,221,1989,-1768
115000895,688,1424,-736
115000896,1969,535,1434
115000897,762,219,543
115000898,2118,402,1716
115000899,1356,1666,-310
115000900,325,821,-496
115000901,107,217,-110
115000912,527,180,347
115000913,8,68,-60
115000915,101,0,101
115000916,53,1,52
115000917,0,5,-5
115000918,167,924,-757
115000919,48,25,23
115000920,226,143,83
115000921,2451,487,1964
115000922,2645,1230,1415
115000923,1079,1335,-256
115000925,123,132,-9
115000927,39,81,-42
115000933,566,174,392
115000934,222,339,-117
115000935,128,173,-45
115900001,80,63,17
115900002,128,345,-217
115900003,271,234,37
115900004,2,99,-97
115900005,167,7,160
115900006,218,658,-440
115900008,69,25,44
115900009,133,548,-415
115900010,305,376,-71
115900011,660,403,257
115900012,143,116,27
115900013,628,323,305
115900014,141,250,-109
115900015,70,142,-72
115900016,218,147,71
115900017,13,4,9
115900018,251,123,128
115900019,2202,57,2145
115900020,30,2,28
115900021,2786,209,2577
115900022,2345,25,2320
115900023,21,5,16
115900025,98,390,-292
115900026,1399,449,950
115900027,1,462,-461
115900028,954,139,815
115900029,13,756,-743
115900030,106,25,81
115900031,692,377,315
115900032,594,1329,-735
115900033,0,60,-60
115900034,37,830,-793
115900035,59,23,36
115900036,230,895,-665
115900037,104,723,-619
115900038,185,27,158
115900039,227,459,-232
115900041,593,634,-41
115900042,64,1,63
115900043,192,244,-52
115900044,456,386,70
115900046,247,417,-170
115900047,142,122,20
115900049,183,444,-261
115900051,3,134,-131
115900052,6,326,-320
115900053,249,430,-181
115900054,168,82,86
115900055,27,180,-153
115900056,253,647,-394
115900057,125,13,112
115900058,31,78,-47
115900060,177,345,-168
115900061,294,4,290
115900062,54,451,-397
115900063,90,20,70
115900064,282,589,-307
115900065,212,213,-1
115900066,330,290,40
115900067,21,1158,-1137
115900068,4830,1071,3759
115900069,54,436,-382
115900070,258,328,-70
115900071,3,799,-796
115900072,61,328,-267
115900073,47,96,-49
115900074,6,513,-507
115900075,26,450,-424
115900076,2,116,-114
115900077,19,440,-421
115900078,71,237,-166
115900079,241,55,186
115900080,749,468,281
115900081,19,113,-94
115900082,191,231,-40
115900084,469,33,436
115900085,163,112,51
115900086,2816,877,1939
115900088,48,104,-56
115900089,344,976,-632
115900090,267,32,235
115900091,51,61,-10
115900092,59,313,-254
115900093,9,89,-80
115900094,9,606,-597
115900096,12,29,-17
115900097,8,726,-718
115900098,163,886,-723
115900099,187,105,82
115900100,15,982,-967
115900101,146,684,-538
115900102,64,127,-63
115900103,331,439,-108
115900104,50,251,-201
115900105,212,1182,-970
115900106,50,38,12
115900107,100,313,-213
115900108,80,75,5
115900109,66,696,-630
115900110,1,35,-34
115900111,2,116,-114
115900112,61,1750,-1689
115900113,35,49,-14
115900114,6,192,-186
115900115,80,247,-167
115900116,149,1728,-1579
115900117,60,29,31
115900118,5,411,-406
115900119,358,177,181
115900120,43,679,-636
115900121,234,473,-239
115900124,349,744,-395
115900125,378,43,335
115900126,877,90,787
115900127,832,84,748
115900128,13,104,-91
115900129,992,64,928
115900130,29,285,-256
115900131,413,39,374
115900132,618,11,607
115900134,401,22,379
115900135,748,1317,-569
115900137,46,4,42
115900139,168,77,91
115900140,256,57,199
115900141,35,83,-48
115900142,43,39,4
115900143,280,621,-341
115900144,105,438,-333
115900146,21,249,-228
115900147,431,357,74
115900148,69,15,54
115900149,82,42,40
115900150,76,71,5
115900151,24,117,-93
115900152,153,597,-444
115900153,247,418,-171
115900154,1194,473,721
115900155,1,128,-127
115900156,827,1162,-335
115900157,187,750,-563
115900158,56,10,46
115900159,132,428,-296
115900160,22,16,6
115900161,125,353,-228
115900163,220,236,-16
115900164,680,31,649
115900165,1,195,-194
115900166,301,415,-114
115900168,126,242,-116
115900171,199,764,-565
115900172,146,179,-33
115900173,271,256,15
115900174,632,261,371
115900175,113,337,-224
115900178,15,1078,-1063
115900179,221,26,195
115900180,58,474,-416
115900181,190,374,-184
115900182,463,471,-8
115900183,231,47,184
115900184,2864,26,2838
115900187,14,161,-147
115900189,1,344,-343
115900190,733,1924,-1191
115900191,71,700,-629
115900192,11,126,-115
115900193,232,166,66
115900194,698,84,614
115900195,972,2318,-1346
115900198,300,512,-212
115900199,217,408,-191
115900200,324,600,-276
115900201,516,398,118
115900202,1,21,-20
115900203,10,11,-1
115900204,0,7,-7
115900205,81,28,53
115900206,123,266,-143
115900207,38,45,-7
115900208,170,484,-314
115900209,10,229,-219
115900210,5,200,-195
115900211,5,440,-435
115900212,153,444,-291
115900213,226,77,149
115900214,397,429,-32
115900215,39,106,-67
115900216,6,150,-144
115900217,5,84,-79
115900218,2,53,-51
115900219,73,11,62
115900220,151,25,126
115900221,106,19,87
115900222,56,37,19
115900223,15,278,-263
115900224,2571,1040,1531
115900225,91,47,44
115900226,19,90,-71
115900227,14,73,-59
115900228,10,63,-53
115900229,11,90,-79
115900230,78,190,-112
115900231,169,5,164
115900232,98,1,97
115900233,118,20,98
115900234,75,37,38
115900235,26,79,-53
115900236,156,51,105
115900237,23,38,-15
115900238,37,38,-1
115900239,15,55,-40
115900240,19,94,-75
115900241,190,232,-42
115900242,327,517,-190
115900243,9,10,-1
115900244,14,30,-16
115900245,61,15,46
115900246,20,12,8
115900247,30,9,21
115900248,20,6,14
115900249,19,21,-2
115900250,30,43,-13
115900251,1,22,-21
115900252,0,2,-2
115900253,6,22,-16
115900254,74,26,48
115900255,13,30,-17
115900256,26,80,-54
115900257,17,4,13
115900258,2,3,-1
115900259,2,3,-1
115900260,14,2,12
115900261,18,4,14
115900262,4,3,1
115900263,7,5,2
115900264,19,9,10
115900265,5,12,-7
115900266,7,25,-18
115900267,17,22,-5
115900268,4,18,-14
115900269,452,715,-263
115900270,453,1203,-750
115900271,66,0,66
115900272,35,3,32
115900273,24,16,8
115900274,0,30,-30
115900275,1,40,-39
115900276,0,70,-70
115900277,4,132,-128
115900278,24,215,-191
115900279,14,258,-244
115900280,19,435,-416
115900281,568,152,416
116000001,20680,10143,10537
116000002,7249,16291,-9042
116000003,2524,2894,-370
116000004,4866,4740,126
116000005,8195,6276,1919
116000006,7551,2621,4930
116000007,5706,7478,-1772
116000008,6430,3533,2897
116000009,2887,4280,-1393
116000010,2735,2061,674
116000011,1382,3376,-1994
116000012,1482,1352,130
116000013,32194,8749,23445
116000014,30349,19687,10662
116000015,1117,2646,-1529
116000016,14805,6968,7837
116000017,55,1158,-1103
116000018,1070,951,119
116000019,1796,626,1170
116000020,853,2178,-1325
116000021,882,488,394
116000022,502,863,-361
116000023,2254,1351,903
116000024,1185,2003,-818
116000025,2091,1034,1057
116000026,3060,4048,-988
116000027,1877,1071,806
116000028,695,1371,-676
116000029,1840,1229,611
116000030,1006,738,268
116000031,269,452,-183
116000032,829,384,445
116000033,564,899,-335
116000034,1383,1700,-317
116000035,844,1489,-645
116000036,3299,1033,2266
116000037,1389,1176,213
116000038,1413,728,685
116000039,1040,425,615
116000040,3036,443,2593
116000041,553,699,-146
116000042,686,395,291
116000043,90,707,-617
116000044,34,48,-14
116000045,3427,2459,968
116000046,2671,2332,339
116000047,3927,4947,-1020
116000048,4059,2908,1151
116000049,1534,3795,-2261
116000050,2003,2798,-795
116000051,7143,3609,3534
116000052,6467,7429,-962
116000053,3688,1859,1829
116000054,1559,4198,-2639
116000055,815,2298,-1483
116000056,961,2170,-1209
116000057,6805,3478,3327
116000058,6058,3882,2176
116000059,4909,11039,-6130
116000060,4224,1464,2760
116000061,1027,1857,-830
116000062,1931,333,1598
116000063,1500,2089,-589
116000066,379,1016,-637
116000067,313,977,-664
116000068,622,535,87
116000069,539,741,-202
116000078,636,1638,-1002
116000080,2402,1731,671
116000082,19,163,-144
116000083,1743,664,1079
116000084,3662,6176,-2514
116000085,2698,2279,419
116000086,3411,1963,1448
116000087,1855,1976,-121
116000088,1426,2209,-783
116000089,284,161,123
116000090,199,253,-54
116000091,501,281,220
116000093,1129,1574,-445
116000094,1072,1217,-145
116000095,1001,1811,-810
116000096,1061,2306,-1245
116000097,1124,2016,-892
116000098,295,9568,-9273
116000099,20130,734,19396
116000100,189,20,169
116000101,848,2302,-1454
116000102,432,2716,-2284
116000103,607,464,143
116000104,252,3330,-3078
116000105,1471,388,1083
116000106,974,2048,-1074
116000107,3540,786,2754
116000108,795,298,497
116000111,209,30,179
116000113,148,111,37
116000114,31,227,-196
116000115,313,148,165
116000116,358,750,-392
116000117,1911,3319,-1408
116000118,1661,2572,-911
116000119,3299,2771,528
116000120,3818,7641,-3823
116000121,954,898,56
116000122,1746,3152,-1406
116000123,1032,794,238
116000124,476,1729,-1253
116000125,3192,1204,1988
116000126,516,2399,-1883
116000127,1551,2358,-807
116000128,1965,1538,427
116000129,1303,249,1054
116000130,633,544,89
116000133,1085,1874,-789
116000134,2623,4492,-1869
116000135,2929,2320,609
116000136,1710,3519,-1809
116000137,1424,1301,123
116000138,1304,818,486
116000139,3257,3529,-272
116000140,296,462,-166
116000141,641,1524,-883
116000142,6157,5482,675
116000143,2668,3130,-462
116000144,2034,4355,-2321
116000145,2108,2410,-302
116000146,497,616,-119
116000147,861,289,572
116000148,915,687,228
116000149,844,944,-100
116000151,1227,1311,-84
116000153,150,1116,-966
116000155,470,543,-73
116000156,1093,2143,-1050
116000157,71,35,36
116000158,714,704,10
116000159,14,13,1
116000160,24,242,-218
116000161,8,286,-278
116000162,247,170,77
116000163,42,17,25
116000164,30,40,-10
116000177,532,241,291
116000194,221,703,-482
116000195,3501,1019,2482
116000196,18,27,-9
116000197,20,32,-12
116000198,6963,2255,4708
116000200,1341,659,682
116000201,1278,1158,120
116000202,20,498,-478
116000203,2,123,-121
116000204,14,98,-84
116000205,1,256,-255
116000206,2,128,-126
116000207,6,57,-51
116000233,338,1271,-933
116000287,187,862,-675
116000288,254,528,-274
116000292,205,301,-96
116000296,18,271,-253
116000297,87,22,65
116000304,133,41,92
116000305,23,193,-170
116000346,343,282,61
116000352,318,97,221
116000354,348,30,318
116000357,53,38,15
116000358,263,60,203
116000361,187,4,183
116000372,18799,6150,12649
116000381,163,3,160
116000388,5,50,-45
116000389,1375,977,398
116000445,358,868,-510
116000446,608,1838,-1230
116000447,22,589,-567
116000448,1044,611,433
116000563,1652,1682,-30
116000565,132,633,-501
116000568,81,386,-305
116000579,49,179,-130
116000584,61,19,42
116000585,31,29,2
116000586,421,238,183
116000587,707,1000,-293
116000589,47,88,-41
116000590,69,117,-48
116000591,208,483,-275
116000592,14,179,-165
116000593,0,72,-72
116000594,755,752,3
116000595,925,247,678
116000596,131,9,122
116000597,257,89,168
116000598,27,298,-271
116000602,108,1181,-1073
116000605,515,254,261
116000606,94,292,-198
116000607,8,113,-105
116000609,381,1181,-800
116000611,142,799,-657
116000612,852,3213,-2361
116000613,650,580,70
116000614,712,1244,-532
116000615,3,339,-336
116000616,101,210,-109
116000617,96,189,-93
116000618,2,274,-272
116000619,57,70,-13
116000620,101,101,0
116000621,62,274,-212
116000622,59,305,-246
116000624,205,172,33
116000627,17,50,-33
116000628,34,610,-576
116000629,15,972,-957
116000630,214,39,175
116000631,77,83,-6
116000632,424,491,-67
116000633,42,1150,-1108
116000634,404,28,376
116000635,3821,2522,1299
116900001,323,215,108
116900002,380,3,377
116900003,33,147,-114
116900004,72,84,-12
116900005,288,75,213
116900006,278,256,22
116900007,179,276,-97
116900008,419,641,-222
116900009,42,13,29
116900010,5,2824,-2819
116900011,14,93,-79
116900012,223,356,-133
116900013,12,399,-387
116900014,76,465,-389
116900015,432,141,291
116900016,190,0,190
116900017,3,1292,-1289
116900018,82,74,8
116900019,37,723,-686
116900020,2623,1132,1491
116900023,124,19,105
116900024,587,115,472
116900025,1308,1544,-236
116900026,232,1492,-1260
116900027,43,90,-47
116900028,9,248,-239
116900029,9,74,-65
116900031,1,11,-10
116900032,5,647,-642
116900033,9,17,-8
116900034,25,100,-75
116900035,240,490,-250
116900036,7,179,-172
116900038,47,3,44
116900041,82,41,41
116900042,1247,360,887
116900043,32,193,-161
116900045,603,87,516
116900047,147,102,45
116900049,40,643,-603
116900050,211,924,-713
116900051,129,473,-344
116900052,393,70,323
116900055,0,12,-12
116900057,33,559,-526
116900058,52,854,-802
116900059,8,386,-378
116900060,562,351,211
116900062,1,24,-23
116900064,135,1692,-1557
116900065,21,275,-254
116900067,144,236,-92
116900068,174,489,-315
116900070,0,8,-8
116900072,45,657,-612
116900073,11,368,-357
116900074,8,85,-77
116900076,14,52,-38
116900077,54,410,-356
116900078,332,231,101
116900079,42,722,-680
116900080,25,34,-9
116900081,535,2842,-2307
116900082,547,1489,-942
116900083,67,113,-46
116900084,544,64,480
116900085,28,232,-204
116900086,63,394,-331
116900088,683,140,543
116900090,168,86,82
116900091,269,115,154
116900092,132,1567,-1435
116900093,2424,4127,-1703
116900094,10238,6767,3471
116900095,720,218,502
116900096,195,517,-322
116900097,8610,3879,4731
116900098,1227,383,844
116900099,1045,1015,30
116900100,1065,51,1014
116900101,451,1139,-688
116900103,3,1,2
116900104,68,152,-84
116900105,528,132,396
116900106,1654,832,822
116900107,7662,3409,4253
116900110,12,0,12
116900111,527,1800,-1273
116900112,269,2225,-1956
116900113,5654,1666,3988
116900116,161,483,-322
116900117,111,164,-53
116900118,1275,1132,143
116900120,309,213,96
116900121,94,53,41
116900122,845,1404,-559
116900123,263,1447,-1184
116900124,226,2076,-1850
116900125,414,425,-11
116900126,439,1004,-565
116900128,8,51,-43
116900129,1,576,-575
116900130,1920,4982,-3062
116900131,144,324,-180
116900132,41,119,-78
116900133,130,140,-10
116900134,378,302,76
116900136,354,247,107
116900137,862,277,585
116900138,225,319,-94
116900139,93,614,-521
116900140,237,277,-40
116900141,854,513,341
116900142,9,86,-77
116900143,352,678,-326
116900144,41,66,-25
116900145,296,498,-202
116900147,1524,436,1088
116900148,3,36,-33
116900149,49,300,-251
116900150,21,15,6
116900151,63,37,26
116900153,147,127,20
116900154,1002,649,353
116900155,133,122,11
116900157,617,513,104
116900158,704,328,376
116900159,74,501,-427
116900160,1851,688,1163
116900161,15797,8896,6901
116900162,53,203,-150
116900163,190,240,-50
116900164,106,71,35
116900165,345,215,130
116900166,31,244,-213
116900167,530,116,414
116900168,505,147,358
116900169,1725,581,1144
116900170,356,660,-304
116900171,63,454,-391
116900172,375,353,22
116900173,256,100,156
116900174,39,48,-9
116900175,813,261,552
116900178,32,299,-267
116900179,247,266,-19
116900180,154,40,114
116900182,569,492,77
116900183,203,174,29
116900185,45,51,-6
116900186,163,567,-404
116900187,71,47,24
116900188,235,36,199
116900189,140,3,137
116900191,498,911,-413
116900192,280,332,-52
116900194,157,1282,-1125
116900195,46,25,21
116900196,12,153,-141
116900197,110,11,99
116900198,423,267,156
116900200,49,51,-2
116900201,106,12,94
116900202,209,78,131
116900203,173,5,168
116900204,56,129,-73
116900206,7,30,-23
116900207,48,62,-14
116900208,19,186,-167
116900209,31,241,-210
116900210,687,461,226
116900211,338,9,329
116900212,38,162,-124
116900213,272,418,-146
116900214,221,178,43
116900215,74,146,-72
116900216,677,428,249
116900218,5,606,-601
116900219,1568,548,1020
116900220,126,418,-292
116900221,79,511,-432
116900222,554,639,-85
116900223,146,455,-309
116900226,124,154,-30
116900227,188,105,83
116900228,487,506,-19
116900230,69,673,-604
116900231,34,845,-811
116900232,23,1003,-980
116900233,333,145,188
116900234,27,8,19
116900235,169,511,-342
116900238,2164,617,1547
116900239,227,2373,-2146
116900240,13112,4962,8150
116900241,130,279,-149
116900242,552,691,-139
116900243,22,240,-218
116900245,71,28,43
116900246,160,25,135
116900247,718,24,694
116900248,150,61,89
116900249,455,291,164
116900250,346,86,260
116900251,776,688,88
116900252,100,1905,-1805
116900253,173,157,16
116900254,21,156,-135
116900255,128,77,51
116900256,439,260,179
116900257,42,1052,-1010
116900258,8,570,-562
116900259,181,24,157
116900260,2,257,-255
116900261,56,8,48
116900262,217,252,-35
116900263,0,20,-20
116900264,1,12,-11
116900265,53,0,53
116900266,12,127,-115
116900267,2,5,-3
116900268,328,11,317
116900269,567,1059,-492
116900271,2904,265,2639
116900272,591,950,-359
116900273,833,70,763
116900274,106,96,10
116900275,213,244,-31
116900276,1419,132,1287
116900277,1157,38,1119
116900278,8,33,-25
116900279,3,37,-34
116900280,33,69,-36
116900281,15323,5405,9918
116900282,2,277,-275
116900283,25,258,-233
116900284,14,405,-391
116900285,700,684,16
116900286,341,36,305
116900287,6,116,-110
116900288,66,222,-156
116900289,18,54,-36
116900290,1,79,-78
116900291,17,25,-8
116900292,0,4,-4
116900293,27,90,-63
116900294,51,240,-189
116900295,875,59,816
116900296,182,93,89
116900297,16,211,-195
116900298,276,52,224
116900299,288,55,233
116900300,12,186,-174
116900301,230,125,105
116900302,147,90,57
116900303,1207,132,1075
116900304,1,205,-204
116900305,39,194,-155
116900306,132,109,23
117000001,3694,3341,353
117000002,4068,9569,-5501
117000003,16234,5426,10808
117000004,8935,10481,-1546
117000005,3495,3051,444
117000006,2212,7788,-5576
117000007,5669,2037,3632
117000008,2271,10036,-7765
117000009,7623,3202,4421
117000010,4813,9448,-4635
117000011,3116,3560,-444
117000012,2238,3176,-938
117000013,3510,2175,1335
117000014,2904,4709,-1805
117000015,8001,2349,5652
117000016,2326,67,2259
117000017,1426,291,1135
117000018,548,833,-285
117000019,770,22,748
117000020,942,3025,-2083
117000021,4811,1188,3623
117000022,1416,126,1290
117000023,1709,295,1414
117000024,1896,133,1763
117000025,4896,752,4144
117000026,10881,1364,9517
117000027,4663,3556,1107
117000028,7975,2379,5596
117000030,1682,1130,552
117000031,628,362,266
117000032,4076,2178,1898
117000033,3832,2941,891
117000034,585,608,-23
117000035,451,400,51
117000036,618,741,-123
117000037,410,349,61
117000038,604,1222,-618
117000039,677,497,180
117000040,229,1986,-1757
117000041,990,274,716
117000044,69,1985,-1916
117000045,872,106,766
117000046,966,1202,-236
117000047,1492,912,580
117000048,3786,3167,619
117000049,277,1959,-1682
117000050,243,4229,-3986
117000051,2918,279,2639
117000052,60,841,-781
117000053,467,178,289
117000054,2146,17,2129
117000055,26,6730,-6704
117000056,946,22,924
117000057,1047,4013,-2966
117000060,550,3125,-2575
117000061,3108,1940,1168
117000062,458,973,-515
117000063,3517,1636,1881
117000064,1401,1429,-28
117000066,2617,1705,912
117000067,348,782,-434
117000074,226,386,-160
117000076,151,84,67
117000077,169,249,-80
117000078,236,1232,-996
117000079,624,440,184
117000080,3,740,-737
117000081,1905,196,1709
117000082,25,137,-112
117000083,270,12,258
117000084,807,6,801
117000085,360,1105,-745
117000086,1924,1097,827
117000087,160,944,-784
117000088,470,543,-73
117000089,2154,603,1551
117000090,422,2606,-2184
117000091,919,608,311
117000092,596,2859,-2263
117000093,1622,1085,537
117000094,1621,5030,-3409
117000095,4557,1595,2962
117000096,872,4551,-3679
117000097,1665,2006,-341
117000098,4241,9472,-5231
117000099,3990,1880,2110
117000100,188,415,-227
117000101,283,2397,-2114
117000102,2101,1176,925
117000103,1216,3271,-2055
117000104,1784,1109,675
117000105,1445,3031,-1586
117000106,1589,1512,77
117000107,816,3567,-2751
117000108,2054,1663,391
117000109,3475,4968,-1493
117000110,2007,1477,530
117000111,6329,9437,-3108
117000112,4561,3919,642
117000113,185,555,-370
117000114,294,377,-83
117000115,111,282,-171
117000116,170,486,-316
117000117,3790,1255,2535
117000118,1073,207,866
117000119,954,205,749
117000120,1350,604,746
117000121,393,1893,-1500
117000122,1608,3064,-1456
117000123,5416,50,5366
117000124,1901,76,1825
117000125,1850,174,1676
117000126,195,71,124
117000127,556,792,-236
117000128,817,1529,-712
117000129,1302,133,1169
117000130,248,0,248
117000131,0,89,-89
117000132,3609,16,3593
117000133,1474,231,1243
117000134,0,81,-81
117000135,26,34,-8
117000136,1,75,-74
117000137,147,85,62
117000138,5,1085,-1080
117000140,683,2985,-2302
117000141,1929,1102,827
117000181,1588,565,1023
117000182,370,647,-277
117000195,318,2440,-2122
117000196,278,125,153
117000225,445,9,436
117000226,19,359,-340
117000276,267,24,243
117000277,0,882,-882
117000310,4661,5762,-1101
117000315,106,2687,-2581
117000320,278,0,278
117000906,382,22,360
117000907,12,749,-737
117000908,288,24,264
117000909,228,65,163
117000910,213,238,-25
117000911,110,374,-264
117000915,16,1292,-1276
117000916,53,24,29
117000917,1216,48,1168
117000918,110,123,-13
117000919,22,269,-247
117000920,20,2893,-2873
117000921,10,2833,-2823
117000922,106,259,-153
117000924,2036,1414,622
117000926,1814,121,1693
117000927,3838,1102,2736
117000928,2,390,-388
117000929,319,1208,-889
117000930,240,51,189
117000931,839,196,643
117900002,559,772,-213
117900003,1171,879,292
117900005,19,293,-274
117900006,0,38,-38
117900007,359,257,102
117900008,0,57,-57
117900010,976,266,710
117900011,73,36,37
117900012,98,324,-226
117900013,0,654,-654
117900014,1257,330,927
117900015,38,222,-184
117900016,3522,1076,2446
117900017,920,704,216
117900018,545,84,461
117900019,648,724,-76
117900020,104,584,-480
117900021,50,181,-131
117900022,33,23,10
117900023,1001,1155,-154
117900024,116,179,-63
117900025,63,22,41
117900026,469,651,-182
117900028,460,12,448
117900029,366,1661,-1295
117900030,655,468,187
117900031,1002,183,819
117900032,1216,875,341
117900033,294,1508,-1214
117900034,66,120,-54
117900035,329,122,207
117900036,335,1079,-744
117900037,127,180,-53
117900038,54,650,-596
117900039,13,190,-177
117900040,213,1061,-848
117900041,6,94,-88
117900042,9341,1257,8084
117900043,61,92,-31
117900044,167,6393,-6226
117900045,413,323,90
117900048,305,430,-125
117900049,281,1128,-847
117900050,19,93,-74
117900051,201,8,193
117900052,90,583,-493
117900053,1779,1091,688
117900054,2,51,-49
117900055,217,632,-415
117900056,813,67,746
117900057,1675,2471,-796
117900058,453,35,418
117900059,1262,143,1119
117900060,2182,9558,-7376
117900061,30,539,-509
117900063,587,440,147
117900065,1140,2174,-1034
117900066,24,82,-58
117900067,592,511,81
117900069,1247,797,450
117900070,699,22,677
117900071,241,311,-70
117900073,539,918,-379
117900074,772,10,762
117900075,224,220,4
117900076,39,69,-30
117900077,364,270,94
117900078,361,1010,-649
117900080,646,115,531
117900081,748,916,-168
117900082,425,529,-104
117900083,537,1283,-746
117900086,231,89,142
117900087,204,100,104
117900088,4417,4616,-199
117900089,2240,858,1382
117900090,924,1453,-529
117900091,387,300,87
117900092,119,75,44
117900093,70,149,-79
117900094,39,13,26
117900095,706,884,-178
117900096,104,444,-340
117900097,255,167,88
117900098,24,10,14
117900099,255,582,-327
117900100,209,4,205
117900101,853,2053,-1200
117900102,88,100,-12
117900103,43,1,42
117900104,43,242,-199
117900105,246,496,-250
117900106,120,94,26
117900107,30,2,28
117900109,628,553,75
117900110,73,1,72
117900111,499,24,475
117900112,90,38,52
117900113,11555,3681,7874
117900114,14,0,14
117900115,452,119,333
117900116,1437,2171,-734
117900117,744,886,-142
117900118,52,0,52
117900119,141,451,-310
117900120,212,260,-48
117900121,173,31,142
117900122,2898,4204,-1306
117900123,1601,1137,464
117900124,1288,1323,-35
117900125,2225,1969,256
117900126,383,1213,-830
117900127,828,1231,-403
117900128,461,1679,-1218
117900129,103,1,102
117900130,1623,860,763
117900131,1,227,-226
117900132,19,275,-256
117900133,8,208,-200
117900134,104,369,-265
117900135,34,289,-255
117900136,0,88,-88
117900137,74,534,-460
117900138,0,75,-75
117900139,72,241,-169
117900140,10027,807,9220
117900141,875,381,494
117900142,147,66,81
117900144,224,132,92
117900145,44,83,-39
117900146,973,181,792
117900147,108,129,-21
117900148,7301,1893,5408
117900149,91,297,-206
117900150,73,177,-104
117900151,144,207,-63
117900152,191,159,32
117900153,80,197,-117
117900154,844,1364,-520
117900156,1407,1915,-508
117900157,243,736,-493
117900158,326,218,108
117900160,935,652,283
117900161,4281,4825,-544
117900162,653,955,-302
117900163,367,39,328
117900165,1,18,-17
117900166,192,675,-483
117900168,30,341,-311
117900169,1,240,-239
117900170,0,84,-84
117900171,5,46,-41
117900172,24,65,-41
117900173,302,122,180
117900174,94,112,-18
117900175,5,71,-66
117900176,13,128,-115
117900177,14,106,-92
117900178,243,102,141
117900180,511,66,445
117900181,411,464,-53
117900182,11,55,-44
117900183,119,259,-140
117900184,16,80,-64
117900185,47,74,-27
117900186,47,29,18
117900187,26,30,-4
117900188,352,78,274
117900189,111,35,76
117900190,22,3,19
117900191,183,11,172
117900192,333,5,328
117900193,26,180,-154
117900194,18,13,5
117900195,14,58,-44
117900196,13,54,-41
117900207,218,241,-23
117900208,72,117,-45
117900209,222,304,-82
117900210,204,375,-171
117900211,11,377,-366
117900212,169,322,-153
117900213,31,22,9
117900214,10,67,-57
117900215,39,50,-11
117900216,155,53,102
117900217,244,277,-33
117900218,352,650,-298
117900219,26,151,-125
117900220,393,144,249
118000001,1919,1122,797
118000002,2605,4417,-1812
118000003,8177,3351,4826
118000004,8269,3335,4934
118000005,9668,8123,1545
118000006,12445,19099,-6654
118000007,17998,4909,13089
118000008,13113,7007,6106
118000009,4367,6022,-1655
118000010,6700,7152,-452
118000011,1931,5024,-3093
118000012,2911,5187,-2276
118000013,6989,5908,1081
118000014,3096,5829,-2733
118000016,390,638,-248
118000017,405,835,-430
118000018,586,796,-210
118000019,4288,2481,1807
118000020,3446,3586,-140
118000021,2597,4400,-1803
118000022,4876,1280,3596
118000023,2602,529,2073
118000024,4073,1696,2377
118000025,152,133,19
118000027,30318,18570,11748
118000029,1936,1330,606
118000032,2376,7686,-5310
118000033,5346,6578,-1232
118000034,10196,3875,6321
118000035,2842,3996,-1154
118000036,4010,1810,2200
118000037,1927,1578,349
118000038,251,173,78
118000039,245,945,-700
118000040,3112,3029,83
118000041,4639,2786,1853
118000045,1838,361,1477
118000046,4530,917,3613
118000047,8579,1025,7554
118000048,14421,2712,11709
118000051,7244,2945,4299
118000052,5924,1305,4619
118000053,4011,2961,1050
118000054,5220,7926,-2706
118000055,4874,7914,-3040
118000056,622,775,-153
118000057,556,1443,-887
118000058,12001,2696,9305
118000059,10278,1630,8648
118000060,2443,1237,1206
118000061,1502,3057,-1555
118000062,783,780,3
118000063,907,946,-39
118000064,2316,2291,25
118000065,9544,4463,5081
118000066,2127,2607,-480
118000067,2629,1400,1229
118000068,5249,7721,-2472
118000069,7687,2699,4988
118000070,13920,4399,9521
118000071,7085,15119,-8034
118000072,6914,1718,5196
118000073,6094,1003,5091
118000074,1128,939,189
118000075,1482,663,819
118000076,4506,2603,1903
118000077,3148,2237,911
118000078,4793,2972,1821
118000079,658,819,-161
118000080,2840,1590,1250
118000081,3976,1550,2426
118000082,620,1785,-1165
118000083,4111,2667,1444
118000084,4950,3005,1945
118000086,621,841,-220
118000087,11215,4336,6879
118000088,3913,3806,107
118000089,6642,4288,2354
118000090,3977,6323,-2346
118000091,3457,4892,-1435
118000092,2146,849,1297
118000093,237,1358,-1121
118000096,1207,1007,200
118000097,1924,1157,767
118000098,557,393,164
118000099,795,1598,-803
118000101,1395,575,820
118000102,466,2362,-1896
118000107,5618,966,4652
118000108,1416,4237,-2821
118000110,2,39,-37
118000111,4,918,-914
118000112,557,9,548
118000113,8,1801,-1793
118000114,508,18,490
118000115,38,37,1
118000116,80,1,79
118000117,3139,1689,1450
118000118,3000,1117,1883
118000119,1849,1626,223
118000120,3365,2538,827
118000121,169,794,-625
118000122,2693,439,2254
118000123,122,433,-311
118000125,4362,1930,2432
118000126,2893,2406,487
118000127,5172,1205,3967
118000128,1600,2003,-403
118000129,3148,850,2298
118000130,5573,8621,-3048
118000131,1817,1976,-159
118000132,3761,2872,889
118000133,2402,836,1566
118000135,1551,674,877
118000136,176,847,-671
118000137,2974,147,2827
118000138,627,1396,-769
118000139,845,158,687
118000140,4400,7906,-3506
118000141,3225,3805,-580
118000142,2635,3898,-1263
118000143,2783,2012,771
118000144,2904,1964,940
118000145,2609,4371,-1762
118000146,1920,2017,-97
118000147,1534,3005,-1471
118000148,599,2663,-2064
118000149,1303,1927,-624
118000150,526,486,40
118000151,505,876,-371
118000153,1782,2464,-682
118000154,1752,3144,-1392
118000155,1545,2830,-1285
118000156,5357,4667,690
118000157,981,741,240
118000158,330,910,-580
118000159,83,137,-54
118000160,652,745,-93
118000161,715,1509,-794
118000162,1714,1674,40
118000163,1210,1477,-267
118000164,5068,2813,2255
118000168,3267,857,2410
118000169,2042,2708,-666
118000170,7035,11471,-4436
118000171,514,1184,-670
118000172,232,675,-443
118000173,1473,2620,-1147
118000175,442,627,-185
118000176,461,772,-311
118000177,276,905,-629
118000178,267,112,155
118000179,2951,1960,991
118000180,1486,1630,-144
118000181,1583,712,871
118000182,443,539,-96
118000183,356,544,-188
118000184,958,1972,-1014
118000185,1808,1626,182
118000186,1397,1739,-342
118000187,1949,1225,724
118000188,1438,465,973
118000189,962,1727,-765
118000190,56,26,30
118000191,43,97,-54
118000192,654,501,153
118000193,664,1047,-383
118000194,5682,2605,3077
118000195,3055,1454,1601
118000196,2428,273,2155
118000197,870,185,685
118000198,1394,1058,336
118000199,3181,907,2274
118000200,142,465,-323
118000201,1547,903,644
118000202,131,125,6
118000203,3580,709,2871
118000204,483,478,5
118000205,484,542,-58
118000206,435,319,116
118000207,0,201,-201
118000208,1997,3176,-1179
118000209,2892,3348,-456
118000210,102,53,49
118000211,43,69,-26
118000213,3976,2449,1527
118000214,1407,1292,115
118000215,543,1152,-609
118000216,3660,9696,-6036
118000217,44,214,-170
118000218,95,214,-119
118000219,1171,1002,169
118000220,8,46,-38
118000221,191,635,-444
118000222,146,18,128
118000223,53,67,-14
118000224,672,193,479
118000225,268,1629,-1361
118000226,3010,293,2717
118000227,1479,760,719
118000228,262,347,-85
118000229,1057,120,937
118000230,211,463,-252
118000231,175,415,-240
118000232,1165,2004,-839
118000233,1299,1608,-309
118000234,572,543,29
118000236,1017,714,303
118000237,100,1114,-1014
118000238,370,425,-55
118000239,479,666,-187
118000240,969,257,712
118000241,338,514,-176
118000242,606,1360,-754
118000243,296,390,-94
118000244,61,277,-216
118000246,3,24,-21
118000255,63,453,-390
118000256,129,455,-326
118000259,8,130,-122
118000260,439,195,244
118000261,65,266,-201
118000263,136,518,-382
118000266,148,756,-608
118000267,1,114,-113
118000268,1703,117,1586
118000270,95,94,1
118000271,183,626,-443
118000272,212,64,148
118000273,151,170,-19
118000274,160,616,-456
118000276,647,661,-14
118000295,7,157,-150
118000298,236,726,-490
118000299,114,274,-160
118000301,0,131,-131
118000302,173,170,3
118000311,493,205,288
118000312,332,315,17
118000313,76,393,-317
118000314,81,124,-43
118000315,70,133,-63
118000316,1027,1083,-56
118000325,71,154,-83
118000326,39,95,-56
118000331,63,122,-59
118000332,20,95,-75
118000333,68,175,-107
118000335,321,2,319
118000336,3,533,-530
118000407,218,184,34
118000457,14,44,-30
118000465,5363,8234,-2871
118000480,61,277,-216
118000489,116,722,-606
118000490,109,990,-881
118000492,276,368,-92
118000510,168,30,138
118000514,238,677,-439
118000515,1518,1211,307
118000517,861,450,411
118000524,1562,398,1164
118000525,1512,1536,-24
118000530,44,276,-232
118000531,334,446,-112
118000532,310,558,-248
118000533,730,276,454
118000534,1307,804,503
118000535,274,190,84
118000536,1459,2870,-1411
118000537,159,214,-55
118000538,77,255,-178
118000539,60,323,-263
118000540,717,442,275
118000541,815,153,662
118000542,370,352,18
118000543,839,429,410
118000546,46,60,-14
118000560,6224,2646,3578
118000562,43,604,-561
118000563,4726,2863,1863
118000576,171,364,-193
118000577,266,239,27
118000578,263,183,80
118000579,1145,2050,-905
118000595,276,127,149
118000596,0,90,-90
118000597,120,215,-95
118000598,29,0,29
118000599,44,79,-35
118000600,3,88,-85
118000601,14,0,14
118000602,0,82,-82
118000603,0,62,-62
118900001,1951,2253,-302
118900002,1844,1684,160
118900003,303,43,260
118900004,133,147,-14
118900005,84,5,79
118900006,139,2,137
118900007,8,6,2
118900008,2459,86,2373
118900009,56,47,9
118900010,66,8,58
118900011,266,69,197
118900012,659,444,215
118900013,944,106,838
118900015,269,104,165
118900016,7,42,-35
118900017,302,326,-24
118900018,1781,42,1739
118900019,46,35,11
118900020,336,158,178
118900021,308,671,-363
118900022,206,113,93
118900023,391,182,209
118900024,168,344,-176
118900025,143,59,84
118900026,80,145,-65
118900027,875,601,274
118900028,306,346,-40
118900029,415,673,-258
118900030,350,184,166
118900031,226,189,37
118900032,317,322,-5
118900033,1427,834,593
118900034,305,33,272
118900035,239,323,-84
118900036,1298,1489,-191
118900037,979,419,560
118900038,497,440,57
118900039,692,398,294
118900040,267,368,-101
118900041,804,310,494
118900042,337,232,105
118900045,376,309,67
118900046,1568,453,1115
118900047,1432,503,929
118900048,1457,225,1232
118900049,122,74,48
118900050,11,227,-216
118900051,99,100,-1
118900052,875,340,535
118900053,67,186,-119
118900054,190,146,44
118900055,112,184,-72
118900056,60,444,-384
118900057,984,644,340
118900058,980,598,382
118900059,41,172,-131
118900060,79,207,-128
118900062,288,389,-101
118900064,1147,1124,23
118900065,42,451,-409
118900066,189,216,-27
118900067,9601,5267,4334
118900068,8,1425,-1417
118900069,521,537,-16
118900071,6,114,-108
118900072,720,841,-121
118900073,99,246,-147
118900074,167,287,-120
118900075,95,165,-70
118900076,880,123,757
118900077,373,352,21
118900078,35,4,31
118900079,86,400,-314
118900080,23,166,-143
118900081,138,50,88
118900082,1069,257,812
118900083,31,19,12
118900084,27,33,-6
118900085,1008,1889,-881
118900086,54,172,-118
118900087,45,382,-337
118900088,0,40,-40
118900089,77,31,46
118900090,781,837,-56
118900091,274,483,-209
118900092,150,187,-37
118900093,187,25,162
118900096,77,32,45
118900097,305,1231,-926
118900099,85,592,-507
118900100,270,403,-133
118900101,125,1332,-1207
118900102,72,136,-64
118900103,91,163,-72
118900104,233,336,-103
118900105,321,183,138
118900107,339,223,116
118900108,127,164,-37
118900109,125,81,44
118900110,2742,1256,1486
118900111,656,1159,-503
118900112,152,203,-51
118900113,253,1175,-922
118900114,38,150,-112
118900115,157,824,-667
118900116,146,298,-152
118900117,125,278,-153
118900118,308,772,-464
118900119,204,461,-257
118900120,142,583,-441
118900121,30,422,-392
118900122,25,1518,-1493
118900123,227,394,-167
118900124,172,457,-285
118900126,58,640,-582
118900129,519,380,139
118900130,46,186,-140
118900131,156,468,-312
118900132,1308,378,930
118900133,27,144,-117
118900135,333,471,-138
118900136,352,1154,-802
118900137,23,47,-24
118900139,320,1069,-749
118900140,677,1278,-601
118900141,98,371,-273
118900144,341,889,-548
118900145,55,321,-266
118900146,435,1337,-902
118900147,853,185,668
118900148,99,142,-43
118900150,266,889,-623
118900152,699,1606,-907
118900157,254,315,-61
118900158,89,151,-62
118900159,1,334,-333
118900161,291,13,278
118900163,395,149,246
118900164,16,172,-156
118900165,119,487,-368
118900166,32,1,31
118900167,128,233,-105
118900168,7,132,-125
118900169,171,860,-689
118900170,199,277,-78
118900171,32,36,-4
118900174,105,124,-19
118900175,521,767,-246
118900176,180,392,-212
118900177,65,93,-28
118900178,88,233,-145
118900179,5,77,-72
118900181,152,214,-62
118900182,208,73,135
118900183,38,182,-144
118900184,408,162,246
118900185,114,260,-146
118900186,132,163,-31
118900187,318,608,-290
118900188,458,568,-110
118900189,44,1368,-1324
118900190,30,1055,-1025
118900191,239,93,146
118900192,271,59,212
118900193,658,9,649
118900195,578,1663,-1085
118900196,44,331,-287
118900197,210,135,75
118900198,16,65,-49
118900199,86,117,-31
118900200,21,39,-18
118900201,35,34,1
118900202,17,105,-88
118900203,19,73,-54
118900204,10,74,-64
118900205,4,19,-15
118900206,3,46,-43
119000001,2186,3169,-983
119000002,4960,6700,-1740
119000003,3065,2774,291
119000004,4918,3135,1783
119000005,5158,4528,630
119000006,3287,2757,530
119000007,6120,6278,-158
119000008,4317,3772,545
119000009,6129,6501,-372
119000010,13380,6729,6651
119000011,9881,4897,4984
119000012,7454,5772,1682
119000013,3442,2299,1143
119000014,4957,6254,-1297
119000019,512,422,90
119000020,2836,2773,63
119000021,5616,4103,1513
119000022,7429,5189,2240
119000023,751,497,254
119000024,4072,16190,-12118
119000025,24752,2559,22193
119000026,331,461,-130
119000027,1116,815,301
119000028,3903,3359,544
119000029,192,489,-297
119000030,882,2554,-1672
119000031,1222,1180,42
119000032,4502,4836,-334
119000033,3820,3747,73
119000034,1747,1972,-225
119000035,57,713,-656
119000036,2043,1885,158
119000037,1510,3467,-1957
119000038,258,2133,-1875
119000039,394,615,-221
119000040,2344,1083,1261
119000041,2017,2429,-412
119000048,5797,5924,-127
119000049,2610,5089,-2479
119000050,3259,4983,-1724
119000051,4097,1756,2341
119000052,3387,5912,-2525
119000053,2738,1895,843
119000054,4125,7367,-3242
119000055,4495,6094,-1599
119000056,2812,3511,-699
119000057,1913,4784,-2871
119000058,2955,4117,-1162
119000059,1789,3520,-1731
119000060,2090,1691,399
119000061,1530,1509,21
119000062,1736,2123,-387
119000063,598,770,-172
119000064,2690,2836,-146
119000065,3412,6550,-3138
119000066,4349,1747,2602
119000067,2877,4850,-1973
119000068,2117,1807,310
119000069,2186,5489,-3303
119000070,2771,1869,902
119000071,799,1638,-839
119000072,14040,6627,7413
119000073,11406,11075,331
119000074,1749,6163,-4414
119000075,2052,4233,-2181
119000076,993,1526,-533
119000077,1849,1075,774
119000078,808,342,466
119000079,274,1258,-984
119000080,430,427,3
119000081,875,936,-61
119000082,2443,494,1949
119000083,845,619,226
119000084,465,1056,-591
119000085,1146,566,580
119000086,351,852,-501
119000087,2608,1650,958
119000088,406,382,24
119000089,82,387,-305
119000090,175,281,-106
119000091,178,810,-632
119000092,942,330,612
119000093,7278,6162,1116
119000094,3444,13248,-9804
119000095,1872,5385,-3513
119000097,5116,3155,1961
119000098,1210,3494,-2284
119000099,3573,4069,-496
119000100,4679,3649,1030
119000101,7616,3795,3821
119000102,1480,1607,-127
119000103,3214,1016,2198
119000104,5750,2600,3150
119000105,1544,2297,-753
119000106,599,3505,-2906
119000107,904,816,88
119000108,513,1965,-1452
119000109,344,1080,-736
119000110,1534,1121,413
119000111,166,1187,-1021
119000112,441,256,185
119000113,5468,625,4843
119000114,1351,1485,-134
119000115,253,523,-270
119000116,244,226,18
119000117,234,633,-399
119000118,2,16,-14
119000123,10723,1224,9499
119000124,962,434,528
119000125,3701,1782,1919
119000126,605,1549,-944
119000127,717,1575,-858
119000128,113,15,98
119000131,1210,1555,-345
119000132,5,20,-15
119000133,2,8,-6
119000134,5660,1107,4553
119000135,248,362,-114
119000136,200,370,-170
119000137,251,839,-588
119000138,454,532,-78
119000139,420,543,-123
119000140,285,517,-232
119000284,1932,5528,-3596
119000285,3822,4126,-304
119000286,11190,10168,1022
119000287,2287,4126,-1839
119000288,3954,2692,1262
119000289,5505,7164,-1659
119000290,301,1347,-1046
119000291,14,690,-676
119000293,159,354,-195
119000294,48,61,-13
119000295,4740,1194,3546
119000296,129,253,-124
119000302,5632,2652,2980
119000303,103,438,-335
119000314,2356,13787,-11431
119000315,1,879,-878
119000316,100,160,-60
119000317,70,690,-620
119900001,345,1798,-1453
119900002,263,445,-182
119900003,94,2153,-2059
119900004,487,1065,-578
119900005,282,205,77
119900006,392,663,-271
119900007,1345,196,1149
119900008,196,48,148
119900009,1042,969,73
119900010,3597,2821,776
119900011,18,97,-79
119900012,47,135,-88
119900013,2874,1577,1297
119900014,1477,529,948
119900015,139,35,104
119900016,52,169,-117
119900017,18,80,-62
119900018,3072,1043,2029
119900019,61,14,47
119900020,188,292,-104
119900021,276,137,139
119900022,270,681,-411
119900023,1617,1607,10
119900025,168,52,116
119900026,1692,201,1491
119900027,18,25,-7
119900028,303,119,184
119900029,1,15,-14
119900030,642,892,-250
119900031,78,433,-355
119900033,3640,376,3264
119900034,356,213,143
119900037,190,72,118
119900038,80,379,-299
119900039,49,11,38
119900040,142,19,123
119900041,143,83,60
119900042,156,326,-170
119900043,101,320,-219
119900044,400,846,-446
119900046,129,113,16
119900047,351,64,287
119900048,43,52,-9
119900049,126,23,103
119900050,144,170,-26
119900051,786,14,772
119900052,73,106,-33
119900053,249,336,-87
119900054,114,11,103
119900055,1595,641,954
119900057,225,132,93
119900058,268,9,259
119900059,418,74,344
119900060,273,14,259
119900061,5,0,5
119900062,67,49,18
119900063,25,103,-78
119900064,584,107,477
119900065,280,9,271
119900066,0,2,-2
119900067,134,51,83
119900068,403,1,402
119900069,124,28,96
119900070,1150,99,1051
119900071,692,30,662
119900072,6,23,-17
119900073,3558,871,2687
119900074,149,52,97
119900075,10634,4178,6456
119900076,755,711,44
119900077,1019,2266,-1247
119900078,550,1571,-1021
119900079,227,549,-322
119900080,1522,2155,-633
119900081,150,72,78
119900082,1425,402,1023
119900083,597,179,418
119900084,2034,506,1528
119900085,266,155,111
119900086,215,273,-58
119900087,2560,614,1946
119900088,73,144,-71
119900089,47,1045,-998
119900090,324,149,175
119900091,142,2128,-1986
119900092,71,937,-866
119900093,1712,371,1341
119900094,84,409,-325
119900095,371,189,182
119900096,67,204,-137
119900097,1210,360,850
119900098,93,140,-47
119900099,68,465,-397
119900100,4856,4598,258
119900101,425,2622,-2197
119900102,36,587,-551
119900103,44,972,-928
119900104,49,516,-467
119900105,2369,7430,-5061
119900106,35,384,-349
119900107,708,6642,-5934
119900108,7083,1369,5714
119900109,44,594,-550
119900110,840,1691,-851
119900111,122,624,-502
119900112,5209,1222,3987
119900113,161,659,-498
119900114,332,3341,-3009
119900115,277,2262,-1985
119900116,197,843,-646
119900117,414,1935,-1521
119900118,69,1933,-1864
119900119,286,483,-197
119900120,1049,1323,-274
119900121,382,2527,-2145
119900122,733,601,132
119900123,423,530,-107
119900124,275,2008,-1733
119900125,67,741,-674
119900126,12411,686,11725
119900127,4513,1881,2632
119900128,621,1586,-965
119900129,301,1724,-1423
119900130,51,601,-550
119900131,60,619,-559
119900132,1,696,-695
119900133,50,108,-58
119900134,4418,549,3869
119900135,2,999,-997
119900136,216,872,-656
119900138,643,1507,-864
119900139,69,178,-109
119900140,3,370,-367
119900141,258,1209,-951
119900142,35,61,-26
119900143,27,435,-408
119900144,4149,502,3647
119900145,194,379,-185
119900146,238,464,-226
119900147,13,331,-318
119900148,220,83,137
119900149,4066,6208,-2142
119900150,306,380,-74
119900151,4205,2061,2144
119900152,132,1046,-914
119900153,189,128,61
119900154,52,555,-503
119900155,60,72,-12
119900156,22,7,15
119900157,153,548,-395
119900158,229,107,122
119900159,15,2939,-2924
119900160,40,412,-372
119900161,241,709,-468
119900162,1226,1396,-170
119900163,296,264,32
119900164,1,3,-2
119900165,176,470,-294
119900166,84,50,34
119900167,208,220,-12
119900168,925,774,151
119900169,207,841,-634
119900170,288,368,-80
119900171,1243,834,409
119900172,162,29,133
119900173,14,967,-953
119900174,3,409,-406
119900175,1348,1173,175
119900177,58,343,-285
119900178,16,324,-308
119900179,139,436,-297
119900180,1293,1326,-33
119900181,86,139,-53
119900182,12,1048,-1036
119900183,235,1626,-1391
119900184,6112,1214,4898
119900185,81,229,-148
119900186,245,1082,-837
119900187,16,1175,-1159
119900188,100,553,-453
119900189,717,506,211
119900190,114,281,-167
119900191,566,177,389
119900192,71,402,-331
119900193,333,417,-84
119900194,37,118,-81
119900195,43,535,-492
119900196,2886,719,2167
119900197,499,174,325
119900198,173,739,-566
119900199,257,54,203
119900200,619,1037,-418
119900201,576,430,146
119900202,228,248,-20
119900203,300,642,-342
119900204,298,590,-292
119900205,705,1169,-464
119900206,124,275,-151
119900208,316,346,-30
119900209,836,1705,-869
119900210,42,94,-52
119900211,199,20,179
119900212,247,658,-411
119900213,10,95,-85
119900214,36,165,-129
119900215,72,134,-62
119900216,13,158,-145
119900217,22,141,-119
119900218,56,171,-115
119900219,9,225,-216
119900220,9,198,-189
119900221,69,622,-553
119900222,49,493,-444
119900223,37,195,-158
119900224,22,45,-23
119900225,2061,121,1940
119900226,1465,3012,-1547
119900227,2373,789,1584
119900228,206,667,-461
119900229,402,925,-523
119900230,2867,1197,1670
119900231,242,388,-146
119900232,364,162,202
119900233,85,7,78
119900234,56,111,-55
119900235,65,110,-45
119900236,25,461,-436
119900237,103,1252,-1149
119900238,7,171,-164
119900240,141,274,-133
119900241,233,467,-234
119900242,3800,5580,-1780
119900244,1657,3143,-1486
119900245,244,315,-71
119900246,449,673,-224
119900247,59,176,-117
119900248,108,153,-45
119900249,271,109,162
119900253,8057,841,7216
119900254,127,825,-698
119900255,189,1179,-990
119900256,642,2014,-1372
119900257,71,4,67
119900258,130,19,111
119900259,6,329,-323
119900260,170,7,163
119900261,305,400,-95
119900262,2,503,-501
119900263,1921,739,1182
119900264,126,487,-361
119900265,672,919,-247
119900266,344,605,-261
119900267,491,884,-393
119900268,264,454,-190
119900269,1370,3103,-1733
119900271,70,194,-124
119900272,704,138,566
119900275,292,41,251
119900276,78,5,73
119900277,93,101,-8
119900278,634,171,463
119900279,249,670,-421
119900280,1773,374,1399
119900281,3,181,-178
119900282,93,80,13
119900283,28,558,-530
119900284,80,517,-437
119900285,36,129,-93
119900286,10,60,-50
119900288,12,54,-42
119900289,4,68,-64
119900290,8,51,-43
119900291,0,96,-96
119900292,25,48,-23
119900293,26,121,-95
119900294,28,150,-122
119900295,11,44,-33
119900296,58,487,-429
119900297,2,46,-44
119900298,3,9,-6
119900299,76,452,-376
119900300,348,423,-75
119900301,544,106,438
119900302,252,194,58
119900303,324,430,-106
119900304,217,63,154
119900305,36,241,-205
119900306,38,4,34
119900307,52,376,-324
119900308,19,44,-25
119900309,51,142,-91
119900310,445,573,-128
119900311,83,322,-239
119900312,167,153,14
119900313,353,700,-347
119900314,195,520,-325
119900315,1723,4850,-3127
119900318,19,29,-10
119900319,16,637,-621
119900320,269,1105,-836
119900321,92,9,83
120000001,18286,23563,-5277
120000002,3439,5671,-2232
120000003,4995,2925,2070
120000004,4109,3691,418
120000005,7800,3287,4513
120000006,2091,2298,-207
120000007,6356,4258,2098
120000008,1431,2553,-1122
120000009,7614,1719,5895
120000010,2402,4884,-2482
120000011,1850,4001,-2151
120000012,2177,5485,-3308
120000013,3710,4951,-1241
120000014,937,3025,-2088
120000015,4064,2928,1136
120000016,5388,5217,171
120000017,4324,4625,-301
120000018,8851,16379,-7528
120000019,1268,2308,-1040
120000020,4950,4961,-11
120000021,2862,4096,-1234
120000022,4773,5955,-1182
120000023,1239,2817,-1578
120000024,2335,3855,-1520
120000025,3257,3885,-628
120000026,1867,3089,-1222
120000027,2130,3171,-1041
120000028,2250,1195,1055
120000029,12464,1444,11020
120000030,727,2591,-1864
120000031,3698,22877,-19179
120000032,17474,6426,11048
120000033,6266,3879,2387
120000034,2558,4339,-1781
120000035,2832,4536,-1704
120000036,4288,8569,-4281
120000037,931,2689,-1758
120000038,17677,5752,11925
120000039,813,1462,-649
120000040,213,469,-256
120000041,1958,3164,-1206
120000042,3162,6251,-3089
120000043,7358,5066,2292
120000044,5978,2382,3596
120000045,5990,1845,4145
120000046,3000,4153,-1153
120000047,3769,6952,-3183
120000048,14925,6885,8040
120000049,8356,5109,3247
120000050,8602,9068,-466
120000051,5678,9844,-4166
120000052,22974,4396,18578
120000053,1394,6222,-4828
120000054,1898,10301,-8403
120000055,2295,9830,-7535
120000056,4992,8100,-3108
120000057,3457,1194,2263
120000058,3128,547,2581
120000059,107,1934,-1827
120000061,226,1039,-813
120000062,313,649,-336
120000063,3058,5091,-2033
120000064,346,2633,-2287
120000065,968,3478,-2510
120000066,345,760,-415
120000067,121,861,-740
120000068,305,1894,-1589
120000069,1059,2679,-1620
120000070,72,1637,-1565
120000071,474,390,84
120000072,751,954,-203
120000073,846,221,625
120000074,228,128,100
120000075,852,435,417
120000076,2444,703,1741
120000077,2089,1013,1076
120000078,5371,1714,3657
120000079,286,202,84
120000080,109,326,-217
120000081,498,268,230
120000082,257,321,-64
120000083,101,648,-547
120000084,773,856,-83
120000085,571,555,16
120000086,504,889,-385
120000087,241,1766,-1525
120000088,981,2566,-1585
120000089,1515,1394,121
120000090,988,993,-5
120000091,1195,2057,-862
120000092,1865,1271,594
120000093,495,1056,-561
120000094,184,1093,-909
120000095,1476,1049,427
120000096,325,1873,-1548
120000098,1294,1936,-642
120000099,700,1268,-568
120000100,1032,1416,-384
120000101,750,847,-97
120000102,653,1153,-500
120000103,1743,944,799
120000104,2200,651,1549
120000105,3601,842,2759
120000106,2282,841,1441
120000107,3978,952,3026
120000108,1258,219,1039
120000109,1537,133,1404
120000110,122,1794,-1672
120000111,177,2110,-1933
120000112,1068,6984,-5916
120000113,778,5258,-4480
120000114,1226,5831,-4605
120000115,477,4779,-4302
120000116,1042,3639,-2597
120000117,2542,2949,-407
120000118,83,56,27
120000119,67,140,-73
120000120,105,96,9
120000121,54,122,-68
120000122,637,597,40
120000123,11388,8217,3171
120000124,565,890,-325
120000125,676,1656,-980
120000126,741,1508,-767
120000127,4869,1707,3162
120000128,10603,4788,5815
120000129,531,581,-50
120000130,1345,1305,40
120000131,436,840,-404
120000134,672,2465,-1793
120000135,529,615,-86
120000137,364,3828,-3464
120000138,847,929,-82
120000139,359,1963,-1604
120000140,868,1089,-221
120000141,460,936,-476
120000142,663,1070,-407
120000143,3,201,-198
120000144,112,2,110
120000145,382,5,377
120000146,5059,2010,3049
120000149,721,1945,-1224
120000150,8451,13008,-4557
120000151,597,966,-369
120000152,643,624,19
120000153,377,1844,-1467
120000154,868,846,22
120000155,188,452,-264
120000156,3132,1493,1639
120000157,1451,1226,225
120000158,1239,1914,-675
120000159,2580,4119,-1539
120000160,3182,2567,615
120000161,3203,5297,-2094
120000162,257,470,-213
120000163,822,2286,-1464
120000164,595,783,-188
120000165,601,1697,-1096
120000166,1471,1216,255
120000167,79,264,-185
120000168,19,776,-757
120000169,94,1232,-1138
120000170,147,508,-361
120000171,40,201,-161
120000172,81,76,5
120000173,9113,654,8459
120000174,1172,20,1152
120000175,2121,22,2099
120000176,1060,39,1021
120000177,4269,223,4046
120000178,417,30,387
120000179,1069,77,992
120000180,1254,169,1085
120000181,325,1175,-850
120000182,226,522,-296
120000183,33,419,-386
120000184,238,1543,-1305
120000186,187,155,32
120000187,216,79,137
120000188,1443,168,1275
120000190,3416,46,3370
120000191,3680,75,3605
120000192,2230,46,2184
120000193,1189,21,1168
120000195,136,5,131
120000196,409,139,270
120000197,193,537,-344
120000198,214,232,-18
120000199,136,2,134
120000200,173,1,172
120000201,8,25,-17
120000202,3,111,-108
120000203,39,436,-397
120000207,1,139,-138
120000208,9,446,-437
120000209,1,130,-129
120000210,241,242,-1
120000211,103,3,100
120000212,111,0,111
120000213,94,504,-410
120000214,3,546,-543
120000215,7,239,-232
120000216,56,10,46
120000217,1201,2195,-994
120000218,293,1580,-1287
120000219,10,1041,-1031
120000220,17,3373,-3356
120000225,1393,2,1391
120000226,324,3,321
120000227,838,70,768
120000228,12549,4886,7663
120000230,380,26,354
120000231,1578,4570,-2992
120000233,331,19,312
120000235,250,1381,-1131
120000236,1157,0,1157
120000237,12,3824,-3812
120000238,0,618,-618
120000241,1782,7049,-5267
120000412,3097,37,3060
120000413,407,806,-399
120000414,101,4,97
120000415,2,318,-316
120000416,196,11,185
120000417,6,225,-219
120000418,148,57,91
120000419,12,757,-745
120000420,107,59,48
120000421,24027,9508,14519
120000422,357,1114,-757
120000423,3,83,-80
120000424,71,258,-187
120000436,158,751,-593
120000437,269,263,6
120000438,8085,949,7136
120000439,225,596,-371
120000443,208,1,207
120000444,1495,1482,13
120000445,2723,2278,445
120000446,1760,531,1229
120000447,247,10,237
120000449,124,35,89
120000450,6,555,-549
120000451,209,543,-334
120000452,183,4,179
120000453,4,1041,-1037
120000454,180,93,87
120000455,129,110,19
120000456,4995,6387,-1392
120000457,2994,1504,1490
120000458,945,1117,-172
120000459,96,185,-89
120000665,4503,400,4103
120000668,221,739,-518
120000669,107,635,-528
120000670,544,876,-332
120000671,2467,670,1797
120000672,141,743,-602
120900001,47,76,-29
120900002,1700,822,878
120900003,474,69,405
120900004,13,152,-139
120900005,15,2402,-2387
120900006,392,316,76
120900007,166,337,-171
120900008,251,2194,-1943
120900009,508,43,465
120900010,437,118,319
120900011,688,241,447
120900012,1809,1630,179
120900013,407,141,266
120900014,9,1495,-1486
120900015,864,217,647
120900016,833,95,738
120900017,6247,191,6056
120900018,155,1014,-859
120900019,827,299,528
120900020,1345,1535,-190
120900021,788,211,577
120900022,46,834,-788
120900023,238,55,183
120900024,2577,798,1779
120900025,3242,2029,1213
120900026,347,398,-51
120900027,1766,93,1673
120900028,394,110,284
120900029,253,471,-218
120900030,1504,931,573
120900031,289,123,166
120900032,1014,241,773
120900033,1231,93,1138
120900034,43,4366,-4323
120900035,74,412,-338
120900037,290,12,278
120900038,93,267,-174
120900039,101,67,34
120900040,310,4,306
120900041,221,57,164
120900042,448,107,341
120900043,44,36,8
120900044,18,1047,-1029
120900045,226,372,-146
120900046,439,7,432
120900047,169,93,76
120900048,83,19,64
120900049,344,3,341
120900050,6815,1998,4817
120900051,359,236,123
120900052,654,4,650
120900053,287,185,102
120900054,2354,1473,881
120900055,386,3,383
120900056,456,14,442
120900057,138,21,117
120900058,570,1,569
120900059,76,8,68
120900060,143,87,56
120900061,324,1025,-701
120900062,247,2,245
120900063,567,2,565
120900064,506,2,504
120900065,520,11,509
120900066,346,363,-17
120900067,198,62,136
120900068,262,2,260
120900069,230,96,134
120900071,31,7,24
120900072,596,9,587
120900073,425,404,21
120900074,791,16,775
120900076,372,1,371
120900077,8323,706,7617
120900078,777,1292,-515
120900079,670,138,532
120900080,589,3628,-3039
120900081,988,2040,-1052
120900082,1057,602,455
120900083,138,7,131
120900084,363,555,-192
120900085,191,208,-17
120900086,300,343,-43
120900087,551,279,272
120900088,330,510,-180
120900089,7991,2920,5071
120900090,169,434,-265
120900091,787,813,-26
120900092,1888,1158,730
120900093,6263,551,5712
120900094,937,505,432
120900095,964,72,892
120900096,82,463,-381
120900097,1053,1603,-550
120900098,377,320,57
120900099,81,124,-43
120900100,135,558,-423
120900101,1033,467,566
120900102,27,575,-548
120900103,64,352,-288
120900104,45,93,-48
120900105,51,1135,-1084
120900106,2200,1103,1097
120900107,437,288,149
120900108,28,1469,-1441
120900109,65,1312,-1247
120900110,24,2699,-2675
120900111,294,704,-410
120900112,18,2229,-2211
120900113,35,1661,-1626
120900114,59,346,-287
120900115,247,357,-110
120900116,408,1077,-669
120900117,6,1065,-1059
120900118,16,1519,-1503
120900119,5496,13886,-8390
120900120,126,1296,-1170
120900121,241,879,-638
120900122,564,1281,-717
120900123,6,936,-930
120900124,3,1185,-1182
120900125,4,2363,-2359
120900126,2250,1916,334
120900127,15,830,-815
120900128,1391,2246,-855
120900129,74,592,-518
120900130,12,836,-824
120900131,62,228,-166
120900132,961,778,183
120900133,320,2143,-1823
120900134,961,797,164
120900135,25,1119,-1094
120900136,111,161,-50
120900137,303,187,116
120900138,54,392,-338
120900139,2,1346,-1344
120900140,5,182,-177
120900141,415,303,112
120900142,36,1631,-1595
120900143,3,1543,-1540
120900144,2,363,-361
120900145,184,1387,-1203
120900146,8,1744,-1736
120900147,2,728,-726
120900148,230,309,-79
120900149,2,641,-639
120900150,40,1180,-1140
120900151,2,1243,-1241
120900152,0,90,-90
120900153,21,146,-125
120900154,1,657,-656
120900155,189,1861,-1672
120900156,46,579,-533
120900157,116,287,-171
120900158,58,969,-911
120900159,97,298,-201
120900160,54,833,-779
120900161,63,1008,-945
120900162,27,1154,-1127
120900163,61,795,-734
120900164,0,4,-4
120900165,7,13,-6
120900166,575,467,108
120900167,1121,253,868
120900169,105,1083,-978
120900170,4605,2941,1664
120900171,2017,676,1341
120900172,4632,642,3990
120900173,0,123,-123
120900174,18,245,-227
120900175,437,559,-122
120900176,20,647,-627
120900177,2,1538,-1536
120900178,1,675,-674
120900179,1301,945,356
120900180,333,214,119
120900181,300,166,134
120900182,29,2223,-2194
120900183,533,301,232
120900184,228,173,55
120900185,36,805,-769
120900186,3,915,-912
120900187,740,1659,-919
120900188,232,35,197
120900189,323,1108,-785
120900190,57,45,12
120900191,8,69,-61
120900192,23142,6704,16438
120900194,41,162,-121
120900195,199,467,-268
120900196,1533,65,1468
120900197,727,156,571
120900198,364,1056,-692
120900199,593,3221,-2628
120900200,125,233,-108
120900201,940,285,655
120900202,3,426,-423
120900203,51,138,-87
120900204,203,578,-375
120900205,117,136,-19
120900206,12,74,-62
121000001,2635,1933,702
121000002,8832,4353,4479
121000003,7136,3792,3344
121000004,6385,16230,-9845
121000005,4365,5573,-1208
121000006,7636,3348,4288
121000007,7006,4821,2185
121000008,17293,7119,10174
121000009,12903,11657,1246
121000010,21387,15100,6287
121000011,15194,27238,-12044
121000012,28599,22944,5655
121000013,8916,15105,-6189
121000014,12354,14644,-2290
121000015,12149,13354,-1205
121000016,9216,9866,-650
121000017,3954,6398,-2444
121000018,4012,3371,641
121000019,33071,18175,14896
121000020,21041,22496,-1455
121000021,5527,5916,-389
121000022,4051,4068,-17
121000023,6564,5933,631
121000024,6181,7764,-1583
121000025,1531,2819,-1288
121000026,627,286,341
121000027,3047,1820,1227
121000028,1585,817,768
121000029,2038,1299,739
121000030,1319,845,474
121000031,1775,1283,492
121000032,469,155,314
121000034,1929,344,1585
121000035,1026,147,879
121000036,3472,1730,1742
121000037,1796,928,868
121000038,1622,1515,107
121000039,1370,781,589
121000041,903,766,137
121000042,475,638,-163
121000043,1828,1179,649
121000044,4228,1449,2779
121000045,843,655,188
121000046,967,1679,-712
121000047,157,139,18
121000049,3738,989,2749
121000050,638,2155,-1517
121000051,1594,488,1106
121000052,757,1107,-350
121000053,1175,205,970
121000054,83,621,-538
121000055,3005,2054,951
121000056,1652,1941,-289
121000057,501,840,-339
121000058,556,202,354
121000059,4672,2301,2371
121000060,713,1615,-902
121000061,1025,444,581
121000062,394,604,-210
121000063,1230,925,305
121000064,1121,912,209
121000065,1174,663,511
121000066,751,490,261
121000067,2338,694,1644
121000068,1299,607,692
121000069,1404,1156,248
121000070,4018,1904,2114
121000071,2985,2547,438
121000072,3273,1350,1923
121000073,4242,1377,2865
121000074,482,234,248
121000075,206,455,-249
121000076,2611,791,1820
121000077,321,373,-52
121000078,256,214,42
121000080,4653,1287,3366
121000081,7229,8428,-1199
121000082,254,359,-105
121000083,588,259,329
121000084,413,188,225
121000085,467,917,-450
121000086,238,1258,-1020
121000087,80,440,-360
121000088,662,1335,-673
121000089,819,600,219
121000090,1079,624,455
121000091,2734,1644,1090
121000092,302,155,147
121000093,184,367,-183
121000094,752,1332,-580
121000095,590,937,-347
121000096,3201,5216,-2015
121000097,2214,3630,-1416
121000098,780,2059,-1279
121000099,663,1390,-727
121000100,1192,854,338
121000101,491,474,17
121000102,409,591,-182
121000103,273,475,-202
121000104,375,302,73
121000105,599,384,215
121000106,352,617,-265
121000107,5160,6267,-1107
121000109,2998,1972,1026
121000110,564,1348,-784
121000114,5601,3330,2271
121000115,1988,1421,567
121000116,590,1904,-1314
121000117,1404,516,888
121000118,2321,417,1904
121000119,482,627,-145
121000120,384,683,-299
121000121,946,1760,-814
121000123,2819,885,1934
121000126,208,593,-385
121000127,657,187,470
121000128,1270,786,484
121000129,1211,932,279
121000130,750,1731,-981
121000131,3828,2788,1040
121000132,2471,2450,21
121000135,893,1300,-407
121000136,2924,937,1987
121000137,749,528,221
121000138,2203,1740,463
121000139,1182,249,933
121000141,717,306,411
121000142,1505,1110,395
121000143,170,54,116
121000144,1737,2830,-1093
121000145,1044,1978,-934
121000146,2773,1856,917
121000147,1595,1085,510
121000148,1897,1799,98
121000149,4975,2309,2666
121000152,1007,1503,-496
121000153,3869,1802,2067
121000154,1606,2526,-920
121000155,2865,2358,507
121000156,636,2189,-1553
121000157,2324,4733,-2409
121000158,448,1782,-1334
121000159,313,1311,-998
121000160,479,1095,-616
121000161,269,574,-305
121000162,130,374,-244
121000165,3483,2667,816
121000166,57,1181,-1124
121000168,951,643,308
121000169,147,272,-125
121000170,607,619,-12
121000171,175,367,-192
121000172,1241,869,372
121000173,2628,1777,851
121000174,533,676,-143
121000175,1773,631,1142
121000176,717,356,361
121000177,3516,1182,2334
121000178,228,85,143
121000179,137,104,33
121000181,418,1072,-654
121000182,255,242,13
121000183,109,124,-15
121000184,379,147,232
121000185,98,331,-233
121000186,373,850,-477
121000187,282,413,-131
121000188,296,398,-102
121000192,1356,840,516
121000193,1101,884,217
121000194,5050,4297,753
121000195,998,1796,-798
121000196,2771,563,2208
121000197,830,1368,-538
121000198,1095,195,900
121000199,393,795,-402
121000200,1607,142,1465
121000201,31,428,-397
121000202,4776,187,4589
121000203,1638,3599,-1961
121000204,4338,1238,3100
121000205,652,544,108
121000206,431,62,369
121000207,2825,747,2078
121000208,10,713,-703
121000209,447,665,-218
121000210,554,1148,-594
121000211,585,310,275
121000212,489,1502,-1013
121000213,16138,5820,10318
121000214,1439,6197,-4758
121000215,2387,1797,590
121000216,1265,1500,-235
121000217,12497,5818,6679
121000218,1229,3332,-2103
121000219,5316,785,4531
121000220,677,108,569
121000221,398,574,-176
121000222,5075,4033,1042
121000223,1511,429,1082
121000224,779,283,496
121000225,4844,1959,2885
121000226,15457,1760,13697
121000227,14,454,-440
121000228,36,1224,-1188
121000229,644,758,-114
121000230,119,3074,-2955
121000231,1233,96,1137
121000232,566,459,107
121000233,1177,472,705
121000234,44,55,-11
121000235,149,62,87
121000236,15,125,-110
121000237,80,21,59
121000238,12,153,-141
121000239,77,6,71
121000240,21,508,-487
121000241,134,18,116
121000242,75,327,-252
121000243,475,123,352
121000244,15,112,-97
121000245,121,20,101
121000246,6,175,-169
121000247,135,9,126
121000248,1527,919,608
121000249,257,445,-188
121000250,1159,238,921
121000251,39,888,-849
121000252,166,134,32
121000253,504,906,-402
121000254,866,584,282
121000255,569,362,207
121000256,1111,366,745
121000257,159,146,13
121000258,471,68,403
121000259,160,94,66
121000260,425,301,124
121000261,436,60,376
121000262,1815,2059,-244
121000263,490,691,-201
121000271,503,2814,-2311
121000273,479,16,463
121000274,114,93,21
121000275,11,35,-24
121000276,9,24,-15
121000278,93,101,-8
121000279,184,39,145
121000280,482,67,415
121000289,306,32,274
121000290,2648,1161,1487
121000294,184,277,-93
121000297,2361,2651,-290
121000299,1122,418,704
121000300,1293,1275,18
121000302,263,2443,-2180
121000303,1053,1343,-290
121000304,843,114,729
121000305,302,69,233
121000306,232,208,24
121000308,350,929,-579
121000309,961,1231,-270
121000310,420,726,-306
121000311,139,1650,-1511
121000312,737,568,169
121000313,1001,1349,-348
121000314,190,258,-68
121000315,109,217,-108
121000530,2127,2584,-457
121000531,2314,2532,-218
121000532,10861,9890,971
121000533,4187,4978,-791
121000918,153,259,-106
121000919,111,81,30
121000938,676,1301,-625
121000939,1033,1515,-482
121000956,1338,2826,-1488
121000957,7,24,-17
121000958,951,91,860
121000959,1102,1420,-318
121000960,3029,3002,27
121000961,300,229,71
121000962,427,2010,-1583
121000973,1,255,-254
121000976,43,341,-298
121000979,633,253,380
121000981,432,303,129
121000982,412,487,-75
121000983,729,693,36
121000984,322,78,244
121000985,722,1571,-849
121000986,386,687,-301
121000987,536,2869,-2333
121000988,1205,239,966
121001302,668,288,380
121001308,95,11,84
121001309,284,95,189
121001313,417,434,-17
121001314,4660,6647,-1987
121001315,7184,4481,2703
121900001,157,299,-142
121900002,275,26,249
121900003,555,63,492
121900004,437,731,-294
121900005,28,18,10
121900006,227,47,180
121900007,4459,4593,-134
121900008,1973,856,1117
121900009,1105,34,1071
121900010,268,1,267
121900011,562,805,-243
121900012,38,0,38
121900013,2867,111,2756
121900014,2392,593,1799
121900015,272,359,-87
121900016,7,71,-64
121900017,688,830,-142
121900018,495,7,488
121900019,678,430,248
121900020,94,3,91
121900021,1196,14,1182
121900022,307,399,-92
121900023,207,723,-516
121900024,627,148,479
121900025,970,672,298
121900026,767,80,687
121900027,683,241,442
121900028,621,33,588
121900029,253,427,-174
121900030,1248,1488,-240
121900031,2492,14911,-12419
121900032,163,163,0
121900033,265,323,-58
121900034,1292,131,1161
121900035,4693,4049,644
121900036,159,638,-479
121900037,291,1004,-713
121900038,61,314,-253
121900039,767,80,687
121900040,73,119,-46
121900041,133,341,-208
121900042,520,238,282
121900043,5,15,-10
121900044,341,118,223
121900046,407,414,-7
121900047,382,92,290
121900048,72,268,-196
121900050,44,61,-17
121900051,212,247,-35
121900052,261,48,213
121900053,711,873,-162
121900054,1164,1413,-249
121900055,3,25,-22
121900058,757,377,380
121900059,689,294,395
121900060,176,493,-317
121900061,372,312,60
121900062,202,243,-41
121900063,2559,484,2075
121900064,419,1290,-871
121900066,109,35,74
121900067,71,80,-9
121900069,221,242,-21
121900070,730,215,515
121900071,351,476,-125
121900072,48,268,-220
121900073,381,323,58
121900074,1166,1765,-599
121900075,1729,521,1208
121900076,2063,999,1064
121900077,42,86,-44
121900078,81,41,40
121900079,0,0,0
121900080,1505,797,708
121900082,47,218,-171
121900084,8,332,-324
121900085,2,26,-24
121900086,15,57,-42
121900087,211,134,77
121900088,3508,6070,-2562
121900089,249,586,-337
121900090,26,143,-117
121900091,85,191,-106
121900092,156,125,31
121900093,103,174,-71
121900094,20,8,12
121900095,335,218,117
121900096,2899,1108,1791
121900097,775,241,534
121900098,7,7,0
121900099,258,91,167
121900100,302,581,-279
121900101,234,225,9
121900102,4,212,-208
121900103,1459,347,1112
121900104,2147,544,1603
121900105,388,365,23
121900106,9,8,1
121900107,50,57,-7
121900108,6,56,-50
121900109,688,233,455
121900110,581,1707,-1126
121900111,2059,231,1828
121900112,199,190,9
121900113,144,1366,-1222
121900114,78,200,-122
121900115,237,586,-349
121900117,856,89,767
121900118,4166,862,3304
121900119,269,204,65
121900120,61,2677,-2616
121900121,1231,136,1095
121900122,27,75,-48
121900123,364,884,-520
121900124,125,255,-130
121900125,1978,2539,-561
121900127,19,180,-161
121900128,144,171,-27
121900129,1123,266,857
121900130,276,426,-150
121900131,513,102,411
121900132,132,162,-30
121900133,137,670,-533
121900134,20,205,-185
121900135,4021,559,3462
121900136,420,671,-251
121900137,73,686,-613
121900138,374,482,-108
121900139,654,705,-51
121900140,111,308,-197
121900141,113,47,66
121900142,170,268,-98
121900143,36,284,-248
121900144,209,459,-250
121900145,344,502,-158
121900146,1180,1185,-5
121900147,69,262,-193
121900148,270,414,-144
121900149,788,1086,-298
121900150,104,235,-131
121900151,115,335,-220
121900152,155,258,-103
121900153,182,1048,-866
121900154,14,324,-310
121900155,7,280,-273
121900156,312,136,176
121900157,3,659,-656
121900158,158,149,9
121900159,2,319,-317
121900160,206,447,-241
121900161,643,556,87
121900162,157,242,-85
121900163,285,1040,-755
121900164,600,288,312
121900165,365,280,85
121900166,311,351,-40
121900167,195,225,-30
121900168,303,245,58
121900169,18,549,-531
121900170,3,447,-444
121900171,1033,1159,-126
121900172,783,407,376
121900173,2007,430,1577
121900174,40,91,-51
121900175,623,290,333
121900176,1249,2866,-1617
121900177,295,138,157
121900178,92,77,15
121900179,713,209,504
121900180,8991,6010,2981
121900182,2133,421,1712
121900183,942,1536,-594
121900184,104,995,-891
121900186,15,574,-559
121900187,45,260,-215
121900188,891,1048,-157
121900189,91,162,-71
121900190,931,894,37
121900191,135,671,-536
121900192,649,1210,-561
121900193,128,233,-105
121900194,19,360,-341
121900195,200,203,-3
121900196,1781,2516,-735
121900197,806,3211,-2405
121900198,1775,2475,-700
121900199,10,45,-35
121900200,343,374,-31
121900201,1907,1105,802
121900202,296,1110,-814
121900203,324,2235,-1911
121900204,1664,2487,-823
121900205,16,182,-166
121900206,52,26,26
121900207,382,93,289
121900208,398,416,-18
121900209,72,35,37
121900210,2755,2548,207
121900211,32,135,-103
121900212,220,235,-15
121900213,172,142,30
121900214,20,1527,-1507
121900215,121,117,4
121900216,355,300,55
121900217,379,192,187
121900218,403,1061,-658
121900220,255,39,216
121900221,426,1191,-765
121900222,350,226,124
121900223,530,122,408
121900224,231,113,118
121900225,695,114,581
121900226,605,936,-331
121900227,293,811,-518
121900228,414,594,-180
121900229,388,381,7
121900230,338,604,-266
121900231,612,2841,-2229
121900232,730,760,-30
121900233,473,411,62
121900234,1248,609,639
121900235,739,362,377
121900236,536,309,227
121900237,479,383,96
121900238,300,674,-374
121900239,317,85,232
121900240,289,250,39
121900241,52,82,-30
121900242,4,0,4
121900243,9,0,9
121900244,26,8,18
121900245,392,151,241
121900246,4549,768,3781
121900247,486,419,67
121900248,2446,1884,562
121900250,340,419,-79
121900251,495,83,412
121900252,899,246,653
121900253,261,1287,-1026
121900254,792,439,353
121900255,323,205,118
121900258,5122,3366,1756
121900259,489,1225,-736
121900260,250,356,-106
121900261,232,1114,-882
121900262,649,2885,-2236
121900263,256,707,-451
121900264,3606,3250,356
121900265,455,537,-82
121900266,385,304,81
121900267,92,81,11
121900269,483,990,-507
121900270,32,309,-277
121900271,45,263,-218
121900273,1456,3663,-2207
121900274,512,488,24
121900276,208,20,188
121900277,717,1845,-1128
121900278,506,1210,-704
121900279,182,310,-128
121900280,634,471,163
121900281,1106,577,529
121900284,199,25,174
121900286,250,262,-12
121900287,31,32,-1
121900290,379,537,-158
121900291,764,1087,-323
121900292,740,234,506
121900293,1554,5054,-3500
121900294,405,13,392
121900295,151,445,-294
121900296,403,418,-15
121900298,844,977,-133
121900299,0,0,0
121900300,38,3,35
121900301,105,1,104
121900302,2,35,-33
121900303,1482,735,747
121900304,0,4,-4
121900305,2,2,0
121900306,105,1,104
121900307,31,13,18
121900308,52,367,-315
121900309,56,403,-347
121900310,55,659,-604
121900311,396,53,343
121900312,299,16,283
121900313,343,45,298
121900314,3,107,-104
121900315,14,0,14
121900316,0,5,-5
121900317,14,2,12
121900318,0,15,-15
121900319,16,124,-108
121900320,68,163,-95
121900321,8,5,3
121900322,1,29,-28
121900323,41,30,11
121900324,10,140,-130
121900325,10,1,9
121900326,4,7,-3
121900327,0,32,-32
121900328,0,4,-4
121900329,2,103,-101
121900330,0,16,-16
121900331,139,77,62
121900332,100,88,12
121900333,25,7,18
122000001,4299,6835,-2536
122000002,8615,3044,5571
122000003,3339,3291,48
122000004,5161,2837,2324
122000005,4808,2284,2524
122000006,4549,1218,3331
122000007,2305,3271,-966
122000008,10397,10257,140
122000009,737,650,87
122000010,3567,6065,-2498
122000011,5592,2321,3271
122000012,2825,2012,813
122000013,6315,2255,4060
122000014,3304,4523,-1219
122000015,3423,1837,1586
122000016,1141,1533,-392
122000017,1970,1759,211
122000018,2651,1650,1001
122000019,1920,2250,-330
122000020,435,342,93
122000021,991,1025,-34
122000022,3049,2678,371
122000023,1068,6448,-5380
122000024,1949,1695,254
122000025,4436,2338,2098
122000026,2279,1370,909
122000027,1068,9486,-8418
122000028,1383,772,611
122000029,1268,644,624
122000030,750,263,487
122000031,431,520,-89
122000032,3836,7188,-3352
122000033,2218,1696,522
122000034,2199,1247,952
122000035,547,2144,-1597
122000036,1260,905,355
122000037,645,572,73
122000038,505,586,-81
122000039,1078,949,129
122000040,643,1818,-1175
122000041,1103,905,198
122000042,878,672,206
122000043,297,244,53
122000044,367,286,81
122000045,3139,809,2330
122000046,1858,2007,-149
122000047,740,322,418
122000048,6712,9528,-2816
122000049,10833,4028,6805
122000050,3695,1139,2556
122000051,1030,536,494
122000052,1157,501,656
122000053,413,930,-517
122000054,4633,3497,1136
122000055,5674,4520,1154
122000056,8905,7609,1296
122000057,5669,5795,-126
122000058,6910,1621,5289
122000059,6254,2395,3859
122000060,1649,1123,526
122000061,916,813,103
122000062,2767,511,2256
122000063,3063,1265,1798
122000064,9195,3884,5311
122000065,13220,4181,9039
122000066,3274,1564,1710
122000067,6105,2338,3767
122000068,2958,3484,-526
122000069,1239,1146,93
122000070,1364,11342,-9978
122000071,2172,4319,-2147
122000072,822,695,127
122000073,880,847,33
122000074,5314,2857,2457
122000075,1246,3785,-2539
122000076,3151,1962,1189
122000077,2912,1017,1895
122000078,4762,3301,1461
122000079,3552,1605,1947
122000080,2219,641,1578
122000081,485,635,-150
122000082,1519,1109,410
122000083,2855,7040,-4185
122000084,2246,1605,641
122000085,546,5908,-5362
122000086,4391,10493,-6102
122000087,972,398,574
122000088,641,722,-81
122000089,16142,7404,8738
122000090,576,934,-358
122000091,1299,101,1198
122000092,607,45,562
122000093,5402,1692,3710
122000094,17733,3616,14117
122000095,7692,5747,1945
122000096,5154,3933,1221
122000098,6368,2701,3667
122000099,9519,1057,8462
122000100,2504,1435,1069
122000101,502,3028,-2526
122000102,3236,1686,1550
122000103,4134,2237,1897
122000104,576,321,255
122000105,778,479,299
122000106,846,864,-18
122000107,1790,1004,786
122000108,759,1252,-493
122000109,572,791,-219
122000110,766,670,96
122000111,4943,2037,2906
122000112,1514,2555,-1041
122000113,1345,1200,145
122000114,10902,2838,8064
122000115,2635,4806,-2171
122000116,743,788,-45
122000117,2215,681,1534
122000118,673,1273,-600
122000119,5270,3793,1477
122000120,3222,7024,-3802
122000121,4120,4948,-828
122000122,1219,2712,-1493
122000123,3090,3327,-237
122000124,1598,1023,575
122000125,921,1153,-232
122000126,833,1837,-1004
122000127,2047,1741,306
122000128,926,1536,-610
122000129,732,2525,-1793
122000130,5100,1717,3383
122000131,2426,2076,350
122000132,1087,919,168
122000133,2056,3578,-1522
122000134,1138,1061,77
122000135,1156,1073,83
122000136,1241,823,418
122000137,2458,1503,955
122000139,4793,7929,-3136
122000140,3312,1140,2172
122000141,9213,2154,7059
122000142,1399,1269,130
122000143,941,801,140
122000144,3431,2249,1182
122000145,4874,1455,3419
122000146,1713,1756,-43
122000147,2295,779,1516
122000148,5751,2623,3128
122000149,3058,2385,673
122000150,2081,1655,426
122000151,402,606,-204
122000152,710,677,33
122000153,724,566,158
122000154,437,377,60
122000155,2184,4354,-2170
122000156,3068,3415,-347
122000157,3971,2054,1917
122000158,905,1027,-122
122000159,2214,3119,-905
122000160,6100,3660,2440
122000161,1525,1616,-91
122000162,3213,2793,420
122000163,331,89,242
122000164,47,113,-66
122000165,1786,1292,494
122000166,2633,2155,478
122000167,344,302,42
122000168,436,862,-426
122000169,1349,397,952
122000170,593,420,173
122000171,77,114,-37
122000172,2504,2931,-427
122000173,2255,4331,-2076
122000174,5312,1323,3989
122000175,2682,502,2180
122000176,432,1134,-702
122000177,2923,2009,914
122000178,5779,7956,-2177
122000179,3485,5714,-2229
122000180,2695,2250,445
122000181,3437,6208,-2771
122000182,3461,3470,-9
122000183,3292,2549,743
122000184,3909,3517,392
122000185,2193,1743,450
122000186,1368,1328,40
122000187,4934,1561,3373
122000188,700,342,358
122000189,505,652,-147
122000190,2855,1640,1215
122000191,2675,1684,991
122000192,2003,593,1410
122000193,794,980,-186
122000194,2520,345,2175
122000195,541,682,-141
122000196,1622,906,716
122000197,751,1015,-264
122000198,1325,1415,-90
122000199,978,593,385
122000200,2985,1479,1506
122000201,2125,1819,306
122000202,2020,1721,299
122000203,4990,2206,2784
122000204,2562,3362,-800
122000205,2316,3255,-939
122000206,3691,1426,2265
122000207,2583,2063,520
122000208,7409,2354,5055
122000209,6672,646,6026
122000210,4877,3142,1735
122000211,4415,1802,2613
122000212,1739,872,867
122000213,2498,2040,458
122000214,3863,3642,221
122000215,3876,2443,1433
122000217,4592,2254,2338
122000218,1944,230,1714
122000219,2668,1686,982
122000220,633,1121,-488
122000221,204,912,-708
122000222,856,230,626
122000223,2511,680,1831
122000225,1947,429,1518
122000226,2865,3850,-985
122000227,675,6531,-5856
122000228,630,686,-56
122000229,29,711,-682
122000230,90,1143,-1053
122000231,520,1431,-911
122000232,1147,1704,-557
122000233,2,230,-228
122000234,497,384,113
122000235,1164,332,832
122000236,1376,262,1114
122000237,122,168,-46
122000238,382,484,-102
122000239,1036,249,787
122000240,2064,909,1155
122000241,1750,837,913
122000242,1122,181,941
122000243,292,80,212
122000244,47,370,-323
122000245,17,126,-109
122000246,34,121,-87
122000247,977,424,553
122000248,1900,3311,-1411
122000249,1163,1489,-326
122000250,3053,2047,1006
122000251,385,677,-292
122000252,811,213,598
122000253,59,459,-400
122000254,365,175,190
122000255,1172,2815,-1643
122000256,666,2726,-2060
122000257,250,653,-403
122000258,326,484,-158
122000259,31,1084,-1053
122000260,17,193,-176
122000261,18,406,-388
122000262,3,134,-131
122000263,384,231,153
122000264,2927,1055,1872
122000265,7173,1465,5708
122000266,15089,925,14164
122000267,207,167,40
122000268,318,641,-323
122000269,2097,457,1640
122000270,4810,198,4612
122000271,1180,1735,-555
122000272,608,1748,-1140
122000273,684,721,-37
122000274,313,352,-39
122000275,87,350,-263
122000276,1029,1098,-69
122000277,1589,2341,-752
122000278,1983,1553,430
122000279,466,814,-348
122000280,1406,1313,93
122000281,1361,1538,-177
122000282,239,375,-136
122000283,611,143,468
122000284,268,142,126
122000285,721,253,468
122000286,204,314,-110
122000287,1811,2611,-800
122000288,766,444,322
122000291,2297,1126,1171
122000293,656,416,240
122000294,236,391,-155
122000295,2575,428,2147
122000296,98,1038,-940
122000297,5569,4091,1478
122000299,619,893,-274
122000300,814,1046,-232
122000301,24675,4655,20020
122000302,1770,2283,-513
122000303,7827,2243,5584
122000304,110,385,-275
122000305,1434,655,779
122000306,59,1363,-1304
122000307,306,206,100
122000309,192,80,112
122000310,42,79,-37
122000311,445,284,161
122000312,280,177,103
122000313,138,93,45
122000314,216,404,-188
122000315,445,36,409
122000316,1015,394,621
122000317,1965,480,1485
122000318,501,1450,-949
122000319,440,1079,-639
122000320,658,3925,-3267
122000321,220,388,-168
122000322,3772,5792,-2020
122000323,2812,4286,-1474
122000324,3021,2536,485
122000325,1765,2299,-534
122000326,74,217,-143
122000327,913,1232,-319
122000328,2692,1298,1394
122000330,4041,1343,2698
122000332,373,640,-267
122000333,12,230,-218
122000337,1454,2842,-1388
122000338,660,791,-131
122000340,1123,530,593
122000342,4539,1837,2702
122000343,735,1919,-1184
122000344,94,42,52
122000345,108,84,24
122000346,701,996,-295
122000348,972,1437,-465
122000349,183,1229,-1046
122000351,180,385,-205
122000352,459,274,185
122000353,128,161,-33
122000355,242,263,-21
122000356,5320,1688,3632
122000357,102,39,63
122000358,0,85,-85
122000359,0,49,-49
122000360,2,96,-94
122000362,19,145,-126
122000364,210,734,-524
122000365,11,68,-57
122000366,33,10,23
122000368,989,1151,-162
122000370,46,142,-96
122000371,20,0,20
122000372,18,0,18
122000381,89,768,-679
122000382,100,408,-308
122000384,9811,3846,5965
122000385,75,0,75
122000386,2389,2436,-47
122000387,2533,803,1730
122000388,7586,1104,6482
122000389,495,1082,-587
122000390,1257,365,892
122000391,958,191,767
122000392,261,333,-72
122000393,53,271,-218
122000394,883,535,348
122000395,335,318,17
122000396,801,204,597
122000397,112,155,-43
122000398,83,152,-69
122000399,266,129,137
122000400,434,627,-193
122000401,270,114,156
122000402,442,241,201
122000403,983,2049,-1066
122000404,246,626,-380
122000408,1344,2758,-1414
122000503,22,289,-267
122000524,251,188,63
122000544,118,9438,-9320
122000616,666,10,656
122000640,85,218,-133
122000641,121,627,-506
122000642,1870,1943,-73
122000643,78,296,-218
122000644,310,37,273
122000645,145,692,-547
122000651,5380,1179,4201
122000664,513,87,426
122000665,1923,878,1045
122000666,1020,2061,-1041
122000673,73,627,-554
122000674,210,99,111
122000675,2734,2129,605
122000686,676,2233,-1557
122000687,4350,580,3770
122000688,295,1354,-1059
122000689,1275,1118,157
122000690,1630,1120,510
122000691,685,4233,-3548
122000692,2012,712,1300
122000693,718,3662,-2944
122000695,361,1011,-650
122000696,464,598,-134
122000698,344,1698,-1354
122000699,371,260,111
122000701,2009,614,1395
122000702,806,2963,-2157
122000703,241,151,90
122000717,383,130,253
122000718,591,1679,-1088
122000719,278,136,142
122000720,438,518,-80
122000724,31,13,18
122900001,68,13,55
122900002,2243,7991,-5748
122900003,701,94,607
122900004,2146,93,2053
122900005,108,106,2
122900006,1434,867,567
122900007,276,74,202
122900008,1191,170,1021
122900009,1958,1017,941
122900010,482,376,106
122900012,353,526,-173
122900014,316,548,-232
122900015,4405,1358,3047
122900016,296,548,-252
122900017,1076,1575,-499
122900018,557,38,519
122900019,11,222,-211
122900020,714,708,6
122900021,107,1425,-1318
122900022,999,1497,-498
122900023,668,595,73
122900024,191,213,-22
122900025,19,424,-405
122900026,233,534,-301
122900027,143,1267,-1124
122900028,200,276,-76
122900029,8703,5512,3191
122900030,2490,896,1594
122900031,393,342,51
122900032,220,552,-332
122900033,391,221,170
122900034,7207,14590,-7383
122900035,120,22,98
122900036,106,669,-563
122900037,1096,247,849
122900038,354,5538,-5184
122900039,124,739,-615
122900040,759,538,221
122900041,429,324,105
122900042,279,413,-134
122900043,1281,290,991
122900044,157,622,-465
122900045,164,156,8
122900046,251,180,71
122900047,1015,329,686
122900048,56,551,-495
122900049,2485,200,2285
122900051,137,216,-79
122900052,103,249,-146
122900053,48,51,-3
122900055,919,228,691
122900057,788,68,720
122900061,695,315,380
122900062,672,972,-300
122900063,271,523,-252
122900064,1766,981,785
122900065,995,234,761
122900066,780,444,336
122900067,2533,1486,1047
122900068,269,576,-307
122900069,560,2847,-2287
122900070,494,73,421
122900071,189,585,-396
122900072,30,1127,-1097
122900073,46,430,-384
122900074,843,1273,-430
122900075,0,132,-132
122900076,14,379,-365
122900077,1,289,-288
122900078,235,245,-10
122900080,82,33,49
122900081,797,277,520
122900082,1255,331,924
122900083,304,285,19
122900084,22,427,-405
122900086,28,69,-41
122900087,277,684,-407
122900088,85,150,-65
122900089,185,260,-75
122900090,24,1004,-980
122900091,239,0,239
122900092,2,404,-402
122900093,5,514,-509
122900094,3,414,-411
122900095,273,14,259
122900096,334,365,-31
122900097,62,40,22
122900098,110,239,-129
122900099,28,8,20
122900100,949,740,209
122900101,1677,563,1114
122900102,33,19,14
122900103,102,7,95
122900104,125,15,110
122900105,10,12,-2
122900106,8,154,-146
122900107,8,398,-390
122900108,6,330,-324
123000001,4568,800,3768
123000002,11484,6362,5122
123000003,6340,6651,-311
123000004,4754,7972,-3218
123000005,4627,5534,-907
123000006,4591,5449,-858
123000007,5833,5103,730
123000008,4789,6450,-1661
123000009,8875,5425,3450
123000010,6269,6067,202
123000011,12156,1453,10703
123000012,2352,4175,-1823
123000013,6667,1369,5298
123000014,2427,7013,-4586
123000015,9833,1667,8166
123000016,11740,6849,4891
123000017,5177,2118,3059
123000018,96,175,-79
123000019,353,484,-131
123000020,180,178,2
123000021,90,281,-191
123000022,621,2748,-2127
123000023,2612,2337,275
123000024,2589,833,1756
123000025,194,178,16
123000026,14,84,-70
123000027,447,677,-230
123000028,1681,254,1427
123000029,1340,750,590
123000030,787,889,-102
123000031,211,678,-467
123000032,462,498,-36
123000033,604,110,494
123000034,1413,1215,198
123000035,513,719,-206
123000036,474,1471,-997
123000037,434,573,-139
123000038,303,469,-166
123000039,705,1816,-1111
123000040,1829,513,1316
123000041,2904,1339,1565
123000042,2044,694,1350
123000043,7362,13321,-5959
123000044,9969,4143,5826
123000045,17653,4654,12999
123000046,1752,2461,-709
123000047,4125,2258,1867
123000048,218,786,-568
123000049,14753,13368,1385
123000050,1830,2758,-928
123000051,165,255,-90
123000052,1223,5906,-4683
123000053,4133,6252,-2119
123000054,2236,3612,-1376
123000055,2059,5229,-3170
123000056,2332,3460,-1128
123000057,31481,12556,18925
123000058,1233,1488,-255
123000059,661,972,-311
123000060,1410,541,869
123000061,294,1523,-1229
123000063,1252,1523,-271
123000064,1621,451,1170
123000065,13907,8384,5523
123000066,1601,1776,-175
123000067,1305,965,340
123000068,5927,6691,-764
123000069,12110,7823,4287
123000070,421,1517,-1096
123000071,1440,2071,-631
123000072,1574,2575,-1001
123000073,1742,1530,212
123000074,1666,3217,-1551
123000075,688,1980,-1292
123000076,1332,1768,-436
123000077,3380,5874,-2494
123000078,2260,3146,-886
123000079,2363,3982,-1619
123000080,3937,4451,-514
123000081,309,1060,-751
123000082,606,2201,-1595
123000083,1688,347,1341
123000084,777,1308,-531
123000085,348,174,174
123000086,699,508,191
123000087,546,684,-138
123000088,2036,1864,172
123000089,682,2651,-1969
123000090,2312,2056,256
123000091,2677,2658,19
123000092,1607,2542,-935
123000094,941,515,426
123000095,895,1273,-378
123000096,1035,759,276
123000097,949,1452,-503
123000098,873,1028,-155
123000099,966,1373,-407
123000100,866,1082,-216
123000101,1003,929,74
123000102,1024,1223,-199
123000104,576,799,-223
123000105,919,902,17
123000106,665,725,-60
123000107,705,834,-129
123000108,1098,2342,-1244
123000111,1344,598,746
123000112,1654,1220,434
123000113,1019,3121,-2102
123000114,850,1094,-244
123000115,500,523,-23
123000116,48,290,-242
123000117,2922,4446,-1524
123000118,861,1742,-881
123000119,369,1702,-1333
123000120,786,1579,-793
123000121,822,1056,-234
123000122,717,404,313
123000123,892,1060,-168
123000124,1019,886,133
123000125,2420,1949,471
123000126,3103,5378,-2275
123000127,1840,1248,592
123000128,574,724,-150
123000129,913,495,418
123000130,888,152,736
123000131,1722,1313,409
123000132,687,1150,-463
123000133,634,914,-280
123000134,746,377,369
123000135,2879,2641,238
123000136,363,1722,-1359
123000137,244,656,-412
123000138,211,742,-531
123000139,890,264,626
123000140,239,1359,-1120
123000141,1581,271,1310
123000142,1506,1735,-229
123000143,2845,4255,-1410
123000144,56,62,-6
123000145,438,403,35
123000146,173,194,-21
123000147,253,219,34
123000149,765,832,-67
123000150,516,475,41
123000151,576,855,-279
123000152,160,637,-477
123000153,328,1050,-722
123000154,3092,4016,-924
123000155,4118,1571,2547
123000156,160,290,-130
123000157,1037,1563,-526
123000158,981,1450,-469
123000159,8407,4196,4211
123000160,1768,1240,528
123000161,2442,2033,409
123000162,1285,2519,-1234
123000163,975,206,769
123000164,2058,413,1645
123000165,567,2978,-2411
123000166,46,230,-184
123000167,214,532,-318
123000168,356,458,-102
123000169,1180,177,1003
123000170,89,629,-540
123000171,911,100,811
123000172,334,1052,-718
123000173,1311,346,965
123000174,1641,575,1066
123000175,1274,2171,-897
123000176,1621,422,1199
123000177,548,1897,-1349
123000178,1482,235,1247
123000179,56,1319,-1263
123000180,2232,538,1694
123000181,581,2643,-2062
123000182,344,788,-444
123000183,324,719,-395
123000184,191,1511,-1320
123000185,912,763,149
123000186,4,1224,-1220
123000187,688,9,679
123000188,419,2,417
123000189,277,344,-67
123000190,72,107,-35
123000192,36,703,-667
123000193,88,1376,-1288
123000194,737,545,192
123000195,410,46,364
123000196,432,35,397
123000197,80,162,-82
123000198,74,407,-333
123000199,16,909,-893
123000200,824,22,802
123000201,1210,41,1169
123000202,33,1784,-1751
123000203,1011,107,904
123000204,118,1738,-1620
123000205,662,3118,-2456
123000206,2183,294,1889
123000207,158,1442,-1284
123000208,880,218,662
123000209,3005,670,2335
123000210,691,2940,-2249
123000211,892,4990,-4098
123000212,4112,776,3336
123000213,989,97,892
123000215,344,321,23
123000216,491,1897,-1406
123000217,385,67,318
123000218,154,904,-750
123000219,2005,179,1826
123000220,974,191,783
123000221,258,254,4
123000222,956,1187,-231
123000223,399,1048,-649
123000224,558,1045,-487
123000225,405,143,262
123000226,88,633,-545
123000227,184,512,-328
123000228,374,113,261
123000229,2462,3249,-787
123000232,129,1150,-1021
123000233,1175,318,857
123000234,307,1153,-846
123000235,1102,687,415
123000236,396,1427,-1031
123000237,444,137,307
123000238,159,1127,-968
123000239,737,3214,-2477
123000240,82,675,-593
123000241,1719,210,1509
123000242,325,379,-54
123000243,1116,1487,-371
123000244,1461,995,466
123000245,128,285,-157
123000249,1008,1484,-476
123000252,1478,401,1077
123000253,1400,672,728
123000254,983,1984,-1001
123000255,1542,1487,55
123000256,55,476,-421
123000257,6074,4434,1640
123000258,1497,2159,-662
123000259,485,658,-173
123000260,676,1094,-418
123000261,253,522,-269
123000262,166,444,-278
123000263,586,185,401
123000264,273,132,141
123000265,100,308,-208
123000266,871,1458,-587
123000267,775,521,254
123000268,99,97,2
123000269,41,102,-61
123000270,44,64,-20
123000271,204,114,90
123000272,1381,405,976
123000273,587,1012,-425
123000274,2249,798,1451
123000275,529,1802,-1273
123000278,6416,4817,1599
123000279,147,250,-103
123000280,747,570,177
123000281,594,173,421
123000282,237,461,-224
123000283,109,116,-7
123000284,74,183,-109
123000286,556,433,123
123000287,1002,434,568
123000288,2696,1289,1407
123000289,1117,1722,-605
123000291,640,1374,-734
123000294,236,363,-127
123000295,1347,1209,138
123000296,618,477,141
123000297,545,1308,-763
123000298,692,952,-260
123000299,53,435,-382
123000300,1551,1552,-1
123000301,288,402,-114
123000302,119,372,-253
123000303,493,105,388
123000305,1888,1582,306
123000306,118,434,-316
123000309,110,80,30
123000310,117,72,45
123000311,2,236,-234
123000312,1150,1563,-413
123000313,574,605,-31
123000315,77,608,-531
123000316,3471,132,3339
123000317,303,102,201
123000318,101,490,-389
123000329,13,25,-12
123000337,683,431,252
123000338,983,59,924
123000339,245,420,-175
123000340,206,940,-734
123000342,21,9,12
123000343,240,4,236
123000344,1938,882,1056
123000345,472,1138,-666
123000346,535,155,380
123000352,3458,1387,2071
123000353,17,171,-154
123000354,524,1,523
123000355,1,1213,-1212
123000356,503,22,481
123000357,6,474,-468
123000359,6,298,-292
123000360,323,116,207
123000361,1173,492,681
123000362,538,229,309
123000363,189,352,-163
123000364,1261,718,543
123000365,34,632,-598
123000366,641,3318,-2677
123000367,434,2381,-1947
123000370,47,507,-460
123000371,596,20,576
123000372,521,28,493
123000373,24,714,-690
123000374,21,339,-318
123000375,435,56,379
123000376,1575,978,597
123000377,742,31,711
123000378,17,752,-735
123000379,8,390,-382
123000380,141,520,-379
123000381,427,55,372
123000382,2229,223,2006
123000383,543,1796,-1253
123000384,1036,114,922
123000385,706,975,-269
123000436,122,1806,-1684
123000507,241,983,-742
123000508,358,1320,-962
123000517,489,39,450
123000518,42,476,-434
123000519,188,92,96
123000520,110,460,-350
123000521,540,155,385
123000522,248,958,-710
123000541,2,1,1
123000542,1,41,-40
123000565,606,51,555
123000566,200,1235,-1035
123000567,166,434,-268
123000573,56,1515,-1459
123000574,891,124,767
123000575,1574,2172,-598
123000576,1110,3979,-2869
123000577,257,1631,-1374
123000578,1399,85,1314
123000579,7458,8603,-1145
123000580,111,31,80
123000582,662,43,619
123000583,40,903,-863
123000584,352,640,-288
123000585,1,413,-412
123000586,319,143,176
123000596,182,257,-75
123000597,126,239,-113
123000602,39,6,33
123000603,742,1291,-549
123000604,617,1713,-1096
123000605,1622,219,1403
123000606,2,492,-490
123000609,33,549,-516
123000610,333,200,133
123000613,39,267,-228
123000614,206,101,105
123000615,39,270,-231
123000616,698,113,585
123000617,171,1039,-868
123000618,132,1265,-1133
123000619,1062,72,990
123000620,42,970,-928
123000622,443,19,424
123000624,112,75,37
123000630,907,590,317
123000631,443,3151,-2708
123000632,1727,2075,-348
123000633,2,536,-534
123000634,193,203,-10
123000635,415,158,257
123000636,26,1181,-1155
123000637,175,370,-195
123000638,718,157,561
123000639,2031,4775,-2744
123000640,21,1637,-1616
123900001,2707,110,2597
123900002,38,2348,-2310
123900003,797,1314,-517
123900005,545,253,292
123900006,752,87,665
124000001,3090,223,2867
124000002,173,3164,-2991
124000003,1042,274,768
124000004,90,1176,-1086
124000005,1442,750,692
124000006,447,2328,-1881
124000007,1392,296,1096
124000008,26,1140,-1114
124000009,907,677,230
124000010,178,757,-579
124000011,3024,735,2289
124000012,815,1207,-392
124000017,291,217,74
124000018,158,168,-10
124000019,168,209,-41
124000020,72,313,-241
124000021,227,131,96
124000022,123,439,-316
124000023,2565,2296,269
124000024,1720,1050,670
124000025,1703,2440,-737
124000026,1903,1725,178
124000027,7827,7646,181
124000028,4142,6997,-2855
124000030,5095,2052,3043
124000031,2003,3480,-1477
124000032,8401,1579,6822
124000033,333,908,-575
124000034,5137,878,4259
124000035,76,184,-108
124000036,107,249,-142
124000037,980,1239,-259
124000038,74,64,10
124000039,1851,685,1166
124000040,951,1288,-337
124000041,610,191,419
124000042,112,708,-596
124000043,149,195,-46
124000044,59,524,-465
124000045,848,968,-120
124000046,347,1163,-816
124000047,1793,1562,231
124000048,1212,3346,-2134
124000049,2126,1210,916
124000050,1030,4106,-3076
124000051,1147,956,191
124000052,863,2155,-1292
124000053,723,1898,-1175
124000054,1321,1156,165
124000055,1679,3141,-1462
124000056,6614,2521,4093
124000057,1054,901,153
124000058,693,2299,-1606
124000059,926,1514,-588
124000060,1977,1496,481
124000061,2632,5946,-3314
124000062,8078,3086,4992
124000063,1998,3456,-1458
124000064,4487,2891,1596
124000065,89,556,-467
124000066,189,92,97
124000067,198,378,-180
124000068,9,34,-25
124000069,126,35,91
124000070,80,236,-156
124000071,477,202,275
124000072,398,753,-355
124000073,1388,219,1169
124000074,279,1307,-1028
124000075,390,71,319
124000076,16,409,-393
124000077,2755,1142,1613
124000078,3961,1601,2360
124000079,861,1976,-1115
124000080,835,305,530
124000081,336,1448,-1112
124000082,45,266,-221
124000083,123,302,-179
124000084,72,401,-329
124000085,140,106,34
124000086,143,229,-86
124000087,265,147,118
124000088,401,672,-271
124000089,940,634,306
124000090,131,560,-429
124000091,812,183,629
124000092,126,930,-804
124000093,107,190,-83
124000094,210,1015,-805
124000095,84,141,-57
124000096,224,558,-334
124000097,125,245,-120
124000098,68,166,-98
124000099,229,196,33
124000100,102,159,-57
124000101,121,183,-62
124000102,205,190,15
124000103,115,151,-36
124000104,295,103,192
124000105,118,135,-17
124000106,259,119,140
124000107,26,229,-203
124000108,103,60,43
124000109,119,141,-22
124000110,279,197,82
124000111,313,236,77
124000112,1021,1371,-350
124000113,101,113,-12
124000114,470,859,-389
124000115,617,1276,-659
124000116,193,172,21
124000117,118,158,-40
124000118,71,102,-31
124000119,3049,1187,1862
124000120,1648,846,802
124000121,2754,1065,1689
124000122,924,1979,-1055
124000123,1696,772,924
124000124,698,1707,-1009
124000125,634,786,-152
124000126,382,1018,-636
124000127,1403,703,700
124000128,955,1746,-791
124000129,3022,2398,624
124000130,1330,1298,32
124000131,1860,899,961
124000132,1444,1332,112
124000133,1283,1551,-268
124000134,1316,1390,-74
124000135,2501,2832,-331
124000136,1561,1844,-283
124000137,2228,1048,1180
124000138,2955,2101,854
124000139,1034,46,988
124000140,46,686,-640
124000141,225,27,198
124000142,11,287,-276
124000143,93,35,58
124000144,16,109,-93
124000145,123,90,33
124000146,65,154,-89
124000148,93,191,-98
124000149,1793,631,1162
124000150,447,1041,-594
124000151,1001,534,467
124000152,1154,2090,-936
124000153,935,1121,-186
124000154,588,1327,-739
124000155,1790,1213,577
124000156,2608,1600,1008
124000169,563,879,-316
124000170,1417,801,616
124000171,606,491,115
124000172,768,1006,-238
124000173,699,475,224
124000174,573,1248,-675
124000175,29,251,-222
124000176,80,14,66
124000177,14,58,-44
124000178,75,68,7
124000190,153,49,104
124000191,727,76,651
124000192,4272,587,3685
124000193,1107,1594,-487
124000194,492,943,-451
124000195,478,871,-393
124000196,1953,1923,30
124000197,66,134,-68
124000198,67,74,-7
124000201,557,1751,-1194
124000202,1078,296,782
124000203,360,1724,-1364
124000204,869,1008,-139
124000205,140,1004,-864
124000206,759,734,25
124000207,0,75,-75
124000209,485,1070,-585
124000210,423,276,147
124000211,555,5,550
124000212,2,964,-962
124000213,419,621,-202
124000214,355,1278,-923
124000215,437,25,412
124000216,3,854,-851
124000329,166,3672,-3506
124000338,135,1957,-1822
124000339,906,220,686
124000341,1365,166,1199
124000344,46,22,24
124000357,1478,4026,-2548
124000358,977,2234,-1257
124000359,1999,1207,792
124000360,1115,976,139
124000361,3919,1071,2848
124000362,2734,3171,-437
124000363,499,687,-188
124000364,1080,1664,-584
124000365,1074,1677,-603
124000366,2664,1180,1484
124000367,281,1126,-845
124000368,596,386,210
124000369,281,262,19
124000370,158,928,-770
124000402,68,22,46
124000403,197,17,180
124000404,14,168,-154
124000405,1644,1304,340
124000406,1465,1495,-30
124000407,15,47,-32
124000411,14,630,-616
124000412,645,12,633
124000413,1170,66,1104
124000414,77,187,-110
124000415,66,311,-245
124000416,169,520,-351
124000417,182,168,14
124000418,162,198,-36
124000419,118,257,-139
124000420,52,147,-95
124000421,59,394,-335
124000422,81,37,44
124000423,325,56,269
124000424,2,150,-148
124000425,29,58,-29
124000426,4,80,-76
124000427,36,25,11
124000428,88,44,44
124000429,85,75,10
124000430,1154,1263,-109
124000431,483,1225,-742
124000432,318,1715,-1397
124000439,8,41,-33
124000442,5,217,-212
124000443,0,8,-8
124000445,199,670,-471
124000446,2354,106,2248
124900001,448,562,-114
124900002,298,808,-510
124900003,1226,981,245
124900004,677,645,32
124900005,438,449,-11
124900006,778,630,148
124900008,1990,837,1153
124900009,166,437,-271
124900010,212,108,104
124900011,689,335,354
124900012,688,150,538
124900013,704,219,485
124900014,426,192,234
124900015,318,542,-224
124900016,76,195,-119
124900017,1597,1642,-45
124900018,76,33,43
124900020,94,101,-7
124900021,292,95,197
124900022,82,42,40
124900024,312,72,240
124900026,496,27,469
124900027,158,535,-377
124900028,1359,286,1073
124900029,21,647,-626
124900030,7,341,-334
124900031,71,706,-635
124900032,380,301,79
124900033,152,734,-582
124900034,2,161,-159
124900035,320,798,-478
124900036,7,108,-101
124900037,251,629,-378
124900038,483,559,-76
124900039,1,20,-19
124900040,286,160,126
124900041,292,1910,-1618
124900042,129,1,128
124900043,712,1852,-1140
124900044,194,3,191
124900045,1168,1441,-273
124900046,2587,354,2233
124900047,136,392,-256
124900048,249,288,-39
124900050,174,477,-303
124900052,142,670,-528
124900053,158,580,-422
124900054,5012,629,4383
124900055,1,199,-198
124900057,39,126,-87
124900060,143,417,-274
124900061,63,13,50
124900062,161,28,133
124900066,0,22,-22
124900067,17,288,-271
124900068,268,808,-540
124900070,116,36,80
124900072,167,92,75
124900074,605,513,92
124900075,256,326,-70
124900076,44,1115,-1071
124900077,46,202,-156
124900078,146,49,97
124900079,1418,433,985
124900080,384,1177,-793
124900081,1186,443,743
124900082,479,1465,-986
124900083,246,1005,-759
124900084,4304,216,4088
124900085,1703,486,1217
124900086,233,1594,-1361
124900087,925,191,734
124900088,1195,213,982
124900089,2255,64,2191
124900090,454,430,24
124900091,544,916,-372
124900092,476,622,-146
124900093,471,364,107
124900094,447,466,-19
124900095,156,691,-535
124900096,995,358,637
124900097,414,132,282
124900098,184,821,-637
124900099,1233,911,322
124900100,392,127,265
124900101,90,495,-405
124900102,359,90,269
124900103,197,447,-250
124900104,95,297,-202
124900105,152,217,-65
124900106,559,113,446
124900107,170,45,125
124900108,404,138,266
124900109,82,167,-85
124900110,499,659,-160
124900111,13,156,-143
124900112,109,1175,-1066
124900113,221,341,-120
124900114,317,181,136
124900115,193,67,126
124900116,294,186,108
124900117,996,269,727
124900118,266,253,13
124900119,481,189,292
124900120,81,596,-515
124900121,152,358,-206
124900122,641,368,273
124900123,390,127,263
124900124,174,355,-181
129000186,720,111,609
204000001,45,9,36
204000002,39,22,17
204000003,110,8,102
204000004,10,4,6
204000005,905,958,-53
204000006,2148,3783,-1635
204000011,23,104,-81
204000012,55,124,-69
204000013,1,46,-45
204000019,729,797,-68
204000020,963,1034,-71
204000021,3209,1285,1924
204000022,618,694,-76
204000023,810,1798,-988
204000031,105,25,80
204000032,1029,47,982
204000034,20,461,-441
204000035,16,5,11
204000036,43,58,-15
204000037,7,39,-32
204000038,1,15,-14
204000039,10,90,-80
204000040,12,44,-32
204000041,13,90,-77
204000042,123,21,102
204000043,30,11,19
204000044,58,5,53
204000045,293,10,283
204000046,33,15,18
204000057,48,51,-3
204000062,9,19,-10
204000068,68,275,-207
204000069,34,447,-413
204000070,109,163,-54
204000080,41,75,-34
204000085,2697,3312,-615
204000086,4709,4142,567
204000087,34,23,11
204000088,7,164,-157
204000090,30,531,-501
204000093,345,162,183
204000096,1179,1618,-439
204000097,581,37,544
204000099,1416,2456,-1040
204000100,1414,2650,-1236
204000105,3010,2784,226
204000110,1528,2321,-793
204000111,766,1267,-501
204000112,1999,1434,565
204000113,903,1516,-613
204000114,1123,1040,83
204000115,1051,579,472
204000116,2778,1038,1740
204000119,2595,4541,-1946
204000132,687,471,216
204000133,760,596,164
204000134,677,304,373
204000135,783,252,531
204000136,613,395,218
204000138,546,874,-328
204000140,269,207,62
204000141,198,122,76
204000144,14,35,-21
204000145,622,47,575
204000146,26,586,-560
204000147,59,236,-177
204000148,599,45,554
204000154,6,7,-1
204000155,7,14,-7
204000177,78,117,-39
204000179,41,11,30
204000180,0,42,-42
204000222,22,15,7
204000235,20,24,-4
204000236,91,494,-403
204000238,36,61,-25
204000240,525,149,376
204000263,750,1957,-1207
204000268,1776,1506,270
204000308,476,21,455
204000317,10,117,-107
204000322,5,73,-68
204000323,43,12,31
204000328,292,137,155
204000329,54,264,-210
204000330,283,64,219
204000331,62,157,-95
204010341,15,503,-488
205000001,1615,2861,-1246
205000013,17,95,-78
205000014,30,139,-109
205000015,56,280,-224
205000016,36,245,-209
205000017,60,135,-75
205000022,460,1244,-784
205000025,2065,1639,426
205000029,362,14,348
205000045,271,403,-132
205000046,145,708,-563
205000047,123,698,-575
205000048,359,1648,-1289
205000049,170,1200,-1030
205000050,1393,427,966
205000059,0,341,-341
205000060,0,94,-94
205000061,3,60,-57
205000062,4,47,-43
205000063,25,270,-245
205000064,26,261,-235
205000065,80,891,-811
205000066,120,1154,-1034
205000067,53,1445,-1392
205000069,181,39,142
205000082,250,720,-470
205000110,75,336,-261
205000111,212,421,-209
205000112,295,384,-89
205000113,280,534,-254
205000121,424,210,214
205000123,107,331,-224
205000126,580,568,12
205000127,956,693,263
205000128,905,590,315
205000129,1039,512,527
205000130,1756,134,1622
205000131,2176,54,2122
205000132,1934,7,1927
205000133,2381,6,2375
205000134,987,2,985
205000137,120,259,-139
205000138,267,552,-285
205000139,44,198,-154
205000144,101,162,-61
205000145,522,503,19
205000151,297,205,92
205000152,280,142,138
205000153,264,202,62
205000154,150,260,-110
205000155,248,69,179
205000207,16,297,-281
205000233,95,1,94
205000234,0,2,-2
205000243,0,2,-2
205000244,0,6,-6
205000245,41,443,-402
205000249,0,67,-67
205000250,7,1,6
205000264,8,133,-125
206000027,10,8,2
206000028,4,3,1
206000043,15,182,-167
206000053,8,24,-16
206000054,3,54,-51
206000055,2,43,-41
206000075,7,12,-5
206000076,37,19,18
206000077,32,10,22
206000078,48,8,40
206000079,37,7,30
206000082,1047,48,999
206000100,116,1293,-1177
206000103,9,28,-19
206000104,36,27,9
206000105,5,31,-26
206000106,13,61,-48
206000108,924,63,861
206000125,40,1,39
206000157,115,1190,-1075
206000170,3,345,-342
206000171,6,316,-310
206000172,8,1140,-1132
206000173,3,397,-394
206000174,17,177,-160
206000175,4,238,-234
206000176,22,377,-355
206000177,2,296,-294
206000178,4,254,-250
206000179,24,186,-162
206000180,23,271,-248
206000181,10,423,-413
206000182,18,404,-386
206000183,26,1505,-1479
206000184,4,620,-616
206000185,9,394,-385
206000186,165,1992,-1827
206000223,20,307,-287
206000226,29,7,22
206000227,19,4,15
206000237,44,631,-587
206000238,61,756,-695
206000239,712,3650,-2938
206000240,5,89,-84
206000241,0,131,-131
206000242,18,526,-508
206000243,6,462,-456
206000244,106,1252,-1146
206000245,536,68,468
206000246,146,7,139
206000247,142,14,128
206000248,637,33,604
206000252,144,41,103
206000258,23,67,-44
206000315,69,6,63
206000317,646,135,511
206000318,474,72,402
206000319,948,145,803
206000320,101,56,45
206000321,110,8,102
206000322,417,19,398
206000323,138,7,131
206000324,131,13,118
206000325,281,20,261
206000326,341,19,322
206000327,597,6,591
206000328,97,7,90
206000329,200,14,186
206000330,52,4,48
206000331,104,5,99
206000332,30,11,19
206000333,497,5,492
206000334,247,4,243
206000335,0,33,-33
206000361,8,366,-358
206000392,5,39,-34
206000405,151,4,147
206000441,30,25,5
206000498,58,2,56
206000515,188,34,154
206000530,213,81,132
206000531,262,263,-1
206000532,4141,321,3820
206000535,562,3962,-3400
206000536,33,319,-286
206000537,31,364,-333
206000613,2376,285,2091
207000001,232,724,-492
207000002,140,388,-248
207000003,239,275,-36
207000007,829,378,451
207000008,64,8,56
207000009,91,25,66
207000010,556,847,-291
207000012,448,518,-70
207000015,397,2332,-1935
207000019,384,153,231
207000021,900,270,630
207000022,222,186,36
207000023,281,97,184
207000024,11,19,-8
207000025,62,115,-53
207000026,217,72,145
207000027,59,120,-61
207000028,70,297,-227
207000029,405,703,-298
207000033,401,556,-155
207000034,445,128,317
207000039,468,235,233
207000040,277,149,128
207000041,225,76,149
207000042,427,112,315
207000043,343,224,119
207000051,215,490,-275
207000052,124,275,-151
207000053,586,1019,-433
207000054,83,171,-88
207000055,211,222,-11
207000056,473,522,-49
207000057,247,469,-222
207000058,233,568,-335
207000059,142,1024,-882
207000060,182,361,-179
207000061,511,476,35
207000062,314,34,280
207000063,337,154,183
207000064,731,237,494
207000065,431,330,101
207000066,210,223,-13
207000067,68,179,-111
207000068,166,107,59
207000069,892,656,236
207000082,13,412,-399
207000083,128,544,-416
207000084,303,421,-118
207000085,125,10,115
207000086,149,5,144
207000106,31,34,-3
207000107,105,31,74
207000108,75,14,61
207000109,92,15,77
207000110,82,93,-11
207000111,98,66,32
207000112,481,718,-237
207000114,46,100,-54
207000115,19,141,-122
207000116,22,522,-500
207000117,12,165,-153
207000118,6,168,-162
207000119,39,183,-144
207000123,233,58,175
207000124,69,53,16
207000125,66,82,-16
207000126,72,104,-32
207000134,47,222,-175
207000135,24,383,-359
207000148,76,345,-269
207000149,114,59,55
207000152,269,651,-382
207000153,1533,1952,-419
207000154,527,207,320
207000159,119,323,-204
207000160,158,746,-588
207000238,1,241,-240
207000242,9,383,-374
207000248,64,87,-23
207000249,270,78,192
207000250,2182,129,2053
207000251,157,135,22
207000252,117,136,-19
207000278,146,160,-14
207000279,34,307,-273
207000280,385,120,265
207000281,130,1829,-1699
207000282,248,56,192
207000283,196,451,-255
207000284,88,137,-49
207000285,286,62,224
207000291,13,183,-170
207000304,208,116,92
207000306,98,747,-649
207000310,170,131,39
207000353,287,1,286
207000356,32,59,-27
207000357,142,12,130
207000358,30,17,13
207000415,6,421,-415
207000417,52,2,50
207000418,67,168,-101
207000438,0,4,-4
207000439,1446,792,654
207000446,189,6,183
207000460,10,3,7
207000466,231,262,-31
207000467,214,188,26
207000468,55,592,-537
207000476,7,127,-120
207000477,787,177,610
207000478,0,31,-31
207000523,1,20,-19
207000524,26,1,25
207000527,135,314,-179
207000530,463,6,457
207000531,309,16,293
207000532,117,26,91
207000534,1039,81,958
207000535,97,451,-354
207000537,47,273,-226
207000540,9,401,-392
207000541,2,642,-640
207000548,17,600,-583
207000549,342,19,323
207000561,155,232,-77
207000562,43,402,-359
207000567,266,379,-113
207000568,137,214,-77
207000569,501,1626,-1125
207000584,554,528,26
207000585,211,393,-182
207000616,1,274,-273
207000617,149,0,149
207900008,168,207,-39
208000001,864,1624,-760
208000002,862,905,-43
208000003,1626,929,697
208000004,2650,1448,1202
208000005,27,28,-1
208000019,776,1494,-718
208000020,291,802,-511
208000021,297,858,-561
208000022,1275,1091,184
208000028,3041,1887,1154
208000033,620,1165,-545
208000034,1920,3512,-1592
208000040,204,276,-72
208000041,1200,885,315
208000042,1654,1149,505
208000047,258,680,-422
208000064,4154,2857,1297
208000066,2920,3617,-697
208000070,395,546,-151
208000071,617,1479,-862
208000072,542,2143,-1601
208000080,347,728,-381
208000081,407,360,47
208000082,424,458,-34
208000083,217,594,-377
208000084,164,26,138
208000085,2138,843,1295
208000086,949,1287,-338
208000087,513,1117,-604
208000089,1358,1302,56
208000090,1103,1767,-664
208000093,179,295,-116
208000094,747,1086,-339
208000095,1189,713,476
208000104,1387,1832,-445
208000105,1108,1887,-779
208000114,258,483,-225
208000115,796,570,226
208000116,738,1640,-902
208000117,169,218,-49
208000118,143,172,-29
208000155,1269,1439,-170
208000158,2430,5090,-2660
208000186,5156,6081,-925
208000204,911,1978,-1067
208000205,1547,2426,-879
208000282,6603,4028,2575
209000004,370,446,-76
209000005,73,82,-9
209000006,1104,241,863
209000007,778,472,306
209000010,1219,283,936
209000011,401,429,-28
209000012,331,388,-57
209000013,417,1042,-625
209000014,953,2431,-1478
209000025,465,93,372
209000026,1055,231,824
209000027,622,1744,-1122
209000028,639,1585,-946
209000029,2111,1492,619
209000030,1428,3000,-1572
209000031,6842,4617,2225
209000034,348,368,-20
209000035,121,254,-133
209000036,275,211,64
209000037,251,384,-133
209000038,138,272,-134
209000039,101,274,-173
209000040,521,811,-290
209000041,260,574,-314
209000042,387,627,-240
209000043,1313,1175,138
209000044,339,1041,-702
209000045,1740,652,1088
209000046,623,752,-129
209000047,734,302,432
209000048,1159,431,728
209000049,121,163,-42
209000050,239,247,-8
209000051,398,628,-230
209000052,261,585,-324
209000062,42,218,-176
209000063,31,201,-170
209000064,63,194,-131
209000065,90,91,-1
209000066,69,77,-8
209000067,115,132,-17
209000080,82,501,-419
209000082,108,107,1
209000091,73,189,-116
209000093,163,38,125
209000094,331,303,28
209000110,83,220,-137
209000111,640,2678,-2038
209000112,1311,1096,215
209000113,4829,1102,3727
209000114,669,773,-104
209000115,130,250,-120
209000116,1145,1131,14
209000118,143,85,58
209000119,231,15,216
209000121,227,1120,-893
209000135,127,313,-186
209000142,1192,3618,-2426
209000143,463,203,260
209000144,292,172,120
209000229,334,261,73
209000240,87,763,-676
209000259,119,172,-53
209000260,91,1923,-1832
209000261,9,1200,-1191
209000262,1,1027,-1026
209000263,0,290,-290
209000264,0,225,-225
209000265,605,0,605
209000266,121,1,120
209000267,1222,29,1193
209000268,1223,131,1092
210000037,104,38,66
210000047,128,51,77
210000048,130,71,59
210000049,92,59,33
210000052,74,240,-166
210000053,41,160,-119
210000054,59,169,-110
210000070,243,7,236
210000071,126,0,126
210000072,63,0,63
210000073,0,72,-72
210000074,3,251,-248
210000075,1,97,-96
210000076,19,223,-204
210000077,124,59,65
210000078,71,38,33
210000079,229,34,195
210000080,545,70,475
210000081,450,26,424
210000082,528,3,525
210000083,181,3,178
210000084,79,0,79
210000085,1,132,-131
210000086,11,206,-195
210000099,67,473,-406
210000100,89,435,-346
210000101,109,496,-387
210000105,71,533,-462
210000159,1,257,-256
210000163,249,318,-69
210000164,504,293,211
210000168,195,27,168
210000187,0,32,-32
210000188,0,59,-59
210000214,71,2,69
210000219,49,63,-14
210000220,123,128,-5
210000232,7,33,-26
210000233,51,123,-72
210000234,43,318,-275
210000235,48,283,-235
210000245,2,90,-88
210000246,71,2,69
210000258,19,145,-126
210000259,430,63,367
210000282,140,417,-277
210000285,0,160,-160
210000286,14,248,-234
210000290,3,6,-3
210000295,78,303,-225
210000296,153,111,42
210000320,199,187,12
210000321,120,178,-58
210000338,280,171,109
210000339,731,2398,-1667
210000340,211,1044,-833
210000341,321,638,-317
210000342,324,471,-147
210000343,516,387,129
210000344,1071,266,805
210000345,508,715,-207
210000346,177,342,-165
210000347,784,96,688
210000348,518,22,496
210000349,596,48,548
210000350,249,82,167
210000351,240,195,45
210000352,79,189,-110
210000353,72,226,-154
210000354,121,235,-114
210000355,176,247,-71
210000356,326,139,187
210000357,133,105,28
210000358,730,273,457
210000359,411,126,285
210000360,386,144,242
210000361,297,255,42
210000362,425,361,64
210000363,1343,394,949
210000364,221,277,-56
210000365,176,135,41
210000366,212,129,83
210000367,142,81,61
210000368,198,54,144
210000369,115,30,85
210000370,185,59,126
210000372,168,84,84
210000373,297,43,254
210000374,145,15,130
210000375,40,222,-182
210000376,234,333,-99
210000404,86,367,-281
210000439,26,125,-99
210000472,421,10,411
210000482,111,136,-25
210000564,810,465,345
210000567,0,8,-8
210000568,920,8,912
211000092,22,128,-106
211000094,33,5,28
211000169,208,10,198
211000172,12,424,-412
211000209,2,25,-23
211000226,6,5,1
211000270,10,5,5
211000275,30,32,-2
211000276,116,47,69
211000279,26,72,-46
211000281,43,86,-43
211507980,1,65,-64
211977296,128,1,127
212000003,355,112,243
212000004,250,43,207
212000005,75,54,21
212000006,103,147,-44
212000008,158,206,-48
212000009,42,176,-134
212000012,140,151,-11
212000013,24,80,-56
212000014,353,236,117
212000015,356,425,-69
212000016,764,810,-46
212000027,688,1081,-393
212000028,367,832,-465
212000029,260,642,-382
212000030,38,54,-16
212000031,87,103,-16
212000048,63,234,-171
212000049,19,174,-155
212000050,27,17,10
212000051,248,340,-92
212000052,209,542,-333
212000053,432,943,-511
212000054,209,305,-96
212000055,254,506,-252
212000056,33,99,-66
212000057,23,49,-26
212000058,684,80,604
212000070,145,517,-372
212000077,166,1295,-1129
212000099,345,548,-203
212000108,471,392,79
212000111,297,254,43
212000120,256,124,132
212000138,469,40,429
212000156,8,244,-236
212000158,12,17,-5
212000159,335,104,231
212000160,569,514,55
212000161,103,20,83
212000310,52,22,30
212000311,19,159,-140
212000374,49,23,26
213000001,77,916,-839
213000005,734,247,487
213000006,1743,365,1378
213000007,416,21,395
213000009,925,572,353
213000010,241,468,-227
213000011,426,208,218
213000012,254,607,-353
213000014,82,3,79
213000015,271,6,265
213000016,491,4,487
213000017,127,0,127
213000018,2,301,-299
213000019,1,252,-251
213000020,177,663,-486
213000021,12,159,-147
213000023,423,362,61
213000033,380,2080,-1700
213000034,933,577,356
213000035,99,644,-545
213000045,159,418,-259
213000046,228,307,-79
213000047,842,1457,-615
213000056,129,150,-21
213000069,327,22,305
213000073,1,57,-56
213000074,194,820,-626
213000075,1010,20,990
213000076,23,5,18
213000085,6,58,-52
213000086,15,364,-349
213000091,157,26,131
213000092,44,19,25
213000099,252,1417,-1165
213000100,1692,356,1336
213000101,296,204,92
213000102,403,512,-109
213000103,1244,1282,-38
213000104,60,726,-666
213000105,7,109,-102
213000106,44,238,-194
213000107,180,1040,-860
213000108,35,878,-843
213000109,15,424,-409
213000110,10,151,-141
213000111,7,108,-101
213000112,248,183,65
213000115,38,14,24
213000116,98,1438,-1340
213000117,21,2041,-2020
213000118,622,564,58
213000119,91,1423,-1332
213000120,131,1207,-1076
213000122,390,1243,-853
213000123,1014,2833,-1819
213000124,169,2101,-1932
213000125,202,20,182
213000126,161,122,39
213000127,238,226,12
213000128,1022,1371,-349
213000129,731,1054,-323
213000130,452,468,-16
213000132,348,197,151
213000133,591,202,389
213000134,1304,34,1270
213000136,598,59,539
213000137,894,186,708
213000139,680,28,652
213000147,288,17,271
213000148,80,7,73
213000149,462,28,434
213000150,3,161,-158
213000151,12,137,-125
213000152,4,112,-108
213000153,6,112,-106
213000154,39,412,-373
213000155,59,561,-502
213000156,145,1058,-913
213000157,1048,660,388
213000158,406,1373,-967
213000159,660,1020,-360
213000163,738,162,576
213000165,1151,353,798
213000171,2,141,-139
213000172,2,514,-512
213000173,3,349,-346
213000174,1,329,-328
213000175,9,263,-254
213000176,66,51,15
213000177,72,12,60
213000178,125,8,117
213000179,189,3,186
213000180,154,1,153
213000184,185,886,-701
213000188,580,120,460
213000189,480,72,408
213000190,1315,1417,-102
213000191,348,935,-587
213000192,233,795,-562
213000193,2788,343,2445
213000194,0,62,-62
213000195,40,632,-592
213000196,296,1574,-1278
213000197,378,1679,-1301
213000198,266,6,260
213000200,153,1611,-1458
213000201,91,56,35
213000202,20,1380,-1360
213000203,5254,1331,3923
213000204,601,237,364
213000205,446,433,13
213000206,886,315,571
213000207,395,56,339
213000208,335,7,328
213000209,503,7,496
213000210,1705,26,1679
213000211,83,23,60
213000212,52,28,24
213000213,92,36,56
213000218,459,1447,-988
213000219,727,44,683
213000220,719,6,713
213000223,536,338,198
213000224,161,63,98
213000225,119,26,93
213000226,187,20,167
213000227,1276,561,715
213000228,398,188,210
213000229,549,59,490
213000230,447,90,357
213000232,199,750,-551
213000233,24,111,-87
213000234,7,63,-56
213000293,69,51,18
213000294,417,26,391
213000295,79,89,-10
213000296,74,45,29
213000297,8,203,-195
213000298,31,180,-149
213000299,97,90,7
213000300,9,14,-5
213000303,9,50,-41
213000304,1,7,-6
213000305,9,16,-7
213000306,409,53,356
213000307,1406,135,1271
213000308,161,385,-224
213000309,261,87,174
213000310,1260,169,1091
213000311,339,1163,-824
213000315,107,244,-137
213000316,209,99,110
213000322,124,266,-142
213000323,95,140,-45
213000324,96,169,-73
213000325,59,249,-190
213000326,91,94,-3
213000327,73,189,-116
213000328,61,263,-202
213000329,116,115,1
213000340,185,1271,-1086
213000341,374,171,203
213000347,1410,519,891
213000348,32,216,-184
213000349,37,15,22
213000350,399,2288,-1889
213000366,107,702,-595
213000367,255,58,197
213000379,158,159,-1
213000386,18,323,-305
213000406,88,732,-644
213000417,2026,892,1134
213000425,205,69,136
213000426,131,134,-3
213000427,62,646,-584
213000428,45,316,-271
213000429,20,8,12
213000430,136,1361,-1225
213000431,55,3,52
213000432,4,43,-39
213000433,21,310,-289
213000434,110,196,-86
213000435,121,175,-54
213000436,33,161,-128
213000437,4,91,-87
213000438,201,176,25
213000439,99,12,87
213000440,12,484,-472
213000441,2,0,2
213000442,5,67,-62
213000443,822,804,18
213000444,59,154,-95
213000445,0,164,-164
213000446,1,15,-14
213000447,10,114,-104
213000448,22,143,-121
213000449,311,5,306
213000450,28,60,-32
213000451,278,152,126
213000452,22,32,-10
213000453,60,487,-427
213000455,695,47,648
213000456,0,359,-359
213000481,6,15,-9
213000484,56,4,52
213000489,570,314,256
213900002,0,318,-318
213900003,1626,29,1597
213900013,2,210,-208
213900015,0,15,-15
213900016,13,20,-7
213900020,16,270,-254
213900030,5,96,-91
213900032,568,136,432
213900033,111,32,79
213900034,478,149,329
213900035,204,903,-699
213900036,131,385,-254
213900037,70,521,-451
213900038,325,414,-89
213900039,1,164,-163
213900041,1,253,-252
213900042,375,232,143
213900043,221,289,-68
213900244,49,1,48
213900245,0,35,-35
218000003,69,21,48
218000004,66,28,38
218000005,93,57,36
218000006,167,53,114
218000007,22,17,5
218000012,683,394,289
218000013,144,209,-65
218000014,562,561,1
218000019,961,1035,-74
218000020,462,990,-528
218000021,62,159,-97
218000022,33,75,-42
218000023,14,83,-69
218000024,4,28,-24
218000025,14,42,-28
218000026,11,103,-92
218000027,2,27,-25
218000028,4,12,-8
218000029,8,10,-2
218000030,46,82,-36
218000031,20,99,-79
218000032,11,55,-44
218000040,18,8,10
218000046,93,195,-102
218000047,29,288,-259
218000048,109,276,-167
218000049,259,266,-7
218000050,654,557,97
218000051,129,561,-432
218000052,10,213,-203
218000053,18,14,4
218000054,21,68,-47
218000055,11,24,-13
218000056,29,31,-2
218000057,1,33,-32
218000064,3,15,-12
218000065,75,119,-44
218000066,14,136,-122
218000067,38,158,-120
218000068,145,197,-52
218000069,180,245,-65
218000070,204,422,-218
218000071,222,338,-116
218000072,379,425,-46
218000078,1124,2143,-1019
218000079,96,136,-40
218000080,133,128,5
218000081,418,526,-108
218000082,106,284,-178
218000083,69,117,-48
218000084,166,346,-180
218000085,202,828,-626
218000086,78,399,-321
218000087,274,401,-127
218000090,5,184,-179
218000091,1207,783,424
218000092,103,236,-133
218000093,129,91,38
218000094,602,1110,-508
218000099,409,908,-499
218000100,296,461,-165
218000101,411,219,192
218000102,350,487,-137
218000103,121,274,-153
218000104,109,97,12
218000105,52,14,38
218000106,24,21,3
218000107,74,111,-37
218000108,15,78,-63
218000112,130,29,101
218000117,77,127,-50
218000134,1071,1702,-631
218000135,132,252,-120
218000136,540,131,409
218000137,381,166,215
218000138,48,160,-112
218000139,266,451,-185
218000140,548,329,219
218000141,196,141,55
218000142,242,304,-62
218000143,231,303,-72
218000144,139,147,-8
218000145,447,679,-232
218000146,82,255,-173
218000151,88,54,34
218000152,164,105,59
218000153,3,6,-3
218000154,18,1,17
218000155,20,4,16
218000156,56,26,30
218000157,25,28,-3
218000158,1,12,-11
218000159,10,5,5
218000160,3,13,-10
218000161,27,6,21
218000162,45,11,34
218000163,12,1,11
218000164,61,16,45
218000165,92,45,47
218000170,0,74,-74
218000171,97,14,83
218000172,62,20,42
218000173,65,29,36
218000174,81,9,72
218000176,189,59,130
218000177,447,360,87
218000178,125,410,-285
218000179,115,189,-74
218000180,110,100,10
218000181,215,139,76
218000187,20,38,-18
218000188,86,57,29
218000189,35,98,-63
218000190,11,40,-29
218000191,149,107,42
218000192,219,616,-397
218000193,544,732,-188
218000194,141,758,-617
218000195,173,126,47
218000196,456,492,-36
218000197,311,602,-291
218000198,18,258,-240
218000199,120,68,52
218000200,81,65,16
218000201,25,6,19
218000202,370,409,-39
218000207,10,97,-87
218000208,105,99,6
218000211,103,17,86
218000212,0,14,-14
218000213,166,103,63
218000214,7,41,-34
218000215,81,152,-71
218000217,3,260,-257
218000218,443,237,206
218000219,312,67,245
218000220,639,500,139
218000221,4916,340,4576
218000222,157,56,101
218000223,60,528,-468
218000224,16,256,-240
218000225,249,27,222
218000226,150,127,23
218000230,1,9,-8
218000232,58,138,-80
218000239,173,16,157
218000240,7,4,3
218000241,40,2,38
218000242,164,4,160
218000243,129,1,128
218000244,48,7,41
218000245,40,1,39
218000246,0,0,0
218000247,4,0,4
218000248,0,30,-30
218000249,0,4,-4
218000250,5,31,-26
218000251,6,22,-16
218000252,7,33,-26
218000253,8,32,-24
218000254,2,24,-22
218000255,3,26,-23
218000256,14,85,-71
218000267,1237,1810,-573
218000268,40,111,-71
218000269,3,23,-20
218000270,35,65,-30
218000271,36,78,-42
218000273,16,16,0
218000274,22,3,19
218000275,18,59,-41
218000276,13,74,-61
218000278,35,59,-24
218000279,38,49,-11
218000280,1,22,-21
218000281,38,8,30
218000282,777,497,280
218000284,188,67,121
218000301,248,171,77
218000302,262,90,172
218000303,64,82,-18
218000316,786,2289,-1503
218000317,1147,2371,-1224
218000318,531,1563,-1032
218000319,1527,2611,-1084
218000320,1105,1430,-325
218000338,167,52,115
218000345,310,87,223
218000346,131,351,-220
218000459,67,627,-560
218000490,146,51,95
218000501,91,43,48
218000502,51,133,-82
218000503,108,29,79
218000504,166,35,131
218000505,88,247,-159
218000506,44,324,-280
218000508,7,18,-11
218000510,276,29,247
218000520,268,170,98
218000521,16,137,-121
218000522,1,204,-203
218000523,339,4,335
218000524,77,271,-194
218000525,238,18,220
218000526,63,170,-107
218000529,27,483,-456
218000530,4,10,-6
218000531,19,53,-34
218000532,86,24,62
218000534,93,16,77
218000537,52,126,-74
218000538,333,248,85
218000540,839,107,732
218000543,161,90,71
218000544,92,158,-66
218000545,57,100,-43
218000546,139,182,-43
218000547,163,174,-11
218000548,217,267,-50
218000549,524,323,201
218000550,266,733,-467
218000551,355,882,-527
218000552,861,55,806
218000553,42,111,-69
218000554,74,32,42
218000555,32,50,-18
218000556,136,494,-358
218000557,306,259,47
218000558,344,103,241
218000559,0,43,-43
218000560,0,20,-20
218000561,41,0,41
218000562,44,264,-220
218000563,331,31,300
218000564,23,156,-133
218000565,356,57,299
218000566,519,58,461
218000567,6,111,-105
218000568,61,7,54
218000569,19,180,-161
218000570,148,7,141
218000571,2,111,-109
218000572,214,2,212
218000573,10,165,-155
218000574,154,79,75
218000575,247,1,246
218000576,1,92,-91
218000577,503,8,495
218000578,2,107,-105
218000579,269,56,213
218000581,5,98,-93
218000582,90,5,85
218000583,25,0,25
218000584,0,33,-33
218000585,83,8,75
218000586,27,39,-12
218000587,14,3,11
218000588,1,3,-2
218000589,1,2,-1
218000590,13,1,12
218000591,3,9,-6
218000592,2,0,2
218000593,0,0,0
218000594,0,0,0
218000595,0,0,0
218000596,0,0,0
218000597,0,0,0
218000598,2,0,2
218000599,0,0,0
218000600,3,10,-7
218000601,0,0,0
218000602,1,6,-5
218000603,0,10,-10
218000604,21,0,21
218000605,0,64,-64
218000606,117,5,112
218000607,11,52,-41
218000608,121,41,80
218000609,3,57,-54
218000610,232,3,229
218000611,123,5,118
218000612,0,40,-40
218000613,60,3,57
218000614,10,42,-32
218000615,336,1,335
218000616,23,209,-186
218000617,34,2,32
218000618,0,32,-32
218000619,48,80,-32
218000620,16,49,-33
218000621,2,18,-16
218000622,1,5,-4
218000623,81,6,75
218000624,26,71,-45
218000625,40,1,39
218000626,0,17,-17
218000628,127,62,65
218000631,28,17,11
218000632,0,112,-112
218000633,179,1,178
218000634,23,28,-5
218000635,24,17,7
218000636,1320,2858,-1538
218000637,986,1129,-143
218000638,189,124,65
218000639,15,315,-300
218000640,369,71,298
218000641,103,621,-518
218000652,90,198,-108
218000653,202,137,65
218000663,10,152,-142
218000675,73,35,38
218000676,6,67,-61
218000677,8,10,-2
218000680,191,779,-588
218000681,357,219,138
218000691,119,536,-417
218000693,217,201,16
218000703,12,122,-110
218000718,1134,1102,32
218000719,1753,386,1367
218000720,11,150,-139
218000721,243,12,231
218000725,16,12,4
218001214,31,61,-30
218001329,144,146,-2
218001330,147,88,59
218001351,49,14,35
218001352,22,8,14
218001353,20,11,9
218001354,11,21,-10
219000001,31,67,-36
219000002,77,99,-22
219000003,42,33,9
219000004,94,53,41
219000017,789,39,750
219000020,135,110,25
219000022,195,18,177
219000023,314,2,312
219000029,0,126,-126
219000034,111,14,97
219000039,64,105,-41
219000040,92,67,25
219000041,182,40,142
219000051,1,79,-78
219000052,0,56,-56
219000053,1,237,-236
219000054,633,563,70
219000055,149,3,146
219000056,104,3,101
219000057,270,1,269
219000062,16,268,-252
219000063,102,8,94
219000064,0,74,-74
219000110,426,68,358
219000111,152,61,91
219000112,291,82,209
219000113,188,89,99
219000114,335,232,103
219000116,107,75,32
219000117,178,134,44
219000118,270,97,173
219000123,384,142,242
219000124,153,88,65
219000125,14,43,-29
219000126,121,124,-3
219000127,6,12,-6
219000128,18,114,-96
219000129,38,166,-128
219000130,1155,1054,101
219000131,1116,1162,-46
219000133,92,61,31
219000134,13,30,-17
219000135,42,64,-22
219000136,142,207,-65
219000138,115,30,85
219000139,41,93,-52
219000140,49,8,41
219000141,22,180,-158
219000142,25,204,-179
219000143,28,186,-158
219000145,31,112,-81
219000146,8,74,-66
219000147,2,124,-122
219000148,5,133,-128
219000149,22,250,-228
219000150,2,215,-213
219000151,6,107,-101
219000157,274,252,22
219000158,245,435,-190
219000161,302,12,290
219000163,2657,642,2015
219000166,199,288,-89
219000167,149,342,-193
219000168,426,143,283
219000174,549,149,400
219000175,102,2,100
219000176,68,5,63
219000177,32,1,31
219000178,39,4,35
219000179,15,11,4
219000180,62,41,21
219000182,145,38,107
219000183,73,65,8
219000184,116,11,105
219000185,0,124,-124
219000186,38,114,-76
219000187,31,184,-153
219000189,191,230,-39
219000190,240,369,-129
219000191,2250,1872,378
219000192,237,181,56
219000193,655,172,483
219000195,7,95,-88
219000196,12,207,-195
219000198,30,232,-202
219000199,127,419,-292
219000200,59,355,-296
219000201,118,422,-304
219000203,30,197,-167
219000204,197,291,-94
219000205,57,279,-222
219000207,245,466,-221
219000209,30,154,-124
219000210,315,172,143
219000213,19,431,-412
219000239,263,407,-144
219000240,326,579,-253
219000241,162,380,-218
219000242,135,297,-162
219000243,116,485,-369
219000244,66,117,-51
219000245,57,78,-21
219000246,78,21,57
219000247,141,41,100
219000248,841,481,360
219000249,271,88,183
219000250,165,141,24
219000251,879,285,594
219000252,348,207,141
219000253,413,104,309
219000255,146,161,-15
219000256,228,97,131
219000257,247,6,241
219000262,153,277,-124
219000263,44,290,-246
219000267,6,241,-235
219000268,4,22,-18
219000269,38,3,35
219000270,28,1,27
219000271,169,44,125
219000278,2,15,-13
219000279,2,10,-8
219000283,0,14,-14
219000295,11,161,-150
219000296,85,789,-704
219000297,16,263,-247
219000298,9,325,-316
219000299,596,152,444
219000300,39,454,-415
219000301,299,561,-262
219000302,38,367,-329
219000307,52,79,-27
219000308,47,55,-8
219000311,232,88,144
219000312,778,110,668
219000313,352,56,296
219000314,104,948,-844
219000315,213,64,149
219000316,552,104,448
219000317,178,44,134
219000320,1,67,-66
219000321,0,24,-24
219000323,13,145,-132
219000325,5,33,-28
219000326,94,182,-88
219000327,116,37,79
219000328,88,79,9
219000329,376,216,160
219000330,60,57,3
219000331,81,56,25
219000332,122,143,-21
219000333,14,11,3
219000335,98,3,95
219000337,50,0,50
219000338,160,1,159
219000344,37,131,-94
219000345,58,168,-110
219000346,66,208,-142
219000348,215,278,-63
219000349,61,300,-239
219000350,82,237,-155
219000351,16,4,12
219000352,422,91,331
219000353,156,88,68
219000354,177,207,-30
219000355,210,83,127
219000356,3137,1460,1677
219000363,447,80,367
219000364,97,66,31
219000365,166,26,140
219000366,434,645,-211
219000368,842,564,278
219000370,2126,566,1560
219000371,18,38,-20
219000382,16,45,-29
219000383,1090,1464,-374
219000385,911,828,83
219000386,1367,2427,-1060
219000387,19,16,3
219000390,16,5,11
219000391,9,1,8
219000397,98,110,-12
219000398,75,37,38
219000401,13,159,-146
219000402,23,162,-139
219000403,162,357,-195
219000404,29,167,-138
219000407,3,51,-48
219000409,92,55,37
219000410,146,55,91
219000411,94,20,74
219000446,254,689,-435
219000447,2,28,-26
219000448,12,21,-9
219000452,175,87,88
219000453,105,235,-130
219000454,578,313,265
219000556,297,132,165
219000558,300,351,-51
219000590,31,240,-209
219000591,76,120,-44
219000592,211,680,-469
219000595,5,45,-40
219000635,183,95,88
219000636,40,141,-101
219000657,54,23,31
219000658,60,156,-96
219000673,0,20,-20
219000676,270,4,266
219000679,171,11,160
219000684,227,5,222
219000685,6,93,-87
219000686,3,6,-3
219000688,1,131,-130
219000689,53,388,-335
219000690,268,36,232
219000691,84,245,-161
219000692,246,46,200
219000693,0,41,-41
219000694,12,0,12
219000695,17,7,10
219000698,118,0,118
219000699,0,11,-11
219000727,0,253,-253
219000728,201,13,188
219000770,56,2,54
219000771,0,51,-51
219001150,0,31,-31
219001151,7,6,1
219001166,6,18,-12
219001167,1,125,-124
220000001,145,93,52
220000002,23,241,-218
220000003,999,378,621
220000004,1783,845,938
220000005,2526,2505,21
220000006,324,1373,-1049
220000007,486,923,-437
220000008,536,1562,-1026
220000009,465,731,-266
220000010,366,298,68
220000011,1648,6233,-4585
220000012,130,937,-807
220000014,180,48,132
220000015,169,197,-28
220000017,65,654,-589
220000018,11403,4604,6799
220000019,143,488,-345
220000020,758,406,352
220000021,704,304,400
220000022,658,684,-26
220000023,374,307,67
220000024,2762,509,2253
220000025,2202,1341,861
220000026,298,313,-15
220000027,69,258,-189
220000028,63,75,-12
220000029,135,449,-314
220000030,184,136,48
220000031,549,539,10
220000064,51,1387,-1336
221000046,9,1,8
221000047,0,1,-1
221000048,0,2,-2
221000049,0,12,-12
221000050,22,0,22
221000055,98,59,39
221000057,69,13,56
221000068,463,200,263
221000069,441,90,351
221000070,258,48,210
221000071,116,19,97
221000072,480,32,448
221000073,264,97,167
221000074,0,41,-41
221000075,59,38,21
221000076,13,43,-30
221000077,65,193,-128
221000081,50,22,28
221000082,56,7,49
221000083,64,11,53
221000084,0,5,-5
221000085,29,114,-85
221000086,17,222,-205
221000087,6,310,-304
221000088,34,273,-239
221000089,34,404,-370
221000090,163,722,-559
221000098,182,14,168
221000099,185,12,173
221000100,149,14,135
221000101,218,15,203
221000102,146,31,115
221000109,13,153,-140
221000110,20,167,-147
221000111,25,302,-277
221000112,11,201,-190
221000113,24,289,-265
221000114,20,283,-263
221000120,44,61,-17
221000121,6,45,-39
221000122,194,49,145
221000123,17,15,2
221000124,78,380,-302
221000155,185,19,166
221000156,89,69,20
221000175,0,17,-17
221000176,0,3,-3
221000182,66,7,59
221000241,655,371,284
221000242,266,610,-344
221000243,607,241,366
221000244,382,616,-234
221000245,129,151,-22
221000246,68,318,-250
221000247,77,158,-81
221000248,242,173,69
221000267,155,1140,-985
221000325,96,98,-2
221000331,76,191,-115
221000338,148,42,106
221000378,207,60,147
221000381,76,49,27
222000282,12,4,8
222000296,9,42,-33
222000568,378,27,351
222000569,205,35,170
222000570,184,19,165
222000571,556,27,529
222000577,26,392,-366
222000578,45,326,-281
222000579,52,222,-170
222000580,198,1652,-1454
222000599,0,207,-207
222000600,5,520,-515
222000601,11,1513,-1502
222000603,20,38,-18
222000604,7,45,-38
222000605,24,32,-8
222000606,11,8,3
222000607,9,1,8
222000608,45,17,28
222000609,56,367,-311
222000616,356,50,306
222000617,21,37,-16
222000618,9,3,6
222000620,74,21,53
222000621,156,17,139
222000623,869,10,859
222000624,410,15,395
222000625,515,59,456
222000636,135,5,130
222000686,50,15,35
222000687,66,68,-2
222001066,634,4,630
222001067,19,15,4
222001068,24,108,-84
222001069,31,98,-67
222001082,26,78,-52
222001083,9,89,-80
222001084,1,27,-26
222001085,1,296,-295
222001111,43,250,-207
222001112,83,111,-28
222001313,89,2,87
222001314,4,197,-193
222001464,118,103,15
222001465,68,169,-101
222001484,167,107,60
222001485,24,54,-30
222001494,449,225,224
222001495,148,580,-432
222001496,334,144,190
222001497,107,800,-693
222001502,28,142,-114
222001503,123,59,64
222001504,41,399,-358
222001505,318,30,288
222001506,40,359,-319
222001507,348,28,320
222001510,445,46,399
222001511,52,557,-505
222001514,753,207,546
222001515,401,1136,-735
222001518,365,178,187
222001519,64,435,-371
222001527,373,113,260
222001528,92,246,-154
222001529,261,61,200
222001530,62,360,-298
222001533,124,559,-435
222001534,339,112,227
222001535,173,266,-93
222001536,135,446,-311
222001537,318,33,285
222001538,94,818,-724
222001563,550,105,445
222001564,71,1082,-1011
222001568,581,213,368
222001576,9,0,9
222001579,1,5,-4
222001583,43,361,-318
222001584,158,15,143
222001596,1166,2365,-1199
222001597,2910,460,2450
222001626,1,302,-301
222001650,122,160,-38
222001651,88,243,-155
222001914,310,129,181
222001915,66,387,-321
222900004,621,280,341
222900009,601,1156,-555
222900019,377,397,-20
222900024,23,68,-45
222900025,5,39,-34
225000001,700,306,394
225000002,615,313,302
225000003,635,177,458
225000004,383,623,-240
225000005,156,120,36
225000006,2,232,-230
225000007,4572,2140,2432
225000010,441,14,427
225000011,821,2245,-1424
225000012,262,1057,-795
225000013,292,327,-35
225000014,2355,148,2207
225000015,148,358,-210
225000021,1146,488,658
225000027,395,944,-549
225000032,1108,303,805
225000042,149,1225,-1076
225000049,67,81,-14
225000050,102,19,83
225000053,7,696,-689
225000058,1183,230,953
225000067,329,347,-18
225000068,163,692,-529
225000069,186,793,-607
225000070,97,761,-664
225000071,66,412,-346
225000075,48,1641,-1593
225000076,149,216,-67
225000078,246,97,149
225000085,59,133,-74
225000086,932,81,851
225000087,410,116,294
225000088,31,309,-278
225000089,428,1382,-954
225000090,40,679,-639
225000091,236,338,-102
225000092,81,135,-54
225000093,280,602,-322
225000094,21,684,-663
225000095,457,855,-398
225000096,468,870,-402
225000098,916,375,541
225000099,458,210,248
225000100,312,193,119
225000104,156,767,-611
225000110,12,771,-759
225000111,368,2065,-1697
225000112,803,1697,-894
225000113,336,1079,-743
225000114,182,548,-366
225000115,4017,973,3044
225000116,1407,348,1059
225000117,1299,625,674
225000118,1360,639,721
225000119,304,222,82
225000120,951,160,791
225000121,364,60,304
225000123,3559,30,3529
225000125,642,443,199
225000126,1983,416,1567
225000127,1352,1690,-338
225000128,481,1054,-573
225000132,264,59,205
225000133,493,44,449
225000134,776,171,605
225000135,86,9,77
225000136,217,18,199
225000137,188,103,85
225000138,557,97,460
225000143,165,327,-162
225000144,6,582,-576
225000145,113,104,9
225000146,48,166,-118
225000147,30,569,-539
225000148,5,426,-421
225000149,128,741,-613
225000151,27,623,-596
225000155,423,741,-318
225000156,509,1587,-1078
225000157,430,607,-177
225000158,166,567,-401
225000171,3,281,-278
225000180,48,2,46
225000181,0,168,-168
225000182,108,20,88
225000185,18,567,-549
225000187,91,737,-646
225000191,181,1,180
225000194,0,3,-3
225000208,4,89,-85
225000209,126,31,95
225000210,9,630,-621
225000217,0,27,-27
225000218,24,0,24
225000223,0,110,-110
225000224,361,1,360
225000225,13,61,-48
225000226,321,4,317
225000227,104,176,-72
225000228,18,11,7
225000229,0,145,-145
225000230,125,1,124
225000231,0,134,-134
225000232,145,0,145
225000241,101,0,101
225000242,0,43,-43
225000249,10,0,10
225000250,49,1588,-1539
225000251,461,44,417
225000254,10,1,9
225000256,35,105,-70
225000257,1,284,-283
226000042,801,782,19
226000043,147,389,-242
226000044,400,1141,-741
226000045,117,738,-621
226000046,747,145,602
226000047,671,131,540
226000048,594,118,476
226000049,611,219,392
226000070,0,152,-152
226000071,0,129,-129
226000072,0,27,-27
226000073,2,55,-53
226000074,1,31,-30
226000084,6,106,-100
226000085,5,18,-13
226000086,7,24,-17
226000087,0,18,-18
226000088,116,44,72
226000090,392,106,286
226000091,26,46,-20
226000092,2,17,-15
226000093,34,0,34
226000094,49,3,46
226000095,86,6,80
226000105,66,4,62
226000106,74,16,58
226000107,11,1,10
226000108,94,1,93
226000109,126,13,113
226000124,386,132,254
226000134,601,777,-176
226000135,1427,1286,141
226000136,495,731,-236
226000137,4,842,-838
226000138,32,509,-477
226000139,3,45,-42
226000156,163,2,161
226000157,196,10,186
226000163,201,66,135
226000202,15,943,-928
226000231,269,7,262
226000232,131,9,122
227000033,326,96,230
227000036,277,50,227
227000037,222,46,176
227000038,267,64,203
227000084,1,85,-84
227000085,0,68,-68
227000088,172,5,167
227000089,187,3,184
227000090,153,0,153
227000091,26,0,26
227000092,37,0,37
227000093,228,0,228
227000094,19,0,19
227000130,44,96,-52
227000131,47,304,-257
227000132,10,322,-312
227000133,9,264,-255
227000134,20,431,-411
227000152,0,3,-3
227000153,0,49,-49
227000154,0,28,-28
227000155,2,20,-18
227000156,0,20,-20
227000165,25,55,-30
227000196,387,494,-107
227000199,366,1023,-657
227000230,27,843,-816
227000232,530,29,501
227000242,66,617,-551
227000243,578,116,462
227000245,18,433,-415
227000246,127,607,-480
227000247,333,122,211
227000248,117,44,73
227000249,26,274,-248
227000250,684,207,477
227000251,183,271,-88
227000252,26,468,-442
227000253,102,23,79
227000262,276,59,217
227000266,1168,30,1138
227000267,55,3584,-3529
227000282,7,383,-376
227000284,399,37,362
227000286,3,132,-129
227000291,22,989,-967
227000296,467,470,-3
227000484,482,24,458
227000485,25,1306,-1281
227000655,108,32,76
227000656,801,49,752
227000657,65,34,31
227000704,360,19,341
229000265,10,22,-12
229000266,12,0,12
229000267,66,0,66
229000268,125,1,124
229000269,106,0,106
229000274,4,74,-70
229000275,3,44,-41
229000276,15,45,-30
229000277,1,4,-3
229000278,1,15,-14
229000295,21,56,-35
229000296,60,15,45
229000297,17,54,-37
229000298,10,317,-307
229000320,28,31,-3
229000321,58,27,31
229000412,75,130,-55
229000414,16,107,-91
229000415,40,0,40
229000416,6,4,2
229000417,18,35,-17
229000419,212,674,-462
229000440,503,185,318
229000442,32,9,23
229000443,3,7,-4
229000444,7,53,-46
229000445,81,22,59
229000446,147,32,115
229000491,4,40,-36
229000492,17,209,-192
229000493,5,199,-194
229000494,39,4,35
229000495,103,8,95
229000496,65,15,50
229000507,0,95,-95
229000508,3,53,-50
229000509,4,87,-83
229000510,3,61,-58
229000511,4,85,-81
229000512,4,61,-57
229000513,0,8,-8
229000514,1,7,-6
229000517,2,8,-6
229000518,19,63,-44
229000519,4,11,-7
229000520,15,47,-32
229000521,36,20,16
229000522,6,14,-8
229000523,11,16,-5
229000524,5,4,1
229000527,2,1,1
229000528,1,0,1
229000529,7,0,7
229000530,80,4,76
229000531,73,3,70
229000532,92,1,91
229000533,128,0,128
229000534,95,3,92
229000564,65,1,64
229000565,10,1,9
229000566,1,29,-28
229000567,0,81,-81
229000582,164,3,161
229000583,23,4,19
229000584,0,46,-46
229000585,6,114,-108
229000718,0,4,-4
229000719,0,2,-2
229000720,0,6,-6
229000721,0,11,-11
229000722,0,20,-20
229000723,0,15,-15
229000724,0,2,-2
229000725,0,13,-13
229000738,9,0,9
229000739,2,0,2
229000740,0,0,0
229000741,3,0,3
229000742,11,0,11
229000743,29,0,29
229000744,15,0,15
229000745,4,0,4
229000746,26,0,26
229000847,59,0,59
229000848,19,0,19
229000849,161,0,161
229000851,33,0,33
229000854,0,67,-67
229000856,5,194,-189
229000857,1,74,-73
229000858,0,149,-149
229000919,37,145,-108
229000930,1,426,-425
229000937,66,18,48
229000966,41,21,20
229000981,17,73,-56
229000985,10,102,-92
229000986,0,14,-14
229000987,0,3,-3
229000988,9,11,-2
229000989,45,28,17
229000990,23,3,20
229000991,4,1,3
229000992,26,28,-2
229000993,368,42,326
229000998,37,127,-90
229000999,131,68,63
229001034,5,49,-44
229001035,11,4,7
229001036,6,139,-133
229001037,68,3,65
229001038,1,6,-5
229001039,8,1,7
229001040,1,278,-277
229001041,134,0,134
229001042,21,68,-47
229001047,11,158,-147
229001050,85,60,25
229001168,0,18,-18
229001200,10,6,4
229001338,4,57,-53
229001394,284,7,277
229001422,141,27,114
229001423,43,243,-200
229001431,56,76,-20
229001432,112,117,-5
229001444,179,125,54
229001445,82,408,-326
229001479,10,9,1
229001503,181,155,26
229001504,146,321,-175
229001505,106,57,49
229001506,105,277,-172
229001509,114,12,102
229001510,9,102,-93
229001545,86,1,85
229001546,11,136,-125
229001553,82,24,58
229001554,35,157,-122
229001630,128,33,95
229001631,57,76,-19
229001635,0,19,-19
229001636,2,1,1
229001658,5,173,-168
229001659,84,2,82
229001660,5,7,-2
229001661,11,38,-27
229001662,62,20,42
229001663,0,30,-30
229002584,371,379,-8
229002831,516,457,59
229002841,40,30,10
229002842,37,43,-6
229002843,184,55,129
229002844,284,99,185
229002845,42,75,-33
229002846,24,47,-23
229002847,32,16,16
229002848,22,38,-16
229002849,21,104,-83
229002850,12,8,4
229002851,153,109,44
229002852,219,87,132
229002853,288,34,254
229002854,125,61,64
229002855,21,28,-7
229002856,88,18,70
229002857,13,55,-42
229002858,16,23,-7
229002859,162,27,135
229002860,232,16,216
229002861,171,77,94
229002862,101,220,-119
229002863,32,42,-10
229002864,34,66,-32
229002865,18,25,-7
229002866,23,30,-7
229002867,17,30,-13
229002868,27,16,11
229002869,55,236,-181
229002870,63,14,49
235000066,609,94,515
235000067,180,161,19
235000072,27,106,-79
235000073,96,529,-433
235000074,76,111,-35
235000080,59,135,-76
235000081,154,214,-60
235000082,213,184,29
235000083,222,250,-28
235000084,72,121,-49
235000085,62,147,-85
235000089,46,44,2
235000092,26,253,-227
235000093,18,4,14
235000097,6,8,-2
235000098,91,10,81
235000099,65,34,31
235000116,51,19,32
235000117,1178,31,1147
235000133,32,556,-524
235000134,24,177,-153
235000206,14,9,5
235000207,0,2,-2
235000208,15,1,14
235000209,16,1,15
235000210,10,2,8
235000212,6,36,-30
235000213,3,13,-10
235000220,5,17,-12
235000221,156,15,141
235000238,30,46,-16
235000239,2,10,-8
235000242,446,579,-133
235000245,1026,260,766
235000246,41,93,-52
235000284,10,132,-122
235000295,134,22,112
235000305,230,45,185
235000306,162,17,145
235000307,22,4,18
235000308,47,0,47
235000309,62,1,61
235000310,141,0,141
235000311,210,7,203
235000322,0,43,-43
235000323,2,91,-89
235000324,0,23,-23
235000325,0,11,-11
235000326,2,328,-326
235000351,10,80,-70
235000352,54,55,-1
235000353,3,32,-29
235000354,10,33,-23
235000355,6,114,-108
235000356,136,4,132
235000357,63,4,59
235000358,71,10,61
235000359,13,7,6
235000360,145,39,106
235000361,106,10,96
235000381,91,281,-190
235000382,147,95,52
235000390,13,4,9
235000391,88,25,63
235000392,138,232,-94
235000393,85,164,-79
235000395,101,63,38
235000396,383,152,231
235000400,380,42,338
235000401,119,218,-99
235000405,158,373,-215
235000406,68,412,-344
235000407,103,137,-34
235000409,236,247,-11
235000410,53,368,-315
235000411,0,106,-106
235000485,0,17,-17
235000486,5,0,5
235000549,75,181,-106
235000550,134,287,-153
235000599,73,56,17
235000600,23,38,-15
235000601,42,46,-4
235000602,49,157,-108
235000614,0,4,-4
235000648,2,53,-51
235000649,59,9,50
235000685,1,7,-6
235000815,30,29,1
235000834,0,13,-13
235000855,65,100,-35
235000862,96,273,-177
235000891,0,24,-24
235000892,63,8,55
235000901,116,187,-71
235000907,5,20,-15
235001010,70,176,-106
235001029,712,583,129
235001030,423,336,87
235001078,112,127,-15
235001079,141,126,15
235001147,28,100,-72
235001166,48,112,-64
235001167,38,81,-43
235001169,35,470,-435
235001188,1,15,-14
235001189,3,0,3
235001197,42,16,26
235001200,51,46,5
235001208,29,14,15
235001209,55,96,-41
235001210,28,213,-185
235001239,4,61,-57
235001244,0,5,-5
235016267,0,32,-32
241900007,55,12,43
277101746,0,2,-2
277102712,0,0,0
277103813,0,0,0
277103814,0,0,0
277103898,0,17,-17
277104249,0,4,-4
277104250,0,19,-19
277104251,0,9,-9
277104252,0,5,-5
990011530,0,271,-271
990014944,1,776,-775
990015176,120,9,111
990015618,2,171,-169
990016032,2,981,-979
990032570,7,413,-406
990070001,110,8,102
990070103,0,0,0
990070601,1,114,-113
990070751,559,0,559
990070766,1,820,-819
990071180,1020,376,644
990071343,32,0,32
990071387,0,11,-11
990071823,1016,109,907
990072600,6,1013,-1007
990072964,1,1089,-1088
990073285,0,4,-4
990074393,3,1814,-1811
990074870,1350,113,1237
990075106,1301,24,1277
990075746,588,53,535
990076437,1166,5,1161
990076458,8,1663,-1655
997000007,449,4,445
997000041,0,236,-236
997000058,42,2,40
997000062,219,1,218
997000069,0,10,-10
997000070,0,150,-150
997000100,34,1,33
997000141,14,3733,-3719
997000198,8,1567,-1559
998000475,11,58,-47
998000736,1,378,-377
998000965,0,14,-14
998001031,0,82,-82
998001700,0,42,-42
998001899,0,0,0
998001900,6,4,2
998003073,4732,16,4716
998101900,0,0,0
998102850,1,129,-128
998501927,1163,712,451
998501929,78,3,75
998501930,74,0,74
998501931,207,45,162
998501932,2,0,2
998501933,119,4,115
998501937,14,0,14
998501944,20,0,20
998501950,0,0,0
998501970,57,4,53
998501971,0,114,-114
998501973,1,119,-118
998501974,2,364,-362
998501975,837,1,836
998501976,253,3,250
998501977,1,21,-20
998501978,69,2,67
998501979,0,17,-17
998501980,345,1,344
998501981,24,12,12
998501982,0,183,-183
998502006,0,0,0
998502024,0,3,-3
998502032,0,3,-3
998502062,65,6,59
998502063,0,0,0
998502173,0,0,0
998502269,0,0,0
998601159,1,281,-280
998601292,0,29,-29
999033574,2,404,-402
999800001,90,37,53
999800002,0,9,-9
999800003,10,1,9
999800004,0,3,-3
999800005,1,19,-18
