ID,insum,outsum,diff
100000001,297,178,119
100000002,740,194,546
100000003,3362,765,2597
100000004,620,156,464
100000005,497,826,-329
100000006,49,24,25
100000007,141,138,3
100000008,34,341,-307
100000009,15,42,-27
100000010,1,13,-12
100000011,39,30,9
100000012,15,436,-421
100000013,7,93,-86
100000014,47,206,-159
100000015,167,247,-80
100000016,367,765,-398
100000017,167,702,-535
100000018,331,243,88
100000019,1816,649,1167
100000020,432,617,-185
100000021,4541,1010,3531
100000022,327,216,111
100000023,2840,401,2439
100000025,1458,223,1235
100000028,582,395,187
100000029,80,100,-20
100000030,296,12,284
100000031,1537,1002,535
100000032,1334,1233,101
100000033,231,983,-752
100000034,501,190,311
100000035,462,258,204
100000036,767,391,376
100000037,128,182,-54
100000038,298,187,111
100000039,130,51,79
100000040,75,25,50
100000041,127,120,7
100000042,95,114,-19
100000043,107,90,17
100000044,124,373,-249
100000045,142,858,-716
100000046,234,764,-530
100000047,131,550,-419
100000048,180,504,-324
100000049,815,1780,-965
100000051,118,908,-790
100000053,11,0,11
100000054,26,4,22
100000055,69,190,-121
100000056,64,239,-175
100000057,397,324,73
100000058,297,1086,-789
100000059,0,49,-49
100000060,78,121,-43
100000061,397,207,190
100000062,193,152,41
100000063,119,105,14
100000064,161,213,-52
100000065,76,823,-747
100000066,59,667,-608
100000067,97,562,-465
100000068,255,920,-665
100000069,100,1021,-921
100000072,241,1043,-802
100000073,488,894,-406
100000075,158,188,-30
100000076,527,685,-158
100000077,251,11,240
100000078,72,7,65
100000079,28,20,8
100000080,4,5,-1
100000081,15,7,8
100000102,503,459,44
100000103,1240,334,906
100000104,1834,484,1350
100000105,1796,248,1548
100000106,783,448,335
100000107,120,111,9
100000108,366,792,-426
100000109,1813,635,1178
100000116,582,182,400
100000117,2,6,-4
100000118,687,390,297
100000119,173,324,-151
100000121,67,355,-288
100000122,242,363,-121
100000123,2005,1969,36
100000124,6232,2326,3906
100000125,1775,249,1526
100000126,206,112,94
100000127,586,164,422
100000128,592,394,198
100000129,184,195,-11
100000130,157,295,-138
100000131,3555,1386,2169
100000132,1379,477,902
100000133,7728,1782,5946
100000135,110,260,-150
100000139,42,303,-261
100000140,151,127,24
100000142,55,162,-107
100000143,344,452,-108
100000144,2297,629,1668
100000147,338,805,-467
100000150,6,205,-199
100000151,196,267,-71
100000153,150,75,75
100000154,24,72,-48
100000155,0,4,-4
100000156,48,12,36
100000157,28,49,-21
100000158,13,67,-54
100000159,63,137,-74
100000165,528,393,135
100000169,203,83,120
100000174,647,133,514
100000179,15,257,-242
100000180,172,705,-533
100000181,30,167,-137
100000188,33,212,-179
100000189,111,126,-15
100000190,113,135,-22
100000191,219,134,85
100000192,48,14,34
100000193,15,27,-12
100000330,1223,247,976
100000355,27,307,-280
100000362,2360,2133,227
100000363,582,1178,-596
100000364,285,340,-55
100000365,1819,3663,-1844
100000366,2710,1724,986
100000367,1095,1755,-660
100000368,891,1061,-170
100000369,227,501,-274
100000370,20,161,-141
100000376,26,47,-21
100000379,674,447,227
100000380,852,616,236
100000384,2504,947,1557
100000385,2136,1542,594
100000386,3595,922,2673
100000387,3661,1525,2136
100000388,9410,1377,8033
100000389,7244,1381,5863
100000390,7825,1349,6476
100000391,4372,1341,3031
100000392,1543,491,1052
100000393,590,445,145
100000394,3163,1278,1885
100000395,1325,394,931
100000396,2026,744,1282
100000397,1075,427,648
100000398,7424,5079,2345
100900002,0,0,0
100900003,19,43,-24
100900004,13,792,-779
100900005,10,0,10
100900006,0,0,0
100900007,9,0,9
100900008,1,407,-406
100900009,9,9,0
100900010,0,0,0
100900011,3,196,-193
100900012,1,274,-273
100900013,105,0,105
100900014,0,0,0
100900015,55,35,20
100900016,0,18,-18
100900017,64,59,5
100900018,0,0,0
100900019,0,0,0
100900020,28,0,28
100900021,612,2,610
100900022,0,0,0
100900023,0,0,0
100900024,18,1,17
100900025,0,0,0
100900026,4,97,-93
100900027,195,996,-801
100900028,9,71,-62
100900029,28,7,21
100900030,0,5,-5
100900031,63,9,54
100900032,34,0,34
100900033,61,37,24
100900034,47,0,47
100900035,37,0,37
100900036,0,0,0
100900037,9,217,-208
100900038,3,1,2
100900039,106,441,-335
100900040,57,772,-715
100900041,28,757,-729
100900042,95,14,81
100900043,0,0,0
100900044,1061,125,936
100900045,0,0,0
100900046,292,3,289
100900047,0,1,-1
100900048,8,1,7
100900049,2,143,-141
100900050,0,4,-4
100900051,18,18,0
100900052,14,1,13
100900053,48,18,30
100900054,0,92,-92
100900055,35,39,-4
100900056,0,6,-6
100900057,157,146,11
100900058,24,13,11
100900059,4,1,3
100900060,15,12,3
100900061,51,82,-31
100900062,0,22,-22
100900063,12,114,-102
100900064,211,1,210
100900065,8,7,1
100900066,1,5,-4
100900067,0,0,0
100900068,1,79,-78
100900069,9,0,9
100900070,36,3,33
100900071,198,96,102
100900072,0,29,-29
100900073,2,250,-248
100900074,0,2,-2
100900075,2351,103,2248
100900076,5,6,-1
100900077,0,0,0
100900078,14,10,4
100900079,0,7,-7
100900080,0,0,0
100900081,3,10,-7
100900082,9,443,-434
100900083,0,15,-15
100900085,0,27,-27
100900086,13,85,-72
100900088,3,370,-367
100900089,1,11,-10
100900090,28,210,-182
100900091,0,0,0
100900092,15,27,-12
100900093,33,18,15
100900094,28,466,-438
100900095,0,9,-9
100900096,2,90,-88
100900097,0,0,0
100900098,0,18,-18
100900099,6,288,-282
100900100,2,43,-41
100900101,133,5,128
100900102,1,7,-6
100900103,0,6,-6
100900104,0,75,-75
100900105,1,11,-10
100900106,12,0,12
100900107,790,123,667
100900108,0,0,0
100900109,2,8,-6
100900110,0,0,0
100900111,32,62,-30
100900112,0,0,0
100900113,0,16,-16
100900114,0,12,-12
100900115,0,0,0
100900116,212,48,164
100900117,66,87,-21
100900118,1,24,-23
100900119,0,16,-16
100900120,0,0,0
100900121,135,49,86
100900122,75,106,-31
100900123,4,7,-3
100900124,0,1,-1
100900125,6,41,-35
100900126,2,13,-11
100900127,0,1,-1
100900128,29,70,-41
100900129,0,11,-11
100900131,12,41,-29
100900133,0,6,-6
100900134,0,1,-1
100900135,0,17,-17
100900137,157,81,76
100900138,23,66,-43
100900139,0,1,-1
100900140,1,618,-617
100900141,0,58,-58
100900142,0,0,0
100900143,429,83,346
100900144,7,0,7
100900145,4,37,-33
100900146,0,4,-4
100900147,0,67,-67
100900148,14,694,-680
100900149,0,0,0
100900150,0,0,0
100900151,22,348,-326
100900152,0,0,0
100900153,0,49,-49
100900154,0,1,-1
100900155,0,1,-1
100900156,0,0,0
100900157,0,33,-33
100900158,773,176,597
100900159,0,2,-2
100900160,0,1,-1
100900161,0,0,0
100900162,11,69,-58
100900163,31,90,-59
100900164,0,1,-1
100900165,8,18,-10
100900166,0,0,0
100900167,2,52,-50
100900168,0,21,-21
100900169,97,1104,-1007
100900170,0,0,0
100900171,19,638,-619
100900172,1,5,-4
100900173,7,402,-395
100900174,0,5,-5
100900176,419,14,405
100900177,603,81,522
100900178,1,45,-44
100900179,12,9,3
100900180,0,0,0
100900181,0,0,0
100900182,0,0,0
100900184,0,0,0
100900186,510,186,324
100900187,3,98,-95
100900188,41,7,34
100900189,214,27,187
100900191,745,183,562
100900192,67,67,0
100900195,34,81,-47
100900197,0,0,0
100900198,10,47,-37
100900199,0,0,0
100900200,264,153,111
100900201,13,697,-684
100900202,0,0,0
100900203,0,24,-24
100900204,65,49,16
100900205,31,88,-57
100900206,28,2,26
100900207,35,24,11
100900210,29,502,-473
100900211,73,10,63
100900213,10,7,3
100900214,594,24,570
100900215,0,1,-1
101000001,2573,865,1708
101000002,1641,932,709
101000003,497,412,85
101000004,6090,1825,4265
101000005,3889,2252,1637
101000006,5285,2987,2298
101000007,1574,1288,286
101000008,1660,1050,610
101000009,534,1470,-936
101000010,313,810,-497
101000011,1120,253,867
101000012,490,140,350
101000013,280,250,30
101000014,173,186,-13
101000015,362,566,-204
101000016,87,204,-117
101000017,190,263,-73
101000018,1383,1203,180
101000020,1949,584,1365
101000021,334,117,217
101000022,449,54,395
101000023,837,445,392
101000025,43,128,-85
101000026,173,21,152
101000027,787,694,93
101000028,16,42,-26
101000029,1,159,-158
101000030,376,51,325
101000031,187,52,135
101000032,1978,921,1057
101000033,1235,542,693
101000034,897,396,501
101000035,694,170,524
101000036,476,180,296
101000037,1765,374,1391
101000039,1367,267,1100
101000040,2416,753,1663
101000041,3942,667,3275
101000042,325,154,171
101000043,5270,810,4460
101000045,416,45,371
101000046,1120,482,638
101000047,456,551,-95
101000048,341,201,140
101000049,424,216,208
101000050,1388,456,932
101000051,2747,534,2213
101000052,870,255,615
101000053,357,492,-135
101000054,925,623,302
101000055,862,414,448
101000056,48,59,-11
101000057,1852,243,1609
101000058,1098,194,904
101000059,1302,360,942
101000060,996,93,903
101000061,300,136,164
101000062,835,134,701
101000063,87,39,48
101000064,576,135,441
101000065,51,118,-67
101000066,45,23,22
101000067,274,129,145
101000068,95,57,38
101000069,154,37,117
101000070,1365,383,982
101000071,1069,251,818
101000072,939,1200,-261
101000073,202,97,105
101000074,2836,750,2086
101000075,5167,1476,3691
101000077,537,485,52
101000078,612,742,-130
101000079,200,1238,-1038
101000080,395,1069,-674
101000081,412,519,-107
101000082,2145,1232,913
101000083,618,558,60
101000084,794,742,52
101000085,685,395,290
101000086,794,604,190
101000087,513,653,-140
101000088,328,307,21
101000089,354,539,-185
101000090,1535,684,851
101000091,126,614,-488
101000092,476,584,-108
101000093,669,409,260
101000094,298,666,-368
101000095,118,502,-384
101000096,94,295,-201
101000097,115,128,-13
101000098,117,244,-127
101000099,511,450,61
101000100,396,282,114
101000101,125,185,-60
101000102,272,141,131
101000103,278,258,20
101000104,66,169,-103
101000105,224,53,171
101000106,97,67,30
101000107,33,112,-79
101000108,755,188,567
101000109,46,39,7
101000110,6,353,-347
101000111,65,83,-18
101000113,41,150,-109
101000114,1063,537,526
101000115,25,33,-8
101000116,4,27,-23
101000117,16,79,-63
101000119,112,23,89
101000120,136,9,127
101000121,20,3,17
101000122,28,6,22
101000123,8,39,-31
101000124,250,608,-358
101000125,99,214,-115
101000128,549,121,428
101000130,294,155,139
101000131,229,371,-142
101000132,153,1117,-964
101000135,39,2,37
101000136,148,81,67
101000137,21,119,-98
101000141,1281,529,752
101000147,304,304,0
101000148,1781,15,1766
101000149,6,4,2
101000150,6,668,-662
101000151,40,46,-6
101000152,201,201,0
101000153,285,317,-32
101000154,50,1438,-1388
101000155,51,78,-27
101000156,12,72,-60
101000157,5,12,-7
101000160,4,15,-11
101000163,0,1,-1
101000164,261,173,88
101000165,144,102,42
101000166,89,195,-106
101000168,275,145,130
101000252,263,285,-22
101000254,205,5,200
101000258,26,10,16
101000261,123,163,-40
101000262,151,391,-240
101000263,56,305,-249
101000265,7,179,-172
101000266,152,137,15
101000269,84,11,73
101000290,541,399,142
101000293,3,29,-26
101000294,216,313,-97
101000295,59,276,-217
101000301,272,70,202
101000304,914,1046,-132
101000305,969,849,120
101900001,17,23,-6
101900002,0,5,-5
101900003,19,69,-50
101900004,1,18,-17
101900005,3999,484,3515
101900006,295,7,288
101900007,139,5,134
101900008,30,13,17
101900009,11,29,-18
101900010,373,108,265
101900011,119,77,42
101900012,18,18,0
101900013,722,16,706
101900017,10,35,-25
101900018,698,21,677
101900019,35,17,18
101900020,290,53,237
101900021,0,14,-14
101900022,5,768,-763
101900023,6,134,-128
102000001,779,1748,-969
102000002,1123,598,525
102000003,2174,1500,674
102000004,5112,965,4147
102000005,694,1051,-357
102000006,925,466,459
102000007,1077,1963,-886
102000008,4118,831,3287
102000009,3281,3090,191
102000010,4168,1482,2686
102000011,1188,1188,0
102000012,1304,1496,-192
102000018,2078,689,1389
102000019,1400,425,975
102000026,126,103,23
102000029,262,67,195
102000030,32,111,-79
102000031,1,136,-135
102000032,96,190,-94
102000033,31,231,-200
102000034,219,185,34
102000035,494,193,301
102000036,4,72,-68
102000037,113,81,32
102000038,43,38,5
102000039,10,12,-2
102000040,211,36,175
102000041,27,50,-23
102000042,29,17,12
102000043,79,100,-21
102000044,66,240,-174
102000045,361,492,-131
102000046,430,185,245
102000047,291,523,-232
102000048,66,254,-188
102000049,290,212,78
102000050,347,575,-228
102000051,168,164,4
102000052,541,531,10
102000053,198,322,-124
102000054,156,305,-149
102000055,290,474,-184
102000056,192,336,-144
102000057,435,101,334
102000058,521,809,-288
102000059,387,771,-384
102000060,254,218,36
102000061,353,1564,-1211
102000062,259,458,-199
102000063,588,679,-91
102000064,220,299,-79
102000065,26,59,-33
102000066,516,691,-175
102000067,1403,1294,109
102000068,3550,1335,2215
102000069,11,545,-534
102000070,1703,38,1665
102000071,3325,5151,-1826
102000072,1970,3188,-1218
102000073,129,506,-377
102000074,157,592,-435
102000075,23,132,-109
102000076,23,361,-338
102000077,112,856,-744
102000078,220,786,-566
102000079,44,177,-133
102000080,101,119,-18
102000081,82,409,-327
102000082,294,185,109
102000083,85,426,-341
102000084,38,182,-144
102000085,787,714,73
102000086,541,476,65
102000087,371,1160,-789
102000088,99,141,-42
102000089,212,297,-85
102000090,135,549,-414
102000091,602,201,401
102000092,294,338,-44
102000093,302,280,22
102000094,300,74,226
102000095,446,689,-243
102000096,683,225,458
102000097,1510,922,588
102000098,270,633,-363
102000099,734,307,427
102000100,244,239,5
102000101,457,143,314
102000102,235,285,-50
102000103,608,150,458
102000104,787,243,544
102000105,66,683,-617
102000106,195,758,-563
102000107,175,248,-73
102000108,224,221,3
102000109,97,350,-253
102000110,118,670,-552
102000111,3,99,-96
102000112,65,45,20
102000113,1,23,-22
102000114,334,110,224
102000115,119,89,30
102000116,51,96,-45
102000117,60,324,-264
102000118,565,452,113
102000119,1269,236,1033
102000120,33,168,-135
102000121,302,297,5
102000122,110,295,-185
102000123,742,330,412
102000124,519,364,155
102000125,313,220,93
102000126,221,329,-108
102000127,355,266,89
102000128,251,630,-379
102000129,277,440,-163
102000130,163,389,-226
102000131,241,313,-72
102000132,115,205,-90
102000133,488,1890,-1402
102000134,187,375,-188
102000135,666,282,384
102000136,546,122,424
102000137,478,361,117
102000138,148,270,-122
102000139,16,218,-202
102000140,75,120,-45
102000141,64,379,-315
102000142,52,187,-135
102000143,16,296,-280
102000144,23,282,-259
102000145,57,165,-108
102000146,246,202,44
102000147,132,103,29
102000148,44,54,-10
102000149,56,368,-312
102000150,27,134,-107
102000151,43,182,-139
102000152,62,110,-48
102000153,211,90,121
102000154,170,277,-107
102000155,36,150,-114
102000156,122,30,92
102000157,44,79,-35
102000158,95,54,41
102000159,1219,76,1143
102000161,2605,345,2260
102000162,101,48,53
102000163,12,105,-93
102000164,498,166,332
102000165,133,40,93
102000166,6,30,-24
102000167,39,125,-86
102000168,59,67,-8
102000169,36,127,-91
102000170,421,59,362
102000171,43,28,15
102000172,2,81,-79
102000173,95,79,16
102000174,18,38,-20
102000175,21,27,-6
102000176,4,7,-3
102000178,48,370,-322
102000179,36,112,-76
102000180,183,400,-217
102000181,72,450,-378
102000182,156,584,-428
102000183,342,674,-332
102000184,333,802,-469
102000185,366,516,-150
102000186,241,1508,-1267
102000187,146,1281,-1135
102000188,72,469,-397
102000189,2381,567,1814
102000190,321,745,-424
102000191,608,141,467
102000192,256,515,-259
102000193,3,109,-106
102000194,21,94,-73
102000195,115,357,-242
102000196,20,366,-346
102000197,104,384,-280
102000198,39,678,-639
102000199,132,336,-204
102000200,63,712,-649
102000201,155,367,-212
102000202,0,65,-65
102000203,58,257,-199
102000204,60,357,-297
102000205,188,291,-103
102000206,157,488,-331
102000207,113,178,-65
102000208,57,369,-312
102000209,15,33,-18
102000210,32,496,-464
102000211,43,403,-360
102000212,17,3,14
102000213,0,294,-294
102000214,27,3,24
102000215,2,376,-374
102000216,5,6,-1
102000217,3,154,-151
102000218,39,8,31
102000219,152,287,-135
102000225,97,42,55
102000226,1275,84,1191
102000227,14,0,14
102000228,1,119,-118
102000229,5,13,-8
102000230,42,231,-189
102000231,101,144,-43
102000232,5,40,-35
102000233,157,246,-89
102000234,13,242,-229
102000236,193,35,158
102000237,126,103,23
102000238,76,89,-13
102000240,271,319,-48
102000241,157,54,103
102000243,4,20,-16
102000245,10,30,-20
102000246,3,15,-12
102000247,95,359,-264
102000248,43,162,-119
102000249,39,118,-79
102000250,27,255,-228
102000254,11,202,-191
102000266,32,104,-72
102000271,1,0,1
102000286,230,139,91
102000297,549,316,233
102000299,0,0,0
102000302,0,0,0
102000305,0,0,0
102000306,0,0,0
102000307,0,4,-4
102000308,0,8,-8
102900001,261,196,65
102900002,64,10,54
102900003,7,185,-178
102900005,46,63,-17
102900006,69,45,24
102900007,91,4,87
102900008,32,8,24
102900009,0,0,0
102900010,94,167,-73
102900011,1387,150,1237
102900012,115,31,84
102900013,0,0,0
102900015,235,51,184
102900016,0,0,0
102900017,0,0,0
102900018,0,0,0
102900019,33,148,-115
102900020,6,21,-15
102900021,0,0,0
102900022,173,41,132
102900023,0,0,0
102900024,5,20,-15
102900025,0,0,0
102900026,187,293,-106
102900027,5,18,-13
102900028,24,73,-49
102900029,17,43,-26
102900030,47,57,-10
102900031,16,41,-25
102900032,4,86,-82
102900033,0,0,0
102900034,43,25,18
102900035,17,328,-311
102900036,29,313,-284
102900037,30,330,-300
102900038,112,212,-100
102900039,21,195,-174
102900040,47,119,-72
102900041,30,99,-69
102900042,62,271,-209
102900043,41,202,-161
102900044,185,1355,-1170
102900045,33,302,-269
102900046,21,214,-193
102900047,20,430,-410
102900048,208,542,-334
102900049,22,218,-196
102900050,120,263,-143
102900051,82,116,-34
102900052,0,0,0
102900053,100,388,-288
102900054,250,323,-73
102900055,0,0,0
102900056,41,222,-181
102900057,0,0,0
102900058,155,23,132
102900059,0,0,0
102900060,32,203,-171
102900061,62,302,-240
102900062,20,1112,-1092
102900063,119,114,5
102900064,31,100,-69
102900065,317,237,80
102900066,41,16,25
102900068,29,34,-5
102900070,46,432,-386
102900072,4,19,-15
102900073,60,3,57
102900074,40,21,19
102900075,0,0,0
102900076,0,0,0
102900077,0,0,0
102900078,0,0,0
102900079,44,6,38
102900080,23,16,7
102900081,26,109,-83
102900082,15,140,-125
102900083,0,0,0
102900084,0,0,0
102900085,0,0,0
102900086,0,0,0
102900087,8,47,-39
102900088,1,16,-15
102900089,139,71,68
102900090,4,428,-424
102900091,20,0,20
102900092,72,788,-716
102900093,77,58,19
102900094,2,30,-28
102900095,9,1,8
102900096,6,6,0
102900097,5,124,-119
103000001,1034,1470,-436
103000002,769,971,-202
103000003,1585,1333,252
103000004,544,423,121
103000005,902,783,119
103000006,184,494,-310
103000007,100,388,-288
103000008,242,683,-441
103000009,169,374,-205
103000010,25,75,-50
103000011,1052,585,467
103000012,522,466,56
103000013,4733,1153,3580
103000014,738,567,171
103000015,1569,573,996
103000016,178,311,-133
103000017,31,83,-52
103000018,538,144,394
103000019,31,33,-2
103000020,660,712,-52
103000021,340,388,-48
103000022,461,809,-348
103000023,160,462,-302
103000024,64,81,-17
103000025,22,40,-18
103000026,1279,52,1227
103000027,113,49,64
103000028,496,119,377
103000029,454,44,410
103000030,1451,257,1194
103000031,529,410,119
103000032,725,814,-89
103000033,1251,962,289
103000034,1111,426,685
103000035,191,384,-193
103000036,304,135,169
103000037,444,234,210
103000038,306,299,7
103000039,50,275,-225
103000040,97,712,-615
103000041,690,1858,-1168
103000042,237,447,-210
103000043,137,745,-608
103000044,59,146,-87
103000046,111,98,13
103000047,127,312,-185
103000048,65,64,1
103000049,29,71,-42
103000050,156,422,-266
103000051,138,252,-114
103000052,363,262,101
103000053,28,190,-162
103000054,748,481,267
103000055,584,750,-166
103000056,211,965,-754
103000057,184,179,5
103000058,108,487,-379
103000059,141,425,-284
103000060,432,463,-31
103000061,168,429,-261
103000062,302,514,-212
103000063,253,362,-109
103000064,30,213,-183
103000065,2,240,-238
103000066,25,5,20
103000069,37,244,-207
103000070,240,757,-517
103000071,230,135,95
103000072,34,887,-853
103000073,81,85,-4
103000074,145,45,100
103000075,84,888,-804
103000076,38,58,-20
103000077,7,342,-335
103000078,334,87,247
103000079,934,172,762
103000080,273,75,198
103000081,194,326,-132
103000082,115,85,30
103000083,29,274,-245
103000084,0,0,0
103000085,2,42,-40
103000086,168,87,81
103000087,34,210,-176
103000088,129,223,-94
103000089,61,147,-86
103000090,669,701,-32
103000091,198,233,-35
103000092,74,132,-58
103000093,168,428,-260
103000094,26,74,-48
103000095,10,344,-334
103000096,216,60,156
103000097,23,463,-440
103000098,374,39,335
103000099,78,352,-274
103000100,21,741,-720
103000101,150,103,47
103000102,53,493,-440
103000103,137,111,26
103000104,11,99,-88
103000105,25,28,-3
103000106,7,85,-78
103000107,175,17,158
103000108,214,316,-102
103000109,161,212,-51
103000110,163,229,-66
103000111,226,218,8
103000112,130,155,-25
103000113,183,343,-160
103000114,271,247,24
103000115,167,283,-116
103000116,99,295,-196
103000117,71,288,-217
103000118,646,706,-60
103000119,1553,456,1097
103000120,22,95,-73
103000121,65,187,-122
103000122,38,55,-17
103000125,1,287,-286
103000126,97,0,97
103000127,0,183,-183
103000128,32,0,32
103000129,3,133,-130
103000130,25,12,13
103000131,131,41,90
103000132,44,28,16
103000133,0,113,-113
103000134,215,175,40
103000135,700,58,642
103000136,380,140,240
103000137,209,205,4
103000138,328,152,176
103000139,1,24,-23
103000140,31,25,6
103000141,17,65,-48
103000142,35,40,-5
103000143,8,161,-153
103000144,41,74,-33
103000145,3,24,-21
103000150,23,40,-17
103000152,64,137,-73
103000153,41,127,-86
103000156,0,329,-329
103000157,47,2,45
103000159,28,74,-46
103000162,7,1,6
103000163,0,2,-2
103000164,3,2,1
103000165,76,336,-260
103000166,13,38,-25
103000167,49,78,-29
103000168,32,115,-83
103000169,44,64,-20
103000170,306,378,-72
103000171,4,41,-37
103000172,102,587,-485
103000173,66,419,-353
103000174,82,140,-58
103000175,58,383,-325
103000176,390,89,301
103000177,388,206,182
103000178,202,154,48
103000179,43,12,31
103000183,26,37,-11
103000185,29,27,2
103000186,29,70,-41
103000187,95,468,-373
103000188,4,53,-49
103000189,232,638,-406
103000191,224,331,-107
103000292,1648,241,1407
103000293,767,288,479
103000295,26,51,-25
103000296,14,1,13
103000297,22,5,17
103000504,114,6,108
103000505,3,0,3
103000506,2,108,-106
103000507,39,0,39
103000508,19,12,7
103000509,76,316,-240
103900001,0,121,-121
103900002,906,76,830
103900003,848,22,826
103900004,0,2,-2
103900005,0,172,-172
103900006,0,0,0
103900007,0,2,-2
103900008,0,0,0
103900009,15,138,-123
103900010,22,163,-141
103900011,26,146,-120
103900012,0,9,-9
103900013,5,72,-67
103900014,5,7,-2
103900015,5,10,-5
103900016,80,251,-171
103900017,6,54,-48
103900018,331,50,281
103900019,5,43,-38
103900020,41,84,-43
103900021,4,1,3
103900022,196,300,-104
103900023,7,0,7
103900024,54,491,-437
103900025,0,17,-17
103900026,1,0,1
103900027,67,102,-35
103900028,5,107,-102
103900029,253,80,173
103900030,33,7,26
103900031,3,0,3
103900032,9,2,7
103900033,14,2,12
103900034,7,166,-159
103900035,17,29,-12
103900036,7,14,-7
103900037,2,9,-7
103900038,11,22,-11
103900039,7,322,-315
103900040,2,130,-128
103900041,3,8,-5
103900042,3,281,-278
103900043,9,56,-47
103900044,123,16,107
103900045,27,98,-71
103900047,17,29,-12
103900048,14,2,12
103900049,123,774,-651
103900050,3,54,-51
103900051,0,19,-19
103900052,44,332,-288
103900053,23,885,-862
103900054,14,421,-407
103900055,66,108,-42
103900056,0,39,-39
103900057,5,198,-193
103900058,12,564,-552
103900059,0,1,-1
103900060,9,128,-119
103900061,10,16,-6
103900062,24,32,-8
103900063,0,0,0
103900064,10,0,10
103900065,327,149,178
103900066,9,0,9
103900067,5,0,5
103900068,0,0,0
103900069,3,0,3
103900070,30,132,-102
103900071,5,135,-130
103900072,3,175,-172
103900073,2,6,-4
103900074,9,42,-33
103900075,6,46,-40
103900076,112,466,-354
103900077,43,5,38
103900078,19,70,-51
103900079,26,142,-116
103900080,1,5,-4
103900081,0,0,0
103900082,3,64,-61
103900083,1244,92,1152
103900084,5,61,-56
103900085,27,29,-2
103900086,69,154,-85
103900087,14,50,-36
103900088,122,53,69
103900089,16,100,-84
103900090,0,98,-98
103900091,256,74,182
103900092,61,250,-189
103900093,30,303,-273
103900094,3,92,-89
103900095,27,67,-40
103900096,8,217,-209
103900097,1,281,-280
103900098,61,24,37
103900099,18,246,-228
103900100,50,247,-197
103900101,10,387,-377
103900102,1,8,-7
103900104,0,16,-16
103900105,44,93,-49
103900106,0,8,-8
103900107,10,110,-100
103900108,13,269,-256
103900109,8,49,-41
103900110,53,29,24
103900111,4,613,-609
103900112,3,27,-24
103900113,70,105,-35
103900114,273,156,117
103900115,195,26,169
103900116,3445,271,3174
103900117,141,97,44
103900119,6,14,-8
103900120,3,28,-25
103900122,9,234,-225
103900123,600,183,417
103900124,6,4,2
103900125,20,41,-21
103900126,39,275,-236
103900127,28,551,-523
103900128,17,175,-158
103900131,4,88,-84
103900133,228,11,217
103900134,0,0,0
103900135,0,2,-2
103900137,0,18,-18
103900138,0,112,-112
103900139,77,257,-180
103900140,0,0,0
103900141,78,29,49
103900142,0,33,-33
103900143,11,1,10
103900144,0,16,-16
103900145,36,245,-209
103900146,68,189,-121
103900147,68,66,2
103900148,25,148,-123
103900149,6,447,-441
103900150,3795,493,3302
103900151,15,104,-89
103900152,28,560,-532
103900153,4,0,4
103900154,693,170,523
103900155,8,84,-76
103900156,2,71,-69
103900157,2,144,-142
103900158,12,125,-113
103900159,8,44,-36
103900160,13,6,7
103900161,36,75,-39
103900162,29,165,-136
103900163,5,158,-153
103900164,13,10,3
103900167,2,10,-8
103900168,7,65,-58
103900169,3,7,-4
103900170,0,60,-60
103900171,0,43,-43
103900172,12,15,-3
103900173,1,2,-1
103900174,24,19,5
103900175,10,10,0
103900176,6,5,1
103900177,0,25,-25
103900178,6,73,-67
103900179,6,148,-142
103900180,3,71,-68
103900181,43,19,24
103900182,17,6,11
103900184,398,9,389
103900185,120,26,94
103900187,61,8,53
103900188,10,2,8
103900189,49,7,42
103900190,3,21,-18
103900191,5,40,-35
103900192,3,35,-32
103900193,78,54,24
103900194,7,186,-179
103900195,1,8,-7
103900196,3,8,-5
103900197,1,15,-14
103900198,12,30,-18
103900199,26,33,-7
103900200,11,81,-70
103900201,18,121,-103
103900202,4,23,-19
103900203,6,2,4
103900204,0,71,-71
103900207,1,110,-109
103900208,4,1,3
103900209,2,66,-64
103900210,5,18,-13
103900211,76,361,-285
103900212,17,360,-343
103900213,18,95,-77
103900214,1,1,0
103900215,492,162,330
103900216,8,677,-669
103900217,31,5,26
103900218,0,66,-66
103900219,4,106,-102
103900233,37,1,36
103900235,10,6,4
103900236,20,1,19
103900242,1,1,0
103900243,0,0,0
103900244,10,153,-143
103900245,19,104,-85
103900246,14,5,9
103900247,14,46,-32
103900248,0,2,-2
103900249,0,3,-3
103900250,8,4,4
103900251,0,4,-4
103900253,2,12,-10
103900254,3,6,-3
103900255,0,4,-4
103900256,2,3,-1
103900257,11,18,-7
103900258,2,0,2
103900259,32,2,30
103900261,0,0,0
103900262,2,0,2
103900263,7,5,2
103900264,3,0,3
103900265,3,0,3
103900266,0,16,-16
103900267,1,20,-19
104000001,926,1300,-374
104000002,810,1577,-767
104000003,1203,1167,36
104000004,2104,1383,721
104000005,373,911,-538
104000006,1316,1696,-380
104000007,2085,1867,218
104000008,179,379,-200
104000009,63,97,-34
104000010,26,73,-47
104000011,626,445,181
104000012,49,437,-388
104000013,22,47,-25
104000014,132,576,-444
104000015,32,69,-37
104000016,99,336,-237
104000018,231,70,161
104000019,154,49,105
104000020,60,734,-674
104000021,148,635,-487
104000022,40,234,-194
104000023,187,173,14
104000024,42,143,-101
104000026,13,82,-69
104000027,70,360,-290
104000028,87,136,-49
104000029,168,515,-347
104000030,58,156,-98
104000031,154,109,45
104000032,69,328,-259
104000033,142,133,9
104000034,108,398,-290
104000035,155,267,-112
104000036,175,457,-282
104000037,103,262,-159
104000038,141,114,27
104000039,69,360,-291
104000040,298,378,-80
104000041,152,183,-31
104000042,86,263,-177
104000043,133,237,-104
104000044,87,518,-431
104000045,307,912,-605
104000046,726,746,-20
104000047,269,746,-477
104000048,808,1200,-392
104000049,88,148,-60
104000050,72,335,-263
104000051,37,499,-462
104000052,304,849,-545
104000053,269,298,-29
104000054,189,469,-280
104000055,2306,1540,766
104000056,871,74,797
104000057,27,369,-342
104000058,295,490,-195
104000059,119,703,-584
104000060,133,573,-440
104000061,398,836,-438
104000062,25,14,11
104000064,346,146,200
104000065,55,153,-98
104000069,1082,290,792
104000070,14,161,-147
104000071,60,248,-188
104000072,50,20,30
104000075,6,91,-85
104000076,163,37,126
104000082,851,1024,-173
104000083,290,94,196
104000084,59,287,-228
104000085,37,77,-40
104000086,83,289,-206
104000087,147,224,-77
104000090,298,953,-655
104000092,264,1733,-1469
104000094,263,1375,-1112
104000095,786,817,-31
104000096,219,391,-172
104000097,312,391,-79
104000098,293,767,-474
104000100,247,375,-128
104000101,419,918,-499
104000106,114,222,-108
104000107,139,300,-161
104000108,155,358,-203
104000109,63,16,47
104000110,280,411,-131
104000111,3084,610,2474
104000112,1278,318,960
104000116,2,1361,-1359
104000117,10,694,-684
104000118,102,131,-29
104000119,97,120,-23
104000120,9,813,-804
104000121,75,376,-301
104000122,211,427,-216
104000123,412,493,-81
104000124,1189,1267,-78
104000125,4279,1390,2889
104000126,163,298,-135
104000127,899,1936,-1037
104000128,211,218,-7
104000129,19,0,19
104000130,1,112,-111
104000131,784,461,323
104000132,432,689,-257
104000133,503,432,71
104000134,498,666,-168
104000135,216,447,-231
104000136,490,905,-415
104000137,1092,133,959
104000138,952,153,799
104000139,7568,1451,6117
104000141,888,1064,-176
104000142,257,753,-496
104000143,201,643,-442
104000144,13,57,-44
104000145,110,54,56
104000146,349,381,-32
104000147,51,216,-165
104000148,55,36,19
104000149,100,346,-246
104000150,174,139,35
104000151,238,630,-392
104000152,147,875,-728
104000153,64,163,-99
104000154,702,547,155
104000155,98,199,-101
104000157,677,1235,-558
104000158,89,161,-72
104000159,164,180,-16
104000160,908,664,244
104000161,98,46,52
104000162,22,27,-5
104000165,437,314,123
104000167,79,180,-101
104000168,136,1,135
104000169,2,2,0
104000170,793,128,665
104000248,2,484,-482
104000251,48,219,-171
104000272,0,1,-1
104000273,2,0,2
104000274,0,0,0
104000275,3,2,1
104000279,449,352,97
104000290,29,207,-178
104000291,415,411,4
104000293,257,453,-196
104000294,0,0,0
104000295,162,501,-339
104000296,119,411,-292
104000297,496,834,-338
104000298,907,429,478
104000299,239,696,-457
104900001,10,88,-78
104900002,0,19,-19
104900003,9,320,-311
104900004,40,308,-268
104900005,35,53,-18
104900006,13,28,-15
104900007,74,122,-48
104900009,20,352,-332
104900010,1,4,-3
104900011,0,1,-1
104900012,20,0,20
104900013,21,0,21
104900014,2133,116,2017
104900015,11,0,11
104900016,21,216,-195
104900017,3,102,-99
104900018,0,118,-118
104900019,83,198,-115
104900020,7,147,-140
104900021,0,0,0
104900022,4,71,-67
104900023,0,0,0
104900024,3,55,-52
104900025,22,221,-199
104900026,0,0,0
104900027,40,14,26
104900028,10,72,-62
104900029,0,0,0
104900030,46,22,24
104900031,78,112,-34
104900032,10,106,-96
104900033,0,0,0
104900034,43,11,32
104900035,20,15,5
104900036,11,18,-7
104900037,39,167,-128
104900038,212,84,128
104900039,0,0,0
104900040,7,32,-25
104900041,0,0,0
104900042,42,255,-213
104900043,0,0,0
104900044,56,45,11
104900045,0,0,0
104900046,6,57,-51
104900047,28,30,-2
104900048,26,29,-3
104900049,0,0,0
104900050,21,50,-29
104900051,14,10,4
104900052,0,0,0
104900053,60,3,57
104900054,17,6,11
104900055,0,0,0
104900056,11,1,10
104900057,7,0,7
104900058,78,63,15
104900059,0,0,0
104900060,2,264,-262
104900061,100,456,-356
104900063,0,69,-69
104900064,0,59,-59
104900065,1,49,-48
104900066,0,83,-83
104900067,2,138,-136
104900068,8,168,-160
104900070,33,289,-256
104900071,2,656,-654
104900072,21,156,-135
104900073,2,117,-115
104900074,15,137,-122
104900075,4,19,-15
104900076,41,365,-324
104900077,418,14,404
104900078,54,622,-568
104900079,33,42,-9
104900080,5,355,-350
104900082,0,56,-56
104900085,1,71,-70
104900087,48,0,48
104900089,0,0,0
104900090,73,54,19
104900091,153,559,-406
104900093,68,265,-197
104900097,1702,540,1162
104900098,13,7,6
104900099,56,196,-140
104900100,464,128,336
104900102,8,173,-165
104900103,242,61,181
104900104,1308,277,1031
104900106,9,68,-59
104900107,23,288,-265
104900108,4,104,-100
104900109,21,60,-39
104900110,2,21,-19
104900111,32,38,-6
104900112,106,681,-575
104900113,123,279,-156
104900114,92,627,-535
104900115,84,309,-225
104900116,37,244,-207
104900118,3,42,-39
104900119,0,21,-21
104900120,0,0,0
104900121,0,0,0
104900122,0,0,0
104900123,0,0,0
104900124,0,0,0
104900125,80,2,78
104900126,20,17,3
104900127,7,2,5
104900128,0,6,-6
104900129,1160,211,949
105000001,1095,1269,-174
105000002,759,1164,-405
105000003,1082,2087,-1005
105000004,195,620,-425
105000005,298,663,-365
105000006,311,588,-277
105000007,326,553,-227
105000008,248,743,-495
105000009,377,956,-579
105000010,1569,1635,-66
105000011,688,706,-18
105000012,2506,2275,231
105000013,314,350,-36
105000014,423,781,-358
105000015,4084,1723,2361
105000016,2501,1175,1326
105000017,692,631,61
105000018,438,467,-29
105000019,681,410,271
105000020,70,206,-136
105000021,143,90,53
105000022,55,18,37
105000023,162,79,83
105000028,33,107,-74
105000029,202,349,-147
105000030,2338,2438,-100
105000033,593,1638,-1045
105000034,55,148,-93
105000037,331,436,-105
105000038,402,448,-46
105000039,2492,1361,1131
105000040,134,226,-92
105000041,256,1197,-941
105000042,741,358,383
105000043,1624,2203,-579
105000044,123,236,-113
105000045,203,1009,-806
105000046,156,200,-44
105000047,228,1169,-941
105000048,71,69,2
105000049,161,589,-428
105000050,60,24,36
105000051,104,340,-236
105000052,73,562,-489
105000053,47,155,-108
105000054,58,679,-621
105000055,94,272,-178
105000056,232,1746,-1514
105000057,391,796,-405
105000058,545,921,-376
105000059,97,200,-103
105000060,116,414,-298
105000061,63,174,-111
105000062,301,785,-484
105000063,127,486,-359
105000064,151,386,-235
105000065,141,781,-640
105000066,406,1576,-1170
105000067,197,230,-33
105000068,246,592,-346
105000069,1439,193,1246
105000070,398,391,7
105000071,31,84,-53
105000072,137,171,-34
105000073,273,196,77
105000074,372,659,-287
105000075,231,408,-177
105000076,608,759,-151
105000077,1105,452,653
105000078,581,484,97
105000079,824,1022,-198
105000080,616,494,122
105000081,400,451,-51
105000082,135,234,-99
105000083,306,386,-80
105000084,167,681,-514
105000085,305,358,-53
105000086,231,462,-231
105000087,1584,1083,501
105000088,464,376,88
105000089,1986,1765,221
105000090,645,775,-130
105000091,1338,1466,-128
105000092,234,977,-743
105000093,191,100,91
105000094,95,89,6
105000095,21,227,-206
105000096,317,305,12
105000097,415,400,15
105000098,114,240,-126
105000099,274,541,-267
105000100,542,639,-97
105000101,906,1500,-594
105000102,623,723,-100
105000103,644,1616,-972
105000104,395,551,-156
105000105,303,1257,-954
105000106,472,1227,-755
105000107,263,479,-216
105000108,323,948,-625
105000109,517,1363,-846
105000110,163,497,-334
105000111,145,288,-143
105000112,388,490,-102
105000113,87,221,-134
105000114,2141,427,1714
105000115,113,302,-189
105000116,94,139,-45
105000117,278,909,-631
105000118,64,162,-98
105000119,268,929,-661
105000120,137,235,-98
105000121,391,820,-429
105000122,107,185,-78
105000123,378,804,-426
105000124,297,497,-200
105000125,119,1147,-1028
105000126,638,1528,-890
105000127,945,1182,-237
105000128,85,787,-702
105000129,173,170,3
105000130,43,195,-152
105000131,294,177,117
105000132,178,148,30
105000133,130,752,-622
105000134,99,170,-71
105000135,100,450,-350
105000136,12,104,-92
105000137,51,194,-143
105000138,44,133,-89
105000139,504,900,-396
105000140,20,86,-66
105000141,58,437,-379
105000142,27,136,-109
105000143,98,380,-282
105000144,112,402,-290
105000145,124,178,-54
105000146,152,413,-261
105000147,54,42,12
105000148,111,88,23
105000149,165,106,59
105000150,964,852,112
105000151,103,170,-67
105000152,21,412,-391
105000153,156,266,-110
105000154,176,644,-468
105000155,41,313,-272
105000156,279,642,-363
105000157,534,1409,-875
105000158,665,559,106
105000159,176,998,-822
105000160,497,360,137
105000161,220,1523,-1303
105000162,136,525,-389
105000163,680,747,-67
105000164,119,168,-49
105000165,873,1111,-238
105000166,5051,115,4936
105000167,1743,629,1114
105000168,21,625,-604
105000169,77,394,-317
105000170,13,455,-442
105000171,578,257,321
105000172,0,1,-1
105000173,0,0,0
105000174,1,1,0
105000175,45,156,-111
105000176,22,40,-18
105000177,23,68,-45
105000178,8,193,-185
105000179,26,31,-5
105000180,17,81,-64
105000181,16,111,-95
105000182,31,48,-17
105000183,1739,447,1292
105000184,820,404,416
105000185,214,150,64
105000186,158,767,-609
105000187,119,82,37
105000188,29,29,0
105000189,46,531,-485
105000190,13,41,-28
105000191,96,362,-266
105000192,21,74,-53
105000193,33,115,-82
105000194,62,42,20
105000195,100,880,-780
105000196,8,27,-19
105000197,59,500,-441
105000198,335,146,189
105000199,65,66,-1
105000200,38,177,-139
105000201,26,9,17
105000203,1,198,-197
105000204,62,47,15
105000205,49,163,-114
105000207,517,138,379
105000208,0,0,0
105000209,56,284,-228
105000212,264,976,-712
105000213,115,82,33
105000214,14,109,-95
105000215,7,163,-156
105000216,61,372,-311
105000217,81,357,-276
105000218,116,404,-288
105000221,37,214,-177
105000222,4,13,-9
105000223,31,110,-79
105000226,12,113,-101
105000227,10,56,-46
105000228,70,511,-441
105000229,16,54,-38
105000231,0,0,0
105000233,181,296,-115
105000234,272,839,-567
105000235,91,169,-78
105000237,135,14,121
105000243,5,160,-155
105000248,68,32,36
105000262,78,1442,-1364
105000269,49,86,-37
105000270,72,100,-28
105000271,3,197,-194
105000282,10,32,-22
105000287,180,66,114
105000288,67,186,-119
105000289,271,336,-65
105000290,0,0,0
105000402,3582,1060,2522
105000426,154,220,-66
105000438,330,294,36
105000446,8620,2716,5904
105000447,5596,1611,3985
105000454,46,334,-288
105000455,72,111,-39
105000474,0,0,0
105000477,38,171,-133
105000478,369,478,-109
105000479,23,93,-70
105000480,657,700,-43
105000481,711,775,-64
105000482,2250,1510,740
105000483,284,561,-277
105000484,1124,1569,-445
105000485,559,788,-229
105000486,1548,1521,27
105000488,1442,1524,-82
105000489,125,415,-290
105000549,1,18,-17
105000550,174,597,-423
105000551,1,31,-30
105000552,2024,966,1058
105900001,3,351,-348
105900002,954,101,853
105900003,1,54,-53
105900004,261,82,179
105900005,8,145,-137
105900006,5,29,-24
105900007,13,16,-3
105900008,18,614,-596
105900009,3,11,-8
105900011,24,29,-5
105900012,77,171,-94
105900013,0,7,-7
105900014,0,80,-80
105900015,69,179,-110
105900016,29,592,-563
105900017,144,27,117
105900018,87,139,-52
105900019,9,425,-416
105900020,12,35,-23
105900021,4,353,-349
105900022,93,203,-110
105900023,0,108,-108
105900024,1,107,-106
105900025,8,42,-34
105900026,143,30,113
105900027,2099,796,1303
105900028,9,130,-121
105900029,1272,223,1049
105900030,65,214,-149
105900031,188,185,3
105900032,24,78,-54
105900033,11,113,-102
105900034,31,165,-134
105900035,63,90,-27
105900036,12,81,-69
105900037,28,39,-11
105900038,43,145,-102
105900039,10,88,-78
105900040,10,60,-50
105900041,79,231,-152
105900042,6,39,-33
105900043,940,45,895
105900044,2,81,-79
105900045,1,261,-260
105900046,0,73,-73
105900047,0,11,-11
105900048,6,337,-331
105900050,237,315,-78
105900051,0,693,-693
105900052,45,4,41
105900053,2847,291,2556
105900054,153,180,-27
105900056,620,37,583
105900057,5,97,-92
105900058,2,20,-18
105900059,0,8,-8
106000001,1044,445,599
106000002,1458,2152,-694
106000003,1429,817,612
106000004,1593,1282,311
106000005,1164,1702,-538
106000006,3750,2925,825
106000007,202,263,-61
106000008,234,185,49
106000009,172,183,-11
106000010,258,321,-63
106000011,226,470,-244
106000012,357,1199,-842
106000013,696,888,-192
106000014,1025,1309,-284
106000015,365,536,-171
106000016,463,1681,-1218
106000017,320,392,-72
106000018,222,495,-273
106000019,95,274,-179
106000020,64,346,-282
106000021,96,228,-132
106000022,131,271,-140
106000023,172,163,9
106000024,220,615,-395
106000025,77,113,-36
106000026,69,221,-152
106000027,150,231,-81
106000028,227,672,-445
106000029,435,1182,-747
106000030,532,195,337
106000034,180,353,-173
106000035,133,356,-223
106000036,207,206,1
106000037,671,1021,-350
106000038,196,45,151
106000039,101,35,66
106000040,81,416,-335
106000041,355,190,165
106000043,154,40,114
106000046,103,16,87
106000047,7,149,-142
106000049,81,40,41
106000050,119,635,-516
106000051,73,112,-39
106000052,41,520,-479
106000053,0,4,-4
106000054,223,352,-129
106000055,120,235,-115
106000056,182,382,-200
106000057,1,1,0
106000058,70,195,-125
106000059,44,73,-29
106000060,361,482,-121
106000061,32,133,-101
106000062,90,448,-358
106000063,99,138,-39
106000064,13,419,-406
106000065,19,36,-17
106000066,40,312,-272
106000067,25,30,-5
106000068,11,455,-444
106000069,10,54,-44
106000070,102,569,-467
106000071,80,138,-58
106000072,2609,609,2000
106000073,748,634,114
106000074,85,339,-254
106000075,88,433,-345
106000076,373,864,-491
106000077,1128,567,561
106000078,147,461,-314
106000079,153,633,-480
106000080,289,548,-259
106000081,169,528,-359
106000082,1017,578,439
106000083,113,579,-466
106000084,175,312,-137
106000085,486,442,44
106000086,139,314,-175
106000087,155,314,-159
106000088,93,504,-411
106000089,110,315,-205
106000090,70,431,-361
106000091,116,309,-193
106000092,90,111,-21
106000093,42,21,21
106000094,55,301,-246
106000095,99,848,-749
106000096,172,439,-267
106000097,106,1001,-895
106000098,83,544,-461
106000099,32,617,-585
106000100,126,179,-53
106000101,121,133,-12
106000102,21,361,-340
106000103,122,461,-339
106000104,175,166,9
106000105,110,660,-550
106000106,126,187,-61
106000107,40,315,-275
106000108,31,167,-136
106000109,31,271,-240
106000110,59,162,-103
106000111,53,429,-376
106000112,35,154,-119
106000113,708,470,238
106000114,232,154,78
106000115,88,348,-260
106000116,89,115,-26
106000117,509,589,-80
106000118,408,441,-33
106000119,2017,785,1232
106000120,378,235,143
106000121,63,80,-17
106000122,22,179,-157
106000123,63,177,-114
106000124,6,211,-205
106000125,7,287,-280
106000126,26,135,-109
106000127,166,648,-482
106000128,123,157,-34
106000129,146,526,-380
106000130,102,166,-64
106000131,52,350,-298
106000132,257,47,210
106000133,2831,469,2362
106000134,158,165,-7
106000135,77,583,-506
106000136,132,129,3
106000137,29,1238,-1209
106000138,100,19,81
106000139,0,0,0
106000140,5,93,-88
106000141,10,103,-93
106000142,0,0,0
106000143,3,139,-136
106000144,0,0,0
106000145,73,340,-267
106000146,1,2,-1
106000147,138,286,-148
106000148,218,385,-167
106000149,143,177,-34
106000150,156,756,-600
106000151,2341,304,2037
106000152,754,380,374
106000153,48,534,-486
106000154,800,107,693
106000155,12,39,-27
106000156,172,168,4
106000157,276,1177,-901
106000158,1688,364,1324
106000159,3384,708,2676
106000160,70,544,-474
106000161,799,370,429
106000162,70,198,-128
106000163,82,432,-350
106000164,53,182,-129
106000165,101,548,-447
106000166,98,163,-65
106000167,129,1161,-1032
106000168,36,171,-135
106000169,55,639,-584
106000170,87,144,-57
106000171,27,607,-580
106000172,706,423,283
106000173,285,1717,-1432
106000174,97,137,-40
106000175,68,795,-727
106000176,226,267,-41
106000177,226,1618,-1392
106000178,919,588,331
106000179,516,1296,-780
106000180,422,1509,-1087
106000181,116,1507,-1391
106000182,159,458,-299
106000183,157,716,-559
106000184,377,659,-282
106000185,339,557,-218
106000186,312,97,215
106000187,73,394,-321
106000188,0,1,-1
106000189,3,20,-17
106000190,0,0,0
106000191,161,112,49
106000192,0,25,-25
106000193,122,92,30
106000194,62,191,-129
106000195,110,35,75
106000196,32,160,-128
106000197,91,244,-153
106000198,30,216,-186
106000199,437,176,261
106000200,268,70,198
106000201,272,487,-215
106000202,5075,239,4836
106000203,113,135,-22
106000204,6,3,3
106000205,14,130,-116
106000206,13,2,11
106000207,37,778,-741
106000208,92,12,80
106000209,123,88,35
106000210,90,1117,-1027
106000211,173,1289,-1116
106000212,80,49,31
106000213,288,562,-274
106000214,833,126,707
106000215,64,264,-200
106000216,148,163,-15
106000217,63,255,-192
106000218,143,112,31
106000219,15,141,-126
106000220,140,104,36
106000221,38,228,-190
106000222,25,51,-26
106000223,16,51,-35
106000224,69,304,-235
106000225,13,21,-8
106000226,72,198,-126
106000228,10,97,-87
106000229,18,435,-417
106000231,121,38,83
106000232,10,303,-293
106000233,69,53,16
106000234,4,148,-144
106000235,56,14,42
106000236,33,26,7
106000237,1,4,-3
106000238,1,0,1
106000239,0,40,-40
106000240,3,1,2
106000241,11,381,-370
106000242,9,1,8
106000249,0,0,0
106000250,19,239,-220
106000251,15,8,7
106000252,8,88,-80
106000253,8,37,-29
106000254,9,61,-52
106000255,3,35,-32
106000256,38,88,-50
106000257,32,220,-188
106000258,9,4,5
106000259,0,15,-15
106000260,0,2,-2
106000261,0,20,-20
106000262,18,3,15
106000263,0,32,-32
106000264,49,3,46
106000265,3,72,-69
106000266,33,5,28
106000267,6,63,-57
106000268,145,1,144
106000269,21,36,-15
106000270,63,243,-180
106000271,14,75,-61
106000272,19,55,-36
106000273,0,81,-81
106000274,90,42,48
106000275,54,109,-55
106000276,72,58,14
106000277,50,100,-50
106000278,88,25,63
106000279,2,63,-61
106000280,14,142,-128
106000281,46,52,-6
106000282,24,29,-5
106000283,18,75,-57
106000284,40,81,-41
106000285,52,145,-93
106000286,15,104,-89
106000287,36,103,-67
106000288,29,112,-83
106000289,17,69,-52
106000290,25,106,-81
106000291,24,69,-45
106000292,45,98,-53
106000293,49,65,-16
106000294,57,89,-32
106000295,20,27,-7
106000296,30,73,-43
106000297,92,79,13
106000298,130,15,115
106000299,61,79,-18
106000300,21,62,-41
106000301,38,76,-38
106000303,2,18,-16
106000304,16,33,-17
106000305,12,14,-2
106000306,32,57,-25
106000307,8,2,6
106000308,31,141,-110
106000309,7,61,-54
106000310,79,256,-177
106000311,96,62,34
106000312,19,111,-92
106000313,22,127,-105
106000318,80,111,-31
106000319,99,44,55
106000320,0,23,-23
106000321,101,36,65
106000322,29,165,-136
106000324,10,117,-107
106000325,338,432,-94
106000326,466,1342,-876
106000327,9,80,-71
106000328,5,51,-46
106000329,11,189,-178
106000330,20,31,-11
106000428,36,139,-103
106000429,42,398,-356
106000430,150,1092,-942
106000431,238,108,130
106000432,607,1575,-968
106000433,364,271,93
106000434,750,256,494
106000435,1479,1487,-8
106000436,9,318,-309
106000437,35,8,27
106000438,100,43,57
106000439,67,361,-294
106000440,47,284,-237
106000441,0,1,-1
106000442,20,5,15
106000443,26,503,-477
106000450,1,138,-137
106000451,4,0,4
106000454,1,12,-11
106000455,6,73,-67
106000456,17,5,12
106000457,2,935,-933
106000458,43,33,10
106000459,32,310,-278
106000460,106,2,104
106000461,12,1591,-1579
106000462,0,11,-11
106000463,0,5,-5
106000464,4,419,-415
106000465,34,1,33
106000466,0,580,-580
106000467,261,281,-20
106000468,19,129,-110
106000469,41,0,41
106000470,112,487,-375
106000471,2,383,-381
106000472,18,2,16
106000473,8,22,-14
106000474,123,521,-398
106000475,62,70,-8
106000476,125,99,26
106000477,8,32,-24
106900001,0,6,-6
106900002,2,412,-410
106900003,141,494,-353
106900004,1,34,-33
106900006,0,8,-8
106900007,0,3,-3
106900008,49,104,-55
106900009,29,208,-179
106900010,34,173,-139
106900012,683,282,401
106900013,29,8,21
106900014,5,0,5
106900015,1,0,1
106900016,9,0,9
106900017,0,0,0
106900018,0,0,0
106900019,2,0,2
106900020,1662,230,1432
106900021,0,3,-3
106900022,29,0,29
106900023,1,140,-139
106900024,41,1,40
106900025,19,454,-435
106900026,3,751,-748
106900027,54,1,53
107000001,357,711,-354
107000002,1329,2216,-887
107000003,1276,2407,-1131
107000004,3541,4435,-894
107000005,574,1263,-689
107000006,1801,5038,-3237
107000007,2168,1720,448
107000008,14959,8698,6261
107000009,1556,1778,-222
107000010,6209,8652,-2443
107000011,527,824,-297
107000012,2134,2224,-90
107000013,28,143,-115
107000014,4,213,-209
107000015,104,661,-557
107000016,118,982,-864
107000017,1021,420,601
107000018,6,121,-115
107000020,331,131,200
107000021,498,726,-228
107000022,244,997,-753
107000023,786,287,499
107000024,170,1589,-1419
107000025,54,240,-186
107000026,33,585,-552
107000027,500,426,74
107000028,590,897,-307
107000029,411,605,-194
107000030,1657,1884,-227
107000031,580,726,-146
107000032,90,200,-110
107000033,2526,2634,-108
107000034,4352,1432,2920
107000035,113,84,29
107000036,186,557,-371
107000037,11,257,-246
107000038,156,165,-9
107000039,210,229,-19
107000040,56,278,-222
107000041,603,270,333
107000042,311,914,-603
107000043,1470,317,1153
107000044,343,279,64
107000045,17,184,-167
107000046,116,169,-53
107000047,132,564,-432
107000048,218,166,52
107000049,100,433,-333
107000050,188,224,-36
107000051,306,172,134
107000052,342,276,66
107000053,73,40,33
107000054,40,163,-123
107000055,12,14,-2
107000056,222,470,-248
107000057,837,120,717
107000058,373,595,-222
107000059,1016,1889,-873
107000060,868,1551,-683
107000061,2865,2679,186
107000062,699,1007,-308
107000063,1605,3915,-2310
107000064,673,767,-94
107000065,1592,4210,-2618
107000066,556,562,-6
107000067,259,419,-160
107000068,594,224,370
107000069,143,149,-6
107000070,13,1,12
107000071,218,6,212
107000072,24,2686,-2662
107000073,58,46,12
107000074,97,632,-535
107000075,243,29,214
107000076,508,1478,-970
107000077,383,74,309
107000078,701,2339,-1638
107000079,327,120,207
107000080,547,2261,-1714
107000081,205,126,79
107000082,184,2230,-2046
107000083,140,82,58
107000084,174,2283,-2109
107000085,1240,1498,-258
107000086,1790,1556,234
107000087,1014,1093,-79
107000088,1038,1785,-747
107000089,591,783,-192
107000090,493,542,-49
107000091,285,545,-260
107000092,251,662,-411
107000093,261,475,-214
107000094,284,842,-558
107000095,102,81,21
107000096,255,614,-359
107000097,56,46,10
107000098,190,278,-88
107000099,94,123,-29
107000100,175,178,-3
107000101,15,62,-47
107000102,250,171,79
107000103,52,53,-1
107000104,78,202,-124
107000105,63,40,23
107000106,107,207,-100
107000107,46,52,-6
107000108,62,573,-511
107000109,0,0,0
107000110,12,474,-462
107000111,1,0,1
107000112,7,291,-284
107000113,2,0,2
107000114,19,473,-454
107000115,1,0,1
107000116,40,768,-728
107000117,2,1,1
107000118,43,219,-176
107000119,738,217,521
107000120,1498,230,1268
107000121,105,243,-138
107000122,334,511,-177
107000123,43,248,-205
107000124,140,673,-533
107000125,106,315,-209
107000126,154,642,-488
107000127,10,233,-223
107000129,36,94,-58
107000130,16,60,-44
107000131,150,267,-117
107000132,68,143,-75
107000133,56,75,-19
107000134,39,0,39
107000135,2,149,-147
107000136,89,0,89
107000137,0,229,-229
107000138,66,10,56
107000139,7,283,-276
107000140,265,19,246
107000141,44,572,-528
107000142,78,6,72
107000143,11,672,-661
107000144,122,74,48
107000145,48,371,-323
107000146,58,41,17
107000147,1836,436,1400
107000150,525,552,-27
107000151,15,19,-4
107000152,154,151,3
107000153,126,153,-27
107000154,22,34,-12
107000155,107,8,99
107000156,269,5,264
107000157,14,2253,-2239
107000158,87,7,80
107000159,19,855,-836
107000160,126,45,81
107000161,32,1642,-1610
107000162,37,88,-51
107000163,12,0,12
107000164,63,0,63
107000165,144,3,141
107000166,14,1046,-1032
107000167,142,143,-1
107000168,175,61,114
107000169,461,746,-285
107000170,255,146,109
107000171,209,2734,-2525
107000172,160,231,-71
107000173,285,1015,-730
107000174,373,712,-339
107000175,9009,1115,7894
107000176,0,0,0
107000177,0,0,0
107000178,1,12,-11
107000179,120,2543,-2423
107000180,255,136,119
107000181,74,1059,-985
107000182,222,476,-254
107000183,49,753,-704
107000184,122,422,-300
107000185,97,1095,-998
107000186,108,134,-26
107000187,399,687,-288
107000188,194,214,-20
107000189,117,492,-375
107000190,120,476,-356
107000191,137,381,-244
107000192,477,657,-180
107000193,136,143,-7
107000194,367,523,-156
107000197,135,89,46
107000198,64,577,-513
107000199,362,575,-213
107000200,616,231,385
107000201,130,151,-21
107000202,102,233,-131
107000203,355,305,50
107000204,459,260,199
107000205,2034,750,1284
107000206,302,211,91
107000207,461,532,-71
107000208,1065,144,921
107000209,1446,191,1255
107000210,1192,175,1017
107000211,5,7,-2
107000212,0,183,-183
107000213,9,7,2
107000214,7,97,-90
107000215,99,335,-236
107000216,47,342,-295
107000217,13,111,-98
107000219,17,83,-66
107000220,34,239,-205
107000222,104,521,-417
107000224,100,21,79
107000225,74,620,-546
107000226,78,28,50
107000227,57,467,-410
107000228,45,95,-50
107000229,102,60,42
107000230,790,294,496
107000231,138,127,11
107000232,29,24,5
107000233,118,112,6
107000234,1,6,-5
107000235,0,5,-5
107000236,10,243,-233
107000237,0,0,0
107000238,0,1,-1
107000239,4382,243,4139
107000240,12,849,-837
107000241,47,13,34
107000242,478,30,448
107000243,0,27,-27
107000244,2,56,-54
107000246,5,1026,-1021
107000249,2,680,-678
107000251,0,252,-252
107000252,8,1325,-1317
107000255,484,53,431
107000257,0,544,-544
107000258,0,154,-154
107000259,4,252,-248
107000260,53,4,49
107000262,4,734,-730
107000263,37,1,36
107000266,1,2,-1
107000267,20,153,-133
107000268,72,142,-70
107000269,73,19,54
107000270,0,2,-2
107000271,8,940,-932
107000272,3,241,-238
107000273,1,132,-131
107000274,171,139,32
107000275,11,516,-505
107000280,80,9,71
107000281,11,806,-795
107000282,9,1319,-1310
107000290,0,34,-34
107000291,1,3,-2
107000292,0,26,-26
107000293,11,3,8
107000294,0,17,-17
107000295,23,0,23
107000296,0,4,-4
107000444,70,4,66
107000496,1,5,-4
107000497,581,2559,-1978
107000500,159,188,-29
107000501,25,81,-56
107000502,30,207,-177
107000505,342,385,-43
107000506,0,17,-17
107000508,2,618,-616
107000509,93,116,-23
107000510,6,7,-1
107000514,1,197,-196
107000515,2,249,-247
107000516,34,53,-19
107000518,83,72,11
107000519,2361,827,1534
107000520,20,10,10
107900001,38,236,-198
107900002,30,0,30
107900003,80,4,76
107900004,20,0,20
107900005,180,1,179
107900006,6,0,6
107900007,64,8,56
107900008,36,24,12
107900009,35,2,33
107900010,5,4,1
107900012,84,0,84
107900013,64,59,5
107900014,1,0,1
107900015,123,3,120
107900016,178,49,129
107900017,3,1,2
107900018,6,24,-18
107900019,9,86,-77
107900020,6,2,4
107900021,7,115,-108
107900023,0,0,0
107900024,0,19,-19
107900025,110,256,-146
107900026,3,119,-116
107900027,2,16,-14
107900028,8,91,-83
107900030,51,2,49
107900031,11,182,-171
107900032,1,3,-2
107900033,7,1,6
107900034,45,0,45
107900035,143,4,139
107900036,18,0,18
107900037,1,11,-10
107900038,123,35,88
107900039,1,67,-66
107900040,4,18,-14
107900041,0,0,0
107900043,2,89,-87
107900044,1,2,-1
107900045,21,4,17
107900046,29,19,10
107900047,0,40,-40
107900048,39,3,36
107900049,123,116,7
107900050,30,286,-256
107900051,24,55,-31
107900052,0,0,0
107900053,4,59,-55
107900055,117,56,61
107900056,16,5,11
107900057,0,0,0
107900058,13,708,-695
107900060,0,19,-19
107900061,13,4,9
107900063,28,39,-11
107900064,144,11,133
107900065,29,7,22
107900066,1,7,-6
107900067,0,0,0
107900068,60,110,-50
107900069,11,130,-119
107900070,7,5,2
107900071,5,835,-830
107900072,16,142,-126
107900073,2,58,-56
107900074,593,37,556
107900076,22,32,-10
107900077,7,0,7
107900078,82,3,79
107900079,2,5,-3
107900080,88,73,15
107900081,0,9,-9
107900082,8,11,-3
107900083,69,48,21
107900084,15,43,-28
107900086,4,29,-25
107900087,217,39,178
107900088,11,3,8
107900089,180,625,-445
107900090,133,246,-113
107900091,51,366,-315
107900092,1793,356,1437
107900093,8,11,-3
107900095,1803,588,1215
107900097,10,23,-13
107900098,11,60,-49
107900100,660,205,455
107900101,716,74,642
107900102,3,3,0
107900103,29,105,-76
107900104,29,0,29
107900105,1,401,-400
107900106,4,1388,-1384
107900107,1115,56,1059
107900108,155,15,140
107900109,123,1,122
107900110,3,50,-47
107900111,10,1123,-1113
107900112,34,129,-95
107900113,10,27,-17
107900114,22,171,-149
107900115,22,46,-24
107900116,17,169,-152
107900117,143,292,-149
107900118,27,130,-103
107900119,8,29,-21
107900120,6,3,3
107900121,1,73,-72
107900122,0,34,-34
107900123,0,14,-14
107900124,2,28,-26
107900125,6,124,-118
107900126,0,16,-16
107900127,337,24,313
107900128,47,14,33
107900129,3,23,-20
107900130,1,8,-7
107900131,51,19,32
107900132,39,350,-311
107900133,2,44,-42
107900134,9,18,-9
107900135,0,140,-140
107900136,32,18,14
107900137,33,52,-19
107900138,3,21,-18
107900139,1,9,-8
107900140,27,60,-33
107900141,17,12,5
107900142,31,908,-877
107900143,11,44,-33
107900144,1,106,-105
107900145,6,90,-84
107900146,16,47,-31
107900147,4,18,-14
107900148,61,153,-92
107900149,1579,50,1529
107900150,37,499,-462
107900151,3,94,-91
107900152,9,218,-209
107900153,39,59,-20
107900154,19,2,17
107900155,5,13,-8
107900156,2,256,-254
107900157,26,37,-11
107900158,125,7,118
107900159,18,761,-743
107900160,23,131,-108
107900161,5,230,-225
107900162,0,203,-203
107900163,11,6,5
107900164,5,17,-12
107900165,15,26,-11
107900166,4,199,-195
107900167,0,2,-2
107900168,7,37,-30
107900169,0,140,-140
107900171,4,1380,-1376
107900172,1,300,-299
107900173,3,181,-178
107900174,8,2,6
107900175,3,4,-1
107900176,2,33,-31
107900177,3,157,-154
107900178,0,160,-160
107900179,3,97,-94
107900180,880,79,801
107900181,155,331,-176
107900182,2,1375,-1373
107900183,1,326,-325
107900184,5,204,-199
107900185,3,0,3
107900186,4,18,-14
107900187,0,109,-109
107900188,326,44,282
107900189,3,87,-84
107900190,108,13,95
107900191,10,107,-97
107900193,7,28,-21
107900194,28,1,27
107900195,3263,241,3022
107900196,17,44,-27
107900197,91,37,54
107900199,4,879,-875
107900201,37,109,-72
107900203,6,67,-61
107900204,150,169,-19
107900205,79,401,-322
107900206,131,75,56
107900207,3,475,-472
107900208,6,661,-655
107900209,207,64,143
107900210,22,88,-66
107900213,117,268,-151
107900214,6,112,-106
107900215,69,237,-168
107900216,11,31,-20
107900217,3,22,-19
107900218,4,1202,-1198
107900219,1,111,-110
107900220,92,29,63
107900221,99,152,-53
107900223,11,341,-330
107900224,99,206,-107
107900225,3,521,-518
107900226,19,134,-115
107900227,31,339,-308
107900228,1,75,-74
107900229,4,226,-222
107900230,1,137,-136
107900231,2,118,-116
107900232,14,175,-161
107900233,1,101,-100
107900234,14,153,-139
107900235,38,80,-42
107900236,29,81,-52
107900237,108,401,-293
107900238,7,78,-71
107900239,785,248,537
107900240,0,139,-139
107900241,4,97,-93
107900242,3,298,-295
107900243,2,13,-11
107900244,41,0,41
107900245,46,5,41
107900246,11,9,2
107900248,35,370,-335
107900249,82,0,82
107900250,3,418,-415
107900251,5,781,-776
107900252,41,2,39
107900253,11,1,10
107900254,20,39,-19
107900255,205,20,185
107900256,75,280,-205
107900257,15,5,10
107900258,21,166,-145
107900259,18,224,-206
107900261,4,573,-569
107900262,31,56,-25
107900264,54,1,53
107900265,11,152,-141
107900267,15,10,5
107900268,16,3,13
107900269,0,0,0
107900270,0,0,0
107900271,0,0,0
107900272,3,0,3
107900273,0,72,-72
107900274,9,0,9
107900275,18,0,18
107900276,2,57,-55
107900277,0,197,-197
107900278,49,258,-209
107900279,106,35,71
107900280,1289,553,736
107900281,2382,368,2014
107900282,18,86,-68
107900283,1116,191,925
107900284,40,640,-600
107900285,25,110,-85
107900286,42,42,0
107900287,21,39,-18
107900290,0,29,-29
107900291,89,2,87
107900292,63,177,-114
107900293,25,317,-292
107900295,11,112,-101
107900297,4,186,-182
107900298,311,592,-281
107900299,2783,490,2293
107900300,13,127,-114
107900301,86,108,-22
107900302,15,13,2
107900303,17,194,-177
107900304,29,416,-387
107900305,51,8,43
107900306,7,3,4
107900307,30,216,-186
107900308,96,11,85
107900309,4,0,4
107900310,0,0,0
107900311,22,26,-4
107900312,0,1,-1
107900313,1,24,-23
107900314,0,20,-20
107900315,0,20,-20
107900316,6,0,6
107900317,9,0,9
107900318,2,74,-72
107900319,5,279,-274
107900320,1,123,-122
107900321,22,2,20
107900322,2,191,-189
107900323,3,116,-113
107900324,32,0,32
107900325,8,0,8
107900326,60,329,-269
107900327,0,0,0
107900328,0,0,0
107900329,0,0,0
107900330,2,464,-462
107900331,26,12,14
107900332,29,1,28
107900333,6,0,6
107900334,3,189,-186
107900335,17,58,-41
107900336,1,19,-18
107900337,872,137,735
107900338,1,115,-114
107900339,3,30,-27
107900340,0,42,-42
107900341,0,0,0
107900342,8,32,-24
107900343,5,0,5
107900344,0,68,-68
107900345,25,8,17
107900346,15,0,15
107900347,3,1,2
107900348,0,1,-1
107900349,6,2,4
107900350,16,196,-180
108000001,996,946,50
108000002,1665,2438,-773
108000003,1177,716,461
108000004,13045,10774,2271
108000005,1316,1090,226
108000006,2650,4346,-1696
108000007,1328,1394,-66
108000008,2499,3973,-1474
108000009,688,1323,-635
108000010,1257,4007,-2750
108000011,3658,2871,787
108000012,13365,10729,2636
108000014,54,204,-150
108000015,94,151,-57
108000016,100,405,-305
108000017,96,157,-61
108000018,166,185,-19
108000019,159,217,-58
108000020,135,153,-18
108000021,290,1331,-1041
108000022,291,1143,-852
108000023,381,37,344
108000024,31,513,-482
108000025,80,112,-32
108000026,54,441,-387
108000027,82,452,-370
108000028,23,211,-188
108000029,61,582,-521
108000030,32,132,-100
108000031,33,506,-473
108000032,239,152,87
108000033,202,945,-743
108000034,241,162,79
108000035,511,2093,-1582
108000036,135,1326,-1191
108000037,396,127,269
108000038,409,83,326
108000039,181,2123,-1942
108000040,319,166,153
108000041,329,2081,-1752
108000042,9,164,-155
108000043,41,222,-181
108000044,26,94,-68
108000045,56,702,-646
108000046,142,97,45
108000047,148,862,-714
108000048,53,450,-397
108000049,41,32,9
108000050,55,391,-336
108000051,46,17,29
108000052,152,497,-345
108000053,69,31,38
108000054,218,558,-340
108000055,213,144,69
108000056,483,683,-200
108000057,128,278,-150
108000058,570,768,-198
108000059,2026,874,1152
108000060,19,116,-97
108000061,62,233,-171
108000062,147,195,-48
108000063,130,593,-463
108000064,37,112,-75
108000065,155,589,-434
108000066,499,197,302
108000067,313,156,157
108000068,139,100,39
108000069,69,774,-705
108000070,208,155,53
108000071,236,1401,-1165
108000072,200,174,26
108000073,668,1381,-713
108000074,53,94,-41
108000075,89,551,-462
108000076,102,99,3
108000077,288,780,-492
108000078,500,451,49
108000079,619,1386,-767
108000080,147,174,-27
108000081,280,2198,-1918
108000082,589,1179,-590
108000083,538,225,313
108000084,152,888,-736
108000085,50,67,-17
108000086,528,589,-61
108000087,51,431,-380
108000088,27,2,25
108000089,89,148,-59
108000090,45,24,21
108000091,30,342,-312
108000092,26,24,2
108000093,44,648,-604
108000094,90,36,54
108000095,80,410,-330
108000096,23,27,-4
108000097,43,389,-346
108000098,93,433,-340
108000099,5,0,5
108000100,1,4,-3
108000101,114,162,-48
108000102,252,513,-261
108000106,155,0,155
108000107,4,514,-510
108000108,101,7,94
108000109,3,560,-557
108000110,19,114,-95
108000111,62,413,-351
108000112,3,11,-8
108000113,265,261,4
108000115,283,224,59
108000117,475,161,314
108000118,24,53,-29
108000119,308,329,-21
108000120,11,213,-202
108000121,60,361,-301
108000122,37,121,-84
108000123,66,174,-108
108000124,59,467,-408
108000125,32,289,-257
108000126,45,481,-436
108000127,36,308,-272
108000128,88,656,-568
108000129,61,1296,-1235
108000130,46,211,-165
108000131,178,90,88
108000132,582,716,-134
108000133,162,212,-50
108000134,295,780,-485
108000135,188,131,57
108000136,451,874,-423
108000137,114,318,-204
108000138,55,521,-466
108000139,33,249,-216
108000140,7,8,-1
108000141,11,143,-132
108000142,10,87,-77
108000143,17,15,2
108000144,13,8,5
108000145,11,19,-8
108000146,20,4,16
108000147,16,34,-18
108000148,12,8,4
108000149,4,26,-22
108000150,18,0,18
108000151,1,4,-3
108000152,24,388,-364
108000153,46,24,22
108000154,18,4,14
108000155,4,1,3
108000156,176,34,142
108000157,49,185,-136
108000158,28,172,-144
108000159,412,49,363
108000160,3801,302,3499
108000161,3717,562,3155
108000165,0,56,-56
108000172,2,67,-65
108000173,2008,609,1399
108000175,6,46,-40
108000178,299,250,49
108000179,116,231,-115
108000181,16,20,-4
108000182,58,10,48
108000183,3,10,-7
108000184,585,589,-4
108000185,22,554,-532
108000186,28,43,-15
108000187,19,599,-580
108000188,95,221,-126
108000189,102,281,-179
108000190,14,86,-72
108000192,36,502,-466
108000193,398,31,367
108000194,2,0,2
108000195,1,853,-852
108000196,3,34,-31
108000197,42,363,-321
108000198,101,326,-225
108000199,0,70,-70
108000200,70,632,-562
108000202,0,122,-122
108000203,9,866,-857
108000204,47,17,30
108000205,383,432,-49
108000339,776,105,671
108000364,84,66,18
108000365,31,248,-217
108000367,56,230,-174
108000368,1,36,-35
108000369,1180,45,1135
108000371,2,470,-468
108000372,62,1,61
108000373,0,1,-1
108000376,51,7,44
108000377,88,208,-120
108000378,4601,2295,2306
108000379,7,61,-54
108000381,8,5,3
108000382,17,0,17
108000383,0,14,-14
108900001,73,704,-631
108900002,132,32,100
108900003,216,772,-556
108900004,220,75,145
108900005,1,42,-41
108900006,165,88,77
108900007,25,108,-83
108900008,16,94,-78
108900009,5,64,-59
108900010,21,119,-98
108900011,59,237,-178
108900012,60,430,-370
108900013,19,226,-207
108900014,0,37,-37
108900015,0,3,-3
108900016,0,108,-108
108900017,54,84,-30
108900018,22,429,-407
108900019,5,997,-992
108900020,11,292,-281
108900021,51,297,-246
108900022,5,5,0
108900023,0,27,-27
108900024,2,106,-104
108900025,8,45,-37
108900026,9,41,-32
108900027,1,128,-127
108900028,18,458,-440
108900029,12,101,-89
108900030,1,85,-84
108900031,5,694,-689
108900032,5,215,-210
108900033,0,80,-80
108900034,2,256,-254
108900035,53,1610,-1557
108900036,75,265,-190
108900037,8,367,-359
108900038,0,350,-350
108900039,2,462,-460
108900040,1,96,-95
108900041,4504,818,3686
108900042,3,206,-203
108900043,15,354,-339
108900044,4,703,-699
108900045,14,486,-472
108900046,40,795,-755
108900047,0,33,-33
108900048,16,639,-623
108900049,3927,345,3582
108900050,2,177,-175
108900051,2,189,-187
108900052,7,256,-249
108900053,42,38,4
108900054,21,184,-163
108900055,35,364,-329
108900056,0,175,-175
108900057,0,197,-197
108900058,6,537,-531
108900059,103,3,100
108900060,33,40,-7
108900061,24,15,9
108900062,0,318,-318
108900063,1,417,-416
108900064,21,36,-15
108900065,3,254,-251
108900066,98,62,36
108900067,8,206,-198
108900068,1,150,-149
108900069,11,109,-98
108900070,17,165,-148
108900071,27,31,-4
108900072,1697,103,1594
108900073,3,70,-67
108900074,13,379,-366
108900075,22,87,-65
108900076,46,58,-12
108900077,40,116,-76
108900078,8,226,-218
108900079,307,152,155
108900080,19,88,-69
108900081,31,168,-137
108900082,9,87,-78
108900083,5,53,-48
108900084,234,61,173
108900085,1308,67,1241
108900086,11,271,-260
108900087,61,134,-73
108900088,226,84,142
108900089,2,37,-35
108900090,4,354,-350
108900091,122,70,52
108900092,81,66,15
108900093,13,11,2
108900094,99,40,59
108900095,39,494,-455
108900096,385,34,351
108900097,76,177,-101
108900098,2243,57,2186
108900099,87,317,-230
108900100,8,63,-55
108900101,35,15,20
108900102,81,193,-112
108900103,8,14,-6
108900104,168,156,12
108900105,1,184,-183
108900106,93,464,-371
108900108,19,6,13
108900109,2,18,-16
108900110,24,424,-400
108900111,41,568,-527
108900112,36,1,35
108900113,9,3,6
108900114,1,5,-4
108900115,16,24,-8
108900116,5,4,1
108900117,18,1,17
108900118,92,1,91
108900119,45,17,28
108900120,8,18,-10
108900121,48,13,35
108900122,7,16,-9
108900123,4,11,-7
108900124,61,33,28
108900125,62,0,62
108900126,6,2,4
108900127,19,5,14
108900128,12,5,7
108900129,81,24,57
108900130,28,0,28
108900131,35,1,34
108900132,82,20,62
108900133,41,14,27
108900134,59,94,-35
108900135,15,1,14
108900136,1,0,1
108900137,27,0,27
108900138,113,7,106
108900139,44,37,7
108900140,24,146,-122
108900141,39,0,39
108900142,7,0,7
108900143,5,0,5
108900144,15,1,14
108900145,10,0,10
108900146,7,0,7
108900147,19,0,19
108900148,34,11,23
108900149,186,176,10
108900150,110,0,110
108900151,12,2,10
108900152,10,29,-19
108900153,23,402,-379
108900154,804,71,733
108900155,50,46,4
108900156,25,6,19
108900157,6,520,-514
108900158,41,14,27
108900159,6,217,-211
108900160,1,149,-148
108900161,0,314,-314
108900162,11,0,11
108900163,1,50,-49
108900164,5,52,-47
108900165,68,59,9
108900167,921,622,299
108900168,8394,847,7547
108900169,6,49,-43
108900171,5417,504,4913
108900172,28,10,18
108900173,111,203,-92
108900174,93,233,-140
108900176,31,482,-451
108900177,7052,782,6270
108900178,4293,535,3758
108900179,161,260,-99
108900180,18,54,-36
108900182,3,90,-87
108900183,57,169,-112
108900184,35,94,-59
108900185,5,168,-163
108900186,6,242,-236
108900187,42,27,15
108900188,71,15,56
108900189,48,126,-78
108900190,9,2352,-2343
108900191,37,6,31
108900192,35,289,-254
108900193,10,11,-1
108900194,0,210,-210
108900195,20,274,-254
108900196,12,520,-508
108900198,5,472,-467
108900199,37,251,-214
108900200,126,170,-44
108900201,75,768,-693
108900203,78,0,78
108900204,80,0,80
108900205,24,4,20
108900206,44,3,41
108900207,43,11,32
108900208,13,235,-222
108900209,101,488,-387
108900210,44,137,-93
108900211,36,106,-70
108900212,422,193,229
108900215,65,409,-344
108900216,123,38,85
108900217,17,0,17
108900218,15,0,15
108900219,1,1,0
108900220,9,5,4
108900221,9,29,-20
108900222,33,1,32
108900223,1,16,-15
108900224,16,39,-23
108900225,0,89,-89
108900226,48,2,46
108900227,22,43,-21
108900230,267,260,7
108900231,18,222,-204
108900232,2,305,-303
108900233,55,18,37
108900234,82,14,68
108900235,129,526,-397
108900236,13,309,-296
108900237,15,191,-176
108900240,3,65,-62
108900241,6,24,-18
108900245,1,146,-145
108900249,19,5,14
108900250,26,63,-37
108900257,8,497,-489
108900258,10,194,-184
108900259,6,44,-38
108900260,5,70,-65
108900261,64,107,-43
108900262,209,70,139
108900263,15,270,-255
108900264,177,152,25
108900265,1039,126,913
108900266,611,93,518
108900267,0,27,-27
108900268,0,1,-1
108900269,9,7,2
108900270,7,2,5
108900271,1,2,-1
108900272,16,1,15
108900273,636,155,481
108900274,4,38,-34
109000001,907,329,578
109000002,3327,799,2528
109000003,508,227,281
109000004,291,2263,-1972
109000005,372,301,71
109000006,483,1710,-1227
109000007,202,198,4
109000008,214,1596,-1382
109000009,868,430,438
109000010,710,2927,-2217
109000011,427,563,-136
109000012,804,3269,-2465
109000013,779,478,301
109000014,749,2998,-2249
109000015,964,911,53
109000016,7801,3277,4524
109000017,522,384,138
109000018,437,2678,-2241
109000019,537,375,162
109000020,642,1688,-1046
109000023,1,1,0
109000024,1,64,-63
109000025,255,164,91
109000026,341,229,112
109000027,60,120,-60
109000028,28,76,-48
109000029,135,65,70
109000030,22,306,-284
109000031,0,0,0
109000032,17,341,-324
109000033,24,5,19
109000034,17,11,6
109000035,1,1,0
109000036,34,259,-225
109000037,51,296,-245
109000038,484,260,224
109000039,243,131,112
109000040,3498,978,2520
109000041,5210,562,4648
109000042,510,538,-28
109000044,33,34,-1
109000045,32,373,-341
109000046,18,40,-22
109000047,17,378,-361
109000048,144,37,107
109000049,115,422,-307
109000050,38,43,-5
109000051,105,245,-140
109000052,151,1402,-1251
109000053,50,21,29
109000054,56,543,-487
109000055,46,78,-32
109000056,76,488,-412
109000057,77,79,-2
109000058,446,167,279
109000059,204,555,-351
109000060,150,15,135
109000061,1106,275,831
109000062,48,65,-17
109000063,93,177,-84
109000064,34,52,-18
109000065,28,365,-337
109000066,58,70,-12
109000067,18,278,-260
109000068,9,0,9
109000069,3,1,2
109000070,7,493,-486
109000071,210,43,167
109000072,37,310,-273
109000073,12,60,-48
109000074,11,258,-247
109000075,26,331,-305
109000076,19,65,-46
109000077,141,153,-12
109000078,5,53,-48
109000079,20,161,-141
109000080,15,97,-82
109000081,11,386,-375
109000082,68,255,-187
109000083,30,550,-520
109000088,47,322,-275
109000089,48,10,38
109000090,90,412,-322
109000091,88,31,57
109000092,197,572,-375
109000093,81,28,53
109000094,57,2,55
109000095,49,755,-706
109000096,133,11,122
109000097,38,51,-13
109000098,1,4,-3
109000099,69,219,-150
109000100,43,380,-337
109000101,176,465,-289
109000102,86,744,-658
109000103,91,483,-392
109000104,239,299,-60
109000105,146,1316,-1170
109000106,318,279,39
109000107,188,1376,-1188
109000108,236,198,38
109000109,229,1408,-1179
109000110,256,200,56
109000111,459,1826,-1367
109000112,107,115,-8
109000113,73,110,-37
109000114,11,146,-135
109000115,276,15,261
109000116,8,151,-143
109000117,35,44,-9
109000118,2,245,-243
109000119,124,133,-9
109000120,31,1245,-1214
109000121,24,23,1
109000122,27,1207,-1180
109000123,2,61,-59
109000124,110,242,-132
109000125,93,192,-99
109000126,101,902,-801
109000127,131,102,29
109000128,131,2430,-2299
109000129,366,110,256
109000130,279,2213,-1934
109000131,133,121,12
109000132,410,1264,-854
109000133,100,608,-508
109000134,251,1014,-763
109000135,314,802,-488
109000136,70,380,-310
109000137,55,150,-95
109000138,107,423,-316
109000139,124,218,-94
109000140,25,346,-321
109000141,63,262,-199
109000142,39,382,-343
109000143,21,25,-4
109000145,18,49,-31
109000146,12,47,-35
109000148,3049,403,2646
109000149,10,11,-1
109000150,16,91,-75
109000155,140,215,-75
109000156,635,677,-42
109000158,8,132,-124
109000159,19,417,-398
109000160,138,237,-99
109000161,64,1007,-943
109000162,589,833,-244
109000163,223,952,-729
109000164,425,1634,-1209
109000165,365,390,-25
109000166,116,83,33
109000167,48,727,-679
109000170,9,36,-27
109000171,17,22,-5
109000172,25,13,12
109000173,5,15,-10
109000174,16,48,-32
109000175,3,96,-93
109000176,58,281,-223
109000177,9,66,-57
109000178,71,52,19
109000179,6101,786,5315
109000180,4011,1653,2358
109000181,7,29,-22
109000182,4,49,-45
109000183,2,34,-32
109000184,8,16,-8
109000185,6,63,-57
109000188,79,1924,-1845
109000189,353,562,-209
109000190,170,350,-180
109000191,37,328,-291
109000192,41,149,-108
109000193,50,357,-307
109000194,26,75,-49
109000195,28,380,-352
109000196,36,54,-18
109000197,56,380,-324
109000198,28,17,11
109000199,46,365,-319
109000206,65,36,29
109000207,24,30,-6
109000208,48,44,4
109000209,56,24,32
109000210,85,310,-225
109000211,23,72,-49
109000214,93,532,-439
109000215,6,28,-22
109000216,12,27,-15
109000217,79,28,51
109000218,55,48,7
109000221,70,843,-773
109000222,169,14,155
109000223,99,110,-11
109000224,24,271,-247
109000225,18,30,-12
109000226,19,227,-208
109000227,152,1167,-1015
109000228,0,249,-249
109000231,0,453,-453
109000232,36,447,-411
109000236,76,584,-508
109000241,425,1155,-730
109000242,223,596,-373
109000293,0,5,-5
109000361,25,138,-113
109000364,48,489,-441
109000396,5,867,-862
109000397,74,2,72
109000399,64,364,-300
109000400,14,233,-219
109000403,24,73,-49
109000406,21,18,3
109000407,65,187,-122
109000408,1,146,-145
109000410,262,112,150
109000411,8,5,3
109900001,7,0,7
109900002,131,2,129
109900003,25,0,25
109900004,220,189,31
109900005,5,2,3
109900006,47,189,-142
109900007,87,814,-727
109900008,0,12,-12
109900009,38,858,-820
109900010,95,0,95
109900011,9,11,-2
109900012,40,42,-2
109900013,131,31,100
109900014,44,13,31
109900015,68,35,33
109900016,27,41,-14
109900017,43,35,8
109900018,38,95,-57
109900019,25,68,-43
109900020,1,2,-1
109900021,1,1,0
109900022,14,259,-245
109900023,1,2,-1
109900024,2,1,1
109900025,6,66,-60
109900026,0,98,-98
109900027,3,0,3
109900028,1888,183,1705
109900029,3,476,-473
109900030,1,2,-1
109900031,0,56,-56
109900032,1,215,-214
109900033,0,324,-324
109900034,4,0,4
109900035,2,11,-9
109900036,9,62,-53
109900037,4,415,-411
109900038,20,165,-145
109900039,0,0,0
109900040,6,570,-564
109900041,14,382,-368
109900042,1,357,-356
109900044,15,204,-189
109900045,2,36,-34
109900046,6,26,-20
109900047,176,182,-6
109900048,0,47,-47
109900049,4,34,-30
109900050,0,180,-180
109900051,1,25,-24
109900052,10,176,-166
109900053,3,396,-393
109900054,88,20,68
109900055,14,200,-186
109900056,10,32,-22
109900057,5,174,-169
109900058,1,90,-89
109900059,80,21,59
109900060,69,58,11
109900061,58,195,-137
109900062,0,205,-205
109900063,3,145,-142
109900064,33,121,-88
109900065,41,75,-34
109900066,108,781,-673
109900067,1,356,-355
109900068,5,1,4
109900069,0,10,-10
109900070,38,176,-138
109900071,0,30,-30
109900072,9,80,-71
109900073,32,536,-504
109900074,1,42,-41
109900075,3,5,-2
109900076,2,222,-220
109900077,2,52,-50
109900078,36,205,-169
109900080,43,311,-268
109900081,4,42,-38
109900082,12,438,-426
109900083,3,21,-18
109900084,12,86,-74
109900085,35,943,-908
109900086,45,64,-19
109900087,61,204,-143
109900089,82,39,43
109900090,260,699,-439
109900091,36,32,4
109900092,85,1,84
109900093,152,56,96
109900094,8,46,-38
109900095,27,87,-60
109900096,3,1,2
109900097,4,1,3
109900098,59,3,56
109900099,11,0,11
109900100,0,0,0
109900101,42,3,39
109900102,103,15,88
109900103,2,15,-13
109900104,90,975,-885
109900105,92,6,86
109900106,41,33,8
109900107,80,21,59
109900108,24,747,-723
109900109,4,252,-248
109900110,12,415,-403
109900111,83,787,-704
109900112,134,738,-604
109900113,109,104,5
109900114,224,43,181
109900115,17,27,-10
109900117,130,43,87
109900118,83,306,-223
109900119,244,200,44
109900120,11,2,9
109900121,130,37,93
109900122,30,1,29
109900123,1,131,-130
109900124,10,699,-689
109900125,1,165,-164
109900126,15,102,-87
109900128,35,17,18
109900130,8399,366,8033
109900131,30,37,-7
109900132,25,109,-84
109900133,10,338,-328
109900134,4,5,-1
109900135,200,16,184
109900136,22,78,-56
109900137,9,291,-282
109900138,47,212,-165
109900140,54,328,-274
109900141,29,76,-47
109900142,137,99,38
109900145,0,54,-54
109900146,105,14,91
109900148,6,50,-44
109900149,52,29,23
109900150,2,35,-33
109900151,2,35,-33
109900152,0,8,-8
109900153,0,26,-26
109900154,0,0,0
109900155,6,0,6
109900157,13,148,-135
109900158,43,75,-32
109900159,47,10,37
109900160,20,20,0
109900161,30,37,-7
109900162,26,31,-5
109900163,502,109,393
109900164,26,121,-95
109900165,41,0,41
109900166,0,105,-105
109900167,36,556,-520
109900168,35,443,-408
109900169,22,65,-43
109900170,114,141,-27
109900171,17,47,-30
109900172,31,74,-43
109900173,2993,311,2682
109900174,17,86,-69
109900175,13,55,-42
109900176,53,190,-137
109900177,8,209,-201
109900178,1,87,-86
109900179,2,10,-8
109900180,2,0,2
110000001,188,302,-114
110000002,207,269,-62
110000003,458,426,32
110000004,292,254,38
110000005,477,542,-65
110000006,360,277,83
110000007,43,103,-60
110000008,0,41,-41
110000009,19,28,-9
110000010,1,46,-45
110000011,6,73,-67
110000012,455,357,98
110000013,5,182,-177
110000014,492,238,254
110000015,285,271,14
110000016,140,319,-179
110000017,3100,175,2925
110000018,2940,355,2585
110000019,3,98,-95
110000020,301,118,183
110000021,226,182,44
110000022,293,66,227
110000023,0,126,-126
110000024,457,250,207
110000025,21,1,20
110000026,2,450,-448
110000027,189,103,86
110000028,368,421,-53
110000029,211,726,-515
110000030,59,230,-171
110000031,80,460,-380
110000032,296,199,97
110000033,53,56,-3
110000034,95,498,-403
110000035,135,803,-668
110000036,183,562,-379
110000037,25,680,-655
110000038,126,316,-190
110000039,114,464,-350
110000040,177,484,-307
110000041,28,99,-71
110000042,18,352,-334
110000043,61,30,31
110000044,11,39,-28
110000045,38,10,28
110000046,2,4,-2
110000047,3,1,2
110000048,4,5,-1
110000049,1,0,1
110000050,2,10,-8
110000051,0,0,0
110000052,21,26,-5
110000053,5,0,5
110000054,25,99,-74
110000055,14,4,10
110000056,10,8,2
110000057,158,593,-435
110000058,229,402,-173
110000059,228,393,-165
110000060,170,338,-168
110000061,642,676,-34
110000062,300,328,-28
110000063,15,28,-13
110000064,21,123,-102
110000065,17,39,-22
110000066,8,21,-13
110000067,17,269,-252
110000068,32,498,-466
110000069,51,56,-5
110000071,15,90,-75
110000073,0,24,-24
110000075,2,65,-63
110000076,123,85,38
110000077,248,151,97
110000078,4,42,-38
110000080,129,382,-253
110000081,4,120,-116
110000082,8,126,-118
110000083,144,344,-200
110000084,167,227,-60
110000085,2480,717,1763
110000086,707,430,277
110000087,4,38,-34
110000088,9,125,-116
110000089,24,139,-115
110000090,17,178,-161
110000091,1264,153,1111
110000092,12,98,-86
110000093,13,5,8
110000094,245,182,63
110000095,30,216,-186
110000096,3182,993,2189
110000097,489,429,60
110000098,543,198,345
110000099,492,853,-361
110000100,77,784,-707
110000101,3,511,-508
110000102,16,13,3
110000104,42,32,10
110000105,19,195,-176
110000106,133,82,51
110000107,202,297,-95
110000108,17,25,-8
110000109,136,210,-74
110000110,3275,1190,2085
110000111,8540,1001,7539
110000112,742,157,585
110000113,516,298,218
110000114,27,150,-123
110000115,75,103,-28
110000116,16,13,3
110000117,45,470,-425
110000118,106,177,-71
110000119,78,368,-290
110000120,110,146,-36
110000121,23,200,-177
110000122,132,371,-239
110000123,128,170,-42
110000124,1,519,-518
110000125,268,1,267
110000126,67,6,61
110000127,140,5,135
110000128,8,1407,-1399
110000129,2,413,-411
110000130,33,41,-8
110000131,37,273,-236
110000132,0,497,-497
110000133,38,134,-96
110000134,11,147,-136
110000135,55,22,33
110000136,18,220,-202
110000137,98,520,-422
110000138,134,637,-503
110000139,231,1209,-978
110000140,321,87,234
110000143,285,158,127
110000144,1777,364,1413
110000145,437,335,102
110000146,1262,278,984
110000147,96,492,-396
110000148,49,154,-105
110000151,379,237,142
110000152,264,159,105
110000153,43,54,-11
110000154,15,5,10
110000155,839,824,15
110000156,295,543,-248
110000157,1037,757,280
110000160,132,315,-183
110000161,36,468,-432
110000166,58,76,-18
110000167,147,189,-42
110000168,240,102,138
110000169,78,107,-29
110000170,15,25,-10
110000171,87,73,14
110000172,63,596,-533
110000173,516,781,-265
110000174,32,990,-958
110000175,57,28,29
110000176,4,73,-69
110000177,35,317,-282
110000178,385,293,92
110000179,875,194,681
110000180,25,264,-239
110000181,106,221,-115
110000182,215,176,39
110000183,8879,1824,7055
110000184,214,729,-515
110000185,378,397,-19
110000186,377,287,90
110000191,120,326,-206
110000192,60,1,59
110000193,89,2,87
110000194,3,1077,-1074
110000195,62,283,-221
110000196,72,431,-359
110000197,7,203,-196
110000198,36,69,-33
110000199,18,76,-58
110000200,885,645,240
110000201,178,228,-50
110000202,312,182,130
110000203,282,723,-441
110000204,2,283,-281
110000205,9,48,-39
110000206,303,1467,-1164
110000207,146,116,30
110000208,25,58,-33
110000209,53,644,-591
110000210,2,6,-4
110000211,4,6,-2
110000212,78,372,-294
110000213,18,22,-4
110000214,36,47,-11
110000215,23,570,-547
110000216,15,574,-559
110000217,67,137,-70
110000218,30,405,-375
110000219,62,11,51
110000220,12,387,-375
110000221,82,41,41
110000222,11,274,-263
110000223,3,10,-7
110000224,29,6,23
110000225,66,279,-213
110000226,3,8,-5
110000227,187,156,31
110000228,47,16,31
110000229,0,153,-153
110000230,123,327,-204
110000231,42,74,-32
110000232,27,135,-108
110000233,19,129,-110
110000234,194,145,49
110000235,305,471,-166
110000236,98,672,-574
110000237,429,544,-115
110000238,291,717,-426
110000239,464,864,-400
110000240,2,57,-55
110000242,0,11,-11
110000243,30,161,-131
110000244,38,180,-142
110000245,6,230,-224
110000246,167,410,-243
110000247,723,2978,-2255
110000248,928,958,-30
110000249,31,1,30
110000250,1,156,-155
110000251,46,404,-358
110000252,51,252,-201
110000253,317,196,121
110000254,223,1141,-918
110000255,82,984,-902
110000256,146,64,82
110000257,233,222,11
110000258,2,379,-377
110000259,16,7,9
110000260,6,349,-343
110000263,216,104,112
110000264,57,419,-362
110000265,380,598,-218
110000266,876,971,-95
110000267,18,153,-135
110000268,38,371,-333
110000269,1,68,-67
110000270,2,0,2
110000271,880,114,766
110000272,245,529,-284
110000273,961,730,231
110000274,144,453,-309
110000275,2336,352,1984
110000276,66,126,-60
110000277,47,238,-191
110000278,135,661,-526
110000279,131,388,-257
110000280,72,306,-234
110000281,2,137,-135
110000282,15,27,-12
110000283,7,29,-22
110000284,8,19,-11
110000285,0,143,-143
110000286,0,0,0
110000287,5,0,5
110000288,0,50,-50
110000289,228,605,-377
110000290,1124,385,739
110000291,5192,847,4345
110000292,793,1369,-576
110000293,117,904,-787
110000294,277,360,-83
110000295,35,714,-679
110000296,76,250,-174
110000297,1046,234,812
110000298,66,296,-230
110000299,198,13,185
110000301,60,4,56
110000302,38,1174,-1136
110000303,94,2,92
110000304,41,222,-181
110000305,175,15,160
110000306,53,1959,-1906
110000307,278,1,277
110000308,106,4,102
110000309,6,1399,-1393
110000310,122,27,95
110000311,10,831,-821
110000312,155,24,131
110000313,1013,898,115
110000314,4,172,-168
110000315,1681,883,798
110000316,254,709,-455
110000317,284,194,90
110000318,1,81,-80
110000319,6,7,-1
110000320,5,63,-58
110000321,3,9,-6
110000322,51,409,-358
110000323,73,313,-240
110000324,3931,811,3120
110000325,390,760,-370
110000327,97,120,-23
110000328,94,383,-289
110000333,127,157,-30
110000334,169,971,-802
110000335,245,360,-115
110000336,163,1100,-937
110000337,236,303,-67
110000338,36,216,-180
110000339,21,207,-186
110000340,7,160,-153
110000341,62,447,-385
110000342,68,3,65
110000343,1,4,-3
110000344,3,118,-115
110000345,28,53,-25
110000346,1242,675,567
110000347,528,445,83
110000348,0,24,-24
110000349,0,9,-9
110000350,2,1,1
110000351,120,525,-405
110000352,135,980,-845
110000353,1581,447,1134
110000354,408,995,-587
110000355,30,96,-66
110000356,2,0,2
110000357,92,5,87
110000361,23,84,-61
110000362,10,70,-60
110000363,70,71,-1
110000364,25,150,-125
110000365,29,0,29
110000366,0,62,-62
110000367,147,184,-37
110000368,0,54,-54
110000369,5,0,5
110000373,4,242,-238
110000374,9,1,8
110000375,67,444,-377
110000376,12,75,-63
110000377,1,2,-1
110000378,28,184,-156
110000379,2355,545,1810
110000380,5,9,-4
110000383,1,259,-258
110000384,326,51,275
110000385,0,235,-235
110000387,0,8,-8
110000388,15,200,-185
110000389,64,3,61
110000391,4,284,-280
110000396,10,132,-122
110000397,17,146,-129
110000398,1,18,-17
110000399,16,1,15
110000587,9,47,-38
110000589,57,107,-50
110000640,74,75,-1
110000652,8,51,-43
110000653,32,338,-306
110000654,1,5,-4
110000656,2,392,-390
110000674,5,5,0
110000675,1,3,-2
110000676,0,16,-16
110000679,450,188,262
110000682,23,23,0
110000683,229,307,-78
110000684,1,29,-28
110000685,0,0,0
110000686,1,20,-19
110000687,0,0,0
110000688,23,154,-131
110000689,16,50,-34
110000692,22,203,-181
110000693,30,120,-90
110000694,0,98,-98
110000695,55,499,-444
110000696,126,125,1
110900001,59,10,49
110900002,15,148,-133
110900003,66,923,-857
110900004,73,285,-212
110900005,3706,448,3258
110900006,9,2,7
110900007,2,3,-1
110900008,8,13,-5
110900009,71,20,51
110900010,1,74,-73
110900011,3,59,-56
110900012,2,129,-127
110900013,193,76,117
110900014,17,1,16
110900015,506,103,403
110900016,6,178,-172
110900017,43,33,10
110900018,114,6,108
110900019,12,11,1
110900020,8,532,-524
110900021,31,626,-595
110900022,30,373,-343
110900023,53,495,-442
110900024,9,505,-496
110900025,1,50,-49
110900027,14,277,-263
110900028,10,124,-114
110900029,46,510,-464
110900030,4,268,-264
110900031,0,149,-149
110900032,1,90,-89
110900033,8,237,-229
110900035,20,252,-232
110900036,9,17,-8
110900037,6,26,-20
110900038,917,144,773
110900039,6,177,-171
110900040,75,16,59
110900041,1,178,-177
110900042,24,40,-16
110900043,4,149,-145
110900044,186,10,176
110900045,16,703,-687
110900046,125,278,-153
110900047,533,47,486
110900049,16,15,1
110900050,1,0,1
110900051,21,113,-92
110900052,0,202,-202
110900053,16,50,-34
110900054,14,316,-302
110900055,7,0,7
110900056,13,71,-58
110900057,1,216,-215
110900058,38,304,-266
110900059,194,731,-537
110900060,66,33,33
110900061,24,25,-1
110900062,20,317,-297
110900063,3,71,-68
110900064,1,0,1
110900065,200,55,145
110900066,0,65,-65
110900067,602,171,431
110900068,126,224,-98
110900069,3,22,-19
110900070,64,39,25
110900071,117,102,15
110900073,0,18,-18
110900074,101,57,44
110900075,59,35,24
110900077,69,227,-158
110900078,1,93,-92
110900079,1343,189,1154
110900080,29,22,7
110900081,1,92,-91
110900082,3,158,-155
110900083,18,14,4
110900084,5,194,-189
110900085,16,285,-269
110900086,9,53,-44
110900087,35,58,-23
110900088,1,0,1
110900090,17,14,3
110900091,1,43,-42
110900093,40,28,12
110900095,2,37,-35
110900097,2,8,-6
110900098,8,81,-73
110900099,31,554,-523
110900100,0,9,-9
110900102,1,8,-7
110900105,608,333,275
110900108,1,108,-107
110900111,115,38,77
110900112,118,3,115
110900113,320,12,308
110900115,0,47,-47
110900116,97,2001,-1904
110900118,106,306,-200
110900119,5367,158,5209
110900120,0,70,-70
110900121,32,0,32
110900122,62,77,-15
110900125,53,115,-62
110900127,228,275,-47
110900128,49,78,-29
110900129,130,113,17
110900130,625,95,530
110900131,20,35,-15
110900132,47,9,38
110900133,8,216,-208
110900135,75,528,-453
110900136,33,3,30
110900137,5,0,5
110900138,71,347,-276
110900139,0,12,-12
110900140,7,2,5
110900141,0,37,-37
110900142,12,183,-171
110900143,11,37,-26
110900144,2,481,-479
110900145,59,5,54
110900146,162,12,150
110900147,97,97,0
110900148,0,215,-215
110900149,1,51,-50
110900150,3,5,-2
110900151,0,73,-73
110900152,6,207,-201
110900153,8,8,0
111000001,82,43,39
111000002,181,290,-109
111000003,118,100,18
111000004,211,762,-551
111000005,212,264,-52
111000006,502,1022,-520
111000007,1603,581,1022
111000008,2254,1769,485
111000009,184,600,-416
111000010,208,105,103
111000011,335,436,-101
111000012,155,125,30
111000013,160,534,-374
111000014,202,218,-16
111000017,64,272,-208
111000018,99,201,-102
111000020,1729,1202,527
111000021,30,37,-7
111000023,19,23,-4
111000025,5148,950,4198
111000029,26,71,-45
111000030,22,39,-17
111000031,1197,227,970
111000032,168,113,55
111000033,116,40,76
111000034,201,103,98
111000037,2124,707,1417
111000038,1006,1212,-206
111000039,491,1501,-1010
111000040,603,1426,-823
111000041,664,726,-62
111000042,5414,1770,3644
111000043,336,204,132
111000044,202,48,154
111000045,362,361,1
111000046,263,358,-95
111000047,503,519,-16
111000049,147,395,-248
111000050,1144,1368,-224
111000051,188,740,-552
111000052,271,870,-599
111000053,188,725,-537
111000054,136,682,-546
111000055,759,1570,-811
111000056,48,571,-523
111000057,26,650,-624
111000058,18,67,-49
111000059,39,97,-58
111000060,187,112,75
111000061,110,154,-44
111000062,57,85,-28
111000063,315,325,-10
111000064,97,239,-142
111000065,227,284,-57
111000066,54,88,-34
111000067,127,449,-322
111000068,98,352,-254
111000069,1000,1096,-96
111000070,1451,772,679
111000071,68,601,-533
111000072,20,4,16
111000073,1,7,-6
111000074,255,212,43
111000075,82,190,-108
111000076,43,184,-141
111000077,377,580,-203
111000078,840,931,-91
111000079,602,432,170
111000080,151,292,-141
111000081,1552,1280,272
111000082,239,421,-182
111000084,219,290,-71
111000085,238,657,-419
111000086,828,487,341
111000087,332,435,-103
111000088,2427,640,1787
111000089,211,455,-244
111000090,662,812,-150
111000091,233,561,-328
111000092,307,974,-667
111000093,148,444,-296
111000094,462,486,-24
111000095,172,839,-667
111000096,2004,2827,-823
111000097,4812,594,4218
111000098,191,1091,-900
111000099,128,1979,-1851
111000100,135,1876,-1741
111000101,200,658,-458
111000102,31,781,-750
111000104,40,46,-6
111000107,21,549,-528
111000109,30,41,-11
111000110,184,108,76
111000111,247,108,139
111000112,327,54,273
111000113,161,97,64
111000114,331,258,73
111000115,5693,349,5344
111000116,315,431,-116
111000117,174,543,-369
111000118,652,616,36
111000119,342,1208,-866
111000120,126,350,-224
111000121,63,270,-207
111000122,189,712,-523
111000123,319,2893,-2574
111000124,179,3011,-2832
111000125,69,1880,-1811
111000126,20,747,-727
111000127,59,10,49
111000128,92,30,62
111000129,129,18,111
111000130,179,320,-141
111000131,127,171,-44
111000132,61,50,11
111000133,55,105,-50
111000134,65,64,1
111000135,4,76,-72
111000136,78,80,-2
111000138,2,3,-1
111000140,0,1,-1
111000141,31,171,-140
111000142,4,71,-67
111000143,1,57,-56
111000144,4,96,-92
111000145,0,0,0
111000146,0,0,0
111000147,0,0,0
111000148,16,65,-49
111000149,0,18,-18
111000150,0,2,-2
111000151,2,12,-10
111000153,233,211,22
111000154,208,80,128
111000155,7,82,-75
111000156,89,30,59
111000157,20,75,-55
111000158,264,122,142
111000159,1029,193,836
111000160,73,144,-71
111000161,4,135,-131
111000162,3,87,-84
111000163,123,426,-303
111000164,460,955,-495
111000165,688,251,437
111000166,650,220,430
111000167,91,309,-218
111000168,85,204,-119
111000169,95,145,-50
111000170,166,150,16
111000171,199,610,-411
111000172,49,370,-321
111000173,99,649,-550
111000174,14,441,-427
111000175,13,181,-168
111000176,36,115,-79
111000177,26,198,-172
111000178,87,219,-132
111000179,22,99,-77
111000180,40,151,-111
111000181,143,181,-38
111000182,24,56,-32
111000183,40,67,-27
111000184,58,67,-9
111000185,133,343,-210
111000186,55,247,-192
111000187,21,237,-216
111000188,30,223,-193
111000189,1085,389,696
111000190,94,432,-338
111000191,69,393,-324
111000192,100,557,-457
111000193,229,276,-47
111000194,4,302,-298
111000195,24,389,-365
111000196,10,235,-225
111000197,36,42,-6
111000198,38,28,10
111000199,27,33,-6
111000200,21,92,-71
111000201,73,73,0
111000202,39,76,-37
111000203,21,56,-35
111000204,56,64,-8
111000213,31,213,-182
111000214,492,938,-446
111000215,352,847,-495
111000217,289,449,-160
111000218,250,423,-173
111000219,163,185,-22
111000220,2074,305,1769
111000221,320,140,180
111000224,0,78,-78
111000225,19,5,14
111000226,14,0,14
111000227,3,1,2
111000228,12,90,-78
111000229,12,187,-175
111000230,70,336,-266
111000231,82,1014,-932
111000232,90,634,-544
111000233,117,487,-370
111000234,26,131,-105
111000239,98,222,-124
111000240,4,13,-9
111000241,18,441,-423
111000242,6,8,-2
111000243,22,764,-742
111000244,11,14,-3
111000245,94,429,-335
111000246,38,376,-338
111000247,42,926,-884
111000248,124,236,-112
111000249,157,734,-577
111000250,14,145,-131
111000251,29,151,-122
111000253,0,0,0
111000255,0,0,0
111000257,0,0,0
111000260,17,996,-979
111000261,104,16,88
111000271,1,221,-220
111000273,4460,609,3851
111000274,543,838,-295
111000275,20,13,7
111000276,164,2001,-1837
111000277,96,383,-287
111000278,196,126,70
111000291,122,825,-703
111000298,159,182,-23
111000299,104,7,97
111000300,50,438,-388
111000302,55,50,5
111000303,39,237,-198
111000312,23,39,-16
111000315,0,6,-6
111000320,201,387,-186
111000321,63,33,30
111000322,36,332,-296
111000323,12,19,-7
111000324,103,161,-58
111000325,3,40,-37
111000326,38,232,-194
111000327,79,247,-168
111000328,83,205,-122
111000329,0,11,-11
111000330,3,4,-1
111000331,3,1,2
111000332,231,738,-507
111000334,184,1144,-960
111000335,83,66,17
111000337,115,373,-258
111000338,7,125,-118
111000339,71,744,-673
111000340,28,626,-598
111000341,236,82,154
111000342,12,186,-174
111000344,298,383,-85
111000345,14,9,5
111000346,6,76,-70
111000347,16,1,15
111000350,32,28,4
111000351,20,109,-89
111000352,30,24,6
111000353,15,174,-159
111000354,55,22,33
111000355,62,539,-477
111000358,31,1316,-1285
111000360,16,841,-825
111000361,24,349,-325
111000546,71,597,-526
111000547,26,369,-343
111000548,40,119,-79
111000549,35,190,-155
111000550,43,141,-98
111000551,189,29,160
111000552,24,11,13
111000907,12,4,8
111000908,0,0,0
111000916,213,167,46
111000917,9,180,-171
111000918,11,813,-802
111000920,62,3,59
111000921,2,235,-233
111000922,67,265,-198
111000924,8,940,-932
111000925,457,619,-162
111000926,491,1649,-1158
111000927,1841,1172,669
111000928,5383,2260,3123
111000929,259,391,-132
111000930,303,1679,-1376
111000931,568,711,-143
111000932,2352,1716,636
111000933,1161,637,524
111000934,1484,1822,-338
111000935,240,471,-231
111000936,287,1478,-1191
111000937,172,433,-261
111000938,843,1529,-686
111000939,6,1,5
111000940,65,154,-89
111000941,70,281,-211
111000943,40,162,-122
111000944,25,405,-380
111000945,2,1721,-1719
111001109,47,29,18
111001110,28,414,-386
111001111,7,2,5
111001112,70,47,23
111001113,30,52,-22
111001114,205,6,199
111001115,11,223,-212
111001116,2107,264,1843
111001117,557,385,172
111001120,37,198,-161
111001121,22,257,-235
111001122,14,226,-212
111900001,0,145,-145
111900002,0,709,-709
111900003,1,387,-386
111900004,4,129,-125
111900006,3,2,1
111900007,11,0,11
111900008,25,0,25
111900009,11,132,-121
111900010,72,435,-363
111900012,81,80,1
111900013,1,43,-42
111900014,6747,695,6052
111900015,0,44,-44
111900016,0,125,-125
111900017,0,136,-136
111900018,13,2,11
111900019,1,44,-43
111900020,0,20,-20
111900021,5,45,-40
111900022,0,43,-43
111900023,97,31,66
111900024,0,41,-41
111900025,0,14,-14
111900026,0,69,-69
111900027,3,115,-112
111900028,1,391,-390
111900029,3,63,-60
111900030,58,163,-105
111900031,2,102,-100
111900032,2,381,-379
111900033,5,73,-68
111900034,17,128,-111
111900035,1,159,-158
111900036,2,377,-375
111900038,147,248,-101
111900039,16,303,-287
111900040,5,682,-677
111900042,30,35,-5
111900043,4,456,-452
111900044,75,107,-32
111900046,38,250,-212
111900048,35,793,-758
111900049,5,324,-319
111900050,28,4,24
111900051,1,211,-210
111900052,215,588,-373
111900053,773,144,629
111900054,29,0,29
111900055,12,678,-666
111900056,57,56,1
111900057,15,26,-11
111900058,48,771,-723
111900059,779,68,711
111900060,42,0,42
111900061,6,296,-290
111900062,2,8,-6
111900063,36,176,-140
111900064,68,234,-166
111900065,14,5,9
111900066,19,53,-34
111900067,1,263,-262
111900068,8,12,-4
111900069,12,11,1
111900070,14,38,-24
111900071,0,184,-184
111900072,3,1,2
111900073,82,13,69
111900074,3,158,-155
111900075,17,2,15
111900076,6,5,1
111900077,9,0,9
111900078,28,1,27
111900079,2,1,1
111900080,82,7,75
111900081,517,35,482
111900082,10,3,7
111900083,6,5,1
111900084,3,1,2
111900085,2,4,-2
111900086,4,0,4
111900087,14,0,14
111900088,31,1,30
111900089,4,0,4
111900090,34,8,26
111900091,14,0,14
111900092,6,0,6
111900093,32,0,32
111900094,2,0,2
111900095,27,3,24
111900096,14,0,14
111900097,12,0,12
111900098,15,0,15
111900099,3,0,3
111900100,11,1,10
111900101,7,5,2
111900102,31,602,-571
111900103,7,5,2
111900104,3,16,-13
111900105,47,58,-11
111900106,1355,33,1322
111900107,14,52,-38
111900108,45,19,26
111900109,126,58,68
111900110,3273,96,3177
111900111,8,133,-125
111900112,591,267,324
111900113,154,23,131
111900114,167,51,116
111900115,5,16,-11
111900118,11,4,7
111900119,39,8,31
111900122,19,1,18
111900123,6,4,2
111900124,16,90,-74
111900125,33,0,33
111900126,14,0,14
111900127,0,424,-424
111900128,1,394,-393
111900129,22,3,19
111900130,8,0,8
111900131,20,0,20
111900132,8,804,-796
111900133,0,202,-202
111900134,20,290,-270
111900135,0,6,-6
111900136,25,18,7
111900137,20,27,-7
111900138,7,40,-33
111900139,1,104,-103
111900140,10,7,3
111900141,3,3,0
111900142,28,9,19
111900143,5,241,-236
111900144,0,170,-170
111900145,3,825,-822
111900146,1,368,-367
111900147,122,533,-411
111900148,25,886,-861
111900149,2,456,-454
111900150,15,188,-173
111900151,0,28,-28
111900152,40,19,21
111900153,1097,60,1037
111900154,1,46,-45
111900155,8,4,4
111900156,5,9,-4
111900157,5,3,2
111900158,44,2,42
111900159,21,0,21
111900160,19,0,19
111900161,10,7,3
111900162,46,12,34
111900163,13,94,-81
111900164,7,1,6
111901113,26,231,-205
111901114,13,323,-310
111901115,25,0,25
111901116,8,1,7
111901117,7,10,-3
111901118,51,34,17
111901119,1227,94,1133
111901120,72,196,-124
111901121,91,289,-198
111901122,6,518,-512
111901123,17,327,-310
111901124,13,0,13
111901125,24,12,12
111901126,37,6,31
111901127,798,86,712
111901128,7,93,-86
111901129,0,164,-164
111901130,8,274,-266
111901131,0,144,-144
111901132,4,2,2
111901133,2,0,2
111901134,8,1,7
111901135,0,2,-2
111901136,0,4,-4
111901137,0,3,-3
111901138,8,59,-51
111901139,3,54,-51
111901140,5,144,-139
111901141,2,202,-200
111901142,1,120,-119
111901143,1,73,-72
111901144,11,3,8
112000001,363,275,88
112000002,458,1625,-1167
112000003,220,331,-111
112000004,213,1252,-1039
112000005,478,469,9
112000006,711,1366,-655
112000007,422,421,1
112000008,728,1432,-704
112000009,1947,1941,6
112000010,808,1024,-216
112000011,859,1642,-783
112000012,3487,785,2702
112000013,5379,2196,3183
112000014,1339,200,1139
112000015,1439,1038,401
112000016,1004,452,552
112000017,560,612,-52
112000024,1196,395,801
112000026,3031,3501,-470
112000027,115,142,-27
112000028,889,1390,-501
112000029,132,161,-29
112000030,137,79,58
112000031,1087,1001,86
112000032,647,35,612
112000033,1637,293,1344
112000034,262,12,250
112000035,28,167,-139
112000036,217,171,46
112000037,262,763,-501
112000038,304,457,-153
112000039,4,53,-49
112000040,66,316,-250
112000041,174,393,-219
112000042,437,162,275
112000050,105,362,-257
112000051,140,242,-102
112000054,1072,1513,-441
112000057,449,161,288
112000058,302,278,24
112000059,510,181,329
112000061,4825,832,3993
112000062,3120,294,2826
112000063,1304,309,995
112000064,4209,4181,28
112000065,1740,2148,-408
112000066,962,283,679
112000067,369,467,-98
112000068,339,283,56
112000069,172,2097,-1925
112000070,329,170,159
112000071,298,2602,-2304
112000072,311,408,-97
112000073,444,1155,-711
112000074,115,331,-216
112000075,215,345,-130
112000076,1678,1824,-146
112000077,148,607,-459
112000078,305,439,-134
112000079,513,969,-456
112000080,153,551,-398
112000081,523,1185,-662
112000082,302,212,90
112000083,200,1300,-1100
112000084,260,219,41
112000085,225,1018,-793
112000086,311,592,-281
112000087,63,421,-358
112000088,82,282,-200
112000089,33,276,-243
112000090,34,170,-136
112000091,239,1125,-886
112000092,317,328,-11
112000093,762,1006,-244
112000094,128,340,-212
112000095,256,635,-379
112000096,85,322,-237
112000097,86,212,-126
112000098,306,1339,-1033
112000099,117,87,30
112000100,246,422,-176
112000101,157,833,-676
112000102,160,261,-101
112000103,131,1157,-1026
112000105,157,1569,-1412
112000106,198,225,-27
112000107,2,68,-66
112000108,54,975,-921
112000109,9,15,-6
112000110,194,112,82
112000111,686,4009,-3323
112000112,1089,195,894
112000113,703,2231,-1528
112000114,552,331,221
112000115,50,347,-297
112000116,136,646,-510
112000117,115,328,-213
112000118,302,704,-402
112000119,165,717,-552
112000120,23,277,-254
112000121,20,369,-349
112000122,36,60,-24
112000123,51,51,0
112000124,50,23,27
112000125,13,37,-24
112000126,17,433,-416
112000127,1227,395,832
112000128,596,252,344
112000129,11,54,-43
112000130,8,23,-15
112000131,3,189,-186
112000132,18,306,-288
112000133,41,140,-99
112000134,92,303,-211
112000135,111,183,-72
112000136,207,946,-739
112000137,169,332,-163
112000138,302,1045,-743
112000139,214,82,132
112000140,258,833,-575
112000141,125,115,10
112000142,81,750,-669
112000143,199,76,123
112000144,103,1363,-1260
112000145,494,353,141
112000146,380,1823,-1443
112000147,295,575,-280
112000148,689,1476,-787
112000149,21,223,-202
112000150,16,412,-396
112000151,91,212,-121
112000152,58,199,-141
112000153,17,89,-72
112000154,25,49,-24
112000155,40,22,18
112000157,226,162,64
112000158,42,390,-348
112000159,119,213,-94
112000167,47,2,45
112000169,113,201,-88
112000173,128,192,-64
112000175,60,182,-122
112000176,4037,1126,2911
112000177,96,55,41
112000178,23,316,-293
112000179,46,131,-85
112000180,92,146,-54
112000181,410,1383,-973
112000182,162,1529,-1367
112000183,26,53,-27
112000184,52,243,-191
112000185,79,370,-291
112000187,1522,1541,-19
112000195,21,4,17
112000196,63,0,63
112000197,38,46,-8
112000198,17,339,-322
112000199,37,709,-672
112000202,2,2,0
112000216,23,54,-31
112000230,17,3,14
112000231,2,307,-305
112000256,10,12,-2
112000313,73,225,-152
112000314,20,0,20
112000337,54,364,-310
112000352,27,75,-48
112000392,1344,609,735
112000398,259,322,-63
112000399,525,378,147
112000400,1029,2493,-1464
112000401,1160,1665,-505
112000402,421,698,-277
112000403,498,441,57
112000404,121,247,-126
112000405,351,863,-512
112000406,1674,2120,-446
112000407,1286,2241,-955
112000408,6458,4266,2192
112000409,868,2984,-2116
112000410,73,26,47
112000411,3574,132,3442
112000412,571,91,480
112000413,5910,461,5449
112000414,23,48,-25
112000415,15,23,-8
112000416,421,498,-77
112000417,53,34,19
112000421,7,90,-83
112000422,96,314,-218
112000424,1053,488,565
112000425,141,691,-550
112000426,25,94,-69
112000427,2,15,-13
112000428,10,322,-312
112000429,670,1619,-949
112000430,651,1903,-1252
112000431,5,13,-8
112000432,292,1893,-1601
112000433,317,241,76
112000437,11,232,-221
112900001,5,0,5
112900002,28,1121,-1093
112900003,9,160,-151
112900004,11,321,-310
112900005,25,203,-178
112900006,6,428,-422
112900007,4,121,-117
112900008,0,3,-3
112900009,65,20,45
112900010,24,508,-484
112900011,215,190,25
112900012,1,40,-39
112900013,2,101,-99
112900014,3,212,-209
112900015,184,771,-587
112900016,0,110,-110
112900017,17,107,-90
112900018,0,240,-240
112900019,35,65,-30
112900020,436,1369,-933
112900021,1,157,-156
112900022,2,24,-22
112900023,6,214,-208
112900024,5,96,-91
112900025,43,100,-57
112900026,11,218,-207
112900027,3,1004,-1001
112900028,19,50,-31
112900029,5,401,-396
112900030,132,162,-30
112900031,1,500,-499
112900032,50,138,-88
112900034,1,17,-16
112900035,4,374,-370
112900036,19,104,-85
112900037,60,29,31
112900038,67,97,-30
112900039,7,267,-260
112900040,1,238,-237
112900041,723,305,418
112900042,10,299,-289
112900043,5,38,-33
112900044,291,240,51
112900045,355,182,173
112900046,151,32,119
112900047,8,8,0
112900049,10,63,-53
112900050,66,592,-526
112900051,188,689,-501
112900052,5,747,-742
112900053,136,59,77
112900054,180,22,158
112900055,69,8,61
112900056,94,51,43
112900057,3,632,-629
112900058,109,22,87
112900059,20,76,-56
112900060,6,183,-177
112900061,12,121,-109
112900062,9,169,-160
112900063,14,2,12
112900064,66,59,7
112900065,1,6,-5
112900066,52,28,24
112900067,330,53,277
112900068,6,4,2
112900069,1777,132,1645
112900071,4,0,4
112900072,98,190,-92
112900073,23,10,13
112900074,11,16,-5
112900075,1608,157,1451
112900076,10,2,8
112900078,40,84,-44
112900079,34,0,34
112900080,2,0,2
112900081,17,38,-21
112900082,63,7,56
112900083,15,10,5
112900084,11,12,-1
112900085,0,0,0
112900086,1,0,1
112900087,137,19,118
112900088,4,0,4
112900089,199,5,194
112900090,6,4,2
112900091,13,2,11
112900092,48,31,17
112900093,107,2,105
112900094,4,0,4
112900095,0,1,-1
112900096,60,26,34
112900097,3,251,-248
112900098,2,0,2
112900099,76,2,74
112900100,5,1,4
112900101,25,1,24
112900102,23,1,22
112900103,15,2,13
112900104,1,1,0
112900105,0,0,0
112900106,55,19,36
112900107,0,0,0
112900108,0,0,0
112900109,4,5,-1
112900110,61,3,58
112900111,67,1,66
112900112,8,0,8
112900113,0,3,-3
112900114,7,9,-2
112900115,113,0,113
112900116,8,23,-15
112900117,73,69,4
112900118,8,44,-36
112900119,10,0,10
112900120,386,81,305
112900121,129,66,63
112900122,9,132,-123
112900123,56,5,51
112900124,0,112,-112
112900125,35,112,-77
112900126,58,187,-129
112900127,28,7,21
112900128,281,438,-157
112900129,1,955,-954
112900130,39,26,13
112900131,31,149,-118
112900132,44,433,-389
112900133,20,1099,-1079
112900134,1,277,-276
112900135,36,6,30
112900136,0,34,-34
112900137,4,730,-726
112900138,3,431,-428
112900139,106,1156,-1050
112900140,0,72,-72
112900141,78,21,57
112900142,57,11,46
112900143,23,531,-508
112900144,2,193,-191
112900145,24,383,-359
112900146,5,1124,-1119
112900147,6,2034,-2028
112900148,3,0,3
112900149,67,268,-201
112900151,6,6,0
112900152,3709,758,2951
112900153,502,208,294
112900154,0,26,-26
112900155,9,1,8
112900156,26,1379,-1353
112900157,32,13,19
112900158,2,8,-6
112900159,35,19,16
112900160,8,173,-165
112900161,3,5,-2
112900162,8,5,3
112900163,39,8,31
112900164,4,27,-23
112900165,13,14,-1
112900166,7,8,-1
112900167,0,8,-8
112900168,0,1,-1
112900169,4,1,3
112900170,9,57,-48
112900172,65,2,63
112900173,145,57,88
112900174,66,2,64
112900175,65,17,48
112900176,8,2,6
112900177,33,7,26
112900178,155,186,-31
112900179,13,479,-466
112900180,237,1946,-1709
112900181,62,0,62
112900182,17,1211,-1194
112900183,45,71,-26
112900184,191,143,48
112900185,80,160,-80
112900186,890,261,629
112900187,13,68,-55
112900188,605,210,395
112900189,0,16,-16
112900190,0,29,-29
112900192,120,66,54
112900193,380,89,291
112900194,3,102,-99
112900195,69,9,60
112900196,149,604,-455
112900197,39,378,-339
112900199,29,417,-388
112900200,54,87,-33
112900201,24,18,6
112900202,26,599,-573
112900203,14,135,-121
112900204,367,128,239
112900205,0,1,-1
112900206,0,20,-20
112900207,1,0,1
112900208,20,24,-4
112900209,129,336,-207
112900210,0,15,-15
112900211,16,2,14
112900212,0,30,-30
112900213,2,9,-7
112900214,6,2,4
112900215,3,157,-154
112900216,13,15,-2
112900217,0,54,-54
112900218,3,6,-3
112900219,16,24,-8
112900220,0,0,0
112900221,0,91,-91
112900222,0,7,-7
112900223,175,2,173
112900224,32,648,-616
112900225,46,503,-457
112900226,164,90,74
112900227,71,1115,-1044
112900228,7,4,3
112900229,4,19,-15
112900230,6565,1089,5476
112900232,102,54,48
112900233,6,154,-148
112900234,2,87,-85
112900235,1,2,-1
112900236,13,14,-1
112900237,48,313,-265
112900238,2,25,-23
113000001,2425,2358,67
113000002,1431,1656,-225
113000003,991,808,183
113000004,1170,909,261
113000005,478,571,-93
113000006,264,627,-363
113000007,724,757,-33
113000008,506,936,-430
113000009,278,528,-250
113000010,349,851,-502
113000011,266,1141,-875
113000012,339,233,106
113000013,317,219,98
113000014,747,684,63
113000015,171,77,94
113000016,92,169,-77
113000017,22,166,-144
113000018,40,18,22
113000019,32,181,-149
113000020,2,2,0
113000021,128,349,-221
113000022,136,1022,-886
113000025,15,146,-131
113000026,65,186,-121
113000027,207,176,31
113000028,546,294,252
113000029,470,167,303
113000030,449,376,73
113000031,223,154,69
113000032,146,89,57
113000033,228,172,56
113000034,347,188,159
113000035,14,17,-3
113000036,6,23,-17
113000037,37,22,15
113000038,19,36,-17
113000039,50,230,-180
113000040,18,58,-40
113000042,283,147,136
113000051,263,786,-523
113000052,1551,662,889
113000053,112,484,-372
113000054,81,334,-253
113000055,274,503,-229
113000056,241,1217,-976
113000058,469,722,-253
113000059,303,276,27
113000060,26,327,-301
113000061,361,712,-351
113000062,711,72,639
113000063,22,140,-118
113000064,9,246,-237
113000065,62,920,-858
113000066,75,36,39
113000067,404,535,-131
113000068,110,1533,-1423
113000069,130,1035,-905
113000070,281,381,-100
113000071,79,500,-421
113000072,146,226,-80
113000073,378,1035,-657
113000074,459,177,282
113000075,764,211,553
113000076,817,985,-168
113000077,610,167,443
113000078,490,802,-312
113000079,504,296,208
113000080,356,195,161
113000081,317,354,-37
113000082,587,448,139
113000083,149,307,-158
113000084,670,685,-15
113000085,185,229,-44
113000086,362,635,-273
113000087,283,307,-24
113000088,1019,677,342
113000089,265,593,-328
113000090,52,120,-68
113000091,661,189,472
113000094,139,57,82
113000095,103,915,-812
113000096,85,682,-597
113000097,191,139,52
113000098,43,9,34
113000099,668,82,586
113000100,77,260,-183
113000101,195,398,-203
113000102,118,57,61
113000103,1235,419,816
113000104,198,1126,-928
113000105,119,195,-76
113000106,111,396,-285
113000107,161,463,-302
113000108,360,928,-568
113000109,219,1062,-843
113000110,678,171,507
113000111,33,170,-137
113000112,81,94,-13
113000113,1369,107,1262
113000114,214,463,-249
113000116,295,126,169
113000117,387,161,226
113000118,58,88,-30
113000119,63,298,-235
113000120,13,105,-92
113000121,196,529,-333
113000124,28,74,-46
113000125,8,153,-145
113000127,2825,447,2378
113000128,202,275,-73
113000129,545,539,6
113000133,3321,440,2881
113000134,6,289,-283
113000135,801,653,148
113000137,924,371,553
113000139,218,66,152
113000140,178,171,7
113000141,270,50,220
113000142,407,484,-77
113000143,143,75,68
113000144,197,339,-142
113000145,31,93,-62
113000146,48,35,13
113000147,58,135,-77
113000148,35,151,-116
113000149,55,180,-125
113000150,289,264,25
113000151,82,39,43
113000152,28,145,-117
113000153,954,331,623
113000154,326,493,-167
113000155,171,165,6
113000156,84,275,-191
113000157,126,536,-410
113000158,264,105,159
113000159,395,254,141
113000160,239,855,-616
113000161,110,519,-409
113000162,351,203,148
113000163,37,12,25
113000164,13,81,-68
113000166,13,16,-3
113000167,32,168,-136
113000168,45,189,-144
113000169,25,15,10
113000170,19,18,1
113000171,34,79,-45
113000172,74,23,51
113000173,6,4,2
113000174,86,498,-412
113000175,70,28,42
113000176,75,23,52
113000177,40,343,-303
113000178,62,299,-237
113000179,33,25,8
113000180,189,681,-492
113000181,256,728,-472
113000182,103,124,-21
113000183,78,378,-300
113000184,20,81,-61
113000189,239,310,-71
113000190,1397,222,1175
113000192,1133,733,400
113000193,1855,406,1449
113000194,657,679,-22
113000195,675,256,419
113000196,15,36,-21
113000197,318,331,-13
113000198,19,169,-150
113000199,245,251,-6
113000201,48,83,-35
113000202,2107,539,1568
113000203,50,15,35
113000204,489,770,-281
113000205,3,20,-17
113000206,5,17,-12
113000207,32,9,23
113000208,17,37,-20
113000209,9,18,-9
113000210,6,19,-13
113000211,128,44,84
113000212,144,3,141
113000213,2,35,-33
113000214,27,91,-64
113000234,92,1332,-1240
113000410,14,23,-9
113000411,1551,2088,-537
113000412,7892,1131,6761
113000413,3873,1228,2645
113000414,9787,3800,5987
113000415,1818,1301,517
113000416,7640,1825,5815
113000417,2382,1417,965
113000418,1560,1427,133
113000419,1046,858,188
113000420,2679,1508,1171
113000421,1699,1692,7
113000422,15075,2914,12161
113000423,2604,1777,827
113000424,3526,2670,856
113000425,9,36,-27
113000428,28,12,16
113000430,9,0,9
113000432,241,19,222
113000433,95,817,-722
113000434,8,346,-338
113000435,8,898,-890
113000436,10,1196,-1186
113000437,29,6,23
113000438,29,2,27
113000439,8,180,-172
113000440,12,17,-5
113000441,16,86,-70
113000442,31,316,-285
113000443,12,100,-88
113000444,26,325,-299
113000445,9,45,-36
113000446,3,75,-72
113000448,78,78,0
113000449,85,91,-6
113000450,340,343,-3
113000451,646,64,582
113000452,95,54,41
113000453,40,143,-103
113000454,85,3,82
113000455,2,79,-77
113000456,2206,1113,1093
113000468,2080,245,1835
113000469,134,64,70
113000470,334,42,292
113000471,5,112,-107
113000472,23,157,-134
113000474,79,412,-333
113000475,760,1168,-408
113000476,418,1387,-969
113000477,765,1453,-688
113000478,1871,3377,-1506
113000479,29,143,-114
113000480,66,49,17
113000482,0,1,-1
113000484,0,0,0
113000485,0,0,0
113000486,0,0,0
113000487,0,0,0
113000489,0,0,0
113000490,0,0,0
113000491,0,0,0
113000492,0,0,0
113000493,0,0,0
113000495,99,172,-73
113000496,18,39,-21
113000498,0,0,0
113000499,0,0,0
113000500,0,5,-5
113900001,0,11,-11
113900002,0,23,-23
113900003,0,7,-7
113900004,0,5,-5
113900005,0,2,-2
113900006,0,3,-3
113900007,0,0,0
113900008,0,0,0
113900009,5,0,5
113900010,6,0,6
113900011,0,1,-1
113900012,0,0,0
113900013,27,0,27
113900014,170,1,169
113900015,0,34,-34
113900016,10,0,10
113900017,0,43,-43
113900018,249,19,230
113900019,15,23,-8
113900020,22,2,20
113900022,0,0,0
113900023,2,0,2
113900024,32,40,-8
113900025,130,8,122
113900026,5,0,5
113900027,4,35,-31
113900028,7,230,-223
113900029,6,202,-196
113900030,25,1,24
113900031,0,0,0
113900032,6,0,6
113900033,17,54,-37
113900035,7,0,7
113900036,2,53,-51
113900037,52,412,-360
113900038,5,10,-5
113900039,19,0,19
113900040,0,2,-2
113900041,0,1,-1
113900042,2,18,-16
113900043,76,65,11
113900044,39,10,29
113900045,6,4,2
113900046,275,619,-344
113900047,3,85,-82
113900048,323,16,307
113900049,652,41,611
113900050,63,264,-201
113900051,41,321,-280
113900052,98,69,29
113900053,131,32,99
113900054,0,5,-5
113900055,32,602,-570
113900056,8,96,-88
113900057,8,74,-66
113900058,13,151,-138
113900059,28,292,-264
113900060,53,211,-158
113900061,461,30,431
113900062,15,4,11
113900063,5,87,-82
113900064,3,131,-128
113900065,74,2,72
113900066,52,392,-340
113900067,10,326,-316
113900068,96,119,-23
113900069,41,6,35
113900070,104,399,-295
113900071,11,55,-44
113900072,14,138,-124
113900073,42,212,-170
113900074,16,316,-300
113900075,241,259,-18
113900076,17,0,17
113900077,10,226,-216
113900078,6,26,-20
113900079,0,41,-41
113900080,81,61,20
113900081,6,196,-190
113900082,15,142,-127
113900083,29,539,-510
113900084,62,23,39
113900085,9,324,-315
113900086,1,4,-3
113900087,7,244,-237
113900088,15,30,-15
113900089,97,15,82
113900090,127,122,5
113900091,15,15,0
113900092,3,25,-22
113900093,15,215,-200
113900094,38,347,-309
113900095,30,34,-4
113900096,23,25,-2
113900097,0,110,-110
113900098,106,14,92
113900099,0,57,-57
113900100,0,0,0
113900101,3,24,-21
113900102,5,34,-29
113900103,76,121,-45
113900104,25,51,-26
113900105,7,211,-204
113900106,1,89,-88
113900107,0,14,-14
113900108,71,101,-30
113900109,224,53,171
113900110,8,3,5
113900111,14,75,-61
113900112,15,55,-40
113900113,171,121,50
113900114,0,101,-101
113900115,0,75,-75
113900116,20,44,-24
113900117,40,8,32
113900118,35,98,-63
113900119,229,88,141
113900120,8,17,-9
113900121,17,47,-30
113900122,127,298,-171
113900123,84,57,27
113900124,0,30,-30
113900125,867,116,751
113900126,39,28,11
113900127,99,160,-61
113900128,28,25,3
113900129,5,25,-20
113900130,1,8,-7
113900131,32,27,5
113900132,20,17,3
113900133,8,12,-4
113900135,47,229,-182
113900136,29,44,-15
113900137,102,56,46
113900138,36,65,-29
113900139,460,28,432
113900140,341,80,261
113900141,54,256,-202
113900142,9,58,-49
113900143,12,5,7
113900144,202,42,160
113900145,48,88,-40
113900146,27,33,-6
113900148,38,81,-43
113900149,52,9,43
113900150,1652,352,1300
113900151,42,88,-46
113900152,8,55,-47
113900153,428,240,188
113900154,0,52,-52
113900155,164,30,134
113900156,84,519,-435
113900157,11,156,-145
113900158,396,45,351
113900159,8,91,-83
113900160,160,492,-332
113900161,5,51,-46
113900162,329,264,65
113900163,56,107,-51
113900164,65,7,58
113900165,339,362,-23
113900166,154,34,120
113900167,51,34,17
113900168,61,86,-25
113900169,69,323,-254
113900171,12,15,-3
113900172,4,174,-170
113900173,73,550,-477
113900174,111,735,-624
113900175,50,25,25
113900176,40,740,-700
113900177,85,112,-27
113900178,40,28,12
113900179,8,579,-571
113900180,81,92,-11
113900181,138,24,114
113900182,110,646,-536
113900183,28,59,-31
113900184,19,433,-414
113900185,58,47,11
113900186,14,30,-16
113900187,20,130,-110
113900188,7,94,-87
113900189,44,24,20
113900190,212,77,135
113900191,56,138,-82
113900192,1,138,-137
113900193,13,241,-228
113900194,1412,598,814
113900195,148,307,-159
113900196,4,127,-123
113900197,1,283,-282
113900198,9,50,-41
113900199,148,514,-366
113900200,4,182,-178
113900201,2,239,-237
113900202,26,133,-107
113900203,1,312,-311
113900204,16,513,-497
113900205,14,51,-37
113900206,5,47,-42
113900207,0,45,-45
113900208,1,30,-29
113900209,0,69,-69
113900210,333,147,186
113900211,32,10,22
113900212,22,417,-395
113900214,332,203,129
113900215,11,82,-71
113900216,8,938,-930
113900217,14,302,-288
113900218,28,19,9
113900219,64,370,-306
113900220,33,30,3
113900221,93,64,29
113900222,21,85,-64
113900223,5,778,-773
113900224,78,43,35
113900225,406,121,285
113900226,117,64,53
113900227,105,91,14
113900228,204,115,89
113900229,6,198,-192
113900230,3346,557,2789
113900231,58,133,-75
113900232,12,90,-78
113900233,11,38,-27
113900234,36,107,-71
113900235,6,17,-11
113900236,5,196,-191
113900237,10,1,9
113900238,130,135,-5
113900239,16,13,3
113900240,1,59,-58
113900241,47,30,17
113900242,25,94,-69
113900243,81,238,-157
113900244,430,77,353
113900245,1147,136,1011
113900246,5,3,2
113900247,121,110,11
113900248,3137,391,2746
113900249,578,85,493
113900250,21,28,-7
113900251,111,199,-88
113900252,144,7,137
113900253,165,6,159
113900254,74,18,56
113900255,88,7,81
113900256,47,4,43
113900257,29,585,-556
113900258,4,484,-480
113900259,75,184,-109
113900260,22,3,19
113900261,6,122,-116
113900262,25,635,-610
113900263,12,343,-331
113900264,4,550,-546
113900265,51,283,-232
113900266,8,258,-250
113900267,52,353,-301
113900268,81,101,-20
113900269,19,71,-52
113900270,113,138,-25
113900271,143,1131,-988
113900273,1,2,-1
113900274,3,4,-1
113900275,7,27,-20
113900276,1,273,-272
113900277,14,0,14
113900278,111,113,-2
113900279,70,96,-26
113900280,527,248,279
113900281,131,520,-389
113900282,506,143,363
113900283,97,263,-166
113900284,125,34,91
113900285,59,16,43
113900286,31,130,-99
113900287,5,152,-147
113900288,1,50,-49
113900289,1197,35,1162
113900290,314,15,299
113900291,90,147,-57
113900292,1,4,-3
113900293,1,144,-143
113900294,51,13,38
113900295,124,83,41
113900296,1770,185,1585
113900297,130,12,118
113900298,2,1129,-1127
113900299,11,121,-110
113900300,5459,1001,4458
113900301,301,48,253
113900302,1386,291,1095
113900303,396,45,351
113900304,0,171,-171
113900305,8,0,8
113900306,1,0,1
113900307,13,0,13
113900308,28,80,-52
113900309,3,759,-756
113900310,0,15,-15
113900311,0,0,0
113900312,20,57,-37
113900313,39,5,34
114000001,703,2234,-1531
114000002,74,358,-284
114000003,34,206,-172
114000004,41,82,-41
114000005,102,173,-71
114000006,1681,1653,28
114000007,242,1066,-824
114000008,984,627,357
114000009,83,70,13
114000011,1160,1927,-767
114000012,522,1950,-1428
114000013,381,1472,-1091
114000014,157,265,-108
114000015,297,409,-112
114000016,112,297,-185
114000017,64,120,-56
114000018,271,46,225
114000026,249,1134,-885
114000027,541,1204,-663
114000028,760,991,-231
114000038,55,114,-59
114000039,34,118,-84
114000040,43,118,-75
114000042,39,128,-89
114000043,6,166,-160
114000044,33,42,-9
114000045,18,125,-107
114000046,1101,3596,-2495
114000047,5,50,-45
114000048,7,24,-17
114000049,584,501,83
114000050,465,447,18
114000051,1459,794,665
114000052,1327,430,897
114000053,9,276,-267
114000054,26,937,-911
114000055,88,14,74
114000056,440,312,128
114000057,6150,1432,4718
114000058,173,172,1
114000059,128,55,73
114000060,111,546,-435
114000061,1484,353,1131
114000062,755,225,530
114000063,1834,1064,770
114000064,5990,1409,4581
114000065,825,1225,-400
114000066,84,352,-268
114000067,6,66,-60
114000068,242,252,-10
114000069,328,262,66
114000070,918,408,510
114000071,149,579,-430
114000072,63,348,-285
114000073,2,34,-32
114000074,6,17,-11
114000075,2,65,-63
114000076,2,53,-51
114000077,2,14,-12
114000078,48,1355,-1307
114000079,11,23,-12
114000080,24,23,1
114000081,5,11,-6
114000082,21,512,-491
114000083,13,246,-233
114000084,27,43,-16
114000085,53,630,-577
114000086,53,603,-550
114000087,11,221,-210
114000088,5,19,-14
114000089,948,210,738
114000090,111,101,10
114000091,459,202,257
114000092,353,126,227
114000093,301,286,15
114000094,86,134,-48
114000095,10,23,-13
114000096,44,365,-321
114000097,26,792,-766
114000098,37,12,25
114000099,64,1175,-1111
114000100,191,476,-285
114000101,189,1150,-961
114000102,52,77,-25
114000103,29,412,-383
114000104,4,243,-239
114000105,8,37,-29
114000106,642,208,434
114000107,40,90,-50
114000108,1274,924,350
114000109,36,101,-65
114000110,208,1131,-923
114000111,142,109,33
114000112,67,1031,-964
114000113,34,50,-16
114000114,698,1073,-375
114000115,226,105,121
114000116,74,213,-139
114000117,278,138,140
114000118,252,146,106
114000119,231,114,117
114000120,257,812,-555
114000121,167,361,-194
114000122,133,156,-23
114000123,146,83,63
114000124,65,97,-32
114000125,397,1188,-791
114000126,162,45,117
114000127,16,75,-59
114000128,98,165,-67
114000130,25,20,5
114000131,24,15,9
114000132,277,673,-396
114000133,636,985,-349
114000134,21,205,-184
114000138,25,139,-114
114000139,98,56,42
114000144,174,125,49
114000145,31,207,-176
114000146,45,330,-285
114000147,399,400,-1
114000148,1008,176,832
114000149,35,40,-5
114000150,453,335,118
114000151,484,343,141
114000152,29,11,18
114000153,407,684,-277
114000154,324,360,-36
114000155,506,744,-238
114000156,150,166,-16
114000157,58,348,-290
114000158,1966,396,1570
114000159,109,220,-111
114000160,71,96,-25
114000161,466,305,161
114000162,248,284,-36
114000163,3,148,-145
114000165,73,65,8
114000166,204,33,171
114000167,2311,633,1678
114000168,450,446,4
114000169,332,152,180
114000170,166,184,-18
114000171,139,199,-60
114000174,55,267,-212
114000176,210,190,20
114000177,1790,484,1306
114000178,11,34,-23
114000179,235,62,173
114000180,176,354,-178
114000181,604,865,-261
114000182,3107,1261,1846
114000183,611,575,36
114000184,5362,1203,4159
114000185,102,161,-59
114000189,64,17,47
114000190,379,37,342
114000191,18,12,6
114000192,207,1188,-981
114000193,694,2727,-2033
114000194,518,879,-361
114000195,6,0,6
114000196,0,181,-181
114000197,179,7,172
114000198,936,267,669
114000199,1250,629,621
114000200,275,2149,-1874
114000201,30,822,-792
114000202,442,522,-80
114000203,113,593,-480
114000204,62,350,-288
114000205,107,1193,-1086
114000206,164,923,-759
114000207,331,1947,-1616
114000208,230,2539,-2309
114000209,356,2550,-2194
114000210,170,1376,-1206
114000211,262,744,-482
114000212,385,415,-30
114000213,337,248,89
114000214,21,182,-161
114000215,25,46,-21
114000216,82,16,66
114000217,11,206,-195
114000218,56,195,-139
114000219,175,191,-16
114000220,4,806,-802
114000221,83,54,29
114000222,65,822,-757
114000223,79,25,54
114000224,61,484,-423
114000225,47,358,-311
114000226,16,205,-189
114000227,192,217,-25
114000228,164,655,-491
114000229,216,807,-591
114000230,428,1100,-672
114000231,250,808,-558
114000232,71,55,16
114000233,364,37,327
114000234,266,586,-320
114000235,283,991,-708
114000236,4,525,-521
114000237,27,996,-969
114000238,18,87,-69
114000239,77,1114,-1037
114000240,227,378,-151
114000241,115,750,-635
114000242,568,696,-128
114000243,255,307,-52
114000244,53,37,16
114000245,149,521,-372
114000246,71,36,35
114000247,133,404,-271
114000248,215,257,-42
114000249,169,236,-67
114000250,25,331,-306
114000251,71,273,-202
114000252,20,83,-63
114000253,5,38,-33
114000254,4,92,-88
114000255,243,79,164
114000256,593,213,380
114000257,383,1729,-1346
114000258,50,385,-335
114000259,9,265,-256
114000260,0,16,-16
114000261,1,1,0
114000262,11,178,-167
114000263,0,0,0
114000264,132,631,-499
114000265,0,10,-10
114000267,2,629,-627
114000268,3,1647,-1644
114000270,0,0,0
114000271,121,69,52
114000283,100,244,-144
114000285,46,257,-211
114000288,9,253,-244
114000289,353,40,313
114000293,39,235,-196
114000294,89,133,-44
114000395,98,6,92
114000396,84,114,-30
114000402,94,274,-180
114000403,125,421,-296
114000405,38,530,-492
114000423,40,454,-414
114000424,53,161,-108
114000425,84,562,-478
114000426,31,37,-6
114000427,27,79,-52
114000428,142,51,91
114000429,2,156,-154
114000432,11,106,-95
114000434,3,88,-85
114000435,1,18,-17
114900001,116,968,-852
114900002,165,10,155
114900003,61,1421,-1360
114900004,60,45,15
114900005,84,585,-501
114900006,5,4,1
114900007,19,3,16
114900008,5,15,-10
114900010,2105,588,1517
114900011,25,29,-4
114900013,40,29,11
114900015,14,93,-79
114900018,265,38,227
114900020,17,32,-15
114900021,59,66,-7
114900022,3,339,-336
114900024,40,72,-32
114900025,67,163,-96
114900026,8,29,-21
114900027,36,146,-110
114900029,13,4,9
114900030,41,137,-96
114900031,36,4,32
114900032,24,6,18
114900033,819,101,718
114900034,40,247,-207
114900035,68,182,-114
114900036,90,1047,-957
114900037,24,170,-146
114900038,105,1079,-974
114900039,140,750,-610
114900040,16,136,-120
114900041,108,719,-611
114900042,168,873,-705
114900043,465,189,276
114900044,5,2,3
114900045,36,125,-89
114900046,19,94,-75
114900047,73,496,-423
114900048,11,153,-142
114900049,2,164,-162
114900050,5,451,-446
114900051,12,419,-407
114900052,96,71,25
114900053,54,128,-74
114900054,15,113,-98
114900057,43,0,43
114900058,1,151,-150
114900059,9,19,-10
114900060,599,199,400
114900061,50,184,-134
114900062,141,167,-26
114900063,25,195,-170
114900064,220,750,-530
114900065,56,389,-333
114900067,2,188,-186
114900068,24,135,-111
114900069,97,114,-17
114900070,126,403,-277
114900072,7,133,-126
114900073,0,195,-195
114900074,37,573,-536
114900075,11,1,10
114900076,3,373,-370
114900080,1909,199,1710
114900082,1919,572,1347
114900083,95,292,-197
114900084,79,279,-200
114900090,44,46,-2
114900091,45,89,-44
114900095,296,92,204
114900096,213,335,-122
114900097,9,31,-22
114900098,2,101,-99
114900099,12,1,11
115000001,6994,5101,1893
115000002,1173,1027,146
115000003,2421,3452,-1031
115000004,698,1579,-881
115000005,769,2330,-1561
115000006,171,475,-304
115000007,9,77,-68
115000008,158,115,43
115000009,45,196,-151
115000010,96,57,39
115000013,48,58,-10
115000015,39,101,-62
115000016,158,122,36
115000019,0,164,-164
115000020,88,61,27
115000021,183,237,-54
115000022,340,225,115
115000023,66,77,-11
115000024,730,344,386
115000025,120,67,53
115000026,85,231,-146
115000027,11,35,-24
115000028,70,441,-371
115000029,19,28,-9
115000030,113,569,-456
115000031,95,57,38
115000032,5,160,-155
115000033,33,3,30
115000034,69,647,-578
115000035,89,0,89
115000036,0,253,-253
115000037,40,2,38
115000038,18,82,-64
115000039,1162,785,377
115000040,3370,1115,2255
115000041,296,975,-679
115000042,221,316,-95
115000043,1695,1296,399
115000044,2603,3085,-482
115000045,785,1826,-1041
115000046,508,1047,-539
115000047,487,897,-410
115000048,784,2606,-1822
115000049,961,2144,-1183
115000050,1101,770,331
115000051,1233,633,600
115000052,2729,1281,1448
115000053,616,508,108
115000054,499,786,-287
115000055,29,295,-266
115000056,12,36,-24
115000057,99,262,-163
115000058,18,38,-20
115000059,8,158,-150
115000061,8,19,-11
115000062,22,155,-133
115000063,38,196,-158
115000064,6,28,-22
115000065,13,83,-70
115000067,0,0,0
115000069,10,153,-143
115000070,19,274,-255
115000071,11,4,7
115000072,44,31,13
115000073,322,4,318
115000075,8,45,-37
115000076,1737,2526,-789
115000077,506,3160,-2654
115000078,180,1494,-1314
115000079,339,1905,-1566
115000080,519,2245,-1726
115000081,206,708,-502
115000082,1180,1515,-335
115000083,806,2685,-1879
115000084,241,535,-294
115000085,141,778,-637
115000086,119,412,-293
115000087,285,966,-681
115000088,524,214,310
115000089,1123,1166,-43
115000090,396,63,333
115000091,190,794,-604
115000092,104,187,-83
115000093,0,0,0
115000094,4856,1745,3111
115000095,4030,2043,1987
115000096,177,1507,-1330
115000097,129,448,-319
115000098,193,565,-372
115000099,302,2147,-1845
115000100,110,264,-154
115000101,187,1154,-967
115000102,90,94,-4
115000103,188,670,-482
115000105,25,176,-151
115000106,59,112,-53
115000107,59,448,-389
115000108,2805,2090,715
115000109,3300,675,2625
115000110,588,325,263
115000111,335,825,-490
115000112,236,242,-6
115000113,425,422,3
115000114,1064,436,628
115000116,1868,615,1253
115000117,1999,710,1289
115000118,599,672,-73
115000119,670,801,-131
115000120,242,325,-83
115000121,925,469,456
115000122,2022,407,1615
115000123,1254,561,693
115000124,183,317,-134
115000125,163,359,-196
115000126,76,164,-88
115000127,101,130,-29
115000128,618,345,273
115000129,42,65,-23
115000130,74,736,-662
115000131,73,160,-87
115000132,24,365,-341
115000133,36,258,-222
115000134,28,122,-94
115000135,12,185,-173
115000136,28,109,-81
115000137,42,192,-150
115000138,44,96,-52
115000139,92,229,-137
115000140,54,102,-48
115000141,49,318,-269
115000142,27,260,-233
115000143,65,254,-189
115000144,96,33,63
115000145,56,482,-426
115000146,48,112,-64
115000147,76,443,-367
115000148,176,1062,-886
115000149,156,146,10
115000150,356,1020,-664
115000151,171,232,-61
115000152,176,1415,-1239
115000153,145,235,-90
115000154,169,193,-24
115000155,290,953,-663
115000156,286,247,39
115000157,478,599,-121
115000158,294,178,116
115000159,226,152,74
115000160,357,238,119
115000161,240,391,-151
115000162,201,128,73
115000163,445,472,-27
115000164,284,317,-33
115000165,71,122,-51
115000167,13,17,-4
115000168,157,129,28
115000169,262,364,-102
115000170,44,109,-65
115000171,72,61,11
115000172,1263,301,962
115000173,25,71,-46
115000174,7,32,-25
115000175,20,50,-30
115000176,7,7,0
115000177,6,45,-39
115000178,6,197,-191
115000179,2,6,-4
115000180,40,552,-512
115000181,71,64,7
115000182,118,169,-51
115000183,52,799,-747
115000186,181,169,12
115000187,46,428,-382
115000188,66,158,-92
115000189,105,239,-134
115000190,139,135,4
115000191,138,192,-54
115000194,70,77,-7
115000195,89,42,47
115000196,12,29,-17
115000197,47,413,-366
115000198,17,112,-95
115000199,84,349,-265
115000200,50,28,22
115000201,34,377,-343
115000206,1,0,1
115000207,14,291,-277
115000208,418,518,-100
115000209,102,69,33
115000210,17,40,-23
115000211,112,154,-42
115000212,694,246,448
115000218,3,26,-23
115000219,0,11,-11
115000224,16,16,0
115000225,15,18,-3
115000229,92,31,61
115000230,12,195,-183
115000231,130,1853,-1723
115000232,138,254,-116
115000233,28,218,-190
115000234,2,179,-177
115000241,8,101,-93
115000242,16,109,-93
115000243,10,99,-89
115000244,3,73,-70
115000246,8,2,6
115000247,3,1,2
115000248,3,2,1
115000249,11,1,10
115000250,23,20,3
115000251,17,44,-27
115000252,4,53,-49
115000253,2,35,-33
115000258,35,45,-10
115000259,94,41,53
115000261,1,6,-5
115000262,4,2,2
115000263,0,10,-10
115000264,2,6,-4
115000267,2,15,-13
115000268,19,46,-27
115000269,12,22,-10
115000270,0,6,-6
115000272,5,42,-37
115000273,53,6,47
115000274,27,214,-187
115000280,597,13,584
115000281,569,37,532
115000282,603,93,510
115000284,76,21,55
115000296,29,2,27
115000297,5,3,2
115000298,62,23,39
115000300,4,162,-158
115000302,26,65,-39
115000303,34,40,-6
115000304,70,30,40
115000305,24,943,-919
115000306,31,497,-466
115000307,8,217,-209
115000308,31,4,27
115000310,299,951,-652
115000311,75,685,-610
115000313,97,640,-543
115000314,44,22,22
115000315,1001,122,879
115000316,6,21,-15
115000317,47,516,-469
115000318,198,134,64
115000319,19,247,-228
115000320,4,71,-67
115000321,39,1,38
115000322,12,214,-202
115000449,130,32,98
115000557,14,92,-78
115000558,8,16,-8
115000587,72,167,-95
115000588,1306,3063,-1757
115000589,946,1027,-81
115000590,312,1136,-824
115000591,261,179,82
115000592,321,920,-599
115000593,243,109,134
115000594,516,686,-170
115000609,27,55,-28
115000617,343,309,34
115000624,21,23,-2
115000633,79,1049,-970
115000634,962,348,614
115000635,72,45,27
115000638,610,199,411
115000641,32,47,-15
115000642,100,79,21
115000643,44,332,-288
115000644,68,320,-252
115000646,319,445,-126
115000647,34,262,-228
115000648,249,1060,-811
115000893,766,151,615
115000894,36,845,-809
115000895,83,700,-617
115000896,126,94,32
115000897,149,24,125
115000898,447,80,367
115000899,497,462,35
115000900,47,179,-132
115000901,41,31,10
115000912,40,21,19
115000913,1,50,-49
115000915,0,0,0
115000916,0,0,0
115000917,0,0,0
115000918,0,0,0
115000919,0,0,0
115000920,4,12,-8
115000921,1036,64,972
115000922,75,58,17
115000923,183,452,-269
115000925,14,44,-30
115000927,1,6,-5
115000933,50,49,1
115900001,4,62,-58
115900002,41,140,-99
115900003,26,79,-53
115900004,1,26,-25
115900005,9,0,9
115900006,12,251,-239
115900008,0,4,-4
115900009,9,144,-135
115900010,35,109,-74
115900011,44,202,-158
115900012,9,33,-24
115900013,143,89,54
115900014,63,121,-58
115900015,6,42,-36
115900016,12,16,-4
115900017,0,0,0
115900018,87,49,38
115900019,596,15,581
115900020,1,0,1
115900021,1411,83,1328
115900022,762,6,756
115900023,0,0,0
115900025,26,44,-18
115900026,898,275,623
115900027,0,281,-281
115900028,422,52,370
115900029,3,394,-391
115900030,4,41,-37
115900031,92,37,55
115900032,205,454,-249
115900033,0,31,-31
115900034,5,411,-406
115900035,0,0,0
115900036,97,134,-37
115900037,6,382,-376
115900038,3,2,1
115900039,28,169,-141
115900041,87,96,-9
115900042,1,3,-2
115900043,6,77,-71
115900044,106,98,8
115900046,66,192,-126
115900047,4,14,-10
115900049,34,146,-112
115900051,0,45,-45
115900052,8,253,-245
115900053,39,219,-180
115900054,6,44,-38
115900055,9,121,-112
115900056,27,367,-340
115900057,2,1,1
115900058,44,73,-29
115900060,10,106,-96
115900061,1,0,1
115900062,7,198,-191
115900063,21,6,15
115900064,56,62,-6
115900065,19,95,-76
115900066,100,141,-41
115900067,4,668,-664
115900068,3392,37,3355
115900069,39,75,-36
115900070,33,167,-134
115900071,3,602,-599
115900072,101,193,-92
115900073,5,8,-3
115900074,3,327,-324
115900075,12,320,-308
115900076,1,63,-62
115900077,6,319,-313
115900078,11,147,-136
115900079,11,4,7
115900080,193,40,153
115900081,6,82,-76
115900082,44,100,-56
115900084,28,19,9
115900085,10,12,-2
115900086,1303,260,1043
115900088,6,6,0
115900089,35,621,-586
115900090,37,9,28
115900091,0,19,-19
115900092,1,246,-245
115900093,0,24,-24
115900094,1,365,-364
115900096,1,14,-13
115900097,5,464,-459
115900098,21,355,-334
115900099,1,44,-43
115900100,6,583,-577
115900101,21,310,-289
115900102,2,51,-49
115900103,77,182,-105
115900104,1,79,-78
115900105,9,329,-320
115900106,3,18,-15
115900107,3,143,-140
115900108,4,18,-14
115900109,18,431,-413
115900110,0,8,-8
115900111,1,88,-87
115900112,27,711,-684
115900113,3,6,-3
115900114,1,148,-147
115900115,7,51,-44
115900116,64,894,-830
115900117,6,0,6
115900118,4,463,-459
115900119,10,35,-25
115900120,3,324,-321
115900121,44,200,-156
115900124,49,142,-93
115900125,77,16,61
115900126,206,31,175
115900127,139,28,111
115900128,4,37,-33
115900129,227,11,216
115900130,41,76,-35
115900131,46,5,41
115900132,66,6,60
115900134,41,8,33
115900135,235,175,60
115900137,2,1,1
115900139,170,62,108
115900140,31,15,16
115900141,32,59,-27
115900142,7,34,-27
115900143,12,109,-97
115900144,6,113,-107
115900146,2,87,-85
115900147,79,81,-2
115900148,0,3,-3
115900149,4,33,-29
115900150,13,33,-20
115900151,2,29,-27
115900152,11,272,-261
115900153,19,184,-165
115900154,309,215,94
115900155,0,36,-36
115900156,336,447,-111
115900157,12,189,-177
115900158,9,4,5
115900159,13,153,-140
115900160,1,2,-1
115900161,17,118,-101
115900163,52,72,-20
115900164,28,37,-9
115900165,0,49,-49
115900166,56,150,-94
115900168,7,65,-58
115900171,18,205,-187
115900172,16,109,-93
115900173,53,84,-31
115900174,145,143,2
115900175,20,98,-78
115900178,2,622,-620
115900179,23,9,14
115900180,20,192,-172
115900181,42,218,-176
115900182,64,228,-164
115900183,108,20,88
115900184,704,3,701
115900187,8,58,-50
115900189,0,41,-41
115900190,73,157,-84
115900191,29,426,-397
115900192,5,43,-38
115900193,32,18,14
115900194,141,14,127
115900195,257,268,-11
115900198,64,127,-63
115900199,67,244,-177
115900200,81,233,-152
115900201,63,189,-126
115900202,0,1,-1
115900203,1,1,0
115900204,0,1,-1
115900205,14,0,14
115900206,12,53,-41
115900207,4,9,-5
115900208,7,215,-208
115900209,0,112,-112
115900210,1,142,-141
115900211,2,171,-169
115900212,15,122,-107
115900213,0,4,-4
115900214,30,169,-139
115900215,9,5,4
115900216,0,80,-80
115900217,0,75,-75
115900218,0,51,-51
115900219,18,0,18
115900220,4,1,3
115900221,2,0,2
115900222,3,0,3
115900223,2,7,-5
115900224,495,25,470
115900225,44,6,38
115900226,7,20,-13
115900227,7,16,-9
115900228,1,25,-24
115900229,2,13,-11
115900230,8,35,-27
115900231,18,3,15
115900232,2,1,1
115900233,7,2,5
115900234,10,9,1
115900235,3,6,-3
115900236,7,6,1
115900237,1,46,-45
115900238,3,15,-12
115900239,0,41,-41
115900240,0,61,-61
115900241,9,40,-31
115900242,86,47,39
115900243,1,9,-8
115900244,15,10,5
115900245,0,17,-17
115900246,1,0,1
115900247,0,0,0
115900248,3,1,2
115900249,0,1,-1
115900250,1,2,-1
115900251,1,0,1
115900252,0,0,0
115900253,0,2,-2
115900254,5,1,4
115900255,3,4,-1
115900256,11,1,10
115900257,0,2,-2
115900258,0,0,0
115900259,0,3,-3
115900260,7,2,5
115900261,6,0,6
115900262,0,1,-1
115900263,0,1,-1
115900264,0,6,-6
115900265,0,0,0
115900266,2,0,2
115900267,1,0,1
115900268,1,1,0
115900269,40,161,-121
115900270,32,523,-491
116000001,16259,3020,13239
116000002,1329,1461,-132
116000003,912,1214,-302
116000004,437,640,-203
116000005,1025,1635,-610
116000006,566,449,117
116000007,2093,2833,-740
116000008,1359,700,659
116000009,861,1797,-936
116000010,425,376,49
116000011,288,984,-696
116000012,235,251,-16
116000013,12271,2522,9749
116000014,15453,2063,13390
116000015,307,250,57
116000016,5525,724,4801
116000017,29,282,-253
116000018,434,241,193
116000019,111,157,-46
116000020,191,906,-715
116000021,62,119,-57
116000022,120,274,-154
116000023,207,229,-22
116000024,320,1223,-903
116000025,179,266,-87
116000026,666,1463,-797
116000027,259,261,-2
116000028,84,120,-36
116000029,547,280,267
116000030,55,24,31
116000031,80,114,-34
116000032,29,153,-124
116000033,22,146,-124
116000034,47,248,-201
116000035,50,349,-299
116000036,818,263,555
116000037,205,165,40
116000038,157,86,71
116000039,350,246,104
116000040,196,51,145
116000041,149,426,-277
116000042,147,72,75
116000043,45,362,-317
116000044,0,19,-19
116000045,266,212,54
116000046,627,594,33
116000047,1041,1060,-19
116000048,401,485,-84
116000049,192,490,-298
116000050,574,880,-306
116000051,461,399,62
116000052,1277,1898,-621
116000053,291,191,100
116000054,238,1417,-1179
116000055,154,916,-762
116000056,62,229,-167
116000057,1805,1379,426
116000058,1727,855,872
116000059,1283,1203,80
116000060,2065,581,1484
116000061,107,296,-189
116000062,215,127,88
116000063,135,383,-248
116000066,9,46,-37
116000067,128,422,-294
116000068,11,33,-22
116000069,124,281,-157
116000078,53,235,-182
116000080,456,618,-162
116000082,6,95,-89
116000083,356,244,112
116000084,1023,1895,-872
116000085,871,441,430
116000086,953,725,228
116000087,504,429,75
116000088,419,811,-392
116000089,72,40,32
116000090,20,55,-35
116000091,78,25,53
116000093,1219,509,710
116000094,95,524,-429
116000095,197,334,-137
116000096,189,706,-517
116000097,175,575,-400
116000098,16,2006,-1990
116000099,5297,201,5096
116000100,34,18,16
116000101,153,1017,-864
116000102,42,804,-762
116000103,96,128,-32
116000104,24,984,-960
116000105,175,158,17
116000106,47,856,-809
116000107,221,406,-185
116000108,1,126,-125
116000111,5,9,-4
116000113,18,32,-14
116000114,21,118,-97
116000115,30,24,6
116000116,116,491,-375
116000117,340,633,-293
116000118,406,1272,-866
116000119,489,437,52
116000120,1210,3603,-2393
116000121,218,178,40
116000122,701,2418,-1717
116000123,125,197,-72
116000124,120,1034,-914
116000125,337,241,96
116000126,144,1238,-1094
116000127,568,1216,-648
116000128,480,323,157
116000129,143,126,17
116000130,44,96,-52
116000133,143,541,-398
116000134,341,2212,-1871
116000135,382,752,-370
116000136,252,1453,-1201
116000137,171,268,-97
116000138,1165,221,944
116000139,660,1102,-442
116000140,37,189,-152
116000141,164,641,-477
116000142,2305,2832,-527
116000143,845,653,192
116000144,682,2482,-1800
116000145,512,863,-351
116000146,35,180,-145
116000147,91,44,47
116000148,71,219,-148
116000149,86,240,-154
116000151,201,823,-622
116000153,13,94,-81
116000155,13,56,-43
116000156,1087,779,308
116000157,1,3,-2
116000158,34,227,-193
116000159,0,0,0
116000160,5,90,-85
116000161,8,88,-80
116000162,51,32,19
116000163,9,2,7
116000164,2,8,-6
116000177,2,105,-103
116000194,25,315,-290
116000195,409,384,25
116000196,0,8,-8
116000197,3,3,0
116000198,616,406,210
116000200,359,113,246
116000201,290,385,-95
116000202,3,163,-160
116000203,2,86,-84
116000204,6,19,-13
116000205,0,128,-128
116000206,0,97,-97
116000207,0,42,-42
116000233,46,664,-618
116000287,31,505,-474
116000288,28,156,-128
116000292,12,222,-210
116000296,0,35,-35
116000297,6,1,5
116000304,17,7,10
116000305,1,125,-124
116000346,49,208,-159
116000352,7,72,-65
116000354,18,9,9
116000357,0,6,-6
116000358,35,4,31
116000361,47,0,47
116000372,6480,1104,5376
116000381,17,0,17
116000388,1,46,-45
116000389,175,343,-168
116000445,63,700,-637
116000446,64,569,-505
116000447,1,267,-266
116000448,213,125,88
116000563,200,131,69
116000565,100,383,-283
116000568,11,43,-32
116000579,12,120,-108
116000584,0,7,-7
116000585,6,7,-1
116000586,147,55,92
116000587,1,223,-222
116000589,29,90,-61
116000590,10,17,-7
116000591,24,133,-109
116000592,6,102,-96
116000593,0,5,-5
116000594,91,658,-567
116000595,95,197,-102
116000596,9,12,-3
116000597,25,18,7
116000598,3,281,-278
116000602,44,71,-27
116000605,82,113,-31
116000606,4,24,-20
116000607,0,55,-55
116000609,109,289,-180
116000611,24,563,-539
116000612,178,926,-748
116000613,106,178,-72
116000614,212,767,-555
116000615,38,65,-27
116000616,17,97,-80
116000617,29,98,-69
116000618,1,191,-190
116000619,5,41,-36
116000620,0,0,0
116000621,6,13,-7
116000622,1,30,-29
116000624,5,40,-35
116900001,35,66,-31
116900002,140,1,139
116900003,2,91,-89
116900004,7,6,1
116900005,36,43,-7
116900006,49,46,3
116900007,15,100,-85
116900008,56,446,-390
116900009,10,0,10
116900010,5,1672,-1667
116900011,6,21,-15
116900012,30,112,-82
116900013,6,262,-256
116900014,6,308,-302
116900015,20,35,-15
116900016,15,0,15
116900017,1,558,-557
116900018,2,7,-5
116900019,0,348,-348
116900020,456,34,422
116900023,8,2,6
116900024,22,31,-9
116900025,76,862,-786
116900026,182,556,-374
116900027,0,27,-27
116900028,3,115,-112
116900029,0,2,-2
116900031,0,11,-11
116900032,0,309,-309
116900033,1,3,-2
116900034,4,52,-48
116900035,33,131,-98
116900036,0,83,-83
116900038,5,4,1
116900041,7,1,6
116900042,832,140,692
116900043,2,42,-40
116900045,72,14,58
116900047,66,15,51
116900049,19,125,-106
116900050,19,216,-197
116900051,14,234,-220
116900052,31,18,13
116900055,1,2,-1
116900057,13,256,-243
116900058,9,257,-248
116900059,1,135,-134
116900060,62,189,-127
116900062,0,2,-2
116900064,34,844,-810
116900065,3,48,-45
116900067,11,48,-37
116900068,45,382,-337
116900070,0,3,-3
116900072,5,428,-423
116900073,5,140,-135
116900074,1,37,-36
116900076,0,5,-5
116900077,15,166,-151
116900078,136,127,9
116900079,5,237,-232
116900080,1,15,-14
116900081,74,883,-809
116900082,100,613,-513
116900083,11,41,-30
116900084,47,18,29
116900085,30,138,-108
116900086,6,192,-186
116900088,149,17,132
116900090,91,24,67
116900091,20,43,-23
116900092,14,554,-540
116900093,1617,626,991
116900094,5159,843,4316
116900095,14,120,-106
116900096,86,48,38
116900097,2159,484,1675
116900098,796,86,710
116900099,241,191,50
116900100,162,8,154
116900101,159,567,-408
116900103,3,0,3
116900104,10,48,-38
116900105,82,29,53
116900106,212,267,-55
116900107,3072,372,2700
116900110,12,0,12
116900111,48,1105,-1057
116900112,19,537,-518
116900113,2010,231,1779
116900116,14,76,-62
116900117,5,105,-100
116900118,862,249,613
116900120,43,58,-15
116900121,5,25,-20
116900122,128,898,-770
116900123,34,708,-674
116900124,30,518,-488
116900125,67,185,-118
116900126,142,308,-166
116900128,0,38,-38
116900129,0,257,-257
116900130,906,825,81
116900131,7,97,-90
116900132,4,44,-40
116900133,8,106,-98
116900134,58,159,-101
116900136,51,94,-43
116900137,94,135,-41
116900138,73,140,-67
116900139,29,254,-225
116900140,50,148,-98
116900141,230,260,-30
116900142,0,4,-4
116900143,54,421,-367
116900144,4,8,-4
116900145,22,301,-279
116900147,237,182,55
116900148,0,20,-20
116900149,4,29,-25
116900150,1,1,0
116900151,2,6,-4
116900153,10,25,-15
116900154,40,76,-36
116900155,10,20,-10
116900157,47,192,-145
116900158,9,28,-19
116900159,13,103,-90
116900160,227,107,120
116900161,6496,1196,5300
116900162,2,86,-84
116900163,15,115,-100
116900164,16,12,4
116900165,15,45,-30
116900166,2,64,-62
116900167,49,36,13
116900168,48,74,-26
116900169,114,55,59
116900170,52,89,-37
116900171,7,161,-154
116900172,100,35,65
116900173,35,55,-20
116900174,4,6,-2
116900175,39,23,16
116900178,3,184,-181
116900179,46,29,17
116900180,14,26,-12
116900182,127,155,-28
116900183,31,47,-16
116900185,5,7,-2
116900186,23,268,-245
116900187,2,9,-7
116900188,23,9,14
116900189,3,1,2
116900191,103,222,-119
116900192,40,76,-36
116900194,5,150,-145
116900195,9,11,-2
116900196,5,118,-113
116900197,7,2,5
116900198,216,62,154
116900200,1,56,-55
116900201,7,1,6
116900202,40,37,3
116900203,8,0,8
116900204,15,49,-34
116900206,0,38,-38
116900207,5,26,-21
116900208,4,51,-47
116900209,2,108,-106
116900210,139,95,44
116900211,80,7,73
116900212,2,68,-66
116900213,26,79,-53
116900214,14,111,-97
116900215,6,37,-31
116900216,97,333,-236
116900218,4,235,-231
116900219,487,293,194
116900220,17,85,-68
116900221,27,188,-161
116900222,120,101,19
116900223,26,113,-87
116900226,12,68,-56
116900227,22,41,-19
116900228,45,258,-213
116900230,9,254,-245
116900231,4,371,-367
116900232,2,314,-312
116900233,27,47,-20
116900234,5,2,3
116900235,40,326,-286
116900238,695,180,515
116900239,12,236,-224
116900240,4350,726,3624
116900241,12,122,-110
116900242,286,84,202
116900243,5,114,-109
116900245,8,5,3
116900246,9,2,7
116900247,59,13,46
116900248,13,16,-3
116900249,47,51,-4
116900250,44,44,0
116900251,112,43,69
116900252,8,747,-739
116900253,16,17,-1
116900254,2,40,-38
116900255,44,14,30
116900256,41,47,-6
116900257,9,530,-521
116900258,0,349,-349
116900259,12,5,7
116900260,1,194,-193
116900261,17,0,17
116900262,21,105,-84
116900263,0,13,-13
116900264,0,1,-1
116900265,1,0,1
116900266,0,27,-27
116900267,0,0,0
116900268,0,6,-6
116900269,62,191,-129
116900271,2265,24,2241
116900272,270,391,-121
116900273,86,21,65
116900274,7,16,-9
116900275,16,98,-82
116900276,72,14,58
116900277,336,5,331
116900278,1,13,-12
116900279,0,16,-16
116900280,2,17,-15
116900281,5884,781,5103
116900282,4,91,-87
116900283,4,89,-85
116900284,3,141,-138
116900285,108,14,94
116900286,66,2,64
116900287,0,85,-85
116900288,13,104,-91
116900289,2,22,-20
116900290,0,26,-26
116900291,0,6,-6
116900292,0,0,0
116900293,1,105,-104
116900294,13,69,-56
116900295,8,4,4
116900296,0,4,-4
116900297,1,6,-5
116900298,13,6,7
116900299,3,7,-4
116900300,15,31,-16
116900301,6,14,-8
116900302,8,15,-7
116900303,235,17,218
116900304,0,88,-88
116900305,2,5,-3
116900306,7,136,-129
117000001,434,529,-95
117000002,622,2618,-1996
117000003,1715,855,860
117000004,2536,2948,-412
117000005,291,478,-187
117000006,359,2558,-2199
117000007,673,371,302
117000008,690,2659,-1969
117000009,1283,493,790
117000010,1318,2644,-1326
117000011,299,648,-349
117000012,452,1294,-842
117000013,192,471,-279
117000014,269,1610,-1341
117000015,966,405,561
117000016,146,40,106
117000017,77,102,-25
117000018,29,252,-223
117000019,0,0,0
117000020,383,501,-118
117000021,1656,112,1544
117000022,132,36,96
117000023,126,50,76
117000024,234,101,133
117000025,392,524,-132
117000026,401,143,258
117000027,630,225,405
117000028,115,72,43
117000030,84,162,-78
117000032,754,808,-54
117000033,594,548,46
117000034,33,105,-72
117000036,66,60,6
117000038,16,96,-80
117000039,35,136,-101
117000040,47,1335,-1288
117000041,164,26,138
117000044,6,983,-977
117000045,61,15,46
117000046,165,542,-377
117000047,54,144,-90
117000048,1340,904,436
117000049,91,322,-231
117000050,57,2532,-2475
117000051,440,92,348
117000052,4,575,-571
117000053,38,50,-12
117000054,303,1,302
117000055,16,3116,-3100
117000056,133,4,129
117000057,443,1179,-736
117000060,191,1521,-1330
117000061,210,249,-39
117000062,76,331,-255
117000063,206,198,8
117000064,524,469,55
117000066,814,377,437
117000067,39,133,-94
117000074,38,32,6
117000076,20,29,-9
117000077,77,42,35
117000078,28,243,-215
117000079,37,45,-8
117000080,0,251,-251
117000081,139,52,87
117000082,12,25,-13
117000083,3,0,3
117000084,3,0,3
117000085,27,171,-144
117000086,236,507,-271
117000087,39,309,-270
117000088,45,33,12
117000089,416,127,289
117000090,74,1424,-1350
117000091,145,84,61
117000092,130,1658,-1528
117000093,168,194,-26
117000094,326,1972,-1646
117000095,451,251,200
117000096,281,2334,-2053
117000097,271,374,-103
117000098,1818,4843,-3025
117000099,539,290,249
117000100,35,71,-36
117000101,156,1045,-889
117000102,233,184,49
117000103,580,1493,-913
117000104,280,202,78
117000105,366,1612,-1246
117000106,133,168,-35
117000107,240,2043,-1803
117000108,252,210,42
117000109,962,2546,-1584
117000110,274,240,34
117000111,1027,1806,-779
117000112,691,814,-123
117000113,40,278,-238
117000114,8,47,-39
117000115,31,141,-110
117000116,12,100,-88
117000117,514,140,374
117000118,40,53,-13
117000119,76,23,53
117000120,63,9,54
117000121,21,79,-58
117000122,233,172,61
117000123,666,14,652
117000124,102,23,79
117000125,79,42,37
117000126,25,51,-26
117000127,57,248,-191
117000128,112,294,-182
117000129,38,3,35
117000130,0,0,0
117000131,0,9,-9
117000132,270,38,232
117000133,236,194,42
117000134,0,63,-63
117000135,0,30,-30
117000136,1,56,-55
117000137,15,20,-5
117000138,3,253,-250
117000140,193,1424,-1231
117000141,288,164,124
117000181,629,113,516
117000182,44,32,12
117000195,94,975,-881
117000196,25,20,5
117000225,20,0,20
117000226,0,17,-17
117000276,48,3,45
117000277,1,400,-399
117000310,1543,1303,240
117000315,4,148,-144
117000320,0,0,0
117000906,24,4,20
117000907,2,420,-418
117000908,27,6,21
117000909,35,11,24
117000910,82,70,12
117000911,69,118,-49
117000915,10,470,-460
117000916,6,1,5
117000917,128,9,119
117000918,5,11,-6
117000919,2,63,-61
117000920,10,1488,-1478
117000921,6,2139,-2133
117000922,0,1,-1
117000924,216,27,189
117000926,822,40,782
117000927,68,123,-55
117000928,0,249,-249
117000929,35,489,-454
117000930,24,10,14
117000931,247,33,214
117900002,105,199,-94
117900003,510,132,378
117900005,0,5,-5
117900006,0,16,-16
117900007,24,146,-122
117900008,0,40,-40
117900010,28,150,-122
117900011,1,13,-12
117900012,16,159,-143
117900013,1,231,-230
117900014,21,192,-171
117900015,4,186,-182
117900016,775,132,643
117900017,60,453,-393
117900018,72,9,63
117900019,47,519,-472
117900020,26,58,-32
117900021,7,111,-104
117900022,1,3,-2
117900023,440,22,418
117900024,14,168,-154
117900025,15,9,6
117900026,60,401,-341
117900028,3,2,1
117900029,69,795,-726
117900030,58,69,-11
117900031,15,10,5
117900032,84,98,-14
117900033,26,691,-665
117900034,4,11,-7
117900035,24,30,-6
117900036,50,572,-522
117900037,8,35,-27
117900038,7,386,-379
117900039,5,56,-51
117900040,63,487,-424
117900041,8,43,-35
117900042,3361,291,3070
117900043,15,22,-7
117900044,452,378,74
117900045,16,30,-14
117900048,72,222,-150
117900049,30,442,-412
117900050,1,14,-13
117900051,12,3,9
117900052,20,45,-25
117900053,319,595,-276
117900054,1,23,-22
117900055,58,30,28
117900056,101,3,98
117900057,463,758,-295
117900058,206,194,12
117900059,47,12,35
117900060,228,4208,-3980
117900061,2,53,-51
117900063,56,123,-67
117900065,322,686,-364
117900066,7,11,-4
117900067,65,266,-201
117900069,100,386,-286
117900070,38,1,37
117900071,8,74,-66
117900073,88,374,-286
117900074,22,1,21
117900075,2,36,-34
117900076,1,16,-15
117900077,31,20,11
117900078,90,166,-76
117900080,11,26,-15
117900081,249,284,-35
117900082,117,81,36
117900083,26,623,-597
117900086,29,21,8
117900087,3,27,-24
117900088,1803,1043,760
117900089,451,78,373
117900090,59,762,-703
117900091,82,48,34
117900092,1,48,-47
117900093,6,37,-31
117900094,5,2,3
117900095,29,477,-448
117900096,12,126,-114
117900097,11,31,-20
117900098,3,0,3
117900099,19,309,-290
117900100,4,0,4
117900101,213,381,-168
117900102,6,10,-4
117900103,3,0,3
117900104,4,66,-62
117900105,63,92,-29
117900106,5,14,-9
117900107,4,0,4
117900109,82,194,-112
117900110,9,0,9
117900111,41,0,41
117900112,15,10,5
117900113,2142,504,1638
117900114,14,13,1
117900115,42,11,31
117900116,427,429,-2
117900117,134,299,-165
117900118,3,0,3
117900119,21,309,-288
117900120,17,89,-72
117900121,4,16,-12
117900122,486,437,49
117900123,121,797,-676
117900124,175,320,-145
117900125,425,380,45
117900126,128,335,-207
117900127,144,503,-359
117900128,68,699,-631
117900129,8,0,8
117900130,173,164,9
117900131,0,58,-58
117900132,5,71,-66
117900133,2,118,-116
117900134,6,155,-149
117900135,2,231,-229
117900136,0,27,-27
117900137,9,273,-264
117900138,0,41,-41
117900139,14,70,-56
117900140,3543,52,3491
117900141,91,185,-94
117900142,15,1,14
117900144,34,23,11
117900145,10,3,7
117900146,55,23,32
117900147,7,17,-10
117900148,1514,442,1072
117900149,21,104,-83
117900150,8,164,-156
117900151,5,195,-190
117900152,17,65,-48
117900153,0,61,-61
117900154,35,400,-365
117900156,277,213,64
117900157,15,168,-153
117900158,26,10,16
117900160,186,180,6
117900161,1880,1539,341
117900162,56,129,-73
117900163,25,6,19
117900165,0,3,-3
117900166,17,47,-30
117900168,32,103,-71
117900169,1,88,-87
117900170,1,16,-15
117900171,0,14,-14
117900172,7,23,-16
117900173,150,36,114
117900174,23,37,-14
117900175,0,29,-29
117900176,5,29,-24
117900177,2,52,-50
117900178,41,21,20
117900180,192,19,173
117900181,107,56,51
117900182,3,9,-6
117900183,9,86,-77
117900184,1,17,-16
117900185,1,35,-34
117900186,3,19,-16
117900187,8,1,7
117900188,56,10,46
117900189,38,9,29
117900190,1,0,1
117900191,11,0,11
117900192,34,4,30
117900193,5,45,-40
117900194,1,2,-1
117900195,0,6,-6
117900196,0,8,-8
117900207,63,22,41
117900208,10,35,-25
117900209,34,47,-13
117900210,62,69,-7
117900211,15,126,-111
117900212,25,70,-45
117900213,1,4,-3
117900214,0,57,-57
117900216,0,0,0
117900217,16,29,-13
117900218,47,11,36
117900219,0,11,-11
117900220,5,9,-4
117900221,5,0,5
118000001,170,145,25
118000002,669,1056,-387
118000003,346,368,-22
118000004,1107,997,110
118000005,1743,755,988
118000006,5996,2333,3663
118000007,2419,1028,1391
118000008,2206,1431,775
118000009,937,1682,-745
118000010,2044,2130,-86
118000011,240,2004,-1764
118000012,367,1959,-1592
118000013,1950,1820,130
118000014,751,2178,-1427
118000016,146,354,-208
118000017,42,113,-71
118000018,130,482,-352
118000019,878,524,354
118000020,1107,664,443
118000021,501,870,-369
118000022,1338,239,1099
118000023,824,130,694
118000024,756,368,388
118000025,652,304,348
118000027,9742,1669,8073
118000029,804,216,588
118000032,728,572,156
118000033,1053,921,132
118000034,2833,1072,1761
118000035,489,707,-218
118000036,349,602,-253
118000037,214,523,-309
118000038,51,161,-110
118000039,26,172,-146
118000040,490,1616,-1126
118000041,640,852,-212
118000045,201,32,169
118000046,574,275,299
118000047,778,251,527
118000048,1481,438,1043
118000051,646,250,396
118000052,460,242,218
118000053,158,154,4
118000054,578,450,128
118000055,404,360,44
118000056,58,87,-29
118000057,88,109,-21
118000058,817,317,500
118000059,506,427,79
118000060,180,544,-364
118000061,237,632,-395
118000062,145,86,59
118000063,97,217,-120
118000064,397,571,-174
118000065,2333,522,1811
118000066,348,327,21
118000067,592,314,278
118000068,989,1453,-464
118000069,1436,580,856
118000070,4545,554,3991
118000071,1942,1724,218
118000072,769,555,214
118000073,852,187,665
118000074,91,148,-57
118000075,202,239,-37
118000076,363,492,-129
118000077,662,661,1
118000078,660,824,-164
118000079,138,202,-64
118000080,543,440,103
118000081,485,556,-71
118000082,164,422,-258
118000083,1645,579,1066
118000084,1449,638,811
118000086,72,277,-205
118000087,4356,1360,2996
118000088,811,863,-52
118000089,2688,1465,1223
118000090,1508,935,573
118000091,1295,747,548
118000092,952,217,735
118000093,60,330,-270
118000096,185,257,-72
118000097,168,264,-96
118000098,72,110,-38
118000099,151,696,-545
118000101,225,157,68
118000102,84,712,-628
118000107,2509,176,2333
118000108,44,113,-69
118000110,1,11,-10
118000111,3,636,-633
118000112,0,0,0
118000113,1,968,-967
118000114,0,0,0
118000115,0,0,0
118000116,4,2,2
118000117,499,584,-85
118000118,214,341,-127
118000119,188,470,-282
118000120,621,1046,-425
118000121,11,244,-233
118000122,292,114,178
118000123,10,158,-148
118000125,902,909,-7
118000126,195,795,-600
118000127,567,249,318
118000128,350,821,-471
118000129,147,108,39
118000130,2026,2982,-956
118000131,241,868,-627
118000132,556,471,85
118000133,138,221,-83
118000135,66,71,-5
118000136,38,389,-351
118000137,234,23,211
118000138,52,476,-424
118000139,62,70,-8
118000140,1090,1127,-37
118000141,561,905,-344
118000142,557,1303,-746
118000143,324,388,-64
118000144,697,490,207
118000145,675,1640,-965
118000146,395,1008,-613
118000147,285,1315,-1030
118000148,81,765,-684
118000149,259,630,-371
118000150,96,31,65
118000151,54,191,-137
118000153,147,509,-362
118000154,191,852,-661
118000155,198,540,-342
118000156,1240,1103,137
118000157,118,132,-14
118000158,30,248,-218
118000159,3,7,-4
118000160,73,139,-66
118000161,133,637,-504
118000162,261,417,-156
118000163,146,343,-197
118000164,878,649,229
118000168,1428,105,1323
118000169,526,1214,-688
118000170,1982,4165,-2183
118000171,23,130,-107
118000172,16,46,-30
118000173,241,621,-380
118000175,63,81,-18
118000176,39,110,-71
118000177,62,171,-109
118000178,12,19,-7
118000179,470,138,332
118000180,135,197,-62
118000181,343,198,145
118000182,142,149,-7
118000183,66,100,-34
118000184,81,419,-338
118000185,715,354,361
118000186,280,360,-80
118000187,252,676,-424
118000188,87,145,-58
118000189,78,615,-537
118000190,3,4,-1
118000191,10,18,-8
118000192,14,40,-26
118000193,10,86,-76
118000194,793,298,495
118000195,292,229,63
118000196,87,25,62
118000197,77,62,15
118000198,167,110,57
118000199,153,127,26
118000200,2,28,-26
118000201,187,178,9
118000202,10,7,3
118000203,533,148,385
118000204,134,78,56
118000205,158,58,100
118000206,46,86,-40
118000207,0,92,-92
118000208,384,716,-332
118000209,665,1170,-505
118000210,5,18,-13
118000211,2,23,-21
118000213,184,161,23
118000214,319,103,216
118000215,84,184,-100
118000216,5,488,-483
118000217,6,63,-57
118000218,17,44,-27
118000219,145,191,-46
118000220,0,17,-17
118000221,22,132,-110
118000222,74,12,62
118000223,1,16,-15
118000224,118,81,37
118000225,28,712,-684
118000226,33,18,15
118000227,395,87,308
118000228,73,43,30
118000229,15,1,14
118000230,18,195,-177
118000231,20,153,-133
118000232,194,652,-458
118000233,160,361,-201
118000234,63,264,-201
118000236,120,414,-294
118000237,6,447,-441
118000238,60,303,-243
118000239,67,134,-67
118000240,390,58,332
118000241,15,201,-186
118000242,102,539,-437
118000243,21,104,-83
118000244,10,131,-121
118000246,0,3,-3
118000255,9,114,-105
118000256,10,141,-131
118000259,5,24,-19
118000260,24,53,-29
118000261,8,111,-103
118000263,14,114,-100
118000266,60,370,-310
118000267,0,41,-41
118000268,18,17,1
118000270,4,26,-22
118000271,18,202,-184
118000272,14,10,4
118000273,10,93,-83
118000274,40,289,-249
118000276,80,234,-154
118000295,0,49,-49
118000298,73,270,-197
118000299,32,122,-90
118000301,0,40,-40
118000302,35,61,-26
118000311,28,91,-63
118000312,28,211,-183
118000313,15,150,-135
118000314,4,79,-75
118000315,14,29,-15
118000316,106,318,-212
118000325,4,68,-64
118000326,7,34,-27
118000331,10,56,-46
118000332,3,34,-31
118000333,0,69,-69
118000335,0,0,0
118000336,1,295,-294
118000407,13,43,-30
118000457,3,17,-14
118000465,1789,955,834
118000480,7,110,-103
118000489,5,28,-23
118000490,13,320,-307
118000492,20,83,-63
118000510,42,23,19
118000514,42,219,-177
118000515,55,83,-28
118000517,315,121,194
118000524,516,107,409
118000525,434,578,-144
118000530,6,71,-65
118000531,60,101,-41
118000532,32,232,-200
118000533,132,124,8
118000534,127,328,-201
118000535,37,59,-22
118000536,216,115,101
118000537,4,31,-27
118000538,5,124,-119
118000539,12,57,-45
118000540,42,254,-212
118000541,21,78,-57
118000542,8,80,-72
118000543,61,89,-28
118000546,5,18,-13
118000560,2545,239,2306
118000562,6,154,-148
118000563,772,541,231
118000576,43,216,-173
118000577,85,75,10
118000578,52,71,-19
118000579,414,536,-122
118000595,44,20,24
118000596,1,35,-34
118000597,40,107,-67
118000598,0,0,0
118000599,7,23,-16
118000600,0,37,-37
118000601,0,0,0
118000602,0,23,-23
118000603,0,11,-11
118900001,599,160,439
118900002,593,200,393
118900003,22,11,11
118900004,0,37,-37
118900005,8,0,8
118900006,0,0,0
118900007,6,5,1
118900008,589,25,564
118900009,5,6,-1
118900010,2,0,2
118900011,9,2,7
118900012,107,143,-36
118900013,90,9,81
118900015,37,8,29
118900016,1,6,-5
118900017,10,19,-9
118900018,231,1,230
118900019,34,4,30
118900020,14,29,-15
118900021,28,184,-156
118900022,51,71,-20
118900023,17,24,-7
118900024,3,52,-49
118900025,1,1,0
118900026,34,79,-45
118900027,65,48,17
118900028,24,86,-62
118900029,25,121,-96
118900030,6,3,3
118900031,69,86,-17
118900032,3,30,-27
118900033,55,221,-166
118900034,2,0,2
118900035,40,215,-175
118900036,219,374,-155
118900037,38,98,-60
118900038,69,324,-255
118900039,17,72,-55
118900040,82,117,-35
118900041,53,39,14
118900042,32,43,-11
118900045,45,96,-51
118900046,557,78,479
118900047,392,88,304
118900048,9,62,-53
118900049,7,7,0
118900050,1,134,-133
118900051,8,13,-5
118900052,15,98,-83
118900053,2,12,-10
118900054,13,21,-8
118900055,17,101,-84
118900056,1,19,-18
118900057,36,107,-71
118900058,40,230,-190
118900059,2,3,-1
118900060,5,71,-66
118900062,10,119,-109
118900064,272,55,217
118900065,14,50,-36
118900066,7,26,-19
118900067,5935,985,4950
118900068,0,21,-21
118900069,68,157,-89
118900071,0,24,-24
118900072,72,161,-89
118900073,34,62,-28
118900074,16,31,-15
118900075,6,33,-27
118900076,41,34,7
118900077,27,90,-63
118900078,8,3,5
118900079,20,60,-40
118900080,0,29,-29
118900081,11,3,8
118900082,91,49,42
118900083,1,14,-13
118900084,2,11,-9
118900085,166,509,-343
118900086,3,11,-8
118900087,29,51,-22
118900088,0,18,-18
118900089,4,3,1
118900090,107,285,-178
118900091,51,27,24
118900092,21,103,-82
118900093,26,3,23
118900096,12,8,4
118900097,85,668,-583
118900099,7,182,-175
118900100,27,99,-72
118900101,9,661,-652
118900102,2,38,-36
118900103,10,27,-17
118900104,27,142,-115
118900105,111,76,35
118900107,122,69,53
118900108,22,82,-60
118900109,406,27,379
118900110,186,106,80
118900111,43,293,-250
118900112,5,50,-45
118900113,5,395,-390
118900114,1,42,-41
118900115,31,210,-179
118900116,26,83,-57
118900117,23,123,-100
118900118,45,396,-351
118900119,13,221,-208
118900120,50,213,-163
118900121,0,189,-189
118900122,4,142,-138
118900123,52,156,-104
118900124,14,66,-52
118900126,1,97,-96
118900129,29,81,-52
118900130,4,22,-18
118900131,24,210,-186
118900132,46,109,-63
118900133,8,18,-10
118900135,22,135,-113
118900136,87,657,-570
118900137,0,4,-4
118900139,34,390,-356
118900140,73,716,-643
118900141,7,138,-131
118900144,14,759,-745
118900145,2,89,-87
118900146,97,481,-384
118900147,6,13,-7
118900148,5,17,-12
118900150,7,84,-77
118900152,68,593,-525
118900157,10,30,-20
118900158,4,27,-23
118900159,0,101,-101
118900161,1,0,1
118900163,115,32,83
118900164,3,57,-54
118900165,7,323,-316
118900166,23,2,21
118900167,14,208,-194
118900168,0,27,-27
118900169,53,445,-392
118900170,13,63,-50
118900171,2,11,-9
118900174,16,56,-40
118900175,32,245,-213
118900176,14,86,-72
118900177,5,33,-28
118900178,6,63,-57
118900179,1,32,-31
118900181,32,48,-16
118900182,15,20,-5
118900183,6,22,-16
118900184,42,9,33
118900185,14,78,-64
118900186,34,54,-20
118900187,54,144,-90
118900188,44,159,-115
118900189,3,129,-126
118900190,4,334,-330
118900191,26,9,17
118900192,4,4,0
118900193,9,1,8
118900195,45,458,-413
118900196,8,143,-135
118900197,6,25,-19
118900198,2,35,-33
118900199,4,63,-59
118900200,1,2,-1
118900201,3,5,-2
118900202,9,43,-34
118900203,1,61,-60
118900204,1,19,-18
118900205,2,15,-13
118900206,0,26,-26
119000001,418,439,-21
119000002,1521,1502,19
119000003,586,1316,-730
119000004,561,691,-130
119000005,512,801,-289
119000006,464,862,-398
119000007,819,1321,-502
119000008,768,1670,-902
119000009,2113,1246,867
119000010,5843,2740,3103
119000011,4797,946,3851
119000012,4927,1664,3263
119000013,1625,708,917
119000014,1261,1986,-725
119000019,53,149,-96
119000020,310,917,-607
119000021,1159,1125,34
119000022,1863,516,1347
119000023,46,78,-32
119000024,1340,2166,-826
119000025,10401,759,9642
119000026,217,109,108
119000027,408,177,231
119000028,983,643,340
119000029,71,120,-49
119000030,247,685,-438
119000031,243,436,-193
119000032,1308,1212,96
119000033,924,927,-3
119000034,451,747,-296
119000035,14,222,-208
119000036,334,760,-426
119000037,309,1695,-1386
119000038,82,823,-741
119000039,90,230,-140
119000040,523,188,335
119000041,597,460,137
119000048,2784,2717,67
119000049,530,2757,-2227
119000050,502,1196,-694
119000051,748,698,50
119000052,768,1571,-803
119000053,743,714,29
119000054,1025,2385,-1360
119000055,856,2213,-1357
119000056,577,1410,-833
119000057,509,1658,-1149
119000058,766,1410,-644
119000059,354,780,-426
119000060,278,465,-187
119000061,283,448,-165
119000062,430,936,-506
119000063,47,80,-33
119000064,464,876,-412
119000065,800,2348,-1548
119000066,465,397,68
119000067,777,1882,-1105
119000068,384,634,-250
119000069,445,1781,-1336
119000070,526,759,-233
119000071,297,548,-251
119000072,3686,2669,1017
119000073,2373,2866,-493
119000074,369,2785,-2416
119000075,312,1934,-1622
119000076,252,515,-263
119000077,266,267,-1
119000078,94,172,-78
119000079,25,255,-230
119000080,40,151,-111
119000081,46,180,-134
119000082,125,258,-133
119000083,129,240,-111
119000084,76,290,-214
119000085,155,89,66
119000086,112,270,-158
119000087,688,511,177
119000088,129,158,-29
119000089,38,74,-36
119000090,58,44,14
119000091,86,161,-75
119000092,216,51,165
119000093,2562,2352,210
119000094,903,2922,-2019
119000095,418,1889,-1471
119000097,2088,971,1117
119000098,281,779,-498
119000099,1149,1143,6
119000100,921,1247,-326
119000101,1514,1849,-335
119000102,345,282,63
119000103,596,285,311
119000104,2215,1088,1127
119000105,204,340,-136
119000106,86,1784,-1698
119000107,127,293,-166
119000108,72,1285,-1213
119000109,26,273,-247
119000110,219,373,-154
119000111,14,242,-228
119000112,142,155,-13
119000113,1747,215,1532
119000114,425,143,282
119000115,91,45,46
119000116,68,43,25
119000117,53,207,-154
119000118,2,3,-1
119000123,902,295,607
119000124,64,118,-54
119000125,503,706,-203
119000126,77,541,-464
119000127,115,820,-705
119000128,48,3,45
119000131,195,1014,-819
119000132,0,5,-5
119000133,0,1,-1
119000134,864,269,595
119000135,22,215,-193
119000136,40,274,-234
119000137,29,531,-502
119000138,49,349,-300
119000139,66,294,-228
119000140,36,104,-68
119000284,950,1519,-569
119000285,1906,1511,395
119000286,3952,2218,1734
119000287,594,1397,-803
119000288,615,1172,-557
119000289,878,2357,-1479
119000290,88,343,-255
119000291,14,185,-171
119000293,22,113,-91
119000294,20,14,6
119000295,1438,408,1030
119000296,38,106,-68
119000302,3291,855,2436
119000303,2,28,-26
119000314,1096,2416,-1320
119000315,0,602,-602
119000316,3,59,-56
119000317,7,420,-413
119900001,76,298,-222
119900002,18,107,-89
119900003,17,1079,-1062
119900004,205,119,86
119900005,18,108,-90
119900006,42,205,-163
119900007,103,30,73
119900008,3,15,-12
119900009,129,385,-256
119900010,459,821,-362
119900011,9,14,-5
119900012,10,17,-7
119900013,518,329,189
119900014,288,153,135
119900015,21,14,7
119900016,11,75,-64
119900017,3,15,-12
119900018,490,52,438
119900019,14,6,8
119900020,29,63,-34
119900021,17,15,2
119900022,26,107,-81
119900023,313,121,192
119900025,13,19,-6
119900026,543,40,503
119900027,0,15,-15
119900028,31,7,24
119900029,0,2,-2
119900030,88,196,-108
119900031,2,57,-55
119900033,1491,45,1446
119900034,32,162,-130
119900037,7,11,-4
119900038,6,30,-24
119900039,5,0,5
119900040,18,3,15
119900041,10,79,-69
119900042,8,76,-68
119900043,6,126,-120
119900044,101,115,-14
119900046,8,105,-97
119900047,28,27,1
119900048,1,51,-50
119900049,7,1,6
119900050,15,12,3
119900051,86,1,85
119900052,5,100,-95
119900053,60,131,-71
119900054,1,3,-2
119900055,223,135,88
119900057,20,113,-93
119900058,41,0,41
119900059,65,24,41
119900060,30,1,29
119900061,21,0,21
119900062,4,60,-56
119900063,2,16,-14
119900064,52,27,25
119900065,36,0,36
119900066,0,0,0
119900067,10,50,-40
119900068,60,0,60
119900069,7,3,4
119900070,99,3,96
119900071,44,0,44
119900072,12,351,-339
119900073,862,287,575
119900074,3,13,-10
119900075,4705,1122,3583
119900076,62,326,-264
119900077,61,1104,-1043
119900078,59,513,-454
119900079,12,206,-194
119900080,85,142,-57
119900081,3,63,-60
119900082,171,191,-20
119900083,2,37,-35
119900084,116,54,62
119900085,88,25,63
119900086,6,486,-480
119900087,76,91,-15
119900088,12,69,-57
119900089,2,554,-552
119900090,160,47,113
119900091,18,1064,-1046
119900092,0,443,-443
119900093,323,42,281
119900094,7,138,-131
119900095,74,54,20
119900096,15,100,-85
119900097,204,95,109
119900098,7,44,-37
119900099,6,312,-306
119900100,2184,679,1505
119900101,113,442,-329
119900102,12,341,-329
119900103,6,549,-543
119900104,9,234,-225
119900105,228,1198,-970
119900106,4,242,-238
119900107,169,2514,-2345
119900108,1162,576,586
119900109,8,130,-122
119900110,112,608,-496
119900111,17,303,-286
119900112,1921,296,1625
119900113,33,491,-458
119900114,32,1499,-1467
119900115,41,1094,-1053
119900116,14,156,-142
119900117,113,921,-808
119900118,10,1023,-1013
119900119,28,267,-239
119900120,372,614,-242
119900121,63,1311,-1248
119900122,114,317,-203
119900123,37,157,-120
119900124,20,971,-951
119900125,28,333,-305
119900126,5499,138,5361
119900127,1823,480,1343
119900128,32,665,-633
119900129,30,744,-714
119900130,44,186,-142
119900131,3,320,-317
119900132,4,333,-329
119900133,3,15,-12
119900134,1499,181,1318
119900135,2,375,-373
119900136,107,468,-361
119900138,224,486,-262
119900139,3,45,-42
119900140,0,92,-92
119900141,97,119,-22
119900142,0,10,-10
119900143,1,248,-247
119900144,1714,120,1594
119900145,25,219,-194
119900146,59,67,-8
119900147,1,55,-54
119900148,39,17,22
119900149,1139,855,284
119900150,72,160,-88
119900151,630,445,185
119900152,18,298,-280
119900153,12,22,-10
119900154,7,309,-302
119900155,5,19,-14
119900156,0,2,-2
119900157,6,193,-187
119900158,27,25,2
119900159,2,1670,-1668
119900160,5,263,-258
119900161,71,209,-138
119900162,199,260,-61
119900163,49,76,-27
119900164,0,2,-2
119900165,11,217,-206
119900166,16,16,0
119900167,30,133,-103
119900168,230,151,79
119900169,86,75,11
119900170,70,55,15
119900171,230,429,-199
119900172,42,7,35
119900173,16,584,-568
119900174,1,305,-304
119900175,153,304,-151
119900177,14,211,-197
119900178,0,206,-206
119900179,9,93,-84
119900180,166,235,-69
119900181,27,9,18
119900182,1,496,-495
119900183,71,966,-895
119900184,2459,381,2078
119900185,9,33,-24
119900186,15,74,-59
119900187,2,552,-550
119900188,12,220,-208
119900189,119,76,43
119900190,12,74,-62
119900191,63,68,-5
119900192,5,186,-181
119900193,40,81,-41
119900194,7,10,-3
119900195,12,283,-271
119900196,1614,294,1320
119900197,35,37,-2
119900198,34,442,-408
119900199,67,7,60
119900200,43,231,-188
119900201,285,231,54
119900202,61,31,30
119900203,21,87,-66
119900204,43,189,-146
119900205,53,264,-211
119900206,11,105,-94
119900208,20,40,-20
119900209,100,190,-90
119900210,7,11,-4
119900211,31,4,27
119900212,45,199,-154
119900213,2,33,-31
119900214,8,71,-63
119900215,13,101,-88
119900216,12,121,-109
119900217,5,75,-70
119900218,12,65,-53
119900219,3,130,-127
119900220,4,147,-143
119900221,7,452,-445
119900222,2,273,-271
119900223,25,98,-73
119900224,16,30,-14
119900225,1215,45,1170
119900226,776,366,410
119900227,1418,250,1168
119900228,14,204,-190
119900229,108,275,-167
119900230,727,400,327
119900231,7,89,-82
119900232,11,12,-1
119900233,3,0,3
119900234,0,15,-15
119900235,2,1,1
119900236,2,167,-165
119900237,23,447,-424
119900238,1,79,-78
119900240,15,133,-118
119900241,46,250,-204
119900242,1176,335,841
119900244,344,810,-466
119900245,22,90,-68
119900246,32,63,-31
119900247,3,9,-6
119900248,7,12,-5
119900249,33,18,15
119900253,2739,156,2583
119900254,9,55,-46
119900255,14,502,-488
119900256,27,1306,-1279
119900257,4,0,4
119900258,7,1,6
119900259,1,193,-192
119900260,11,2,9
119900261,33,119,-86
119900262,1,281,-280
119900263,537,342,195
119900264,13,233,-220
119900265,28,169,-141
119900266,61,195,-134
119900267,35,273,-238
119900268,12,296,-284
119900269,77,914,-837
119900271,21,74,-53
119900272,17,17,0
119900275,13,0,13
119900276,8,0,8
119900277,2,0,2
119900278,132,13,119
119900279,21,50,-29
119900280,604,203,401
119900281,0,56,-56
119900282,6,1,5
119900283,4,310,-306
119900284,11,122,-111
119900285,5,18,-13
119900286,3,7,-4
119900288,3,13,-10
119900289,0,33,-33
119900290,0,15,-15
119900291,6,46,-40
119900292,2,3,-1
119900293,8,23,-15
119900294,1,39,-38
119900295,0,20,-20
119900296,4,133,-129
119900297,0,23,-23
119900298,1,18,-17
119900299,5,292,-287
119900300,22,244,-222
119900301,18,9,9
119900302,4,22,-18
119900303,13,141,-128
119900304,10,10,0
119900305,6,56,-50
119900306,3,1,2
119900307,6,81,-75
119900308,0,1,-1
119900309,4,22,-18
119900310,107,273,-166
119900311,3,97,-94
119900312,2,48,-46
119900313,56,283,-227
119900314,22,93,-71
119900315,106,2482,-2376
119900318,4,7,-3
119900319,0,314,-314
119900320,8,635,-627
119900321,8,0,8
120000001,5154,3127,2027
120000002,1187,2425,-1238
120000003,2202,1564,638
120000004,1897,1890,7
120000005,3760,1770,1990
120000006,709,904,-195
120000007,1874,1405,469
120000008,561,1000,-439
120000009,4361,687,3674
120000010,711,3028,-2317
120000011,498,1724,-1226
120000012,1142,2597,-1455
120000013,800,2169,-1369
120000014,243,1056,-813
120000015,920,1142,-222
120000016,968,713,255
120000017,449,642,-193
120000018,2396,2781,-385
120000019,254,440,-186
120000020,988,1009,-21
120000021,785,907,-122
120000022,1735,1633,102
120000023,307,705,-398
120000024,630,1095,-465
120000025,681,1352,-671
120000026,243,1165,-922
120000027,496,928,-432
120000028,273,218,55
120000029,1528,291,1237
120000030,59,339,-280
120000031,1106,2123,-1017
120000032,8756,1889,6867
120000033,884,1153,-269
120000034,527,1721,-1194
120000035,762,1715,-953
120000036,1027,2149,-1122
120000037,196,359,-163
120000038,8520,2248,6272
120000039,187,805,-618
120000040,24,91,-67
120000041,194,1992,-1798
120000042,779,4873,-4094
120000043,2363,2375,-12
120000044,1179,968,211
120000045,1345,726,619
120000046,663,1062,-399
120000047,1516,1549,-33
120000048,7581,1749,5832
120000049,1117,1923,-806
120000050,1285,2855,-1570
120000051,3439,2500,939
120000052,14602,1694,12908
120000053,371,3650,-3279
120000054,1006,6246,-5240
120000055,517,3609,-3092
120000056,1846,4513,-2667
120000057,774,996,-222
120000058,121,127,-6
120000059,125,956,-831
120000061,34,480,-446
120000062,101,323,-222
120000063,1727,3450,-1723
120000064,157,1726,-1569
120000065,233,1738,-1505
120000066,50,433,-383
120000067,33,516,-483
120000068,73,1195,-1122
120000069,320,1565,-1245
120000070,18,972,-954
120000071,47,124,-77
120000072,91,379,-288
120000073,91,72,19
120000074,59,46,13
120000075,75,138,-63
120000076,278,181,97
120000077,379,192,187
120000078,2210,254,1956
120000079,14,16,-2
120000080,2,12,-10
120000081,18,21,-3
120000082,24,31,-7
120000083,20,35,-15
120000084,230,403,-173
120000085,166,268,-102
120000086,88,592,-504
120000087,51,1054,-1003
120000088,240,901,-661
120000089,229,129,100
120000090,61,161,-100
120000091,121,308,-187
120000092,163,165,-2
120000093,34,156,-122
120000094,16,115,-99
120000095,337,629,-292
120000096,111,1185,-1074
120000098,292,861,-569
120000099,80,497,-417
120000100,232,704,-472
120000101,113,369,-256
120000102,66,216,-150
120000103,154,183,-29
120000104,331,146,185
120000105,342,121,221
120000106,356,130,226
120000107,397,178,219
120000108,118,36,82
120000109,214,42,172
120000110,41,841,-800
120000111,42,1218,-1176
120000112,268,3567,-3299
120000113,263,2735,-2472
120000114,191,2095,-1904
120000115,141,1847,-1706
120000116,355,1678,-1323
120000117,886,1496,-610
120000118,5,1,4
120000119,22,16,6
120000120,13,11,2
120000121,3,31,-28
120000122,34,20,14
120000123,5435,760,4675
120000124,88,242,-154
120000125,90,457,-367
120000126,66,196,-130
120000127,285,190,95
120000128,1051,1037,14
120000129,55,81,-26
120000130,176,249,-73
120000131,81,333,-252
120000134,184,972,-788
120000135,32,260,-228
120000137,45,1875,-1830
120000138,82,481,-399
120000139,43,903,-860
120000140,74,653,-579
120000141,41,467,-426
120000142,68,568,-500
120000143,1,106,-105
120000144,7,0,7
120000145,32,4,28
120000146,918,261,657
120000149,206,883,-677
120000150,3582,3334,248
120000151,154,173,-19
120000152,103,228,-125
120000153,72,620,-548
120000154,196,252,-56
120000155,36,73,-37
120000156,691,143,548
120000157,293,399,-106
120000158,196,644,-448
120000159,1054,1727,-673
120000160,854,667,187
120000161,431,2228,-1797
120000162,20,89,-69
120000163,116,1097,-981
120000164,98,421,-323
120000165,99,964,-865
120000166,152,482,-330
120000167,2,12,-10
120000168,3,27,-24
120000169,91,69,22
120000170,141,39,102
120000171,33,12,21
120000172,11,17,-6
120000173,1091,22,1069
120000174,135,4,131
120000175,355,5,350
120000176,76,57,19
120000177,758,313,445
120000178,27,2,25
120000179,195,12,183
120000180,257,42,215
120000181,41,18,23
120000182,20,26,-6
120000183,0,54,-54
120000184,30,1128,-1098
120000186,3,23,-20
120000187,15,25,-10
120000188,85,17,68
120000190,418,1,417
120000191,794,3,791
120000192,965,1,964
120000193,322,0,322
120000195,36,0,36
120000196,101,17,84
120000197,41,53,-12
120000198,33,188,-155
120000199,5,0,5
120000200,10,0,10
120000201,5,4,1
120000202,0,58,-58
120000203,4,370,-366
120000207,1,99,-98
120000208,10,273,-263
120000209,2,92,-90
120000210,156,77,79
120000211,17,1,16
120000212,23,1,22
120000213,21,485,-464
120000214,1,440,-439
120000215,5,156,-151
120000216,34,3,31
120000217,707,1378,-671
120000218,220,1763,-1543
120000219,11,1113,-1102
120000220,23,3671,-3648
120000225,179,1,178
120000226,33,1,32
120000227,195,6,189
120000228,7809,910,6899
120000230,36,6,30
120000231,175,2107,-1932
120000233,36,9,27
120000235,78,616,-538
120000236,1,2,-1
120000237,6,2686,-2680
120000238,1,30,-29
120000241,364,770,-406
120000412,839,7,832
120000413,26,278,-252
120000414,9,0,9
120000415,1,165,-164
120000416,7,6,1
120000417,2,104,-102
120000418,10,2,8
120000419,2,400,-398
120000420,14,20,-6
120000421,13778,4769,9009
120000422,249,290,-41
120000423,0,41,-41
120000424,8,138,-130
120000436,52,131,-79
120000437,97,129,-32
120000438,4471,308,4163
120000439,24,100,-76
120000443,83,0,83
120000444,80,423,-343
120000445,327,449,-122
120000446,499,92,407
120000447,1,4,-3
120000449,6,3,3
120000450,2,322,-320
120000451,11,147,-136
120000452,5,0,5
120000453,0,355,-355
120000454,8,4,4
120000455,4,27,-23
120000456,3171,1515,1656
120000457,1275,764,511
120000458,298,611,-313
120000459,17,29,-12
120000665,327,63,264
120000668,53,80,-27
120000669,24,320,-296
120000670,141,286,-145
120000671,119,124,-5
120000672,40,331,-291
120900001,9,11,-2
120900002,37,156,-119
120900003,68,15,53
120900004,1,11,-10
120900005,3,1725,-1722
120900006,46,98,-52
120900007,32,143,-111
120900008,25,1083,-1058
120900009,34,11,23
120900010,75,21,54
120900011,148,43,105
120900012,880,282,598
120900013,47,16,31
120900014,2,729,-727
120900015,60,65,-5
120900016,91,40,51
120900017,2857,104,2753
120900018,28,433,-405
120900019,125,37,88
120900020,201,218,-17
120900021,95,18,77
120900022,10,344,-334
120900023,17,22,-5
120900024,956,292,664
120900025,1417,420,997
120900026,15,149,-134
120900027,225,54,171
120900028,30,16,14
120900029,18,89,-71
120900030,241,250,-9
120900031,26,7,19
120900032,178,106,72
120900033,160,4,156
120900034,7,601,-594
120900035,13,218,-205
120900037,17,1,16
120900038,21,35,-14
120900039,8,9,-1
120900040,20,0,20
120900041,41,12,29
120900042,31,41,-10
120900043,10,6,4
120900044,2,300,-298
120900045,45,199,-154
120900046,41,1,40
120900047,5,6,-1
120900048,12,7,5
120900049,48,0,48
120900050,3132,333,2799
120900051,58,92,-34
120900052,72,2,70
120900053,12,29,-17
120900054,761,540,221
120900055,51,5,46
120900056,45,2,43
120900057,10,7,3
120900058,66,0,66
120900059,7,0,7
120900060,5,18,-13
120900061,99,232,-133
120900062,30,0,30
120900063,68,2,66
120900064,59,0,59
120900065,47,0,47
120900066,28,199,-171
120900067,17,8,9
120900068,16,0,16
120900069,24,78,-54
120900071,6,0,6
120900072,104,4,100
120900073,43,214,-171
120900074,57,1,56
120900076,39,2,37
120900077,2907,173,2734
120900078,75,823,-748
120900079,76,92,-16
120900080,57,2839,-2782
120900081,91,716,-625
120900082,383,146,237
120900083,66,57,9
120900084,31,71,-40
120900085,53,42,11
120900086,85,56,29
120900087,65,21,44
120900088,71,83,-12
120900089,4709,403,4306
120900090,8,176,-168
120900091,134,76,58
120900092,244,558,-314
120900093,4453,233,4220
120900094,307,198,109
120900095,39,12,27
120900096,19,70,-51
120900097,373,1203,-830
120900098,208,161,47
120900099,19,101,-82
120900100,22,407,-385
120900101,132,320,-188
120900102,6,98,-92
120900103,14,96,-82
120900104,9,62,-53
120900105,12,882,-870
120900106,863,594,269
120900107,438,161,277
120900108,2,1005,-1003
120900109,7,889,-882
120900110,4,266,-262
120900111,75,371,-296
120900112,7,1620,-1613
120900113,4,923,-919
120900114,11,265,-254
120900115,60,73,-13
120900116,20,642,-622
120900117,1,645,-644
120900118,2,824,-822
120900119,2803,1664,1139
120900120,29,745,-716
120900121,65,429,-364
120900122,57,678,-621
120900123,2,546,-544
120900124,2,676,-674
120900125,4,1038,-1034
120900126,655,577,78
120900127,7,632,-625
120900128,622,761,-139
120900129,27,456,-429
120900130,1,346,-345
120900131,7,55,-48
120900132,96,412,-316
120900133,151,1048,-897
120900134,132,459,-327
120900135,6,780,-774
120900136,2,12,-10
120900137,21,105,-84
120900138,1,235,-234
120900139,4,924,-920
120900140,1,33,-32
120900141,23,73,-50
120900142,17,869,-852
120900143,5,1187,-1182
120900144,2,288,-286
120900145,23,871,-848
120900146,4,1166,-1162
120900147,1,191,-190
120900148,14,42,-28
120900149,2,410,-408
120900150,5,539,-534
120900151,3,657,-654
120900152,0,75,-75
120900153,3,66,-63
120900154,0,336,-336
120900155,37,1170,-1133
120900156,4,449,-445
120900157,7,178,-171
120900158,10,590,-580
120900159,8,318,-310
120900160,47,372,-325
120900161,3,1260,-1257
120900162,5,1293,-1288
120900163,2,47,-45
120900164,0,0,0
120900165,0,0,0
120900166,5,29,-24
120900167,46,62,-16
120900169,14,529,-515
120900170,1958,551,1407
120900171,1268,146,1122
120900172,529,34,495
120900173,0,41,-41
120900174,6,142,-136
120900175,236,142,94
120900176,2,81,-79
120900177,0,147,-147
120900178,0,94,-94
120900179,313,346,-33
120900180,36,37,-1
120900181,27,48,-21
120900182,20,193,-173
120900183,349,62,287
120900184,76,90,-14
120900185,1,327,-326
120900186,2,525,-523
120900187,54,208,-154
120900188,12,4,8
120900189,41,88,-47
120900190,5,10,-5
120900191,0,13,-13
120900192,13086,825,12261
120900194,12,71,-59
120900195,46,356,-310
120900196,135,16,119
120900197,96,26,70
120900198,107,592,-485
120900199,94,1270,-1176
120900200,97,30,67
120900201,561,141,420
120900202,0,266,-266
120900203,6,26,-20
120900204,336,388,-52
120900205,34,75,-41
120900206,6,6,0
121000001,529,859,-330
121000002,719,564,155
121000003,3658,1594,2064
121000004,1651,1170,481
121000005,1310,1810,-500
121000006,1496,595,901
121000007,2147,2301,-154
121000008,2042,1059,983
121000009,6983,3201,3782
121000010,5655,1577,4078
121000011,13451,5828,7623
121000012,14397,3077,11320
121000013,5372,4023,1349
121000014,5795,3500,2295
121000015,3007,3814,-807
121000016,2714,2697,17
121000017,897,2396,-1499
121000018,1182,1030,152
121000019,9647,3808,5839
121000020,6729,3302,3427
121000021,1208,1831,-623
121000022,782,904,-122
121000023,1922,1991,-69
121000024,1142,1863,-721
121000025,468,325,143
121000026,102,51,51
121000027,1162,475,687
121000028,397,290,107
121000029,173,400,-227
121000030,36,74,-38
121000031,229,440,-211
121000032,80,47,33
121000034,8,13,-5
121000035,24,53,-29
121000036,253,293,-40
121000037,147,380,-233
121000038,210,277,-67
121000039,181,104,77
121000041,93,284,-191
121000042,84,157,-73
121000043,364,304,60
121000044,648,250,398
121000045,150,286,-136
121000046,66,146,-80
121000047,11,54,-43
121000049,1181,519,662
121000050,119,556,-437
121000051,161,180,-19
121000052,111,304,-193
121000053,106,3,103
121000054,17,112,-95
121000055,1339,695,644
121000056,427,536,-109
121000057,80,139,-59
121000058,267,79,188
121000059,706,320,386
121000060,198,260,-62
121000061,34,58,-24
121000062,43,64,-21
121000063,268,284,-16
121000064,104,170,-66
121000065,154,201,-47
121000066,216,198,18
121000067,563,163,400
121000068,138,93,45
121000069,217,100,117
121000070,448,665,-217
121000071,233,386,-153
121000072,575,420,155
121000073,310,566,-256
121000074,84,131,-47
121000075,49,19,30
121000076,748,246,502
121000077,26,11,15
121000078,58,53,5
121000080,1913,302,1611
121000081,711,622,89
121000082,86,165,-79
121000083,77,34,43
121000084,126,61,65
121000085,268,329,-61
121000086,125,353,-228
121000087,24,118,-94
121000088,128,307,-179
121000089,118,150,-32
121000090,136,180,-44
121000091,1736,482,1254
121000092,79,51,28
121000093,48,144,-96
121000094,252,148,104
121000095,108,158,-50
121000096,2144,1340,804
121000097,1548,951,597
121000098,141,732,-591
121000099,156,586,-430
121000100,99,390,-291
121000101,11,42,-31
121000102,46,329,-283
121000103,9,37,-28
121000104,44,118,-74
121000105,68,213,-145
121000106,17,39,-22
121000107,1302,2559,-1257
121000109,1279,726,553
121000110,158,320,-162
121000114,1682,1545,137
121000115,684,455,229
121000116,365,541,-176
121000117,835,169,666
121000118,605,179,426
121000119,79,204,-125
121000120,125,262,-137
121000121,75,251,-176
121000123,318,221,97
121000126,69,174,-105
121000127,55,72,-17
121000128,116,388,-272
121000129,189,281,-92
121000130,147,667,-520
121000131,372,360,12
121000132,340,401,-61
121000135,264,246,18
121000136,709,196,513
121000137,219,61,158
121000138,302,256,46
121000139,300,60,240
121000141,47,81,-34
121000142,526,266,260
121000143,77,10,67
121000144,448,561,-113
121000145,167,748,-581
121000146,359,552,-193
121000147,281,300,-19
121000148,203,555,-352
121000149,638,764,-126
121000152,117,246,-129
121000153,1285,324,961
121000154,497,269,228
121000155,598,451,147
121000156,312,489,-177
121000157,1416,753,663
121000158,279,386,-107
121000159,95,530,-435
121000160,130,667,-537
121000161,38,290,-252
121000162,13,212,-199
121000165,909,488,421
121000166,21,178,-157
121000168,58,165,-107
121000169,12,166,-154
121000170,50,37,13
121000171,76,130,-54
121000172,194,350,-156
121000173,1014,426,588
121000174,95,320,-225
121000175,154,302,-148
121000176,164,152,12
121000177,203,412,-209
121000178,18,57,-39
121000179,38,63,-25
121000181,127,195,-68
121000182,29,94,-65
121000183,33,20,13
121000184,5,32,-27
121000185,8,114,-106
121000186,74,210,-136
121000187,89,207,-118
121000188,62,163,-101
121000192,215,249,-34
121000193,229,186,43
121000194,1703,1446,257
121000195,192,602,-410
121000196,180,90,90
121000197,64,578,-514
121000198,40,78,-38
121000199,36,562,-526
121000200,119,68,51
121000201,4,223,-219
121000202,39,4,35
121000203,149,1703,-1554
121000204,343,193,150
121000205,52,347,-295
121000206,52,80,-28
121000207,261,272,-11
121000208,1,350,-349
121000209,38,483,-445
121000210,95,551,-456
121000211,31,65,-34
121000212,120,625,-505
121000213,4937,1029,3908
121000214,365,406,-41
121000215,930,458,472
121000216,195,255,-60
121000217,1682,759,923
121000218,224,1426,-1202
121000219,372,216,156
121000220,198,53,145
121000221,69,158,-89
121000222,1506,1995,-489
121000223,128,294,-166
121000224,56,21,35
121000225,502,412,90
121000226,607,214,393
121000227,2,142,-140
121000228,10,840,-830
121000229,24,392,-368
121000230,46,1713,-1667
121000231,0,0,0
121000232,106,42,64
121000233,141,229,-88
121000234,3,19,-16
121000235,6,4,2
121000236,1,32,-31
121000237,2,2,0
121000238,0,71,-71
121000239,1,2,-1
121000240,1,138,-137
121000241,13,6,7
121000242,2,114,-112
121000243,9,2,7
121000244,0,54,-54
121000245,3,1,2
121000246,0,61,-61
121000247,5,0,5
121000248,39,245,-206
121000249,15,155,-140
121000250,76,40,36
121000251,12,407,-395
121000252,8,13,-5
121000253,52,484,-432
121000254,165,131,34
121000255,60,100,-40
121000256,29,121,-92
121000257,21,54,-33
121000258,20,37,-17
121000259,11,30,-19
121000260,10,99,-89
121000261,20,16,4
121000262,820,292,528
121000263,249,340,-91
121000271,194,1020,-826
121000273,29,15,14
121000274,0,22,-22
121000275,2,11,-9
121000276,0,8,-8
121000278,2,25,-23
121000279,5,4,1
121000280,2,42,-40
121000289,25,5,20
121000290,484,397,87
121000294,19,175,-156
121000297,377,246,131
121000299,115,150,-35
121000300,560,268,292
121000302,56,168,-112
121000303,148,142,6
121000304,44,2,42
121000305,19,8,11
121000306,9,21,-12
121000308,73,255,-182
121000309,163,406,-243
121000310,39,292,-253
121000311,65,496,-431
121000312,83,38,45
121000313,447,209,238
121000314,57,34,23
121000315,38,19,19
121000530,390,989,-599
121000531,404,958,-554
121000532,3453,1667,1786
121000533,1021,1017,4
121000918,3,233,-230
121000919,1,8,-7
121000938,79,50,29
121000939,118,30,88
121000956,173,1114,-941
121000957,2,14,-12
121000958,24,71,-47
121000959,88,767,-679
121000960,203,1554,-1351
121000961,56,5,51
121000962,135,355,-220
121000973,3,158,-155
121000976,0,43,-43
121000979,8,5,3
121000981,60,5,55
121000982,21,50,-29
121000983,63,242,-179
121000984,2,10,-8
121000985,102,494,-392
121000986,21,330,-309
121000987,86,1577,-1491
121000988,205,86,119
121001302,153,63,90
121001308,7,8,-1
121001309,15,92,-77
121001313,12,353,-341
121001314,4170,2521,1649
121001315,2959,1113,1846
121900001,31,105,-74
121900002,2,17,-15
121900003,3,2,1
121900004,8,137,-129
121900005,0,4,-4
121900006,5,0,5
121900007,14,178,-164
121900008,82,3,79
121900009,0,0,0
121900010,22,0,22
121900011,41,96,-55
121900012,0,0,0
121900013,54,1,53
121900014,105,41,64
121900015,2,9,-7
121900016,0,0,0
121900017,17,43,-26
121900018,28,0,28
121900019,41,68,-27
121900020,1,0,1
121900021,79,0,79
121900022,12,9,3
121900023,4,26,-22
121900024,168,11,157
121900025,50,45,5
121900026,13,5,8
121900027,23,18,5
121900028,35,0,35
121900029,0,15,-15
121900030,67,98,-31
121900031,115,507,-392
121900032,21,21,0
121900033,16,23,-7
121900034,20,11,9
121900035,351,157,194
121900036,2,25,-23
121900037,7,134,-127
121900038,0,46,-46
121900039,18,1,17
121900040,0,8,-8
121900041,17,20,-3
121900042,22,17,5
121900043,0,1,-1
121900044,142,21,121
121900045,14,53,-39
121900046,10,17,-7
121900047,20,5,15
121900048,4,35,-31
121900050,0,3,-3
121900051,14,35,-21
121900052,2,14,-12
121900053,40,44,-4
121900054,49,130,-81
121900055,0,1,-1
121900058,11,82,-71
121900059,11,11,0
121900060,11,54,-43
121900061,21,32,-11
121900062,0,2,-2
121900063,50,59,-9
121900064,14,131,-117
121900066,1,2,-1
121900067,0,0,0
121900069,115,72,43
121900070,19,30,-11
121900071,24,42,-18
121900072,0,58,-58
121900073,27,28,-1
121900074,25,37,-12
121900075,42,31,11
121900076,14,99,-85
121900077,0,16,-16
121900078,0,2,-2
121900079,0,0,0
121900080,65,93,-28
121900082,1,69,-68
121900084,0,123,-123
121900085,0,14,-14
121900086,0,3,-3
121900087,56,15,41
121900088,583,600,-17
121900089,2,74,-72
121900090,0,83,-83
121900091,0,43,-43
121900092,2,12,-10
121900093,6,18,-12
121900094,6,0,6
121900095,19,25,-6
121900096,180,17,163
121900097,11,14,-3
121900098,0,1,-1
121900099,3,6,-3
121900100,3,16,-13
121900101,17,32,-15
121900102,3,13,-10
121900103,26,12,14
121900104,107,55,52
121900105,1,11,-10
121900106,0,0,0
121900107,0,3,-3
121900108,0,0,0
121900109,51,22,29
121900110,29,446,-417
121900111,232,45,187
121900112,4,7,-3
121900113,2,15,-13
121900114,0,0,0
121900115,12,52,-40
121900117,5,6,-1
121900118,604,73,531
121900119,9,68,-59
121900120,2,473,-471
121900121,0,0,0
121900122,0,0,0
121900123,25,71,-46
121900124,13,62,-49
121900125,285,317,-32
121900127,1,17,-16
121900128,10,79,-69
121900129,710,50,660
121900130,8,35,-27
121900131,30,33,-3
121900132,3,40,-37
121900133,1,4,-3
121900134,0,33,-33
121900135,441,41,400
121900136,4,153,-149
121900137,12,52,-40
121900138,12,41,-29
121900139,126,94,32
121900140,0,19,-19
121900141,2,1,1
121900142,1,9,-8
121900143,0,16,-16
121900144,270,223,47
121900145,13,25,-12
121900146,60,199,-139
121900147,14,119,-105
121900148,16,75,-59
121900149,94,204,-110
121900150,24,122,-98
121900151,34,54,-20
121900152,17,28,-11
121900153,3,73,-70
121900154,4,36,-32
121900155,0,28,-28
121900156,67,56,11
121900157,1,102,-101
121900158,25,37,-12
121900159,0,59,-59
121900160,0,103,-103
121900161,84,67,17
121900162,25,42,-17
121900163,6,360,-354
121900164,39,42,-3
121900165,18,47,-29
121900166,9,58,-49
121900167,16,16,0
121900168,31,41,-10
121900169,2,228,-226
121900170,1,47,-46
121900171,46,108,-62
121900172,37,91,-54
121900173,88,27,61
121900174,0,2,-2
121900175,2,49,-47
121900176,161,1029,-868
121900177,20,18,2
121900179,14,23,-9
121900180,4299,984,3315
121900182,32,76,-44
121900183,59,56,3
121900184,2,138,-136
121900185,14,6,8
121900186,0,190,-190
121900187,3,44,-41
121900188,192,48,144
121900189,6,36,-30
121900190,45,101,-56
121900191,2,8,-6
121900192,234,81,153
121900194,0,80,-80
121900195,8,23,-15
121900196,47,147,-100
121900197,114,1077,-963
121900198,388,51,337
121900199,1,14,-13
121900200,17,23,-6
121900201,118,81,37
121900202,22,84,-62
121900203,31,39,-8
121900204,225,76,149
121900205,0,50,-50
121900206,3,7,-4
121900207,17,11,6
121900208,16,54,-38
121900209,10,7,3
121900210,20,56,-36
121900211,0,41,-41
121900212,4,24,-20
121900213,1,20,-19
121900214,1,129,-128
121900215,2,38,-36
121900216,5,19,-14
121900217,17,10,7
121900218,8,18,-10
121900219,41,19,22
121900220,18,2,16
121900221,50,130,-80
121900222,2,22,-20
121900223,2,5,-3
121900224,3,7,-4
121900225,1,5,-4
121900226,10,346,-336
121900227,14,54,-40
121900228,30,34,-4
121900229,43,100,-57
121900230,18,9,9
121900231,86,35,51
121900232,47,50,-3
121900233,81,66,15
121900234,20,57,-37
121900235,22,30,-8
121900236,15,28,-13
121900237,75,120,-45
121900238,33,58,-25
121900239,11,10,1
121900240,28,42,-14
121900241,1,9,-8
121900242,0,0,0
121900243,0,0,0
121900244,0,0,0
121900245,42,34,8
121900246,5,3,2
121900247,49,69,-20
121900248,163,135,28
121900250,47,53,-6
121900251,13,3,10
121900252,289,24,265
121900253,21,242,-221
121900254,129,64,65
121900255,12,11,1
121900258,206,51,155
121900259,34,28,6
121900260,4,76,-72
121900261,19,80,-61
121900262,59,123,-64
121900263,15,56,-41
121900264,626,308,318
121900265,20,103,-83
121900266,18,39,-21
121900267,0,0,0
121900269,6,43,-37
121900270,6,55,-49
121900271,4,47,-43
121900273,95,224,-129
121900274,13,68,-55
121900276,29,22,7
121900277,53,727,-674
121900278,19,353,-334
121900279,47,157,-110
121900280,21,121,-100
121900281,197,12,185
121900284,9,1,8
121900286,7,117,-110
121900287,1,4,-3
121900290,40,85,-45
121900291,86,192,-106
121900292,23,26,-3
121900293,435,1755,-1320
121900294,63,0,63
121900295,8,70,-62
121900296,0,3,-3
121900298,11,87,-76
121900299,0,0,0
121900300,0,0,0
121900301,1,0,1
121900302,0,13,-13
121900303,32,70,-38
121900304,0,0,0
121900305,0,0,0
121900306,0,0,0
121900307,0,3,-3
121900308,2,191,-189
121900309,2,165,-163
121900310,3,342,-339
121900311,10,1,9
121900312,11,0,11
121900313,25,1,24
121900314,0,49,-49
121900315,0,0,0
121900316,0,3,-3
121900317,0,0,0
121900318,0,10,-10
121900319,0,0,0
121900320,11,26,-15
121900321,0,0,0
121900322,0,11,-11
121900323,1,1,0
121900324,0,0,0
121900325,0,0,0
121900326,0,2,-2
121900327,0,8,-8
121900328,0,7,-7
121900329,0,71,-71
121900330,0,5,-5
121900331,35,3,32
121900332,1,1,0
122000001,1171,1279,-108
122000002,2072,566,1506
122000003,851,535,316
122000004,1241,445,796
122000005,1123,448,675
122000006,816,173,643
122000007,459,417,42
122000008,2832,1286,1546
122000009,394,84,310
122000010,1276,1435,-159
122000011,1541,457,1084
122000012,474,627,-153
122000013,574,543,31
122000014,684,612,72
122000015,534,464,70
122000016,196,370,-174
122000017,617,585,32
122000018,615,772,-157
122000019,378,956,-578
122000020,100,84,16
122000021,438,188,250
122000022,400,364,36
122000023,149,715,-566
122000024,374,483,-109
122000025,601,558,43
122000026,941,370,571
122000027,269,1476,-1207
122000028,362,166,196
122000029,101,134,-33
122000030,223,46,177
122000031,69,76,-7
122000032,424,862,-438
122000033,237,297,-60
122000034,197,233,-36
122000035,188,283,-95
122000036,164,364,-200
122000037,177,134,43
122000038,108,186,-78
122000039,224,190,34
122000040,188,92,96
122000041,204,304,-100
122000042,82,205,-123
122000043,63,33,30
122000044,29,71,-42
122000045,545,299,246
122000046,236,442,-206
122000047,143,73,70
122000048,1165,1281,-116
122000049,2199,1023,1176
122000050,615,356,259
122000051,107,147,-40
122000052,154,84,70
122000053,34,217,-183
122000054,1011,809,202
122000055,677,1014,-337
122000056,1832,1202,630
122000057,1935,1183,752
122000058,1648,771,877
122000059,1902,1028,874
122000060,507,301,206
122000061,220,110,110
122000062,520,134,386
122000063,177,198,-21
122000064,1638,1740,-102
122000065,2086,1593,493
122000066,473,594,-121
122000067,480,624,-144
122000068,287,451,-164
122000069,284,437,-153
122000070,169,662,-493
122000071,310,515,-205
122000072,136,164,-28
122000073,146,206,-60
122000074,431,384,47
122000075,157,306,-149
122000076,503,452,51
122000077,403,336,67
122000078,1372,1282,90
122000079,387,291,96
122000080,185,152,33
122000081,56,79,-23
122000082,320,300,20
122000083,444,1253,-809
122000084,435,469,-34
122000085,98,893,-795
122000086,1110,1114,-4
122000087,164,93,71
122000088,119,95,24
122000089,2477,1185,1292
122000090,131,244,-113
122000091,111,42,69
122000092,46,4,42
122000093,619,898,-279
122000094,3234,895,2339
122000095,1636,551,1085
122000096,884,250,634
122000098,1091,846,245
122000099,636,446,190
122000100,366,248,118
122000101,67,231,-164
122000102,991,668,323
122000103,405,699,-294
122000104,84,120,-36
122000105,83,140,-57
122000106,230,221,9
122000107,201,209,-8
122000108,220,374,-154
122000109,60,97,-37
122000110,146,210,-64
122000111,1438,545,893
122000112,293,533,-240
122000113,168,394,-226
122000114,1230,1118,112
122000115,1088,674,414
122000116,210,206,4
122000117,385,134,251
122000118,175,195,-20
122000119,1574,882,692
122000120,1457,1537,-80
122000121,1927,1246,681
122000122,358,653,-295
122000123,710,384,326
122000124,297,149,148
122000125,230,364,-134
122000126,219,418,-199
122000127,616,525,91
122000128,230,522,-292
122000129,119,95,24
122000130,819,222,597
122000131,820,210,610
122000132,550,263,287
122000133,458,1595,-1137
122000134,184,256,-72
122000135,317,645,-328
122000136,84,70,14
122000137,258,304,-46
122000139,521,990,-469
122000140,542,215,327
122000141,3116,457,2659
122000142,122,389,-267
122000143,246,85,161
122000144,774,425,349
122000145,410,308,102
122000146,118,313,-195
122000147,244,125,119
122000148,1134,476,658
122000149,838,335,503
122000150,530,268,262
122000151,126,204,-78
122000152,177,184,-7
122000153,69,43,26
122000154,81,27,54
122000155,677,704,-27
122000156,1671,1223,448
122000157,919,790,129
122000158,89,314,-225
122000159,436,824,-388
122000160,1804,313,1491
122000161,381,191,190
122000162,659,418,241
122000163,329,59,270
122000164,26,89,-63
122000165,315,262,53
122000166,330,391,-61
122000167,133,183,-50
122000168,79,299,-220
122000169,216,104,112
122000170,101,221,-120
122000171,22,72,-50
122000172,577,619,-42
122000173,617,787,-170
122000174,721,474,247
122000175,620,218,402
122000176,147,285,-138
122000177,761,1035,-274
122000178,1455,521,934
122000179,1315,974,341
122000180,827,549,278
122000181,1067,1127,-60
122000182,1736,246,1490
122000183,781,124,657
122000184,3324,972,2352
122000185,974,774,200
122000186,379,386,-7
122000187,353,525,-172
122000188,224,118,106
122000189,79,59,20
122000190,144,505,-361
122000191,303,158,145
122000192,302,64,238
122000193,68,204,-136
122000194,214,62,152
122000195,49,257,-208
122000196,472,236,236
122000197,126,72,54
122000198,209,672,-463
122000199,152,105,47
122000200,481,118,363
122000201,858,1288,-430
122000202,583,769,-186
122000203,1080,842,238
122000204,599,1162,-563
122000205,615,528,87
122000206,920,335,585
122000207,369,546,-177
122000208,565,687,-122
122000209,670,87,583
122000210,478,1533,-1055
122000211,410,887,-477
122000212,182,201,-19
122000213,389,418,-29
122000214,565,559,6
122000215,539,516,23
122000217,819,922,-103
122000218,30,6,24
122000219,1173,774,399
122000220,151,632,-481
122000221,80,271,-191
122000222,291,36,255
122000223,392,436,-44
122000225,263,125,138
122000226,418,1421,-1003
122000227,105,816,-711
122000228,138,310,-172
122000229,10,237,-227
122000230,40,551,-511
122000231,81,410,-329
122000232,158,281,-123
122000233,0,15,-15
122000234,22,139,-117
122000235,149,154,-5
122000236,202,126,76
122000237,21,46,-25
122000238,30,43,-13
122000239,77,40,37
122000240,157,98,59
122000241,45,57,-12
122000242,85,32,53
122000243,5,19,-14
122000244,4,203,-199
122000245,3,47,-44
122000246,1,10,-9
122000247,237,231,6
122000248,633,1127,-494
122000249,71,207,-136
122000250,526,133,393
122000251,149,214,-65
122000252,274,35,239
122000253,16,217,-201
122000254,46,31,15
122000255,301,970,-669
122000256,223,1051,-828
122000257,85,340,-255
122000258,64,153,-89
122000259,5,553,-548
122000260,11,107,-96
122000261,0,71,-71
122000262,1,27,-26
122000263,29,82,-53
122000264,25,78,-53
122000265,258,135,123
122000266,839,93,746
122000267,23,40,-17
122000268,32,187,-155
122000269,189,167,22
122000270,122,78,44
122000271,162,859,-697
122000272,117,793,-676
122000273,144,412,-268
122000274,26,122,-96
122000275,11,90,-79
122000276,60,305,-245
122000277,211,578,-367
122000278,168,636,-468
122000279,35,323,-288
122000280,325,534,-209
122000281,169,560,-391
122000282,46,71,-25
122000283,360,34,326
122000284,28,49,-21
122000285,163,57,106
122000286,86,90,-4
122000287,256,456,-200
122000288,98,93,5
122000291,278,149,129
122000293,314,197,117
122000294,37,49,-12
122000295,350,52,298
122000296,16,183,-167
122000297,1818,771,1047
122000299,113,315,-202
122000300,99,241,-142
122000301,8941,760,8181
122000302,486,423,63
122000303,3460,592,2868
122000304,4,89,-85
122000305,455,110,345
122000306,13,772,-759
122000307,58,80,-22
122000309,17,52,-35
122000310,3,8,-5
122000311,29,23,6
122000312,39,13,26
122000313,5,16,-11
122000314,30,94,-64
122000315,30,4,26
122000316,87,106,-19
122000317,275,73,202
122000318,57,118,-61
122000319,166,357,-191
122000320,191,2191,-2000
122000321,22,256,-234
122000322,1177,662,515
122000323,808,482,326
122000324,621,493,128
122000325,254,406,-152
122000326,2,29,-27
122000327,72,256,-184
122000328,399,632,-233
122000330,823,249,574
122000332,118,299,-181
122000333,6,134,-128
122000337,237,1598,-1361
122000338,53,356,-303
122000340,111,140,-29
122000342,1249,720,529
122000343,51,123,-72
122000344,5,2,3
122000345,8,46,-38
122000346,126,99,27
122000348,151,546,-395
122000349,52,274,-222
122000351,5,60,-55
122000352,139,23,116
122000353,12,98,-86
122000355,38,70,-32
122000356,688,426,262
122000357,12,9,3
122000358,1,39,-38
122000359,0,30,-30
122000360,0,27,-27
122000362,2,109,-107
122000364,14,279,-265
122000365,0,3,-3
122000366,6,3,3
122000368,155,363,-208
122000370,3,61,-58
122000371,0,0,0
122000372,0,1,-1
122000381,6,159,-153
122000382,23,179,-156
122000384,1653,871,782
122000385,3,0,3
122000386,51,262,-211
122000387,119,405,-286
122000388,245,189,56
122000389,135,555,-420
122000390,73,81,-8
122000391,7,9,-2
122000392,118,199,-81
122000393,9,232,-223
122000394,50,262,-212
122000395,27,165,-138
122000396,74,69,5
122000397,13,63,-50
122000398,4,4,0
122000399,20,67,-47
122000400,46,64,-18
122000401,46,54,-8
122000402,8,9,-1
122000403,132,1170,-1038
122000404,28,117,-89
122000408,186,597,-411
122000503,1,15,-14
122000524,89,58,31
122000544,3,325,-322
122000616,721,4,717
122000640,21,175,-154
122000641,20,390,-370
122000642,492,968,-476
122000643,1,17,-16
122000644,91,14,77
122000645,69,116,-47
122000651,623,399,224
122000664,38,44,-6
122000665,655,366,289
122000666,273,548,-275
122000673,17,361,-344
122000674,94,25,69
122000675,399,981,-582
122000686,84,704,-620
122000687,120,342,-222
122000688,67,335,-268
122000689,140,490,-350
122000690,144,600,-456
122000691,100,1457,-1357
122000692,252,450,-198
122000693,102,1041,-939
122000695,60,460,-400
122000696,29,206,-177
122000698,49,843,-794
122000699,128,59,69
122000701,357,274,83
122000702,189,816,-627
122000703,10,9,1
122000717,214,34,180
122000718,342,58,284
122000719,9,21,-12
122000720,15,89,-74
122900001,5,1,4
122900002,274,206,68
122900003,24,19,5
122900004,96,6,90
122900005,21,5,16
122900006,162,27,135
122900007,32,3,29
122900008,202,1,201
122900009,127,8,119
122900010,0,0,0
122900012,6,9,-3
122900014,61,154,-93
122900015,847,58,789
122900016,23,231,-208
122900017,91,436,-345
122900018,34,1,33
122900019,3,138,-135
122900020,315,215,100
122900021,20,248,-228
122900022,116,664,-548
122900023,80,230,-150
122900024,51,38,13
122900025,10,73,-63
122900026,92,216,-124
122900027,17,423,-406
122900028,90,271,-181
122900029,1542,243,1299
122900030,1243,129,1114
122900031,35,45,-10
122900032,82,122,-40
122900033,17,20,-3
122900034,672,584,88
122900035,0,0,0
122900036,1,19,-18
122900037,69,46,23
122900038,41,588,-547
122900039,15,119,-104
122900040,3,15,-12
122900041,3,11,-8
122900042,5,27,-22
122900043,32,21,11
122900044,5,34,-29
122900045,8,16,-8
122900046,0,14,-14
122900047,28,21,7
122900048,5,34,-29
122900049,1008,62,946
122900051,33,53,-20
122900052,11,41,-30
122900053,5,5,0
122900055,24,33,-9
122900057,56,3,53
122900061,180,58,122
122900062,172,124,48
122900063,19,258,-239
122900064,410,394,16
122900065,98,82,16
122900066,147,108,39
122900067,826,334,492
122900068,181,191,-10
122900069,90,245,-155
122900070,35,22,13
122900071,18,329,-311
122900072,16,514,-498
122900073,12,102,-90
122900074,21,421,-400
122900075,0,55,-55
122900076,5,120,-115
122900077,0,229,-229
122900078,6,154,-148
122900080,7,0,7
122900081,37,1,36
122900082,24,4,20
122900083,0,0,0
122900084,2,72,-70
122900086,0,3,-3
122900087,16,526,-510
122900088,6,18,-12
122900089,0,60,-60
122900090,4,607,-603
122900091,0,0,0
122900092,1,81,-80
122900093,0,130,-130
122900094,1,86,-85
122900095,0,0,0
122900096,0,119,-119
122900097,0,0,0
122900098,19,51,-32
122900099,2,4,-2
122900100,68,16,52
122900101,35,11,24
123000001,977,207,770
123000002,3215,941,2274
123000003,1838,1077,761
123000004,2399,3053,-654
123000005,739,883,-144
123000006,2058,2160,-102
123000007,466,655,-189
123000008,984,2312,-1328
123000009,1693,1168,525
123000010,2776,3059,-283
123000011,545,307,238
123000012,557,1880,-1323
123000013,1000,238,762
123000014,924,2856,-1932
123000015,924,199,725
123000016,5587,1945,3642
123000017,1794,773,1021
123000018,24,68,-44
123000019,32,239,-207
123000020,33,92,-59
123000021,11,67,-56
123000022,185,395,-210
123000023,692,740,-48
123000024,370,291,79
123000025,6,39,-33
123000026,1,38,-37
123000027,50,220,-170
123000028,319,28,291
123000029,549,202,347
123000030,23,799,-776
123000031,45,309,-264
123000032,35,153,-118
123000033,31,38,-7
123000034,360,327,33
123000035,116,97,19
123000036,128,204,-76
123000037,125,408,-283
123000038,47,182,-135
123000039,640,635,5
123000040,675,337,338
123000041,335,154,181
123000042,292,360,-68
123000043,1772,1614,158
123000044,3469,1156,2313
123000045,7795,962,6833
123000046,434,462,-28
123000047,2449,616,1833
123000048,24,137,-113
123000049,4568,1440,3128
123000050,386,410,-24
123000051,12,26,-14
123000052,304,748,-444
123000053,1963,1175,788
123000054,761,552,209
123000055,421,426,-5
123000056,598,1260,-662
123000057,13385,2655,10730
123000058,241,303,-62
123000059,132,292,-160
123000060,231,202,29
123000061,95,463,-368
123000063,251,329,-78
123000064,350,118,232
123000065,5535,1774,3761
123000066,856,479,377
123000067,126,318,-192
123000068,2113,1746,367
123000069,10582,2065,8517
123000070,94,514,-420
123000071,279,639,-360
123000072,559,1381,-822
123000073,237,444,-207
123000074,410,1513,-1103
123000075,95,308,-213
123000076,248,700,-452
123000077,937,2570,-1633
123000078,399,768,-369
123000079,379,1025,-646
123000080,945,2120,-1175
123000081,134,605,-471
123000082,147,1006,-859
123000083,272,45,227
123000084,96,331,-235
123000085,52,88,-36
123000086,68,391,-323
123000087,26,466,-440
123000088,361,1226,-865
123000089,124,553,-429
123000090,581,841,-260
123000091,873,643,230
123000092,519,681,-162
123000094,245,147,98
123000095,104,312,-208
123000096,90,298,-208
123000097,109,827,-718
123000098,133,276,-143
123000099,216,354,-138
123000100,293,251,42
123000101,488,186,302
123000102,173,238,-65
123000104,208,201,7
123000105,313,330,-17
123000106,239,163,76
123000107,227,326,-99
123000108,770,1047,-277
123000111,216,169,47
123000112,284,395,-111
123000113,361,1426,-1065
123000114,270,169,101
123000115,72,129,-57
123000116,17,77,-60
123000117,599,1849,-1250
123000118,219,938,-719
123000119,118,851,-733
123000120,193,737,-544
123000121,207,495,-288
123000122,157,171,-14
123000123,323,404,-81
123000124,258,371,-113
123000125,372,272,100
123000126,1039,837,202
123000127,1488,687,801
123000128,85,335,-250
123000129,20,24,-4
123000130,67,22,45
123000131,169,204,-35
123000132,159,343,-184
123000133,125,270,-145
123000134,300,102,198
123000135,412,772,-360
123000136,85,1238,-1153
123000137,47,407,-360
123000138,26,458,-432
123000139,13,37,-24
123000140,109,691,-582
123000141,74,20,54
123000142,414,704,-290
123000143,653,1875,-1222
123000144,11,7,4
123000145,105,65,40
123000146,23,54,-31
123000147,23,70,-47
123000149,72,141,-69
123000150,119,83,36
123000151,137,239,-102
123000152,27,240,-213
123000153,82,209,-127
123000154,1117,639,478
123000155,1446,456,990
123000156,11,53,-42
123000157,162,560,-398
123000158,381,250,131
123000159,1598,856,742
123000160,281,164,117
123000161,485,287,198
123000162,180,499,-319
123000163,60,26,34
123000164,284,90,194
123000165,191,1600,-1409
123000166,15,108,-93
123000167,21,247,-226
123000168,94,346,-252
123000169,91,33,58
123000170,1,303,-302
123000171,16,63,-47
123000172,129,600,-471
123000173,90,53,37
123000174,100,55,45
123000175,659,1203,-544
123000176,358,26,332
123000177,285,972,-687
123000178,120,30,90
123000179,8,710,-702
123000180,511,125,386
123000181,132,1004,-872
123000182,28,442,-414
123000183,72,53,19
123000184,37,624,-587
123000185,86,134,-48
123000186,4,596,-592
123000187,101,1,100
123000188,10,2,8
123000189,53,205,-152
123000190,5,43,-38
123000192,6,283,-277
123000193,17,447,-430
123000194,250,143,107
123000195,46,1,45
123000196,32,1,31
123000197,18,68,-50
123000198,3,157,-154
123000199,2,371,-369
123000200,57,0,57
123000201,201,4,197
123000202,28,1241,-1213
123000203,195,11,184
123000204,36,1196,-1160
123000205,190,1806,-1616
123000206,402,32,370
123000207,26,799,-773
123000208,48,21,27
123000209,454,93,361
123000210,279,1113,-834
123000211,462,2560,-2098
123000212,416,97,319
123000213,124,10,114
123000215,28,24,4
123000216,90,42,48
123000217,32,6,26
123000218,88,173,-85
123000219,230,6,224
123000220,95,7,88
123000221,63,100,-37
123000222,104,455,-351
123000223,69,364,-295
123000224,117,266,-149
123000225,36,52,-16
123000226,13,323,-310
123000227,28,311,-283
123000228,9,40,-31
123000229,565,1490,-925
123000232,51,444,-393
123000233,106,34,72
123000234,86,559,-473
123000235,54,87,-33
123000236,88,791,-703
123000237,60,8,52
123000238,22,596,-574
123000239,240,1928,-1688
123000240,23,99,-76
123000241,365,57,308
123000242,49,165,-116
123000243,190,764,-574
123000244,475,296,179
123000245,21,101,-80
123000249,239,377,-138
123000252,133,61,72
123000253,180,110,70
123000254,176,824,-648
123000255,264,372,-108
123000256,27,207,-180
123000257,2517,1922,595
123000258,470,967,-497
123000259,94,286,-192
123000260,90,534,-444
123000261,37,298,-261
123000262,24,225,-201
123000263,150,76,74
123000264,90,18,72
123000265,20,109,-89
123000266,247,473,-226
123000267,78,131,-53
123000268,7,35,-28
123000269,9,7,2
123000270,5,28,-23
123000271,29,51,-22
123000272,271,59,212
123000273,19,192,-173
123000274,139,101,38
123000275,181,737,-556
123000278,2186,1556,630
123000279,8,48,-40
123000280,50,275,-225
123000281,100,48,52
123000282,54,160,-106
123000283,14,11,3
123000284,8,102,-94
123000286,210,97,113
123000287,337,178,159
123000288,122,118,4
123000289,152,169,-17
123000291,243,638,-395
123000294,116,211,-95
123000295,302,433,-131
123000296,45,257,-212
123000297,30,218,-188
123000298,34,208,-174
123000299,2,27,-25
123000300,157,313,-156
123000301,13,96,-83
123000302,32,156,-124
123000303,20,47,-27
123000305,678,585,93
123000306,12,302,-290
123000309,37,45,-8
123000310,12,16,-4
123000311,0,135,-135
123000312,385,743,-358
123000313,77,96,-19
123000315,25,282,-257
123000316,360,18,342
123000317,53,33,20
123000318,10,226,-216
123000329,54,22,32
123000337,18,165,-147
123000338,184,23,161
123000339,41,478,-437
123000340,39,218,-179
123000342,0,3,-3
123000343,0,0,0
123000344,572,282,290
123000345,120,434,-314
123000346,23,11,12
123000352,1678,516,1162
123000353,15,104,-89
123000354,55,0,55
123000355,0,246,-246
123000356,14,0,14
123000357,2,194,-192
123000359,1,205,-204
123000360,0,0,0
123000361,390,174,216
123000362,44,117,-73
123000363,9,285,-276
123000364,209,117,92
123000365,11,159,-148
123000366,176,522,-346
123000367,131,754,-623
123000370,7,273,-266
123000371,19,0,19
123000372,16,1,15
123000373,2,357,-355
123000374,7,159,-152
123000375,50,9,41
123000376,192,273,-81
123000377,35,2,33
123000378,8,417,-409
123000379,1,161,-160
123000380,14,118,-104
123000381,23,3,20
123000382,225,11,214
123000383,108,438,-330
123000384,98,22,76
123000385,359,441,-82
123000436,46,607,-561
123000507,44,118,-74
123000508,27,122,-95
123000517,197,27,170
123000518,42,202,-160
123000519,82,69,13
123000520,45,183,-138
123000521,159,86,73
123000522,163,460,-297
123000541,0,0,0
123000542,0,35,-35
123000565,70,12,58
123000566,20,795,-775
123000567,45,233,-188
123000573,23,1025,-1002
123000574,47,9,38
123000575,487,1220,-733
123000576,51,1854,-1803
123000577,44,294,-250
123000578,211,51,160
123000579,2525,901,1624
123000580,50,4,46
123000582,40,3,37
123000583,7,518,-511
123000584,34,64,-30
123000585,1,68,-67
123000586,0,0,0
123000596,47,83,-36
123000597,16,42,-26
123000602,0,0,0
123000603,43,389,-346
123000604,119,938,-819
123000605,217,69,148
123000606,0,368,-368
123000609,4,239,-235
123000610,28,28,0
123000613,45,150,-105
123000614,31,9,22
123000615,34,193,-159
123000616,37,8,29
123000617,48,649,-601
123000618,34,662,-628
123000619,72,2,70
123000620,21,641,-620
123000622,54,5,49
123000624,19,2,17
123000630,113,158,-45
123000631,75,1490,-1415
123000632,742,915,-173
123000633,0,94,-94
123000634,0,2,-2
123000635,124,85,39
123000636,12,400,-388
123000637,56,57,-1
123000638,112,44,68
123000639,138,427,-289
123000640,1,976,-975
123900001,820,49,771
123900002,8,385,-377
123900003,156,364,-208
123900005,29,33,-4
123900006,34,12,22
124000001,476,14,462
124000002,77,1166,-1089
124000003,83,33,50
124000004,24,640,-616
124000005,110,53,57
124000006,171,1316,-1145
124000007,124,23,101
124000008,6,255,-249
124000009,47,77,-30
124000010,50,493,-443
124000011,82,71,11
124000012,121,934,-813
124000017,0,0,0
124000018,66,79,-13
124000019,0,0,0
124000020,35,168,-133
124000021,0,0,0
124000022,95,190,-95
124000023,660,737,-77
124000024,681,459,222
124000025,595,531,64
124000026,890,681,209
124000027,3486,1427,2059
124000028,2634,2335,299
124000030,2217,730,1487
124000031,131,150,-19
124000032,4679,740,3939
124000033,48,33,15
124000034,1649,348,1301
124000035,9,18,-9
124000036,34,123,-89
124000037,52,60,-8
124000038,15,10,5
124000039,416,70,346
124000040,300,278,22
124000041,77,26,51
124000042,26,248,-222
124000043,9,13,-4
124000044,9,293,-284
124000045,137,193,-56
124000046,75,562,-487
124000047,249,322,-73
124000048,169,1632,-1463
124000049,333,258,75
124000050,243,2131,-1888
124000051,98,193,-95
124000052,156,1316,-1160
124000053,162,315,-153
124000054,427,672,-245
124000055,433,425,8
124000056,2917,1070,1847
124000057,223,183,40
124000058,174,997,-823
124000059,134,227,-93
124000060,444,600,-156
124000061,625,1089,-464
124000062,4981,1106,3875
124000063,916,1043,-127
124000064,1600,1388,212
124000065,8,77,-69
124000066,75,31,44
124000067,29,101,-72
124000068,1,18,-17
124000069,0,0,0
124000070,6,193,-187
124000071,7,22,-15
124000072,75,480,-405
124000073,146,31,115
124000074,84,870,-786
124000075,0,0,0
124000076,2,229,-227
124000077,889,272,617
124000078,1547,79,1468
124000079,372,480,-108
124000080,13,44,-31
124000081,34,556,-522
124000082,3,19,-16
124000083,10,114,-104
124000084,1,29,-28
124000085,28,19,9
124000086,13,24,-11
124000087,28,17,11
124000088,78,106,-28
124000089,256,314,-58
124000090,33,320,-287
124000091,42,32,10
124000092,15,463,-448
124000093,30,24,6
124000094,27,195,-168
124000095,22,49,-27
124000096,29,233,-204
124000097,35,67,-32
124000098,20,100,-80
124000099,5,20,-15
124000100,14,86,-72
124000101,24,74,-50
124000102,47,68,-21
124000103,30,49,-19
124000104,23,66,-43
124000105,16,41,-25
124000106,39,95,-56
124000107,10,63,-53
124000108,22,38,-16
124000109,31,17,14
124000110,62,63,-1
124000111,73,123,-50
124000112,229,527,-298
124000113,27,45,-18
124000114,77,517,-440
124000115,154,542,-388
124000116,47,48,-1
124000117,59,53,6
124000118,16,37,-21
124000119,219,463,-244
124000120,64,212,-148
124000121,663,245,418
124000122,420,519,-99
124000123,370,205,165
124000124,219,609,-390
124000125,105,189,-84
124000126,166,422,-256
124000127,222,218,4
124000128,227,756,-529
124000129,859,735,124
124000130,526,374,152
124000131,437,298,139
124000132,576,583,-7
124000133,175,351,-176
124000134,353,512,-159
124000135,717,608,109
124000136,778,713,65
124000137,713,258,455
124000138,1266,609,657
124000139,98,16,82
124000140,14,260,-246
124000141,4,1,3
124000142,0,93,-93
124000143,19,6,13
124000144,3,40,-37
124000145,27,10,17
124000146,5,106,-101
124000148,32,11,21
124000149,336,145,191
124000150,187,362,-175
124000151,191,60,131
124000152,194,744,-550
124000153,123,104,19
124000154,139,623,-484
124000155,307,184,123
124000156,631,581,50
124000169,37,117,-80
124000170,444,291,153
124000171,40,111,-71
124000172,193,470,-277
124000173,52,149,-97
124000174,79,677,-598
124000175,8,137,-129
124000176,0,0,0
124000177,18,45,-27
124000178,0,0,0
124000190,24,3,21
124000191,52,12,40
124000192,195,39,156
124000193,137,976,-839
124000194,159,428,-269
124000195,64,203,-139
124000196,374,918,-544
124000197,26,40,-14
124000198,5,11,-6
124000201,57,850,-793
124000202,2,60,-58
124000203,47,928,-881
124000204,8,401,-393
124000205,47,669,-622
124000206,35,211,-176
124000207,3,82,-79
124000209,90,505,-415
124000210,54,150,-96
124000211,30,0,30
124000212,2,611,-609
124000213,28,328,-300
124000214,3,495,-492
124000215,0,0,0
124000216,3,563,-560
124000329,47,1842,-1795
124000338,18,1053,-1035
124000339,95,28,67
124000341,137,4,133
124000344,7,4,3
124000357,280,299,-19
124000358,468,287,181
124000359,324,147,177
124000360,145,94,51
124000361,300,181,119
124000362,961,1556,-595
124000363,171,513,-342
124000364,417,1127,-710
124000365,544,1052,-508
124000366,1616,838,778
124000367,71,512,-441
124000368,45,17,28
124000369,18,31,-13
124000370,29,373,-344
124000402,6,5,1
124000403,10,4,6
124000404,8,99,-91
124000405,622,343,279
124000406,617,626,-9
124000407,2,20,-18
124000411,0,319,-319
124000412,43,8,35
124000413,29,37,-8
124000414,24,69,-45
124000415,24,176,-152
124000416,56,265,-209
124000417,42,75,-33
124000418,17,90,-73
124000419,24,138,-114
124000420,5,65,-60
124000421,13,274,-261
124000422,7,10,-3
124000423,29,39,-10
124000424,2,97,-95
124000425,4,1,3
124000426,6,38,-32
124000427,10,7,3
124000428,7,23,-16
124000429,8,94,-86
124000430,216,652,-436
124000431,79,888,-809
124000432,62,533,-471
124000439,1,3,-2
124000442,10,177,-167
124000443,1,7,-6
124000445,26,23,3
124000446,950,19,931
124900001,75,87,-12
124900002,31,315,-284
124900003,118,179,-61
124900004,93,114,-21
124900005,87,172,-85
124900006,90,126,-36
124900008,484,149,335
124900009,24,62,-38
124900010,26,8,18
124900011,78,64,14
124900012,113,52,61
124900013,81,39,42
124900014,19,48,-29
124900015,23,26,-3
124900016,1,9,-8
124900017,262,60,202
124900018,7,0,7
124900019,61,1,60
124900020,10,9,1
124900021,15,2,13
124900022,7,0,7
124900024,13,0,13
124900026,4,14,-10
124900027,25,81,-56
124900028,393,90,303
124900029,19,109,-90
124900030,2,98,-96
124900031,17,287,-270
124900032,148,72,76
124900033,11,285,-274
124900034,7,78,-71
124900035,79,276,-197
124900036,0,29,-29
124900037,36,207,-171
124900038,255,222,33
124900039,1,19,-18
124900040,16,78,-62
124900041,74,826,-752
124900042,4,0,4
124900043,141,690,-549
124900044,6,0,6
124900045,380,402,-22
124900046,1978,134,1844
124900047,47,150,-103
124900048,39,72,-33
124900050,84,153,-69
124900052,38,564,-526
124900053,4,274,-270
124900054,1975,154,1821
124900055,0,88,-88
124900057,2,30,-28
124900060,29,160,-131
124900061,7,0,7
124900062,9,2,7
124900066,0,14,-14
124900067,4,62,-58
124900068,144,161,-17
124900069,3,30,-27
124900070,0,4,-4
124900072,12,10,2
124900074,30,132,-102
124900075,28,86,-58
124900076,13,95,-82
124900077,22,47,-25
124900078,7,2,5
124900079,369,18,351
124900080,45,528,-483
124900081,145,72,73
124900082,101,603,-502
124900083,73,313,-240
124900084,1711,38,1673
124900085,954,62,892
124900086,16,191,-175
124900087,209,26,183
124900088,552,49,503
124900089,827,7,820
124900090,11,49,-38
124900091,68,460,-392
124900092,53,289,-236
124900093,23,35,-12
124900094,41,58,-17
124900095,15,90,-75
124900096,159,41,118
124900097,42,18,24
124900098,36,211,-175
124900099,413,150,263
124900100,37,11,26
124900101,0,9,-9
124900102,19,2,17
124900103,17,141,-124
124900104,13,131,-118
124900105,10,121,-111
124900106,16,7,9
124900107,2,3,-1
124900108,45,5,40
124900109,15,47,-32
124900110,32,350,-318
124900111,0,22,-22
124900112,48,863,-815
129000186,19,13,6
204000001,0,0,0
204000002,1,0,1
204000003,1,0,1
204000004,0,0,0
204000005,119,76,43
204000006,236,150,86
204000008,362,126,236
204000011,17,40,-23
204000012,13,123,-110
204000013,0,31,-31
204000019,177,256,-79
204000020,134,337,-203
204000021,836,321,515
204000022,116,193,-77
204000023,166,822,-656
204000031,3,2,1
204000032,92,9,83
204000034,35,521,-486
204000035,0,5,-5
204000036,8,28,-20
204000037,1,19,-18
204000038,4,12,-8
204000039,3,93,-90
204000040,2,38,-36
204000041,4,84,-80
204000042,0,2,-2
204000043,4,2,2
204000044,2,0,2
204000045,5,2,3
204000046,0,1,-1
204000057,2,86,-84
204000062,2,26,-24
204000068,25,112,-87
204000069,1,52,-51
204000070,11,40,-29
204000080,19,20,-1
204000085,562,1361,-799
204000086,1728,1135,593
204000087,33,54,-21
204000088,16,68,-52
204000090,41,585,-544
204000093,2,0,2
204000096,145,147,-2
204000097,1,0,1
204000099,317,308,9
204000100,215,222,-7
204000105,917,1294,-377
204000110,329,784,-455
204000111,175,543,-368
204000112,222,706,-484
204000113,119,555,-436
204000114,157,116,41
204000115,96,190,-94
204000116,146,240,-94
204000119,285,289,-4
204000132,171,76,95
204000133,168,64,104
204000134,93,30,63
204000135,110,19,91
204000136,58,64,-6
204000138,126,87,39
204000140,46,78,-32
204000141,43,14,29
204000144,0,16,-16
204000145,7,0,7
204000146,40,408,-368
204000147,25,120,-95
204000148,112,3,109
204000154,1,0,1
204000155,1,13,-12
204000177,19,13,6
204000179,0,0,0
204000180,0,57,-57
204000222,4,21,-17
204000235,26,17,9
204000236,46,273,-227
204000238,4,5,-1
204000240,56,48,8
204000308,13,3,10
204000317,31,49,-18
204000322,16,30,-14
204000323,4,3,1
204000328,32,6,26
204000329,43,119,-76
204000330,0,0,0
204000331,38,143,-105
204010341,6,104,-98
205000001,780,831,-51
205000013,6,83,-77
205000014,17,144,-127
205000015,34,237,-203
205000016,19,180,-161
205000017,83,80,3
205000022,172,476,-304
205000025,1524,574,950
205000029,58,10,48
205000045,48,111,-63
205000047,33,373,-340
205000048,61,565,-504
205000049,49,498,-449
205000050,828,169,659
205000059,1,252,-251
205000060,0,35,-35
205000061,2,18,-16
205000062,0,31,-31
205000063,3,25,-22
205000064,9,95,-86
205000065,41,665,-624
205000066,48,806,-758
205000067,34,962,-928
205000069,273,51,222
205000082,15,20,-5
205000110,14,163,-149
205000111,59,179,-120
205000112,5,14,-9
205000113,230,116,114
205000121,3,0,3
205000123,108,217,-109
205000126,0,0,0
205000127,0,0,0
205000128,0,0,0
205000129,0,0,0
205000130,0,0,0
205000131,0,0,0
205000132,0,0,0
205000133,0,0,0
205000134,0,0,0
205000137,85,107,-22
205000138,164,145,19
205000139,28,37,-9
205000144,5,1,4
205000145,31,12,19
205000151,3,0,3
205000152,0,1,-1
205000153,0,0,0
205000154,0,0,0
205000155,0,0,0
205000207,93,131,-38
205000233,0,0,0
205000234,0,1,-1
205000243,0,0,0
205000244,0,2,-2
205000245,20,305,-285
205000249,0,27,-27
205000250,2,1,1
205000251,21,275,-254
205000264,3,101,-98
206000027,0,0,0
206000028,0,0,0
206000043,13,215,-202
206000053,38,19,19
206000054,15,44,-29
206000055,6,73,-67
206000075,6,7,-1
206000076,10,14,-4
206000077,13,12,1
206000078,16,17,-1
206000079,7,9,-2
206000082,296,20,276
206000100,68,611,-543
206000103,7,27,-20
206000104,27,25,2
206000105,6,24,-18
206000106,15,68,-53
206000108,432,38,394
206000125,12,0,12
206000157,347,889,-542
206000170,2,412,-410
206000171,6,318,-312
206000172,14,1396,-1382
206000173,2,372,-370
206000174,9,258,-249
206000175,3,337,-334
206000176,34,606,-572
206000177,5,334,-329
206000178,2,215,-213
206000179,13,192,-179
206000180,62,384,-322
206000181,17,435,-418
206000182,87,402,-315
206000183,52,1289,-1237
206000184,11,641,-630
206000185,12,531,-519
206000186,152,2100,-1948
206000223,2,386,-384
206000226,0,0,0
206000227,0,0,0
206000237,53,591,-538
206000238,65,828,-763
206000239,931,2493,-1562
206000240,1,66,-65
206000241,0,178,-178
206000242,13,781,-768
206000243,4,590,-586
206000244,66,1298,-1232
206000245,163,30,133
206000246,20,1,19
206000247,48,9,39
206000248,59,17,42
206000252,57,28,29
206000258,11,36,-25
206000315,19,6,13
206000317,86,29,57
206000318,49,26,23
206000319,144,57,87
206000320,30,21,9
206000321,49,6,43
206000322,119,13,106
206000323,55,23,32
206000324,31,3,28
206000325,60,12,48
206000326,57,9,48
206000327,22,8,14
206000328,65,4,61
206000329,71,10,61
206000330,22,6,16
206000331,32,2,30
206000332,8,3,5
206000333,78,2,76
206000334,56,2,54
206000335,0,28,-28
206000361,9,383,-374
206000392,7,115,-108
206000405,61,2,59
206000441,0,0,0
206000498,11,7,4
206000515,319,54,265
206000530,27,6,21
206000531,7,30,-23
206000532,292,19,273
206000535,478,1722,-1244
206000536,32,276,-244
206000537,13,168,-155
206000613,320,36,284
207000001,87,337,-250
207000002,31,273,-242
207000003,48,258,-210
207000007,152,62,90
207000008,14,14,0
207000009,57,39,18
207000010,418,612,-194
207000012,32,33,-1
207000015,339,1766,-1427
207000019,140,60,80
207000021,273,124,149
207000022,50,60,-10
207000023,48,44,4
207000024,5,12,-7
207000025,38,43,-5
207000026,43,68,-25
207000027,9,86,-77
207000028,23,274,-251
207000029,174,403,-229
207000033,215,192,23
207000034,128,32,96
207000039,3,0,3
207000040,0,0,0
207000041,0,0,0
207000042,0,0,0
207000043,0,0,0
207000051,77,398,-321
207000052,7,224,-217
207000053,350,704,-354
207000054,27,116,-89
207000055,32,211,-179
207000056,112,425,-313
207000057,126,312,-186
207000058,54,461,-407
207000059,24,897,-873
207000060,21,208,-187
207000061,14,70,-56
207000062,72,38,34
207000063,92,128,-36
207000064,265,242,23
207000065,148,258,-110
207000066,53,156,-103
207000067,17,109,-92
207000068,23,54,-31
207000069,544,417,127
207000082,44,405,-361
207000083,92,440,-348
207000084,33,38,-5
207000085,76,16,60
207000086,61,11,50
207000106,0,0,0
207000107,0,0,0
207000108,0,0,0
207000109,0,0,0
207000110,0,0,0
207000111,0,0,0
207000112,0,0,0
207000114,23,19,4
207000115,8,70,-62
207000116,16,188,-172
207000117,8,93,-85
207000118,1,91,-90
207000119,7,106,-99
207000123,0,0,0
207000124,0,0,0
207000125,0,0,0
207000126,0,0,0
207000134,11,319,-308
207000135,31,404,-373
207000148,0,0,0
207000149,56,30,26
207000152,78,378,-300
207000153,1049,728,321
207000154,239,92,147
207000159,35,496,-461
207000160,58,679,-621
207000238,0,42,-42
207000242,1,86,-85
207000248,21,30,-9
207000249,41,45,-4
207000250,315,49,266
207000251,39,59,-20
207000252,22,60,-38
207000278,1,7,-6
207000279,15,225,-210
207000280,47,19,28
207000281,61,1134,-1073
207000282,8,8,0
207000283,29,133,-104
207000284,9,39,-30
207000285,137,27,110
207000291,11,91,-80
207000304,97,77,20
207000306,6,427,-421
207000310,0,0,0
207000353,0,0,0
207000356,0,17,-17
207000357,0,0,0
207000415,3,132,-129
207000417,0,0,0
207000437,0,2,-2
207000439,1379,257,1122
207000446,0,0,0
207000460,4,11,-7
207000466,115,180,-65
207000467,0,0,0
207000468,0,15,-15
207000476,2,46,-44
207000477,72,79,-7
207000523,0,4,-4
207000524,0,1,-1
207000527,48,118,-70
207000530,0,0,0
207000531,0,0,0
207000532,0,0,0
207000534,0,0,0
207000535,65,119,-54
207000537,11,91,-80
207000540,9,138,-129
207000541,1,208,-207
207000548,8,195,-187
207000549,0,0,0
207000561,0,0,0
207000562,19,113,-94
207000567,101,276,-175
207000568,25,76,-51
207000569,75,1119,-1044
207000584,242,75,167
207000585,0,0,0
207000616,0,176,-176
207000617,8,0,8
207000628,0,0,0
207900008,58,290,-232
208000001,153,187,-34
208000002,65,114,-49
208000003,214,129,85
208000004,255,170,85
208000005,0,33,-33
208000019,63,249,-186
208000020,14,128,-114
208000021,48,430,-382
208000022,305,604,-299
208000028,578,401,177
208000033,144,575,-431
208000034,786,924,-138
208000040,12,51,-39
208000041,99,202,-103
208000042,82,175,-93
208000047,39,238,-199
208000064,822,244,578
208000066,313,100,213
208000070,46,219,-173
208000071,52,342,-290
208000072,107,438,-331
208000080,58,88,-30
208000081,33,73,-40
208000082,55,212,-157
208000083,54,302,-248
208000084,3,20,-17
208000085,390,385,5
208000086,266,679,-413
208000087,97,506,-409
208000089,239,472,-233
208000090,197,843,-646
208000093,17,60,-43
208000094,160,379,-219
208000095,501,252,249
208000104,193,244,-51
208000105,99,234,-135
208000114,0,2,-2
208000115,93,216,-123
208000116,46,405,-359
208000117,6,73,-67
208000118,11,58,-47
208000155,196,614,-418
208000158,1183,1420,-237
208000186,1150,307,843
208000204,140,587,-447
208000205,426,924,-498
208000282,3160,640,2520
209000004,49,80,-31
209000005,7,15,-8
209000006,81,79,2
209000007,113,91,22
209000010,183,135,48
209000011,54,116,-62
209000012,60,200,-140
209000013,80,694,-614
209000014,448,1661,-1213
209000025,65,35,30
209000026,293,71,222
209000027,165,1133,-968
209000028,183,1340,-1157
209000029,263,1064,-801
209000030,173,1702,-1529
209000031,3716,2330,1386
209000034,183,173,10
209000035,83,91,-8
209000036,68,116,-48
209000037,83,177,-94
209000038,60,134,-74
209000039,39,92,-53
209000040,224,464,-240
209000041,162,419,-257
209000042,151,477,-326
209000043,362,488,-126
209000044,273,393,-120
209000045,149,189,-40
209000046,52,240,-188
209000047,31,106,-75
209000048,22,146,-124
209000049,38,163,-125
209000050,85,169,-84
209000051,116,284,-168
209000052,66,269,-203
209000062,8,159,-151
209000063,12,145,-133
209000064,14,169,-155
209000065,26,49,-23
209000066,10,46,-36
209000067,18,48,-30
209000080,18,133,-115
209000082,47,30,17
209000091,28,59,-31
209000093,47,39,8
209000094,130,90,40
209000110,9,32,-23
209000111,215,404,-189
209000112,173,188,-15
209000113,299,200,99
209000114,93,135,-42
209000115,34,137,-103
209000116,582,459,123
209000118,9,35,-26
209000119,22,17,5
209000121,50,670,-620
209000135,65,60,5
209000142,447,274,173
209000143,20,46,-26
209000144,12,37,-25
209000229,17,116,-99
209000240,8,380,-372
209000259,38,114,-76
209000260,41,731,-690
209000261,0,544,-544
209000262,0,459,-459
209000263,1,93,-92
209000264,1,17,-16
209000265,0,1,-1
209000266,0,0,0
209000267,0,0,0
209000268,2,0,2
210000037,24,17,7
210000047,3,8,-5
210000048,5,7,-2
210000049,5,3,2
210000052,10,169,-159
210000053,6,62,-56
210000054,52,50,2
210000070,24,0,24
210000071,4,0,4
210000072,2,0,2
210000073,1,35,-34
210000074,0,75,-75
210000075,0,40,-40
210000076,2,119,-117
210000077,5,20,-15
210000078,23,28,-5
210000079,5,4,1
210000080,18,9,9
210000081,11,2,9
210000082,26,3,23
210000083,37,0,37
210000084,8,0,8
210000085,0,75,-75
210000086,3,124,-121
210000099,18,232,-214
210000100,31,205,-174
210000101,55,163,-108
210000105,90,122,-32
210000159,0,86,-86
210000163,131,139,-8
210000164,135,31,104
210000168,69,7,62
210000187,0,10,-10
210000188,0,19,-19
210000214,0,0,0
210000219,11,14,-3
210000220,10,28,-18
210000232,1,16,-15
210000233,7,37,-30
210000234,15,81,-66
210000235,14,116,-102
210000245,0,22,-22
210000246,3,2,1
210000258,10,110,-100
210000259,39,2,37
210000282,24,156,-132
210000285,0,63,-63
210000286,4,157,-153
210000295,11,87,-76
210000296,27,40,-13
210000320,61,30,31
210000321,7,10,-3
210000338,19,119,-100
210000339,660,432,228
210000340,66,134,-68
210000341,65,116,-51
210000342,77,118,-41
210000343,68,122,-54
210000344,50,53,-3
210000345,81,41,40
210000346,11,34,-23
210000347,6,8,-2
210000348,25,3,22
210000349,8,5,3
210000350,31,63,-32
210000351,29,91,-62
210000352,27,85,-58
210000353,19,135,-116
210000354,54,132,-78
210000355,22,95,-73
210000356,5,59,-54
210000357,15,17,-2
210000358,293,87,206
210000359,23,38,-15
210000360,77,60,17
210000361,57,75,-18
210000362,84,96,-12
210000363,651,52,599
210000364,26,28,-2
210000365,24,25,-1
210000366,38,11,27
210000367,17,5,12
210000368,35,10,25
210000369,13,16,-3
210000370,5,25,-20
210000372,8,13,-5
210000373,9,5,4
210000374,14,2,12
210000375,20,87,-67
210000376,29,129,-100
210000404,79,119,-40
210000439,3,13,-10
210000472,39,0,39
210000482,30,19,11
210000564,483,48,435
210000568,84,1,83
211000092,2,45,-43
211000094,0,3,-3
211000169,59,4,55
211000172,7,137,-130
211000209,0,9,-9
211000275,2,22,-20
211000276,13,21,-8
211000279,3,34,-31
211000281,3,46,-43
211507980,0,14,-14
211977296,2,4,-2
212000003,34,26,8
212000004,1,10,-9
212000005,11,15,-4
212000006,11,69,-58
212000008,56,271,-215
212000009,6,151,-145
212000012,19,66,-47
212000013,2,51,-49
212000014,149,149,0
212000015,108,179,-71
212000016,250,454,-204
212000027,279,280,-1
212000028,112,260,-148
212000029,86,201,-115
212000030,12,36,-24
212000031,44,58,-14
212000048,27,55,-28
212000049,10,42,-32
212000050,11,11,0
212000051,75,155,-80
212000052,75,370,-295
212000053,203,493,-290
212000054,51,128,-77
212000055,78,186,-108
212000056,2,42,-40
212000057,2,21,-19
212000058,251,27,224
212000070,61,312,-251
212000077,55,568,-513
212000099,91,159,-68
212000108,54,98,-44
212000111,52,92,-40
212000120,75,132,-57
212000138,29,9,20
212000156,6,106,-100
212000158,9,7,2
212000159,82,40,42
212000160,167,135,32
212000161,5,8,-3
212000310,17,13,4
212000311,0,52,-52
212000374,15,18,-3
213000001,5,534,-529
213000005,82,18,64
213000006,279,29,250
213000007,5,3,2
213000009,53,32,21
213000010,22,34,-12
213000011,30,22,8
213000012,45,303,-258
213000014,6,1,5
213000015,18,2,16
213000016,21,0,21
213000017,9,0,9
213000018,2,193,-191
213000019,1,116,-115
213000020,56,237,-181
213000021,0,75,-75
213000023,0,0,0
213000033,91,353,-262
213000034,95,115,-20
213000035,17,10,7
213000045,70,182,-112
213000046,63,115,-52
213000047,338,319,19
213000056,3,2,1
213000069,2,0,2
213000073,0,11,-11
213000074,61,418,-357
213000075,41,0,41
213000085,4,15,-11
213000086,10,163,-153
213000091,0,0,0
213000092,0,0,0
213000099,76,426,-350
213000100,173,7,166
213000101,6,120,-114
213000102,11,417,-406
213000103,108,505,-397
213000104,36,407,-371
213000105,1,26,-25
213000106,3,190,-187
213000107,46,674,-628
213000108,12,516,-504
213000109,0,200,-200
213000110,2,33,-31
213000111,0,51,-51
213000112,111,123,-12
213000115,0,0,0
213000116,47,494,-447
213000117,1,693,-692
213000118,105,164,-59
213000119,36,528,-492
213000120,37,580,-543
213000122,89,670,-581
213000123,525,795,-270
213000124,42,1278,-1236
213000125,1,0,1
213000126,34,44,-10
213000127,123,89,34
213000128,725,327,398
213000129,1,0,1
213000130,27,3,24
213000132,14,0,14
213000133,10,3,7
213000134,42,10,32
213000136,52,2,50
213000137,109,15,94
213000139,27,2,25
213000147,3,0,3
213000148,4,0,4
213000149,2,1,1
213000150,0,47,-47
213000151,0,29,-29
213000152,0,53,-53
213000153,0,19,-19
213000154,5,145,-140
213000155,15,278,-263
213000156,35,376,-341
213000157,381,427,-46
213000158,143,585,-442
213000159,161,168,-7
213000163,51,6,45
213000165,136,7,129
213000171,2,142,-140
213000172,2,251,-249
213000173,2,298,-296
213000174,3,428,-425
213000175,2,304,-302
213000176,1,0,1
213000177,0,0,0
213000178,0,0,0
213000179,0,0,0
213000180,0,0,0
213000184,44,371,-327
213000188,68,27,41
213000189,69,10,59
213000190,222,422,-200
213000191,31,405,-374
213000192,28,381,-353
213000193,1110,131,979
213000194,0,21,-21
213000195,4,274,-270
213000196,57,487,-430
213000197,59,28,31
213000198,2,0,2
213000200,76,867,-791
213000201,40,66,-26
213000202,5,540,-535
213000203,740,83,657
213000204,76,2,74
213000205,43,1,42
213000206,26,1,25
213000207,2,2,0
213000208,0,0,0
213000209,0,0,0
213000210,7,2,5
213000211,0,3,-3
213000212,0,21,-21
213000213,3,27,-24
213000218,64,612,-548
213000219,33,6,27
213000220,44,0,44
213000223,41,21,20
213000224,3,1,2
213000225,13,1,12
213000226,9,3,6
213000227,124,24,100
213000228,26,16,10
213000229,74,6,68
213000230,33,0,33
213000232,25,191,-166
213000233,0,10,-10
213000234,0,11,-11
213000293,1,19,-18
213000294,5,0,5
213000295,4,30,-26
213000296,12,4,8
213000297,4,59,-55
213000298,8,53,-45
213000299,6,9,-3
213000300,1,0,1
213000303,0,26,-26
213000304,1,0,1
213000305,0,7,-7
213000306,27,12,15
213000307,23,24,-1
213000308,31,162,-131
213000309,41,12,29
213000310,50,9,41
213000311,152,420,-268
213000315,26,125,-99
213000316,24,12,12
213000322,13,134,-121
213000323,18,43,-25
213000324,74,172,-98
213000325,5,121,-116
213000326,30,90,-60
213000327,18,181,-163
213000328,8,66,-58
213000329,21,93,-72
213000340,36,767,-731
213000341,19,3,16
213000347,264,29,235
213000348,1,96,-95
213000349,0,5,-5
213000350,95,1279,-1184
213000366,11,240,-229
213000367,12,6,6
213000379,40,67,-27
213000386,2,165,-163
213000406,35,192,-157
213000417,209,148,61
213000425,33,15,18
213000426,33,38,-5
213000427,13,354,-341
213000428,6,189,-183
213000429,5,2,3
213000430,26,665,-639
213000431,47,0,47
213000432,0,3,-3
213000433,4,124,-120
213000434,8,21,-13
213000435,18,44,-26
213000436,2,49,-47
213000437,5,79,-74
213000438,34,105,-71
213000439,6,0,6
213000440,4,105,-101
213000441,0,0,0
213000442,5,47,-42
213000443,135,141,-6
213000444,23,119,-96
213000445,1,80,-79
213000446,1,4,-3
213000447,2,7,-5
213000448,1,14,-13
213000449,42,1,41
213000450,4,17,-13
213000451,24,31,-7
213000452,1,7,-6
213000453,17,197,-180
213000455,29,2,27
213000456,2,54,-52
213000481,0,1,-1
213000484,17,0,17
213000489,166,9,157
213900002,0,21,-21
213900003,31,21,10
213900013,1,152,-151
213900015,0,7,-7
213900016,1,11,-10
213900020,2,153,-151
213900030,1,54,-53
213900032,27,3,24
213900033,4,6,-2
213900034,25,3,22
213900035,67,781,-714
213900036,24,271,-247
213900037,18,339,-321
213900038,3,4,-1
213900039,0,86,-86
213900041,0,33,-33
213900042,25,7,18
213900043,5,6,-1
213900244,0,0,0
213900245,0,31,-31
218000003,5,10,-5
218000004,8,12,-4
218000005,3,4,-1
218000006,10,39,-29
218000007,2,12,-10
218000012,187,56,131
218000013,48,79,-31
218000014,388,219,169
218000019,928,317,611
218000020,219,317,-98
218000021,40,133,-93
218000022,8,67,-59
218000023,2,64,-62
218000024,1,35,-34
218000025,5,52,-47
218000026,16,116,-100
218000027,1,34,-33
218000028,1,11,-10
218000029,1,6,-5
218000030,33,56,-23
218000031,2,85,-83
218000032,0,59,-59
218000039,0,1,-1
218000040,6,3,3
218000046,24,148,-124
218000047,5,210,-205
218000048,24,270,-246
218000049,76,185,-109
218000050,193,350,-157
218000051,18,438,-420
218000052,0,55,-55
218000053,1,16,-15
218000054,10,42,-32
218000055,2,16,-14
218000056,5,26,-21
218000057,2,48,-46
218000064,0,0,0
218000065,8,12,-4
218000066,5,21,-16
218000067,17,75,-58
218000068,40,113,-73
218000069,57,215,-158
218000070,83,295,-212
218000071,116,239,-123
218000072,315,200,115
218000078,297,1041,-744
218000079,25,65,-40
218000080,30,65,-35
218000081,126,207,-81
218000082,7,94,-87
218000083,14,78,-64
218000084,63,255,-192
218000085,106,525,-419
218000086,32,246,-214
218000087,142,333,-191
218000090,5,39,-34
218000091,317,172,145
218000092,43,108,-65
218000093,22,97,-75
218000094,222,505,-283
218000099,266,234,32
218000100,109,142,-33
218000101,101,103,-2
218000102,80,204,-124
218000103,27,103,-76
218000104,24,39,-15
218000105,28,10,18
218000106,2,4,-2
218000107,29,158,-129
218000108,2,92,-90
218000112,60,34,26
218000117,62,64,-2
218000134,319,680,-361
218000135,6,68,-62
218000136,35,29,6
218000137,29,167,-138
218000138,0,82,-82
218000139,29,225,-196
218000140,61,49,12
218000141,12,36,-24
218000142,32,98,-66
218000143,9,98,-89
218000144,5,69,-64
218000145,110,336,-226
218000146,28,71,-43
218000151,15,13,2
218000152,37,79,-42
218000153,4,5,-1
218000154,1,2,-1
218000155,5,3,2
218000156,46,45,1
218000157,15,27,-12
218000158,0,12,-12
218000159,3,6,-3
218000160,3,11,-8
218000161,21,15,6
218000162,47,17,30
218000163,8,7,1
218000164,21,18,3
218000165,65,50,15
218000170,3,25,-22
218000171,39,9,30
218000172,6,15,-9
218000173,24,7,17
218000174,11,3,8
218000176,73,9,64
218000177,311,78,233
218000178,77,46,31
218000179,77,11,66
218000180,74,8,66
218000181,103,5,98
218000187,4,13,-9
218000188,23,16,7
218000189,2,59,-57
218000190,6,28,-22
218000191,29,89,-60
218000192,73,514,-441
218000193,377,432,-55
218000194,30,365,-335
218000195,67,106,-39
218000196,144,203,-59
218000197,99,295,-196
218000198,1,126,-125
218000199,23,29,-6
218000200,6,43,-37
218000201,4,26,-22
218000202,87,110,-23
218000207,4,30,-26
218000208,18,40,-22
218000211,8,10,-2
218000212,2,8,-6
218000213,54,47,7
218000214,4,10,-6
218000215,20,143,-123
218000217,0,93,-93
218000218,367,85,282
218000219,3,19,-16
218000220,47,194,-147
218000221,161,81,80
218000222,25,16,9
218000223,60,162,-102
218000224,5,63,-58
218000225,158,27,131
218000226,66,58,8
218000230,0,1,-1
218000232,35,51,-16
218000234,6,5,1
218000239,0,0,0
218000240,0,0,0
218000241,0,0,0
218000242,0,0,0
218000243,0,0,0
218000244,0,0,0
218000245,0,0,0
218000246,0,0,0
218000247,0,0,0
218000248,0,28,-28
218000249,0,2,-2
218000250,0,11,-11
218000251,1,11,-10
218000252,3,18,-15
218000253,1,8,-7
218000254,0,4,-4
218000255,0,9,-9
218000256,1,35,-34
218000267,314,528,-214
218000268,0,31,-31
218000269,1,10,-9
218000270,11,27,-16
218000271,16,38,-22
218000273,4,4,0
218000274,6,0,6
218000275,9,16,-7
218000276,5,57,-52
218000278,8,37,-29
218000279,10,27,-17
218000280,1,10,-9
218000281,3,8,-5
218000282,120,45,75
218000284,36,2,34
218000301,22,84,-62
218000302,26,36,-10
218000303,8,22,-14
218000316,418,758,-340
218000317,389,934,-545
218000318,191,729,-538
218000319,399,1220,-821
218000320,265,558,-293
218000338,5,21,-16
218000339,7,7,0
218000342,1,7,-6
218000343,32,57,-25
218000345,14,27,-13
218000346,5,34,-29
218000353,9,23,-14
218000354,1,2,-1
218000459,95,373,-278
218000490,6,30,-24
218000501,2,7,-5
218000502,7,136,-129
218000503,5,3,2
218000504,12,8,4
218000505,31,197,-166
218000506,42,157,-115
218000508,1,2,-1
218000510,24,3,21
218000520,61,70,-9
218000521,0,29,-29
218000522,1,101,-100
218000523,9,2,7
218000524,28,82,-54
218000525,5,14,-9
218000526,13,85,-72
218000529,2,65,-63
218000530,12,11,1
218000531,0,6,-6
218000532,4,35,-31
218000534,3,0,3
218000537,0,11,-11
218000538,37,82,-45
218000539,10,42,-32
218000540,119,61,58
218000543,44,53,-9
218000544,30,113,-83
218000545,17,56,-39
218000546,26,106,-80
218000547,40,82,-42
218000548,45,194,-149
218000549,236,88,148
218000550,191,652,-461
218000551,98,107,-9
218000552,117,21,96
218000553,4,21,-17
218000554,6,10,-4
218000555,5,25,-20
218000556,27,412,-385
218000557,136,73,63
218000558,0,0,0
218000559,0,22,-22
218000560,0,4,-4
218000561,0,0,0
218000562,20,152,-132
218000563,35,14,21
218000564,3,94,-91
218000565,9,41,-32
218000566,33,9,24
218000567,0,43,-43
218000568,0,0,0
218000569,3,67,-64
218000570,1,3,-2
218000571,0,45,-45
218000572,0,0,0
218000573,6,18,-12
218000574,0,36,-36
218000575,0,0,0
218000576,0,36,-36
218000577,0,0,0
218000578,1,62,-61
218000579,20,1,19
218000581,1,64,-63
218000582,5,1,4
218000583,0,0,0
218000584,0,14,-14
218000585,2,8,-6
218000586,0,55,-55
218000587,0,0,0
218000588,0,9,-9
218000589,0,5,-5
218000590,0,1,-1
218000591,0,20,-20
218000592,0,0,0
218000593,0,7,-7
218000594,0,0,0
218000595,0,0,0
218000596,0,0,0
218000597,0,0,0
218000598,0,0,0
218000599,0,0,0
218000600,0,0,0
218000601,0,0,0
218000602,0,1,-1
218000603,0,1,-1
218000604,3,0,3
218000605,0,8,-8
218000606,4,0,4
218000607,4,23,-19
218000608,2,2,0
218000609,0,21,-21
218000610,8,0,8
218000611,0,3,-3
218000612,0,35,-35
218000613,2,2,0
218000614,0,49,-49
218000615,19,3,16
218000616,0,96,-96
218000617,0,0,0
218000618,0,18,-18
218000619,11,3,8
218000620,0,19,-19
218000621,0,0,0
218000622,0,7,-7
218000623,1,0,1
218000624,0,7,-7
218000625,0,0,0
218000626,0,2,-2
218000628,25,17,8
218000631,0,1,-1
218000632,1,38,-37
218000633,0,0,0
218000634,1,11,-10
218000635,0,3,-3
218000636,527,1166,-639
218000637,298,472,-174
218000638,22,17,5
218000639,11,253,-242
218000640,32,15,17
218000641,11,413,-402
218000652,130,149,-19
218000653,154,91,63
218000663,0,35,-35
218000675,2,14,-12
218000676,4,39,-35
218000677,4,20,-16
218000680,23,170,-147
218000681,3,12,-9
218000691,23,85,-62
218000693,3,7,-4
218000703,4,59,-55
218000718,89,195,-106
218000719,134,23,111
218000720,2,14,-12
218000721,5,4,1
218000725,6,20,-14
218001214,36,7,29
218001329,2,0,2
218001330,13,10,3
219000001,6,52,-46
219000002,14,70,-56
219000003,66,23,43
219000004,75,43,32
219000017,59,13,46
219000020,38,8,30
219000022,20,2,18
219000023,33,1,32
219000029,1,84,-83
219000034,7,1,6
219000039,13,44,-31
219000040,5,9,-4
219000041,25,38,-13
219000051,1,64,-63
219000052,0,18,-18
219000053,0,193,-193
219000054,165,167,-2
219000055,27,0,27
219000056,0,0,0
219000057,10,0,10
219000062,6,207,-201
219000063,14,6,8
219000064,0,6,-6
219000110,100,27,73
219000111,40,22,18
219000112,145,33,112
219000113,49,26,23
219000114,163,12,151
219000116,41,32,9
219000117,130,69,61
219000118,40,67,-27
219000123,168,67,101
219000124,30,53,-23
219000125,10,15,-5
219000126,10,62,-52
219000127,1,7,-6
219000128,19,88,-69
219000129,10,106,-96
219000130,1325,673,652
219000131,1489,783,706
219000133,32,28,4
219000134,8,9,-1
219000135,41,83,-42
219000136,99,85,14
219000138,43,10,33
219000139,18,52,-34
219000140,9,0,9
219000141,2,109,-107
219000142,14,92,-78
219000143,11,108,-97
219000145,7,33,-26
219000146,5,73,-68
219000147,0,53,-53
219000148,0,61,-61
219000149,32,227,-195
219000150,2,137,-135
219000151,3,110,-107
219000157,49,91,-42
219000158,96,171,-75
219000161,103,18,85
219000163,1009,281,728
219000166,42,107,-65
219000167,40,221,-181
219000168,132,35,97
219000174,109,62,47
219000175,46,6,40
219000176,33,0,33
219000177,1,0,1
219000178,5,1,4
219000179,13,0,13
219000180,12,23,-11
219000182,15,0,15
219000183,11,43,-32
219000184,8,0,8
219000185,1,141,-140
219000186,7,62,-55
219000187,3,162,-159
219000189,92,98,-6
219000190,153,182,-29
219000191,1261,573,688
219000192,104,161,-57
219000193,447,155,292
219000195,0,35,-35
219000196,2,79,-77
219000198,3,166,-163
219000199,52,149,-97
219000200,22,180,-158
219000201,61,192,-131
219000203,14,94,-80
219000204,52,146,-94
219000205,5,191,-186
219000207,71,211,-140
219000209,8,65,-57
219000210,11,79,-68
219000213,3,211,-208
219000239,86,80,6
219000240,82,223,-141
219000241,15,163,-148
219000242,20,113,-93
219000243,22,144,-122
219000244,6,55,-49
219000245,9,24,-15
219000246,6,3,3
219000247,22,4,18
219000248,129,20,109
219000249,21,19,2
219000250,15,9,6
219000251,111,18,93
219000252,0,0,0
219000253,0,0,0
219000255,19,17,2
219000256,55,32,23
219000257,10,0,10
219000262,38,273,-235
219000263,44,182,-138
219000267,2,104,-102
219000268,3,7,-4
219000269,3,0,3
219000270,7,1,6
219000271,106,6,100
219000278,2,6,-4
219000279,0,2,-2
219000283,1,28,-27
219000295,13,88,-75
219000296,51,514,-463
219000297,13,137,-124
219000298,15,205,-190
219000299,165,16,149
219000300,16,385,-369
219000301,52,315,-263
219000302,10,161,-151
219000307,20,63,-43
219000308,41,23,18
219000311,45,23,22
219000312,105,31,74
219000313,69,23,46
219000314,103,515,-412
219000315,15,6,9
219000316,54,7,47
219000317,6,0,6
219000320,1,45,-44
219000321,0,26,-26
219000323,1,61,-60
219000325,0,57,-57
219000326,45,154,-109
219000327,45,48,-3
219000328,32,39,-7
219000329,285,68,217
219000330,12,30,-18
219000331,28,32,-4
219000332,45,44,1
219000333,6,5,1
219000335,7,1,6
219000337,2,1,1
219000338,10,0,10
219000344,37,59,-22
219000345,97,153,-56
219000346,27,228,-201
219000348,34,125,-91
219000349,26,208,-182
219000350,45,56,-11
219000351,1,2,-1
219000352,100,47,53
219000353,37,31,6
219000354,92,86,6
219000355,31,22,9
219000356,1390,270,1120
219000363,233,50,183
219000364,70,32,38
219000365,80,15,65
219000366,347,74,273
219000368,371,172,199
219000370,729,154,575
219000371,10,12,-2
219000382,0,11,-11
219000383,499,519,-20
219000385,566,381,185
219000386,863,927,-64
219000387,0,0,0
219000390,8,0,8
219000391,5,1,4
219000397,40,86,-46
219000398,68,34,34
219000401,2,38,-36
219000402,7,49,-42
219000403,14,81,-67
219000404,18,25,-7
219000407,0,3,-3
219000409,0,0,0
219000410,0,0,0
219000411,0,0,0
219000446,176,334,-158
219000447,1,50,-49
219000448,3,1,2
219000452,51,29,22
219000453,39,55,-16
219000454,253,99,154
219000556,38,6,32
219000558,41,258,-217
219000590,5,140,-135
219000591,9,4,5
219000592,76,363,-287
219000595,1,44,-43
219000635,12,4,8
219000636,13,112,-99
219000657,11,12,-1
219000658,11,25,-14
219000673,0,3,-3
219000676,1,1,0
219000679,16,10,6
219000684,22,1,21
219000685,0,110,-110
219000686,1,0,1
219000688,0,104,-104
219000689,76,107,-31
219000690,0,0,0
219000691,6,6,0
219000692,0,0,0
219000693,0,27,-27
219000694,16,0,16
219000695,5,0,5
219000698,0,0,0
219000699,0,11,-11
219000727,2,127,-125
219000728,32,1,31
219000770,0,0,0
219000771,1,25,-24
219001150,1,2,-1
219001151,1,2,-1
219001166,0,0,0
219001167,5,22,-17
220000001,7,15,-8
220000002,4,102,-98
220000003,185,283,-98
220000004,373,559,-186
220000005,890,1087,-197
220000006,64,558,-494
220000007,113,700,-587
220000008,57,865,-808
220000009,80,403,-323
220000010,25,75,-50
220000011,319,613,-294
220000012,35,79,-44
220000014,24,62,-38
220000015,4,28,-24
220000017,34,256,-222
220000018,2732,229,2503
220000019,42,127,-85
220000020,80,169,-89
220000021,161,94,67
220000022,230,318,-88
220000023,52,93,-41
220000024,996,208,788
220000025,969,250,719
220000026,107,61,46
220000027,5,50,-45
220000028,17,17,0
220000029,43,137,-94
220000030,21,70,-49
220000031,69,146,-77
220000064,5,479,-474
221000046,3,0,3
221000047,0,0,0
221000048,0,0,0
221000049,0,7,-7
221000050,2,0,2
221000055,29,41,-12
221000057,27,8,19
221000068,213,50,163
221000069,172,34,138
221000070,89,13,76
221000071,18,4,14
221000072,65,10,55
221000073,69,24,45
221000074,0,16,-16
221000075,5,18,-13
221000076,14,47,-33
221000077,14,90,-76
221000081,9,2,7
221000082,21,1,20
221000083,15,3,12
221000084,1,1,0
221000085,14,56,-42
221000086,13,120,-107
221000087,4,170,-166
221000088,19,136,-117
221000089,32,168,-136
221000090,141,295,-154
221000098,56,12,44
221000099,109,12,97
221000100,24,7,17
221000101,135,20,115
221000102,50,9,41
221000109,8,93,-85
221000110,9,139,-130
221000111,9,108,-99
221000112,6,96,-90
221000113,12,158,-146
221000114,8,135,-127
221000120,2,19,-17
221000121,0,8,-8
221000122,17,6,11
221000123,1,2,-1
221000124,10,405,-395
221000155,43,3,40
221000156,0,10,-10
221000175,1,1,0
221000176,2,2,0
221000182,7,1,6
221000241,395,113,282
221000242,264,216,48
221000243,192,70,122
221000244,125,202,-77
221000245,19,82,-63
221000246,8,134,-126
221000247,10,85,-75
221000248,32,116,-84
221000267,19,509,-490
221000325,16,39,-23
221000331,0,74,-74
221000338,2,10,-8
221000378,43,6,37
221000381,25,56,-31
222000282,0,0,0
222000296,0,7,-7
222000568,85,1,84
222000569,20,6,14
222000570,5,0,5
222000571,27,3,24
222000577,8,190,-182
222000578,10,146,-136
222000579,29,69,-40
222000580,88,598,-510
222000599,0,119,-119
222000600,2,203,-201
222000601,2,624,-622
222000603,1,6,-5
222000604,3,11,-8
222000605,1,5,-4
222000606,0,4,-4
222000607,1,2,-1
222000608,4,19,-15
222000609,22,266,-244
222000616,14,8,6
222000617,0,0,0
222000618,0,0,0
222000620,1,0,1
222000621,0,3,-3
222000623,77,0,77
222000624,17,0,17
222000625,7,40,-33
222000636,12,1,11
222000686,1,2,-1
222000687,0,1,-1
222001066,34,1,33
222001067,4,4,0
222001068,3,11,-8
222001069,2,9,-7
222001082,5,68,-63
222001083,1,54,-53
222001084,0,11,-11
222001085,2,210,-208
222001111,18,243,-225
222001112,2,3,-1
222001313,1,0,1
222001314,0,47,-47
222001464,1,10,-9
222001465,5,76,-71
222001484,3,5,-2
222001485,11,79,-68
222001494,33,17,16
222001495,35,445,-410
222001496,9,6,3
222001497,41,628,-587
222001502,25,126,-101
222001503,0,0,0
222001504,14,247,-233
222001505,0,0,0
222001506,20,157,-137
222001507,1,0,1
222001510,1,0,1
222001511,33,395,-362
222001514,2,1,1
222001515,175,533,-358
222001518,4,0,4
222001519,31,376,-345
222001527,1,0,1
222001528,37,153,-116
222001529,0,0,0
222001530,28,193,-165
222001533,109,490,-381
222001534,0,0,0
222001535,16,20,-4
222001536,35,382,-347
222001537,0,0,0
222001538,54,419,-365
222001563,1,0,1
222001564,16,754,-738
222001568,24,56,-32
222001576,0,0,0
222001579,0,1,-1
222001583,10,256,-246
222001584,1,1,0
222001596,199,1188,-989
222001597,66,42,24
222001626,0,125,-125
222001650,4,23,-19
222001651,4,89,-85
222001914,0,1,-1
222001915,26,156,-130
222900004,84,35,49
222900009,262,663,-401
222900019,13,123,-110
222900024,0,6,-6
222900025,0,28,-28
225000001,41,19,22
225000002,41,10,31
225000003,65,5,60
225000004,37,15,22
225000005,4,4,0
225000006,0,98,-98
225000007,2643,599,2044
225000010,67,5,62
225000011,88,110,-22
225000012,34,51,-17
225000013,8,38,-30
225000014,52,13,39
225000015,67,184,-117
225000021,47,8,39
225000027,143,318,-175
225000032,102,8,94
225000042,48,487,-439
225000049,17,29,-12
225000050,43,3,40
225000053,0,110,-110
225000058,39,24,15
225000067,43,133,-90
225000068,25,417,-392
225000069,68,351,-283
225000070,35,353,-318
225000071,10,263,-253
225000075,22,627,-605
225000076,21,70,-49
225000078,8,8,0
225000085,0,0,0
225000086,0,0,0
225000087,0,0,0
225000088,3,67,-64
225000089,182,297,-115
225000090,3,174,-171
225000091,21,194,-173
225000092,7,60,-53
225000093,46,306,-260
225000094,12,395,-383
225000095,207,408,-201
225000096,44,262,-218
225000098,111,43,68
225000099,58,15,43
225000100,52,13,39
225000104,22,282,-260
225000110,9,367,-358
225000111,98,873,-775
225000112,109,585,-476
225000113,36,531,-495
225000114,25,253,-228
225000115,2420,321,2099
225000116,140,11,129
225000117,71,49,22
225000118,109,23,86
225000119,10,4,6
225000120,32,3,29
225000121,75,1,74
225000123,52,3,49
225000125,37,108,-71
225000126,348,34,314
225000127,415,141,274
225000128,84,60,24
225000132,94,16,78
225000133,113,21,92
225000134,238,36,202
225000135,21,15,6
225000136,41,4,37
225000137,31,21,10
225000138,125,8,117
225000143,102,105,-3
225000144,1,204,-203
225000145,0,0,0
225000146,19,96,-77
225000147,13,231,-218
225000148,1,167,-166
225000149,17,321,-304
225000151,25,189,-164
225000155,87,228,-141
225000156,80,348,-268
225000157,108,238,-130
225000158,19,382,-363
225000171,2,118,-116
225000180,9,0,9
225000181,0,31,-31
225000182,1,0,1
225000185,5,207,-202
225000187,40,388,-348
225000191,0,2,-2
225000194,0,1,-1
225000208,0,30,-30
225000209,0,0,0
225000210,5,111,-106
225000217,0,10,-10
225000218,1,0,1
225000223,0,24,-24
225000224,5,0,5
225000225,0,5,-5
225000226,8,0,8
225000227,34,50,-16
225000228,3,0,3
225000229,0,50,-50
225000230,0,0,0
225000231,0,74,-74
225000232,9,0,9
225000241,1,0,1
225000242,0,27,-27
225000249,2,0,2
225000250,24,554,-530
225000251,94,9,85
225000254,0,0,0
225000256,0,6,-6
225000257,0,6,-6
226000042,213,250,-37
226000043,16,183,-167
226000044,47,501,-454
226000045,31,366,-335
226000046,110,36,74
226000047,73,34,39
226000048,162,27,135
226000049,49,54,-5
226000070,0,50,-50
226000071,0,59,-59
226000072,0,2,-2
226000073,0,6,-6
226000074,0,4,-4
226000084,0,48,-48
226000085,2,3,-1
226000086,1,8,-7
226000087,0,12,-12
226000088,22,13,9
226000090,49,4,45
226000091,6,0,6
226000092,1,0,1
226000093,5,0,5
226000094,1,0,1
226000095,15,1,14
226000105,0,0,0
226000106,2,0,2
226000107,6,0,6
226000108,6,0,6
226000109,34,0,34
226000124,102,52,50
226000134,169,151,18
226000135,362,289,73
226000136,66,107,-41
226000137,19,250,-231
226000138,2,165,-163
226000139,4,15,-11
226000156,39,1,38
226000157,119,5,114
226000163,19,33,-14
226000202,1,277,-276
226000231,81,6,75
226000232,18,2,16
227000033,80,31,49
227000036,78,10,68
227000037,71,10,61
227000038,38,7,31
227000084,0,21,-21
227000085,0,22,-22
227000088,6,0,6
227000089,33,1,32
227000090,16,0,16
227000091,3,0,3
227000092,5,0,5
227000093,14,0,14
227000094,2,1,1
227000130,8,51,-43
227000131,4,231,-227
227000132,5,212,-207
227000133,3,248,-245
227000134,8,316,-308
227000152,0,2,-2
227000153,0,27,-27
227000154,0,14,-14
227000155,1,13,-12
227000156,0,13,-13
227000165,1,18,-17
227000196,80,347,-267
227000199,18,533,-515
227000230,28,499,-471
227000232,16,3,13
227000242,36,310,-274
227000243,217,42,175
227000245,7,263,-256
227000246,55,380,-325
227000247,106,61,45
227000248,43,11,32
227000249,12,178,-166
227000250,136,92,44
227000251,59,156,-97
227000252,12,318,-306
227000253,24,15,9
227000262,90,11,79
227000266,34,4,30
227000267,22,1949,-1927
227000282,10,251,-241
227000284,33,1,32
227000286,8,100,-92
227000291,18,532,-514
227000296,109,69,40
227000484,73,4,69
227000485,22,544,-522
227000655,12,1,11
227000656,133,7,126
227000657,3,2,1
227000704,2,0,2
229000265,1,0,1
229000266,0,0,0
229000267,2,0,2
229000268,0,0,0
229000269,5,0,5
229000274,0,5,-5
229000275,1,7,-6
229000276,1,9,-8
229000277,0,1,-1
229000278,0,10,-10
229000295,12,28,-16
229000296,3,4,-1
229000297,10,22,-12
229000298,14,56,-42
229000320,0,3,-3
229000321,2,4,-2
229000412,3,55,-52
229000414,3,45,-42
229000415,2,0,2
229000416,0,2,-2
229000417,1,11,-10
229000419,44,228,-184
229000440,85,31,54
229000442,1,11,-10
229000443,0,7,-7
229000444,0,19,-19
229000445,4,0,4
229000446,5,4,1
229000491,0,54,-54
229000492,20,137,-117
229000493,2,133,-131
229000494,31,31,0
229000495,98,133,-35
229000496,17,121,-104
229000507,0,29,-29
229000508,6,28,-22
229000509,1,38,-37
229000510,1,35,-34
229000511,4,88,-84
229000512,1,53,-52
229000513,0,8,-8
229000514,1,5,-4
229000517,1,13,-12
229000518,8,47,-39
229000519,0,17,-17
229000520,4,51,-47
229000521,21,42,-21
229000522,2,32,-30
229000523,4,46,-42
229000524,4,24,-20
229000527,3,7,-4
229000528,0,4,-4
229000529,11,0,11
229000530,69,42,27
229000531,26,24,2
229000532,22,16,6
229000533,206,57,149
229000534,102,20,82
229000564,81,16,65
229000565,21,6,15
229000566,0,23,-23
229000567,0,129,-129
229000582,289,17,272
229000583,9,29,-20
229000584,1,48,-47
229000585,11,48,-37
229000718,0,3,-3
229000719,0,1,-1
229000720,0,24,-24
229000721,0,24,-24
229000722,0,47,-47
229000723,0,25,-25
229000724,0,4,-4
229000725,0,6,-6
229000738,9,3,6
229000739,1,0,1
229000740,4,0,4
229000741,31,2,29
229000742,25,1,24
229000743,33,3,30
229000744,2,0,2
229000745,3,0,3
229000746,55,0,55
229000847,15,0,15
229000848,12,0,12
229000849,128,2,126
229000851,14,0,14
229000854,1,56,-55
229000856,4,159,-155
229000857,0,53,-53
229000858,1,153,-152
229000919,2,79,-77
229000930,2,118,-116
229000937,141,27,114
229000966,46,18,28
229000981,6,26,-20
229000985,1,37,-36
229000986,0,10,-10
229000987,0,1,-1
229000988,0,0,0
229000989,2,7,-5
229000990,0,4,-4
229000991,0,0,0
229000992,4,0,4
229000993,61,4,57
229000998,36,20,16
229000999,31,5,26
229001034,0,18,-18
229001035,2,0,2
229001036,6,30,-24
229001037,12,0,12
229001038,0,2,-2
229001039,0,0,0
229001040,0,51,-51
229001041,13,0,13
229001042,4,2,2
229001047,4,32,-28
229001050,10,1,9
229001168,0,10,-10
229001200,3,0,3
229001338,0,29,-29
229001394,297,0,297
229001422,218,51,167
229001423,12,111,-99
229001431,90,62,28
229001432,26,64,-38
229001444,53,23,30
229001445,20,115,-95
229001479,9,20,-11
229001503,151,87,64
229001504,48,161,-113
229001505,173,45,128
229001506,20,138,-118
229001509,9,1,8
229001510,3,16,-13
229001545,67,10,57
229001546,3,110,-107
229001553,64,19,45
229001554,9,99,-90
229001630,18,2,16
229001631,24,25,-1
229001635,0,8,-8
229001636,0,2,-2
229001658,0,55,-55
229001659,160,7,153
229001660,0,5,-5
229001661,1,14,-13
229001662,18,0,18
229001663,0,15,-15
229002584,73,65,8
229002831,73,86,-13
229002841,1,34,-33
229002842,2,11,-9
229002843,6,7,-1
229002844,6,55,-49
229002845,0,49,-49
229002846,1,8,-7
229002847,3,2,1
229002848,0,1,-1
229002849,0,25,-25
229002850,2,1,1
229002851,8,63,-55
229002852,8,17,-9
229002853,14,7,7
229002854,7,41,-34
229002855,0,54,-54
229002856,2,4,-2
229002857,0,49,-49
229002858,1,4,-3
229002859,2,10,-8
229002860,1,0,1
229002861,6,7,-1
229002862,2,10,-8
229002863,4,13,-9
229002864,1,20,-19
229002865,1,5,-4
229002866,2,5,-3
229002867,0,17,-17
229002868,1,3,-2
229002869,4,87,-83
229002870,4,4,0
235000066,50,49,1
235000067,117,154,-37
235000072,65,199,-134
235000073,16,60,-44
235000074,7,21,-14
235000080,2,60,-58
235000081,58,107,-49
235000082,30,35,-5
235000083,33,37,-4
235000084,7,25,-18
235000085,61,39,22
235000089,4,18,-14
235000092,0,41,-41
235000093,6,2,4
235000097,3,1,2
235000098,22,27,-5
235000099,0,8,-8
235000115,54,126,-72
235000116,7,38,-31
235000117,669,7,662
235000133,8,168,-160
235000134,2,53,-51
235000206,10,0,10
235000207,0,1,-1
235000208,0,0,0
235000209,0,0,0
235000210,1,3,-2
235000212,1,6,-5
235000213,0,3,-3
235000220,1,2,-1
235000221,8,14,-6
235000238,2,16,-14
235000239,1,4,-3
235000242,149,139,10
235000245,816,160,656
235000246,4,60,-56
235000284,3,71,-68
235000295,0,0,0
235000305,3,0,3
235000306,0,0,0
235000307,0,0,0
235000308,0,0,0
235000309,0,0,0
235000310,0,0,0
235000311,0,3,-3
235000322,1,13,-12
235000323,0,56,-56
235000324,0,21,-21
235000325,0,16,-16
235000326,6,198,-192
235000351,2,35,-33
235000352,8,33,-25
235000353,2,28,-26
235000354,0,34,-34
235000355,0,41,-41
235000356,0,0,0
235000357,0,0,0
235000358,0,0,0
235000359,0,0,0
235000360,0,0,0
235000361,0,0,0
235000381,10,155,-145
235000382,30,28,2
235000390,13,1,12
235000391,55,18,37
235000392,58,94,-36
235000393,39,44,-5
235000395,45,20,25
235000396,117,36,81
235000399,15,4,11
235000400,37,14,23
235000401,17,172,-155
235000402,1,66,-65
235000405,32,302,-270
235000406,13,223,-210
235000407,29,123,-94
235000409,137,176,-39
235000410,6,56,-50
235000411,0,76,-76
235000485,0,5,-5
235000486,1,0,1
235000549,28,60,-32
235000550,60,204,-144
235000599,54,55,-1
235000600,2,4,-2
235000601,11,8,3
235000602,22,64,-42
235000614,1,2,-1
235000648,0,17,-17
235000649,18,0,18
235000685,0,2,-2
235000815,3,25,-22
235000834,0,5,-5
235000855,19,43,-24
235000862,13,155,-142
235000891,0,3,-3
235000892,23,21,2
235000901,37,89,-52
235000907,2,6,-4
235001010,18,40,-22
235001029,112,75,37
235001030,596,106,490
235001078,26,54,-28
235001079,18,87,-69
235001147,1,31,-30
235001166,22,36,-14
235001167,10,41,-31
235001169,5,188,-183
235001188,0,0,0
235001189,0,0,0
235001197,2,5,-3
235001200,27,21,6
235001208,1,4,-3
235001209,0,7,-7
235001210,0,26,-26
235001239,2,27,-25
235001244,0,0,0
235016267,0,2,-2
235900013,3,4,-1
235900014,0,2,-2
241900007,49,1,48
277101746,0,43,-43
277102712,37,22,15
277103813,1,1,0
277103814,0,0,0
277103898,0,3,-3
990010990,9,108,-99
990011530,0,190,-190
990014944,1,423,-422
990015176,4,2,2
990015618,2,65,-63
990015888,20,50,-30
990016032,0,274,-274
990032570,6,84,-78
990070001,0,1,-1
990070103,0,0,0
990070601,0,53,-53
990070751,39,3,36
990070766,3,808,-805
990071180,0,109,-109
990071343,0,0,0
990071387,0,2,-2
990071823,24,2,22
990072600,3,422,-419
990072964,0,474,-474
990073285,0,3,-3
990074393,4,998,-994
990074714,3,39,-36
990074870,78,30,48
990075106,36,0,36
990075746,20,1,19
990076437,47,2,45
990076458,4,1027,-1023
997000007,44,2,42
997000041,0,118,-118
997000058,0,2,-2
997000062,0,0,0
997000069,0,1,-1
997000070,0,36,-36
997000100,0,0,0
997000141,0,13,-13
997000198,0,3,-3
998000475,0,8,-8
998000736,2,283,-281
998000965,0,1,-1
998001031,0,20,-20
998001072,398,230,168
998001091,0,3,-3
998001093,0,2,-2
998001103,0,3,-3
998001105,1,18,-17
998001700,0,20,-20
998001899,0,0,0
998001900,4,1,3
998003073,4,4,0
998003124,1,23,-22
998003125,4,136,-132
998101900,0,0,0
998102850,0,60,-60
998501819,0,0,0
998501820,0,9,-9
998501832,57,59,-2
998501927,0,178,-178
998501929,28,2,26
998501930,34,0,34
998501931,6,3,3
998501932,11,1,10
998501933,0,0,0
998501937,0,2,-2
998501944,0,2,-2
998501950,0,0,0
998501970,1,6,-5
998501971,1,79,-78
998501972,112,0,112
998501973,0,115,-115
998501974,0,176,-176
998501975,13,0,13
998501976,2,1,1
998501977,0,17,-17
998501978,0,0,0
998501979,0,4,-4
998501980,1,1,0
998501981,3,0,3
998501982,0,90,-90
998502006,0,0,0
998502024,0,2,-2
998502032,1,2,-1
998502062,0,0,0
998502063,0,0,0
998502173,19,1,18
998502269,0,1,-1
998601159,2,249,-247
998601292,1,16,-15
999033574,2,12,-10
999800001,5,1,4
999800002,0,0,0
999800003,1,0,1
999800004,0,9,-9
999800005,0,17,-17
