ID,insum,outsum,diff
100000001,780,1422,-642
100000002,6316,1861,4455
100000003,10038,5325,4713
100000004,2038,1717,321
100000005,2973,6613,-3640
100000006,1134,171,963
100000007,4771,927,3844
100000008,311,827,-516
100000009,1013,868,145
100000010,83,154,-71
100000011,1189,114,1075
100000012,155,1004,-849
100000013,108,391,-283
100000014,703,405,298
100000015,2540,3498,-958
100000016,1658,2084,-426
100000017,1648,1398,250
100000018,2672,994,1678
100000019,9826,2888,6938
100000020,3579,12858,-9279
100000021,9447,4238,5209
100000022,5312,2742,2570
100000023,10748,2298,8450
100000025,5581,1376,4205
100000028,4662,1567,3095
100000029,500,381,119
100000030,953,159,794
100000031,12231,12465,-234
100000032,5050,7463,-2413
100000033,2132,5228,-3096
100000034,1437,683,754
100000035,3652,1667,1985
100000036,4522,1678,2844
100000037,795,742,53
100000038,2571,1638,933
100000039,2207,412,1795
100000040,479,269,210
100000041,1782,670,1112
100000042,1593,667,926
100000043,1607,572,1035
100000044,524,822,-298
100000045,964,2141,-1177
100000046,1280,2168,-888
100000047,938,1258,-320
100000048,2032,1092,940
100000049,3062,3608,-546
100000051,1123,1621,-498
100000053,153,16,137
100000054,618,54,564
100000055,1807,320,1487
100000056,774,904,-130
100000057,2984,1235,1749
100000058,1843,1854,-11
100000059,15,191,-176
100000060,555,833,-278
100000061,3153,971,2182
100000062,2718,989,1729
100000063,859,501,358
100000064,2454,726,1728
100000065,895,1652,-757
100000066,352,1450,-1098
100000067,801,1354,-553
100000068,894,2511,-1617
100000069,597,2642,-2045
100000072,652,1609,-957
100000073,2834,2093,741
100000075,901,477,424
100000076,4765,4531,234
100000077,1272,303,969
100000078,193,79,114
100000079,81,132,-51
100000080,56,67,-11
100000081,223,108,115
100000102,10045,2438,7607
100000103,7983,2201,5782
100000104,9352,3494,5858
100000105,6483,1809,4674
100000106,5723,3209,2514
100000107,1874,1119,755
100000108,2604,1840,764
100000109,9269,2095,7174
100000116,2643,1464,1179
100000117,139,66,73
100000118,3339,1675,1664
100000119,1407,1052,355
100000121,490,797,-307
100000122,4340,1701,2639
100000123,5909,9938,-4029
100000124,8503,14878,-6375
100000125,4745,1769,2976
100000126,2267,485,1782
100000127,4611,538,4073
100000128,2333,3542,-1209
100000129,1096,728,368
100000130,486,803,-317
100000131,4637,6100,-1463
100000132,2261,4837,-2576
100000133,9715,4664,5051
100000135,758,1316,-558
100000139,650,323,327
100000140,774,362,412
100000142,670,834,-164
100000143,2767,1280,1487
100000144,6755,1448,5307
100000147,1839,4099,-2260
100000150,129,714,-585
100000151,1576,1607,-31
100000153,1417,611,806
100000154,675,208,467
100000155,36,115,-79
100000156,403,137,266
100000157,88,105,-17
100000158,214,106,108
100000159,1281,854,427
100000165,2474,1170,1304
100000169,1594,387,1207
100000174,3095,546,2549
100000179,140,910,-770
100000180,7731,3208,4523
100000181,371,412,-41
100000188,149,700,-551
100000189,3174,646,2528
100000190,1293,863,430
100000191,1460,657,803
100000192,163,239,-76
100000193,236,189,47
100000330,2900,1299,1601
100000355,461,1183,-722
100000362,8760,4997,3763
100000363,4830,6759,-1929
100000364,837,210,627
100000365,6233,7098,-865
100000366,9782,4173,5609
100000367,7305,5844,1461
100000368,3643,2585,1058
100000369,2607,2686,-79
100000370,531,762,-231
100000376,189,218,-29
100000379,9053,2635,6418
100000380,13134,4704,8430
100000384,12955,7457,5498
100000385,11154,6374,4780
100000386,16802,9558,7244
100000387,14421,7891,6530
100000388,13717,11986,1731
100000389,13653,10007,3646
100000390,14513,7710,6803
100000391,9739,11526,-1787
100000392,8231,4328,3903
100000393,4573,5164,-591
100000394,15759,8926,6833
100000395,8899,3201,5698
100000396,11148,4137,7011
100000397,7108,4023,3085
100000398,18325,11929,6396
100900002,74,91,-17
100900003,360,191,169
100900004,51,1416,-1365
100900005,214,25,189
100900006,21,260,-239
100900007,861,16,845
100900008,5,531,-526
100900009,111,97,14
100900010,189,209,-20
100900011,158,556,-398
100900012,0,389,-389
100900013,1608,11,1597
100900014,1,26,-25
100900015,224,269,-45
100900016,0,94,-94
100900017,1465,134,1331
100900018,0,30,-30
100900019,59,316,-257
100900020,698,4,694
100900021,584,5,579
100900022,15,52,-37
100900023,0,104,-104
100900024,1610,15,1595
100900025,16,27,-11
100900026,186,208,-22
100900027,866,4641,-3775
100900028,221,258,-37
100900029,135,19,116
100900030,53,56,-3
100900031,825,125,700
100900032,213,3,210
100900033,457,318,139
100900034,611,4,607
100900035,1406,2,1404
100900036,32,3,29
100900037,95,343,-248
100900038,329,31,298
100900039,816,1064,-248
100900040,421,1272,-851
100900041,766,1108,-342
100900042,1227,465,762
100900043,1,43,-42
100900044,5154,1045,4109
100900045,342,3,339
100900046,1776,16,1760
100900047,1228,348,880
100900048,278,66,212
100900049,107,337,-230
100900050,3,32,-29
100900051,149,74,75
100900052,605,38,567
100900053,435,28,407
100900054,23,129,-106
100900055,591,972,-381
100900056,225,545,-320
100900057,1163,1752,-589
100900058,607,74,533
100900059,181,16,165
100900060,162,12,150
100900061,548,529,19
100900062,6,92,-86
100900063,302,880,-578
100900064,1275,20,1255
100900065,302,146,156
100900066,96,200,-104
100900067,8,16,-8
100900068,280,149,131
100900069,2528,50,2478
100900070,295,4,291
100900071,1024,542,482
100900072,7,63,-56
100900073,221,712,-491
100900074,6,35,-29
100900075,3094,635,2459
100900076,31,84,-53
100900077,38,179,-141
100900078,159,913,-754
100900079,4,52,-48
100900080,44,259,-215
100900081,90,311,-221
100900082,88,1029,-941
100900083,14,65,-51
100900085,7,207,-200
100900086,436,2839,-2403
100900088,160,1128,-968
100900089,0,31,-31
100900090,293,744,-451
100900091,5,46,-41
100900092,564,417,147
100900093,262,766,-504
100900094,160,1079,-919
100900095,4,44,-40
100900096,67,167,-100
100900097,1,9,-8
100900098,25,27,-2
100900099,83,792,-709
100900100,23,484,-461
100900101,579,50,529
100900102,148,138,10
100900103,26,22,4
100900104,14,229,-215
100900105,20,366,-346
100900106,109,12,97
100900107,3540,1125,2415
100900108,16,49,-33
100900109,23,40,-17
100900110,2,60,-58
100900111,57,260,-203
100900112,1,14,-13
100900113,17,38,-21
100900114,14,33,-19
100900115,17,53,-36
100900116,1101,2185,-1084
100900117,458,1337,-879
100900118,77,68,9
100900119,22,37,-15
100900120,5,21,-16
100900121,396,1363,-967
100900122,214,355,-141
100900123,159,264,-105
100900124,8,15,-7
100900125,42,130,-88
100900126,182,673,-491
100900127,3,7,-4
100900128,208,334,-126
100900129,2,190,-188
100900131,161,325,-164
100900133,148,123,25
100900134,9,13,-4
100900135,1,235,-234
100900137,560,266,294
100900138,1301,817,484
100900139,15,18,-3
100900140,9,932,-923
100900141,6,550,-544
100900142,1,20,-19
100900143,1870,610,1260
100900144,20,12,8
100900145,306,248,58
100900146,6,88,-82
100900147,56,456,-400
100900148,49,1596,-1547
100900149,29,250,-221
100900150,4,36,-32
100900151,192,825,-633
100900152,342,8,334
100900153,10,256,-246
100900154,33,61,-28
100900155,10,17,-7
100900156,55,10,45
100900157,22,220,-198
100900159,7,57,-50
100900160,23,32,-9
100900161,156,12,144
100900162,43,308,-265
100900163,265,351,-86
100900164,74,91,-17
100900165,43,81,-38
100900166,51,20,31
100900167,44,128,-84
100900168,72,179,-107
100900169,277,1429,-1152
100900170,34,27,7
100900171,25,914,-889
100900172,1,23,-22
100900173,18,956,-938
100900174,594,71,523
100900176,2131,435,1696
100900177,1158,747,411
100900178,974,200,774
100900179,188,264,-76
100900180,0,4,-4
100900181,161,92,69
100900182,80,61,19
100900184,20,243,-223
100900186,1312,1237,75
100900187,13,211,-198
100900188,49,36,13
100900189,2059,266,1793
100900191,2472,1772,700
100900192,491,406,85
100900195,291,259,32
100900197,72,226,-154
100900198,26,541,-515
100900199,13,21,-8
100900200,840,605,235
100900201,154,1397,-1243
100900202,68,2,66
100900203,1,119,-118
100900204,1412,1948,-536
100900205,264,663,-399
100900206,168,154,14
100900207,294,161,133
100900210,148,1134,-986
100900211,777,320,457
100900213,97,43,54
100900214,1508,299,1209
100900215,25,88,-63
100900217,239,103,136
101000001,7815,3040,4775
101000002,5895,8254,-2359
101000003,1440,4089,-2649
101000004,16618,15652,966
101000005,7170,9929,-2759
101000006,12117,16460,-4343
101000007,4904,5174,-270
101000008,10006,5594,4412
101000009,3026,2933,93
101000010,1778,2370,-592
101000011,4329,1391,2938
101000012,3086,1172,1914
101000013,1021,1960,-939
101000014,1338,1217,121
101000015,1903,1275,628
101000016,2164,902,1262
101000017,1848,938,910
101000018,11197,4308,6889
101000020,9843,1625,8218
101000021,4486,569,3917
101000022,940,106,834
101000023,3950,1381,2569
101000025,491,751,-260
101000026,600,33,567
101000027,5346,2517,2829
101000028,2350,296,2054
101000029,407,1613,-1206
101000030,2751,154,2597
101000031,1326,992,334
101000032,13210,4169,9041
101000033,6475,4585,1890
101000034,8785,2257,6528
101000035,2880,937,1943
101000036,4425,923,3502
101000037,9575,2114,7461
101000039,6881,3923,2958
101000040,8491,4663,3828
101000041,22497,9415,13082
101000042,2442,1792,650
101000043,16138,9784,6354
101000045,3294,1101,2193
101000046,5057,1093,3964
101000047,4056,2724,1332
101000048,2325,1522,803
101000049,1992,2366,-374
101000050,5482,4594,888
101000051,4322,3818,504
101000052,3420,1388,2032
101000053,2529,3212,-683
101000054,3732,2368,1364
101000055,2542,3283,-741
101000056,108,161,-53
101000057,4951,1522,3429
101000058,4881,1796,3085
101000059,8205,2266,5939
101000060,3361,1016,2345
101000061,1592,1986,-394
101000062,1756,1333,423
101000063,1163,1299,-136
101000064,2731,1062,1669
101000065,678,563,115
101000066,910,578,332
101000067,1745,935,810
101000068,888,635,253
101000069,866,136,730
101000070,2456,1642,814
101000071,3970,1532,2438
101000072,2166,6725,-4559
101000073,1239,1095,144
101000074,9490,6028,3462
101000075,10287,4917,5370
101000077,1873,1640,233
101000078,1541,3064,-1523
101000079,823,542,281
101000080,918,415,503
101000081,1608,2348,-740
101000082,5373,4030,1343
101000083,3336,3637,-301
101000084,2092,1468,624
101000085,2498,1995,503
101000086,1677,1682,-5
101000087,1290,2055,-765
101000088,1624,1968,-344
101000089,1479,2640,-1161
101000090,3608,1915,1693
101000091,579,2089,-1510
101000092,1092,1938,-846
101000093,2635,1441,1194
101000094,1107,2246,-1139
101000095,371,1328,-957
101000096,468,1132,-664
101000097,1739,579,1160
101000098,1344,1041,303
101000099,2231,2592,-361
101000100,1802,1407,395
101000101,891,654,237
101000102,3717,591,3126
101000103,1670,821,849
101000104,786,976,-190
101000105,2655,613,2042
101000106,2223,1004,1219
101000107,273,655,-382
101000108,2604,543,2061
101000109,361,128,233
101000110,54,1224,-1170
101000111,265,446,-181
101000113,509,1901,-1392
101000114,9932,4110,5822
101000115,696,360,336
101000116,352,510,-158
101000117,2340,495,1845
101000119,336,148,188
101000120,424,86,338
101000121,206,70,136
101000122,273,111,162
101000123,171,116,55
101000124,399,222,177
101000125,395,702,-307
101000128,2552,459,2093
101000130,499,486,13
101000131,1140,1130,10
101000132,851,3118,-2267
101000135,177,51,126
101000136,536,198,338
101000137,78,442,-364
101000141,4714,5386,-672
101000147,1492,793,699
101000148,2905,42,2863
101000149,371,332,39
101000150,127,1754,-1627
101000151,192,111,81
101000152,561,564,-3
101000153,970,753,217
101000154,362,2716,-2354
101000155,303,236,67
101000156,36,514,-478
101000157,142,71,71
101000160,273,112,161
101000163,361,168,193
101000164,656,641,15
101000165,386,658,-272
101000166,450,768,-318
101000168,1267,538,729
101000252,2265,1270,995
101000254,1147,76,1071
101000258,31,19,12
101000261,125,86,39
101000262,4092,2186,1906
101000263,921,1862,-941
101000265,188,1010,-822
101000266,918,711,207
101000269,407,18,389
101000290,3707,6017,-2310
101000293,57,131,-74
101000294,1042,758,284
101000295,210,1058,-848
101000301,1807,586,1221
101000304,6835,4361,2474
101000305,5772,3280,2492
101900001,36,102,-66
101900002,0,24,-24
101900003,250,157,93
101900004,18,66,-48
101900005,9206,2564,6642
101900006,1480,145,1335
101900007,1236,159,1077
101900008,317,576,-259
101900009,177,910,-733
101900010,1795,1149,646
101900011,656,2862,-2206
101900012,307,846,-539
101900013,2058,179,1879
101900017,45,249,-204
101900018,3613,512,3101
101900019,497,224,273
101900020,72,189,-117
101900021,2,97,-95
101900022,175,2343,-2168
101900023,211,414,-203
101900026,188,52,136
101900027,12,164,-152
102000001,10857,7341,3516
102000002,6826,2847,3979
102000003,6287,12993,-6706
102000004,13491,6279,7212
102000005,3226,4639,-1413
102000006,3885,4485,-600
102000007,2927,10680,-7753
102000008,10608,4071,6537
102000009,9087,12322,-3235
102000010,9414,8734,680
102000011,5923,4143,1780
102000012,7584,7145,439
102000018,6553,4833,1720
102000019,4823,3799,1024
102000026,664,2431,-1767
102000029,577,366,211
102000030,214,722,-508
102000031,89,309,-220
102000032,570,762,-192
102000033,337,850,-513
102000034,843,1213,-370
102000035,2180,1253,927
102000036,17,948,-931
102000037,360,152,208
102000038,778,335,443
102000039,906,156,750
102000040,1155,295,860
102000041,487,552,-65
102000042,605,400,205
102000043,963,443,520
102000044,2256,1233,1023
102000045,1698,2182,-484
102000046,2501,1142,1359
102000047,1209,2771,-1562
102000048,572,1696,-1124
102000049,2499,1491,1008
102000050,2772,2116,656
102000051,874,1215,-341
102000052,2902,1623,1279
102000053,2687,1565,1122
102000054,763,1572,-809
102000055,1233,1524,-291
102000056,961,3311,-2350
102000057,1987,1234,753
102000058,1701,3407,-1706
102000059,2635,3155,-520
102000060,2697,2129,568
102000061,2135,3905,-1770
102000062,2162,2517,-355
102000063,1989,2849,-860
102000064,1012,1419,-407
102000065,81,258,-177
102000066,1492,3295,-1803
102000067,4704,6167,-1463
102000068,19996,5983,14013
102000069,78,2532,-2454
102000070,2562,100,2462
102000071,14423,15362,-939
102000072,5004,9374,-4370
102000073,2374,1790,584
102000074,1343,1720,-377
102000075,582,673,-91
102000076,454,1111,-657
102000077,613,1644,-1031
102000078,1112,1582,-470
102000079,252,401,-149
102000080,393,485,-92
102000081,477,1136,-659
102000082,1382,571,811
102000083,687,650,37
102000084,261,692,-431
102000085,3206,2170,1036
102000086,1845,2651,-806
102000087,1851,2734,-883
102000088,420,523,-103
102000089,1777,802,975
102000090,827,1698,-871
102000091,3111,950,2161
102000092,779,1766,-987
102000093,1011,1319,-308
102000094,1663,913,750
102000095,1512,2653,-1141
102000096,1186,1379,-193
102000097,1772,1942,-170
102000098,897,1774,-877
102000099,1797,997,800
102000100,1138,1744,-606
102000101,2174,1021,1153
102000102,540,5604,-5064
102000103,2370,755,1615
102000104,2026,679,1347
102000105,423,1423,-1000
102000106,991,1710,-719
102000107,1496,890,606
102000108,937,684,253
102000109,1123,1061,62
102000110,1030,2429,-1399
102000111,19,684,-665
102000112,277,154,123
102000113,19,59,-40
102000114,1806,680,1126
102000115,369,377,-8
102000116,984,516,468
102000117,466,814,-348
102000118,3498,1724,1774
102000119,3943,1037,2906
102000120,382,957,-575
102000121,1376,874,502
102000122,747,1420,-673
102000123,2269,1769,500
102000124,2621,1801,820
102000125,1123,1948,-825
102000126,1050,1126,-76
102000127,1460,1249,211
102000128,918,1739,-821
102000129,1751,1347,404
102000130,768,1431,-663
102000131,3118,1639,1479
102000132,1225,1971,-746
102000133,1912,3855,-1943
102000134,993,1663,-670
102000135,1506,2247,-741
102000136,2059,1366,693
102000137,1587,1547,40
102000138,426,747,-321
102000139,293,780,-487
102000140,774,702,72
102000141,865,1150,-285
102000142,580,664,-84
102000143,240,816,-576
102000144,343,623,-280
102000145,523,784,-261
102000146,633,589,44
102000147,665,691,-26
102000148,316,794,-478
102000149,283,1074,-791
102000150,296,554,-258
102000151,230,567,-337
102000152,198,318,-120
102000153,1536,778,758
102000154,928,1139,-211
102000155,165,511,-346
102000156,1121,173,948
102000157,292,346,-54
102000158,1319,1064,255
102000159,2399,866,1533
102000161,6984,3671,3313
102000162,499,309,190
102000163,197,892,-695
102000164,1996,1470,526
102000165,495,239,256
102000166,60,289,-229
102000167,370,305,65
102000168,350,177,173
102000169,188,1369,-1181
102000170,1301,290,1011
102000171,620,211,409
102000172,695,718,-23
102000173,1239,423,816
102000174,91,99,-8
102000175,232,287,-55
102000176,70,87,-17
102000178,528,911,-383
102000179,815,361,454
102000180,1044,991,53
102000181,685,1017,-332
102000182,752,1040,-288
102000183,2018,3118,-1100
102000184,2084,1415,669
102000185,3112,2214,898
102000186,1369,3074,-1705
102000187,1160,2853,-1693
102000188,1234,2689,-1455
102000189,4551,1522,3029
102000190,886,4616,-3730
102000191,2121,1003,1118
102000192,1543,2089,-546
102000193,69,307,-238
102000194,175,245,-70
102000195,1118,923,195
102000196,296,906,-610
102000197,763,842,-79
102000198,293,1548,-1255
102000199,1199,670,529
102000200,599,1998,-1399
102000201,900,862,38
102000202,2,215,-213
102000203,524,583,-59
102000204,560,1769,-1209
102000205,1691,1081,610
102000206,1389,1356,33
102000207,2277,826,1451
102000208,929,1069,-140
102000209,93,108,-15
102000210,621,894,-273
102000211,949,773,176
102000212,319,34,285
102000213,3,552,-549
102000214,281,18,263
102000215,2,718,-716
102000216,73,95,-22
102000217,14,310,-296
102000218,297,287,10
102000219,700,521,179
102000225,970,1312,-342
102000226,11125,2377,8748
102000227,455,3,452
102000228,3,176,-173
102000229,68,68,0
102000230,458,938,-480
102000231,542,899,-357
102000232,26,580,-554
102000233,780,1781,-1001
102000234,134,1784,-1650
102000236,468,153,315
102000237,1567,355,1212
102000238,333,718,-385
102000240,1258,846,412
102000241,434,265,169
102000243,28,177,-149
102000245,63,181,-118
102000246,52,119,-67
102000247,2226,2348,-122
102000248,1249,1737,-488
102000249,145,314,-169
102000250,85,698,-613
102000254,115,680,-565
102000266,103,462,-359
102000271,94,1,93
102000286,835,742,93
102000297,3190,2155,1035
102000299,0,0,0
102000301,0,0,0
102000303,0,0,0
102000305,0,1,-1
102000307,0,14,-14
102000308,0,4,-4
102900001,1916,1838,78
102900002,439,73,366
102900003,70,378,-308
102900005,401,691,-290
102900006,718,437,281
102900007,463,35,428
102900008,279,173,106
102900009,740,463,277
102900010,1112,635,477
102900011,3106,834,2272
102900012,618,131,487
102900013,30,81,-51
102900015,1154,599,555
102900016,67,177,-110
102900017,264,1070,-806
102900018,20,215,-195
102900019,956,1257,-301
102900020,189,60,129
102900021,41,210,-169
102900022,864,154,710
102900023,36,80,-44
102900024,47,99,-52
102900025,490,199,291
102900026,1511,2346,-835
102900027,120,113,7
102900028,216,1249,-1033
102900029,249,342,-93
102900030,765,510,255
102900031,188,218,-30
102900032,126,182,-56
102900033,165,362,-197
102900034,557,193,364
102900035,200,620,-420
102900036,341,984,-643
102900037,360,1211,-851
102900038,737,1225,-488
102900039,65,748,-683
102900040,204,480,-276
102900041,107,398,-291
102900042,258,671,-413
102900043,223,527,-304
102900044,1225,3419,-2194
102900045,165,952,-787
102900046,136,505,-369
102900047,82,1071,-989
102900048,1009,1110,-101
102900049,144,573,-429
102900050,615,619,-4
102900051,288,374,-86
102900052,97,49,48
102900053,623,1239,-616
102900054,1786,1808,-22
102900055,243,256,-13
102900056,253,783,-530
102900057,17,54,-37
102900058,506,126,380
102900059,27,60,-33
102900060,186,675,-489
102900061,251,847,-596
102900062,249,1851,-1602
102900063,1399,795,604
102900064,329,939,-610
102900065,2887,749,2138
102900066,537,95,442
102900068,204,142,62
102900070,438,1153,-715
102900072,31,61,-30
102900073,245,19,226
102900075,31,69,-38
102900076,421,141,280
102900077,70,63,7
102900078,92,211,-119
102900079,341,16,325
102900080,425,53,372
102900081,125,382,-257
102900082,9,351,-342
102900083,552,19,533
102900084,18,56,-38
102900085,368,192,176
102900086,20,74,-54
102900087,172,143,29
102900088,93,35,58
102900089,544,296,248
102900090,6,865,-859
102900091,287,11,276
102900092,420,1728,-1308
102900093,398,527,-129
102900094,0,88,-88
102900095,430,11,419
102900096,89,26,63
102900097,2,191,-189
103000001,3735,4634,-899
103000002,5290,4261,1029
103000003,9349,4989,4360
103000004,1410,1182,228
103000005,3596,5871,-2275
103000006,1064,2679,-1615
103000007,726,1446,-720
103000008,2304,1623,681
103000009,2284,2031,253
103000010,241,217,24
103000011,2342,1977,365
103000012,1898,2305,-407
103000013,10386,3394,6992
103000014,2081,4906,-2825
103000015,4236,1194,3042
103000016,759,2568,-1809
103000017,253,707,-454
103000018,2031,748,1283
103000019,371,402,-31
103000020,4118,2356,1762
103000021,3372,2144,1228
103000022,1557,1861,-304
103000023,930,2958,-2028
103000024,200,323,-123
103000025,129,884,-755
103000026,2417,253,2164
103000027,443,1033,-590
103000028,966,648,318
103000029,629,515,114
103000030,3373,1365,2008
103000031,2958,4135,-1177
103000032,2737,3031,-294
103000033,3955,4795,-840
103000034,2548,1693,855
103000035,684,2666,-1982
103000036,773,918,-145
103000037,1094,815,279
103000038,838,2179,-1341
103000039,435,799,-364
103000040,690,2441,-1751
103000041,2464,4316,-1852
103000042,1510,1078,432
103000043,668,2237,-1569
103000044,197,426,-229
103000046,405,874,-469
103000047,1101,1161,-60
103000048,238,340,-102
103000049,155,330,-175
103000050,1435,1221,214
103000051,766,1148,-382
103000052,1267,826,441
103000053,270,964,-694
103000054,3567,1968,1599
103000055,2422,3574,-1152
103000056,829,3134,-2305
103000057,478,570,-92
103000058,817,1532,-715
103000059,514,1457,-943
103000060,1117,1358,-241
103000061,545,1775,-1230
103000062,1777,1176,601
103000063,1145,1303,-158
103000064,197,470,-273
103000065,10,515,-505
103000066,243,6,237
103000069,371,702,-331
103000070,1367,1661,-294
103000071,1585,586,999
103000072,165,1548,-1383
103000073,868,240,628
103000074,1281,177,1104
103000075,165,1430,-1265
103000076,472,586,-114
103000077,97,624,-527
103000078,3118,969,2149
103000079,2468,987,1481
103000080,1988,660,1328
103000081,845,1518,-673
103000082,872,385,487
103000083,227,526,-299
103000084,243,10,233
103000085,7,189,-182
103000086,1619,743,876
103000087,373,952,-579
103000088,778,593,185
103000089,671,1075,-404
103000090,2559,1196,1363
103000091,808,694,114
103000092,621,401,220
103000093,475,714,-239
103000094,249,191,58
103000095,121,711,-590
103000096,1009,230,779
103000097,114,1069,-955
103000098,1325,292,1033
103000099,587,827,-240
103000100,151,1470,-1319
103000101,1364,308,1056
103000102,171,1069,-898
103000103,997,419,578
103000104,125,203,-78
103000105,194,267,-73
103000106,31,110,-79
103000107,498,110,388
103000108,897,918,-21
103000109,865,510,355
103000110,782,644,138
103000111,1402,661,741
103000112,964,367,597
103000113,1966,1250,716
103000114,4117,649,3468
103000115,581,921,-340
103000116,607,871,-264
103000117,406,829,-423
103000118,2966,1631,1335
103000119,2978,1043,1935
103000120,225,169,56
103000121,956,1205,-249
103000122,1062,625,437
103000125,24,567,-543
103000126,747,18,729
103000127,1,302,-301
103000128,205,23,182
103000129,0,184,-184
103000130,87,63,24
103000131,265,177,88
103000132,117,256,-139
103000133,26,199,-173
103000134,1221,1522,-301
103000135,1491,496,995
103000136,1486,683,803
103000137,1410,1020,390
103000138,1562,1280,282
103000139,4,104,-100
103000140,357,45,312
103000141,75,203,-128
103000142,212,161,51
103000143,183,304,-121
103000144,260,157,103
103000145,126,67,59
103000150,108,102,6
103000152,786,498,288
103000153,637,292,345
103000156,9,645,-636
103000157,486,12,474
103000159,304,163,141
103000162,301,38,263
103000163,28,36,-8
103000164,75,36,39
103000165,373,720,-347
103000166,293,458,-165
103000167,701,130,571
103000168,148,256,-108
103000169,367,777,-410
103000170,758,918,-160
103000171,51,114,-63
103000172,536,513,23
103000173,673,1450,-777
103000174,262,616,-354
103000175,255,583,-328
103000176,1709,808,901
103000177,1469,746,723
103000178,488,490,-2
103000179,293,58,235
103000183,205,78,127
103000185,104,183,-79
103000186,131,336,-205
103000187,632,1185,-553
103000188,10,84,-74
103000189,2601,1501,1100
103000191,857,1240,-383
103000292,4216,2384,1832
103000293,1992,2461,-469
103000295,196,133,63
103000296,652,5,647
103000297,244,70,174
103000504,372,144,228
103000505,27,32,-5
103000506,2,398,-396
103000507,236,3,233
103000508,71,76,-5
103000509,328,903,-575
103900001,2,653,-651
103900002,3642,280,3362
103900003,3368,283,3085
103900004,149,3,146
103900005,3,452,-449
103900006,2,3,-1
103900007,56,13,43
103900008,61,5,56
103900009,365,510,-145
103900010,235,482,-247
103900011,264,349,-85
103900012,9,37,-28
103900013,71,124,-53
103900014,66,50,16
103900015,32,19,13
103900016,551,332,219
103900017,46,157,-111
103900018,1157,346,811
103900019,78,485,-407
103900020,417,695,-278
103900021,1370,98,1272
103900022,1725,1071,654
103900023,137,0,137
103900024,239,1245,-1006
103900025,28,92,-64
103900026,75,0,75
103900027,877,543,334
103900028,51,364,-313
103900029,1571,286,1285
103900030,697,81,616
103900031,31,0,31
103900032,113,87,26
103900033,577,24,553
103900034,44,469,-425
103900035,95,112,-17
103900036,203,48,155
103900037,156,70,86
103900038,126,245,-119
103900039,71,654,-583
103900040,62,410,-348
103900041,65,59,6
103900042,66,599,-533
103900043,202,287,-85
103900044,406,492,-86
103900045,401,310,91
103900047,67,40,27
103900048,70,21,49
103900049,369,2400,-2031
103900050,5,140,-135
103900051,4,41,-37
103900052,270,924,-654
103900053,257,1912,-1655
103900054,136,981,-845
103900055,612,292,320
103900056,53,107,-54
103900057,37,393,-356
103900058,279,1369,-1090
103900059,0,12,-12
103900060,69,415,-346
103900061,159,88,71
103900062,440,195,245
103900063,7,0,7
103900064,120,3,117
103900065,1157,614,543
103900066,210,30,180
103900067,232,11,221
103900068,4,0,4
103900069,180,16,164
103900070,203,461,-258
103900071,21,285,-264
103900072,11,426,-415
103900073,50,60,-10
103900074,75,131,-56
103900075,238,211,27
103900076,547,1215,-668
103900077,114,184,-70
103900078,251,224,27
103900079,188,374,-186
103900080,25,46,-21
103900081,159,33,126
103900082,18,194,-176
103900083,2819,1855,964
103900084,89,279,-190
103900085,134,132,2
103900086,814,518,296
103900087,15,172,-157
103900088,525,607,-82
103900089,46,275,-229
103900090,5,396,-391
103900091,1346,400,946
103900092,1743,728,1015
103900093,156,503,-347
103900094,4,196,-192
103900095,1308,229,1079
103900096,45,390,-345
103900097,11,903,-892
103900098,298,179,119
103900099,90,344,-254
103900100,291,644,-353
103900101,115,1665,-1550
103900102,2,41,-39
103900104,5,67,-62
103900105,187,355,-168
103900106,0,31,-31
103900107,186,437,-251
103900108,38,705,-667
103900109,103,175,-72
103900110,357,82,275
103900111,141,1421,-1280
103900112,37,67,-30
103900113,199,330,-131
103900114,801,479,322
103900115,333,479,-146
103900116,10282,3659,6623
103900117,224,214,10
103900119,54,72,-18
103900120,91,244,-153
103900122,91,528,-437
103900123,3300,890,2410
103900124,88,852,-764
103900125,156,174,-18
103900126,600,949,-349
103900127,201,1188,-987
103900128,126,277,-151
103900131,41,234,-193
103900133,1735,54,1681
103900134,1,4,-3
103900135,7,10,-3
103900137,0,68,-68
103900138,102,625,-523
103900139,452,2168,-1716
103900140,8,120,-112
103900141,418,125,293
103900142,285,578,-293
103900143,66,6,60
103900144,1,256,-255
103900145,252,597,-345
103900146,451,669,-218
103900147,595,234,361
103900148,243,422,-179
103900149,355,1392,-1037
103900150,14446,6194,8252
103900151,73,308,-235
103900152,544,954,-410
103900153,25,4,21
103900154,2212,3505,-1293
103900155,24,431,-407
103900156,34,366,-332
103900157,69,528,-459
103900158,96,406,-310
103900159,140,163,-23
103900160,54,36,18
103900161,131,333,-202
103900162,58,399,-341
103900163,10,901,-891
103900167,33,150,-117
103900168,192,284,-92
103900169,103,77,26
103900170,0,146,-146
103900171,7,127,-120
103900172,45,65,-20
103900173,20,39,-19
103900174,201,119,82
103900175,81,114,-33
103900176,12,39,-27
103900177,11,69,-58
103900178,68,171,-103
103900179,55,422,-367
103900180,17,229,-212
103900181,101,101,0
103900182,43,52,-9
103900184,1029,129,900
103900185,686,330,356
103900187,120,93,27
103900188,72,34,38
103900189,135,12,123
103900190,162,112,50
103900191,47,92,-45
103900192,51,170,-119
103900193,314,310,4
103900194,122,558,-436
103900195,7,63,-56
103900196,38,45,-7
103900197,19,42,-23
103900198,10,75,-65
103900199,249,118,131
103900200,165,220,-55
103900201,139,348,-209
103900202,13,89,-76
103900203,38,53,-15
103900204,2,188,-186
103900207,3,286,-283
103900208,123,2,121
103900209,14,164,-150
103900210,98,29,69
103900211,745,971,-226
103900212,127,599,-472
103900213,371,423,-52
103900214,958,284,674
103900215,894,378,516
103900216,6,663,-657
103900217,627,161,466
103900218,2,682,-680
103900219,263,709,-446
103900233,147,4,143
103900235,134,47,87
103900236,61,2,59
103900242,19,22,-3
103900243,30,28,2
103900244,137,706,-569
103900245,232,431,-199
103900246,94,85,9
103900247,126,180,-54
103900248,33,91,-58
103900249,56,74,-18
103900250,100,55,45
103900251,2,56,-54
103900253,71,108,-37
103900254,13,80,-67
103900255,95,32,63
103900256,133,50,83
103900257,283,427,-144
103900258,144,5,139
103900259,161,19,142
103900261,10,11,-1
103900262,56,16,40
103900263,132,189,-57
103900264,162,76,86
103900265,203,24,179
103900266,4,141,-137
103900267,15,119,-104
103900268,10,143,-133
103900269,152,51,101
103900270,67,222,-155
103900271,53,276,-223
103900272,81,117,-36
103900273,43,105,-62
103900274,79,32,47
103900275,73,43,30
103900276,8,341,-333
103900277,8,396,-388
104000001,3355,3813,-458
104000002,2891,5906,-3015
104000003,3688,4194,-506
104000004,5312,5065,247
104000005,2209,3393,-1184
104000006,4302,5739,-1437
104000007,6983,6856,127
104000008,621,751,-130
104000009,294,198,96
104000010,242,322,-80
104000011,1466,539,927
104000012,326,732,-406
104000013,209,222,-13
104000014,458,1247,-789
104000015,375,282,93
104000016,826,848,-22
104000018,943,266,677
104000019,741,218,523
104000020,286,1017,-731
104000021,471,955,-484
104000022,241,459,-218
104000023,717,627,90
104000024,370,573,-203
104000026,92,529,-437
104000027,800,829,-29
104000028,463,456,7
104000029,697,910,-213
104000030,387,364,23
104000031,1397,559,838
104000032,284,626,-342
104000033,783,648,135
104000034,402,644,-242
104000035,1064,684,380
104000036,999,965,34
104000037,401,459,-58
104000038,422,468,-46
104000039,301,525,-224
104000040,875,695,180
104000041,731,657,74
104000042,383,660,-277
104000043,447,741,-294
104000044,347,1151,-804
104000045,1815,2048,-233
104000046,2388,2640,-252
104000047,1790,2193,-403
104000048,1639,2706,-1067
104000049,816,679,137
104000050,322,1341,-1019
104000051,203,1003,-800
104000052,1934,2836,-902
104000053,1346,1110,236
104000054,855,835,20
104000055,7541,4276,3265
104000056,2431,424,2007
104000057,265,692,-427
104000058,1030,1340,-310
104000059,938,2496,-1558
104000060,1645,2066,-421
104000061,2372,2195,177
104000062,392,390,2
104000064,870,593,277
104000065,399,859,-460
104000069,2587,1455,1132
104000070,89,713,-624
104000071,230,731,-501
104000072,890,516,374
104000075,108,568,-460
104000076,991,186,805
104000082,4158,4964,-806
104000083,1153,402,751
104000084,238,792,-554
104000085,424,500,-76
104000086,266,636,-370
104000087,614,2626,-2012
104000090,1030,2785,-1755
104000092,1342,4648,-3306
104000094,1582,3354,-1772
104000095,2774,2513,261
104000096,2249,825,1424
104000097,2085,1836,249
104000098,2329,1981,348
104000100,2545,1137,1408
104000101,1743,4931,-3188
104000106,313,919,-606
104000107,868,786,82
104000108,519,1096,-577
104000109,434,172,262
104000110,1392,1768,-376
104000111,8953,3862,5091
104000112,3409,1025,2384
104000116,6,2193,-2187
104000117,169,1753,-1584
104000118,758,462,296
104000119,715,559,156
104000120,294,1813,-1519
104000121,241,1308,-1067
104000122,663,1065,-402
104000123,1862,2114,-252
104000124,1870,4581,-2711
104000125,9231,5767,3464
104000126,524,787,-263
104000127,2346,5718,-3372
104000128,1291,715,576
104000129,949,46,903
104000130,21,541,-520
104000131,2791,880,1911
104000132,1686,1013,673
104000133,1732,1625,107
104000134,1345,2804,-1459
104000135,538,2634,-2096
104000136,1174,5572,-4398
104000137,2095,629,1466
104000138,1927,951,976
104000139,12478,4997,7481
104000141,1529,2644,-1115
104000142,1023,1385,-362
104000143,929,1021,-92
104000144,149,354,-205
104000145,608,405,203
104000146,663,1016,-353
104000147,197,586,-389
104000148,397,262,135
104000149,195,503,-308
104000150,1585,880,705
104000151,682,899,-217
104000152,834,1064,-230
104000153,736,726,10
104000154,1698,1214,484
104000155,525,695,-170
104000157,1689,2608,-919
104000158,998,768,230
104000159,1340,702,638
104000160,2365,2845,-480
104000161,475,314,161
104000162,53,304,-251
104000165,2246,1875,371
104000167,812,1278,-466
104000168,994,6,988
104000169,161,84,77
104000170,862,740,122
104000248,574,1561,-987
104000251,109,481,-372
104000272,0,0,0
104000273,0,0,0
104000274,0,0,0
104000275,0,0,0
104000279,1154,756,398
104000290,186,575,-389
104000291,1071,2132,-1061
104000293,1428,1089,339
104000294,20,0,20
104000295,994,1605,-611
104000296,602,1794,-1192
104000297,1579,3141,-1562
104000298,3523,1934,1589
104000299,1464,3146,-1682
104900001,221,731,-510
104900002,52,263,-211
104900003,81,612,-531
104900004,99,595,-496
104900005,333,392,-59
104900006,359,197,162
104900007,384,449,-65
104900009,212,673,-461
104900010,66,90,-24
104900011,29,3,26
104900012,356,18,338
104900013,217,28,189
104900014,5768,584,5184
104900015,254,12,242
104900016,232,501,-269
104900017,194,357,-163
104900018,27,350,-323
104900019,693,3535,-2842
104900020,117,540,-423
104900021,5,406,-401
104900022,14,191,-177
104900023,0,186,-186
104900024,23,156,-133
104900025,140,702,-562
104900026,2,251,-249
104900027,645,416,229
104900028,37,116,-79
104900029,77,145,-68
104900030,839,378,461
104900031,207,406,-199
104900032,57,314,-257
104900033,229,380,-151
104900034,435,218,217
104900035,343,254,89
104900036,198,133,65
104900037,183,588,-405
104900038,1058,1157,-99
104900039,1157,279,878
104900040,438,153,285
104900041,294,272,22
104900042,205,655,-450
104900043,12,79,-67
104900044,517,337,180
104900045,547,106,441
104900046,234,248,-14
104900047,406,261,145
104900048,369,148,221
104900049,24,6,18
104900050,305,222,83
104900051,411,85,326
104900052,55,1,54
104900053,660,125,535
104900054,196,167,29
104900055,84,0,84
104900056,230,17,213
104900057,33,2,31
104900058,1845,445,1400
104900059,56,39,17
104900060,2,599,-597
104900061,437,904,-467
104900063,0,223,-223
104900064,1,148,-147
104900065,0,260,-260
104900066,1,378,-377
104900067,10,490,-480
104900068,28,378,-350
104900070,222,416,-194
104900071,8,1329,-1321
104900072,78,361,-283
104900073,104,532,-428
104900074,98,358,-260
104900075,101,180,-79
104900076,147,513,-366
104900077,2492,276,2216
104900078,231,926,-695
104900079,290,731,-441
104900080,123,836,-713
104900082,13,638,-625
104900085,12,361,-349
104900087,549,6,543
104900089,145,1,144
104900090,996,948,48
104900091,829,1468,-639
104900093,358,930,-572
104900097,5580,2887,2693
104900098,132,84,48
104900099,319,896,-577
104900100,1397,497,900
104900102,43,467,-424
104900103,799,233,566
104900104,6424,2903,3521
104900106,114,221,-107
104900107,173,512,-339
104900108,54,597,-543
104900109,156,660,-504
104900110,18,82,-64
104900111,238,301,-63
104900112,366,1638,-1272
104900113,810,753,57
104900114,461,1116,-655
104900115,775,877,-102
104900116,399,454,-55
104900118,41,144,-103
104900119,3,64,-61
104900120,120,134,-14
104900121,1,165,-164
104900122,12,167,-155
104900123,48,9,39
104900124,23,0,23
104900125,664,9,655
104900126,137,124,13
104900127,61,84,-23
104900128,118,264,-146
104900129,5002,3216,1786
105000001,3972,2886,1086
105000002,4510,3143,1367
105000003,7239,6023,1216
105000004,801,2432,-1631
105000005,1081,2298,-1217
105000006,2241,3132,-891
105000007,2346,2548,-202
105000008,3902,4536,-634
105000009,2742,4807,-2065
105000010,5676,5308,368
105000011,3531,4083,-552
105000012,6630,5323,1307
105000013,1263,1829,-566
105000014,2553,3785,-1232
105000015,13181,15416,-2235
105000016,6894,3963,2931
105000017,4060,1726,2334
105000018,2813,2329,484
105000019,3549,1796,1753
105000020,634,789,-155
105000021,742,218,524
105000022,381,105,276
105000023,764,406,358
105000028,112,268,-156
105000029,675,1969,-1294
105000030,6842,6404,438
105000033,1825,3704,-1879
105000034,454,1365,-911
105000037,1002,779,223
105000038,3043,2810,233
105000039,4286,3472,814
105000040,1422,1759,-337
105000041,966,2715,-1749
105000042,5707,2485,3222
105000043,3170,3873,-703
105000044,613,750,-137
105000045,539,1522,-983
105000046,1159,617,542
105000047,600,2523,-1923
105000048,996,416,580
105000049,433,1422,-989
105000050,866,695,171
105000051,422,1259,-837
105000052,830,1808,-978
105000053,261,439,-178
105000054,611,1759,-1148
105000055,1656,820,836
105000056,1766,4832,-3066
105000057,1882,1748,134
105000058,2689,2609,80
105000059,991,1089,-98
105000060,978,1293,-315
105000061,848,1007,-159
105000062,1660,2074,-414
105000063,590,1241,-651
105000064,1960,1254,706
105000065,708,1454,-746
105000066,2274,3345,-1071
105000067,2224,1006,1218
105000068,1463,1754,-291
105000069,6606,2148,4458
105000070,1692,1354,338
105000071,1175,1313,-138
105000072,1740,3253,-1513
105000073,1640,1110,530
105000074,2298,1535,763
105000075,1626,1224,402
105000076,2787,1743,1044
105000077,4036,1508,2528
105000078,3053,2010,1043
105000079,3658,2629,1029
105000080,4169,2026,2143
105000081,3935,1238,2697
105000082,2299,1196,1103
105000083,4332,2240,2092
105000084,1642,1684,-42
105000085,2617,2066,551
105000086,823,1759,-936
105000087,4932,3475,1457
105000088,2508,2919,-411
105000089,5567,4012,1555
105000090,1606,1372,234
105000091,2597,2685,-88
105000092,1611,1936,-325
105000093,814,453,361
105000094,540,527,13
105000095,196,785,-589
105000096,2166,1393,773
105000097,2062,1224,838
105000098,2865,1036,1829
105000099,2727,1323,1404
105000100,1686,2220,-534
105000101,3188,4641,-1453
105000102,4706,2849,1857
105000103,3321,5066,-1745
105000104,3250,2124,1126
105000105,1742,4188,-2446
105000106,2171,3070,-899
105000107,1610,1928,-318
105000108,1573,3427,-1854
105000109,1933,3220,-1287
105000110,853,1970,-1117
105000111,944,1296,-352
105000112,1876,1898,-22
105000113,591,1144,-553
105000114,8245,2112,6133
105000115,609,1486,-877
105000116,1067,917,150
105000117,1486,2343,-857
105000118,625,675,-50
105000119,907,2437,-1530
105000120,1241,1171,70
105000121,1475,2644,-1169
105000122,565,922,-357
105000123,2389,2800,-411
105000124,2606,1524,1082
105000125,1393,3797,-2404
105000126,3274,3895,-621
105000127,3695,3978,-283
105000128,1261,2555,-1294
105000129,1802,641,1161
105000130,363,3046,-2683
105000131,1377,1087,290
105000132,1107,944,163
105000133,733,2205,-1472
105000134,1189,998,191
105000135,791,1432,-641
105000136,199,737,-538
105000137,438,405,33
105000138,321,710,-389
105000139,1611,1952,-341
105000140,377,886,-509
105000141,345,1366,-1021
105000142,203,802,-599
105000143,429,1584,-1155
105000144,627,1319,-692
105000145,1015,744,271
105000146,917,1419,-502
105000147,708,762,-54
105000148,1765,1112,653
105000149,3247,3556,-309
105000150,3268,2851,417
105000151,848,726,122
105000152,369,1245,-876
105000153,1148,1030,118
105000154,1555,1611,-56
105000155,523,1313,-790
105000156,1553,1694,-141
105000157,1466,3771,-2305
105000158,3286,1392,1894
105000159,364,2261,-1897
105000160,2963,1095,1868
105000161,1411,2896,-1485
105000162,1225,2946,-1721
105000163,3609,1929,1680
105000164,311,519,-208
105000165,4036,8682,-4646
105000166,13163,840,12323
105000167,6624,2834,3790
105000168,573,1656,-1083
105000169,715,785,-70
105000170,311,2717,-2406
105000171,1857,692,1165
105000172,214,109,105
105000173,141,91,50
105000174,63,75,-12
105000175,76,246,-170
105000176,392,200,192
105000177,433,280,153
105000178,173,1404,-1231
105000179,438,263,175
105000180,171,176,-5
105000181,140,982,-842
105000182,70,68,2
105000183,5379,3438,1941
105000184,1544,1726,-182
105000185,2560,1307,1253
105000186,646,1460,-814
105000187,1120,373,747
105000188,853,277,576
105000189,499,957,-458
105000190,651,686,-35
105000191,527,534,-7
105000192,611,105,506
105000193,261,262,-1
105000194,230,113,117
105000195,541,1826,-1285
105000196,42,237,-195
105000197,399,1339,-940
105000198,918,705,213
105000199,676,875,-199
105000200,298,378,-80
105000201,325,48,277
105000203,6,486,-480
105000204,81,204,-123
105000205,121,388,-267
105000207,959,334,625
105000208,502,955,-453
105000209,389,458,-69
105000212,1717,3135,-1418
105000213,336,319,17
105000214,163,482,-319
105000215,473,505,-32
105000216,206,587,-381
105000217,283,498,-215
105000218,1321,1818,-497
105000221,371,491,-120
105000222,543,82,461
105000223,409,333,76
105000226,121,640,-519
105000227,68,405,-337
105000228,600,1959,-1359
105000229,245,516,-271
105000231,415,519,-104
105000233,963,1057,-94
105000234,1006,2406,-1400
105000235,663,893,-230
105000237,1226,122,1104
105000243,46,559,-513
105000248,289,98,191
105000262,389,3103,-2714
105000269,157,370,-213
105000270,531,166,365
105000271,3,470,-467
105000282,387,104,283
105000287,470,334,136
105000288,689,1049,-360
105000289,4782,2296,2486
105000290,38,8,30
105000402,8108,4621,3487
105000426,1226,798,428
105000438,3977,1248,2729
105000446,26628,9450,17178
105000447,13474,5749,7725
105000454,628,1671,-1043
105000455,446,371,75
105000474,25,2,23
105000477,502,846,-344
105000478,2748,4778,-2030
105000479,431,214,217
105000480,6458,4443,2015
105000481,5213,4218,995
105000482,10396,6403,3993
105000483,2333,2359,-26
105000484,5015,4839,176
105000485,2722,3048,-326
105000486,8652,4686,3966
105000488,9671,7654,2017
105000489,1458,1441,17
105000549,117,246,-129
105000550,1087,2427,-1340
105000551,38,173,-135
105000552,6960,3685,3275
105900001,17,2581,-2564
105900002,2945,793,2152
105900003,22,171,-149
105900004,764,207,557
105900005,35,407,-372
105900006,30,147,-117
105900007,246,31,215
105900008,110,1189,-1079
105900009,37,35,2
105900011,468,69,399
105900012,908,326,582
105900013,2,42,-40
105900014,11,166,-155
105900015,392,788,-396
105900016,609,1153,-544
105900017,1473,85,1388
105900018,290,574,-284
105900019,92,1211,-1119
105900020,81,105,-24
105900021,63,948,-885
105900022,373,590,-217
105900023,5,209,-204
105900024,12,263,-251
105900025,161,89,72
105900026,545,111,434
105900027,14117,10860,3257
105900028,468,296,172
105900029,3758,672,3086
105900030,434,459,-25
105900031,796,306,490
105900032,118,230,-112
105900033,230,260,-30
105900034,314,508,-194
105900035,358,369,-11
105900036,49,350,-301
105900037,141,120,21
105900038,310,708,-398
105900039,130,317,-187
105900040,128,174,-46
105900041,292,857,-565
105900042,122,264,-142
105900043,4149,78,4071
105900044,16,452,-436
105900045,10,1321,-1311
105900046,37,425,-388
105900047,18,66,-48
105900048,125,1019,-894
105900050,7004,5046,1958
105900051,22,2350,-2328
105900052,719,328,391
105900053,7891,4119,3772
105900054,502,679,-177
105900056,1593,560,1033
105900057,61,298,-237
105900058,19,72,-53
105900059,1,53,-52
106000001,6431,3611,2820
106000002,4148,8049,-3901
106000003,4983,5744,-761
106000004,3647,5153,-1506
106000005,3765,9090,-5325
106000006,9304,8457,847
106000007,578,828,-250
106000008,512,568,-56
106000009,688,629,59
106000010,826,888,-62
106000011,1183,1675,-492
106000012,1415,2452,-1037
106000013,2399,3039,-640
106000014,3260,3141,119
106000015,1845,1907,-62
106000016,1786,4244,-2458
106000017,916,1148,-232
106000018,1085,990,95
106000019,458,701,-243
106000020,397,719,-322
106000021,370,792,-422
106000022,520,518,2
106000023,887,588,299
106000024,1269,1320,-51
106000025,127,354,-227
106000026,133,472,-339
106000027,1377,2327,-950
106000028,844,1138,-294
106000029,1249,2058,-809
106000030,1377,675,702
106000034,303,1003,-700
106000035,1370,2457,-1087
106000036,527,628,-101
106000037,3204,2664,540
106000038,766,181,585
106000039,375,133,242
106000040,315,1205,-890
106000041,1571,714,857
106000043,1017,244,773
106000046,609,75,534
106000047,63,618,-555
106000049,1069,301,768
106000050,527,1635,-1108
106000051,1160,632,528
106000052,123,1130,-1007
106000053,320,220,100
106000054,520,729,-209
106000055,1300,2119,-819
106000056,384,686,-302
106000057,310,457,-147
106000058,221,354,-133
106000059,370,490,-120
106000060,751,915,-164
106000061,230,884,-654
106000062,175,1023,-848
106000063,727,1052,-325
106000064,42,593,-551
106000065,557,412,145
106000066,169,668,-499
106000067,624,164,460
106000068,96,1025,-929
106000069,290,139,151
106000070,544,1394,-850
106000071,1472,601,871
106000072,7996,2872,5124
106000073,3207,4573,-1366
106000074,784,1230,-446
106000075,572,2098,-1526
106000076,2155,3154,-999
106000077,6021,2193,3828
106000078,1278,1458,-180
106000079,872,1630,-758
106000080,1574,1310,264
106000081,720,1654,-934
106000082,3394,1517,1877
106000083,478,2234,-1756
106000084,1662,1169,493
106000085,2520,2378,142
106000086,882,1247,-365
106000087,1293,1004,289
106000088,466,1133,-667
106000089,1380,690,690
106000090,340,992,-652
106000091,396,1455,-1059
106000092,1059,380,679
106000093,363,194,169
106000094,193,614,-421
106000095,836,2060,-1224
106000096,1342,1184,158
106000097,1141,2252,-1111
106000098,936,1738,-802
106000099,272,1528,-1256
106000100,1747,403,1344
106000101,1886,504,1382
106000102,321,1161,-840
106000103,402,1082,-680
106000104,1207,822,385
106000105,655,1467,-812
106000106,750,760,-10
106000107,181,744,-563
106000108,254,491,-237
106000109,187,571,-384
106000110,239,548,-309
106000111,469,1020,-551
106000112,247,786,-539
106000113,1948,1098,850
106000114,721,742,-21
106000115,349,1001,-652
106000116,287,423,-136
106000117,1338,1339,-1
106000118,1642,2105,-463
106000119,3353,2191,1162
106000120,1209,1549,-340
106000121,246,283,-37
106000122,166,524,-358
106000123,428,428,0
106000124,75,514,-439
106000125,48,575,-527
106000126,290,256,34
106000127,1332,1713,-381
106000128,963,444,519
106000129,765,1128,-363
106000130,1110,693,417
106000131,206,1591,-1385
106000132,1286,302,984
106000133,6121,2118,4003
106000134,1286,2634,-1348
106000135,317,1453,-1136
106000136,774,1174,-400
106000137,153,2311,-2158
106000138,1507,126,1381
106000139,68,257,-189
106000140,53,164,-111
106000141,164,158,6
106000142,126,154,-28
106000143,66,135,-69
106000144,15,152,-137
106000145,298,535,-237
106000146,370,360,10
106000147,686,1002,-316
106000148,1061,1476,-415
106000149,752,695,57
106000150,1005,3394,-2389
106000151,8269,1305,6964
106000152,2425,3531,-1106
106000153,153,2732,-2579
106000154,2392,478,1914
106000155,122,394,-272
106000156,1136,618,518
106000157,1175,3639,-2464
106000158,5243,1498,3745
106000159,7706,2920,4786
106000160,496,4552,-4056
106000161,2203,835,1368
106000162,257,1533,-1276
106000163,498,960,-462
106000164,396,638,-242
106000165,315,1316,-1001
106000166,1547,562,985
106000167,579,2197,-1618
106000168,486,439,47
106000169,261,1295,-1034
106000170,1016,398,618
106000171,197,1966,-1769
106000172,4916,1847,3069
106000173,1880,4985,-3105
106000174,1624,639,985
106000175,502,1681,-1179
106000176,2292,1343,949
106000177,1169,4191,-3022
106000178,4661,3017,1644
106000179,1761,4374,-2613
106000180,1485,2806,-1321
106000181,993,3147,-2154
106000182,1385,1380,5
106000183,1412,1685,-273
106000184,2268,1707,561
106000185,1314,1788,-474
106000186,1607,278,1329
106000187,371,1666,-1295
106000188,0,4,-4
106000189,6,106,-100
106000190,7,4,3
106000191,836,309,527
106000192,4,67,-63
106000193,561,308,253
106000194,278,760,-482
106000195,1022,285,737
106000196,232,894,-662
106000197,602,634,-32
106000198,216,521,-305
106000199,1566,1304,262
106000200,867,307,560
106000201,893,3731,-2838
106000202,11785,1216,10569
106000203,258,326,-68
106000204,113,9,104
106000205,34,265,-231
106000206,164,45,119
106000207,70,1425,-1355
106000208,1556,206,1350
106000209,1665,561,1104
106000210,402,2288,-1886
106000211,599,2304,-1705
106000212,1181,490,691
106000213,1356,2368,-1012
106000214,4757,996,3761
106000215,528,944,-416
106000216,493,583,-90
106000217,484,772,-288
106000218,625,617,8
106000219,235,522,-287
106000220,517,468,49
106000221,172,395,-223
106000222,51,225,-174
106000223,193,198,-5
106000224,308,452,-144
106000225,121,156,-35
106000226,276,553,-277
106000228,72,205,-133
106000229,127,1176,-1049
106000231,1087,249,838
106000232,105,592,-487
106000233,775,223,552
106000234,234,332,-98
106000235,839,194,645
106000236,404,96,308
106000237,3,13,-10
106000238,38,39,-1
106000239,4,214,-210
106000240,95,15,80
106000241,27,1204,-1177
106000242,419,53,366
106000249,94,150,-56
106000250,132,777,-645
106000251,125,65,60
106000252,41,154,-113
106000253,56,125,-69
106000254,54,103,-49
106000255,41,240,-199
106000256,104,145,-41
106000257,355,464,-109
106000258,402,55,347
106000259,6,70,-64
106000260,48,16,32
106000261,9,62,-53
106000262,152,22,130
106000263,11,133,-122
106000264,328,34,294
106000265,9,220,-211
106000266,217,28,189
106000267,9,135,-126
106000268,854,59,795
106000269,85,109,-24
106000270,289,853,-564
106000271,95,329,-234
106000272,236,109,127
106000273,21,331,-310
106000274,309,72,237
106000275,265,394,-129
106000276,246,134,112
106000277,244,285,-41
106000278,341,90,251
106000279,34,132,-98
106000280,112,301,-189
106000281,97,158,-61
106000282,120,119,1
106000283,172,206,-34
106000284,98,203,-105
106000285,142,255,-113
106000286,103,257,-154
106000287,160,178,-18
106000288,101,280,-179
106000289,105,147,-42
106000290,89,174,-85
106000291,124,175,-51
106000292,123,260,-137
106000293,165,157,8
106000294,252,246,6
106000295,89,83,6
106000296,100,208,-108
106000297,118,425,-307
106000298,277,110,167
106000299,120,323,-203
106000300,163,189,-26
106000301,120,168,-48
106000303,34,148,-114
106000304,61,61,0
106000305,61,82,-21
106000306,40,135,-95
106000307,70,36,34
106000308,33,279,-246
106000309,31,113,-82
106000310,457,1006,-549
106000311,458,321,137
106000312,120,346,-226
106000313,194,386,-192
106000318,276,466,-190
106000319,1337,235,1102
106000320,6,74,-68
106000321,709,132,577
106000322,122,299,-177
106000324,12,260,-248
106000325,1924,1502,422
106000326,1564,3206,-1642
106000327,152,211,-59
106000328,19,195,-176
106000329,227,608,-381
106000330,107,92,15
106000428,75,310,-235
106000429,225,786,-561
106000430,642,2402,-1760
106000431,2825,666,2159
106000432,2673,4966,-2293
106000433,2825,1700,1125
106000434,5341,2239,3102
106000435,3575,4610,-1035
106000436,35,547,-512
106000437,496,61,435
106000438,742,296,446
106000439,95,954,-859
106000440,321,876,-555
106000441,2,0,2
106000442,264,12,252
106000443,132,717,-585
106000450,9,424,-415
106000451,46,63,-17
106000454,4,225,-221
106000455,17,291,-274
106000456,212,34,178
106000457,24,1588,-1564
106000458,679,381,298
106000459,194,671,-477
106000460,1297,84,1213
106000461,85,2837,-2752
106000462,1,27,-26
106000463,1,48,-47
106000464,5,744,-739
106000465,670,6,664
106000466,7,1198,-1191
106000467,749,1171,-422
106000468,89,402,-313
106000469,504,7,497
106000470,433,2545,-2112
106000471,60,1171,-1111
106000472,259,30,229
106000473,34,37,-3
106000474,462,1194,-732
106000475,381,240,141
106000476,220,249,-29
106000477,18,92,-74
106900001,0,32,-32
106900002,2,862,-860
106900003,424,2067,-1643
106900004,3,155,-152
106900006,0,21,-21
106900007,0,35,-35
106900008,339,435,-96
106900009,448,759,-311
106900010,328,578,-250
106900012,3982,3329,653
106900013,914,141,773
106900014,39,1,38
106900015,25,3,22
106900016,369,6,363
106900017,11,1,10
106900018,3,0,3
106900019,27,5,22
106900020,5410,2085,3325
106900021,85,106,-21
106900022,651,3,648
106900023,45,407,-362
106900024,1009,32,977
106900025,90,1282,-1192
106900026,10,1225,-1215
106900027,804,13,791
107000001,5847,4190,1657
107000002,7901,8716,-815
107000003,6999,8870,-1871
107000004,9023,9535,-512
107000005,4633,8284,-3651
107000006,6591,11148,-4557
107000007,7230,16201,-8971
107000008,23852,17948,5904
107000009,8169,10259,-2090
107000010,17368,19333,-1965
107000011,1674,2374,-700
107000012,7399,6921,478
107000013,72,217,-145
107000014,55,419,-364
107000015,740,1361,-621
107000016,874,1759,-885
107000017,11236,2872,8364
107000018,73,1860,-1787
107000020,5892,1812,4080
107000021,2563,1153,1410
107000022,2777,2916,-139
107000023,2814,644,2170
107000024,977,2846,-1869
107000025,377,837,-460
107000026,345,1204,-859
107000027,1669,2242,-573
107000028,1944,2985,-1041
107000029,4191,4267,-76
107000030,4637,5864,-1227
107000031,4734,4276,458
107000032,667,1507,-840
107000033,6569,11618,-5049
107000034,9694,3748,5946
107000035,628,473,155
107000036,873,2736,-1863
107000037,140,1466,-1326
107000038,542,427,115
107000039,1435,1240,195
107000040,255,563,-308
107000041,2722,1061,1661
107000042,1208,2865,-1657
107000043,5231,1631,3600
107000044,1237,494,743
107000045,243,438,-195
107000046,1194,733,461
107000047,775,1324,-549
107000048,1011,464,547
107000049,784,1265,-481
107000050,1565,791,774
107000051,972,698,274
107000052,1895,1466,429
107000053,629,420,209
107000054,117,544,-427
107000055,166,149,17
107000056,662,1388,-726
107000057,2584,377,2207
107000058,3304,3534,-230
107000059,3905,6431,-2526
107000060,6110,8654,-2544
107000061,9998,6929,3069
107000062,5146,4950,196
107000063,6154,9778,-3624
107000064,5716,3914,1802
107000065,6743,9512,-2769
107000066,3339,4645,-1306
107000067,1558,1772,-214
107000068,2826,1065,1761
107000069,1396,890,506
107000070,989,5,984
107000071,3405,68,3337
107000072,98,5915,-5817
107000073,798,409,389
107000074,247,1735,-1488
107000075,1913,777,1136
107000076,1267,2648,-1381
107000077,4419,1613,2806
107000078,3105,5288,-2183
107000079,3659,1150,2509
107000080,2016,5361,-3345
107000081,1802,930,872
107000082,773,3642,-2869
107000083,1511,625,886
107000084,738,3539,-2801
107000085,4238,4985,-747
107000086,5476,6402,-926
107000087,4900,3538,1362
107000088,5107,6927,-1820
107000089,2104,3333,-1229
107000090,1690,2314,-624
107000091,1787,1419,368
107000092,1202,2180,-978
107000093,1687,1288,399
107000094,2280,2300,-20
107000095,1225,1183,42
107000096,1057,1880,-823
107000097,946,587,359
107000098,703,1149,-446
107000099,793,536,257
107000100,577,624,-47
107000101,115,404,-289
107000102,726,610,116
107000103,508,371,137
107000104,416,642,-226
107000105,455,235,220
107000106,350,681,-331
107000107,713,338,375
107000108,388,1287,-899
107000109,880,347,533
107000110,164,1025,-861
107000111,351,70,281
107000112,53,671,-618
107000113,757,188,569
107000114,133,1264,-1131
107000115,624,198,426
107000116,143,1570,-1427
107000117,118,735,-617
107000118,160,492,-332
107000119,3472,2169,1303
107000120,4619,656,3963
107000121,1015,1183,-168
107000122,1543,1686,-143
107000123,456,1481,-1025
107000124,767,1759,-992
107000125,1051,1519,-468
107000126,1184,1542,-358
107000129,399,1235,-836
107000130,865,443,422
107000131,790,968,-178
107000132,785,567,218
107000133,1048,209,839
107000134,512,6,506
107000135,10,411,-401
107000136,1152,10,1142
107000137,25,716,-691
107000138,588,27,561
107000139,50,829,-779
107000140,1990,110,1880
107000141,201,1434,-1233
107000142,563,157,406
107000143,81,1502,-1421
107000144,649,829,-180
107000145,216,1046,-830
107000146,223,606,-383
107000147,4698,1292,3406
107000150,1664,5622,-3958
107000151,62,174,-112
107000152,1218,1474,-256
107000153,888,797,91
107000154,289,258,31
107000155,1324,49,1275
107000156,1669,57,1612
107000157,122,3323,-3201
107000158,764,40,724
107000159,41,2123,-2082
107000160,988,238,750
107000161,161,2790,-2629
107000162,346,929,-583
107000163,137,0,137
107000164,647,2,645
107000165,989,12,977
107000166,93,2182,-2089
107000167,826,455,371
107000168,1220,773,447
107000169,1723,1372,351
107000170,2520,1192,1328
107000171,763,3683,-2920
107000172,1253,2100,-847
107000173,887,2078,-1191
107000174,1296,7960,-6664
107000175,14352,3086,11266
107000176,0,0,0
107000177,8,1,7
107000178,7,61,-54
107000179,365,4494,-4129
107000180,1546,586,960
107000181,461,2253,-1792
107000182,1911,1601,310
107000183,145,1432,-1287
107000184,1260,1162,98
107000185,681,2151,-1470
107000186,1612,608,1004
107000187,1908,2228,-320
107000188,816,1021,-205
107000189,545,1810,-1265
107000190,799,1493,-694
107000191,1017,1750,-733
107000192,2260,1682,578
107000193,661,848,-187
107000194,1664,1357,307
107000197,1056,416,640
107000198,402,1170,-768
107000199,1043,1461,-418
107000200,2331,1158,1173
107000201,552,439,113
107000202,436,976,-540
107000203,1576,942,634
107000204,2297,1158,1139
107000205,3328,1935,1393
107000206,1891,2032,-141
107000207,1495,2088,-593
107000208,2813,835,1978
107000209,3687,1797,1890
107000210,1452,811,641
107000211,12,72,-60
107000212,31,930,-899
107000213,9,44,-35
107000214,33,409,-376
107000215,677,749,-72
107000216,448,756,-308
107000217,180,307,-127
107000219,132,203,-71
107000220,281,534,-253
107000222,374,1355,-981
107000224,808,118,690
107000225,382,1105,-723
107000226,442,131,311
107000227,141,761,-620
107000228,121,283,-162
107000229,851,478,373
107000230,2080,954,1126
107000231,2676,1611,1065
107000232,178,171,7
107000233,1909,1215,694
107000234,3,58,-55
107000235,108,12,96
107000236,28,1507,-1479
107000237,16,2,14
107000238,18,2,16
107000239,8385,1200,7185
107000240,129,1863,-1734
107000241,148,35,113
107000242,1107,99,1008
107000243,0,161,-161
107000244,4,114,-110
107000246,8,1832,-1824
107000249,6,1895,-1889
107000251,2,465,-463
107000252,10,1961,-1951
107000255,1414,192,1222
107000257,4,899,-895
107000258,4,281,-277
107000259,19,385,-366
107000260,646,9,637
107000262,13,1047,-1034
107000263,275,6,269
107000266,26,13,13
107000267,104,276,-172
107000268,222,256,-34
107000269,726,45,681
107000270,2,32,-30
107000271,17,1369,-1352
107000272,15,314,-299
107000273,19,400,-381
107000274,5365,629,4736
107000275,456,1511,-1055
107000280,700,56,644
107000281,70,1827,-1757
107000282,94,1632,-1538
107000290,14,29,-15
107000291,29,58,-29
107000292,3,73,-70
107000293,289,4,285
107000294,0,49,-49
107000295,96,11,85
107000296,0,29,-29
107000444,619,27,592
107000496,1,37,-36
107000497,2049,4292,-2243
107000500,615,633,-18
107000501,158,309,-151
107000502,650,663,-13
107000505,1231,1456,-225
107000506,5,54,-49
107000508,8,1068,-1060
107000509,378,1492,-1114
107000510,40,30,10
107000514,73,446,-373
107000515,51,494,-443
107000516,320,455,-135
107000518,1681,1454,227
107000519,5955,1931,4024
107000520,145,45,100
107000521,347,612,-265
107000522,614,854,-240
107900001,37,285,-248
107900002,58,4,54
107900003,508,22,486
107900004,79,3,76
107900005,1196,8,1188
107900006,276,4,272
107900007,442,53,389
107900008,102,53,49
107900009,299,9,290
107900010,40,2,38
107900012,353,24,329
107900013,375,97,278
107900014,32,12,20
107900015,1102,13,1089
107900016,887,210,677
107900017,34,5,29
107900018,95,258,-163
107900019,17,105,-88
107900020,236,19,217
107900021,62,245,-183
107900023,3,3,0
107900024,0,54,-54
107900025,316,542,-226
107900026,74,158,-84
107900027,98,112,-14
107900028,54,171,-117
107900030,256,35,221
107900031,69,348,-279
107900032,27,3,24
107900033,27,13,14
107900034,560,22,538
107900035,1097,63,1034
107900036,48,10,38
107900037,0,46,-46
107900038,199,329,-130
107900039,55,116,-61
107900040,83,241,-158
107900041,2,1,1
107900043,90,381,-291
107900044,10,7,3
107900045,154,58,96
107900046,182,197,-15
107900047,38,124,-86
107900048,173,1,172
107900049,606,2135,-1529
107900050,111,624,-513
107900051,118,170,-52
107900052,42,40,2
107900053,37,171,-134
107900055,1157,480,677
107900056,214,63,151
107900057,4,1,3
107900058,34,1198,-1164
107900060,42,89,-47
107900061,50,16,34
107900063,156,219,-63
107900064,629,149,480
107900065,265,19,246
107900066,8,10,-2
107900067,0,0,0
107900068,346,469,-123
107900069,77,2187,-2110
107900070,122,46,76
107900071,79,1663,-1584
107900072,124,399,-275
107900073,95,236,-141
107900074,1341,238,1103
107900076,180,107,73
107900077,55,0,55
107900078,399,67,332
107900079,14,35,-21
107900080,250,500,-250
107900081,24,158,-134
107900082,52,37,15
107900083,645,189,456
107900084,228,196,32
107900086,66,259,-193
107900087,892,178,714
107900088,33,35,-2
107900089,530,1733,-1203
107900090,1070,3284,-2214
107900091,357,833,-476
107900092,2947,801,2146
107900093,146,126,20
107900094,0,0,0
107900095,5124,2688,2436
107900097,37,116,-79
107900098,83,207,-124
107900100,1554,1763,-209
107900101,1682,321,1361
107900102,21,7,14
107900103,72,264,-192
107900104,267,19,248
107900105,6,848,-842
107900106,7,2264,-2257
107900107,2326,550,1776
107900108,652,200,452
107900109,1315,34,1281
107900110,52,190,-138
107900111,10,1875,-1865
107900112,213,595,-382
107900113,296,264,32
107900114,165,336,-171
107900115,6,76,-70
107900116,147,385,-238
107900117,516,760,-244
107900118,83,273,-190
107900119,145,321,-176
107900120,37,15,22
107900121,5,294,-289
107900122,5,131,-126
107900123,9,41,-32
107900124,49,59,-10
107900125,44,324,-280
107900126,16,56,-40
107900127,675,319,356
107900128,129,117,12
107900129,68,67,1
107900130,101,75,26
107900131,894,263,631
107900132,157,745,-588
107900133,1,142,-141
107900134,27,41,-14
107900135,6,347,-341
107900136,62,69,-7
107900137,159,215,-56
107900138,49,58,-9
107900139,33,95,-62
107900140,154,128,26
107900141,74,74,0
107900142,111,1743,-1632
107900143,98,49,49
107900144,2,251,-249
107900145,18,190,-172
107900146,65,276,-211
107900147,91,62,29
107900148,277,349,-72
107900149,2864,369,2495
107900150,107,1432,-1325
107900151,26,152,-126
107900152,25,500,-475
107900153,274,489,-215
107900154,56,45,11
107900155,67,72,-5
107900156,5,552,-547
107900157,82,136,-54
107900158,1005,30,975
107900159,64,1915,-1851
107900160,95,229,-134
107900161,79,385,-306
107900162,0,255,-255
107900163,183,64,119
107900164,9,47,-38
107900165,15,142,-127
107900166,31,402,-371
107900167,37,38,-1
107900168,22,65,-43
107900169,0,235,-235
107900171,25,3104,-3079
107900172,5,527,-522
107900173,25,288,-263
107900174,116,9,107
107900175,61,28,33
107900176,27,83,-56
107900177,1,393,-392
107900178,0,360,-360
107900179,31,227,-196
107900180,1463,635,828
107900181,511,637,-126
107900182,5,2439,-2434
107900183,67,547,-480
107900184,152,383,-231
107900185,103,1,102
107900186,18,67,-49
107900187,1,312,-311
107900188,1301,181,1120
107900189,17,190,-173
107900190,153,160,-7
107900191,73,241,-168
107900193,15,51,-36
107900194,294,10,284
107900195,6596,870,5726
107900196,96,142,-46
107900197,1672,308,1364
107900199,7,1492,-1485
107900201,147,227,-80
107900203,32,115,-83
107900204,300,438,-138
107900205,274,686,-412
107900206,1147,254,893
107900207,4,968,-964
107900208,7,1106,-1099
107900209,607,240,367
107900210,133,221,-88
107900213,1246,944,302
107900214,22,299,-277
107900215,219,451,-232
107900216,149,152,-3
107900217,41,103,-62
107900218,35,2560,-2525
107900219,43,179,-136
107900220,317,294,23
107900221,316,327,-11
107900223,127,832,-705
107900224,215,548,-333
107900225,18,1532,-1514
107900226,89,214,-125
107900227,200,776,-576
107900228,26,194,-168
107900229,4,556,-552
107900230,11,226,-215
107900231,13,316,-303
107900232,47,325,-278
107900233,5,210,-205
107900234,145,262,-117
107900235,28,129,-101
107900236,74,152,-78
107900237,167,813,-646
107900238,34,194,-160
107900239,1996,680,1316
107900240,27,203,-176
107900241,31,153,-122
107900242,20,600,-580
107900243,3,90,-87
107900244,466,6,460
107900245,746,94,652
107900246,248,9,239
107900248,353,859,-506
107900249,780,32,748
107900250,4,863,-859
107900251,93,2266,-2173
107900252,1403,30,1373
107900253,222,7,215
107900254,77,538,-461
107900255,550,115,435
107900256,2238,1205,1033
107900257,239,186,53
107900258,116,538,-422
107900259,159,2239,-2080
107900261,3,732,-729
107900262,71,273,-202
107900264,461,2,459
107900265,215,387,-172
107900267,283,29,254
107900268,73,32,41
107900269,2,18,-16
107900270,0,0,0
107900271,11,25,-14
107900272,228,23,205
107900273,26,120,-94
107900274,61,0,61
107900275,12,0,12
107900276,0,117,-117
107900277,0,399,-399
107900278,281,582,-301
107900279,198,194,4
107900280,3125,3367,-242
107900281,5846,2874,2972
107900282,196,561,-365
107900283,2557,779,1778
107900284,654,1257,-603
107900285,139,197,-58
107900286,224,155,69
107900287,155,356,-201
107900290,3,133,-130
107900291,616,22,594
107900292,168,434,-266
107900293,109,960,-851
107900295,67,172,-105
107900297,1,511,-510
107900298,1191,1371,-180
107900299,6536,3238,3298
107900300,45,480,-435
107900301,863,766,97
107900302,162,59,103
107900303,245,508,-263
107900304,259,969,-710
107900305,332,25,307
107900306,24,29,-5
107900307,54,402,-348
107900308,212,140,72
107900309,256,2,254
107900310,392,2,390
107900311,5,109,-104
107900312,189,0,189
107900313,1,122,-121
107900314,0,74,-74
107900315,2,55,-53
107900316,93,4,89
107900317,194,12,182
107900318,6,232,-226
107900319,3,449,-446
107900320,3,331,-328
107900321,122,5,117
107900322,2,254,-252
107900323,17,301,-284
107900324,285,3,282
107900325,130,2,128
107900326,320,531,-211
107900327,1,83,-82
107900328,136,1,135
107900329,243,72,171
107900330,13,1064,-1051
107900331,234,90,144
107900332,222,43,179
107900333,80,24,56
107900334,23,417,-394
107900335,95,111,-16
107900336,49,49,0
107900337,2376,1049,1327
107900338,2,234,-232
107900339,0,48,-48
107900340,1,92,-91
107900341,81,3,78
107900342,162,252,-90
107900343,106,7,99
107900344,12,145,-133
107900345,220,26,194
107900346,39,4,35
107900347,33,3,30
107900348,23,6,17
107900349,40,12,28
107900350,41,385,-344
108000001,3550,5888,-2338
108000002,3464,5022,-1558
108000003,6136,3764,2372
108000004,25159,26931,-1772
108000005,10586,6644,3942
108000006,12227,12157,70
108000007,6743,5813,930
108000008,8085,10589,-2504
108000009,5059,6145,-1086
108000010,5729,8555,-2826
108000011,14737,16601,-1864
108000012,28163,28083,80
108000014,1435,927,508
108000015,721,475,246
108000016,320,798,-478
108000017,1135,613,522
108000018,2259,957,1302
108000019,3626,1245,2381
108000020,1928,774,1154
108000021,563,2636,-2073
108000022,723,2398,-1675
108000023,1584,324,1260
108000024,303,1033,-730
108000025,352,375,-23
108000026,606,904,-298
108000027,789,723,66
108000028,537,419,118
108000029,557,725,-168
108000030,871,269,602
108000031,379,870,-491
108000032,1682,849,833
108000033,996,2024,-1028
108000034,1973,671,1302
108000035,1422,3871,-2449
108000036,535,2266,-1731
108000037,1997,552,1445
108000038,3063,712,2351
108000039,747,3989,-3242
108000040,2409,1363,1046
108000041,932,4476,-3544
108000042,337,350,-13
108000043,279,429,-150
108000044,455,311,144
108000045,330,923,-593
108000046,1682,582,1100
108000047,644,1754,-1110
108000048,216,644,-428
108000049,791,354,437
108000050,122,781,-659
108000051,273,172,101
108000052,390,1140,-750
108000053,429,261,168
108000054,817,1807,-990
108000055,1700,733,967
108000056,1567,1817,-250
108000057,895,1456,-561
108000058,2826,4980,-2154
108000059,5623,3297,2326
108000060,286,634,-348
108000061,276,493,-217
108000062,883,795,88
108000063,549,1051,-502
108000064,259,412,-153
108000065,903,1132,-229
108000066,3186,1296,1890
108000067,2490,913,1577
108000068,857,519,338
108000069,304,1710,-1406
108000070,2257,1102,1155
108000071,1162,2670,-1508
108000072,1988,1632,356
108000073,2177,3080,-903
108000074,466,575,-109
108000075,403,1290,-887
108000076,1173,795,378
108000077,1137,1122,15
108000078,2482,2360,122
108000079,1203,2862,-1659
108000080,1241,979,262
108000081,682,3652,-2970
108000082,1682,3155,-1473
108000083,2687,1309,1378
108000084,611,2208,-1597
108000085,723,615,108
108000086,1214,1533,-319
108000087,202,2676,-2474
108000088,311,19,292
108000089,741,587,154
108000090,746,217,529
108000091,262,1038,-776
108000092,288,192,96
108000093,209,1541,-1332
108000094,888,247,641
108000095,340,855,-515
108000096,371,329,42
108000097,234,851,-617
108000098,1799,2391,-592
108000099,393,165,228
108000100,59,351,-292
108000101,1458,2111,-653
108000102,2117,3881,-1764
108000106,1502,5,1497
108000107,4,1312,-1308
108000108,867,69,798
108000109,7,1376,-1369
108000110,208,521,-313
108000111,289,1387,-1098
108000112,118,227,-109
108000113,913,501,412
108000115,587,759,-172
108000117,1570,610,960
108000118,367,314,53
108000119,1143,684,459
108000120,187,1177,-990
108000121,335,1020,-685
108000122,589,584,5
108000123,817,463,354
108000124,329,961,-632
108000125,375,579,-204
108000126,178,878,-700
108000127,507,557,-50
108000128,726,1041,-315
108000129,354,1862,-1508
108000130,459,444,15
108000131,1283,653,630
108000132,2797,2418,379
108000133,1089,850,239
108000134,839,1021,-182
108000135,1496,629,867
108000136,1432,1599,-167
108000137,480,744,-264
108000138,427,1764,-1337
108000139,399,614,-215
108000140,63,39,24
108000141,51,250,-199
108000142,73,279,-206
108000143,28,83,-55
108000144,31,28,3
108000145,70,100,-30
108000146,57,12,45
108000147,53,123,-70
108000148,78,11,67
108000149,59,60,-1
108000150,46,6,40
108000151,73,21,52
108000152,164,917,-753
108000153,465,232,233
108000154,107,28,79
108000155,36,49,-13
108000156,605,201,404
108000157,246,1092,-846
108000158,131,913,-782
108000159,1049,279,770
108000160,8068,1430,6638
108000161,7829,3080,4749
108000165,13,261,-248
108000172,3,310,-307
108000173,4390,2860,1530
108000175,185,139,46
108000178,687,517,170
108000179,404,987,-583
108000181,76,67,9
108000182,225,22,203
108000183,102,64,38
108000184,2071,2790,-719
108000185,380,1028,-648
108000186,117,91,26
108000187,102,1267,-1165
108000188,533,297,236
108000189,1157,1900,-743
108000190,41,219,-178
108000192,266,943,-677
108000193,1744,93,1651
108000194,75,21,54
108000195,4,2299,-2295
108000196,231,232,-1
108000198,711,525,186
108000199,0,250,-250
108000200,358,1037,-679
108000202,4,324,-320
108000203,159,1513,-1354
108000204,131,59,72
108000205,562,918,-356
108000339,2404,515,1889
108000364,220,444,-224
108000365,96,608,-512
108000367,293,550,-257
108000368,18,84,-66
108000369,1999,213,1786
108000371,3,1003,-1000
108000372,722,4,718
108000373,217,231,-14
108000376,99,51,48
108000377,431,485,-54
108000378,13180,15453,-2273
108000379,40,357,-317
108000381,50,18,32
108000382,147,3,144
108000383,0,167,-167
108900001,207,1730,-1523
108900002,381,124,257
108900003,500,1611,-1111
108900004,206,430,-224
108900005,80,446,-366
108900006,1061,291,770
108900007,249,360,-111
108900008,124,278,-154
108900009,94,121,-27
108900010,219,275,-56
108900011,569,562,7
108900012,343,673,-330
108900013,122,392,-270
108900014,3,163,-160
108900015,0,17,-17
108900016,1,377,-376
108900017,325,282,43
108900018,88,794,-706
108900019,67,1693,-1626
108900020,54,398,-344
108900021,170,439,-269
108900022,149,16,133
108900023,10,55,-45
108900024,34,179,-145
108900025,68,212,-144
108900026,28,142,-114
108900027,0,145,-145
108900028,78,640,-562
108900029,101,436,-335
108900030,0,172,-172
108900031,86,717,-631
108900032,24,450,-426
108900033,0,101,-101
108900034,3,343,-340
108900035,490,2228,-1738
108900036,273,581,-308
108900037,85,768,-683
108900038,4,623,-619
108900039,2,821,-819
108900040,3,184,-181
108900041,8830,4004,4826
108900042,19,513,-494
108900043,116,735,-619
108900044,3,1087,-1084
108900045,57,901,-844
108900046,99,1735,-1636
108900047,0,158,-158
108900048,139,1701,-1562
108900049,9152,1593,7559
108900050,5,377,-372
108900051,1,384,-383
108900052,21,411,-390
108900053,213,273,-60
108900054,110,394,-284
108900055,108,753,-645
108900056,1,260,-259
108900057,1,258,-257
108900058,49,634,-585
108900059,444,54,390
108900060,181,220,-39
108900061,98,60,38
108900062,13,511,-498
108900063,35,544,-509
108900064,184,109,75
108900065,25,546,-521
108900066,285,186,99
108900067,27,343,-316
108900068,1,227,-226
108900069,49,210,-161
108900070,52,250,-198
108900071,94,86,8
108900072,4025,762,3263
108900073,32,324,-292
108900074,162,839,-677
108900075,61,78,-17
108900076,316,107,209
108900077,163,459,-296
108900078,22,312,-290
108900079,1398,411,987
108900080,49,1103,-1054
108900081,70,469,-399
108900082,68,160,-92
108900083,31,449,-418
108900084,648,222,426
108900085,3321,277,3044
108900086,138,458,-320
108900087,143,390,-247
108900088,1294,483,811
108900089,40,191,-151
108900090,43,575,-532
108900091,190,185,5
108900092,589,463,126
108900093,137,136,1
108900094,319,147,172
108900095,112,853,-741
108900096,561,48,513
108900097,638,355,283
108900098,5264,852,4412
108900099,375,454,-79
108900100,65,221,-156
108900101,303,159,144
108900102,245,1339,-1094
108900103,95,108,-13
108900104,197,670,-473
108900105,12,1508,-1496
108900106,371,675,-304
108900108,542,80,462
108900109,158,63,95
108900110,208,729,-521
108900111,444,911,-467
108900112,250,55,195
108900113,66,70,-4
108900114,16,6,10
108900115,100,104,-4
108900116,46,20,26
108900117,184,11,173
108900118,643,11,632
108900119,194,43,151
108900120,182,223,-41
108900121,561,118,443
108900122,167,50,117
108900123,143,130,13
108900124,469,244,225
108900125,432,7,425
108900126,136,30,106
108900127,194,54,140
108900128,124,41,83
108900129,943,188,755
108900130,279,0,279
108900131,456,4,452
108900132,464,141,323
108900133,281,88,193
108900134,295,383,-88
108900135,116,11,105
108900136,15,0,15
108900137,199,1,198
108900138,716,26,690
108900139,492,97,395
108900140,257,375,-118
108900141,415,18,397
108900142,77,0,77
108900143,48,0,48
108900144,106,1,105
108900145,139,10,129
108900146,84,0,84
108900147,219,0,219
108900148,115,51,64
108900149,848,705,143
108900150,336,11,325
108900151,223,3,220
108900152,103,16,87
108900153,126,712,-586
108900154,6123,666,5457
108900155,430,166,264
108900156,88,14,74
108900157,23,1019,-996
108900158,393,62,331
108900159,11,530,-519
108900160,13,386,-373
108900161,2,754,-752
108900162,80,0,80
108900163,17,336,-319
108900164,39,123,-84
108900165,231,142,89
108900167,3561,6817,-3256
108900168,14494,3399,11095
108900169,61,212,-151
108900171,15085,3563,11522
108900172,297,61,236
108900173,251,640,-389
108900174,774,899,-125
108900176,241,843,-602
108900177,13699,8089,5610
108900178,8783,4089,4694
108900179,1093,2270,-1177
108900180,204,341,-137
108900182,33,422,-389
108900183,267,346,-79
108900184,684,321,363
108900185,155,507,-352
108900186,77,631,-554
108900187,331,123,208
108900188,554,88,466
108900189,411,179,232
108900190,99,5494,-5395
108900191,268,65,203
108900192,155,429,-274
108900193,625,77,548
108900194,52,595,-543
108900195,129,564,-435
108900196,48,926,-878
108900198,7,1105,-1098
108900199,322,545,-223
108900200,782,526,256
108900201,738,2260,-1522
108900203,651,101,550
108900204,551,11,540
108900205,284,59,225
108900206,614,57,557
108900207,240,108,132
108900208,29,685,-656
108900209,396,1063,-667
108900210,238,368,-130
108900211,201,675,-474
108900212,1181,1924,-743
108900215,164,998,-834
108900216,781,176,605
108900217,183,2,181
108900218,198,25,173
108900219,112,23,89
108900220,83,40,43
108900221,78,196,-118
108900222,274,28,246
108900223,24,160,-136
108900224,48,225,-177
108900225,0,273,-273
108900226,366,18,348
108900227,210,328,-118
108900230,736,461,275
108900231,62,428,-366
108900232,8,601,-593
108900233,589,123,466
108900234,374,229,145
108900235,413,1103,-690
108900236,59,652,-593
108900237,79,377,-298
108900240,151,135,16
108900241,46,43,3
108900245,6,1634,-1628
108900249,193,61,132
108900250,326,185,141
108900257,219,827,-608
108900258,21,457,-436
108900259,100,145,-45
108900260,14,171,-157
108900261,199,236,-37
108900262,422,262,160
108900263,78,352,-274
108900264,666,414,252
108900265,2062,484,1578
108900266,2122,627,1495
108900267,10,106,-96
108900268,48,6,42
108900269,87,17,70
108900270,70,9,61
108900271,41,11,30
108900272,242,8,234
108900273,1500,901,599
108900274,52,113,-61
109000001,6919,1826,5093
109000002,3785,2585,1200
109000003,3616,1013,2603
109000004,849,4358,-3509
109000005,3799,1313,2486
109000006,1324,3726,-2402
109000007,2098,1181,917
109000008,825,3118,-2293
109000009,5166,2354,2812
109000010,2122,6613,-4491
109000011,4463,3466,997
109000012,2951,6577,-3626
109000013,4477,4605,-128
109000014,2552,6244,-3692
109000015,4539,9051,-4512
109000016,16172,7377,8795
109000017,2991,2259,732
109000018,1607,5953,-4346
109000019,4248,2283,1965
109000020,1922,3378,-1456
109000023,440,64,376
109000024,10,288,-278
109000025,616,657,-41
109000026,1643,544,1099
109000027,120,457,-337
109000028,207,158,49
109000029,173,248,-75
109000030,132,827,-695
109000031,318,212,106
109000032,206,832,-626
109000033,676,236,440
109000034,66,71,-5
109000035,24,82,-58
109000036,130,507,-377
109000037,304,1505,-1201
109000038,808,608,200
109000039,1159,850,309
109000040,9613,8488,1125
109000041,7357,1977,5380
109000042,1937,2062,-125
109000044,662,91,571
109000045,202,641,-439
109000046,404,165,239
109000047,108,668,-560
109000048,1419,252,1167
109000049,619,836,-217
109000050,542,377,165
109000051,615,440,175
109000052,684,2458,-1774
109000053,259,139,120
109000054,468,1322,-854
109000055,390,545,-155
109000056,395,1079,-684
109000057,796,471,325
109000058,1234,439,795
109000059,1304,1458,-154
109000060,770,325,445
109000061,2350,1330,1020
109000062,222,419,-197
109000063,469,387,82
109000064,253,310,-57
109000065,204,607,-403
109000066,464,260,204
109000067,66,580,-514
109000068,2000,19,1981
109000069,1429,52,1377
109000070,12,1515,-1503
109000071,663,110,553
109000072,153,550,-397
109000073,81,191,-110
109000074,54,404,-350
109000075,129,573,-444
109000076,160,301,-141
109000077,569,416,153
109000078,84,248,-164
109000079,137,332,-195
109000080,156,159,-3
109000081,157,941,-784
109000082,721,403,318
109000083,407,1434,-1027
109000088,192,834,-642
109000089,281,72,209
109000090,296,767,-471
109000091,336,231,105
109000092,503,879,-376
109000093,228,239,-11
109000094,413,4,409
109000095,139,840,-701
109000096,725,429,296
109000097,109,268,-159
109000098,138,150,-12
109000099,1073,736,337
109000100,272,945,-673
109000101,1741,1646,95
109000102,506,1418,-912
109000103,512,1166,-654
109000104,1852,1163,689
109000105,621,2346,-1725
109000106,2591,1262,1329
109000107,875,3492,-2617
109000108,2287,1084,1203
109000109,655,3300,-2645
109000110,2237,996,1241
109000111,1812,3982,-2170
109000112,593,322,271
109000113,549,363,186
109000114,280,639,-359
109000115,2061,77,1984
109000116,4,327,-323
109000117,230,174,56
109000118,23,503,-480
109000119,1217,784,433
109000120,225,1751,-1526
109000121,392,96,296
109000122,150,1586,-1436
109000123,35,130,-95
109000124,686,677,9
109000125,902,611,291
109000126,611,1573,-962
109000127,991,379,612
109000128,673,3510,-2837
109000129,2492,1160,1332
109000130,733,4010,-3277
109000131,1027,689,338
109000132,799,3126,-2327
109000133,635,1795,-1160
109000134,1213,2406,-1193
109000135,2040,2344,-304
109000136,417,661,-244
109000137,549,564,-15
109000138,749,720,29
109000139,638,754,-116
109000140,305,901,-596
109000141,533,801,-268
109000142,175,950,-775
109000143,153,113,40
109000145,115,379,-264
109000146,104,209,-105
109000148,7581,2740,4841
109000149,52,78,-26
109000150,159,271,-112
109000155,878,1020,-142
109000156,2484,1367,1117
109000158,252,514,-262
109000159,256,1109,-853
109000160,1465,341,1124
109000161,423,2367,-1944
109000162,2705,1289,1416
109000163,1364,3240,-1876
109000164,1709,4197,-2488
109000165,1459,945,514
109000166,750,253,497
109000167,176,1443,-1267
109000170,71,97,-26
109000171,93,71,22
109000172,43,108,-65
109000173,19,112,-93
109000174,92,95,-3
109000175,79,215,-136
109000176,278,406,-128
109000177,21,232,-211
109000178,933,896,37
109000179,12686,6013,6673
109000180,10366,5514,4852
109000181,12,80,-68
109000182,74,100,-26
109000183,42,50,-8
109000184,45,31,14
109000185,28,111,-83
109000188,837,4231,-3394
109000189,3388,1583,1805
109000190,821,870,-49
109000191,401,898,-497
109000192,429,408,21
109000193,205,718,-513
109000194,275,212,63
109000195,184,708,-524
109000196,398,259,139
109000197,223,860,-637
109000198,389,122,267
109000199,202,1032,-830
109000206,295,42,253
109000207,140,57,83
109000208,139,117,22
109000209,176,198,-22
109000210,286,1009,-723
109000211,560,812,-252
109000214,456,901,-445
109000215,278,153,125
109000216,374,308,66
109000217,276,183,93
109000218,416,341,75
109000221,628,1592,-964
109000222,1020,283,737
109000223,318,425,-107
109000224,90,370,-280
109000225,99,103,-4
109000226,76,453,-377
109000227,1164,2175,-1011
109000228,1,463,-462
109000231,135,691,-556
109000232,289,502,-213
109000236,436,1229,-793
109000241,3004,3286,-282
109000242,2222,2557,-335
109000293,29,93,-64
109000361,164,427,-263
109000364,343,1073,-730
109000396,8,1026,-1018
109000397,504,12,492
109000399,165,1007,-842
109000400,108,469,-361
109000403,142,851,-709
109000406,669,9,660
109000407,351,338,13
109000408,3,1447,-1444
109000410,1519,396,1123
109000411,150,68,82
109900001,134,0,134
109900002,940,24,916
109900003,252,3,249
109900004,889,359,530
109900005,39,12,27
109900006,452,444,8
109900007,770,1295,-525
109900008,0,58,-58
109900009,154,1290,-1136
109900010,578,41,537
109900011,121,59,62
109900012,330,354,-24
109900013,585,231,354
109900014,463,117,346
109900015,720,310,410
109900016,163,65,98
109900017,193,248,-55
109900018,340,160,180
109900019,189,97,92
109900020,54,58,-4
109900021,34,11,23
109900022,117,533,-416
109900023,19,1,18
109900024,26,8,18
109900025,20,113,-93
109900026,2,343,-341
109900027,45,56,-11
109900028,3981,964,3017
109900029,10,862,-852
109900030,58,4,54
109900031,0,215,-215
109900032,14,492,-478
109900033,5,1022,-1017
109900034,27,3,24
109900035,8,20,-12
109900036,40,152,-112
109900037,54,887,-833
109900038,94,474,-380
109900039,18,2,16
109900040,39,1014,-975
109900041,70,708,-638
109900042,80,776,-696
109900044,155,489,-334
109900045,155,48,107
109900046,23,121,-98
109900047,579,587,-8
109900048,0,104,-104
109900049,9,48,-39
109900050,3,370,-367
109900051,1,57,-56
109900052,168,462,-294
109900053,7,645,-638
109900054,746,386,360
109900055,68,428,-360
109900056,24,269,-245
109900057,10,322,-312
109900058,0,177,-177
109900059,661,203,458
109900060,561,268,293
109900061,136,519,-383
109900062,1,468,-467
109900063,32,575,-543
109900064,562,442,120
109900065,200,194,6
109900066,403,1735,-1332
109900067,0,670,-670
109900068,63,5,58
109900069,0,76,-76
109900070,54,434,-380
109900071,1,49,-48
109900072,31,239,-208
109900073,436,1168,-732
109900074,11,85,-74
109900075,25,45,-20
109900076,39,405,-366
109900077,34,93,-59
109900078,164,458,-294
109900080,204,583,-379
109900081,53,149,-96
109900082,50,871,-821
109900083,41,76,-35
109900084,112,291,-179
109900085,318,1549,-1231
109900086,181,597,-416
109900087,449,754,-305
109900089,848,188,660
109900090,645,2104,-1459
109900091,392,142,250
109900092,2500,24,2476
109900093,975,196,779
109900094,116,178,-62
109900095,197,456,-259
109900096,36,3,33
109900097,105,0,105
109900098,457,46,411
109900099,223,1,222
109900100,59,1,58
109900101,484,30,454
109900102,500,27,473
109900103,52,67,-15
109900104,526,1510,-984
109900105,711,33,678
109900106,866,99,767
109900107,1045,144,901
109900108,133,1147,-1014
109900109,42,292,-250
109900110,110,817,-707
109900111,427,2244,-1817
109900112,537,1412,-875
109900113,922,595,327
109900114,1141,841,300
109900115,185,137,48
109900117,1076,226,850
109900118,352,810,-458
109900119,909,530,379
109900120,54,21,33
109900121,769,396,373
109900122,473,8,465
109900123,19,300,-281
109900124,64,1032,-968
109900125,4,270,-266
109900126,280,335,-55
109900128,341,114,227
109900130,19514,2810,16704
109900131,89,228,-139
109900132,57,291,-234
109900133,65,640,-575
109900134,112,126,-14
109900135,643,118,525
109900136,78,254,-176
109900137,92,714,-622
109900140,245,513,-268
109900142,1245,536,709
109900145,5,406,-401
109900146,662,67,595
109900148,57,150,-93
109900149,58,101,-43
109900150,6,102,-96
109900151,11,58,-47
109900152,0,32,-32
109900153,1,52,-51
109900154,31,0,31
109900155,107,41,66
109900157,75,466,-391
109900158,73,209,-136
109900159,237,36,201
109900160,156,85,71
109900161,324,121,203
109900162,250,132,118
109900163,1437,725,712
109900164,59,394,-335
109900165,362,15,347
109900166,1,321,-320
109900167,303,901,-598
109900168,307,835,-528
109900169,190,273,-83
109900170,539,1287,-748
109900171,241,162,79
109900172,168,392,-224
109900173,7144,3135,4009
109900174,50,313,-263
109900175,114,107,7
109900176,166,323,-157
109900177,36,465,-429
109900178,15,206,-191
109900179,61,34,27
109900180,29,8,21
110000001,1349,902,447
110000002,947,1002,-55
110000003,1689,1013,676
110000004,890,960,-70
110000005,965,2556,-1591
110000006,906,558,348
110000007,210,296,-86
110000008,13,93,-80
110000009,58,73,-15
110000010,110,91,19
110000011,44,199,-155
110000012,1292,888,404
110000013,63,1045,-982
110000014,893,636,257
110000015,509,1012,-503
110000016,522,2138,-1616
110000017,5090,402,4688
110000018,5847,835,5012
110000019,12,257,-245
110000020,893,390,503
110000021,2025,752,1273
110000022,1936,421,1515
110000023,10,324,-314
110000024,1080,726,354
110000025,253,9,244
110000026,12,972,-960
110000027,1309,683,626
110000028,1179,1171,8
110000029,732,1496,-764
110000030,304,584,-280
110000031,354,1006,-652
110000032,1000,654,346
110000033,408,187,221
110000034,821,1166,-345
110000035,1451,1350,101
110000036,1428,1253,175
110000037,297,1176,-879
110000038,306,1250,-944
110000039,1168,4329,-3161
110000040,565,605,-40
110000041,371,1842,-1471
110000042,176,538,-362
110000043,1016,482,534
110000044,274,221,53
110000045,1880,235,1645
110000046,3,15,-12
110000047,32,59,-27
110000048,9,23,-14
110000049,142,16,126
110000050,26,58,-32
110000051,128,12,116
110000052,48,32,16
110000053,470,13,457
110000054,341,503,-162
110000055,722,69,653
110000056,483,111,372
110000057,582,1299,-717
110000058,1645,1110,535
110000059,1311,770,541
110000060,1061,1638,-577
110000061,1433,1283,150
110000062,976,1270,-294
110000063,55,122,-67
110000064,105,250,-145
110000065,106,139,-33
110000066,131,51,80
110000067,149,606,-457
110000068,375,765,-390
110000069,267,185,82
110000071,112,233,-121
110000073,6,47,-41
110000075,8,205,-197
110000076,388,664,-276
110000077,750,2868,-2118
110000078,28,88,-60
110000080,399,1158,-759
110000081,65,550,-485
110000082,68,651,-583
110000083,318,951,-633
110000084,1259,1006,253
110000085,3650,2286,1364
110000086,2070,2674,-604
110000087,4,93,-89
110000088,69,455,-386
110000089,376,265,111
110000090,202,574,-372
110000091,2995,572,2423
110000092,35,135,-100
110000093,69,15,54
110000094,917,380,537
110000095,272,1073,-801
110000096,5384,2642,2742
110000097,1406,1710,-304
110000098,2647,1029,1618
110000099,1292,2611,-1319
110000100,841,1158,-317
110000101,14,726,-712
110000102,47,68,-21
110000104,385,161,224
110000105,166,418,-252
110000106,805,479,326
110000107,620,667,-47
110000108,241,59,182
110000109,425,470,-45
110000110,6300,6265,35
110000111,11544,3769,7775
110000112,1989,1239,750
110000113,1059,2866,-1807
110000114,437,1168,-731
110000115,293,645,-352
110000116,58,89,-31
110000117,242,890,-648
110000118,517,437,80
110000119,222,609,-387
110000120,584,368,216
110000121,198,597,-399
110000122,482,962,-480
110000123,611,940,-329
110000124,5,1382,-1377
110000125,1418,13,1405
110000126,365,24,341
110000127,1492,128,1364
110000128,52,2393,-2341
110000129,6,819,-813
110000130,280,305,-25
110000131,128,568,-440
110000132,7,905,-898
110000133,101,608,-507
110000134,41,513,-472
110000135,241,60,181
110000136,112,545,-433
110000137,834,1020,-186
110000138,1087,1273,-186
110000139,989,2177,-1188
110000140,1855,895,960
110000143,1216,660,556
110000144,7115,2340,4775
110000145,1927,1555,372
110000146,2932,1939,993
110000147,557,1375,-818
110000148,515,547,-32
110000151,1993,975,1018
110000152,1528,641,887
110000153,123,83,40
110000154,97,61,36
110000155,3297,4906,-1609
110000156,1215,3141,-1926
110000157,2524,2966,-442
110000160,540,531,9
110000161,194,716,-522
110000166,566,203,363
110000167,1087,818,269
110000168,1103,543,560
110000169,874,444,430
110000170,165,169,-4
110000171,815,256,559
110000172,267,1541,-1274
110000173,1768,1980,-212
110000174,257,2261,-2004
110000175,724,136,588
110000176,169,513,-344
110000177,288,1333,-1045
110000178,960,1700,-740
110000179,2396,589,1807
110000180,198,499,-301
110000181,494,770,-276
110000182,450,353,97
110000183,21369,10277,11092
110000184,2281,4105,-1824
110000185,2831,1243,1588
110000186,1238,1267,-29
110000191,695,546,149
110000192,508,7,501
110000193,1023,5,1018
110000194,10,1894,-1884
110000195,466,588,-122
110000196,400,766,-366
110000197,179,357,-178
110000198,188,132,56
110000199,90,176,-86
110000200,1984,832,1152
110000201,1104,1109,-5
110000202,1908,668,1240
110000203,1088,1410,-322
110000204,10,487,-477
110000205,125,94,31
110000206,1009,2479,-1470
110000207,923,497,426
110000208,375,195,180
110000209,171,1554,-1383
110000210,1022,1106,-84
110000211,1491,1560,-69
110000212,699,1770,-1071
110000213,183,147,36
110000214,209,134,75
110000215,182,856,-674
110000216,97,933,-836
110000217,334,294,40
110000218,183,760,-577
110000219,380,151,229
110000220,100,527,-427
110000221,332,122,210
110000222,76,447,-371
110000223,5,180,-175
110000224,83,19,64
110000225,282,957,-675
110000226,385,96,289
110000227,1343,1090,253
110000228,812,489,323
110000229,2,463,-461
110000230,1181,943,238
110000231,272,352,-80
110000232,244,339,-95
110000233,284,480,-196
110000234,1434,1000,434
110000235,1818,1591,227
110000236,850,1397,-547
110000237,3603,1907,1696
110000238,1571,2057,-486
110000239,2613,1936,677
110000240,0,123,-123
110000242,2,8,-6
110000243,127,241,-114
110000244,236,757,-521
110000245,31,788,-757
110000246,922,1051,-129
110000247,2194,9647,-7453
110000248,3523,2972,551
110000249,83,29,54
110000250,60,477,-417
110000251,345,1128,-783
110000252,241,370,-129
110000253,1668,968,700
110000254,897,2706,-1809
110000255,335,1905,-1570
110000256,682,437,245
110000257,1066,580,486
110000258,9,849,-840
110000259,119,31,88
110000260,36,655,-619
110000263,800,189,611
110000264,355,1101,-746
110000265,1640,2890,-1250
110000266,3164,3668,-504
110000267,22,426,-404
110000268,399,874,-475
110000269,3,179,-176
110000270,76,17,59
110000271,3547,478,3069
110000272,1517,1677,-160
110000273,5351,2269,3082
110000274,358,1973,-1615
110000275,4905,776,4129
110000276,260,560,-300
110000277,354,768,-414
110000278,424,1362,-938
110000279,971,953,18
110000280,494,566,-72
110000281,40,322,-282
110000282,456,54,402
110000283,82,173,-91
110000284,73,59,14
110000285,5,534,-529
110000286,36,0,36
110000287,88,7,81
110000288,3,178,-175
110000289,787,2514,-1727
110000290,1817,920,897
110000291,10512,2134,8378
110000292,1897,6106,-4209
110000293,705,1242,-537
110000294,967,1662,-695
110000295,172,1689,-1517
110000296,428,636,-208
110000297,3360,491,2869
110000298,456,1223,-767
110000299,623,134,489
110000301,472,63,409
110000302,517,2248,-1731
110000303,615,9,606
110000304,251,523,-272
110000305,1454,44,1410
110000306,222,2832,-2610
110000307,1775,17,1758
110000308,890,10,880
110000309,14,1939,-1925
110000310,794,159,635
110000311,30,1479,-1449
110000312,866,157,709
110000313,5014,5897,-883
110000314,9,578,-569
110000315,5274,3428,1846
110000316,976,1916,-940
110000317,1252,800,452
110000318,15,171,-156
110000319,11,35,-24
110000320,107,76,31
110000321,16,77,-61
110000322,476,822,-346
110000323,535,345,190
110000324,7757,1999,5758
110000325,4037,3820,217
110000327,815,471,344
110000328,252,930,-678
110000333,1531,1071,460
110000334,1161,2436,-1275
110000335,1129,804,325
110000336,1299,1825,-526
110000337,2457,854,1603
110000338,489,327,162
110000339,345,348,-3
110000340,72,300,-228
110000341,667,773,-106
110000342,954,1,953
110000343,0,28,-28
110000344,295,265,30
110000345,382,190,192
110000346,3658,2491,1167
110000347,1673,1315,358
110000348,41,46,-5
110000349,12,30,-18
110000350,58,10,48
110000351,1059,1271,-212
110000352,711,2887,-2176
110000353,5127,1090,4037
110000354,1946,5213,-3267
110000355,126,176,-50
110000356,1267,16,1251
110000357,532,16,516
110000361,32,112,-80
110000362,60,243,-183
110000363,452,176,276
110000364,216,597,-381
110000365,236,1,235
110000366,0,134,-134
110000367,531,387,144
110000368,6,93,-87
110000369,46,2,44
110000373,6,486,-480
110000374,347,23,324
110000375,273,1633,-1360
110000376,63,110,-47
110000377,114,818,-704
110000378,40,562,-522
110000379,5079,2226,2853
110000380,107,20,87
110000383,3,1282,-1279
110000384,2860,1052,1808
110000385,1,353,-352
110000387,107,13,94
110000388,42,439,-397
110000389,1071,55,1016
110000391,615,578,37
110000396,187,192,-5
110000397,150,361,-211
110000398,2,42,-40
110000399,261,0,261
110000587,131,84,47
110000589,224,272,-48
110000640,230,155,75
110000652,44,228,-184
110000653,381,713,-332
110000654,74,76,-2
110000656,2,1038,-1036
110000674,46,35,11
110000675,34,35,-1
110000676,37,96,-59
110000679,625,1442,-817
110000682,127,258,-131
110000683,797,853,-56
110000684,16,130,-114
110000685,19,20,-1
110000686,7,80,-73
110000687,36,8,28
110000688,84,1143,-1059
110000689,34,90,-56
110000692,412,463,-51
110000693,529,462,67
110000694,1,323,-322
110000695,351,1229,-878
110000696,186,260,-74
110900001,405,27,378
110900002,609,754,-145
110900003,834,1603,-769
110900004,389,321,68
110900005,6383,2779,3604
110900006,66,20,46
110900007,216,45,171
110900008,18,50,-32
110900009,576,148,428
110900010,10,163,-153
110900011,19,201,-182
110900012,18,200,-182
110900013,1276,249,1027
110900014,243,20,223
110900015,1484,869,615
110900016,58,248,-190
110900017,449,75,374
110900018,513,76,437
110900019,177,32,145
110900020,124,739,-615
110900021,91,1077,-986
110900022,131,644,-513
110900023,157,1242,-1085
110900024,46,862,-816
110900025,34,141,-107
110900027,65,379,-314
110900028,49,328,-279
110900029,30,788,-758
110900030,33,528,-495
110900031,5,239,-234
110900032,0,156,-156
110900033,52,443,-391
110900035,57,820,-763
110900036,159,45,114
110900037,110,51,59
110900038,2219,329,1890
110900039,29,396,-367
110900040,297,57,240
110900041,36,326,-290
110900042,174,91,83
110900043,4,307,-303
110900044,378,32,346
110900045,68,919,-851
110900046,136,511,-375
110900047,1246,283,963
110900049,174,120,54
110900050,29,5,24
110900051,44,331,-287
110900052,6,348,-342
110900053,108,115,-7
110900054,33,466,-433
110900055,25,2,23
110900056,78,186,-108
110900057,11,335,-324
110900058,242,450,-208
110900059,897,1221,-324
110900060,566,206,360
110900061,30,81,-51
110900062,151,468,-317
110900063,75,292,-217
110900064,14,0,14
110900065,629,223,406
110900066,18,215,-197
110900067,914,1140,-226
110900068,494,392,102
110900069,5,53,-48
110900071,439,714,-275
110900073,1,44,-43
110900074,384,128,256
110900075,448,137,311
110900077,897,833,64
110900078,38,176,-138
110900079,2922,1330,1592
110900080,204,109,95
110900081,6,156,-150
110900082,135,410,-275
110900083,154,62,92
110900084,34,240,-206
110900085,92,715,-623
110900086,64,354,-290
110900087,419,150,269
110900088,8,0,8
110900090,65,41,24
110900091,2,81,-79
110900093,615,115,500
110900095,84,89,-5
110900097,7,27,-20
110900098,48,202,-154
110900099,104,1101,-997
110900100,1,22,-21
110900102,51,49,2
110900105,1784,722,1062
110900108,10,159,-149
110900111,599,233,366
110900112,1036,13,1023
110900113,761,69,692
110900115,28,187,-159
110900116,699,3959,-3260
110900118,290,3376,-3086
110900119,8514,626,7888
110900120,22,178,-156
110900121,92,3,89
110900122,467,288,179
110900125,381,501,-120
110900127,1051,1485,-434
110900128,314,326,-12
110900129,450,731,-281
110900130,1627,692,935
110900131,369,74,295
110900132,352,75,277
110900133,138,427,-289
110900135,188,829,-641
110900136,326,44,282
110900137,178,3,175
110900138,2517,669,1848
110900139,152,144,8
110900140,121,7,114
110900141,12,267,-255
110900142,117,352,-235
110900143,205,161,44
110900144,0,1190,-1190
110900145,159,48,111
110900146,949,209,740
110900147,309,467,-158
110900148,12,596,-584
110900149,2,148,-146
110900150,122,26,96
110900151,12,145,-133
110900152,18,600,-582
110900153,174,119,55
111000001,833,666,167
111000002,1027,1266,-239
111000003,1841,1687,154
111000004,1172,1857,-685
111000005,2370,2128,242
111000006,1794,2237,-443
111000007,8996,6089,2907
111000008,6718,6017,701
111000009,457,1331,-874
111000010,1100,483,617
111000011,558,1471,-913
111000012,983,631,352
111000013,531,1934,-1403
111000014,1765,1075,690
111000017,184,1021,-837
111000018,366,527,-161
111000020,3683,3820,-137
111000021,221,231,-10
111000023,179,312,-133
111000025,11407,4841,6566
111000029,91,159,-68
111000030,51,156,-105
111000031,3047,1821,1226
111000032,804,409,395
111000033,572,287,285
111000034,726,291,435
111000037,4896,2183,2713
111000038,5648,4600,1048
111000039,2787,4450,-1663
111000040,2360,4904,-2544
111000041,1993,3002,-1009
111000042,8889,4011,4878
111000043,3734,4095,-361
111000044,1822,1454,368
111000045,2803,3246,-443
111000046,2388,2187,201
111000047,3299,5078,-1779
111000049,696,941,-245
111000050,3121,2731,390
111000051,706,2080,-1374
111000052,959,2686,-1727
111000053,596,1916,-1320
111000054,505,1775,-1270
111000055,1515,3097,-1582
111000056,164,886,-722
111000057,99,1071,-972
111000058,346,195,151
111000059,493,487,6
111000060,4684,1438,3246
111000061,820,540,280
111000062,1069,400,669
111000063,2340,1520,820
111000064,705,1032,-327
111000065,1357,1249,108
111000066,643,536,107
111000067,723,1062,-339
111000068,590,1493,-903
111000069,2641,3481,-840
111000070,3969,1894,2075
111000071,429,1443,-1014
111000072,1355,741,614
111000073,343,1274,-931
111000074,2138,2592,-454
111000075,1173,1431,-258
111000076,642,1601,-959
111000077,1901,2413,-512
111000078,3325,1897,1428
111000079,2013,1321,692
111000080,657,1219,-562
111000081,3511,7253,-3742
111000082,861,1152,-291
111000084,1137,952,185
111000085,1890,2805,-915
111000086,6770,2274,4496
111000087,993,1387,-394
111000088,13406,3312,10094
111000089,1028,1367,-339
111000090,1649,1907,-258
111000091,1117,1071,46
111000092,1702,1722,-20
111000093,841,1325,-484
111000094,2882,1445,1437
111000095,1064,3373,-2309
111000096,3573,10126,-6553
111000097,9889,1813,8076
111000098,1076,2321,-1245
111000099,796,3732,-2936
111000100,495,3383,-2888
111000101,625,1559,-934
111000102,254,1398,-1144
111000104,637,380,257
111000107,119,1379,-1260
111000109,688,417,271
111000110,2042,1128,914
111000111,2398,826,1572
111000112,2176,825,1351
111000113,1159,1772,-613
111000114,2917,4378,-1461
111000115,11985,2024,9961
111000116,1265,1622,-357
111000117,667,1452,-785
111000118,2237,1708,529
111000119,1260,2274,-1014
111000120,559,944,-385
111000121,408,970,-562
111000122,844,1635,-791
111000123,1448,4719,-3271
111000124,769,4883,-4114
111000125,276,2852,-2576
111000126,122,1416,-1294
111000127,1036,317,719
111000128,1777,624,1153
111000129,3412,864,2548
111000130,2214,946,1268
111000131,1833,816,1017
111000132,1615,975,640
111000133,175,226,-51
111000134,200,173,27
111000135,51,270,-219
111000136,500,535,-35
111000138,6,33,-27
111000140,2,7,-5
111000141,393,577,-184
111000142,12,142,-130
111000143,1,90,-89
111000144,30,119,-89
111000145,2221,13,2208
111000146,82,36,46
111000147,311,82,229
111000148,340,170,170
111000149,3,75,-72
111000150,22,11,11
111000151,8,36,-28
111000153,897,909,-12
111000154,1101,301,800
111000155,139,320,-181
111000156,742,899,-157
111000157,254,1361,-1107
111000158,1550,1114,436
111000159,5069,1202,3867
111000160,347,542,-195
111000161,24,462,-438
111000162,83,353,-270
111000163,706,1874,-1168
111000164,1464,6441,-4977
111000165,2130,775,1355
111000166,2630,663,1967
111000167,238,875,-637
111000168,438,710,-272
111000169,409,896,-487
111000170,633,784,-151
111000171,673,1332,-659
111000172,169,919,-750
111000173,476,2114,-1638
111000174,265,1138,-873
111000175,89,565,-476
111000176,474,240,234
111000177,334,476,-142
111000178,1493,456,1037
111000179,217,374,-157
111000180,325,541,-216
111000181,1053,469,584
111000182,214,350,-136
111000183,454,558,-104
111000184,431,472,-41
111000185,534,738,-204
111000186,510,385,125
111000187,161,416,-255
111000188,270,755,-485
111000189,2320,889,1431
111000190,223,694,-471
111000191,186,669,-483
111000192,363,898,-535
111000193,663,562,101
111000194,90,598,-508
111000195,210,746,-536
111000196,69,525,-456
111000197,364,264,100
111000198,613,188,425
111000199,246,234,12
111000200,320,471,-151
111000201,556,386,170
111000202,228,343,-115
111000203,268,290,-22
111000204,551,1123,-572
111000213,305,614,-309
111000214,2009,2904,-895
111000215,1234,2250,-1016
111000217,1777,1734,43
111000218,1279,1723,-444
111000219,710,359,351
111000220,4632,1616,3016
111000221,1707,304,1403
111000224,5,939,-934
111000225,489,353,136
111000226,306,2,304
111000227,77,7,70
111000228,46,340,-294
111000229,88,813,-725
111000230,461,965,-504
111000231,1132,2105,-973
111000232,512,1287,-775
111000233,741,1140,-399
111000234,155,503,-348
111000239,233,386,-153
111000240,48,270,-222
111000241,31,674,-643
111000242,184,146,38
111000243,144,1188,-1044
111000244,520,209,311
111000245,1240,1023,217
111000246,490,1105,-615
111000247,230,1427,-1197
111000248,725,877,-152
111000249,571,1212,-641
111000250,77,164,-87
111000251,48,194,-146
111000253,43,38,5
111000255,23,16,7
111000257,49,25,24
111000260,125,1786,-1661
111000261,1298,125,1173
111000271,87,486,-399
111000273,11876,2653,9223
111000274,1896,3749,-1853
111000275,176,144,32
111000276,362,3194,-2832
111000277,287,677,-390
111000278,968,389,579
111000291,850,7891,-7041
111000298,737,431,306
111000299,1033,234,799
111000300,122,947,-825
111000302,325,168,157
111000303,116,435,-319
111000312,69,85,-16
111000315,1,523,-522
111000320,576,1238,-662
111000321,503,127,376
111000322,385,822,-437
111000323,213,36,177
111000324,536,438,98
111000325,42,149,-107
111000326,237,526,-289
111000327,553,921,-368
111000328,326,779,-453
111000329,2,33,-31
111000330,51,56,-5
111000331,15,13,2
111000332,573,2209,-1636
111000334,531,2668,-2137
111000335,848,337,511
111000337,1091,611,480
111000338,52,173,-121
111000339,397,815,-418
111000340,130,1407,-1277
111000341,1147,865,282
111000342,320,480,-160
111000344,1306,1197,109
111000345,357,65,292
111000346,20,148,-128
111000347,142,8,134
111000350,269,206,63
111000351,127,400,-273
111000352,197,243,-46
111000353,218,355,-137
111000354,633,463,170
111000355,419,1202,-783
111000358,223,2837,-2614
111000360,199,1546,-1347
111000361,133,735,-602
111000546,822,1171,-349
111000547,418,1371,-953
111000548,150,357,-207
111000549,350,836,-486
111000550,117,899,-782
111000551,1058,347,711
111000552,2358,122,2236
111000907,857,279,578
111000908,22,4,18
111000916,1777,416,1361
111000917,47,784,-737
111000918,228,1789,-1561
111000920,556,31,525
111000921,4,658,-654
111000922,440,526,-86
111000924,37,1946,-1909
111000925,2436,3530,-1094
111000926,1261,3810,-2549
111000927,3815,7337,-3522
111000928,8304,6349,1955
111000929,1305,1729,-424
111000930,1174,4078,-2904
111000931,2502,3289,-787
111000932,6336,3784,2552
111000933,4939,2880,2059
111000934,3978,5110,-1132
111000935,1919,1553,366
111000936,1759,3570,-1811
111000937,1051,1862,-811
111000938,2920,3518,-598
111000939,461,92,369
111000940,482,284,198
111000941,358,1084,-726
111000943,489,455,34
111000944,193,706,-513
111000945,122,3566,-3444
111001109,849,399,450
111001110,309,884,-575
111001111,74,7,67
111001112,369,7,362
111001113,16,230,-214
111001114,2562,208,2354
111001115,64,541,-477
111001116,9004,5397,3607
111001117,1018,2507,-1489
111001120,109,697,-588
111001121,197,540,-343
111001122,258,1160,-902
111001123,252,250,2
111001124,114,389,-275
111900001,16,202,-186
111900002,21,1453,-1432
111900003,9,854,-845
111900004,78,302,-224
111900006,10,47,-37
111900007,130,13,117
111900008,202,2,200
111900009,202,344,-142
111900010,398,926,-528
111900012,189,213,-24
111900013,9,160,-151
111900014,11117,3934,7183
111900015,2,76,-74
111900016,0,191,-191
111900017,0,221,-221
111900018,222,4,218
111900019,8,162,-154
111900020,2,69,-67
111900021,48,155,-107
111900022,15,89,-74
111900023,148,98,50
111900024,2,93,-91
111900025,0,87,-87
111900026,0,100,-100
111900027,20,310,-290
111900028,3,610,-607
111900029,6,145,-139
111900030,98,737,-639
111900031,0,31,-31
111900032,3,667,-664
111900033,19,127,-108
111900034,379,1113,-734
111900035,46,406,-360
111900036,3,552,-549
111900038,492,1093,-601
111900039,94,692,-598
111900040,7,988,-981
111900042,53,265,-212
111900043,2,721,-719
111900044,407,573,-166
111900046,63,359,-296
111900048,190,1419,-1229
111900049,52,497,-445
111900050,168,27,141
111900051,5,419,-414
111900052,584,814,-230
111900053,2504,1429,1075
111900054,245,5,240
111900055,52,1013,-961
111900056,542,289,253
111900057,96,44,52
111900058,370,1197,-827
111900059,5646,676,4970
111900060,457,2,455
111900061,20,465,-445
111900062,20,64,-44
111900063,207,378,-171
111900064,158,465,-307
111900065,93,46,47
111900066,127,263,-136
111900067,2,584,-582
111900068,56,53,3
111900069,70,39,31
111900070,155,236,-81
111900071,3,448,-445
111900072,53,21,32
111900073,926,169,757
111900074,26,370,-344
111900075,66,15,51
111900076,127,63,64
111900077,43,2,41
111900078,253,23,230
111900079,40,28,12
111900080,351,306,45
111900082,166,17,149
111900083,115,26,89
111900084,82,3,79
111900085,40,144,-104
111900086,47,4,43
111900087,44,2,42
111900088,477,17,460
111900089,61,5,56
111900090,144,57,87
111900091,168,10,158
111900092,87,1,86
111900093,402,7,395
111900094,120,1,119
111900095,222,43,179
111900096,140,0,140
111900097,22,0,22
111900098,168,3,165
111900099,87,0,87
111900100,123,3,120
111900101,131,31,100
111900102,578,1235,-657
111900103,109,124,-15
111900104,298,89,209
111900105,406,261,145
111900106,2554,94,2460
111900110,4029,624,3405
111900111,159,270,-111
111900112,1719,2577,-858
111900113,488,115,373
111900118,445,74,371
111900119,366,142,224
111900122,94,38,56
111900123,19,40,-21
111900124,31,117,-86
111900125,623,28,595
111900126,329,4,325
111900127,5,1165,-1160
111900128,4,903,-899
111900129,296,17,279
111900130,372,32,340
111900131,360,4,356
111900132,70,2270,-2200
111900133,13,721,-708
111900134,17,421,-404
111900135,21,35,-14
111900136,98,199,-101
111900137,80,85,-5
111900138,12,109,-97
111900139,19,176,-157
111900140,121,35,86
111900141,83,11,72
111900142,107,21,86
111900143,33,352,-319
111900144,1,146,-145
111900145,7,792,-785
111900146,4,508,-504
111900147,266,751,-485
111900148,38,1148,-1110
111900149,11,507,-496
111900150,12,280,-268
111900151,4,24,-20
111900152,125,126,-1
111900153,2092,459,1633
111900154,24,307,-283
111900155,82,125,-43
111900156,43,73,-30
111900157,90,23,67
111900158,531,57,474
111900159,259,12,247
111900160,315,0,315
111900161,101,9,92
111900162,126,274,-148
111900163,67,568,-501
111900164,186,95,91
111901113,381,417,-36
111901114,245,642,-397
111901115,91,0,91
111901116,39,2,37
111901117,29,29,0
111901118,275,199,76
111901119,1814,155,1659
111901121,314,578,-264
111901122,10,909,-899
111901123,155,661,-506
111901124,139,0,139
111901125,400,393,7
111901127,1543,596,947
111901128,11,189,-178
111901129,20,311,-291
111901130,19,425,-406
111901131,9,356,-347
111901132,149,24,125
111901133,106,6,100
111901134,101,0,101
111901135,20,18,2
111901136,59,58,1
111901137,1,31,-30
111901138,198,77,121
111901139,19,86,-67
111901140,7,312,-305
111901141,4,632,-628
111901142,13,346,-333
111901143,0,128,-128
111901144,61,76,-15
111901145,313,424,-111
111901146,641,42,599
112000001,2706,1881,825
112000002,1214,4492,-3278
112000003,1535,1906,-371
112000004,1145,2806,-1661
112000005,3701,3991,-290
112000006,3064,3713,-649
112000007,3229,2590,639
112000008,3859,6472,-2613
112000009,6207,6606,-399
112000010,4128,5264,-1136
112000011,3348,4169,-821
112000012,9470,5131,4339
112000013,9021,5827,3194
112000014,4629,1808,2821
112000015,4720,5635,-915
112000016,12087,2025,10062
112000017,5600,4099,1501
112000024,3205,1208,1997
112000026,7044,8404,-1360
112000027,1538,971,567
112000028,3232,2734,498
112000029,603,1343,-740
112000030,364,218,146
112000031,3211,7094,-3883
112000032,694,135,559
112000033,3850,2641,1209
112000034,440,139,301
112000035,173,676,-503
112000036,1716,1632,84
112000037,2620,1332,1288
112000038,2260,1820,440
112000039,93,139,-46
112000040,208,390,-182
112000041,840,713,127
112000042,2318,566,1752
112000050,1533,2912,-1379
112000051,1542,1998,-456
112000054,3751,4648,-897
112000057,957,644,313
112000058,722,1010,-288
112000059,1038,1347,-309
112000061,6609,3519,3090
112000062,2964,1867,1097
112000063,2709,2635,74
112000064,6859,9282,-2423
112000065,3164,4101,-937
112000066,5034,2364,2670
112000067,1214,1123,91
112000068,4526,2983,1543
112000069,1247,3378,-2131
112000070,3379,1459,1920
112000071,1376,4289,-2913
112000072,2708,1561,1147
112000073,3170,2911,259
112000074,2443,1612,831
112000075,1931,2029,-98
112000076,5085,4253,832
112000077,689,1107,-418
112000078,2350,1342,1008
112000079,2002,2247,-245
112000080,978,1522,-544
112000081,2308,3295,-987
112000082,2066,1377,689
112000083,837,2132,-1295
112000084,1476,1429,47
112000085,1741,1954,-213
112000086,2352,2615,-263
112000087,412,787,-375
112000088,656,1196,-540
112000089,549,557,-8
112000090,518,579,-61
112000091,881,1917,-1036
112000092,1884,1515,369
112000093,2294,1683,611
112000094,726,1280,-554
112000095,839,1377,-538
112000096,579,1086,-507
112000097,1496,861,635
112000098,1401,2471,-1070
112000099,957,1561,-604
112000100,1815,1654,161
112000101,794,1638,-844
112000102,1272,1002,270
112000103,486,1750,-1264
112000105,691,2677,-1986
112000106,1620,622,998
112000107,46,359,-313
112000108,290,2712,-2422
112000109,95,148,-53
112000110,2466,822,1644
112000111,2501,6985,-4484
112000112,8071,1139,6932
112000113,1594,2947,-1353
112000114,5770,1854,3916
112000115,513,841,-328
112000116,933,2108,-1175
112000117,1667,1558,109
112000118,1696,1429,267
112000119,761,1453,-692
112000120,114,697,-583
112000121,150,1012,-862
112000122,304,269,35
112000123,679,231,448
112000124,408,79,329
112000125,194,320,-126
112000126,191,1109,-918
112000127,4130,2990,1140
112000128,1798,1460,338
112000129,140,188,-48
112000130,191,88,103
112000131,42,765,-723
112000132,174,456,-282
112000133,511,640,-129
112000134,716,644,72
112000135,1807,1229,578
112000136,2042,2044,-2
112000137,2910,3864,-954
112000138,3297,2220,1077
112000139,1497,622,875
112000140,1441,1708,-267
112000141,1079,509,570
112000142,273,1332,-1059
112000143,1442,446,996
112000144,603,2548,-1945
112000145,2512,1075,1437
112000146,1090,3536,-2446
112000147,2853,2483,370
112000148,2422,3846,-1424
112000149,444,1387,-943
112000150,263,1103,-840
112000151,394,1086,-692
112000152,303,734,-431
112000153,282,529,-247
112000154,164,335,-171
112000155,417,168,249
112000157,2187,1040,1147
112000158,339,1407,-1068
112000159,606,677,-71
112000167,631,66,565
112000169,1514,682,832
112000173,848,307,541
112000175,907,785,122
112000176,5751,3721,2030
112000177,920,219,701
112000178,118,955,-837
112000179,304,281,23
112000180,408,462,-54
112000181,1935,2955,-1020
112000182,1402,3269,-1867
112000183,96,215,-119
112000184,400,1133,-733
112000185,582,1021,-439
112000187,6088,3808,2280
112000195,396,17,379
112000196,269,11,258
112000197,265,163,102
112000198,58,512,-454
112000199,2277,1772,505
112000202,497,38,459
112000216,84,380,-296
112000230,117,8,109
112000231,0,373,-373
112000256,90,304,-214
112000313,246,280,-34
112000314,49,37,12
112000337,356,884,-528
112000352,587,490,97
112000392,3219,2814,405
112000398,1611,1323,288
112000399,12672,4352,8320
112000400,2866,6737,-3871
112000401,4360,4910,-550
112000402,3661,3838,-177
112000403,6844,4640,2204
112000404,774,1172,-398
112000405,2205,3996,-1791
112000406,5804,5268,536
112000407,7572,10609,-3037
112000408,12494,12360,134
112000409,2717,8804,-6087
112000410,654,276,378
112000411,9006,2585,6421
112000412,1979,846,1133
112000413,16759,6304,10455
112000414,140,232,-92
112000415,162,103,59
112000416,2709,2056,653
112000417,261,77,184
112000421,68,326,-258
112000422,563,1132,-569
112000424,5749,4367,1382
112000425,643,1702,-1059
112000426,195,537,-342
112000427,8,20,-12
112000428,232,863,-631
112000429,4633,5650,-1017
112000430,5794,5526,268
112000431,120,221,-101
112000432,950,2902,-1952
112000433,804,1770,-966
112000437,85,388,-303
112900001,72,4,68
112900002,423,1783,-1360
112900003,48,566,-518
112900004,64,445,-381
112900005,200,333,-133
112900006,12,726,-714
112900007,28,325,-297
112900008,5,54,-49
112900009,514,188,326
112900010,439,1259,-820
112900011,512,528,-16
112900012,5,95,-90
112900013,4,433,-429
112900014,1,497,-496
112900015,627,1596,-969
112900016,3,483,-480
112900017,54,527,-473
112900018,3,509,-506
112900019,109,366,-257
112900020,656,2498,-1842
112900021,7,373,-366
112900022,21,154,-133
112900023,2,352,-350
112900024,48,438,-390
112900025,176,613,-437
112900026,5,460,-455
112900027,12,1984,-1972
112900028,46,249,-203
112900029,9,1200,-1191
112900030,432,407,25
112900031,9,950,-941
112900032,223,493,-270
112900034,1,129,-128
112900035,9,800,-791
112900036,104,287,-183
112900037,381,252,129
112900038,800,245,555
112900039,22,582,-560
112900040,4,675,-671
112900041,2856,1953,903
112900042,72,751,-679
112900043,93,64,29
112900044,1075,689,386
112900045,712,524,188
112900046,396,140,256
112900047,21,41,-20
112900049,203,127,76
112900050,160,919,-759
112900051,493,1292,-799
112900052,13,1750,-1737
112900053,582,219,363
112900054,434,60,374
112900055,303,47,256
112900056,709,314,395
112900057,12,1184,-1172
112900058,440,414,26
112900059,204,269,-65
112900060,16,515,-499
112900061,101,317,-216
112900062,111,222,-111
112900063,186,24,162
112900064,283,307,-24
112900065,82,35,47
112900066,253,172,81
112900067,921,333,588
112900068,53,41,12
112900069,4646,1185,3461
112900071,33,6,27
112900072,541,2753,-2212
112900073,632,99,533
112900074,140,237,-97
112900075,3646,1400,2246
112900076,177,23,154
112900078,313,550,-237
112900079,314,39,275
112900080,38,1,37
112900081,51,304,-253
112900082,552,43,509
112900083,149,107,42
112900084,279,128,151
112900086,55,1,54
112900087,861,184,677
112900088,146,10,136
112900089,829,29,800
112900090,92,22,70
112900091,284,6,278
112900092,321,376,-55
112900093,2293,23,2270
112900095,33,0,33
112900096,427,195,232
112900097,80,781,-701
112900098,228,2,226
112900099,825,20,805
112900100,76,0,76
112900101,310,5,305
112900102,404,17,387
112900103,213,24,189
112900104,257,5,252
112900105,17,0,17
112900106,659,245,414
112900107,1,2,-1
112900108,32,0,32
112900109,97,2,95
112900110,1052,9,1043
112900111,797,3,794
112900112,380,0,380
112900113,0,23,-23
112900114,126,85,41
112900115,920,5,915
112900116,69,46,23
112900117,216,145,71
112900118,49,156,-107
112900119,228,1,227
112900120,1280,441,839
112900121,460,313,147
112900122,37,238,-201
112900123,236,35,201
112900124,5,240,-235
112900125,88,884,-796
112900126,212,303,-91
112900127,556,121,435
112900128,680,1339,-659
112900129,7,1648,-1641
112900130,397,101,296
112900131,116,348,-232
112900132,151,779,-628
112900133,51,2283,-2232
112900134,3,488,-485
112900135,154,85,69
112900137,6,1149,-1143
112900138,13,831,-818
112900139,447,1892,-1445
112900141,1189,50,1139
112900142,124,254,-130
112900143,56,934,-878
112900144,3,650,-647
112900145,59,790,-731
112900146,26,2409,-2383
112900147,17,3591,-3574
112900148,80,2,78
112900149,319,1149,-830
112900151,26,80,-54
112900152,6820,1644,5176
112900153,3121,2777,344
112900154,8,172,-164
112900155,388,26,362
112900156,462,2773,-2311
112900157,286,92,194
112900158,60,36,24
112900159,328,93,235
112900160,77,593,-516
112900161,149,39,110
112900162,55,32,23
112900163,219,45,174
112900164,42,198,-156
112900165,241,64,177
112900166,64,97,-33
112900167,16,120,-104
112900168,3,3,0
112900169,12,13,-1
112900170,73,154,-81
112900172,115,24,91
112900173,368,218,150
112900174,524,64,460
112900175,258,303,-45
112900176,13,25,-12
112900177,332,86,246
112900178,1074,4060,-2986
112900179,68,851,-783
112900180,3215,2948,267
112900181,569,13,556
112900182,74,2320,-2246
112900183,240,512,-272
112900184,752,804,-52
112900185,583,915,-332
112900186,2869,1770,1099
112900187,153,766,-613
112900188,1348,1220,128
112900189,55,89,-34
112900190,172,94,78
112900192,918,937,-19
112900193,2016,603,1413
112900194,94,192,-98
112900195,2003,84,1919
112900196,419,972,-553
112900197,288,651,-363
112900199,683,990,-307
112900200,815,503,312
112900201,76,162,-86
112900202,488,1827,-1339
112900203,199,615,-416
112900204,1542,771,771
112900205,7,40,-33
112900206,12,85,-73
112900207,16,1,15
112900208,61,265,-204
112900209,642,719,-77
112900210,0,29,-29
112900211,186,136,50
112900212,2,182,-180
112900213,34,23,11
112900214,89,9,80
112900215,7,369,-362
112900216,49,183,-134
112900217,0,91,-91
112900218,29,60,-31
112900219,46,28,18
112900220,2,0,2
112900221,21,258,-237
112900222,3,57,-54
112900223,1666,22,1644
112900224,316,1289,-973
112900225,497,725,-228
112900226,337,575,-238
112900227,553,2105,-1552
112900228,66,45,21
112900229,176,126,50
112900230,13608,6748,6860
112900232,371,296,75
112900233,86,316,-230
112900234,22,225,-203
112900235,149,36,113
112900236,242,25,217
112900237,159,576,-417
112900238,10,59,-49
112900239,1378,662,716
113000001,8636,14592,-5956
113000002,6391,7426,-1035
113000003,3236,5735,-2499
113000004,3612,5413,-1801
113000005,3004,2385,619
113000006,2512,3163,-651
113000007,3060,2766,294
113000008,3375,3645,-270
113000009,1790,2012,-222
113000010,1852,3165,-1313
113000011,1590,2475,-885
113000012,2322,3215,-893
113000013,5134,1520,3614
113000014,3085,2271,814
113000015,2199,578,1621
113000016,2526,1342,1184
113000017,303,499,-196
113000018,1040,168,872
113000019,461,420,41
113000020,935,73,862
113000021,4613,1176,3437
113000022,1079,2086,-1007
113000025,1868,1156,712
113000026,1211,874,337
113000027,4737,820,3917
113000028,3614,634,2980
113000029,1296,1268,28
113000030,679,1001,-322
113000031,402,505,-103
113000032,441,640,-199
113000033,520,739,-219
113000034,673,650,23
113000035,79,88,-9
113000036,41,65,-24
113000037,139,59,80
113000038,23,101,-78
113000039,127,1597,-1470
113000040,105,162,-57
113000042,1598,1188,410
113000051,1362,4461,-3099
113000052,3891,2676,1215
113000053,649,1253,-604
113000054,522,1984,-1462
113000055,1689,1665,24
113000056,1316,2056,-740
113000058,1434,1221,213
113000059,2013,1219,794
113000060,291,798,-507
113000061,1173,1748,-575
113000062,2680,502,2178
113000063,180,646,-466
113000064,60,839,-779
113000065,235,1958,-1723
113000066,945,287,658
113000067,2426,2617,-191
113000068,585,3283,-2698
113000069,929,2361,-1432
113000070,3057,2070,987
113000071,535,1264,-729
113000072,937,1085,-148
113000073,1098,2970,-1872
113000074,1561,975,586
113000075,3828,1382,2446
113000076,2344,3108,-764
113000077,2241,985,1256
113000078,1617,4555,-2938
113000079,1528,1609,-81
113000080,1283,1123,160
113000081,1546,1687,-141
113000082,2605,1432,1173
113000083,907,1540,-633
113000084,2873,1960,913
113000085,1200,1153,47
113000086,2046,2299,-253
113000087,1544,1643,-99
113000088,5471,2557,2914
113000089,1701,2886,-1185
113000090,537,1237,-700
113000091,1061,672,389
113000094,2824,433,2391
113000095,796,1721,-925
113000096,375,1428,-1053
113000097,2285,790,1495
113000098,239,67,172
113000099,2828,629,2199
113000100,242,750,-508
113000101,780,1003,-223
113000102,1270,648,622
113000103,5233,1045,4188
113000104,698,5930,-5232
113000105,1339,902,437
113000106,740,1111,-371
113000107,1466,1743,-277
113000108,1989,2878,-889
113000109,1373,10605,-9232
113000110,2796,1006,1790
113000111,393,2417,-2024
113000112,546,669,-123
113000113,3128,562,2566
113000114,421,3275,-2854
113000116,1495,442,1053
113000117,1729,218,1511
113000118,554,1001,-447
113000119,470,793,-323
113000120,109,471,-362
113000121,1194,1922,-728
113000124,440,241,199
113000125,136,1121,-985
113000127,5154,822,4332
113000128,988,1087,-99
113000129,1007,2881,-1874
113000133,6818,3047,3771
113000134,23,2626,-2603
113000135,5067,6813,-1746
113000137,3477,4653,-1176
113000139,699,317,382
113000140,257,447,-190
113000141,689,367,322
113000142,1319,2298,-979
113000143,442,322,120
113000144,451,1188,-737
113000145,113,295,-182
113000146,192,195,-3
113000147,255,274,-19
113000148,214,229,-15
113000149,107,266,-159
113000150,990,803,187
113000151,209,163,46
113000152,46,335,-289
113000153,3109,1140,1969
113000154,1146,3362,-2216
113000155,561,1217,-656
113000156,242,805,-563
113000157,404,1640,-1236
113000158,1021,512,509
113000159,1218,1551,-333
113000160,896,2153,-1257
113000161,313,1092,-779
113000162,960,1139,-179
113000163,138,119,19
113000164,44,168,-124
113000166,238,233,5
113000167,38,211,-173
113000168,89,236,-147
113000169,214,176,38
113000170,166,252,-86
113000171,89,152,-63
113000172,347,190,157
113000173,59,52,7
113000174,156,786,-630
113000175,520,311,209
113000176,650,476,174
113000177,233,632,-399
113000178,267,595,-328
113000179,505,568,-63
113000180,1678,2977,-1299
113000181,1566,1418,148
113000182,423,1413,-990
113000183,390,956,-566
113000184,38,156,-118
113000189,873,1552,-679
113000190,1801,1030,771
113000192,4286,2587,1699
113000193,11875,1658,10217
113000194,5219,1768,3451
113000195,7040,1159,5881
113000196,378,212,166
113000197,4991,2061,2930
113000198,134,575,-441
113000199,2634,876,1758
113000201,2818,389,2429
113000202,8191,9216,-1025
113000203,1048,475,573
113000204,3882,2896,986
113000205,47,55,-8
113000206,29,67,-38
113000207,134,33,101
113000208,98,89,9
113000209,42,46,-4
113000210,10,62,-52
113000211,730,363,367
113000212,628,61,567
113000213,47,517,-470
113000214,331,655,-324
113000234,210,1824,-1614
113000410,9387,661,8726
113000411,4864,8237,-3373
113000412,16162,4019,12143
113000413,6850,5244,1606
113000414,14037,23798,-9761
113000415,4221,6515,-2294
113000416,15032,8108,6924
113000417,5231,7200,-1969
113000418,6278,4894,1384
113000419,2620,3740,-1120
113000420,5998,8611,-2613
113000421,6853,11022,-4169
113000422,23277,20385,2892
113000423,4640,8215,-3575
113000424,6627,18213,-11586
113000425,76,297,-221
113000428,2422,153,2269
113000430,412,617,-205
113000432,3451,349,3102
113000433,167,1458,-1291
113000434,38,278,-240
113000435,45,1132,-1087
113000436,81,1977,-1896
113000437,1068,35,1033
113000438,345,20,325
113000439,33,219,-186
113000440,209,46,163
113000441,272,532,-260
113000442,227,383,-156
113000443,266,710,-444
113000444,327,460,-133
113000445,204,362,-158
113000446,47,161,-114
113000448,344,453,-109
113000449,769,2712,-1943
113000450,1950,12943,-10993
113000451,2609,434,2175
113000452,894,1584,-690
113000453,112,546,-434
113000454,4728,75,4653
113000455,56,271,-215
113000456,6255,4702,1553
113000468,4739,528,4211
113000469,1413,811,602
113000470,1306,186,1120
113000471,17,1203,-1186
113000472,175,593,-418
113000474,510,1278,-768
113000475,2281,3675,-1394
113000476,1561,3135,-1574
113000477,3596,3534,62
113000478,6584,10198,-3614
113000479,135,424,-289
113000480,389,189,200
113000483,0,0,0
113000484,0,0,0
113000485,24,0,24
113000486,221,2,219
113000487,5,11,-6
113000488,4,1,3
113000489,15,18,-3
113000490,3,31,-28
113000491,14,156,-142
113000492,17,26,-9
113000493,25,6,19
113000495,386,387,-1
113000496,196,233,-37
113000497,0,0,0
113000500,0,7,-7
113900001,8,428,-420
113900002,2,432,-430
113900003,1,351,-350
113900004,1,159,-158
113900005,3,126,-123
113900006,30,77,-47
113900007,631,69,562
113900008,1125,1,1124
113900009,1870,3,1867
113900010,1328,6,1322
113900011,144,3,141
113900012,62,4,58
113900013,3194,57,3137
113900014,1306,6,1300
113900015,0,66,-66
113900016,41,0,41
113900017,4,91,-87
113900018,761,285,476
113900019,158,133,25
113900020,188,4,184
113900022,31,0,31
113900023,21,1,20
113900024,73,156,-83
113900025,517,56,461
113900026,106,2,104
113900027,11,146,-135
113900028,29,707,-678
113900029,69,426,-357
113900030,242,6,236
113900031,35,2,33
113900032,44,0,44
113900033,127,176,-49
113900035,79,2,77
113900036,41,184,-143
113900037,79,884,-805
113900038,147,225,-78
113900039,220,23,197
113900040,7,10,-3
113900041,9,2,7
113900042,153,92,61
113900043,330,241,89
113900044,1096,410,686
113900045,98,1,97
113900046,334,895,-561
113900047,53,234,-181
113900048,449,148,301
113900049,1348,554,794
113900050,281,718,-437
113900051,503,796,-293
113900052,267,229,38
113900053,1092,1431,-339
113900054,52,5,47
113900055,179,721,-542
113900056,95,331,-236
113900057,15,222,-207
113900058,85,357,-272
113900059,474,662,-188
113900060,187,422,-235
113900061,1745,524,1221
113900062,125,26,99
113900063,152,259,-107
113900064,24,342,-318
113900065,1092,39,1053
113900066,536,725,-189
113900067,154,475,-321
113900068,752,732,20
113900069,166,37,129
113900070,286,623,-337
113900071,103,110,-7
113900072,85,281,-196
113900073,448,757,-309
113900074,98,678,-580
113900075,1898,1914,-16
113900076,322,15,307
113900077,87,315,-228
113900078,98,100,-2
113900079,1,120,-119
113900080,557,384,173
113900081,87,385,-298
113900082,214,434,-220
113900083,275,1004,-729
113900084,453,177,276
113900085,60,407,-347
113900086,48,39,9
113900087,65,233,-168
113900088,63,106,-43
113900089,593,78,515
113900090,1064,690,374
113900091,49,57,-8
113900092,75,137,-62
113900093,212,1512,-1300
113900094,558,725,-167
113900095,266,223,43
113900096,324,94,230
113900097,17,204,-187
113900098,901,173,728
113900099,0,159,-159
113900100,0,2,-2
113900101,23,93,-70
113900102,264,243,21
113900103,602,371,231
113900104,275,358,-83
113900105,127,595,-468
113900106,0,217,-217
113900107,0,52,-52
113900108,538,379,159
113900109,690,243,447
113900110,92,17,75
113900111,213,157,56
113900112,157,149,8
113900113,1485,885,600
113900114,1,231,-230
113900115,2,168,-166
113900116,227,225,2
113900117,257,49,208
113900118,429,500,-71
113900119,375,713,-338
113900120,165,56,109
113900121,58,149,-91
113900122,665,2647,-1982
113900123,918,356,562
113900124,0,138,-138
113900125,2820,307,2513
113900126,274,91,183
113900127,387,1023,-636
113900128,216,86,130
113900129,21,204,-183
113900130,6,36,-30
113900131,326,172,154
113900132,100,75,25
113900133,24,65,-41
113900135,569,1002,-433
113900136,187,160,27
113900137,684,547,137
113900138,125,334,-209
113900139,869,200,669
113900140,527,560,-33
113900141,633,928,-295
113900142,174,170,4
113900143,4,39,-35
113900144,508,404,104
113900145,636,397,239
113900146,137,123,14
113900148,298,759,-461
113900149,324,207,117
113900150,1382,995,387
113900151,545,424,121
113900152,44,105,-61
113900153,567,1374,-807
113900154,1,243,-242
113900155,329,247,82
113900156,368,935,-567
113900157,44,453,-409
113900158,1049,731,318
113900159,45,371,-326
113900160,925,1182,-257
113900161,90,382,-292
113900162,1139,1336,-197
113900163,556,483,73
113900164,370,89,281
113900165,1261,750,511
113900166,344,286,58
113900167,255,63,192
113900168,270,176,94
113900169,459,634,-175
113900171,227,80,147
113900172,22,346,-324
113900173,73,1019,-946
113900174,759,1065,-306
113900175,444,193,251
113900176,512,1109,-597
113900177,713,363,350
113900178,507,229,278
113900179,28,1029,-1001
113900180,251,141,110
113900181,1212,199,1013
113900182,1042,1470,-428
113900183,153,129,24
113900184,44,1053,-1009
113900185,305,134,171
113900186,55,82,-27
113900187,47,229,-182
113900188,66,244,-178
113900189,428,153,275
113900190,525,208,317
113900191,210,410,-200
113900192,9,868,-859
113900193,35,347,-312
113900194,3447,1856,1591
113900195,555,679,-124
113900196,15,203,-188
113900197,3,443,-440
113900198,54,232,-178
113900199,266,1168,-902
113900200,32,433,-401
113900201,2,400,-398
113900202,64,497,-433
113900203,3,263,-260
113900204,81,840,-759
113900205,8,276,-268
113900206,5,219,-214
113900207,0,104,-104
113900208,0,82,-82
113900209,0,133,-133
113900210,1233,1147,86
113900211,292,89,203
113900212,272,898,-626
113900214,730,638,92
113900215,109,282,-173
113900216,117,2054,-1937
113900217,73,430,-357
113900218,174,81,93
113900219,137,844,-707
113900220,333,190,143
113900221,719,228,491
113900222,609,926,-317
113900223,198,1818,-1620
113900224,164,97,67
113900225,1203,414,789
113900226,492,312,180
113900227,655,363,292
113900228,513,659,-146
113900229,61,1289,-1228
113900230,7931,5004,2927
113900231,279,437,-158
113900232,144,155,-11
113900233,100,114,-14
113900234,623,860,-237
113900235,140,46,94
113900236,189,689,-500
113900237,306,11,295
113900238,426,1115,-689
113900239,252,137,115
113900240,20,262,-242
113900241,182,138,44
113900242,126,300,-174
113900243,201,818,-617
113900244,661,342,319
113900245,2073,567,1506
113900246,42,22,20
113900247,251,525,-274
113900248,5250,3054,2196
113900249,1975,526,1449
113900250,105,283,-178
113900251,931,295,636
113900252,663,28,635
113900253,928,92,836
113900254,1184,274,910
113900255,508,41,467
113900256,519,49,470
113900257,50,1147,-1097
113900258,16,964,-948
113900259,593,418,175
113900260,185,16,169
113900261,54,147,-93
113900262,235,972,-737
113900263,287,947,-660
113900264,16,820,-804
113900265,307,465,-158
113900266,94,398,-304
113900267,225,719,-494
113900268,552,724,-172
113900269,102,321,-219
113900270,671,835,-164
113900271,896,1989,-1093
113900273,246,12,234
113900274,135,36,99
113900275,75,98,-23
113900276,2,368,-366
113900277,135,8,127
113900278,510,344,166
113900279,146,168,-22
113900280,1923,785,1138
113900281,912,2248,-1336
113900282,1260,837,423
113900283,663,736,-73
113900284,1535,306,1229
113900285,179,42,137
113900286,16,156,-140
113900287,58,105,-47
113900288,7,145,-138
113900289,2236,190,2046
113900290,878,267,611
113900291,199,332,-133
113900292,25,26,-1
113900293,21,569,-548
113900294,669,54,615
113900295,785,658,127
113900296,4228,669,3559
113900297,2614,79,2535
113900298,36,2563,-2527
113900299,79,324,-245
113900300,9304,5259,4045
113900301,1628,628,1000
113900302,3895,1504,2391
113900303,1025,571,454
113900304,1,280,-279
113900305,104,0,104
113900306,49,0,49
113900307,149,2,147
113900308,146,204,-58
113900309,4,1541,-1537
113900310,2,35,-33
113900311,3,1,2
113900312,258,244,14
113900313,59,27,32
114000001,1676,6716,-5040
114000002,295,871,-576
114000003,41,643,-602
114000004,456,657,-201
114000005,361,412,-51
114000006,4240,4201,39
114000007,1203,2565,-1362
114000008,2427,2241,186
114000009,957,305,652
114000011,3871,5945,-2074
114000012,3169,4907,-1738
114000013,2398,3757,-1359
114000014,575,618,-43
114000015,1885,884,1001
114000016,289,580,-291
114000017,291,549,-258
114000018,878,119,759
114000026,2102,3063,-961
114000027,3601,3782,-181
114000028,3552,4028,-476
114000038,312,281,31
114000039,113,127,-14
114000040,110,388,-278
114000042,278,372,-94
114000043,100,317,-217
114000044,172,83,89
114000045,79,146,-67
114000046,4670,9354,-4684
114000047,43,142,-99
114000048,307,65,242
114000049,2456,2468,-12
114000050,2737,3238,-501
114000051,4566,3046,1520
114000052,5210,2497,2713
114000053,143,1050,-907
114000054,247,2452,-2205
114000055,392,125,267
114000056,1796,1227,569
114000057,17134,4075,13059
114000058,1116,2034,-918
114000059,592,491,101
114000060,1430,1407,23
114000061,6967,3038,3929
114000062,4139,2046,2093
114000063,4573,2820,1753
114000064,10096,5275,4821
114000065,2972,4555,-1583
114000066,661,1054,-393
114000067,80,1037,-957
114000068,510,964,-454
114000069,1941,966,975
114000070,3788,2592,1196
114000071,1195,1005,190
114000072,530,836,-306
114000073,21,198,-177
114000074,53,21,32
114000075,64,277,-213
114000076,36,324,-288
114000077,20,125,-105
114000078,341,1392,-1051
114000079,142,46,96
114000080,145,186,-41
114000081,143,128,15
114000082,62,910,-848
114000083,55,450,-395
114000084,348,141,207
114000085,158,1415,-1257
114000086,354,959,-605
114000087,105,366,-261
114000088,61,107,-46
114000089,3184,931,2253
114000090,1305,1094,211
114000091,3004,1403,1601
114000092,1752,831,921
114000093,1600,1140,460
114000094,611,848,-237
114000095,457,223,234
114000096,235,768,-533
114000097,199,1206,-1007
114000098,637,132,505
114000099,584,1424,-840
114000100,1537,1605,-68
114000101,434,1496,-1062
114000102,597,582,15
114000103,213,841,-628
114000104,25,793,-768
114000105,141,115,26
114000106,2316,1170,1146
114000107,345,171,174
114000108,5039,1950,3089
114000109,547,1395,-848
114000110,872,2896,-2024
114000111,2011,1095,916
114000112,540,2999,-2459
114000113,1425,711,714
114000114,1669,2460,-791
114000115,2583,1302,1281
114000116,943,1673,-730
114000117,3458,659,2799
114000118,3020,738,2282
114000119,2224,741,1483
114000120,1029,1459,-430
114000121,741,1251,-510
114000122,659,427,232
114000123,2154,513,1641
114000124,1799,597,1202
114000125,1157,2805,-1648
114000126,2098,372,1726
114000127,278,311,-33
114000128,1314,842,472
114000130,706,843,-137
114000131,290,180,110
114000132,799,1162,-363
114000133,1415,2649,-1234
114000134,100,285,-185
114000138,87,363,-276
114000139,706,328,378
114000144,1134,725,409
114000145,114,306,-192
114000146,156,559,-403
114000147,1687,2468,-781
114000148,3351,2797,554
114000149,491,400,91
114000150,1358,1264,94
114000151,1699,1633,66
114000152,250,56,194
114000153,1251,2766,-1515
114000154,1654,1232,422
114000155,2228,3876,-1648
114000156,2210,999,1211
114000157,446,1726,-1280
114000158,3599,1211,2388
114000159,247,632,-385
114000160,162,407,-245
114000161,2747,3437,-690
114000162,1572,2814,-1242
114000163,14,234,-220
114000165,833,323,510
114000166,1284,502,782
114000167,7658,2150,5508
114000168,1244,1004,240
114000169,3775,1501,2274
114000170,1983,1497,486
114000171,1224,3788,-2564
114000174,366,831,-465
114000176,1337,597,740
114000177,3936,1251,2685
114000178,60,82,-22
114000179,2086,1451,635
114000180,850,1213,-363
114000181,2709,4912,-2203
114000182,11174,3722,7452
114000183,1588,1472,116
114000184,6964,2342,4622
114000185,1634,1545,89
114000189,876,198,678
114000190,2891,451,2440
114000191,57,97,-40
114000192,500,3020,-2520
114000193,1237,4891,-3654
114000194,2127,2058,69
114000195,220,37,183
114000196,5,632,-627
114000197,1560,55,1505
114000198,2051,728,1323
114000199,3439,1940,1499
114000200,1021,3670,-2649
114000201,506,1666,-1160
114000202,1693,1155,538
114000203,706,1414,-708
114000204,165,906,-741
114000205,364,2772,-2408
114000206,825,2225,-1400
114000207,1060,3764,-2704
114000208,837,5500,-4663
114000209,920,5011,-4091
114000210,491,2825,-2334
114000211,1584,2519,-935
114000212,1270,1066,204
114000213,1988,1218,770
114000214,134,309,-175
114000215,294,134,160
114000216,2374,674,1700
114000217,299,662,-363
114000218,147,414,-267
114000219,1965,472,1493
114000220,24,2254,-2230
114000221,1025,302,723
114000222,337,2181,-1844
114000223,674,196,478
114000224,194,1463,-1269
114000225,353,975,-622
114000226,160,361,-201
114000227,1218,682,536
114000228,1153,1552,-399
114000229,1589,2116,-527
114000230,2391,2296,95
114000231,1300,2300,-1000
114000232,744,244,500
114000233,2683,197,2486
114000234,1746,1534,212
114000235,1462,2691,-1229
114000236,0,931,-931
114000237,146,1656,-1510
114000238,237,497,-260
114000239,343,2167,-1824
114000240,1048,1065,-17
114000241,390,1934,-1544
114000242,1426,1728,-302
114000243,2765,1344,1421
114000244,1283,632,651
114000245,539,939,-400
114000246,265,84,181
114000247,1218,1145,73
114000248,1456,1068,388
114000249,713,882,-169
114000250,752,1184,-432
114000251,437,564,-127
114000252,88,199,-111
114000253,113,541,-428
114000254,32,156,-124
114000255,1792,472,1320
114000256,3978,2115,1863
114000257,815,2534,-1719
114000258,488,657,-169
114000259,152,435,-283
114000260,0,42,-42
114000261,109,57,52
114000262,159,269,-110
114000263,49,8,41
114000264,1255,1063,192
114000265,0,7,-7
114000267,6,2502,-2496
114000268,10,2717,-2707
114000270,150,2,148
114000271,787,134,653
114000283,1356,752,604
114000285,71,425,-354
114000288,90,713,-623
114000289,1648,191,1457
114000293,226,824,-598
114000294,242,407,-165
114000395,2506,66,2440
114000396,591,762,-171
114000402,585,485,100
114000403,358,1020,-662
114000405,116,882,-766
114000423,402,767,-365
114000424,534,330,204
114000425,698,852,-154
114000426,481,1359,-878
114000427,52,177,-125
114000428,432,199,233
114000429,25,353,-328
114000432,129,198,-69
114000434,77,193,-116
114000435,17,288,-271
114000436,2510,637,1873
114000437,271,1098,-827
114900001,723,2242,-1519
114900002,836,110,726
114900003,590,3378,-2788
114900004,230,657,-427
114900005,571,1489,-918
114900006,78,116,-38
114900007,291,32,259
114900008,207,168,39
114900010,4074,2803,1271
114900011,269,206,63
114900013,274,192,82
114900015,84,526,-442
114900018,1204,51,1153
114900020,326,121,205
114900022,4,1230,-1226
114900024,412,215,197
114900025,474,431,43
114900026,53,137,-84
114900027,368,395,-27
114900029,24,32,-8
114900030,416,424,-8
114900031,402,35,367
114900032,379,67,312
114900033,3063,835,2228
114900034,119,299,-180
114900035,154,563,-409
114900036,478,1455,-977
114900037,123,287,-164
114900038,276,1221,-945
114900039,680,954,-274
114900040,101,492,-391
114900041,702,897,-195
114900042,929,1229,-300
114900043,1441,563,878
114900044,186,43,143
114900046,142,216,-74
114900047,414,2231,-1817
114900048,114,469,-355
114900049,16,352,-336
114900050,43,959,-916
114900051,46,840,-794
114900052,79,352,-273
114900053,188,427,-239
114900054,117,209,-92
114900057,382,36,346
114900058,1,117,-116
114900059,97,55,42
114900060,2129,1039,1090
114900061,179,205,-26
114900062,483,607,-124
114900063,76,440,-364
114900064,1508,920,588
114900065,419,1006,-587
114900067,105,560,-455
114900068,111,298,-187
114900069,389,307,82
114900070,594,1002,-408
114900072,9,442,-433
114900073,4,300,-296
114900074,652,1533,-881
114900075,366,10,356
114900076,9,552,-543
114900080,4723,619,4104
114900082,6227,2735,3492
114900083,2078,1624,454
114900090,477,401,76
114900091,254,356,-102
114900095,652,204,448
114900096,655,1105,-450
114900097,164,0,164
114900098,7,438,-431
114900099,211,4,207
115000001,13564,9742,3822
115000002,5813,5938,-125
115000003,7718,7151,567
115000004,5849,8379,-2530
115000005,3169,4743,-1574
115000006,1824,2859,-1035
115000007,157,413,-256
115000008,959,800,159
115000009,369,673,-304
115000010,755,308,447
115000013,136,394,-258
115000015,90,640,-550
115000016,313,363,-50
115000019,39,750,-711
115000020,312,929,-617
115000021,382,862,-480
115000022,888,699,189
115000023,501,963,-462
115000024,1889,877,1012
115000025,1356,1154,202
115000026,203,724,-521
115000027,319,457,-138
115000028,290,1235,-945
115000029,980,346,634
115000030,980,1571,-591
115000031,1671,674,997
115000032,16,366,-350
115000033,214,45,169
115000034,228,1771,-1543
115000035,1539,78,1461
115000036,1,589,-588
115000037,737,13,724
115000038,97,289,-192
115000039,5090,4229,861
115000040,10681,5770,4911
115000041,2025,4261,-2236
115000042,1359,1252,107
115000043,5328,3746,1582
115000044,5287,6590,-1303
115000045,4430,3883,547
115000046,2778,4322,-1544
115000047,2250,3340,-1090
115000048,2132,4902,-2770
115000049,2373,5687,-3314
115000050,4801,3262,1539
115000051,3383,4212,-829
115000052,5358,3297,2061
115000053,2229,2768,-539
115000054,1015,2394,-1379
115000055,227,667,-440
115000056,298,503,-205
115000057,859,917,-58
115000058,268,276,-8
115000059,219,206,13
115000061,485,164,321
115000062,488,504,-16
115000063,344,586,-242
115000064,317,250,67
115000065,186,601,-415
115000067,377,75,302
115000069,107,562,-455
115000070,57,1702,-1645
115000071,220,22,198
115000072,17,91,-74
115000073,2631,105,2526
115000075,152,142,10
115000076,7292,5643,1649
115000077,2831,5115,-2284
115000078,1619,2921,-1302
115000079,2173,3826,-1653
115000080,3381,4785,-1404
115000081,574,1627,-1053
115000082,4978,5843,-865
115000083,3035,4426,-1391
115000084,2523,2082,441
115000085,965,1736,-771
115000086,1461,1951,-490
115000087,691,2663,-1972
115000088,2686,1197,1489
115000089,2476,2267,209
115000090,1113,1497,-384
115000091,534,1848,-1314
115000092,505,555,-50
115000093,737,3,734
115000094,14834,7875,6959
115000095,10781,7637,3144
115000096,964,3385,-2421
115000097,1012,1511,-499
115000098,1469,1409,60
115000099,3007,5670,-2663
115000100,1229,909,320
115000101,676,2511,-1835
115000102,794,415,379
115000103,535,1257,-722
115000105,71,345,-274
115000106,593,528,65
115000107,215,976,-761
115000108,6705,4356,2349
115000109,9462,5439,4023
115000110,2053,1856,197
115000111,1005,2910,-1905
115000112,987,1040,-53
115000113,891,1481,-590
115000114,2420,1502,918
115000116,6402,2966,3436
115000117,6409,4358,2051
115000118,2984,2652,332
115000119,2935,3314,-379
115000120,831,1689,-858
115000121,2429,1592,837
115000122,6171,3883,2288
115000123,3371,3175,196
115000124,1753,1797,-44
115000125,900,887,13
115000126,375,452,-77
115000127,926,264,662
115000128,1740,1209,531
115000129,757,442,315
115000130,613,1738,-1125
115000131,1074,581,493
115000132,266,941,-675
115000133,729,609,120
115000134,530,437,93
115000135,599,371,228
115000136,452,435,17
115000137,340,353,-13
115000138,262,413,-151
115000139,383,385,-2
115000140,320,328,-8
115000141,273,499,-226
115000142,224,486,-262
115000143,829,971,-142
115000144,713,172,541
115000145,548,680,-132
115000146,826,425,401
115000147,1320,848,472
115000148,506,2412,-1906
115000149,1035,396,639
115000150,1128,2270,-1142
115000151,1227,890,337
115000152,1427,2705,-1278
115000153,2685,1054,1631
115000154,1077,596,481
115000155,1361,2094,-733
115000156,3055,1118,1937
115000157,2613,1530,1083
115000158,1871,725,1146
115000159,1844,904,940
115000160,1180,1461,-281
115000161,978,1058,-80
115000162,1108,1112,-4
115000163,1117,836,281
115000164,1035,762,273
115000165,792,769,23
115000167,310,153,157
115000168,1633,507,1126
115000169,2253,501,1752
115000170,412,179,233
115000171,757,275,482
115000172,3234,1128,2106
115000173,748,841,-93
115000174,199,463,-264
115000175,469,133,336
115000176,381,166,215
115000177,420,165,255
115000178,65,574,-509
115000179,53,55,-2
115000180,191,1409,-1218
115000181,879,251,628
115000182,974,683,291
115000183,426,1765,-1339
115000186,913,468,445
115000187,287,1448,-1161
115000188,812,1046,-234
115000189,440,731,-291
115000190,1752,968,784
115000191,765,885,-120
115000194,308,238,70
115000195,539,527,12
115000196,189,234,-45
115000197,263,609,-346
115000198,354,404,-50
115000199,429,447,-18
115000200,413,231,182
115000201,248,616,-368
115000206,497,157,340
115000207,259,652,-393
115000208,957,1261,-304
115000209,966,510,456
115000210,217,234,-17
115000211,395,433,-38
115000212,3986,469,3517
115000224,622,135,487
115000225,66,124,-58
115000229,406,275,131
115000230,102,920,-818
115000231,479,4048,-3569
115000232,2039,510,1529
115000233,374,342,32
115000234,68,412,-344
115000241,93,413,-320
115000242,126,611,-485
115000243,67,443,-376
115000244,17,168,-151
115000246,91,28,63
115000247,57,23,34
115000248,18,28,-10
115000249,61,35,26
115000250,821,75,746
115000251,315,337,-22
115000252,155,369,-214
115000253,37,617,-580
115000258,322,424,-102
115000259,542,290,252
115000261,27,53,-26
115000262,20,60,-40
115000263,21,138,-117
115000264,14,95,-81
115000267,116,159,-43
115000268,33,162,-129
115000269,213,117,96
115000270,7,50,-43
115000272,77,293,-216
115000273,519,52,467
115000280,3665,266,3399
115000281,1164,742,422
115000282,2876,889,1987
115000284,532,255,277
115000296,1308,5,1303
115000297,892,200,692
115000298,294,515,-221
115000300,357,325,32
115000302,552,369,183
115000303,970,297,673
115000304,921,196,725
115000305,136,1713,-1577
115000306,259,1026,-767
115000307,111,422,-311
115000308,128,53,75
115000309,41,61,-20
115000310,1272,1635,-363
115000311,884,2619,-1735
115000313,179,1436,-1257
115000314,484,242,242
115000315,1748,510,1238
115000316,78,128,-50
115000317,257,1130,-873
115000318,1350,594,756
115000319,118,535,-417
115000320,19,492,-473
115000321,865,24,841
115000322,53,461,-408
115000449,516,422,94
115000557,3,1746,-1743
115000558,835,101,734
115000587,798,710,88
115000588,4724,6175,-1451
115000589,5756,4421,1335
115000590,1899,2786,-887
115000591,2655,1667,988
115000592,1387,3255,-1868
115000593,2596,1299,1297
115000594,1290,3807,-2517
115000609,189,208,-19
115000617,3186,4851,-1665
115000624,297,159,138
115000633,643,3643,-3000
115000634,5287,1604,3683
115000635,830,266,564
115000638,2227,1429,798
115000641,133,238,-105
115000642,571,477,94
115000643,136,964,-828
115000644,285,673,-388
115000646,1163,2118,-955
115000647,333,940,-607
115000648,1985,3158,-1173
115000893,5582,2695,2887
115000894,155,1881,-1726
115000895,658,1234,-576
115000896,2215,592,1623
115000897,907,192,715
115000898,1511,388,1123
115000899,1542,2236,-694
115000900,184,731,-547
115000901,110,228,-118
115000912,512,183,329
115000913,0,82,-82
115000915,129,3,126
115000916,27,0,27
115000917,0,15,-15
115000918,159,443,-284
115000919,27,34,-7
115000920,188,148,40
115000921,1872,464,1408
115000922,3160,1428,1732
115000923,1112,1292,-180
115000925,151,141,10
115000927,75,81,-6
115000933,908,251,657
115000934,236,323,-87
115000935,155,185,-30
115000936,66,699,-633
115000937,1679,334,1345
115000938,180,313,-133
115000939,172,260,-88
115900001,84,90,-6
115900002,94,307,-213
115900003,211,192,19
115900004,4,95,-91
115900005,232,9,223
115900006,236,712,-476
115900008,74,19,55
115900009,87,641,-554
115900010,340,346,-6
115900011,589,485,104
115900012,161,161,0
115900013,628,333,295
115900014,147,295,-148
115900015,92,141,-49
115900016,70,67,3
115900017,5,5,0
115900018,226,130,96
115900019,1080,61,1019
115900020,21,2,19
115900021,2783,240,2543
115900022,3942,21,3921
115900023,66,10,56
115900025,117,428,-311
115900026,1242,417,825
115900027,0,492,-492
115900028,796,142,654
115900029,39,741,-702
115900030,81,42,39
115900031,670,376,294
115900032,626,1415,-789
115900033,0,47,-47
115900034,54,855,-801
115900035,81,35,46
115900036,401,909,-508
115900037,67,784,-717
115900038,185,20,165
115900039,226,551,-325
115900041,708,728,-20
115900042,88,4,84
115900043,200,271,-71
115900044,465,456,9
115900046,267,422,-155
115900047,196,151,45
115900049,209,401,-192
115900051,4,148,-144
115900052,12,364,-352
115900053,255,409,-154
115900054,163,121,42
115900055,24,219,-195
115900056,272,598,-326
115900057,145,11,134
115900058,29,106,-77
115900060,207,287,-80
115900061,294,0,294
115900062,42,537,-495
115900063,51,17,34
115900064,292,595,-303
115900065,127,196,-69
115900066,315,303,12
115900067,12,1194,-1182
115900068,4952,1031,3921
115900069,76,367,-291
115900070,352,380,-28
115900071,1,890,-889
115900072,70,356,-286
115900073,84,110,-26
115900074,10,513,-503
115900075,43,473,-430
115900076,4,142,-138
115900077,13,402,-389
115900078,38,217,-179
115900079,249,30,219
115900080,831,466,365
115900081,16,98,-82
115900082,214,191,23
115900084,368,43,325
115900085,151,93,58
115900086,2705,766,1939
115900088,58,87,-29
115900089,288,999,-711
115900090,246,43,203
115900091,52,58,-6
115900092,41,364,-323
115900093,6,87,-81
115900094,11,608,-597
115900096,4,68,-64
115900097,18,786,-768
115900098,204,869,-665
115900099,125,100,25
115900100,15,938,-923
115900101,191,724,-533
115900102,70,139,-69
115900103,443,468,-25
115900104,65,259,-194
115900105,212,1282,-1070
115900106,71,80,-9
115900107,97,259,-162
115900108,97,88,9
115900109,77,631,-554
115900110,1,61,-60
115900111,3,159,-156
115900112,83,1691,-1608
115900113,54,57,-3
115900114,9,199,-190
115900115,92,290,-198
115900116,109,1662,-1553
115900117,59,64,-5
115900118,3,400,-397
115900119,619,203,416
115900120,40,708,-668
115900121,251,417,-166
115900124,278,744,-466
115900125,293,49,244
115900126,764,115,649
115900127,790,114,676
115900128,7,90,-83
115900129,900,61,839
115900130,39,323,-284
115900131,342,35,307
115900132,618,6,612
115900134,350,8,342
115900135,813,1308,-495
115900137,26,4,22
115900139,138,139,-1
115900140,222,45,177
115900141,21,105,-84
115900142,26,57,-31
115900143,374,654,-280
115900144,101,414,-313
115900146,4,239,-235
115900147,463,365,98
115900148,54,49,5
115900149,68,41,27
115900150,74,110,-36
115900151,13,121,-108
115900152,147,630,-483
115900153,185,337,-152
115900154,1149,486,663
115900155,0,151,-151
115900156,896,1108,-212
115900157,223,800,-577
115900158,43,20,23
115900159,127,445,-318
115900160,12,10,2
115900161,176,368,-192
115900163,214,252,-38
115900164,622,89,533
115900165,3,271,-268
115900166,278,422,-144
115900168,158,250,-92
115900171,195,746,-551
115900172,109,182,-73
115900173,370,225,145
115900174,686,275,411
115900175,151,376,-225
115900178,24,1056,-1032
115900179,269,35,234
115900180,70,492,-422
115900181,159,420,-261
115900182,420,524,-104
115900183,218,81,137
115900184,2647,17,2630
115900187,13,157,-144
115900189,0,298,-298
115900190,800,2017,-1217
115900191,93,632,-539
115900192,20,109,-89
115900193,165,160,5
115900194,621,57,564
115900195,868,2110,-1242
115900198,302,572,-270
115900199,163,427,-264
115900200,358,556,-198
115900201,587,431,156
115900202,7,28,-21
115900203,12,3,9
115900204,1,5,-4
115900205,175,9,166
115900206,183,253,-70
115900207,37,65,-28
115900208,152,513,-361
115900209,6,229,-223
115900210,4,181,-177
115900211,4,377,-373
115900212,161,474,-313
115900213,188,85,103
115900214,409,396,13
115900215,43,131,-88
115900216,15,156,-141
115900217,8,118,-110
115900218,6,73,-67
115900219,85,10,75
115900220,142,20,122
115900221,99,19,80
115900222,51,31,20
115900223,22,275,-253
115900224,2908,996,1912
115900225,54,59,-5
115900226,19,92,-73
115900227,15,80,-65
115900228,12,66,-54
115900229,9,133,-124
115900230,64,191,-127
115900231,198,4,194
115900232,97,2,95
115900233,112,15,97
115900234,62,34,28
115900235,43,56,-13
115900236,136,34,102
115900237,25,34,-9
115900238,46,47,-1
115900239,23,40,-17
115900240,8,81,-73
115900241,231,147,84
115900242,403,521,-118
115900243,35,6,29
115900244,16,16,0
115900245,93,14,79
115900246,8,7,1
115900247,47,10,37
115900248,7,11,-4
115900249,14,14,0
115900250,20,29,-9
115900251,1,16,-15
115900252,4,10,-6
115900253,3,17,-14
115900254,32,17,15
115900255,8,30,-22
115900256,44,48,-4
115900257,3,7,-4
115900258,0,6,-6
115900259,8,5,3
115900260,26,2,24
115900261,19,1,18
115900262,2,1,1
115900263,5,5,0
115900264,10,7,3
115900265,3,16,-13
115900266,6,23,-17
115900267,10,15,-5
115900268,16,10,6
115900269,474,727,-253
115900270,488,1191,-703
115900271,106,0,106
115900272,59,1,58
115900273,20,22,-2
115900274,0,52,-52
115900275,2,73,-71
115900276,1,119,-118
115900277,1,223,-222
115900278,35,254,-219
115900279,22,263,-241
115900280,24,434,-410
115900281,932,218,714
115900282,19,9,10
115900283,9,43,-34
115900284,20,14,6
116000001,21816,10925,10891
116000002,7376,16741,-9365
116000003,2333,3316,-983
116000004,5538,5280,258
116000005,7981,6085,1896
116000006,8088,2662,5426
116000007,6056,7590,-1534
116000008,6474,3307,3167
116000009,2928,4102,-1174
116000010,2720,1962,758
116000011,1491,3136,-1645
116000012,1463,1252,211
116000013,32199,8808,23391
116000014,31613,20189,11424
116000015,1176,2326,-1150
116000016,14955,7189,7766
116000017,57,1278,-1221
116000018,1056,1034,22
116000019,1709,618,1091
116000020,888,2398,-1510
116000021,976,583,393
116000022,489,879,-390
116000023,2327,1429,898
116000024,1183,1959,-776
116000025,2047,993,1054
116000026,3103,4126,-1023
116000027,1656,1075,581
116000028,692,1497,-805
116000029,1730,1062,668
116000030,1108,711,397
116000031,206,421,-215
116000032,855,460,395
116000033,709,847,-138
116000034,1489,1858,-369
116000035,971,1296,-325
116000036,3175,992,2183
116000037,1215,1143,72
116000038,1233,759,474
116000039,1220,368,852
116000040,2975,445,2530
116000041,472,682,-210
116000042,896,409,487
116000043,103,702,-599
116000044,73,144,-71
116000045,3285,2264,1021
116000046,2443,2286,157
116000047,3974,4707,-733
116000048,4033,2877,1156
116000049,1593,3750,-2157
116000050,1940,2793,-853
116000051,7012,3590,3422
116000052,6764,6944,-180
116000053,3443,1939,1504
116000054,1580,4443,-2863
116000055,870,2431,-1561
116000056,1172,2287,-1115
116000057,6648,3272,3376
116000058,5583,3564,2019
116000059,3632,9550,-5918
116000060,3935,1497,2438
116000061,1733,2236,-503
116000062,1964,324,1640
116000063,1583,2264,-681
116000066,393,1075,-682
116000067,393,1106,-713
116000068,532,652,-120
116000069,518,765,-247
116000078,479,1733,-1254
116000080,2423,1773,650
116000082,17,164,-147
116000083,1920,647,1273
116000084,3512,6253,-2741
116000085,2853,2238,615
116000086,3400,2055,1345
116000087,2067,2158,-91
116000088,1426,2289,-863
116000089,340,189,151
116000090,248,300,-52
116000091,519,278,241
116000093,1079,1408,-329
116000094,1012,1193,-181
116000095,1111,1701,-590
116000096,1229,2453,-1224
116000097,1270,1932,-662
116000098,562,8592,-8030
116000099,19430,811,18619
116000100,209,19,190
116000101,844,2505,-1661
116000102,429,2749,-2320
116000103,582,448,134
116000104,248,3218,-2970
116000105,1310,340,970
116000106,726,2112,-1386
116000107,2969,742,2227
116000108,573,302,271
116000111,217,37,180
116000113,136,99,37
116000114,37,202,-165
116000115,346,166,180
116000116,404,796,-392
116000117,1976,4028,-2052
116000118,1746,2628,-882
116000119,3207,3114,93
116000120,3706,7570,-3864
116000121,918,996,-78
116000122,2056,3071,-1015
116000123,994,902,92
116000124,493,1659,-1166
116000125,3013,1085,1928
116000126,421,2215,-1794
116000127,1670,2431,-761
116000128,2121,1566,555
116000129,1384,304,1080
116000130,644,576,68
116000133,1013,1918,-905
116000134,2481,4011,-1530
116000135,2837,2231,606
116000136,1627,3338,-1711
116000137,1405,1219,186
116000138,1170,883,287
116000139,2824,3394,-570
116000140,299,440,-141
116000141,521,1528,-1007
116000142,6571,5734,837
116000143,2804,3180,-376
116000144,2069,4638,-2569
116000145,2325,2741,-416
116000146,484,598,-114
116000147,715,245,470
116000148,814,703,111
116000149,687,914,-227
116000151,1140,1336,-196
116000153,155,1117,-962
116000155,554,557,-3
116000156,1064,2051,-987
116000157,73,63,10
116000158,890,698,192
116000159,25,22,3
116000160,19,221,-202
116000161,11,192,-181
116000162,100,150,-50
116000163,35,27,8
116000164,33,30,3
116000177,346,208,138
116000194,218,801,-583
116000195,3433,1142,2291
116000196,5,4,1
116000197,4,5,-1
116000198,6779,2382,4397
116000200,1394,705,689
116000201,1162,1232,-70
116000202,15,544,-529
116000203,7,143,-136
116000204,21,83,-62
116000205,0,248,-248
116000206,0,141,-141
116000207,10,69,-59
116000233,346,1343,-997
116000287,214,899,-685
116000288,279,543,-264
116000292,146,130,16
116000296,19,568,-549
116000297,94,17,77
116000304,120,90,30
116000305,23,138,-115
116000346,251,286,-35
116000352,277,203,74
116000354,235,96,139
116000357,41,152,-111
116000358,346,62,284
116000361,201,5,196
116000372,18313,6187,12126
116000381,177,3,174
116000388,5,63,-58
116000389,1234,950,284
116000445,388,993,-605
116000446,643,1901,-1258
116000447,19,678,-659
116000448,1213,646,567
116000563,1470,1364,106
116000565,118,581,-463
116000568,88,368,-280
116000579,36,174,-138
116000584,54,19,35
116000585,41,41,0
116000586,335,201,134
116000587,932,1021,-89
116000589,41,129,-88
116000590,93,97,-4
116000591,232,455,-223
116000592,18,191,-173
116000593,0,55,-55
116000594,718,766,-48
116000595,1175,282,893
116000596,106,11,95
116000597,285,109,176
116000598,18,282,-264
116000602,133,1002,-869
116000605,541,360,181
116000606,95,328,-233
116000607,6,20,-14
116000609,505,1329,-824
116000611,181,802,-621
116000612,877,3368,-2491
116000613,686,640,46
116000614,790,1141,-351
116000615,3,361,-358
116000616,112,239,-127
116000617,125,218,-93
116000618,5,267,-262
116000619,46,77,-31
116000620,77,120,-43
116000621,38,183,-145
116000622,62,309,-247
116000624,198,112,86
116000627,67,76,-9
116000628,84,964,-880
116000629,28,954,-926
116000630,410,126,284
116000631,152,133,19
116000632,436,542,-106
116000633,63,876,-813
116000634,479,86,393
116000635,5310,2726,2584
116000636,3302,1680,1622
116000637,359,42,317
116000638,42,981,-939
116900001,296,201,95
116900002,432,11,421
116900003,30,125,-95
116900004,67,78,-11
116900005,280,83,197
116900006,258,212,46
116900007,246,359,-113
116900008,318,653,-335
116900009,29,8,21
116900010,7,2464,-2457
116900011,14,83,-69
116900012,275,327,-52
116900013,7,337,-330
116900014,127,503,-376
116900015,411,125,286
116900016,199,1,198
116900017,11,1429,-1418
116900018,91,87,4
116900019,34,722,-688
116900020,3273,1203,2070
116900023,139,26,113
116900024,661,97,564
116900025,1337,1580,-243
116900026,330,1375,-1045
116900027,46,112,-66
116900028,5,264,-259
116900029,6,102,-96
116900031,2,5,-3
116900032,6,646,-640
116900033,21,18,3
116900034,11,112,-101
116900035,236,548,-312
116900036,3,197,-194
116900038,50,12,38
116900041,69,47,22
116900042,1250,356,894
116900043,21,215,-194
116900047,165,123,42
116900049,62,577,-515
116900050,172,1081,-909
116900051,111,459,-348
116900052,373,101,272
116900055,0,5,-5
116900057,48,598,-550
116900058,67,918,-851
116900059,1,383,-382
116900060,473,366,107
116900062,0,8,-8
116900064,87,1709,-1622
116900065,45,310,-265
116900067,147,241,-94
116900068,172,506,-334
116900070,2,4,-2
116900072,39,734,-695
116900073,14,370,-356
116900074,17,119,-102
116900076,16,38,-22
116900077,10,293,-283
116900078,321,203,118
116900079,38,818,-780
116900080,24,39,-15
116900081,551,2699,-2148
116900082,525,1363,-838
116900083,53,115,-62
116900084,578,90,488
116900085,30,250,-220
116900086,63,473,-410
116900088,741,154,587
116900090,174,117,57
116900091,289,161,128
116900092,103,1519,-1416
116900093,2352,3943,-1591
116900094,9500,6834,2666
116900095,741,263,478
116900096,151,523,-372
116900097,8776,3630,5146
116900098,1292,361,931
116900099,1044,1044,0
116900100,1092,43,1049
116900101,417,1174,-757
116900103,6,1,5
116900104,87,150,-63
116900105,502,125,377
116900106,1715,1378,337
116900107,7809,3563,4246
116900110,12,1,11
116900111,464,2009,-1545
116900112,301,2388,-2087
116900113,6020,1952,4068
116900116,228,491,-263
116900117,63,165,-102
116900118,1298,1267,31
116900120,252,242,10
116900121,68,81,-13
116900122,694,1147,-453
116900123,203,1313,-1110
116900124,180,2166,-1986
116900125,406,484,-78
116900126,507,947,-440
116900128,13,67,-54
116900129,4,567,-563
116900130,1830,4853,-3023
116900131,176,324,-148
116900132,53,125,-72
116900133,134,119,15
116900134,405,251,154
116900136,333,282,51
116900137,879,281,598
116900138,195,294,-99
116900139,136,618,-482
116900140,182,237,-55
116900141,785,414,371
116900142,12,71,-59
116900143,337,634,-297
116900144,43,68,-25
116900145,258,502,-244
116900147,1360,396,964
116900148,4,65,-61
116900149,39,292,-253
116900150,14,18,-4
116900151,113,38,75
116900153,102,136,-34
116900154,1137,687,450
116900155,103,89,14
116900157,588,589,-1
116900158,705,333,372
116900159,75,512,-437
116900160,1933,601,1332
116900161,16388,8765,7623
116900162,37,221,-184
116900163,160,287,-127
116900164,153,85,68
116900165,312,228,84
116900166,20,190,-170
116900167,573,137,436
116900168,484,152,332
116900169,1746,571,1175
116900170,369,473,-104
116900171,49,449,-400
116900172,562,267,295
116900173,278,118,160
116900174,51,39,12
116900175,657,251,406
116900178,43,311,-268
116900179,221,307,-86
116900180,181,46,135
116900182,499,466,33
116900183,235,167,68
116900185,47,74,-27
116900186,202,536,-334
116900187,43,45,-2
116900188,188,22,166
116900189,140,0,140
116900191,468,800,-332
116900192,350,337,13
116900194,107,1211,-1104
116900195,48,18,30
116900196,26,156,-130
116900197,114,14,100
116900198,456,293,163
116900200,52,42,10
116900201,118,16,102
116900202,252,75,177
116900203,191,10,181
116900204,69,124,-55
116900206,14,31,-17
116900207,41,53,-12
116900208,7,273,-266
116900209,32,268,-236
116900210,678,433,245
116900211,332,26,306
116900212,55,162,-107
116900213,262,424,-162
116900214,190,137,53
116900215,76,149,-73
116900216,751,366,385
116900218,124,465,-341
116900219,1469,574,895
116900220,110,380,-270
116900221,81,544,-463
116900222,571,624,-53
116900223,134,360,-226
116900226,70,166,-96
116900227,224,160,64
116900228,511,507,4
116900230,66,667,-601
116900231,45,837,-792
116900232,13,948,-935
116900233,323,172,151
116900234,29,9,20
116900235,224,484,-260
116900238,2084,683,1401
116900239,20,1589,-1569
116900240,13765,5830,7935
116900241,75,310,-235
116900242,582,769,-187
116900243,0,219,-219
116900245,53,33,20
116900246,119,11,108
116900247,710,43,667
116900248,101,75,26
116900249,380,225,155
116900250,397,57,340
116900251,941,753,188
116900252,123,1898,-1775
116900253,176,203,-27
116900254,20,175,-155
116900255,112,54,58
116900256,344,180,164
116900257,36,957,-921
116900258,5,531,-526
116900259,152,29,123
116900260,1,217,-216
116900261,71,1,70
116900262,208,264,-56
116900263,0,32,-32
116900264,1,15,-14
116900265,51,0,51
116900266,11,124,-113
116900267,5,2,3
116900268,324,13,311
116900269,702,1122,-420
116900271,2448,323,2125
116900272,784,1101,-317
116900273,894,91,803
116900274,124,207,-83
116900275,186,228,-42
116900276,1679,117,1562
116900277,1265,46,1219
116900278,8,48,-40
116900279,0,45,-45
116900280,42,60,-18
116900281,15403,5652,9751
116900282,5,285,-280
116900283,36,337,-301
116900284,22,431,-409
116900285,632,738,-106
116900286,335,20,315
116900287,11,164,-153
116900288,48,200,-152
116900289,22,56,-34
116900290,3,71,-68
116900291,18,15,3
116900292,0,12,-12
116900293,31,142,-111
116900294,79,265,-186
116900295,980,56,924
116900296,295,110,185
116900297,19,183,-164
116900298,282,67,215
116900299,153,76,77
116900300,17,281,-264
116900301,222,130,92
116900302,151,69,82
116900303,1221,118,1103
116900304,0,247,-247
116900305,49,177,-128
116900306,132,184,-52
117000001,3417,3532,-115
117000002,4129,9201,-5072
117000003,15970,5553,10417
117000004,8582,10701,-2119
117000005,3280,2926,354
117000006,2114,8457,-6343
117000007,5836,2349,3487
117000008,2464,10186,-7722
117000009,7538,3115,4423
117000010,4705,9294,-4589
117000011,3219,3792,-573
117000012,2369,3367,-998
117000013,3436,2116,1320
117000014,3149,4848,-1699
117000015,7539,2384,5155
117000016,2381,77,2304
117000017,1666,289,1377
117000018,559,787,-228
117000019,683,0,683
117000020,1118,2859,-1741
117000021,4722,1200,3522
117000022,1588,90,1498
117000023,1895,246,1649
117000024,1916,135,1781
117000025,5217,789,4428
117000026,11801,1454,10347
117000027,4913,3289,1624
117000028,8126,2374,5752
117000030,1707,1327,380
117000031,662,394,268
117000032,5428,2406,3022
117000033,2575,2029,546
117000034,781,797,-16
117000035,487,521,-34
117000036,653,854,-201
117000037,492,406,86
117000038,678,1341,-663
117000039,647,555,92
117000040,231,1986,-1755
117000041,1054,309,745
117000044,69,2028,-1959
117000045,884,124,760
117000046,1013,1088,-75
117000047,1465,1021,444
117000048,3703,2893,810
117000049,232,997,-765
117000050,265,4112,-3847
117000051,2816,295,2521
117000052,37,849,-812
117000053,468,155,313
117000054,2014,8,2006
117000055,26,6160,-6134
117000056,935,38,897
117000057,1203,4401,-3198
117000060,560,3302,-2742
117000061,3447,2081,1366
117000062,436,979,-543
117000063,3296,1592,1704
117000064,1383,1626,-243
117000066,2314,1600,714
117000067,397,695,-298
117000074,220,493,-273
117000076,114,125,-11
117000077,180,194,-14
117000078,220,1398,-1178
117000079,612,385,227
117000080,3,623,-620
117000081,1861,219,1642
117000082,39,124,-85
117000083,221,17,204
117000084,853,3,850
117000085,321,1035,-714
117000086,1832,1114,718
117000087,158,929,-771
117000088,490,525,-35
117000089,2202,615,1587
117000090,420,2661,-2241
117000091,946,600,346
117000092,572,2847,-2275
117000093,1680,1223,457
117000094,1676,5079,-3403
117000095,4242,1513,2729
117000096,909,4540,-3631
117000097,1689,2145,-456
117000098,4204,9637,-5433
117000099,4079,1944,2135
117000100,219,389,-170
117000101,299,2449,-2150
117000102,2036,1100,936
117000103,1225,3357,-2132
117000104,1800,1096,704
117000105,1372,2997,-1625
117000106,1598,1588,10
117000107,832,3475,-2643
117000108,2084,1692,392
117000109,3521,4581,-1060
117000110,1911,1532,379
117000111,6338,9512,-3174
117000112,4631,4109,522
117000113,216,554,-338
117000114,250,299,-49
117000115,121,267,-146
117000116,136,446,-310
117000117,3625,1062,2563
117000118,918,221,697
117000119,1007,200,807
117000120,1382,571,811
117000121,324,1980,-1656
117000122,1446,2644,-1198
117000123,4984,70,4914
117000124,1633,130,1503
117000125,1752,171,1581
117000126,196,53,143
117000127,519,720,-201
117000128,898,1425,-527
117000129,1986,810,1176
117000130,204,3,201
117000131,0,181,-181
117000132,3565,85,3480
117000133,1348,170,1178
117000134,1,81,-80
117000135,9,33,-24
117000136,4,39,-35
117000137,148,140,8
117000138,3,1156,-1153
117000140,706,2858,-2152
117000141,2169,1104,1065
117000181,1619,562,1057
117000182,408,668,-260
117000195,312,2469,-2157
117000196,277,119,158
117000225,413,14,399
117000226,27,426,-399
117000276,333,18,315
117000277,3,924,-921
117000310,4669,6009,-1340
117000315,99,2556,-2457
117000320,186,0,186
117000906,411,25,386
117000907,25,791,-766
117000908,275,19,256
117000909,228,60,168
117000910,306,225,81
117000911,154,430,-276
117000915,16,1342,-1326
117000916,44,29,15
117000917,1396,76,1320
117000918,108,141,-33
117000919,18,313,-295
117000920,7,2623,-2616
117000921,5,2792,-2787
117000922,149,317,-168
117000924,1634,1712,-78
117000926,1741,136,1605
117000927,3229,1018,2211
117000928,0,313,-313
117000929,230,1162,-932
117000930,210,38,172
117000931,751,225,526
117900002,671,759,-88
117900003,1130,979,151
117900005,41,254,-213
117900006,1,49,-48
117900007,330,258,72
117900008,0,65,-65
117900010,1087,188,899
117900011,76,18,58
117900012,85,292,-207
117900013,1,806,-805
117900014,1671,340,1331
117900015,50,264,-214
117900016,3419,1079,2340
117900017,949,749,200
117900018,476,78,398
117900019,605,736,-131
117900020,87,575,-488
117900021,56,177,-121
117900022,38,23,15
117900023,1012,1015,-3
117900024,95,190,-95
117900025,95,7,88
117900026,457,683,-226
117900028,396,15,381
117900029,267,1760,-1493
117900030,512,422,90
117900031,882,221,661
117900032,1314,903,411
117900033,232,1523,-1291
117900034,89,113,-24
117900035,296,103,193
117900036,392,1253,-861
117900037,145,204,-59
117900038,59,610,-551
117900039,12,146,-134
117900040,171,1061,-890
117900041,9,89,-80
117900042,9537,1032,8505
117900043,72,123,-51
117900044,146,6923,-6777
117900045,440,265,175
117900048,265,450,-185
117900049,227,1149,-922
117900050,21,88,-67
117900051,235,7,228
117900052,146,551,-405
117900053,1745,1083,662
117900054,2,50,-48
117900055,252,731,-479
117900056,712,49,663
117900057,1539,2461,-922
117900058,387,26,361
117900059,1434,123,1311
117900060,1991,9680,-7689
117900061,42,583,-541
117900063,618,502,116
117900065,1263,2232,-969
117900066,19,119,-100
117900067,517,565,-48
117900069,1253,798,455
117900070,716,23,693
117900071,286,321,-35
117900073,547,844,-297
117900074,752,55,697
117900075,206,200,6
117900076,57,74,-17
117900077,386,267,119
117900078,355,923,-568
117900080,669,115,554
117900081,772,858,-86
117900082,488,546,-58
117900083,497,1294,-797
117900086,261,91,170
117900087,138,93,45
117900088,4306,4524,-218
117900089,2304,768,1536
117900090,901,1435,-534
117900091,548,292,256
117900092,124,61,63
117900093,94,149,-55
117900094,38,20,18
117900095,867,960,-93
117900096,92,467,-375
117900097,281,170,111
117900098,52,17,35
117900099,283,653,-370
117900100,259,1,258
117900101,899,2262,-1363
117900102,69,98,-29
117900103,49,2,47
117900104,27,249,-222
117900105,210,507,-297
117900106,128,119,9
117900107,38,2,36
117900109,621,542,79
117900110,73,3,70
117900111,517,23,494
117900112,87,24,63
117900113,11964,3915,8049
117900114,22,0,22
117900115,460,78,382
117900116,1542,2150,-608
117900117,620,610,10
117900118,81,0,81
117900119,125,477,-352
117900120,178,309,-131
117900121,234,36,198
117900122,2862,4077,-1215
117900123,1436,1167,269
117900124,1142,1265,-123
117900125,2122,1971,151
117900126,437,1299,-862
117900127,785,1094,-309
117900128,448,1683,-1235
117900129,93,1,92
117900130,1498,753,745
117900131,3,189,-186
117900132,13,171,-158
117900133,7,226,-219
117900134,92,414,-322
117900135,26,376,-350
117900136,0,89,-89
117900137,62,506,-444
117900138,1,104,-103
117900139,132,275,-143
117900140,10034,619,9415
117900141,935,426,509
117900142,139,43,96
117900144,231,121,110
117900145,35,70,-35
117900146,897,164,733
117900147,95,163,-68
117900148,7229,1913,5316
117900149,74,304,-230
117900150,91,183,-92
117900151,121,197,-76
117900152,219,212,7
117900153,98,217,-119
117900154,837,1370,-533
117900156,1464,1851,-387
117900157,180,831,-651
117900158,212,236,-24
117900160,879,674,205
117900161,4440,4783,-343
117900162,674,890,-216
117900163,480,32,448
117900165,0,28,-28
117900166,206,538,-332
117900168,22,331,-309
117900169,3,221,-218
117900170,3,116,-113
117900171,3,36,-33
117900172,26,71,-45
117900173,275,111,164
117900174,56,100,-44
117900175,2,96,-94
117900176,13,141,-128
117900177,18,95,-77
117900178,185,82,103
117900180,562,87,475
117900181,479,408,71
117900182,8,55,-47
117900183,102,313,-211
117900184,24,98,-74
117900185,47,56,-9
117900186,43,32,11
117900187,38,42,-4
117900188,315,70,245
117900189,106,37,69
117900190,19,3,16
117900191,182,9,173
117900192,377,13,364
117900193,3,143,-140
117900194,17,10,7
117900195,27,88,-61
117900196,21,60,-39
117900207,305,258,47
117900208,41,54,-13
117900209,327,337,-10
117900210,195,371,-176
117900211,12,464,-452
117900212,188,371,-183
117900213,30,24,6
117900214,6,89,-83
117900215,43,72,-29
117900216,139,33,106
117900217,357,246,111
117900218,418,510,-92
117900219,9,125,-116
117900220,344,153,191
117900222,243,466,-223
117900223,211,479,-268
118000001,1893,1190,703
118000002,2749,4649,-1900
118000003,9507,3738,5769
118000004,8581,3660,4921
118000005,9429,8525,904
118000006,12382,18760,-6378
118000007,16516,5283,11233
118000008,13731,6943,6788
118000009,4511,6588,-2077
118000010,7356,7409,-53
118000011,1836,5106,-3270
118000012,2870,4985,-2115
118000013,6953,5705,1248
118000014,3083,5712,-2629
118000016,352,731,-379
118000017,498,773,-275
118000018,660,755,-95
118000019,3974,2144,1830
118000020,3362,3391,-29
118000021,2401,4312,-1911
118000022,4943,1513,3430
118000023,2725,513,2212
118000024,4158,1670,2488
118000027,30866,18991,11875
118000029,1926,1338,588
118000032,2381,7558,-5177
118000033,5198,6957,-1759
118000034,9428,3711,5717
118000035,2693,4167,-1474
118000036,3875,1855,2020
118000037,1792,1758,34
118000038,273,178,95
118000039,227,965,-738
118000040,3067,3493,-426
118000041,4682,2877,1805
118000045,1779,317,1462
118000046,4237,1111,3126
118000047,7800,945,6855
118000048,13424,2629,10795
118000051,6661,2500,4161
118000052,5461,1206,4255
118000053,3956,2668,1288
118000054,5078,7008,-1930
118000055,4189,6757,-2568
118000056,420,775,-355
118000057,441,1471,-1030
118000058,11359,2522,8837
118000059,9806,1473,8333
118000060,2504,1391,1113
118000061,1502,3141,-1639
118000062,901,894,7
118000063,841,921,-80
118000064,2256,2426,-170
118000065,9401,4633,4768
118000066,2176,3099,-923
118000067,2926,1432,1494
118000068,4881,8195,-3314
118000069,7288,2571,4717
118000070,13641,3926,9715
118000071,6906,14910,-8004
118000072,6885,2056,4829
118000073,6317,869,5448
118000074,1105,985,120
118000075,1280,527,753
118000076,4538,3037,1501
118000077,2922,2314,608
118000078,4876,3178,1698
118000079,659,892,-233
118000080,2633,1639,994
118000081,4214,1701,2513
118000082,598,2027,-1429
118000083,4314,2499,1815
118000084,5343,2980,2363
118000086,678,986,-308
118000087,11985,4378,7607
118000088,4082,4076,6
118000089,7072,5277,1795
118000090,3975,5915,-1940
118000091,3482,5429,-1947
118000092,2256,926,1330
118000093,253,1382,-1129
118000096,1336,1113,223
118000097,1948,1217,731
118000098,554,411,143
118000099,844,1551,-707
118000101,1381,574,807
118000102,466,2632,-2166
118000107,5865,969,4896
118000108,1375,4845,-3470
118000110,1,44,-43
118000111,7,893,-886
118000112,719,9,710
118000113,13,1670,-1657
118000114,544,22,522
118000115,23,64,-41
118000116,81,0,81
118000117,3458,1716,1742
118000118,3151,1128,2023
118000119,1937,1868,69
118000120,3125,2513,612
118000121,177,772,-595
118000122,2795,413,2382
118000123,138,472,-334
118000125,4518,2103,2415
118000126,3257,2571,686
118000127,5403,1454,3949
118000128,1641,2180,-539
118000129,3394,936,2458
118000130,5640,9000,-3360
118000131,1877,2008,-131
118000132,3454,2643,811
118000133,2659,857,1802
118000135,1713,768,945
118000136,262,934,-672
118000137,3097,177,2920
118000138,623,1532,-909
118000139,756,213,543
118000140,4470,7637,-3167
118000141,3122,3697,-575
118000142,2577,3615,-1038
118000143,2765,2330,435
118000144,2961,2085,876
118000145,2494,4357,-1863
118000146,1776,2057,-281
118000147,1596,3059,-1463
118000148,659,2765,-2106
118000149,1232,2133,-901
118000150,609,548,61
118000151,506,844,-338
118000153,1666,2511,-845
118000154,1714,3108,-1394
118000155,1574,2773,-1199
118000156,5444,4683,761
118000157,1141,848,293
118000158,283,865,-582
118000159,67,185,-118
118000160,663,846,-183
118000161,704,1502,-798
118000162,1870,1635,235
118000163,1295,1477,-182
118000164,5141,3013,2128
118000168,3042,910,2132
118000169,1829,2790,-961
118000170,6905,11827,-4922
118000171,586,1245,-659
118000172,153,723,-570
118000173,1565,2619,-1054
118000175,443,662,-219
118000176,460,794,-334
118000177,388,961,-573
118000178,281,110,171
118000179,2772,2050,722
118000180,1422,1761,-339
118000181,1618,506,1112
118000182,563,549,14
118000183,355,594,-239
118000184,997,1876,-879
118000185,1851,1507,344
118000186,1144,1549,-405
118000187,1773,1309,464
118000188,1485,484,1001
118000189,1025,1906,-881
118000190,42,24,18
118000191,29,87,-58
118000192,429,493,-64
118000193,365,977,-612
118000194,5656,2750,2906
118000195,3166,1397,1769
118000196,1941,237,1704
118000197,871,168,703
118000198,1343,1041,302
118000199,3230,984,2246
118000200,177,523,-346
118000201,1452,927,525
118000202,194,197,-3
118000203,3317,703,2614
118000204,497,555,-58
118000205,592,680,-88
118000206,439,314,125
118000207,1,165,-164
118000208,1889,3226,-1337
118000209,2835,3360,-525
118000210,93,80,13
118000211,42,75,-33
118000213,3744,2278,1466
118000214,1455,1512,-57
118000215,424,1121,-697
118000216,3709,9098,-5389
118000217,48,229,-181
118000218,95,194,-99
118000219,1144,1040,104
118000220,25,51,-26
118000221,157,762,-605
118000222,188,22,166
118000223,57,67,-10
118000224,776,178,598
118000225,245,1704,-1459
118000226,3345,289,3056
118000227,1702,751,951
118000228,299,406,-107
118000229,790,109,681
118000230,258,465,-207
118000231,159,384,-225
118000232,1258,2071,-813
118000233,1240,1565,-325
118000234,549,482,67
118000236,929,676,253
118000237,122,945,-823
118000238,285,478,-193
118000239,475,683,-208
118000240,1051,237,814
118000241,296,689,-393
118000242,642,1422,-780
118000243,294,336,-42
118000244,90,294,-204
118000246,0,11,-11
118000255,71,485,-414
118000256,134,418,-284
118000259,6,140,-134
118000260,524,293,231
118000261,69,227,-158
118000263,208,416,-208
118000266,142,785,-643
118000267,0,141,-141
118000268,1932,14,1918
118000270,111,64,47
118000271,201,662,-461
118000272,192,80,112
118000273,181,153,28
118000274,174,683,-509
118000276,614,635,-21
118000295,5,189,-184
118000298,265,805,-540
118000299,77,280,-203
118000301,0,147,-147
118000302,172,176,-4
118000311,510,252,258
118000312,361,342,19
118000313,120,381,-261
118000314,132,163,-31
118000315,96,190,-94
118000316,1082,1119,-37
118000325,68,135,-67
118000326,50,85,-35
118000331,36,108,-72
118000332,17,102,-85
118000333,76,129,-53
118000335,301,0,301
118000336,2,568,-566
118000407,240,149,91
118000457,13,62,-49
118000465,5443,7919,-2476
118000480,70,306,-236
118000489,175,951,-776
118000490,126,970,-844
118000492,294,423,-129
118000510,207,31,176
118000514,341,723,-382
118000515,1636,1480,156
118000517,847,517,330
118000524,1444,392,1052
118000525,1529,1610,-81
118000530,26,245,-219
118000531,373,568,-195
118000532,410,509,-99
118000533,806,293,513
118000534,1400,793,607
118000535,382,204,178
118000536,1367,2670,-1303
118000537,202,216,-14
118000538,90,231,-141
118000539,13,266,-253
118000540,686,451,235
118000541,676,159,517
118000542,321,384,-63
118000543,751,392,359
118000546,33,63,-30
118000560,6520,2732,3788
118000562,53,714,-661
118000563,4599,3108,1491
118000576,318,387,-69
118000577,299,177,122
118000578,246,161,85
118000579,1347,2098,-751
118000595,277,130,147
118000596,0,72,-72
118000597,142,231,-89
118000598,23,1,22
118000599,28,103,-75
118000600,4,85,-81
118000601,14,0,14
118000602,0,85,-85
118000603,0,97,-97
118900001,1972,2347,-375
118900002,1955,1663,292
118900003,350,66,284
118900004,71,111,-40
118900005,71,4,67
118900006,157,12,145
118900007,17,5,12
118900008,2342,84,2258
118900009,46,33,13
118900010,69,15,54
118900011,293,57,236
118900012,676,468,208
118900013,1059,149,910
118900015,314,101,213
118900016,16,56,-40
118900017,311,309,2
118900018,1951,27,1924
118900019,69,29,40
118900020,324,173,151
118900021,304,652,-348
118900022,244,136,108
118900023,406,192,214
118900024,165,314,-149
118900025,130,75,55
118900026,100,104,-4
118900027,898,610,288
118900028,319,326,-7
118900029,509,759,-250
118900030,445,207,238
118900031,228,168,60
118900032,325,316,9
118900033,1654,1041,613
118900034,285,32,253
118900035,284,423,-139
118900036,1440,1520,-80
118900037,882,417,465
118900038,564,460,104
118900039,662,355,307
118900040,232,377,-145
118900041,803,325,478
118900042,263,227,36
118900045,420,309,111
118900046,1505,380,1125
118900047,1493,515,978
118900048,1540,263,1277
118900049,125,96,29
118900050,14,287,-273
118900051,99,109,-10
118900052,676,408,268
118900053,61,209,-148
118900054,148,160,-12
118900055,100,248,-148
118900056,52,482,-430
118900057,875,632,243
118900058,1069,640,429
118900059,61,189,-128
118900060,60,212,-152
118900062,246,323,-77
118900064,984,1047,-63
118900065,58,454,-396
118900066,146,195,-49
118900067,9185,5279,3906
118900068,10,1455,-1445
118900069,532,588,-56
118900071,8,103,-95
118900072,696,819,-123
118900073,100,227,-127
118900074,158,317,-159
118900075,86,158,-72
118900076,883,131,752
118900077,289,383,-94
118900078,52,17,35
118900079,100,387,-287
118900080,32,200,-168
118900081,154,75,79
118900082,1074,326,748
118900083,48,18,30
118900084,31,39,-8
118900085,909,1844,-935
118900086,37,177,-140
118900087,18,431,-413
118900088,0,37,-37
118900089,83,19,64
118900090,803,900,-97
118900091,324,420,-96
118900092,150,172,-22
118900093,219,31,188
118900096,72,26,46
118900097,334,1321,-987
118900099,69,710,-641
118900100,212,393,-181
118900101,132,1238,-1106
118900102,80,121,-41
118900103,82,233,-151
118900104,241,343,-102
118900105,343,159,184
118900107,271,173,98
118900108,107,136,-29
118900110,2874,1323,1551
118900111,592,1037,-445
118900112,147,197,-50
118900113,194,1211,-1017
118900114,58,171,-113
118900115,171,792,-621
118900116,140,280,-140
118900117,157,285,-128
118900118,309,834,-525
118900119,196,482,-286
118900120,172,554,-382
118900121,35,416,-381
118900122,14,1565,-1551
118900123,240,450,-210
118900124,169,364,-195
118900126,34,587,-553
118900129,585,398,187
118900130,112,213,-101
118900131,150,455,-305
118900132,1247,394,853
118900133,24,144,-120
118900135,349,479,-130
118900136,301,1220,-919
118900137,17,43,-26
118900139,313,1027,-714
118900140,693,1301,-608
118900141,98,368,-270
118900144,363,937,-574
118900145,62,292,-230
118900146,432,1410,-978
118900147,953,262,691
118900148,88,114,-26
118900150,308,821,-513
118900152,795,1637,-842
118900157,257,312,-55
118900158,108,217,-109
118900159,5,346,-341
118900161,308,9,299
118900163,438,141,297
118900164,7,166,-159
118900165,89,479,-390
118900166,31,1,30
118900167,148,219,-71
118900168,19,150,-131
118900169,192,757,-565
118900170,208,294,-86
118900171,38,46,-8
118900174,92,115,-23
118900175,483,765,-282
118900176,167,386,-219
118900177,69,117,-48
118900178,69,153,-84
118900179,3,62,-59
118900181,145,224,-79
118900182,174,85,89
118900183,34,148,-114
118900184,401,139,262
118900185,139,267,-128
118900186,128,152,-24
118900187,301,637,-336
118900188,479,524,-45
118900189,68,1343,-1275
118900190,15,856,-841
118900191,276,123,153
118900192,323,49,274
118900193,692,17,675
118900195,634,1786,-1152
118900196,51,367,-316
118900197,178,179,-1
118900198,24,64,-40
118900199,73,113,-40
118900200,24,39,-15
118900201,43,48,-5
118900202,14,151,-137
118900203,11,87,-76
118900204,22,72,-50
118900205,5,21,-16
118900206,5,28,-23
119000001,2332,3644,-1312
119000002,5149,7247,-2098
119000003,3266,2812,454
119000004,4916,3339,1577
119000005,5300,4521,779
119000006,3567,2743,824
119000007,6458,6500,-42
119000008,3508,3774,-266
119000009,6749,6808,-59
119000010,13791,6977,6814
119000011,10441,4844,5597
119000012,7711,5937,1774
119000013,3490,2519,971
119000014,4927,6467,-1540
119000019,480,395,85
119000020,2835,2658,177
119000021,5664,4393,1271
119000022,7531,5417,2114
119000023,699,607,92
119000024,4354,15777,-11423
119000025,24946,2715,22231
119000026,384,571,-187
119000027,1036,951,85
119000028,4097,3330,767
119000029,211,568,-357
119000030,835,2676,-1841
119000031,1366,1217,149
119000032,4191,4609,-418
119000033,3619,3669,-50
119000034,1689,1819,-130
119000035,46,632,-586
119000036,2010,1977,33
119000037,1463,3660,-2197
119000038,239,1991,-1752
119000039,377,596,-219
119000040,2559,1121,1438
119000041,2089,2442,-353
119000048,5376,5977,-601
119000049,2765,5099,-2334
119000050,3065,5064,-1999
119000051,3969,1872,2097
119000052,3630,5925,-2295
119000053,2672,1866,806
119000054,4314,7357,-3043
119000055,4490,5975,-1485
119000056,2808,3549,-741
119000057,2001,4998,-2997
119000058,3020,4418,-1398
119000059,1948,3589,-1641
119000060,2172,1734,438
119000061,1451,1640,-189
119000062,1925,2331,-406
119000063,631,1030,-399
119000064,3042,3442,-400
119000065,2945,5804,-2859
119000066,4299,1906,2393
119000067,3173,4708,-1535
119000068,2094,1752,342
119000069,2237,5413,-3176
119000070,2806,1798,1008
119000071,815,1711,-896
119000072,13638,6399,7239
119000073,11122,10683,439
119000074,1719,6424,-4705
119000075,2047,4557,-2510
119000076,935,1645,-710
119000077,1730,1097,633
119000078,722,361,361
119000079,187,1190,-1003
119000080,423,477,-54
119000081,843,1023,-180
119000082,2274,497,1777
119000083,650,606,44
119000084,486,1071,-585
119000085,1059,494,565
119000086,384,716,-332
119000087,2796,1730,1066
119000088,327,332,-5
119000089,111,381,-270
119000090,220,319,-99
119000091,180,730,-550
119000092,977,418,559
119000093,7387,6040,1347
119000094,3323,13016,-9693
119000095,1924,5565,-3641
119000097,5487,3152,2335
119000098,1185,3875,-2690
119000099,3679,4416,-737
119000100,4623,3651,972
119000101,6558,3295,3263
119000102,1433,1523,-90
119000103,2538,709,1829
119000104,5682,2723,2959
119000105,1846,2340,-494
119000106,516,3678,-3162
119000107,941,934,7
119000108,589,2209,-1620
119000109,362,1014,-652
119000110,1325,1032,293
119000111,167,1140,-973
119000112,321,227,94
119000113,4771,518,4253
119000114,1361,1789,-428
119000115,252,583,-331
119000116,302,216,86
119000117,221,624,-403
119000118,1,2,-1
119000123,10829,1226,9603
119000124,990,368,622
119000125,3513,1844,1669
119000126,706,1578,-872
119000127,700,1559,-859
119000128,77,8,69
119000131,1276,1646,-370
119000132,7,6,1
119000133,9,13,-4
119000134,6123,1130,4993
119000135,210,345,-135
119000136,236,360,-124
119000137,253,801,-548
119000138,380,614,-234
119000139,333,538,-205
119000140,227,576,-349
119000284,2027,5399,-3372
119000285,4080,3989,91
119000286,11263,9987,1276
119000287,2157,4147,-1990
119000288,3983,2786,1197
119000289,5589,7205,-1616
119000290,293,1270,-977
119000291,14,660,-646
119000293,122,462,-340
119000294,40,74,-34
119000295,4763,1078,3685
119000296,202,237,-35
119000302,6267,2594,3673
119000303,101,410,-309
119000314,2291,12965,-10674
119000315,2,954,-952
119000316,137,207,-70
119000317,99,791,-692
119900001,387,1759,-1372
119900002,246,496,-250
119900003,98,2155,-2057
119900004,540,1034,-494
119900005,270,293,-23
119900006,353,630,-277
119900007,1240,204,1036
119900008,146,71,75
119900009,920,961,-41
119900010,3052,2637,415
119900011,51,99,-48
119900012,30,113,-83
119900013,3010,1557,1453
119900014,1088,518,570
119900015,122,40,82
119900016,61,242,-181
119900017,24,95,-71
119900018,3145,1049,2096
119900019,77,11,66
119900020,146,288,-142
119900021,252,163,89
119900022,277,715,-438
119900023,1727,1440,287
119900025,175,57,118
119900026,1811,228,1583
119900027,45,63,-18
119900028,252,128,124
119900029,3,13,-10
119900030,707,942,-235
119900031,115,426,-311
119900033,3217,393,2824
119900034,398,219,179
119900037,159,90,69
119900038,56,459,-403
119900039,78,7,71
119900040,115,38,77
119900041,142,53,89
119900042,180,321,-141
119900043,106,321,-215
119900044,433,940,-507
119900046,93,117,-24
119900047,384,79,305
119900048,42,74,-32
119900049,139,20,119
119900050,159,184,-25
119900051,784,24,760
119900052,44,58,-14
119900053,186,389,-203
119900054,111,7,104
119900055,1697,675,1022
119900057,263,165,98
119900058,306,5,301
119900059,500,100,400
119900060,382,23,359
119900062,63,27,36
119900063,22,99,-77
119900064,441,93,348
119900065,284,8,276
119900066,0,0,0
119900067,100,50,50
119900068,458,3,455
119900069,84,50,34
119900070,1078,14,1064
119900071,723,21,702
119900073,3608,946,2662
119900074,194,43,151
119900075,10854,3946,6908
119900076,723,777,-54
119900077,953,2309,-1356
119900078,515,1583,-1068
119900079,246,544,-298
119900080,1747,2528,-781
119900081,262,77,185
119900082,1305,221,1084
119900083,596,152,444
119900084,2005,440,1565
119900085,301,171,130
119900087,2640,617,2023
119900088,82,124,-42
119900089,51,928,-877
119900090,343,134,209
119900091,122,2143,-2021
119900092,69,778,-709
119900093,1699,418,1281
119900094,76,357,-281
119900095,321,183,138
119900096,83,172,-89
119900097,999,281,718
119900098,60,108,-48
119900099,40,462,-422
119900100,4705,4181,524
119900101,375,2324,-1949
119900102,45,566,-521
119900103,47,1113,-1066
119900104,51,511,-460
119900105,2183,6589,-4406
119900106,49,392,-343
119900107,736,6719,-5983
119900108,6553,1305,5248
119900109,77,671,-594
119900110,842,1718,-876
119900111,99,687,-588
119900112,5447,1165,4282
119900113,135,760,-625
119900114,328,3611,-3283
119900115,330,2171,-1841
119900116,203,870,-667
119900117,363,1784,-1421
119900118,72,2036,-1964
119900119,382,579,-197
119900120,936,1280,-344
119900121,436,2742,-2306
119900122,583,615,-32
119900123,384,535,-151
119900124,239,2068,-1829
119900125,65,810,-745
119900126,12097,731,11366
119900127,4921,1877,3044
119900128,565,1687,-1122
119900129,328,1811,-1483
119900130,48,654,-606
119900131,61,656,-595
119900132,6,693,-687
119900133,66,86,-20
119900134,4553,573,3980
119900135,7,1033,-1026
119900136,275,908,-633
119900138,590,1368,-778
119900139,51,151,-100
119900140,10,240,-230
119900141,261,1128,-867
119900142,33,52,-19
119900143,28,452,-424
119900144,4449,504,3945
119900145,222,383,-161
119900146,234,412,-178
119900147,7,344,-337
119900148,255,96,159
119900149,4227,5555,-1328
119900150,298,317,-19
119900151,4381,1923,2458
119900152,132,967,-835
119900153,211,109,102
119900154,15,640,-625
119900155,60,80,-20
119900156,3,5,-2
119900157,168,516,-348
119900158,214,114,100
119900159,11,3155,-3144
119900160,68,383,-315
119900161,253,665,-412
119900162,1268,1439,-171
119900163,305,284,21
119900164,0,1,-1
119900165,187,476,-289
119900166,76,38,38
119900167,218,216,2
119900168,896,794,102
119900169,250,900,-650
119900170,319,359,-40
119900171,1347,970,377
119900172,215,40,175
119900173,13,978,-965
119900174,24,453,-429
119900175,1310,1145,165
119900177,60,424,-364
119900178,22,403,-381
119900179,146,454,-308
119900180,1450,1260,190
119900181,76,116,-40
119900182,14,1170,-1156
119900183,235,1698,-1463
119900184,5947,1151,4796
119900185,76,255,-179
119900186,289,1080,-791
119900187,29,1138,-1109
119900188,111,510,-399
119900189,766,435,331
119900190,96,407,-311
119900191,672,206,466
119900192,58,466,-408
119900193,438,395,43
119900194,24,117,-93
119900195,43,535,-492
119900196,2923,809,2114
119900197,587,170,417
119900198,133,718,-585
119900199,312,48,264
119900200,785,1200,-415
119900201,531,335,196
119900202,329,280,49
119900203,301,598,-297
119900204,340,573,-233
119900205,742,1276,-534
119900206,138,322,-184
119900208,293,339,-46
119900209,818,1728,-910
119900210,31,89,-58
119900211,164,33,131
119900212,238,599,-361
119900213,7,80,-73
119900214,37,176,-139
119900215,60,176,-116
119900216,10,170,-160
119900217,20,107,-87
119900218,41,154,-113
119900219,13,224,-211
119900220,10,187,-177
119900221,59,646,-587
119900222,40,478,-438
119900223,34,179,-145
119900224,23,69,-46
119900225,2138,131,2007
119900226,1498,2850,-1352
119900227,2011,721,1290
119900228,182,660,-478
119900229,411,1059,-648
119900230,2953,1168,1785
119900231,265,431,-166
119900232,301,153,148
119900233,71,9,62
119900234,62,152,-90
119900235,84,130,-46
119900236,39,422,-383
119900237,96,1203,-1107
119900238,2,160,-158
119900240,139,254,-115
119900241,251,484,-233
119900242,3750,5462,-1712
119900244,1692,2614,-922
119900245,224,310,-86
119900246,445,638,-193
119900247,42,151,-109
119900248,125,172,-47
119900249,236,146,90
119900253,7819,870,6949
119900254,119,915,-796
119900255,159,970,-811
119900256,635,2113,-1478
119900257,98,4,94
119900258,128,4,124
119900259,10,319,-309
119900260,177,23,154
119900261,322,415,-93
119900262,7,581,-574
119900263,1861,690,1171
119900264,88,503,-415
119900265,700,894,-194
119900266,351,653,-302
119900267,448,827,-379
119900268,185,438,-253
119900269,1401,3208,-1807
119900271,54,180,-126
119900272,693,169,524
119900275,219,23,196
119900276,70,1,69
119900277,13,7,6
119900278,785,148,637
119900279,290,619,-329
119900280,1808,368,1440
119900281,1,257,-256
119900282,83,51,32
119900283,12,578,-566
119900284,103,389,-286
119900285,43,163,-120
119900286,8,57,-49
119900288,5,60,-55
119900289,2,60,-58
119900290,1,66,-65
119900291,1,92,-91
119900292,24,30,-6
119900293,22,2,20
119900294,37,3,34
119900295,0,0,0
119900296,0,0,0
119900299,84,439,-355
119900300,332,398,-66
119900301,475,116,359
119900302,310,261,49
119900303,282,454,-172
119900304,264,67,197
119900305,39,223,-184
119900306,28,7,21
119900307,74,436,-362
119900308,12,33,-21
119900309,49,110,-61
119900310,572,577,-5
119900311,71,331,-260
119900312,169,176,-7
119900313,355,734,-379
119900314,215,563,-348
119900315,1752,4941,-3189
119900318,22,42,-20
119900319,2,689,-687
119900320,382,1160,-778
119900321,90,2,88
119900322,78,119,-41
119900323,5,250,-245
119900324,0,85,-85
119900325,133,693,-560
119900326,286,146,140
120000001,19584,22974,-3390
120000002,3330,5569,-2239
120000003,5033,2826,2207
120000004,4102,3592,510
120000005,7845,3258,4587
120000006,2013,2104,-91
120000007,6247,4148,2099
120000008,1418,2649,-1231
120000009,7787,1538,6249
120000010,2477,5001,-2524
120000011,1726,3901,-2175
120000012,2285,5535,-3250
120000013,3554,4796,-1242
120000014,971,3055,-2084
120000015,4079,2950,1129
120000016,5442,5264,178
120000017,4360,4886,-526
120000018,8920,16754,-7834
120000019,1336,2411,-1075
120000020,5244,5197,47
120000021,2888,3841,-953
120000022,4559,5943,-1384
120000023,1273,3033,-1760
120000024,2403,4045,-1642
120000025,3101,4009,-908
120000026,1831,3435,-1604
120000027,2273,3187,-914
120000028,2025,1137,888
120000029,11959,1435,10524
120000030,544,2979,-2435
120000031,3733,22919,-19186
120000032,18130,6122,12008
120000033,6305,3777,2528
120000034,2579,4652,-2073
120000035,3023,4920,-1897
120000036,4773,8722,-3949
120000037,920,2650,-1730
120000038,17893,5796,12097
120000039,918,1531,-613
120000040,207,405,-198
120000041,1747,3213,-1466
120000042,2586,6301,-3715
120000043,7308,5268,2040
120000044,6313,2483,3830
120000045,6144,1778,4366
120000046,2820,4116,-1296
120000047,3583,6469,-2886
120000048,14817,6977,7840
120000049,8636,5000,3636
120000050,9083,9346,-263
120000051,5749,9798,-4049
120000052,23276,4476,18800
120000053,1417,6584,-5167
120000054,2024,10608,-8584
120000055,2430,9736,-7306
120000056,4608,8123,-3515
120000057,3101,1122,1979
120000058,2515,492,2023
120000059,94,1667,-1573
120000061,315,1208,-893
120000062,311,623,-312
120000063,3234,4997,-1763
120000064,376,2713,-2337
120000065,997,3067,-2070
120000066,310,760,-450
120000067,116,968,-852
120000068,291,2010,-1719
120000069,1160,2811,-1651
120000070,92,1806,-1714
120000071,437,416,21
120000072,666,952,-286
120000073,926,198,728
120000074,175,139,36
120000075,846,468,378
120000076,2372,779,1593
120000077,2115,972,1143
120000078,4990,1535,3455
120000079,344,313,31
120000080,178,343,-165
120000081,509,220,289
120000082,234,301,-67
120000083,102,713,-611
120000084,678,869,-191
120000085,462,725,-263
120000086,572,1109,-537
120000087,296,1925,-1629
120000088,1171,2435,-1264
120000089,1710,1388,322
120000090,950,1035,-85
120000091,1258,2064,-806
120000092,2005,1145,860
120000093,552,1046,-494
120000094,195,1038,-843
120000095,1559,1169,390
120000096,401,1956,-1555
120000098,1226,1909,-683
120000099,647,1289,-642
120000100,1065,1431,-366
120000101,674,848,-174
120000102,639,1047,-408
120000103,1528,970,558
120000104,2238,683,1555
120000105,3609,910,2699
120000106,2412,878,1534
120000107,3937,1099,2838
120000108,1271,231,1040
120000109,1430,121,1309
120000110,148,1757,-1609
120000111,188,2369,-2181
120000112,1274,7354,-6080
120000113,833,5535,-4702
120000114,1171,5775,-4604
120000115,514,4568,-4054
120000116,1061,3677,-2616
120000117,2613,2687,-74
120000118,73,80,-7
120000119,40,148,-108
120000120,117,113,4
120000121,56,152,-96
120000122,512,617,-105
120000123,11176,7944,3232
120000124,607,952,-345
120000125,667,1813,-1146
120000126,745,1425,-680
120000127,4847,1624,3223
120000128,10619,4566,6053
120000129,517,596,-79
120000130,1431,1328,103
120000131,479,920,-441
120000134,723,2543,-1820
120000135,545,601,-56
120000137,331,3932,-3601
120000138,909,1017,-108
120000139,372,1861,-1489
120000140,853,1352,-499
120000141,353,883,-530
120000142,528,1178,-650
120000143,0,249,-249
120000144,106,3,103
120000145,415,6,409
120000146,5147,1973,3174
120000149,833,1813,-980
120000150,8126,11359,-3233
120000151,558,905,-347
120000152,600,550,50
120000153,311,1832,-1521
120000154,850,856,-6
120000155,126,469,-343
120000156,3351,1415,1936
120000157,1421,1235,186
120000158,1238,1936,-698
120000159,2618,4307,-1689
120000160,3233,2508,725
120000161,3145,5663,-2518
120000162,303,569,-266
120000163,820,2456,-1636
120000164,491,764,-273
120000165,603,1779,-1176
120000166,1531,1291,240
120000167,83,280,-197
120000168,35,998,-963
120000169,124,1171,-1047
120000170,172,592,-420
120000171,46,192,-146
120000172,127,108,19
120000173,8709,785,7924
120000174,1487,19,1468
120000175,1984,28,1956
120000176,1046,67,979
120000177,4290,368,3922
120000178,536,32,504
120000179,905,101,804
120000180,1303,196,1107
120000181,434,1102,-668
120000182,214,514,-300
120000183,42,470,-428
120000184,298,1886,-1588
120000186,172,216,-44
120000187,275,98,177
120000188,1221,230,991
120000190,3583,52,3531
120000191,3658,78,3580
120000192,2271,43,2228
120000193,1156,35,1121
120000195,150,12,138
120000196,449,222,227
120000197,183,583,-400
120000198,195,233,-38
120000199,173,1,172
120000200,141,4,137
120000201,33,31,2
120000202,4,104,-100
120000203,51,458,-407
120000207,3,133,-130
120000208,12,506,-494
120000209,14,130,-116
120000210,249,166,83
120000211,100,0,100
120000212,119,0,119
120000213,86,547,-461
120000214,3,618,-615
120000215,6,292,-286
120000216,50,11,39
120000217,1302,1934,-632
120000218,289,1479,-1190
120000219,12,972,-960
120000220,16,3558,-3542
120000225,1329,0,1329
120000226,325,3,322
120000227,881,45,836
120000228,12373,4602,7771
120000230,433,14,419
120000231,1495,4417,-2922
120000233,320,36,284
120000235,210,1435,-1225
120000236,1092,1,1091
120000237,7,3636,-3629
120000238,10,507,-497
120000241,1889,6807,-4918
120000412,3226,28,3198
120000413,339,800,-461
120000414,97,2,95
120000415,2,401,-399
120000416,147,8,139
120000417,4,217,-213
120000418,149,54,95
120000419,18,885,-867
120000420,105,41,64
120000421,23944,9283,14661
120000422,379,1222,-843
120000423,11,86,-75
120000424,115,264,-149
120000436,196,746,-550
120000437,228,283,-55
120000438,7925,846,7079
120000439,215,632,-417
120000443,244,2,242
120000444,1652,1692,-40
120000445,2668,2338,330
120000446,1884,658,1226
120000447,226,14,212
120000449,150,23,127
120000450,9,541,-532
120000451,180,586,-406
120000452,235,4,231
120000453,2,1089,-1087
120000454,177,71,106
120000455,126,146,-20
120000456,4996,5872,-876
120000457,2315,1470,845
120000458,1096,1155,-59
120000459,170,203,-33
120000665,4181,367,3814
120000668,227,622,-395
120000669,76,531,-455
120000670,582,834,-252
120000671,2502,949,1553
120000672,192,826,-634
120900001,59,104,-45
120900002,1572,749,823
120900003,409,65,344
120900004,18,135,-117
120900005,97,2134,-2037
120900006,327,343,-16
120900007,186,350,-164
120900008,339,2242,-1903
120900009,1041,134,907
120900010,486,112,374
120900011,781,248,533
120900012,2037,1706,331
120900013,413,138,275
120900014,5,1595,-1590
120900015,842,195,647
120900016,835,100,735
120900017,6354,171,6183
120900018,149,1085,-936
120900019,832,274,558
120900020,1391,1474,-83
120900021,789,184,605
120900022,99,899,-800
120900023,226,69,157
120900024,2592,623,1969
120900025,3266,1938,1328
120900026,414,440,-26
120900027,1531,120,1411
120900028,420,81,339
120900029,283,489,-206
120900030,1523,982,541
120900031,288,158,130
120900032,994,298,696
120900033,1277,95,1182
120900034,44,4245,-4201
120900035,78,394,-316
120900037,307,7,300
120900038,69,296,-227
120900039,105,58,47
120900040,295,5,290
120900041,329,111,218
120900042,457,130,327
120900043,54,33,21
120900044,17,991,-974
120900045,239,373,-134
120900046,372,5,367
120900047,213,79,134
120900048,105,40,65
120900049,402,3,399
120900050,6807,2047,4760
120900051,335,259,76
120900052,602,8,594
120900053,266,259,7
120900054,2516,1606,910
120900055,345,4,341
120900056,529,18,511
120900057,134,32,102
120900058,461,2,459
120900059,66,3,63
120900060,114,79,35
120900061,317,961,-644
120900062,243,0,243
120900063,563,13,550
120900064,491,2,489
120900065,509,3,506
120900066,323,465,-142
120900067,345,153,192
120900068,208,0,208
120900069,193,83,110
120900071,38,10,28
120900072,603,7,596
120900073,508,374,134
120900074,768,23,745
120900076,280,2,278
120900077,8551,759,7792
120900078,679,1638,-959
120900079,813,208,605
120900080,592,3561,-2969
120900081,1123,2495,-1372
120900082,1175,536,639
120900083,77,3,74
120900084,306,534,-228
120900085,240,245,-5
120900086,330,312,18
120900087,551,324,227
120900088,307,503,-196
120900089,7910,2989,4921
120900090,189,530,-341
120900091,896,793,103
120900092,1734,1180,554
120900093,6488,533,5955
120900094,903,437,466
120900095,818,97,721
120900096,129,495,-366
120900097,1155,1548,-393
120900098,405,294,111
120900099,107,94,13
120900100,144,599,-455
120900101,910,503,407
120900102,53,468,-415
120900103,70,330,-260
120900104,39,78,-39
120900105,46,1146,-1100
120900106,2220,1152,1068
120900107,493,230,263
120900108,10,1592,-1582
120900109,52,1308,-1256
120900110,25,2804,-2779
120900111,312,765,-453
120900112,31,2386,-2355
120900113,28,1613,-1585
120900114,36,314,-278
120900115,268,367,-99
120900116,382,1126,-744
120900117,7,1055,-1048
120900118,5,1541,-1536
120900119,6022,13697,-7675
120900120,88,1217,-1129
120900121,232,860,-628
120900122,521,1246,-725
120900123,6,881,-875
120900124,1,1268,-1267
120900125,7,2350,-2343
120900126,2222,1798,424
120900127,9,968,-959
120900128,1539,2016,-477
120900129,60,642,-582
120900130,8,405,-397
120900131,72,236,-164
120900132,846,807,39
120900133,321,2088,-1767
120900134,831,752,79
120900135,13,1185,-1172
120900136,127,260,-133
120900137,282,213,69
120900138,21,360,-339
120900139,8,1472,-1464
120900140,3,189,-186
120900141,442,299,143
120900142,46,1635,-1589
120900143,9,1577,-1568
120900144,0,376,-376
120900145,149,1393,-1244
120900146,4,1876,-1872
120900147,2,693,-691
120900148,212,298,-86
120900149,0,712,-712
120900150,45,1064,-1019
120900151,3,1255,-1252
120900152,6,97,-91
120900153,25,152,-127
120900154,2,627,-625
120900155,213,1914,-1701
120900156,69,632,-563
120900157,109,359,-250
120900158,49,887,-838
120900159,267,605,-338
120900160,45,799,-754
120900161,93,905,-812
120900162,28,1055,-1027
120900163,73,758,-685
120900164,1,4,-3
120900165,6,10,-4
120900166,690,433,257
120900167,887,199,688
120900169,121,1164,-1043
120900170,5136,3208,1928
120900171,1895,659,1236
120900172,4764,957,3807
120900173,0,108,-108
120900174,13,250,-237
120900175,412,546,-134
120900176,20,563,-543
120900177,1,1436,-1435
120900178,1,644,-643
120900179,1367,849,518
120900180,422,229,193
120900181,220,192,28
120900182,36,2108,-2072
120900183,564,325,239
120900184,226,186,40
120900185,12,804,-792
120900186,3,960,-957
120900187,694,1573,-879
120900188,199,59,140
120900189,401,1200,-799
120900190,57,70,-13
120900191,4,76,-72
120900192,22814,6245,16569
120900194,54,161,-107
120900195,196,425,-229
120900196,1344,140,1204
120900197,694,164,530
120900198,319,1045,-726
120900199,505,486,19
120900200,175,227,-52
120900201,964,181,783
120900202,2,440,-438
120900203,49,149,-100
120900204,184,578,-394
120900205,92,166,-74
120900206,18,40,-22
120900207,131,2846,-2715
121000001,2507,2051,456
121000002,8966,4539,4427
121000003,6817,3511,3306
121000004,6179,17117,-10938
121000005,4072,5375,-1303
121000006,7524,3293,4231
121000007,6804,4414,2390
121000008,17124,7148,9976
121000009,12186,11157,1029
121000010,20421,15257,5164
121000011,14538,25197,-10659
121000012,26607,22078,4529
121000013,8991,15389,-6398
121000014,12274,14476,-2202
121000015,11975,13345,-1370
121000016,8937,9929,-992
121000017,3963,6304,-2341
121000018,3672,3509,163
121000019,31331,17715,13616
121000020,20202,21073,-871
121000021,5644,6300,-656
121000022,3807,4105,-298
121000023,6398,5679,719
121000024,5644,7500,-1856
121000025,1357,2926,-1569
121000026,642,333,309
121000027,2794,1734,1060
121000028,1512,714,798
121000029,1891,1348,543
121000030,1118,695,423
121000031,1629,1237,392
121000032,441,127,314
121000034,2094,314,1780
121000035,1013,173,840
121000036,3209,1830,1379
121000037,1760,975,785
121000038,1714,1342,372
121000039,1343,833,510
121000041,958,782,176
121000042,483,569,-86
121000043,1759,1316,443
121000044,4264,1390,2874
121000045,760,614,146
121000046,911,1541,-630
121000047,204,153,51
121000049,3764,1035,2729
121000050,670,1909,-1239
121000051,1596,637,959
121000052,691,1112,-421
121000053,1180,219,961
121000054,76,690,-614
121000055,2973,2045,928
121000056,1667,1906,-239
121000057,470,820,-350
121000058,487,206,281
121000059,4200,2246,1954
121000060,750,1481,-731
121000061,963,363,600
121000062,327,475,-148
121000063,1190,1128,62
121000064,1189,1461,-272
121000065,1124,728,396
121000066,1219,820,399
121000067,2150,618,1532
121000068,1139,610,529
121000069,1423,1149,274
121000070,3905,1908,1997
121000071,2594,2612,-18
121000072,2936,1261,1675
121000073,4118,1328,2790
121000074,268,229,39
121000075,190,358,-168
121000076,2386,800,1586
121000077,294,341,-47
121000078,211,201,10
121000080,4259,1413,2846
121000081,7231,7551,-320
121000082,313,385,-72
121000083,601,233,368
121000084,398,168,230
121000085,456,825,-369
121000086,213,1319,-1106
121000087,138,424,-286
121000088,721,1326,-605
121000089,820,608,212
121000090,945,554,391
121000091,2647,1361,1286
121000092,227,137,90
121000093,170,309,-139
121000094,658,1182,-524
121000095,636,795,-159
121000096,3030,4397,-1367
121000097,2215,3170,-955
121000098,929,1952,-1023
121000099,953,1508,-555
121000100,1443,1004,439
121000101,518,482,36
121000102,317,539,-222
121000103,249,494,-245
121000104,413,290,123
121000105,511,411,100
121000106,314,647,-333
121000107,4913,6052,-1139
121000109,2725,1874,851
121000110,636,1317,-681
121000114,5918,3477,2441
121000115,1873,1383,490
121000116,572,1795,-1223
121000117,1417,406,1011
121000118,2227,501,1726
121000119,487,737,-250
121000120,442,771,-329
121000121,868,1646,-778
121000123,2852,832,2020
121000126,253,674,-421
121000127,654,195,459
121000128,1543,817,726
121000129,1236,850,386
121000130,676,1663,-987
121000131,3536,2910,626
121000132,2369,2329,40
121000135,691,1131,-440
121000136,2583,1010,1573
121000137,596,432,164
121000138,1984,1397,587
121000139,1150,291,859
121000141,651,275,376
121000142,1559,1048,511
121000143,165,38,127
121000144,1585,2313,-728
121000145,1230,1971,-741
121000146,2565,1815,750
121000147,1670,1101,569
121000148,1859,1735,124
121000149,5021,2323,2698
121000152,943,1490,-547
121000153,3721,1719,2002
121000154,1534,2610,-1076
121000155,2790,2367,423
121000156,728,2246,-1518
121000157,2283,4729,-2446
121000158,480,1741,-1261
121000159,256,1269,-1013
121000160,485,1134,-649
121000161,286,576,-290
121000162,125,448,-323
121000165,3291,2533,758
121000166,41,1218,-1177
121000168,1059,773,286
121000169,162,257,-95
121000170,712,633,79
121000171,141,347,-206
121000172,1250,881,369
121000173,2585,1729,856
121000174,482,570,-88
121000175,1683,640,1043
121000176,688,345,343
121000177,3126,1210,1916
121000178,198,84,114
121000179,144,74,70
121000181,462,1011,-549
121000182,215,251,-36
121000183,94,98,-4
121000184,292,114,178
121000185,120,308,-188
121000186,362,831,-469
121000187,329,421,-92
121000188,324,406,-82
121000192,1367,823,544
121000193,1172,903,269
121000194,5020,4212,808
121000195,1072,1852,-780
121000196,2909,490,2419
121000197,818,1354,-536
121000198,1288,199,1089
121000199,488,831,-343
121000200,1866,145,1721
121000201,35,387,-352
121000202,4649,213,4436
121000203,1426,3803,-2377
121000204,4562,1275,3287
121000205,694,654,40
121000206,698,74,624
121000207,2955,778,2177
121000208,16,675,-659
121000209,404,669,-265
121000210,616,1197,-581
121000211,501,295,206
121000212,455,1588,-1133
121000213,15687,5674,10013
121000214,1407,7088,-5681
121000215,2374,1758,616
121000216,1416,1820,-404
121000217,11966,6012,5954
121000218,1273,3244,-1971
121000219,5278,875,4403
121000220,656,115,541
121000221,346,555,-209
121000222,5083,3743,1340
121000223,1401,400,1001
121000224,663,215,448
121000225,5159,1782,3377
121000226,15578,1946,13632
121000227,10,524,-514
121000228,39,1091,-1052
121000229,528,853,-325
121000230,114,3205,-3091
121000231,1262,74,1188
121000232,583,624,-41
121000233,1115,436,679
121000234,25,47,-22
121000235,114,79,35
121000236,9,97,-88
121000237,61,16,45
121000238,5,140,-135
121000239,56,5,51
121000240,11,611,-600
121000241,86,17,69
121000242,54,290,-236
121000243,541,129,412
121000244,11,97,-86
121000245,51,32,19
121000246,2,145,-143
121000247,133,8,125
121000248,1459,998,461
121000249,262,437,-175
121000250,1156,219,937
121000251,40,974,-934
121000252,116,114,2
121000253,920,904,16
121000254,1925,516,1409
121000255,559,343,216
121000256,1068,361,707
121000257,149,151,-2
121000258,453,81,372
121000259,146,89,57
121000260,420,361,59
121000261,405,63,342
121000262,1781,1976,-195
121000263,471,692,-221
121000271,532,3053,-2521
121000273,457,17,440
121000274,87,64,23
121000275,7,24,-17
121000276,13,36,-23
121000278,257,135,122
121000279,176,32,144
121000280,396,94,302
121000289,354,39,315
121000290,2521,1188,1333
121000294,158,315,-157
121000297,2075,2599,-524
121000299,1170,426,744
121000300,1267,1085,182
121000302,224,2532,-2308
121000303,1110,1083,27
121000304,786,93,693
121000305,245,76,169
121000306,219,277,-58
121000308,291,896,-605
121000309,941,1230,-289
121000310,378,666,-288
121000311,167,1533,-1366
121000312,693,502,191
121000313,858,1173,-315
121000314,313,277,36
121000315,115,279,-164
121000530,2104,2560,-456
121000531,2156,2505,-349
121000532,10422,9319,1103
121000533,4138,5529,-1391
121000918,115,259,-144
121000919,131,119,12
121000938,649,927,-278
121000939,1041,1083,-42
121000956,1405,2767,-1362
121000957,11,10,1
121000958,1063,102,961
121000959,1111,1513,-402
121000960,3139,3060,79
121000961,370,205,165
121000962,530,2094,-1564
121000973,2,267,-265
121000976,32,319,-287
121000979,602,210,392
121000981,483,364,119
121000982,430,460,-30
121000983,872,633,239
121000984,319,101,218
121000985,761,1555,-794
121000986,593,761,-168
121000987,362,2442,-2080
121000988,1271,216,1055
121001302,663,319,344
121001308,155,29,126
121001309,272,128,144
121001313,342,478,-136
121001314,5131,6650,-1519
121001315,7006,4831,2175
121900001,126,252,-126
121900002,246,34,212
121900003,699,39,660
121900004,404,741,-337
121900005,33,3,30
121900006,189,48,141
121900007,3825,3897,-72
121900008,1441,611,830
121900009,1097,27,1070
121900010,328,8,320
121900011,516,754,-238
121900012,49,2,47
121900013,2659,98,2561
121900014,2616,650,1966
121900015,283,301,-18
121900016,12,59,-47
121900017,582,827,-245
121900018,439,14,425
121900019,619,421,198
121900020,101,3,98
121900021,1204,28,1176
121900022,355,359,-4
121900023,196,618,-422
121900024,730,146,584
121900025,975,668,307
121900026,786,65,721
121900027,597,216,381
121900028,414,52,362
121900029,202,329,-127
121900030,1305,1401,-96
121900031,2606,14827,-12221
121900032,146,173,-27
121900033,270,279,-9
121900034,1157,149,1008
121900035,4828,4069,759
121900036,181,556,-375
121900037,223,969,-746
121900038,77,304,-227
121900039,742,82,660
121900040,89,140,-51
121900041,92,302,-210
121900042,597,259,338
121900043,5,17,-12
121900044,396,132,264
121900046,511,382,129
121900047,435,100,335
121900048,103,271,-168
121900050,46,54,-8
121900051,218,251,-33
121900052,230,69,161
121900053,739,894,-155
121900054,1251,1408,-157
121900055,0,14,-14
121900058,852,470,382
121900059,669,337,332
121900060,164,535,-371
121900061,449,256,193
121900062,228,227,1
121900063,2398,483,1915
121900064,437,1275,-838
121900066,76,28,48
121900067,48,53,-5
121900069,224,249,-25
121900070,930,246,684
121900071,367,452,-85
121900072,31,272,-241
121900073,485,340,145
121900074,1209,1720,-511
121900075,1573,561,1012
121900076,1474,1137,337
121900077,49,83,-34
121900078,100,68,32
121900079,0,0,0
121900080,1514,751,763
121900082,66,238,-172
121900084,15,418,-403
121900085,2,39,-37
121900086,22,68,-46
121900087,250,157,93
121900088,3117,5558,-2441
121900089,240,715,-475
121900090,36,193,-157
121900091,50,197,-147
121900092,152,161,-9
121900093,73,147,-74
121900094,22,18,4
121900095,363,286,77
121900096,2741,1162,1579
121900097,841,241,600
121900098,11,10,1
121900099,296,73,223
121900100,340,627,-287
121900101,333,248,85
121900102,15,193,-178
121900103,1290,397,893
121900104,1913,553,1360
121900105,325,361,-36
121900106,15,10,5
121900107,81,48,33
121900108,1,65,-64
121900109,643,218,425
121900110,582,1778,-1196
121900111,1985,202,1783
121900112,204,219,-15
121900113,175,1027,-852
121900114,58,191,-133
121900117,727,57,670
121900118,4199,905,3294
121900119,266,197,69
121900120,80,3252,-3172
121900121,1265,141,1124
121900122,17,114,-97
121900123,356,852,-496
121900124,162,192,-30
121900125,1927,2405,-478
121900127,6,170,-164
121900128,132,185,-53
121900129,1067,240,827
121900130,287,421,-134
121900131,593,80,513
121900132,130,175,-45
121900133,174,573,-399
121900134,20,221,-201
121900135,3633,482,3151
121900136,416,733,-317
121900137,106,669,-563
121900138,308,472,-164
121900139,735,759,-24
121900140,129,228,-99
121900141,102,46,56
121900142,143,256,-113
121900143,35,476,-441
121900144,252,393,-141
121900145,387,600,-213
121900146,1203,1261,-58
121900147,133,251,-118
121900148,279,409,-130
121900149,803,1135,-332
121900150,122,211,-89
121900151,118,331,-213
121900152,144,236,-92
121900153,176,882,-706
121900154,13,312,-299
121900155,3,217,-214
121900156,274,184,90
121900157,5,610,-605
121900158,121,112,9
121900159,1,308,-307
121900160,37,433,-396
121900161,717,579,138
121900162,148,256,-108
121900163,298,1004,-706
121900164,691,330,361
121900165,372,276,96
121900166,264,284,-20
121900167,196,166,30
121900168,357,237,120
121900169,17,537,-520
121900170,11,441,-430
121900171,992,1028,-36
121900172,799,501,298
121900173,1816,393,1423
121900174,48,106,-58
121900175,704,272,432
121900176,1206,2760,-1554
121900177,292,119,173
121900178,76,95,-19
121900179,765,205,560
121900180,8715,6247,2468
121900182,2062,431,1631
121900183,906,1463,-557
121900184,76,801,-725
121900186,21,470,-449
121900187,36,240,-204
121900188,901,1195,-294
121900189,107,190,-83
121900190,869,865,4
121900191,72,616,-544
121900192,605,1209,-604
121900193,143,389,-246
121900194,5,273,-268
121900195,141,180,-39
121900196,1796,2510,-714
121900197,727,3338,-2611
121900198,1655,2919,-1264
121900199,5,35,-30
121900200,544,371,173
121900201,1982,995,987
121900202,307,992,-685
121900203,367,2073,-1706
121900204,1821,2571,-750
121900205,22,150,-128
121900206,11,30,-19
121900207,356,64,292
121900208,336,388,-52
121900209,61,30,31
121900210,3117,2343,774
121900211,53,142,-89
121900212,227,209,18
121900213,178,159,19
121900214,15,1256,-1241
121900215,146,124,22
121900216,360,325,35
121900217,372,168,204
121900218,403,1046,-643
121900220,201,27,174
121900221,437,1342,-905
121900222,333,301,32
121900223,547,126,421
121900224,176,98,78
121900225,696,134,562
121900226,454,807,-353
121900227,266,723,-457
121900228,374,653,-279
121900230,307,533,-226
121900231,578,2626,-2048
121900232,747,690,57
121900233,383,423,-40
121900234,724,663,61
121900235,700,396,304
121900236,444,263,181
121900237,344,446,-102
121900238,244,587,-343
121900239,277,71,206
121900240,285,220,65
121900241,62,102,-40
121900242,7,0,7
121900243,25,0,25
121900244,22,4,18
121900245,386,157,229
121900246,4412,764,3648
121900247,456,390,66
121900248,2355,1880,475
121900250,357,458,-101
121900251,449,71,378
121900252,851,257,594
121900253,254,1253,-999
121900254,907,459,448
121900255,290,160,130
121900258,5036,3348,1688
121900259,530,1159,-629
121900260,283,400,-117
121900261,218,1124,-906
121900262,598,2623,-2025
121900263,231,787,-556
121900264,3600,2912,688
121900265,504,491,13
121900266,455,294,161
121900267,109,54,55
121900269,379,985,-606
121900270,45,335,-290
121900271,90,311,-221
121900273,1237,3717,-2480
121900274,563,461,102
121900277,702,1963,-1261
121900278,508,1190,-682
121900279,231,352,-121
121900280,672,570,102
121900281,1089,569,520
121900284,169,20,149
121900286,285,255,30
121900287,23,58,-35
121900288,2,5,-3
121900290,353,475,-122
121900291,728,1097,-369
121900292,719,246,473
121900293,1754,4960,-3206
121900294,419,6,413
121900295,180,421,-241
121900296,350,402,-52
121900298,796,1023,-227
121900299,1,0,1
121900300,30,1,29
121900301,54,0,54
121900302,2,16,-14
121900303,1311,761,550
121900304,4,9,-5
121900305,0,13,-13
121900306,160,5,155
121900307,23,6,17
121900308,58,402,-344
121900309,28,385,-357
121900310,49,670,-621
121900311,439,23,416
121900312,250,17,233
121900313,729,47,682
121900314,7,159,-152
121900315,16,1,15
121900316,0,23,-23
121900317,11,4,7
121900318,1,23,-22
121900319,24,305,-281
121900320,86,192,-106
121900321,17,3,14
121900322,1,25,-24
121900323,44,39,5
121900324,15,130,-115
121900325,7,2,5
121900326,1,12,-11
121900327,3,14,-11
121900328,0,12,-12
121900329,2,73,-71
121900330,0,21,-21
121900331,163,65,98
121900332,120,65,55
121900333,29,4,25
122000001,3900,6528,-2628
122000002,8112,2769,5343
122000003,3153,3269,-116
122000004,5154,2541,2613
122000005,5134,2375,2759
122000006,4536,1084,3452
122000007,2704,3130,-426
122000008,9837,9323,514
122000009,745,529,216
122000010,3282,5854,-2572
122000011,5332,2196,3136
122000012,2674,2003,671
122000013,6829,2484,4345
122000014,3327,4955,-1628
122000015,3164,1773,1391
122000016,1192,1305,-113
122000017,1768,1752,16
122000018,2566,1612,954
122000019,1745,2333,-588
122000020,346,341,5
122000021,864,920,-56
122000022,2878,2747,131
122000023,1121,6397,-5276
122000024,1806,1659,147
122000025,4313,2059,2254
122000026,2143,1231,912
122000027,1042,9755,-8713
122000028,1219,780,439
122000029,1116,598,518
122000030,822,282,540
122000031,485,494,-9
122000032,3953,7146,-3193
122000033,2388,1637,751
122000034,2238,1154,1084
122000035,593,2149,-1556
122000036,1223,932,291
122000037,619,541,78
122000038,492,514,-22
122000039,1068,1102,-34
122000040,660,1952,-1292
122000041,1313,858,455
122000042,1011,686,325
122000043,237,270,-33
122000044,229,364,-135
122000045,2895,840,2055
122000046,1762,1847,-85
122000047,675,308,367
122000048,5987,9131,-3144
122000049,10820,3970,6850
122000050,3590,1162,2428
122000051,1043,534,509
122000052,1031,435,596
122000053,402,862,-460
122000054,4108,3503,605
122000055,5696,4240,1456
122000056,8351,7468,883
122000057,6021,5608,413
122000058,6999,1611,5388
122000059,5386,2306,3080
122000060,1639,1055,584
122000061,845,675,170
122000062,2732,445,2287
122000063,2941,1188,1753
122000064,9286,3698,5588
122000065,13231,4166,9065
122000066,3395,1683,1712
122000067,6340,2310,4030
122000068,3034,3754,-720
122000069,1172,1249,-77
122000070,1247,10610,-9363
122000071,2085,4246,-2161
122000072,755,730,25
122000073,820,854,-34
122000074,4985,2614,2371
122000075,1119,3784,-2665
122000076,3286,1985,1301
122000077,2719,985,1734
122000078,4264,3232,1032
122000079,3389,1638,1751
122000080,2383,705,1678
122000081,528,709,-181
122000082,1474,1129,345
122000083,2630,7032,-4402
122000084,2244,1648,596
122000085,458,5534,-5076
122000086,4134,10883,-6749
122000087,940,352,588
122000088,556,633,-77
122000089,15494,7616,7878
122000090,541,763,-222
122000091,1127,102,1025
122000092,609,25,584
122000093,4976,1610,3366
122000094,16726,3351,13375
122000095,6316,5388,928
122000096,4666,3930,736
122000098,5644,2516,3128
122000099,8906,1032,7874
122000100,2252,1312,940
122000101,459,2758,-2299
122000102,2960,1660,1300
122000103,3725,2165,1560
122000104,685,336,349
122000105,723,493,230
122000106,839,808,31
122000107,1640,971,669
122000108,604,1191,-587
122000109,572,715,-143
122000110,673,735,-62
122000111,5109,1893,3216
122000112,1582,2361,-779
122000113,1243,1188,55
122000114,10585,2778,7807
122000115,2641,4597,-1956
122000116,781,934,-153
122000117,2203,759,1444
122000118,679,1212,-533
122000119,5506,3774,1732
122000120,3304,7627,-4323
122000121,4620,4854,-234
122000122,1203,2692,-1489
122000123,3214,3132,82
122000124,1661,1019,642
122000125,1008,1091,-83
122000126,951,1789,-838
122000127,1813,1926,-113
122000128,1056,1559,-503
122000129,734,2678,-1944
122000130,4964,2000,2964
122000131,2533,2403,130
122000132,1088,961,127
122000133,1960,3348,-1388
122000134,1342,1274,68
122000135,1089,1264,-175
122000136,1218,903,315
122000137,2436,1491,945
122000139,4314,7504,-3190
122000140,3489,1060,2429
122000141,9364,1963,7401
122000142,1190,1381,-191
122000143,941,1023,-82
122000144,3486,2432,1054
122000145,4515,1462,3053
122000146,1400,1847,-447
122000147,2155,808,1347
122000148,4699,1966,2733
122000149,3026,2464,562
122000150,2063,1701,362
122000151,382,569,-187
122000152,793,565,228
122000153,725,528,197
122000154,520,336,184
122000155,2345,4234,-1889
122000156,2782,2874,-92
122000157,3385,1834,1551
122000158,1083,1022,61
122000159,2120,3207,-1087
122000160,6391,4058,2333
122000161,1537,1638,-101
122000162,3371,2907,464
122000163,330,100,230
122000164,50,96,-46
122000165,1444,1284,160
122000166,2363,2363,0
122000167,292,308,-16
122000168,395,900,-505
122000169,1326,369,957
122000170,453,446,7
122000171,70,86,-16
122000172,2346,2869,-523
122000173,2353,3839,-1486
122000174,4698,1336,3362
122000175,2697,575,2122
122000176,626,1093,-467
122000177,2570,2198,372
122000178,5758,7889,-2131
122000179,3587,5211,-1624
122000180,2584,2239,345
122000181,3271,5753,-2482
122000182,3267,3300,-33
122000183,2895,2702,193
122000184,3258,3260,-2
122000185,1766,1830,-64
122000186,1294,1293,1
122000187,4927,1788,3139
122000188,828,351,477
122000189,507,690,-183
122000190,2758,1618,1140
122000191,2665,1534,1131
122000192,2097,626,1471
122000193,760,969,-209
122000194,2435,427,2008
122000195,634,746,-112
122000196,1467,861,606
122000197,780,1044,-264
122000198,1315,1263,52
122000199,983,617,366
122000200,2923,1516,1407
122000201,1837,1906,-69
122000202,1725,1531,194
122000203,5363,2371,2992
122000204,2796,3419,-623
122000205,2296,3276,-980
122000206,3787,1479,2308
122000207,2813,2230,583
122000208,6923,2465,4458
122000209,6545,766,5779
122000210,5061,2788,2273
122000211,4233,1826,2407
122000212,1771,787,984
122000213,2521,2257,264
122000214,4080,3569,511
122000215,3666,2325,1341
122000217,4910,2222,2688
122000218,1968,273,1695
122000219,2706,1679,1027
122000220,583,1058,-475
122000221,200,942,-742
122000222,965,304,661
122000223,2464,786,1678
122000225,1803,458,1345
122000226,3025,4036,-1011
122000227,611,6652,-6041
122000228,667,700,-33
122000229,79,858,-779
122000230,84,1131,-1047
122000231,617,1469,-852
122000232,1060,1984,-924
122000233,3,225,-222
122000234,446,341,105
122000235,1158,306,852
122000236,1368,258,1110
122000237,153,188,-35
122000238,374,515,-141
122000239,995,301,694
122000240,2069,836,1233
122000241,2050,826,1224
122000242,1113,177,936
122000243,270,118,152
122000244,63,696,-633
122000245,77,297,-220
122000246,185,292,-107
122000247,1043,1043,0
122000248,2325,3349,-1024
122000249,1247,1496,-249
122000250,3068,2058,1010
122000251,321,718,-397
122000252,775,222,553
122000253,90,474,-384
122000254,329,174,155
122000255,1272,2885,-1613
122000256,635,2662,-2027
122000257,254,763,-509
122000258,351,453,-102
122000259,20,1210,-1190
122000260,8,184,-176
122000261,15,384,-369
122000262,2,169,-167
122000263,391,246,145
122000264,2619,870,1749
122000265,7013,1423,5590
122000266,15025,1063,13962
122000267,235,172,63
122000268,386,726,-340
122000269,2363,491,1872
122000270,4327,268,4059
122000271,1152,1856,-704
122000272,605,1844,-1239
122000273,729,812,-83
122000274,314,337,-23
122000275,91,383,-292
122000276,1142,1138,4
122000277,1640,2538,-898
122000278,1939,1530,409
122000279,385,793,-408
122000280,1495,1314,181
122000281,1525,1424,101
122000282,255,335,-80
122000283,524,142,382
122000284,311,169,142
122000285,674,205,469
122000286,215,285,-70
122000287,1643,2336,-693
122000288,782,473,309
122000291,2502,1123,1379
122000293,607,414,193
122000294,194,422,-228
122000295,2470,450,2020
122000296,96,1042,-946
122000297,5745,4546,1199
122000299,594,819,-225
122000300,890,1152,-262
122000301,24823,4793,20030
122000302,1774,2263,-489
122000303,7935,2170,5765
122000304,95,405,-310
122000305,1390,692,698
122000306,59,1321,-1262
122000307,299,197,102
122000309,150,79,71
122000310,86,104,-18
122000311,476,302,174
122000312,281,158,123
122000313,136,87,49
122000314,223,420,-197
122000315,378,45,333
122000316,901,428,473
122000317,1808,442,1366
122000318,490,1552,-1062
122000319,457,1162,-705
122000320,595,3846,-3251
122000321,305,517,-212
122000322,3921,6160,-2239
122000323,2472,4414,-1942
122000324,2830,2686,144
122000325,1790,2325,-535
122000326,91,239,-148
122000327,930,1260,-330
122000328,2672,1130,1542
122000330,3699,1271,2428
122000332,371,653,-282
122000333,8,221,-213
122000337,1300,2870,-1570
122000338,680,801,-121
122000340,996,513,483
122000342,5148,1846,3302
122000343,704,2584,-1880
122000344,75,60,15
122000345,42,111,-69
122000346,475,982,-507
122000348,936,1355,-419
122000349,173,1378,-1205
122000351,221,401,-180
122000352,503,248,255
122000353,161,176,-15
122000355,236,270,-34
122000356,4997,1377,3620
122000357,100,37,63
122000358,0,112,-112
122000359,0,44,-44
122000360,1,86,-85
122000362,14,131,-117
122000364,192,692,-500
122000365,6,60,-54
122000366,17,16,1
122000368,921,1076,-155
122000370,26,142,-116
122000371,22,0,22
122000372,10,0,10
122000381,110,718,-608
122000382,128,341,-213
122000384,10133,4029,6104
122000385,47,0,47
122000386,2363,2573,-210
122000387,2676,775,1901
122000388,7602,999,6603
122000389,525,1091,-566
122000390,1593,391,1202
122000391,866,192,674
122000392,280,382,-102
122000393,44,292,-248
122000394,890,558,332
122000395,217,271,-54
122000396,681,160,521
122000397,122,223,-101
122000398,134,196,-62
122000399,192,98,94
122000400,366,611,-245
122000401,273,143,130
122000402,426,311,115
122000403,828,1986,-1158
122000404,197,640,-443
122000408,1475,2660,-1185
122000503,19,269,-250
122000524,249,206,43
122000544,237,8789,-8552
122000616,537,7,530
122000640,79,240,-161
122000641,97,560,-463
122000642,1746,1901,-155
122000643,59,336,-277
122000644,365,25,340
122000645,144,748,-604
122000651,5090,1121,3969
122000664,541,102,439
122000665,1809,829,980
122000666,919,1903,-984
122000673,54,569,-515
122000674,167,94,73
122000675,2503,2270,233
122000686,666,2131,-1465
122000687,4342,611,3731
122000688,370,1274,-904
122000689,1373,1171,202
122000690,1624,1133,491
122000691,723,4229,-3506
122000692,2228,744,1484
122000693,889,3623,-2734
122000695,370,1040,-670
122000696,536,714,-178
122000698,381,1777,-1396
122000699,325,277,48
122000701,1876,658,1218
122000702,810,3242,-2432
122000703,283,172,111
122000717,340,139,201
122000718,645,1924,-1279
122000719,267,109,158
122000720,418,535,-117
122000724,202,33,169
122900001,52,6,46
122900002,2417,7825,-5408
122900003,615,70,545
122900004,1918,90,1828
122900005,119,86,33
122900006,1271,810,461
122900007,350,74,276
122900008,1196,186,1010
122900009,1719,1025,694
122900010,402,337,65
122900012,335,520,-185
122900014,268,520,-252
122900015,4236,1316,2920
122900016,265,510,-245
122900017,1074,1583,-509
122900018,564,28,536
122900019,20,269,-249
122900020,655,701,-46
122900021,97,1360,-1263
122900022,885,1455,-570
122900023,708,546,162
122900024,169,197,-28
122900025,25,335,-310
122900026,280,476,-196
122900027,123,1326,-1203
122900028,233,284,-51
122900029,7798,4763,3035
122900030,2608,711,1897
122900031,383,326,57
122900032,193,511,-318
122900033,336,235,101
122900034,7295,14629,-7334
122900035,142,24,118
122900036,103,571,-468
122900037,1100,197,903
122900038,333,5536,-5203
122900039,101,951,-850
122900040,816,580,236
122900041,392,332,60
122900042,329,398,-69
122900043,1101,317,784
122900044,209,651,-442
122900045,201,212,-11
122900046,284,158,126
122900047,922,337,585
122900048,86,662,-576
122900049,2774,203,2571
122900051,160,202,-42
122900052,111,207,-96
122900053,36,42,-6
122900055,761,203,558
122900057,823,79,744
122900061,659,292,367
122900062,720,920,-200
122900063,312,606,-294
122900064,1829,942,887
122900065,1100,242,858
122900066,914,464,450
122900067,2799,1366,1433
122900068,254,603,-349
122900069,557,2466,-1909
122900070,472,98,374
122900071,242,649,-407
122900072,33,1116,-1083
122900073,62,463,-401
122900074,946,1231,-285
122900075,3,163,-160
122900076,11,391,-380
122900077,0,238,-238
122900078,233,232,1
122900080,119,39,80
122900081,915,288,627
122900082,1284,364,920
122900083,250,304,-54
122900084,14,438,-424
122900086,37,86,-49
122900087,288,674,-386
122900088,62,145,-83
122900089,140,263,-123
122900090,25,1025,-1000
122900091,297,1,296
122900092,6,353,-347
122900093,6,540,-534
122900094,4,489,-485
122900095,266,13,253
122900096,406,577,-171
122900097,34,34,0
122900098,161,251,-90
122900099,51,9,42
122900100,849,655,194
122900101,2152,593,1559
122900102,15,16,-1
122900103,187,8,179
122900104,92,12,80
122900105,12,12,0
122900106,6,184,-178
122900107,8,396,-388
122900108,18,342,-324
123000001,4309,637,3672
123000002,11179,6023,5156
123000003,6404,6609,-205
123000004,5025,8179,-3154
123000005,4366,5706,-1340
123000006,4509,5190,-681
123000007,5385,5338,47
123000008,4488,6503,-2015
123000009,8864,5568,3296
123000010,6423,5905,518
123000011,12101,1731,10370
123000012,2545,4202,-1657
123000013,6887,1501,5386
123000014,2641,6707,-4066
123000015,9580,1799,7781
123000016,12603,6859,5744
123000017,5136,2257,2879
123000018,81,168,-87
123000019,319,377,-58
123000020,218,155,63
123000021,96,383,-287
123000022,639,2982,-2343
123000023,2290,2234,56
123000024,2579,845,1734
123000025,212,247,-35
123000026,16,85,-69
123000027,513,709,-196
123000028,1883,347,1536
123000029,1536,837,699
123000030,803,910,-107
123000031,223,623,-400
123000032,484,484,0
123000033,602,85,517
123000034,1615,1249,366
123000035,437,711,-274
123000036,339,1580,-1241
123000037,357,462,-105
123000038,276,408,-132
123000039,681,1832,-1151
123000040,1905,477,1428
123000041,2915,1377,1538
123000042,2183,717,1466
123000043,7211,12712,-5501
123000044,9606,3522,6084
123000045,17381,4527,12854
123000046,1708,2296,-588
123000047,4099,2254,1845
123000048,102,791,-689
123000049,13971,12116,1855
123000050,1737,2846,-1109
123000051,165,337,-172
123000052,1128,5422,-4294
123000053,3665,5736,-2071
123000054,2281,2835,-554
123000055,1986,3640,-1654
123000056,2409,3349,-940
123000057,30818,11527,19291
123000058,1283,1587,-304
123000059,682,909,-227
123000060,1353,528,825
123000061,314,1408,-1094
123000063,1345,1552,-207
123000064,1660,462,1198
123000065,13706,7075,6631
123000066,1582,1843,-261
123000067,1386,998,388
123000068,6112,6408,-296
123000069,10934,6545,4389
123000070,450,1577,-1127
123000071,1349,1987,-638
123000072,1567,2407,-840
123000073,1841,1534,307
123000074,1715,3382,-1667
123000075,549,1877,-1328
123000076,1254,1734,-480
123000077,3664,5912,-2248
123000078,2065,3213,-1148
123000079,2103,3706,-1603
123000080,3770,4072,-302
123000081,304,1069,-765
123000082,509,2018,-1509
123000083,1755,360,1395
123000084,887,1417,-530
123000085,334,197,137
123000086,762,523,239
123000087,547,746,-199
123000088,2094,1770,324
123000089,729,2720,-1991
123000090,2228,1987,241
123000091,2781,2752,29
123000092,1909,2488,-579
123000094,964,548,416
123000095,735,1210,-475
123000096,977,738,239
123000097,835,1778,-943
123000098,975,1150,-175
123000099,1064,1529,-465
123000100,767,1136,-369
123000101,862,1108,-246
123000102,979,1210,-231
123000104,640,692,-52
123000105,918,882,36
123000106,611,774,-163
123000107,645,872,-227
123000108,1073,2274,-1201
123000111,1130,593,537
123000112,1533,1173,360
123000113,1111,3435,-2324
123000114,775,1013,-238
123000115,425,635,-210
123000116,41,388,-347
123000117,2907,4626,-1719
123000118,778,1681,-903
123000119,398,1808,-1410
123000120,780,1760,-980
123000121,886,1036,-150
123000122,795,412,383
123000123,806,988,-182
123000124,1037,842,195
123000125,2185,1948,237
123000126,3123,5200,-2077
123000127,1794,1101,693
123000128,495,688,-193
123000129,807,449,358
123000130,848,153,695
123000131,1721,1318,403
123000132,856,1124,-268
123000133,578,722,-144
123000134,807,400,407
123000135,2834,2697,137
123000136,335,1820,-1485
123000137,225,650,-425
123000138,237,741,-504
123000139,922,296,626
123000140,234,1279,-1045
123000141,1353,235,1118
123000142,1617,1792,-175
123000143,2960,4170,-1210
123000144,57,51,6
123000145,497,407,90
123000146,195,175,20
123000147,263,233,30
123000149,831,671,160
123000150,632,459,173
123000151,660,844,-184
123000152,176,625,-449
123000153,366,1210,-844
123000154,3471,3802,-331
123000155,4128,1525,2603
123000156,129,240,-111
123000157,1114,1506,-392
123000158,1038,1414,-376
123000159,8270,4220,4050
123000160,1630,1235,395
123000161,2348,2076,272
123000162,1208,2698,-1490
123000163,1039,214,825
123000164,2063,474,1589
123000165,554,3003,-2449
123000166,52,255,-203
123000167,255,588,-333
123000168,353,426,-73
123000169,1091,196,895
123000170,118,633,-515
123000171,916,102,814
123000172,343,1109,-766
123000173,1048,408,640
123000174,1506,594,912
123000175,1310,2164,-854
123000176,1591,461,1130
123000177,567,1929,-1362
123000178,1552,254,1298
123000179,76,1217,-1141
123000180,2343,525,1818
123000181,613,2868,-2255
123000182,379,909,-530
123000183,266,629,-363
123000184,128,1420,-1292
123000185,764,845,-81
123000186,4,999,-995
123000187,688,14,674
123000188,378,5,373
123000189,244,374,-130
123000190,83,108,-25
123000192,18,647,-629
123000193,88,1245,-1157
123000194,691,498,193
123000195,430,32,398
123000196,364,42,322
123000197,82,190,-108
123000198,47,358,-311
123000199,14,903,-889
123000200,734,21,713
123000201,1168,44,1124
123000202,50,1997,-1947
123000203,979,135,844
123000204,131,1910,-1779
123000205,678,3289,-2611
123000206,2184,306,1878
123000207,134,1472,-1338
123000208,999,204,795
123000209,3167,642,2525
123000210,701,2911,-2210
123000211,987,4900,-3913
123000212,4278,674,3604
123000213,983,95,888
123000215,396,362,34
123000216,494,1753,-1259
123000217,316,58,258
123000218,234,969,-735
123000219,1937,199,1738
123000220,802,172,630
123000221,254,343,-89
123000222,780,1114,-334
123000223,409,982,-573
123000224,637,1113,-476
123000225,427,143,284
123000226,104,632,-528
123000227,143,568,-425
123000228,305,97,208
123000229,2384,3366,-982
123000232,136,1010,-874
123000233,1162,316,846
123000234,303,1206,-903
123000235,1057,613,444
123000236,394,1534,-1140
123000237,514,119,395
123000238,150,1115,-965
123000239,847,3180,-2333
123000240,97,746,-649
123000241,1796,245,1551
123000242,271,395,-124
123000243,1267,1325,-58
123000244,1555,1150,405
123000245,139,259,-120
123000249,1009,1687,-678
123000252,1618,403,1215
123000253,1413,731,682
123000254,876,1890,-1014
123000255,1684,1454,230
123000256,37,489,-452
123000257,6090,4395,1695
123000258,1492,2159,-667
123000259,420,688,-268
123000260,722,1034,-312
123000261,269,483,-214
123000262,208,372,-164
123000263,634,216,418
123000264,306,111,195
123000265,113,293,-180
123000266,957,1458,-501
123000267,706,605,101
123000268,57,137,-80
123000269,78,92,-14
123000270,40,67,-27
123000271,260,138,122
123000272,1483,423,1060
123000273,593,1012,-419
123000274,2020,767,1253
123000275,506,2010,-1504
123000278,6080,4613,1467
123000279,217,299,-82
123000280,739,635,104
123000281,584,128,456
123000282,320,453,-133
123000283,155,90,65
123000284,64,209,-145
123000286,561,485,76
123000287,994,486,508
123000288,2682,1314,1368
123000289,1086,1719,-633
123000291,677,1329,-652
123000294,288,431,-143
123000295,1274,1305,-31
123000296,644,466,178
123000297,647,1598,-951
123000298,773,1352,-579
123000299,72,460,-388
123000300,1600,1549,51
123000301,283,457,-174
123000302,111,377,-266
123000303,495,130,365
123000305,1841,1400,441
123000306,164,403,-239
123000309,53,96,-43
123000310,200,84,116
123000311,0,200,-200
123000312,1551,1673,-122
123000313,578,691,-113
123000315,74,575,-501
123000316,4253,134,4119
123000317,404,97,307
123000318,91,487,-396
123000329,26,31,-5
123000337,599,369,230
123000338,1048,89,959
123000339,236,411,-175
123000340,274,1031,-757
123000342,11,18,-7
123000343,242,3,239
123000344,1848,732,1116
123000345,445,1129,-684
123000346,583,165,418
123000352,3839,1401,2438
123000353,32,191,-159
123000354,538,23,515
123000355,1,1228,-1227
123000356,555,15,540
123000357,10,509,-499
123000359,6,393,-387
123000360,330,87,243
123000361,1258,488,770
123000362,478,225,253
123000363,129,390,-261
123000364,1192,799,393
123000365,40,624,-584
123000366,572,3205,-2633
123000367,526,2369,-1843
123000370,74,575,-501
123000371,574,36,538
123000372,506,35,471
123000373,37,715,-678
123000374,21,356,-335
123000375,386,78,308
123000376,1354,1031,323
123000377,579,24,555
123000378,19,699,-680
123000379,3,403,-400
123000380,126,537,-411
123000381,516,72,444
123000382,2121,215,1906
123000383,544,1741,-1197
123000384,1100,150,950
123000385,821,973,-152
123000436,200,1820,-1620
123000507,247,1022,-775
123000508,362,1375,-1013
123000517,482,58,424
123000518,24,370,-346
123000519,187,134,53
123000520,78,327,-249
123000521,520,176,344
123000522,242,870,-628
123000541,2,2,0
123000542,0,52,-52
123000565,646,58,588
123000566,161,1178,-1017
123000567,171,429,-258
123000573,75,1572,-1497
123000574,894,153,741
123000575,1589,2313,-724
123000576,1107,4033,-2926
123000577,313,1617,-1304
123000578,1553,97,1456
123000579,7205,8051,-846
123000580,104,25,79
123000582,645,72,573
123000583,29,929,-900
123000584,366,585,-219
123000585,0,298,-298
123000586,132,2,130
123000596,212,220,-8
123000597,83,284,-201
123000602,30,7,23
123000603,585,1540,-955
123000604,676,2030,-1354
123000605,1970,310,1660
123000606,1,582,-581
123000609,51,790,-739
123000610,307,173,134
123000613,35,270,-235
123000614,213,134,79
123000615,35,246,-211
123000616,819,120,699
123000617,216,1144,-928
123000618,116,1227,-1111
123000619,1198,84,1114
123000620,28,1046,-1018
123000622,454,29,425
123000624,139,108,31
123000630,948,802,146
123000631,547,3987,-3440
123000632,1943,2036,-93
123000633,1,587,-586
123000634,187,234,-47
123000635,530,203,327
123000636,66,1383,-1317
123000637,183,397,-214
123000638,804,196,608
123000639,1953,4930,-2977
123000640,42,1727,-1685
123000648,63,20,43
123000649,0,130,-130
123900001,2813,140,2673
123900002,27,2198,-2171
123900003,723,1152,-429
123900005,565,208,357
123900006,756,61,695
124000001,3009,225,2784
124000002,188,3264,-3076
124000003,1090,235,855
124000004,90,1237,-1147
124000005,1268,591,677
124000006,472,2204,-1732
124000007,1278,296,982
124000008,50,1134,-1084
124000009,922,589,333
124000010,220,827,-607
124000011,2628,697,1931
124000012,838,1227,-389
124000017,310,213,97
124000018,133,133,0
124000019,178,160,18
124000020,66,268,-202
124000021,240,135,105
124000022,126,433,-307
124000023,2618,2290,328
124000024,1844,1085,759
124000025,1863,2414,-551
124000026,1815,1918,-103
124000027,7650,7127,523
124000028,4108,6799,-2691
124000030,5485,1976,3509
124000031,1823,3529,-1706
124000032,7873,1455,6418
124000033,410,923,-513
124000034,5186,1021,4165
124000035,213,296,-83
124000036,188,446,-258
124000037,1123,1410,-287
124000038,67,136,-69
124000039,1757,616,1141
124000040,946,1217,-271
124000041,539,188,351
124000042,122,695,-573
124000043,172,232,-60
124000044,87,443,-356
124000045,879,1254,-375
124000046,337,1536,-1199
124000047,1768,1649,119
124000048,1277,3187,-1910
124000049,1982,1268,714
124000050,961,3680,-2719
124000051,1091,1280,-189
124000052,1075,2070,-995
124000053,866,1821,-955
124000054,1304,1203,101
124000055,1630,2888,-1258
124000056,6626,2799,3827
124000057,1150,811,339
124000058,718,2311,-1593
124000059,793,1419,-626
124000060,2197,1484,713
124000061,2627,5857,-3230
124000062,7949,3111,4838
124000063,2158,3330,-1172
124000064,4599,2704,1895
124000065,194,366,-172
124000066,543,178,365
124000067,234,409,-175
124000068,72,150,-78
124000069,608,371,237
124000070,273,628,-355
124000071,333,162,171
124000072,282,781,-499
124000073,1390,224,1166
124000074,322,1437,-1115
124000075,362,74,288
124000076,12,372,-360
124000077,2880,1135,1745
124000078,3738,1493,2245
124000079,754,2122,-1368
124000080,750,269,481
124000081,403,1350,-947
124000082,29,250,-221
124000083,54,329,-275
124000084,95,681,-586
124000085,161,138,23
124000086,115,219,-104
124000087,299,150,149
124000088,449,704,-255
124000089,1195,680,515
124000090,225,651,-426
124000091,1279,294,985
124000092,318,1314,-996
124000093,116,180,-64
124000094,238,954,-716
124000095,78,174,-96
124000096,192,559,-367
124000097,95,280,-185
124000098,80,204,-124
124000099,309,228,81
124000100,81,202,-121
124000101,124,191,-67
124000102,202,189,13
124000103,107,139,-32
124000104,206,89,117
124000105,78,115,-37
124000106,262,175,87
124000107,17,189,-172
124000108,105,82,23
124000109,142,127,15
124000110,297,243,54
124000111,330,250,80
124000112,1100,1278,-178
124000113,74,151,-77
124000114,356,915,-559
124000115,636,1338,-702
124000116,245,171,74
124000117,128,164,-36
124000118,64,107,-43
124000119,2807,1154,1653
124000120,1544,901,643
124000121,2766,1087,1679
124000122,1072,2005,-933
124000123,1583,758,825
124000124,734,1840,-1106
124000125,644,773,-129
124000126,414,1075,-661
124000127,1351,685,666
124000128,1098,1684,-586
124000129,3078,2379,699
124000130,1319,1104,215
124000131,1841,861,980
124000132,1556,1243,313
124000133,1358,1675,-317
124000134,1204,1358,-154
124000135,2528,3077,-549
124000136,1510,1703,-193
124000137,2265,1245,1020
124000138,3041,2060,981
124000139,1085,27,1058
124000140,53,735,-682
124000141,317,20,297
124000142,21,251,-230
124000143,92,39,53
124000144,9,98,-89
124000145,127,76,51
124000146,40,145,-105
124000148,36,165,-129
124000149,1716,596,1120
124000150,483,1017,-534
124000151,1133,643,490
124000152,1339,2200,-861
124000153,837,1180,-343
124000154,617,1480,-863
124000155,2105,1358,747
124000156,2743,1721,1022
124000169,504,949,-445
124000170,1549,730,819
124000171,545,489,56
124000172,702,983,-281
124000173,742,496,246
124000174,617,1324,-707
124000175,25,226,-201
124000176,86,33,53
124000177,15,66,-51
124000178,34,54,-20
124000190,292,84,208
124000191,1456,176,1280
124000192,4454,699,3755
124000193,1167,1613,-446
124000194,564,828,-264
124000195,495,894,-399
124000196,1952,1973,-21
124000197,79,128,-49
124000198,52,73,-21
124000201,556,1763,-1207
124000202,969,355,614
124000203,422,1560,-1138
124000204,813,985,-172
124000205,84,927,-843
124000206,656,814,-158
124000207,0,68,-68
124000209,608,1104,-496
124000210,399,356,43
124000211,637,2,635
124000212,4,900,-896
124000213,422,599,-177
124000214,423,1293,-870
124000215,467,26,441
124000216,2,913,-911
124000329,182,4079,-3897
124000338,139,2076,-1937
124000339,941,234,707
124000341,1367,161,1206
124000344,59,3,56
124000357,1546,3982,-2436
124000358,1074,2169,-1095
124000359,1352,1081,271
124000360,849,896,-47
124000361,4089,1095,2994
124000362,2800,3637,-837
124000363,429,489,-60
124000364,841,1335,-494
124000365,1099,1674,-575
124000366,2919,1253,1666
124000367,224,1288,-1064
124000368,747,591,156
124000369,258,270,-12
124000370,154,1472,-1318
124000402,71,10,61
124000403,186,10,176
124000404,9,191,-182
124000405,1462,1349,113
124000406,1469,1418,51
124000407,5,66,-61
124000411,14,666,-652
124000412,625,14,611
124000413,1159,74,1085
124000414,120,197,-77
124000415,59,366,-307
124000416,214,498,-284
124000417,145,201,-56
124000418,155,180,-25
124000419,85,283,-198
124000420,87,161,-74
124000421,56,477,-421
124000422,67,40,27
124000423,289,61,228
124000424,8,178,-170
124000425,35,93,-58
124000426,7,101,-94
124000427,34,20,14
124000428,99,75,24
124000429,66,85,-19
124000430,1071,1080,-9
124000431,501,1197,-696
124000432,390,1899,-1509
124000439,3,32,-29
124000443,1,10,-9
124000445,404,1810,-1406
124000446,4306,164,4142
124900001,517,489,28
124900002,323,801,-478
124900003,1160,1014,146
124900004,614,647,-33
124900005,471,492,-21
124900006,624,609,15
124900008,2059,821,1238
124900009,184,405,-221
124900010,194,114,80
124900011,686,381,305
124900012,595,198,397
124900013,606,269,337
124900014,463,146,317
124900015,262,455,-193
124900016,90,199,-109
124900017,1303,1379,-76
124900018,46,21,25
124900020,110,97,13
124900021,278,72,206
124900022,93,20,73
124900024,294,83,211
124900026,196,14,182
124900027,131,495,-364
124900028,1217,265,952
124900029,21,604,-583
124900030,6,274,-268
124900031,59,758,-699
124900032,411,309,102
124900033,191,774,-583
124900034,133,590,-457
124900035,342,864,-522
124900036,4,92,-88
124900037,290,682,-392
124900038,493,633,-140
124900039,2,41,-39
124900040,218,122,96
124900041,444,1929,-1485
124900042,101,0,101
124900043,707,1969,-1262
124900044,167,3,164
124900045,1166,1614,-448
124900046,2046,412,1634
124900047,179,431,-252
124900048,258,323,-65
124900050,252,454,-202
124900052,162,615,-453
124900053,146,561,-415
124900054,5250,567,4683
124900055,1,215,-214
124900057,20,131,-111
124900060,160,464,-304
124900061,59,9,50
124900062,158,27,131
124900066,1,16,-15
124900067,10,318,-308
124900068,271,736,-465
124900070,118,38,80
124900072,145,51,94
124900074,166,110,56
124900075,305,376,-71
124900076,39,1152,-1113
124900077,32,228,-196
124900078,145,45,100
124900079,1521,381,1140
124900080,501,1266,-765
124900081,1264,413,851
124900082,549,1690,-1141
124900083,260,1043,-783
124900084,4502,164,4338
124900085,1540,441,1099
124900086,219,1378,-1159
124900087,974,160,814
124900088,1091,191,900
124900089,2271,59,2212
124900090,356,421,-65
124900091,605,930,-325
124900092,533,669,-136
124900093,476,312,164
124900094,541,448,93
124900095,134,681,-547
124900096,1099,417,682
124900097,459,130,329
124900098,180,836,-656
124900099,1189,886,303
124900100,398,126,272
124900101,68,448,-380
124900102,303,75,228
124900103,241,484,-243
124900104,114,279,-165
124900105,180,244,-64
124900106,546,102,444
124900107,129,23,106
124900108,391,107,284
124900109,16,55,-39
124900110,103,192,-89
124900111,1,116,-115
124900112,103,1166,-1063
124900113,191,387,-196
124900114,322,205,117
124900115,68,79,-11
124900116,302,193,109
124900117,1163,223,940
124900118,256,367,-111
124900119,560,243,317
124900120,67,734,-667
124900121,230,432,-202
124900122,957,451,506
124900123,538,156,382
124900124,209,370,-161
129000186,591,90,501
204000001,138,19,119
204000002,35,17,18
204000003,92,7,85
204000004,32,3,29
204000005,835,1083,-248
204000006,1777,3819,-2042
204000011,23,83,-60
204000012,109,135,-26
204000019,781,792,-11
204000020,1240,1351,-111
204000021,3601,1383,2218
204000022,701,790,-89
204000023,723,1714,-991
204000031,193,48,145
204000032,1002,71,931
204000034,29,365,-336
204000035,9,6,3
204000036,37,43,-6
204000037,6,40,-34
204000038,5,24,-19
204000039,8,91,-83
204000040,9,36,-27
204000041,16,67,-51
204000042,92,27,65
204000043,67,2,65
204000044,53,20,33
204000045,209,10,199
204000046,34,11,23
204000057,16,34,-18
204000062,28,96,-68
204000068,103,412,-309
204000069,55,529,-474
204000070,108,217,-109
204000080,76,112,-36
204000085,2676,2931,-255
204000086,4750,4115,635
204000087,48,23,25
204000088,9,167,-158
204000090,41,561,-520
204000093,329,135,194
204000096,1259,1588,-329
204000097,516,45,471
204000099,1359,2538,-1179
204000100,1447,2617,-1170
204000105,3040,2845,195
204000110,1513,2352,-839
204000111,849,1409,-560
204000112,1974,1451,523
204000113,920,1586,-666
204000114,1361,1074,287
204000115,1078,564,514
204000116,2386,1107,1279
204000119,2548,4468,-1920
204000132,783,568,215
204000133,893,546,347
204000134,732,280,452
204000135,897,215,682
204000136,552,481,71
204000138,527,1002,-475
204000140,314,182,132
204000141,231,124,107
204000144,10,61,-51
204000145,765,51,714
204000146,31,591,-560
204000147,79,291,-212
204000148,584,40,544
204000154,7,7,0
204000155,13,8,5
204000177,104,159,-55
204000179,38,12,26
204000180,0,35,-35
204000222,14,14,0
204000235,32,34,-2
204000236,115,567,-452
204000238,33,101,-68
204000240,477,110,367
204000263,964,1968,-1004
204000268,1760,1490,270
204000308,458,39,419
204000317,10,118,-108
204000322,6,55,-49
204000323,41,29,12
204000328,312,153,159
204000329,52,269,-217
204000330,372,81,291
204000331,43,202,-159
204010341,32,600,-568
205000001,1505,2812,-1307
205000013,16,109,-93
205000014,25,141,-116
205000015,73,297,-224
205000016,44,263,-219
205000017,59,149,-90
205000022,405,1111,-706
205000025,2072,1709,363
205000029,390,15,375
205000045,367,327,40
205000046,176,738,-562
205000047,136,868,-732
205000048,334,1608,-1274
205000049,253,1199,-946
205000050,1757,490,1267
205000059,0,428,-428
205000060,1,138,-137
205000061,6,55,-49
205000062,1,55,-54
205000063,44,315,-271
205000064,38,307,-269
205000065,96,862,-766
205000066,143,1174,-1031
205000067,72,1510,-1438
205000069,181,34,147
205000082,218,736,-518
205000110,117,302,-185
205000111,234,417,-183
205000112,255,373,-118
205000113,254,428,-174
205000121,393,275,118
205000123,89,323,-234
205000126,616,503,113
205000127,982,778,204
205000128,865,593,272
205000129,1137,499,638
205000130,1677,194,1483
205000131,1930,44,1886
205000132,2473,13,2460
205000133,2183,6,2177
205000134,1059,0,1059
205000137,151,195,-44
205000138,277,619,-342
205000139,44,239,-195
205000144,121,150,-29
205000145,566,602,-36
205000151,275,233,42
205000152,249,169,80
205000153,231,227,4
205000154,122,235,-113
205000155,244,68,176
205000207,22,314,-292
205000233,87,1,86
205000234,0,1,-1
205000243,0,0,0
205000244,0,5,-5
205000245,24,564,-540
205000249,0,62,-62
205000250,7,0,7
205000264,8,146,-138
206000027,13,2,11
206000028,13,6,7
206000043,19,191,-172
206000053,5,27,-22
206000054,19,57,-38
206000055,3,70,-67
206000075,6,11,-5
206000076,29,11,18
206000077,34,7,27
206000078,10,7,3
206000079,17,9,8
206000082,1063,45,1018
206000100,120,1399,-1279
206000103,4,37,-33
206000104,29,38,-9
206000105,13,24,-11
206000106,11,45,-34
206000108,1022,38,984
206000125,42,0,42
206000157,93,1235,-1142
206000170,2,353,-351
206000171,11,287,-276
206000172,10,1266,-1256
206000173,3,439,-436
206000174,14,159,-145
206000175,5,211,-206
206000176,24,372,-348
206000177,4,271,-267
206000178,6,228,-222
206000179,20,161,-141
206000180,18,287,-269
206000181,6,497,-491
206000182,19,448,-429
206000183,23,1542,-1519
206000184,3,592,-589
206000185,7,388,-381
206000186,194,2111,-1917
206000223,10,307,-297
206000226,17,6,11
206000227,46,5,41
206000237,44,506,-462
206000238,65,845,-780
206000239,754,2977,-2223
206000240,2,79,-77
206000241,1,184,-183
206000242,13,483,-470
206000243,4,426,-422
206000244,114,1085,-971
206000245,534,87,447
206000246,113,15,98
206000247,139,5,134
206000248,639,35,604
206000252,112,37,75
206000258,40,58,-18
206000315,42,3,39
206000317,542,130,412
206000318,397,78,319
206000319,926,167,759
206000320,134,68,66
206000321,107,19,88
206000322,376,25,351
206000323,129,17,112
206000324,113,6,107
206000325,289,25,264
206000326,383,15,368
206000327,705,8,697
206000328,112,6,106
206000329,221,7,214
206000330,43,5,38
206000331,124,7,117
206000332,25,11,14
206000333,484,1,483
206000334,209,0,209
206000335,0,27,-27
206000361,5,393,-388
206000392,7,63,-56
206000405,212,9,203
206000441,22,20,2
206000498,45,1,44
206000515,220,35,185
206000530,173,79,94
206000531,245,246,-1
206000532,3908,302,3606
206000535,457,3775,-3318
206000536,23,332,-309
206000537,9,284,-275
206000613,1905,273,1632
207000001,296,762,-466
207000002,223,438,-215
207000003,274,351,-77
207000007,798,371,427
207000008,80,5,75
207000009,87,36,51
207000010,582,826,-244
207000012,459,431,28
207000015,514,2462,-1948
207000019,324,151,173
207000021,993,231,762
207000022,184,157,27
207000023,292,78,214
207000024,10,16,-6
207000025,73,103,-30
207000026,217,88,129
207000027,56,146,-90
207000028,98,381,-283
207000029,463,722,-259
207000033,434,472,-38
207000034,438,99,339
207000039,385,235,150
207000040,262,180,82
207000041,183,89,94
207000042,307,129,178
207000043,423,276,147
207000051,153,443,-290
207000052,121,306,-185
207000053,640,1099,-459
207000054,105,239,-134
207000055,244,300,-56
207000056,596,614,-18
207000057,212,510,-298
207000058,231,660,-429
207000059,126,1164,-1038
207000060,168,429,-261
207000061,471,500,-29
207000062,329,46,283
207000063,307,184,123
207000064,669,250,419
207000065,382,330,52
207000066,279,295,-16
207000067,73,175,-102
207000068,155,132,23
207000069,1039,595,444
207000082,28,409,-381
207000083,130,579,-449
207000084,299,402,-103
207000085,214,19,195
207000086,164,5,159
207000106,34,48,-14
207000107,89,42,47
207000108,109,16,93
207000109,73,20,53
207000110,64,80,-16
207000111,96,75,21
207000112,447,676,-229
207000114,42,79,-37
207000115,29,158,-129
207000116,25,542,-517
207000117,22,173,-151
207000118,4,157,-153
207000119,30,171,-141
207000123,242,48,194
207000124,104,43,61
207000125,90,81,9
207000126,99,92,7
207000134,76,258,-182
207000135,31,410,-379
207000148,67,409,-342
207000149,146,94,52
207000152,263,665,-402
207000153,1557,2043,-486
207000154,642,192,450
207000159,186,361,-175
207000160,203,842,-639
207000238,0,247,-247
207000242,4,373,-369
207000248,48,94,-46
207000249,288,46,242
207000250,2115,143,1972
207000251,206,159,47
207000252,111,125,-14
207000278,164,159,5
207000279,19,341,-322
207000280,423,111,312
207000281,112,1874,-1762
207000282,256,111,145
207000283,230,503,-273
207000284,66,192,-126
207000285,336,47,289
207000291,8,180,-172
207000304,210,141,69
207000306,118,682,-564
207000310,136,140,-4
207000353,348,6,342
207000356,19,42,-23
207000357,126,9,117
207000358,37,9,28
207000415,9,451,-442
207000417,60,7,53
207000418,172,203,-31
207000438,0,5,-5
207000439,1555,773,782
207000446,176,6,170
207000460,12,4,8
207000466,278,244,34
207000467,211,168,43
207000468,81,673,-592
207000476,7,154,-147
207000477,796,213,583
207000478,2,52,-50
207000523,0,12,-12
207000524,27,0,27
207000527,138,312,-174
207000530,396,13,383
207000531,417,17,400
207000532,141,40,101
207000534,995,120,875
207000535,105,502,-397
207000537,50,276,-226
207000540,13,427,-414
207000541,6,660,-654
207000548,30,606,-576
207000549,464,25,439
207000561,171,252,-81
207000562,45,433,-388
207000567,275,419,-144
207000568,160,163,-3
207000569,518,1756,-1238
207000584,686,452,234
207000585,196,466,-270
207000616,1,349,-348
207000617,150,1,149
207900008,196,226,-30
208000001,856,1675,-819
208000002,1053,1052,1
208000003,1771,1137,634
208000004,2736,1522,1214
208000005,77,30,47
208000019,748,1486,-738
208000020,285,808,-523
208000021,328,1045,-717
208000022,1230,1162,68
208000028,2634,1827,807
208000033,611,1224,-613
208000034,1996,3705,-1709
208000037,834,77,757
208000040,164,300,-136
208000041,1321,868,453
208000042,1731,1037,694
208000047,245,761,-516
208000064,4050,2978,1072
208000066,2744,3471,-727
208000070,488,722,-234
208000071,679,1396,-717
208000072,676,2182,-1506
208000080,393,848,-455
208000081,482,419,63
208000082,550,468,82
208000083,269,650,-381
208000084,172,36,136
208000085,2364,917,1447
208000086,1059,1367,-308
208000087,568,1178,-610
208000089,1309,1253,56
208000090,1173,1832,-659
208000093,147,285,-138
208000094,773,1112,-339
208000095,1234,718,516
208000104,1394,1885,-491
208000105,1000,2075,-1075
208000114,171,497,-326
208000115,869,672,197
208000116,858,1712,-854
208000117,165,220,-55
208000118,191,223,-32
208000155,1294,1442,-148
208000158,2591,5570,-2979
208000186,4924,5691,-767
208000204,913,1997,-1084
208000205,1593,2521,-928
208000282,7131,3611,3520
209000004,354,475,-121
209000005,37,71,-34
209000006,954,225,729
209000007,832,550,282
209000010,1263,229,1034
209000011,344,430,-86
209000012,208,422,-214
209000013,372,991,-619
209000014,934,2308,-1374
209000025,504,120,384
209000026,1176,242,934
209000027,584,1882,-1298
209000028,705,1653,-948
209000029,2353,1621,732
209000030,1425,3055,-1630
209000031,7095,4886,2209
209000034,407,416,-9
209000035,202,331,-129
209000036,400,215,185
209000037,395,466,-71
209000038,210,342,-132
209000039,124,319,-195
209000040,537,899,-362
209000041,261,744,-483
209000042,388,719,-331
209000043,1336,1263,73
209000044,364,1139,-775
209000045,1866,703,1163
209000046,666,833,-167
209000047,807,350,457
209000048,1160,440,720
209000049,138,234,-96
209000050,309,348,-39
209000051,493,687,-194
209000052,350,654,-304
209000062,71,290,-219
209000063,49,244,-195
209000064,42,280,-238
209000065,80,90,-10
209000066,62,86,-24
209000067,98,111,-13
209000080,33,416,-383
209000082,112,98,14
209000091,75,173,-98
209000093,190,86,104
209000094,365,321,44
209000110,84,194,-110
209000111,646,2862,-2216
209000112,1278,1237,41
209000113,4972,1144,3828
209000114,705,863,-158
209000115,178,296,-118
209000116,1511,1151,360
209000118,106,101,5
209000119,236,19,217
209000121,267,1126,-859
209000135,100,318,-218
209000142,1179,3544,-2365
209000143,504,266,238
209000144,358,183,175
209000229,338,302,36
209000240,68,752,-684
209000259,159,221,-62
209000260,106,1866,-1760
209000261,10,959,-949
209000262,7,956,-949
209000263,0,243,-243
209000264,1,137,-136
209000265,591,2,589
209000266,146,4,142
209000267,926,25,901
209000268,1272,155,1117
210000037,117,47,70
210000047,117,74,43
210000048,128,96,32
210000049,134,61,73
210000052,47,240,-193
210000053,54,154,-100
210000054,50,151,-101
210000070,254,6,248
210000071,131,1,130
210000072,85,0,85
210000073,1,62,-61
210000074,2,228,-226
210000075,3,103,-100
210000076,25,214,-189
210000077,193,72,121
210000078,102,53,49
210000079,198,30,168
210000080,649,87,562
210000081,447,22,425
210000082,367,3,364
210000083,226,3,223
210000084,45,0,45
210000085,0,142,-142
210000086,8,253,-245
210000099,84,495,-411
210000100,88,464,-376
210000101,161,579,-418
210000105,69,569,-500
210000159,1,244,-243
210000163,240,396,-156
210000164,458,313,145
210000168,359,70,289
210000187,0,37,-37
210000188,1,51,-50
210000214,44,0,44
210000219,42,85,-43
210000220,105,156,-51
210000232,5,36,-31
210000233,58,130,-72
210000234,41,278,-237
210000235,101,263,-162
210000245,2,176,-174
210000246,41,20,21
210000258,12,159,-147
210000259,536,59,477
210000282,151,413,-262
210000285,2,175,-173
210000286,23,235,-212
210000290,4,24,-20
210000295,71,310,-239
210000296,165,106,59
210000320,272,215,57
210000321,112,178,-66
210000338,354,125,229
210000339,670,2262,-1592
210000340,246,997,-751
210000341,321,645,-324
210000342,382,475,-93
210000343,491,424,67
210000344,920,273,647
210000345,460,598,-138
210000346,192,296,-104
210000347,730,74,656
210000348,409,29,380
210000349,530,48,482
210000350,226,137,89
210000351,225,220,5
210000352,111,225,-114
210000353,77,315,-238
210000354,111,277,-166
210000355,161,237,-76
210000356,345,135,210
210000357,150,128,22
210000358,760,222,538
210000359,372,165,207
210000360,369,229,140
210000361,323,297,26
210000362,384,367,17
210000363,1283,330,953
210000364,265,357,-92
210000365,192,185,7
210000366,222,158,64
210000367,140,84,56
210000368,250,80,170
210000369,121,36,85
210000370,170,75,95
210000372,153,74,79
210000373,303,34,269
210000374,167,27,140
210000375,34,218,-184
210000376,201,330,-129
210000404,101,405,-304
210000439,34,125,-91
210000472,392,22,370
210000482,150,171,-21
210000564,823,472,351
210000567,2,32,-30
210000568,1122,8,1114
211000092,62,94,-32
211000094,32,16,16
211000169,407,26,381
211000172,19,426,-407
211000209,6,32,-26
211000226,30,40,-10
211000270,12,21,-9
211000275,45,34,11
211000276,155,48,107
211000279,23,74,-51
211000281,52,104,-52
211507980,5,84,-79
211977296,111,4,107
212000003,410,174,236
212000004,288,64,224
212000005,68,54,14
212000006,100,148,-48
212000008,196,273,-77
212000009,30,223,-193
212000012,86,148,-62
212000013,26,98,-72
212000014,373,244,129
212000015,377,392,-15
212000016,803,808,-5
212000027,674,943,-269
212000028,390,873,-483
212000029,262,670,-408
212000030,63,66,-3
212000031,86,140,-54
212000048,80,257,-177
212000049,40,174,-134
212000050,21,13,8
212000051,250,339,-89
212000052,208,603,-395
212000053,444,962,-518
212000054,252,267,-15
212000055,267,461,-194
212000056,27,110,-83
212000057,32,41,-9
212000058,600,76,524
212000070,123,496,-373
212000077,162,1224,-1062
212000099,454,539,-85
212000108,500,491,9
212000111,284,236,48
212000120,280,161,119
212000138,457,37,420
212000156,6,294,-288
212000158,14,26,-12
212000159,408,113,295
212000160,696,404,292
212000161,90,20,70
212000310,74,23,51
212000311,14,166,-152
212000374,52,19,33
213000001,47,934,-887
213000005,634,268,366
213000006,1644,374,1270
213000007,435,34,401
213000009,934,607,327
213000010,274,488,-214
213000011,477,242,235
213000012,283,589,-306
213000014,81,8,73
213000015,215,6,209
213000016,498,2,496
213000017,153,2,151
213000018,4,328,-324
213000019,3,225,-222
213000020,171,642,-471
213000021,3,181,-178
213000023,358,428,-70
213000033,369,2106,-1737
213000034,854,593,261
213000035,102,750,-648
213000045,144,374,-230
213000046,221,308,-87
213000047,748,1276,-528
213000056,152,196,-44
213000069,317,9,308
213000073,5,41,-36
213000074,141,810,-669
213000075,959,14,945
213000076,52,1,51
213000085,13,54,-41
213000086,15,369,-354
213000091,164,26,138
213000092,75,22,53
213000099,317,1406,-1089
213000100,1928,475,1453
213000101,454,212,242
213000102,479,532,-53
213000103,1340,1374,-34
213000104,66,750,-684
213000105,7,144,-137
213000106,39,330,-291
213000107,237,1161,-924
213000108,35,967,-932
213000109,7,397,-390
213000110,20,169,-149
213000111,32,121,-89
213000112,277,190,87
213000115,40,7,33
213000116,82,1453,-1371
213000117,25,1885,-1860
213000118,683,600,83
213000119,99,1647,-1548
213000120,171,1350,-1179
213000122,535,1345,-810
213000123,1220,2726,-1506
213000124,197,2319,-2122
213000125,275,17,258
213000126,180,204,-24
213000127,225,251,-26
213000128,1112,1248,-136
213000129,750,1046,-296
213000130,464,612,-148
213000132,366,239,127
213000133,569,232,337
213000134,1385,32,1353
213000136,569,40,529
213000137,924,189,735
213000139,617,70,547
213000147,192,4,188
213000148,114,14,100
213000149,338,18,320
213000150,2,192,-190
213000151,10,147,-137
213000152,12,126,-114
213000153,4,75,-71
213000154,27,420,-393
213000155,60,769,-709
213000156,118,1339,-1221
213000157,1601,821,780
213000158,374,1424,-1050
213000159,655,1291,-636
213000163,660,209,451
213000165,1223,447,776
213000171,1,180,-179
213000172,3,493,-490
213000173,4,368,-364
213000174,2,264,-262
213000175,10,194,-184
213000176,31,49,-18
213000177,44,13,31
213000178,103,8,95
213000179,242,6,236
213000180,132,0,132
213000184,196,859,-663
213000188,610,139,471
213000189,455,76,379
213000190,1398,1483,-85
213000191,364,907,-543
213000192,307,1012,-705
213000193,3037,353,2684
213000194,8,60,-52
213000195,24,780,-756
213000196,333,1800,-1467
213000197,417,1700,-1283
213000198,264,2,262
213000200,183,1866,-1683
213000201,138,76,62
213000202,18,1503,-1485
213000203,5654,1281,4373
213000204,719,239,480
213000205,422,422,0
213000206,1152,240,912
213000207,368,59,309
213000208,364,3,361
213000209,437,4,433
213000210,1469,9,1460
213000211,50,16,34
213000212,35,14,21
213000213,33,43,-10
213000218,448,1487,-1039
213000219,703,38,665
213000220,745,11,734
213000223,550,431,119
213000224,152,91,61
213000225,86,27,59
213000226,150,30,120
213000227,1397,541,856
213000228,441,194,247
213000229,481,45,436
213000230,448,100,348
213000232,164,835,-671
213000233,13,66,-53
213000234,2,64,-62
213000293,65,64,1
213000294,353,22,331
213000295,78,121,-43
213000296,70,66,4
213000297,12,221,-209
213000298,18,185,-167
213000299,112,86,26
213000300,14,9,5
213000303,6,54,-48
213000304,3,8,-5
213000305,10,9,1
213000306,346,42,304
213000307,1463,96,1367
213000308,191,367,-176
213000309,255,85,170
213000310,1199,182,1017
213000311,460,1292,-832
213000315,135,211,-76
213000316,151,90,61
213000322,134,272,-138
213000323,96,165,-69
213000324,58,88,-30
213000325,35,249,-214
213000326,81,62,19
213000327,29,145,-116
213000328,32,183,-151
213000329,79,115,-36
213000340,230,1424,-1194
213000341,457,250,207
213000346,390,283,107
213000347,1448,559,889
213000348,21,165,-144
213000349,58,16,42
213000350,470,2314,-1844
213000366,86,702,-616
213000367,246,61,185
213000379,160,162,-2
213000386,19,358,-339
213000406,103,685,-582
213000417,2137,851,1286
213000425,175,74,101
213000426,135,164,-29
213000427,82,620,-538
213000428,56,360,-304
213000429,24,3,21
213000430,110,1491,-1381
213000431,49,2,47
213000432,5,29,-24
213000433,25,290,-265
213000434,111,233,-122
213000435,74,201,-127
213000436,21,197,-176
213000437,0,56,-56
213000438,208,118,90
213000439,97,24,73
213000440,5,467,-462
213000441,1,1,0
213000442,0,55,-55
213000443,794,900,-106
213000444,58,86,-28
213000445,1,186,-185
213000446,1,22,-21
213000447,13,149,-136
213000448,8,162,-154
213000449,323,7,316
213000450,52,119,-67
213000451,352,201,151
213000452,37,37,0
213000453,54,504,-450
213000455,628,5,623
213000456,5,374,-369
213000481,25,22,3
213000482,95,4,91
213000489,600,285,315
213000491,1,236,-235
213000492,1321,3,1318
213000493,0,231,-231
213000494,183,267,-84
213000495,1,239,-238
213000496,355,458,-103
213000497,79,615,-536
213000498,132,392,-260
213000499,194,958,-764
213000500,449,142,307
213000501,110,38,72
213000502,573,139,434
213000503,6,114,-108
213000504,15,300,-285
213000505,11,4,7
213000506,0,13,-13
213000507,3,211,-208
213900016,0,14,-14
213900244,31,1,30
213900245,0,35,-35
218000003,69,21,48
218000004,53,36,17
218000005,117,65,52
218000006,157,49,108
218000007,21,32,-11
218000012,720,425,295
218000013,148,271,-123
218000014,606,596,10
218000019,1027,1025,2
218000020,365,986,-621
218000021,69,148,-79
218000022,25,69,-44
218000023,4,72,-68
218000024,4,30,-26
218000025,32,42,-10
218000026,9,95,-86
218000027,9,28,-19
218000028,4,12,-8
218000029,4,5,-1
218000030,47,63,-16
218000031,8,97,-89
218000032,2,56,-54
218000040,5,3,2
218000046,77,149,-72
218000047,26,219,-193
218000048,109,259,-150
218000049,144,227,-83
218000050,630,404,226
218000051,107,442,-335
218000052,3,208,-205
218000053,4,22,-18
218000054,13,35,-22
218000055,7,19,-12
218000056,41,31,10
218000057,2,37,-35
218000064,2,13,-11
218000065,71,108,-37
218000066,13,136,-123
218000067,72,172,-100
218000068,150,208,-58
218000069,209,262,-53
218000070,183,417,-234
218000071,235,293,-58
218000072,367,364,3
218000078,1016,1972,-956
218000079,84,144,-60
218000080,102,153,-51
218000081,405,456,-51
218000082,109,266,-157
218000083,92,125,-33
218000084,157,311,-154
218000085,145,804,-659
218000086,89,321,-232
218000087,205,395,-190
218000090,12,167,-155
218000091,1332,948,384
218000092,128,308,-180
218000093,142,105,37
218000094,706,1188,-482
218000099,460,852,-392
218000100,310,480,-170
218000101,402,191,211
218000102,436,376,60
218000103,116,332,-216
218000104,123,86,37
218000105,38,18,20
218000106,24,18,6
218000107,38,116,-78
218000108,7,73,-66
218000112,134,21,113
218000117,80,134,-54
218000134,853,1719,-866
218000135,141,249,-108
218000136,446,93,353
218000137,396,171,225
218000138,54,135,-81
218000139,300,524,-224
218000140,683,421,262
218000141,183,113,70
218000142,203,308,-105
218000143,257,364,-107
218000144,191,119,72
218000145,460,585,-125
218000146,54,298,-244
218000151,84,47,37
218000152,221,98,123
218000153,5,3,2
218000154,14,1,13
218000155,18,2,16
218000156,73,23,50
218000157,36,29,7
218000158,5,14,-9
218000159,11,3,8
218000160,3,7,-4
218000161,38,9,29
218000162,43,12,31
218000163,10,4,6
218000164,57,14,43
218000165,113,57,56
218000170,0,73,-73
218000171,106,19,87
218000172,56,20,36
218000173,77,16,61
218000174,68,18,50
218000176,158,50,108
218000177,353,338,15
218000178,69,385,-316
218000179,72,210,-138
218000180,85,82,3
218000181,210,110,100
218000187,20,14,6
218000188,109,83,26
218000189,38,96,-58
218000190,14,26,-12
218000191,139,116,23
218000192,255,592,-337
218000193,568,847,-279
218000194,167,782,-615
218000195,209,150,59
218000196,397,526,-129
218000197,314,611,-297
218000198,14,271,-257
218000199,104,51,53
218000200,133,83,50
218000201,19,6,13
218000202,369,517,-148
218000207,16,129,-113
218000208,95,90,5
218000211,135,12,123
218000212,0,16,-16
218000213,204,89,115
218000214,8,41,-33
218000215,68,128,-60
218000217,22,236,-214
218000218,368,248,120
218000219,232,47,185
218000220,656,477,179
218000221,4966,370,4596
218000222,119,47,72
218000223,52,362,-310
218000224,11,240,-229
218000225,257,42,215
218000226,141,125,16
218000230,0,8,-8
218000232,61,194,-133
218000239,235,12,223
218000240,30,9,21
218000241,52,6,46
218000242,251,1,250
218000243,143,3,140
218000244,36,3,33
218000245,72,3,69
218000246,0,1,-1
218000247,0,0,0
218000248,0,23,-23
218000249,2,4,-2
218000250,10,25,-15
218000251,1,9,-8
218000252,5,23,-18
218000253,6,34,-28
218000254,1,25,-24
218000255,1,38,-37
218000256,12,48,-36
218000267,1223,1895,-672
218000268,19,106,-87
218000269,5,25,-20
218000270,86,113,-27
218000271,33,124,-91
218000273,15,22,-7
218000274,22,21,1
218000275,22,103,-81
218000276,10,90,-80
218000278,29,52,-23
218000279,92,117,-25
218000280,2,67,-65
218000281,36,9,27
218000282,1042,568,474
218000284,169,49,120
218000301,170,190,-20
218000302,181,72,109
218000303,102,153,-51
218000316,904,2372,-1468
218000317,1107,2396,-1289
218000318,571,1651,-1080
218000319,1521,2754,-1233
218000320,1085,1386,-301
218000338,219,26,193
218000345,294,77,217
218000346,145,360,-215
218000459,57,474,-417
218000490,163,80,83
218000501,91,96,-5
218000502,60,159,-99
218000503,134,33,101
218000504,258,40,218
218000505,92,265,-173
218000506,55,349,-294
218000508,3,5,-2
218000510,260,22,238
218000520,283,141,142
218000521,23,148,-125
218000522,1,245,-244
218000523,313,4,309
218000524,78,237,-159
218000525,215,14,201
218000526,67,171,-104
218000529,71,508,-437
218000530,10,3,7
218000531,7,58,-51
218000532,31,26,5
218000534,238,25,213
218000537,90,91,-1
218000538,333,297,36
218000540,854,78,776
218000543,223,92,131
218000544,113,150,-37
218000545,82,100,-18
218000546,118,175,-57
218000547,118,168,-50
218000548,211,303,-92
218000549,535,285,250
218000550,245,622,-377
218000551,290,782,-492
218000552,730,43,687
218000553,95,106,-11
218000554,85,37,48
218000555,27,88,-61
218000556,156,528,-372
218000557,323,332,-9
218000558,171,0,171
218000559,0,35,-35
218000560,0,14,-14
218000561,31,0,31
218000562,52,262,-210
218000563,318,34,284
218000564,44,159,-115
218000565,292,47,245
218000566,531,47,484
218000567,3,82,-79
218000568,29,3,26
218000569,13,197,-184
218000570,189,16,173
218000571,0,182,-182
218000572,221,12,209
218000573,15,109,-94
218000574,99,84,15
218000575,188,0,188
218000576,0,78,-78
218000577,491,3,488
218000578,0,75,-75
218000579,246,36,210
218000581,6,112,-106
218000582,89,6,83
218000583,27,0,27
218000584,1,26,-25
218000585,113,2,111
218000586,20,59,-39
218000587,4,0,4
218000588,1,4,-3
218000589,0,8,-8
218000590,10,2,8
218000591,0,8,-8
218000592,0,1,-1
218000593,0,0,0
218000594,0,0,0
218000595,0,0,0
218000596,0,0,0
218000597,0,0,0
218000598,0,0,0
218000599,1,0,1
218000600,7,6,1
218000601,0,0,0
218000602,0,7,-7
218000603,1,12,-11
218000604,21,2,19
218000605,0,44,-44
218000606,128,2,126
218000607,12,70,-58
218000608,104,41,63
218000609,4,37,-33
218000610,247,5,242
218000611,127,5,122
218000612,2,53,-51
218000613,65,6,59
218000614,22,47,-25
218000615,351,2,349
218000616,12,159,-147
218000617,64,1,63
218000618,0,21,-21
218000619,93,56,37
218000620,16,30,-14
218000621,0,8,-8
218000622,0,24,-24
218000623,70,1,69
218000624,14,46,-32
218000625,29,3,26
218000626,1,11,-10
218000628,171,72,99
218000631,54,38,16
218000632,0,157,-157
218000633,129,1,128
218000634,2,20,-18
218000635,15,22,-7
218000636,1344,2953,-1609
218000637,1098,1119,-21
218000638,152,100,52
218000639,24,320,-296
218000640,285,48,237
218000641,120,573,-453
218000652,87,169,-82
218000653,235,135,100
218000663,11,225,-214
218000675,94,86,8
218000676,8,59,-51
218000677,11,13,-2
218000680,329,869,-540
218000681,442,343,99
218000691,164,594,-430
218000693,217,327,-110
218000703,19,110,-91
218000718,1186,943,243
218000719,1882,449,1433
218000720,35,124,-89
218000721,212,30,182
218000725,15,6,9
218001214,43,72,-29
218001258,117,30,87
218001329,214,220,-6
218001330,172,136,36
218001351,72,21,51
218001352,45,25,20
218001353,25,17,8
218001354,3,28,-25
218001356,326,12,314
218001358,219,9,210
218001361,204,177,27
219000001,46,83,-37
219000002,76,89,-13
219000003,49,31,18
219000004,77,59,18
219000017,687,45,642
219000020,173,111,62
219000022,241,6,235
219000023,192,1,191
219000029,0,144,-144
219000034,121,17,104
219000039,81,71,10
219000040,115,57,58
219000041,245,50,195
219000051,0,52,-52
219000052,0,32,-32
219000053,4,282,-278
219000054,47,269,-222
219000055,210,3,207
219000056,134,3,131
219000057,272,0,272
219000062,25,298,-273
219000063,109,16,93
219000064,2,80,-78
219000110,409,81,328
219000111,146,45,101
219000112,265,91,174
219000113,171,109,62
219000114,405,176,229
219000116,105,57,48
219000117,178,80,98
219000118,165,95,70
219000123,358,158,200
219000124,165,110,55
219000125,10,22,-12
219000126,106,151,-45
219000127,2,13,-11
219000128,17,138,-121
219000129,39,230,-191
219000130,1148,1114,34
219000131,1287,1218,69
219000133,85,55,30
219000134,2,18,-16
219000135,82,47,35
219000136,163,233,-70
219000138,88,27,61
219000139,32,96,-64
219000140,75,7,68
219000141,15,205,-190
219000142,30,214,-184
219000143,12,186,-174
219000145,17,102,-85
219000146,8,63,-55
219000147,2,102,-100
219000148,10,113,-103
219000149,17,199,-182
219000150,2,210,-208
219000151,7,111,-104
219000157,259,200,59
219000158,193,449,-256
219000161,310,22,288
219000163,2662,658,2004
219000166,222,287,-65
219000167,157,367,-210
219000168,435,188,247
219000174,559,171,388
219000175,109,5,104
219000176,58,11,47
219000177,30,5,25
219000178,26,6,20
219000179,24,13,11
219000180,66,45,21
219000182,134,26,108
219000183,72,52,20
219000184,118,16,102
219000185,0,139,-139
219000186,35,116,-81
219000187,28,199,-171
219000189,230,269,-39
219000190,240,396,-156
219000191,2358,2018,340
219000192,224,164,60
219000193,706,206,500
219000195,1,116,-115
219000196,5,263,-258
219000198,21,246,-225
219000199,177,455,-278
219000200,94,377,-283
219000201,154,397,-243
219000203,51,232,-181
219000204,247,253,-6
219000205,59,262,-203
219000207,295,462,-167
219000209,23,176,-153
219000210,374,182,192
219000213,11,490,-479
219000239,291,445,-154
219000240,320,618,-298
219000241,160,417,-257
219000242,171,305,-134
219000243,156,539,-383
219000244,46,148,-102
219000245,40,92,-52
219000246,113,27,86
219000247,137,52,85
219000248,971,502,469
219000249,242,118,124
219000250,237,161,76
219000251,897,335,562
219000252,351,187,164
219000253,406,81,325
219000255,150,147,3
219000256,210,148,62
219000257,296,5,291
219000262,125,328,-203
219000263,55,343,-288
219000267,8,224,-216
219000268,10,8,2
219000269,32,7,25
219000270,30,2,28
219000271,168,27,141
219000278,0,15,-15
219000279,1,5,-4
219000283,0,17,-17
219000295,13,199,-186
219000296,129,749,-620
219000297,18,237,-219
219000298,15,290,-275
219000299,562,206,356
219000300,32,400,-368
219000301,277,577,-300
219000302,46,415,-369
219000307,53,84,-31
219000308,56,47,9
219000311,315,80,235
219000312,708,109,599
219000313,396,64,332
219000314,119,993,-874
219000315,281,73,208
219000316,640,91,549
219000317,121,43,78
219000320,2,60,-58
219000321,0,21,-21
219000323,11,161,-150
219000325,3,39,-36
219000326,80,163,-83
219000327,132,57,75
219000328,58,80,-22
219000329,368,192,176
219000330,46,51,-5
219000331,74,67,7
219000332,103,177,-74
219000333,16,6,10
219000335,130,12,118
219000337,47,0,47
219000338,166,1,165
219000344,47,100,-53
219000345,82,168,-86
219000346,86,247,-161
219000348,227,229,-2
219000349,52,335,-283
219000350,102,217,-115
219000351,14,3,11
219000352,449,103,346
219000353,156,90,66
219000354,129,222,-93
219000355,187,69,118
219000356,2987,1342,1645
219000363,407,68,339
219000364,108,53,55
219000365,163,41,122
219000366,342,637,-295
219000368,856,632,224
219000370,1990,517,1473
219000371,40,37,3
219000382,9,28,-19
219000383,1149,1309,-160
219000385,865,807,58
219000386,1339,2382,-1043
219000387,25,6,19
219000390,25,33,-8
219000391,10,1,9
219000397,126,105,21
219000398,78,61,17
219000401,11,184,-173
219000402,38,159,-121
219000403,159,293,-134
219000404,32,165,-133
219000407,4,67,-63
219000409,68,72,-4
219000410,138,56,82
219000411,127,19,108
219000446,272,629,-357
219000447,0,29,-29
219000448,14,34,-20
219000452,166,95,71
219000453,142,201,-59
219000454,649,295,354
219000556,314,124,190
219000558,302,372,-70
219000590,63,339,-276
219000591,95,156,-61
219000592,237,666,-429
219000595,7,44,-37
219000635,116,93,23
219000636,30,159,-129
219000657,38,34,4
219000658,42,112,-70
219000673,0,25,-25
219000676,310,7,303
219000679,131,7,124
219000684,245,5,240
219000685,2,108,-106
219000686,0,5,-5
219000688,1,153,-152
219000689,34,480,-446
219000690,316,49,267
219000691,96,272,-176
219000692,239,45,194
219000693,0,37,-37
219000694,6,2,4
219000695,21,9,12
219000698,75,0,75
219000699,0,16,-16
219000727,1,231,-230
219000728,128,15,113
219000770,95,1,94
219000771,0,52,-52
219000788,516,270,246
219001150,2,34,-32
219001151,3,7,-4
219001166,54,15,39
219001167,5,137,-132
219001178,45,0,45
220000001,176,131,45
220000002,33,299,-266
220000003,1049,427,622
220000004,1847,893,954
220000005,2757,2937,-180
220000006,296,1438,-1142
220000007,514,921,-407
220000008,594,1623,-1029
220000009,505,882,-377
220000010,332,316,16
220000011,1516,5784,-4268
220000012,146,1081,-935
220000014,186,75,111
220000015,179,302,-123
220000017,82,736,-654
220000018,11546,4861,6685
220000019,252,531,-279
220000020,886,482,404
220000021,819,355,464
220000022,764,783,-19
220000023,321,294,27
220000024,3060,499,2561
220000025,2261,1685,576
220000026,408,414,-6
220000027,34,224,-190
220000028,59,70,-11
220000029,110,527,-417
220000030,247,144,103
220000031,682,600,82
220000064,52,1240,-1188
221000046,12,2,10
221000047,0,9,-9
221000048,0,4,-4
221000049,0,21,-21
221000050,20,0,20
221000055,85,89,-4
221000057,72,17,55
221000068,531,180,351
221000069,462,93,369
221000070,297,42,255
221000071,98,13,85
221000072,432,27,405
221000073,232,84,148
221000074,1,43,-42
221000075,67,35,32
221000076,9,42,-33
221000077,68,149,-81
221000081,63,11,52
221000082,67,8,59
221000083,84,17,67
221000084,8,12,-4
221000085,14,102,-88
221000086,22,201,-179
221000087,5,292,-287
221000088,19,302,-283
221000089,42,511,-469
221000090,183,782,-599
221000098,146,15,131
221000099,200,13,187
221000100,118,8,110
221000101,210,13,197
221000102,191,19,172
221000109,19,142,-123
221000110,13,155,-142
221000111,21,283,-262
221000112,3,256,-253
221000113,15,266,-251
221000114,16,285,-269
221000120,46,57,-11
221000121,3,67,-64
221000122,107,28,79
221000123,15,32,-17
221000124,87,444,-357
221000155,140,18,122
221000156,84,52,32
221000175,3,14,-11
221000176,2,1,1
221000182,79,12,67
221000241,801,378,423
221000242,231,683,-452
221000243,734,230,504
221000244,365,801,-436
221000245,185,143,42
221000246,58,448,-390
221000247,186,155,31
221000248,234,247,-13
221000267,127,1230,-1103
221000325,81,75,6
221000331,43,233,-190
221000338,133,38,95
221000378,253,43,210
221000381,97,89,8
222000282,28,3,25
222000296,7,57,-50
222000568,433,14,419
222000569,205,34,171
222000570,185,26,159
222000571,530,25,505
222000577,18,339,-321
222000578,44,293,-249
222000579,52,219,-167
222000580,137,1496,-1359
222000599,0,200,-200
222000600,3,496,-493
222000601,21,1633,-1612
222000603,32,59,-27
222000604,25,43,-18
222000605,55,27,28
222000606,7,12,-5
222000607,18,7,11
222000608,71,16,55
222000609,84,402,-318
222000616,294,70,224
222000617,20,22,-2
222000618,11,7,4
222000620,90,20,70
222000621,123,15,108
222000623,747,4,743
222000624,366,5,361
222000625,580,86,494
222000636,131,3,128
222000686,77,15,62
222000687,59,37,22
222001066,559,0,559
222001067,16,7,9
222001068,52,80,-28
222001069,20,97,-77
222001082,35,62,-27
222001083,11,108,-97
222001084,3,42,-39
222001085,0,291,-291
222001111,61,313,-252
222001112,137,85,52
222001313,90,2,88
222001314,19,220,-201
222001464,155,106,49
222001465,82,182,-100
222001484,131,87,44
222001485,14,60,-46
222001494,365,273,92
222001495,193,439,-246
222001496,323,173,150
222001497,137,811,-674
222001502,27,128,-101
222001503,123,106,17
222001504,36,322,-286
222001505,406,40,366
222001506,28,342,-314
222001507,387,32,355
222001510,441,45,396
222001511,49,627,-578
222001514,768,307,461
222001515,356,990,-634
222001518,230,109,121
222001519,45,476,-431
222001527,413,99,314
222001528,80,241,-161
222001529,238,74,164
222001530,54,321,-267
222001533,159,471,-312
222001534,315,127,188
222001535,199,255,-56
222001536,145,493,-348
222001537,348,73,275
222001538,89,890,-801
222001563,556,126,430
222001564,57,1068,-1011
222001568,513,146,367
222001576,1,2,-1
222001579,0,15,-15
222001583,89,345,-256
222001584,171,17,154
222001596,1085,2354,-1269
222001597,2454,456,1998
222001626,2,334,-332
222001650,137,155,-18
222001651,144,272,-128
222001914,223,118,105
222001915,59,357,-298
222001968,526,257,269
222001969,637,1142,-505
222001970,375,438,-63
222001971,18,72,-54
222001972,0,29,-29
225000001,719,305,414
225000002,663,291,372
225000003,698,223,475
225000004,357,646,-289
225000005,55,139,-84
225000006,0,285,-285
225000007,4996,2241,2755
225000010,461,14,447
225000011,909,2326,-1417
225000012,272,955,-683
225000013,347,301,46
225000014,2631,153,2478
225000015,143,405,-262
225000021,1182,425,757
225000027,427,867,-440
225000032,997,302,695
225000042,120,1275,-1155
225000049,67,91,-24
225000050,104,31,73
225000053,10,772,-762
225000058,1175,207,968
225000067,308,302,6
225000068,164,796,-632
225000069,158,904,-746
225000070,128,791,-663
225000071,59,467,-408
225000075,53,1771,-1718
225000076,164,242,-78
225000078,266,113,153
225000085,71,202,-131
225000086,835,101,734
225000087,385,95,290
225000088,6,306,-300
225000089,526,1432,-906
225000090,41,662,-621
225000091,214,382,-168
225000092,50,112,-62
225000093,250,629,-379
225000094,13,689,-676
225000095,458,865,-407
225000096,490,859,-369
225000098,883,310,573
225000099,450,244,206
225000100,328,212,116
225000104,201,680,-479
225000110,18,792,-774
225000111,495,2131,-1636
225000112,980,1874,-894
225000113,362,980,-618
225000114,148,536,-388
225000115,3722,1012,2710
225000116,1510,336,1174
225000117,1460,741,719
225000118,1463,613,850
225000119,284,172,112
225000120,978,134,844
225000121,365,58,307
225000123,3152,37,3115
225000125,627,529,98
225000126,2100,463,1637
225000127,1456,1506,-50
225000128,545,1134,-589
225000132,281,63,218
225000133,489,50,439
225000134,844,174,670
225000135,69,18,51
225000136,296,42,254
225000137,213,102,111
225000138,543,94,449
225000143,178,355,-177
225000144,10,608,-598
225000145,85,123,-38
225000146,58,238,-180
225000147,38,572,-534
225000148,15,445,-430
225000149,126,813,-687
225000151,47,538,-491
225000155,452,868,-416
225000156,658,1698,-1040
225000157,502,616,-114
225000158,203,610,-407
225000171,1,245,-244
225000180,100,56,44
225000181,0,120,-120
225000182,100,11,89
225000185,13,584,-571
225000187,58,749,-691
225000191,177,5,172
225000194,0,12,-12
225000208,1,88,-87
225000209,109,37,72
225000210,3,574,-571
225000217,1,30,-29
225000218,26,1,25
225000223,1,107,-106
225000224,297,2,295
225000225,6,82,-76
225000226,442,2,440
225000227,115,171,-56
225000228,17,13,4
225000229,1,163,-162
225000230,74,1,73
225000231,0,154,-154
225000232,132,0,132
225000241,162,2,160
225000242,0,64,-64
225000249,8,0,8
225000250,49,1488,-1439
225000251,474,51,423
225000254,55,1,54
225000256,74,100,-26
225000257,1,519,-518
226000042,870,863,7
226000043,116,447,-331
226000044,480,1132,-652
226000045,123,727,-604
226000046,702,131,571
226000047,735,160,575
226000048,648,146,502
226000049,657,280,377
226000070,0,200,-200
226000071,0,154,-154
226000072,0,42,-42
226000073,10,35,-25
226000074,0,43,-43
226000084,1,80,-79
226000085,10,9,1
226000086,4,21,-17
226000087,0,32,-32
226000088,138,67,71
226000090,576,115,461
226000091,51,25,26
226000092,3,16,-13
226000093,56,2,54
226000094,75,4,71
226000095,56,2,54
226000105,47,5,42
226000106,40,0,40
226000107,31,1,30
226000108,102,0,102
226000109,111,1,110
226000124,407,146,261
226000134,559,829,-270
226000135,1431,1233,198
226000136,511,793,-282
226000137,9,832,-823
226000138,29,518,-489
226000139,2,26,-24
226000156,191,4,187
226000157,252,11,241
226000163,149,112,37
226000202,10,960,-950
226000231,344,13,331
226000232,143,20,123
227000033,306,93,213
227000036,289,54,235
227000037,198,43,155
227000038,290,55,235
227000084,1,84,-83
227000085,2,56,-54
227000088,213,13,200
227000089,179,3,176
227000090,195,2,193
227000091,21,0,21
227000092,64,0,64
227000093,208,0,208
227000094,20,1,19
227000130,29,133,-104
227000131,44,392,-348
227000132,15,331,-316
227000133,21,341,-320
227000134,18,612,-594
227000152,1,6,-5
227000153,1,45,-44
227000154,0,22,-22
227000155,1,24,-23
227000156,0,25,-25
227000165,11,35,-24
227000196,377,460,-83
227000199,316,1095,-779
227000230,33,935,-902
227000232,521,49,472
227000242,61,652,-591
227000243,638,96,542
227000245,24,568,-544
227000246,133,812,-679
227000247,409,127,282
227000248,188,34,154
227000249,47,328,-281
227000250,821,189,632
227000251,301,288,13
227000252,30,543,-513
227000253,110,38,72
227000262,259,49,210
227000266,983,28,955
227000267,67,3682,-3615
227000282,4,463,-459
227000284,421,47,374
227000286,2,186,-184
227000287,3,203,-200
227000291,13,1080,-1067
227000296,473,586,-113
227000484,512,26,486
227000485,32,1508,-1476
227000655,116,48,68
227000656,647,63,584
227000657,74,52,22
227000661,571,27,544
229000265,46,95,-49
229000296,5,62,-57
229000297,14,102,-88
229000298,24,407,-383
229000320,23,4,19
229000321,39,11,28
229000412,59,107,-48
229000414,12,106,-94
229000415,18,0,18
229000416,0,3,-3
229000417,8,23,-15
229000419,182,576,-394
229000440,425,114,311
229000442,12,12,0
229000443,2,17,-15
229000444,1,53,-52
229000445,96,16,80
229000446,145,22,123
229000491,1,36,-35
229000492,12,172,-160
229000493,11,174,-163
229000494,28,1,27
229000495,140,8,132
229000496,82,16,66
229000507,1,130,-129
229000508,0,49,-49
229000509,0,75,-75
229000510,6,63,-57
229000511,4,96,-92
229000512,1,64,-63
229000513,0,12,-12
229000514,1,5,-4
229000517,5,24,-19
229000518,19,55,-36
229000519,2,14,-12
229000520,4,42,-38
229000521,42,33,9
229000522,10,13,-3
229000523,19,9,10
229000524,2,5,-3
229000527,7,0,7
229000528,0,0,0
229000529,11,0,11
229000530,89,2,87
229000531,80,4,76
229000532,64,2,62
229000533,124,1,123
229000534,102,2,100
229000564,37,0,37
229000565,7,0,7
229000566,0,19,-19
229000567,1,72,-71
229000582,139,1,138
229000583,17,4,13
229000584,0,49,-49
229000585,7,120,-113
229000718,0,1,-1
229000719,0,2,-2
229000720,0,17,-17
229000721,0,6,-6
229000722,0,29,-29
229000723,0,19,-19
229000724,0,2,-2
229000725,0,7,-7
229000738,2,0,2
229000739,1,0,1
229000740,0,0,0
229000741,15,0,15
229000742,5,0,5
229000743,34,0,34
229000744,3,0,3
229000745,2,0,2
229000746,64,0,64
229000847,43,0,43
229000848,24,0,24
229000849,146,0,146
229000851,30,0,30
229000854,0,62,-62
229000856,11,220,-209
229000857,0,75,-75
229000858,0,169,-169
229000919,27,120,-93
229000930,5,335,-330
229000937,78,14,64
229000966,48,33,15
229000981,20,69,-49
229000985,21,91,-70
229000986,3,15,-12
229000987,1,4,-3
229000988,5,6,-1
229000989,39,46,-7
229000990,0,4,-4
229000991,5,3,2
229000992,9,19,-10
229000993,408,24,384
229000998,8,166,-158
229000999,121,17,104
229001034,1,19,-18
229001035,20,3,17
229001037,76,10,66
229001042,14,42,-28
229001047,16,145,-129
229001050,48,135,-87
229001168,0,13,-13
229001200,8,6,2
229001338,10,37,-27
229001394,258,6,252
229001422,146,39,107
229001423,48,216,-168
229001431,77,54,23
229001432,72,105,-33
229001444,159,108,51
229001445,90,428,-338
229001479,7,5,2
229001503,218,166,52
229001504,142,288,-146
229001505,93,73,20
229001506,60,274,-214
229001509,92,64,28
229001545,85,2,83
229001546,9,98,-89
229001553,90,18,72
229001554,30,144,-114
229001630,149,19,130
229001631,7,111,-104
229001635,0,9,-9
229001636,3,7,-4
229001658,1,142,-141
229001659,72,7,65
229001660,0,1,-1
229001661,3,39,-36
229001662,45,1,44
229001663,0,22,-22
229002584,322,351,-29
229002831,427,278,149
229002841,39,31,8
229002842,28,39,-11
229002843,122,54,68
229002844,236,101,135
229002845,29,80,-51
229002846,41,41,0
229002847,57,24,33
229002848,71,28,43
229002849,36,107,-71
229002850,8,0,8
229002851,139,160,-21
229002852,213,28,185
229002853,235,26,209
229002854,159,42,117
229002855,14,33,-19
229002856,83,36,47
229002857,5,39,-34
229002858,15,25,-10
229002859,159,20,139
229002860,224,11,213
229002861,108,72,36
229002862,108,200,-92
229002863,28,30,-2
229002864,22,59,-37
229002865,15,23,-8
229002866,25,22,3
229002867,9,50,-41
229002868,31,12,19
229002869,35,251,-216
229002870,86,22,64
235000066,637,121,516
235000067,243,182,61
235000072,27,80,-53
235000073,98,515,-417
235000074,39,119,-80
235000080,80,154,-74
235000081,147,191,-44
235000082,133,175,-42
235000083,159,206,-47
235000084,72,97,-25
235000085,69,109,-40
235000089,43,63,-20
235000092,15,217,-202
235000093,16,8,8
235000097,4,8,-4
235000098,39,24,15
235000099,64,40,24
235000116,95,36,59
235000117,1422,45,1377
235000133,13,470,-457
235000134,21,209,-188
235000206,28,6,22
235000207,5,3,2
235000208,6,0,6
235000209,15,0,15
235000210,9,2,7
235000212,7,46,-39
235000213,0,15,-15
235000220,3,5,-2
235000221,180,14,166
235000238,27,66,-39
235000239,4,4,0
235000242,419,580,-161
235000245,1099,244,855
235000246,28,109,-81
235000284,18,121,-103
235000295,126,50,76
235000305,287,42,245
235000306,176,15,161
235000307,24,12,12
235000308,69,0,69
235000309,84,0,84
235000310,142,1,141
235000311,357,7,350
235000322,0,66,-66
235000323,0,68,-68
235000324,0,20,-20
235000325,0,10,-10
235000326,15,298,-283
235000351,5,75,-70
235000352,26,60,-34
235000353,2,23,-21
235000354,2,36,-34
235000355,21,94,-73
235000356,140,16,124
235000357,54,9,45
235000358,54,14,40
235000359,8,9,-1
235000360,134,36,98
235000361,97,7,90
235000381,97,416,-319
235000382,144,86,58
235000390,22,5,17
235000391,110,22,88
235000392,134,218,-84
235000393,89,164,-75
235000395,96,54,42
235000396,419,140,279
235000400,341,38,303
235000401,179,234,-55
235000405,129,426,-297
235000406,95,390,-295
235000407,92,194,-102
235000409,224,265,-41
235000410,77,397,-320
235000411,0,109,-109
235000485,0,5,-5
235000486,7,0,7
235000549,85,234,-149
235000550,74,315,-241
235000599,98,114,-16
235000600,19,17,2
235000601,36,85,-49
235000602,108,245,-137
235000614,4,3,1
235000648,1,33,-32
235000649,60,15,45
235000685,1,5,-4
235000815,14,22,-8
235000834,0,23,-23
235000855,38,92,-54
235000862,69,293,-224
235000891,0,11,-11
235000892,84,4,80
235000901,119,176,-57
235000907,8,17,-9
235001010,61,195,-134
235001029,811,707,104
235001030,427,311,116
235001078,100,144,-44
235001079,130,204,-74
235001147,15,110,-95
235001166,21,136,-115
235001167,27,109,-82
235001169,24,370,-346
235001188,2,13,-11
235001189,0,0,0
235001197,41,16,25
235001200,72,56,16
235001207,182,28,154
235001210,81,168,-87
235001215,68,201,-133
235001239,2,60,-58
235001244,1,4,-3
235016267,0,16,-16
277101746,0,1,-1
277102712,72,60,12
277103813,0,0,0
277103814,0,0,0
277103898,0,3,-3
277104249,0,6,-6
277104250,0,25,-25
277104251,0,19,-19
277104252,0,10,-10
990011530,0,337,-337
990014944,1,748,-747
990015176,53,11,42
990015618,2,186,-184
990016032,1,1026,-1025
990032570,4,445,-441
990070001,103,1,102
990070103,0,2,-2
990070601,2,131,-129
990070751,496,3,493
990070766,3,903,-900
990071180,1078,361,717
990071343,79,1,78
990071387,0,8,-8
990071823,828,7,821
990072600,3,1058,-1055
990072964,3,871,-868
990073285,0,3,-3
990074393,4,1764,-1760
990074870,1183,8,1175
990075106,1239,17,1222
990075746,512,15,497
990076437,1124,8,1116
990076458,1,1523,-1522
997000007,450,6,444
997000041,0,201,-201
997000058,58,1,57
997000062,207,0,207
997000069,0,4,-4
997000070,0,122,-122
997000100,83,59,24
997000141,23,4788,-4765
997000198,15,2610,-2595
998000475,5,36,-31
998000736,0,380,-380
998000965,0,35,-35
998001031,0,80,-80
998001700,0,49,-49
998001899,0,1,-1
998001900,5,1,4
998003073,3700,3,3697
998101900,0,0,0
998102850,9,131,-122
998501927,1112,623,489
998501929,141,2,139
998501930,75,0,75
998501931,169,34,135
998501932,12,1,11
998501933,132,6,126
998501937,51,6,45
998501944,10,0,10
998501970,89,15,74
998501971,0,121,-121
998501973,0,84,-84
998501974,1,401,-400
998501975,735,2,733
998501976,150,0,150
998501977,0,31,-31
998501978,47,0,47
998501979,0,19,-19
998501980,176,36,140
998501981,23,52,-29
998501982,0,189,-189
998501983,0,1,-1
998502006,0,1,-1
998502024,0,4,-4
998502032,0,4,-4
998502062,32,10,22
998502063,0,0,0
998502173,13,1,12
998502269,0,1,-1
998601159,7,239,-232
998601292,0,26,-26
999033574,7,1987,-1980
999800001,51,10,41
999800002,0,6,-6
999800003,2,1,1
999800004,0,3,-3
999800005,0,20,-20
