ID,insum,outsum,diff
100000001,1040,1024,16
100000002,5913,8428,-2515
100000003,5769,9338,-3569
100000004,437,1713,-1276
100000005,3583,7938,-4355
100000006,921,439,482
100000007,3914,1184,2730
100000008,255,768,-513
100000009,932,603,329
100000010,29,132,-103
100000011,664,141,523
100000012,39,1067,-1028
100000013,23,213,-190
100000014,756,575,181
100000015,1907,3011,-1104
100000016,595,2443,-1848
100000017,1046,2015,-969
100000018,1203,1296,-93
100000019,5114,4286,828
100000020,1907,9829,-7922
100000021,7295,2672,4623
100000022,1176,6040,-4864
100000023,6516,2631,3885
100000025,506,2893,-2387
100000028,651,2947,-2296
100000029,86,994,-908
100000030,97,117,-20
100000031,2942,9383,-6441
100000032,2718,5882,-3164
100000033,1552,4950,-3398
100000034,204,1950,-1746
100000035,1125,3205,-2080
100000036,1156,2851,-1695
100000037,1029,644,385
100000038,3576,1765,1811
100000039,436,935,-499
100000040,550,226,324
100000041,2099,929,1170
100000042,1439,634,805
100000043,959,702,257
100000044,252,1049,-797
100000045,442,1002,-560
100000046,507,848,-341
100000047,237,551,-314
100000048,422,841,-419
100000049,2128,1331,797
100000051,595,659,-64
100000053,125,12,113
100000054,443,52,391
100000055,704,340,364
100000056,518,961,-443
100000057,2789,888,1901
100000058,940,1066,-126
100000059,27,252,-225
100000060,769,384,385
100000061,2857,787,2070
100000062,2408,898,1510
100000063,1289,443,846
100000064,1904,860,1044
100000065,402,886,-484
100000066,253,614,-361
100000067,301,896,-595
100000068,466,1615,-1149
100000069,436,1307,-871
100000072,216,643,-427
100000073,1195,986,209
100000075,1051,244,807
100000076,1730,7552,-5822
100000077,152,669,-517
100000078,21,50,-29
100000079,60,60,0
100000080,12,85,-73
100000081,79,288,-209
100000102,4578,8932,-4354
100000103,1818,2931,-1113
100000104,4692,3984,708
100000105,1569,2914,-1345
100000106,1299,5814,-4515
100000107,138,2245,-2107
100000108,401,1297,-896
100000109,786,1998,-1212
100000116,454,878,-424
100000117,157,303,-146
100000118,594,1682,-1088
100000119,877,1333,-456
100000121,263,886,-623
100000122,653,2855,-2202
100000123,1558,4028,-2470
100000124,2673,5289,-2616
100000125,7427,3355,4072
100000126,585,1403,-818
100000127,1208,980,228
100000128,889,3782,-2893
100000129,459,1185,-726
100000130,831,301,530
100000131,1072,2690,-1618
100000132,1195,2897,-1702
100000133,2131,1654,477
100000135,934,1880,-946
100000139,155,672,-517
100000140,167,353,-186
100000142,762,747,15
100000143,2070,484,1586
100000144,2545,769,1776
100000147,1889,5202,-3313
100000150,105,608,-503
100000151,659,3002,-2343
100000153,168,850,-682
100000154,27,1068,-1041
100000155,21,59,-38
100000156,305,407,-102
100000157,698,362,336
100000158,270,313,-43
100000159,143,1627,-1484
100000165,647,833,-186
100000169,33,2185,-2152
100000174,266,1535,-1269
100000179,81,1131,-1050
100000180,1016,8254,-7238
100000181,566,557,9
100000188,118,553,-435
100000189,1226,987,239
100000190,559,2407,-1848
100000191,919,1239,-320
100000192,21,146,-125
100000193,258,229,29
100000330,833,1370,-537
100000355,239,1316,-1077
100000362,2426,1412,1014
100000363,8469,9479,-1010
100000364,98,407,-309
100000365,8238,13696,-5458
100000366,2023,1544,479
100000367,6420,9584,-3164
100000368,2567,1114,1453
100000369,880,3945,-3065
100000370,227,1489,-1262
100000376,57,362,-305
100000379,1091,4015,-2924
100000380,4065,10434,-6369
100000384,6728,10424,-3696
100000385,1422,6757,-5335
100000386,2775,10407,-7632
100000387,3723,9680,-5957
100000388,2219,7950,-5731
100000389,4624,10756,-6132
100000390,3916,6607,-2691
100000391,2965,13200,-10235
100000392,1049,3765,-2716
100000393,871,7871,-7000
100000394,3104,8442,-5338
100000395,1592,7128,-5536
100000396,2033,3472,-1439
100000397,2440,10021,-7581
100000398,7728,5414,2314
100900002,14,9,5
100900003,552,328,224
100900004,27,1583,-1556
100900005,156,38,118
100900006,64,57,7
100900007,252,12,240
100900008,16,523,-507
100900009,49,133,-84
100900010,91,23,68
100900011,223,124,99
100900012,0,59,-59
100900013,1358,14,1344
100900014,10,2,8
100900015,81,144,-63
100900016,0,42,-42
100900017,1535,104,1431
100900018,1,10,-9
100900019,59,99,-40
100900020,516,9,507
100900021,618,4,614
100900022,28,39,-11
100900023,1,66,-65
100900024,477,9,468
100900025,19,13,6
100900026,219,114,105
100900027,592,3653,-3061
100900028,204,609,-405
100900029,60,7,53
100900030,0,390,-390
100900031,1163,62,1101
100900032,599,2,597
100900033,205,731,-526
100900034,1499,4,1495
100900035,303,2,301
100900036,16,2,14
100900037,188,165,23
100900038,59,174,-115
100900039,294,300,-6
100900040,1011,358,653
100900041,1585,279,1306
100900042,929,2911,-1982
100900043,0,58,-58
100900044,1627,618,1009
100900045,10,4,6
100900046,1404,19,1385
100900047,958,265,693
100900048,175,75,100
100900049,105,97,8
100900050,9,18,-9
100900051,60,270,-210
100900052,369,31,338
100900053,1032,38,994
100900054,18,32,-14
100900055,250,1428,-1178
100900056,70,129,-59
100900057,3280,934,2346
100900058,179,231,-52
100900059,210,10,200
100900060,305,9,296
100900061,270,212,58
100900062,8,72,-64
100900063,451,1243,-792
100900064,784,28,756
100900065,76,230,-154
100900066,247,208,39
100900067,22,3,19
100900068,225,615,-390
100900069,255,6,249
100900070,706,19,687
100900071,346,142,204
100900072,1,41,-40
100900073,181,514,-333
100900074,10,26,-16
100900075,2067,294,1773
100900076,3,47,-44
100900077,74,16,58
100900078,99,303,-204
100900079,3,31,-28
100900080,124,171,-47
100900081,41,159,-118
100900082,276,140,136
100900083,19,29,-10
100900085,12,718,-706
100900086,69,509,-440
100900088,324,163,161
100900089,3,22,-19
100900090,186,1379,-1193
100900091,17,19,-2
100900092,136,230,-94
100900093,457,506,-49
100900094,300,159,141
100900095,17,55,-38
100900096,39,375,-336
100900097,4,3,1
100900098,27,20,7
100900099,43,546,-503
100900100,25,737,-712
100900101,419,60,359
100900102,79,234,-155
100900103,11,70,-59
100900104,3,242,-239
100900105,34,1157,-1123
100900106,28,3,25
100900107,3309,1296,2013
100900108,9,79,-70
100900109,16,54,-38
100900110,1,26,-25
100900111,31,300,-269
100900112,1,27,-26
100900113,31,46,-15
100900114,9,26,-17
100900115,32,31,1
100900116,1645,667,978
100900117,260,1651,-1391
100900118,71,162,-91
100900119,4,29,-25
100900120,49,2,47
100900121,659,474,185
100900122,91,158,-67
100900123,139,142,-3
100900124,3,13,-10
100900125,12,60,-48
100900126,438,195,243
100900127,10,1,9
100900128,144,721,-577
100900129,2,451,-449
100900131,41,250,-209
100900133,100,36,64
100900134,8,1,7
100900135,8,1323,-1315
100900137,327,273,54
100900138,425,514,-89
100900139,4,36,-32
100900140,22,265,-243
100900141,3,871,-868
100900142,0,11,-11
100900143,439,988,-549
100900144,23,17,6
100900145,116,553,-437
100900146,14,80,-66
100900147,22,1383,-1361
100900148,91,155,-64
100900149,13,362,-349
100900150,1,40,-39
100900151,133,645,-512
100900152,646,13,633
100900153,2,343,-341
100900154,29,369,-340
100900155,9,14,-5
100900156,30,2,28
100900157,30,2205,-2175
100900159,17,125,-108
100900160,28,35,-7
100900161,55,9,46
100900162,17,817,-800
100900163,136,84,52
100900164,95,46,49
100900165,19,60,-41
100900166,114,3,111
100900167,28,65,-37
100900168,25,355,-330
100900169,54,1018,-964
100900170,15,1,14
100900171,31,559,-528
100900172,0,54,-54
100900173,19,129,-110
100900174,48,11,37
100900176,2351,271,2080
100900177,515,316,199
100900178,260,335,-75
100900179,504,655,-151
100900180,3,1,2
100900181,178,88,90
100900182,149,44,105
100900184,32,197,-165
100900186,625,343,282
100900187,42,94,-52
100900188,46,49,-3
100900189,4571,386,4185
100900191,610,1727,-1117
100900192,112,685,-573
100900195,153,343,-190
100900197,33,68,-35
100900198,44,76,-32
100900199,10,15,-5
100900200,1378,415,963
100900201,181,1259,-1078
100900202,48,0,48
100900203,0,114,-114
100900204,182,1993,-1811
100900205,195,762,-567
100900206,304,236,68
100900207,415,238,177
100900210,97,334,-237
100900211,705,228,477
100900213,320,72,248
100900214,604,217,387
100900215,34,83,-49
100900217,102,223,-121
101000001,2027,2668,-641
101000002,8839,10653,-1814
101000003,420,1307,-887
101000004,7717,7434,283
101000005,5526,7042,-1516
101000006,6709,13036,-6327
101000007,4186,6704,-2518
101000008,1925,3758,-1833
101000009,3195,974,2221
101000010,1354,668,686
101000011,1604,353,1251
101000012,434,845,-411
101000013,779,1626,-847
101000014,406,462,-56
101000015,2239,1555,684
101000016,367,1000,-633
101000017,333,865,-532
101000018,1814,5649,-3835
101000020,2102,1044,1058
101000021,564,1273,-709
101000022,145,518,-373
101000023,1300,1411,-111
101000025,478,742,-264
101000026,349,31,318
101000027,2189,5713,-3524
101000028,1283,593,690
101000029,101,1653,-1552
101000030,974,278,696
101000031,201,1038,-837
101000032,2637,6235,-3598
101000033,1863,6165,-4302
101000034,862,3077,-2215
101000035,532,463,69
101000036,763,2178,-1415
101000037,1227,4017,-2790
101000039,2564,4868,-2304
101000040,3312,7688,-4376
101000041,2430,8835,-6405
101000042,133,1265,-1132
101000043,3998,10736,-6738
101000045,294,1162,-868
101000046,1064,3112,-2048
101000047,1136,6021,-4885
101000048,771,514,257
101000049,886,3146,-2260
101000050,1110,3029,-1919
101000051,833,3670,-2837
101000052,1602,2219,-617
101000053,573,1634,-1061
101000054,2095,1200,895
101000055,1207,2456,-1249
101000056,47,238,-191
101000057,972,2907,-1935
101000058,1021,2293,-1272
101000059,2552,3462,-910
101000060,2071,1817,254
101000061,510,2677,-2167
101000062,409,934,-525
101000063,302,2066,-1764
101000064,529,1283,-754
101000065,336,1222,-886
101000066,532,1731,-1199
101000067,374,1095,-721
101000068,103,518,-415
101000069,128,101,27
101000070,613,1165,-552
101000071,3022,1687,1335
101000072,783,3548,-2765
101000073,633,1597,-964
101000074,2484,4780,-2296
101000075,2020,4739,-2719
101000077,2334,2330,4
101000078,934,1460,-526
101000079,1066,1311,-245
101000080,1065,1456,-391
101000081,2226,1968,258
101000082,2283,2319,-36
101000083,4672,2917,1755
101000084,1187,811,376
101000085,1647,1397,250
101000086,1203,1524,-321
101000087,999,1273,-274
101000088,2309,1645,664
101000089,1279,2248,-969
101000090,1953,1031,922
101000091,753,718,35
101000092,2890,806,2084
101000093,1858,728,1130
101000094,1666,1272,394
101000095,719,639,80
101000096,845,416,429
101000097,463,1134,-671
101000098,478,932,-454
101000099,610,1683,-1073
101000100,876,1614,-738
101000101,257,778,-521
101000102,638,1203,-565
101000103,567,1176,-609
101000104,577,1447,-870
101000105,233,642,-409
101000106,236,1756,-1520
101000107,354,766,-412
101000108,608,148,460
101000109,993,215,778
101000110,38,196,-158
101000111,71,247,-176
101000113,171,1295,-1124
101000114,3062,11628,-8566
101000115,16,21,-5
101000116,33,47,-14
101000117,1271,218,1053
101000119,54,103,-49
101000120,72,126,-54
101000121,51,68,-17
101000122,108,135,-27
101000123,54,145,-91
101000124,812,671,141
101000125,145,211,-66
101000128,213,1360,-1147
101000130,201,263,-62
101000131,2049,382,1667
101000132,1234,1096,138
101000135,9,30,-21
101000136,167,274,-107
101000137,33,679,-646
101000141,699,5266,-4567
101000147,1542,414,1128
101000148,955,12,943
101000149,35,190,-155
101000150,177,305,-128
101000151,608,60,548
101000152,469,382,87
101000153,541,143,398
101000154,568,457,111
101000155,769,350,419
101000156,77,835,-758
101000157,109,98,11
101000160,13,24,-11
101000163,180,748,-568
101000164,436,156,280
101000165,595,620,-25
101000166,266,326,-60
101000168,1358,789,569
101000252,3034,1380,1654
101000254,62,78,-16
101000258,106,8,98
101000261,76,79,-3
101000262,1431,6631,-5200
101000263,340,1802,-1462
101000265,82,976,-894
101000266,394,418,-24
101000269,17,43,-26
101000290,537,4443,-3906
101000293,47,89,-42
101000294,876,772,104
101000295,295,260,35
101000301,302,642,-340
101000304,2777,4416,-1639
101000305,3025,1349,1676
101000328,47,494,-447
101900001,28,17,11
101900002,0,6,-6
101900003,37,231,-194
101900004,1,343,-342
101900005,1269,4977,-3708
101900006,2842,130,2712
101900007,870,294,576
101900008,56,302,-246
101900009,21,483,-462
101900010,548,1022,-474
101900011,74,1366,-1292
101900012,596,127,469
101900013,466,97,369
101900017,7,151,-144
101900018,902,431,471
101900019,26,223,-197
101900020,79,59,20
101900021,1,134,-133
101900022,293,559,-266
101900023,320,146,174
101900026,239,82,157
101900027,25,148,-123
102000001,4431,8769,-4338
102000002,3086,2422,664
102000003,2939,9681,-6742
102000004,4998,3806,1192
102000005,1464,4672,-3208
102000006,814,1860,-1046
102000007,2571,7173,-4602
102000008,5842,1986,3856
102000009,9451,12044,-2593
102000010,4722,3680,1042
102000011,5806,5820,-14
102000012,4280,3420,860
102000018,4150,4172,-22
102000019,3525,2505,1020
102000026,554,655,-101
102000029,370,343,27
102000030,229,557,-328
102000031,145,104,41
102000032,896,559,337
102000033,631,375,256
102000034,543,653,-110
102000035,2429,815,1614
102000036,29,351,-322
102000037,402,61,341
102000038,134,746,-612
102000039,78,346,-268
102000040,231,650,-419
102000041,55,1315,-1260
102000042,192,798,-606
102000043,62,725,-663
102000044,543,1556,-1013
102000045,858,1228,-370
102000046,1918,1182,736
102000047,1074,1103,-29
102000048,860,1048,-188
102000049,1202,1678,-476
102000050,1484,1649,-165
102000051,314,1312,-998
102000052,1499,1766,-267
102000053,1117,2136,-1019
102000054,1271,1421,-150
102000055,2308,329,1979
102000056,2165,364,1801
102000057,2163,634,1529
102000058,1354,863,491
102000059,1487,1524,-37
102000060,1165,973,192
102000061,3173,1846,1327
102000062,3038,1216,1822
102000063,1489,1552,-63
102000064,688,750,-62
102000065,66,185,-119
102000066,878,1125,-247
102000067,5967,4359,1608
102000068,14063,4670,9393
102000069,132,3974,-3842
102000070,2014,57,1957
102000071,8793,12508,-3715
102000072,3274,5493,-2219
102000073,802,999,-197
102000074,899,1753,-854
102000075,187,338,-151
102000076,432,278,154
102000077,1220,374,846
102000078,1933,282,1651
102000079,251,97,154
102000080,406,261,145
102000081,315,1045,-730
102000082,764,397,367
102000083,1436,304,1132
102000084,855,331,524
102000085,4076,1010,3066
102000086,2020,1165,855
102000087,1024,1588,-564
102000088,499,405,94
102000089,1878,518,1360
102000090,383,1928,-1545
102000091,1707,951,756
102000092,410,824,-414
102000093,874,529,345
102000094,714,606,108
102000095,815,1094,-279
102000096,563,634,-71
102000097,1107,609,498
102000098,435,949,-514
102000099,1032,1288,-256
102000100,201,2287,-2086
102000101,543,749,-206
102000102,1118,1817,-699
102000103,4102,472,3630
102000104,971,424,547
102000105,352,671,-319
102000106,1149,548,601
102000107,2747,319,2428
102000108,982,434,548
102000109,974,595,379
102000110,2361,828,1533
102000111,15,931,-916
102000112,292,194,98
102000113,48,55,-7
102000114,1579,497,1082
102000115,391,523,-132
102000116,305,903,-598
102000117,67,1411,-1344
102000118,1045,2399,-1354
102000119,1232,2285,-1053
102000120,412,888,-476
102000121,1263,511,752
102000122,877,1606,-729
102000123,1295,1174,121
102000124,1994,1961,33
102000125,620,932,-312
102000126,882,1123,-241
102000127,1761,799,962
102000128,1080,1319,-239
102000129,1996,536,1460
102000130,890,1188,-298
102000131,1412,1118,294
102000132,532,1497,-965
102000133,4356,2341,2015
102000134,1545,1041,504
102000135,1563,1099,464
102000136,2413,832,1581
102000137,556,1923,-1367
102000138,273,477,-204
102000139,87,1436,-1349
102000140,169,2113,-1944
102000141,342,3009,-2667
102000142,601,477,124
102000143,472,319,153
102000144,702,250,452
102000145,594,382,212
102000146,613,463,150
102000147,806,477,329
102000148,502,723,-221
102000149,492,186,306
102000150,944,121,823
102000151,239,180,59
102000152,348,169,179
102000153,1167,995,172
102000154,241,563,-322
102000155,59,956,-897
102000156,334,320,14
102000157,53,1475,-1422
102000158,379,579,-200
102000159,2016,1570,446
102000161,3162,2620,542
102000162,185,351,-166
102000163,122,486,-364
102000164,953,962,-9
102000165,350,327,23
102000166,50,206,-156
102000167,255,387,-132
102000168,319,234,85
102000169,121,840,-719
102000170,912,296,616
102000171,118,799,-681
102000172,30,954,-924
102000173,726,591,135
102000174,183,101,82
102000175,133,104,29
102000176,81,26,55
102000178,277,393,-116
102000179,584,211,373
102000180,1554,370,1184
102000181,1463,361,1102
102000182,973,643,330
102000183,2860,1273,1587
102000184,3154,779,2375
102000185,3998,1009,2989
102000186,2897,1281,1616
102000187,1761,1748,13
102000188,1852,1766,86
102000189,2798,721,2077
102000190,735,3034,-2299
102000191,1282,514,768
102000192,3050,2330,720
102000193,115,157,-42
102000194,77,259,-182
102000195,697,486,211
102000196,328,321,7
102000197,1306,287,1019
102000198,389,661,-272
102000199,1864,250,1614
102000200,467,720,-253
102000201,2199,505,1694
102000202,6,211,-205
102000203,785,149,636
102000204,863,695,168
102000205,2167,670,1497
102000206,896,496,400
102000207,1090,664,426
102000208,729,802,-73
102000209,143,127,16
102000210,844,513,331
102000211,765,233,532
102000212,650,15,635
102000213,7,152,-145
102000214,653,9,644
102000215,2,205,-203
102000216,160,132,28
102000217,10,72,-62
102000218,322,321,1
102000219,277,174,103
102000225,385,704,-319
102000226,228,471,-243
102000227,235,1,234
102000228,0,131,-131
102000229,88,78,10
102000230,412,425,-13
102000231,471,455,16
102000232,98,285,-187
102000233,1195,546,649
102000234,170,1395,-1225
102000236,331,149,182
102000237,610,540,70
102000238,367,481,-114
102000240,485,1278,-793
102000241,650,145,505
102000243,8,54,-46
102000245,12,122,-110
102000246,10,70,-60
102000247,243,448,-205
102000248,363,1078,-715
102000249,237,119,118
102000250,91,197,-106
102000254,290,241,49
102000266,9,1242,-1233
102000271,53,2,51
102000286,546,368,178
102000297,3142,1797,1345
102000299,0,0,0
102000301,0,0,0
102000303,0,0,0
102000305,0,0,0
102000307,0,7,-7
102900001,1510,697,813
102900002,402,74,328
102900003,107,178,-71
102900005,601,239,362
102900006,734,83,651
102900007,978,13,965
102900008,476,35,441
102900009,413,729,-316
102900010,167,1241,-1074
102900011,1099,754,345
102900012,596,133,463
102900013,74,43,31
102900015,898,671,227
102900016,153,55,98
102900017,476,237,239
102900018,104,80,24
102900019,600,725,-125
102900020,317,18,299
102900021,137,54,83
102900022,158,114,44
102900023,28,104,-76
102900024,96,56,40
102900025,148,134,14
102900026,548,2947,-2399
102900027,94,105,-11
102900028,303,1415,-1112
102900029,216,450,-234
102900030,661,515,146
102900031,405,160,245
102900032,219,61,158
102900033,230,228,2
102900034,1118,33,1085
102900035,263,249,14
102900036,548,298,250
102900037,422,313,109
102900038,639,255,384
102900039,30,938,-908
102900040,320,327,-7
102900041,122,120,2
102900042,516,196,320
102900043,459,151,308
102900044,774,1429,-655
102900045,322,403,-81
102900046,326,134,192
102900047,175,668,-493
102900048,731,281,450
102900049,101,464,-363
102900050,297,622,-325
102900051,242,253,-11
102900052,65,153,-88
102900053,387,564,-177
102900054,354,1914,-1560
102900055,301,492,-191
102900056,122,414,-292
102900057,4,117,-113
102900058,660,102,558
102900059,50,46,4
102900060,145,595,-450
102900061,297,473,-176
102900062,587,481,106
102900063,2443,432,2011
102900064,150,583,-433
102900065,934,305,629
102900066,473,18,455
102900068,67,159,-92
102900070,257,925,-668
102900072,12,51,-39
102900073,78,16,62
102900075,22,113,-91
102900076,74,229,-155
102900077,58,35,23
102900078,42,65,-23
102900079,343,7,336
102900080,593,24,569
102900081,83,266,-183
102900082,20,316,-296
102900083,219,26,193
102900084,15,99,-84
102900085,291,116,175
102900086,12,151,-139
102900087,251,251,0
102900088,54,49,5
102900089,302,219,83
102900090,0,255,-255
102900091,342,5,337
102900092,745,209,536
102900093,495,187,308
102900094,4,305,-301
102900095,150,1,149
102900096,117,23,94
102900097,132,110,22
103000001,2465,2931,-466
103000002,3055,3850,-795
103000003,3686,3424,262
103000004,837,837,0
103000005,2092,5122,-3030
103000006,1540,1857,-317
103000007,676,707,-31
103000008,1310,1044,266
103000009,2912,1625,1287
103000010,252,109,143
103000011,1234,1127,107
103000012,1516,2157,-641
103000013,2892,2202,690
103000014,1514,4608,-3094
103000015,1934,960,974
103000016,686,2314,-1628
103000017,342,795,-453
103000018,1075,297,778
103000019,452,806,-354
103000020,1628,1446,182
103000021,2267,3090,-823
103000022,1129,1097,32
103000023,1259,3423,-2164
103000024,88,79,9
103000025,176,1658,-1482
103000026,698,203,495
103000027,281,763,-482
103000028,283,364,-81
103000029,110,277,-167
103000030,1890,2265,-375
103000031,1107,3608,-2501
103000032,2430,1535,895
103000033,3637,3421,216
103000034,1190,1073,117
103000035,335,1483,-1148
103000036,271,313,-42
103000037,801,509,292
103000038,613,1287,-674
103000039,950,329,621
103000040,886,618,268
103000041,2662,1383,1279
103000042,2334,236,2098
103000043,1265,815,450
103000044,303,97,206
103000046,575,554,21
103000047,868,305,563
103000048,375,222,153
103000049,159,105,54
103000050,1029,246,783
103000051,906,459,447
103000052,986,237,749
103000053,336,456,-120
103000054,2516,930,1586
103000055,2570,1538,1032
103000056,1042,1033,9
103000057,1833,201,1632
103000058,939,601,338
103000059,1132,575,557
103000060,1121,330,791
103000061,771,855,-84
103000062,1080,364,716
103000063,1336,1126,210
103000064,160,137,23
103000065,7,235,-228
103000066,363,13,350
103000069,536,189,347
103000070,1070,541,529
103000071,2338,804,1534
103000072,193,484,-291
103000073,1478,149,1329
103000074,1198,130,1068
103000075,186,663,-477
103000076,491,1262,-771
103000077,35,433,-398
103000078,1389,2268,-879
103000079,678,1166,-488
103000080,669,615,54
103000081,329,1393,-1064
103000082,668,245,423
103000083,157,752,-595
103000084,148,11,137
103000085,3,238,-235
103000086,543,795,-252
103000087,238,743,-505
103000088,253,475,-222
103000089,342,1176,-834
103000090,6770,1576,5194
103000091,2210,612,1598
103000092,468,346,122
103000093,404,778,-374
103000094,452,204,248
103000095,173,335,-162
103000096,802,93,709
103000097,78,847,-769
103000098,775,127,648
103000099,144,749,-605
103000100,223,420,-197
103000101,2109,112,1997
103000102,180,382,-202
103000103,1031,129,902
103000104,138,69,69
103000105,353,78,275
103000106,17,205,-188
103000107,288,191,97
103000108,2182,1324,858
103000109,1017,850,167
103000110,1034,742,292
103000111,308,871,-563
103000112,321,621,-300
103000113,358,1499,-1141
103000114,1814,1438,376
103000115,1035,866,169
103000116,1116,452,664
103000117,771,516,255
103000118,419,448,-29
103000119,1117,398,719
103000120,102,280,-178
103000121,161,191,-30
103000122,319,365,-46
103000125,41,91,-50
103000126,936,1,935
103000127,17,149,-132
103000128,258,6,252
103000129,13,174,-161
103000130,164,55,109
103000131,206,170,36
103000132,93,172,-79
103000133,49,161,-112
103000134,288,1533,-1245
103000135,658,194,464
103000136,575,661,-86
103000137,558,925,-367
103000138,927,1040,-113
103000139,0,147,-147
103000140,209,52,157
103000141,73,219,-146
103000142,163,207,-44
103000143,117,216,-99
103000144,220,187,33
103000145,29,627,-598
103000150,122,45,77
103000152,212,376,-164
103000153,241,387,-146
103000156,30,122,-92
103000157,696,3,693
103000159,285,127,158
103000162,30,11,19
103000163,8,15,-7
103000164,6,2,4
103000165,87,162,-75
103000166,434,683,-249
103000167,298,253,45
103000168,276,149,127
103000169,253,887,-634
103000170,1438,261,1177
103000171,46,118,-72
103000172,1084,155,929
103000173,1314,175,1139
103000174,511,268,243
103000175,397,128,269
103000176,1237,1007,230
103000177,342,380,-38
103000178,101,290,-189
103000179,216,70,146
103000183,488,10,478
103000185,302,45,257
103000186,269,62,207
103000187,1467,124,1343
103000188,33,129,-96
103000189,936,680,256
103000191,633,743,-110
103000292,559,2628,-2069
103000293,1145,4684,-3539
103000295,102,145,-43
103000296,185,3,182
103000297,16,283,-267
103000504,69,20,49
103000505,0,48,-48
103000506,6,92,-86
103000507,347,2,345
103000508,180,93,87
103000509,294,677,-383
103900001,69,46,23
103900002,855,148,707
103900003,1173,263,910
103900004,208,1,207
103900005,16,73,-57
103900006,4,4,0
103900007,127,3,124
103900008,32,1,31
103900009,678,347,331
103900010,327,208,119
103900011,838,85,753
103900012,11,40,-29
103900013,120,25,95
103900014,115,21,94
103900015,158,7,151
103900016,256,108,148
103900017,109,78,31
103900018,379,139,240
103900019,82,466,-384
103900020,458,583,-125
103900021,114,79,35
103900022,860,708,152
103900023,313,1,312
103900024,108,304,-196
103900025,6,29,-23
103900026,29,0,29
103900027,587,324,263
103900028,117,477,-360
103900029,1610,210,1400
103900030,594,221,373
103900031,113,7,106
103900032,157,143,14
103900033,76,50,26
103900034,105,51,54
103900035,93,47,46
103900036,108,70,38
103900037,195,95,100
103900038,100,298,-198
103900039,257,73,184
103900040,20,89,-69
103900041,97,37,60
103900042,188,87,101
103900043,528,75,453
103900044,66,1043,-977
103900045,441,171,270
103900047,213,8,205
103900048,44,78,-34
103900049,127,1935,-1808
103900050,39,235,-196
103900051,0,66,-66
103900052,280,497,-217
103900053,445,182,263
103900054,296,186,110
103900055,735,261,474
103900056,168,58,110
103900057,216,63,153
103900058,670,220,450
103900059,0,50,-50
103900060,106,90,16
103900061,383,10,373
103900062,1133,339,794
103900063,4,0,4
103900064,390,3,387
103900065,314,326,-12
103900066,476,144,332
103900067,420,24,396
103900068,4,1,3
103900069,125,18,107
103900070,124,194,-70
103900071,32,46,-14
103900072,63,83,-20
103900073,43,71,-28
103900074,121,25,96
103900075,585,55,530
103900076,1127,233,894
103900077,56,348,-292
103900078,548,59,489
103900079,150,248,-98
103900080,2,47,-45
103900081,10,27,-17
103900082,58,172,-114
103900083,1321,2597,-1276
103900084,71,316,-245
103900085,82,104,-22
103900086,1737,397,1340
103900088,442,640,-198
103900089,72,206,-134
103900090,3,56,-53
103900091,923,159,764
103900092,946,1009,-63
103900093,75,324,-249
103900094,26,50,-24
103900095,332,388,-56
103900096,163,111,52
103900097,28,391,-363
103900098,623,148,475
103900099,301,42,259
103900100,550,136,414
103900101,202,992,-790
103900102,1,34,-33
103900104,1,18,-17
103900105,21,90,-69
103900106,1,194,-193
103900107,339,37,302
103900108,85,143,-58
103900109,306,17,289
103900110,444,52,392
103900111,197,200,-3
103900112,64,186,-122
103900113,141,341,-200
103900114,993,299,694
103900115,261,326,-65
103900116,1935,3471,-1536
103900117,116,29,87
103900119,30,164,-134
103900120,122,58,64
103900122,381,58,323
103900123,493,1079,-586
103900124,77,217,-140
103900125,212,89,123
103900126,972,144,828
103900127,262,238,24
103900128,207,65,142
103900131,33,82,-49
103900133,1249,28,1221
103900134,0,14,-14
103900135,6,0,6
103900137,0,6,-6
103900138,258,28,230
103900139,236,5054,-4818
103900140,5,364,-359
103900141,229,48,181
103900142,607,92,515
103900143,184,2,182
103900144,2,31,-29
103900145,244,194,50
103900146,346,150,196
103900147,734,142,592
103900148,513,142,371
103900149,502,250,252
103900150,4846,8032,-3186
103900151,14,175,-161
103900152,1725,258,1467
103900153,10,0,10
103900154,324,3590,-3266
103900155,60,74,-14
103900156,113,37,76
103900157,166,61,105
103900158,313,31,282
103900159,408,18,390
103900160,91,36,55
103900161,84,181,-97
103900162,57,68,-11
103900163,21,447,-426
103900167,14,157,-143
103900168,152,81,71
103900169,36,122,-86
103900170,0,83,-83
103900171,5,46,-41
103900172,2,5,-3
103900173,20,25,-5
103900174,475,36,439
103900175,34,138,-104
103900176,4,32,-28
103900177,22,15,7
103900178,111,11,100
103900179,109,16,93
103900180,24,30,-6
103900181,21,56,-35
103900182,26,43,-17
103900184,200,193,7
103900185,58,915,-857
103900187,28,224,-196
103900188,140,74,66
103900189,117,12,105
103900190,184,46,138
103900191,30,76,-46
103900192,71,89,-18
103900193,68,134,-66
103900194,98,117,-19
103900195,2,248,-246
103900196,71,70,1
103900197,14,12,2
103900198,16,27,-11
103900199,190,101,89
103900200,363,62,301
103900201,123,152,-29
103900202,23,48,-25
103900203,29,65,-36
103900204,2,28,-26
103900207,2,27,-25
103900208,235,0,235
103900209,7,101,-94
103900210,85,46,39
103900211,1057,145,912
103900212,357,154,203
103900213,45,386,-341
103900214,303,342,-39
103900215,199,465,-266
103900216,5,178,-173
103900217,347,40,307
103900218,3,471,-468
103900219,313,122,191
103900233,199,27,172
103900235,11,218,-207
103900236,11,28,-17
103900242,5,4,1
103900243,0,5,-5
103900244,186,145,41
103900245,203,93,110
103900246,26,58,-32
103900247,16,58,-42
103900248,3,99,-96
103900249,6,115,-109
103900250,31,76,-45
103900251,1,23,-22
103900253,8,65,-57
103900254,7,55,-48
103900255,4,46,-42
103900256,21,36,-15
103900257,251,247,4
103900258,24,6,18
103900259,19,10,9
103900261,17,1,16
103900262,36,2,34
103900263,45,77,-32
103900264,29,22,7
103900265,8,0,8
103900266,2,125,-123
103900267,8,98,-90
103900268,29,20,9
103900269,294,23,271
103900270,103,63,40
103900271,55,48,7
103900272,75,18,57
103900273,65,9,56
103900274,286,6,280
103900275,142,20,122
103900276,8,12,-4
103900277,11,27,-16
103900278,2,13,-11
103900279,4,42,-38
104000001,3854,2581,1273
104000002,2579,2216,363
104000003,3130,2714,416
104000004,2703,2829,-126
104000005,2859,2517,342
104000006,3622,2697,925
104000007,5186,4296,890
104000008,231,181,50
104000009,381,144,237
104000010,204,705,-501
104000011,337,237,100
104000012,174,233,-59
104000013,518,487,31
104000014,295,377,-82
104000015,736,170,566
104000016,360,274,86
104000018,1230,270,960
104000019,774,424,350
104000020,121,337,-216
104000021,367,362,5
104000022,300,407,-107
104000023,1836,578,1258
104000024,383,341,42
104000026,71,313,-242
104000027,408,280,128
104000028,511,338,173
104000029,350,294,56
104000030,497,301,196
104000031,1906,405,1501
104000032,196,142,54
104000033,1020,683,337
104000034,420,160,260
104000035,1635,466,1169
104000036,1445,381,1064
104000037,256,127,129
104000038,706,408,298
104000039,278,160,118
104000040,130,551,-421
104000041,903,421,482
104000042,172,210,-38
104000043,303,265,38
104000044,316,489,-173
104000045,919,632,287
104000046,845,1023,-178
104000047,614,1026,-412
104000048,906,917,-11
104000049,1078,467,611
104000050,136,1144,-1008
104000051,382,685,-303
104000052,2875,2175,700
104000053,1494,545,949
104000054,901,223,678
104000055,3485,2430,1055
104000056,726,226,500
104000057,223,218,5
104000058,1161,958,203
104000059,980,954,26
104000060,1662,1711,-49
104000061,1500,953,547
104000062,439,107,332
104000064,731,360,371
104000065,251,806,-555
104000069,689,2021,-1332
104000070,90,722,-632
104000071,182,285,-103
104000072,687,208,479
104000075,183,329,-146
104000076,663,78,585
104000082,3089,4914,-1825
104000083,711,261,450
104000084,116,402,-286
104000085,582,415,167
104000086,293,435,-142
104000087,417,2659,-2242
104000090,1676,875,801
104000092,2413,1103,1310
104000094,1264,790,474
104000095,4063,1553,2510
104000096,2878,53,2825
104000097,3383,666,2717
104000098,4795,632,4163
104000100,3372,885,2487
104000101,1871,1475,396
104000106,85,812,-727
104000107,881,266,615
104000108,298,346,-48
104000109,568,258,310
104000110,834,1394,-560
104000111,2644,4533,-1889
104000112,851,548,303
104000116,0,586,-586
104000117,402,376,26
104000118,1650,181,1469
104000119,1433,350,1083
104000120,422,341,81
104000121,355,516,-161
104000122,1497,818,679
104000123,1108,659,449
104000124,562,1375,-813
104000125,2544,6548,-4004
104000126,783,798,-15
104000127,1582,1451,131
104000128,695,244,451
104000129,470,19,451
104000130,13,355,-342
104000131,309,287,22
104000132,334,415,-81
104000133,1916,973,943
104000134,1368,1981,-613
104000135,855,2034,-1179
104000136,990,3996,-3006
104000137,2740,312,2428
104000138,1439,610,829
104000139,3081,2966,115
104000141,1017,957,60
104000142,809,386,423
104000143,883,251,632
104000144,185,244,-59
104000145,505,326,179
104000146,212,601,-389
104000147,214,415,-201
104000148,511,215,296
104000149,250,186,64
104000150,1585,793,792
104000151,469,283,186
104000152,879,392,487
104000153,982,786,196
104000154,812,382,430
104000155,782,998,-216
104000157,1746,1282,464
104000158,217,869,-652
104000159,1038,840,198
104000160,2139,3193,-1054
104000161,360,258,102
104000162,121,201,-80
104000165,853,752,101
104000167,963,2144,-1181
104000168,1157,19,1138
104000169,343,36,307
104000170,245,691,-446
104000248,402,497,-95
104000251,147,177,-30
104000272,0,0,0
104000273,0,0,0
104000274,0,0,0
104000275,0,0,0
104000279,641,526,115
104000290,102,383,-281
104000291,491,1343,-852
104000293,2018,1271,747
104000294,155,1,154
104000295,1149,864,285
104000296,800,685,115
104000297,1055,2346,-1291
104000298,2119,1230,889
104000299,1137,1366,-229
104900001,182,220,-38
104900002,146,362,-216
104900003,90,248,-158
104900004,111,107,4
104900005,752,563,189
104900006,1022,107,915
104900007,611,298,313
104900009,199,153,46
104900010,134,30,104
104900011,41,108,-67
104900012,349,78,271
104900013,104,29,75
104900014,1761,452,1309
104900015,153,15,138
104900016,420,156,264
104900017,221,238,-17
104900018,30,146,-116
104900019,219,7693,-7474
104900020,72,307,-235
104900021,0,28,-28
104900022,7,289,-282
104900023,0,32,-32
104900024,25,288,-263
104900025,123,173,-50
104900026,1,68,-67
104900027,1072,513,559
104900028,13,161,-148
104900029,19,35,-16
104900030,785,242,543
104900031,66,267,-201
104900032,97,76,21
104900033,336,268,68
104900034,627,206,421
104900035,577,281,296
104900036,504,54,450
104900037,232,179,53
104900038,231,1876,-1645
104900039,352,608,-256
104900040,760,78,682
104900041,552,184,368
104900042,335,371,-36
104900043,19,365,-346
104900044,1305,196,1109
104900045,533,76,457
104900046,739,89,650
104900047,736,121,615
104900048,590,96,494
104900049,79,59,20
104900050,671,62,609
104900051,535,39,496
104900052,240,7,233
104900053,690,114,576
104900054,292,27,265
104900055,315,0,315
104900056,453,26,427
104900057,72,1,71
104900058,584,1134,-550
104900059,153,45,108
104900060,0,496,-496
104900061,222,304,-82
104900063,2,339,-337
104900064,0,149,-149
104900065,1,525,-524
104900066,1,80,-79
104900067,12,379,-367
104900068,129,164,-35
104900070,178,237,-59
104900071,0,430,-430
104900072,67,182,-115
104900073,174,79,95
104900074,137,141,-4
104900075,150,10,140
104900076,278,154,124
104900077,533,384,149
104900078,303,214,89
104900079,215,1393,-1178
104900080,193,327,-134
104900082,17,363,-346
104900085,21,131,-110
104900087,568,10,558
104900089,642,3,639
104900090,2029,1059,970
104900091,816,588,228
104900093,248,361,-113
104900097,1298,4326,-3028
104900098,445,40,405
104900099,172,1434,-1262
104900100,358,211,147
104900102,76,116,-40
104900103,406,62,344
104900104,2037,2919,-882
104900106,395,118,277
104900107,135,128,7
104900108,87,171,-84
104900109,153,148,5
104900110,26,59,-33
104900111,690,147,543
104900112,519,286,233
104900113,1398,226,1172
104900114,886,379,507
104900115,1273,183,1090
104900116,807,125,682
104900118,46,64,-18
104900119,3,112,-109
104900120,7,744,-737
104900121,0,33,-33
104900122,28,54,-26
104900123,123,21,102
104900124,106,1,105
104900125,618,3,615
104900126,42,36,6
104900127,25,46,-21
104900128,160,102,58
104900129,1270,3864,-2594
105000001,3953,1654,2299
105000002,3305,2235,1070
105000003,3645,4854,-1209
105000004,1175,775,400
105000005,2078,1599,479
105000006,1927,2363,-436
105000007,2263,3195,-932
105000008,1274,5666,-4392
105000009,4410,5283,-873
105000010,3324,1179,2145
105000011,4452,4926,-474
105000012,2803,2212,591
105000013,1660,2051,-391
105000014,4271,5443,-1172
105000015,10786,17747,-6961
105000016,1208,1285,-77
105000017,1682,817,865
105000018,1070,2759,-1689
105000019,1145,1449,-304
105000020,123,706,-583
105000021,233,257,-24
105000022,162,239,-77
105000023,856,247,609
105000028,44,59,-15
105000029,826,2203,-1377
105000030,3492,2613,879
105000033,1082,1611,-529
105000034,179,1765,-1586
105000037,730,255,475
105000038,1705,2263,-558
105000039,1649,1375,274
105000040,1198,2245,-1047
105000041,343,1305,-962
105000042,2432,2772,-340
105000043,1060,2346,-1286
105000044,861,654,207
105000045,264,393,-129
105000046,1728,461,1267
105000047,716,553,163
105000048,1081,314,767
105000049,336,514,-178
105000050,1259,579,680
105000051,273,378,-105
105000052,951,1337,-386
105000053,112,136,-24
105000054,748,1234,-486
105000055,1162,491,671
105000056,2146,1787,359
105000057,1730,601,1129
105000058,1622,910,712
105000059,1208,661,547
105000060,541,436,105
105000061,1599,709,890
105000062,660,538,122
105000063,377,312,65
105000064,3199,928,2271
105000065,484,482,2
105000066,1153,1323,-170
105000067,2451,1333,1118
105000068,348,850,-502
105000069,1647,3684,-2037
105000070,532,1579,-1047
105000071,287,2365,-2078
105000072,1510,6270,-4760
105000073,1389,848,541
105000074,729,564,165
105000075,637,563,74
105000076,1272,1007,265
105000077,2030,1077,953
105000078,1125,1776,-651
105000079,1038,3054,-2016
105000080,2260,1754,506
105000081,1467,1364,103
105000082,870,2207,-1337
105000083,2357,3806,-1449
105000084,665,654,11
105000085,2963,2731,232
105000086,767,1076,-309
105000087,1636,2038,-402
105000088,1934,2742,-808
105000089,2445,1874,571
105000090,783,730,53
105000091,927,1423,-496
105000092,652,1355,-703
105000093,498,572,-74
105000094,351,312,39
105000095,174,851,-677
105000096,1410,2367,-957
105000097,786,830,-44
105000098,1496,1482,14
105000099,846,1070,-224
105000100,2591,1397,1194
105000101,3092,3603,-511
105000102,2334,3262,-928
105000103,1679,5363,-3684
105000104,3191,2016,1175
105000105,1557,1834,-277
105000106,1985,1101,884
105000107,2576,1032,1544
105000108,2800,1374,1426
105000109,2928,1203,1725
105000110,1425,552,873
105000111,2154,480,1674
105000112,1658,699,959
105000113,687,892,-205
105000114,2088,1903,185
105000115,415,2142,-1727
105000116,1616,832,784
105000117,979,638,341
105000118,1354,481,873
105000119,636,517,119
105000120,2139,726,1413
105000121,998,700,298
105000122,589,1024,-435
105000123,944,684,260
105000124,3176,755,2421
105000125,1201,1052,149
105000126,2839,1398,1441
105000127,3639,1701,1938
105000128,1058,1285,-227
105000129,1564,281,1283
105000130,241,4613,-4372
105000131,369,158,211
105000132,2264,1010,1254
105000133,606,738,-132
105000134,1827,644,1183
105000135,389,520,-131
105000136,180,170,10
105000137,1069,233,836
105000138,313,210,103
105000139,1156,527,629
105000140,825,441,384
105000141,417,326,91
105000142,403,477,-74
105000143,278,500,-222
105000144,330,480,-150
105000145,1152,299,853
105000146,387,655,-268
105000147,904,396,508
105000148,1119,801,318
105000149,3990,3268,722
105000150,1744,1116,628
105000151,882,563,319
105000152,236,531,-295
105000153,1003,843,160
105000154,880,521,359
105000155,655,968,-313
105000156,472,737,-265
105000157,813,1517,-704
105000158,2586,1112,1474
105000159,432,981,-549
105000160,4931,1105,3826
105000161,930,1324,-394
105000162,1168,3662,-2494
105000163,1299,1153,146
105000164,224,434,-210
105000165,928,11954,-11026
105000166,5153,2041,3112
105000167,1494,4010,-2516
105000168,756,425,331
105000169,1040,161,879
105000170,526,1370,-844
105000171,1736,265,1471
105000172,319,34,285
105000173,507,58,449
105000174,157,60,97
105000175,191,61,130
105000176,957,115,842
105000177,616,313,303
105000178,476,408,68
105000179,1568,138,1430
105000180,419,78,341
105000181,307,188,119
105000182,96,37,59
105000183,2229,3565,-1336
105000184,609,1186,-577
105000185,893,1630,-737
105000186,607,747,-140
105000187,1129,389,740
105000188,187,319,-132
105000189,97,723,-626
105000190,302,350,-48
105000191,515,348,167
105000192,614,73,541
105000193,92,275,-183
105000194,970,118,852
105000195,605,984,-379
105000196,109,299,-190
105000197,253,638,-385
105000198,504,269,235
105000199,95,465,-370
105000200,180,556,-376
105000201,114,67,47
105000203,24,109,-85
105000204,140,56,84
105000205,152,163,-11
105000207,270,126,144
105000208,184,874,-690
105000209,251,169,82
105000212,1495,545,950
105000213,91,355,-264
105000214,214,266,-52
105000215,440,214,226
105000216,266,113,153
105000217,270,178,92
105000218,2757,1321,1436
105000221,285,277,8
105000222,384,178,206
105000223,545,184,361
105000226,180,152,28
105000227,84,113,-29
105000228,122,2601,-2479
105000229,193,787,-594
105000231,765,446,319
105000233,1065,1027,38
105000234,677,857,-180
105000235,586,810,-224
105000237,1754,150,1604
105000243,120,120,0
105000248,46,102,-56
105000262,659,585,74
105000269,224,247,-23
105000270,811,49,762
105000271,1,185,-184
105000282,75,55,20
105000287,373,174,199
105000288,1094,613,481
105000289,920,2196,-1276
105000290,50,21,29
105000402,2400,5050,-2650
105000426,244,756,-512
105000438,1311,1345,-34
105000446,12029,4719,7310
105000447,2793,1816,977
105000454,1134,246,888
105000455,233,141,92
105000474,108,0,108
105000477,1096,717,379
105000478,3373,7447,-4074
105000479,287,235,52
105000480,6222,9810,-3588
105000481,5759,6474,-715
105000482,2842,4258,-1416
105000483,2470,4349,-1879
105000484,1606,1952,-346
105000485,1365,4386,-3021
105000486,1963,2608,-645
105000488,3637,2357,1280
105000489,1832,967,865
105000549,92,177,-85
105000550,390,1311,-921
105000551,37,86,-49
105000552,2338,1218,1120
105000555,434,1187,-753
105900001,8,2951,-2943
105900002,980,1441,-461
105900003,28,131,-103
105900004,249,98,151
105900005,36,231,-195
105900006,4,143,-139
105900007,78,53,25
105900008,147,280,-133
105900009,43,23,20
105900011,215,146,69
105900012,721,199,522
105900013,10,41,-31
105900014,7,93,-86
105900015,128,856,-728
105900016,988,408,580
105900017,2420,38,2382
105900018,206,138,68
105900019,114,334,-220
105900020,97,66,31
105900021,45,1546,-1501
105900022,354,191,163
105900023,12,344,-332
105900024,6,768,-762
105900025,429,9,420
105900026,208,15,193
105900027,19279,6300,12979
105900028,318,477,-159
105900029,2833,402,2431
105900030,294,333,-39
105900031,427,278,149
105900032,171,220,-49
105900033,73,130,-57
105900034,429,181,248
105900035,392,154,238
105900036,247,160,87
105900037,174,42,132
105900038,262,307,-45
105900039,197,77,120
105900040,133,108,25
105900041,311,148,163
105900042,78,183,-105
105900043,1559,92,1467
105900044,2,391,-389
105900045,14,1361,-1347
105900046,4,266,-262
105900047,9,85,-76
105900048,143,450,-307
105900050,3865,11180,-7315
105900051,75,1310,-1235
105900052,1170,167,1003
105900053,2489,5186,-2697
105900054,237,366,-129
105900056,829,755,74
105900057,21,298,-277
105900058,24,9,15
105900059,0,105,-105
106000001,2332,2831,-499
106000002,1012,3954,-2942
106000003,3712,4794,-1082
106000004,1631,2387,-756
106000005,5107,5191,-84
106000006,4934,1952,2982
106000007,624,496,128
106000008,545,397,148
106000009,595,383,212
106000010,582,620,-38
106000011,2425,1396,1029
106000012,1364,948,416
106000013,2639,2165,474
106000014,2167,1213,954
106000015,3231,1590,1641
106000016,1481,1451,30
106000017,686,1018,-332
106000018,664,570,94
106000019,565,666,-101
106000020,473,321,152
106000021,436,485,-49
106000022,497,178,319
106000023,957,363,594
106000024,691,501,190
106000025,198,222,-24
106000026,65,162,-97
106000027,2517,1811,706
106000028,977,260,717
106000029,901,693,208
106000030,212,583,-371
106000034,154,377,-223
106000035,985,2494,-1509
106000036,142,427,-285
106000037,1275,1208,67
106000038,138,186,-48
106000039,40,171,-131
106000040,137,926,-789
106000041,781,560,221
106000043,549,316,233
106000046,365,101,264
106000047,60,780,-720
106000049,1725,291,1434
106000050,243,410,-167
106000051,1292,810,482
106000052,170,274,-104
106000053,733,157,576
106000054,367,255,112
106000055,1109,775,334
106000056,326,234,92
106000057,786,288,498
106000058,205,115,90
106000059,714,402,312
106000060,307,305,2
106000061,263,913,-650
106000062,172,280,-108
106000063,1227,983,244
106000064,35,247,-212
106000065,665,285,380
106000066,144,247,-103
106000067,624,118,506
106000068,133,519,-386
106000069,497,97,400
106000070,478,503,-25
106000071,1097,316,781
106000072,3141,1737,1404
106000073,1541,5428,-3887
106000074,987,877,110
106000075,405,1259,-854
106000076,1817,1714,103
106000077,2522,1040,1482
106000078,1702,660,1042
106000079,1255,724,531
106000080,1766,393,1373
106000081,1248,770,478
106000082,2250,601,1649
106000083,591,1266,-675
106000084,1058,578,480
106000085,1718,1609,109
106000086,591,758,-167
106000087,1021,498,523
106000088,456,760,-304
106000089,1490,292,1198
106000090,501,632,-131
106000091,248,382,-134
106000092,1268,263,1005
106000093,596,156,440
106000094,170,273,-103
106000095,1795,714,1081
106000096,1473,530,943
106000097,1873,714,1159
106000098,1292,746,546
106000099,254,1182,-928
106000100,1875,228,1647
106000101,1140,645,495
106000102,143,1386,-1243
106000103,314,689,-375
106000104,1338,322,1016
106000105,629,575,54
106000106,1207,296,911
106000107,170,194,-24
106000108,605,156,449
106000109,285,142,143
106000110,520,164,356
106000111,228,192,36
106000112,452,920,-468
106000113,628,542,86
106000114,646,1123,-477
106000115,289,415,-126
106000116,480,279,201
106000117,1161,504,657
106000118,1942,1604,338
106000119,1186,625,561
106000120,1510,1974,-464
106000121,537,155,382
106000122,330,121,209
106000123,1138,114,1024
106000124,190,107,83
106000125,63,113,-50
106000126,629,48,581
106000127,1641,603,1038
106000128,1378,133,1245
106000129,877,365,512
106000130,1438,337,1101
106000131,189,813,-624
106000132,607,199,408
106000133,2415,1985,430
106000134,538,3583,-3045
106000135,148,623,-475
106000136,849,1577,-728
106000137,116,646,-530
106000138,2475,82,2393
106000139,107,46,61
106000140,51,62,-11
106000141,244,43,201
106000142,178,59,119
106000143,20,58,-38
106000144,47,99,-52
106000145,723,178,545
106000146,709,158,551
106000147,364,297,67
106000148,435,501,-66
106000149,1025,336,689
106000150,916,2501,-1585
106000151,3131,806,2325
106000152,1002,3128,-2126
106000153,121,2258,-2137
106000154,1254,162,1092
106000155,197,338,-141
106000156,1970,173,1797
106000157,937,1791,-854
106000158,1833,890,943
106000159,2546,2648,-102
106000160,753,5142,-4389
106000161,1222,231,991
106000162,610,1769,-1159
106000163,578,224,354
106000164,1101,321,780
106000165,441,343,98
106000166,1530,356,1174
106000167,518,643,-125
106000168,1223,291,932
106000169,508,363,145
106000170,1574,214,1360
106000171,269,1053,-784
106000172,3511,1466,2045
106000173,1181,2709,-1528
106000174,1672,351,1321
106000175,280,528,-248
106000176,2958,1040,1918
106000177,1125,1829,-704
106000178,3754,1740,2014
106000179,767,1455,-688
106000180,900,668,232
106000181,1670,1604,66
106000182,2668,608,2060
106000183,2482,472,2010
106000184,2533,739,1794
106000185,1723,1701,22
106000186,695,78,617
106000187,89,1230,-1141
106000188,0,2,-2
106000189,5,52,-47
106000190,47,0,47
106000191,852,103,749
106000192,2,7,-5
106000193,518,194,324
106000194,147,460,-313
106000195,744,256,488
106000196,119,672,-553
106000197,1035,302,733
106000198,347,168,179
106000199,748,1293,-545
106000200,331,381,-50
106000201,556,5961,-5405
106000202,2777,628,2149
106000203,55,182,-127
106000204,129,6,123
106000205,16,187,-171
106000206,121,22,99
106000207,20,349,-329
106000208,2219,201,2018
106000209,2572,702,1870
106000210,316,667,-351
106000211,222,1487,-1265
106000212,1299,741,558
106000213,242,1289,-1047
106000214,1337,513,824
106000215,433,415,18
106000216,730,358,372
106000217,292,320,-28
106000218,357,384,-27
106000219,192,221,-29
106000220,661,234,427
106000221,425,79,346
106000222,174,78,96
106000223,658,112,546
106000224,446,79,367
106000225,117,187,-70
106000226,101,127,-26
106000228,178,112,66
106000229,187,575,-388
106000231,1665,159,1506
106000232,106,288,-182
106000233,885,150,735
106000234,98,343,-245
106000235,612,311,301
106000236,170,348,-178
106000237,0,54,-54
106000238,26,48,-22
106000239,1,150,-149
106000240,59,4,55
106000241,26,522,-496
106000242,343,47,296
106000249,96,57,39
106000250,100,779,-679
106000251,216,22,194
106000252,62,93,-31
106000253,100,117,-17
106000254,137,46,91
106000255,63,201,-138
106000256,55,43,12
106000257,223,255,-32
106000258,248,139,109
106000259,5,201,-196
106000260,20,18,2
106000261,10,99,-89
106000262,134,24,110
106000263,46,40,6
106000264,304,17,287
106000265,20,231,-211
106000266,161,14,147
106000267,14,147,-133
106000268,316,34,282
106000269,52,66,-14
106000270,93,291,-198
106000271,156,124,32
106000272,245,109,136
106000273,25,231,-206
106000274,179,28,151
106000275,303,227,76
106000276,109,31,78
106000277,153,254,-101
106000278,110,34,76
106000279,18,23,-5
106000280,211,50,161
106000281,106,34,72
106000282,106,66,40
106000283,195,62,133
106000284,249,163,86
106000285,148,65,83
106000286,213,173,40
106000287,167,84,83
106000288,139,146,-7
106000289,132,92,40
106000290,143,66,77
106000291,109,116,-7
106000292,106,54,52
106000293,161,95,66
106000294,120,56,64
106000295,57,69,-12
106000296,51,74,-23
106000297,61,292,-231
106000298,73,103,-30
106000299,87,126,-39
106000300,61,117,-56
106000301,54,114,-60
106000303,28,64,-36
106000304,62,30,32
106000305,117,39,78
106000306,82,36,46
106000307,165,18,147
106000308,50,138,-88
106000309,30,81,-51
106000310,368,235,133
106000311,618,221,397
106000312,249,104,145
106000313,456,161,295
106000318,89,624,-535
106000319,1797,466,1331
106000320,1,99,-98
106000321,213,282,-69
106000322,327,45,282
106000324,27,62,-35
106000325,2775,1000,1775
106000326,1490,1425,65
106000327,308,79,229
106000328,34,90,-56
106000329,123,281,-158
106000330,57,141,-84
106000428,110,218,-108
106000429,223,261,-38
106000430,441,1007,-566
106000431,3084,524,2560
106000432,1093,2512,-1419
106000433,2817,1562,1255
106000434,4240,1601,2639
106000435,1192,2444,-1252
106000436,43,156,-113
106000437,530,99,431
106000438,343,404,-61
106000439,63,659,-596
106000440,245,747,-502
106000441,2,3,-1
106000442,477,23,454
106000443,380,182,198
106000450,3,62,-59
106000451,46,192,-146
106000454,9,181,-172
106000455,10,149,-139
106000456,97,33,64
106000457,57,386,-329
106000458,1692,28,1664
106000459,501,128,373
106000460,2470,25,2445
106000461,285,366,-81
106000462,2,63,-61
106000463,3,5,-2
106000464,20,185,-165
106000465,1318,7,1311
106000466,26,226,-200
106000467,125,201,-76
106000468,158,153,5
106000469,63,0,63
106000470,264,2648,-2384
106000471,11,353,-342
106000472,186,10,176
106000473,56,11,45
106000474,373,415,-42
106000475,460,122,338
106000476,149,339,-190
106000477,22,57,-35
106000480,2,795,-793
106900001,1,36,-35
106900002,2,166,-164
106900003,128,2275,-2147
106900004,0,11,-11
106900006,0,12,-12
106900007,0,12,-12
106900008,941,77,864
106900009,615,191,424
106900010,408,286,122
106900012,1121,3759,-2638
106900013,864,286,578
106900014,61,5,56
106900015,20,0,20
106900016,639,35,604
106900017,32,0,32
106900018,5,0,5
106900019,183,2,181
106900020,3010,2864,146
106900021,180,104,76
106900022,1533,5,1528
106900023,119,103,16
106900024,924,100,824
106900025,45,858,-813
106900026,2,163,-161
106900027,1477,2,1475
107000001,3584,7737,-4153
107000002,1804,2855,-1051
107000003,10236,8404,1832
107000004,4745,2065,2680
107000005,11239,8652,2587
107000006,3738,1839,1899
107000007,7385,12366,-4981
107000008,5714,3907,1807
107000009,13505,11337,2168
107000010,6984,5078,1906
107000011,760,898,-138
107000012,2433,1974,459
107000013,138,37,101
107000014,111,85,26
107000015,620,322,298
107000016,1242,420,822
107000017,1331,5853,-4522
107000018,10,5062,-5052
107000020,1093,5199,-4106
107000021,1498,500,998
107000022,1218,3165,-1947
107000023,2423,223,2200
107000024,1086,2140,-1054
107000025,325,399,-74
107000026,560,471,89
107000027,2313,990,1323
107000028,1887,708,1179
107000029,5396,4396,1000
107000030,2631,1850,781
107000031,7440,3567,3873
107000032,373,748,-375
107000033,2863,4527,-1664
107000034,6315,1411,4904
107000035,606,276,330
107000036,1379,1719,-340
107000037,134,982,-848
107000038,316,211,105
107000039,1594,1217,377
107000040,369,233,136
107000041,1660,1045,615
107000042,571,2463,-1892
107000043,2031,1283,748
107000044,393,546,-153
107000045,114,389,-275
107000046,1260,516,744
107000047,679,736,-57
107000048,870,402,468
107000049,697,775,-78
107000050,1283,736,547
107000051,245,407,-162
107000052,1156,1889,-733
107000053,476,470,6
107000054,69,200,-131
107000055,292,156,136
107000056,599,567,32
107000057,1405,151,1254
107000058,2323,3079,-756
107000059,2450,2723,-273
107000060,7231,6546,685
107000061,4933,2551,2382
107000062,8445,3917,4528
107000063,4905,3000,1905
107000064,7700,4295,3405
107000065,3875,3362,513
107000066,2658,4692,-2034
107000067,1870,2117,-247
107000068,1151,1645,-494
107000069,1569,867,702
107000070,1462,18,1444
107000071,5622,61,5561
107000072,23,1490,-1467
107000073,1462,867,595
107000074,155,645,-490
107000075,2967,732,2235
107000076,355,943,-588
107000077,5443,1516,3927
107000078,1229,1829,-600
107000079,4155,1477,2678
107000080,726,1839,-1113
107000081,4167,810,3357
107000082,806,705,101
107000083,2354,1051,1303
107000084,348,867,-519
107000085,3861,3852,9
107000086,3521,2698,823
107000087,4517,3014,1503
107000088,3541,3237,304
107000089,2618,2958,-340
107000090,1606,867,739
107000091,2444,1283,1161
107000092,1312,832,480
107000093,1970,1241,729
107000094,1302,822,480
107000095,1333,761,572
107000096,710,720,-10
107000097,1155,359,796
107000098,481,490,-9
107000099,649,541,108
107000100,364,375,-11
107000101,150,331,-181
107000102,201,352,-151
107000103,426,301,125
107000104,210,244,-34
107000105,537,187,350
107000106,361,202,159
107000107,893,168,725
107000108,189,388,-199
107000109,1227,203,1024
107000110,53,209,-156
107000111,691,52,639
107000112,47,144,-97
107000113,1160,114,1046
107000114,92,337,-245
107000115,1154,523,631
107000116,145,436,-291
107000117,146,2153,-2007
107000118,48,104,-56
107000119,1793,2195,-402
107000120,942,972,-30
107000121,1504,817,687
107000122,1117,611,506
107000123,754,607,147
107000124,866,423,443
107000125,1910,582,1328
107000126,1994,309,1685
107000129,310,288,22
107000130,1066,314,752
107000131,360,438,-78
107000132,660,363,297
107000133,505,248,257
107000134,407,2,405
107000135,3,472,-469
107000136,703,5,698
107000137,11,867,-856
107000138,223,39,184
107000139,60,1084,-1024
107000140,2433,110,2323
107000141,122,1083,-961
107000142,843,131,712
107000143,69,775,-706
107000144,826,857,-31
107000145,177,440,-263
107000146,257,504,-247
107000147,4742,880,3862
107000150,523,5508,-4985
107000151,23,63,-40
107000152,1045,3055,-2010
107000153,63,284,-221
107000154,27,449,-422
107000155,1703,26,1677
107000156,2141,58,2083
107000157,140,505,-365
107000158,1630,20,1610
107000159,49,359,-310
107000160,2483,231,2252
107000161,96,404,-308
107000162,544,987,-443
107000163,243,3,240
107000164,1448,6,1442
107000165,2358,18,2340
107000166,15,300,-285
107000167,1377,263,1114
107000168,1331,710,621
107000169,519,433,86
107000170,4909,1046,3863
107000171,746,852,-106
107000172,2115,2348,-233
107000173,431,562,-131
107000174,1590,9405,-7815
107000175,4049,1054,2995
107000176,0,8,-8
107000177,0,0,0
107000178,26,7,19
107000179,541,1009,-468
107000180,2941,211,2730
107000181,659,630,29
107000182,3140,540,2600
107000183,318,556,-238
107000184,2290,571,1719
107000185,483,963,-480
107000186,1715,422,1293
107000187,1537,1356,181
107000188,769,580,189
107000189,983,798,185
107000190,1040,667,373
107000191,1198,899,299
107000192,2369,552,1817
107000193,622,811,-189
107000194,853,539,314
107000197,1559,304,1255
107000198,539,498,41
107000199,1712,723,989
107000200,831,936,-105
107000201,742,742,0
107000202,523,503,20
107000203,931,2284,-1353
107000204,828,2842,-2014
107000205,1364,856,508
107000206,650,2369,-1719
107000207,601,1854,-1253
107000208,973,854,119
107000209,927,1500,-573
107000210,157,229,-72
107000211,4,62,-58
107000212,21,266,-245
107000213,5,27,-22
107000214,13,112,-99
107000215,879,333,546
107000216,902,528,374
107000217,245,501,-256
107000219,130,418,-288
107000220,362,199,163
107000222,282,370,-88
107000224,1273,132,1141
107000225,167,293,-126
107000226,1057,171,886
107000227,108,118,-10
107000228,506,541,-35
107000229,86,129,-43
107000230,1329,470,859
107000231,588,2588,-2000
107000232,173,31,142
107000233,274,1350,-1076
107000234,6,93,-87
107000235,110,27,83
107000236,5,593,-588
107000237,38,0,38
107000238,67,2,65
107000239,3750,875,2875
107000240,78,601,-523
107000241,52,20,32
107000242,346,28,318
107000243,0,33,-33
107000244,8,89,-81
107000246,2,750,-748
107000249,14,800,-786
107000251,0,158,-158
107000252,0,399,-399
107000255,238,331,-93
107000257,1,493,-492
107000258,14,222,-208
107000259,8,144,-136
107000260,2668,25,2643
107000262,10,197,-187
107000263,708,6,702
107000266,18,8,10
107000267,43,89,-46
107000268,172,55,117
107000269,82,1,81
107000270,343,96,247
107000271,2,0,2
107000272,172,0,172
107000273,12,483,-471
107000274,752,1235,-483
107000275,41,4615,-4574
107000280,1915,27,1888
107000281,44,297,-253
107000282,102,415,-313
107000290,61,75,-14
107000291,11,22,-11
107000292,3,684,-681
107000293,37,16,21
107000294,0,138,-138
107000295,65,2,63
107000296,0,12,-12
107000444,347,5,342
107000496,4,4,0
107000497,1288,1272,16
107000500,636,413,223
107000501,126,210,-84
107000502,265,350,-85
107000505,298,765,-467
107000506,0,1,-1
107000508,2,176,-174
107000509,180,889,-709
107000510,132,171,-39
107000514,57,623,-566
107000515,7,56,-49
107000516,761,537,224
107000518,2148,3871,-1723
107000519,1365,683,682
107000520,185,80,105
107000521,1084,273,811
107000522,1606,362,1244
107900001,172,60,112
107900002,96,25,71
107900003,1330,12,1318
107900004,264,5,259
107900005,3133,13,3120
107900006,296,20,276
107900007,714,57,657
107900008,52,11,41
107900009,179,22,157
107900010,90,11,79
107900012,478,126,352
107900013,304,24,280
107900014,176,16,160
107900015,2255,20,2235
107900016,529,142,387
107900017,66,4,62
107900018,126,374,-248
107900019,45,18,27
107900020,59,20,39
107900021,263,47,216
107900023,2,2,0
107900024,0,14,-14
107900025,319,197,122
107900026,141,34,107
107900027,18,82,-64
107900028,270,73,197
107900030,365,73,292
107900031,139,94,45
107900032,20,15,5
107900033,47,10,37
107900034,406,30,376
107900035,2291,104,2187
107900036,104,42,62
107900037,0,5,-5
107900038,62,472,-410
107900039,86,26,60
107900040,22,518,-496
107900041,2,5,-3
107900043,103,151,-48
107900044,43,9,34
107900045,182,91,91
107900046,412,263,149
107900047,110,19,91
107900048,417,60,357
107900049,473,1551,-1078
107900050,50,199,-149
107900051,109,50,59
107900052,21,96,-75
107900053,128,76,52
107900055,671,335,336
107900056,205,164,41
107900057,20,0,20
107900058,28,456,-428
107900060,12,61,-49
107900061,6,17,-11
107900063,100,139,-39
107900064,284,590,-306
107900065,618,17,601
107900066,29,10,19
107900067,1,0,1
107900068,127,1372,-1245
107900069,16,3854,-3838
107900070,297,204,93
107900071,35,312,-277
107900072,351,86,265
107900073,209,78,131
107900074,202,432,-230
107900076,282,70,212
107900077,158,9,149
107900078,233,60,173
107900079,37,25,12
107900080,164,1219,-1055
107900081,89,75,14
107900082,0,9,-9
107900083,630,201,429
107900084,189,203,-14
107900086,77,352,-275
107900087,182,126,56
107900088,166,47,119
107900089,276,1023,-747
107900090,909,3881,-2972
107900091,192,97,95
107900092,1195,193,1002
107900093,101,60,41
107900095,1594,2186,-592
107900097,35,85,-50
107900098,80,286,-206
107900100,1043,2099,-1056
107900101,391,53,338
107900102,107,12,95
107900103,85,148,-63
107900104,339,8,331
107900105,35,148,-113
107900106,12,385,-373
107900107,1183,501,682
107900108,172,117,55
107900109,2900,94,2806
107900110,120,20,100
107900111,10,252,-242
107900112,90,712,-622
107900113,365,66,299
107900114,461,71,390
107900115,1,13,-12
107900116,366,65,301
107900117,341,85,256
107900118,49,94,-45
107900119,190,429,-239
107900120,46,57,-11
107900121,2,132,-130
107900122,1,202,-201
107900123,36,106,-70
107900124,17,87,-70
107900125,28,226,-198
107900126,40,92,-52
107900127,489,373,116
107900128,117,105,12
107900129,165,8,157
107900130,162,15,147
107900131,118,794,-676
107900132,104,265,-161
107900133,0,44,-44
107900134,49,187,-138
107900135,18,98,-80
107900136,27,51,-24
107900137,151,137,14
107900138,199,30,169
107900139,89,46,43
107900140,108,39,69
107900141,23,40,-17
107900142,35,449,-414
107900143,43,15,28
107900144,3,78,-75
107900145,14,64,-50
107900146,65,172,-107
107900147,67,52,15
107900148,266,100,166
107900149,484,95,389
107900150,61,293,-232
107900151,79,34,45
107900152,20,122,-102
107900153,126,515,-389
107900154,55,55,0
107900155,120,69,51
107900156,16,69,-53
107900157,42,55,-13
107900158,1759,46,1713
107900159,37,353,-316
107900160,280,94,186
107900161,104,32,72
107900162,1,73,-72
107900163,25,162,-137
107900164,38,35,3
107900165,36,288,-252
107900166,87,50,37
107900167,22,80,-58
107900168,83,21,62
107900169,3,153,-150
107900171,0,304,-304
107900172,1,137,-136
107900173,76,50,26
107900174,237,2,235
107900175,81,108,-27
107900176,103,14,89
107900177,2,173,-171
107900178,1,51,-50
107900179,50,76,-26
107900180,394,1639,-1245
107900181,318,259,59
107900182,2,312,-310
107900183,90,49,41
107900184,181,103,78
107900185,272,10,262
107900186,40,30,10
107900187,1,213,-212
107900188,366,132,234
107900189,41,102,-61
107900190,40,225,-185
107900191,95,83,12
107900193,1,105,-104
107900194,238,33,205
107900195,678,226,452
107900196,206,23,183
107900197,263,488,-225
107900199,1,434,-433
107900201,87,59,28
107900203,29,31,-2
107900204,178,184,-6
107900205,242,333,-91
107900206,549,692,-143
107900207,13,262,-249
107900208,39,189,-150
107900209,217,166,51
107900210,41,36,5
107900213,345,467,-122
107900214,14,32,-18
107900215,122,557,-435
107900216,23,51,-28
107900217,69,83,-14
107900218,34,2514,-2480
107900219,53,36,17
107900220,72,245,-173
107900221,90,136,-46
107900223,203,158,45
107900224,92,581,-489
107900225,22,397,-375
107900226,27,56,-29
107900227,102,217,-115
107900228,83,89,-6
107900229,3,87,-84
107900230,36,17,19
107900231,54,75,-21
107900232,205,63,142
107900233,37,44,-7
107900234,196,132,64
107900235,22,120,-98
107900236,455,59,396
107900237,27,222,-195
107900238,69,37,32
107900239,266,668,-402
107900240,117,60,57
107900241,15,29,-14
107900242,54,57,-3
107900243,2,25,-23
107900244,503,24,479
107900245,1213,40,1173
107900246,419,15,404
107900248,360,127,233
107900249,1560,129,1431
107900250,12,320,-308
107900251,53,654,-601
107900252,1323,73,1250
107900253,383,18,365
107900254,92,326,-234
107900255,159,111,48
107900256,763,1917,-1154
107900257,520,224,296
107900258,234,71,163
107900259,46,4442,-4396
107900261,5,119,-114
107900262,46,41,5
107900264,996,55,941
107900265,364,295,69
107900267,578,16,562
107900268,14,1,13
107900269,0,2,-2
107900270,3,0,3
107900271,2,63,-61
107900272,34,70,-36
107900273,78,77,1
107900274,245,1,244
107900275,73,1,72
107900276,0,58,-58
107900277,0,114,-114
107900278,660,96,564
107900279,67,88,-21
107900280,3475,1789,1686
107900281,671,7738,-7067
107900282,39,1193,-1154
107900283,799,1242,-443
107900284,960,246,714
107900285,223,39,184
107900286,50,39,11
107900287,491,175,316
107900290,1,460,-459
107900291,745,51,694
107900292,174,65,109
107900293,141,171,-30
107900295,77,19,58
107900297,5,345,-340
107900298,680,317,363
107900299,2029,3892,-1863
107900300,160,478,-318
107900301,1158,1026,132
107900302,169,47,122
107900303,355,227,128
107900304,792,135,657
107900305,502,25,477
107900306,4,60,-56
107900307,39,180,-141
107900308,240,244,-4
107900309,72,0,72
107900310,94,1,93
107900311,4,826,-822
107900312,63,0,63
107900313,1,247,-246
107900314,0,117,-117
107900315,2,86,-84
107900316,41,0,41
107900317,144,10,134
107900318,5,204,-199
107900319,10,60,-50
107900320,19,76,-57
107900321,224,14,210
107900322,0,17,-17
107900323,23,81,-58
107900324,168,2,166
107900325,139,1,138
107900326,648,82,566
107900327,2,206,-204
107900328,36,0,36
107900329,110,250,-140
107900330,10,121,-111
107900331,669,28,641
107900332,662,7,655
107900333,105,34,71
107900334,9,67,-58
107900335,32,23,9
107900336,25,105,-80
107900337,579,1428,-849
107900338,2,95,-93
107900339,2,9,-7
107900340,1,76,-75
107900341,74,0,74
107900342,210,137,73
107900343,61,0,61
107900344,12,31,-19
107900345,127,31,96
107900346,17,0,17
107900347,7,3,4
107900348,7,7,0
107900349,35,5,30
107900350,4,186,-182
107900351,4,11,-7
108000001,5471,4958,513
108000002,2016,1645,371
108000003,3629,4696,-1067
108000004,11335,11328,7
108000005,9461,6955,2506
108000006,4422,4983,-561
108000007,6768,5758,1010
108000008,3849,4417,-568
108000009,6659,6664,-5
108000010,2976,3598,-622
108000011,15754,14119,1635
108000012,10197,10201,-4
108000014,740,1493,-753
108000015,1235,244,991
108000016,427,613,-186
108000017,1582,382,1200
108000018,2862,763,2099
108000019,1297,1128,169
108000020,1547,542,1005
108000021,370,1341,-971
108000022,452,931,-479
108000023,2307,386,1921
108000024,430,280,150
108000025,629,202,427
108000026,1093,256,837
108000027,1248,223,1025
108000028,1078,172,906
108000029,1001,354,647
108000030,738,167,571
108000031,296,535,-239
108000032,3072,805,2267
108000033,763,573,190
108000034,2681,756,1925
108000035,806,1391,-585
108000036,419,784,-365
108000037,3103,468,2635
108000038,5199,646,4553
108000039,573,1234,-661
108000040,3022,1184,1838
108000041,603,1798,-1195
108000042,610,150,460
108000043,269,176,93
108000044,1285,115,1170
108000045,434,144,290
108000046,2426,523,1903
108000047,436,626,-190
108000048,165,228,-63
108000049,1348,260,1088
108000050,95,288,-193
108000051,601,339,262
108000052,186,351,-165
108000053,611,474,137
108000054,433,1099,-666
108000055,1502,1185,317
108000056,623,1570,-947
108000057,882,2125,-1243
108000058,2558,6113,-3555
108000059,1984,1471,513
108000060,333,706,-373
108000061,131,207,-76
108000062,1580,728,852
108000063,556,334,222
108000064,432,246,186
108000065,693,323,370
108000066,1859,1045,814
108000067,2807,1030,1777
108000068,1374,517,857
108000069,167,596,-429
108000070,3369,907,2462
108000071,665,1097,-432
108000072,2258,1030,1228
108000073,877,1078,-201
108000074,981,514,467
108000075,474,378,96
108000076,1427,677,750
108000077,577,377,200
108000078,3343,1263,2080
108000079,711,772,-61
108000080,2557,621,1936
108000081,902,819,83
108000082,704,1345,-641
108000083,2751,1214,1537
108000084,406,678,-272
108000085,1685,745,940
108000086,606,453,153
108000087,267,3455,-3188
108000088,293,5,288
108000089,573,410,163
108000090,713,223,490
108000091,335,434,-99
108000092,275,75,200
108000093,414,375,39
108000094,1231,126,1105
108000095,357,223,134
108000096,702,173,529
108000097,265,298,-33
108000098,3049,1082,1967
108000099,343,78,265
108000100,112,321,-209
108000101,2017,2113,-96
108000102,1977,4616,-2639
108000106,1180,3,1177
108000107,3,1041,-1038
108000108,943,115,828
108000109,8,763,-755
108000110,557,316,241
108000111,285,558,-273
108000112,81,202,-121
108000113,395,146,249
108000115,332,379,-47
108000117,586,608,-22
108000118,46,522,-476
108000119,705,252,453
108000120,240,1257,-1017
108000121,291,341,-50
108000122,1116,471,645
108000123,1355,267,1088
108000124,557,485,72
108000125,1069,166,903
108000126,351,335,16
108000127,1074,294,780
108000128,1108,241,867
108000129,654,550,104
108000130,844,387,457
108000131,889,544,345
108000132,722,856,-134
108000133,1708,559,1149
108000134,701,356,345
108000135,1756,966,790
108000136,335,550,-215
108000137,815,241,574
108000138,795,511,284
108000139,860,275,585
108000140,547,22,525
108000141,69,35,34
108000142,79,56,23
108000143,70,13,57
108000144,196,23,173
108000145,113,12,101
108000146,289,8,281
108000147,51,21,30
108000148,217,17,200
108000149,36,1,35
108000150,121,30,91
108000151,9,14,-5
108000152,192,261,-69
108000153,1315,145,1170
108000154,64,9,55
108000155,73,32,41
108000156,422,234,188
108000157,259,2520,-2261
108000158,135,1353,-1218
108000159,271,414,-143
108000160,1614,1557,57
108000161,1868,6279,-4411
108000165,8,554,-546
108000172,2,434,-432
108000173,821,3196,-2375
108000175,618,137,481
108000178,406,385,21
108000179,247,1379,-1132
108000181,196,35,161
108000182,83,20,63
108000183,7,7,0
108000184,692,4535,-3843
108000185,416,236,180
108000186,388,68,320
108000187,158,164,-6
108000188,1282,151,1131
108000189,503,2860,-2357
108000190,55,106,-51
108000192,476,140,336
108000193,591,33,558
108000194,28,15,13
108000195,0,681,-681
108000196,388,311,77
108000198,877,49,828
108000199,0,399,-399
108000200,907,222,685
108000202,3,423,-420
108000203,344,213,131
108000204,274,106,168
108000205,153,209,-56
108000339,958,560,398
108000364,83,269,-186
108000365,79,279,-200
108000367,223,182,41
108000368,25,67,-42
108000369,384,159,225
108000371,0,523,-523
108000372,978,3,975
108000373,263,64,199
108000376,188,26,162
108000377,947,149,798
108000378,10769,16988,-6219
108000379,85,178,-93
108000381,222,15,207
108000382,99,0,99
108000383,0,250,-250
108900001,43,303,-260
108900002,249,139,110
108900003,195,548,-353
108900004,76,600,-524
108900005,102,690,-588
108900006,1236,237,999
108900007,516,143,373
108900008,262,83,179
108900009,202,138,64
108900010,585,122,463
108900011,1260,342,918
108900012,641,334,307
108900013,245,189,56
108900014,53,135,-82
108900015,0,251,-251
108900016,6,179,-173
108900017,209,554,-345
108900018,229,374,-145
108900019,34,271,-237
108900020,69,125,-56
108900021,166,182,-16
108900022,143,30,113
108900023,14,111,-97
108900024,92,44,48
108900025,377,68,309
108900026,32,56,-24
108900027,2,24,-22
108900028,174,96,78
108900029,150,212,-62
108900030,1,30,-29
108900031,281,145,136
108900032,6,123,-117
108900033,0,52,-52
108900034,0,56,-56
108900035,354,354,0
108900036,120,253,-133
108900037,64,126,-62
108900038,0,77,-77
108900039,0,79,-79
108900040,21,48,-27
108900041,3572,4476,-904
108900042,4,399,-395
108900043,100,250,-150
108900044,1,128,-127
108900045,134,144,-10
108900046,21,178,-157
108900047,3,400,-397
108900048,103,272,-169
108900049,1226,3467,-2241
108900050,0,91,-91
108900051,1,103,-102
108900052,21,70,-49
108900053,90,570,-480
108900054,40,135,-95
108900055,41,475,-434
108900056,2,41,-39
108900057,1,44,-43
108900058,71,127,-56
108900059,1256,53,1203
108900060,104,331,-227
108900061,80,17,63
108900062,2,148,-146
108900063,18,118,-100
108900064,514,19,495
108900065,10,127,-117
108900066,690,222,468
108900067,18,173,-155
108900068,7,40,-33
108900069,126,11,115
108900070,58,26,32
108900071,247,81,166
108900072,1393,436,957
108900073,52,105,-53
108900074,579,74,505
108900075,21,30,-9
108900076,875,95,780
108900077,84,186,-102
108900078,103,28,75
108900079,392,172,220
108900080,14,1520,-1506
108900081,75,249,-174
108900082,232,30,202
108900083,13,444,-431
108900084,215,163,52
108900085,1170,140,1030
108900086,321,85,236
108900087,82,139,-57
108900088,1253,467,786
108900089,48,271,-223
108900090,130,70,60
108900091,118,57,61
108900092,940,410,530
108900093,204,204,0
108900094,412,105,307
108900095,13,148,-135
108900096,284,9,275
108900097,490,107,383
108900098,1183,1537,-354
108900099,677,72,605
108900100,100,98,2
108900101,320,476,-156
108900102,38,2146,-2108
108900103,187,236,-49
108900104,87,350,-263
108900105,9,2924,-2915
108900106,655,108,547
108900108,510,54,456
108900109,762,82,680
108900110,314,186,128
108900111,748,209,539
108900112,529,36,493
108900113,63,121,-58
108900114,147,20,127
108900115,273,150,123
108900116,159,20,139
108900117,368,34,334
108900118,1134,44,1090
108900119,547,40,507
108900120,390,302,88
108900121,579,171,408
108900122,379,24,355
108900123,290,160,130
108900124,1220,423,797
108900125,1044,14,1030
108900126,334,100,234
108900127,429,29,400
108900128,335,54,281
108900129,1873,315,1558
108900130,819,5,814
108900131,733,17,716
108900132,858,68,790
108900133,528,91,437
108900134,1275,152,1123
108900135,543,13,530
108900136,40,0,40
108900137,335,3,332
108900138,1495,105,1390
108900139,906,56,850
108900140,807,80,727
108900141,808,11,797
108900142,172,12,160
108900143,157,1,156
108900144,175,0,175
108900145,498,30,468
108900146,188,0,188
108900147,547,1,546
108900148,78,37,41
108900149,434,227,207
108900150,436,11,425
108900151,53,3,50
108900152,220,54,166
108900153,324,86,238
108900154,7192,453,6739
108900155,496,73,423
108900156,129,11,118
108900157,30,260,-230
108900158,722,69,653
108900159,3,87,-84
108900160,51,145,-94
108900161,6,202,-196
108900162,306,4,302
108900163,8,531,-523
108900164,80,35,45
108900165,93,56,37
108900167,972,15443,-14471
108900168,3596,3207,389
108900169,73,128,-55
108900171,2629,4859,-2230
108900172,236,77,159
108900173,76,372,-296
108900174,1657,382,1275
108900176,159,332,-173
108900177,4109,12118,-8009
108900178,2473,5896,-3423
108900179,548,3015,-2467
108900180,157,484,-327
108900182,65,666,-601
108900183,167,195,-28
108900184,785,360,425
108900185,105,487,-382
108900186,128,328,-200
108900187,869,63,806
108900188,1175,51,1124
108900189,572,112,460
108900190,115,1637,-1522
108900191,196,68,128
108900192,148,129,19
108900193,46,48,-2
108900194,0,314,-314
108900195,127,70,57
108900196,61,188,-127
108900198,17,210,-193
108900199,208,219,-11
108900200,966,462,504
108900201,468,915,-447
108900203,652,205,447
108900204,634,14,620
108900205,529,60,469
108900206,723,105,618
108900207,313,380,-67
108900208,22,251,-229
108900209,220,366,-146
108900210,96,167,-71
108900211,229,870,-641
108900212,154,2519,-2365
108900215,110,349,-239
108900216,331,363,-32
108900217,125,0,125
108900218,109,20,89
108900219,116,8,108
108900220,77,33,44
108900221,37,92,-55
108900222,406,22,384
108900223,0,121,-121
108900224,29,337,-308
108900225,0,139,-139
108900226,573,51,522
108900227,241,658,-417
108900230,105,137,-32
108900231,9,122,-113
108900232,1,91,-90
108900233,651,168,483
108900234,472,191,281
108900235,151,304,-153
108900236,29,243,-214
108900237,51,87,-36
108900240,200,107,93
108900241,68,76,-8
108900245,5,2553,-2548
108900249,137,43,94
108900250,415,180,235
108900257,324,164,160
108900258,5,106,-101
108900259,59,32,27
108900260,4,22,-18
108900261,49,55,-6
108900262,77,105,-28
108900263,44,163,-119
108900264,174,275,-101
108900265,1446,919,527
108900266,195,1752,-1557
108900267,7,349,-342
108900268,5,20,-15
108900269,231,37,194
108900270,242,9,233
108900271,118,26,92
108900272,491,40,451
108900273,250,1879,-1629
108900274,109,23,86
109000001,3950,3234,716
109000002,929,2925,-1996
109000003,4439,566,3873
109000004,643,2242,-1599
109000005,2984,728,2256
109000006,864,1903,-1039
109000007,3037,806,2231
109000008,992,1723,-731
109000009,4609,1591,3018
109000010,1030,2915,-1885
109000011,6265,3389,2876
109000012,2078,2848,-770
109000013,5826,6032,-206
109000014,2319,2803,-484
109000015,4683,14442,-9759
109000016,5447,2719,2728
109000017,4432,1548,2884
109000018,1526,2058,-532
109000019,3676,1876,1800
109000020,1205,1732,-527
109000023,331,16,315
109000024,6,194,-188
109000025,431,708,-277
109000026,593,322,271
109000027,139,540,-401
109000028,181,59,122
109000029,172,573,-401
109000030,67,366,-299
109000031,405,207,198
109000032,204,404,-200
109000033,510,252,258
109000034,69,54,15
109000035,6,101,-95
109000036,56,348,-292
109000037,559,3810,-3251
109000038,411,369,42
109000039,1514,1480,34
109000040,4249,19696,-15447
109000041,1678,3356,-1678
109000042,637,1936,-1299
109000044,433,109,324
109000045,138,532,-394
109000046,822,117,705
109000047,87,443,-356
109000048,779,392,387
109000049,335,509,-174
109000050,543,353,190
109000051,292,165,127
109000052,671,384,287
109000053,653,157,496
109000054,436,489,-53
109000055,515,812,-297
109000056,583,401,182
109000057,1282,586,696
109000058,441,143,298
109000059,271,1506,-1235
109000060,236,466,-230
109000061,569,2825,-2256
109000062,276,584,-308
109000063,356,233,123
109000064,648,215,433
109000065,372,102,270
109000066,682,64,618
109000067,119,215,-96
109000068,854,10,844
109000069,931,55,876
109000070,141,1713,-1572
109000071,706,132,574
109000072,191,273,-82
109000073,88,167,-79
109000074,24,168,-144
109000075,141,335,-194
109000076,156,443,-287
109000077,339,169,170
109000078,177,196,-19
109000079,177,83,94
109000080,503,91,412
109000081,241,299,-58
109000082,1467,200,1267
109000083,362,411,-49
109000088,256,229,27
109000089,512,144,368
109000090,152,291,-139
109000091,666,289,377
109000092,328,353,-25
109000093,521,316,205
109000094,1290,4,1286
109000095,211,281,-70
109000096,1459,278,1181
109000097,122,123,-1
109000098,48,148,-100
109000099,1089,232,857
109000100,465,543,-78
109000101,2585,668,1917
109000102,728,637,91
109000103,954,488,466
109000104,3826,480,3346
109000105,610,784,-174
109000106,2988,786,2202
109000107,664,1248,-584
109000108,3277,910,2367
109000109,642,981,-339
109000110,1998,747,1251
109000111,826,1986,-1160
109000112,535,132,403
109000113,548,182,366
109000114,206,374,-168
109000115,1258,32,1226
109000116,5,305,-300
109000117,459,31,428
109000118,28,243,-215
109000119,2565,103,2462
109000120,373,460,-87
109000121,1054,31,1023
109000122,225,344,-119
109000123,64,62,2
109000124,1389,264,1125
109000125,1383,311,1072
109000126,677,402,275
109000127,1946,183,1763
109000128,854,693,161
109000129,4459,984,3475
109000130,443,761,-318
109000131,1372,1025,347
109000132,552,1214,-662
109000133,416,638,-222
109000134,793,921,-128
109000135,679,1424,-745
109000136,322,243,79
109000137,465,417,48
109000138,772,190,582
109000139,998,332,666
109000140,325,166,159
109000141,1061,581,480
109000142,202,557,-355
109000143,229,102,127
109000145,169,364,-195
109000146,58,127,-69
109000148,1873,3106,-1233
109000149,34,138,-104
109000150,81,522,-441
109000155,1494,953,541
109000156,1050,425,625
109000158,149,246,-97
109000159,137,481,-344
109000160,2169,245,1924
109000161,733,932,-199
109000162,3202,550,2652
109000163,2000,1367,633
109000164,2032,1898,134
109000165,2131,387,1744
109000166,1831,117,1714
109000167,198,385,-187
109000170,37,29,8
109000171,177,26,151
109000172,17,51,-34
109000173,35,169,-134
109000174,236,33,203
109000175,67,58,9
109000176,756,234,522
109000177,36,106,-70
109000178,1342,805,537
109000179,2913,8200,-5287
109000180,4280,4413,-133
109000181,41,21,20
109000182,120,11,109
109000183,90,6,84
109000184,75,7,68
109000185,70,21,49
109000188,703,1075,-372
109000189,3737,784,2953
109000190,1089,563,526
109000191,488,629,-141
109000192,832,157,675
109000193,447,99,348
109000194,435,62,373
109000195,243,100,143
109000196,481,88,393
109000197,206,261,-55
109000198,428,39,389
109000199,307,308,-1
109000206,310,55,255
109000207,330,45,285
109000208,193,244,-51
109000209,245,93,152
109000210,145,459,-314
109000211,1630,494,1136
109000214,702,180,522
109000215,203,105,98
109000216,413,479,-66
109000217,177,222,-45
109000218,461,336,125
109000221,241,659,-418
109000222,1086,265,821
109000223,700,536,164
109000224,116,57,59
109000225,234,15,219
109000226,88,166,-78
109000227,2353,1022,1331
109000228,3,1772,-1769
109000231,67,99,-32
109000232,861,147,714
109000236,420,448,-28
109000241,2405,1298,1107
109000242,1720,730,990
109000293,49,111,-62
109000361,124,187,-63
109000364,148,412,-264
109000396,0,275,-275
109000397,1183,18,1165
109000399,204,328,-124
109000400,164,156,8
109000403,41,1583,-1542
109000406,628,4,624
109000407,388,172,216
109000408,2,458,-456
109000410,1293,252,1041
109000411,447,26,421
109900001,263,1,262
109900002,1196,32,1164
109900003,552,2,550
109900004,387,92,295
109900005,51,3,48
109900006,702,210,492
109900007,1993,189,1804
109900008,0,24,-24
109900009,169,253,-84
109900010,967,43,924
109900011,77,102,-25
109900012,502,287,215
109900013,520,192,328
109900014,604,64,540
109900015,368,141,227
109900016,252,16,236
109900017,290,286,4
109900018,351,21,330
109900019,392,77,315
109900020,100,33,67
109900021,81,11,70
109900022,168,225,-57
109900023,37,5,32
109900024,44,0,44
109900025,17,69,-52
109900026,2,152,-150
109900027,56,55,1
109900028,527,2698,-2171
109900029,5,163,-158
109900030,108,13,95
109900031,2,272,-270
109900032,8,262,-254
109900033,0,364,-364
109900034,74,2,72
109900035,53,42,11
109900036,30,73,-43
109900037,19,404,-385
109900038,136,290,-154
109900039,8,0,8
109900040,66,263,-197
109900041,69,195,-126
109900042,54,1841,-1787
109900044,159,407,-248
109900045,128,32,96
109900046,54,63,-9
109900047,147,325,-178
109900048,1,202,-201
109900049,19,129,-110
109900050,0,68,-68
109900051,2,15,-13
109900052,89,216,-127
109900053,0,99,-99
109900054,1473,273,1200
109900055,97,170,-73
109900056,98,505,-407
109900057,15,57,-42
109900058,1,58,-57
109900059,1707,115,1592
109900060,1243,74,1169
109900061,189,163,26
109900062,0,69,-69
109900063,13,334,-321
109900064,898,217,681
109900065,144,94,50
109900066,436,463,-27
109900067,0,90,-90
109900068,158,15,143
109900069,14,23,-9
109900070,40,142,-102
109900071,5,7,-2
109900072,20,89,-69
109900073,806,112,694
109900074,27,12,15
109900075,71,75,-4
109900076,6,61,-55
109900077,38,27,11
109900078,81,164,-83
109900080,135,133,2
109900081,20,237,-217
109900082,49,199,-150
109900083,21,43,-22
109900084,69,121,-52
109900085,110,266,-156
109900086,217,1103,-886
109900087,131,556,-425
109900089,1211,273,938
109900090,284,629,-345
109900091,780,126,654
109900092,705,67,638
109900093,1838,222,1616
109900094,144,75,69
109900095,71,246,-175
109900096,173,10,163
109900097,235,4,231
109900098,997,48,949
109900099,565,7,558
109900100,106,1,105
109900101,1344,10,1334
109900102,808,34,774
109900103,44,23,21
109900104,1530,141,1389
109900105,1044,43,1001
109900106,467,86,381
109900107,1391,89,1302
109900108,444,333,111
109900109,55,379,-324
109900110,92,141,-49
109900111,167,351,-184
109900112,118,219,-101
109900113,1329,951,378
109900114,1109,1749,-640
109900115,283,133,150
109900117,1979,106,1873
109900118,195,303,-108
109900119,265,326,-61
109900120,69,23,46
109900121,362,469,-107
109900122,1065,10,1055
109900123,21,60,-39
109900124,100,172,-72
109900125,0,172,-172
109900126,573,37,536
109900128,645,37,608
109900130,3172,3988,-816
109900131,57,123,-66
109900132,48,172,-124
109900133,190,218,-28
109900134,73,147,-74
109900135,346,38,308
109900136,89,116,-27
109900137,273,201,72
109900140,360,58,302
109900142,2476,385,2091
109900145,6,736,-730
109900146,267,71,196
109900148,40,87,-47
109900149,11,65,-54
109900150,5,58,-53
109900151,7,28,-21
109900152,0,24,-24
109900153,0,44,-44
109900154,45,0,45
109900155,111,28,83
109900157,145,193,-48
109900158,61,141,-80
109900159,240,91,149
109900160,191,89,102
109900161,348,142,206
109900162,397,191,206
109900163,369,360,9
109900164,64,255,-191
109900165,515,10,505
109900166,3,219,-216
109900167,246,246,0
109900168,346,451,-105
109900169,347,131,216
109900170,366,2025,-1659
109900171,427,78,349
109900172,477,541,-64
109900173,1326,3902,-2576
109900174,68,111,-43
109900175,154,262,-108
109900176,213,148,65
109900177,87,98,-11
109900178,5,253,-248
109900179,17,23,-6
109900180,25,11,14
110000001,910,526,384
110000002,748,831,-83
110000003,796,816,-20
110000004,445,731,-286
110000005,415,2244,-1829
110000006,244,311,-67
110000007,214,125,89
110000008,36,167,-131
110000009,62,39,23
110000010,42,111,-69
110000011,111,36,75
110000012,952,224,728
110000013,84,998,-914
110000014,594,396,198
110000015,260,784,-524
110000016,295,1899,-1604
110000017,4242,364,3878
110000018,2671,326,2345
110000019,13,132,-119
110000020,754,238,516
110000021,280,527,-247
110000022,1593,223,1370
110000023,11,156,-145
110000024,598,497,101
110000025,707,8,699
110000026,5,218,-213
110000027,694,1553,-859
110000028,1248,654,594
110000029,679,655,24
110000030,595,508,87
110000031,451,285,166
110000032,1034,357,677
110000033,240,317,-77
110000034,766,609,157
110000035,1095,522,573
110000036,1569,881,688
110000037,317,565,-248
110000038,339,798,-459
110000039,1174,6453,-5279
110000040,307,223,84
110000041,397,2676,-2279
110000042,143,846,-703
110000043,983,438,545
110000044,39,1802,-1763
110000045,306,285,21
110000046,3,85,-82
110000047,14,276,-262
110000048,14,59,-45
110000049,25,24,1
110000050,8,240,-232
110000051,53,10,43
110000052,51,27,24
110000053,43,27,16
110000054,157,1241,-1084
110000055,209,166,43
110000056,104,160,-56
110000057,440,653,-213
110000058,1417,598,819
110000059,1358,583,775
110000060,1566,1018,548
110000061,733,713,20
110000062,767,1040,-273
110000063,83,272,-189
110000064,158,48,110
110000065,181,152,29
110000066,170,36,134
110000067,137,184,-47
110000068,500,102,398
110000069,706,36,670
110000071,608,57,551
110000073,73,14,59
110000075,30,103,-73
110000076,383,526,-143
110000077,265,1232,-967
110000078,128,21,107
110000080,290,539,-249
110000081,81,390,-309
110000082,49,406,-357
110000083,325,394,-69
110000084,2019,1471,548
110000085,942,1321,-379
110000086,1346,3468,-2122
110000087,12,67,-55
110000088,178,279,-101
110000089,562,68,494
110000090,91,458,-367
110000091,925,260,665
110000092,53,41,12
110000093,66,37,29
110000094,520,197,323
110000095,252,954,-702
110000096,1405,2436,-1031
110000097,1146,2054,-908
110000098,2716,948,1768
110000099,1019,1785,-766
110000100,2206,224,1982
110000101,95,137,-42
110000102,193,55,138
110000104,757,426,331
110000105,70,396,-326
110000106,763,769,-6
110000107,176,426,-250
110000108,206,97,109
110000109,318,380,-62
110000110,2441,5119,-2678
110000111,3903,4407,-504
110000112,257,1791,-1534
110000113,89,3822,-3733
110000114,430,1017,-587
110000115,621,417,204
110000116,156,87,69
110000117,491,193,298
110000118,1013,161,852
110000119,494,248,246
110000120,571,206,365
110000121,94,431,-337
110000122,323,464,-141
110000123,892,793,99
110000124,1,568,-567
110000125,1523,4,1519
110000126,371,36,335
110000127,1898,110,1788
110000128,59,754,-695
110000129,1,326,-325
110000130,395,372,23
110000131,91,288,-197
110000132,4,416,-412
110000133,29,466,-437
110000134,33,366,-333
110000135,285,45,240
110000136,132,246,-114
110000137,1148,346,802
110000138,1336,521,815
110000139,1714,537,1177
110000140,1070,1095,-25
110000143,732,353,379
110000144,2675,3230,-555
110000145,1903,2527,-624
110000146,1546,2038,-492
110000147,679,1055,-376
110000148,1002,237,765
110000151,752,2220,-1468
110000152,666,727,-61
110000153,325,21,304
110000154,107,41,66
110000155,1016,3892,-2876
110000156,1029,2872,-1843
110000157,1955,3677,-1722
110000160,572,371,201
110000161,316,173,143
110000166,1147,90,1057
110000167,1695,875,820
110000168,1336,802,534
110000169,1246,476,770
110000170,246,87,159
110000171,852,185,667
110000172,242,573,-331
110000173,680,728,-48
110000174,157,591,-434
110000175,1439,139,1300
110000176,114,899,-785
110000177,325,1595,-1270
110000178,499,3011,-2512
110000179,1431,305,1126
110000180,349,262,87
110000181,1265,472,793
110000182,479,124,355
110000183,6737,10471,-3734
110000184,364,3742,-3378
110000185,814,1206,-392
110000186,785,908,-123
110000191,2144,138,2006
110000192,1031,23,1008
110000193,1872,26,1846
110000194,4,639,-635
110000195,939,143,796
110000196,857,91,766
110000197,214,43,171
110000198,159,45,114
110000199,128,142,-14
110000200,817,421,396
110000201,1616,1846,-230
110000202,1601,669,932
110000203,499,577,-78
110000204,5,217,-212
110000205,388,87,301
110000206,471,632,-161
110000207,1958,439,1519
110000208,294,513,-219
110000209,86,2135,-2049
110000210,1949,479,1470
110000211,894,1457,-563
110000212,728,1512,-784
110000213,512,85,427
110000214,669,48,621
110000215,181,169,12
110000216,130,137,-7
110000217,739,122,617
110000218,230,123,107
110000219,855,52,803
110000220,77,134,-57
110000221,781,26,755
110000222,108,222,-114
110000223,6,140,-134
110000224,10,5,5
110000225,261,857,-596
110000226,368,90,278
110000227,707,1214,-507
110000228,382,86,296
110000229,1,91,-90
110000230,691,1572,-881
110000231,262,330,-68
110000232,227,209,18
110000233,204,257,-53
110000234,535,2177,-1642
110000235,1376,1216,160
110000236,1070,506,564
110000237,3151,2676,475
110000238,1198,1267,-69
110000239,2836,1035,1801
110000240,0,28,-28
110000242,0,23,-23
110000243,247,52,195
110000244,163,1077,-914
110000245,71,460,-389
110000246,1344,449,895
110000247,1178,3590,-2412
110000248,1569,1281,288
110000249,96,24,72
110000250,63,170,-107
110000251,775,287,488
110000252,657,176,481
110000253,2706,573,2133
110000254,894,768,126
110000255,188,660,-472
110000256,687,287,400
110000257,457,405,52
110000258,6,386,-380
110000259,341,12,329
110000260,62,87,-25
110000263,599,51,548
110000264,684,250,434
110000265,1670,2479,-809
110000266,1310,3507,-2197
110000267,36,209,-173
110000268,450,428,22
110000269,14,75,-61
110000270,159,15,144
110000271,1664,328,1336
110000272,1593,1496,97
110000273,1964,1832,132
110000274,329,3073,-2744
110000275,1634,770,864
110000276,546,825,-279
110000277,478,344,134
110000278,669,686,-17
110000279,1069,862,207
110000280,1017,806,211
110000281,94,304,-210
110000282,220,17,203
110000283,38,91,-53
110000284,14,20,-6
110000285,4,973,-969
110000286,5,0,5
110000287,213,3,210
110000288,10,73,-63
110000289,732,3941,-3209
110000290,508,710,-202
110000291,3833,1018,2815
110000292,1294,8975,-7681
110000293,971,438,533
110000294,2085,1704,381
110000295,276,669,-393
110000296,929,305,624
110000297,3467,236,3231
110000298,158,427,-269
110000299,146,71,75
110000301,666,46,620
110000302,787,773,14
110000303,771,19,752
110000304,356,196,160
110000305,2202,48,2154
110000306,368,768,-400
110000307,2817,9,2808
110000308,693,16,677
110000309,9,552,-543
110000310,1509,34,1475
110000311,22,578,-556
110000312,696,104,592
110000313,2847,2121,726
110000314,0,167,-167
110000315,2066,2726,-660
110000316,453,1118,-665
110000317,240,1684,-1444
110000318,4,66,-62
110000319,20,67,-47
110000320,71,353,-282
110000321,25,102,-77
110000322,342,441,-99
110000323,883,224,659
110000324,3428,1916,1512
110000325,1739,5098,-3359
110000327,481,475,6
110000328,224,679,-455
110000333,1391,1435,-44
110000334,739,2099,-1360
110000335,889,688,201
110000336,1036,1313,-277
110000337,2637,916,1721
110000338,846,384,462
110000339,662,293,369
110000340,136,447,-311
110000341,806,432,374
110000342,167,2,165
110000343,0,21,-21
110000344,332,591,-259
110000345,330,591,-261
110000346,1559,2020,-461
110000347,1883,803,1080
110000348,13,12,1
110000349,8,28,-20
110000350,138,17,121
110000351,1843,573,1270
110000352,1041,2114,-1073
110000353,4421,402,4019
110000354,1387,5071,-3684
110000355,200,51,149
110000356,1186,15,1171
110000357,832,35,797
110000361,82,19,63
110000362,177,39,138
110000363,1071,67,1004
110000364,419,235,184
110000365,208,0,208
110000366,1,152,-151
110000367,626,116,510
110000368,3,98,-95
110000369,109,10,99
110000373,6,274,-268
110000374,161,35,126
110000375,115,1389,-1274
110000376,31,182,-151
110000377,77,434,-357
110000378,47,533,-486
110000379,3430,3191,239
110000380,109,8,101
110000383,0,895,-895
110000384,759,365,394
110000385,1,271,-270
110000387,108,11,97
110000388,77,188,-111
110000389,1606,31,1575
110000391,1343,161,1182
110000396,410,89,321
110000397,241,42,199
110000398,7,20,-13
110000399,333,9,324
110000587,222,197,25
110000589,289,150,139
110000640,258,39,219
110000652,10,829,-819
110000653,396,307,89
110000654,12,593,-581
110000656,0,211,-211
110000674,60,28,32
110000675,24,44,-20
110000676,3,70,-67
110000679,103,1317,-1214
110000682,97,294,-197
110000683,371,448,-77
110000684,4,118,-114
110000685,12,15,-3
110000686,3,111,-108
110000687,27,5,22
110000688,63,1935,-1872
110000689,33,25,8
110000692,24,293,-269
110000693,38,583,-545
110000694,0,207,-207
110000695,185,1037,-852
110000696,47,74,-27
110900001,423,15,408
110900002,436,503,-67
110900003,1756,280,1476
110900004,978,55,923
110900005,1594,5458,-3864
110900006,112,51,61
110900007,348,73,275
110900008,8,25,-17
110900009,606,383,223
110900010,11,37,-26
110900011,46,73,-27
110900012,24,41,-17
110900013,1757,128,1629
110900014,357,36,321
110900015,330,1137,-807
110900016,140,60,80
110900017,993,54,939
110900018,502,64,438
110900019,442,41,401
110900020,312,101,211
110900021,207,298,-91
110900022,134,116,18
110900023,73,633,-560
110900024,50,208,-158
110900025,33,85,-52
110900027,96,168,-72
110900028,38,86,-48
110900029,12,140,-128
110900030,68,90,-22
110900031,0,99,-99
110900032,0,54,-54
110900033,19,225,-206
110900035,15,729,-714
110900036,182,7,175
110900037,154,21,133
110900038,997,182,815
110900039,19,345,-326
110900040,404,31,373
110900041,25,73,-48
110900042,186,76,110
110900043,8,80,-72
110900044,290,31,259
110900045,94,167,-73
110900046,33,118,-85
110900047,395,615,-220
110900049,200,177,23
110900050,78,5,73
110900051,35,161,-126
110900052,13,228,-215
110900053,205,23,182
110900054,32,171,-139
110900055,18,1,17
110900056,64,134,-70
110900057,18,106,-88
110900058,506,182,324
110900059,588,291,297
110900060,533,225,308
110900061,7,61,-54
110900062,253,130,123
110900063,75,97,-22
110900064,8,1,7
110900065,90,170,-80
110900066,7,37,-30
110900067,271,759,-488
110900068,323,158,165
110900069,6,12,-6
110900070,105,38,67
110900071,190,1124,-934
110900073,3,38,-35
110900074,710,161,549
110900075,685,64,621
110900077,1805,527,1278
110900078,180,19,161
110900079,1078,1998,-920
110900080,241,97,144
110900081,31,13,18
110900082,357,62,295
110900083,169,59,110
110900084,177,21,156
110900085,106,157,-51
110900086,85,539,-454
110900087,628,183,445
110900088,1,2,-1
110900090,90,108,-18
110900091,3,34,-31
110900093,272,157,115
110900095,100,73,27
110900097,15,26,-11
110900098,73,61,12
110900099,68,360,-292
110900100,0,8,-8
110900102,112,22,90
110900105,2118,189,1929
110900108,19,25,-6
110900111,720,115,605
110900112,1089,23,1066
110900113,343,94,249
110900115,8,90,-82
110900116,1776,779,997
110900118,94,5254,-5160
110900119,1607,172,1435
110900120,98,61,37
110900121,169,0,169
110900122,1031,283,748
110900125,743,807,-64
110900127,558,1820,-1262
110900128,169,370,-201
110900129,218,1415,-1197
110900130,446,842,-396
110900131,503,250,253
110900132,727,139,588
110900133,154,130,24
110900135,68,293,-225
110900136,565,52,513
110900137,26,0,26
110900138,520,1085,-565
110900139,3,453,-450
110900140,13,3,10
110900141,7,390,-383
110900142,75,167,-92
110900143,260,100,160
110900144,0,185,-185
110900145,276,139,137
110900146,250,470,-220
110900147,92,906,-814
110900148,2,191,-189
110900149,11,44,-33
110900150,53,22,31
110900151,11,159,-148
110900152,62,71,-9
110900153,289,79,210
111000001,1346,582,764
111000002,748,396,352
111000003,2364,1192,1172
111000004,739,771,-32
111000005,1409,2153,-744
111000006,1023,2278,-1255
111000007,6389,5448,941
111000008,2929,3716,-787
111000009,398,732,-334
111000010,1561,393,1168
111000011,244,850,-606
111000012,442,547,-105
111000013,557,1195,-638
111000014,2230,582,1648
111000017,68,881,-813
111000018,165,338,-173
111000020,578,1409,-831
111000021,103,106,-3
111000023,161,67,94
111000025,3748,5261,-1513
111000029,65,112,-47
111000030,49,103,-54
111000031,2199,1201,998
111000032,832,444,388
111000033,348,197,151
111000034,75,303,-228
111000037,1272,392,880
111000038,2604,2297,307
111000039,1994,2454,-460
111000040,2111,1831,280
111000041,639,662,-23
111000042,2393,2354,39
111000043,2852,6864,-4012
111000044,2217,1301,916
111000045,4132,3705,427
111000046,3292,2502,790
111000047,4359,8161,-3802
111000049,533,452,81
111000050,1114,777,337
111000051,710,731,-21
111000052,716,1390,-674
111000053,308,642,-334
111000054,341,770,-429
111000055,1675,1721,-46
111000056,225,1217,-992
111000057,169,491,-322
111000058,1132,91,1041
111000059,1016,372,644
111000060,5864,1101,4763
111000061,1099,346,753
111000062,1641,577,1064
111000063,2066,1372,694
111000064,1495,611,884
111000065,1893,1077,816
111000066,948,523,425
111000067,1430,461,969
111000068,782,677,105
111000069,2018,1881,137
111000070,882,554,328
111000071,338,368,-30
111000072,1869,826,1043
111000073,389,1688,-1299
111000074,2205,1997,208
111000075,840,704,136
111000076,916,988,-72
111000077,1419,1291,128
111000078,2221,1034,1187
111000079,1095,669,426
111000080,802,603,199
111000081,1850,6105,-4255
111000082,1235,518,717
111000084,1393,615,778
111000085,1235,954,281
111000086,3070,990,2080
111000087,941,447,494
111000088,8314,4360,3954
111000089,1044,701,343
111000090,688,1060,-372
111000091,976,367,609
111000092,2674,873,1801
111000093,1281,1516,-235
111000094,2621,1654,967
111000095,1098,3742,-2644
111000096,1086,10182,-9096
111000097,3416,1291,2125
111000098,417,875,-458
111000099,558,1098,-540
111000100,679,746,-67
111000101,582,804,-222
111000102,438,661,-223
111000104,1217,241,976
111000107,175,834,-659
111000109,1325,382,943
111000110,2226,663,1563
111000111,4982,501,4481
111000112,3875,571,3304
111000113,1110,2983,-1873
111000114,1804,6687,-4883
111000115,3542,1284,2258
111000116,1095,910,185
111000117,367,884,-517
111000118,1041,721,320
111000119,1949,684,1265
111000120,866,715,151
111000121,401,776,-375
111000122,762,847,-85
111000123,1515,1548,-33
111000124,666,1575,-909
111000125,604,723,-119
111000126,208,546,-338
111000127,1963,136,1827
111000128,4498,335,4163
111000129,4928,656,4272
111000130,4178,552,3626
111000131,4029,621,3408
111000132,3298,1815,1483
111000133,480,105,375
111000134,284,97,187
111000135,110,213,-103
111000136,603,444,159
111000138,68,5,63
111000140,2,3,-1
111000141,259,350,-91
111000142,3,194,-191
111000143,1,405,-404
111000144,23,1437,-1414
111000145,106,9,97
111000146,166,15,151
111000147,148,34,114
111000148,218,83,135
111000149,9,19,-10
111000150,55,9,46
111000151,1,49,-48
111000153,635,482,153
111000154,440,223,217
111000155,229,195,34
111000156,926,569,357
111000157,210,928,-718
111000158,1227,1251,-24
111000159,4904,1201,3703
111000160,655,401,254
111000161,18,677,-659
111000162,4,122,-118
111000163,1219,827,392
111000164,480,3436,-2956
111000165,666,306,360
111000166,505,147,358
111000167,171,301,-130
111000168,259,380,-121
111000169,414,360,54
111000170,379,261,118
111000171,619,525,94
111000172,279,270,9
111000173,362,570,-208
111000174,453,163,290
111000175,83,885,-802
111000176,636,48,588
111000177,1074,183,891
111000178,2918,238,2680
111000179,503,178,325
111000180,385,443,-58
111000181,2978,185,2793
111000182,414,158,256
111000183,426,362,64
111000184,456,244,212
111000185,693,363,330
111000186,457,246,211
111000187,269,127,142
111000188,536,390,146
111000189,472,361,111
111000190,184,199,-15
111000191,230,159,71
111000192,179,202,-23
111000193,438,130,308
111000194,77,240,-163
111000195,152,240,-88
111000196,116,86,30
111000197,1083,171,912
111000198,1009,104,905
111000199,437,203,234
111000200,1070,353,717
111000201,1190,161,1029
111000202,789,167,622
111000203,584,394,190
111000204,500,2488,-1988
111000213,340,569,-229
111000214,1631,903,728
111000215,1642,908,734
111000217,2534,893,1641
111000218,2213,1193,1020
111000219,317,187,130
111000220,989,836,153
111000221,306,260,46
111000224,6,202,-196
111000225,502,411,91
111000226,81,3,78
111000227,21,2,19
111000228,22,940,-918
111000229,35,1803,-1768
111000230,189,159,30
111000231,1518,260,1258
111000232,1349,574,775
111000233,2066,588,1478
111000234,300,865,-565
111000239,70,56,14
111000240,104,444,-340
111000241,68,172,-104
111000242,457,79,378
111000243,216,260,-44
111000244,1200,85,1115
111000245,1436,218,1218
111000246,1026,149,877
111000247,786,307,479
111000248,1053,392,661
111000249,705,228,477
111000250,98,40,58
111000251,100,75,25
111000253,36,24,12
111000255,65,10,55
111000257,159,27,132
111000260,78,739,-661
111000261,2334,167,2167
111000271,34,319,-285
111000273,3917,1219,2698
111000274,2063,3628,-1565
111000275,188,43,145
111000276,409,913,-504
111000277,329,219,110
111000278,516,199,317
111000291,1376,15212,-13836
111000298,692,149,543
111000299,1129,256,873
111000300,72,607,-535
111000302,512,71,441
111000303,110,111,-1
111000312,38,60,-22
111000315,6,78,-72
111000320,178,296,-118
111000321,755,250,505
111000322,585,163,422
111000323,530,54,476
111000324,502,232,270
111000325,101,94,7
111000326,322,216,106
111000327,498,320,178
111000328,468,683,-215
111000329,21,19,2
111000330,116,9,107
111000331,31,3,28
111000332,681,1285,-604
111000334,212,957,-745
111000335,2144,334,1810
111000337,2689,161,2528
111000338,181,60,121
111000339,1302,120,1182
111000340,358,600,-242
111000341,2431,1078,1353
111000342,109,934,-825
111000344,1675,704,971
111000345,143,82,61
111000346,20,260,-240
111000347,258,4,254
111000350,382,129,253
111000351,168,345,-177
111000352,285,236,49
111000353,220,209,11
111000354,660,426,234
111000355,392,813,-421
111000358,234,520,-286
111000360,299,173,126
111000361,214,69,145
111000546,1341,356,985
111000547,565,279,286
111000548,351,372,-21
111000549,440,295,145
111000550,40,1352,-1312
111000551,496,279,217
111000552,570,192,378
111000907,1050,15,1035
111000908,65,3,62
111000916,3325,229,3096
111000917,56,350,-294
111000918,313,302,11
111000920,1032,13,1019
111000921,7,98,-91
111000922,1145,210,935
111000924,49,323,-274
111000925,5898,2813,3085
111000926,1212,1107,105
111000927,3662,6602,-2940
111000928,3230,1748,1482
111000929,3243,1676,1567
111000930,1217,2113,-896
111000931,2512,3054,-542
111000932,2541,1380,1161
111000933,4211,4248,-37
111000934,1703,2109,-406
111000935,3463,1359,2104
111000936,1570,1400,170
111000937,1824,1965,-141
111000938,1507,881,626
111000939,1034,33,1001
111000940,979,58,921
111000941,522,309,213
111000943,1128,463,665
111000944,187,126,61
111000945,260,1106,-846
111001109,731,1241,-510
111001110,226,432,-206
111001111,219,5,214
111001112,118,37,81
111001113,1,255,-254
111001114,652,451,201
111001115,32,1849,-1817
111001116,2351,7180,-4829
111001117,478,3568,-3090
111001120,187,289,-102
111001121,230,199,31
111001122,284,166,118
111001123,502,133,369
111001124,156,62,94
111001125,4,322,-318
111900001,48,24,24
111900002,100,192,-92
111900003,9,162,-153
111900004,19,44,-25
111900006,40,101,-61
111900007,396,28,368
111900008,580,8,572
111900009,491,39,452
111900010,108,332,-224
111900012,33,69,-36
111900013,37,16,21
111900014,2335,8629,-6294
111900015,0,18,-18
111900016,0,24,-24
111900017,1,31,-30
111900018,316,29,287
111900019,1,152,-151
111900020,3,35,-32
111900021,43,59,-16
111900022,7,20,-13
111900023,40,47,-7
111900024,24,73,-49
111900025,0,33,-33
111900026,0,17,-17
111900027,4,45,-41
111900028,19,123,-104
111900029,6,41,-35
111900030,20,290,-270
111900031,17,15,2
111900032,0,94,-94
111900033,12,52,-40
111900034,87,337,-250
111900035,125,367,-242
111900036,0,72,-72
111900038,99,388,-289
111900039,51,155,-104
111900040,1,147,-146
111900042,51,96,-45
111900043,1,157,-156
111900044,45,194,-149
111900046,18,55,-37
111900048,601,221,380
111900049,22,137,-115
111900050,151,46,105
111900051,0,111,-111
111900052,136,267,-131
111900053,492,3600,-3108
111900054,373,4,369
111900055,10,185,-175
111900056,136,538,-402
111900057,175,5,170
111900058,1042,223,819
111900059,1766,1199,567
111900060,497,7,490
111900061,2,90,-88
111900062,91,155,-64
111900063,376,187,189
111900064,35,105,-70
111900065,216,28,188
111900066,281,210,71
111900067,2,215,-213
111900068,93,107,-14
111900069,97,40,57
111900070,398,72,326
111900071,0,108,-108
111900072,136,49,87
111900073,1913,326,1587
111900074,7,148,-141
111900075,151,35,116
111900076,615,154,461
111900077,94,11,83
111900078,586,62,524
111900079,111,79,32
111900080,128,260,-132
111900082,325,68,257
111900083,420,53,367
111900084,365,19,346
111900085,90,181,-91
111900086,163,25,138
111900087,145,9,136
111900088,1182,49,1133
111900089,273,19,254
111900090,58,113,-55
111900091,929,16,913
111900092,272,0,272
111900093,841,18,823
111900094,256,6,250
111900095,639,42,597
111900096,613,11,602
111900097,194,0,194
111900098,584,4,580
111900099,175,0,175
111900100,238,3,235
111900101,170,56,114
111900102,1257,433,824
111900103,60,152,-92
111900104,179,95,84
111900105,300,277,23
111900106,383,26,357
111900110,1633,283,1350
111900111,413,25,388
111900112,404,7158,-6754
111900113,267,155,112
111900118,591,149,442
111900119,524,251,273
111900122,109,154,-45
111900123,33,43,-10
111900124,36,29,7
111900125,904,113,791
111900126,640,8,632
111900127,0,161,-161
111900128,7,139,-132
111900129,461,6,455
111900130,343,77,266
111900131,1096,6,1090
111900132,36,352,-316
111900133,6,196,-190
111900134,7,155,-148
111900135,21,60,-39
111900136,101,198,-97
111900137,33,41,-8
111900138,9,52,-43
111900139,15,31,-16
111900140,215,30,185
111900141,120,9,111
111900142,91,18,73
111900143,172,67,105
111900144,0,24,-24
111900145,2,99,-97
111900146,1,86,-85
111900147,18,274,-256
111900148,19,476,-457
111900149,5,173,-168
111900150,15,87,-72
111900151,4,45,-41
111900152,101,115,-14
111900153,534,1135,-601
111900154,43,1049,-1006
111900155,112,257,-145
111900156,125,111,14
111900157,438,48,390
111900158,1036,172,864
111900159,842,110,732
111900160,633,3,630
111900161,576,3,573
111900162,181,401,-220
111900163,53,155,-102
111900164,227,51,176
111901113,1051,62,989
111901114,495,243,252
111901115,248,7,241
111901116,86,1,85
111901117,26,110,-84
111901118,38,730,-692
111901119,240,87,153
111901121,49,59,-10
111901122,6,132,-126
111901123,556,99,457
111901124,699,4,695
111901125,1060,241,819
111901127,339,1737,-1398
111901128,25,80,-55
111901129,0,71,-71
111901130,4,70,-66
111901131,1,140,-139
111901132,89,38,51
111901133,140,2,138
111901134,294,2,292
111901135,75,39,36
111901136,70,89,-19
111901137,1,62,-61
111901138,55,35,20
111901139,8,20,-12
111901140,2,44,-42
111901141,3,77,-74
111901142,2,65,-63
111901143,0,85,-85
111901144,43,87,-44
111901145,96,473,-377
111901146,57,5,52
112000001,3410,924,2486
112000002,947,1914,-967
112000003,3795,1356,2439
112000004,1095,368,727
112000005,5347,5341,6
112000006,925,714,211
112000007,7549,4809,2740
112000008,4588,5439,-851
112000009,3056,1596,1460
112000010,5588,7098,-1510
112000011,1806,1318,488
112000012,5465,8298,-2833
112000013,1982,4678,-2696
112000014,1507,5268,-3761
112000015,1673,4351,-2678
112000016,3425,5825,-2400
112000017,705,6860,-6155
112000024,1606,460,1146
112000026,2095,1879,216
112000027,831,766,65
112000028,766,888,-122
112000029,1047,1259,-212
112000030,206,41,165
112000031,1971,6871,-4900
112000032,205,37,168
112000033,1471,4611,-3140
112000034,99,50,49
112000035,56,1404,-1348
112000036,397,2223,-1826
112000037,1047,2296,-1249
112000038,1555,2914,-1359
112000039,131,73,58
112000040,27,211,-184
112000041,339,466,-127
112000042,791,346,445
112000050,1744,1407,337
112000051,1670,3419,-1749
112000054,1531,1467,64
112000057,1328,413,915
112000058,447,623,-176
112000059,505,704,-199
112000061,3488,1128,2360
112000062,574,1757,-1183
112000063,210,3587,-3377
112000064,3061,3657,-596
112000065,1054,2264,-1210
112000066,4319,2174,2145
112000067,550,576,-26
112000068,4368,3952,416
112000069,539,1899,-1360
112000070,2447,1161,1286
112000071,1351,1640,-289
112000072,3844,1053,2791
112000073,1747,2190,-443
112000074,1328,1399,-71
112000075,1627,1797,-170
112000076,3757,2486,1271
112000077,1618,421,1197
112000078,3342,829,2513
112000079,3142,1485,1657
112000080,1330,939,391
112000081,1187,2190,-1003
112000082,1555,788,767
112000083,946,1145,-199
112000084,1769,678,1091
112000085,2051,1245,806
112000086,2388,1123,1265
112000087,847,342,505
112000088,1259,295,964
112000089,550,431,119
112000090,386,329,57
112000091,837,476,361
112000092,3644,1096,2548
112000093,1996,543,1453
112000094,1170,841,329
112000095,1037,507,530
112000096,1119,614,505
112000097,2883,973,1910
112000098,580,526,54
112000099,983,2573,-1590
112000100,3434,759,2675
112000101,698,427,271
112000102,2579,453,2126
112000103,473,527,-54
112000105,442,565,-123
112000106,3109,467,2642
112000107,26,200,-174
112000108,680,1229,-549
112000109,82,82,0
112000110,3120,812,2308
112000111,715,5924,-5209
112000112,3619,839,2780
112000113,1400,1948,-548
112000114,3687,1184,2503
112000115,560,343,217
112000116,821,753,68
112000117,1635,681,954
112000118,972,771,201
112000119,495,663,-168
112000120,99,315,-216
112000121,268,256,12
112000122,620,127,493
112000123,1234,115,1119
112000124,919,95,824
112000125,430,423,7
112000126,695,229,466
112000127,2444,4578,-2134
112000128,723,1001,-278
112000129,112,106,6
112000130,396,156,240
112000131,69,138,-69
112000132,324,258,66
112000133,510,142,368
112000134,842,436,406
112000135,1956,1015,941
112000136,1263,2671,-1408
112000137,1873,7020,-5147
112000138,1248,3211,-1963
112000139,863,1059,-196
112000140,352,1147,-795
112000141,1859,629,1230
112000142,161,447,-286
112000143,2164,318,1846
112000144,294,680,-386
112000145,4447,625,3822
112000146,627,1259,-632
112000147,3926,2150,1776
112000148,1049,1511,-462
112000149,891,488,403
112000150,487,250,237
112000151,521,211,310
112000152,1359,299,1060
112000153,176,197,-21
112000154,284,492,-208
112000155,218,243,-25
112000157,483,1179,-696
112000158,516,265,251
112000159,1297,289,1008
112000167,583,228,355
112000169,261,762,-501
112000173,1908,388,1520
112000175,726,285,441
112000176,1091,1624,-533
112000177,1557,483,1074
112000178,85,274,-189
112000179,428,95,333
112000180,467,253,214
112000181,1413,931,482
112000182,2845,608,2237
112000183,36,12,24
112000184,656,217,439
112000185,1358,261,1097
112000187,6358,4055,2303
112000195,297,16,281
112000196,214,6,208
112000197,105,246,-141
112000198,62,306,-244
112000199,766,609,157
112000202,799,5,794
112000216,82,165,-83
112000230,171,4,167
112000231,3,119,-116
112000256,170,378,-208
112000313,102,40,62
112000314,72,82,-10
112000337,317,763,-446
112000352,172,494,-322
112000392,2309,910,1399
112000398,3121,875,2246
112000399,1733,8227,-6494
112000400,2114,1160,954
112000401,1725,1340,385
112000402,6607,7287,-680
112000403,1939,8475,-6536
112000404,2287,1737,550
112000405,4131,4282,-151
112000406,2513,1135,1378
112000407,13391,9833,3558
112000408,6427,3087,3340
112000409,1608,1909,-301
112000410,505,482,23
112000411,3017,2227,790
112000412,624,549,75
112000413,3963,11447,-7484
112000414,258,46,212
112000415,155,50,105
112000416,5197,1431,3766
112000417,418,131,287
112000421,79,48,31
112000422,451,184,267
112000424,1308,4849,-3541
112000425,609,371,238
112000426,345,310,35
112000427,3,23,-20
112000428,479,214,265
112000429,2744,2487,257
112000430,3227,4405,-1178
112000431,219,204,15
112000432,741,513,228
112000433,402,755,-353
112000437,83,95,-12
112900001,123,5,118
112900002,1135,303,832
112900003,110,104,6
112900004,101,91,10
112900005,532,99,433
112900006,50,137,-87
112900007,75,61,14
112900008,0,86,-86
112900009,747,255,492
112900010,1233,337,896
112900011,79,244,-165
112900012,14,16,-2
112900013,3,256,-253
112900014,15,108,-93
112900015,140,641,-501
112900016,2,191,-189
112900017,87,120,-33
112900018,0,69,-69
112900019,38,227,-189
112900020,248,806,-558
112900021,3,150,-147
112900022,28,33,-5
112900023,1,36,-35
112900024,19,94,-75
112900025,103,159,-56
112900026,4,68,-64
112900027,3,245,-242
112900028,33,88,-55
112900029,11,101,-90
112900030,62,34,28
112900031,4,167,-163
112900032,311,210,101
112900034,1,21,-20
112900035,0,122,-122
112900036,17,161,-144
112900037,315,278,37
112900038,1122,119,1003
112900039,11,160,-149
112900040,16,1513,-1497
112900041,570,1493,-923
112900042,217,196,21
112900043,84,85,-1
112900044,273,308,-35
112900045,139,158,-19
112900046,112,107,5
112900047,22,68,-46
112900049,551,69,482
112900050,24,636,-612
112900051,288,358,-70
112900052,54,337,-283
112900053,180,367,-187
112900054,280,68,212
112900055,138,62,76
112900056,544,384,160
112900057,14,141,-127
112900058,417,507,-90
112900059,175,537,-362
112900060,51,56,-5
112900061,159,178,-19
112900062,117,97,20
112900063,40,27,13
112900064,46,225,-179
112900065,30,64,-34
112900066,310,359,-49
112900067,355,84,271
112900068,52,122,-70
112900069,2175,1735,440
112900071,48,10,38
112900072,328,6064,-5736
112900073,568,384,184
112900074,146,524,-378
112900075,1045,2044,-999
112900076,74,52,22
112900078,465,839,-374
112900079,398,29,369
112900080,168,13,155
112900081,189,648,-459
112900082,807,86,721
112900083,290,277,13
112900084,507,356,151
112900086,164,5,159
112900087,2607,282,2325
112900088,395,12,383
112900089,1307,66,1241
112900090,185,139,46
112900091,660,21,639
112900092,74,1066,-992
112900093,1791,48,1743
112900095,132,2,130
112900096,1055,364,691
112900097,184,205,-21
112900098,180,2,178
112900099,1615,34,1581
112900100,177,11,166
112900101,816,17,799
112900102,155,34,121
112900103,433,13,420
112900104,254,11,243
112900105,31,0,31
112900106,560,190,370
112900107,5,1,4
112900108,12,0,12
112900109,312,3,309
112900110,2534,48,2486
112900111,1337,12,1325
112900112,502,5,497
112900113,0,3,-3
112900114,442,58,384
112900115,3011,14,2997
112900116,139,5,134
112900117,100,48,52
112900118,10,148,-138
112900119,241,5,236
112900120,603,338,265
112900121,78,74,4
112900122,8,68,-60
112900123,431,39,392
112900124,16,50,-34
112900125,22,615,-593
112900126,119,116,3
112900127,629,298,331
112900128,105,609,-504
112900129,1,545,-544
112900130,275,189,86
112900131,69,880,-811
112900132,131,612,-481
112900133,16,1679,-1663
112900134,0,228,-228
112900135,166,107,59
112900137,7,276,-269
112900138,11,86,-75
112900139,56,623,-567
112900141,1275,23,1252
112900142,82,473,-391
112900143,5,704,-699
112900144,1,136,-135
112900145,15,298,-283
112900146,2,425,-423
112900147,1,493,-492
112900148,130,8,122
112900149,393,395,-2
112900151,7,59,-52
112900152,3589,492,3097
112900153,441,4331,-3890
112900154,0,42,-42
112900155,238,18,220
112900156,912,341,571
112900157,687,23,664
112900158,155,8,147
112900159,256,327,-71
112900160,40,191,-151
112900161,273,101,172
112900162,28,36,-8
112900163,47,90,-43
112900164,142,225,-83
112900165,132,59,73
112900166,24,138,-114
112900167,8,561,-553
112900168,7,8,-1
112900169,8,38,-30
112900170,142,277,-135
112900172,49,37,12
112900173,207,125,82
112900174,628,79,549
112900175,161,366,-205
112900176,37,51,-14
112900177,281,100,181
112900178,759,4286,-3527
112900179,25,463,-438
112900180,3142,1642,1500
112900181,1620,8,1612
112900182,106,367,-261
112900183,97,357,-260
112900184,394,665,-271
112900185,144,998,-854
112900186,1044,1701,-657
112900187,102,779,-677
112900188,543,4405,-3862
112900189,16,4,12
112900190,23,42,-19
112900192,995,734,261
112900193,1394,476,918
112900194,76,10,66
112900195,1188,65,1123
112900196,355,398,-43
112900197,168,359,-191
112900199,1235,271,964
112900200,873,83,790
112900201,236,149,87
112900202,858,468,390
112900203,558,120,438
112900204,519,564,-45
112900205,16,1,15
112900206,57,72,-15
112900207,19,2,17
112900208,105,477,-372
112900209,175,317,-142
112900210,4,33,-29
112900211,131,11,120
112900212,0,37,-37
112900213,104,4,100
112900214,25,20,5
112900215,21,64,-43
112900216,25,44,-19
112900217,3,20,-17
112900218,124,38,86
112900219,159,1,158
112900220,0,0,0
112900221,64,121,-57
112900222,0,85,-85
112900223,1500,48,1452
112900224,854,252,602
112900225,918,226,692
112900226,222,564,-342
112900227,1689,367,1322
112900228,132,73,59
112900229,668,12,656
112900230,10381,3940,6441
112900232,513,424,89
112900233,86,77,9
112900234,35,16,19
112900235,15,14,1
112900236,798,21,777
112900237,472,67,405
112900238,28,1,27
112900239,637,1160,-523
113000001,7157,6264,893
113000002,6039,4434,1605
113000003,2599,1845,754
113000004,2774,2366,408
113000005,2304,1721,583
113000006,1505,1848,-343
113000007,3485,1841,1644
113000008,2514,2269,245
113000009,1942,842,1100
113000010,1904,1239,665
113000011,1870,1222,648
113000012,2228,980,1248
113000013,951,643,308
113000014,1099,1955,-856
113000015,186,277,-91
113000016,384,1070,-686
113000017,126,381,-255
113000018,398,57,341
113000019,319,293,26
113000020,336,97,239
113000021,1815,1012,803
113000022,1057,3017,-1960
113000025,205,424,-219
113000026,955,1266,-311
113000027,720,2124,-1404
113000028,774,3183,-2409
113000029,1465,1004,461
113000030,227,469,-242
113000031,180,201,-21
113000032,309,452,-143
113000033,350,500,-150
113000034,234,124,110
113000035,16,41,-25
113000036,28,79,-51
113000037,53,25,28
113000038,19,97,-78
113000039,57,267,-210
113000040,66,129,-63
113000042,998,622,376
113000051,1856,2966,-1110
113000052,3101,632,2469
113000053,979,502,477
113000054,916,861,55
113000055,2428,583,1845
113000056,2140,1295,845
113000058,602,954,-352
113000059,1140,383,757
113000060,483,722,-239
113000061,807,936,-129
113000062,561,468,93
113000063,638,88,550
113000064,132,210,-78
113000065,196,488,-292
113000066,1533,134,1399
113000067,4181,1046,3135
113000068,666,558,108
113000069,856,416,440
113000070,3916,995,2921
113000071,854,494,360
113000072,1571,457,1114
113000073,436,1739,-1303
113000074,1143,482,661
113000075,2252,986,1266
113000076,550,3921,-3371
113000077,877,1317,-440
113000078,474,2274,-1800
113000079,519,1333,-814
113000080,723,1459,-736
113000081,1110,1465,-355
113000082,1165,1139,26
113000083,730,901,-171
113000084,2027,1335,692
113000085,1131,637,494
113000086,1318,1427,-109
113000087,1294,1684,-390
113000088,2358,1775,583
113000089,883,1985,-1102
113000090,190,1031,-841
113000091,342,613,-271
113000094,1739,428,1311
113000095,253,993,-740
113000096,161,1239,-1078
113000097,1493,660,833
113000098,174,70,104
113000099,1541,705,836
113000100,125,746,-621
113000101,216,1450,-1234
113000102,901,964,-63
113000103,3152,344,2808
113000104,863,3573,-2710
113000105,1219,548,671
113000106,563,387,176
113000107,1470,1095,375
113000108,1113,998,115
113000109,632,1565,-933
113000110,6512,923,5589
113000111,301,730,-429
113000112,802,405,397
113000113,1777,468,1309
113000114,352,1619,-1267
113000116,780,332,448
113000117,1436,244,1192
113000118,50,903,-853
113000119,484,551,-67
113000120,61,462,-401
113000121,572,1772,-1200
113000124,402,143,259
113000125,78,1396,-1318
113000127,1852,296,1556
113000128,2088,323,1765
113000129,607,1203,-596
113000133,3573,916,2657
113000134,5,1841,-1836
113000135,5727,6657,-930
113000137,962,4112,-3150
113000139,445,424,21
113000140,48,178,-130
113000141,125,305,-180
113000142,259,1061,-802
113000143,362,225,137
113000144,308,630,-322
113000145,106,135,-29
113000146,195,43,152
113000147,206,61,145
113000148,313,162,151
113000149,190,252,-62
113000150,557,492,65
113000151,35,33,2
113000152,22,307,-285
113000153,1561,392,1169
113000154,706,2103,-1397
113000155,571,891,-320
113000156,270,442,-172
113000157,419,610,-191
113000158,738,291,447
113000159,1256,602,654
113000160,807,444,363
113000161,717,248,469
113000162,1385,332,1053
113000163,186,33,153
113000164,31,59,-28
113000166,342,91,251
113000167,122,85,37
113000168,183,110,73
113000169,327,69,258
113000170,142,85,57
113000171,38,101,-63
113000172,379,48,331
113000173,77,26,51
113000174,260,154,106
113000175,762,162,600
113000176,773,95,678
113000177,223,171,52
113000178,204,134,70
113000179,426,169,257
113000180,1183,2068,-885
113000181,1590,730,860
113000182,201,487,-286
113000183,209,829,-620
113000184,31,117,-86
113000189,352,1254,-902
113000190,169,332,-163
113000192,678,7792,-7114
113000193,2026,5495,-3469
113000194,1239,4908,-3669
113000195,1802,4640,-2838
113000196,410,135,275
113000197,2606,3767,-1161
113000198,193,289,-96
113000199,2234,478,1756
113000201,454,976,-522
113000202,16941,3715,13226
113000203,124,975,-851
113000204,593,8964,-8371
113000205,21,10,11
113000206,8,74,-66
113000207,80,11,69
113000208,33,64,-31
113000209,12,18,-6
113000210,4,22,-18
113000211,91,524,-433
113000212,57,111,-54
113000213,24,131,-107
113000214,162,451,-289
113000234,315,739,-424
113000410,26,276,-250
113000411,1996,3839,-1843
113000412,5183,1640,3543
113000413,1001,3379,-2378
113000414,3837,15102,-11265
113000415,2216,1694,522
113000416,2999,2555,444
113000417,1476,1920,-444
113000418,4614,4765,-151
113000419,1896,2743,-847
113000420,2858,7129,-4271
113000421,5405,8992,-3587
113000422,11882,11707,175
113000423,1550,7330,-5780
113000424,3151,12808,-9657
113000425,81,88,-7
113000428,121,9,112
113000430,8,49,-41
113000432,3696,337,3359
113000433,137,608,-471
113000434,21,126,-105
113000435,39,226,-187
113000436,21,590,-569
113000437,2087,39,2048
113000438,654,22,632
113000439,24,65,-41
113000440,240,58,182
113000441,306,259,47
113000442,326,54,272
113000443,479,171,308
113000444,510,66,444
113000445,167,95,72
113000446,47,123,-76
113000448,1155,343,812
113000449,218,1379,-1161
113000450,1758,3604,-1846
113000451,4967,446,4521
113000452,160,899,-739
113000453,47,1089,-1042
113000454,450,279,171
113000455,23,2564,-2541
113000456,3610,2951,659
113000468,988,95,893
113000469,83,330,-247
113000470,683,25,658
113000471,23,532,-509
113000472,78,334,-256
113000474,1679,911,768
113000475,1833,1209,624
113000476,3088,2470,618
113000477,6050,2098,3952
113000478,3894,3052,842
113000479,219,121,98
113000480,123,1058,-935
113000484,0,0,0
113000485,0,0,0
113000486,0,0,0
113000487,0,0,0
113000488,0,0,0
113000489,0,0,0
113000490,0,0,0
113000491,0,0,0
113000492,0,0,0
113000493,0,0,0
113000495,486,141,345
113000496,279,172,107
113000499,0,0,0
113900001,26,3082,-3056
113900002,0,125,-125
113900003,4,343,-339
113900004,5,521,-516
113900005,4,975,-971
113900006,4,43,-39
113900007,100,28,72
113900008,34,0,34
113900009,76,0,76
113900010,139,5,134
113900011,216,0,216
113900012,132,4,128
113900013,124,7,117
113900014,1278,3,1275
113900015,0,34,-34
113900016,33,0,33
113900017,3,62,-59
113900018,260,421,-161
113900019,247,47,200
113900020,288,9,279
113900022,139,3,136
113900023,60,3,57
113900024,81,64,17
113900025,289,16,273
113900026,104,0,104
113900027,18,136,-118
113900028,51,200,-149
113900029,136,192,-56
113900030,555,2,553
113900031,125,7,118
113900032,66,2,64
113900033,111,71,40
113900035,67,0,67
113900036,49,103,-54
113900037,300,371,-71
113900038,26,194,-168
113900039,289,44,245
113900040,31,58,-27
113900041,22,12,10
113900042,144,33,111
113900043,236,89,147
113900044,143,397,-254
113900045,85,1,84
113900046,348,1943,-1595
113900047,120,124,-4
113900048,134,128,6
113900049,221,447,-226
113900050,367,724,-357
113900051,401,289,112
113900052,123,130,-7
113900053,745,1149,-404
113900054,70,2,68
113900055,140,435,-295
113900056,76,160,-84
113900057,27,56,-29
113900058,133,50,83
113900059,330,261,69
113900060,139,424,-285
113900061,634,195,439
113900062,158,20,138
113900063,195,122,73
113900064,54,105,-51
113900065,687,23,664
113900066,782,151,631
113900067,410,224,186
113900068,680,1105,-425
113900069,67,44,23
113900070,108,299,-191
113900071,157,30,127
113900072,88,89,-1
113900073,642,483,159
113900074,286,452,-166
113900075,1181,2889,-1708
113900076,175,20,155
113900077,104,170,-66
113900078,58,19,39
113900079,7,35,-28
113900080,765,229,536
113900081,102,90,12
113900082,198,234,-36
113900083,656,142,514
113900084,226,171,55
113900085,71,175,-104
113900086,91,10,81
113900087,167,177,-10
113900088,140,169,-29
113900089,637,74,563
113900090,748,475,273
113900091,6,8,-2
113900092,45,72,-27
113900093,98,1465,-1367
113900094,960,324,636
113900095,167,343,-176
113900096,513,92,421
113900097,36,41,-5
113900098,1258,269,989
113900099,2,17,-15
113900100,1,2,-1
113900101,25,76,-51
113900102,99,189,-90
113900103,276,637,-361
113900104,113,471,-358
113900105,314,56,258
113900106,1,36,-35
113900107,5,5,0
113900108,126,272,-146
113900109,313,308,5
113900110,62,15,47
113900111,270,77,193
113900112,292,57,235
113900113,1756,386,1370
113900114,3,15,-12
113900115,1,39,-38
113900116,82,308,-226
113900117,57,43,14
113900118,194,761,-567
113900119,176,504,-328
113900120,131,51,80
113900121,129,74,55
113900122,667,4332,-3665
113900123,778,273,505
113900124,1,109,-108
113900125,1262,184,1078
113900126,139,54,85
113900127,502,1025,-523
113900128,309,103,206
113900129,4,276,-272
113900130,4,305,-301
113900131,406,38,368
113900132,22,117,-95
113900133,9,41,-32
113900135,372,471,-99
113900136,135,76,59
113900137,475,502,-27
113900138,39,380,-341
113900139,298,290,8
113900140,48,355,-307
113900141,880,323,557
113900142,163,59,104
113900143,30,83,-53
113900144,72,774,-702
113900145,412,267,145
113900146,314,133,181
113900148,125,299,-174
113900149,280,121,159
113900150,334,309,25
113900151,560,172,388
113900152,74,75,-1
113900153,150,617,-467
113900154,3,131,-128
113900155,81,225,-144
113900156,350,352,-2
113900157,60,472,-412
113900158,131,857,-726
113900159,8,232,-224
113900160,456,385,71
113900161,144,444,-300
113900162,208,1520,-1312
113900163,354,332,22
113900164,674,41,633
113900165,784,495,289
113900166,31,89,-58
113900167,616,52,564
113900168,50,65,-15
113900169,286,362,-76
113900171,389,82,307
113900172,5,53,-48
113900173,24,302,-278
113900174,517,540,-23
113900175,354,233,121
113900176,398,281,117
113900177,356,248,108
113900178,433,249,184
113900179,54,213,-159
113900180,182,126,56
113900181,1365,250,1115
113900182,827,480,347
113900183,90,79,11
113900184,14,277,-263
113900185,163,70,93
113900186,71,20,51
113900187,38,125,-87
113900188,26,134,-108
113900189,372,300,72
113900190,187,121,66
113900191,100,128,-28
113900192,10,1214,-1204
113900193,9,91,-82
113900194,1446,528,918
113900195,223,557,-334
113900196,2,393,-391
113900197,2,91,-89
113900198,46,699,-653
113900199,102,522,-420
113900200,26,197,-171
113900201,1,65,-64
113900202,63,144,-81
113900203,0,30,-30
113900204,32,205,-173
113900205,10,54,-44
113900206,10,124,-114
113900207,2,50,-48
113900208,0,45,-45
113900209,0,46,-46
113900210,639,882,-243
113900211,310,78,232
113900212,360,289,71
113900214,377,919,-542
113900215,104,76,28
113900216,221,584,-363
113900217,164,99,65
113900218,131,88,43
113900219,201,1216,-1015
113900220,166,201,-35
113900221,348,450,-102
113900222,204,702,-498
113900223,265,264,1
113900224,81,78,3
113900225,602,128,474
113900226,546,154,392
113900227,533,313,220
113900228,327,733,-406
113900229,43,1504,-1461
113900230,2239,3766,-1527
113900231,161,106,55
113900232,214,33,181
113900233,157,72,85
113900234,562,597,-35
113900235,220,33,187
113900236,476,123,353
113900237,269,19,250
113900238,279,881,-602
113900239,59,257,-198
113900240,7,265,-258
113900241,61,93,-32
113900242,47,462,-415
113900243,77,293,-216
113900244,127,223,-96
113900245,691,468,223
113900246,10,47,-37
113900247,110,855,-745
113900248,2704,2530,174
113900249,515,751,-236
113900250,77,402,-325
113900251,1554,94,1460
113900252,1417,23,1394
113900253,1104,85,1019
113900254,828,285,543
113900255,964,26,938
113900256,601,44,557
113900257,28,289,-261
113900258,41,266,-225
113900259,981,69,912
113900260,385,10,375
113900261,42,57,-15
113900262,230,327,-97
113900263,44,331,-287
113900264,4,254,-250
113900265,182,391,-209
113900266,33,122,-89
113900267,88,1437,-1349
113900268,376,475,-99
113900269,133,143,-10
113900270,163,748,-585
113900271,865,406,459
113900273,10,8,2
113900274,104,37,67
113900275,12,152,-140
113900276,1,89,-88
113900277,252,4,248
113900278,332,167,165
113900279,59,84,-25
113900280,1865,734,1131
113900281,239,1584,-1345
113900282,442,466,-24
113900283,597,676,-79
113900284,1287,181,1106
113900285,143,54,89
113900286,34,21,13
113900287,107,32,75
113900288,1,126,-125
113900289,353,109,244
113900290,358,496,-138
113900291,115,79,36
113900292,15,15,0
113900293,8,193,-185
113900294,800,26,774
113900295,600,687,-87
113900296,2823,430,2393
113900297,3195,67,3128
113900298,19,1436,-1417
113900299,215,14,201
113900300,6579,5638,941
113900301,721,753,-32
113900302,1606,1343,263
113900303,177,1021,-844
113900304,1,86,-85
113900305,179,0,179
113900306,144,0,144
113900307,15,0,15
113900308,62,140,-78
113900309,0,368,-368
113900310,0,4,-4
113900311,18,0,18
113900312,182,278,-96
113900313,17,1,16
114000001,1079,2094,-1015
114000002,666,304,362
114000003,130,188,-58
114000004,639,191,448
114000005,562,167,395
114000006,1337,1638,-301
114000007,935,1090,-155
114000008,1796,2609,-813
114000009,1821,422,1399
114000011,4013,1953,2060
114000012,4899,1450,3449
114000013,2993,978,2015
114000014,827,142,685
114000015,3274,209,3065
114000016,443,119,324
114000017,112,936,-824
114000018,125,19,106
114000026,3853,1229,2624
114000027,6283,2671,3612
114000028,2829,4483,-1654
114000038,477,123,354
114000039,132,28,104
114000040,175,391,-216
114000042,267,181,86
114000043,105,47,58
114000044,469,22,447
114000045,46,43,3
114000046,2580,4607,-2027
114000047,29,98,-69
114000048,144,55,89
114000049,2248,2059,189
114000050,2333,2364,-31
114000051,3712,2826,886
114000052,4627,3552,1075
114000053,133,790,-657
114000054,211,700,-489
114000055,324,84,240
114000056,208,1197,-989
114000057,4009,2275,1734
114000058,83,1674,-1591
114000059,59,1023,-964
114000060,783,778,5
114000061,2988,4516,-1528
114000062,562,2623,-2061
114000063,1165,1180,-15
114000064,1946,4917,-2971
114000065,980,2270,-1290
114000066,764,1015,-251
114000067,18,1431,-1413
114000068,646,1083,-437
114000069,1262,746,516
114000070,2482,2447,35
114000071,1232,647,585
114000072,1103,169,934
114000073,24,18,6
114000074,161,23,138
114000075,93,47,46
114000076,48,39,9
114000077,12,12,0
114000078,784,333,451
114000079,505,40,465
114000080,91,96,-5
114000081,120,84,36
114000082,57,296,-239
114000083,94,114,-20
114000084,403,116,287
114000085,87,278,-191
114000086,404,178,226
114000087,362,80,282
114000088,33,14,19
114000089,533,244,289
114000090,1251,1657,-406
114000091,1388,1077,311
114000092,868,505,363
114000093,1756,788,968
114000094,602,585,17
114000095,386,252,134
114000096,106,275,-169
114000097,116,247,-131
114000098,867,168,699
114000099,1356,125,1231
114000100,2594,392,2202
114000101,675,316,359
114000102,1087,398,689
114000103,124,155,-31
114000104,58,208,-150
114000105,250,117,133
114000106,1002,3009,-2007
114000107,1039,177,862
114000108,685,727,-42
114000109,1186,2393,-1207
114000110,583,812,-229
114000111,3258,1598,1660
114000112,396,992,-596
114000113,1754,693,1061
114000114,602,670,-68
114000115,2719,1270,1449
114000116,1414,5126,-3712
114000117,6381,990,5391
114000118,5008,606,4402
114000119,4054,784,3270
114000120,792,739,53
114000121,738,740,-2
114000122,660,398,262
114000123,3633,466,3167
114000124,1725,505,1220
114000125,1403,1133,270
114000126,2681,317,2364
114000127,290,108,182
114000128,1150,242,908
114000130,527,458,69
114000131,362,158,204
114000132,812,374,438
114000133,632,1464,-832
114000134,120,47,73
114000138,29,114,-85
114000139,537,631,-94
114000144,1006,927,79
114000145,91,103,-12
114000146,167,78,89
114000147,1776,3330,-1554
114000148,949,2051,-1102
114000149,362,529,-167
114000150,333,757,-424
114000151,638,2586,-1948
114000152,121,57,64
114000153,672,2756,-2084
114000154,689,534,155
114000155,1374,4040,-2666
114000156,852,914,-62
114000157,417,1977,-1560
114000158,1106,649,457
114000159,118,507,-389
114000160,78,635,-557
114000161,1136,4047,-2911
114000162,1820,3916,-2096
114000163,30,41,-11
114000165,535,570,-35
114000166,576,748,-172
114000167,2637,1866,771
114000168,503,336,167
114000169,1260,1978,-718
114000170,1392,2166,-774
114000171,2215,12758,-10543
114000174,167,343,-176
114000176,261,705,-444
114000177,693,428,265
114000178,60,91,-31
114000179,1029,915,114
114000180,273,319,-46
114000181,1792,7807,-6015
114000182,1116,3051,-1935
114000183,686,879,-193
114000184,2079,636,1443
114000185,1664,840,824
114000189,2167,193,1974
114000190,4885,618,4267
114000191,116,317,-201
114000192,159,707,-548
114000193,269,983,-714
114000194,1978,810,1168
114000195,414,225,189
114000196,3,69,-66
114000197,2961,31,2930
114000198,685,382,303
114000199,1530,1737,-207
114000200,664,972,-308
114000201,246,578,-332
114000202,1113,589,524
114000203,646,556,90
114000204,151,492,-341
114000205,233,1031,-798
114000206,1029,1262,-233
114000207,527,798,-271
114000208,559,1224,-665
114000209,444,1287,-843
114000210,258,700,-442
114000211,1890,1273,617
114000212,1121,1157,-36
114000213,2694,682,2012
114000214,93,64,29
114000215,321,89,232
114000216,2245,403,1842
114000217,604,201,403
114000218,338,105,233
114000219,2263,240,2023
114000220,35,566,-531
114000221,1767,287,1480
114000222,199,492,-293
114000223,989,224,765
114000224,65,341,-276
114000225,469,353,116
114000226,321,173,148
114000227,1157,618,539
114000228,1296,492,804
114000229,1992,1224,768
114000230,2199,842,1357
114000231,1672,1656,16
114000232,1495,207,1288
114000233,3488,110,3378
114000234,1732,540,1192
114000235,1945,1136,809
114000236,2,245,-243
114000237,179,536,-357
114000238,169,265,-96
114000239,193,719,-526
114000240,1164,1181,-17
114000241,356,699,-343
114000242,716,525,191
114000243,2751,1078,1673
114000244,702,326,376
114000245,675,938,-263
114000246,127,34,93
114000247,629,565,64
114000248,2405,813,1592
114000249,790,394,396
114000250,1004,380,624
114000251,557,214,343
114000252,157,23,134
114000253,65,110,-45
114000254,99,24,75
114000255,658,261,397
114000256,539,3352,-2813
114000257,419,790,-371
114000258,440,200,240
114000259,200,326,-126
114000260,0,28,-28
114000261,35,25,10
114000262,442,172,270
114000263,7,2,5
114000264,2444,347,2097
114000265,0,3,-3
114000267,1,2187,-2186
114000268,71,587,-516
114000270,119,1,118
114000271,322,103,219
114000283,2118,370,1748
114000285,19,109,-90
114000288,252,279,-27
114000289,2482,130,2352
114000293,374,584,-210
114000294,264,280,-16
114000395,1664,23,1641
114000396,952,946,6
114000402,1247,192,1055
114000403,527,232,295
114000405,380,230,150
114000423,601,197,404
114000424,917,210,707
114000425,1541,166,1375
114000426,426,1045,-619
114000427,127,90,37
114000428,78,180,-102
114000429,7,123,-116
114000432,147,67,80
114000434,40,61,-21
114000435,22,50,-28
114900001,1086,384,702
114900002,616,218,398
114900003,1286,429,857
114900004,288,686,-398
114900005,905,340,565
114900006,113,141,-28
114900007,482,49,433
114900008,427,115,312
114900010,1269,2087,-818
114900011,476,180,296
114900013,471,115,356
114900015,159,816,-657
114900018,1152,34,1118
114900020,193,114,79
114900022,0,610,-610
114900024,296,127,169
114900025,889,150,739
114900026,97,192,-95
114900027,579,169,410
114900029,33,10,23
114900030,548,280,268
114900031,837,36,801
114900032,886,23,863
114900033,543,2212,-1669
114900034,43,60,-17
114900035,114,355,-241
114900036,279,220,59
114900037,109,77,32
114900038,311,273,38
114900039,771,154,617
114900040,194,51,143
114900041,1589,156,1433
114900042,2033,312,1721
114900043,289,140,149
114900044,286,66,220
114900046,31,38,-7
114900047,278,4725,-4447
114900048,32,138,-106
114900049,4,60,-56
114900050,102,108,-6
114900051,30,153,-123
114900052,54,296,-242
114900053,96,205,-109
114900054,46,33,13
114900057,294,32,262
114900058,0,28,-28
114900059,170,109,61
114900060,306,983,-677
114900061,104,37,67
114900062,153,347,-194
114900063,94,50,44
114900064,3320,199,3121
114900065,810,938,-128
114900067,69,426,-357
114900068,32,78,-46
114900069,154,42,112
114900070,924,258,666
114900072,4,234,-230
114900073,1,64,-63
114900074,1355,203,1152
114900075,475,11,464
114900076,8,267,-259
114900080,1077,160,917
114900082,2352,3697,-1345
114900083,512,1112,-600
114900090,838,239,599
114900091,95,151,-56
114900095,226,64,162
114900096,223,445,-222
114900097,299,3,296
114900098,4,75,-71
114900099,421,25,396
115000001,4619,2152,2467
115000002,6050,7400,-1350
115000003,5177,1684,3493
115000004,7433,8289,-856
115000005,2306,2488,-182
115000006,1701,1882,-181
115000007,251,280,-29
115000008,603,754,-151
115000009,502,323,179
115000010,410,245,165
115000013,76,281,-205
115000015,60,350,-290
115000016,171,396,-225
115000019,65,569,-504
115000020,220,1402,-1182
115000021,292,430,-138
115000022,500,273,227
115000023,386,647,-261
115000024,957,354,603
115000025,1320,838,482
115000026,299,300,-1
115000027,618,358,260
115000028,371,635,-264
115000029,1103,148,955
115000030,707,1006,-299
115000031,1253,385,868
115000032,10,181,-171
115000033,271,52,219
115000034,166,1234,-1068
115000035,1332,84,1248
115000036,1,473,-472
115000037,724,40,684
115000038,109,176,-67
115000039,3165,5240,-2075
115000040,4224,2871,1353
115000041,2393,6431,-4038
115000042,578,779,-201
115000043,4818,3746,1072
115000044,3687,3731,-44
115000045,3349,1137,2212
115000046,4183,3192,991
115000047,4225,1560,2665
115000048,2928,1953,975
115000049,1450,3476,-2026
115000050,4388,1791,2597
115000051,1946,5523,-3577
115000052,1383,1585,-202
115000053,3585,3310,275
115000054,611,792,-181
115000055,158,927,-769
115000056,150,372,-222
115000057,648,1645,-997
115000058,241,479,-238
115000059,261,476,-215
115000061,151,266,-115
115000062,265,549,-284
115000063,591,529,62
115000064,344,169,175
115000065,78,514,-436
115000067,352,50,302
115000069,136,327,-191
115000070,30,1047,-1017
115000071,88,36,52
115000072,7,62,-55
115000073,1849,106,1743
115000075,159,87,72
115000076,2838,2336,502
115000077,2935,1571,1364
115000078,2525,899,1626
115000079,2428,1234,1194
115000080,4873,1455,3418
115000081,313,519,-206
115000082,7067,5777,1290
115000083,3007,1145,1862
115000084,5017,1294,3723
115000085,1856,809,1047
115000086,2058,792,1266
115000087,596,1922,-1326
115000088,2298,763,1535
115000089,1619,1172,447
115000090,562,1112,-550
115000091,350,524,-174
115000092,1148,919,229
115000093,900,3,897
115000094,5186,9848,-4662
115000095,4259,9235,-4976
115000096,1491,1029,462
115000097,2701,1746,955
115000098,2524,728,1796
115000099,3695,1609,2086
115000100,2031,370,1661
115000101,759,928,-169
115000102,741,243,498
115000103,313,481,-168
115000105,90,67,23
115000106,1270,595,675
115000107,286,287,-1
115000108,2170,2134,36
115000109,4065,6825,-2760
115000110,1517,3073,-1556
115000111,485,1412,-927
115000112,924,1366,-442
115000113,664,1206,-542
115000114,1450,633,817
115000116,3153,2429,724
115000117,2361,2673,-312
115000118,2633,2441,192
115000119,1897,2764,-867
115000120,758,1706,-948
115000121,654,900,-246
115000122,951,2396,-1445
115000123,1153,2606,-1453
115000124,892,1419,-527
115000125,394,1154,-760
115000126,174,516,-342
115000127,540,245,295
115000128,396,1011,-615
115000129,196,701,-505
115000130,543,492,51
115000131,1235,333,902
115000132,519,428,91
115000133,1000,259,741
115000134,438,516,-78
115000135,253,320,-67
115000136,317,361,-44
115000137,126,362,-236
115000138,508,256,252
115000139,276,249,27
115000140,503,213,290
115000141,424,154,270
115000142,324,94,230
115000143,1320,732,588
115000144,725,78,647
115000145,380,140,240
115000146,734,563,171
115000147,478,550,-72
115000148,502,565,-63
115000149,1082,304,778
115000150,986,505,481
115000151,2133,557,1576
115000152,1221,989,232
115000153,2113,582,1531
115000154,1397,338,1059
115000155,1121,1159,-38
115000156,920,1110,-190
115000157,563,1170,-607
115000158,504,430,74
115000159,444,882,-438
115000160,634,851,-217
115000161,1492,554,938
115000162,556,1220,-664
115000163,514,766,-252
115000164,580,1009,-429
115000165,323,906,-583
115000167,137,190,-53
115000168,516,661,-145
115000169,454,1080,-626
115000170,77,210,-133
115000171,200,505,-305
115000172,841,885,-44
115000173,368,1274,-906
115000174,89,901,-812
115000175,232,263,-31
115000176,56,204,-148
115000177,85,259,-174
115000178,5,197,-192
115000179,32,81,-49
115000180,111,254,-143
115000181,1287,154,1133
115000182,1623,295,1328
115000183,702,513,189
115000186,775,231,544
115000187,255,471,-216
115000188,500,655,-155
115000189,284,315,-31
115000190,972,486,486
115000191,363,600,-237
115000194,119,161,-42
115000195,245,542,-297
115000196,439,121,318
115000197,518,155,363
115000198,860,146,714
115000199,805,112,693
115000200,704,172,532
115000201,268,261,7
115000206,559,65,494
115000207,460,273,187
115000208,416,790,-374
115000209,1056,474,582
115000210,175,191,-16
115000211,375,237,138
115000212,1350,419,931
115000224,350,109,241
115000225,125,78,47
115000229,241,138,103
115000230,113,956,-843
115000231,397,941,-544
115000232,3680,385,3295
115000233,159,273,-114
115000234,43,316,-273
115000241,154,102,52
115000242,330,123,207
115000243,163,107,56
115000244,4,169,-165
115000246,138,51,87
115000247,69,38,31
115000248,99,15,84
115000249,14,16,-2
115000250,387,21,366
115000251,444,68,376
115000252,119,213,-94
115000253,29,495,-466
115000258,538,76,462
115000259,295,79,216
115000261,34,29,5
115000262,22,88,-66
115000263,29,48,-19
115000264,15,42,-27
115000267,95,128,-33
115000268,73,123,-50
115000269,162,58,104
115000270,5,15,-10
115000272,75,99,-24
115000273,781,48,733
115000280,1990,244,1746
115000281,365,623,-258
115000282,1260,1274,-14
115000284,127,242,-115
115000296,577,3,574
115000297,186,192,-6
115000298,73,499,-426
115000300,288,132,156
115000302,959,120,839
115000303,1588,82,1506
115000304,1572,77,1495
115000305,146,319,-173
115000306,307,196,111
115000307,222,194,28
115000308,13,33,-20
115000309,23,127,-104
115000310,2507,485,2022
115000311,2273,1419,854
115000313,187,269,-82
115000314,1101,249,852
115000315,1210,1127,83
115000316,121,172,-51
115000317,240,505,-265
115000318,1047,441,606
115000319,64,220,-156
115000320,25,566,-541
115000321,351,14,337
115000322,104,184,-80
115000449,295,242,53
115000557,1,2881,-2880
115000558,225,148,77
115000587,847,364,483
115000588,2393,3224,-831
115000589,4778,3148,1630
115000590,947,2517,-1570
115000591,1833,1282,551
115000592,512,2345,-1833
115000593,1919,1263,656
115000594,393,3099,-2706
115000609,331,159,172
115000617,520,3334,-2814
115000624,617,46,571
115000633,423,1480,-1057
115000634,3787,1019,2768
115000635,800,178,622
115000638,306,417,-111
115000641,51,324,-273
115000642,266,229,37
115000643,130,407,-277
115000644,178,341,-163
115000646,973,1831,-858
115000647,321,681,-360
115000648,3906,977,2929
115000893,2089,1732,357
115000894,195,785,-590
115000895,192,1032,-840
115000896,1446,640,806
115000897,597,133,464
115000898,494,384,110
115000899,352,2163,-1811
115000900,53,520,-467
115000901,87,371,-284
115000912,720,149,571
115000913,4,44,-40
115000915,31,0,31
115000916,2,0,2
115000917,0,3,-3
115000918,77,759,-682
115000919,6,51,-45
115000920,24,71,-47
115000921,356,123,233
115000922,415,1597,-1182
115000923,64,2211,-2147
115000925,185,195,-10
115000927,60,142,-82
115000933,90,858,-768
115000934,132,177,-45
115000935,283,56,227
115000936,103,1236,-1133
115000937,1086,451,635
115000938,29,305,-276
115000939,13,128,-115
115900001,204,17,187
115900002,98,75,23
115900003,303,72,231
115900004,0,27,-27
115900005,383,23,360
115900006,153,125,28
115900008,181,2,179
115900009,97,475,-378
115900010,764,62,702
115900011,564,405,159
115900012,466,28,438
115900013,402,126,276
115900014,188,199,-11
115900015,323,22,301
115900016,105,28,77
115900017,27,16,11
115900018,282,45,237
115900019,129,15,114
115900020,152,3,149
115900021,952,413,539
115900022,901,6,895
115900023,11,13,-2
115900025,49,362,-313
115900026,811,86,725
115900027,0,203,-203
115900028,362,66,296
115900029,17,214,-197
115900030,89,45,44
115900031,88,329,-241
115900032,353,884,-531
115900033,0,330,-330
115900034,38,157,-119
115900035,107,74,33
115900036,64,2903,-2839
115900037,62,112,-50
115900038,74,24,50
115900039,336,142,194
115900041,161,1253,-1092
115900042,53,11,42
115900043,244,39,205
115900044,254,432,-178
115900046,732,161,571
115900047,161,276,-115
115900049,273,148,125
115900051,8,17,-9
115900052,7,100,-93
115900053,549,118,431
115900054,571,31,540
115900055,39,55,-16
115900056,392,147,245
115900057,52,34,18
115900058,20,70,-50
115900060,69,270,-201
115900061,494,3,491
115900062,82,113,-31
115900063,45,9,36
115900064,188,263,-75
115900065,152,97,55
115900066,67,60,7
115900067,17,134,-117
115900068,1209,1865,-656
115900069,140,241,-101
115900070,258,75,183
115900071,0,140,-140
115900072,14,128,-114
115900073,206,243,-37
115900074,3,109,-106
115900075,34,138,-104
115900076,25,31,-6
115900077,3,74,-71
115900078,41,119,-78
115900079,621,36,585
115900080,192,107,85
115900081,34,16,18
115900082,116,211,-95
115900084,891,81,810
115900085,93,97,-4
115900086,995,496,499
115900088,1,107,-106
115900089,961,349,612
115900090,937,9,928
115900091,15,41,-26
115900092,32,72,-40
115900093,8,18,-10
115900094,11,94,-83
115900096,22,4,18
115900097,11,151,-140
115900098,501,211,290
115900099,79,82,-3
115900100,36,171,-135
115900101,436,152,284
115900102,157,96,61
115900103,597,133,464
115900104,139,94,45
115900105,429,202,227
115900106,125,5,120
115900107,156,53,103
115900108,289,24,265
115900109,34,188,-154
115900110,43,6,37
115900111,3,76,-73
115900112,81,662,-581
115900113,84,27,57
115900114,10,89,-79
115900115,178,232,-54
115900116,144,435,-291
115900117,144,20,124
115900118,6,71,-65
115900119,261,141,120
115900120,55,161,-106
115900121,369,156,213
115900124,396,1262,-866
115900125,700,74,626
115900126,1528,122,1406
115900127,1336,66,1270
115900128,8,319,-311
115900129,771,55,716
115900130,12,490,-478
115900131,672,41,631
115900132,1150,3,1147
115900134,450,17,433
115900135,494,1121,-627
115900137,25,16,9
115900139,21,189,-168
115900140,743,55,688
115900141,3,71,-68
115900142,8,70,-62
115900143,495,713,-218
115900144,298,316,-18
115900146,25,32,-7
115900147,169,324,-155
115900148,81,6,75
115900149,325,15,310
115900150,193,21,172
115900151,29,135,-106
115900152,301,272,29
115900153,229,121,108
115900154,415,497,-82
115900155,0,13,-13
115900156,931,1192,-261
115900157,439,699,-260
115900158,11,7,4
115900159,264,182,82
115900160,1,17,-16
115900161,45,209,-164
115900163,482,180,302
115900164,1134,10,1124
115900165,3,214,-211
115900166,171,156,15
115900168,301,84,217
115900171,153,450,-297
115900172,96,130,-34
115900173,329,96,233
115900174,182,419,-237
115900175,249,173,76
115900178,3,166,-163
115900179,604,15,589
115900180,72,86,-14
115900181,317,84,233
115900182,866,61,805
115900183,26,178,-152
115900184,391,4,387
115900187,14,313,-299
115900189,1,245,-244
115900190,279,1414,-1135
115900191,34,164,-130
115900192,28,120,-92
115900193,156,156,0
115900194,1400,61,1339
115900195,500,4149,-3649
115900198,402,296,106
115900199,432,111,321
115900200,326,147,179
115900201,319,429,-110
115900202,4,91,-87
115900203,5,31,-26
115900204,0,17,-17
115900205,35,29,6
115900206,567,74,493
115900207,78,4,74
115900208,181,78,103
115900209,10,131,-121
115900210,6,125,-119
115900211,0,140,-140
115900212,324,144,180
115900213,92,221,-129
115900214,927,107,820
115900215,31,419,-388
115900216,8,68,-60
115900217,1,40,-39
115900218,5,37,-32
115900219,260,2,258
115900220,501,19,482
115900221,246,24,222
115900222,244,87,157
115900223,16,899,-883
115900224,663,2870,-2207
115900225,63,56,7
115900226,25,91,-66
115900227,15,104,-89
115900228,17,49,-32
115900229,10,54,-44
115900230,37,81,-44
115900231,211,7,204
115900232,145,3,142
115900233,238,12,226
115900234,127,32,95
115900235,42,57,-15
115900236,21,62,-41
115900237,40,57,-17
115900238,46,16,30
115900239,42,9,33
115900240,31,27,4
115900241,429,42,387
115900242,379,677,-298
115900243,42,5,37
115900244,28,21,7
115900245,142,11,131
115900246,24,11,13
115900247,20,19,1
115900248,24,9,15
115900249,46,9,37
115900250,20,16,4
115900251,5,2,3
115900252,11,1,10
115900253,38,26,12
115900254,4,60,-56
115900255,2,41,-39
115900256,11,62,-51
115900257,3,2,1
115900258,0,2,-2
115900259,9,2,7
115900260,11,0,11
115900261,11,1,10
115900262,15,1,14
115900263,15,1,14
115900264,30,2,28
115900265,8,9,-1
115900266,7,33,-26
115900267,2,40,-38
115900268,4,12,-8
115900269,1181,196,985
115900270,534,135,399
115900271,318,0,318
115900272,83,3,80
115900273,37,48,-11
115900274,1,2,-1
115900275,2,8,-6
115900276,1,14,-13
115900277,0,67,-67
115900278,93,129,-36
115900279,33,380,-347
115900280,25,1075,-1050
115900281,209,517,-308
115900282,27,40,-13
115900283,22,28,-6
115900284,39,18,21
116000001,9226,2559,6667
116000002,6277,19706,-13429
116000003,1485,1976,-491
116000004,4584,7866,-3282
116000005,1779,4539,-2760
116000006,3738,5964,-2226
116000007,1850,5059,-3209
116000008,7055,4984,2071
116000009,1141,1426,-285
116000010,4238,2788,1450
116000011,789,1363,-574
116000012,2871,1729,1142
116000013,4567,5417,-850
116000014,11826,29032,-17206
116000015,103,2003,-1900
116000016,6123,6963,-840
116000017,36,855,-819
116000018,621,567,54
116000019,1511,435,1076
116000020,1005,1836,-831
116000021,1001,411,590
116000022,618,441,177
116000023,2339,1692,647
116000024,830,1206,-376
116000025,1714,1192,522
116000026,1817,4078,-2261
116000027,672,1027,-355
116000028,618,1633,-1015
116000029,479,505,-26
116000030,837,920,-83
116000031,67,259,-192
116000032,418,156,262
116000033,902,532,370
116000034,1123,960,163
116000035,574,398,176
116000036,533,4851,-4318
116000037,270,701,-431
116000038,178,1945,-1767
116000039,294,1886,-1592
116000040,593,1616,-1023
116000041,126,1279,-1153
116000042,1243,1088,155
116000043,224,543,-319
116000044,21,51,-30
116000045,2238,1762,476
116000046,1129,2159,-1030
116000047,2108,3476,-1368
116000048,3458,1650,1808
116000049,2458,3843,-1385
116000050,2141,1434,707
116000051,5391,3994,1397
116000052,5255,4880,375
116000053,3510,734,2776
116000054,1638,3110,-1472
116000055,1528,1170,358
116000056,2348,1364,984
116000057,3364,1568,1796
116000058,4703,4150,553
116000059,3349,5469,-2120
116000060,3266,1406,1860
116000061,741,2053,-1312
116000062,691,400,291
116000063,874,2595,-1721
116000066,334,923,-589
116000067,317,423,-106
116000068,190,538,-348
116000069,428,222,206
116000078,780,1449,-669
116000080,2183,731,1452
116000082,24,24,0
116000083,2577,562,2015
116000084,1483,2531,-1048
116000085,2526,2555,-29
116000086,828,543,285
116000087,4363,2737,1626
116000088,1324,1135,189
116000089,295,136,159
116000090,144,211,-67
116000091,261,702,-441
116000093,1144,481,663
116000094,1068,376,692
116000095,1228,765,463
116000096,1839,2304,-465
116000097,1630,748,882
116000098,125,11592,-11467
116000099,6032,453,5579
116000100,484,18,466
116000101,1718,518,1200
116000102,363,868,-505
116000103,564,422,142
116000104,299,1138,-839
116000105,2118,177,1941
116000106,794,1161,-367
116000107,4148,350,3798
116000108,84,296,-212
116000111,208,34,174
116000113,241,169,72
116000114,36,96,-60
116000115,581,176,405
116000116,265,203,62
116000117,2170,1866,304
116000118,2541,1000,1541
116000119,5539,1987,3552
116000120,3617,2602,1015
116000121,1415,783,632
116000122,1065,1029,36
116000123,2057,601,1456
116000124,644,523,121
116000125,4603,982,3621
116000126,527,737,-210
116000127,968,675,293
116000128,3110,1234,1876
116000129,2159,355,1804
116000130,1212,917,295
116000133,2376,799,1577
116000134,1866,1220,646
116000135,4277,1697,2580
116000136,949,1452,-503
116000137,1747,1229,518
116000138,1822,1159,663
116000139,2541,4553,-2012
116000140,286,291,-5
116000141,609,358,251
116000142,3727,2315,1412
116000143,2598,2010,588
116000144,2393,1986,407
116000145,3490,1213,2277
116000146,1469,104,1365
116000147,330,284,46
116000148,1156,1608,-452
116000149,1342,1008,334
116000151,727,574,153
116000153,179,479,-300
116000155,270,503,-233
116000156,765,1076,-311
116000157,143,16,127
116000158,563,249,314
116000159,17,17,0
116000160,35,78,-43
116000161,6,72,-66
116000162,71,322,-251
116000163,64,29,35
116000164,13,40,-27
116000177,109,275,-166
116000194,128,285,-157
116000195,1757,678,1079
116000196,62,11,51
116000197,17,17,0
116000198,2740,1209,1531
116000200,769,972,-203
116000201,744,639,105
116000202,17,161,-144
116000203,1,48,-47
116000204,8,38,-30
116000205,0,103,-103
116000206,0,101,-101
116000207,10,63,-53
116000233,350,616,-266
116000287,312,171,141
116000288,574,205,369
116000292,131,187,-56
116000296,6,101,-95
116000297,199,16,183
116000304,417,23,394
116000305,46,83,-37
116000346,260,126,134
116000352,243,112,131
116000354,28,35,-7
116000357,21,33,-12
116000358,605,116,489
116000361,54,0,54
116000372,4205,10389,-6184
116000381,218,2,216
116000388,3,41,-38
116000389,1141,447,694
116000445,1179,295,884
116000446,1011,375,636
116000447,18,821,-803
116000448,750,141,609
116000563,885,854,31
116000565,56,262,-206
116000568,65,759,-694
116000579,19,82,-63
116000584,55,7,48
116000585,52,46,6
116000586,53,103,-50
116000587,401,397,4
116000589,59,105,-46
116000590,168,100,68
116000591,407,233,174
116000592,5,57,-52
116000593,0,7,-7
116000594,1629,153,1476
116000595,1155,60,1095
116000596,220,15,205
116000597,937,361,576
116000598,20,143,-123
116000602,34,680,-646
116000605,186,192,-6
116000606,81,518,-437
116000607,2,150,-148
116000609,113,1610,-1497
116000611,371,207,164
116000612,2103,2619,-516
116000613,1133,340,793
116000614,557,194,363
116000615,2,760,-758
116000616,176,52,124
116000617,218,14,204
116000618,5,45,-40
116000619,67,125,-58
116000620,339,158,181
116000621,209,98,111
116000622,170,109,61
116000624,219,144,75
116000627,155,16,139
116000628,139,131,8
116000629,89,115,-26
116000630,1573,29,1544
116000631,701,38,663
116000632,1045,92,953
116000633,71,157,-86
116000634,1142,14,1128
116000635,2527,4451,-1924
116000636,396,1896,-1500
116000637,859,11,848
116000638,13,155,-142
116900001,577,260,317
116900002,402,2,400
116900003,122,22,100
116900004,100,154,-54
116900005,451,68,383
116900006,120,704,-584
116900007,184,420,-236
116900008,989,217,772
116900009,27,18,9
116900010,1,710,-709
116900011,17,16,1
116900012,551,515,36
116900013,3,59,-56
116900014,419,68,351
116900015,899,40,859
116900016,454,3,451
116900017,2,693,-691
116900018,200,95,105
116900019,5,176,-171
116900020,471,2445,-1974
116900023,75,17,58
116900024,1207,39,1168
116900025,2113,494,1619
116900026,103,553,-450
116900027,92,116,-24
116900028,2,63,-61
116900029,1,218,-217
116900031,3,0,3
116900032,5,155,-150
116900033,70,12,58
116900034,8,41,-33
116900035,236,153,83
116900036,3,168,-165
116900038,26,5,21
116900041,105,27,78
116900042,256,227,29
116900043,13,56,-43
116900047,29,299,-270
116900049,22,220,-198
116900050,90,287,-197
116900051,315,24,291
116900052,278,85,193
116900055,1,24,-23
116900057,25,108,-83
116900058,31,271,-240
116900059,1,75,-74
116900060,161,414,-253
116900062,2,21,-19
116900064,177,233,-56
116900065,19,93,-74
116900067,276,54,222
116900068,192,181,11
116900070,3,9,-6
116900072,57,172,-115
116900073,36,100,-64
116900074,4,43,-39
116900076,19,66,-47
116900077,5,39,-34
116900078,204,50,154
116900079,61,129,-68
116900080,7,7,0
116900081,318,677,-359
116900082,223,1046,-823
116900083,9,24,-15
116900084,35,61,-26
116900085,22,103,-81
116900086,70,158,-88
116900088,342,73,269
116900090,58,22,36
116900091,594,52,542
116900092,108,588,-480
116900093,4132,1786,2346
116900094,4259,8822,-4563
116900095,287,626,-339
116900096,148,671,-523
116900097,1834,5268,-3434
116900098,953,731,222
116900099,288,1234,-946
116900100,1628,144,1484
116900101,236,722,-486
116900103,2,1,1
116900104,36,248,-212
116900105,528,286,242
116900106,4311,132,4179
116900107,1829,3961,-2132
116900110,27,7,20
116900111,1350,308,1042
116900112,339,571,-232
116900113,1230,4197,-2967
116900116,42,1962,-1920
116900117,300,154,146
116900118,1996,1182,814
116900120,712,67,645
116900121,315,38,277
116900122,1680,278,1402
116900123,498,283,215
116900124,184,833,-649
116900125,771,111,660
116900126,99,845,-746
116900128,8,116,-108
116900129,1,263,-262
116900130,1306,6387,-5081
116900131,89,495,-406
116900132,111,129,-18
116900133,283,172,111
116900134,448,245,203
116900136,260,224,36
116900137,320,179,141
116900138,195,138,57
116900139,122,295,-173
116900140,195,60,135
116900141,620,224,396
116900142,1,92,-91
116900143,567,180,387
116900144,100,69,31
116900145,91,157,-66
116900147,205,2612,-2407
116900148,5,49,-44
116900149,119,290,-171
116900150,25,19,6
116900151,139,73,66
116900153,207,133,74
116900154,254,738,-484
116900155,72,107,-35
116900157,1192,89,1103
116900158,117,495,-378
116900159,97,861,-764
116900160,1317,1402,-85
116900161,5250,13680,-8430
116900162,17,84,-67
116900163,415,53,362
116900164,215,114,101
116900165,944,699,245
116900166,121,36,85
116900167,671,48,623
116900168,744,47,697
116900169,256,2539,-2283
116900170,1021,594,427
116900171,72,124,-52
116900172,129,670,-541
116900173,387,20,367
116900174,104,202,-98
116900175,418,679,-261
116900178,63,88,-25
116900179,77,582,-505
116900180,120,14,106
116900182,1768,343,1425
116900183,275,143,132
116900185,60,71,-11
116900186,140,195,-55
116900187,43,134,-91
116900188,194,27,167
116900189,112,7,105
116900191,281,535,-254
116900192,437,134,303
116900194,163,2398,-2235
116900195,61,36,25
116900196,29,46,-17
116900197,172,18,154
116900198,81,582,-501
116900200,217,5,212
116900201,346,11,335
116900202,84,11,73
116900203,211,29,182
116900204,54,236,-182
116900206,43,4,39
116900207,72,33,39
116900208,3,60,-57
116900209,19,31,-12
116900210,947,451,496
116900211,296,7,289
116900212,202,19,183
116900213,364,163,201
116900214,374,223,151
116900215,90,55,35
116900216,387,237,150
116900218,7,300,-293
116900219,682,285,397
116900220,179,407,-228
116900221,247,319,-72
116900222,694,331,363
116900223,129,251,-122
116900226,154,67,87
116900227,338,33,305
116900228,458,174,284
116900230,74,110,-36
116900231,118,188,-70
116900232,46,212,-166
116900233,484,123,361
116900234,32,7,25
116900235,224,327,-103
116900238,971,290,681
116900239,6,1204,-1198
116900240,4379,4830,-451
116900241,168,80,88
116900242,450,1486,-1036
116900243,0,13,-13
116900245,87,59,28
116900246,203,19,184
116900247,1515,64,1451
116900248,153,27,126
116900249,911,83,828
116900250,751,52,699
116900251,481,1557,-1076
116900252,303,603,-300
116900253,252,40,212
116900254,74,108,-34
116900255,219,191,28
116900256,937,186,751
116900257,45,267,-222
116900258,4,99,-95
116900259,617,20,597
116900260,4,34,-30
116900261,117,3,114
116900262,140,148,-8
116900263,4,35,-31
116900264,0,5,-5
116900265,106,0,106
116900266,35,15,20
116900267,4,0,4
116900268,239,205,34
116900269,582,1181,-599
116900271,708,619,89
116900272,585,353,232
116900273,53,684,-631
116900274,263,36,227
116900275,463,86,377
116900276,481,440,41
116900277,204,28,176
116900278,4,7,-3
116900279,1,23,-22
116900280,60,21,39
116900281,4178,9031,-4853
116900282,7,38,-31
116900283,21,51,-30
116900284,20,118,-98
116900285,224,336,-112
116900286,158,25,133
116900287,7,19,-12
116900288,184,54,130
116900289,52,1,51
116900290,40,2,38
116900291,60,11,49
116900292,0,46,-46
116900293,165,5,160
116900294,18,174,-156
116900295,180,478,-298
116900296,53,416,-363
116900297,0,143,-143
116900298,140,316,-176
116900299,41,509,-468
116900300,2,239,-237
116900301,49,1334,-1285
116900302,8,206,-198
116900303,133,262,-129
116900304,1,277,-276
116900305,20,42,-22
116900306,456,56,400
117000001,4603,4430,173
117000002,2364,4534,-2170
117000003,8338,5579,2759
117000004,2708,6619,-3911
117000005,5313,3304,2009
117000006,1214,2494,-1280
117000007,8862,1656,7206
117000008,1255,2801,-1546
117000009,6152,2116,4036
117000010,1769,2969,-1200
117000011,4665,1841,2824
117000012,2230,954,1276
117000013,3225,1203,2022
117000014,1591,2484,-893
117000015,4109,2006,2103
117000016,527,570,-43
117000017,128,1568,-1440
117000018,173,1695,-1522
117000019,87,4,83
117000020,989,3829,-2840
117000021,2515,922,1593
117000022,203,788,-585
117000023,83,1031,-948
117000024,182,1756,-1574
117000025,234,5049,-4815
117000026,2083,5471,-3388
117000027,1602,5229,-3627
117000028,1257,4685,-3428
117000030,404,501,-97
117000031,556,588,-32
117000032,1701,2094,-393
117000033,2278,1174,1104
117000034,474,270,204
117000035,533,698,-165
117000036,683,450,233
117000037,509,267,242
117000038,455,747,-292
117000039,623,437,186
117000040,251,746,-495
117000041,1947,135,1812
117000044,8,753,-745
117000045,1168,270,898
117000046,369,892,-523
117000047,1112,1133,-21
117000048,1689,920,769
117000049,61,455,-394
117000050,391,1277,-886
117000051,4391,58,4333
117000052,79,182,-103
117000053,1245,49,1196
117000054,2623,12,2611
117000055,5,1338,-1333
117000056,985,34,951
117000057,708,1747,-1039
117000060,609,1308,-699
117000061,3964,1968,1996
117000062,245,1183,-938
117000063,2851,1241,1610
117000064,664,710,-46
117000066,789,778,11
117000067,147,1051,-904
117000074,51,209,-158
117000076,71,57,14
117000077,324,217,107
117000078,234,632,-398
117000079,698,382,316
117000080,0,475,-475
117000081,1513,301,1212
117000082,20,85,-65
117000083,229,32,197
117000084,274,1,273
117000085,551,1173,-622
117000086,1085,303,782
117000087,103,568,-465
117000088,393,192,201
117000089,3335,268,3067
117000090,458,807,-349
117000091,1758,281,1477
117000092,755,746,9
117000093,2785,802,1983
117000094,1310,1401,-91
117000095,5511,1020,4491
117000096,999,1532,-533
117000097,3215,1350,1865
117000098,1978,2708,-730
117000099,7172,1421,5751
117000100,291,540,-249
117000101,157,693,-536
117000102,3456,818,2638
117000103,564,931,-367
117000104,2906,894,2012
117000105,613,995,-382
117000106,2975,744,2231
117000107,693,1191,-498
117000108,4429,1348,3081
117000109,940,1642,-702
117000110,3262,2792,470
117000111,5792,4703,1089
117000112,5551,1815,3736
117000113,201,99,102
117000114,406,276,130
117000115,140,36,104
117000116,254,300,-46
117000117,2279,1887,392
117000118,484,248,236
117000119,145,1153,-1008
117000120,102,2854,-2752
117000121,40,1739,-1699
117000122,1098,2241,-1143
117000123,3677,105,3572
117000124,75,311,-236
117000125,125,1392,-1267
117000126,34,37,-3
117000127,142,782,-640
117000128,135,1907,-1772
117000129,317,2115,-1798
117000130,171,2,169
117000131,1,99,-98
117000132,5943,55,5888
117000133,4127,25,4102
117000134,0,270,-270
117000135,2,368,-366
117000136,2,70,-68
117000137,387,273,114
117000138,4,1268,-1264
117000140,470,951,-481
117000141,3705,715,2990
117000181,524,258,266
117000182,3269,1839,1430
117000195,289,853,-564
117000196,523,276,247
117000225,88,443,-355
117000226,8,549,-541
117000276,484,47,437
117000277,1,140,-139
117000310,1440,2789,-1349
117000315,339,1031,-692
117000320,85,1,84
117000906,910,29,881
117000907,13,198,-185
117000908,7,475,-468
117000909,99,78,21
117000910,436,184,252
117000911,54,132,-78
117000915,14,199,-185
117000916,95,13,82
117000917,2598,92,2506
117000918,236,125,111
117000919,38,37,1
117000920,2,1078,-1076
117000921,1,401,-400
117000922,54,65,-11
117000924,1052,1036,16
117000926,931,789,142
117000927,329,1142,-813
117000928,0,158,-158
117000929,539,177,362
117000930,856,19,837
117000931,128,232,-104
117900002,87,1017,-930
117900003,219,450,-231
117900005,5,360,-355
117900006,0,179,-179
117900007,230,82,148
117900008,0,34,-34
117900010,666,116,550
117900011,27,986,-959
117900012,171,59,112
117900013,1,458,-457
117900014,1029,212,817
117900015,52,168,-116
117900016,1097,1405,-308
117900017,1343,518,825
117900018,486,1775,-1289
117900019,1342,183,1159
117900020,79,470,-391
117900021,56,139,-83
117900022,47,8,39
117900023,4553,185,4368
117900024,170,85,85
117900025,27,5,22
117900026,779,194,585
117900028,96,3,93
117900029,686,585,101
117900030,777,425,352
117900031,323,981,-658
117900032,1167,774,393
117900033,942,538,404
117900034,141,33,108
117900035,350,396,-46
117900036,700,236,464
117900037,243,103,140
117900038,70,106,-36
117900039,3,40,-37
117900040,263,145,118
117900041,1,32,-31
117900042,3060,509,2551
117900043,7,36,-29
117900044,59,6308,-6249
117900045,340,180,160
117900048,549,156,393
117900049,586,310,276
117900050,13,1226,-1213
117900051,38,7,31
117900052,131,795,-664
117900053,2683,264,2419
117900054,0,22,-22
117900055,3522,532,2990
117900056,98,308,-210
117900057,954,1161,-207
117900058,19,223,-204
117900059,157,142,15
117900060,4111,2426,1685
117900061,23,744,-721
117900063,719,220,499
117900065,432,1111,-679
117900066,11,165,-154
117900067,1496,190,1306
117900069,1668,211,1457
117900070,76,374,-298
117900071,272,153,119
117900073,1151,253,898
117900074,63,844,-781
117900075,167,74,93
117900076,67,149,-82
117900077,937,228,709
117900078,579,958,-379
117900080,357,73,284
117900081,309,309,0
117900082,1044,592,452
117900083,945,364,581
117900086,341,60,281
117900087,204,46,158
117900088,1338,1394,-56
117900089,3674,859,2815
117900090,1014,483,531
117900091,164,59,105
117900092,192,38,154
117900093,177,52,125
117900094,100,51,49
117900095,694,870,-176
117900096,201,477,-276
117900097,365,83,282
117900098,106,26,80
117900099,345,715,-370
117900100,1013,10,1003
117900101,1189,3501,-2312
117900102,136,42,94
117900103,109,5,104
117900104,5,345,-340
117900105,84,149,-65
117900106,221,68,153
117900107,79,1,78
117900109,1482,462,1020
117900110,283,2,281
117900111,946,53,893
117900112,92,27,65
117900113,1586,2956,-1370
117900114,41,1,40
117900115,95,419,-324
117900116,981,708,273
117900117,1341,184,1157
117900118,194,2,192
117900119,347,60,287
117900120,892,52,840
117900121,189,209,-20
117900122,1214,7844,-6630
117900123,1513,424,1089
117900124,521,725,-204
117900125,2130,1717,413
117900126,169,355,-186
117900127,836,233,603
117900128,604,335,269
117900129,212,4,208
117900130,1379,706,673
117900131,1,85,-84
117900132,4,127,-123
117900133,52,65,-13
117900134,80,274,-194
117900135,27,98,-71
117900136,0,23,-23
117900137,140,183,-43
117900138,0,12,-12
117900139,108,127,-19
117900140,5361,847,4514
117900141,129,412,-283
117900142,20,625,-605
117900144,46,2314,-2268
117900145,18,247,-229
117900146,227,427,-200
117900147,246,171,75
117900148,4080,3792,288
117900149,143,168,-25
117900150,99,101,-2
117900151,59,151,-92
117900152,127,178,-51
117900153,11,195,-184
117900154,706,596,110
117900156,587,632,-45
117900157,106,500,-394
117900158,577,201,376
117900160,1097,1033,64
117900161,1350,1249,101
117900162,1382,638,744
117900163,27,1018,-991
117900165,0,4,-4
117900166,58,673,-615
117900168,86,143,-57
117900169,4,54,-50
117900170,17,11,6
117900171,0,14,-14
117900172,19,7,12
117900173,62,193,-131
117900174,14,59,-45
117900175,5,17,-12
117900176,16,11,5
117900177,28,11,17
117900178,139,32,107
117900180,323,67,256
117900181,43,715,-672
117900182,3,84,-81
117900183,161,177,-16
117900184,56,127,-71
117900185,80,22,58
117900186,75,14,61
117900187,41,18,23
117900188,287,49,238
117900189,149,47,102
117900190,34,4,30
117900191,133,1,132
117900192,416,1,415
117900193,44,44,0
117900194,15,1,14
117900195,14,124,-110
117900196,35,47,-12
117900207,84,261,-177
117900208,21,16,5
117900209,237,107,130
117900210,238,148,90
117900211,7,101,-94
117900212,152,318,-166
117900213,94,11,83
117900214,8,15,-7
117900215,38,39,-1
117900216,28,134,-106
117900217,80,562,-482
117900218,79,196,-117
117900219,4,303,-299
117900220,27,646,-619
117900222,304,103,201
117900223,136,391,-255
118000001,934,2783,-1849
118000002,590,1627,-1037
118000003,2628,6326,-3698
118000004,1435,5793,-4358
118000005,4931,5437,-506
118000006,4258,7485,-3227
118000007,5544,11568,-6024
118000008,1397,6187,-4790
118000009,1761,4471,-2710
118000010,5991,5811,180
118000011,2641,2738,-97
118000012,1356,2299,-943
118000013,3340,2764,576
118000014,2269,1487,782
118000016,494,312,182
118000017,1331,678,653
118000018,554,362,192
118000019,1464,2720,-1256
118000020,733,3945,-3212
118000021,618,4378,-3760
118000022,1161,1206,-45
118000023,464,428,36
118000024,639,1723,-1084
118000027,10830,11627,-797
118000029,588,1166,-578
118000032,257,3604,-3347
118000033,2652,7141,-4489
118000034,3913,4924,-1011
118000035,2542,3576,-1034
118000036,1129,1476,-347
118000037,977,1882,-905
118000038,983,147,836
118000039,134,139,-5
118000040,2115,1779,336
118000041,4338,1963,2375
118000045,426,367,59
118000046,1082,2210,-1128
118000047,697,4399,-3702
118000048,1590,5125,-3535
118000051,1089,5577,-4488
118000052,496,2976,-2480
118000053,462,1159,-697
118000054,4155,1079,3076
118000055,3158,2066,1092
118000056,373,899,-526
118000057,301,468,-167
118000058,2244,6714,-4470
118000059,1764,3792,-2028
118000060,1682,774,908
118000061,1930,1516,414
118000062,532,377,155
118000063,498,1531,-1033
118000064,825,1904,-1079
118000065,2235,2087,148
118000066,2089,5486,-3397
118000067,548,673,-125
118000068,995,11819,-10824
118000069,1500,1824,-324
118000070,6801,2988,3813
118000071,4739,12904,-8165
118000072,934,4155,-3221
118000073,631,1919,-1288
118000074,760,561,199
118000075,935,363,572
118000076,2435,8754,-6319
118000077,1304,2787,-1483
118000078,2378,4183,-1805
118000079,292,835,-543
118000080,681,1571,-890
118000081,1734,2601,-867
118000082,473,1694,-1221
118000083,1606,2461,-855
118000084,2548,3432,-884
118000086,211,846,-635
118000087,4739,3186,1553
118000088,1428,2400,-972
118000089,4545,4017,528
118000090,998,4444,-3446
118000091,1400,6258,-4858
118000092,1107,975,132
118000093,92,895,-803
118000096,696,1050,-354
118000097,605,942,-337
118000098,254,339,-85
118000099,1489,649,840
118000101,2975,559,2416
118000102,626,803,-177
118000107,3326,896,2430
118000108,933,5199,-4266
118000110,0,50,-50
118000111,2,191,-189
118000112,1202,6,1196
118000113,7,243,-236
118000114,1138,14,1124
118000115,25,12,13
118000116,15,1,14
118000117,770,1124,-354
118000118,1480,2481,-1001
118000119,1480,2499,-1019
118000120,1572,1759,-187
118000121,26,700,-674
118000122,619,393,226
118000123,57,315,-258
118000125,1218,1869,-651
118000126,663,2915,-2252
118000127,1550,1420,130
118000128,361,2597,-2236
118000129,1906,836,1070
118000130,2305,3071,-766
118000131,386,711,-325
118000132,3971,3051,920
118000133,2125,889,1236
118000135,814,1293,-479
118000136,188,969,-781
118000137,614,117,497
118000138,621,427,194
118000139,730,109,621
118000140,4793,11439,-6646
118000141,4144,2148,1996
118000142,3845,2061,1784
118000143,5005,2185,2820
118000144,1007,600,407
118000145,1903,1513,390
118000146,1908,543,1365
118000147,1599,1200,399
118000148,876,1632,-756
118000149,1569,673,896
118000150,1115,283,832
118000151,1422,417,1005
118000153,2873,1263,1610
118000154,1971,1494,477
118000155,4382,1569,2813
118000156,3720,4748,-1028
118000157,1080,524,556
118000158,367,658,-291
118000159,49,98,-49
118000160,1373,405,968
118000161,1073,368,705
118000162,1865,1218,647
118000163,1551,1359,192
118000164,2702,1937,765
118000168,646,1539,-893
118000169,1154,944,210
118000170,3493,3087,406
118000171,489,478,11
118000172,94,187,-93
118000173,1147,2165,-1018
118000175,357,454,-97
118000176,498,692,-194
118000177,649,871,-222
118000178,53,71,-18
118000179,924,1583,-659
118000180,1114,804,310
118000181,1012,262,750
118000182,372,216,156
118000183,427,411,16
118000184,1793,619,1174
118000185,841,2643,-1802
118000186,726,1895,-1169
118000187,3235,503,2732
118000188,1234,64,1170
118000189,1381,360,1021
118000190,5,9,-4
118000191,16,4,12
118000192,20,104,-84
118000193,7,213,-206
118000194,2139,1004,1135
118000195,259,5946,-5687
118000196,159,704,-545
118000197,84,302,-218
118000198,455,2026,-1571
118000199,425,1388,-963
118000200,134,738,-604
118000201,208,982,-774
118000202,58,331,-273
118000203,390,1452,-1062
118000204,65,866,-801
118000205,80,371,-291
118000206,311,325,-14
118000207,0,69,-69
118000208,1781,1868,-87
118000209,3563,1132,2431
118000210,167,59,108
118000211,124,84,40
118000213,492,5508,-5016
118000214,385,1157,-772
118000215,554,108,446
118000216,7789,2238,5551
118000217,12,98,-86
118000218,131,63,68
118000219,408,319,89
118000220,22,73,-51
118000221,775,830,-55
118000222,106,22,84
118000223,169,45,124
118000224,197,74,123
118000225,122,1634,-1512
118000226,1583,211,1372
118000227,1094,545,549
118000228,55,716,-661
118000229,67,564,-497
118000230,263,261,2
118000231,75,352,-277
118000232,1601,495,1106
118000233,2161,870,1291
118000234,904,251,653
118000236,433,414,19
118000237,181,364,-183
118000238,378,169,209
118000239,410,303,107
118000240,205,114,91
118000241,243,178,65
118000242,843,293,550
118000243,500,182,318
118000244,85,42,43
118000246,1,42,-41
118000255,71,327,-256
118000256,175,327,-152
118000259,27,114,-87
118000260,402,90,312
118000261,137,27,110
118000263,163,214,-51
118000266,219,358,-139
118000267,1,455,-454
118000268,250,8,242
118000270,200,5,195
118000271,330,237,93
118000272,96,56,40
118000273,460,53,407
118000274,126,299,-173
118000276,776,410,366
118000295,24,165,-141
118000298,241,209,32
118000299,80,130,-50
118000301,0,147,-147
118000302,169,38,131
118000311,1462,88,1374
118000312,570,130,440
118000313,176,73,103
118000314,151,33,118
118000315,116,22,94
118000316,1435,595,840
118000325,163,35,128
118000326,85,40,45
118000331,30,27,3
118000332,27,28,-1
118000333,37,43,-6
118000335,908,0,908
118000336,0,175,-175
118000407,425,54,371
118000457,4,124,-120
118000465,832,3873,-3041
118000480,88,60,28
118000489,5,616,-611
118000490,15,158,-143
118000492,654,219,435
118000510,52,41,11
118000514,96,944,-848
118000515,760,1472,-712
118000517,505,192,313
118000524,117,585,-468
118000525,601,846,-245
118000530,88,238,-150
118000531,664,247,417
118000532,395,247,148
118000533,303,150,153
118000534,1041,353,688
118000535,574,128,446
118000536,84,908,-824
118000537,36,177,-141
118000538,14,119,-105
118000539,70,179,-109
118000540,261,214,47
118000541,103,96,7
118000542,169,502,-333
118000543,322,430,-108
118000546,67,19,48
118000553,0,1,-1
118000557,0,0,0
118000560,1466,3662,-2196
118000562,49,155,-106
118000563,1592,1153,439
118000576,174,72,102
118000577,190,162,28
118000578,113,58,55
118000579,887,2446,-1559
118000583,0,0,0
118000595,358,62,296
118000596,2,769,-767
118000597,156,96,60
118000598,11,1,10
118000599,184,57,127
118000600,0,14,-14
118000601,31,0,31
118000602,1,2,-1
118000603,0,7,-7
118900001,609,1325,-716
118900002,773,1331,-558
118900003,813,17,796
118900004,71,34,37
118900005,109,16,93
118900006,387,13,374
118900007,5,0,5
118900008,1213,48,1165
118900009,119,118,1
118900010,133,22,111
118900011,330,42,288
118900012,443,207,236
118900013,1024,515,509
118900015,499,80,419
118900016,31,6,25
118900017,50,373,-323
118900018,1421,42,1379
118900019,21,23,-2
118900020,58,284,-226
118900021,192,630,-438
118900022,224,34,190
118900023,170,192,-22
118900024,181,186,-5
118900025,51,35,16
118900026,93,39,54
118900027,491,221,270
118900028,282,128,154
118900029,275,473,-198
118900030,971,112,859
118900031,181,53,128
118900032,448,101,347
118900033,369,783,-414
118900034,320,56,264
118900035,217,96,121
118900036,1644,580,1064
118900037,305,763,-458
118900038,742,103,639
118900039,948,116,832
118900040,312,167,145
118900041,982,237,745
118900042,207,120,87
118900045,328,213,115
118900046,571,391,180
118900047,482,494,-12
118900048,168,890,-722
118900049,104,60,44
118900050,94,14,80
118900051,63,202,-139
118900052,315,702,-387
118900053,36,158,-122
118900054,300,59,241
118900055,238,20,218
118900056,29,494,-465
118900057,1349,725,624
118900058,540,626,-86
118900059,21,178,-157
118900060,127,88,39
118900062,285,185,100
118900064,227,886,-659
118900065,77,155,-78
118900066,183,143,40
118900067,3158,6000,-2842
118900068,24,417,-393
118900069,945,257,688
118900071,11,21,-10
118900072,974,650,324
118900073,367,139,228
118900074,257,94,163
118900075,138,33,105
118900076,301,293,8
118900077,397,183,214
118900078,2,3,-1
118900079,78,112,-34
118900080,85,62,23
118900081,86,89,-3
118900082,2507,273,2234
118900083,35,4,31
118900084,18,15,3
118900085,687,510,177
118900086,74,224,-150
118900087,109,890,-781
118900088,0,3,-3
118900089,13,25,-12
118900090,681,196,485
118900091,103,439,-336
118900092,449,58,391
118900093,99,21,78
118900096,52,38,14
118900097,343,686,-343
118900099,73,255,-182
118900100,123,345,-222
118900101,290,294,-4
118900102,38,89,-51
118900103,35,229,-194
118900104,416,104,312
118900105,295,85,210
118900107,115,61,54
118900108,166,91,75
118900110,1495,1449,46
118900111,1280,448,832
118900112,226,322,-96
118900113,118,422,-304
118900114,16,268,-252
118900115,170,595,-425
118900116,106,173,-67
118900117,124,128,-4
118900118,360,281,79
118900119,300,246,54
118900120,157,439,-282
118900121,39,98,-59
118900122,12,1375,-1363
118900123,250,484,-234
118900124,195,173,22
118900126,43,551,-508
118900129,437,253,184
118900130,36,288,-252
118900131,638,253,385
118900132,380,277,103
118900133,11,187,-176
118900135,336,177,159
118900136,373,354,19
118900137,22,71,-49
118900139,489,228,261
118900140,703,429,274
118900141,177,63,114
118900144,225,229,-4
118900145,71,84,-13
118900146,546,647,-101
118900147,135,597,-462
118900148,86,75,11
118900150,148,646,-498
118900152,798,640,158
118900157,83,361,-278
118900158,246,53,193
118900159,0,83,-83
118900161,77,15,62
118900163,66,96,-30
118900164,1,79,-78
118900165,139,77,62
118900166,19,0,19
118900167,180,71,109
118900168,28,292,-264
118900169,197,149,48
118900170,367,43,324
118900171,96,56,40
118900174,139,52,87
118900175,954,597,357
118900176,340,318,22
118900177,149,28,121
118900178,95,126,-31
118900179,11,28,-17
118900181,183,94,89
118900182,33,68,-35
118900183,25,215,-190
118900184,343,101,242
118900185,224,66,158
118900186,76,159,-83
118900187,213,392,-179
118900188,324,347,-23
118900189,72,952,-880
118900190,78,184,-106
118900191,577,48,529
118900192,479,9,470
118900193,1179,2,1177
118900195,213,474,-261
118900196,48,185,-137
118900197,440,27,413
118900198,52,5,47
118900199,141,10,131
118900200,16,41,-25
118900201,39,77,-38
118900202,14,46,-32
118900203,31,1,30
118900204,37,12,25
118900205,3,5,-2
118900206,9,4,5
119000001,2036,4262,-2226
119000002,5434,8037,-2603
119000003,5428,1017,4411
119000004,4220,2583,1637
119000005,3229,3883,-654
119000006,5354,2349,3005
119000007,5280,5191,89
119000008,2524,2325,199
119000009,3928,9273,-5345
119000010,5136,5294,-158
119000011,2678,3782,-1104
119000012,1419,4098,-2679
119000013,4454,2598,1856
119000014,1976,2803,-827
119000019,396,233,163
119000020,3985,2720,1265
119000021,8838,5493,3345
119000022,1811,6112,-4301
119000023,324,272,52
119000024,2555,25672,-23117
119000025,4346,1226,3120
119000026,104,881,-777
119000027,216,502,-286
119000028,2254,588,1666
119000029,68,338,-270
119000030,759,992,-233
119000031,1346,701,645
119000032,3400,2632,768
119000033,2747,1289,1458
119000034,1983,754,1229
119000035,60,247,-187
119000036,3877,595,3282
119000037,2122,865,1257
119000038,230,375,-145
119000039,916,434,482
119000040,1140,1058,82
119000041,846,1770,-924
119000048,2890,2044,846
119000049,3896,1908,1988
119000050,1865,1621,244
119000051,3261,1381,1880
119000052,3648,2996,652
119000053,2745,1433,1312
119000054,5022,1890,3132
119000055,8637,2645,5992
119000056,5367,2093,3274
119000057,2412,1275,1137
119000058,2307,1399,908
119000059,1377,1363,14
119000060,2587,1072,1515
119000061,1609,781,828
119000062,1508,1337,171
119000063,1139,527,612
119000064,1041,1227,-186
119000065,1525,4106,-2581
119000066,3007,1444,1563
119000067,2383,1564,819
119000068,2546,1141,1405
119000069,2411,1815,596
119000070,4524,883,3641
119000071,649,649,0
119000072,6013,3780,2233
119000073,4997,13719,-8722
119000074,2262,1522,740
119000075,5629,2551,3078
119000076,231,1930,-1699
119000077,749,1014,-265
119000078,723,384,339
119000079,237,953,-716
119000080,1155,234,921
119000081,407,957,-550
119000082,1312,327,985
119000083,1089,615,474
119000084,495,549,-54
119000085,893,156,737
119000086,482,865,-383
119000087,1108,428,680
119000088,393,193,200
119000089,112,239,-127
119000090,171,90,81
119000091,139,335,-196
119000092,531,139,392
119000093,4624,2670,1954
119000094,5835,7099,-1264
119000095,3508,4431,-923
119000097,2118,1073,1045
119000098,1896,6189,-4293
119000099,2884,1294,1590
119000100,6932,4005,2927
119000101,4804,2364,2440
119000102,643,2073,-1430
119000103,1023,944,79
119000104,1525,1027,498
119000105,1341,4242,-2901
119000106,595,617,-22
119000107,1778,761,1017
119000108,832,514,318
119000109,207,1432,-1225
119000110,428,1331,-903
119000111,72,1442,-1370
119000112,221,297,-76
119000113,1476,645,831
119000114,2659,1911,748
119000115,128,235,-107
119000116,99,176,-77
119000117,252,575,-323
119000118,5,1,4
119000123,3095,4986,-1891
119000124,1576,201,1375
119000125,7261,564,6697
119000126,2876,567,2309
119000127,1460,314,1146
119000128,19,8,11
119000131,1652,250,1402
119000132,0,1,-1
119000133,2,13,-11
119000134,1525,633,892
119000135,300,316,-16
119000136,564,62,502
119000137,441,153,288
119000138,1374,89,1285
119000139,390,110,280
119000140,503,462,41
119000284,1228,2378,-1150
119000285,2076,1686,390
119000286,4454,3658,796
119000287,1841,1714,127
119000288,2581,958,1623
119000289,1375,3273,-1898
119000290,347,241,106
119000291,80,231,-151
119000293,206,207,-1
119000294,92,33,59
119000295,1816,298,1518
119000296,345,206,139
119000302,2062,1584,478
119000303,28,435,-407
119000304,0,0,0
119000310,0,0,0
119000314,1944,19610,-17666
119000315,2,154,-152
119000316,395,85,310
119000317,182,99,83
119900001,171,2148,-1977
119900002,312,336,-24
119900003,31,451,-420
119900004,180,3431,-3251
119900005,396,82,314
119900006,193,511,-318
119900007,890,395,495
119900008,82,111,-29
119900009,688,456,232
119900010,897,1514,-617
119900011,35,384,-349
119900012,14,271,-257
119900013,2590,2286,304
119900014,582,300,282
119900015,458,79,379
119900016,87,67,20
119900017,82,64,18
119900018,1112,1861,-749
119900019,84,16,68
119900020,146,158,-12
119900021,330,123,207
119900022,133,1664,-1531
119900023,514,4148,-3634
119900025,574,38,536
119900026,654,263,391
119900027,34,27,7
119900028,323,277,46
119900029,6,3,3
119900030,827,424,403
119900031,98,1115,-1017
119900033,1804,420,1384
119900034,1331,45,1286
119900037,254,8,246
119900038,56,683,-627
119900039,67,38,29
119900040,130,36,94
119900041,370,14,356
119900042,148,267,-119
119900043,205,200,5
119900044,305,1425,-1120
119900046,351,19,332
119900047,826,338,488
119900048,64,10,54
119900049,274,5,269
119900050,297,324,-27
119900051,964,12,952
119900052,171,17,154
119900053,511,140,371
119900054,509,16,493
119900055,2117,452,1665
119900057,458,30,428
119900058,694,8,686
119900059,193,36,157
119900060,590,62,528
119900062,175,9,166
119900063,28,106,-78
119900065,322,15,307
119900066,4,0,4
119900067,288,15,273
119900068,1138,3,1135
119900069,203,51,152
119900070,1502,10,1492
119900071,1294,49,1245
119900073,1373,480,893
119900074,23,71,-48
119900075,1993,2287,-294
119900076,1763,233,1530
119900077,1680,357,1323
119900078,1202,837,365
119900079,874,132,742
119900080,3335,1051,2284
119900081,880,45,835
119900082,3188,431,2757
119900083,503,125,378
119900084,762,601,161
119900085,58,49,9
119900087,456,1069,-613
119900088,34,25,9
119900089,92,164,-72
119900090,70,26,44
119900091,171,301,-130
119900092,46,318,-272
119900093,2512,308,2204
119900094,34,193,-159
119900095,185,106,79
119900096,18,121,-103
119900097,218,210,8
119900098,69,63,6
119900099,33,187,-154
119900100,710,3404,-2694
119900101,168,2555,-2387
119900102,103,145,-42
119900103,107,155,-48
119900104,47,108,-61
119900105,1099,6152,-5053
119900106,14,97,-83
119900107,239,1141,-902
119900108,6102,715,5387
119900109,30,106,-76
119900110,1066,407,659
119900111,211,71,140
119900112,645,933,-288
119900113,71,205,-134
119900114,422,636,-214
119900115,663,372,291
119900116,232,681,-449
119900117,641,360,281
119900118,246,258,-12
119900119,510,173,337
119900120,674,436,238
119900121,810,369,441
119900122,89,203,-114
119900123,252,427,-175
119900124,298,366,-68
119900125,54,229,-175
119900126,3474,253,3221
119900127,815,621,194
119900128,646,354,292
119900129,550,156,394
119900130,14,172,-158
119900131,58,141,-83
119900132,7,108,-101
119900133,222,104,118
119900134,694,100,594
119900135,0,215,-215
119900136,135,197,-62
119900138,236,411,-175
119900139,23,294,-271
119900140,8,115,-107
119900141,53,1345,-1292
119900142,20,45,-25
119900143,28,343,-315
119900144,1183,243,940
119900145,111,130,-19
119900146,193,257,-64
119900147,9,247,-238
119900148,521,58,463
119900149,563,8344,-7781
119900150,158,122,36
119900151,2216,1133,1083
119900152,344,150,194
119900153,411,72,339
119900154,56,122,-66
119900155,80,33,47
119900156,16,20,-4
119900157,290,152,138
119900158,465,63,402
119900159,4,402,-398
119900160,58,83,-25
119900161,159,107,52
119900162,1789,1203,586
119900163,75,163,-88
119900164,3,2,1
119900165,280,113,167
119900166,105,67,38
119900167,5,74,-69
119900168,2168,439,1729
119900169,48,397,-349
119900170,148,300,-152
119900171,1266,444,822
119900172,53,53,0
119900173,28,155,-127
119900174,10,130,-120
119900175,2747,359,2388
119900177,35,121,-86
119900178,14,163,-149
119900179,321,1291,-970
119900180,1647,878,769
119900181,31,166,-135
119900182,4,157,-153
119900183,164,534,-370
119900184,846,458,388
119900185,92,496,-404
119900186,14,2273,-2259
119900187,21,222,-201
119900188,262,303,-41
119900189,177,446,-269
119900190,139,505,-366
119900191,224,670,-446
119900192,106,213,-107
119900193,885,159,726
119900194,53,99,-46
119900195,73,183,-110
119900196,410,168,242
119900197,508,260,248
119900198,304,312,-8
119900199,210,28,182
119900200,1101,755,346
119900201,243,167,76
119900202,111,446,-335
119900203,221,857,-636
119900204,570,343,227
119900205,1675,275,1400
119900206,578,172,406
119900208,201,229,-28
119900209,946,2760,-1814
119900210,88,27,61
119900211,112,11,101
119900212,467,255,212
119900213,14,106,-92
119900214,108,32,76
119900215,89,29,60
119900216,18,26,-8
119900217,30,16,14
119900218,57,203,-146
119900219,24,56,-32
119900220,25,24,1
119900221,105,99,6
119900222,34,84,-50
119900223,20,36,-16
119900224,26,4,22
119900225,363,30,333
119900226,335,2652,-2317
119900227,355,257,98
119900228,19,553,-534
119900229,158,330,-172
119900230,1329,338,991
119900231,474,93,381
119900232,218,153,65
119900233,118,13,105
119900234,17,258,-241
119900235,10,56,-46
119900236,55,215,-160
119900237,130,812,-682
119900238,4,60,-56
119900240,129,133,-4
119900241,261,179,82
119900242,2278,1906,372
119900244,680,1179,-499
119900245,258,257,1
119900246,228,760,-532
119900247,22,115,-93
119900248,65,521,-456
119900249,661,192,469
119900253,1286,357,929
119900254,123,1696,-1573
119900255,230,1371,-1141
119900256,1421,490,931
119900257,182,6,176
119900258,664,49,615
119900259,30,51,-21
119900260,337,28,309
119900261,791,427,364
119900262,100,187,-87
119900263,2034,327,1707
119900264,267,61,206
119900265,1052,242,810
119900266,696,189,507
119900267,218,241,-23
119900268,352,100,252
119900269,2779,524,2255
119900271,78,105,-27
119900272,272,567,-295
119900275,181,86,95
119900276,164,33,131
119900277,28,48,-20
119900278,558,139,419
119900279,156,473,-317
119900280,519,126,393
119900281,2,500,-498
119900282,37,240,-203
119900283,66,108,-42
119900284,103,146,-43
119900285,6,160,-154
119900286,0,23,-23
119900288,9,12,-3
119900289,1,4,-3
119900290,13,1,12
119900291,1,82,-81
119900292,70,70,0
119900293,59,12,47
119900294,49,0,49
119900295,0,0,0
119900296,0,0,0
119900299,174,144,30
119900300,510,343,167
119900301,93,272,-179
119900302,77,308,-231
119900303,499,294,205
119900304,410,19,391
119900305,9,68,-59
119900306,46,5,41
119900307,121,43,78
119900308,7,23,-16
119900309,52,357,-305
119900310,382,300,82
119900311,257,31,226
119900312,313,96,217
119900313,398,239,159
119900314,447,613,-166
119900315,3150,1076,2074
119900318,11,97,-86
119900319,41,110,-69
119900320,498,453,45
119900321,218,34,184
119900322,14,68,-54
119900323,5,100,-95
119900324,2,37,-35
119900325,382,88,294
119900326,34,72,-38
120000001,12357,39498,-27141
120000002,3314,3096,218
120000003,2729,1555,1174
120000004,3218,1352,1866
120000005,2914,1756,1158
120000006,1745,1128,617
120000007,3393,6012,-2619
120000008,1224,1503,-279
120000009,1814,1023,791
120000010,2917,2885,32
120000011,1455,1472,-17
120000012,2080,2316,-236
120000013,5174,3345,1829
120000014,1044,1510,-466
120000015,3561,1830,1731
120000016,6051,2714,3337
120000017,6911,5630,1281
120000018,4262,24954,-20692
120000019,1578,2273,-695
120000020,3405,5287,-1882
120000021,2560,3303,-743
120000022,3502,4891,-1389
120000023,2108,2437,-329
120000024,1632,3438,-1806
120000025,4294,2167,2127
120000026,5404,2687,2717
120000027,3840,3071,769
120000028,1161,3814,-2653
120000029,1008,3321,-2313
120000030,279,1059,-780
120000031,2858,6991,-4133
120000032,5747,3671,2076
120000033,5521,1711,3810
120000034,4295,1159,3136
120000035,4962,2322,2640
120000036,5053,7558,-2505
120000037,907,2539,-1632
120000038,5509,4314,1195
120000039,1136,1201,-65
120000040,116,1481,-1365
120000041,620,1537,-917
120000042,2825,1518,1307
120000043,6945,1026,5919
120000044,9443,1966,7477
120000045,12216,1037,11179
120000046,7295,4829,2466
120000047,631,13959,-13328
120000048,9493,5847,3646
120000049,5376,4140,1236
120000050,4881,5718,-837
120000051,2951,5723,-2772
120000052,8199,1655,6544
120000053,1734,1861,-127
120000054,1772,2956,-1184
120000055,1906,3546,-1640
120000056,6349,4475,1874
120000057,5815,1829,3986
120000058,1622,2316,-694
120000059,8,2561,-2553
120000061,203,622,-419
120000062,206,435,-229
120000063,860,1974,-1114
120000064,392,846,-454
120000065,622,1165,-543
120000066,347,468,-121
120000067,15,358,-343
120000068,284,319,-35
120000069,881,443,438
120000070,230,418,-188
120000071,1249,78,1171
120000072,1550,470,1080
120000073,1555,122,1433
120000074,134,133,1
120000075,2026,689,1337
120000076,4441,633,3808
120000077,3784,806,2978
120000078,3648,1523,2125
120000079,428,239,189
120000080,249,327,-78
120000081,540,158,382
120000082,425,276,149
120000083,113,1132,-1019
120000084,449,486,-37
120000085,299,517,-218
120000086,343,318,25
120000087,502,362,140
120000088,1182,1046,136
120000089,1604,468,1136
120000090,1425,483,942
120000091,1843,892,951
120000092,1774,529,1245
120000093,1353,727,626
120000094,421,1175,-754
120000095,1254,414,840
120000096,533,455,78
120000098,1687,479,1208
120000099,593,587,6
120000100,1177,784,393
120000101,1145,557,588
120000102,1262,1553,-291
120000103,2270,1470,800
120000104,3549,667,2882
120000105,5096,640,4456
120000106,4800,694,4106
120000107,9021,777,8244
120000108,3158,155,3003
120000109,2004,66,1938
120000110,66,779,-713
120000111,117,702,-585
120000112,713,1600,-887
120000113,718,1264,-546
120000114,694,1523,-829
120000115,409,1405,-996
120000116,737,1422,-685
120000117,661,1115,-454
120000118,69,60,9
120000119,60,63,-3
120000120,215,292,-77
120000121,26,39,-13
120000122,275,1259,-984
120000123,2780,14357,-11577
120000124,727,603,124
120000125,1690,600,1090
120000126,418,2686,-2268
120000127,1384,2536,-1152
120000128,2631,6922,-4291
120000129,192,324,-132
120000130,1279,689,590
120000131,911,863,48
120000134,447,295,152
120000135,1692,861,831
120000137,444,346,98
120000138,2954,243,2711
120000139,546,223,323
120000140,2320,233,2087
120000141,692,376,316
120000142,1580,428,1152
120000143,2,83,-81
120000144,247,10,237
120000145,1235,9,1226
120000146,1312,2111,-799
120000149,803,853,-50
120000150,2351,15109,-12758
120000151,724,424,300
120000152,1397,161,1236
120000153,810,502,308
120000154,1152,958,194
120000155,299,577,-278
120000156,428,3531,-3103
120000157,1495,583,912
120000158,1656,768,888
120000159,2269,2313,-44
120000160,3124,2569,555
120000161,4749,2980,1769
120000162,161,407,-246
120000163,1379,621,758
120000164,1247,199,1048
120000165,1342,374,968
120000166,2311,333,1978
120000167,523,514,9
120000168,15,1716,-1701
120000169,139,3586,-3447
120000170,22,3518,-3496
120000171,14,1293,-1279
120000172,19,734,-715
120000173,297,3650,-3353
120000174,67,70,-3
120000175,45,158,-113
120000176,51,94,-43
120000177,817,154,663
120000178,16,40,-24
120000179,38,104,-66
120000180,97,157,-60
120000181,189,3176,-2987
120000182,91,1447,-1356
120000183,9,844,-835
120000184,343,2411,-2068
120000186,37,2283,-2246
120000187,30,1139,-1109
120000188,38,1396,-1358
120000190,93,85,8
120000191,145,179,-34
120000192,116,35,81
120000193,67,10,57
120000195,32,4,28
120000196,38,13,25
120000197,33,22,11
120000198,494,31,463
120000199,571,1,570
120000200,505,3,502
120000201,56,92,-36
120000202,2,70,-68
120000203,262,156,106
120000207,1,54,-53
120000208,26,64,-38
120000209,8,37,-29
120000210,82,52,30
120000211,506,5,501
120000212,486,0,486
120000213,388,174,214
120000214,0,152,-152
120000215,4,98,-94
120000216,430,46,384
120000217,334,1061,-727
120000218,74,539,-465
120000219,3,352,-349
120000220,1,763,-762
120000225,3838,12,3826
120000226,906,14,892
120000227,1615,234,1381
120000228,15430,6611,8819
120000230,988,56,932
120000231,3139,981,2158
120000233,785,7,778
120000235,480,448,32
120000236,2081,4,2077
120000237,0,769,-769
120000238,1,1365,-1364
120000241,1743,6414,-4671
120000412,473,39,434
120000413,835,169,666
120000414,449,2,447
120000415,0,35,-35
120000416,213,2,211
120000417,10,132,-122
120000418,518,23,495
120000419,19,149,-130
120000420,58,15,43
120000421,8703,5051,3652
120000422,133,3017,-2884
120000423,0,131,-131
120000424,366,96,270
120000436,139,1571,-1432
120000437,73,137,-64
120000438,1924,353,1571
120000439,383,1047,-664
120000443,232,0,232
120000444,2692,488,2204
120000445,3545,1654,1891
120000446,1878,226,1652
120000447,474,7,467
120000449,443,2,441
120000450,12,159,-147
120000451,199,172,27
120000452,654,1,653
120000453,0,59,-59
120000454,59,125,-66
120000455,171,54,117
120000456,3202,7648,-4446
120000457,503,441,62
120000458,463,492,-29
120000459,225,100,125
120000665,307,431,-124
120000668,155,4036,-3881
120000669,328,166,162
120000670,86,1799,-1713
120000671,3326,1274,2052
120000672,58,545,-487
120900001,92,56,36
120900002,181,1234,-1053
120900003,312,17,295
120900004,31,378,-347
120900005,171,552,-381
120900006,1290,402,888
120900007,376,109,267
120900008,847,704,143
120900009,609,66,543
120900010,1163,277,886
120900011,114,401,-287
120900012,67,2133,-2066
120900013,545,192,353
120900014,3,430,-427
120900015,1480,217,1263
120900016,2749,134,2615
120900017,2460,397,2063
120900018,322,251,71
120900019,815,747,68
120900020,723,1585,-862
120900021,989,291,698
120900022,22,265,-243
120900023,666,59,607
120900024,2421,505,1916
120900025,1298,1408,-110
120900026,163,216,-53
120900027,864,28,836
120900028,1021,275,746
120900029,77,1501,-1424
120900030,3771,1089,2682
120900031,540,179,361
120900032,2395,82,2313
120900033,2574,188,2386
120900034,26,5098,-5072
120900035,82,111,-29
120900037,660,21,639
120900038,243,826,-583
120900039,191,76,115
120900040,883,7,876
120900041,64,33,31
120900042,1332,60,1272
120900043,175,55,120
120900044,49,730,-681
120900045,153,45,108
120900046,1360,19,1341
120900047,392,347,45
120900048,470,80,390
120900049,1256,1,1255
120900050,1316,3932,-2616
120900051,678,132,546
120900052,1529,11,1518
120900053,835,66,769
120900054,974,368,606
120900055,1194,8,1186
120900056,1653,62,1591
120900057,503,52,451
120900058,1281,3,1278
120900059,317,11,306
120900060,93,29,64
120900061,336,163,173
120900062,614,1,613
120900063,2094,29,2065
120900064,1548,2,1546
120900065,1408,2,1406
120900066,970,119,851
120900067,533,185,348
120900068,740,4,736
120900069,822,27,795
120900071,41,0,41
120900072,2115,14,2101
120900073,1642,49,1593
120900074,1697,78,1619
120900076,782,0,782
120900077,1687,309,1378
120900078,1553,411,1142
120900079,2045,91,1954
120900080,1972,458,1514
120900081,2527,298,2229
120900082,367,689,-322
120900083,124,2,122
120900084,972,942,30
120900085,51,144,-93
120900086,104,937,-833
120900087,700,419,281
120900088,284,1242,-958
120900089,2044,5843,-3799
120900090,455,17,438
120900091,593,1383,-790
120900092,270,302,-32
120900093,1457,175,1282
120900094,228,204,24
120900095,517,27,490
120900096,125,238,-113
120900097,957,515,442
120900098,93,203,-110
120900099,126,67,59
120900100,124,316,-192
120900101,175,158,17
120900102,77,94,-17
120900103,211,396,-185
120900104,10,93,-83
120900105,70,384,-314
120900106,472,201,271
120900107,101,109,-8
120900108,35,264,-229
120900109,28,247,-219
120900110,22,274,-252
120900111,213,291,-78
120900112,65,366,-301
120900113,46,322,-276
120900114,58,149,-91
120900115,213,372,-159
120900116,1044,235,809
120900117,36,167,-131
120900118,25,304,-279
120900119,14035,3360,10675
120900120,97,457,-360
120900121,59,312,-253
120900122,1513,197,1316
120900123,12,146,-134
120900124,1,190,-189
120900125,9,452,-443
120900126,537,654,-117
120900127,45,202,-157
120900128,472,900,-428
120900129,20,164,-144
120900130,31,283,-252
120900131,215,160,55
120900132,1824,173,1651
120900133,37,403,-366
120900134,171,290,-119
120900135,6,303,-297
120900136,77,156,-79
120900137,621,144,477
120900138,17,162,-145
120900139,1,288,-287
120900140,3,209,-206
120900141,358,232,126
120900142,4,129,-125
120900143,3,285,-282
120900144,0,49,-49
120900145,225,735,-510
120900146,2,275,-273
120900147,1,427,-426
120900148,268,124,144
120900149,0,118,-118
120900150,135,192,-57
120900151,1,166,-165
120900152,38,16,22
120900153,0,0,0
120900154,2,84,-82
120900155,355,275,80
120900156,229,187,42
120900157,0,3,-3
120900158,118,216,-98
120900159,16,30,-14
120900160,64,393,-329
120900161,141,374,-233
120900162,86,958,-872
120900163,333,2831,-2498
120900164,1,93,-92
120900165,2,257,-255
120900166,101,1354,-1253
120900167,257,100,157
120900169,177,165,12
120900170,348,6969,-6621
120900171,420,215,205
120900172,159,3876,-3717
120900173,0,29,-29
120900174,6,129,-123
120900175,202,122,80
120900176,125,558,-433
120900177,1,2660,-2659
120900178,2,1130,-1128
120900179,230,436,-206
120900180,97,350,-253
120900181,44,48,-4
120900182,22,151,-129
120900183,835,75,760
120900184,312,112,200
120900185,1837,2231,-394
120900186,1,172,-171
120900187,1051,1038,13
120900188,569,18,551
120900189,174,5674,-5500
120900190,363,4,359
120900191,133,17,116
120900192,5981,21486,-15505
120900194,177,221,-44
120900195,139,260,-121
120900196,785,25,760
120900197,1261,262,999
120900198,217,413,-196
120900199,652,620,32
120900200,34,201,-167
120900201,213,93,120
120900202,2,76,-74
120900203,42,138,-96
120900204,103,211,-108
120900205,115,28,87
120900206,131,84,47
120900207,66,876,-810
121000001,773,2532,-1759
121000002,3121,3016,105
121000003,6441,2465,3976
121000004,3005,4617,-1612
121000005,2356,3278,-922
121000006,4458,4146,312
121000007,2691,8201,-5510
121000008,5087,8081,-2994
121000009,4654,10771,-6117
121000010,8095,9753,-1658
121000011,7960,15065,-7105
121000012,14945,9831,5114
121000013,7815,9592,-1777
121000014,7096,6471,625
121000015,6695,11477,-4782
121000016,5230,5419,-189
121000017,3368,2343,1025
121000018,4578,2438,2140
121000019,9132,9663,-531
121000020,13291,19757,-6466
121000021,2577,2381,196
121000022,3704,4674,-970
121000023,3529,1332,2197
121000024,6471,6199,272
121000025,547,1940,-1393
121000026,455,202,253
121000027,2288,2040,248
121000028,1250,1215,35
121000029,1239,804,435
121000030,1075,869,206
121000031,638,1178,-540
121000032,281,278,3
121000034,442,494,-52
121000035,253,315,-62
121000036,1221,1384,-163
121000037,739,2213,-1474
121000038,479,1437,-958
121000039,295,499,-204
121000041,713,774,-61
121000042,292,479,-187
121000043,699,1061,-362
121000044,1668,1646,22
121000045,647,377,270
121000046,1271,1356,-85
121000047,67,110,-43
121000049,1218,987,231
121000050,380,2924,-2544
121000051,835,401,434
121000052,812,1918,-1106
121000053,443,215,228
121000054,68,692,-624
121000055,1109,4641,-3532
121000056,1301,1875,-574
121000057,311,993,-682
121000058,342,321,21
121000059,4392,1810,2582
121000060,707,1682,-975
121000061,101,628,-527
121000062,259,1064,-805
121000063,1161,1793,-632
121000064,912,1568,-656
121000065,235,1383,-1148
121000066,913,2006,-1093
121000067,446,1054,-608
121000068,658,848,-190
121000069,178,1844,-1666
121000070,1898,2098,-200
121000071,2323,2686,-363
121000072,2034,1816,218
121000073,1596,2506,-910
121000074,188,432,-244
121000075,13,234,-221
121000076,420,372,48
121000077,184,217,-33
121000078,103,351,-248
121000080,3045,873,2172
121000081,5399,5403,-4
121000082,158,583,-425
121000083,129,226,-97
121000084,289,422,-133
121000085,541,718,-177
121000086,1341,675,666
121000087,109,370,-261
121000088,979,852,127
121000089,239,941,-702
121000090,247,590,-343
121000091,1518,1280,238
121000092,332,99,233
121000093,325,309,16
121000094,526,1414,-888
121000095,190,1564,-1374
121000096,7609,3982,3627
121000097,590,3947,-3357
121000098,941,590,351
121000099,1105,787,318
121000100,1503,218,1285
121000101,533,216,317
121000102,507,168,339
121000103,264,157,107
121000104,387,71,316
121000105,664,177,487
121000106,455,263,192
121000107,2348,3477,-1129
121000109,1580,994,586
121000110,242,1010,-768
121000114,6344,3371,2973
121000115,6146,1215,4931
121000116,505,2014,-1509
121000117,344,406,-62
121000118,2364,465,1899
121000119,531,389,142
121000120,773,406,367
121000121,618,2071,-1453
121000123,1230,614,616
121000126,102,655,-553
121000127,271,191,80
121000128,1535,301,1234
121000129,1384,392,992
121000130,892,793,99
121000131,1378,1272,106
121000132,873,1690,-817
121000135,445,784,-339
121000136,1136,1790,-654
121000137,1154,527,627
121000138,757,2051,-1294
121000139,326,934,-608
121000141,328,391,-63
121000142,824,1012,-188
121000143,222,35,187
121000144,562,1228,-666
121000145,915,1065,-150
121000146,1555,2256,-701
121000147,1509,1031,478
121000148,1207,1226,-19
121000149,3046,4068,-1022
121000152,564,506,58
121000153,2091,700,1391
121000154,2365,834,1531
121000155,3650,1647,2003
121000156,545,1727,-1182
121000157,1080,2037,-957
121000158,370,373,-3
121000159,289,499,-210
121000160,470,572,-102
121000161,464,467,-3
121000162,268,138,130
121000165,1741,2687,-946
121000166,35,633,-598
121000168,712,382,330
121000169,107,180,-73
121000170,476,114,362
121000171,89,299,-210
121000172,1537,1719,-182
121000173,2502,2499,3
121000174,1070,1241,-171
121000175,2823,839,1984
121000176,676,456,220
121000177,893,813,80
121000178,73,106,-33
121000179,49,86,-37
121000181,590,548,42
121000182,317,569,-252
121000183,99,232,-133
121000184,47,423,-376
121000185,72,624,-552
121000186,447,1219,-772
121000187,470,104,366
121000188,540,101,439
121000192,1114,630,484
121000193,1066,461,605
121000194,2465,2498,-33
121000195,331,1759,-1428
121000196,853,671,182
121000197,155,2599,-2444
121000198,162,436,-274
121000199,259,396,-137
121000200,945,254,691
121000201,14,328,-314
121000202,902,327,575
121000203,1064,2719,-1655
121000204,4862,1209,3653
121000205,138,456,-318
121000206,145,206,-61
121000207,3118,1054,2064
121000208,11,304,-293
121000209,1122,104,1018
121000210,1186,363,823
121000211,692,270,422
121000212,712,593,119
121000213,24323,4547,19776
121000214,1314,2970,-1656
121000215,1025,3266,-2241
121000216,830,946,-116
121000217,5122,4865,257
121000218,505,3085,-2580
121000219,2169,1215,954
121000220,271,96,175
121000221,233,846,-613
121000222,5428,4167,1261
121000223,274,1668,-1394
121000224,143,915,-772
121000225,693,6169,-5476
121000226,1343,2433,-1090
121000227,14,211,-197
121000228,28,929,-901
121000229,674,921,-247
121000230,107,3334,-3227
121000231,2265,28,2237
121000232,843,555,288
121000233,862,457,405
121000234,8,92,-84
121000235,70,72,-2
121000236,4,76,-72
121000237,19,23,-4
121000238,17,106,-89
121000239,143,15,128
121000240,8,205,-197
121000241,151,26,125
121000242,78,550,-472
121000243,233,83,150
121000244,2,55,-53
121000245,47,23,24
121000246,1,153,-152
121000247,202,18,184
121000248,607,1695,-1088
121000249,55,343,-288
121000250,776,419,357
121000251,20,302,-282
121000252,196,133,63
121000253,523,479,44
121000254,1247,232,1015
121000255,143,366,-223
121000256,441,288,153
121000257,24,196,-172
121000258,65,179,-114
121000259,47,110,-63
121000260,50,100,-50
121000261,97,109,-12
121000262,2730,611,2119
121000263,670,675,-5
121000271,1772,2766,-994
121000273,43,8,35
121000274,15,172,-157
121000275,6,29,-23
121000276,31,68,-37
121000278,97,48,49
121000279,45,75,-30
121000280,32,68,-36
121000289,640,26,614
121000290,2543,2273,270
121000294,367,42,325
121000297,466,1392,-926
121000299,141,2424,-2283
121000300,2442,1252,1190
121000302,26,1034,-1008
121000303,678,298,380
121000304,687,110,577
121000305,480,154,326
121000306,324,335,-11
121000308,115,361,-246
121000309,362,530,-168
121000310,136,372,-236
121000311,88,548,-460
121000312,825,735,90
121000313,387,480,-93
121000314,45,75,-30
121000315,43,73,-30
121000530,2607,2870,-263
121000531,2831,2236,595
121000532,7763,9484,-1721
121000533,4180,5593,-1413
121000918,34,73,-39
121000919,27,134,-107
121000938,104,166,-62
121000939,32,322,-290
121000956,2607,1817,790
121000957,2,51,-49
121000958,13,253,-240
121000959,1978,466,1512
121000960,2369,1448,921
121000961,441,123,318
121000962,1157,557,600
121000973,1,298,-297
121000976,7,161,-154
121000979,717,205,512
121000981,518,153,365
121000982,393,248,145
121000983,771,247,524
121000984,15,93,-78
121000985,1284,458,826
121000986,785,158,627
121000987,243,711,-468
121000988,1437,162,1275
121001302,377,178,199
121001308,2,115,-113
121001309,31,352,-321
121001311,0,0,0
121001313,386,110,276
121001314,2014,2095,-81
121001315,7914,5493,2421
121001318,0,0,0
121900001,279,504,-225
121900002,33,47,-14
121900003,588,11,577
121900004,81,859,-778
121900005,42,13,29
121900006,205,35,170
121900007,3086,2326,760
121900008,56,332,-276
121900009,1766,30,1736
121900010,376,3,373
121900011,482,249,233
121900012,6,0,6
121900013,306,100,206
121900014,3368,477,2891
121900015,238,217,21
121900016,2,36,-34
121900017,873,1449,-576
121900018,835,10,825
121900019,818,299,519
121900020,89,4,85
121900021,1218,19,1199
121900022,384,399,-15
121900023,266,594,-328
121900024,617,72,545
121900025,946,781,165
121900026,461,140,321
121900027,647,445,202
121900028,250,21,229
121900029,159,454,-295
121900030,577,770,-193
121900031,1683,8930,-7247
121900032,237,134,103
121900033,218,523,-305
121900034,416,219,197
121900035,7531,5257,2274
121900036,168,603,-435
121900037,183,1705,-1522
121900038,112,147,-35
121900039,374,47,327
121900040,78,149,-71
121900041,78,586,-508
121900042,527,373,154
121900043,1,4,-3
121900044,110,46,64
121900046,327,431,-104
121900047,324,137,187
121900048,145,116,29
121900050,41,184,-143
121900051,195,493,-298
121900052,241,51,190
121900053,829,496,333
121900054,481,2158,-1677
121900055,24,29,-5
121900058,610,516,94
121900059,559,283,276
121900060,168,891,-723
121900061,200,176,24
121900062,142,148,-6
121900063,2171,720,1451
121900064,522,903,-381
121900066,85,14,71
121900067,153,47,106
121900069,277,263,14
121900070,160,393,-233
121900071,1221,516,705
121900072,76,160,-84
121900073,274,561,-287
121900074,443,886,-443
121900075,414,1271,-857
121900076,612,1276,-664
121900077,56,6,50
121900078,263,28,235
121900079,0,1,-1
121900080,1385,491,894
121900082,101,152,-51
121900084,24,46,-22
121900085,4,13,-9
121900086,48,75,-27
121900087,142,278,-136
121900088,1641,3755,-2114
121900089,429,232,197
121900090,52,53,-1
121900091,140,33,107
121900092,312,178,134
121900093,120,131,-11
121900094,18,25,-7
121900095,491,186,305
121900096,1466,967,499
121900097,1200,213,987
121900098,21,1,20
121900099,438,38,400
121900100,69,339,-270
121900101,140,234,-94
121900102,2,132,-130
121900103,651,400,251
121900104,3142,701,2441
121900105,375,232,143
121900106,3,16,-13
121900107,151,37,114
121900108,3,38,-35
121900109,298,299,-1
121900110,1184,625,559
121900111,655,428,227
121900112,161,415,-254
121900113,87,644,-557
121900114,140,125,15
121900117,208,308,-100
121900118,3666,1054,2612
121900119,246,104,142
121900120,102,1372,-1270
121900121,749,51,698
121900122,82,75,7
121900123,323,483,-160
121900124,489,263,226
121900125,4174,2030,2144
121900127,19,161,-142
121900128,82,116,-34
121900129,251,272,-21
121900130,140,476,-336
121900131,539,149,390
121900132,108,77,31
121900133,25,826,-801
121900134,10,826,-816
121900135,6817,781,6036
121900136,574,530,44
121900137,69,412,-343
121900138,113,274,-161
121900139,421,6101,-5680
121900140,76,281,-205
121900141,104,51,53
121900142,197,74,123
121900143,44,262,-218
121900144,199,1298,-1099
121900145,339,518,-179
121900146,691,1035,-344
121900147,73,519,-446
121900148,387,642,-255
121900149,476,575,-99
121900150,45,279,-234
121900151,92,658,-566
121900152,244,128,116
121900153,29,414,-385
121900154,10,653,-643
121900155,8,332,-324
121900156,149,320,-171
121900157,4,554,-550
121900158,120,217,-97
121900159,3,280,-277
121900160,151,590,-439
121900161,362,907,-545
121900162,136,254,-118
121900163,855,310,545
121900164,316,644,-328
121900165,277,168,109
121900166,161,281,-120
121900167,93,182,-89
121900168,142,165,-23
121900169,24,445,-421
121900170,28,259,-231
121900171,1485,1290,195
121900172,903,564,339
121900173,1064,623,441
121900174,136,79,57
121900175,178,761,-583
121900176,751,2782,-2031
121900177,202,101,101
121900178,94,134,-40
121900179,686,573,113
121900180,2163,8333,-6170
121900182,836,988,-152
121900183,519,2470,-1951
121900184,66,2435,-2369
121900186,6,797,-791
121900187,21,153,-132
121900188,1432,311,1121
121900189,87,112,-25
121900190,357,668,-311
121900191,151,451,-300
121900192,294,3843,-3549
121900193,76,630,-554
121900194,13,498,-485
121900195,25,78,-53
121900196,1000,1394,-394
121900197,417,1366,-949
121900198,6036,3292,2744
121900199,3,71,-68
121900200,55,304,-249
121900201,1137,1001,136
121900202,226,1265,-1039
121900203,109,2492,-2383
121900204,1789,1829,-40
121900205,43,214,-171
121900206,19,163,-144
121900207,47,79,-32
121900208,169,906,-737
121900209,127,91,36
121900210,3484,2689,795
121900211,155,191,-36
121900212,120,222,-102
121900213,643,86,557
121900214,4,728,-724
121900215,59,241,-182
121900216,50,484,-434
121900217,297,357,-60
121900218,241,1295,-1054
121900220,142,11,131
121900221,697,815,-118
121900222,452,132,320
121900223,242,194,48
121900224,184,138,46
121900225,215,381,-166
121900226,307,34,273
121900227,627,2783,-2156
121900228,190,222,-32
121900230,62,539,-477
121900231,62,2033,-1971
121900232,147,562,-415
121900233,424,291,133
121900234,441,256,185
121900235,907,221,686
121900236,541,261,280
121900237,209,988,-779
121900238,193,466,-273
121900239,212,89,123
121900240,291,268,23
121900241,89,74,15
121900242,24,0,24
121900243,36,1,35
121900244,36,2,34
121900245,417,86,331
121900246,11135,663,10472
121900247,713,309,404
121900248,2434,1268,1166
121900250,169,861,-692
121900251,745,46,699
121900252,554,308,246
121900253,60,1533,-1473
121900254,535,818,-283
121900255,905,286,619
121900258,7420,2218,5202
121900259,229,928,-699
121900260,276,135,141
121900261,167,1068,-901
121900262,1279,1959,-680
121900263,351,239,112
121900264,1149,1220,-71
121900265,600,183,417
121900266,880,137,743
121900267,120,71,49
121900269,342,1427,-1085
121900270,92,313,-221
121900271,56,267,-211
121900273,626,2713,-2087
121900274,509,459,50
121900277,399,1943,-1544
121900278,125,2598,-2473
121900279,272,351,-79
121900280,139,939,-800
121900281,145,615,-470
121900284,51,9,42
121900286,275,128,147
121900287,11,31,-20
121900288,2,24,-22
121900290,317,2323,-2006
121900291,516,1873,-1357
121900292,266,214,52
121900293,943,8016,-7073
121900294,535,7,528
121900295,247,158,89
121900296,85,485,-400
121900298,162,1624,-1462
121900299,0,11,-11
121900300,91,7,84
121900301,56,1,55
121900302,13,73,-60
121900303,275,1043,-768
121900304,1,31,-30
121900305,9,18,-9
121900306,435,4,431
121900307,246,11,235
121900308,10,80,-70
121900309,9,91,-82
121900310,20,165,-145
121900311,1044,35,1009
121900312,811,27,784
121900313,875,82,793
121900314,7,16,-9
121900315,68,4,64
121900316,0,3,-3
121900317,72,27,45
121900318,0,3,-3
121900319,63,513,-450
121900320,39,32,7
121900321,58,8,50
121900322,6,10,-4
121900323,90,36,54
121900324,4,41,-37
121900325,62,15,47
121900326,7,13,-6
121900327,1,52,-51
121900328,1,49,-48
121900329,1,75,-74
121900330,2,92,-90
121900331,38,155,-117
121900332,61,37,24
121900333,75,6,69
121900334,4,13,-9
122000001,1746,6919,-5173
122000002,2960,1441,1519
122000003,1484,3686,-2202
122000004,1639,1808,-169
122000005,8058,3882,4176
122000006,859,2572,-1713
122000007,958,2593,-1635
122000008,1425,4750,-3325
122000009,840,765,75
122000010,3935,4643,-708
122000011,10271,3788,6483
122000012,1025,6878,-5853
122000013,839,3624,-2785
122000014,9052,2508,6544
122000015,1285,1090,195
122000016,606,850,-244
122000017,1807,2002,-195
122000018,3804,2824,980
122000019,1434,3124,-1690
122000020,275,689,-414
122000021,231,617,-386
122000022,2206,2860,-654
122000023,1630,3259,-1629
122000024,615,4819,-4204
122000025,749,6820,-6071
122000026,362,1996,-1634
122000027,940,1276,-336
122000028,2525,1100,1425
122000029,389,1595,-1206
122000030,206,336,-130
122000031,143,627,-484
122000032,11734,5439,6295
122000033,459,8076,-7617
122000034,409,1520,-1111
122000035,235,908,-673
122000036,723,834,-111
122000037,1623,430,1193
122000038,320,763,-443
122000039,709,1660,-951
122000040,329,545,-216
122000041,1509,1665,-156
122000042,654,1179,-525
122000043,142,284,-142
122000044,152,182,-30
122000045,3560,1610,1950
122000046,1374,2120,-746
122000047,105,314,-209
122000048,3153,4897,-1744
122000049,10124,4634,5490
122000050,1010,1730,-720
122000051,229,724,-495
122000052,513,667,-154
122000053,356,1245,-889
122000054,2163,3330,-1167
122000055,2130,5563,-3433
122000056,3474,3809,-335
122000057,6539,5848,691
122000058,1095,3379,-2284
122000059,1058,7065,-6007
122000060,352,2094,-1742
122000061,201,1418,-1217
122000062,634,311,323
122000063,436,2320,-1884
122000064,4099,10526,-6427
122000065,3021,4820,-1799
122000066,1048,2907,-1859
122000067,1601,2537,-936
122000068,4487,1683,2804
122000069,2037,1537,500
122000070,1444,1936,-492
122000071,6345,1802,4543
122000072,2547,1721,826
122000073,292,3552,-3260
122000074,3369,2139,1230
122000075,1674,1392,282
122000076,16748,3894,12854
122000077,723,3895,-3172
122000078,629,7229,-6600
122000079,437,4922,-4485
122000080,571,1239,-668
122000081,124,382,-258
122000082,324,1983,-1659
122000083,9398,1310,8088
122000084,8718,2484,6234
122000085,473,1063,-590
122000086,4032,11845,-7813
122000087,280,763,-483
122000088,128,566,-438
122000089,7650,3990,3660
122000090,451,1981,-1530
122000091,114,839,-725
122000092,59,186,-127
122000093,1933,7138,-5205
122000094,8628,5373,3255
122000095,931,8294,-7363
122000096,584,4689,-4105
122000098,5327,5912,-585
122000099,831,2862,-2031
122000100,985,1303,-318
122000101,489,820,-331
122000102,4605,1514,3091
122000103,1947,2285,-338
122000104,3208,245,2963
122000105,684,967,-283
122000106,609,3538,-2929
122000107,1849,658,1191
122000108,1104,1206,-102
122000109,636,454,182
122000110,1062,1242,-180
122000111,5979,2430,3549
122000112,2657,2533,124
122000113,1195,1284,-89
122000114,2117,4504,-2387
122000115,2764,1869,895
122000116,497,910,-413
122000117,1902,645,1257
122000118,935,819,116
122000119,3068,2146,922
122000120,964,3570,-2606
122000121,850,1986,-1136
122000122,436,945,-509
122000123,1585,1959,-374
122000124,923,648,275
122000125,641,731,-90
122000126,571,783,-212
122000127,539,713,-174
122000128,325,570,-245
122000129,524,2934,-2410
122000130,3557,1610,1947
122000131,1295,1265,30
122000132,304,511,-207
122000133,1032,1356,-324
122000134,1478,826,652
122000135,609,394,215
122000136,1229,683,546
122000137,3331,1470,1861
122000139,851,5694,-4843
122000140,313,2322,-2009
122000141,6577,3955,2622
122000142,164,3977,-3813
122000143,426,567,-141
122000144,2210,1700,510
122000145,1157,1955,-798
122000146,733,4939,-4206
122000147,716,1136,-420
122000148,442,2555,-2113
122000149,2284,1593,691
122000150,1906,1828,78
122000151,174,504,-330
122000152,525,493,32
122000153,435,670,-235
122000154,327,258,69
122000155,2046,4528,-2482
122000156,12154,6637,5517
122000157,759,11949,-11190
122000158,349,1355,-1006
122000159,957,1559,-602
122000160,2476,2020,456
122000161,1281,1414,-133
122000162,1551,2000,-449
122000163,426,245,181
122000164,51,374,-323
122000165,1878,2399,-521
122000166,897,3776,-2879
122000167,361,811,-450
122000168,204,1585,-1381
122000169,473,464,9
122000170,478,537,-59
122000171,38,100,-62
122000172,3079,2341,738
122000173,1908,4429,-2521
122000174,1841,2313,-472
122000175,1004,669,335
122000176,350,1976,-1626
122000177,1273,2279,-1006
122000178,8762,5369,3393
122000179,4618,6496,-1878
122000180,943,1478,-535
122000181,857,2620,-1763
122000182,1912,1934,-22
122000183,3838,1624,2214
122000184,3836,5225,-1389
122000185,1638,5633,-3995
122000186,949,3512,-2563
122000187,2203,1827,376
122000188,520,497,23
122000189,290,577,-287
122000190,997,3328,-2331
122000191,879,1312,-433
122000192,1826,727,1099
122000193,578,1124,-546
122000194,700,362,338
122000195,150,1164,-1014
122000196,1515,500,1015
122000197,681,893,-212
122000198,436,3582,-3146
122000199,310,681,-371
122000200,1250,1213,37
122000201,1643,4107,-2464
122000202,1171,3492,-2321
122000203,2815,2154,661
122000204,1409,1895,-486
122000205,815,1153,-338
122000206,6227,1679,4548
122000207,2613,2489,124
122000208,2979,2878,101
122000209,3019,1009,2010
122000210,2633,3120,-487
122000211,1356,2262,-906
122000212,1053,724,329
122000213,1328,2155,-827
122000214,2421,2408,13
122000215,3390,2669,721
122000217,2148,3956,-1808
122000218,839,91,748
122000219,1668,1143,525
122000220,330,983,-653
122000221,142,380,-238
122000222,771,229,542
122000223,1146,1070,76
122000225,874,794,80
122000226,1935,1944,-9
122000227,254,2133,-1879
122000228,343,339,4
122000229,72,648,-576
122000230,71,417,-346
122000231,894,866,28
122000232,694,726,-32
122000233,0,102,-102
122000234,748,88,660
122000235,784,89,695
122000236,2247,64,2183
122000237,181,100,81
122000238,489,563,-74
122000239,1441,287,1154
122000240,1769,833,936
122000241,3475,605,2870
122000242,898,293,605
122000243,567,51,516
122000244,101,422,-321
122000245,144,75,69
122000246,549,306,243
122000247,1117,346,771
122000248,989,974,15
122000249,2501,1412,1089
122000250,2719,1678,1041
122000251,119,502,-383
122000252,258,158,100
122000253,111,281,-170
122000254,500,146,354
122000255,684,873,-189
122000256,289,462,-173
122000257,331,102,229
122000258,411,318,93
122000259,32,366,-334
122000260,2,43,-41
122000261,39,384,-345
122000262,3,69,-66
122000263,288,703,-415
122000264,2068,510,1558
122000265,3671,1836,1835
122000266,5394,1103,4291
122000267,149,158,-9
122000268,193,542,-349
122000269,1521,554,967
122000270,687,378,309
122000271,302,3110,-2808
122000272,516,2028,-1512
122000273,661,638,23
122000274,414,279,135
122000275,96,250,-154
122000276,1451,564,887
122000277,1580,2141,-561
122000278,2761,350,2411
122000279,361,340,21
122000280,887,577,310
122000281,805,878,-73
122000282,224,537,-313
122000283,172,271,-99
122000284,195,125,70
122000285,383,84,299
122000286,72,176,-104
122000287,2287,1800,487
122000288,652,341,311
122000291,4765,1137,3628
122000293,196,182,14
122000294,218,474,-256
122000295,1938,278,1660
122000296,48,986,-938
122000297,2662,5310,-2648
122000299,756,778,-22
122000300,431,439,-8
122000301,8352,4905,3447
122000302,673,4105,-3432
122000303,2580,1331,1249
122000304,81,201,-120
122000305,1970,467,1503
122000306,117,384,-267
122000307,186,193,-7
122000309,86,30,56
122000310,28,117,-89
122000311,75,157,-82
122000312,81,400,-319
122000313,62,127,-65
122000314,176,578,-402
122000315,428,64,364
122000316,1690,565,1125
122000317,3345,439,2906
122000318,419,2078,-1659
122000319,147,529,-382
122000320,289,1068,-779
122000321,177,158,19
122000322,2636,3237,-601
122000323,777,5722,-4945
122000324,2750,4013,-1263
122000325,1101,8219,-7118
122000326,203,113,90
122000327,378,1057,-679
122000328,663,501,162
122000330,3914,3257,657
122000332,223,358,-135
122000333,13,57,-44
122000337,1512,472,1040
122000338,729,378,351
122000340,209,5030,-4821
122000342,1997,924,1073
122000343,741,685,56
122000344,160,39,121
122000345,27,29,-2
122000346,227,230,-3
122000348,1070,1109,-39
122000349,94,743,-649
122000351,238,394,-156
122000352,300,284,16
122000353,258,76,182
122000355,116,294,-178
122000356,534,3424,-2890
122000357,118,18,100
122000358,0,13,-13
122000359,0,37,-37
122000360,2,38,-36
122000362,7,45,-38
122000364,336,298,38
122000365,2,60,-58
122000366,34,7,27
122000368,561,931,-370
122000370,34,23,11
122000371,52,0,52
122000372,14,1,13
122000381,284,459,-175
122000382,95,225,-130
122000384,1957,2012,-55
122000385,110,0,110
122000386,239,3072,-2833
122000387,656,1736,-1080
122000388,1643,1777,-134
122000389,260,2408,-2148
122000390,467,769,-302
122000391,139,1996,-1857
122000392,289,159,130
122000393,53,135,-82
122000394,938,219,719
122000395,211,141,70
122000396,471,156,315
122000397,25,53,-28
122000398,7,132,-125
122000399,169,52,117
122000400,52,1784,-1732
122000401,217,86,131
122000402,653,178,475
122000403,779,459,320
122000404,286,186,100
122000408,735,1106,-371
122000503,15,101,-86
122000524,164,744,-580
122000544,141,3515,-3374
122000616,332,2,330
122000640,95,48,47
122000641,279,220,59
122000642,1810,718,1092
122000643,60,365,-305
122000644,130,72,58
122000645,38,222,-184
122000651,505,5029,-4524
122000664,255,97,158
122000665,1912,687,1225
122000666,770,1332,-562
122000673,73,191,-118
122000674,443,153,290
122000675,3036,676,2360
122000686,685,2520,-1835
122000687,2613,488,2125
122000688,425,434,-9
122000689,1775,192,1583
122000690,4832,239,4593
122000691,1495,659,836
122000692,2375,306,2069
122000693,492,1065,-573
122000695,694,301,393
122000696,1046,164,882
122000698,528,334,194
122000699,252,90,162
122000701,2467,390,2077
122000702,425,1401,-976
122000703,274,112,162
122000717,77,117,-40
122000718,330,2327,-1997
122000719,122,123,-1
122000720,1182,153,1029
122000724,132,42,90
122900001,63,24,39
122900002,1168,10517,-9349
122900003,674,52,622
122900004,2192,171,2021
122900005,86,132,-46
122900006,335,971,-636
122900007,134,331,-197
122900008,208,175,33
122900009,1688,616,1072
122900010,315,130,185
122900012,200,539,-339
122900014,152,146,6
122900015,1059,1575,-516
122900016,275,227,48
122900017,270,1825,-1555
122900018,209,16,193
122900019,16,115,-99
122900020,191,436,-245
122900021,39,440,-401
122900022,1941,957,984
122900023,1464,210,1254
122900024,155,141,14
122900025,8,413,-405
122900026,20,187,-167
122900027,38,459,-421
122900028,123,116,7
122900029,8436,3049,5387
122900030,3502,680,2822
122900031,74,523,-449
122900032,810,627,183
122900033,249,306,-57
122900034,5000,5961,-961
122900035,29,28,1
122900036,99,80,19
122900037,628,251,377
122900038,121,4653,-4532
122900039,99,846,-747
122900040,261,1591,-1330
122900041,200,431,-231
122900042,282,382,-100
122900043,546,322,224
122900044,228,371,-143
122900045,207,425,-218
122900046,157,421,-264
122900047,147,314,-167
122900048,35,298,-263
122900049,4384,231,4153
122900051,54,969,-915
122900052,188,95,93
122900053,64,39,25
122900055,470,41,429
122900057,411,88,323
122900061,676,75,601
122900062,839,1032,-193
122900063,342,203,139
122900064,964,501,463
122900065,832,397,435
122900066,1009,451,558
122900067,869,684,185
122900068,138,337,-199
122900069,611,2445,-1834
122900070,586,105,481
122900071,118,300,-182
122900072,10,338,-328
122900073,27,93,-66
122900074,1772,197,1575
122900075,0,85,-85
122900076,2,262,-260
122900077,6,61,-55
122900078,409,19,390
122900080,26,103,-77
122900081,237,227,10
122900082,1484,187,1297
122900083,108,134,-26
122900084,10,102,-92
122900086,12,343,-331
122900087,564,412,152
122900088,26,966,-940
122900089,47,141,-94
122900090,8,311,-303
122900091,587,5,582
122900092,0,109,-109
122900093,1,103,-102
122900094,0,155,-155
122900095,315,57,258
122900096,702,74,628
122900097,34,78,-44
122900098,36,217,-181
122900099,173,52,121
122900100,103,952,-849
122900101,833,601,232
122900102,103,73,30
122900103,413,13,400
122900104,545,17,528
122900105,25,52,-27
122900106,0,25,-25
122900107,3,57,-54
122900108,2,84,-82
123000001,904,2584,-1680
123000002,2932,10616,-7684
123000003,6736,6540,196
123000004,3545,5047,-1502
123000005,4519,4040,479
123000006,3087,2553,534
123000007,5797,3414,2383
123000008,3553,3327,226
123000009,4842,4002,840
123000010,3827,5121,-1294
123000011,1978,2435,-457
123000012,819,5444,-4625
123000013,6379,2226,4153
123000014,884,5084,-4200
123000015,2751,1772,979
123000016,3861,4988,-1127
123000017,5619,2644,2975
123000018,166,125,41
123000019,970,72,898
123000020,651,55,596
123000021,462,434,28
123000022,689,2892,-2203
123000023,3227,3563,-336
123000024,2252,1587,665
123000025,194,115,79
123000026,13,240,-227
123000027,77,1471,-1394
123000028,739,1968,-1229
123000029,547,2009,-1462
123000030,438,110,328
123000031,493,210,283
123000032,897,99,798
123000033,453,245,208
123000034,1551,928,623
123000035,598,743,-145
123000036,334,1667,-1333
123000037,303,200,103
123000038,83,418,-335
123000039,476,2165,-1689
123000040,655,348,307
123000041,850,2336,-1486
123000042,626,1890,-1264
123000043,2081,21241,-19160
123000044,3450,3407,43
123000045,4956,3276,1680
123000046,310,1707,-1397
123000047,894,1965,-1071
123000048,99,2089,-1990
123000049,6761,13680,-6919
123000050,2936,2364,572
123000051,131,303,-172
123000052,1081,4969,-3888
123000053,3080,3900,-820
123000054,3402,2561,841
123000055,2932,7611,-4679
123000056,1624,1162,462
123000057,4219,8788,-4569
123000058,897,2076,-1179
123000059,413,727,-314
123000060,1915,652,1263
123000061,575,780,-205
123000063,1888,1413,475
123000064,2320,399,1921
123000065,5021,3664,1357
123000066,605,922,-317
123000067,1622,535,1087
123000068,2225,2866,-641
123000069,5030,1879,3151
123000070,297,616,-319
123000071,3015,1039,1976
123000072,1819,584,1235
123000073,4151,1355,2796
123000074,1690,1272,418
123000075,684,2919,-2235
123000076,1120,516,604
123000077,3218,1911,1307
123000078,4288,1713,2575
123000079,3930,2394,1536
123000080,3846,1342,2504
123000081,297,350,-53
123000082,304,1205,-901
123000083,1777,442,1335
123000084,1382,550,832
123000085,898,116,782
123000086,1478,120,1358
123000087,845,566,279
123000088,1882,1009,873
123000089,1445,1377,68
123000090,2539,1144,1395
123000091,2563,1860,703
123000092,1297,1852,-555
123000094,1330,237,1093
123000095,1332,1208,124
123000096,1957,522,1435
123000097,1114,479,635
123000098,1702,645,1057
123000099,1121,517,604
123000100,442,1156,-714
123000101,687,589,98
123000102,642,1227,-585
123000104,664,827,-163
123000105,492,549,-57
123000106,685,671,14
123000107,375,450,-75
123000108,665,1236,-571
123000111,1794,506,1288
123000112,2388,596,1792
123000113,941,815,126
123000114,639,906,-267
123000115,439,382,57
123000116,67,89,-22
123000117,2944,1488,1456
123000118,805,484,321
123000119,398,508,-110
123000120,429,706,-277
123000121,887,1081,-194
123000122,525,527,-2
123000123,615,849,-234
123000124,514,579,-65
123000125,2145,1965,180
123000126,1585,7352,-5767
123000127,560,795,-235
123000128,384,608,-224
123000129,1635,377,1258
123000130,1207,122,1085
123000131,2428,1344,1084
123000132,424,774,-350
123000133,165,283,-118
123000134,279,137,142
123000135,4274,1572,2702
123000136,304,481,-177
123000137,169,261,-92
123000138,155,374,-219
123000139,1046,248,798
123000140,115,544,-429
123000141,960,205,755
123000142,1446,1090,356
123000143,979,2106,-1127
123000144,38,33,5
123000145,242,477,-235
123000146,19,243,-224
123000147,96,244,-148
123000149,488,483,5
123000150,113,297,-184
123000151,199,818,-619
123000152,116,564,-448
123000153,269,1020,-751
123000154,1537,2653,-1116
123000155,2327,1993,334
123000156,31,158,-127
123000157,916,969,-53
123000158,751,1073,-322
123000159,4300,6087,-1787
123000160,1754,1905,-151
123000161,2550,1586,964
123000162,2500,2787,-287
123000163,1078,336,742
123000164,3314,338,2976
123000165,511,1178,-667
123000166,27,118,-91
123000167,201,246,-45
123000168,495,149,346
123000169,1598,257,1341
123000170,193,60,133
123000171,1963,3,1960
123000172,213,516,-303
123000173,971,627,344
123000174,1104,773,331
123000175,409,1197,-788
123000176,1674,433,1241
123000177,404,1186,-782
123000178,1513,226,1287
123000179,63,531,-468
123000180,2638,567,2071
123000181,366,1028,-662
123000182,444,283,161
123000183,220,840,-620
123000184,72,441,-369
123000185,1487,558,929
123000186,8,355,-347
123000187,808,26,782
123000188,362,3,359
123000189,379,153,226
123000190,122,119,3
123000192,8,352,-344
123000193,49,679,-630
123000194,248,299,-51
123000195,474,33,441
123000196,585,44,541
123000197,93,144,-51
123000198,139,671,-532
123000199,23,568,-545
123000200,1144,16,1128
123000201,2129,25,2104
123000202,29,509,-480
123000203,1743,96,1647
123000204,92,508,-416
123000205,179,799,-620
123000206,4312,397,3915
123000207,59,412,-353
123000208,1294,338,956
123000209,3034,965,2069
123000210,289,1438,-1149
123000211,439,1647,-1208
123000212,6710,631,6079
123000213,804,82,722
123000215,120,319,-199
123000216,272,1361,-1089
123000217,293,61,232
123000218,67,1109,-1042
123000219,847,192,655
123000220,765,150,615
123000221,316,151,165
123000222,618,388,230
123000223,943,168,775
123000224,616,320,296
123000225,437,87,350
123000226,133,457,-324
123000227,123,238,-115
123000228,461,83,378
123000229,884,1549,-665
123000232,219,507,-288
123000233,1464,186,1278
123000234,235,580,-345
123000235,2098,388,1710
123000236,430,531,-101
123000237,767,145,622
123000238,94,397,-303
123000239,523,865,-342
123000240,73,1606,-1533
123000241,535,68,467
123000242,481,247,234
123000243,1000,849,151
123000244,934,584,350
123000245,46,135,-89
123000249,838,697,141
123000252,1425,489,936
123000253,2362,909,1453
123000254,1025,889,136
123000255,1583,1120,463
123000256,18,197,-179
123000257,2667,1423,1244
123000258,1712,678,1034
123000259,890,621,269
123000260,1003,334,669
123000261,618,215,403
123000262,114,95,19
123000263,935,128,807
123000264,288,156,132
123000265,54,101,-47
123000266,693,625,68
123000267,1085,552,533
123000268,47,54,-7
123000269,88,138,-50
123000270,45,129,-84
123000271,64,61,3
123000272,996,374,622
123000273,406,1445,-1039
123000274,1730,1342,388
123000275,333,1086,-753
123000278,2214,3755,-1541
123000279,247,110,137
123000280,520,293,227
123000281,548,227,321
123000282,151,412,-261
123000283,303,125,178
123000284,52,73,-21
123000286,142,731,-589
123000287,353,479,-126
123000288,1239,1988,-749
123000289,295,2194,-1899
123000291,228,1043,-815
123000294,156,215,-59
123000295,744,1736,-992
123000296,1071,681,390
123000297,1226,401,825
123000298,1470,320,1150
123000299,187,125,62
123000300,2081,1451,630
123000301,249,819,-570
123000302,282,131,151
123000303,128,540,-412
123000305,1188,1335,-147
123000306,426,77,349
123000309,45,133,-88
123000310,105,97,8
123000311,0,103,-103
123000312,552,642,-90
123000313,1029,645,384
123000315,211,309,-98
123000316,1084,213,871
123000317,384,180,204
123000318,57,176,-119
123000329,10,9,1
123000337,403,555,-152
123000338,150,350,-200
123000339,525,59,466
123000340,102,384,-282
123000342,9,76,-67
123000343,124,52,72
123000344,670,330,340
123000345,429,692,-263
123000346,769,36,733
123000352,1278,1019,259
123000353,126,127,-1
123000354,384,20,364
123000355,1,308,-307
123000356,786,26,760
123000357,1,158,-157
123000359,29,93,-64
123000360,328,146,182
123000361,435,317,118
123000362,695,159,536
123000363,144,217,-73
123000364,898,946,-48
123000365,66,632,-566
123000366,369,4110,-3741
123000367,405,716,-311
123000370,42,467,-425
123000371,765,213,552
123000372,772,83,689
123000373,25,464,-439
123000374,80,167,-87
123000375,669,98,571
123000376,1475,1458,17
123000377,1013,55,958
123000378,40,242,-202
123000379,6,496,-490
123000380,26,493,-467
123000381,46,188,-142
123000382,522,188,334
123000383,163,1406,-1243
123000384,881,110,771
123000385,227,658,-431
123000436,72,2472,-2400
123000507,72,156,-84
123000508,250,2201,-1951
123000517,417,37,380
123000518,39,161,-122
123000519,236,121,115
123000520,58,176,-118
123000521,850,139,711
123000522,191,272,-81
123000541,11,1,10
123000542,0,2,-2
123000565,1599,48,1551
123000566,639,151,488
123000567,121,102,19
123000573,52,455,-403
123000574,1698,102,1596
123000575,2756,767,1989
123000576,1277,1095,182
123000577,143,1006,-863
123000578,513,256,257
123000579,1140,11548,-10408
123000580,213,95,118
123000582,860,55,805
123000583,40,407,-367
123000584,169,557,-388
123000585,0,74,-74
123000586,182,0,182
123000596,85,72,13
123000597,98,263,-165
123000602,169,23,146
123000603,2120,406,1714
123000604,1025,336,689
123000605,1115,116,999
123000606,1,631,-630
123000609,26,408,-382
123000610,138,106,32
123000613,37,186,-149
123000614,387,49,338
123000615,84,47,37
123000616,1788,65,1723
123000617,217,172,45
123000618,78,668,-590
123000619,744,81,663
123000620,27,385,-358
123000622,827,29,798
123000624,260,56,204
123000630,2766,751,2015
123000631,428,656,-228
123000632,756,705,51
123000633,0,253,-253
123000634,62,507,-445
123000635,76,207,-131
123000636,59,487,-428
123000637,517,34,483
123000638,956,41,915
123000639,930,9650,-8720
123000640,18,289,-271
123000648,752,106,646
123000649,40,475,-435
123900001,1270,73,1197
123900002,59,2016,-1957
123900003,178,586,-408
123900005,436,410,26
123900006,606,160,446
124000001,2471,273,2198
124000002,46,1217,-1171
124000003,1754,284,1470
124000004,113,535,-422
124000005,1912,1380,532
124000006,262,504,-242
124000007,816,98,718
124000008,5,517,-512
124000009,1234,430,804
124000010,343,318,25
124000011,1442,582,860
124000012,300,383,-83
124000017,376,186,190
124000018,160,88,72
124000019,255,261,-6
124000020,34,140,-106
124000021,176,142,34
124000022,81,197,-116
124000023,1660,2020,-360
124000024,1420,502,918
124000025,1566,2099,-533
124000026,1315,1176,139
124000027,4825,5607,-782
124000028,1354,4193,-2839
124000030,2005,1847,158
124000031,1890,7884,-5994
124000032,1344,690,654
124000033,797,630,167
124000034,884,633,251
124000035,490,372,118
124000036,101,327,-226
124000037,617,1413,-796
124000038,23,140,-117
124000039,391,395,-4
124000040,261,1375,-1114
124000041,800,226,574
124000042,277,427,-150
124000043,128,160,-32
124000044,102,147,-45
124000045,1895,393,1502
124000046,368,715,-347
124000047,3282,794,2488
124000048,1514,593,921
124000049,3286,551,2735
124000050,1410,1121,289
124000051,2060,463,1597
124000052,1111,648,463
124000053,643,2996,-2353
124000054,796,299,497
124000055,1410,6734,-5324
124000056,1518,845,673
124000057,1999,662,1337
124000058,835,879,-44
124000059,1480,1896,-416
124000060,578,455,123
124000061,1852,8964,-7112
124000062,2837,1670,1167
124000063,1392,1240,152
124000064,1721,1081,640
124000065,46,838,-792
124000066,145,89,56
124000067,296,165,131
124000068,145,172,-27
124000069,989,104,885
124000070,657,215,442
124000071,224,151,73
124000072,219,465,-246
124000073,1584,234,1350
124000074,268,571,-303
124000075,666,70,596
124000076,31,51,-20
124000077,393,1005,-612
124000078,1665,1631,34
124000079,295,1462,-1167
124000080,1288,204,1084
124000081,294,462,-168
124000082,74,181,-107
124000083,34,88,-54
124000084,65,1111,-1046
124000085,46,43,3
124000086,45,298,-253
124000087,190,261,-71
124000088,174,829,-655
124000089,1014,305,709
124000090,240,222,18
124000091,854,155,699
124000092,245,498,-253
124000093,174,220,-46
124000094,240,618,-378
124000095,164,121,43
124000096,320,255,65
124000097,224,186,38
124000098,84,84,0
124000099,455,180,275
124000100,108,236,-128
124000101,217,173,44
124000102,122,26,96
124000103,335,188,147
124000104,159,42,117
124000105,296,196,100
124000106,121,36,85
124000107,39,335,-296
124000108,79,32,47
124000109,313,151,162
124000110,111,80,31
124000111,353,160,193
124000112,1211,499,712
124000113,182,207,-25
124000114,545,309,236
124000115,337,1054,-717
124000116,121,287,-166
124000117,33,135,-102
124000118,31,123,-92
124000119,1245,1173,72
124000120,962,901,61
124000121,1371,899,472
124000122,527,1616,-1089
124000123,1289,532,757
124000124,388,706,-318
124000125,654,562,92
124000126,367,502,-135
124000127,1294,398,896
124000128,730,661,69
124000129,2237,1760,477
124000130,566,492,74
124000131,929,992,-63
124000132,629,644,-15
124000133,1726,1522,204
124000134,1152,653,499
124000135,1930,2789,-859
124000136,616,996,-380
124000137,1111,1590,-479
124000138,1256,1484,-228
124000139,524,121,403
124000140,22,524,-502
124000141,64,26,38
124000142,10,272,-262
124000143,90,19,71
124000144,14,70,-56
124000145,220,93,127
124000146,48,81,-33
124000148,64,87,-23
124000149,1516,321,1195
124000150,300,750,-450
124000151,1594,567,1027
124000152,1092,1338,-246
124000153,1315,1504,-189
124000154,620,959,-339
124000155,1703,1045,658
124000156,976,1223,-247
124000169,171,907,-736
124000170,1044,840,204
124000171,427,411,16
124000172,405,715,-310
124000173,981,266,715
124000174,546,653,-107
124000175,13,66,-53
124000176,83,28,55
124000177,8,29,-21
124000178,108,84,24
124000190,41,106,-65
124000191,69,324,-255
124000192,1416,876,540
124000193,265,2950,-2685
124000194,334,410,-76
124000195,556,807,-251
124000196,778,772,6
124000197,23,47,-24
124000198,72,85,-13
124000201,194,648,-454
124000202,927,281,646
124000203,1093,204,889
124000204,1875,231,1644
124000205,288,246,42
124000206,1496,222,1274
124000207,0,23,-23
124000209,243,131,112
124000210,1155,268,887
124000211,1350,3,1347
124000212,0,208,-208
124000213,1032,135,897
124000214,864,290,574
124000215,688,29,659
124000216,0,168,-168
124000329,151,568,-417
124000338,112,362,-250
124000339,2578,105,2473
124000341,2892,116,2776
124000344,54,6,48
124000357,1401,3418,-2017
124000358,846,2202,-1356
124000359,1710,1216,494
124000360,1326,737,589
124000361,2669,1324,1345
124000362,1388,2585,-1197
124000363,395,317,78
124000364,579,568,11
124000365,810,964,-154
124000366,1887,803,1084
124000367,97,238,-141
124000368,640,1237,-597
124000369,104,159,-55
124000370,59,708,-649
124000402,59,26,33
124000403,270,77,193
124000404,4,56,-52
124000405,1226,889,337
124000406,535,584,-49
124000407,3,40,-37
124000411,14,175,-161
124000412,600,6,594
124000413,83,171,-88
124000414,190,174,16
124000415,70,35,35
124000416,194,157,37
124000417,424,128,296
124000418,559,43,516
124000419,183,39,144
124000420,261,37,224
124000421,84,55,29
124000422,31,30,1
124000423,188,67,121
124000424,3,30,-27
124000425,97,29,68
124000426,12,49,-37
124000427,74,5,69
124000428,3,305,-302
124000429,118,50,68
124000430,1089,540,549
124000431,443,513,-70
124000432,411,733,-322
124000439,6,2,4
124000443,1,11,-10
124000445,100,3064,-2964
124000446,1065,245,820
124900001,1361,500,861
124900002,330,239,91
124900003,1723,478,1245
124900004,1707,259,1448
124900005,333,155,178
124900006,1452,331,1121
124900008,1075,755,320
124900009,151,654,-503
124900010,334,328,6
124900011,1044,450,594
124900012,619,159,460
124900013,783,203,580
124900014,490,63,427
124900015,223,527,-304
124900016,161,217,-56
124900017,464,3578,-3114
124900018,173,11,162
124900020,183,86,97
124900021,617,52,565
124900022,55,4,51
124900024,669,17,652
124900026,87,72,15
124900027,207,797,-590
124900028,425,163,262
124900029,47,731,-684
124900030,4,107,-103
124900031,48,306,-258
124900032,244,229,15
124900033,260,218,42
124900034,4,138,-134
124900035,219,459,-240
124900036,3,77,-74
124900037,263,231,32
124900038,273,269,4
124900039,0,68,-68
124900040,172,188,-16
124900041,456,589,-133
124900042,16,1,15
124900043,796,455,341
124900044,176,8,168
124900045,487,1302,-815
124900046,502,293,209
124900047,116,260,-144
124900048,419,132,287
124900050,318,113,205
124900052,123,318,-195
124900053,256,236,20
124900054,771,594,177
124900055,0,190,-190
124900057,10,58,-48
124900060,71,165,-94
124900061,174,7,167
124900062,391,14,377
124900066,0,11,-11
124900067,31,75,-44
124900068,247,852,-605
124900070,100,42,58
124900072,258,58,200
124900075,656,204,452
124900076,17,2652,-2635
124900077,30,94,-64
124900078,121,32,89
124900079,329,212,117
124900080,562,321,241
124900081,2254,357,1897
124900082,517,547,-30
124900083,460,418,42
124900085,643,884,-241
124900086,45,1994,-1949
124900087,235,207,28
124900088,200,133,67
124900089,619,9,610
124900090,964,319,645
124900091,488,230,258
124900092,410,219,191
124900093,748,226,522
124900094,1156,416,740
124900095,192,892,-700
124900096,439,201,238
124900097,656,70,586
124900098,254,370,-116
124900099,278,863,-585
124900100,709,70,639
124900101,76,440,-364
124900102,446,17,429
124900103,237,106,131
124900104,86,105,-19
124900105,170,121,49
124900106,523,67,456
124900107,144,51,93
124900108,230,156,74
124900111,2,143,-141
124900112,204,221,-17
124900113,91,272,-181
124900114,92,158,-66
124900115,130,53,77
124900116,367,434,-67
124900117,198,284,-86
124900118,127,983,-856
124900119,535,275,260
124900120,44,264,-220
124900121,120,534,-414
124900122,260,218,42
124900123,226,136,90
124900124,47,432,-385
204000001,211,6,205
204000002,10,7,3
204000003,24,1,23
204000004,1,1,0
204000005,734,538,196
204000006,1207,1271,-64
204000011,14,41,-27
204000012,116,129,-13
204000019,1489,398,1091
204000020,1171,1154,17
204000021,2861,1475,1386
204000022,1724,716,1008
204000023,677,477,200
204000031,60,15,45
204000032,391,35,356
204000034,51,96,-45
204000035,0,1,-1
204000036,2,8,-6
204000037,0,24,-24
204000038,0,6,-6
204000039,9,6,3
204000040,11,33,-22
204000041,7,50,-43
204000042,65,19,46
204000043,29,4,25
204000044,49,5,44
204000045,72,5,67
204000046,19,1,18
204000057,3,8,-5
204000062,46,21,25
204000068,12,827,-815
204000069,231,673,-442
204000070,75,80,-5
204000080,72,75,-3
204000085,1506,1088,418
204000086,2260,1271,989
204000087,41,7,34
204000088,4,80,-76
204000090,41,217,-176
204000093,713,70,643
204000096,2003,931,1072
204000097,740,7,733
204000099,1475,2864,-1389
204000100,2516,1765,751
204000105,1264,758,506
204000110,375,1629,-1254
204000111,651,785,-134
204000112,634,2110,-1476
204000113,357,1193,-836
204000114,1111,1407,-296
204000115,1295,612,683
204000116,849,2251,-1402
204000119,3030,2319,711
204000132,886,569,317
204000133,1023,220,803
204000134,273,180,93
204000135,801,324,477
204000136,501,274,227
204000138,387,706,-319
204000140,305,154,151
204000141,168,86,82
204000144,6,14,-8
204000145,808,70,738
204000146,28,266,-238
204000147,19,304,-285
204000148,366,30,336
204000154,10,4,6
204000155,0,5,-5
204000177,84,28,56
204000179,84,20,64
204000180,0,27,-27
204000222,9,10,-1
204000235,66,15,51
204000236,38,213,-175
204000238,21,15,6
204000240,336,103,233
204000263,565,944,-379
204000268,712,584,128
204000308,161,36,125
204000317,10,134,-124
204000322,27,83,-56
204000323,17,3,14
204000328,254,104,150
204000329,56,202,-146
204000330,216,12,204
204000331,49,136,-87
204010341,15,230,-215
205000001,723,1028,-305
205000013,26,91,-65
205000014,56,104,-48
205000015,53,55,-2
205000016,20,123,-103
205000017,37,121,-84
205000022,244,663,-419
205000025,1150,788,362
205000029,532,23,509
205000045,172,697,-525
205000046,297,991,-694
205000047,139,1292,-1153
205000048,649,547,102
205000049,221,480,-259
205000050,2259,282,1977
205000059,0,229,-229
205000060,0,270,-270
205000061,5,521,-516
205000062,2,827,-825
205000063,30,731,-701
205000064,24,120,-96
205000065,195,583,-388
205000066,125,313,-188
205000067,98,453,-355
205000069,158,20,138
205000082,181,271,-90
205000110,96,146,-50
205000111,279,186,93
205000112,193,221,-28
205000113,111,165,-54
205000121,216,72,144
205000123,35,122,-87
205000126,675,108,567
205000127,979,139,840
205000128,516,83,433
205000129,1024,87,937
205000130,61,24,37
205000131,58,3,55
205000132,117,9,108
205000133,72,1,71
205000134,371,2,369
205000137,228,119,109
205000138,197,234,-37
205000139,60,138,-78
205000144,99,95,4
205000145,527,198,329
205000151,231,40,191
205000152,222,33,189
205000153,280,32,248
205000154,158,71,87
205000155,169,16,153
205000207,8,97,-89
205000233,34,2,32
205000234,0,2,-2
205000243,0,0,0
205000244,0,3,-3
205000245,11,232,-221
205000249,0,20,-20
205000250,16,0,16
205000264,11,78,-67
206000027,4,11,-7
206000028,7,6,1
206000043,11,42,-31
206000053,1,10,-9
206000054,8,13,-5
206000055,2,24,-22
206000075,21,31,-10
206000076,29,22,7
206000077,15,3,12
206000078,38,11,27
206000079,40,11,29
206000082,416,134,282
206000100,37,610,-573
206000103,3,3,0
206000104,10,16,-6
206000105,6,7,-1
206000106,7,21,-14
206000108,712,104,608
206000125,120,0,120
206000157,26,431,-405
206000170,0,116,-116
206000171,7,172,-165
206000172,21,125,-104
206000173,5,120,-115
206000174,12,25,-13
206000175,1,48,-47
206000176,27,56,-29
206000177,0,47,-47
206000178,4,257,-253
206000179,3,250,-247
206000180,5,121,-116
206000181,17,43,-26
206000182,3,66,-63
206000183,11,108,-97
206000184,5,91,-86
206000185,14,54,-40
206000186,78,249,-171
206000223,11,278,-267
206000226,51,11,40
206000227,26,11,15
206000237,32,152,-120
206000238,32,209,-177
206000239,224,1219,-995
206000240,1,68,-67
206000241,0,75,-75
206000242,9,150,-141
206000243,7,59,-52
206000244,76,160,-84
206000245,1815,43,1772
206000246,635,14,621
206000247,668,7,661
206000248,728,27,701
206000252,81,70,11
206000258,14,51,-37
206000315,60,5,55
206000317,829,192,637
206000318,1070,96,974
206000319,3503,96,3407
206000320,699,59,640
206000321,621,38,583
206000322,1199,27,1172
206000323,339,22,317
206000324,446,42,404
206000325,314,25,289
206000326,296,37,259
206000327,87,16,71
206000328,364,8,356
206000329,605,6,599
206000330,94,23,71
206000331,458,9,449
206000332,101,5,96
206000333,1555,6,1549
206000334,644,3,641
206000335,0,23,-23
206000361,4,142,-138
206000392,5,20,-15
206000405,203,18,185
206000441,138,50,88
206000498,63,3,60
206000515,63,75,-12
206000530,654,89,565
206000531,324,535,-211
206000532,1748,815,933
206000535,84,4687,-4603
206000536,11,69,-58
206000537,14,149,-135
206000613,1359,394,965
207000001,126,606,-480
207000002,121,448,-327
207000003,144,188,-44
207000007,2092,306,1786
207000008,286,10,276
207000009,98,36,62
207000010,379,266,113
207000012,569,251,318
207000015,380,547,-167
207000019,408,135,273
207000021,563,266,297
207000022,231,184,47
207000023,384,99,285
207000024,5,22,-17
207000025,35,107,-72
207000026,120,45,75
207000027,15,75,-60
207000028,64,133,-69
207000029,126,396,-270
207000033,375,501,-126
207000034,356,157,199
207000039,800,97,703
207000040,813,48,765
207000041,191,58,133
207000042,385,84,301
207000043,414,180,234
207000051,131,270,-139
207000052,19,187,-168
207000053,404,385,19
207000054,73,70,3
207000055,224,92,132
207000056,314,245,69
207000057,173,378,-205
207000058,234,227,7
207000059,153,184,-31
207000060,100,241,-141
207000061,196,1168,-972
207000062,903,48,855
207000063,892,64,828
207000064,491,85,406
207000065,392,231,161
207000066,461,185,276
207000067,87,67,20
207000068,176,43,133
207000069,1081,377,704
207000082,11,137,-126
207000083,121,166,-45
207000084,701,347,354
207000085,370,45,325
207000086,519,9,510
207000106,58,42,16
207000107,127,13,114
207000108,125,4,121
207000109,116,7,109
207000110,87,84,3
207000111,102,161,-59
207000112,82,1472,-1390
207000114,27,17,10
207000115,42,61,-19
207000116,34,571,-537
207000117,6,69,-63
207000118,4,39,-35
207000119,39,37,2
207000123,328,10,318
207000124,143,24,119
207000125,63,27,36
207000126,75,34,41
207000134,184,107,77
207000135,41,146,-105
207000148,119,486,-367
207000149,56,30,26
207000152,117,407,-290
207000153,299,874,-575
207000154,402,361,41
207000159,130,141,-11
207000160,291,235,56
207000238,0,146,-146
207000242,8,116,-108
207000248,47,52,-5
207000249,160,17,143
207000250,507,128,379
207000251,108,133,-25
207000252,31,35,-4
207000278,172,143,29
207000279,41,89,-48
207000280,1482,103,1379
207000281,233,284,-51
207000282,84,395,-311
207000283,33,253,-220
207000284,37,1083,-1046
207000285,62,133,-71
207000291,16,91,-75
207000304,128,83,45
207000306,59,317,-258
207000310,163,70,93
207000353,141,2,139
207000356,20,78,-58
207000357,10,27,-17
207000358,2,47,-45
207000415,7,158,-151
207000417,69,4,65
207000418,108,120,-12
207000438,0,3,-3
207000439,554,603,-49
207000446,231,4,227
207000460,84,14,70
207000466,308,175,133
207000467,642,99,543
207000468,79,155,-76
207000476,11,20,-9
207000477,1288,23,1265
207000478,1,106,-105
207000523,0,9,-9
207000524,33,1,32
207000527,260,182,78
207000530,1018,4,1014
207000531,474,9,465
207000532,174,56,118
207000534,243,44,199
207000535,38,537,-499
207000537,17,76,-59
207000540,9,122,-113
207000541,2,231,-229
207000548,23,150,-127
207000549,489,34,455
207000561,290,337,-47
207000562,30,114,-84
207000567,105,297,-192
207000568,419,31,388
207000569,1147,222,925
207000584,112,240,-128
207000585,33,351,-318
207000587,8,15,-7
207000616,1,56,-55
207000617,255,1,254
207900008,430,94,336
208000001,686,1775,-1089
208000002,1012,914,98
208000003,1119,607,512
208000004,1023,981,42
208000005,3,16,-13
208000019,1154,572,582
208000020,318,298,20
208000021,344,228,116
208000022,1237,499,738
208000028,1136,2602,-1466
208000033,695,441,254
208000034,1172,2296,-1124
208000037,489,31,458
208000040,308,134,174
208000041,1149,691,458
208000042,1388,608,780
208000047,238,157,81
208000064,2088,1975,113
208000066,1514,2878,-1364
208000070,712,370,342
208000071,966,446,520
208000072,869,854,15
208000080,390,572,-182
208000081,530,126,404
208000082,599,138,461
208000083,276,220,56
208000084,17,19,-2
208000085,757,504,253
208000086,657,1069,-412
208000087,494,934,-440
208000089,1351,394,957
208000090,1355,400,955
208000093,56,153,-97
208000094,701,412,289
208000095,1142,548,594
208000104,1542,576,966
208000105,1061,735,326
208000114,120,378,-258
208000115,599,364,235
208000116,1273,1404,-131
208000117,54,115,-61
208000118,192,281,-89
208000155,770,1570,-800
208000158,1912,4184,-2272
208000186,1270,3633,-2363
208000204,1119,1359,-240
208000205,2049,815,1234
208000282,1359,2573,-1214
209000004,899,260,639
209000005,83,38,45
209000006,483,257,226
209000007,502,590,-88
209000010,299,209,90
209000011,147,322,-175
209000012,99,155,-56
209000013,350,213,137
209000014,515,584,-69
209000025,713,133,580
209000026,1270,163,1107
209000027,289,304,-15
209000028,230,245,-15
209000029,410,1273,-863
209000030,340,1545,-1205
209000031,2997,1543,1454
209000034,365,467,-102
209000035,344,484,-140
209000036,531,299,232
209000037,696,329,367
209000038,318,204,114
209000039,173,140,33
209000040,516,623,-107
209000041,215,365,-150
209000042,352,293,59
209000043,631,742,-111
209000044,340,944,-604
209000045,778,348,430
209000046,821,482,339
209000047,566,248,318
209000048,664,562,102
209000049,126,72,54
209000050,253,90,163
209000051,330,193,137
209000052,167,209,-42
209000062,73,56,17
209000063,101,65,36
209000064,58,29,29
209000065,250,46,204
209000066,224,21,203
209000067,369,57,312
209000080,16,224,-208
209000082,107,48,59
209000091,25,92,-67
209000093,32,22,10
209000094,58,130,-72
209000110,69,265,-196
209000111,821,2636,-1815
209000112,1905,827,1078
209000113,2765,1197,1568
209000114,1234,1040,194
209000115,58,58,0
209000116,474,260,214
209000118,26,96,-70
209000119,10,27,-17
209000121,135,402,-267
209000135,69,210,-141
209000142,810,3025,-2215
209000143,49,51,-2
209000144,66,342,-276
209000229,227,121,106
209000240,43,223,-180
209000259,62,90,-28
209000260,73,945,-872
209000261,4,373,-369
209000262,0,227,-227
209000263,0,485,-485
209000264,0,299,-299
209000265,441,1,440
209000266,156,0,156
209000267,1641,10,1631
209000268,553,130,423
210000037,172,43,129
210000047,165,16,149
210000048,220,25,195
210000049,101,5,96
210000052,116,67,49
210000053,83,21,62
210000054,13,89,-76
210000070,185,2,183
210000071,124,0,124
210000072,42,0,42
210000073,0,28,-28
210000074,2,102,-100
210000075,5,249,-244
210000076,12,295,-283
210000077,5,174,-169
210000078,43,163,-120
210000079,12,24,-12
210000080,38,179,-141
210000081,167,32,135
210000082,40,0,40
210000083,65,1,64
210000084,95,0,95
210000085,5,81,-76
210000086,4,130,-126
210000099,89,208,-119
210000100,130,150,-20
210000101,108,176,-68
210000105,31,325,-294
210000159,0,353,-353
210000163,97,366,-269
210000164,273,433,-160
210000168,193,101,92
210000187,0,63,-63
210000188,0,39,-39
210000214,14,0,14
210000219,103,76,27
210000220,202,43,159
210000232,3,24,-21
210000233,86,70,16
210000234,65,91,-26
210000235,158,61,97
210000245,1,140,-139
210000246,46,37,9
210000258,27,101,-74
210000259,373,75,298
210000282,58,206,-148
210000285,4,186,-182
210000286,20,212,-192
210000290,1,11,-10
210000295,61,205,-144
210000296,90,42,48
210000320,349,57,292
210000321,194,23,171
210000338,81,78,3
210000339,215,1120,-905
210000340,157,475,-318
210000341,263,358,-95
210000342,327,221,106
210000343,171,251,-80
210000344,96,230,-134
210000345,169,379,-210
210000346,73,157,-84
210000347,65,69,-4
210000348,125,72,53
210000349,59,38,21
210000350,179,60,119
210000351,202,41,161
210000352,88,53,35
210000353,50,57,-7
210000354,64,47,17
210000355,28,95,-67
210000356,29,144,-115
210000357,62,97,-35
210000358,312,324,-12
210000359,68,203,-135
210000360,216,344,-128
210000361,233,226,7
210000362,274,306,-32
210000363,503,344,159
210000364,218,240,-22
210000365,184,117,67
210000366,208,82,126
210000367,152,56,96
210000368,216,53,163
210000369,22,67,-45
210000370,98,117,-19
210000372,28,12,16
210000373,18,28,-10
210000374,76,61,15
210000375,39,29,10
210000376,68,110,-42
210000404,59,187,-128
210000439,83,20,63
210000472,43,6,37
210000482,78,168,-90
210000564,213,299,-86
210000567,1,75,-74
210000568,237,5,232
211000092,73,28,45
211000094,52,15,37
211000169,169,19,150
211000172,19,187,-168
211000209,0,122,-122
211000226,9,41,-32
211000270,48,20,28
211000275,44,18,26
211000276,171,13,158
211000279,27,31,-4
211000281,116,27,89
211507980,1,55,-54
211977296,41,4,37
212000003,206,47,159
212000004,9,102,-93
212000005,14,72,-58
212000006,40,102,-62
212000008,312,108,204
212000009,79,91,-12
212000012,112,27,85
212000013,25,23,2
212000014,361,95,266
212000015,395,163,232
212000016,597,483,114
212000027,629,344,285
212000028,422,341,81
212000029,255,155,100
212000030,52,25,27
212000031,112,45,67
212000048,25,525,-500
212000049,19,313,-294
212000050,14,11,3
212000051,354,159,195
212000052,315,188,127
212000053,329,326,3
212000054,602,62,540
212000055,615,134,481
212000056,5,38,-33
212000057,7,30,-23
212000058,164,25,139
212000070,167,158,9
212000077,176,340,-164
212000099,403,221,182
212000108,341,190,151
212000111,403,120,283
212000120,164,116,48
212000138,190,29,161
212000156,6,66,-60
212000158,7,29,-22
212000159,813,50,763
212000160,851,146,705
212000161,116,6,110
212000310,71,20,51
212000311,14,35,-21
212000374,73,8,65
213000001,26,587,-561
213000005,786,185,601
213000006,836,349,487
213000007,48,25,23
213000009,456,241,215
213000010,397,275,122
213000011,282,185,97
213000012,292,221,71
213000014,79,25,54
213000015,348,17,331
213000016,476,4,472
213000017,111,0,111
213000018,0,27,-27
213000019,4,67,-63
213000020,174,158,16
213000021,3,83,-80
213000023,480,357,123
213000033,503,1478,-975
213000034,579,214,365
213000035,163,324,-161
213000045,342,382,-40
213000046,285,178,107
213000047,348,1245,-897
213000056,211,31,180
213000069,125,15,110
213000073,0,84,-84
213000074,345,793,-448
213000075,817,4,813
213000076,7,1,6
213000085,4,30,-26
213000086,31,182,-151
213000091,528,16,512
213000092,54,18,36
213000099,222,1754,-1532
213000100,881,347,534
213000101,913,84,829
213000102,1031,117,914
213000103,1049,616,433
213000104,116,320,-204
213000105,113,2039,-1926
213000106,38,62,-24
213000107,168,286,-118
213000108,67,254,-187
213000109,3,170,-167
213000110,11,103,-92
213000111,12,107,-95
213000112,41,158,-117
213000115,87,5,82
213000116,101,473,-372
213000117,14,546,-532
213000118,1327,285,1042
213000119,52,421,-369
213000120,118,174,-56
213000122,215,267,-52
213000123,230,538,-308
213000124,312,1005,-693
213000125,303,73,230
213000126,42,137,-95
213000127,38,311,-273
213000128,116,1373,-1257
213000129,232,1260,-1028
213000130,1635,621,1014
213000132,1009,203,806
213000133,1677,153,1524
213000134,2062,59,2003
213000136,749,20,729
213000137,1031,74,957
213000139,119,9,110
213000147,20,11,9
213000148,11,11,0
213000149,81,20,61
213000150,1,448,-447
213000151,1,190,-189
213000152,1,143,-142
213000153,1,159,-158
213000154,97,391,-294
213000155,36,224,-188
213000156,144,315,-171
213000157,1127,291,836
213000158,536,689,-153
213000159,1038,346,692
213000163,2282,238,2044
213000165,1356,523,833
213000171,0,21,-21
213000172,3,90,-87
213000173,3,83,-80
213000174,2,71,-69
213000175,25,33,-8
213000176,144,46,98
213000177,166,7,159
213000178,351,5,346
213000179,349,0,349
213000180,370,0,370
213000184,127,555,-428
213000188,732,63,669
213000189,874,42,832
213000190,886,585,301
213000191,734,255,479
213000192,480,176,304
213000193,593,375,218
213000194,1,93,-92
213000195,44,295,-251
213000196,283,1796,-1513
213000197,899,841,58
213000198,40,0,40
213000200,95,481,-386
213000201,25,75,-50
213000202,54,536,-482
213000203,2250,445,1805
213000204,1190,32,1158
213000205,589,68,521
213000206,867,34,833
213000207,79,6,73
213000208,66,3,63
213000209,120,4,116
213000210,273,6,267
213000211,14,33,-19
213000212,23,53,-30
213000213,20,36,-16
213000218,467,418,49
213000219,1088,26,1062
213000220,1074,6,1068
213000223,203,256,-53
213000224,25,93,-68
213000225,113,30,83
213000226,92,25,67
213000227,1664,179,1485
213000228,753,138,615
213000229,83,27,56
213000230,529,11,518
213000232,105,236,-131
213000233,5,434,-429
213000234,3,99,-96
213000293,16,84,-68
213000294,76,53,23
213000295,36,104,-68
213000296,68,12,56
213000297,14,85,-71
213000298,9,72,-63
213000299,61,23,38
213000300,5,20,-15
213000303,3,19,-16
213000304,3,22,-19
213000305,0,35,-35
213000306,35,198,-163
213000307,79,193,-114
213000308,128,190,-62
213000309,216,63,153
213000310,565,274,291
213000311,155,1089,-934
213000315,120,191,-71
213000316,305,75,230
213000322,143,34,109
213000323,277,107,170
213000324,111,6,105
213000325,153,40,113
213000326,83,9,74
213000327,142,18,124
213000328,54,107,-53
213000329,182,27,155
213000340,233,248,-15
213000341,1252,110,1142
213000346,175,365,-190
213000347,423,772,-349
213000348,7,738,-731
213000349,2,51,-49
213000350,343,973,-630
213000366,109,219,-110
213000367,585,21,564
213000379,58,367,-309
213000386,52,106,-54
213000406,183,166,17
213000417,2343,607,1736
213000425,425,91,334
213000426,339,58,281
213000427,108,112,-4
213000428,57,100,-43
213000429,7,12,-5
213000430,132,449,-317
213000431,20,2,18
213000432,2,77,-75
213000433,34,54,-20
213000434,224,169,55
213000435,269,152,117
213000436,42,53,-11
213000437,2,7,-5
213000438,199,45,154
213000439,47,16,31
213000440,28,188,-160
213000441,1,2,-1
213000442,3,26,-23
213000443,578,493,85
213000444,75,16,59
213000445,1,75,-74
213000446,1,75,-74
213000447,1,84,-83
213000448,17,271,-254
213000449,1291,11,1280
213000450,35,33,2
213000451,433,104,329
213000452,22,23,-1
213000453,39,272,-233
213000455,136,15,121
213000456,1,268,-267
213000481,1,1,0
213000482,45,3,42
213000489,188,45,143
213000491,3,211,-208
213000492,83,1,82
213000493,1,152,-151
213000494,433,151,282
213000495,0,16,-16
213000496,882,143,739
213000497,109,217,-108
213000498,211,90,121
213000499,337,141,196
213000500,943,81,862
213000501,261,45,216
213000502,212,184,28
213000503,3,54,-51
213000504,16,60,-44
213000505,7,3,4
213000506,0,20,-20
213000507,1,122,-121
213900016,1,3,-2
213900244,148,0,148
213900245,0,28,-28
218000003,36,43,-7
218000004,34,52,-18
218000005,58,51,7
218000006,90,50,40
218000007,15,21,-6
218000012,200,186,14
218000013,258,261,-3
218000014,430,309,121
218000019,498,602,-104
218000020,265,346,-81
218000021,32,35,-3
218000022,25,7,18
218000023,7,8,-1
218000024,1,8,-7
218000025,1,13,-12
218000026,10,27,-17
218000027,1,2,-1
218000028,1,2,-1
218000029,2,6,-4
218000030,12,18,-6
218000031,6,9,-3
218000032,1,12,-11
218000040,8,16,-8
218000046,83,52,31
218000047,23,38,-15
218000048,67,26,41
218000049,40,53,-13
218000050,263,119,144
218000051,60,105,-45
218000052,0,28,-28
218000053,1,12,-11
218000054,4,49,-45
218000055,19,23,-4
218000056,21,21,0
218000057,1,20,-19
218000064,1,16,-15
218000065,112,129,-17
218000066,8,38,-30
218000067,141,95,46
218000068,181,96,85
218000069,390,74,316
218000070,218,183,35
218000071,211,167,44
218000072,168,301,-133
218000078,1714,442,1272
218000079,321,63,258
218000080,264,54,210
218000081,936,166,770
218000082,131,83,48
218000083,151,25,126
218000084,266,74,192
218000085,263,173,90
218000086,144,77,67
218000087,285,109,176
218000090,31,150,-119
218000091,1479,643,836
218000092,149,128,21
218000093,120,41,79
218000094,532,476,56
218000099,367,774,-407
218000100,524,386,138
218000101,414,199,215
218000102,791,166,625
218000103,173,191,-18
218000104,166,35,131
218000105,38,35,3
218000106,21,17,4
218000107,140,46,94
218000108,13,26,-13
218000112,93,52,41
218000117,30,119,-89
218000134,852,357,495
218000135,12,77,-65
218000136,205,81,124
218000137,247,162,85
218000138,60,125,-65
218000139,255,234,21
218000140,873,279,594
218000141,108,82,26
218000142,233,131,102
218000143,53,445,-392
218000144,16,216,-200
218000145,627,307,320
218000146,180,130,50
218000151,7,30,-23
218000152,75,54,21
218000153,7,6,1
218000154,12,2,10
218000155,92,8,84
218000156,178,29,149
218000157,80,17,63
218000158,40,27,13
218000159,8,17,-9
218000160,6,7,-1
218000161,72,3,69
218000162,81,7,74
218000163,34,8,26
218000164,140,6,134
218000165,189,51,138
218000170,4,15,-11
218000171,53,4,49
218000172,9,3,6
218000173,16,25,-9
218000174,18,26,-8
218000176,296,93,203
218000177,493,226,267
218000178,95,236,-141
218000179,202,85,117
218000180,188,20,168
218000181,381,64,317
218000187,31,81,-50
218000188,19,88,-69
218000189,47,99,-52
218000190,26,23,3
218000191,294,38,256
218000192,333,192,141
218000193,656,216,440
218000194,217,231,-14
218000195,229,54,175
218000196,404,199,205
218000197,754,192,562
218000198,57,43,14
218000199,59,14,45
218000200,58,27,31
218000201,16,7,9
218000202,51,531,-480
218000207,4,25,-21
218000208,55,32,23
218000211,56,31,25
218000212,0,3,-3
218000213,96,55,41
218000214,0,20,-20
218000215,52,33,19
218000217,9,28,-19
218000218,93,17,76
218000219,3,81,-78
218000220,35,877,-842
218000221,513,248,265
218000222,0,89,-89
218000223,66,620,-554
218000224,7,273,-266
218000225,219,41,178
218000226,272,112,160
218000230,0,5,-5
218000232,59,77,-18
218000239,153,13,140
218000240,4,9,-5
218000241,14,1,13
218000242,8,1,7
218000243,18,3,15
218000244,28,1,27
218000245,20,1,19
218000246,0,0,0
218000247,0,0,0
218000248,0,17,-17
218000249,1,12,-11
218000250,5,14,-9
218000251,14,47,-33
218000252,4,159,-155
218000253,0,76,-76
218000254,0,33,-33
218000255,2,21,-19
218000256,7,64,-57
218000267,480,1170,-690
218000268,17,52,-35
218000269,1,16,-15
218000270,233,46,187
218000271,7,21,-14
218000273,36,2,34
218000274,17,4,13
218000275,52,64,-12
218000276,36,23,13
218000278,3,98,-95
218000279,110,52,58
218000280,4,29,-25
218000281,11,28,-17
218000282,653,960,-307
218000284,51,7,44
218000301,110,140,-30
218000302,80,62,18
218000303,5,39,-34
218000316,1234,726,508
218000317,2210,753,1457
218000318,1514,412,1102
218000319,1917,784,1133
218000320,1720,609,1111
218000338,23,122,-99
218000345,103,112,-9
218000346,75,245,-170
218000459,33,111,-78
218000490,32,57,-25
218000501,110,57,53
218000502,117,33,84
218000503,154,24,130
218000504,159,30,129
218000505,45,102,-57
218000506,34,254,-220
218000508,5,5,0
218000510,146,7,139
218000520,143,116,27
218000521,5,26,-21
218000522,0,289,-289
218000523,133,1,132
218000524,14,866,-852
218000525,111,80,31
218000526,20,447,-427
218000529,56,77,-21
218000530,46,6,40
218000531,52,19,33
218000532,68,22,46
218000534,213,15,198
218000537,5,107,-102
218000538,110,631,-521
218000540,103,122,-19
218000543,286,84,202
218000544,46,48,-2
218000545,127,98,29
218000546,50,51,-1
218000547,171,201,-30
218000548,95,81,14
218000549,931,454,477
218000550,201,271,-70
218000551,117,735,-618
218000552,306,249,57
218000553,18,118,-100
218000554,61,82,-21
218000555,32,53,-21
218000556,292,153,139
218000557,641,243,398
218000558,100,0,100
218000559,0,23,-23
218000560,0,52,-52
218000561,22,0,22
218000562,27,162,-135
218000563,280,36,244
218000564,8,165,-157
218000565,80,90,-10
218000566,96,32,64
218000567,2,88,-86
218000568,4,2,2
218000569,5,531,-526
218000570,26,28,-2
218000571,0,110,-110
218000572,238,6,232
218000573,6,277,-271
218000574,42,64,-22
218000575,142,0,142
218000576,0,79,-79
218000577,120,1,119
218000578,1,204,-203
218000579,17,35,-18
218000581,4,65,-61
218000582,42,14,28
218000583,12,0,12
218000584,0,44,-44
218000585,82,7,75
218000586,19,45,-26
218000587,2,9,-7
218000588,0,4,-4
218000589,0,1,-1
218000590,1,0,1
218000591,3,6,-3
218000592,7,3,4
218000593,0,6,-6
218000594,0,0,0
218000597,0,1,-1
218000598,0,3,-3
218000599,0,1,-1
218000600,2,1,1
218000601,0,0,0
218000602,0,1,-1
218000603,0,3,-3
218000604,30,14,16
218000605,0,19,-19
218000606,117,0,117
218000607,14,65,-51
218000608,89,28,61
218000609,12,51,-39
218000610,131,13,118
218000611,30,1,29
218000612,8,54,-46
218000613,74,0,74
218000614,0,57,-57
218000615,237,19,218
218000616,1,118,-117
218000617,20,0,20
218000618,0,13,-13
218000619,87,63,24
218000620,12,52,-40
218000621,0,6,-6
218000622,0,59,-59
218000623,82,2,80
218000624,0,81,-81
218000625,2,3,-1
218000626,0,17,-17
218000628,307,130,177
218000631,25,33,-8
218000632,1,175,-174
218000633,141,2,139
218000634,3,16,-13
218000635,7,15,-8
218000636,1086,510,576
218000637,1283,329,954
218000638,364,40,324
218000639,23,45,-22
218000640,681,20,661
218000641,113,88,25
218000652,44,14,30
218000653,318,75,243
218000663,15,55,-40
218000675,38,104,-66
218000676,4,9,-5
218000677,54,5,49
218000680,299,206,93
218000681,592,176,416
218000691,331,132,199
218000693,605,110,495
218000703,5,18,-13
218000718,20,639,-619
218000719,71,485,-414
218000720,4,264,-260
218000721,27,80,-53
218000725,9,7,2
218001147,1,21,-20
218001214,23,203,-180
218001258,190,3,187
218001329,164,123,41
218001330,100,91,9
218001351,14,26,-12
218001352,14,60,-46
218001353,11,10,1
218001354,3,52,-49
218001355,4,67,-63
218001356,989,79,910
218001357,6,24,-18
218001358,592,14,578
218001361,566,2,564
218001362,0,14,-14
219000001,26,56,-30
219000002,38,57,-19
219000003,78,52,26
219000004,66,77,-11
219000017,73,129,-56
219000020,204,27,177
219000022,131,3,128
219000023,74,0,74
219000029,4,95,-91
219000034,63,29,34
219000039,45,269,-224
219000040,55,102,-47
219000041,146,28,118
219000051,0,92,-92
219000052,0,66,-66
219000053,0,91,-91
219000054,20,112,-92
219000055,451,4,447
219000056,6,0,6
219000057,55,0,55
219000062,23,145,-122
219000063,97,10,87
219000064,1,100,-99
219000110,278,154,124
219000111,113,55,58
219000112,234,50,184
219000113,232,47,185
219000114,172,40,132
219000116,211,85,126
219000117,221,100,121
219000118,177,95,82
219000123,218,55,163
219000124,69,76,-7
219000125,11,18,-7
219000126,46,166,-120
219000127,0,3,-3
219000128,12,135,-123
219000129,17,139,-122
219000130,206,711,-505
219000131,781,1368,-587
219000133,35,64,-29
219000134,11,25,-14
219000135,26,146,-120
219000136,62,207,-145
219000138,110,25,85
219000139,107,30,77
219000140,178,1,177
219000141,54,44,10
219000142,9,47,-38
219000143,48,44,4
219000145,13,65,-52
219000146,20,18,2
219000147,6,39,-33
219000148,12,8,4
219000149,19,35,-16
219000150,4,57,-53
219000151,7,17,-10
219000157,325,91,234
219000158,182,157,25
219000161,187,8,179
219000163,1366,510,856
219000166,125,223,-98
219000167,110,121,-11
219000168,242,67,175
219000174,679,191,488
219000175,195,8,187
219000176,267,7,260
219000177,109,2,107
219000178,106,0,106
219000179,80,18,62
219000180,34,51,-17
219000182,254,42,212
219000183,114,28,86
219000184,160,16,144
219000185,41,23,18
219000186,86,17,69
219000187,28,83,-55
219000189,52,291,-239
219000190,34,245,-211
219000191,223,2267,-2044
219000192,213,188,25
219000193,146,181,-35
219000195,3,81,-78
219000196,4,126,-122
219000198,25,107,-82
219000199,50,150,-100
219000200,94,138,-44
219000201,50,199,-149
219000203,38,148,-110
219000204,48,429,-381
219000205,49,261,-212
219000207,70,246,-176
219000209,47,23,24
219000210,4,145,-141
219000213,5,219,-214
219000239,241,265,-24
219000240,204,476,-272
219000241,200,159,41
219000242,125,256,-131
219000243,189,284,-95
219000244,17,51,-34
219000245,30,31,-1
219000246,56,79,-23
219000247,299,48,251
219000248,626,713,-87
219000249,211,215,-4
219000250,287,196,91
219000251,744,344,400
219000252,457,170,287
219000253,402,73,329
219000255,193,172,21
219000256,415,78,337
219000257,223,0,223
219000262,107,93,14
219000263,93,87,6
219000267,2,57,-55
219000268,2,6,-4
219000269,7,3,4
219000270,25,0,25
219000271,321,6,315
219000278,3,27,-24
219000279,0,12,-12
219000283,0,35,-35
219000295,25,63,-38
219000296,95,289,-194
219000297,50,46,4
219000298,52,37,15
219000299,465,88,377
219000300,61,75,-14
219000301,77,319,-242
219000302,36,194,-158
219000307,43,21,22
219000308,96,66,30
219000311,269,82,187
219000312,531,160,371
219000313,613,55,558
219000314,58,191,-133
219000315,440,39,401
219000316,971,92,879
219000317,245,43,202
219000320,36,75,-39
219000321,0,44,-44
219000323,19,80,-61
219000325,3,11,-8
219000326,92,89,3
219000327,56,22,34
219000328,20,55,-35
219000329,249,125,124
219000330,33,41,-8
219000331,56,68,-12
219000332,162,98,64
219000333,48,8,40
219000335,90,1,89
219000337,42,1,41
219000338,70,0,70
219000344,13,55,-42
219000345,112,46,66
219000346,55,75,-20
219000348,230,51,179
219000349,50,105,-55
219000350,88,489,-401
219000351,2,6,-4
219000352,250,112,138
219000353,132,65,67
219000354,292,83,209
219000355,243,54,189
219000356,440,2346,-1906
219000363,190,81,109
219000364,120,77,43
219000365,93,23,70
219000366,185,790,-605
219000368,385,715,-330
219000370,612,957,-345
219000371,6,24,-18
219000382,18,57,-39
219000383,239,1935,-1696
219000385,354,797,-443
219000386,766,2288,-1522
219000387,0,35,-35
219000390,6,2,4
219000391,7,2,5
219000397,50,23,27
219000398,66,66,0
219000401,32,79,-47
219000402,37,68,-31
219000403,50,325,-275
219000404,27,113,-86
219000407,18,37,-19
219000409,119,50,69
219000410,160,40,120
219000411,108,22,86
219000446,111,440,-329
219000447,0,23,-23
219000448,15,13,2
219000452,89,104,-15
219000453,68,310,-242
219000454,204,410,-206
219000556,429,94,335
219000558,88,156,-68
219000590,24,210,-186
219000591,198,162,36
219000592,74,222,-148
219000595,31,11,20
219000635,264,55,209
219000636,82,43,39
219000657,41,22,19
219000658,42,217,-175
219000673,2,190,-188
219000676,24,30,-6
219000679,35,7,28
219000684,139,5,134
219000685,0,45,-45
219000686,0,5,-5
219000688,0,24,-24
219000689,24,202,-178
219000690,182,27,155
219000691,32,199,-167
219000692,209,37,172
219000693,16,14,2
219000694,21,2,19
219000695,69,1,68
219000698,22,0,22
219000699,0,126,-126
219000727,2,155,-153
219000728,154,3,151
219000770,44,1,43
219000771,0,114,-114
219000788,234,392,-158
219001150,3,37,-34
219001151,1,4,-3
219001166,42,99,-57
219001167,11,56,-45
219001178,96,2,94
220000001,59,148,-89
220000002,13,108,-95
220000003,277,192,85
220000004,465,378,87
220000005,760,1931,-1171
220000006,148,742,-594
220000007,504,224,280
220000008,410,515,-105
220000009,389,418,-29
220000010,129,81,48
220000011,483,4500,-4017
220000012,61,489,-428
220000014,188,76,112
220000015,157,599,-442
220000017,34,470,-436
220000018,8228,4039,4189
220000019,167,633,-466
220000020,779,194,585
220000021,1213,262,951
220000022,1669,386,1283
220000023,504,224,280
220000024,1384,800,584
220000025,1216,2521,-1305
220000026,412,857,-445
220000027,30,181,-151
220000028,57,97,-40
220000029,26,75,-49
220000030,44,146,-102
220000031,968,596,372
220000064,40,1664,-1624
221000046,3,2,1
221000047,0,0,0
221000048,0,1,-1
221000049,0,15,-15
221000050,15,0,15
221000055,68,37,31
221000057,132,4,128
221000068,279,121,158
221000069,422,58,364
221000070,311,27,284
221000071,153,8,145
221000072,450,7,443
221000073,217,29,188
221000074,0,12,-12
221000075,8,72,-64
221000076,8,29,-21
221000077,14,82,-68
221000081,3,6,-3
221000082,100,4,96
221000083,13,7,6
221000084,24,30,-6
221000085,16,46,-30
221000086,18,84,-66
221000087,6,84,-78
221000088,13,89,-76
221000089,28,194,-166
221000090,71,521,-450
221000098,158,15,143
221000099,285,15,270
221000100,160,14,146
221000101,173,10,163
221000102,167,22,145
221000109,13,106,-93
221000110,7,27,-20
221000111,19,112,-93
221000112,12,100,-88
221000113,16,158,-142
221000114,9,149,-140
221000120,45,53,-8
221000121,18,46,-28
221000122,40,83,-43
221000123,15,46,-31
221000124,19,101,-82
221000155,201,20,181
221000156,99,104,-5
221000175,1,20,-19
221000176,1,6,-5
221000182,65,5,60
221000241,425,452,-27
221000242,191,426,-235
221000243,471,383,88
221000244,218,525,-307
221000245,95,105,-10
221000246,53,308,-255
221000247,151,63,88
221000248,165,160,5
221000267,40,1025,-985
221000325,44,157,-113
221000331,7,36,-29
221000338,23,55,-32
221000378,330,50,280
221000381,55,97,-42
222000282,3,1,2
222000296,2,12,-10
222000568,563,27,536
222000569,241,82,159
222000570,232,62,170
222000571,597,33,564
222000577,36,74,-38
222000578,10,108,-98
222000579,19,117,-98
222000580,38,507,-469
222000599,0,75,-75
222000600,2,162,-160
222000601,3,649,-646
222000603,17,74,-57
222000604,8,130,-122
222000605,8,55,-47
222000606,1,39,-38
222000607,8,0,8
222000608,36,13,23
222000609,103,107,-4
222000616,652,41,611
222000617,12,45,-33
222000618,1,3,-2
222000620,30,34,-4
222000621,74,55,19
222000623,741,17,724
222000624,552,4,548
222000625,1384,13,1371
222000636,79,2,77
222000686,38,34,4
222000687,42,53,-11
222001066,517,2,515
222001067,77,2,75
222001068,101,20,81
222001069,205,59,146
222001082,19,13,6
222001083,81,16,65
222001084,1,99,-98
222001085,0,221,-221
222001111,130,36,94
222001112,342,37,305
222001313,23,20,3
222001314,5,90,-85
222001464,93,52,41
222001465,23,87,-64
222001484,312,60,252
222001485,29,46,-17
222001494,1033,143,890
222001495,172,106,66
222001496,692,112,580
222001497,158,139,19
222001502,9,34,-25
222001503,214,41,173
222001504,17,217,-200
222001505,707,11,696
222001506,44,307,-263
222001507,357,25,332
222001510,933,28,905
222001511,141,246,-105
222001514,1071,193,878
222001515,92,297,-205
222001518,730,73,657
222001519,81,69,12
222001527,278,197,81
222001528,29,169,-140
222001529,608,24,584
222001530,95,147,-52
222001533,135,136,-1
222001534,685,104,581
222001535,438,382,56
222001536,61,102,-41
222001537,584,57,527
222001538,55,507,-452
222001563,1445,168,1277
222001564,179,163,16
222001568,216,228,-12
222001576,0,2,-2
222001579,1,8,-7
222001583,5,52,-47
222001584,156,52,104
222001596,851,1835,-984
222001597,1552,674,878
222001626,0,44,-44
222001650,21,142,-121
222001651,48,582,-534
222001914,406,68,338
222001915,51,333,-282
222001968,528,265,263
222001969,238,421,-183
222001970,197,376,-179
222001971,73,18,55
222001972,5,9,-4
225000001,560,154,406
225000002,977,227,750
225000003,1010,103,907
225000004,745,308,437
225000005,122,81,41
225000006,0,202,-202
225000007,1278,1291,-13
225000010,270,13,257
225000011,379,1562,-1183
225000012,350,833,-483
225000013,155,119,36
225000014,650,128,522
225000015,139,102,37
225000021,921,128,793
225000027,174,404,-230
225000032,816,132,684
225000042,67,634,-567
225000049,49,55,-6
225000050,145,12,133
225000053,6,268,-262
225000058,767,257,510
225000067,180,136,44
225000068,137,225,-88
225000069,73,357,-284
225000070,141,227,-86
225000071,28,68,-40
225000075,35,528,-493
225000076,42,101,-59
225000078,68,41,27
225000085,180,111,69
225000086,456,112,344
225000087,239,11,228
225000088,9,172,-163
225000089,84,1030,-946
225000090,43,463,-420
225000091,133,96,37
225000092,46,67,-21
225000093,307,243,64
225000094,32,145,-113
225000095,286,269,17
225000096,174,351,-177
225000098,1187,298,889
225000099,637,147,490
225000100,645,136,509
225000104,135,380,-245
225000110,13,319,-306
225000111,191,677,-486
225000112,300,868,-568
225000113,223,524,-301
225000114,121,248,-127
225000115,846,671,175
225000116,605,209,396
225000117,813,398,415
225000118,1397,335,1062
225000119,384,123,261
225000120,957,40,917
225000121,230,22,208
225000123,710,10,700
225000125,800,183,617
225000126,1038,273,765
225000127,557,2377,-1820
225000128,551,1297,-746
225000132,663,33,630
225000133,334,41,293
225000134,984,172,812
225000135,126,12,114
225000136,630,21,609
225000137,384,43,341
225000138,636,103,533
225000143,52,255,-203
225000144,10,298,-288
225000145,69,16,53
225000146,108,38,70
225000147,44,90,-46
225000148,11,97,-86
225000149,42,171,-129
225000151,20,120,-100
225000155,273,306,-33
225000156,287,871,-584
225000157,469,350,119
225000158,86,162,-76
225000171,2,135,-133
225000180,107,81,26
225000181,1,54,-53
225000182,85,3,82
225000185,6,292,-286
225000187,42,306,-264
225000191,49,2,47
225000194,0,5,-5
225000208,5,64,-59
225000209,157,17,140
225000210,7,241,-234
225000217,0,12,-12
225000218,10,2,8
225000223,1,95,-94
225000224,20,1,19
225000225,0,40,-40
225000226,19,7,12
225000227,68,57,11
225000228,10,11,-1
225000229,0,64,-64
225000230,5,3,2
225000231,0,21,-21
225000232,153,2,151
225000241,58,4,54
225000242,0,41,-41
225000249,7,0,7
225000250,73,420,-347
225000251,762,89,673
225000254,3,10,-7
225000256,6,146,-140
225000257,1,26,-25
226000042,154,295,-141
226000043,25,237,-212
226000044,83,392,-309
226000045,57,207,-150
226000046,872,106,766
226000047,522,155,367
226000048,568,146,422
226000049,539,303,236
226000070,0,16,-16
226000071,1,34,-33
226000072,0,14,-14
226000073,0,5,-5
226000074,0,19,-19
226000084,1,18,-17
226000085,3,9,-6
226000086,1,14,-13
226000087,0,36,-36
226000088,11,76,-65
226000090,137,160,-23
226000091,13,106,-93
226000092,0,35,-35
226000093,19,1,18
226000094,13,3,10
226000095,12,3,9
226000105,28,1,27
226000106,40,0,40
226000107,12,0,12
226000108,23,0,23
226000109,153,0,153
226000124,203,83,120
226000134,1337,670,667
226000135,2540,801,1739
226000136,822,654,168
226000137,2,165,-163
226000138,12,89,-77
226000139,1,28,-27
226000156,368,9,359
226000157,347,21,326
226000163,51,212,-161
226000202,11,138,-127
226000231,714,23,691
226000232,70,7,63
227000033,511,59,452
227000036,659,33,626
227000037,727,29,698
227000038,179,19,160
227000084,0,102,-102
227000085,1,44,-43
227000088,45,4,41
227000089,120,3,117
227000090,34,0,34
227000091,38,0,38
227000092,39,0,39
227000093,122,1,121
227000094,8,0,8
227000130,20,170,-150
227000131,20,117,-97
227000132,8,86,-78
227000133,14,101,-87
227000134,18,150,-132
227000152,0,5,-5
227000153,0,78,-78
227000154,0,31,-31
227000155,2,30,-28
227000156,0,14,-14
227000165,1,87,-86
227000196,681,108,573
227000199,724,198,526
227000230,12,197,-185
227000232,825,38,787
227000242,39,387,-348
227000243,457,66,391
227000245,15,193,-178
227000246,74,173,-99
227000247,690,42,648
227000248,178,86,92
227000249,23,132,-109
227000250,418,237,181
227000251,52,432,-380
227000252,61,162,-101
227000253,276,16,260
227000262,783,35,748
227000266,2029,39,1990
227000267,27,759,-732
227000282,2,107,-105
227000284,1159,34,1125
227000286,1,29,-28
227000287,23,37,-14
227000291,11,274,-263
227000296,268,358,-90
227000484,251,5,246
227000485,10,681,-671
227000655,315,4,311
227000656,917,37,880
227000657,198,8,190
227000661,467,13,454
227000680,214,143,71
229000265,77,23,54
229000296,1,22,-21
229000297,9,37,-28
229000298,5,117,-112
229000320,18,6,12
229000321,14,1,13
229000412,21,28,-7
229000414,14,19,-5
229000415,10,1,9
229000416,1,5,-4
229000417,2,3,-1
229000419,65,224,-159
229000440,308,93,215
229000442,32,28,4
229000443,3,5,-2
229000444,2,13,-11
229000445,91,6,85
229000446,108,24,84
229000491,3,12,-9
229000492,8,27,-19
229000493,7,70,-63
229000494,66,3,63
229000495,217,5,212
229000496,163,2,161
229000507,0,35,-35
229000508,1,27,-26
229000509,0,54,-54
229000510,3,30,-27
229000511,1,10,-9
229000512,0,14,-14
229000513,0,2,-2
229000514,0,2,-2
229000517,3,4,-1
229000518,14,5,9
229000519,0,6,-6
229000520,10,41,-31
229000521,88,9,79
229000522,9,7,2
229000523,3,10,-7
229000524,5,2,3
229000527,3,1,2
229000528,0,0,0
229000529,9,0,9
229000530,127,3,124
229000531,45,2,43
229000532,27,1,26
229000533,61,1,60
229000534,40,2,38
229000564,97,2,95
229000565,50,1,49
229000566,0,5,-5
229000567,0,23,-23
229000582,98,6,92
229000583,0,4,-4
229000584,0,4,-4
229000585,0,56,-56
229000718,0,6,-6
229000719,0,0,0
229000720,0,2,-2
229000721,0,7,-7
229000722,0,7,-7
229000723,0,3,-3
229000724,0,4,-4
229000725,0,3,-3
229000738,5,0,5
229000739,0,0,0
229000740,5,0,5
229000741,64,0,64
229000742,15,0,15
229000743,27,0,27
229000744,3,0,3
229000745,6,0,6
229000746,26,0,26
229000847,82,1,81
229000848,40,0,40
229000849,100,0,100
229000851,40,0,40
229000854,0,5,-5
229000856,1,46,-45
229000857,0,10,-10
229000858,0,12,-12
229000919,10,39,-29
229000930,0,235,-235
229000937,97,10,87
229000966,55,43,12
229000981,18,22,-4
229000985,18,10,8
229000986,1,8,-7
229000987,1,1,0
229000988,1,2,-1
229000989,12,12,0
229000990,3,0,3
229000991,2,2,0
229000992,50,1,49
229000993,175,15,160
229000998,10,36,-26
229000999,114,12,102
229001034,0,5,-5
229001035,6,1,5
229001037,104,5,99
229001042,39,23,16
229001047,15,35,-20
229001050,60,22,38
229001168,0,22,-22
229001200,13,45,-32
229001338,2,21,-19
229001394,178,6,172
229001422,228,26,202
229001423,22,79,-57
229001431,105,48,57
229001432,9,57,-48
229001444,223,34,189
229001445,43,94,-51
229001479,57,1,56
229001503,298,94,204
229001504,135,86,49
229001505,110,26,84
229001506,55,51,4
229001509,54,15,39
229001545,173,1,172
229001546,4,47,-43
229001553,153,25,128
229001554,33,51,-18
229001559,1,8,-7
229001560,8,36,-28
229001630,145,4,141
229001631,8,25,-17
229001635,0,16,-16
229001636,0,0,0
229001658,0,95,-95
229001659,47,1,46
229001660,11,11,0
229001661,4,43,-39
229001662,43,2,41
229001663,0,13,-13
229002584,201,186,15
229002831,103,71,32
229002841,14,12,2
229002842,45,33,12
229002843,90,35,55
229002844,19,55,-36
229002845,29,93,-64
229002846,38,19,19
229002847,1,11,-10
229002848,15,20,-5
229002849,1,31,-30
229002850,16,1,15
229002851,23,72,-49
229002852,197,48,149
229002853,120,95,25
229002854,36,57,-21
229002855,5,33,-28
229002856,44,14,30
229002857,30,58,-28
229002858,23,9,14
229002859,25,26,-1
229002860,131,12,119
229002861,112,32,80
229002862,23,49,-26
229002863,32,32,0
229002864,58,28,30
229002865,8,19,-11
229002866,36,35,1
229002867,0,12,-12
229002868,4,29,-25
229002869,8,42,-34
229002870,92,27,65
235000066,219,56,163
235000067,93,71,22
235000072,26,88,-62
235000073,59,412,-353
235000074,73,45,28
235000080,12,30,-18
235000081,147,40,107
235000082,196,20,176
235000083,304,24,280
235000084,88,59,29
235000085,260,18,242
235000089,21,33,-12
235000092,42,182,-140
235000093,9,28,-19
235000097,5,1,4
235000098,81,9,72
235000099,12,31,-19
235000116,12,14,-2
235000117,414,12,402
235000133,11,667,-656
235000134,9,199,-190
235000206,54,48,6
235000207,4,10,-6
235000208,1,2,-1
235000209,10,0,10
235000210,13,14,-1
235000212,2,11,-9
235000213,0,11,-11
235000220,3,11,-8
235000221,19,22,-3
235000238,11,292,-281
235000239,0,58,-58
235000242,389,1156,-767
235000245,256,115,141
235000246,10,46,-36
235000284,0,101,-101
235000295,71,43,28
235000305,347,43,304
235000306,635,16,619
235000307,25,3,22
235000308,11,0,11
235000309,83,1,82
235000310,52,0,52
235000311,413,18,395
235000322,0,37,-37
235000323,0,48,-48
235000324,1,43,-42
235000325,0,34,-34
235000326,13,58,-45
235000351,2,50,-48
235000352,9,29,-20
235000353,10,33,-23
235000354,15,43,-28
235000355,33,47,-14
235000356,80,0,80
235000357,77,3,74
235000358,17,8,9
235000359,12,2,10
235000360,38,10,28
235000361,108,4,104
235000381,181,40,141
235000382,218,25,193
235000390,8,8,0
235000391,239,27,212
235000392,344,315,29
235000393,255,215,40
235000395,218,70,148
235000396,719,68,651
235000400,101,150,-49
235000401,10,81,-71
235000405,189,152,37
235000406,60,92,-32
235000407,48,54,-6
235000409,105,57,48
235000410,39,111,-72
235000411,0,23,-23
235000485,0,11,-11
235000486,9,0,9
235000549,123,91,32
235000550,185,131,54
235000599,295,48,247
235000600,10,53,-43
235000601,11,9,2
235000602,105,34,71
235000614,6,6,0
235000648,1,7,-6
235000649,30,11,19
235000685,8,1,7
235000815,15,87,-72
235000834,0,3,-3
235000855,58,24,34
235000862,55,54,1
235000891,0,26,-26
235000892,73,43,30
235000901,71,76,-5
235000907,2,23,-21
235001010,141,17,124
235001029,183,157,26
235001030,304,187,117
235001078,147,88,59
235001079,62,58,4
235001147,3,90,-87
235001166,3,25,-22
235001167,83,25,58
235001169,17,206,-189
235001188,0,9,-9
235001189,1,1,0
235001197,6,18,-12
235001200,94,44,50
235001207,226,69,157
235001210,18,51,-33
235001215,39,97,-58
235001239,2,56,-54
235001244,1,8,-7
235016267,1,43,-42
277101746,0,3,-3
277102712,11,1,10
277103813,0,0,0
277103814,0,0,0
277103898,0,2,-2
277104249,0,5,-5
277104250,0,11,-11
277104251,0,4,-4
277104252,0,3,-3
990011530,0,287,-287
990014944,1,242,-241
990015176,176,3,173
990015618,1,139,-138
990016032,0,233,-233
990032570,3,20,-17
990070001,79,3,76
990070103,0,1,-1
990070601,4,60,-56
990070751,2189,9,2180
990070766,2,190,-188
990071180,524,189,335
990071343,40,2,38
990071387,0,9,-9
990071823,487,8,479
990072600,6,1107,-1101
990072964,0,303,-303
990073285,0,37,-37
990074393,1,442,-441
990074870,2466,89,2377
990075106,847,3,844
990075746,849,13,836
990076437,3818,11,3807
990076458,0,280,-280
997000007,371,6,365
997000041,1,328,-327
997000058,65,0,65
997000062,10,2,8
997000069,0,2,-2
997000070,0,39,-39
997000100,100,0,100
997000141,8,912,-904
997000198,2,383,-381
998000475,0,0,0
998000736,1,154,-153
998000965,0,11,-11
998001031,0,105,-105
998001700,0,25,-25
998001899,0,1,-1
998001900,5,2,3
998003073,1210,17,1193
998101900,0,0,0
998102850,6,321,-315
998501927,508,1199,-691
998501929,129,4,125
998501930,62,0,62
998501931,203,48,155
998501932,12,0,12
998501933,43,2,41
998501937,29,1,28
998501944,61,49,12
998501950,0,1,-1
998501970,124,5,119
998501971,1,72,-71
998501973,0,25,-25
998501974,3,197,-194
998501975,152,70,82
998501976,354,2,352
998501977,0,23,-23
998501978,13,0,13
998501979,0,10,-10
998501980,123,0,123
998501981,19,1,18
998501982,2,128,-126
998501983,0,0,0
998502006,0,0,0
998502024,0,4,-4
998502032,0,5,-5
998502062,24,6,18
998502063,0,0,0
998502173,7,0,7
998502269,0,3,-3
998502546,1,255,-254
998601159,1,38,-37
998601292,3,50,-47
999033574,1,220,-219
999800001,53,3,50
999800002,1,6,-5
999800003,0,0,0
999800004,0,5,-5
999800005,0,6,-6
