ID,insum,outsum,diff
100000001,1439,570,869
100000002,4725,7886,-3161
100000003,5400,6089,-689
100000004,281,1525,-1244
100000005,4343,5765,-1422
100000006,756,1552,-796
100000007,3222,2010,1212
100000008,148,1045,-897
100000009,363,1847,-1484
100000010,71,3255,-3184
100000011,650,433,217
100000012,31,299,-268
100000013,6,322,-316
100000014,117,3728,-3611
100000015,1366,2492,-1126
100000016,382,2620,-2238
100000017,303,4539,-4236
100000018,907,1053,-146
100000019,3062,2753,309
100000020,1356,7010,-5654
100000021,9248,1916,7332
100000022,718,4591,-3873
100000023,5780,1802,3978
100000025,589,2038,-1449
100000028,457,2496,-2039
100000029,68,765,-697
100000030,83,36,47
100000031,2250,8497,-6247
100000032,2347,5392,-3045
100000033,1613,4484,-2871
100000034,146,1691,-1545
100000035,850,1832,-982
100000036,544,2892,-2348
100000037,1063,481,582
100000038,3803,1159,2644
100000039,359,679,-320
100000040,1138,347,791
100000041,2773,1457,1316
100000042,1855,337,1518
100000043,888,156,732
100000044,185,290,-105
100000045,319,486,-167
100000046,392,553,-161
100000047,133,287,-154
100000048,206,678,-472
100000049,1500,1193,307
100000051,625,456,169
100000053,67,16,51
100000054,412,59,353
100000055,774,207,567
100000056,434,463,-29
100000057,3179,528,2651
100000058,1241,445,796
100000059,120,318,-198
100000060,1150,439,711
100000061,3727,734,2993
100000062,2308,949,1359
100000063,1872,576,1296
100000064,3290,534,2756
100000065,404,478,-74
100000066,195,444,-249
100000067,238,606,-368
100000068,389,1630,-1241
100000069,501,1155,-654
100000072,282,515,-233
100000073,1190,902,288
100000075,1006,119,887
100000076,1739,11541,-9802
100000077,101,662,-561
100000078,7,73,-66
100000079,22,47,-25
100000080,8,19,-11
100000081,26,78,-52
100000102,2351,5568,-3217
100000103,1526,6987,-5461
100000104,3795,3264,531
100000105,1334,2230,-896
100000106,681,3639,-2958
100000107,96,1361,-1265
100000108,477,1072,-595
100000109,539,1647,-1108
100000116,215,621,-406
100000117,38,177,-139
100000118,487,1293,-806
100000119,1048,1091,-43
100000121,265,542,-277
100000122,630,2654,-2024
100000123,1358,2365,-1007
100000124,2200,2618,-418
100000125,6488,2085,4403
100000126,460,826,-366
100000127,1663,925,738
100000128,614,3645,-3031
100000129,348,900,-552
100000130,1172,301,871
100000131,856,1413,-557
100000132,1186,1442,-256
100000133,1466,1006,460
100000135,849,1121,-272
100000139,159,588,-429
100000140,153,148,5
100000142,740,681,59
100000143,2030,470,1560
100000144,1693,377,1316
100000147,1687,5782,-4095
100000150,262,549,-287
100000151,296,1917,-1621
100000153,35,554,-519
100000154,21,847,-826
100000155,0,71,-71
100000156,63,183,-120
100000157,244,169,75
100000158,158,144,14
100000159,81,987,-906
100000165,725,473,252
100000169,18,3140,-3122
100000174,410,1623,-1213
100000179,45,962,-917
100000180,1329,5078,-3749
100000181,595,225,370
100000188,98,86,12
100000189,1302,833,469
100000190,491,1654,-1163
100000191,733,479,254
100000192,5,208,-203
100000193,372,210,162
100000330,726,963,-237
100000355,266,543,-277
100000362,2300,891,1409
100000363,8144,9095,-951
100000364,99,325,-226
100000365,6080,9266,-3186
100000366,1722,1123,599
100000367,5768,6847,-1079
100000368,2184,1404,780
100000369,497,2506,-2009
100000370,172,1282,-1110
100000376,46,438,-392
100000379,769,4693,-3924
100000380,3139,8340,-5201
100000384,5155,6754,-1599
100000385,1211,4962,-3751
100000386,1229,7346,-6117
100000387,3204,8394,-5190
100000388,1763,4166,-2403
100000389,4968,6725,-1757
100000390,2761,2955,-194
100000391,2429,6734,-4305
100000392,545,2000,-1455
100000393,681,3808,-3127
100000394,1451,4888,-3437
100000395,734,4428,-3694
100000396,788,1867,-1079
100000397,1505,6639,-5134
100000398,5840,3923,1917
100900002,18,7,11
100900003,824,398,426
100900004,3,562,-559
100900005,183,42,141
100900006,32,15,17
100900007,379,8,371
100900008,3,185,-182
100900009,49,14,35
100900010,55,11,44
100900011,231,294,-63
100900012,0,31,-31
100900013,1498,4,1494
100900014,2,3,-1
100900015,109,28,81
100900016,1,9,-8
100900017,2127,97,2030
100900018,1,10,-9
100900019,73,105,-32
100900020,629,3,626
100900021,862,3,859
100900022,3,11,-8
100900023,0,78,-78
100900024,501,8,493
100900025,98,0,98
100900026,110,51,59
100900027,342,3711,-3369
100900028,152,416,-264
100900029,23,1,22
100900030,1,156,-155
100900031,1705,85,1620
100900032,605,1,604
100900033,104,643,-539
100900034,2615,1,2614
100900035,356,3,353
100900036,216,2,214
100900037,219,48,171
100900038,11,51,-40
100900039,278,86,192
100900040,1114,582,532
100900041,2354,191,2163
100900042,297,2343,-2046
100900043,0,22,-22
100900044,1231,1044,187
100900045,36,1,35
100900046,1972,10,1962
100900047,1082,153,929
100900048,99,14,85
100900049,156,50,106
100900050,1,14,-13
100900051,18,136,-118
100900052,449,6,443
100900053,941,24,917
100900054,5,20,-15
100900055,415,1974,-1559
100900056,26,63,-37
100900057,1911,286,1625
100900058,180,31,149
100900059,314,3,311
100900060,365,4,361
100900061,231,198,33
100900062,8,4,4
100900063,552,1666,-1114
100900064,744,14,730
100900065,44,248,-204
100900066,122,40,82
100900067,146,0,146
100900068,418,1057,-639
100900069,104,9,95
100900070,971,7,964
100900071,322,102,220
100900072,17,22,-5
100900073,265,157,108
100900074,1,16,-15
100900075,1794,136,1658
100900076,9,0,9
100900077,138,14,124
100900078,102,232,-130
100900079,1,4,-3
100900080,324,506,-182
100900081,16,127,-111
100900082,433,68,365
100900083,33,13,20
100900085,0,342,-342
100900086,17,538,-521
100900088,417,122,295
100900089,2,4,-2
100900090,127,1350,-1223
100900091,4,14,-10
100900092,66,221,-155
100900093,717,870,-153
100900094,713,83,630
100900095,17,11,6
100900096,15,197,-182
100900097,1,1,0
100900098,5,23,-18
100900099,0,274,-274
100900100,5,184,-179
100900101,544,46,498
100900102,2,210,-208
100900103,2,14,-12
100900104,1,120,-119
100900105,5,425,-420
100900106,14,2,12
100900107,2090,922,1168
100900108,18,67,-49
100900109,18,24,-6
100900110,10,13,-3
100900111,20,257,-237
100900112,4,56,-52
100900113,31,52,-21
100900114,18,28,-10
100900115,15,28,-13
100900116,1241,486,755
100900117,355,1400,-1045
100900118,2,38,-36
100900119,5,47,-42
100900120,56,5,51
100900121,710,372,338
100900122,113,70,43
100900123,275,18,257
100900124,0,1,-1
100900125,1,25,-24
100900126,997,814,183
100900127,5,5,0
100900128,129,398,-269
100900129,1,228,-227
100900131,13,76,-63
100900133,126,62,64
100900134,20,1,19
100900135,1,312,-311
100900137,312,202,110
100900138,1435,434,1001
100900139,1,91,-90
100900140,1,87,-86
100900141,1,424,-423
100900142,0,11,-11
100900143,213,1018,-805
100900144,6,12,-6
100900145,94,1810,-1716
100900146,8,70,-62
100900147,13,1875,-1862
100900148,195,115,80
100900149,2,809,-807
100900150,6,152,-146
100900151,51,343,-292
100900152,499,5,494
100900153,3,288,-285
100900154,4,207,-203
100900155,31,1,30
100900156,38,0,38
100900157,17,922,-905
100900159,6,43,-37
100900160,83,2,81
100900161,107,1,106
100900162,19,479,-460
100900163,79,69,10
100900164,334,20,314
100900165,26,11,15
100900166,57,0,57
100900167,9,59,-50
100900168,10,146,-136
100900169,43,623,-580
100900170,8,6,2
100900171,7,462,-455
100900172,0,137,-137
100900173,6,82,-76
100900174,30,20,10
100900176,1198,206,992
100900177,285,149,136
100900178,224,234,-10
100900179,185,211,-26
100900180,0,1,-1
100900181,86,76,10
100900182,108,14,94
100900184,169,385,-216
100900186,860,440,420
100900187,42,32,10
100900188,31,16,15
100900189,3635,328,3307
100900191,428,1377,-949
100900192,50,363,-313
100900195,49,272,-223
100900197,112,46,66
100900198,11,8,3
100900199,2,2,0
100900200,776,190,586
100900201,43,1529,-1486
100900202,81,0,81
100900203,0,62,-62
100900204,128,630,-502
100900205,168,687,-519
100900206,458,423,35
100900207,576,111,465
100900210,82,67,15
100900211,440,100,340
100900213,171,67,104
100900214,242,194,48
100900215,46,25,21
100900217,17,39,-22
101000001,1976,2769,-793
101000002,7579,10056,-2477
101000003,349,1334,-985
101000004,7447,8863,-1416
101000005,5963,8643,-2680
101000006,6600,13208,-6608
101000007,3501,5764,-2263
101000008,1959,2380,-421
101000009,3460,1143,2317
101000010,1589,708,881
101000011,1186,404,782
101000012,237,586,-349
101000013,499,1556,-1057
101000014,405,439,-34
101000015,3453,1582,1871
101000016,278,712,-434
101000017,287,329,-42
101000018,1472,6494,-5022
101000020,1529,1295,234
101000021,576,665,-89
101000022,116,551,-435
101000023,1215,917,298
101000025,430,690,-260
101000026,522,63,459
101000027,1667,3424,-1757
101000028,737,275,462
101000029,26,1161,-1135
101000030,720,118,602
101000031,56,595,-539
101000032,2430,4173,-1743
101000033,1099,5518,-4419
101000034,428,2746,-2318
101000035,405,460,-55
101000036,386,2656,-2270
101000037,751,4087,-3336
101000039,1834,3479,-1645
101000040,2726,7950,-5224
101000041,1750,6620,-4870
101000042,53,879,-826
101000043,3059,7096,-4037
101000045,229,751,-522
101000046,1170,1811,-641
101000047,932,4372,-3440
101000048,426,276,150
101000049,765,2366,-1601
101000050,386,2288,-1902
101000051,759,2308,-1549
101000052,1394,2116,-722
101000053,382,1292,-910
101000054,1544,704,840
101000055,1515,1304,211
101000056,7,97,-90
101000057,575,3574,-2999
101000058,568,2488,-1920
101000059,2472,4136,-1664
101000060,2169,1070,1099
101000061,239,2525,-2286
101000062,202,991,-789
101000063,169,1447,-1278
101000064,198,1733,-1535
101000065,105,942,-837
101000066,299,1181,-882
101000067,293,720,-427
101000068,72,360,-288
101000069,82,81,1
101000070,393,702,-309
101000071,3403,1352,2051
101000072,538,2504,-1966
101000073,392,1022,-630
101000074,1817,3025,-1208
101000075,1623,2536,-913
101000077,1823,3314,-1491
101000078,750,1020,-270
101000079,866,874,-8
101000080,977,1043,-66
101000081,1571,1568,3
101000082,1610,1255,355
101000083,3721,1997,1724
101000084,1073,734,339
101000085,2113,947,1166
101000086,900,786,114
101000087,665,757,-92
101000088,2261,1280,981
101000089,1244,2114,-870
101000090,1378,639,739
101000091,634,523,111
101000092,2252,549,1703
101000093,2030,565,1465
101000094,863,843,20
101000095,742,659,83
101000096,1027,226,801
101000097,418,724,-306
101000098,338,720,-382
101000099,454,1156,-702
101000100,688,1231,-543
101000101,182,769,-587
101000102,428,1160,-732
101000103,293,953,-660
101000104,232,786,-554
101000105,164,432,-268
101000106,210,1684,-1474
101000107,419,690,-271
101000108,635,155,480
101000109,1275,244,1031
101000110,32,180,-148
101000111,51,232,-181
101000113,111,1307,-1196
101000114,1989,6175,-4186
101000115,16,19,-3
101000116,52,11,41
101000117,794,78,716
101000119,23,150,-127
101000120,63,160,-97
101000121,59,92,-33
101000122,57,155,-98
101000123,63,141,-78
101000124,559,644,-85
101000125,129,132,-3
101000128,299,2145,-1846
101000130,135,362,-227
101000131,2418,385,2033
101000132,1161,536,625
101000135,6,17,-11
101000136,67,151,-84
101000137,16,459,-443
101000141,651,4961,-4310
101000147,1772,300,1472
101000148,960,19,941
101000149,4,70,-66
101000150,133,236,-103
101000151,675,23,652
101000152,467,481,-14
101000153,320,205,115
101000154,854,465,389
101000155,840,302,538
101000156,102,1516,-1414
101000157,19,187,-168
101000160,0,13,-13
101000163,48,617,-569
101000164,360,104,256
101000165,271,464,-193
101000166,181,263,-82
101000168,1488,375,1113
101000252,3629,736,2893
101000254,35,38,-3
101000258,115,6,109
101000261,88,78,10
101000262,1400,7078,-5678
101000263,331,1338,-1007
101000265,71,596,-525
101000266,519,154,365
101000269,13,62,-49
101000290,230,3794,-3564
101000293,1,19,-18
101000294,384,485,-101
101000295,338,166,172
101000301,190,782,-592
101000304,2226,4623,-2397
101000305,2910,1409,1501
101900001,41,60,-19
101900002,0,5,-5
101900003,72,54,18
101900004,0,174,-174
101900005,1120,5166,-4046
101900006,1509,137,1372
101900007,367,280,87
101900008,42,302,-260
101900009,23,556,-533
101900010,1078,865,213
101900011,83,1790,-1707
101900012,306,98,208
101900013,349,76,273
101900017,22,105,-83
101900018,2384,398,1986
101900019,32,205,-173
101900020,21,89,-68
101900021,1,45,-44
101900022,275,2124,-1849
101900023,171,233,-62
101900026,226,34,192
101900027,38,136,-98
102000001,5316,9399,-4083
102000002,3074,2851,223
102000003,1695,6120,-4425
102000004,5066,3614,1452
102000005,1604,4197,-2593
102000006,962,1303,-341
102000007,2050,5388,-3338
102000008,5932,1527,4405
102000009,9258,11858,-2600
102000010,3836,2768,1068
102000011,5844,5165,679
102000012,4666,2920,1746
102000018,2896,4016,-1120
102000019,3978,2464,1514
102000026,570,455,115
102000029,291,298,-7
102000030,177,465,-288
102000031,124,96,28
102000032,940,473,467
102000033,905,292,613
102000034,493,316,177
102000035,1238,582,656
102000036,20,249,-229
102000037,215,32,183
102000038,186,169,17
102000039,122,116,6
102000040,222,203,19
102000041,16,358,-342
102000042,108,220,-112
102000043,74,353,-279
102000044,562,1140,-578
102000045,904,625,279
102000046,1947,728,1219
102000047,1722,510,1212
102000048,1123,609,514
102000049,1290,881,409
102000050,1469,915,554
102000051,246,441,-195
102000052,1524,1008,516
102000053,1220,883,337
102000054,1013,969,44
102000055,1539,219,1320
102000056,2148,298,1850
102000057,2330,585,1745
102000058,898,894,4
102000059,943,951,-8
102000060,1021,987,34
102000061,3016,1323,1693
102000062,2972,1116,1856
102000063,1245,1816,-571
102000064,683,838,-155
102000065,40,172,-132
102000066,914,440,474
102000067,6059,5119,940
102000068,10003,3610,6393
102000069,140,3133,-2993
102000070,2287,81,2206
102000071,6625,13932,-7307
102000072,3241,4047,-806
102000073,628,517,111
102000074,961,632,329
102000075,229,188,41
102000076,715,178,537
102000077,1037,1279,-242
102000078,1945,562,1383
102000079,249,60,189
102000080,464,168,296
102000081,290,757,-467
102000082,846,495,351
102000083,1325,187,1138
102000084,1026,112,914
102000085,2403,636,1767
102000086,2106,744,1362
102000087,768,1137,-369
102000088,512,250,262
102000089,2053,228,1825
102000090,364,1421,-1057
102000091,1016,823,193
102000092,353,756,-403
102000093,779,704,75
102000094,666,437,229
102000095,845,967,-122
102000096,663,391,272
102000097,689,287,402
102000098,368,252,116
102000099,815,468,347
102000100,256,453,-197
102000101,376,288,88
102000102,187,1659,-1472
102000103,3552,554,2998
102000104,527,307,220
102000105,466,340,126
102000106,1145,407,738
102000107,3024,126,2898
102000108,857,1308,-451
102000109,927,1535,-608
102000110,1793,479,1314
102000111,13,2388,-2375
102000112,132,220,-88
102000113,5,145,-140
102000114,3620,814,2806
102000115,313,504,-191
102000116,267,809,-542
102000117,82,1090,-1008
102000118,962,2358,-1396
102000119,620,1083,-463
102000120,358,480,-122
102000121,1761,252,1509
102000122,774,781,-7
102000123,1143,699,444
102000124,2047,1372,675
102000125,596,734,-138
102000126,630,930,-300
102000127,1837,1061,776
102000128,1023,845,178
102000129,1797,739,1058
102000130,851,967,-116
102000131,1217,816,401
102000132,564,1147,-583
102000133,5758,3529,2229
102000134,1876,700,1176
102000135,671,976,-305
102000136,1007,665,342
102000137,575,522,53
102000138,339,221,118
102000139,92,570,-478
102000140,237,340,-103
102000141,377,819,-442
102000142,372,176,196
102000143,423,116,307
102000144,589,85,504
102000145,375,174,201
102000146,945,241,704
102000147,673,390,283
102000148,300,475,-175
102000149,664,131,533
102000150,1316,78,1238
102000151,177,69,108
102000152,631,109,522
102000153,1172,473,699
102000154,205,225,-20
102000155,64,312,-248
102000156,283,101,182
102000157,27,464,-437
102000158,516,548,-32
102000159,1027,1474,-447
102000161,2781,2965,-184
102000162,150,343,-193
102000163,178,430,-252
102000164,708,748,-40
102000165,276,754,-478
102000166,75,459,-384
102000167,290,176,114
102000168,354,268,86
102000169,205,785,-580
102000170,889,159,730
102000171,169,97,72
102000172,6,425,-419
102000173,586,452,134
102000174,257,88,169
102000175,146,47,99
102000176,72,38,34
102000178,249,592,-343
102000179,648,299,349
102000180,1341,335,1006
102000181,1759,282,1477
102000182,1119,1836,-717
102000183,2841,895,1946
102000184,2627,785,1842
102000185,4421,402,4019
102000186,2561,604,1957
102000187,1281,561,720
102000188,1931,1465,466
102000189,1856,315,1541
102000190,663,2733,-2070
102000191,1020,300,720
102000192,2370,1808,562
102000193,224,169,55
102000194,53,385,-332
102000195,1078,544,534
102000196,455,300,155
102000197,1985,153,1832
102000198,364,283,81
102000199,2453,88,2365
102000200,729,340,389
102000201,2906,502,2404
102000202,13,210,-197
102000203,1015,125,890
102000204,1618,707,911
102000205,2024,1357,667
102000206,1092,681,411
102000207,1149,1180,-31
102000208,522,1466,-944
102000209,191,307,-116
102000210,1054,918,136
102000211,1036,255,781
102000212,868,45,823
102000213,7,390,-383
102000214,1074,4,1070
102000215,23,194,-171
102000216,302,215,87
102000217,18,58,-40
102000218,361,331,30
102000219,238,56,182
102000225,338,1056,-718
102000226,114,513,-399
102000227,223,6,217
102000228,5,119,-114
102000229,186,79,107
102000230,625,331,294
102000231,633,360,273
102000232,38,216,-178
102000233,1312,386,926
102000234,63,1313,-1250
102000236,330,44,286
102000237,1331,459,872
102000238,441,347,94
102000240,361,991,-630
102000241,93,161,-68
102000243,18,59,-41
102000245,10,117,-107
102000246,11,55,-44
102000247,216,463,-247
102000248,226,1183,-957
102000249,223,84,139
102000250,137,259,-122
102000254,619,118,501
102000266,8,489,-481
102000271,52,1,51
102000286,498,334,164
102000297,3595,1118,2477
102000299,0,0,0
102000301,0,0,0
102000303,0,0,0
102000305,0,0,0
102000307,0,4,-4
102000308,0,0,0
102900001,1555,864,691
102900002,298,60,238
102900003,175,57,118
102900005,846,223,623
102900006,946,57,889
102900007,1051,6,1045
102900008,448,32,416
102900009,227,371,-144
102900010,219,1384,-1165
102900011,1181,573,608
102900012,752,81,671
102900013,86,31,55
102900015,1190,527,663
102900016,211,19,192
102900017,385,79,306
102900018,115,33,82
102900019,824,391,433
102900020,164,14,150
102900021,74,15,59
102900022,71,45,26
102900023,11,9,2
102900024,35,11,24
102900025,53,15,38
102900026,351,3001,-2650
102900027,80,46,34
102900028,243,1309,-1066
102900029,59,555,-496
102900030,519,900,-381
102900031,437,112,325
102900032,227,51,176
102900033,117,130,-13
102900034,1126,35,1091
102900035,257,96,161
102900036,366,129,237
102900037,229,462,-233
102900038,324,216,108
102900039,47,1022,-975
102900040,372,286,86
102900041,171,75,96
102900042,492,99,393
102900043,420,122,298
102900044,670,2274,-1604
102900045,286,408,-122
102900046,240,108,132
102900047,302,1281,-979
102900048,907,147,760
102900049,86,200,-114
102900050,326,1679,-1353
102900051,395,300,95
102900052,89,123,-34
102900053,515,511,4
102900054,313,1591,-1278
102900055,148,557,-409
102900056,186,217,-31
102900057,6,124,-118
102900058,547,96,451
102900059,34,14,20
102900060,108,680,-572
102900061,286,1178,-892
102900062,286,340,-54
102900063,2548,458,2090
102900064,51,479,-428
102900065,1665,384,1281
102900066,485,4,481
102900068,55,169,-114
102900070,379,253,126
102900072,5,119,-114
102900073,21,2,19
102900075,1,52,-51
102900076,37,136,-99
102900077,29,6,23
102900078,34,19,15
102900079,302,3,299
102900080,653,20,633
102900081,30,42,-12
102900082,16,55,-39
102900083,66,13,53
102900084,2,23,-21
102900085,119,55,64
102900086,28,28,0
102900087,339,39,300
102900088,83,28,55
102900089,384,122,262
102900090,0,176,-176
102900091,648,2,646
102900092,1643,147,1496
102900093,425,189,236
102900094,0,73,-73
102900095,70,0,70
102900096,108,9,99
102900097,174,30,144
103000001,2860,2218,642
103000002,3366,2991,375
103000003,3719,2342,1377
103000004,921,499,422
103000005,1469,4789,-3320
103000006,1807,2375,-568
103000007,516,335,181
103000008,1099,668,431
103000009,3474,1444,2030
103000010,200,66,134
103000011,1392,496,896
103000012,1631,1515,116
103000013,2599,1922,677
103000014,1256,3337,-2081
103000015,1463,927,536
103000016,690,2176,-1486
103000017,348,1259,-911
103000018,1048,245,803
103000019,629,965,-336
103000020,1474,1210,264
103000021,2784,3384,-600
103000022,734,1091,-357
103000023,1319,2613,-1294
103000024,153,60,93
103000025,135,2332,-2197
103000026,351,537,-186
103000027,224,565,-341
103000028,142,200,-58
103000029,101,315,-214
103000030,1755,1423,332
103000031,952,3579,-2627
103000032,2036,1672,364
103000033,4504,3692,812
103000034,1343,759,584
103000035,192,1192,-1000
103000036,323,326,-3
103000037,768,456,312
103000038,819,1012,-193
103000039,1171,306,865
103000040,1270,426,844
103000041,4200,1499,2701
103000042,3112,178,2934
103000043,1473,451,1022
103000044,462,121,341
103000046,314,806,-492
103000047,1072,426,646
103000048,334,530,-196
103000049,167,132,35
103000050,1487,142,1345
103000051,1014,405,609
103000052,1407,148,1259
103000053,340,332,8
103000054,2382,252,2130
103000055,2678,848,1830
103000056,1068,759,309
103000057,2004,139,1865
103000058,1641,255,1386
103000059,1410,346,1064
103000060,1019,219,800
103000061,1319,685,634
103000062,986,154,832
103000063,1680,618,1062
103000064,272,48,224
103000065,12,132,-120
103000066,216,13,203
103000069,426,608,-182
103000070,914,211,703
103000071,2849,913,1936
103000072,200,425,-225
103000073,1735,57,1678
103000074,1404,67,1337
103000075,141,367,-226
103000076,548,1272,-724
103000077,6,248,-242
103000078,1144,1982,-838
103000079,633,988,-355
103000080,474,509,-35
103000081,251,970,-719
103000082,762,155,607
103000083,165,328,-163
103000084,285,5,280
103000085,1,151,-150
103000086,636,732,-96
103000087,268,791,-523
103000088,182,264,-82
103000089,463,1046,-583
103000090,4469,1096,3373
103000091,980,528,452
103000092,647,155,492
103000093,436,638,-202
103000094,698,96,602
103000095,115,379,-264
103000096,849,36,813
103000097,40,635,-595
103000098,761,47,714
103000099,144,887,-743
103000100,231,397,-166
103000101,2372,115,2257
103000102,105,213,-108
103000103,1178,140,1038
103000104,266,64,202
103000105,460,80,380
103000106,24,153,-129
103000107,474,104,370
103000108,1803,1316,487
103000109,638,868,-230
103000110,452,965,-513
103000111,483,676,-193
103000112,400,580,-180
103000113,591,1209,-618
103000114,2461,1065,1396
103000115,1078,663,415
103000116,1109,310,799
103000117,510,509,1
103000118,435,291,144
103000119,1097,283,814
103000120,115,252,-137
103000121,60,192,-132
103000122,574,1260,-686
103000125,25,43,-18
103000126,1691,5,1686
103000127,2,95,-93
103000128,252,1,251
103000129,2,80,-78
103000130,160,105,55
103000131,67,133,-66
103000132,35,151,-116
103000133,62,103,-41
103000134,284,1768,-1484
103000135,765,166,599
103000136,395,394,1
103000137,281,530,-249
103000138,613,555,58
103000139,0,31,-31
103000140,86,17,69
103000141,36,323,-287
103000142,166,189,-23
103000143,74,128,-54
103000144,343,29,314
103000145,25,158,-133
103000150,75,64,11
103000152,236,406,-170
103000153,282,262,20
103000156,8,65,-57
103000157,644,2,642
103000159,400,84,316
103000162,37,38,-1
103000163,19,32,-13
103000164,7,25,-18
103000165,95,127,-32
103000166,412,804,-392
103000167,275,243,32
103000168,458,259,199
103000169,544,1218,-674
103000170,2560,340,2220
103000171,34,148,-114
103000172,1520,111,1409
103000173,1883,202,1681
103000174,641,187,454
103000175,611,85,526
103000176,1144,1514,-370
103000177,263,968,-705
103000178,87,291,-204
103000179,207,77,130
103000183,704,1,703
103000185,453,141,312
103000186,503,69,434
103000187,2393,87,2306
103000188,30,162,-132
103000189,1015,515,500
103000191,634,313,321
103000292,505,2731,-2226
103000293,658,4747,-4089
103000295,77,181,-104
103000296,147,2,145
103000297,4,64,-60
103000504,119,13,106
103000505,3,44,-41
103000506,3,79,-76
103000507,305,5,300
103000508,155,102,53
103000509,294,515,-221
103900001,1,18,-17
103900002,690,76,614
103900003,1010,433,577
103900004,176,0,176
103900005,2,85,-83
103900006,22,8,14
103900007,396,8,388
103900008,32,1,31
103900009,536,99,437
103900010,281,89,192
103900011,1412,62,1350
103900012,7,147,-140
103900013,85,6,79
103900014,215,13,202
103900015,163,1,162
103900016,264,139,125
103900017,124,101,23
103900018,330,72,258
103900019,49,737,-688
103900020,448,439,9
103900021,56,20,36
103900022,727,619,108
103900023,486,0,486
103900024,259,170,89
103900025,5,6,-1
103900026,1,0,1
103900027,472,161,311
103900028,100,453,-353
103900029,1777,131,1646
103900030,416,102,314
103900031,105,6,99
103900032,154,158,-4
103900033,223,17,206
103900034,145,23,122
103900035,249,169,80
103900036,26,31,-5
103900037,268,176,92
103900038,123,282,-159
103900039,391,74,317
103900040,41,123,-82
103900041,194,15,179
103900042,303,68,235
103900043,560,9,551
103900044,22,740,-718
103900045,428,406,22
103900047,181,33,148
103900048,8,82,-74
103900049,47,1036,-989
103900050,16,335,-319
103900051,3,149,-146
103900052,337,337,0
103900053,653,158,495
103900054,404,111,293
103900055,768,96,672
103900056,327,167,160
103900057,422,57,365
103900058,799,150,649
103900059,0,240,-240
103900060,101,42,59
103900061,431,1,430
103900062,1472,345,1127
103900063,6,0,6
103900064,300,3,297
103900065,209,531,-322
103900066,336,67,269
103900067,474,29,445
103900068,0,0,0
103900069,187,30,157
103900070,271,131,140
103900071,47,38,9
103900072,81,81,0
103900073,126,61,65
103900074,204,41,163
103900075,377,25,352
103900076,1373,183,1190
103900077,19,187,-168
103900078,627,238,389
103900079,69,93,-24
103900080,2,15,-13
103900081,3,9,-6
103900082,89,123,-34
103900083,969,3293,-2324
103900084,12,302,-290
103900085,67,56,11
103900086,2559,330,2229
103900087,78,61,17
103900088,284,714,-430
103900089,63,120,-57
103900090,11,30,-19
103900091,840,81,759
103900092,927,506,421
103900093,72,224,-152
103900094,15,60,-45
103900095,185,282,-97
103900096,325,33,292
103900097,50,124,-74
103900098,501,118,383
103900099,694,41,653
103900100,520,52,468
103900101,2166,836,1330
103900102,7,189,-182
103900104,0,4,-4
103900105,109,67,42
103900106,3,2391,-2388
103900107,424,46,378
103900108,89,95,-6
103900109,411,15,396
103900110,560,49,511
103900111,714,155,559
103900112,24,40,-16
103900113,58,59,-1
103900114,547,177,370
103900115,138,214,-76
103900116,1231,3492,-2261
103900117,31,25,6
103900119,30,298,-268
103900120,162,22,140
103900122,280,102,178
103900123,254,878,-624
103900124,53,189,-136
103900125,160,50,110
103900126,1156,79,1077
103900127,207,187,20
103900128,285,49,236
103900131,62,59,3
103900133,1060,1,1059
103900134,0,31,-31
103900135,0,0,0
103900137,0,9,-9
103900138,321,26,295
103900139,157,5312,-5155
103900140,10,670,-660
103900141,282,53,229
103900142,924,66,858
103900143,274,2,272
103900144,1,27,-26
103900145,229,174,55
103900146,428,123,305
103900147,656,100,556
103900148,801,160,641
103900149,503,148,355
103900150,3791,7744,-3953
103900151,9,77,-68
103900152,2038,166,1872
103900153,27,30,-3
103900154,296,2988,-2692
103900155,15,45,-30
103900156,47,14,33
103900157,394,25,369
103900158,482,12,470
103900159,696,8,688
103900160,30,19,11
103900161,68,75,-7
103900162,73,31,42
103900163,49,352,-303
103900167,6,153,-147
103900168,113,24,89
103900169,30,55,-25
103900170,1,20,-19
103900171,0,8,-8
103900172,21,5,16
103900173,13,25,-12
103900174,561,9,552
103900175,20,256,-236
103900176,1,35,-34
103900177,5,2,3
103900178,123,5,118
103900179,98,7,91
103900180,15,24,-9
103900181,1,27,-26
103900182,14,18,-4
103900184,152,77,75
103900185,44,1452,-1408
103900187,13,276,-263
103900188,237,135,102
103900189,234,16,218
103900190,208,46,162
103900191,16,39,-23
103900192,33,61,-28
103900193,46,41,5
103900194,155,65,90
103900195,12,196,-184
103900196,101,48,53
103900197,13,63,-50
103900198,5,11,-6
103900199,167,44,123
103900200,399,42,357
103900201,122,47,75
103900202,5,86,-81
103900203,75,89,-14
103900204,0,12,-12
103900207,0,34,-34
103900208,277,0,277
103900209,4,31,-27
103900210,124,39,85
103900211,1416,196,1220
103900212,288,126,162
103900213,7,218,-211
103900214,128,416,-288
103900215,100,340,-240
103900216,0,131,-131
103900217,572,67,505
103900218,0,528,-528
103900219,415,103,312
103900233,64,11,53
103900235,24,67,-43
103900236,27,11,16
103900242,6,8,-2
103900243,1,3,-2
103900244,204,51,153
103900245,305,83,222
103900246,23,59,-36
103900247,8,18,-10
103900248,0,31,-31
103900249,1,53,-52
103900250,35,19,16
103900251,0,4,-4
103900253,13,65,-52
103900254,7,32,-25
103900255,2,48,-46
103900256,19,26,-7
103900257,72,176,-104
103900258,17,3,14
103900259,18,3,15
103900261,85,0,85
103900262,41,4,37
103900263,36,95,-59
103900264,40,1,39
103900265,8,1,7
103900266,1,103,-102
103900267,0,62,-62
103900268,7,16,-9
103900269,425,20,405
103900270,143,57,86
103900271,87,27,60
103900272,43,19,24
103900273,86,1,85
103900274,326,9,317
103900275,237,32,205
103900276,15,6,9
103900277,12,6,6
104000001,4458,1988,2470
104000002,3278,1789,1489
104000003,2562,1576,986
104000004,4323,2056,2267
104000005,3045,1872,1173
104000006,3361,2478,883
104000007,6200,4079,2121
104000008,259,157,102
104000009,270,144,126
104000010,263,723,-460
104000011,215,138,77
104000012,131,121,10
104000013,308,746,-438
104000014,359,147,212
104000015,754,112,642
104000016,360,134,226
104000018,1091,228,863
104000019,1186,395,791
104000020,128,187,-59
104000021,582,290,292
104000022,625,532,93
104000023,2060,475,1585
104000024,286,303,-17
104000026,64,131,-67
104000027,411,162,249
104000028,777,312,465
104000029,441,228,213
104000030,709,361,348
104000031,2066,140,1926
104000032,179,94,85
104000033,1187,384,803
104000034,214,115,99
104000035,1860,330,1530
104000036,1787,272,1515
104000037,277,116,161
104000038,652,483,169
104000039,266,91,175
104000040,99,1040,-941
104000041,897,775,122
104000042,185,126,59
104000043,206,314,-108
104000044,379,2553,-2174
104000045,870,666,204
104000046,867,633,234
104000047,935,663,272
104000048,1211,519,692
104000049,1095,363,732
104000050,131,668,-537
104000051,352,1118,-766
104000052,2450,3778,-1328
104000053,1749,608,1141
104000054,811,338,473
104000055,2494,2288,206
104000056,790,112,678
104000057,345,124,221
104000058,2050,927,1123
104000059,1076,1167,-91
104000060,1823,3356,-1533
104000061,1626,874,752
104000062,507,103,404
104000064,704,218,486
104000065,220,733,-513
104000069,328,1936,-1608
104000070,59,759,-700
104000071,269,157,112
104000072,1175,184,991
104000075,55,328,-273
104000076,1176,83,1093
104000082,2338,3648,-1310
104000083,674,133,541
104000084,121,250,-129
104000085,623,235,388
104000086,449,230,219
104000087,381,1833,-1452
104000090,1598,503,1095
104000092,2292,567,1725
104000094,942,610,332
104000095,3677,1640,2037
104000096,4598,19,4579
104000097,4415,327,4088
104000098,6199,394,5805
104000100,4078,977,3101
104000101,2576,1284,1292
104000106,21,552,-531
104000107,716,230,486
104000108,403,342,61
104000109,580,136,444
104000110,928,1761,-833
104000111,2478,6529,-4051
104000112,711,594,117
104000116,0,349,-349
104000117,570,302,268
104000118,3140,159,2981
104000119,1902,310,1592
104000120,648,782,-134
104000121,363,310,53
104000122,893,367,526
104000123,1120,553,567
104000124,332,1201,-869
104000125,1896,6577,-4681
104000126,780,546,234
104000127,1656,1211,445
104000128,888,99,789
104000129,703,12,691
104000130,22,491,-469
104000131,268,398,-130
104000132,385,349,36
104000133,2305,971,1334
104000134,995,1960,-965
104000135,478,1507,-1029
104000136,700,2975,-2275
104000137,1711,389,1322
104000138,1262,416,846
104000139,2017,2597,-580
104000141,819,473,346
104000142,1068,334,734
104000143,1073,210,863
104000144,223,313,-90
104000145,305,153,152
104000146,194,637,-443
104000147,243,449,-206
104000148,570,144,426
104000149,166,62,104
104000150,1753,266,1487
104000151,829,123,706
104000152,1066,151,915
104000153,1524,510,1014
104000154,655,166,489
104000155,555,822,-267
104000157,1472,545,927
104000158,227,401,-174
104000159,1364,455,909
104000160,2516,3235,-719
104000161,124,94,30
104000162,139,56,83
104000165,1435,818,617
104000167,912,2183,-1271
104000168,1633,3,1630
104000169,324,34,290
104000170,139,324,-185
104000248,671,595,76
104000251,72,111,-39
104000272,0,0,0
104000273,0,0,0
104000274,0,0,0
104000275,0,0,0
104000279,856,558,298
104000290,118,418,-300
104000291,486,1385,-899
104000293,1830,868,962
104000294,293,0,293
104000295,1368,1034,334
104000296,940,797,143
104000297,1366,2452,-1086
104000298,2087,824,1263
104000299,2068,752,1316
104900001,106,113,-7
104900002,67,477,-410
104900003,183,107,76
104900004,350,55,295
104900005,1151,284,867
104900006,1273,154,1119
104900007,1035,275,760
104900009,277,162,115
104900010,225,14,211
104900011,2,65,-63
104900012,431,62,369
104900013,75,28,47
104900014,1247,200,1047
104900015,175,14,161
104900016,255,97,158
104900017,192,162,30
104900018,2,69,-67
104900019,119,7309,-7190
104900020,59,260,-201
104900021,26,28,-2
104900022,13,43,-30
104900023,0,33,-33
104900024,20,127,-107
104900025,106,158,-52
104900026,0,19,-19
104900027,1066,435,631
104900028,21,101,-80
104900029,27,23,4
104900030,738,168,570
104900031,34,152,-118
104900032,32,57,-25
104900033,582,106,476
104900034,476,181,295
104900035,702,315,387
104900036,456,28,428
104900037,660,89,571
104900038,139,3250,-3111
104900039,189,841,-652
104900040,1038,18,1020
104900041,759,63,696
104900042,277,122,155
104900043,116,716,-600
104900044,2149,94,2055
104900045,725,40,685
104900046,1206,80,1126
104900047,1179,91,1088
104900048,1085,69,1016
104900049,103,72,31
104900050,1378,188,1190
104900051,654,32,622
104900052,421,4,417
104900053,1145,60,1085
104900054,640,69,571
104900055,595,1,594
104900056,700,9,691
104900057,162,2,160
104900058,619,332,287
104900059,238,57,181
104900060,1,269,-268
104900061,411,96,315
104900063,0,173,-173
104900064,1,93,-92
104900065,0,289,-289
104900066,0,25,-25
104900067,6,1205,-1199
104900068,62,597,-535
104900070,73,263,-190
104900071,1,233,-232
104900072,23,87,-64
104900073,241,123,118
104900074,110,74,36
104900075,184,21,163
104900076,351,86,265
104900077,464,147,317
104900078,433,116,317
104900079,119,1972,-1853
104900080,395,173,222
104900082,4,197,-193
104900085,3,133,-130
104900087,579,1,578
104900089,881,3,878
104900090,2297,2111,186
104900091,412,578,-166
104900093,265,214,51
104900097,1159,4764,-3605
104900098,333,80,253
104900099,51,958,-907
104900100,307,92,215
104900102,79,107,-28
104900103,373,44,329
104900104,1967,2061,-94
104900106,382,98,284
104900107,85,137,-52
104900108,24,375,-351
104900109,170,214,-44
104900110,22,25,-3
104900111,244,32,212
104900112,539,143,396
104900113,1408,181,1227
104900114,1124,459,665
104900115,1699,115,1584
104900116,969,64,905
104900118,28,43,-15
104900119,0,52,-52
104900120,24,1601,-1577
104900121,0,42,-42
104900122,0,18,-18
104900123,477,31,446
104900124,305,1,304
104900125,422,2,420
104900126,25,13,12
104900127,34,25,9
104900128,278,105,173
104900129,758,4593,-3835
105000001,3492,1137,2355
105000002,2564,1688,876
105000003,2800,3596,-796
105000004,1728,777,951
105000005,2471,1558,913
105000006,1415,2138,-723
105000007,2207,2657,-450
105000008,799,3774,-2975
105000009,5351,5356,-5
105000010,3576,1018,2558
105000011,3842,4477,-635
105000012,2391,1740,651
105000013,1438,2111,-673
105000014,5583,5110,473
105000015,8936,17108,-8172
105000016,941,1040,-99
105000017,1967,1166,801
105000018,672,2520,-1848
105000019,1124,1470,-346
105000020,101,563,-462
105000021,308,127,181
105000022,130,159,-29
105000023,1180,124,1056
105000028,24,61,-37
105000029,907,1276,-369
105000030,3473,2942,531
105000033,1259,845,414
105000034,136,2129,-1993
105000037,1326,110,1216
105000038,1151,2235,-1084
105000039,763,970,-207
105000040,1252,2881,-1629
105000041,362,1085,-723
105000042,2406,1949,457
105000043,794,756,38
105000044,1248,325,923
105000045,203,236,-33
105000046,2400,210,2190
105000047,595,240,355
105000048,1687,343,1344
105000049,376,525,-149
105000050,1532,737,795
105000051,184,272,-88
105000052,1033,1967,-934
105000053,99,127,-28
105000054,694,1257,-563
105000055,1160,766,394
105000056,2758,3635,-877
105000057,2660,3317,-657
105000058,2220,1554,666
105000059,2631,718,1913
105000060,984,473,511
105000061,2846,507,2339
105000062,997,496,501
105000063,611,268,343
105000064,4781,787,3994
105000065,869,321,548
105000066,1629,925,704
105000067,2738,938,1800
105000068,366,714,-348
105000069,1178,4695,-3517
105000070,506,1548,-1042
105000071,251,2789,-2538
105000072,1704,10567,-8863
105000073,2009,998,1011
105000074,665,533,132
105000075,739,556,183
105000076,1310,918,392
105000077,2189,738,1451
105000078,1048,1261,-213
105000079,901,2000,-1099
105000080,2279,2555,-276
105000081,1239,1250,-11
105000082,1167,1479,-312
105000083,1964,3218,-1254
105000084,662,1015,-353
105000085,3267,2497,770
105000086,880,829,51
105000087,1976,1886,90
105000088,2576,4628,-2052
105000089,2087,1280,807
105000090,615,414,201
105000091,771,662,109
105000092,649,429,220
105000093,420,453,-33
105000094,246,139,107
105000095,205,634,-429
105000096,1724,2334,-610
105000097,637,595,42
105000098,2128,1488,640
105000099,908,890,18
105000100,3167,2398,769
105000101,4268,1238,3030
105000102,3139,1679,1460
105000103,1605,2079,-474
105000104,4324,5414,-1090
105000105,1938,4551,-2613
105000106,2740,593,2147
105000107,3129,1755,1374
105000108,3718,1023,2695
105000109,4721,583,4138
105000110,2088,331,1757
105000111,3121,307,2814
105000112,1922,366,1556
105000113,871,795,76
105000114,1341,1719,-378
105000115,393,3095,-2702
105000116,2082,836,1246
105000117,2100,347,1753
105000118,2107,368,1739
105000119,1489,417,1072
105000120,3958,609,3349
105000121,2067,614,1453
105000122,859,1464,-605
105000123,1000,506,494
105000124,4006,628,3378
105000125,1837,886,951
105000126,4170,1440,2730
105000127,4479,1439,3040
105000128,1454,2006,-552
105000129,2421,2032,389
105000130,272,5865,-5593
105000131,349,119,230
105000132,3001,1387,1614
105000133,573,458,115
105000134,2771,319,2452
105000135,392,322,70
105000136,96,58,38
105000137,1065,172,893
105000138,184,91,93
105000139,1300,290,1010
105000140,944,297,647
105000141,698,197,501
105000142,707,580,127
105000143,366,293,73
105000144,554,335,219
105000145,1239,255,984
105000146,834,291,543
105000147,1030,336,694
105000148,885,496,389
105000149,5566,1264,4302
105000150,2262,558,1704
105000151,1585,372,1213
105000152,452,672,-220
105000153,1966,299,1667
105000154,1774,472,1302
105000155,684,325,359
105000156,765,368,397
105000157,1265,713,552
105000158,4629,531,4098
105000159,638,468,170
105000160,6699,596,6103
105000161,1454,610,844
105000162,1021,4619,-3598
105000163,1511,639,872
105000164,153,303,-150
105000165,921,16187,-15266
105000166,3476,3259,217
105000167,1513,6341,-4828
105000168,1274,373,901
105000169,1881,138,1743
105000170,1133,1280,-147
105000171,2264,385,1879
105000172,843,2,841
105000173,1252,10,1242
105000174,270,21,249
105000175,411,39,372
105000176,1333,87,1246
105000177,855,355,500
105000178,781,150,631
105000179,2948,121,2827
105000180,1021,52,969
105000181,457,166,291
105000182,117,64,53
105000183,2458,4643,-2185
105000184,342,736,-394
105000185,387,1173,-786
105000186,535,1083,-548
105000187,1088,1045,43
105000188,162,144,18
105000189,83,427,-344
105000190,398,228,170
105000191,625,223,402
105000192,534,62,472
105000193,134,111,23
105000194,828,52,776
105000195,801,448,353
105000196,65,284,-219
105000197,135,358,-223
105000198,171,117,54
105000199,105,565,-460
105000200,104,967,-863
105000201,176,156,20
105000203,57,96,-39
105000204,169,57,112
105000205,125,86,39
105000207,196,72,124
105000208,81,375,-294
105000209,259,103,156
105000212,1980,473,1507
105000213,108,71,37
105000214,256,130,126
105000215,1048,176,872
105000216,438,55,383
105000217,378,72,306
105000218,4610,1322,3288
105000221,239,143,96
105000222,636,114,522
105000223,946,309,637
105000226,359,122,237
105000227,126,115,11
105000228,41,1985,-1944
105000229,287,948,-661
105000231,772,169,603
105000233,1605,1539,66
105000234,404,744,-340
105000235,837,628,209
105000237,2368,88,2280
105000243,122,61,61
105000248,62,49,13
105000262,907,272,635
105000269,153,222,-69
105000270,1191,10,1181
105000271,0,223,-223
105000282,89,28,61
105000287,277,99,178
105000288,1755,1887,-132
105000289,585,1336,-751
105000290,66,8,58
105000402,1706,5764,-4058
105000426,209,442,-233
105000438,932,899,33
105000446,7077,3855,3222
105000447,1901,1297,604
105000454,1124,207,917
105000455,223,64,159
105000474,102,0,102
105000477,2031,559,1472
105000478,3355,6476,-3121
105000479,201,113,88
105000480,4689,6892,-2203
105000481,5691,5199,492
105000482,2366,2284,82
105000483,2336,3880,-1544
105000484,1499,1439,60
105000485,1188,4363,-3175
105000486,1438,1858,-420
105000488,2387,1623,764
105000489,2678,805,1873
105000549,217,473,-256
105000550,490,532,-42
105000551,15,42,-27
105000552,1930,887,1043
105900001,11,3535,-3524
105900002,885,2175,-1290
105900003,18,138,-120
105900004,345,50,295
105900005,200,1123,-923
105900006,14,79,-65
105900007,65,106,-41
105900008,204,154,50
105900009,114,61,53
105900011,316,43,273
105900012,627,68,559
105900013,14,62,-48
105900014,0,49,-49
105900015,86,455,-369
105900016,1425,264,1161
105900017,3698,106,3592
105900018,226,181,45
105900019,142,81,61
105900020,155,34,121
105900021,110,222,-112
105900022,441,122,319
105900023,22,92,-70
105900024,5,831,-826
105900025,870,6,864
105900026,156,9,147
105900027,12032,4458,7574
105900028,257,591,-334
105900029,1724,248,1476
105900030,312,235,77
105900031,728,119,609
105900032,154,52,102
105900033,109,138,-29
105900034,747,146,601
105900035,975,282,693
105900036,250,202,48
105900037,311,11,300
105900038,424,296,128
105900039,266,69,197
105900040,286,82,204
105900041,428,65,363
105900042,188,232,-44
105900043,888,102,786
105900044,2,591,-589
105900045,5,2381,-2376
105900046,2,125,-123
105900047,26,39,-13
105900048,176,367,-191
105900050,1112,4335,-3223
105900051,35,1043,-1008
105900052,1593,131,1462
105900053,3457,6647,-3190
105900054,353,225,128
105900056,613,979,-366
105900057,15,130,-115
105900058,25,26,-1
105900059,2,254,-252
106000001,2127,2983,-856
106000002,1118,2468,-1350
106000003,4483,5324,-841
106000004,1802,2500,-698
106000005,5815,3643,2172
106000006,5966,1373,4593
106000007,774,205,569
106000008,323,360,-37
106000009,740,169,571
106000010,307,407,-100
106000011,2648,1031,1617
106000012,1341,579,762
106000013,2220,1336,884
106000014,2059,1205,854
106000015,3580,895,2685
106000016,2043,1159,884
106000017,1200,562,638
106000018,793,450,343
106000019,688,297,391
106000020,499,253,246
106000021,537,356,181
106000022,443,227,216
106000023,1050,262,788
106000024,904,357,547
106000025,221,222,-1
106000026,160,111,49
106000027,3083,1256,1827
106000028,1373,247,1126
106000029,1404,761,643
106000030,198,517,-319
106000034,111,403,-292
106000035,1354,1453,-99
106000036,58,452,-394
106000037,1140,949,191
106000038,111,393,-282
106000039,53,351,-298
106000040,106,980,-874
106000041,819,564,255
106000043,382,218,164
106000046,330,33,297
106000047,72,357,-285
106000049,2005,113,1892
106000050,298,357,-59
106000051,1872,976,896
106000052,219,125,94
106000053,1048,117,931
106000054,436,105,331
106000055,1853,445,1408
106000056,540,121,419
106000057,1083,173,910
106000058,370,36,334
106000059,721,347,374
106000060,133,254,-121
106000061,263,1048,-785
106000062,154,211,-57
106000063,1706,1186,520
106000064,5,336,-331
106000065,913,293,620
106000066,157,1005,-848
106000067,1008,74,934
106000068,219,233,-14
106000069,937,80,857
106000070,503,169,334
106000071,1333,151,1182
106000072,2711,1636,1075
106000073,1859,8917,-7058
106000074,1019,765,254
106000075,551,1076,-525
106000076,1372,1389,-17
106000077,2105,453,1652
106000078,2419,336,2083
106000079,1328,350,978
106000080,2091,301,1790
106000081,1527,475,1052
106000082,2013,447,1566
106000083,695,783,-88
106000084,1044,458,586
106000085,1540,968,572
106000086,525,368,157
106000087,1138,269,869
106000088,406,364,42
106000089,1860,178,1682
106000090,550,295,255
106000091,378,515,-137
106000092,1354,191,1163
106000093,1046,52,994
106000094,137,220,-83
106000095,2312,453,1859
106000096,2711,390,2321
106000097,2888,985,1903
106000098,1680,626,1054
106000099,245,397,-152
106000100,3606,225,3381
106000101,1595,342,1253
106000102,126,625,-499
106000103,365,849,-484
106000104,1999,645,1354
106000105,571,643,-72
106000106,2042,224,1818
106000107,309,182,127
106000108,620,100,520
106000109,474,112,362
106000110,771,156,615
106000111,448,152,296
106000112,500,1201,-701
106000113,795,421,374
106000114,691,1377,-686
106000115,355,217,138
106000116,755,171,584
106000117,1485,692,793
106000118,2216,1452,764
106000119,902,510,392
106000120,1473,2558,-1085
106000121,856,212,644
106000122,820,78,742
106000123,1827,64,1763
106000124,583,64,519
106000125,91,98,-7
106000126,951,80,871
106000127,3467,618,2849
106000128,2897,231,2666
106000129,1594,280,1314
106000130,2888,157,2731
106000131,540,1030,-490
106000132,1247,94,1153
106000133,1441,2809,-1368
106000134,855,6445,-5590
106000135,297,670,-373
106000136,1573,2931,-1358
106000137,262,1402,-1140
106000138,5686,79,5607
106000139,132,87,45
106000140,97,23,74
106000141,231,34,197
106000142,284,84,200
106000143,44,37,7
106000144,79,97,-18
106000145,1014,204,810
106000146,1081,109,972
106000147,824,385,439
106000148,683,567,116
106000149,1622,284,1338
106000150,1875,3025,-1150
106000151,4151,632,3519
106000152,1089,3121,-2032
106000153,215,2038,-1823
106000154,1405,122,1283
106000155,480,351,129
106000156,3343,156,3187
106000157,684,2025,-1341
106000158,1517,594,923
106000159,2710,3511,-801
106000160,1339,7312,-5973
106000161,884,231,653
106000162,761,2603,-1842
106000163,787,170,617
106000164,1320,301,1019
106000165,326,317,9
106000166,2560,237,2323
106000167,1006,468,538
106000168,1831,123,1708
106000169,577,739,-162
106000170,1942,345,1597
106000171,501,1359,-858
106000172,4088,1489,2599
106000173,1493,1846,-353
106000174,2320,279,2041
106000175,294,329,-35
106000176,5049,568,4481
106000177,2025,1194,831
106000178,5654,964,4690
106000179,1378,900,478
106000180,2077,489,1588
106000181,4303,1228,3075
106000182,3901,427,3474
106000183,3654,245,3409
106000184,2322,395,1927
106000185,3737,2300,1437
106000186,543,39,504
106000187,156,2496,-2340
106000188,0,0,0
106000189,25,37,-12
106000190,59,6,53
106000191,559,85,474
106000192,6,2,4
106000193,400,427,-27
106000194,227,567,-340
106000195,374,327,47
106000196,181,1481,-1300
106000197,1278,1041,237
106000198,375,491,-116
106000199,893,3489,-2596
106000200,368,508,-140
106000201,639,14062,-13423
106000202,2901,990,1911
106000203,11,92,-81
106000204,140,4,136
106000205,8,164,-156
106000206,191,17,174
106000207,16,442,-426
106000208,3660,99,3561
106000209,4301,202,4099
106000210,766,395,371
106000211,311,1251,-940
106000212,2635,388,2247
106000213,302,1140,-838
106000214,1665,498,1167
106000215,692,804,-112
106000216,1245,511,734
106000217,204,408,-204
106000218,540,180,360
106000219,267,156,111
106000220,991,357,634
106000221,458,93,365
106000222,323,55,268
106000223,892,50,842
106000224,579,99,480
106000225,155,231,-76
106000226,74,84,-10
106000228,75,86,-11
106000229,366,498,-132
106000231,2711,103,2608
106000232,181,430,-249
106000233,1235,343,892
106000234,64,2146,-2082
106000235,428,2678,-2250
106000236,155,2605,-2450
106000237,0,21,-21
106000238,11,184,-173
106000239,1,123,-122
106000240,48,51,-3
106000241,3,673,-670
106000242,691,27,664
106000249,257,85,172
106000250,157,1229,-1072
106000251,297,15,282
106000252,77,466,-389
106000253,167,49,118
106000254,241,57,184
106000255,149,223,-74
106000256,218,35,183
106000257,176,142,34
106000258,200,1011,-811
106000259,13,1219,-1206
106000260,59,9,50
106000261,13,134,-121
106000262,120,20,100
106000263,120,337,-217
106000264,372,6,366
106000265,43,139,-96
106000266,339,33,306
106000267,52,67,-15
106000268,426,41,385
106000269,217,23,194
106000270,212,266,-54
106000271,95,80,15
106000272,244,72,172
106000273,29,140,-111
106000274,192,34,158
106000275,326,68,258
106000276,52,19,33
106000277,192,104,88
106000278,127,5,122
106000279,64,12,52
106000280,344,31,313
106000281,121,24,97
106000282,213,31,182
106000283,233,26,207
106000284,451,36,415
106000285,118,103,15
106000286,237,65,172
106000287,62,21,41
106000288,214,38,176
106000289,146,16,130
106000290,221,37,184
106000291,146,31,115
106000292,282,48,234
106000293,168,109,59
106000294,179,13,166
106000295,29,115,-86
106000296,47,44,3
106000297,22,151,-129
106000298,41,202,-161
106000299,47,27,20
106000300,62,74,-12
106000301,57,153,-96
106000303,124,33,91
106000304,200,6,194
106000305,368,27,341
106000306,161,56,105
106000307,489,17,472
106000308,125,77,48
106000309,42,13,29
106000310,563,151,412
106000311,678,142,536
106000312,341,78,263
106000313,520,62,458
106000318,146,607,-461
106000319,4659,692,3967
106000320,4,421,-417
106000321,296,1032,-736
106000322,647,46,601
106000324,201,157,44
106000325,2855,493,2362
106000326,975,745,230
106000327,618,64,554
106000328,11,603,-592
106000329,36,938,-902
106000330,25,295,-270
106000428,124,314,-190
106000429,154,224,-70
106000430,373,1408,-1035
106000431,4135,499,3636
106000432,782,1686,-904
106000433,3360,1063,2297
106000434,5292,1102,4190
106000435,1289,1391,-102
106000436,17,336,-319
106000437,1972,89,1883
106000438,294,1070,-776
106000439,51,889,-838
106000440,280,428,-148
106000441,8,1,7
106000442,2831,40,2791
106000443,616,112,504
106000450,4,101,-97
106000451,63,312,-249
106000454,2,179,-177
106000455,8,176,-168
106000456,432,41,391
106000457,97,287,-190
106000458,3204,43,3161
106000459,1217,46,1171
106000460,5366,41,5325
106000461,1072,166,906
106000462,3,66,-63
106000463,1,2,-1
106000464,3,191,-188
106000465,1860,11,1849
106000466,0,215,-215
106000467,93,277,-184
106000468,437,110,327
106000469,98,2,96
106000470,344,3405,-3061
106000471,7,238,-231
106000472,903,7,896
106000473,105,2,103
106000474,478,387,91
106000475,642,230,412
106000476,233,593,-360
106000477,40,14,26
106900001,0,6,-6
106900002,19,173,-154
106900003,94,1861,-1767
106900004,0,12,-12
106900006,0,4,-4
106900007,0,3,-3
106900008,1429,25,1404
106900009,1104,101,1003
106900010,737,150,587
106900012,631,5792,-5161
106900013,1404,229,1175
106900014,182,2,180
106900015,41,0,41
106900016,972,82,890
106900017,42,0,42
106900018,40,0,40
106900019,477,1,476
106900020,1869,4256,-2387
106900021,521,132,389
106900022,3208,19,3189
106900023,92,132,-40
106900024,1291,100,1191
106900025,5,344,-339
106900026,1,123,-122
106900027,2841,3,2838
107000001,4046,4127,-81
107000002,1790,1863,-73
107000003,13121,9976,3145
107000004,3872,1503,2369
107000005,15469,10123,5346
107000006,4263,1821,2442
107000007,6596,9708,-3112
107000008,4032,2761,1271
107000009,13223,10317,2906
107000010,5954,3955,1999
107000011,687,924,-237
107000012,2549,4701,-2152
107000013,271,47,224
107000014,274,87,187
107000015,882,264,618
107000016,1881,528,1353
107000017,971,1756,-785
107000018,6,1317,-1311
107000020,884,1239,-355
107000021,1456,519,937
107000022,1472,4733,-3261
107000023,2610,213,2397
107000024,1100,3354,-2254
107000025,670,261,409
107000026,391,598,-207
107000027,3644,596,3048
107000028,2438,378,2060
107000029,7386,3487,3899
107000030,3535,1374,2161
107000031,8770,3474,5296
107000032,331,589,-258
107000033,2375,5386,-3011
107000034,3871,925,2946
107000035,703,138,565
107000036,671,1840,-1169
107000037,269,519,-250
107000038,395,101,294
107000039,2123,881,1242
107000040,540,189,351
107000041,1199,420,779
107000042,827,2787,-1960
107000043,1335,617,718
107000044,262,195,67
107000045,30,197,-167
107000046,1094,305,789
107000047,496,504,-8
107000048,673,208,465
107000049,602,400,202
107000050,1085,319,766
107000051,296,436,-140
107000052,896,2811,-1915
107000053,382,640,-258
107000054,54,190,-136
107000055,218,92,126
107000056,645,650,-5
107000057,1539,121,1418
107000058,2945,2373,572
107000059,2585,2266,319
107000060,9996,4330,5666
107000061,4919,1798,3121
107000062,12332,3743,8589
107000063,4590,1715,2875
107000064,9734,7986,1748
107000065,2376,3393,-1017
107000066,2391,4361,-1970
107000067,1914,993,921
107000068,897,1064,-167
107000069,1667,1267,400
107000070,1887,58,1829
107000071,9078,76,9002
107000072,11,767,-756
107000073,2667,1401,1266
107000074,74,387,-313
107000075,3730,238,3492
107000076,211,513,-302
107000077,4858,563,4295
107000078,620,560,60
107000079,5800,988,4812
107000080,415,942,-527
107000081,7423,1042,6381
107000082,632,689,-57
107000083,2532,2296,236
107000084,269,956,-687
107000085,3014,3289,-275
107000086,3326,2300,1026
107000087,4242,3735,507
107000088,3316,2588,728
107000089,1860,2695,-835
107000090,1788,650,1138
107000091,2772,850,1922
107000092,1185,444,741
107000093,2198,1124,1074
107000094,1158,595,563
107000095,3296,1179,2117
107000096,929,874,55
107000097,2070,985,1085
107000098,519,655,-136
107000099,953,415,538
107000100,359,482,-123
107000101,171,241,-70
107000102,319,295,24
107000103,632,336,296
107000104,211,338,-127
107000105,974,1068,-94
107000106,232,162,70
107000107,1862,232,1630
107000108,331,340,-9
107000109,2788,203,2585
107000110,121,186,-65
107000111,1573,54,1519
107000112,49,158,-109
107000113,2541,126,2415
107000114,137,335,-198
107000115,1566,1202,364
107000116,177,321,-144
107000117,206,5377,-5171
107000118,98,100,-2
107000119,1778,2588,-810
107000120,668,1755,-1087
107000121,1436,587,849
107000122,690,528,162
107000123,1181,343,838
107000124,1106,223,883
107000125,2602,316,2286
107000126,3004,257,2747
107000129,613,336,277
107000130,1844,250,1594
107000131,668,438,230
107000132,1131,240,891
107000133,479,145,334
107000134,310,4,306
107000135,0,273,-273
107000136,739,3,736
107000137,7,327,-320
107000138,170,67,103
107000139,4,430,-426
107000140,2764,86,2678
107000141,82,1631,-1549
107000142,928,77,851
107000143,21,2455,-2434
107000144,902,957,-55
107000145,111,908,-797
107000146,210,462,-252
107000147,4366,613,3753
107000150,211,6825,-6614
107000151,10,48,-38
107000152,487,4670,-4183
107000153,55,170,-115
107000154,18,90,-72
107000155,1719,11,1708
107000156,2318,19,2299
107000157,41,389,-348
107000158,2196,57,2139
107000159,46,247,-201
107000160,3483,333,3150
107000161,123,286,-163
107000162,497,1415,-918
107000163,953,33,920
107000164,2687,6,2681
107000165,3281,16,3265
107000166,30,216,-186
107000167,2120,436,1684
107000168,1858,750,1108
107000169,329,289,40
107000170,7746,1040,6706
107000171,1229,429,800
107000172,2822,3323,-501
107000173,704,259,445
107000174,1852,11039,-9187
107000175,2851,502,2349
107000176,0,0,0
107000177,0,1,-1
107000178,424,13,411
107000179,777,800,-23
107000180,3434,240,3194
107000181,1021,370,651
107000182,3369,326,3043
107000183,553,387,166
107000184,3167,350,2817
107000185,764,548,216
107000186,1383,153,1230
107000187,1850,1648,202
107000188,937,477,460
107000189,1980,445,1535
107000190,1587,542,1045
107000191,1391,474,917
107000192,2562,233,2329
107000193,590,425,165
107000194,530,220,310
107000197,1506,138,1368
107000198,649,437,212
107000199,869,750,119
107000200,1455,999,456
107000201,519,326,193
107000202,668,408,260
107000203,572,912,-340
107000204,631,3914,-3283
107000205,686,410,276
107000206,343,1168,-825
107000207,406,569,-163
107000208,2049,459,1590
107000209,791,653,138
107000210,84,88,-4
107000211,1,115,-114
107000212,11,100,-89
107000213,2,17,-15
107000214,28,45,-17
107000215,959,434,525
107000216,705,203,502
107000217,504,2645,-2141
107000219,118,239,-121
107000220,95,632,-537
107000222,314,268,46
107000224,826,368,458
107000225,169,191,-22
107000226,1465,889,576
107000227,236,92,144
107000228,208,851,-643
107000229,58,231,-173
107000230,861,439,422
107000231,382,1015,-633
107000232,184,10,174
107000233,157,513,-356
107000234,7,142,-135
107000235,53,32,21
107000236,9,718,-709
107000237,137,0,137
107000238,34,2,32
107000239,2595,817,1778
107000240,122,225,-103
107000241,34,6,28
107000242,191,11,180
107000243,1,56,-55
107000244,5,268,-263
107000246,1,371,-370
107000249,0,414,-414
107000251,0,130,-130
107000252,0,205,-205
107000255,262,316,-54
107000257,3,1427,-1424
107000258,1,222,-221
107000259,15,108,-93
107000260,3690,21,3669
107000262,72,233,-161
107000263,1224,14,1210
107000266,103,18,85
107000267,71,37,34
107000268,636,40,596
107000269,43,27,16
107000270,412,89,323
107000271,12,0,12
107000272,194,0,194
107000273,11,1151,-1140
107000274,748,432,316
107000275,30,1708,-1678
107000280,3002,42,2960
107000281,83,371,-288
107000282,52,571,-519
107000290,3,37,-34
107000291,18,14,4
107000292,0,208,-208
107000293,42,4,38
107000294,2,654,-652
107000295,43,1,42
107000296,0,44,-44
107000444,452,3,449
107000496,27,8,19
107000497,1219,860,359
107000500,705,227,478
107000501,119,161,-42
107000502,364,240,124
107000505,345,576,-231
107000506,0,2,-2
107000508,3,146,-143
107000509,180,962,-782
107000510,167,658,-491
107000514,56,797,-741
107000515,33,56,-23
107000516,869,630,239
107000518,3559,6066,-2507
107000519,727,478,249
107000520,318,75,243
107000521,1322,248,1074
107000522,1464,513,951
107900001,117,34,83
107900002,58,2,56
107900003,1723,12,1711
107900004,516,5,511
107900005,7350,38,7312
107900006,496,12,484
107900007,510,75,435
107900008,37,3,34
107900009,179,3,176
107900010,169,3,166
107900012,659,71,588
107900013,463,12,451
107900014,549,8,541
107900015,4743,51,4692
107900016,181,69,112
107900017,110,4,106
107900018,111,673,-562
107900019,6,9,-3
107900020,34,49,-15
107900021,470,13,457
107900023,19,9,10
107900024,0,2,-2
107900025,259,88,171
107900026,166,19,147
107900027,41,97,-56
107900028,573,9,564
107900030,367,41,326
107900031,353,75,278
107900032,157,1,156
107900033,55,18,37
107900034,534,17,517
107900035,3268,265,3003
107900036,45,53,-8
107900037,1,14,-13
107900038,56,528,-472
107900039,128,27,101
107900040,7,362,-355
107900041,0,2,-2
107900043,268,89,179
107900044,10,27,-17
107900045,209,41,168
107900046,503,712,-209
107900047,120,14,106
107900048,724,27,697
107900049,376,2086,-1710
107900050,47,117,-70
107900051,134,39,95
107900052,10,159,-149
107900053,205,53,152
107900055,777,202,575
107900056,162,328,-166
107900057,2,0,2
107900058,28,246,-218
107900060,11,117,-106
107900061,5,17,-12
107900063,76,57,19
107900064,200,1509,-1309
107900065,1159,27,1132
107900066,56,20,36
107900067,8,1,7
107900068,196,946,-750
107900069,14,6128,-6114
107900070,284,260,24
107900071,62,198,-136
107900072,277,35,242
107900073,191,680,-489
107900074,172,663,-491
107900076,272,21,251
107900077,232,2,230
107900078,188,60,128
107900079,8,47,-39
107900080,98,583,-485
107900081,17,47,-30
107900082,0,13,-13
107900083,696,183,513
107900084,406,216,190
107900086,17,775,-758
107900087,575,29,546
107900088,147,3,144
107900089,172,675,-503
107900090,1381,3578,-2197
107900091,98,112,-14
107900092,881,107,774
107900093,51,49,2
107900094,0,0,0
107900095,2069,1489,580
107900097,73,84,-11
107900098,249,352,-103
107900100,292,2451,-2159
107900101,402,23,379
107900102,39,0,39
107900103,56,119,-63
107900104,798,3,795
107900105,4,91,-87
107900106,1,225,-224
107900107,1335,386,949
107900108,146,23,123
107900109,4031,118,3913
107900110,113,10,103
107900111,0,156,-156
107900112,97,886,-789
107900113,454,16,438
107900114,578,61,517
107900115,0,17,-17
107900116,419,52,367
107900117,258,182,76
107900118,49,203,-154
107900119,316,530,-214
107900120,54,9,45
107900121,3,183,-180
107900122,0,63,-63
107900123,26,352,-326
107900124,7,25,-18
107900125,4,80,-76
107900126,51,207,-156
107900127,1227,260,967
107900128,127,44,83
107900129,258,5,253
107900130,365,11,354
107900131,86,77,9
107900132,26,628,-602
107900133,0,18,-18
107900134,20,35,-15
107900135,1,24,-23
107900136,15,39,-24
107900137,121,59,62
107900138,244,8,236
107900139,252,36,216
107900140,64,34,30
107900141,49,16,33
107900142,26,860,-834
107900143,33,30,3
107900144,0,19,-19
107900145,3,40,-37
107900146,75,74,1
107900147,55,19,36
107900148,182,88,94
107900149,680,14,666
107900150,14,166,-152
107900151,64,14,50
107900152,20,81,-61
107900153,322,232,90
107900154,80,44,36
107900155,302,29,273
107900156,7,42,-35
107900157,11,34,-23
107900158,3263,208,3055
107900159,41,352,-311
107900160,274,38,236
107900161,170,24,146
107900162,3,121,-118
107900163,19,33,-14
107900164,71,31,40
107900165,10,502,-492
107900166,60,36,24
107900167,32,107,-75
107900168,160,35,125
107900169,0,3500,-3500
107900171,27,298,-271
107900172,4,153,-149
107900173,110,36,74
107900174,300,0,300
107900175,11,183,-172
107900176,150,33,117
107900177,3,312,-309
107900178,0,199,-199
107900179,88,69,19
107900180,109,2051,-1942
107900181,181,233,-52
107900182,8,237,-229
107900183,128,38,90
107900184,358,1311,-953
107900185,300,2,298
107900186,35,15,20
107900187,0,107,-107
107900188,1339,91,1248
107900189,135,340,-205
107900190,19,148,-129
107900191,82,48,34
107900193,5,106,-101
107900194,272,6,266
107900195,2876,183,2693
107900196,112,39,73
107900197,128,102,26
107900199,1,370,-369
107900201,93,35,58
107900203,48,7,41
107900204,106,134,-28
107900205,369,151,218
107900206,211,793,-582
107900207,0,138,-138
107900208,0,154,-154
107900209,392,181,211
107900210,99,30,69
107900213,474,167,307
107900214,15,88,-73
107900215,130,333,-203
107900216,6,16,-10
107900217,68,67,1
107900218,15,1680,-1665
107900219,298,10,288
107900220,180,119,61
107900221,50,125,-75
107900223,616,97,519
107900224,140,440,-300
107900225,7,311,-304
107900226,4,27,-23
107900227,102,167,-65
107900228,121,70,51
107900229,1,23,-22
107900230,127,24,103
107900231,41,50,-9
107900232,554,16,538
107900233,5,29,-24
107900234,659,47,612
107900235,14,51,-37
107900236,962,81,881
107900237,35,178,-143
107900238,224,16,208
107900239,264,904,-640
107900240,211,29,182
107900241,2,23,-21
107900242,41,83,-42
107900243,1,25,-24
107900244,439,7,432
107900245,1819,54,1765
107900246,457,180,277
107900248,911,112,799
107900249,2001,261,1740
107900250,0,188,-188
107900251,26,286,-260
107900252,1156,76,1080
107900253,375,29,346
107900254,75,344,-269
107900255,287,27,260
107900256,1123,3148,-2025
107900257,779,277,502
107900258,180,63,117
107900259,28,6887,-6859
107900261,6,119,-113
107900262,357,26,331
107900264,1191,48,1143
107900265,157,1014,-857
107900267,748,7,741
107900268,10,0,10
107900269,0,0,0
107900270,0,0,0
107900271,0,69,-69
107900272,11,60,-49
107900273,31,23,8
107900274,220,0,220
107900275,102,0,102
107900276,2,11,-9
107900277,0,17,-17
107900278,717,63,654
107900279,7,30,-23
107900280,4976,1027,3949
107900281,1225,14496,-13271
107900282,12,1520,-1508
107900283,412,1275,-863
107900284,1513,470,1043
107900285,385,54,331
107900286,24,23,1
107900287,1197,188,1009
107900290,4,1455,-1451
107900291,912,24,888
107900292,165,58,107
107900293,108,143,-35
107900295,224,30,194
107900297,4,397,-393
107900298,631,455,176
107900299,1650,5565,-3915
107900300,55,689,-634
107900301,1474,1255,219
107900302,126,24,102
107900303,851,326,525
107900304,1572,91,1481
107900305,806,3,803
107900306,1,39,-38
107900307,1,140,-139
107900308,215,142,73
107900309,18,1,17
107900310,28,0,28
107900311,227,413,-186
107900312,17,2,15
107900313,0,131,-131
107900314,1,174,-173
107900315,1,76,-75
107900316,45,1,44
107900317,153,3,150
107900318,8,229,-221
107900319,3,24,-21
107900320,0,53,-53
107900321,412,3,409
107900322,5,44,-39
107900323,0,116,-116
107900324,173,1,172
107900325,387,0,387
107900326,1735,103,1632
107900327,6,87,-81
107900328,23,0,23
107900329,4,166,-162
107900330,27,70,-43
107900331,1069,61,1008
107900332,1026,18,1008
107900333,169,12,157
107900334,6,27,-21
107900335,16,125,-109
107900336,30,64,-34
107900337,546,2002,-1456
107900338,1,37,-36
107900339,2,11,-9
107900340,1,176,-175
107900341,66,0,66
107900342,224,53,171
107900343,97,2,95
107900344,0,99,-99
107900345,251,30,221
107900346,35,5,30
107900347,25,2,23
107900348,3,1,2
107900349,46,5,41
107900350,6,80,-74
108000001,6628,3612,3016
108000002,1197,1045,152
108000003,3605,2205,1400
108000004,8157,8510,-353
108000005,10528,4983,5545
108000006,2888,2244,644
108000007,8005,3809,4196
108000008,2772,3263,-491
108000009,8700,5649,3051
108000010,2182,2782,-600
108000011,17701,13357,4344
108000012,6962,8740,-1778
108000014,597,1656,-1059
108000015,1320,241,1079
108000016,395,395,0
108000017,2081,202,1879
108000018,2717,618,2099
108000019,1193,567,626
108000020,1826,353,1473
108000021,305,985,-680
108000022,711,497,214
108000023,2846,425,2421
108000024,706,168,538
108000025,952,110,842
108000026,1807,176,1631
108000027,1695,129,1566
108000028,1274,103,1171
108000029,1398,264,1134
108000030,869,123,746
108000031,298,447,-149
108000032,5005,635,4370
108000033,658,353,305
108000034,2982,713,2269
108000035,555,777,-222
108000036,712,425,287
108000037,4868,340,4528
108000038,7078,303,6775
108000039,607,699,-92
108000040,4538,1237,3301
108000041,434,1095,-661
108000042,1019,95,924
108000043,268,146,122
108000044,1212,109,1103
108000045,176,186,-10
108000046,4066,216,3850
108000047,316,327,-11
108000048,131,465,-334
108000049,1305,241,1064
108000050,99,300,-201
108000051,537,345,192
108000052,300,198,102
108000053,631,374,257
108000054,454,480,-26
108000055,1675,408,1267
108000056,558,703,-145
108000057,978,1491,-513
108000058,2484,7424,-4940
108000059,1641,847,794
108000060,277,383,-106
108000061,86,145,-59
108000062,2380,551,1829
108000063,648,312,336
108000064,405,206,199
108000065,1063,417,646
108000066,2980,1283,1697
108000067,4564,1230,3334
108000068,1833,399,1434
108000069,139,458,-319
108000070,4205,521,3684
108000071,546,585,-39
108000072,2287,605,1682
108000073,685,562,123
108000074,1349,349,1000
108000075,337,180,157
108000076,1644,348,1296
108000077,540,346,194
108000078,4786,1125,3661
108000079,579,391,188
108000080,4193,1163,3030
108000081,688,1207,-519
108000082,529,460,69
108000083,3924,810,3114
108000084,479,882,-403
108000085,2242,791,1451
108000086,505,387,118
108000087,245,4659,-4414
108000088,576,3,573
108000089,485,461,24
108000090,1734,72,1662
108000091,180,374,-194
108000092,1025,199,826
108000093,487,343,144
108000094,2692,210,2482
108000095,357,218,139
108000096,1728,268,1460
108000097,362,502,-140
108000098,5076,1205,3871
108000099,429,61,368
108000100,99,285,-186
108000101,2171,1613,558
108000102,1393,3341,-1948
108000106,1752,0,1752
108000107,1,422,-421
108000108,1504,147,1357
108000109,4,294,-290
108000110,1059,270,789
108000111,369,557,-188
108000112,71,164,-93
108000113,501,149,352
108000115,507,179,328
108000117,451,266,185
108000118,9,387,-378
108000119,816,198,618
108000120,388,1476,-1088
108000121,494,312,182
108000122,2092,354,1738
108000123,2564,1223,1341
108000124,590,1291,-701
108000125,1460,270,1190
108000126,619,660,-41
108000127,1529,1780,-251
108000128,1653,196,1457
108000129,553,1249,-696
108000130,1419,571,848
108000131,1168,156,1012
108000132,525,332,193
108000133,2309,193,2116
108000134,792,211,581
108000135,2599,1260,1339
108000136,969,473,496
108000137,1119,151,968
108000138,1063,384,679
108000139,1271,272,999
108000140,1439,11,1428
108000141,55,18,37
108000142,65,34,31
108000143,60,3,57
108000144,291,5,286
108000145,99,7,92
108000146,356,4,352
108000147,65,15,50
108000148,344,26,318
108000149,9,6,3
108000150,125,15,110
108000151,9,2,7
108000152,82,96,-14
108000153,2134,169,1965
108000154,36,4,32
108000155,109,36,73
108000156,373,109,264
108000157,205,3711,-3506
108000158,49,1541,-1492
108000159,111,183,-72
108000160,1934,2296,-362
108000161,1913,7560,-5647
108000165,6,897,-891
108000172,2,385,-383
108000173,506,3420,-2914
108000175,732,297,435
108000178,291,140,151
108000179,95,833,-738
108000181,101,8,93
108000182,126,5,121
108000183,2,4,-2
108000184,382,5936,-5554
108000185,887,98,789
108000186,775,85,690
108000187,350,261,89
108000188,2229,482,1747
108000189,337,3171,-2834
108000190,29,52,-23
108000192,481,123,358
108000193,412,36,376
108000194,19,10,9
108000195,1,852,-851
108000196,208,2302,-2094
108000198,1134,78,1056
108000199,2,349,-347
108000200,1891,226,1665
108000202,1,413,-412
108000203,925,310,615
108000204,481,116,365
108000205,119,391,-272
108000339,578,320,258
108000364,76,169,-93
108000365,110,493,-383
108000367,122,108,14
108000368,64,81,-17
108000369,572,85,487
108000371,2,351,-349
108000372,1460,1,1459
108000373,364,57,307
108000376,410,22,388
108000377,1786,107,1679
108000378,11842,18801,-6959
108000379,83,268,-185
108000381,463,14,449
108000382,131,0,131
108000383,1,227,-226
108900001,8,245,-237
108900002,183,34,149
108900003,249,276,-27
108900004,21,636,-615
108900005,47,386,-339
108900006,1384,189,1195
108900007,588,137,451
108900008,314,54,260
108900009,333,215,118
108900010,872,104,768
108900011,1453,133,1320
108900012,817,176,641
108900013,291,255,36
108900014,35,123,-88
108900015,0,120,-120
108900016,0,103,-103
108900017,158,511,-353
108900018,196,251,-55
108900019,48,135,-87
108900020,121,50,71
108900021,153,56,97
108900022,142,3,139
108900023,10,37,-27
108900024,74,29,45
108900025,788,24,764
108900026,42,69,-27
108900027,1,28,-27
108900028,260,47,213
108900029,244,218,26
108900030,1,11,-10
108900031,320,67,253
108900032,2,107,-105
108900033,0,28,-28
108900034,0,36,-36
108900035,453,319,134
108900036,211,182,29
108900037,76,124,-48
108900038,1,71,-70
108900039,0,65,-65
108900040,8,54,-46
108900041,3296,4299,-1003
108900042,0,333,-333
108900043,41,428,-387
108900044,0,113,-113
108900045,107,85,22
108900046,3,97,-94
108900047,0,161,-161
108900048,108,204,-96
108900049,721,4882,-4161
108900050,2,60,-58
108900051,0,48,-48
108900052,25,63,-38
108900053,161,858,-697
108900054,98,76,22
108900055,27,502,-475
108900056,0,71,-71
108900057,2,42,-40
108900058,36,68,-32
108900059,2291,69,2222
108900060,113,98,15
108900061,61,18,43
108900062,15,99,-84
108900063,21,78,-57
108900064,876,28,848
108900065,34,59,-25
108900066,855,40,815
108900067,7,91,-84
108900068,1,56,-55
108900069,231,28,203
108900070,89,28,61
108900071,372,26,346
108900072,1606,147,1459
108900073,12,75,-63
108900074,773,42,731
108900075,42,25,17
108900076,978,21,957
108900077,112,163,-51
108900078,171,22,149
108900079,551,73,478
108900080,4,1531,-1527
108900081,31,144,-113
108900082,197,33,164
108900083,12,380,-368
108900084,203,83,120
108900085,850,93,757
108900086,493,82,411
108900087,119,94,25
108900088,686,931,-245
108900089,22,115,-93
108900090,94,95,-1
108900091,178,33,145
108900092,781,520,261
108900093,185,70,115
108900094,740,115,625
108900095,24,130,-106
108900096,235,11,224
108900097,382,74,308
108900098,991,2545,-1554
108900099,879,83,796
108900100,72,46,26
108900101,410,1001,-591
108900102,11,2200,-2189
108900103,340,213,127
108900104,56,227,-171
108900105,15,4656,-4641
108900106,1087,64,1023
108900108,442,34,408
108900109,762,64,698
108900110,295,147,148
108900111,967,108,859
108900112,675,9,666
108900113,110,64,46
108900114,188,14,174
108900115,282,233,49
108900116,134,12,122
108900117,755,13,742
108900118,1946,19,1927
108900119,1022,27,995
108900120,426,250,176
108900121,367,97,270
108900122,616,19,597
108900123,621,77,544
108900124,1907,129,1778
108900125,1835,2,1833
108900126,247,134,113
108900127,607,38,569
108900128,477,50,427
108900129,2957,125,2832
108900130,1889,4,1885
108900131,1218,11,1207
108900132,1119,72,1047
108900133,672,19,653
108900134,1406,161,1245
108900135,877,26,851
108900136,39,2,37
108900137,615,2,613
108900138,1941,61,1880
108900139,1602,50,1552
108900140,1779,39,1740
108900141,1111,16,1095
108900142,95,28,67
108900143,252,1,251
108900144,304,0,304
108900145,615,19,596
108900146,188,6,182
108900147,863,0,863
108900148,81,8,73
108900149,423,101,322
108900150,461,14,447
108900151,51,8,43
108900152,301,21,280
108900153,281,52,229
108900154,11696,388,11308
108900155,986,56,930
108900156,346,4,342
108900157,25,145,-120
108900158,1418,197,1221
108900159,355,155,200
108900160,55,175,-120
108900161,348,888,-540
108900162,567,20,547
108900163,4,513,-509
108900164,44,29,15
108900165,99,48,51
108900167,710,22396,-21686
108900168,4203,2110,2093
108900169,36,74,-38
108900171,3120,5601,-2481
108900172,218,104,114
108900173,110,175,-65
108900174,1658,462,1196
108900176,135,153,-18
108900177,2509,15580,-13071
108900178,1632,8875,-7243
108900179,311,2418,-2107
108900180,186,266,-80
108900182,116,635,-519
108900183,205,112,93
108900184,466,268,198
108900185,68,193,-125
108900186,138,273,-135
108900187,1676,40,1636
108900188,1826,42,1784
108900189,602,199,403
108900190,26,1060,-1034
108900191,141,378,-237
108900192,76,144,-68
108900193,53,23,30
108900194,6,122,-116
108900195,180,83,97
108900196,13,92,-79
108900198,59,212,-153
108900199,371,238,133
108900200,1269,561,708
108900201,494,647,-153
108900203,774,175,599
108900204,721,5,716
108900205,438,22,416
108900206,1083,198,885
108900207,477,616,-139
108900208,22,206,-184
108900209,123,365,-242
108900210,90,154,-64
108900211,216,893,-677
108900212,144,2822,-2678
108900215,98,154,-56
108900216,302,635,-333
108900217,118,1,117
108900218,42,27,15
108900219,16,4,12
108900220,53,10,43
108900221,38,100,-62
108900222,376,9,367
108900223,3,128,-125
108900224,20,118,-98
108900225,1,154,-153
108900226,1158,72,1086
108900227,269,308,-39
108900230,51,105,-54
108900231,13,113,-100
108900232,3,113,-110
108900233,628,230,398
108900234,535,331,204
108900235,167,243,-76
108900236,59,224,-165
108900237,18,44,-26
108900240,276,59,217
108900241,133,31,102
108900245,8,3881,-3873
108900249,178,11,167
108900250,480,54,426
108900257,654,121,533
108900258,8,42,-34
108900259,4,12,-8
108900260,13,8,5
108900261,15,57,-42
108900262,100,166,-66
108900263,18,148,-130
108900264,126,208,-82
108900265,690,549,141
108900266,135,3452,-3317
108900267,0,689,-689
108900268,18,45,-27
108900269,352,44,308
108900270,374,16,358
108900271,144,10,134
108900272,1012,14,998
108900273,272,859,-587
108900274,102,24,78
109000001,5935,6478,-543
109000002,800,4771,-3971
109000003,6093,559,5534
109000004,1031,2687,-1656
109000005,2816,583,2233
109000006,1279,1085,194
109000007,3885,530,3355
109000008,1569,912,657
109000009,5890,949,4941
109000010,1501,1737,-236
109000011,9774,2260,7514
109000012,2011,1780,231
109000013,8739,7984,755
109000014,1787,1019,768
109000015,5249,21071,-15822
109000016,2933,1381,1552
109000017,5753,1124,4629
109000018,1561,1461,100
109000019,4644,1511,3133
109000020,2086,1197,889
109000023,268,11,257
109000024,2,322,-320
109000025,186,885,-699
109000026,567,238,329
109000027,124,562,-438
109000028,184,23,161
109000029,62,569,-507
109000030,321,375,-54
109000031,840,85,755
109000032,187,350,-163
109000033,1107,163,944
109000034,43,39,4
109000035,63,16,47
109000036,56,378,-322
109000037,490,5885,-5395
109000038,217,129,88
109000039,1607,1047,560
109000040,2855,26628,-23773
109000041,880,5187,-4307
109000042,1054,2973,-1919
109000044,900,25,875
109000045,225,151,74
109000046,950,24,926
109000047,123,206,-83
109000048,541,182,359
109000049,327,353,-26
109000050,547,288,259
109000051,509,160,349
109000052,640,391,249
109000053,855,196,659
109000054,100,916,-816
109000055,1150,2953,-1803
109000056,343,457,-114
109000057,2476,608,1868
109000058,244,83,161
109000059,144,1220,-1076
109000060,180,723,-543
109000061,531,3458,-2927
109000062,270,530,-260
109000063,359,176,183
109000064,1166,84,1082
109000065,674,207,467
109000066,1170,78,1092
109000067,270,223,47
109000068,767,18,749
109000069,870,31,839
109000070,13,2714,-2701
109000071,735,59,676
109000072,96,234,-138
109000073,120,66,54
109000074,23,161,-138
109000075,128,180,-52
109000076,182,433,-251
109000077,354,114,240
109000078,289,137,152
109000079,231,74,157
109000080,562,71,491
109000081,383,266,117
109000082,2242,86,2156
109000083,752,274,478
109000088,256,117,139
109000089,589,220,369
109000090,114,103,11
109000091,889,186,703
109000092,171,80,91
109000093,657,61,596
109000094,2247,14,2233
109000095,623,188,435
109000096,2291,107,2184
109000097,97,47,50
109000098,104,158,-54
109000099,1708,112,1596
109000100,682,298,384
109000101,3835,282,3553
109000102,1025,304,721
109000103,1507,308,1199
109000104,6385,150,6235
109000105,899,432,467
109000106,4008,398,3610
109000107,826,620,206
109000108,5229,477,4752
109000109,599,550,49
109000110,2477,495,1982
109000111,755,913,-158
109000112,698,105,593
109000113,988,509,479
109000114,121,510,-389
109000115,961,12,949
109000116,3,406,-403
109000117,544,30,514
109000118,31,239,-208
109000119,4280,80,4200
109000120,959,223,736
109000121,1594,26,1568
109000122,606,236,370
109000123,28,23,5
109000124,2151,292,1859
109000125,1736,383,1353
109000126,913,738,175
109000127,2692,98,2594
109000128,953,397,556
109000129,6597,365,6232
109000130,548,344,204
109000131,1440,829,611
109000132,534,572,-38
109000133,262,344,-82
109000134,649,558,91
109000135,427,735,-308
109000136,389,190,199
109000137,459,210,249
109000138,510,149,361
109000139,1398,270,1128
109000140,232,321,-89
109000141,1119,961,158
109000142,201,295,-94
109000143,238,236,2
109000145,116,181,-65
109000146,15,37,-22
109000148,1781,3832,-2051
109000149,19,118,-99
109000150,17,180,-163
109000155,1668,1338,330
109000156,1018,315,703
109000158,39,281,-242
109000159,188,316,-128
109000160,3426,154,3272
109000161,1661,675,986
109000162,4147,240,3907
109000163,3016,649,2367
109000164,3116,1350,1766
109000165,2799,380,2419
109000166,2476,73,2403
109000167,241,239,2
109000170,50,24,26
109000171,247,26,221
109000172,16,57,-41
109000173,24,291,-267
109000174,581,44,537
109000175,36,44,-8
109000176,888,115,773
109000177,40,96,-56
109000178,2530,149,2381
109000179,3699,11038,-7339
109000180,3746,5534,-1788
109000181,59,12,47
109000182,78,15,63
109000183,124,10,114
109000184,184,13,171
109000185,19,7,12
109000188,972,3682,-2710
109000189,6109,4544,1565
109000190,1348,416,932
109000191,437,1400,-963
109000192,1422,71,1351
109000193,753,59,694
109000194,698,34,664
109000195,606,50,556
109000196,431,12,419
109000197,738,173,565
109000198,516,58,458
109000199,607,162,445
109000206,321,6,315
109000207,487,8,479
109000208,176,167,9
109000209,296,66,230
109000210,405,270,135
109000211,3298,318,2980
109000214,799,96,703
109000215,165,30,135
109000216,525,581,-56
109000217,195,268,-73
109000218,372,384,-12
109000221,235,286,-51
109000222,1014,134,880
109000223,1504,618,886
109000224,271,37,234
109000225,461,5,456
109000226,254,125,129
109000227,4310,307,4003
109000228,2,515,-513
109000231,4,114,-110
109000232,2161,119,2042
109000236,387,388,-1
109000241,2580,430,2150
109000242,2146,379,1767
109000293,178,181,-3
109000361,252,100,152
109000364,145,767,-622
109000396,4,189,-185
109000397,1415,29,1386
109000399,230,195,35
109000400,142,187,-45
109000403,19,2131,-2112
109000406,1983,6,1977
109000407,231,92,139
109000408,1,248,-247
109000410,1643,162,1481
109000411,824,17,807
109900001,248,1,247
109900002,1710,9,1701
109900003,1375,2,1373
109900004,255,83,172
109900005,61,16,45
109900006,1827,90,1737
109900007,3196,175,3021
109900008,0,2,-2
109900009,325,252,73
109900010,1505,129,1376
109900011,30,10,20
109900012,783,241,542
109900013,862,161,701
109900014,331,95,236
109900015,239,46,193
109900016,99,20,79
109900017,357,105,252
109900018,323,26,297
109900019,303,41,262
109900020,97,18,79
109900021,134,2,132
109900022,142,176,-34
109900023,57,0,57
109900024,28,1,27
109900025,11,167,-156
109900026,5,68,-63
109900027,56,49,7
109900028,490,5082,-4592
109900029,4,108,-104
109900030,110,2,108
109900031,4,1349,-1345
109900032,35,117,-82
109900033,2,267,-265
109900034,21,0,21
109900035,336,230,106
109900036,111,881,-770
109900037,9,170,-161
109900038,101,129,-28
109900039,8,1,7
109900040,14,141,-127
109900041,133,390,-257
109900042,44,2412,-2368
109900044,151,829,-678
109900045,106,27,79
109900046,105,82,23
109900047,246,315,-69
109900048,2,40,-38
109900049,69,29,40
109900050,1,6,-5
109900051,0,10,-10
109900052,81,798,-717
109900053,1,43,-42
109900054,2448,101,2347
109900055,342,189,153
109900056,377,563,-186
109900057,1,88,-87
109900058,0,19,-19
109900059,2862,61,2801
109900060,1978,66,1912
109900061,191,58,133
109900062,0,74,-74
109900063,9,639,-630
109900064,1368,46,1322
109900065,59,52,7
109900066,863,279,584
109900067,2,100,-98
109900068,202,11,191
109900069,0,26,-26
109900070,28,41,-13
109900071,2,4,-2
109900072,9,22,-13
109900073,1264,145,1119
109900074,3,12,-9
109900075,83,200,-117
109900076,41,58,-17
109900077,22,21,1
109900078,240,32,208
109900080,169,111,58
109900081,4,208,-204
109900082,95,100,-5
109900083,15,15,0
109900084,84,169,-85
109900085,47,138,-91
109900086,143,1815,-1672
109900087,43,261,-218
109900089,1324,137,1187
109900090,168,375,-207
109900091,1083,569,514
109900092,481,424,57
109900093,2259,127,2132
109900094,133,49,84
109900095,55,75,-20
109900096,204,1,203
109900097,316,1,315
109900098,1496,97,1399
109900099,971,2,969
109900100,158,2,156
109900101,2116,12,2104
109900102,1352,29,1323
109900103,59,108,-49
109900104,2356,71,2285
109900105,1091,20,1071
109900106,708,20,688
109900107,1826,37,1789
109900108,274,191,83
109900109,52,97,-45
109900110,83,115,-32
109900111,85,241,-156
109900112,130,140,-10
109900113,1335,443,892
109900114,378,1442,-1064
109900115,352,155,197
109900117,3282,70,3212
109900118,262,105,157
109900119,161,257,-96
109900120,130,9,121
109900121,359,93,266
109900122,2267,6,2261
109900123,25,27,-2
109900124,71,82,-11
109900125,0,86,-86
109900126,1041,5,1036
109900128,823,79,744
109900130,3262,6245,-2983
109900131,4,38,-34
109900132,26,45,-19
109900133,136,120,16
109900134,100,154,-54
109900135,495,21,474
109900136,161,78,83
109900137,500,109,391
109900140,143,81,62
109900142,4958,469,4489
109900145,7,965,-958
109900146,229,54,175
109900148,1,27,-26
109900149,16,26,-10
109900150,0,35,-35
109900151,6,6,0
109900152,0,5,-5
109900153,0,28,-28
109900154,3,0,3
109900155,56,41,15
109900157,194,65,129
109900158,90,43,47
109900159,118,18,100
109900160,249,20,229
109900161,710,36,674
109900162,462,61,401
109900163,325,116,209
109900164,37,165,-128
109900165,378,10,368
109900166,10,653,-643
109900167,211,240,-29
109900168,162,310,-148
109900169,466,120,346
109900170,562,3087,-2525
109900171,907,159,748
109900172,830,743,87
109900173,2756,4670,-1914
109900174,102,73,29
109900175,279,775,-496
109900176,267,92,175
109900177,59,67,-8
109900178,1,327,-326
109900179,4,36,-32
109900180,8,20,-12
110000001,1120,237,883
110000002,750,583,167
110000003,742,751,-9
110000004,345,467,-122
110000005,274,3211,-2937
110000006,571,312,259
110000007,199,36,163
110000008,20,599,-579
110000009,210,7,203
110000010,66,195,-129
110000011,142,23,119
110000012,1048,140,908
110000013,90,979,-889
110000014,859,460,399
110000015,174,866,-692
110000016,436,1994,-1558
110000017,2913,270,2643
110000018,3568,617,2951
110000019,11,45,-34
110000020,952,546,406
110000021,176,243,-67
110000022,2693,123,2570
110000023,4,79,-75
110000024,1134,234,900
110000025,2787,11,2776
110000026,3,152,-149
110000027,740,1283,-543
110000028,1857,188,1669
110000029,1136,261,875
110000030,616,559,57
110000031,878,257,621
110000032,1948,84,1864
110000033,472,137,335
110000034,1561,379,1182
110000035,1783,349,1434
110000036,2708,484,2224
110000037,1098,224,874
110000038,575,1395,-820
110000039,1617,12527,-10910
110000040,613,350,263
110000041,377,4126,-3749
110000042,103,580,-477
110000043,931,566,365
110000044,33,596,-563
110000045,142,124,18
110000046,5,137,-132
110000047,7,87,-80
110000048,2,130,-128
110000049,7,20,-13
110000050,3,121,-118
110000051,10,35,-25
110000052,78,51,27
110000053,11,21,-10
110000054,136,2288,-2152
110000055,239,496,-257
110000056,110,357,-247
110000057,751,220,531
110000058,3527,452,3075
110000059,1436,654,782
110000060,1806,746,1060
110000061,772,512,260
110000062,736,615,121
110000063,101,435,-334
110000064,387,8,379
110000065,252,310,-58
110000066,177,14,163
110000067,126,93,33
110000068,1015,86,929
110000069,1426,22,1404
110000071,1742,19,1723
110000073,58,0,58
110000075,46,186,-140
110000076,797,1007,-210
110000077,326,2655,-2329
110000078,250,10,240
110000080,184,400,-216
110000081,64,653,-589
110000082,133,820,-687
110000083,375,278,97
110000084,2659,2337,322
110000085,827,2165,-1338
110000086,879,3095,-2216
110000087,44,63,-19
110000088,271,481,-210
110000089,930,52,878
110000090,178,1485,-1307
110000091,857,285,572
110000092,38,31,7
110000093,111,24,87
110000094,732,136,596
110000095,158,792,-634
110000096,1280,3829,-2549
110000097,1158,2354,-1196
110000098,3222,706,2516
110000099,1933,1699,234
110000100,4094,104,3990
110000101,588,115,473
110000102,197,94,103
110000104,689,394,295
110000105,106,1042,-936
110000106,1077,737,340
110000107,172,320,-148
110000108,234,256,-22
110000109,494,170,324
110000110,1832,4254,-2422
110000111,4101,3756,345
110000112,151,1578,-1427
110000113,79,4543,-4464
110000114,1276,1257,19
110000115,1628,180,1448
110000116,135,182,-47
110000117,1419,213,1206
110000118,1646,121,1525
110000119,1413,145,1268
110000120,909,147,762
110000121,153,795,-642
110000122,568,152,416
110000123,842,297,545
110000124,2,652,-650
110000125,1854,3,1851
110000126,506,59,447
110000127,1951,123,1828
110000128,31,490,-459
110000129,1,164,-163
110000130,574,388,186
110000131,87,76,11
110000132,0,228,-228
110000133,41,629,-588
110000134,64,446,-382
110000135,355,6,349
110000136,120,96,24
110000137,1740,133,1607
110000138,1944,237,1707
110000139,2721,456,2265
110000140,1202,1169,33
110000143,1262,677,585
110000144,2161,1804,357
110000145,2223,1417,806
110000146,1512,787,725
110000147,402,1110,-708
110000148,1235,315,920
110000151,676,1746,-1070
110000152,530,729,-199
110000153,1218,46,1172
110000154,132,85,47
110000155,868,1765,-897
110000156,1339,995,344
110000157,1545,2399,-854
110000160,709,225,484
110000161,373,393,-20
110000166,2128,45,2083
110000167,3572,1091,2481
110000168,1023,1605,-582
110000169,1060,877,183
110000170,364,262,102
110000171,970,164,806
110000172,606,451,155
110000173,502,480,22
110000174,246,191,55
110000175,2696,296,2400
110000176,86,2380,-2294
110000177,360,3279,-2919
110000178,546,5587,-5041
110000179,1977,484,1493
110000180,1370,386,984
110000181,2293,282,2011
110000182,1247,114,1133
110000183,6716,12859,-6143
110000184,410,5274,-4864
110000185,564,834,-270
110000186,610,1795,-1185
110000191,2611,181,2430
110000192,1891,31,1860
110000193,2286,19,2267
110000194,3,1769,-1766
110000195,1220,69,1151
110000196,1547,110,1437
110000197,285,43,242
110000198,109,61,48
110000199,169,524,-355
110000200,939,2890,-1951
110000201,1834,4486,-2652
110000202,1696,531,1165
110000203,448,768,-320
110000204,4,104,-100
110000205,707,81,626
110000206,358,425,-67
110000207,3074,212,2862
110000208,290,452,-162
110000209,49,278,-229
110000210,2254,787,1467
110000211,1143,759,384
110000212,1075,2098,-1023
110000213,977,30,947
110000214,965,47,918
110000215,365,85,280
110000216,285,87,198
110000217,1292,51,1241
110000218,483,92,391
110000219,773,38,735
110000220,93,53,40
110000221,1058,20,1038
110000222,64,89,-25
110000223,34,73,-39
110000224,4,7,-3
110000225,323,818,-495
110000226,706,128,578
110000227,1202,1549,-347
110000228,685,161,524
110000229,1,91,-90
110000230,679,585,94
110000231,488,914,-426
110000232,257,501,-244
110000233,169,1721,-1552
110000234,554,757,-203
110000235,1445,993,452
110000236,1386,908,478
110000237,3989,1994,1995
110000238,1512,793,719
110000239,3383,1036,2347
110000240,0,23,-23
110000242,0,13,-13
110000243,497,135,362
110000244,142,701,-559
110000245,42,417,-375
110000246,2579,1033,1546
110000247,1869,3461,-1592
110000248,1505,1549,-44
110000249,386,5,381
110000250,6,322,-316
110000251,925,268,657
110000252,1087,274,813
110000253,3945,559,3386
110000254,1873,487,1386
110000255,330,453,-123
110000256,782,291,491
110000257,350,411,-61
110000258,10,587,-577
110000259,715,34,681
110000260,152,96,56
110000263,1151,22,1129
110000264,1529,364,1165
110000265,1901,1643,258
110000266,1412,1931,-519
110000267,54,47,7
110000268,452,137,315
110000269,1,81,-80
110000270,237,1,236
110000271,1949,219,1730
110000272,1850,1592,258
110000273,2500,1045,1455
110000274,736,6153,-5417
110000275,2292,1478,814
110000276,329,2059,-1730
110000277,866,1848,-982
110000278,978,1500,-522
110000279,1330,488,842
110000280,1314,675,639
110000281,168,94,74
110000282,190,30,160
110000283,17,96,-79
110000284,5,9,-4
110000285,0,196,-196
110000286,55,0,55
110000287,342,137,205
110000288,0,232,-232
110000289,542,4367,-3825
110000290,314,1523,-1209
110000291,4617,947,3670
110000292,1422,13570,-12148
110000293,1163,752,411
110000294,2337,4292,-1955
110000295,293,650,-357
110000296,1371,467,904
110000297,4725,207,4518
110000298,157,747,-590
110000299,208,67,141
110000301,684,29,655
110000302,1117,4585,-3468
110000303,1381,46,1335
110000304,465,843,-378
110000305,2553,83,2470
110000306,711,709,2
110000307,6504,25,6479
110000308,1545,2,1543
110000309,2,1149,-1147
110000310,1841,66,1775
110000311,1,350,-349
110000312,1175,68,1107
110000313,3747,1869,1878
110000314,1,148,-147
110000315,2150,1446,704
110000316,517,1174,-657
110000317,399,1574,-1175
110000318,1,255,-254
110000319,17,50,-33
110000320,24,95,-71
110000321,89,163,-74
110000322,280,1038,-758
110000323,1672,285,1387
110000324,2976,1338,1638
110000325,2007,8207,-6200
110000327,1031,477,554
110000328,82,688,-606
110000333,2096,2681,-585
110000334,499,3041,-2542
110000335,1178,390,788
110000336,831,2393,-1562
110000337,3202,1225,1977
110000338,661,2455,-1794
110000339,956,298,658
110000340,78,385,-307
110000341,1187,361,826
110000342,177,22,155
110000343,0,4,-4
110000344,81,2433,-2352
110000345,176,2790,-2614
110000346,2018,2695,-677
110000347,1844,630,1214
110000348,144,26,118
110000349,36,1,35
110000350,268,1,267
110000351,2586,389,2197
110000352,1216,2857,-1641
110000353,3634,399,3235
110000354,2723,7541,-4818
110000355,439,65,374
110000356,893,24,869
110000357,1607,8,1599
110000361,365,8,357
110000362,460,26,434
110000363,1701,54,1647
110000364,781,259,522
110000365,159,0,159
110000366,1,498,-497
110000367,1169,248,921
110000368,38,90,-52
110000369,165,50,115
110000373,6,1569,-1563
110000374,191,87,104
110000375,347,1266,-919
110000376,43,109,-66
110000377,150,372,-222
110000378,44,540,-496
110000379,2653,3865,-1212
110000380,332,17,315
110000383,2,438,-436
110000384,1678,130,1548
110000385,0,82,-82
110000387,645,1,644
110000388,160,129,31
110000389,1844,23,1821
110000391,1674,1345,329
110000396,529,257,272
110000397,168,71,97
110000398,5,22,-17
110000399,527,2,525
110000587,327,642,-315
110000589,335,96,239
110000640,323,10,313
110000652,4,570,-566
110000653,880,203,677
110000654,4,293,-289
110000656,0,290,-290
110000674,135,6,129
110000675,24,23,1
110000676,0,49,-49
110000679,136,1249,-1113
110000682,254,310,-56
110000683,375,115,260
110000684,0,42,-42
110000685,3,27,-24
110000686,0,243,-243
110000687,10,7,3
110000688,75,1816,-1741
110000689,54,7,47
110000692,13,290,-277
110000693,12,369,-357
110000694,0,153,-153
110000695,182,1411,-1229
110000696,209,18,191
110900001,650,50,600
110900002,412,267,145
110900003,3692,176,3516
110900004,1300,39,1261
110900005,1892,10717,-8825
110900006,215,110,105
110900007,569,291,278
110900008,5,4,1
110900009,487,1512,-1025
110900010,15,11,4
110900011,17,41,-24
110900012,7,37,-30
110900013,2446,122,2324
110900014,557,70,487
110900015,266,743,-477
110900016,119,57,62
110900017,1127,39,1088
110900018,827,23,804
110900019,1108,27,1081
110900020,696,84,612
110900021,273,189,84
110900022,67,78,-11
110900023,84,225,-141
110900024,291,133,158
110900025,34,78,-44
110900027,255,62,193
110900028,38,52,-14
110900029,23,74,-51
110900030,47,86,-39
110900031,10,76,-66
110900032,0,38,-38
110900033,28,134,-106
110900035,45,594,-549
110900036,244,6,238
110900037,398,4,394
110900038,506,224,282
110900039,1,294,-293
110900040,632,12,620
110900041,11,29,-18
110900042,312,106,206
110900043,1,20,-19
110900044,421,58,363
110900045,353,175,178
110900046,29,95,-66
110900047,133,1145,-1012
110900049,234,70,164
110900050,103,3,100
110900051,98,33,65
110900052,1,950,-949
110900053,582,27,555
110900054,47,942,-895
110900055,40,1,39
110900056,113,52,61
110900057,11,165,-154
110900058,883,83,800
110900059,599,571,28
110900060,477,87,390
110900061,42,56,-14
110900062,463,89,374
110900063,49,84,-35
110900064,24,0,24
110900065,44,71,-27
110900066,16,87,-71
110900067,139,910,-771
110900068,1412,64,1348
110900069,8,7,1
110900071,132,2428,-2296
110900073,0,3,-3
110900074,1550,116,1434
110900075,1268,97,1171
110900077,3343,384,2959
110900078,468,24,444
110900079,821,1360,-539
110900080,497,95,402
110900081,58,5,53
110900082,619,22,597
110900083,293,25,268
110900084,397,14,383
110900085,55,63,-8
110900086,110,270,-160
110900087,873,509,364
110900088,12,1,11
110900090,104,197,-93
110900091,0,19,-19
110900093,300,74,226
110900095,120,11,109
110900097,66,2,64
110900098,65,26,39
110900099,44,109,-65
110900100,0,17,-17
110900102,117,91,26
110900105,1274,78,1196
110900108,59,36,23
110900111,2322,76,2246
110900112,930,6,924
110900113,847,187,660
110900115,1,21,-20
110900116,3384,852,2532
110900118,69,6915,-6846
110900119,1688,90,1598
110900120,484,82,402
110900121,137,2,135
110900122,693,170,523
110900125,390,1875,-1485
110900127,559,1930,-1371
110900128,18,170,-152
110900129,95,1127,-1032
110900130,163,294,-131
110900131,752,1672,-920
110900132,1203,71,1132
110900133,115,1511,-1396
110900135,110,118,-8
110900136,582,56,526
110900137,5,1,4
110900138,221,483,-262
110900139,0,80,-80
110900140,10,3,7
110900141,0,212,-212
110900142,74,87,-13
110900143,589,20,569
110900144,0,141,-141
110900145,579,284,295
110900146,153,911,-758
110900147,501,652,-151
110900148,0,689,-689
110900149,2,28,-26
110900150,62,22,40
110900151,1,68,-67
110900152,47,65,-18
110900153,328,43,285
111000001,2375,886,1489
111000002,635,584,51
111000003,4484,2039,2445
111000004,795,895,-100
111000005,1418,2437,-1019
111000006,910,2442,-1532
111000007,5509,8629,-3120
111000008,3436,6436,-3000
111000009,403,873,-470
111000010,3402,661,2741
111000011,111,897,-786
111000012,601,694,-93
111000013,695,1933,-1238
111000014,3651,1213,2438
111000017,35,814,-779
111000018,276,394,-118
111000020,523,1311,-788
111000021,62,124,-62
111000023,145,742,-597
111000025,3969,6605,-2636
111000029,153,155,-2
111000030,27,39,-12
111000031,2183,1116,1067
111000032,878,1484,-606
111000033,476,41,435
111000034,108,187,-79
111000037,1305,367,938
111000038,2518,1132,1386
111000039,2918,944,1974
111000040,2291,678,1613
111000041,814,544,270
111000042,2730,2543,187
111000043,2315,9828,-7513
111000044,2748,582,2166
111000045,5683,1197,4486
111000046,4527,1088,3439
111000047,4150,9512,-5362
111000049,887,204,683
111000050,1748,437,1311
111000051,1045,831,214
111000052,883,2741,-1858
111000053,357,379,-22
111000054,366,690,-324
111000055,733,2852,-2119
111000056,319,3327,-3008
111000057,244,147,97
111000058,1670,171,1499
111000059,1229,781,448
111000060,9523,1417,8106
111000061,1596,317,1279
111000062,1728,824,904
111000063,1584,1957,-373
111000064,1642,328,1314
111000065,2242,448,1794
111000066,1711,178,1533
111000067,2865,196,2669
111000068,1673,339,1334
111000069,1722,1809,-87
111000070,731,401,330
111000071,618,176,442
111000072,2644,1134,1510
111000073,188,2248,-2060
111000074,3466,2136,1330
111000075,1134,441,693
111000076,1440,981,459
111000077,1405,575,830
111000078,2479,457,2022
111000079,1314,580,734
111000080,1145,607,538
111000081,1741,10662,-8921
111000082,1511,336,1175
111000084,1279,289,990
111000085,2077,914,1163
111000086,2866,1136,1730
111000087,1149,412,737
111000088,5531,7718,-2187
111000089,1599,555,1044
111000090,836,696,140
111000091,1200,266,934
111000092,3900,794,3106
111000093,1712,3093,-1381
111000094,2797,1192,1605
111000095,1574,4234,-2660
111000096,1318,12177,-10859
111000097,2295,775,1520
111000098,352,577,-225
111000099,846,1012,-166
111000100,1111,950,161
111000101,525,512,13
111000102,642,315,327
111000104,2035,181,1854
111000107,176,372,-196
111000109,1625,274,1351
111000110,2513,703,1810
111000111,8025,211,7814
111000112,3861,403,3458
111000113,1161,4058,-2897
111000114,1893,9875,-7982
111000115,3364,1055,2309
111000116,985,613,372
111000117,330,1141,-811
111000118,933,1725,-792
111000119,2863,340,2523
111000120,1174,732,442
111000121,369,947,-578
111000122,720,530,190
111000123,2635,1118,1517
111000124,945,1449,-504
111000125,604,1679,-1075
111000126,150,473,-323
111000127,2620,169,2451
111000128,6179,368,5811
111000129,6962,302,6660
111000130,6299,393,5906
111000131,5937,412,5525
111000132,4065,3353,712
111000133,188,68,120
111000134,239,30,209
111000135,142,189,-47
111000136,645,204,441
111000138,155,0,155
111000140,0,0,0
111000141,162,390,-228
111000142,12,96,-84
111000143,13,253,-240
111000144,22,576,-554
111000145,81,2,79
111000146,285,14,271
111000147,108,25,83
111000148,233,94,139
111000149,2,30,-28
111000150,243,3,240
111000151,4,296,-292
111000153,573,257,316
111000154,369,73,296
111000155,337,78,259
111000156,987,216,771
111000157,490,434,56
111000158,1797,581,1216
111000159,2992,824,2168
111000160,1014,83,931
111000161,7,256,-249
111000162,1,41,-40
111000163,1860,901,959
111000164,411,3465,-3054
111000165,747,153,594
111000166,369,89,280
111000167,116,256,-140
111000168,238,182,56
111000169,674,132,542
111000170,440,264,176
111000171,926,209,717
111000172,543,349,194
111000173,386,334,52
111000174,901,106,795
111000175,54,980,-926
111000176,1638,30,1608
111000177,2619,98,2521
111000178,3394,131,3263
111000179,631,57,574
111000180,334,234,100
111000181,3675,262,3413
111000182,496,344,152
111000183,305,2221,-1916
111000184,534,87,447
111000185,520,716,-196
111000186,336,1866,-1530
111000187,385,145,240
111000188,603,536,67
111000189,242,208,34
111000190,565,96,469
111000191,457,138,319
111000192,274,215,59
111000193,394,144,250
111000194,115,320,-205
111000195,406,661,-255
111000196,239,63,176
111000197,1570,80,1490
111000198,975,61,914
111000199,834,480,354
111000200,1443,937,506
111000201,1764,60,1704
111000202,899,132,767
111000203,847,325,522
111000204,346,2892,-2546
111000213,513,245,268
111000214,1701,1175,526
111000215,1587,638,949
111000217,3011,461,2550
111000218,3548,965,2583
111000219,385,82,303
111000220,1171,707,464
111000221,196,145,51
111000224,0,199,-199
111000225,609,1125,-516
111000226,522,4,518
111000227,14,3,11
111000228,8,1116,-1108
111000229,27,2647,-2620
111000230,370,119,251
111000231,1800,305,1495
111000232,1499,2277,-778
111000233,3930,360,3570
111000234,342,649,-307
111000239,90,42,48
111000240,101,866,-765
111000241,110,157,-47
111000242,703,80,623
111000243,368,665,-297
111000244,2495,662,1833
111000245,1099,788,311
111000246,1248,108,1140
111000247,1151,471,680
111000248,1168,180,988
111000249,677,169,508
111000250,187,27,160
111000251,191,63,128
111000253,54,11,43
111000255,144,4,140
111000257,140,7,133
111000260,214,547,-333
111000261,3877,75,3802
111000271,161,315,-154
111000273,2626,827,1799
111000274,1688,3601,-1913
111000275,195,8,187
111000276,544,553,-9
111000277,460,168,292
111000278,557,152,405
111000291,1913,23828,-21915
111000298,854,170,684
111000299,1515,156,1359
111000300,130,351,-221
111000302,559,32,527
111000303,308,89,219
111000312,145,60,85
111000315,0,51,-51
111000320,458,247,211
111000321,699,251,448
111000322,1383,155,1228
111000323,608,104,504
111000324,243,80,163
111000325,81,46,35
111000326,403,269,134
111000327,540,289,251
111000328,679,741,-62
111000329,1,32,-31
111000330,529,18,511
111000331,98,11,87
111000332,364,598,-234
111000334,171,825,-654
111000335,2509,521,1988
111000337,4553,236,4317
111000338,331,64,267
111000339,2035,101,1934
111000340,149,2067,-1918
111000341,3855,2466,1389
111000342,53,818,-765
111000344,2013,349,1664
111000345,141,117,24
111000346,26,94,-68
111000347,381,6,375
111000350,286,135,151
111000351,225,855,-630
111000352,283,107,176
111000353,148,224,-76
111000354,996,170,826
111000355,998,457,541
111000358,205,422,-217
111000360,339,137,202
111000361,306,106,200
111000546,2328,543,1785
111000547,980,1099,-119
111000548,674,162,512
111000549,586,110,476
111000550,31,1982,-1951
111000551,300,59,241
111000552,725,234,491
111000907,3881,31,3850
111000908,125,5,120
111000916,6392,559,5833
111000917,174,541,-367
111000918,334,240,94
111000920,2283,4,2279
111000921,0,46,-46
111000922,2413,83,2330
111000924,89,238,-149
111000925,7745,3444,4301
111000926,2001,3715,-1714
111000927,2298,7311,-5013
111000928,5666,2496,3170
111000929,2661,1578,1083
111000930,2217,6435,-4218
111000931,2582,1098,1484
111000932,3563,1815,1748
111000933,3404,3997,-593
111000934,2004,1271,733
111000935,4870,1321,3549
111000936,2504,899,1605
111000937,1947,1513,434
111000938,2781,1244,1537
111000939,1855,44,1811
111000940,2710,37,2673
111000941,827,276,551
111000943,1166,103,1063
111000944,490,154,336
111000945,487,2118,-1631
111001109,785,1593,-808
111001110,325,265,60
111001111,628,9,619
111001112,129,4,125
111001113,0,333,-333
111001114,814,101,713
111001115,7,668,-661
111001116,3441,11232,-7791
111001117,270,5218,-4948
111001120,120,233,-113
111001121,502,37,465
111001122,461,78,383
111001123,708,94,614
111001124,105,61,44
111900001,162,18,144
111900002,261,81,180
111900003,6,126,-120
111900004,9,30,-21
111900006,121,208,-87
111900007,888,5,883
111900008,1006,1,1005
111900009,789,18,771
111900010,64,146,-82
111900012,65,43,22
111900013,145,11,134
111900014,2074,12844,-10770
111900015,0,15,-15
111900016,1,30,-29
111900017,0,18,-18
111900018,277,14,263
111900019,2,112,-110
111900020,1,15,-14
111900021,5,22,-17
111900022,7,14,-7
111900023,43,39,4
111900024,104,450,-346
111900025,0,24,-24
111900026,0,30,-30
111900027,1,51,-50
111900028,0,58,-58
111900029,4,20,-16
111900030,23,230,-207
111900031,70,139,-69
111900032,0,70,-70
111900033,26,10,16
111900034,28,178,-150
111900035,100,1706,-1606
111900036,0,76,-76
111900038,63,111,-48
111900039,9,375,-366
111900040,1,130,-129
111900042,17,40,-23
111900043,0,102,-102
111900044,46,101,-55
111900046,12,58,-46
111900048,994,1043,-49
111900049,7,53,-46
111900050,438,29,409
111900051,2,79,-77
111900052,85,68,17
111900053,495,4488,-3993
111900054,931,53,878
111900055,7,97,-90
111900056,115,489,-374
111900057,485,2,483
111900058,1970,340,1630
111900059,1092,1382,-290
111900060,1254,3,1251
111900061,3,50,-47
111900062,111,639,-528
111900063,717,93,624
111900064,30,49,-19
111900065,394,79,315
111900066,212,166,46
111900067,2,128,-126
111900068,79,194,-115
111900069,201,21,180
111900070,407,66,341
111900071,0,59,-59
111900072,62,119,-57
111900073,2911,336,2575
111900074,0,97,-97
111900075,52,2,50
111900076,911,150,761
111900077,65,1,64
111900078,1039,116,923
111900079,59,100,-41
111900080,116,226,-110
111900082,446,77,369
111900083,687,69,618
111900084,399,46,353
111900085,63,89,-26
111900086,341,33,308
111900087,267,7,260
111900088,1880,49,1831
111900089,164,4,160
111900090,74,173,-99
111900091,1728,26,1702
111900092,292,1,291
111900093,1394,37,1357
111900094,304,4,300
111900095,1015,33,982
111900096,501,19,482
111900097,302,1,301
111900098,1213,49,1164
111900099,133,0,133
111900100,254,5,249
111900101,639,10,629
111900102,1808,1594,214
111900103,63,110,-47
111900104,154,25,129
111900105,132,429,-297
111900106,217,20,197
111900110,3647,182,3465
111900111,665,7,658
111900112,208,9373,-9165
111900113,530,101,429
111900118,1055,123,932
111900119,331,173,158
111900122,4,68,-64
111900123,7,17,-10
111900124,26,13,13
111900125,1878,154,1724
111900126,1590,5,1585
111900127,5,128,-123
111900128,53,217,-164
111900129,742,16,726
111900130,353,99,254
111900131,1511,0,1511
111900132,37,378,-341
111900133,4,173,-169
111900134,3,66,-63
111900135,4,15,-11
111900136,47,103,-56
111900137,47,9,38
111900138,2,45,-43
111900139,55,33,22
111900140,185,14,171
111900141,134,3,131
111900142,164,2,162
111900143,289,144,145
111900144,0,38,-38
111900145,1,147,-146
111900146,0,72,-72
111900147,11,197,-186
111900148,11,800,-789
111900149,9,213,-204
111900150,16,50,-34
111900151,3,25,-22
111900152,92,27,65
111900153,494,593,-99
111900154,28,1641,-1613
111900155,86,288,-202
111900156,72,68,4
111900157,226,20,206
111900158,1119,129,990
111900159,1106,155,951
111900160,824,16,808
111900161,971,3,968
111900162,123,771,-648
111900163,38,56,-18
111900164,192,51,141
111901113,2248,85,2163
111901114,802,2422,-1620
111901115,727,1,726
111901116,42,4,38
111901117,42,146,-104
111901118,21,1439,-1418
111901119,212,16,196
111901121,50,86,-36
111901122,0,74,-74
111901123,1197,59,1138
111901124,753,23,730
111901125,2423,326,2097
111901127,2533,3246,-713
111901128,13,42,-29
111901129,5,59,-54
111901130,5,324,-319
111901131,0,84,-84
111901132,115,43,72
111901133,249,3,246
111901134,456,1,455
111901135,120,3,117
111901136,109,29,80
111901137,1,21,-20
111901138,12,18,-6
111901139,1,35,-34
111901140,13,26,-13
111901141,3,64,-61
111901142,0,36,-36
111901143,0,91,-91
111901144,59,33,26
111901145,63,609,-546
111901146,46,9,37
112000001,4548,973,3575
112000002,1203,2510,-1307
112000003,8052,1418,6634
112000004,2299,547,1752
112000005,6350,6151,199
112000006,892,591,301
112000007,7577,5074,2503
112000008,5880,5337,543
112000009,3180,1054,2126
112000010,6796,6064,732
112000011,1711,915,796
112000012,4377,5452,-1075
112000013,1408,2055,-647
112000014,916,4190,-3274
112000015,1201,3015,-1814
112000016,3010,5324,-2314
112000017,505,5411,-4906
112000024,489,161,328
112000026,2497,1028,1469
112000027,750,610,140
112000028,731,719,12
112000029,893,1018,-125
112000030,160,26,134
112000031,1177,4585,-3408
112000032,133,13,120
112000033,2187,4608,-2421
112000034,90,22,68
112000035,74,1114,-1040
112000036,126,1364,-1238
112000037,697,3818,-3121
112000038,1091,1860,-769
112000039,311,39,272
112000040,23,207,-184
112000041,446,404,42
112000042,628,83,545
112000050,1666,732,934
112000051,1458,4397,-2939
112000054,1411,1213,198
112000057,839,149,690
112000058,431,294,137
112000059,627,475,152
112000061,3030,510,2520
112000062,613,1139,-526
112000063,246,3835,-3589
112000064,2962,1914,1048
112000065,888,1047,-159
112000066,3490,1274,2216
112000067,598,403,195
112000068,4128,2106,2022
112000069,619,2183,-1564
112000070,1900,898,1002
112000071,1747,1497,250
112000072,4898,842,4056
112000073,1491,1899,-408
112000074,1240,1089,151
112000075,1906,1654,252
112000076,4617,2635,1982
112000077,2138,555,1583
112000078,3946,956,2990
112000079,3808,1425,2383
112000080,1470,759,711
112000081,1318,1247,71
112000082,2038,412,1626
112000083,1865,660,1205
112000084,1720,332,1388
112000085,2714,435,2279
112000086,3952,579,3373
112000087,1541,161,1380
112000088,1910,274,1636
112000089,544,223,321
112000090,371,250,121
112000091,917,217,700
112000092,3924,599,3325
112000093,2352,327,2025
112000094,904,398,506
112000095,1441,185,1256
112000096,1286,339,947
112000097,5062,441,4621
112000098,560,468,92
112000099,1258,2883,-1625
112000100,5139,655,4484
112000101,1216,516,700
112000102,3926,253,3673
112000103,755,378,377
112000105,621,318,303
112000106,5436,265,5171
112000107,141,145,-4
112000108,1795,627,1168
112000109,157,29,128
112000110,4110,615,3495
112000111,668,1693,-1025
112000112,3651,309,3342
112000113,1428,2006,-578
112000114,4416,634,3782
112000115,734,181,553
112000116,1136,476,660
112000117,2217,451,1766
112000118,794,524,270
112000119,783,286,497
112000120,98,83,15
112000121,706,162,544
112000122,1151,73,1078
112000123,1688,41,1647
112000124,1010,71,939
112000125,614,470,144
112000126,1832,150,1682
112000127,2536,2585,-49
112000128,1029,714,315
112000129,378,47,331
112000130,792,120,672
112000131,58,67,-9
112000132,403,95,308
112000133,1069,50,1019
112000134,1251,187,1064
112000135,2345,1895,450
112000136,1379,5542,-4163
112000137,2915,4112,-1197
112000138,1881,1391,490
112000139,697,763,-66
112000140,231,394,-163
112000141,2033,390,1643
112000142,272,324,-52
112000143,2868,180,2688
112000144,477,612,-135
112000145,5039,365,4674
112000146,1254,536,718
112000147,3492,1530,1962
112000148,1204,733,471
112000149,1627,523,1104
112000150,848,213,635
112000151,994,209,785
112000152,1412,248,1164
112000153,1171,113,1058
112000154,312,842,-530
112000155,140,91,49
112000157,351,942,-591
112000158,498,138,360
112000159,2876,248,2628
112000167,641,364,277
112000169,153,1052,-899
112000173,2733,139,2594
112000175,1434,269,1165
112000176,739,1330,-591
112000177,2367,554,1813
112000178,124,129,-5
112000179,663,160,503
112000180,656,135,521
112000181,1303,425,878
112000182,4138,307,3831
112000183,90,12,78
112000184,1000,235,765
112000185,2239,181,2058
112000187,6364,5442,922
112000195,455,3,452
112000196,168,0,168
112000197,125,115,10
112000198,47,215,-168
112000199,577,435,142
112000202,2130,35,2095
112000216,37,146,-109
112000230,372,3,369
112000231,4,40,-36
112000256,135,530,-395
112000313,295,21,274
112000314,92,78,14
112000337,405,678,-273
112000352,218,324,-106
112000392,2040,507,1533
112000398,4058,514,3544
112000399,1280,6484,-5204
112000400,1805,823,982
112000401,1316,996,320
112000402,5499,5641,-142
112000403,1767,9923,-8156
112000404,2836,1514,1322
112000405,5733,3019,2714
112000406,3656,1336,2320
112000407,15359,8272,7087
112000408,6204,1579,4625
112000409,2125,1143,982
112000410,323,340,-17
112000411,1866,2178,-312
112000412,370,241,129
112000413,4199,10232,-6033
112000414,335,39,296
112000415,253,19,234
112000416,7139,743,6396
112000417,366,83,283
112000421,164,50,114
112000422,513,124,389
112000424,944,5145,-4201
112000425,739,254,485
112000426,798,556,242
112000427,0,17,-17
112000428,658,655,3
112000429,2043,1464,579
112000430,2657,3766,-1109
112000431,485,193,292
112000432,1260,482,778
112000433,213,349,-136
112000437,64,112,-48
112900001,73,4,69
112900002,1646,219,1427
112900003,83,43,40
112900004,112,129,-17
112900005,692,40,652
112900006,189,54,135
112900007,54,27,27
112900008,1,134,-133
112900009,654,335,319
112900010,523,173,350
112900011,90,147,-57
112900012,3,15,-12
112900013,0,422,-422
112900014,17,66,-49
112900015,54,214,-160
112900016,1,322,-321
112900017,171,172,-1
112900018,2,408,-406
112900019,28,133,-105
112900020,273,276,-3
112900021,8,92,-84
112900022,43,59,-16
112900023,0,83,-83
112900024,22,54,-32
112900025,290,128,162
112900026,1,59,-58
112900027,1,153,-152
112900028,202,39,163
112900029,29,87,-58
112900030,464,45,419
112900031,3,397,-394
112900032,289,76,213
112900034,0,25,-25
112900035,1,107,-106
112900036,13,119,-106
112900037,158,197,-39
112900038,1640,46,1594
112900039,7,119,-112
112900040,2,340,-338
112900041,527,999,-472
112900042,408,136,272
112900043,21,35,-14
112900044,141,125,16
112900045,275,114,161
112900046,20,55,-35
112900047,2,15,-13
112900049,967,30,937
112900050,38,265,-227
112900051,214,186,28
112900052,2,323,-321
112900053,70,389,-319
112900054,63,79,-16
112900055,60,26,34
112900056,272,208,64
112900057,99,226,-127
112900058,381,541,-160
112900059,177,137,40
112900060,45,49,-4
112900061,53,63,-10
112900062,132,32,100
112900063,12,41,-29
112900064,33,24,9
112900065,18,12,6
112900066,358,627,-269
112900067,243,55,188
112900068,49,198,-149
112900069,1014,1726,-712
112900071,47,26,21
112900072,76,9864,-9788
112900073,547,461,86
112900074,230,731,-501
112900075,738,2562,-1824
112900076,22,35,-13
112900078,305,901,-596
112900079,292,107,185
112900080,483,11,472
112900081,46,808,-762
112900082,665,46,619
112900083,366,326,40
112900084,579,553,26
112900086,412,1,411
112900087,3272,287,2985
112900088,640,9,631
112900089,1429,25,1404
112900090,221,192,29
112900091,727,26,701
112900092,53,1164,-1111
112900093,1696,35,1661
112900095,415,2,413
112900096,1343,308,1035
112900097,182,146,36
112900098,226,0,226
112900099,2305,28,2277
112900100,255,8,247
112900101,869,13,856
112900102,101,98,3
112900103,472,4,468
112900104,325,9,316
112900105,113,1,112
112900106,999,222,777
112900107,22,2,20
112900108,0,1,-1
112900109,330,2,328
112900110,3152,42,3110
112900111,1257,10,1247
112900112,651,3,648
112900113,0,0,0
112900114,989,4,985
112900115,5192,7,5185
112900116,214,9,205
112900117,153,16,137
112900118,3,15,-12
112900119,1086,4,1082
112900120,533,261,272
112900121,46,63,-17
112900122,2,41,-39
112900123,1070,28,1042
112900124,12,17,-5
112900125,8,260,-252
112900126,27,58,-31
112900127,1167,41,1126
112900128,29,209,-180
112900129,1,276,-275
112900130,424,104,320
112900131,2,207,-205
112900132,77,821,-744
112900133,32,1972,-1940
112900134,0,267,-267
112900135,139,80,59
112900137,0,211,-211
112900138,6,143,-137
112900139,24,424,-400
112900141,1315,20,1295
112900142,46,515,-469
112900143,2,247,-245
112900144,1,258,-257
112900145,6,136,-130
112900146,5,160,-155
112900147,2,243,-241
112900148,52,3,49
112900149,408,225,183
112900151,1,22,-21
112900152,2824,242,2582
112900153,825,8072,-7247
112900154,0,24,-24
112900155,238,27,211
112900156,1375,220,1155
112900157,1144,18,1126
112900158,155,3,152
112900159,209,472,-263
112900160,21,81,-60
112900161,329,38,291
112900162,6,25,-19
112900163,8,87,-79
112900164,23,166,-143
112900165,33,29,4
112900166,51,114,-63
112900167,18,1509,-1491
112900168,7,3,4
112900169,10,9,1
112900170,248,32,216
112900172,23,38,-15
112900173,143,93,50
112900174,641,21,620
112900175,183,245,-62
112900176,49,118,-69
112900177,361,48,313
112900178,427,4715,-4288
112900179,5,384,-379
112900180,3472,703,2769
112900181,1730,9,1721
112900182,87,327,-240
112900183,24,115,-91
112900184,203,272,-69
112900185,90,357,-267
112900186,775,832,-57
112900187,46,355,-309
112900188,453,1630,-1177
112900189,27,0,27
112900190,12,0,12
112900192,686,458,228
112900193,1137,224,913
112900194,108,2,106
112900195,1026,52,974
112900196,290,232,58
112900197,88,258,-170
112900199,1577,140,1437
112900200,1013,52,961
112900201,268,228,40
112900202,1380,328,1052
112900203,628,82,546
112900204,801,160,641
112900205,26,0,26
112900206,60,16,44
112900207,21,0,21
112900208,71,1029,-958
112900209,90,117,-27
112900210,1,24,-23
112900211,141,7,134
112900212,1,8,-7
112900213,62,1,61
112900214,11,10,1
112900215,6,19,-13
112900216,73,22,51
112900217,0,9,-9
112900218,105,20,85
112900219,264,15,249
112900220,1,0,1
112900221,43,70,-27
112900222,3,947,-944
112900223,1300,49,1251
112900224,1982,147,1835
112900225,1164,151,1013
112900226,92,212,-120
112900227,2382,2823,-441
112900228,100,26,74
112900229,831,8,823
112900230,6711,2895,3816
112900232,617,417,200
112900233,136,17,119
112900234,141,1,140
112900235,3,1,2
112900236,1816,18,1798
112900237,1197,133,1064
112900238,18,0,18
112900239,362,1600,-1238
113000001,7630,4581,3049
113000002,7753,3609,4144
113000003,2269,1509,760
113000004,3332,1618,1714
113000005,2965,1309,1656
113000006,2553,1264,1289
113000007,3583,1204,2379
113000008,3381,1173,2208
113000009,2166,850,1316
113000010,2647,755,1892
113000011,1084,929,155
113000012,1825,980,845
113000013,596,515,81
113000014,934,1465,-531
113000015,182,263,-81
113000016,262,567,-305
113000017,207,373,-166
113000018,966,20,946
113000019,387,558,-171
113000020,293,69,224
113000021,3512,793,2719
113000022,1626,2804,-1178
113000025,47,296,-249
113000026,1443,562,881
113000027,1064,884,180
113000028,886,1136,-250
113000029,728,572,156
113000030,135,657,-522
113000031,221,254,-33
113000032,147,82,65
113000033,254,177,77
113000034,121,82,39
113000035,25,8,17
113000036,17,46,-29
113000037,32,13,19
113000038,3,76,-73
113000039,9,202,-193
113000040,79,14,65
113000042,1163,543,620
113000051,2280,3309,-1029
113000052,3087,455,2632
113000053,1000,298,702
113000054,1389,1106,283
113000055,3592,300,3292
113000056,3560,866,2694
113000058,665,740,-75
113000059,943,276,667
113000060,559,599,-40
113000061,1121,1043,78
113000062,447,383,64
113000063,808,32,776
113000064,191,234,-43
113000065,296,250,46
113000066,2015,101,1914
113000067,6670,421,6249
113000068,760,373,387
113000069,1123,277,846
113000070,5515,407,5108
113000071,978,358,620
113000072,2558,304,2254
113000073,753,846,-93
113000074,1387,523,864
113000075,2731,774,1957
113000076,590,1608,-1018
113000077,467,598,-131
113000078,357,1460,-1103
113000079,474,642,-168
113000080,534,758,-224
113000081,1715,2677,-962
113000082,1205,549,656
113000083,806,968,-162
113000084,1521,1185,336
113000085,1469,737,732
113000086,941,2370,-1429
113000087,1884,2154,-270
113000088,2095,1477,618
113000089,958,1402,-444
113000090,89,962,-873
113000091,148,194,-46
113000094,2460,203,2257
113000095,175,403,-228
113000096,80,510,-430
113000097,1362,543,819
113000098,94,102,-8
113000099,1524,690,834
113000100,160,371,-211
113000101,152,450,-298
113000102,961,395,566
113000103,4036,344,3692
113000104,1159,3229,-2070
113000105,1614,508,1106
113000106,878,156,722
113000107,2187,1092,1095
113000108,1418,563,855
113000109,639,1251,-612
113000110,7813,729,7084
113000111,413,461,-48
113000112,1479,338,1141
113000113,2613,393,2220
113000114,193,878,-685
113000116,556,248,308
113000117,589,164,425
113000118,20,1059,-1039
113000119,392,347,45
113000120,101,411,-310
113000121,527,1010,-483
113000124,307,108,199
113000125,32,1980,-1948
113000127,924,83,841
113000128,1664,220,1444
113000129,287,1140,-853
113000133,1888,379,1509
113000134,2,2355,-2353
113000135,5544,5416,128
113000137,790,3432,-2642
113000139,308,117,191
113000140,100,84,16
113000141,121,52,69
113000142,241,244,-3
113000143,477,72,405
113000144,212,194,18
113000145,168,83,85
113000146,235,31,204
113000147,280,34,246
113000148,479,45,434
113000149,226,201,25
113000150,562,174,388
113000151,16,18,-2
113000152,93,251,-158
113000153,1053,187,866
113000154,502,2533,-2031
113000155,411,951,-540
113000156,277,117,160
113000157,472,218,254
113000158,840,74,766
113000159,1420,130,1290
113000160,662,300,362
113000161,583,98,485
113000162,1340,71,1269
113000163,143,22,121
113000164,36,202,-166
113000166,563,29,534
113000167,122,23,99
113000168,318,70,248
113000169,311,15,296
113000170,124,46,78
113000171,40,62,-22
113000172,559,14,545
113000173,97,25,72
113000174,208,100,108
113000175,1006,33,973
113000176,1037,60,977
113000177,225,63,162
113000178,340,53,287
113000179,567,27,540
113000180,1565,1919,-354
113000181,2639,1074,1565
113000182,98,884,-786
113000183,190,813,-623
113000184,8,105,-97
113000189,285,341,-56
113000190,208,112,96
113000192,489,2828,-2339
113000193,1763,2412,-649
113000194,1231,5288,-4057
113000195,1903,2312,-409
113000196,1050,93,957
113000197,2269,4307,-2038
113000198,139,486,-347
113000199,2919,653,2266
113000201,1256,352,904
113000202,9496,2920,6576
113000203,258,750,-492
113000204,456,3389,-2933
113000205,14,3,11
113000206,1,49,-48
113000207,149,20,129
113000208,43,35,8
113000209,11,20,-9
113000210,26,25,1
113000211,58,97,-39
113000212,15,8,7
113000213,32,108,-76
113000214,317,251,66
113000234,342,248,94
113000410,26,261,-235
113000411,1301,1509,-208
113000412,6217,963,5254
113000413,991,1271,-280
113000414,3934,14959,-11025
113000415,2131,971,1160
113000416,1821,1918,-97
113000417,738,1172,-434
113000418,4502,3574,928
113000419,1515,1362,153
113000420,2804,5952,-3148
113000421,5565,7098,-1533
113000422,8121,10289,-2168
113000423,1052,3210,-2158
113000424,1566,9498,-7932
113000425,2,172,-170
113000428,67,27,40
113000430,4,146,-142
113000432,5582,326,5256
113000433,60,469,-409
113000434,35,85,-50
113000435,16,91,-75
113000436,12,485,-473
113000437,3410,32,3378
113000438,1073,17,1056
113000439,41,35,6
113000440,414,27,387
113000441,413,294,119
113000442,478,19,459
113000443,815,144,671
113000444,1241,26,1215
113000445,145,146,-1
113000446,102,204,-102
113000448,332,713,-381
113000449,152,2268,-2116
113000450,815,6576,-5761
113000451,3058,945,2113
113000452,77,987,-910
113000453,11,622,-611
113000454,218,204,14
113000455,6,784,-778
113000456,918,1867,-949
113000468,668,85,583
113000469,129,373,-244
113000470,418,13,405
113000471,7,560,-553
113000472,84,206,-122
113000474,2153,928,1225
113000475,1619,758,861
113000476,4518,2866,1652
113000477,6355,2786,3569
113000478,3099,3092,7
113000479,214,110,104
113000480,221,260,-39
113000483,0,0,0
113000484,0,0,0
113000485,0,0,0
113000486,0,0,0
113000487,0,0,0
113000488,0,0,0
113000489,0,0,0
113000490,0,0,0
113000491,0,0,0
113000492,0,0,0
113000493,0,0,0
113000495,336,96,240
113000496,159,215,-56
113000497,0,0,0
113000500,0,1,-1
113900001,14,2069,-2055
113900002,11,101,-90
113900003,2,211,-209
113900004,3,268,-265
113900005,5,552,-547
113900006,5,175,-170
113900007,78,230,-152
113900008,20,0,20
113900009,57,0,57
113900010,70,3,67
113900011,558,2,556
113900012,203,3,200
113900013,133,4,129
113900014,1375,9,1366
113900015,0,7,-7
113900016,40,0,40
113900017,0,10,-10
113900018,66,228,-162
113900019,495,11,484
113900020,631,0,631
113900022,114,0,114
113900023,94,0,94
113900024,26,9,17
113900025,457,79,378
113900026,211,1,210
113900027,24,29,-5
113900028,10,243,-233
113900029,202,25,177
113900030,966,5,961
113900031,46,3,43
113900032,84,2,82
113900033,61,35,26
113900035,126,2,124
113900036,88,66,22
113900037,167,1689,-1522
113900038,36,209,-173
113900039,594,21,573
113900040,4,41,-37
113900041,90,0,90
113900042,85,27,58
113900043,154,23,131
113900044,38,202,-164
113900045,148,3,145
113900046,132,387,-255
113900047,329,17,312
113900048,206,161,45
113900049,83,639,-556
113900050,351,194,157
113900051,385,60,325
113900052,68,169,-101
113900053,492,1398,-906
113900054,7,0,7
113900055,118,469,-351
113900056,121,11,110
113900057,6,14,-8
113900058,103,14,89
113900059,429,101,328
113900060,101,2052,-1951
113900061,478,96,382
113900062,161,53,108
113900063,295,16,279
113900064,1,48,-47
113900065,1107,20,1087
113900066,1358,87,1271
113900067,766,173,593
113900068,442,1515,-1073
113900069,73,34,39
113900070,50,150,-100
113900071,271,13,258
113900072,38,18,20
113900073,927,203,724
113900074,712,704,8
113900075,462,3347,-2885
113900076,144,25,119
113900077,60,50,10
113900078,83,11,72
113900079,0,11,-11
113900080,713,98,615
113900081,170,35,135
113900082,403,265,138
113900083,1073,118,955
113900084,220,34,186
113900085,22,117,-95
113900086,215,47,168
113900087,133,116,17
113900088,137,100,37
113900089,669,32,637
113900090,384,145,239
113900091,6,23,-17
113900092,40,131,-91
113900093,49,2151,-2102
113900094,1266,276,990
113900095,203,76,127
113900096,548,185,363
113900097,40,109,-69
113900098,1271,338,933
113900099,0,11,-11
113900100,0,0,0
113900101,3,60,-57
113900102,82,54,28
113900103,251,504,-253
113900104,119,74,45
113900105,623,18,605
113900106,0,12,-12
113900107,1,2,-1
113900108,61,200,-139
113900109,331,402,-71
113900110,38,54,-16
113900111,400,38,362
113900112,343,50,293
113900113,1469,507,962
113900114,3,9,-6
113900115,0,2,-2
113900116,4,195,-191
113900117,19,17,2
113900118,134,1533,-1399
113900119,57,215,-158
113900120,222,34,188
113900121,288,38,250
113900122,147,6518,-6371
113900123,667,51,616
113900124,0,72,-72
113900125,519,54,465
113900126,82,128,-46
113900127,425,839,-414
113900128,474,66,408
113900129,0,84,-84
113900130,0,26,-26
113900131,330,18,312
113900132,37,72,-35
113900133,9,31,-22
113900135,399,133,266
113900136,104,16,88
113900137,431,158,273
113900138,21,259,-238
113900139,562,421,141
113900140,15,145,-130
113900141,1225,212,1013
113900142,119,48,71
113900143,4,144,-140
113900144,38,91,-53
113900145,453,54,399
113900146,489,195,294
113900148,27,81,-54
113900149,199,180,19
113900150,353,182,171
113900151,700,131,569
113900152,33,56,-23
113900153,83,109,-26
113900154,1,71,-70
113900155,123,241,-118
113900156,226,247,-21
113900157,101,438,-337
113900158,104,150,-46
113900159,1,297,-296
113900160,430,873,-443
113900161,196,269,-73
113900162,162,293,-131
113900163,458,57,401
113900164,620,54,566
113900165,455,269,186
113900166,16,45,-29
113900167,649,56,593
113900168,70,31,39
113900169,185,170,15
113900171,372,67,305
113900172,40,52,-12
113900173,15,169,-154
113900174,288,302,-14
113900175,364,245,119
113900176,327,161,166
113900177,118,64,54
113900178,239,313,-74
113900179,6,145,-139
113900180,93,27,66
113900181,1596,197,1399
113900182,892,197,695
113900183,152,10,142
113900184,45,231,-186
113900185,52,22,30
113900186,19,6,13
113900187,25,55,-30
113900188,12,28,-16
113900189,340,146,194
113900190,124,32,92
113900191,19,69,-50
113900192,4,1036,-1032
113900193,1,65,-64
113900194,608,278,330
113900195,205,177,28
113900196,3,58,-55
113900197,0,51,-51
113900198,6,170,-164
113900199,17,110,-93
113900200,3,69,-66
113900201,0,65,-65
113900202,12,51,-39
113900203,0,44,-44
113900204,6,110,-104
113900205,2,20,-18
113900206,1,57,-56
113900207,1,46,-45
113900208,0,6,-6
113900209,0,23,-23
113900210,575,1001,-426
113900211,230,15,215
113900212,572,136,436
113900214,150,222,-72
113900215,187,51,136
113900216,269,254,15
113900217,202,100,102
113900218,104,59,45
113900219,104,148,-44
113900220,274,214,60
113900221,344,961,-617
113900222,48,778,-730
113900223,552,121,431
113900224,44,38,6
113900225,1761,102,1659
113900226,324,152,172
113900227,296,465,-169
113900228,375,643,-268
113900229,15,1453,-1438
113900230,2189,4096,-1907
113900231,157,30,127
113900232,83,6,77
113900233,203,30,173
113900234,554,482,72
113900235,211,37,174
113900236,717,93,624
113900237,332,22,310
113900238,101,317,-216
113900239,66,111,-45
113900240,3,137,-134
113900241,43,30,13
113900242,17,77,-60
113900243,13,102,-89
113900244,140,83,57
113900245,350,200,150
113900246,18,55,-37
113900247,53,739,-686
113900248,1684,2419,-735
113900249,171,850,-679
113900250,62,692,-630
113900251,1857,47,1810
113900252,1292,28,1264
113900253,1022,36,986
113900254,500,202,298
113900255,1693,12,1681
113900256,877,16,861
113900257,16,254,-238
113900258,19,158,-139
113900259,1261,89,1172
113900260,388,5,383
113900261,74,33,41
113900262,330,134,196
113900263,6,66,-60
113900264,2,114,-112
113900265,156,2853,-2697
113900266,12,121,-109
113900267,110,357,-247
113900268,80,2483,-2403
113900269,73,205,-132
113900270,222,310,-88
113900271,830,224,606
113900273,19,22,-3
113900274,77,75,2
113900275,14,34,-20
113900276,1,62,-61
113900277,612,2,610
113900278,230,105,125
113900279,104,8,96
113900280,797,493,304
113900281,100,986,-886
113900282,209,231,-22
113900283,526,431,95
113900284,1902,159,1743
113900285,125,31,94
113900286,19,8,11
113900287,175,8,167
113900288,1,70,-69
113900289,239,195,44
113900290,540,1162,-622
113900291,143,59,84
113900292,6,17,-11
113900293,4,215,-211
113900294,1291,23,1268
113900295,442,76,366
113900296,793,212,581
113900297,3124,51,3073
113900298,40,1910,-1870
113900299,157,9,148
113900300,5583,5832,-249
113900301,210,1350,-1140
113900302,2579,1510,1069
113900303,93,1826,-1733
113900304,9,102,-93
113900305,414,0,414
113900306,225,0,225
113900307,34,1,33
113900308,29,53,-24
113900309,0,238,-238
113900310,0,1,-1
113900311,45,0,45
113900312,78,157,-79
113900313,12,0,12
114000001,1280,910,370
114000002,806,218,588
114000003,243,186,57
114000004,1344,192,1152
114000005,1166,146,1020
114000006,1803,732,1071
114000007,1720,483,1237
114000008,3227,1693,1534
114000009,2640,249,2391
114000011,4794,1589,3205
114000012,7821,2075,5746
114000013,4017,2271,1746
114000014,1727,92,1635
114000015,4629,243,4386
114000016,970,79,891
114000017,135,1634,-1499
114000018,139,13,126
114000026,6602,1191,5411
114000027,8698,3507,5191
114000028,2408,3728,-1320
114000038,639,145,494
114000039,225,9,216
114000040,331,670,-339
114000042,265,151,114
114000043,38,68,-30
114000044,951,10,941
114000045,69,34,35
114000046,2242,4315,-2073
114000047,19,148,-129
114000048,295,23,272
114000049,3952,1136,2816
114000050,3077,898,2179
114000051,4931,1863,3068
114000052,5053,5283,-230
114000053,27,1044,-1017
114000054,311,988,-677
114000055,667,141,526
114000056,151,469,-318
114000057,3978,1328,2650
114000058,130,1208,-1078
114000059,67,2388,-2321
114000060,1059,706,353
114000061,3002,2668,334
114000062,540,861,-321
114000063,1804,1451,353
114000064,2160,5031,-2871
114000065,1820,1382,438
114000066,1636,853,783
114000067,59,2375,-2316
114000068,502,1092,-590
114000069,2257,344,1913
114000070,2521,938,1583
114000071,1847,266,1581
114000072,2487,523,1964
114000073,62,14,48
114000074,232,18,214
114000075,174,67,107
114000076,77,38,39
114000077,21,6,15
114000078,922,901,21
114000079,702,291,411
114000080,379,135,244
114000081,187,111,76
114000082,453,153,300
114000083,96,47,49
114000084,456,160,296
114000085,213,207,6
114000086,490,706,-216
114000087,632,88,544
114000088,99,35,64
114000089,685,374,311
114000090,1279,1023,256
114000091,1102,842,260
114000092,950,457,493
114000093,2406,512,1894
114000094,954,409,545
114000095,516,330,186
114000096,121,175,-54
114000097,204,168,36
114000098,1612,98,1514
114000099,2193,70,2123
114000100,3797,276,3521
114000101,1068,295,773
114000102,1804,271,1533
114000103,358,144,214
114000104,60,498,-438
114000105,656,242,414
114000106,897,4786,-3889
114000107,1005,235,770
114000108,700,449,251
114000109,1341,4617,-3276
114000110,2125,414,1711
114000111,5022,2294,2728
114000112,820,571,249
114000113,2114,276,1838
114000114,595,443,152
114000115,3222,620,2602
114000116,1191,5695,-4504
114000117,8253,809,7444
114000118,7646,367,7279
114000119,6758,475,6283
114000120,1797,590,1207
114000121,667,324,343
114000122,556,385,171
114000123,5373,333,5040
114000124,3710,310,3400
114000125,1521,1582,-61
114000126,3656,518,3138
114000127,482,123,359
114000128,1710,176,1534
114000130,968,517,451
114000131,838,68,770
114000132,2043,202,1841
114000133,1244,637,607
114000134,311,7,304
114000138,95,62,33
114000139,691,453,238
114000144,887,1053,-166
114000145,192,28,164
114000146,523,36,487
114000147,1244,3266,-2022
114000148,747,2629,-1882
114000149,541,376,165
114000150,432,707,-275
114000151,452,2817,-2365
114000152,108,92,16
114000153,890,1758,-868
114000154,1352,414,938
114000155,1085,6108,-5023
114000156,1123,786,337
114000157,781,2504,-1723
114000158,743,394,349
114000159,541,175,366
114000160,250,160,90
114000161,1257,1226,31
114000162,1391,2397,-1006
114000163,114,17,97
114000165,551,409,142
114000166,607,262,345
114000167,2967,4103,-1136
114000168,494,167,327
114000169,1257,1230,27
114000170,1601,1204,397
114000171,2283,17465,-15182
114000174,185,834,-649
114000176,175,452,-277
114000177,592,277,315
114000178,204,204,0
114000179,1204,971,233
114000180,181,197,-16
114000181,1523,11433,-9910
114000182,962,2726,-1764
114000183,968,1752,-784
114000184,1511,384,1127
114000185,2547,795,1752
114000189,3745,152,3593
114000190,6713,517,6196
114000191,333,999,-666
114000192,116,426,-310
114000193,151,596,-445
114000194,4587,666,3921
114000195,769,852,-83
114000196,5,93,-88
114000197,4059,34,4025
114000198,1221,348,873
114000199,1572,1424,148
114000200,1528,726,802
114000201,356,890,-534
114000202,1524,629,895
114000203,1279,441,838
114000204,371,360,11
114000205,882,5978,-5096
114000206,1415,1106,309
114000207,513,794,-281
114000208,1057,546,511
114000209,794,953,-159
114000210,300,562,-262
114000211,3510,1006,2504
114000212,1767,3282,-1515
114000213,3350,424,2926
114000214,315,45,270
114000215,272,114,158
114000216,3992,495,3497
114000217,733,274,459
114000218,1187,285,902
114000219,3626,134,3492
114000220,81,539,-458
114000221,2767,200,2567
114000222,270,415,-145
114000223,1630,190,1440
114000224,60,355,-295
114000225,944,217,727
114000226,414,123,291
114000227,1550,779,771
114000228,1972,338,1634
114000229,3026,789,2237
114000230,2170,505,1665
114000231,1272,1844,-572
114000232,2026,165,1861
114000233,4643,63,4580
114000234,2115,517,1598
114000235,3443,852,2591
114000236,0,140,-140
114000237,122,347,-225
114000238,148,601,-453
114000239,227,752,-525
114000240,1435,6736,-5301
114000241,520,1011,-491
114000242,986,1458,-472
114000243,4497,1406,3091
114000244,703,538,165
114000245,706,2862,-2156
114000246,198,498,-300
114000247,818,486,332
114000248,3568,651,2917
114000249,1362,373,989
114000250,1986,152,1834
114000251,530,160,370
114000252,94,24,70
114000253,296,165,131
114000254,118,13,105
114000255,711,297,414
114000256,568,682,-114
114000257,1342,1048,294
114000258,1375,345,1030
114000259,430,677,-247
114000260,0,73,-73
114000261,94,52,42
114000262,771,813,-42
114000263,27,0,27
114000264,3868,245,3623
114000265,0,0,0
114000267,2,5917,-5915
114000268,5,497,-492
114000270,604,44,560
114000271,346,92,254
114000283,3812,369,3443
114000285,29,87,-58
114000288,314,337,-23
114000289,3849,198,3651
114000293,607,733,-126
114000294,361,733,-372
114000395,5669,66,5603
114000396,947,538,409
114000402,2015,100,1915
114000403,1015,149,866
114000405,737,177,560
114000423,1810,115,1695
114000424,1135,258,877
114000425,3135,134,3001
114000426,505,1248,-743
114000427,109,67,42
114000428,104,55,49
114000429,18,152,-134
114000432,276,17,259
114000434,65,42,23
114000435,1,21,-20
114000436,505,74,431
114000437,656,5690,-5034
114900001,1496,192,1304
114900002,544,914,-370
114900003,1483,251,1232
114900004,336,1384,-1048
114900005,718,160,558
114900006,129,346,-217
114900007,271,8,263
114900008,669,135,534
114900010,862,2557,-1695
114900011,775,107,668
114900013,813,89,724
114900015,58,1354,-1296
114900018,1602,45,1557
114900020,154,111,43
114900022,42,975,-933
114900024,193,166,27
114900025,1086,80,1006
114900026,156,143,13
114900027,272,110,162
114900029,35,38,-3
114900030,535,175,360
114900031,1529,14,1515
114900032,1341,6,1335
114900033,335,3049,-2714
114900034,52,36,16
114900035,109,163,-54
114900036,314,202,112
114900037,209,39,170
114900038,592,254,338
114900039,1601,88,1513
114900040,285,10,275
114900041,2861,128,2733
114900042,3045,204,2841
114900043,740,69,671
114900044,325,106,219
114900046,45,31,14
114900047,365,7640,-7275
114900048,76,97,-21
114900049,2,51,-49
114900050,52,70,-18
114900051,14,487,-473
114900052,19,1755,-1736
114900053,57,620,-563
114900054,55,13,42
114900057,441,26,415
114900058,0,14,-14
114900059,269,84,185
114900060,295,510,-215
114900061,239,27,212
114900062,226,174,52
114900063,273,20,253
114900064,3802,141,3661
114900065,389,1177,-788
114900067,48,242,-194
114900068,51,57,-6
114900069,420,19,401
114900070,1149,130,1019
114900072,3,126,-123
114900073,0,12,-12
114900074,2438,111,2327
114900075,745,13,732
114900076,0,121,-121
114900080,485,67,418
114900082,1866,3862,-1996
114900083,177,705,-528
114900090,1236,107,1129
114900091,209,102,107
114900095,176,31,145
114900096,108,259,-151
114900097,970,2,968
114900098,4,143,-139
114900099,472,11,461
115000001,5163,1868,3295
115000002,6109,9441,-3332
115000003,5501,1456,4045
115000004,7749,7719,30
115000005,2176,2263,-87
115000006,2376,1288,1088
115000007,217,205,12
115000008,548,1059,-511
115000009,477,331,146
115000010,261,338,-77
115000013,24,207,-183
115000015,41,381,-340
115000016,145,246,-101
115000019,68,819,-751
115000020,229,1636,-1407
115000021,88,427,-339
115000022,231,88,143
115000023,452,821,-369
115000024,477,143,334
115000025,1409,673,736
115000026,363,135,228
115000027,678,306,372
115000028,364,217,147
115000029,1770,83,1687
115000030,748,408,340
115000031,848,196,652
115000032,20,413,-393
115000033,292,16,276
115000034,75,1695,-1620
115000035,1236,294,942
115000036,0,305,-305
115000037,1410,164,1246
115000038,83,98,-15
115000039,2179,7308,-5129
115000040,4619,3470,1149
115000041,1696,8657,-6961
115000042,731,887,-156
115000043,4286,3761,525
115000044,3276,3442,-166
115000045,4621,634,3987
115000046,4787,2487,2300
115000047,4403,1339,3064
115000048,4804,2092,2712
115000049,2659,3463,-804
115000050,4492,921,3571
115000051,2137,7859,-5722
115000052,1607,953,654
115000053,3997,4173,-176
115000054,1088,873,215
115000055,288,1535,-1247
115000056,176,326,-150
115000057,696,1343,-647
115000058,71,791,-720
115000059,76,390,-314
115000061,229,280,-51
115000062,454,653,-199
115000063,878,352,526
115000064,541,127,414
115000065,214,804,-590
115000067,404,20,384
115000069,95,322,-227
115000070,22,1489,-1467
115000071,152,30,122
115000072,16,40,-24
115000073,2183,132,2051
115000075,168,83,85
115000076,3122,1527,1595
115000077,3789,1056,2733
115000078,4082,792,3290
115000079,3466,1508,1958
115000080,7770,1237,6533
115000081,219,365,-146
115000082,9168,6276,2892
115000083,4811,771,4040
115000084,5517,558,4959
115000085,2940,527,2413
115000086,2399,428,1971
115000087,892,2530,-1638
115000088,1883,436,1447
115000089,1962,997,965
115000090,627,1086,-459
115000091,325,212,113
115000092,1286,1703,-417
115000093,1849,4,1845
115000094,5951,14650,-8699
115000095,3744,12930,-9186
115000096,2297,542,1755
115000097,3960,2815,1145
115000098,3597,369,3228
115000099,4969,995,3974
115000100,3289,434,2855
115000101,1005,531,474
115000102,942,160,782
115000103,493,327,166
115000105,242,45,197
115000106,1770,798,972
115000107,250,180,70
115000108,1973,1425,548
115000109,3965,7896,-3931
115000110,1211,3343,-2132
115000111,228,492,-264
115000112,719,725,-6
115000113,491,384,107
115000114,864,274,590
115000116,2846,2255,591
115000117,1766,3119,-1353
115000118,2415,3820,-1405
115000119,2115,5437,-3322
115000120,742,1029,-287
115000121,513,765,-252
115000122,633,2368,-1735
115000123,1152,1251,-99
115000124,1222,1209,13
115000125,595,819,-224
115000126,134,378,-244
115000127,526,137,389
115000128,850,898,-48
115000129,175,1150,-975
115000130,678,628,50
115000131,1747,330,1417
115000132,1166,1370,-204
115000133,1866,1374,492
115000134,605,1029,-424
115000135,308,817,-509
115000136,329,272,57
115000137,51,363,-312
115000138,620,421,199
115000139,273,122,151
115000140,660,171,489
115000141,300,79,221
115000142,236,50,186
115000143,1497,697,800
115000144,771,60,711
115000145,412,102,310
115000146,792,1031,-239
115000147,494,1463,-969
115000148,674,408,266
115000149,1114,364,750
115000150,1550,260,1290
115000151,2730,250,2480
115000152,2270,510,1760
115000153,3128,315,2813
115000154,2132,173,1959
115000155,1857,767,1090
115000156,1148,540,608
115000157,566,609,-43
115000158,493,324,169
115000159,547,352,195
115000160,664,691,-27
115000161,1127,813,314
115000162,502,1912,-1410
115000163,470,379,91
115000164,321,338,-17
115000165,196,520,-324
115000167,195,74,121
115000168,802,580,222
115000169,511,763,-252
115000170,42,167,-125
115000171,267,340,-73
115000172,739,798,-59
115000173,399,1987,-1588
115000174,78,517,-439
115000175,224,166,58
115000176,70,162,-92
115000177,42,238,-196
115000178,10,152,-142
115000179,20,179,-159
115000180,226,242,-16
115000181,1977,189,1788
115000182,2343,245,2098
115000183,831,416,415
115000186,732,130,602
115000187,320,291,29
115000188,750,407,343
115000189,489,775,-286
115000190,961,1015,-54
115000191,335,1056,-721
115000194,146,85,61
115000195,179,265,-86
115000196,771,444,327
115000197,669,284,385
115000198,1182,232,950
115000199,1421,76,1345
115000200,1124,144,980
115000201,595,512,83
115000206,863,53,810
115000207,1190,292,898
115000208,416,1350,-934
115000209,1294,992,302
115000210,485,254,231
115000211,484,276,208
115000212,1094,341,753
115000224,295,11,284
115000225,148,68,80
115000229,92,83,9
115000230,199,249,-50
115000231,739,506,233
115000232,5640,421,5219
115000233,244,133,111
115000234,30,210,-180
115000241,285,51,234
115000242,524,30,494
115000243,522,58,464
115000244,37,125,-88
115000246,54,50,4
115000247,15,29,-14
115000248,31,5,26
115000249,30,32,-2
115000250,420,14,406
115000251,755,73,682
115000252,298,342,-44
115000253,18,894,-876
115000258,677,39,638
115000259,323,32,291
115000261,60,9,51
115000262,41,91,-50
115000263,24,55,-31
115000264,26,29,-3
115000267,51,19,32
115000268,24,40,-16
115000269,99,14,85
115000270,55,32,23
115000272,190,61,129
115000273,1393,15,1378
115000280,1085,492,593
115000281,234,1238,-1004
115000282,731,2402,-1671
115000284,154,376,-222
115000296,504,6,498
115000297,86,381,-295
115000298,71,901,-830
115000300,379,94,285
115000302,1284,209,1075
115000303,2118,58,2060
115000304,2202,149,2053
115000305,172,240,-68
115000306,655,216,439
115000307,484,435,49
115000308,2,38,-36
115000309,17,301,-284
115000310,4744,196,4548
115000311,2662,739,1923
115000313,298,111,187
115000314,978,478,500
115000315,314,1294,-980
115000316,160,276,-116
115000317,400,350,50
115000318,1859,534,1325
115000319,255,71,184
115000320,19,672,-653
115000321,751,19,732
115000322,198,69,129
115000449,136,272,-136
115000557,4,4666,-4662
115000558,148,129,19
115000587,1744,283,1461
115000588,2168,2979,-811
115000589,6749,3082,3667
115000590,953,2913,-1960
115000591,2499,1265,1234
115000592,703,1343,-640
115000593,2543,903,1640
115000594,340,2006,-1666
115000609,371,68,303
115000617,572,4376,-3804
115000624,734,30,704
115000633,610,1647,-1037
115000634,4304,914,3390
115000635,1165,102,1063
115000638,212,317,-105
115000641,84,681,-597
115000642,729,205,524
115000643,351,176,175
115000644,267,253,14
115000646,804,1967,-1163
115000647,427,578,-151
115000648,6101,581,5520
115000893,1752,872,880
115000894,261,690,-429
115000895,390,708,-318
115000896,1536,379,1157
115000897,473,103,370
115000898,669,318,351
115000899,295,1447,-1152
115000900,70,259,-189
115000901,78,230,-152
115000912,1024,132,892
115000913,1,5,-4
115000915,16,0,16
115000916,50,47,3
115000917,0,78,-78
115000918,73,1162,-1089
115000919,20,75,-55
115000920,18,62,-44
115000921,341,89,252
115000922,355,758,-403
115000923,72,1221,-1149
115000925,253,264,-11
115000927,34,175,-141
115000933,31,255,-224
115000934,139,242,-103
115000935,197,17,180
115000936,35,1820,-1785
115000937,400,314,86
115000938,16,64,-48
115000939,19,66,-47
115900001,661,6,655
115900002,82,33,49
115900003,431,66,365
115900004,0,9,-9
115900005,491,42,449
115900006,427,116,311
115900008,357,2,355
115900009,116,138,-22
115900010,1372,71,1301
115900011,535,89,446
115900012,633,1,632
115900013,771,83,688
115900014,196,55,141
115900015,511,15,496
115900016,220,35,185
115900017,265,61,204
115900018,201,13,188
115900019,120,9,111
115900020,574,3,571
115900021,383,399,-16
115900022,621,22,599
115900023,1,22,-21
115900025,20,506,-486
115900026,1281,40,1241
115900027,0,111,-111
115900028,116,31,85
115900029,17,87,-70
115900030,77,29,48
115900031,50,274,-224
115900032,680,710,-30
115900033,0,35,-35
115900034,20,90,-70
115900035,108,4,104
115900036,52,5620,-5568
115900037,32,102,-70
115900038,45,15,30
115900039,621,142,479
115900041,118,1934,-1816
115900042,105,3,102
115900043,414,91,323
115900044,238,1365,-1127
115900046,1409,70,1339
115900047,45,313,-268
115900049,490,197,293
115900051,4,22,-18
115900052,65,44,21
115900053,1197,74,1123
115900054,797,17,780
115900055,31,29,2
115900056,808,44,764
115900057,2,31,-29
115900058,4,13,-9
115900060,107,63,44
115900061,760,4,756
115900062,129,57,72
115900063,31,1,30
115900064,125,181,-56
115900065,540,47,493
115900066,51,29,22
115900067,46,31,15
115900068,1784,2880,-1096
115900069,48,245,-197
115900070,740,23,717
115900071,0,124,-124
115900072,17,56,-39
115900073,190,200,-10
115900074,1,52,-51
115900075,109,76,33
115900076,1,28,-27
115900077,3,53,-50
115900078,76,1444,-1368
115900079,806,11,795
115900080,160,34,126
115900081,52,10,42
115900082,220,1145,-925
115900084,1411,8,1403
115900085,47,89,-42
115900086,1088,438,650
115900088,1,192,-191
115900089,1234,186,1048
115900090,1895,5,1890
115900091,53,26,27
115900092,135,42,93
115900093,1,23,-22
115900094,11,56,-45
115900096,18,10,8
115900097,13,73,-60
115900098,700,159,541
115900099,218,594,-376
115900100,13,140,-127
115900101,816,66,750
115900102,249,78,171
115900103,656,67,589
115900104,147,74,73
115900105,621,116,505
115900106,334,1,333
115900107,189,59,130
115900108,413,4,409
115900109,13,169,-156
115900110,21,1,20
115900111,1,23,-22
115900112,82,292,-210
115900113,131,13,118
115900114,27,28,-1
115900115,194,73,121
115900116,268,374,-106
115900117,273,10,263
115900118,3,90,-87
115900119,465,63,402
115900120,48,106,-58
115900121,517,34,483
115900124,246,1373,-1127
115900125,837,387,450
115900126,2009,84,1925
115900127,2202,96,2106
115900128,1,205,-204
115900129,1195,25,1170
115900130,2,305,-303
115900131,1063,209,854
115900132,1331,21,1310
115900134,1073,25,1048
115900135,237,542,-305
115900137,21,9,12
115900139,33,181,-148
115900140,862,55,807
115900141,3,81,-78
115900142,1,25,-24
115900143,558,114,444
115900144,573,96,477
115900146,22,44,-22
115900147,260,627,-367
115900148,17,31,-14
115900149,613,13,600
115900150,362,16,346
115900151,164,53,111
115900152,480,66,414
115900153,202,101,101
115900154,143,281,-138
115900155,0,11,-11
115900156,826,727,99
115900157,709,571,138
115900158,24,3,21
115900159,809,129,680
115900160,0,16,-16
115900161,52,80,-28
115900163,696,46,650
115900164,2119,22,2097
115900165,7,721,-714
115900166,251,79,172
115900168,961,107,854
115900171,235,131,104
115900172,34,94,-60
115900173,431,148,283
115900174,81,133,-52
115900175,376,114,262
115900178,26,112,-86
115900179,847,6,841
115900180,50,44,6
115900181,663,58,605
115900182,1425,87,1338
115900183,19,460,-441
115900184,373,3,370
115900187,3,202,-199
115900189,0,183,-183
115900190,331,1109,-778
115900191,8,139,-131
115900192,42,189,-147
115900193,173,837,-664
115900194,1864,34,1830
115900195,696,5544,-4848
115900198,1052,670,382
115900199,820,59,761
115900200,340,68,272
115900201,442,333,109
115900202,1,549,-548
115900203,2,0,2
115900204,0,18,-18
115900205,18,8,10
115900206,1061,69,992
115900207,123,21,102
115900208,284,61,223
115900209,14,87,-73
115900210,2,902,-900
115900211,0,155,-155
115900212,630,77,553
115900213,121,316,-195
115900214,1756,50,1706
115900215,42,369,-327
115900216,4,35,-31
115900217,1,9,-8
115900218,10,7,3
115900219,367,5,362
115900220,625,7,618
115900221,256,9,247
115900222,135,86,49
115900223,6,844,-838
115900224,1141,4085,-2944
115900225,89,124,-35
115900226,4,17,-13
115900227,46,24,22
115900228,0,24,-24
115900229,8,6,2
115900230,267,39,228
115900231,363,0,363
115900232,175,1,174
115900233,360,15,345
115900234,137,54,83
115900235,47,38,9
115900236,34,778,-744
115900237,38,69,-31
115900238,11,35,-24
115900239,30,48,-18
115900240,31,34,-3
115900241,626,25,601
115900242,466,872,-406
115900243,14,2,12
115900244,32,2,30
115900245,225,5,220
115900246,1,3,-2
115900247,1,2,-1
115900248,5,4,1
115900249,22,6,16
115900250,62,1,61
115900251,16,1,15
115900252,14,1,13
115900253,45,14,31
115900254,10,50,-40
115900255,0,40,-40
115900256,24,99,-75
115900257,1,4,-3
115900258,0,4,-4
115900259,62,13,49
115900260,26,0,26
115900261,73,0,73
115900262,6,3,3
115900263,33,2,31
115900264,38,6,32
115900265,19,9,10
115900266,10,14,-4
115900267,2,51,-49
115900268,6,247,-241
115900269,2108,105,2003
115900270,792,119,673
115900271,667,4,663
115900272,116,5,111
115900273,42,49,-7
115900274,0,1,-1
115900275,1,6,-5
115900276,0,11,-11
115900277,0,36,-36
115900278,138,75,63
115900279,30,386,-356
115900280,47,1780,-1733
115900281,164,316,-152
115900282,4,31,-27
115900283,42,3,39
115900284,137,13,124
116000001,4920,1307,3613
116000002,7118,25083,-17965
116000003,1348,914,434
116000004,7611,9558,-1947
116000005,971,2978,-2007
116000006,3498,8033,-4535
116000007,1930,1937,-7
116000008,8243,3654,4589
116000009,1155,839,316
116000010,5441,3604,1837
116000011,934,775,159
116000012,3210,1797,1413
116000013,4087,2246,1841
116000014,9592,36133,-26541
116000015,99,3368,-3269
116000016,4022,10068,-6046
116000017,65,708,-643
116000018,538,250,288
116000019,2618,193,2425
116000020,571,802,-231
116000021,2225,181,2044
116000022,1015,361,654
116000023,3180,2052,1128
116000024,794,733,61
116000025,1516,947,569
116000026,1813,3397,-1584
116000027,927,1072,-145
116000028,692,1139,-447
116000029,447,352,95
116000030,1105,736,369
116000031,25,89,-64
116000032,459,90,369
116000033,1306,268,1038
116000034,755,920,-165
116000035,507,290,217
116000036,182,1432,-1250
116000037,239,517,-278
116000038,132,753,-621
116000039,147,686,-539
116000040,520,901,-381
116000041,133,469,-336
116000042,1615,742,873
116000043,196,402,-206
116000044,2,43,-41
116000045,1290,1476,-186
116000046,943,1025,-82
116000047,2606,3134,-528
116000048,3500,1480,2020
116000049,2642,1953,689
116000050,1624,1084,540
116000051,3494,2318,1176
116000052,3581,2285,1296
116000053,3770,688,3082
116000054,1352,2218,-866
116000055,1069,1081,-12
116000056,2450,1088,1362
116000057,2366,1051,1315
116000058,4234,3069,1165
116000059,3449,6110,-2661
116000060,2665,1644,1021
116000061,417,2004,-1587
116000062,994,299,695
116000063,811,2513,-1702
116000066,1045,976,69
116000067,366,344,22
116000068,199,264,-65
116000069,408,179,229
116000078,988,1242,-254
116000080,1757,375,1382
116000082,4,10,-6
116000083,3310,312,2998
116000084,2016,1516,500
116000085,2411,3446,-1035
116000086,864,358,506
116000087,5434,2303,3131
116000088,3229,961,2268
116000089,301,170,131
116000090,432,148,284
116000091,250,1381,-1131
116000093,1251,238,1013
116000094,1914,766,1148
116000095,1425,363,1062
116000096,4095,6910,-2815
116000097,2040,481,1559
116000098,101,19770,-19669
116000099,10601,1029,9572
116000100,596,40,556
116000101,3588,303,3285
116000102,521,449,72
116000103,938,464,474
116000104,386,1585,-1199
116000105,2944,121,2823
116000106,1116,5434,-4318
116000107,4866,1399,3467
116000108,41,4124,-4083
116000111,411,29,382
116000113,183,52,131
116000114,42,95,-53
116000115,575,180,395
116000116,427,131,296
116000117,2800,1357,1443
116000118,2788,663,2125
116000119,7420,1548,5872
116000120,3239,2002,1237
116000121,2031,411,1620
116000122,1180,544,636
116000123,2665,565,2100
116000124,1302,326,976
116000125,5900,451,5449
116000126,750,385,365
116000127,1546,588,958
116000128,4196,692,3504
116000129,2976,95,2881
116000130,1617,890,727
116000133,4677,490,4187
116000134,2216,687,1529
116000135,5562,952,4610
116000136,1168,1110,58
116000137,1836,683,1153
116000138,944,349,595
116000139,3093,3688,-595
116000140,365,541,-176
116000141,1618,566,1052
116000142,4650,2366,2284
116000143,3464,2440,1024
116000144,3531,2088,1443
116000145,5768,1004,4764
116000146,1912,153,1759
116000147,484,372,112
116000148,1700,1404,296
116000149,789,473,316
116000151,1331,745,586
116000153,197,524,-327
116000155,317,491,-174
116000156,1785,592,1193
116000157,141,5,136
116000158,898,155,743
116000159,47,15,32
116000160,108,49,59
116000161,11,79,-68
116000162,76,573,-497
116000163,118,15,103
116000164,36,21,15
116000177,145,3332,-3187
116000194,128,335,-207
116000195,4679,560,4119
116000196,27,15,12
116000197,18,17,1
116000198,2751,1302,1449
116000200,710,1452,-742
116000201,1033,407,626
116000202,18,667,-649
116000203,1,25,-24
116000204,3,25,-22
116000205,0,113,-113
116000206,2,588,-586
116000207,25,496,-471
116000233,127,316,-189
116000287,729,101,628
116000288,802,309,493
116000292,251,43,208
116000296,22,126,-104
116000297,264,2,262
116000304,899,13,886
116000305,6,78,-72
116000346,692,133,559
116000352,189,80,109
116000354,100,108,-8
116000357,16,168,-152
116000358,1124,336,788
116000361,28,0,28
116000372,3434,11537,-8103
116000381,435,1,434
116000388,10,85,-75
116000389,1344,180,1164
116000445,2843,254,2589
116000446,1575,127,1448
116000447,31,905,-874
116000448,796,56,740
116000563,687,1154,-467
116000565,160,223,-63
116000568,75,918,-843
116000579,122,219,-97
116000584,120,4,116
116000585,221,77,144
116000586,63,111,-48
116000587,502,182,320
116000589,94,31,63
116000590,346,80,266
116000591,648,144,504
116000592,20,29,-9
116000593,0,13,-13
116000594,3345,162,3183
116000595,1779,60,1719
116000596,538,5,533
116000597,1471,526,945
116000598,326,138,188
116000602,19,1458,-1439
116000605,417,59,358
116000606,165,963,-798
116000607,0,11,-11
116000609,81,2719,-2638
116000611,518,145,373
116000612,3240,3181,59
116000613,1383,415,968
116000614,1059,156,903
116000615,1,385,-384
116000616,216,75,141
116000617,357,13,344
116000618,6,31,-25
116000619,49,200,-151
116000620,830,195,635
116000621,138,100,38
116000622,275,103,172
116000624,173,769,-596
116000627,264,31,233
116000628,526,162,364
116000629,182,149,33
116000630,2889,56,2833
116000631,1598,45,1553
116000632,2648,79,2569
116000633,74,154,-80
116000634,2444,26,2418
116000635,2042,2533,-491
116000636,243,1219,-976
116000637,1446,9,1437
116000638,19,265,-246
116900001,217,81,136
116900002,317,5,312
116900003,146,1,145
116900004,63,266,-203
116900005,708,17,691
116900006,133,381,-248
116900007,67,163,-96
116900008,1769,149,1620
116900009,27,57,-30
116900010,2,314,-312
116900011,15,25,-10
116900012,154,479,-325
116900013,13,65,-52
116900014,448,20,428
116900015,1686,55,1631
116900016,721,6,715
116900017,1,216,-215
116900018,191,173,18
116900019,2,110,-108
116900020,551,4665,-4114
116900023,46,49,-3
116900024,2225,19,2206
116900025,3188,456,2732
116900026,43,207,-164
116900027,229,33,196
116900028,5,40,-35
116900029,4,400,-396
116900031,1,2,-1
116900032,5,97,-92
116900033,74,15,59
116900034,9,19,-10
116900035,433,112,321
116900036,30,125,-95
116900038,17,2,15
116900041,267,5,262
116900042,346,182,164
116900043,72,24,48
116900047,99,765,-666
116900049,68,165,-97
116900050,65,159,-94
116900051,1005,50,955
116900052,381,191,190
116900055,0,51,-51
116900057,42,111,-69
116900058,23,155,-132
116900059,0,19,-19
116900060,224,243,-19
116900062,4,300,-296
116900064,159,122,37
116900065,3,91,-88
116900067,131,20,111
116900068,263,131,132
116900070,65,7,58
116900072,90,68,22
116900073,22,60,-38
116900074,7,39,-32
116900076,54,285,-231
116900077,0,36,-36
116900078,168,25,143
116900079,134,79,55
116900080,5,32,-27
116900081,165,512,-347
116900082,305,1132,-827
116900083,16,10,6
116900084,98,23,75
116900085,5,60,-55
116900086,11,114,-103
116900088,344,17,327
116900090,6,4,2
116900091,1462,25,1437
116900092,103,246,-143
116900093,2496,1744,752
116900094,4233,10107,-5874
116900095,710,145,565
116900096,305,809,-504
116900097,1576,7797,-6221
116900098,568,228,340
116900099,270,420,-150
116900100,2900,249,2651
116900101,196,578,-382
116900103,7,0,7
116900104,15,177,-162
116900105,998,410,588
116900106,8325,97,8228
116900107,1234,5820,-4586
116900110,42,0,42
116900111,1867,387,1480
116900112,501,267,234
116900113,1215,5670,-4455
116900116,17,582,-565
116900117,537,752,-215
116900118,693,1436,-743
116900120,996,73,923
116900121,539,47,492
116900122,2851,595,2256
116900123,1433,383,1050
116900124,165,240,-75
116900125,1105,69,1036
116900126,152,1645,-1493
116900128,4,32,-28
116900129,1,321,-320
116900130,871,10224,-9353
116900131,87,443,-356
116900132,170,146,24
116900133,536,142,394
116900134,470,157,313
116900136,394,569,-175
116900137,401,158,243
116900138,130,101,29
116900139,41,128,-87
116900140,193,35,158
116900141,664,78,586
116900142,1,46,-45
116900143,1027,88,939
116900144,133,16,117
116900145,229,115,114
116900147,233,1272,-1039
116900148,2,17,-15
116900149,93,284,-191
116900150,1,4,-3
116900151,78,20,58
116900153,231,169,62
116900154,381,1143,-762
116900155,105,129,-24
116900157,2087,44,2043
116900158,178,446,-268
116900159,145,524,-379
116900160,1585,723,862
116900161,3290,18497,-15207
116900162,61,122,-61
116900163,728,51,677
116900164,197,53,144
116900165,1271,424,847
116900166,152,184,-32
116900167,1144,11,1133
116900168,1519,21,1498
116900169,153,805,-652
116900170,1086,373,713
116900171,113,125,-12
116900172,131,1229,-1098
116900173,1231,3,1228
116900174,42,304,-262
116900175,765,341,424
116900178,129,76,53
116900179,89,781,-692
116900180,172,2,170
116900182,1069,200,869
116900183,329,232,97
116900185,52,13,39
116900186,256,54,202
116900187,106,110,-4
116900188,458,11,447
116900189,188,1,187
116900191,128,131,-3
116900192,874,242,632
116900194,156,2531,-2375
116900195,32,5,27
116900196,8,26,-18
116900197,268,13,255
116900198,73,1716,-1643
116900200,257,3,254
116900201,727,5,722
116900202,89,10,79
116900203,458,7,451
116900204,50,473,-423
116900206,67,6,61
116900207,10,25,-15
116900208,9,49,-40
116900209,80,14,66
116900210,448,210,238
116900211,294,10,284
116900212,305,1,304
116900213,252,68,184
116900214,688,247,441
116900215,62,20,42
116900216,456,159,297
116900218,182,200,-18
116900219,835,98,737
116900220,172,194,-22
116900221,273,347,-74
116900222,474,239,235
116900223,30,48,-18
116900226,505,15,490
116900227,824,30,794
116900228,959,120,839
116900230,136,76,60
116900231,165,191,-26
116900232,82,288,-206
116900233,748,140,608
116900234,52,15,37
116900235,170,157,13
116900238,493,89,404
116900239,37,1667,-1630
116900240,3779,7271,-3492
116900241,101,65,36
116900242,646,2062,-1416
116900243,1,70,-69
116900245,74,133,-59
116900246,83,14,69
116900247,2084,40,2044
116900248,133,15,118
116900249,1764,18,1746
116900250,1048,101,947
116900251,318,2809,-2491
116900252,861,659,202
116900253,403,60,343
116900254,146,154,-8
116900255,167,346,-179
116900256,1190,382,808
116900257,143,756,-613
116900258,14,25,-11
116900259,729,73,656
116900260,3,38,-35
116900261,89,8,81
116900262,160,216,-56
116900263,0,9,-9
116900264,3,8,-5
116900265,299,0,299
116900266,45,7,38
116900267,35,0,35
116900268,41,529,-488
116900269,605,1122,-517
116900271,551,1728,-1177
116900272,404,277,127
116900273,29,146,-117
116900274,328,39,289
116900275,679,105,574
116900276,495,912,-417
116900277,209,122,87
116900278,2,8,-6
116900279,10,8,2
116900280,178,9,169
116900281,2652,14729,-12077
116900282,0,41,-41
116900283,10,11,-1
116900284,0,84,-84
116900285,91,1063,-972
116900286,156,5,151
116900287,18,10,8
116900288,381,36,345
116900289,96,1,95
116900290,34,2,32
116900291,66,10,56
116900292,0,30,-30
116900293,304,7,297
116900294,18,64,-46
116900295,404,252,152
116900296,124,148,-24
116900297,1,72,-71
116900298,51,111,-60
116900299,1,136,-135
116900300,0,100,-100
116900301,42,377,-335
116900302,25,81,-56
116900303,177,216,-39
116900304,0,258,-258
116900305,10,49,-39
116900306,601,71,530
117000001,4760,5603,-843
117000002,2607,3378,-771
117000003,8276,3235,5041
117000004,2807,4180,-1373
117000005,5865,2103,3762
117000006,1518,2037,-519
117000007,12876,1461,11415
117000008,1841,2690,-849
117000009,6774,1897,4877
117000010,1400,2380,-980
117000011,6468,1895,4573
117000012,3182,2156,1026
117000013,4489,1535,2954
117000014,2673,3057,-384
117000015,5135,2695,2440
117000016,341,311,30
117000017,87,305,-218
117000018,178,1778,-1600
117000019,50,2,48
117000020,451,4758,-4307
117000021,1598,494,1104
117000022,117,507,-390
117000023,86,589,-503
117000024,191,979,-788
117000025,254,3646,-3392
117000026,2758,4044,-1286
117000027,948,2782,-1834
117000028,805,1756,-951
117000030,393,466,-73
117000031,704,267,437
117000032,2051,1910,141
117000033,2559,1181,1378
117000034,618,237,381
117000035,553,315,238
117000036,1015,400,615
117000037,473,162,311
117000038,410,452,-42
117000039,363,431,-68
117000040,82,516,-434
117000041,2686,162,2524
117000044,15,308,-293
117000045,1932,801,1131
117000046,314,956,-642
117000047,915,1129,-214
117000048,1560,824,736
117000049,58,390,-332
117000050,1734,2688,-954
117000051,5215,109,5106
117000052,223,176,47
117000053,3054,26,3028
117000054,3153,6,3147
117000055,0,842,-842
117000056,953,40,913
117000057,1985,2304,-319
117000060,536,922,-386
117000061,4103,2262,1841
117000062,203,673,-470
117000063,2263,734,1529
117000064,549,448,101
117000066,467,693,-226
117000067,126,652,-526
117000074,36,254,-218
117000076,90,77,13
117000077,288,186,102
117000078,145,1453,-1308
117000079,581,261,320
117000080,0,416,-416
117000081,1024,187,837
117000082,46,147,-101
117000083,172,54,118
117000084,335,1,334
117000085,839,1988,-1149
117000086,1084,665,419
117000087,215,787,-572
117000088,943,201,742
117000089,5404,158,5246
117000090,692,584,108
117000091,3078,166,2912
117000092,877,621,256
117000093,4569,310,4259
117000094,1635,676,959
117000095,6414,401,6013
117000096,1422,624,798
117000097,4984,788,4196
117000098,3031,1393,1638
117000099,9098,762,8336
117000100,526,343,183
117000101,371,472,-101
117000102,3880,410,3470
117000103,871,680,191
117000104,4072,483,3589
117000105,790,706,84
117000106,4188,379,3809
117000107,992,1035,-43
117000108,4847,1047,3800
117000109,971,1444,-473
117000110,2604,3387,-783
117000111,6325,4654,1671
117000112,7720,1148,6572
117000113,159,78,81
117000114,559,909,-350
117000115,88,38,50
117000116,388,556,-168
117000117,1931,973,958
117000118,896,666,230
117000119,188,597,-409
117000120,11,792,-781
117000121,6,1166,-1160
117000122,1199,2339,-1140
117000123,2710,74,2636
117000124,35,203,-168
117000125,59,440,-381
117000126,52,62,-10
117000127,207,685,-478
117000128,168,1135,-967
117000129,218,1210,-992
117000130,290,0,290
117000131,0,118,-118
117000132,10565,33,10532
117000133,8023,26,7997
117000134,0,110,-110
117000135,2,156,-154
117000136,0,12,-12
117000137,424,129,295
117000138,2,891,-889
117000140,718,574,144
117000141,3537,473,3064
117000181,398,193,205
117000182,2718,3281,-563
117000195,496,293,203
117000196,706,286,420
117000225,60,373,-313
117000226,14,307,-293
117000276,1039,54,985
117000277,0,80,-80
117000310,1253,5043,-3790
117000315,241,1308,-1067
117000320,108,0,108
117000906,1299,26,1273
117000907,0,125,-125
117000908,4,279,-275
117000909,155,105,50
117000910,403,109,294
117000911,60,195,-135
117000915,1,140,-139
117000916,182,12,170
117000917,2630,124,2506
117000918,366,306,60
117000919,1,89,-88
117000920,3,2800,-2797
117000921,1,427,-426
117000922,126,57,69
117000924,2208,1230,978
117000926,622,259,363
117000927,310,663,-353
117000928,0,144,-144
117000929,1143,93,1050
117000930,1885,11,1874
117000931,144,93,51
117900002,150,1260,-1110
117900003,105,132,-27
117900005,5,329,-324
117900006,0,37,-37
117900007,486,75,411
117900008,0,22,-22
117900010,817,59,758
117900011,20,708,-688
117900012,216,46,170
117900013,2,1086,-1084
117900014,1332,106,1226
117900015,58,86,-28
117900016,1266,2179,-913
117900017,1770,279,1491
117900018,576,546,30
117900019,1940,183,1757
117900020,49,245,-196
117900021,57,154,-97
117900022,41,9,32
117900023,3005,177,2828
117900024,204,237,-33
117900025,37,3,34
117900026,1059,286,773
117900028,161,22,139
117900029,772,309,463
117900030,534,626,-92
117900031,628,470,158
117900032,1994,824,1170
117900033,1059,307,752
117900034,214,29,185
117900035,545,2036,-1491
117900036,613,227,386
117900037,476,64,412
117900038,296,80,216
117900039,0,102,-102
117900040,678,87,591
117900041,0,26,-26
117900042,3172,781,2391
117900043,0,12,-12
117900044,137,7380,-7243
117900045,627,143,484
117900048,523,366,157
117900049,595,427,168
117900050,4,502,-498
117900051,61,40,21
117900052,233,1062,-829
117900053,3834,219,3615
117900054,0,6,-6
117900055,1444,527,917
117900056,81,186,-105
117900057,2093,1022,1071
117900058,8,91,-83
117900059,185,246,-61
117900060,6706,3326,3380
117900061,3,476,-473
117900063,969,264,705
117900065,445,1418,-973
117900066,11,301,-290
117900067,1927,236,1691
117900069,2258,140,2118
117900070,70,503,-433
117900071,455,141,314
117900073,2105,118,1987
117900074,17,657,-640
117900075,319,118,201
117900076,51,127,-76
117900077,1672,144,1528
117900078,920,697,223
117900080,401,32,369
117900081,515,185,330
117900082,1824,402,1422
117900083,1933,504,1429
117900086,380,61,319
117900087,330,15,315
117900088,1003,797,206
117900089,5160,600,4560
117900090,1589,839,750
117900091,211,36,175
117900092,437,64,373
117900093,332,18,314
117900094,129,50,79
117900095,1234,924,310
117900096,485,421,64
117900097,373,114,259
117900098,261,30,231
117900099,674,847,-173
117900100,1875,8,1867
117900101,1502,4156,-2654
117900102,251,29,222
117900103,179,3,176
117900104,1,410,-409
117900105,66,259,-193
117900106,184,22,162
117900107,306,0,306
117900109,2960,842,2118
117900110,709,1,708
117900111,3007,267,2740
117900112,274,16,258
117900113,2556,4569,-2013
117900114,189,0,189
117900115,15,264,-249
117900116,1747,475,1272
117900117,1912,229,1683
117900118,639,2,637
117900119,699,24,675
117900120,1606,17,1589
117900121,187,44,143
117900122,1137,12393,-11256
117900123,1767,676,1091
117900124,406,1565,-1159
117900125,2441,928,1513
117900126,295,230,65
117900127,1790,294,1496
117900128,1047,538,509
117900129,351,2,349
117900130,1553,1561,-8
117900131,17,145,-128
117900132,16,46,-30
117900133,15,22,-7
117900134,283,390,-107
117900135,103,146,-43
117900136,0,1,-1
117900137,220,128,92
117900138,0,8,-8
117900139,161,107,54
117900140,5671,1220,4451
117900141,40,307,-267
117900142,9,547,-538
117900144,30,806,-776
117900145,8,538,-530
117900146,116,568,-452
117900147,210,193,17
117900148,3248,5108,-1860
117900149,92,149,-57
117900150,194,88,106
117900151,133,157,-24
117900152,51,188,-137
117900153,58,290,-232
117900154,952,477,475
117900156,286,301,-15
117900157,129,263,-134
117900158,815,56,759
117900160,1939,794,1145
117900161,1318,478,840
117900162,1209,349,860
117900163,43,1020,-977
117900165,0,0,0
117900166,16,192,-176
117900168,205,255,-50
117900169,0,57,-57
117900170,0,34,-34
117900171,20,15,5
117900172,50,24,26
117900173,90,40,50
117900174,29,35,-6
117900175,1,42,-41
117900176,42,17,25
117900177,95,9,86
117900178,136,63,73
117900180,353,27,326
117900181,194,1016,-822
117900182,2,168,-166
117900183,365,163,202
117900184,69,79,-10
117900185,98,102,-4
117900186,155,11,144
117900187,64,13,51
117900188,560,152,408
117900189,353,58,295
117900190,35,2,33
117900191,224,0,224
117900192,891,0,891
117900193,26,54,-28
117900194,4,3,1
117900195,49,928,-879
117900196,81,62,19
117900207,177,251,-74
117900208,95,23,72
117900209,428,106,322
117900210,260,74,186
117900211,3,55,-52
117900212,335,121,214
117900213,105,38,67
117900214,30,11,19
117900215,76,28,48
117900216,10,86,-76
117900217,134,199,-65
117900218,103,204,-101
117900219,1,204,-203
117900220,48,354,-306
117900222,340,136,204
117900223,209,673,-464
118000001,911,2448,-1537
118000002,724,1330,-606
118000003,2477,4599,-2122
118000004,1282,3799,-2517
118000005,4509,2854,1655
118000006,2748,3985,-1237
118000007,6625,12491,-5866
118000008,1044,10701,-9657
118000009,1840,4248,-2408
118000010,4488,4769,-281
118000011,4388,1586,2802
118000012,1449,2923,-1474
118000013,3177,3255,-78
118000014,1996,1963,33
118000016,457,181,276
118000017,1064,501,563
118000018,517,176,341
118000019,1368,2181,-813
118000020,422,1911,-1489
118000021,559,2505,-1946
118000022,1273,498,775
118000023,537,348,189
118000024,735,842,-107
118000027,9966,7091,2875
118000029,663,1034,-371
118000032,385,2250,-1865
118000033,2011,4242,-2231
118000034,2928,2984,-56
118000035,2018,2143,-125
118000036,1397,1140,257
118000037,1145,1408,-263
118000038,1174,80,1094
118000039,235,88,147
118000040,3373,1449,1924
118000041,5385,2016,3369
118000045,146,239,-93
118000046,612,1283,-671
118000047,561,2667,-2106
118000048,1640,3800,-2160
118000051,1325,3560,-2235
118000052,342,1267,-925
118000053,412,2067,-1655
118000054,3253,2234,1019
118000055,2348,1833,515
118000056,77,785,-708
118000057,188,1388,-1200
118000058,2333,5607,-3274
118000059,1443,3437,-1994
118000060,2142,1666,476
118000061,2263,1975,288
118000062,631,196,435
118000063,498,896,-398
118000064,927,1976,-1049
118000065,2594,2089,505
118000066,1405,3124,-1719
118000067,561,861,-300
118000068,808,13644,-12836
118000069,1365,1373,-8
118000070,8549,3029,5520
118000071,4695,16013,-11318
118000072,787,5526,-4739
118000073,412,2485,-2073
118000074,509,1254,-745
118000075,850,518,332
118000076,2377,11004,-8627
118000077,1265,1327,-62
118000078,3176,2977,199
118000079,209,672,-463
118000080,428,808,-380
118000081,1928,1681,247
118000082,397,1171,-774
118000083,1406,1475,-69
118000084,1524,4044,-2520
118000086,146,1012,-866
118000087,4284,2915,1369
118000088,1691,1911,-220
118000089,4178,4548,-370
118000090,1454,5312,-3858
118000091,1475,8157,-6682
118000092,802,757,45
118000093,105,865,-760
118000096,970,528,442
118000097,986,602,384
118000098,330,269,61
118000099,1093,230,863
118000101,2953,410,2543
118000102,607,419,188
118000107,1843,312,1531
118000108,779,10561,-9782
118000110,1,23,-22
118000111,4,120,-116
118000112,3021,44,2977
118000113,10,494,-484
118000114,2771,70,2701
118000115,49,11,38
118000116,67,0,67
118000117,869,692,177
118000118,1916,1365,551
118000119,2267,1678,589
118000120,1743,964,779
118000121,5,526,-521
118000122,453,250,203
118000123,81,259,-178
118000125,1047,1365,-318
118000126,1113,3251,-2138
118000127,1899,1167,732
118000128,492,2427,-1935
118000129,2098,1168,930
118000130,2204,3465,-1261
118000131,391,795,-404
118000132,3618,3339,279
118000133,2511,908,1603
118000135,1182,1166,16
118000136,140,919,-779
118000137,602,64,538
118000138,713,423,290
118000139,890,116,774
118000140,5288,12818,-7530
118000141,4690,1795,2895
118000142,5060,2446,2614
118000143,5142,2910,2232
118000144,755,499,256
118000145,1857,1189,668
118000146,2132,252,1880
118000147,1857,737,1120
118000148,1604,2092,-488
118000149,1320,492,828
118000150,1735,201,1534
118000151,1266,212,1054
118000153,3309,832,2477
118000154,3033,909,2124
118000155,4081,1134,2947
118000156,2477,5211,-2734
118000157,858,390,468
118000158,296,848,-552
118000159,88,171,-83
118000160,1278,383,895
118000161,966,326,640
118000162,2494,922,1572
118000163,2046,1215,831
118000164,2723,1720,1003
118000168,584,2409,-1825
118000169,1365,945,420
118000170,3647,2771,876
118000171,742,417,325
118000172,33,160,-127
118000173,1134,1487,-353
118000175,272,223,49
118000176,676,274,402
118000177,526,406,120
118000178,33,37,-4
118000179,856,837,19
118000180,639,379,260
118000181,640,165,475
118000182,338,94,244
118000183,336,266,70
118000184,2600,460,2140
118000185,467,2740,-2273
118000186,528,1634,-1106
118000187,4276,349,3927
118000188,2136,52,2084
118000189,2564,191,2373
118000190,19,2,17
118000191,52,15,37
118000192,10,195,-185
118000193,11,229,-218
118000194,2538,1492,1046
118000195,237,4070,-3833
118000196,109,836,-727
118000197,104,403,-299
118000198,279,2147,-1868
118000199,333,1434,-1101
118000200,103,868,-765
118000201,100,1093,-993
118000202,30,815,-785
118000203,306,2277,-1971
118000204,48,830,-782
118000205,95,367,-272
118000206,398,279,119
118000207,1,95,-94
118000208,2331,1687,644
118000209,3314,599,2715
118000210,594,28,566
118000211,414,39,375
118000213,672,4882,-4210
118000214,322,889,-567
118000215,605,139,466
118000216,11991,2422,9569
118000217,9,48,-39
118000218,141,27,114
118000219,380,338,42
118000220,85,51,34
118000221,2035,1682,353
118000222,146,6,140
118000223,146,74,72
118000224,147,63,84
118000225,331,708,-377
118000226,3024,182,2842
118000227,670,601,69
118000228,63,334,-271
118000229,30,688,-658
118000230,222,170,52
118000231,130,195,-65
118000232,1460,191,1269
118000233,2711,492,2219
118000234,1047,74,973
118000236,309,391,-82
118000237,314,137,177
118000238,403,57,346
118000239,666,366,300
118000240,113,123,-10
118000241,569,181,388
118000242,1154,142,1012
118000243,525,111,414
118000244,135,49,86
118000246,1,51,-50
118000255,62,488,-426
118000256,268,239,29
118000259,28,125,-97
118000260,557,55,502
118000261,152,9,143
118000263,164,267,-103
118000266,313,143,170
118000267,0,129,-129
118000268,471,3,468
118000270,379,3,376
118000271,589,149,440
118000272,79,53,26
118000273,797,57,740
118000274,90,207,-117
118000276,725,140,585
118000295,37,214,-177
118000298,223,200,23
118000299,54,39,15
118000301,0,46,-46
118000302,156,10,146
118000311,2668,97,2571
118000312,949,78,871
118000313,140,55,85
118000314,333,23,310
118000315,242,37,205
118000316,1645,212,1433
118000325,284,12,272
118000326,114,54,60
118000331,116,0,116
118000332,30,9,21
118000333,112,34,78
118000335,1958,12,1946
118000336,0,209,-209
118000407,930,24,906
118000457,3,29,-26
118000465,687,3352,-2665
118000480,180,62,118
118000489,18,1138,-1120
118000490,7,228,-221
118000492,1319,317,1002
118000510,80,11,69
118000514,100,291,-191
118000515,1066,2776,-1710
118000517,331,170,161
118000524,299,606,-307
118000525,527,748,-221
118000530,19,262,-243
118000531,904,242,662
118000532,300,121,179
118000533,238,78,160
118000534,1013,252,761
118000535,672,52,620
118000536,31,444,-413
118000537,62,102,-40
118000538,13,88,-75
118000539,34,201,-167
118000540,323,203,120
118000541,161,163,-2
118000542,190,419,-229
118000543,611,292,319
118000546,124,22,102
118000560,751,4541,-3790
118000562,156,50,106
118000563,1802,1901,-99
118000576,246,17,229
118000577,247,210,37
118000578,137,21,116
118000579,459,3263,-2804
118000595,324,58,266
118000596,0,163,-163
118000597,365,92,273
118000598,61,1,60
118000599,351,39,312
118000600,0,27,-27
118000601,102,1,101
118000602,0,20,-20
118000603,0,8,-8
118900001,615,1572,-957
118900002,836,1292,-456
118900003,1481,6,1475
118900004,203,31,172
118900005,114,5,109
118900006,409,1,408
118900007,1,1,0
118900008,961,21,940
118900009,268,198,70
118900010,203,25,178
118900011,281,7,274
118900012,480,147,333
118900013,1522,1200,322
118900015,732,27,705
118900016,5,3,2
118900017,37,322,-285
118900018,1347,37,1310
118900019,1,13,-12
118900020,28,71,-43
118900021,209,569,-360
118900022,214,5,209
118900023,89,113,-24
118900024,187,196,-9
118900025,44,243,-199
118900026,143,8,135
118900027,385,247,138
118900028,283,123,160
118900029,406,349,57
118900030,1795,146,1649
118900031,235,55,180
118900032,278,87,191
118900033,499,824,-325
118900034,482,46,436
118900035,220,87,133
118900036,1991,379,1612
118900037,564,990,-426
118900038,1089,55,1034
118900039,2029,278,1751
118900040,399,78,321
118900041,1400,109,1291
118900042,181,57,124
118900045,221,258,-37
118900046,332,302,30
118900047,285,614,-329
118900048,51,452,-401
118900049,48,13,35
118900050,313,3,310
118900051,124,118,6
118900052,284,495,-211
118900053,12,42,-30
118900054,206,140,66
118900055,435,6,429
118900056,47,186,-139
118900057,1128,756,372
118900058,945,566,379
118900059,10,66,-56
118900060,225,303,-78
118900062,436,125,311
118900064,146,966,-820
118900065,141,252,-111
118900066,190,62,128
118900067,2837,7042,-4205
118900068,11,804,-793
118900069,1109,124,985
118900071,3,9,-6
118900072,973,1341,-368
118900073,585,90,495
118900074,287,62,225
118900075,506,1,505
118900076,223,47,176
118900077,776,161,615
118900078,6,0,6
118900079,29,118,-89
118900080,330,68,262
118900081,56,47,9
118900082,3855,347,3508
118900083,35,0,35
118900084,38,2,36
118900085,327,203,124
118900086,81,129,-48
118900087,190,1865,-1675
118900088,7,6,1
118900089,65,13,52
118900090,217,72,145
118900091,195,317,-122
118900092,599,18,581
118900093,120,6,114
118900096,147,8,139
118900097,524,259,265
118900099,28,112,-84
118900100,64,93,-29
118900101,747,181,566
118900102,72,118,-46
118900103,29,94,-65
118900104,805,86,719
118900105,230,27,203
118900107,47,21,26
118900108,145,180,-35
118900110,1597,1992,-395
118900111,1466,615,851
118900112,509,340,169
118900113,132,396,-264
118900114,20,67,-47
118900115,307,280,27
118900116,166,58,108
118900117,181,17,164
118900118,768,88,680
118900119,265,162,103
118900120,83,250,-167
118900121,86,79,7
118900122,9,1037,-1028
118900123,98,261,-163
118900124,288,303,-15
118900126,79,233,-154
118900129,486,105,381
118900130,60,102,-42
118900131,809,254,555
118900132,469,198,271
118900133,14,155,-141
118900135,416,85,331
118900136,537,114,423
118900137,5,85,-80
118900139,869,460,409
118900140,726,228,498
118900141,156,201,-45
118900144,281,109,172
118900145,7,277,-270
118900146,759,359,400
118900147,116,421,-305
118900148,37,67,-30
118900150,76,826,-750
118900152,720,259,461
118900157,26,200,-174
118900158,516,53,463
118900159,0,79,-79
118900161,76,39,37
118900163,31,55,-24
118900164,0,26,-26
118900165,181,86,95
118900166,4,1,3
118900167,90,61,29
118900168,61,141,-80
118900169,491,171,320
118900170,828,61,767
118900171,123,24,99
118900174,57,36,21
118900175,755,380,375
118900176,291,509,-218
118900177,188,11,177
118900178,111,32,79
118900179,8,13,-5
118900181,229,55,174
118900182,17,43,-26
118900183,26,246,-220
118900184,263,33,230
118900185,203,33,170
118900186,51,65,-14
118900187,202,374,-172
118900188,369,155,214
118900189,39,655,-616
118900190,215,117,98
118900191,1042,54,988
118900192,1234,66,1168
118900193,2589,6,2583
118900195,225,513,-288
118900196,27,105,-78
118900197,930,3,927
118900198,99,1,98
118900199,224,5,219
118900200,101,40,61
118900201,95,99,-4
118900202,2,27,-25
118900203,143,13,130
118900204,40,10,30
118900205,0,3,-3
118900206,3,5,-2
119000001,2836,1901,935
119000002,5113,4101,1012
119000003,9120,1163,7957
119000004,5649,2854,2795
119000005,3722,4174,-452
119000006,7478,3522,3956
119000007,6678,5534,1144
119000008,2972,2746,226
119000009,3140,11276,-8136
119000010,5282,7643,-2361
119000011,2681,3834,-1153
119000012,1647,5651,-4004
119000013,4475,2406,2069
119000014,3376,3850,-474
119000019,574,271,303
119000020,4864,2090,2774
119000021,8837,4553,4284
119000022,2122,6694,-4572
119000023,214,417,-203
119000024,2393,32078,-29685
119000025,4257,1800,2457
119000026,26,870,-844
119000027,130,801,-671
119000028,2560,796,1764
119000029,28,213,-185
119000030,1075,1018,57
119000031,2343,865,1478
119000032,2254,1524,730
119000033,3974,948,3026
119000034,3225,682,2543
119000035,35,209,-174
119000036,5726,307,5419
119000037,3240,598,2642
119000038,570,293,277
119000039,1182,680,502
119000040,899,1338,-439
119000041,1648,3017,-1369
119000048,2692,1084,1608
119000049,5027,1470,3557
119000050,1352,3806,-2454
119000051,3862,1776,2086
119000052,3112,2549,563
119000053,3368,1298,2070
119000054,5631,1000,4631
119000055,10346,1176,9170
119000056,6451,1165,5286
119000057,2736,653,2083
119000058,1830,886,944
119000059,920,580,340
119000060,3858,438,3420
119000061,1317,284,1033
119000062,1461,604,857
119000063,1064,828,236
119000064,894,637,257
119000065,1751,3307,-1556
119000066,2668,1319,1349
119000067,2462,867,1595
119000068,3528,593,2935
119000069,3745,1151,2594
119000070,6831,383,6448
119000071,983,312,671
119000072,5294,3046,2248
119000073,6879,14434,-7555
119000074,3273,1009,2264
119000075,8661,2555,6106
119000076,155,549,-394
119000077,1626,556,1070
119000078,870,401,469
119000079,280,348,-68
119000080,1472,160,1312
119000081,575,365,210
119000082,1668,189,1479
119000083,1067,599,468
119000084,708,330,378
119000085,657,103,554
119000086,473,940,-467
119000087,939,182,757
119000088,401,60,341
119000089,175,139,36
119000090,184,43,141
119000091,81,258,-177
119000092,225,158,67
119000093,3688,1819,1869
119000094,7722,5874,1848
119000095,4770,2683,2087
119000097,1267,777,490
119000098,1391,9581,-8190
119000099,2275,654,1621
119000100,7219,3648,3571
119000101,6077,1678,4399
119000102,434,2082,-1648
119000103,1180,665,515
119000104,1290,583,707
119000105,1885,4367,-2482
119000106,831,416,415
119000107,2480,809,1671
119000108,1203,383,820
119000109,199,352,-153
119000110,272,317,-45
119000111,63,727,-664
119000112,201,88,113
119000113,1000,176,824
119000114,1720,2472,-752
119000115,53,148,-95
119000116,139,71,68
119000117,392,359,33
119000118,59,0,59
119000123,2369,2008,361
119000124,2319,118,2201
119000125,9223,498,8725
119000126,2983,417,2566
119000127,1649,233,1416
119000128,15,0,15
119000131,1978,142,1836
119000132,0,1,-1
119000133,7,9,-2
119000134,879,1212,-333
119000135,388,322,66
119000136,720,67,653
119000137,687,141,546
119000138,1658,48,1610
119000139,302,56,246
119000140,436,393,43
119000284,1454,2022,-568
119000285,1639,828,811
119000286,4461,2687,1774
119000287,2487,3119,-632
119000288,3635,897,2738
119000289,1989,1926,63
119000290,487,418,69
119000291,58,512,-454
119000293,177,330,-153
119000294,55,39,16
119000295,2297,263,2034
119000296,495,93,402
119000302,1748,1660,88
119000303,13,152,-139
119000314,2489,18197,-15708
119000315,0,98,-98
119000316,517,50,467
119000317,253,100,153
119900001,81,2571,-2490
119900002,561,159,402
119900003,3,195,-192
119900004,137,4680,-4543
119900005,478,107,371
119900006,97,539,-442
119900007,429,339,90
119900008,50,687,-637
119900009,768,233,535
119900010,1168,331,837
119900011,17,508,-491
119900012,7,325,-318
119900013,1787,1214,573
119900014,814,84,730
119900015,678,93,585
119900016,139,95,44
119900017,43,109,-66
119900018,832,2787,-1955
119900019,112,1,111
119900020,185,117,68
119900021,261,44,217
119900022,96,1595,-1499
119900023,458,4191,-3733
119900025,816,26,790
119900026,637,90,547
119900027,2,17,-15
119900028,597,344,253
119900029,3,2,1
119900030,1227,930,297
119900031,87,1555,-1468
119900033,1177,217,960
119900034,1948,33,1915
119900037,352,33,319
119900038,21,962,-941
119900039,161,14,147
119900040,205,41,164
119900041,574,13,561
119900042,94,1302,-1208
119900043,135,210,-75
119900044,171,1285,-1114
119900046,531,11,520
119900047,1190,440,750
119900048,132,5,127
119900049,323,4,319
119900050,224,280,-56
119900051,2534,12,2522
119900052,356,17,339
119900053,728,257,471
119900054,989,27,962
119900055,2105,204,1901
119900057,1012,6,1006
119900058,1009,12,997
119900059,219,16,203
119900060,725,62,663
119900062,456,3,453
119900063,39,141,-102
119900064,1194,149,1045
119900065,474,21,453
119900066,0,0,0
119900067,209,241,-32
119900068,1610,2,1608
119900069,283,15,268
119900070,2035,5,2030
119900071,2065,66,1999
119900073,3203,90,3113
119900074,83,32,51
119900075,2157,1714,443
119900076,1743,277,1466
119900077,2342,251,2091
119900078,1246,1426,-180
119900079,1920,39,1881
119900080,2887,500,2387
119900081,2086,8,2078
119900082,3995,332,3663
119900083,898,89,809
119900084,915,404,511
119900085,118,24,94
119900087,289,426,-137
119900088,119,26,93
119900089,56,178,-122
119900090,136,9,127
119900091,55,199,-144
119900092,39,508,-469
119900093,1595,166,1429
119900094,2,199,-197
119900095,288,35,253
119900096,99,92,7
119900097,71,229,-158
119900098,32,12,20
119900099,40,105,-65
119900100,413,2803,-2390
119900101,106,802,-696
119900102,81,63,18
119900103,80,60,20
119900104,47,71,-24
119900105,780,1688,-908
119900106,14,54,-40
119900107,371,961,-590
119900108,3248,450,2798
119900109,48,65,-17
119900110,957,292,665
119900111,309,81,228
119900112,463,1473,-1010
119900113,84,197,-113
119900114,434,244,190
119900115,1121,182,939
119900116,391,498,-107
119900117,561,197,364
119900118,342,142,200
119900119,547,134,413
119900120,465,233,232
119900121,1353,283,1070
119900122,184,105,79
119900123,108,112,-4
119900124,561,232,329
119900125,98,104,-6
119900126,1586,247,1339
119900127,586,240,346
119900128,1011,1510,-499
119900129,887,136,751
119900130,43,77,-34
119900131,110,73,37
119900132,2,24,-22
119900133,368,63,305
119900134,328,60,268
119900135,1,176,-175
119900136,184,110,74
119900138,263,215,48
119900139,15,1221,-1206
119900140,20,37,-17
119900141,18,1170,-1152
119900142,19,31,-12
119900143,23,123,-100
119900144,779,277,502
119900145,64,238,-174
119900146,472,177,295
119900147,1,244,-243
119900148,712,20,692
119900149,377,11357,-10980
119900150,183,78,105
119900151,2333,1127,1206
119900152,449,107,342
119900153,368,56,312
119900154,28,131,-103
119900155,131,10,121
119900156,6,3,3
119900157,279,60,219
119900158,445,93,352
119900159,1,232,-231
119900160,13,63,-50
119900161,266,55,211
119900162,2418,766,1652
119900163,292,171,121
119900164,0,1,-1
119900165,265,25,240
119900166,109,17,92
119900167,2,31,-29
119900168,2907,186,2721
119900169,30,293,-263
119900170,422,170,252
119900171,1211,634,577
119900172,43,16,27
119900173,0,53,-53
119900174,2,67,-65
119900175,4440,270,4170
119900177,8,65,-57
119900178,1,92,-91
119900179,560,2144,-1584
119900180,2757,712,2045
119900181,18,64,-46
119900182,0,64,-64
119900183,114,443,-329
119900184,504,307,197
119900185,87,590,-503
119900186,22,2702,-2680
119900187,1,160,-159
119900188,206,361,-155
119900189,198,236,-38
119900190,147,518,-371
119900191,211,316,-105
119900192,50,110,-60
119900193,1666,156,1510
119900194,47,27,20
119900195,4,152,-148
119900196,299,180,119
119900197,611,142,469
119900198,133,807,-674
119900199,173,22,151
119900200,1225,1577,-352
119900201,192,85,107
119900202,30,452,-422
119900203,247,884,-637
119900204,515,214,301
119900205,2406,254,2152
119900206,648,460,188
119900208,557,76,481
119900209,924,3624,-2700
119900210,95,11,84
119900211,133,1,132
119900212,812,337,475
119900213,6,51,-45
119900214,135,19,116
119900215,106,6,100
119900216,42,11,31
119900217,20,8,12
119900218,10,364,-354
119900219,34,66,-32
119900220,10,5,5
119900221,78,36,42
119900222,30,26,4
119900223,18,21,-3
119900224,16,14,2
119900225,255,30,225
119900226,220,3193,-2973
119900227,164,90,74
119900228,23,2221,-2198
119900229,52,99,-47
119900230,2139,214,1925
119900231,744,71,673
119900232,247,86,161
119900233,82,6,76
119900234,6,124,-118
119900235,3,56,-53
119900236,161,149,12
119900237,233,396,-163
119900238,0,88,-88
119900240,239,98,141
119900241,456,174,282
119900242,2104,1742,362
119900244,604,1042,-438
119900245,308,260,48
119900246,240,463,-223
119900247,31,23,8
119900248,35,946,-911
119900249,549,84,465
119900253,1543,319,1224
119900254,116,2564,-2448
119900255,152,517,-365
119900256,2379,409,1970
119900257,172,11,161
119900258,472,23,449
119900259,17,58,-41
119900260,406,9,397
119900261,945,1724,-779
119900262,2,64,-62
119900263,2030,336,1694
119900264,416,25,391
119900265,1212,367,845
119900266,1096,297,799
119900267,207,236,-29
119900268,478,45,433
119900269,2783,548,2235
119900271,169,95,74
119900272,164,191,-27
119900275,162,44,118
119900276,146,2,144
119900277,12,5,7
119900278,721,45,676
119900279,201,429,-228
119900280,585,42,543
119900281,3,595,-592
119900282,35,127,-92
119900283,61,49,12
119900284,35,146,-111
119900285,3,59,-56
119900286,2,14,-12
119900288,2,4,-2
119900289,0,16,-16
119900290,4,0,4
119900291,0,26,-26
119900292,29,80,-51
119900293,33,14,19
119900294,29,1,28
119900295,0,0,0
119900296,0,0,0
119900299,469,229,240
119900300,1195,878,317
119900301,55,182,-127
119900302,49,193,-144
119900303,885,1565,-680
119900304,548,10,538
119900305,4,54,-50
119900306,28,3,25
119900307,93,47,46
119900308,9,9,0
119900309,64,372,-308
119900310,509,102,407
119900311,388,25,363
119900312,141,24,117
119900313,331,232,99
119900314,481,580,-99
119900315,5114,733,4381
119900318,24,125,-101
119900319,40,130,-90
119900320,601,149,452
119900321,529,12,517
119900322,6,26,-20
119900323,5,31,-26
119900324,0,94,-94
119900325,191,82,109
119900326,51,17,34
120000001,12075,44710,-32635
120000002,4176,2759,1417
120000003,2840,846,1994
120000004,3599,1031,2568
120000005,3373,1104,2269
120000006,2104,889,1215
120000007,3950,6325,-2375
120000008,1812,750,1062
120000009,1405,928,477
120000010,3367,6028,-2661
120000011,1683,1122,561
120000012,2596,1183,1413
120000013,5268,2523,2745
120000014,1447,1356,91
120000015,3740,1483,2257
120000016,6271,2683,3588
120000017,6836,6642,194
120000018,3970,28779,-24809
120000019,1939,1679,260
120000020,2896,4079,-1183
120000021,2347,1209,1138
120000022,2964,3276,-312
120000023,2127,1518,609
120000024,1405,1622,-217
120000025,4574,1380,3194
120000026,6250,1456,4794
120000027,3725,2283,1442
120000028,669,1820,-1151
120000029,1777,1302,475
120000030,280,2024,-1744
120000031,2876,6801,-3925
120000032,4963,2111,2852
120000033,6193,837,5356
120000034,7855,891,6964
120000035,7331,1186,6145
120000036,5872,7011,-1139
120000037,633,3145,-2512
120000038,5561,2907,2654
120000039,776,2932,-2156
120000040,105,15433,-15328
120000041,1013,2111,-1098
120000042,5473,1547,3926
120000043,9753,865,8888
120000044,13197,1951,11246
120000045,14166,684,13482
120000046,8183,7241,942
120000047,791,19445,-18654
120000048,7411,3792,3619
120000049,7116,2445,4671
120000050,5724,4237,1487
120000051,2957,6090,-3133
120000052,7284,788,6496
120000053,2840,1165,1675
120000054,2641,2392,249
120000055,2236,2907,-671
120000056,5479,3245,2234
120000057,5689,3121,2568
120000058,1970,1040,930
120000059,17,3155,-3138
120000061,166,1097,-931
120000062,215,194,21
120000063,764,2085,-1321
120000064,626,1008,-382
120000065,698,4590,-3892
120000066,352,242,110
120000067,32,148,-116
120000068,729,168,561
120000069,1689,201,1488
120000070,479,563,-84
120000071,2397,194,2203
120000072,2574,665,1909
120000073,2516,63,2453
120000074,134,148,-14
120000075,2439,701,1738
120000076,5669,1775,3894
120000077,5666,541,5125
120000078,3317,973,2344
120000079,435,197,238
120000080,175,218,-43
120000081,328,114,214
120000082,302,149,153
120000083,81,895,-814
120000084,349,455,-106
120000085,455,1024,-569
120000086,413,184,229
120000087,532,248,284
120000088,1116,583,533
120000089,1350,283,1067
120000090,1150,401,749
120000091,2681,1670,1011
120000092,1412,363,1049
120000093,2313,435,1878
120000094,628,626,2
120000095,1243,149,1094
120000096,623,331,292
120000098,1532,2222,-690
120000099,643,346,297
120000100,1344,487,857
120000101,1161,576,585
120000102,1461,1539,-78
120000103,2509,1168,1341
120000104,4618,466,4152
120000105,5149,207,4942
120000106,7449,264,7185
120000107,13833,863,12970
120000108,4749,247,4502
120000109,2625,69,2556
120000110,80,625,-545
120000111,229,605,-376
120000112,884,1007,-123
120000113,666,1438,-772
120000114,650,738,-88
120000115,615,696,-81
120000116,621,1131,-510
120000117,625,632,-7
120000118,42,45,-3
120000119,5,42,-37
120000120,254,434,-180
120000121,26,19,7
120000122,279,1666,-1387
120000123,2157,16993,-14836
120000124,808,376,432
120000125,2084,632,1452
120000126,860,1355,-495
120000127,927,847,80
120000128,3076,3455,-379
120000129,255,187,68
120000130,1296,581,715
120000131,922,406,516
120000134,1159,189,970
120000135,2176,840,1336
120000137,730,262,468
120000138,4725,181,4544
120000139,873,424,449
120000140,3815,171,3644
120000141,840,2277,-1437
120000142,1812,2354,-542
120000143,0,24,-24
120000144,346,42,304
120000145,1582,9,1573
120000146,885,1186,-301
120000149,547,472,75
120000150,1761,15937,-14176
120000151,1513,250,1263
120000152,2790,121,2669
120000153,2016,477,1539
120000154,1128,1060,68
120000155,563,576,-13
120000156,1213,4130,-2917
120000157,2777,487,2290
120000158,2125,874,1251
120000159,3150,1146,2004
120000160,2744,1522,1222
120000161,6990,3228,3762
120000162,211,301,-90
120000163,2303,400,1903
120000164,2216,187,2029
120000165,2887,227,2660
120000166,4339,320,4019
120000167,114,208,-94
120000168,5,554,-549
120000169,18,1255,-1237
120000170,21,1099,-1078
120000171,11,328,-317
120000172,6,250,-244
120000173,132,635,-503
120000174,34,92,-58
120000175,26,38,-12
120000176,33,33,0
120000177,568,104,464
120000178,11,28,-17
120000179,70,97,-27
120000180,19,142,-123
120000181,41,777,-736
120000182,12,514,-502
120000183,4,199,-195
120000184,97,777,-680
120000186,16,646,-630
120000187,8,533,-525
120000188,12,257,-245
120000190,36,20,16
120000191,79,36,43
120000192,59,3,56
120000193,29,1,28
120000195,7,0,7
120000196,18,6,12
120000197,1,6,-5
120000198,684,12,672
120000199,794,1,793
120000200,561,3,558
120000201,43,122,-79
120000202,0,37,-37
120000203,427,125,302
120000207,5,29,-24
120000208,22,50,-28
120000209,33,10,23
120000210,49,24,25
120000211,1335,14,1321
120000212,1017,0,1017
120000213,850,387,463
120000214,0,41,-41
120000215,24,49,-25
120000216,950,37,913
120000217,269,771,-502
120000218,32,410,-378
120000219,3,308,-305
120000220,16,682,-666
120000225,5418,7,5411
120000226,1201,26,1175
120000227,1888,266,1622
120000228,12666,6940,5726
120000230,855,34,821
120000231,4388,430,3958
120000233,2027,13,2014
120000235,867,454,413
120000236,4346,5,4341
120000237,0,772,-772
120000238,1,372,-371
120000241,1617,8422,-6805
120000412,1446,2,1444
120000413,1473,155,1318
120000414,671,3,668
120000415,2,26,-24
120000416,358,21,337
120000417,35,1811,-1776
120000418,702,35,667
120000419,25,63,-38
120000420,76,5,71
120000421,8797,4891,3906
120000422,101,5901,-5800
120000423,5,301,-296
120000424,979,101,878
120000436,102,2478,-2376
120000437,63,67,-4
120000438,1498,233,1265
120000439,386,1071,-685
120000443,402,0,402
120000444,3740,549,3191
120000445,3999,1768,2231
120000446,1097,72,1025
120000447,1396,3,1393
120000449,549,7,542
120000450,7,125,-118
120000451,321,85,236
120000452,305,2,303
120000453,0,22,-22
120000454,49,146,-97
120000455,192,30,162
120000456,1943,8683,-6740
120000457,628,206,422
120000458,830,379,451
120000459,620,97,523
120000665,103,589,-486
120000668,109,1416,-1307
120000669,970,88,882
120000670,72,515,-443
120000671,6142,1486,4656
120000672,94,492,-398
120900001,125,57,68
120900002,137,726,-589
120900003,256,3,253
120900004,46,307,-261
120900005,81,350,-269
120900006,1594,160,1434
120900007,373,160,213
120900008,1182,362,820
120900009,390,13,377
120900010,1469,215,1254
120900011,19,124,-105
120900012,41,1908,-1867
120900013,584,109,475
120900014,2,147,-145
120900015,2195,150,2045
120900016,3971,65,3906
120900017,1741,69,1672
120900018,813,122,691
120900019,645,560,85
120900020,490,611,-121
120900021,626,152,474
120900022,6,72,-66
120900023,1014,1221,-207
120900024,1930,830,1100
120900025,1495,582,913
120900026,278,91,187
120900027,599,10,589
120900028,1262,291,971
120900029,31,1789,-1758
120900030,3749,468,3281
120900031,855,118,737
120900032,3894,397,3497
120900033,3156,250,2906
120900034,17,5138,-5121
120900035,263,91,172
120900037,948,24,924
120900038,145,1045,-900
120900039,224,88,136
120900040,1281,26,1255
120900041,37,19,18
120900042,1527,40,1487
120900043,369,138,231
120900044,9,702,-693
120900045,339,45,294
120900046,2027,11,2016
120900047,252,374,-122
120900048,342,40,302
120900049,1758,24,1734
120900050,633,6403,-5770
120900051,1322,109,1213
120900052,3527,13,3514
120900053,1170,46,1124
120900054,1302,214,1088
120900055,1577,6,1571
120900056,1540,71,1469
120900057,680,11,669
120900058,1963,4,1959
120900059,427,15,412
120900060,153,9,144
120900061,389,100,289
120900062,1060,0,1060
120900063,2337,39,2298
120900064,2098,3,2095
120900065,1610,0,1610
120900066,2897,64,2833
120900067,451,232,219
120900068,1361,2,1359
120900069,1217,14,1203
120900071,136,2,134
120900072,2428,21,2407
120900073,2177,35,2142
120900074,2864,170,2694
120900076,1704,3,1701
120900077,1471,638,833
120900078,2099,249,1850
120900079,3082,62,3020
120900080,2913,361,2552
120900081,5602,561,5041
120900082,967,582,385
120900083,295,2,293
120900084,764,672,92
120900085,66,90,-24
120900086,73,1615,-1542
120900087,780,286,494
120900088,240,1346,-1106
120900089,4310,7142,-2832
120900090,629,6,623
120900091,314,1207,-893
120900092,225,178,47
120900093,985,69,916
120900094,307,100,207
120900095,518,15,503
120900096,243,151,92
120900097,1051,311,740
120900098,44,89,-45
120900099,222,10,212
120900100,84,100,-16
120900101,27,103,-76
120900102,180,33,147
120900103,194,235,-41
120900104,14,26,-12
120900105,16,380,-364
120900106,278,151,127
120900107,210,102,108
120900108,3,306,-303
120900109,62,260,-198
120900110,11,201,-190
120900111,358,159,199
120900112,38,148,-110
120900113,4,685,-681
120900114,50,105,-55
120900115,155,292,-137
120900116,2222,127,2095
120900117,8,99,-91
120900118,62,2946,-2884
120900119,5780,2380,3400
120900120,210,248,-38
120900121,27,207,-180
120900122,2435,174,2261
120900123,7,83,-76
120900124,3,150,-147
120900125,4,303,-299
120900126,182,430,-248
120900127,20,115,-95
120900128,385,542,-157
120900129,1,139,-138
120900130,35,208,-173
120900131,65,160,-95
120900132,2874,138,2736
120900133,13,541,-528
120900134,119,144,-25
120900135,0,824,-824
120900136,38,146,-108
120900137,978,63,915
120900138,3,134,-131
120900139,1,227,-226
120900140,3,133,-130
120900141,725,107,618
120900142,1,89,-88
120900143,2,207,-205
120900144,0,37,-37
120900145,180,2543,-2363
120900146,0,90,-90
120900147,0,2,-2
120900148,452,131,321
120900149,0,107,-107
120900150,198,99,99
120900151,0,88,-88
120900152,55,0,55
120900153,0,0,0
120900154,7,58,-51
120900155,562,245,317
120900156,796,120,676
120900157,0,0,0
120900158,126,203,-77
120900159,0,35,-35
120900160,31,603,-572
120900161,35,364,-329
120900162,22,388,-366
120900163,50,477,-427
120900164,0,38,-38
120900165,0,58,-58
120900166,102,489,-387
120900167,194,21,173
120900169,430,182,248
120900170,449,7890,-7441
120900171,460,66,394
120900172,41,927,-886
120900173,17,25,-8
120900174,15,152,-137
120900175,201,71,130
120900176,47,747,-700
120900177,3,4248,-4245
120900178,1,1303,-1302
120900179,87,111,-24
120900180,57,97,-40
120900181,13,38,-25
120900182,46,78,-32
120900183,444,44,400
120900184,152,80,72
120900185,375,1176,-801
120900186,0,118,-118
120900187,1737,725,1012
120900188,880,6,874
120900189,52,6670,-6618
120900190,606,19,587
120900191,393,5,388
120900192,5839,26499,-20660
120900194,290,140,150
120900195,295,123,172
120900196,296,15,281
120900197,1292,87,1205
120900198,79,345,-266
120900199,431,399,32
120900200,57,74,-17
120900201,211,85,126
120900202,0,97,-97
120900203,16,55,-39
120900204,78,128,-50
120900205,481,15,466
120900206,131,127,4
120900207,10,1091,-1081
121000001,937,1357,-420
121000002,2875,2572,303
121000003,5816,2190,3626
121000004,2386,4683,-2297
121000005,3156,3559,-403
121000006,2856,3526,-670
121000007,4020,4548,-528
121000008,4675,5385,-710
121000009,5895,9744,-3849
121000010,6676,7491,-815
121000011,6718,7113,-395
121000012,12901,5173,7728
121000013,6521,5496,1025
121000014,5637,3440,2197
121000015,5402,7636,-2234
121000016,3911,4974,-1063
121000017,5093,2055,3038
121000018,4585,2067,2518
121000019,9876,9233,643
121000020,9020,15952,-6932
121000021,2154,4679,-2525
121000022,3329,4788,-1459
121000023,3567,2107,1460
121000024,6618,8950,-2332
121000025,295,2292,-1997
121000026,290,226,64
121000027,1531,1545,-14
121000028,1101,658,443
121000029,1497,677,820
121000030,1112,545,567
121000031,512,680,-168
121000032,195,115,80
121000034,391,588,-197
121000035,194,315,-121
121000036,1858,1226,632
121000037,833,991,-158
121000038,393,1213,-820
121000039,202,399,-197
121000041,457,403,54
121000042,260,377,-117
121000043,453,625,-172
121000044,1261,1438,-177
121000045,884,371,513
121000046,1533,903,630
121000047,32,86,-54
121000049,1067,654,413
121000050,231,1908,-1677
121000051,1207,396,811
121000052,610,1002,-392
121000053,386,218,168
121000054,46,598,-552
121000055,1062,2682,-1620
121000056,1021,2162,-1141
121000057,215,426,-211
121000058,227,91,136
121000059,4281,997,3284
121000060,741,1304,-563
121000061,32,501,-469
121000062,58,603,-545
121000063,932,1445,-513
121000064,1011,1395,-384
121000065,277,582,-305
121000066,811,699,112
121000067,407,758,-351
121000068,509,651,-142
121000069,123,1426,-1303
121000070,1425,1970,-545
121000071,2657,1793,864
121000072,714,2021,-1307
121000073,1175,2967,-1792
121000074,62,647,-585
121000075,34,84,-50
121000076,461,273,188
121000077,98,181,-83
121000078,104,179,-75
121000080,2028,551,1477
121000081,3085,4593,-1508
121000082,83,163,-80
121000083,45,123,-78
121000084,182,196,-14
121000085,203,589,-386
121000086,1110,852,258
121000087,89,207,-118
121000088,1104,1168,-64
121000089,231,571,-340
121000090,347,384,-37
121000091,1680,725,955
121000092,378,43,335
121000093,454,154,300
121000094,482,1357,-875
121000095,306,838,-532
121000096,6829,1698,5131
121000097,620,1993,-1373
121000098,1244,541,703
121000099,1723,510,1213
121000100,2029,187,1842
121000101,862,134,728
121000102,811,106,705
121000103,398,311,87
121000104,611,112,499
121000105,777,64,713
121000106,810,244,566
121000107,2292,2513,-221
121000109,1237,861,376
121000110,185,849,-664
121000114,3127,1898,1229
121000115,2335,597,1738
121000116,335,765,-430
121000117,317,280,37
121000118,1881,247,1634
121000119,715,264,451
121000120,733,1323,-590
121000121,845,1606,-761
121000123,1476,279,1197
121000126,142,385,-243
121000127,590,104,486
121000128,2637,141,2496
121000129,2477,265,2212
121000130,1545,1131,414
121000131,2657,1272,1385
121000132,902,803,99
121000135,535,679,-144
121000136,786,2014,-1228
121000137,770,537,233
121000138,397,3183,-2786
121000139,168,935,-767
121000141,303,221,82
121000142,718,504,214
121000143,117,19,98
121000144,643,924,-281
121000145,1026,662,364
121000146,1781,843,938
121000147,2432,542,1890
121000148,1191,473,718
121000149,4593,2201,2392
121000152,336,590,-254
121000153,1533,475,1058
121000154,1900,524,1376
121000155,2603,980,1623
121000156,487,1038,-551
121000157,529,1149,-620
121000158,299,267,32
121000159,382,302,80
121000160,363,229,134
121000161,272,361,-89
121000162,295,105,190
121000165,1135,2323,-1188
121000166,34,419,-385
121000168,928,193,735
121000169,145,84,61
121000170,576,132,444
121000171,56,123,-67
121000172,1242,2097,-855
121000173,1783,1860,-77
121000174,1223,687,536
121000175,2893,369,2524
121000176,589,151,438
121000177,1233,535,698
121000178,98,100,-2
121000179,34,318,-284
121000181,387,463,-76
121000182,229,636,-407
121000183,92,333,-241
121000184,27,269,-242
121000185,30,472,-442
121000186,250,764,-514
121000187,370,322,48
121000188,649,50,599
121000192,1423,221,1202
121000193,1388,225,1163
121000194,2076,1887,189
121000195,334,1054,-720
121000196,784,498,286
121000197,120,880,-760
121000198,174,250,-76
121000199,330,258,72
121000200,1183,205,978
121000201,4,176,-172
121000202,1006,112,894
121000203,1266,1205,61
121000204,5174,477,4697
121000205,234,256,-22
121000206,157,89,68
121000207,4031,1006,3025
121000208,21,410,-389
121000209,1772,127,1645
121000210,1769,513,1256
121000211,909,107,802
121000212,816,568,248
121000213,15749,3846,11903
121000214,1273,3711,-2438
121000215,738,1518,-780
121000216,571,916,-345
121000217,4943,5518,-575
121000218,672,2008,-1336
121000219,2157,874,1283
121000220,502,90,412
121000221,959,779,180
121000222,8189,3344,4845
121000223,185,595,-410
121000224,146,481,-335
121000225,575,11513,-10938
121000226,953,3484,-2531
121000227,18,181,-163
121000228,40,635,-595
121000229,1128,410,718
121000230,71,2586,-2515
121000231,3204,57,3147
121000232,441,359,82
121000233,1299,536,763
121000234,16,59,-43
121000235,88,294,-206
121000236,3,48,-45
121000237,16,79,-63
121000238,4,131,-127
121000239,234,18,216
121000240,7,158,-151
121000241,98,2,96
121000242,25,160,-135
121000243,242,25,217
121000244,3,37,-34
121000245,80,6,74
121000246,0,46,-46
121000247,237,7,230
121000248,440,534,-94
121000249,209,279,-70
121000250,871,810,61
121000251,25,373,-348
121000252,291,175,116
121000253,804,893,-89
121000254,1689,494,1195
121000255,137,695,-558
121000256,501,609,-108
121000257,60,379,-319
121000258,56,319,-263
121000259,23,238,-215
121000260,34,180,-146
121000261,102,251,-149
121000262,1664,417,1247
121000263,796,1847,-1051
121000271,1054,1862,-808
121000273,87,8,79
121000274,18,291,-273
121000275,16,16,0
121000276,27,139,-112
121000278,209,123,86
121000279,76,121,-45
121000280,75,194,-119
121000289,756,7,749
121000290,1163,1239,-76
121000294,739,30,709
121000297,375,1377,-1002
121000299,132,4480,-4348
121000300,1556,793,763
121000302,16,801,-785
121000303,1079,272,807
121000304,854,40,814
121000305,533,50,483
121000306,420,175,245
121000308,121,191,-70
121000309,261,217,44
121000310,179,155,24
121000311,83,213,-130
121000312,449,353,96
121000313,211,192,19
121000314,20,55,-35
121000315,14,91,-77
121000530,3817,1559,2258
121000531,3357,2516,841
121000532,6320,7321,-1001
121000533,5294,3230,2064
121000918,16,100,-84
121000919,29,126,-97
121000938,123,114,9
121000939,36,261,-225
121000956,3549,2836,713
121000957,10,27,-17
121000958,7,122,-115
121000959,2704,370,2334
121000960,2749,1628,1121
121000961,779,47,732
121000962,312,248,64
121000973,1,694,-693
121000976,30,122,-92
121000979,389,164,225
121000981,734,95,639
121000982,897,586,311
121000983,1278,127,1151
121000984,30,59,-29
121000985,2382,721,1661
121000986,1859,245,1614
121000987,409,625,-216
121000988,2584,125,2459
121001302,267,112,155
121001308,1,26,-25
121001309,21,671,-650
121001313,482,316,166
121001314,2883,3096,-213
121001315,6327,4693,1634
121900001,244,862,-618
121900002,34,140,-106
121900003,746,6,740
121900004,48,638,-590
121900005,47,8,39
121900006,356,17,339
121900007,2076,2054,22
121900008,36,108,-72
121900009,1304,14,1290
121900010,656,0,656
121900011,359,113,246
121900012,34,0,34
121900013,57,113,-56
121900014,2978,394,2584
121900015,82,104,-22
121900016,10,36,-26
121900017,918,2044,-1126
121900018,1055,6,1049
121900019,890,210,680
121900020,55,9,46
121900021,2054,43,2011
121900022,528,135,393
121900023,317,466,-149
121900024,551,36,515
121900025,934,334,600
121900026,293,75,218
121900027,559,143,416
121900028,362,29,333
121900029,182,360,-178
121900030,545,475,70
121900031,1213,10161,-8948
121900032,289,78,211
121900033,170,227,-57
121900034,247,126,121
121900035,5623,3511,2112
121900036,243,197,46
121900037,309,772,-463
121900038,39,44,-5
121900039,345,22,323
121900040,67,61,6
121900041,40,170,-130
121900042,821,141,680
121900043,2,4,-2
121900044,72,82,-10
121900046,227,127,100
121900047,217,41,176
121900048,145,33,112
121900050,40,150,-110
121900051,280,273,7
121900052,231,19,212
121900053,658,664,-6
121900054,602,3110,-2508
121900055,0,20,-20
121900058,585,217,368
121900059,404,163,241
121900060,142,632,-490
121900061,169,227,-58
121900062,175,132,43
121900063,2894,333,2561
121900064,800,623,177
121900066,294,63,231
121900067,100,266,-166
121900069,152,216,-64
121900070,169,354,-185
121900071,1366,351,1015
121900072,72,89,-17
121900073,346,223,123
121900074,361,665,-304
121900075,407,945,-538
121900076,709,875,-166
121900077,31,31,0
121900078,249,93,156
121900079,1,0,1
121900080,1138,173,965
121900082,131,70,61
121900084,30,23,7
121900085,2,3,-1
121900086,77,67,10
121900087,133,77,56
121900088,1428,1999,-571
121900089,761,171,590
121900090,44,342,-298
121900091,107,10,97
121900092,545,119,426
121900093,171,77,94
121900094,13,19,-6
121900095,641,145,496
121900096,1466,565,901
121900097,1176,103,1073
121900098,10,6,4
121900099,583,47,536
121900100,77,210,-133
121900101,185,118,67
121900102,0,71,-71
121900103,835,200,635
121900104,2850,555,2295
121900105,210,184,26
121900106,3,16,-13
121900107,271,40,231
121900108,0,24,-24
121900109,316,99,217
121900110,1366,459,907
121900111,483,391,92
121900112,208,95,113
121900113,32,748,-716
121900114,142,92,50
121900117,147,112,35
121900118,1521,732,789
121900119,220,312,-92
121900120,37,918,-881
121900121,422,8,414
121900122,229,118,111
121900123,353,387,-34
121900124,207,249,-42
121900125,2588,1515,1073
121900127,44,76,-32
121900128,148,56,92
121900129,216,70,146
121900130,135,310,-175
121900131,406,121,285
121900132,191,124,67
121900133,9,751,-742
121900134,11,338,-327
121900135,4437,314,4123
121900136,361,1023,-662
121900137,32,400,-368
121900138,104,202,-98
121900139,379,1851,-1472
121900140,85,55,30
121900141,118,61,57
121900142,122,29,93
121900143,23,194,-171
121900144,152,469,-317
121900145,281,1047,-766
121900146,509,409,100
121900147,70,189,-119
121900148,76,183,-107
121900149,403,372,31
121900150,127,93,34
121900151,28,168,-140
121900152,255,77,178
121900153,14,212,-198
121900154,1,231,-230
121900155,2,431,-429
121900156,188,119,69
121900157,4,68,-64
121900158,183,134,49
121900159,0,95,-95
121900160,251,143,108
121900161,131,243,-112
121900162,66,128,-62
121900163,992,217,775
121900164,193,178,15
121900165,152,147,5
121900166,165,132,33
121900167,94,34,60
121900168,131,41,90
121900169,10,124,-114
121900170,28,116,-88
121900171,1644,409,1235
121900172,858,215,643
121900173,637,305,332
121900174,259,35,224
121900175,98,726,-628
121900176,1151,1330,-179
121900177,308,100,208
121900178,133,37,96
121900179,439,549,-110
121900180,1436,9242,-7806
121900182,559,396,163
121900183,311,2841,-2530
121900184,29,874,-845
121900186,9,526,-517
121900187,13,98,-85
121900188,1754,136,1618
121900189,148,140,8
121900190,125,371,-246
121900191,53,253,-200
121900192,216,2297,-2081
121900193,60,104,-44
121900194,10,222,-212
121900195,14,55,-41
121900196,1035,1200,-165
121900197,539,737,-198
121900198,2846,3329,-483
121900199,3,51,-48
121900200,71,511,-440
121900201,842,1498,-656
121900202,162,1579,-1417
121900203,96,1188,-1092
121900204,1064,2377,-1313
121900205,26,96,-70
121900206,20,42,-22
121900207,40,86,-46
121900208,117,423,-306
121900209,418,124,294
121900210,3131,1486,1645
121900211,19,68,-49
121900212,62,194,-132
121900213,1064,57,1007
121900214,2,864,-862
121900215,78,208,-130
121900216,2,413,-411
121900217,128,381,-253
121900218,157,778,-621
121900220,176,8,168
121900221,384,435,-51
121900222,498,65,433
121900223,113,106,7
121900224,137,129,8
121900225,179,477,-298
121900226,210,41,169
121900227,471,2646,-2175
121900228,215,398,-183
121900230,75,314,-239
121900231,35,923,-888
121900232,109,452,-343
121900233,420,210,210
121900234,509,279,230
121900235,1324,90,1234
121900236,401,196,205
121900237,131,348,-217
121900238,142,265,-123
121900239,242,47,195
121900240,226,122,104
121900241,67,52,15
121900242,105,0,105
121900243,24,0,24
121900244,28,1,27
121900245,451,49,402
121900246,8038,284,7754
121900247,218,787,-569
121900248,1547,836,711
121900250,286,222,64
121900251,421,39,382
121900252,520,153,367
121900253,22,680,-658
121900254,293,249,44
121900255,578,95,483
121900258,5127,2218,2909
121900259,372,494,-122
121900260,335,66,269
121900261,139,549,-410
121900262,427,1373,-946
121900263,449,270,179
121900264,852,871,-19
121900265,729,79,650
121900266,1433,144,1289
121900267,228,23,205
121900269,395,1471,-1076
121900270,109,306,-197
121900271,146,139,7
121900273,746,2648,-1902
121900274,958,224,734
121900277,284,1017,-733
121900278,218,1056,-838
121900279,304,218,86
121900280,160,524,-364
121900281,174,179,-5
121900284,31,1,30
121900286,381,232,149
121900287,28,102,-74
121900288,3,5,-2
121900290,171,985,-814
121900291,388,724,-336
121900292,391,105,286
121900293,1119,4822,-3703
121900294,506,14,492
121900295,323,93,230
121900296,175,154,21
121900298,128,1345,-1217
121900299,0,28,-28
121900300,53,15,38
121900301,41,0,41
121900302,47,58,-11
121900303,100,367,-267
121900304,59,21,38
121900305,35,47,-12
121900306,772,7,765
121900307,756,24,732
121900308,31,177,-146
121900309,22,112,-90
121900310,66,166,-100
121900311,1116,46,1070
121900312,785,20,765
121900313,1017,48,969
121900314,31,7,24
121900315,68,1,67
121900316,0,1,-1
121900317,76,7,69
121900318,0,2,-2
121900319,54,342,-288
121900320,54,10,44
121900321,44,0,44
121900322,4,2,2
121900323,26,49,-23
121900324,20,27,-7
121900325,15,0,15
121900326,2,20,-18
121900327,21,36,-15
121900328,0,42,-42
121900329,1,43,-42
121900330,1,105,-104
121900331,23,302,-279
121900332,52,34,18
121900333,94,2,92
122000001,1922,3362,-1440
122000002,3111,600,2511
122000003,852,2296,-1444
122000004,1114,1819,-705
122000005,5171,2409,2762
122000006,474,869,-395
122000007,458,950,-492
122000008,948,1836,-888
122000009,296,375,-79
122000010,2022,2293,-271
122000011,3106,973,2133
122000012,629,1391,-762
122000013,618,1177,-559
122000014,6304,1191,5113
122000015,1255,603,652
122000016,611,518,93
122000017,1019,956,63
122000018,2318,1349,969
122000019,862,2042,-1180
122000020,265,398,-133
122000021,133,377,-244
122000022,906,1111,-205
122000023,852,1641,-789
122000024,330,1549,-1219
122000025,406,2134,-1728
122000026,268,948,-680
122000027,757,692,65
122000028,1510,540,970
122000029,411,587,-176
122000030,186,137,49
122000031,185,516,-331
122000032,2707,1872,835
122000033,462,1451,-989
122000034,354,979,-625
122000035,145,516,-371
122000036,548,329,219
122000037,356,177,179
122000038,162,266,-104
122000039,610,328,282
122000040,192,334,-142
122000041,1272,900,372
122000042,442,636,-194
122000043,89,132,-43
122000044,82,104,-22
122000045,1370,603,767
122000046,1062,697,365
122000047,74,173,-99
122000048,2616,4467,-1851
122000049,5513,4531,982
122000050,682,614,68
122000051,191,737,-546
122000052,417,571,-154
122000053,367,1800,-1433
122000054,3137,2042,1095
122000055,2001,2632,-631
122000056,3203,2306,897
122000057,2298,2373,-75
122000058,476,1233,-757
122000059,622,2234,-1612
122000060,368,591,-223
122000061,201,433,-232
122000062,681,452,229
122000063,248,1507,-1259
122000064,3190,4126,-936
122000065,2275,2294,-19
122000066,869,1574,-705
122000067,1320,1672,-352
122000068,3616,1452,2164
122000069,1416,761,655
122000070,1714,2142,-428
122000071,3901,1309,2592
122000072,507,541,-34
122000073,220,781,-561
122000074,3369,1687,1682
122000075,1211,1152,59
122000076,3640,1306,2334
122000077,578,1640,-1062
122000078,504,1514,-1010
122000079,206,2110,-1904
122000080,526,354,172
122000081,204,188,16
122000082,265,1226,-961
122000083,7122,1093,6029
122000084,5726,1769,3957
122000085,516,970,-454
122000086,2845,8234,-5389
122000087,179,302,-123
122000088,106,308,-202
122000089,5154,3478,1676
122000090,274,1223,-949
122000091,86,483,-397
122000092,67,184,-117
122000093,1479,4554,-3075
122000094,5575,2992,2583
122000095,677,4645,-3968
122000096,536,3106,-2570
122000098,3319,3546,-227
122000099,330,2324,-1994
122000100,614,438,176
122000101,366,1277,-911
122000102,3332,1062,2270
122000103,1359,1737,-378
122000104,1469,197,1272
122000105,661,400,261
122000106,602,1652,-1050
122000107,1775,269,1506
122000108,728,593,135
122000109,414,212,202
122000110,571,512,59
122000111,1665,1425,240
122000112,1617,1830,-213
122000113,746,451,295
122000114,1585,3290,-1705
122000115,4748,2341,2407
122000116,352,1140,-788
122000117,1869,1412,457
122000118,1538,1306,232
122000119,2242,1814,428
122000120,1271,2495,-1224
122000121,1951,2455,-504
122000122,983,1063,-80
122000123,1582,2024,-442
122000124,861,563,298
122000125,345,892,-547
122000126,408,553,-145
122000127,199,883,-684
122000128,653,456,197
122000129,473,3661,-3188
122000130,3875,1167,2708
122000131,2430,731,1699
122000132,204,298,-94
122000133,1831,646,1185
122000134,1752,815,937
122000135,732,166,566
122000136,1459,688,771
122000137,4107,614,3493
122000139,772,4704,-3932
122000140,127,1081,-954
122000141,4079,1924,2155
122000142,128,1845,-1717
122000143,391,333,58
122000144,3524,861,2663
122000145,1078,2872,-1794
122000146,584,4053,-3469
122000147,923,1194,-271
122000148,325,1476,-1151
122000149,2420,636,1784
122000150,2451,1206,1245
122000151,187,438,-251
122000152,440,282,158
122000153,437,282,155
122000154,151,210,-59
122000155,1248,3753,-2505
122000156,7739,4144,3595
122000157,604,8316,-7712
122000158,374,770,-396
122000159,1990,765,1225
122000160,3141,1303,1838
122000161,1616,1301,315
122000162,778,1158,-380
122000163,344,104,240
122000164,56,145,-89
122000165,895,1795,-900
122000166,662,2085,-1423
122000167,287,604,-317
122000168,270,1238,-968
122000169,408,140,268
122000170,345,201,144
122000171,24,53,-29
122000172,2307,1454,853
122000173,1861,2527,-666
122000174,1133,5035,-3902
122000175,556,347,209
122000176,435,1873,-1438
122000177,903,2170,-1267
122000178,3538,4265,-727
122000179,3135,4776,-1641
122000180,665,872,-207
122000181,739,1654,-915
122000182,827,1033,-206
122000183,1971,1111,860
122000184,3405,2968,437
122000185,1050,2802,-1752
122000186,523,1244,-721
122000187,2700,916,1784
122000188,468,195,273
122000189,266,256,10
122000190,474,2480,-2006
122000191,658,894,-236
122000192,1693,495,1198
122000193,650,714,-64
122000194,511,221,290
122000195,212,1340,-1128
122000196,2250,367,1883
122000197,741,694,47
122000198,483,2097,-1614
122000199,341,222,119
122000200,894,816,78
122000201,1000,3300,-2300
122000202,823,3342,-2519
122000203,2264,1915,349
122000204,1777,1163,614
122000205,996,574,422
122000206,5030,1211,3819
122000207,2955,1924,1031
122000208,2602,1481,1121
122000209,3119,486,2633
122000210,3147,1892,1255
122000211,1611,1992,-381
122000212,965,557,408
122000213,938,1798,-860
122000214,2327,2274,53
122000215,2486,2970,-484
122000217,1577,2032,-455
122000218,647,64,583
122000219,1204,621,583
122000220,424,801,-377
122000221,96,368,-272
122000222,572,177,395
122000223,939,912,27
122000225,784,697,87
122000226,2057,1576,481
122000227,252,1522,-1270
122000228,447,674,-227
122000229,32,1933,-1901
122000230,38,549,-511
122000231,320,1365,-1045
122000232,753,477,276
122000233,0,35,-35
122000234,1121,69,1052
122000235,702,55,647
122000236,2474,54,2420
122000237,224,377,-153
122000238,344,797,-453
122000239,689,1698,-1009
122000240,1962,649,1313
122000241,4733,524,4209
122000242,762,86,676
122000243,453,135,318
122000244,106,503,-397
122000245,148,68,80
122000246,371,425,-54
122000247,1323,3528,-2205
122000248,1356,1296,60
122000249,2539,3123,-584
122000250,2580,1120,1460
122000251,188,130,58
122000252,331,41,290
122000253,225,98,127
122000254,934,44,890
122000255,675,600,75
122000256,440,647,-207
122000257,964,235,729
122000258,499,300,199
122000259,93,133,-40
122000260,8,74,-66
122000261,5,222,-217
122000262,0,36,-36
122000263,353,155,198
122000264,2614,318,2296
122000265,3898,1101,2797
122000266,4738,475,4263
122000267,89,68,21
122000268,210,125,85
122000269,1257,221,1036
122000270,687,199,488
122000271,255,1910,-1655
122000272,593,501,92
122000273,1211,212,999
122000274,536,184,352
122000275,58,223,-165
122000276,2815,864,1951
122000277,1374,3424,-2050
122000278,4092,606,3486
122000279,380,402,-22
122000280,857,803,54
122000281,808,434,374
122000282,85,935,-850
122000283,309,330,-21
122000284,87,585,-498
122000285,506,148,358
122000286,125,229,-104
122000287,2399,2157,242
122000288,673,305,368
122000291,3801,877,2924
122000293,206,337,-131
122000294,166,697,-531
122000295,1644,526,1118
122000296,61,2042,-1981
122000297,2234,4937,-2703
122000299,859,320,539
122000300,492,768,-276
122000301,7272,6141,1131
122000302,599,7374,-6775
122000303,1863,1435,428
122000304,33,318,-285
122000305,3501,333,3168
122000306,143,304,-161
122000307,138,242,-104
122000309,43,91,-48
122000310,13,70,-57
122000311,39,97,-58
122000312,187,182,5
122000313,19,181,-162
122000314,296,1198,-902
122000315,504,40,464
122000316,2598,334,2264
122000317,5174,317,4857
122000318,463,3347,-2884
122000319,203,210,-7
122000320,337,698,-361
122000321,128,128,0
122000322,1175,2326,-1151
122000323,550,1718,-1168
122000324,1857,2265,-408
122000325,976,2413,-1437
122000326,340,54,286
122000327,397,773,-376
122000328,516,503,13
122000330,3004,1795,1209
122000332,232,473,-241
122000333,66,60,6
122000337,2775,1537,1238
122000338,870,177,693
122000340,194,3010,-2816
122000342,1437,848,589
122000343,789,271,518
122000344,157,3,154
122000345,49,20,29
122000346,467,114,353
122000348,911,615,296
122000349,74,336,-262
122000351,507,161,346
122000352,215,115,100
122000353,365,26,339
122000355,58,531,-473
122000356,259,1571,-1312
122000357,82,41,41
122000358,0,31,-31
122000359,0,7,-7
122000360,0,0,0
122000362,30,25,5
122000364,704,201,503
122000365,1,60,-59
122000366,15,29,-14
122000368,740,772,-32
122000370,70,63,7
122000371,115,0,115
122000372,50,3,47
122000381,466,334,132
122000382,47,148,-101
122000384,1427,1338,89
122000385,144,1,143
122000386,192,2707,-2515
122000387,691,2079,-1388
122000388,1905,1127,778
122000389,159,898,-739
122000390,386,536,-150
122000391,37,1544,-1507
122000392,105,144,-39
122000393,53,158,-105
122000394,1146,168,978
122000395,365,244,121
122000396,714,58,656
122000397,60,95,-35
122000398,11,237,-226
122000399,292,94,198
122000400,43,1006,-963
122000401,267,47,220
122000402,1311,115,1196
122000403,388,228,160
122000404,628,170,458
122000408,717,900,-183
122000503,2,95,-93
122000524,67,252,-185
122000544,125,3841,-3716
122000616,278,4,274
122000640,201,85,116
122000641,304,173,131
122000642,1756,538,1218
122000643,71,292,-221
122000644,130,48,82
122000645,87,205,-118
122000651,313,1541,-1228
122000664,345,46,299
122000665,1661,314,1347
122000666,490,421,69
122000673,84,171,-87
122000674,1101,335,766
122000675,4297,735,3562
122000686,558,2660,-2102
122000687,3676,879,2797
122000688,361,440,-79
122000689,4007,306,3701
122000690,7878,853,7025
122000691,1541,720,821
122000692,2335,1082,1253
122000693,522,568,-46
122000695,714,303,411
122000696,1719,158,1561
122000698,619,159,460
122000699,999,176,823
122000701,3509,251,3258
122000702,696,1157,-461
122000703,282,41,241
122000717,108,113,-5
122000718,329,3674,-3345
122000719,28,108,-80
122000720,1634,83,1551
122000724,101,10,91
122900001,111,43,68
122900002,1035,12664,-11629
122900003,986,15,971
122900004,5515,427,5088
122900005,43,436,-393
122900006,494,2955,-2461
122900007,65,134,-69
122900008,337,469,-132
122900009,420,301,119
122900010,385,139,246
122900012,324,382,-58
122900014,138,88,50
122900015,1199,877,322
122900016,140,128,12
122900017,418,1059,-641
122900018,308,7,301
122900019,5,78,-73
122900020,328,831,-503
122900021,41,1057,-1016
122900022,2769,1226,1543
122900023,1826,131,1695
122900024,150,130,20
122900025,3,724,-721
122900026,3,149,-146
122900027,58,956,-898
122900028,45,82,-37
122900029,6428,2661,3767
122900030,1877,300,1577
122900031,61,442,-381
122900032,593,444,149
122900033,157,118,39
122900034,3746,5986,-2240
122900035,41,2,39
122900036,83,38,45
122900037,714,283,431
122900038,55,3319,-3264
122900039,77,578,-501
122900040,365,929,-564
122900041,151,661,-510
122900042,170,137,33
122900043,582,265,317
122900044,184,528,-344
122900045,255,148,107
122900046,78,440,-362
122900047,174,114,60
122900048,35,452,-417
122900049,2720,73,2647
122900051,49,324,-275
122900052,181,67,114
122900053,7,18,-11
122900055,512,114,398
122900057,455,60,395
122900061,768,43,725
122900062,773,1317,-544
122900063,432,135,297
122900064,1564,650,914
122900065,950,151,799
122900066,1225,191,1034
122900067,916,939,-23
122900068,125,209,-84
122900069,623,3486,-2863
122900070,682,72,610
122900071,91,237,-146
122900072,12,185,-173
122900073,23,92,-69
122900074,2821,164,2657
122900075,0,40,-40
122900076,2,60,-58
122900077,3,57,-54
122900078,531,29,502
122900080,27,136,-109
122900081,384,42,342
122900082,3352,92,3260
122900083,439,28,411
122900084,17,99,-82
122900086,7,78,-71
122900087,683,199,484
122900088,56,754,-698
122900089,105,705,-600
122900090,3,169,-166
122900091,1124,2,1122
122900092,1,111,-110
122900093,0,124,-124
122900094,3,140,-137
122900095,527,53,474
122900096,1561,86,1475
122900097,41,163,-122
122900098,15,201,-186
122900099,179,137,42
122900100,82,1671,-1589
122900101,474,414,60
122900102,145,113,32
122900103,558,25,533
122900104,1037,28,1009
122900105,35,78,-43
122900106,1,27,-26
122900107,10,50,-40
122900108,0,35,-35
123000001,1012,926,86
123000002,2384,7104,-4720
123000003,6801,5670,1131
123000004,3300,3597,-297
123000005,5344,2839,2505
123000006,2536,2069,467
123000007,6507,5041,1466
123000008,2389,4248,-1859
123000009,6285,4096,2189
123000010,2949,3411,-462
123000011,2249,1230,1019
123000012,552,3144,-2592
123000013,7857,1488,6369
123000014,771,2968,-2197
123000015,4383,1029,3354
123000016,2497,2862,-365
123000017,5130,2402,2728
123000018,129,97,32
123000019,1520,40,1480
123000020,1256,46,1210
123000021,810,966,-156
123000022,1370,3690,-2320
123000023,2926,4632,-1706
123000024,2702,984,1718
123000025,4,178,-174
123000026,2,217,-215
123000027,37,655,-618
123000028,479,3298,-2819
123000029,516,1954,-1438
123000030,516,252,264
123000031,880,165,715
123000032,1507,197,1310
123000033,568,116,452
123000034,1721,933,788
123000035,690,729,-39
123000036,233,1645,-1412
123000037,442,197,245
123000038,74,314,-240
123000039,508,1755,-1247
123000040,704,230,474
123000041,729,1498,-769
123000042,553,1066,-513
123000043,1739,18919,-17180
123000044,2733,2353,380
123000045,2983,1888,1095
123000046,267,1409,-1142
123000047,345,645,-300
123000048,191,2318,-2127
123000049,5190,12174,-6984
123000050,4162,2627,1535
123000051,289,527,-238
123000052,1473,4055,-2582
123000053,2937,2866,71
123000054,4129,3231,898
123000055,2759,8101,-5342
123000056,1711,997,714
123000057,3862,6865,-3003
123000058,1026,2123,-1097
123000059,223,668,-445
123000060,2082,864,1218
123000061,537,717,-180
123000063,2318,1578,740
123000064,2795,203,2592
123000065,2950,4755,-1805
123000066,413,423,-10
123000067,1415,488,927
123000068,1784,1529,255
123000069,2760,1132,1628
123000070,192,249,-57
123000071,4038,479,3559
123000072,1313,364,949
123000073,3851,814,3037
123000074,1407,508,899
123000075,402,2999,-2597
123000076,1186,277,909
123000077,2929,997,1932
123000078,4804,663,4141
123000079,5130,1302,3828
123000080,3783,729,3054
123000081,504,217,287
123000082,317,490,-173
123000083,1740,251,1489
123000084,1372,319,1053
123000085,1112,117,995
123000086,2046,63,1983
123000087,916,168,748
123000088,1743,825,918
123000089,2043,940,1103
123000090,2308,887,1421
123000091,2204,1564,640
123000092,948,1565,-617
123000094,1592,132,1460
123000095,2429,2207,222
123000096,2335,352,1983
123000097,1353,228,1125
123000098,2366,241,2125
123000099,1477,243,1234
123000100,262,825,-563
123000101,442,274,168
123000102,692,1696,-1004
123000104,605,496,109
123000105,439,172,267
123000106,868,316,552
123000107,491,125,366
123000108,573,732,-159
123000111,2371,702,1669
123000112,3316,377,2939
123000113,898,475,423
123000114,523,1185,-662
123000115,842,1034,-192
123000116,84,55,29
123000117,5255,2118,3137
123000118,906,379,527
123000119,527,421,106
123000120,384,976,-592
123000121,817,492,325
123000122,570,191,379
123000123,954,382,572
123000124,600,178,422
123000125,2060,824,1236
123000126,1395,5293,-3898
123000127,617,341,276
123000128,479,115,364
123000129,2235,87,2148
123000130,2204,26,2178
123000131,2901,1012,1889
123000132,528,370,158
123000133,257,108,149
123000134,336,77,259
123000135,5642,2899,2743
123000136,342,279,63
123000137,218,102,116
123000138,247,192,55
123000139,1398,49,1349
123000140,70,428,-358
123000141,748,139,609
123000142,1543,782,761
123000143,1024,1543,-519
123000144,7,60,-53
123000145,148,1173,-1025
123000146,28,207,-179
123000147,52,401,-349
123000149,457,182,275
123000150,126,157,-31
123000151,179,443,-264
123000152,45,830,-785
123000153,81,973,-892
123000154,1046,2734,-1688
123000155,1926,2858,-932
123000156,64,38,26
123000157,1281,1260,21
123000158,593,1589,-996
123000159,3170,8667,-5497
123000160,1923,2380,-457
123000161,2174,2187,-13
123000162,2987,3683,-696
123000163,2179,524,1655
123000164,4844,210,4634
123000165,169,746,-577
123000166,6,94,-88
123000167,161,111,50
123000168,580,89,491
123000169,1955,166,1789
123000170,212,32,180
123000171,3285,8,3277
123000172,133,329,-196
123000173,1142,937,205
123000174,1392,728,664
123000175,242,744,-502
123000176,1738,456,1282
123000177,220,997,-777
123000178,1791,378,1413
123000179,30,397,-367
123000180,2850,392,2458
123000181,235,752,-517
123000182,564,323,241
123000183,238,818,-580
123000184,59,394,-335
123000185,2329,1072,1257
123000186,0,184,-184
123000187,1195,26,1169
123000188,827,13,814
123000189,263,120,143
123000190,160,56,104
123000192,3,213,-210
123000193,36,273,-237
123000194,187,109,78
123000195,816,17,799
123000196,1320,52,1268
123000197,198,173,25
123000198,167,187,-20
123000199,65,264,-199
123000200,1082,12,1070
123000201,3196,33,3163
123000202,31,307,-276
123000203,2969,38,2931
123000204,18,392,-374
123000205,192,496,-304
123000206,5715,214,5501
123000207,92,432,-340
123000208,1816,92,1724
123000209,3179,646,2533
123000210,96,689,-593
123000211,346,1008,-662
123000212,8941,568,8373
123000213,1268,49,1219
123000215,127,141,-14
123000216,477,2116,-1639
123000217,379,174,205
123000218,24,967,-943
123000219,981,189,792
123000220,955,828,127
123000221,374,82,292
123000222,986,207,779
123000223,2000,127,1873
123000224,1016,201,815
123000225,642,78,564
123000226,360,593,-233
123000227,154,263,-109
123000228,715,120,595
123000229,834,628,206
123000232,128,417,-289
123000233,1900,112,1788
123000234,134,878,-744
123000235,3539,193,3346
123000236,612,420,192
123000237,1255,194,1061
123000238,13,314,-301
123000239,569,419,150
123000240,63,1170,-1107
123000241,255,62,193
123000242,416,197,219
123000243,1289,740,549
123000244,955,468,487
123000245,6,150,-144
123000249,368,804,-436
123000252,1654,440,1214
123000253,3245,629,2616
123000254,945,483,462
123000255,2143,1075,1068
123000256,9,213,-204
123000257,1794,1945,-151
123000258,1054,572,482
123000259,921,567,354
123000260,1155,166,989
123000261,850,115,735
123000262,52,74,-22
123000263,1114,74,1040
123000264,254,89,165
123000265,15,95,-80
123000266,842,647,195
123000267,1831,235,1596
123000268,76,46,30
123000269,92,54,38
123000270,66,33,33
123000271,47,32,15
123000272,934,411,523
123000273,663,1361,-698
123000274,2309,867,1442
123000275,256,591,-335
123000278,1666,5854,-4188
123000279,526,161,365
123000280,434,449,-15
123000281,627,118,509
123000282,192,256,-64
123000283,446,70,376
123000284,85,66,19
123000286,152,514,-362
123000287,344,305,39
123000288,1144,2164,-1020
123000289,224,2768,-2544
123000291,170,714,-544
123000294,209,162,47
123000295,712,1718,-1006
123000296,1293,744,549
123000297,1858,323,1535
123000298,2940,271,2669
123000299,288,127,161
123000300,2318,889,1429
123000301,322,1011,-689
123000302,450,57,393
123000303,190,692,-502
123000305,572,594,-22
123000306,628,97,531
123000309,21,88,-67
123000310,99,45,54
123000311,0,37,-37
123000312,490,299,191
123000313,1057,1893,-836
123000315,517,141,376
123000316,1337,371,966
123000317,552,242,310
123000318,18,236,-218
123000329,21,11,10
123000337,464,256,208
123000338,139,646,-507
123000339,866,52,814
123000340,151,314,-163
123000342,2,94,-92
123000343,221,23,198
123000344,444,77,367
123000345,343,190,153
123000346,1083,88,995
123000352,1474,631,843
123000353,91,55,36
123000354,2622,16,2606
123000355,1,556,-555
123000356,883,56,827
123000357,2,83,-81
123000359,15,73,-58
123000360,387,656,-269
123000361,566,184,382
123000362,1115,101,1014
123000363,394,143,251
123000364,721,1312,-591
123000365,23,503,-480
123000366,324,4350,-4026
123000367,390,513,-123
123000370,46,730,-684
123000371,1100,154,946
123000372,669,195,474
123000373,32,216,-184
123000374,36,126,-90
123000375,825,989,-164
123000376,1714,886,828
123000377,1612,11,1601
123000378,24,234,-210
123000379,9,313,-304
123000380,8,248,-240
123000381,33,183,-150
123000382,792,192,600
123000383,52,1008,-956
123000384,1387,255,1132
123000385,226,392,-166
123000436,130,2543,-2413
123000507,70,158,-88
123000508,230,1931,-1701
123000517,336,2,334
123000518,10,32,-22
123000519,270,52,218
123000520,65,33,32
123000521,830,54,776
123000522,88,133,-45
123000541,45,8,37
123000542,0,3,-3
123000565,1595,107,1488
123000566,1377,237,1140
123000567,297,111,186
123000573,27,387,-360
123000574,2524,176,2348
123000575,5162,333,4829
123000576,2259,557,1702
123000577,77,491,-414
123000578,983,73,910
123000579,1239,10277,-9038
123000580,225,256,-31
123000582,1197,46,1151
123000583,25,158,-133
123000584,309,146,163
123000585,0,42,-42
123000586,654,13,641
123000596,56,48,8
123000597,210,219,-9
123000602,407,42,365
123000603,3084,266,2818
123000604,2140,320,1820
123000605,1477,122,1355
123000606,0,1118,-1118
123000609,33,402,-369
123000610,105,106,-1
123000613,199,54,145
123000614,760,47,713
123000615,143,27,116
123000616,3105,45,3060
123000617,146,132,14
123000618,8,228,-220
123000619,860,23,837
123000620,4,182,-178
123000622,1496,37,1459
123000624,688,56,632
123000630,3519,956,2563
123000631,479,506,-27
123000632,803,450,353
123000633,0,240,-240
123000634,38,999,-961
123000635,51,170,-119
123000636,86,519,-433
123000637,599,28,571
123000638,1944,55,1889
123000639,1845,12547,-10702
123000640,12,216,-204
123000648,98,21,77
123000649,3,42,-39
123900001,1771,105,1666
123900002,22,1990,-1968
123900003,143,306,-163
123900005,607,277,330
123900006,860,93,767
124000001,4256,422,3834
124000002,32,607,-575
124000003,2550,337,2213
124000004,216,223,-7
124000005,2186,3220,-1034
124000006,409,549,-140
124000007,1777,397,1380
124000008,7,1133,-1126
124000009,1457,625,832
124000010,1064,797,267
124000011,1862,1336,526
124000012,853,200,653
124000017,518,133,385
124000018,481,137,344
124000019,395,137,258
124000020,207,102,105
124000021,211,107,104
124000022,194,166,28
124000023,2207,1902,305
124000024,1282,242,1040
124000025,1922,2031,-109
124000026,1359,1149,210
124000027,4131,2797,1334
124000028,1388,3924,-2536
124000030,2141,1327,814
124000031,1938,21999,-20061
124000032,1245,697,548
124000033,459,1694,-1235
124000034,1338,1213,125
124000035,326,322,4
124000036,125,706,-581
124000037,576,788,-212
124000038,18,69,-51
124000039,406,435,-29
124000040,283,1427,-1144
124000041,1479,454,1025
124000042,478,751,-273
124000043,323,79,244
124000044,139,268,-129
124000045,3229,260,2969
124000046,372,800,-428
124000047,5408,593,4815
124000048,2493,419,2074
124000049,3598,544,3054
124000050,1703,1170,533
124000051,2802,323,2479
124000052,1434,579,855
124000053,493,3994,-3501
124000054,1134,201,933
124000055,1424,9686,-8262
124000056,1740,693,1047
124000057,2951,312,2639
124000058,1356,656,700
124000059,2079,1541,538
124000060,588,540,48
124000061,1804,10595,-8791
124000062,1420,928,492
124000063,1534,630,904
124000064,1635,1586,49
124000065,20,2338,-2318
124000066,355,1191,-836
124000067,196,207,-11
124000068,183,371,-188
124000069,785,236,549
124000070,849,141,708
124000071,337,1088,-751
124000072,895,5054,-4159
124000073,1737,93,1644
124000074,387,802,-415
124000075,1430,89,1341
124000076,140,59,81
124000077,472,1017,-545
124000078,1974,1298,676
124000079,421,1024,-603
124000080,1897,680,1217
124000081,594,1509,-915
124000082,207,155,52
124000083,89,149,-60
124000084,66,1536,-1470
124000085,52,33,19
124000086,16,571,-555
124000087,62,736,-674
124000088,225,379,-154
124000089,1082,197,885
124000090,334,294,40
124000091,1104,101,1003
124000092,577,462,115
124000093,251,161,90
124000094,217,954,-737
124000095,288,45,243
124000096,666,244,422
124000097,237,110,127
124000098,441,62,379
124000099,574,119,455
124000100,181,105,76
124000101,263,188,75
124000102,189,23,166
124000103,376,138,238
124000104,174,25,149
124000105,375,85,290
124000106,261,16,245
124000107,44,366,-322
124000108,63,8,55
124000109,254,77,177
124000110,240,42,198
124000111,361,155,206
124000112,2100,436,1664
124000113,345,131,214
124000114,1016,257,759
124000115,786,537,249
124000116,110,336,-226
124000117,68,67,1
124000118,36,85,-49
124000119,1530,757,773
124000120,1179,328,851
124000121,1421,1216,205
124000122,615,2157,-1542
124000123,796,358,438
124000124,679,983,-304
124000125,592,281,311
124000126,591,491,100
124000127,1485,258,1227
124000128,1404,354,1050
124000129,1826,991,835
124000130,522,230,292
124000131,780,577,203
124000132,660,512,148
124000133,1944,955,989
124000134,1108,400,708
124000135,1994,2262,-268
124000136,692,688,4
124000137,1159,1242,-83
124000138,826,732,94
124000139,845,130,715
124000140,20,825,-805
124000141,25,38,-13
124000142,18,693,-675
124000143,38,86,-48
124000144,42,118,-76
124000145,239,658,-419
124000146,61,690,-629
124000148,27,229,-202
124000149,1811,362,1449
124000150,459,2684,-2225
124000151,2525,520,2005
124000152,1252,1698,-446
124000153,1712,931,781
124000154,1006,866,140
124000155,1194,1027,167
124000156,1252,906,346
124000169,210,1176,-966
124000170,650,416,234
124000171,509,514,-5
124000172,456,432,24
124000173,1359,220,1139
124000174,959,358,601
124000175,145,126,19
124000176,169,41,128
124000177,5,104,-99
124000178,99,194,-95
124000190,41,124,-83
124000191,141,415,-274
124000192,1902,1677,225
124000193,198,4222,-4024
124000194,539,226,313
124000195,572,478,94
124000196,713,850,-137
124000197,143,23,120
124000198,178,55,123
124000201,83,321,-238
124000202,1575,125,1450
124000203,2080,234,1846
124000204,5653,489,5164
124000205,312,807,-495
124000206,3493,839,2654
124000207,0,18,-18
124000209,273,190,83
124000210,3099,461,2638
124000211,2607,5,2602
124000212,0,217,-217
124000213,1833,283,1550
124000214,1814,317,1497
124000215,2109,26,2083
124000216,6,476,-470
124000329,197,609,-412
124000338,335,490,-155
124000339,7394,32,7362
124000341,5776,43,5733
124000344,110,8,102
124000357,1661,4497,-2836
124000358,871,2661,-1790
124000359,1785,789,996
124000360,2328,546,1782
124000361,4546,1688,2858
124000362,1866,4348,-2482
124000363,922,238,684
124000364,760,292,468
124000365,1039,683,356
124000366,2842,604,2238
124000367,119,230,-111
124000368,336,3147,-2811
124000369,83,130,-47
124000370,10,1127,-1117
124000402,178,31,147
124000403,482,57,425
124000404,212,46,166
124000405,785,534,251
124000406,1063,298,765
124000407,14,8,6
124000411,4,306,-302
124000412,1219,10,1209
124000413,261,338,-77
124000414,313,76,237
124000415,71,29,42
124000416,372,119,253
124000417,662,79,583
124000418,771,27,744
124000419,285,31,254
124000420,513,16,497
124000421,147,57,90
124000422,24,23,1
124000423,280,21,259
124000424,34,41,-7
124000425,45,122,-77
124000426,10,185,-175
124000427,90,12,78
124000428,10,963,-953
124000429,326,15,311
124000430,2004,624,1380
124000431,1144,274,870
124000432,597,1145,-548
124000439,97,1,96
124000443,0,19,-19
124000445,213,4336,-4123
124000446,1057,525,532
124900001,1853,179,1674
124900002,409,151,258
124900003,2217,275,1942
124900004,1925,192,1733
124900005,285,80,205
124900006,1732,181,1551
124900008,611,698,-87
124900009,61,743,-682
124900010,754,129,625
124900011,2134,327,1807
124900012,369,75,294
124900013,937,112,825
124900014,358,472,-114
124900015,274,920,-646
124900016,192,314,-122
124900017,627,8324,-7697
124900018,468,18,450
124900020,312,41,271
124900021,1045,237,808
124900022,133,1,132
124900024,1516,3,1513
124900026,105,77,28
124900027,229,231,-2
124900028,358,80,278
124900029,55,950,-895
124900030,2,67,-65
124900031,67,251,-184
124900032,134,73,61
124900033,167,324,-157
124900034,13,130,-117
124900035,227,109,118
124900036,0,96,-96
124900037,557,87,470
124900038,231,114,117
124900039,4,72,-68
124900040,259,92,167
124900041,852,316,536
124900042,29,4,25
124900043,1104,347,757
124900044,130,1,129
124900045,425,1903,-1478
124900046,553,152,401
124900047,158,78,80
124900048,589,74,515
124900050,356,89,267
124900052,221,203,18
124900053,611,167,444
124900054,1124,825,299
124900055,0,83,-83
124900057,3,393,-390
124900060,94,247,-153
124900061,326,1,325
124900062,306,23,283
124900066,0,3,-3
124900067,4,125,-121
124900068,157,1811,-1654
124900070,88,123,-35
124900072,506,50,456
124900074,171,91,80
124900075,1292,150,1142
124900076,27,3621,-3594
124900077,42,62,-20
124900078,235,16,219
124900079,436,369,67
124900080,917,195,722
124900081,2718,163,2555
124900082,819,276,543
124900083,872,515,357
124900084,1000,68,932
124900085,374,391,-17
124900086,28,1101,-1073
124900087,476,33,443
124900088,156,63,93
124900089,992,13,979
124900090,1300,144,1156
124900091,594,120,474
124900092,692,122,570
124900093,1108,177,931
124900094,1234,149,1085
124900095,262,984,-722
124900096,447,115,332
124900097,1052,26,1026
124900098,309,363,-54
124900099,203,927,-724
124900100,854,19,835
124900101,234,260,-26
124900102,828,9,819
124900103,556,85,471
124900104,284,63,221
124900105,347,62,285
124900106,501,79,422
124900107,460,12,448
124900108,628,182,446
124900109,63,138,-75
124900110,318,53,265
124900111,5,404,-399
124900112,566,197,369
124900113,54,222,-168
124900114,88,174,-86
124900115,57,699,-642
124900116,805,777,28
124900117,178,392,-214
124900118,64,2073,-2009
124900119,817,398,419
124900120,47,153,-106
124900121,76,829,-753
124900122,481,151,330
124900123,168,115,53
124900124,44,122,-78
129000186,153,255,-102
204000001,310,10,300
204000002,8,3,5
204000003,26,1,25
204000004,17,4,13
204000005,420,313,107
204000006,1299,1323,-24
204000011,8,11,-3
204000012,56,30,26
204000019,1568,417,1151
204000020,1902,331,1571
204000021,1381,985,396
204000022,1723,762,961
204000023,878,362,516
204000031,98,3,95
204000032,322,1,321
204000034,54,155,-101
204000035,3,23,-20
204000036,3,111,-108
204000037,0,47,-47
204000038,0,21,-21
204000039,19,61,-42
204000040,12,28,-16
204000041,16,29,-13
204000042,46,12,34
204000043,40,5,35
204000044,176,43,133
204000045,113,41,72
204000046,57,1,56
204000057,15,20,-5
204000062,65,54,11
204000068,33,372,-339
204000069,181,618,-437
204000070,73,140,-67
204000080,105,84,21
204000085,1270,465,805
204000086,1888,803,1085
204000087,92,1,91
204000088,1,20,-19
204000090,98,161,-63
204000093,1644,16,1628
204000096,2550,413,2137
204000097,1113,16,1097
204000099,1306,2665,-1359
204000100,2185,1033,1152
204000105,1546,304,1242
204000110,460,751,-291
204000111,601,582,19
204000112,346,408,-62
204000113,227,489,-262
204000114,1721,1255,466
204000115,1906,277,1629
204000116,976,404,572
204000119,3964,859,3105
204000132,703,787,-84
204000133,1260,115,1145
204000134,411,47,364
204000135,1038,57,981
204000136,632,334,298
204000138,276,1311,-1035
204000140,325,122,203
204000141,208,53,155
204000144,22,30,-8
204000145,1172,29,1143
204000146,19,107,-88
204000147,11,242,-231
204000148,279,11,268
204000154,12,8,4
204000155,12,15,-3
204000177,47,76,-29
204000179,21,11,10
204000180,1,41,-40
204000222,25,6,19
204000235,182,63,119
204000236,71,100,-29
204000238,21,31,-10
204000240,631,53,578
204000263,647,437,210
204000268,662,177,485
204000308,139,9,130
204000317,16,196,-180
204000322,61,132,-71
204000323,20,7,13
204000328,361,36,325
204000329,119,27,92
204000330,375,16,359
204000331,86,56,30
204010341,27,177,-150
205000001,717,1131,-414
205000013,38,140,-102
205000014,153,79,74
205000015,185,43,142
205000016,78,51,27
205000017,103,49,54
205000022,325,321,4
205000025,1305,404,901
205000029,1234,7,1227
205000045,289,210,79
205000046,235,173,62
205000047,129,215,-86
205000048,487,160,327
205000049,256,253,3
205000050,515,97,418
205000059,0,335,-335
205000060,1,453,-452
205000061,2,980,-978
205000062,0,972,-972
205000063,48,1118,-1070
205000064,78,352,-274
205000065,390,767,-377
205000066,254,213,41
205000067,330,238,92
205000069,167,10,157
205000082,113,162,-49
205000110,19,101,-82
205000111,163,87,76
205000112,148,129,19
205000113,74,168,-94
205000121,87,76,11
205000123,223,67,156
205000126,867,110,757
205000127,725,89,636
205000128,440,76,364
205000129,1268,105,1163
205000130,337,22,315
205000131,33,12,21
205000132,64,11,53
205000133,51,4,47
205000134,400,1,399
205000137,343,37,306
205000138,566,158,408
205000139,24,43,-19
205000144,151,50,101
205000145,237,214,23
205000151,167,57,110
205000152,166,44,122
205000153,227,70,157
205000154,66,67,-1
205000155,120,33,87
205000207,1,28,-27
205000233,21,1,20
205000234,0,1,-1
205000243,1,0,1
205000244,0,5,-5
205000245,13,72,-59
205000249,0,20,-20
205000250,39,0,39
205000264,26,86,-60
206000027,8,35,-27
206000028,14,9,5
206000043,5,49,-44
206000053,0,9,-9
206000054,1,21,-20
206000055,0,16,-16
206000075,16,17,-1
206000076,92,8,84
206000077,99,7,92
206000078,22,20,2
206000079,46,14,32
206000082,421,116,305
206000100,6,446,-440
206000103,0,0,0
206000104,0,0,0
206000105,0,0,0
206000106,0,1,-1
206000108,1169,81,1088
206000125,335,0,335
206000157,9,226,-217
206000170,0,85,-85
206000171,9,158,-149
206000172,27,108,-81
206000173,1,95,-94
206000174,27,34,-7
206000175,0,59,-59
206000176,15,72,-57
206000177,4,44,-40
206000178,1,320,-319
206000179,3,160,-157
206000180,4,57,-53
206000181,3,11,-8
206000182,4,37,-33
206000183,11,92,-81
206000184,10,50,-40
206000185,11,12,-1
206000186,108,252,-144
206000223,17,212,-195
206000226,96,4,92
206000227,46,15,31
206000237,32,83,-51
206000238,25,429,-404
206000239,185,1235,-1050
206000240,0,0,0
206000241,0,54,-54
206000242,2,75,-73
206000243,16,29,-13
206000244,25,107,-82
206000245,4635,43,4592
206000246,863,6,857
206000247,1373,8,1365
206000248,1944,43,1901
206000252,88,66,22
206000258,0,8,-8
206000315,84,4,80
206000317,777,240,537
206000318,1208,85,1123
206000319,4026,117,3909
206000320,958,42,916
206000321,1274,22,1252
206000322,2211,27,2184
206000323,755,2,753
206000324,1003,53,950
206000325,557,42,515
206000326,565,34,531
206000327,151,43,108
206000328,932,13,919
206000329,1674,10,1664
206000330,505,26,479
206000331,829,8,821
206000332,195,7,188
206000333,3392,4,3388
206000334,1903,0,1903
206000335,2,28,-26
206000361,2,65,-63
206000392,3,11,-8
206000405,780,0,780
206000441,156,26,130
206000498,181,4,177
206000515,80,59,21
206000530,777,35,742
206000531,258,388,-130
206000532,1526,349,1177
206000535,183,2860,-2677
206000536,38,73,-35
206000537,20,145,-125
206000613,1154,295,859
207000001,229,289,-60
207000002,183,253,-70
207000003,137,133,4
207000007,3449,111,3338
207000008,680,5,675
207000009,129,18,111
207000010,378,216,162
207000012,828,104,724
207000015,242,382,-140
207000019,766,54,712
207000021,477,388,89
207000022,357,217,140
207000023,465,106,359
207000024,3,18,-15
207000025,30,145,-115
207000026,102,57,45
207000027,26,44,-18
207000028,108,167,-59
207000029,383,250,133
207000033,416,248,168
207000034,501,68,433
207000039,1378,24,1354
207000040,1553,18,1535
207000041,359,49,310
207000042,804,44,760
207000043,499,256,243
207000051,72,268,-196
207000052,2,117,-115
207000053,339,276,63
207000054,69,62,7
207000055,175,52,123
207000056,239,189,50
207000057,115,190,-75
207000058,130,183,-53
207000059,88,268,-180
207000060,54,485,-431
207000061,113,2198,-2085
207000062,1390,71,1319
207000063,1284,51,1233
207000064,680,46,634
207000065,512,152,360
207000066,941,200,741
207000067,157,65,92
207000068,280,27,253
207000069,1790,246,1544
207000082,49,144,-95
207000083,91,137,-46
207000084,889,160,729
207000085,499,53,446
207000086,991,14,977
207000106,131,16,115
207000107,368,28,340
207000108,216,3,213
207000109,200,6,194
207000110,100,16,84
207000111,169,52,117
207000112,37,904,-867
207000114,26,9,17
207000115,60,24,36
207000116,4,199,-195
207000117,8,59,-51
207000118,0,41,-41
207000119,25,44,-19
207000123,567,11,556
207000124,367,12,355
207000125,125,5,120
207000126,71,3,68
207000134,642,78,564
207000135,200,159,41
207000148,221,401,-180
207000149,49,24,25
207000152,199,511,-312
207000153,414,649,-235
207000154,579,110,469
207000159,45,81,-36
207000160,136,214,-78
207000238,0,45,-45
207000242,0,33,-33
207000248,15,10,5
207000249,105,8,97
207000250,306,70,236
207000251,71,130,-59
207000252,39,31,8
207000278,406,134,272
207000279,23,89,-66
207000280,1821,27,1794
207000281,183,316,-133
207000282,36,1005,-969
207000283,18,147,-129
207000284,65,3105,-3040
207000285,73,91,-18
207000291,7,45,-38
207000304,70,44,26
207000306,46,243,-197
207000310,495,163,332
207000353,83,0,83
207000356,4,108,-104
207000357,1,19,-18
207000358,1,10,-9
207000415,2,41,-39
207000417,35,4,31
207000418,91,45,46
207000438,0,6,-6
207000439,513,124,389
207000446,259,2,257
207000460,315,7,308
207000466,66,118,-52
207000467,1351,48,1303
207000468,67,110,-43
207000476,4,32,-28
207000477,1139,31,1108
207000478,0,38,-38
207000523,0,6,-6
207000524,49,0,49
207000527,514,139,375
207000530,882,1,881
207000531,514,1,513
207000532,152,26,126
207000534,187,6,181
207000535,7,132,-125
207000537,12,88,-76
207000540,1,33,-32
207000541,3,87,-84
207000548,8,110,-102
207000549,427,21,406
207000561,241,93,148
207000562,20,110,-90
207000567,52,199,-147
207000568,1149,55,1094
207000569,2324,162,2162
207000584,29,96,-67
207000585,19,95,-76
207000616,0,62,-62
207000617,498,0,498
207900008,1008,31,977
208000001,979,901,78
208000002,1200,697,503
208000003,1264,333,931
208000004,1030,841,189
208000005,3,49,-46
208000019,2343,255,2088
208000020,509,127,382
208000021,376,201,175
208000022,905,263,642
208000028,1195,2447,-1252
208000033,449,164,285
208000034,645,840,-195
208000037,1041,53,988
208000040,636,142,494
208000041,1423,733,690
208000042,2991,569,2422
208000047,161,125,36
208000064,3089,1362,1727
208000066,1588,1004,584
208000070,1075,726,349
208000071,1662,213,1449
208000072,1577,331,1246
208000080,490,698,-208
208000081,639,216,423
208000082,962,137,825
208000083,465,171,294
208000084,12,153,-141
208000085,1000,468,532
208000086,861,789,72
208000087,856,455,401
208000089,1722,229,1493
208000090,1232,341,891
208000093,39,124,-85
208000094,606,249,357
208000095,1060,485,575
208000104,3041,267,2774
208000105,1592,507,1085
208000114,170,373,-203
208000115,1266,512,754
208000116,2580,2196,384
208000117,8,104,-96
208000118,244,518,-274
208000155,1227,1080,147
208000158,2358,2755,-397
208000186,1323,1518,-195
208000204,1060,1194,-134
208000205,2271,776,1495
208000282,1115,758,357
209000004,1291,261,1030
209000005,145,114,31
209000006,416,248,168
209000007,435,528,-93
209000010,131,293,-162
209000011,38,285,-247
209000012,109,98,11
209000013,399,203,196
209000014,681,321,360
209000025,927,101,826
209000026,2134,177,1957
209000027,578,198,380
209000028,330,175,155
209000029,676,631,45
209000030,665,878,-213
209000031,2589,773,1816
209000034,275,489,-214
209000035,276,433,-157
209000036,632,136,496
209000037,955,176,779
209000038,391,152,239
209000039,257,143,114
209000040,465,302,163
209000041,393,286,107
209000042,456,144,312
209000043,693,341,352
209000044,481,509,-28
209000045,698,218,480
209000046,1142,270,872
209000047,854,416,438
209000048,868,855,13
209000049,111,36,75
209000050,365,58,307
209000051,422,91,331
209000052,309,102,207
209000062,219,59,160
209000063,150,14,136
209000064,51,14,37
209000065,298,23,275
209000066,285,18,267
209000067,430,63,367
209000080,5,111,-106
209000082,294,30,264
209000091,38,111,-73
209000093,75,107,-32
209000094,37,186,-149
209000110,140,70,70
209000111,513,3629,-3116
209000112,2005,561,1444
209000113,4727,895,3832
209000114,2187,752,1435
209000115,92,59,33
209000116,219,166,53
209000118,23,141,-118
209000119,35,87,-52
209000121,121,351,-230
209000135,191,67,124
209000142,1049,6650,-5601
209000143,46,55,-9
209000144,194,355,-161
209000229,406,81,325
209000240,19,176,-157
209000259,98,31,67
209000260,28,362,-334
209000261,33,180,-147
209000262,1,153,-152
209000263,0,249,-249
209000264,0,235,-235
209000265,488,2,486
209000266,199,0,199
209000267,2271,5,2266
209000268,905,138,767
210000037,261,79,182
210000047,136,10,126
210000048,237,60,177
210000049,267,14,253
210000052,262,29,233
210000053,75,23,52
210000054,14,74,-60
210000070,404,20,384
210000071,214,8,206
210000072,78,0,78
210000073,0,18,-18
210000074,0,37,-37
210000075,0,43,-43
210000076,7,90,-83
210000077,4,139,-135
210000078,11,155,-144
210000079,20,19,1
210000080,95,401,-306
210000081,244,37,207
210000082,22,1,21
210000083,102,1,101
210000084,184,0,184
210000085,0,126,-126
210000086,0,51,-51
210000099,80,174,-94
210000100,67,108,-41
210000101,55,126,-71
210000105,17,350,-333
210000159,0,508,-508
210000163,29,86,-57
210000164,374,188,186
210000168,494,45,449
210000187,1,7,-6
210000188,0,20,-20
210000214,13,0,13
210000219,294,46,248
210000220,336,6,330
210000232,3,14,-11
210000233,31,2,29
210000234,53,14,39
210000235,183,37,146
210000245,2,51,-49
210000246,22,0,22
210000258,20,72,-52
210000259,510,111,399
210000282,23,233,-210
210000285,0,179,-179
210000286,59,132,-73
210000290,0,3,-3
210000295,122,255,-133
210000296,117,31,86
210000320,704,32,672
210000321,635,24,611
210000338,80,111,-31
210000339,99,963,-864
210000340,71,243,-172
210000341,286,152,134
210000342,403,108,295
210000343,257,165,92
210000344,133,303,-170
210000345,171,626,-455
210000346,74,368,-294
210000347,33,261,-228
210000348,271,221,50
210000349,108,162,-54
210000350,355,84,271
210000351,432,66,366
210000352,46,29,17
210000353,86,21,65
210000354,75,20,55
210000355,44,346,-302
210000356,24,434,-410
210000357,30,427,-397
210000358,762,512,250
210000359,118,416,-298
210000360,468,527,-59
210000361,555,203,352
210000362,718,151,567
210000363,955,168,787
210000364,596,112,484
210000365,615,92,523
210000366,651,56,595
210000367,222,14,208
210000368,427,36,391
210000369,99,117,-18
210000370,207,194,13
210000372,33,54,-21
210000373,20,79,-59
210000374,90,165,-75
210000375,40,8,32
210000376,66,428,-362
210000404,43,85,-42
210000439,272,4,268
210000472,87,2,85
210000482,221,136,85
210000564,463,165,298
210000567,3,93,-90
210000568,378,5,373
211000092,161,28,133
211000094,41,2,39
211000169,469,16,453
211000172,58,240,-182
211000209,0,77,-77
211000226,15,6,9
211000270,196,29,167
211000275,20,35,-15
211000276,365,40,325
211000279,46,61,-15
211000281,330,46,284
211507980,1,89,-88
211977296,39,4,35
212000003,459,179,280
212000004,5,137,-132
212000005,9,228,-219
212000006,37,229,-192
212000008,317,208,109
212000009,104,153,-49
212000012,242,53,189
212000013,83,33,50
212000014,507,72,435
212000015,466,76,390
212000016,628,247,381
212000027,860,130,730
212000028,689,163,526
212000029,468,162,306
212000030,60,25,35
212000031,87,41,46
212000048,49,801,-752
212000049,21,340,-319
212000050,20,40,-20
212000051,488,75,413
212000052,322,119,203
212000053,270,154,116
212000054,1310,49,1261
212000055,1080,84,996
212000056,18,43,-25
212000057,34,19,15
212000058,236,49,187
212000070,243,76,167
212000077,360,142,218
212000099,979,148,831
212000108,506,534,-28
212000111,812,65,747
212000120,128,247,-119
212000138,439,58,381
212000156,1,46,-45
212000158,17,91,-74
212000159,1318,38,1280
212000160,1503,103,1400
212000161,218,7,211
212000310,113,6,107
212000311,27,37,-10
212000374,38,7,31
213000001,36,369,-333
213000005,1339,128,1211
213000006,991,140,851
213000007,52,25,27
213000009,395,125,270
213000010,647,116,531
213000011,275,50,225
213000012,345,115,230
213000014,92,36,56
213000015,462,15,447
213000016,498,28,470
213000017,68,0,68
213000018,1,20,-19
213000019,2,76,-74
213000020,125,69,56
213000021,1,61,-60
213000023,903,268,635
213000033,487,1141,-654
213000034,632,86,546
213000035,232,575,-343
213000045,187,244,-57
213000046,113,60,53
213000047,194,685,-491
213000056,553,15,538
213000069,188,35,153
213000073,2,23,-21
213000074,44,277,-233
213000075,1627,7,1620
213000076,21,8,13
213000085,3,13,-10
213000086,3,68,-65
213000091,771,28,743
213000092,104,11,93
213000099,231,1010,-779
213000100,1380,270,1110
213000101,1536,90,1446
213000102,1409,104,1305
213000103,799,285,514
213000104,39,170,-131
213000105,205,2646,-2441
213000106,51,204,-153
213000107,157,273,-116
213000108,115,272,-157
213000109,4,210,-206
213000110,5,66,-61
213000111,3,70,-67
213000112,51,49,2
213000115,140,3,137
213000116,10,250,-240
213000117,1,368,-367
213000118,1973,550,1423
213000119,27,334,-307
213000120,30,238,-208
213000122,157,240,-83
213000123,126,369,-243
213000124,318,627,-309
213000125,294,74,220
213000126,56,33,23
213000127,35,154,-119
213000128,71,520,-449
213000129,168,3383,-3215
213000130,1909,1206,703
213000132,2772,235,2537
213000133,2469,156,2313
213000134,3735,20,3715
213000136,1085,5,1080
213000137,972,13,959
213000139,331,24,307
213000147,28,10,18
213000148,12,51,-39
213000149,13,19,-6
213000150,1,837,-836
213000151,1,200,-199
213000152,2,267,-265
213000153,3,242,-239
213000154,152,237,-85
213000155,141,194,-53
213000156,160,225,-65
213000157,1401,204,1197
213000158,696,418,278
213000159,1190,266,924
213000163,4283,527,3756
213000165,966,319,647
213000171,0,10,-10
213000172,1,42,-41
213000173,1,42,-41
213000174,0,52,-52
213000175,15,17,-2
213000176,320,60,260
213000177,211,2,209
213000178,686,3,683
213000179,802,0,802
213000180,1026,0,1026
213000184,99,255,-156
213000188,1488,72,1416
213000189,2113,27,2086
213000190,1309,234,1075
213000191,1344,177,1167
213000192,882,137,745
213000193,426,299,127
213000194,1,257,-256
213000195,38,164,-126
213000196,584,1805,-1221
213000197,923,1479,-556
213000198,41,0,41
213000200,196,411,-215
213000201,18,70,-52
213000202,4,385,-381
213000203,1856,268,1588
213000204,1898,57,1841
213000205,1231,37,1194
213000206,1595,52,1543
213000207,55,9,46
213000208,41,5,36
213000209,85,0,85
213000210,304,2,302
213000211,6,19,-13
213000212,19,17,2
213000213,47,33,14
213000218,753,483,270
213000219,2403,65,2338
213000220,2716,14,2702
213000223,616,113,503
213000224,51,32,19
213000225,169,24,145
213000226,73,10,63
213000227,2738,79,2659
213000228,1768,55,1713
213000229,486,34,452
213000230,911,18,893
213000232,193,18,175
213000233,6,152,-146
213000234,1,46,-45
213000293,15,111,-96
213000294,224,46,178
213000295,54,43,11
213000296,166,30,136
213000297,19,65,-46
213000298,27,64,-37
213000299,46,29,17
213000300,5,3,2
213000303,0,29,-29
213000304,0,8,-8
213000305,0,23,-23
213000306,50,286,-236
213000307,161,120,41
213000308,60,152,-92
213000309,393,38,355
213000310,490,132,358
213000311,120,413,-293
213000315,85,200,-115
213000316,614,24,590
213000322,233,37,196
213000323,337,33,304
213000324,137,11,126
213000325,262,29,233
213000326,190,10,180
213000327,184,27,157
213000328,130,84,46
213000329,322,17,305
213000340,211,320,-109
213000341,2388,70,2318
213000346,157,389,-232
213000347,285,1327,-1042
213000348,12,73,-61
213000349,1,21,-20
213000350,172,750,-578
213000366,108,167,-59
213000367,627,20,607
213000379,86,18,68
213000386,57,75,-18
213000406,273,110,163
213000417,2951,792,2159
213000425,760,121,639
213000426,461,22,439
213000427,180,66,114
213000428,124,53,71
213000429,8,7,1
213000430,172,195,-23
213000431,29,3,26
213000432,1,68,-67
213000433,52,29,23
213000434,368,91,277
213000435,270,59,211
213000436,258,27,231
213000437,8,13,-5
213000438,270,18,252
213000439,52,15,37
213000440,5,126,-121
213000441,0,1,-1
213000442,3,12,-9
213000443,968,359,609
213000444,62,11,51
213000445,0,58,-58
213000446,0,75,-75
213000447,1,142,-141
213000448,9,151,-142
213000449,2641,64,2577
213000450,34,15,19
213000451,895,43,852
213000452,36,9,27
213000453,18,173,-155
213000455,142,0,142
213000456,0,214,-214
213000481,13,4,9
213000482,55,8,47
213000489,209,131,78
213000491,26,395,-369
213000492,188,53,135
213000493,5,762,-757
213000494,588,62,526
213000495,0,20,-20
213000496,1134,157,977
213000497,47,165,-118
213000498,128,108,20
213000499,347,107,240
213000500,1523,35,1488
213000501,555,52,503
213000502,142,55,87
213000503,0,96,-96
213000504,41,96,-55
213000505,44,1,43
213000506,0,0,0
213000507,0,34,-34
213900016,0,4,-4
213900244,402,0,402
213900245,0,14,-14
218000003,61,50,11
218000004,134,30,104
218000005,31,67,-36
218000006,89,66,23
218000007,16,17,-1
218000012,116,445,-329
218000013,411,303,108
218000014,521,175,346
218000019,531,243,288
218000020,392,183,209
218000021,61,61,0
218000022,28,14,14
218000023,10,19,-9
218000024,5,9,-4
218000025,22,13,9
218000026,33,5,28
218000027,10,5,5
218000028,0,1,-1
218000029,6,6,0
218000030,50,9,41
218000031,18,5,13
218000032,6,17,-11
218000040,2,20,-18
218000046,125,153,-28
218000047,24,69,-45
218000048,189,25,164
218000049,118,42,76
218000050,462,123,339
218000051,126,134,-8
218000052,0,33,-33
218000053,4,5,-1
218000054,14,39,-25
218000055,5,48,-43
218000056,46,66,-20
218000057,3,50,-47
218000064,0,3,-3
218000065,152,22,130
218000066,30,55,-25
218000067,193,33,160
218000068,363,63,300
218000069,794,30,764
218000070,413,205,208
218000071,289,163,126
218000072,144,186,-42
218000078,1851,246,1605
218000079,484,29,455
218000080,335,30,305
218000081,894,63,831
218000082,410,28,382
218000083,195,40,155
218000084,187,51,136
218000085,181,63,118
218000086,114,34,80
218000087,268,41,227
218000090,14,280,-266
218000091,2079,791,1288
218000092,377,43,334
218000093,190,46,144
218000094,756,225,531
218000099,335,297,38
218000100,473,176,297
218000101,447,150,297
218000102,881,161,720
218000103,273,72,201
218000104,210,52,158
218000105,37,6,31
218000106,76,5,71
218000107,334,27,307
218000108,77,24,53
218000112,87,25,62
218000117,44,92,-48
218000134,553,284,269
218000135,26,111,-85
218000136,169,132,37
218000137,124,188,-64
218000138,84,84,0
218000139,290,565,-275
218000140,822,561,261
218000141,132,106,26
218000142,372,211,161
218000143,59,363,-304
218000144,10,269,-259
218000145,879,266,613
218000146,123,75,48
218000151,4,17,-13
218000152,56,23,33
218000153,6,9,-3
218000154,42,1,41
218000155,77,1,76
218000156,187,2,185
218000157,92,11,81
218000158,33,12,21
218000159,4,10,-6
218000160,19,6,13
218000161,79,5,74
218000162,115,3,112
218000163,39,2,37
218000164,192,3,189
218000165,243,59,184
218000170,0,27,-27
218000171,92,3,89
218000172,3,6,-3
218000173,9,7,2
218000174,16,20,-4
218000176,266,17,249
218000177,309,101,208
218000178,61,111,-50
218000179,203,34,169
218000180,75,34,41
218000181,272,70,202
218000187,19,22,-3
218000188,47,38,9
218000189,9,122,-113
218000190,19,22,-3
218000191,223,18,205
218000192,360,55,305
218000193,359,125,234
218000194,179,133,46
218000195,219,23,196
218000196,627,162,465
218000197,1287,127,1160
218000198,224,31,193
218000199,85,13,72
218000200,69,52,17
218000201,34,3,31
218000202,46,929,-883
218000207,8,9,-1
218000208,38,97,-59
218000211,44,24,20
218000212,0,4,-4
218000213,233,141,92
218000214,3,25,-22
218000215,191,66,125
218000217,3,21,-18
218000218,345,44,301
218000219,17,75,-58
218000220,46,636,-590
218000221,1298,484,814
218000222,3,86,-83
218000223,99,560,-461
218000224,10,205,-195
218000225,280,13,267
218000226,431,30,401
218000230,0,16,-16
218000232,101,52,49
218000239,239,6,233
218000240,6,1,5
218000241,5,0,5
218000242,0,0,0
218000243,6,1,5
218000244,49,4,45
218000245,17,14,3
218000246,0,15,-15
218000247,3,2,1
218000248,0,70,-70
218000249,0,3,-3
218000250,0,111,-111
218000251,3,36,-33
218000252,1,109,-108
218000253,0,61,-61
218000254,0,27,-27
218000255,0,28,-28
218000256,6,67,-61
218000267,703,1210,-507
218000268,7,92,-85
218000269,6,6,0
218000270,232,20,212
218000271,6,17,-11
218000273,183,2,181
218000274,36,0,36
218000275,145,115,30
218000276,74,20,54
218000278,15,16,-1
218000279,168,38,130
218000280,1,19,-18
218000281,5,20,-15
218000282,953,1695,-742
218000284,81,2,79
218000301,42,189,-147
218000302,38,70,-32
218000303,6,68,-62
218000316,2328,634,1694
218000317,4260,394,3866
218000318,2137,322,1815
218000319,1987,489,1498
218000320,1814,703,1111
218000338,12,33,-21
218000345,229,86,143
218000346,55,261,-206
218000459,85,133,-48
218000490,24,19,5
218000501,144,66,78
218000502,239,33,206
218000503,201,30,171
218000504,152,35,117
218000505,50,36,14
218000506,8,56,-48
218000508,2,3,-1
218000510,103,24,79
218000520,194,149,45
218000521,21,20,1
218000522,0,231,-231
218000523,176,1,175
218000524,4,205,-201
218000525,110,34,76
218000526,44,176,-132
218000529,88,70,18
218000530,62,7,55
218000531,83,20,63
218000532,108,1,107
218000534,812,24,788
218000537,23,124,-101
218000538,185,354,-169
218000540,96,92,4
218000543,380,34,346
218000544,23,32,-9
218000545,330,61,269
218000546,121,19,102
218000547,333,180,153
218000548,144,44,100
218000549,1659,145,1514
218000550,228,107,121
218000551,120,225,-105
218000552,552,123,429
218000553,17,166,-149
218000554,62,47,15
218000555,88,163,-75
218000556,343,128,215
218000557,1249,115,1134
218000558,145,6,139
218000559,0,94,-94
218000560,0,22,-22
218000561,33,0,33
218000562,17,75,-58
218000563,315,19,296
218000564,0,125,-125
218000565,132,43,89
218000566,48,6,42
218000567,0,46,-46
218000568,14,0,14
218000569,1,181,-180
218000570,34,7,27
218000571,3,73,-70
218000572,138,1,137
218000573,4,85,-81
218000574,135,26,109
218000575,168,2,166
218000576,1,68,-67
218000577,168,18,150
218000578,0,70,-70
218000579,55,26,29
218000581,7,87,-80
218000582,93,2,91
218000583,0,1,-1
218000584,0,50,-50
218000585,59,9,50
218000586,8,46,-38
218000587,2,1,1
218000588,0,5,-5
218000589,0,21,-21
218000590,5,1,4
218000591,2,44,-42
218000592,6,2,4
218000593,0,0,0
218000594,0,5,-5
218000595,0,0,0
218000596,0,0,0
218000597,0,0,0
218000598,0,2,-2
218000599,4,0,4
218000600,10,1,9
218000601,2,0,2
218000602,0,3,-3
218000603,0,1,-1
218000604,5,0,5
218000605,0,38,-38
218000606,99,0,99
218000607,7,79,-72
218000608,59,25,34
218000609,1,100,-99
218000610,100,1,99
218000611,41,3,38
218000612,1,26,-25
218000613,57,30,27
218000614,1,41,-40
218000615,344,13,331
218000616,7,171,-164
218000617,3,0,3
218000618,0,43,-43
218000619,40,87,-47
218000620,5,121,-116
218000621,0,19,-19
218000622,0,128,-128
218000623,16,20,-4
218000624,0,263,-263
218000625,7,28,-21
218000626,0,22,-22
218000628,390,210,180
218000631,138,63,75
218000632,1,71,-70
218000633,77,1,76
218000634,22,5,17
218000635,17,3,14
218000636,1027,275,752
218000637,2056,140,1916
218000638,640,4,636
218000639,48,41,7
218000640,1052,16,1036
218000641,176,56,120
218000652,61,60,1
218000653,290,27,263
218000663,30,73,-43
218000675,43,59,-16
218000676,11,3,8
218000677,59,1,58
218000680,427,110,317
218000681,1166,158,1008
218000691,560,89,471
218000693,1234,132,1102
218000703,5,14,-9
218000718,17,63,-46
218000719,81,107,-26
218000720,2,98,-96
218000721,9,6,3
218000725,17,12,5
218001214,32,35,-3
218001258,495,6,489
218001329,381,78,303
218001330,26,48,-22
218001351,4,17,-13
218001352,41,25,16
218001353,5,3,2
218001354,4,42,-38
218001356,1216,95,1121
218001358,1421,8,1413
218001361,1412,12,1400
219000001,1,24,-23
219000002,37,24,13
219000003,78,42,36
219000004,82,90,-8
219000017,84,156,-72
219000020,249,31,218
219000022,249,0,249
219000023,116,4,112
219000029,0,112,-112
219000034,154,51,103
219000039,16,167,-151
219000040,25,66,-41
219000041,163,50,113
219000051,0,90,-90
219000052,0,83,-83
219000053,0,81,-81
219000054,37,89,-52
219000055,568,1,567
219000056,19,0,19
219000057,157,0,157
219000062,13,70,-57
219000063,487,2,485
219000064,1,91,-90
219000110,255,245,10
219000111,107,67,40
219000112,357,53,304
219000113,385,42,343
219000114,345,40,305
219000116,144,24,120
219000117,257,34,223
219000118,205,81,124
219000123,249,94,155
219000124,92,28,64
219000125,24,5,19
219000126,49,172,-123
219000127,0,6,-6
219000128,25,86,-61
219000129,35,84,-49
219000130,239,390,-151
219000131,1293,710,583
219000133,29,131,-102
219000134,11,69,-58
219000135,25,46,-21
219000136,92,322,-230
219000138,175,15,160
219000139,130,24,106
219000140,329,1,328
219000141,81,29,52
219000142,75,32,43
219000143,25,20,5
219000145,21,19,2
219000146,0,0,0
219000147,7,5,2
219000148,8,14,-6
219000149,2,32,-30
219000150,0,23,-23
219000151,1,0,1
219000157,641,121,520
219000158,437,159,278
219000161,545,3,542
219000163,1721,326,1395
219000166,266,192,74
219000167,153,236,-83
219000168,540,136,404
219000174,993,148,845
219000175,451,7,444
219000176,380,14,366
219000177,267,1,266
219000178,331,0,331
219000179,192,38,154
219000180,173,15,158
219000182,273,8,265
219000183,156,7,149
219000184,137,7,130
219000185,2,11,-9
219000186,146,51,95
219000187,25,46,-21
219000189,52,104,-52
219000190,102,102,0
219000191,104,645,-541
219000192,326,156,170
219000193,380,111,269
219000195,4,409,-405
219000196,3,121,-118
219000198,35,22,13
219000199,213,56,157
219000200,213,75,138
219000201,96,71,25
219000203,10,33,-23
219000204,75,269,-194
219000205,28,141,-113
219000207,72,189,-117
219000209,85,27,58
219000210,23,142,-119
219000213,40,170,-130
219000239,285,218,67
219000240,74,349,-275
219000241,131,149,-18
219000242,103,240,-137
219000243,147,244,-97
219000244,34,92,-58
219000245,26,24,2
219000246,55,31,24
219000247,517,39,478
219000248,843,625,218
219000249,363,184,179
219000250,517,68,449
219000251,1096,156,940
219000252,402,77,325
219000253,348,29,319
219000255,314,66,248
219000256,589,124,465
219000257,171,0,171
219000262,69,115,-46
219000263,73,106,-33
219000267,0,27,-27
219000268,1,3,-2
219000269,5,3,2
219000270,23,1,22
219000271,498,3,495
219000278,0,0,0
219000279,0,1,-1
219000283,0,35,-35
219000295,21,106,-85
219000296,101,249,-148
219000297,58,47,11
219000298,27,15,12
219000299,409,34,375
219000300,86,48,38
219000301,28,196,-168
219000302,19,130,-111
219000307,101,9,92
219000308,74,53,21
219000311,331,31,300
219000312,547,156,391
219000313,623,69,554
219000314,85,69,16
219000315,634,11,623
219000316,1102,84,1018
219000317,481,30,451
219000320,0,58,-58
219000321,2,53,-51
219000323,5,60,-55
219000325,0,0,0
219000326,33,38,-5
219000327,14,8,6
219000328,47,12,35
219000329,460,85,375
219000330,23,10,13
219000331,88,52,36
219000332,366,133,233
219000333,91,6,85
219000335,128,1,127
219000337,27,2,25
219000338,44,0,44
219000344,22,100,-78
219000345,94,113,-19
219000346,42,16,26
219000348,163,53,110
219000349,43,129,-86
219000350,39,232,-193
219000351,1,12,-11
219000352,90,64,26
219000353,459,43,416
219000354,838,27,811
219000355,227,46,181
219000356,576,889,-313
219000363,179,81,98
219000364,198,43,155
219000365,91,47,44
219000366,192,1207,-1015
219000368,499,509,-10
219000370,916,417,499
219000371,7,4,3
219000382,9,29,-20
219000383,278,868,-590
219000385,181,628,-447
219000386,469,1532,-1063
219000387,0,2,-2
219000390,11,0,11
219000391,8,0,8
219000397,94,8,86
219000398,19,91,-72
219000401,53,132,-79
219000402,22,65,-43
219000403,83,381,-298
219000404,9,78,-69
219000407,29,63,-34
219000409,121,31,90
219000410,157,32,125
219000411,91,10,81
219000446,85,301,-216
219000447,0,23,-23
219000448,5,4,1
219000452,141,57,84
219000453,25,123,-98
219000454,497,452,45
219000556,1120,42,1078
219000558,75,160,-85
219000590,22,287,-265
219000591,415,66,349
219000592,59,196,-137
219000595,6,10,-4
219000635,289,33,256
219000636,59,30,29
219000657,67,16,51
219000658,15,176,-161
219000673,0,12,-12
219000676,22,4,18
219000679,94,11,83
219000684,314,0,314
219000685,0,105,-105
219000686,5,4,1
219000688,0,47,-47
219000689,12,126,-114
219000690,230,8,222
219000691,38,104,-66
219000692,176,4,172
219000693,0,8,-8
219000694,37,0,37
219000695,170,4,166
219000698,30,0,30
219000699,1,132,-131
219000727,1,145,-144
219000728,175,5,170
219000770,36,0,36
219000771,0,106,-106
219000788,231,289,-58
219001150,0,92,-92
219001151,4,1,3
219001166,50,127,-77
219001167,1,52,-51
219001178,97,0,97
220000001,31,321,-290
220000002,5,169,-164
220000003,304,135,169
220000004,413,377,36
220000005,514,1340,-826
220000006,150,458,-308
220000007,556,133,423
220000008,361,538,-177
220000009,321,413,-92
220000010,61,80,-19
220000011,455,5757,-5302
220000012,55,709,-654
220000014,205,124,81
220000015,73,399,-326
220000017,62,282,-220
220000018,10350,3723,6627
220000019,274,1043,-769
220000020,807,262,545
220000021,1590,555,1035
220000022,2067,256,1811
220000023,325,152,173
220000024,1150,395,755
220000025,1079,2068,-989
220000026,593,1147,-554
220000027,33,380,-347
220000028,55,146,-91
220000029,15,89,-74
220000030,35,68,-33
220000031,1336,664,672
220000064,96,943,-847
221000046,2,2,0
221000047,0,0,0
221000048,0,2,-2
221000049,0,11,-11
221000050,22,1,21
221000055,23,85,-62
221000057,285,5,280
221000068,161,73,88
221000069,471,36,435
221000070,340,19,321
221000071,187,5,182
221000072,638,11,627
221000073,299,38,261
221000074,2,14,-12
221000075,3,19,-16
221000076,15,13,2
221000077,14,31,-17
221000081,20,7,13
221000082,96,11,85
221000083,21,2,19
221000084,1,7,-6
221000085,7,50,-43
221000086,2,54,-52
221000087,0,82,-82
221000088,12,160,-148
221000089,24,147,-123
221000090,24,253,-229
221000098,215,36,179
221000099,463,16,447
221000100,290,5,285
221000101,323,9,314
221000102,264,11,253
221000109,3,12,-9
221000110,4,13,-9
221000111,9,31,-22
221000112,1,21,-20
221000113,6,65,-59
221000114,4,67,-63
221000120,25,113,-88
221000121,1,93,-92
221000122,46,31,15
221000123,3,32,-29
221000124,32,106,-74
221000155,201,12,189
221000156,233,75,158
221000175,3,32,-29
221000176,0,10,-10
221000182,241,1,240
221000241,327,287,40
221000242,77,122,-45
221000243,618,128,490
221000244,95,280,-185
221000245,314,123,191
221000246,29,227,-198
221000247,242,161,81
221000248,118,110,8
221000267,26,766,-740
221000325,20,202,-182
221000331,0,33,-33
221000338,23,56,-33
221000378,599,74,525
221000381,70,80,-10
222000282,2,3,-1
222000296,6,32,-26
222000568,683,14,669
222000569,244,61,183
222000570,189,54,135
222000571,902,17,885
222000577,19,81,-62
222000578,2,73,-71
222000579,2,51,-49
222000580,14,860,-846
222000599,0,54,-54
222000600,0,76,-76
222000601,3,599,-596
222000603,7,88,-81
222000604,5,162,-157
222000605,28,134,-106
222000606,2,72,-70
222000607,4,21,-17
222000608,20,14,6
222000609,91,31,60
222000616,1328,37,1291
222000617,36,23,13
222000618,4,21,-17
222000620,33,37,-4
222000621,35,38,-3
222000623,883,11,872
222000624,936,29,907
222000625,2618,9,2609
222000636,37,9,28
222000686,28,42,-14
222000687,86,34,52
222001066,1461,3,1458
222001067,259,6,253
222001068,425,22,403
222001069,198,35,163
222001082,176,6,170
222001083,463,6,457
222001084,11,143,-132
222001085,2,1016,-1014
222001111,488,36,452
222001112,339,28,311
222001313,8,27,-19
222001314,2,134,-132
222001464,179,40,139
222001465,26,111,-85
222001484,496,47,449
222001485,17,12,5
222001494,1796,156,1640
222001495,155,79,76
222001496,825,60,765
222001497,215,191,24
222001502,23,35,-12
222001503,813,15,798
222001504,12,119,-107
222001505,1475,20,1455
222001506,11,112,-101
222001507,895,18,877
222001510,1621,43,1578
222001511,10,117,-107
222001514,1719,40,1679
222001515,68,119,-51
222001518,1309,21,1288
222001519,60,171,-111
222001527,432,64,368
222001528,34,98,-64
222001529,830,54,776
222001530,18,77,-59
222001533,90,119,-29
222001534,1362,46,1316
222001535,866,168,698
222001536,70,180,-110
222001537,1058,26,1032
222001538,7,214,-207
222001563,1643,70,1573
222001564,41,194,-153
222001568,214,114,100
222001576,1,6,-5
222001579,0,40,-40
222001583,38,64,-26
222001584,368,25,343
222001596,302,611,-309
222001597,2328,400,1928
222001626,0,35,-35
222001650,5,126,-121
222001651,16,162,-146
222001914,678,25,653
222001915,11,112,-101
222001968,1014,142,872
222001969,247,228,19
222001970,155,218,-63
222001971,233,11,222
222001972,33,16,17
225000001,811,68,743
225000002,1916,160,1756
225000003,2036,107,1929
225000004,1309,204,1105
225000005,50,88,-38
225000006,0,125,-125
225000007,764,1446,-682
225000010,566,15,551
225000011,397,2474,-2077
225000012,424,1141,-717
225000013,298,113,185
225000014,1038,104,934
225000015,198,202,-4
225000021,1059,79,980
225000027,309,279,30
225000032,913,113,800
225000042,136,263,-127
225000049,74,164,-90
225000050,318,36,282
225000053,4,79,-75
225000058,922,192,730
225000067,447,90,357
225000068,241,184,57
225000069,112,262,-150
225000070,193,291,-98
225000071,85,73,12
225000075,61,938,-877
225000076,131,93,38
225000078,89,31,58
225000085,389,31,358
225000086,900,15,885
225000087,206,19,187
225000088,22,177,-155
225000089,74,149,-75
225000090,26,128,-102
225000091,37,31,6
225000092,53,91,-38
225000093,678,165,513
225000094,19,144,-125
225000095,360,133,227
225000096,87,143,-56
225000098,1812,151,1661
225000099,922,36,886
225000100,1390,76,1314
225000104,170,617,-447
225000110,39,322,-283
225000111,581,371,210
225000112,712,904,-192
225000113,309,1418,-1109
225000114,153,793,-640
225000115,1381,937,444
225000116,313,104,209
225000117,557,578,-21
225000118,1834,502,1332
225000119,708,108,600
225000120,1416,76,1340
225000121,274,34,240
225000123,1112,8,1104
225000125,904,261,643
225000126,986,206,780
225000127,741,5850,-5109
225000128,460,2069,-1609
225000132,1032,27,1005
225000133,540,22,518
225000134,1186,173,1013
225000135,167,33,134
225000136,986,16,970
225000137,657,165,492
225000138,912,309,603
225000143,91,331,-240
225000144,13,357,-344
225000145,68,42,26
225000146,90,44,46
225000147,47,69,-22
225000148,1,25,-24
225000149,72,164,-92
225000151,61,70,-9
225000155,112,110,2
225000156,258,1370,-1112
225000157,730,350,380
225000158,46,145,-99
225000171,3,155,-152
225000180,39,1,38
225000181,0,239,-239
225000182,69,5,64
225000185,8,315,-307
225000187,101,281,-180
225000191,86,0,86
225000194,0,3,-3
225000208,0,111,-111
225000209,163,35,128
225000210,1,124,-123
225000217,0,50,-50
225000218,59,0,59
225000223,0,315,-315
225000224,16,6,10
225000225,0,145,-145
225000226,60,2,58
225000227,180,202,-22
225000228,3,6,-3
225000229,0,141,-141
225000230,4,0,4
225000231,0,5,-5
225000232,404,0,404
225000241,74,0,74
225000242,0,18,-18
225000249,6,0,6
225000250,60,203,-143
225000251,1044,114,930
225000254,2,231,-229
225000256,8,729,-721
225000257,0,55,-55
226000042,138,329,-191
226000043,13,183,-170
226000044,132,356,-224
226000045,70,222,-152
226000046,1492,106,1386
226000047,1176,139,1037
226000048,934,137,797
226000049,979,428,551
226000070,0,9,-9
226000071,0,51,-51
226000072,1,18,-17
226000073,0,12,-12
226000074,0,9,-9
226000084,0,14,-14
226000085,0,49,-49
226000086,0,19,-19
226000087,0,51,-51
226000088,4,27,-23
226000090,138,292,-154
226000091,16,151,-135
226000092,7,24,-17
226000093,5,2,3
226000094,4,25,-21
226000095,8,41,-33
226000105,7,0,7
226000106,27,0,27
226000107,9,0,9
226000108,27,0,27
226000109,565,1,564
226000124,453,135,318
226000134,2258,386,1872
226000135,4115,570,3545
226000136,1604,426,1178
226000137,3,97,-94
226000138,11,33,-22
226000139,0,50,-50
226000156,764,17,747
226000157,866,28,838
226000163,33,117,-84
226000202,7,66,-59
226000231,1981,7,1974
226000232,76,5,71
227000033,779,17,762
227000036,1401,10,1391
227000037,1450,25,1425
227000038,421,24,397
227000084,1,113,-112
227000085,0,144,-144
227000088,108,3,105
227000089,69,1,68
227000090,39,0,39
227000091,64,0,64
227000092,16,0,16
227000093,165,0,165
227000094,9,0,9
227000130,77,148,-71
227000131,34,168,-134
227000132,32,74,-42
227000133,40,73,-33
227000134,49,121,-72
227000152,0,1,-1
227000153,1,233,-232
227000154,0,61,-61
227000155,1,26,-25
227000156,0,19,-19
227000165,2,115,-113
227000196,899,170,729
227000199,1650,151,1499
227000230,9,301,-292
227000232,2597,69,2528
227000242,54,217,-163
227000243,524,35,489
227000245,33,221,-188
227000246,83,143,-60
227000247,1051,13,1038
227000248,271,60,211
227000249,18,144,-126
227000250,448,445,3
227000251,65,360,-295
227000252,115,122,-7
227000253,504,27,477
227000262,1139,33,1106
227000266,3809,56,3753
227000267,16,608,-592
227000282,4,93,-89
227000284,2644,22,2622
227000286,19,17,2
227000287,26,14,12
227000291,26,166,-140
227000296,436,95,341
227000484,216,7,209
227000485,4,424,-420
227000655,1230,0,1230
227000656,1750,12,1738
227000657,1270,5,1265
227000661,2082,25,2057
229000265,73,60,13
229000296,1,89,-88
229000297,4,47,-43
229000298,2,318,-316
229000320,59,1,58
229000321,65,34,31
229000412,22,105,-83
229000414,22,50,-28
229000415,8,0,8
229000416,16,4,12
229000417,16,3,13
229000419,189,349,-160
229000440,413,195,218
229000442,43,8,35
229000443,12,2,10
229000444,1,24,-23
229000445,102,3,99
229000446,148,60,88
229000491,3,6,-3
229000492,16,62,-46
229000493,7,103,-96
229000494,150,0,150
229000495,221,5,216
229000496,199,0,199
229000507,0,21,-21
229000508,1,50,-49
229000509,0,69,-69
229000510,2,26,-24
229000511,3,29,-26
229000512,0,33,-33
229000513,0,6,-6
229000514,1,3,-2
229000517,9,11,-2
229000518,21,24,-3
229000519,1,16,-15
229000520,35,31,4
229000521,105,20,85
229000522,55,4,51
229000523,12,1,11
229000524,6,3,3
229000527,3,1,2
229000528,0,0,0
229000529,11,0,11
229000530,82,1,81
229000531,157,1,156
229000532,22,0,22
229000533,55,0,55
229000534,30,0,30
229000564,271,0,271
229000565,137,1,136
229000566,0,7,-7
229000567,0,9,-9
229000582,112,4,108
229000583,43,14,29
229000584,0,2,-2
229000585,1,101,-100
229000718,0,4,-4
229000719,0,1,-1
229000720,0,10,-10
229000721,0,15,-15
229000722,0,4,-4
229000723,0,1,-1
229000724,0,15,-15
229000725,0,7,-7
229000738,0,0,0
229000739,4,0,4
229000740,0,0,0
229000741,69,0,69
229000742,17,0,17
229000743,25,0,25
229000744,0,0,0
229000745,0,0,0
229000746,23,0,23
229000847,223,1,222
229000848,214,0,214
229000849,355,1,354
229000851,443,1,442
229000854,0,14,-14
229000856,4,88,-84
229000857,0,28,-28
229000858,0,30,-30
229000919,3,8,-5
229000930,0,14,-14
229000937,192,1,191
229000966,49,22,27
229000981,16,7,9
229000985,30,11,19
229000986,0,5,-5
229000987,0,1,-1
229000988,1,7,-6
229000989,11,18,-7
229000990,3,24,-21
229000991,0,1,-1
229000992,112,9,103
229000993,480,12,468
229000998,5,41,-36
229000999,132,15,117
229001034,1,63,-62
229001035,23,5,18
229001037,109,2,107
229001042,30,11,19
229001047,1,105,-104
229001050,197,31,166
229001168,1,85,-84
229001200,63,7,56
229001338,4,6,-2
229001394,553,4,549
229001422,221,19,202
229001423,2,30,-28
229001431,66,47,19
229001432,3,59,-56
229001444,347,116,231
229001445,108,129,-21
229001479,67,0,67
229001503,665,22,643
229001504,38,28,10
229001505,230,27,203
229001506,33,26,7
229001509,198,4,194
229001545,112,38,74
229001546,2,15,-13
229001553,108,5,103
229001554,0,16,-16
229001630,174,2,172
229001631,0,105,-105
229001635,0,35,-35
229001636,0,1,-1
229001658,0,8,-8
229001659,84,48,36
229001660,0,16,-16
229001661,1,104,-103
229001662,57,0,57
229001663,0,9,-9
229002584,500,343,157
229002831,280,159,121
229002841,52,27,25
229002842,42,55,-13
229002843,91,81,10
229002844,10,122,-112
229002845,22,192,-170
229002846,13,50,-37
229002847,0,37,-37
229002848,12,57,-45
229002849,0,221,-221
229002850,27,10,17
229002851,87,306,-219
229002852,111,58,53
229002853,154,31,123
229002854,24,68,-44
229002855,3,32,-29
229002856,113,44,69
229002857,10,158,-148
229002858,11,2,9
229002859,21,53,-32
229002860,57,36,21
229002861,50,82,-32
229002862,8,67,-59
229002863,24,12,12
229002864,63,108,-45
229002865,4,25,-21
229002866,24,68,-44
229002867,1,21,-20
229002868,6,37,-31
229002869,21,84,-63
229002870,121,13,108
235000066,283,43,240
235000067,226,108,118
235000072,23,10,13
235000073,29,47,-18
235000074,43,10,33
235000080,5,32,-27
235000081,86,93,-7
235000082,484,75,409
235000083,648,164,484
235000084,15,130,-115
235000085,343,149,194
235000089,62,29,33
235000092,10,12,-2
235000093,1,0,1
235000097,2,4,-2
235000098,166,1,165
235000099,48,24,24
235000116,12,20,-8
235000117,702,24,678
235000133,7,158,-151
235000134,9,52,-43
235000206,0,3,-3
235000207,0,7,-7
235000208,2,0,2
235000209,4,3,1
235000210,3,1,2
235000212,2,12,-10
235000213,0,9,-9
235000220,2,4,-2
235000221,5,75,-70
235000238,32,311,-279
235000239,0,44,-44
235000242,307,1426,-1119
235000245,419,257,162
235000246,24,51,-27
235000284,1,61,-60
235000295,90,5,85
235000305,597,5,592
235000306,829,5,824
235000307,99,2,97
235000308,11,0,11
235000309,116,0,116
235000310,65,0,65
235000311,74,61,13
235000322,0,123,-123
235000323,0,38,-38
235000324,0,63,-63
235000325,2,36,-34
235000326,25,86,-61
235000351,1,61,-60
235000352,13,49,-36
235000353,6,21,-15
235000354,20,18,2
235000355,21,345,-324
235000356,98,6,92
235000357,96,8,88
235000358,69,3,66
235000359,18,0,18
235000360,201,6,195
235000361,91,7,84
235000381,183,66,117
235000382,279,52,227
235000390,4,2,2
235000391,238,13,225
235000392,271,128,143
235000393,202,132,70
235000395,208,30,178
235000396,717,49,668
235000400,31,99,-68
235000401,19,109,-90
235000405,112,125,-13
235000406,10,54,-44
235000407,68,26,42
235000409,182,45,137
235000410,79,105,-26
235000411,1,55,-54
235000485,0,1,-1
235000486,3,0,3
235000549,158,72,86
235000550,107,63,44
235000599,177,5,172
235000600,1,3,-2
235000601,3,27,-24
235000602,231,42,189
235000614,0,8,-8
235000648,0,1,-1
235000649,89,5,84
235000685,0,5,-5
235000815,5,20,-15
235000834,0,16,-16
235000855,67,20,47
235000862,21,42,-21
235000891,0,1,-1
235000892,16,0,16
235000901,36,31,5
235000907,1,20,-19
235001010,254,59,195
235001029,142,111,31
235001030,167,29,138
235001078,144,89,55
235001079,55,12,43
235001147,4,108,-104
235001166,7,8,-1
235001167,40,5,35
235001169,46,202,-156
235001188,0,10,-10
235001189,1,0,1
235001197,2,34,-32
235001200,35,8,27
235001207,332,65,267
235001210,3,74,-71
235001215,18,47,-29
235001239,0,4,-4
235001244,0,12,-12
235016267,0,163,-163
277101746,0,1,-1
277102712,0,1,-1
277103813,0,0,0
277103814,0,0,0
277103898,0,1,-1
277104249,0,3,-3
277104250,2,28,-26
277104251,0,6,-6
277104252,0,4,-4
990011530,0,173,-173
990014944,0,132,-132
990015176,30,4,26
990015618,0,170,-170
990016032,1,524,-523
990032570,1,2264,-2263
990070001,66,5,61
990070103,1,1,0
990070601,0,29,-29
990070751,4392,3,4389
990070766,0,134,-134
990071180,741,107,634
990071343,16,2,14
990071387,0,3,-3
990071823,964,3,961
990072600,3,456,-453
990072964,2,167,-165
990073285,0,0,0
990074393,1,555,-554
990074870,3824,14,3810
990075106,597,2,595
990075746,824,14,810
990076437,8846,5,8841
990076458,1,400,-399
997000007,473,1,472
997000041,1,384,-383
997000058,85,0,85
997000062,14,0,14
997000069,0,2,-2
997000070,0,102,-102
997000100,316,19,297
997000141,0,96,-96
997000198,0,83,-83
998000475,0,5,-5
998000736,0,773,-773
998000965,0,49,-49
998001031,0,176,-176
998001700,0,52,-52
998001899,0,0,0
998001900,12,1,11
998003073,2473,0,2473
998101900,0,0,0
998102850,0,132,-132
998501927,381,964,-583
998501929,284,3,281
998501930,128,1,127
998501931,338,16,322
998501932,13,0,13
998501933,48,0,48
998501937,27,1,26
998501944,4,0,4
998501970,618,120,498
998501971,1,292,-291
998501973,0,4,-4
998501974,2,80,-78
998501975,100,2,98
998501976,245,4,241
998501977,11,31,-20
998501978,13,0,13
998501979,0,1,-1
998501980,364,29,335
998501981,99,0,99
998501982,0,113,-113
998501983,0,0,0
998502006,0,0,0
998502024,0,1,-1
998502032,0,1,-1
998502062,7,0,7
998502063,0,0,0
998502173,4,0,4
998502269,0,2,-2
998601159,0,11,-11
998601292,0,35,-35
999033574,1,244,-243
999800001,54,10,44
999800002,0,3,-3
999800003,1,3,-2
999800004,0,1,-1
999800005,0,22,-22
